county,administered_date,total_doses,cumulative_total_doses,pfizer_doses,cumulative_pfizer_doses,moderna_doses,cumulative_moderna_doses,jj_doses,cumulative_jj_doses,partially_vaccinated,total_partially_vaccinated,fully_vaccinated,cumulative_fully_vaccinated,at_least_one_dose,cumulative_at_least_one_dose,california_flag
All CA Counties,2020-12-15,1141,1141,1141,1141,0,0,0,0,1141,1141,0,0,1141,1141,
All CA Counties,2020-12-16,8438,9579,8438,9579,0,0,0,0,8438,9579,0,0,8438,9579,
All CA Counties,2020-12-17,25885,35464,25885,35464,0,0,0,0,25887,35466,0,0,25887,35466,
All CA Counties,2020-12-18,43919,79383,43863,79327,56,56,0,0,43920,79386,0,0,43920,79386,
All CA Counties,2020-12-19,25322,104705,25297,104624,25,81,0,0,25321,104706,1,1,25321,104707,
All CA Counties,2020-12-20,19058,123763,19031,123655,27,108,0,0,19057,123762,1,2,19057,123764,
All CA Counties,2020-12-21,49804,173567,49717,173372,87,195,0,0,49806,173567,2,4,49807,173571,
All CA Counties,2020-12-22,50196,223763,48067,221439,2129,2324,0,0,50194,223760,1,5,50194,223765,
All CA Counties,2020-12-23,50818,274581,42032,263471,8786,11110,0,0,50814,274573,4,9,50817,274582,
All CA Counties,2020-12-24,24180,298761,16457,279928,7723,18833,0,0,24177,298749,3,12,24179,298761,
All CA Counties,2020-12-25,2365,301126,2042,281970,323,19156,0,0,2365,301114,0,12,2365,301126,
All CA Counties,2020-12-26,14709,315835,9465,291435,5244,24400,0,0,14707,315820,1,13,14707,315833,
All CA Counties,2020-12-27,9441,325276,5590,297025,3851,28251,0,0,9440,325259,1,14,9440,325273,
All CA Counties,2020-12-28,45892,371168,29437,326462,16455,44706,0,0,45890,371146,3,17,45890,371163,
All CA Counties,2020-12-29,51012,422180,28440,354902,22572,67278,0,0,51008,422151,3,20,51008,422171,
All CA Counties,2020-12-30,62894,485074,35532,390434,27362,94640,0,0,62886,485034,6,26,62889,485060,
All CA Counties,2020-12-31,29352,514426,10860,401294,18492,113132,0,0,29343,514371,7,33,29344,514404,
All CA Counties,2021-01-01,4242,518668,1898,403192,2344,115476,0,0,4238,518606,3,36,4238,518642,
All CA Counties,2021-01-02,18449,537117,10194,413386,8255,123731,0,0,18448,537054,0,36,18448,537090,
All CA Counties,2021-01-03,6172,543289,3494,416880,2678,126409,0,0,6143,543185,12,48,6143,543233,
All CA Counties,2021-01-04,43596,586885,22090,438970,21506,147915,0,0,43517,586660,42,90,43517,586750,
All CA Counties,2021-01-05,56512,643397,29783,468753,26729,174644,0,0,51048,632394,5407,5497,51141,637891,
All CA Counties,2021-01-06,73355,716752,40479,509232,32876,207520,0,0,57954,675161,15222,20719,57989,695880,
All CA Counties,2021-01-07,92027,808779,52327,561559,39700,247220,0,0,61328,706014,30528,51247,61381,757261,
All CA Counties,2021-01-08,106694,915473,64088,625647,42606,289826,0,0,65495,730511,41065,92312,65562,822823,
All CA Counties,2021-01-09,44325,959798,25493,651140,18832,308658,0,0,27798,741834,16503,108815,27826,850649,
All CA Counties,2021-01-10,24311,984109,14852,665992,9459,318117,0,0,13078,743714,11216,120031,13096,863745,
All CA Counties,2021-01-11,104486,1088595,69518,735510,34968,353085,0,0,60638,760716,43806,163837,60808,924553,
All CA Counties,2021-01-12,113403,1201998,67094,802604,46309,399394,0,0,72393,792411,40931,204768,72626,997179,
All CA Counties,2021-01-13,119081,1321079,61751,864355,57330,456724,0,0,85371,844238,33624,238392,85451,1082630,
All CA Counties,2021-01-14,123734,1444813,49582,913937,74152,530876,0,0,104160,929093,19469,257861,104324,1186954,
All CA Counties,2021-01-15,141785,1586598,51771,965708,90014,620890,0,0,126735,1041079,14957,272818,126943,1313897,
All CA Counties,2021-01-16,80407,1667005,27333,993041,53074,673964,0,0,72846,1106441,7534,280352,72896,1386793,
All CA Counties,2021-01-17,48218,1715223,16828,1009869,31390,705354,0,0,44571,1147420,3640,283992,44619,1431412,
All CA Counties,2021-01-18,88110,1803333,45971,1055840,42139,747493,0,0,68823,1197196,19212,303204,68988,1500400,
All CA Counties,2021-01-19,141895,1945228,73621,1129461,68274,815767,0,0,110765,1277245,31039,334243,111088,1611488,
All CA Counties,2021-01-20,160212,2105440,81880,1211341,78332,894099,0,0,126648,1370804,33346,367589,126905,1738393,
All CA Counties,2021-01-21,173245,2278685,76830,1288171,96415,990514,0,0,154158,1506435,18877,386466,154508,1892901,
All CA Counties,2021-01-22,169411,2448096,69162,1357333,100249,1090763,0,0,155138,1647578,14140,400606,155283,2048184,
All CA Counties,2021-01-23,111260,2559356,49444,1406777,61816,1152579,0,0,98755,1734001,12447,413053,98870,2147054,
All CA Counties,2021-01-24,60941,2620297,29459,1436236,31482,1184061,0,0,56296,1785744,4614,417667,56357,2203411,
All CA Counties,2021-01-25,145059,2765356,65357,1501593,79702,1263763,0,0,109970,1861110,34962,452629,110328,2313739,
All CA Counties,2021-01-26,168720,2934076,82830,1584423,85890,1349653,0,0,131215,1955209,37372,490001,131471,2445210,
All CA Counties,2021-01-27,182311,3116387,87807,1672230,94504,1444157,0,0,142974,2059379,39017,529018,143187,2588397,
All CA Counties,2021-01-28,187596,3303983,86537,1758767,101059,1545216,0,0,153514,2179311,33795,562813,153727,2742124,
All CA Counties,2021-01-29,183517,3487500,88209,1846976,95308,1640524,0,0,148881,2294302,34065,596878,149056,2891180,
All CA Counties,2021-01-30,123378,3610878,55616,1902592,67762,1708286,0,0,107985,2387198,15230,612108,108126,2999306,
All CA Counties,2021-01-31,69075,3679953,38666,1941258,30409,1738695,0,0,64290,2446805,4736,616844,64343,3063649,
All CA Counties,2021-02-01,161748,3841701,75875,2017133,85873,1824568,0,0,121055,2527460,40533,657377,121188,3184837,
All CA Counties,2021-02-02,184984,4026685,77861,2094994,107123,1931691,0,0,140562,2624100,44146,701523,140786,3325623,
All CA Counties,2021-02-03,210694,4237379,95410,2190404,115284,2046975,0,0,156359,2726878,53838,755361,156616,3482239,
All CA Counties,2021-02-04,227617,4464996,99701,2290105,127916,2174891,0,0,167067,2834296,60015,815376,167433,3649672,
All CA Counties,2021-02-05,245826,4710822,106340,2396445,139486,2314377,0,0,167100,2923977,77954,893330,167635,3817307,
All CA Counties,2021-02-06,154778,4865600,74860,2471305,79918,2394295,0,0,120028,3009914,34584,927914,120521,3937828,
All CA Counties,2021-02-07,66835,4932435,43219,2514524,23616,2417911,0,0,50402,3044413,16354,944268,50853,3988681,
All CA Counties,2021-02-08,180851,5113286,89001,2603525,91850,2509761,0,0,119374,3103487,61047,1005315,120121,4108802,
All CA Counties,2021-02-09,211266,5324552,102156,2705681,109110,2618871,0,0,126693,3147205,84125,1089440,127843,4236645,
All CA Counties,2021-02-10,248326,5572878,119634,2825315,128692,2747563,0,0,137873,3176917,109640,1199080,139352,4375997,
All CA Counties,2021-02-11,265177,5838055,131304,2956619,133873,2881436,0,0,144941,3204523,119126,1318206,146732,4522729,
All CA Counties,2021-02-12,272090,6110145,119271,3075890,152819,3034255,0,0,146893,3229448,124337,1442543,149262,4671991,
All CA Counties,2021-02-13,166750,6276895,77254,3153144,89496,3123751,0,0,92194,3249407,74188,1516731,94147,4766138,
All CA Counties,2021-02-14,95258,6372153,47380,3200524,47878,3171629,0,0,51531,3258919,43563,1560294,53075,4819213,
All CA Counties,2021-02-15,142292,6514445,62399,3262923,79893,3251522,0,0,78747,3277616,63171,1623465,81868,4901081,
All CA Counties,2021-02-16,248723,6763168,118002,3380925,130721,3382243,0,0,133103,3298573,115240,1738705,136197,5037278,
All CA Counties,2021-02-17,258837,7022005,128793,3509718,130044,3512287,0,0,128939,3301362,129357,1868062,132146,5169424,
All CA Counties,2021-02-18,272410,7294415,142061,3651779,130349,3642636,0,0,131737,3297338,139973,2008035,135949,5305373,
All CA Counties,2021-02-19,252350,7546765,146348,3798127,106002,3748638,0,0,130308,3308183,121549,2129584,132394,5437767,
All CA Counties,2021-02-20,152657,7699422,97882,3896009,54775,3803413,0,0,84066,3325897,68331,2197915,86045,5523812,
All CA Counties,2021-02-21,82027,7781449,67982,3963991,14045,3817458,0,0,41276,3328242,40514,2238429,42859,5566671,
All CA Counties,2021-02-22,163762,7945211,109827,4073818,53935,3871393,0,0,82068,3330679,81376,2319805,83813,5650484,
All CA Counties,2021-02-23,225299,8170510,119322,4193140,105977,3977370,0,0,104870,3321702,119833,2439638,110856,5761340,
All CA Counties,2021-02-24,282878,8453388,142968,4336108,139910,4117280,0,0,134240,3315474,148012,2587650,141784,5903124,
All CA Counties,2021-02-25,319817,8773205,157424,4493532,162393,4279673,0,0,167328,3339551,151795,2739445,175872,6078996,
All CA Counties,2021-02-26,353258,9126463,164355,4657887,188903,4468576,0,0,196917,3388303,155433,2894878,204185,6283181,
All CA Counties,2021-02-27,251374,9377837,122122,4780009,129230,4597806,22,22,142743,3427467,108012,3002890,147176,6430357,
All CA Counties,2021-02-28,130370,9508207,77961,4857970,52403,4650209,6,28,76120,3452607,53827,3056717,78967,6509324,
All CA Counties,2021-03-01,239916,9748123,127804,4985774,112013,4762222,99,127,138496,3494534,100667,3157384,142594,6651918,
All CA Counties,2021-03-02,288930,10037053,146175,5131949,142729,4904951,26,153,174371,3561767,114047,3271431,181280,6833198,
All CA Counties,2021-03-03,331982,10369035,164769,5296718,167155,5072106,58,211,191293,3620419,140007,3411438,198659,7031857,
All CA Counties,2021-03-04,351073,10720108,177728,5474446,173255,5245361,90,301,206195,3689598,144131,3555569,213310,7245167,
All CA Counties,2021-03-05,339557,11059665,167103,5641549,171330,5416691,1124,1425,211512,3782265,127236,3682805,219903,7465070,
All CA Counties,2021-03-06,259526,11319191,133251,5774800,118425,5535116,7850,9275,161509,3858724,97604,3780409,174063,7639133,
All CA Counties,2021-03-07,127637,11446828,78489,5853289,44999,5580115,4149,13424,79998,3899094,47454,3827863,87824,7726957,
All CA Counties,2021-03-08,218828,11665656,106265,5959554,102117,5682232,10446,23870,143357,3982775,75087,3902950,158768,7885725,
All CA Counties,2021-03-09,291378,11957034,139375,6098929,136126,5818358,15877,39747,163670,4039156,127228,4030178,183609,8069334,
All CA Counties,2021-03-10,322551,12279585,160946,6259875,137162,5955520,24443,64190,174984,4095838,146917,4177095,203599,8272933,
All CA Counties,2021-03-11,376485,12656070,181982,6441857,161196,6116716,33307,97497,193601,4145013,181954,4359049,231129,8504062,
All CA Counties,2021-03-12,395111,13051181,176674,6618531,172154,6288870,46283,143780,194384,4190072,199930,4558979,244989,8749051,
All CA Counties,2021-03-13,283350,13334531,124899,6743430,127335,6416205,31116,174896,153421,4249541,129481,4688460,188950,8938001,
All CA Counties,2021-03-14,154903,13489434,83289,6826719,56528,6472733,15086,189982,78903,4270089,75719,4764179,96267,9034268,
All CA Counties,2021-03-15,290512,13779946,138826,6965545,131133,6603866,20553,210535,158412,4321064,131371,4895550,182346,9216614,
All CA Counties,2021-03-16,370150,14150096,173869,7139414,178990,6782856,17291,227826,214953,4402063,154465,5050015,235464,9452078,
All CA Counties,2021-03-17,383537,14533633,189718,7329132,175275,6958131,18544,246370,237910,4516226,144815,5194830,258978,9711056,
All CA Counties,2021-03-18,400693,14934326,205279,7534411,177434,7135565,17980,264350,238759,4614198,160844,5355674,258816,9969872,
All CA Counties,2021-03-19,410677,15345003,215939,7750350,173160,7308725,21578,285928,239734,4707521,169972,5525646,263295,10233167,
All CA Counties,2021-03-20,294749,15639752,155057,7905407,123834,7432559,15858,301786,187002,4804733,107089,5632735,204301,10437468,
All CA Counties,2021-03-21,143694,15783446,99344,8004751,36825,7469384,7525,309311,90206,4850692,53129,5685864,99088,10536556,
All CA Counties,2021-03-22,273149,16056595,159130,8163881,102819,7572203,11200,320511,178998,4950522,93378,5779242,193208,10729764,
All CA Counties,2021-03-23,357129,16413724,196609,8360490,149460,7721663,11060,331571,219774,5047501,136448,5915690,233427,10963191,
All CA Counties,2021-03-24,387333,16801057,222004,8582494,152869,7874532,12460,344031,226037,5128047,160063,6075753,240609,11203800,
All CA Counties,2021-03-25,417534,17218591,230216,8812710,172503,8047035,14815,358846,237306,5203413,178930,6254683,254296,11458096,
All CA Counties,2021-03-26,434838,17653429,232797,9045507,185969,8233004,16072,374918,235358,5259444,198276,6452959,254307,11712403,
All CA Counties,2021-03-27,312378,17965807,166465,9211972,134132,8367136,11781,386699,158117,5278152,153451,6606410,172159,11884562,
All CA Counties,2021-03-28,169175,18134982,108937,9320909,56654,8423790,3584,390283,89661,5294259,79066,6685476,95173,11979735,
All CA Counties,2021-03-29,310110,18445092,167428,9488337,133637,8557427,9045,399328,173380,5343239,135974,6821450,184954,12164689,
All CA Counties,2021-03-30,398116,18843208,201886,9690223,178036,8735463,18194,417522,224221,5414345,173110,6994560,244216,12408905,
All CA Counties,2021-03-31,426082,19269290,232022,9922245,172393,8907856,21667,439189,238346,5488730,186732,7181292,261117,12670022,
All CA Counties,2021-04-01,491368,19760658,252039,10174284,199105,9106961,40224,479413,271599,5583385,218466,7399758,313121,12983143,
All CA Counties,2021-04-02,473365,20234023,230913,10405197,199325,9306286,43127,522540,257452,5671091,214697,7614455,302403,13285546,
All CA Counties,2021-04-03,329358,20563381,167798,10572995,120155,9426441,41405,563945,164320,5713577,164411,7778866,206897,13492443,
All CA Counties,2021-04-04,132415,20695796,69095,10642090,44301,9470742,19019,582964,58141,5716910,73979,7852845,77312,13569755,
All CA Counties,2021-04-05,353066,21048862,182094,10824184,131303,9602045,39669,622633,174230,5755199,178154,8030999,216443,13786198,
All CA Counties,2021-04-06,457062,21505924,231738,11055922,159862,9761907,65462,688095,221866,5810448,234280,8265279,289529,14075727,
All CA Counties,2021-04-07,471619,21977543,245037,11300959,156706,9918613,69876,757971,230037,5871209,240661,8505940,301422,14377149,
All CA Counties,2021-04-08,499103,22476646,252043,11553002,162819,10081432,84241,842212,235259,5931108,262747,8768687,322646,14699795,
All CA Counties,2021-04-09,494055,22970701,246521,11799523,167861,10249293,79673,921885,227961,5977711,265086,9033773,311689,15011484,
All CA Counties,2021-04-10,366581,23337282,167864,11967387,124607,10373900,74110,995995,154002,5997214,211871,9245644,231374,15242858,
All CA Counties,2021-04-11,187202,23524484,105067,12072454,48046,10421946,34089,1030084,77435,6002403,109433,9355077,114622,15357480,
All CA Counties,2021-04-12,338792,23863276,173981,12246435,126792,10548738,38019,1068103,157058,6020524,180815,9535892,198936,15556416,
All CA Counties,2021-04-13,431242,24294518,241380,12487815,188924,10737662,938,1069041,241031,6076450,189249,9725141,245175,15801591,
All CA Counties,2021-04-14,449744,24744262,252348,12740163,197111,10934773,285,1069326,234957,6102813,213664,9938805,240027,16041618,
All CA Counties,2021-04-15,489788,25234050,285485,13025648,204063,11138836,240,1069566,274854,6167204,213530,10152335,277921,16319539,
All CA Counties,2021-04-16,474060,25708110,266997,13292645,206755,11345591,308,1069874,253047,6203137,219833,10372168,255766,16575305,
All CA Counties,2021-04-17,340709,26048819,190818,13483463,149848,11495439,43,1069917,193867,6254151,146033,10518201,197047,16772352,
All CA Counties,2021-04-18,154230,26203049,97793,13581256,56420,11551859,17,1069934,79412,6262147,74429,10592630,82425,16854777,
All CA Counties,2021-04-19,317023,26520072,182995,13764251,133939,11685798,89,1070023,150009,6247979,166141,10758771,151973,17006750,
All CA Counties,2021-04-20,406234,26926306,216206,13980457,189960,11875758,68,1070091,202463,6250835,202755,10961526,205611,17212361,
All CA Counties,2021-04-21,419364,27345670,237956,14218413,181144,12056902,264,1070355,201600,6239418,216379,11177905,204962,17417323,
All CA Counties,2021-04-22,445632,27791302,254091,14472504,191466,12248368,75,1070430,199034,6196445,245267,11423172,202294,17619617,
All CA Counties,2021-04-23,436984,28228286,249024,14721528,187872,12436240,88,1070518,197736,6159693,237879,11661051,201127,17820744,
All CA Counties,2021-04-24,324455,28552741,204695,14926223,119587,12555827,173,1070691,164913,6169422,158598,11819649,168327,17989071,
All CA Counties,2021-04-25,149409,28702150,98628,15024851,50715,12606542,66,1070757,80491,6182929,68480,11888129,81987,18071058,
All CA Counties,2021-04-26,280931,28983081,164409,15189260,115014,12721556,1508,1072265,122332,6153445,157666,12045795,128182,18199240,
All CA Counties,2021-04-27,352131,29335212,195921,15385181,150568,12872124,5642,1077907,141909,6094936,209127,12254922,150618,18349858,
All CA Counties,2021-04-28,347146,29682358,199253,15584434,140061,13012185,7832,1085739,141345,6041634,204777,12459699,151475,18501333,
All CA Counties,2021-04-29,355890,30038248,205038,15789472,143007,13155192,7845,1093584,128141,5952808,226638,12686337,137812,18639145,
All CA Counties,2021-04-30,371327,30409575,213208,16002680,149290,13304482,8829,1102413,140336,5874126,229779,12916116,151097,18790242,
All CA Counties,2021-05-01,246464,30656039,157723,16160403,82718,13387200,6023,1108436,89464,5815598,156226,13072342,97698,18887940,
All CA Counties,2021-05-02,116714,30772753,81572,16241975,31277,13418477,3865,1112301,40909,5785325,75421,13147763,45148,18933088,
All CA Counties,2021-05-03,250993,31023746,154827,16396802,87506,13505983,8660,1120961,76082,5696808,174109,13321872,85592,19018680,
All CA Counties,2021-05-04,324504,31348250,197910,16594712,116893,13622876,9701,1130662,95845,5575890,227617,13549489,106699,19125379,
All CA Counties,2021-05-05,328229,31676479,204180,16798892,114076,13736952,9973,1140635,92471,5444722,234584,13784073,103416,19228795,
All CA Counties,2021-05-06,346774,32023253,226418,17025310,109868,13846820,10488,1151123,88295,5289083,256922,14040995,101283,19330078,
All CA Counties,2021-05-07,343729,32366982,215567,17240877,118362,13965182,9800,1160923,93385,5144467,249031,14290026,104415,19434493,
All CA Counties,2021-05-08,222920,32589902,141315,17382192,74931,14040113,6674,1167597,61253,5053197,160632,14450658,69362,19503855,
All CA Counties,2021-05-09,93010,32682912,69926,17452118,20112,14060225,2972,1170569,25450,5014935,67113,14517771,28851,19532706,
All CA Counties,2021-05-10,200159,32883071,113950,17566068,78477,14138702,7732,1178301,49718,4924086,149570,14667341,58721,19591427,
All CA Counties,2021-05-11,258379,33141450,144751,17710819,105522,14244224,8106,1186407,68072,4812502,189416,14856757,77832,19669259,
All CA Counties,2021-05-12,252021,33393471,144761,17855580,98925,14343149,8335,1194742,68987,4708795,182077,15038834,78370,19747629,
All CA Counties,2021-05-13,289648,33683119,185884,18041464,96728,14439877,7036,1201778,107967,4645748,180556,15219390,117509,19865138,
All CA Counties,2021-05-14,331641,34014760,212377,18253841,110542,14550419,8722,1210500,130948,4587964,199554,15418944,141770,20006908,
All CA Counties,2021-05-15,273126,34287886,190976,18444817,76313,14626732,5837,1216337,112263,4546979,160051,15578995,119066,20125974,
All CA Counties,2021-05-16,134848,34422734,103248,18548065,28681,14655413,2919,1219256,54789,4525469,79631,15658626,58121,20184095,
All CA Counties,2021-05-17,236876,34659610,156284,18704349,73303,14728716,7289,1226545,98930,4495525,137109,15795735,107165,20291260,
All CA Counties,2021-05-18,277215,34936825,169450,18873799,100447,14829163,7318,1233863,112946,4454031,163152,15958887,121658,20412918,
All CA Counties,2021-05-19,271655,35208480,169860,19043659,94330,14923493,7465,1241328,116321,4424608,154322,16113209,124899,20537817,
All CA Counties,2021-05-20,222720,35431200,133291,19176950,82131,15005624,7298,1248626,89017,4389440,132761,16245970,97593,20635410,
All CA Counties,2021-05-21,239625,35670825,148404,19325354,84137,15089761,7084,1255710,93774,4346481,144821,16390791,101862,20737272,
All CA Counties,2021-05-22,166972,35837797,112404,19437758,49112,15138873,5456,1261166,73470,4333387,92907,16483698,79813,20817085,
All CA Counties,2021-05-23,61271,35899068,46058,19483816,13085,15151958,2128,1263294,28433,4331612,32559,16516257,30784,20847869,
All CA Counties,2021-05-24,164878,36063946,95828,19579644,60902,15212860,8148,1271442,64700,4305876,99419,16615676,73683,20921552,
All CA Counties,2021-05-25,185923,36249869,109430,19689074,68669,15281529,7824,1279266,73187,4276227,111768,16727444,82119,21003671,
All CA Counties,2021-05-26,179134,36429003,102928,19792002,68597,15350126,7609,1286875,71932,4250455,106195,16833639,80423,21084094,
All CA Counties,2021-05-27,168421,36597424,96231,19888233,63911,15414037,8279,1295154,70149,4232614,97488,16931127,79647,21163741,
All CA Counties,2021-05-28,184095,36781519,106320,19994553,70890,15484927,6885,1302039,80403,4218368,102819,17033946,88573,21252314,
All CA Counties,2021-05-29,104318,36885837,64395,20058948,36191,15521118,3732,1305771,50231,4219342,53582,17087528,54556,21306870,
All CA Counties,2021-05-30,46300,36932137,30547,20089495,13336,15534454,2417,1308188,20791,4217536,25294,17112822,23488,21330358,
All CA Counties,2021-05-31,19645,36951782,11624,20101119,7061,15541515,960,1309148,6531,4212170,12996,17125818,7630,21337988,
All CA Counties,2021-06-01,163691,37115473,95811,20196930,61074,15602589,6806,1315954,62306,4181813,100492,17226310,70135,21408123,
All CA Counties,2021-06-02,136456,37251929,81011,20277941,48632,15651221,6813,1322767,55354,4164476,80276,17306586,62939,21471062,
All CA Counties,2021-06-03,91452,37343381,63959,20341900,22705,15673926,4788,1327555,25377,4129533,65668,17372254,30725,21501787,
All CA and Non-CA Counties,2020-12-15,1148,1148,1148,1148,0,0,0,0,1148,1148,0,0,1148,1148,
All CA and Non-CA Counties,2020-12-16,8711,9859,8711,9859,0,0,0,0,8711,9859,0,0,8711,9859,
All CA and Non-CA Counties,2020-12-17,27489,37348,27489,37348,0,0,0,0,27489,37348,0,0,27489,37348,
All CA and Non-CA Counties,2020-12-18,46473,83821,46410,83758,63,63,0,0,46473,83821,0,0,46473,83821,
All CA and Non-CA Counties,2020-12-19,26359,110180,26333,110091,26,89,0,0,26358,110178,1,1,26358,110179,
All CA and Non-CA Counties,2020-12-20,19740,129920,19710,129801,30,119,0,0,19739,129916,1,2,19739,129918,
All CA and Non-CA Counties,2020-12-21,51998,181918,51908,181709,90,209,0,0,51996,181911,2,4,51997,181915,
All CA and Non-CA Counties,2020-12-22,52283,234201,50080,231789,2203,2412,0,0,52281,234191,1,5,52281,234196,
All CA and Non-CA Counties,2020-12-23,52354,286555,43427,275216,8927,11339,0,0,52349,286539,4,9,52352,286548,
All CA and Non-CA Counties,2020-12-24,24985,311540,17069,292285,7916,19255,0,0,24982,311520,3,12,24984,311532,
All CA and Non-CA Counties,2020-12-25,2399,313939,2071,294356,328,19583,0,0,2399,313919,0,12,2399,313931,
All CA and Non-CA Counties,2020-12-26,15016,328955,9668,304024,5348,24931,0,0,15014,328932,1,13,15014,328945,
All CA and Non-CA Counties,2020-12-27,9631,338586,5664,309688,3967,28898,0,0,9630,338561,1,14,9630,338575,
All CA and Non-CA Counties,2020-12-28,47309,385895,30333,340021,16976,45874,0,0,47306,385864,3,17,47306,385881,
All CA and Non-CA Counties,2020-12-29,52558,438453,29456,369477,23102,68976,0,0,52554,438415,3,20,52554,438435,
All CA and Non-CA Counties,2020-12-30,64865,503318,36815,406292,28050,97026,0,0,64857,503269,6,26,64860,503295,
All CA and Non-CA Counties,2020-12-31,30472,533790,11462,417754,19010,116036,0,0,30461,533723,8,34,30462,533757,
All CA and Non-CA Counties,2021-01-01,4354,538144,1923,419677,2431,118467,0,0,4350,538070,3,37,4350,538107,
All CA and Non-CA Counties,2021-01-02,18689,556833,10326,430003,8363,126830,0,0,18687,556756,1,38,18687,556794,
All CA and Non-CA Counties,2021-01-03,6342,563175,3584,433587,2758,129588,0,0,6313,563057,12,50,6313,563107,
All CA and Non-CA Counties,2021-01-04,44750,607925,22607,456194,22143,151731,0,0,44665,607679,43,93,44665,607772,
All CA and Non-CA Counties,2021-01-05,58058,665983,30599,486793,27459,179190,0,0,52402,654578,5597,5690,52496,660268,
All CA and Non-CA Counties,2021-01-06,76067,742050,42080,528873,33987,213177,0,0,59925,698579,15959,21649,59960,720228,
All CA and Non-CA Counties,2021-01-07,96237,838287,54927,583800,41310,254487,0,0,63883,730336,32181,53830,63938,784166,
All CA and Non-CA Counties,2021-01-08,111208,949495,67008,650808,44200,298687,0,0,68136,755613,42929,96759,68206,852372,
All CA and Non-CA Counties,2021-01-09,45648,995143,26027,676835,19621,318308,0,0,28794,767607,16830,113589,28824,881196,
All CA and Non-CA Counties,2021-01-10,24616,1019759,15034,691869,9582,327890,0,0,13262,769550,11337,124926,13280,894476,
All CA and Non-CA Counties,2021-01-11,107806,1127565,71545,763414,36261,364151,0,0,62628,787213,45135,170061,62798,957274,
All CA and Non-CA Counties,2021-01-12,117287,1244852,69420,832834,47867,412018,0,0,74735,819717,42468,212529,74972,1032246,
All CA and Non-CA Counties,2021-01-13,122768,1367620,63563,896397,59205,471223,0,0,87886,872889,34797,247326,87969,1120215,
All CA and Non-CA Counties,2021-01-14,127457,1495077,50861,947258,76596,547819,0,0,107243,960202,20096,267422,107409,1227624,
All CA and Non-CA Counties,2021-01-15,146032,1641109,52770,1000028,93262,641081,0,0,130514,1075512,15412,282834,130722,1358346,
All CA and Non-CA Counties,2021-01-16,83109,1724218,27724,1027752,55385,696466,0,0,75372,1143226,7708,290542,75422,1433768,
All CA and Non-CA Counties,2021-01-17,48724,1772942,16986,1044738,31738,728204,0,0,45026,1184609,3691,294233,45074,1478842,
All CA and Non-CA Counties,2021-01-18,89357,1862299,46789,1091527,42568,770772,0,0,69614,1234721,19667,313900,69779,1548621,
All CA and Non-CA Counties,2021-01-19,145991,2008290,74964,1166491,71027,841799,0,0,113969,1317086,31930,345830,114295,1662916,
All CA and Non-CA Counties,2021-01-20,164724,2173014,83366,1249857,81358,923157,0,0,130171,1413183,34332,380162,130429,1793345,
All CA and Non-CA Counties,2021-01-21,177440,2350454,78009,1327866,99431,1022588,0,0,157790,1551896,19427,399589,158140,1951485,
All CA and Non-CA Counties,2021-01-22,174090,2524544,70284,1398150,103806,1126394,0,0,159415,1696919,14538,414127,159561,2111046,
All CA and Non-CA Counties,2021-01-23,113547,2638091,49785,1447935,63762,1190156,0,0,100880,1785305,12609,426736,100995,2212041,
All CA and Non-CA Counties,2021-01-24,61551,2699642,29707,1477642,31844,1222000,0,0,56830,1837505,4691,431427,56891,2268932,
All CA and Non-CA Counties,2021-01-25,149613,2849255,67326,1544968,82287,1304287,0,0,113619,1915619,35864,467291,113978,2382910,
All CA and Non-CA Counties,2021-01-26,174770,3024025,85803,1630771,88967,1393254,0,0,136398,2014039,38241,505532,136661,2519571,
All CA and Non-CA Counties,2021-01-27,187359,3211384,90490,1721261,96869,1490123,0,0,147382,2121983,39652,545184,147596,2667167,
All CA and Non-CA Counties,2021-01-28,193045,3404429,89536,1810797,103509,1593632,0,0,158361,2246167,34390,579574,158574,2825741,
All CA and Non-CA Counties,2021-01-29,188582,3593011,91426,1902223,97156,1690788,0,0,153160,2364654,34850,614424,153337,2979078,
All CA and Non-CA Counties,2021-01-30,127879,3720890,58064,1960287,69815,1760603,0,0,112254,2461587,15463,629887,112396,3091474,
All CA and Non-CA Counties,2021-01-31,72146,3793036,41317,2001604,30829,1791432,0,0,67308,2524160,4789,634676,67362,3158836,
All CA and Non-CA Counties,2021-02-01,167304,3960340,78484,2080088,88820,1880252,0,0,125893,2608941,41245,675921,126026,3284862,
All CA and Non-CA Counties,2021-02-02,191838,4152178,80085,2160173,111753,1992005,0,0,146687,2710985,44867,720788,146911,3431773,
All CA and Non-CA Counties,2021-02-03,218050,4370228,97525,2257698,120525,2112530,0,0,162831,2819362,54714,775502,163091,3594864,
All CA and Non-CA Counties,2021-02-04,234474,4604702,101929,2359627,132545,2245075,0,0,172919,2931637,61011,836513,173286,3768150,
All CA and Non-CA Counties,2021-02-05,252655,4857357,108591,2468218,144064,2389139,0,0,172852,3025997,79027,915540,173387,3941537,
All CA and Non-CA Counties,2021-02-06,159230,5016587,77034,2545252,82196,2471335,0,0,124007,3115451,35049,950589,124503,4066040,
All CA and Non-CA Counties,2021-02-07,69080,5085667,45075,2590327,24005,2495340,0,0,52563,3152029,16438,967027,53016,4119056,
All CA and Non-CA Counties,2021-02-08,186252,5271919,92428,2682755,93824,2589164,0,0,123677,3214319,62134,1029161,124424,4243480,
All CA and Non-CA Counties,2021-02-09,215576,5487495,104100,2786855,111476,2700640,0,0,129680,3259726,85437,1114598,130844,4374324,
All CA and Non-CA Counties,2021-02-10,253969,5741464,121607,2908462,132362,2833002,0,0,141054,3290207,112093,1226691,142574,4516898,
All CA and Non-CA Counties,2021-02-11,270112,6011576,133656,3042118,136456,2969458,0,0,148531,3320085,120462,1347153,150340,4667238,
All CA and Non-CA Counties,2021-02-12,277383,6288959,121258,3163376,156125,3125583,0,0,150328,3346603,126183,1473336,152701,4819939,
All CA and Non-CA Counties,2021-02-13,169200,6458159,77984,3241360,91216,3216799,0,0,94087,3367911,74744,1548080,96052,4915991,
All CA and Non-CA Counties,2021-02-14,96609,6554768,47802,3289162,48807,3265606,0,0,52637,3378291,43803,1591883,54183,4970174,
All CA and Non-CA Counties,2021-02-15,144889,6699657,63970,3353132,80919,3346525,0,0,80013,3396943,64486,1656369,83138,5053312,
All CA and Non-CA Counties,2021-02-16,255264,6954921,120980,3474112,134284,3480809,0,0,135726,3416621,119147,1775516,138825,5192137,
All CA and Non-CA Counties,2021-02-17,264800,7219721,131784,3605896,133016,3613825,0,0,130801,3417184,133450,1908966,134013,5326150,
All CA and Non-CA Counties,2021-02-18,278934,7498655,145870,3751766,133064,3746889,0,0,133826,3410834,144389,2053355,138039,5464189,
All CA and Non-CA Counties,2021-02-19,258266,7756921,150495,3902261,107771,3854660,0,0,132791,3420738,124975,2178330,134879,5599068,
All CA and Non-CA Counties,2021-02-20,156010,7912931,100584,4002845,55426,3910086,0,0,85319,3437612,70427,2248757,87301,5686369,
All CA and Non-CA Counties,2021-02-21,84780,7997711,70518,4073363,14262,3924348,0,0,42138,3438936,42400,2291157,43724,5730093,
All CA and Non-CA Counties,2021-02-22,167255,8164966,112384,4185747,54871,3979219,0,0,83709,3441170,83225,2374382,85459,5815552,
All CA and Non-CA Counties,2021-02-23,231370,8396336,122742,4308489,108628,4087847,0,0,107232,3430868,123534,2497916,113232,5928784,
All CA and Non-CA Counties,2021-02-24,289327,8685663,146534,4455023,142793,4230640,0,0,136714,3423149,151982,2649898,144263,6073047,
All CA and Non-CA Counties,2021-02-25,326805,9012468,160990,4616013,165815,4396455,0,0,170430,3446476,155651,2805549,178978,6252025,
All CA and Non-CA Counties,2021-02-26,360154,9372622,168011,4784024,192143,4588598,0,0,200041,3494663,159123,2964672,207310,6459335,
All CA and Non-CA Counties,2021-02-27,256911,9629533,124919,4908943,131969,4720567,23,23,144642,3532107,111636,3076308,149080,6608415,
All CA and Non-CA Counties,2021-02-28,132829,9762362,79753,4988696,53069,4773636,7,30,76930,3556414,55472,3131780,79779,6688194,
All CA and Non-CA Counties,2021-03-01,244942,10007304,131001,5119697,113841,4887477,100,130,139878,3596094,104302,3236082,143982,6832176,
All CA and Non-CA Counties,2021-03-02,295707,10303011,148688,5268385,146993,5034470,26,156,176451,3660727,118729,3354811,183362,7015538,
All CA and Non-CA Counties,2021-03-03,339902,10642913,167883,5436268,171959,5206429,60,216,193970,3716835,145234,3500045,201342,7216880,
All CA and Non-CA Counties,2021-03-04,357929,11000842,180679,5616947,177154,5383583,96,312,208518,3783828,148648,3648693,215641,7432521,
All CA and Non-CA Counties,2021-03-05,344864,11345706,169791,5786738,173935,5557518,1138,1450,214262,3876718,129785,3778478,222675,7655196,
All CA and Non-CA Counties,2021-03-06,264161,11609867,135411,5922149,120743,5678261,8007,9457,163868,3953428,99877,3878355,176587,7831783,
All CA and Non-CA Counties,2021-03-07,129247,11739114,79523,6001672,45520,5723781,4204,13661,80978,3994206,48084,3926439,88862,7920645,
All CA and Non-CA Counties,2021-03-08,221975,11961089,108132,6109804,103146,5826927,10697,24358,145572,4079456,75991,4002430,161241,8081886,
All CA and Non-CA Counties,2021-03-09,296069,12257158,141771,6251575,138100,5965027,16198,40556,166424,4136978,129162,4131592,186684,8268570,
All CA and Non-CA Counties,2021-03-10,326978,12584136,163070,6414645,138949,6103976,24959,65515,177718,4195232,148602,4280194,206856,8475426,
All CA and Non-CA Counties,2021-03-11,382682,12966818,185144,6599789,163535,6267511,34003,99518,196938,4245587,184808,4465002,235163,8710589,
All CA and Non-CA Counties,2021-03-12,401666,13368484,180619,6780408,174033,6441544,47014,146532,198006,4292083,202853,4667855,249349,8959938,
All CA and Non-CA Counties,2021-03-13,287162,13655646,127097,6907505,128473,6570017,31592,178124,156027,4353449,130679,4798534,192045,9151983,
All CA and Non-CA Counties,2021-03-14,156737,13812383,84236,6991741,57073,6627090,15428,193552,79915,4374533,76540,4875074,97624,9249607,
All CA and Non-CA Counties,2021-03-15,294612,14106995,140962,7132703,132634,6759724,21016,214568,160615,4426285,133263,5008337,185015,9434622,
All CA and Non-CA Counties,2021-03-16,377719,14484714,178269,7310972,181772,6941496,17678,232246,219157,4508510,157827,5166164,240052,9674674,
All CA and Non-CA Counties,2021-03-17,392019,14876733,195192,7506164,177906,7119402,18921,251167,243025,4624804,148177,5314341,264471,9939145,
All CA and Non-CA Counties,2021-03-18,409063,15285796,210447,7716611,180096,7299498,18520,269687,243618,4724671,164347,5478688,264214,10203359,
All CA and Non-CA Counties,2021-03-19,418039,15703835,220300,7936911,175617,7475115,22122,291809,244159,4820035,172904,5651592,268268,10471627,
All CA and Non-CA Counties,2021-03-20,299544,16003379,158219,8095130,125380,7600495,15945,307754,190675,4919893,108203,5759795,208061,10679688,
All CA and Non-CA Counties,2021-03-21,145807,16149186,100795,8195925,37400,7637895,7612,315366,91900,4967217,53545,5813340,100869,10780557,
All CA and Non-CA Counties,2021-03-22,276433,16425619,161106,8357031,104038,7741933,11289,326655,181244,5068356,94404,5907744,195543,10976100,
All CA and Non-CA Counties,2021-03-23,363225,16788844,199716,8556747,152143,7894076,11366,338021,223908,5167828,138395,6046139,237867,11213967,
All CA and Non-CA Counties,2021-03-24,394687,17183531,225786,8782533,155992,8050068,12909,350930,231119,5251637,162329,6208468,246138,11460105,
All CA and Non-CA Counties,2021-03-25,425848,17609379,234097,9016630,176412,8226480,15339,366269,243361,5331340,181174,6389642,260877,11720982,
All CA and Non-CA Counties,2021-03-26,441548,18050927,236373,9253003,188925,8415405,16250,382519,239786,5389722,200530,6590172,258912,11979894,
All CA and Non-CA Counties,2021-03-27,317959,18368886,169621,9422624,136340,8551745,11998,394517,161621,5410077,155522,6745694,175877,12155771,
All CA and Non-CA Counties,2021-03-28,172275,18541161,110598,9533222,57932,8609677,3745,398262,91664,5427257,80157,6825851,97337,12253108,
All CA and Non-CA Counties,2021-03-29,315320,18856481,169784,9703006,136140,8745817,9396,407658,176348,5477321,138210,6964061,188274,12441382,
All CA and Non-CA Counties,2021-03-30,405021,19261502,205531,9908537,180731,8926548,18759,426417,228289,5550242,175936,7139997,248857,12690239,
All CA and Non-CA Counties,2021-03-31,432458,19693960,235863,10144400,174152,9100700,22443,448860,241735,5625808,189714,7329711,265280,12955519,
All CA and Non-CA Counties,2021-04-01,498891,20192851,256573,10400973,201448,9302148,40870,489730,275952,5722297,221628,7551339,318117,13273636,
All CA and Non-CA Counties,2021-04-02,481904,20674755,235472,10636445,202150,9504298,44282,534012,261882,5811485,218799,7770138,307987,13581623,
All CA and Non-CA Counties,2021-04-03,335549,21010304,171474,10807919,121505,9625803,42570,576582,167565,5855444,167348,7937486,211307,13792930,
All CA and Non-CA Counties,2021-04-04,134214,21144518,69977,10877896,44983,9670786,19254,595836,59122,5859176,74794,8012280,78526,13871456,
All CA and Non-CA Counties,2021-04-05,357204,21501722,184151,11062047,132720,9803506,40333,636169,176201,5897939,180315,8192595,219078,14090534,
All CA and Non-CA Counties,2021-04-06,464085,21965807,235524,11297571,161502,9965008,67059,703228,224709,5953460,238448,8431043,293969,14384503,
All CA and Non-CA Counties,2021-04-07,479844,22445651,249779,11547350,158497,10123505,71568,774796,233242,6014106,245673,8676716,306319,14690822,
All CA and Non-CA Counties,2021-04-08,507274,22952925,256401,11803751,164683,10288188,86190,860986,238453,6074178,267717,8944433,327789,15018611,
All CA and Non-CA Counties,2021-04-09,501532,23454457,250408,12054159,169525,10457713,81599,942585,230841,6121008,269675,9214108,316505,15335116,
All CA and Non-CA Counties,2021-04-10,372730,23827187,170974,12225133,125779,10583492,75977,1018562,155727,6139690,216289,9430397,234971,15570087,
All CA and Non-CA Counties,2021-04-11,190039,24017226,106611,12331744,48703,10632195,34725,1053287,78394,6144606,111308,9541705,116224,15686311,
All CA and Non-CA Counties,2021-04-12,342896,24360122,176278,12508022,128056,10760251,38562,1091849,158867,6162793,183104,9724809,201291,15887602,
All CA and Non-CA Counties,2021-04-13,437023,24797145,245104,12753126,190958,10951209,961,1092810,243992,6218910,192063,9916872,248180,16135782,
All CA and Non-CA Counties,2021-04-14,455058,25252203,255714,13008840,199055,11150264,289,1093099,237833,6245722,216100,10132972,242912,16378694,
All CA and Non-CA Counties,2021-04-15,495934,25748137,289363,13298203,206324,11356588,247,1093346,278135,6310592,216342,10349314,281212,16659906,
All CA and Non-CA Counties,2021-04-16,479931,26228068,270388,13568591,209228,11565816,315,1093661,256305,6347187,222437,10571751,259032,16918938,
All CA and Non-CA Counties,2021-04-17,346126,26574194,194124,13762715,151958,11717774,44,1093705,196958,6398973,148353,10720104,200139,17119077,
All CA and Non-CA Counties,2021-04-18,156351,26730545,98955,13861670,57378,11775152,18,1093723,80420,6406870,75538,10795642,83435,17202512,
All CA and Non-CA Counties,2021-04-19,321176,27051721,185023,14046693,136063,11911215,90,1093813,152146,6392838,168146,10963788,154114,17356626,
All CA and Non-CA Counties,2021-04-20,411615,27463336,218669,14265362,192878,12104093,68,1093881,204664,6394717,205933,11169721,207812,17564438,
All CA and Non-CA Counties,2021-04-21,425761,27889097,240684,14506046,184809,12288902,268,1094149,203881,6381479,220485,11390206,207247,17771685,
All CA and Non-CA Counties,2021-04-22,452401,28341498,257588,14763634,194734,12483636,79,1094228,201493,6336671,249567,11639773,204759,17976444,
All CA and Non-CA Counties,2021-04-23,442947,28784445,252050,15015684,190808,12674444,89,1094317,200207,6298914,241357,11881130,203600,18180044,
All CA and Non-CA Counties,2021-04-24,329045,29113490,207709,15223393,121159,12795603,177,1094494,166751,6307736,161350,12042480,170172,18350216,
All CA and Non-CA Counties,2021-04-25,151639,29265129,99912,15323305,51659,12847262,68,1094562,81669,6321376,69530,12112010,83170,18433386,
All CA and Non-CA Counties,2021-04-26,284633,29549762,166073,15489378,117025,12964287,1535,1096097,124002,6291562,159693,12271703,129879,18563265,
All CA and Non-CA Counties,2021-04-27,357576,29907338,197907,15687285,153722,13118009,5947,1102044,143920,6231938,212564,12484267,152940,18716205,
All CA and Non-CA Counties,2021-04-28,352101,30259439,201397,15888682,142477,13260486,8227,1110271,143346,6178084,207726,12691993,153872,18870077,
All CA and Non-CA Counties,2021-04-29,360878,30620317,207353,16096035,145248,13405734,8277,1118548,130100,6088636,229651,12921644,140203,19010280,
All CA and Non-CA Counties,2021-04-30,376373,30996690,215709,16311744,151406,13557140,9258,1127806,142328,6009326,232829,13154473,153519,19163799,
All CA and Non-CA Counties,2021-05-01,249775,31246465,159698,16471442,83625,13640765,6452,1134258,90863,5950714,158138,13312611,99526,19263325,
All CA and Non-CA Counties,2021-05-02,118608,31365073,82680,16554122,31939,13672704,3989,1138247,41779,5920411,76445,13389056,46142,19309467,
All CA and Non-CA Counties,2021-05-03,254047,31619120,156623,16710745,88482,13761186,8942,1147189,77371,5831699,175874,13564930,87162,19396629,
All CA and Non-CA Counties,2021-05-04,328790,31947910,200363,16911108,118278,13879464,10149,1157338,97518,5710282,230232,13795162,108815,19505444,
All CA and Non-CA Counties,2021-05-05,332868,32280778,206933,17118041,115590,13995054,10345,1167683,94348,5578608,237342,14032504,105668,19611112,
All CA and Non-CA Counties,2021-05-06,351332,32632110,229311,17347352,111190,14106244,10831,1178514,90048,5422261,259725,14292229,103378,19714490,
All CA and Non-CA Counties,2021-05-07,348653,32980763,218505,17565857,119960,14226204,10188,1188702,95345,5277035,251988,14544217,106762,19821252,
All CA and Non-CA Counties,2021-05-08,226514,33207277,143795,17709652,75798,14302002,6921,1195623,62721,5185411,162702,14706919,71078,19892330,
All CA and Non-CA Counties,2021-05-09,94397,33301674,70819,17780471,20477,14322479,3101,1198724,26047,5147104,67883,14774802,29576,19921906,
All CA and Non-CA Counties,2021-05-10,202854,33504528,115215,17895686,79581,14402060,8058,1206782,50803,5056074,151165,14925967,60135,19982041,
All CA and Non-CA Counties,2021-05-11,261289,33765817,146175,18041861,106722,14508782,8392,1215174,69240,4944204,191159,15117126,79289,20061330,
All CA and Non-CA Counties,2021-05-12,254912,34020729,146107,18187968,100172,14608954,8633,1223807,70104,4840142,183846,15300972,79784,20141114,
All CA and Non-CA Counties,2021-05-13,292446,34313175,187489,18375457,97721,14706675,7236,1231043,109237,4777045,182078,15483050,118981,20260095,
All CA and Non-CA Counties,2021-05-14,335193,34648368,214426,18589883,111810,14818485,8957,1240000,132599,4719254,201448,15684498,143657,20403752,
All CA and Non-CA Counties,2021-05-15,275787,34924155,192542,18782425,77264,14895749,5981,1245981,113434,4678102,161536,15846034,120384,20524136,
All CA and Non-CA Counties,2021-05-16,136498,35060653,104299,18886724,29210,14924959,2989,1248970,55553,4656544,80514,15926548,58956,20583092,
All CA and Non-CA Counties,2021-05-17,239962,35300615,157967,19044691,74469,14999428,7526,1256496,100374,4626649,138747,16065295,108852,20691944,
All CA and Non-CA Counties,2021-05-18,280498,35581113,171154,19215845,101705,15101133,7639,1264135,114520,4585355,164849,16230144,123555,20815499,
All CA and Non-CA Counties,2021-05-19,275029,35856142,171635,19387480,95655,15196788,7739,1271874,117853,4555903,156157,16386301,126705,20942204,
All CA and Non-CA Counties,2021-05-20,225072,36081214,134717,19522197,82851,15279639,7504,1279378,90223,4521011,133899,16520200,99007,21041211,
All CA and Non-CA Counties,2021-05-21,242413,36323627,150160,19672357,84942,15364581,7311,1286689,95155,4478264,146219,16666419,103472,21144683,
All CA and Non-CA Counties,2021-05-22,169454,36493081,114107,19786464,49706,15414287,5641,1292330,74989,4465918,93862,16760281,81516,21226199,
All CA and Non-CA Counties,2021-05-23,62441,36555522,47014,19833478,13237,15427524,2190,1294520,29114,4464401,33045,16793326,31528,21257727,
All CA and Non-CA Counties,2021-05-24,167924,36723446,97503,19930981,61902,15489426,8519,1303039,66263,4439124,100895,16894221,75618,21333345,
All CA and Non-CA Counties,2021-05-25,189193,36912639,111226,20042207,69782,15559208,8185,1311224,74740,4409685,113472,17007693,84033,21417378,
All CA and Non-CA Counties,2021-05-26,182385,37095024,104688,20146895,69718,15628926,7979,1319203,73390,4383956,107980,17115673,82251,21499629,
All CA and Non-CA Counties,2021-05-27,171431,37266455,97895,20244790,64935,15693861,8601,1327804,71594,4366323,99045,17214718,81412,21581041,
All CA and Non-CA Counties,2021-05-28,187489,37453944,108284,20353074,71932,15765793,7273,1335077,81991,4352259,104614,17319332,90550,21671591,
All CA and Non-CA Counties,2021-05-29,106464,37560408,65625,20418699,36749,15802542,4090,1339167,51330,4353645,54628,17373960,56014,21727605,
All CA and Non-CA Counties,2021-05-30,47483,37607891,31332,20450031,13598,15816140,2553,1341720,21490,4352194,25774,17399734,24323,21751928,
All CA and Non-CA Counties,2021-05-31,20114,37628005,11840,20461871,7273,15823413,1001,1342721,6758,4346866,13226,17412960,7898,21759826,
All CA and Non-CA Counties,2021-06-01,166535,37794540,97490,20559361,61926,15885339,7119,1349840,63789,4316948,101849,17514809,71931,21831757,
All CA and Non-CA Counties,2021-06-02,139036,37933576,82449,20641810,49424,15934763,7163,1357003,56775,4300231,81424,17596233,64707,21896464,
All CA and Non-CA Counties,2021-06-03,92716,38026292,64565,20706375,23101,15957864,5050,1362053,25824,4265183,66479,17662712,31431,21927895,
Outside California,2020-12-15,7,7,7,7,0,0,0,0,7,7,0,0,7,7,Not in California
Outside California,2020-12-16,273,280,273,280,0,0,0,0,273,280,0,0,273,280,Not in California
Outside California,2020-12-17,1602,1882,1602,1882,0,0,0,0,1602,1882,0,0,1602,1882,Not in California
Outside California,2020-12-18,2553,4435,2546,4428,7,7,0,0,2553,4435,0,0,2553,4435,Not in California
Outside California,2020-12-19,1037,5472,1036,5464,1,8,0,0,1037,5472,0,0,1037,5472,Not in California
Outside California,2020-12-20,682,6154,679,6143,3,11,0,0,682,6154,0,0,682,6154,Not in California
Outside California,2020-12-21,2190,8344,2187,8330,3,14,0,0,2190,8344,0,0,2190,8344,Not in California
Outside California,2020-12-22,2087,10431,2013,10343,74,88,0,0,2087,10431,0,0,2087,10431,Not in California
Outside California,2020-12-23,1536,11967,1395,11738,141,229,0,0,1535,11966,0,0,1535,11966,Not in California
Outside California,2020-12-24,805,12772,612,12350,193,422,0,0,805,12771,0,0,805,12771,Not in California
Outside California,2020-12-25,34,12806,29,12379,5,427,0,0,34,12805,0,0,34,12805,Not in California
Outside California,2020-12-26,307,13113,203,12582,104,531,0,0,307,13112,0,0,307,13112,Not in California
Outside California,2020-12-27,190,13303,74,12656,116,647,0,0,190,13302,0,0,190,13302,Not in California
Outside California,2020-12-28,1413,14716,892,13548,521,1168,0,0,1413,14715,0,0,1413,14715,Not in California
Outside California,2020-12-29,1543,16259,1013,14561,530,1698,0,0,1543,16258,0,0,1543,16258,Not in California
Outside California,2020-12-30,1917,18176,1229,15790,688,2386,0,0,1917,18175,0,0,1917,18175,Not in California
Outside California,2020-12-31,1119,19295,602,16392,517,2903,0,0,1118,19292,1,1,1118,19293,Not in California
Outside California,2021-01-01,112,19407,25,16417,87,2990,0,0,112,19404,0,1,112,19405,Not in California
Outside California,2021-01-02,239,19646,132,16549,107,3097,0,0,238,19641,1,2,238,19643,Not in California
Outside California,2021-01-03,170,19816,90,16639,80,3177,0,0,170,19811,0,2,170,19813,Not in California
Outside California,2021-01-04,1151,20967,514,17153,637,3814,0,0,1146,20956,1,3,1146,20959,Not in California
Outside California,2021-01-05,1546,22513,816,17969,730,4544,0,0,1354,22121,190,193,1355,22314,Not in California
Outside California,2021-01-06,2706,25219,1597,19566,1109,5653,0,0,1965,23349,737,930,1965,24279,Not in California
Outside California,2021-01-07,4140,29359,2531,22097,1609,7262,0,0,2485,24183,1653,2583,2487,26766,Not in California
Outside California,2021-01-08,4513,33872,2920,25017,1593,8855,0,0,2639,24961,1864,4447,2642,29408,Not in California
Outside California,2021-01-09,1321,35193,532,25549,789,9644,0,0,993,25629,327,4774,995,30403,Not in California
Outside California,2021-01-10,305,35498,182,25731,123,9767,0,0,184,25692,121,4895,184,30587,Not in California
Outside California,2021-01-11,3301,38799,2008,27739,1293,11060,0,0,1972,26335,1329,6224,1972,32559,Not in California
Outside California,2021-01-12,3874,42673,2317,30056,1557,12617,0,0,2334,27136,1536,7760,2337,34896,Not in California
Outside California,2021-01-13,3677,46350,1802,31858,1875,14492,0,0,2504,28470,1173,8933,2507,37403,Not in California
Outside California,2021-01-14,3720,50070,1276,33134,2444,16936,0,0,3080,30925,627,9560,3082,40485,Not in California
Outside California,2021-01-15,4242,54312,995,34129,3247,20183,0,0,3774,34244,455,10015,3774,44259,Not in California
Outside California,2021-01-16,2696,57008,385,34514,2311,22494,0,0,2520,36590,174,10189,2520,46779,Not in California
Outside California,2021-01-17,503,57511,155,34669,348,22842,0,0,452,36991,51,10240,452,47231,Not in California
Outside California,2021-01-18,1196,58707,767,35436,429,23271,0,0,742,37280,453,10693,742,47973,Not in California
Outside California,2021-01-19,4074,62781,1321,36757,2753,26024,0,0,3185,39579,889,11582,3188,51161,Not in California
Outside California,2021-01-20,4433,67214,1407,38164,3026,29050,0,0,3495,42141,934,12516,3496,54657,Not in California
Outside California,2021-01-21,4139,71353,1125,39289,3014,32064,0,0,3575,45167,549,13065,3575,58232,Not in California
Outside California,2021-01-22,4645,75998,1093,40382,3552,35616,0,0,4243,49013,398,13463,4244,62476,Not in California
Outside California,2021-01-23,2276,78274,336,40718,1940,37556,0,0,2114,50965,162,13625,2114,64590,Not in California
Outside California,2021-01-24,608,78882,246,40964,362,37918,0,0,531,51419,77,13702,531,65121,Not in California
Outside California,2021-01-25,4535,83417,1952,42916,2583,40501,0,0,3633,54154,899,14601,3634,68755,Not in California
Outside California,2021-01-26,5957,89374,2880,45796,3077,43578,0,0,5087,58379,869,15470,5094,73849,Not in California
Outside California,2021-01-27,5032,94406,2667,48463,2365,45943,0,0,4394,62140,634,16104,4395,78244,Not in California
Outside California,2021-01-28,5309,99715,2861,51324,2448,48391,0,0,4764,66369,535,16639,4764,83008,Not in California
Outside California,2021-01-29,4926,104641,3078,54402,1848,50239,0,0,4136,69723,784,17423,4138,87146,Not in California
Outside California,2021-01-30,4490,109131,2439,56841,2051,52290,0,0,4256,73749,231,17654,4257,91403,Not in California
Outside California,2021-01-31,3057,112188,2637,59478,420,52710,0,0,3003,76700,53,17707,3004,94407,Not in California
Outside California,2021-02-01,5519,117707,2574,62052,2945,55655,0,0,4817,80823,694,18401,4817,99224,Not in California
Outside California,2021-02-02,6790,124497,2161,64213,4629,60284,0,0,6068,86176,715,19116,6068,105292,Not in California
Outside California,2021-02-03,7320,131817,2081,66294,5239,65523,0,0,6447,91761,865,19981,6450,111742,Not in California
Outside California,2021-02-04,6801,138618,2177,68471,4624,70147,0,0,5801,96572,991,20972,5802,117544,Not in California
Outside California,2021-02-05,6811,145429,2237,70708,4574,74721,0,0,5738,101241,1069,22041,5738,123282,Not in California
Outside California,2021-02-06,4438,149867,2160,72868,2278,76999,0,0,3970,104755,459,22500,3973,127255,Not in California
Outside California,2021-02-07,2237,152104,1848,74716,389,77388,0,0,2155,106830,82,22582,2157,129412,Not in California
Outside California,2021-02-08,5350,157454,3379,78095,1971,79359,0,0,4289,110069,1050,23632,4289,133701,Not in California
Outside California,2021-02-09,4292,161746,1926,80021,2366,81725,0,0,2983,111768,1298,24930,2997,136698,Not in California
Outside California,2021-02-10,5609,167355,1943,81964,3666,85391,0,0,3172,112553,2428,27358,3213,139911,Not in California
Outside California,2021-02-11,4850,172205,2268,84232,2582,87973,0,0,3547,114825,1293,28651,3565,143476,Not in California
Outside California,2021-02-12,5257,177462,1958,86190,3299,91272,0,0,3426,116436,1819,30470,3430,146906,Not in California
Outside California,2021-02-13,2441,179903,728,86918,1713,92985,0,0,1885,117778,555,31025,1897,148803,Not in California
Outside California,2021-02-14,1344,181247,421,87339,923,93908,0,0,1101,118642,239,31264,1103,149906,Not in California
Outside California,2021-02-15,2556,183803,1536,88875,1020,94928,0,0,1239,118582,1303,32567,1243,151149,Not in California
Outside California,2021-02-16,6440,190243,2887,91762,3553,98481,0,0,2594,117346,3835,36402,2599,153748,Not in California
Outside California,2021-02-17,5953,196196,2983,94745,2970,101451,0,0,1858,115121,4088,40490,1863,155611,Not in California
Outside California,2021-02-18,6435,202631,3725,98470,2710,104161,0,0,2073,112851,4344,44834,2074,157685,Not in California
Outside California,2021-02-19,5732,208363,3968,102438,1764,105925,0,0,2430,111987,3296,48130,2432,160117,Not in California
Outside California,2021-02-20,3346,211709,2697,105135,649,106574,0,0,1251,111150,2091,50221,1254,161371,Not in California
Outside California,2021-02-21,2739,214448,2522,107657,217,106791,0,0,861,110141,1873,52094,864,162235,Not in California
Outside California,2021-02-22,3484,217932,2548,110205,936,107727,0,0,1635,109935,1846,53940,1640,163875,Not in California
Outside California,2021-02-23,6010,223942,3371,113576,2639,110366,0,0,2347,108640,3656,57596,2361,166236,Not in California
Outside California,2021-02-24,6416,230358,3540,117116,2876,113242,0,0,2460,107154,3951,61547,2465,168701,Not in California
Outside California,2021-02-25,6921,237279,3512,120628,3409,116651,0,0,3077,106422,3813,65360,3081,171782,Not in California
Outside California,2021-02-26,6857,244136,3631,124259,3226,119877,0,0,3102,105849,3676,69036,3103,174885,Not in California
Outside California,2021-02-27,5515,249651,2781,127040,2733,122610,1,1,1888,104126,3616,72652,1893,176778,Not in California
Outside California,2021-02-28,2442,252093,1779,128819,662,123272,1,2,800,103288,1640,74292,802,177580,Not in California
Outside California,2021-03-01,4981,257074,3170,131989,1810,125082,1,3,1358,101037,3615,77907,1364,178944,Not in California
Outside California,2021-03-02,6758,263832,2506,134495,4252,129334,0,3,2068,98430,4677,82584,2070,181014,Not in California
Outside California,2021-03-03,7909,271741,3108,137603,4799,134133,2,5,2671,95883,5224,87808,2677,183691,Not in California
Outside California,2021-03-04,6813,278554,2911,140514,3896,138029,6,11,2310,93714,4487,92295,2318,186009,Not in California
Outside California,2021-03-05,5284,283838,2675,143189,2595,140624,14,25,2728,93919,2545,94840,2750,188759,Not in California
Outside California,2021-03-06,4615,288453,2148,145337,2312,142936,155,180,2343,94156,2269,97109,2506,191265,Not in California
Outside California,2021-03-07,1608,290061,1033,146370,520,143456,55,235,977,94561,630,97739,1035,192300,Not in California
Outside California,2021-03-08,3114,293175,1845,148215,1022,144478,247,482,2207,96144,878,98617,2461,194761,Not in California
Outside California,2021-03-09,4656,297831,2368,150583,1971,146449,317,799,2745,97299,1907,100524,3062,197823,Not in California
Outside California,2021-03-10,4418,302249,2118,152701,1786,148235,514,1313,2729,98869,1680,102204,3250,201073,Not in California
Outside California,2021-03-11,6169,308418,3150,155851,2337,150572,682,1995,3330,100049,2833,105037,4013,205086,Not in California
Outside California,2021-03-12,6487,314905,3893,159744,1868,152440,726,2721,3611,101525,2868,107905,4344,209430,Not in California
Outside California,2021-03-13,3796,318701,2194,161938,1130,153570,472,3193,2599,103421,1188,109093,3084,212514,Not in California
Outside California,2021-03-14,1820,320521,941,162879,539,154109,340,3533,1007,103958,813,109906,1350,213864,Not in California
Outside California,2021-03-15,4069,324590,2125,165004,1483,155592,461,3994,2183,104726,1879,111785,2647,216511,Not in California
Outside California,2021-03-16,7522,332112,4380,169384,2759,158351,383,4377,4177,105941,3342,115127,4557,221068,Not in California
Outside California,2021-03-17,8444,340556,5460,174844,2608,160959,376,4753,5082,108042,3358,118485,5459,226527,Not in California
Outside California,2021-03-18,8339,348895,5150,179994,2649,163608,540,5293,4840,109930,3491,121976,5379,231906,Not in California
Outside California,2021-03-19,7333,356228,4343,184337,2446,166054,544,5837,4403,111956,2925,124901,4951,236857,Not in California
Outside California,2021-03-20,4768,360996,3147,187484,1534,167588,87,5924,3658,114598,1103,126004,3745,240602,Not in California
Outside California,2021-03-21,2095,363091,1439,188923,569,168157,87,6011,1680,115952,413,126417,1767,242369,Not in California
Outside California,2021-03-22,3248,366339,1957,190880,1203,169360,88,6099,2227,117253,1014,127431,2315,244684,Not in California
Outside California,2021-03-23,6073,372412,3098,193978,2674,172034,301,6400,4123,119741,1936,129367,4424,249108,Not in California
Outside California,2021-03-24,7331,379743,3773,197751,3109,175143,449,6849,5063,122990,2261,131628,5510,254618,Not in California
Outside California,2021-03-25,8277,388020,3857,201608,3896,179039,524,7373,6030,127311,2235,133863,6556,261174,Not in California
Outside California,2021-03-26,6674,394694,3556,205164,2945,181984,173,7546,4410,129654,2239,136102,4582,265756,Not in California
Outside California,2021-03-27,5549,400243,3141,208305,2194,184178,214,7760,3486,131297,2054,138156,3697,269453,Not in California
Outside California,2021-03-28,3084,403327,1652,209957,1271,185449,161,7921,1992,132363,1087,139243,2153,271606,Not in California
Outside California,2021-03-29,5172,408499,2338,212295,2484,187933,350,8271,2945,133435,2224,141467,3296,274902,Not in California
Outside California,2021-03-30,6864,415363,3620,215915,2679,190612,565,8836,4042,135239,2811,144278,4615,279517,Not in California
Outside California,2021-03-31,6342,421705,3820,219735,1746,192358,776,9612,3366,136408,2971,147249,4140,283657,Not in California
Outside California,2021-04-01,7504,429209,4519,224254,2339,194697,646,10258,4340,138234,3157,150406,4983,288640,Not in California
Outside California,2021-04-02,8498,437707,4542,228796,2810,197507,1146,11404,4412,139712,4079,154485,5557,294197,Not in California
Outside California,2021-04-03,6172,443879,3667,232463,1340,198847,1165,12569,3236,141186,2927,157412,4401,298598,Not in California
Outside California,2021-04-04,1782,445661,878,233341,669,199516,235,12804,971,141581,809,158221,1204,299802,Not in California
Outside California,2021-04-05,4107,449768,2040,235381,1404,200920,663,13467,1954,142050,2148,160369,2617,302419,Not in California
Outside California,2021-04-06,7002,456770,3773,239154,1633,202553,1596,15063,2829,142317,4158,164527,4425,306844,Not in California
Outside California,2021-04-07,8192,464962,4718,243872,1782,204335,1692,16755,3180,142185,5004,169531,4872,311716,Not in California
Outside California,2021-04-08,8140,473102,4338,248210,1857,206192,1945,18700,3178,142355,4953,174484,5123,316839,Not in California
Outside California,2021-04-09,7442,480544,3862,252072,1654,207846,1926,20626,2855,142568,4578,179062,4791,321630,Not in California
Outside California,2021-04-10,6139,486683,3101,255173,1171,209017,1867,22493,1720,141748,4412,183474,3592,325222,Not in California
Outside California,2021-04-11,2826,489509,1537,256710,653,209670,636,23129,954,141475,1870,185344,1597,326819,Not in California
Outside California,2021-04-12,4065,493574,2276,258986,1247,210917,542,23671,1791,141545,2266,187610,2336,329155,Not in California
Outside California,2021-04-13,5737,499311,3698,262684,2016,212933,23,23694,2944,141746,2787,190397,2988,332143,Not in California
Outside California,2021-04-14,5287,504598,3358,266042,1925,214858,4,23698,2868,142209,2414,192811,2877,335020,Not in California
Outside California,2021-04-15,6115,510713,3862,269904,2247,217105,6,23704,3272,142700,2790,195601,3281,338301,Not in California
Outside California,2021-04-16,5846,516559,3376,273280,2463,219568,7,23711,3248,143368,2588,198189,3256,341557,Not in California
Outside California,2021-04-17,5395,521954,3293,276573,2101,221669,1,23712,3082,144145,2305,200494,3082,344639,Not in California
Outside California,2021-04-18,2101,524055,1154,277727,946,222615,1,23713,998,144048,1097,201591,1000,345639,Not in California
Outside California,2021-04-19,4118,528173,2007,279734,2110,224725,1,23714,2121,144186,1987,203578,2125,347764,Not in California
Outside California,2021-04-20,5356,533529,2449,282183,2907,227632,0,23714,2191,143219,3158,206736,2191,349955,Not in California
Outside California,2021-04-21,6362,539891,2713,284896,3645,231277,4,23718,2260,141401,4082,210818,2264,352219,Not in California
Outside California,2021-04-22,6746,546637,3483,288379,3259,234536,4,23722,2451,139575,4283,215101,2457,354676,Not in California
Outside California,2021-04-23,5930,552567,3010,291389,2919,237455,1,23723,2451,138564,3464,218565,2453,357129,Not in California
Outside California,2021-04-24,4565,557132,3001,294390,1560,239015,4,23727,1815,137643,2743,221308,1822,358951,Not in California
Outside California,2021-04-25,2206,559338,1274,295664,930,239945,2,23729,1163,137772,1039,222347,1168,360119,Not in California
Outside California,2021-04-26,3682,563020,1651,297315,2004,241949,27,23756,1660,137446,2013,224360,1687,361806,Not in California
Outside California,2021-04-27,5407,568427,1968,299283,3134,245083,305,24061,1982,136323,3416,227776,2293,364099,Not in California
Outside California,2021-04-28,4928,573355,2125,301408,2409,247492,394,24455,1986,135774,2930,230706,2381,366480,Not in California
Outside California,2021-04-29,4955,578310,2293,303701,2230,249722,432,24887,1941,135154,2993,233699,2373,368853,Not in California
Outside California,2021-04-30,5017,583327,2487,306188,2106,251828,424,25311,1970,134514,3035,236734,2395,371248,Not in California
Outside California,2021-05-01,3283,586610,1954,308142,900,252728,429,25740,1371,134413,1901,238635,1800,373048,Not in California
Outside California,2021-05-02,1880,588490,1101,309243,656,253384,123,25863,862,134382,1016,239651,985,374033,Not in California
Outside California,2021-05-03,3028,591518,1778,311021,971,254355,279,26142,1278,134193,1746,241397,1557,375590,Not in California
Outside California,2021-05-04,4265,595783,2442,313463,1379,255734,444,26586,1660,133693,2599,243996,2099,377689,Not in California
Outside California,2021-05-05,4609,600392,2742,316205,1496,257230,371,26957,1856,133179,2744,246740,2230,379919,Not in California
Outside California,2021-05-06,4532,604924,2880,319085,1316,258546,336,27293,1739,132466,2787,249527,2074,381993,Not in California
Outside California,2021-05-07,4896,609820,2924,322009,1588,260134,384,27677,1943,131852,2940,252467,2326,384319,Not in California
Outside California,2021-05-08,3578,613398,2470,324479,863,260997,245,27922,1453,131489,2062,254529,1699,386018,Not in California
Outside California,2021-05-09,1369,614767,888,325367,356,261353,125,28047,589,131442,760,255289,713,386731,Not in California
Outside California,2021-05-10,2677,617444,1254,326621,1098,262451,325,28372,1080,131269,1580,256869,1407,388138,Not in California
Outside California,2021-05-11,2895,620339,1415,328036,1198,263649,282,28654,1158,130976,1736,258605,1443,389581,Not in California
Outside California,2021-05-12,2877,623216,1337,329373,1243,264892,297,28951,1111,130622,1761,260366,1407,390988,Not in California
Outside California,2021-05-13,2783,625999,1595,330968,992,265884,196,29147,1261,130565,1515,261881,1458,392446,Not in California
Outside California,2021-05-14,3528,629527,2029,332997,1265,267149,234,29381,1637,130553,1885,263766,1873,394319,Not in California
Outside California,2021-05-15,2640,632167,1547,334544,949,268098,144,29525,1159,130383,1476,265242,1306,395625,Not in California
Outside California,2021-05-16,1623,633790,1033,335577,521,268619,69,29594,748,130329,872,266114,818,396443,Not in California
Outside California,2021-05-17,3060,636850,1663,337240,1162,269781,235,29829,1427,130368,1629,267743,1668,398111,Not in California
Outside California,2021-05-18,3244,640094,1676,338916,1249,271030,319,30148,1543,130544,1688,269431,1864,399975,Not in California
Outside California,2021-05-19,3337,643431,1747,340663,1317,272347,273,30421,1512,130510,1819,271250,1785,401760,Not in California
Outside California,2021-05-20,2168,645599,1251,341914,712,273059,205,30626,1031,130618,1130,272380,1238,402998,Not in California
Outside California,2021-05-21,2594,648193,1569,343483,799,273858,226,30852,1195,130651,1390,273770,1423,404421,Not in California
Outside California,2021-05-22,2274,650467,1503,344986,588,274446,183,31035,1326,131219,940,274710,1508,405929,Not in California
Outside California,2021-05-23,1049,651516,836,345822,152,274598,61,31096,562,131358,485,275195,624,406553,Not in California
Outside California,2021-05-24,2669,654185,1402,347224,907,275505,360,31456,1210,131476,1453,276648,1571,408124,Not in California
Outside California,2021-05-25,2843,657028,1491,348715,1008,276513,344,31800,1172,131334,1658,278306,1516,409640,Not in California
Outside California,2021-05-26,2879,659907,1456,350171,1058,277571,365,32165,1114,131055,1758,280064,1479,411119,Not in California
Outside California,2021-05-27,2644,662551,1362,351533,969,278540,313,32478,1116,130961,1520,281584,1426,412545,Not in California
Outside California,2021-05-28,3005,665556,1649,353182,982,279522,374,32852,1233,130807,1762,283346,1608,414153,Not in California
Outside California,2021-05-29,1809,667365,952,354134,506,280028,351,33203,786,130923,1022,284368,1138,415291,Not in California
Outside California,2021-05-30,929,668294,571,354705,226,280254,132,33335,459,131048,466,284834,591,415882,Not in California
Outside California,2021-05-31,423,668717,188,354893,194,280448,41,33376,183,131044,228,285062,224,416106,Not in California
Outside California,2021-06-01,2428,671145,1344,356237,780,281228,304,33680,1107,131137,1318,286380,1411,417517,Not in California
Outside California,2021-06-02,2242,673387,1176,357413,727,281955,339,34019,1111,131463,1122,287502,1448,418965,Not in California
Outside California,2021-06-03,1264,674651,606,358019,396,282351,262,34281,447,131358,811,288313,706,419671,Not in California
Unknown,2020-12-17,2,2,2,2,0,0,0,0,0,0,0,0,0,0,Not in California
Unknown,2020-12-18,1,3,1,3,0,0,0,0,0,0,0,0,0,0,Not in California
Unknown,2020-12-21,4,7,4,7,0,0,0,0,0,0,0,0,0,0,Not in California
Unknown,2020-12-28,4,11,4,11,0,0,0,0,3,3,0,0,3,3,Not in California
Unknown,2020-12-29,3,14,3,14,0,0,0,0,3,6,0,0,3,6,Not in California
Unknown,2020-12-30,54,68,54,68,0,0,0,0,54,60,0,0,54,60,Not in California
Unknown,2020-12-31,1,69,0,68,1,1,0,0,0,60,0,0,0,60,Not in California
Unknown,2021-01-02,1,70,0,68,1,2,0,0,1,61,0,0,1,61,Not in California
Unknown,2021-01-04,3,73,3,71,0,2,0,0,2,63,0,0,2,63,Not in California
Unknown,2021-01-06,6,79,4,75,2,4,0,0,6,69,0,0,6,69,Not in California
Unknown,2021-01-07,70,149,69,144,1,5,0,0,70,139,0,0,70,139,Not in California
Unknown,2021-01-08,1,150,0,144,1,6,0,0,2,141,0,0,2,141,Not in California
Unknown,2021-01-09,2,152,2,146,0,6,0,0,3,144,0,0,3,144,Not in California
Unknown,2021-01-11,19,171,19,165,0,6,0,0,18,162,0,0,18,162,Not in California
Unknown,2021-01-12,10,181,9,174,1,7,0,0,8,170,1,1,9,171,Not in California
Unknown,2021-01-13,10,191,10,184,0,7,0,0,11,181,0,1,11,182,Not in California
Unknown,2021-01-14,3,194,3,187,0,7,0,0,3,184,0,1,3,185,Not in California
Unknown,2021-01-15,5,199,4,191,1,8,0,0,5,189,0,1,5,190,Not in California
Unknown,2021-01-16,6,205,6,197,0,8,0,0,6,195,0,1,6,196,Not in California
Unknown,2021-01-17,3,208,3,200,0,8,0,0,3,198,0,1,3,199,Not in California
Unknown,2021-01-18,51,259,51,251,0,8,0,0,49,245,2,3,49,248,Not in California
Unknown,2021-01-19,22,281,22,273,0,8,0,0,19,262,2,5,19,267,Not in California
Unknown,2021-01-20,79,360,79,352,0,8,0,0,28,238,52,57,28,295,Not in California
Unknown,2021-01-21,56,416,54,406,2,10,0,0,57,294,1,58,57,352,Not in California
Unknown,2021-01-22,34,450,29,435,5,15,0,0,34,328,0,58,34,386,Not in California
Unknown,2021-01-23,11,461,5,440,6,21,0,0,11,339,0,58,11,397,Not in California
Unknown,2021-01-24,2,463,2,442,0,21,0,0,3,342,0,58,3,400,Not in California
Unknown,2021-01-25,19,482,17,459,2,23,0,0,16,355,3,61,16,416,Not in California
Unknown,2021-01-26,93,575,93,552,0,23,0,0,96,451,0,61,96,512,Not in California
Unknown,2021-01-27,16,591,16,568,0,23,0,0,14,464,1,62,14,526,Not in California
Unknown,2021-01-28,140,731,138,706,2,25,0,0,83,487,60,122,83,609,Not in California
Unknown,2021-01-29,139,870,139,845,0,25,0,0,143,629,1,123,143,752,Not in California
Unknown,2021-01-30,11,881,9,854,2,27,0,0,13,640,2,125,13,765,Not in California
Unknown,2021-01-31,14,895,14,868,0,27,0,0,15,655,0,125,15,780,Not in California
Unknown,2021-02-01,37,932,35,903,2,29,0,0,21,658,18,143,21,801,Not in California
Unknown,2021-02-02,64,996,63,966,1,30,0,0,57,709,6,149,57,858,Not in California
Unknown,2021-02-03,36,1032,34,1000,2,32,0,0,25,723,11,160,25,883,Not in California
Unknown,2021-02-04,56,1088,51,1051,5,37,0,0,51,769,5,165,51,934,Not in California
Unknown,2021-02-05,18,1106,14,1065,4,41,0,0,14,779,4,169,14,948,Not in California
Unknown,2021-02-06,14,1120,14,1079,0,41,0,0,9,782,6,175,9,957,Not in California
Unknown,2021-02-07,8,1128,8,1087,0,41,0,0,6,786,2,177,6,963,Not in California
Unknown,2021-02-08,51,1179,48,1135,3,44,0,0,14,763,37,214,14,977,Not in California
Unknown,2021-02-09,18,1197,18,1153,0,44,0,0,4,753,14,228,4,981,Not in California
Unknown,2021-02-10,34,1231,30,1183,4,48,0,0,9,737,25,253,9,990,Not in California
Unknown,2021-02-11,85,1316,84,1267,1,49,0,0,43,737,43,296,43,1033,Not in California
Unknown,2021-02-12,36,1352,29,1296,7,56,0,0,9,719,27,323,9,1042,Not in California
Unknown,2021-02-13,9,1361,2,1298,7,63,0,0,8,726,1,324,8,1050,Not in California
Unknown,2021-02-14,7,1368,1,1299,6,69,0,0,5,730,1,325,5,1055,Not in California
Unknown,2021-02-15,41,1409,35,1334,6,75,0,0,27,745,12,337,27,1082,Not in California
Unknown,2021-02-16,101,1510,91,1425,10,85,0,0,29,702,72,409,29,1111,Not in California
Unknown,2021-02-17,10,1520,8,1433,2,87,0,0,4,701,5,414,4,1115,Not in California
Unknown,2021-02-18,89,1609,84,1517,5,92,0,0,16,645,72,486,16,1131,Not in California
Unknown,2021-02-19,184,1793,179,1696,5,97,0,0,53,568,130,616,53,1184,Not in California
Unknown,2021-02-20,7,1800,5,1701,2,99,0,0,2,565,5,621,2,1186,Not in California
Unknown,2021-02-21,14,1814,14,1715,0,99,0,0,1,553,13,634,1,1187,Not in California
Unknown,2021-02-22,9,1823,9,1724,0,99,0,0,6,556,3,637,6,1193,Not in California
Unknown,2021-02-23,61,1884,49,1773,12,111,0,0,15,526,45,682,15,1208,Not in California
Unknown,2021-02-24,33,1917,26,1799,7,118,0,0,14,521,19,701,14,1222,Not in California
Unknown,2021-02-25,67,1984,54,1853,13,131,0,0,25,503,43,744,25,1247,Not in California
Unknown,2021-02-26,39,2023,25,1878,14,145,0,0,22,511,14,758,22,1269,Not in California
Unknown,2021-02-27,22,2045,16,1894,6,151,0,0,11,514,8,766,11,1280,Not in California
Unknown,2021-02-28,17,2062,13,1907,4,155,0,0,10,519,5,771,10,1290,Not in California
Unknown,2021-03-01,45,2107,27,1934,18,173,0,0,24,523,20,791,24,1314,Not in California
Unknown,2021-03-02,19,2126,7,1941,12,185,0,0,12,530,5,796,12,1326,Not in California
Unknown,2021-03-03,11,2137,6,1947,5,190,0,0,6,533,3,799,6,1332,Not in California
Unknown,2021-03-04,43,2180,40,1987,3,193,0,0,13,516,30,829,13,1345,Not in California
Unknown,2021-03-05,23,2203,13,2000,10,203,0,0,22,534,4,833,22,1367,Not in California
Unknown,2021-03-06,20,2223,12,2012,6,209,2,2,16,548,4,837,18,1385,Not in California
Unknown,2021-03-07,2,2225,1,2013,1,210,0,2,3,551,0,837,3,1388,Not in California
Unknown,2021-03-08,33,2258,22,2035,7,217,4,6,8,537,26,863,12,1400,Not in California
Unknown,2021-03-09,35,2293,28,2063,3,220,4,10,9,523,27,890,13,1413,Not in California
Unknown,2021-03-10,9,2302,6,2069,1,221,2,12,5,525,5,895,7,1420,Not in California
Unknown,2021-03-11,28,2330,12,2081,2,223,14,26,7,525,21,916,21,1441,Not in California
Unknown,2021-03-12,68,2398,52,2133,11,234,5,31,11,486,55,971,16,1457,Not in California
Unknown,2021-03-13,16,2414,4,2137,8,242,4,35,7,487,10,981,11,1468,Not in California
Unknown,2021-03-14,14,2428,6,2143,6,248,2,37,5,486,8,989,7,1475,Not in California
Unknown,2021-03-15,31,2459,11,2154,18,266,2,39,20,495,13,1002,22,1497,Not in California
Unknown,2021-03-16,47,2506,20,2174,23,289,4,43,27,506,20,1022,31,1528,Not in California
Unknown,2021-03-17,38,2544,14,2188,23,312,1,44,33,536,4,1026,34,1562,Not in California
Unknown,2021-03-18,31,2575,18,2206,13,325,0,44,19,543,12,1038,19,1581,Not in California
Unknown,2021-03-19,29,2604,18,2224,11,336,0,44,22,558,7,1045,22,1603,Not in California
Unknown,2021-03-20,27,2631,15,2239,12,348,0,44,15,562,11,1056,15,1618,Not in California
Unknown,2021-03-21,18,2649,12,2251,6,354,0,44,14,573,3,1059,14,1632,Not in California
Unknown,2021-03-22,36,2685,19,2270,16,370,1,45,19,581,12,1071,20,1652,Not in California
Unknown,2021-03-23,23,2708,9,2279,9,379,5,50,11,586,11,1082,16,1668,Not in California
Unknown,2021-03-24,23,2731,9,2288,14,393,0,50,19,600,5,1087,19,1687,Not in California
Unknown,2021-03-25,37,2768,24,2312,13,406,0,50,25,616,9,1096,25,1712,Not in California
Unknown,2021-03-26,36,2804,20,2332,11,417,5,55,18,624,15,1111,23,1735,Not in California
Unknown,2021-03-27,32,2836,15,2347,14,431,3,58,18,628,17,1128,21,1756,Not in California
Unknown,2021-03-28,16,2852,9,2356,7,438,0,58,11,635,4,1132,11,1767,Not in California
Unknown,2021-03-29,38,2890,18,2374,19,457,1,59,23,647,12,1144,24,1791,Not in California
Unknown,2021-03-30,41,2931,25,2399,16,473,0,59,26,658,15,1159,26,1817,Not in California
Unknown,2021-03-31,34,2965,21,2420,13,486,0,59,23,670,11,1170,23,1840,Not in California
Unknown,2021-04-01,19,2984,15,2435,4,490,0,59,13,678,5,1175,13,1853,Not in California
Unknown,2021-04-02,41,3025,17,2452,15,505,9,68,18,682,23,1198,27,1880,Not in California
Unknown,2021-04-03,19,3044,9,2461,10,515,0,68,9,681,10,1208,9,1889,Not in California
Unknown,2021-04-04,17,3061,4,2465,13,528,0,68,10,685,6,1214,10,1899,Not in California
Unknown,2021-04-05,31,3092,17,2482,13,541,1,69,17,690,13,1227,18,1917,Not in California
Unknown,2021-04-06,21,3113,13,2495,7,548,1,70,14,695,10,1237,15,1932,Not in California
Unknown,2021-04-07,33,3146,24,2519,9,557,0,70,25,712,8,1245,25,1957,Not in California
Unknown,2021-04-08,31,3177,20,2539,7,564,4,74,16,715,17,1262,20,1977,Not in California
Unknown,2021-04-09,35,3212,25,2564,10,574,0,74,25,729,11,1273,25,2002,Not in California
Unknown,2021-04-10,10,3222,9,2573,1,575,0,74,5,728,6,1279,5,2007,Not in California
Unknown,2021-04-11,11,3233,7,2580,4,579,0,74,5,728,5,1284,5,2012,Not in California
Unknown,2021-04-12,39,3272,21,2601,17,596,1,75,18,724,23,1307,19,2031,Not in California
Unknown,2021-04-13,44,3316,26,2627,18,614,0,75,17,714,27,1334,17,2048,Not in California
Unknown,2021-04-14,27,3343,8,2635,19,633,0,75,8,700,22,1356,8,2056,Not in California
Unknown,2021-04-15,31,3374,16,2651,14,647,1,76,9,688,22,1378,10,2066,Not in California
Unknown,2021-04-16,25,3399,15,2666,10,657,0,76,10,682,16,1394,10,2076,Not in California
Unknown,2021-04-17,22,3421,13,2679,9,666,0,76,9,677,15,1409,10,2086,Not in California
Unknown,2021-04-18,20,3441,8,2687,12,678,0,76,10,675,12,1421,10,2096,Not in California
Unknown,2021-04-19,35,3476,21,2708,14,692,0,76,16,673,18,1439,16,2112,Not in California
Unknown,2021-04-20,25,3501,14,2722,11,703,0,76,10,663,20,1459,10,2122,Not in California
Unknown,2021-04-21,35,3536,15,2737,20,723,0,76,21,660,24,1483,21,2143,Not in California
Unknown,2021-04-22,23,3559,14,2751,9,732,0,76,8,651,17,1500,8,2151,Not in California
Unknown,2021-04-23,33,3592,16,2767,17,749,0,76,20,657,14,1514,20,2171,Not in California
Unknown,2021-04-24,25,3617,13,2780,12,761,0,76,23,671,9,1523,23,2194,Not in California
Unknown,2021-04-25,24,3641,10,2790,14,775,0,76,15,675,11,1534,15,2209,Not in California
Unknown,2021-04-26,20,3661,13,2803,7,782,0,76,10,671,14,1548,10,2219,Not in California
Unknown,2021-04-27,38,3699,18,2821,20,802,0,76,29,679,21,1569,29,2248,Not in California
Unknown,2021-04-28,27,3726,19,2840,7,809,1,77,15,676,19,1588,16,2264,Not in California
Unknown,2021-04-29,33,3759,22,2862,11,820,0,77,18,674,20,1608,18,2282,Not in California
Unknown,2021-04-30,29,3788,14,2876,10,830,5,82,22,686,15,1623,27,2309,Not in California
Unknown,2021-05-01,28,3816,21,2897,7,837,0,82,28,703,11,1634,28,2337,Not in California
Unknown,2021-05-02,14,3830,7,2904,6,843,1,83,8,704,8,1642,9,2346,Not in California
Unknown,2021-05-03,26,3856,18,2922,5,848,3,86,11,698,19,1661,13,2359,Not in California
Unknown,2021-05-04,21,3877,11,2933,6,854,4,90,13,699,16,1677,17,2376,Not in California
Unknown,2021-05-05,30,3907,11,2944,18,872,1,91,21,707,14,1691,22,2398,Not in California
Unknown,2021-05-06,26,3933,13,2957,6,878,7,98,14,712,16,1707,21,2419,Not in California
Unknown,2021-05-07,28,3961,14,2971,10,888,4,102,17,716,17,1724,21,2440,Not in California
Unknown,2021-05-08,16,3977,10,2981,4,892,2,104,15,725,8,1732,17,2457,Not in California
Unknown,2021-05-09,18,3995,5,2986,9,901,4,108,8,727,10,1742,12,2469,Not in California
Unknown,2021-05-10,18,4013,11,2997,6,907,1,109,5,719,15,1757,7,2476,Not in California
Unknown,2021-05-11,15,4028,9,3006,2,909,4,113,10,726,7,1764,14,2490,Not in California
Unknown,2021-05-12,14,4042,9,3015,4,913,1,114,6,725,8,1772,7,2497,Not in California
Unknown,2021-05-13,15,4057,10,3025,1,914,4,118,9,732,7,1779,14,2511,Not in California
Unknown,2021-05-14,24,4081,20,3045,3,917,1,119,14,737,9,1788,14,2525,Not in California
Unknown,2021-05-15,21,4102,19,3064,2,919,0,119,12,740,9,1797,12,2537,Not in California
Unknown,2021-05-16,27,4129,18,3082,8,927,1,120,16,746,11,1808,17,2554,Not in California
Unknown,2021-05-17,26,4155,20,3102,4,931,2,122,17,756,9,1817,19,2573,Not in California
Unknown,2021-05-18,39,4194,28,3130,9,940,2,124,31,780,9,1826,33,2606,Not in California
Unknown,2021-05-19,37,4231,28,3158,8,948,1,125,20,785,16,1842,21,2627,Not in California
Unknown,2021-05-20,184,4415,175,3333,8,956,1,126,175,953,8,1850,176,2803,Not in California
Unknown,2021-05-21,194,4609,187,3520,6,962,1,127,186,1132,8,1858,187,2990,Not in California
Unknown,2021-05-22,208,4817,200,3720,6,968,2,129,193,1312,15,1873,195,3185,Not in California
Unknown,2021-05-23,121,4938,120,3840,0,968,1,130,119,1431,1,1874,120,3305,Not in California
Unknown,2021-05-24,377,5315,273,4113,93,1061,11,141,353,1772,23,1897,364,3669,Not in California
Unknown,2021-05-25,427,5742,305,4418,105,1166,17,158,381,2124,46,1943,398,4067,Not in California
Unknown,2021-05-26,372,6114,304,4722,63,1229,5,163,344,2446,27,1970,349,4416,Not in California
Unknown,2021-05-27,366,6480,302,5024,55,1284,9,172,329,2748,37,2007,339,4755,Not in California
Unknown,2021-05-28,389,6869,315,5339,60,1344,14,186,355,3084,33,2040,369,5124,Not in California
Unknown,2021-05-29,337,7206,278,5617,52,1396,7,193,313,3380,24,2064,320,5444,Not in California
Unknown,2021-05-30,254,7460,214,5831,36,1432,4,197,240,3610,14,2078,244,5688,Not in California
Unknown,2021-05-31,46,7506,28,5859,18,1450,0,197,44,3652,2,2080,44,5732,Not in California
Unknown,2021-06-01,416,7922,335,6194,72,1522,9,206,376,3998,39,2119,385,6117,Not in California
Unknown,2021-06-02,338,8260,262,6456,65,1587,11,217,310,4292,26,2145,320,6437,Not in California
Alameda,2020-12-15,37,37,37,37,0,0,0,0,37,37,0,0,37,37,California
Alameda,2020-12-16,208,245,208,245,0,0,0,0,208,245,0,0,208,245,California
Alameda,2020-12-17,399,644,399,644,0,0,0,0,399,644,0,0,399,644,California
Alameda,2020-12-18,1791,2435,1790,2434,1,1,0,0,1791,2435,0,0,1791,2435,California
Alameda,2020-12-19,1438,3873,1438,3872,0,1,0,0,1438,3873,0,0,1438,3873,California
Alameda,2020-12-20,1193,5066,1192,5064,1,2,0,0,1192,5064,1,1,1192,5065,California
Alameda,2020-12-21,1873,6939,1871,6935,2,4,0,0,1872,6936,0,1,1872,6937,California
Alameda,2020-12-22,2125,9064,2072,9007,53,57,0,0,2125,9061,0,1,2125,9062,California
Alameda,2020-12-23,1979,11043,1721,10728,258,315,0,0,1980,11041,0,1,1980,11042,California
Alameda,2020-12-24,1225,12268,768,11496,457,772,0,0,1225,12266,0,1,1225,12267,California
Alameda,2020-12-25,169,12437,132,11628,37,809,0,0,169,12435,0,1,169,12436,California
Alameda,2020-12-26,870,13307,327,11955,543,1352,0,0,870,13305,0,1,870,13306,California
Alameda,2020-12-27,502,13809,258,12213,244,1596,0,0,502,13807,0,1,502,13808,California
Alameda,2020-12-28,1883,15692,960,13173,923,2519,0,0,1883,15690,0,1,1883,15691,California
Alameda,2020-12-29,2479,18171,1072,14245,1407,3926,0,0,2478,18168,0,1,2478,18169,California
Alameda,2020-12-30,3087,21258,1316,15561,1771,5697,0,0,3087,21255,0,1,3087,21256,California
Alameda,2020-12-31,1794,23052,443,16004,1351,7048,0,0,1792,23046,1,2,1792,23048,California
Alameda,2021-01-01,174,23226,70,16074,104,7152,0,0,173,23218,1,3,173,23221,California
Alameda,2021-01-02,726,23952,526,16600,200,7352,0,0,725,23943,0,3,725,23946,California
Alameda,2021-01-03,341,24293,221,16821,120,7472,0,0,338,24278,3,6,338,24284,California
Alameda,2021-01-04,1646,25939,943,17764,703,8175,0,0,1634,25901,11,17,1634,25918,California
Alameda,2021-01-05,2218,28157,1277,19041,941,9116,0,0,1982,27650,233,250,1982,27900,California
Alameda,2021-01-06,3276,31433,1808,20849,1468,10584,0,0,2429,29237,844,1094,2431,30331,California
Alameda,2021-01-07,3814,35247,2150,22999,1664,12248,0,0,2683,30803,1122,2216,2688,33019,California
Alameda,2021-01-08,4766,40013,2729,25728,2037,14285,0,0,3111,32269,1650,3866,3116,36135,California
Alameda,2021-01-09,2033,42046,1383,27111,650,14935,0,0,1174,32584,859,4725,1174,37309,California
Alameda,2021-01-10,1068,43114,848,27959,220,15155,0,0,427,32369,642,5367,427,37736,California
Alameda,2021-01-11,4662,47776,3523,31482,1139,16294,0,0,2861,33437,1800,7167,2868,40604,California
Alameda,2021-01-12,4840,52616,3258,34740,1582,17876,0,0,3451,35503,1388,8555,3454,44058,California
Alameda,2021-01-13,5032,57648,2658,37398,2374,20250,0,0,3841,38159,1187,9742,3843,47901,California
Alameda,2021-01-14,5649,63297,2782,40180,2867,23117,0,0,4761,42044,879,10621,4764,52665,California
Alameda,2021-01-15,5833,69130,2312,42492,3521,26638,0,0,5067,46356,759,11380,5071,57736,California
Alameda,2021-01-16,3016,72146,1413,43905,1603,28241,0,0,2744,48829,272,11652,2745,60481,California
Alameda,2021-01-17,1890,74036,1090,44995,800,29041,0,0,1683,50307,206,11858,1684,62165,California
Alameda,2021-01-18,3198,77234,2056,47051,1142,30183,0,0,2604,52324,589,12447,2606,64771,California
Alameda,2021-01-19,5543,82777,3340,50391,2203,32386,0,0,4350,55485,1191,13638,4352,69123,California
Alameda,2021-01-20,6787,89564,4114,54505,2673,35059,0,0,5495,59705,1279,14917,5499,74622,California
Alameda,2021-01-21,7799,97363,3418,57923,4381,39440,0,0,6960,65837,833,15750,6965,81587,California
Alameda,2021-01-22,6860,104223,2050,59973,4810,44250,0,0,5719,70424,1134,16884,5721,87308,California
Alameda,2021-01-23,3287,107510,953,60926,2334,46584,0,0,2730,72597,557,17441,2730,90038,California
Alameda,2021-01-24,2050,109560,656,61582,1394,47978,0,0,1773,74097,273,17714,1773,91811,California
Alameda,2021-01-25,5210,114770,1975,63557,3235,51213,0,0,3625,76146,1577,19291,3626,95437,California
Alameda,2021-01-26,7326,122096,2320,65877,5006,56219,0,0,5432,79693,1886,21177,5433,100870,California
Alameda,2021-01-27,6728,128824,2073,67950,4655,60874,0,0,4868,82711,1850,23027,4868,105738,California
Alameda,2021-01-28,7901,136725,2556,70506,5345,66219,0,0,5659,86145,2226,25253,5660,111398,California
Alameda,2021-01-29,8002,144727,3200,73706,4802,71021,0,0,6163,90480,1829,27082,6164,117562,California
Alameda,2021-01-30,3438,148165,1688,75394,1750,72771,0,0,2725,92498,707,27789,2725,120287,California
Alameda,2021-01-31,1931,150096,958,76352,973,73744,0,0,1693,93956,235,28024,1693,121980,California
Alameda,2021-02-01,6504,156600,3898,80250,2606,76350,0,0,4354,96170,2141,30165,4355,126335,California
Alameda,2021-02-02,7048,163648,3794,84044,3254,79604,0,0,4718,98565,2323,32488,4718,131053,California
Alameda,2021-02-03,7101,170749,3740,87784,3361,82965,0,0,4402,100279,2693,35181,4407,135460,California
Alameda,2021-02-04,9531,180280,4148,91932,5383,88348,0,0,6413,103592,3105,38286,6418,141878,California
Alameda,2021-02-05,10333,190613,5392,97324,4941,93289,0,0,6458,106187,3869,42155,6464,148342,California
Alameda,2021-02-06,6992,197605,4434,101758,2558,95847,0,0,5858,110912,1133,43288,5858,154200,California
Alameda,2021-02-07,3599,201204,2907,104665,692,96539,0,0,2649,112615,947,44235,2650,156850,California
Alameda,2021-02-08,8141,209345,5829,110494,2312,98851,0,0,5555,115594,2578,46813,5557,162407,California
Alameda,2021-02-09,9730,219075,5865,116359,3865,102716,0,0,6060,118005,3651,50464,6062,168469,California
Alameda,2021-02-10,11481,230556,6792,123151,4689,107405,0,0,6567,119682,4898,55362,6575,175044,California
Alameda,2021-02-11,13941,244497,8006,131157,5935,113340,0,0,8370,122505,5551,60913,8374,183418,California
Alameda,2021-02-12,12558,257055,5720,136877,6838,120178,0,0,7767,125502,4773,65686,7770,191188,California
Alameda,2021-02-13,7797,264852,4052,140929,3745,123923,0,0,5829,129370,1963,67649,5831,197019,California
Alameda,2021-02-14,4042,268894,2541,143470,1501,125424,0,0,2861,131057,1177,68826,2864,199883,California
Alameda,2021-02-15,5684,274578,3191,146661,2493,127917,0,0,3700,132778,1982,70808,3703,203586,California
Alameda,2021-02-16,12542,287120,6962,153623,5580,133497,0,0,9318,138888,3214,74022,9324,212910,California
Alameda,2021-02-17,14179,301299,8426,162049,5753,139250,0,0,10533,145794,3629,77651,10535,223445,California
Alameda,2021-02-18,15914,317213,10102,172151,5812,145062,0,0,11552,152998,4354,82005,11558,235003,California
Alameda,2021-02-19,17695,334908,11484,183635,6211,151273,0,0,11713,158758,5959,87964,11719,246722,California
Alameda,2021-02-20,11896,346804,9638,193273,2258,153531,0,0,9166,165205,2725,90689,9172,255894,California
Alameda,2021-02-21,7699,354503,6768,200041,931,154462,0,0,5209,167936,2479,93168,5210,261104,California
Alameda,2021-02-22,10815,365318,8024,208065,2791,157253,0,0,6852,170847,3950,97118,6861,267965,California
Alameda,2021-02-23,12928,378246,7914,215979,5014,162267,0,0,8079,174094,4839,101957,8086,276051,California
Alameda,2021-02-24,14796,393042,8338,224317,6458,168725,0,0,9585,178537,5148,107105,9591,285642,California
Alameda,2021-02-25,15654,408696,9145,233462,6509,175234,0,0,9979,182886,5640,112745,9989,295631,California
Alameda,2021-02-26,18148,426844,10666,244128,7482,182716,0,0,11708,188202,6396,119141,11712,307343,California
Alameda,2021-02-27,14912,441756,11010,255138,3900,186616,2,2,9283,191886,5603,124744,9287,316630,California
Alameda,2021-02-28,9192,450948,7755,262893,1437,188053,0,2,6077,194874,3090,127834,6078,322708,California
Alameda,2021-03-01,13527,464475,9447,272340,4070,192123,10,12,8410,198232,5069,132903,8427,331135,California
Alameda,2021-03-02,15079,479554,10847,283187,4231,196354,1,13,9868,202918,5190,138093,9876,341011,California
Alameda,2021-03-03,15748,495302,10301,293488,5445,201799,2,15,10752,208708,4968,143061,10758,351769,California
Alameda,2021-03-04,17484,512786,11208,304696,6274,208073,2,17,11017,213294,6433,149494,11019,362788,California
Alameda,2021-03-05,16329,529115,10690,315386,5630,213703,9,26,11035,219098,5247,154741,11051,373839,California
Alameda,2021-03-06,14597,543712,10291,325677,4040,217743,266,292,9678,224171,4872,159613,9945,383784,California
Alameda,2021-03-07,9794,553506,8523,334200,1189,218932,82,374,6995,228481,2770,162383,7080,390864,California
Alameda,2021-03-08,12001,565507,7480,341680,4140,223072,381,755,8982,234877,2967,165350,9363,400227,California
Alameda,2021-03-09,14737,580244,10343,352023,3962,227034,432,1187,8055,236722,6646,171996,8491,408718,California
Alameda,2021-03-10,17573,597817,12203,364226,4809,231843,561,1748,7943,235620,9602,181598,8500,417218,California
Alameda,2021-03-11,19870,617687,11641,375867,6519,238362,1710,3458,6788,231058,13050,194648,8488,425706,California
Alameda,2021-03-12,21463,639150,12556,388423,7200,245562,1707,5165,7529,226380,13905,208553,9227,434933,California
Alameda,2021-03-13,16125,655275,10353,398776,4774,250336,998,6163,5165,221621,10924,219477,6165,441098,California
Alameda,2021-03-14,10931,666206,8039,406815,2100,252436,792,6955,3430,218351,7481,226958,4211,445309,California
Alameda,2021-03-15,14555,680761,9523,416338,4500,256936,532,7487,6346,217048,8178,235136,6875,452184,California
Alameda,2021-03-16,17335,698096,11255,427593,5539,262475,541,8028,7445,215198,9837,244973,7987,460171,California
Alameda,2021-03-17,17595,715691,9954,437547,6918,269393,723,8751,8149,214662,9405,254378,8869,469040,California
Alameda,2021-03-18,19286,734977,10512,448059,7875,277268,899,9650,8806,213923,10448,264826,9709,478749,California
Alameda,2021-03-19,19493,754470,10702,458761,6990,284258,1801,11451,7708,211688,11738,276564,9503,488252,California
Alameda,2021-03-20,15880,770350,10406,469167,4616,288874,858,12309,6454,209604,9392,285956,7308,495560,California
Alameda,2021-03-21,9282,779632,7299,476466,1426,290300,557,12866,3796,208480,5476,291432,4352,499912,California
Alameda,2021-03-22,15139,794771,10214,486680,3915,294215,1010,13876,7039,208450,8073,299505,8043,507955,California
Alameda,2021-03-23,19422,814193,11788,498468,6819,301034,815,14691,9874,209645,9500,309005,10695,518650,California
Alameda,2021-03-24,19340,833533,11733,510201,6585,307619,1022,15713,8444,208271,10832,319837,9458,528108,California
Alameda,2021-03-25,20644,854177,11492,521693,7742,315361,1410,17123,9498,208092,11075,330912,10896,539004,California
Alameda,2021-03-26,21078,875255,12726,534419,6779,322140,1573,18696,8552,205728,12478,343390,10114,549118,California
Alameda,2021-03-27,18451,893706,12583,547002,4905,327045,963,19659,7597,203463,10807,354197,8542,557660,California
Alameda,2021-03-28,10695,904401,8707,555709,1785,328830,203,19862,3530,200051,7152,361349,3740,561400,California
Alameda,2021-03-29,14806,919207,9495,565204,4313,333143,998,20860,6007,198292,8762,370111,7003,568403,California
Alameda,2021-03-30,18710,937917,9894,575098,7093,340236,1723,22583,9337,200005,9340,379451,11053,579456,California
Alameda,2021-03-31,19509,957426,10336,585434,7066,347302,2107,24690,9168,200956,10313,389764,11264,590720,California
Alameda,2021-04-01,23467,980893,10106,595540,7673,354975,5688,30378,11117,205442,12301,402065,16787,607507,California
Alameda,2021-04-02,24220,1005113,10000,605540,8348,363323,5872,36250,11709,210522,12472,414537,17552,625059,California
Alameda,2021-04-03,20430,1025543,9854,615394,5710,369033,4866,41116,10349,215669,10060,424597,15207,640266,California
Alameda,2021-04-04,10001,1035544,3997,619391,2291,371324,3713,44829,3467,216330,6514,431111,7175,647441,California
Alameda,2021-04-05,17905,1053449,7553,626944,5540,376864,4812,49641,7276,217813,10604,441715,12087,659528,California
Alameda,2021-04-06,22302,1075751,10746,637690,5692,382556,5864,55505,10108,221617,12157,453872,15961,675489,California
Alameda,2021-04-07,22642,1098393,11623,649313,5538,388094,5481,60986,11457,227412,11139,465011,16934,692423,California
Alameda,2021-04-08,25668,1124061,11577,660890,6062,394156,8029,69015,10960,231788,14633,479644,19009,711432,California
Alameda,2021-04-09,23540,1147601,10738,671628,7559,401715,5243,74258,12133,237825,11374,491018,17411,728843,California
Alameda,2021-04-10,19332,1166933,7460,679088,5668,407383,6204,80462,8204,241138,11104,502122,14417,743260,California
Alameda,2021-04-11,11040,1177973,4816,683904,2275,409658,3949,84411,4497,243044,6526,508648,8432,751692,California
Alameda,2021-04-12,18139,1196112,11763,695667,4384,414042,1992,86403,10218,247368,7885,516533,12209,763901,California
Alameda,2021-04-13,23081,1219193,14630,710297,8393,422435,58,86461,16978,258366,6049,522582,17047,780948,California
Alameda,2021-04-14,23142,1242335,15200,725497,7941,430376,1,86462,15611,266491,7495,530077,15620,796568,California
Alameda,2021-04-15,24137,1266472,15415,740912,8720,439096,2,86464,16001,274428,8074,538151,16011,812579,California
Alameda,2021-04-16,24482,1290954,14433,755345,10044,449140,5,86469,15753,281525,8672,546823,15769,828348,California
Alameda,2021-04-17,20920,1311874,14456,769801,6464,455604,0,86469,14446,289546,6439,553262,14460,842808,California
Alameda,2021-04-18,9996,1321870,7648,777449,2348,457952,0,86469,6911,293406,3056,556318,6916,849724,California
Alameda,2021-04-19,15684,1337554,9763,787212,5920,463872,1,86470,9086,295944,6558,562876,9096,858820,California
Alameda,2021-04-20,18208,1355762,11136,798348,7070,470942,2,86472,9988,297779,8175,571051,10010,868830,California
Alameda,2021-04-21,19179,1374941,11227,809575,7941,478883,11,86483,11189,301061,7935,578986,11217,880047,California
Alameda,2021-04-22,21483,1396424,13845,823420,7634,486517,4,86487,11434,302530,9993,588979,11462,891509,California
Alameda,2021-04-23,21888,1418312,14154,837574,7730,494247,4,86491,12250,305236,9574,598553,12280,903789,California
Alameda,2021-04-24,19034,1437346,14461,852035,4565,498812,8,86499,10065,306396,8922,607475,10082,913871,California
Alameda,2021-04-25,9017,1446363,7007,859042,2009,500821,1,86500,5905,309227,3084,610559,5915,919786,California
Alameda,2021-04-26,13843,1460206,9656,868698,4161,504982,26,86526,8603,312658,5206,615765,8637,928423,California
Alameda,2021-04-27,15938,1476144,9471,878169,6150,511132,317,86843,7525,312164,8361,624126,7867,936290,California
Alameda,2021-04-28,16019,1492163,10206,888375,5346,516478,467,87310,6269,309191,9719,633845,6746,943036,California
Alameda,2021-04-29,16804,1508967,10067,898442,6408,522886,329,87639,6016,304819,10736,644581,6364,949400,California
Alameda,2021-04-30,19509,1528476,12017,910459,7149,530035,343,87982,7901,301573,11529,656110,8283,957683,California
Alameda,2021-05-01,14000,1542476,9348,919807,4448,534483,204,88186,5227,298300,8733,664843,5460,963143,California
Alameda,2021-05-02,7060,1549536,4916,924723,1975,536458,169,88355,2874,297179,4169,669012,3048,966191,California
Alameda,2021-05-03,14506,1564042,10917,935640,3268,539726,321,88676,2853,288770,11610,680622,3201,969392,California
Alameda,2021-05-04,18316,1582358,13148,948788,4810,544536,358,89034,3687,278293,14553,695175,4076,973468,California
Alameda,2021-05-05,18330,1600688,13309,962097,4513,549049,508,89542,3752,268053,14514,709689,4274,977742,California
Alameda,2021-05-06,18679,1619367,14116,976213,3867,552916,696,90238,3660,257481,14940,724629,4368,982110,California
Alameda,2021-05-07,19155,1638522,12872,989085,5869,558785,414,90652,4377,247581,14709,739338,4809,986919,California
Alameda,2021-05-08,16476,1654998,11269,1000354,4994,563779,213,90865,3111,237593,13327,752665,3339,990258,California
Alameda,2021-05-09,8523,1663521,6967,1007321,1413,565192,143,91008,1452,232141,7050,759715,1598,991856,California
Alameda,2021-05-10,10103,1673624,6899,1014220,2878,568070,326,91334,2484,227372,7587,767302,2818,994674,California
Alameda,2021-05-11,14986,1688610,8009,1022229,6678,574748,299,91633,2703,218170,12236,779538,3034,997708,California
Alameda,2021-05-12,12623,1701233,8271,1030500,3938,578686,414,92047,2621,211269,9961,789499,3060,1000768,California
Alameda,2021-05-13,16776,1718009,11986,1042486,4270,582956,520,92567,5171,205428,11562,801061,5721,1006489,California
Alameda,2021-05-14,20502,1738511,13871,1056357,6154,589110,477,93044,7033,199559,13392,814453,7523,1014012,California
Alameda,2021-05-15,17079,1755590,12429,1068786,4423,593533,227,93271,5796,194348,11241,825694,6030,1020042,California
Alameda,2021-05-16,8392,1763982,7164,1075950,1135,594668,93,93364,2804,191693,5557,831251,2902,1022944,California
Alameda,2021-05-17,13389,1777371,9964,1085914,2894,597562,531,93895,4333,187549,9022,840273,4878,1027822,California
Alameda,2021-05-18,14139,1791510,10257,1096171,3458,601020,424,94319,5144,184168,8952,849225,5571,1033393,California
Alameda,2021-05-19,14409,1805919,9862,1106033,4214,605234,333,94652,6168,182482,8190,857415,6504,1039897,California
Alameda,2021-05-20,11682,1817601,7809,1113842,3406,608640,467,95119,5388,182087,6251,863666,5856,1045753,California
Alameda,2021-05-21,13563,1831164,8927,1122769,4405,613045,231,95350,4595,178003,8909,872575,4825,1050578,California
Alameda,2021-05-22,8970,1840134,6621,1129390,2204,615249,145,95495,3735,176675,5209,877784,3881,1054459,California
Alameda,2021-05-23,3784,1843918,3079,1132469,636,615885,69,95564,1178,175329,2594,880378,1248,1055707,California
Alameda,2021-05-24,6996,1850914,3985,1136454,2749,618634,262,95826,2804,174237,4161,884539,3069,1058776,California
Alameda,2021-05-25,7965,1858879,5147,1141601,2562,621196,256,96082,3631,173820,4303,888842,3886,1062662,California
Alameda,2021-05-26,8194,1867073,5126,1146727,2765,623961,303,96385,3823,173589,4352,893194,4121,1066783,California
Alameda,2021-05-27,8045,1875118,4833,1151560,2859,626820,353,96738,3550,173023,4465,897659,3899,1070682,California
Alameda,2021-05-28,8624,1883742,5060,1156620,3341,630161,223,96961,3676,172007,4916,902575,3900,1074582,California
Alameda,2021-05-29,4943,1888685,2967,1159587,1789,631950,187,97148,2579,172428,2345,904920,2766,1077348,California
Alameda,2021-05-30,2429,1891114,1583,1161170,759,632709,87,97235,974,172043,1445,906365,1060,1078408,California
Alameda,2021-05-31,1137,1892251,841,1162011,243,632952,53,97288,341,171656,781,907146,394,1078802,California
Alameda,2021-06-01,7095,1899346,4982,1166993,1877,634829,236,97524,3153,171136,3906,911052,3386,1082188,California
Alameda,2021-06-02,5733,1905079,3592,1170585,1933,636762,208,97732,2394,170428,3307,914359,2599,1084787,California
Alameda,2021-06-03,5563,1910642,4131,1174716,1234,637996,198,97930,1836,168753,3706,918065,2031,1086818,California
Alpine,2020-12-18,2,2,2,2,0,0,0,0,2,2,0,0,2,2,California
Alpine,2020-12-19,2,4,2,4,0,0,0,0,2,4,0,0,2,4,California
Alpine,2020-12-21,2,6,2,6,0,0,0,0,2,6,0,0,2,6,California
Alpine,2020-12-30,14,20,0,6,14,14,0,0,14,20,0,0,14,20,California
Alpine,2020-12-31,1,21,0,6,1,15,0,0,1,21,0,0,1,21,California
Alpine,2021-01-01,1,22,0,6,1,16,0,0,1,22,0,0,1,22,California
Alpine,2021-01-02,1,23,1,7,0,16,0,0,1,23,0,0,1,23,California
Alpine,2021-01-04,10,33,0,7,10,26,0,0,10,33,0,0,10,33,California
Alpine,2021-01-05,9,42,1,8,8,34,0,0,9,42,0,0,9,42,California
Alpine,2021-01-06,31,73,0,8,31,65,0,0,31,73,0,0,31,73,California
Alpine,2021-01-07,8,81,0,8,8,73,0,0,8,81,0,0,8,81,California
Alpine,2021-01-08,4,85,2,10,2,75,0,0,2,81,2,2,2,83,California
Alpine,2021-01-09,2,87,2,12,0,75,0,0,0,79,2,4,0,83,California
Alpine,2021-01-11,32,119,1,13,31,106,0,0,31,109,1,5,31,114,California
Alpine,2021-01-13,35,154,0,13,35,141,0,0,35,144,0,5,35,149,California
Alpine,2021-01-14,1,155,0,13,1,142,0,0,1,145,0,5,1,150,California
Alpine,2021-01-15,1,156,0,13,1,143,0,0,1,146,0,5,1,151,California
Alpine,2021-01-20,21,177,0,13,21,164,0,0,21,167,0,5,21,172,California
Alpine,2021-01-21,1,178,0,13,1,165,0,0,1,168,0,5,1,173,California
Alpine,2021-01-22,33,211,0,13,33,198,0,0,33,201,0,5,33,206,California
Alpine,2021-01-23,1,212,1,14,0,198,0,0,0,200,1,6,0,206,California
Alpine,2021-01-25,16,228,0,14,16,214,0,0,16,216,0,6,16,222,California
Alpine,2021-01-27,1,229,1,15,0,214,0,0,0,215,1,7,0,222,California
Alpine,2021-01-28,1,230,0,15,1,215,0,0,0,214,1,8,0,222,California
Alpine,2021-01-29,1,231,0,15,1,216,0,0,1,215,0,8,1,223,California
Alpine,2021-02-01,25,256,0,15,25,241,0,0,7,204,18,26,7,230,California
Alpine,2021-02-03,34,290,0,15,34,275,0,0,10,190,24,50,10,240,California
Alpine,2021-02-04,8,298,0,15,8,283,0,0,3,188,5,55,3,243,California
Alpine,2021-02-05,31,329,0,15,31,314,0,0,12,181,19,74,12,255,California
Alpine,2021-02-08,32,361,0,15,32,346,0,0,4,157,28,102,4,259,California
Alpine,2021-02-10,34,395,0,15,34,380,0,0,0,123,34,136,0,259,California
Alpine,2021-02-11,6,401,0,15,6,386,0,0,3,123,3,139,3,262,California
Alpine,2021-02-12,1,402,0,15,1,387,0,0,0,122,1,140,0,262,California
Alpine,2021-02-17,23,425,0,15,23,410,0,0,3,105,20,160,3,265,California
Alpine,2021-02-18,2,427,0,15,2,412,0,0,1,105,1,161,1,266,California
Alpine,2021-02-19,34,461,1,16,33,445,0,0,2,75,32,193,2,268,California
Alpine,2021-02-22,27,488,0,16,27,472,0,0,8,64,19,212,8,276,California
Alpine,2021-02-24,1,489,1,17,0,472,0,0,1,65,0,212,1,277,California
Alpine,2021-02-25,6,495,1,18,5,477,0,0,6,71,0,212,6,283,California
Alpine,2021-02-26,30,525,1,19,29,506,0,0,29,99,1,213,29,312,California
Alpine,2021-02-27,1,526,0,19,1,507,0,0,1,100,0,213,1,313,California
Alpine,2021-03-01,36,562,0,19,36,543,0,0,26,116,10,223,26,339,California
Alpine,2021-03-03,29,591,0,19,29,572,0,0,18,123,11,234,18,357,California
Alpine,2021-03-04,11,602,1,20,10,582,0,0,11,134,0,234,11,368,California
Alpine,2021-03-05,30,632,0,20,30,612,0,0,22,148,8,242,22,390,California
Alpine,2021-03-08,31,663,0,20,31,643,0,0,29,175,2,244,29,419,California
Alpine,2021-03-10,73,736,0,20,73,716,0,0,73,248,0,244,73,492,California
Alpine,2021-03-11,35,771,0,20,35,751,0,0,31,275,4,248,31,523,California
Alpine,2021-03-12,19,790,0,20,19,770,0,0,17,290,2,250,17,540,California
Alpine,2021-03-15,21,811,1,21,20,790,0,0,20,309,1,251,20,560,California
Alpine,2021-03-17,23,834,0,21,22,812,1,1,19,325,4,255,20,580,California
Alpine,2021-03-18,38,872,3,24,35,847,0,1,35,357,3,258,35,615,California
Alpine,2021-03-19,2,874,1,25,1,848,0,1,1,357,1,259,1,616,California
Alpine,2021-03-22,24,898,0,25,24,872,0,1,15,363,9,268,15,631,California
Alpine,2021-03-24,19,917,0,25,19,891,0,1,8,360,11,279,8,639,California
Alpine,2021-03-25,35,952,1,26,33,924,1,2,28,382,7,286,29,668,California
Alpine,2021-03-27,1,953,0,26,1,925,0,2,0,381,1,287,0,668,California
Alpine,2021-03-28,1,954,1,27,0,925,0,2,1,382,0,287,1,669,California
Alpine,2021-03-29,19,973,0,27,18,943,1,3,2,368,17,304,3,672,California
Alpine,2021-04-01,18,991,0,27,18,961,0,3,8,366,10,314,8,680,California
Alpine,2021-04-02,101,1092,1,28,100,1061,0,3,46,358,54,368,46,726,California
Alpine,2021-04-05,4,1096,1,29,3,1064,0,3,0,354,4,372,0,726,California
Alpine,2021-04-06,3,1099,2,31,1,1065,0,3,2,355,1,373,2,728,California
Alpine,2021-04-07,117,1216,0,31,116,1181,1,4,30,300,86,459,31,759,California
Alpine,2021-04-08,36,1252,0,31,35,1216,1,5,10,285,26,485,11,770,California
Alpine,2021-04-09,2,1254,0,31,2,1218,0,5,2,287,0,485,2,772,California
Alpine,2021-04-14,47,1301,0,31,47,1265,0,5,10,260,37,522,10,782,California
Alpine,2021-04-15,35,1336,0,31,35,1300,0,5,3,231,32,554,3,785,California
Alpine,2021-04-16,1,1337,0,31,1,1301,0,5,1,232,0,554,1,786,California
Alpine,2021-04-19,1,1338,0,31,1,1302,0,5,1,233,0,554,1,787,California
Alpine,2021-04-21,31,1369,0,31,31,1333,0,5,15,232,16,570,15,802,California
Alpine,2021-04-22,24,1393,0,31,24,1357,0,5,1,210,23,593,1,803,California
Alpine,2021-04-24,2,1395,2,33,0,1357,0,5,0,209,2,595,1,804,California
Alpine,2021-04-25,1,1396,1,34,0,1357,0,5,0,208,1,596,0,804,California
Alpine,2021-04-27,2,1398,1,35,1,1358,0,5,1,208,1,597,1,805,California
Alpine,2021-04-28,36,1434,0,35,36,1394,0,5,6,184,30,627,6,811,California
Alpine,2021-04-29,7,1441,1,36,6,1400,0,5,1,179,6,633,1,812,California
Alpine,2021-04-30,2,1443,1,37,0,1400,1,6,1,180,1,634,2,814,California
Alpine,2021-05-02,1,1444,0,37,0,1400,1,7,0,180,1,635,1,815,California
Alpine,2021-05-05,17,1461,0,37,17,1417,0,7,4,171,13,648,4,819,California
Alpine,2021-05-06,8,1469,0,37,8,1425,0,7,0,163,8,656,0,819,California
Alpine,2021-05-07,1,1470,0,37,1,1426,0,7,0,162,1,657,0,819,California
Alpine,2021-05-10,1,1471,0,37,1,1427,0,7,1,163,0,657,1,820,California
Alpine,2021-05-12,1,1472,0,37,0,1427,1,8,0,163,1,658,1,821,California
Alpine,2021-05-13,3,1475,0,37,3,1430,0,8,0,160,3,661,0,821,California
Alpine,2021-05-17,2,1477,0,37,2,1432,0,8,1,160,1,662,1,822,California
Alpine,2021-05-18,1,1478,0,37,1,1433,0,8,1,161,0,662,1,823,California
Alpine,2021-05-19,15,1493,0,37,15,1448,0,8,0,146,15,677,0,823,California
Alpine,2021-05-20,1,1494,1,38,0,1448,0,8,0,145,1,678,0,823,California
Alpine,2021-05-21,1,1495,1,39,0,1448,0,8,0,144,1,679,0,823,California
Alpine,2021-05-25,2,1497,0,39,2,1450,0,8,0,142,2,681,0,823,California
Alpine,2021-05-27,1,1498,0,39,1,1451,0,8,1,143,0,681,1,824,California
Alpine,2021-05-28,1,1499,1,40,0,1451,0,8,1,144,0,681,1,825,California
Alpine,2021-05-29,1,1500,0,40,1,1452,0,8,1,145,0,681,1,826,California
Alpine,2021-06-02,7,1507,0,40,7,1459,0,8,0,138,7,688,0,826,California
Amador,2020-12-16,2,2,2,2,0,0,0,0,2,2,0,0,2,2,California
Amador,2020-12-17,5,7,5,7,0,0,0,0,5,7,0,0,5,7,California
Amador,2020-12-18,45,52,45,52,0,0,0,0,45,52,0,0,45,52,California
Amador,2020-12-19,17,69,17,69,0,0,0,0,17,69,0,0,17,69,California
Amador,2020-12-20,4,73,4,73,0,0,0,0,4,73,0,0,4,73,California
Amador,2020-12-21,31,104,31,104,0,0,0,0,31,104,0,0,31,104,California
Amador,2020-12-22,35,139,34,138,1,1,0,0,35,139,0,0,35,139,California
Amador,2020-12-23,40,179,39,177,1,2,0,0,40,179,0,0,40,179,California
Amador,2020-12-24,5,184,3,180,2,4,0,0,5,184,0,0,5,184,California
Amador,2020-12-26,5,189,4,184,1,5,0,0,5,189,0,0,5,189,California
Amador,2020-12-27,1,190,0,184,1,6,0,0,1,190,0,0,1,190,California
Amador,2020-12-28,31,221,27,211,4,10,0,0,31,221,0,0,31,221,California
Amador,2020-12-29,26,247,19,230,7,17,0,0,26,247,0,0,26,247,California
Amador,2020-12-30,124,371,78,308,46,63,0,0,124,371,0,0,124,371,California
Amador,2020-12-31,192,563,167,475,25,88,0,0,192,563,0,0,192,563,California
Amador,2021-01-01,2,565,0,475,2,90,0,0,2,565,0,0,2,565,California
Amador,2021-01-02,56,621,56,531,0,90,0,0,56,621,0,0,56,621,California
Amador,2021-01-03,65,686,17,548,48,138,0,0,65,686,0,0,65,686,California
Amador,2021-01-04,124,810,1,549,123,261,0,0,124,810,0,0,124,810,California
Amador,2021-01-05,33,843,3,552,30,291,0,0,31,840,2,2,32,842,California
Amador,2021-01-06,40,883,10,562,30,321,0,0,36,872,4,6,36,878,California
Amador,2021-01-07,230,1113,69,631,161,482,0,0,218,1078,12,18,218,1096,California
Amador,2021-01-08,85,1198,70,701,15,497,0,0,41,1076,44,62,42,1138,California
Amador,2021-01-09,11,1209,11,712,0,497,0,0,2,1069,9,71,2,1140,California
Amador,2021-01-10,6,1215,4,716,2,499,0,0,2,1067,4,75,2,1142,California
Amador,2021-01-11,125,1340,44,760,81,580,0,0,88,1119,37,112,89,1231,California
Amador,2021-01-12,65,1405,50,810,15,595,0,0,41,1136,24,136,41,1272,California
Amador,2021-01-13,40,1445,24,834,16,611,0,0,28,1152,12,148,28,1300,California
Amador,2021-01-14,150,1595,22,856,128,739,0,0,140,1283,10,158,141,1441,California
Amador,2021-01-15,60,1655,25,881,35,774,0,0,52,1327,8,166,52,1493,California
Amador,2021-01-16,18,1673,11,892,7,781,0,0,12,1334,6,172,13,1506,California
Amador,2021-01-17,25,1698,5,897,20,801,0,0,25,1359,0,172,25,1531,California
Amador,2021-01-18,32,1730,28,925,4,805,0,0,10,1347,22,194,10,1541,California
Amador,2021-01-19,125,1855,100,1025,25,830,0,0,81,1384,44,238,81,1622,California
Amador,2021-01-20,184,2039,34,1059,150,980,0,0,168,1537,15,253,168,1790,California
Amador,2021-01-21,259,2298,228,1287,31,1011,0,0,148,1575,111,364,149,1939,California
Amador,2021-01-22,137,2435,74,1361,63,1074,0,0,130,1698,7,371,130,2069,California
Amador,2021-01-23,52,2487,32,1393,20,1094,0,0,50,1746,2,373,50,2119,California
Amador,2021-01-24,29,2516,12,1405,17,1111,0,0,26,1769,3,376,26,2145,California
Amador,2021-01-25,59,2575,28,1433,31,1142,0,0,42,1794,17,393,42,2187,California
Amador,2021-01-26,246,2821,17,1450,229,1371,0,0,236,2020,10,403,236,2423,California
Amador,2021-01-27,302,3123,33,1483,269,1640,0,0,255,2231,45,448,256,2679,California
Amador,2021-01-28,369,3492,97,1580,272,1912,0,0,288,2439,81,529,289,2968,California
Amador,2021-01-29,97,3589,32,1612,65,1977,0,0,82,2506,15,544,82,3050,California
Amador,2021-01-30,169,3758,37,1649,132,2109,0,0,164,2665,5,549,164,3214,California
Amador,2021-01-31,32,3790,28,1677,4,2113,0,0,31,2695,1,550,31,3245,California
Amador,2021-02-01,64,3854,23,1700,41,2154,0,0,37,2705,27,577,37,3282,California
Amador,2021-02-02,213,4067,64,1764,149,2303,0,0,127,2749,83,660,127,3409,California
Amador,2021-02-03,142,4209,39,1803,103,2406,0,0,91,2790,50,710,91,3500,California
Amador,2021-02-04,251,4460,74,1877,177,2583,0,0,164,2869,87,797,166,3666,California
Amador,2021-02-05,332,4792,64,1941,268,2851,0,0,316,3169,16,813,316,3982,California
Amador,2021-02-06,99,4891,80,2021,19,2870,0,0,95,3260,4,817,95,4077,California
Amador,2021-02-07,39,4930,35,2056,4,2874,0,0,35,3292,4,821,36,4113,California
Amador,2021-02-08,91,5021,63,2119,28,2902,0,0,73,3347,18,839,73,4186,California
Amador,2021-02-09,175,5196,82,2201,93,2995,0,0,109,3390,66,905,109,4295,California
Amador,2021-02-10,980,6176,80,2281,900,3895,0,0,946,4302,34,939,946,5241,California
Amador,2021-02-11,310,6486,120,2401,190,4085,0,0,199,4392,109,1048,199,5440,California
Amador,2021-02-12,331,6817,122,2523,209,4294,0,0,257,4575,74,1122,257,5697,California
Amador,2021-02-13,168,6985,82,2605,86,4380,0,0,142,4691,26,1148,142,5839,California
Amador,2021-02-14,123,7108,54,2659,69,4449,0,0,106,4780,17,1165,106,5945,California
Amador,2021-02-15,188,7296,61,2720,127,4576,0,0,171,4935,16,1181,171,6116,California
Amador,2021-02-16,465,7761,53,2773,412,4988,0,0,426,5323,39,1220,427,6543,California
Amador,2021-02-17,263,8024,84,2857,179,5167,0,0,165,5390,98,1318,165,6708,California
Amador,2021-02-18,397,8421,99,2956,298,5465,0,0,333,5659,64,1382,333,7041,California
Amador,2021-02-19,195,8616,77,3033,118,5583,0,0,111,5686,84,1466,111,7152,California
Amador,2021-02-20,95,8711,33,3066,62,5645,0,0,67,5725,28,1494,67,7219,California
Amador,2021-02-21,45,8756,34,3100,11,5656,0,0,14,5708,31,1525,14,7233,California
Amador,2021-02-22,65,8821,25,3125,40,5696,0,0,32,5708,32,1557,32,7265,California
Amador,2021-02-23,320,9141,54,3179,266,5962,0,0,139,5666,181,1738,139,7404,California
Amador,2021-02-24,397,9538,58,3237,339,6301,0,0,264,5801,129,1867,264,7668,California
Amador,2021-02-25,524,10062,119,3356,405,6706,0,0,278,5834,245,2112,278,7946,California
Amador,2021-02-26,623,10685,76,3432,547,7253,0,0,509,6229,114,2226,509,8455,California
Amador,2021-02-27,292,10977,93,3525,199,7452,0,0,101,6142,190,2416,103,8558,California
Amador,2021-02-28,104,11081,53,3578,51,7503,0,0,58,6156,46,2462,60,8618,California
Amador,2021-03-01,191,11272,67,3645,124,7627,0,0,121,6208,70,2532,122,8740,California
Amador,2021-03-02,381,11653,63,3708,318,7945,0,0,332,6492,49,2581,333,9073,California
Amador,2021-03-03,243,11896,79,3787,164,8109,0,0,167,6585,75,2656,168,9241,California
Amador,2021-03-04,498,12394,116,3903,382,8491,0,0,395,6878,102,2758,395,9636,California
Amador,2021-03-05,513,12907,77,3980,436,8927,0,0,294,6956,218,2976,296,9932,California
Amador,2021-03-06,99,13006,46,4026,52,8979,1,1,54,6966,45,3021,55,9987,California
Amador,2021-03-07,65,13071,44,4070,21,9000,0,1,22,6945,43,3064,22,10009,California
Amador,2021-03-08,153,13224,71,4141,81,9081,1,2,92,6977,61,3125,93,10102,California
Amador,2021-03-09,373,13597,50,4191,323,9404,0,2,293,7193,77,3202,293,10395,California
Amador,2021-03-10,516,14113,77,4268,437,9841,2,4,112,6905,404,3606,116,10511,California
Amador,2021-03-11,475,14588,118,4386,346,10187,11,15,300,7045,174,3780,314,10825,California
Amador,2021-03-12,567,15155,66,4452,494,10681,7,22,336,7163,230,4010,348,11173,California
Amador,2021-03-13,115,15270,18,4470,90,10771,7,29,74,7207,41,4051,85,11258,California
Amador,2021-03-14,89,15359,19,4489,67,10838,3,32,21,7163,68,4119,24,11282,California
Amador,2021-03-15,180,15539,26,4515,147,10985,7,39,55,7101,125,4244,63,11345,California
Amador,2021-03-16,454,15993,54,4569,390,11375,10,49,139,6937,313,4557,149,11494,California
Amador,2021-03-17,198,16191,43,4612,152,11527,3,52,119,6981,79,4636,123,11617,California
Amador,2021-03-18,479,16670,102,4714,373,11900,4,56,253,7016,226,4862,261,11878,California
Amador,2021-03-19,541,17211,56,4770,468,12368,17,73,391,7279,148,5010,411,12289,California
Amador,2021-03-20,110,17321,46,4816,63,12431,1,74,46,7265,63,5073,49,12338,California
Amador,2021-03-21,48,17369,36,4852,11,12442,1,75,31,7283,16,5089,34,12372,California
Amador,2021-03-22,116,17485,34,4886,53,12495,29,104,52,7300,64,5153,81,12453,California
Amador,2021-03-23,434,17919,47,4933,380,12875,7,111,275,7425,158,5311,283,12736,California
Amador,2021-03-24,343,18262,36,4969,54,12929,253,364,35,7406,307,5618,288,13024,California
Amador,2021-03-25,607,18869,85,5054,516,13445,6,370,395,7596,211,5829,401,13425,California
Amador,2021-03-26,746,19615,44,5098,696,14141,6,376,282,7425,462,6291,291,13716,California
Amador,2021-03-27,90,19705,15,5113,73,14214,2,378,27,7393,63,6354,31,13747,California
Amador,2021-03-28,70,19775,16,5129,52,14266,2,380,12,7351,57,6411,15,13762,California
Amador,2021-03-29,182,19957,27,5156,154,14420,1,381,81,7339,99,6510,87,13849,California
Amador,2021-03-30,535,20492,28,5184,506,14926,1,382,294,7394,240,6750,295,14144,California
Amador,2021-03-31,199,20691,57,5241,137,15063,5,387,43,7287,155,6905,48,14192,California
Amador,2021-04-01,614,21305,87,5328,527,15590,0,387,263,7203,349,7254,265,14457,California
Amador,2021-04-02,607,21912,38,5366,557,16147,12,399,381,7373,225,7479,395,14852,California
Amador,2021-04-03,84,21996,21,5387,43,16190,20,419,21,7353,63,7542,43,14895,California
Amador,2021-04-04,38,22034,3,5390,29,16219,6,425,15,7351,23,7565,21,14916,California
Amador,2021-04-05,145,22179,52,5442,76,16295,17,442,49,7324,95,7660,68,14984,California
Amador,2021-04-06,502,22681,38,5480,446,16741,18,460,222,7286,278,7938,240,15224,California
Amador,2021-04-07,98,22779,34,5514,45,16786,19,479,41,7291,55,7993,60,15284,California
Amador,2021-04-08,497,23276,86,5600,390,17176,21,500,222,7260,274,8267,243,15527,California
Amador,2021-04-09,480,23756,20,5620,441,17617,19,519,211,7220,268,8535,228,15755,California
Amador,2021-04-10,50,23806,14,5634,27,17644,9,528,22,7223,28,8563,31,15786,California
Amador,2021-04-11,50,23856,25,5659,21,17665,4,532,23,7224,26,8589,27,15813,California
Amador,2021-04-12,98,23954,26,5685,62,17727,10,542,42,7220,56,8645,52,15865,California
Amador,2021-04-13,345,24299,50,5735,295,18022,0,542,68,7012,276,8921,68,15933,California
Amador,2021-04-14,281,24580,27,5762,254,18276,0,542,175,7084,103,9024,175,16108,California
Amador,2021-04-15,332,24912,74,5836,258,18534,0,542,71,6899,256,9280,71,16179,California
Amador,2021-04-16,482,25394,29,5865,453,18987,0,542,385,7188,96,9376,385,16564,California
Amador,2021-04-17,60,25454,34,5899,26,19013,0,542,25,7178,35,9411,25,16589,California
Amador,2021-04-18,26,25480,6,5905,20,19033,0,542,11,7175,14,9425,11,16600,California
Amador,2021-04-19,69,25549,27,5932,42,19075,0,542,30,7169,38,9463,32,16632,California
Amador,2021-04-20,436,25985,55,5987,381,19456,0,542,111,6964,318,9781,113,16745,California
Amador,2021-04-21,85,26070,33,6020,52,19508,0,542,43,6966,41,9822,43,16788,California
Amador,2021-04-22,497,26567,78,6098,418,19926,1,543,104,6685,386,10208,105,16893,California
Amador,2021-04-23,358,26925,46,6144,312,20238,0,543,285,6900,72,10280,287,17180,California
Amador,2021-04-24,48,26973,24,6168,24,20262,0,543,27,6907,20,10300,27,17207,California
Amador,2021-04-25,41,27014,19,6187,22,20284,0,543,29,6924,12,10312,29,17236,California
Amador,2021-04-26,87,27101,26,6213,60,20344,1,544,41,6921,45,10357,42,17278,California
Amador,2021-04-27,492,27593,39,6252,452,20796,1,545,87,6607,403,10760,89,17367,California
Amador,2021-04-28,67,27660,29,6281,34,20830,4,549,39,6622,28,10788,43,17410,California
Amador,2021-04-29,222,27882,69,6350,44,20874,109,658,64,6636,158,10946,172,17582,California
Amador,2021-04-30,339,28221,27,6377,308,21182,4,662,96,6493,243,11189,100,17682,California
Amador,2021-05-01,42,28263,16,6393,22,21204,4,666,22,6501,18,11207,26,17708,California
Amador,2021-05-02,27,28290,14,6407,10,21214,3,669,10,6498,17,11224,14,17722,California
Amador,2021-05-03,67,28357,33,6440,24,21238,10,679,27,6495,40,11264,37,17759,California
Amador,2021-05-04,465,28822,26,6466,432,21670,7,686,68,6173,397,11661,75,17834,California
Amador,2021-05-05,202,29024,153,6619,39,21709,10,696,163,6306,38,11699,171,18005,California
Amador,2021-05-06,108,29132,54,6673,49,21758,5,701,63,6331,43,11742,68,18073,California
Amador,2021-05-07,126,29258,29,6702,90,21848,7,708,66,6344,60,11802,73,18146,California
Amador,2021-05-08,41,29299,8,6710,30,21878,3,711,20,6346,21,11823,23,18169,California
Amador,2021-05-09,15,29314,0,6710,9,21887,6,717,4,6345,11,11834,10,18179,California
Amador,2021-05-10,62,29376,15,6725,44,21931,3,720,26,6338,36,11870,29,18208,California
Amador,2021-05-11,102,29478,34,6759,42,21973,26,746,45,6352,57,11927,71,18279,California
Amador,2021-05-12,63,29541,21,6780,41,22014,1,747,29,6348,34,11961,30,18309,California
Amador,2021-05-13,73,29614,39,6819,28,22042,6,753,36,6355,35,11996,42,18351,California
Amador,2021-05-14,395,30009,35,6854,356,22398,4,757,87,6138,308,12304,91,18442,California
Amador,2021-05-15,51,30060,20,6874,20,22418,11,768,23,6145,28,12332,35,18477,California
Amador,2021-05-16,38,30098,15,6889,23,22441,0,768,17,6141,21,12353,17,18494,California
Amador,2021-05-17,75,30173,22,6911,51,22492,2,770,36,6141,38,12391,38,18532,California
Amador,2021-05-18,247,30420,169,7080,43,22535,35,805,163,6256,83,12474,198,18730,California
Amador,2021-05-19,73,30493,22,7102,47,22582,4,809,33,6256,39,12513,39,18769,California
Amador,2021-05-20,79,30572,45,7147,31,22613,3,812,31,6243,47,12560,34,18803,California
Amador,2021-05-21,266,30838,29,7176,235,22848,2,814,40,6059,226,12786,42,18845,California
Amador,2021-05-22,41,30879,16,7192,20,22868,5,819,16,6055,25,12811,21,18866,California
Amador,2021-05-23,23,30902,7,7199,15,22883,1,820,8,6049,15,12826,9,18875,California
Amador,2021-05-24,87,30989,28,7227,47,22930,12,832,40,6055,46,12872,52,18927,California
Amador,2021-05-25,140,31129,88,7315,27,22957,25,857,82,6106,56,12928,107,19034,California
Amador,2021-05-26,204,31333,161,7476,37,22994,6,863,42,5992,161,13089,47,19081,California
Amador,2021-05-27,78,31411,36,7512,34,23028,8,871,29,5980,49,13138,37,19118,California
Amador,2021-05-28,65,31476,23,7535,39,23067,3,874,26,5970,39,13177,29,19147,California
Amador,2021-05-29,25,31501,1,7536,21,23088,3,877,11,5970,14,13191,14,19161,California
Amador,2021-05-30,18,31519,4,7540,8,23096,6,883,5,5968,13,13204,11,19172,California
Amador,2021-05-31,10,31529,0,7540,9,23105,1,884,2,5963,8,13212,3,19175,California
Amador,2021-06-01,82,31611,60,7600,18,23123,4,888,34,5954,47,13259,38,19213,California
Amador,2021-06-02,40,31651,15,7615,18,23141,7,895,15,5952,25,13284,23,19236,California
Amador,2021-06-03,19,31670,3,7618,14,23155,2,897,6,5947,13,13297,8,19244,California
Butte,2020-12-16,3,3,3,3,0,0,0,0,3,3,0,0,3,3,California
Butte,2020-12-17,21,24,21,24,0,0,0,0,21,24,0,0,21,24,California
Butte,2020-12-18,50,74,50,74,0,0,0,0,50,74,0,0,50,74,California
Butte,2020-12-19,7,81,7,81,0,0,0,0,7,81,0,0,7,81,California
Butte,2020-12-20,10,91,10,91,0,0,0,0,10,91,0,0,10,91,California
Butte,2020-12-21,635,726,635,726,0,0,0,0,635,726,0,0,635,726,California
Butte,2020-12-22,619,1345,617,1343,2,2,0,0,619,1345,0,0,619,1345,California
Butte,2020-12-23,878,2223,862,2205,16,18,0,0,878,2223,0,0,878,2223,California
Butte,2020-12-24,159,2382,155,2360,4,22,0,0,159,2382,0,0,159,2382,California
Butte,2020-12-26,93,2475,91,2451,2,24,0,0,93,2475,0,0,93,2475,California
Butte,2020-12-27,35,2510,34,2485,1,25,0,0,35,2510,0,0,35,2510,California
Butte,2020-12-28,279,2789,273,2758,6,31,0,0,279,2789,0,0,279,2789,California
Butte,2020-12-29,202,2991,178,2936,24,55,0,0,202,2991,0,0,202,2991,California
Butte,2020-12-30,514,3505,291,3227,223,278,0,0,514,3505,0,0,514,3505,California
Butte,2020-12-31,211,3716,18,3245,193,471,0,0,211,3716,0,0,211,3716,California
Butte,2021-01-01,8,3724,1,3246,7,478,0,0,8,3724,0,0,8,3724,California
Butte,2021-01-02,41,3765,38,3284,3,481,0,0,41,3765,0,0,41,3765,California
Butte,2021-01-03,3,3768,0,3284,3,484,0,0,3,3768,0,0,3,3768,California
Butte,2021-01-04,208,3976,175,3459,33,517,0,0,208,3976,0,0,208,3976,California
Butte,2021-01-05,197,4173,152,3611,45,562,0,0,196,4171,1,1,196,4172,California
Butte,2021-01-06,624,4797,397,4008,227,789,0,0,619,4786,5,6,620,4792,California
Butte,2021-01-07,761,5558,369,4377,392,1181,0,0,741,5507,20,26,741,5533,California
Butte,2021-01-08,670,6228,530,4907,140,1321,0,0,624,6085,46,72,624,6157,California
Butte,2021-01-09,12,6240,7,4914,5,1326,0,0,7,6087,5,77,7,6164,California
Butte,2021-01-10,19,6259,5,4919,14,1340,0,0,14,6096,5,82,14,6178,California
Butte,2021-01-11,985,7244,949,5868,36,1376,0,0,357,5828,628,710,360,6538,California
Butte,2021-01-12,698,7942,653,6521,45,1421,0,0,274,5678,424,1134,274,6812,California
Butte,2021-01-13,1569,9511,1075,7596,494,1915,0,0,731,5573,838,1972,733,7545,California
Butte,2021-01-14,1633,11144,892,8488,741,2656,0,0,1437,6815,195,2167,1437,8982,California
Butte,2021-01-15,1054,12198,813,9301,241,2897,0,0,945,7650,110,2277,945,9927,California
Butte,2021-01-16,586,12784,300,9601,286,3183,0,0,541,8146,45,2322,541,10468,California
Butte,2021-01-17,238,13022,64,9665,174,3357,0,0,201,8310,37,2359,201,10669,California
Butte,2021-01-18,344,13366,302,9967,42,3399,0,0,276,8519,67,2426,276,10945,California
Butte,2021-01-19,495,13861,432,10399,63,3462,0,0,223,8470,272,2698,223,11168,California
Butte,2021-01-20,1369,15230,689,11088,680,4142,0,0,1066,9233,303,3001,1066,12234,California
Butte,2021-01-21,1475,16705,867,11955,608,4750,0,0,1367,10493,107,3108,1367,13601,California
Butte,2021-01-22,1137,17842,478,12433,659,5409,0,0,1084,11524,53,3161,1084,14685,California
Butte,2021-01-23,127,17969,85,12518,42,5451,0,0,101,11599,26,3187,101,14786,California
Butte,2021-01-24,9,17978,7,12525,2,5453,0,0,9,11608,0,3187,9,14795,California
Butte,2021-01-25,656,18634,335,12860,321,5774,0,0,493,11938,163,3350,493,15288,California
Butte,2021-01-26,1469,20103,377,13237,1092,6866,0,0,1332,13133,137,3487,1332,16620,California
Butte,2021-01-27,2097,22200,705,13942,1392,8258,0,0,1366,13769,730,4217,1366,17986,California
Butte,2021-01-28,2263,24463,262,14204,2001,10259,0,0,1951,15409,311,4528,1951,19937,California
Butte,2021-01-29,1685,26148,486,14690,1199,11458,0,0,1308,16341,376,4904,1308,21245,California
Butte,2021-01-30,31,26179,8,14698,23,11481,0,0,29,16368,2,4906,29,21274,California
Butte,2021-01-31,16,26195,14,14712,2,11483,0,0,15,16382,1,4907,15,21289,California
Butte,2021-02-01,1750,27945,406,15118,1344,12827,0,0,1361,17356,387,5294,1361,22650,California
Butte,2021-02-02,1932,29877,363,15481,1569,14396,0,0,1629,18681,304,5598,1629,24279,California
Butte,2021-02-03,2741,32618,777,16258,1964,16360,0,0,1849,19640,890,6488,1849,26128,California
Butte,2021-02-04,2958,35576,324,16582,2634,18994,0,0,2402,21488,554,7042,2402,28530,California
Butte,2021-02-05,1274,36850,667,17249,607,19601,0,0,553,21321,721,7763,554,29084,California
Butte,2021-02-06,145,36995,104,17353,41,19642,0,0,63,21302,82,7845,63,29147,California
Butte,2021-02-07,37,37032,33,17386,4,19646,0,0,13,21291,24,7869,13,29160,California
Butte,2021-02-08,699,37731,548,17934,151,19797,0,0,242,21076,457,8326,242,29402,California
Butte,2021-02-09,953,38684,459,18393,494,20291,0,0,723,21569,230,8556,723,30125,California
Butte,2021-02-10,1706,40390,1190,19583,516,20807,0,0,674,21213,1030,9586,674,30799,California
Butte,2021-02-11,2202,42592,1347,20930,855,21662,0,0,1005,21021,1197,10783,1005,31804,California
Butte,2021-02-12,1003,43595,436,21366,567,22229,0,0,330,20679,672,11455,330,32134,California
Butte,2021-02-13,251,43846,43,21409,208,22437,0,0,150,20728,101,11556,150,32284,California
Butte,2021-02-14,160,44006,9,21418,151,22588,0,0,156,20880,4,11560,156,32440,California
Butte,2021-02-15,263,44269,47,21465,216,22804,0,0,198,21013,65,11625,198,32638,California
Butte,2021-02-16,733,45002,432,21897,301,23105,0,0,277,20833,457,12082,277,32915,California
Butte,2021-02-17,1517,46519,849,22746,668,23773,0,0,842,21002,673,12755,842,33757,California
Butte,2021-02-18,1559,48078,763,23509,796,24569,0,0,749,20941,810,13565,749,34506,California
Butte,2021-02-19,1169,49247,389,23898,780,25349,0,0,402,20583,760,14325,402,34908,California
Butte,2021-02-20,479,49726,32,23930,447,25796,0,0,126,20357,352,14677,126,35034,California
Butte,2021-02-21,18,49744,16,23946,2,25798,0,0,13,20365,5,14682,13,35047,California
Butte,2021-02-22,1503,51247,297,24243,1206,27004,0,0,379,19623,1121,15803,379,35426,California
Butte,2021-02-23,1635,52882,297,24540,1338,28342,0,0,463,18919,1167,16970,463,35889,California
Butte,2021-02-24,2138,55020,598,25138,1540,29882,0,0,726,18241,1404,18374,726,36615,California
Butte,2021-02-25,2076,57096,577,25715,1499,31381,0,0,656,17483,1415,19789,657,37272,California
Butte,2021-02-26,920,58016,311,26026,609,31990,0,0,396,17358,521,20310,396,37668,California
Butte,2021-02-27,237,58253,50,26076,187,32177,0,0,186,17495,49,20359,186,37854,California
Butte,2021-02-28,139,58392,16,26092,123,32300,0,0,131,17618,8,20367,131,37985,California
Butte,2021-03-01,1630,60022,177,26269,1452,33752,1,1,330,16652,1297,21664,331,38316,California
Butte,2021-03-02,1750,61772,198,26467,1552,35304,0,1,313,15532,1433,23097,313,38629,California
Butte,2021-03-03,2788,64560,851,27318,1937,37241,0,1,482,13711,2304,25401,483,39112,California
Butte,2021-03-04,3152,67712,683,28001,2469,39710,0,1,628,11816,2523,27924,628,39740,California
Butte,2021-03-05,1355,69067,617,28618,737,40447,1,2,737,11940,614,28538,738,40478,California
Butte,2021-03-06,247,69314,27,28645,197,40644,23,25,186,12089,60,28598,209,40687,California
Butte,2021-03-07,54,69368,3,28648,34,40678,17,42,29,12110,25,28623,46,40733,California
Butte,2021-03-08,1267,70635,129,28777,1060,41738,78,120,1101,13126,163,28786,1179,41912,California
Butte,2021-03-09,1905,72540,284,29061,1518,43256,103,223,1414,14155,488,29274,1517,43429,California
Butte,2021-03-10,2318,74858,966,30027,1251,44507,101,324,1577,15096,736,30010,1677,45106,California
Butte,2021-03-11,2813,77671,1319,31346,1368,45875,126,450,1983,16386,819,30829,2109,47215,California
Butte,2021-03-12,1147,78818,330,31676,468,46343,349,799,356,16307,785,31614,706,47921,California
Butte,2021-03-13,255,79073,69,31745,137,46480,49,848,62,16225,193,31807,111,48032,California
Butte,2021-03-14,162,79235,16,31761,104,46584,42,890,20,16146,141,31948,62,48094,California
Butte,2021-03-15,1745,80980,360,32121,1091,47675,294,1184,1149,17001,588,32536,1443,49537,California
Butte,2021-03-16,1654,82634,416,32537,1160,48835,78,1262,1113,17653,538,33074,1190,50727,California
Butte,2021-03-17,1957,84591,1358,33895,518,49353,81,1343,1138,18060,811,33885,1218,51945,California
Butte,2021-03-18,1811,86402,1466,35361,216,49569,129,1472,1065,18513,740,34625,1193,53138,California
Butte,2021-03-19,702,87104,314,35675,304,49873,84,1556,348,18601,344,34969,432,53570,California
Butte,2021-03-20,208,87312,32,35707,160,50033,16,1572,96,18601,112,35081,112,53682,California
Butte,2021-03-21,58,87370,27,35734,2,50035,29,1601,15,18602,43,35124,44,53726,California
Butte,2021-03-22,1484,88854,352,36086,1038,51073,94,1695,1220,19654,262,35386,1314,55040,California
Butte,2021-03-23,1827,90681,493,36579,1220,52293,114,1809,1476,20896,348,35734,1590,56630,California
Butte,2021-03-24,2267,92948,1269,37848,872,53165,126,1935,1717,22193,545,36279,1842,58472,California
Butte,2021-03-25,1486,94434,1202,39050,192,53357,92,2027,1019,22841,463,36742,1111,59583,California
Butte,2021-03-26,1208,95642,441,39491,521,53878,246,2273,560,23007,640,37382,806,60389,California
Butte,2021-03-27,302,95944,85,39576,193,54071,24,2297,136,23002,163,37545,158,60547,California
Butte,2021-03-28,227,96171,44,39620,175,54246,8,2305,103,22991,121,37666,110,60657,California
Butte,2021-03-29,1759,97930,381,40001,1308,55554,70,2375,1341,23989,413,38079,1411,62068,California
Butte,2021-03-30,1040,98970,471,40472,479,56033,90,2465,493,24031,541,38620,583,62651,California
Butte,2021-03-31,1779,100749,1304,41776,408,56441,67,2532,1088,24501,685,39305,1155,63806,California
Butte,2021-04-01,3329,104078,2706,44482,496,56937,127,2659,2259,25824,1064,40369,2387,66193,California
Butte,2021-04-02,1003,105081,419,44901,464,57401,120,2779,566,26079,429,40798,684,66877,California
Butte,2021-04-03,347,105428,46,44947,226,57627,75,2854,164,26135,183,40981,239,67116,California
Butte,2021-04-04,188,105616,24,44971,141,57768,23,2877,110,26192,76,41057,133,67249,California
Butte,2021-04-05,1971,107587,420,45391,1379,59147,172,3049,593,25598,1369,42426,775,68024,California
Butte,2021-04-06,2202,109789,618,46009,1161,60308,423,3472,799,25422,1397,43823,1221,69245,California
Butte,2021-04-07,3044,112833,1323,47332,1328,61636,393,3865,717,24219,2321,46144,1118,70363,California
Butte,2021-04-08,2747,115580,1198,48530,1283,62919,266,4131,454,22657,2290,48434,728,71091,California
Butte,2021-04-09,1378,116958,354,48884,542,63461,482,4613,329,22422,1045,49479,810,71901,California
Butte,2021-04-10,224,117182,48,48932,78,63539,98,4711,101,22497,123,49602,198,72099,California
Butte,2021-04-11,107,117289,44,48976,53,63592,10,4721,83,22567,23,49625,93,72192,California
Butte,2021-04-12,1407,118696,314,49290,960,64552,133,4854,232,21757,1175,50800,365,72557,California
Butte,2021-04-13,1643,120339,573,49863,1064,65616,6,4860,337,20801,1299,52099,343,72900,California
Butte,2021-04-14,2823,123162,2335,52198,488,66104,0,4860,1305,20595,1512,53611,1306,74206,California
Butte,2021-04-15,643,123805,398,52596,245,66349,0,4860,486,20927,154,53765,486,74692,California
Butte,2021-04-16,810,124615,414,53010,396,66745,0,4860,475,21069,333,54098,475,75167,California
Butte,2021-04-17,342,124957,61,53071,281,67026,0,4860,238,21205,102,54200,238,75405,California
Butte,2021-04-18,42,124999,11,53082,31,67057,0,4860,38,21239,4,54204,38,75443,California
Butte,2021-04-19,1561,126560,381,53463,1180,68237,0,4860,428,20537,1130,55334,428,75871,California
Butte,2021-04-20,1969,128529,717,54180,1252,69489,0,4860,750,20076,1211,56545,750,76621,California
Butte,2021-04-21,2049,130578,1165,55345,884,70373,0,4860,465,18963,1578,58123,465,77086,California
Butte,2021-04-22,2220,132798,1942,57287,278,70651,0,4860,610,17967,1606,59729,610,77696,California
Butte,2021-04-23,942,133740,445,57732,497,71148,0,4860,490,18004,453,60182,490,78186,California
Butte,2021-04-24,346,134086,138,57870,208,71356,0,4860,190,18039,155,60337,190,78376,California
Butte,2021-04-25,172,134258,67,57937,105,71461,0,4860,63,17993,109,60446,63,78439,California
Butte,2021-04-26,1488,135746,428,58365,1055,72516,5,4865,383,17279,1102,61548,388,78827,California
Butte,2021-04-27,949,136695,645,59010,277,72793,27,4892,567,17496,377,61925,594,79421,California
Butte,2021-04-28,1394,138089,938,59948,431,73224,25,4917,505,17138,888,62813,530,79951,California
Butte,2021-04-29,885,138974,543,60491,317,73541,25,4942,298,16880,581,63394,323,80274,California
Butte,2021-04-30,894,139868,387,60878,486,74027,21,4963,451,16914,437,63831,471,80745,California
Butte,2021-05-01,240,140108,64,60942,157,74184,19,4982,71,16835,168,63999,89,80834,California
Butte,2021-05-02,149,140257,63,61005,73,74257,13,4995,42,16783,107,64106,55,80889,California
Butte,2021-05-03,626,140883,251,61256,344,74601,31,5026,170,16539,445,64551,201,81090,California
Butte,2021-05-04,818,141701,315,61571,471,75072,32,5058,212,16182,600,65151,243,81333,California
Butte,2021-05-05,1339,143040,1090,62661,213,75285,36,5094,276,15437,1057,66208,312,81645,California
Butte,2021-05-06,931,143971,670,63331,224,75509,37,5131,359,15264,569,66777,396,82041,California
Butte,2021-05-07,564,144535,292,63623,235,75744,37,5168,288,15316,273,67050,325,82366,California
Butte,2021-05-08,170,144705,36,63659,125,75869,9,5177,90,15336,79,67129,99,82465,California
Butte,2021-05-09,94,144799,20,63679,71,75940,3,5180,50,15345,44,67173,53,82518,California
Butte,2021-05-10,521,145320,307,63986,170,76110,44,5224,214,15299,304,67477,258,82776,California
Butte,2021-05-11,862,146182,641,64627,164,76274,57,5281,275,15047,584,68061,332,83108,California
Butte,2021-05-12,732,146914,472,65099,214,76488,46,5327,328,15021,400,68461,374,83482,California
Butte,2021-05-13,847,147761,569,65668,219,76707,59,5386,295,14832,541,69002,352,83834,California
Butte,2021-05-14,834,148595,522,66190,282,76989,30,5416,361,14753,469,69471,390,84224,California
Butte,2021-05-15,480,149075,223,66413,225,77214,32,5448,223,14752,256,69727,255,84479,California
Butte,2021-05-16,169,149244,83,66496,68,77282,18,5466,98,14798,70,69797,116,84595,California
Butte,2021-05-17,759,150003,486,66982,225,77507,48,5514,338,14765,418,70215,385,84980,California
Butte,2021-05-18,1059,151062,727,67709,284,77791,48,5562,478,14716,575,70790,526,85506,California
Butte,2021-05-19,833,151895,543,68252,246,78037,44,5606,334,14599,494,71284,377,85883,California
Butte,2021-05-20,836,152731,574,68826,160,78197,102,5708,333,14533,501,71785,435,86318,California
Butte,2021-05-21,781,153512,490,69316,264,78461,27,5735,261,14304,516,72301,287,86605,California
Butte,2021-05-22,218,153730,104,69420,109,78570,5,5740,108,14310,107,72408,113,86718,California
Butte,2021-05-23,75,153805,46,69466,26,78596,3,5743,43,14324,32,72440,46,86764,California
Butte,2021-05-24,327,154132,138,69604,145,78741,44,5787,168,14378,158,72598,212,86976,California
Butte,2021-05-25,674,154806,426,70030,214,78955,34,5821,335,14414,332,72930,368,87344,California
Butte,2021-05-26,551,155357,178,70208,354,79309,19,5840,248,14386,295,73225,267,87611,California
Butte,2021-05-27,827,156184,596,70804,214,79523,17,5857,393,14368,429,73654,411,88022,California
Butte,2021-05-28,499,156683,129,70933,295,79818,75,5932,201,14349,295,73949,276,88298,California
Butte,2021-05-29,207,156890,106,71039,90,79908,11,5943,133,14419,74,74023,144,88442,California
Butte,2021-05-30,107,156997,57,71096,48,79956,2,5945,60,14434,47,74070,62,88504,California
Butte,2021-05-31,41,157038,21,71117,17,79973,3,5948,22,14440,19,74089,25,88529,California
Butte,2021-06-01,654,157692,413,71530,210,80183,31,5979,243,14306,408,74497,274,88803,California
Butte,2021-06-02,756,158448,538,72068,185,80368,33,6012,328,14241,426,74923,361,89164,California
Butte,2021-06-03,330,158778,256,72324,68,80436,6,6018,108,14135,220,75143,114,89278,California
Calaveras,2020-12-16,5,5,5,5,0,0,0,0,5,5,0,0,5,5,California
Calaveras,2020-12-17,3,8,3,8,0,0,0,0,3,8,0,0,3,8,California
Calaveras,2020-12-18,39,47,39,47,0,0,0,0,39,47,0,0,39,47,California
Calaveras,2020-12-19,3,50,3,50,0,0,0,0,3,50,0,0,3,50,California
Calaveras,2020-12-20,4,54,4,54,0,0,0,0,4,54,0,0,4,54,California
Calaveras,2020-12-21,55,109,48,102,7,7,0,0,55,109,0,0,55,109,California
Calaveras,2020-12-22,82,191,78,180,4,11,0,0,83,192,0,0,83,192,California
Calaveras,2020-12-23,76,267,74,254,2,13,0,0,76,268,0,0,76,268,California
Calaveras,2020-12-24,2,269,2,256,0,13,0,0,2,270,0,0,2,270,California
Calaveras,2020-12-26,3,272,3,259,0,13,0,0,3,273,0,0,3,273,California
Calaveras,2020-12-28,21,293,17,276,4,17,0,0,20,292,1,1,20,293,California
Calaveras,2020-12-29,159,452,138,414,21,38,0,0,159,451,0,1,159,452,California
Calaveras,2020-12-30,94,546,82,496,12,50,0,0,94,545,0,1,94,546,California
Calaveras,2020-12-31,37,583,26,522,11,61,0,0,37,582,0,1,37,583,California
Calaveras,2021-01-02,11,594,11,533,0,61,0,0,11,593,0,1,11,594,California
Calaveras,2021-01-03,10,604,4,537,6,67,0,0,10,603,0,1,10,604,California
Calaveras,2021-01-04,33,637,5,542,28,95,0,0,33,636,0,1,33,637,California
Calaveras,2021-01-05,41,678,10,552,31,126,0,0,32,664,9,10,37,674,California
Calaveras,2021-01-06,107,785,30,582,77,203,0,0,97,751,10,20,97,771,California
Calaveras,2021-01-07,105,890,26,608,79,282,0,0,92,833,11,31,93,864,California
Calaveras,2021-01-08,69,959,39,647,30,312,0,0,45,855,24,55,46,910,California
Calaveras,2021-01-09,5,964,5,652,0,312,0,0,2,854,3,58,2,912,California
Calaveras,2021-01-10,2,966,0,652,2,314,0,0,2,856,0,58,2,914,California
Calaveras,2021-01-11,65,1031,59,711,6,320,0,0,27,848,37,95,29,943,California
Calaveras,2021-01-12,86,1117,53,764,33,353,0,0,52,867,34,129,53,996,California
Calaveras,2021-01-13,111,1228,45,809,66,419,0,0,77,911,34,163,78,1074,California
Calaveras,2021-01-14,140,1368,43,852,97,516,0,0,107,987,32,195,108,1182,California
Calaveras,2021-01-15,92,1460,28,880,64,580,0,0,72,1039,20,215,72,1254,California
Calaveras,2021-01-16,13,1473,2,882,11,591,0,0,12,1050,1,216,12,1266,California
Calaveras,2021-01-17,9,1482,1,883,8,599,0,0,9,1059,0,216,9,1275,California
Calaveras,2021-01-18,133,1615,20,903,113,712,0,0,119,1167,14,230,122,1397,California
Calaveras,2021-01-19,206,1821,175,1078,31,743,0,0,69,1101,136,366,70,1467,California
Calaveras,2021-01-20,378,2199,82,1160,296,1039,0,0,290,1316,87,453,302,1769,California
Calaveras,2021-01-21,464,2663,41,1201,423,1462,0,0,427,1719,37,490,440,2209,California
Calaveras,2021-01-22,402,3065,23,1224,379,1841,0,0,391,2107,11,501,399,2608,California
Calaveras,2021-01-23,20,3085,8,1232,12,1853,0,0,19,2125,1,502,19,2627,California
Calaveras,2021-01-24,14,3099,8,1240,6,1859,0,0,12,2135,2,504,12,2639,California
Calaveras,2021-01-25,86,3185,8,1248,78,1937,0,0,81,2211,5,509,81,2720,California
Calaveras,2021-01-26,48,3233,16,1264,32,1969,0,0,39,2241,9,518,39,2759,California
Calaveras,2021-01-27,131,3364,44,1308,87,2056,0,0,102,2315,28,546,102,2861,California
Calaveras,2021-01-28,165,3529,25,1333,140,2196,0,0,140,2434,25,571,144,3005,California
Calaveras,2021-01-29,375,3904,12,1345,363,2559,0,0,345,2762,30,601,358,3363,California
Calaveras,2021-01-30,27,3931,10,1355,17,2576,0,0,25,2787,0,601,25,3388,California
Calaveras,2021-01-31,6,3937,4,1359,2,2578,0,0,5,2791,1,602,5,3393,California
Calaveras,2021-02-01,26,3963,11,1370,15,2593,0,0,17,2799,9,611,17,3410,California
Calaveras,2021-02-02,110,4073,22,1392,88,2681,0,0,71,2837,34,645,72,3482,California
Calaveras,2021-02-03,434,4507,44,1436,390,3071,0,0,349,3104,84,729,351,3833,California
Calaveras,2021-02-04,381,4888,25,1461,356,3427,0,0,296,3318,85,814,299,4132,California
Calaveras,2021-02-05,79,4967,22,1483,57,3484,0,0,41,3322,38,852,42,4174,California
Calaveras,2021-02-06,21,4988,12,1495,9,3493,0,0,21,3343,0,852,21,4195,California
Calaveras,2021-02-07,5,4993,1,1496,4,3497,0,0,2,3343,2,854,2,4197,California
Calaveras,2021-02-08,39,5032,18,1514,21,3518,0,0,31,3368,6,860,31,4228,California
Calaveras,2021-02-09,193,5225,77,1591,116,3634,0,0,131,3440,60,920,132,4360,California
Calaveras,2021-02-10,515,5740,31,1622,484,4118,0,0,441,3813,74,994,447,4807,California
Calaveras,2021-02-11,583,6323,81,1703,502,4620,0,0,472,4181,108,1102,476,5283,California
Calaveras,2021-02-12,569,6892,324,2027,245,4865,0,0,492,4601,75,1177,495,5778,California
Calaveras,2021-02-13,201,7093,45,2072,156,5021,0,0,186,4772,15,1192,186,5964,California
Calaveras,2021-02-14,221,7314,71,2143,150,5171,0,0,206,4964,14,1206,206,6170,California
Calaveras,2021-02-15,382,7696,23,2166,359,5530,0,0,262,5109,117,1323,262,6432,California
Calaveras,2021-02-16,269,7965,145,2311,124,5654,0,0,230,5303,39,1362,233,6665,California
Calaveras,2021-02-17,512,8477,38,2349,474,6128,0,0,208,5223,292,1654,212,6877,California
Calaveras,2021-02-18,498,8975,91,2440,407,6535,0,0,95,4935,384,2038,96,6973,California
Calaveras,2021-02-19,440,9415,43,2483,397,6932,0,0,98,4702,331,2369,98,7071,California
Calaveras,2021-02-20,59,9474,15,2498,44,6976,0,0,48,4739,11,2380,48,7119,California
Calaveras,2021-02-21,24,9498,14,2512,10,6986,0,0,18,4752,5,2385,18,7137,California
Calaveras,2021-02-22,62,9560,38,2550,24,7010,0,0,33,4756,29,2414,33,7170,California
Calaveras,2021-02-23,127,9687,42,2592,85,7095,0,0,91,4812,36,2450,92,7262,California
Calaveras,2021-02-24,97,9784,48,2640,49,7144,0,0,67,4850,29,2479,67,7329,California
Calaveras,2021-02-25,550,10334,100,2740,450,7594,0,0,354,5018,191,2670,359,7688,California
Calaveras,2021-02-26,750,11084,46,2786,704,8298,0,0,397,5084,332,3002,398,8086,California
Calaveras,2021-02-27,204,11288,22,2808,182,8480,0,0,180,5240,24,3026,180,8266,California
Calaveras,2021-02-28,97,11385,15,2823,82,8562,0,0,91,5326,5,3031,91,8357,California
Calaveras,2021-03-01,230,11615,41,2864,189,8751,0,0,146,5393,80,3111,147,8504,California
Calaveras,2021-03-02,250,11865,97,2961,153,8904,0,0,204,5555,43,3154,205,8709,California
Calaveras,2021-03-03,515,12380,104,3065,411,9315,0,0,213,5472,296,3450,213,8922,California
Calaveras,2021-03-04,746,13126,69,3134,676,9991,1,1,354,5445,383,3833,356,9278,California
Calaveras,2021-03-05,454,13580,271,3405,179,10170,4,5,140,5280,309,4142,144,9422,California
Calaveras,2021-03-06,154,13734,42,3447,106,10276,6,11,114,5360,40,4182,120,9542,California
Calaveras,2021-03-07,75,13809,32,3479,36,10312,7,18,34,5360,41,4223,41,9583,California
Calaveras,2021-03-08,164,13973,28,3507,128,10440,8,26,130,5465,33,4256,138,9721,California
Calaveras,2021-03-09,361,14334,137,3644,218,10658,6,32,32,5180,323,4579,38,9759,California
Calaveras,2021-03-10,419,14753,31,3675,385,11043,3,35,58,4887,354,4933,61,9820,California
Calaveras,2021-03-11,852,15605,424,4099,415,11458,13,48,433,4922,413,5346,448,10268,California
Calaveras,2021-03-12,403,16008,214,4313,179,11637,10,58,327,5190,75,5421,343,10611,California
Calaveras,2021-03-13,177,16185,16,4329,153,11790,8,66,139,5303,37,5458,150,10761,California
Calaveras,2021-03-14,156,16341,11,4340,144,11934,1,67,18,5191,138,5596,26,10787,California
Calaveras,2021-03-15,330,16671,48,4388,256,12190,26,93,52,4996,277,5873,82,10869,California
Calaveras,2021-03-16,689,17360,553,4941,116,12306,20,113,546,5421,141,6014,566,11435,California
Calaveras,2021-03-17,281,17641,53,4994,214,12520,14,127,50,5260,226,6240,65,11500,California
Calaveras,2021-03-18,665,18306,570,5564,79,12599,16,143,549,5711,116,6356,567,12067,California
Calaveras,2021-03-19,233,18539,51,5615,108,12707,74,217,59,5672,170,6526,131,12198,California
Calaveras,2021-03-20,81,18620,22,5637,58,12765,1,218,23,5639,58,6584,25,12223,California
Calaveras,2021-03-21,47,18667,30,5667,6,12771,11,229,12,5627,35,6619,23,12246,California
Calaveras,2021-03-22,79,18746,35,5702,23,12794,21,250,25,5619,54,6673,46,12292,California
Calaveras,2021-03-23,295,19041,204,5906,81,12875,10,260,117,5578,168,6841,127,12419,California
Calaveras,2021-03-24,135,19176,51,5957,74,12949,10,270,44,5543,89,6930,54,12473,California
Calaveras,2021-03-25,743,19919,103,6060,636,13585,4,274,446,5704,289,7219,450,12923,California
Calaveras,2021-03-26,428,20347,28,6088,394,13979,6,280,88,5463,337,7556,96,13019,California
Calaveras,2021-03-27,212,20559,19,6107,189,14168,4,284,37,5334,172,7728,43,13062,California
Calaveras,2021-03-28,111,20670,12,6119,97,14265,2,286,8,5243,102,7830,11,13073,California
Calaveras,2021-03-29,178,20848,24,6143,151,14416,3,289,58,5187,118,7948,62,13135,California
Calaveras,2021-03-30,539,21387,25,6168,497,14913,17,306,361,5388,177,8125,378,13513,California
Calaveras,2021-03-31,324,21711,142,6310,172,15085,10,316,157,5389,167,8292,168,13681,California
Calaveras,2021-04-01,686,22397,444,6754,241,15326,1,317,186,5082,497,8789,190,13871,California
Calaveras,2021-04-02,394,22791,231,6985,155,15481,8,325,117,4934,274,9063,126,13997,California
Calaveras,2021-04-03,144,22935,34,7019,106,15587,4,329,40,4874,104,9167,44,14041,California
Calaveras,2021-04-04,78,23013,25,7044,53,15640,0,329,49,4894,29,9196,49,14090,California
Calaveras,2021-04-05,212,23225,81,7125,121,15761,10,339,100,4892,112,9308,110,14200,California
Calaveras,2021-04-06,652,23877,573,7698,65,15826,14,353,112,4482,536,9844,126,14326,California
Calaveras,2021-04-07,754,24631,658,8356,60,15886,36,389,617,4999,137,9981,654,14980,California
Calaveras,2021-04-08,946,25577,855,9211,70,15956,21,410,436,4950,507,10488,458,15438,California
Calaveras,2021-04-09,154,25731,58,9269,48,16004,48,458,57,4960,96,10584,106,15544,California
Calaveras,2021-04-10,192,25923,44,9313,130,16134,18,476,150,5088,41,10625,169,15713,California
Calaveras,2021-04-11,69,25992,44,9357,23,16157,2,478,48,5117,21,10646,50,15763,California
Calaveras,2021-04-12,104,26096,47,9404,38,16195,19,497,55,5143,49,10695,75,15838,California
Calaveras,2021-04-13,423,26519,368,9772,55,16250,0,497,364,5451,58,10753,366,16204,California
Calaveras,2021-04-14,181,26700,28,9800,153,16403,0,497,135,5541,46,10799,136,16340,California
Calaveras,2021-04-15,336,27036,287,10087,49,16452,0,497,253,5714,80,10879,253,16593,California
Calaveras,2021-04-16,100,27136,25,10112,75,16527,0,497,47,5712,49,10928,47,16640,California
Calaveras,2021-04-17,332,27468,127,10239,205,16732,0,497,289,5958,43,10971,289,16929,California
Calaveras,2021-04-18,17,27485,5,10244,12,16744,0,497,10,5961,7,10978,10,16939,California
Calaveras,2021-04-19,72,27557,27,10271,45,16789,0,497,45,5981,26,11004,46,16985,California
Calaveras,2021-04-20,263,27820,93,10364,170,16959,0,497,196,6112,65,11069,196,17181,California
Calaveras,2021-04-21,218,28038,147,10511,71,17030,0,497,84,6065,132,11201,85,17266,California
Calaveras,2021-04-22,542,28580,96,10607,446,17476,0,497,141,5809,399,11600,143,17409,California
Calaveras,2021-04-23,159,28739,81,10688,78,17554,0,497,65,5783,91,11691,65,17474,California
Calaveras,2021-04-24,173,28912,37,10725,136,17690,0,497,130,5872,42,11733,131,17605,California
Calaveras,2021-04-25,43,28955,28,10753,15,17705,0,497,22,5875,21,11754,24,17629,California
Calaveras,2021-04-26,96,29051,59,10812,37,17742,0,497,28,5836,68,11822,29,17658,California
Calaveras,2021-04-27,428,29479,62,10874,353,18095,13,510,54,5532,371,12193,67,17725,California
Calaveras,2021-04-28,642,30121,574,11448,37,18132,31,541,51,5031,590,12783,89,17814,California
Calaveras,2021-04-29,511,30632,440,11888,52,18184,19,560,72,4689,438,13221,96,17910,California
Calaveras,2021-04-30,148,30780,59,11947,84,18268,5,565,66,4685,81,13302,77,17987,California
Calaveras,2021-05-01,198,30978,110,12057,86,18354,2,567,131,4756,66,13368,137,18124,California
Calaveras,2021-05-02,52,31030,35,12092,16,18370,1,568,20,4747,31,13399,22,18146,California
Calaveras,2021-05-03,93,31123,69,12161,19,18389,5,573,29,4721,64,13463,38,18184,California
Calaveras,2021-05-04,414,31537,329,12490,48,18437,37,610,42,4430,371,13834,80,18264,California
Calaveras,2021-05-05,110,31647,57,12547,21,18458,32,642,48,4448,61,13895,79,18343,California
Calaveras,2021-05-06,254,31901,194,12741,36,18494,24,666,47,4313,207,14102,72,18415,California
Calaveras,2021-05-07,84,31985,24,12765,54,18548,6,672,54,4343,30,14132,60,18475,California
Calaveras,2021-05-08,290,32275,141,12906,147,18695,2,674,92,4241,196,14328,94,18569,California
Calaveras,2021-05-09,28,32303,12,12918,13,18708,3,677,12,4240,16,14344,15,18584,California
Calaveras,2021-05-10,54,32357,24,12942,29,18737,1,678,23,4236,29,14373,25,18609,California
Calaveras,2021-05-11,128,32485,85,13027,31,18768,12,690,89,4300,38,14411,102,18711,California
Calaveras,2021-05-12,157,32642,37,13064,120,18888,0,690,44,4232,112,14523,44,18755,California
Calaveras,2021-05-13,113,32755,60,13124,38,18926,15,705,59,4253,53,14576,74,18829,California
Calaveras,2021-05-14,150,32905,93,13217,54,18980,3,708,101,4309,48,14624,104,18933,California
Calaveras,2021-05-15,266,33171,93,13310,170,19150,3,711,105,4262,155,14779,108,19041,California
Calaveras,2021-05-16,28,33199,11,13321,17,19167,0,711,13,4261,15,14794,14,19055,California
Calaveras,2021-05-17,88,33287,41,13362,40,19207,7,718,47,4276,40,14834,55,19110,California
Calaveras,2021-05-18,224,33511,60,13422,142,19349,22,740,72,4219,151,14985,94,19204,California
Calaveras,2021-05-19,147,33658,59,13481,83,19432,5,745,71,4221,75,15060,77,19281,California
Calaveras,2021-05-20,183,33841,72,13553,87,19519,24,769,60,4184,120,15180,83,19364,California
Calaveras,2021-05-21,77,33918,48,13601,26,19545,3,772,48,4207,28,15208,51,19415,California
Calaveras,2021-05-22,275,34193,150,13751,125,19670,0,772,134,4202,139,15347,134,19549,California
Calaveras,2021-05-23,18,34211,15,13766,3,19673,0,772,10,4204,8,15355,10,19559,California
Calaveras,2021-05-24,68,34279,32,13798,20,19693,16,788,28,4209,40,15395,45,19604,California
Calaveras,2021-05-25,118,34397,46,13844,56,19749,16,804,57,4221,61,15456,73,19677,California
Calaveras,2021-05-26,120,34517,87,13931,29,19778,4,808,82,4269,37,15493,85,19762,California
Calaveras,2021-05-27,82,34599,43,13974,35,19813,4,812,26,4247,53,15546,31,19793,California
Calaveras,2021-05-28,78,34677,40,14014,34,19847,4,816,36,4245,42,15588,40,19833,California
Calaveras,2021-05-29,64,34741,20,14034,39,19886,5,821,30,4247,33,15621,35,19868,California
Calaveras,2021-05-30,34,34775,14,14048,15,19901,5,826,10,4238,24,15645,15,19883,California
Calaveras,2021-05-31,5,34780,0,14048,3,19904,2,828,0,4235,5,15650,2,19885,California
Calaveras,2021-06-01,142,34922,94,14142,42,19946,6,834,42,4183,100,15750,48,19933,California
Calaveras,2021-06-02,58,34980,30,14172,24,19970,4,838,23,4175,35,15785,27,19960,California
Calaveras,2021-06-03,21,35001,3,14175,15,19985,3,841,10,4177,11,15796,13,19973,California
Colusa,2020-12-18,1,1,1,1,0,0,0,0,1,1,0,0,1,1,California
Colusa,2020-12-21,2,3,2,3,0,0,0,0,2,3,0,0,2,3,California
Colusa,2020-12-22,10,13,10,13,0,0,0,0,10,13,0,0,10,13,California
Colusa,2020-12-23,10,23,10,23,0,0,0,0,10,23,0,0,10,23,California
Colusa,2020-12-24,2,25,1,24,1,1,0,0,2,25,0,0,2,25,California
Colusa,2020-12-27,1,26,1,25,0,1,0,0,1,26,0,0,1,26,California
Colusa,2020-12-28,7,33,3,28,4,5,0,0,7,33,0,0,7,33,California
Colusa,2020-12-29,11,44,8,36,3,8,0,0,11,44,0,0,11,44,California
Colusa,2020-12-30,50,94,13,49,37,45,0,0,50,94,0,0,50,94,California
Colusa,2020-12-31,18,112,1,50,17,62,0,0,18,112,0,0,18,112,California
Colusa,2021-01-04,4,116,0,50,4,66,0,0,4,116,0,0,4,116,California
Colusa,2021-01-05,67,183,1,51,66,132,0,0,67,183,0,0,67,183,California
Colusa,2021-01-06,15,198,9,60,6,138,0,0,15,198,0,0,15,198,California
Colusa,2021-01-07,38,236,4,64,34,172,0,0,37,234,1,1,37,235,California
Colusa,2021-01-08,9,245,7,71,2,174,0,0,8,241,1,2,8,243,California
Colusa,2021-01-09,2,247,1,72,1,175,0,0,2,243,0,2,2,245,California
Colusa,2021-01-10,1,248,0,72,1,176,0,0,1,244,0,2,1,246,California
Colusa,2021-01-11,12,260,6,78,6,182,0,0,7,246,5,7,7,253,California
Colusa,2021-01-12,11,271,9,87,2,184,0,0,6,247,5,12,6,259,California
Colusa,2021-01-13,21,292,13,100,8,192,0,0,13,252,8,20,13,272,California
Colusa,2021-01-14,35,327,28,128,7,199,0,0,33,283,2,22,33,305,California
Colusa,2021-01-15,42,369,5,133,37,236,0,0,40,321,2,24,40,345,California
Colusa,2021-01-16,12,381,1,134,11,247,0,0,11,331,1,25,11,356,California
Colusa,2021-01-17,3,384,2,136,1,248,0,0,2,332,1,26,2,358,California
Colusa,2021-01-18,4,388,0,136,4,252,0,0,4,336,0,26,4,362,California
Colusa,2021-01-19,9,397,8,144,1,253,0,0,5,337,4,30,5,367,California
Colusa,2021-01-20,115,512,101,245,14,267,0,0,102,426,13,43,102,469,California
Colusa,2021-01-21,56,568,41,286,15,282,0,0,55,480,1,44,55,524,California
Colusa,2021-01-22,40,608,17,303,23,305,0,0,35,510,5,49,35,559,California
Colusa,2021-01-23,35,643,6,309,29,334,0,0,35,545,0,49,35,594,California
Colusa,2021-01-25,7,650,0,309,7,341,0,0,7,552,0,49,7,601,California
Colusa,2021-01-26,8,658,5,314,3,344,0,0,5,554,3,52,5,606,California
Colusa,2021-01-27,110,768,31,345,79,423,0,0,108,660,2,54,108,714,California
Colusa,2021-01-28,79,847,46,391,33,456,0,0,72,725,7,61,72,786,California
Colusa,2021-01-29,42,889,7,398,35,491,0,0,41,765,1,62,41,827,California
Colusa,2021-01-30,27,916,4,402,23,514,0,0,27,792,0,62,27,854,California
Colusa,2021-01-31,7,923,7,409,0,514,0,0,7,799,0,62,7,861,California
Colusa,2021-02-01,27,950,10,419,17,531,0,0,22,816,5,67,22,883,California
Colusa,2021-02-02,43,993,9,428,34,565,0,0,37,847,6,73,37,920,California
Colusa,2021-02-03,69,1062,10,438,59,624,0,0,59,896,10,83,59,979,California
Colusa,2021-02-04,143,1205,81,519,62,686,0,0,115,983,28,111,115,1094,California
Colusa,2021-02-05,32,1237,8,527,24,710,0,0,29,1009,3,114,29,1123,California
Colusa,2021-02-06,285,1522,9,536,276,986,0,0,274,1272,11,125,274,1397,California
Colusa,2021-02-07,2,1524,1,537,1,987,0,0,0,1270,2,127,0,1397,California
Colusa,2021-02-08,40,1564,5,542,35,1022,0,0,37,1304,3,130,37,1434,California
Colusa,2021-02-09,231,1795,14,556,217,1239,0,0,176,1425,55,185,176,1610,California
Colusa,2021-02-10,116,1911,41,597,75,1314,0,0,73,1455,43,228,73,1683,California
Colusa,2021-02-11,98,2009,36,633,62,1376,0,0,73,1503,25,253,73,1756,California
Colusa,2021-02-12,118,2127,9,642,109,1485,0,0,79,1542,40,293,79,1835,California
Colusa,2021-02-13,60,2187,8,650,52,1537,0,0,52,1586,8,301,52,1887,California
Colusa,2021-02-14,21,2208,8,658,13,1550,0,0,15,1595,6,307,15,1902,California
Colusa,2021-02-15,46,2254,10,668,36,1586,0,0,39,1627,7,314,39,1941,California
Colusa,2021-02-16,67,2321,4,672,63,1649,0,0,66,1692,1,315,66,2007,California
Colusa,2021-02-17,206,2527,143,815,63,1712,0,0,60,1606,146,461,60,2067,California
Colusa,2021-02-18,135,2662,35,850,100,1812,0,0,112,1695,23,484,112,2179,California
Colusa,2021-02-19,155,2817,19,869,136,1948,0,0,129,1798,26,510,129,2308,California
Colusa,2021-02-20,28,2845,6,875,22,1970,0,0,12,1794,16,526,12,2320,California
Colusa,2021-02-21,1,2846,1,876,0,1970,0,0,0,1793,1,527,0,2320,California
Colusa,2021-02-22,43,2889,26,902,17,1987,0,0,29,1808,14,541,29,2349,California
Colusa,2021-02-23,23,2912,7,909,16,2003,0,0,18,1821,5,546,18,2367,California
Colusa,2021-02-24,302,3214,54,963,248,2251,0,0,159,1837,143,689,159,2526,California
Colusa,2021-02-25,102,3316,55,1018,47,2298,0,0,66,1867,36,725,66,2592,California
Colusa,2021-02-26,100,3416,14,1032,86,2384,0,0,60,1887,40,765,60,2652,California
Colusa,2021-02-27,55,3471,4,1036,51,2435,0,0,40,1912,15,780,40,2692,California
Colusa,2021-02-28,26,3497,14,1050,12,2447,0,0,17,1920,9,789,17,2709,California
Colusa,2021-03-01,46,3543,15,1065,31,2478,0,0,29,1932,17,806,29,2738,California
Colusa,2021-03-02,49,3592,13,1078,36,2514,0,0,26,1935,23,829,26,2764,California
Colusa,2021-03-03,242,3834,43,1121,199,2713,0,0,185,2063,57,886,185,2949,California
Colusa,2021-03-04,138,3972,58,1179,80,2793,0,0,79,2083,59,945,79,3028,California
Colusa,2021-03-05,98,4070,25,1204,64,2857,9,9,53,2100,45,990,62,3090,California
Colusa,2021-03-06,274,4344,9,1213,265,3122,0,9,37,1900,237,1227,37,3127,California
Colusa,2021-03-07,8,4352,5,1218,3,3125,0,9,6,1904,2,1229,6,3133,California
Colusa,2021-03-08,89,4441,21,1239,33,3158,35,44,45,1940,44,1273,80,3213,California
Colusa,2021-03-09,277,4718,75,1314,179,3337,23,67,86,1858,191,1464,109,3322,California
Colusa,2021-03-10,289,5007,37,1351,216,3553,36,103,203,2011,86,1550,239,3561,California
Colusa,2021-03-11,420,5427,60,1411,339,3892,21,124,339,2288,81,1631,358,3919,California
Colusa,2021-03-12,109,5536,18,1429,78,3970,13,137,19,2230,90,1721,32,3951,California
Colusa,2021-03-13,61,5597,16,1445,36,4006,9,146,18,2214,43,1764,27,3978,California
Colusa,2021-03-14,20,5617,0,1445,18,4024,2,148,6,2209,13,1777,8,3986,California
Colusa,2021-03-15,71,5688,27,1472,36,4060,8,156,15,2176,56,1833,23,4009,California
Colusa,2021-03-16,297,5985,16,1488,235,4295,46,202,189,2303,108,1941,235,4244,California
Colusa,2021-03-17,196,6181,50,1538,146,4441,0,202,109,2325,87,2028,109,4353,California
Colusa,2021-03-18,324,6505,37,1575,216,4657,71,273,201,2474,123,2151,272,4625,California
Colusa,2021-03-19,78,6583,20,1595,56,4713,2,275,53,2504,25,2176,55,4680,California
Colusa,2021-03-20,49,6632,7,1602,41,4754,1,276,36,2528,13,2189,37,4717,California
Colusa,2021-03-21,6,6638,4,1606,2,4756,0,276,4,2530,2,2191,4,4721,California
Colusa,2021-03-22,62,6700,10,1616,43,4799,9,285,40,2557,22,2213,49,4770,California
Colusa,2021-03-23,82,6782,16,1632,64,4863,2,287,55,2587,27,2240,57,4827,California
Colusa,2021-03-24,340,7122,57,1689,277,5140,6,293,68,2388,272,2512,73,4900,California
Colusa,2021-03-25,107,7229,58,1747,44,5184,5,298,51,2388,56,2568,56,4956,California
Colusa,2021-03-26,300,7529,47,1794,249,5433,4,302,247,2586,53,2621,251,5207,California
Colusa,2021-03-27,63,7592,5,1799,58,5491,0,302,25,2573,38,2659,25,5232,California
Colusa,2021-03-28,16,7608,7,1806,9,5500,0,302,8,2573,8,2667,8,5240,California
Colusa,2021-03-29,72,7680,20,1826,46,5546,6,308,32,2571,40,2707,38,5278,California
Colusa,2021-03-30,152,7832,83,1909,67,5613,2,310,72,2566,80,2787,75,5353,California
Colusa,2021-03-31,234,8066,42,1951,192,5805,0,310,74,2481,159,2946,74,5427,California
Colusa,2021-04-01,432,8498,72,2023,305,6110,55,365,309,2722,122,3068,363,5790,California
Colusa,2021-04-02,82,8580,13,2036,55,6165,14,379,38,2730,44,3112,52,5842,California
Colusa,2021-04-03,61,8641,10,2046,28,6193,23,402,14,2719,47,3159,36,5878,California
Colusa,2021-04-04,18,8659,0,2046,8,6201,10,412,3,2717,15,3174,13,5891,California
Colusa,2021-04-05,97,8756,26,2072,55,6256,16,428,39,2714,58,3232,55,5946,California
Colusa,2021-04-06,130,8886,35,2107,45,6301,50,478,43,2721,87,3319,94,6040,California
Colusa,2021-04-07,357,9243,40,2147,294,6595,23,501,131,2650,226,3545,155,6195,California
Colusa,2021-04-08,431,9674,34,2181,369,6964,28,529,123,2497,305,3850,152,6347,California
Colusa,2021-04-09,77,9751,21,2202,32,6996,24,553,28,2500,49,3899,52,6399,California
Colusa,2021-04-10,45,9796,9,2211,15,7011,21,574,12,2500,33,3932,33,6432,California
Colusa,2021-04-11,16,9812,3,2214,11,7022,2,576,8,2502,8,3940,10,6442,California
Colusa,2021-04-12,32,9844,3,2217,29,7051,0,576,25,2520,7,3947,25,6467,California
Colusa,2021-04-13,279,10123,22,2239,257,7308,0,576,94,2430,184,4131,94,6561,California
Colusa,2021-04-14,95,10218,19,2258,76,7384,0,576,35,2404,61,4192,35,6596,California
Colusa,2021-04-15,323,10541,45,2303,278,7662,0,576,132,2345,191,4383,132,6728,California
Colusa,2021-04-16,79,10620,11,2314,68,7730,0,576,35,2337,43,4426,35,6763,California
Colusa,2021-04-17,51,10671,7,2321,44,7774,0,576,29,2344,22,4448,29,6792,California
Colusa,2021-04-18,9,10680,2,2323,7,7781,0,576,7,2349,2,4450,7,6799,California
Colusa,2021-04-19,61,10741,22,2345,39,7820,0,576,17,2322,44,4494,17,6816,California
Colusa,2021-04-20,176,10917,32,2377,144,7964,0,576,129,2402,49,4543,129,6945,California
Colusa,2021-04-21,170,11087,59,2436,111,8075,0,576,110,2452,60,4603,110,7055,California
Colusa,2021-04-22,420,11507,27,2463,392,8467,1,577,216,2465,203,4806,216,7271,California
Colusa,2021-04-23,92,11599,17,2480,75,8542,0,577,36,2445,56,4862,36,7307,California
Colusa,2021-04-24,237,11836,19,2499,217,8759,1,578,205,2618,32,4894,205,7512,California
Colusa,2021-04-25,12,11848,6,2505,6,8765,0,578,8,2622,4,4898,8,7520,California
Colusa,2021-04-26,23,11871,5,2510,17,8782,1,579,6,2612,16,4914,6,7526,California
Colusa,2021-04-27,94,11965,23,2533,67,8849,4,583,43,2608,51,4965,47,7573,California
Colusa,2021-04-28,188,12153,26,2559,159,9008,3,586,138,2700,49,5014,141,7714,California
Colusa,2021-04-29,317,12470,27,2586,286,9294,4,590,48,2485,267,5281,52,7766,California
Colusa,2021-04-30,65,12535,18,2604,47,9341,0,590,41,2502,24,5305,41,7807,California
Colusa,2021-05-01,19,12554,8,2612,8,9349,3,593,9,2504,10,5315,12,7819,California
Colusa,2021-05-02,4,12558,1,2613,2,9351,1,594,2,2505,2,5317,3,7822,California
Colusa,2021-05-03,30,12588,7,2620,23,9374,0,594,14,2503,16,5333,14,7836,California
Colusa,2021-05-04,95,12683,51,2671,43,9417,1,595,67,2543,28,5361,68,7904,California
Colusa,2021-05-05,78,12761,16,2687,61,9478,1,596,34,2534,44,5405,35,7939,California
Colusa,2021-05-06,253,13014,16,2703,235,9713,2,598,110,2503,143,5548,112,8051,California
Colusa,2021-05-07,67,13081,5,2708,58,9771,4,602,31,2502,36,5584,35,8086,California
Colusa,2021-05-08,18,13099,5,2713,13,9784,0,602,9,2502,9,5593,9,8095,California
Colusa,2021-05-09,13,13112,5,2718,5,9789,3,605,6,2504,7,5600,9,8104,California
Colusa,2021-05-10,16,13128,7,2725,9,9798,0,605,6,2500,10,5610,6,8110,California
Colusa,2021-05-11,93,13221,34,2759,59,9857,0,605,50,2507,43,5653,50,8160,California
Colusa,2021-05-12,73,13294,32,2791,37,9894,4,609,21,2480,52,5705,25,8185,California
Colusa,2021-05-13,241,13535,22,2813,218,10112,1,610,76,2392,165,5870,77,8262,California
Colusa,2021-05-14,85,13620,18,2831,52,10164,15,625,33,2389,51,5921,48,8310,California
Colusa,2021-05-15,38,13658,9,2840,27,10191,2,627,20,2393,18,5939,22,8332,California
Colusa,2021-05-16,23,13681,6,2846,10,10201,7,634,11,2399,12,5951,18,8350,California
Colusa,2021-05-17,24,13705,4,2850,18,10219,2,636,12,2401,12,5963,14,8364,California
Colusa,2021-05-18,99,13804,24,2874,73,10292,2,638,43,2390,56,6019,45,8409,California
Colusa,2021-05-19,217,14021,44,2918,153,10445,20,658,68,2329,149,6168,88,8497,California
Colusa,2021-05-20,277,14298,32,2950,241,10686,4,662,68,2193,209,6377,73,8570,California
Colusa,2021-05-21,63,14361,21,2971,40,10726,2,664,31,2194,32,6409,33,8603,California
Colusa,2021-05-22,209,14570,19,2990,190,10916,0,664,27,2039,182,6591,27,8630,California
Colusa,2021-05-23,18,14588,8,2998,6,10922,4,668,6,2037,12,6603,10,8640,California
Colusa,2021-05-24,28,14616,4,3002,19,10941,5,673,17,2048,11,6614,22,8662,California
Colusa,2021-05-25,132,14748,74,3076,55,10996,3,676,50,2019,82,6696,53,8715,California
Colusa,2021-05-26,69,14817,25,3101,44,11040,0,676,31,2012,38,6734,31,8746,California
Colusa,2021-05-27,167,14984,14,3115,153,11193,0,676,50,1945,117,6851,50,8796,California
Colusa,2021-05-28,79,15063,26,3141,52,11245,1,677,39,1945,40,6891,40,8836,California
Colusa,2021-05-29,39,15102,21,3162,17,11262,1,678,30,1968,8,6899,31,8867,California
Colusa,2021-05-30,7,15109,1,3163,2,11264,4,682,1,1967,6,6905,5,8872,California
Colusa,2021-05-31,4,15113,0,3163,4,11268,0,682,1,1965,3,6908,1,8873,California
Colusa,2021-06-01,52,15165,18,3181,33,11301,1,683,29,1972,23,6931,30,8903,California
Colusa,2021-06-02,144,15309,20,3201,122,11423,2,685,50,1932,92,7023,52,8955,California
Colusa,2021-06-03,31,15340,8,3209,23,11446,0,685,17,1936,13,7036,17,8972,California
Contra Costa,2020-12-15,18,18,18,18,0,0,0,0,18,18,0,0,18,18,California
Contra Costa,2020-12-16,521,539,521,539,0,0,0,0,521,539,0,0,521,539,California
Contra Costa,2020-12-17,913,1452,913,1452,0,0,0,0,913,1452,0,0,913,1452,California
Contra Costa,2020-12-18,1599,3051,1598,3050,1,1,0,0,1599,3051,0,0,1599,3051,California
Contra Costa,2020-12-19,1105,4156,1104,4154,1,2,0,0,1105,4156,0,0,1105,4156,California
Contra Costa,2020-12-20,584,4740,583,4737,1,3,0,0,584,4740,0,0,584,4740,California
Contra Costa,2020-12-21,1664,6404,1662,6399,2,5,0,0,1664,6404,0,0,1664,6404,California
Contra Costa,2020-12-22,1680,8084,1574,7973,106,111,0,0,1680,8084,0,0,1680,8084,California
Contra Costa,2020-12-23,1618,9702,1370,9343,248,359,0,0,1618,9702,0,0,1618,9702,California
Contra Costa,2020-12-24,661,10363,339,9682,322,681,0,0,661,10363,0,0,661,10363,California
Contra Costa,2020-12-25,40,10403,18,9700,22,703,0,0,40,10403,0,0,40,10403,California
Contra Costa,2020-12-26,646,11049,133,9833,513,1216,0,0,646,11049,0,0,646,11049,California
Contra Costa,2020-12-27,240,11289,86,9919,154,1370,0,0,240,11289,0,0,240,11289,California
Contra Costa,2020-12-28,1842,13131,867,10786,975,2345,0,0,1842,13131,0,0,1842,13131,California
Contra Costa,2020-12-29,1832,14963,822,11608,1010,3355,0,0,1832,14963,0,0,1832,14963,California
Contra Costa,2020-12-30,2394,17357,1213,12821,1181,4536,0,0,2393,17356,1,1,2394,17357,California
Contra Costa,2020-12-31,917,18274,307,13128,610,5146,0,0,916,18272,0,1,916,18273,California
Contra Costa,2021-01-01,62,18336,24,13152,38,5184,0,0,62,18334,0,1,62,18335,California
Contra Costa,2021-01-02,339,18675,174,13326,165,5349,0,0,339,18673,0,1,339,18674,California
Contra Costa,2021-01-03,179,18854,121,13447,58,5407,0,0,178,18851,0,1,178,18852,California
Contra Costa,2021-01-04,1908,20762,1251,14698,657,6064,0,0,1888,20721,18,19,1888,20740,California
Contra Costa,2021-01-05,2106,22868,1258,15956,848,6912,0,0,1847,22311,258,277,1848,22588,California
Contra Costa,2021-01-06,3290,26158,2254,18210,1036,7948,0,0,2527,24084,757,1034,2530,25118,California
Contra Costa,2021-01-07,3102,29260,2062,20272,1040,8988,0,0,1887,24759,1212,2246,1887,27005,California
Contra Costa,2021-01-08,3396,32656,2396,22668,1000,9988,0,0,1829,25029,1562,3808,1832,28837,California
Contra Costa,2021-01-09,1587,34243,1136,23804,451,10439,0,0,747,24939,839,4647,749,29586,California
Contra Costa,2021-01-10,362,34605,285,24089,77,10516,0,0,155,24887,207,4854,155,29741,California
Contra Costa,2021-01-11,3837,38442,3146,27235,691,11207,0,0,2231,25515,1606,6460,2234,31975,California
Contra Costa,2021-01-12,3925,42367,2946,30181,979,12186,0,0,2594,26782,1331,7791,2598,34573,California
Contra Costa,2021-01-13,4736,47103,2942,33123,1794,13980,0,0,3784,29619,948,8739,3785,38358,California
Contra Costa,2021-01-14,4327,51430,1565,34688,2762,16742,0,0,3944,33180,383,9122,3944,42302,California
Contra Costa,2021-01-15,5349,56779,2463,37151,2886,19628,0,0,5023,37882,325,9447,5027,47329,California
Contra Costa,2021-01-16,1727,58506,557,37708,1170,20798,0,0,1652,39459,75,9522,1652,48981,California
Contra Costa,2021-01-17,1653,60159,977,38685,676,21474,0,0,1531,40871,122,9644,1534,50515,California
Contra Costa,2021-01-18,3217,63376,1266,39951,1951,23425,0,0,2592,42845,619,10263,2593,53108,California
Contra Costa,2021-01-19,7065,70441,3157,43108,3908,27333,0,0,6060,47908,1002,11265,6065,59173,California
Contra Costa,2021-01-20,6696,77137,4126,47234,2570,29903,0,0,5461,52143,1231,12496,5466,64639,California
Contra Costa,2021-01-21,6987,84124,3109,50343,3878,33781,0,0,6256,57682,725,13221,6264,70903,California
Contra Costa,2021-01-22,6401,90525,2720,53063,3681,37462,0,0,5540,62373,852,14073,5543,76446,California
Contra Costa,2021-01-23,2041,92566,362,53425,1679,39141,0,0,1780,63896,259,14332,1782,78228,California
Contra Costa,2021-01-24,1591,94157,218,53643,1373,40514,0,0,1444,65197,147,14479,1448,79676,California
Contra Costa,2021-01-25,6695,100852,3043,56686,3652,44166,0,0,5124,68756,1569,16048,5128,84804,California
Contra Costa,2021-01-26,8160,109012,4710,61396,3450,47616,0,0,6294,73197,1858,17906,6299,91103,California
Contra Costa,2021-01-27,8219,117231,5432,66828,2787,50403,0,0,6367,77728,1840,19746,6371,97474,California
Contra Costa,2021-01-28,7478,124709,4094,70922,3384,53787,0,0,5865,81990,1607,21353,5869,103343,California
Contra Costa,2021-01-29,7480,132189,3904,74826,3576,57363,0,0,6159,86834,1317,22670,6161,109504,California
Contra Costa,2021-01-30,2146,134335,661,75487,1485,58848,0,0,1740,88175,399,23069,1740,111244,California
Contra Costa,2021-01-31,660,134995,433,75920,227,59075,0,0,567,88652,90,23159,567,111811,California
Contra Costa,2021-02-01,5877,140872,4099,80019,1778,60853,0,0,3969,90724,1900,25059,3972,115783,California
Contra Costa,2021-02-02,7607,148479,5099,85118,2508,63361,0,0,5899,94917,1707,26766,5900,121683,California
Contra Costa,2021-02-03,8294,156773,5480,90598,2814,66175,0,0,5629,97891,2656,29422,5630,127313,California
Contra Costa,2021-02-04,7515,164288,3587,94185,3928,70103,0,0,5747,101875,1766,31188,5750,133063,California
Contra Costa,2021-02-05,8447,172735,4817,99002,3630,73733,0,0,5749,104933,2691,33879,5749,138812,California
Contra Costa,2021-02-06,3488,176223,2164,101166,1324,75057,0,0,2834,107115,653,34532,2835,141647,California
Contra Costa,2021-02-07,986,177209,715,101881,271,75328,0,0,604,107338,381,34913,604,142251,California
Contra Costa,2021-02-08,5888,183097,3492,105373,2396,77724,0,0,4392,110241,1490,36403,4393,146644,California
Contra Costa,2021-02-09,8693,191790,4800,110173,3893,81617,0,0,5796,113147,2891,39294,5797,152441,California
Contra Costa,2021-02-10,8655,200445,4662,114835,3993,85610,0,0,5365,115242,3274,42568,5369,157810,California
Contra Costa,2021-02-11,9341,209786,4219,119054,5122,90732,0,0,5270,116452,4065,46633,5275,163085,California
Contra Costa,2021-02-12,10100,219886,4628,123682,5472,96204,0,0,5465,117292,4628,51261,5468,168553,California
Contra Costa,2021-02-13,4894,224780,1371,125053,3523,99727,0,0,3407,119216,1484,52745,3408,171961,California
Contra Costa,2021-02-14,2099,226879,867,125920,1232,100959,0,0,1223,119565,874,53619,1223,173184,California
Contra Costa,2021-02-15,4470,231349,2476,128396,1994,102953,0,0,2339,119780,2125,55744,2340,175524,California
Contra Costa,2021-02-16,10432,241781,4916,133312,5516,108469,0,0,4645,118650,5779,61523,4649,180173,California
Contra Costa,2021-02-17,12309,254090,6153,139465,6156,114625,0,0,5631,117619,6663,68186,5632,185805,California
Contra Costa,2021-02-18,11496,265586,5982,145447,5514,120139,0,0,5326,116788,6159,74345,5328,191133,California
Contra Costa,2021-02-19,11430,277016,7119,152566,4311,124450,0,0,5179,115731,6237,80582,5180,196313,California
Contra Costa,2021-02-20,6474,283490,2917,155483,3557,128007,0,0,4580,118435,1878,82460,4582,200895,California
Contra Costa,2021-02-21,2279,285769,1725,157208,554,128561,0,0,1548,119253,730,83190,1548,202443,California
Contra Costa,2021-02-22,7604,293373,5149,162357,2455,131016,0,0,3503,118671,4087,87277,3505,205948,California
Contra Costa,2021-02-23,12109,305482,7440,169797,4669,135685,0,0,6080,118741,6015,93292,6085,212033,California
Contra Costa,2021-02-24,10599,316081,7778,177575,2821,138506,0,0,5100,118362,5482,98774,5103,217136,California
Contra Costa,2021-02-25,11535,327616,7260,184835,4275,142781,0,0,5237,117326,6277,105051,5241,222377,California
Contra Costa,2021-02-26,10775,338391,6802,191637,3973,146754,0,0,5335,117237,5425,110476,5336,227713,California
Contra Costa,2021-02-27,6800,345191,4374,196011,2426,149180,0,0,4260,118967,2532,113008,4262,231975,California
Contra Costa,2021-02-28,3821,349012,3140,199151,680,149860,1,1,3218,121587,600,113608,3220,235195,California
Contra Costa,2021-03-01,8250,357262,6214,205365,2031,151891,5,6,5076,123512,3158,116766,5083,240278,California
Contra Costa,2021-03-02,10658,367920,6819,212184,3838,155729,1,7,5709,124290,4933,121699,5711,245989,California
Contra Costa,2021-03-03,11332,379252,7120,219304,4211,159940,1,8,6389,125755,4928,126627,6393,252382,California
Contra Costa,2021-03-04,11992,391244,7170,226474,4821,164761,1,9,6237,126258,5735,132362,6238,258620,California
Contra Costa,2021-03-05,11516,402760,6923,233397,4586,169347,7,16,6623,128013,4875,137237,6630,265250,California
Contra Costa,2021-03-06,7508,410268,4208,237605,2990,172337,310,326,4913,130652,2582,139819,5221,270471,California
Contra Costa,2021-03-07,3839,414107,2461,240066,1316,173653,62,388,3158,133193,679,140498,3220,273691,California
Contra Costa,2021-03-08,8253,422360,3926,243992,4022,177675,305,693,5542,136344,2700,143198,5851,279542,California
Contra Costa,2021-03-09,11187,433547,5937,249929,4954,182629,296,989,5864,137193,5313,148511,6162,285704,California
Contra Costa,2021-03-10,12454,446001,6221,256150,4729,187358,1504,2493,5684,137612,6758,155269,7177,292881,California
Contra Costa,2021-03-11,12546,458547,6599,262749,5380,192738,567,3060,6407,138471,6115,161384,6974,299855,California
Contra Costa,2021-03-12,12681,471228,5235,267984,6883,199621,563,3623,6337,139041,6328,167712,6898,306753,California
Contra Costa,2021-03-13,7883,479111,3161,271145,4293,203914,429,4052,3132,137867,4732,172444,3558,310311,California
Contra Costa,2021-03-14,4454,483565,2639,273784,1327,205241,488,4540,1719,137346,2727,175171,2206,312517,California
Contra Costa,2021-03-15,9496,493061,5154,278938,3579,208820,763,5303,4765,138160,4713,179884,5527,318044,California
Contra Costa,2021-03-16,14378,507439,8568,287506,5402,214222,408,5711,7168,138548,7187,187071,7575,325619,California
Contra Costa,2021-03-17,15122,522561,10449,297955,4457,218679,216,5927,8570,140812,6529,193600,8793,334412,California
Contra Costa,2021-03-18,15484,538045,8641,306596,6359,225038,484,6411,8817,143478,6633,200233,9299,343711,California
Contra Costa,2021-03-19,15709,553754,9081,315677,5222,230260,1406,7817,8334,145866,7356,207589,9744,353455,California
Contra Costa,2021-03-20,10756,564510,6455,322132,3988,234248,313,8130,5160,145762,5577,213166,5473,358928,California
Contra Costa,2021-03-21,4574,569084,3998,326130,478,234726,98,8228,2107,145509,2457,215623,2204,361132,California
Contra Costa,2021-03-22,11666,580750,8807,334937,2603,237329,256,8484,7027,148168,4623,220246,7282,368414,California
Contra Costa,2021-03-23,15708,596458,10839,345776,4697,242026,172,8656,9123,150908,6556,226802,9296,377710,California
Contra Costa,2021-03-24,15086,611544,11773,357549,3099,245125,214,8870,9136,154345,5918,232720,9355,387065,California
Contra Costa,2021-03-25,15394,626938,12011,369560,3094,248219,289,9159,9427,158129,5929,238649,9713,396778,California
Contra Costa,2021-03-26,15124,642062,10867,380427,3853,252072,404,9563,8692,160815,6405,245054,9091,405869,California
Contra Costa,2021-03-27,10580,652642,6884,387311,3183,255255,513,10076,5630,162011,4940,249994,6136,412005,California
Contra Costa,2021-03-28,4247,656889,3031,390342,1163,256418,53,10129,1624,161077,2611,252605,1677,413682,California
Contra Costa,2021-03-29,10934,667823,8538,398880,2280,258698,116,10245,6955,164190,3960,256565,7073,420755,California
Contra Costa,2021-03-30,16831,684654,9210,408090,6267,264965,1354,11599,10380,169490,6431,262996,11731,432486,California
Contra Costa,2021-03-31,18071,702725,12659,420749,3969,268934,1443,13042,11386,175675,6641,269637,12826,445312,California
Contra Costa,2021-04-01,17635,720360,12324,433073,3920,272854,1391,14433,11439,182338,6165,275802,12828,458140,California
Contra Costa,2021-04-02,17546,737906,12931,446004,3584,276438,1031,15464,11624,189082,5910,281712,12654,470794,California
Contra Costa,2021-04-03,10887,748793,6502,452506,2830,279268,1555,17019,6222,192207,4651,286363,7776,478570,California
Contra Costa,2021-04-04,3349,752142,1328,453834,1425,280693,596,17615,845,191151,2496,288859,1440,480010,California
Contra Costa,2021-04-05,12139,764281,7923,461757,3236,283929,980,18595,6596,193199,5529,294388,7577,487587,California
Contra Costa,2021-04-06,17356,781637,12020,473777,3042,286971,2294,20889,9730,197617,7605,301993,12023,499610,California
Contra Costa,2021-04-07,18621,800258,12607,486384,3189,290160,2825,23714,10554,202988,8046,310039,13417,513027,California
Contra Costa,2021-04-08,18742,819000,12491,498875,3323,293483,2928,26642,10048,207296,8667,318706,12975,526002,California
Contra Costa,2021-04-09,18893,837893,12059,510934,4331,297814,2503,29145,10108,211152,8759,327465,12615,538617,California
Contra Costa,2021-04-10,10566,848459,3819,514753,2175,299989,4572,33717,3288,211741,7261,334726,7850,546467,California
Contra Costa,2021-04-11,3352,851811,2001,516754,691,300680,660,34377,1125,211305,2221,336947,1785,548252,California
Contra Costa,2021-04-12,11954,863765,7895,524649,2988,303668,1071,35448,5619,211683,6320,343267,6698,554950,California
Contra Costa,2021-04-13,17818,881583,10935,535584,6876,310544,7,35455,11876,217654,5918,349185,11889,566839,California
Contra Costa,2021-04-14,17588,899171,11047,546631,6540,317084,1,35456,9712,219520,7850,357035,9716,576555,California
Contra Costa,2021-04-15,17519,916690,10757,557388,6761,323845,1,35457,8108,218267,9381,366416,8128,584683,California
Contra Costa,2021-04-16,16879,933569,10536,567924,6341,330186,2,35459,7569,216559,9286,375702,7578,592261,California
Contra Costa,2021-04-17,11452,945021,6297,574221,5155,335341,0,35459,6136,217402,5300,381002,6143,598404,California
Contra Costa,2021-04-18,2752,947773,2123,576344,629,335970,0,35459,1779,218217,964,381966,1779,600183,California
Contra Costa,2021-04-19,11388,959161,8512,584856,2876,338846,0,35459,3574,214006,7787,389753,3576,603759,California
Contra Costa,2021-04-20,16664,975825,10828,595684,5836,344682,0,35459,6241,209860,10391,400144,6245,610004,California
Contra Costa,2021-04-21,17336,993161,14142,609826,3193,347875,1,35460,6159,204888,11139,411283,6167,616171,California
Contra Costa,2021-04-22,17153,1010314,13883,623709,3268,351143,2,35462,6050,199877,11072,422355,6061,622232,California
Contra Costa,2021-04-23,16999,1027313,13502,637211,3497,354640,0,35462,5483,193886,11482,433837,5491,627723,California
Contra Costa,2021-04-24,10933,1038246,8429,645640,2503,357143,1,35463,4181,191340,6731,440568,4185,631908,California
Contra Costa,2021-04-25,3252,1041498,2191,647831,1059,358202,2,35465,2055,192203,1197,441765,2060,633968,California
Contra Costa,2021-04-26,9800,1051298,8205,656036,1571,359773,24,35489,2867,188191,6915,448680,2903,636871,California
Contra Costa,2021-04-27,14515,1065813,10623,666659,3733,363506,159,35648,3911,181689,10582,459262,4080,640951,California
Contra Costa,2021-04-28,13851,1079664,10766,677425,2798,366304,287,35935,3459,175085,10357,469619,3753,644704,California
Contra Costa,2021-04-29,13035,1092699,10084,687509,2781,369085,170,36105,2841,167932,10169,479788,3016,647720,California
Contra Costa,2021-04-30,13698,1106397,10793,698302,2648,371733,257,36362,3100,160728,10565,490353,3361,651081,California
Contra Costa,2021-05-01,8031,1114428,5855,704157,1852,373585,324,36686,1918,156878,6092,496445,2242,653323,California
Contra Costa,2021-05-02,2340,1116768,1591,705748,668,374253,81,36767,996,156621,1334,497779,1077,654400,California
Contra Costa,2021-05-03,9118,1125886,8018,713766,924,375177,176,36943,1926,151550,7176,504955,2105,656505,California
Contra Costa,2021-05-04,14078,1139964,12145,725911,1603,376780,330,37273,2291,142409,11762,516717,2621,659126,California
Contra Costa,2021-05-05,12515,1152479,10790,736701,1525,378305,200,37473,2399,134920,10089,526806,2600,661726,California
Contra Costa,2021-05-06,10294,1162773,8541,745242,1417,379722,336,37809,1941,128877,8328,535134,2285,664011,California
Contra Costa,2021-05-07,9627,1172400,7738,752980,1665,381387,224,38033,2220,123944,7374,542508,2441,666452,California
Contra Costa,2021-05-08,5291,1177691,3984,756964,1139,382526,168,38201,1248,121338,4026,546534,1420,667872,California
Contra Costa,2021-05-09,2103,1179794,1773,758737,270,382796,60,38261,454,120209,1645,548179,516,668388,California
Contra Costa,2021-05-10,4928,1184722,3947,762684,763,383559,218,38479,1343,118206,3563,551742,1560,669948,California
Contra Costa,2021-05-11,8696,1193418,4524,767208,3943,387502,229,38708,1710,113184,6967,558709,1945,671893,California
Contra Costa,2021-05-12,9011,1202429,4571,771779,4194,391696,246,38954,1552,107553,7434,566143,1803,673696,California
Contra Costa,2021-05-13,11315,1213744,7473,779252,3659,395355,183,39137,3943,104333,7346,573489,4126,677822,California
Contra Costa,2021-05-14,12116,1225860,8062,787314,3775,399130,279,39416,5015,102553,7074,580563,5294,683116,California
Contra Costa,2021-05-15,9955,1235815,7217,794531,2619,401749,119,39535,4387,101507,5554,586117,4508,687624,California
Contra Costa,2021-05-16,2429,1238244,2120,796651,264,402013,45,39580,1088,101305,1335,587452,1133,688757,California
Contra Costa,2021-05-17,7011,1245255,5659,802310,1182,403195,170,39750,3593,101671,3398,590850,3764,692521,California
Contra Costa,2021-05-18,10186,1255441,6961,809271,3009,406204,216,39966,4476,100684,5682,596532,4695,697216,California
Contra Costa,2021-05-19,8427,1263868,6817,816088,1419,407623,191,40157,4080,100633,4328,600860,4277,701493,California
Contra Costa,2021-05-20,6562,1270430,5197,821285,1188,408811,177,40334,3269,100808,3270,604130,3445,704938,California
Contra Costa,2021-05-21,6426,1276856,4901,826186,1332,410143,193,40527,2923,100449,3476,607606,3117,708055,California
Contra Costa,2021-05-22,4508,1281364,3560,829746,792,410935,156,40683,2141,100397,2352,609958,2300,710355,California
Contra Costa,2021-05-23,923,1282287,610,830356,267,411202,46,40729,432,100388,488,610446,479,710834,California
Contra Costa,2021-05-24,4607,1286894,3802,834158,627,411829,178,40907,2169,100311,2427,612873,2350,713184,California
Contra Costa,2021-05-25,6210,1293104,5057,839215,905,412734,248,41155,2647,99659,3546,616419,2894,716078,California
Contra Costa,2021-05-26,5568,1298672,3561,842776,1822,414556,185,41340,1957,98215,3587,620006,2143,718221,California
Contra Costa,2021-05-27,3780,1302452,2650,845426,948,415504,182,41522,1671,97973,2092,622098,1850,720071,California
Contra Costa,2021-05-28,5279,1307731,3680,849106,1432,416936,167,41689,2190,97261,3067,625165,2355,722426,California
Contra Costa,2021-05-29,3194,1310925,2049,851155,1030,417966,115,41804,1588,97370,1595,626760,1704,724130,California
Contra Costa,2021-05-30,915,1311840,574,851729,312,418278,29,41833,360,97208,551,627311,389,724519,California
Contra Costa,2021-05-31,390,1312230,264,851993,113,418391,13,41846,134,97100,255,627566,147,724666,California
Contra Costa,2021-06-01,4769,1316999,3532,855525,1088,419479,149,41995,1722,95940,3031,630597,1871,726537,California
Contra Costa,2021-06-02,3328,1320327,2376,857901,810,420289,142,42137,1430,95624,1887,632484,1571,728108,California
Contra Costa,2021-06-03,3766,1324093,3233,861134,443,420732,90,42227,890,93731,2874,635358,981,729089,California
Del Norte,2020-12-21,23,23,23,23,0,0,0,0,23,23,0,0,23,23,California
Del Norte,2020-12-22,45,68,45,68,0,0,0,0,45,68,0,0,45,68,California
Del Norte,2020-12-23,58,126,48,116,10,10,0,0,56,124,0,0,56,124,California
Del Norte,2020-12-28,34,160,34,150,0,10,0,0,34,158,0,0,34,158,California
Del Norte,2020-12-29,4,164,4,154,0,10,0,0,4,162,0,0,4,162,California
Del Norte,2020-12-30,67,231,55,209,12,22,0,0,68,230,0,0,68,230,California
Del Norte,2020-12-31,16,247,13,222,3,25,0,0,16,246,0,0,16,246,California
Del Norte,2021-01-04,102,349,49,271,53,78,0,0,102,348,0,0,102,348,California
Del Norte,2021-01-05,33,382,0,271,33,111,0,0,32,380,1,1,33,381,California
Del Norte,2021-01-06,77,459,18,289,59,170,0,0,77,457,0,1,77,458,California
Del Norte,2021-01-07,21,480,1,290,20,190,0,0,21,478,0,1,21,479,California
Del Norte,2021-01-08,77,557,7,297,70,260,0,0,77,555,0,1,77,556,California
Del Norte,2021-01-11,40,597,21,318,19,279,0,0,18,552,22,23,19,575,California
Del Norte,2021-01-12,50,647,31,349,19,298,0,0,30,562,20,43,30,605,California
Del Norte,2021-01-13,86,733,40,389,46,344,0,0,53,582,33,76,53,658,California
Del Norte,2021-01-14,52,785,14,403,38,382,0,0,46,622,6,82,46,704,California
Del Norte,2021-01-15,107,892,18,421,89,471,0,0,95,705,12,94,95,799,California
Del Norte,2021-01-17,1,893,1,422,0,471,0,0,1,706,0,94,1,800,California
Del Norte,2021-01-18,2,895,0,422,2,473,0,0,2,708,0,94,2,802,California
Del Norte,2021-01-19,119,1014,56,478,63,536,0,0,77,743,42,136,77,879,California
Del Norte,2021-01-20,159,1173,84,562,75,611,0,0,96,777,62,198,96,975,California
Del Norte,2021-01-21,43,1216,40,602,3,614,0,0,32,798,11,209,32,1007,California
Del Norte,2021-01-22,20,1236,17,619,3,617,0,0,13,804,7,216,13,1020,California
Del Norte,2021-01-23,1,1237,0,619,1,618,0,0,1,805,0,216,1,1021,California
Del Norte,2021-01-24,1,1238,0,619,1,619,0,0,1,806,0,216,1,1022,California
Del Norte,2021-01-25,100,1338,82,701,18,637,0,0,56,818,44,260,56,1078,California
Del Norte,2021-01-26,18,1356,11,712,7,644,0,0,7,814,11,271,7,1085,California
Del Norte,2021-01-27,64,1420,21,733,43,687,0,0,61,872,3,274,61,1146,California
Del Norte,2021-01-28,292,1712,20,753,272,959,0,0,287,1154,5,279,287,1433,California
Del Norte,2021-01-29,61,1773,21,774,40,999,0,0,43,1179,18,297,43,1476,California
Del Norte,2021-01-30,8,1781,1,775,7,1006,0,0,8,1187,0,297,8,1484,California
Del Norte,2021-02-01,41,1822,1,776,40,1046,0,0,26,1198,15,312,26,1510,California
Del Norte,2021-02-02,141,1963,34,810,107,1153,0,0,73,1204,67,379,73,1583,California
Del Norte,2021-02-03,126,2089,40,850,86,1239,0,0,71,1220,55,434,71,1654,California
Del Norte,2021-02-04,71,2160,29,879,42,1281,0,0,42,1233,29,463,42,1696,California
Del Norte,2021-02-05,184,2344,22,901,162,1443,0,0,119,1288,64,527,119,1815,California
Del Norte,2021-02-06,310,2654,4,905,306,1749,0,0,310,1598,0,527,310,2125,California
Del Norte,2021-02-07,1,2655,0,905,1,1750,0,0,1,1599,0,527,1,2126,California
Del Norte,2021-02-08,36,2691,1,906,35,1785,0,0,32,1627,4,531,32,2158,California
Del Norte,2021-02-09,8,2699,5,911,3,1788,0,0,2,1623,6,537,2,2160,California
Del Norte,2021-02-10,142,2841,20,931,122,1910,0,0,85,1652,56,593,85,2245,California
Del Norte,2021-02-11,177,3018,59,990,118,2028,0,0,64,1603,113,706,64,2309,California
Del Norte,2021-02-12,121,3139,14,1004,107,2135,0,0,67,1616,54,760,67,2376,California
Del Norte,2021-02-13,2,3141,1,1005,1,2136,0,0,2,1618,0,760,2,2378,California
Del Norte,2021-02-14,3,3144,1,1006,2,2138,0,0,2,1619,1,761,2,2380,California
Del Norte,2021-02-15,4,3148,0,1006,4,2142,0,0,2,1619,2,763,2,2382,California
Del Norte,2021-02-16,132,3280,1,1007,131,2273,0,0,13,1513,119,882,13,2395,California
Del Norte,2021-02-17,92,3372,20,1027,72,2345,0,0,25,1471,67,949,25,2420,California
Del Norte,2021-02-18,77,3449,24,1051,53,2398,0,0,51,1496,26,975,51,2471,California
Del Norte,2021-02-19,43,3492,17,1068,26,2424,0,0,33,1519,10,985,33,2504,California
Del Norte,2021-02-20,8,3500,5,1073,3,2427,0,0,6,1523,2,987,6,2510,California
Del Norte,2021-02-22,2,3502,0,1073,2,2429,0,0,2,1525,0,987,2,2512,California
Del Norte,2021-02-23,107,3609,89,1162,18,2447,0,0,31,1481,76,1063,32,2544,California
Del Norte,2021-02-24,154,3763,100,1262,54,2501,0,0,79,1485,75,1138,79,2623,California
Del Norte,2021-02-25,477,4240,131,1393,346,2847,0,0,213,1436,262,1400,213,2836,California
Del Norte,2021-02-26,214,4454,177,1570,37,2884,0,0,168,1558,46,1446,168,3004,California
Del Norte,2021-02-27,149,4603,143,1713,5,2889,1,1,141,1692,8,1454,142,3146,California
Del Norte,2021-02-28,3,4606,0,1713,3,2892,0,1,3,1695,0,1454,3,3149,California
Del Norte,2021-03-01,29,4635,2,1715,27,2919,0,1,4,1675,24,1478,4,3153,California
Del Norte,2021-03-02,222,4857,142,1857,80,2999,0,1,188,1829,34,1512,188,3341,California
Del Norte,2021-03-03,167,5024,99,1956,68,3067,0,1,126,1914,41,1553,126,3467,California
Del Norte,2021-03-04,120,5144,83,2039,37,3104,0,1,91,1977,28,1581,91,3558,California
Del Norte,2021-03-05,121,5265,11,2050,110,3214,0,1,73,2002,48,1629,73,3631,California
Del Norte,2021-03-06,464,5729,77,2127,338,3552,49,50,163,1871,301,1930,170,3801,California
Del Norte,2021-03-07,2,5731,1,2128,1,3553,0,50,1,1871,1,1931,1,3802,California
Del Norte,2021-03-08,28,5759,1,2129,25,3578,2,52,5,1855,23,1954,7,3809,California
Del Norte,2021-03-09,194,5953,113,2242,78,3656,3,55,183,2030,11,1965,186,3995,California
Del Norte,2021-03-10,233,6186,96,2338,109,3765,28,83,134,2093,99,2064,162,4157,California
Del Norte,2021-03-11,151,6337,55,2393,91,3856,5,88,103,2153,48,2112,108,4265,California
Del Norte,2021-03-12,178,6515,89,2482,89,3945,0,88,125,2225,53,2165,125,4390,California
Del Norte,2021-03-13,94,6609,93,2575,1,3946,0,88,91,2313,3,2168,91,4481,California
Del Norte,2021-03-14,1,6610,0,2575,1,3947,0,88,1,2313,1,2169,1,4482,California
Del Norte,2021-03-15,39,6649,0,2575,38,3985,1,89,34,2343,5,2174,35,4517,California
Del Norte,2021-03-16,281,6930,135,2710,146,4131,0,89,260,2582,21,2195,260,4777,California
Del Norte,2021-03-17,282,7212,95,2805,185,4316,2,91,168,2638,114,2309,170,4947,California
Del Norte,2021-03-18,285,7497,107,2912,175,4491,3,94,149,2655,135,2444,152,5099,California
Del Norte,2021-03-19,268,7765,160,3072,102,4593,6,100,91,2575,177,2621,97,5196,California
Del Norte,2021-03-20,157,7922,154,3226,3,4596,0,100,15,2448,142,2763,15,5211,California
Del Norte,2021-03-21,4,7926,2,3228,2,4598,0,100,2,2448,2,2765,2,5213,California
Del Norte,2021-03-22,43,7969,3,3231,39,4637,1,101,39,2485,3,2768,40,5253,California
Del Norte,2021-03-23,335,8304,164,3395,153,4790,18,119,164,2497,169,2937,181,5434,California
Del Norte,2021-03-24,396,8700,107,3502,249,5039,40,159,235,2611,161,3098,275,5709,California
Del Norte,2021-03-25,192,8892,88,3590,104,5143,0,159,84,2588,107,3205,84,5793,California
Del Norte,2021-03-26,234,9126,113,3703,121,5264,0,159,197,2748,37,3242,197,5990,California
Del Norte,2021-03-27,107,9233,86,3789,4,5268,17,176,17,2692,90,3332,34,6024,California
Del Norte,2021-03-28,4,9237,2,3791,2,5270,0,176,1,2690,3,3335,1,6025,California
Del Norte,2021-03-29,57,9294,6,3797,34,5304,17,193,32,2714,25,3360,49,6074,California
Del Norte,2021-03-30,340,9634,119,3916,210,5514,11,204,128,2641,212,3572,139,6213,California
Del Norte,2021-03-31,354,9988,100,4016,237,5751,17,221,198,2702,154,3726,215,6428,California
Del Norte,2021-04-01,164,10152,58,4074,72,5823,34,255,69,2711,94,3820,103,6531,California
Del Norte,2021-04-02,232,10384,79,4153,104,5927,49,304,49,2627,183,4003,99,6630,California
Del Norte,2021-04-03,108,10492,83,4236,2,5929,23,327,5,2553,102,4105,28,6658,California
Del Norte,2021-04-04,4,10496,0,4236,0,5929,4,331,0,2553,4,4109,4,6662,California
Del Norte,2021-04-05,47,10543,5,4241,38,5967,4,335,40,2590,7,4116,44,6706,California
Del Norte,2021-04-06,379,10922,120,4361,222,6189,37,372,146,2545,229,4345,184,6890,California
Del Norte,2021-04-07,437,11359,115,4476,261,6450,61,433,291,2751,146,4491,352,7242,California
Del Norte,2021-04-08,228,11587,54,4530,106,6556,68,501,105,2802,123,4614,174,7416,California
Del Norte,2021-04-09,207,11794,46,4576,84,6640,77,578,100,2871,106,4720,175,7591,California
Del Norte,2021-04-10,47,11841,26,4602,4,6644,17,595,27,2895,20,4740,44,7635,California
Del Norte,2021-04-11,12,11853,3,4605,2,6646,7,602,2,2894,10,4750,9,7644,California
Del Norte,2021-04-12,27,11880,1,4606,9,6655,17,619,1,2887,25,4775,18,7662,California
Del Norte,2021-04-13,298,12178,50,4656,248,6903,0,619,155,2899,143,4918,155,7817,California
Del Norte,2021-04-14,327,12505,23,4679,304,7207,0,619,138,2853,189,5107,143,7960,California
Del Norte,2021-04-15,164,12669,31,4710,133,7340,0,619,45,2780,119,5226,46,8006,California
Del Norte,2021-04-16,161,12830,40,4750,121,7461,0,619,59,2738,102,5328,60,8066,California
Del Norte,2021-04-17,104,12934,72,4822,32,7493,0,619,99,2832,5,5333,99,8165,California
Del Norte,2021-04-18,5,12939,4,4826,1,7494,0,619,4,2835,1,5334,4,8169,California
Del Norte,2021-04-19,50,12989,6,4832,44,7538,0,619,8,2801,42,5376,8,8177,California
Del Norte,2021-04-20,208,13197,40,4872,168,7706,0,619,73,2739,135,5511,73,8250,California
Del Norte,2021-04-21,288,13485,23,4895,265,7971,0,619,63,2581,224,5735,66,8316,California
Del Norte,2021-04-22,114,13599,15,4910,99,8070,0,619,62,2591,52,5787,62,8378,California
Del Norte,2021-04-23,153,13752,22,4932,131,8201,0,619,40,2518,113,5900,40,8418,California
Del Norte,2021-04-24,25,13777,14,4946,11,8212,0,619,20,2533,5,5905,20,8438,California
Del Norte,2021-04-25,2,13779,0,4946,2,8214,0,619,2,2535,0,5905,2,8440,California
Del Norte,2021-04-26,31,13810,0,4946,31,8245,0,619,9,2522,22,5927,9,8449,California
Del Norte,2021-04-27,181,13991,19,4965,157,8402,5,624,49,2444,132,6059,54,8503,California
Del Norte,2021-04-28,351,14342,100,5065,246,8648,5,629,63,2226,287,6346,69,8572,California
Del Norte,2021-04-29,93,14435,6,5071,83,8731,4,633,26,2189,67,6413,30,8602,California
Del Norte,2021-04-30,83,14518,6,5077,67,8798,10,643,44,2204,39,6452,54,8656,California
Del Norte,2021-05-01,8,14526,3,5080,5,8803,0,643,6,2208,2,6454,6,8662,California
Del Norte,2021-05-02,8,14534,0,5080,8,8811,0,643,8,2216,0,6454,8,8670,California
Del Norte,2021-05-03,40,14574,3,5083,34,8845,3,646,2,2184,37,6491,5,8675,California
Del Norte,2021-05-04,221,14795,36,5119,180,9025,5,651,46,2061,174,6665,51,8726,California
Del Norte,2021-05-05,231,15026,19,5138,204,9229,8,659,56,1950,175,6840,64,8790,California
Del Norte,2021-05-06,111,15137,24,5162,74,9303,13,672,26,1904,85,6925,39,8829,California
Del Norte,2021-05-07,152,15289,29,5191,119,9422,4,676,32,1820,120,7045,36,8865,California
Del Norte,2021-05-08,64,15353,55,5246,7,9429,2,678,6,1770,58,7103,8,8873,California
Del Norte,2021-05-09,9,15362,3,5249,3,9432,3,681,2,1768,7,7110,5,8878,California
Del Norte,2021-05-10,25,15387,3,5252,18,9450,4,685,15,1777,10,7120,19,8897,California
Del Norte,2021-05-11,170,15557,49,5301,119,9569,2,687,33,1675,137,7257,35,8932,California
Del Norte,2021-05-12,148,15705,23,5324,115,9684,10,697,27,1592,120,7377,37,8969,California
Del Norte,2021-05-13,60,15765,29,5353,30,9714,1,698,32,1597,28,7405,33,9002,California
Del Norte,2021-05-14,77,15842,27,5380,49,9763,1,699,42,1605,35,7440,43,9045,California
Del Norte,2021-05-15,81,15923,53,5433,28,9791,0,699,53,1630,28,7468,53,9098,California
Del Norte,2021-05-16,11,15934,0,5433,11,9802,0,699,11,1641,0,7468,11,9109,California
Del Norte,2021-05-17,27,15961,3,5436,20,9822,4,703,15,1648,12,7480,19,9128,California
Del Norte,2021-05-18,126,16087,68,5504,57,9879,1,704,80,1683,46,7526,81,9209,California
Del Norte,2021-05-19,96,16183,14,5518,66,9945,16,720,38,1679,58,7584,54,9263,California
Del Norte,2021-05-20,98,16281,31,5549,64,10009,3,723,39,1663,58,7642,42,9305,California
Del Norte,2021-05-21,78,16359,32,5581,42,10051,4,727,41,1671,37,7679,45,9350,California
Del Norte,2021-05-22,21,16380,7,5588,14,10065,0,727,8,1666,13,7692,8,9358,California
Del Norte,2021-05-23,11,16391,4,5592,7,10072,0,727,4,1663,7,7699,4,9362,California
Del Norte,2021-05-24,29,16420,11,5603,17,10089,1,728,18,1672,10,7709,19,9381,California
Del Norte,2021-05-25,45,16465,7,5610,30,10119,8,736,14,1665,29,7738,22,9403,California
Del Norte,2021-05-26,113,16578,36,5646,71,10190,6,742,52,1663,60,7798,58,9461,California
Del Norte,2021-05-27,65,16643,22,5668,39,10229,4,746,31,1664,34,7832,35,9496,California
Del Norte,2021-05-28,51,16694,10,5678,37,10266,4,750,11,1639,40,7872,15,9511,California
Del Norte,2021-05-29,9,16703,0,5678,4,10270,5,755,3,1641,6,7878,8,9519,California
Del Norte,2021-05-30,7,16710,1,5679,6,10276,0,755,2,1638,5,7883,2,9521,California
Del Norte,2021-05-31,4,16714,2,5681,2,10278,0,755,3,1640,1,7884,3,9524,California
Del Norte,2021-06-01,51,16765,6,5687,39,10317,6,761,11,1617,40,7924,17,9541,California
Del Norte,2021-06-02,73,16838,8,5695,63,10380,2,763,16,1578,57,7981,18,9559,California
Del Norte,2021-06-03,38,16876,29,5724,8,10388,1,764,17,1575,21,8002,18,9577,California
El Dorado,2020-12-15,12,12,12,12,0,0,0,0,12,12,0,0,12,12,California
El Dorado,2020-12-16,40,52,40,52,0,0,0,0,40,52,0,0,40,52,California
El Dorado,2020-12-17,31,83,31,83,0,0,0,0,31,83,0,0,31,83,California
El Dorado,2020-12-18,239,322,239,322,0,0,0,0,239,322,0,0,239,322,California
El Dorado,2020-12-19,116,438,116,438,0,0,0,0,116,438,0,0,116,438,California
El Dorado,2020-12-20,85,523,85,523,0,0,0,0,85,523,0,0,85,523,California
El Dorado,2020-12-21,311,834,310,833,1,1,0,0,311,834,0,0,311,834,California
El Dorado,2020-12-22,239,1073,215,1048,24,25,0,0,239,1073,0,0,239,1073,California
El Dorado,2020-12-23,190,1263,141,1189,49,74,0,0,190,1263,0,0,190,1263,California
El Dorado,2020-12-24,88,1351,67,1256,21,95,0,0,88,1351,0,0,88,1351,California
El Dorado,2020-12-25,8,1359,8,1264,0,95,0,0,8,1359,0,0,8,1359,California
El Dorado,2020-12-26,45,1404,27,1291,18,113,0,0,45,1404,0,0,45,1404,California
El Dorado,2020-12-27,37,1441,33,1324,4,117,0,0,37,1441,0,0,37,1441,California
El Dorado,2020-12-28,213,1654,166,1490,47,164,0,0,213,1654,0,0,213,1654,California
El Dorado,2020-12-29,460,2114,143,1633,317,481,0,0,460,2114,0,0,460,2114,California
El Dorado,2020-12-30,506,2620,137,1770,369,850,0,0,506,2620,0,0,506,2620,California
El Dorado,2020-12-31,110,2730,70,1840,40,890,0,0,110,2730,0,0,110,2730,California
El Dorado,2021-01-01,7,2737,4,1844,3,893,0,0,7,2737,0,0,7,2737,California
El Dorado,2021-01-02,153,2890,141,1985,12,905,0,0,153,2890,0,0,153,2890,California
El Dorado,2021-01-03,92,2982,17,2002,75,980,0,0,92,2982,0,0,92,2982,California
El Dorado,2021-01-04,190,3172,62,2064,128,1108,0,0,190,3172,0,0,190,3172,California
El Dorado,2021-01-05,228,3400,72,2136,156,1264,0,0,212,3368,16,16,212,3384,California
El Dorado,2021-01-06,239,3639,167,2303,72,1336,0,0,175,3479,64,80,175,3559,California
El Dorado,2021-01-07,332,3971,137,2440,195,1531,0,0,261,3669,71,151,261,3820,California
El Dorado,2021-01-08,978,4949,504,2944,474,2005,0,0,772,4236,206,357,773,4593,California
El Dorado,2021-01-09,193,5142,156,3100,37,2042,0,0,125,4293,68,425,125,4718,California
El Dorado,2021-01-10,179,5321,128,3228,51,2093,0,0,109,4333,70,495,110,4828,California
El Dorado,2021-01-11,659,5980,293,3521,366,2459,0,0,459,4594,199,694,460,5288,California
El Dorado,2021-01-12,806,6786,423,3944,383,2842,0,0,557,4902,249,943,557,5845,California
El Dorado,2021-01-13,702,7488,298,4242,404,3246,0,0,541,5282,161,1104,541,6386,California
El Dorado,2021-01-14,792,8280,220,4462,572,3818,0,0,697,5884,95,1199,697,7083,California
El Dorado,2021-01-15,791,9071,184,4646,607,4425,0,0,719,6531,72,1271,719,7802,California
El Dorado,2021-01-16,173,9244,103,4749,70,4495,0,0,146,6650,27,1298,146,7948,California
El Dorado,2021-01-17,104,9348,47,4796,57,4552,0,0,87,6720,17,1315,87,8035,California
El Dorado,2021-01-18,423,9771,140,4936,283,4835,0,0,354,7005,69,1384,354,8389,California
El Dorado,2021-01-19,754,10525,453,5389,301,5136,0,0,604,7460,150,1534,605,8994,California
El Dorado,2021-01-20,1014,11539,689,6078,325,5461,0,0,901,8249,112,1646,901,9895,California
El Dorado,2021-01-21,1265,12804,678,6756,587,6048,0,0,1057,9139,167,1813,1057,10952,California
El Dorado,2021-01-22,1230,14034,835,7591,395,6443,0,0,1175,10260,54,1867,1175,12127,California
El Dorado,2021-01-23,737,14771,615,8206,122,6565,0,0,626,10775,111,1978,626,12753,California
El Dorado,2021-01-24,126,14897,76,8282,50,6615,0,0,107,10863,19,1997,107,12860,California
El Dorado,2021-01-25,700,15597,293,8575,407,7022,0,0,613,11389,87,2084,613,13473,California
El Dorado,2021-01-26,680,16277,368,8943,312,7334,0,0,576,11861,104,2188,576,14049,California
El Dorado,2021-01-27,994,17271,391,9334,603,7937,0,0,656,12178,339,2527,656,14705,California
El Dorado,2021-01-28,1106,18377,452,9786,654,8591,0,0,745,12562,361,2888,745,15450,California
El Dorado,2021-01-29,1045,19422,557,10343,488,9079,0,0,753,13025,291,3179,754,16204,California
El Dorado,2021-01-30,543,19965,291,10634,252,9331,0,0,446,13375,96,3275,446,16650,California
El Dorado,2021-01-31,237,20202,215,10849,22,9353,0,0,184,13507,52,3327,184,16834,California
El Dorado,2021-02-01,798,21000,368,11217,430,9783,0,0,653,14015,145,3472,653,17487,California
El Dorado,2021-02-02,846,21846,368,11585,478,10261,0,0,681,14531,165,3637,681,18168,California
El Dorado,2021-02-03,902,22748,476,12061,426,10687,0,0,690,15009,212,3849,690,18858,California
El Dorado,2021-02-04,1244,23992,701,12762,543,11230,0,0,872,15509,372,4221,872,19730,California
El Dorado,2021-02-05,1485,25477,599,13361,886,12116,0,0,862,15785,586,4807,862,20592,California
El Dorado,2021-02-06,638,26115,332,13693,306,12422,0,0,532,16212,106,4913,533,21125,California
El Dorado,2021-02-07,260,26375,178,13871,82,12504,0,0,195,16342,65,4978,195,21320,California
El Dorado,2021-02-08,886,27261,420,14291,466,12970,0,0,610,16676,276,5254,610,21930,California
El Dorado,2021-02-09,972,28233,546,14837,426,13396,0,0,541,16786,431,5685,541,22471,California
El Dorado,2021-02-10,1259,29492,736,15573,523,13919,0,0,665,16858,593,6278,665,23136,California
El Dorado,2021-02-11,2151,31643,889,16462,1262,15181,0,0,756,16223,1392,7670,757,23893,California
El Dorado,2021-02-12,1577,33220,825,17287,752,15933,0,0,676,16000,900,8570,677,24570,California
El Dorado,2021-02-13,979,34199,667,17954,312,16245,0,0,435,15894,541,9111,435,25005,California
El Dorado,2021-02-14,487,34686,155,18109,332,16577,0,0,396,16199,91,9202,396,25401,California
El Dorado,2021-02-15,1181,35867,383,18492,798,17375,0,0,818,16658,363,9565,822,26223,California
El Dorado,2021-02-16,1206,37073,532,19024,674,18049,0,0,668,16790,537,10102,669,26892,California
El Dorado,2021-02-17,953,38026,420,19444,533,18582,0,0,458,16755,495,10597,460,27352,California
El Dorado,2021-02-18,2094,40120,1020,20464,1074,19656,0,0,1059,16780,1034,11631,1059,28411,California
El Dorado,2021-02-19,1210,41330,643,21107,567,20223,0,0,675,16921,534,12165,675,29086,California
El Dorado,2021-02-20,925,42255,441,21548,484,20707,0,0,671,17343,249,12414,671,29757,California
El Dorado,2021-02-21,286,42541,229,21777,57,20764,0,0,101,17259,185,12599,101,29858,California
El Dorado,2021-02-22,876,43417,440,22217,436,21200,0,0,273,16930,602,13201,273,30131,California
El Dorado,2021-02-23,847,44264,473,22690,374,21574,0,0,338,16760,508,13709,338,30469,California
El Dorado,2021-02-24,1027,45291,438,23128,589,22163,0,0,424,16582,603,14312,425,30894,California
El Dorado,2021-02-25,1891,47182,1140,24268,751,22914,0,0,674,16048,1210,15522,676,31570,California
El Dorado,2021-02-26,2357,49539,1481,25749,876,23790,0,0,1586,16866,768,16290,1586,33156,California
El Dorado,2021-02-27,1665,51204,440,26189,1225,25015,0,0,1223,17650,439,16729,1223,34379,California
El Dorado,2021-02-28,594,51798,207,26396,387,25402,0,0,435,17927,159,16888,436,34815,California
El Dorado,2021-03-01,1136,52934,448,26844,686,26088,2,2,626,18046,509,17397,628,35443,California
El Dorado,2021-03-02,926,53860,270,27114,655,26743,1,3,483,18089,441,17838,484,35927,California
El Dorado,2021-03-03,1695,55555,466,27580,1229,27972,0,3,1155,18714,533,18371,1158,37085,California
El Dorado,2021-03-04,2516,58071,1549,29129,967,28939,0,3,1197,18595,1316,19687,1197,38282,California
El Dorado,2021-03-05,1586,59657,429,29558,1152,30091,5,8,1049,19118,531,20218,1054,39336,California
El Dorado,2021-03-06,742,60399,213,29771,494,30585,35,43,394,19200,347,20565,429,39765,California
El Dorado,2021-03-07,406,60805,197,29968,191,30776,18,61,242,19298,162,20727,260,40025,California
El Dorado,2021-03-08,1331,62136,365,30333,894,31670,72,133,862,19765,466,21193,933,40958,California
El Dorado,2021-03-09,990,63126,231,30564,692,32362,67,200,587,20031,388,21581,654,41612,California
El Dorado,2021-03-10,955,64081,346,30910,553,32915,56,256,551,20240,397,21978,606,42218,California
El Dorado,2021-03-11,3023,67104,1834,32744,1006,33921,183,439,1288,19996,1714,23692,1470,43688,California
El Dorado,2021-03-12,1794,68898,622,33366,924,34845,248,687,750,19970,1026,24718,1000,44688,California
El Dorado,2021-03-13,1067,69965,344,33710,441,35286,282,969,375,19936,689,25407,655,45343,California
El Dorado,2021-03-14,795,70760,208,33918,475,35761,112,1081,279,19812,516,25923,392,45735,California
El Dorado,2021-03-15,1402,72162,304,34222,971,36732,127,1208,612,19766,786,26709,740,46475,California
El Dorado,2021-03-16,1225,73387,416,34638,664,37396,145,1353,574,19840,645,27354,719,47194,California
El Dorado,2021-03-17,1115,74502,351,34989,667,38063,97,1450,725,20272,389,27743,821,48015,California
El Dorado,2021-03-18,3002,77504,1774,36763,1183,39246,45,1495,1980,21283,1014,28757,2025,50040,California
El Dorado,2021-03-19,1120,78624,365,37128,608,39854,147,1642,642,21594,478,29235,789,50829,California
El Dorado,2021-03-20,950,79574,269,37397,664,40518,17,1659,370,21413,568,29803,387,51216,California
El Dorado,2021-03-21,1026,80600,419,37816,602,41120,5,1664,934,22262,90,29893,939,52155,California
El Dorado,2021-03-22,1507,82107,489,38305,936,42056,82,1746,1196,23234,306,30199,1278,53433,California
El Dorado,2021-03-23,1150,83257,453,38758,602,42658,95,1841,733,23656,406,30605,828,54261,California
El Dorado,2021-03-24,1459,84716,624,39382,639,43297,196,2037,664,23749,767,31372,860,55121,California
El Dorado,2021-03-25,2514,87230,1685,41067,725,44022,104,2141,1383,24112,1125,32497,1488,56609,California
El Dorado,2021-03-26,1823,89053,699,41766,1014,45036,110,2251,945,24313,855,33352,1056,57665,California
El Dorado,2021-03-27,1322,90375,188,41954,1130,46166,4,2255,334,23669,982,34334,338,58003,California
El Dorado,2021-03-28,636,91011,182,42136,444,46610,10,2265,203,23453,429,34763,213,58216,California
El Dorado,2021-03-29,1322,92333,433,42569,873,47483,16,2281,831,23812,488,35251,847,59063,California
El Dorado,2021-03-30,1364,93697,413,42982,858,48341,93,2374,684,23915,672,35923,775,59838,California
El Dorado,2021-03-31,1561,95258,582,43564,916,49257,63,2437,697,23812,862,36785,759,60597,California
El Dorado,2021-04-01,3241,98499,1769,45333,1389,50646,83,2520,1541,23740,1698,38483,1626,62223,California
El Dorado,2021-04-02,1891,100390,563,45896,1233,51879,95,2615,748,23448,1137,39620,845,63068,California
El Dorado,2021-04-03,752,101142,295,46191,335,52214,122,2737,231,23283,518,40138,353,63421,California
El Dorado,2021-04-04,272,101414,85,46276,140,52354,47,2784,98,23255,173,40311,145,63566,California
El Dorado,2021-04-05,1425,102839,425,46701,906,53260,94,2878,593,23114,827,41138,686,64252,California
El Dorado,2021-04-06,1416,104255,525,47226,670,53930,221,3099,452,22824,960,42098,670,64922,California
El Dorado,2021-04-07,1592,105847,559,47785,579,54509,454,3553,559,22805,1030,43128,1011,65933,California
El Dorado,2021-04-08,2690,108537,1731,49516,722,55231,237,3790,1117,22606,1564,44692,1365,67298,California
El Dorado,2021-04-09,1438,109975,455,49971,762,55993,221,4011,571,22536,864,45556,794,68092,California
El Dorado,2021-04-10,821,110796,225,50196,485,56478,111,4122,472,22773,346,45902,583,68675,California
El Dorado,2021-04-11,703,111499,454,50650,233,56711,16,4138,207,22502,495,46397,224,68899,California
El Dorado,2021-04-12,1284,112783,500,51150,635,57346,149,4287,563,22502,714,47111,714,69613,California
El Dorado,2021-04-13,1119,113902,610,51760,509,57855,0,4287,508,22403,607,47718,508,70121,California
El Dorado,2021-04-14,1088,114990,461,52221,626,58481,1,4288,388,22105,687,48405,389,70510,California
El Dorado,2021-04-15,2491,117481,1671,53892,820,59301,0,4288,953,21524,1535,49940,954,71464,California
El Dorado,2021-04-16,1467,118948,521,54413,946,60247,0,4288,602,21266,861,50801,603,72067,California
El Dorado,2021-04-17,792,119740,202,54615,590,60837,0,4288,492,21461,297,51098,492,72559,California
El Dorado,2021-04-18,992,120732,89,54704,903,61740,0,4288,395,21260,596,51694,395,72954,California
El Dorado,2021-04-19,1716,122448,438,55142,1278,63018,0,4288,690,20930,1020,52714,690,73644,California
El Dorado,2021-04-20,1110,123558,360,55502,750,63768,0,4288,461,20747,644,53358,461,74105,California
El Dorado,2021-04-21,1159,124717,466,55968,689,64457,4,4292,591,20779,560,53918,592,74697,California
El Dorado,2021-04-22,2551,127268,1679,57647,872,65329,0,4292,1067,20365,1481,55399,1067,75764,California
El Dorado,2021-04-23,1399,128667,491,58138,908,66237,0,4292,709,20388,687,56086,710,76474,California
El Dorado,2021-04-24,969,129636,516,58654,453,66690,0,4292,734,20889,233,56319,734,77208,California
El Dorado,2021-04-25,656,130292,450,59104,206,66896,0,4292,469,21171,187,56506,469,77677,California
El Dorado,2021-04-26,1141,131433,451,59555,673,67569,17,4309,537,21123,601,57107,553,78230,California
El Dorado,2021-04-27,1068,132501,384,59939,655,68224,29,4338,478,21047,583,57690,507,78737,California
El Dorado,2021-04-28,1034,133535,346,60285,648,68872,40,4378,403,20860,630,58320,443,79180,California
El Dorado,2021-04-29,1929,135464,1303,61588,594,69466,32,4410,538,20041,1389,59709,570,79750,California
El Dorado,2021-04-30,2121,137585,1332,62920,748,70214,41,4451,1359,20690,750,60459,1399,81149,California
El Dorado,2021-05-01,617,138202,282,63202,308,70522,27,4478,278,20663,332,60791,305,81454,California
El Dorado,2021-05-02,300,138502,214,63416,57,70579,29,4507,101,20596,196,60987,129,81583,California
El Dorado,2021-05-03,823,139325,403,63819,370,70949,50,4557,277,20382,542,61529,328,81911,California
El Dorado,2021-05-04,876,140201,431,64250,387,71336,58,4615,309,20186,563,62092,367,82278,California
El Dorado,2021-05-05,876,141077,434,64684,369,71705,73,4688,416,20217,458,62550,489,82767,California
El Dorado,2021-05-06,1114,142191,483,65167,584,72289,47,4735,473,20098,635,63185,516,83283,California
El Dorado,2021-05-07,978,143169,373,65540,547,72836,58,4793,399,19975,579,63764,456,83739,California
El Dorado,2021-05-08,484,143653,149,65689,298,73134,37,4830,186,19902,296,64060,223,83962,California
El Dorado,2021-05-09,218,143871,79,65768,112,73246,27,4857,100,19912,117,64177,127,84089,California
El Dorado,2021-05-10,828,144699,274,66042,495,73741,59,4916,241,19633,577,64754,298,84387,California
El Dorado,2021-05-11,660,145359,286,66328,320,74061,54,4970,290,19611,367,65121,345,84732,California
El Dorado,2021-05-12,587,145946,309,66637,243,74304,35,5005,237,19534,350,65471,273,85005,California
El Dorado,2021-05-13,1142,147088,732,67369,374,74678,36,5041,395,19222,742,66213,430,85435,California
El Dorado,2021-05-14,1400,148488,806,68175,510,75188,84,5125,681,19273,714,66927,765,86200,California
El Dorado,2021-05-15,896,149384,553,68728,287,75475,56,5181,313,19059,583,67510,369,86569,California
El Dorado,2021-05-16,658,150042,460,69188,172,75647,26,5207,230,18888,428,67938,257,86826,California
El Dorado,2021-05-17,1566,151608,662,69850,855,76502,49,5256,567,18508,995,68933,615,87441,California
El Dorado,2021-05-18,1012,152620,507,70357,451,76953,54,5310,444,18439,567,69500,498,87939,California
El Dorado,2021-05-19,810,153430,328,70685,430,77383,52,5362,315,18316,489,69989,366,88305,California
El Dorado,2021-05-20,1041,154471,602,71287,390,77773,49,5411,448,18223,590,70579,497,88802,California
El Dorado,2021-05-21,2171,156642,1663,72950,483,78256,25,5436,742,17566,1424,72003,767,89569,California
El Dorado,2021-05-22,570,157212,156,73106,397,78653,17,5453,191,17396,378,72381,208,89777,California
El Dorado,2021-05-23,192,157404,87,73193,86,78739,19,5472,62,17348,129,72510,81,89858,California
El Dorado,2021-05-24,867,158271,437,73630,363,79102,67,5539,305,17159,558,73068,369,90227,California
El Dorado,2021-05-25,585,158856,237,73867,315,79417,33,5572,219,17047,364,73432,252,90479,California
El Dorado,2021-05-26,773,159629,377,74244,376,79793,20,5592,291,16878,480,73912,311,90790,California
El Dorado,2021-05-27,607,160236,240,74484,333,80126,34,5626,301,16908,304,74216,334,91124,California
El Dorado,2021-05-28,702,160938,239,74723,406,80532,57,5683,295,16855,405,74621,352,91476,California
El Dorado,2021-05-29,383,161321,106,74829,258,80790,19,5702,164,16819,219,74840,183,91659,California
El Dorado,2021-05-30,172,161493,101,74930,56,80846,15,5717,81,16825,90,74930,96,91755,California
El Dorado,2021-05-31,31,161524,7,74937,15,80861,9,5726,6,16815,25,74955,15,91770,California
El Dorado,2021-06-01,657,162181,289,75226,335,81196,33,5759,219,16633,434,75389,252,92022,California
El Dorado,2021-06-02,589,162770,278,75504,261,81457,50,5809,246,16588,341,75730,296,92318,California
El Dorado,2021-06-03,301,163071,124,75628,156,81613,21,5830,80,16468,221,75951,101,92419,California
Fresno,2020-12-15,2,2,2,2,0,0,0,0,2,2,0,0,2,2,California
Fresno,2020-12-16,125,127,125,127,0,0,0,0,125,127,0,0,125,127,California
Fresno,2020-12-17,121,248,121,248,0,0,0,0,121,248,0,0,121,248,California
Fresno,2020-12-18,346,594,346,594,0,0,0,0,346,594,0,0,346,594,California
Fresno,2020-12-19,159,753,159,753,0,0,0,0,159,753,0,0,159,753,California
Fresno,2020-12-20,258,1011,256,1009,2,2,0,0,258,1011,0,0,258,1011,California
Fresno,2020-12-21,928,1939,926,1935,2,4,0,0,959,1970,0,0,959,1970,California
Fresno,2020-12-22,906,2845,876,2811,30,34,0,0,910,2880,0,0,910,2880,California
Fresno,2020-12-23,1092,3937,1049,3860,43,77,0,0,1093,3973,0,0,1093,3973,California
Fresno,2020-12-24,589,4526,563,4423,26,103,0,0,589,4562,0,0,589,4562,California
Fresno,2020-12-25,2,4528,1,4424,1,104,0,0,2,4564,0,0,2,4564,California
Fresno,2020-12-26,724,5252,715,5139,9,113,0,0,724,5288,0,0,724,5288,California
Fresno,2020-12-27,307,5559,208,5347,99,212,0,0,307,5595,0,0,307,5595,California
Fresno,2020-12-28,1091,6650,801,6148,290,502,0,0,1092,6687,0,0,1092,6687,California
Fresno,2020-12-29,1737,8387,992,7140,745,1247,0,0,1735,8421,1,1,1735,8422,California
Fresno,2020-12-30,955,9342,444,7584,511,1758,0,0,955,9376,0,1,955,9377,California
Fresno,2020-12-31,902,10244,309,7893,593,2351,0,0,901,10277,0,1,901,10278,California
Fresno,2021-01-01,9,10253,3,7896,6,2357,0,0,9,10286,0,1,9,10287,California
Fresno,2021-01-02,1029,11282,715,8611,314,2671,0,0,1029,11315,0,1,1029,11316,California
Fresno,2021-01-03,154,11436,128,8739,26,2697,0,0,154,11469,0,1,154,11470,California
Fresno,2021-01-04,621,12057,376,9115,245,2942,0,0,621,12090,0,1,621,12091,California
Fresno,2021-01-05,782,12839,313,9428,469,3411,0,0,708,12724,74,75,708,12799,California
Fresno,2021-01-06,986,13825,348,9776,638,4049,0,0,810,13358,176,251,810,13609,California
Fresno,2021-01-07,1895,15720,917,10693,978,5027,0,0,1642,14750,253,504,1645,15254,California
Fresno,2021-01-08,1789,17509,613,11306,1176,6203,0,0,1425,15813,362,866,1425,16679,California
Fresno,2021-01-09,634,18143,388,11694,246,6449,0,0,359,15897,275,1141,359,17038,California
Fresno,2021-01-10,518,18661,488,12182,30,6479,0,0,204,15787,314,1455,204,17242,California
Fresno,2021-01-11,2220,20881,1812,13994,408,6887,0,0,1526,16622,694,2149,1529,18771,California
Fresno,2021-01-12,2529,23410,1830,15824,699,7586,0,0,1678,17449,853,3002,1680,20451,California
Fresno,2021-01-13,3556,26966,2436,18260,1120,8706,0,0,2706,19308,850,3852,2709,23160,California
Fresno,2021-01-14,4138,31104,2183,20443,1955,10661,0,0,3667,22505,470,4322,3667,26827,California
Fresno,2021-01-15,3664,34768,2530,22973,1134,11795,0,0,3306,25457,358,4680,3310,30137,California
Fresno,2021-01-16,3153,37921,2309,25282,844,12639,0,0,2688,27682,464,5144,2689,32826,California
Fresno,2021-01-17,976,38897,555,25837,421,13060,0,0,778,28262,198,5342,778,33604,California
Fresno,2021-01-18,3079,41976,2371,28208,708,13768,0,0,2422,30031,655,5997,2424,36028,California
Fresno,2021-01-19,4406,46382,2620,30828,1786,15554,0,0,3691,33011,715,6712,3695,39723,California
Fresno,2021-01-20,3023,49405,1208,32036,1815,17369,0,0,2710,35413,311,7023,2713,42436,California
Fresno,2021-01-21,4395,53800,2033,34069,2362,19731,0,0,4034,39115,338,7361,4040,46476,California
Fresno,2021-01-22,3313,57113,1349,35418,1964,21695,0,0,2922,41664,374,7735,2923,49399,California
Fresno,2021-01-23,3050,60163,1975,37393,1075,22770,0,0,2327,43274,722,8457,2332,51731,California
Fresno,2021-01-24,559,60722,377,37770,182,22952,0,0,353,43423,206,8663,355,52086,California
Fresno,2021-01-25,2426,63148,866,38636,1560,24512,0,0,1874,44748,552,9215,1877,53963,California
Fresno,2021-01-26,2067,65215,586,39222,1481,25993,0,0,1321,45326,744,9959,1322,55285,California
Fresno,2021-01-27,2319,67534,1158,40380,1161,27154,0,0,1755,46521,563,10522,1758,57043,California
Fresno,2021-01-28,4529,72063,3050,43430,1479,28633,0,0,3475,48948,1051,11573,3478,60521,California
Fresno,2021-01-29,1712,73775,983,44413,729,29362,0,0,1412,50065,296,11869,1413,61934,California
Fresno,2021-01-30,1452,75227,550,44963,902,30264,0,0,1035,50683,417,12286,1035,62969,California
Fresno,2021-01-31,229,75456,219,45182,10,30274,0,0,75,50604,154,12440,75,63044,California
Fresno,2021-02-01,3350,78806,1673,46855,1677,31951,0,0,1788,50840,1561,14001,1797,64841,California
Fresno,2021-02-02,2723,81529,552,47407,2171,34122,0,0,1580,51307,1128,15129,1595,66436,California
Fresno,2021-02-03,3571,85100,2114,49521,1457,35579,0,0,1554,50860,2009,17138,1562,67998,California
Fresno,2021-02-04,4198,89298,1897,51418,2301,37880,0,0,1930,50557,2238,19376,1935,69933,California
Fresno,2021-02-05,5347,94645,2730,54148,2617,40497,0,0,2310,49839,3032,22408,2314,72247,California
Fresno,2021-02-06,2939,97584,2048,56196,891,41388,0,0,974,48854,1960,24368,975,73222,California
Fresno,2021-02-07,466,98050,284,56480,182,41570,0,0,272,48933,193,24561,272,73494,California
Fresno,2021-02-08,4281,102331,2293,58773,1988,43558,0,0,1815,48303,2454,27015,1824,75318,California
Fresno,2021-02-09,5344,107675,2091,60864,3253,46811,0,0,3127,49296,2143,29158,3136,78454,California
Fresno,2021-02-10,3894,111569,1233,62097,2661,49472,0,0,1996,49461,1846,31004,2011,80465,California
Fresno,2021-02-11,6460,118029,2095,64192,4365,53837,0,0,3359,49742,3083,34087,3364,83829,California
Fresno,2021-02-12,5400,123429,1384,65576,4016,57853,0,0,2736,49841,2645,36732,2744,86573,California
Fresno,2021-02-13,3757,127186,1562,67138,2195,60048,0,0,2085,50271,1661,38393,2091,88664,California
Fresno,2021-02-14,1563,128749,283,67421,1280,61328,0,0,838,50386,725,39118,840,89504,California
Fresno,2021-02-15,2895,131644,267,67688,2628,63956,0,0,1791,51081,1100,40218,1795,91299,California
Fresno,2021-02-16,6700,138344,2406,70094,4294,68250,0,0,4247,52898,2436,42654,4253,95552,California
Fresno,2021-02-17,5341,143685,2452,72546,2889,71139,0,0,2991,53588,2305,44959,2995,98547,California
Fresno,2021-02-18,6860,150545,2895,75441,3965,75104,0,0,2586,51955,4230,49189,2597,101144,California
Fresno,2021-02-19,3844,154389,1100,76541,2744,77848,0,0,1826,51778,2006,51195,1829,102973,California
Fresno,2021-02-20,4538,158927,2492,79033,2046,79894,0,0,3054,53360,1478,52673,3060,106033,California
Fresno,2021-02-21,191,159118,172,79205,19,79913,0,0,127,53437,50,52723,127,106160,California
Fresno,2021-02-22,2254,161372,1004,80209,1250,81163,0,0,1238,53671,1006,53729,1240,107400,California
Fresno,2021-02-23,4692,166064,2265,82474,2427,83590,0,0,3812,56617,868,54597,3814,111214,California
Fresno,2021-02-24,4214,170278,1503,83977,2711,86301,0,0,3458,59332,744,55341,3459,114673,California
Fresno,2021-02-25,8711,178989,3736,87713,4975,91276,0,0,7220,65133,1427,56768,7228,121901,California
Fresno,2021-02-26,9024,188013,3704,91417,5320,96596,0,0,7705,71549,1295,58063,7711,129612,California
Fresno,2021-02-27,7294,195307,3161,94578,4132,100728,1,1,6582,77438,696,58759,6585,136197,California
Fresno,2021-02-28,1656,196963,535,95113,1121,101849,0,1,1567,78929,77,58836,1568,137765,California
Fresno,2021-03-01,5085,202048,1311,96424,3774,105623,0,1,3683,81227,1389,60225,3687,141452,California
Fresno,2021-03-02,9875,211923,3386,99810,6489,112112,0,1,8490,88379,1361,61586,8513,149965,California
Fresno,2021-03-03,6955,218878,1705,101515,5249,117361,1,2,5940,93432,1002,62588,6055,156020,California
Fresno,2021-03-04,10456,229334,4121,105636,6335,123696,0,2,8717,100446,1711,64299,8725,164745,California
Fresno,2021-03-05,9317,238651,3635,109271,5680,129376,2,4,8038,107415,1146,65445,8115,172860,California
Fresno,2021-03-06,7013,245664,3950,113221,2945,132321,118,122,6021,112573,985,66430,6143,179003,California
Fresno,2021-03-07,1490,247154,681,113902,773,133094,36,158,1260,113643,227,66657,1297,180300,California
Fresno,2021-03-08,5280,252434,2026,115928,3103,136197,151,309,3989,116514,1280,67937,4151,184451,California
Fresno,2021-03-09,8638,261072,3795,119723,4570,140767,273,582,4655,117516,3962,71899,4964,189415,California
Fresno,2021-03-10,6854,267926,2868,122591,3593,144360,393,975,5385,121843,1460,73359,5787,195202,California
Fresno,2021-03-11,11634,279560,4587,127178,6481,150841,566,1541,6320,123518,5287,78646,6962,202164,California
Fresno,2021-03-12,12091,291651,5144,132322,6494,157335,453,1994,9074,130193,2996,81642,9671,211835,California
Fresno,2021-03-13,8369,300020,4063,136385,3273,160608,1033,3027,4047,131049,4301,85943,5157,216992,California
Fresno,2021-03-14,1770,301790,477,136862,1004,161612,289,3316,670,130919,1088,87031,958,217950,California
Fresno,2021-03-15,7139,308929,3183,140045,3782,165394,174,3490,4950,134056,2174,89205,5311,223261,California
Fresno,2021-03-16,10221,319150,4533,144578,5292,170686,396,3886,5428,135215,4761,93966,5920,229181,California
Fresno,2021-03-17,8679,327829,3936,148514,4052,174738,691,4577,5882,139398,2775,96741,6958,236139,California
Fresno,2021-03-18,12464,340293,6734,155248,5094,179832,636,5213,7071,142187,5343,102084,8132,244271,California
Fresno,2021-03-19,11202,351495,5885,161133,4703,184535,614,5827,6955,145833,4218,106302,7864,252135,California
Fresno,2021-03-20,7613,359108,4606,165739,2695,187230,312,6139,3808,146454,3775,110077,4396,256531,California
Fresno,2021-03-21,1794,360902,1211,166950,209,187439,374,6513,965,146973,821,110898,1340,257871,California
Fresno,2021-03-22,5672,366574,2896,169846,2179,189618,597,7110,3843,149800,1813,112711,4640,262511,California
Fresno,2021-03-23,10572,377146,5253,175099,4821,194439,498,7608,5073,150323,5477,118188,6000,268511,California
Fresno,2021-03-24,8878,386024,3840,178939,4206,198645,832,8440,4982,152333,3858,122046,5868,274379,California
Fresno,2021-03-25,12215,398239,5685,184624,5740,204385,790,9230,4767,150571,7401,129447,5639,280018,California
Fresno,2021-03-26,12250,410489,5460,190084,6143,210528,647,9877,4479,148000,7718,137165,5147,285165,California
Fresno,2021-03-27,9678,420167,4392,194476,4197,214725,1089,10966,2945,145341,6696,143861,4037,289202,California
Fresno,2021-03-28,3415,423582,1322,195798,1403,216128,690,11656,1284,145471,2123,145984,2253,291455,California
Fresno,2021-03-29,6004,429586,2008,197806,3445,219573,551,12207,2897,145851,3078,149062,3458,294913,California
Fresno,2021-03-30,10901,440487,4267,202073,5736,225309,898,13105,3846,143568,7027,156089,4744,299657,California
Fresno,2021-03-31,9705,450192,3389,205462,5328,230637,988,14093,3737,142369,5926,162015,4727,304384,California
Fresno,2021-04-01,12077,462269,4208,209670,7003,237640,866,14959,4031,139291,7943,169958,4865,309249,California
Fresno,2021-04-02,11932,474201,4574,214244,6568,244208,790,15749,4214,136768,7558,177516,5035,314284,California
Fresno,2021-04-03,6420,480621,3539,217783,2624,246832,257,16006,2160,134979,4243,181759,2454,316738,California
Fresno,2021-04-04,1494,482115,536,218319,913,247745,45,16051,548,134635,937,182696,593,317331,California
Fresno,2021-04-05,8349,490464,4477,222796,3069,250814,803,16854,2453,132090,5879,188575,3334,320665,California
Fresno,2021-04-06,9620,500084,4032,226828,4402,255216,1186,18040,3551,130829,6030,194605,4769,325434,California
Fresno,2021-04-07,10473,510557,5349,232177,3913,259129,1211,19251,3548,128754,6880,201485,4805,330239,California
Fresno,2021-04-08,10967,521524,5156,237333,4645,263774,1166,20417,3451,125972,7467,208952,4685,334924,California
Fresno,2021-04-09,11220,532744,5347,242680,4479,268253,1394,21811,3616,123474,7559,216511,5061,339985,California
Fresno,2021-04-10,7903,540647,5169,247849,2211,270464,523,22334,3685,123480,4206,220717,4212,344197,California
Fresno,2021-04-11,1393,542040,930,248779,373,270837,90,22424,443,123072,945,221662,537,344734,California
Fresno,2021-04-12,7206,549246,3790,252569,2490,273327,926,23350,2337,121500,4844,226506,3272,348006,California
Fresno,2021-04-13,8933,558179,4248,256817,4615,277942,70,23420,3468,119704,5431,231937,3635,351641,California
Fresno,2021-04-14,9457,567636,5740,262557,3716,281658,1,23421,3723,117784,5691,237628,3771,355412,California
Fresno,2021-04-15,8397,576033,4184,266741,4210,285868,3,23424,3159,115739,5210,242838,3165,358577,California
Fresno,2021-04-16,9379,585412,4629,271370,4748,290616,2,23426,3870,114144,5472,248310,3877,362454,California
Fresno,2021-04-17,5566,590978,3721,275091,1845,292461,0,23426,2641,113882,2905,251215,2643,365097,California
Fresno,2021-04-18,1031,592009,563,275654,468,292929,0,23426,474,113804,552,251767,474,365571,California
Fresno,2021-04-19,5535,597544,3021,278675,2511,295440,3,23429,2257,112825,3241,255008,2262,367833,California
Fresno,2021-04-20,6955,604499,3436,282111,3510,298950,9,23438,2623,111148,4309,259317,2632,370465,California
Fresno,2021-04-21,6385,610884,3530,285641,2847,301797,8,23446,2666,110140,3686,263003,2678,373143,California
Fresno,2021-04-22,6357,617241,3156,288797,3200,304997,1,23447,2313,108468,3989,266992,2317,375460,California
Fresno,2021-04-23,7115,624356,3831,292628,3266,308263,18,23465,2723,106890,4307,271299,2729,378189,California
Fresno,2021-04-24,4171,628527,2491,295119,1680,309943,0,23465,1921,106575,2236,273535,1921,380110,California
Fresno,2021-04-25,1372,629899,557,295676,813,310756,2,23467,689,106588,677,274212,690,380800,California
Fresno,2021-04-26,3939,633838,1976,297652,1918,312674,45,23512,1672,106068,2236,276448,1716,382516,California
Fresno,2021-04-27,4600,638438,2332,299984,2156,314830,112,23624,1828,105256,2752,279200,1940,384456,California
Fresno,2021-04-28,4718,643156,2626,302610,1963,316793,129,23753,1942,104575,2753,281953,2072,386528,California
Fresno,2021-04-29,4736,647892,2644,305254,1950,318743,142,23895,1758,103526,2947,284900,1898,388426,California
Fresno,2021-04-30,5403,653295,3284,308538,1983,320726,136,24031,2143,102576,3228,288128,2278,390704,California
Fresno,2021-05-01,4189,657484,3470,312008,580,321306,139,24170,1223,100987,2949,291077,1360,392064,California
Fresno,2021-05-02,1246,658730,771,312779,424,321730,51,24221,611,101025,623,291700,661,392725,California
Fresno,2021-05-03,4011,662741,2695,315474,1129,322859,187,24408,1296,99815,2689,294389,1479,394204,California
Fresno,2021-05-04,4832,667573,2503,317977,2177,325036,152,24560,1554,98271,3252,297641,1708,395912,California
Fresno,2021-05-05,5057,672630,3121,321098,1709,326745,227,24787,1569,96600,3464,301105,1793,397705,California
Fresno,2021-05-06,4116,676746,2530,323628,1481,328226,105,24892,1396,95410,2691,303796,1501,399206,California
Fresno,2021-05-07,5003,681749,3289,326917,1549,329775,165,25057,1555,93700,3426,307222,1716,400922,California
Fresno,2021-05-08,3884,685633,2484,329401,1253,331028,147,25204,1168,92319,2697,309919,1316,402238,California
Fresno,2021-05-09,680,686313,350,329751,287,331315,43,25247,337,92361,337,310256,379,402617,California
Fresno,2021-05-10,2951,689264,1582,331333,1228,332543,141,25388,918,91394,2026,312282,1059,403676,California
Fresno,2021-05-11,3619,692883,1844,333177,1682,334225,93,25481,1160,90200,2448,314730,1254,404930,California
Fresno,2021-05-12,3723,696606,2354,335531,1220,335445,149,25630,1343,89336,2357,317087,1493,406423,California
Fresno,2021-05-13,3608,700214,1954,337485,1547,336992,107,25737,1592,89057,1978,319065,1699,408122,California
Fresno,2021-05-14,5036,705250,3032,340517,1816,338808,188,25925,2143,88528,2860,321925,2331,410453,California
Fresno,2021-05-15,3572,708822,2669,343186,774,339582,129,26054,1817,88727,1746,323671,1945,412398,California
Fresno,2021-05-16,1441,710263,945,344131,462,340044,34,26088,807,88940,629,324300,842,413240,California
Fresno,2021-05-17,4175,714438,2822,346953,1191,341235,162,26250,2300,89557,1847,326147,2464,415704,California
Fresno,2021-05-18,4085,718523,2517,349470,1417,342652,151,26401,2122,89890,1938,328085,2271,417975,California
Fresno,2021-05-19,4341,722864,2762,352232,1404,344056,175,26576,2140,90026,2179,330264,2315,420290,California
Fresno,2021-05-20,3499,726363,2014,354246,1299,345355,186,26762,1612,89955,1868,332132,1797,422087,California
Fresno,2021-05-21,3809,730172,2457,356703,1256,346611,96,26858,1703,89672,2081,334213,1798,423885,California
Fresno,2021-05-22,3259,733431,2446,359149,646,347257,167,27025,1911,90414,1335,335548,2077,425962,California
Fresno,2021-05-23,540,733971,352,359501,158,347415,30,27055,298,90507,233,335781,326,426288,California
Fresno,2021-05-24,3174,737145,1990,361491,1067,348482,117,27172,1484,90444,1664,337445,1601,427889,California
Fresno,2021-05-25,3165,740310,1903,363394,1141,349623,121,27293,1362,90137,1791,339236,1484,429373,California
Fresno,2021-05-26,3214,743524,2121,365515,986,350609,107,27400,1639,90328,1552,340788,1743,431116,California
Fresno,2021-05-27,3091,746615,1874,367389,1107,351716,110,27510,1409,90184,1663,342451,1519,432635,California
Fresno,2021-05-28,3328,749943,2136,369525,1098,352814,94,27604,1814,90603,1490,343941,1909,434544,California
Fresno,2021-05-29,2231,752174,1617,371142,545,353359,69,27673,1206,90867,1011,344952,1275,435819,California
Fresno,2021-05-30,866,753040,516,371658,316,353675,34,27707,413,90878,436,345388,447,436266,California
Fresno,2021-05-31,312,753352,162,371820,139,353814,11,27718,129,90839,178,345566,139,436405,California
Fresno,2021-06-01,2981,756333,1788,373608,1103,354917,90,27808,1239,90449,1720,347286,1330,437735,California
Fresno,2021-06-02,2594,758927,1682,375290,824,355741,88,27896,1108,90187,1458,348744,1196,438931,California
Fresno,2021-06-03,1543,760470,1044,376334,424,356165,75,27971,572,89870,962,349706,645,439576,California
Glenn,2020-12-17,1,1,1,1,0,0,0,0,1,1,0,0,1,1,California
Glenn,2020-12-19,1,2,1,2,0,0,0,0,1,2,0,0,1,2,California
Glenn,2020-12-20,1,3,1,3,0,0,0,0,1,3,0,0,1,3,California
Glenn,2020-12-21,11,14,11,14,0,0,0,0,11,14,0,0,11,14,California
Glenn,2020-12-22,59,73,59,73,0,0,0,0,59,73,0,0,59,73,California
Glenn,2020-12-23,28,101,28,101,0,0,0,0,28,101,0,0,28,101,California
Glenn,2020-12-24,9,110,9,110,0,0,0,0,9,110,0,0,9,110,California
Glenn,2020-12-26,2,112,2,112,0,0,0,0,2,112,0,0,2,112,California
Glenn,2020-12-27,4,116,4,116,0,0,0,0,4,116,0,0,4,116,California
Glenn,2020-12-28,21,137,21,137,0,0,0,0,21,137,0,0,21,137,California
Glenn,2020-12-29,82,219,82,219,0,0,0,0,82,219,0,0,82,219,California
Glenn,2020-12-30,129,348,106,325,23,23,0,0,129,348,0,0,129,348,California
Glenn,2020-12-31,38,386,9,334,29,52,0,0,38,386,0,0,38,386,California
Glenn,2021-01-02,2,388,2,336,0,52,0,0,2,388,0,0,2,388,California
Glenn,2021-01-04,7,395,5,341,2,54,0,0,7,395,0,0,7,395,California
Glenn,2021-01-05,9,404,8,349,1,55,0,0,9,404,0,0,9,404,California
Glenn,2021-01-06,60,464,8,357,52,107,0,0,60,464,0,0,60,464,California
Glenn,2021-01-07,67,531,12,369,55,162,0,0,65,527,2,2,65,529,California
Glenn,2021-01-08,12,543,9,378,3,165,0,0,12,539,0,2,12,541,California
Glenn,2021-01-10,1,544,1,379,0,165,0,0,0,538,1,3,0,541,California
Glenn,2021-01-11,30,574,30,409,0,165,0,0,12,532,18,21,12,553,California
Glenn,2021-01-12,42,616,37,446,5,170,0,0,14,518,28,49,14,567,California
Glenn,2021-01-13,221,837,156,602,65,235,0,0,177,651,44,93,177,744,California
Glenn,2021-01-14,117,954,28,630,89,324,0,0,107,748,10,103,107,851,California
Glenn,2021-01-15,42,996,35,665,7,331,0,0,37,780,5,108,37,888,California
Glenn,2021-01-16,33,1029,14,679,19,350,0,0,23,793,10,118,23,911,California
Glenn,2021-01-17,4,1033,2,681,2,352,0,0,2,793,2,120,2,913,California
Glenn,2021-01-18,17,1050,16,697,1,353,0,0,9,794,8,128,9,922,California
Glenn,2021-01-19,30,1080,20,717,10,363,0,0,13,790,17,145,13,935,California
Glenn,2021-01-20,163,1243,94,811,69,432,0,0,82,791,81,226,82,1017,California
Glenn,2021-01-21,124,1367,98,909,26,458,0,0,30,727,94,320,30,1047,California
Glenn,2021-01-22,338,1705,64,973,274,732,0,0,331,1051,7,327,331,1378,California
Glenn,2021-01-23,14,1719,7,980,7,739,0,0,12,1061,2,329,12,1390,California
Glenn,2021-01-24,2,1721,2,982,0,739,0,0,2,1063,0,329,2,1392,California
Glenn,2021-01-25,27,1748,9,991,18,757,0,0,24,1084,3,332,24,1416,California
Glenn,2021-01-26,29,1777,13,1004,16,773,0,0,23,1101,6,338,23,1439,California
Glenn,2021-01-27,188,1965,13,1017,175,948,0,0,166,1245,22,360,166,1605,California
Glenn,2021-01-28,146,2111,8,1025,138,1086,0,0,116,1331,30,390,116,1721,California
Glenn,2021-01-29,296,2407,12,1037,284,1370,0,0,282,1599,14,404,282,2003,California
Glenn,2021-01-30,4,2411,0,1037,4,1374,0,0,4,1603,0,404,4,2007,California
Glenn,2021-01-31,1,2412,0,1037,1,1375,0,0,1,1604,0,404,1,2008,California
Glenn,2021-02-01,29,2441,10,1047,19,1394,0,0,17,1609,12,416,17,2025,California
Glenn,2021-02-02,29,2470,14,1061,15,1409,0,0,20,1620,9,425,20,2045,California
Glenn,2021-02-03,274,2744,125,1186,149,1558,0,0,129,1605,145,570,130,2175,California
Glenn,2021-02-04,82,2826,16,1202,66,1624,0,0,27,1577,55,625,27,2202,California
Glenn,2021-02-05,320,3146,25,1227,295,1919,0,0,299,1855,21,646,299,2501,California
Glenn,2021-02-06,14,3160,2,1229,12,1931,0,0,13,1867,1,647,13,2514,California
Glenn,2021-02-07,2,3162,2,1231,0,1931,0,0,2,1869,0,647,2,2516,California
Glenn,2021-02-08,21,3183,17,1248,4,1935,0,0,4,1856,17,664,4,2520,California
Glenn,2021-02-09,49,3232,20,1268,29,1964,0,0,36,1879,13,677,36,2556,California
Glenn,2021-02-10,138,3370,19,1287,119,2083,0,0,65,1871,73,750,65,2621,California
Glenn,2021-02-11,233,3603,133,1420,100,2183,0,0,151,1939,83,833,151,2772,California
Glenn,2021-02-12,420,4023,99,1519,321,2504,0,0,355,2229,65,898,355,3127,California
Glenn,2021-02-13,34,4057,7,1526,27,2531,0,0,16,2227,18,916,16,3143,California
Glenn,2021-02-14,1,4058,0,1526,1,2532,0,0,1,2228,0,916,1,3144,California
Glenn,2021-02-15,8,4066,0,1526,8,2540,0,0,8,2236,0,916,8,3152,California
Glenn,2021-02-16,39,4105,9,1535,30,2570,0,0,21,2239,18,934,21,3173,California
Glenn,2021-02-17,380,4485,14,1549,366,2936,0,0,302,2463,78,1012,302,3475,California
Glenn,2021-02-18,134,4619,99,1648,35,2971,0,0,110,2549,24,1036,110,3585,California
Glenn,2021-02-19,303,4922,17,1665,286,3257,0,0,29,2304,274,1310,29,3614,California
Glenn,2021-02-20,8,4930,0,1665,8,3265,0,0,0,2296,8,1318,0,3614,California
Glenn,2021-02-21,1,4931,1,1666,0,3265,0,0,1,2297,0,1318,1,3615,California
Glenn,2021-02-22,33,4964,14,1680,19,3284,0,0,17,2298,16,1334,17,3632,California
Glenn,2021-02-23,40,5004,10,1690,30,3314,0,0,28,2314,12,1346,28,3660,California
Glenn,2021-02-24,244,5248,38,1728,206,3520,0,0,47,2164,197,1543,47,3707,California
Glenn,2021-02-25,234,5482,120,1848,114,3634,0,0,118,2166,116,1659,118,3825,California
Glenn,2021-02-26,304,5786,24,1872,280,3914,0,0,20,1903,283,1942,20,3845,California
Glenn,2021-02-27,15,5801,5,1877,10,3924,0,0,5,1899,9,1951,5,3850,California
Glenn,2021-02-28,6,5807,3,1880,3,3927,0,0,3,1900,2,1953,3,3853,California
Glenn,2021-03-01,28,5835,6,1886,22,3949,0,0,12,1896,16,1969,12,3865,California
Glenn,2021-03-02,35,5870,7,1893,28,3977,0,0,17,1895,18,1987,17,3882,California
Glenn,2021-03-03,192,6062,37,1930,155,4132,0,0,101,1907,89,2076,101,3983,California
Glenn,2021-03-04,521,6583,175,2105,346,4478,0,0,375,2136,146,2222,375,4358,California
Glenn,2021-03-05,357,6940,49,2154,308,4786,0,0,35,1849,322,2544,35,4393,California
Glenn,2021-03-06,26,6966,3,2157,22,4808,1,1,9,1842,17,2561,10,4403,California
Glenn,2021-03-07,5,6971,0,2157,5,4813,0,1,3,1844,1,2562,3,4406,California
Glenn,2021-03-08,20,6991,2,2159,17,4830,1,2,18,1861,2,2564,19,4425,California
Glenn,2021-03-09,82,7073,11,2170,68,4898,3,5,54,1889,28,2592,56,4481,California
Glenn,2021-03-10,172,7245,69,2239,101,4999,2,7,95,1909,77,2669,97,4578,California
Glenn,2021-03-11,583,7828,169,2408,391,5390,23,30,454,2257,129,2798,477,5055,California
Glenn,2021-03-12,418,8246,14,2422,342,5732,62,92,41,1983,377,3175,103,5158,California
Glenn,2021-03-13,12,8258,1,2423,3,5735,8,100,1,1981,11,3186,9,5167,California
Glenn,2021-03-14,3,8261,1,2424,2,5737,0,100,1,1980,2,3188,1,5168,California
Glenn,2021-03-15,76,8337,15,2439,56,5793,5,105,61,2031,15,3203,66,5234,California
Glenn,2021-03-16,110,8447,34,2473,65,5858,11,116,69,2070,41,3244,80,5314,California
Glenn,2021-03-17,417,8864,97,2570,313,6171,7,123,116,1890,301,3545,121,5435,California
Glenn,2021-03-18,521,9385,215,2785,50,6221,256,379,145,1914,376,3921,400,5835,California
Glenn,2021-03-19,97,9482,16,2801,75,6296,6,385,75,1975,20,3941,81,5916,California
Glenn,2021-03-20,132,9614,2,2803,129,6425,1,386,130,2104,2,3943,131,6047,California
Glenn,2021-03-21,6,9620,5,2808,0,6425,1,387,3,2106,2,3945,4,6051,California
Glenn,2021-03-22,123,9743,54,2862,61,6486,8,395,103,2199,18,3963,111,6162,California
Glenn,2021-03-23,176,9919,66,2928,59,6545,51,446,103,2281,72,4035,154,6316,California
Glenn,2021-03-24,208,10127,100,3028,103,6648,5,451,136,2351,71,4106,141,6457,California
Glenn,2021-03-25,470,10597,229,3257,147,6795,94,545,342,2660,127,4233,436,6893,California
Glenn,2021-03-26,237,10834,37,3294,164,6959,36,581,186,2831,51,4284,222,7115,California
Glenn,2021-03-27,166,11000,22,3316,138,7097,6,587,155,2981,11,4295,161,7276,California
Glenn,2021-03-28,15,11015,10,3326,5,7102,0,587,10,2986,5,4300,10,7286,California
Glenn,2021-03-29,61,11076,20,3346,38,7140,3,590,47,3022,14,4314,50,7336,California
Glenn,2021-03-30,75,11151,43,3389,31,7171,1,591,43,3036,30,4344,44,7380,California
Glenn,2021-03-31,125,11276,35,3424,89,7260,1,592,54,3021,70,4414,55,7435,California
Glenn,2021-04-01,656,11932,189,3613,458,7718,9,601,244,2864,410,4824,253,7688,California
Glenn,2021-04-02,169,12101,26,3639,131,7849,12,613,133,2973,36,4860,145,7833,California
Glenn,2021-04-03,95,12196,4,3643,84,7933,7,620,84,3053,11,4871,91,7924,California
Glenn,2021-04-04,9,12205,3,3646,4,7937,2,622,5,3056,4,4875,7,7931,California
Glenn,2021-04-05,65,12270,25,3671,27,7964,13,635,28,3060,37,4912,41,7972,California
Glenn,2021-04-06,144,12414,52,3723,53,8017,39,674,37,3029,106,5018,75,8047,California
Glenn,2021-04-07,160,12574,46,3769,60,8077,54,728,74,3071,86,5104,128,8175,California
Glenn,2021-04-08,641,13215,189,3958,418,8495,34,762,139,2744,500,5604,173,8348,California
Glenn,2021-04-09,158,13373,57,4015,85,8580,16,778,101,2805,57,5661,118,8466,California
Glenn,2021-04-10,75,13448,1,4016,61,8641,13,791,59,2862,15,5676,72,8538,California
Glenn,2021-04-11,17,13465,8,4024,4,8645,5,796,7,2864,10,5686,12,8550,California
Glenn,2021-04-12,115,13580,25,4049,61,8706,29,825,20,2818,95,5781,49,8599,California
Glenn,2021-04-13,119,13699,63,4112,56,8762,0,825,30,2760,88,5869,30,8629,California
Glenn,2021-04-14,123,13822,47,4159,76,8838,0,825,68,2773,55,5924,68,8697,California
Glenn,2021-04-15,362,14184,275,4434,87,8925,0,825,124,2659,238,6162,124,8821,California
Glenn,2021-04-16,167,14351,42,4476,125,9050,0,825,77,2647,89,6251,77,8898,California
Glenn,2021-04-17,165,14516,18,4494,147,9197,0,825,26,2541,132,6383,26,8924,California
Glenn,2021-04-18,16,14532,3,4497,13,9210,0,825,13,2551,3,6386,13,8937,California
Glenn,2021-04-19,83,14615,17,4514,66,9276,0,825,22,2513,60,6446,22,8959,California
Glenn,2021-04-20,126,14741,82,4596,44,9320,0,825,53,2493,73,6519,53,9012,California
Glenn,2021-04-21,412,15153,309,4905,103,9423,0,825,280,2641,132,6651,280,9292,California
Glenn,2021-04-22,208,15361,48,4953,160,9583,0,825,33,2500,174,6825,33,9325,California
Glenn,2021-04-23,178,15539,24,4977,154,9737,0,825,40,2404,136,6961,40,9365,California
Glenn,2021-04-24,179,15718,32,5009,147,9884,0,825,30,2285,149,7110,30,9395,California
Glenn,2021-04-25,30,15748,18,5027,12,9896,0,825,22,2299,8,7118,22,9417,California
Glenn,2021-04-26,46,15794,11,5038,35,9931,0,825,18,2289,28,7146,18,9435,California
Glenn,2021-04-27,61,15855,47,5085,9,9940,5,830,30,2292,31,7177,34,9469,California
Glenn,2021-04-28,260,16115,182,5267,67,10007,11,841,127,2301,129,7306,138,9607,California
Glenn,2021-04-29,181,16296,22,5289,157,10164,2,843,35,2192,146,7452,37,9644,California
Glenn,2021-04-30,156,16452,35,5324,119,10283,2,845,38,2114,118,7570,40,9684,California
Glenn,2021-05-01,108,16560,13,5337,94,10377,1,846,26,2059,82,7652,27,9711,California
Glenn,2021-05-02,30,16590,12,5349,9,10386,9,855,15,2068,15,7667,24,9735,California
Glenn,2021-05-03,37,16627,23,5372,13,10399,1,856,14,2060,23,7690,15,9750,California
Glenn,2021-05-04,57,16684,33,5405,19,10418,5,861,28,2064,29,7719,33,9783,California
Glenn,2021-05-05,122,16806,35,5440,77,10495,10,871,51,2054,71,7790,61,9844,California
Glenn,2021-05-06,112,16918,41,5481,66,10561,5,876,41,2029,71,7861,46,9890,California
Glenn,2021-05-07,120,17038,33,5514,78,10639,9,885,31,1981,88,7949,40,9930,California
Glenn,2021-05-08,66,17104,12,5526,50,10689,4,889,21,1962,44,7993,25,9955,California
Glenn,2021-05-09,17,17121,11,5537,6,10695,0,889,13,1971,4,7997,13,9968,California
Glenn,2021-05-10,37,17158,15,5552,17,10712,5,894,15,1969,22,8019,20,9988,California
Glenn,2021-05-11,76,17234,53,5605,14,10726,9,903,16,1934,60,8079,25,10013,California
Glenn,2021-05-12,327,17561,246,5851,67,10793,14,917,45,1711,282,8361,59,10072,California
Glenn,2021-05-13,151,17712,56,5907,77,10870,18,935,65,1708,86,8447,83,10155,California
Glenn,2021-05-14,106,17818,25,5932,76,10946,5,940,42,1691,64,8511,47,10202,California
Glenn,2021-05-15,68,17886,40,5972,25,10971,3,943,35,1696,32,8543,37,10239,California
Glenn,2021-05-16,30,17916,18,5990,12,10983,0,943,9,1684,21,8564,9,10248,California
Glenn,2021-05-17,78,17994,53,6043,21,11004,4,947,53,1716,25,8589,57,10305,California
Glenn,2021-05-18,65,18059,47,6090,13,11017,5,952,21,1698,44,8633,26,10331,California
Glenn,2021-05-19,193,18252,112,6202,69,11086,12,964,71,1659,121,8754,82,10413,California
Glenn,2021-05-20,111,18363,70,6272,39,11125,2,966,79,1708,32,8786,81,10494,California
Glenn,2021-05-21,66,18429,23,6295,43,11168,0,966,29,1700,37,8823,29,10523,California
Glenn,2021-05-22,48,18477,17,6312,31,11199,0,966,23,1698,25,8848,23,10546,California
Glenn,2021-05-23,25,18502,14,6326,11,11210,0,966,11,1696,13,8861,11,10557,California
Glenn,2021-05-24,34,18536,12,6338,17,11227,5,971,13,1694,20,8881,18,10575,California
Glenn,2021-05-25,48,18584,37,6375,9,11236,2,973,25,1698,23,8904,27,10602,California
Glenn,2021-05-26,76,18660,14,6389,58,11294,4,977,27,1680,49,8953,31,10633,California
Glenn,2021-05-27,97,18757,62,6451,34,11328,1,978,44,1674,51,9004,45,10678,California
Glenn,2021-05-28,62,18819,19,6470,37,11365,6,984,33,1685,28,9032,39,10717,California
Glenn,2021-05-29,48,18867,11,6481,33,11398,4,988,20,1681,28,9060,24,10741,California
Glenn,2021-05-30,19,18886,10,6491,9,11407,0,988,7,1676,12,9072,7,10748,California
Glenn,2021-05-31,4,18890,0,6491,4,11411,0,988,0,1672,4,9076,0,10748,California
Glenn,2021-06-01,60,18950,32,6523,23,11434,5,993,26,1669,34,9110,31,10779,California
Glenn,2021-06-02,92,19042,47,6570,42,11476,3,996,41,1662,51,9161,44,10823,California
Glenn,2021-06-03,35,19077,8,6578,21,11497,6,1002,10,1654,24,9185,16,10839,California
Humboldt,2020-12-15,2,2,2,2,0,0,0,0,2,2,0,0,2,2,California
Humboldt,2020-12-16,16,18,16,18,0,0,0,0,16,18,0,0,16,18,California
Humboldt,2020-12-17,117,135,117,135,0,0,0,0,117,135,0,0,117,135,California
Humboldt,2020-12-18,177,312,177,312,0,0,0,0,177,312,0,0,177,312,California
Humboldt,2020-12-19,10,322,10,322,0,0,0,0,10,322,0,0,10,322,California
Humboldt,2020-12-20,28,350,28,350,0,0,0,0,28,350,0,0,28,350,California
Humboldt,2020-12-21,166,516,166,516,0,0,0,0,166,516,0,0,166,516,California
Humboldt,2020-12-22,297,813,297,813,0,0,0,0,297,813,0,0,297,813,California
Humboldt,2020-12-23,319,1132,263,1076,56,56,0,0,321,1134,0,0,321,1134,California
Humboldt,2020-12-24,25,1157,2,1078,23,79,0,0,25,1159,0,0,25,1159,California
Humboldt,2020-12-25,2,1159,2,1080,0,79,0,0,2,1161,0,0,2,1161,California
Humboldt,2020-12-26,6,1165,5,1085,1,80,0,0,6,1167,0,0,6,1167,California
Humboldt,2020-12-28,166,1331,148,1233,18,98,0,0,166,1333,0,0,166,1333,California
Humboldt,2020-12-29,171,1502,123,1356,48,146,0,0,171,1504,0,0,171,1504,California
Humboldt,2020-12-30,226,1728,124,1480,102,248,0,0,226,1730,0,0,226,1730,California
Humboldt,2020-12-31,241,1969,79,1559,162,410,0,0,241,1971,0,0,241,1971,California
Humboldt,2021-01-01,2,1971,1,1560,1,411,0,0,2,1973,0,0,2,1973,California
Humboldt,2021-01-02,38,2009,1,1561,37,448,0,0,38,2011,0,0,38,2011,California
Humboldt,2021-01-04,218,2227,142,1703,76,524,0,0,220,2231,0,0,220,2231,California
Humboldt,2021-01-05,130,2357,18,1721,112,636,0,0,130,2360,1,1,130,2361,California
Humboldt,2021-01-06,304,2661,205,1926,99,735,0,0,231,2530,61,62,231,2592,California
Humboldt,2021-01-07,425,3086,313,2239,112,847,0,0,309,2740,99,161,309,2901,California
Humboldt,2021-01-08,420,3506,281,2520,139,986,0,0,283,2892,131,292,283,3184,California
Humboldt,2021-01-09,69,3575,45,2565,24,1010,0,0,66,2956,3,295,67,3251,California
Humboldt,2021-01-10,84,3659,84,2649,0,1010,0,0,4,2880,80,375,4,3255,California
Humboldt,2021-01-11,289,3948,278,2927,11,1021,0,0,72,2739,213,588,72,3327,California
Humboldt,2021-01-12,483,4431,320,3247,163,1184,0,0,299,2876,162,750,299,3626,California
Humboldt,2021-01-13,495,4926,279,3526,216,1400,0,0,317,3019,175,925,318,3944,California
Humboldt,2021-01-14,525,5451,166,3692,359,1759,0,0,469,3433,56,981,470,4414,California
Humboldt,2021-01-15,375,5826,39,3731,336,2095,0,0,358,3774,17,998,358,4772,California
Humboldt,2021-01-16,170,5996,6,3737,164,2259,0,0,169,3942,1,999,169,4941,California
Humboldt,2021-01-17,6,6002,4,3741,2,2261,0,0,6,3948,0,999,6,4947,California
Humboldt,2021-01-18,296,6298,261,4002,35,2296,0,0,146,3944,150,1149,146,5093,California
Humboldt,2021-01-19,635,6933,391,4393,244,2540,0,0,508,4331,121,1270,508,5601,California
Humboldt,2021-01-20,907,7840,387,4780,520,3060,0,0,750,4934,149,1419,752,6353,California
Humboldt,2021-01-21,959,8799,261,5041,698,3758,0,0,917,5809,42,1461,917,7270,California
Humboldt,2021-01-22,677,9476,377,5418,300,4058,0,0,668,6469,9,1470,669,7939,California
Humboldt,2021-01-23,832,10308,273,5691,559,4617,0,0,823,7284,9,1479,824,8763,California
Humboldt,2021-01-24,229,10537,1,5692,228,4845,0,0,228,7511,1,1480,228,8991,California
Humboldt,2021-01-25,313,10850,235,5927,78,4923,0,0,151,7500,162,1642,151,9142,California
Humboldt,2021-01-26,527,11377,142,6069,385,5308,0,0,476,7925,51,1693,476,9618,California
Humboldt,2021-01-27,1260,12637,587,6656,673,5981,0,0,1193,9060,60,1753,1195,10813,California
Humboldt,2021-01-28,1457,14094,634,7290,823,6804,0,0,1320,10248,134,1887,1322,12135,California
Humboldt,2021-01-29,1148,15242,547,7837,601,7405,0,0,705,10511,443,2330,706,12841,California
Humboldt,2021-01-30,974,16216,456,8293,518,7923,0,0,961,11460,13,2343,962,13803,California
Humboldt,2021-01-31,315,16531,313,8606,2,7925,0,0,314,11773,1,2344,314,14117,California
Humboldt,2021-02-01,336,16867,193,8799,143,8068,0,0,189,11816,146,2490,189,14306,California
Humboldt,2021-02-02,450,17317,79,8878,371,8439,0,0,345,12061,102,2592,347,14653,California
Humboldt,2021-02-03,664,17981,258,9136,406,8845,0,0,512,12421,152,2744,512,15165,California
Humboldt,2021-02-04,643,18624,267,9403,376,9221,0,0,445,12671,195,2939,445,15610,California
Humboldt,2021-02-05,812,19436,94,9497,718,9939,0,0,625,13109,187,3126,625,16235,California
Humboldt,2021-02-06,1074,20510,463,9960,611,10550,0,0,1031,14099,42,3168,1032,17267,California
Humboldt,2021-02-07,379,20889,9,9969,370,10920,0,0,374,14470,4,3172,375,17642,California
Humboldt,2021-02-08,327,21216,144,10113,183,11103,0,0,184,14512,142,3314,184,17826,California
Humboldt,2021-02-09,495,21711,221,10334,274,11377,0,0,178,14373,317,3631,178,18004,California
Humboldt,2021-02-10,564,22275,371,10705,193,11570,0,0,234,14282,325,3956,234,18238,California
Humboldt,2021-02-11,1300,23575,397,11102,903,12473,0,0,500,13986,797,4753,501,18739,California
Humboldt,2021-02-12,1150,24725,738,11840,412,12885,0,0,709,14254,441,5194,709,19448,California
Humboldt,2021-02-13,1513,26238,563,12403,950,13835,0,0,922,14587,589,5783,922,20370,California
Humboldt,2021-02-14,112,26350,5,12408,107,13942,0,0,109,14694,2,5785,109,20479,California
Humboldt,2021-02-15,296,26646,81,12489,215,14157,0,0,195,14789,100,5885,195,20674,California
Humboldt,2021-02-16,536,27182,120,12609,416,14573,0,0,255,14764,281,6166,256,20930,California
Humboldt,2021-02-17,450,27632,278,12887,172,14745,0,0,134,14583,315,6481,134,21064,California
Humboldt,2021-02-18,971,28603,596,13483,375,15120,0,0,230,14074,739,7220,230,21294,California
Humboldt,2021-02-19,476,29079,434,13917,42,15162,0,0,89,13779,384,7604,89,21383,California
Humboldt,2021-02-20,1638,30717,1008,14925,630,15792,0,0,495,13137,1140,8744,498,21881,California
Humboldt,2021-02-21,479,31196,471,15396,8,15800,0,0,182,13023,297,9041,183,22064,California
Humboldt,2021-02-22,134,31330,94,15490,40,15840,0,0,29,12949,103,9144,29,22093,California
Humboldt,2021-02-23,177,31507,72,15562,105,15945,0,0,41,12856,134,9278,41,22134,California
Humboldt,2021-02-24,1202,32709,742,16304,460,16405,0,0,586,12827,615,9893,586,22720,California
Humboldt,2021-02-25,835,33544,319,16623,516,16921,0,0,231,12456,602,10495,231,22951,California
Humboldt,2021-02-26,2147,35691,106,16729,2041,18962,0,0,448,11212,1693,12188,449,23400,California
Humboldt,2021-02-27,1707,37398,1089,17818,618,19580,0,0,861,11233,844,13032,865,24265,California
Humboldt,2021-02-28,122,37520,10,17828,112,19692,0,0,116,11343,6,13038,116,24381,California
Humboldt,2021-03-01,259,37779,47,17875,212,19904,0,0,184,11452,75,13113,184,24565,California
Humboldt,2021-03-02,294,38073,51,17926,243,20147,0,0,162,11482,132,13245,162,24727,California
Humboldt,2021-03-03,1665,39738,1100,19026,565,20712,0,0,1221,12266,438,13683,1222,25949,California
Humboldt,2021-03-04,904,40642,112,19138,792,21504,0,0,284,11932,620,14303,286,26235,California
Humboldt,2021-03-05,949,41591,188,19326,750,22254,11,11,392,11782,553,14856,403,26638,California
Humboldt,2021-03-06,1781,43372,923,20249,809,23063,49,60,788,11627,992,15848,837,27475,California
Humboldt,2021-03-07,365,43737,296,20545,51,23114,18,78,157,11594,208,16056,175,27650,California
Humboldt,2021-03-08,277,44014,7,20552,192,23306,78,156,183,11761,94,16150,261,27911,California
Humboldt,2021-03-09,494,44508,211,20763,135,23441,148,304,240,11896,252,16402,387,28298,California
Humboldt,2021-03-10,692,45200,468,21231,70,23511,154,458,421,12199,270,16672,573,28871,California
Humboldt,2021-03-11,1466,46666,461,21692,905,24416,100,558,642,12121,819,17491,741,29612,California
Humboldt,2021-03-12,1749,48415,1084,22776,443,24859,222,780,1055,12716,686,18177,1281,30893,California
Humboldt,2021-03-13,1585,50000,1036,23812,497,25356,52,832,667,12524,912,19089,720,31613,California
Humboldt,2021-03-14,143,50143,19,23831,115,25471,9,841,29,12448,114,19203,38,31651,California
Humboldt,2021-03-15,278,50421,51,23882,206,25677,21,862,59,12309,219,19422,80,31731,California
Humboldt,2021-03-16,638,51059,201,24083,176,25853,261,1123,262,12455,375,19797,521,32252,California
Humboldt,2021-03-17,732,51791,396,24479,228,26081,108,1231,340,12512,391,20188,448,32700,California
Humboldt,2021-03-18,1736,53527,1166,25645,527,26608,43,1274,1040,12904,691,20879,1083,33783,California
Humboldt,2021-03-19,1075,54602,60,25705,701,27309,314,1588,440,13025,632,21511,753,34536,California
Humboldt,2021-03-20,1382,55984,754,26459,614,27923,14,1602,424,12508,956,22467,439,34975,California
Humboldt,2021-03-21,250,56234,33,26492,188,28111,29,1631,205,12696,45,22512,233,35208,California
Humboldt,2021-03-22,119,56353,16,26508,53,28164,50,1681,62,12753,55,22567,112,35320,California
Humboldt,2021-03-23,413,56766,42,26550,328,28492,43,1724,320,13025,91,22658,363,35683,California
Humboldt,2021-03-24,1415,58181,389,26939,978,29470,48,1772,1038,13741,369,23027,1085,36768,California
Humboldt,2021-03-25,1836,60017,1210,28149,564,30034,62,1834,946,13861,888,23915,1008,37776,California
Humboldt,2021-03-26,2042,62059,437,28586,1548,31582,57,1891,1595,15071,441,24356,1651,39427,California
Humboldt,2021-03-27,2058,64117,1480,30066,406,31988,172,2063,1089,15368,965,25321,1262,40689,California
Humboldt,2021-03-28,266,64383,81,30147,114,32102,71,2134,83,15340,183,25504,155,40844,California
Humboldt,2021-03-29,472,64855,127,30274,249,32351,96,2230,202,15368,269,25773,297,41141,California
Humboldt,2021-03-30,942,65797,304,30578,524,32875,114,2344,561,15666,376,26149,674,41815,California
Humboldt,2021-03-31,1867,67664,521,31099,1248,34123,98,2442,1411,16725,452,26601,1511,43326,California
Humboldt,2021-04-01,2113,69777,704,31803,1315,35438,94,2536,1482,17678,624,27225,1577,44903,California
Humboldt,2021-04-02,1727,71504,1111,32914,510,35948,106,2642,622,17306,1100,28325,728,45631,California
Humboldt,2021-04-03,1668,73172,1508,34422,145,36093,15,2657,671,17005,987,29312,686,46317,California
Humboldt,2021-04-04,484,73656,371,34793,104,36197,9,2666,405,17341,79,29391,415,46732,California
Humboldt,2021-04-05,777,74433,463,35256,266,36463,48,2714,443,17500,332,29723,491,47223,California
Humboldt,2021-04-06,843,75276,319,35575,390,36853,134,2848,588,17973,249,29972,722,47945,California
Humboldt,2021-04-07,1494,76770,1063,36638,291,37144,140,2988,990,18601,502,30474,1130,49075,California
Humboldt,2021-04-08,1746,78516,1095,37733,493,37637,158,3146,740,18500,1004,31478,903,49978,California
Humboldt,2021-04-09,1442,79958,439,38172,848,38485,155,3301,1154,19514,288,31766,1302,51280,California
Humboldt,2021-04-10,938,80896,139,38311,623,39108,176,3477,737,20226,199,31965,911,52191,California
Humboldt,2021-04-11,642,81538,138,38449,35,39143,469,3946,127,20307,515,32480,596,52787,California
Humboldt,2021-04-12,433,81971,224,38673,84,39227,125,4071,275,20549,158,32638,400,53187,California
Humboldt,2021-04-13,589,82560,322,38995,263,39490,4,4075,553,21072,33,32671,556,53743,California
Humboldt,2021-04-14,1429,83989,1033,40028,396,39886,0,4075,1316,22277,111,32782,1316,55059,California
Humboldt,2021-04-15,1817,85806,1196,41224,617,40503,4,4079,1249,22978,550,33332,1251,56310,California
Humboldt,2021-04-16,1133,86939,520,41744,613,41116,0,4079,547,22943,582,33914,547,56857,California
Humboldt,2021-04-17,1710,88649,1387,43131,323,41439,0,4079,1025,23289,679,34593,1025,57882,California
Humboldt,2021-04-18,661,89310,348,43479,312,41751,1,4080,94,22822,561,35154,94,57976,California
Humboldt,2021-04-19,198,89508,84,43563,114,41865,0,4080,83,22792,113,35267,83,58059,California
Humboldt,2021-04-20,478,89986,129,43692,349,42214,0,4080,232,22779,245,35512,232,58291,California
Humboldt,2021-04-21,1092,91078,382,44074,710,42924,0,4080,431,22560,651,36163,432,58723,California
Humboldt,2021-04-22,876,91954,523,44597,351,43275,2,4082,442,22570,432,36595,442,59165,California
Humboldt,2021-04-23,2158,94112,304,44901,1854,45129,0,4082,312,21040,1842,38437,312,59477,California
Humboldt,2021-04-24,1085,95197,880,45781,200,45329,5,4087,361,20684,722,39159,366,59843,California
Humboldt,2021-04-25,374,95571,239,46020,135,45464,0,4087,190,20693,181,39340,190,60033,California
Humboldt,2021-04-26,307,95878,213,46233,90,45554,4,4091,87,20564,218,39558,89,60122,California
Humboldt,2021-04-27,712,96590,232,46465,461,46015,19,4110,145,20163,565,40123,164,60286,California
Humboldt,2021-04-28,1541,98131,796,47261,700,46715,45,4155,400,19469,1139,41262,445,60731,California
Humboldt,2021-04-29,1727,99858,581,47842,1108,47823,38,4193,282,18348,1441,42703,320,61051,California
Humboldt,2021-04-30,1253,101111,395,48237,824,48647,34,4227,197,17527,1050,43753,229,61280,California
Humboldt,2021-05-01,460,101571,379,48616,59,48706,22,4249,283,17656,176,43929,305,61585,California
Humboldt,2021-05-02,229,101800,183,48799,37,48743,9,4258,113,17664,115,44044,123,61708,California
Humboldt,2021-05-03,611,102411,376,49175,211,48954,24,4282,99,17278,510,44554,124,61832,California
Humboldt,2021-05-04,820,103231,482,49657,292,49246,46,4328,248,17002,569,45123,293,62125,California
Humboldt,2021-05-05,1686,104917,1076,50733,553,49799,57,4385,179,15736,1500,46623,234,62359,California
Humboldt,2021-05-06,1691,106608,1074,51807,365,50164,252,4637,138,14577,1550,48173,391,62750,California
Humboldt,2021-05-07,1424,108032,305,52112,1060,51224,59,4696,238,13689,1183,49356,295,63045,California
Humboldt,2021-05-08,741,108773,146,52258,572,51796,23,4719,91,13155,648,50004,114,63159,California
Humboldt,2021-05-09,907,109680,855,53113,42,51838,10,4729,48,12354,859,50863,58,63217,California
Humboldt,2021-05-10,214,109894,36,53149,140,51978,38,4767,81,12340,133,50996,119,63336,California
Humboldt,2021-05-11,490,110384,147,53296,272,52250,71,4838,184,12289,306,51302,255,63591,California
Humboldt,2021-05-12,577,110961,122,53418,413,52663,42,4880,204,12162,372,51674,245,63836,California
Humboldt,2021-05-13,503,111464,241,53659,237,52900,25,4905,210,12106,291,51965,235,64071,California
Humboldt,2021-05-14,697,112161,140,53799,454,53354,103,5008,231,11976,463,52428,333,64404,California
Humboldt,2021-05-15,780,112941,641,54440,131,53485,8,5016,209,11623,570,52998,217,64621,California
Humboldt,2021-05-16,128,113069,57,54497,67,53552,4,5020,73,11645,55,53053,77,64698,California
Humboldt,2021-05-17,395,113464,213,54710,160,53712,22,5042,220,11713,173,53226,241,64939,California
Humboldt,2021-05-18,659,114123,327,55037,303,54015,29,5071,367,11818,291,53517,396,65335,California
Humboldt,2021-05-19,950,115073,528,55565,379,54394,43,5114,336,11585,610,54127,377,65712,California
Humboldt,2021-05-20,692,115765,518,56083,161,54555,13,5127,516,11942,173,54300,530,66242,California
Humboldt,2021-05-21,771,116536,223,56306,487,55042,61,5188,301,11834,470,54770,362,66604,California
Humboldt,2021-05-22,353,116889,270,56576,75,55117,8,5196,103,11696,249,55019,111,66715,California
Humboldt,2021-05-23,344,117233,297,56873,44,55161,3,5199,58,11471,286,55305,61,66776,California
Humboldt,2021-05-24,310,117543,167,57040,114,55275,29,5228,182,11556,126,55431,211,66987,California
Humboldt,2021-05-25,537,118080,355,57395,158,55433,24,5252,310,11666,224,55655,334,67321,California
Humboldt,2021-05-26,629,118709,313,57708,293,55726,23,5275,304,11668,325,55980,327,67648,California
Humboldt,2021-05-27,448,119157,239,57947,176,55902,33,5308,276,11805,172,56152,309,67957,California
Humboldt,2021-05-28,399,119556,192,58139,162,56064,45,5353,174,11800,224,56376,219,68176,California
Humboldt,2021-05-29,168,119724,101,58240,65,56129,2,5355,96,11826,72,56448,98,68274,California
Humboldt,2021-05-30,103,119827,46,58286,53,56182,4,5359,48,11824,54,56502,52,68326,California
Humboldt,2021-05-31,91,119918,49,58335,36,56218,6,5365,68,11875,22,56524,73,68399,California
Humboldt,2021-06-01,434,120352,255,58590,165,56383,14,5379,189,11834,244,56768,203,68602,California
Humboldt,2021-06-02,501,120853,247,58837,202,56585,52,5431,244,11877,251,57019,294,68896,California
Humboldt,2021-06-03,77,120930,38,58875,19,56604,20,5451,26,11873,51,57070,47,68943,California
Imperial,2020-12-16,1,1,1,1,0,0,0,0,1,1,0,0,1,1,California
Imperial,2020-12-17,5,6,5,6,0,0,0,0,5,6,0,0,5,6,California
Imperial,2020-12-18,12,18,12,18,0,0,0,0,12,18,0,0,12,18,California
Imperial,2020-12-20,2,20,2,20,0,0,0,0,2,20,0,0,2,20,California
Imperial,2020-12-21,186,206,186,206,0,0,0,0,186,206,0,0,186,206,California
Imperial,2020-12-22,241,447,239,445,2,2,0,0,241,447,0,0,241,447,California
Imperial,2020-12-23,211,658,210,655,1,3,0,0,210,657,0,0,210,657,California
Imperial,2020-12-24,5,663,5,660,0,3,0,0,5,662,0,0,5,662,California
Imperial,2020-12-26,1,664,0,660,1,4,0,0,1,663,0,0,1,663,California
Imperial,2020-12-27,62,726,0,660,62,66,0,0,62,725,0,0,62,725,California
Imperial,2020-12-28,214,940,114,774,100,166,0,0,214,939,0,0,214,939,California
Imperial,2020-12-29,189,1129,36,810,153,319,0,0,189,1128,0,0,189,1128,California
Imperial,2020-12-30,366,1495,50,860,316,635,0,0,366,1494,0,0,366,1494,California
Imperial,2020-12-31,197,1692,26,886,171,806,0,0,197,1691,0,0,197,1691,California
Imperial,2021-01-01,47,1739,5,891,42,848,0,0,47,1738,0,0,47,1738,California
Imperial,2021-01-02,4,1743,0,891,4,852,0,0,4,1742,0,0,4,1742,California
Imperial,2021-01-03,90,1833,0,891,90,942,0,0,90,1832,0,0,90,1832,California
Imperial,2021-01-04,85,1918,5,896,80,1022,0,0,85,1917,0,0,85,1917,California
Imperial,2021-01-05,174,2092,14,910,160,1182,0,0,174,2091,0,0,174,2091,California
Imperial,2021-01-06,190,2282,25,935,165,1347,0,0,189,2279,1,1,189,2280,California
Imperial,2021-01-07,323,2605,11,946,312,1659,0,0,319,2594,4,5,319,2599,California
Imperial,2021-01-08,192,2797,52,998,140,1799,0,0,182,2766,10,15,182,2781,California
Imperial,2021-01-09,24,2821,21,1019,3,1802,0,0,24,2790,0,15,24,2805,California
Imperial,2021-01-10,1,2822,0,1019,1,1803,0,0,1,2791,0,15,1,2806,California
Imperial,2021-01-11,403,3225,244,1263,159,1962,0,0,175,2738,228,243,175,2981,California
Imperial,2021-01-12,405,3630,303,1566,102,2064,0,0,143,2620,261,504,143,3124,California
Imperial,2021-01-13,379,4009,133,1699,246,2310,0,0,280,2801,99,603,280,3404,California
Imperial,2021-01-14,261,4270,151,1850,110,2420,0,0,255,3051,5,608,255,3659,California
Imperial,2021-01-15,241,4511,182,2032,59,2479,0,0,234,3278,7,615,234,3893,California
Imperial,2021-01-16,78,4589,74,2106,4,2483,0,0,77,3354,1,616,77,3970,California
Imperial,2021-01-17,10,4599,2,2108,8,2491,0,0,10,3364,0,616,10,3980,California
Imperial,2021-01-18,1058,5657,399,2507,659,3150,0,0,960,4227,98,714,961,4941,California
Imperial,2021-01-19,165,5822,129,2636,36,3186,0,0,118,4298,47,761,118,5059,California
Imperial,2021-01-20,293,6115,196,2832,97,3283,0,0,255,4515,38,799,255,5314,California
Imperial,2021-01-21,416,6531,183,3015,233,3516,0,0,396,4891,20,819,396,5710,California
Imperial,2021-01-22,457,6988,189,3204,268,3784,0,0,448,5330,9,828,448,6158,California
Imperial,2021-01-23,1040,8028,290,3494,750,4534,0,0,1039,6368,1,829,1039,7197,California
Imperial,2021-01-24,11,8039,4,3498,7,4541,0,0,11,6379,0,829,11,7208,California
Imperial,2021-01-25,214,8253,5,3503,209,4750,0,0,34,6235,178,1007,34,7242,California
Imperial,2021-01-26,364,8617,185,3688,179,4929,0,0,220,6312,143,1150,220,7462,California
Imperial,2021-01-27,570,9187,162,3850,408,5337,0,0,237,6216,333,1483,237,7699,California
Imperial,2021-01-28,635,9822,160,4010,475,5812,0,0,527,6635,108,1591,527,8226,California
Imperial,2021-01-29,425,10247,296,4306,129,5941,0,0,375,6960,50,1641,375,8601,California
Imperial,2021-01-30,56,10303,31,4337,25,5966,0,0,39,6982,17,1658,39,8640,California
Imperial,2021-01-31,17,10320,7,4344,10,5976,0,0,16,6997,1,1659,16,8656,California
Imperial,2021-02-01,423,10743,56,4400,367,6343,0,0,212,7000,209,1868,212,8868,California
Imperial,2021-02-02,685,11428,57,4457,628,6971,0,0,503,7321,182,2050,503,9371,California
Imperial,2021-02-03,459,11887,51,4508,408,7379,0,0,263,7389,195,2245,263,9634,California
Imperial,2021-02-04,1722,13609,1200,5708,522,7901,0,0,1407,8483,313,2558,1407,11041,California
Imperial,2021-02-05,391,14000,243,5951,148,8049,0,0,157,8405,235,2793,157,11198,California
Imperial,2021-02-06,862,14862,837,6788,25,8074,0,0,826,9194,37,2830,826,12024,California
Imperial,2021-02-07,21,14883,9,6797,12,8086,0,0,20,9213,1,2831,20,12044,California
Imperial,2021-02-08,249,15132,42,6839,207,8293,0,0,181,9326,68,2899,181,12225,California
Imperial,2021-02-09,464,15596,147,6986,317,8610,0,0,306,9474,158,3057,306,12531,California
Imperial,2021-02-10,459,16055,56,7042,403,9013,0,0,96,9208,363,3420,97,12628,California
Imperial,2021-02-11,1024,17079,367,7409,657,9670,0,0,146,8481,873,4293,146,12774,California
Imperial,2021-02-12,2131,19210,1410,8819,721,10391,0,0,1781,9910,353,4646,1782,14556,California
Imperial,2021-02-13,47,19257,18,8837,29,10420,0,0,42,9945,8,4654,43,14599,California
Imperial,2021-02-14,24,19281,12,8849,12,10432,0,0,21,9963,3,4657,21,14620,California
Imperial,2021-02-15,95,19376,11,8860,84,10516,0,0,84,10036,11,4668,84,14704,California
Imperial,2021-02-16,514,19890,267,9127,247,10763,0,0,293,10108,221,4889,293,14997,California
Imperial,2021-02-17,439,20329,285,9412,154,10917,0,0,83,9835,356,5245,83,15080,California
Imperial,2021-02-18,646,20975,308,9720,338,11255,0,0,140,9470,505,5750,140,15220,California
Imperial,2021-02-19,770,21745,383,10103,387,11642,0,0,195,9091,574,6324,195,15415,California
Imperial,2021-02-20,1041,22786,191,10294,850,12492,0,0,327,8708,712,7036,329,15744,California
Imperial,2021-02-21,591,23377,557,10851,34,12526,0,0,580,9278,10,7046,580,16324,California
Imperial,2021-02-22,806,24183,567,11418,239,12765,0,0,757,9986,49,7095,757,17081,California
Imperial,2021-02-23,963,25146,395,11813,568,13333,0,0,908,10840,55,7150,909,17990,California
Imperial,2021-02-24,719,25865,302,12115,417,13750,0,0,622,11366,96,7246,622,18612,California
Imperial,2021-02-25,858,26723,341,12456,517,14267,0,0,488,11490,369,7615,493,19105,California
Imperial,2021-02-26,2277,29000,1351,13807,926,15193,0,0,1800,12815,476,8091,1801,20906,California
Imperial,2021-02-27,868,29868,812,14619,56,15249,0,0,132,12210,738,8829,133,21039,California
Imperial,2021-02-28,32,29900,20,14639,12,15261,0,0,22,12222,10,8839,22,21061,California
Imperial,2021-03-01,507,30407,298,14937,206,15467,3,3,437,12596,67,8906,441,21502,California
Imperial,2021-03-02,679,31086,247,15184,432,15899,0,3,388,12697,289,9195,390,21892,California
Imperial,2021-03-03,929,32015,49,15233,878,16777,2,5,559,12901,367,9562,571,22463,California
Imperial,2021-03-04,756,32771,85,15318,670,17447,1,6,493,13163,261,9823,523,22986,California
Imperial,2021-03-05,3028,35799,2201,17519,827,18274,0,6,1688,13510,1343,11166,1690,24676,California
Imperial,2021-03-06,704,36503,238,17757,466,18740,0,6,659,14131,42,11208,663,25339,California
Imperial,2021-03-07,86,36589,41,17798,45,18785,0,6,61,14169,24,11232,62,25401,California
Imperial,2021-03-08,417,37006,332,18130,50,18835,35,41,364,14516,52,11284,399,25800,California
Imperial,2021-03-09,682,37688,311,18441,124,18959,247,288,398,14876,284,11568,644,26444,California
Imperial,2021-03-10,686,38374,313,18754,268,19227,105,393,323,14942,362,11930,428,26872,California
Imperial,2021-03-11,1794,40168,479,19233,1123,20350,192,585,1192,15738,599,12529,1395,28267,California
Imperial,2021-03-12,4736,44904,3441,22674,1108,21458,187,772,3043,17280,1688,14217,3230,31497,California
Imperial,2021-03-13,1157,46061,94,22768,838,22296,225,997,861,18078,293,14510,1091,32588,California
Imperial,2021-03-14,176,46237,36,22804,126,22422,14,1011,140,18197,36,14546,155,32743,California
Imperial,2021-03-15,687,46924,227,23031,201,22623,259,1270,390,18551,295,14841,649,33392,California
Imperial,2021-03-16,1103,48027,275,23306,360,22983,468,1738,551,19019,550,15391,1018,34410,California
Imperial,2021-03-17,1600,49627,692,23998,771,23754,137,1875,1015,19594,578,15969,1153,35563,California
Imperial,2021-03-18,1805,51432,1193,25191,552,24306,60,1935,1270,20395,531,16500,1332,36895,California
Imperial,2021-03-19,3745,55177,2746,27937,995,25301,4,1939,1889,20441,1848,18348,1894,38789,California
Imperial,2021-03-20,1762,56939,553,28490,1204,26505,5,1944,1313,21322,443,18791,1324,40113,California
Imperial,2021-03-21,217,57156,35,28525,178,26683,4,1948,159,21431,58,18849,167,40280,California
Imperial,2021-03-22,1048,58204,340,28865,701,27384,7,1955,623,21639,424,19273,632,40912,California
Imperial,2021-03-23,1423,59627,437,29302,979,28363,7,1962,921,22070,498,19771,929,41841,California
Imperial,2021-03-24,2129,61756,565,29867,1139,29502,425,2387,1152,22672,974,20745,1576,43417,California
Imperial,2021-03-25,3198,64954,690,30557,889,30391,1619,4006,1198,23485,1994,22739,2807,46224,California
Imperial,2021-03-26,3177,68131,1174,31731,1025,31416,978,4984,907,23110,2259,24998,1884,48108,California
Imperial,2021-03-27,614,68745,284,32015,278,31694,52,5036,445,23441,166,25164,497,48605,California
Imperial,2021-03-28,210,68955,51,32066,157,31851,2,5038,171,23576,38,25202,173,48778,California
Imperial,2021-03-29,1458,70413,350,32416,393,32244,715,5753,319,23474,1137,26339,1035,49813,California
Imperial,2021-03-30,2086,72499,686,33102,594,32838,806,6559,684,23563,1402,27741,1491,51304,California
Imperial,2021-03-31,1542,74041,728,33830,808,33646,6,6565,1021,24071,518,28259,1026,52330,California
Imperial,2021-04-01,2032,76073,423,34253,1365,35011,244,6809,873,24035,1153,29412,1117,53447,California
Imperial,2021-04-02,1931,78004,476,34729,1381,36392,74,6883,1318,24818,607,30019,1390,54837,California
Imperial,2021-04-03,1519,79523,430,35159,1010,37402,79,6962,702,24785,814,30833,781,55618,California
Imperial,2021-04-04,85,79608,40,35199,28,37430,17,6979,23,24763,62,30895,40,55658,California
Imperial,2021-04-05,3399,83007,2319,37518,915,38345,165,7144,805,23149,2584,33479,970,56628,California
Imperial,2021-04-06,1309,84316,527,38045,592,38937,190,7334,681,23398,623,34102,872,57500,California
Imperial,2021-04-07,2161,86477,556,38601,1228,40165,377,7711,1559,24729,606,34708,1937,59437,California
Imperial,2021-04-08,2206,88683,1080,39681,829,40994,297,8008,1069,24968,1133,35841,1372,60809,California
Imperial,2021-04-09,3211,91894,1657,41338,933,41927,621,8629,1505,25403,1700,37541,2135,62944,California
Imperial,2021-04-10,1280,93174,185,41523,822,42749,273,8902,215,24826,1063,38604,486,63430,California
Imperial,2021-04-11,219,93393,30,41553,157,42906,32,8934,75,24789,144,38748,107,63537,California
Imperial,2021-04-12,1438,94831,767,42320,450,43356,221,9155,814,25207,619,39367,1037,64574,California
Imperial,2021-04-13,2908,97739,1894,44214,1012,44368,2,9157,2030,26364,874,40241,2031,66605,California
Imperial,2021-04-14,2023,99762,944,45158,1079,45447,0,9157,1391,27129,627,40868,1392,67997,California
Imperial,2021-04-15,1977,101739,908,46066,1069,46516,0,9157,1353,27864,620,41488,1355,69352,California
Imperial,2021-04-16,3443,105182,1795,47861,1648,48164,0,9157,2150,28736,1279,42767,2151,71503,California
Imperial,2021-04-17,1816,106998,933,48794,881,49045,2,9159,1417,29762,394,43161,1420,72923,California
Imperial,2021-04-18,253,107251,71,48865,182,49227,0,9159,88,29687,163,43324,88,73011,California
Imperial,2021-04-19,837,108088,267,49132,570,49797,0,9159,467,29791,367,43691,471,73482,California
Imperial,2021-04-20,1324,109412,528,49660,796,50593,0,9159,741,29953,580,44271,742,74224,California
Imperial,2021-04-21,1373,110785,338,49998,1034,51627,1,9160,797,30180,570,44841,797,75021,California
Imperial,2021-04-22,2247,113032,806,50804,1441,53068,0,9160,1544,31033,693,45534,1546,76567,California
Imperial,2021-04-23,2804,115836,534,51338,2270,55338,0,9160,1083,30430,1690,47224,1087,77654,California
Imperial,2021-04-24,550,116386,326,51664,224,55562,0,9160,200,30283,347,47571,200,77854,California
Imperial,2021-04-25,264,116650,97,51761,167,55729,0,9160,134,30289,128,47699,134,77988,California
Imperial,2021-04-26,1160,117810,460,52221,696,56425,4,9164,686,30510,468,48167,689,78677,California
Imperial,2021-04-27,1061,118871,345,52566,706,57131,10,9174,532,30528,523,48690,541,79218,California
Imperial,2021-04-28,1489,120360,647,53213,813,57944,29,9203,675,30424,808,49498,704,79922,California
Imperial,2021-04-29,1831,122191,857,54070,928,58872,46,9249,811,30271,1011,50509,858,80780,California
Imperial,2021-04-30,3233,125424,1673,55743,1527,60399,33,9282,1570,30225,1651,52160,1605,82385,California
Imperial,2021-05-01,318,125742,125,55868,190,60589,3,9285,161,30233,157,52317,165,82550,California
Imperial,2021-05-02,83,125825,25,55893,56,60645,2,9287,51,30255,32,52349,54,82604,California
Imperial,2021-05-03,1623,127448,542,56435,1033,61678,48,9335,373,29437,1239,53588,421,83025,California
Imperial,2021-05-04,1749,129197,957,57392,765,62443,27,9362,532,28789,1207,54795,559,83584,California
Imperial,2021-05-05,1505,130702,892,58284,592,63035,21,9383,440,28198,1053,55848,462,84046,California
Imperial,2021-05-06,1676,132378,1107,59391,530,63565,39,9422,536,27639,1134,56982,575,84621,California
Imperial,2021-05-07,2416,134794,1344,60735,1027,64592,45,9467,834,26954,1567,58549,882,85503,California
Imperial,2021-05-08,555,135349,416,61151,131,64723,8,9475,160,26734,388,58937,168,85671,California
Imperial,2021-05-09,94,135443,63,61214,30,64753,1,9476,28,26700,63,59000,29,85700,California
Imperial,2021-05-10,1097,136540,280,61494,694,65447,123,9599,325,26382,765,59765,447,86147,California
Imperial,2021-05-11,1439,137979,459,61953,961,66408,19,9618,481,25937,949,60714,504,86651,California
Imperial,2021-05-12,847,138826,269,62222,540,66948,38,9656,298,25727,545,61259,335,86986,California
Imperial,2021-05-13,1577,140403,992,63214,513,67461,72,9728,675,25580,894,62153,747,87733,California
Imperial,2021-05-14,1737,142140,962,64176,717,68178,58,9786,1141,26193,586,62739,1199,88932,California
Imperial,2021-05-15,1212,143352,463,64639,729,68907,20,9806,457,25922,749,63488,478,89410,California
Imperial,2021-05-16,119,143471,80,64719,36,68943,3,9809,47,25901,71,63559,50,89460,California
Imperial,2021-05-17,1892,145363,701,65420,1149,70092,42,9851,680,25417,1207,64766,723,90183,California
Imperial,2021-05-18,1562,146925,788,66208,703,70795,71,9922,860,25652,696,65462,931,91114,California
Imperial,2021-05-19,1265,148190,592,66800,605,71400,68,9990,599,25660,659,66121,667,91781,California
Imperial,2021-05-20,1377,149567,914,67714,397,71797,66,10056,654,25668,713,66834,721,92502,California
Imperial,2021-05-21,1717,151284,1086,68800,570,72367,61,10117,876,25771,834,67668,937,93439,California
Imperial,2021-05-22,244,151528,163,68963,64,72431,17,10134,129,25806,111,67779,146,93585,California
Imperial,2021-05-23,68,151596,21,68984,39,72470,8,10142,23,25795,42,67821,31,93616,California
Imperial,2021-05-24,1218,152814,595,69579,570,73040,53,10195,498,25633,713,68534,551,94167,California
Imperial,2021-05-25,1312,154126,437,70016,842,73882,33,10228,483,25327,822,69356,516,94683,California
Imperial,2021-05-26,937,155063,494,70510,401,74283,42,10270,404,25244,528,69884,445,95128,California
Imperial,2021-05-27,1280,156343,698,71208,515,74798,67,10337,619,25275,655,70539,686,95814,California
Imperial,2021-05-28,963,157306,546,71754,353,75151,64,10401,361,25104,596,71135,425,96239,California
Imperial,2021-05-29,216,157522,117,71871,92,75243,7,10408,106,25108,109,71244,113,96352,California
Imperial,2021-05-30,95,157617,28,71899,65,75308,2,10410,64,25143,31,71275,66,96418,California
Imperial,2021-05-31,74,157691,18,71917,52,75360,4,10414,33,25139,41,71316,37,96455,California
Imperial,2021-06-01,985,158676,457,72374,470,75830,58,10472,397,25013,581,71897,455,96910,California
Imperial,2021-06-02,1019,159695,554,72928,381,76211,84,10556,507,25096,508,72405,591,97501,California
Imperial,2021-06-03,680,160375,416,73344,205,76416,59,10615,295,25066,383,72788,353,97854,California
Inyo,2020-12-19,85,85,85,85,0,0,0,0,85,85,0,0,85,85,California
Inyo,2020-12-20,58,143,58,143,0,0,0,0,58,143,0,0,58,143,California
Inyo,2020-12-21,88,231,85,228,3,3,0,0,88,231,0,0,88,231,California
Inyo,2020-12-22,105,336,105,333,0,3,0,0,105,336,0,0,105,336,California
Inyo,2020-12-23,70,406,67,400,3,6,0,0,70,406,0,0,70,406,California
Inyo,2020-12-24,16,422,16,416,0,6,0,0,16,422,0,0,16,422,California
Inyo,2020-12-25,1,423,0,416,1,7,0,0,1,423,0,0,1,423,California
Inyo,2020-12-26,74,497,74,490,0,7,0,0,74,497,0,0,74,497,California
Inyo,2020-12-28,48,545,36,526,12,19,0,0,48,545,0,0,48,545,California
Inyo,2020-12-29,19,564,19,545,0,19,0,0,19,564,0,0,19,564,California
Inyo,2020-12-30,56,620,54,599,2,21,0,0,56,620,0,0,56,620,California
Inyo,2020-12-31,29,649,0,599,29,50,0,0,29,649,0,0,29,649,California
Inyo,2021-01-01,1,650,0,599,1,51,0,0,1,650,0,0,1,650,California
Inyo,2021-01-03,1,651,0,599,1,52,0,0,1,651,0,0,1,651,California
Inyo,2021-01-04,2,653,1,600,1,53,0,0,2,653,0,0,2,653,California
Inyo,2021-01-05,34,687,0,600,34,87,0,0,34,687,0,0,34,687,California
Inyo,2021-01-06,68,755,0,600,68,155,0,0,68,755,0,0,68,755,California
Inyo,2021-01-07,31,786,1,601,30,185,0,0,31,786,0,0,31,786,California
Inyo,2021-01-08,9,795,8,609,1,186,0,0,4,786,5,5,5,791,California
Inyo,2021-01-09,87,882,86,695,1,187,0,0,1,701,86,91,1,792,California
Inyo,2021-01-10,52,934,52,747,0,187,0,0,0,649,52,143,0,792,California
Inyo,2021-01-11,97,1031,82,829,15,202,0,0,16,584,81,224,16,808,California
Inyo,2021-01-12,139,1170,118,947,21,223,0,0,28,501,111,335,28,836,California
Inyo,2021-01-13,86,1256,68,1015,18,241,0,0,21,458,65,400,22,858,California
Inyo,2021-01-14,59,1315,13,1028,46,287,0,0,49,497,10,410,49,907,California
Inyo,2021-01-15,163,1478,28,1056,135,422,0,0,163,660,0,410,163,1070,California
Inyo,2021-01-16,74,1552,73,1129,1,423,0,0,1,588,73,483,1,1071,California
Inyo,2021-01-18,58,1610,36,1165,22,445,0,0,19,568,39,522,19,1090,California
Inyo,2021-01-19,114,1724,72,1237,42,487,0,0,97,648,17,539,97,1187,California
Inyo,2021-01-20,147,1871,71,1308,76,563,0,0,93,687,54,593,93,1280,California
Inyo,2021-01-21,120,1991,57,1365,63,626,0,0,119,805,1,594,119,1399,California
Inyo,2021-01-22,62,2053,0,1365,62,688,0,0,61,865,1,595,61,1460,California
Inyo,2021-01-23,52,2105,52,1417,0,688,0,0,52,917,0,595,52,1512,California
Inyo,2021-01-25,49,2154,6,1423,43,731,0,0,37,942,12,607,37,1549,California
Inyo,2021-01-26,135,2289,54,1477,81,812,0,0,129,1065,6,613,129,1678,California
Inyo,2021-01-27,24,2313,2,1479,22,834,0,0,23,1087,1,614,23,1701,California
Inyo,2021-01-28,92,2405,2,1481,90,924,0,0,63,1121,29,643,63,1764,California
Inyo,2021-01-29,25,2430,3,1484,22,946,0,0,23,1142,2,645,23,1787,California
Inyo,2021-01-30,11,2441,1,1485,10,956,0,0,11,1153,0,645,11,1798,California
Inyo,2021-01-31,32,2473,4,1489,28,984,0,0,4,1129,28,673,4,1802,California
Inyo,2021-02-01,10,2483,9,1498,1,985,0,0,0,1119,10,683,0,1802,California
Inyo,2021-02-02,130,2613,14,1512,116,1101,0,0,104,1197,26,709,104,1906,California
Inyo,2021-02-03,116,2729,0,1512,116,1217,0,0,74,1229,42,751,74,1980,California
Inyo,2021-02-04,151,2880,33,1545,118,1335,0,0,92,1262,59,810,92,2072,California
Inyo,2021-02-05,117,2997,61,1606,56,1391,0,0,115,1375,2,812,115,2187,California
Inyo,2021-02-06,4,3001,2,1608,2,1393,0,0,3,1377,1,813,3,2190,California
Inyo,2021-02-07,4,3005,2,1610,2,1395,0,0,4,1381,0,813,4,2194,California
Inyo,2021-02-08,117,3122,7,1617,110,1505,0,0,97,1458,20,833,97,2291,California
Inyo,2021-02-09,196,3318,52,1669,144,1649,0,0,125,1512,71,904,125,2416,California
Inyo,2021-02-10,141,3459,17,1686,124,1773,0,0,107,1585,34,938,107,2523,California
Inyo,2021-02-11,220,3679,56,1742,164,1937,0,0,126,1617,94,1032,126,2649,California
Inyo,2021-02-12,299,3978,51,1793,248,2185,0,0,167,1652,132,1164,167,2816,California
Inyo,2021-02-13,60,4038,55,1848,5,2190,0,0,8,1608,52,1216,8,2824,California
Inyo,2021-02-14,1,4039,0,1848,1,2191,0,0,1,1609,0,1216,1,2825,California
Inyo,2021-02-15,29,4068,9,1857,20,2211,0,0,5,1590,24,1240,5,2830,California
Inyo,2021-02-16,179,4247,50,1907,129,2340,0,0,92,1596,86,1326,92,2922,California
Inyo,2021-02-17,38,4285,4,1911,34,2374,0,0,8,1574,30,1356,8,2930,California
Inyo,2021-02-18,122,4407,6,1917,116,2490,0,0,79,1610,43,1399,79,3009,California
Inyo,2021-02-19,52,4459,4,1921,48,2538,0,0,9,1576,43,1442,9,3018,California
Inyo,2021-02-20,507,4966,503,2424,4,2542,0,0,505,2079,2,1444,505,3523,California
Inyo,2021-02-21,441,5407,441,2865,0,2542,0,0,441,2520,0,1444,441,3964,California
Inyo,2021-02-22,61,5468,19,2884,42,2584,0,0,27,2513,34,1478,27,3991,California
Inyo,2021-02-23,199,5667,20,2904,179,2763,0,0,95,2505,103,1581,95,4086,California
Inyo,2021-02-24,118,5785,0,2904,118,2881,0,0,57,2501,61,1642,57,4143,California
Inyo,2021-02-25,132,5917,5,2909,127,3008,0,0,62,2493,70,1712,62,4205,California
Inyo,2021-02-26,103,6020,60,2969,43,3051,0,0,19,2428,84,1796,19,4224,California
Inyo,2021-02-27,14,6034,3,2972,11,3062,0,0,2,2418,12,1808,2,4226,California
Inyo,2021-02-28,3,6037,1,2973,2,3064,0,0,2,2419,1,1809,2,4228,California
Inyo,2021-03-01,19,6056,2,2975,17,3081,0,0,17,2434,2,1811,17,4245,California
Inyo,2021-03-02,196,6252,1,2976,195,3276,0,0,111,2460,85,1896,111,4356,California
Inyo,2021-03-03,84,6336,3,2979,81,3357,0,0,41,2458,43,1939,41,4397,California
Inyo,2021-03-04,128,6464,4,2983,124,3481,0,0,46,2422,82,2021,46,4443,California
Inyo,2021-03-05,141,6605,56,3039,85,3566,0,0,38,2357,103,2124,38,4481,California
Inyo,2021-03-06,30,6635,1,3040,29,3595,0,0,29,2385,1,2125,29,4510,California
Inyo,2021-03-07,7,6642,4,3044,3,3598,0,0,5,2388,2,2127,5,4515,California
Inyo,2021-03-08,182,6824,5,3049,177,3775,0,0,91,2388,91,2218,91,4606,California
Inyo,2021-03-09,190,7014,3,3052,187,3962,0,0,74,2346,116,2334,74,4680,California
Inyo,2021-03-10,70,7084,8,3060,61,4023,1,1,30,2337,40,2374,31,4711,California
Inyo,2021-03-11,204,7288,1,3061,198,4221,5,6,74,2286,130,2504,79,4790,California
Inyo,2021-03-12,176,7464,4,3065,167,4388,5,11,78,2271,98,2602,83,4873,California
Inyo,2021-03-13,584,8048,549,3614,25,4413,10,21,72,1842,511,3113,82,4955,California
Inyo,2021-03-14,439,8487,438,4052,1,4414,0,21,5,1413,434,3547,5,4960,California
Inyo,2021-03-15,51,8538,15,4067,34,4448,2,23,30,1424,21,3568,32,4992,California
Inyo,2021-03-16,164,8702,4,4071,154,4602,6,29,64,1395,99,3667,70,5062,California
Inyo,2021-03-17,108,8810,3,4074,98,4700,7,36,92,1478,16,3683,99,5161,California
Inyo,2021-03-18,185,8995,16,4090,162,4862,7,43,104,1508,81,3764,111,5272,California
Inyo,2021-03-19,46,9041,4,4094,38,4900,4,47,36,1538,10,3774,40,5312,California
Inyo,2021-03-20,20,9061,1,4095,10,4910,9,56,1,1529,19,3793,10,5322,California
Inyo,2021-03-22,58,9119,2,4097,51,4961,5,61,38,1552,20,3813,43,5365,California
Inyo,2021-03-23,195,9314,4,4101,187,5148,4,65,105,1571,90,3903,109,5474,California
Inyo,2021-03-24,140,9454,3,4104,133,5281,4,69,86,1607,54,3957,90,5564,California
Inyo,2021-03-25,331,9785,110,4214,218,5499,3,72,265,1809,66,4023,268,5832,California
Inyo,2021-03-26,91,9876,3,4217,84,5583,4,76,71,1864,20,4043,75,5907,California
Inyo,2021-03-27,53,9929,45,4262,5,5588,3,79,47,1908,6,4049,50,5957,California
Inyo,2021-03-28,4,9933,1,4263,2,5590,1,80,1,1907,3,4052,2,5959,California
Inyo,2021-03-29,109,10042,2,4265,102,5692,5,85,82,1968,26,4078,87,6046,California
Inyo,2021-03-30,220,10262,2,4267,213,5905,5,90,108,1969,112,4190,113,6159,California
Inyo,2021-03-31,150,10412,4,4271,141,6046,5,95,109,2042,41,4231,114,6273,California
Inyo,2021-04-01,166,10578,4,4275,161,6207,1,96,117,2111,49,4280,118,6391,California
Inyo,2021-04-02,80,10658,1,4276,77,6284,2,98,51,2135,29,4309,53,6444,California
Inyo,2021-04-03,93,10751,47,4323,32,6316,14,112,5,2067,86,4395,18,6462,California
Inyo,2021-04-04,5,10756,4,4327,0,6316,1,113,1,2065,4,4399,2,6464,California
Inyo,2021-04-05,117,10873,1,4328,112,6428,4,117,29,2010,88,4487,33,6497,California
Inyo,2021-04-06,235,11108,5,4333,167,6595,63,180,103,2044,132,4619,166,6663,California
Inyo,2021-04-07,204,11312,2,4335,75,6670,127,307,47,2061,158,4777,175,6838,California
Inyo,2021-04-08,181,11493,15,4350,149,6819,17,324,81,2059,100,4877,98,6936,California
Inyo,2021-04-09,126,11619,7,4357,96,6915,23,347,37,2032,88,4965,61,6997,California
Inyo,2021-04-10,42,11661,1,4358,24,6939,17,364,3,2013,39,5004,20,7017,California
Inyo,2021-04-11,1,11662,0,4358,1,6940,0,364,1,2014,0,5004,1,7018,California
Inyo,2021-04-12,79,11741,0,4358,74,7014,5,369,41,2022,38,5042,46,7064,California
Inyo,2021-04-13,121,11862,4,4362,114,7128,3,372,62,2029,58,5100,65,7129,California
Inyo,2021-04-14,127,11989,2,4364,125,7253,0,372,42,1986,85,5185,42,7171,California
Inyo,2021-04-15,275,12264,117,4481,158,7411,0,372,79,1869,196,5381,79,7250,California
Inyo,2021-04-16,47,12311,5,4486,42,7453,0,372,19,1860,28,5409,19,7269,California
Inyo,2021-04-17,2,12313,1,4487,1,7454,0,372,1,1860,1,5410,1,7270,California
Inyo,2021-04-19,128,12441,43,4530,85,7539,0,372,43,1818,85,5495,43,7313,California
Inyo,2021-04-20,163,12604,2,4532,161,7700,0,372,79,1813,84,5579,79,7392,California
Inyo,2021-04-21,113,12717,4,4536,109,7809,0,372,32,1764,81,5660,32,7424,California
Inyo,2021-04-22,196,12913,1,4537,195,8004,0,372,51,1670,145,5805,51,7475,California
Inyo,2021-04-23,95,13008,4,4541,91,8095,0,372,22,1619,73,5878,22,7497,California
Inyo,2021-04-24,309,13317,308,4849,1,8096,0,372,304,1918,5,5883,304,7801,California
Inyo,2021-04-25,135,13452,134,4983,1,8097,0,372,135,2053,0,5883,135,7936,California
Inyo,2021-04-26,91,13543,0,4983,90,8187,1,373,10,1983,81,5964,11,7947,California
Inyo,2021-04-27,182,13725,6,4989,171,8358,5,378,45,1897,136,6100,50,7997,California
Inyo,2021-04-28,122,13847,2,4991,118,8476,2,380,20,1817,102,6202,22,8019,California
Inyo,2021-04-29,172,14019,56,5047,116,8592,0,380,77,1800,94,6296,77,8096,California
Inyo,2021-04-30,85,14104,5,5052,79,8671,1,381,24,1764,61,6357,25,8121,California
Inyo,2021-05-01,11,14115,3,5055,8,8679,0,381,9,1771,2,6359,9,8130,California
Inyo,2021-05-02,7,14122,3,5058,2,8681,2,383,4,1774,3,6362,6,8136,California
Inyo,2021-05-03,38,14160,1,5059,33,8714,4,387,5,1750,33,6395,9,8145,California
Inyo,2021-05-04,123,14283,2,5061,117,8831,4,391,22,1675,101,6496,26,8171,California
Inyo,2021-05-05,35,14318,0,5061,33,8864,2,393,11,1664,24,6520,13,8184,California
Inyo,2021-05-06,93,14411,5,5066,80,8944,8,401,13,1605,80,6600,21,8205,California
Inyo,2021-05-07,49,14460,4,5070,37,8981,8,409,24,1613,24,6624,32,8237,California
Inyo,2021-05-08,11,14471,2,5072,4,8985,5,414,4,1615,7,6631,9,8246,California
Inyo,2021-05-09,1,14472,0,5072,1,8986,0,414,0,1614,1,6632,0,8246,California
Inyo,2021-05-10,69,14541,1,5073,66,9052,2,416,30,1608,39,6671,33,8279,California
Inyo,2021-05-11,87,14628,1,5074,83,9135,3,419,20,1564,67,6738,23,8302,California
Inyo,2021-05-12,43,14671,1,5075,40,9175,2,421,11,1545,32,6770,13,8315,California
Inyo,2021-05-13,74,14745,1,5076,72,9247,1,422,11,1494,63,6833,12,8327,California
Inyo,2021-05-14,26,14771,3,5079,18,9265,5,427,12,1497,14,6847,17,8344,California
Inyo,2021-05-15,380,15151,367,5446,11,9276,2,429,87,1293,293,7140,89,8433,California
Inyo,2021-05-16,198,15349,198,5644,0,9276,0,429,71,1237,127,7267,71,8504,California
Inyo,2021-05-17,62,15411,2,5646,56,9332,4,433,19,1217,43,7310,23,8527,California
Inyo,2021-05-18,83,15494,2,5648,80,9412,1,434,17,1169,66,7376,18,8545,California
Inyo,2021-05-19,48,15542,2,5650,41,9453,5,439,14,1154,34,7410,19,8564,California
Inyo,2021-05-20,144,15686,81,5731,62,9515,1,440,34,1079,110,7520,35,8599,California
Inyo,2021-05-21,46,15732,17,5748,24,9539,5,445,17,1072,29,7549,22,8621,California
Inyo,2021-05-22,24,15756,14,5762,7,9546,3,448,17,1085,7,7556,20,8641,California
Inyo,2021-05-23,4,15760,3,5765,0,9546,1,449,2,1086,2,7558,3,8644,California
Inyo,2021-05-24,33,15793,5,5770,25,9571,3,452,13,1082,20,7578,16,8660,California
Inyo,2021-05-25,83,15876,40,5810,42,9613,1,453,49,1098,34,7612,50,8710,California
Inyo,2021-05-26,35,15911,7,5817,25,9638,3,456,11,1088,23,7635,13,8723,California
Inyo,2021-05-27,36,15947,8,5825,20,9658,8,464,10,1080,26,7661,18,8741,California
Inyo,2021-05-28,25,15972,6,5831,14,9672,5,469,8,1076,17,7678,13,8754,California
Inyo,2021-05-29,16,15988,5,5836,11,9683,0,469,8,1076,8,7686,8,8762,California
Inyo,2021-05-30,2,15990,0,5836,2,9685,0,469,0,1074,2,7688,0,8762,California
Inyo,2021-06-01,53,16043,16,5852,31,9716,6,475,23,1073,30,7718,29,8791,California
Inyo,2021-06-02,10,16053,7,5859,2,9718,1,476,8,1080,2,7720,9,8800,California
Inyo,2021-06-03,20,16073,0,5859,13,9731,7,483,1,1069,19,7739,8,8808,California
Kern,2020-12-15,1,1,1,1,0,0,0,0,1,1,0,0,1,1,California
Kern,2020-12-16,18,19,18,19,0,0,0,0,18,19,0,0,18,19,California
Kern,2020-12-17,164,183,164,183,0,0,0,0,164,183,0,0,164,183,California
Kern,2020-12-18,322,505,322,505,0,0,0,0,322,505,0,0,322,505,California
Kern,2020-12-19,98,603,98,603,0,0,0,0,99,604,0,0,99,604,California
Kern,2020-12-20,61,664,61,664,0,0,0,0,61,665,0,0,61,665,California
Kern,2020-12-21,671,1335,670,1334,1,1,0,0,671,1336,0,0,671,1336,California
Kern,2020-12-22,530,1865,527,1861,3,4,0,0,530,1866,0,0,530,1866,California
Kern,2020-12-23,558,2423,420,2281,138,142,0,0,558,2424,0,0,558,2424,California
Kern,2020-12-24,123,2546,44,2325,79,221,0,0,123,2547,0,0,123,2547,California
Kern,2020-12-25,1,2547,1,2326,0,221,0,0,1,2548,0,0,1,2548,California
Kern,2020-12-26,33,2580,1,2327,32,253,0,0,33,2581,0,0,33,2581,California
Kern,2020-12-27,35,2615,3,2330,32,285,0,0,35,2616,0,0,35,2616,California
Kern,2020-12-28,828,3443,664,2994,164,449,0,0,828,3444,0,0,828,3444,California
Kern,2020-12-29,745,4188,452,3446,293,742,0,0,744,4187,1,1,744,4188,California
Kern,2020-12-30,1204,5392,911,4357,293,1035,0,0,1204,5391,0,1,1204,5392,California
Kern,2020-12-31,277,5669,99,4456,178,1213,0,0,277,5668,0,1,277,5669,California
Kern,2021-01-01,16,5685,9,4465,7,1220,0,0,16,5684,0,1,16,5685,California
Kern,2021-01-02,79,5764,18,4483,61,1281,0,0,79,5763,0,1,79,5764,California
Kern,2021-01-03,23,5787,4,4487,19,1300,0,0,23,5786,0,1,23,5787,California
Kern,2021-01-04,556,6343,361,4848,195,1495,0,0,556,6342,0,1,556,6343,California
Kern,2021-01-05,1133,7476,738,5586,395,1890,0,0,1121,7451,12,13,1121,7464,California
Kern,2021-01-06,1162,8638,450,6036,712,2602,0,0,1132,8553,30,43,1132,8596,California
Kern,2021-01-07,1401,10039,488,6524,913,3515,0,0,1232,9617,168,211,1232,9828,California
Kern,2021-01-08,1627,11666,768,7292,859,4374,0,0,1329,10648,299,510,1330,11158,California
Kern,2021-01-09,227,11893,77,7369,150,4524,0,0,193,10807,34,544,193,11351,California
Kern,2021-01-10,195,12088,149,7518,46,4570,0,0,154,10920,41,585,154,11505,California
Kern,2021-01-11,1557,13645,985,8503,572,5142,0,0,1001,11365,556,1141,1001,12506,California
Kern,2021-01-12,1869,15514,811,9314,1058,6200,0,0,1358,12212,511,1652,1358,13864,California
Kern,2021-01-13,1851,17365,869,10183,982,7182,0,0,1431,13223,420,2072,1431,15295,California
Kern,2021-01-14,2188,19553,646,10829,1542,8724,0,0,2143,15320,46,2118,2143,17438,California
Kern,2021-01-15,2710,22263,857,11686,1853,10577,0,0,2613,17839,95,2213,2614,20052,California
Kern,2021-01-16,671,22934,211,11897,460,11037,0,0,636,18440,35,2248,636,20688,California
Kern,2021-01-17,73,23007,7,11904,66,11103,0,0,71,18509,2,2250,71,20759,California
Kern,2021-01-18,1648,24655,660,12564,988,12091,0,0,1481,19823,167,2417,1481,22240,California
Kern,2021-01-19,1855,26510,1034,13598,821,12912,0,0,1388,20745,467,2884,1389,23629,California
Kern,2021-01-20,2615,29125,1680,15278,935,13847,0,0,1912,21961,698,3582,1914,25543,California
Kern,2021-01-21,2116,31241,868,16146,1248,15095,0,0,1920,23686,195,3777,1920,27463,California
Kern,2021-01-22,2716,33957,1298,17444,1418,16513,0,0,2438,25847,277,4054,2438,29901,California
Kern,2021-01-23,1251,35208,542,17986,709,17222,0,0,1205,27006,46,4100,1205,31106,California
Kern,2021-01-24,154,35362,12,17998,142,17364,0,0,148,27148,6,4106,148,31254,California
Kern,2021-01-25,2386,37748,1086,19084,1300,18664,0,0,1901,28566,484,4590,1902,33156,California
Kern,2021-01-26,2773,40521,1128,20212,1645,20309,0,0,1913,29620,859,5449,1913,35069,California
Kern,2021-01-27,3562,44083,1905,22117,1657,21966,0,0,2861,31783,698,6147,2861,37930,California
Kern,2021-01-28,2874,46957,1358,23475,1516,23482,0,0,2443,33803,426,6573,2446,40376,California
Kern,2021-01-29,3785,50742,1802,25277,1983,25465,0,0,3239,36499,543,7116,3239,43615,California
Kern,2021-01-30,1329,52071,498,25775,831,26296,0,0,1279,37730,48,7164,1279,44894,California
Kern,2021-01-31,406,52477,277,26052,129,26425,0,0,271,37866,135,7299,271,45165,California
Kern,2021-02-01,2600,55077,992,27044,1608,28033,0,0,1886,39042,711,8010,1887,47052,California
Kern,2021-02-02,2754,57831,800,27844,1954,29987,0,0,2051,40391,703,8713,2052,49104,California
Kern,2021-02-03,3666,61497,1553,29397,2113,32100,0,0,2697,42126,962,9675,2697,51801,California
Kern,2021-02-04,3802,65299,1452,30849,2350,34450,0,0,2586,43506,1206,10881,2586,54387,California
Kern,2021-02-05,4857,70156,1991,32840,2866,37316,0,0,3096,44860,1742,12623,3096,57483,California
Kern,2021-02-06,1739,71895,769,33609,970,38286,0,0,1513,46150,223,12846,1513,58996,California
Kern,2021-02-07,284,72179,151,33760,133,38419,0,0,267,46402,15,12861,267,59263,California
Kern,2021-02-08,2572,74751,790,34550,1782,40201,0,0,1258,46366,1296,14157,1260,60523,California
Kern,2021-02-09,3038,77789,986,35536,2052,42253,0,0,1465,46267,1564,15721,1465,61988,California
Kern,2021-02-10,3793,81582,1661,37197,2132,44385,0,0,1873,46237,1904,17625,1874,63862,California
Kern,2021-02-11,4269,85851,1537,38734,2732,47117,0,0,2224,46430,2032,19657,2225,66087,California
Kern,2021-02-12,4959,90810,1894,40628,3065,50182,0,0,2477,46439,2468,22125,2477,68564,California
Kern,2021-02-13,2012,92822,729,41357,1283,51465,0,0,1164,46757,846,22971,1164,69728,California
Kern,2021-02-14,351,93173,12,41369,339,51804,0,0,269,46945,81,23052,269,69997,California
Kern,2021-02-15,2745,95918,896,42265,1849,53653,0,0,1212,46633,1524,24576,1212,71209,California
Kern,2021-02-16,2939,98857,712,42977,2227,55880,0,0,1649,47002,1281,25857,1650,72859,California
Kern,2021-02-17,4070,102927,2078,45055,1992,57872,0,0,1926,46791,2138,27995,1927,74786,California
Kern,2021-02-18,3765,106692,1488,46543,2277,60149,0,0,1627,46290,2128,30123,1627,76413,California
Kern,2021-02-19,4200,110892,1916,48459,2284,62433,0,0,1740,45577,2453,32576,1740,78153,California
Kern,2021-02-20,2581,113473,967,49426,1614,64047,0,0,1350,45700,1227,33803,1350,79503,California
Kern,2021-02-21,259,113732,153,49579,106,64153,0,0,90,45623,167,33970,90,79593,California
Kern,2021-02-22,2671,116403,1155,50734,1516,65669,0,0,1431,45821,1235,35205,1433,81026,California
Kern,2021-02-23,3562,119965,1131,51865,2431,68100,0,0,1986,46234,1574,36779,1987,83013,California
Kern,2021-02-24,5199,125164,2290,54155,2909,71009,0,0,3102,47243,2093,38872,3102,86115,California
Kern,2021-02-25,5375,130539,2457,56612,2918,73927,0,0,3192,48271,2164,41036,3192,89307,California
Kern,2021-02-26,6905,137444,3532,60144,3373,77300,0,0,4355,50084,2543,43579,4356,93663,California
Kern,2021-02-27,3961,141405,1987,62131,1974,79274,0,0,2618,51367,1335,44914,2618,96281,California
Kern,2021-02-28,917,142322,503,62634,413,79687,1,1,696,51845,219,45133,697,96978,California
Kern,2021-03-01,4005,146327,1821,64455,2180,81867,4,5,2688,53229,1308,46441,2692,99670,California
Kern,2021-03-02,4474,150801,1415,65870,3058,84925,1,6,2953,54672,1510,47951,2953,102623,California
Kern,2021-03-03,5931,156732,2813,68683,3118,88043,0,6,3835,56426,2082,50033,3836,106459,California
Kern,2021-03-04,5599,162331,2199,70882,3397,91440,3,9,3602,58047,1983,52016,3604,110063,California
Kern,2021-03-05,6676,169007,2864,73746,3793,95233,19,28,4235,59870,2431,54447,4254,114317,California
Kern,2021-03-06,4743,173750,1927,75673,2709,97942,107,135,3468,62176,1268,55715,3574,117891,California
Kern,2021-03-07,2061,175811,1592,77265,413,98355,56,191,1862,63896,198,55913,1918,119809,California
Kern,2021-03-08,2899,178710,923,78188,1755,100110,221,412,1526,64271,1370,57283,1745,121554,California
Kern,2021-03-09,3720,182430,808,78996,2529,102639,383,795,2319,65577,1393,58676,2699,124253,California
Kern,2021-03-10,6139,188569,2564,81560,2501,105140,1074,1869,3597,67719,2527,61203,4669,128922,California
Kern,2021-03-11,6340,194909,2444,84004,2870,108010,1026,2895,3782,69975,2547,63750,4803,133725,California
Kern,2021-03-12,7836,202745,3073,87077,3410,111420,1353,4248,4319,72133,3504,67254,5662,139387,California
Kern,2021-03-13,4662,207407,2526,89603,1801,113221,335,4583,3242,74293,1413,68667,3573,142960,California
Kern,2021-03-14,2298,209705,1522,91125,535,113756,241,4824,1777,75787,521,69188,2015,144975,California
Kern,2021-03-15,4268,213973,1100,92225,2455,116211,713,5537,2199,76635,2057,71245,2905,147880,California
Kern,2021-03-16,4346,218319,1015,93240,2799,119010,532,6069,2335,77498,2001,73246,2864,150744,California
Kern,2021-03-17,7488,225807,4054,97294,2884,121894,550,6619,4524,79619,2952,76198,5073,155817,California
Kern,2021-03-18,7276,233083,3681,100975,3010,124904,585,7204,4404,81752,2852,79050,4985,160802,California
Kern,2021-03-19,8984,242067,4984,105959,3345,128249,655,7859,4715,82864,4252,83302,5364,166166,California
Kern,2021-03-20,6183,248250,3827,109786,2182,130431,174,8033,3918,84703,2254,85556,4093,170259,California
Kern,2021-03-21,3047,251297,1929,111715,236,130667,882,8915,1846,86235,1195,86751,2727,172986,California
Kern,2021-03-22,3994,255291,1568,113283,2069,132736,357,9272,1940,86495,2037,88788,2297,175283,California
Kern,2021-03-23,4736,260027,1676,114959,2861,135597,199,9471,2484,86953,2223,91011,2681,177964,California
Kern,2021-03-24,7183,267210,3675,118634,3031,138628,477,9948,3656,87576,3509,94520,4132,182096,California
Kern,2021-03-25,6758,273968,2996,121630,3431,142059,331,10279,3276,87715,3465,97985,3604,185700,California
Kern,2021-03-26,9878,283846,4419,126049,4202,146261,1257,11536,4745,88600,5115,103100,6000,191700,California
Kern,2021-03-27,5707,289553,3997,130046,1582,147843,128,11664,3445,89912,2260,105360,3572,195272,California
Kern,2021-03-28,4685,294238,4193,134239,478,148321,14,11678,2956,91154,1728,107088,2970,198242,California
Kern,2021-03-29,4253,298491,1680,135919,2294,150615,279,11957,2610,92409,1631,108719,2886,201128,California
Kern,2021-03-30,5602,304093,1873,137792,3344,153959,385,12342,3074,93343,2524,111243,3458,204586,California
Kern,2021-03-31,8410,312503,4546,142338,3215,157174,649,12991,4350,94297,4044,115287,4998,209584,California
Kern,2021-04-01,7889,320392,3876,146214,3715,160889,298,13289,4228,95180,3640,118927,4523,214107,California
Kern,2021-04-02,8443,328835,4456,150670,3380,164269,607,13896,4218,95789,4209,123136,4818,218925,California
Kern,2021-04-03,5991,334826,3672,154342,2136,166405,183,14079,2663,95313,3319,126455,2843,221768,California
Kern,2021-04-04,1338,336164,875,155217,379,166784,84,14163,476,95014,859,127314,560,222328,California
Kern,2021-04-05,5374,341538,2224,157441,2380,169164,770,14933,2909,96219,2453,129767,3658,225986,California
Kern,2021-04-06,7115,348653,2474,159915,3268,172432,1373,16306,3570,97644,3520,133287,4945,230931,California
Kern,2021-04-07,9379,358032,5472,165387,2945,175377,962,17268,4576,98409,4784,138071,5549,236480,California
Kern,2021-04-08,8667,366699,4800,170187,2955,178332,912,18180,3726,98137,4918,142989,4646,241126,California
Kern,2021-04-09,10228,376927,5137,175324,4101,182433,990,19170,4349,97637,5854,148843,5354,246480,California
Kern,2021-04-10,6563,383490,3442,178766,1875,184308,1246,20416,2131,96595,4422,153265,3380,249860,California
Kern,2021-04-11,3849,387339,2896,181662,357,184665,596,21012,1254,95858,2583,155848,1846,251706,California
Kern,2021-04-12,4391,391730,986,182648,2432,187097,973,21985,1572,95604,2801,158649,2547,254253,California
Kern,2021-04-13,4289,396019,1410,184058,2854,189951,25,22010,2117,95589,2161,160810,2146,256399,California
Kern,2021-04-14,6044,402063,2965,187023,3057,193008,22,22032,2989,95559,3040,163850,3010,259409,California
Kern,2021-04-15,5270,407333,2471,189494,2797,195805,2,22034,2504,95316,2749,166599,2506,261915,California
Kern,2021-04-16,7246,414579,3435,192929,3810,199615,1,22035,2954,94004,4268,170867,2956,264871,California
Kern,2021-04-17,5893,420472,3854,196783,2039,201654,0,22035,2096,92319,3782,174649,2097,266968,California
Kern,2021-04-18,3776,424248,3539,200322,237,201891,0,22035,912,90375,2856,177505,912,267880,California
Kern,2021-04-19,3817,428065,1727,202049,2088,203979,2,22037,1411,89400,2386,179891,1411,269291,California
Kern,2021-04-20,4352,432417,1576,203625,2775,206754,1,22038,1642,88350,2694,182585,1644,270935,California
Kern,2021-04-21,5864,438281,3132,206757,2727,209481,5,22043,2132,86776,3709,186294,2135,273070,California
Kern,2021-04-22,4780,443061,2309,209066,2471,211952,0,22043,1689,85395,3071,189365,1690,274760,California
Kern,2021-04-23,6058,449119,2938,212004,3119,215071,1,22044,1894,83163,4127,193492,1895,276655,California
Kern,2021-04-24,4011,453130,2805,214809,1195,216266,11,22055,1444,82068,2549,196041,1454,278109,California
Kern,2021-04-25,1394,454524,1116,215925,278,216544,0,22055,817,82314,571,196612,817,278926,California
Kern,2021-04-26,3789,458313,1821,217746,1916,218460,52,22107,1035,80659,2744,199356,1089,280015,California
Kern,2021-04-27,4652,462965,2281,220027,2268,220728,103,22210,1412,78943,3228,202584,1512,281527,California
Kern,2021-04-28,6253,469218,3678,223705,2452,223180,123,22333,1774,76375,4462,207046,1894,283421,California
Kern,2021-04-29,5513,474731,3063,226768,2350,225530,100,22433,1622,74227,3871,210917,1723,285144,California
Kern,2021-04-30,5597,480328,3130,229898,2307,227837,160,22593,1619,72039,3966,214883,1778,286922,California
Kern,2021-05-01,2584,482912,1805,231703,720,228557,59,22652,956,71435,1618,216501,1014,287936,California
Kern,2021-05-02,1888,484800,1603,233306,263,228820,22,22674,692,70959,1190,217691,714,288650,California
Kern,2021-05-03,2492,487292,989,234295,1371,230191,132,22806,764,70144,1712,219403,897,289547,California
Kern,2021-05-04,3611,490903,1284,235579,2218,232409,109,22915,1258,69171,2338,221741,1365,290912,California
Kern,2021-05-05,4140,495043,2135,237714,1855,234264,150,23065,1368,67929,2758,224499,1516,292428,California
Kern,2021-05-06,3529,498572,1570,239284,1816,236080,143,23208,1084,66726,2427,226926,1224,293652,California
Kern,2021-05-07,4572,503144,2298,241582,2098,238178,176,23384,1280,64914,3266,230192,1454,295106,California
Kern,2021-05-08,2895,506039,1822,243404,958,239136,115,23499,900,63946,1981,232173,1013,296119,California
Kern,2021-05-09,1297,507336,1122,244526,145,239281,30,23529,448,63582,842,233015,478,296597,California
Kern,2021-05-10,2208,509544,845,245371,1264,240545,99,23628,642,62772,1549,234564,739,297336,California
Kern,2021-05-11,2603,512147,910,246281,1570,242115,123,23751,944,62191,1649,236213,1068,298404,California
Kern,2021-05-12,3520,515667,1395,247676,1976,244091,149,23900,1111,61054,2397,238610,1260,299664,California
Kern,2021-05-13,3336,519003,1733,249409,1461,245552,142,24042,1551,60970,1773,240383,1689,301353,California
Kern,2021-05-14,4263,523266,2526,251935,1520,247072,217,24259,1970,60881,2275,242658,2186,303539,California
Kern,2021-05-15,2912,526178,1899,253834,926,247998,87,24346,1545,61159,1354,244012,1632,305171,California
Kern,2021-05-16,1544,527722,1321,255155,184,248182,39,24385,888,61435,651,244663,927,306098,California
Kern,2021-05-17,2309,530031,996,256151,1165,249347,148,24533,1179,61643,1118,245781,1326,307424,California
Kern,2021-05-18,3132,533163,1427,257578,1575,250922,130,24663,1605,61866,1511,247292,1734,309158,California
Kern,2021-05-19,3809,536972,2377,259955,1305,252227,127,24790,1841,61877,1956,249248,1967,311125,California
Kern,2021-05-20,2915,539887,1583,261538,1201,253428,131,24921,1331,61774,1563,250811,1460,312585,California
Kern,2021-05-21,3382,543269,2080,263618,1184,254612,118,25039,1712,61960,1644,252455,1830,314415,California
Kern,2021-05-22,2590,545859,2013,265631,540,255152,37,25076,1217,61849,1364,253819,1253,315668,California
Kern,2021-05-23,1153,547012,1004,266635,131,255283,18,25094,608,61935,539,254358,625,316293,California
Kern,2021-05-24,1829,548841,776,267411,936,256219,117,25211,873,61974,948,255306,987,317280,California
Kern,2021-05-25,2365,551206,1101,268512,1183,257402,81,25292,1123,61948,1230,256536,1204,318484,California
Kern,2021-05-26,2730,553936,1574,270086,1058,258460,98,25390,1179,61690,1533,258069,1275,319759,California
Kern,2021-05-27,2301,556237,1155,271241,1040,259500,106,25496,1175,61866,1104,259173,1280,321039,California
Kern,2021-05-28,2723,558960,1394,272635,1220,260720,109,25605,1272,61809,1436,260609,1379,322418,California
Kern,2021-05-29,1901,560861,1254,273889,600,261320,47,25652,931,61837,949,261558,977,323395,California
Kern,2021-05-30,860,561721,702,274591,140,261460,18,25670,437,61875,416,261974,454,323849,California
Kern,2021-05-31,131,561852,42,274633,79,261539,10,25680,46,61849,82,262056,56,323905,California
Kern,2021-06-01,2257,564109,947,275580,1239,262778,71,25751,996,61674,1242,263298,1067,324972,California
Kern,2021-06-02,2163,566272,1255,276835,802,263580,106,25857,919,61464,1233,264531,1023,325995,California
Kern,2021-06-03,1496,567768,850,277685,544,264124,102,25959,503,61082,987,265518,605,326600,California
Kings,2020-12-16,1,1,1,1,0,0,0,0,1,1,0,0,1,1,California
Kings,2020-12-17,8,9,8,9,0,0,0,0,8,9,0,0,8,9,California
Kings,2020-12-18,12,21,12,21,0,0,0,0,12,21,0,0,12,21,California
Kings,2020-12-19,11,32,11,32,0,0,0,0,11,32,0,0,11,32,California
Kings,2020-12-20,13,45,13,45,0,0,0,0,13,45,0,0,13,45,California
Kings,2020-12-21,156,201,156,201,0,0,0,0,269,314,0,0,269,314,California
Kings,2020-12-22,143,344,143,344,0,0,0,0,140,454,0,0,140,454,California
Kings,2020-12-23,136,480,123,467,13,13,0,0,137,591,0,0,137,591,California
Kings,2020-12-24,11,491,9,476,2,15,0,0,11,602,0,0,11,602,California
Kings,2020-12-26,7,498,4,480,3,18,0,0,7,609,0,0,7,609,California
Kings,2020-12-27,4,502,4,484,0,18,0,0,4,613,0,0,4,613,California
Kings,2020-12-28,131,633,103,587,28,46,0,0,132,745,0,0,132,745,California
Kings,2020-12-29,77,710,50,637,27,73,0,0,78,823,0,0,78,823,California
Kings,2020-12-30,149,859,109,746,40,113,0,0,149,972,0,0,149,972,California
Kings,2020-12-31,45,904,6,752,39,152,0,0,45,1017,0,0,45,1017,California
Kings,2021-01-01,1,905,0,752,1,153,0,0,1,1018,0,0,1,1018,California
Kings,2021-01-02,10,915,9,761,1,154,0,0,10,1028,0,0,10,1028,California
Kings,2021-01-04,111,1026,41,802,70,224,0,0,111,1139,0,0,111,1139,California
Kings,2021-01-05,195,1221,39,841,156,380,0,0,195,1334,0,0,195,1334,California
Kings,2021-01-06,277,1498,178,1019,99,479,0,0,274,1605,3,3,274,1608,California
Kings,2021-01-07,181,1679,82,1101,99,578,0,0,173,1770,8,11,173,1781,California
Kings,2021-01-08,248,1927,54,1155,194,772,0,0,229,1980,19,30,229,2010,California
Kings,2021-01-09,63,1990,9,1164,54,826,0,0,55,2027,8,38,55,2065,California
Kings,2021-01-10,15,2005,3,1167,12,838,0,0,12,2036,3,41,12,2077,California
Kings,2021-01-11,518,2523,354,1521,164,1002,0,0,276,2071,242,283,277,2354,California
Kings,2021-01-12,349,2872,252,1773,97,1099,0,0,215,2155,131,414,215,2569,California
Kings,2021-01-13,422,3294,275,2048,147,1246,0,0,330,2393,92,506,330,2899,California
Kings,2021-01-14,209,3503,30,2078,179,1425,0,0,199,2572,21,527,200,3099,California
Kings,2021-01-15,419,3922,30,2108,389,1814,0,0,407,2967,12,539,407,3506,California
Kings,2021-01-16,28,3950,9,2117,19,1833,0,0,27,2993,1,540,27,3533,California
Kings,2021-01-17,9,3959,6,2123,3,1836,0,0,7,2998,2,542,7,3540,California
Kings,2021-01-18,172,4131,40,2163,132,1968,0,0,146,3118,26,568,146,3686,California
Kings,2021-01-19,379,4510,160,2323,219,2187,0,0,251,3241,128,696,251,3937,California
Kings,2021-01-20,237,4747,146,2469,91,2278,0,0,127,3263,105,801,127,4064,California
Kings,2021-01-21,212,4959,57,2526,155,2433,0,0,197,3443,17,818,197,4261,California
Kings,2021-01-22,102,5061,16,2542,86,2519,0,0,102,3540,5,823,102,4363,California
Kings,2021-01-23,26,5087,14,2556,12,2531,0,0,20,3554,6,829,20,4383,California
Kings,2021-01-24,4,5091,4,2560,0,2531,0,0,2,3554,2,831,2,4385,California
Kings,2021-01-25,126,5217,27,2587,99,2630,0,0,91,3610,35,866,91,4476,California
Kings,2021-01-26,153,5370,34,2621,119,2749,0,0,114,3685,39,905,114,4590,California
Kings,2021-01-27,322,5692,34,2655,288,3037,0,0,248,3860,73,978,248,4838,California
Kings,2021-01-28,329,6021,46,2701,283,3320,0,0,273,4077,56,1034,273,5111,California
Kings,2021-01-29,101,6122,26,2727,75,3395,0,0,84,4144,17,1051,84,5195,California
Kings,2021-01-30,1558,7680,31,2758,1527,4922,0,0,1555,5698,3,1054,1557,6752,California
Kings,2021-02-01,211,7891,66,2824,145,5067,0,0,82,5653,127,1181,82,6834,California
Kings,2021-02-02,237,8128,15,2839,222,5289,0,0,86,5589,150,1331,86,6920,California
Kings,2021-02-03,357,8485,191,3030,166,5455,0,0,201,5635,155,1486,201,7121,California
Kings,2021-02-04,398,8883,99,3129,299,5754,0,0,200,5638,197,1683,200,7321,California
Kings,2021-02-05,314,9197,44,3173,270,6024,0,0,155,5636,157,1840,155,7476,California
Kings,2021-02-06,61,9258,10,3183,51,6075,0,0,28,5631,33,1873,28,7504,California
Kings,2021-02-07,5,9263,3,3186,2,6077,0,0,3,5632,2,1875,3,7507,California
Kings,2021-02-08,174,9437,29,3215,145,6222,0,0,68,5594,106,1981,68,7575,California
Kings,2021-02-09,254,9691,57,3272,197,6419,0,0,110,5562,142,2123,110,7685,California
Kings,2021-02-10,286,9977,113,3385,173,6592,0,0,169,5614,117,2240,169,7854,California
Kings,2021-02-11,432,10409,65,3450,367,6959,0,0,316,5815,115,2355,316,8170,California
Kings,2021-02-12,622,11031,36,3486,586,7545,0,0,346,5886,275,2630,346,8516,California
Kings,2021-02-13,138,11169,6,3492,132,7677,0,0,112,5972,26,2656,112,8628,California
Kings,2021-02-14,102,11271,4,3496,98,7775,0,0,94,6058,8,2664,94,8722,California
Kings,2021-02-15,246,11517,5,3501,241,8016,0,0,137,6087,108,2772,137,8859,California
Kings,2021-02-16,514,12031,33,3534,481,8497,0,0,277,6128,236,3008,277,9136,California
Kings,2021-02-17,408,12439,23,3557,385,8882,0,0,271,6263,137,3145,272,9408,California
Kings,2021-02-18,156,12595,23,3580,133,9015,0,0,98,6303,58,3203,98,9506,California
Kings,2021-02-19,159,12754,24,3604,135,9150,0,0,103,6353,53,3256,103,9609,California
Kings,2021-02-20,171,12925,40,3644,131,9281,0,0,134,6450,37,3293,134,9743,California
Kings,2021-02-21,3,12928,2,3646,1,9282,0,0,3,6453,0,3293,3,9746,California
Kings,2021-02-22,110,13038,19,3665,91,9373,0,0,50,6443,60,3353,50,9796,California
Kings,2021-02-23,321,13359,70,3735,251,9624,0,0,204,6530,117,3470,204,10000,California
Kings,2021-02-24,627,13986,154,3889,473,10097,0,0,414,6732,213,3683,415,10415,California
Kings,2021-02-25,686,14672,131,4020,555,10652,0,0,466,6981,218,3901,467,10882,California
Kings,2021-02-26,704,15376,137,4157,567,11219,0,0,639,7555,65,3966,639,11521,California
Kings,2021-02-27,1516,16892,65,4222,1451,12670,0,0,580,7200,935,4901,580,12101,California
Kings,2021-02-28,1171,18063,597,4819,574,13244,0,0,674,7380,494,5395,674,12775,California
Kings,2021-03-01,267,18330,84,4903,183,13427,0,0,218,7549,49,5444,218,12993,California
Kings,2021-03-02,526,18856,244,5147,282,13709,0,0,475,7974,51,5495,476,13469,California
Kings,2021-03-03,640,19496,314,5461,326,14035,0,0,449,8234,189,5684,449,13918,California
Kings,2021-03-04,732,20228,352,5813,380,14415,0,0,632,8767,100,5784,633,14551,California
Kings,2021-03-05,1097,21325,368,6181,720,15135,9,9,968,9616,129,5913,978,15529,California
Kings,2021-03-06,514,21839,187,6368,314,15449,13,22,484,10083,30,5943,497,16026,California
Kings,2021-03-07,366,22205,224,6592,138,15587,4,26,358,10437,8,5951,362,16388,California
Kings,2021-03-08,374,22579,96,6688,225,15812,53,79,263,10641,111,6062,315,16703,California
Kings,2021-03-09,551,23130,252,6940,244,16056,55,134,443,11033,107,6169,499,17202,California
Kings,2021-03-10,575,23705,128,7068,356,16412,91,225,390,11329,184,6353,480,17682,California
Kings,2021-03-11,1036,24741,308,7376,618,17030,110,335,630,11665,404,6757,740,18422,California
Kings,2021-03-12,1379,26120,445,7821,840,17870,94,429,976,12337,401,7158,1073,19495,California
Kings,2021-03-13,682,26802,334,8155,304,18174,44,473,556,12812,126,7284,601,20096,California
Kings,2021-03-14,675,27477,101,8256,185,18359,389,862,201,12928,474,7758,590,20686,California
Kings,2021-03-15,703,28180,266,8522,322,18681,115,977,466,13275,236,7994,583,21269,California
Kings,2021-03-16,1058,29238,446,8968,550,19231,62,1039,720,13719,338,8332,782,22051,California
Kings,2021-03-17,1101,30339,418,9386,622,19853,61,1100,781,14247,321,8653,849,22900,California
Kings,2021-03-18,1124,31463,474,9860,427,20280,223,1323,774,14898,349,9002,1000,23900,California
Kings,2021-03-19,965,32428,469,10329,411,20691,85,1408,738,15508,226,9228,836,24736,California
Kings,2021-03-20,640,33068,255,10584,354,21045,31,1439,465,15838,173,9401,503,25239,California
Kings,2021-03-21,1419,34487,1088,11672,320,21365,11,1450,865,16160,554,9955,876,26115,California
Kings,2021-03-22,447,34934,199,11871,164,21529,84,1534,272,16345,175,10130,360,26475,California
Kings,2021-03-23,919,35853,508,12379,348,21877,63,1597,557,16609,360,10490,624,27099,California
Kings,2021-03-24,957,36810,487,12866,447,22324,23,1620,506,16691,449,10939,531,27630,California
Kings,2021-03-25,919,37729,466,13332,427,22751,26,1646,447,16694,470,11409,473,28103,California
Kings,2021-03-26,1294,39023,379,13711,830,23581,85,1731,515,16519,774,12183,599,28702,California
Kings,2021-03-27,642,39665,259,13970,371,23952,12,1743,158,16207,482,12665,170,28872,California
Kings,2021-03-28,672,40337,601,14571,64,24016,7,1750,405,16360,267,12932,420,29292,California
Kings,2021-03-29,467,40804,210,14781,196,24212,61,1811,259,16473,206,13138,319,29611,California
Kings,2021-03-30,858,41662,473,15254,347,24559,38,1849,425,16504,432,13570,463,30074,California
Kings,2021-03-31,767,42429,378,15632,316,24875,73,1922,423,16664,336,13906,496,30570,California
Kings,2021-04-01,780,43209,389,16021,301,25176,90,2012,353,16686,421,14327,443,31013,California
Kings,2021-04-02,1019,44228,448,16469,447,25623,124,2136,393,16584,621,14948,519,31532,California
Kings,2021-04-03,491,44719,347,16816,135,25758,9,2145,168,16445,317,15265,178,31710,California
Kings,2021-04-04,156,44875,82,16898,68,25826,6,2151,42,16380,113,15378,48,31758,California
Kings,2021-04-05,1055,45930,325,17223,477,26303,253,2404,236,16050,818,16196,488,32246,California
Kings,2021-04-06,1203,47133,450,17673,440,26743,313,2717,280,15723,920,17116,593,32839,California
Kings,2021-04-07,1366,48499,650,18323,529,27272,187,2904,358,15274,1005,18121,556,33395,California
Kings,2021-04-08,1619,50118,634,18957,732,28004,253,3157,366,14657,1246,19367,629,34024,California
Kings,2021-04-09,1157,51275,544,19501,435,28439,178,3335,235,14150,920,20287,413,34437,California
Kings,2021-04-10,592,51867,331,19832,159,28598,102,3437,170,14003,420,20707,273,34710,California
Kings,2021-04-11,353,52220,75,19907,271,28869,7,3444,194,14046,158,20865,201,34911,California
Kings,2021-04-12,703,52923,311,20218,191,29060,201,3645,195,13937,507,21372,398,35309,California
Kings,2021-04-13,907,53830,519,20737,388,29448,0,3645,290,13617,616,21988,296,35605,California
Kings,2021-04-14,1039,54869,575,21312,464,29912,0,3645,375,13329,664,22652,376,35981,California
Kings,2021-04-15,1048,55917,520,21832,527,30439,1,3646,450,13183,597,23249,451,36432,California
Kings,2021-04-16,770,56687,360,22192,410,30849,0,3646,257,12928,512,23761,257,36689,California
Kings,2021-04-17,458,57145,244,22436,214,31063,0,3646,186,12843,271,24032,186,36875,California
Kings,2021-04-18,562,57707,239,22675,323,31386,0,3646,43,12367,519,24551,43,36918,California
Kings,2021-04-19,531,58238,294,22969,237,31623,0,3646,285,12408,244,24795,285,37203,California
Kings,2021-04-20,738,58976,447,23416,291,31914,0,3646,236,12143,501,25296,236,37439,California
Kings,2021-04-21,642,59618,308,23724,334,32248,0,3646,222,11952,413,25709,222,37661,California
Kings,2021-04-22,553,60171,276,24000,277,32525,0,3646,202,11807,348,26057,203,37864,California
Kings,2021-04-23,665,60836,289,24289,376,32901,0,3646,327,11798,336,26393,327,38191,California
Kings,2021-04-24,246,61082,178,24467,67,32968,1,3647,118,11790,127,26520,119,38310,California
Kings,2021-04-25,200,61282,181,24648,19,32987,0,3647,164,11918,36,26556,164,38474,California
Kings,2021-04-26,300,61582,158,24806,139,33126,3,3650,189,12000,110,26666,192,38666,California
Kings,2021-04-27,410,61992,179,24985,212,33338,19,3669,172,11954,237,26903,191,38857,California
Kings,2021-04-28,510,62502,253,25238,237,33575,20,3689,263,11990,247,27150,283,39140,California
Kings,2021-04-29,288,62790,112,25350,165,33740,11,3700,135,11985,151,27301,146,39286,California
Kings,2021-04-30,367,63157,164,25514,186,33926,17,3717,154,11947,209,27510,171,39457,California
Kings,2021-05-01,230,63387,167,25681,53,33979,10,3727,74,11877,154,27664,84,39541,California
Kings,2021-05-02,168,63555,146,25827,22,34001,0,3727,126,11961,42,27706,126,39667,California
Kings,2021-05-03,473,64028,256,26083,204,34205,13,3740,122,11746,350,28056,135,39802,California
Kings,2021-05-04,519,64547,260,26343,239,34444,20,3760,161,11569,358,28414,181,39983,California
Kings,2021-05-05,552,65099,287,26630,245,34689,20,3780,137,11311,415,28829,157,40140,California
Kings,2021-05-06,542,65641,270,26900,249,34938,23,3803,121,11036,419,29248,144,40284,California
Kings,2021-05-07,365,66006,209,27109,142,35080,14,3817,147,10981,216,29464,161,40445,California
Kings,2021-05-08,230,66236,166,27275,52,35132,12,3829,74,10911,155,29619,85,40530,California
Kings,2021-05-09,192,66428,64,27339,128,35260,0,3829,40,10799,152,29771,40,40570,California
Kings,2021-05-10,339,66767,263,27602,66,35326,10,3839,115,10700,223,29994,124,40694,California
Kings,2021-05-11,373,67140,230,27832,115,35441,28,3867,118,10591,255,30249,146,40840,California
Kings,2021-05-12,372,67512,140,27972,219,35660,13,3880,160,10554,210,30459,173,41013,California
Kings,2021-05-13,385,67897,135,28107,232,35892,18,3898,149,10485,236,30695,167,41180,California
Kings,2021-05-14,463,68360,316,28423,116,36008,31,3929,241,10536,221,30916,272,41452,California
Kings,2021-05-15,348,68708,249,28672,82,36090,17,3946,194,10593,154,31070,211,41663,California
Kings,2021-05-16,250,68958,222,28894,27,36117,1,3947,79,10502,171,31241,80,41743,California
Kings,2021-05-17,405,69363,323,29217,65,36182,17,3964,218,10552,185,31426,235,41978,California
Kings,2021-05-18,390,69753,274,29491,103,36285,13,3977,225,10626,165,31591,239,42217,California
Kings,2021-05-19,574,70327,282,29773,270,36555,22,3999,231,10538,341,31932,253,42470,California
Kings,2021-05-20,398,70725,193,29966,178,36733,27,4026,241,10650,157,32089,269,42739,California
Kings,2021-05-21,451,71176,218,30184,223,36956,10,4036,226,10665,221,32310,236,42975,California
Kings,2021-05-22,254,71430,204,30388,39,36995,11,4047,192,10808,60,32370,203,43178,California
Kings,2021-05-23,200,71630,198,30586,2,36997,0,4047,97,10802,103,32473,97,43275,California
Kings,2021-05-24,248,71878,163,30749,71,37068,14,4061,122,10812,126,32599,136,43411,California
Kings,2021-05-25,386,72264,263,31012,102,37170,21,4082,239,10926,146,32745,260,43671,California
Kings,2021-05-26,307,72571,124,31136,164,37334,19,4101,133,10904,174,32919,152,43823,California
Kings,2021-05-27,328,72899,183,31319,127,37461,18,4119,184,10965,141,33060,202,44025,California
Kings,2021-05-28,289,73188,141,31460,130,37591,18,4137,140,10976,146,33206,157,44182,California
Kings,2021-05-29,180,73368,104,31564,63,37654,13,4150,95,11000,84,33290,108,44290,California
Kings,2021-05-30,128,73496,111,31675,15,37669,2,4152,68,11010,60,33350,70,44360,California
Kings,2021-05-31,38,73534,19,31694,17,37686,2,4154,14,11002,24,33374,16,44376,California
Kings,2021-06-01,320,73854,191,31885,113,37799,16,4170,126,10952,191,33565,141,44517,California
Kings,2021-06-02,274,74128,124,32009,142,37941,8,4178,91,10870,181,33746,99,44616,California
Kings,2021-06-03,78,74206,8,32017,65,38006,5,4183,29,10860,44,33790,34,44650,California
Lake,2020-12-17,4,4,4,4,0,0,0,0,4,4,0,0,4,4,California
Lake,2020-12-18,51,55,51,55,0,0,0,0,51,55,0,0,51,55,California
Lake,2020-12-19,3,58,3,58,0,0,0,0,3,58,0,0,3,58,California
Lake,2020-12-20,6,64,6,64,0,0,0,0,6,64,0,0,6,64,California
Lake,2020-12-21,87,151,87,151,0,0,0,0,87,151,0,0,87,151,California
Lake,2020-12-22,63,214,60,211,3,3,0,0,63,214,0,0,63,214,California
Lake,2020-12-23,124,338,115,326,9,12,0,0,124,338,0,0,124,338,California
Lake,2020-12-24,2,340,0,326,2,14,0,0,2,340,0,0,2,340,California
Lake,2020-12-26,2,342,2,328,0,14,0,0,2,342,0,0,2,342,California
Lake,2020-12-27,2,344,2,330,0,14,0,0,2,344,0,0,2,344,California
Lake,2020-12-28,52,396,43,373,9,23,0,0,52,396,0,0,52,396,California
Lake,2020-12-29,50,446,45,418,5,28,0,0,50,446,0,0,50,446,California
Lake,2020-12-30,129,575,122,540,7,35,0,0,129,575,0,0,129,575,California
Lake,2020-12-31,67,642,64,604,3,38,0,0,67,642,0,0,67,642,California
Lake,2021-01-01,1,643,0,604,1,39,0,0,1,643,0,0,1,643,California
Lake,2021-01-02,2,645,1,605,1,40,0,0,2,645,0,0,2,645,California
Lake,2021-01-04,88,733,21,626,67,107,0,0,88,733,0,0,88,733,California
Lake,2021-01-05,120,853,59,685,61,168,0,0,118,849,2,2,118,851,California
Lake,2021-01-06,105,958,65,750,40,208,0,0,103,950,2,4,103,954,California
Lake,2021-01-07,108,1066,85,835,23,231,0,0,99,1040,9,13,99,1053,California
Lake,2021-01-08,153,1219,124,959,29,260,0,0,101,1089,52,65,101,1154,California
Lake,2021-01-09,63,1282,61,1020,2,262,0,0,59,1144,4,69,59,1213,California
Lake,2021-01-10,3,1285,3,1023,0,262,0,0,0,1141,3,72,0,1213,California
Lake,2021-01-11,192,1477,151,1174,41,303,0,0,112,1173,80,152,112,1325,California
Lake,2021-01-12,81,1558,48,1222,33,336,0,0,57,1206,24,176,57,1382,California
Lake,2021-01-13,167,1725,114,1336,53,389,0,0,108,1255,59,235,108,1490,California
Lake,2021-01-14,149,1874,48,1384,101,490,0,0,127,1360,22,257,127,1617,California
Lake,2021-01-15,218,2092,92,1476,126,616,0,0,191,1524,27,284,191,1808,California
Lake,2021-01-16,134,2226,81,1557,53,669,0,0,132,1654,2,286,132,1940,California
Lake,2021-01-17,18,2244,6,1563,12,681,0,0,12,1660,6,292,12,1952,California
Lake,2021-01-18,246,2490,227,1790,19,700,0,0,125,1664,121,413,125,2077,California
Lake,2021-01-19,313,2803,119,1909,194,894,0,0,267,1886,46,459,268,2345,California
Lake,2021-01-20,423,3226,81,1990,342,1236,0,0,358,2180,64,523,358,2703,California
Lake,2021-01-21,435,3661,49,2039,386,1622,0,0,400,2545,35,558,400,3103,California
Lake,2021-01-22,319,3980,47,2086,272,1894,0,0,283,2792,36,594,283,3386,California
Lake,2021-01-23,123,4103,5,2091,118,2012,0,0,122,2913,1,595,122,3508,California
Lake,2021-01-24,5,4108,2,2093,3,2015,0,0,5,2918,0,595,5,3513,California
Lake,2021-01-25,259,4367,96,2189,163,2178,0,0,177,3013,82,677,177,3690,California
Lake,2021-01-26,430,4797,36,2225,394,2572,0,0,407,3397,23,700,407,4097,California
Lake,2021-01-27,359,5156,41,2266,318,2890,0,0,331,3701,28,728,332,4429,California
Lake,2021-01-28,498,5654,161,2427,337,3227,0,0,368,3939,130,858,368,4797,California
Lake,2021-01-29,639,6293,86,2513,553,3780,0,0,579,4458,60,918,579,5376,California
Lake,2021-01-30,553,6846,44,2557,509,4289,0,0,547,4999,6,924,547,5923,California
Lake,2021-01-31,14,6860,8,2565,6,4295,0,0,12,5009,2,926,12,5935,California
Lake,2021-02-01,180,7040,18,2583,162,4457,0,0,166,5161,14,940,166,6101,California
Lake,2021-02-02,564,7604,152,2735,412,4869,0,0,398,5393,166,1106,398,6499,California
Lake,2021-02-03,445,8049,33,2768,412,5281,0,0,340,5628,105,1211,340,6839,California
Lake,2021-02-04,121,8170,70,2838,51,5332,0,0,72,5653,49,1260,74,6913,California
Lake,2021-02-05,380,8550,70,2908,310,5642,0,0,288,5851,90,1350,288,7201,California
Lake,2021-02-06,275,8825,40,2948,235,5877,0,0,264,6104,11,1361,264,7465,California
Lake,2021-02-07,2,8827,1,2949,1,5878,0,0,2,6106,0,1361,2,7467,California
Lake,2021-02-08,279,9106,207,3156,72,5950,0,0,159,6145,120,1481,159,7626,California
Lake,2021-02-09,345,9451,24,3180,321,6271,0,0,301,6403,43,1524,301,7927,California
Lake,2021-02-10,352,9803,54,3234,298,6569,0,0,274,6599,78,1602,274,8201,California
Lake,2021-02-11,176,9979,18,3252,158,6727,0,0,58,6539,118,1720,58,8259,California
Lake,2021-02-12,374,10353,29,3281,345,7072,0,0,285,6736,88,1808,285,8544,California
Lake,2021-02-13,248,10601,7,3288,241,7313,0,0,237,6962,11,1819,237,8781,California
Lake,2021-02-14,20,10621,5,3293,15,7328,0,0,6,6954,14,1833,6,8787,California
Lake,2021-02-15,171,10792,13,3306,158,7486,0,0,8,6800,162,1995,8,8795,California
Lake,2021-02-16,424,11216,23,3329,401,7887,0,0,176,6728,248,2243,176,8971,California
Lake,2021-02-17,351,11567,54,3383,297,8184,0,0,70,6518,280,2523,70,9041,California
Lake,2021-02-18,459,12026,70,3453,389,8573,0,0,115,6289,344,2867,115,9156,California
Lake,2021-02-19,422,12448,28,3481,394,8967,0,0,94,6055,328,3195,94,9250,California
Lake,2021-02-20,295,12743,61,3542,234,9201,0,0,252,6265,42,3237,252,9502,California
Lake,2021-02-21,6,12749,6,3548,0,9201,0,0,0,6259,6,3243,0,9502,California
Lake,2021-02-22,141,12890,24,3572,117,9318,0,0,43,6204,98,3341,43,9545,California
Lake,2021-02-23,215,13105,15,3587,200,9518,0,0,28,6045,187,3528,28,9573,California
Lake,2021-02-24,958,14063,379,3966,579,10097,0,0,418,5924,539,4067,418,9991,California
Lake,2021-02-25,733,14796,468,4434,265,10362,0,0,473,6140,257,4324,473,10464,California
Lake,2021-02-26,995,15791,304,4738,691,11053,0,0,350,5848,642,4966,350,10814,California
Lake,2021-02-27,410,16201,98,4836,312,11365,0,0,328,6094,82,5048,328,11142,California
Lake,2021-02-28,17,16218,11,4847,6,11371,0,0,10,6097,7,5055,10,11152,California
Lake,2021-03-01,596,16814,53,4900,543,11914,0,0,443,6387,153,5208,443,11595,California
Lake,2021-03-02,744,17558,17,4917,727,12641,0,0,289,6221,455,5663,289,11884,California
Lake,2021-03-03,369,17927,196,5113,173,12814,0,0,146,6144,223,5886,146,12030,California
Lake,2021-03-04,579,18506,507,5620,72,12886,0,0,562,6689,17,5903,562,12592,California
Lake,2021-03-05,1048,19554,52,5672,996,13882,0,0,186,6017,858,6761,186,12778,California
Lake,2021-03-06,34,19588,9,5681,24,13906,1,1,21,6026,13,6774,22,12800,California
Lake,2021-03-07,7,19595,5,5686,2,13908,0,1,4,6027,3,6777,4,12804,California
Lake,2021-03-08,339,19934,267,5953,63,13971,9,10,299,6295,40,6817,308,13112,California
Lake,2021-03-09,930,20864,42,5995,871,14842,17,27,406,6195,523,7340,423,13535,California
Lake,2021-03-10,205,21069,60,6055,131,14973,14,41,135,6275,70,7410,150,13685,California
Lake,2021-03-11,585,21654,48,6103,62,15035,475,516,47,6259,538,7948,522,14207,California
Lake,2021-03-12,851,22505,203,6306,623,15658,25,541,362,6158,488,8436,387,14594,California
Lake,2021-03-13,279,22784,22,6328,21,15679,236,777,16,6147,262,8698,251,14845,California
Lake,2021-03-14,11,22795,2,6330,9,15688,0,777,7,6150,4,8702,7,14852,California
Lake,2021-03-15,642,23437,14,6344,611,16299,17,794,482,6489,160,8862,499,15351,California
Lake,2021-03-16,1115,24552,835,7179,263,16562,17,811,444,6282,667,9529,460,15811,California
Lake,2021-03-17,248,24800,121,7300,105,16667,22,833,92,6240,156,9685,114,15925,California
Lake,2021-03-18,748,25548,373,7673,338,17005,37,870,371,6271,376,10061,407,16332,California
Lake,2021-03-19,582,26130,315,7988,247,17252,20,890,475,6660,106,10167,495,16827,California
Lake,2021-03-20,250,26380,9,7997,238,17490,3,893,31,6477,217,10384,34,16861,California
Lake,2021-03-21,16,26396,11,8008,4,17494,1,894,11,6484,5,10389,12,16873,California
Lake,2021-03-22,337,26733,256,8264,67,17561,14,908,251,6663,86,10475,265,17138,California
Lake,2021-03-23,429,27162,21,8285,395,17956,13,921,364,6976,64,10539,377,17515,California
Lake,2021-03-24,423,27585,62,8347,353,18309,8,929,326,7215,96,10635,335,17850,California
Lake,2021-03-25,676,28261,485,8832,185,18494,6,935,178,6900,498,11133,183,18033,California
Lake,2021-03-26,68,28329,33,8865,34,18528,1,936,32,6897,36,11169,33,18066,California
Lake,2021-03-27,309,28638,7,8872,299,18827,3,939,17,6627,290,11459,20,18086,California
Lake,2021-03-28,17,28655,8,8880,9,18836,0,939,11,6632,6,11465,11,18097,California
Lake,2021-03-29,989,29644,286,9166,701,19537,2,941,205,6057,782,12247,207,18304,California
Lake,2021-03-30,464,30108,315,9481,147,19684,2,943,366,6328,97,12344,368,18672,California
Lake,2021-03-31,616,30724,60,9541,556,20240,0,943,434,6589,173,12517,434,19106,California
Lake,2021-04-01,448,31172,234,9775,202,20442,12,955,187,6531,257,12774,199,19305,California
Lake,2021-04-02,222,31394,41,9816,153,20595,28,983,97,6531,125,12899,125,19430,California
Lake,2021-04-03,32,31426,6,9822,23,20618,3,986,13,6528,19,12918,16,19446,California
Lake,2021-04-04,20,31446,11,9833,7,20625,2,988,15,6540,5,12923,17,19463,California
Lake,2021-04-05,642,32088,70,9903,553,21178,19,1007,402,6724,237,13160,421,19884,California
Lake,2021-04-06,477,32565,17,9920,434,21612,26,1033,304,6882,172,13332,330,20214,California
Lake,2021-04-07,522,33087,57,9977,414,22026,51,1084,353,7120,167,13499,405,20619,California
Lake,2021-04-08,604,33691,493,10470,45,22071,66,1150,103,6795,498,13997,173,20792,California
Lake,2021-04-09,281,33972,39,10509,173,22244,69,1219,48,6681,230,14227,116,20908,California
Lake,2021-04-10,254,34226,15,10524,14,22258,225,1444,10,6672,244,14471,235,21143,California
Lake,2021-04-11,22,34248,17,10541,3,22261,2,1446,7,6666,15,14486,9,21152,California
Lake,2021-04-12,1068,35316,232,10773,803,23064,33,1479,237,6106,830,15316,270,21422,California
Lake,2021-04-13,181,35497,110,10883,71,23135,0,1479,54,6034,127,15443,55,21477,California
Lake,2021-04-14,614,36111,38,10921,576,23711,0,1479,549,6519,64,15507,549,22026,California
Lake,2021-04-15,640,36751,192,11113,448,24159,0,1479,331,6541,309,15816,331,22357,California
Lake,2021-04-16,265,37016,30,11143,234,24393,1,1480,74,6426,190,16006,75,22432,California
Lake,2021-04-17,43,37059,12,11155,31,24424,0,1480,33,6449,10,16016,33,22465,California
Lake,2021-04-18,8,37067,5,11160,3,24427,0,1480,0,6441,8,16024,0,22465,California
Lake,2021-04-19,297,37364,38,11198,259,24686,0,1480,246,6636,51,16075,246,22711,California
Lake,2021-04-20,691,38055,277,11475,414,25100,0,1480,91,6129,599,16674,92,22803,California
Lake,2021-04-21,533,38588,64,11539,469,25569,0,1480,199,5994,334,17008,199,23002,California
Lake,2021-04-22,467,39055,50,11589,417,25986,0,1480,318,6164,148,17156,318,23320,California
Lake,2021-04-23,116,39171,60,11649,56,26042,0,1480,69,6187,46,17202,69,23389,California
Lake,2021-04-24,53,39224,9,11658,44,26086,0,1480,39,6212,14,17216,39,23428,California
Lake,2021-04-25,36,39260,19,11677,17,26103,0,1480,24,6224,12,17228,24,23452,California
Lake,2021-04-26,289,39549,80,11757,208,26311,1,1481,85,6106,204,17432,86,23538,California
Lake,2021-04-27,244,39793,22,11779,204,26515,18,1499,81,6042,163,17595,99,23637,California
Lake,2021-04-28,508,40301,48,11827,445,26960,15,1514,89,5728,417,18012,103,23740,California
Lake,2021-04-29,214,40515,84,11911,114,27074,16,1530,114,5758,100,18112,130,23870,California
Lake,2021-04-30,290,40805,46,11957,213,27287,31,1561,150,5799,140,18252,181,24051,California
Lake,2021-05-01,47,40852,26,11983,19,27306,2,1563,32,5818,15,18267,34,24085,California
Lake,2021-05-02,18,40870,9,11992,8,27314,1,1564,9,5819,9,18276,10,24095,California
Lake,2021-05-03,411,41281,27,12019,349,27663,35,1599,64,5572,346,18622,99,24194,California
Lake,2021-05-04,404,41685,216,12235,140,27803,48,1647,124,5465,279,18901,172,24366,California
Lake,2021-05-05,630,42315,45,12280,573,28376,12,1659,87,5023,540,19441,98,24464,California
Lake,2021-05-06,142,42457,19,12299,94,28470,29,1688,73,5055,69,19510,101,24565,California
Lake,2021-05-07,166,42623,30,12329,116,28586,20,1708,102,5115,62,19572,122,24687,California
Lake,2021-05-08,43,42666,8,12337,35,28621,0,1708,36,5144,7,19579,36,24723,California
Lake,2021-05-09,17,42683,2,12339,10,28631,5,1713,10,5152,7,19586,15,24738,California
Lake,2021-05-10,244,42927,12,12351,205,28836,27,1740,59,5054,184,19770,86,24824,California
Lake,2021-05-11,195,43122,27,12378,151,28987,17,1757,117,5111,78,19848,135,24959,California
Lake,2021-05-12,541,43663,31,12409,490,29477,20,1777,55,4699,486,20334,74,25033,California
Lake,2021-05-13,302,43965,58,12467,231,29708,13,1790,66,4544,234,20568,79,25112,California
Lake,2021-05-14,264,44229,81,12548,164,29872,19,1809,161,4622,101,20669,179,25291,California
Lake,2021-05-15,45,44274,18,12566,24,29896,3,1812,27,4634,18,20687,30,25321,California
Lake,2021-05-16,32,44306,18,12584,13,29909,1,1813,17,4637,15,20702,18,25339,California
Lake,2021-05-17,315,44621,44,12628,256,30165,15,1828,84,4508,228,20930,99,25438,California
Lake,2021-05-18,303,44924,67,12695,217,30382,19,1847,175,4575,127,21057,194,25632,California
Lake,2021-05-19,312,45236,57,12752,240,30622,15,1862,88,4455,223,21280,103,25735,California
Lake,2021-05-20,227,45463,60,12812,156,30778,11,1873,90,4419,137,21417,101,25836,California
Lake,2021-05-21,259,45722,53,12865,183,30961,23,1896,103,4391,154,21571,126,25962,California
Lake,2021-05-22,87,45809,51,12916,34,30995,2,1898,45,4396,42,21613,47,26009,California
Lake,2021-05-23,51,45860,27,12943,23,31018,1,1899,27,4400,24,21637,28,26037,California
Lake,2021-05-24,152,46012,36,12979,103,31121,13,1912,70,4401,82,21719,83,26120,California
Lake,2021-05-25,199,46211,51,13030,134,31255,14,1926,72,4361,126,21845,86,26206,California
Lake,2021-05-26,150,46361,45,13075,93,31348,12,1938,53,4331,95,21940,65,26271,California
Lake,2021-05-27,159,46520,45,13120,100,31448,14,1952,62,4311,96,22036,76,26347,California
Lake,2021-05-28,204,46724,22,13142,149,31597,33,1985,48,4235,156,22192,80,26427,California
Lake,2021-05-29,40,46764,14,13156,21,31618,5,1990,17,4234,23,22215,22,26449,California
Lake,2021-05-30,22,46786,7,13163,13,31631,2,1992,12,4238,10,22225,14,26463,California
Lake,2021-05-31,55,46841,19,13182,35,31666,1,1993,47,4278,8,22233,48,26511,California
Lake,2021-06-01,203,47044,43,13225,151,31817,9,2002,71,4226,131,22364,79,26590,California
Lake,2021-06-02,128,47172,46,13271,71,31888,11,2013,51,4211,77,22441,62,26652,California
Lake,2021-06-03,105,47277,30,13301,62,31950,13,2026,52,4223,53,22494,65,26717,California
Lassen,2020-12-16,8,8,8,8,0,0,0,0,8,8,0,0,8,8,California
Lassen,2020-12-17,6,14,6,14,0,0,0,0,6,14,0,0,6,14,California
Lassen,2020-12-18,1,15,1,15,0,0,0,0,1,15,0,0,1,15,California
Lassen,2020-12-19,5,20,5,20,0,0,0,0,5,20,0,0,5,20,California
Lassen,2020-12-20,2,22,2,22,0,0,0,0,2,22,0,0,2,22,California
Lassen,2020-12-21,11,33,11,33,0,0,0,0,11,33,0,0,11,33,California
Lassen,2020-12-22,22,55,22,55,0,0,0,0,22,55,0,0,22,55,California
Lassen,2020-12-23,6,61,6,61,0,0,0,0,6,61,0,0,6,61,California
Lassen,2020-12-24,11,72,11,72,0,0,0,0,11,72,0,0,11,72,California
Lassen,2020-12-28,3,75,2,74,1,1,0,0,3,75,0,0,3,75,California
Lassen,2020-12-29,35,110,35,109,0,1,0,0,35,110,0,0,35,110,California
Lassen,2020-12-30,36,146,35,144,1,2,0,0,36,146,0,0,36,146,California
Lassen,2020-12-31,49,195,42,186,7,9,0,0,49,195,0,0,49,195,California
Lassen,2021-01-02,1,196,0,186,1,10,0,0,1,196,0,0,1,196,California
Lassen,2021-01-04,15,211,2,188,13,23,0,0,15,211,0,0,15,211,California
Lassen,2021-01-05,193,404,52,240,141,164,0,0,193,404,0,0,193,404,California
Lassen,2021-01-06,95,499,44,284,51,215,0,0,87,484,8,8,88,492,California
Lassen,2021-01-07,43,542,7,291,36,251,0,0,37,515,6,14,37,529,California
Lassen,2021-01-08,50,592,2,293,48,299,0,0,50,565,0,14,50,579,California
Lassen,2021-01-09,12,604,6,299,6,305,0,0,12,577,0,14,12,591,California
Lassen,2021-01-11,27,631,5,304,22,327,0,0,27,604,0,14,27,618,California
Lassen,2021-01-12,48,679,28,332,20,347,0,0,30,616,18,32,30,648,California
Lassen,2021-01-13,162,841,19,351,143,490,0,0,147,748,15,47,147,795,California
Lassen,2021-01-14,162,1003,18,369,144,634,0,0,150,886,12,59,150,945,California
Lassen,2021-01-15,32,1035,6,375,26,660,0,0,32,918,0,59,32,977,California
Lassen,2021-01-16,34,1069,33,408,1,661,0,0,34,952,0,59,34,1011,California
Lassen,2021-01-17,1,1070,0,408,1,662,0,0,1,953,0,59,1,1012,California
Lassen,2021-01-18,5,1075,2,410,3,665,0,0,4,956,1,60,4,1016,California
Lassen,2021-01-19,186,1261,36,446,150,815,0,0,158,1086,28,88,158,1174,California
Lassen,2021-01-20,188,1449,100,546,88,903,0,0,105,1123,68,156,105,1279,California
Lassen,2021-01-21,145,1594,93,639,52,955,0,0,121,1226,18,174,121,1400,California
Lassen,2021-01-22,31,1625,18,657,13,968,0,0,21,1237,10,184,21,1421,California
Lassen,2021-01-23,2,1627,0,657,2,970,0,0,2,1239,0,184,2,1423,California
Lassen,2021-01-24,1,1628,0,657,1,971,0,0,1,1240,0,184,1,1424,California
Lassen,2021-01-25,12,1640,1,658,11,982,0,0,11,1250,1,185,11,1435,California
Lassen,2021-01-26,126,1766,12,670,114,1096,0,0,122,1368,4,189,122,1557,California
Lassen,2021-01-27,87,1853,35,705,52,1148,0,0,69,1419,18,207,69,1626,California
Lassen,2021-01-28,85,1938,15,720,70,1218,0,0,84,1502,1,208,84,1710,California
Lassen,2021-01-29,23,1961,7,727,16,1234,0,0,22,1523,1,209,22,1732,California
Lassen,2021-02-01,61,2022,4,731,57,1291,0,0,36,1534,25,234,36,1768,California
Lassen,2021-02-02,177,2199,12,743,165,1456,0,0,44,1445,133,367,44,1812,California
Lassen,2021-02-03,96,2295,21,764,75,1531,0,0,50,1449,46,413,50,1862,California
Lassen,2021-02-04,112,2407,15,779,97,1628,0,0,63,1463,49,462,63,1925,California
Lassen,2021-02-05,66,2473,12,791,54,1682,0,0,24,1445,42,504,24,1949,California
Lassen,2021-02-06,69,2542,34,825,35,1717,0,0,36,1449,32,536,36,1985,California
Lassen,2021-02-07,1,2543,1,826,0,1717,0,0,1,1450,0,536,1,1986,California
Lassen,2021-02-08,44,2587,4,830,40,1757,0,0,18,1442,26,562,18,2004,California
Lassen,2021-02-09,128,2715,7,837,121,1878,0,0,49,1412,79,641,49,2053,California
Lassen,2021-02-10,182,2897,21,858,161,2039,0,0,74,1378,108,749,74,2127,California
Lassen,2021-02-11,183,3080,16,874,167,2206,0,0,80,1356,102,851,80,2207,California
Lassen,2021-02-12,42,3122,11,885,31,2237,0,0,15,1344,27,878,15,2222,California
Lassen,2021-02-13,11,3133,3,888,8,2245,0,0,9,1351,2,880,9,2231,California
Lassen,2021-02-14,13,3146,0,888,13,2258,0,0,12,1362,1,881,12,2243,California
Lassen,2021-02-15,22,3168,3,891,19,2277,0,0,17,1375,4,885,17,2260,California
Lassen,2021-02-16,192,3360,4,895,188,2465,0,0,30,1245,160,1045,30,2290,California
Lassen,2021-02-17,183,3543,94,989,89,2554,0,0,10,1082,173,1218,10,2300,California
Lassen,2021-02-18,79,3622,22,1011,57,2611,0,0,19,1041,60,1278,19,2319,California
Lassen,2021-02-19,80,3702,60,1071,20,2631,0,0,17,995,63,1341,17,2336,California
Lassen,2021-02-20,8,3710,0,1071,8,2639,0,0,6,999,2,1343,6,2342,California
Lassen,2021-02-21,22,3732,2,1073,20,2659,0,0,18,1013,4,1347,18,2360,California
Lassen,2021-02-22,24,3756,10,1083,14,2673,0,0,6,1001,18,1365,6,2366,California
Lassen,2021-02-23,155,3911,11,1094,144,2817,0,0,43,932,112,1477,43,2409,California
Lassen,2021-02-24,164,4075,16,1110,148,2965,0,0,106,981,57,1534,106,2515,California
Lassen,2021-02-25,158,4233,21,1131,137,3102,0,0,99,1021,59,1593,99,2614,California
Lassen,2021-02-26,73,4306,16,1147,57,3159,0,0,36,1020,37,1630,36,2650,California
Lassen,2021-02-27,8,4314,7,1154,1,3160,0,0,3,1018,5,1635,3,2653,California
Lassen,2021-02-28,5,4319,0,1154,5,3165,0,0,3,1019,2,1637,3,2656,California
Lassen,2021-03-01,42,4361,4,1158,38,3203,0,0,8,994,33,1670,8,2664,California
Lassen,2021-03-02,106,4467,7,1165,99,3302,0,0,80,1049,25,1695,80,2744,California
Lassen,2021-03-03,167,4634,12,1177,155,3457,0,0,110,1102,57,1752,110,2854,California
Lassen,2021-03-04,149,4783,17,1194,132,3589,0,0,98,1150,50,1802,98,2952,California
Lassen,2021-03-05,49,4832,7,1201,18,3607,24,24,11,1147,38,1840,35,2987,California
Lassen,2021-03-06,55,4887,4,1205,29,3636,22,46,5,1124,50,1890,27,3014,California
Lassen,2021-03-07,57,4944,2,1207,0,3636,55,101,2,1126,55,1945,57,3071,California
Lassen,2021-03-08,89,5033,2,1209,7,3643,80,181,3,1123,86,2031,83,3154,California
Lassen,2021-03-09,137,5170,11,1220,109,3752,17,198,89,1181,48,2079,106,3260,California
Lassen,2021-03-10,173,5343,10,1230,161,3913,2,200,79,1169,93,2172,81,3341,California
Lassen,2021-03-11,183,5526,15,1245,161,4074,7,207,111,1218,69,2241,118,3459,California
Lassen,2021-03-12,34,5560,17,1262,13,4087,4,211,12,1212,22,2263,16,3475,California
Lassen,2021-03-13,48,5608,0,1262,2,4089,46,257,1,1211,47,2310,46,3521,California
Lassen,2021-03-14,14,5622,2,1264,11,4100,1,258,2,1202,12,2322,3,3524,California
Lassen,2021-03-15,34,5656,3,1267,31,4131,0,258,16,1200,18,2340,16,3540,California
Lassen,2021-03-16,93,5749,2,1269,85,4216,6,264,74,1261,19,2359,80,3620,California
Lassen,2021-03-17,1083,6832,9,1278,1069,5285,5,269,1064,2311,19,2378,1069,4689,California
Lassen,2021-03-18,93,6925,9,1287,83,5368,1,270,80,2379,13,2391,81,4770,California
Lassen,2021-03-19,17,6942,11,1298,2,5370,4,274,7,2380,10,2401,11,4781,California
Lassen,2021-03-20,28,6970,3,1301,22,5392,3,277,21,2397,7,2408,24,4805,California
Lassen,2021-03-21,34,7004,0,1301,34,5426,0,277,14,2392,19,2427,14,4819,California
Lassen,2021-03-22,58,7062,1,1302,57,5483,0,277,55,2444,3,2430,55,4874,California
Lassen,2021-03-23,120,7182,11,1313,108,5591,1,278,67,2459,53,2483,68,4942,California
Lassen,2021-03-24,213,7395,13,1326,199,5790,1,279,107,2463,104,2587,108,5050,California
Lassen,2021-03-25,152,7547,21,1347,131,5921,0,279,69,2449,83,2670,69,5119,California
Lassen,2021-03-26,78,7625,13,1360,26,5947,39,318,19,2448,58,2728,57,5176,California
Lassen,2021-03-27,19,7644,3,1363,1,5948,15,333,2,2448,17,2745,17,5193,California
Lassen,2021-03-28,18,7662,3,1366,5,5953,10,343,3,2446,15,2760,13,5206,California
Lassen,2021-03-29,52,7714,0,1366,27,5980,25,368,20,2460,31,2791,45,5251,California
Lassen,2021-03-30,197,7911,10,1376,161,6141,26,394,52,2393,145,2936,78,5329,California
Lassen,2021-03-31,147,8058,12,1388,113,6254,22,416,62,2393,84,3020,84,5413,California
Lassen,2021-04-01,165,8223,15,1403,131,6385,19,435,48,2344,116,3136,67,5480,California
Lassen,2021-04-02,30,8253,4,1407,3,6388,23,458,2,2341,28,3164,25,5505,California
Lassen,2021-04-03,12,8265,0,1407,2,6390,10,468,0,2339,12,3176,10,5515,California
Lassen,2021-04-04,7,8272,2,1409,0,6390,5,473,1,2339,6,3182,6,5521,California
Lassen,2021-04-05,22,8294,4,1413,11,6401,7,480,11,2346,11,3193,18,5539,California
Lassen,2021-04-06,183,8477,9,1422,144,6545,30,510,52,2297,131,3324,82,5621,California
Lassen,2021-04-07,134,8611,6,1428,91,6636,37,547,32,2266,102,3426,71,5692,California
Lassen,2021-04-08,166,8777,8,1436,102,6738,56,603,31,2222,131,3557,87,5779,California
Lassen,2021-04-09,51,8828,6,1442,10,6748,35,638,8,2222,42,3599,42,5821,California
Lassen,2021-04-10,9,8837,0,1442,2,6750,7,645,0,2221,8,3607,7,5828,California
Lassen,2021-04-11,5,8842,2,1444,0,6750,3,648,2,2223,3,3610,5,5833,California
Lassen,2021-04-12,31,8873,3,1447,15,6765,13,661,3,2211,28,3638,16,5849,California
Lassen,2021-04-13,129,9002,6,1453,123,6888,0,661,40,2163,88,3726,40,5889,California
Lassen,2021-04-14,987,9989,16,1469,971,7859,0,661,50,1277,936,4662,50,5939,California
Lassen,2021-04-15,147,10136,14,1483,133,7992,0,661,19,1168,128,4790,19,5958,California
Lassen,2021-04-16,12,10148,4,1487,8,8000,0,661,5,1166,7,4797,5,5963,California
Lassen,2021-04-17,22,10170,2,1489,20,8020,0,661,4,1152,18,4815,4,5967,California
Lassen,2021-04-18,5,10175,2,1491,3,8023,0,661,2,1151,3,4818,2,5969,California
Lassen,2021-04-19,32,10207,0,1491,32,8055,0,661,16,1151,16,4834,16,5985,California
Lassen,2021-04-20,138,10345,7,1498,131,8186,0,661,52,1117,86,4920,52,6037,California
Lassen,2021-04-21,164,10509,10,1508,154,8340,0,661,32,1019,130,5050,32,6069,California
Lassen,2021-04-22,103,10612,17,1525,86,8426,0,661,33,982,70,5120,33,6102,California
Lassen,2021-04-23,26,10638,1,1526,25,8451,0,661,20,996,6,5126,20,6122,California
Lassen,2021-04-24,9,10647,5,1531,4,8455,0,661,3,993,6,5132,3,6125,California
Lassen,2021-04-25,5,10652,0,1531,4,8459,1,662,3,995,2,5134,4,6129,California
Lassen,2021-04-26,40,10692,0,1531,36,8495,4,666,7,973,33,5167,11,6140,California
Lassen,2021-04-27,124,10816,9,1540,111,8606,4,670,70,993,54,5221,74,6214,California
Lassen,2021-04-28,84,10900,8,1548,74,8680,2,672,31,973,53,5274,33,6247,California
Lassen,2021-04-29,65,10965,6,1554,56,8736,3,675,22,956,42,5316,25,6272,California
Lassen,2021-04-30,13,10978,8,1562,2,8738,3,678,4,954,9,5325,7,6279,California
Lassen,2021-05-01,4,10982,0,1562,3,8741,1,679,3,957,1,5326,4,6283,California
Lassen,2021-05-02,11,10993,7,1569,4,8745,0,679,7,960,4,5330,7,6290,California
Lassen,2021-05-03,18,11011,1,1570,10,8755,7,686,3,955,15,5345,10,6300,California
Lassen,2021-05-04,71,11082,4,1574,59,8814,8,694,20,932,51,5396,28,6328,California
Lassen,2021-05-05,81,11163,4,1578,67,8881,10,704,26,914,54,5450,36,6364,California
Lassen,2021-05-06,83,11246,21,1599,40,8921,22,726,24,901,59,5509,46,6410,California
Lassen,2021-05-07,47,11293,32,1631,10,8931,5,731,39,937,8,5517,44,6454,California
Lassen,2021-05-08,11,11304,0,1631,5,8936,6,737,4,940,7,5524,10,6464,California
Lassen,2021-05-09,3,11307,1,1632,0,8936,2,739,0,939,3,5527,2,6466,California
Lassen,2021-05-10,13,11320,1,1633,9,8945,3,742,7,943,6,5533,10,6476,California
Lassen,2021-05-11,71,11391,2,1635,60,9005,9,751,20,921,51,5584,29,6505,California
Lassen,2021-05-12,41,11432,4,1639,32,9037,5,756,12,909,29,5613,17,6522,California
Lassen,2021-05-13,37,11469,11,1650,21,9058,5,761,12,901,25,5638,17,6539,California
Lassen,2021-05-14,23,11492,5,1655,10,9068,8,769,12,910,11,5649,20,6559,California
Lassen,2021-05-15,16,11508,2,1657,4,9072,10,779,4,912,12,5661,14,6573,California
Lassen,2021-05-16,7,11515,2,1659,3,9075,2,781,2,912,4,5665,4,6577,California
Lassen,2021-05-17,35,11550,3,1662,20,9095,12,793,11,911,24,5689,23,6600,California
Lassen,2021-05-18,95,11645,12,1674,70,9165,13,806,31,891,64,5753,44,6644,California
Lassen,2021-05-19,64,11709,6,1680,47,9212,11,817,11,860,52,5805,21,6665,California
Lassen,2021-05-20,32,11741,7,1687,16,9228,9,826,11,859,21,5826,20,6685,California
Lassen,2021-05-21,65,11806,31,1718,21,9249,13,839,35,877,30,5856,48,6733,California
Lassen,2021-05-22,17,11823,2,1720,7,9256,8,847,7,882,10,5866,15,6748,California
Lassen,2021-05-23,7,11830,4,1724,2,9258,1,848,1,878,6,5872,2,6750,California
Lassen,2021-05-24,13,11843,1,1725,9,9267,3,851,6,881,6,5878,9,6759,California
Lassen,2021-05-25,98,11941,5,1730,86,9353,7,858,32,854,66,5944,39,6798,California
Lassen,2021-05-26,59,12000,2,1732,43,9396,14,872,12,833,47,5991,26,6824,California
Lassen,2021-05-27,43,12043,17,1749,18,9414,8,880,11,821,31,6022,19,6843,California
Lassen,2021-05-28,72,12115,45,1794,19,9433,8,888,31,819,41,6063,39,6882,California
Lassen,2021-05-29,15,12130,1,1795,12,9445,2,890,9,824,6,6069,11,6893,California
Lassen,2021-05-30,2,12132,1,1796,0,9445,1,891,0,823,2,6071,1,6894,California
Lassen,2021-05-31,7,12139,0,1796,6,9451,1,892,1,819,6,6077,2,6896,California
Lassen,2021-06-01,46,12185,4,1800,35,9486,7,899,16,812,30,6107,23,6919,California
Lassen,2021-06-02,57,12242,2,1802,41,9527,14,913,14,798,42,6149,28,6947,California
Lassen,2021-06-03,17,12259,6,1808,8,9535,3,916,4,792,13,6162,7,6954,California
Los Angeles,2020-12-15,396,396,396,396,0,0,0,0,396,396,0,0,396,396,California
Los Angeles,2020-12-16,3587,3983,3587,3983,0,0,0,0,3587,3983,0,0,3587,3983,California
Los Angeles,2020-12-17,10293,14276,10293,14276,0,0,0,0,10294,14277,0,0,10294,14277,California
Los Angeles,2020-12-18,14559,28835,14536,28812,23,23,0,0,14559,28836,0,0,14559,28836,California
Los Angeles,2020-12-19,7234,36069,7225,36037,9,32,0,0,7235,36071,0,0,7235,36071,California
Los Angeles,2020-12-20,4606,40675,4598,40635,8,40,0,0,4608,40679,0,0,4608,40679,California
Los Angeles,2020-12-21,13735,54410,13718,54353,17,57,0,0,13735,54413,1,1,13735,54414,California
Los Angeles,2020-12-22,11553,65963,11162,65515,391,448,0,0,11554,65966,1,2,11554,65968,California
Los Angeles,2020-12-23,11977,77940,10207,75722,1770,2218,0,0,11977,77943,0,2,11977,77945,California
Los Angeles,2020-12-24,7041,84981,4268,79990,2773,4991,0,0,7043,84986,0,2,7043,84988,California
Los Angeles,2020-12-25,529,85510,422,80412,107,5098,0,0,529,85515,0,2,529,85517,California
Los Angeles,2020-12-26,2543,88053,2191,82603,352,5450,0,0,2542,88056,1,3,2542,88059,California
Los Angeles,2020-12-27,1774,89827,1036,83639,738,6188,0,0,1774,89830,0,3,1774,89833,California
Los Angeles,2020-12-28,10332,100159,6404,90043,3928,10116,0,0,10329,100158,1,4,10329,100162,California
Los Angeles,2020-12-29,11619,111778,6087,96130,5532,15648,0,0,11620,111778,0,4,11620,111782,California
Los Angeles,2020-12-30,14893,126671,8100,104230,6793,22441,0,0,14892,126670,0,4,14892,126674,California
Los Angeles,2020-12-31,7959,134630,2764,106994,5195,27636,0,0,7956,134624,2,6,7956,134630,California
Los Angeles,2021-01-01,1041,135671,293,107287,748,28384,0,0,1041,135665,0,6,1041,135671,California
Los Angeles,2021-01-02,4488,140159,1672,108959,2816,31200,0,0,4488,140153,0,6,4488,140159,California
Los Angeles,2021-01-03,957,141116,220,109179,737,31937,0,0,956,141108,1,7,956,141115,California
Los Angeles,2021-01-04,12742,153858,4903,114082,7839,39776,0,0,12727,153832,3,10,12727,153842,California
Los Angeles,2021-01-05,16094,169952,7115,121197,8979,48755,0,0,14178,166127,1888,1898,14183,168025,California
Los Angeles,2021-01-06,22727,192679,12100,133297,10627,59382,0,0,17090,177659,5568,7466,17100,185125,California
Los Angeles,2021-01-07,29425,222104,15833,149130,13592,72974,0,0,18869,186035,10508,17974,18884,204009,California
Los Angeles,2021-01-08,33193,255297,17938,167068,15255,88229,0,0,20922,194723,12245,30219,20933,224942,California
Los Angeles,2021-01-09,12402,267699,7097,174165,5305,93534,0,0,7515,197362,4884,35103,7523,232465,California
Los Angeles,2021-01-10,4699,272398,3643,177808,1056,94590,0,0,1965,196594,2734,37837,1966,234431,California
Los Angeles,2021-01-11,25857,298255,16282,194090,9575,104165,0,0,14900,200558,10946,48783,14910,249341,California
Los Angeles,2021-01-12,29382,327637,16208,210298,13174,117339,0,0,19233,209672,10131,58914,19245,268586,California
Los Angeles,2021-01-13,29327,356964,15655,225953,13672,131011,0,0,20363,221094,8946,67860,20368,288954,California
Los Angeles,2021-01-14,29305,386269,12702,238655,16603,147614,0,0,23775,239370,5511,73371,23787,312741,California
Los Angeles,2021-01-15,33869,420138,12369,251024,21500,169114,0,0,30285,266105,3558,76929,30293,343034,California
Los Angeles,2021-01-16,17596,437734,4966,255990,12630,181744,0,0,15812,280146,1776,78705,15817,358851,California
Los Angeles,2021-01-17,5207,442941,2317,258307,2890,184634,0,0,4959,284860,247,78952,4961,363812,California
Los Angeles,2021-01-18,15652,458593,10106,268413,5546,190180,0,0,10925,291072,4715,83667,10927,374739,California
Los Angeles,2021-01-19,38662,497255,20639,289052,18023,208203,0,0,30845,314153,7776,91443,30857,405596,California
Los Angeles,2021-01-20,46322,543577,24171,313223,22151,230354,0,0,38829,345530,7462,98905,38839,444435,California
Los Angeles,2021-01-21,48827,592404,22391,335614,26436,256790,0,0,44540,385863,4222,103127,44555,488990,California
Los Angeles,2021-01-22,48178,640582,22341,357955,25837,282627,0,0,44736,427216,3395,106522,44748,533738,California
Los Angeles,2021-01-23,34099,674681,15734,373689,18365,300992,0,0,32033,457229,2033,108555,32046,565784,California
Los Angeles,2021-01-24,15751,690432,12222,385911,3529,304521,0,0,15202,471892,542,109097,15205,580989,California
Los Angeles,2021-01-25,39396,729828,16629,402540,22767,327288,0,0,30752,494046,8614,117711,30768,611757,California
Los Angeles,2021-01-26,49560,779388,24575,427115,24985,352273,0,0,41322,527185,8202,125913,41341,653098,California
Los Angeles,2021-01-27,50927,830315,25906,453021,25021,377294,0,0,41511,559445,9274,135187,41534,694632,California
Los Angeles,2021-01-28,48854,879169,23377,476398,25477,402771,0,0,40397,591523,8334,143521,40412,735044,California
Los Angeles,2021-01-29,49645,928814,25598,501996,24047,426818,0,0,39535,621318,9757,153278,39552,774596,California
Los Angeles,2021-01-30,30258,959072,15591,517587,14667,441485,0,0,25960,643063,4220,157498,25965,800561,California
Los Angeles,2021-01-31,12988,972060,10335,527922,2653,444138,0,0,12167,654427,807,158305,12171,812732,California
Los Angeles,2021-02-01,38715,1010775,16564,544486,22151,466289,0,0,28155,672068,10524,168829,28165,840897,California
Los Angeles,2021-02-02,44590,1055365,17940,562426,26650,492939,0,0,32387,692300,12162,180991,32394,873291,California
Los Angeles,2021-02-03,52233,1107598,19581,582007,32652,525591,0,0,37327,714976,14659,195650,37335,910626,California
Los Angeles,2021-02-04,57217,1164815,20681,602688,36536,562127,0,0,39133,736348,17775,213425,39147,949773,California
Los Angeles,2021-02-05,61418,1226233,21143,623831,40275,602402,0,0,39423,754208,21572,234997,39432,989205,California
Los Angeles,2021-02-06,35660,1261893,13411,637242,22249,624651,0,0,27188,773023,8395,243392,27210,1016415,California
Los Angeles,2021-02-07,10902,1272795,8468,645710,2434,627085,0,0,8504,779152,2382,245774,8511,1024926,California
Los Angeles,2021-02-08,47009,1319804,21734,667444,25275,652360,0,0,30762,793803,16113,261887,30764,1055690,California
Los Angeles,2021-02-09,56024,1375828,24764,692208,31260,683620,0,0,28526,794919,27417,289304,28533,1084223,California
Los Angeles,2021-02-10,66993,1442821,29399,721607,37594,721214,0,0,30722,789763,35888,325192,30732,1114955,California
Los Angeles,2021-02-11,58427,1501248,31234,752841,27193,748407,0,0,28239,788268,29738,354930,28243,1143198,California
Los Angeles,2021-02-12,59786,1561034,29899,782740,29887,778294,0,0,26094,781040,33340,388270,26112,1169310,California
Los Angeles,2021-02-13,33958,1594992,19761,802501,14197,792491,0,0,15541,778289,18331,406601,15580,1184890,California
Los Angeles,2021-02-14,21823,1616815,14897,817398,6926,799417,0,0,8767,774067,12993,419594,8771,1193661,California
Los Angeles,2021-02-15,32898,1649713,15975,833373,16923,816340,0,0,18070,777382,14761,434355,18076,1211737,California
Los Angeles,2021-02-16,64380,1714093,32698,866071,31682,848022,0,0,29936,772987,34344,468699,29949,1241686,California
Los Angeles,2021-02-17,65003,1779096,34636,900707,30367,878389,0,0,26543,761270,38266,506965,26549,1268235,California
Los Angeles,2021-02-18,68693,1847789,34880,935587,33813,912202,0,0,28687,750149,39819,546784,28698,1296933,California
Los Angeles,2021-02-19,58433,1906222,36084,971671,22349,934551,0,0,28641,749118,29688,576472,28657,1325590,California
Los Angeles,2021-02-20,32980,1939202,24011,995682,8969,943520,0,0,15895,747985,17036,593508,15903,1341493,California
Los Angeles,2021-02-21,22234,1961436,20567,1016249,1667,945187,0,0,11098,748031,11079,604587,11125,1352618,California
Los Angeles,2021-02-22,34651,1996087,25239,1041488,9412,954599,0,0,17898,749283,16672,621259,17924,1370542,California
Los Angeles,2021-02-23,54961,2051048,23729,1065217,31232,985831,0,0,21614,737686,33223,654482,21626,1392168,California
Los Angeles,2021-02-24,65107,2116155,28984,1094201,36123,1021954,0,0,28149,729077,36779,691261,28170,1420338,California
Los Angeles,2021-02-25,74236,2190391,33981,1128182,40255,1062209,0,0,38339,731704,35725,726986,38352,1458690,California
Los Angeles,2021-02-26,83807,2274198,38801,1166983,45006,1107215,0,0,47070,742302,36502,763488,47100,1505790,California
Los Angeles,2021-02-27,60328,2334526,26540,1193523,33782,1140997,6,6,30855,743879,29307,792795,30884,1536674,California
Los Angeles,2021-02-28,26911,2361437,18569,1212092,8339,1149336,3,9,18896,754875,7909,800704,18905,1555579,California
Los Angeles,2021-03-01,56994,2418431,32380,1244472,24586,1173922,28,37,34262,766628,22553,823257,34306,1589885,California
Los Angeles,2021-03-02,77709,2496140,37767,1282239,39933,1213855,9,46,49000,787079,28570,851827,49021,1638906,California
Los Angeles,2021-03-03,84750,2580890,43259,1325498,41476,1255331,15,61,53580,809710,30995,882822,53626,1692532,California
Los Angeles,2021-03-04,90742,2671632,46601,1372099,44128,1299459,13,74,57265,833716,33291,916113,57297,1749829,California
Los Angeles,2021-03-05,90016,2761648,44447,1416546,45538,1344997,31,105,60317,864600,29501,945614,60385,1810214,California
Los Angeles,2021-03-06,67346,2828994,34329,1450875,31189,1376186,1828,1933,43421,886074,23780,969394,45254,1855468,California
Los Angeles,2021-03-07,27249,2856243,20781,1471656,5636,1381822,832,2765,21084,901850,6136,975530,21912,1877380,California
Los Angeles,2021-03-08,52794,2909037,27916,1499572,22912,1404734,1966,4731,39896,930917,12793,988323,41860,1919240,California
Los Angeles,2021-03-09,81457,2990494,38704,1538276,39475,1444209,3278,8009,51896,956670,29410,1017733,55163,1974403,California
Los Angeles,2021-03-10,83135,3073629,40920,1579196,37331,1481540,4884,12893,52629,983806,30337,1048070,57473,2031876,California
Los Angeles,2021-03-11,92827,3166456,45327,1624523,40810,1522350,6690,19583,54364,1006542,38271,1086341,61007,2092883,California
Los Angeles,2021-03-12,98985,3265441,44576,1669099,40492,1562842,13917,33500,57701,1037083,41080,1127421,71621,2164504,California
Los Angeles,2021-03-13,75728,3341169,35802,1704901,27950,1590792,11976,45476,45245,1063947,30372,1157793,57236,2221740,California
Los Angeles,2021-03-14,39095,3380264,26297,1731198,10251,1601043,2547,48023,24007,1075463,15021,1172814,26537,2248277,California
Los Angeles,2021-03-15,74954,3455218,36533,1767731,32970,1634013,5451,53474,45411,1096939,29360,1202174,50836,2299113,California
Los Angeles,2021-03-16,99929,3555147,43691,1811422,50357,1684370,5881,59355,64729,1132510,35007,1237181,70578,2369691,California
Los Angeles,2021-03-17,97195,3652342,44044,1855466,44839,1729209,8312,67667,65027,1173754,31964,1269145,73208,2442899,California
Los Angeles,2021-03-18,101893,3754235,48724,1904190,47843,1777052,5326,72993,64663,1206785,36941,1306086,69972,2512871,California
Los Angeles,2021-03-19,109198,3863433,56952,1961142,47476,1824528,4770,77763,67317,1237212,41608,1347694,72035,2584906,California
Los Angeles,2021-03-20,76367,3939800,37732,1998874,34049,1858577,4586,82349,51831,1269259,24352,1372046,56399,2641305,California
Los Angeles,2021-03-21,34633,3974433,25766,2024640,7966,1866543,901,83250,22222,1280090,12290,1384336,23121,2664426,California
Los Angeles,2021-03-22,70815,4045248,41584,2066224,27078,1893621,2153,85403,49698,1311082,20855,1405191,51847,2716273,California
Los Angeles,2021-03-23,96386,4141634,52124,2118348,41032,1934653,3230,88633,58356,1334896,37761,1442952,61575,2777848,California
Los Angeles,2021-03-24,104945,4246579,55806,2174154,45991,1980644,3148,91781,60799,1355011,43820,1486772,63935,2841783,California
Los Angeles,2021-03-25,110595,4357174,59330,2233484,47375,2028019,3890,95671,62168,1372930,48126,1534898,66045,2907828,California
Los Angeles,2021-03-26,115274,4472448,63335,2296819,47762,2075781,4177,99848,63584,1389271,51403,1586301,67744,2975572,California
Los Angeles,2021-03-27,83570,4556018,44314,2341133,37123,2112904,2133,101981,42692,1393490,40614,1626915,44833,3020405,California
Los Angeles,2021-03-28,42183,4598201,28611,2369744,12987,2125891,585,102566,20055,1392135,21995,1648910,20640,3041045,California
Los Angeles,2021-03-29,82984,4681185,47144,2416888,34068,2159959,1772,104338,46084,1403310,36694,1685604,47869,3088914,California
Los Angeles,2021-03-30,108930,4790115,52030,2468918,50968,2210927,5932,110270,56942,1414411,51749,1737353,62850,3151764,California
Los Angeles,2021-03-31,122643,4912758,62112,2531030,51693,2262620,8838,119108,68610,1438108,53729,1791082,77426,3229190,California
Los Angeles,2021-04-01,133344,5046102,62598,2593628,55352,2317972,15394,134502,71931,1464333,61083,1852165,87308,3316498,California
Los Angeles,2021-04-02,132207,5178309,58851,2652479,57822,2375794,15534,150036,70365,1488766,61504,1913669,85937,3402435,California
Los Angeles,2021-04-03,98563,5276872,45144,2697623,39806,2415600,13613,163649,48495,1500940,49882,1963551,62056,3464491,California
Los Angeles,2021-04-04,39198,5316070,20519,2718142,12044,2427644,6635,170284,16365,1501149,22755,1986306,22964,3487455,California
Los Angeles,2021-04-05,93910,5409980,44459,2762601,39182,2466826,10269,180553,44560,1506806,49144,2035450,54801,3542256,California
Los Angeles,2021-04-06,121144,5531124,57028,2819629,43782,2510608,20334,200887,55532,1517259,65362,2100812,75815,3618071,California
Los Angeles,2021-04-07,120231,5651355,54682,2874311,44377,2554985,21172,222059,54348,1527174,65625,2166437,75540,3693611,California
Los Angeles,2021-04-08,132970,5784325,58649,2932960,50200,2605185,24121,246180,60085,1538850,72601,2239038,84277,3777888,California
Los Angeles,2021-04-09,131644,5915969,56997,2989957,50655,2655840,23992,270172,56400,1544405,74951,2313989,80506,3858394,California
Los Angeles,2021-04-10,101578,6017547,43061,3033018,34435,2690275,24082,294254,37178,1541551,64169,2378158,61315,3919709,California
Los Angeles,2021-04-11,41793,6059340,22583,3055601,9656,2699931,9554,303808,14179,1537727,27533,2405691,23709,3943418,California
Los Angeles,2021-04-12,78872,6138212,38550,3094151,33966,2733897,6356,310164,32239,1529905,46428,2452119,38606,3982024,California
Los Angeles,2021-04-13,117421,6255633,59125,3153276,57870,2791767,426,310590,61920,1537052,55265,2507384,62412,4044436,California
Los Angeles,2021-04-14,118879,6374512,59548,3212824,59200,2850967,131,310721,64429,1547474,54184,2561568,64606,4109042,California
Los Angeles,2021-04-15,129875,6504387,70268,3283092,59435,2910402,172,310893,74371,1566667,55227,2616795,74420,4183462,California
Los Angeles,2021-04-16,130089,6634476,68765,3351857,61182,2971584,142,311035,68434,1573800,61373,2678168,68506,4251968,California
Los Angeles,2021-04-17,98367,6732843,51295,3403152,47047,3018631,25,311060,56168,1588009,41983,2720151,56192,4308160,California
Los Angeles,2021-04-18,34076,6766919,22463,3425615,11612,3030243,1,311061,18644,1591305,15355,2735506,18651,4326811,California
Los Angeles,2021-04-19,74858,6841777,39615,3465230,35230,3065473,13,311074,33235,1583124,41438,2776944,33257,4360068,California
Los Angeles,2021-04-20,102939,6944716,50221,3515451,52696,3118169,22,311096,51131,1582716,51563,2828507,51155,4411223,California
Los Angeles,2021-04-21,109504,7054220,52684,3568135,56630,3174799,190,311286,48250,1570224,60929,2889436,48437,4459660,California
Los Angeles,2021-04-22,116281,7170501,59743,3627878,56505,3231304,33,311319,51280,1556847,64694,2954130,51317,4510977,California
Los Angeles,2021-04-23,114268,7284769,62591,3690469,51657,3282961,20,311339,54151,1551201,59816,3013946,54170,4565147,California
Los Angeles,2021-04-24,90115,7374884,57709,3748178,32371,3315332,35,311374,50389,1562140,39493,3053439,50432,4615579,California
Los Angeles,2021-04-25,37828,7412712,25147,3773325,12676,3328008,5,311379,20426,1565272,17299,3070738,20431,4636010,California
Los Angeles,2021-04-26,70758,7483470,37520,3810845,32743,3360751,495,311874,35163,1565538,35384,3106122,35650,4671660,California
Los Angeles,2021-04-27,87785,7571255,42458,3853303,43567,3404318,1760,313634,33479,1546732,54033,3160155,35227,4706887,California
Los Angeles,2021-04-28,84791,7656046,40936,3894239,41818,3446136,2037,315671,33058,1530386,51428,3211583,35082,4741969,California
Los Angeles,2021-04-29,91332,7747378,45480,3939719,43715,3489851,2137,317808,32368,1506293,58590,3270173,34497,4776466,California
Los Angeles,2021-04-30,99028,7846406,49184,3988903,47445,3537296,2399,320207,35706,1481467,62914,3333087,38088,4814554,California
Los Angeles,2021-05-01,75113,7921519,42189,4031092,31425,3568721,1499,321706,28258,1464655,46563,3379650,29751,4844305,California
Los Angeles,2021-05-02,27918,7949437,17916,4049008,9269,3577990,733,322439,10100,1457780,17704,3397354,10829,4855134,California
Los Angeles,2021-05-03,60478,8009915,29700,4078708,28619,3606609,2159,324598,21313,1442316,38921,3436275,23457,4878591,California
Los Angeles,2021-05-04,85202,8095117,46974,4125682,36009,3642618,2219,326817,26034,1411694,58856,3495131,28234,4906825,California
Los Angeles,2021-05-05,88168,8183285,51409,4177091,34428,3677046,2331,329148,24020,1374204,63829,3558960,26339,4933164,California
Los Angeles,2021-05-06,95911,8279196,57815,4234906,35608,3712654,2488,331636,22834,1326813,72695,3631655,25304,4958468,California
Los Angeles,2021-05-07,95139,8374335,56714,4291620,36100,3748754,2325,333961,25827,1285971,68972,3700627,28130,4986598,California
Los Angeles,2021-05-08,63448,8437783,41771,4333391,20067,3768821,1610,335571,17133,1258870,45833,3746460,18732,5005330,California
Los Angeles,2021-05-09,23712,8461495,17924,4351315,5056,3773877,732,336303,6065,1248225,17436,3763896,6791,5012121,California
Los Angeles,2021-05-10,48323,8509818,25390,4376705,21093,3794970,1840,338143,14483,1231004,33535,3797431,16314,5028435,California
Los Angeles,2021-05-11,66777,8576595,35828,4412533,28948,3823918,2001,340144,17027,1200506,49505,3846936,19007,5047442,California
Los Angeles,2021-05-12,66925,8643520,36080,4448613,28729,3852647,2116,342260,18795,1173559,47843,3894779,20896,5068338,California
Los Angeles,2021-05-13,69734,8713254,42069,4490682,26032,3878679,1633,343893,24468,1154807,44837,3939616,26085,5094423,California
Los Angeles,2021-05-14,86811,8800065,55324,4546006,29683,3908362,1804,345697,32811,1135726,53689,3993305,34608,5129031,California
Los Angeles,2021-05-15,73611,8873676,52093,4598099,20048,3928410,1470,347167,28297,1120428,45055,4038360,29757,5158788,California
Los Angeles,2021-05-16,30406,8904082,24050,4622149,5752,3934162,604,347771,12009,1114738,18308,4056668,12618,5171406,California
Los Angeles,2021-05-17,61068,8965150,39886,4662035,19459,3953621,1723,349494,26256,1108138,34594,4091262,27994,5199400,California
Los Angeles,2021-05-18,63766,9028916,38229,4700264,23767,3977388,1770,351264,26767,1099920,36722,4127984,28504,5227904,California
Los Angeles,2021-05-19,66746,9095662,40468,4740732,24462,4001850,1816,353080,29384,1094000,37102,4165086,31182,5259086,California
Los Angeles,2021-05-20,52940,9148602,29816,4770548,21308,4023158,1816,354896,20793,1084754,31850,4196936,22604,5281690,California
Los Angeles,2021-05-21,55538,9204140,34546,4805094,19195,4042353,1797,356693,23144,1077581,32111,4229047,24938,5306628,California
Los Angeles,2021-05-22,44331,9248471,29593,4834687,13269,4055622,1469,358162,19041,1072965,25118,4254165,20502,5327130,California
Los Angeles,2021-05-23,14490,9262961,11359,4846046,2469,4058091,662,358824,7457,1074113,6968,4261133,8116,5335246,California
Los Angeles,2021-05-24,47584,9310545,26237,4872283,19534,4077625,1813,360637,18937,1066410,28440,4289573,20737,5355983,California
Los Angeles,2021-05-25,48831,9359376,28402,4900685,18664,4096289,1765,362402,19796,1059166,28792,4318365,21548,5377531,California
Los Angeles,2021-05-26,45805,9405181,25817,4926502,18205,4114494,1783,364185,19736,1054913,25654,4344019,21401,5398932,California
Los Angeles,2021-05-27,44485,9449666,24800,4951302,17894,4132388,1791,365976,18926,1050289,25321,4369340,20697,5419629,California
Los Angeles,2021-05-28,50799,9500465,28720,4980022,20233,4152621,1846,367822,22998,1047594,27524,4396864,24829,5444458,California
Los Angeles,2021-05-29,29460,9529925,17245,4997267,11175,4163796,1040,368862,14069,1047468,15224,4412088,15098,5459556,California
Los Angeles,2021-05-30,12304,9542229,8079,5005346,3511,4167307,714,369576,5844,1047610,6411,4418499,6553,5466109,California
Los Angeles,2021-05-31,5939,9548168,3690,5009036,1952,4169259,297,369873,1702,1045414,4192,4422691,1996,5468105,California
Los Angeles,2021-06-01,44783,9592951,25150,5034186,18093,4187352,1540,371413,17779,1038022,26685,4449376,19293,5487398,California
Los Angeles,2021-06-02,36755,9629706,21439,5055625,13875,4201227,1441,372854,15559,1034067,20927,4470303,16972,5504370,California
Los Angeles,2021-06-03,22550,9652256,15881,5071506,5693,4206920,976,373830,7620,1027872,14781,4485084,8586,5512956,California
Madera,2020-12-16,21,21,21,21,0,0,0,0,21,21,0,0,21,21,California
Madera,2020-12-17,13,34,13,34,0,0,0,0,13,34,0,0,13,34,California
Madera,2020-12-18,60,94,60,94,0,0,0,0,60,94,0,0,60,94,California
Madera,2020-12-19,5,99,5,99,0,0,0,0,5,99,0,0,5,99,California
Madera,2020-12-20,14,113,14,113,0,0,0,0,14,113,0,0,14,113,California
Madera,2020-12-21,60,173,60,173,0,0,0,0,60,173,0,0,60,173,California
Madera,2020-12-22,97,270,95,268,2,2,0,0,97,270,0,0,97,270,California
Madera,2020-12-23,68,338,68,336,0,2,0,0,68,338,0,0,68,338,California
Madera,2020-12-24,45,383,40,376,5,7,0,0,45,383,0,0,45,383,California
Madera,2020-12-26,28,411,26,402,2,9,0,0,28,411,0,0,28,411,California
Madera,2020-12-27,29,440,12,414,17,26,0,0,29,440,0,0,29,440,California
Madera,2020-12-28,106,546,36,450,70,96,0,0,106,546,0,0,106,546,California
Madera,2020-12-29,172,718,37,487,135,231,0,0,172,718,0,0,172,718,California
Madera,2020-12-30,221,939,87,574,134,365,0,0,221,939,0,0,221,939,California
Madera,2020-12-31,201,1140,80,654,121,486,0,0,201,1140,0,0,201,1140,California
Madera,2021-01-01,1,1141,1,655,0,486,0,0,1,1141,0,0,1,1141,California
Madera,2021-01-02,89,1230,33,688,56,542,0,0,89,1230,0,0,89,1230,California
Madera,2021-01-03,5,1235,5,693,0,542,0,0,5,1235,0,0,5,1235,California
Madera,2021-01-04,129,1364,65,758,64,606,0,0,129,1364,0,0,129,1364,California
Madera,2021-01-05,279,1643,143,901,136,742,0,0,275,1635,4,4,275,1639,California
Madera,2021-01-06,183,1826,26,927,157,899,0,0,164,1780,19,23,164,1803,California
Madera,2021-01-07,400,2226,116,1043,284,1183,0,0,377,2135,23,46,378,2181,California
Madera,2021-01-08,418,2644,72,1115,346,1529,0,0,363,2445,54,100,364,2545,California
Madera,2021-01-09,36,2680,14,1129,22,1551,0,0,27,2463,9,109,27,2572,California
Madera,2021-01-10,17,2697,14,1143,3,1554,0,0,5,2456,12,121,5,2577,California
Madera,2021-01-11,238,2935,190,1333,48,1602,0,0,197,2612,41,162,197,2774,California
Madera,2021-01-12,392,3327,159,1492,233,1835,0,0,287,2794,105,267,287,3061,California
Madera,2021-01-13,184,3511,92,1584,92,1927,0,0,127,2865,57,324,128,3189,California
Madera,2021-01-14,554,4065,81,1665,473,2400,0,0,520,3351,34,358,520,3709,California
Madera,2021-01-15,599,4664,160,1825,439,2839,0,0,578,3908,21,379,578,4287,California
Madera,2021-01-16,382,5046,48,1873,334,3173,0,0,354,4234,28,407,354,4641,California
Madera,2021-01-17,335,5381,15,1888,320,3493,0,0,331,4561,4,411,331,4972,California
Madera,2021-01-18,77,5458,60,1948,17,3510,0,0,58,4601,18,429,58,5030,California
Madera,2021-01-19,573,6031,137,2085,436,3946,0,0,545,5119,28,457,546,5576,California
Madera,2021-01-20,235,6266,80,2165,155,4101,0,0,207,5299,27,484,207,5783,California
Madera,2021-01-21,239,6505,131,2296,108,4209,0,0,206,5474,31,515,206,5989,California
Madera,2021-01-22,257,6762,83,2379,174,4383,0,0,242,5701,15,530,242,6231,California
Madera,2021-01-23,100,6862,52,2431,48,4431,0,0,76,5753,24,554,76,6307,California
Madera,2021-01-24,100,6962,82,2513,18,4449,0,0,78,5809,22,576,78,6385,California
Madera,2021-01-25,264,7226,126,2639,138,4587,0,0,145,5835,119,695,145,6530,California
Madera,2021-01-26,486,7712,189,2828,297,4884,0,0,295,5941,190,885,296,6826,California
Madera,2021-01-27,739,8451,63,2891,676,5560,0,0,602,6408,137,1022,604,7430,California
Madera,2021-01-28,545,8996,108,2999,437,5997,0,0,441,6745,104,1126,441,7871,California
Madera,2021-01-29,468,9464,94,3093,374,6371,0,0,413,7103,55,1181,413,8284,California
Madera,2021-01-30,505,9969,16,3109,489,6860,0,0,451,7500,54,1235,451,8735,California
Madera,2021-01-31,9,9978,6,3115,3,6863,0,0,8,7507,1,1236,8,8743,California
Madera,2021-02-01,332,10310,148,3263,184,7047,0,0,206,7587,126,1362,206,8949,California
Madera,2021-02-02,252,10562,88,3351,164,7211,0,0,161,7659,90,1452,162,9111,California
Madera,2021-02-03,596,11158,462,3813,134,7345,0,0,475,8017,119,1571,477,9588,California
Madera,2021-02-04,392,11550,124,3937,268,7613,0,0,114,7855,277,1848,115,9703,California
Madera,2021-02-05,976,12526,297,4234,679,8292,0,0,370,7626,600,2448,371,10074,California
Madera,2021-02-06,360,12886,326,4560,34,8326,0,0,320,7907,39,2487,320,10394,California
Madera,2021-02-07,34,12920,6,4566,28,8354,0,0,29,7931,5,2492,29,10423,California
Madera,2021-02-08,383,13303,307,4873,76,8430,0,0,269,8087,113,2605,269,10692,California
Madera,2021-02-09,479,13782,118,4991,361,8791,0,0,197,8006,279,2884,198,10890,California
Madera,2021-02-10,433,14215,149,5140,284,9075,0,0,328,8229,105,2989,328,11218,California
Madera,2021-02-11,939,15154,308,5448,631,9706,0,0,407,8106,531,3520,408,11626,California
Madera,2021-02-12,842,15996,120,5568,722,10428,0,0,311,7895,525,4045,314,11940,California
Madera,2021-02-13,484,16480,43,5611,441,10869,0,0,138,7691,345,4390,141,12081,California
Madera,2021-02-14,399,16879,75,5686,324,11193,0,0,135,7563,264,4654,136,12217,California
Madera,2021-02-15,246,17125,100,5786,146,11339,0,0,175,7668,70,4724,175,12392,California
Madera,2021-02-16,774,17899,183,5969,591,11930,0,0,228,7353,544,5268,229,12621,California
Madera,2021-02-17,612,18511,275,6244,337,12267,0,0,341,7430,266,5534,343,12964,California
Madera,2021-02-18,1300,19811,540,6784,760,13027,0,0,1121,8373,179,5713,1122,14086,California
Madera,2021-02-19,858,20669,543,7327,315,13342,0,0,716,8948,142,5855,717,14803,California
Madera,2021-02-20,1071,21740,979,8306,92,13434,0,0,998,9875,72,5927,999,15802,California
Madera,2021-02-21,962,22702,819,9125,143,13577,0,0,957,10827,5,5932,957,16759,California
Madera,2021-02-22,912,23614,834,9959,78,13655,0,0,856,11627,56,5988,856,17615,California
Madera,2021-02-23,774,24388,501,10460,273,13928,0,0,546,11948,225,6213,546,18161,California
Madera,2021-02-24,909,25297,299,10759,610,14538,0,0,379,11798,529,6742,379,18540,California
Madera,2021-02-25,1032,26329,317,11076,715,15253,0,0,599,11966,431,7173,599,19139,California
Madera,2021-02-26,1089,27418,197,11273,892,16145,0,0,709,12297,378,7551,709,19848,California
Madera,2021-02-27,894,28312,262,11535,632,16777,0,0,470,12349,421,7972,473,20321,California
Madera,2021-02-28,189,28501,29,11564,160,16937,0,0,184,12528,5,7977,184,20505,California
Madera,2021-03-01,378,28879,119,11683,259,17196,0,0,196,12544,180,8157,196,20701,California
Madera,2021-03-02,744,29623,351,12034,393,17589,0,0,631,13064,112,8269,632,21333,California
Madera,2021-03-03,1347,30970,720,12754,627,18216,0,0,943,13632,401,8670,969,22302,California
Madera,2021-03-04,1205,32175,527,13281,678,18894,0,0,954,14337,252,8922,957,23259,California
Madera,2021-03-05,1363,33538,421,13702,929,19823,13,13,1083,15166,278,9200,1107,24366,California
Madera,2021-03-06,815,34353,634,14336,149,19972,32,45,497,15379,317,9517,530,24896,California
Madera,2021-03-07,155,34508,28,14364,105,20077,22,67,105,15456,50,9567,127,25023,California
Madera,2021-03-08,601,35109,336,14700,206,20283,59,126,307,15530,294,9861,368,25391,California
Madera,2021-03-09,596,35705,296,14996,266,20549,34,160,408,15794,186,10047,450,25841,California
Madera,2021-03-10,1191,36896,561,15557,552,21101,78,238,759,16204,428,10475,838,26679,California
Madera,2021-03-11,1687,38583,865,16422,490,21591,332,570,768,16399,917,11392,1112,27791,California
Madera,2021-03-12,1573,40156,813,17235,605,22196,155,725,795,16600,776,12168,977,28768,California
Madera,2021-03-13,1883,42039,1330,18565,355,22551,198,923,816,16567,1063,13231,1030,29798,California
Madera,2021-03-14,584,42623,449,19014,103,22654,32,955,294,16607,287,13518,327,30125,California
Madera,2021-03-15,739,43362,223,19237,469,23123,47,1002,513,16970,223,13741,586,30711,California
Madera,2021-03-16,931,44293,526,19763,358,23481,47,1049,741,17588,187,13928,805,31516,California
Madera,2021-03-17,1463,45756,979,20742,421,23902,63,1112,909,18104,546,14474,1062,32578,California
Madera,2021-03-18,1947,47703,684,21426,1202,25104,61,1173,974,18255,968,15442,1119,33697,California
Madera,2021-03-19,1583,49286,589,22015,910,26014,84,1257,1041,18907,539,15981,1191,34888,California
Madera,2021-03-20,1181,50467,775,22790,355,26369,51,1308,619,19064,561,16542,718,35606,California
Madera,2021-03-21,1101,51568,898,23688,157,26526,46,1354,382,18777,716,17258,429,36035,California
Madera,2021-03-22,1362,52930,852,24540,442,26968,68,1422,687,18902,672,17930,797,36832,California
Madera,2021-03-23,1419,54349,862,25402,467,27435,90,1512,677,19011,740,18670,849,37681,California
Madera,2021-03-24,947,55296,508,25910,408,27843,31,1543,618,19338,326,18996,653,38334,California
Madera,2021-03-25,1168,56464,529,26439,615,28458,24,1567,646,19509,512,19508,683,39017,California
Madera,2021-03-26,1520,57984,579,27018,809,29267,132,1699,711,19550,805,20313,846,39863,California
Madera,2021-03-27,923,58907,603,27621,296,29563,24,1723,416,19488,503,20816,441,40304,California
Madera,2021-03-28,435,59342,152,27773,222,29785,61,1784,242,19652,192,21008,356,40660,California
Madera,2021-03-29,685,60027,179,27952,477,30262,29,1813,491,19986,190,21198,524,41184,California
Madera,2021-03-30,1072,61099,605,28557,435,30697,32,1845,481,19912,588,21786,514,41698,California
Madera,2021-03-31,1395,62494,544,29101,717,31414,134,1979,428,19515,961,22747,564,42262,California
Madera,2021-04-01,1362,63856,620,29721,691,32105,51,2030,476,19163,878,23625,526,42788,California
Madera,2021-04-02,1603,65459,459,30180,1085,33190,59,2089,476,18585,1116,24741,538,43326,California
Madera,2021-04-03,958,66417,761,30941,177,33367,20,2109,394,18446,562,25303,423,43749,California
Madera,2021-04-04,187,66604,65,31006,120,33487,2,2111,87,18435,100,25403,89,43838,California
Madera,2021-04-05,738,67342,255,31261,425,33912,58,2169,343,18456,394,25797,415,44253,California
Madera,2021-04-06,1709,69051,892,32153,466,34378,351,2520,534,18170,1174,26971,888,45141,California
Madera,2021-04-07,1217,70268,377,32530,690,35068,150,2670,420,17954,794,27765,578,45719,California
Madera,2021-04-08,1720,71988,665,33195,797,35865,258,2928,555,17619,1158,28923,823,46542,California
Madera,2021-04-09,1629,73617,685,33880,796,36661,148,3076,942,18031,682,29605,1094,47636,California
Madera,2021-04-10,968,74585,682,34562,218,36879,68,3144,708,18547,261,29866,777,48413,California
Madera,2021-04-11,804,75389,651,35213,75,36954,78,3222,285,18393,516,30382,362,48775,California
Madera,2021-04-12,781,76170,268,35481,436,37390,77,3299,302,18294,479,30861,380,49155,California
Madera,2021-04-13,1237,77407,608,36089,588,37978,41,3340,720,18550,515,31376,771,49926,California
Madera,2021-04-14,1381,78788,854,36943,527,38505,0,3340,568,18311,813,32189,574,50500,California
Madera,2021-04-15,1154,79942,500,37443,653,39158,1,3341,417,18005,725,32914,419,50919,California
Madera,2021-04-16,1308,81250,536,37979,772,39930,0,3341,365,17440,931,33845,366,51285,California
Madera,2021-04-17,1271,82521,1072,39051,199,40129,0,3341,759,17688,511,34356,759,52044,California
Madera,2021-04-18,246,82767,207,39258,39,40168,0,3341,88,17620,156,34512,88,52132,California
Madera,2021-04-19,804,83571,236,39494,567,40735,1,3342,277,17376,521,35033,277,52409,California
Madera,2021-04-20,871,84442,427,39921,444,41179,0,3342,215,16940,653,35686,217,52626,California
Madera,2021-04-21,857,85299,452,40373,405,41584,0,3342,289,16663,568,36254,291,52917,California
Madera,2021-04-22,1059,86358,510,40883,549,42133,0,3342,371,16351,684,36938,372,53289,California
Madera,2021-04-23,960,87318,306,41189,654,42787,0,3342,334,16064,621,37559,334,53623,California
Madera,2021-04-24,705,88023,463,41652,242,43029,0,3342,246,15856,455,38014,247,53870,California
Madera,2021-04-25,265,88288,161,41813,101,43130,3,3345,118,15835,143,38157,122,53992,California
Madera,2021-04-26,521,88809,97,41910,418,43548,6,3351,113,15549,405,38562,119,54111,California
Madera,2021-04-27,573,89382,267,42177,284,43832,22,3373,301,15602,271,38833,324,54435,California
Madera,2021-04-28,490,89872,196,42373,275,44107,19,3392,241,15614,247,39080,259,54694,California
Madera,2021-04-29,539,90411,241,42614,271,44378,27,3419,252,15613,280,39360,279,54973,California
Madera,2021-04-30,924,91335,501,43115,407,44785,16,3435,259,15229,659,40019,275,55248,California
Madera,2021-05-01,959,92294,865,43980,81,44866,13,3448,384,15053,573,40592,397,55645,California
Madera,2021-05-02,400,92694,351,44331,45,44911,4,3452,148,14953,252,40844,152,55797,California
Madera,2021-05-03,504,93198,201,44532,263,45174,40,3492,102,14696,399,41243,142,55939,California
Madera,2021-05-04,883,94081,433,44965,410,45584,40,3532,212,14277,671,41914,252,56191,California
Madera,2021-05-05,997,95078,476,45441,462,46046,59,3591,274,13889,721,42635,333,56524,California
Madera,2021-05-06,696,95774,248,45689,417,46463,31,3622,154,13537,537,43172,185,56709,California
Madera,2021-05-07,807,96581,279,45968,507,46970,21,3643,194,13144,607,43779,214,56923,California
Madera,2021-05-08,969,97550,756,46724,202,47172,11,3654,185,12557,783,44562,196,57119,California
Madera,2021-05-09,145,97695,19,46743,115,47287,11,3665,34,12492,110,44672,45,57164,California
Madera,2021-05-10,343,98038,73,46816,258,47545,12,3677,99,12360,243,44915,111,57275,California
Madera,2021-05-11,526,98564,174,46990,344,47889,8,3685,171,12186,353,45268,179,57454,California
Madera,2021-05-12,491,99055,222,47212,233,48122,36,3721,119,11971,370,45638,155,57609,California
Madera,2021-05-13,477,99532,287,47499,158,48280,32,3753,155,11838,320,45958,187,57796,California
Madera,2021-05-14,523,100055,261,47760,239,48519,23,3776,230,11801,290,46248,253,58049,California
Madera,2021-05-15,560,100615,475,48235,77,48596,8,3784,363,11977,195,46443,371,58420,California
Madera,2021-05-16,256,100871,187,48422,37,48633,32,3816,104,11961,152,46595,136,58556,California
Madera,2021-05-17,451,101322,186,48608,236,48869,29,3845,206,11955,242,46837,236,58792,California
Madera,2021-05-18,545,101867,364,48972,159,49028,22,3867,288,12012,253,47090,310,59102,California
Madera,2021-05-19,485,102352,226,49198,237,49265,22,3889,215,11980,269,47359,237,59339,California
Madera,2021-05-20,542,102894,241,49439,263,49528,38,3927,204,11890,332,47691,242,59581,California
Madera,2021-05-21,452,103346,167,49606,260,49788,25,3952,166,11800,281,47972,191,59772,California
Madera,2021-05-22,852,104198,777,50383,61,49849,14,3966,499,11961,352,48324,513,60285,California
Madera,2021-05-23,242,104440,227,50610,6,49855,9,3975,128,11985,113,48437,137,60422,California
Madera,2021-05-24,293,104733,140,50750,114,49969,39,4014,126,11983,167,48604,165,60587,California
Madera,2021-05-25,371,105104,167,50917,177,50146,27,4041,150,11943,217,48821,177,60764,California
Madera,2021-05-26,425,105529,257,51174,146,50292,22,4063,235,12011,189,49010,257,61021,California
Madera,2021-05-27,359,105888,135,51309,187,50479,37,4100,129,11950,227,49237,166,61187,California
Madera,2021-05-28,443,106331,172,51481,242,50721,29,4129,176,11890,265,49502,205,61392,California
Madera,2021-05-29,304,106635,216,51697,71,50792,17,4146,168,11939,136,49638,185,61577,California
Madera,2021-05-30,60,106695,25,51722,31,50823,4,4150,28,11940,31,49669,32,61609,California
Madera,2021-05-31,25,106720,8,51730,14,50837,3,4153,12,11942,13,49682,15,61624,California
Madera,2021-06-01,265,106985,134,51864,108,50945,23,4176,101,11903,163,49845,124,61748,California
Madera,2021-06-02,378,107363,125,51989,232,51177,21,4197,116,11780,260,50105,137,61885,California
Madera,2021-06-03,182,107545,94,52083,75,51252,13,4210,53,11717,129,50234,66,61951,California
Marin,2020-12-15,2,2,2,2,0,0,0,0,2,2,0,0,2,2,California
Marin,2020-12-16,109,111,109,111,0,0,0,0,109,111,0,0,109,111,California
Marin,2020-12-17,262,373,262,373,0,0,0,0,262,373,0,0,262,373,California
Marin,2020-12-18,376,749,376,749,0,0,0,0,376,749,0,0,376,749,California
Marin,2020-12-19,349,1098,348,1097,1,1,0,0,349,1098,0,0,349,1098,California
Marin,2020-12-20,166,1264,165,1262,1,2,0,0,166,1264,0,0,166,1264,California
Marin,2020-12-21,239,1503,236,1498,3,5,0,0,239,1503,0,0,239,1503,California
Marin,2020-12-22,523,2026,319,1817,204,209,0,0,523,2026,0,0,523,2026,California
Marin,2020-12-23,735,2761,321,2138,414,623,0,0,735,2761,0,0,735,2761,California
Marin,2020-12-24,357,3118,159,2297,198,821,0,0,357,3118,0,0,357,3118,California
Marin,2020-12-25,27,3145,0,2297,27,848,0,0,27,3145,0,0,27,3145,California
Marin,2020-12-26,144,3289,94,2391,50,898,0,0,144,3289,0,0,144,3289,California
Marin,2020-12-27,92,3381,55,2446,37,935,0,0,92,3381,0,0,92,3381,California
Marin,2020-12-28,408,3789,99,2545,309,1244,0,0,408,3789,0,0,408,3789,California
Marin,2020-12-29,403,4192,88,2633,315,1559,0,0,403,4192,0,0,403,4192,California
Marin,2020-12-30,626,4818,389,3022,237,1796,0,0,626,4818,0,0,626,4818,California
Marin,2020-12-31,198,5016,34,3056,164,1960,0,0,198,5016,0,0,198,5016,California
Marin,2021-01-01,21,5037,10,3066,11,1971,0,0,21,5037,0,0,21,5037,California
Marin,2021-01-02,113,5150,107,3173,6,1977,0,0,113,5150,0,0,113,5150,California
Marin,2021-01-03,49,5199,31,3204,18,1995,0,0,46,5196,0,0,46,5196,California
Marin,2021-01-04,295,5494,192,3396,103,2098,0,0,294,5489,1,1,294,5490,California
Marin,2021-01-05,369,5863,222,3618,147,2245,0,0,326,5772,43,44,326,5816,California
Marin,2021-01-06,819,6682,318,3936,501,2746,0,0,639,6231,180,224,639,6455,California
Marin,2021-01-07,887,7569,500,4436,387,3133,0,0,542,6428,345,569,542,6997,California
Marin,2021-01-08,971,8540,516,4952,455,3588,0,0,593,6644,377,946,593,7590,California
Marin,2021-01-09,620,9160,223,5175,397,3985,0,0,488,7000,132,1078,488,8078,California
Marin,2021-01-10,128,9288,99,5274,29,4014,0,0,55,6982,73,1151,55,8133,California
Marin,2021-01-11,471,9759,327,5601,144,4158,0,0,250,7013,221,1372,252,8385,California
Marin,2021-01-12,938,10697,543,6144,395,4553,0,0,570,7218,365,1737,570,8955,California
Marin,2021-01-13,1177,11874,497,6641,680,5233,0,0,939,7919,238,1975,939,9894,California
Marin,2021-01-14,1072,12946,319,6960,753,5986,0,0,922,8693,148,2123,922,10816,California
Marin,2021-01-15,1158,14104,353,7313,805,6791,0,0,1028,9593,129,2252,1029,11845,California
Marin,2021-01-16,1124,15228,915,8228,209,7000,0,0,1050,10569,74,2326,1050,12895,California
Marin,2021-01-17,1231,16459,1113,9341,118,7118,0,0,1202,11746,28,2354,1205,14100,California
Marin,2021-01-18,360,16819,158,9499,202,7320,0,0,309,12004,51,2405,309,14409,California
Marin,2021-01-19,1156,17975,913,10412,243,7563,0,0,983,12815,172,2577,983,15392,California
Marin,2021-01-20,1797,19772,1211,11623,586,8149,0,0,1066,13161,720,3297,1066,16458,California
Marin,2021-01-21,1684,21456,1062,12685,622,8771,0,0,1330,14142,351,3648,1332,17790,California
Marin,2021-01-22,1703,23159,1091,13776,612,9383,0,0,1531,15502,172,3820,1532,19322,California
Marin,2021-01-23,1847,25006,1344,15120,503,9886,0,0,1758,17172,88,3908,1758,21080,California
Marin,2021-01-24,614,25620,165,15285,449,10335,0,0,582,17722,32,3940,582,21662,California
Marin,2021-01-25,1135,26755,233,15518,902,11237,0,0,697,17982,438,4378,698,22360,California
Marin,2021-01-26,1519,28274,785,16303,734,11971,0,0,1137,18738,381,4759,1137,23497,California
Marin,2021-01-27,1724,29998,888,17191,836,12807,0,0,1361,19739,361,5120,1362,24859,California
Marin,2021-01-28,2087,32085,1071,18262,1016,13823,0,0,1821,21296,265,5385,1822,26681,California
Marin,2021-01-29,2207,34292,1446,19708,761,14584,0,0,2002,23106,193,5578,2003,28684,California
Marin,2021-01-30,1722,36014,907,20615,815,15399,0,0,1643,24671,79,5657,1644,30328,California
Marin,2021-01-31,461,36475,324,20939,137,15536,0,0,435,25080,26,5683,435,30763,California
Marin,2021-02-01,1095,37570,419,21358,676,16212,0,0,896,25779,198,5881,897,31660,California
Marin,2021-02-02,1415,38985,496,21854,919,17131,0,0,754,25883,650,6531,754,32414,California
Marin,2021-02-03,1777,40762,422,22276,1355,18486,0,0,1274,26655,502,7033,1274,33688,California
Marin,2021-02-04,1526,42288,499,22775,1027,19513,0,0,924,26980,599,7632,924,34612,California
Marin,2021-02-05,2173,44461,679,23454,1494,21007,0,0,1337,27485,832,8464,1337,35949,California
Marin,2021-02-06,1430,45891,851,24305,579,21586,0,0,607,27270,822,9286,607,36556,California
Marin,2021-02-07,1291,47182,1009,25314,282,21868,0,0,489,26958,801,10087,489,37045,California
Marin,2021-02-08,1529,48711,753,26067,776,22644,0,0,728,26887,799,10886,728,37773,California
Marin,2021-02-09,1783,50494,1123,27190,660,23304,0,0,834,26772,949,11835,834,38607,California
Marin,2021-02-10,2338,52832,1490,28680,848,24152,0,0,1215,26867,1121,12956,1216,39823,California
Marin,2021-02-11,2867,55699,1640,30320,1227,25379,0,0,1449,26906,1413,14369,1452,41275,California
Marin,2021-02-12,3066,58765,1540,31860,1526,26905,0,0,1560,26964,1503,15872,1561,42836,California
Marin,2021-02-13,2342,61107,1244,33104,1098,28003,0,0,1132,26888,1208,17080,1132,43968,California
Marin,2021-02-14,814,61921,302,33406,512,28515,0,0,721,27517,93,17173,722,44690,California
Marin,2021-02-15,1215,63136,356,33762,859,29374,0,0,835,27974,379,17552,836,45526,California
Marin,2021-02-16,2471,65607,1058,34820,1413,30787,0,0,1507,28518,963,18515,1507,47033,California
Marin,2021-02-17,2109,67716,947,35767,1162,31949,0,0,1091,28594,1016,19531,1092,48125,California
Marin,2021-02-18,2419,70135,1584,37351,835,32784,0,0,1058,28294,1358,20889,1058,49183,California
Marin,2021-02-19,2765,72900,2159,39510,606,33390,0,0,1221,27985,1531,22420,1222,50405,California
Marin,2021-02-20,2566,75466,2112,41622,454,33844,0,0,1216,27860,1342,23762,1217,51622,California
Marin,2021-02-21,1311,76777,1117,42739,194,34038,0,0,931,28415,376,24138,931,52553,California
Marin,2021-02-22,1834,78611,1412,44151,422,34460,0,0,1218,29020,614,24752,1219,53772,California
Marin,2021-02-23,2863,81474,1641,45792,1222,35682,0,0,1916,30002,935,25687,1917,55689,California
Marin,2021-02-24,3515,84989,1615,47407,1900,37582,0,0,2249,30993,1259,26946,2250,57939,California
Marin,2021-02-25,3941,88930,1814,49221,2127,39709,0,0,2777,32614,1157,28103,2778,60717,California
Marin,2021-02-26,3496,92426,1892,51113,1604,41313,0,0,2530,34191,954,29057,2531,63248,California
Marin,2021-02-27,2627,95053,1510,52623,1117,42430,0,0,1788,35145,836,29893,1790,65038,California
Marin,2021-02-28,1377,96430,916,53539,461,42891,0,0,1042,35855,332,30225,1042,66080,California
Marin,2021-03-01,2516,98946,1559,55098,956,43847,1,1,1691,36729,818,31043,1692,67772,California
Marin,2021-03-02,2524,101470,1682,56780,841,44688,1,2,1732,37674,788,31831,1733,69505,California
Marin,2021-03-03,4342,105812,2414,59194,1924,46612,4,6,2810,38962,1526,33357,2814,72319,California
Marin,2021-03-04,3391,109203,1665,60859,1725,48337,1,7,2370,40322,1014,34371,2374,74693,California
Marin,2021-03-05,3078,112281,1177,62036,1889,50226,12,19,1802,40865,1271,35642,1814,76507,California
Marin,2021-03-06,3255,115536,2338,64374,839,51065,78,97,2679,43050,571,36213,2756,79263,California
Marin,2021-03-07,1389,116925,1169,65543,196,51261,24,121,998,43686,386,36599,1022,80285,California
Marin,2021-03-08,1897,118822,1392,66935,388,51649,117,238,1424,44756,470,37069,1540,81825,California
Marin,2021-03-09,2227,121049,1343,68278,775,52424,109,347,1549,45737,676,37745,1657,83482,California
Marin,2021-03-10,4463,125512,2506,70784,1663,54087,294,641,3216,48007,1242,38987,3512,86994,California
Marin,2021-03-11,4583,130095,1883,72667,2564,56651,136,777,3285,50137,1291,40278,3421,90415,California
Marin,2021-03-12,3990,134085,1546,74213,2088,58739,356,1133,1576,49666,2403,42681,1932,92347,California
Marin,2021-03-13,4126,138211,2882,77095,1172,59911,72,1205,2447,50506,1676,44357,2516,94863,California
Marin,2021-03-14,2286,140497,1104,78199,1064,60975,118,1323,713,49765,1571,45928,830,95693,California
Marin,2021-03-15,3248,143745,1778,79977,1421,62396,49,1372,1232,49040,2005,47933,1280,96973,California
Marin,2021-03-16,4311,148056,2323,82300,1624,64020,364,1736,1501,48097,2806,50739,1863,98836,California
Marin,2021-03-17,4209,152265,2281,84581,1881,65901,47,1783,2071,48088,2126,52865,2117,100953,California
Marin,2021-03-18,4497,156762,2270,86851,2152,68053,75,1858,2251,48181,2230,55095,2323,103276,California
Marin,2021-03-19,4482,161244,2298,89149,1965,70018,219,2077,2434,48793,2038,57133,2650,105926,California
Marin,2021-03-20,3600,164844,1997,91146,1489,71507,114,2191,2036,49389,1555,58688,2151,108077,California
Marin,2021-03-21,1546,166390,1141,92287,381,71888,24,2215,805,49479,739,59427,829,108906,California
Marin,2021-03-22,2489,168879,2149,94436,173,72061,167,2382,998,49158,1486,60913,1165,110071,California
Marin,2021-03-23,4252,173131,2205,96641,1917,73978,130,2512,1877,48796,2369,63282,2007,112078,California
Marin,2021-03-24,4450,177581,2906,99547,1439,75417,105,2617,1816,48094,2621,65903,1919,113997,California
Marin,2021-03-25,4651,182232,2843,102390,1740,77157,68,2685,2258,48039,2379,68282,2324,116321,California
Marin,2021-03-26,4310,186542,2346,104736,1750,78907,214,2899,2414,48787,1880,70162,2628,118949,California
Marin,2021-03-27,3727,190269,2680,107416,1028,79935,19,2918,1146,47380,2571,72733,1164,120113,California
Marin,2021-03-28,2386,192655,1726,109142,654,80589,6,2924,1087,47181,1292,74025,1093,121206,California
Marin,2021-03-29,2696,195351,2099,111241,572,81161,25,2949,1164,46842,1529,75554,1190,122396,California
Marin,2021-03-30,4675,200026,3656,114897,985,82146,34,2983,2956,48116,1716,77270,2990,125386,California
Marin,2021-03-31,5836,205862,4134,119031,1653,83799,49,3032,2553,47447,3271,80541,2602,127988,California
Marin,2021-04-01,4451,210313,2286,121317,1908,85707,257,3289,2114,47493,2325,82866,2371,130359,California
Marin,2021-04-02,3743,214056,1862,123179,1510,87217,371,3660,2003,48128,1732,84598,2367,132726,California
Marin,2021-04-03,3907,217963,2557,125736,972,88189,378,4038,1481,47577,2412,87010,1861,134587,California
Marin,2021-04-04,1651,219614,1241,126977,207,88396,203,4241,1201,48533,448,87458,1404,135991,California
Marin,2021-04-05,2209,221823,1529,128506,304,88700,376,4617,1263,49230,940,88398,1637,137628,California
Marin,2021-04-06,3977,225800,2119,130625,1306,90006,552,5169,2212,50235,1759,90157,2764,140392,California
Marin,2021-04-07,3974,229774,2006,132631,1325,91331,643,5812,1458,49841,2508,92665,2114,142506,California
Marin,2021-04-08,5043,234817,1971,134602,2462,93793,610,6422,2300,50018,2734,95399,2911,145417,California
Marin,2021-04-09,3996,238813,1558,136160,1707,95500,731,7153,1314,49389,2677,98076,2048,147465,California
Marin,2021-04-10,3220,242033,1481,137641,1305,96805,434,7587,1447,49513,1758,99834,1882,149347,California
Marin,2021-04-11,1062,243095,808,138449,92,96897,162,7749,474,49563,586,100420,636,149983,California
Marin,2021-04-12,1743,244838,1238,139687,344,97241,161,7910,918,49824,821,101241,1082,151065,California
Marin,2021-04-13,3724,248562,2281,141968,1436,98677,7,7917,1354,48831,2359,103600,1366,152431,California
Marin,2021-04-14,4169,252731,2482,144450,1684,100361,3,7920,1702,48086,2456,106056,1711,154142,California
Marin,2021-04-15,5574,258305,3945,148395,1629,101990,0,7920,3195,48917,2366,108422,3197,157339,California
Marin,2021-04-16,4251,262556,2236,150631,2012,104002,3,7923,2067,48818,2170,110592,2071,159410,California
Marin,2021-04-17,3530,266086,2156,152787,1374,105376,0,7923,1761,48815,1764,112356,1761,161171,California
Marin,2021-04-18,3173,269259,3071,155858,102,105478,0,7923,2538,50721,632,112988,2538,163709,California
Marin,2021-04-19,2043,271302,1871,157729,172,105650,0,7923,1160,51005,878,113866,1162,164871,California
Marin,2021-04-20,3692,274994,2551,160280,1141,106791,0,7923,1467,50255,2218,116084,1468,166339,California
Marin,2021-04-21,4010,279004,2943,163223,1064,107855,3,7926,1358,48978,2636,118720,1359,167698,California
Marin,2021-04-22,4224,283228,3223,166446,1001,108856,0,7926,1492,47749,2724,121444,1495,169193,California
Marin,2021-04-23,3223,286451,1818,168264,1405,110261,0,7926,1225,46984,1991,123435,1226,170419,California
Marin,2021-04-24,2520,288971,1684,169948,835,111096,1,7927,917,46306,1596,125031,918,171337,California
Marin,2021-04-25,1383,290354,1265,171213,118,111214,0,7927,306,45543,1069,126100,306,171643,California
Marin,2021-04-26,1550,291904,1352,172565,195,111409,3,7930,353,44706,1194,127294,357,172000,California
Marin,2021-04-27,2990,294894,2184,174749,766,112175,40,7970,971,43703,2010,129304,1007,173007,California
Marin,2021-04-28,2300,297194,1586,176335,664,112839,50,8020,722,42899,1574,130878,770,173777,California
Marin,2021-04-29,2880,300074,1973,178308,845,113684,62,8082,788,41667,2082,132960,850,174627,California
Marin,2021-04-30,1958,302032,1278,179586,592,114276,88,8170,700,41205,1250,134210,788,175415,California
Marin,2021-05-01,1822,303854,1013,180599,786,115062,23,8193,531,40475,1283,135493,553,175968,California
Marin,2021-05-02,725,304579,587,181186,109,115171,29,8222,200,40184,519,136012,228,176196,California
Marin,2021-05-03,1211,305790,988,182174,167,115338,56,8278,261,39552,948,136960,316,176512,California
Marin,2021-05-04,2921,308711,1965,184139,866,116204,90,8368,470,37669,2443,139403,560,177072,California
Marin,2021-05-05,2721,311432,1997,186136,602,116806,122,8490,442,35960,2273,141676,564,177636,California
Marin,2021-05-06,3261,314693,2533,188669,639,117445,89,8579,427,33648,2826,144502,514,178150,California
Marin,2021-05-07,2034,316727,1547,190216,401,117846,86,8665,381,32466,1646,146148,464,178614,California
Marin,2021-05-08,2469,319196,1863,192079,484,118330,122,8787,340,30807,2121,148269,462,179076,California
Marin,2021-05-09,985,320181,900,192979,65,118395,20,8807,117,30081,864,149133,138,179214,California
Marin,2021-05-10,1405,321586,1150,194129,185,118580,70,8877,199,29147,1202,150335,268,179482,California
Marin,2021-05-11,2285,323871,1833,195962,399,118979,53,8930,294,27505,1988,152323,346,179828,California
Marin,2021-05-12,1395,325266,1031,196993,297,119276,67,8997,275,26730,1116,153439,341,180169,California
Marin,2021-05-13,2503,327769,2166,199159,281,119557,56,9053,1343,26975,1153,154592,1398,181567,California
Marin,2021-05-14,2203,329972,1454,200613,649,120206,100,9153,883,26644,1314,155906,983,182550,California
Marin,2021-05-15,2713,332685,2247,202860,386,120592,80,9233,1641,27294,1071,156977,1721,184271,California
Marin,2021-05-16,1646,334331,1591,204451,50,120642,5,9238,1330,28315,313,157290,1334,185605,California
Marin,2021-05-17,2129,336460,1981,206432,105,120747,43,9281,1717,29670,405,157695,1760,187365,California
Marin,2021-05-18,1520,337980,1185,207617,280,121027,55,9336,799,29808,715,158410,853,188218,California
Marin,2021-05-19,1536,339516,1239,208856,228,121255,69,9405,778,29902,752,159162,846,189064,California
Marin,2021-05-20,1711,341227,1414,210270,213,121468,84,9489,713,29708,991,160153,797,189861,California
Marin,2021-05-21,1357,342584,777,211047,533,122001,47,9536,391,29187,960,161113,439,190300,California
Marin,2021-05-22,1337,343921,1013,212060,268,122269,56,9592,919,29747,415,161528,975,191275,California
Marin,2021-05-23,421,344342,382,212442,29,122298,10,9602,197,29733,221,161749,207,191482,California
Marin,2021-05-24,650,344992,497,212939,110,122408,43,9645,361,29851,285,162034,403,191885,California
Marin,2021-05-25,1003,345995,625,213564,331,122739,47,9692,320,29541,674,162708,364,192249,California
Marin,2021-05-26,725,346720,491,214055,182,122921,52,9744,269,29410,452,163160,321,192570,California
Marin,2021-05-27,1039,347759,665,214720,296,123217,78,9822,354,29159,683,163843,432,193002,California
Marin,2021-05-28,1127,348886,738,215458,307,123524,82,9904,349,28816,772,164615,429,193431,California
Marin,2021-05-29,383,349269,225,215683,147,123671,11,9915,222,28888,161,164776,233,193664,California
Marin,2021-05-30,98,349367,58,215741,36,123707,4,9919,57,28908,41,164817,61,193725,California
Marin,2021-05-31,30,349397,14,215755,14,123721,2,9921,16,28912,14,164831,18,193743,California
Marin,2021-06-01,752,350149,550,216305,163,123884,39,9960,331,28863,418,165249,369,194112,California
Marin,2021-06-02,612,350761,467,216772,92,123976,53,10013,217,28740,391,165640,268,194380,California
Marin,2021-06-03,1148,351909,1056,217828,43,124019,49,10062,152,27946,995,166635,201,194581,California
Mariposa,2020-12-17,36,36,36,36,0,0,0,0,38,38,0,0,38,38,California
Mariposa,2020-12-18,55,91,55,91,0,0,0,0,56,94,0,0,56,94,California
Mariposa,2020-12-20,2,93,2,93,0,0,0,0,2,96,0,0,2,96,California
Mariposa,2020-12-21,49,142,49,142,0,0,0,0,53,149,0,0,53,149,California
Mariposa,2020-12-22,5,147,5,147,0,0,0,0,5,154,0,0,5,154,California
Mariposa,2020-12-23,16,163,16,163,0,0,0,0,16,170,0,0,16,170,California
Mariposa,2020-12-24,1,164,0,163,1,1,0,0,0,170,1,1,1,171,California
Mariposa,2020-12-26,1,165,1,164,0,1,0,0,1,171,0,1,1,172,California
Mariposa,2020-12-27,1,166,0,164,1,2,0,0,1,172,0,1,1,173,California
Mariposa,2020-12-28,6,172,3,167,3,5,0,0,6,178,0,1,6,179,California
Mariposa,2020-12-29,33,205,3,170,30,35,0,0,33,211,0,1,33,212,California
Mariposa,2020-12-30,25,230,4,174,21,56,0,0,25,236,0,1,25,237,California
Mariposa,2020-12-31,16,246,0,174,16,72,0,0,16,252,0,1,16,253,California
Mariposa,2021-01-02,1,247,1,175,0,72,0,0,1,253,0,1,1,254,California
Mariposa,2021-01-04,8,255,1,176,7,79,0,0,8,261,0,1,8,262,California
Mariposa,2021-01-05,24,279,14,190,10,89,0,0,14,265,10,11,14,276,California
Mariposa,2021-01-06,6,285,3,193,3,92,0,0,3,265,3,14,3,279,California
Mariposa,2021-01-07,50,335,45,238,5,97,0,0,5,225,45,59,5,284,California
Mariposa,2021-01-08,108,443,79,317,29,126,0,0,33,183,75,134,33,317,California
Mariposa,2021-01-09,1,444,0,317,1,127,0,0,1,184,0,134,1,318,California
Mariposa,2021-01-11,31,475,10,327,21,148,0,0,23,199,8,142,23,341,California
Mariposa,2021-01-12,19,494,4,331,15,163,0,0,15,210,4,146,15,356,California
Mariposa,2021-01-13,21,515,4,335,17,180,0,0,18,225,3,149,18,374,California
Mariposa,2021-01-14,73,588,7,342,66,246,0,0,67,286,6,155,67,441,California
Mariposa,2021-01-15,68,656,27,369,41,287,0,0,58,334,10,165,58,499,California
Mariposa,2021-01-16,14,670,2,371,12,299,0,0,13,346,1,166,13,512,California
Mariposa,2021-01-17,2,672,0,371,2,301,0,0,2,348,0,166,2,514,California
Mariposa,2021-01-18,3,675,3,374,0,301,0,0,1,347,2,168,1,515,California
Mariposa,2021-01-19,8,683,4,378,4,305,0,0,5,350,2,170,5,520,California
Mariposa,2021-01-20,23,706,1,379,22,327,0,0,22,371,1,171,22,542,California
Mariposa,2021-01-21,66,772,8,387,58,385,0,0,62,429,4,175,62,604,California
Mariposa,2021-01-22,56,828,2,389,54,439,0,0,56,485,0,175,56,660,California
Mariposa,2021-01-23,116,944,2,391,114,553,0,0,114,597,2,177,114,774,California
Mariposa,2021-01-24,2,946,2,393,0,553,0,0,2,599,0,177,2,776,California
Mariposa,2021-01-25,4,950,1,394,3,556,0,0,0,595,4,181,0,776,California
Mariposa,2021-01-26,36,986,4,398,32,588,0,0,4,571,32,213,8,784,California
Mariposa,2021-01-27,23,1009,1,399,22,610,0,0,12,573,10,223,12,796,California
Mariposa,2021-01-28,126,1135,3,402,123,733,0,0,113,674,12,235,113,909,California
Mariposa,2021-01-29,83,1218,22,424,61,794,0,0,82,755,1,236,82,991,California
Mariposa,2021-01-30,9,1227,1,425,8,802,0,0,8,762,1,237,8,999,California
Mariposa,2021-01-31,1,1228,0,425,1,803,0,0,1,763,0,237,1,1000,California
Mariposa,2021-02-01,87,1315,30,455,57,860,0,0,66,808,21,258,66,1066,California
Mariposa,2021-02-02,15,1330,3,458,12,872,0,0,9,811,6,264,9,1075,California
Mariposa,2021-02-03,20,1350,1,459,19,891,0,0,14,819,6,270,14,1089,California
Mariposa,2021-02-04,99,1449,8,467,91,982,0,0,94,910,4,274,95,1184,California
Mariposa,2021-02-05,192,1641,5,472,187,1169,0,0,166,1050,26,300,166,1350,California
Mariposa,2021-02-06,11,1652,4,476,7,1176,0,0,10,1059,1,301,10,1360,California
Mariposa,2021-02-07,1,1653,0,476,1,1177,0,0,1,1060,0,301,1,1361,California
Mariposa,2021-02-08,40,1693,2,478,38,1215,0,0,21,1062,19,320,21,1382,California
Mariposa,2021-02-09,42,1735,24,502,18,1233,0,0,36,1092,6,326,36,1418,California
Mariposa,2021-02-10,28,1763,5,507,23,1256,0,0,17,1105,10,336,23,1441,California
Mariposa,2021-02-11,374,2137,5,512,369,1625,0,0,360,1454,14,350,363,1804,California
Mariposa,2021-02-12,185,2322,8,520,177,1802,0,0,141,1551,44,394,141,1945,California
Mariposa,2021-02-13,11,2333,3,523,8,1810,0,0,9,1558,2,396,9,1954,California
Mariposa,2021-02-14,8,2341,4,527,4,1814,0,0,5,1560,3,399,5,1959,California
Mariposa,2021-02-15,9,2350,3,530,6,1820,0,0,7,1565,2,401,7,1966,California
Mariposa,2021-02-16,57,2407,34,564,23,1843,0,0,34,1576,23,424,34,2000,California
Mariposa,2021-02-17,37,2444,9,573,28,1871,0,0,27,1595,9,433,28,2028,California
Mariposa,2021-02-18,58,2502,7,580,51,1922,0,0,21,1579,37,470,21,2049,California
Mariposa,2021-02-19,82,2584,3,583,79,2001,0,0,76,1649,6,476,76,2125,California
Mariposa,2021-02-20,253,2837,4,587,249,2250,0,0,223,1843,29,505,223,2348,California
Mariposa,2021-02-21,237,3074,4,591,233,2483,0,0,235,2077,1,506,235,2583,California
Mariposa,2021-02-22,23,3097,7,598,16,2499,0,0,21,2096,2,508,21,2604,California
Mariposa,2021-02-23,43,3140,37,635,6,2505,0,0,26,2105,17,525,26,2630,California
Mariposa,2021-02-24,20,3160,3,638,17,2522,0,0,8,2102,11,536,8,2638,California
Mariposa,2021-02-25,18,3178,9,647,9,2531,0,0,12,2108,6,542,12,2650,California
Mariposa,2021-02-26,423,3601,7,654,416,2947,0,0,363,2412,60,602,364,3014,California
Mariposa,2021-02-27,169,3770,5,659,164,3111,0,0,158,2559,11,613,158,3172,California
Mariposa,2021-02-28,2,3772,1,660,1,3112,0,0,0,2557,2,615,0,3172,California
Mariposa,2021-03-01,81,3853,26,686,55,3167,0,0,16,2509,64,679,16,3188,California
Mariposa,2021-03-02,20,3873,13,699,7,3174,0,0,11,2512,8,687,11,3199,California
Mariposa,2021-03-03,71,3944,5,704,66,3240,0,0,65,2572,6,693,66,3265,California
Mariposa,2021-03-04,41,3985,9,713,32,3272,0,0,20,2572,21,714,21,3286,California
Mariposa,2021-03-05,57,4042,9,722,48,3320,0,0,40,2600,17,731,45,3331,California
Mariposa,2021-03-06,15,4057,6,728,9,3329,0,0,7,2599,8,739,7,3338,California
Mariposa,2021-03-07,1,4058,1,729,0,3329,0,0,0,2598,1,740,0,3338,California
Mariposa,2021-03-08,38,4096,4,733,23,3352,11,11,9,2589,29,769,20,3358,California
Mariposa,2021-03-09,46,4142,18,751,18,3370,10,21,15,2583,31,800,25,3383,California
Mariposa,2021-03-10,31,4173,9,760,12,3382,10,31,10,2582,21,821,20,3403,California
Mariposa,2021-03-11,467,4640,6,766,442,3824,19,50,226,2590,240,1061,248,3651,California
Mariposa,2021-03-12,255,4895,8,774,220,4044,27,77,115,2591,140,1201,141,3792,California
Mariposa,2021-03-13,32,4927,6,780,11,4055,15,92,11,2595,21,1222,25,3817,California
Mariposa,2021-03-14,17,4944,2,782,4,4059,11,103,3,2595,14,1236,14,3831,California
Mariposa,2021-03-15,76,5020,7,789,31,4090,38,141,31,2619,45,1281,69,3900,California
Mariposa,2021-03-16,82,5102,33,822,14,4104,35,176,23,2618,59,1340,58,3958,California
Mariposa,2021-03-17,72,5174,10,832,54,4158,8,184,51,2657,20,1360,59,4017,California
Mariposa,2021-03-18,66,5240,15,847,41,4199,10,194,40,2681,26,1386,50,4067,California
Mariposa,2021-03-19,338,5578,11,858,322,4521,5,199,303,2954,35,1421,308,4375,California
Mariposa,2021-03-20,426,6004,5,863,419,4940,2,201,46,2623,380,1801,49,4424,California
Mariposa,2021-03-21,15,6019,9,872,5,4945,1,202,10,2630,4,1805,11,4435,California
Mariposa,2021-03-22,38,6057,7,879,23,4968,8,210,26,2653,12,1817,35,4470,California
Mariposa,2021-03-23,53,6110,33,912,10,4978,10,220,32,2674,21,1838,42,4512,California
Mariposa,2021-03-24,55,6165,5,917,48,5026,2,222,50,2721,5,1843,52,4564,California
Mariposa,2021-03-25,76,6241,15,932,53,5079,8,230,54,2763,20,1863,62,4626,California
Mariposa,2021-03-26,488,6729,9,941,478,5557,1,231,252,2780,236,2099,253,4879,California
Mariposa,2021-03-27,224,6953,8,949,216,5773,0,231,90,2738,134,2233,92,4971,California
Mariposa,2021-03-28,5,6958,0,949,2,5775,3,234,1,2738,4,2237,4,4975,California
Mariposa,2021-03-29,19,6977,6,955,13,5788,0,234,12,2743,7,2244,12,4987,California
Mariposa,2021-03-30,36,7013,13,968,7,5795,16,250,13,2749,23,2267,29,5016,California
Mariposa,2021-03-31,88,7101,15,983,66,5861,7,257,68,2804,20,2287,75,5091,California
Mariposa,2021-04-01,54,7155,10,993,36,5897,8,265,34,2826,20,2307,42,5133,California
Mariposa,2021-04-02,347,7502,11,1004,334,6231,2,267,305,3092,41,2348,307,5440,California
Mariposa,2021-04-03,10,7512,7,1011,3,6234,0,267,5,3092,5,2353,5,5445,California
Mariposa,2021-04-04,2,7514,1,1012,0,6234,1,268,0,3091,2,2355,1,5446,California
Mariposa,2021-04-05,33,7547,22,1034,7,6241,4,272,16,3094,17,2372,20,5466,California
Mariposa,2021-04-06,43,7590,20,1054,7,6248,16,288,13,3094,29,2401,29,5495,California
Mariposa,2021-04-07,98,7688,6,1060,73,6321,19,307,28,3071,70,2471,47,5542,California
Mariposa,2021-04-08,279,7967,14,1074,246,6567,19,326,143,3100,134,2605,163,5705,California
Mariposa,2021-04-09,38,8005,9,1083,14,6581,15,341,11,3099,27,2632,26,5731,California
Mariposa,2021-04-10,201,8206,4,1087,187,6768,10,351,186,3281,13,2645,195,5926,California
Mariposa,2021-04-11,124,8330,4,1091,118,6886,2,353,57,3274,67,2712,60,5986,California
Mariposa,2021-04-12,42,8372,13,1104,27,6913,2,355,13,3260,29,2741,15,6001,California
Mariposa,2021-04-13,52,8424,45,1149,7,6920,0,355,34,3276,18,2759,34,6035,California
Mariposa,2021-04-14,113,8537,8,1157,105,7025,0,355,58,3280,54,2813,58,6093,California
Mariposa,2021-04-15,57,8594,15,1172,42,7067,0,355,43,3312,11,2824,43,6136,California
Mariposa,2021-04-16,382,8976,11,1183,371,7438,0,355,106,3142,276,3100,106,6242,California
Mariposa,2021-04-17,10,8986,6,1189,4,7442,0,355,7,3146,3,3103,7,6249,California
Mariposa,2021-04-18,7,8993,0,1189,7,7449,0,355,3,3145,4,3107,3,6252,California
Mariposa,2021-04-19,57,9050,25,1214,32,7481,0,355,29,3148,26,3133,29,6281,California
Mariposa,2021-04-20,62,9112,49,1263,13,7494,0,355,39,3166,21,3154,39,6320,California
Mariposa,2021-04-21,91,9203,14,1277,77,7571,0,355,42,3160,48,3202,42,6362,California
Mariposa,2021-04-22,47,9250,8,1285,39,7610,0,355,37,3188,9,3211,37,6399,California
Mariposa,2021-04-23,315,9565,70,1355,245,7855,0,355,144,3163,171,3382,146,6545,California
Mariposa,2021-04-24,106,9671,11,1366,95,7950,0,355,43,3144,62,3444,43,6588,California
Mariposa,2021-04-26,14,9685,10,1376,4,7954,0,355,4,3138,10,3454,4,6592,California
Mariposa,2021-04-27,32,9717,17,1393,14,7968,1,356,15,3140,14,3468,16,6608,California
Mariposa,2021-04-28,74,9791,13,1406,54,8022,7,363,29,3131,45,3513,36,6644,California
Mariposa,2021-04-29,84,9875,12,1418,71,8093,1,364,79,3206,5,3518,80,6724,California
Mariposa,2021-04-30,208,10083,4,1422,199,8292,5,369,62,3127,146,3664,67,6791,California
Mariposa,2021-05-01,2,10085,2,1424,0,8292,0,369,0,3125,2,3666,0,6791,California
Mariposa,2021-05-02,3,10088,2,1426,0,8292,1,370,0,3123,3,3669,1,6792,California
Mariposa,2021-05-03,16,10104,12,1438,3,8295,1,371,7,3123,8,3677,8,6800,California
Mariposa,2021-05-04,50,10154,31,1469,15,8310,4,375,36,3149,14,3691,40,6840,California
Mariposa,2021-05-05,56,10210,8,1477,46,8356,2,377,17,3129,39,3730,19,6859,California
Mariposa,2021-05-06,55,10265,36,1513,14,8370,5,382,39,3157,16,3746,44,6903,California
Mariposa,2021-05-07,27,10292,7,1520,17,8387,3,385,13,3159,14,3760,16,6919,California
Mariposa,2021-05-08,281,10573,6,1526,275,8662,0,385,34,2948,247,4007,36,6955,California
Mariposa,2021-05-09,2,10575,1,1527,1,8663,0,385,0,2946,2,4009,0,6955,California
Mariposa,2021-05-10,19,10594,8,1535,9,8672,2,387,4,2937,15,4024,6,6961,California
Mariposa,2021-05-11,28,10622,19,1554,9,8681,0,387,20,2950,7,4031,20,6981,California
Mariposa,2021-05-12,66,10688,4,1558,59,8740,3,390,6,2899,60,4091,9,6990,California
Mariposa,2021-05-13,48,10736,8,1566,38,8778,2,392,14,2881,34,4125,16,7006,California
Mariposa,2021-05-14,251,10987,123,1689,121,8899,7,399,119,2875,132,4257,126,7132,California
Mariposa,2021-05-15,18,11005,8,1697,8,8907,2,401,10,2880,6,4263,11,7143,California
Mariposa,2021-05-16,3,11008,1,1698,1,8908,1,402,1,2880,2,4265,2,7145,California
Mariposa,2021-05-17,16,11024,7,1705,6,8914,3,405,7,2881,9,4274,10,7155,California
Mariposa,2021-05-18,61,11085,41,1746,15,8929,5,410,44,2914,16,4290,49,7204,California
Mariposa,2021-05-19,70,11155,32,1778,37,8966,1,411,51,2948,18,4308,52,7256,California
Mariposa,2021-05-20,35,11190,20,1798,13,8979,2,413,14,2943,21,4329,16,7272,California
Mariposa,2021-05-21,93,11283,9,1807,82,9061,2,415,42,2938,49,4378,44,7316,California
Mariposa,2021-05-22,47,11330,6,1813,40,9101,1,416,17,2926,30,4408,18,7334,California
Mariposa,2021-05-23,3,11333,2,1815,0,9101,1,417,2,2928,1,4409,3,7337,California
Mariposa,2021-05-24,12,11345,7,1822,3,9104,2,419,8,2934,4,4413,10,7347,California
Mariposa,2021-05-25,26,11371,17,1839,9,9113,0,419,18,2944,8,4421,18,7365,California
Mariposa,2021-05-26,36,11407,3,1842,29,9142,4,423,28,2968,8,4429,32,7397,California
Mariposa,2021-05-27,119,11526,63,1905,55,9197,1,424,61,2972,58,4487,62,7459,California
Mariposa,2021-05-28,67,11593,6,1911,56,9253,5,429,24,2958,43,4530,29,7488,California
Mariposa,2021-05-29,8,11601,2,1913,5,9258,1,430,3,2959,3,4533,4,7492,California
Mariposa,2021-05-30,1,11602,0,1913,0,9258,1,431,0,2959,1,4534,1,7493,California
Mariposa,2021-05-31,1,11603,0,1913,1,9259,0,431,0,2958,1,4535,0,7493,California
Mariposa,2021-06-01,15,11618,3,1916,11,9270,1,432,5,2954,10,4545,6,7499,California
Mariposa,2021-06-02,11,11629,1,1917,5,9275,5,437,4,2956,7,4552,9,7508,California
Mariposa,2021-06-03,9,11638,6,1923,3,9278,0,437,2,2951,7,4559,2,7510,California
Mendocino,2020-12-17,70,70,70,70,0,0,0,0,70,70,0,0,70,70,California
Mendocino,2020-12-18,85,155,84,154,1,1,0,0,84,154,0,0,84,154,California
Mendocino,2020-12-19,4,159,4,158,0,1,0,0,4,158,0,0,4,158,California
Mendocino,2020-12-20,7,166,7,165,0,1,0,0,7,165,0,0,7,165,California
Mendocino,2020-12-21,241,407,241,406,0,1,0,0,77,242,0,0,77,242,California
Mendocino,2020-12-22,252,659,191,597,61,62,0,0,252,494,0,0,252,494,California
Mendocino,2020-12-23,270,929,47,644,223,285,0,0,269,763,0,0,269,763,California
Mendocino,2020-12-24,49,978,8,652,41,326,0,0,49,812,0,0,49,812,California
Mendocino,2020-12-25,1,979,0,652,1,327,0,0,1,813,0,0,1,813,California
Mendocino,2020-12-26,2,981,2,654,0,327,0,0,2,815,0,0,2,815,California
Mendocino,2020-12-27,1,982,0,654,1,328,0,0,1,816,0,0,1,816,California
Mendocino,2020-12-28,74,1056,9,663,65,393,0,0,74,890,0,0,74,890,California
Mendocino,2020-12-29,122,1178,61,724,61,454,0,0,122,1012,0,0,122,1012,California
Mendocino,2020-12-30,121,1299,67,791,54,508,0,0,121,1133,0,0,121,1133,California
Mendocino,2020-12-31,132,1431,97,888,35,543,0,0,132,1265,0,0,132,1265,California
Mendocino,2021-01-01,8,1439,6,894,2,545,0,0,8,1273,0,0,8,1273,California
Mendocino,2021-01-04,838,2277,18,912,820,1365,0,0,838,2111,0,0,838,2111,California
Mendocino,2021-01-05,74,2351,36,948,38,1403,0,0,61,2159,13,13,61,2172,California
Mendocino,2021-01-06,155,2506,133,1081,22,1425,0,0,145,2294,10,23,145,2317,California
Mendocino,2021-01-07,361,2867,238,1319,123,1548,0,0,298,2529,63,86,298,2615,California
Mendocino,2021-01-08,95,2962,82,1401,13,1561,0,0,41,2517,54,140,42,2657,California
Mendocino,2021-01-09,10,2972,6,1407,4,1565,0,0,8,2523,2,142,8,2665,California
Mendocino,2021-01-10,9,2981,8,1415,1,1566,0,0,2,2518,7,149,2,2667,California
Mendocino,2021-01-11,101,3082,92,1507,9,1575,0,0,43,2504,57,206,43,2710,California
Mendocino,2021-01-12,387,3469,377,1884,10,1585,0,0,270,2657,117,323,270,2980,California
Mendocino,2021-01-13,491,3960,145,2029,346,1931,0,0,449,3067,40,363,450,3430,California
Mendocino,2021-01-14,652,4612,20,2049,632,2563,0,0,643,3701,9,372,643,4073,California
Mendocino,2021-01-15,1872,6484,861,2910,1011,3574,0,0,1867,5564,5,377,1868,5941,California
Mendocino,2021-01-16,792,7276,50,2960,742,4316,0,0,790,6352,2,379,790,6731,California
Mendocino,2021-01-17,554,7830,1,2961,553,4869,0,0,553,6904,1,380,553,7284,California
Mendocino,2021-01-18,487,8317,462,3423,25,4894,0,0,476,7369,11,391,476,7760,California
Mendocino,2021-01-19,334,8651,148,3571,186,5080,0,0,158,7351,176,567,158,7918,California
Mendocino,2021-01-20,555,9206,407,3978,148,5228,0,0,449,7697,104,671,450,8368,California
Mendocino,2021-01-21,538,9744,225,4203,313,5541,0,0,352,7864,185,856,352,8720,California
Mendocino,2021-01-22,149,9893,58,4261,91,5632,0,0,110,7935,39,895,110,8830,California
Mendocino,2021-01-23,156,10049,84,4345,72,5704,0,0,150,8079,6,901,150,8980,California
Mendocino,2021-01-24,5,10054,3,4348,2,5706,0,0,5,8084,0,901,5,8985,California
Mendocino,2021-01-25,192,10246,18,4366,174,5880,0,0,122,8136,70,971,122,9107,California
Mendocino,2021-01-26,154,10400,53,4419,101,5981,0,0,94,8170,60,1031,94,9201,California
Mendocino,2021-01-27,441,10841,371,4790,70,6051,0,0,176,8088,258,1289,176,9377,California
Mendocino,2021-01-28,593,11434,529,5319,64,6115,0,0,498,8492,94,1383,498,9875,California
Mendocino,2021-01-29,394,11828,352,5671,42,6157,0,0,365,8829,29,1412,366,10241,California
Mendocino,2021-01-30,50,11878,31,5702,19,6176,0,0,43,8865,7,1419,43,10284,California
Mendocino,2021-01-31,275,12153,2,5704,273,6449,0,0,4,8598,271,1690,4,10288,California
Mendocino,2021-02-01,381,12534,52,5756,329,6778,0,0,59,8335,322,2012,59,10347,California
Mendocino,2021-02-02,738,13272,517,6273,221,6999,0,0,378,8353,360,2372,378,10725,California
Mendocino,2021-02-03,392,13664,207,6480,185,7184,0,0,222,8407,168,2540,222,10947,California
Mendocino,2021-02-04,625,14289,530,7010,95,7279,0,0,500,8782,125,2665,500,11447,California
Mendocino,2021-02-05,1304,15593,1214,8224,90,7369,0,0,584,8648,718,3383,584,12031,California
Mendocino,2021-02-06,558,16151,157,8381,401,7770,0,0,543,9176,15,3398,543,12574,California
Mendocino,2021-02-07,34,16185,30,8411,4,7774,0,0,34,9210,0,3398,34,12608,California
Mendocino,2021-02-08,748,16933,716,9127,32,7806,0,0,285,9032,463,3861,285,12893,California
Mendocino,2021-02-09,141,17074,58,9185,83,7889,0,0,89,9069,52,3913,89,12982,California
Mendocino,2021-02-10,1490,18564,924,10109,566,8455,0,0,743,9072,740,4653,743,13725,California
Mendocino,2021-02-11,1211,19775,208,10317,1003,9458,0,0,300,8461,911,5564,300,14025,California
Mendocino,2021-02-12,1455,21230,163,10480,1292,10750,0,0,656,8319,798,6362,656,14681,California
Mendocino,2021-02-13,503,21733,15,10495,488,11238,0,0,106,8034,396,6758,111,14792,California
Mendocino,2021-02-14,695,22428,3,10498,692,11930,0,0,135,7609,560,7318,135,14927,California
Mendocino,2021-02-15,331,22759,42,10540,289,12219,0,0,176,7630,155,7473,176,15103,California
Mendocino,2021-02-16,201,22960,51,10591,150,12369,0,0,130,7689,71,7544,130,15233,California
Mendocino,2021-02-17,1354,24314,1191,11782,163,12532,0,0,877,8091,475,8019,877,16110,California
Mendocino,2021-02-18,1792,26106,646,12428,1146,13678,0,0,1225,8750,566,8585,1225,17335,California
Mendocino,2021-02-19,756,26862,148,12576,608,14286,0,0,616,9226,140,8725,616,17951,California
Mendocino,2021-02-20,576,27438,550,13126,26,14312,0,0,545,9742,29,8754,545,18496,California
Mendocino,2021-02-21,326,27764,6,13132,320,14632,0,0,314,10045,11,8765,314,18810,California
Mendocino,2021-02-22,161,27925,29,13161,132,14764,0,0,69,10024,90,8855,69,18879,California
Mendocino,2021-02-23,859,28784,845,14006,14,14778,0,0,646,10459,211,9066,646,19525,California
Mendocino,2021-02-24,1849,30633,1767,15773,82,14860,0,0,1437,11491,407,9473,1439,20964,California
Mendocino,2021-02-25,1709,32342,533,16306,1176,16036,0,0,1287,12357,421,9894,1287,22251,California
Mendocino,2021-02-26,1418,33760,748,17054,670,16706,0,0,1052,13046,363,10257,1052,23303,California
Mendocino,2021-02-27,200,33960,151,17205,49,16755,0,0,77,13001,122,10379,77,23380,California
Mendocino,2021-02-28,36,33996,14,17219,22,16777,0,0,24,13013,12,10391,24,23404,California
Mendocino,2021-03-01,590,34586,548,17767,42,16819,0,0,550,13526,37,10428,550,23954,California
Mendocino,2021-03-02,75,34661,27,17794,48,16867,0,0,41,13534,33,10461,41,23995,California
Mendocino,2021-03-03,2034,36695,1333,19127,701,17568,0,0,1384,14270,648,11109,1384,25379,California
Mendocino,2021-03-04,1850,38545,148,19275,1702,19270,0,0,1632,15688,215,11324,1633,27012,California
Mendocino,2021-03-05,475,39020,416,19691,50,19320,9,9,372,15970,99,11423,381,27393,California
Mendocino,2021-03-06,246,39266,23,19714,198,19518,25,34,203,16156,42,11465,228,27621,California
Mendocino,2021-03-07,506,39772,8,19722,478,19996,20,54,118,15906,387,11852,137,27758,California
Mendocino,2021-03-08,124,39896,28,19750,58,20054,38,92,64,15950,58,11910,102,27860,California
Mendocino,2021-03-09,941,40837,601,20351,299,20353,41,133,834,16718,107,12017,875,28735,California
Mendocino,2021-03-10,1147,41984,984,21335,98,20451,65,198,272,16187,871,12888,340,29075,California
Mendocino,2021-03-11,842,42826,626,21961,162,20613,54,252,400,16202,439,13327,454,29529,California
Mendocino,2021-03-12,2063,44889,1051,23012,899,21512,113,365,1232,16723,824,14151,1345,30874,California
Mendocino,2021-03-13,703,45592,570,23582,75,21587,58,423,106,16295,593,14744,165,31039,California
Mendocino,2021-03-14,106,45698,4,23586,95,21682,7,430,12,16224,90,14834,19,31058,California
Mendocino,2021-03-15,599,46297,50,23636,491,22173,58,488,210,16103,388,15222,267,31325,California
Mendocino,2021-03-16,584,46881,387,24023,151,22324,46,534,121,15809,461,15683,167,31492,California
Mendocino,2021-03-17,1583,48464,1379,25402,55,22379,149,683,217,14819,1362,17045,372,31864,California
Mendocino,2021-03-18,1314,49778,248,25650,1028,23407,38,721,284,14118,1022,18067,321,32185,California
Mendocino,2021-03-19,1781,51559,855,26505,865,24272,61,782,333,13070,1444,19511,396,32581,California
Mendocino,2021-03-20,69,51628,10,26515,38,24310,21,803,12,13046,57,19568,33,32614,California
Mendocino,2021-03-21,8,51636,1,26516,2,24312,5,808,3,13049,5,19573,8,32622,California
Mendocino,2021-03-22,657,52293,613,27129,15,24327,29,837,145,12714,508,20081,173,32795,California
Mendocino,2021-03-23,165,52458,33,27162,102,24429,30,867,114,12807,51,20132,144,32939,California
Mendocino,2021-03-24,916,53374,841,28003,28,24457,47,914,113,12166,801,20933,160,33099,California
Mendocino,2021-03-25,2018,55392,52,28055,1946,26403,20,934,176,10524,1836,22769,194,33293,California
Mendocino,2021-03-26,546,55938,395,28450,126,26529,25,959,114,10231,432,23201,139,33432,California
Mendocino,2021-03-27,142,56080,13,28463,117,26646,12,971,80,10261,61,23262,91,33523,California
Mendocino,2021-03-28,25,56105,5,28468,16,26662,4,975,3,10247,21,23283,7,33530,California
Mendocino,2021-03-29,189,56294,100,28568,45,26707,44,1019,95,10292,94,23377,139,33669,California
Mendocino,2021-03-30,719,57013,634,29202,48,26755,37,1056,106,9824,611,23988,143,33812,California
Mendocino,2021-03-31,916,57929,280,29482,575,27330,61,1117,153,9278,761,24749,215,34027,California
Mendocino,2021-04-01,1745,59674,417,29899,1247,28577,81,1198,379,8386,1356,26105,464,34491,California
Mendocino,2021-04-02,1304,60978,1073,30972,158,28735,73,1271,158,7474,1143,27248,231,34722,California
Mendocino,2021-04-03,710,61688,10,30982,679,29414,21,1292,87,6964,619,27867,109,34831,California
Mendocino,2021-04-04,71,61759,35,31017,30,29444,6,1298,55,7009,16,27883,61,34892,California
Mendocino,2021-04-05,211,61970,141,31158,46,29490,24,1322,125,7069,86,27969,146,35038,California
Mendocino,2021-04-06,398,62368,123,31281,180,29670,95,1417,106,6979,292,28261,202,35240,California
Mendocino,2021-04-07,490,62858,179,31460,65,29735,246,1663,116,6970,371,28632,362,35602,California
Mendocino,2021-04-08,1503,64361,924,32384,464,30199,115,1778,1011,7611,486,29118,1127,36729,California
Mendocino,2021-04-09,759,65120,427,32811,171,30370,161,1939,396,7807,362,29480,558,37287,California
Mendocino,2021-04-10,406,65526,91,32902,269,30639,46,1985,99,7645,307,29787,145,37432,California
Mendocino,2021-04-11,122,65648,47,32949,19,30658,56,2041,59,7697,63,29850,115,37547,California
Mendocino,2021-04-12,621,66269,513,33462,48,30706,60,2101,407,7950,214,30064,467,38014,California
Mendocino,2021-04-13,292,66561,227,33689,65,30771,0,2101,222,8103,70,30134,223,38237,California
Mendocino,2021-04-14,520,67081,428,34117,92,30863,0,2101,417,8417,103,30237,417,38654,California
Mendocino,2021-04-15,659,67740,329,34446,330,31193,0,2101,388,8539,266,30503,388,39042,California
Mendocino,2021-04-16,126,67866,53,34499,72,31265,1,2102,78,8570,47,30550,78,39120,California
Mendocino,2021-04-17,197,68063,13,34512,184,31449,0,2102,68,8511,127,30677,68,39188,California
Mendocino,2021-04-18,13,68076,6,34518,7,31456,0,2102,8,8515,4,30681,8,39196,California
Mendocino,2021-04-19,539,68615,515,35033,23,31479,1,2103,427,8832,111,30792,428,39624,California
Mendocino,2021-04-20,419,69034,292,35325,127,31606,0,2103,262,8938,156,30948,262,39886,California
Mendocino,2021-04-21,193,69227,133,35458,59,31665,1,2104,114,8975,77,31025,114,40000,California
Mendocino,2021-04-22,490,69717,314,35772,175,31840,1,2105,318,9124,169,31194,318,40318,California
Mendocino,2021-04-23,846,70563,704,36476,142,31982,0,2105,688,9657,155,31349,688,41006,California
Mendocino,2021-04-24,109,70672,15,36491,94,32076,0,2105,102,9752,7,31356,102,41108,California
Mendocino,2021-04-25,57,70729,33,36524,20,32096,4,2109,18,9735,39,31395,22,41130,California
Mendocino,2021-04-26,303,71032,237,36761,61,32157,5,2114,196,9830,106,31501,201,41331,California
Mendocino,2021-04-27,202,71234,90,36851,85,32242,27,2141,93,9841,108,31609,119,41450,California
Mendocino,2021-04-28,220,71454,148,36999,53,32295,19,2160,125,9891,95,31704,145,41595,California
Mendocino,2021-04-29,1144,72598,844,37843,285,32580,15,2175,107,8980,1033,32737,122,41717,California
Mendocino,2021-04-30,607,73205,385,38228,212,32792,10,2185,228,8840,378,33115,238,41955,California
Mendocino,2021-05-01,473,73678,435,38663,32,32824,6,2191,368,9110,104,33219,374,42329,California
Mendocino,2021-05-02,55,73733,46,38709,6,32830,3,2194,8,9075,46,33265,11,42340,California
Mendocino,2021-05-03,147,73880,86,38795,39,32869,22,2216,43,9038,102,33367,65,42405,California
Mendocino,2021-05-04,379,74259,254,39049,92,32961,33,2249,141,8974,238,33605,174,42579,California
Mendocino,2021-05-05,873,75132,788,39837,70,33031,15,2264,221,8558,651,34256,235,42814,California
Mendocino,2021-05-06,631,75763,381,40218,228,33259,22,2286,154,8259,475,34731,176,42990,California
Mendocino,2021-05-07,188,75951,36,40254,128,33387,24,2310,123,8342,64,34795,147,43137,California
Mendocino,2021-05-08,125,76076,4,40258,120,33507,1,2311,109,8437,15,34810,110,43247,California
Mendocino,2021-05-09,20,76096,5,40263,14,33521,1,2312,3,8424,17,34827,4,43251,California
Mendocino,2021-05-10,244,76340,161,40424,78,33599,5,2317,150,8485,94,34921,155,43406,California
Mendocino,2021-05-11,277,76617,143,40567,117,33716,17,2334,128,8480,149,35070,144,43550,California
Mendocino,2021-05-12,135,76752,80,40647,47,33763,8,2342,42,8439,91,35161,50,43600,California
Mendocino,2021-05-13,1209,77961,1108,41755,85,33848,16,2358,307,7861,901,36062,323,43923,California
Mendocino,2021-05-14,718,78679,491,42246,164,34012,63,2421,245,7701,468,36530,308,44231,California
Mendocino,2021-05-15,85,78764,29,42275,52,34064,4,2425,40,7700,45,36575,44,44275,California
Mendocino,2021-05-16,115,78879,102,42377,11,34075,2,2427,99,7785,16,36591,101,44376,California
Mendocino,2021-05-17,172,79051,83,42460,73,34148,16,2443,97,7823,75,36666,113,44489,California
Mendocino,2021-05-18,243,79294,117,42577,98,34246,28,2471,108,7824,134,36800,135,44624,California
Mendocino,2021-05-19,326,79620,193,42770,112,34358,21,2492,242,8005,82,36882,263,44887,California
Mendocino,2021-05-20,285,79905,112,42882,131,34489,42,2534,103,7971,179,37061,145,45032,California
Mendocino,2021-05-21,615,80520,459,43341,144,34633,12,2546,488,8345,126,37187,500,45532,California
Mendocino,2021-05-22,760,81280,660,44001,92,34725,8,2554,228,8050,531,37718,236,45768,California
Mendocino,2021-05-23,18,81298,11,44012,1,34726,6,2560,10,8059,7,37725,16,45784,California
Mendocino,2021-05-24,123,81421,46,44058,59,34785,18,2578,60,8075,62,37787,78,45862,California
Mendocino,2021-05-25,295,81716,175,44233,91,34876,29,2607,133,8075,162,37949,162,46024,California
Mendocino,2021-05-26,306,82022,229,44462,66,34942,11,2618,122,8025,183,38132,133,46157,California
Mendocino,2021-05-27,243,82265,113,44575,110,35052,20,2638,103,8009,139,38271,123,46280,California
Mendocino,2021-05-28,231,82496,101,44676,120,35172,10,2648,150,8090,79,38350,160,46440,California
Mendocino,2021-05-29,45,82541,16,44692,24,35196,5,2653,25,8100,20,38370,30,46470,California
Mendocino,2021-05-30,15,82556,3,44695,11,35207,1,2654,10,8106,5,38375,11,46481,California
Mendocino,2021-05-31,4,82560,0,44695,3,35210,1,2655,1,8105,3,38378,2,46483,California
Mendocino,2021-06-01,291,82851,88,44783,193,35403,10,2665,77,7978,214,38592,87,46570,California
Mendocino,2021-06-02,157,83008,61,44844,87,35490,9,2674,55,7941,101,38693,64,46634,California
Mendocino,2021-06-03,429,83437,386,45230,38,35528,5,2679,80,7682,344,39037,85,46719,California
Merced,2020-12-16,3,3,3,3,0,0,0,0,3,3,0,0,3,3,California
Merced,2020-12-17,6,9,6,9,0,0,0,0,6,9,0,0,6,9,California
Merced,2020-12-18,143,152,143,152,0,0,0,0,143,152,0,0,143,152,California
Merced,2020-12-19,39,191,39,191,0,0,0,0,39,191,0,0,39,191,California
Merced,2020-12-20,18,209,18,209,0,0,0,0,18,209,0,0,18,209,California
Merced,2020-12-21,125,334,122,331,3,3,0,0,125,334,0,0,125,334,California
Merced,2020-12-22,152,486,152,483,0,3,0,0,152,486,0,0,152,486,California
Merced,2020-12-23,250,736,244,727,6,9,0,0,250,736,0,0,250,736,California
Merced,2020-12-24,72,808,72,799,0,9,0,0,72,808,0,0,72,808,California
Merced,2020-12-25,4,812,4,803,0,9,0,0,4,812,0,0,4,812,California
Merced,2020-12-26,6,818,3,806,3,12,0,0,6,818,0,0,6,818,California
Merced,2020-12-27,12,830,11,817,1,13,0,0,12,830,0,0,12,830,California
Merced,2020-12-28,122,952,97,914,25,38,0,0,122,952,0,0,122,952,California
Merced,2020-12-29,179,1131,123,1037,56,94,0,0,179,1131,0,0,179,1131,California
Merced,2020-12-30,215,1346,89,1126,126,220,0,0,215,1346,0,0,215,1346,California
Merced,2020-12-31,103,1449,34,1160,69,289,0,0,103,1449,0,0,103,1449,California
Merced,2021-01-01,5,1454,1,1161,4,293,0,0,5,1454,0,0,5,1454,California
Merced,2021-01-02,129,1583,118,1279,11,304,0,0,129,1583,0,0,129,1583,California
Merced,2021-01-03,9,1592,5,1284,4,308,0,0,9,1592,0,0,9,1592,California
Merced,2021-01-04,81,1673,43,1327,38,346,0,0,81,1673,0,0,81,1673,California
Merced,2021-01-05,321,1994,232,1559,89,435,0,0,315,1984,6,6,317,1990,California
Merced,2021-01-06,257,2251,105,1664,152,587,0,0,251,2229,6,12,251,2241,California
Merced,2021-01-07,187,2438,83,1747,104,691,0,0,176,2393,12,24,176,2417,California
Merced,2021-01-08,527,2965,392,2139,135,826,0,0,376,2619,150,174,376,2793,California
Merced,2021-01-09,23,2988,10,2149,13,839,0,0,17,2630,6,180,17,2810,California
Merced,2021-01-10,11,2999,7,2156,4,843,0,0,7,2633,4,184,7,2817,California
Merced,2021-01-11,228,3227,169,2325,59,902,0,0,102,2611,126,310,104,2921,California
Merced,2021-01-12,294,3521,171,2496,123,1025,0,0,244,2804,51,361,244,3165,California
Merced,2021-01-13,378,3899,176,2672,202,1227,0,0,225,2879,153,514,228,3393,California
Merced,2021-01-14,323,4222,200,2872,123,1350,0,0,158,2874,164,678,159,3552,California
Merced,2021-01-15,587,4809,131,3003,456,1806,0,0,548,3385,40,718,551,4103,California
Merced,2021-01-16,214,5023,129,3132,85,1891,0,0,197,3565,17,735,197,4300,California
Merced,2021-01-17,50,5073,12,3144,38,1929,0,0,49,3613,1,736,49,4349,California
Merced,2021-01-18,262,5335,126,3270,136,2065,0,0,239,3833,23,759,243,4592,California
Merced,2021-01-19,711,6046,587,3857,124,2189,0,0,540,4207,171,930,545,5137,California
Merced,2021-01-20,572,6618,467,4324,105,2294,0,0,515,4668,57,987,518,5655,California
Merced,2021-01-21,1012,7630,651,4975,361,2655,0,0,912,5483,100,1087,915,6570,California
Merced,2021-01-22,1311,8941,692,5667,619,3274,0,0,1283,6751,27,1114,1295,7865,California
Merced,2021-01-23,324,9265,197,5864,127,3401,0,0,217,6861,107,1221,217,8082,California
Merced,2021-01-24,37,9302,15,5879,22,3423,0,0,28,6881,8,1229,28,8110,California
Merced,2021-01-25,729,10031,241,6120,488,3911,0,0,670,7494,58,1287,671,8781,California
Merced,2021-01-26,918,10949,488,6608,430,4341,0,0,676,7956,215,1502,677,9458,California
Merced,2021-01-27,984,11933,587,7195,397,4738,0,0,815,8604,167,1669,815,10273,California
Merced,2021-01-28,1140,13073,594,7789,546,5284,0,0,1016,9498,123,1792,1017,11290,California
Merced,2021-01-29,853,13926,324,8113,529,5813,0,0,599,9859,241,2033,602,11892,California
Merced,2021-01-30,262,14188,28,8141,234,6047,0,0,245,10087,17,2050,245,12137,California
Merced,2021-01-31,47,14235,11,8152,36,6083,0,0,46,10132,1,2051,46,12183,California
Merced,2021-02-01,377,14612,54,8206,323,6406,0,0,327,10411,49,2100,328,12511,California
Merced,2021-02-02,299,14911,181,8387,118,6524,0,0,177,10470,119,2219,178,12689,California
Merced,2021-02-03,349,15260,72,8459,277,6801,0,0,168,10457,181,2400,168,12857,California
Merced,2021-02-04,372,15632,146,8605,226,7027,0,0,241,10569,130,2530,242,13099,California
Merced,2021-02-05,512,16144,171,8776,341,7368,0,0,271,10602,240,2770,273,13372,California
Merced,2021-02-06,389,16533,218,8994,171,7539,0,0,245,10707,141,2911,246,13618,California
Merced,2021-02-07,21,16554,13,9007,8,7547,0,0,14,10714,7,2918,14,13632,California
Merced,2021-02-08,282,16836,198,9205,84,7631,0,0,171,10776,110,3028,172,13804,California
Merced,2021-02-09,1216,18052,956,10161,260,7891,0,0,773,11115,435,3463,774,14578,California
Merced,2021-02-10,1857,19909,1433,11594,424,8315,0,0,1274,11816,573,4036,1274,15852,California
Merced,2021-02-11,2511,22420,2012,13606,499,8814,0,0,1817,12951,682,4718,1817,17669,California
Merced,2021-02-12,1717,24137,1015,14621,702,9516,0,0,746,12745,954,5672,748,18417,California
Merced,2021-02-13,361,24498,206,14827,155,9671,0,0,262,12914,95,5767,264,18681,California
Merced,2021-02-14,117,24615,26,14853,91,9762,0,0,95,12988,22,5789,96,18777,California
Merced,2021-02-15,274,24889,42,14895,232,9994,0,0,169,13060,98,5887,170,18947,California
Merced,2021-02-16,1217,26106,845,15740,372,10366,0,0,835,13536,363,6250,839,19786,California
Merced,2021-02-17,1884,27990,1639,17379,245,10611,0,0,1311,14298,558,6808,1320,21106,California
Merced,2021-02-18,1213,29203,823,18202,390,11001,0,0,404,13917,788,7596,407,21513,California
Merced,2021-02-19,1266,30469,416,18618,850,11851,0,0,540,13739,720,8316,542,22055,California
Merced,2021-02-20,278,30747,32,18650,246,12097,0,0,140,13743,136,8452,140,22195,California
Merced,2021-02-21,77,30824,62,18712,15,12112,0,0,31,13729,45,8497,31,22226,California
Merced,2021-02-22,832,31656,294,19006,538,12650,0,0,481,13862,349,8846,482,22708,California
Merced,2021-02-23,1084,32740,423,19429,661,13311,0,0,639,14063,439,9285,640,23348,California
Merced,2021-02-24,819,33559,302,19731,517,13828,0,0,447,14148,363,9648,448,23796,California
Merced,2021-02-25,1771,35330,878,20609,893,14721,0,0,1317,15017,451,10099,1320,25116,California
Merced,2021-02-26,2155,37485,1379,21988,776,15497,0,0,1742,16354,406,10505,1743,26859,California
Merced,2021-02-27,2611,40096,1183,23171,1428,16925,0,0,2326,18396,284,10789,2326,29185,California
Merced,2021-02-28,309,40405,73,23244,236,17161,0,0,254,18599,51,10840,254,29439,California
Merced,2021-03-01,1121,41526,281,23525,839,18000,1,1,778,19044,334,11174,779,30218,California
Merced,2021-03-02,1757,43283,911,24436,845,18845,1,2,1363,20023,387,11561,1366,31584,California
Merced,2021-03-03,2230,45513,1734,26170,495,19340,1,3,1469,20752,742,12303,1471,33055,California
Merced,2021-03-04,2897,48410,2276,28446,619,19959,2,5,1922,21720,957,13260,1925,34980,California
Merced,2021-03-05,2075,50485,1196,29642,855,20814,24,29,1532,22748,529,13789,1557,36537,California
Merced,2021-03-06,1167,51652,663,30305,482,21296,22,51,911,23426,255,14044,933,37470,California
Merced,2021-03-07,230,51882,66,30371,139,21435,25,76,201,23623,29,14073,226,37696,California
Merced,2021-03-08,1407,53289,808,31179,534,21969,65,141,1191,24663,215,14288,1255,38951,California
Merced,2021-03-09,1701,54990,1004,32183,589,22558,108,249,1101,25278,594,14882,1209,40160,California
Merced,2021-03-10,2704,57694,1870,34053,634,23192,200,449,1628,26048,1061,15943,1831,41991,California
Merced,2021-03-11,1948,59642,695,34748,1048,24240,205,654,1227,26796,706,16649,1454,43445,California
Merced,2021-03-12,2212,61854,903,35651,1041,25281,268,922,1496,27861,711,17360,1776,45221,California
Merced,2021-03-13,885,62739,311,35962,333,25614,241,1163,579,28384,298,17658,821,46042,California
Merced,2021-03-14,249,62988,136,36098,83,25697,30,1193,149,28464,99,17757,179,46221,California
Merced,2021-03-15,1522,64510,497,36595,769,26466,256,1449,1003,29210,512,18269,1258,47479,California
Merced,2021-03-16,1470,65980,715,37310,529,26995,226,1675,980,29938,479,18748,1207,48686,California
Merced,2021-03-17,1974,67954,1065,38375,729,27724,180,1855,1516,31188,448,19196,1698,50384,California
Merced,2021-03-18,2122,70076,1251,39626,725,28449,146,2001,1396,32032,711,19907,1555,51939,California
Merced,2021-03-19,2670,72746,1457,41083,1020,29469,193,2194,1387,32340,1272,21179,1580,53519,California
Merced,2021-03-20,2447,75193,1518,42601,534,30003,395,2589,956,32208,1487,22666,1355,54874,California
Merced,2021-03-21,557,75750,343,42944,201,30204,13,2602,437,32540,120,22786,452,55326,California
Merced,2021-03-22,1264,77014,631,43575,557,30761,76,2678,886,33134,370,23156,964,56290,California
Merced,2021-03-23,1837,78851,1109,44684,664,31425,64,2742,1354,34075,477,23633,1418,57708,California
Merced,2021-03-24,1468,80319,928,45612,505,31930,35,2777,989,34626,473,24106,1024,58732,California
Merced,2021-03-25,3324,83643,2281,47893,1020,32950,23,2800,2083,35506,1229,25335,2109,60841,California
Merced,2021-03-26,1939,85582,1089,48982,815,33765,35,2835,892,35395,1037,26372,926,61767,California
Merced,2021-03-27,3564,89146,1907,50889,1240,35005,417,3252,1554,35370,1997,28369,1972,63739,California
Merced,2021-03-28,521,89667,215,51104,298,35303,8,3260,214,35287,305,28674,222,63961,California
Merced,2021-03-29,1829,91496,780,51884,882,36185,167,3427,670,34978,1150,29824,841,64802,California
Merced,2021-03-30,2150,93646,803,52687,1288,37473,59,3486,991,34877,1153,30977,1052,65854,California
Merced,2021-03-31,2146,95792,1410,54097,698,38171,38,3524,954,34693,1177,32154,993,66847,California
Merced,2021-04-01,2240,98032,1025,55122,1088,39259,127,3651,1011,34610,1223,33377,1140,67987,California
Merced,2021-04-02,2342,100374,640,55762,1298,40557,404,4055,787,34264,1538,34915,1192,69179,California
Merced,2021-04-03,915,101289,436,56198,464,41021,15,4070,505,34380,406,35321,522,69701,California
Merced,2021-04-04,371,101660,143,56341,224,41245,4,4074,142,34300,228,35549,148,69849,California
Merced,2021-04-05,1273,102933,607,56948,454,41699,212,4286,418,34081,848,36397,629,70478,California
Merced,2021-04-06,2426,105359,898,57846,700,42399,828,5114,891,34269,1530,37927,1718,72196,California
Merced,2021-04-07,1660,107019,890,58736,663,43062,107,5221,586,33909,1056,38983,696,72892,California
Merced,2021-04-08,2330,109349,1199,59935,916,43978,215,5436,842,33507,1457,40440,1055,73947,California
Merced,2021-04-09,1693,111042,471,60406,645,44623,577,6013,565,33540,1112,41552,1145,75092,California
Merced,2021-04-10,855,111897,366,60772,301,44924,188,6201,176,33229,673,42225,362,75454,California
Merced,2021-04-11,488,112385,281,61053,72,44996,135,6336,147,33173,339,42564,283,75737,California
Merced,2021-04-12,1459,113844,945,61998,391,45387,123,6459,828,33529,595,43159,951,76688,California
Merced,2021-04-13,2042,115886,1463,63461,576,45963,3,6462,937,33459,1014,44173,944,77632,California
Merced,2021-04-14,2052,117938,1218,64679,834,46797,0,6462,904,33349,1016,45189,906,78538,California
Merced,2021-04-15,3022,120960,1980,66659,1042,47839,0,6462,956,32477,1834,47023,962,79500,California
Merced,2021-04-16,2381,123341,1165,67824,1216,49055,0,6462,971,32137,1311,48334,971,80471,California
Merced,2021-04-17,1989,125330,1331,69155,657,49712,1,6463,594,31346,1387,49721,596,81067,California
Merced,2021-04-18,469,125799,247,69402,222,49934,0,6463,191,31286,251,49972,191,81258,California
Merced,2021-04-19,1338,127137,752,70154,586,50520,0,6463,708,31460,535,50507,709,81967,California
Merced,2021-04-20,1470,128607,738,70892,732,51252,0,6463,800,31660,600,51107,800,82767,California
Merced,2021-04-21,1479,130086,891,71783,588,51840,0,6463,753,31799,614,51721,753,83520,California
Merced,2021-04-22,1615,131701,743,72526,872,52712,0,6463,782,31830,752,52473,783,84303,California
Merced,2021-04-23,1647,133348,684,73210,963,53675,0,6463,887,32004,714,53187,888,85191,California
Merced,2021-04-24,575,133923,406,73616,169,53844,0,6463,391,32215,180,53367,391,85582,California
Merced,2021-04-25,327,134250,187,73803,140,53984,0,6463,193,32277,131,53498,193,85775,California
Merced,2021-04-26,1192,135442,524,74327,668,54652,0,6463,619,32358,540,54038,621,86396,California
Merced,2021-04-27,1746,137188,882,75209,854,55506,10,6473,699,32089,979,55017,710,87106,California
Merced,2021-04-28,1372,138560,681,75890,682,56188,9,6482,784,32317,566,55583,794,87900,California
Merced,2021-04-29,1409,139969,600,76490,784,56972,25,6507,654,32252,746,56329,681,88581,California
Merced,2021-04-30,1458,141427,616,77106,798,57770,44,6551,748,32339,706,57035,793,89374,California
Merced,2021-05-01,556,141983,240,77346,311,58081,5,6556,258,32306,295,57330,262,89636,California
Merced,2021-05-02,294,142277,118,77464,161,58242,15,6571,129,32288,164,57494,146,89782,California
Merced,2021-05-03,839,143116,546,78010,222,58464,71,6642,297,32118,539,58033,369,90151,California
Merced,2021-05-04,1013,144129,540,78550,421,58885,52,6694,371,31902,639,58672,423,90574,California
Merced,2021-05-05,1211,145340,716,79266,419,59304,76,6770,532,31842,668,59340,608,91182,California
Merced,2021-05-06,906,146246,472,79738,384,59688,50,6820,302,31598,596,59936,352,91534,California
Merced,2021-05-07,928,147174,291,80029,595,60283,42,6862,392,31502,532,60468,436,91970,California
Merced,2021-05-08,397,147571,202,80231,159,60442,36,6898,181,31504,215,60683,217,92187,California
Merced,2021-05-09,213,147784,107,80338,99,60541,7,6905,102,31503,110,60793,109,92296,California
Merced,2021-05-10,690,148474,353,80691,301,60842,36,6941,189,31228,500,61293,225,92521,California
Merced,2021-05-11,1108,149582,653,81344,402,61244,53,6994,426,31031,676,61969,479,93000,California
Merced,2021-05-12,986,150568,527,81871,420,61664,39,7033,314,30715,669,62638,353,93353,California
Merced,2021-05-13,802,151370,402,82273,358,62022,42,7075,298,30556,500,63138,341,93694,California
Merced,2021-05-14,1004,152374,616,82889,348,62370,40,7115,524,30647,473,63611,564,94258,California
Merced,2021-05-15,748,153122,566,83455,163,62533,19,7134,443,30812,298,63909,463,94721,California
Merced,2021-05-16,346,153468,231,83686,107,62640,8,7142,199,30876,144,64053,208,94929,California
Merced,2021-05-17,1048,154516,668,84354,351,62991,29,7171,505,30872,539,64592,535,95464,California
Merced,2021-05-18,1265,155781,846,85200,388,63379,31,7202,720,31085,538,65130,751,96215,California
Merced,2021-05-19,1088,156869,738,85938,343,63722,7,7209,610,31232,474,65604,621,96836,California
Merced,2021-05-20,906,157775,466,86404,385,64107,55,7264,338,31059,566,66170,393,97229,California
Merced,2021-05-21,1057,158832,605,87009,426,64533,26,7290,427,30892,620,66790,453,97682,California
Merced,2021-05-22,592,159424,409,87418,171,64704,12,7302,342,30998,248,67038,354,98036,California
Merced,2021-05-23,271,159695,200,87618,60,64764,11,7313,194,31126,77,67115,205,98241,California
Merced,2021-05-24,510,160205,224,87842,254,65018,32,7345,206,31063,301,67416,238,98479,California
Merced,2021-05-25,749,160954,420,88262,296,65314,33,7378,399,31149,346,67762,432,98911,California
Merced,2021-05-26,831,161785,505,88767,293,65607,33,7411,316,30984,514,68276,349,99260,California
Merced,2021-05-27,919,162704,648,89415,239,65846,32,7443,575,31253,339,68615,608,99868,California
Merced,2021-05-28,744,163448,339,89754,361,66207,44,7487,330,31220,409,69024,376,100244,California
Merced,2021-05-29,390,163838,272,90026,110,66317,8,7495,172,31184,216,69240,180,100424,California
Merced,2021-05-30,212,164050,144,90170,56,66373,12,7507,134,31252,78,69318,146,100570,California
Merced,2021-05-31,111,164161,24,90194,81,66454,6,7513,32,31213,77,69395,38,100608,California
Merced,2021-06-01,756,164917,448,90642,278,66732,30,7543,322,31134,431,69826,352,100960,California
Merced,2021-06-02,621,165538,447,91089,151,66883,23,7566,339,31221,275,70101,362,101322,California
Merced,2021-06-03,204,165742,84,91173,106,66989,14,7580,89,31209,115,70216,103,101425,California
Modoc,2020-12-16,1,1,1,1,0,0,0,0,1,1,0,0,1,1,California
Modoc,2020-12-21,99,100,99,100,0,0,0,0,99,100,0,0,99,100,California
Modoc,2020-12-22,14,114,14,114,0,0,0,0,14,114,0,0,14,114,California
Modoc,2020-12-23,4,118,4,118,0,0,0,0,4,118,0,0,4,118,California
Modoc,2020-12-24,1,119,1,119,0,0,0,0,1,119,0,0,1,119,California
Modoc,2020-12-28,2,121,2,121,0,0,0,0,2,121,0,0,2,121,California
Modoc,2020-12-29,10,131,1,122,9,9,0,0,10,131,0,0,10,131,California
Modoc,2020-12-30,7,138,0,122,7,16,0,0,7,138,0,0,7,138,California
Modoc,2021-01-02,3,141,1,123,2,18,0,0,3,141,0,0,3,141,California
Modoc,2021-01-04,8,149,0,123,8,26,0,0,8,149,0,0,8,149,California
Modoc,2021-01-05,3,152,2,125,1,27,0,0,3,152,0,0,3,152,California
Modoc,2021-01-06,3,155,2,127,1,28,0,0,2,153,1,1,2,154,California
Modoc,2021-01-07,72,227,0,127,72,100,0,0,72,225,0,1,72,226,California
Modoc,2021-01-08,105,332,0,127,105,205,0,0,105,330,0,1,105,331,California
Modoc,2021-01-10,1,333,1,128,0,205,0,0,0,329,1,2,0,331,California
Modoc,2021-01-11,90,423,81,209,9,214,0,0,19,277,71,73,19,350,California
Modoc,2021-01-12,94,517,25,234,69,283,0,0,68,319,26,99,68,418,California
Modoc,2021-01-13,24,541,4,238,20,303,0,0,22,339,2,101,22,440,California
Modoc,2021-01-14,129,670,6,244,123,426,0,0,124,458,5,106,124,564,California
Modoc,2021-01-15,6,676,1,245,5,431,0,0,6,464,0,106,6,570,California
Modoc,2021-01-16,1,677,1,246,0,431,0,0,1,465,0,106,1,571,California
Modoc,2021-01-18,1,678,1,247,0,431,0,0,1,466,0,106,1,572,California
Modoc,2021-01-19,5,683,3,250,2,433,0,0,3,467,2,108,3,575,California
Modoc,2021-01-20,11,694,1,251,10,443,0,0,11,478,0,108,11,586,California
Modoc,2021-01-21,157,851,2,253,155,598,0,0,157,635,0,108,157,743,California
Modoc,2021-01-22,2,853,0,253,2,600,0,0,2,637,0,108,2,745,California
Modoc,2021-01-25,11,864,0,253,11,611,0,0,11,648,0,108,11,756,California
Modoc,2021-01-26,65,929,1,254,64,675,0,0,65,713,0,108,65,821,California
Modoc,2021-01-27,41,970,2,256,39,714,0,0,25,722,16,124,25,846,California
Modoc,2021-01-28,146,1116,2,258,144,858,0,0,145,866,1,125,145,991,California
Modoc,2021-01-29,3,1119,1,259,2,860,0,0,3,869,0,125,3,994,California
Modoc,2021-02-01,26,1145,13,272,13,873,0,0,12,867,14,139,12,1006,California
Modoc,2021-02-02,170,1315,2,274,168,1041,0,0,167,1031,3,142,167,1173,California
Modoc,2021-02-03,18,1333,13,287,5,1046,0,0,11,1035,7,149,11,1184,California
Modoc,2021-02-04,154,1487,3,290,151,1197,0,0,26,933,128,277,26,1210,California
Modoc,2021-02-05,3,1490,2,292,1,1198,0,0,2,934,1,278,2,1212,California
Modoc,2021-02-08,9,1499,2,294,7,1205,0,0,8,941,1,279,8,1220,California
Modoc,2021-02-09,197,1696,13,307,184,1389,0,0,65,874,132,411,65,1285,California
Modoc,2021-02-10,5,1701,2,309,3,1392,0,0,4,877,1,412,4,1289,California
Modoc,2021-02-11,201,1902,3,312,198,1590,0,0,83,842,118,530,83,1372,California
Modoc,2021-02-12,4,1906,0,312,4,1594,0,0,2,842,2,532,2,1374,California
Modoc,2021-02-13,1,1907,0,312,1,1595,0,0,1,843,0,532,1,1375,California
Modoc,2021-02-16,147,2054,6,318,141,1736,0,0,143,982,4,536,143,1518,California
Modoc,2021-02-17,24,2078,1,319,23,1759,0,0,12,982,12,548,12,1530,California
Modoc,2021-02-18,188,2266,2,321,186,1945,0,0,25,846,162,710,26,1556,California
Modoc,2021-02-19,4,2270,4,325,0,1945,0,0,3,848,1,711,3,1559,California
Modoc,2021-02-20,1,2271,1,326,0,1945,0,0,0,847,1,712,0,1559,California
Modoc,2021-02-22,17,2288,9,335,8,1953,0,0,3,836,14,726,3,1562,California
Modoc,2021-02-23,20,2308,2,337,18,1971,0,0,1,818,19,745,1,1563,California
Modoc,2021-02-24,91,2399,1,338,90,2061,0,0,31,789,60,805,31,1594,California
Modoc,2021-02-25,169,2568,0,338,169,2230,0,0,12,644,157,962,12,1606,California
Modoc,2021-02-26,3,2571,0,338,3,2233,0,0,1,643,2,964,1,1607,California
Modoc,2021-02-27,3,2574,3,341,0,2233,0,0,2,644,1,965,2,1609,California
Modoc,2021-03-01,5,2579,0,341,5,2238,0,0,0,640,4,969,0,1609,California
Modoc,2021-03-02,193,2772,12,353,181,2419,0,0,26,499,167,1136,26,1635,California
Modoc,2021-03-03,12,2784,6,359,6,2425,0,0,2,491,10,1146,2,1637,California
Modoc,2021-03-04,174,2958,2,361,172,2597,0,0,147,611,27,1173,147,1784,California
Modoc,2021-03-05,4,2962,3,364,1,2598,0,0,2,611,2,1175,2,1786,California
Modoc,2021-03-06,11,2973,0,364,1,2599,10,10,1,612,10,1185,11,1797,California
Modoc,2021-03-07,8,2981,2,366,0,2599,6,16,2,614,6,1191,8,1805,California
Modoc,2021-03-08,8,2989,1,367,3,2602,4,20,1,613,6,1197,5,1810,California
Modoc,2021-03-09,126,3115,10,377,108,2710,8,28,61,617,65,1262,69,1879,California
Modoc,2021-03-10,9,3124,3,380,2,2712,4,32,4,620,5,1267,8,1887,California
Modoc,2021-03-11,207,3331,0,380,99,2811,108,140,22,565,185,1452,130,2017,California
Modoc,2021-03-12,11,3342,2,382,4,2815,5,145,4,567,7,1459,9,2026,California
Modoc,2021-03-13,4,3346,0,382,1,2816,3,148,1,568,3,1462,4,2030,California
Modoc,2021-03-15,12,3358,1,383,10,2826,1,149,10,577,2,1464,11,2041,California
Modoc,2021-03-16,173,3531,1,384,168,2994,4,153,42,491,131,1595,45,2086,California
Modoc,2021-03-17,10,3541,1,385,4,2998,5,158,2,490,8,1603,7,2093,California
Modoc,2021-03-18,68,3609,2,387,59,3057,7,165,36,501,32,1635,43,2136,California
Modoc,2021-03-19,5,3614,0,387,0,3057,5,170,0,501,5,1640,5,2141,California
Modoc,2021-03-20,5,3619,2,389,0,3057,3,173,0,499,5,1645,3,2144,California
Modoc,2021-03-21,4,3623,1,390,1,3058,2,175,2,501,2,1647,4,2148,California
Modoc,2021-03-22,17,3640,1,391,11,3069,5,180,12,513,5,1652,17,2165,California
Modoc,2021-03-23,37,3677,7,398,27,3096,3,183,28,535,9,1661,31,2196,California
Modoc,2021-03-24,29,3706,1,399,18,3114,10,193,1,518,28,1689,11,2207,California
Modoc,2021-03-25,77,3783,1,400,74,3188,2,195,45,533,32,1721,47,2254,California
Modoc,2021-03-26,7,3790,2,402,2,3190,3,198,2,533,5,1726,5,2259,California
Modoc,2021-03-27,2,3792,0,402,1,3191,1,199,1,534,1,1727,2,2261,California
Modoc,2021-03-28,2,3794,1,403,0,3191,1,200,0,533,2,1729,1,2262,California
Modoc,2021-03-29,14,3808,1,404,5,3196,8,208,5,537,9,1738,13,2275,California
Modoc,2021-03-30,55,3863,10,414,38,3234,7,215,21,531,34,1772,28,2303,California
Modoc,2021-03-31,9,3872,3,417,2,3236,4,219,3,532,6,1778,7,2310,California
Modoc,2021-04-01,167,4039,2,419,160,3396,5,224,32,434,135,1913,37,2347,California
Modoc,2021-04-02,5,4044,0,419,2,3398,3,227,1,435,3,1916,4,2351,California
Modoc,2021-04-03,5,4049,2,421,0,3398,3,230,2,437,2,1918,4,2355,California
Modoc,2021-04-05,9,4058,0,421,9,3407,0,230,9,446,0,1918,9,2364,California
Modoc,2021-04-06,24,4082,5,426,9,3416,10,240,6,444,18,1936,16,2380,California
Modoc,2021-04-07,12,4094,1,427,4,3420,7,247,3,445,9,1945,10,2390,California
Modoc,2021-04-08,96,4190,1,428,92,3512,3,250,26,404,70,2015,29,2419,California
Modoc,2021-04-09,11,4201,2,430,6,3518,3,253,2,399,9,2024,4,2423,California
Modoc,2021-04-10,5,4206,0,430,1,3519,4,257,0,398,5,2029,4,2427,California
Modoc,2021-04-11,2,4208,2,432,0,3519,0,257,1,398,1,2030,1,2428,California
Modoc,2021-04-12,14,4222,0,432,10,3529,4,261,1,392,11,2041,5,2433,California
Modoc,2021-04-13,30,4252,29,461,1,3530,0,261,21,404,9,2050,21,2454,California
Modoc,2021-04-14,2,4254,2,463,0,3530,0,261,1,404,1,2051,1,2455,California
Modoc,2021-04-15,100,4354,0,463,100,3630,0,261,27,358,73,2124,27,2482,California
Modoc,2021-04-16,4,4358,4,467,0,3630,0,261,3,360,1,2125,3,2485,California
Modoc,2021-04-17,2,4360,2,469,0,3630,0,261,2,362,0,2125,2,2487,California
Modoc,2021-04-18,1,4361,0,469,1,3631,0,261,1,363,0,2125,1,2488,California
Modoc,2021-04-19,6,4367,0,469,6,3637,0,261,1,359,5,2130,1,2489,California
Modoc,2021-04-20,26,4393,2,471,24,3661,0,261,8,349,18,2148,8,2497,California
Modoc,2021-04-21,4,4397,4,475,0,3661,0,261,1,347,3,2151,1,2498,California
Modoc,2021-04-22,97,4494,3,478,94,3755,0,261,40,330,57,2208,40,2538,California
Modoc,2021-04-23,4,4498,0,478,4,3759,0,261,3,332,1,2209,3,2541,California
Modoc,2021-04-24,3,4501,1,479,1,3760,1,262,2,334,1,2210,3,2544,California
Modoc,2021-04-25,1,4502,1,480,0,3760,0,262,1,335,0,2210,1,2545,California
Modoc,2021-04-26,8,4510,1,481,7,3767,0,262,3,333,5,2215,3,2548,California
Modoc,2021-04-27,6,4516,4,485,1,3768,1,263,1,330,5,2220,2,2550,California
Modoc,2021-04-28,6,4522,1,486,4,3772,1,264,2,329,4,2224,3,2553,California
Modoc,2021-04-29,66,4588,2,488,64,3836,0,264,24,311,42,2266,24,2577,California
Modoc,2021-04-30,5,4593,4,492,1,3837,0,264,3,312,2,2268,3,2580,California
Modoc,2021-05-01,1,4594,1,493,0,3837,0,264,0,311,1,2269,0,2580,California
Modoc,2021-05-02,4,4598,3,496,1,3838,0,264,3,313,1,2270,3,2583,California
Modoc,2021-05-03,10,4608,0,496,9,3847,1,265,0,304,10,2280,1,2584,California
Modoc,2021-05-04,11,4619,3,499,6,3853,2,267,5,305,6,2286,7,2591,California
Modoc,2021-05-05,27,4646,24,523,2,3855,1,268,8,295,19,2305,9,2600,California
Modoc,2021-05-06,54,4700,3,526,49,3904,2,270,21,285,33,2338,23,2623,California
Modoc,2021-05-07,8,4708,3,529,3,3907,2,272,2,283,6,2344,4,2627,California
Modoc,2021-05-08,3,4711,2,531,0,3907,1,273,1,283,2,2346,2,2629,California
Modoc,2021-05-09,2,4713,2,533,0,3907,0,273,1,283,1,2347,1,2630,California
Modoc,2021-05-10,2,4715,0,533,1,3908,1,274,1,284,1,2348,2,2632,California
Modoc,2021-05-11,3,4718,2,535,0,3908,1,275,0,282,3,2351,1,2633,California
Modoc,2021-05-12,2,4720,0,535,0,3908,2,277,0,282,2,2353,2,2635,California
Modoc,2021-05-13,43,4763,1,536,38,3946,4,281,14,271,29,2382,18,2653,California
Modoc,2021-05-14,10,4773,4,540,1,3947,5,286,4,274,6,2388,9,2662,California
Modoc,2021-05-15,4,4777,3,543,1,3948,0,286,4,278,0,2388,4,2666,California
Modoc,2021-05-16,3,4780,2,545,1,3949,0,286,0,275,3,2391,0,2666,California
Modoc,2021-05-17,5,4785,3,548,2,3951,0,286,4,278,1,2392,4,2670,California
Modoc,2021-05-18,22,4807,11,559,9,3960,2,288,13,284,9,2401,15,2685,California
Modoc,2021-05-19,9,4816,2,561,3,3963,4,292,5,289,4,2405,9,2694,California
Modoc,2021-05-20,59,4875,3,564,47,4010,9,301,8,255,51,2456,17,2711,California
Modoc,2021-05-21,8,4883,6,570,1,4011,1,302,1,250,7,2463,2,2713,California
Modoc,2021-05-22,1,4884,1,571,0,4011,0,302,0,249,1,2464,0,2713,California
Modoc,2021-05-23,2,4886,2,573,0,4011,0,302,0,247,2,2466,0,2713,California
Modoc,2021-05-24,3,4889,1,574,0,4011,2,304,1,248,2,2468,3,2716,California
Modoc,2021-05-25,3,4892,1,575,2,4013,0,304,1,247,2,2470,1,2717,California
Modoc,2021-05-26,32,4924,29,604,3,4016,0,304,22,260,10,2480,23,2740,California
Modoc,2021-05-27,30,4954,2,606,23,4039,5,309,7,249,23,2503,12,2752,California
Modoc,2021-05-28,8,4962,1,607,4,4043,3,312,3,250,5,2508,6,2758,California
Modoc,2021-05-29,2,4964,1,608,1,4044,0,312,0,248,2,2510,0,2758,California
Modoc,2021-06-01,7,4971,0,608,6,4050,1,313,2,246,5,2515,3,2761,California
Modoc,2021-06-02,7,4978,0,608,5,4055,2,315,4,249,3,2518,6,2767,California
Modoc,2021-06-03,23,5001,0,608,21,4076,2,317,3,234,20,2538,5,2772,California
Mono,2020-12-18,1,1,1,1,0,0,0,0,1,1,0,0,1,1,California
Mono,2020-12-19,5,6,5,6,0,0,0,0,5,6,0,0,5,6,California
Mono,2020-12-20,7,13,7,13,0,0,0,0,7,13,0,0,7,13,California
Mono,2020-12-21,24,37,17,30,7,7,0,0,24,37,0,0,24,37,California
Mono,2020-12-22,66,103,65,95,1,8,0,0,66,103,0,0,66,103,California
Mono,2020-12-23,70,173,42,137,28,36,0,0,70,173,0,0,70,173,California
Mono,2020-12-24,3,176,1,138,2,38,0,0,3,176,0,0,3,176,California
Mono,2020-12-26,3,179,3,141,0,38,0,0,3,179,0,0,3,179,California
Mono,2020-12-27,1,180,0,141,1,39,0,0,1,180,0,0,1,180,California
Mono,2020-12-28,94,274,63,204,31,70,0,0,94,274,0,0,94,274,California
Mono,2020-12-29,29,303,29,233,0,70,0,0,29,303,0,0,29,303,California
Mono,2020-12-30,77,380,36,269,41,111,0,0,77,380,0,0,77,380,California
Mono,2020-12-31,4,384,1,270,3,114,0,0,4,384,0,0,4,384,California
Mono,2021-01-01,4,388,4,274,0,114,0,0,4,388,0,0,4,388,California
Mono,2021-01-02,2,390,2,276,0,114,0,0,2,390,0,0,2,390,California
Mono,2021-01-04,2,392,0,276,2,116,0,0,2,392,0,0,2,392,California
Mono,2021-01-05,45,437,2,278,43,159,0,0,44,435,1,1,44,436,California
Mono,2021-01-06,44,481,0,278,44,203,0,0,44,479,0,1,44,480,California
Mono,2021-01-07,55,536,3,281,52,255,0,0,54,532,1,2,54,534,California
Mono,2021-01-08,2,538,1,282,1,256,0,0,1,532,1,3,1,535,California
Mono,2021-01-09,4,542,4,286,0,256,0,0,0,528,4,7,0,535,California
Mono,2021-01-10,5,547,5,291,0,256,0,0,0,523,5,12,0,535,California
Mono,2021-01-11,8,555,5,296,3,259,0,0,4,523,4,16,4,539,California
Mono,2021-01-12,283,838,75,371,208,467,0,0,219,679,63,79,219,758,California
Mono,2021-01-13,233,1071,73,444,160,627,0,0,178,802,55,134,178,936,California
Mono,2021-01-14,73,1144,71,515,2,629,0,0,73,875,0,134,73,1009,California
Mono,2021-01-15,62,1206,2,517,60,689,0,0,62,937,0,134,62,1071,California
Mono,2021-01-16,4,1210,3,520,1,690,0,0,1,935,3,137,1,1072,California
Mono,2021-01-18,64,1274,55,575,9,699,0,0,2,875,62,199,2,1074,California
Mono,2021-01-19,210,1484,208,783,2,701,0,0,172,1010,38,237,173,1247,California
Mono,2021-01-20,231,1715,198,981,33,734,0,0,170,1119,61,298,170,1417,California
Mono,2021-01-21,3,1718,3,984,0,734,0,0,3,1122,0,298,3,1420,California
Mono,2021-01-22,4,1722,0,984,4,738,0,0,4,1126,0,298,4,1424,California
Mono,2021-01-23,594,2316,594,1578,0,738,0,0,593,1718,1,299,593,2017,California
Mono,2021-01-24,1,2317,0,1578,1,739,0,0,0,1717,1,300,0,2017,California
Mono,2021-01-25,201,2518,163,1741,38,777,0,0,162,1840,39,339,162,2179,California
Mono,2021-01-26,505,3023,503,2244,2,779,0,0,499,2333,6,345,499,2678,California
Mono,2021-01-27,5,3028,1,2245,4,783,0,0,5,2338,0,345,5,2683,California
Mono,2021-01-28,6,3034,2,2247,4,787,0,0,2,2336,4,349,2,2685,California
Mono,2021-01-30,200,3234,198,2445,2,789,0,0,199,2534,1,350,199,2884,California
Mono,2021-01-31,242,3476,137,2582,105,894,0,0,138,2568,104,454,138,3022,California
Mono,2021-02-01,27,3503,27,2609,0,894,0,0,0,2541,27,481,0,3022,California
Mono,2021-02-02,5,3508,0,2609,5,899,0,0,2,2540,3,484,2,3024,California
Mono,2021-02-03,4,3512,2,2611,2,901,0,0,2,2540,2,486,2,3026,California
Mono,2021-02-04,211,3723,158,2769,53,954,0,0,90,2509,121,607,90,3116,California
Mono,2021-02-05,617,4340,611,3380,6,960,0,0,614,3120,3,610,614,3730,California
Mono,2021-02-06,138,4478,137,3517,1,961,0,0,137,3256,1,611,137,3867,California
Mono,2021-02-07,2,4480,0,3517,2,963,0,0,2,3258,0,611,2,3869,California
Mono,2021-02-08,172,4652,172,3689,0,963,0,0,15,3117,156,767,15,3884,California
Mono,2021-02-09,226,4878,6,3695,220,1183,0,0,13,2917,213,980,13,3897,California
Mono,2021-02-10,536,5414,186,3881,350,1533,0,0,193,2768,343,1323,194,4091,California
Mono,2021-02-11,7,5421,4,3885,3,1536,0,0,2,2765,5,1328,2,4093,California
Mono,2021-02-12,84,5505,20,3905,64,1600,0,0,26,2733,58,1386,26,4119,California
Mono,2021-02-13,585,6090,585,4490,0,1600,0,0,25,2199,559,1945,25,4144,California
Mono,2021-02-15,165,6255,163,4653,2,1602,0,0,3,2042,160,2105,3,4147,California
Mono,2021-02-16,517,6772,514,5167,3,1605,0,0,45,1618,469,2574,45,4192,California
Mono,2021-02-17,7,6779,2,5169,5,1610,0,0,2,1615,5,2579,2,4194,California
Mono,2021-02-18,3,6782,2,5171,1,1611,0,0,2,1616,1,2580,2,4196,California
Mono,2021-02-19,54,6836,53,5224,1,1612,0,0,54,1670,0,2580,54,4250,California
Mono,2021-02-20,4,6840,4,5228,0,1612,0,0,4,1674,0,2580,4,4254,California
Mono,2021-02-21,6,6846,6,5234,0,1612,0,0,4,1676,2,2582,4,4258,California
Mono,2021-02-22,283,7129,282,5516,1,1613,0,0,24,1442,258,2840,24,4282,California
Mono,2021-02-23,137,7266,117,5633,20,1633,0,0,22,1349,115,2955,22,4304,California
Mono,2021-02-24,11,7277,3,5636,8,1641,0,0,4,1346,7,2962,4,4308,California
Mono,2021-02-25,5,7282,2,5638,3,1644,0,0,3,1348,1,2963,3,4311,California
Mono,2021-02-26,598,7880,596,6234,2,1646,0,0,21,793,576,3539,21,4332,California
Mono,2021-02-27,141,8021,137,6371,4,1650,0,0,4,662,135,3674,4,4336,California
Mono,2021-03-01,2,8023,2,6373,0,1650,0,0,1,663,0,3674,1,4337,California
Mono,2021-03-02,6,8029,4,6377,2,1652,0,0,4,665,2,3676,4,4341,California
Mono,2021-03-03,113,8142,2,6379,111,1763,0,0,110,773,2,3678,110,4451,California
Mono,2021-03-04,5,8147,1,6380,4,1767,0,0,3,774,2,3680,3,4454,California
Mono,2021-03-05,37,8184,27,6407,10,1777,0,0,14,765,23,3703,14,4468,California
Mono,2021-03-06,508,8692,18,6425,490,2267,0,0,499,1258,7,3710,500,4968,California
Mono,2021-03-07,1,8693,0,6425,1,2268,0,0,0,1257,1,3711,0,4968,California
Mono,2021-03-08,536,9229,11,6436,522,2790,3,3,527,1778,9,3720,530,5498,California
Mono,2021-03-09,6,9235,2,6438,3,2793,1,4,3,1780,2,3722,4,5502,California
Mono,2021-03-10,286,9521,90,6528,193,2986,3,7,9,1518,274,3996,12,5514,California
Mono,2021-03-11,10,9531,0,6528,1,2987,9,16,0,1517,10,4006,9,5523,California
Mono,2021-03-12,7,9538,1,6529,1,2988,5,21,0,1515,7,4013,5,5528,California
Mono,2021-03-13,823,10361,386,6915,437,3425,0,21,815,2322,8,4021,815,6343,California
Mono,2021-03-14,4,10365,4,6919,0,3425,0,21,0,2318,4,4025,0,6343,California
Mono,2021-03-15,31,10396,23,6942,3,3428,5,26,14,2321,16,4041,19,6362,California
Mono,2021-03-16,16,10412,6,6948,4,3432,6,32,8,2327,8,4049,14,6376,California
Mono,2021-03-17,33,10445,5,6953,20,3452,8,40,21,2344,12,4061,29,6405,California
Mono,2021-03-18,21,10466,2,6955,11,3463,8,48,9,2349,12,4073,17,6422,California
Mono,2021-03-19,21,10487,1,6956,17,3480,3,51,17,2366,3,4076,20,6442,California
Mono,2021-03-20,5,10492,3,6959,1,3481,1,52,4,2370,1,4077,5,6447,California
Mono,2021-03-21,1,10493,1,6960,0,3481,0,52,1,2371,0,4077,1,6448,California
Mono,2021-03-22,11,10504,0,6960,6,3487,5,57,5,2375,6,4083,10,6458,California
Mono,2021-03-23,43,10547,6,6966,32,3519,5,62,17,2371,26,4109,22,6480,California
Mono,2021-03-24,13,10560,1,6967,7,3526,5,67,5,2373,8,4117,10,6490,California
Mono,2021-03-25,19,10579,3,6970,12,3538,4,71,12,2382,7,4124,16,6506,California
Mono,2021-03-26,19,10598,3,6973,11,3549,5,76,10,2389,8,4132,15,6521,California
Mono,2021-03-27,356,10954,353,7326,3,3552,0,76,329,2691,27,4159,329,6850,California
Mono,2021-03-29,10,10964,3,7329,6,3558,1,77,8,2698,2,4161,9,6859,California
Mono,2021-03-30,12,10976,0,7329,8,3566,4,81,7,2704,5,4166,11,6870,California
Mono,2021-03-31,134,11110,7,7336,126,3692,1,82,22,2616,111,4277,23,6893,California
Mono,2021-04-01,8,11118,0,7336,7,3699,1,83,3,2615,5,4282,4,6897,California
Mono,2021-04-02,18,11136,2,7338,16,3715,0,83,7,2611,11,4293,7,6904,California
Mono,2021-04-03,867,12003,372,7710,495,4210,0,83,50,1846,815,5108,50,6954,California
Mono,2021-04-05,533,12536,18,7728,514,4724,1,84,34,1385,498,5606,37,6991,California
Mono,2021-04-06,19,12555,1,7729,5,4729,13,97,1,1381,18,5624,14,7005,California
Mono,2021-04-07,26,12581,3,7732,3,4732,20,117,4,1383,22,5646,24,7029,California
Mono,2021-04-08,23,12604,4,7736,2,4734,17,134,5,1387,18,5664,22,7051,California
Mono,2021-04-09,37,12641,4,7740,4,4738,29,163,7,1393,30,5694,36,7087,California
Mono,2021-04-10,451,13092,2,7742,442,5180,7,170,30,1012,421,6115,40,7127,California
Mono,2021-04-11,1,13093,1,7743,0,5180,0,170,0,1011,1,6116,0,7127,California
Mono,2021-04-12,6,13099,0,7743,3,5183,3,173,3,1014,3,6119,6,7133,California
Mono,2021-04-13,20,13119,2,7745,17,5200,1,174,14,1023,6,6125,15,7148,California
Mono,2021-04-14,25,13144,1,7746,24,5224,0,174,7,1012,18,6143,7,7155,California
Mono,2021-04-15,20,13164,5,7751,15,5239,0,174,11,1014,9,6152,11,7166,California
Mono,2021-04-16,17,13181,1,7752,16,5255,0,174,6,1009,11,6163,6,7172,California
Mono,2021-04-17,51,13232,2,7754,49,5304,0,174,44,1046,7,6170,44,7216,California
Mono,2021-04-18,1,13233,0,7754,1,5305,0,174,1,1047,0,6170,1,7217,California
Mono,2021-04-19,526,13759,319,8073,207,5512,0,174,201,925,323,6493,201,7418,California
Mono,2021-04-20,16,13775,2,8075,14,5526,0,174,11,931,5,6498,11,7429,California
Mono,2021-04-21,8,13783,1,8076,7,5533,0,174,3,929,5,6503,3,7432,California
Mono,2021-04-22,25,13808,11,8087,14,5547,0,174,11,926,14,6517,11,7443,California
Mono,2021-04-23,22,13830,2,8089,20,5567,0,174,12,928,10,6527,12,7455,California
Mono,2021-04-24,36,13866,22,8111,14,5581,0,174,21,934,15,6542,21,7476,California
Mono,2021-04-25,3,13869,2,8113,1,5582,0,174,3,937,0,6542,3,7479,California
Mono,2021-04-26,10,13879,1,8114,9,5591,0,174,2,931,8,6550,2,7481,California
Mono,2021-04-27,66,13945,40,8154,19,5610,7,181,50,972,16,6566,57,7538,California
Mono,2021-04-28,63,14008,41,8195,18,5628,4,185,48,1011,13,6579,52,7590,California
Mono,2021-04-29,9,14017,2,8197,4,5632,3,188,2,1009,7,6586,5,7595,California
Mono,2021-04-30,16,14033,3,8200,10,5642,3,191,8,1012,8,6594,11,7606,California
Mono,2021-05-01,110,14143,4,8204,106,5748,0,191,97,1097,12,6606,97,7703,California
Mono,2021-05-03,1,14144,0,8204,1,5749,0,191,0,1096,1,6607,0,7703,California
Mono,2021-05-04,19,14163,0,8204,13,5762,6,197,10,1103,9,6616,16,7719,California
Mono,2021-05-05,54,14217,8,8212,42,5804,4,201,46,1145,8,6624,50,7769,California
Mono,2021-05-06,13,14230,3,8215,9,5813,1,202,9,1151,4,6628,10,7779,California
Mono,2021-05-07,29,14259,22,8237,7,5820,0,202,25,1172,4,6632,25,7804,California
Mono,2021-05-08,50,14309,5,8242,45,5865,0,202,22,1166,28,6660,22,7826,California
Mono,2021-05-10,17,14326,1,8243,12,5877,4,206,9,1171,8,6668,13,7839,California
Mono,2021-05-11,16,14342,2,8245,11,5888,3,209,5,1168,11,6679,8,7847,California
Mono,2021-05-12,12,14354,0,8245,11,5899,1,210,4,1165,8,6687,5,7852,California
Mono,2021-05-13,45,14399,32,8277,13,5912,0,210,36,1192,9,6696,36,7888,California
Mono,2021-05-14,10,14409,1,8278,8,5920,1,211,5,1193,5,6701,6,7894,California
Mono,2021-05-15,66,14475,25,8303,34,5954,7,218,18,1170,48,6749,25,7919,California
Mono,2021-05-16,6,14481,5,8308,1,5955,0,218,3,1170,3,6752,3,7922,California
Mono,2021-05-17,246,14727,33,8341,206,6161,7,225,54,1041,191,6943,62,7984,California
Mono,2021-05-18,133,14860,109,8450,23,6184,1,226,87,1083,46,6989,88,8072,California
Mono,2021-05-19,118,14978,112,8562,1,6185,5,231,75,1120,43,7032,80,8152,California
Mono,2021-05-20,70,15048,54,8616,10,6195,6,237,53,1162,17,7049,59,8211,California
Mono,2021-05-21,26,15074,5,8621,19,6214,2,239,12,1162,14,7063,14,8225,California
Mono,2021-05-22,19,15093,10,8631,7,6221,2,241,13,1171,6,7069,15,8240,California
Mono,2021-05-23,4,15097,1,8632,3,6224,0,241,3,1173,1,7070,3,8243,California
Mono,2021-05-24,10,15107,1,8633,9,6233,0,241,7,1177,3,7073,7,8250,California
Mono,2021-05-25,15,15122,6,8639,9,6242,0,241,8,1178,7,7080,8,8258,California
Mono,2021-05-26,18,15140,3,8642,14,6256,1,242,8,1177,10,7090,9,8267,California
Mono,2021-05-27,10,15150,2,8644,8,6264,0,242,7,1182,2,7092,7,8274,California
Mono,2021-05-28,42,15192,27,8671,14,6278,1,243,10,1161,32,7124,11,8285,California
Mono,2021-05-29,125,15317,26,8697,97,6375,2,245,31,1100,94,7218,33,8318,California
Mono,2021-06-01,15,15332,6,8703,8,6383,1,246,8,1102,7,7225,9,8327,California
Mono,2021-06-02,48,15380,2,8705,46,6429,0,246,9,1072,39,7264,9,8336,California
Mono,2021-06-03,4,15384,1,8706,1,6430,2,248,0,1070,4,7268,2,8338,California
Monterey,2020-12-16,5,5,5,5,0,0,0,0,5,5,0,0,5,5,California
Monterey,2020-12-17,89,94,89,94,0,0,0,0,89,94,0,0,89,94,California
Monterey,2020-12-18,486,580,486,580,0,0,0,0,486,580,0,0,486,580,California
Monterey,2020-12-19,582,1162,581,1161,1,1,0,0,582,1162,0,0,582,1162,California
Monterey,2020-12-20,422,1584,422,1583,0,1,0,0,422,1584,0,0,422,1584,California
Monterey,2020-12-21,723,2307,723,2306,0,1,0,0,723,2307,0,0,723,2307,California
Monterey,2020-12-22,538,2845,525,2831,13,14,0,0,538,2845,0,0,538,2845,California
Monterey,2020-12-23,441,3286,266,3097,175,189,0,0,441,3286,0,0,441,3286,California
Monterey,2020-12-24,84,3370,10,3107,74,263,0,0,84,3370,0,0,84,3370,California
Monterey,2020-12-25,6,3376,0,3107,6,269,0,0,6,3376,0,0,6,3376,California
Monterey,2020-12-26,92,3468,5,3112,87,356,0,0,92,3468,0,0,92,3468,California
Monterey,2020-12-27,7,3475,4,3116,3,359,0,0,7,3475,0,0,7,3475,California
Monterey,2020-12-28,480,3955,25,3141,455,814,0,0,480,3955,0,0,480,3955,California
Monterey,2020-12-29,902,4857,168,3309,734,1548,0,0,902,4857,0,0,902,4857,California
Monterey,2020-12-30,568,5425,97,3406,471,2019,0,0,568,5425,0,0,568,5425,California
Monterey,2020-12-31,33,5458,11,3417,22,2041,0,0,33,5458,0,0,33,5458,California
Monterey,2021-01-01,13,5471,3,3420,10,2051,0,0,13,5471,0,0,13,5471,California
Monterey,2021-01-02,137,5608,134,3554,3,2054,0,0,137,5608,0,0,137,5608,California
Monterey,2021-01-03,30,5638,29,3583,1,2055,0,0,30,5638,0,0,30,5638,California
Monterey,2021-01-04,411,6049,18,3601,393,2448,0,0,411,6049,0,0,411,6049,California
Monterey,2021-01-05,753,6802,327,3928,426,2874,0,0,739,6774,14,14,739,6788,California
Monterey,2021-01-06,660,7462,175,4103,485,3359,0,0,637,7388,23,37,637,7425,California
Monterey,2021-01-07,750,8212,574,4677,176,3535,0,0,424,7488,324,361,424,7849,California
Monterey,2021-01-08,1095,9307,737,5414,358,3893,0,0,400,7193,695,1056,400,8249,California
Monterey,2021-01-09,967,10274,935,6349,32,3925,0,0,314,6855,652,1708,314,8563,California
Monterey,2021-01-10,274,10548,271,6620,3,3928,0,0,9,6599,265,1973,9,8572,California
Monterey,2021-01-11,1074,11622,988,7608,86,4014,0,0,369,6263,705,2678,369,8941,California
Monterey,2021-01-12,474,12096,395,8003,79,4093,0,0,211,6211,263,2941,211,9152,California
Monterey,2021-01-13,1218,13314,593,8596,625,4718,0,0,1172,7337,46,2987,1172,10324,California
Monterey,2021-01-14,1129,14443,169,8765,960,5678,0,0,1110,8432,19,3006,1114,11438,California
Monterey,2021-01-15,1049,15492,45,8810,1004,6682,0,0,1036,9455,13,3019,1036,12474,California
Monterey,2021-01-16,366,15858,301,9111,65,6747,0,0,361,9811,5,3024,361,12835,California
Monterey,2021-01-17,314,16172,293,9404,21,6768,0,0,301,10099,13,3037,301,13136,California
Monterey,2021-01-18,403,16575,46,9450,357,7125,0,0,381,10458,22,3059,381,13517,California
Monterey,2021-01-19,578,17153,395,9845,183,7308,0,0,419,10720,157,3216,419,13936,California
Monterey,2021-01-20,539,17692,268,10113,271,7579,0,0,333,10847,206,3422,333,14269,California
Monterey,2021-01-21,851,18543,93,10206,758,8337,0,0,741,11482,110,3532,745,15014,California
Monterey,2021-01-22,1057,19600,195,10401,862,9199,0,0,1018,12461,39,3571,1018,16032,California
Monterey,2021-01-23,243,19843,175,10576,68,9267,0,0,119,12459,123,3694,121,16153,California
Monterey,2021-01-24,57,19900,38,10614,19,9286,0,0,23,12448,34,3728,23,16176,California
Monterey,2021-01-25,804,20704,175,10789,629,9915,0,0,177,12005,620,4348,177,16353,California
Monterey,2021-01-26,948,21652,227,11016,721,10636,0,0,251,11559,697,5045,251,16604,California
Monterey,2021-01-27,872,22524,315,11331,557,11193,0,0,390,11467,482,5527,390,16994,California
Monterey,2021-01-28,2031,24555,739,12070,1292,12485,0,0,1690,12818,341,5868,1692,18686,California
Monterey,2021-01-29,1279,25834,709,12779,570,13055,0,0,1161,13863,117,5985,1162,19848,California
Monterey,2021-01-30,467,26301,295,13074,172,13227,0,0,211,13818,256,6241,211,20059,California
Monterey,2021-01-31,496,26797,72,13146,424,13651,0,0,485,14293,11,6252,486,20545,California
Monterey,2021-02-01,1660,28457,1149,14295,511,14162,0,0,1092,14818,567,6819,1092,21637,California
Monterey,2021-02-02,2174,30631,462,14757,1712,15874,0,0,1566,15777,607,7426,1566,23203,California
Monterey,2021-02-03,2343,32974,1053,15810,1290,17164,0,0,1565,16568,774,8200,1565,24768,California
Monterey,2021-02-04,2794,35768,2088,17898,706,17870,0,0,2484,18744,308,8508,2484,27252,California
Monterey,2021-02-05,3675,39443,2832,20730,843,18713,0,0,3234,21542,436,8944,3234,30486,California
Monterey,2021-02-06,1109,40552,380,21110,729,19442,0,0,762,21959,345,9289,762,31248,California
Monterey,2021-02-07,317,40869,268,21378,49,19491,0,0,99,21840,218,9507,99,31347,California
Monterey,2021-02-08,521,41390,291,21669,230,19721,0,0,430,22179,91,9598,430,31777,California
Monterey,2021-02-09,882,42272,684,22353,198,19919,0,0,570,22439,312,9910,572,32349,California
Monterey,2021-02-10,2093,44365,1110,23463,983,20902,0,0,1247,22841,846,10756,1248,33597,California
Monterey,2021-02-11,2513,46878,975,24438,1538,22440,0,0,1550,23432,961,11717,1552,35149,California
Monterey,2021-02-12,2604,49482,432,24870,2172,24612,0,0,1530,23890,1073,12790,1531,36680,California
Monterey,2021-02-13,1079,50561,49,24919,1030,25642,0,0,988,24788,90,12880,988,37668,California
Monterey,2021-02-14,600,51161,73,24992,527,26169,0,0,527,25242,73,12953,527,38195,California
Monterey,2021-02-15,1375,52536,161,25153,1214,27383,0,0,984,25838,389,13342,985,39180,California
Monterey,2021-02-16,1098,53634,245,25398,853,28236,0,0,873,26486,225,13567,873,40053,California
Monterey,2021-02-17,1957,55591,1167,26565,790,29026,0,0,1652,27836,304,13871,1654,41707,California
Monterey,2021-02-18,2239,57830,1179,27744,1060,30086,0,0,914,27441,1311,15182,916,42623,California
Monterey,2021-02-19,2952,60782,1539,29283,1413,31499,0,0,1353,27197,1598,16780,1354,43977,California
Monterey,2021-02-20,1023,61805,617,29900,406,31905,0,0,964,28103,58,16838,964,44941,California
Monterey,2021-02-21,1254,63059,1225,31125,29,31934,0,0,1183,29217,69,16907,1183,46124,California
Monterey,2021-02-22,1004,64063,855,31980,149,32083,0,0,652,29519,350,17257,652,46776,California
Monterey,2021-02-23,971,65034,624,32604,347,32430,0,0,305,29160,665,17922,306,47082,California
Monterey,2021-02-24,2484,67518,1328,33932,1156,33586,0,0,1857,30396,622,18544,1858,48940,California
Monterey,2021-02-25,4434,71952,2430,36362,2004,35590,0,0,1486,28942,2941,21485,1487,50427,California
Monterey,2021-02-26,5305,77257,3088,39450,2217,37807,0,0,2635,28911,2667,24152,2636,53063,California
Monterey,2021-02-27,1031,78288,187,39637,844,38651,0,0,814,29513,212,24364,814,53877,California
Monterey,2021-02-28,1539,79827,82,39719,1457,40108,0,0,1076,30131,458,24822,1076,54953,California
Monterey,2021-03-01,1291,81118,146,39865,1142,41250,3,3,748,30345,538,25360,752,55705,California
Monterey,2021-03-02,2809,83927,1735,41600,1074,42324,0,3,1941,31422,864,26224,1941,57646,California
Monterey,2021-03-03,3222,87149,1246,42846,1976,44300,0,3,1278,30759,1942,28166,1279,58925,California
Monterey,2021-03-04,4584,91733,1474,44320,3110,47410,0,3,2957,32093,1623,29789,2957,61882,California
Monterey,2021-03-05,3679,95412,1626,45946,1776,49186,277,280,3009,34710,669,30458,3286,65168,California
Monterey,2021-03-06,5092,100504,1081,47027,3704,52890,307,587,4176,38278,913,31371,4481,69649,California
Monterey,2021-03-07,525,101029,107,47134,170,53060,248,835,234,38467,291,31662,480,70129,California
Monterey,2021-03-08,1670,102699,327,47461,954,54014,389,1224,1121,39426,549,32211,1508,71637,California
Monterey,2021-03-09,1995,104694,696,48157,1024,55038,275,1499,1493,40691,501,32712,1766,73403,California
Monterey,2021-03-10,3197,107891,1038,49195,1669,56707,490,1989,1468,40924,1725,34437,1958,75361,California
Monterey,2021-03-11,4174,112065,1415,50610,2384,59091,375,2364,2402,41936,1765,36202,2777,78138,California
Monterey,2021-03-12,4436,116501,2054,52664,2242,61333,140,2504,2734,43112,1699,37901,2875,81013,California
Monterey,2021-03-13,5314,121815,970,53634,3997,65330,347,2851,3990,46129,1323,39224,4340,85353,California
Monterey,2021-03-14,2162,123977,1336,54970,801,66131,25,2876,579,45160,1573,40797,604,85957,California
Monterey,2021-03-15,3976,127953,1274,56244,2412,68543,290,3166,2279,46035,1693,42490,2568,88525,California
Monterey,2021-03-16,3535,131488,579,56823,2579,71122,377,3543,2113,47100,1420,43910,2485,91010,California
Monterey,2021-03-17,5837,137325,2365,59188,3215,74337,257,3800,4225,49981,1606,45516,4487,95497,California
Monterey,2021-03-18,4475,141800,2171,61359,2135,76472,169,3969,3110,51938,1359,46875,3316,98813,California
Monterey,2021-03-19,5496,147296,2564,63923,2785,79257,147,4116,4207,55009,1284,48159,4355,103168,California
Monterey,2021-03-20,3375,150671,422,64345,2258,81515,695,4811,2289,56910,1082,49241,2983,106151,California
Monterey,2021-03-21,634,151305,206,64551,419,81934,9,4820,561,57408,71,49312,569,106720,California
Monterey,2021-03-22,2498,153803,1443,65994,993,82927,62,4882,2285,59544,209,49521,2345,109065,California
Monterey,2021-03-23,4030,157833,2364,68358,1623,84550,43,4925,2562,60685,1463,50984,2604,111669,California
Monterey,2021-03-24,5128,162961,2126,70484,2686,87236,316,5241,3759,63392,1365,52349,4072,115741,California
Monterey,2021-03-25,5326,168287,1226,71710,3741,90977,359,5600,2683,63800,2635,54984,3043,118784,California
Monterey,2021-03-26,5458,173745,2620,74330,2760,93737,78,5678,2793,64019,2654,57638,2873,121657,California
Monterey,2021-03-27,4868,178613,1458,75788,3154,96891,256,5934,3130,65670,1735,59373,3386,125043,California
Monterey,2021-03-28,1120,179733,346,76134,765,97656,9,5943,626,65816,489,59862,635,125678,California
Monterey,2021-03-29,3233,182966,1417,77551,1802,99458,14,5957,2011,66631,1214,61076,2029,127707,California
Monterey,2021-03-30,4531,187497,2136,79687,2347,101805,48,6005,2789,67740,1732,62808,2841,130548,California
Monterey,2021-03-31,5448,192945,2426,82113,2223,104028,799,6804,3460,70006,1985,64793,4251,134799,California
Monterey,2021-04-01,6162,199107,2066,84179,3683,107711,413,7217,3119,70511,3028,67821,3533,138332,California
Monterey,2021-04-02,4809,203916,2276,86455,2466,110177,67,7284,3250,72276,1556,69377,3321,141653,California
Monterey,2021-04-03,5952,209868,1121,87576,3788,113965,1043,8327,1238,69847,4702,74079,2273,143926,California
Monterey,2021-04-04,774,210642,162,87738,597,114562,15,8342,498,70086,276,74355,515,144441,California
Monterey,2021-04-05,4021,214663,2482,90220,1307,115869,232,8574,1495,69295,2520,76875,1729,146170,California
Monterey,2021-04-06,3445,218108,1349,91569,1621,117490,475,9049,1180,68686,2263,79138,1654,147824,California
Monterey,2021-04-07,5704,223812,1389,92958,3800,121290,515,9564,2768,69047,2924,82062,3285,151109,California
Monterey,2021-04-08,6702,230514,3526,96484,2368,123658,808,10372,3311,69812,3385,85447,4150,155259,California
Monterey,2021-04-09,5816,236330,3481,99965,1695,125353,640,11012,2346,69403,3467,88914,3058,158317,California
Monterey,2021-04-10,10241,246571,4970,104935,3103,128456,2168,13180,4997,71340,5233,94147,7170,165487,California
Monterey,2021-04-11,5495,252066,4317,109252,571,129027,607,13787,4443,75341,1046,95193,5047,170534,California
Monterey,2021-04-12,4161,256227,1890,111142,1951,130978,320,14107,962,73582,3061,98254,1302,171836,California
Monterey,2021-04-13,3196,259423,732,111874,2459,133437,5,14112,1526,73466,1651,99905,1535,173371,California
Monterey,2021-04-14,6769,266192,3146,115020,3620,137057,3,14115,1837,70419,4914,104819,1867,175238,California
Monterey,2021-04-15,5903,272095,3910,118930,1993,139050,0,14115,3875,72299,1998,106817,3878,179116,California
Monterey,2021-04-16,4854,276949,2442,121372,2398,141448,14,14129,2250,71971,2592,109409,2264,181380,California
Monterey,2021-04-17,5626,282575,1359,122731,4267,145715,0,14129,3723,73806,1888,111297,3723,185103,California
Monterey,2021-04-18,843,283418,256,122987,587,146302,0,14129,237,73441,602,111899,237,185340,California
Monterey,2021-04-19,3734,287152,1290,124277,2444,148746,0,14129,1772,73259,1954,113853,1772,187112,California
Monterey,2021-04-20,3852,291004,1583,125860,2269,151015,0,14129,1590,72611,2239,116092,1591,188703,California
Monterey,2021-04-21,5934,296938,3179,129039,2755,153770,0,14129,2860,72435,3038,119130,2862,191565,California
Monterey,2021-04-22,4836,301774,1029,130068,3807,157577,0,14129,1989,71618,2806,121936,1989,193554,California
Monterey,2021-04-23,5797,307571,2634,132702,3162,160739,1,14130,2237,70320,3540,125476,2242,195796,California
Monterey,2021-04-24,4253,311824,587,133289,3666,164405,0,14130,1561,69206,2675,128151,1561,197357,California
Monterey,2021-04-25,1244,313068,611,133900,633,165038,0,14130,794,69560,440,128591,794,198151,California
Monterey,2021-04-26,3501,316569,2178,136078,1306,166344,17,14147,881,67863,2595,131186,898,199049,California
Monterey,2021-04-27,2682,319251,903,136981,1655,167999,124,14271,1164,67636,1514,132700,1287,200336,California
Monterey,2021-04-28,3615,322866,1373,138354,2089,170088,153,14424,2234,68649,1368,134068,2381,202717,California
Monterey,2021-04-29,4516,327382,2423,140777,2017,172105,76,14500,1653,67527,2852,136920,1730,204447,California
Monterey,2021-04-30,3194,330576,1657,142434,1462,173567,75,14575,796,66007,2389,139309,869,205316,California
Monterey,2021-05-01,5617,336193,4240,146674,1337,174904,40,14615,682,61810,4917,144226,720,206036,California
Monterey,2021-05-02,4362,340555,3935,150609,400,175304,27,14642,325,58138,4024,148250,352,206388,California
Monterey,2021-05-03,2551,343106,1567,152176,868,176172,116,14758,599,56911,1942,150192,715,207103,California
Monterey,2021-05-04,1790,344896,601,152777,1099,177271,90,14848,645,56515,1132,151324,736,207839,California
Monterey,2021-05-05,3319,348215,1196,153973,2038,179309,85,14933,1047,55387,2261,153585,1133,208972,California
Monterey,2021-05-06,4177,352392,2749,156722,1211,180520,217,15150,1126,53695,3035,156620,1343,210315,California
Monterey,2021-05-07,1991,354383,973,157695,919,181439,99,15249,704,53218,1279,157899,802,211117,California
Monterey,2021-05-08,2596,356979,1368,159063,904,182343,324,15573,929,52811,1656,159555,1249,212366,California
Monterey,2021-05-09,398,357377,116,159179,256,182599,26,15599,145,52730,252,159807,171,212537,California
Monterey,2021-05-10,2596,359973,1859,161038,690,183289,47,15646,330,50852,2256,162063,378,212915,California
Monterey,2021-05-11,1770,361743,908,161946,798,184087,64,15710,732,50626,1023,163086,797,213712,California
Monterey,2021-05-12,3678,365421,1965,163911,1640,185727,73,15783,786,48605,2881,165967,860,214572,California
Monterey,2021-05-13,2301,367722,1315,165226,929,186656,57,15840,1267,48903,1024,166991,1322,215894,California
Monterey,2021-05-14,1755,369477,501,165727,1177,187833,77,15917,695,48623,1051,168042,771,216665,California
Monterey,2021-05-15,3020,372497,527,166254,2258,190091,235,16152,648,47144,2361,170403,882,217547,California
Monterey,2021-05-16,886,373383,533,166787,281,190372,72,16224,226,46787,654,171057,297,217844,California
Monterey,2021-05-17,2195,375578,1291,168078,829,191201,75,16299,1039,46759,1143,172200,1115,218959,California
Monterey,2021-05-18,1735,377313,668,168746,1023,192224,44,16343,798,46675,928,173128,844,219803,California
Monterey,2021-05-19,3596,380909,2347,171093,1162,193386,87,16430,1944,47063,1645,174773,2033,221836,California
Monterey,2021-05-20,2324,383233,818,171911,1400,194786,106,16536,748,46358,1561,176334,856,222692,California
Monterey,2021-05-21,2848,386081,1214,173125,1543,196329,91,16627,889,45387,1951,178285,980,223672,California
Monterey,2021-05-22,1706,387787,611,173736,817,197146,278,16905,641,45242,1062,179347,917,224589,California
Monterey,2021-05-23,552,388339,410,174146,127,197273,15,16920,389,45488,158,179505,404,224993,California
Monterey,2021-05-24,1659,389998,496,174642,1099,198372,64,16984,591,45081,1062,180567,655,225648,California
Monterey,2021-05-25,1396,391394,525,175167,803,199175,68,17052,579,44927,801,181368,647,226295,California
Monterey,2021-05-26,2491,393885,989,176156,1449,200624,53,17105,986,44474,1492,182860,1039,227334,California
Monterey,2021-05-27,2467,396352,1343,177499,1066,201690,58,17163,891,43862,1561,184421,949,228283,California
Monterey,2021-05-28,1723,398075,578,178077,1089,202779,56,17219,757,43719,957,185378,814,229097,California
Monterey,2021-05-29,958,399033,619,178696,312,203091,27,17246,414,43617,543,185921,441,229538,California
Monterey,2021-05-30,370,399403,160,178856,197,203288,13,17259,148,43557,221,186142,161,229699,California
Monterey,2021-05-31,183,399586,31,178887,143,203431,9,17268,54,43491,129,186271,63,229762,California
Monterey,2021-06-01,1675,401261,887,179774,660,204091,128,17396,694,43344,966,187237,819,230581,California
Monterey,2021-06-02,1559,402820,921,180695,584,204675,54,17450,665,43174,888,188125,718,231299,California
Monterey,2021-06-03,1284,404104,812,181507,459,205134,13,17463,262,42434,1014,189139,274,231573,California
Napa,2020-12-16,12,12,12,12,0,0,0,0,12,12,0,0,12,12,California
Napa,2020-12-17,44,56,44,56,0,0,0,0,44,56,0,0,44,56,California
Napa,2020-12-18,102,158,102,158,0,0,0,0,102,158,0,0,102,158,California
Napa,2020-12-19,221,379,221,379,0,0,0,0,221,379,0,0,221,379,California
Napa,2020-12-20,190,569,190,569,0,0,0,0,190,569,0,0,190,569,California
Napa,2020-12-21,314,883,314,883,0,0,0,0,315,884,0,0,315,884,California
Napa,2020-12-22,341,1224,332,1215,9,9,0,0,341,1225,0,0,341,1225,California
Napa,2020-12-23,431,1655,321,1536,110,119,0,0,431,1656,0,0,431,1656,California
Napa,2020-12-24,139,1794,78,1614,61,180,0,0,139,1795,0,0,139,1795,California
Napa,2020-12-25,1,1795,1,1615,0,180,0,0,1,1796,0,0,1,1796,California
Napa,2020-12-26,39,1834,11,1626,28,208,0,0,39,1835,0,0,39,1835,California
Napa,2020-12-27,32,1866,16,1642,16,224,0,0,32,1867,0,0,32,1867,California
Napa,2020-12-28,252,2118,186,1828,66,290,0,0,281,2148,0,0,281,2148,California
Napa,2020-12-29,271,2389,214,2042,57,347,0,0,304,2452,0,0,304,2452,California
Napa,2020-12-30,631,3020,486,2528,145,492,0,0,639,3091,0,0,639,3091,California
Napa,2020-12-31,460,3480,371,2899,89,581,0,0,460,3551,0,0,460,3551,California
Napa,2021-01-01,1,3481,1,2900,0,581,0,0,1,3552,0,0,1,3552,California
Napa,2021-01-02,98,3579,93,2993,5,586,0,0,98,3650,0,0,98,3650,California
Napa,2021-01-03,13,3592,11,3004,2,588,0,0,9,3659,0,0,9,3659,California
Napa,2021-01-04,106,3698,63,3067,43,631,0,0,106,3765,0,0,106,3765,California
Napa,2021-01-05,162,3860,85,3152,77,708,0,0,145,3886,24,24,145,3910,California
Napa,2021-01-06,459,4319,113,3265,346,1054,0,0,396,4221,61,85,396,4306,California
Napa,2021-01-07,499,4818,235,3500,264,1318,0,0,398,4519,100,185,398,4704,California
Napa,2021-01-08,445,5263,230,3730,215,1533,0,0,261,4597,183,368,261,4965,California
Napa,2021-01-09,327,5590,302,4032,25,1558,0,0,190,4650,137,505,190,5155,California
Napa,2021-01-10,185,5775,102,4134,83,1641,0,0,108,4681,77,582,108,5263,California
Napa,2021-01-11,881,6656,427,4561,454,2095,0,0,507,4815,375,957,509,5772,California
Napa,2021-01-12,1319,7975,373,4934,946,3041,0,0,1001,5498,318,1275,1001,6773,California
Napa,2021-01-13,1313,9288,265,5199,1048,4089,0,0,1150,6487,162,1437,1151,7924,California
Napa,2021-01-14,1051,10339,171,5370,880,4969,0,0,933,7304,116,1553,933,8857,California
Napa,2021-01-15,1459,11798,384,5754,1075,6044,0,0,1310,8458,157,1710,1311,10168,California
Napa,2021-01-16,357,12155,133,5887,224,6268,0,0,340,8781,17,1727,340,10508,California
Napa,2021-01-17,339,12494,174,6061,165,6433,0,0,329,9100,10,1737,329,10837,California
Napa,2021-01-18,1080,13574,197,6258,883,7316,0,0,989,9998,91,1828,989,11826,California
Napa,2021-01-19,1009,14583,405,6663,604,7920,0,0,766,10522,242,2070,766,12592,California
Napa,2021-01-20,827,15410,187,6850,640,8560,0,0,643,10983,182,2252,643,13235,California
Napa,2021-01-21,1336,16746,374,7224,962,9522,0,0,1081,11811,254,2506,1082,14317,California
Napa,2021-01-22,1545,18291,414,7638,1131,10653,0,0,1218,12704,326,2832,1219,15536,California
Napa,2021-01-23,398,18689,318,7956,80,10733,0,0,336,12978,62,2894,336,15872,California
Napa,2021-01-24,265,18954,188,8144,77,10810,0,0,208,13129,57,2951,208,16080,California
Napa,2021-01-25,1521,20475,229,8373,1292,12102,0,0,1431,14470,90,3041,1431,17511,California
Napa,2021-01-26,878,21353,285,8658,593,12695,0,0,786,15165,92,3133,787,18298,California
Napa,2021-01-27,631,21984,222,8880,409,13104,0,0,472,15478,160,3293,473,18771,California
Napa,2021-01-28,387,22371,175,9055,212,13316,0,0,196,15485,189,3482,196,18967,California
Napa,2021-01-29,261,22632,65,9120,196,13512,0,0,163,15550,98,3580,163,19130,California
Napa,2021-01-30,816,23448,705,9825,111,13623,0,0,648,16030,168,3748,648,19778,California
Napa,2021-01-31,686,24134,654,10479,32,13655,0,0,662,16668,24,3772,662,20440,California
Napa,2021-02-01,321,24455,113,10592,208,13863,0,0,164,16675,157,3929,164,20604,California
Napa,2021-02-02,609,25064,279,10871,330,14193,0,0,300,16669,306,4235,300,20904,California
Napa,2021-02-03,745,25809,308,11179,437,14630,0,0,430,16785,314,4549,430,21334,California
Napa,2021-02-04,788,26597,371,11550,417,15047,0,0,438,16875,348,4897,438,21772,California
Napa,2021-02-05,711,27308,310,11860,401,15448,0,0,342,16848,369,5266,342,22114,California
Napa,2021-02-06,434,27742,146,12006,288,15736,0,0,328,17070,106,5372,328,22442,California
Napa,2021-02-07,175,27917,162,12168,13,15749,0,0,70,17035,105,5477,70,22512,California
Napa,2021-02-08,836,28753,192,12360,644,16393,0,0,275,16752,558,6035,275,22787,California
Napa,2021-02-09,1084,29837,449,12809,635,17028,0,0,440,16549,643,6678,440,23227,California
Napa,2021-02-10,1725,31562,193,13002,1532,18560,0,0,451,15730,1271,7949,452,23679,California
Napa,2021-02-11,1492,33054,192,13194,1300,19860,0,0,404,15059,1075,9024,404,24083,California
Napa,2021-02-12,2170,35224,844,14038,1326,21186,0,0,729,14351,1437,10461,729,24812,California
Napa,2021-02-13,503,35727,53,14091,450,21636,0,0,317,14482,186,10647,317,25129,California
Napa,2021-02-14,355,36082,86,14177,269,21905,0,0,193,14513,162,10809,193,25322,California
Napa,2021-02-15,876,36958,182,14359,694,22599,0,0,223,14085,651,11460,223,25545,California
Napa,2021-02-16,1289,38247,597,14956,692,23291,0,0,613,14024,674,12134,613,26158,California
Napa,2021-02-17,1048,39295,531,15487,517,23808,0,0,477,13933,569,12703,478,26636,California
Napa,2021-02-18,1903,41198,485,15972,1418,25226,0,0,661,13355,1239,13942,661,27297,California
Napa,2021-02-19,1480,42678,585,16557,895,26121,0,0,675,13226,804,14746,675,27972,California
Napa,2021-02-20,823,43501,597,17154,226,26347,0,0,271,12945,552,15298,271,28243,California
Napa,2021-02-21,816,44317,752,17906,64,26411,0,0,184,12497,632,15930,184,28427,California
Napa,2021-02-22,447,44764,190,18096,257,26668,0,0,141,12332,306,16236,141,28568,California
Napa,2021-02-23,1133,45897,306,18402,827,27495,0,0,317,11833,816,17052,317,28885,California
Napa,2021-02-24,1165,47062,644,19046,521,28016,0,0,577,11824,586,17638,577,29462,California
Napa,2021-02-25,2560,49622,1224,20270,1336,29352,0,0,1848,12961,711,18349,1848,31310,California
Napa,2021-02-26,1508,51130,527,20797,981,30333,0,0,593,12641,913,19262,593,31903,California
Napa,2021-02-27,1117,52247,386,21183,731,31064,0,0,865,13256,250,19512,865,32768,California
Napa,2021-02-28,563,52810,461,21644,102,31166,0,0,463,13621,98,19610,463,33231,California
Napa,2021-03-01,1107,53917,817,22461,290,31456,0,0,832,14181,272,19882,832,34063,California
Napa,2021-03-02,1507,55424,1048,23509,459,31915,0,0,1163,15001,343,20225,1163,35226,California
Napa,2021-03-03,1565,56989,694,24203,871,32786,0,0,1376,16189,188,20413,1376,36602,California
Napa,2021-03-04,1716,58705,788,24991,928,33714,0,0,1477,17430,236,20649,1477,38079,California
Napa,2021-03-05,1901,60606,791,25782,1106,34820,4,4,1483,18501,416,21065,1487,39566,California
Napa,2021-03-06,657,61263,289,26071,337,35157,31,35,544,18965,111,21176,575,40141,California
Napa,2021-03-07,521,61784,317,26388,189,35346,15,50,377,19213,144,21320,392,40533,California
Napa,2021-03-08,715,62499,336,26724,326,35672,53,103,538,19629,175,21495,591,41124,California
Napa,2021-03-09,1686,64185,606,27330,1034,36706,46,149,1251,20494,432,21927,1297,42421,California
Napa,2021-03-10,1498,65683,923,28253,481,37187,94,243,798,20687,696,22623,889,43310,California
Napa,2021-03-11,1881,67564,1061,29314,690,37877,130,373,989,20913,892,23515,1118,44428,California
Napa,2021-03-12,1517,69081,918,30232,503,38380,96,469,810,21113,705,24220,905,45333,California
Napa,2021-03-13,1177,70258,310,30542,842,39222,25,494,836,21635,339,24559,861,46194,California
Napa,2021-03-14,620,70878,336,30878,135,39357,149,643,218,21600,401,24960,366,46560,California
Napa,2021-03-15,955,71833,411,31289,474,39831,70,713,480,21677,473,25433,550,47110,California
Napa,2021-03-16,1852,73685,392,31681,1333,41164,127,840,1384,22724,465,25898,1512,48622,California
Napa,2021-03-17,2519,76204,1855,33536,485,41649,179,1019,1606,23597,912,26810,1785,50407,California
Napa,2021-03-18,2135,78339,941,34477,1183,42832,11,1030,1304,24084,828,27638,1315,51722,California
Napa,2021-03-19,1451,79790,879,35356,544,43376,28,1058,710,24084,738,28376,738,52460,California
Napa,2021-03-20,1010,80800,530,35886,327,43703,153,1211,427,24082,582,28958,580,53040,California
Napa,2021-03-21,705,81505,682,36568,20,43723,3,1214,349,24079,355,29313,352,53392,California
Napa,2021-03-22,1298,82803,1122,37690,165,43888,11,1225,495,23787,798,30111,506,53898,California
Napa,2021-03-23,1876,84679,1183,38873,676,44564,17,1242,1003,23938,869,30980,1020,54918,California
Napa,2021-03-24,1709,86388,945,39818,756,45320,8,1250,818,23874,890,31870,826,55744,California
Napa,2021-03-25,1926,88314,1053,40871,819,46139,54,1304,768,23544,1152,33022,822,56566,California
Napa,2021-03-26,1309,89623,839,41710,464,46603,6,1310,593,23432,711,33733,599,57165,California
Napa,2021-03-27,943,90566,434,42144,482,47085,27,1337,311,23138,632,34365,338,57503,California
Napa,2021-03-28,490,91056,379,42523,104,47189,7,1344,181,23019,307,34672,188,57691,California
Napa,2021-03-29,1201,92257,874,43397,322,47511,5,1349,729,23283,470,35142,734,58425,California
Napa,2021-03-30,2738,94995,933,44330,1801,49312,4,1353,1920,24390,818,35960,1925,60350,California
Napa,2021-03-31,1976,96971,963,45293,944,50256,69,1422,806,24096,1167,37127,873,61223,California
Napa,2021-04-01,1756,98727,844,46137,794,51050,118,1540,480,23426,1269,38396,599,61822,California
Napa,2021-04-02,1867,100594,837,46974,888,51938,142,1682,477,22661,1387,39783,622,62444,California
Napa,2021-04-03,634,101228,369,47343,206,52144,59,1741,211,22507,423,40206,269,62713,California
Napa,2021-04-04,358,101586,144,47487,156,52300,58,1799,123,22454,234,40440,181,62894,California
Napa,2021-04-05,1274,102860,758,48245,297,52597,219,2018,574,22548,699,41139,793,63687,California
Napa,2021-04-06,2247,105107,560,48805,1431,54028,256,2274,518,21600,1726,42865,778,64465,California
Napa,2021-04-07,1745,106852,711,49516,813,54841,221,2495,529,21146,1211,44076,757,65222,California
Napa,2021-04-08,1866,108718,1070,50586,420,55261,376,2871,962,21586,900,44976,1340,66562,California
Napa,2021-04-09,1554,110272,933,51519,317,55578,304,3175,683,21710,869,45845,993,67555,California
Napa,2021-04-10,1043,111315,348,51867,594,56172,101,3276,242,21261,800,46645,351,67906,California
Napa,2021-04-11,387,111702,300,52167,64,56236,23,3299,159,21215,228,46873,182,68088,California
Napa,2021-04-12,793,112495,305,52472,363,56599,125,3424,294,21133,497,47370,415,68503,California
Napa,2021-04-13,2545,115040,849,53321,1696,58295,0,3424,927,20450,1613,48983,930,69433,California
Napa,2021-04-14,2085,117125,984,54305,1101,59396,0,3424,1009,20391,1068,50051,1009,70442,California
Napa,2021-04-15,2057,119182,528,54833,1529,60925,0,3424,876,20092,1175,51226,876,71318,California
Napa,2021-04-16,2904,122086,1578,56411,1326,62251,0,3424,2189,21568,713,51939,2189,73507,California
Napa,2021-04-17,1133,123219,269,56680,864,63115,0,3424,834,22104,298,52237,834,74341,California
Napa,2021-04-18,266,123485,173,56853,93,63208,0,3424,118,22074,148,52385,118,74459,California
Napa,2021-04-19,610,124095,339,57192,271,63479,0,3424,266,21997,343,52728,266,74725,California
Napa,2021-04-20,3034,127129,2061,59253,973,64452,0,3424,2082,23129,951,53679,2083,76808,California
Napa,2021-04-21,2924,130053,2157,61410,767,65219,0,3424,1858,23928,1060,54739,1859,78667,California
Napa,2021-04-22,1713,131766,1193,62603,520,65739,0,3424,841,23902,867,55606,841,79508,California
Napa,2021-04-23,1625,133391,1248,63851,375,66114,2,3426,1148,24577,473,56079,1148,80656,California
Napa,2021-04-24,559,133950,317,64168,242,66356,0,3426,285,24591,271,56350,285,80941,California
Napa,2021-04-25,250,134200,192,64360,58,66414,0,3426,130,24602,119,56469,130,81071,California
Napa,2021-04-26,511,134711,263,64623,248,66662,0,3426,266,24628,240,56709,266,81337,California
Napa,2021-04-27,1683,136394,439,65062,1232,67894,12,3438,586,24132,1094,57803,598,81935,California
Napa,2021-04-28,982,137376,438,65500,527,68421,17,3455,321,23810,660,58463,338,82273,California
Napa,2021-04-29,650,138026,326,65826,305,68726,19,3474,199,23583,444,58907,217,82490,California
Napa,2021-04-30,605,138631,303,66129,237,68963,65,3539,248,23539,356,59263,312,82802,California
Napa,2021-05-01,323,138954,266,66395,46,69009,11,3550,119,23465,204,59467,130,82932,California
Napa,2021-05-02,237,139191,193,66588,38,69047,6,3556,99,23433,137,59604,105,83037,California
Napa,2021-05-03,624,139815,499,67087,90,69137,35,3591,103,23056,516,60120,139,83176,California
Napa,2021-05-04,1126,140941,717,67804,298,69435,111,3702,294,22633,828,60948,405,83581,California
Napa,2021-05-05,1019,141960,688,68492,295,69730,36,3738,256,22165,760,61708,292,83873,California
Napa,2021-05-06,717,142677,318,68810,376,70106,23,3761,372,22225,336,62044,396,84269,California
Napa,2021-05-07,962,143639,743,69553,158,70264,61,3822,193,21727,751,62795,253,84522,California
Napa,2021-05-08,255,143894,164,69717,80,70344,11,3833,89,21662,165,62960,100,84622,California
Napa,2021-05-09,108,144002,77,69794,31,70375,0,3833,50,21654,58,63018,50,84672,California
Napa,2021-05-10,418,144420,141,69935,258,70633,19,3852,108,21472,309,63327,127,84799,California
Napa,2021-05-11,2161,146581,1780,71715,355,70988,26,3878,371,20085,1784,65111,397,85196,California
Napa,2021-05-12,2156,148737,1347,73062,754,71742,55,3933,295,18579,1856,66967,350,85546,California
Napa,2021-05-13,1822,150559,1130,74192,654,72396,38,3971,765,18332,1050,68017,803,86349,California
Napa,2021-05-14,1911,152470,1143,75335,681,73077,87,4058,519,17553,1386,69403,607,86956,California
Napa,2021-05-15,1053,153523,347,75682,695,73772,11,4069,261,17038,788,70191,273,87229,California
Napa,2021-05-16,239,153762,159,75841,78,73850,2,4071,67,16935,172,70363,69,87298,California
Napa,2021-05-17,878,154640,347,76188,501,74351,30,4101,311,16766,510,70873,341,87639,California
Napa,2021-05-18,1039,155679,545,76733,436,74787,58,4159,502,16794,532,71405,560,88199,California
Napa,2021-05-19,929,156608,548,77281,351,75138,30,4189,519,16934,408,71813,548,88747,California
Napa,2021-05-20,578,157186,381,77662,169,75307,28,4217,375,17134,203,72016,403,89150,California
Napa,2021-05-21,431,157617,213,77875,187,75494,31,4248,187,17108,244,72260,218,89368,California
Napa,2021-05-22,393,158010,216,78091,170,75664,7,4255,159,17040,234,72494,166,89534,California
Napa,2021-05-23,351,158361,320,78411,21,75685,10,4265,272,17244,78,72572,282,89816,California
Napa,2021-05-24,365,158726,175,78586,169,75854,21,4286,149,17200,214,72786,170,89986,California
Napa,2021-05-25,400,159126,164,78750,169,76023,67,4353,136,17141,262,73048,203,90189,California
Napa,2021-05-26,543,159669,354,79104,164,76187,25,4378,320,17266,220,73268,345,90534,California
Napa,2021-05-27,373,160042,161,79265,184,76371,28,4406,158,17237,215,73483,186,90720,California
Napa,2021-05-28,393,160435,204,79469,165,76536,24,4430,164,17198,225,73708,186,90906,California
Napa,2021-05-29,132,160567,80,79549,46,76582,6,4436,77,17227,54,73762,83,90989,California
Napa,2021-05-30,100,160667,63,79612,32,76614,5,4441,34,17201,65,73827,39,91028,California
Napa,2021-05-31,46,160713,19,79631,20,76634,7,4448,11,17184,35,73862,18,91046,California
Napa,2021-06-01,585,161298,305,79936,257,76891,23,4471,273,17173,306,74168,295,91341,California
Napa,2021-06-02,398,161696,230,80166,146,77037,22,4493,195,17189,201,74369,217,91558,California
Napa,2021-06-03,145,161841,80,80246,58,77095,7,4500,41,17135,101,74470,47,91605,California
Nevada,2020-12-16,3,3,3,3,0,0,0,0,3,3,0,0,3,3,California
Nevada,2020-12-17,6,9,6,9,0,0,0,0,6,9,0,0,6,9,California
Nevada,2020-12-18,52,61,52,61,0,0,0,0,52,61,0,0,52,61,California
Nevada,2020-12-19,55,116,55,116,0,0,0,0,55,116,0,0,55,116,California
Nevada,2020-12-20,12,128,12,128,0,0,0,0,12,128,0,0,12,128,California
Nevada,2020-12-21,69,197,69,197,0,0,0,0,69,197,0,0,69,197,California
Nevada,2020-12-22,92,289,90,287,2,2,0,0,92,289,0,0,92,289,California
Nevada,2020-12-23,234,523,203,490,31,33,0,0,234,523,0,0,234,523,California
Nevada,2020-12-24,13,536,11,501,2,35,0,0,13,536,0,0,13,536,California
Nevada,2020-12-25,3,539,3,504,0,35,0,0,3,539,0,0,3,539,California
Nevada,2020-12-26,6,545,4,508,2,37,0,0,6,545,0,0,6,545,California
Nevada,2020-12-27,88,633,88,596,0,37,0,0,88,633,0,0,88,633,California
Nevada,2020-12-28,169,802,92,688,77,114,0,0,169,802,0,0,169,802,California
Nevada,2020-12-29,99,901,73,761,26,140,0,0,99,901,0,0,99,901,California
Nevada,2020-12-30,86,987,66,827,20,160,0,0,86,987,0,0,86,987,California
Nevada,2020-12-31,39,1026,9,836,30,190,0,0,39,1026,0,0,39,1026,California
Nevada,2021-01-01,2,1028,0,836,2,192,0,0,2,1028,0,0,2,1028,California
Nevada,2021-01-02,1,1029,1,837,0,192,0,0,1,1029,0,0,1,1029,California
Nevada,2021-01-03,129,1158,126,963,3,195,0,0,129,1158,0,0,129,1158,California
Nevada,2021-01-04,71,1229,47,1010,24,219,0,0,71,1229,0,0,71,1229,California
Nevada,2021-01-05,273,1502,132,1142,141,360,0,0,272,1500,1,1,272,1501,California
Nevada,2021-01-06,91,1593,43,1185,48,408,0,0,83,1575,8,9,83,1584,California
Nevada,2021-01-07,215,1808,43,1228,172,580,0,0,208,1778,6,15,209,1793,California
Nevada,2021-01-08,223,2031,129,1357,94,674,0,0,170,1896,53,68,171,1964,California
Nevada,2021-01-09,63,2094,56,1413,7,681,0,0,15,1863,48,116,15,1979,California
Nevada,2021-01-10,18,2112,9,1422,9,690,0,0,10,1865,8,124,10,1989,California
Nevada,2021-01-11,185,2297,131,1553,54,744,0,0,57,1794,128,252,57,2046,California
Nevada,2021-01-12,595,2892,449,2002,146,890,0,0,529,2257,66,318,529,2575,California
Nevada,2021-01-13,259,3151,146,2148,113,1003,0,0,125,2248,134,452,125,2700,California
Nevada,2021-01-14,237,3388,127,2275,110,1113,0,0,219,2450,17,469,219,2919,California
Nevada,2021-01-15,396,3784,170,2445,226,1339,0,0,298,2650,98,567,298,3217,California
Nevada,2021-01-16,297,4081,15,2460,282,1621,0,0,293,2939,4,571,293,3510,California
Nevada,2021-01-17,36,4117,32,2492,4,1625,0,0,34,2971,2,573,34,3544,California
Nevada,2021-01-18,155,4272,45,2537,110,1735,0,0,143,3102,12,585,143,3687,California
Nevada,2021-01-19,243,4515,85,2622,158,1893,0,0,223,3305,20,605,223,3910,California
Nevada,2021-01-20,269,4784,164,2786,105,1998,0,0,256,3548,13,618,256,4166,California
Nevada,2021-01-21,339,5123,207,2993,132,2130,0,0,326,3861,13,631,326,4492,California
Nevada,2021-01-22,368,5491,231,3224,137,2267,0,0,338,4169,30,661,338,4830,California
Nevada,2021-01-23,178,5669,105,3329,73,2340,0,0,178,4347,0,661,178,5008,California
Nevada,2021-01-24,106,5775,98,3427,8,2348,0,0,67,4375,39,700,67,5075,California
Nevada,2021-01-25,265,6040,136,3563,129,2477,0,0,204,4518,61,761,204,5279,California
Nevada,2021-01-26,402,6442,141,3704,261,2738,0,0,298,4712,104,865,298,5577,California
Nevada,2021-01-27,421,6863,248,3952,173,2911,0,0,397,5085,24,889,397,5974,California
Nevada,2021-01-28,470,7333,319,4271,151,3062,0,0,426,5468,43,932,426,6400,California
Nevada,2021-01-29,607,7940,394,4665,213,3275,0,0,579,6021,27,959,580,6980,California
Nevada,2021-01-30,232,8172,105,4770,127,3402,0,0,229,6247,3,962,229,7209,California
Nevada,2021-01-31,104,8276,87,4857,17,3419,0,0,102,6349,1,963,103,7312,California
Nevada,2021-02-01,291,8567,71,4928,220,3639,0,0,277,6612,14,977,277,7589,California
Nevada,2021-02-02,520,9087,182,5110,338,3977,0,0,321,6734,199,1176,321,7910,California
Nevada,2021-02-03,814,9901,573,5683,241,4218,0,0,760,7441,53,1229,760,8670,California
Nevada,2021-02-04,737,10638,388,6071,349,4567,0,0,487,7679,249,1478,487,9157,California
Nevada,2021-02-05,650,11288,369,6440,281,4848,0,0,459,7949,189,1667,459,9616,California
Nevada,2021-02-06,269,11557,82,6522,187,5035,0,0,242,8164,27,1694,242,9858,California
Nevada,2021-02-07,247,11804,194,6716,53,5088,0,0,193,8303,54,1748,193,10051,California
Nevada,2021-02-08,653,12457,407,7123,246,5334,0,0,552,8754,101,1849,552,10603,California
Nevada,2021-02-09,603,13060,337,7460,266,5600,0,0,464,9079,139,1988,464,11067,California
Nevada,2021-02-10,650,13710,325,7785,325,5925,0,0,419,9268,231,2219,420,11487,California
Nevada,2021-02-11,874,14584,505,8290,369,6294,0,0,545,9485,328,2547,545,12032,California
Nevada,2021-02-12,942,15526,438,8728,504,6798,0,0,621,9788,318,2865,621,12653,California
Nevada,2021-02-13,601,16127,236,8964,365,7163,0,0,387,9966,210,3075,388,13041,California
Nevada,2021-02-14,231,16358,120,9084,111,7274,0,0,203,10141,28,3103,203,13244,California
Nevada,2021-02-15,713,17071,438,9522,275,7549,0,0,539,10506,174,3277,539,13783,California
Nevada,2021-02-16,622,17693,199,9721,423,7972,0,0,455,10795,166,3443,455,14238,California
Nevada,2021-02-17,1184,18877,763,10484,421,8393,0,0,856,11323,328,3771,856,15094,California
Nevada,2021-02-18,1014,19891,551,11035,463,8856,0,0,604,11519,408,4179,604,15698,California
Nevada,2021-02-19,1015,20906,631,11666,384,9240,0,0,651,11809,362,4541,652,16350,California
Nevada,2021-02-20,298,21204,107,11773,191,9431,0,0,173,11858,124,4665,173,16523,California
Nevada,2021-02-21,95,21299,89,11862,6,9437,0,0,8,11780,86,4751,8,16531,California
Nevada,2021-02-22,498,21797,332,12194,166,9603,0,0,351,11985,146,4897,351,16882,California
Nevada,2021-02-23,484,22281,235,12429,249,9852,0,0,220,11944,261,5158,220,17102,California
Nevada,2021-02-24,478,22759,242,12671,236,10088,0,0,253,11974,225,5383,255,17357,California
Nevada,2021-02-25,860,23619,467,13138,393,10481,0,0,432,11980,426,5809,432,17789,California
Nevada,2021-02-26,1241,24860,883,14021,358,10839,0,0,411,11564,827,6636,411,18200,California
Nevada,2021-02-27,356,25216,111,14132,245,11084,0,0,187,11582,169,6805,187,18387,California
Nevada,2021-02-28,274,25490,160,14292,114,11198,0,0,125,11560,148,6953,126,18513,California
Nevada,2021-03-01,832,26322,435,14727,397,11595,0,0,363,11456,467,7420,363,18876,California
Nevada,2021-03-02,743,27065,293,15020,450,12045,0,0,510,11738,228,7648,510,19386,California
Nevada,2021-03-03,980,28045,502,15522,477,12522,1,1,508,11777,471,8119,510,19896,California
Nevada,2021-03-04,1109,29154,618,16140,491,13013,0,1,467,11606,638,8757,467,20363,California
Nevada,2021-03-05,836,29990,474,16614,352,13365,10,11,374,11530,460,9217,384,20747,California
Nevada,2021-03-06,360,30350,121,16735,212,13577,27,38,144,11484,216,9433,170,20917,California
Nevada,2021-03-07,212,30562,110,16845,83,13660,19,57,70,11431,142,9575,89,21006,California
Nevada,2021-03-08,827,31389,557,17402,224,13884,46,103,377,11406,449,10024,424,21430,California
Nevada,2021-03-09,791,32180,404,17806,338,14222,49,152,465,11595,324,10348,513,21943,California
Nevada,2021-03-10,1003,33183,646,18452,301,14523,56,208,341,11334,657,11005,396,22339,California
Nevada,2021-03-11,1106,34289,727,19179,354,14877,25,233,550,11361,548,11553,575,22914,California
Nevada,2021-03-12,1203,35492,729,19908,444,15321,30,263,509,11209,690,12243,538,23452,California
Nevada,2021-03-13,285,35777,57,19965,223,15544,5,268,111,11152,172,12415,115,23567,California
Nevada,2021-03-14,156,35933,22,19987,128,15672,6,274,33,11068,123,12538,39,23606,California
Nevada,2021-03-15,854,36787,462,20449,380,16052,12,286,361,10951,490,13028,373,23979,California
Nevada,2021-03-16,999,37786,469,20918,468,16520,62,348,641,11296,356,13384,701,24680,California
Nevada,2021-03-17,1021,38807,453,21371,558,17078,10,358,583,11454,435,13819,593,25273,California
Nevada,2021-03-18,983,39790,533,21904,427,17505,23,381,479,11456,500,14319,502,25775,California
Nevada,2021-03-19,760,40550,441,22345,282,17787,37,418,356,11449,400,14719,393,26168,California
Nevada,2021-03-20,822,41372,92,22437,302,18089,428,846,229,11515,587,15306,653,26821,California
Nevada,2021-03-21,58,41430,32,22469,25,18114,1,847,40,11539,17,15323,41,26862,California
Nevada,2021-03-22,800,42230,518,22987,277,18391,5,852,533,11812,265,15588,538,27400,California
Nevada,2021-03-23,858,43088,390,23377,442,18833,26,878,616,12215,239,15827,642,28042,California
Nevada,2021-03-24,1023,44111,543,23920,473,19306,7,885,641,12486,376,16203,647,28689,California
Nevada,2021-03-25,908,45019,458,24378,425,19731,25,910,496,12596,410,16613,520,29209,California
Nevada,2021-03-26,1143,46162,437,24815,667,20398,39,949,818,13130,322,16935,856,30065,California
Nevada,2021-03-27,567,46729,70,24885,481,20879,16,965,385,13349,182,17117,401,30466,California
Nevada,2021-03-28,176,46905,50,24935,113,20992,13,978,38,13265,135,17252,51,30517,California
Nevada,2021-03-29,821,47726,502,25437,297,21289,22,1000,374,13216,444,17696,395,30912,California
Nevada,2021-03-30,1055,48781,482,25919,539,21828,34,1034,486,13175,561,18257,520,31432,California
Nevada,2021-03-31,1181,49962,661,26580,503,22331,17,1051,678,13375,494,18751,694,32126,California
Nevada,2021-04-01,1239,51201,722,27302,464,22795,53,1104,546,13290,684,19435,599,32725,California
Nevada,2021-04-02,1291,52492,661,27963,594,23389,36,1140,763,13566,524,19959,800,33525,California
Nevada,2021-04-03,292,52784,92,28055,161,23550,39,1179,85,13484,206,20165,124,33649,California
Nevada,2021-04-04,130,52914,44,28099,79,23629,7,1186,78,13517,52,20217,85,33734,California
Nevada,2021-04-05,935,53849,616,28715,299,23928,20,1206,622,13850,309,20526,642,34376,California
Nevada,2021-04-06,1078,54927,669,29384,266,24194,143,1349,435,13794,636,21162,580,34956,California
Nevada,2021-04-07,1147,56074,819,30203,245,24439,83,1432,610,13956,530,21692,692,35648,California
Nevada,2021-04-08,1282,57356,893,31096,306,24745,83,1515,707,14174,572,22264,790,36438,California
Nevada,2021-04-09,1248,58604,847,31943,332,25077,69,1584,845,14687,401,22665,914,37352,California
Nevada,2021-04-10,269,58873,77,32020,116,25193,76,1660,108,14711,160,22825,184,37536,California
Nevada,2021-04-11,100,58973,32,32052,64,25257,4,1664,39,14693,61,22886,43,37579,California
Nevada,2021-04-12,746,59719,539,32591,191,25448,16,1680,316,14599,426,23312,332,37911,California
Nevada,2021-04-13,884,60603,352,32943,532,25980,0,1680,469,14655,413,23725,469,38380,California
Nevada,2021-04-14,1048,61651,568,33511,480,26460,0,1680,531,14677,509,24234,531,38911,California
Nevada,2021-04-15,1069,62720,702,34213,367,26827,0,1680,615,14850,442,24676,615,39526,California
Nevada,2021-04-16,891,63611,691,34904,200,27027,0,1680,515,14990,375,25051,515,40041,California
Nevada,2021-04-17,197,63808,52,34956,145,27172,0,1680,85,14965,110,25161,85,40126,California
Nevada,2021-04-18,185,63993,20,34976,165,27337,0,1680,102,14984,83,25244,102,40228,California
Nevada,2021-04-19,749,64742,480,35456,269,27606,0,1680,304,14852,436,25680,304,40532,California
Nevada,2021-04-20,799,65541,310,35766,489,28095,0,1680,302,14663,491,26171,302,40834,California
Nevada,2021-04-21,907,66448,495,36261,412,28507,0,1680,273,14311,625,26796,273,41107,California
Nevada,2021-04-22,996,67444,621,36882,375,28882,0,1680,342,14010,643,27439,342,41449,California
Nevada,2021-04-23,1220,68664,540,37422,680,29562,0,1680,396,13593,813,28252,396,41845,California
Nevada,2021-04-24,521,69185,72,37494,449,30011,0,1680,168,13410,351,28603,168,42013,California
Nevada,2021-04-25,116,69301,60,37554,51,30062,5,1685,52,13403,63,28666,56,42069,California
Nevada,2021-04-26,712,70013,533,38087,171,30233,8,1693,204,13117,498,29164,212,42281,California
Nevada,2021-04-27,783,70796,357,38444,421,30654,5,1698,398,13144,376,29540,403,42684,California
Nevada,2021-04-28,987,71783,579,39023,403,31057,5,1703,383,12934,598,30138,388,43072,California
Nevada,2021-04-29,1010,72793,707,39730,299,31356,4,1707,274,12479,733,30871,278,43350,California
Nevada,2021-04-30,1223,74016,724,40454,490,31846,9,1716,201,11669,1020,31891,210,43560,California
Nevada,2021-05-01,144,74160,65,40519,75,31921,4,1720,64,11659,78,31969,68,43628,California
Nevada,2021-05-02,55,74215,30,40549,21,31942,4,1724,19,11646,36,32005,23,43651,California
Nevada,2021-05-03,608,74823,404,40953,185,32127,19,1743,179,11418,425,32430,197,43848,California
Nevada,2021-05-04,585,75408,169,41122,398,32525,18,1761,332,11519,249,32679,350,44198,California
Nevada,2021-05-05,732,76140,380,41502,338,32863,14,1775,319,11448,404,33083,333,44531,California
Nevada,2021-05-06,800,76940,561,42063,228,33091,11,1786,196,11060,595,33678,207,44738,California
Nevada,2021-05-07,881,77821,488,42551,358,33449,35,1821,193,10604,684,34362,228,44966,California
Nevada,2021-05-08,172,77993,20,42571,132,33581,20,1841,81,10615,90,34452,101,45067,California
Nevada,2021-05-09,41,78034,7,42578,32,33613,2,1843,18,10612,23,34475,20,45087,California
Nevada,2021-05-10,389,78423,247,42825,118,33731,24,1867,75,10398,313,34788,99,45186,California
Nevada,2021-05-11,510,78933,150,42975,347,34078,13,1880,127,10163,375,35163,140,45326,California
Nevada,2021-05-12,531,79464,228,43203,292,34370,11,1891,149,9949,374,35537,160,45486,California
Nevada,2021-05-13,802,80266,534,43737,259,34629,9,1900,412,9988,382,35919,421,45907,California
Nevada,2021-05-14,771,81037,580,44317,173,34802,18,1918,429,10096,339,36258,447,46354,California
Nevada,2021-05-15,181,81218,82,44399,91,34893,8,1926,83,10090,97,36355,91,46445,California
Nevada,2021-05-16,155,81373,51,44450,104,34997,0,1926,53,10041,102,36457,53,46498,California
Nevada,2021-05-17,492,81865,313,44763,149,35146,30,1956,216,10022,265,36722,246,46744,California
Nevada,2021-05-18,412,82277,253,45016,155,35301,4,1960,219,10054,191,36913,223,46967,California
Nevada,2021-05-19,489,82766,356,45372,129,35430,4,1964,255,10088,225,37138,259,47226,California
Nevada,2021-05-20,564,83330,321,45693,232,35662,11,1975,198,9936,361,37499,209,47435,California
Nevada,2021-05-21,447,83777,284,45977,155,35817,8,1983,197,9895,246,37745,205,47640,California
Nevada,2021-05-22,201,83978,16,45993,96,35913,89,2072,27,9837,174,37919,116,47756,California
Nevada,2021-05-23,26,84004,6,45999,20,35933,0,2072,8,9827,18,37937,8,47764,California
Nevada,2021-05-24,303,84307,213,46212,77,36010,13,2085,103,9746,197,38134,116,47880,California
Nevada,2021-05-25,334,84641,80,46292,243,36253,11,2096,83,9594,246,38380,94,47974,California
Nevada,2021-05-26,431,85072,182,46474,240,36493,9,2105,114,9407,310,38690,123,48097,California
Nevada,2021-05-27,422,85494,227,46701,178,36671,17,2122,187,9380,231,38921,204,48301,California
Nevada,2021-05-28,326,85820,210,46911,105,36776,11,2133,195,9456,130,39051,206,48507,California
Nevada,2021-05-29,64,85884,11,46922,53,36829,0,2133,42,9476,22,39073,42,48549,California
Nevada,2021-05-30,34,85918,18,46940,14,36843,2,2135,23,9490,11,39084,25,48574,California
Nevada,2021-05-31,4,85922,2,46942,0,36843,2,2137,1,9490,3,39087,3,48577,California
Nevada,2021-06-01,397,86319,129,47071,260,37103,8,2145,101,9311,288,39375,109,48686,California
Nevada,2021-06-02,392,86711,162,47233,223,37326,7,2152,102,9137,283,39658,109,48795,California
Nevada,2021-06-03,434,87145,338,47571,94,37420,2,2154,48,8806,381,40039,50,48845,California
Orange,2020-12-15,16,16,16,16,0,0,0,0,16,16,0,0,16,16,California
Orange,2020-12-16,392,408,392,408,0,0,0,0,392,408,0,0,392,408,California
Orange,2020-12-17,3740,4148,3740,4148,0,0,0,0,3739,4147,0,0,3739,4147,California
Orange,2020-12-18,5071,9219,5063,9211,8,8,0,0,5070,9217,0,0,5070,9217,California
Orange,2020-12-19,2232,11451,2225,11436,7,15,0,0,2231,11448,0,0,2231,11448,California
Orange,2020-12-20,1989,13440,1986,13422,3,18,0,0,1990,13438,0,0,1990,13438,California
Orange,2020-12-21,4261,17701,4255,17677,6,24,0,0,4261,17699,0,0,4261,17699,California
Orange,2020-12-22,3993,21694,3958,21635,35,59,0,0,3993,21692,0,0,3993,21692,California
Orange,2020-12-23,3592,25286,3225,24860,367,426,0,0,3594,25286,0,0,3594,25286,California
Orange,2020-12-24,1382,26668,1078,25938,304,730,0,0,1382,26668,0,0,1382,26668,California
Orange,2020-12-25,17,26685,12,25950,5,735,0,0,17,26685,0,0,17,26685,California
Orange,2020-12-26,1081,27766,424,26374,657,1392,0,0,1081,27766,0,0,1081,27766,California
Orange,2020-12-27,583,28349,276,26650,307,1699,0,0,583,28349,0,0,583,28349,California
Orange,2020-12-28,3616,31965,2638,29288,978,2677,0,0,3616,31965,0,0,3616,31965,California
Orange,2020-12-29,3504,35469,2491,31779,1013,3690,0,0,3503,35467,1,1,3503,35468,California
Orange,2020-12-30,5124,40593,3546,35325,1578,5268,0,0,5124,40591,0,1,5124,40592,California
Orange,2020-12-31,1503,42096,803,36128,700,5968,0,0,1502,42092,1,2,1502,42094,California
Orange,2021-01-01,640,42736,348,36476,292,6260,0,0,639,42730,1,3,639,42733,California
Orange,2021-01-02,1356,44092,842,37318,514,6774,0,0,1356,44086,0,3,1356,44089,California
Orange,2021-01-03,585,44677,324,37642,261,7035,0,0,585,44671,0,3,585,44674,California
Orange,2021-01-04,2759,47436,1564,39206,1195,8230,0,0,2760,47430,1,4,2760,47434,California
Orange,2021-01-05,3542,50978,2305,41511,1237,9467,0,0,3132,50159,406,410,3135,50569,California
Orange,2021-01-06,5010,55988,3460,44971,1550,11017,0,0,3642,52445,1356,1766,3642,54211,California
Orange,2021-01-07,9298,65286,5182,50153,4116,15133,0,0,5713,54591,3572,5338,5718,59929,California
Orange,2021-01-08,9445,74731,5279,55432,4166,19299,0,0,5669,56498,3766,9104,5673,65602,California
Orange,2021-01-09,5023,79754,1749,57181,3274,22573,0,0,3738,58951,1285,10389,3738,69340,California
Orange,2021-01-10,4248,84002,1046,58227,3202,25775,0,0,3367,61442,880,11269,3371,72711,California
Orange,2021-01-11,9458,93460,4910,63137,4548,30323,0,0,5832,63646,3629,14898,5833,78544,California
Orange,2021-01-12,8935,102395,4835,67972,4100,34423,0,0,5461,65636,3472,18370,5462,84006,California
Orange,2021-01-13,10277,112672,4931,72903,5346,39769,0,0,7068,69506,3205,21575,7075,91081,California
Orange,2021-01-14,9996,122668,3787,76690,6209,45978,0,0,8405,76328,1589,23164,8411,99492,California
Orange,2021-01-15,10202,132870,2630,79320,7572,53550,0,0,9321,84766,889,24053,9327,108819,California
Orange,2021-01-16,8719,141589,2093,81413,6626,60176,0,0,8322,92697,396,24449,8327,117146,California
Orange,2021-01-17,8166,149755,1485,82898,6681,66857,0,0,8016,100573,150,24599,8026,125172,California
Orange,2021-01-18,9711,159466,4412,87310,5299,72156,0,0,7447,105758,2265,26864,7450,132622,California
Orange,2021-01-19,7542,167008,5458,92768,2084,74240,0,0,4908,108033,2634,29498,4909,137531,California
Orange,2021-01-20,8402,175410,5920,98688,2482,76722,0,0,5348,110334,3054,32552,5355,142886,California
Orange,2021-01-21,11029,186439,4911,103599,6118,82840,0,0,10205,119727,823,33375,10216,153102,California
Orange,2021-01-22,13697,200136,5158,108757,8539,91379,0,0,12836,131717,854,34229,12844,165946,California
Orange,2021-01-23,13158,213294,6192,114949,6966,98345,0,0,12225,143019,931,35160,12233,178179,California
Orange,2021-01-24,9826,223120,4297,119246,5529,103874,0,0,9492,152185,330,35490,9496,187675,California
Orange,2021-01-25,10473,233593,5875,125121,4598,108472,0,0,7732,157189,2733,38223,7737,195412,California
Orange,2021-01-26,11912,245505,7721,132842,4191,112663,0,0,9738,164760,2170,40393,9741,205153,California
Orange,2021-01-27,13492,258997,8021,140863,5471,118134,0,0,10773,172833,2708,43101,10781,215934,California
Orange,2021-01-28,13071,272068,7228,148091,5843,123977,0,0,11182,182149,1874,44975,11190,227124,California
Orange,2021-01-29,13663,285731,8472,156563,5191,129168,0,0,10759,190025,2888,47863,10764,237888,California
Orange,2021-01-30,12981,298712,4479,161042,8502,137670,0,0,12203,201468,763,48626,12206,250094,California
Orange,2021-01-31,13709,312421,4928,165970,8781,146451,0,0,13262,214296,441,49067,13269,263363,California
Orange,2021-02-01,14837,327258,6514,172484,8323,154774,0,0,12360,224209,2453,51520,12366,275729,California
Orange,2021-02-02,15040,342298,7965,180449,7075,161849,0,0,12565,234335,2444,53964,12570,288299,California
Orange,2021-02-03,16601,358899,12410,192859,4191,166040,0,0,13640,245097,2883,56847,13645,301944,California
Orange,2021-02-04,19954,378853,13055,205914,6899,172939,0,0,14838,254859,5085,61932,14847,316791,California
Orange,2021-02-05,20768,399621,12004,217918,8764,181703,0,0,14445,263030,6279,68211,14450,331241,California
Orange,2021-02-06,16381,416002,10827,228745,5554,187257,0,0,11107,269096,5259,73470,11325,342566,California
Orange,2021-02-07,11535,427537,8105,236850,3430,190687,0,0,7553,272852,3966,77436,7722,350288,California
Orange,2021-02-08,15030,442567,8646,245496,6384,197071,0,0,8992,275834,6011,83447,8993,359281,California
Orange,2021-02-09,17750,460317,12088,257584,5662,202733,0,0,10708,279579,6969,90416,10714,369995,California
Orange,2021-02-10,20917,481234,11167,268751,9750,212483,0,0,12690,284144,8134,98550,12699,382694,California
Orange,2021-02-11,22169,503403,11532,280283,10637,223120,0,0,12406,286937,9631,108181,12424,395118,California
Orange,2021-02-12,24888,528291,11989,292272,12899,236019,0,0,14646,291413,10176,118357,14652,409770,California
Orange,2021-02-13,22022,550313,11906,304178,10116,246135,0,0,11165,292519,10703,129060,11809,421579,California
Orange,2021-02-14,16176,566489,6539,310717,9637,255772,0,0,9541,295454,6607,135667,9542,431121,California
Orange,2021-02-15,17277,583766,7405,318122,9872,265644,0,0,8901,296033,8332,143999,8911,440032,California
Orange,2021-02-16,19988,603754,9010,327132,10978,276622,0,0,10757,297636,9179,153178,10782,450814,California
Orange,2021-02-17,17966,621720,9375,336507,8591,285213,0,0,9217,298187,8697,161875,9248,460062,California
Orange,2021-02-18,15087,636807,9898,346405,5189,290402,0,0,6816,296797,8216,170091,6826,466888,California
Orange,2021-02-19,18218,655025,10886,357291,7332,297734,0,0,6932,292511,11232,181323,6946,473834,California
Orange,2021-02-20,7546,662571,5630,362921,1916,299650,0,0,3791,292582,3731,185054,3802,477636,California
Orange,2021-02-21,4592,667163,3900,366821,692,300342,0,0,936,289909,3616,188670,943,478579,California
Orange,2021-02-22,9717,676880,7922,374743,1795,302137,0,0,3919,288083,5766,194436,3940,482519,California
Orange,2021-02-23,13363,690243,7326,382069,6037,308174,0,0,3519,281838,9778,204214,3533,486052,California
Orange,2021-02-24,21193,711436,12846,394915,8347,316521,0,0,5400,271533,15723,219937,5418,491470,California
Orange,2021-02-25,22737,734173,12323,407238,10414,326935,0,0,8007,264902,14654,234591,8023,499493,California
Orange,2021-02-26,27856,762029,14099,421337,13757,340692,0,0,11248,259700,16475,251066,11273,510766,California
Orange,2021-02-27,25136,787165,10210,431547,14923,355615,3,3,7335,249365,17689,268755,7354,518120,California
Orange,2021-02-28,19136,806301,7425,438972,11711,367326,0,3,4830,240033,14181,282936,4849,522969,California
Orange,2021-03-01,18631,824932,8517,447489,10104,377430,10,13,7229,235984,11302,294238,7253,530222,California
Orange,2021-03-02,19335,844267,9327,456816,10005,387435,3,16,9466,235666,9815,304053,9497,539719,California
Orange,2021-03-03,20692,864959,9770,466586,10918,398353,4,20,11120,237325,9487,313540,11146,550865,California
Orange,2021-03-04,22494,887453,12969,479555,9511,407864,14,34,11641,238193,10813,324353,11681,562546,California
Orange,2021-03-05,21124,908577,11025,490580,10051,417915,48,82,12970,243165,8107,332460,13079,575625,California
Orange,2021-03-06,24183,932760,13315,503895,9994,427909,874,956,12780,245483,11358,343818,13676,589301,California
Orange,2021-03-07,15092,947852,8498,512393,6183,434092,411,1367,8807,248477,6244,350062,9238,598539,California
Orange,2021-03-08,16466,964318,7608,520001,7584,441676,1274,2641,10623,254609,5789,355851,11921,610460,California
Orange,2021-03-09,20933,985251,9700,529701,8789,450465,2444,5085,12383,260924,8507,364358,14822,625282,California
Orange,2021-03-10,24777,1010028,12161,541862,9166,459631,3450,8535,12519,264693,12194,376552,15963,641245,California
Orange,2021-03-11,29072,1039100,15735,557597,9116,468747,4221,12756,13477,266888,15498,392050,17693,658938,California
Orange,2021-03-12,29469,1068569,14367,571964,11235,479982,3867,16623,14824,271060,14560,406610,18732,677670,California
Orange,2021-03-13,27885,1096454,10263,582227,13684,493666,3938,20561,14117,275434,13705,420315,18079,695749,California
Orange,2021-03-14,18919,1115373,8228,590455,8145,501811,2546,23107,11816,282710,7070,427385,14346,710095,California
Orange,2021-03-15,23091,1138464,10182,600637,12145,513956,764,23871,14393,289248,8611,435996,15149,725244,California
Orange,2021-03-16,26449,1164913,11183,611820,15035,528991,231,24102,17165,297446,9203,445199,17401,742645,California
Orange,2021-03-17,27411,1192324,13606,625426,13211,542202,594,24696,19485,309673,7850,453049,20077,762722,California
Orange,2021-03-18,27843,1220167,14005,639431,13557,555759,281,24977,21647,325477,6127,459176,21931,784653,California
Orange,2021-03-19,33662,1253829,18505,657936,14710,570469,447,25424,24975,342338,8572,467748,25433,810086,California
Orange,2021-03-20,25833,1279662,13604,671540,12021,582490,208,25632,22018,360821,3750,471498,22233,832319,California
Orange,2021-03-21,18532,1298194,10708,682248,7090,589580,734,26366,15736,374526,2765,474263,16470,848789,California
Orange,2021-03-22,22788,1320982,11797,694045,10669,600249,322,26688,19200,390565,3493,477756,19532,868321,California
Orange,2021-03-23,26072,1347054,13554,707599,11876,612125,642,27330,20692,406607,5297,483053,21339,889660,California
Orange,2021-03-24,29187,1376241,16300,723899,11965,624090,922,28252,22012,422462,7082,490135,22937,912597,California
Orange,2021-03-25,32500,1408741,17285,741184,14504,638594,711,28963,24280,439330,8124,498259,24992,937589,California
Orange,2021-03-26,34947,1443688,18139,759323,15944,654538,864,29827,24883,455133,9949,508208,25752,963341,California
Orange,2021-03-27,28553,1472241,13684,773007,14554,669092,315,30142,19810,466616,8646,516854,20129,983470,California
Orange,2021-03-28,24814,1497055,12883,785890,11863,680955,68,30210,18556,479065,6178,523032,18627,1002097,California
Orange,2021-03-29,26573,1523628,12169,798059,13836,694791,568,30778,17828,488814,8652,531684,18401,1020498,California
Orange,2021-03-30,30922,1554550,13973,812032,16312,711103,637,31415,20455,499531,10375,542059,21092,1041590,California
Orange,2021-03-31,37224,1591774,19541,831573,16971,728074,712,32127,23860,510866,13250,555309,24585,1066175,California
Orange,2021-04-01,40541,1632315,21295,852868,17364,745438,1882,34009,26201,524755,14191,569500,28080,1094255,California
Orange,2021-04-02,40231,1672546,20309,873177,18101,763539,1821,35830,22741,531966,17382,586882,24593,1118848,California
Orange,2021-04-03,30247,1702793,15744,888921,12749,776288,1754,37584,14290,532128,15879,602761,16041,1134889,California
Orange,2021-04-04,18484,1721277,10738,899659,6979,783267,767,38351,8214,530895,10211,612972,8978,1143867,California
Orange,2021-04-05,30075,1751352,14047,913706,12618,795885,3410,41761,13947,532200,16047,629019,17352,1161219,California
Orange,2021-04-06,33489,1784841,15661,929367,14377,810262,3451,45212,14454,531191,18941,647960,17932,1179151,California
Orange,2021-04-07,36217,1821058,20166,949533,11460,821722,4591,49803,15973,531590,20160,668120,20559,1199710,California
Orange,2021-04-08,39242,1860300,21710,971243,12048,833770,5484,55287,19029,536128,20107,688227,24645,1224355,California
Orange,2021-04-09,41111,1901411,23928,995171,11953,845723,5230,60517,18185,536877,22834,711061,23583,1247938,California
Orange,2021-04-10,34652,1936063,18336,1013507,12063,857786,4253,64770,14374,535490,20189,731250,18802,1266740,California
Orange,2021-04-11,25787,1961850,14589,1028096,7922,865708,3276,68046,9884,532972,15852,747102,13334,1280074,California
Orange,2021-04-12,30597,1992447,15467,1043563,11534,877242,3596,71642,12023,530131,18507,765609,15666,1295740,California
Orange,2021-04-13,32388,2024835,18247,1061810,14074,891316,67,71709,15079,528045,17239,782848,15153,1310893,California
Orange,2021-04-14,34682,2059517,20324,1082134,14324,905640,34,71743,15193,524024,19395,802243,15374,1326267,California
Orange,2021-04-15,40212,2099729,24506,1106640,15692,921332,14,71757,18728,521385,21376,823619,18737,1345004,California
Orange,2021-04-16,41280,2141009,24257,1130897,16994,938326,29,71786,18631,517511,22540,846159,18666,1363670,California
Orange,2021-04-17,30412,2171421,17272,1148169,13135,951461,5,71791,13374,513976,16918,863077,13383,1377053,California
Orange,2021-04-18,21460,2192881,12971,1161140,8489,959950,0,71791,8501,509575,12905,875982,8504,1385557,California
Orange,2021-04-19,32483,2225364,17944,1179084,14537,974487,2,71793,14923,507039,17466,893448,14930,1400487,California
Orange,2021-04-20,35202,2260566,18281,1197365,16916,991403,5,71798,17598,507122,17520,910968,17603,1418090,California
Orange,2021-04-21,40672,2301238,23431,1220796,17232,1008635,9,71807,19262,505094,21300,932268,19272,1437362,California
Orange,2021-04-22,39275,2340513,20753,1241549,18513,1027148,9,71816,16333,498628,22811,955079,16345,1453707,California
Orange,2021-04-23,40171,2380684,20773,1262322,19391,1046539,7,71823,17923,494425,22137,977216,17934,1471641,California
Orange,2021-04-24,31996,2412680,16714,1279036,15246,1061785,36,71859,13403,489360,18507,995723,13442,1485083,California
Orange,2021-04-25,22990,2435670,12990,1292026,9986,1071771,14,71873,9871,486194,13056,1008779,9890,1494973,California
Orange,2021-04-26,26147,2461817,12774,1304800,13177,1084948,196,72069,11531,483399,14520,1023299,11725,1506698,California
Orange,2021-04-27,29151,2490968,13618,1318418,15004,1099952,529,72598,11162,477261,17831,1041130,11693,1518391,California
Orange,2021-04-28,30829,2521797,15428,1333846,14525,1114477,876,73474,12372,472154,18350,1059480,13243,1531634,California
Orange,2021-04-29,31873,2553670,17412,1351258,13501,1127978,960,74434,11333,463995,20443,1079923,12284,1543918,California
Orange,2021-04-30,29785,2583455,16993,1368251,11854,1139832,938,75372,12680,460595,17012,1096935,13612,1557530,California
Orange,2021-05-01,22476,2605931,15322,1383573,6167,1145999,987,76359,8713,456610,13674,1110609,9689,1567219,California
Orange,2021-05-02,15402,2621333,10244,1393817,4515,1150514,643,77002,5381,452675,9954,1120563,6019,1573238,California
Orange,2021-05-03,20562,2641895,12543,1406360,7261,1157775,758,77760,6472,445885,14018,1134581,7228,1580466,California
Orange,2021-05-04,23620,2665515,13468,1419828,9242,1167017,910,78670,8181,439624,15337,1149918,9076,1589542,California
Orange,2021-05-05,24738,2690253,13807,1433635,10036,1177053,895,79565,8019,431944,16594,1166512,8914,1598456,California
Orange,2021-05-06,26403,2716656,15979,1449614,9423,1186476,1001,80566,7290,421242,18986,1185498,8284,1606740,California
Orange,2021-05-07,28402,2745058,16873,1466487,10477,1196953,1052,81618,8044,410177,20155,1205653,9090,1615830,California
Orange,2021-05-08,18408,2763466,12165,1478652,5469,1202422,774,82392,5433,403481,12898,1218551,6202,1622032,California
Orange,2021-05-09,10963,2774429,8329,1486981,2258,1204680,376,82768,2888,398718,8025,1226576,3262,1625294,California
Orange,2021-05-10,18996,2793425,11567,1498548,6654,1211334,775,83543,4267,389120,14639,1241215,5041,1630335,California
Orange,2021-05-11,21253,2814678,11727,1510275,8853,1220187,673,84216,5042,378718,16113,1257328,5711,1636046,California
Orange,2021-05-12,22566,2837244,13884,1524159,7927,1228114,755,84971,6303,369628,16146,1273474,7056,1643102,California
Orange,2021-05-13,19893,2857137,12123,1536282,7236,1235350,534,85505,7213,364794,12581,1286055,7747,1650849,California
Orange,2021-05-14,25660,2882797,16739,1553021,8117,1243467,804,86309,10408,360845,15154,1301209,11205,1662054,California
Orange,2021-05-15,19883,2902680,14337,1567358,4998,1248465,548,86857,8030,357628,11793,1313002,8576,1670630,California
Orange,2021-05-16,15117,2917797,12420,1579778,2355,1250820,342,87199,6504,355916,8563,1321565,6851,1677481,California
Orange,2021-05-17,19316,2937113,12658,1592436,5961,1256781,697,87896,7307,351970,11952,1333517,8006,1685487,California
Orange,2021-05-18,20418,2957531,11937,1604373,7815,1264596,666,88562,8418,349128,11916,1345433,9074,1694561,California
Orange,2021-05-19,22382,2979913,12775,1617148,8940,1273536,667,89229,8039,343596,14230,1359663,8698,1703259,California
Orange,2021-05-20,18129,2998042,10370,1627518,7171,1280707,588,89817,6142,338423,11902,1371565,6729,1709988,California
Orange,2021-05-21,21107,3019149,11779,1639297,8718,1289425,610,90427,6763,331546,14254,1385819,7377,1717365,California
Orange,2021-05-22,14321,3033470,9688,1648985,4163,1293588,470,90897,5556,328868,8698,1394517,6020,1723385,California
Orange,2021-05-23,6775,3040245,4822,1653807,1743,1295331,210,91107,2293,326918,4452,1398969,2502,1725887,California
Orange,2021-05-24,15215,3055460,8918,1662725,5680,1301011,617,91724,5785,323971,9346,1408315,6399,1732286,California
Orange,2021-05-25,15440,3070900,9050,1671775,5886,1306897,504,92228,5743,320614,9596,1417911,6239,1738525,California
Orange,2021-05-26,15054,3085954,8404,1680179,6150,1313047,500,92728,5627,317388,9347,1427258,6121,1744646,California
Orange,2021-05-27,14222,3100176,8544,1688723,5149,1318196,529,93257,6323,316408,7828,1435086,6848,1751494,California
Orange,2021-05-28,16341,3116517,9595,1698318,6149,1324345,597,93854,7175,315092,9079,1444165,7763,1759257,California
Orange,2021-05-29,8819,3125336,5189,1703507,3279,1327624,351,94205,4073,314813,4698,1448863,4419,1763676,California
Orange,2021-05-30,5932,3131268,3848,1707355,1813,1329437,271,94476,2128,313435,3774,1452637,2396,1766072,California
Orange,2021-05-31,1685,3132953,1045,1708400,594,1330031,46,94522,538,312887,1132,1453769,584,1766656,California
Orange,2021-06-01,12994,3145947,7515,1715915,5019,1335050,460,94982,5129,310700,7770,1461539,5583,1772239,California
Orange,2021-06-02,12484,3158431,7676,1723591,4416,1339466,392,95374,4521,307786,7824,1469363,4910,1777149,California
Orange,2021-06-03,5909,3164340,3832,1727423,1846,1341312,231,95605,1578,305282,4309,1473672,1805,1778954,California
Placer,2020-12-15,29,29,29,29,0,0,0,0,29,29,0,0,29,29,California
Placer,2020-12-16,56,85,56,85,0,0,0,0,56,85,0,0,56,85,California
Placer,2020-12-17,140,225,140,225,0,0,0,0,140,225,0,0,140,225,California
Placer,2020-12-18,332,557,332,557,0,0,0,0,332,557,0,0,332,557,California
Placer,2020-12-19,252,809,252,809,0,0,0,0,252,809,0,0,252,809,California
Placer,2020-12-20,235,1044,235,1044,0,0,0,0,235,1044,0,0,235,1044,California
Placer,2020-12-21,495,1539,493,1537,2,2,0,0,495,1539,0,0,495,1539,California
Placer,2020-12-22,676,2215,669,2206,7,9,0,0,676,2215,0,0,676,2215,California
Placer,2020-12-23,753,2968,665,2871,88,97,0,0,753,2968,0,0,753,2968,California
Placer,2020-12-24,400,3368,348,3219,52,149,0,0,400,3368,0,0,400,3368,California
Placer,2020-12-26,156,3524,112,3331,44,193,0,0,156,3524,0,0,156,3524,California
Placer,2020-12-27,187,3711,164,3495,23,216,0,0,187,3711,0,0,187,3711,California
Placer,2020-12-28,670,4381,543,4038,127,343,0,0,670,4381,0,0,670,4381,California
Placer,2020-12-29,763,5144,514,4552,249,592,0,0,763,5144,0,0,763,5144,California
Placer,2020-12-30,729,5873,456,5008,273,865,0,0,727,5871,0,0,727,5871,California
Placer,2020-12-31,530,6403,344,5352,186,1051,0,0,530,6401,0,0,530,6401,California
Placer,2021-01-01,15,6418,11,5363,4,1055,0,0,15,6416,0,0,15,6416,California
Placer,2021-01-02,185,6603,153,5516,32,1087,0,0,185,6601,0,0,185,6601,California
Placer,2021-01-03,153,6756,78,5594,75,1162,0,0,153,6754,0,0,153,6754,California
Placer,2021-01-04,620,7376,181,5775,439,1601,0,0,620,7374,0,0,620,7374,California
Placer,2021-01-05,725,8101,159,5934,566,2167,0,0,642,7935,82,82,643,8017,California
Placer,2021-01-06,761,8862,247,6181,514,2681,0,0,617,8408,144,226,617,8634,California
Placer,2021-01-07,986,9848,368,6549,618,3299,0,0,781,8984,205,431,781,9415,California
Placer,2021-01-08,1181,11029,528,7077,653,3952,0,0,852,9510,326,757,852,10267,California
Placer,2021-01-09,450,11479,321,7398,129,4081,0,0,234,9529,215,972,234,10501,California
Placer,2021-01-10,329,11808,186,7584,143,4224,0,0,164,9528,165,1137,164,10665,California
Placer,2021-01-11,1428,13236,808,8392,620,4844,0,0,838,9777,590,1727,839,11504,California
Placer,2021-01-12,1655,14891,878,9270,777,5621,0,0,1054,10230,601,2328,1054,12558,California
Placer,2021-01-13,1637,16528,822,10092,815,6436,0,0,1212,11022,423,2751,1215,13773,California
Placer,2021-01-14,1792,18320,659,10751,1133,7569,0,0,1434,12102,355,3106,1435,15208,California
Placer,2021-01-15,1934,20254,718,11469,1216,8785,0,0,1583,13336,350,3456,1584,16792,California
Placer,2021-01-16,1469,21723,717,12186,752,9537,0,0,1348,14564,121,3577,1349,18141,California
Placer,2021-01-17,571,22294,400,12586,171,9708,0,0,434,14861,137,3714,434,18575,California
Placer,2021-01-18,992,23286,554,13140,438,10146,0,0,751,15372,241,3955,752,19327,California
Placer,2021-01-19,2627,25913,1963,15103,664,10810,0,0,2173,17091,454,4409,2173,21500,California
Placer,2021-01-20,2281,28194,1707,16810,574,11384,0,0,1949,18709,332,4741,1950,23450,California
Placer,2021-01-21,2563,30757,1121,17931,1442,12826,0,0,2171,20490,391,5132,2172,25622,California
Placer,2021-01-22,2352,33109,645,18576,1707,14533,0,0,2178,22497,172,5304,2179,27801,California
Placer,2021-01-23,1189,34298,380,18956,809,15342,0,0,1034,23376,155,5459,1034,28835,California
Placer,2021-01-24,503,34801,259,19215,244,15586,0,0,431,23736,72,5531,432,29267,California
Placer,2021-01-25,1680,36481,809,20024,871,16457,0,0,1387,24831,293,5824,1388,30655,California
Placer,2021-01-26,1869,38350,1038,21062,831,17288,0,0,1604,26170,265,6089,1604,32259,California
Placer,2021-01-27,1851,40201,1160,22222,691,17979,0,0,1604,27530,245,6334,1605,33864,California
Placer,2021-01-28,1808,42009,1119,23341,689,18668,0,0,1559,28842,247,6581,1559,35423,California
Placer,2021-01-29,1903,43912,1175,24516,728,19396,0,0,1709,30360,193,6774,1711,37134,California
Placer,2021-01-30,1728,45640,973,25489,755,20151,0,0,1607,31847,120,6894,1607,38741,California
Placer,2021-01-31,787,46427,627,26116,160,20311,0,0,716,32493,71,6965,717,39458,California
Placer,2021-02-01,2074,48501,1094,27210,980,21291,0,0,1760,33939,314,7279,1760,41218,California
Placer,2021-02-02,2400,50901,1547,28757,853,22144,0,0,1903,35348,494,7773,1903,43121,California
Placer,2021-02-03,2922,53823,1881,30638,1041,23185,0,0,2296,37022,622,8395,2296,45417,California
Placer,2021-02-04,2763,56586,1192,31830,1571,24756,0,0,1936,38136,823,9218,1937,47354,California
Placer,2021-02-05,2737,59323,1218,33048,1519,26275,0,0,1405,38214,1327,10545,1405,48759,California
Placer,2021-02-06,1969,61292,1326,34374,643,26918,0,0,1422,39089,547,11092,1422,50181,California
Placer,2021-02-07,1223,62515,912,35286,311,27229,0,0,938,39743,284,11376,938,51119,California
Placer,2021-02-08,3311,65826,1776,37062,1535,28764,0,0,1951,40342,1353,12729,1952,53071,California
Placer,2021-02-09,3553,69379,2179,39241,1374,30138,0,0,1645,40081,1906,14635,1645,54716,California
Placer,2021-02-10,3769,73148,2206,41447,1563,31701,0,0,1759,39835,2007,16642,1761,56477,California
Placer,2021-02-11,3707,76855,1914,43361,1793,33494,0,0,1576,39294,2118,18760,1577,58054,California
Placer,2021-02-12,2857,79712,1331,44692,1526,35020,0,0,1667,39809,1153,19913,1668,59722,California
Placer,2021-02-13,2532,82244,1474,46166,1058,36078,0,0,1891,41059,641,20554,1891,61613,California
Placer,2021-02-14,1087,83331,679,46845,408,36486,0,0,735,41444,350,20904,735,62348,California
Placer,2021-02-15,2255,85586,1049,47894,1206,37692,0,0,1538,42266,717,21621,1539,63887,California
Placer,2021-02-16,3584,89170,1787,49681,1797,39489,0,0,1591,41874,1984,23605,1592,65479,California
Placer,2021-02-17,3548,92718,1968,51649,1580,41069,0,0,1513,41356,2031,25636,1513,66992,California
Placer,2021-02-18,3805,96523,2055,53704,1750,42819,0,0,1619,40799,2177,27813,1620,68612,California
Placer,2021-02-19,3601,100124,1920,55624,1681,44500,0,0,1338,39880,2258,30071,1339,69951,California
Placer,2021-02-20,2010,102134,1263,56887,747,45247,0,0,917,39713,1087,31158,920,70871,California
Placer,2021-02-21,975,103109,729,57616,246,45493,0,0,278,39298,694,31852,279,71150,California
Placer,2021-02-22,2529,105638,1777,59393,752,46245,0,0,605,37980,1923,33775,605,71755,California
Placer,2021-02-23,2571,108209,1594,60987,977,47222,0,0,880,37170,1690,35465,880,72635,California
Placer,2021-02-24,3299,111508,1182,62169,2117,49339,0,0,1793,37469,1496,36961,1795,74430,California
Placer,2021-02-25,3642,115150,1525,63694,2117,51456,0,0,1971,37779,1663,38624,1973,76403,California
Placer,2021-02-26,4101,119251,2374,66068,1727,53183,0,0,2349,38380,1748,40372,2349,78752,California
Placer,2021-02-27,2824,122075,1497,67565,1327,54510,0,0,1446,38457,1372,41744,1449,80201,California
Placer,2021-02-28,1407,123482,801,68366,606,55116,0,0,588,38231,814,42558,588,80789,California
Placer,2021-03-01,3010,126492,1994,70360,1016,56132,0,0,1557,38341,1447,44005,1557,82346,California
Placer,2021-03-02,2889,129381,1780,72140,1109,57241,0,0,1884,39225,1000,45005,1884,84230,California
Placer,2021-03-03,3337,132718,1430,73570,1907,59148,0,0,1818,39532,1512,46517,1819,86049,California
Placer,2021-03-04,3638,136356,1461,75031,2177,61325,0,0,1899,39705,1727,48244,1900,87949,California
Placer,2021-03-05,3018,139374,1039,76070,1958,63283,21,21,1814,40339,1201,49445,1835,89784,California
Placer,2021-03-06,2443,141817,1510,77580,837,64120,96,117,941,39883,1493,50938,1037,90821,California
Placer,2021-03-07,1308,143125,760,78340,510,64630,38,155,538,39692,767,51705,576,91397,California
Placer,2021-03-08,2917,146042,1832,80172,972,65602,113,268,1652,40194,1263,52968,1765,93162,California
Placer,2021-03-09,3193,149235,1696,81868,1405,67007,92,360,1827,40750,1363,54331,1919,95081,California
Placer,2021-03-10,3306,152541,1336,83204,1863,68870,107,467,1722,41000,1579,55910,1829,96910,California
Placer,2021-03-11,3654,156195,1657,84861,1871,70741,126,593,1755,40995,1889,57799,1884,98794,California
Placer,2021-03-12,3691,159886,1494,86355,1415,72156,782,1375,1262,40618,2423,60222,2046,100840,California
Placer,2021-03-13,2123,162009,746,87101,1257,73413,120,1495,1121,40862,999,61221,1243,102083,California
Placer,2021-03-14,1650,163659,679,87780,822,74235,149,1644,900,41161,750,61971,1049,103132,California
Placer,2021-03-15,3190,166849,1539,89319,1519,75754,132,1776,1767,41640,1421,63392,1900,105032,California
Placer,2021-03-16,3575,170424,1920,91239,1521,77275,134,1910,2286,42782,1278,64670,2420,107452,California
Placer,2021-03-17,3456,173880,1745,92984,1607,78882,104,2014,2227,43888,1226,65896,2332,109784,California
Placer,2021-03-18,4100,177980,2328,95312,1733,80615,39,2053,2866,45565,1227,67123,2904,112688,California
Placer,2021-03-19,3449,181429,2074,97386,1111,81726,264,2317,2201,46789,1240,68363,2464,115152,California
Placer,2021-03-20,2153,183582,905,98291,1151,82877,97,2414,1309,47355,839,69202,1405,116557,California
Placer,2021-03-21,1262,184844,578,98869,674,83551,10,2424,952,48010,307,69509,962,117519,California
Placer,2021-03-22,3277,188121,2108,100977,1079,84630,90,2514,2190,49207,1083,70592,2280,119799,California
Placer,2021-03-23,3539,191660,2107,103084,1341,85971,91,2605,2526,50817,1008,71600,2618,122417,California
Placer,2021-03-24,3796,195456,2002,105086,1697,87668,97,2702,1950,51042,1823,73423,2048,124465,California
Placer,2021-03-25,3859,199315,1866,106952,1895,89563,98,2800,1790,50871,2058,75481,1887,126352,California
Placer,2021-03-26,3779,203094,1673,108625,1875,91438,231,3031,1589,50516,2175,77656,1820,128172,California
Placer,2021-03-27,1595,204689,473,109098,1103,92541,19,3050,648,50243,940,78596,667,128839,California
Placer,2021-03-28,1112,205801,531,109629,571,93112,10,3060,365,49876,742,79338,375,129214,California
Placer,2021-03-29,3583,209384,2002,111631,1547,94659,34,3094,1739,49819,1835,81173,1778,130992,California
Placer,2021-03-30,3977,213361,2096,113727,1838,96497,43,3137,2084,50066,1879,83052,2126,133118,California
Placer,2021-03-31,4103,217464,1832,115559,2196,98693,75,3212,1692,49430,2404,85456,1768,134886,California
Placer,2021-04-01,2991,220455,1439,116998,1505,100198,47,3259,1665,49822,1321,86777,1713,136599,California
Placer,2021-04-02,2858,223313,1464,118462,1329,101527,65,3324,1600,50235,1251,88028,1664,138263,California
Placer,2021-04-03,1857,225170,989,119451,739,102266,129,3453,890,50294,959,88987,1018,139281,California
Placer,2021-04-04,712,225882,362,119813,297,102563,53,3506,284,50207,424,89411,337,139618,California
Placer,2021-04-05,3013,228895,1905,121718,924,103487,184,3690,1752,50890,1255,90666,1938,141556,California
Placer,2021-04-06,4302,233197,2484,124202,1516,105003,302,3992,1531,49961,2763,93429,1834,143390,California
Placer,2021-04-07,4554,237751,2599,126801,1494,106497,461,4453,2077,50033,2471,95900,2543,145933,California
Placer,2021-04-08,4730,242481,2610,129411,1574,108071,546,4999,1588,49052,3130,99030,2149,148082,California
Placer,2021-04-09,4144,246625,2280,131691,1241,109312,623,5622,1244,48036,2892,101922,1876,149958,California
Placer,2021-04-10,2030,248655,881,132572,964,110276,185,5807,865,47923,1162,103084,1049,151007,California
Placer,2021-04-11,1363,250018,535,133107,794,111070,34,5841,459,47516,900,103984,493,151500,California
Placer,2021-04-12,4109,254127,2652,135759,1076,112146,381,6222,2472,48739,1628,105612,2851,154351,California
Placer,2021-04-13,4357,258484,3000,138759,1356,113502,1,6223,2194,48779,2159,107771,2199,156550,California
Placer,2021-04-14,4139,262623,2572,141331,1566,115068,1,6224,1849,48350,2280,110051,1851,158401,California
Placer,2021-04-15,4495,267118,2509,143840,1985,117053,1,6225,2345,48556,2140,112191,2346,160747,California
Placer,2021-04-16,3685,270803,2192,146032,1493,118546,0,6225,1440,47757,2239,114430,1440,162187,California
Placer,2021-04-17,2432,273235,845,146877,1587,120133,0,6225,1521,48372,906,115336,1521,163708,California
Placer,2021-04-18,1183,274418,255,147132,928,121061,0,6225,408,48007,773,116109,408,164116,California
Placer,2021-04-19,2942,277360,1811,148943,1131,122192,0,6225,1169,47407,1770,117879,1170,165286,California
Placer,2021-04-20,3799,281159,2466,151409,1333,123525,0,6225,2422,48460,1369,119248,2422,167708,California
Placer,2021-04-21,3665,284824,2402,153811,1262,124787,1,6226,2390,49579,1272,120520,2391,170099,California
Placer,2021-04-22,3660,288484,2262,156073,1398,126185,0,6226,1742,49407,1914,122434,1742,171841,California
Placer,2021-04-23,3513,291997,2329,158402,1183,127368,1,6227,1374,48650,2132,124566,1375,173216,California
Placer,2021-04-24,2087,294084,1267,159669,819,128187,1,6228,1223,49017,856,125422,1223,174439,California
Placer,2021-04-25,910,294994,501,160170,409,128596,0,6228,562,49231,348,125770,562,175001,California
Placer,2021-04-26,2354,297348,1248,161418,1083,129679,23,6251,1155,49219,1189,126959,1177,176178,California
Placer,2021-04-27,2665,300013,1391,162809,1238,130917,36,6287,1530,49655,1131,128090,1567,177745,California
Placer,2021-04-28,2920,302933,1812,164621,1071,131988,37,6324,1520,49821,1391,129481,1557,179302,California
Placer,2021-04-29,3263,306196,2072,166693,1138,133126,53,6377,1309,49235,1948,131429,1362,180664,California
Placer,2021-04-30,2988,309184,1805,168498,1134,134260,49,6426,1192,48686,1790,133219,1241,181905,California
Placer,2021-05-01,1334,310518,936,169434,374,134634,24,6450,611,48603,717,133936,634,182539,California
Placer,2021-05-02,735,311253,572,170006,141,134775,22,6472,332,48556,401,134337,354,182893,California
Placer,2021-05-03,1610,312863,992,170998,552,135327,66,6538,437,47889,1169,135506,502,183395,California
Placer,2021-05-04,2299,315162,1297,172295,835,136162,167,6705,863,47489,1430,136936,1030,184425,California
Placer,2021-05-05,3670,318832,2476,174771,1088,137250,106,6811,969,45869,2695,139631,1075,185500,California
Placer,2021-05-06,3094,321926,1893,176664,1125,138375,76,6887,811,44499,2257,141888,887,186387,California
Placer,2021-05-07,2805,324731,1887,178551,826,139201,92,6979,786,43368,2009,143897,878,187265,California
Placer,2021-05-08,1330,326061,706,179257,582,139783,42,7021,390,42860,938,144835,430,187695,California
Placer,2021-05-09,439,326500,202,179459,216,139999,21,7042,217,42875,222,145057,237,187932,California
Placer,2021-05-10,1931,328431,1031,180490,802,140801,98,7140,433,41912,1493,146550,530,188462,California
Placer,2021-05-11,2824,331255,2035,182525,685,141486,104,7244,584,40371,2229,148779,688,189150,California
Placer,2021-05-12,2777,334032,1927,184452,802,142288,48,7292,660,38970,2110,150889,709,189859,California
Placer,2021-05-13,2702,336734,1749,186201,905,143193,48,7340,956,38228,1744,152633,1002,190861,California
Placer,2021-05-14,2746,339480,1809,188010,807,144000,130,7470,1336,38293,1398,154031,1463,192324,California
Placer,2021-05-15,2055,341535,1348,189358,684,144684,23,7493,908,38083,1141,155172,931,193255,California
Placer,2021-05-16,1007,342542,522,189880,466,145150,19,7512,340,37777,665,155837,359,193614,California
Placer,2021-05-17,2344,344886,1552,191432,715,145865,77,7589,1031,37577,1308,157145,1108,194722,California
Placer,2021-05-18,2484,347370,1661,193093,743,146608,80,7669,1126,37429,1353,158498,1205,195927,California
Placer,2021-05-19,2504,349874,1584,194677,875,147483,45,7714,928,36831,1571,160069,973,196900,California
Placer,2021-05-20,2257,352131,1488,196165,736,148219,33,7747,859,36329,1392,161461,890,197790,California
Placer,2021-05-21,2172,354303,1373,197538,661,148880,138,7885,958,36217,1206,162667,1094,198884,California
Placer,2021-05-22,1378,355681,962,198500,379,149259,37,7922,691,36262,683,163350,728,199612,California
Placer,2021-05-23,371,356052,223,198723,134,149393,14,7936,206,36319,163,163513,220,199832,California
Placer,2021-05-24,1465,357517,734,199457,613,150006,118,8054,466,35909,994,164507,584,200416,California
Placer,2021-05-25,1782,359299,945,200402,737,150743,100,8154,658,35548,1119,165626,758,201174,California
Placer,2021-05-26,1524,360823,877,201279,615,151358,32,8186,590,35242,929,166555,623,201797,California
Placer,2021-05-27,1435,362258,713,201992,676,152034,46,8232,645,35151,782,167337,691,202488,California
Placer,2021-05-28,1619,363877,815,202807,720,152754,84,8316,677,34974,938,168275,761,203249,California
Placer,2021-05-29,712,364589,393,203200,293,153047,26,8342,354,34999,355,168630,380,203629,California
Placer,2021-05-30,303,364892,203,203403,89,153136,11,8353,184,35076,118,168748,195,203824,California
Placer,2021-05-31,153,365045,73,203476,64,153200,16,8369,35,35009,117,168865,50,203874,California
Placer,2021-06-01,1584,366629,839,204315,679,153879,66,8435,584,34664,995,169860,650,204524,California
Placer,2021-06-02,1287,367916,629,204944,605,154484,53,8488,414,34262,869,170729,467,204991,California
Placer,2021-06-03,837,368753,490,205434,310,154794,37,8525,163,33790,672,171401,200,205191,California
Plumas,2020-12-18,4,4,4,4,0,0,0,0,4,4,0,0,4,4,California
Plumas,2020-12-19,1,5,1,5,0,0,0,0,1,5,0,0,1,5,California
Plumas,2020-12-21,45,50,45,50,0,0,0,0,45,50,0,0,45,50,California
Plumas,2020-12-22,93,143,93,143,0,0,0,0,93,143,0,0,93,143,California
Plumas,2020-12-23,50,193,50,193,0,0,0,0,50,193,0,0,50,193,California
Plumas,2020-12-24,6,199,6,199,0,0,0,0,6,199,0,0,6,199,California
Plumas,2020-12-28,8,207,0,199,8,8,0,0,8,207,0,0,8,207,California
Plumas,2020-12-29,32,239,22,221,10,18,0,0,32,239,0,0,32,239,California
Plumas,2020-12-30,23,262,1,222,22,40,0,0,23,262,0,0,23,262,California
Plumas,2020-12-31,4,266,1,223,3,43,0,0,4,266,0,0,4,266,California
Plumas,2021-01-04,10,276,4,227,6,49,0,0,10,276,0,0,10,276,California
Plumas,2021-01-05,22,298,2,229,20,69,0,0,22,298,0,0,22,298,California
Plumas,2021-01-06,123,421,5,234,118,187,0,0,123,421,0,0,123,421,California
Plumas,2021-01-07,53,474,2,236,51,238,0,0,52,472,1,1,52,473,California
Plumas,2021-01-08,12,486,5,241,7,245,0,0,8,476,4,5,8,481,California
Plumas,2021-01-09,2,488,2,243,0,245,0,0,1,476,1,6,1,482,California
Plumas,2021-01-11,58,546,50,293,8,253,0,0,11,440,47,53,11,493,California
Plumas,2021-01-12,156,702,87,380,69,322,0,0,71,426,85,138,71,564,California
Plumas,2021-01-13,56,758,50,430,6,328,0,0,10,390,46,184,10,574,California
Plumas,2021-01-14,98,856,14,444,84,412,0,0,93,478,5,189,93,667,California
Plumas,2021-01-15,63,919,7,451,56,468,0,0,61,537,2,191,61,728,California
Plumas,2021-01-16,58,977,1,452,57,525,0,0,58,595,0,191,58,786,California
Plumas,2021-01-18,2,979,1,453,1,526,0,0,2,597,0,191,2,788,California
Plumas,2021-01-19,36,1015,5,458,31,557,0,0,32,625,4,195,32,820,California
Plumas,2021-01-20,121,1136,3,461,118,675,0,0,119,742,2,197,119,939,California
Plumas,2021-01-21,112,1248,2,463,110,785,0,0,112,854,0,197,112,1051,California
Plumas,2021-01-22,5,1253,1,464,4,789,0,0,5,859,0,197,5,1056,California
Plumas,2021-01-23,93,1346,2,466,91,880,0,0,93,952,0,197,93,1149,California
Plumas,2021-01-24,1,1347,1,467,0,880,0,0,1,953,0,197,1,1150,California
Plumas,2021-01-25,10,1357,7,474,3,883,0,0,7,957,3,200,7,1157,California
Plumas,2021-01-26,60,1417,2,476,58,941,0,0,52,1001,8,208,52,1209,California
Plumas,2021-01-27,25,1442,20,496,5,946,0,0,5,986,20,228,5,1214,California
Plumas,2021-01-28,23,1465,0,496,23,969,0,0,21,1005,2,230,21,1235,California
Plumas,2021-01-29,8,1473,2,498,6,975,0,0,7,1011,1,231,7,1242,California
Plumas,2021-01-30,8,1481,4,502,4,979,0,0,7,1017,1,232,7,1249,California
Plumas,2021-01-31,3,1484,3,505,0,979,0,0,3,1020,0,232,3,1252,California
Plumas,2021-02-01,16,1500,2,507,14,993,0,0,8,1020,8,240,8,1260,California
Plumas,2021-02-02,21,1521,2,509,19,1012,0,0,2,1003,19,259,2,1262,California
Plumas,2021-02-03,128,1649,8,517,120,1132,0,0,13,902,114,373,13,1275,California
Plumas,2021-02-04,102,1751,8,525,94,1226,0,0,23,846,79,452,23,1298,California
Plumas,2021-02-05,24,1775,11,536,13,1239,0,0,9,840,15,467,9,1307,California
Plumas,2021-02-06,7,1782,0,536,7,1246,0,0,7,847,0,467,7,1314,California
Plumas,2021-02-08,15,1797,6,542,9,1255,0,0,3,838,12,479,3,1317,California
Plumas,2021-02-09,172,1969,2,544,170,1425,0,0,112,890,60,539,112,1429,California
Plumas,2021-02-10,91,2060,9,553,82,1507,0,0,82,964,9,548,83,1512,California
Plumas,2021-02-11,323,2383,7,560,316,1823,0,0,263,1167,60,608,263,1775,California
Plumas,2021-02-12,124,2507,4,564,120,1943,0,0,118,1279,6,614,118,1893,California
Plumas,2021-02-13,75,2582,5,569,70,2013,0,0,15,1234,60,674,15,1908,California
Plumas,2021-02-14,8,2590,5,574,3,2016,0,0,8,1242,0,674,8,1916,California
Plumas,2021-02-15,26,2616,5,579,21,2037,0,0,23,1262,3,677,23,1939,California
Plumas,2021-02-16,77,2693,4,583,73,2110,0,0,14,1213,63,740,14,1953,California
Plumas,2021-02-17,136,2829,5,588,131,2241,0,0,12,1101,124,864,12,1965,California
Plumas,2021-02-18,129,2958,6,594,123,2364,0,0,20,1013,109,973,21,1986,California
Plumas,2021-02-19,42,3000,5,599,37,2401,0,0,7,985,35,1008,7,1993,California
Plumas,2021-02-20,105,3105,7,606,98,2499,0,0,13,906,92,1100,13,2006,California
Plumas,2021-02-21,6,3111,5,611,1,2500,0,0,2,904,4,1104,2,2008,California
Plumas,2021-02-22,3,3114,1,612,2,2502,0,0,0,901,3,1107,0,2008,California
Plumas,2021-02-23,25,3139,5,617,20,2522,0,0,17,910,8,1115,17,2025,California
Plumas,2021-02-24,458,3597,7,624,451,2973,0,0,445,1342,13,1128,445,2470,California
Plumas,2021-02-25,230,3827,10,634,220,3193,0,0,169,1450,61,1189,169,2639,California
Plumas,2021-02-26,267,4094,8,642,259,3452,0,0,259,1702,8,1197,260,2899,California
Plumas,2021-02-27,40,4134,4,646,36,3488,0,0,33,1728,7,1204,33,2932,California
Plumas,2021-02-28,1,4135,0,646,1,3489,0,0,1,1729,0,1204,1,2933,California
Plumas,2021-03-01,14,4149,3,649,11,3500,0,0,8,1732,5,1209,8,2941,California
Plumas,2021-03-02,10,4159,1,650,9,3509,0,0,7,1736,3,1212,7,2948,California
Plumas,2021-03-03,152,4311,8,658,144,3653,0,0,137,1858,15,1227,137,3085,California
Plumas,2021-03-04,252,4563,9,667,243,3896,0,0,230,2066,22,1249,230,3315,California
Plumas,2021-03-05,400,4963,7,674,388,4284,5,5,389,2449,11,1260,394,3709,California
Plumas,2021-03-06,19,4982,2,676,9,4293,8,13,3,2444,16,1276,11,3720,California
Plumas,2021-03-07,14,4996,3,679,2,4295,9,22,4,2447,10,1286,13,3733,California
Plumas,2021-03-08,29,5025,3,682,2,4297,24,46,3,2448,26,1312,27,3760,California
Plumas,2021-03-09,133,5158,2,684,116,4413,15,61,18,2366,115,1427,33,3793,California
Plumas,2021-03-10,255,5413,3,687,239,4652,13,74,107,2339,147,1574,120,3913,California
Plumas,2021-03-11,179,5592,8,695,166,4818,5,79,144,2453,35,1609,149,4062,California
Plumas,2021-03-12,594,6186,4,699,303,5121,287,366,23,2192,571,2180,310,4372,California
Plumas,2021-03-13,25,6211,4,703,10,5131,11,377,4,2186,21,2201,15,4387,California
Plumas,2021-03-14,12,6223,3,706,4,5135,5,382,1,2182,10,2211,6,4393,California
Plumas,2021-03-15,30,6253,0,706,23,5158,7,389,5,2169,25,2236,12,4405,California
Plumas,2021-03-16,60,6313,3,709,56,5214,1,390,49,2208,11,2247,50,4455,California
Plumas,2021-03-17,73,6386,9,718,63,5277,1,391,58,2253,14,2261,59,4514,California
Plumas,2021-03-18,61,6447,6,724,39,5316,16,407,12,2232,49,2310,28,4542,California
Plumas,2021-03-19,164,6611,6,730,156,5472,2,409,155,2383,7,2317,158,4700,California
Plumas,2021-03-20,699,7310,4,734,694,6166,1,410,678,3043,19,2336,679,5379,California
Plumas,2021-03-21,2,7312,1,735,1,6167,0,410,1,3044,0,2336,1,5380,California
Plumas,2021-03-22,182,7494,2,737,180,6347,0,410,175,3212,7,2343,175,5555,California
Plumas,2021-03-23,28,7522,2,739,26,6373,0,410,14,3212,14,2357,14,5569,California
Plumas,2021-03-24,655,8177,6,745,648,7021,1,411,224,3007,430,2787,225,5794,California
Plumas,2021-03-25,304,8481,7,752,295,7316,2,413,160,3023,144,2931,160,5954,California
Plumas,2021-03-26,315,8796,9,761,306,7622,0,413,46,2801,268,3199,46,6000,California
Plumas,2021-03-27,13,8809,1,762,11,7633,1,414,3,2795,10,3209,4,6004,California
Plumas,2021-03-28,6,8815,4,766,1,7634,1,415,3,2796,3,3212,4,6008,California
Plumas,2021-03-29,12,8827,4,770,7,7641,1,416,4,2793,8,3220,5,6013,California
Plumas,2021-03-30,155,8982,3,773,151,7792,1,417,25,2689,130,3350,26,6039,California
Plumas,2021-03-31,289,9271,3,776,285,8077,1,418,268,2937,21,3371,269,6308,California
Plumas,2021-04-01,299,9570,10,786,288,8365,1,419,60,2760,237,3608,60,6368,California
Plumas,2021-04-02,375,9945,4,790,370,8735,1,420,29,2455,335,3943,30,6398,California
Plumas,2021-04-03,16,9961,3,793,5,8740,8,428,4,2455,12,3955,12,6410,California
Plumas,2021-04-04,3,9964,1,794,1,8741,1,429,0,2453,3,3958,1,6411,California
Plumas,2021-04-05,11,9975,4,798,6,8747,1,430,4,2451,7,3965,5,6416,California
Plumas,2021-04-06,121,10096,6,804,89,8836,26,456,14,2384,107,4072,40,6456,California
Plumas,2021-04-07,282,10378,7,811,99,8935,176,632,28,2334,254,4326,204,6660,California
Plumas,2021-04-08,151,10529,3,814,133,9068,15,647,35,2268,115,4441,49,6709,California
Plumas,2021-04-09,52,10581,10,824,25,9093,17,664,19,2270,33,4474,35,6744,California
Plumas,2021-04-10,24,10605,2,826,5,9098,17,681,5,2273,19,4493,22,6766,California
Plumas,2021-04-11,3,10608,2,828,0,9098,1,682,2,2275,1,4494,3,6769,California
Plumas,2021-04-12,11,10619,5,833,3,9101,3,685,7,2281,4,4498,10,6779,California
Plumas,2021-04-13,207,10826,5,838,202,9303,0,685,139,2352,68,4566,139,6918,California
Plumas,2021-04-14,109,10935,8,846,101,9404,0,685,55,2353,54,4620,55,6973,California
Plumas,2021-04-15,50,10985,2,848,48,9452,0,685,32,2367,18,4638,32,7005,California
Plumas,2021-04-16,142,11127,2,850,140,9592,0,685,2,2229,140,4778,2,7007,California
Plumas,2021-04-17,668,11795,2,852,666,10258,0,685,20,1603,646,5424,20,7027,California
Plumas,2021-04-18,4,11799,3,855,1,10259,0,685,1,1601,3,5427,1,7028,California
Plumas,2021-04-19,38,11837,3,858,35,10294,0,685,5,1573,33,5460,5,7033,California
Plumas,2021-04-20,42,11879,5,863,37,10331,0,685,26,1584,15,5475,26,7059,California
Plumas,2021-04-21,310,12189,5,868,304,10635,1,686,17,1308,293,5768,17,7076,California
Plumas,2021-04-22,273,12462,7,875,266,10901,0,686,128,1291,145,5913,128,7204,California
Plumas,2021-04-23,72,12534,5,880,67,10968,0,686,16,1251,56,5969,16,7220,California
Plumas,2021-04-24,172,12706,5,885,167,11135,0,686,146,1372,25,5994,146,7366,California
Plumas,2021-04-26,29,12735,4,889,25,11160,0,686,8,1360,20,6014,8,7374,California
Plumas,2021-04-27,88,12823,3,892,85,11245,0,686,51,1374,37,6051,51,7425,California
Plumas,2021-04-28,284,13107,4,896,280,11525,0,686,38,1167,245,6296,38,7463,California
Plumas,2021-04-29,172,13279,69,965,103,11628,0,686,118,1231,54,6350,118,7581,California
Plumas,2021-04-30,23,13302,11,976,12,11640,0,686,7,1222,16,6366,7,7588,California
Plumas,2021-05-01,3,13305,1,977,1,11641,1,687,0,1221,2,6368,1,7589,California
Plumas,2021-05-02,2,13307,2,979,0,11641,0,687,1,1221,1,6369,1,7590,California
Plumas,2021-05-03,18,13325,7,986,5,11646,6,693,6,1222,11,6380,12,7602,California
Plumas,2021-05-04,29,13354,3,989,20,11666,6,699,16,1232,12,6392,22,7624,California
Plumas,2021-05-05,49,13403,6,995,42,11708,1,700,22,1228,27,6419,23,7647,California
Plumas,2021-05-06,56,13459,2,997,49,11757,5,705,15,1207,41,6460,20,7667,California
Plumas,2021-05-07,22,13481,5,1002,16,11773,1,706,8,1202,14,6474,9,7676,California
Plumas,2021-05-08,6,13487,0,1002,4,11777,2,708,4,1206,2,6476,6,7682,California
Plumas,2021-05-10,50,13537,1,1003,26,11803,23,731,22,1223,28,6504,45,7727,California
Plumas,2021-05-11,163,13700,3,1006,141,11944,19,750,14,1107,149,6653,33,7760,California
Plumas,2021-05-12,98,13798,2,1008,89,12033,7,757,37,1091,60,6713,44,7804,California
Plumas,2021-05-13,35,13833,4,1012,29,12062,2,759,13,1084,22,6735,15,7819,California
Plumas,2021-05-14,19,13852,3,1015,11,12073,5,764,9,1088,10,6745,14,7833,California
Plumas,2021-05-15,10,13862,4,1019,4,12077,2,766,4,1088,6,6751,6,7839,California
Plumas,2021-05-16,2,13864,1,1020,1,12078,0,766,1,1088,1,6752,1,7840,California
Plumas,2021-05-17,13,13877,0,1020,4,12082,9,775,4,1092,9,6761,13,7853,California
Plumas,2021-05-18,42,13919,7,1027,34,12116,1,776,22,1095,20,6781,23,7876,California
Plumas,2021-05-19,45,13964,3,1030,28,12144,14,790,11,1087,34,6815,26,7902,California
Plumas,2021-05-20,189,14153,133,1163,45,12189,11,801,78,1065,111,6926,89,7991,California
Plumas,2021-05-21,28,14181,8,1171,15,12204,5,806,15,1072,13,6939,20,8011,California
Plumas,2021-05-22,136,14317,1,1172,135,12339,0,806,5,947,130,7069,5,8016,California
Plumas,2021-05-23,2,14319,2,1174,0,12339,0,806,1,947,1,7070,1,8017,California
Plumas,2021-05-24,52,14371,39,1213,12,12351,1,807,42,980,10,7080,43,8060,California
Plumas,2021-05-25,63,14434,4,1217,58,12409,1,808,16,950,47,7127,17,8077,California
Plumas,2021-05-26,39,14473,5,1222,27,12436,7,815,16,950,23,7150,23,8100,California
Plumas,2021-05-27,100,14573,28,1250,62,12498,10,825,43,948,56,7206,54,8154,California
Plumas,2021-05-28,37,14610,11,1261,25,12523,1,826,19,950,18,7224,20,8174,California
Plumas,2021-05-29,10,14620,1,1262,9,12532,0,826,7,955,3,7227,8,8182,California
Plumas,2021-05-31,5,14625,0,1262,2,12534,3,829,0,954,4,7231,3,8185,California
Plumas,2021-06-01,31,14656,8,1270,19,12553,4,833,10,948,21,7252,15,8200,California
Plumas,2021-06-02,55,14711,5,1275,30,12583,20,853,9,931,46,7298,29,8229,California
Plumas,2021-06-03,42,14753,13,1288,19,12602,10,863,18,935,24,7322,28,8257,California
Riverside,2020-12-15,5,5,5,5,0,0,0,0,5,5,0,0,5,5,California
Riverside,2020-12-16,69,74,69,74,0,0,0,0,69,74,0,0,69,74,California
Riverside,2020-12-17,811,885,811,885,0,0,0,0,811,885,0,0,811,885,California
Riverside,2020-12-18,1730,2615,1729,2614,1,1,0,0,1730,2615,0,0,1730,2615,California
Riverside,2020-12-19,1027,3642,1024,3638,3,4,0,0,1025,3639,1,1,1025,3640,California
Riverside,2020-12-20,1084,4726,1083,4721,1,5,0,0,1084,4723,0,1,1084,4724,California
Riverside,2020-12-21,2278,7004,2276,6997,2,7,0,0,2278,7001,0,1,2278,7002,California
Riverside,2020-12-22,2260,9264,2221,9218,39,46,0,0,2259,9260,0,1,2259,9261,California
Riverside,2020-12-23,2150,11414,1808,11026,342,388,0,0,2151,11411,0,1,2151,11412,California
Riverside,2020-12-24,828,12242,626,11652,202,590,0,0,828,12239,0,1,828,12240,California
Riverside,2020-12-25,28,12270,5,11657,23,613,0,0,28,12267,0,1,28,12268,California
Riverside,2020-12-26,404,12674,257,11914,147,760,0,0,404,12671,0,1,404,12672,California
Riverside,2020-12-27,367,13041,245,12159,122,882,0,0,367,13038,0,1,367,13039,California
Riverside,2020-12-28,1635,14676,1130,13289,505,1387,0,0,1636,14674,0,1,1636,14675,California
Riverside,2020-12-29,1735,16411,968,14257,767,2154,0,0,1735,16409,0,1,1735,16410,California
Riverside,2020-12-30,2574,18985,1679,15936,895,3049,0,0,2573,18982,0,1,2573,18983,California
Riverside,2020-12-31,1022,20007,395,16331,627,3676,0,0,1024,20006,0,1,1024,20007,California
Riverside,2021-01-01,121,20128,46,16377,75,3751,0,0,121,20127,0,1,121,20128,California
Riverside,2021-01-02,833,20961,693,17070,140,3891,0,0,833,20960,0,1,833,20961,California
Riverside,2021-01-03,344,21305,298,17368,46,3937,0,0,343,21303,0,1,343,21304,California
Riverside,2021-01-04,1264,22569,793,18161,471,4408,0,0,1264,22567,0,1,1264,22568,California
Riverside,2021-01-05,1988,24557,1366,19527,622,5030,0,0,1892,24369,90,91,1892,24460,California
Riverside,2021-01-06,2502,27059,1117,20644,1385,6415,0,0,2192,26255,306,397,2192,26652,California
Riverside,2021-01-07,2779,29838,1825,22469,954,7369,0,0,1714,26911,1060,1457,1716,28368,California
Riverside,2021-01-08,4059,33897,2932,25401,1127,8496,0,0,2245,27346,1810,3267,2245,30613,California
Riverside,2021-01-09,2077,35974,846,26247,1231,9727,0,0,1727,28724,349,3616,1727,32340,California
Riverside,2021-01-10,1669,37643,737,26984,932,10659,0,0,1065,29185,604,4220,1065,33405,California
Riverside,2021-01-11,4526,42169,3100,30084,1426,12085,0,0,2788,30238,1736,5956,2789,36194,California
Riverside,2021-01-12,3420,45589,2740,32824,680,12765,0,0,1726,30275,1689,7645,1726,37920,California
Riverside,2021-01-13,4460,50049,2938,35762,1522,14287,0,0,2849,31516,1608,9253,2849,40769,California
Riverside,2021-01-14,5518,55567,1913,37675,3605,17892,0,0,4928,35855,589,9842,4928,45697,California
Riverside,2021-01-15,6097,61664,2023,39698,4074,21966,0,0,5808,41375,288,10130,5808,51505,California
Riverside,2021-01-16,3613,65277,1017,40715,2596,24562,0,0,3367,44497,246,10376,3368,54873,California
Riverside,2021-01-17,3597,68874,585,41300,3012,27574,0,0,3400,47702,195,10571,3400,58273,California
Riverside,2021-01-18,3749,72623,2040,43340,1709,29283,0,0,2741,49435,1008,11579,2741,61014,California
Riverside,2021-01-19,7420,80043,2647,45987,4773,34056,0,0,6300,54616,1120,12699,6301,67315,California
Riverside,2021-01-20,8219,88262,3132,49119,5087,39143,0,0,6560,59533,1647,14346,6564,73879,California
Riverside,2021-01-21,8354,96616,3507,52626,4847,43990,0,0,7702,66583,653,14999,7703,81582,California
Riverside,2021-01-22,8718,105334,2966,55592,5752,49742,0,0,8288,74444,428,15427,8289,89871,California
Riverside,2021-01-23,5899,111233,2363,57955,3536,53278,0,0,5179,78904,720,16147,5180,95051,California
Riverside,2021-01-24,3038,114271,1433,59388,1605,54883,0,0,2822,81514,213,16360,2823,97874,California
Riverside,2021-01-25,7880,122151,4531,63919,3349,58232,0,0,6759,87154,1120,17480,6760,104634,California
Riverside,2021-01-26,9144,131295,5717,69636,3427,61659,0,0,7634,93282,1507,18987,7635,112269,California
Riverside,2021-01-27,10931,142226,6395,76031,4536,66195,0,0,9315,100988,1612,20599,9318,121587,California
Riverside,2021-01-28,11504,153730,6788,82819,4716,70911,0,0,10339,110171,1157,21756,10340,131927,California
Riverside,2021-01-29,11941,165671,7283,90102,4658,75569,0,0,10566,119392,1349,23105,10570,142497,California
Riverside,2021-01-30,9064,174735,4614,94716,4450,80019,0,0,8600,127532,461,23566,8601,151098,California
Riverside,2021-01-31,5169,179904,4256,98972,913,80932,0,0,5039,132446,129,23695,5043,156141,California
Riverside,2021-02-01,10974,190878,6787,105759,4187,85119,0,0,9125,139732,1842,25537,9128,165269,California
Riverside,2021-02-02,9482,200360,4819,110578,4663,89782,0,0,8013,146287,1461,26998,8016,173285,California
Riverside,2021-02-03,12186,212546,5147,115725,7039,96821,0,0,9817,153745,2359,29357,9817,183102,California
Riverside,2021-02-04,13511,226057,6000,121725,7511,104332,0,0,11435,163116,2067,31424,11438,194540,California
Riverside,2021-02-05,14354,240411,5409,127134,8945,113277,0,0,11288,171349,3059,34483,11292,205832,California
Riverside,2021-02-06,7239,247650,4265,131399,2974,116251,0,0,5598,175316,1634,36117,5601,211433,California
Riverside,2021-02-07,2167,249817,798,132197,1369,117620,0,0,1848,176848,317,36434,1849,213282,California
Riverside,2021-02-08,12479,262296,5555,137752,6924,124544,0,0,10173,184734,2291,38725,10177,223459,California
Riverside,2021-02-09,9650,271946,4522,142274,5128,129672,0,0,7700,190498,1941,40666,7705,231164,California
Riverside,2021-02-10,12079,284025,6973,149247,5106,134778,0,0,8904,196246,3164,43830,8912,240076,California
Riverside,2021-02-11,16623,300648,9054,158301,7569,142347,0,0,12102,203864,4499,48329,12117,252193,California
Riverside,2021-02-12,17696,318344,10806,169107,6890,149237,0,0,12808,211840,4844,53173,12820,265013,California
Riverside,2021-02-13,6328,324672,2127,171234,4201,153438,0,0,3106,211761,3206,56379,3127,268140,California
Riverside,2021-02-14,4923,329595,1116,172350,3807,157245,0,0,2178,211198,2741,59120,2178,270318,California
Riverside,2021-02-15,9830,339425,5007,177357,4823,162068,0,0,5405,212194,4416,63536,5412,275730,California
Riverside,2021-02-16,16123,355548,10112,187469,6011,168079,0,0,9252,214593,6861,70397,9260,284990,California
Riverside,2021-02-17,15037,370585,8213,195682,6824,174903,0,0,7451,214482,7572,77969,7461,292451,California
Riverside,2021-02-18,15547,386132,8986,204668,6561,181464,0,0,8019,215009,7506,85475,8033,300484,California
Riverside,2021-02-19,15300,401432,8225,212893,7075,188539,0,0,7223,214182,8058,93533,7231,307715,California
Riverside,2021-02-20,8316,409748,4499,217392,3817,192356,0,0,2166,210218,6133,99666,2169,309884,California
Riverside,2021-02-21,4401,414149,3878,221270,523,192879,0,0,1233,208299,3153,102819,1234,311118,California
Riverside,2021-02-22,12384,426533,7776,229046,4608,197487,0,0,5114,206167,7254,110073,5122,316240,California
Riverside,2021-02-23,11129,437662,7579,236625,3550,201037,0,0,5404,205878,5697,115770,5408,321648,California
Riverside,2021-02-24,14816,452478,8105,244730,6711,207748,0,0,6300,203717,8478,124248,6317,327965,California
Riverside,2021-02-25,17378,469856,7405,252135,9973,217721,0,0,8079,202547,9274,133522,8104,336069,California
Riverside,2021-02-26,18650,488506,6740,258875,11910,229631,0,0,9313,202615,9279,142801,9347,345416,California
Riverside,2021-02-27,12089,500595,5612,264487,6477,236108,0,0,5766,202118,6290,149091,5793,351209,California
Riverside,2021-02-28,4890,505485,3224,267711,1666,237774,0,0,2410,202068,2467,151558,2417,353626,California
Riverside,2021-03-01,14375,519860,6113,273824,8260,246034,2,2,8465,204691,5872,157430,8495,362121,California
Riverside,2021-03-02,15388,535248,7520,281344,7867,253901,1,3,9028,207410,6337,163767,9056,371177,California
Riverside,2021-03-03,16938,552186,8393,289737,8545,262446,0,3,7323,205302,9563,173330,7455,378632,California
Riverside,2021-03-04,18766,570952,7468,297205,11293,273739,5,8,8920,204576,9801,183131,9075,387707,California
Riverside,2021-03-05,18945,589897,7618,304823,11283,285022,44,52,9387,204778,9507,192638,9709,397416,California
Riverside,2021-03-06,9535,599432,5077,309900,3976,288998,482,534,4751,205270,4770,197408,5262,402678,California
Riverside,2021-03-07,4257,603689,2753,312653,1115,290113,389,923,2007,205430,2240,199648,2400,405078,California
Riverside,2021-03-08,11969,615658,4762,317415,6796,296909,411,1334,5338,204615,6611,206259,5796,410874,California
Riverside,2021-03-09,14817,630475,6909,324324,7408,304317,500,1834,5908,202271,8888,215147,6544,417418,California
Riverside,2021-03-10,15931,646406,8527,332851,6476,310793,928,2762,6218,199901,9668,224815,7298,424716,California
Riverside,2021-03-11,19313,665719,9472,342323,7992,318785,1849,4611,7613,197908,11664,236479,9671,434387,California
Riverside,2021-03-12,21218,686937,7957,350280,8521,327306,4740,9351,7119,196039,14061,250540,12192,446579,California
Riverside,2021-03-13,8503,695440,2544,352824,4731,332037,1228,10579,4368,197613,4113,254653,5687,452266,California
Riverside,2021-03-14,4744,700184,1618,354442,1758,333795,1368,11947,2085,198417,2648,257301,3452,455718,California
Riverside,2021-03-15,18706,718890,7869,362311,9167,342962,1670,13617,9212,199949,9450,266751,10982,466700,California
Riverside,2021-03-16,20917,739807,10151,372462,9951,352913,815,14432,11393,202765,9485,276236,12301,479001,California
Riverside,2021-03-17,21351,761158,10964,383426,9328,362241,1059,15491,12830,208229,8484,284720,13948,492949,California
Riverside,2021-03-18,22635,783793,11789,395215,9180,371421,1666,17157,12566,212452,10018,294738,14241,507190,California
Riverside,2021-03-19,24162,807955,12688,407903,10501,381922,973,18130,14109,217907,9995,304733,15450,522640,California
Riverside,2021-03-20,10696,818651,6907,414810,2608,384530,1181,19311,6880,222182,3785,308518,8060,530700,California
Riverside,2021-03-21,3750,822401,2923,417733,561,385091,266,19577,2556,223829,1176,309694,2823,533523,California
Riverside,2021-03-22,16661,839062,9936,427669,6172,391263,553,20130,10600,228976,6004,315698,11151,544674,California
Riverside,2021-03-23,18590,857652,10529,438198,7640,398903,421,20551,11949,234779,6581,322279,12384,557058,California
Riverside,2021-03-24,18775,876427,10476,448674,8179,407082,120,20671,12886,241952,5839,328118,13012,570070,California
Riverside,2021-03-25,21185,897612,11685,460359,9319,416401,181,20852,14199,249425,6913,335031,14386,584456,California
Riverside,2021-03-26,24183,921795,11949,472308,12059,428460,175,21027,15035,255595,9043,344074,15213,599669,California
Riverside,2021-03-27,9338,931133,4908,477216,3377,431837,1053,22080,4820,256974,4495,348569,5874,605543,California
Riverside,2021-03-28,4776,935909,3140,480356,1544,433381,92,22172,2843,257991,1920,350489,2937,608480,California
Riverside,2021-03-29,17695,953604,8460,488816,9113,442494,122,22294,10948,262369,6703,357192,11081,619561,California
Riverside,2021-03-30,18376,971980,9570,498386,8599,451093,207,22501,11719,267681,6617,363809,11929,631490,California
Riverside,2021-03-31,18141,990121,8443,506829,9393,460486,305,22806,11455,272811,6641,370450,11771,643261,California
Riverside,2021-04-01,25598,1015719,12508,519337,12309,472795,781,23587,16523,281107,9009,379459,17305,660566,California
Riverside,2021-04-02,26177,1041896,14088,533425,11137,483932,952,24539,16396,288964,9720,389179,17577,678143,California
Riverside,2021-04-03,9392,1051288,5975,539400,2826,486758,591,25130,6056,292291,3317,392496,6644,684787,California
Riverside,2021-04-04,3402,1054690,2070,541470,1088,487846,244,25374,1721,292586,1671,394167,1966,686753,California
Riverside,2021-04-05,18484,1073174,9468,550938,7155,495001,1861,27235,9950,295907,8493,402660,11814,698567,California
Riverside,2021-04-06,23819,1096993,12382,563320,9299,504300,2138,29373,13286,300850,10482,413142,15425,713992,California
Riverside,2021-04-07,24890,1121883,13432,576752,8942,513242,2516,31889,13850,306233,10995,424137,16378,730370,California
Riverside,2021-04-08,27443,1149326,15176,591928,9292,522534,2975,34864,16783,315424,10599,434736,19790,750160,California
Riverside,2021-04-09,26302,1175628,15472,607400,8374,530908,2456,37320,16047,323786,10211,444947,18573,768733,California
Riverside,2021-04-10,12031,1187659,6754,614154,3881,534789,1396,38716,5268,323737,6720,451667,6671,775404,California
Riverside,2021-04-11,4634,1192293,2757,616911,1255,536044,622,39338,2185,324114,2438,454105,2815,778219,California
Riverside,2021-04-12,20161,1212454,8983,625894,8536,544580,2642,41980,10113,326883,10010,464115,12779,790998,California
Riverside,2021-04-13,19948,1232402,11159,637053,8762,553342,27,42007,11385,329788,8523,472638,11428,802426,California
Riverside,2021-04-14,22127,1254529,12181,649234,9931,563273,15,42022,10836,329423,11223,483861,10858,813284,California
Riverside,2021-04-15,21941,1276470,12415,661649,9518,572791,8,42030,11567,330698,10306,494167,11581,824865,California
Riverside,2021-04-16,24922,1301392,14427,676076,10489,583280,6,42036,11537,328915,13333,507500,11550,836415,California
Riverside,2021-04-17,9863,1311255,6498,682574,3365,586645,0,42036,4959,328993,4888,512388,4966,841381,California
Riverside,2021-04-18,3861,1315116,2811,685385,1043,587688,7,42043,1816,328788,2031,514419,1826,843207,California
Riverside,2021-04-19,19476,1334592,11589,696974,7884,595572,3,42046,6959,323280,12475,526894,6967,850174,California
Riverside,2021-04-20,18878,1353470,9951,706925,8917,604489,10,42056,7729,319916,11106,538000,7742,857916,California
Riverside,2021-04-21,19852,1373322,11418,718343,8425,612914,9,42065,7992,316130,11793,549793,8007,865923,California
Riverside,2021-04-22,23273,1396595,13573,731916,9697,622611,3,42068,8669,310271,14536,564329,8677,874600,California
Riverside,2021-04-23,23337,1419932,13730,745646,9593,632204,14,42082,9151,305318,14126,578455,9173,883773,California
Riverside,2021-04-24,10491,1430423,7315,752961,3173,635377,3,42085,4832,304530,5623,584078,4835,888608,California
Riverside,2021-04-25,4218,1434641,2820,755781,1397,636774,1,42086,2185,304701,2016,586094,2187,890795,California
Riverside,2021-04-26,16499,1451140,10364,766145,6090,642864,45,42131,5527,299347,10930,597024,5576,896371,California
Riverside,2021-04-27,17804,1468944,10202,776347,7435,650299,167,42298,6161,294076,11599,608623,6328,902699,California
Riverside,2021-04-28,16466,1485410,8862,785209,7347,657646,257,42555,5541,289004,10870,619493,5798,908497,California
Riverside,2021-04-29,18701,1504111,11438,796647,6915,664561,348,42903,5387,281483,13253,632746,5732,914229,California
Riverside,2021-04-30,19714,1523825,11359,808006,7974,672535,381,43284,6319,274841,13344,646090,6702,920931,California
Riverside,2021-05-01,6770,1530595,4877,812883,1725,674260,168,43452,2329,272921,4415,650505,2495,923426,California
Riverside,2021-05-02,3352,1533947,2183,815066,961,675221,208,43660,1069,271938,2266,652771,1283,924709,California
Riverside,2021-05-03,17989,1551936,11042,826108,6460,681681,487,44147,4159,262813,13769,666540,4644,929353,California
Riverside,2021-05-04,17254,1569190,10960,837068,5879,687560,415,44562,4882,255800,12308,678848,5295,934648,California
Riverside,2021-05-05,15762,1584952,8920,845988,6482,694042,360,44922,4543,249544,11159,690007,4903,939551,California
Riverside,2021-05-06,17777,1602729,9957,855945,7411,701453,409,45331,4524,241295,13183,703190,4934,944485,California
Riverside,2021-05-07,20308,1623037,11595,867540,8283,709736,430,45761,5360,232210,14872,718062,5787,950272,California
Riverside,2021-05-08,6816,1629853,4533,872073,2054,711790,229,45990,2558,230767,4228,722290,2785,953057,California
Riverside,2021-05-09,2308,1632161,1509,873582,644,712434,155,46145,851,230327,1446,723736,1006,954063,California
Riverside,2021-05-10,10019,1642180,5135,878717,4513,716947,371,46516,2861,226450,7108,730844,3231,957294,California
Riverside,2021-05-11,13545,1655725,8124,886841,4928,721875,493,47009,3694,220865,9773,740617,4188,961482,California
Riverside,2021-05-12,11929,1667654,5814,892655,5830,727705,285,47294,3612,216495,8265,748882,3895,965377,California
Riverside,2021-05-13,13734,1681388,8157,900812,5313,733018,264,47558,4869,212817,8815,757697,5137,970514,California
Riverside,2021-05-14,17725,1699113,11196,912008,5738,738756,791,48349,6927,209801,10732,768429,7716,978230,California
Riverside,2021-05-15,9677,1708790,6927,918935,2355,741111,395,48744,4938,210427,4707,773136,5333,983563,California
Riverside,2021-05-16,3466,1712256,2517,921452,839,741950,110,48854,1707,210498,1746,774882,1817,985380,California
Riverside,2021-05-17,11730,1723986,7570,929022,3822,745772,338,49192,5284,209719,6413,781295,5634,991014,California
Riverside,2021-05-18,15050,1739036,9316,938338,5391,751163,343,49535,6254,207567,8748,790043,6596,997610,California
Riverside,2021-05-19,12131,1751167,7679,946017,4231,755394,221,49756,6013,207734,6068,796111,6235,1003845,California
Riverside,2021-05-20,10175,1761342,6216,952233,3702,759096,257,50013,4471,206802,5663,801774,4731,1008576,California
Riverside,2021-05-21,12414,1773756,7531,959764,4577,763673,306,50319,5233,205209,7133,808907,5540,1014116,California
Riverside,2021-05-22,5529,1779285,3813,963577,1538,765211,178,50497,3081,206052,2417,811324,3260,1017376,California
Riverside,2021-05-23,1478,1780763,1034,964611,372,765583,72,50569,815,206285,654,811978,887,1018263,California
Riverside,2021-05-24,8486,1789249,5453,970064,2724,768307,309,50878,3788,205713,4669,816647,4097,1022360,California
Riverside,2021-05-25,9483,1798732,5660,975724,3569,771876,254,51132,3847,204218,5595,822242,4100,1026460,California
Riverside,2021-05-26,8610,1807342,5321,981045,2978,774854,311,51443,3827,203625,4736,826978,4143,1030603,California
Riverside,2021-05-27,8329,1815671,4964,986009,3138,777992,227,51670,3886,203336,4399,831377,4110,1034713,California
Riverside,2021-05-28,10457,1826128,6373,992382,3792,781784,292,51962,4871,202967,5533,836910,5164,1039877,California
Riverside,2021-05-29,4833,1830961,3302,995684,1405,783189,126,52088,2734,203749,2080,838990,2862,1042739,California
Riverside,2021-05-30,1909,1832870,1364,997048,481,783670,64,52152,1041,203992,863,839853,1106,1043845,California
Riverside,2021-05-31,860,1833730,485,997533,343,784013,32,52184,331,203829,526,840379,363,1044208,California
Riverside,2021-06-01,8938,1842668,5505,1003038,3197,787210,236,52420,3531,202231,5362,845741,3764,1047972,California
Riverside,2021-06-02,6746,1849414,4115,1007153,2375,789585,256,52676,2870,201513,3843,849584,3125,1051097,California
Riverside,2021-06-03,3873,1853287,2440,1009593,1265,790850,168,52844,1143,200105,2716,852300,1308,1052405,California
Sacramento,2020-12-15,315,315,315,315,0,0,0,0,315,315,0,0,315,315,California
Sacramento,2020-12-16,647,962,647,962,0,0,0,0,647,962,0,0,647,962,California
Sacramento,2020-12-17,649,1611,649,1611,0,0,0,0,649,1611,0,0,649,1611,California
Sacramento,2020-12-18,970,2581,970,2581,0,0,0,0,970,2581,0,0,970,2581,California
Sacramento,2020-12-19,610,3191,610,3191,0,0,0,0,610,3191,0,0,610,3191,California
Sacramento,2020-12-20,634,3825,634,3825,0,0,0,0,634,3825,0,0,634,3825,California
Sacramento,2020-12-21,1678,5503,1678,5503,0,0,0,0,1679,5504,0,0,1679,5504,California
Sacramento,2020-12-22,2107,7610,2073,7576,34,34,0,0,2107,7611,0,0,2107,7611,California
Sacramento,2020-12-23,2263,9873,2092,9668,171,205,0,0,2263,9874,0,0,2263,9874,California
Sacramento,2020-12-24,1047,10920,834,10502,213,418,0,0,1047,10921,0,0,1047,10921,California
Sacramento,2020-12-25,1,10921,0,10502,1,419,0,0,1,10922,0,0,1,10922,California
Sacramento,2020-12-26,510,11431,291,10793,219,638,0,0,510,11432,0,0,510,11432,California
Sacramento,2020-12-27,355,11786,249,11042,106,744,0,0,355,11787,0,0,355,11787,California
Sacramento,2020-12-28,1911,13697,1329,12371,582,1326,0,0,1910,13696,1,1,1910,13697,California
Sacramento,2020-12-29,1959,15656,1193,13564,766,2092,0,0,1959,15655,0,1,1959,15656,California
Sacramento,2020-12-30,2563,18219,1456,15020,1107,3199,0,0,2564,18219,0,1,2564,18220,California
Sacramento,2020-12-31,1234,19453,697,15717,537,3736,0,0,1235,19454,0,1,1235,19455,California
Sacramento,2021-01-01,81,19534,70,15787,11,3747,0,0,81,19535,0,1,81,19536,California
Sacramento,2021-01-02,568,20102,366,16153,202,3949,0,0,568,20103,0,1,568,20104,California
Sacramento,2021-01-03,412,20514,223,16376,189,4138,0,0,412,20515,0,1,412,20516,California
Sacramento,2021-01-04,1961,22475,847,17223,1114,5252,0,0,1959,22473,1,2,1959,22475,California
Sacramento,2021-01-05,2216,24691,989,18212,1227,6479,0,0,1862,23988,354,356,1869,24344,California
Sacramento,2021-01-06,2728,27419,1617,19829,1111,7590,0,0,1953,25169,772,1128,1953,26297,California
Sacramento,2021-01-07,2841,30260,1508,21337,1333,8923,0,0,1978,26287,860,1988,1978,28275,California
Sacramento,2021-01-08,3303,33563,2095,23432,1208,10131,0,0,2268,27525,1031,3019,2269,30544,California
Sacramento,2021-01-09,1291,34854,796,24228,495,10626,0,0,903,28042,386,3405,903,31447,California
Sacramento,2021-01-10,1247,36101,710,24938,537,11163,0,0,776,28349,470,3875,777,32224,California
Sacramento,2021-01-11,4351,40452,2961,27899,1390,12553,0,0,2411,28833,1939,5814,2423,34647,California
Sacramento,2021-01-12,4584,45036,3200,31099,1384,13937,0,0,2611,29476,1972,7786,2615,37262,California
Sacramento,2021-01-13,3835,48871,2213,33312,1622,15559,0,0,2419,30481,1415,9201,2420,39682,California
Sacramento,2021-01-14,4629,53500,2337,35649,2292,17851,0,0,3708,33272,917,10118,3708,43390,California
Sacramento,2021-01-15,4452,57952,2264,37913,2188,20039,0,0,3731,36283,721,10839,3732,47122,California
Sacramento,2021-01-16,2080,60032,1276,39189,804,20843,0,0,1862,37927,218,11057,1862,48984,California
Sacramento,2021-01-17,1680,61712,982,40171,698,21541,0,0,1497,39244,183,11240,1500,50484,California
Sacramento,2021-01-18,2820,64532,1722,41893,1098,22639,0,0,2244,40914,575,11815,2245,52729,California
Sacramento,2021-01-19,4976,69508,3027,44920,1949,24588,0,0,3740,43420,1236,13051,3742,56471,California
Sacramento,2021-01-20,4818,74326,2852,47772,1966,26554,0,0,3595,45796,1225,14276,3601,60072,California
Sacramento,2021-01-21,5212,79538,3006,50778,2206,28760,0,0,4242,49076,964,15240,4244,64316,California
Sacramento,2021-01-22,5013,84551,2676,53454,2337,31097,0,0,4710,53485,302,15542,4711,69027,California
Sacramento,2021-01-23,3745,88296,1565,55019,2180,33277,0,0,3284,56308,461,16003,3284,72311,California
Sacramento,2021-01-24,1617,89913,1008,56027,609,33886,0,0,1376,57444,241,16244,1377,73688,California
Sacramento,2021-01-25,4424,94337,2168,58195,2256,36142,0,0,2950,58922,1474,17718,2952,76640,California
Sacramento,2021-01-26,4755,99092,2156,60351,2599,38741,0,0,3551,61273,1202,18920,3553,80193,California
Sacramento,2021-01-27,5845,104937,3052,63403,2793,41534,0,0,4227,63887,1615,20535,4229,84422,California
Sacramento,2021-01-28,5396,110333,2730,66133,2666,44200,0,0,4294,67081,1101,21636,4295,88717,California
Sacramento,2021-01-29,5425,115758,2946,69079,2479,46679,0,0,4397,70459,1019,22655,4397,93114,California
Sacramento,2021-01-30,4511,120269,2200,71279,2311,48990,0,0,4082,74114,427,23082,4082,97196,California
Sacramento,2021-01-31,2330,122599,2030,73309,300,49290,0,0,2054,75896,274,23356,2056,99252,California
Sacramento,2021-02-01,5946,128545,3037,76346,2909,52199,0,0,4260,78474,1682,25038,4260,103512,California
Sacramento,2021-02-02,6995,135540,3769,80115,3226,55425,0,0,4839,81177,2138,27176,4841,108353,California
Sacramento,2021-02-03,7152,142692,3604,83719,3548,58973,0,0,5287,84610,1856,29032,5289,113642,California
Sacramento,2021-02-04,7761,150453,3673,87392,4088,63061,0,0,5514,87886,2238,31270,5514,119156,California
Sacramento,2021-02-05,7863,158316,4489,91881,3374,66435,0,0,4919,89887,2921,34191,4922,124078,California
Sacramento,2021-02-06,8487,166803,3487,95368,5000,71435,0,0,7130,95663,1355,35546,7131,131209,California
Sacramento,2021-02-07,4080,170883,2190,97558,1890,73325,0,0,2874,97338,1201,36747,2876,134085,California
Sacramento,2021-02-08,6268,177151,3259,100817,3009,76334,0,0,3922,98918,2342,39089,3922,138007,California
Sacramento,2021-02-09,6780,183931,3561,104378,3219,79553,0,0,3995,100138,2776,41865,3996,142003,California
Sacramento,2021-02-10,7705,191636,4214,108592,3491,83044,0,0,4545,101539,3146,45011,4547,146550,California
Sacramento,2021-02-11,9602,201238,5729,114321,3873,86917,0,0,5510,102974,4077,49088,5512,152062,California
Sacramento,2021-02-12,10687,211925,4144,118465,6543,93460,0,0,6411,105173,4215,53303,6414,158476,California
Sacramento,2021-02-13,7673,219598,2981,121446,4692,98152,0,0,6088,109680,1582,54885,6089,164565,California
Sacramento,2021-02-14,3195,222793,1960,123406,1235,99387,0,0,2096,110683,1097,55982,2100,166665,California
Sacramento,2021-02-15,5995,228788,2046,125452,3949,103336,0,0,4164,113025,1825,57807,4167,170832,California
Sacramento,2021-02-16,9238,238026,4207,129659,5031,108367,0,0,5307,114412,3924,61731,5311,176143,California
Sacramento,2021-02-17,8848,246874,4991,134650,3857,112224,0,0,5141,115859,3696,65427,5143,181286,California
Sacramento,2021-02-18,9566,256440,5727,140377,3839,116063,0,0,5709,117722,3849,69276,5712,186998,California
Sacramento,2021-02-19,10014,266454,6141,146518,3873,119936,0,0,5913,119551,4090,73366,5919,192917,California
Sacramento,2021-02-20,7760,274214,5732,152250,2028,121964,0,0,4696,121191,3058,76424,4698,197615,California
Sacramento,2021-02-21,2985,277199,2372,154622,613,122577,0,0,1043,120299,1936,78360,1044,198659,California
Sacramento,2021-02-22,6200,283399,3754,158376,2446,125023,0,0,2689,119492,3500,81860,2693,201352,California
Sacramento,2021-02-23,7159,290558,4449,162825,2710,127733,0,0,3465,119284,3677,85537,3469,204821,California
Sacramento,2021-02-24,9681,300239,5313,168138,4368,132101,0,0,5255,120133,4410,89947,5259,210080,California
Sacramento,2021-02-25,10943,311182,6242,174380,4701,136802,0,0,6408,122021,4520,94467,6408,216488,California
Sacramento,2021-02-26,13939,325121,6482,180862,7457,144259,0,0,9588,127291,4321,98788,9591,226079,California
Sacramento,2021-02-27,10844,335965,6742,187604,4099,148358,3,3,7972,132417,2849,101637,7975,234054,California
Sacramento,2021-02-28,5653,341618,2253,189857,3400,151758,0,3,2598,131975,3041,104678,2599,236653,California
Sacramento,2021-03-01,8078,349696,3491,193348,4586,156344,1,4,4360,132641,3697,108375,4363,241016,California
Sacramento,2021-03-02,9297,358993,4048,197396,5248,161592,1,5,5698,134761,3582,111957,5702,246718,California
Sacramento,2021-03-03,10998,369991,5031,202427,5964,167556,3,8,6560,136909,4417,116374,6565,253283,California
Sacramento,2021-03-04,13476,383467,6203,208630,7269,174825,4,12,7497,138469,5947,122321,7507,260790,California
Sacramento,2021-03-05,10635,394102,4911,213541,5694,180519,30,42,7071,142029,3543,125864,7103,267893,California
Sacramento,2021-03-06,8132,402234,3123,216664,4887,185406,122,164,4129,142291,3988,129852,4250,272143,California
Sacramento,2021-03-07,7619,409853,2214,218878,5316,190722,89,253,3754,142272,3860,133712,3841,275984,California
Sacramento,2021-03-08,9133,418986,4264,223142,4644,195366,225,478,5972,145318,3149,136861,6195,282179,California
Sacramento,2021-03-09,9620,428606,4567,227709,4761,200127,292,770,5540,147089,4062,140923,5833,288012,California
Sacramento,2021-03-10,11789,440395,7514,235223,3919,204046,356,1126,6897,149485,4858,145781,7254,295266,California
Sacramento,2021-03-11,15089,455484,10016,245239,4252,208298,821,1947,8975,153206,6074,151855,9795,305061,California
Sacramento,2021-03-12,18057,473541,8343,253582,8853,217151,861,2808,8886,153843,9121,160976,9758,314819,California
Sacramento,2021-03-13,13010,486551,3574,257156,9008,226159,428,3236,7900,157073,5099,166075,8329,323148,California
Sacramento,2021-03-14,8394,494945,3469,260625,4294,230453,631,3867,4472,158277,3898,169973,5102,328250,California
Sacramento,2021-03-15,12226,507171,4847,265472,6717,237170,662,4529,7107,160950,5097,175070,7770,336020,California
Sacramento,2021-03-16,14026,521197,6225,271697,7152,244322,649,5178,8668,164937,5324,180394,9311,345331,California
Sacramento,2021-03-17,13761,534958,6620,278317,6504,250826,637,5815,8878,169598,4858,185252,9519,354850,California
Sacramento,2021-03-18,15703,550661,8243,286560,6870,257696,590,6405,10132,174780,5540,190792,10722,365572,California
Sacramento,2021-03-19,15622,566283,7971,294531,6274,263970,1377,7782,8146,176848,7449,198241,9517,375089,California
Sacramento,2021-03-20,12943,579226,7549,302080,5053,269023,341,8123,8186,180649,4728,202969,8529,383618,California
Sacramento,2021-03-21,5607,584833,2760,304840,2808,271831,39,8162,4950,184995,645,203614,4991,388609,California
Sacramento,2021-03-22,9414,594247,4821,309661,3739,275570,854,9016,6312,189086,3075,206689,7166,395775,California
Sacramento,2021-03-23,11365,605612,6771,316432,3784,279354,810,9826,7323,193216,4001,210690,8131,403906,California
Sacramento,2021-03-24,11888,617500,7281,323713,3975,283329,632,10458,6764,195571,5043,215733,7398,411304,California
Sacramento,2021-03-25,14182,631682,8371,332084,4984,288313,827,11285,8587,199431,5550,221283,9410,420714,California
Sacramento,2021-03-26,18279,649961,8946,341030,8845,297158,488,11773,9234,200180,8975,230258,9724,430438,California
Sacramento,2021-03-27,9712,659673,3578,344608,5843,303001,291,12064,5222,201231,4458,234716,5509,435947,California
Sacramento,2021-03-28,6541,666214,3223,347831,3068,306069,250,12314,3121,201195,3410,238126,3374,439321,California
Sacramento,2021-03-29,11018,677232,5899,353730,4747,310816,372,12686,5209,200998,5781,243907,5584,444905,California
Sacramento,2021-03-30,11854,689086,6087,359817,5375,316191,392,13078,6030,201619,5801,249708,6422,451327,California
Sacramento,2021-03-31,13457,702543,7866,367683,5196,321387,395,13473,5666,199912,7763,257471,6056,457383,California
Sacramento,2021-04-01,17437,719980,10470,378153,6741,328128,226,13699,7331,197420,10064,267535,7572,464955,California
Sacramento,2021-04-02,17141,737121,9705,387858,6697,334825,739,14438,9016,199086,8095,275630,9761,474716,California
Sacramento,2021-04-03,10444,747565,6230,394088,3662,338487,552,14990,6413,202050,4003,279633,6967,481683,California
Sacramento,2021-04-04,3707,751272,1529,395617,1987,340474,191,15181,1451,201438,2251,281884,1639,483322,California
Sacramento,2021-04-05,12064,763336,7570,403187,3662,344136,832,16013,5395,201026,6634,288518,6222,489544,California
Sacramento,2021-04-06,15654,778990,8893,412080,5429,349565,1332,17345,6937,200614,8684,297202,8272,497816,California
Sacramento,2021-04-07,14834,793824,8029,420109,5215,354780,1590,18935,7159,201735,7639,304841,8760,506576,California
Sacramento,2021-04-08,15070,808894,6775,426884,5321,360101,2974,21909,5995,201688,9043,313884,8996,515572,California
Sacramento,2021-04-09,18280,827174,9359,436243,6724,366825,2197,24106,7431,200526,10812,324696,9650,525222,California
Sacramento,2021-04-10,12837,840011,3844,440087,7778,374603,1215,25321,5323,199569,7487,332183,6530,531752,California
Sacramento,2021-04-11,10786,850797,4346,444433,6215,380818,225,25546,3844,196722,6917,339100,4070,535822,California
Sacramento,2021-04-12,12981,863778,5060,449493,6049,386867,1872,27418,4964,195612,7958,347058,6848,542670,California
Sacramento,2021-04-13,16265,880043,9954,459447,6307,393174,4,27422,7564,194518,8672,355730,7578,550248,California
Sacramento,2021-04-14,14925,894968,7949,467396,6974,400148,2,27424,5876,191383,9021,364751,5886,556134,California
Sacramento,2021-04-15,16319,911287,8396,475792,7920,408068,3,27427,6614,188337,9666,374417,6620,562754,California
Sacramento,2021-04-16,17383,928670,9608,485400,7775,415843,0,27427,7867,186727,9479,383896,7869,570623,California
Sacramento,2021-04-17,15268,943938,6145,491545,9123,424966,0,27427,11048,193580,4200,388096,11053,581676,California
Sacramento,2021-04-18,8443,952381,3072,494617,5371,430337,0,27427,3736,192628,4690,392786,3738,585414,California
Sacramento,2021-04-19,10578,962959,5714,500331,4859,435196,5,27432,4689,191455,5868,398654,4695,590109,California
Sacramento,2021-04-20,11114,974073,6750,507081,4361,439557,3,27435,5912,192193,5181,403835,5919,596028,California
Sacramento,2021-04-21,11481,985554,6634,513715,4845,444402,2,27437,6217,193171,5242,409077,6220,602248,California
Sacramento,2021-04-22,14815,1000369,9898,523613,4913,449315,4,27441,6817,192027,7967,417044,6823,609071,California
Sacramento,2021-04-23,15831,1016200,10008,533621,5823,455138,0,27441,7335,190903,8460,425504,7336,616407,California
Sacramento,2021-04-24,11325,1027525,7005,540626,4319,459457,1,27442,5935,191486,5354,430858,5937,622344,California
Sacramento,2021-04-25,7998,1035523,4486,545112,3512,462969,0,27442,4169,191839,3817,434675,4170,626514,California
Sacramento,2021-04-26,10236,1045759,6431,551543,3780,466749,25,27467,4699,191053,5510,440185,4724,631238,California
Sacramento,2021-04-27,11723,1057482,7694,559237,3899,470648,130,27597,5688,190866,6006,446191,5819,637057,California
Sacramento,2021-04-28,10069,1067551,5755,564992,4112,474760,202,27799,5412,191858,4628,450819,5620,642677,California
Sacramento,2021-04-29,10199,1077750,6817,571809,3077,477837,305,28104,5353,192703,4813,455632,5658,648335,California
Sacramento,2021-04-30,12442,1090192,7815,579624,4365,482202,262,28366,5867,192299,6533,462165,6129,654464,California
Sacramento,2021-05-01,7569,1097761,5471,585095,1924,484126,174,28540,2753,190441,4783,466948,2925,657389,California
Sacramento,2021-05-02,4984,1102745,4286,589381,547,484673,151,28691,2216,190062,2744,469692,2365,659754,California
Sacramento,2021-05-03,9105,1111850,7278,596659,1545,486218,282,28973,3945,189148,5136,474828,4222,663976,California
Sacramento,2021-05-04,9371,1121221,5691,602350,3369,489587,311,29284,3788,187706,5540,480368,4098,668074,California
Sacramento,2021-05-05,11053,1132274,5999,608349,4602,494189,452,29736,4504,186149,6508,486876,4951,673025,California
Sacramento,2021-05-06,11173,1143447,6194,614543,4677,498866,302,30038,4619,184825,6242,493118,4918,677943,California
Sacramento,2021-05-07,10605,1154052,6164,620707,4066,502932,375,30413,4469,183585,6085,499203,4845,682788,California
Sacramento,2021-05-08,8164,1162216,3816,624523,4118,507050,230,30643,2698,181077,5431,504634,2923,685711,California
Sacramento,2021-05-09,3165,1165381,1653,626176,1399,508449,113,30756,1188,180413,1965,506599,1301,687012,California
Sacramento,2021-05-10,8074,1173455,3737,629913,4070,512519,267,31023,1979,176597,6065,512664,2249,689261,California
Sacramento,2021-05-11,8075,1181530,5033,634946,2798,515317,244,31267,2784,174362,5261,517925,3026,692287,California
Sacramento,2021-05-12,8070,1189600,4794,639740,3038,518355,238,31505,2763,172086,5276,523201,3000,695287,California
Sacramento,2021-05-13,10895,1200495,6936,646676,3702,522057,257,31762,4097,169679,6763,529964,4356,699643,California
Sacramento,2021-05-14,12163,1212658,6875,653551,5000,527057,288,32050,5020,167898,7088,537052,5307,704950,California
Sacramento,2021-05-15,13061,1225719,7894,661445,5024,532081,143,32193,5795,166604,7230,544282,5936,710886,California
Sacramento,2021-05-16,7796,1233515,4069,665514,3614,535695,113,32306,2102,163150,5670,549952,2216,713102,California
Sacramento,2021-05-17,10383,1243898,6315,671829,3781,539476,287,32593,4110,161311,6241,556193,4402,717504,California
Sacramento,2021-05-18,9696,1253594,6092,677921,3395,542871,209,32802,3823,159514,5833,562026,4036,721540,California
Sacramento,2021-05-19,9764,1263358,6261,684182,3240,546111,263,33065,4626,159313,5096,567122,4895,726435,California
Sacramento,2021-05-20,8947,1272305,6082,690264,2644,548755,221,33286,3990,158613,4911,572033,4211,730646,California
Sacramento,2021-05-21,9341,1281646,6089,696353,2988,551743,264,33550,4241,158060,5066,577099,4513,735159,California
Sacramento,2021-05-22,6267,1287913,3990,700343,2143,553886,134,33684,3147,158238,3102,580201,3280,738439,California
Sacramento,2021-05-23,3330,1291243,2468,702811,789,554675,73,33757,1730,158456,1584,581785,1802,740241,California
Sacramento,2021-05-24,7573,1298816,4536,707347,2726,557401,311,34068,2472,156183,5054,586839,2781,743022,California
Sacramento,2021-05-25,6568,1305384,3814,711161,2466,559867,288,34356,2413,154752,4130,590969,2699,745721,California
Sacramento,2021-05-26,8325,1313709,4615,715776,3406,563273,304,34660,3002,152779,5276,596245,3303,749024,California
Sacramento,2021-05-27,6555,1320264,3568,719344,2750,566023,237,34897,3047,152588,3472,599717,3281,752305,California
Sacramento,2021-05-28,8157,1328421,4543,723887,3243,569266,371,35268,3467,151761,4661,604378,3834,756139,California
Sacramento,2021-05-29,4337,1332758,2667,726554,1511,570777,159,35427,2215,152033,2101,606479,2373,758512,California
Sacramento,2021-05-30,1643,1334401,1023,727577,578,571355,42,35469,758,151953,880,607359,800,759312,California
Sacramento,2021-05-31,895,1335296,446,728023,431,571786,18,35487,322,151720,573,607932,340,759652,California
Sacramento,2021-06-01,6808,1342104,4083,732106,2528,574314,197,35684,2654,150455,4114,612046,2849,762501,California
Sacramento,2021-06-02,5905,1348009,3258,735364,2442,576756,205,35889,2366,149522,3502,615548,2569,765070,California
Sacramento,2021-06-03,3751,1351760,2480,737844,1167,577923,104,35993,1015,147929,2712,618260,1119,766189,California
San Benito,2020-12-16,30,30,30,30,0,0,0,0,30,30,0,0,30,30,California
San Benito,2020-12-17,38,68,38,68,0,0,0,0,38,68,0,0,38,68,California
San Benito,2020-12-18,72,140,72,140,0,0,0,0,72,140,0,0,72,140,California
San Benito,2020-12-19,47,187,47,187,0,0,0,0,47,187,0,0,47,187,California
San Benito,2020-12-20,23,210,23,210,0,0,0,0,23,210,0,0,23,210,California
San Benito,2020-12-21,76,286,76,286,0,0,0,0,76,286,0,0,76,286,California
San Benito,2020-12-22,100,386,100,386,0,0,0,0,100,386,0,0,100,386,California
San Benito,2020-12-23,86,472,74,460,12,12,0,0,86,472,0,0,86,472,California
San Benito,2020-12-24,13,485,5,465,8,20,0,0,13,485,0,0,13,485,California
San Benito,2020-12-25,4,489,4,469,0,20,0,0,4,489,0,0,4,489,California
San Benito,2020-12-26,13,502,4,473,9,29,0,0,13,502,0,0,13,502,California
San Benito,2020-12-27,8,510,7,480,1,30,0,0,8,510,0,0,8,510,California
San Benito,2020-12-28,65,575,36,516,29,59,0,0,65,575,0,0,65,575,California
San Benito,2020-12-29,50,625,21,537,29,88,0,0,50,625,0,0,50,625,California
San Benito,2020-12-30,59,684,37,574,22,110,0,0,59,684,0,0,59,684,California
San Benito,2020-12-31,19,703,2,576,17,127,0,0,19,703,0,0,19,703,California
San Benito,2021-01-02,25,728,24,600,1,128,0,0,25,728,0,0,25,728,California
San Benito,2021-01-03,3,731,1,601,2,130,0,0,3,731,0,0,3,731,California
San Benito,2021-01-04,62,793,23,624,39,169,0,0,62,793,0,0,62,793,California
San Benito,2021-01-05,119,912,37,661,82,251,0,0,116,906,3,3,116,909,California
San Benito,2021-01-06,100,1012,43,704,57,308,0,0,85,976,15,18,85,994,California
San Benito,2021-01-07,97,1109,60,764,37,345,0,0,52,983,45,63,52,1046,California
San Benito,2021-01-08,174,1283,89,853,85,430,0,0,109,1027,65,128,109,1155,California
San Benito,2021-01-09,43,1326,30,883,13,443,0,0,30,1044,13,141,30,1185,California
San Benito,2021-01-10,16,1342,14,897,2,445,0,0,5,1038,11,152,5,1190,California
San Benito,2021-01-11,169,1511,107,1004,62,507,0,0,69,1007,100,252,69,1259,California
San Benito,2021-01-12,158,1669,55,1059,103,610,0,0,120,1089,38,290,120,1379,California
San Benito,2021-01-13,218,1887,62,1121,156,766,0,0,172,1215,46,336,172,1551,California
San Benito,2021-01-14,116,2003,23,1144,93,859,0,0,98,1295,18,354,98,1649,California
San Benito,2021-01-15,216,2219,21,1165,195,1054,0,0,202,1483,14,368,202,1851,California
San Benito,2021-01-16,27,2246,9,1174,18,1072,0,0,21,1498,6,374,21,1872,California
San Benito,2021-01-17,11,2257,5,1179,6,1078,0,0,8,1503,3,377,8,1880,California
San Benito,2021-01-18,36,2293,23,1202,13,1091,0,0,21,1509,15,392,21,1901,California
San Benito,2021-01-19,152,2445,65,1267,87,1178,0,0,125,1607,27,419,125,2026,California
San Benito,2021-01-20,275,2720,94,1361,181,1359,0,0,229,1791,45,464,229,2255,California
San Benito,2021-01-21,125,2845,32,1393,93,1452,0,0,100,1866,25,489,100,2355,California
San Benito,2021-01-22,233,3078,19,1412,214,1666,0,0,223,2079,10,499,223,2578,California
San Benito,2021-01-23,31,3109,17,1429,14,1680,0,0,13,2074,18,517,13,2591,California
San Benito,2021-01-24,11,3120,3,1432,8,1688,0,0,7,2077,4,521,7,2598,California
San Benito,2021-01-25,67,3187,25,1457,42,1730,0,0,20,2050,47,568,20,2618,California
San Benito,2021-01-26,138,3325,41,1498,97,1827,0,0,85,2082,53,621,85,2703,California
San Benito,2021-01-27,229,3554,69,1567,160,1987,0,0,189,2231,40,661,189,2892,California
San Benito,2021-01-28,155,3709,32,1599,123,2110,0,0,123,2323,31,692,123,3015,California
San Benito,2021-01-29,290,3999,32,1631,258,2368,0,0,266,2566,23,715,266,3281,California
San Benito,2021-01-30,50,4049,32,1663,18,2386,0,0,27,2570,23,738,27,3308,California
San Benito,2021-01-31,16,4065,5,1668,11,2397,0,0,11,2576,5,743,11,3319,California
San Benito,2021-02-01,133,4198,28,1696,105,2502,0,0,89,2621,44,787,89,3408,California
San Benito,2021-02-02,229,4427,49,1745,180,2682,0,0,137,2666,92,879,137,3545,California
San Benito,2021-02-03,340,4767,42,1787,298,2980,0,0,274,2874,66,945,274,3819,California
San Benito,2021-02-04,164,4931,24,1811,140,3120,0,0,120,2950,44,989,120,3939,California
San Benito,2021-02-05,292,5223,40,1851,252,3372,0,0,229,3116,63,1052,229,4168,California
San Benito,2021-02-06,48,5271,8,1859,40,3412,0,0,31,3130,17,1069,31,4199,California
San Benito,2021-02-07,16,5287,8,1867,8,3420,0,0,15,3144,1,1070,15,4214,California
San Benito,2021-02-08,139,5426,16,1883,123,3543,0,0,93,3191,46,1116,93,4307,California
San Benito,2021-02-09,326,5752,63,1946,263,3806,0,0,194,3253,132,1248,194,4501,California
San Benito,2021-02-10,322,6074,89,2035,233,4039,0,0,113,3158,208,1456,113,4614,California
San Benito,2021-02-11,299,6373,33,2068,266,4305,0,0,201,3261,98,1554,201,4815,California
San Benito,2021-02-12,414,6787,31,2099,383,4688,0,0,208,3264,205,1759,208,5023,California
San Benito,2021-02-13,56,6843,7,2106,49,4737,0,0,43,3294,13,1772,43,5066,California
San Benito,2021-02-14,41,6884,5,2111,36,4773,0,0,31,3315,10,1782,31,5097,California
San Benito,2021-02-15,106,6990,10,2121,96,4869,0,0,95,3399,11,1793,95,5192,California
San Benito,2021-02-16,207,7197,11,2132,196,5065,0,0,102,3396,105,1898,102,5294,California
San Benito,2021-02-17,328,7525,29,2161,299,5364,0,0,279,3626,49,1947,279,5573,California
San Benito,2021-02-18,293,7818,37,2198,256,5620,0,0,71,3475,222,2169,71,5644,California
San Benito,2021-02-19,346,8164,47,2245,299,5919,0,0,180,3489,166,2335,180,5824,California
San Benito,2021-02-20,45,8209,26,2271,19,5938,0,0,36,3516,9,2344,36,5860,California
San Benito,2021-02-21,24,8233,8,2279,16,5954,0,0,14,3520,10,2354,14,5874,California
San Benito,2021-02-22,135,8368,36,2315,99,6053,0,0,101,3588,33,2387,101,5975,California
San Benito,2021-02-23,379,8747,94,2409,285,6338,0,0,263,3735,116,2503,263,6238,California
San Benito,2021-02-24,379,9126,65,2474,314,6652,0,0,240,3836,139,2642,240,6478,California
San Benito,2021-02-25,394,9520,64,2538,330,6982,0,0,273,3986,123,2765,273,6751,California
San Benito,2021-02-26,647,10167,72,2610,575,7557,0,0,400,4139,247,3012,400,7151,California
San Benito,2021-02-27,100,10267,39,2649,61,7618,0,0,86,4211,14,3026,86,7237,California
San Benito,2021-02-28,247,10514,23,2672,224,7842,0,0,238,4440,9,3035,238,7475,California
San Benito,2021-03-01,226,10740,58,2730,168,8010,0,0,156,4525,71,3106,156,7631,California
San Benito,2021-03-02,279,11019,93,2823,186,8196,0,0,209,4664,70,3176,209,7840,California
San Benito,2021-03-03,403,11422,60,2883,343,8539,0,0,224,4711,177,3353,224,8064,California
San Benito,2021-03-04,617,12039,127,3010,475,9014,15,15,431,4960,186,3539,435,8499,California
San Benito,2021-03-05,586,12625,306,3316,268,9282,12,27,375,5138,209,3748,387,8886,California
San Benito,2021-03-06,194,12819,70,3386,110,9392,14,41,142,5242,52,3800,156,9042,California
San Benito,2021-03-07,650,13469,605,3991,22,9414,23,64,617,5849,33,3833,640,9682,California
San Benito,2021-03-08,291,13760,67,4058,177,9591,47,111,167,5939,124,3957,214,9896,California
San Benito,2021-03-09,426,14186,84,4142,243,9834,99,210,139,5864,286,4243,211,10107,California
San Benito,2021-03-10,404,14590,113,4255,194,10028,97,307,231,6019,173,4416,328,10435,California
San Benito,2021-03-11,473,15063,120,4375,199,10227,154,461,209,6118,264,4680,363,10798,California
San Benito,2021-03-12,518,15581,121,4496,303,10530,94,555,233,6163,283,4963,328,11126,California
San Benito,2021-03-13,202,15783,101,4597,83,10613,18,573,128,6238,71,5034,146,11272,California
San Benito,2021-03-14,232,16015,40,4637,172,10785,20,593,179,6385,52,5086,199,11471,California
San Benito,2021-03-15,325,16340,101,4738,205,10990,19,612,191,6461,134,5220,210,11681,California
San Benito,2021-03-16,501,16841,221,4959,249,11239,31,643,352,6694,149,5369,382,12063,California
San Benito,2021-03-17,791,17632,477,5436,292,11531,22,665,561,7043,226,5595,575,12638,California
San Benito,2021-03-18,790,18422,527,5963,207,11738,56,721,573,7448,215,5810,620,13258,California
San Benito,2021-03-19,781,19203,404,6367,354,12092,23,744,580,7850,201,6011,603,13861,California
San Benito,2021-03-20,247,19450,152,6519,83,12175,12,756,188,7991,59,6070,200,14061,California
San Benito,2021-03-21,109,19559,56,6575,48,12223,5,761,82,8051,27,6097,87,14148,California
San Benito,2021-03-22,351,19910,171,6746,155,12378,25,786,224,8173,127,6224,249,14397,California
San Benito,2021-03-23,480,20390,202,6948,268,12646,10,796,218,8138,262,6486,227,14624,California
San Benito,2021-03-24,575,20965,305,7253,263,12909,7,803,360,8291,214,6700,367,14991,California
San Benito,2021-03-25,743,21708,441,7694,298,13207,4,807,441,8438,298,6998,445,15436,California
San Benito,2021-03-26,1021,22729,518,8212,498,13705,5,812,338,8099,682,7680,343,15779,California
San Benito,2021-03-27,337,23066,188,8400,116,13821,33,845,216,8229,120,7800,250,16029,California
San Benito,2021-03-28,732,23798,608,9008,119,13940,5,850,128,7758,604,8404,133,16162,California
San Benito,2021-03-29,345,24143,109,9117,216,14156,20,870,149,7730,196,8600,168,16330,California
San Benito,2021-03-30,577,24720,273,9390,210,14366,94,964,292,7831,285,8885,386,16716,California
San Benito,2021-03-31,597,25317,367,9757,206,14572,24,988,343,7947,251,9136,367,17083,California
San Benito,2021-04-01,948,26265,383,10140,527,15099,38,1026,567,8168,380,9516,601,17684,California
San Benito,2021-04-02,542,26807,263,10403,144,15243,135,1161,267,8296,275,9791,403,18087,California
San Benito,2021-04-03,255,27062,88,10491,104,15347,63,1224,75,8254,180,9971,138,18225,California
San Benito,2021-04-04,143,27205,108,10599,30,15377,5,1229,106,8328,37,10008,111,18336,California
San Benito,2021-04-05,352,27557,170,10769,140,15517,42,1271,143,8303,209,10217,184,18520,California
San Benito,2021-04-06,471,28028,164,10933,128,15645,179,1450,159,8329,312,10529,338,18858,California
San Benito,2021-04-07,946,28974,530,11463,227,15872,189,1639,268,8113,676,11205,460,19318,California
San Benito,2021-04-08,864,29838,433,11896,178,16050,253,1892,226,7956,637,11842,480,19798,California
San Benito,2021-04-09,848,30686,501,12397,255,16305,92,1984,294,7791,554,12396,389,20187,California
San Benito,2021-04-10,340,31026,204,12601,77,16382,59,2043,191,7892,149,12545,250,20437,California
San Benito,2021-04-11,475,31501,270,12871,171,16553,34,2077,266,7965,209,12754,282,20719,California
San Benito,2021-04-12,531,32032,286,13157,133,16686,112,2189,278,8099,252,13006,386,21105,California
San Benito,2021-04-13,755,32787,293,13450,439,17125,23,2212,523,8415,231,13237,547,21652,California
San Benito,2021-04-14,832,33619,654,14104,178,17303,0,2212,395,8378,432,13669,395,22047,California
San Benito,2021-04-15,942,34561,734,14838,207,17510,1,2213,469,8377,471,14140,470,22517,California
San Benito,2021-04-16,704,35265,368,15206,327,17837,9,2222,296,8278,405,14545,306,22823,California
San Benito,2021-04-17,321,35586,226,15432,95,17932,0,2222,129,8213,194,14739,129,22952,California
San Benito,2021-04-18,491,36077,410,15842,81,18013,0,2222,235,8195,255,14994,237,23189,California
San Benito,2021-04-19,736,36813,590,16432,146,18159,0,2222,416,8293,319,15313,417,23606,California
San Benito,2021-04-20,768,37581,398,16830,368,18527,2,2224,486,8503,277,15590,487,24093,California
San Benito,2021-04-21,953,38534,702,17532,251,18778,0,2224,513,8590,426,16016,513,24606,California
San Benito,2021-04-22,896,39430,691,18223,205,18983,0,2224,565,8832,323,16339,565,25171,California
San Benito,2021-04-23,635,40065,397,18620,237,19220,1,2225,342,8930,244,16583,342,25513,California
San Benito,2021-04-24,360,40425,203,18823,157,19377,0,2225,168,8945,153,16736,168,25681,California
San Benito,2021-04-25,205,40630,127,18950,78,19455,0,2225,95,8948,92,16828,95,25776,California
San Benito,2021-04-26,479,41109,383,19333,96,19551,0,2225,253,9035,166,16994,253,26029,California
San Benito,2021-04-27,540,41649,277,19610,256,19807,7,2232,403,9319,126,17120,410,26439,California
San Benito,2021-04-28,541,42190,384,19994,148,19955,9,2241,379,9549,157,17277,387,26826,California
San Benito,2021-04-29,628,42818,231,20225,387,20342,10,2251,249,9446,379,17656,276,27102,California
San Benito,2021-04-30,376,43194,208,20433,161,20503,7,2258,202,9483,172,17828,209,27311,California
San Benito,2021-05-01,197,43391,143,20576,45,20548,9,2267,66,9429,129,17957,75,27386,California
San Benito,2021-05-02,189,43580,161,20737,24,20572,4,2271,58,9360,131,18088,62,27448,California
San Benito,2021-05-03,355,43935,281,21018,65,20637,9,2280,85,9186,270,18358,96,27544,California
San Benito,2021-05-04,404,44339,244,21262,152,20789,8,2288,149,9089,253,18611,156,27700,California
San Benito,2021-05-05,601,44940,422,21684,163,20952,16,2304,210,8926,389,19000,226,27926,California
San Benito,2021-05-06,612,45552,485,22169,112,21064,15,2319,222,8777,386,19386,237,28163,California
San Benito,2021-05-07,446,45998,283,22452,153,21217,10,2329,171,8688,273,19659,184,28347,California
San Benito,2021-05-08,276,46274,225,22677,46,21263,5,2334,158,8733,118,19777,163,28510,California
San Benito,2021-05-09,101,46375,76,22753,22,21285,3,2337,48,8732,52,19829,51,28561,California
San Benito,2021-05-10,410,46785,323,23076,63,21348,24,2361,51,8449,359,20188,76,28637,California
San Benito,2021-05-11,806,47591,401,23477,392,21740,13,2374,177,8013,627,20815,191,28828,California
San Benito,2021-05-12,482,48073,386,23863,84,21824,12,2386,111,7768,369,21184,124,28952,California
San Benito,2021-05-13,660,48733,564,24427,86,21910,10,2396,166,7452,491,21675,175,29127,California
San Benito,2021-05-14,595,49328,439,24866,149,22059,7,2403,230,7325,364,22039,237,29364,California
San Benito,2021-05-15,229,49557,172,25038,50,22109,7,2410,127,7357,102,22141,134,29498,California
San Benito,2021-05-16,163,49720,135,25173,26,22135,2,2412,92,7380,71,22212,94,29592,California
San Benito,2021-05-17,379,50099,309,25482,61,22196,9,2421,175,7361,203,22415,184,29776,California
San Benito,2021-05-18,664,50763,345,25827,314,22510,5,2426,207,7117,457,22872,213,29989,California
San Benito,2021-05-19,566,51329,416,26243,142,22652,8,2434,235,7030,330,23202,243,30232,California
San Benito,2021-05-20,563,51892,454,26697,98,22750,11,2445,309,7097,253,23455,320,30552,California
San Benito,2021-05-21,433,52325,257,26954,162,22912,14,2459,201,7082,231,23686,216,30768,California
San Benito,2021-05-22,276,52601,214,27168,58,22970,4,2463,176,7164,99,23785,181,30949,California
San Benito,2021-05-23,68,52669,46,27214,17,22987,5,2468,24,7148,44,23829,28,30977,California
San Benito,2021-05-24,279,52948,236,27450,39,23026,4,2472,172,7217,107,23936,176,31153,California
San Benito,2021-05-25,518,53466,232,27682,279,23305,7,2479,166,7040,350,24286,173,31326,California
San Benito,2021-05-26,284,53750,176,27858,102,23407,6,2485,113,6988,170,24456,118,31444,California
San Benito,2021-05-27,400,54150,303,28161,72,23479,25,2510,147,6911,252,24708,175,31619,California
San Benito,2021-05-28,274,54424,165,28326,102,23581,7,2517,102,6849,171,24879,109,31728,California
San Benito,2021-05-29,148,54572,124,28450,22,23603,2,2519,64,6831,84,24963,66,31794,California
San Benito,2021-05-30,268,54840,252,28702,16,23619,0,2519,91,6747,175,25138,91,31885,California
San Benito,2021-05-31,97,54937,85,28787,10,23629,2,2521,40,6733,56,25194,42,31927,California
San Benito,2021-06-01,269,55206,117,28904,124,23753,28,2549,96,6684,172,25366,123,32050,California
San Benito,2021-06-02,312,55518,233,29137,76,23829,3,2552,112,6600,200,25566,116,32166,California
San Benito,2021-06-03,168,55686,134,29271,29,23858,5,2557,44,6525,124,25690,49,32215,California
San Bernardino,2020-12-15,13,13,13,13,0,0,0,0,13,13,0,0,13,13,California
San Bernardino,2020-12-16,113,126,113,126,0,0,0,0,113,126,0,0,113,126,California
San Bernardino,2020-12-17,2368,2494,2368,2494,0,0,0,0,2368,2494,0,0,2368,2494,California
San Bernardino,2020-12-18,3151,5645,3148,5642,3,3,0,0,3152,5646,0,0,3152,5646,California
San Bernardino,2020-12-19,1070,6715,1069,6711,1,4,0,0,1071,6717,0,0,1071,6717,California
San Bernardino,2020-12-20,1178,7893,1175,7886,3,7,0,0,1178,7895,0,0,1178,7895,California
San Bernardino,2020-12-21,2458,10351,2453,10339,5,12,0,0,2458,10353,0,0,2458,10353,California
San Bernardino,2020-12-22,2278,12629,2149,12488,129,141,0,0,2279,12632,0,0,2279,12632,California
San Bernardino,2020-12-23,2669,15298,1464,13952,1205,1346,0,0,2667,15299,0,0,2667,15299,California
San Bernardino,2020-12-24,1163,16461,583,14535,580,1926,0,0,1165,16464,0,0,1165,16464,California
San Bernardino,2020-12-25,75,16536,14,14549,61,1987,0,0,75,16539,0,0,75,16539,California
San Bernardino,2020-12-26,462,16998,254,14803,208,2195,0,0,462,17001,0,0,462,17001,California
San Bernardino,2020-12-27,348,17346,162,14965,186,2381,0,0,348,17349,0,0,348,17349,California
San Bernardino,2020-12-28,1573,18919,713,15678,860,3241,0,0,1574,18923,0,0,1574,18923,California
San Bernardino,2020-12-29,2214,21133,1042,16720,1172,4413,0,0,2214,21137,0,0,2214,21137,California
San Bernardino,2020-12-30,2895,24028,1458,18178,1437,5850,0,0,2896,24033,0,0,2896,24033,California
San Bernardino,2020-12-31,1359,25387,439,18617,920,6770,0,0,1357,25390,0,0,1357,25390,California
San Bernardino,2021-01-01,284,25671,151,18768,133,6903,0,0,283,25673,0,0,283,25673,California
San Bernardino,2021-01-02,478,26149,339,19107,139,7042,0,0,478,26151,0,0,478,26151,California
San Bernardino,2021-01-03,136,26285,86,19193,50,7092,0,0,136,26287,0,0,136,26287,California
San Bernardino,2021-01-04,2125,28410,1285,20478,840,7932,0,0,2124,28411,0,0,2124,28411,California
San Bernardino,2021-01-05,2334,30744,1459,21937,875,8807,0,0,2224,30526,109,109,2224,30635,California
San Bernardino,2021-01-06,3437,34181,2348,24285,1089,9896,0,0,2939,32974,492,601,2940,33575,California
San Bernardino,2021-01-07,5418,39599,4504,28789,914,10810,0,0,2468,32511,2931,3532,2468,36043,California
San Bernardino,2021-01-08,5367,44966,4446,33235,921,11731,0,0,2287,31723,3076,6608,2288,38331,California
San Bernardino,2021-01-09,1405,46371,1102,34337,303,12034,0,0,906,32130,499,7107,906,39237,California
San Bernardino,2021-01-10,1027,47398,598,34935,429,12463,0,0,578,32259,449,7556,578,39815,California
San Bernardino,2021-01-11,4985,52383,4077,39012,908,13371,0,0,2768,32814,2213,9769,2768,42583,California
San Bernardino,2021-01-12,4229,56612,3211,42223,1018,14389,0,0,2514,33614,1714,11483,2514,45097,California
San Bernardino,2021-01-13,4571,61183,2848,45071,1723,16112,0,0,3349,35754,1210,12693,3350,48447,California
San Bernardino,2021-01-14,4817,66000,2840,47911,1977,18089,0,0,4236,39413,577,13270,4236,52683,California
San Bernardino,2021-01-15,5968,71968,2952,50863,3016,21105,0,0,5570,44598,388,13658,5573,58256,California
San Bernardino,2021-01-16,2255,74223,1287,52150,968,22073,0,0,2113,46569,142,13800,2113,60369,California
San Bernardino,2021-01-17,1184,75407,508,52658,676,22749,0,0,1101,47590,82,13882,1103,61472,California
San Bernardino,2021-01-18,4268,79675,2637,55295,1631,24380,0,0,3644,50614,623,14505,3647,65119,California
San Bernardino,2021-01-19,6320,85995,3707,59002,2613,26993,0,0,5233,54764,1085,15590,5235,70354,California
San Bernardino,2021-01-20,6845,92840,3767,62769,3078,30071,0,0,4896,57721,1941,17531,4898,75252,California
San Bernardino,2021-01-21,5990,98830,3077,65846,2913,32984,0,0,4871,61485,1110,18641,4874,80126,California
San Bernardino,2021-01-22,6530,105360,3051,68897,3479,36463,0,0,5805,66568,723,19364,5806,85932,California
San Bernardino,2021-01-23,3123,108483,1897,70794,1226,37689,0,0,2731,68908,391,19755,2731,88663,California
San Bernardino,2021-01-24,1195,109678,461,71255,734,38423,0,0,1094,69901,101,19856,1094,89757,California
San Bernardino,2021-01-25,6890,116568,3407,74662,3483,41906,0,0,5052,73121,1835,21691,5055,94812,California
San Bernardino,2021-01-26,7077,123645,3534,78196,3543,45449,0,0,4977,76000,2099,23790,4978,99790,California
San Bernardino,2021-01-27,8521,132166,4143,82339,4378,49827,0,0,5719,78925,2794,26584,5719,105509,California
San Bernardino,2021-01-28,8596,140762,4078,86417,4518,54345,0,0,6274,82882,2317,28901,6274,111783,California
San Bernardino,2021-01-29,8200,148962,3771,90188,4429,58774,0,0,6225,87147,1961,30862,6226,118009,California
San Bernardino,2021-01-30,3095,152057,1900,92088,1195,59969,0,0,2806,89665,288,31150,2806,120815,California
San Bernardino,2021-01-31,926,152983,493,92581,433,60402,0,0,872,90484,53,31203,872,121687,California
San Bernardino,2021-02-01,7587,160570,4254,96835,3333,63735,0,0,4953,92808,2631,33834,4955,126642,California
San Bernardino,2021-02-02,10454,171024,3657,100492,6797,70532,0,0,8394,99147,2056,35890,8395,135037,California
San Bernardino,2021-02-03,9012,180036,4150,104642,4862,75394,0,0,6509,103162,2495,38385,6510,141547,California
San Bernardino,2021-02-04,10526,190562,5187,109829,5339,80733,0,0,7425,107497,3090,41475,7425,148972,California
San Bernardino,2021-02-05,11014,201576,5910,115739,5104,85837,0,0,7492,111479,3511,44986,7493,156465,California
San Bernardino,2021-02-06,5265,206841,2213,117952,3052,88889,0,0,3635,113511,1606,46592,3638,160103,California
San Bernardino,2021-02-07,844,207685,489,118441,355,89244,0,0,469,113609,372,46964,470,160573,California
San Bernardino,2021-02-08,7285,214970,3883,122324,3402,92646,0,0,5616,117558,1667,48631,5616,166189,California
San Bernardino,2021-02-09,10142,225112,5906,128230,4236,96882,0,0,6843,121107,3297,51928,6846,173035,California
San Bernardino,2021-02-10,12086,237198,6455,134685,5631,102513,0,0,7966,124965,4109,56037,7967,181002,California
San Bernardino,2021-02-11,12449,249647,7139,141824,5310,107823,0,0,7936,128414,4490,60527,7939,188941,California
San Bernardino,2021-02-12,10430,260077,5947,147771,4483,112306,0,0,5691,129383,4722,65249,5691,194632,California
San Bernardino,2021-02-13,6050,266127,4022,151793,2028,114334,0,0,3809,130972,2225,67474,3814,198446,California
San Bernardino,2021-02-14,1553,267680,649,152442,904,115238,0,0,873,131172,673,68147,873,199319,California
San Bernardino,2021-02-15,5479,273159,2996,155438,2483,117721,0,0,3062,131831,2403,70550,3062,202381,California
San Bernardino,2021-02-16,12627,285786,7383,162821,5244,122965,0,0,7974,135165,4641,75191,7975,210356,California
San Bernardino,2021-02-17,11814,297600,6464,169285,5350,128315,0,0,7148,137666,4649,79840,7150,217506,California
San Bernardino,2021-02-18,12489,310089,7585,176870,4904,133219,0,0,7703,140598,4772,84612,7704,225210,California
San Bernardino,2021-02-19,11548,321637,5950,182820,5598,138817,0,0,6831,142732,4697,89309,6831,232041,California
San Bernardino,2021-02-20,4523,326160,3470,186290,1053,139870,0,0,2041,142297,2478,91787,2043,234084,California
San Bernardino,2021-02-21,1132,327292,673,186963,459,140329,0,0,393,141953,739,92526,395,234479,California
San Bernardino,2021-02-22,8676,335968,5343,192306,3333,143662,0,0,4044,141378,4621,97147,4046,238525,California
San Bernardino,2021-02-23,9172,345140,5454,197760,3718,147380,0,0,4634,141499,4513,101660,4634,243159,California
San Bernardino,2021-02-24,12477,357617,7179,204939,5298,152678,0,0,6172,141387,6285,107945,6173,249332,California
San Bernardino,2021-02-25,13118,370735,6281,211220,6837,159515,0,0,7650,143589,5451,113396,7653,256985,California
San Bernardino,2021-02-26,13619,384354,6382,217602,7237,166752,0,0,7583,145200,5974,119370,7585,264570,California
San Bernardino,2021-02-27,6668,391022,3727,221329,2940,169692,1,1,4813,148168,1846,121216,4814,269384,California
San Bernardino,2021-02-28,1766,392788,732,222061,1034,170726,0,1,1137,148681,624,121840,1137,270521,California
San Bernardino,2021-03-01,8465,401253,4366,226427,4096,174822,3,4,3845,147940,4597,126437,3856,274377,California
San Bernardino,2021-03-02,13868,415121,5543,231970,8325,183147,0,4,6547,147200,7290,133727,6550,280927,California
San Bernardino,2021-03-03,12907,428028,6546,238516,6358,189505,3,7,6032,146388,6854,140581,6042,286969,California
San Bernardino,2021-03-04,13769,441797,6915,245431,6854,196359,0,7,5985,144614,7763,148344,5989,292958,California
San Bernardino,2021-03-05,14424,456221,7546,252977,6877,203236,1,8,7045,144332,7347,155691,7065,300023,California
San Bernardino,2021-03-06,9729,465950,5458,258435,4047,207283,224,232,4546,143935,5165,160856,4768,304791,California
San Bernardino,2021-03-07,1669,467619,1006,259441,593,207876,70,302,1050,144438,617,161473,1120,305911,California
San Bernardino,2021-03-08,8093,475712,3577,263018,4345,212221,171,473,3595,143717,4490,165963,3769,309680,California
San Bernardino,2021-03-09,13081,488793,7487,270505,5349,217570,245,718,5274,141444,7793,173756,5520,315200,California
San Bernardino,2021-03-10,14220,503013,7853,278358,5811,223381,556,1274,6365,140540,7828,181584,6924,322124,California
San Bernardino,2021-03-11,15626,518639,7242,285600,6795,230176,1589,2863,7396,141310,8209,189793,8979,331103,California
San Bernardino,2021-03-12,15565,534204,6940,292540,6577,236753,2048,4911,7353,142580,8182,197975,9452,340555,California
San Bernardino,2021-03-13,8390,542594,4583,297123,3294,240047,513,5424,4980,144682,3399,201374,5501,346056,California
San Bernardino,2021-03-14,3286,545880,1663,298786,1042,241089,581,6005,1835,145648,1444,202818,2410,348466,California
San Bernardino,2021-03-15,11400,557280,5377,304163,3989,245078,2034,8039,5585,147459,5800,208618,7611,356077,California
San Bernardino,2021-03-16,16227,573507,8035,312198,7246,252324,946,8985,9918,152037,6282,214900,10860,366937,California
San Bernardino,2021-03-17,17390,590897,8646,320844,7995,260319,749,9734,10543,156502,6828,221728,11293,378230,California
San Bernardino,2021-03-18,16649,607546,8233,329077,8029,268348,387,10121,9854,159972,6769,228497,10239,388469,California
San Bernardino,2021-03-19,16997,624543,8431,337508,7977,276325,589,10710,9758,163157,7214,235711,10399,398868,California
San Bernardino,2021-03-20,9446,633989,5962,343470,2894,279219,590,11300,5590,165502,3831,239542,6176,405044,California
San Bernardino,2021-03-21,2796,636785,2275,345745,470,279689,51,11351,2251,167272,532,240074,2302,407346,California
San Bernardino,2021-03-22,9626,646411,4528,350273,4660,284349,438,11789,6973,172050,2632,242706,7410,414756,California
San Bernardino,2021-03-23,15520,661931,8800,359073,6101,290450,619,12408,9601,176371,5898,248604,10219,424975,California
San Bernardino,2021-03-24,15179,677110,7849,366922,7025,297475,305,12713,10079,181691,5065,253669,10385,435360,California
San Bernardino,2021-03-25,17042,694152,8367,375289,8375,305850,300,13013,10795,186585,6197,259866,11091,446451,California
San Bernardino,2021-03-26,18239,712391,8686,383975,8782,314632,771,13784,10900,190948,7309,267175,11672,458123,California
San Bernardino,2021-03-27,10854,723245,7016,390991,3086,317718,752,14536,6191,193247,4643,271818,6942,465065,California
San Bernardino,2021-03-28,3623,726868,2551,393542,959,318677,113,14649,2511,194768,1102,272920,2623,467688,California
San Bernardino,2021-03-29,11781,738649,6122,399664,5258,323935,401,15050,7961,199328,3802,276722,8362,476050,California
San Bernardino,2021-03-30,16999,755648,9487,409151,6795,330730,717,15767,10536,204147,6425,283147,11244,487294,California
San Bernardino,2021-03-31,16613,772261,9348,418499,6627,337357,638,16405,10930,210065,5654,288801,11572,498866,California
San Bernardino,2021-04-01,19809,792070,10469,428968,7924,345281,1416,17821,12752,217214,7014,295815,14163,513029,California
San Bernardino,2021-04-02,18929,810999,9547,438515,8088,353369,1294,19115,11441,222533,7459,303274,12778,525807,California
San Bernardino,2021-04-03,11168,822167,6986,445501,3043,356412,1139,20254,6069,224657,5080,308354,7204,533011,California
San Bernardino,2021-04-04,2499,824666,1505,447006,745,357157,249,20503,1258,224929,1235,309589,1507,534518,California
San Bernardino,2021-04-05,11792,836458,5296,452302,4759,361916,1737,22240,6016,226922,5756,315345,7749,542267,California
San Bernardino,2021-04-06,19775,856233,11128,463430,6526,368442,2121,24361,10450,230222,9280,324625,12580,554847,California
San Bernardino,2021-04-07,21026,877259,11256,474686,7278,375720,2492,26853,11463,234659,9534,334159,13971,568818,California
San Bernardino,2021-04-08,21969,899228,11242,485928,8108,383828,2619,29472,12088,239575,9855,344014,14771,583589,California
San Bernardino,2021-04-09,21818,921046,11101,497029,8141,391969,2576,32048,11877,244157,9906,353920,14488,598077,California
San Bernardino,2021-04-10,15696,936742,8127,505156,3836,395805,3733,35781,7772,247768,7904,361824,11515,609592,California
San Bernardino,2021-04-11,4428,941170,2579,507735,889,396694,960,36741,2031,248364,2391,364215,2987,612579,California
San Bernardino,2021-04-12,13431,954601,6207,513942,5559,402253,1665,38406,6344,249312,7066,371281,8014,620593,California
San Bernardino,2021-04-13,19287,973888,10987,524929,8280,410533,20,38426,11038,252163,8223,379504,11074,631667,California
San Bernardino,2021-04-14,19249,993137,10294,535223,8952,419485,3,38429,10869,254703,8348,387852,10888,642555,California
San Bernardino,2021-04-15,20282,1013419,11340,546563,8936,428421,6,38435,10756,255987,9487,397339,10771,653326,California
San Bernardino,2021-04-16,18576,1031995,10539,557102,8036,436457,1,38436,9125,255705,9407,406746,9125,662451,California
San Bernardino,2021-04-17,11922,1043917,7847,564949,4075,440532,0,38436,6231,256280,5656,412402,6231,668682,California
San Bernardino,2021-04-18,2894,1046811,1980,566929,914,441446,0,38436,1273,255944,1609,414011,1273,669955,California
San Bernardino,2021-04-19,12533,1059344,6682,573611,5851,447297,0,38436,4860,253157,7651,421662,4864,674819,California
San Bernardino,2021-04-20,17606,1076950,9815,583426,7788,455085,3,38439,8040,251661,9540,431202,8044,682863,California
San Bernardino,2021-04-21,18102,1095052,10331,593757,7768,462853,3,38442,7921,249464,10121,441323,7924,690787,California
San Bernardino,2021-04-22,19186,1114238,10967,604724,8215,471068,4,38446,7793,245924,11337,452660,7797,698584,California
San Bernardino,2021-04-23,18477,1132715,10574,615298,7902,478970,1,38447,8053,243602,10378,463038,8056,706640,California
San Bernardino,2021-04-24,12838,1145553,9483,624781,3353,482323,2,38449,6901,244583,5922,468960,6903,713543,California
San Bernardino,2021-04-25,3397,1148950,2226,627007,1171,483494,0,38449,1678,244558,1704,470664,1679,715222,California
San Bernardino,2021-04-26,10512,1159462,5632,632639,4791,488285,89,38538,4451,243071,6026,476690,4539,719761,California
San Bernardino,2021-04-27,16013,1175475,9658,642297,6182,494467,173,38711,6550,240372,9421,486111,6722,726483,California
San Bernardino,2021-04-28,14682,1190157,8716,651013,5691,500158,275,38986,5270,236524,9384,495495,5536,732019,California
San Bernardino,2021-04-29,16177,1206334,9317,660330,6591,506749,269,39255,5369,231382,10776,506271,5634,737653,California
San Bernardino,2021-04-30,16544,1222878,10444,670774,5820,512569,280,39535,6099,227350,10408,516679,6376,744029,California
San Bernardino,2021-05-01,10714,1233592,8404,679178,2001,514570,309,39844,3691,224325,7021,523700,3996,748025,California
San Bernardino,2021-05-02,2928,1236520,2118,681296,678,515248,132,39976,1043,223621,1877,525577,1173,749198,California
San Bernardino,2021-05-03,10031,1246551,5765,687061,3861,519109,405,40381,2900,219805,7119,532696,3303,752501,California
San Bernardino,2021-05-04,15658,1262209,9515,696576,5689,524798,454,40835,4545,213728,11073,543769,4996,757497,California
San Bernardino,2021-05-05,15320,1277529,8805,705381,6102,530900,413,41248,4331,207523,10944,554713,4739,762236,California
San Bernardino,2021-05-06,15752,1293281,8975,714356,6362,537262,415,41663,4290,200801,11426,566139,4704,766940,California
San Bernardino,2021-05-07,15438,1308719,8670,723026,6393,543655,375,42038,4627,195040,10757,576896,4996,771936,California
San Bernardino,2021-05-08,9183,1317902,6110,729136,2829,546484,244,42282,3134,192403,6013,582909,3376,775312,California
San Bernardino,2021-05-09,1809,1319711,1111,730247,608,547092,90,42372,727,192148,1072,583981,817,776129,California
San Bernardino,2021-05-10,7420,1327131,3418,733665,3687,550779,315,42687,2280,189644,5096,589077,2592,778721,California
San Bernardino,2021-05-11,11880,1339011,6546,740211,5008,555787,326,43013,3724,185577,8118,597195,4051,782772,California
San Bernardino,2021-05-12,12004,1351015,6392,746603,5323,561110,289,43302,3433,180768,8527,605722,3718,786490,California
San Bernardino,2021-05-13,12463,1363478,7395,753998,4727,565837,341,43643,4776,178235,7644,613366,5111,791601,California
San Bernardino,2021-05-14,13584,1377062,9028,763026,4222,570059,334,43977,5652,176347,7874,621240,5986,797587,California
San Bernardino,2021-05-15,11221,1388283,8320,771346,2713,572772,188,44165,4502,174345,6687,627927,4685,802272,California
San Bernardino,2021-05-16,2771,1391054,2041,773387,669,573441,61,44226,1307,174266,1447,629374,1368,803640,California
San Bernardino,2021-05-17,9897,1400951,6732,780119,2893,576334,272,44498,4617,173915,5243,634617,4892,808532,California
San Bernardino,2021-05-18,13297,1414248,8768,788887,4274,580608,255,44753,6145,173194,7117,641734,6396,814928,California
San Bernardino,2021-05-19,11472,1425720,7183,796070,3913,584521,376,45129,5344,172823,6088,647822,5717,820645,California
San Bernardino,2021-05-20,9945,1435665,5860,801930,3787,588308,298,45427,4481,172170,5429,653251,4776,825421,California
San Bernardino,2021-05-21,10800,1446465,7149,809079,3299,591607,352,45779,4722,171209,6034,659285,5073,830494,California
San Bernardino,2021-05-22,7314,1453779,5571,814650,1551,593158,192,45971,3650,171421,3628,662913,3840,834334,California
San Bernardino,2021-05-23,1286,1455065,828,815478,385,593543,73,46044,650,171515,629,663542,723,835057,California
San Bernardino,2021-05-24,6575,1461640,4127,819605,2155,595698,293,46337,2970,171215,3562,667104,3262,838319,California
San Bernardino,2021-05-25,9185,1470825,5626,825231,3298,598996,261,46598,4132,170583,5025,672129,4393,842712,California
San Bernardino,2021-05-26,8011,1478836,5092,830323,2689,601685,230,46828,3716,170262,4260,676389,3939,846651,California
San Bernardino,2021-05-27,7500,1486336,4561,834884,2706,604391,233,47061,3434,169902,4024,680413,3664,850315,California
San Bernardino,2021-05-28,8659,1494995,5371,840255,3009,607400,279,47340,4305,170177,4310,684723,4585,854900,California
San Bernardino,2021-05-29,4872,1499867,3259,843514,1502,608902,111,47451,2549,170530,2306,687029,2659,857559,California
San Bernardino,2021-05-30,1730,1501597,1218,844732,437,609339,75,47526,901,170682,823,687852,975,858534,California
San Bernardino,2021-05-31,891,1502488,555,845287,315,609654,21,47547,320,170455,568,688420,341,858875,California
San Bernardino,2021-06-01,8452,1510940,5452,850739,2770,612424,230,47777,3507,169290,4898,693318,3733,862608,California
San Bernardino,2021-06-02,6683,1517623,4209,854948,2242,614666,232,48009,3047,168962,3604,696922,3276,865884,California
San Bernardino,2021-06-03,4028,1521651,2782,857730,1102,615768,144,48153,1242,167574,2773,699695,1385,867269,California
San Diego,2020-12-15,119,119,119,119,0,0,0,0,119,119,0,0,119,119,California
San Diego,2020-12-16,1103,1222,1103,1222,0,0,0,0,1103,1222,0,0,1103,1222,California
San Diego,2020-12-17,2350,3572,2350,3572,0,0,0,0,2350,3572,0,0,2350,3572,California
San Diego,2020-12-18,3670,7242,3669,7241,1,1,0,0,3670,7242,0,0,3670,7242,California
San Diego,2020-12-19,2313,9555,2313,9554,0,1,0,0,2313,9555,0,0,2313,9555,California
San Diego,2020-12-20,1187,10742,1186,10740,1,2,0,0,1187,10742,0,0,1187,10742,California
San Diego,2020-12-21,3522,14264,3521,14261,1,3,0,0,3522,14264,0,0,3522,14264,California
San Diego,2020-12-22,4061,18325,3417,17678,644,647,0,0,4061,18325,0,0,4061,18325,California
San Diego,2020-12-23,3182,21507,1978,19656,1204,1851,0,0,3182,21507,0,0,3182,21507,California
San Diego,2020-12-24,2736,24243,2219,21875,517,2368,0,0,2736,24243,0,0,2736,24243,California
San Diego,2020-12-25,876,25119,875,22750,1,2369,0,0,876,25119,0,0,876,25119,California
San Diego,2020-12-26,3292,28411,2143,24893,1149,3518,0,0,3292,28411,0,0,3292,28411,California
San Diego,2020-12-27,2510,30921,1619,26512,891,4409,0,0,2509,30919,1,1,2509,30920,California
San Diego,2020-12-28,5911,36832,4225,30737,1686,6095,0,0,5911,36830,0,1,5911,36831,California
San Diego,2020-12-29,5573,42405,3000,33737,2573,8668,0,0,5573,42403,0,1,5573,42404,California
San Diego,2020-12-30,5945,48350,3100,36837,2845,11513,0,0,5945,48348,0,1,5945,48349,California
San Diego,2020-12-31,3035,51385,1054,37891,1981,13494,0,0,3035,51383,0,1,3035,51384,California
San Diego,2021-01-01,1006,52391,452,38343,554,14048,0,0,1006,52389,0,1,1006,52390,California
San Diego,2021-01-02,3746,56137,1303,39646,2443,16491,0,0,3746,56135,0,1,3746,56136,California
San Diego,2021-01-03,859,56996,633,40279,226,16717,0,0,858,56993,0,1,858,56994,California
San Diego,2021-01-04,3702,60698,2050,42329,1652,18369,0,0,3695,60688,0,1,3695,60689,California
San Diego,2021-01-05,4378,65076,2185,44514,2193,20562,0,0,3761,63848,613,614,3773,64462,California
San Diego,2021-01-06,4947,70023,2290,46804,2657,23219,0,0,3713,66354,1211,1825,3717,68179,California
San Diego,2021-01-07,5666,75689,2985,49789,2681,25900,0,0,3505,67713,2153,3978,3512,71691,California
San Diego,2021-01-08,7863,83552,4941,54730,2922,28822,0,0,4078,68041,3768,7746,4096,75787,California
San Diego,2021-01-09,3501,87053,1941,56671,1560,30382,0,0,1951,68465,1538,9284,1962,77749,California
San Diego,2021-01-10,1881,88934,1294,57965,587,30969,0,0,776,68158,1093,10377,786,78535,California
San Diego,2021-01-11,10335,99269,5860,63825,4475,35444,0,0,6804,71457,3524,13901,6823,85358,California
San Diego,2021-01-12,11200,110469,5313,69138,5887,41331,0,0,7822,76024,3369,17270,7936,93294,California
San Diego,2021-01-13,11513,121982,5054,74192,6459,47790,0,0,8969,82485,2532,19802,8993,102287,California
San Diego,2021-01-14,12366,134348,4747,78939,7619,55409,0,0,10196,90556,2162,21964,10233,112520,California
San Diego,2021-01-15,15131,149479,5354,84293,9777,65186,0,0,12484,100467,2628,24592,12539,125059,California
San Diego,2021-01-16,10775,160254,3594,87887,7181,72367,0,0,9329,108386,1441,26033,9360,134419,California
San Diego,2021-01-17,8684,168938,2498,90385,6186,78553,0,0,7843,115409,841,26874,7864,142283,California
San Diego,2021-01-18,12883,181821,6318,96703,6565,85118,0,0,10033,122685,2818,29692,10094,152377,California
San Diego,2021-01-19,14598,196419,5669,102372,8929,94047,0,0,11488,131339,3100,32792,11754,164131,California
San Diego,2021-01-20,18329,214748,6387,108759,11942,105989,0,0,15007,143228,3302,36094,15191,179322,California
San Diego,2021-01-21,17297,232045,5784,114543,11513,117502,0,0,15908,157899,1380,37474,16051,195373,California
San Diego,2021-01-22,17576,249621,4653,119196,12923,130425,0,0,15541,171500,2021,39495,15622,210995,California
San Diego,2021-01-23,14485,264106,5274,124470,9211,139636,0,0,12125,181338,2349,41844,12187,223182,California
San Diego,2021-01-24,11864,275970,3307,127777,8557,148193,0,0,10890,191296,972,42816,10930,234112,California
San Diego,2021-01-25,12251,288221,5779,133556,6472,154665,0,0,9229,197667,3014,45830,9385,243497,California
San Diego,2021-01-26,15134,303355,7838,141394,7296,161961,0,0,11747,206215,3385,49215,11933,255430,California
San Diego,2021-01-27,20572,323927,7929,149323,12643,174604,0,0,17550,220897,3013,52228,17695,273125,California
San Diego,2021-01-28,21294,345221,7635,156958,13659,188263,0,0,19019,237740,2264,54492,19107,292232,California
San Diego,2021-01-29,19645,364866,6397,163355,13248,201511,0,0,17202,252561,2433,56925,17254,309486,California
San Diego,2021-01-30,15835,380701,3596,166951,12239,213750,0,0,13151,263137,2674,59599,13250,322736,California
San Diego,2021-01-31,14768,395469,5719,172670,9049,222799,0,0,14407,277218,357,59956,14438,337174,California
San Diego,2021-02-01,20875,416344,7576,180246,13299,236098,0,0,17316,291073,3545,63501,17400,354574,California
San Diego,2021-02-02,22894,439238,8371,188617,14523,250621,0,0,19621,307601,3264,66765,19792,374366,California
San Diego,2021-02-03,27492,466730,11595,200212,15897,266518,0,0,23176,326673,4297,71062,23369,397735,California
San Diego,2021-02-04,24172,490902,9816,210028,14356,280874,0,0,19538,341883,4617,75679,19827,417562,California
San Diego,2021-02-05,24887,515789,8842,218870,16045,296919,0,0,18193,353871,6670,82349,18658,436220,California
San Diego,2021-02-06,20764,536553,8540,227410,12224,309143,0,0,17512,368359,3249,85598,17737,453957,California
San Diego,2021-02-07,12137,548690,5375,232785,6762,315905,0,0,10252,376997,1874,87472,10512,464469,California
San Diego,2021-02-08,20115,568805,8523,241308,11592,327497,0,0,12663,382910,7441,94913,13354,477823,California
San Diego,2021-02-09,20487,589292,8318,249626,12169,339666,0,0,13180,389885,7286,102199,14261,492084,California
San Diego,2021-02-10,22965,612257,9329,258955,13636,353302,0,0,13834,396027,9075,111274,15217,507301,California
San Diego,2021-02-11,23836,636093,10175,269130,13661,366963,0,0,12750,399415,11059,122333,14447,521748,California
San Diego,2021-02-12,23819,659912,7427,276557,16392,383355,0,0,11853,401599,11949,134282,14133,535881,California
San Diego,2021-02-13,20026,679938,9021,285578,11005,394360,0,0,10893,404571,9126,143408,12098,547979,California
San Diego,2021-02-14,11182,691120,7428,293006,3754,398114,0,0,6314,407539,4864,148272,7832,555811,California
San Diego,2021-02-15,15246,706366,7735,300741,7511,405625,0,0,7805,410993,7419,155691,10873,566684,California
San Diego,2021-02-16,19291,725657,11265,312006,8026,413651,0,0,9215,413132,10064,165755,12203,578887,California
San Diego,2021-02-17,23416,749073,11000,323006,12416,426067,0,0,8116,409060,15284,181039,11212,590099,California
San Diego,2021-02-18,23574,772647,12008,335014,11566,437633,0,0,7769,405124,15794,196833,11858,601957,California
San Diego,2021-02-19,15898,788545,10904,345918,4994,442627,0,0,6616,404465,9264,206097,8605,610562,California
San Diego,2021-02-20,10260,798805,6361,352279,3899,446526,0,0,5793,407714,4464,210561,7713,618275,California
San Diego,2021-02-21,11568,810373,10153,362432,1415,447941,0,0,5179,408027,6384,216945,6697,624972,California
San Diego,2021-02-22,12445,822818,10586,373018,1859,449800,0,0,5747,408730,6693,223638,7396,632368,California
San Diego,2021-02-23,25867,848685,14487,387505,11380,461180,0,0,9618,408015,16240,239878,15525,647893,California
San Diego,2021-02-24,28947,877632,12753,400258,16194,477374,0,0,6838,400210,22089,261967,14284,662177,California
San Diego,2021-02-25,33190,910822,14712,414970,18478,495852,0,0,10103,395665,23067,285034,18522,680699,California
San Diego,2021-02-26,33478,944300,12402,427372,21076,516928,0,0,12102,393544,21346,306380,19225,699924,California
San Diego,2021-02-27,21240,965540,9679,437051,11561,528489,0,0,11427,399446,9807,316187,15709,715633,California
San Diego,2021-02-28,15278,980818,9983,447034,5295,533784,0,0,9510,405984,5767,321954,12305,727938,California
San Diego,2021-03-01,24257,1005075,14316,461350,9939,543723,2,2,14721,415124,9458,331412,18598,746536,California
San Diego,2021-03-02,26174,1031249,14090,475440,12084,555807,0,2,12746,421159,13418,344830,19453,765989,California
San Diego,2021-03-03,34027,1065276,15951,491391,18073,573880,3,5,14071,422221,19937,364767,20999,786988,California
San Diego,2021-03-04,28307,1093583,14101,505492,14206,588086,0,5,12602,425910,15683,380450,19372,806360,California
San Diego,2021-03-05,29003,1122586,14906,520398,14015,602101,82,87,13495,430744,15485,395935,20319,826679,California
San Diego,2021-03-06,23429,1146015,9589,529987,13139,615240,701,788,10333,433389,13084,409019,15729,842408,California
San Diego,2021-03-07,18237,1164252,9331,539318,8335,623575,571,1359,6916,433235,11313,420332,11159,853567,California
San Diego,2021-03-08,23106,1187358,11228,550546,10970,634545,908,2267,11438,438826,11647,431979,17238,870805,California
San Diego,2021-03-09,25897,1213255,11978,562524,12160,646705,1759,4026,10117,438875,15765,447744,15814,886619,California
San Diego,2021-03-10,25538,1238793,10791,573315,12349,659054,2398,6424,10092,440025,15431,463175,16581,903200,California
San Diego,2021-03-11,28645,1267438,11006,584321,14042,673096,3597,10021,9961,438901,18661,481836,17537,920737,California
San Diego,2021-03-12,27314,1294752,9554,593875,14620,687716,3140,13161,10021,438489,17281,499117,16869,937606,California
San Diego,2021-03-13,26214,1320966,7287,601162,17137,704853,1790,14951,10120,438489,16089,515206,16089,953695,California
San Diego,2021-03-14,13876,1334842,5494,606656,7642,712495,740,15691,4807,437309,9061,524267,7881,961576,California
San Diego,2021-03-15,22030,1356872,10172,616828,11078,723573,780,16471,9011,437204,13006,537273,12901,974477,California
San Diego,2021-03-16,30007,1386879,15792,632620,13803,737376,412,16883,15728,442156,14257,551530,19209,993686,California
San Diego,2021-03-17,26334,1413213,12235,644855,13379,750755,720,17603,16770,452157,9548,561078,19549,1013235,California
San Diego,2021-03-18,31516,1444729,17808,662663,12788,763543,920,18523,17005,457144,14477,575555,19464,1032699,California
San Diego,2021-03-19,30354,1475083,14404,677067,14910,778453,1040,19563,19394,467844,10939,586494,21639,1054338,California
San Diego,2021-03-20,27894,1502977,8454,685521,17636,796089,1804,21367,21423,485720,6459,592953,24335,1078673,California
San Diego,2021-03-21,16580,1519557,12103,697624,3760,799849,717,22084,7704,486609,8862,601815,9751,1088424,California
San Diego,2021-03-22,22545,1542102,13150,710774,9118,808967,277,22361,14324,495767,8210,610025,17368,1105792,California
San Diego,2021-03-23,25999,1568101,13637,724411,12083,821050,279,22640,17113,506330,8871,618896,19434,1125226,California
San Diego,2021-03-24,29583,1597684,19779,744190,9422,830472,382,23022,17089,513385,12482,631378,19537,1144763,California
San Diego,2021-03-25,30393,1628077,18314,762504,11395,841867,684,23706,17983,521786,12395,643773,20796,1165559,California
San Diego,2021-03-26,32155,1660232,17942,780446,13640,855507,573,24279,17490,528045,14640,658413,20899,1186458,California
San Diego,2021-03-27,25519,1685751,11049,791495,14076,869583,394,24673,15690,536571,9813,668226,18339,1204797,California
San Diego,2021-03-28,15086,1700837,9241,800736,5788,875371,57,24730,9257,541542,5823,674049,10794,1215591,California
San Diego,2021-03-29,26733,1727570,12919,813655,13181,888552,633,25363,16439,550779,10284,684333,19521,1235112,California
San Diego,2021-03-30,33246,1760816,17901,831556,14555,903107,790,26153,22012,564184,11220,695553,24625,1259737,California
San Diego,2021-03-31,30481,1791297,18799,850355,10976,914083,706,26859,20628,576786,9837,705390,22439,1282176,California
San Diego,2021-04-01,34356,1825653,20061,870416,12794,926877,1501,28360,23240,591754,11096,716486,26064,1308240,California
San Diego,2021-04-02,35805,1861458,20673,891089,12325,939202,2807,31167,24105,608418,11682,728168,28346,1336586,California
San Diego,2021-04-03,30877,1892335,14467,905556,11796,950998,4614,35781,19722,622810,11144,739312,25536,1362122,California
San Diego,2021-04-04,9058,1901393,5204,910760,2926,953924,928,36709,4812,624493,4241,743553,5924,1368046,California
San Diego,2021-04-05,29763,1931156,15406,926166,11705,965629,2652,39361,19379,638647,10369,753922,24523,1392569,California
San Diego,2021-04-06,38755,1969911,20392,946558,12448,978077,5915,45276,22320,652577,16419,770341,30349,1422918,California
San Diego,2021-04-07,35851,2005762,21984,968542,9290,987367,4577,49853,20308,663154,15522,785863,26099,1449017,California
San Diego,2021-04-08,35259,2041021,21375,989917,9712,997079,4172,54025,21294,677258,13949,799812,28053,1477070,California
San Diego,2021-04-09,38437,2079458,22929,1012846,10292,1007371,5216,59241,20780,688978,17592,817404,29312,1506382,California
San Diego,2021-04-10,29195,2108653,11788,1024634,13397,1020768,4010,63251,15094,697018,14093,831497,22133,1528515,California
San Diego,2021-04-11,16257,2124910,10075,1034709,3869,1024637,2313,65564,7238,700558,9015,840512,12555,1541070,California
San Diego,2021-04-12,30859,2155769,12865,1047574,13663,1038300,4331,69895,17168,712052,13677,854189,25171,1566241,California
San Diego,2021-04-13,37216,2192985,17788,1065362,19392,1057692,36,69931,24771,727271,12424,866613,27643,1593884,California
San Diego,2021-04-14,33094,2226079,18930,1084292,14151,1071843,13,69944,17890,734349,15193,881806,22271,1616155,California
San Diego,2021-04-15,39572,2265651,20386,1104678,19182,1091025,4,69948,24112,745876,15441,897247,26968,1643123,California
San Diego,2021-04-16,33851,2299502,18590,1123268,15258,1106283,3,69951,19622,753722,14168,911415,22014,1665137,California
San Diego,2021-04-17,27896,2327398,13543,1136811,14353,1120636,0,69951,12363,753693,15440,926855,15411,1680548,California
San Diego,2021-04-18,14496,2341894,8909,1145720,5584,1126220,3,69954,6765,755691,7717,934572,9715,1690263,California
San Diego,2021-04-19,26598,2368492,13570,1159290,13027,1139247,1,69955,12513,755897,14067,948639,14273,1704536,California
San Diego,2021-04-20,39038,2407530,17770,1177060,21266,1160513,2,69957,19925,759708,19094,967733,22905,1727441,California
San Diego,2021-04-21,35041,2442571,20929,1197989,14112,1174625,0,69957,16964,761641,18042,985775,19975,1747416,California
San Diego,2021-04-22,44673,2487244,22950,1220939,21719,1196344,4,69961,22415,764862,22223,1007998,25444,1772860,California
San Diego,2021-04-23,42250,2529494,26021,1246960,16227,1212571,2,69963,15757,757322,26462,1034460,18922,1791782,California
San Diego,2021-04-24,34976,2564470,18867,1265827,16094,1228665,15,69978,15633,756823,19308,1053768,18809,1810591,California
San Diego,2021-04-25,12651,2577121,7711,1273538,4940,1233605,0,69978,5925,757393,6719,1060487,7289,1817880,California
San Diego,2021-04-26,31132,2608253,15530,1289068,15471,1249076,131,70109,10675,752034,20445,1080932,15086,1832966,California
San Diego,2021-04-27,43023,2651276,23703,1312771,18880,1267956,440,70549,18973,750422,24018,1104950,22406,1855372,California
San Diego,2021-04-28,38340,2689616,22630,1335401,15036,1282992,674,71223,17371,749760,20937,1125887,20275,1875647,California
San Diego,2021-04-29,38121,2727737,24280,1359681,13187,1296179,654,71877,15417,744868,22668,1148555,17776,1893423,California
San Diego,2021-04-30,38147,2765884,23140,1382821,13966,1310145,1041,72918,14940,739503,23171,1171726,17806,1911229,California
San Diego,2021-05-01,24346,2790230,10731,1393552,12971,1323116,644,73562,9570,737089,14768,1186494,12354,1923583,California
San Diego,2021-05-02,10730,2800960,7539,1401091,2605,1325721,586,74148,3288,733860,7438,1193932,4209,1927792,California
San Diego,2021-05-03,25337,2826297,12476,1413567,11703,1337424,1158,75306,9356,729211,15961,1209893,11312,1939104,California
San Diego,2021-05-04,31978,2858275,17651,1431218,12997,1350421,1330,76636,11543,722781,20409,1230302,13979,1953083,California
San Diego,2021-05-05,27742,2886017,17042,1448260,9411,1359832,1289,77925,10607,718515,17115,1247417,12849,1965932,California
San Diego,2021-05-06,28463,2914480,18837,1467097,8712,1368544,914,78839,10848,715169,17588,1265005,14242,1980174,California
San Diego,2021-05-07,29707,2944187,19535,1486632,9122,1377666,1050,79889,11064,709876,18607,1283612,13314,1993488,California
San Diego,2021-05-08,22655,2966842,10768,1497400,11174,1388840,713,80602,7279,703925,15355,1298967,9404,2002892,California
San Diego,2021-05-09,7493,2974335,5678,1503078,1407,1390247,408,81010,2608,702482,4879,1303846,3436,2006328,California
San Diego,2021-05-10,21680,2996015,8462,1511540,12403,1402650,815,81825,5956,694811,15697,1319543,8026,2014354,California
San Diego,2021-05-11,27706,3023721,11257,1522797,15673,1418323,776,82601,9668,688835,18017,1337560,12041,2026395,California
San Diego,2021-05-12,21971,3045692,11709,1534506,9471,1427794,791,83392,8028,684752,13919,1351479,9836,2036231,California
San Diego,2021-05-13,29679,3075371,17716,1552222,11352,1439146,611,84003,12317,682842,17309,1368788,15399,2051630,California
San Diego,2021-05-14,30756,3106127,19701,1571923,10208,1449354,847,84850,14026,683094,16696,1385484,16948,2068578,California
San Diego,2021-05-15,26160,3132287,16493,1588416,8845,1458199,822,85672,10925,680579,15186,1400670,12671,2081249,California
San Diego,2021-05-16,12983,3145270,9708,1598124,2699,1460898,576,86248,6481,681521,6492,1407162,7434,2088683,California
San Diego,2021-05-17,21469,3166739,13040,1611164,7671,1468569,758,87006,9439,680589,11995,1419157,11063,2099746,California
San Diego,2021-05-18,34247,3200986,19397,1630561,13974,1482543,876,87882,13844,676376,20370,1439527,16157,2115903,California
San Diego,2021-05-19,28529,3229515,17941,1648502,9778,1492321,810,88692,12328,674449,16173,1455700,14246,2130149,California
San Diego,2021-05-20,30643,3260158,16345,1664847,13529,1505850,769,89461,10359,666610,20255,1475955,12416,2142565,California
San Diego,2021-05-21,22867,3283025,14370,1679217,7556,1513406,941,90402,9449,664605,13389,1489344,11384,2153949,California
San Diego,2021-05-22,17446,3300471,9666,1688883,6687,1520093,1093,91495,7439,664037,9991,1499335,9423,2163372,California
San Diego,2021-05-23,4829,3305300,3603,1692486,942,1521035,284,91779,2586,664909,2222,1501557,3094,2166466,California
San Diego,2021-05-24,17643,3322943,8996,1701482,6758,1527793,1889,93668,6524,663064,11102,1512659,9257,2175723,California
San Diego,2021-05-25,24220,3347163,13234,1714716,9151,1536944,1835,95503,8719,659295,15470,1528129,11701,2187424,California
San Diego,2021-05-26,19199,3366362,10667,1725383,6522,1543466,2010,97513,6721,656608,12447,1540576,9760,2197184,California
San Diego,2021-05-27,20596,3386958,12041,1737424,6159,1549625,2396,99909,7036,653749,13545,1554121,10686,2207870,California
San Diego,2021-05-28,21152,3408110,13276,1750700,7165,1556790,711,100620,8432,651497,12706,1566827,10454,2218324,California
San Diego,2021-05-29,12010,3420120,7664,1758364,3855,1560645,491,101111,5266,651134,6729,1573556,6366,2224690,California
San Diego,2021-05-30,4707,3424827,3217,1761581,1106,1561751,384,101495,2064,651232,2639,1576195,2737,2227427,California
San Diego,2021-05-31,2612,3427439,1769,1763350,672,1562423,171,101666,884,650707,1725,1577920,1200,2228627,California
San Diego,2021-06-01,21301,3448740,11383,1774733,8284,1570707,1634,103300,6160,644452,15120,1593040,8865,2237492,California
San Diego,2021-06-02,16813,3465553,8649,1783382,6097,1576804,2067,105367,5710,641984,11083,1604123,8615,2246107,California
San Diego,2021-06-03,9205,3474758,6019,1789401,1621,1578425,1565,106932,1971,638881,7226,1611349,4123,2250230,California
San Francisco,2020-12-15,7,7,7,7,0,0,0,0,7,7,0,0,7,7,California
San Francisco,2020-12-16,230,237,230,237,0,0,0,0,230,237,0,0,230,237,California
San Francisco,2020-12-17,394,631,394,631,0,0,0,0,394,631,0,0,394,631,California
San Francisco,2020-12-18,879,1510,878,1509,1,1,0,0,879,1510,0,0,879,1510,California
San Francisco,2020-12-19,603,2113,603,2112,0,1,0,0,603,2113,0,0,603,2113,California
San Francisco,2020-12-20,484,2597,484,2596,0,1,0,0,484,2597,0,0,484,2597,California
San Francisco,2020-12-21,1167,3764,1167,3763,0,1,0,0,1167,3764,0,0,1167,3764,California
San Francisco,2020-12-22,1411,5175,1377,5140,34,35,0,0,1411,5175,0,0,1411,5175,California
San Francisco,2020-12-23,1362,6537,1066,6206,296,331,0,0,1362,6537,0,0,1362,6537,California
San Francisco,2020-12-24,847,7384,508,6714,339,670,0,0,847,7384,0,0,847,7384,California
San Francisco,2020-12-25,35,7419,30,6744,5,675,0,0,35,7419,0,0,35,7419,California
San Francisco,2020-12-26,247,7666,152,6896,95,770,0,0,247,7666,0,0,247,7666,California
San Francisco,2020-12-27,274,7940,60,6956,214,984,0,0,274,7940,0,0,274,7940,California
San Francisco,2020-12-28,1273,9213,689,7645,584,1568,0,0,1273,9213,0,0,1273,9213,California
San Francisco,2020-12-29,1253,10466,628,8273,625,2193,0,0,1253,10466,0,0,1253,10466,California
San Francisco,2020-12-30,1489,11955,780,9053,709,2902,0,0,1489,11955,0,0,1489,11955,California
San Francisco,2020-12-31,964,12919,410,9463,554,3456,0,0,963,12918,0,0,963,12918,California
San Francisco,2021-01-01,96,13015,73,9536,23,3479,0,0,96,13014,0,0,96,13014,California
San Francisco,2021-01-02,337,13352,303,9839,34,3513,0,0,337,13351,0,0,337,13351,California
San Francisco,2021-01-03,298,13650,105,9944,193,3706,0,0,297,13647,1,1,297,13648,California
San Francisco,2021-01-04,1840,15490,1356,11300,484,4190,0,0,1837,15481,3,4,1837,15485,California
San Francisco,2021-01-05,2236,17726,1420,12720,816,5006,0,0,2201,17649,35,39,2203,17688,California
San Francisco,2021-01-06,1874,19600,1161,13881,713,5719,0,0,1610,18998,262,301,1611,19299,California
San Francisco,2021-01-07,2068,21668,1207,15088,861,6580,0,0,1608,20149,457,758,1608,20907,California
San Francisco,2021-01-08,2335,24003,1638,16726,697,7277,0,0,1496,20811,834,1592,1496,22403,California
San Francisco,2021-01-09,1389,25392,894,17620,495,7772,0,0,884,21192,505,2097,886,23289,California
San Francisco,2021-01-10,919,26311,541,18161,378,8150,0,0,460,21194,458,2555,460,23749,California
San Francisco,2021-01-11,2508,28819,1873,20034,635,8785,0,0,1404,21493,1105,3660,1404,25153,California
San Francisco,2021-01-12,3093,31912,2057,22091,1036,9821,0,0,1898,22198,1195,4855,1900,27053,California
San Francisco,2021-01-13,2833,34745,1607,23698,1226,11047,0,0,1999,23363,834,5689,1999,29052,California
San Francisco,2021-01-14,2446,37191,1104,24802,1342,12389,0,0,1885,24687,561,6250,1885,30937,California
San Francisco,2021-01-15,2751,39942,1149,25951,1602,13991,0,0,2359,26658,390,6640,2361,33298,California
San Francisco,2021-01-16,2260,42202,966,26917,1294,15285,0,0,2093,28585,167,6807,2094,35392,California
San Francisco,2021-01-17,1938,44140,534,27451,1404,16689,0,0,1722,30091,216,7023,1722,37114,California
San Francisco,2021-01-18,1381,45521,596,28047,785,17474,0,0,1115,30942,265,7288,1116,38230,California
San Francisco,2021-01-19,2583,48104,1476,29523,1107,18581,0,0,1832,32023,751,8039,1832,40062,California
San Francisco,2021-01-20,2764,50868,1131,30654,1633,20214,0,0,2010,33283,751,8790,2011,42073,California
San Francisco,2021-01-21,3325,54193,946,31600,2379,22593,0,0,2488,34936,835,9625,2488,44561,California
San Francisco,2021-01-22,3191,57384,644,32244,2547,25140,0,0,2749,37245,440,10065,2749,47310,California
San Francisco,2021-01-23,3093,60477,611,32855,2482,27622,0,0,2725,39604,367,10432,2726,50036,California
San Francisco,2021-01-24,2431,62908,365,33220,2066,29688,0,0,2200,41576,228,10660,2200,52236,California
San Francisco,2021-01-25,4641,67549,1834,35054,2807,32495,0,0,3053,43044,1586,12246,3054,55290,California
San Francisco,2021-01-26,4733,72282,2176,37230,2557,35052,0,0,3094,44504,1636,13882,3096,58386,California
San Francisco,2021-01-27,4383,76665,2006,39236,2377,37429,0,0,3086,46295,1295,15177,3086,61472,California
San Francisco,2021-01-28,3764,80429,1556,40792,2208,39637,0,0,2602,47740,1157,16334,2602,64074,California
San Francisco,2021-01-29,4743,85172,1688,42480,3055,42692,0,0,3464,49932,1272,17606,3464,67538,California
San Francisco,2021-01-30,3789,88961,1848,44328,1941,44633,0,0,3332,52812,456,18062,3336,70874,California
San Francisco,2021-01-31,2360,91321,826,45154,1534,46167,0,0,2209,54872,150,18212,2210,73084,California
San Francisco,2021-02-01,3978,95299,1703,46857,2275,48442,0,0,2906,56707,1072,19284,2907,75991,California
San Francisco,2021-02-02,4522,99821,1806,48663,2716,51158,0,0,2921,58033,1595,20879,2921,78912,California
San Francisco,2021-02-03,5072,104893,2378,51041,2694,53852,0,0,3755,60475,1314,22193,3756,82668,California
San Francisco,2021-02-04,5028,109921,2429,53470,2599,56451,0,0,3865,63179,1161,23354,3865,86533,California
San Francisco,2021-02-05,5964,115885,3216,56686,2748,59199,0,0,4618,66454,1344,24698,4619,91152,California
San Francisco,2021-02-06,5494,121379,3673,60359,1821,61020,0,0,4593,70150,899,25597,4595,95747,California
San Francisco,2021-02-07,4347,125726,3198,63557,1149,62169,0,0,3769,73347,575,26172,3772,99519,California
San Francisco,2021-02-08,6763,132489,4654,68211,2109,64278,0,0,5537,77676,1210,27382,5539,105058,California
San Francisco,2021-02-09,5945,138434,3999,72210,1946,66224,0,0,4391,80505,1563,28945,4392,109450,California
San Francisco,2021-02-10,6899,145333,4192,76402,2707,68931,0,0,5092,83798,1802,30747,5095,114545,California
San Francisco,2021-02-11,6724,152057,3987,80389,2737,71668,0,0,4902,86884,1817,32564,4903,119448,California
San Francisco,2021-02-12,5337,157394,2676,83065,2661,74329,0,0,3497,88539,1842,34406,3497,122945,California
San Francisco,2021-02-13,4384,161778,2563,85628,1821,76150,0,0,3048,90253,1336,35742,3050,125995,California
San Francisco,2021-02-14,3428,165206,2249,87877,1179,77329,0,0,2299,91426,1128,36870,2301,128296,California
San Francisco,2021-02-15,2775,167981,1507,89384,1268,78597,0,0,1674,92001,1099,37969,1674,129970,California
San Francisco,2021-02-16,5080,173061,2792,92176,2288,80885,0,0,2983,92900,2090,40059,2989,132959,California
San Francisco,2021-02-17,5343,178404,2615,94791,2728,83613,0,0,2956,93480,2377,42436,2957,135916,California
San Francisco,2021-02-18,5371,183775,2627,97418,2744,86357,0,0,2788,93689,2582,45018,2791,138707,California
San Francisco,2021-02-19,5644,189419,2648,100066,2996,89353,0,0,2929,93911,2709,47727,2931,141638,California
San Francisco,2021-02-20,4529,193948,2181,102247,2348,91701,0,0,1697,92786,2823,50550,1698,143336,California
San Francisco,2021-02-21,2889,196837,1518,103765,1371,93072,0,0,1279,92464,1602,52152,1280,144616,California
San Francisco,2021-02-22,5128,201965,3193,106958,1935,95007,0,0,2579,92506,2540,54692,2582,147198,California
San Francisco,2021-02-23,5538,207503,3158,110116,2380,97387,0,0,2824,92623,2707,57399,2824,150022,California
San Francisco,2021-02-24,9044,216547,5123,115239,3921,101308,0,0,4832,93254,4202,61601,4833,154855,California
San Francisco,2021-02-25,9804,226351,6884,122123,2920,104228,0,0,6334,96123,3467,65068,6336,161191,California
San Francisco,2021-02-26,12002,238353,7787,129910,4215,108443,0,0,7109,98340,4893,69961,7110,168301,California
San Francisco,2021-02-27,9264,247617,6003,135913,3260,111703,1,1,4646,98385,4604,74565,4649,172950,California
San Francisco,2021-02-28,7776,255393,5588,141501,2188,113891,0,1,3861,98333,3914,78479,3862,176812,California
San Francisco,2021-03-01,11113,266506,7500,149001,3609,117500,4,5,5405,98061,5683,84162,5411,182223,California
San Francisco,2021-03-02,9983,276489,6732,155733,3251,120751,0,5,5645,99379,4328,88490,5646,187869,California
San Francisco,2021-03-03,11289,287778,6559,162292,4729,125480,1,6,6153,100413,5123,93613,6157,194026,California
San Francisco,2021-03-04,8778,296556,5515,167807,3263,128743,0,6,4951,101545,3819,97432,4951,198977,California
San Francisco,2021-03-05,9221,305777,5657,173464,3560,132303,4,10,5778,103897,3431,100863,5783,204760,California
San Francisco,2021-03-06,7124,312901,4660,178124,2255,134558,209,219,4446,105857,2692,103555,4652,209412,California
San Francisco,2021-03-07,5397,318298,4223,182347,1115,135673,59,278,3109,106724,2301,105856,3168,212580,California
San Francisco,2021-03-08,7539,325837,5476,187823,1877,137550,186,464,5959,111257,1612,107468,6145,218725,California
San Francisco,2021-03-09,8341,334178,5539,193362,2427,139977,375,839,6093,115466,2254,109722,6463,225188,California
San Francisco,2021-03-10,11237,345415,6609,199971,4128,144105,500,1339,7044,118840,4171,113893,7545,232733,California
San Francisco,2021-03-11,10111,355526,6389,206360,2756,146861,966,2305,6636,122979,3456,117349,7595,240328,California
San Francisco,2021-03-12,10881,366407,6359,212719,3178,150039,1344,3649,6062,125584,4797,122146,7402,247730,California
San Francisco,2021-03-13,6716,373123,3945,216664,1709,151748,1062,4711,4181,128300,2526,124672,5242,252972,California
San Francisco,2021-03-14,7579,380702,4929,221593,2406,154154,244,4955,3986,128951,3577,128249,4228,257200,California
San Francisco,2021-03-15,12101,392803,9258,230851,1897,156051,946,5901,8398,134593,3688,131937,9330,266530,California
San Francisco,2021-03-16,12228,405031,8337,239188,3431,159482,460,6361,8831,140509,3374,135311,9290,275820,California
San Francisco,2021-03-17,13370,418401,8292,247480,4514,163996,564,6925,9632,146992,3709,139020,10192,286012,California
San Francisco,2021-03-18,10097,428498,6869,254349,2604,166600,624,7549,5757,149051,4316,143336,6375,292387,California
San Francisco,2021-03-19,12418,440916,9077,263426,2873,169473,468,8017,6582,150287,5808,149144,7044,299431,California
San Francisco,2021-03-20,8897,449813,6550,269976,1881,171354,466,8483,5176,152241,3690,152834,5644,305075,California
San Francisco,2021-03-21,6616,456429,6059,276035,420,171774,137,8620,3734,153247,2864,155698,3870,308945,California
San Francisco,2021-03-22,9877,466306,6940,282975,2090,173864,847,9467,5118,154471,4734,160432,5958,314903,California
San Francisco,2021-03-23,11283,477589,7486,290461,3146,177010,651,10118,6321,156508,4932,165364,6969,321872,California
San Francisco,2021-03-24,12401,489990,9502,299963,2362,179372,537,10655,6274,157229,6084,171448,6805,328677,California
San Francisco,2021-03-25,11967,501957,8748,308711,2655,182027,564,11219,5898,157688,5999,177447,6458,335135,California
San Francisco,2021-03-26,12031,513988,8345,317056,3452,185479,234,11453,5893,157709,6104,183551,6125,341260,California
San Francisco,2021-03-27,8795,522783,5896,322952,2549,188028,350,11803,3760,156805,5013,188564,4109,345369,California
San Francisco,2021-03-28,6690,529473,5346,328298,1302,189330,42,11845,3003,156185,3662,192226,3042,348411,California
San Francisco,2021-03-29,11615,541088,7997,336295,3431,192761,187,12032,4847,154479,6738,198964,5032,353443,California
San Francisco,2021-03-30,11678,552766,7326,343621,4059,196820,293,12325,5516,154150,6137,205101,5808,359251,California
San Francisco,2021-03-31,12293,565059,8186,351807,3806,200626,301,12626,4959,152105,7299,212400,5254,364505,California
San Francisco,2021-04-01,14004,579063,7437,359244,4863,205489,1704,14330,6021,151872,7945,220345,7712,372217,California
San Francisco,2021-04-02,14866,593929,6565,365809,6415,211904,1886,16216,6956,152818,7887,228232,8833,381050,California
San Francisco,2021-04-03,10594,604523,4911,370720,3857,215761,1826,18042,4858,153777,5720,233952,6679,387729,California
San Francisco,2021-04-04,9049,613572,4795,375515,2596,218357,1658,19700,3575,153546,5460,239412,5229,392958,California
San Francisco,2021-04-05,16050,629622,9826,385341,4338,222695,1886,21586,6258,151923,9762,249174,8139,401097,California
San Francisco,2021-04-06,16070,645692,9515,394856,4487,227182,2068,23654,6235,150413,9809,258983,8299,409396,California
San Francisco,2021-04-07,16866,662558,10036,404892,4597,231779,2233,25887,6990,149779,9850,268833,9216,418612,California
San Francisco,2021-04-08,14201,676759,6753,411645,3027,234806,4421,30308,4624,149259,9544,278377,9024,427636,California
San Francisco,2021-04-09,15851,692610,7660,419305,4835,239641,3356,33664,6608,150002,9211,287588,9954,437590,California
San Francisco,2021-04-10,13330,705940,5696,425001,5880,245521,1754,35418,7108,152660,6196,293784,8854,446444,California
San Francisco,2021-04-11,10027,715967,7511,432512,1341,246862,1175,36593,5184,154187,4830,298614,6357,452801,California
San Francisco,2021-04-12,10605,726572,6887,439399,2566,249428,1152,37745,4850,154451,5733,304347,5997,458798,California
San Francisco,2021-04-13,10800,737372,7316,446715,3471,252899,13,37758,5444,154580,5334,309681,5463,464261,California
San Francisco,2021-04-14,13281,750653,8000,454715,5280,258179,1,37759,6376,154088,6869,316550,6377,470638,California
San Francisco,2021-04-15,13722,764375,9514,464229,4207,262386,1,37760,8059,156519,5632,322182,8063,478701,California
San Francisco,2021-04-16,12920,777295,8692,472921,4184,266570,44,37804,7620,158918,5269,327451,7668,486369,California
San Francisco,2021-04-17,10059,787354,7302,480223,2756,269326,1,37805,7090,163061,2952,330403,7095,493464,California
San Francisco,2021-04-18,6608,793962,5046,485269,1560,270886,2,37807,4088,164650,2503,332906,4092,497556,California
San Francisco,2021-04-19,10872,804834,8171,493440,2696,273582,5,37812,6987,167784,3868,336774,7002,504558,California
San Francisco,2021-04-20,12332,817166,7213,500653,5117,278699,2,37814,8505,172492,3800,340574,8508,513066,California
San Francisco,2021-04-21,10562,827728,7545,508198,3012,281711,5,37819,6433,174832,4102,344676,6442,519508,California
San Francisco,2021-04-22,10440,838168,7722,515920,2717,284428,1,37820,6022,176467,4394,349070,6029,525537,California
San Francisco,2021-04-23,10329,848497,5923,521843,4406,288834,0,37820,6134,178442,4166,353236,6141,531678,California
San Francisco,2021-04-24,7947,856444,5467,527310,2480,291314,0,37820,4698,179920,3228,356464,4706,536384,California
San Francisco,2021-04-25,5026,861470,4326,531636,694,292008,6,37826,2937,180792,2074,358538,2946,539330,California
San Francisco,2021-04-26,7943,869413,5626,537262,2305,294313,12,37838,3909,180716,4009,362547,3933,543263,California
San Francisco,2021-04-27,8488,877901,5728,542990,2621,296934,139,37977,4222,180846,4241,366788,4371,547634,California
San Francisco,2021-04-28,9252,887153,6524,549514,2537,299471,191,38168,4756,181333,4464,371252,4951,552585,California
San Francisco,2021-04-29,9108,896261,5386,554900,3529,303000,193,38361,4367,181191,4714,375966,4572,557157,California
San Francisco,2021-04-30,10868,907129,5183,560083,5485,308485,200,38561,3975,178516,6855,382821,4180,561337,California
San Francisco,2021-05-01,6941,914070,3588,563671,3239,311724,114,38675,1707,175135,5204,388025,1823,563160,California
San Francisco,2021-05-02,5325,919395,3093,566764,2134,313858,98,38773,975,171868,4343,392368,1076,564236,California
San Francisco,2021-05-03,9664,929059,6580,573344,2923,316781,161,38934,2461,167324,7173,399541,2629,566865,California
San Francisco,2021-05-04,9352,938411,5986,579330,3116,319897,250,39184,2293,162845,7027,406568,2548,569413,California
San Francisco,2021-05-05,8766,947177,6125,585455,2331,322228,310,39494,2147,158731,6574,413142,2460,571873,California
San Francisco,2021-05-06,10712,957889,8565,594020,1677,323905,470,39964,1854,152231,8825,421967,2325,574198,California
San Francisco,2021-05-07,10096,967985,6460,600480,3367,327272,269,40233,1639,145708,8431,430398,1908,576106,California
San Francisco,2021-05-08,8360,976345,3546,604026,4684,331956,130,40363,982,139475,7346,437744,1113,577219,California
San Francisco,2021-05-09,6689,983034,5830,609856,777,332733,82,40445,1221,135328,5444,443188,1297,578516,California
San Francisco,2021-05-10,6970,990004,4931,614787,1789,334522,250,40695,1042,130717,5901,449089,1290,579806,California
San Francisco,2021-05-11,7142,997146,5116,619903,1822,336344,204,40899,1380,126573,5729,454818,1585,581391,California
San Francisco,2021-05-12,7419,1004565,5331,625234,1654,337998,434,41333,1504,122618,5885,460703,1930,583321,California
San Francisco,2021-05-13,10366,1014931,7548,632782,2605,340603,213,41546,3834,120166,6506,467209,4054,587375,California
San Francisco,2021-05-14,9273,1024204,6573,639355,2530,343133,170,41716,3000,117102,6244,473453,3180,590555,California
San Francisco,2021-05-15,7893,1032097,6251,645606,1585,344718,57,41773,3109,115513,4767,478220,3178,593733,California
San Francisco,2021-05-16,4957,1037054,4175,649781,724,345442,58,41831,1840,114314,3097,481317,1898,595631,California
San Francisco,2021-05-17,7236,1044290,5389,655170,1681,347123,166,41997,2552,112371,4664,485981,2721,598352,California
San Francisco,2021-05-18,8655,1052945,4970,660140,3511,350634,174,42171,2027,107989,6584,492565,2202,600554,California
San Francisco,2021-05-19,7440,1060385,5527,665667,1681,352315,232,42403,2466,105740,4946,497511,2697,603251,California
San Francisco,2021-05-20,5355,1065740,3645,669312,1512,353827,198,42601,1556,103724,3767,501278,1751,605002,California
San Francisco,2021-05-21,6646,1072386,3762,673074,2735,356562,149,42750,1740,100747,4863,506141,1886,606888,California
San Francisco,2021-05-22,4364,1076750,3389,676463,926,357488,49,42799,2116,100683,2230,508371,2166,609054,California
San Francisco,2021-05-23,1544,1078294,1256,677719,256,357744,32,42831,787,100757,747,509118,821,609875,California
San Francisco,2021-05-24,4068,1082362,2872,680591,1029,358773,167,42998,1263,99406,2781,511899,1430,611305,California
San Francisco,2021-05-25,3736,1086098,2417,683008,1087,359860,232,43230,1160,98236,2557,514456,1387,612692,California
San Francisco,2021-05-26,3974,1090072,2584,685592,1239,361099,151,43381,1269,96976,2680,517136,1420,614112,California
San Francisco,2021-05-27,3737,1093809,2170,687762,1383,362482,184,43565,1436,96301,2293,519429,1618,615730,California
San Francisco,2021-05-28,3807,1097616,2171,689933,1471,363953,165,43730,1439,95561,2343,521772,1603,617333,California
San Francisco,2021-05-29,2049,1099665,1474,691407,479,364432,96,43826,912,95445,1119,522891,1003,618336,California
San Francisco,2021-05-30,1005,1100670,713,692120,247,364679,45,43871,426,95344,570,523461,469,618805,California
San Francisco,2021-05-31,259,1100929,209,692329,42,364721,8,43879,90,95274,168,523629,98,618903,California
San Francisco,2021-06-01,3564,1104493,2147,694476,1227,365948,190,44069,1330,94571,2221,525850,1518,620421,California
San Francisco,2021-06-02,2426,1106919,1756,696232,540,366488,130,44199,1042,94364,1374,527224,1167,621588,California
San Francisco,2021-06-03,2051,1108970,1139,697371,778,367266,134,44333,565,93580,1479,528703,695,622283,California
San Joaquin,2020-12-15,12,12,12,12,0,0,0,0,12,12,0,0,12,12,California
San Joaquin,2020-12-16,309,321,309,321,0,0,0,0,309,321,0,0,309,321,California
San Joaquin,2020-12-17,313,634,313,634,0,0,0,0,313,634,0,0,313,634,California
San Joaquin,2020-12-18,523,1157,519,1153,4,4,0,0,523,1157,0,0,523,1157,California
San Joaquin,2020-12-19,189,1346,189,1342,0,4,0,0,189,1346,0,0,189,1346,California
San Joaquin,2020-12-20,114,1460,113,1455,1,5,0,0,114,1460,0,0,114,1460,California
San Joaquin,2020-12-21,493,1953,492,1947,1,6,0,0,493,1953,0,0,493,1953,California
San Joaquin,2020-12-22,970,2923,851,2798,119,125,0,0,969,2922,0,0,969,2922,California
San Joaquin,2020-12-23,989,3912,930,3728,59,184,0,0,987,3909,2,2,989,3911,California
San Joaquin,2020-12-24,216,4128,188,3916,28,212,0,0,215,4124,1,3,216,4127,California
San Joaquin,2020-12-25,14,4142,14,3930,0,212,0,0,14,4138,0,3,14,4141,California
San Joaquin,2020-12-26,102,4244,30,3960,72,284,0,0,102,4240,0,3,102,4243,California
San Joaquin,2020-12-27,42,4286,29,3989,13,297,0,0,42,4282,0,3,42,4285,California
San Joaquin,2020-12-28,624,4910,421,4410,203,500,0,0,624,4906,0,3,624,4909,California
San Joaquin,2020-12-29,792,5702,665,5075,127,627,0,0,792,5698,0,3,792,5701,California
San Joaquin,2020-12-30,1010,6712,718,5793,292,919,0,0,1008,6706,2,5,1010,6711,California
San Joaquin,2020-12-31,453,7165,202,5995,251,1170,0,0,453,7159,1,6,454,7165,California
San Joaquin,2021-01-01,23,7188,13,6008,10,1180,0,0,23,7182,0,6,23,7188,California
San Joaquin,2021-01-02,266,7454,243,6251,23,1203,0,0,266,7448,0,6,266,7454,California
San Joaquin,2021-01-03,38,7492,20,6271,18,1221,0,0,37,7484,1,7,37,7491,California
San Joaquin,2021-01-04,477,7969,338,6609,139,1360,0,0,475,7958,1,8,475,7966,California
San Joaquin,2021-01-05,981,8950,648,7257,333,1693,0,0,811,8636,170,178,848,8814,California
San Joaquin,2021-01-06,1223,10173,710,7967,513,2206,0,0,918,9258,300,478,922,9736,California
San Joaquin,2021-01-07,1082,11255,684,8651,398,2604,0,0,792,9764,287,765,793,10529,California
San Joaquin,2021-01-08,1201,12456,821,9472,380,2984,0,0,715,9998,485,1250,719,11248,California
San Joaquin,2021-01-09,380,12836,301,9773,79,3063,0,0,249,10117,131,1381,250,11498,California
San Joaquin,2021-01-10,224,13060,116,9889,108,3171,0,0,171,10236,52,1433,171,11669,California
San Joaquin,2021-01-11,1530,14590,1323,11212,207,3378,0,0,864,10502,665,2098,931,12600,California
San Joaquin,2021-01-12,1465,16055,1053,12265,412,3790,0,0,696,10504,765,2863,767,13367,California
San Joaquin,2021-01-13,1528,17583,894,13159,634,4424,0,0,955,10893,571,3434,960,14327,California
San Joaquin,2021-01-14,1751,19334,972,14131,779,5203,0,0,1408,11995,322,3756,1424,15751,California
San Joaquin,2021-01-15,1529,20863,541,14672,988,6191,0,0,1303,13104,211,3967,1320,17071,California
San Joaquin,2021-01-16,1128,21991,179,14851,949,7140,0,0,1098,14173,29,3996,1098,18169,California
San Joaquin,2021-01-17,1621,23612,135,14986,1486,8626,0,0,1580,15714,41,4037,1582,19751,California
San Joaquin,2021-01-18,740,24352,238,15224,502,9128,0,0,619,16216,117,4154,619,20370,California
San Joaquin,2021-01-19,1873,26225,898,16122,975,10103,0,0,1191,16738,677,4831,1199,21569,California
San Joaquin,2021-01-20,2090,28315,1287,17409,803,10906,0,0,1442,17545,641,5472,1448,23017,California
San Joaquin,2021-01-21,1974,30289,895,18304,1079,11985,0,0,1577,18740,390,5862,1585,24602,California
San Joaquin,2021-01-22,1956,32245,896,19200,1060,13045,0,0,1814,20419,137,5999,1816,26418,California
San Joaquin,2021-01-23,899,33144,398,19598,501,13546,0,0,615,20753,283,6282,617,27035,California
San Joaquin,2021-01-24,352,33496,136,19734,216,13762,0,0,329,21062,20,6302,329,27364,California
San Joaquin,2021-01-25,2000,35496,1146,20880,854,14616,0,0,1433,21933,564,6866,1435,28799,California
San Joaquin,2021-01-26,2155,37651,1117,21997,1038,15654,0,0,1541,22872,607,7473,1546,30345,California
San Joaquin,2021-01-27,1734,39385,771,22768,963,16617,0,0,1236,23622,493,7966,1243,31588,California
San Joaquin,2021-01-28,2039,41424,767,23535,1272,17889,0,0,1384,24363,651,8617,1392,32980,California
San Joaquin,2021-01-29,2156,43580,1047,24582,1109,18998,0,0,1806,25834,344,8961,1815,34795,California
San Joaquin,2021-01-30,2172,45752,353,24935,1819,20817,0,0,1994,27653,177,9138,1996,36791,California
San Joaquin,2021-01-31,1559,47311,181,25116,1378,22195,0,0,1494,29084,64,9202,1495,38286,California
San Joaquin,2021-02-01,2525,49836,1340,26456,1185,23380,0,0,1767,30096,758,9960,1770,40056,California
San Joaquin,2021-02-02,2585,52421,1155,27611,1430,24810,0,0,1975,31525,550,10510,1979,42035,California
San Joaquin,2021-02-03,3079,55500,1216,28827,1863,26673,0,0,2212,32883,860,11370,2218,44253,California
San Joaquin,2021-02-04,3540,59040,1814,30641,1726,28399,0,0,2646,34646,889,12259,2652,46905,California
San Joaquin,2021-02-05,3167,62207,1804,32445,1363,29762,0,0,2343,36188,814,13073,2356,49261,California
San Joaquin,2021-02-06,1085,63292,746,33191,339,30101,0,0,942,36991,140,13213,943,50204,California
San Joaquin,2021-02-07,619,63911,490,33681,129,30230,0,0,415,37208,199,13412,416,50620,California
San Joaquin,2021-02-08,1786,65697,1035,34716,751,30981,0,0,1444,38339,319,13731,1450,52070,California
San Joaquin,2021-02-09,2121,67818,1153,35869,968,31949,0,0,1580,39451,471,14202,1583,53653,California
San Joaquin,2021-02-10,2559,70377,1246,37115,1313,33262,0,0,1341,39597,1196,15398,1342,54995,California
San Joaquin,2021-02-11,2912,73289,1482,38597,1430,34692,0,0,1697,40118,1183,16581,1704,56699,California
San Joaquin,2021-02-12,2818,76107,1128,39725,1690,36382,0,0,1596,40518,1201,17782,1601,58300,California
San Joaquin,2021-02-13,2117,78224,396,40121,1721,38103,0,0,855,40131,1248,19030,861,59161,California
San Joaquin,2021-02-14,1902,80126,260,40381,1642,39745,0,0,689,39637,1184,20214,690,59851,California
San Joaquin,2021-02-15,1990,82116,837,41218,1153,40898,0,0,1196,40073,764,20978,1200,61051,California
San Joaquin,2021-02-16,3159,85275,1374,42592,1785,42683,0,0,1747,40434,1397,22375,1758,62809,California
San Joaquin,2021-02-17,3276,88551,1265,43857,2011,44694,0,0,1865,40905,1398,23773,1869,64678,California
San Joaquin,2021-02-18,3341,91892,1374,45231,1967,46661,0,0,1901,41406,1405,25178,1906,66584,California
San Joaquin,2021-02-19,4265,96157,2408,47639,1857,48518,0,0,2386,41968,1824,27002,2386,68970,California
San Joaquin,2021-02-20,1551,97708,658,48297,893,49411,0,0,1056,42530,494,27496,1056,70026,California
San Joaquin,2021-02-21,667,98375,505,48802,162,49573,0,0,417,42703,247,27743,420,70446,California
San Joaquin,2021-02-22,3538,101913,2495,51297,1043,50616,0,0,2526,44252,982,28725,2531,72977,California
San Joaquin,2021-02-23,4308,106221,2622,53919,1686,52302,0,0,2650,45277,1630,30355,2655,75632,California
San Joaquin,2021-02-24,5750,111971,3417,57336,2333,54635,0,0,4130,47820,1594,31949,4137,79769,California
San Joaquin,2021-02-25,6335,118306,3916,61252,2419,57054,0,0,4085,49704,2211,34160,4095,83864,California
San Joaquin,2021-02-26,5481,123787,2849,64101,2632,59686,0,0,3770,51803,1677,35837,3776,87640,California
San Joaquin,2021-02-27,5461,129248,1621,65722,3840,63526,0,0,2629,51667,2777,38614,2641,90281,California
San Joaquin,2021-02-28,3084,132332,1108,66830,1976,65502,0,0,2036,52682,1023,39637,2038,92319,California
San Joaquin,2021-03-01,4111,136443,1808,68638,2301,67803,2,2,2329,53256,1764,41401,2338,94657,California
San Joaquin,2021-03-02,4206,140649,1681,70319,2525,70328,0,2,2640,54408,1543,42944,2695,97352,California
San Joaquin,2021-03-03,5786,146435,3437,73756,2347,72675,2,4,4173,56994,1589,44533,4175,101527,California
San Joaquin,2021-03-04,5715,152150,2269,76025,3443,76118,3,7,3737,58772,1963,46496,3741,105268,California
San Joaquin,2021-03-05,4455,156605,1897,77922,2553,78671,5,12,3071,60484,1368,47864,3080,108348,California
San Joaquin,2021-03-06,3301,159906,2173,80095,998,79669,130,142,2718,62756,579,48443,2851,111199,California
San Joaquin,2021-03-07,1222,161128,564,80659,610,80279,48,190,936,63457,268,48711,969,112168,California
San Joaquin,2021-03-08,3150,164278,1264,81923,1761,82040,125,315,2134,64711,1004,49715,2258,114426,California
San Joaquin,2021-03-09,4026,168304,1825,83748,2072,84112,129,444,2669,66172,1342,51057,2803,117229,California
San Joaquin,2021-03-10,4643,172947,2467,86215,2037,86149,139,583,3416,68516,1212,52269,3556,120785,California
San Joaquin,2021-03-11,4945,177892,2347,88562,1995,88144,603,1186,2936,70061,1996,54265,3541,124326,California
San Joaquin,2021-03-12,6285,184177,3136,91698,2813,90957,336,1522,4159,72463,2100,56365,4502,128828,California
San Joaquin,2021-03-13,3070,187247,1455,93153,1489,92446,126,1648,2290,74115,772,57137,2424,131252,California
San Joaquin,2021-03-14,2162,189409,671,93824,1187,93633,304,1952,1028,74324,1127,58264,1336,132588,California
San Joaquin,2021-03-15,6078,195487,3498,97322,2175,95808,405,2357,3180,75057,2865,61129,3598,136186,California
San Joaquin,2021-03-16,6853,202340,3900,101222,2695,98503,258,2615,4035,76561,2795,63924,4299,140485,California
San Joaquin,2021-03-17,7810,210150,4680,105902,3060,101563,70,2685,4342,77553,3429,67353,4421,144906,California
San Joaquin,2021-03-18,7640,217790,4494,110396,2641,104204,505,3190,3775,78020,3821,71174,4288,149194,California
San Joaquin,2021-03-19,7937,225727,4654,115050,2741,106945,542,3732,4807,80310,3106,74280,5396,154590,California
San Joaquin,2021-03-20,3683,229410,2127,117177,1312,108257,244,3976,1832,80563,1834,76114,2087,156677,California
San Joaquin,2021-03-21,2113,231523,1499,118676,407,108664,207,4183,1187,81087,914,77028,1438,158115,California
San Joaquin,2021-03-22,3977,235500,2040,120716,1521,110185,416,4599,2351,82251,1609,78637,2773,160888,California
San Joaquin,2021-03-23,5385,240885,2645,123361,2573,112758,167,4766,3714,84489,1650,80287,3888,164776,California
San Joaquin,2021-03-24,6838,247723,4244,127605,2507,115265,87,4853,3018,83820,3782,84069,3113,167889,California
San Joaquin,2021-03-25,5560,253283,3303,130908,2214,117479,43,4896,3294,84920,2244,86313,3344,171233,California
San Joaquin,2021-03-26,6172,259455,2558,133466,3464,120943,150,5046,3232,85407,2914,89227,3401,174634,California
San Joaquin,2021-03-27,4665,264120,2627,136093,1966,122909,72,5118,1808,84464,2834,92061,1891,176525,California
San Joaquin,2021-03-28,2724,266844,1807,137900,892,123801,25,5143,1295,84454,1409,93470,1399,177924,California
San Joaquin,2021-03-29,4042,270886,2183,140083,1836,125637,23,5166,2021,84508,2005,95475,2059,179983,California
San Joaquin,2021-03-30,6222,277108,3167,143250,2963,128600,92,5258,3429,85286,2763,98238,3541,183524,California
San Joaquin,2021-03-31,6590,283698,4151,147401,2378,130978,61,5319,3337,85473,3234,101472,3421,186945,California
San Joaquin,2021-04-01,6417,290115,2978,150379,3352,134330,87,5406,2835,84893,3559,105031,2979,189924,California
San Joaquin,2021-04-02,6335,296450,2880,153259,2961,137291,494,5900,2531,84171,3779,108810,3057,192981,California
San Joaquin,2021-04-03,4140,300590,2331,155590,1484,138775,325,6225,1996,84377,2127,110937,2333,195314,California
San Joaquin,2021-04-04,2284,302874,1366,156956,716,139491,202,6427,1550,85421,725,111662,1769,197083,California
San Joaquin,2021-04-05,4768,307642,2834,159790,1702,141193,232,6659,2637,86181,2119,113781,2879,199962,California
San Joaquin,2021-04-06,7046,314688,4530,164320,2248,143441,268,6927,3335,86118,3682,117463,3619,203581,California
San Joaquin,2021-04-07,8333,323021,4533,168853,2213,145654,1587,8514,3501,86404,4816,122279,5102,208683,California
San Joaquin,2021-04-08,8758,331779,4705,173558,1936,147590,2117,10631,3308,86408,5421,127700,5425,214108,California
San Joaquin,2021-04-09,8872,340651,4276,177834,3035,150625,1561,12192,3212,85567,5637,133337,4796,218904,California
San Joaquin,2021-04-10,5213,345864,1627,179461,1679,152304,1907,14099,1759,85786,3443,136780,3662,222566,California
San Joaquin,2021-04-11,4078,349942,1550,181011,1362,153666,1166,15265,1770,86419,2298,139078,2931,225497,California
San Joaquin,2021-04-12,5978,355920,2383,183394,2059,155725,1536,16801,2338,86678,3619,142697,3878,229375,California
San Joaquin,2021-04-13,7461,363381,4298,187692,3156,158881,7,16808,4570,88395,2868,145565,4585,233960,California
San Joaquin,2021-04-14,7460,370841,3727,191419,3732,162613,1,16809,4466,89897,2975,148540,4477,238437,California
San Joaquin,2021-04-15,7807,378648,4605,196024,3202,165815,0,16809,4360,90850,3413,151953,4366,242803,California
San Joaquin,2021-04-16,7632,386280,4074,200098,3555,169370,3,16812,4572,92403,3033,154986,4586,247389,California
San Joaquin,2021-04-17,5154,391434,2787,202885,2365,171735,2,16814,3660,94598,1483,156469,3678,251067,California
San Joaquin,2021-04-18,2467,393901,1367,204252,1100,172835,0,16814,1308,94770,1144,157613,1316,252383,California
San Joaquin,2021-04-19,5183,399084,2803,207055,2380,175215,0,16814,2769,95160,2389,160002,2779,255162,California
San Joaquin,2021-04-20,6230,405314,3282,210337,2948,178163,0,16814,2954,94874,3250,163252,2964,258126,California
San Joaquin,2021-04-21,5649,410963,3133,213470,2516,180679,0,16814,2920,95121,2680,165932,2927,261053,California
San Joaquin,2021-04-22,5299,416262,3136,216606,2161,182840,2,16816,3066,95999,2207,168139,3085,264138,California
San Joaquin,2021-04-23,5909,422171,2838,219444,3070,185910,1,16817,3750,97616,2138,170277,3755,267893,California
San Joaquin,2021-04-24,5235,427406,3608,223052,1626,187536,1,16818,3412,99239,1797,172074,3420,271313,California
San Joaquin,2021-04-25,3056,430462,2573,225625,483,188019,0,16818,2025,100260,1011,173085,2032,273345,California
San Joaquin,2021-04-26,3921,434383,2596,228221,1321,189340,4,16822,2060,100480,1848,174933,2068,275413,California
San Joaquin,2021-04-27,4532,438915,2623,230844,1856,191196,53,16875,1921,99871,2589,177522,1980,277393,California
San Joaquin,2021-04-28,5530,444445,3332,234176,2123,193319,75,16950,2730,99914,2770,180292,2813,280206,California
San Joaquin,2021-04-29,4830,449275,2825,237001,1949,195268,56,17006,2444,100054,2366,182658,2506,282712,California
San Joaquin,2021-04-30,4956,454231,2416,239417,2473,197741,67,17073,2571,100332,2369,185027,2647,285359,California
San Joaquin,2021-05-01,3331,457562,1909,241326,1363,199104,59,17132,2123,101326,1201,186228,2195,287554,California
San Joaquin,2021-05-02,2296,459858,1599,242925,641,199745,56,17188,1172,101436,1120,187348,1230,288784,California
San Joaquin,2021-05-03,3317,463175,2247,245172,995,200740,75,17263,1399,101014,1903,189251,1481,290265,California
San Joaquin,2021-05-04,4841,468016,3296,248468,1389,202129,156,17419,1784,99927,3037,192288,1950,292215,California
San Joaquin,2021-05-05,4924,472940,3371,251839,1391,203520,162,17581,2138,99476,2759,195047,2308,294523,California
San Joaquin,2021-05-06,4623,477563,3091,254930,1404,204924,128,17709,2036,99081,2569,197616,2174,296697,California
San Joaquin,2021-05-07,5077,482640,2944,257874,1980,206904,153,17862,1888,97964,3166,200782,2049,298746,California
San Joaquin,2021-05-08,3265,485905,2100,259974,1064,207968,101,17963,1207,97237,2043,202825,1316,300062,California
San Joaquin,2021-05-09,1479,487384,842,260816,567,208535,70,18033,595,97026,881,203706,670,300732,California
San Joaquin,2021-05-10,2799,490183,1466,262282,1209,209744,124,18157,917,96206,1867,205573,1047,301779,California
San Joaquin,2021-05-11,4077,494260,2157,264439,1805,211549,115,18272,1302,94892,2759,208332,1445,303224,California
San Joaquin,2021-05-12,4089,498349,1893,266332,2082,213631,114,18386,1296,93536,2779,211111,1423,304647,California
San Joaquin,2021-05-13,4269,502618,2407,268739,1777,215408,85,18471,1582,92543,2672,213783,1679,306326,California
San Joaquin,2021-05-14,5719,508337,3403,272142,2208,217616,108,18579,2405,91776,3288,217071,2521,308847,California
San Joaquin,2021-05-15,5212,513549,3092,275234,2041,219657,79,18658,1629,89936,3551,220622,1711,310558,California
San Joaquin,2021-05-16,3535,517084,2761,277995,725,220382,49,18707,1428,89327,2095,222717,1486,312044,California
San Joaquin,2021-05-17,4109,521193,2456,280451,1556,221938,97,18804,1799,88941,2295,225012,1909,313953,California
San Joaquin,2021-05-18,3921,525114,2263,282714,1539,223477,119,18923,1886,88928,2018,227030,2005,315958,California
San Joaquin,2021-05-19,4705,529819,2723,285437,1850,225327,132,19055,2073,88542,2600,229630,2214,318172,California
San Joaquin,2021-05-20,3496,533315,2157,287594,1253,226580,86,19141,1605,88360,1873,231503,1691,319863,California
San Joaquin,2021-05-21,4427,537742,2655,290249,1667,228247,105,19246,2077,88229,2321,233824,2190,322053,California
San Joaquin,2021-05-22,3521,541263,2254,292503,1188,229435,79,19325,1620,88049,1887,235711,1707,323760,California
San Joaquin,2021-05-23,2084,543347,1805,294308,248,229683,31,19356,1295,88593,783,236494,1327,325087,California
San Joaquin,2021-05-24,2931,546278,1674,295982,1165,230848,92,19448,1397,88572,1517,238011,1496,326583,California
San Joaquin,2021-05-25,2996,549274,1892,297874,1005,231853,99,19547,1457,88611,1518,239529,1557,328140,California
San Joaquin,2021-05-26,3121,552395,1654,299528,1395,233248,72,19619,1326,88229,1785,241314,1403,329543,California
San Joaquin,2021-05-27,2882,555277,1473,301001,1331,234579,78,19697,1139,87725,1730,243044,1226,330769,California
San Joaquin,2021-05-28,3006,558283,1586,302587,1332,235911,88,19785,1389,87619,1595,244639,1489,332258,California
San Joaquin,2021-05-29,2089,560372,1142,303729,914,236825,33,19818,931,87435,1154,245793,970,333228,California
San Joaquin,2021-05-30,945,561317,498,304227,422,237247,25,19843,387,87296,556,246349,417,333645,California
San Joaquin,2021-05-31,619,561936,261,304488,352,237599,6,19849,239,87167,376,246725,247,333892,California
San Joaquin,2021-06-01,2355,564291,1443,305931,827,238426,85,19934,1153,87217,1194,247919,1244,335136,California
San Joaquin,2021-06-02,2567,566858,1495,307426,1025,239451,47,19981,1135,86985,1417,249336,1185,336321,California
San Joaquin,2021-06-03,1321,568179,895,308321,394,239845,32,20013,512,86727,804,250140,546,336867,California
San Luis Obispo,2020-12-16,4,4,4,4,0,0,0,0,4,4,0,0,4,4,California
San Luis Obispo,2020-12-17,196,200,196,200,0,0,0,0,196,200,0,0,196,200,California
San Luis Obispo,2020-12-18,224,424,224,424,0,0,0,0,224,424,0,0,224,424,California
San Luis Obispo,2020-12-19,162,586,162,586,0,0,0,0,162,586,0,0,162,586,California
San Luis Obispo,2020-12-20,215,801,215,801,0,0,0,0,215,801,0,0,215,801,California
San Luis Obispo,2020-12-21,550,1351,549,1350,1,1,0,0,550,1351,0,0,550,1351,California
San Luis Obispo,2020-12-22,312,1663,308,1658,4,5,0,0,312,1663,0,0,312,1663,California
San Luis Obispo,2020-12-23,680,2343,366,2024,314,319,0,0,680,2343,0,0,680,2343,California
San Luis Obispo,2020-12-24,195,2538,19,2043,176,495,0,0,195,2538,0,0,195,2538,California
San Luis Obispo,2020-12-25,2,2540,1,2044,1,496,0,0,2,2540,0,0,2,2540,California
San Luis Obispo,2020-12-26,90,2630,12,2056,78,574,0,0,90,2630,0,0,90,2630,California
San Luis Obispo,2020-12-27,76,2706,0,2056,76,650,0,0,76,2706,0,0,76,2706,California
San Luis Obispo,2020-12-28,879,3585,429,2485,450,1100,0,0,879,3585,0,0,879,3585,California
San Luis Obispo,2020-12-29,903,4488,504,2989,399,1499,0,0,903,4488,0,0,903,4488,California
San Luis Obispo,2020-12-30,1170,5658,679,3668,491,1990,0,0,1170,5658,0,0,1170,5658,California
San Luis Obispo,2020-12-31,107,5765,4,3672,103,2093,0,0,107,5765,0,0,107,5765,California
San Luis Obispo,2021-01-01,13,5778,8,3680,5,2098,0,0,13,5778,0,0,13,5778,California
San Luis Obispo,2021-01-02,34,5812,8,3688,26,2124,0,0,34,5812,0,0,34,5812,California
San Luis Obispo,2021-01-03,16,5828,6,3694,10,2134,0,0,16,5828,0,0,16,5828,California
San Luis Obispo,2021-01-04,681,6509,525,4219,156,2290,0,0,681,6509,0,0,681,6509,California
San Luis Obispo,2021-01-05,972,7481,754,4973,218,2508,0,0,970,7477,2,2,970,7479,California
San Luis Obispo,2021-01-06,727,8208,480,5453,247,2755,0,0,719,8189,7,9,719,8198,California
San Luis Obispo,2021-01-07,1127,9335,949,6402,178,2933,0,0,684,8430,443,452,684,8882,California
San Luis Obispo,2021-01-08,882,10217,804,7206,78,3011,0,0,513,8575,368,820,513,9395,California
San Luis Obispo,2021-01-09,205,10422,195,7401,10,3021,0,0,28,8426,177,997,28,9423,California
San Luis Obispo,2021-01-10,12,10434,8,7409,4,3025,0,0,8,8430,4,1001,8,9431,California
San Luis Obispo,2021-01-11,560,10994,509,7918,51,3076,0,0,298,8467,261,1262,298,9729,California
San Luis Obispo,2021-01-12,599,11593,382,8300,217,3293,0,0,318,8504,281,1543,318,10047,California
San Luis Obispo,2021-01-13,885,12478,257,8557,628,3921,0,0,649,8919,234,1777,649,10696,California
San Luis Obispo,2021-01-14,728,13206,242,8799,486,4407,0,0,602,9408,113,1890,602,11298,California
San Luis Obispo,2021-01-15,727,13933,286,9085,441,4848,0,0,554,9794,168,2058,554,11852,California
San Luis Obispo,2021-01-16,100,14033,81,9166,19,4867,0,0,95,9884,5,2063,95,11947,California
San Luis Obispo,2021-01-17,64,14097,58,9224,6,4873,0,0,64,9948,0,2063,64,12011,California
San Luis Obispo,2021-01-18,1371,15468,388,9612,983,5856,0,0,1108,10793,263,2326,1108,13119,California
San Luis Obispo,2021-01-19,1583,17051,417,10029,1166,7022,0,0,1175,11560,408,2734,1175,14294,California
San Luis Obispo,2021-01-20,1887,18938,598,10627,1289,8311,0,0,1297,12270,588,3322,1298,15592,California
San Luis Obispo,2021-01-21,1573,20511,467,11094,1106,9417,0,0,1201,13104,368,3690,1202,16794,California
San Luis Obispo,2021-01-22,1519,22030,505,11599,1014,10431,0,0,1204,13995,313,4003,1204,17998,California
San Luis Obispo,2021-01-23,311,22341,293,11892,18,10449,0,0,295,14274,16,4019,295,18293,California
San Luis Obispo,2021-01-24,245,22586,236,12128,9,10458,0,0,239,14507,6,4025,239,18532,California
San Luis Obispo,2021-01-25,2076,24662,601,12729,1475,11933,0,0,1247,14925,829,4854,1247,19779,California
San Luis Obispo,2021-01-26,2000,26662,699,13428,1301,13234,0,0,1139,15203,861,5715,1139,20918,California
San Luis Obispo,2021-01-27,1609,28271,283,13711,1326,14560,0,0,1151,15896,458,6173,1151,22069,California
San Luis Obispo,2021-01-28,1496,29767,344,14055,1152,15712,0,0,1233,16868,261,6434,1233,23302,California
San Luis Obispo,2021-01-29,1737,31504,681,14736,1056,16768,0,0,1452,18035,285,6719,1452,24754,California
San Luis Obispo,2021-01-30,38,31542,19,14755,19,16787,0,0,26,18050,11,6730,26,24780,California
San Luis Obispo,2021-01-31,27,31569,19,14774,8,16795,0,0,25,18073,2,6732,25,24805,California
San Luis Obispo,2021-02-01,1711,33280,741,15515,970,17765,0,0,1408,19179,302,7034,1408,26213,California
San Luis Obispo,2021-02-02,1898,35178,679,16194,1219,18984,0,0,1522,20325,376,7410,1522,27735,California
San Luis Obispo,2021-02-03,1708,36886,729,16923,979,19963,0,0,1294,21205,414,7824,1294,29029,California
San Luis Obispo,2021-02-04,1660,38546,802,17725,858,20821,0,0,1093,21732,567,8391,1094,30123,California
San Luis Obispo,2021-02-05,1604,40150,715,18440,889,21710,0,0,1060,22248,545,8936,1061,31184,California
San Luis Obispo,2021-02-06,175,40325,108,18548,67,21777,0,0,95,22263,80,9016,95,31279,California
San Luis Obispo,2021-02-07,125,40450,80,18628,45,21822,0,0,72,22283,53,9069,73,31352,California
San Luis Obispo,2021-02-08,857,41307,469,19097,388,22210,0,0,499,22425,357,9426,499,31851,California
San Luis Obispo,2021-02-09,1124,42431,449,19546,675,22885,0,0,543,22400,575,10001,550,32401,California
San Luis Obispo,2021-02-10,1438,43869,489,20035,949,23834,0,0,530,22026,907,10908,533,32934,California
San Luis Obispo,2021-02-11,1330,45199,843,20878,487,24321,0,0,656,22010,672,11580,656,33590,California
San Luis Obispo,2021-02-12,786,45985,362,21240,424,24745,0,0,421,22066,365,11945,421,34011,California
San Luis Obispo,2021-02-13,394,46379,127,21367,267,25012,0,0,286,22245,107,12052,286,34297,California
San Luis Obispo,2021-02-14,318,46697,41,21408,277,25289,0,0,282,22492,36,12088,283,34580,California
San Luis Obispo,2021-02-15,728,47425,138,21546,590,25879,0,0,474,22713,253,12341,474,35054,California
San Luis Obispo,2021-02-16,2965,50390,1198,22744,1767,27646,0,0,1359,22466,1606,13947,1359,36413,California
San Luis Obispo,2021-02-17,2779,53169,1238,23982,1541,29187,0,0,1029,21754,1741,15688,1029,37442,California
San Luis Obispo,2021-02-18,2828,55997,1461,25443,1367,30554,0,0,1135,21205,1685,17373,1136,38578,California
San Luis Obispo,2021-02-19,1460,57457,1338,26781,122,30676,0,0,1134,22014,325,17698,1134,39712,California
San Luis Obispo,2021-02-20,255,57712,81,26862,174,30850,0,0,216,22191,39,17737,216,39928,California
San Luis Obispo,2021-02-21,57,57769,53,26915,4,30854,0,0,32,22198,25,17762,32,39960,California
San Luis Obispo,2021-02-22,2412,60181,1865,28780,547,31401,0,0,1466,22719,946,18708,1467,41427,California
San Luis Obispo,2021-02-23,1861,62042,1746,30526,115,31516,0,0,1366,23592,494,19202,1367,42794,California
San Luis Obispo,2021-02-24,2645,64687,1301,31827,1344,32860,0,0,835,22620,1807,21009,835,43629,California
San Luis Obispo,2021-02-25,2132,66819,1243,33070,889,33749,0,0,1206,22907,920,21929,1207,44836,California
San Luis Obispo,2021-02-26,2649,69468,1150,34220,1499,35248,0,0,1326,22919,1314,23243,1326,46162,California
San Luis Obispo,2021-02-27,575,70043,349,34569,226,35474,0,0,525,23394,50,23293,525,46687,California
San Luis Obispo,2021-02-28,197,70240,69,34638,128,35602,0,0,161,23520,35,23328,161,46848,California
San Luis Obispo,2021-03-01,3004,73244,1877,36515,1125,36727,2,2,2074,24666,931,24259,2077,48925,California
San Luis Obispo,2021-03-02,3027,76271,1910,38425,1117,37844,0,2,1874,25393,1148,25407,1875,50800,California
San Luis Obispo,2021-03-03,2343,78614,339,38764,2004,39848,0,2,849,24756,1488,26895,851,51651,California
San Luis Obispo,2021-03-04,2197,80811,1160,39924,1037,40885,0,2,1181,24926,1013,27908,1183,52834,California
San Luis Obispo,2021-03-05,2301,83112,1021,40945,1210,42095,70,72,1297,25303,990,28898,1367,54201,California
San Luis Obispo,2021-03-06,837,83949,310,41255,420,42515,107,179,617,25801,220,29118,718,54919,California
San Luis Obispo,2021-03-07,201,84150,33,41288,84,42599,84,263,73,25831,127,29245,157,55076,California
San Luis Obispo,2021-03-08,2738,86888,760,42048,1662,44261,316,579,1543,26500,1190,30435,1859,56935,California
San Luis Obispo,2021-03-09,2950,89838,968,43016,1734,45995,248,827,1526,26854,1420,31855,1774,58709,California
San Luis Obispo,2021-03-10,3196,93034,1241,44257,1673,47668,282,1109,1814,27572,1378,33233,2096,60805,California
San Luis Obispo,2021-03-11,3297,96331,1272,45529,1702,49370,323,1432,1805,28217,1482,34715,2127,62932,California
San Luis Obispo,2021-03-12,3252,99583,1282,46811,1632,51002,338,1770,1618,28550,1626,36341,1959,64891,California
San Luis Obispo,2021-03-13,798,100381,262,47073,427,51429,109,1879,432,28728,365,36706,543,65434,California
San Luis Obispo,2021-03-14,514,100895,53,47126,350,51779,111,1990,134,28594,379,37085,245,65679,California
San Luis Obispo,2021-03-15,3059,103954,1098,48224,1863,53642,98,2088,1529,28696,1526,38611,1628,67307,California
San Luis Obispo,2021-03-16,2849,106803,1510,49734,1229,54871,110,2198,1435,28832,1408,40019,1544,68851,California
San Luis Obispo,2021-03-17,3436,110239,1449,51183,1726,56597,261,2459,1989,29645,1436,41455,2249,71100,California
San Luis Obispo,2021-03-18,2810,113049,1447,52630,1149,57746,214,2673,1337,29727,1468,42923,1550,72650,California
San Luis Obispo,2021-03-19,2590,115639,1567,54197,702,58448,321,2994,958,29384,1624,44547,1281,73931,California
San Luis Obispo,2021-03-20,840,116479,502,54699,301,58749,37,3031,386,29354,453,45000,423,74354,California
San Luis Obispo,2021-03-21,187,116666,45,54744,139,58888,3,3034,157,29485,29,45029,160,74514,California
San Luis Obispo,2021-03-22,2697,119363,1171,55915,1478,60366,48,3082,1867,30574,826,45855,1915,76429,California
San Luis Obispo,2021-03-23,3381,122744,2211,58126,1138,61504,32,3114,2263,31756,1113,46968,2295,78724,California
San Luis Obispo,2021-03-24,3526,126270,2146,60272,1295,62799,85,3199,2624,33568,896,47864,2708,81432,California
San Luis Obispo,2021-03-25,3684,129954,2300,62572,1372,64171,12,3211,2636,35171,1044,48908,2647,84079,California
San Luis Obispo,2021-03-26,3232,133186,1792,64364,1007,65178,433,3644,1808,35997,1419,50327,2245,86324,California
San Luis Obispo,2021-03-27,994,134180,507,64871,395,65573,92,3736,452,36001,540,50867,544,86868,California
San Luis Obispo,2021-03-28,446,134626,153,65024,237,65810,56,3792,245,36102,200,51067,301,87169,California
San Luis Obispo,2021-03-29,2598,137224,1297,66321,1168,66978,133,3925,1658,36967,926,51993,1791,88960,California
San Luis Obispo,2021-03-30,3513,140737,1921,68242,1449,68427,143,4068,2336,38275,1170,53163,2478,91438,California
San Luis Obispo,2021-03-31,3879,144616,2467,70709,1266,69693,146,4214,2500,39552,1368,54531,2645,94083,California
San Luis Obispo,2021-04-01,3865,148481,2439,73148,1307,71000,119,4333,2703,41226,1149,55680,2823,96906,California
San Luis Obispo,2021-04-02,1750,150231,689,73837,748,71748,313,4646,950,41689,798,56478,1261,98167,California
San Luis Obispo,2021-04-03,1110,151341,557,74394,426,72174,127,4773,493,41696,613,57091,620,98787,California
San Luis Obispo,2021-04-04,383,151724,131,74525,212,72386,40,4813,236,41825,147,57238,276,99063,California
San Luis Obispo,2021-04-05,3619,155343,1949,76474,1558,73944,112,4925,2025,42375,1590,58828,2140,101203,California
San Luis Obispo,2021-04-06,4055,159398,2159,78633,1573,75517,323,5248,1939,42543,2107,60935,2275,103478,California
San Luis Obispo,2021-04-07,4311,163709,2347,80980,1598,77115,366,5614,2460,43541,1836,62771,2834,106312,California
San Luis Obispo,2021-04-08,4053,167762,2205,83185,1442,78557,406,6020,2159,44228,1887,64658,2574,108886,California
San Luis Obispo,2021-04-09,3680,171442,1753,84938,1167,79724,760,6780,1513,44344,2156,66814,2272,111158,California
San Luis Obispo,2021-04-10,1587,173029,567,85505,355,80079,665,7445,496,44412,1091,67905,1159,112317,California
San Luis Obispo,2021-04-11,314,173343,63,85568,186,80265,65,7510,125,44415,187,68092,190,112507,California
San Luis Obispo,2021-04-12,3399,176742,1710,87278,1526,81791,163,7673,1422,44032,1977,70069,1594,114101,California
San Luis Obispo,2021-04-13,3656,180398,2110,89388,1545,83336,1,7674,1969,44322,1684,71753,1974,116075,California
San Luis Obispo,2021-04-14,3519,183917,1986,91374,1528,84864,5,7679,1768,44355,1736,73489,1769,117844,California
San Luis Obispo,2021-04-15,3700,187617,2410,93784,1289,86153,1,7680,1981,44637,1701,75190,1983,119827,California
San Luis Obispo,2021-04-16,3635,191252,2215,95999,1416,87569,4,7684,1788,44585,1842,77032,1790,121617,California
San Luis Obispo,2021-04-17,1093,192345,431,96430,660,88229,2,7686,711,44917,381,77413,713,122330,California
San Luis Obispo,2021-04-18,321,192666,99,96529,221,88450,1,7687,111,44821,207,77620,111,122441,California
San Luis Obispo,2021-04-19,3175,195841,1326,97855,1811,90261,38,7725,1124,43942,2043,79663,1164,123605,California
San Luis Obispo,2021-04-20,3579,199420,1983,99838,1596,91857,0,7725,1342,43061,2224,81887,1343,124948,California
San Luis Obispo,2021-04-21,3918,203338,1804,101642,2114,93971,0,7725,1592,42348,2305,84192,1592,126540,California
San Luis Obispo,2021-04-22,4589,207927,2058,103700,2531,96502,0,7725,1433,40644,3139,87331,1435,127975,California
San Luis Obispo,2021-04-23,1460,209387,843,104543,613,97115,4,7729,699,40598,756,88087,710,128685,California
San Luis Obispo,2021-04-24,1079,210466,439,104982,621,97736,19,7748,505,40541,581,88668,524,129209,California
San Luis Obispo,2021-04-25,346,210812,161,105143,185,97921,0,7748,113,40422,232,88900,113,129322,California
San Luis Obispo,2021-04-26,964,211776,336,105479,611,98532,17,7765,357,40200,595,89495,373,129695,California
San Luis Obispo,2021-04-27,3734,215510,1939,107418,1725,100257,70,7835,1431,39408,2292,91787,1500,131195,California
San Luis Obispo,2021-04-28,3729,219239,2089,109507,1568,101825,72,7907,1278,38322,2436,94223,1350,132545,California
San Luis Obispo,2021-04-29,3661,222900,2112,111619,1480,103305,69,7976,1214,37173,2433,96656,1284,133829,California
San Luis Obispo,2021-04-30,2974,225874,1668,113287,1232,104537,74,8050,928,36144,2029,98685,1000,134829,California
San Luis Obispo,2021-05-01,473,226347,161,113448,276,104813,36,8086,100,35910,369,99054,135,134964,California
San Luis Obispo,2021-05-02,170,226517,52,113500,98,104911,20,8106,42,35844,128,99182,62,135026,California
San Luis Obispo,2021-05-03,887,227404,290,113790,494,105405,103,8209,225,35509,661,99843,326,135352,California
San Luis Obispo,2021-05-04,2923,230327,1897,115687,963,106368,63,8272,863,34380,2052,101895,923,136275,California
San Luis Obispo,2021-05-05,2805,233132,1851,117538,888,107256,66,8338,688,33029,2106,104001,755,137030,California
San Luis Obispo,2021-05-06,2801,235933,1887,119425,854,108110,60,8398,731,31765,2055,106056,791,137821,California
San Luis Obispo,2021-05-07,2315,238248,1755,121180,498,108608,62,8460,607,30750,1687,107743,672,138493,California
San Luis Obispo,2021-05-08,566,238814,333,121513,209,108817,24,8484,191,30608,357,108100,215,138708,California
San Luis Obispo,2021-05-09,164,238978,41,121554,104,108921,19,8503,46,30556,117,108217,65,138773,California
San Luis Obispo,2021-05-10,720,239698,151,121705,521,109442,48,8551,153,30194,562,108779,200,138973,California
San Luis Obispo,2021-05-11,1165,240863,596,122301,499,109941,70,8621,357,29817,804,109583,427,139400,California
San Luis Obispo,2021-05-12,2365,243228,1576,123877,707,110648,82,8703,660,28869,1690,111273,742,140142,California
San Luis Obispo,2021-05-13,1038,244266,650,124527,329,110977,59,8762,445,28783,589,111862,503,140645,California
San Luis Obispo,2021-05-14,2206,246472,1619,126146,543,111520,44,8806,917,28474,1272,113134,963,141608,California
San Luis Obispo,2021-05-15,994,247466,459,126605,501,112021,34,8840,471,28459,521,113655,506,142114,California
San Luis Obispo,2021-05-16,305,247771,163,126768,136,112157,6,8846,172,28505,132,113787,178,142292,California
San Luis Obispo,2021-05-17,1658,249429,964,127732,642,112799,52,8898,667,28243,982,114769,720,143012,California
San Luis Obispo,2021-05-18,1888,251317,1150,128882,706,113505,32,8930,725,27843,1158,115927,758,143770,California
San Luis Obispo,2021-05-19,1447,252764,623,129505,761,114266,63,8993,416,27295,1026,116953,478,144248,California
San Luis Obispo,2021-05-20,974,253738,444,129949,499,114765,31,9024,274,26911,689,117642,305,144553,California
San Luis Obispo,2021-05-21,864,254602,488,130437,339,115104,37,9061,405,26903,450,118092,442,144995,California
San Luis Obispo,2021-05-22,533,255135,282,130719,226,115330,25,9086,283,26967,243,118335,307,145302,California
San Luis Obispo,2021-05-23,74,255209,43,130762,27,115357,4,9090,33,26963,41,118376,37,145339,California
San Luis Obispo,2021-05-24,562,255771,261,131023,266,115623,35,9125,220,26878,340,118716,255,145594,California
San Luis Obispo,2021-05-25,849,256620,425,131448,402,116025,22,9147,355,26767,488,119204,377,145971,California
San Luis Obispo,2021-05-26,2029,258649,960,132408,1015,117040,54,9201,661,26116,1364,120568,713,146684,California
San Luis Obispo,2021-05-27,1792,260441,641,133049,1118,118158,33,9234,471,25304,1316,121884,504,147188,California
San Luis Obispo,2021-05-28,871,261312,460,133509,390,118548,21,9255,462,25381,407,122291,484,147672,California
San Luis Obispo,2021-05-29,373,261685,155,133664,206,118754,12,9267,210,25442,162,122453,223,147895,California
San Luis Obispo,2021-05-30,86,261771,36,133700,43,118797,7,9274,34,25431,51,122504,40,147935,California
San Luis Obispo,2021-05-31,39,261810,4,133704,21,118818,14,9288,13,25433,24,122528,26,147961,California
San Luis Obispo,2021-06-01,732,262542,319,134023,381,119199,32,9320,263,25262,465,122993,294,148255,California
San Luis Obispo,2021-06-02,603,263145,282,134305,284,119483,37,9357,183,25064,416,123409,218,148473,California
San Luis Obispo,2021-06-03,252,263397,16,134321,228,119711,8,9365,35,24892,215,123624,43,148516,California
San Mateo,2020-12-15,26,26,26,26,0,0,0,0,26,26,0,0,26,26,California
San Mateo,2020-12-16,111,137,111,137,0,0,0,0,111,137,0,0,111,137,California
San Mateo,2020-12-17,164,301,164,301,0,0,0,0,164,301,0,0,164,301,California
San Mateo,2020-12-18,741,1042,739,1040,2,2,0,0,741,1042,0,0,741,1042,California
San Mateo,2020-12-19,514,1556,514,1554,0,2,0,0,514,1556,0,0,514,1556,California
San Mateo,2020-12-20,524,2080,523,2077,1,3,0,0,524,2080,0,0,524,2080,California
San Mateo,2020-12-21,1182,3262,1182,3259,0,3,0,0,1182,3262,0,0,1182,3262,California
San Mateo,2020-12-22,1567,4829,1559,4818,8,11,0,0,1567,4829,0,0,1567,4829,California
San Mateo,2020-12-23,1612,6441,1421,6239,191,202,0,0,1612,6441,0,0,1612,6441,California
San Mateo,2020-12-24,888,7329,631,6870,257,459,0,0,888,7329,0,0,888,7329,California
San Mateo,2020-12-25,119,7448,115,6985,4,463,0,0,119,7448,0,0,119,7448,California
San Mateo,2020-12-26,562,8010,419,7404,143,606,0,0,562,8010,0,0,562,8010,California
San Mateo,2020-12-27,305,8315,175,7579,130,736,0,0,305,8315,0,0,305,8315,California
San Mateo,2020-12-28,1058,9373,712,8291,346,1082,0,0,1058,9373,0,0,1058,9373,California
San Mateo,2020-12-29,1131,10504,705,8996,426,1508,0,0,1131,10504,0,0,1131,10504,California
San Mateo,2020-12-30,1264,11768,759,9755,505,2013,0,0,1264,11768,0,0,1264,11768,California
San Mateo,2020-12-31,718,12486,231,9986,487,2500,0,0,717,12484,1,1,717,12485,California
San Mateo,2021-01-01,92,12578,62,10048,30,2530,0,0,92,12576,0,1,92,12577,California
San Mateo,2021-01-02,398,12976,268,10316,130,2660,0,0,398,12974,0,1,398,12975,California
San Mateo,2021-01-03,284,13260,209,10525,75,2735,0,0,281,13252,3,4,281,13256,California
San Mateo,2021-01-04,1051,14311,678,11203,373,3108,0,0,1051,14303,0,4,1051,14307,California
San Mateo,2021-01-05,1207,15518,711,11914,496,3604,0,0,1178,15453,29,33,1179,15486,California
San Mateo,2021-01-06,1454,16972,955,12869,499,4103,0,0,1270,16543,181,214,1271,16757,California
San Mateo,2021-01-07,1459,18431,810,13679,649,4752,0,0,1170,17432,282,496,1171,17928,California
San Mateo,2021-01-08,1846,20277,1195,14874,651,5403,0,0,1149,17892,690,1186,1150,19078,California
San Mateo,2021-01-09,1178,21455,776,15650,402,5805,0,0,720,18154,458,1644,720,19798,California
San Mateo,2021-01-10,706,22161,577,16227,129,5934,0,0,266,17980,440,2084,266,20064,California
San Mateo,2021-01-11,2601,24762,1493,17720,1108,7042,0,0,1528,18436,1074,3158,1530,21594,California
San Mateo,2021-01-12,3404,28166,1895,19615,1509,8551,0,0,2215,19468,1187,4345,2219,23813,California
San Mateo,2021-01-13,3394,31560,1656,21271,1738,10289,0,0,2357,20790,1037,5382,2359,26172,California
San Mateo,2021-01-14,3782,35342,1587,22858,2195,12484,0,0,3095,23203,687,6069,3100,29272,California
San Mateo,2021-01-15,4329,39671,1710,24568,2619,15103,0,0,3797,26472,530,6599,3799,33071,California
San Mateo,2021-01-16,3074,42745,764,25332,2310,17413,0,0,2751,28902,322,6921,2752,35823,California
San Mateo,2021-01-17,1321,44066,308,25640,1013,18426,0,0,1113,29807,208,7129,1113,36936,California
San Mateo,2021-01-18,1374,45440,539,26179,835,19261,0,0,996,30428,375,7504,996,37932,California
San Mateo,2021-01-19,2805,48245,1799,27978,1006,20267,0,0,2005,31636,797,8301,2005,39937,California
San Mateo,2021-01-20,2805,51050,1548,29526,1257,21524,0,0,1961,32757,841,9142,1962,41899,California
San Mateo,2021-01-21,2860,53910,1302,30828,1558,23082,0,0,2267,34436,591,9733,2270,44169,California
San Mateo,2021-01-22,2803,56713,1138,31966,1665,24747,0,0,2503,36642,298,10031,2504,46673,California
San Mateo,2021-01-23,2883,59596,1689,33655,1194,25941,0,0,2520,38800,363,10394,2521,49194,California
San Mateo,2021-01-24,1519,61115,375,34030,1144,27085,0,0,1208,39699,310,10704,1209,50403,California
San Mateo,2021-01-25,4436,65551,3156,37186,1280,28365,0,0,3535,42339,899,11603,3539,53942,California
San Mateo,2021-01-26,4323,69874,2997,40183,1326,29691,0,0,3397,44812,925,12528,3398,57340,California
San Mateo,2021-01-27,2819,72693,1477,41660,1342,31033,0,0,1818,45636,995,13523,1819,59159,California
San Mateo,2021-01-28,2803,75496,1355,43015,1448,32481,0,0,1948,46744,840,14363,1948,61107,California
San Mateo,2021-01-29,3005,78501,1350,44365,1655,34136,0,0,2164,48072,839,15202,2167,63274,California
San Mateo,2021-01-30,3415,81916,1482,45847,1933,36069,0,0,2954,50567,460,15662,2955,66229,California
San Mateo,2021-01-31,1691,83607,903,46750,788,36857,0,0,1529,51935,161,15823,1529,67758,California
San Mateo,2021-02-01,2944,86551,1356,48106,1588,38445,0,0,2225,53446,715,16538,2226,69984,California
San Mateo,2021-02-02,3231,89782,1740,49846,1491,39936,0,0,2203,54624,1025,17563,2203,72187,California
San Mateo,2021-02-03,4999,94781,2062,51908,2937,42873,0,0,3854,57336,1143,18706,3855,76042,California
San Mateo,2021-02-04,6202,100983,2495,54403,3707,46580,0,0,4922,60987,1275,19981,4926,80968,California
San Mateo,2021-02-05,6807,107790,2559,56962,4248,50828,0,0,4978,64153,1812,21793,4978,85946,California
San Mateo,2021-02-06,3283,111073,1914,58876,1369,52197,0,0,2625,66123,657,22450,2627,88573,California
San Mateo,2021-02-07,1905,112978,1352,60228,553,52750,0,0,1713,67644,192,22642,1713,90286,California
San Mateo,2021-02-08,5300,118278,2265,62493,3035,55785,0,0,3122,68653,2113,24755,3122,93408,California
San Mateo,2021-02-09,6190,124468,3228,65721,2962,58747,0,0,3342,69153,2842,27597,3342,96750,California
San Mateo,2021-02-10,6517,130985,3280,69001,3237,61984,0,0,3426,69499,3080,30677,3426,100176,California
San Mateo,2021-02-11,7048,138033,3574,72575,3474,65458,0,0,3788,70039,3251,33928,3791,103967,California
San Mateo,2021-02-12,6638,144671,2966,75541,3672,69130,0,0,4705,72817,1929,35857,4707,108674,California
San Mateo,2021-02-13,6120,150791,4021,79562,2099,71229,0,0,2639,71980,3476,39333,2639,111313,California
San Mateo,2021-02-14,4643,155434,3025,82587,1618,72847,0,0,1983,71311,2653,41986,1984,113297,California
San Mateo,2021-02-15,3166,158600,1456,84043,1710,74557,0,0,1787,71726,1373,43359,1788,115085,California
San Mateo,2021-02-16,7161,165761,1883,85926,5278,79835,0,0,5282,75133,1877,45236,5284,120369,California
San Mateo,2021-02-17,7079,172840,1951,87877,5128,84963,0,0,5049,78158,2026,47262,5051,125420,California
San Mateo,2021-02-18,6665,179505,4600,92477,2065,87028,0,0,4436,80372,2225,49487,4439,129859,California
San Mateo,2021-02-19,7782,187287,5587,98064,2195,89223,0,0,5778,84153,1997,51484,5778,135637,California
San Mateo,2021-02-20,3739,191026,2424,100488,1315,90538,0,0,2306,85033,1426,52910,2306,137943,California
San Mateo,2021-02-21,2613,193639,1773,102261,840,91378,0,0,1559,85545,1047,53957,1559,139502,California
San Mateo,2021-02-22,4435,198074,3217,105478,1218,92596,0,0,2799,86715,1630,55587,2800,142302,California
San Mateo,2021-02-23,4353,202427,3110,108588,1243,93839,0,0,2529,87428,1816,57403,2529,144831,California
San Mateo,2021-02-24,7312,209739,3287,111875,4025,97864,0,0,4869,89864,2434,59837,4870,149701,California
San Mateo,2021-02-25,9119,218858,4031,115906,5088,102952,0,0,6036,92834,3067,62904,6037,155738,California
San Mateo,2021-02-26,9783,228641,3726,119632,6057,109009,0,0,6845,96759,2924,65828,6849,162587,California
San Mateo,2021-02-27,6794,235435,3498,123130,3295,112304,1,1,3684,97345,3104,68932,3690,166277,California
San Mateo,2021-02-28,4135,239570,2520,125650,1615,113919,0,1,2555,98327,1574,70506,2556,168833,California
San Mateo,2021-03-01,5757,245327,3628,129278,2127,116046,2,3,2864,98315,2878,73384,2866,171699,California
San Mateo,2021-03-02,6272,251599,4458,133736,1813,117859,1,4,3606,99265,2658,76042,3608,175307,California
San Mateo,2021-03-03,8476,260075,3992,137728,4482,122341,2,6,3661,98125,4803,80845,3663,178970,California
San Mateo,2021-03-04,8526,268601,4010,141738,4513,126854,3,9,3857,97338,4649,85494,3862,182832,California
San Mateo,2021-03-05,9367,277968,6243,147981,3120,129974,4,13,6580,101158,2767,88261,6587,189419,California
San Mateo,2021-03-06,7976,285944,5555,153536,2246,132220,175,188,5855,105076,2111,90372,6029,195448,California
San Mateo,2021-03-07,3612,289556,2451,155987,1090,133310,71,259,2135,105809,1473,91845,2206,197654,California
San Mateo,2021-03-08,4546,294102,2579,158566,1750,135060,217,476,3320,108125,1219,93064,3535,201189,California
San Mateo,2021-03-09,5342,299444,2868,161434,2197,137257,277,753,3746,110559,1585,94649,4019,205208,California
San Mateo,2021-03-10,7215,306659,2913,164347,4017,141274,285,1038,4819,113279,2383,97032,5103,210311,California
San Mateo,2021-03-11,9159,315818,5760,170107,3006,144280,393,1431,3736,112015,5392,102424,4128,214439,California
San Mateo,2021-03-12,10626,326444,6701,176808,3538,147818,387,1818,3603,109004,7005,109429,3994,218433,California
San Mateo,2021-03-13,8228,334672,3514,180322,3081,150899,1633,3451,3989,110392,4227,113656,5615,224048,California
San Mateo,2021-03-14,5013,339685,3384,183706,1522,152421,107,3558,2675,110844,2331,115987,2783,226831,California
San Mateo,2021-03-15,7225,346910,4671,188377,2378,154799,176,3734,3810,111422,3409,119396,3987,230818,California
San Mateo,2021-03-16,11969,358879,4407,192784,7440,162239,122,3856,4832,109259,7120,126516,4957,235775,California
San Mateo,2021-03-17,10893,369772,4432,197216,6333,168572,128,3984,4924,108372,5942,132458,5055,240830,California
San Mateo,2021-03-18,7319,377091,4114,201330,3022,171594,183,4167,4344,109930,2968,135426,4526,245356,California
San Mateo,2021-03-19,7482,384573,4841,206171,1971,173565,670,4837,3654,110436,3818,139244,4324,249680,California
San Mateo,2021-03-20,8427,393000,6539,212710,1546,175111,342,5179,5435,113234,2978,142222,5776,255456,California
San Mateo,2021-03-21,4253,397253,3221,215931,798,175909,234,5413,2380,113983,1862,144084,2611,258067,California
San Mateo,2021-03-22,5294,402547,3605,219536,1268,177177,421,5834,2839,114802,2441,146525,3260,261327,California
San Mateo,2021-03-23,9846,412393,4506,224042,5144,182321,196,6030,4426,114033,5390,151915,4621,265948,California
San Mateo,2021-03-24,9531,421924,5518,229560,3868,186189,145,6175,4095,112906,5365,157280,4238,270186,California
San Mateo,2021-03-25,10148,432072,4980,234540,4888,191077,280,6455,4459,112064,5584,162864,4742,274928,California
San Mateo,2021-03-26,11292,443364,7780,242320,3346,194423,166,6621,4351,109687,6902,169766,4525,279453,California
San Mateo,2021-03-27,10593,453957,8111,250431,2375,196798,107,6728,4682,108581,5892,175658,4786,284239,California
San Mateo,2021-03-28,4306,458263,2794,253225,1400,198198,112,6840,2017,108432,2279,177937,2130,286369,California
San Mateo,2021-03-29,6080,464343,3788,257013,2040,200238,252,7092,2763,108150,3298,181235,3016,289385,California
San Mateo,2021-03-30,7168,471511,4095,261108,2920,203158,153,7245,3847,108846,3305,184540,4001,293386,California
San Mateo,2021-03-31,7311,478822,4628,265736,2541,205699,142,7387,3858,109413,3434,187974,4001,297387,California
San Mateo,2021-04-01,10624,489446,5250,270986,4165,209864,1209,8596,5693,111427,4885,192859,6899,304286,California
San Mateo,2021-04-02,10906,500352,5226,276212,4065,213929,1615,10211,5709,113578,5176,198035,7327,311613,California
San Mateo,2021-04-03,10011,510363,5756,281968,2475,216404,1780,11991,5113,115583,4889,202924,6894,318507,California
San Mateo,2021-04-04,5454,515817,2628,284596,1572,217976,1254,13245,1701,114799,3738,206662,2954,321461,California
San Mateo,2021-04-05,9001,524818,4801,289397,2460,220436,1740,14985,3839,115229,5145,211807,5575,327036,California
San Mateo,2021-04-06,13239,538057,8258,297655,3120,223556,1861,16846,7524,118918,5701,217508,9390,336426,California
San Mateo,2021-04-07,11444,549501,5288,302943,4462,228018,1694,18540,4850,118889,6573,224081,6544,342970,California
San Mateo,2021-04-08,10196,559697,5075,308018,2514,230532,2607,21147,4513,120338,5666,229747,7115,350085,California
San Mateo,2021-04-09,11381,571078,5538,313556,3354,233886,2489,23636,5106,121672,6273,236020,7607,357692,California
San Mateo,2021-04-10,11287,582365,5723,319279,4120,238006,1444,25080,4671,121207,6589,242609,6124,363816,California
San Mateo,2021-04-11,6646,589011,3300,322579,877,238883,2469,27549,2312,121657,4326,246935,4776,368592,California
San Mateo,2021-04-12,7338,596349,4480,327059,1892,240775,966,28515,3548,122402,3769,250704,4514,373106,California
San Mateo,2021-04-13,8198,604547,5109,332168,3080,243855,9,28524,4344,122913,3846,254550,4357,377463,California
San Mateo,2021-04-14,8320,612867,5376,337544,2943,246798,1,28525,4255,123128,4048,258598,4263,381726,California
San Mateo,2021-04-15,11119,623986,7390,344934,3727,250525,2,28527,7266,126569,3828,262426,7269,388995,California
San Mateo,2021-04-16,9986,633972,6877,351811,3093,253618,16,28543,6328,129280,3638,266064,6349,395344,California
San Mateo,2021-04-17,9770,643742,6482,358293,3286,256904,2,28545,6165,131857,3595,269659,6172,401516,California
San Mateo,2021-04-18,5437,649179,2600,360893,2837,259741,0,28545,3663,133762,1764,271423,3669,405185,California
San Mateo,2021-04-19,8387,657566,5455,366348,2932,262673,0,28545,5451,136300,2922,274345,5460,410645,California
San Mateo,2021-04-20,10317,667883,5747,372095,4569,267242,1,28546,6636,139287,3660,278005,6647,417292,California
San Mateo,2021-04-21,9016,676899,6089,378184,2927,270169,0,28546,5565,141425,3433,281438,5571,422863,California
San Mateo,2021-04-22,9603,686502,6417,384601,3185,273354,1,28547,5329,142516,4243,285681,5334,428197,California
San Mateo,2021-04-23,9459,695961,6215,390816,3244,276598,0,28547,5299,143696,4134,289815,5314,433511,California
San Mateo,2021-04-24,11279,707240,8041,398857,3238,279836,0,28547,5811,144070,5445,295260,5819,439330,California
San Mateo,2021-04-25,5536,712776,3869,402726,1665,281501,2,28549,3933,146425,1589,296849,3944,443274,California
San Mateo,2021-04-26,6328,719104,4625,407351,1695,283196,8,28557,3645,147418,2672,299521,3665,446939,California
San Mateo,2021-04-27,11075,730179,7864,415215,3097,286293,114,28671,4471,145434,6574,306095,4590,451529,California
San Mateo,2021-04-28,7684,737863,4435,419650,3045,289338,204,28875,4023,146014,3651,309746,4231,455760,California
San Mateo,2021-04-29,7934,745797,3719,423369,4041,293379,174,29049,3510,145314,4396,314142,3696,459456,California
San Mateo,2021-04-30,8084,753881,5070,428439,2860,296239,154,29203,3414,144251,4645,318787,3582,463038,California
San Mateo,2021-05-01,6158,760039,4128,432567,1912,298151,118,29321,2664,143566,3478,322265,2793,465831,California
San Mateo,2021-05-02,3180,763219,1744,434311,1365,299516,71,29392,1147,142763,2025,324290,1222,467053,California
San Mateo,2021-05-03,5987,769206,4466,438777,1377,300893,144,29536,1848,140624,4131,328421,1992,469045,California
San Mateo,2021-05-04,7254,776460,4917,443694,2165,303058,172,29708,2483,138525,4766,333187,2667,471712,California
San Mateo,2021-05-05,6842,783302,4466,448160,2216,305274,160,29868,2376,136628,4436,337623,2539,474251,California
San Mateo,2021-05-06,8541,791843,6665,454825,1701,306975,175,30043,1743,131771,6779,344402,1922,476173,California
San Mateo,2021-05-07,8198,800041,5860,460685,2053,309028,285,30328,1828,127550,6345,350747,2124,478297,California
San Mateo,2021-05-08,6651,806692,4029,464714,2383,311411,239,30567,1834,124823,4805,355552,2078,480375,California
San Mateo,2021-05-09,3117,809809,2430,467144,613,312024,74,30641,1056,123900,2053,357605,1130,481505,California
San Mateo,2021-05-10,4617,814426,3318,470462,1129,313153,170,30811,765,121001,3842,361447,943,482448,California
San Mateo,2021-05-11,6500,820926,4868,475330,1518,314671,114,30925,1667,117962,4821,366268,1782,484230,California
San Mateo,2021-05-12,6407,827333,4617,479947,1600,316271,190,31115,1539,114836,4858,371126,1732,485962,California
San Mateo,2021-05-13,8938,836271,6689,486636,2163,318434,86,31201,3289,112603,5617,376743,3384,489346,California
San Mateo,2021-05-14,8340,844611,6152,492788,2076,320510,112,31313,2702,109800,5624,382367,2821,492167,California
San Mateo,2021-05-15,10401,855012,8104,500892,2196,322706,101,31414,4555,108646,5832,388199,4678,496845,California
San Mateo,2021-05-16,7167,862179,5104,505996,1994,324700,69,31483,2206,105980,4943,393142,2277,499122,California
San Mateo,2021-05-17,7039,869218,4979,510975,1951,326651,109,31592,2209,103486,4815,397957,2321,501443,California
San Mateo,2021-05-18,8458,877676,5828,516803,2532,329183,98,31690,3155,101565,5178,403135,3257,504700,California
San Mateo,2021-05-19,7841,885517,5852,522655,1868,331051,121,31811,3706,101306,4087,407222,3828,508528,California
San Mateo,2021-05-20,4796,890313,3086,525741,1617,332668,93,31904,2037,100695,2740,409962,2129,510657,California
San Mateo,2021-05-21,6141,896454,4364,530105,1679,334347,98,32002,1804,98274,4321,414283,1900,512557,California
San Mateo,2021-05-22,5419,901873,3804,533909,1577,335924,38,32040,2224,97357,3180,417463,2263,514820,California
San Mateo,2021-05-23,2403,904276,1406,535315,941,336865,56,32096,969,96955,1427,418890,1025,515845,California
San Mateo,2021-05-24,3410,907686,2234,537549,1031,337896,145,32241,1191,96092,2197,421087,1334,517179,California
San Mateo,2021-05-25,4694,912380,2974,540523,1561,339457,159,32400,1680,94941,2992,424079,1841,519020,California
San Mateo,2021-05-26,5565,917945,2977,543500,2481,341938,107,32507,1843,93187,3704,427783,1950,520970,California
San Mateo,2021-05-27,3772,921717,2223,545723,1461,343399,88,32595,1405,92332,2344,430127,1489,522459,California
San Mateo,2021-05-28,3482,925199,2196,547919,1200,344599,86,32681,1381,91737,2061,432188,1466,523925,California
San Mateo,2021-05-29,3200,928399,2276,550195,873,345472,51,32732,1317,91247,1857,434045,1367,525292,California
San Mateo,2021-05-30,1623,930022,1100,551295,461,345933,62,32794,657,91010,956,435001,719,526011,California
San Mateo,2021-05-31,496,930518,331,551626,154,346087,11,32805,220,90966,275,435276,231,526242,California
San Mateo,2021-06-01,3349,933867,2005,553631,1246,347333,98,32903,1138,90002,2201,437477,1237,527479,California
San Mateo,2021-06-02,2711,936578,1790,555421,844,348177,77,32980,1169,89718,1528,439005,1244,528723,California
San Mateo,2021-06-03,1969,938547,1552,556973,372,348549,45,33025,440,88681,1521,440526,484,529207,California
Santa Barbara,2020-12-15,2,2,2,2,0,0,0,0,2,2,0,0,2,2,California
Santa Barbara,2020-12-16,2,4,2,4,0,0,0,0,2,4,0,0,2,4,California
Santa Barbara,2020-12-17,56,60,56,60,0,0,0,0,56,60,0,0,56,60,California
Santa Barbara,2020-12-18,379,439,378,438,1,1,0,0,379,439,0,0,379,439,California
Santa Barbara,2020-12-19,325,764,325,763,0,1,0,0,325,764,0,0,325,764,California
Santa Barbara,2020-12-20,235,999,235,998,0,1,0,0,235,999,0,0,235,999,California
Santa Barbara,2020-12-21,653,1652,651,1649,2,3,0,0,653,1652,0,0,653,1652,California
Santa Barbara,2020-12-22,245,1897,243,1892,2,5,0,0,245,1897,0,0,245,1897,California
Santa Barbara,2020-12-23,322,2219,204,2096,118,123,0,0,322,2219,0,0,322,2219,California
Santa Barbara,2020-12-24,88,2307,40,2136,48,171,0,0,88,2307,0,0,88,2307,California
Santa Barbara,2020-12-26,326,2633,66,2202,260,431,0,0,326,2633,0,0,326,2633,California
Santa Barbara,2020-12-27,62,2695,1,2203,61,492,0,0,62,2695,0,0,62,2695,California
Santa Barbara,2020-12-28,357,3052,224,2427,133,625,0,0,357,3052,0,0,357,3052,California
Santa Barbara,2020-12-29,553,3605,358,2785,195,820,0,0,553,3605,0,0,553,3605,California
Santa Barbara,2020-12-30,578,4183,395,3180,183,1003,0,0,578,4183,0,0,578,4183,California
Santa Barbara,2020-12-31,240,4423,114,3294,126,1129,0,0,240,4423,0,0,240,4423,California
Santa Barbara,2021-01-01,116,4539,110,3404,6,1135,0,0,116,4539,0,0,116,4539,California
Santa Barbara,2021-01-02,588,5127,222,3626,366,1501,0,0,588,5127,0,0,588,5127,California
Santa Barbara,2021-01-03,23,5150,15,3641,8,1509,0,0,23,5150,0,0,23,5150,California
Santa Barbara,2021-01-04,305,5455,242,3883,63,1572,0,0,304,5454,0,0,304,5454,California
Santa Barbara,2021-01-05,751,6206,378,4261,373,1945,0,0,724,6151,27,27,724,6178,California
Santa Barbara,2021-01-06,656,6862,276,4537,380,2325,0,0,595,6686,60,87,595,6773,California
Santa Barbara,2021-01-07,1035,7897,711,5248,324,2649,0,0,530,6715,501,588,530,7303,California
Santa Barbara,2021-01-08,1205,9102,845,6093,360,3009,0,0,711,6932,494,1082,711,8014,California
Santa Barbara,2021-01-09,566,9668,293,6386,273,3282,0,0,320,7006,246,1328,320,8334,California
Santa Barbara,2021-01-10,62,9730,50,6436,12,3294,0,0,46,7036,16,1344,46,8380,California
Santa Barbara,2021-01-11,839,10569,670,7106,169,3463,0,0,615,7428,223,1567,615,8995,California
Santa Barbara,2021-01-12,1434,12003,640,7746,794,4257,0,0,1278,8550,156,1723,1278,10273,California
Santa Barbara,2021-01-13,1220,13223,271,8017,949,5206,0,0,1093,9516,127,1850,1093,11366,California
Santa Barbara,2021-01-14,1255,14478,136,8153,1119,6325,0,0,1200,10663,54,1904,1201,12567,California
Santa Barbara,2021-01-15,1801,16279,419,8572,1382,7707,0,0,1720,12303,80,1984,1720,14287,California
Santa Barbara,2021-01-16,1270,17549,200,8772,1070,8777,0,0,1231,13496,38,2022,1231,15518,California
Santa Barbara,2021-01-17,123,17672,20,8792,103,8880,0,0,120,13613,3,2025,120,15638,California
Santa Barbara,2021-01-18,1152,18824,418,9210,734,9614,0,0,967,14395,185,2210,967,16605,California
Santa Barbara,2021-01-19,1640,20464,571,9781,1069,10683,0,0,1361,15478,278,2488,1361,17966,California
Santa Barbara,2021-01-20,2096,22560,545,10326,1551,12234,0,0,1741,16865,354,2842,1741,19707,California
Santa Barbara,2021-01-21,3183,25743,1911,12237,1272,13506,0,0,3024,19731,159,3001,3025,22732,California
Santa Barbara,2021-01-22,2926,28669,1772,14009,1154,14660,0,0,2762,22333,161,3162,2763,25495,California
Santa Barbara,2021-01-23,1734,30403,1106,15115,628,15288,0,0,1225,23050,508,3670,1225,26720,California
Santa Barbara,2021-01-24,844,31247,752,15867,92,15380,0,0,835,23876,9,3679,835,27555,California
Santa Barbara,2021-01-25,1243,32490,498,16365,745,16125,0,0,1006,24645,237,3916,1006,28561,California
Santa Barbara,2021-01-26,2045,34535,463,16828,1582,17707,0,0,1661,25924,382,4298,1661,30222,California
Santa Barbara,2021-01-27,1165,35700,400,17228,765,18472,0,0,903,26568,261,4559,905,31127,California
Santa Barbara,2021-01-28,892,36592,295,17523,597,19069,0,0,678,27035,211,4770,678,31805,California
Santa Barbara,2021-01-29,1334,37926,536,18059,798,19867,0,0,980,27666,351,5121,982,32787,California
Santa Barbara,2021-01-30,1893,39819,1420,19479,473,20340,0,0,1488,28752,402,5523,1488,34275,California
Santa Barbara,2021-01-31,1453,41272,1215,20694,238,20578,0,0,1414,30127,39,5562,1414,35689,California
Santa Barbara,2021-02-01,955,42227,530,21224,425,21003,0,0,557,30286,398,5960,557,36246,California
Santa Barbara,2021-02-02,1808,44035,679,21903,1129,22132,0,0,1044,30569,761,6721,1044,37290,California
Santa Barbara,2021-02-03,1940,45975,1077,22980,863,22995,0,0,1500,31639,430,7151,1500,38790,California
Santa Barbara,2021-02-04,2781,48756,1866,24846,915,23910,0,0,2482,33828,293,7444,2482,41272,California
Santa Barbara,2021-02-05,2901,51657,2057,26903,844,24754,0,0,2260,35449,639,8083,2260,43532,California
Santa Barbara,2021-02-06,1204,52861,339,27242,865,25619,0,0,794,35833,410,8493,794,44326,California
Santa Barbara,2021-02-07,302,53163,263,27505,39,25658,0,0,267,36066,34,8527,267,44593,California
Santa Barbara,2021-02-08,955,54118,311,27816,644,26302,0,0,665,36441,290,8817,665,45258,California
Santa Barbara,2021-02-09,2438,56556,313,28129,2125,28427,0,0,1119,36250,1310,10127,1119,46377,California
Santa Barbara,2021-02-10,2763,59319,1496,29625,1267,29694,0,0,780,35054,1976,12103,780,47157,California
Santa Barbara,2021-02-11,4191,63510,2809,32434,1382,31076,0,0,625,32123,3556,15659,625,47782,California
Santa Barbara,2021-02-12,3308,66818,948,33382,2360,33436,0,0,774,30369,2528,18187,774,48556,California
Santa Barbara,2021-02-13,1234,68052,341,33723,893,34329,0,0,561,30259,671,18858,561,49117,California
Santa Barbara,2021-02-14,332,68384,35,33758,297,34626,0,0,287,30501,45,18903,287,49404,California
Santa Barbara,2021-02-15,969,69353,338,34096,631,35257,0,0,495,30525,471,19374,495,49899,California
Santa Barbara,2021-02-16,2108,71461,395,34491,1713,36970,0,0,719,29859,1385,20759,719,50618,California
Santa Barbara,2021-02-17,1436,72897,321,34812,1115,38085,0,0,523,29473,909,21668,523,51141,California
Santa Barbara,2021-02-18,3258,76155,2650,37462,608,38693,0,0,1520,29291,1702,23370,1520,52661,California
Santa Barbara,2021-02-19,3596,79751,2641,40103,955,39648,0,0,2329,30356,1264,24634,2329,54990,California
Santa Barbara,2021-02-20,2225,81976,1439,41542,786,40434,0,0,1669,31479,546,25180,1669,56659,California
Santa Barbara,2021-02-21,135,82111,106,41648,29,40463,0,0,60,31466,73,25253,60,56719,California
Santa Barbara,2021-02-22,941,83052,248,41896,693,41156,0,0,272,31073,666,25919,273,56992,California
Santa Barbara,2021-02-23,3189,86241,1046,42942,2143,43299,0,0,422,28732,2763,28682,422,57414,California
Santa Barbara,2021-02-24,3209,89450,1094,44036,2115,45414,0,0,722,26977,2477,31159,722,58136,California
Santa Barbara,2021-02-25,3457,92907,1923,45959,1534,46948,0,0,992,25513,2457,33616,993,59129,California
Santa Barbara,2021-02-26,3668,96575,2177,48136,1491,48439,0,0,1978,25809,1682,35298,1978,61107,California
Santa Barbara,2021-02-27,1532,98107,562,48698,970,49409,0,0,852,25987,676,35974,854,61961,California
Santa Barbara,2021-02-28,1085,99192,220,48918,865,50274,0,0,893,26694,187,36161,894,62855,California
Santa Barbara,2021-03-01,1647,100839,472,49390,1173,51447,2,2,1089,27244,542,36703,1092,63947,California
Santa Barbara,2021-03-02,2651,103490,424,49814,2227,53674,0,2,2150,28907,488,37191,2151,66098,California
Santa Barbara,2021-03-03,4631,108121,2102,51916,2527,56201,2,4,4035,32363,585,37776,4041,70139,California
Santa Barbara,2021-03-04,3422,111543,2283,54199,1139,57340,0,4,2865,34679,549,38325,2865,73004,California
Santa Barbara,2021-03-05,3819,115362,2164,56363,1596,58936,59,63,3095,37114,719,39044,3154,76158,California
Santa Barbara,2021-03-06,2435,117797,727,57090,1489,60425,219,282,1671,38243,760,39804,1889,78047,California
Santa Barbara,2021-03-07,564,118361,123,57213,310,60735,131,413,383,38578,180,39984,515,78562,California
Santa Barbara,2021-03-08,1580,119941,381,57594,856,61591,343,756,797,38941,777,40761,1140,79702,California
Santa Barbara,2021-03-09,2799,122740,345,57939,1680,63271,774,1530,740,38395,2056,42817,1510,81212,California
Santa Barbara,2021-03-10,2763,125503,553,58492,1163,64434,1047,2577,1043,38767,1715,44532,2087,83299,California
Santa Barbara,2021-03-11,5582,131085,3029,61521,1438,65872,1115,3692,2282,38871,3286,47818,3390,86689,California
Santa Barbara,2021-03-12,3682,134767,2100,63621,1152,67024,430,4122,2183,39990,1491,49309,2610,89299,California
Santa Barbara,2021-03-13,3495,138262,1936,65557,1351,68375,208,4330,2700,42106,793,50102,2909,92208,California
Santa Barbara,2021-03-14,798,139060,383,65940,358,68733,57,4387,476,42318,321,50423,533,92741,California
Santa Barbara,2021-03-15,2118,141178,698,66638,1129,69862,291,4678,1272,43040,839,51262,1561,94302,California
Santa Barbara,2021-03-16,3726,144904,1175,67813,2209,72071,342,5020,2736,45132,986,52248,3078,97380,California
Santa Barbara,2021-03-17,3311,148215,971,68784,1935,74006,405,5425,2319,46862,990,53238,2720,100100,California
Santa Barbara,2021-03-18,5230,153445,2800,71584,2228,76234,202,5627,4005,49860,1209,54447,4207,104307,California
Santa Barbara,2021-03-19,4450,157895,2770,74354,1347,77581,333,5960,3057,51860,1389,55836,3389,107696,California
Santa Barbara,2021-03-20,2179,160074,836,75190,1329,78910,14,5974,1334,52365,842,56678,1347,109043,California
Santa Barbara,2021-03-21,1166,161240,383,75573,753,79663,30,6004,839,52909,325,57003,869,109912,California
Santa Barbara,2021-03-22,2780,164020,1913,77486,823,80486,44,6048,2222,54626,549,57552,2266,112178,California
Santa Barbara,2021-03-23,4482,168502,2254,79740,2127,82613,101,6149,3708,57669,765,58317,3808,115986,California
Santa Barbara,2021-03-24,5421,173923,3157,82897,1514,84127,750,6899,2972,58962,2425,60742,3718,119704,California
Santa Barbara,2021-03-25,5567,179490,3277,86174,2098,86225,192,7091,2789,59181,2762,63504,2981,122685,California
Santa Barbara,2021-03-26,5096,184586,3228,89402,1569,87794,299,7390,2244,58889,2835,66339,2543,125228,California
Santa Barbara,2021-03-27,2957,187543,1225,90627,1689,89483,43,7433,1621,59219,1332,67671,1662,126890,California
Santa Barbara,2021-03-28,2779,190322,1657,92284,1094,90577,28,7461,1893,60260,881,68552,1922,128812,California
Santa Barbara,2021-03-29,4044,194366,2087,94371,1886,92463,71,7532,3228,62747,812,69364,3299,132111,California
Santa Barbara,2021-03-30,6803,201169,3514,97885,3138,95601,151,7683,4541,65189,2247,71611,4689,136800,California
Santa Barbara,2021-03-31,8683,209852,5529,103414,3087,98688,67,7750,5059,66712,3603,75214,5126,141926,California
Santa Barbara,2021-04-01,7045,216897,5208,108622,1576,100264,261,8011,4179,68302,2848,78062,4438,146364,California
Santa Barbara,2021-04-02,6649,223546,4560,113182,1494,101758,595,8606,3423,69104,3218,81280,4020,150384,California
Santa Barbara,2021-04-03,3816,227362,2115,115297,1633,103391,68,8674,2522,70403,1290,82570,2589,152973,California
Santa Barbara,2021-04-04,900,228262,444,115741,416,103807,40,8714,501,70547,397,82967,541,153514,California
Santa Barbara,2021-04-05,3466,231728,2290,118031,917,104724,259,8973,2168,71684,1291,84258,2428,155942,California
Santa Barbara,2021-04-06,5487,237215,2832,120863,2116,106840,539,9512,3357,73467,2114,86372,3897,159839,California
Santa Barbara,2021-04-07,6008,243223,3287,124150,2179,109019,542,10054,4084,76191,1914,88286,4638,164477,California
Santa Barbara,2021-04-08,7416,250639,5041,129191,646,109665,1729,11783,3424,77354,3988,92274,5151,169628,California
Santa Barbara,2021-04-09,7311,257950,4859,134050,1096,110761,1356,13139,3295,77999,4007,96281,4652,174280,California
Santa Barbara,2021-04-10,6725,264675,4657,138707,1445,112206,623,13762,4575,81065,2143,98424,5209,179489,California
Santa Barbara,2021-04-11,2659,267334,1949,140656,411,112617,299,14061,1839,82384,814,99238,2133,181622,California
Santa Barbara,2021-04-12,4434,271768,2853,143509,1027,113644,554,14615,1927,82365,2500,101738,2481,184103,California
Santa Barbara,2021-04-13,6350,278118,4185,147694,2159,115803,6,14621,2653,81342,3692,105430,2669,186772,California
Santa Barbara,2021-04-14,6734,284852,4399,152093,2333,118136,2,14623,4205,83034,2518,107948,4210,190982,California
Santa Barbara,2021-04-15,6945,291797,4080,156173,2864,121000,1,14624,3754,83609,3181,111129,3756,194738,California
Santa Barbara,2021-04-16,6372,298169,3742,159915,2619,123619,11,14635,4380,86025,1974,113103,4390,199128,California
Santa Barbara,2021-04-17,5315,303484,3855,163770,1460,125079,0,14635,4096,88914,1207,114310,4096,203224,California
Santa Barbara,2021-04-18,2134,305618,1480,165250,654,125733,0,14635,374,87533,1756,116066,375,203599,California
Santa Barbara,2021-04-19,3238,308856,2227,167477,1005,126738,6,14641,1032,86371,2201,118267,1039,204638,California
Santa Barbara,2021-04-20,5867,314723,3946,171423,1920,128658,1,14642,1652,83821,4203,122470,1653,206291,California
Santa Barbara,2021-04-21,5471,320194,3630,175053,1841,130499,0,14642,1735,81831,3725,126195,1735,208026,California
Santa Barbara,2021-04-22,5091,325285,2560,177613,2530,133029,1,14643,1453,79665,3622,129817,1456,209482,California
Santa Barbara,2021-04-23,5582,330867,3873,181486,1709,134738,0,14643,1963,78022,3606,133423,1963,211445,California
Santa Barbara,2021-04-24,4426,335293,2878,184364,1543,136281,5,14648,1638,76896,2769,136192,1643,213088,California
Santa Barbara,2021-04-25,1832,337125,1184,185548,648,136929,0,14648,500,76072,1324,137516,500,213588,California
Santa Barbara,2021-04-26,2933,340058,1806,187354,1106,138035,21,14669,464,74095,2462,139978,485,214073,California
Santa Barbara,2021-04-27,3732,343790,2056,189410,1588,139623,88,14757,1116,72692,2606,142584,1203,215276,California
Santa Barbara,2021-04-28,4907,348697,2861,192271,1929,141552,117,14874,1403,70724,3491,146075,1523,216799,California
Santa Barbara,2021-04-29,5247,353944,3798,196069,1222,142774,227,15101,1445,68608,3786,149861,1670,218469,California
Santa Barbara,2021-04-30,4952,358896,3697,199766,1090,143864,165,15266,1423,66682,3513,153374,1587,220056,California
Santa Barbara,2021-05-01,5236,364132,4056,203822,1147,145011,33,15299,901,63291,4327,157701,936,220992,California
Santa Barbara,2021-05-02,1132,365264,667,204489,337,145348,128,15427,308,62903,824,158525,436,221428,California
Santa Barbara,2021-05-03,2208,367472,1481,205970,588,145936,139,15566,445,61728,1757,160282,582,222010,California
Santa Barbara,2021-05-04,3282,370754,1662,207632,1549,147485,71,15637,1142,60813,2127,162409,1212,223222,California
Santa Barbara,2021-05-05,5422,376176,3670,211302,1605,149090,147,15784,629,56809,4781,167190,777,223999,California
Santa Barbara,2021-05-06,5044,381220,3907,215209,1033,150123,104,15888,962,53809,4066,171256,1066,225065,California
Santa Barbara,2021-05-07,4660,385880,3650,218859,832,150955,178,16066,1001,51337,3649,174905,1177,226242,California
Santa Barbara,2021-05-08,4230,390110,3152,222011,980,151935,98,16164,890,48998,3327,178232,988,227230,California
Santa Barbara,2021-05-09,700,390810,109,222120,551,152486,40,16204,467,49274,232,178464,508,227738,California
Santa Barbara,2021-05-10,1323,392133,622,222742,617,153103,84,16288,367,48770,954,179418,450,228188,California
Santa Barbara,2021-05-11,1829,393962,769,223511,769,153872,291,16579,412,48061,1410,180828,701,228889,California
Santa Barbara,2021-05-12,1545,395507,686,224197,657,154529,202,16781,440,47606,1097,181925,642,229531,California
Santa Barbara,2021-05-13,3569,399076,2711,226908,665,155194,193,16974,1175,46590,2383,184308,1367,230898,California
Santa Barbara,2021-05-14,4149,403225,2532,229440,1523,156717,94,17068,1638,45823,2497,186805,1730,232628,California
Santa Barbara,2021-05-15,3512,406737,2568,232008,925,157642,19,17087,1843,46028,1658,188463,1863,234491,California
Santa Barbara,2021-05-16,1067,407804,467,232475,485,158127,115,17202,471,46022,592,189055,586,235077,California
Santa Barbara,2021-05-17,1639,409443,933,233408,644,158771,62,17264,915,46284,717,189772,979,236056,California
Santa Barbara,2021-05-18,1841,411284,1158,234566,589,159360,94,17358,1009,46572,816,190588,1104,237160,California
Santa Barbara,2021-05-19,1759,413043,972,235538,746,160106,41,17399,820,46501,931,191519,860,238020,California
Santa Barbara,2021-05-20,1270,414313,651,236189,502,160608,117,17516,668,46695,590,192109,784,238804,California
Santa Barbara,2021-05-21,2973,417286,2001,238190,917,161525,55,17571,1095,45982,1864,193973,1151,239955,California
Santa Barbara,2021-05-22,2179,419465,1534,239724,600,162125,45,17616,1290,46433,885,194858,1336,241291,California
Santa Barbara,2021-05-23,565,420030,214,239938,324,162449,27,17643,323,46541,242,195100,350,241641,California
Santa Barbara,2021-05-24,1008,421038,593,240531,356,162805,59,17702,513,46625,489,195589,573,242214,California
Santa Barbara,2021-05-25,1402,422440,579,241110,754,163559,69,17771,472,46239,924,196513,538,242752,California
Santa Barbara,2021-05-26,2978,425418,1682,242792,1169,164728,127,17898,820,45042,2142,198655,945,243697,California
Santa Barbara,2021-05-27,1934,427352,1192,243984,607,165335,135,18033,822,44895,1105,199760,958,244655,California
Santa Barbara,2021-05-28,1514,428866,700,244684,661,165996,153,18186,627,44793,881,200641,779,245434,California
Santa Barbara,2021-05-29,904,429770,316,245000,549,166545,39,18225,372,44675,529,201170,411,245845,California
Santa Barbara,2021-05-30,500,430270,185,245185,216,166761,99,18324,186,44647,312,201482,284,246129,California
Santa Barbara,2021-05-31,97,430367,43,245228,44,166805,10,18334,25,44610,71,201553,34,246163,California
Santa Barbara,2021-06-01,1130,431497,596,245824,472,167277,62,18396,456,44461,667,202220,518,246681,California
Santa Barbara,2021-06-02,984,432481,592,246416,309,167586,83,18479,465,44495,513,202733,547,247228,California
Santa Barbara,2021-06-03,1364,433845,1086,247502,256,167842,22,18501,387,43930,973,203706,408,247636,California
Santa Clara,2020-12-15,67,67,67,67,0,0,0,0,67,67,0,0,67,67,California
Santa Clara,2020-12-16,145,212,145,212,0,0,0,0,145,212,0,0,145,212,California
Santa Clara,2020-12-17,400,612,400,612,0,0,0,0,400,612,0,0,400,612,California
Santa Clara,2020-12-18,1681,2293,1681,2293,0,0,0,0,1681,2293,0,0,1681,2293,California
Santa Clara,2020-12-19,2081,4374,2081,4374,0,0,0,0,2080,4373,0,0,2080,4373,California
Santa Clara,2020-12-20,1925,6299,1924,6298,1,1,0,0,1922,6295,0,0,1922,6295,California
Santa Clara,2020-12-21,2760,9059,2760,9058,0,1,0,0,2759,9054,0,0,2759,9054,California
Santa Clara,2020-12-22,3235,12294,3228,12286,7,8,0,0,3232,12286,0,0,3232,12286,California
Santa Clara,2020-12-23,3384,15678,3195,15481,189,197,0,0,3383,15669,0,0,3383,15669,California
Santa Clara,2020-12-24,1965,17643,1778,17259,187,384,0,0,1960,17628,1,1,1960,17629,California
Santa Clara,2020-12-25,357,18000,356,17615,1,385,0,0,357,17985,0,1,357,17986,California
Santa Clara,2020-12-26,1269,19269,1036,18651,233,618,0,0,1268,19253,0,1,1268,19254,California
Santa Clara,2020-12-27,650,19919,508,19159,142,760,0,0,650,19903,0,1,650,19904,California
Santa Clara,2020-12-28,2337,22256,1730,20889,607,1367,0,0,2337,22240,0,1,2337,22241,California
Santa Clara,2020-12-29,2352,24608,1492,22381,860,2227,0,0,2351,24591,0,1,2351,24592,California
Santa Clara,2020-12-30,2985,27593,1890,24271,1095,3322,0,0,2983,27572,2,3,2983,27575,California
Santa Clara,2020-12-31,1217,28810,392,24663,825,4147,0,0,1216,28787,1,4,1216,28791,California
Santa Clara,2021-01-01,145,28955,12,24675,133,4280,0,0,144,28930,1,5,144,28935,California
Santa Clara,2021-01-02,1085,30040,815,25490,270,4550,0,0,1085,30015,0,5,1085,30020,California
Santa Clara,2021-01-03,585,30625,368,25858,217,4767,0,0,580,30592,3,8,580,30600,California
Santa Clara,2021-01-04,2472,33097,1670,27528,802,5569,0,0,2469,33061,0,8,2469,33069,California
Santa Clara,2021-01-05,3069,36166,2011,29539,1058,6627,0,0,2882,35763,186,194,2888,35957,California
Santa Clara,2021-01-06,3341,39507,1972,31511,1369,7996,0,0,2761,37950,576,770,2763,38720,California
Santa Clara,2021-01-07,4222,43729,2562,34073,1660,9656,0,0,3150,40044,1062,1832,3156,41876,California
Santa Clara,2021-01-08,5856,49585,3825,37898,2031,11687,0,0,3796,41784,2056,3888,3796,45672,California
Santa Clara,2021-01-09,2982,52567,1870,39768,1112,12799,0,0,1692,42189,1290,5178,1695,47367,California
Santa Clara,2021-01-10,1958,54525,1512,41280,446,13245,0,0,748,41728,1209,6387,748,48115,California
Santa Clara,2021-01-11,5961,60486,3755,45035,2206,15451,0,0,3385,42543,2575,8962,3390,51505,California
Santa Clara,2021-01-12,6813,67299,3411,48446,3402,18853,0,0,4566,44864,2246,11208,4567,56072,California
Santa Clara,2021-01-13,7385,74684,3059,51505,4326,23179,0,0,5211,47904,2172,13380,5212,61284,California
Santa Clara,2021-01-14,8234,82918,2800,54305,5434,28613,0,0,6493,52663,1736,15116,6495,67779,California
Santa Clara,2021-01-15,9464,92382,2683,56988,6781,35394,0,0,8141,59490,1319,16435,8146,75925,California
Santa Clara,2021-01-16,4300,96682,1230,58218,3070,38464,0,0,3464,62122,832,17267,3464,79389,California
Santa Clara,2021-01-17,3228,99910,605,58823,2623,41087,0,0,2730,64354,498,17765,2730,82119,California
Santa Clara,2021-01-18,5097,105007,1158,59981,3939,45026,0,0,4542,68342,555,18320,4543,86662,California
Santa Clara,2021-01-19,8507,113514,2690,62671,5817,50843,0,0,6819,73479,1685,20005,6822,93484,California
Santa Clara,2021-01-20,8092,121606,4117,66788,3975,54818,0,0,6545,78482,1542,21547,6545,100029,California
Santa Clara,2021-01-21,8705,130311,3779,70567,4926,59744,0,0,7500,84781,1203,22750,7502,107531,California
Santa Clara,2021-01-22,8638,138949,3252,73819,5386,65130,0,0,8070,92287,567,23317,8073,115604,California
Santa Clara,2021-01-23,3787,142736,1689,75508,2098,67228,0,0,2825,94151,962,24279,2826,118430,California
Santa Clara,2021-01-24,2832,145568,1423,76931,1409,68637,0,0,2347,96016,482,24761,2347,120777,California
Santa Clara,2021-01-25,8400,153968,3800,80731,4600,73237,0,0,6327,100280,2065,26826,6329,127106,California
Santa Clara,2021-01-26,8298,162266,3790,84521,4508,77745,0,0,6161,104316,2127,28953,6163,133269,California
Santa Clara,2021-01-27,8752,171018,3855,88376,4897,82642,0,0,6829,109241,1905,30858,6830,140099,California
Santa Clara,2021-01-28,9503,180521,3819,92195,5684,88326,0,0,7539,114841,1943,32801,7543,147642,California
Santa Clara,2021-01-29,9545,190066,3950,96145,5595,93921,0,0,7367,120040,2169,34970,7368,155010,California
Santa Clara,2021-01-30,4168,194234,2078,98223,2090,96011,0,0,2955,121790,1206,36176,2956,157966,California
Santa Clara,2021-01-31,2185,196419,1307,99530,878,96889,0,0,1587,122783,594,36770,1587,159553,California
Santa Clara,2021-02-01,7859,204278,3513,103043,4346,101235,0,0,6152,127238,1699,38469,6154,165707,California
Santa Clara,2021-02-02,8607,212885,2884,105927,5723,106958,0,0,6590,131821,2010,40479,6593,172300,California
Santa Clara,2021-02-03,9216,222101,3493,109420,5723,112681,0,0,6928,136474,2281,42760,6934,179234,California
Santa Clara,2021-02-04,10955,233056,4144,113564,6811,119492,0,0,8661,142854,2284,45044,8664,187898,California
Santa Clara,2021-02-05,11946,245002,4353,117917,7593,127085,0,0,8485,147893,3447,48491,8486,196384,California
Santa Clara,2021-02-06,5210,250212,2828,120745,2382,129467,0,0,4038,150765,1168,49659,4040,200424,California
Santa Clara,2021-02-07,3482,253694,2350,123095,1132,130599,0,0,3027,153339,454,50113,3028,203452,California
Santa Clara,2021-02-08,10051,263745,3512,126607,6539,137138,0,0,7328,157958,2710,52823,7329,210781,California
Santa Clara,2021-02-09,11169,274914,3820,130427,7349,144487,0,0,7668,162140,3490,56313,7672,218453,California
Santa Clara,2021-02-10,12650,287564,4913,135340,7737,152224,0,0,6834,163171,5805,62118,6836,225289,California
Santa Clara,2021-02-11,13554,301118,4734,140074,8820,161044,0,0,7700,165033,5839,67957,7701,232990,California
Santa Clara,2021-02-12,14568,315686,4502,144576,10066,171110,0,0,6989,164465,7559,75516,6991,239981,California
Santa Clara,2021-02-13,6079,321765,1459,146035,4620,175730,0,0,2218,162831,3854,79370,2220,242201,California
Santa Clara,2021-02-14,4608,326373,1140,147175,3468,179198,0,0,1463,161153,3143,82513,1465,243666,California
Santa Clara,2021-02-15,6258,332631,2789,149964,3469,182667,0,0,2702,160306,3549,86062,2702,246368,California
Santa Clara,2021-02-16,13800,346431,4018,153982,9782,192449,0,0,6941,160405,6842,92904,6941,253309,California
Santa Clara,2021-02-17,14092,360523,5507,159489,8585,201034,0,0,7035,160406,7039,99943,7040,260349,California
Santa Clara,2021-02-18,14234,374757,8389,167878,5845,206879,0,0,7246,160707,6948,106891,7249,267598,California
Santa Clara,2021-02-19,14838,389595,9530,177408,5308,212187,0,0,8634,163157,6189,113080,8639,276237,California
Santa Clara,2021-02-20,6826,396421,5107,182515,1719,213906,0,0,3674,163689,3142,116222,3674,279911,California
Santa Clara,2021-02-21,3308,399729,2482,184997,826,214732,0,0,1214,162820,2085,118307,1216,281127,California
Santa Clara,2021-02-22,10182,409911,6098,191095,4084,218816,0,0,4728,162105,5444,123751,4729,285856,California
Santa Clara,2021-02-23,11926,421837,7740,198835,4186,223002,0,0,6752,163700,5161,128912,6756,292612,California
Santa Clara,2021-02-24,14177,436014,9132,207967,5045,228047,0,0,8762,167063,5399,134311,8762,301374,California
Santa Clara,2021-02-25,14651,450665,9275,217242,5376,233423,0,0,7904,168247,6724,141035,7908,309282,California
Santa Clara,2021-02-26,14593,465258,8454,225696,6139,239562,0,0,8007,169694,6563,147598,8010,317292,California
Santa Clara,2021-02-27,8063,473321,5523,231219,2539,242101,1,1,4477,170604,3575,151173,4485,321777,California
Santa Clara,2021-02-28,4736,478057,3081,234300,1655,243756,0,1,2207,170291,2520,153693,2207,323984,California
Santa Clara,2021-03-01,14118,492175,8012,242312,6102,249858,4,5,8734,173666,5364,159057,8739,332723,California
Santa Clara,2021-03-02,16056,508231,9529,251841,6526,256384,1,6,10232,178102,5798,164855,10234,342957,California
Santa Clara,2021-03-03,18485,526716,9084,260925,9398,265782,3,9,11470,182603,6977,171832,11478,354435,California
Santa Clara,2021-03-04,16506,543222,8990,269915,7513,273295,3,12,9604,185390,6822,178654,9609,364044,California
Santa Clara,2021-03-05,16605,559827,9235,279150,7243,280538,127,139,9217,187373,7366,186020,9349,373393,California
Santa Clara,2021-03-06,9453,569280,6322,285472,2679,283217,452,591,7100,192584,2340,188360,7551,380944,California
Santa Clara,2021-03-07,6828,576108,4473,289945,2110,285327,245,836,5438,196883,1382,189742,5681,386625,California
Santa Clara,2021-03-08,12916,589024,6736,296681,5609,290936,571,1407,8294,201143,4604,194346,8864,395489,California
Santa Clara,2021-03-09,15243,604267,6516,303197,7392,298328,1335,2742,6869,200986,8355,202701,8198,403687,California
Santa Clara,2021-03-10,15133,619400,6590,309787,6428,304756,2115,4857,6217,200406,8888,211589,8308,411995,California
Santa Clara,2021-03-11,17081,636481,7772,317559,7800,312556,1509,6366,6056,196959,10997,222586,7550,419545,California
Santa Clara,2021-03-12,17717,654198,9117,326676,7026,319582,1574,7940,5995,192829,11682,234268,7552,427097,California
Santa Clara,2021-03-13,10773,664971,6244,332920,3033,322615,1496,9436,4844,193241,5906,240174,6318,433415,California
Santa Clara,2021-03-14,6519,671490,3378,336298,1835,324450,1306,10742,3182,194397,3320,243494,4476,437891,California
Santa Clara,2021-03-15,12801,684291,6546,342844,5983,330433,272,11014,6008,193907,6770,250264,6280,444171,California
Santa Clara,2021-03-16,18198,702489,10299,353143,7690,338123,209,11223,8816,193576,9353,259617,9022,453193,California
Santa Clara,2021-03-17,19946,722435,11298,364441,8479,346602,169,11392,10311,194466,9584,269201,10474,463667,California
Santa Clara,2021-03-18,19084,741519,8941,373382,8979,355581,1164,12556,9096,194786,9933,279134,10253,473920,California
Santa Clara,2021-03-19,19295,760814,9938,383320,8353,363934,1004,13560,10020,196585,9215,288349,11014,484934,California
Santa Clara,2021-03-20,11517,772331,6349,389669,4340,368274,828,14388,6770,199463,4717,293066,7595,492529,California
Santa Clara,2021-03-21,8318,780649,3777,393446,3140,371414,1401,15789,5581,203706,2725,295791,6968,499497,California
Santa Clara,2021-03-22,16331,796980,9120,402566,6860,378274,351,16140,9313,206378,6990,302781,9662,509159,California
Santa Clara,2021-03-23,19249,816229,12241,414807,6485,384759,523,16663,11181,210063,8021,310802,11706,520865,California
Santa Clara,2021-03-24,22611,838840,14568,429375,7627,392386,416,17079,14666,217244,7904,318706,15085,535950,California
Santa Clara,2021-03-25,22954,861794,13154,442529,8817,401203,983,18062,14793,224908,8098,326804,15762,551712,California
Santa Clara,2021-03-26,21950,883744,13986,456515,7578,408781,386,18448,13526,230430,8387,335191,13909,565621,California
Santa Clara,2021-03-27,15727,899471,10463,466978,4494,413275,770,19218,8431,232376,7254,342445,9200,574821,California
Santa Clara,2021-03-28,12061,911532,8359,475337,2986,416261,716,19934,6476,234003,5560,348005,7187,582008,California
Santa Clara,2021-03-29,20588,932120,12627,487964,7234,423495,727,20661,11166,236508,9380,357385,11885,593893,California
Santa Clara,2021-03-30,25644,957764,15260,503224,8436,431931,1948,22609,16152,245148,9454,366839,18094,611987,California
Santa Clara,2021-03-31,20500,978264,11905,515129,7464,439395,1131,23740,12607,251022,7853,374692,13727,625714,California
Santa Clara,2021-04-01,31852,1010116,19864,534993,8922,448317,3066,26806,20138,262556,11648,386340,23182,648896,California
Santa Clara,2021-04-02,25198,1035314,14350,549343,8678,456995,2170,28976,16459,272475,8699,395039,18618,667514,California
Santa Clara,2021-04-03,15297,1050611,9271,558614,3508,460503,2518,31494,8493,276691,6783,401822,10999,678513,California
Santa Clara,2021-04-04,7647,1058258,4041,562655,2438,462941,1168,32662,3967,278152,3668,405490,5129,683642,California
Santa Clara,2021-04-05,21888,1080146,14583,577238,4827,467768,2478,35140,14290,287339,7572,413062,16759,700401,California
Santa Clara,2021-04-06,29584,1109730,16300,593538,7831,475599,5453,40593,17771,298781,11769,424831,23211,723612,California
Santa Clara,2021-04-07,30904,1140634,15952,609490,8445,484044,6507,47100,18859,312137,11992,436823,25348,748960,California
Santa Clara,2021-04-08,29957,1170591,16367,625857,5992,490036,7598,54698,16329,322478,13560,450383,23901,772861,California
Santa Clara,2021-04-09,28084,1198675,13909,639766,6903,496939,7272,61970,14356,330414,13672,464055,21608,794469,California
Santa Clara,2021-04-10,21404,1220079,12358,652124,3754,500693,5292,67262,11424,337137,9948,474003,16671,811140,California
Santa Clara,2021-04-11,16027,1236106,9619,661743,2654,503347,3754,71016,8331,341538,7665,481668,12066,823206,California
Santa Clara,2021-04-12,26982,1263088,18997,680740,5553,508900,2432,73448,18435,353905,8496,490164,20863,844069,California
Santa Clara,2021-04-13,34352,1297440,27032,707772,7291,516191,29,73477,26514,372721,7763,497927,26579,870648,California
Santa Clara,2021-04-14,36843,1334283,27935,735707,8904,525095,4,73481,26205,388387,10574,508501,26240,896888,California
Santa Clara,2021-04-15,44024,1378307,34152,769859,9869,534964,3,73484,33950,412393,9969,518470,33975,930863,California
Santa Clara,2021-04-16,38355,1416662,26284,796143,12069,547033,2,73486,27512,429149,10782,529252,27538,958401,California
Santa Clara,2021-04-17,21968,1438630,15026,811169,6940,553973,2,73488,15074,437393,6847,536099,15091,973492,California
Santa Clara,2021-04-18,16397,1455027,10671,821840,5726,559699,0,73488,10251,441536,6119,542218,10262,983754,California
Santa Clara,2021-04-19,28815,1483842,20864,842704,7950,567649,1,73489,17247,447315,11498,553716,17277,1001031,California
Santa Clara,2021-04-20,36897,1520739,22458,865162,14438,582087,1,73490,22540,455634,14252,567968,22571,1023602,California
Santa Clara,2021-04-21,36796,1557535,21349,886511,15445,597532,2,73492,24363,467685,12344,580312,24395,1047997,California
Santa Clara,2021-04-22,37221,1594756,24824,911335,12396,609928,1,73493,17609,465845,19515,599827,17675,1065672,California
Santa Clara,2021-04-23,32001,1626757,19463,930798,12537,622465,1,73494,15060,464112,16844,616671,15111,1080783,California
Santa Clara,2021-04-24,21104,1647861,15450,946248,5653,628118,1,73495,11979,467071,9049,625720,12008,1092791,California
Santa Clara,2021-04-25,13602,1661463,9838,956086,3757,631875,7,73502,8692,470924,4869,630589,8722,1101513,California
Santa Clara,2021-04-26,24251,1685714,18956,975042,5237,637112,58,73560,10119,467085,14040,644629,10201,1111714,California
Santa Clara,2021-04-27,26831,1712545,19318,994360,7211,644323,302,73862,11761,464207,14979,659608,12101,1123815,California
Santa Clara,2021-04-28,25307,1737852,18665,1013025,6205,650528,437,74299,10417,460308,14810,674418,10911,1134726,California
Santa Clara,2021-04-29,23177,1761029,16832,1029857,5947,656475,398,74697,8358,454376,14750,689168,8818,1143544,California
Santa Clara,2021-04-30,22953,1783982,15722,1045579,6867,663342,364,75061,9760,451462,13109,702277,10195,1153739,California
Santa Clara,2021-05-01,17458,1801440,14520,1060099,2678,666020,260,75321,5502,445357,11908,714185,5803,1159542,California
Santa Clara,2021-05-02,11302,1812742,9378,1069477,1694,667714,230,75551,3500,441346,7761,721946,3750,1163292,California
Santa Clara,2021-05-03,22813,1835555,19378,1088855,3002,670716,433,75984,5154,429379,17587,739533,5620,1168912,California
Santa Clara,2021-05-04,30558,1866113,23926,1112781,6091,676807,541,76525,5506,410510,24956,764489,6087,1174999,California
Santa Clara,2021-05-05,32187,1898300,24464,1137245,7180,683987,543,77068,5445,389876,26645,791134,6011,1181010,California
Santa Clara,2021-05-06,35386,1933686,29494,1166739,5417,689404,475,77543,4686,364485,30571,821705,5180,1186190,California
Santa Clara,2021-05-07,32501,1966187,26152,1192891,5859,695263,490,78033,4637,341919,27733,849438,5167,1191357,California
Santa Clara,2021-05-08,16455,1982642,13386,1206277,2646,697909,423,78456,3475,332937,12896,862334,3914,1195271,California
Santa Clara,2021-05-09,10330,1992972,8962,1215239,1181,699090,187,78643,2456,327755,7838,870172,2656,1197927,California
Santa Clara,2021-05-10,20760,2013732,16638,1231877,3722,702812,400,79043,2736,312967,17944,888116,3156,1201083,California
Santa Clara,2021-05-11,21657,2035389,16289,1248166,4952,707764,416,79459,3914,299651,17653,905769,4337,1205420,California
Santa Clara,2021-05-12,20181,2055570,14806,1262972,4912,712676,463,79922,4194,288416,15906,921675,4671,1210091,California
Santa Clara,2021-05-13,26926,2082496,21925,1284897,4709,717385,292,80214,10712,283294,16132,937807,11010,1221101,California
Santa Clara,2021-05-14,27446,2109942,19139,1304036,7922,725307,385,80599,9567,275467,17788,955595,9961,1231062,California
Santa Clara,2021-05-15,20569,2130511,16498,1320534,3791,729098,280,80879,8035,271333,12456,968051,8322,1239384,California
Santa Clara,2021-05-16,15592,2146103,12591,1333125,2824,731922,177,81056,5107,266213,10406,978457,5286,1244670,California
Santa Clara,2021-05-17,20109,2166212,15819,1348944,3927,735849,363,81419,6895,260335,13140,991597,7262,1251932,California
Santa Clara,2021-05-18,25877,2192089,16452,1365396,9007,744856,418,81837,7257,249525,18482,1010079,7672,1259604,California
Santa Clara,2021-05-19,24188,2216277,13998,1379394,9767,754623,423,82260,7891,241653,16193,1026272,8321,1267925,California
Santa Clara,2021-05-20,16712,2232989,11206,1390600,5117,759740,389,82649,6003,237405,10637,1036909,6389,1274314,California
Santa Clara,2021-05-21,20463,2253452,13782,1404382,6243,765983,438,83087,6977,231427,13406,1050315,7428,1281742,California
Santa Clara,2021-05-22,11350,2264802,8846,1413228,2216,768199,288,83375,4817,230057,6478,1056793,5108,1286850,California
Santa Clara,2021-05-23,6738,2271540,5204,1418432,1386,769585,148,83523,2452,228407,4254,1061047,2604,1289454,California
Santa Clara,2021-05-24,10211,2281751,7214,1425646,2545,772130,452,83975,3669,226047,6480,1067527,4120,1293574,California
Santa Clara,2021-05-25,11021,2292772,7523,1433169,3081,775211,417,84392,4337,224182,6621,1074148,4756,1298330,California
Santa Clara,2021-05-26,10169,2302941,6635,1439804,3205,778416,329,84721,4030,222457,6079,1080227,4354,1302684,California
Santa Clara,2021-05-27,9149,2312090,5810,1445614,2896,781312,443,85164,3550,220912,5533,1085760,3988,1306672,California
Santa Clara,2021-05-28,10647,2322737,6835,1452449,3378,784690,434,85598,4317,219395,6268,1092028,4751,1311423,California
Santa Clara,2021-05-29,6282,2329019,4283,1456732,1728,786418,271,85869,2900,219225,3339,1095367,3169,1314592,California
Santa Clara,2021-05-30,3762,2332781,2822,1459554,736,787154,204,86073,1822,219337,1915,1097282,2027,1316619,California
Santa Clara,2021-05-31,1081,2333862,627,1460181,350,787504,104,86177,439,219245,635,1097917,543,1317162,California
Santa Clara,2021-06-01,8669,2342531,6163,1466344,2173,789677,333,86510,3232,217444,5365,1103282,3564,1320726,California
Santa Clara,2021-06-02,7425,2349956,5382,1471726,1752,791429,291,86801,3019,216397,4348,1107630,3301,1324027,California
Santa Clara,2021-06-03,8375,2358331,7163,1478889,982,792411,230,87031,1369,211028,6971,1114601,1602,1325629,California
Santa Cruz,2020-12-15,2,2,2,2,0,0,0,0,2,2,0,0,2,2,California
Santa Cruz,2020-12-16,58,60,58,60,0,0,0,0,58,60,0,0,58,60,California
Santa Cruz,2020-12-17,391,451,391,451,0,0,0,0,391,451,0,0,391,451,California
Santa Cruz,2020-12-18,463,914,463,914,0,0,0,0,463,914,0,0,463,914,California
Santa Cruz,2020-12-19,179,1093,178,1092,1,1,0,0,179,1093,0,0,179,1093,California
Santa Cruz,2020-12-20,96,1189,96,1188,0,1,0,0,96,1189,0,0,96,1189,California
Santa Cruz,2020-12-21,439,1628,439,1627,0,1,0,0,439,1628,0,0,439,1628,California
Santa Cruz,2020-12-22,417,2045,416,2043,1,2,0,0,417,2045,0,0,417,2045,California
Santa Cruz,2020-12-23,370,2415,327,2370,43,45,0,0,370,2415,0,0,370,2415,California
Santa Cruz,2020-12-24,128,2543,52,2422,76,121,0,0,128,2543,0,0,128,2543,California
Santa Cruz,2020-12-25,12,2555,12,2434,0,121,0,0,12,2555,0,0,12,2555,California
Santa Cruz,2020-12-26,66,2621,47,2481,19,140,0,0,66,2621,0,0,66,2621,California
Santa Cruz,2020-12-27,32,2653,27,2508,5,145,0,0,32,2653,0,0,32,2653,California
Santa Cruz,2020-12-28,487,3140,108,2616,379,524,0,0,487,3140,0,0,487,3140,California
Santa Cruz,2020-12-29,790,3930,366,2982,424,948,0,0,790,3930,0,0,790,3930,California
Santa Cruz,2020-12-30,354,4284,163,3145,191,1139,0,0,354,4284,0,0,354,4284,California
Santa Cruz,2020-12-31,312,4596,11,3156,301,1440,0,0,312,4596,0,0,312,4596,California
Santa Cruz,2021-01-01,33,4629,1,3157,32,1472,0,0,33,4629,0,0,33,4629,California
Santa Cruz,2021-01-02,68,4697,54,3211,14,1486,0,0,68,4697,0,0,68,4697,California
Santa Cruz,2021-01-03,15,4712,7,3218,8,1494,0,0,15,4712,0,0,15,4712,California
Santa Cruz,2021-01-04,281,4993,124,3342,157,1651,0,0,279,4991,0,0,279,4991,California
Santa Cruz,2021-01-05,565,5558,429,3771,136,1787,0,0,263,4952,302,302,263,5254,California
Santa Cruz,2021-01-06,799,6357,667,4438,132,1919,0,0,460,5074,338,640,460,5714,California
Santa Cruz,2021-01-07,539,6896,214,4652,325,2244,0,0,383,5302,156,796,384,6098,California
Santa Cruz,2021-01-08,931,7827,559,5211,372,2616,0,0,485,5342,446,1242,486,6584,California
Santa Cruz,2021-01-09,462,8289,123,5334,339,2955,0,0,408,5696,54,1296,408,6992,California
Santa Cruz,2021-01-10,78,8367,69,5403,9,2964,0,0,20,5658,58,1354,20,7012,California
Santa Cruz,2021-01-11,716,9083,585,5988,131,3095,0,0,186,5315,530,1884,187,7199,California
Santa Cruz,2021-01-12,718,9801,518,6506,200,3295,0,0,479,5555,239,2123,479,7678,California
Santa Cruz,2021-01-13,520,10321,227,6733,293,3588,0,0,438,5914,79,2202,438,8116,California
Santa Cruz,2021-01-14,549,10870,103,6836,446,4034,0,0,483,6331,66,2268,483,8599,California
Santa Cruz,2021-01-15,1452,12322,75,6911,1377,5411,0,0,1388,7657,64,2332,1390,9989,California
Santa Cruz,2021-01-16,425,12747,52,6963,373,5784,0,0,406,8044,19,2351,406,10395,California
Santa Cruz,2021-01-17,296,13043,41,7004,255,6039,0,0,271,8290,25,2376,271,10666,California
Santa Cruz,2021-01-18,1004,14047,104,7108,900,6939,0,0,943,9172,61,2437,943,11609,California
Santa Cruz,2021-01-19,1610,15657,520,7628,1090,8029,0,0,1261,10087,347,2784,1262,12871,California
Santa Cruz,2021-01-20,1234,16891,181,7809,1053,9082,0,0,1037,10930,194,2978,1037,13908,California
Santa Cruz,2021-01-21,1692,18583,198,8007,1494,10576,0,0,1583,12406,109,3087,1585,15493,California
Santa Cruz,2021-01-22,1784,20367,525,8532,1259,11835,0,0,1681,13988,100,3187,1682,17175,California
Santa Cruz,2021-01-23,396,20763,144,8676,252,12087,0,0,338,14269,57,3244,338,17513,California
Santa Cruz,2021-01-24,116,20879,19,8695,97,12184,0,0,98,14349,18,3262,98,17611,California
Santa Cruz,2021-01-25,1059,21938,359,9054,700,12884,0,0,553,14396,506,3768,553,18164,California
Santa Cruz,2021-01-26,1688,23626,247,9301,1441,14325,0,0,1180,15068,508,4276,1180,19344,California
Santa Cruz,2021-01-27,1657,25283,446,9747,1211,15536,0,0,1273,15959,382,4658,1273,20617,California
Santa Cruz,2021-01-28,1743,27026,289,10036,1454,16990,0,0,1466,17149,277,4935,1467,22084,California
Santa Cruz,2021-01-29,1732,28758,488,10524,1244,18234,0,0,1602,18622,129,5064,1602,23686,California
Santa Cruz,2021-01-30,1056,29814,310,10834,746,18980,0,0,922,19410,134,5198,922,24608,California
Santa Cruz,2021-01-31,223,30037,113,10947,110,19090,0,0,209,19605,14,5212,209,24817,California
Santa Cruz,2021-02-01,1219,31256,748,11695,471,19561,0,0,824,20034,395,5607,824,25641,California
Santa Cruz,2021-02-02,996,32252,126,11821,870,20431,0,0,844,20727,151,5758,844,26485,California
Santa Cruz,2021-02-03,2215,34467,956,12777,1259,21690,0,0,1903,22321,309,6067,1903,28388,California
Santa Cruz,2021-02-04,1840,36307,767,13544,1073,22763,0,0,1502,23486,337,6404,1502,29890,California
Santa Cruz,2021-02-05,3140,39447,778,14322,2362,25125,0,0,2822,25991,317,6721,2822,32712,California
Santa Cruz,2021-02-06,2567,42014,160,14482,2407,27532,0,0,2223,27870,344,7065,2223,34935,California
Santa Cruz,2021-02-07,904,42918,122,14604,782,28314,0,0,887,28740,17,7082,887,35822,California
Santa Cruz,2021-02-08,704,43622,202,14806,502,28816,0,0,508,29053,195,7277,508,36330,California
Santa Cruz,2021-02-09,2357,45979,1050,15856,1307,30123,0,0,2091,30878,266,7543,2091,38421,California
Santa Cruz,2021-02-10,2181,48160,576,16432,1605,31728,0,0,1482,31672,689,8232,1483,39904,California
Santa Cruz,2021-02-11,1826,49986,309,16741,1517,33245,0,0,1312,32472,512,8744,1312,41216,California
Santa Cruz,2021-02-12,3199,53185,415,17156,2784,36029,0,0,1795,32874,1395,10139,1797,43013,California
Santa Cruz,2021-02-13,1699,54884,123,17279,1576,37605,0,0,1287,33749,412,10551,1287,44300,California
Santa Cruz,2021-02-14,1400,56284,71,17350,1329,38934,0,0,1136,34621,264,10815,1136,45436,California
Santa Cruz,2021-02-15,1568,57852,280,17630,1288,40222,0,0,562,34178,1006,11821,563,45999,California
Santa Cruz,2021-02-16,1680,59532,204,17834,1476,41698,0,0,525,33570,1133,12954,525,46524,California
Santa Cruz,2021-02-17,2902,62434,971,18805,1931,43629,0,0,1205,33094,1684,14638,1208,47732,California
Santa Cruz,2021-02-18,2861,65295,631,19436,2230,45859,0,0,1231,32699,1626,16264,1231,48963,California
Santa Cruz,2021-02-19,3240,68535,1133,20569,2107,47966,0,0,1995,33452,1242,17506,1995,50958,California
Santa Cruz,2021-02-20,2373,70908,1490,22059,883,48849,0,0,1877,34833,496,18002,1877,52835,California
Santa Cruz,2021-02-21,837,71745,370,22429,467,49316,0,0,708,35415,127,18129,709,53544,California
Santa Cruz,2021-02-22,1244,72989,956,23385,288,49604,0,0,528,35229,714,18843,528,54072,California
Santa Cruz,2021-02-23,2094,75083,933,24318,1161,50765,0,0,705,34547,1388,20231,706,54778,California
Santa Cruz,2021-02-24,3168,78251,1655,25973,1513,52278,0,0,1196,33776,1967,22198,1196,55974,California
Santa Cruz,2021-02-25,3208,81459,1416,27389,1792,54070,0,0,1759,34095,1441,23639,1760,57734,California
Santa Cruz,2021-02-26,2707,84166,759,28148,1948,56018,0,0,1537,34468,1166,24805,1539,59273,California
Santa Cruz,2021-02-27,2621,86787,931,29079,1690,57708,0,0,1823,35495,796,25601,1823,61096,California
Santa Cruz,2021-02-28,1286,88073,358,29437,928,58636,0,0,1072,36356,211,25812,1072,62168,California
Santa Cruz,2021-03-01,1821,89894,1249,30686,572,59208,0,0,687,35911,1132,26944,687,62855,California
Santa Cruz,2021-03-02,1536,91430,364,31050,1172,60380,0,0,871,36122,663,27607,874,63729,California
Santa Cruz,2021-03-03,2349,93779,633,31683,1716,62096,0,0,1287,36350,1059,28666,1287,65016,California
Santa Cruz,2021-03-04,2998,96777,1412,33095,1585,63681,1,1,2026,37417,961,29627,2028,67044,California
Santa Cruz,2021-03-05,2615,99392,489,33584,2108,65789,18,19,1141,37105,1471,31098,1159,68203,California
Santa Cruz,2021-03-06,3842,103234,1336,34920,2404,68193,102,121,2144,37652,1698,32796,2245,70448,California
Santa Cruz,2021-03-07,1343,104577,128,35048,1144,69337,71,192,558,37497,784,33580,629,71077,California
Santa Cruz,2021-03-08,1089,105666,222,35270,738,70075,129,321,658,37852,431,34011,786,71863,California
Santa Cruz,2021-03-09,1780,107446,262,35532,1370,71445,148,469,711,37645,1066,35077,859,72722,California
Santa Cruz,2021-03-10,3852,111298,2087,37619,1619,73064,146,615,2006,37955,1844,36921,2154,74876,California
Santa Cruz,2021-03-11,2792,114090,1214,38833,1406,74470,172,787,1544,38426,1247,38168,1718,76594,California
Santa Cruz,2021-03-12,2750,116840,882,39715,1576,76046,292,1079,920,37810,1826,39994,1210,77804,California
Santa Cruz,2021-03-13,2310,119150,1327,41042,941,76987,42,1121,1181,37909,1126,41120,1225,79029,California
Santa Cruz,2021-03-14,898,120048,213,41255,671,77658,14,1135,428,37882,468,41588,441,79470,California
Santa Cruz,2021-03-15,1334,121382,474,41729,825,78483,35,1170,574,37736,756,42344,610,80080,California
Santa Cruz,2021-03-16,2307,123689,1090,42819,1177,79660,40,1210,1337,38146,966,43310,1376,81456,California
Santa Cruz,2021-03-17,3948,127637,2323,45142,1615,81275,10,1220,2604,39425,1339,44649,2618,84074,California
Santa Cruz,2021-03-18,3850,131487,2073,47215,1659,82934,118,1338,2060,39816,1787,46436,2178,86252,California
Santa Cruz,2021-03-19,3374,134861,1319,48534,1831,84765,224,1562,1760,40190,1609,48045,1983,88235,California
Santa Cruz,2021-03-20,2162,137023,1613,50147,513,85278,36,1598,1087,40240,1073,49118,1123,89358,California
Santa Cruz,2021-03-21,821,137844,440,50587,259,85537,122,1720,439,40422,380,49498,562,89920,California
Santa Cruz,2021-03-22,1364,139208,845,51432,497,86034,22,1742,941,40966,420,49918,964,90884,California
Santa Cruz,2021-03-23,2550,141758,1433,52865,1067,87101,50,1792,1686,41841,861,50779,1736,92620,California
Santa Cruz,2021-03-24,3099,144857,2111,54976,967,88068,21,1813,2066,42900,1027,51806,2086,94706,California
Santa Cruz,2021-03-25,2641,147498,1324,56300,1280,89348,37,1850,1347,42997,1287,53093,1384,96090,California
Santa Cruz,2021-03-26,3120,150618,1812,58112,1281,90629,27,1877,2146,44202,967,54060,2172,98262,California
Santa Cruz,2021-03-27,3209,153827,2003,60115,1181,91810,25,1902,1509,44047,1690,55750,1535,99797,California
Santa Cruz,2021-03-28,935,154762,577,60692,344,92154,14,1916,493,44116,438,56188,507,100304,California
Santa Cruz,2021-03-29,1986,156748,878,61570,1040,93194,68,1984,1285,44771,698,56886,1353,101657,California
Santa Cruz,2021-03-30,2693,159441,812,62382,1723,94917,158,2142,1712,45663,978,57864,1870,103527,California
Santa Cruz,2021-03-31,4175,163616,2834,65216,1293,96210,48,2190,2198,45937,1972,59836,2246,105773,California
Santa Cruz,2021-04-01,4051,167667,2167,67383,1776,97986,108,2298,2052,46105,1992,61828,2160,107933,California
Santa Cruz,2021-04-02,3291,170958,1425,68808,1688,99674,178,2476,1886,46767,1402,63230,2064,109997,California
Santa Cruz,2021-04-03,2250,173208,1227,70035,889,100563,134,2610,883,46419,1365,64595,1017,111014,California
Santa Cruz,2021-04-04,937,174145,489,70524,392,100955,56,2666,549,46636,388,64983,605,111619,California
Santa Cruz,2021-04-05,2271,176416,790,71314,1312,102267,169,2835,1405,47346,865,65848,1575,113194,California
Santa Cruz,2021-04-06,3398,179814,1650,72964,1368,103635,380,3215,1965,48264,1422,67270,2340,115534,California
Santa Cruz,2021-04-07,4178,183992,1636,74600,2179,105814,363,3578,1813,48086,2362,69632,2184,117718,California
Santa Cruz,2021-04-08,4283,188275,2354,76954,1411,107225,518,4096,2529,49388,1745,71377,3047,120765,California
Santa Cruz,2021-04-09,3720,191995,1519,78473,1801,109026,400,4496,2100,50281,1614,72991,2507,123272,California
Santa Cruz,2021-04-10,2257,194252,1084,79557,921,109947,252,4748,1054,50388,1199,74190,1306,124578,California
Santa Cruz,2021-04-11,992,195244,516,80073,384,110331,92,4840,478,50444,514,74704,570,125148,California
Santa Cruz,2021-04-12,2294,197538,823,80896,1047,111378,424,5264,1101,50789,1179,75883,1524,126672,California
Santa Cruz,2021-04-13,2895,200433,1451,82347,1442,112820,2,5266,1635,51172,1254,77137,1637,128309,California
Santa Cruz,2021-04-14,4610,205043,2244,84591,2366,115186,0,5266,2244,51061,2359,79496,2248,130557,California
Santa Cruz,2021-04-15,5006,210049,3192,87783,1814,117000,0,5266,3161,52388,1834,81330,3161,133718,California
Santa Cruz,2021-04-16,4487,214536,2486,90269,1999,118999,2,5268,2438,52788,2041,83371,2441,136159,California
Santa Cruz,2021-04-17,2249,216785,890,91159,1359,120358,0,5268,1496,53533,751,84122,1496,137655,California
Santa Cruz,2021-04-18,1058,217843,511,91670,546,120904,1,5269,586,53650,470,84592,587,138242,California
Santa Cruz,2021-04-19,2538,220381,1516,93186,1021,121925,1,5270,1611,54337,924,85516,1611,139853,California
Santa Cruz,2021-04-20,3134,223515,1669,94855,1465,123390,0,5270,1794,54801,1331,86847,1795,141648,California
Santa Cruz,2021-04-21,4260,227775,2849,97704,1411,124801,0,5270,2312,55183,1930,88777,2312,143960,California
Santa Cruz,2021-04-22,4310,232085,2906,100610,1404,126205,0,5270,2420,55722,1881,90658,2420,146380,California
Santa Cruz,2021-04-23,3199,235284,1734,102344,1464,127669,1,5271,1389,55310,1801,92459,1389,147769,California
Santa Cruz,2021-04-24,2245,237529,1087,103431,1155,128824,3,5274,702,54484,1531,93990,705,148474,California
Santa Cruz,2021-04-25,1091,238620,697,104128,382,129206,12,5286,451,54314,632,94622,462,148936,California
Santa Cruz,2021-04-26,1898,240518,932,105060,952,130158,14,5300,753,53948,1134,95756,768,149704,California
Santa Cruz,2021-04-27,2845,243363,902,105962,1873,132031,70,5370,1422,54023,1417,97173,1492,151196,California
Santa Cruz,2021-04-28,3416,246779,1888,107850,1451,133482,77,5447,1796,54284,1609,98782,1870,153066,California
Santa Cruz,2021-04-29,3708,250487,2459,110309,1186,134668,63,5510,1277,53207,2418,101200,1341,154407,California
Santa Cruz,2021-04-30,2390,252877,1215,111524,1131,135799,44,5554,1023,52915,1359,102559,1067,155474,California
Santa Cruz,2021-05-01,1288,254165,1022,112546,233,136032,33,5587,598,52858,688,103247,631,156105,California
Santa Cruz,2021-05-02,642,254807,457,113003,160,136192,25,5612,213,52668,429,103676,239,156344,California
Santa Cruz,2021-05-03,1927,256734,993,113996,867,137059,67,5679,659,52139,1256,104932,727,157071,California
Santa Cruz,2021-05-04,2687,259421,1563,115559,1054,138113,70,5749,869,51261,1815,106747,937,158008,California
Santa Cruz,2021-05-05,2775,262196,1380,116939,1316,139429,79,5828,731,50073,2002,108749,814,158822,California
Santa Cruz,2021-05-06,3841,266037,2448,119387,1174,140603,219,6047,857,48180,2966,111715,1073,159895,California
Santa Cruz,2021-05-07,2751,268788,1247,120634,1422,142025,82,6129,433,46383,2313,114028,516,160411,California
Santa Cruz,2021-05-08,1369,270157,687,121321,654,142679,28,6157,387,45818,982,115010,417,160828,California
Santa Cruz,2021-05-09,509,270666,327,121648,159,142838,23,6180,152,45639,354,115364,175,161003,California
Santa Cruz,2021-05-10,2030,272696,1221,122869,744,143582,65,6245,412,44507,1609,116973,477,161480,California
Santa Cruz,2021-05-11,2302,274998,1305,124174,918,144500,79,6324,643,43574,1654,118627,721,162201,California
Santa Cruz,2021-05-12,3027,278025,1295,125469,1658,146158,74,6398,529,41688,2490,121117,604,162805,California
Santa Cruz,2021-05-13,3719,281744,2543,128012,1085,147243,91,6489,1325,40716,2390,123507,1418,164223,California
Santa Cruz,2021-05-14,2907,284651,1646,129658,1221,148464,40,6529,1165,40190,1734,125241,1208,165431,California
Santa Cruz,2021-05-15,2300,286951,1333,130991,955,149419,12,6541,1123,40151,1174,126415,1135,166566,California
Santa Cruz,2021-05-16,724,287675,374,131365,329,149748,21,6562,207,39864,516,126931,229,166795,California
Santa Cruz,2021-05-17,1529,289204,809,132174,649,150397,71,6633,591,39589,937,127868,662,167457,California
Santa Cruz,2021-05-18,2305,291509,1431,133605,851,151248,23,6656,1163,39641,1134,129002,1186,168643,California
Santa Cruz,2021-05-19,3083,294592,1855,135460,1192,152440,36,6692,1337,39277,1737,130739,1373,170016,California
Santa Cruz,2021-05-20,2798,297390,2044,137504,607,153047,147,6839,1307,39253,1484,132223,1460,171476,California
Santa Cruz,2021-05-21,1384,298774,736,138240,559,153606,89,6928,527,39017,853,133076,617,172093,California
Santa Cruz,2021-05-22,1425,300199,1201,139441,216,153822,8,6936,538,38679,884,133960,546,172639,California
Santa Cruz,2021-05-23,217,300416,168,139609,34,153856,15,6951,92,38664,122,134082,107,172746,California
Santa Cruz,2021-05-24,1173,301589,671,140280,423,154279,79,7030,357,38293,805,134887,434,173180,California
Santa Cruz,2021-05-25,2288,303877,1309,141589,934,155213,45,7075,509,37218,1628,136515,553,173733,California
Santa Cruz,2021-05-26,1725,305602,806,142395,877,156090,42,7117,500,36550,1211,137726,543,174276,California
Santa Cruz,2021-05-27,1266,306868,679,143074,500,156590,87,7204,473,36323,787,138513,560,174836,California
Santa Cruz,2021-05-28,865,307733,392,143466,443,157033,30,7234,390,36278,466,138979,421,175257,California
Santa Cruz,2021-05-29,568,308301,333,143799,224,157257,11,7245,308,36340,257,139236,319,175576,California
Santa Cruz,2021-05-30,238,308539,126,143925,98,157355,14,7259,98,36316,135,139371,111,175687,California
Santa Cruz,2021-05-31,144,308683,65,143990,78,157433,1,7260,48,36269,96,139467,49,175736,California
Santa Cruz,2021-06-01,925,309608,579,144569,332,157765,14,7274,362,36083,561,140028,375,176111,California
Santa Cruz,2021-06-02,861,310469,525,145094,309,158074,27,7301,353,35958,505,140533,380,176491,California
Santa Cruz,2021-06-03,1743,312212,1219,146313,493,158567,31,7332,397,35048,1338,141871,428,176919,California
Shasta,2020-12-16,131,131,131,131,0,0,0,0,131,131,0,0,131,131,California
Shasta,2020-12-17,420,551,420,551,0,0,0,0,420,551,0,0,420,551,California
Shasta,2020-12-18,166,717,166,717,0,0,0,0,166,717,0,0,166,717,California
Shasta,2020-12-19,1,718,1,718,0,0,0,0,1,718,0,0,1,718,California
Shasta,2020-12-21,79,797,79,797,0,0,0,0,79,797,0,0,79,797,California
Shasta,2020-12-22,193,990,188,985,5,5,0,0,193,990,0,0,193,990,California
Shasta,2020-12-23,174,1164,170,1155,4,9,0,0,174,1164,0,0,174,1164,California
Shasta,2020-12-24,18,1182,18,1173,0,9,0,0,18,1182,0,0,18,1182,California
Shasta,2020-12-26,4,1186,1,1174,3,12,0,0,4,1186,0,0,4,1186,California
Shasta,2020-12-27,1,1187,0,1174,1,13,0,0,1,1187,0,0,1,1187,California
Shasta,2020-12-28,40,1227,31,1205,9,22,0,0,40,1227,0,0,40,1227,California
Shasta,2020-12-29,186,1413,185,1390,1,23,0,0,186,1413,0,0,186,1413,California
Shasta,2020-12-30,178,1591,168,1558,10,33,0,0,178,1591,0,0,178,1591,California
Shasta,2020-12-31,83,1674,2,1560,81,114,0,0,83,1674,0,0,83,1674,California
Shasta,2021-01-02,2,1676,0,1560,2,116,0,0,2,1676,0,0,2,1676,California
Shasta,2021-01-03,1,1677,1,1561,0,116,0,0,1,1677,0,0,1,1677,California
Shasta,2021-01-04,372,2049,306,1867,66,182,0,0,373,2050,0,0,373,2050,California
Shasta,2021-01-05,335,2384,314,2181,21,203,0,0,253,2221,82,82,253,2303,California
Shasta,2021-01-06,466,2850,395,2576,71,274,0,0,203,2162,262,344,203,2506,California
Shasta,2021-01-07,125,2975,36,2612,89,363,0,0,104,2245,21,365,104,2610,California
Shasta,2021-01-08,525,3500,448,3060,77,440,0,0,317,2354,208,573,317,2927,California
Shasta,2021-01-09,73,3573,64,3124,9,449,0,0,71,2423,2,575,71,2998,California
Shasta,2021-01-10,5,3578,0,3124,5,454,0,0,4,2427,1,576,5,3003,California
Shasta,2021-01-11,406,3984,185,3309,221,675,0,0,370,2761,36,612,370,3373,California
Shasta,2021-01-12,487,4471,330,3639,157,832,0,0,312,2898,175,787,312,3685,California
Shasta,2021-01-13,599,5070,267,3906,332,1164,0,0,430,3159,169,956,430,4115,California
Shasta,2021-01-14,501,5571,52,3958,449,1613,0,0,483,3624,18,974,483,4598,California
Shasta,2021-01-15,686,6257,134,4092,552,2165,0,0,684,4306,2,976,684,5282,California
Shasta,2021-01-16,897,7154,54,4146,843,3008,0,0,894,5197,3,979,894,6176,California
Shasta,2021-01-17,27,7181,6,4152,21,3029,0,0,23,5216,4,983,23,6199,California
Shasta,2021-01-18,598,7779,128,4280,470,3499,0,0,590,5798,8,991,590,6789,California
Shasta,2021-01-19,1058,8837,398,4678,660,4159,0,0,910,6560,148,1139,910,7699,California
Shasta,2021-01-20,681,9518,413,5091,268,4427,0,0,494,6872,182,1321,494,8193,California
Shasta,2021-01-21,633,10151,280,5371,353,4780,0,0,610,7459,23,1344,610,8803,California
Shasta,2021-01-22,447,10598,173,5544,274,5054,0,0,441,7894,6,1350,441,9244,California
Shasta,2021-01-23,68,10666,5,5549,63,5117,0,0,67,7960,1,1351,67,9311,California
Shasta,2021-01-24,25,10691,2,5551,23,5140,0,0,24,7983,1,1352,24,9335,California
Shasta,2021-01-25,750,11441,491,6042,259,5399,0,0,464,8162,285,1637,464,9799,California
Shasta,2021-01-26,709,12150,333,6375,376,5775,0,0,475,8405,232,1869,475,10274,California
Shasta,2021-01-27,459,12609,179,6554,280,6055,0,0,410,8766,49,1918,410,10684,California
Shasta,2021-01-28,888,13497,577,7131,311,6366,0,0,666,9210,222,2140,666,11350,California
Shasta,2021-01-29,833,14330,332,7463,501,6867,0,0,643,9664,190,2330,644,11994,California
Shasta,2021-01-30,616,14946,15,7478,601,7468,0,0,606,10260,10,2340,606,12600,California
Shasta,2021-01-31,27,14973,3,7481,24,7492,0,0,26,10285,1,2341,26,12626,California
Shasta,2021-02-01,530,15503,148,7629,382,7874,0,0,386,10527,144,2485,386,13012,California
Shasta,2021-02-02,988,16491,500,8129,488,8362,0,0,896,11333,90,2575,896,13908,California
Shasta,2021-02-03,723,17214,211,8340,512,8874,0,0,488,11586,235,2810,488,14396,California
Shasta,2021-02-04,1098,18312,675,9015,423,9297,0,0,905,12299,192,3002,905,15301,California
Shasta,2021-02-05,1261,19573,165,9180,1096,10393,0,0,1054,13147,206,3208,1054,16355,California
Shasta,2021-02-06,1746,21319,41,9221,1705,12098,0,0,1723,14847,23,3231,1723,18078,California
Shasta,2021-02-07,25,21344,3,9224,22,12120,0,0,23,14868,2,3233,23,18101,California
Shasta,2021-02-08,596,21940,168,9392,428,12548,0,0,306,14884,290,3523,306,18407,California
Shasta,2021-02-09,1124,23064,654,10046,470,13018,0,0,731,15223,393,3916,732,19139,California
Shasta,2021-02-10,1124,24188,788,10834,336,13354,0,0,599,15297,526,4442,600,19739,California
Shasta,2021-02-11,891,25079,186,11020,705,14059,0,0,369,15149,517,4959,369,20108,California
Shasta,2021-02-12,1789,26868,1210,12230,579,14638,0,0,1238,15836,551,5510,1238,21346,California
Shasta,2021-02-13,1381,28249,368,12598,1013,15651,0,0,570,15595,812,6322,571,21917,California
Shasta,2021-02-14,150,28399,4,12602,146,15797,0,0,126,15697,24,6346,126,22043,California
Shasta,2021-02-15,377,28776,89,12691,288,16085,0,0,208,15736,169,6515,208,22251,California
Shasta,2021-02-16,1197,29973,522,13213,675,16760,0,0,423,15386,773,7288,423,22674,California
Shasta,2021-02-17,1034,31007,438,13651,596,17356,0,0,414,15180,620,7908,414,23088,California
Shasta,2021-02-18,950,31957,469,14120,481,17837,0,0,459,15149,491,8399,460,23548,California
Shasta,2021-02-19,1338,33295,946,15066,392,18229,0,0,871,15553,467,8866,871,24419,California
Shasta,2021-02-20,803,34098,90,15156,713,18942,0,0,304,15358,499,9365,304,24723,California
Shasta,2021-02-21,32,34130,3,15159,29,18971,0,0,10,15346,22,9387,10,24733,California
Shasta,2021-02-22,430,34560,77,15236,353,19324,0,0,178,15273,251,9638,178,24911,California
Shasta,2021-02-23,910,35470,469,15705,441,19765,0,0,327,15017,583,10221,327,25238,California
Shasta,2021-02-24,891,36361,509,16214,382,20147,0,0,274,14675,616,10837,274,25512,California
Shasta,2021-02-25,519,36880,163,16377,356,20503,0,0,162,14481,356,11193,162,25674,California
Shasta,2021-02-26,791,37671,94,16471,697,21200,0,0,332,14355,458,11651,332,26006,California
Shasta,2021-02-27,827,38498,27,16498,800,22000,0,0,188,13906,637,12288,188,26194,California
Shasta,2021-02-28,176,38674,4,16502,172,22172,0,0,126,13982,50,12338,126,26320,California
Shasta,2021-03-01,583,39257,58,16560,525,22697,0,0,295,13990,287,12625,295,26615,California
Shasta,2021-03-02,1030,40287,474,17034,556,23253,0,0,339,13640,689,13314,339,26954,California
Shasta,2021-03-03,674,40961,172,17206,502,23755,0,0,245,13456,429,13743,245,27199,California
Shasta,2021-03-04,3034,43995,2419,19625,615,24370,0,0,1741,13906,1292,15035,1742,28941,California
Shasta,2021-03-05,1560,45555,161,19786,1370,25740,29,29,785,13944,776,15811,814,29755,California
Shasta,2021-03-06,2743,48298,385,20171,2311,28051,47,76,855,12960,1886,17697,902,30657,California
Shasta,2021-03-07,92,48390,4,20175,56,28107,32,108,38,12976,54,17751,70,30727,California
Shasta,2021-03-08,570,48960,46,20221,385,28492,139,247,157,12861,411,18162,296,31023,California
Shasta,2021-03-09,1254,50214,595,20816,481,28973,178,425,698,13180,556,18718,875,31898,California
Shasta,2021-03-10,801,51015,257,21073,342,29315,202,627,138,12856,662,19380,338,32236,California
Shasta,2021-03-11,1558,52573,471,21544,815,30130,272,899,940,13453,615,19995,1212,33448,California
Shasta,2021-03-12,1562,54135,848,22392,464,30594,250,1149,411,12962,1150,21145,659,34107,California
Shasta,2021-03-13,758,54893,425,22817,232,30826,101,1250,474,13252,283,21428,573,34680,California
Shasta,2021-03-14,1019,55912,8,22825,989,31815,22,1272,880,14016,139,21567,903,35583,California
Shasta,2021-03-15,496,56408,35,22860,361,32176,100,1372,210,14039,286,21853,309,35892,California
Shasta,2021-03-16,1138,57546,149,23009,922,33098,67,1439,854,14676,284,22137,921,36813,California
Shasta,2021-03-17,734,58280,191,23200,485,33583,58,1497,394,14795,333,22470,452,37265,California
Shasta,2021-03-18,1546,59826,586,23786,856,34439,104,1601,1119,15595,423,22893,1223,38488,California
Shasta,2021-03-19,648,60474,196,23982,396,34835,56,1657,414,15832,233,23126,470,38958,California
Shasta,2021-03-20,747,61221,489,24471,244,35079,14,1671,599,16297,148,23274,613,39571,California
Shasta,2021-03-21,313,61534,298,24769,4,35083,11,1682,286,16568,26,23300,297,39868,California
Shasta,2021-03-22,347,61881,37,24806,274,35357,36,1718,199,16656,147,23447,235,40103,California
Shasta,2021-03-23,1313,63194,653,25459,600,35957,60,1778,758,16924,550,23997,818,40921,California
Shasta,2021-03-24,611,63805,156,25615,417,36374,38,1816,367,17086,243,24240,405,41326,California
Shasta,2021-03-25,1134,64939,449,26064,664,37038,21,1837,820,17617,311,24551,842,42168,California
Shasta,2021-03-26,1836,66775,1404,27468,402,37440,30,1867,1477,18766,359,24910,1508,43676,California
Shasta,2021-03-27,1594,68369,405,27873,317,37757,872,2739,576,19194,1016,25926,1444,45120,California
Shasta,2021-03-28,405,68774,299,28172,96,37853,10,2749,300,19401,103,26029,310,45430,California
Shasta,2021-03-29,420,69194,40,28212,368,38221,12,2761,166,19326,253,26282,178,45608,California
Shasta,2021-03-30,1247,70441,766,28978,464,38685,17,2778,625,19349,619,26901,642,46250,California
Shasta,2021-03-31,620,71061,206,29184,408,39093,6,2784,384,19508,231,27132,390,46640,California
Shasta,2021-04-01,898,71959,248,29432,638,39731,12,2796,577,19778,319,27451,589,47229,California
Shasta,2021-04-02,755,72714,200,29632,501,40232,54,2850,415,19909,338,27789,469,47698,California
Shasta,2021-04-03,515,73229,363,29995,133,40365,19,2869,390,20193,125,27914,409,48107,California
Shasta,2021-04-04,293,73522,176,30171,96,40461,21,2890,218,20357,75,27989,239,48346,California
Shasta,2021-04-05,445,73967,69,30240,312,40773,64,2954,254,20484,191,28180,318,48664,California
Shasta,2021-04-06,1165,75132,487,30727,504,41277,174,3128,539,20576,621,28801,713,49377,California
Shasta,2021-04-07,657,75789,214,30941,280,41557,163,3291,257,20600,396,29197,420,49797,California
Shasta,2021-04-08,1157,76946,264,31205,737,42294,156,3447,225,20055,930,30127,385,50182,California
Shasta,2021-04-09,2591,79537,2073,33278,307,42601,211,3658,2010,21700,574,30701,2219,52401,California
Shasta,2021-04-10,885,80422,596,33874,158,42759,131,3789,269,21483,616,31317,399,52800,California
Shasta,2021-04-11,1252,81674,398,34272,834,43593,20,3809,144,20544,1104,32421,165,52965,California
Shasta,2021-04-12,338,82012,7,34279,269,43862,62,3871,97,20462,240,32661,158,53123,California
Shasta,2021-04-13,1271,83283,368,34647,901,44763,2,3873,338,19872,929,33590,339,53462,California
Shasta,2021-04-14,594,83877,144,34791,448,45211,2,3875,222,19725,371,33961,224,53686,California
Shasta,2021-04-15,1072,84949,258,35049,814,46025,0,3875,298,19252,771,34732,298,53984,California
Shasta,2021-04-16,2340,87289,1845,36894,495,46520,0,3875,935,18784,1403,36135,935,54919,California
Shasta,2021-04-17,642,87931,411,37305,231,46751,0,3875,189,18521,453,36588,190,55109,California
Shasta,2021-04-18,265,88196,240,37545,25,46776,0,3875,32,18322,231,36819,32,55141,California
Shasta,2021-04-19,381,88577,27,37572,354,47130,0,3875,162,18265,219,37038,162,55303,California
Shasta,2021-04-20,1011,89588,256,37828,755,47885,0,3875,376,18007,634,37672,376,55679,California
Shasta,2021-04-21,606,90194,221,38049,385,48270,0,3875,305,18011,301,37973,305,55984,California
Shasta,2021-04-22,965,91159,283,38332,682,48952,0,3875,299,17646,664,38637,299,56283,California
Shasta,2021-04-23,659,91818,264,38596,395,49347,0,3875,328,17644,330,38967,328,56611,California
Shasta,2021-04-24,600,92418,357,38953,242,49589,1,3876,108,17262,490,39457,108,56719,California
Shasta,2021-04-25,211,92629,182,39135,28,49617,1,3877,37,17126,174,39631,38,56757,California
Shasta,2021-04-26,485,93114,52,39187,428,50045,5,3882,337,17321,146,39777,341,57098,California
Shasta,2021-04-27,537,93651,178,39365,322,50367,37,3919,296,17414,238,40015,331,57429,California
Shasta,2021-04-28,579,94230,158,39523,388,50755,33,3952,254,17375,325,40340,286,57715,California
Shasta,2021-04-29,784,95014,120,39643,641,51396,23,3975,182,16979,601,40941,205,57920,California
Shasta,2021-04-30,2268,97282,1842,41485,395,51791,31,4006,270,15283,1997,42938,301,58221,California
Shasta,2021-05-01,224,97506,20,41505,128,51919,76,4082,96,15327,128,43066,172,58393,California
Shasta,2021-05-02,47,97553,17,41522,17,51936,13,4095,20,15333,27,43093,33,58426,California
Shasta,2021-05-03,351,97904,94,41616,231,52167,26,4121,112,15233,238,43331,138,58564,California
Shasta,2021-05-04,528,98432,193,41809,296,52463,39,4160,254,15255,271,43602,293,58857,California
Shasta,2021-05-05,432,98864,140,41949,275,52738,17,4177,200,15240,232,43834,217,59074,California
Shasta,2021-05-06,696,99560,266,42215,390,53128,40,4217,297,15187,390,44224,337,59411,California
Shasta,2021-05-07,1116,100676,735,42950,342,53470,39,4256,304,14719,811,45035,343,59754,California
Shasta,2021-05-08,168,100844,83,43033,74,53544,11,4267,98,14758,69,45104,108,59862,California
Shasta,2021-05-09,66,100910,15,43048,46,53590,5,4272,35,14767,31,45135,40,59902,California
Shasta,2021-05-10,260,101170,21,43069,189,53779,50,4322,113,14783,144,45279,160,60062,California
Shasta,2021-05-11,511,101681,163,43232,199,53978,149,4471,178,14778,332,45611,327,60389,California
Shasta,2021-05-12,369,102050,142,43374,205,54183,22,4493,119,14670,249,45860,141,60530,California
Shasta,2021-05-13,536,102586,226,43600,294,54477,16,4509,197,14546,337,46197,213,60743,California
Shasta,2021-05-14,642,103228,272,43872,344,54821,26,4535,293,14518,348,46545,320,61063,California
Shasta,2021-05-15,396,103624,127,43999,164,54985,105,4640,165,14557,230,46775,269,61332,California
Shasta,2021-05-16,223,103847,155,44154,58,55043,10,4650,164,14672,59,46834,174,61506,California
Shasta,2021-05-17,539,104386,243,44397,236,55279,60,4710,286,14766,252,47086,346,61852,California
Shasta,2021-05-18,609,104995,293,44690,292,55571,24,4734,326,14833,283,47369,350,62202,California
Shasta,2021-05-19,597,105592,280,44970,249,55820,68,4802,290,14887,304,47673,358,62560,California
Shasta,2021-05-20,516,106108,239,45209,260,56080,17,4819,248,14887,265,47938,265,62825,California
Shasta,2021-05-21,553,106661,258,45467,276,56356,19,4838,280,14915,271,48209,299,63124,California
Shasta,2021-05-22,191,106852,112,45579,72,56428,7,4845,121,14975,68,48277,128,63252,California
Shasta,2021-05-23,95,106947,43,45622,41,56469,11,4856,59,15009,36,48313,70,63322,California
Shasta,2021-05-24,522,107469,159,45781,332,56801,31,4887,186,14891,335,48648,217,63539,California
Shasta,2021-05-25,444,107913,185,45966,216,57017,43,4930,160,14812,281,48929,202,63741,California
Shasta,2021-05-26,370,108283,139,46105,205,57222,26,4956,148,14764,222,49151,174,63915,California
Shasta,2021-05-27,434,108717,162,46267,263,57485,9,4965,163,14669,267,49418,172,64087,California
Shasta,2021-05-28,448,109165,203,46470,217,57702,28,4993,212,14675,234,49652,240,64327,California
Shasta,2021-05-29,219,109384,64,46534,125,57827,30,5023,92,14669,127,49779,121,64448,California
Shasta,2021-05-30,87,109471,47,46581,37,57864,3,5026,58,14701,29,49808,61,64509,California
Shasta,2021-05-31,36,109507,11,46592,24,57888,1,5027,11,14689,24,49832,12,64521,California
Shasta,2021-06-01,527,110034,158,46750,228,58116,141,5168,141,14592,380,50212,283,64804,California
Shasta,2021-06-02,291,110325,120,46870,165,58281,6,5174,130,14569,159,50371,136,64940,California
Shasta,2021-06-03,159,110484,62,46932,94,58375,3,5177,47,14508,111,50482,50,64990,California
Sierra,2020-12-18,1,1,1,1,0,0,0,0,1,1,0,0,1,1,California
Sierra,2020-12-21,2,3,2,3,0,0,0,0,2,3,0,0,2,3,California
Sierra,2020-12-22,12,15,12,15,0,0,0,0,12,15,0,0,12,15,California
Sierra,2020-12-23,4,19,4,19,0,0,0,0,4,19,0,0,4,19,California
Sierra,2020-12-28,1,20,0,19,1,1,0,0,1,20,0,0,1,20,California
Sierra,2020-12-29,49,69,7,26,42,43,0,0,49,69,0,0,49,69,California
Sierra,2020-12-30,2,71,0,26,2,45,0,0,2,71,0,0,2,71,California
Sierra,2020-12-31,13,84,0,26,13,58,0,0,13,84,0,0,13,84,California
Sierra,2021-01-01,1,85,1,27,0,58,0,0,1,85,0,0,1,85,California
Sierra,2021-01-05,64,149,2,29,62,120,0,0,64,149,0,0,64,149,California
Sierra,2021-01-06,1,150,1,30,0,120,0,0,1,150,0,0,1,150,California
Sierra,2021-01-07,21,171,1,31,20,140,0,0,20,169,1,1,20,170,California
Sierra,2021-01-08,1,172,1,32,0,140,0,0,1,170,0,1,1,171,California
Sierra,2021-01-11,3,175,3,35,0,140,0,0,0,167,3,4,0,171,California
Sierra,2021-01-12,39,214,12,47,27,167,0,0,27,182,12,16,27,198,California
Sierra,2021-01-13,3,217,3,50,0,167,0,0,0,179,3,19,0,198,California
Sierra,2021-01-14,35,252,2,52,33,200,0,0,35,214,0,19,35,233,California
Sierra,2021-01-15,3,255,1,53,2,202,0,0,3,217,0,19,3,236,California
Sierra,2021-01-18,2,257,0,53,2,204,0,0,2,219,0,19,2,238,California
Sierra,2021-01-19,32,289,0,53,32,236,0,0,32,251,0,19,32,270,California
Sierra,2021-01-20,1,290,1,54,0,236,0,0,1,252,0,19,1,271,California
Sierra,2021-01-21,52,342,0,54,52,288,0,0,52,304,0,19,52,323,California
Sierra,2021-01-22,2,344,0,54,2,290,0,0,2,306,0,19,2,325,California
Sierra,2021-01-23,2,346,0,54,2,292,0,0,2,308,0,19,2,327,California
Sierra,2021-01-26,62,408,0,54,62,354,0,0,24,294,38,57,24,351,California
Sierra,2021-01-27,4,412,4,58,0,354,0,0,0,290,4,61,0,351,California
Sierra,2021-01-28,53,465,0,58,53,407,0,0,43,323,10,71,43,394,California
Sierra,2021-01-29,2,467,0,58,2,409,0,0,2,325,0,71,2,396,California
Sierra,2021-01-30,3,470,3,61,0,409,0,0,2,326,1,72,2,398,California
Sierra,2021-02-01,1,471,0,61,1,410,0,0,0,325,1,73,0,398,California
Sierra,2021-02-02,58,529,1,62,57,467,0,0,19,305,39,112,19,417,California
Sierra,2021-02-03,6,535,5,67,1,468,0,0,5,309,1,113,5,422,California
Sierra,2021-02-04,102,637,5,72,97,565,0,0,53,313,49,162,53,475,California
Sierra,2021-02-05,6,643,4,76,2,567,0,0,5,317,1,163,5,480,California
Sierra,2021-02-09,51,694,0,76,51,618,0,0,48,362,3,166,48,528,California
Sierra,2021-02-10,4,698,2,78,2,620,0,0,4,366,0,166,4,532,California
Sierra,2021-02-11,195,893,1,79,194,814,0,0,134,439,61,227,134,666,California
Sierra,2021-02-12,20,913,0,79,20,834,0,0,20,459,0,227,20,686,California
Sierra,2021-02-13,1,914,1,80,0,834,0,0,1,460,0,227,1,687,California
Sierra,2021-02-15,2,916,2,82,0,834,0,0,0,458,2,229,0,687,California
Sierra,2021-02-16,43,959,0,82,43,877,0,0,10,435,33,262,10,697,California
Sierra,2021-02-17,4,963,0,82,4,881,0,0,1,433,3,265,1,698,California
Sierra,2021-02-18,140,1103,0,82,140,1021,0,0,91,475,49,314,91,789,California
Sierra,2021-02-19,2,1105,1,83,1,1022,0,0,1,475,1,315,1,790,California
Sierra,2021-02-20,2,1107,2,85,0,1022,0,0,0,473,2,317,0,790,California
Sierra,2021-02-22,1,1108,1,86,0,1022,0,0,1,474,0,317,1,791,California
Sierra,2021-02-23,4,1112,0,86,4,1026,0,0,4,478,0,317,4,795,California
Sierra,2021-02-24,3,1115,2,88,1,1027,0,0,3,481,0,317,3,798,California
Sierra,2021-02-25,126,1241,2,90,124,1151,0,0,59,474,66,383,59,857,California
Sierra,2021-02-26,11,1252,6,96,5,1156,0,0,4,471,7,390,4,861,California
Sierra,2021-02-27,2,1254,2,98,0,1156,0,0,0,469,2,392,0,861,California
Sierra,2021-03-01,2,1256,2,100,0,1156,0,0,0,467,2,394,0,861,California
Sierra,2021-03-02,56,1312,0,100,56,1212,0,0,38,487,18,412,38,899,California
Sierra,2021-03-03,2,1314,2,102,0,1212,0,0,1,487,1,413,1,900,California
Sierra,2021-03-04,108,1422,0,102,108,1320,0,0,60,499,48,461,60,960,California
Sierra,2021-03-05,13,1435,1,103,12,1332,0,0,11,508,2,463,11,971,California
Sierra,2021-03-07,1,1436,1,104,0,1332,0,0,0,507,1,464,0,971,California
Sierra,2021-03-08,2,1438,2,106,0,1332,0,0,2,509,0,464,2,973,California
Sierra,2021-03-09,56,1494,0,106,56,1388,0,0,12,477,44,508,12,985,California
Sierra,2021-03-10,6,1500,0,106,6,1394,0,0,4,479,2,510,4,989,California
Sierra,2021-03-11,176,1676,0,106,176,1570,0,0,44,391,132,642,44,1033,California
Sierra,2021-03-12,20,1696,1,107,19,1589,0,0,0,371,20,662,0,1033,California
Sierra,2021-03-13,28,1724,0,107,28,1617,0,0,28,399,0,662,28,1061,California
Sierra,2021-03-14,1,1725,0,107,0,1617,1,1,0,399,1,663,1,1062,California
Sierra,2021-03-15,2,1727,1,108,0,1617,1,2,0,398,2,665,1,1063,California
Sierra,2021-03-16,35,1762,0,108,34,1651,1,3,22,408,13,678,23,1086,California
Sierra,2021-03-17,3,1765,2,110,1,1652,0,3,0,405,3,681,0,1086,California
Sierra,2021-03-18,158,1923,0,110,158,1810,0,3,65,377,93,774,65,1151,California
Sierra,2021-03-19,4,1927,2,112,2,1812,0,3,1,375,3,777,1,1152,California
Sierra,2021-03-20,1,1928,0,112,1,1813,0,3,1,376,0,777,1,1153,California
Sierra,2021-03-23,22,1950,0,112,22,1835,0,3,13,380,9,786,13,1166,California
Sierra,2021-03-24,3,1953,1,113,2,1837,0,3,1,379,2,788,1,1167,California
Sierra,2021-03-25,99,2052,1,114,98,1935,0,3,50,380,49,837,50,1217,California
Sierra,2021-03-26,12,2064,1,115,11,1946,0,3,8,384,4,841,8,1225,California
Sierra,2021-03-27,1,2065,0,115,1,1947,0,3,0,383,1,842,0,1225,California
Sierra,2021-03-29,1,2066,1,116,0,1947,0,3,0,382,1,843,0,1225,California
Sierra,2021-03-30,55,2121,1,117,54,2001,0,3,22,371,33,876,22,1247,California
Sierra,2021-03-31,8,2129,0,117,8,2009,0,3,8,379,0,876,8,1255,California
Sierra,2021-04-01,63,2192,1,118,62,2071,0,3,5,328,56,932,5,1260,California
Sierra,2021-04-02,3,2195,2,120,1,2072,0,3,2,329,1,933,2,1262,California
Sierra,2021-04-04,1,2196,0,120,1,2073,0,3,0,329,0,933,0,1262,California
Sierra,2021-04-06,11,2207,0,120,11,2084,0,3,1,320,10,943,1,1263,California
Sierra,2021-04-07,14,2221,3,123,6,2090,5,8,3,318,10,953,8,1271,California
Sierra,2021-04-08,54,2275,2,125,52,2142,0,8,16,296,38,991,16,1287,California
Sierra,2021-04-09,2,2277,2,127,0,2142,0,8,1,296,1,992,1,1288,California
Sierra,2021-04-10,27,2304,0,127,27,2169,0,8,0,269,27,1019,0,1288,California
Sierra,2021-04-12,1,2305,0,127,0,2169,1,9,0,269,1,1020,1,1289,California
Sierra,2021-04-13,45,2350,0,127,45,2214,0,9,5,234,40,1060,5,1294,California
Sierra,2021-04-14,1,2351,0,127,1,2215,0,9,1,235,0,1060,1,1295,California
Sierra,2021-04-15,49,2400,1,128,48,2263,0,9,2,190,47,1107,2,1297,California
Sierra,2021-04-17,2,2402,1,129,1,2264,0,9,1,190,1,1108,1,1298,California
Sierra,2021-04-18,1,2403,0,129,1,2265,0,9,0,190,0,1108,0,1298,California
Sierra,2021-04-19,1,2404,1,130,0,2265,0,9,0,189,1,1109,0,1298,California
Sierra,2021-04-20,34,2438,1,131,33,2298,0,9,7,169,27,1136,7,1305,California
Sierra,2021-04-21,2,2440,1,132,1,2299,0,9,1,169,1,1137,1,1306,California
Sierra,2021-04-22,64,2504,1,133,63,2362,0,9,5,116,58,1195,5,1311,California
Sierra,2021-04-23,11,2515,0,133,11,2373,0,9,3,111,8,1203,3,1314,California
Sierra,2021-04-24,4,2519,0,133,4,2377,0,9,4,115,0,1203,4,1318,California
Sierra,2021-04-27,28,2547,1,134,27,2404,0,9,5,97,23,1226,5,1323,California
Sierra,2021-04-28,10,2557,2,136,8,2412,0,9,1,89,9,1235,1,1324,California
Sierra,2021-04-29,20,2577,2,138,18,2430,0,9,14,97,6,1241,14,1338,California
Sierra,2021-04-30,4,2581,2,140,2,2432,0,9,2,97,2,1243,2,1340,California
Sierra,2021-05-03,1,2582,1,141,0,2432,0,9,1,98,0,1243,1,1341,California
Sierra,2021-05-04,1,2583,0,141,1,2433,0,9,0,97,1,1244,0,1341,California
Sierra,2021-05-05,22,2605,0,141,22,2455,0,9,7,89,15,1259,7,1348,California
Sierra,2021-05-06,1,2606,1,142,0,2455,0,9,0,88,1,1260,0,1348,California
Sierra,2021-05-07,1,2607,1,143,0,2455,0,9,1,89,0,1260,1,1349,California
Sierra,2021-05-08,1,2608,0,143,0,2455,1,10,0,89,1,1261,1,1350,California
Sierra,2021-05-11,11,2619,0,143,4,2459,7,17,0,85,11,1272,7,1357,California
Sierra,2021-05-12,10,2629,1,144,9,2468,0,17,7,89,3,1275,7,1364,California
Sierra,2021-05-13,3,2632,2,146,1,2469,0,17,2,90,1,1276,2,1366,California
Sierra,2021-05-14,3,2635,1,147,2,2471,0,17,3,93,0,1276,3,1369,California
Sierra,2021-05-17,1,2636,1,148,0,2471,0,17,1,94,0,1276,1,1370,California
Sierra,2021-05-18,3,2639,1,149,1,2472,1,18,0,92,3,1279,1,1371,California
Sierra,2021-05-19,6,2645,3,152,3,2475,0,18,2,90,4,1283,2,1373,California
Sierra,2021-05-20,9,2654,8,160,0,2475,1,19,8,98,1,1284,9,1382,California
Sierra,2021-05-21,4,2658,2,162,2,2477,0,19,1,96,3,1287,1,1383,California
Sierra,2021-05-22,4,2662,0,162,4,2481,0,19,0,92,4,1291,0,1383,California
Sierra,2021-05-23,1,2663,0,162,1,2482,0,19,1,93,0,1291,1,1384,California
Sierra,2021-05-24,2,2665,1,163,1,2483,0,19,1,93,1,1292,1,1385,California
Sierra,2021-05-25,2,2667,0,163,2,2485,0,19,0,91,2,1294,0,1385,California
Sierra,2021-05-26,8,2675,0,163,8,2493,0,19,4,91,4,1298,4,1389,California
Sierra,2021-05-27,9,2684,2,165,6,2499,1,20,3,89,6,1304,4,1393,California
Sierra,2021-05-28,4,2688,2,167,2,2501,0,20,2,89,2,1306,2,1395,California
Sierra,2021-05-29,2,2690,0,167,2,2503,0,20,2,91,0,1306,2,1397,California
Sierra,2021-05-30,1,2691,1,168,0,2503,0,20,1,92,0,1306,1,1398,California
Sierra,2021-06-01,1,2692,0,168,1,2504,0,20,0,91,1,1307,0,1398,California
Sierra,2021-06-02,21,2713,0,168,21,2525,0,20,0,71,20,1327,0,1398,California
Sierra,2021-06-03,2,2715,2,170,0,2525,0,20,0,69,2,1329,0,1398,California
Siskiyou,2020-12-16,2,2,2,2,0,0,0,0,2,2,0,0,2,2,California
Siskiyou,2020-12-17,4,6,4,6,0,0,0,0,4,6,0,0,4,6,California
Siskiyou,2020-12-18,2,8,2,8,0,0,0,0,2,8,0,0,2,8,California
Siskiyou,2020-12-19,4,12,4,12,0,0,0,0,4,12,0,0,4,12,California
Siskiyou,2020-12-20,1,13,1,13,0,0,0,0,1,13,0,0,1,13,California
Siskiyou,2020-12-21,132,145,132,145,0,0,0,0,132,145,0,0,132,145,California
Siskiyou,2020-12-22,158,303,158,303,0,0,0,0,158,303,0,0,158,303,California
Siskiyou,2020-12-23,142,445,142,445,0,0,0,0,142,445,0,0,142,445,California
Siskiyou,2020-12-24,5,450,5,450,0,0,0,0,5,450,0,0,5,450,California
Siskiyou,2020-12-26,2,452,0,450,2,2,0,0,2,452,0,0,2,452,California
Siskiyou,2020-12-27,2,454,0,450,2,4,0,0,2,454,0,0,2,454,California
Siskiyou,2020-12-28,3,457,1,451,2,6,0,0,3,457,0,0,3,457,California
Siskiyou,2020-12-29,6,463,2,453,4,10,0,0,6,463,0,0,6,463,California
Siskiyou,2020-12-30,98,561,3,456,95,105,0,0,98,561,0,0,98,561,California
Siskiyou,2020-12-31,12,573,0,456,12,117,0,0,12,573,0,0,12,573,California
Siskiyou,2021-01-02,1,574,1,457,0,117,0,0,1,574,0,0,1,574,California
Siskiyou,2021-01-03,1,575,0,457,1,118,0,0,1,575,0,0,1,575,California
Siskiyou,2021-01-04,130,705,3,460,127,245,0,0,130,705,0,0,130,705,California
Siskiyou,2021-01-05,117,822,4,464,113,358,0,0,116,820,1,1,116,821,California
Siskiyou,2021-01-06,59,881,6,470,53,411,0,0,55,871,4,5,55,876,California
Siskiyou,2021-01-07,175,1056,4,474,171,582,0,0,174,1044,1,6,174,1050,California
Siskiyou,2021-01-08,41,1097,3,477,38,620,0,0,39,1081,2,8,39,1089,California
Siskiyou,2021-01-09,2,1099,2,479,0,620,0,0,0,1079,2,10,0,1089,California
Siskiyou,2021-01-11,226,1325,65,544,161,781,0,0,163,1179,63,73,163,1252,California
Siskiyou,2021-01-12,322,1647,274,818,48,829,0,0,89,1036,233,306,90,1342,California
Siskiyou,2021-01-13,157,1804,137,955,20,849,0,0,23,925,134,440,23,1365,California
Siskiyou,2021-01-14,25,1829,1,956,24,873,0,0,24,948,1,441,24,1389,California
Siskiyou,2021-01-15,35,1864,3,959,32,905,0,0,35,983,0,441,35,1424,California
Siskiyou,2021-01-16,7,1871,2,961,5,910,0,0,7,990,0,441,7,1431,California
Siskiyou,2021-01-17,1,1872,1,962,0,910,0,0,0,989,1,442,0,1431,California
Siskiyou,2021-01-18,77,1949,4,966,73,983,0,0,75,1062,2,444,75,1506,California
Siskiyou,2021-01-19,21,1970,1,967,20,1003,0,0,20,1081,1,445,20,1526,California
Siskiyou,2021-01-20,47,2017,35,1002,12,1015,0,0,43,1120,4,449,43,1569,California
Siskiyou,2021-01-21,42,2059,1,1003,41,1056,0,0,42,1162,0,449,42,1611,California
Siskiyou,2021-01-22,1327,3386,1175,2178,152,1208,0,0,1327,2489,0,449,1327,2938,California
Siskiyou,2021-01-23,5,3391,1,2179,4,1212,0,0,2,2488,3,452,2,2940,California
Siskiyou,2021-01-25,182,3573,8,2187,174,1386,0,0,178,2662,4,456,178,3118,California
Siskiyou,2021-01-26,148,3721,3,2190,145,1531,0,0,140,2794,8,464,140,3258,California
Siskiyou,2021-01-27,181,3902,1,2191,180,1711,0,0,126,2865,55,519,126,3384,California
Siskiyou,2021-01-28,231,4133,117,2308,114,1825,0,0,225,3084,6,525,225,3609,California
Siskiyou,2021-01-29,249,4382,3,2311,246,2071,0,0,247,3329,2,527,247,3856,California
Siskiyou,2021-01-30,4,4386,3,2314,1,2072,0,0,4,3333,0,527,4,3860,California
Siskiyou,2021-02-01,195,4581,3,2317,192,2264,0,0,105,3348,90,617,105,3965,California
Siskiyou,2021-02-02,290,4871,45,2362,245,2509,0,0,147,3352,143,760,147,4112,California
Siskiyou,2021-02-03,314,5185,1,2363,313,2822,0,0,264,3566,50,810,264,4376,California
Siskiyou,2021-02-04,322,5507,7,2370,315,3137,0,0,200,3644,122,932,200,4576,California
Siskiyou,2021-02-05,511,6018,4,2374,507,3644,0,0,349,3831,162,1094,349,4925,California
Siskiyou,2021-02-06,15,6033,0,2374,15,3659,0,0,15,3846,0,1094,15,4940,California
Siskiyou,2021-02-07,3,6036,2,2376,1,3660,0,0,3,3849,0,1094,3,4943,California
Siskiyou,2021-02-08,221,6257,5,2381,216,3876,0,0,216,4060,5,1099,216,5159,California
Siskiyou,2021-02-09,197,6454,4,2385,193,4069,0,0,164,4191,33,1132,164,5323,California
Siskiyou,2021-02-10,370,6824,40,2425,330,4399,0,0,317,4456,52,1184,317,5640,California
Siskiyou,2021-02-11,189,7013,1,2426,188,4587,0,0,174,4615,15,1199,174,5814,California
Siskiyou,2021-02-12,1690,8703,1198,3624,492,5079,0,0,501,3927,1189,2388,501,6315,California
Siskiyou,2021-02-13,37,8740,2,3626,35,5114,0,0,33,3956,4,2392,33,6348,California
Siskiyou,2021-02-14,5,8745,1,3627,4,5118,0,0,5,3961,0,2392,5,6353,California
Siskiyou,2021-02-15,108,8853,10,3637,98,5216,0,0,106,4065,2,2394,106,6459,California
Siskiyou,2021-02-16,114,8967,2,3639,112,5328,0,0,99,4149,15,2409,99,6558,California
Siskiyou,2021-02-17,184,9151,15,3654,169,5497,0,0,170,4305,14,2423,170,6728,California
Siskiyou,2021-02-18,221,9372,88,3742,133,5630,0,0,98,4280,123,2546,98,6826,California
Siskiyou,2021-02-19,71,9443,34,3776,37,5667,0,0,34,4277,37,2583,34,6860,California
Siskiyou,2021-02-20,21,9464,3,3779,18,5685,0,0,16,4288,5,2588,16,6876,California
Siskiyou,2021-02-21,1,9465,1,3780,0,5685,0,0,1,4289,0,2588,1,6877,California
Siskiyou,2021-02-22,125,9590,2,3782,123,5808,0,0,19,4202,106,2694,19,6896,California
Siskiyou,2021-02-23,197,9787,15,3797,182,5990,0,0,53,4111,144,2838,53,6949,California
Siskiyou,2021-02-24,150,9937,5,3802,145,6135,0,0,38,4037,112,2950,38,6987,California
Siskiyou,2021-02-25,301,10238,24,3826,277,6412,0,0,155,4046,146,3096,155,7142,California
Siskiyou,2021-02-26,671,10909,11,3837,660,7072,0,0,369,4113,302,3398,369,7511,California
Siskiyou,2021-02-27,32,10941,5,3842,27,7099,0,0,28,4137,4,3402,28,7539,California
Siskiyou,2021-02-28,6,10947,5,3847,1,7100,0,0,4,4139,2,3404,4,7543,California
Siskiyou,2021-03-01,280,11227,6,3853,274,7374,0,0,50,3959,230,3634,50,7593,California
Siskiyou,2021-03-02,190,11417,1,3854,189,7563,0,0,70,3909,120,3754,70,7663,California
Siskiyou,2021-03-03,348,11765,10,3864,338,7901,0,0,155,3871,193,3947,155,7818,California
Siskiyou,2021-03-04,793,12558,620,4484,173,8074,0,0,635,4348,158,4105,635,8453,California
Siskiyou,2021-03-05,326,12884,6,4490,309,8383,11,11,105,4246,218,4323,116,8569,California
Siskiyou,2021-03-06,43,12927,3,4493,33,8416,7,18,28,4266,15,4338,35,8604,California
Siskiyou,2021-03-07,12,12939,4,4497,0,8416,8,26,3,4268,9,4347,11,8615,California
Siskiyou,2021-03-08,360,13299,30,4527,295,8711,35,61,59,4061,301,4648,94,8709,California
Siskiyou,2021-03-09,164,13463,2,4529,108,8819,54,115,57,4065,107,4755,111,8820,California
Siskiyou,2021-03-10,222,13685,7,4536,185,9004,30,145,30,3933,192,4947,60,8880,California
Siskiyou,2021-03-11,476,14161,206,4742,223,9227,47,192,276,4057,199,5146,323,9203,California
Siskiyou,2021-03-12,651,14812,141,4883,471,9698,39,231,184,3817,465,5611,225,9428,California
Siskiyou,2021-03-13,429,15241,380,5263,26,9724,23,254,381,4174,48,5659,405,9833,California
Siskiyou,2021-03-14,20,15261,1,5264,3,9727,16,270,2,4174,18,5677,18,9851,California
Siskiyou,2021-03-15,457,15718,258,5522,177,9904,22,292,322,4383,135,5812,344,10195,California
Siskiyou,2021-03-16,257,15975,34,5556,206,10110,17,309,140,4424,116,5928,157,10352,California
Siskiyou,2021-03-17,201,16176,9,5565,184,10294,8,317,34,4299,167,6095,42,10394,California
Siskiyou,2021-03-18,929,17105,791,6356,126,10420,12,329,813,5008,116,6211,825,11219,California
Siskiyou,2021-03-19,68,17173,10,6366,45,10465,13,342,20,4993,48,6259,33,11252,California
Siskiyou,2021-03-20,30,17203,7,6373,18,10483,5,347,6,4980,24,6283,11,11263,California
Siskiyou,2021-03-21,10,17213,4,6377,1,10484,5,352,4,4983,6,6289,9,11272,California
Siskiyou,2021-03-22,208,17421,21,6398,165,10649,22,374,145,5090,60,6349,167,11439,California
Siskiyou,2021-03-23,197,17618,20,6418,167,10816,10,384,142,5187,55,6404,152,11591,California
Siskiyou,2021-03-24,142,17760,47,6465,95,10911,0,384,115,5275,27,6431,115,11706,California
Siskiyou,2021-03-25,571,18331,319,6784,249,11160,3,387,400,5507,171,6602,403,12109,California
Siskiyou,2021-03-26,305,18636,35,6819,270,11430,0,387,104,5412,199,6801,104,12213,California
Siskiyou,2021-03-27,37,18673,4,6823,28,11458,5,392,9,5398,28,6829,14,12227,California
Siskiyou,2021-03-28,9,18682,8,6831,1,11459,0,392,5,5399,4,6833,5,12232,California
Siskiyou,2021-03-29,96,18778,10,6841,84,11543,2,394,46,5397,50,6883,48,12280,California
Siskiyou,2021-03-30,102,18880,7,6848,94,11637,1,395,41,5378,61,6944,42,12322,California
Siskiyou,2021-03-31,190,19070,20,6868,167,11804,3,398,48,5289,141,7085,52,12374,California
Siskiyou,2021-04-01,831,19901,673,7541,158,11962,0,398,214,4886,617,7702,214,12588,California
Siskiyou,2021-04-02,347,20248,197,7738,146,12108,4,402,66,4677,279,7981,70,12658,California
Siskiyou,2021-04-03,26,20274,5,7743,14,12122,7,409,5,4668,21,8002,12,12670,California
Siskiyou,2021-04-04,2,20276,1,7744,1,12123,0,409,1,4668,1,8003,1,12671,California
Siskiyou,2021-04-05,439,20715,332,8076,81,12204,26,435,27,4310,411,8414,53,12724,California
Siskiyou,2021-04-06,220,20935,36,8112,131,12335,53,488,126,4395,93,8507,178,12902,California
Siskiyou,2021-04-07,116,21051,11,8123,63,12398,42,530,66,4453,50,8557,108,13010,California
Siskiyou,2021-04-08,354,21405,186,8309,127,12525,41,571,64,4268,290,8847,105,13115,California
Siskiyou,2021-04-09,548,21953,379,8688,131,12656,38,609,84,3928,463,9310,123,13238,California
Siskiyou,2021-04-10,45,21998,6,8694,2,12658,37,646,6,3932,39,9349,43,13281,California
Siskiyou,2021-04-11,8,22006,5,8699,1,12659,2,648,2,3930,6,9355,4,13285,California
Siskiyou,2021-04-12,129,22135,25,8724,103,12762,1,649,49,3900,80,9435,50,13335,California
Siskiyou,2021-04-13,208,22343,37,8761,170,12932,1,650,82,3857,126,9561,83,13418,California
Siskiyou,2021-04-14,156,22499,65,8826,91,13023,0,650,85,3873,69,9630,85,13503,California
Siskiyou,2021-04-15,1118,23617,959,9785,159,13182,0,650,438,3631,680,10310,438,13941,California
Siskiyou,2021-04-16,301,23918,207,9992,94,13276,0,650,270,3871,30,10340,270,14211,California
Siskiyou,2021-04-17,11,23929,8,10000,3,13279,0,650,7,3874,4,10344,7,14218,California
Siskiyou,2021-04-18,6,23935,3,10003,3,13282,0,650,2,3872,4,10348,2,14220,California
Siskiyou,2021-04-19,128,24063,25,10028,103,13385,0,650,45,3834,83,10431,45,14265,California
Siskiyou,2021-04-20,237,24300,5,10033,232,13617,0,650,94,3785,143,10574,94,14359,California
Siskiyou,2021-04-21,94,24394,10,10043,84,13701,0,650,25,3741,69,10643,25,14384,California
Siskiyou,2021-04-22,416,24810,302,10345,114,13815,0,650,51,3427,365,11008,51,14435,California
Siskiyou,2021-04-23,181,24991,15,10360,166,13981,0,650,159,3565,21,11029,159,14594,California
Siskiyou,2021-04-24,27,25018,4,10364,23,14004,0,650,19,3576,8,11037,19,14613,California
Siskiyou,2021-04-25,2,25020,0,10364,2,14006,0,650,2,3578,0,11037,2,14615,California
Siskiyou,2021-04-26,100,25120,6,10370,89,14095,5,655,25,3533,75,11112,30,14645,California
Siskiyou,2021-04-27,103,25223,4,10374,97,14192,2,657,84,3602,17,11129,86,14731,California
Siskiyou,2021-04-28,110,25333,8,10382,94,14286,8,665,52,3604,58,11187,60,14791,California
Siskiyou,2021-04-29,105,25438,14,10396,91,14377,0,665,25,3549,80,11267,25,14816,California
Siskiyou,2021-04-30,101,25539,20,10416,80,14457,1,666,44,3539,54,11321,44,14860,California
Siskiyou,2021-05-01,11,25550,7,10423,1,14458,3,669,7,3545,4,11325,10,14870,California
Siskiyou,2021-05-02,11,25561,5,10428,6,14464,0,669,9,3552,2,11327,9,14879,California
Siskiyou,2021-05-03,110,25671,23,10451,85,14549,2,671,47,3538,63,11390,49,14928,California
Siskiyou,2021-05-04,123,25794,6,10457,115,14664,2,673,62,3542,60,11450,64,14992,California
Siskiyou,2021-05-05,118,25912,22,10479,87,14751,9,682,40,3514,77,11527,49,15041,California
Siskiyou,2021-05-06,367,26279,296,10775,65,14816,6,688,190,3533,177,11704,196,15237,California
Siskiyou,2021-05-07,309,26588,219,10994,85,14901,5,693,33,3296,275,11979,38,15275,California
Siskiyou,2021-05-08,24,26612,4,10998,19,14920,1,694,18,3309,6,11985,19,15294,California
Siskiyou,2021-05-09,1,26613,0,10998,1,14921,0,694,0,3308,1,11986,0,15294,California
Siskiyou,2021-05-10,98,26711,67,11065,30,14951,1,695,20,3251,78,12064,21,15315,California
Siskiyou,2021-05-11,82,26793,4,11069,73,15024,5,700,47,3268,35,12099,52,15367,California
Siskiyou,2021-05-12,53,26846,4,11073,45,15069,4,704,15,3249,38,12137,19,15386,California
Siskiyou,2021-05-13,76,26922,31,11104,36,15105,9,713,33,3248,43,12180,42,15428,California
Siskiyou,2021-05-14,170,27092,82,11186,87,15192,1,714,103,3286,66,12246,104,15532,California
Siskiyou,2021-05-15,45,27137,14,11200,29,15221,2,716,38,3320,6,12252,40,15572,California
Siskiyou,2021-05-16,6,27143,2,11202,4,15225,0,716,4,3322,2,12254,4,15576,California
Siskiyou,2021-05-17,66,27209,2,11204,41,15266,23,739,12,3303,54,12308,35,15611,California
Siskiyou,2021-05-18,220,27429,82,11286,134,15400,4,743,123,3334,96,12404,127,15738,California
Siskiyou,2021-05-19,156,27585,96,11382,59,15459,1,744,124,3427,32,12436,125,15863,California
Siskiyou,2021-05-20,496,28081,425,11807,69,15528,2,746,228,3389,268,12704,230,16093,California
Siskiyou,2021-05-21,172,28253,86,11893,85,15613,1,747,98,3415,73,12777,99,16192,California
Siskiyou,2021-05-22,40,28293,19,11912,21,15634,0,747,24,3423,16,12793,24,16216,California
Siskiyou,2021-05-23,3,28296,3,11915,0,15634,0,747,1,3422,2,12795,1,16217,California
Siskiyou,2021-05-24,22,28318,5,11920,17,15651,0,747,9,3419,12,12807,9,16226,California
Siskiyou,2021-05-25,143,28461,13,11933,114,15765,16,763,43,3379,99,12906,59,16285,California
Siskiyou,2021-05-26,75,28536,20,11953,55,15820,0,763,42,3388,33,12939,42,16327,California
Siskiyou,2021-05-27,135,28671,96,12049,36,15856,3,766,61,3379,74,13013,65,16392,California
Siskiyou,2021-05-28,140,28811,53,12102,86,15942,1,767,89,3419,50,13063,90,16482,California
Siskiyou,2021-05-29,17,28828,9,12111,6,15948,2,769,8,3420,9,13072,10,16492,California
Siskiyou,2021-05-31,2,28830,1,12112,0,15948,1,770,1,3421,1,13073,2,16494,California
Siskiyou,2021-06-01,84,28914,16,12128,68,16016,0,770,29,3396,54,13127,29,16523,California
Siskiyou,2021-06-02,121,29035,33,12161,88,16104,0,770,44,3363,77,13204,44,16567,California
Siskiyou,2021-06-03,108,29143,90,12251,17,16121,1,771,17,3290,91,13295,18,16585,California
Solano,2020-12-15,4,4,4,4,0,0,0,0,4,4,0,0,4,4,California
Solano,2020-12-16,71,75,71,75,0,0,0,0,71,75,0,0,71,75,California
Solano,2020-12-17,154,229,154,229,0,0,0,0,154,229,0,0,154,229,California
Solano,2020-12-18,446,675,445,674,1,1,0,0,446,675,0,0,446,675,California
Solano,2020-12-19,522,1197,522,1196,0,1,0,0,522,1197,0,0,522,1197,California
Solano,2020-12-20,356,1553,354,1550,2,3,0,0,356,1553,0,0,356,1553,California
Solano,2020-12-21,573,2126,571,2121,2,5,0,0,573,2126,0,0,573,2126,California
Solano,2020-12-22,663,2789,630,2751,33,38,0,0,663,2789,0,0,663,2789,California
Solano,2020-12-23,870,3659,779,3530,91,129,0,0,869,3657,1,1,869,3658,California
Solano,2020-12-24,423,4082,171,3701,252,381,0,0,423,4080,0,1,423,4081,California
Solano,2020-12-25,10,4092,2,3703,8,389,0,0,10,4090,0,1,10,4091,California
Solano,2020-12-26,173,4265,47,3750,126,515,0,0,173,4263,0,1,173,4264,California
Solano,2020-12-27,105,4370,29,3779,76,591,0,0,105,4368,0,1,105,4369,California
Solano,2020-12-28,867,5237,422,4201,445,1036,0,0,867,5235,0,1,867,5236,California
Solano,2020-12-29,903,6140,375,4576,528,1564,0,0,903,6138,0,1,903,6139,California
Solano,2020-12-30,1235,7375,599,5175,636,2200,0,0,1235,7373,0,1,1235,7374,California
Solano,2020-12-31,538,7913,137,5312,401,2601,0,0,538,7911,0,1,538,7912,California
Solano,2021-01-01,14,7927,13,5325,1,2602,0,0,14,7925,0,1,14,7926,California
Solano,2021-01-02,213,8140,165,5490,48,2650,0,0,213,8138,0,1,213,8139,California
Solano,2021-01-03,57,8197,40,5530,17,2667,0,0,52,8190,0,1,52,8191,California
Solano,2021-01-04,452,8649,246,5776,206,2873,0,0,442,8629,3,4,442,8633,California
Solano,2021-01-05,729,9378,376,6152,353,3226,0,0,575,9055,149,153,575,9208,California
Solano,2021-01-06,846,10224,439,6591,407,3633,0,0,581,9373,263,416,581,9789,California
Solano,2021-01-07,1068,11292,685,7276,383,4016,0,0,609,9526,457,873,610,10399,California
Solano,2021-01-08,1145,12437,779,8055,366,4382,0,0,554,9509,573,1446,556,10955,California
Solano,2021-01-09,888,13325,765,8820,123,4505,0,0,428,9480,457,1903,428,11383,California
Solano,2021-01-10,254,13579,194,9014,60,4565,0,0,152,9530,102,2005,152,11535,California
Solano,2021-01-11,1334,14913,1120,10134,214,4779,0,0,817,9830,517,2522,817,12352,California
Solano,2021-01-12,1572,16485,1172,11306,400,5179,0,0,1021,10302,550,3072,1022,13374,California
Solano,2021-01-13,1465,17950,1006,12312,459,5638,0,0,1205,11249,258,3330,1205,14579,California
Solano,2021-01-14,1892,19842,814,13126,1078,6716,0,0,1577,12512,314,3644,1577,16156,California
Solano,2021-01-15,1720,21562,1059,14185,661,7377,0,0,1423,13638,297,3941,1423,17579,California
Solano,2021-01-16,1295,22857,905,15090,390,7767,0,0,1120,14583,175,4116,1120,18699,California
Solano,2021-01-17,1055,23912,759,15849,296,8063,0,0,1035,15599,20,4136,1036,19735,California
Solano,2021-01-18,1427,25339,854,16703,573,8636,0,0,1310,16793,117,4253,1311,21046,California
Solano,2021-01-19,1655,26994,1340,18043,315,8951,0,0,1384,17907,270,4523,1384,22430,California
Solano,2021-01-20,2036,29030,1423,19466,613,9564,0,0,1549,18972,484,5007,1549,23979,California
Solano,2021-01-21,3194,32224,1018,20484,2176,11740,0,0,2842,21463,352,5359,2843,26822,California
Solano,2021-01-22,1774,33998,845,21329,929,12669,0,0,1581,22851,193,5552,1581,28403,California
Solano,2021-01-23,738,34736,242,21571,496,13165,0,0,533,23179,206,5758,534,28937,California
Solano,2021-01-24,404,35140,61,21632,343,13508,0,0,337,23449,67,5825,337,29274,California
Solano,2021-01-25,1672,36812,631,22263,1041,14549,0,0,1115,24009,556,6381,1116,30390,California
Solano,2021-01-26,1800,38612,747,23010,1053,15602,0,0,1163,24536,637,7018,1164,31554,California
Solano,2021-01-27,1811,40423,725,23735,1086,16688,0,0,1197,25124,609,7627,1197,32751,California
Solano,2021-01-28,1966,42389,710,24445,1256,17944,0,0,1372,25904,593,8220,1373,34124,California
Solano,2021-01-29,1717,44106,786,25231,931,18875,0,0,1351,26891,364,8584,1351,35475,California
Solano,2021-01-30,957,45063,459,25690,498,19373,0,0,611,27157,346,8930,612,36087,California
Solano,2021-01-31,251,45314,158,25848,93,19466,0,0,177,27260,74,9004,177,36264,California
Solano,2021-02-01,1559,46873,1036,26884,523,19989,0,0,777,27258,779,9783,777,37041,California
Solano,2021-02-02,3372,50245,1100,27984,2272,22261,0,0,2557,29004,811,10594,2557,39598,California
Solano,2021-02-03,2269,52514,1310,29294,959,23220,0,0,1168,29074,1098,11692,1168,40766,California
Solano,2021-02-04,1801,54315,903,30197,898,24118,0,0,1073,29424,723,12415,1073,41839,California
Solano,2021-02-05,3107,57422,1422,31619,1685,25803,0,0,2098,30521,1001,13416,2098,43937,California
Solano,2021-02-06,3064,60486,1170,32789,1894,27697,0,0,2246,31953,814,14230,2246,46183,California
Solano,2021-02-07,848,61334,784,33573,64,27761,0,0,236,31578,611,14841,236,46419,California
Solano,2021-02-08,1765,63099,1243,34816,522,28283,0,0,718,31251,1045,15886,718,47137,California
Solano,2021-02-09,1953,65052,1486,36302,467,28750,0,0,698,30695,1254,17140,698,47835,California
Solano,2021-02-10,2267,67319,1496,37798,771,29521,0,0,824,30076,1443,18583,824,48659,California
Solano,2021-02-11,2518,69837,1492,39290,1026,30547,0,0,1198,29965,1309,19892,1198,49857,California
Solano,2021-02-12,4231,74068,1630,40920,2601,33148,0,0,2881,31503,1343,21235,2881,52738,California
Solano,2021-02-13,2869,76937,250,41170,2619,35767,0,0,2454,33545,412,21647,2454,55192,California
Solano,2021-02-14,726,77663,204,41374,522,36289,0,0,404,33630,320,21967,405,55597,California
Solano,2021-02-15,1329,78992,325,41699,1004,37293,0,0,687,33676,641,22608,687,56284,California
Solano,2021-02-16,2562,81554,1388,43087,1174,38467,0,0,1663,34442,898,23506,1664,57948,California
Solano,2021-02-17,3226,84780,1455,44542,1771,40238,0,0,2180,35581,1042,24548,2181,60129,California
Solano,2021-02-18,2883,87663,843,45385,2040,42278,0,0,862,34429,2015,26563,863,60992,California
Solano,2021-02-19,2427,90090,1446,46831,981,43259,0,0,1171,34351,1251,27814,1173,62165,California
Solano,2021-02-20,2577,92667,383,47214,2194,45453,0,0,2107,35987,471,28285,2107,64272,California
Solano,2021-02-21,2192,94859,1879,49093,313,45766,0,0,1881,37561,307,28592,1881,66153,California
Solano,2021-02-22,1777,96636,1054,50147,723,46489,0,0,935,37658,840,29432,937,67090,California
Solano,2021-02-23,2867,99503,1089,51236,1778,48267,0,0,1948,38691,915,30347,1948,69038,California
Solano,2021-02-24,2487,101990,1245,52481,1242,49509,0,0,1382,38970,1103,31450,1382,70420,California
Solano,2021-02-25,2413,104403,1450,53931,963,50472,0,0,1317,39196,1091,32541,1317,71737,California
Solano,2021-02-26,3192,107595,2034,55965,1158,51630,0,0,1864,39737,1323,33864,1864,73601,California
Solano,2021-02-27,3663,111258,1382,57347,2280,53910,1,1,2959,42001,696,34560,2960,76561,California
Solano,2021-02-28,1370,112628,1039,58386,331,54241,0,1,1087,42809,280,34840,1088,77649,California
Solano,2021-03-01,2458,115086,1057,59443,1400,55641,1,2,1855,44067,598,35438,1856,79505,California
Solano,2021-03-02,2256,117342,1402,60845,854,56495,0,2,1289,44390,966,36404,1289,80794,California
Solano,2021-03-03,2242,119584,1261,62106,981,57476,0,2,1390,44937,844,37248,1391,82185,California
Solano,2021-03-04,4388,123972,3437,65543,949,58425,2,4,3164,46892,1214,38462,3169,85354,California
Solano,2021-03-05,4938,128910,1685,67228,3248,61673,5,9,3967,49903,961,39423,3972,89326,California
Solano,2021-03-06,3857,132767,834,68062,2984,64657,39,48,2651,51398,1195,40618,2690,92016,California
Solano,2021-03-07,3584,136351,761,68823,2813,67470,10,58,1968,51773,1604,42222,1979,93995,California
Solano,2021-03-08,2142,138493,1342,70165,530,68000,270,328,1620,53144,517,42739,1888,95883,California
Solano,2021-03-09,3226,141719,1570,71735,1602,69602,54,382,2326,54622,899,43638,2377,98260,California
Solano,2021-03-10,2430,144149,1766,73501,579,70181,85,467,1273,54828,1152,44790,1358,99618,California
Solano,2021-03-11,6035,150184,1760,75261,4021,74202,254,721,4980,59012,1051,45841,5235,104853,California
Solano,2021-03-12,6034,156218,1571,76832,4285,78487,178,899,3193,59548,2837,48678,3373,108226,California
Solano,2021-03-13,4591,160809,805,77637,3702,82189,84,983,2243,59538,2341,51019,2331,110557,California
Solano,2021-03-14,4009,164818,3131,80768,423,82612,455,1438,1646,59278,2358,53377,2098,112655,California
Solano,2021-03-15,4022,168840,2457,83225,1245,83857,320,1758,2518,60619,1496,54873,2837,115492,California
Solano,2021-03-16,3094,171934,1324,84549,1534,85391,236,1994,1577,60919,1513,56386,1813,117305,California
Solano,2021-03-17,6466,178400,1682,86231,4693,90084,91,2085,4967,64481,1496,57882,5058,122363,California
Solano,2021-03-18,5212,183612,1849,88080,3324,93408,39,2124,3836,66989,1368,59250,3876,126239,California
Solano,2021-03-19,3568,187180,2637,90717,856,94264,75,2199,1811,67129,1749,60999,1889,128128,California
Solano,2021-03-20,5573,192753,1677,92394,3842,98106,54,2253,2852,67323,2712,63711,2906,131034,California
Solano,2021-03-21,1685,194438,1579,93973,81,98187,25,2278,858,67380,824,64535,881,131915,California
Solano,2021-03-22,2677,197115,2042,96015,584,98771,51,2329,1662,68081,1008,65543,1709,133624,California
Solano,2021-03-23,3531,200646,1672,97687,1816,100587,43,2372,1414,67425,2113,67656,1457,135081,California
Solano,2021-03-24,2834,203480,1774,99461,1025,101612,35,2407,1375,67380,1453,69109,1408,136489,California
Solano,2021-03-25,4874,208354,3992,103453,847,102459,35,2442,2275,67096,2595,71704,2311,138800,California
Solano,2021-03-26,3231,211585,2099,105552,1094,103553,38,2480,1742,67396,1480,73184,1780,140580,California
Solano,2021-03-27,4205,215790,1157,106709,3011,106564,37,2517,1796,66826,2403,75587,1833,142413,California
Solano,2021-03-28,1420,217210,1112,107821,290,106854,18,2535,551,66530,865,76452,569,142982,California
Solano,2021-03-29,3515,220725,2046,109867,1452,108306,17,2552,1580,66209,1922,78374,1601,144583,California
Solano,2021-03-30,3034,223759,2014,111881,929,109235,91,2643,1890,67047,1143,79517,1981,146564,California
Solano,2021-03-31,3145,226904,2140,114021,845,110080,160,2803,1844,67750,1298,80815,2001,148565,California
Solano,2021-04-01,5560,232464,2114,116135,3294,113374,152,2955,3517,69389,2030,82845,3669,152234,California
Solano,2021-04-02,6621,239085,2233,118368,4221,117595,167,3122,2555,68070,4050,86895,2731,154965,California
Solano,2021-04-03,1533,240618,966,119334,412,118007,155,3277,569,67832,962,87857,724,155689,California
Solano,2021-04-04,782,241400,288,119622,191,118198,303,3580,240,67837,538,88395,543,156232,California
Solano,2021-04-05,2991,244391,2044,121666,740,118938,207,3787,1514,68082,1475,89870,1720,157952,California
Solano,2021-04-06,6064,250455,1641,123307,3932,122870,491,4278,1642,65830,4415,94285,2163,160115,California
Solano,2021-04-07,5943,256398,4597,127904,946,123816,400,4678,3376,67066,2548,96833,3784,163899,California
Solano,2021-04-08,6471,262869,1800,129704,3803,127619,868,5546,1817,65133,4625,101458,2692,166591,California
Solano,2021-04-09,6299,269168,1669,131373,3778,131397,852,6398,1520,62754,4755,106213,2376,168967,California
Solano,2021-04-10,1738,270906,956,132329,453,131850,329,6727,801,62947,936,107149,1129,170096,California
Solano,2021-04-11,1236,272142,770,133099,337,132187,129,6856,643,63129,590,107739,772,170868,California
Solano,2021-04-12,3266,275408,1683,134782,1223,133410,360,7216,1348,62923,1913,109652,1707,172575,California
Solano,2021-04-13,2541,277949,1095,135877,1445,134855,1,7217,1325,63038,1212,110864,1327,173902,California
Solano,2021-04-14,6460,284409,1949,137826,4511,139366,0,7217,1811,60210,4641,115505,1813,175715,California
Solano,2021-04-15,5673,290082,2142,139968,3531,142897,0,7217,1716,57983,3943,119448,1716,177431,California
Solano,2021-04-16,3673,293755,2577,142545,1094,143991,2,7219,2281,58879,1387,120835,2283,179714,California
Solano,2021-04-17,3253,297008,1062,143607,2191,146182,0,7219,1112,57859,2133,122968,1113,180827,California
Solano,2021-04-18,1004,298012,610,144217,394,146576,0,7219,528,57912,475,123443,528,181355,California
Solano,2021-04-19,2108,300120,1158,145375,950,147526,0,7219,1172,58155,931,124374,1174,182529,California
Solano,2021-04-20,3026,303146,1846,147221,1180,148706,0,7219,1682,58498,1339,125713,1682,184211,California
Solano,2021-04-21,3776,306922,2333,149554,1443,150149,0,7219,1988,58703,1783,127496,1988,186199,California
Solano,2021-04-22,2941,309863,1488,151042,1453,151602,0,7219,1781,59326,1158,128654,1781,187980,California
Solano,2021-04-23,4152,314015,2086,153128,2066,153668,0,7219,2499,60179,1647,130301,2500,190480,California
Solano,2021-04-24,3826,317841,2294,155422,1530,155198,2,7221,2530,61501,1210,131511,2532,193012,California
Solano,2021-04-25,1427,319268,1113,156535,314,155512,0,7221,1128,62337,292,131803,1128,194140,California
Solano,2021-04-26,2470,321738,1598,158133,868,156380,4,7225,1323,62529,1135,132938,1327,195467,California
Solano,2021-04-27,2516,324254,1256,159389,1235,157615,25,7250,1424,62896,1083,134021,1450,196917,California
Solano,2021-04-28,5584,329838,4601,163990,937,158552,46,7296,3434,64237,2139,136160,3480,200397,California
Solano,2021-04-29,4161,333999,1265,165255,2864,161416,32,7328,1690,63496,2463,138623,1722,202119,California
Solano,2021-04-30,4098,338097,2190,167445,1771,163187,137,7465,1892,63335,2190,140813,2029,204148,California
Solano,2021-05-01,2174,340271,1676,169121,298,163485,200,7665,1293,63952,876,141689,1493,205641,California
Solano,2021-05-02,1207,341478,946,170067,236,163721,25,7690,667,64109,535,142224,692,206333,California
Solano,2021-05-03,1450,342928,1008,171075,355,164076,87,7777,592,63932,857,143081,680,207013,California
Solano,2021-05-04,1795,344723,1048,172123,682,164758,65,7842,807,63818,986,144067,872,207885,California
Solano,2021-05-05,2253,346976,1410,173533,730,165488,113,7955,1082,63844,1167,145234,1193,209078,California
Solano,2021-05-06,1981,348957,1183,174716,591,166079,207,8162,719,63516,1254,146488,926,210004,California
Solano,2021-05-07,2774,351731,1920,176636,736,166815,118,8280,959,62783,1808,148296,1075,211079,California
Solano,2021-05-08,1370,353101,830,177466,425,167240,115,8395,476,62484,890,149186,591,211670,California
Solano,2021-05-09,417,353518,241,177707,165,167405,11,8406,155,62392,259,149445,167,211837,California
Solano,2021-05-10,1317,354835,604,178311,610,168015,103,8509,381,61944,933,150378,485,212322,California
Solano,2021-05-11,2245,357080,1136,179447,1025,169040,84,8593,631,61050,1609,151987,715,213037,California
Solano,2021-05-12,2049,359129,1152,180599,726,169766,171,8764,676,60537,1358,153345,845,213882,California
Solano,2021-05-13,2879,362008,1979,182578,692,170458,208,8972,1520,60910,1355,154700,1728,215610,California
Solano,2021-05-14,2414,364422,1625,184203,668,171126,121,9093,1010,60646,1395,156095,1131,216741,California
Solano,2021-05-15,2866,367288,2235,186438,569,171695,62,9155,1178,60209,1677,157772,1240,217981,California
Solano,2021-05-16,1489,368777,1092,187530,364,172059,33,9188,243,59241,1243,159015,275,218256,California
Solano,2021-05-17,2454,371231,1405,188935,963,173022,86,9274,935,58759,1499,160514,1017,219273,California
Solano,2021-05-18,2901,374132,1613,190548,1199,174221,89,9363,1480,58918,1409,161923,1568,220841,California
Solano,2021-05-19,4930,379062,3400,193948,1424,175645,106,9469,2115,58336,2804,164727,2222,223063,California
Solano,2021-05-20,2251,381313,1359,195307,842,176487,50,9519,979,58100,1265,165992,1029,224092,California
Solano,2021-05-21,3144,384457,1596,196903,1488,177975,60,9579,1256,57539,1877,167869,1316,225408,California
Solano,2021-05-22,2147,386604,1662,198565,427,178402,58,9637,921,57299,1219,169088,979,226387,California
Solano,2021-05-23,1198,387802,1037,199602,151,178553,10,9647,663,57440,532,169620,673,227060,California
Solano,2021-05-24,1823,389625,1031,200633,722,179275,70,9717,634,56959,1184,170804,703,227763,California
Solano,2021-05-25,1614,391239,819,201452,739,180014,56,9773,593,56595,1013,171817,649,228412,California
Solano,2021-05-26,1857,393096,1068,202520,737,180751,52,9825,762,56322,1087,172904,814,229226,California
Solano,2021-05-27,1812,394908,797,203317,943,181694,72,9897,820,56226,987,173891,891,230117,California
Solano,2021-05-28,1896,396804,917,204234,926,182620,53,9950,680,55752,1208,175099,734,230851,California
Solano,2021-05-29,641,397445,314,204548,298,182918,29,9979,328,55797,311,175410,356,231207,California
Solano,2021-05-30,332,397777,160,204708,148,183066,24,10003,125,55742,204,175614,149,231356,California
Solano,2021-05-31,127,397904,18,204726,98,183164,11,10014,24,55674,103,175717,35,231391,California
Solano,2021-06-01,1783,399687,1129,205855,579,183743,75,10089,733,55436,1045,176762,807,232198,California
Solano,2021-06-02,1526,401213,1006,206861,458,184201,62,10151,695,55365,826,177588,755,232953,California
Solano,2021-06-03,705,401918,472,207333,171,184372,62,10213,240,55202,465,178053,302,233255,California
Sonoma,2020-12-15,4,4,4,4,0,0,0,0,4,4,0,0,4,4,California
Sonoma,2020-12-16,27,31,27,31,0,0,0,0,27,31,0,0,27,31,California
Sonoma,2020-12-17,105,136,105,136,0,0,0,0,105,136,0,0,105,136,California
Sonoma,2020-12-18,423,559,423,559,0,0,0,0,423,559,0,0,423,559,California
Sonoma,2020-12-19,112,671,111,670,1,1,0,0,112,671,0,0,112,671,California
Sonoma,2020-12-20,175,846,175,845,0,1,0,0,175,846,0,0,175,846,California
Sonoma,2020-12-21,910,1756,908,1753,2,3,0,0,909,1755,0,0,909,1755,California
Sonoma,2020-12-22,1354,3110,1263,3016,91,94,0,0,1354,3109,0,0,1354,3109,California
Sonoma,2020-12-23,1608,4718,1233,4249,375,469,0,0,1609,4718,0,0,1609,4718,California
Sonoma,2020-12-24,305,5023,101,4350,204,673,0,0,305,5023,0,0,305,5023,California
Sonoma,2020-12-25,8,5031,2,4352,6,679,0,0,8,5031,0,0,8,5031,California
Sonoma,2020-12-26,268,5299,257,4609,11,690,0,0,268,5299,0,0,268,5299,California
Sonoma,2020-12-27,94,5393,80,4689,14,704,0,0,94,5393,0,0,94,5393,California
Sonoma,2020-12-28,985,6378,552,5241,433,1137,0,0,956,6349,0,0,956,6349,California
Sonoma,2020-12-29,1129,7507,777,6018,352,1489,0,0,1096,7445,0,0,1096,7445,California
Sonoma,2020-12-30,1095,8602,480,6498,615,2104,0,0,1087,8532,0,0,1087,8532,California
Sonoma,2020-12-31,517,9119,71,6569,446,2550,0,0,518,9050,0,0,518,9050,California
Sonoma,2021-01-01,16,9135,8,6577,8,2558,0,0,16,9066,0,0,16,9066,California
Sonoma,2021-01-02,134,9269,126,6703,8,2566,0,0,134,9200,0,0,134,9200,California
Sonoma,2021-01-03,25,9294,10,6713,15,2581,0,0,25,9225,0,0,25,9225,California
Sonoma,2021-01-04,343,9637,106,6819,237,2818,0,0,342,9567,0,0,342,9567,California
Sonoma,2021-01-05,435,10072,102,6921,333,3151,0,0,410,9962,15,15,410,9977,California
Sonoma,2021-01-06,952,11024,435,7356,517,3668,0,0,840,10696,106,121,840,10817,California
Sonoma,2021-01-07,1034,12058,538,7894,496,4164,0,0,863,11389,170,291,863,11680,California
Sonoma,2021-01-08,1796,13854,1235,9129,561,4725,0,0,1322,12239,472,763,1322,13002,California
Sonoma,2021-01-09,641,14495,404,9533,237,4962,0,0,592,12782,49,812,592,13594,California
Sonoma,2021-01-10,472,14967,461,9994,11,4973,0,0,277,12864,195,1007,277,13871,California
Sonoma,2021-01-11,1385,16352,1238,11232,147,5120,0,0,414,12312,966,1973,414,14285,California
Sonoma,2021-01-12,1545,17897,1292,12524,253,5373,0,0,395,11559,1148,3121,395,14680,California
Sonoma,2021-01-13,2048,19945,1368,13892,680,6053,0,0,1181,11877,864,3985,1182,15862,California
Sonoma,2021-01-14,1542,21487,808,14700,734,6787,0,0,1312,12959,230,4215,1312,17174,California
Sonoma,2021-01-15,1561,23048,628,15328,933,7720,0,0,1340,14088,212,4427,1341,18515,California
Sonoma,2021-01-16,1147,24195,618,15946,529,8249,0,0,899,14743,244,4671,899,19414,California
Sonoma,2021-01-17,676,24871,552,16498,124,8373,0,0,596,15259,80,4751,596,20010,California
Sonoma,2021-01-18,1115,25986,939,17437,176,8549,0,0,625,15395,490,5241,626,20636,California
Sonoma,2021-01-19,2101,28087,1005,18442,1096,9645,0,0,1389,16075,710,5951,1390,22026,California
Sonoma,2021-01-20,2090,30177,630,19072,1460,11105,0,0,1425,16846,655,6606,1426,23452,California
Sonoma,2021-01-21,2272,32449,647,19719,1625,12730,0,0,2051,18679,219,6825,2052,25504,California
Sonoma,2021-01-22,2746,35195,1046,20765,1700,14430,0,0,2597,21128,148,6973,2597,28101,California
Sonoma,2021-01-23,766,35961,593,21358,173,14603,0,0,659,21681,106,7079,659,28760,California
Sonoma,2021-01-24,848,36809,717,22075,131,14734,0,0,831,22495,17,7096,831,29591,California
Sonoma,2021-01-25,2179,38988,521,22596,1658,16392,0,0,1693,23702,486,7582,1693,31284,California
Sonoma,2021-01-26,2048,41036,303,22899,1745,18137,0,0,1586,24827,461,8043,1586,32870,California
Sonoma,2021-01-27,3740,44776,1281,24180,2459,20596,0,0,3160,27412,578,8621,3163,36033,California
Sonoma,2021-01-28,4130,48906,1850,26030,2280,22876,0,0,3455,30196,672,9293,3456,39489,California
Sonoma,2021-01-29,3004,51910,1421,27451,1583,24459,0,0,2155,31505,847,10140,2156,41645,California
Sonoma,2021-01-30,2596,54506,2405,29856,191,24650,0,0,2252,33414,344,10484,2253,43898,California
Sonoma,2021-01-31,812,55318,698,30554,114,24764,0,0,582,33767,229,10713,582,44480,California
Sonoma,2021-02-01,2486,57804,854,31408,1632,26396,0,0,2104,35493,379,11092,2105,46585,California
Sonoma,2021-02-02,3595,61399,1395,32803,2200,28596,0,0,3012,37925,580,11672,3012,49597,California
Sonoma,2021-02-03,4057,65456,1331,34134,2726,31322,0,0,3119,40110,934,12606,3119,52716,California
Sonoma,2021-02-04,4225,69681,1733,35867,2492,33814,0,0,3429,42746,794,13400,3430,56146,California
Sonoma,2021-02-05,4835,74516,1751,37618,3084,36898,0,0,3805,45526,1026,14426,3806,59952,California
Sonoma,2021-02-06,2641,77157,2279,39897,362,37260,0,0,2108,47102,532,14958,2108,62060,California
Sonoma,2021-02-07,1541,78698,1405,41302,136,37396,0,0,1285,48131,256,15214,1285,63345,California
Sonoma,2021-02-08,3281,81979,1042,42344,2239,39635,0,0,2687,50225,593,15807,2687,66032,California
Sonoma,2021-02-09,3578,85557,1705,44049,1873,41508,0,0,3098,52846,478,16285,3099,69131,California
Sonoma,2021-02-10,4559,90116,2488,46537,2071,43579,0,0,3550,55394,1003,17288,3551,72682,California
Sonoma,2021-02-11,5594,95710,3027,49564,2567,46146,0,0,4402,58606,1190,18478,4402,77084,California
Sonoma,2021-02-12,5910,101620,3247,52811,2663,48809,0,0,4481,61665,1425,19903,4484,81568,California
Sonoma,2021-02-13,1993,103613,1151,53962,842,49651,0,0,1206,62087,784,20687,1206,82774,California
Sonoma,2021-02-14,2312,105925,1819,55781,493,50144,0,0,1567,62910,744,21431,1567,84341,California
Sonoma,2021-02-15,2149,108074,794,56575,1355,51499,0,0,1608,63977,541,21972,1608,85949,California
Sonoma,2021-02-16,4911,112985,2059,58634,2852,54351,0,0,3644,66359,1263,23235,3645,89594,California
Sonoma,2021-02-17,5616,118601,2911,61545,2705,57056,0,0,3582,67918,2025,25260,3584,93178,California
Sonoma,2021-02-18,6938,125539,3138,64683,3800,60856,0,0,4001,68994,2927,28187,4003,97181,California
Sonoma,2021-02-19,5521,131060,1665,66348,3856,64712,0,0,3422,70323,2094,30281,3423,100604,California
Sonoma,2021-02-20,3110,134170,2833,69181,277,64989,0,0,1208,69634,1897,32178,1208,101812,California
Sonoma,2021-02-21,533,134703,428,69609,105,65094,0,0,141,69386,389,32567,141,101953,California
Sonoma,2021-02-22,2878,137581,1357,70966,1521,66615,0,0,1196,68906,1677,34244,1197,103150,California
Sonoma,2021-02-23,3378,140959,2082,73048,1296,67911,0,0,1587,68706,1787,36031,1587,104737,California
Sonoma,2021-02-24,5656,146615,2551,75599,3105,71016,0,0,2905,68867,2745,38776,2906,107643,California
Sonoma,2021-02-25,5811,152426,2242,77841,3569,74585,0,0,3118,69315,2670,41446,3118,110761,California
Sonoma,2021-02-26,6273,158699,2765,80606,3508,78093,0,0,3964,70976,2303,43749,3964,114725,California
Sonoma,2021-02-27,4065,162764,1925,82531,2140,80233,0,0,2712,72337,1351,45100,2712,117437,California
Sonoma,2021-02-28,2328,165092,1840,84371,488,80721,0,0,610,71243,1704,46804,610,118047,California
Sonoma,2021-03-01,3769,168861,1154,85525,2614,83335,1,1,1896,71278,1863,48667,1898,119945,California
Sonoma,2021-03-02,4391,173252,1515,87040,2876,86211,0,1,2535,71964,1849,50516,2535,122480,California
Sonoma,2021-03-03,5074,178326,2644,89684,2430,88641,0,1,2337,71571,2730,53246,2337,124817,California
Sonoma,2021-03-04,5967,184293,2687,92371,3280,91921,0,1,2597,70812,3356,56602,2597,127414,California
Sonoma,2021-03-05,6505,190798,2866,95237,3624,95545,15,16,2751,69839,3740,60342,2767,130181,California
Sonoma,2021-03-06,2798,193596,1222,96459,1441,96986,135,151,1925,71032,866,61208,2059,132240,California
Sonoma,2021-03-07,1716,195312,1400,97859,280,97266,36,187,384,70122,1330,62538,420,132660,California
Sonoma,2021-03-08,4074,199386,662,98521,3237,100503,175,362,2391,71014,1672,64210,2564,135224,California
Sonoma,2021-03-09,5602,204988,3089,101610,2253,102756,260,622,2753,71183,2842,67052,3011,138235,California
Sonoma,2021-03-10,6043,211031,3213,104823,2482,105238,348,970,2445,70391,3584,70636,2792,141027,California
Sonoma,2021-03-11,7564,218595,3019,107842,3721,108959,824,1794,2583,68827,4971,75607,3407,144434,California
Sonoma,2021-03-12,7421,226016,2272,110114,3785,112744,1364,3158,2117,67021,5284,80891,3478,147912,California
Sonoma,2021-03-13,3422,229438,1694,111808,1490,114234,238,3396,2009,67855,1412,82303,2246,150158,California
Sonoma,2021-03-14,1386,230824,386,112194,859,115093,141,3537,849,68310,534,82837,989,151147,California
Sonoma,2021-03-15,5256,236080,1521,113715,3348,118441,387,3924,2199,67849,3046,85883,2585,153732,California
Sonoma,2021-03-16,6300,242380,2251,115966,3818,122259,231,4155,2913,67611,3380,89263,3142,156874,California
Sonoma,2021-03-17,6787,249167,3540,119506,3066,125325,181,4336,3297,67610,3478,92741,3477,160351,California
Sonoma,2021-03-18,7147,256314,2948,122454,3584,128909,615,4951,3189,67464,3947,96688,3801,164152,California
Sonoma,2021-03-19,7518,263832,3258,125712,4029,132938,231,5182,3210,66621,4289,100977,3446,167598,California
Sonoma,2021-03-20,3721,267553,1754,127466,1136,134074,831,6013,2041,67816,1672,102649,2867,170465,California
Sonoma,2021-03-21,1390,268943,603,128069,752,134826,35,6048,1215,68896,170,102819,1250,171715,California
Sonoma,2021-03-22,4576,273519,3116,131185,1357,136183,103,6151,3455,71340,1114,103933,3558,175273,California
Sonoma,2021-03-23,5867,279386,3640,134825,2152,138335,75,6226,4436,74430,1421,105354,4511,179784,California
Sonoma,2021-03-24,6822,286208,4280,139105,2474,140809,68,6294,4176,76047,2626,107980,4243,184027,California
Sonoma,2021-03-25,7133,293341,4205,143310,2816,143625,112,6406,4341,77734,2767,110747,4454,188481,California
Sonoma,2021-03-26,7456,300797,3470,146780,3891,147516,95,6501,3924,78241,3512,114259,4019,192500,California
Sonoma,2021-03-27,3868,304665,1511,148291,1995,149511,362,6863,1124,76992,2735,116994,1486,193986,California
Sonoma,2021-03-28,1513,306178,951,149242,535,150046,27,6890,946,77401,564,117558,973,194959,California
Sonoma,2021-03-29,2962,309140,1105,150347,1824,151870,33,6923,1669,77817,1286,118844,1702,196661,California
Sonoma,2021-03-30,5843,314983,3217,153564,2564,154434,62,6985,3044,78133,2792,121636,3108,199769,California
Sonoma,2021-03-31,5622,320605,3408,156972,2000,156434,214,7199,3244,79229,2365,124001,3461,203230,California
Sonoma,2021-04-01,6929,327534,4062,161034,2527,158961,340,7539,3760,80179,3142,127143,4092,207322,California
Sonoma,2021-04-02,5965,333499,3573,164607,2283,161244,109,7648,3578,81487,2379,129522,3687,211009,California
Sonoma,2021-04-03,3659,337158,1830,166437,1604,162848,225,7873,1610,81283,2037,131559,1833,212842,California
Sonoma,2021-04-04,1067,338225,694,167131,282,163130,91,7964,660,81632,402,131961,751,213593,California
Sonoma,2021-04-05,4407,342632,625,167756,3438,166568,344,8308,1648,80871,2752,134713,1991,215584,California
Sonoma,2021-04-06,6896,349528,3493,171249,2997,169565,406,8714,4009,82412,2873,137586,4414,219998,California
Sonoma,2021-04-07,6846,356374,3866,175115,2139,171704,841,9555,3331,83083,3505,141091,4176,224174,California
Sonoma,2021-04-08,7616,363990,4149,179264,2693,174397,774,10329,4172,84599,3435,144526,4951,229125,California
Sonoma,2021-04-09,6851,370841,3823,183087,2143,176540,885,11214,3529,85701,3309,147835,4411,233536,California
Sonoma,2021-04-10,3893,374734,1696,184783,1638,178178,559,11773,1133,84640,2751,150586,1690,235226,California
Sonoma,2021-04-11,1286,376020,607,185390,596,178774,83,11856,439,84316,846,151432,522,235748,California
Sonoma,2021-04-12,4954,380974,2060,187450,2409,181183,485,12341,1849,83552,3094,154526,2330,238078,California
Sonoma,2021-04-13,7849,388823,4650,192100,3197,184380,2,12343,2986,81699,4852,159378,2999,241077,California
Sonoma,2021-04-14,6562,395385,3733,195833,2809,187189,20,12363,2520,80211,4029,163407,2541,243618,California
Sonoma,2021-04-15,7231,402616,4101,199934,3130,190319,0,12363,3564,80122,3655,167062,3566,247184,California
Sonoma,2021-04-16,6789,409405,3410,203344,3377,193696,2,12365,3836,81014,2946,170008,3838,251022,California
Sonoma,2021-04-17,3197,412602,1558,204902,1639,195335,0,12365,1543,80918,1640,171648,1544,252566,California
Sonoma,2021-04-18,1291,413893,894,205796,397,195732,0,12365,452,80532,838,172486,452,253018,California
Sonoma,2021-04-19,3313,417206,1874,207670,1438,197170,1,12366,1440,80104,1869,174355,1441,254459,California
Sonoma,2021-04-20,6261,423467,3460,211130,2801,199971,0,12366,2339,78533,3911,178266,2340,256799,California
Sonoma,2021-04-21,6594,430061,4217,215347,2375,202346,2,12368,3024,78008,3550,181816,3025,259824,California
Sonoma,2021-04-22,6236,436297,4474,219821,1762,204108,0,12368,2512,76812,3708,185524,2512,262336,California
Sonoma,2021-04-23,7422,443719,4625,224446,2791,206899,6,12374,3624,76658,3785,189309,3631,265967,California
Sonoma,2021-04-24,2777,446496,1513,225959,1250,208149,14,12388,1546,76992,1226,190535,1560,267527,California
Sonoma,2021-04-25,1086,447582,788,226747,298,208447,0,12388,433,76775,650,191185,433,267960,California
Sonoma,2021-04-26,2778,450360,1294,228041,1456,209903,28,12416,1518,77068,1253,192438,1546,269506,California
Sonoma,2021-04-27,5346,455706,3645,231686,1592,211495,109,12525,2174,76191,3159,195597,2282,271788,California
Sonoma,2021-04-28,4867,460573,3199,234885,1473,212968,195,12720,2080,75690,2771,198368,2270,274058,California
Sonoma,2021-04-29,4842,465415,3438,238323,1259,214227,145,12865,1684,74372,3147,201515,1829,275887,California
Sonoma,2021-04-30,5445,470860,3623,241946,1528,215755,294,13159,1810,72853,3622,205137,2103,277990,California
Sonoma,2021-05-01,2483,473343,1781,243727,596,216351,106,13265,1235,72951,1239,206376,1337,279327,California
Sonoma,2021-05-02,866,474209,646,244373,169,216520,51,13316,553,73243,313,206689,605,279932,California
Sonoma,2021-05-03,3182,477391,1682,246055,1355,217875,145,13461,1052,72317,2121,208810,1195,281127,California
Sonoma,2021-05-04,4582,481973,2411,248466,1994,219869,177,13638,1466,70859,3096,211906,1638,282765,California
Sonoma,2021-05-05,3667,485640,2185,250651,1289,221158,193,13831,1309,70012,2347,214253,1500,284265,California
Sonoma,2021-05-06,4508,490148,2408,253059,1972,223130,128,13959,1345,68332,3151,217404,1471,285736,California
Sonoma,2021-05-07,3598,493746,2320,255379,1155,224285,123,14082,1086,67039,2502,219906,1209,286945,California
Sonoma,2021-05-08,1848,495594,1256,256635,500,224785,92,14174,751,66790,1092,220998,843,287788,California
Sonoma,2021-05-09,511,496105,295,256930,175,224960,41,14215,182,66687,326,221324,223,288011,California
Sonoma,2021-05-10,2308,498413,1035,257965,1139,226099,134,14349,288,65100,2006,223330,419,288430,California
Sonoma,2021-05-11,3506,501919,1897,259862,1494,227593,115,14464,954,63631,2538,225868,1069,289499,California
Sonoma,2021-05-12,3923,505842,2447,262309,1337,228930,139,14603,856,61568,3057,228925,994,290493,California
Sonoma,2021-05-13,4732,510574,2723,265032,1894,230824,115,14718,1568,60096,3153,232078,1681,292174,California
Sonoma,2021-05-14,5815,516389,3614,268646,2064,232888,137,14855,2231,58895,3570,235648,2369,294543,California
Sonoma,2021-05-15,2927,519316,2155,270801,710,233598,62,14917,1846,59729,1073,236721,1907,296450,California
Sonoma,2021-05-16,1309,520625,1090,271891,160,233758,59,14976,972,60428,333,237054,1032,297482,California
Sonoma,2021-05-17,2448,523073,1822,273713,531,234289,95,15071,964,60007,1479,238533,1058,298540,California
Sonoma,2021-05-18,4316,527389,2851,276564,1356,235645,109,15180,1515,58847,2783,241316,1623,300163,California
Sonoma,2021-05-19,3730,531119,2397,278961,1218,236863,115,15295,1499,58243,2218,243534,1614,301777,California
Sonoma,2021-05-20,3030,534149,2071,281032,867,237730,92,15387,1357,58024,1663,245197,1444,303221,California
Sonoma,2021-05-21,3791,537940,2144,283176,1518,239248,129,15516,1350,57070,2420,247617,1466,304687,California
Sonoma,2021-05-22,2065,540005,1118,284294,908,240156,39,15555,562,56180,1491,249108,601,305288,California
Sonoma,2021-05-23,1188,541193,1039,285333,136,240292,13,15568,650,56311,532,249640,663,305951,California
Sonoma,2021-05-24,1927,543120,1210,286543,585,240877,132,15700,645,55836,1251,250891,776,306727,California
Sonoma,2021-05-25,2905,546025,1793,288336,1025,241902,87,15787,778,54586,2112,253003,862,307589,California
Sonoma,2021-05-26,2455,548480,1725,290061,629,242531,101,15888,1008,54256,1436,254439,1106,308695,California
Sonoma,2021-05-27,2054,550534,1130,291191,826,243357,98,15986,765,53838,1280,255719,862,309557,California
Sonoma,2021-05-28,2139,552673,1119,292310,926,244283,94,16080,614,53032,1513,257232,707,310264,California
Sonoma,2021-05-29,1269,553942,850,293160,353,244636,66,16146,638,53113,623,257855,704,310968,California
Sonoma,2021-05-30,345,554287,219,293379,116,244752,10,16156,141,53064,200,258055,151,311119,California
Sonoma,2021-05-31,74,554361,28,293407,45,244797,1,16157,20,53031,54,258109,21,311140,California
Sonoma,2021-06-01,1891,556252,1094,294501,720,245517,77,16234,694,52614,1185,259294,768,311908,California
Sonoma,2021-06-02,1544,557796,952,295453,486,246003,106,16340,684,52547,856,260150,789,312697,California
Sonoma,2021-06-03,1308,559104,936,296389,315,246318,57,16397,279,51856,1024,261174,333,313030,California
Stanislaus,2020-12-15,3,3,3,3,0,0,0,0,3,3,0,0,3,3,California
Stanislaus,2020-12-16,37,40,37,40,0,0,0,0,37,40,0,0,37,40,California
Stanislaus,2020-12-17,75,115,75,115,0,0,0,0,75,115,0,0,75,115,California
Stanislaus,2020-12-18,338,453,332,447,6,6,0,0,338,453,0,0,338,453,California
Stanislaus,2020-12-19,134,587,134,581,0,6,0,0,134,587,0,0,134,587,California
Stanislaus,2020-12-20,86,673,86,667,0,6,0,0,86,673,0,0,86,673,California
Stanislaus,2020-12-21,1000,1673,999,1666,1,7,0,0,999,1672,1,1,1000,1673,California
Stanislaus,2020-12-22,795,2468,783,2449,12,19,0,0,795,2467,0,1,795,2468,California
Stanislaus,2020-12-23,451,2919,433,2882,18,37,0,0,450,2917,1,2,451,2919,California
Stanislaus,2020-12-24,98,3017,89,2971,9,46,0,0,98,3015,0,2,98,3017,California
Stanislaus,2020-12-26,52,3069,9,2980,43,89,0,0,52,3067,0,2,52,3069,California
Stanislaus,2020-12-27,11,3080,6,2986,5,94,0,0,11,3078,0,2,11,3080,California
Stanislaus,2020-12-28,488,3568,395,3381,93,187,0,0,488,3566,0,2,488,3568,California
Stanislaus,2020-12-29,495,4063,415,3796,80,267,0,0,495,4061,0,2,495,4063,California
Stanislaus,2020-12-30,535,4598,280,4076,255,522,0,0,534,4594,1,3,534,4597,California
Stanislaus,2020-12-31,276,4874,156,4232,120,642,0,0,276,4870,0,3,276,4873,California
Stanislaus,2021-01-01,14,4888,5,4237,9,651,0,0,14,4884,0,3,14,4887,California
Stanislaus,2021-01-02,34,4922,26,4263,8,659,0,0,34,4918,0,3,34,4921,California
Stanislaus,2021-01-03,90,5012,87,4350,3,662,0,0,90,5008,0,3,90,5011,California
Stanislaus,2021-01-04,233,5245,153,4503,80,742,0,0,233,5241,0,3,233,5244,California
Stanislaus,2021-01-05,838,6083,346,4849,492,1234,0,0,813,6038,24,27,821,6065,California
Stanislaus,2021-01-06,1004,7087,600,5449,404,1638,0,0,930,6900,71,98,933,6998,California
Stanislaus,2021-01-07,1079,8166,703,6152,376,2014,0,0,887,7604,186,284,890,7888,California
Stanislaus,2021-01-08,1276,9442,720,6872,556,2570,0,0,932,8201,341,625,938,8826,California
Stanislaus,2021-01-09,288,9730,142,7014,146,2716,0,0,198,8309,90,715,198,9024,California
Stanislaus,2021-01-10,48,9778,21,7035,27,2743,0,0,29,8319,19,734,29,9053,California
Stanislaus,2021-01-11,1499,11277,1218,8253,281,3024,0,0,570,7984,923,1657,588,9641,California
Stanislaus,2021-01-12,1470,12747,864,9117,606,3630,0,0,830,8188,636,2293,840,10481,California
Stanislaus,2021-01-13,1449,14196,690,9807,759,4389,0,0,1124,8999,324,2617,1135,11616,California
Stanislaus,2021-01-14,2238,16434,283,10090,1955,6344,0,0,2065,10965,170,2787,2136,13752,California
Stanislaus,2021-01-15,2829,19263,1162,11252,1667,8011,0,0,2671,13565,154,2941,2754,16506,California
Stanislaus,2021-01-16,473,19736,50,11302,423,8434,0,0,455,14005,17,2958,457,16963,California
Stanislaus,2021-01-17,244,19980,202,11504,42,8476,0,0,237,14236,6,2964,237,17200,California
Stanislaus,2021-01-18,2188,22168,1022,12526,1166,9642,0,0,1796,15721,387,3351,1872,19072,California
Stanislaus,2021-01-19,1256,23424,725,13251,531,10173,0,0,807,16084,445,3796,808,19880,California
Stanislaus,2021-01-20,1012,24436,490,13741,522,10695,0,0,717,16507,294,4090,717,20597,California
Stanislaus,2021-01-21,3693,28129,2977,16718,716,11411,0,0,3364,19656,325,4415,3474,24071,California
Stanislaus,2021-01-22,1095,29224,308,17026,787,12198,0,0,1050,20668,41,4456,1053,25124,California
Stanislaus,2021-01-23,359,29583,44,17070,315,12513,0,0,300,20911,58,4514,301,25425,California
Stanislaus,2021-01-24,302,29885,100,17170,202,12715,0,0,236,21083,66,4580,238,25663,California
Stanislaus,2021-01-25,3158,33043,227,17397,2931,15646,0,0,2828,23768,294,4874,2979,28642,California
Stanislaus,2021-01-26,1730,34773,748,18145,982,16628,0,0,1301,24664,422,5296,1318,29960,California
Stanislaus,2021-01-27,1895,36668,1054,19199,841,17469,0,0,1188,25192,661,5957,1189,31149,California
Stanislaus,2021-01-28,2211,38879,1511,20710,700,18169,0,0,1720,26492,482,6439,1782,32931,California
Stanislaus,2021-01-29,2446,41325,1197,21907,1249,19418,0,0,1912,27967,488,6927,1963,34894,California
Stanislaus,2021-01-30,294,41619,133,22040,161,19579,0,0,230,28144,53,6980,230,35124,California
Stanislaus,2021-01-31,369,41988,315,22355,54,19633,0,0,354,28486,12,6992,354,35478,California
Stanislaus,2021-02-01,1299,43287,586,22941,713,20346,0,0,943,29085,345,7337,944,36422,California
Stanislaus,2021-02-02,1213,44500,348,23289,865,21211,0,0,777,29439,425,7762,779,37201,California
Stanislaus,2021-02-03,2614,47114,1232,24521,1382,22593,0,0,1915,30675,693,8455,1929,39130,California
Stanislaus,2021-02-04,2091,49205,710,25231,1381,23974,0,0,1581,31766,496,8951,1587,40717,California
Stanislaus,2021-02-05,2857,52062,1473,26704,1384,25358,0,0,1593,32170,1202,10153,1606,42323,California
Stanislaus,2021-02-06,886,52948,300,27004,586,25944,0,0,694,32676,190,10343,696,43019,California
Stanislaus,2021-02-07,233,53181,208,27212,25,25969,0,0,44,32535,186,10529,45,43064,California
Stanislaus,2021-02-08,2038,55219,1337,28549,701,26670,0,0,1098,32760,897,11426,1122,44186,California
Stanislaus,2021-02-09,1841,57060,783,29332,1058,27728,0,0,1042,33036,776,12202,1052,45238,California
Stanislaus,2021-02-10,1936,58996,534,29866,1402,29130,0,0,1012,33148,902,13104,1014,46252,California
Stanislaus,2021-02-11,5400,64396,3277,33143,2123,31253,0,0,1233,30435,3952,17056,1239,47491,California
Stanislaus,2021-02-12,3304,67700,916,34059,2388,33641,0,0,1452,30126,1770,18826,1461,48952,California
Stanislaus,2021-02-13,1354,69054,652,34711,702,34343,0,0,982,30746,366,19192,986,49938,California
Stanislaus,2021-02-14,421,69475,167,34878,254,34597,0,0,353,31033,66,19258,353,50291,California
Stanislaus,2021-02-15,1818,71293,230,35108,1588,36185,0,0,582,30497,1122,20380,586,50877,California
Stanislaus,2021-02-16,1364,72657,424,35532,940,37125,0,0,580,30307,772,21152,582,51459,California
Stanislaus,2021-02-17,2755,75412,1687,37219,1068,38193,0,0,1921,31410,829,21981,1932,53391,California
Stanislaus,2021-02-18,3364,78776,1901,39120,1463,39656,0,0,1781,31730,1495,23476,1815,55206,California
Stanislaus,2021-02-19,2767,81543,1071,40191,1696,41352,0,0,1516,32063,1207,24683,1540,56746,California
Stanislaus,2021-02-20,752,82295,382,40573,370,41722,0,0,474,32281,258,24941,476,57222,California
Stanislaus,2021-02-21,907,83202,693,41266,214,41936,0,0,545,32499,338,25279,556,57778,California
Stanislaus,2021-02-22,2349,85551,1696,42962,653,42589,0,0,1631,33434,698,25977,1633,59411,California
Stanislaus,2021-02-23,3746,89297,679,43641,3067,45656,0,0,1739,33337,1847,27824,1750,61161,California
Stanislaus,2021-02-24,4183,93480,2849,46490,1334,46990,0,0,3121,35420,1041,28865,3124,64285,California
Stanislaus,2021-02-25,3954,97434,2716,49206,1238,48228,0,0,3148,37783,788,29653,3151,67436,California
Stanislaus,2021-02-26,4208,101642,1218,50424,2990,51218,0,0,2839,39319,1313,30966,2849,70285,California
Stanislaus,2021-02-27,2092,103734,711,51135,1380,52598,1,1,1859,40976,204,31170,1861,72146,California
Stanislaus,2021-02-28,820,104554,263,51398,557,53155,0,1,769,41706,40,31210,770,72916,California
Stanislaus,2021-03-01,2778,107332,1635,53033,1141,54296,2,3,1629,42241,1108,32318,1643,74559,California
Stanislaus,2021-03-02,2399,109731,1425,54458,973,55269,1,4,1663,43185,722,33040,1666,76225,California
Stanislaus,2021-03-03,3717,113448,2230,56688,1483,56752,4,8,2908,45304,792,33832,2911,79136,California
Stanislaus,2021-03-04,5449,118897,3109,59797,2324,59076,16,24,4198,48295,1219,35051,4210,83346,California
Stanislaus,2021-03-05,4088,122985,1120,60917,2952,62028,16,40,3091,50433,968,36019,3106,86452,California
Stanislaus,2021-03-06,3579,126564,2231,63148,1255,63283,93,133,2723,52399,852,36871,2818,89270,California
Stanislaus,2021-03-07,852,127416,390,63538,426,63709,36,169,663,52915,183,37054,699,89969,California
Stanislaus,2021-03-08,1994,129410,863,64401,1042,64751,89,258,1333,53694,642,37696,1421,91390,California
Stanislaus,2021-03-09,2179,131589,903,65304,1184,65935,92,350,1637,54897,530,38226,1733,93123,California
Stanislaus,2021-03-10,5072,136661,2508,67812,2341,68276,223,573,3743,57566,1310,39536,3979,97102,California
Stanislaus,2021-03-11,5723,142384,3145,70957,2102,70378,476,1049,4127,60747,1426,40962,4607,101709,California
Stanislaus,2021-03-12,5771,148155,1232,72189,2617,72995,1922,2971,2914,62749,2831,43793,4833,106542,California
Stanislaus,2021-03-13,3394,151549,2182,74371,1142,74137,70,3041,2698,64835,688,44481,2774,109316,California
Stanislaus,2021-03-14,997,152546,596,74967,350,74487,51,3092,491,64877,503,44984,545,109861,California
Stanislaus,2021-03-15,3697,156243,1977,76944,1359,75846,361,3453,1608,64860,1992,46976,1975,111836,California
Stanislaus,2021-03-16,4928,161171,2456,79400,2060,77906,412,3865,3549,67462,1358,48334,3960,115796,California
Stanislaus,2021-03-17,4725,165896,2855,82255,1692,79598,178,4043,2883,68717,1812,50146,3067,118863,California
Stanislaus,2021-03-18,5428,171324,3425,85680,1936,81534,67,4110,2932,69378,2343,52489,3004,121867,California
Stanislaus,2021-03-19,5930,177254,1542,87222,2864,84398,1524,5634,3108,71225,2782,55271,4629,126496,California
Stanislaus,2021-03-20,3844,181098,3009,90231,767,85165,68,5702,3366,74189,471,55742,3435,129931,California
Stanislaus,2021-03-21,1007,182105,905,91136,37,85202,65,5767,765,74780,239,55981,830,130761,California
Stanislaus,2021-03-22,2821,184926,1328,92464,768,85970,725,6492,1241,75197,1551,57532,1968,132729,California
Stanislaus,2021-03-23,3949,188875,2022,94486,1667,87637,260,6752,2806,77157,1126,58658,3086,135815,California
Stanislaus,2021-03-24,4556,193431,3224,97710,1264,88901,68,6820,2640,77999,1869,60527,2711,138526,California
Stanislaus,2021-03-25,4257,197688,2927,100637,1313,90214,17,6837,1817,77472,2362,62889,1835,140361,California
Stanislaus,2021-03-26,4755,202443,1337,101974,3343,93557,75,6912,2380,77598,2342,65231,2468,142829,California
Stanislaus,2021-03-27,4414,206857,2743,104717,1589,95146,82,6994,1392,76076,3004,68235,1482,144311,California
Stanislaus,2021-03-28,1110,207967,444,105161,558,95704,108,7102,325,75742,773,69008,439,144750,California
Stanislaus,2021-03-29,2984,210951,1831,106992,1114,96818,39,7141,1986,76785,988,69996,2031,146781,California
Stanislaus,2021-03-30,3686,214637,2071,109063,1588,98406,27,7168,2239,77619,1438,71434,2272,149053,California
Stanislaus,2021-03-31,5425,220062,3852,112915,1455,99861,118,7286,2772,77881,2632,74066,2894,151947,California
Stanislaus,2021-04-01,5744,225806,3837,116752,1816,101677,91,7377,2629,77517,3095,77161,2731,154678,California
Stanislaus,2021-04-02,5011,230817,1212,117964,3644,105321,155,7532,2236,77234,2685,79846,2402,157080,California
Stanislaus,2021-04-03,4548,235365,3304,121268,1207,106528,37,7569,2243,77232,2295,82141,2293,159373,California
Stanislaus,2021-04-04,1321,236686,472,121740,819,107347,30,7599,652,77255,663,82804,686,160059,California
Stanislaus,2021-04-05,3640,240326,2534,124274,856,108203,250,7849,2357,78593,1273,84077,2611,162670,California
Stanislaus,2021-04-06,5753,246079,4172,128446,1305,109508,276,8125,3076,79288,2663,86740,3358,166028,California
Stanislaus,2021-04-07,6350,252429,3601,132047,2327,111835,422,8547,2830,79043,3503,90243,3258,169286,California
Stanislaus,2021-04-08,5679,258108,3323,135370,1924,113759,432,8979,2771,79364,2885,93128,3206,172492,California
Stanislaus,2021-04-09,4821,262929,2107,137477,2342,116101,372,9351,2183,79318,2614,95742,2568,175060,California
Stanislaus,2021-04-10,6490,269419,3983,141460,868,116969,1639,10990,1998,78482,4466,100208,3630,178690,California
Stanislaus,2021-04-11,1524,270943,850,142310,541,117510,133,11123,668,78430,854,101062,802,179492,California
Stanislaus,2021-04-12,3596,274539,2046,144356,1103,118613,447,11570,1871,79051,1705,102767,2326,181818,California
Stanislaus,2021-04-13,5198,279737,3420,147776,1765,120378,13,11583,2920,79740,2238,105005,2927,184745,California
Stanislaus,2021-04-14,4654,284391,3254,151030,1398,121776,2,11585,2257,79639,2365,107370,2264,187009,California
Stanislaus,2021-04-15,5389,289780,3315,154345,2072,123848,2,11587,3239,80770,2111,109481,3242,190251,California
Stanislaus,2021-04-16,4310,294090,997,155342,3312,127160,1,11588,1821,80147,2447,111928,1824,192075,California
Stanislaus,2021-04-17,3161,297251,2125,157467,1036,128196,0,11588,1837,80674,1313,113241,1840,193915,California
Stanislaus,2021-04-18,536,297787,221,157688,314,128510,1,11589,410,80967,119,113360,412,194327,California
Stanislaus,2021-04-19,3458,301245,2450,160138,1007,129517,1,11590,1637,80823,1789,115149,1645,195972,California
Stanislaus,2021-04-20,3979,305224,2418,162556,1561,131078,0,11590,1734,80344,2215,117364,1736,197708,California
Stanislaus,2021-04-21,3827,309051,2559,165115,1267,132345,1,11591,1599,79762,2188,119552,1606,199314,California
Stanislaus,2021-04-22,3947,312998,2403,167518,1544,133889,0,11591,1571,79007,2331,121883,1576,200890,California
Stanislaus,2021-04-23,3592,316590,845,168363,2746,136635,1,11592,1462,78438,2039,123922,1470,202360,California
Stanislaus,2021-04-24,3786,320376,2928,171291,858,137493,0,11592,1789,78252,1980,125902,1794,204154,California
Stanislaus,2021-04-25,936,321312,479,171770,457,137950,0,11592,686,78698,244,126146,690,204844,California
Stanislaus,2021-04-26,3251,324563,2287,174057,958,138908,6,11598,963,77403,2268,128414,973,205817,California
Stanislaus,2021-04-27,3973,328536,2765,176822,1165,140073,43,11641,1130,75760,2818,131232,1175,206992,California
Stanislaus,2021-04-28,4243,332779,3011,179833,1170,141243,62,11703,1824,75254,2400,133632,1894,208886,California
Stanislaus,2021-04-29,3611,336390,2251,182084,1312,142555,48,11751,1426,74566,2171,135803,1483,210369,California
Stanislaus,2021-04-30,4496,340886,2045,184129,2367,144922,84,11835,1778,73730,2706,138509,1870,212239,California
Stanislaus,2021-05-01,2704,343590,1922,186051,742,145664,40,11875,1012,73106,1684,140193,1060,213299,California
Stanislaus,2021-05-02,1078,344668,618,186669,424,146088,36,11911,523,73122,549,140742,565,213864,California
Stanislaus,2021-05-03,2413,347081,1927,188596,416,146504,70,11981,911,72618,1489,142231,985,214849,California
Stanislaus,2021-05-04,3471,350552,2468,191064,913,147417,90,12071,1069,71393,2390,144621,1165,216014,California
Stanislaus,2021-05-05,3183,353735,2130,193194,978,148395,75,12146,1083,70475,2080,146701,1162,217176,California
Stanislaus,2021-05-06,3154,356889,2341,195535,689,149084,124,12270,1017,69505,2118,148819,1148,218324,California
Stanislaus,2021-05-07,2305,359194,886,196421,1256,150340,163,12433,939,69251,1358,150177,1104,219428,California
Stanislaus,2021-05-08,1962,361156,1342,197763,587,150927,33,12466,713,68770,1234,151411,753,220181,California
Stanislaus,2021-05-09,707,361863,338,198101,343,151270,26,12492,305,68701,400,151811,331,220512,California
Stanislaus,2021-05-10,1666,363529,1135,199236,444,151714,87,12579,447,68028,1208,153019,535,221047,California
Stanislaus,2021-05-11,2333,365862,1472,200708,705,152419,156,12735,659,67184,1663,154682,819,221866,California
Stanislaus,2021-05-12,2143,368005,1218,201926,825,153244,100,12835,827,66810,1303,155985,929,222795,California
Stanislaus,2021-05-13,1851,369856,1024,202950,712,153956,115,12950,843,66766,1003,156988,959,223754,California
Stanislaus,2021-05-14,2597,372453,1158,204108,1303,155259,136,13086,1196,66715,1384,158372,1333,225087,California
Stanislaus,2021-05-15,2478,374931,1773,205881,655,155914,50,13136,1203,66710,1266,159638,1261,226348,California
Stanislaus,2021-05-16,1017,375948,662,206543,347,156261,8,13144,553,66818,457,160095,565,226913,California
Stanislaus,2021-05-17,1928,377876,1293,207836,554,156815,81,13225,977,66934,945,161040,1061,227974,California
Stanislaus,2021-05-18,2199,380075,1502,209338,583,157398,114,13339,1173,67206,1014,162054,1286,229260,California
Stanislaus,2021-05-19,3018,383093,2065,211403,803,158201,150,13489,1349,67050,1660,163714,1504,230764,California
Stanislaus,2021-05-20,1849,384942,967,212370,782,158983,100,13589,765,66842,1077,164791,869,231633,California
Stanislaus,2021-05-21,2070,387012,968,213338,1010,159993,92,13681,852,66584,1203,165994,945,232578,California
Stanislaus,2021-05-22,1669,388681,1005,214343,597,160590,67,13748,741,66470,921,166915,807,233385,California
Stanislaus,2021-05-23,869,389550,563,214906,294,160884,12,13760,406,66430,458,167373,418,233803,California
Stanislaus,2021-05-24,1552,391102,1064,215970,412,161296,76,13836,599,66164,949,168322,683,234486,California
Stanislaus,2021-05-25,1684,392786,1154,217124,434,161730,96,13932,826,66231,855,169177,922,235408,California
Stanislaus,2021-05-26,1872,394658,1174,218298,646,162376,52,13984,890,66200,973,170150,942,236350,California
Stanislaus,2021-05-27,1706,396364,933,219231,697,163073,76,14060,639,65858,1057,171207,715,237065,California
Stanislaus,2021-05-28,1936,398300,872,220103,985,164058,79,14139,843,65693,1087,172294,922,237987,California
Stanislaus,2021-05-29,1305,399605,838,220941,425,164483,42,14181,606,65650,695,172989,652,238639,California
Stanislaus,2021-05-30,439,400044,266,221207,139,164622,34,14215,203,65653,233,173222,236,238875,California
Stanislaus,2021-05-31,257,400301,120,221327,129,164751,8,14223,94,65593,162,173384,102,238977,California
Stanislaus,2021-06-01,1525,401826,965,222292,520,165271,40,14263,625,65365,896,174280,668,239645,California
Stanislaus,2021-06-02,1651,403477,1066,223358,521,165792,64,14327,757,65303,886,175166,824,240469,California
Stanislaus,2021-06-03,610,404087,313,223671,263,166055,34,14361,214,65160,393,175559,250,240719,California
Sutter,2020-12-15,1,1,1,1,0,0,0,0,1,1,0,0,1,1,California
Sutter,2020-12-16,4,5,4,5,0,0,0,0,4,5,0,0,4,5,California
Sutter,2020-12-17,2,7,2,7,0,0,0,0,2,7,0,0,2,7,California
Sutter,2020-12-18,20,27,20,27,0,0,0,0,20,27,0,0,20,27,California
Sutter,2020-12-19,44,71,44,71,0,0,0,0,44,71,0,0,44,71,California
Sutter,2020-12-20,42,113,42,113,0,0,0,0,42,113,0,0,42,113,California
Sutter,2020-12-21,100,213,100,213,0,0,0,0,100,213,0,0,100,213,California
Sutter,2020-12-22,172,385,172,385,0,0,0,0,172,385,0,0,172,385,California
Sutter,2020-12-23,116,501,111,496,5,5,0,0,116,501,0,0,116,501,California
Sutter,2020-12-24,17,518,11,507,6,11,0,0,17,518,0,0,17,518,California
Sutter,2020-12-26,38,556,34,541,4,15,0,0,38,556,0,0,38,556,California
Sutter,2020-12-27,24,580,23,564,1,16,0,0,24,580,0,0,24,580,California
Sutter,2020-12-28,83,663,55,619,28,44,0,0,83,663,0,0,83,663,California
Sutter,2020-12-29,101,764,14,633,87,131,0,0,101,764,0,0,101,764,California
Sutter,2020-12-30,137,901,34,667,103,234,0,0,137,901,0,0,137,901,California
Sutter,2020-12-31,70,971,6,673,64,298,0,0,70,971,0,0,70,971,California
Sutter,2021-01-01,3,974,3,676,0,298,0,0,3,974,0,0,3,974,California
Sutter,2021-01-02,131,1105,129,805,2,300,0,0,131,1105,0,0,131,1105,California
Sutter,2021-01-03,1,1106,0,805,1,301,0,0,1,1106,0,0,1,1106,California
Sutter,2021-01-04,247,1353,139,944,108,409,0,0,247,1353,0,0,247,1353,California
Sutter,2021-01-05,101,1454,57,1001,44,453,0,0,99,1450,2,2,99,1452,California
Sutter,2021-01-06,204,1658,50,1051,154,607,0,0,199,1644,5,7,199,1651,California
Sutter,2021-01-07,251,1909,151,1202,100,707,0,0,242,1878,8,15,242,1893,California
Sutter,2021-01-08,149,2058,40,1242,109,816,0,0,132,1993,17,32,132,2025,California
Sutter,2021-01-09,46,2104,43,1285,3,819,0,0,5,1957,41,73,5,2030,California
Sutter,2021-01-10,397,2501,37,1322,360,1179,0,0,359,2279,37,110,359,2389,California
Sutter,2021-01-11,132,2633,114,1436,18,1197,0,0,26,2199,106,216,26,2415,California
Sutter,2021-01-12,201,2834,164,1600,37,1234,0,0,58,2114,143,359,58,2473,California
Sutter,2021-01-13,162,2996,99,1699,63,1297,0,0,72,2097,89,448,72,2545,California
Sutter,2021-01-14,147,3143,51,1750,96,1393,0,0,128,2206,19,467,128,2673,California
Sutter,2021-01-15,438,3581,133,1883,305,1698,0,0,423,2614,15,482,423,3096,California
Sutter,2021-01-16,384,3965,41,1924,343,2041,0,0,353,2937,30,512,353,3449,California
Sutter,2021-01-17,26,3991,24,1948,2,2043,0,0,10,2931,16,528,10,3459,California
Sutter,2021-01-18,118,4109,63,2011,55,2098,0,0,70,2953,48,576,70,3529,California
Sutter,2021-01-19,103,4212,42,2053,61,2159,0,0,79,3008,24,600,79,3608,California
Sutter,2021-01-20,270,4482,206,2259,64,2223,0,0,250,3238,20,620,250,3858,California
Sutter,2021-01-21,486,4968,317,2576,169,2392,0,0,467,3686,19,639,467,4325,California
Sutter,2021-01-22,239,5207,52,2628,187,2579,0,0,230,3907,9,648,230,4555,California
Sutter,2021-01-23,396,5603,39,2667,357,2936,0,0,370,4251,26,674,370,4925,California
Sutter,2021-01-24,17,5620,14,2681,3,2939,0,0,15,4264,2,676,15,4940,California
Sutter,2021-01-25,306,5926,196,2877,110,3049,0,0,151,4261,154,830,151,5091,California
Sutter,2021-01-26,248,6174,108,2985,140,3189,0,0,144,4302,103,933,144,5235,California
Sutter,2021-01-27,386,6560,255,3240,131,3320,0,0,320,4556,66,999,320,5555,California
Sutter,2021-01-28,584,7144,361,3601,223,3543,0,0,409,4791,174,1173,409,5964,California
Sutter,2021-01-29,360,7504,86,3687,274,3817,0,0,240,4911,120,1293,240,6204,California
Sutter,2021-01-30,775,8279,38,3725,737,4554,0,0,764,5664,11,1304,764,6968,California
Sutter,2021-01-31,28,8307,27,3752,1,4555,0,0,28,5692,0,1304,28,6996,California
Sutter,2021-02-01,166,8473,50,3802,116,4671,0,0,135,5796,31,1335,135,7131,California
Sutter,2021-02-02,244,8717,26,3828,218,4889,0,0,211,5974,33,1368,211,7342,California
Sutter,2021-02-03,444,9161,39,3867,405,5294,0,0,210,5950,234,1602,210,7552,California
Sutter,2021-02-04,669,9830,365,4232,304,5598,0,0,619,6519,50,1652,619,8171,California
Sutter,2021-02-05,287,10117,32,4264,255,5853,0,0,136,6504,151,1803,136,8307,California
Sutter,2021-02-06,736,10853,29,4293,707,6560,0,0,714,7196,22,1825,714,9021,California
Sutter,2021-02-07,23,10876,20,4313,3,6563,0,0,19,7211,4,1829,19,9040,California
Sutter,2021-02-08,135,11011,29,4342,106,6669,0,0,98,7272,37,1866,98,9138,California
Sutter,2021-02-09,246,11257,45,4387,201,6870,0,0,184,7394,62,1928,184,9322,California
Sutter,2021-02-10,819,12076,380,4767,439,7309,0,0,177,6930,641,2569,177,9499,California
Sutter,2021-02-11,604,12680,275,5042,329,7638,0,0,346,7018,258,2827,346,9845,California
Sutter,2021-02-12,633,13313,67,5109,566,8204,0,0,310,7006,322,3149,310,10155,California
Sutter,2021-02-13,897,14210,48,5157,849,9053,0,0,781,7671,116,3265,781,10936,California
Sutter,2021-02-14,90,14300,25,5182,65,9118,0,0,79,7739,11,3276,79,11015,California
Sutter,2021-02-15,197,14497,72,5254,125,9243,0,0,118,7778,79,3355,118,11133,California
Sutter,2021-02-16,288,14785,45,5299,243,9486,0,0,204,7899,83,3438,204,11337,California
Sutter,2021-02-17,823,15608,428,5727,395,9881,0,0,129,7334,694,4132,129,11466,California
Sutter,2021-02-18,701,16309,55,5782,646,10527,0,0,489,7612,211,4343,489,11955,California
Sutter,2021-02-19,662,16971,377,6159,285,10812,0,0,460,7872,200,4543,460,12415,California
Sutter,2021-02-20,620,17591,55,6214,565,11377,0,0,517,8287,102,4645,517,12932,California
Sutter,2021-02-21,30,17621,27,6241,3,11380,0,0,7,8271,23,4668,7,12939,California
Sutter,2021-02-22,207,17828,122,6363,85,11465,0,0,87,8238,120,4788,87,13026,California
Sutter,2021-02-23,223,18051,33,6396,190,11655,0,0,97,8209,126,4914,97,13123,California
Sutter,2021-02-24,966,19017,349,6745,617,12272,0,0,194,7632,771,5685,194,13317,California
Sutter,2021-02-25,785,19802,498,7243,287,12559,0,0,604,8058,178,5863,604,13921,California
Sutter,2021-02-26,374,20176,61,7304,313,12872,0,0,155,7996,217,6080,155,14076,California
Sutter,2021-02-27,865,21041,45,7349,820,13692,0,0,710,8549,157,6237,710,14786,California
Sutter,2021-02-28,84,21125,38,7387,46,13738,0,0,64,8594,19,6256,64,14850,California
Sutter,2021-03-01,249,21374,62,7449,187,13925,0,0,152,8649,97,6353,152,15002,California
Sutter,2021-03-02,334,21708,57,7506,277,14202,0,0,160,8636,173,6526,160,15162,California
Sutter,2021-03-03,1386,23094,514,8020,872,15074,0,0,646,8548,734,7260,646,15808,California
Sutter,2021-03-04,1256,24350,867,8887,389,15463,0,0,948,9192,304,7564,948,16756,California
Sutter,2021-03-05,338,24688,79,8966,258,15721,1,1,206,9267,132,7696,207,16963,California
Sutter,2021-03-06,1023,25711,46,9012,972,16693,5,6,860,9969,163,7859,865,17828,California
Sutter,2021-03-07,66,25777,23,9035,42,16735,1,7,46,9996,20,7879,47,17875,California
Sutter,2021-03-08,226,26003,79,9114,135,16870,12,19,157,10096,69,7948,169,18044,California
Sutter,2021-03-09,386,26389,138,9252,235,17105,13,32,184,10091,202,8150,197,18241,California
Sutter,2021-03-10,1569,27958,681,9933,827,17932,61,93,525,9636,1041,9191,586,18827,California
Sutter,2021-03-11,894,28852,441,10374,434,18366,19,112,648,10060,243,9434,667,19494,California
Sutter,2021-03-12,674,29526,110,10484,382,18748,182,294,199,9967,472,9906,379,19873,California
Sutter,2021-03-13,985,30511,749,11233,218,18966,18,312,781,10563,202,10108,798,20671,California
Sutter,2021-03-14,130,30641,22,11255,97,19063,11,323,44,10532,86,10194,55,20726,California
Sutter,2021-03-15,320,30961,66,11321,205,19268,49,372,153,10569,165,10359,202,20928,California
Sutter,2021-03-16,392,31353,86,11407,259,19527,47,419,213,10649,179,10538,259,21187,California
Sutter,2021-03-17,1498,32851,563,11970,914,20441,21,440,313,9806,1176,11714,333,21520,California
Sutter,2021-03-18,973,33824,182,12152,589,21030,202,642,571,10178,400,12114,772,22292,California
Sutter,2021-03-19,463,34287,165,12317,269,21299,29,671,284,10314,177,12291,313,22605,California
Sutter,2021-03-20,949,35236,116,12433,822,22121,11,682,860,11096,89,12380,871,23476,California
Sutter,2021-03-21,67,35303,47,12480,17,22138,3,685,37,11106,30,12410,40,23516,California
Sutter,2021-03-22,289,35592,121,12601,142,22280,26,711,213,11270,75,12485,239,23755,California
Sutter,2021-03-23,377,35969,115,12716,230,22510,32,743,256,11436,121,12606,287,24042,California
Sutter,2021-03-24,1685,37654,772,13488,843,23353,70,813,314,10463,1357,13963,384,24426,California
Sutter,2021-03-25,1043,38697,681,14169,319,23672,43,856,371,10208,669,14632,414,24840,California
Sutter,2021-03-26,491,39188,174,14343,300,23972,17,873,296,10329,192,14824,313,25153,California
Sutter,2021-03-27,928,40116,63,14406,863,24835,2,875,821,11048,104,14928,823,25976,California
Sutter,2021-03-28,125,40241,71,14477,54,24889,0,875,77,11079,46,14974,77,26053,California
Sutter,2021-03-29,430,40671,145,14622,229,25118,56,931,226,11159,202,15176,282,26335,California
Sutter,2021-03-30,479,41150,160,14782,309,25427,10,941,317,11324,162,15338,327,26662,California
Sutter,2021-03-31,1256,42406,177,14959,1063,26490,16,957,452,11000,793,16131,469,27131,California
Sutter,2021-04-01,1384,43790,738,15697,459,26949,187,1144,428,10667,949,17080,616,27747,California
Sutter,2021-04-02,511,44301,99,15796,294,27243,118,1262,201,10674,308,17388,315,28062,California
Sutter,2021-04-03,910,45211,77,15873,210,27453,623,1885,121,10631,787,18175,744,28806,California
Sutter,2021-04-04,118,45329,22,15895,90,27543,6,1891,54,10627,64,18239,60,28866,California
Sutter,2021-04-05,369,45698,146,16041,187,27730,36,1927,177,10651,189,18428,213,29079,California
Sutter,2021-04-06,510,46208,198,16239,256,27986,56,1983,273,10745,236,18664,330,29409,California
Sutter,2021-04-07,1484,47692,884,17123,525,28511,75,2058,615,10579,862,19526,696,30105,California
Sutter,2021-04-08,1056,48748,586,17709,356,28867,114,2172,580,10803,472,19998,696,30801,California
Sutter,2021-04-09,570,49318,250,17959,255,29122,65,2237,241,10784,327,20325,308,31109,California
Sutter,2021-04-10,825,50143,108,18067,88,29210,629,2866,108,10799,714,21039,729,31838,California
Sutter,2021-04-11,115,50258,28,18095,40,29250,47,2913,33,10796,82,21121,79,31917,California
Sutter,2021-04-12,338,50596,91,18186,193,29443,54,2967,136,10784,202,21323,190,32107,California
Sutter,2021-04-13,431,51027,127,18313,304,29747,0,2967,213,10781,216,21539,213,32320,California
Sutter,2021-04-14,1299,52326,161,18474,1137,30884,1,2968,217,9927,1076,22615,222,32542,California
Sutter,2021-04-15,535,52861,174,18648,361,31245,0,2968,213,9820,320,22935,213,32755,California
Sutter,2021-04-16,394,53255,125,18773,269,31514,0,2968,181,9789,212,23147,181,32936,California
Sutter,2021-04-17,578,53833,84,18857,494,32008,0,2968,507,10226,70,23217,507,33443,California
Sutter,2021-04-18,70,53903,11,18868,59,32067,0,2968,43,10243,26,23243,43,33486,California
Sutter,2021-04-19,289,54192,111,18979,178,32245,0,2968,119,10194,168,23411,119,33605,California
Sutter,2021-04-20,413,54605,134,19113,279,32524,0,2968,200,10182,212,23623,200,33805,California
Sutter,2021-04-21,1233,55838,420,19533,813,33337,0,2968,477,9912,747,24370,477,34282,California
Sutter,2021-04-22,483,56321,165,19698,318,33655,0,2968,250,9931,231,24601,250,34532,California
Sutter,2021-04-23,399,56720,115,19813,284,33939,0,2968,186,9906,211,24812,186,34718,California
Sutter,2021-04-24,326,57046,105,19918,220,34159,1,2969,185,9951,140,24952,185,34903,California
Sutter,2021-04-25,157,57203,75,19993,82,34241,0,2969,86,9968,69,25021,86,34989,California
Sutter,2021-04-26,287,57490,87,20080,198,34439,2,2971,121,9927,164,25185,123,35112,California
Sutter,2021-04-27,529,58019,266,20346,259,34698,4,2975,244,9893,282,25467,248,35360,California
Sutter,2021-04-28,819,58838,342,20688,469,35167,8,2983,261,9609,553,26020,269,35629,California
Sutter,2021-04-29,774,59612,136,20824,637,35804,1,2984,310,9459,461,26481,311,35940,California
Sutter,2021-04-30,358,59970,109,20933,236,36040,13,2997,146,9408,209,26690,158,36098,California
Sutter,2021-05-01,295,60265,106,21039,148,36188,41,3038,125,9407,167,26857,166,36264,California
Sutter,2021-05-02,81,60346,53,21092,26,36214,2,3040,46,9420,35,26892,48,36312,California
Sutter,2021-05-03,215,60561,108,21200,98,36312,9,3049,86,9386,129,27021,95,36407,California
Sutter,2021-05-04,536,61097,237,21437,234,36546,65,3114,223,9363,310,27331,287,36694,California
Sutter,2021-05-05,538,61635,144,21581,386,36932,8,3122,159,9158,372,27703,167,36861,California
Sutter,2021-05-06,426,62061,231,21812,175,37107,20,3142,192,9136,234,27937,212,37073,California
Sutter,2021-05-07,407,62468,146,21958,239,37346,22,3164,153,9059,252,28189,175,37248,California
Sutter,2021-05-08,196,62664,49,22007,141,37487,6,3170,106,9081,90,28279,112,37360,California
Sutter,2021-05-09,81,62745,52,22059,24,37511,5,3175,56,9117,25,28304,61,37421,California
Sutter,2021-05-10,188,62933,42,22101,129,37640,17,3192,47,9042,139,28443,64,37485,California
Sutter,2021-05-11,433,63366,212,22313,203,37843,18,3210,180,8989,250,28693,197,37682,California
Sutter,2021-05-12,397,63763,211,22524,177,38020,9,3219,134,8873,259,28952,143,37825,California
Sutter,2021-05-13,442,64205,228,22752,192,38212,22,3241,170,8796,269,29221,192,38017,California
Sutter,2021-05-14,435,64640,184,22936,235,38447,16,3257,214,8810,216,29437,230,38247,California
Sutter,2021-05-15,841,65481,308,23244,502,38949,31,3288,306,8613,534,29971,337,38584,California
Sutter,2021-05-16,137,65618,82,23326,47,38996,8,3296,75,8635,61,30032,83,38667,California
Sutter,2021-05-17,289,65907,114,23440,161,39157,14,3310,154,8669,134,30166,168,38835,California
Sutter,2021-05-18,537,66444,311,23751,222,39379,4,3314,294,8727,240,30406,298,39133,California
Sutter,2021-05-19,464,66908,265,24016,192,39571,7,3321,246,8765,215,30621,253,39386,California
Sutter,2021-05-20,405,67313,220,24236,173,39744,12,3333,201,8776,202,30823,213,39599,California
Sutter,2021-05-21,455,67768,211,24447,232,39976,12,3345,221,8777,231,31054,232,39831,California
Sutter,2021-05-22,309,68077,175,24622,131,40107,3,3348,151,8776,154,31208,153,39984,California
Sutter,2021-05-23,156,68233,75,24697,74,40181,7,3355,79,8791,71,31279,86,40070,California
Sutter,2021-05-24,233,68466,89,24786,123,40304,21,3376,103,8789,126,31405,124,40194,California
Sutter,2021-05-25,402,68868,195,24981,192,40496,15,3391,170,8747,227,31632,185,40379,California
Sutter,2021-05-26,339,69207,173,25154,155,40651,11,3402,134,8692,200,31832,145,40524,California
Sutter,2021-05-27,441,69648,119,25273,303,40954,19,3421,131,8536,306,32138,150,40674,California
Sutter,2021-05-28,330,69978,161,25434,156,41110,13,3434,173,8571,151,32289,186,40860,California
Sutter,2021-05-29,256,70234,118,25552,123,41233,15,3449,143,8621,108,32397,158,41018,California
Sutter,2021-05-30,84,70318,63,25615,19,41252,2,3451,51,8641,33,32430,53,41071,California
Sutter,2021-05-31,17,70335,1,25616,13,41265,3,3454,4,8635,13,32443,7,41078,California
Sutter,2021-06-01,303,70638,131,25747,164,41429,8,3462,128,8598,173,32616,136,41214,California
Sutter,2021-06-02,288,70926,127,25874,156,41585,5,3467,128,8575,156,32772,133,41347,California
Sutter,2021-06-03,166,71092,90,25964,71,41656,5,3472,66,8549,97,32869,71,41418,California
Tehama,2020-12-15,1,1,1,1,0,0,0,0,1,1,0,0,1,1,California
Tehama,2020-12-16,2,3,2,3,0,0,0,0,2,3,0,0,2,3,California
Tehama,2020-12-17,12,15,12,15,0,0,0,0,12,15,0,0,12,15,California
Tehama,2020-12-18,2,17,2,17,0,0,0,0,3,18,0,0,3,18,California
Tehama,2020-12-21,33,50,33,50,0,0,0,0,33,51,0,0,33,51,California
Tehama,2020-12-22,68,118,62,112,6,6,0,0,68,119,0,0,68,119,California
Tehama,2020-12-23,49,167,41,153,8,14,0,0,49,168,0,0,49,168,California
Tehama,2020-12-24,5,172,3,156,2,16,0,0,5,173,0,0,5,173,California
Tehama,2020-12-26,3,175,2,158,1,17,0,0,3,176,0,0,3,176,California
Tehama,2020-12-27,2,177,2,160,0,17,0,0,2,178,0,0,2,178,California
Tehama,2020-12-28,56,233,43,203,13,30,0,0,56,234,0,0,56,234,California
Tehama,2020-12-29,31,264,31,234,0,30,0,0,31,265,0,0,31,265,California
Tehama,2020-12-30,54,318,38,272,16,46,0,0,53,318,0,0,53,318,California
Tehama,2020-12-31,14,332,4,276,10,56,0,0,14,332,0,0,14,332,California
Tehama,2021-01-01,2,334,0,276,2,58,0,0,2,334,0,0,2,334,California
Tehama,2021-01-04,32,366,9,285,23,81,0,0,32,366,0,0,32,366,California
Tehama,2021-01-05,70,436,43,328,27,108,0,0,67,430,3,3,67,433,California
Tehama,2021-01-06,71,507,21,349,50,158,0,0,62,484,8,11,62,495,California
Tehama,2021-01-07,57,564,7,356,50,208,0,0,56,539,1,12,56,551,California
Tehama,2021-01-08,33,597,24,380,9,217,0,0,28,562,5,17,28,579,California
Tehama,2021-01-09,7,604,5,385,2,219,0,0,5,565,2,19,5,584,California
Tehama,2021-01-10,1,605,0,385,1,220,0,0,1,566,0,19,1,585,California
Tehama,2021-01-11,48,653,46,431,2,222,0,0,15,548,33,52,15,600,California
Tehama,2021-01-12,131,784,111,542,20,242,0,0,86,589,45,97,86,686,California
Tehama,2021-01-13,73,857,55,597,18,260,0,0,27,570,46,143,27,713,California
Tehama,2021-01-14,224,1081,50,647,174,434,0,0,222,790,2,145,222,935,California
Tehama,2021-01-15,249,1330,74,721,175,609,0,0,245,1031,4,149,245,1180,California
Tehama,2021-01-16,263,1593,19,740,244,853,0,0,260,1288,3,152,260,1440,California
Tehama,2021-01-17,6,1599,2,742,4,857,0,0,4,1290,2,154,4,1444,California
Tehama,2021-01-18,10,1609,6,748,4,861,0,0,5,1290,5,159,5,1449,California
Tehama,2021-01-19,292,1901,65,813,227,1088,0,0,237,1472,55,214,237,1686,California
Tehama,2021-01-20,301,2202,87,900,214,1302,0,0,251,1674,49,263,251,1937,California
Tehama,2021-01-21,215,2417,11,911,204,1506,0,0,205,1869,10,273,205,2142,California
Tehama,2021-01-22,223,2640,21,932,202,1708,0,0,220,2086,3,276,220,2362,California
Tehama,2021-01-23,258,2898,7,939,251,1959,0,0,257,2342,1,277,257,2619,California
Tehama,2021-01-24,1,2899,1,940,0,1959,0,0,1,2343,0,277,1,2620,California
Tehama,2021-01-25,32,2931,14,954,18,1977,0,0,14,2339,18,295,14,2634,California
Tehama,2021-01-26,324,3255,42,996,282,2259,0,0,287,2589,37,332,287,2921,California
Tehama,2021-01-27,299,3554,21,1017,278,2537,0,0,279,2848,20,352,279,3200,California
Tehama,2021-01-28,340,3894,29,1046,311,2848,0,0,325,3158,15,367,325,3525,California
Tehama,2021-01-29,321,4215,19,1065,302,3150,0,0,304,3445,17,384,304,3829,California
Tehama,2021-01-30,103,4318,2,1067,101,3251,0,0,102,3546,1,385,102,3931,California
Tehama,2021-01-31,1,4319,0,1067,1,3252,0,0,1,3547,0,385,1,3932,California
Tehama,2021-02-01,78,4397,22,1089,56,3308,0,0,36,3541,42,427,36,3968,California
Tehama,2021-02-02,352,4749,63,1152,289,3597,0,0,255,3699,97,524,255,4223,California
Tehama,2021-02-03,389,5138,12,1164,377,3974,0,0,345,4000,44,568,345,4568,California
Tehama,2021-02-04,489,5627,99,1263,390,4364,0,0,408,4328,81,649,409,4977,California
Tehama,2021-02-05,178,5805,73,1336,105,4469,0,0,116,4382,62,711,116,5093,California
Tehama,2021-02-06,28,5833,13,1349,15,4484,0,0,16,4386,12,723,16,5109,California
Tehama,2021-02-07,5,5838,4,1353,1,4485,0,0,2,4385,3,726,2,5111,California
Tehama,2021-02-08,36,5874,14,1367,22,4507,0,0,27,4403,9,735,27,5138,California
Tehama,2021-02-09,78,5952,34,1401,44,4551,0,0,44,4413,34,769,44,5182,California
Tehama,2021-02-10,233,6185,62,1463,171,4722,0,0,157,4494,76,845,157,5339,California
Tehama,2021-02-11,221,6406,16,1479,205,4927,0,0,82,4439,137,982,82,5421,California
Tehama,2021-02-12,367,6773,66,1545,301,5228,0,0,175,4422,192,1174,175,5596,California
Tehama,2021-02-13,385,7158,13,1558,372,5600,0,0,147,4331,238,1412,147,5743,California
Tehama,2021-02-14,35,7193,2,1560,33,5633,0,0,33,4362,2,1414,33,5776,California
Tehama,2021-02-15,53,7246,10,1570,43,5676,0,0,47,4403,6,1420,47,5823,California
Tehama,2021-02-16,242,7488,16,1586,226,5902,0,0,60,4281,182,1602,60,5883,California
Tehama,2021-02-17,280,7768,12,1598,268,6170,0,0,54,4109,226,1828,54,5937,California
Tehama,2021-02-18,370,8138,32,1630,338,6508,0,0,145,4029,225,2053,145,6082,California
Tehama,2021-02-19,214,8352,18,1648,196,6704,0,0,43,3901,171,2224,43,6125,California
Tehama,2021-02-20,272,8624,7,1655,265,6969,0,0,27,3683,245,2469,27,6152,California
Tehama,2021-02-21,1,8625,1,1656,0,6969,0,0,1,3684,0,2469,1,6153,California
Tehama,2021-02-22,39,8664,15,1671,24,6993,0,0,26,3697,13,2482,26,6179,California
Tehama,2021-02-23,46,8710,19,1690,27,7020,0,0,26,3703,20,2502,26,6205,California
Tehama,2021-02-24,300,9010,13,1703,287,7307,0,0,27,3457,273,2775,27,6232,California
Tehama,2021-02-25,376,9386,60,1763,316,7623,0,0,39,3159,337,3112,39,6271,California
Tehama,2021-02-26,455,9841,19,1782,436,8059,0,0,70,2844,385,3497,70,6341,California
Tehama,2021-02-27,295,10136,5,1787,290,8349,0,0,34,2617,261,3758,34,6375,California
Tehama,2021-02-28,23,10159,2,1789,21,8370,0,0,20,2634,3,3761,20,6395,California
Tehama,2021-03-01,67,10226,8,1797,59,8429,0,0,33,2633,34,3795,33,6428,California
Tehama,2021-03-02,141,10367,18,1815,123,8552,0,0,30,2552,111,3906,30,6458,California
Tehama,2021-03-03,151,10518,33,1848,118,8670,0,0,48,2497,103,4009,48,6506,California
Tehama,2021-03-04,635,11153,36,1884,599,9269,0,0,221,2311,407,4416,221,6727,California
Tehama,2021-03-05,402,11555,19,1903,383,9652,0,0,216,2342,185,4601,216,6943,California
Tehama,2021-03-06,297,11852,15,1918,282,9934,0,0,80,2207,216,4817,81,7024,California
Tehama,2021-03-07,5,11857,1,1919,4,9938,0,0,3,2209,1,4818,3,7027,California
Tehama,2021-03-08,58,11915,12,1931,31,9969,15,15,27,2221,30,4848,42,7069,California
Tehama,2021-03-09,369,12284,9,1940,341,10310,19,34,313,2497,56,4904,332,7401,California
Tehama,2021-03-10,354,12638,14,1954,319,10629,21,55,71,2307,282,5186,92,7493,California
Tehama,2021-03-11,489,13127,17,1971,425,11054,47,102,345,2555,144,5330,392,7885,California
Tehama,2021-03-12,306,13433,19,1990,222,11276,65,167,181,2676,125,5455,246,8131,California
Tehama,2021-03-13,45,13478,8,1998,31,11307,6,173,5,2647,40,5495,11,8142,California
Tehama,2021-03-14,51,13529,3,2001,37,11344,11,184,9,2625,42,5537,20,8162,California
Tehama,2021-03-15,154,13683,21,2022,113,11457,20,204,84,2659,70,5607,104,8266,California
Tehama,2021-03-16,418,14101,14,2036,366,11823,38,242,315,2910,102,5709,353,8619,California
Tehama,2021-03-17,423,14524,22,2058,369,12192,32,274,340,3201,81,5790,372,8991,California
Tehama,2021-03-18,499,15023,26,2084,449,12641,24,298,320,3368,177,5967,344,9335,California
Tehama,2021-03-19,321,15344,23,2107,285,12926,13,311,278,3616,43,6010,291,9626,California
Tehama,2021-03-20,42,15386,9,2116,31,12957,2,313,30,3636,12,6022,32,9658,California
Tehama,2021-03-21,12,15398,5,2121,7,12964,0,313,12,3648,0,6022,12,9670,California
Tehama,2021-03-22,91,15489,7,2128,67,13031,17,330,50,3674,41,6063,67,9737,California
Tehama,2021-03-23,88,15577,27,2155,54,13085,7,337,69,3731,19,6082,76,9813,California
Tehama,2021-03-24,86,15663,16,2171,68,13153,2,339,55,3757,31,6113,57,9870,California
Tehama,2021-03-25,521,16184,355,2526,153,13306,13,352,470,4190,50,6163,483,10353,California
Tehama,2021-03-26,515,16699,403,2929,100,13406,12,364,438,4564,76,6239,450,10803,California
Tehama,2021-03-27,457,17156,361,3290,71,13477,25,389,389,4911,67,6306,414,11217,California
Tehama,2021-03-28,34,17190,13,3303,21,13498,0,389,22,4921,12,6318,22,11239,California
Tehama,2021-03-29,124,17314,31,3334,92,13590,1,390,78,4953,46,6364,78,11317,California
Tehama,2021-03-30,372,17686,222,3556,148,13738,2,392,254,5091,118,6482,256,11573,California
Tehama,2021-03-31,398,18084,296,3852,99,13837,3,395,326,5348,71,6553,328,11901,California
Tehama,2021-04-01,526,18610,246,4098,274,14111,6,401,392,5613,133,6686,398,12299,California
Tehama,2021-04-02,459,19069,215,4313,238,14349,6,407,272,5703,187,6873,277,12576,California
Tehama,2021-04-03,60,19129,3,4316,52,14401,5,412,30,5708,30,6903,35,12611,California
Tehama,2021-04-04,35,19164,6,4322,28,14429,1,413,23,5720,12,6915,24,12635,California
Tehama,2021-04-05,117,19281,21,4343,69,14498,27,440,61,5752,56,6971,88,12723,California
Tehama,2021-04-06,495,19776,110,4453,333,14831,52,492,140,5589,355,7326,192,12915,California
Tehama,2021-04-07,418,20194,282,4735,92,14923,44,536,303,5821,114,7440,346,13261,California
Tehama,2021-04-08,604,20798,175,4910,390,15313,39,575,230,5717,373,7813,269,13530,California
Tehama,2021-04-09,433,21231,194,5104,206,15519,33,608,216,5750,216,8029,249,13779,California
Tehama,2021-04-10,73,21304,9,5113,37,15556,27,635,39,5782,34,8063,66,13845,California
Tehama,2021-04-11,33,21337,7,5120,15,15571,11,646,8,5776,25,8088,19,13864,California
Tehama,2021-04-12,112,21449,6,5126,87,15658,19,665,40,5763,72,8160,59,13923,California
Tehama,2021-04-13,388,21837,64,5190,324,15982,0,665,67,5509,321,8481,67,13990,California
Tehama,2021-04-14,407,22244,52,5242,355,16337,0,665,48,5200,357,8838,48,14038,California
Tehama,2021-04-15,513,22757,193,5435,320,16657,0,665,79,4845,434,9272,79,14117,California
Tehama,2021-04-16,598,23355,343,5778,255,16912,0,665,75,4397,523,9795,75,14192,California
Tehama,2021-04-17,348,23703,268,6046,80,16992,0,665,41,4133,306,10101,42,14234,California
Tehama,2021-04-18,17,23720,3,6049,14,17006,0,665,13,4142,4,10105,13,14247,California
Tehama,2021-04-19,93,23813,7,6056,86,17092,0,665,39,4127,54,10159,39,14286,California
Tehama,2021-04-20,514,24327,423,6479,91,17183,0,665,150,3918,361,10520,152,14438,California
Tehama,2021-04-21,518,24845,445,6924,73,17256,0,665,167,3737,348,10868,167,14605,California
Tehama,2021-04-22,515,25360,364,7288,151,17407,0,665,148,3521,364,11232,148,14753,California
Tehama,2021-04-23,445,25805,346,7634,99,17506,0,665,197,3472,247,11479,198,14951,California
Tehama,2021-04-24,103,25908,17,7651,86,17592,0,665,27,3423,76,11555,27,14978,California
Tehama,2021-04-25,28,25936,17,7668,11,17603,0,665,10,3415,18,11573,10,14988,California
Tehama,2021-04-26,74,26010,9,7677,65,17668,0,665,42,3425,32,11605,42,15030,California
Tehama,2021-04-27,251,26261,206,7883,45,17713,0,665,93,3359,159,11764,93,15123,California
Tehama,2021-04-28,395,26656,318,8201,60,17773,17,682,65,3111,330,12094,82,15205,California
Tehama,2021-04-29,353,27009,171,8372,176,17949,6,688,69,2903,283,12377,75,15280,California
Tehama,2021-04-30,325,27334,241,8613,78,18027,6,694,112,2808,213,12590,118,15398,California
Tehama,2021-05-01,72,27406,4,8617,65,18092,3,697,14,2767,58,12648,17,15415,California
Tehama,2021-05-02,47,27453,24,8641,11,18103,12,709,27,2786,20,12668,39,15454,California
Tehama,2021-05-03,117,27570,41,8682,68,18171,8,717,62,2801,55,12723,70,15524,California
Tehama,2021-05-04,158,27728,56,8738,95,18266,7,724,67,2784,91,12814,74,15598,California
Tehama,2021-05-05,86,27814,21,8759,55,18321,10,734,38,2784,48,12862,48,15646,California
Tehama,2021-05-06,164,27978,91,8850,58,18379,15,749,99,2833,65,12927,114,15760,California
Tehama,2021-05-07,171,28149,71,8921,89,18468,11,760,47,2769,122,13049,58,15818,California
Tehama,2021-05-08,49,28198,6,8927,42,18510,1,761,13,2747,36,13085,14,15832,California
Tehama,2021-05-09,15,28213,3,8930,12,18522,0,761,6,2744,9,13094,6,15838,California
Tehama,2021-05-10,77,28290,7,8937,64,18586,6,767,36,2746,40,13134,42,15880,California
Tehama,2021-05-11,164,28454,116,9053,37,18623,11,778,30,2653,134,13268,41,15921,California
Tehama,2021-05-12,203,28657,134,9187,59,18682,10,788,42,2545,160,13428,52,15973,California
Tehama,2021-05-13,234,28891,162,9349,64,18746,8,796,105,2530,128,13556,113,16086,California
Tehama,2021-05-14,242,29133,130,9479,91,18837,21,817,57,2424,184,13740,78,16164,California
Tehama,2021-05-15,224,29357,133,9612,56,18893,35,852,161,2558,62,13802,196,16360,California
Tehama,2021-05-16,26,29383,6,9618,17,18910,3,855,14,2563,12,13814,17,16377,California
Tehama,2021-05-17,111,29494,29,9647,67,18977,15,870,53,2575,56,13870,68,16445,California
Tehama,2021-05-18,148,29642,76,9723,57,19034,15,885,45,2534,101,13971,60,16505,California
Tehama,2021-05-19,123,29765,52,9775,61,19095,10,895,42,2505,81,14052,52,16557,California
Tehama,2021-05-20,302,30067,220,9995,59,19154,23,918,212,2650,90,14142,235,16792,California
Tehama,2021-05-21,197,30264,94,10089,93,19247,10,928,70,2605,125,14267,80,16872,California
Tehama,2021-05-22,57,30321,31,10120,22,19269,4,932,35,2622,22,14289,39,16911,California
Tehama,2021-05-23,40,30361,23,10143,8,19277,9,941,12,2615,28,14317,21,16932,California
Tehama,2021-05-24,96,30457,30,10173,59,19336,7,948,35,2596,61,14378,42,16974,California
Tehama,2021-05-25,76,30533,20,10193,48,19384,8,956,47,2622,29,14407,55,17029,California
Tehama,2021-05-26,75,30608,28,10221,43,19427,4,960,47,2646,27,14434,51,17080,California
Tehama,2021-05-27,151,30759,97,10318,48,19475,6,966,49,2600,101,14535,55,17135,California
Tehama,2021-05-28,135,30894,40,10358,87,19562,8,974,61,2596,73,14608,69,17204,California
Tehama,2021-05-29,56,30950,9,10367,41,19603,6,980,37,2620,19,14627,43,17247,California
Tehama,2021-05-30,15,30965,3,10370,11,19614,1,981,6,2618,9,14636,7,17254,California
Tehama,2021-05-31,13,30978,0,10370,12,19626,1,982,2,2610,11,14647,3,17257,California
Tehama,2021-06-01,92,31070,16,10386,59,19685,17,999,30,2595,62,14709,47,17304,California
Tehama,2021-06-02,77,31147,27,10413,46,19731,4,1003,30,2582,47,14756,34,17338,California
Tehama,2021-06-03,81,31228,66,10479,11,19742,4,1007,11,2527,70,14826,15,17353,California
Trinity,2020-12-17,4,4,4,4,0,0,0,0,4,4,0,0,4,4,California
Trinity,2020-12-18,2,6,2,6,0,0,0,0,2,6,0,0,2,6,California
Trinity,2020-12-21,39,45,39,45,0,0,0,0,39,45,0,0,39,45,California
Trinity,2020-12-22,5,50,5,50,0,0,0,0,5,50,0,0,5,50,California
Trinity,2020-12-23,6,56,5,55,1,1,0,0,6,56,0,0,6,56,California
Trinity,2020-12-28,31,87,31,86,0,1,0,0,31,87,0,0,31,87,California
Trinity,2020-12-29,8,95,7,93,1,2,0,0,8,95,0,0,8,95,California
Trinity,2020-12-30,10,105,8,101,2,4,0,0,10,105,0,0,10,105,California
Trinity,2020-12-31,2,107,1,102,1,5,0,0,2,107,0,0,2,107,California
Trinity,2021-01-04,28,135,0,102,28,33,0,0,26,133,0,0,26,133,California
Trinity,2021-01-05,3,138,1,103,2,35,0,0,3,136,0,0,3,136,California
Trinity,2021-01-06,24,162,4,107,20,55,0,0,20,152,4,4,20,156,California
Trinity,2021-01-08,49,211,2,109,47,102,0,0,48,198,2,6,48,204,California
Trinity,2021-01-11,42,253,39,148,3,105,0,0,4,164,38,44,4,208,California
Trinity,2021-01-12,9,262,6,154,3,108,0,0,4,163,5,49,4,212,California
Trinity,2021-01-13,7,269,4,158,3,111,0,0,4,164,3,52,4,216,California
Trinity,2021-01-14,4,273,1,159,3,114,0,0,4,168,0,52,4,220,California
Trinity,2021-01-15,4,277,0,159,4,118,0,0,4,172,0,52,4,224,California
Trinity,2021-01-16,4,281,0,159,4,122,0,0,4,176,0,52,4,228,California
Trinity,2021-01-18,31,312,31,190,0,122,0,0,0,145,31,83,0,228,California
Trinity,2021-01-19,34,346,14,204,20,142,0,0,20,151,14,97,20,248,California
Trinity,2021-01-20,20,366,3,207,17,159,0,0,17,165,3,100,17,265,California
Trinity,2021-01-21,17,383,7,214,10,169,0,0,17,182,0,100,17,282,California
Trinity,2021-01-22,5,388,1,215,4,173,0,0,5,187,0,100,5,287,California
Trinity,2021-01-23,7,395,3,218,4,177,0,0,7,194,0,100,7,294,California
Trinity,2021-01-25,14,409,1,219,13,190,0,0,13,206,1,101,13,307,California
Trinity,2021-01-26,10,419,1,220,9,199,0,0,9,214,1,102,9,316,California
Trinity,2021-01-27,12,431,0,220,12,211,0,0,12,226,0,102,12,328,California
Trinity,2021-01-28,13,444,3,223,10,221,0,0,10,233,3,105,10,338,California
Trinity,2021-01-29,2,446,0,223,2,223,0,0,1,233,1,106,1,339,California
Trinity,2021-01-30,12,458,11,234,1,224,0,0,12,245,0,106,12,351,California
Trinity,2021-02-01,2,460,1,235,1,225,0,0,1,245,1,107,1,352,California
Trinity,2021-02-02,15,475,3,238,12,237,0,0,14,258,1,108,14,366,California
Trinity,2021-02-03,6,481,1,239,5,242,0,0,3,258,3,111,3,369,California
Trinity,2021-02-04,42,523,32,271,10,252,0,0,35,286,7,118,35,404,California
Trinity,2021-02-05,350,873,0,271,350,602,0,0,320,576,30,148,320,724,California
Trinity,2021-02-06,210,1083,5,276,205,807,0,0,203,772,7,155,203,927,California
Trinity,2021-02-07,1,1084,0,276,1,808,0,0,1,773,0,155,1,928,California
Trinity,2021-02-08,26,1110,0,276,26,834,0,0,15,777,11,166,15,943,California
Trinity,2021-02-09,27,1137,2,278,25,859,0,0,11,772,16,182,11,954,California
Trinity,2021-02-10,122,1259,10,288,112,971,0,0,102,854,20,202,102,1056,California
Trinity,2021-02-11,338,1597,2,290,336,1307,0,0,331,1178,7,209,331,1387,California
Trinity,2021-02-12,18,1615,10,300,8,1315,0,0,14,1188,4,213,14,1401,California
Trinity,2021-02-13,12,1627,5,305,7,1322,0,0,5,1186,7,220,5,1406,California
Trinity,2021-02-14,2,1629,2,307,0,1322,0,0,2,1188,0,220,2,1408,California
Trinity,2021-02-15,47,1676,0,307,47,1369,0,0,47,1235,0,220,47,1455,California
Trinity,2021-02-16,4,1680,1,308,3,1372,0,0,2,1235,2,222,2,1457,California
Trinity,2021-02-17,94,1774,2,310,92,1464,0,0,84,1309,10,232,84,1541,California
Trinity,2021-02-18,4,1778,0,310,4,1468,0,0,1,1307,3,235,1,1542,California
Trinity,2021-02-19,305,2083,2,312,303,1771,0,0,291,1584,14,249,291,1833,California
Trinity,2021-02-20,141,2224,14,326,127,1898,0,0,113,1669,28,277,113,1946,California
Trinity,2021-02-21,1,2225,1,327,0,1898,0,0,1,1670,0,277,1,1947,California
Trinity,2021-02-22,8,2233,0,327,8,1906,0,0,5,1672,3,280,5,1952,California
Trinity,2021-02-23,11,2244,4,331,7,1913,0,0,6,1673,5,285,6,1958,California
Trinity,2021-02-24,30,2274,8,339,22,1935,0,0,7,1657,23,308,7,1965,California
Trinity,2021-02-25,36,2310,23,362,13,1948,0,0,5,1631,31,339,5,1970,California
Trinity,2021-02-26,11,2321,1,363,10,1958,0,0,5,1630,6,345,5,1975,California
Trinity,2021-02-27,10,2331,8,371,2,1960,0,0,4,1628,6,351,4,1979,California
Trinity,2021-03-01,9,2340,0,371,9,1969,0,0,5,1629,4,355,5,1984,California
Trinity,2021-03-02,9,2349,3,374,6,1975,0,0,2,1624,7,362,2,1986,California
Trinity,2021-03-03,5,2354,0,374,5,1980,0,0,4,1627,1,363,4,1990,California
Trinity,2021-03-04,24,2378,19,393,5,1985,0,0,10,1623,14,377,10,2000,California
Trinity,2021-03-05,388,2766,1,394,387,2372,0,0,121,1481,263,640,121,2121,California
Trinity,2021-03-06,202,2968,7,401,195,2567,0,0,27,1333,175,815,27,2148,California
Trinity,2021-03-07,4,2972,3,404,1,2568,0,0,3,1335,1,816,3,2151,California
Trinity,2021-03-08,3,2975,0,404,2,2570,1,1,1,1335,2,818,2,2153,California
Trinity,2021-03-09,94,3069,0,404,92,2662,2,3,89,1421,5,823,91,2244,California
Trinity,2021-03-10,126,3195,3,407,120,2782,3,6,38,1374,88,911,41,2285,California
Trinity,2021-03-11,16,3211,4,411,10,2792,2,8,5,1370,11,922,7,2292,California
Trinity,2021-03-12,398,3609,5,416,387,3179,6,14,97,1172,301,1223,103,2395,California
Trinity,2021-03-13,13,3622,8,424,3,3182,2,16,8,1177,5,1228,10,2405,California
Trinity,2021-03-14,3,3625,1,425,2,3184,0,16,2,1178,1,1229,2,2407,California
Trinity,2021-03-15,67,3692,0,425,66,3250,1,17,14,1140,53,1282,15,2422,California
Trinity,2021-03-16,115,3807,7,432,108,3358,0,17,102,1229,13,1295,102,2524,California
Trinity,2021-03-17,100,3907,3,435,97,3455,0,17,26,1181,74,1369,26,2550,California
Trinity,2021-03-18,10,3917,2,437,5,3460,3,20,5,1184,5,1374,8,2558,California
Trinity,2021-03-19,459,4376,4,441,345,3805,110,130,36,907,423,1797,146,2704,California
Trinity,2021-03-20,105,4481,7,448,98,3903,0,130,70,943,34,1831,70,2774,California
Trinity,2021-03-21,4,4485,0,448,3,3906,1,131,3,946,1,1832,4,2778,California
Trinity,2021-03-22,2,4487,0,448,2,3908,0,131,2,948,0,1832,2,2780,California
Trinity,2021-03-23,96,4583,2,450,94,4002,0,131,78,1008,18,1850,78,2858,California
Trinity,2021-03-24,12,4595,1,451,11,4013,0,131,9,1014,3,1853,9,2867,California
Trinity,2021-03-25,110,4705,8,459,96,4109,6,137,84,1078,26,1879,90,2957,California
Trinity,2021-03-26,85,4790,8,467,77,4186,0,137,78,1149,7,1886,78,3035,California
Trinity,2021-03-27,20,4810,4,471,7,4193,9,146,9,1156,11,1897,18,3053,California
Trinity,2021-03-28,5,4815,3,474,2,4195,0,146,1,1153,4,1901,1,3054,California
Trinity,2021-03-29,6,4821,0,474,5,4200,1,147,2,1152,4,1905,3,3057,California
Trinity,2021-03-30,77,4898,5,479,72,4272,0,147,67,1209,10,1915,67,3124,California
Trinity,2021-03-31,56,4954,5,484,19,4291,32,179,21,1226,35,1950,52,3176,California
Trinity,2021-04-01,41,4995,11,495,19,4310,11,190,21,1238,20,1970,32,3208,California
Trinity,2021-04-02,247,5242,5,500,168,4478,74,264,75,1216,171,2141,149,3357,California
Trinity,2021-04-03,17,5259,12,512,5,4483,0,264,7,1213,10,2151,7,3364,California
Trinity,2021-04-04,10,5269,8,520,2,4485,0,264,8,1219,2,2153,8,3372,California
Trinity,2021-04-05,59,5328,6,526,52,4537,1,265,55,1271,4,2157,56,3428,California
Trinity,2021-04-06,117,5445,15,541,99,4636,3,268,28,1214,89,2246,32,3460,California
Trinity,2021-04-07,26,5471,12,553,9,4645,5,273,18,1229,8,2254,23,3483,California
Trinity,2021-04-08,89,5560,10,563,77,4722,2,275,52,1246,37,2291,54,3537,California
Trinity,2021-04-09,168,5728,20,583,144,4866,4,279,90,1262,78,2369,94,3631,California
Trinity,2021-04-10,11,5739,7,590,4,4870,0,279,10,1271,1,2370,10,3641,California
Trinity,2021-04-11,9,5748,5,595,2,4872,2,281,4,1272,5,2375,6,3647,California
Trinity,2021-04-12,77,5825,5,600,71,4943,1,282,64,1324,12,2387,64,3711,California
Trinity,2021-04-13,97,5922,5,605,92,5035,0,282,9,1245,88,2475,9,3720,California
Trinity,2021-04-14,10,5932,5,610,5,5040,0,282,6,1247,4,2479,6,3726,California
Trinity,2021-04-15,44,5976,10,620,34,5074,0,282,14,1232,29,2508,14,3740,California
Trinity,2021-04-16,151,6127,13,633,138,5212,0,282,78,1238,72,2580,78,3818,California
Trinity,2021-04-17,11,6138,5,638,6,5218,0,282,9,1245,2,2582,9,3827,California
Trinity,2021-04-18,3,6141,1,639,2,5220,0,282,0,1242,3,2585,0,3827,California
Trinity,2021-04-19,69,6210,2,641,67,5287,0,282,68,1309,1,2586,68,3895,California
Trinity,2021-04-20,93,6303,8,649,85,5372,0,282,21,1258,72,2658,21,3916,California
Trinity,2021-04-21,22,6325,9,658,13,5385,0,282,9,1254,13,2671,9,3925,California
Trinity,2021-04-22,91,6416,5,663,86,5471,0,282,14,1191,77,2748,14,3939,California
Trinity,2021-04-23,182,6598,6,669,176,5647,0,282,113,1235,69,2817,113,4052,California
Trinity,2021-04-24,23,6621,13,682,10,5657,0,282,6,1224,17,2834,6,4058,California
Trinity,2021-04-25,10,6631,9,691,1,5658,0,282,3,1221,6,2840,3,4061,California
Trinity,2021-04-26,45,6676,6,697,39,5697,0,282,40,1256,5,2845,40,4101,California
Trinity,2021-04-27,86,6762,8,705,78,5775,0,282,22,1214,64,2909,22,4123,California
Trinity,2021-04-28,33,6795,11,716,22,5797,0,282,12,1205,21,2930,12,4135,California
Trinity,2021-04-29,34,6829,13,729,21,5818,0,282,12,1195,22,2952,12,4147,California
Trinity,2021-04-30,27,6856,21,750,6,5824,0,282,8,1185,18,2970,8,4155,California
Trinity,2021-05-01,14,6870,8,758,1,5825,5,287,4,1184,10,2980,9,4164,California
Trinity,2021-05-02,8,6878,5,763,1,5826,2,289,2,1182,6,2986,4,4168,California
Trinity,2021-05-03,58,6936,13,776,44,5870,1,290,9,1144,48,3034,10,4178,California
Trinity,2021-05-04,23,6959,11,787,11,5881,1,291,8,1138,15,3049,9,4187,California
Trinity,2021-05-05,10,6969,6,793,4,5885,0,291,3,1134,7,3056,3,4190,California
Trinity,2021-05-06,72,7041,10,803,60,5945,2,293,15,1094,57,3113,17,4207,California
Trinity,2021-05-07,175,7216,12,815,129,6074,34,327,14,981,161,3274,48,4255,California
Trinity,2021-05-08,6,7222,2,817,4,6078,0,327,2,979,4,3278,2,4257,California
Trinity,2021-05-09,11,7233,8,825,3,6081,0,327,7,982,4,3282,7,4264,California
Trinity,2021-05-10,15,7248,5,830,9,6090,1,328,8,984,7,3289,9,4273,California
Trinity,2021-05-11,7,7255,3,833,4,6094,0,328,5,987,2,3291,5,4278,California
Trinity,2021-05-12,17,7272,14,847,2,6096,1,329,13,997,4,3295,14,4292,California
Trinity,2021-05-13,10,7282,7,854,2,6098,1,330,7,1002,3,3298,8,4300,California
Trinity,2021-05-14,130,7412,19,873,83,6181,28,358,38,976,92,3390,66,4366,California
Trinity,2021-05-15,14,7426,9,882,4,6185,1,359,7,978,6,3396,8,4374,California
Trinity,2021-05-16,7,7433,6,888,1,6186,0,359,5,981,2,3398,5,4379,California
Trinity,2021-05-17,108,7541,20,908,86,6272,2,361,42,959,66,3464,44,4423,California
Trinity,2021-05-18,37,7578,7,915,29,6301,1,362,11,945,26,3490,12,4435,California
Trinity,2021-05-19,144,7722,16,931,99,6400,29,391,28,887,115,3605,57,4492,California
Trinity,2021-05-20,12,7734,6,937,3,6403,3,394,6,890,6,3611,9,4501,California
Trinity,2021-05-21,7,7741,2,939,5,6408,0,394,4,891,3,3614,4,4505,California
Trinity,2021-05-22,3,7744,2,941,1,6409,0,394,2,892,1,3615,2,4507,California
Trinity,2021-05-23,5,7749,4,945,1,6410,0,394,3,893,2,3617,3,4510,California
Trinity,2021-05-24,110,7859,12,957,97,6507,1,395,9,803,100,3717,10,4520,California
Trinity,2021-05-25,41,7900,12,969,29,6536,0,395,17,796,24,3741,17,4537,California
Trinity,2021-05-26,10,7910,4,973,6,6542,0,395,3,792,7,3748,3,4540,California
Trinity,2021-05-27,31,7941,13,986,15,6557,3,398,11,786,20,3768,14,4554,California
Trinity,2021-05-28,12,7953,9,995,2,6559,1,399,5,785,7,3775,6,4560,California
Trinity,2021-05-29,10,7963,7,1002,2,6561,1,400,7,790,3,3778,8,4568,California
Trinity,2021-05-30,5,7968,4,1006,1,6562,0,400,0,785,5,3783,0,4568,California
Trinity,2021-05-31,4,7972,3,1009,1,6563,0,400,2,785,2,3785,2,4570,California
Trinity,2021-06-01,15,7987,9,1018,5,6568,1,401,5,781,10,3795,6,4576,California
Trinity,2021-06-02,23,8010,19,1037,2,6570,2,403,8,776,15,3810,10,4586,California
Trinity,2021-06-03,3,8013,2,1039,1,6571,0,403,2,777,1,3811,2,4588,California
Tulare,2020-12-15,1,1,1,1,0,0,0,0,1,1,0,0,1,1,California
Tulare,2020-12-16,4,5,4,5,0,0,0,0,4,5,0,0,4,5,California
Tulare,2020-12-17,110,115,110,115,0,0,0,0,110,115,0,0,110,115,California
Tulare,2020-12-18,290,405,289,404,1,1,0,0,290,405,0,0,290,405,California
Tulare,2020-12-19,327,732,327,731,0,1,0,0,327,732,0,0,327,732,California
Tulare,2020-12-20,167,899,166,897,1,2,0,0,167,899,0,0,167,899,California
Tulare,2020-12-21,422,1321,422,1319,0,2,0,0,442,1341,0,0,442,1341,California
Tulare,2020-12-22,470,1791,468,1787,2,4,0,0,469,1810,0,0,469,1810,California
Tulare,2020-12-23,327,2118,319,2106,8,12,0,0,325,2135,0,0,325,2135,California
Tulare,2020-12-24,18,2136,16,2122,2,14,0,0,18,2153,0,0,18,2153,California
Tulare,2020-12-26,9,2145,8,2130,1,15,0,0,9,2162,0,0,9,2162,California
Tulare,2020-12-27,17,2162,12,2142,5,20,0,0,17,2179,0,0,17,2179,California
Tulare,2020-12-28,478,2640,466,2608,12,32,0,0,477,2656,0,0,477,2656,California
Tulare,2020-12-29,548,3188,478,3086,70,102,0,0,548,3204,0,0,548,3204,California
Tulare,2020-12-30,465,3653,425,3511,40,142,0,0,465,3669,0,0,465,3669,California
Tulare,2020-12-31,95,3748,22,3533,73,215,0,0,95,3764,0,0,95,3764,California
Tulare,2021-01-01,3,3751,2,3535,1,216,0,0,3,3767,0,0,3,3767,California
Tulare,2021-01-02,30,3781,17,3552,13,229,0,0,30,3797,0,0,30,3797,California
Tulare,2021-01-03,23,3804,9,3561,14,243,0,0,23,3820,0,0,23,3820,California
Tulare,2021-01-04,91,3895,15,3576,76,319,0,0,91,3911,0,0,91,3911,California
Tulare,2021-01-05,463,4358,278,3854,185,504,0,0,461,4370,2,2,461,4372,California
Tulare,2021-01-06,864,5222,634,4488,230,734,0,0,854,5214,10,12,854,5226,California
Tulare,2021-01-07,783,6005,584,5072,199,933,0,0,676,5783,107,119,676,5902,California
Tulare,2021-01-08,1277,7282,574,5646,703,1636,0,0,939,6385,337,456,939,6841,California
Tulare,2021-01-09,798,8080,203,5849,595,2231,0,0,611,6809,187,643,611,7452,California
Tulare,2021-01-10,50,8130,44,5893,6,2237,0,0,11,6781,39,682,11,7463,California
Tulare,2021-01-11,1273,9403,770,6663,503,2740,0,0,836,7180,437,1119,836,8299,California
Tulare,2021-01-12,1416,10819,501,7164,915,3655,0,0,1006,7778,409,1528,1007,9306,California
Tulare,2021-01-13,428,11247,199,7363,229,3884,0,0,353,8056,75,1603,353,9659,California
Tulare,2021-01-14,491,11738,141,7504,350,4234,0,0,465,8506,15,1618,465,10124,California
Tulare,2021-01-15,1638,13376,154,7658,1484,5718,0,0,1629,10126,9,1627,1629,11753,California
Tulare,2021-01-16,1899,15275,112,7770,1787,7505,0,0,1885,11997,14,1641,1885,13638,California
Tulare,2021-01-17,142,15417,122,7892,20,7525,0,0,132,12119,10,1651,132,13770,California
Tulare,2021-01-18,694,16111,661,8553,33,7558,0,0,297,12019,397,2048,297,14067,California
Tulare,2021-01-19,1011,17122,688,9241,323,7881,0,0,584,12176,427,2475,584,14651,California
Tulare,2021-01-20,2425,19547,612,9853,1813,9694,0,0,2013,13803,386,2861,2013,16664,California
Tulare,2021-01-21,1550,21097,182,10035,1368,11062,0,0,1524,15306,21,2882,1524,18188,California
Tulare,2021-01-22,1058,22155,189,10224,869,11931,0,0,1033,16315,24,2906,1033,19221,California
Tulare,2021-01-23,437,22592,155,10379,282,12213,0,0,417,16712,20,2926,417,19638,California
Tulare,2021-01-24,30,22622,27,10406,3,12216,0,0,28,16738,2,2928,28,19666,California
Tulare,2021-01-25,1342,23964,981,11387,361,12577,0,0,1299,17994,43,2971,1299,20965,California
Tulare,2021-01-26,1503,25467,1097,12484,406,12983,0,0,1170,18832,332,3303,1170,22135,California
Tulare,2021-01-27,1502,26969,1071,13555,431,13414,0,0,923,19177,578,3881,923,23058,California
Tulare,2021-01-28,1215,28184,777,14332,438,13852,0,0,817,19596,398,4279,817,23875,California
Tulare,2021-01-29,1130,29314,720,15052,410,14262,0,0,820,20106,310,4589,820,24695,California
Tulare,2021-01-30,1675,30989,1581,16633,94,14356,0,0,1651,21734,24,4613,1652,26347,California
Tulare,2021-01-31,67,31056,62,16695,5,14361,0,0,64,21795,3,4616,64,26411,California
Tulare,2021-02-01,1185,32241,915,17610,270,14631,0,0,829,22269,355,4971,829,27240,California
Tulare,2021-02-02,696,32937,347,17957,349,14980,0,0,455,22486,239,5210,456,27696,California
Tulare,2021-02-03,568,33505,241,18198,327,15307,0,0,327,22592,221,5431,327,28023,California
Tulare,2021-02-04,564,34069,169,18367,395,15702,0,0,275,22580,288,5719,276,28299,California
Tulare,2021-02-05,1240,35309,238,18605,1002,16704,0,0,409,22160,829,6548,409,28708,California
Tulare,2021-02-06,832,36141,156,18761,676,17380,0,0,211,21752,619,7167,211,28919,California
Tulare,2021-02-07,83,36224,71,18832,12,17392,0,0,23,21715,60,7227,23,28942,California
Tulare,2021-02-08,941,37165,325,19157,616,18008,0,0,240,21256,699,7926,240,29182,California
Tulare,2021-02-09,1415,38580,335,19492,1080,19088,0,0,369,20584,1041,8967,369,29551,California
Tulare,2021-02-10,2474,41054,1986,21478,488,19576,0,0,2073,22257,400,9367,2073,31624,California
Tulare,2021-02-11,1326,42380,377,21855,949,20525,0,0,907,22745,419,9786,907,32531,California
Tulare,2021-02-12,2784,45164,575,22430,2209,22734,0,0,1196,22360,1581,11367,1196,33727,California
Tulare,2021-02-13,2479,47643,157,22587,2322,25056,0,0,664,21213,1811,13178,664,34391,California
Tulare,2021-02-14,337,47980,40,22627,297,25353,0,0,300,21476,37,13215,300,34691,California
Tulare,2021-02-15,920,48900,294,22921,626,25979,0,0,663,21883,256,13471,663,35354,California
Tulare,2021-02-16,2833,51733,1594,24515,1239,27218,0,0,1079,21209,1753,15224,1079,36433,California
Tulare,2021-02-17,2702,54435,512,25027,2190,29408,0,0,464,19441,2232,17456,464,36897,California
Tulare,2021-02-18,2320,56755,456,25483,1864,31272,0,0,638,18405,1674,19130,638,37535,California
Tulare,2021-02-19,2314,59069,874,26357,1440,32712,0,0,956,18005,1356,20486,956,38491,California
Tulare,2021-02-20,2979,62048,1881,28238,1098,33810,0,0,1257,17545,1717,22203,1257,39748,California
Tulare,2021-02-21,94,62142,90,28328,4,33814,0,0,48,17548,45,22248,48,39796,California
Tulare,2021-02-22,1105,63247,699,29027,406,34220,0,0,210,16864,894,23142,210,40006,California
Tulare,2021-02-23,1959,65206,949,29976,1010,35230,0,0,1466,17838,492,23634,1466,41472,California
Tulare,2021-02-24,2486,67692,1549,31525,937,36167,0,0,2108,19570,377,24011,2109,43581,California
Tulare,2021-02-25,3511,71203,1980,33505,1531,37698,0,0,3095,22253,412,24423,3095,46676,California
Tulare,2021-02-26,3855,75058,1888,35393,1967,39665,0,0,3388,25177,465,24888,3389,50065,California
Tulare,2021-02-27,3000,78058,1492,36885,1508,41173,0,0,2867,27923,121,25009,2867,52932,California
Tulare,2021-02-28,1309,79367,1037,37922,272,41445,0,0,1289,29195,17,25026,1289,54221,California
Tulare,2021-03-01,1775,81142,798,38720,977,42422,0,0,1584,30590,189,25215,1584,55805,California
Tulare,2021-03-02,2777,83919,1271,39991,1505,43927,1,1,2601,33019,174,25389,2603,58408,California
Tulare,2021-03-03,3956,87875,2619,42610,1337,45264,0,1,2007,33082,1946,27335,2009,60417,California
Tulare,2021-03-04,2949,90824,1332,43942,1617,46881,0,1,2621,35379,324,27659,2621,63038,California
Tulare,2021-03-05,3440,94264,1760,45702,1665,48546,15,16,2923,37805,514,28173,2940,65978,California
Tulare,2021-03-06,3089,97353,1440,47142,1589,50135,60,76,2839,40455,247,28420,2897,68875,California
Tulare,2021-03-07,1137,98490,703,47845,413,50548,21,97,1096,41532,40,28460,1117,69992,California
Tulare,2021-03-08,1722,100212,1007,48852,546,51094,169,266,1394,42771,323,28783,1562,71554,California
Tulare,2021-03-09,3262,103474,2246,51098,869,51963,147,413,2853,45362,408,29191,2999,74553,California
Tulare,2021-03-10,2965,106439,1398,52496,1392,53355,175,588,2563,47705,393,29584,2736,77289,California
Tulare,2021-03-11,4186,110625,1979,54475,1906,55261,301,889,3246,50312,940,30524,3547,80836,California
Tulare,2021-03-12,4407,115032,2432,56907,1626,56887,349,1238,3132,52530,1267,31791,3485,84321,California
Tulare,2021-03-13,4151,119183,1945,58852,2101,58988,105,1343,3203,54900,942,32733,3312,87633,California
Tulare,2021-03-14,1860,121043,986,59838,655,59643,219,1562,1335,55927,524,33257,1551,89184,California
Tulare,2021-03-15,2747,123790,1628,61466,1004,60647,115,1677,1973,57244,772,34029,2089,91273,California
Tulare,2021-03-16,3436,127226,2124,63590,1234,61881,78,1755,1880,57652,1552,35581,1960,93233,California
Tulare,2021-03-17,4052,131278,2636,66226,1339,63220,77,1832,2307,58305,1738,37319,2391,95624,California
Tulare,2021-03-18,4633,135911,3380,69606,1181,64401,72,1904,2449,58651,2177,39496,2523,98147,California
Tulare,2021-03-19,5099,141010,3353,72959,1551,65952,195,2099,2730,59228,2350,41846,2927,101074,California
Tulare,2021-03-20,4482,145492,2789,75748,1321,67273,372,2471,2061,59251,2413,44259,2436,103510,California
Tulare,2021-03-21,1997,147489,1706,77454,265,67538,26,2497,1056,59395,937,45196,1081,104591,California
Tulare,2021-03-22,2564,150053,1775,79229,677,68215,112,2609,1693,60337,865,46061,1807,106398,California
Tulare,2021-03-23,3757,153810,2157,81386,1548,69763,52,2661,2061,60770,1686,47747,2119,108517,California
Tulare,2021-03-24,3204,157014,1989,83375,1173,70936,42,2703,1811,61238,1385,49132,1853,110370,California
Tulare,2021-03-25,3481,160495,1814,85189,1495,72431,172,2875,1692,61322,1782,50914,1866,112236,California
Tulare,2021-03-26,5254,165749,3136,88325,2009,74440,109,2984,2545,61286,2691,53605,2655,114891,California
Tulare,2021-03-27,3538,169287,1815,90140,1625,76065,98,3082,991,59835,2539,56144,1088,115979,California
Tulare,2021-03-28,1469,170756,1064,91204,374,76439,31,3113,678,59761,789,56933,715,116694,California
Tulare,2021-03-29,2895,173651,1675,92879,1108,77547,112,3225,1229,59443,1661,58594,1343,118037,California
Tulare,2021-03-30,4832,178483,2786,95665,1816,79363,230,3455,1531,57906,3292,61886,1755,119792,California
Tulare,2021-03-31,3956,182439,2340,98005,1503,80866,113,3568,1577,57229,2371,64257,1694,121486,California
Tulare,2021-04-01,4524,186963,2452,100457,2004,82870,68,3636,1560,55906,2954,67211,1631,123117,California
Tulare,2021-04-02,5338,192301,3054,103511,2166,85036,118,3754,1577,53860,3745,70956,1699,124816,California
Tulare,2021-04-03,3627,195928,2098,105609,1158,86194,371,4125,837,52315,2752,73708,1207,126023,California
Tulare,2021-04-04,1633,197561,1146,106755,480,86674,7,4132,359,51411,1270,74978,366,126389,California
Tulare,2021-04-05,3367,200928,2354,109109,743,87417,270,4402,861,50060,2494,77472,1143,127532,California
Tulare,2021-04-06,3433,204361,1469,110578,1470,88887,494,4896,924,48981,2502,79974,1423,128955,California
Tulare,2021-04-07,3894,208255,1835,112413,1624,90511,435,5331,1179,47899,2705,82679,1623,130578,California
Tulare,2021-04-08,4770,213025,2617,115030,1691,92202,462,5793,1522,46663,3236,85915,2000,132578,California
Tulare,2021-04-09,4841,217866,2994,118024,1413,93615,434,6227,1831,45957,3002,88917,2296,134874,California
Tulare,2021-04-10,3844,221710,2073,120097,1451,95066,320,6547,941,44329,2895,91812,1267,136141,California
Tulare,2021-04-11,1588,223298,1049,121146,466,95532,73,6620,490,43802,1095,92907,568,136709,California
Tulare,2021-04-12,3380,226678,2121,123267,665,96197,594,7214,1059,43151,2313,95220,1662,138371,California
Tulare,2021-04-13,2417,229095,1589,124856,818,97015,10,7224,902,42564,1504,96724,917,139288,California
Tulare,2021-04-14,2849,231944,1682,126538,1167,98182,0,7224,908,41534,1938,98662,908,140196,California
Tulare,2021-04-15,3274,235218,2134,128672,1140,99322,0,7224,1469,41210,1794,100456,1470,141666,California
Tulare,2021-04-16,3653,238871,2216,130888,1437,100759,0,7224,1478,40523,2165,102621,1478,143144,California
Tulare,2021-04-17,2213,241084,1300,132188,913,101672,0,7224,1175,40666,1033,103654,1176,144320,California
Tulare,2021-04-18,1521,242605,1190,133378,331,102003,0,7224,814,40774,706,104360,814,145134,California
Tulare,2021-04-19,2122,244727,1220,134598,900,102903,2,7226,897,40452,1221,105581,899,146033,California
Tulare,2021-04-20,2343,247070,1314,135912,1029,103932,0,7226,995,40114,1333,106914,995,147028,California
Tulare,2021-04-21,2208,249278,1327,137239,881,104813,0,7226,807,39561,1361,108275,808,147836,California
Tulare,2021-04-22,2108,251386,1171,138410,937,105750,0,7226,727,38927,1361,109636,727,148563,California
Tulare,2021-04-23,2580,253966,1583,139993,996,106746,1,7227,1020,38398,1549,111185,1020,149583,California
Tulare,2021-04-24,1639,255605,1052,141045,585,107331,2,7229,851,38468,783,111968,853,150436,California
Tulare,2021-04-25,693,256298,520,141565,173,107504,0,7229,264,38303,429,112397,264,150700,California
Tulare,2021-04-26,1464,257762,874,142439,571,108075,19,7248,611,38086,845,113242,628,151328,California
Tulare,2021-04-27,1605,259367,639,143078,930,109005,36,7284,678,37875,924,114166,713,152041,California
Tulare,2021-04-28,1704,261071,971,144049,691,109696,42,7326,669,37556,1030,115196,711,152752,California
Tulare,2021-04-29,1990,263061,1194,145243,759,110455,37,7363,768,37147,1212,116408,803,153555,California
Tulare,2021-04-30,2432,265493,1772,147015,610,111065,50,7413,896,36563,1529,117937,945,154500,California
Tulare,2021-05-01,1410,266903,1211,148226,187,111252,12,7425,720,36615,680,118617,732,155232,California
Tulare,2021-05-02,584,267487,496,148722,72,111324,16,7441,188,36426,393,119010,204,155436,California
Tulare,2021-05-03,1619,269106,1094,149816,400,111724,125,7566,349,35637,1263,120273,474,155910,California
Tulare,2021-05-04,1551,270657,826,150642,655,112379,70,7636,624,35410,918,121191,691,156601,California
Tulare,2021-05-05,1271,271928,614,151256,569,112948,88,7724,437,35112,823,122014,525,157126,California
Tulare,2021-05-06,1951,273879,1325,152581,577,113525,49,7773,589,34396,1354,123368,638,157764,California
Tulare,2021-05-07,1841,275720,1250,153831,523,114048,68,7841,526,33681,1308,124676,593,158357,California
Tulare,2021-05-08,1234,276954,804,154635,405,114453,25,7866,526,33532,700,125376,551,158908,California
Tulare,2021-05-09,590,277544,468,155103,101,114554,21,7887,117,33202,469,125845,139,159047,California
Tulare,2021-05-10,1015,278559,587,155690,363,114917,65,7952,307,32869,705,126550,372,159419,California
Tulare,2021-05-11,1211,279770,614,156304,520,115437,77,8029,501,32744,703,127253,578,159997,California
Tulare,2021-05-12,1502,281272,968,157272,482,115919,52,8081,398,32103,1090,128343,449,160446,California
Tulare,2021-05-13,1448,282720,902,158174,508,116427,38,8119,646,31988,798,129141,683,161129,California
Tulare,2021-05-14,1927,284647,1240,159414,625,117052,62,8181,859,31852,1057,130198,921,162050,California
Tulare,2021-05-15,1560,286207,875,160289,639,117691,46,8227,661,31666,892,131090,706,162756,California
Tulare,2021-05-16,694,286901,553,160842,129,117820,12,8239,324,31633,369,131459,336,163092,California
Tulare,2021-05-17,1539,288440,955,161797,511,118331,73,8312,744,31662,788,132247,817,163909,California
Tulare,2021-05-18,1578,290018,851,162648,674,119005,53,8365,804,31748,769,133016,855,164764,California
Tulare,2021-05-19,1469,291487,946,163594,489,119494,34,8399,768,31854,696,133712,802,165566,California
Tulare,2021-05-20,1348,292835,920,164514,344,119838,84,8483,658,31908,688,134400,742,166308,California
Tulare,2021-05-21,1659,294494,1254,165768,364,120202,41,8524,928,32154,723,135123,969,167277,California
Tulare,2021-05-22,1414,295908,1027,166795,362,120564,25,8549,535,31841,874,135997,561,167838,California
Tulare,2021-05-23,294,296202,249,167044,36,120600,9,8558,147,31851,146,136143,156,167994,California
Tulare,2021-05-24,918,297120,554,167598,304,120904,60,8618,424,31846,489,136632,484,168478,California
Tulare,2021-05-25,1191,298311,704,168302,450,121354,37,8655,526,31750,659,137291,563,169041,California
Tulare,2021-05-26,856,299167,476,168778,339,121693,41,8696,395,31727,458,137749,435,169476,California
Tulare,2021-05-27,1259,300426,793,169571,434,122127,32,8728,595,31698,658,138407,629,170105,California
Tulare,2021-05-28,1182,301608,664,170235,472,122599,46,8774,633,31832,544,138951,678,170783,California
Tulare,2021-05-29,862,302470,638,170873,204,122803,20,8794,489,31972,369,139320,509,171292,California
Tulare,2021-05-30,284,302754,209,171082,68,122871,7,8801,165,32028,117,139437,173,171465,California
Tulare,2021-05-31,137,302891,54,171136,71,122942,12,8813,58,32020,78,139515,70,171535,California
Tulare,2021-06-01,1039,303930,614,171750,391,123333,34,8847,407,31837,624,140139,441,171976,California
Tulare,2021-06-02,794,304724,472,172222,291,123624,31,8878,376,31833,409,140548,405,172381,California
Tulare,2021-06-03,587,305311,394,172616,144,123768,49,8927,187,31684,384,140932,235,172616,California
Tuolumne,2020-12-16,47,47,47,47,0,0,0,0,47,47,0,0,47,47,California
Tuolumne,2020-12-17,18,65,18,65,0,0,0,0,18,65,0,0,18,65,California
Tuolumne,2020-12-18,101,166,100,165,1,1,0,0,101,166,0,0,101,166,California
Tuolumne,2020-12-19,5,171,5,170,0,1,0,0,5,171,0,0,5,171,California
Tuolumne,2020-12-20,2,173,2,172,0,1,0,0,2,173,0,0,2,173,California
Tuolumne,2020-12-21,115,288,101,273,14,15,0,0,115,288,0,0,115,288,California
Tuolumne,2020-12-22,172,460,172,445,0,15,0,0,172,460,0,0,172,460,California
Tuolumne,2020-12-23,185,645,183,628,2,17,0,0,185,645,0,0,185,645,California
Tuolumne,2020-12-26,2,647,2,630,0,17,0,0,2,647,0,0,2,647,California
Tuolumne,2020-12-28,77,724,75,705,2,19,0,0,77,724,0,0,77,724,California
Tuolumne,2020-12-29,102,826,39,744,63,82,0,0,102,826,0,0,102,826,California
Tuolumne,2020-12-30,78,904,22,766,56,138,0,0,78,904,0,0,78,904,California
Tuolumne,2020-12-31,27,931,20,786,7,145,0,0,27,931,0,0,27,931,California
Tuolumne,2021-01-01,6,937,5,791,1,146,0,0,6,937,0,0,6,937,California
Tuolumne,2021-01-02,118,1055,115,906,3,149,0,0,118,1055,0,0,118,1055,California
Tuolumne,2021-01-03,2,1057,2,908,0,149,0,0,2,1057,0,0,2,1057,California
Tuolumne,2021-01-04,69,1126,26,934,43,192,0,0,69,1126,0,0,69,1126,California
Tuolumne,2021-01-05,93,1219,27,961,66,258,0,0,90,1214,3,3,91,1217,California
Tuolumne,2021-01-06,132,1351,72,1033,60,318,0,0,68,1218,64,67,68,1285,California
Tuolumne,2021-01-07,120,1471,64,1097,56,374,0,0,64,1226,56,123,64,1349,California
Tuolumne,2021-01-08,105,1576,81,1178,24,398,0,0,27,1177,77,200,28,1377,California
Tuolumne,2021-01-09,2,1578,0,1178,2,400,0,0,2,1179,0,200,2,1379,California
Tuolumne,2021-01-10,3,1581,1,1179,2,402,0,0,3,1182,0,200,3,1382,California
Tuolumne,2021-01-11,116,1697,90,1269,26,428,0,0,34,1134,82,282,34,1416,California
Tuolumne,2021-01-12,102,1799,86,1355,16,444,0,0,18,1068,84,366,18,1434,California
Tuolumne,2021-01-13,231,2030,125,1480,106,550,0,0,182,1202,49,415,183,1617,California
Tuolumne,2021-01-14,148,2178,108,1588,40,590,0,0,43,1141,104,519,43,1660,California
Tuolumne,2021-01-15,474,2652,72,1660,402,992,0,0,412,1493,61,580,413,2073,California
Tuolumne,2021-01-16,7,2659,3,1663,4,996,0,0,6,1498,1,581,6,2079,California
Tuolumne,2021-01-17,7,2666,4,1667,3,999,0,0,7,1505,0,581,7,2086,California
Tuolumne,2021-01-18,46,2712,38,1705,8,1007,0,0,9,1478,36,617,9,2095,California
Tuolumne,2021-01-19,478,3190,73,1778,405,1412,0,0,432,1864,46,663,432,2527,California
Tuolumne,2021-01-20,76,3266,58,1836,18,1430,0,0,24,1837,51,714,24,2551,California
Tuolumne,2021-01-21,56,3322,23,1859,33,1463,0,0,40,1861,16,730,40,2591,California
Tuolumne,2021-01-22,169,3491,16,1875,153,1616,0,0,162,2016,7,737,162,2753,California
Tuolumne,2021-01-23,653,4144,134,2009,519,2135,0,0,548,2471,105,842,560,3313,California
Tuolumne,2021-01-24,523,4667,2,2011,521,2656,0,0,520,2990,3,845,522,3835,California
Tuolumne,2021-01-25,50,4717,28,2039,22,2678,0,0,24,2989,26,871,25,3860,California
Tuolumne,2021-01-26,80,4797,68,2107,12,2690,0,0,40,2990,40,911,41,3901,California
Tuolumne,2021-01-27,61,4858,4,2111,57,2747,0,0,8,2946,52,963,8,3909,California
Tuolumne,2021-01-28,27,4885,7,2118,20,2767,0,0,18,2955,9,972,18,3927,California
Tuolumne,2021-01-29,72,4957,6,2124,66,2833,0,0,33,2949,39,1011,33,3960,California
Tuolumne,2021-01-30,711,5668,553,2677,158,2991,0,0,688,3631,23,1034,705,4665,California
Tuolumne,2021-01-31,8,5676,2,2679,6,2997,0,0,5,3633,3,1037,5,4670,California
Tuolumne,2021-02-01,26,5702,7,2686,19,3016,0,0,23,3653,3,1040,23,4693,California
Tuolumne,2021-02-02,647,6349,40,2726,607,3623,0,0,635,4278,10,1050,635,5328,California
Tuolumne,2021-02-03,241,6590,112,2838,129,3752,0,0,88,4213,153,1203,88,5416,California
Tuolumne,2021-02-04,123,6713,13,2851,110,3862,0,0,60,4210,63,1266,60,5476,California
Tuolumne,2021-02-05,99,6812,13,2864,86,3948,0,0,35,4182,63,1329,35,5511,California
Tuolumne,2021-02-06,857,7669,583,3447,274,4222,0,0,848,5027,9,1338,854,6365,California
Tuolumne,2021-02-07,8,7677,4,3451,4,4226,0,0,4,5027,4,1342,4,6369,California
Tuolumne,2021-02-08,91,7768,40,3491,51,4277,0,0,67,5070,24,1366,67,6436,California
Tuolumne,2021-02-09,863,8631,53,3544,810,5087,0,0,822,5851,41,1407,822,7258,California
Tuolumne,2021-02-10,92,8723,17,3561,75,5162,0,0,31,5822,60,1467,31,7289,California
Tuolumne,2021-02-11,144,8867,68,3629,76,5238,0,0,78,5834,66,1533,78,7367,California
Tuolumne,2021-02-12,646,9513,19,3648,627,5865,0,0,205,5599,440,1973,205,7572,California
Tuolumne,2021-02-13,150,9663,42,3690,108,5973,0,0,119,5688,30,2003,119,7691,California
Tuolumne,2021-02-14,150,9813,13,3703,137,6110,0,0,149,5836,1,2004,149,7840,California
Tuolumne,2021-02-15,186,9999,10,3713,176,6286,0,0,177,6004,9,2013,177,8017,California
Tuolumne,2021-02-16,531,10530,18,3731,513,6799,0,0,122,5723,405,2418,124,8141,California
Tuolumne,2021-02-17,111,10641,63,3794,48,6847,0,0,61,5735,49,2467,61,8202,California
Tuolumne,2021-02-18,679,11320,25,3819,654,7501,0,0,628,6313,51,2518,629,8831,California
Tuolumne,2021-02-19,143,11463,23,3842,120,7621,0,0,43,6256,100,2618,43,8874,California
Tuolumne,2021-02-20,905,12368,341,4183,564,8185,0,0,385,6136,506,3124,386,9260,California
Tuolumne,2021-02-21,977,13345,39,4222,938,9123,0,0,470,6104,505,3629,473,9733,California
Tuolumne,2021-02-22,81,13426,58,4280,23,9146,0,0,47,6118,33,3662,47,9780,California
Tuolumne,2021-02-23,48,13474,24,4304,24,9170,0,0,26,6123,21,3683,26,9806,California
Tuolumne,2021-02-24,105,13579,59,4363,46,9216,0,0,44,6107,60,3743,44,9850,California
Tuolumne,2021-02-25,1051,14630,35,4398,1016,10232,0,0,1020,7096,31,3774,1020,10870,California
Tuolumne,2021-02-26,150,14780,11,4409,139,10371,0,0,124,7195,26,3800,125,10995,California
Tuolumne,2021-02-27,954,15734,579,4988,375,10746,0,0,249,6760,687,4487,252,11247,California
Tuolumne,2021-02-28,56,15790,4,4992,52,10798,0,0,52,6809,3,4490,52,11299,California
Tuolumne,2021-03-01,114,15904,22,5014,91,10889,1,1,77,6852,36,4526,79,11378,California
Tuolumne,2021-03-02,705,16609,73,5087,632,11521,0,1,106,6359,599,5125,106,11484,California
Tuolumne,2021-03-03,89,16698,21,5108,68,11589,0,1,64,6398,25,5150,64,11548,California
Tuolumne,2021-03-04,1171,17869,76,5184,1095,12684,0,1,1105,7437,66,5216,1105,12653,California
Tuolumne,2021-03-05,86,17955,10,5194,76,12760,0,1,49,7451,36,5252,50,12703,California
Tuolumne,2021-03-06,1058,19013,606,5800,450,13210,2,3,204,6811,848,6100,208,12911,California
Tuolumne,2021-03-07,42,19055,13,5813,14,13224,15,18,19,6822,23,6123,34,12945,California
Tuolumne,2021-03-08,196,19251,90,5903,99,13323,7,25,139,6911,57,6180,146,13091,California
Tuolumne,2021-03-09,858,20109,16,5919,831,14154,11,36,68,6206,785,6965,80,13171,California
Tuolumne,2021-03-10,78,20187,12,5931,55,14209,11,47,53,6245,25,6990,64,13235,California
Tuolumne,2021-03-11,1281,21468,36,5967,1240,15449,5,52,1255,7481,26,7016,1262,14497,California
Tuolumne,2021-03-12,299,21767,36,6003,248,15697,15,67,190,7581,108,7124,208,14705,California
Tuolumne,2021-03-13,114,21881,13,6016,101,15798,0,67,85,7639,28,7152,86,14791,California
Tuolumne,2021-03-14,144,22025,8,6024,127,15925,9,76,7,7522,137,7289,20,14811,California
Tuolumne,2021-03-15,300,22325,82,6106,215,16140,3,79,105,7443,194,7483,115,14926,California
Tuolumne,2021-03-16,803,23128,40,6146,752,16892,11,90,666,7984,136,7619,677,15603,California
Tuolumne,2021-03-17,153,23281,33,6179,107,16999,13,103,79,8003,73,7692,92,15695,California
Tuolumne,2021-03-18,947,24228,27,6206,907,17906,13,116,317,7706,627,8319,330,16025,California
Tuolumne,2021-03-19,135,24363,18,6224,87,17993,30,146,74,7750,60,8379,104,16129,California
Tuolumne,2021-03-20,91,24454,7,6231,74,18067,10,156,37,7743,53,8432,46,16175,California
Tuolumne,2021-03-21,833,25287,389,6620,434,18501,10,166,41,7011,784,9216,52,16227,California
Tuolumne,2021-03-22,164,25451,73,6693,72,18573,19,185,97,7061,66,9282,116,16343,California
Tuolumne,2021-03-23,706,26157,636,7329,56,18629,14,199,668,7704,38,9320,681,17024,California
Tuolumne,2021-03-24,111,26268,20,7349,73,18702,18,217,77,7766,33,9353,95,17119,California
Tuolumne,2021-03-25,1298,27566,23,7372,1272,19974,3,220,327,7127,969,10322,330,17449,California
Tuolumne,2021-03-26,275,27841,16,7388,236,20210,23,243,117,7120,148,10470,141,17590,California
Tuolumne,2021-03-27,581,28422,54,7442,527,20737,0,243,317,7177,262,10732,319,17909,California
Tuolumne,2021-03-28,48,28470,7,7449,41,20778,0,243,8,7147,39,10771,9,17918,California
Tuolumne,2021-03-29,206,28676,83,7532,123,20901,0,243,109,7162,94,10865,109,18027,California
Tuolumne,2021-03-30,164,28840,11,7543,152,21053,1,244,121,7242,42,10907,122,18149,California
Tuolumne,2021-03-31,95,28935,14,7557,79,21132,2,246,38,7227,55,10962,40,18189,California
Tuolumne,2021-04-01,1249,30184,30,7587,1219,22351,0,246,228,6437,1018,11980,228,18417,California
Tuolumne,2021-04-02,165,30349,12,7599,127,22478,26,272,91,6482,72,12052,117,18534,California
Tuolumne,2021-04-03,428,30777,35,7634,391,22869,2,274,239,6535,188,12240,241,18775,California
Tuolumne,2021-04-04,33,30810,3,7637,30,22899,0,274,21,6545,11,12251,21,18796,California
Tuolumne,2021-04-05,132,30942,19,7656,106,23005,7,281,59,6539,72,12323,66,18862,California
Tuolumne,2021-04-06,648,31590,516,8172,105,23110,27,308,513,6946,134,12457,541,19403,California
Tuolumne,2021-04-07,128,31718,37,8209,75,23185,16,324,50,6934,78,12535,66,19469,California
Tuolumne,2021-04-08,1447,33165,33,8242,1399,24584,15,339,248,6002,1195,13730,263,19732,California
Tuolumne,2021-04-09,274,33439,41,8283,189,24773,44,383,131,6038,143,13873,179,19911,California
Tuolumne,2021-04-10,56,33495,2,8285,34,24807,20,403,23,6049,32,13905,43,19954,California
Tuolumne,2021-04-11,18,33513,3,8288,12,24819,3,406,12,6058,6,13911,15,19969,California
Tuolumne,2021-04-12,164,33677,66,8354,93,24912,5,411,90,6084,69,13980,95,20064,California
Tuolumne,2021-04-13,784,34461,35,8389,749,25661,0,411,169,5646,607,14587,169,20233,California
Tuolumne,2021-04-14,155,34616,29,8418,126,25787,0,411,78,5651,74,14661,79,20312,California
Tuolumne,2021-04-15,343,34959,21,8439,322,26109,0,411,60,5434,277,14938,60,20372,California
Tuolumne,2021-04-16,251,35210,50,8489,201,26310,0,411,141,5473,103,15041,142,20514,California
Tuolumne,2021-04-17,43,35253,6,8495,37,26347,0,411,27,5484,16,15057,27,20541,California
Tuolumne,2021-04-18,9,35262,3,8498,6,26353,0,411,4,5484,5,15062,5,20546,California
Tuolumne,2021-04-19,170,35432,79,8577,91,26444,0,411,92,5500,76,15138,92,20638,California
Tuolumne,2021-04-20,711,36143,615,9192,96,26540,0,411,76,4949,627,15765,76,20714,California
Tuolumne,2021-04-21,119,36262,26,9218,93,26633,0,411,63,4961,51,15816,63,20777,California
Tuolumne,2021-04-22,711,36973,46,9264,665,27298,0,411,431,5121,271,16087,431,21208,California
Tuolumne,2021-04-23,177,37150,31,9295,146,27444,0,411,85,5117,90,16177,86,21294,California
Tuolumne,2021-04-24,80,37230,18,9313,62,27506,0,411,52,5141,28,16205,52,21346,California
Tuolumne,2021-04-25,27,37257,10,9323,17,27523,0,411,24,5162,3,16208,24,21370,California
Tuolumne,2021-04-26,156,37413,56,9379,100,27623,0,411,73,5154,82,16290,74,21444,California
Tuolumne,2021-04-27,137,37550,23,9402,107,27730,7,418,63,5152,72,16362,70,21514,California
Tuolumne,2021-04-28,118,37668,26,9428,81,27811,11,429,65,5176,52,16414,76,21590,California
Tuolumne,2021-04-29,277,37945,16,9444,253,28064,8,437,53,5015,222,16636,61,21651,California
Tuolumne,2021-04-30,354,38299,22,9466,320,28384,12,449,68,4813,282,16918,80,21731,California
Tuolumne,2021-05-01,25,38324,7,9473,13,28397,5,454,16,4825,9,16927,21,21752,California
Tuolumne,2021-05-02,26,38350,3,9476,21,28418,2,456,19,4839,7,16934,21,21773,California
Tuolumne,2021-05-03,102,38452,14,9490,83,28501,5,461,30,4804,70,17004,35,21808,California
Tuolumne,2021-05-04,694,39146,600,10090,89,28590,5,466,207,4529,486,17490,211,22019,California
Tuolumne,2021-05-05,107,39253,25,10115,76,28666,6,472,56,4542,49,17539,62,22081,California
Tuolumne,2021-05-06,286,39539,13,10128,259,28925,14,486,41,4356,240,17779,54,22135,California
Tuolumne,2021-05-07,323,39862,25,10153,290,29215,8,494,65,4172,257,18036,73,22208,California
Tuolumne,2021-05-08,48,39910,7,10160,37,29252,4,498,30,4188,18,18054,34,22242,California
Tuolumne,2021-05-09,15,39925,2,10162,11,29263,2,500,2,4179,13,18067,4,22246,California
Tuolumne,2021-05-10,111,40036,44,10206,62,29325,5,505,31,4136,79,18146,36,22282,California
Tuolumne,2021-05-11,196,40232,62,10268,122,29447,12,517,55,4063,140,18286,67,22349,California
Tuolumne,2021-05-12,128,40360,20,10288,105,29552,3,520,50,4038,78,18364,53,22402,California
Tuolumne,2021-05-13,109,40469,18,10306,83,29635,8,528,68,4074,41,18405,77,22479,California
Tuolumne,2021-05-14,207,40676,75,10381,120,29755,12,540,106,4093,99,18504,118,22597,California
Tuolumne,2021-05-15,57,40733,15,10396,35,29790,7,547,19,4082,38,18542,27,22624,California
Tuolumne,2021-05-16,26,40759,8,10404,16,29806,2,549,12,4082,14,18556,14,22638,California
Tuolumne,2021-05-17,110,40869,29,10433,78,29884,3,552,47,4070,63,18619,51,22689,California
Tuolumne,2021-05-18,176,41045,54,10487,75,29959,47,599,58,4057,118,18737,105,22794,California
Tuolumne,2021-05-19,120,41165,22,10509,65,30024,33,632,47,4065,72,18809,80,22874,California
Tuolumne,2021-05-20,396,41561,20,10529,371,30395,5,637,52,3779,343,19152,57,22931,California
Tuolumne,2021-05-21,192,41753,89,10618,98,30493,5,642,116,3826,74,19226,121,23052,California
Tuolumne,2021-05-22,52,41805,15,10633,32,30525,5,647,21,3821,30,19256,25,23077,California
Tuolumne,2021-05-23,17,41822,4,10637,13,30538,0,647,8,3820,9,19265,8,23085,California
Tuolumne,2021-05-24,126,41948,41,10678,79,30617,6,653,53,3807,72,19337,59,23144,California
Tuolumne,2021-05-25,282,42230,216,10894,60,30677,6,659,107,3746,174,19511,113,23257,California
Tuolumne,2021-05-26,83,42313,20,10914,61,30738,2,661,35,3735,48,19559,37,23294,California
Tuolumne,2021-05-27,72,42385,14,10928,56,30794,2,663,29,3724,42,19601,31,23325,California
Tuolumne,2021-05-28,104,42489,50,10978,53,30847,1,664,64,3751,38,19639,65,23390,California
Tuolumne,2021-05-29,37,42526,7,10985,24,30871,6,670,16,3752,21,19660,22,23412,California
Tuolumne,2021-05-30,18,42544,1,10986,14,30885,3,673,4,3745,14,19674,7,23419,California
Tuolumne,2021-05-31,10,42554,2,10988,7,30892,1,674,2,3740,8,19682,3,23422,California
Tuolumne,2021-06-01,68,42622,19,11007,46,30938,3,677,22,3719,46,19728,25,23447,California
Tuolumne,2021-06-02,55,42677,6,11013,43,30981,6,683,16,3702,38,19766,21,23468,California
Tuolumne,2021-06-03,31,42708,13,11026,5,30986,13,696,7,3698,24,19790,20,23488,California
Ventura,2020-12-15,5,5,5,5,0,0,0,0,5,5,0,0,5,5,California
Ventura,2020-12-16,73,78,73,78,0,0,0,0,73,78,0,0,73,78,California
Ventura,2020-12-17,249,327,249,327,0,0,0,0,249,327,0,0,249,327,California
Ventura,2020-12-18,1415,1742,1415,1742,0,0,0,0,1415,1742,0,0,1415,1742,California
Ventura,2020-12-19,914,2656,914,2656,0,0,0,0,914,2656,0,0,914,2656,California
Ventura,2020-12-20,432,3088,432,3088,0,0,0,0,432,3088,0,0,432,3088,California
Ventura,2020-12-21,1470,4558,1470,4558,0,0,0,0,1470,4558,0,0,1470,4558,California
Ventura,2020-12-22,1108,5666,1103,5661,5,5,0,0,1108,5666,0,0,1108,5666,California
Ventura,2020-12-23,1036,6702,987,6648,49,54,0,0,1036,6702,0,0,1036,6702,California
Ventura,2020-12-24,478,7180,380,7028,98,152,0,0,478,7180,0,0,478,7180,California
Ventura,2020-12-25,12,7192,7,7035,5,157,0,0,12,7192,0,0,12,7192,California
Ventura,2020-12-26,113,7305,92,7127,21,178,0,0,113,7305,0,0,113,7305,California
Ventura,2020-12-27,58,7363,27,7154,31,209,0,0,58,7363,0,0,58,7363,California
Ventura,2020-12-28,1069,8432,928,8082,141,350,0,0,1069,8432,0,0,1069,8432,California
Ventura,2020-12-29,1169,9601,762,8844,407,757,0,0,1169,9601,0,0,1169,9601,California
Ventura,2020-12-30,1988,11589,1522,10366,466,1223,0,0,1988,11589,0,0,1988,11589,California
Ventura,2020-12-31,479,12068,160,10526,319,1542,0,0,479,12068,0,0,479,12068,California
Ventura,2021-01-01,33,12101,12,10538,21,1563,0,0,33,12101,0,0,33,12101,California
Ventura,2021-01-02,174,12275,79,10617,95,1658,0,0,174,12275,0,0,174,12275,California
Ventura,2021-01-03,16,12291,8,10625,8,1666,0,0,16,12291,0,0,16,12291,California
Ventura,2021-01-04,1085,13376,552,11177,533,2199,0,0,1084,13375,0,0,1084,13375,California
Ventura,2021-01-05,1375,14751,779,11956,596,2795,0,0,1332,14664,43,43,1332,14707,California
Ventura,2021-01-06,2063,16814,1181,13137,882,3677,0,0,1630,15872,424,467,1632,16339,California
Ventura,2021-01-07,2073,18887,1327,14464,746,4423,0,0,1182,16166,888,1355,1182,17521,California
Ventura,2021-01-08,2195,21082,1472,15936,723,5146,0,0,903,15780,1290,2645,904,18425,California
Ventura,2021-01-09,721,21803,500,16436,221,5367,0,0,318,15695,403,3048,318,18743,California
Ventura,2021-01-10,342,22145,325,16761,17,5384,0,0,128,15609,214,3262,128,18871,California
Ventura,2021-01-11,2449,24594,1490,18251,959,6343,0,0,1496,16155,953,4215,1499,20370,California
Ventura,2021-01-12,3049,27643,1613,19864,1436,7779,0,0,2023,17152,1026,5241,2023,22393,California
Ventura,2021-01-13,2938,30581,1431,21295,1507,9286,0,0,2054,18326,881,6122,2055,24448,California
Ventura,2021-01-14,2735,33316,1059,22354,1676,10962,0,0,2288,20169,446,6568,2289,26737,California
Ventura,2021-01-15,2886,36202,963,23317,1923,12885,0,0,2675,22634,211,6779,2676,29413,California
Ventura,2021-01-16,485,36687,187,23504,298,13183,0,0,405,22959,80,6859,405,29818,California
Ventura,2021-01-17,259,36946,137,23641,122,13305,0,0,253,23206,6,6865,253,30071,California
Ventura,2021-01-18,2207,39153,1658,25299,549,13854,0,0,1662,24325,544,7409,1663,31734,California
Ventura,2021-01-19,3055,42208,2129,27428,926,14780,0,0,2158,25589,897,8306,2161,33895,California
Ventura,2021-01-20,4101,46309,3148,30576,953,15733,0,0,3050,27592,1048,9354,3051,36946,California
Ventura,2021-01-21,3853,50162,2679,33255,1174,16907,0,0,3177,30098,673,10027,3179,40125,California
Ventura,2021-01-22,3623,53785,2498,35753,1125,18032,0,0,3459,33393,164,10191,3459,43584,California
Ventura,2021-01-23,1183,54968,647,36400,536,18568,0,0,1083,34379,99,10290,1085,44669,California
Ventura,2021-01-24,456,55424,137,36537,319,18887,0,0,443,34809,13,10303,443,45112,California
Ventura,2021-01-25,3164,58588,2032,38569,1132,20019,0,0,2607,36861,556,10859,2608,47720,California
Ventura,2021-01-26,3724,62312,2213,40782,1511,21530,0,0,2722,38583,1001,11860,2723,50443,California
Ventura,2021-01-27,3482,65794,1560,42342,1922,23452,0,0,2738,40582,740,12600,2739,53182,California
Ventura,2021-01-28,3889,69683,1999,44341,1890,25342,0,0,3271,43251,603,13203,3272,56454,California
Ventura,2021-01-29,4271,73954,2524,46865,1747,27089,0,0,3770,46532,489,13692,3770,60224,California
Ventura,2021-01-30,3041,76995,1966,48831,1075,28164,0,0,2868,49232,169,13861,2869,63093,California
Ventura,2021-01-31,836,77831,447,49278,389,28553,0,0,750,49897,85,13946,750,63843,California
Ventura,2021-02-01,3962,81793,2117,51395,1845,30398,0,0,3185,52313,771,14717,3187,67030,California
Ventura,2021-02-02,4414,86207,2373,53768,2041,32439,0,0,3390,54685,1020,15737,3392,70422,California
Ventura,2021-02-03,4460,90667,2090,55858,2370,34809,0,0,3445,57121,1010,16747,3446,73868,California
Ventura,2021-02-04,4793,95460,2300,58158,2493,37302,0,0,3524,59387,1261,18008,3527,77395,California
Ventura,2021-02-05,4847,100307,2324,60482,2523,39825,0,0,3353,61261,1481,19489,3355,80750,California
Ventura,2021-02-06,2839,103146,1514,61996,1325,41150,0,0,2437,63297,401,19890,2437,83187,California
Ventura,2021-02-07,722,103868,241,62237,481,41631,0,0,597,63770,125,20015,598,83785,California
Ventura,2021-02-08,3512,107380,1632,63869,1880,43511,0,0,2436,65135,1071,21086,2436,86221,California
Ventura,2021-02-09,4730,112110,1976,65845,2754,46265,0,0,2468,65346,2260,23346,2471,88692,California
Ventura,2021-02-10,4718,116828,2233,68078,2485,48750,0,0,2392,65423,2316,25662,2393,91085,California
Ventura,2021-02-11,4673,121501,1866,69944,2807,51557,0,0,2451,65663,2214,27876,2454,93539,California
Ventura,2021-02-12,6314,127815,2665,72609,3649,55206,0,0,3225,65805,3083,30959,3225,96764,California
Ventura,2021-02-13,3311,131126,1830,74439,1481,56687,0,0,1847,66194,1460,32419,1849,98613,California
Ventura,2021-02-14,1226,132352,123,74562,1103,57790,0,0,1009,66987,217,32636,1010,99623,California
Ventura,2021-02-15,3991,136343,1801,76363,2190,59980,0,0,2119,67237,1869,34505,2119,101742,California
Ventura,2021-02-16,5559,141902,2711,79074,2848,62828,0,0,3016,67720,2533,37038,3016,104758,California
Ventura,2021-02-17,5308,147210,1924,80998,3384,66212,0,0,3335,69091,1964,39002,3335,108093,California
Ventura,2021-02-18,5787,152997,1834,82832,3953,70165,0,0,3639,70593,2137,41139,3639,111732,California
Ventura,2021-02-19,6474,159471,3771,86603,2703,72868,0,0,3013,70154,3454,44593,3015,114747,California
Ventura,2021-02-20,4942,164413,3172,89775,1770,74638,0,0,2773,70768,2163,46756,2777,117524,California
Ventura,2021-02-21,1105,165518,814,90589,291,74929,0,0,451,70573,649,47405,454,117978,California
Ventura,2021-02-22,5407,170925,2412,93001,2995,77924,0,0,3462,72100,1936,49341,3463,121441,California
Ventura,2021-02-23,5980,176905,2977,95978,3003,80927,0,0,3423,72985,2540,51881,3425,124866,California
Ventura,2021-02-24,7087,183992,2617,98595,4470,85397,0,0,4256,74428,2815,54696,4258,129124,California
Ventura,2021-02-25,7598,191590,2576,101171,5022,90419,0,0,4577,75999,3008,57704,4579,133703,California
Ventura,2021-02-26,9466,201056,2776,103947,6690,97109,0,0,6176,78914,3264,60968,6179,139882,California
Ventura,2021-02-27,10596,211652,5289,109236,5307,102416,0,0,7950,84246,2628,63596,7960,147842,California
Ventura,2021-02-28,2571,214223,1637,110873,933,103349,1,1,2096,85874,468,64064,2096,149938,California
Ventura,2021-03-01,7145,221368,2841,113714,4302,107651,2,3,4749,88259,2379,66443,4764,154702,California
Ventura,2021-03-02,7706,229074,4039,117753,3665,111316,2,5,5402,91369,2293,68736,5403,160105,California
Ventura,2021-03-03,8687,237761,3922,121675,4761,116077,4,9,6129,94963,2543,71279,6137,166242,California
Ventura,2021-03-04,8249,246010,3879,125554,4370,120447,0,9,5548,97828,2686,73965,5551,171793,California
Ventura,2021-03-05,10088,256098,4812,130366,5266,125713,10,19,7190,102154,2882,76847,7208,179001,California
Ventura,2021-03-06,7785,263883,4405,134771,3227,128940,153,172,5819,106169,1959,78806,5974,184975,California
Ventura,2021-03-07,1662,265545,614,135385,948,129888,100,272,1246,107099,416,79222,1346,186321,California
Ventura,2021-03-08,6849,272394,3436,138821,3259,133147,154,426,4736,109886,2106,81328,4893,191214,California
Ventura,2021-03-09,6869,279263,3027,141848,3642,136789,200,626,3985,111205,2870,84198,4189,195403,California
Ventura,2021-03-10,7010,286273,3018,144866,3752,140541,240,866,4679,113805,2318,86516,4918,200321,California
Ventura,2021-03-11,6536,292809,2896,147762,3326,143867,314,1180,3569,114734,2953,89469,3882,204203,California
Ventura,2021-03-12,8693,301502,3051,150813,4797,148664,845,2025,4253,115408,4424,93893,5098,209301,California
Ventura,2021-03-13,7251,308753,2510,153323,3897,152561,844,2869,4308,117626,2934,96827,5152,214453,California
Ventura,2021-03-14,2147,310900,487,153810,1161,153722,499,3368,725,117431,1421,98248,1226,215679,California
Ventura,2021-03-15,7081,317981,2051,155861,3683,157405,1347,4715,3134,117985,3923,102171,4477,220156,California
Ventura,2021-03-16,8132,326113,2466,158327,4552,161957,1114,5829,4190,119358,3929,106100,5302,225458,California
Ventura,2021-03-17,7719,333832,2778,161105,4593,166550,348,6177,4698,121407,2998,109098,5047,230505,California
Ventura,2021-03-18,7418,341250,3280,164385,3986,170536,152,6329,4839,123831,2565,111663,4989,235494,California
Ventura,2021-03-19,8658,349908,3804,168189,4741,175277,113,6442,5263,125833,3373,115036,5375,240869,California
Ventura,2021-03-20,8710,358618,5753,173942,2935,178212,22,6464,4442,126052,4246,119282,4465,245334,California
Ventura,2021-03-21,2799,361417,1523,175465,904,179116,372,6836,1322,126279,1463,120745,1690,247024,California
Ventura,2021-03-22,7427,368844,3707,179172,3617,182733,103,6939,4910,128795,2499,123244,5015,252039,California
Ventura,2021-03-23,8261,377105,3931,183103,4258,186991,72,7011,4644,129921,3589,126833,4715,256754,California
Ventura,2021-03-24,8940,386045,3423,186526,5439,192430,78,7089,4476,130043,4433,131266,4555,261309,California
Ventura,2021-03-25,8862,394907,3926,190452,4834,197264,102,7191,4494,130289,4350,135616,4596,265905,California
Ventura,2021-03-26,9944,404851,3375,193827,5914,203178,655,7846,3987,129004,5926,141542,4641,270546,California
Ventura,2021-03-27,8499,413350,3940,197767,4519,207697,40,7886,2428,125434,6044,147586,2474,273020,California
Ventura,2021-03-28,2545,415895,1427,199194,1109,208806,9,7895,1375,125660,1164,148750,1390,274410,California
Ventura,2021-03-29,8583,424478,4299,203493,4238,213044,46,7941,4264,125682,4291,153041,4313,278723,California
Ventura,2021-03-30,9014,433492,4472,207965,4411,217455,131,8072,4406,125624,4594,157635,4536,283259,California
Ventura,2021-03-31,10813,444305,4875,212840,5309,222764,629,8701,4688,124838,6103,163738,5317,288576,California
Ventura,2021-04-01,10867,455172,5302,218142,4679,227443,886,9587,5521,125932,5312,169050,6406,294982,California
Ventura,2021-04-02,11820,466992,4661,222803,5816,233259,1343,10930,5659,126811,6128,175178,7007,301989,California
Ventura,2021-04-03,8140,475132,4029,226832,2935,236194,1176,12106,3431,126713,4697,179875,4599,306588,California
Ventura,2021-04-04,1717,476849,960,227792,622,236816,135,12241,1148,127434,562,180437,1283,307871,California
Ventura,2021-04-05,9429,486278,4910,232702,3400,240216,1119,13360,4807,128750,4609,185046,5925,313796,California
Ventura,2021-04-06,10962,497240,5593,238295,3875,244091,1494,14854,5634,130586,5301,190347,7137,320933,California
Ventura,2021-04-07,11462,508702,5461,243756,4486,248577,1515,16369,5235,131156,6210,196557,6780,327713,California
Ventura,2021-04-08,10445,519147,5365,249121,4097,252674,983,17352,5202,132162,5223,201780,6229,333942,California
Ventura,2021-04-09,11312,530459,4387,253508,5202,257876,1723,19075,4937,132537,6350,208130,6725,340667,California
Ventura,2021-04-10,9569,540028,3876,257384,3526,261402,2167,21242,3134,131450,6418,214548,5331,345998,California
Ventura,2021-04-11,2432,542460,863,258247,999,262401,570,21812,685,130969,1739,216287,1258,347256,California
Ventura,2021-04-12,9006,551466,4498,262745,3684,266085,824,22636,3762,130364,5226,221513,4621,351877,California
Ventura,2021-04-13,8880,560346,4513,267258,4361,270446,6,22642,3779,129100,5068,226581,3804,355681,California
Ventura,2021-04-14,8751,569097,4087,271345,4649,275095,15,22657,3360,127140,5355,231936,3395,359076,California
Ventura,2021-04-15,9353,578450,4543,275888,4803,279898,7,22664,4092,126008,5234,237170,4102,363178,California
Ventura,2021-04-16,10161,588611,4492,280380,5667,285565,2,22666,4812,125494,5332,242502,4818,367996,California
Ventura,2021-04-17,8751,597362,5323,285703,3427,288992,1,22667,5091,126942,3644,246146,5092,373088,California
Ventura,2021-04-18,2138,599500,1015,286718,1123,290115,0,22667,911,126630,1223,247369,911,373999,California
Ventura,2021-04-19,8065,607565,4848,291566,3216,293331,1,22668,4627,127840,3419,250788,4629,378628,California
Ventura,2021-04-20,9315,616880,4919,296485,4392,297723,4,22672,4374,127296,4922,255710,4378,383006,California
Ventura,2021-04-21,8930,625810,4578,301063,4347,302070,5,22677,4252,126891,4663,260373,4258,387264,California
Ventura,2021-04-22,10075,635885,5493,306556,4582,306652,0,22677,4472,125777,5587,265960,4473,391737,California
Ventura,2021-04-23,10865,646750,5401,311957,5463,312115,1,22678,5416,125770,5424,271384,5417,397154,California
Ventura,2021-04-24,10439,657189,5894,317851,4545,316660,0,22678,6129,127604,4297,275681,6131,403285,California
Ventura,2021-04-25,2473,659662,1702,319553,771,317431,0,22678,1147,127429,1322,277003,1147,404432,California
Ventura,2021-04-26,7246,666908,4129,323682,3050,320481,67,22745,3021,126311,4201,281204,3083,407515,California
Ventura,2021-04-27,8538,675446,4725,328407,3630,324111,183,22928,3228,124425,5295,286499,3409,410924,California
Ventura,2021-04-28,8311,683757,4825,333232,3170,327281,316,23244,3265,122980,5026,291525,3581,414505,California
Ventura,2021-04-29,7831,691588,4219,337451,3348,330629,264,23508,2802,121042,5003,296528,3065,417570,California
Ventura,2021-04-30,9397,700985,5447,342898,3676,334305,274,23782,3891,119725,5471,301999,4154,421724,California
Ventura,2021-05-01,5041,706026,3629,346527,1309,335614,103,23885,1951,118713,3065,305064,2053,423777,California
Ventura,2021-05-02,2129,708155,1426,347953,614,336228,89,23974,1038,118753,1088,306152,1128,424905,California
Ventura,2021-05-03,6271,714426,3914,351867,2078,338306,279,24253,1982,116743,4269,310421,2259,427164,California
Ventura,2021-05-04,6322,720748,3319,355186,2704,341010,299,24552,2301,115336,4007,314428,2600,429764,California
Ventura,2021-05-05,5328,726076,3023,358209,2045,343055,260,24812,1944,114173,3360,317788,2197,431961,California
Ventura,2021-05-06,6146,732222,3213,361422,2663,345718,270,25082,1978,112271,4150,321938,2248,434209,California
Ventura,2021-05-07,6808,739030,3423,364845,3112,348830,273,25355,2352,110468,4428,326366,2625,436834,California
Ventura,2021-05-08,5306,744336,4122,368967,1031,349861,153,25508,1219,107765,4073,330439,1370,438204,California
Ventura,2021-05-09,1048,745384,734,369701,268,350129,46,25554,399,107567,641,331080,443,438647,California
Ventura,2021-05-10,6077,751461,4077,373778,1792,351921,208,25762,1400,104508,4666,335746,1607,440254,California
Ventura,2021-05-11,5155,756616,3206,376984,1739,353660,210,25972,1506,102584,3639,339385,1715,441969,California
Ventura,2021-05-12,4781,761397,2766,379750,1811,355471,204,26176,1481,100985,3284,342669,1685,443654,California
Ventura,2021-05-13,5695,767092,3353,383103,2138,357609,204,26380,1925,99356,3758,346427,2129,445783,California
Ventura,2021-05-14,7239,774331,4455,387558,2584,360193,200,26580,2754,97842,4465,350892,2951,448734,California
Ventura,2021-05-15,6623,780954,5370,392928,1168,361361,85,26665,2831,96985,3774,354666,2917,451651,California
Ventura,2021-05-16,2163,783117,1673,394601,438,361799,52,26717,1032,96943,1126,355792,1084,452735,California
Ventura,2021-05-17,5839,788956,3569,398170,2063,363862,207,26924,2579,96486,3242,359034,2785,455520,California
Ventura,2021-05-18,5369,794325,3170,401340,2019,365881,180,27104,2286,95887,3063,362097,2464,457984,California
Ventura,2021-05-19,5797,800122,3519,404859,2068,367949,210,27314,2427,95177,3344,365441,2634,460618,California
Ventura,2021-05-20,4349,804471,2295,407154,1899,369848,155,27469,1780,94567,2544,367985,1934,462552,California
Ventura,2021-05-21,6722,811193,3666,410820,2882,372730,174,27643,2144,92335,4549,372534,2317,464869,California
Ventura,2021-05-22,4764,815957,2316,413136,2374,375104,74,27717,1489,90629,3269,375803,1563,466432,California
Ventura,2021-05-23,1279,817236,1068,414204,141,375245,70,27787,500,90422,777,376580,570,467002,California
Ventura,2021-05-24,4508,821744,2456,416660,1896,377141,156,27943,1538,89160,2956,379536,1694,468696,California
Ventura,2021-05-25,4260,826004,2201,418861,1904,379045,155,28098,1455,87982,2786,382322,1608,470304,California
Ventura,2021-05-26,4127,830131,2188,421049,1802,380847,137,28235,1602,87215,2506,384828,1739,472043,California
Ventura,2021-05-27,3772,833903,1843,422892,1816,382663,113,28348,1376,86320,2384,387212,1489,473532,California
Ventura,2021-05-28,4441,838344,2444,425336,1813,384476,184,28532,1975,86021,2455,389667,2156,475688,California
Ventura,2021-05-29,2152,840496,1345,426681,739,385215,68,28600,1058,86069,1078,390745,1126,476814,California
Ventura,2021-05-30,888,841384,579,427260,257,385472,52,28652,369,85974,516,391261,421,477235,California
Ventura,2021-05-31,256,841640,133,427393,114,385586,9,28661,59,85845,197,391458,68,477303,California
Ventura,2021-06-01,3888,845528,2251,429644,1476,387062,161,28822,1305,84739,2573,394031,1467,478770,California
Ventura,2021-06-02,2752,848280,1542,431186,1088,388150,122,28944,1013,84147,1726,395757,1134,479904,California
Ventura,2021-06-03,1570,849850,907,432093,588,388738,75,29019,451,83558,1115,396872,526,480430,California
Yolo,2020-12-15,39,39,39,39,0,0,0,0,39,39,0,0,39,39,California
Yolo,2020-12-16,78,117,78,117,0,0,0,0,78,117,0,0,78,117,California
Yolo,2020-12-17,101,218,101,218,0,0,0,0,101,218,0,0,101,218,California
Yolo,2020-12-18,209,427,209,427,0,0,0,0,209,427,0,0,209,427,California
Yolo,2020-12-19,88,515,88,515,0,0,0,0,88,515,0,0,88,515,California
Yolo,2020-12-20,101,616,101,616,0,0,0,0,101,616,0,0,101,616,California
Yolo,2020-12-21,254,870,254,870,0,0,0,0,254,870,0,0,254,870,California
Yolo,2020-12-22,381,1251,380,1250,1,1,0,0,381,1251,0,0,381,1251,California
Yolo,2020-12-23,433,1684,413,1663,20,21,0,0,433,1684,0,0,433,1684,California
Yolo,2020-12-24,153,1837,96,1759,57,78,0,0,153,1837,0,0,153,1837,California
Yolo,2020-12-25,1,1838,1,1760,0,78,0,0,1,1838,0,0,1,1838,California
Yolo,2020-12-26,75,1913,25,1785,50,128,0,0,75,1913,0,0,75,1913,California
Yolo,2020-12-27,46,1959,19,1804,27,155,0,0,46,1959,0,0,46,1959,California
Yolo,2020-12-28,350,2309,181,1985,169,324,0,0,350,2309,0,0,350,2309,California
Yolo,2020-12-29,489,2798,267,2252,222,546,0,0,489,2798,0,0,489,2798,California
Yolo,2020-12-30,623,3421,255,2507,368,914,0,0,623,3421,0,0,623,3421,California
Yolo,2020-12-31,185,3606,95,2602,90,1004,0,0,185,3606,0,0,185,3606,California
Yolo,2021-01-01,58,3664,56,2658,2,1006,0,0,58,3664,0,0,58,3664,California
Yolo,2021-01-02,69,3733,26,2684,43,1049,0,0,69,3733,0,0,69,3733,California
Yolo,2021-01-03,45,3778,19,2703,26,1075,0,0,45,3778,0,0,45,3778,California
Yolo,2021-01-04,194,3972,43,2746,151,1226,0,0,194,3972,0,0,194,3972,California
Yolo,2021-01-05,615,4587,238,2984,377,1603,0,0,554,4465,61,61,554,4526,California
Yolo,2021-01-06,483,5070,183,3167,300,1903,0,0,352,4686,131,192,352,4878,California
Yolo,2021-01-07,710,5780,233,3400,477,2380,0,0,521,5019,188,380,521,5399,California
Yolo,2021-01-08,634,6414,312,3712,322,2702,0,0,418,5222,215,595,418,5817,California
Yolo,2021-01-09,409,6823,69,3781,340,3042,0,0,363,5539,46,641,363,6180,California
Yolo,2021-01-10,393,7216,80,3861,313,3355,0,0,323,5792,70,711,323,6503,California
Yolo,2021-01-11,562,7778,324,4185,238,3593,0,0,293,5818,269,980,295,6798,California
Yolo,2021-01-12,486,8264,367,4552,119,3712,0,0,178,5689,308,1288,179,6977,California
Yolo,2021-01-13,773,9037,312,4864,461,4173,0,0,523,5962,250,1538,523,7500,California
Yolo,2021-01-14,378,9415,183,5047,195,4368,0,0,274,6132,104,1642,274,7774,California
Yolo,2021-01-15,624,10039,319,5366,305,4673,0,0,545,6599,79,1721,546,8320,California
Yolo,2021-01-16,741,10780,95,5461,646,5319,0,0,710,7278,31,1752,710,9030,California
Yolo,2021-01-17,190,10970,120,5581,70,5389,0,0,182,7452,8,1760,182,9212,California
Yolo,2021-01-18,481,11451,304,5885,177,5566,0,0,377,7725,104,1864,377,9589,California
Yolo,2021-01-19,558,12009,373,6258,185,5751,0,0,385,7937,173,2037,385,9974,California
Yolo,2021-01-20,661,12670,381,6639,280,6031,0,0,475,8227,185,2222,475,10449,California
Yolo,2021-01-21,652,13322,385,7024,267,6298,0,0,464,8503,188,2410,464,10913,California
Yolo,2021-01-22,752,14074,252,7276,500,6798,0,0,634,9021,116,2526,634,11547,California
Yolo,2021-01-23,616,14690,122,7398,494,7292,0,0,568,9541,48,2574,568,12115,California
Yolo,2021-01-24,208,14898,124,7522,84,7376,0,0,167,9667,41,2615,167,12282,California
Yolo,2021-01-25,731,15629,156,7678,575,7951,0,0,513,9962,218,2833,513,12795,California
Yolo,2021-01-26,825,16454,327,8005,498,8449,0,0,430,9997,395,3228,430,13225,California
Yolo,2021-01-27,564,17018,224,8229,340,8789,0,0,387,10207,177,3405,387,13612,California
Yolo,2021-01-28,1051,18069,567,8796,484,9273,0,0,926,11009,124,3529,926,14538,California
Yolo,2021-01-29,893,18962,266,9062,627,9900,0,0,808,11733,84,3613,808,15346,California
Yolo,2021-01-30,1531,20493,928,9990,603,10503,0,0,1410,13028,115,3728,1410,16756,California
Yolo,2021-01-31,240,20733,202,10192,38,10541,0,0,213,13215,26,3754,213,16969,California
Yolo,2021-02-01,847,21580,361,10553,486,11027,0,0,614,13599,230,3984,614,17583,California
Yolo,2021-02-02,1337,22917,751,11304,586,11613,0,0,930,14123,407,4391,931,18514,California
Yolo,2021-02-03,1532,24449,401,11705,1131,12744,0,0,1191,14976,338,4729,1191,19705,California
Yolo,2021-02-04,1797,26246,283,11988,1514,14258,0,0,1245,15681,541,5270,1246,20951,California
Yolo,2021-02-05,1601,27847,910,12898,691,14949,0,0,1200,16482,400,5670,1201,22152,California
Yolo,2021-02-06,1924,29771,1254,14152,670,15619,0,0,1563,17685,361,6031,1564,23716,California
Yolo,2021-02-07,520,30291,250,14402,270,15889,0,0,171,17508,348,6379,171,23887,California
Yolo,2021-02-08,957,31248,336,14738,621,16510,0,0,608,17770,346,6725,608,24495,California
Yolo,2021-02-09,860,32108,387,15125,473,16983,0,0,577,18064,283,7008,577,25072,California
Yolo,2021-02-10,1467,33575,479,15604,988,17971,0,0,824,18247,643,7651,826,25898,California
Yolo,2021-02-11,1573,35148,804,16408,769,18740,0,0,1186,19046,387,8038,1186,27084,California
Yolo,2021-02-12,1920,37068,757,17165,1163,19903,0,0,1446,20022,470,8508,1446,28530,California
Yolo,2021-02-13,2056,39124,712,17877,1344,21247,0,0,1390,20746,666,9174,1390,29920,California
Yolo,2021-02-14,569,39693,154,18031,415,21662,0,0,443,21064,125,9299,443,30363,California
Yolo,2021-02-15,533,40226,190,18221,343,22005,0,0,267,21066,266,9565,268,30631,California
Yolo,2021-02-16,1132,41358,427,18648,705,22710,0,0,811,21557,321,9886,812,31443,California
Yolo,2021-02-17,1393,42751,701,19349,692,23402,0,0,997,22158,396,10282,997,32440,California
Yolo,2021-02-18,2502,45253,817,20166,1685,25087,0,0,1725,23108,776,11058,1726,34166,California
Yolo,2021-02-19,1751,47004,752,20918,999,26086,0,0,1129,23617,620,11678,1129,35295,California
Yolo,2021-02-20,2455,49459,957,21875,1498,27584,0,0,1372,23912,1078,12756,1373,36668,California
Yolo,2021-02-21,285,49744,228,22103,57,27641,0,0,76,23780,208,12964,76,36744,California
Yolo,2021-02-22,1365,51109,600,22703,765,28406,0,0,693,23802,671,13635,693,37437,California
Yolo,2021-02-23,1132,52241,849,23552,283,28689,0,0,436,23544,694,14329,436,37873,California
Yolo,2021-02-24,2093,54334,592,24144,1501,30190,0,0,1379,24211,712,15041,1379,39252,California
Yolo,2021-02-25,1384,55718,487,24631,897,31087,0,0,917,24662,466,15507,917,40169,California
Yolo,2021-02-26,2611,58329,1017,25648,1594,32681,0,0,1383,24820,1225,16732,1383,41552,California
Yolo,2021-02-27,1663,59992,769,26417,894,33575,0,0,1213,25583,450,17182,1213,42765,California
Yolo,2021-02-28,1778,61770,1500,27917,278,33853,0,0,674,25155,1102,18284,674,43439,California
Yolo,2021-03-01,1104,62874,367,28284,737,34590,0,0,673,25399,429,18713,673,44112,California
Yolo,2021-03-02,1474,64348,694,28978,780,35370,0,0,943,25811,531,19244,943,45055,California
Yolo,2021-03-03,1857,66205,640,29618,1217,36587,0,0,832,25620,1023,20267,832,45887,California
Yolo,2021-03-04,2928,69133,1467,31085,1461,38048,0,0,1564,25824,1360,21627,1564,47451,California
Yolo,2021-03-05,2364,71497,1410,32495,943,38991,11,11,1476,26424,887,22514,1487,48938,California
Yolo,2021-03-06,1487,72984,1138,33633,320,39311,29,40,847,26662,638,23152,876,49814,California
Yolo,2021-03-07,916,73900,679,34312,223,39534,14,54,781,27322,135,23287,795,50609,California
Yolo,2021-03-08,1099,74999,491,34803,565,40099,43,97,768,27804,330,23617,812,51421,California
Yolo,2021-03-09,1280,76279,689,35492,528,40627,63,160,783,28155,495,24112,846,52267,California
Yolo,2021-03-10,1818,78097,1061,36553,467,41094,290,450,755,28134,1059,25171,1038,53305,California
Yolo,2021-03-11,2354,80451,1606,38159,680,41774,68,518,1607,29064,746,25917,1676,54981,California
Yolo,2021-03-12,2912,83363,1357,39516,1475,43249,80,598,1374,28990,1530,27447,1456,56437,California
Yolo,2021-03-13,1853,85216,736,40252,940,44189,177,775,1007,29331,843,28290,1184,57621,California
Yolo,2021-03-14,1016,86232,214,40466,652,44841,150,925,529,29524,486,28776,679,58300,California
Yolo,2021-03-15,1325,87557,774,41240,373,45214,178,1103,708,29793,615,29391,884,59184,California
Yolo,2021-03-16,1871,89428,719,41959,1080,46294,72,1175,1105,30204,766,30157,1177,60361,California
Yolo,2021-03-17,2514,91942,979,42938,1463,47757,72,1247,1725,31247,786,30943,1829,62190,California
Yolo,2021-03-18,3034,94976,1033,43971,1776,49533,225,1472,1259,30960,1771,32714,1484,63674,California
Yolo,2021-03-19,2097,97073,871,44842,1158,50691,68,1540,1099,31136,992,33706,1168,64842,California
Yolo,2021-03-20,2773,99846,819,45661,1913,52604,41,1581,1109,30630,1658,35364,1152,65994,California
Yolo,2021-03-21,314,100160,214,45875,92,52696,8,1589,228,30781,85,35449,236,66230,California
Yolo,2021-03-22,1403,101563,490,46365,855,53551,58,1647,923,31284,477,35926,980,67210,California
Yolo,2021-03-23,1740,103303,939,47304,745,54296,56,1703,1071,31742,668,36594,1126,68336,California
Yolo,2021-03-24,2877,106180,1408,48712,1420,55716,49,1752,1405,31737,1460,38054,1455,69791,California
Yolo,2021-03-25,2553,108733,1417,50129,1107,56823,29,1781,1256,31736,1286,39340,1285,71076,California
Yolo,2021-03-26,2402,111135,1259,51388,1124,57947,19,1800,1025,31409,1370,40710,1043,72119,California
Yolo,2021-03-27,1655,112790,457,51845,1181,59128,17,1817,757,31286,897,41607,774,72893,California
Yolo,2021-03-28,1109,113899,866,52711,225,59353,18,1835,269,30737,836,42443,287,73180,California
Yolo,2021-03-29,2024,115923,822,53533,1172,60525,30,1865,977,30701,1043,43486,1007,74187,California
Yolo,2021-03-30,2280,118203,1082,54615,1176,61701,22,1887,1169,30788,1106,44592,1193,75380,California
Yolo,2021-03-31,2354,120557,1224,55839,1094,62795,36,1923,1193,30857,1160,45752,1229,76609,California
Yolo,2021-04-01,3850,124407,1859,57698,1515,64310,476,2399,1617,30724,2230,47982,2097,78706,California
Yolo,2021-04-02,3407,127814,1523,59221,1737,66047,147,2546,2111,31694,1290,49272,2260,80966,California
Yolo,2021-04-03,1821,129635,1103,60324,499,66546,219,2765,810,31719,1010,50282,1035,82001,California
Yolo,2021-04-04,394,130029,157,60481,175,66721,62,2827,147,31681,247,50529,209,82210,California
Yolo,2021-04-05,1918,131947,736,61217,1082,67803,100,2927,1018,31905,895,51424,1119,83329,California
Yolo,2021-04-06,2586,134533,1315,62532,1100,68903,171,3098,1304,32113,1273,52697,1481,84810,California
Yolo,2021-04-07,2998,137531,1525,64057,1119,70022,354,3452,1934,33348,1058,53755,2293,87103,California
Yolo,2021-04-08,2423,139954,1006,65063,943,70965,474,3926,1027,33452,1393,55148,1497,88600,California
Yolo,2021-04-09,2584,142538,917,65980,1090,72055,577,4503,851,33149,1730,56878,1427,90027,California
Yolo,2021-04-10,1752,144290,823,66803,747,72802,182,4685,1034,33650,715,57593,1216,91243,California
Yolo,2021-04-11,893,145183,283,67086,566,73368,44,4729,369,33541,521,58114,412,91655,California
Yolo,2021-04-12,1764,146947,522,67608,1098,74466,144,4873,1091,34108,669,58783,1236,92891,California
Yolo,2021-04-13,1976,148923,914,68522,1062,75528,0,4873,1044,34221,931,59714,1044,93935,California
Yolo,2021-04-14,2768,151691,760,69282,2008,77536,0,4873,1365,34189,1398,61112,1366,95301,California
Yolo,2021-04-15,3318,155009,1136,70418,2182,79718,0,4873,2276,35429,1036,62148,2276,97577,California
Yolo,2021-04-16,3043,158052,1959,72377,1084,80802,0,4873,1939,36270,1098,63246,1939,99516,California
Yolo,2021-04-17,1606,159658,472,72849,1134,81936,0,4873,833,36333,770,64016,833,100349,California
Yolo,2021-04-18,631,160289,306,73155,325,82261,0,4873,351,36408,276,64292,351,100700,California
Yolo,2021-04-19,1663,161952,716,73871,946,83207,1,4874,762,36275,896,65188,763,101463,California
Yolo,2021-04-20,1997,163949,1013,74884,984,84191,0,4874,1070,36420,925,66113,1070,102533,California
Yolo,2021-04-21,1983,165932,986,75870,997,85188,0,4874,1079,36600,899,67012,1079,103612,California
Yolo,2021-04-22,1950,167882,886,76756,1064,86252,0,4874,970,36596,975,67987,971,104583,California
Yolo,2021-04-23,2618,170500,1527,78283,1091,87343,0,4874,1162,36313,1445,69432,1162,105745,California
Yolo,2021-04-24,1168,171668,642,78925,524,87867,2,4876,463,36080,698,70130,465,106210,California
Yolo,2021-04-25,949,172617,406,79331,543,88410,0,4876,728,36588,220,70350,728,106938,California
Yolo,2021-04-26,1176,173793,450,79781,723,89133,3,4879,484,36386,690,71040,488,107426,California
Yolo,2021-04-27,1501,175294,706,80487,786,89919,9,4888,582,36060,919,71959,593,108019,California
Yolo,2021-04-28,2021,177315,1004,81491,990,90909,27,4915,712,35494,1305,73264,739,108758,California
Yolo,2021-04-29,1712,179027,793,82284,837,91746,82,4997,650,35165,1061,74325,732,109490,California
Yolo,2021-04-30,2014,181041,995,83279,961,92707,58,5055,962,35139,1045,75370,1019,110509,California
Yolo,2021-05-01,1285,182326,998,84277,267,92974,20,5075,380,34636,903,76273,400,110909,California
Yolo,2021-05-02,517,182843,424,84701,70,93044,23,5098,322,34786,195,76468,345,111254,California
Yolo,2021-05-03,1123,183966,409,85110,680,93724,34,5132,303,34304,818,77286,336,111590,California
Yolo,2021-05-04,1438,185404,656,85766,758,94482,24,5156,487,33868,947,78233,511,112101,California
Yolo,2021-05-05,1559,186963,426,86192,1067,95549,66,5222,443,33268,1109,79342,509,112610,California
Yolo,2021-05-06,1510,188473,704,86896,724,96273,82,5304,496,32845,1001,80343,578,113188,California
Yolo,2021-05-07,2301,190774,1376,88272,874,97147,51,5355,458,31518,1835,82178,508,113696,California
Yolo,2021-05-08,835,191609,358,88630,420,97567,57,5412,311,31364,521,82699,367,114063,California
Yolo,2021-05-09,393,192002,163,88793,217,97784,13,5425,90,31165,302,83001,103,114166,California
Yolo,2021-05-10,900,192902,355,89148,500,98284,45,5470,153,30617,745,83746,197,114363,California
Yolo,2021-05-11,1123,194025,651,89799,451,98735,21,5491,273,30064,847,84593,294,114657,California
Yolo,2021-05-12,1504,195529,666,90465,809,99544,29,5520,280,29155,1221,85814,312,114969,California
Yolo,2021-05-13,2075,197604,783,91248,1240,100784,52,5572,589,28314,1482,87296,641,115610,California
Yolo,2021-05-14,2026,199630,1506,92754,489,101273,31,5603,1152,28626,871,88167,1183,116793,California
Yolo,2021-05-15,1247,200877,706,93460,494,101767,47,5650,641,28708,606,88773,688,117481,California
Yolo,2021-05-16,1404,202281,1195,94655,203,101970,6,5656,985,29284,415,89188,991,118472,California
Yolo,2021-05-17,1073,203354,392,95047,662,102632,19,5675,330,28895,738,89926,349,118821,California
Yolo,2021-05-18,1680,205034,1101,96148,558,103190,21,5696,933,29107,742,90668,954,119775,California
Yolo,2021-05-19,1005,206039,591,96739,379,103569,35,5731,497,29133,506,91174,532,120307,California
Yolo,2021-05-20,942,206981,626,97365,294,103863,22,5753,379,28977,557,91731,401,120708,California
Yolo,2021-05-21,1260,208241,851,98216,391,104254,18,5771,321,28382,933,92664,338,121046,California
Yolo,2021-05-22,674,208915,470,98686,196,104450,8,5779,261,28241,410,93074,269,121315,California
Yolo,2021-05-23,509,209424,107,98793,387,104837,15,5794,91,27930,416,93490,105,121420,California
Yolo,2021-05-24,706,210130,352,99145,336,105173,18,5812,228,27701,476,93966,247,121667,California
Yolo,2021-05-25,838,210968,472,99617,343,105516,23,5835,333,27557,500,94466,356,122023,California
Yolo,2021-05-26,809,211777,260,99877,518,106034,31,5866,272,27330,531,94997,304,122327,California
Yolo,2021-05-27,743,212520,374,100251,319,106353,50,5916,310,27262,428,95425,360,122687,California
Yolo,2021-05-28,838,213358,375,100626,435,106788,28,5944,355,27166,478,95903,382,123069,California
Yolo,2021-05-29,582,213940,345,100971,201,106989,36,5980,259,27138,321,96224,293,123362,California
Yolo,2021-05-30,124,214064,66,101037,51,107040,7,5987,53,27128,70,96294,60,123422,California
Yolo,2021-05-31,72,214136,19,101056,52,107092,1,5988,21,27099,51,96345,22,123444,California
Yolo,2021-06-01,755,214891,329,101385,399,107491,27,6015,269,26912,483,96828,296,123740,California
Yolo,2021-06-02,755,215646,297,101682,433,107924,25,6040,239,26665,511,97339,264,124004,California
Yolo,2021-06-03,622,216268,393,102075,209,108133,20,6060,142,26350,477,97816,162,124166,California
Yuba,2020-12-16,4,4,4,4,0,0,0,0,4,4,0,0,4,4,California
Yuba,2020-12-17,4,8,4,8,0,0,0,0,4,8,0,0,4,8,California
Yuba,2020-12-18,8,16,8,16,0,0,0,0,8,16,0,0,8,16,California
Yuba,2020-12-19,12,28,12,28,0,0,0,0,12,28,0,0,12,28,California
Yuba,2020-12-20,20,48,20,48,0,0,0,0,20,48,0,0,20,48,California
Yuba,2020-12-21,40,88,40,88,0,0,0,0,40,88,0,0,40,88,California
Yuba,2020-12-22,86,174,86,174,0,0,0,0,86,174,0,0,86,174,California
Yuba,2020-12-23,64,238,62,236,2,2,0,0,64,238,0,0,64,238,California
Yuba,2020-12-24,20,258,10,246,10,12,0,0,20,258,0,0,20,258,California
Yuba,2020-12-26,15,273,13,259,2,14,0,0,15,273,0,0,15,273,California
Yuba,2020-12-27,15,288,15,274,0,14,0,0,15,288,0,0,15,288,California
Yuba,2020-12-28,51,339,35,309,16,30,0,0,51,339,0,0,51,339,California
Yuba,2020-12-29,75,414,10,319,65,95,0,0,75,414,0,0,75,414,California
Yuba,2020-12-30,64,478,20,339,44,139,0,0,64,478,0,0,64,478,California
Yuba,2020-12-31,38,516,7,346,31,170,0,0,38,516,0,0,38,516,California
Yuba,2021-01-02,23,539,22,368,1,171,0,0,23,539,0,0,23,539,California
Yuba,2021-01-03,10,549,6,374,4,175,0,0,10,549,0,0,10,549,California
Yuba,2021-01-04,91,640,22,396,69,244,0,0,91,640,0,0,91,640,California
Yuba,2021-01-05,70,710,38,434,32,276,0,0,69,708,1,1,69,709,California
Yuba,2021-01-06,154,864,76,510,78,354,0,0,148,850,6,7,148,857,California
Yuba,2021-01-07,75,939,19,529,56,410,0,0,72,918,4,11,72,929,California
Yuba,2021-01-08,72,1011,24,553,48,458,0,0,65,976,7,18,65,994,California
Yuba,2021-01-09,19,1030,16,569,3,461,0,0,11,979,8,26,11,1005,California
Yuba,2021-01-10,117,1147,22,591,95,556,0,0,95,1052,22,48,95,1100,California
Yuba,2021-01-11,72,1219,50,641,22,578,0,0,32,1044,40,88,32,1132,California
Yuba,2021-01-12,108,1327,78,719,30,608,0,0,43,1022,65,153,43,1175,California
Yuba,2021-01-13,120,1447,72,791,48,656,0,0,55,1013,64,217,55,1230,California
Yuba,2021-01-14,112,1559,43,834,69,725,0,0,100,1101,12,229,100,1330,California
Yuba,2021-01-15,204,1763,87,921,117,842,0,0,193,1283,11,240,193,1523,California
Yuba,2021-01-16,185,1948,21,942,164,1006,0,0,173,1443,13,253,173,1696,California
Yuba,2021-01-17,13,1961,9,951,4,1010,0,0,7,1444,6,259,7,1703,California
Yuba,2021-01-18,60,2021,32,983,28,1038,0,0,35,1454,25,284,35,1738,California
Yuba,2021-01-19,81,2102,30,1013,51,1089,0,0,66,1505,15,299,66,1804,California
Yuba,2021-01-20,133,2235,87,1100,46,1135,0,0,110,1592,23,322,110,1914,California
Yuba,2021-01-21,213,2448,97,1197,116,1251,0,0,205,1789,8,330,205,2119,California
Yuba,2021-01-22,105,2553,6,1203,99,1350,0,0,96,1876,9,339,96,2215,California
Yuba,2021-01-23,200,2753,7,1210,193,1543,0,0,197,2070,3,342,197,2412,California
Yuba,2021-01-24,10,2763,7,1217,3,1546,0,0,8,2076,2,344,8,2420,California
Yuba,2021-01-25,86,2849,30,1247,56,1602,0,0,53,2097,32,376,53,2473,California
Yuba,2021-01-26,148,2997,39,1286,109,1711,0,0,90,2129,58,434,90,2563,California
Yuba,2021-01-27,185,3182,129,1415,56,1767,0,0,116,2176,69,503,116,2679,California
Yuba,2021-01-28,227,3409,89,1504,138,1905,0,0,175,2299,52,555,175,2854,California
Yuba,2021-01-29,148,3557,45,1549,103,2008,0,0,111,2373,37,592,111,2965,California
Yuba,2021-01-30,410,3967,23,1572,387,2395,0,0,399,2761,11,603,399,3364,California
Yuba,2021-01-31,18,3985,12,1584,6,2401,0,0,16,2775,2,605,16,3380,California
Yuba,2021-02-01,155,4140,75,1659,80,2481,0,0,131,2884,23,628,132,3512,California
Yuba,2021-02-02,125,4265,23,1682,102,2583,0,0,103,2965,22,650,103,3615,California
Yuba,2021-02-03,227,4492,30,1712,197,2780,0,0,115,2969,111,761,115,3730,California
Yuba,2021-02-04,296,4788,121,1833,175,2955,0,0,253,3179,43,804,253,3983,California
Yuba,2021-02-05,147,4935,32,1865,115,3070,0,0,71,3174,76,880,71,4054,California
Yuba,2021-02-06,449,5384,26,1891,423,3493,0,0,441,3607,8,888,441,4495,California
Yuba,2021-02-07,20,5404,13,1904,7,3500,0,0,16,3619,4,892,16,4511,California
Yuba,2021-02-08,96,5500,35,1939,61,3561,0,0,66,3655,30,922,66,4577,California
Yuba,2021-02-09,154,5654,56,1995,98,3659,0,0,84,3669,70,992,84,4661,California
Yuba,2021-02-10,355,6009,172,2167,183,3842,0,0,116,3547,238,1230,116,4777,California
Yuba,2021-02-11,396,6405,64,2231,332,4174,0,0,298,3749,96,1326,298,5075,California
Yuba,2021-02-12,265,6670,26,2257,239,4413,0,0,150,3784,115,1441,150,5225,California
Yuba,2021-02-13,436,7106,36,2293,400,4813,0,0,387,4122,49,1490,387,5612,California
Yuba,2021-02-14,54,7160,11,2304,43,4856,0,0,49,4166,5,1495,49,5661,California
Yuba,2021-02-15,87,7247,36,2340,51,4907,0,0,68,4215,19,1514,68,5729,California
Yuba,2021-02-16,199,7446,53,2393,146,5053,0,0,140,4297,58,1572,140,5869,California
Yuba,2021-02-17,374,7820,156,2549,218,5271,0,0,99,4122,274,1846,99,5968,California
Yuba,2021-02-18,317,8137,47,2596,270,5541,0,0,193,4191,124,1970,193,6161,California
Yuba,2021-02-19,227,8364,82,2678,145,5686,0,0,143,4250,84,2054,143,6304,California
Yuba,2021-02-20,391,8755,31,2709,360,6046,0,0,337,4533,54,2108,337,6641,California
Yuba,2021-02-21,17,8772,14,2723,3,6049,0,0,7,4530,10,2118,7,6648,California
Yuba,2021-02-22,128,8900,79,2802,49,6098,0,0,38,4479,89,2207,38,6686,California
Yuba,2021-02-23,115,9015,25,2827,90,6188,0,0,48,4461,66,2273,48,6734,California
Yuba,2021-02-24,482,9497,136,2963,346,6534,0,0,107,4193,375,2648,107,6841,California
Yuba,2021-02-25,342,9839,137,3100,205,6739,0,0,212,4275,130,2778,212,7053,California
Yuba,2021-02-26,258,10097,67,3167,191,6930,0,0,143,4305,113,2891,143,7196,California
Yuba,2021-02-27,474,10571,48,3215,426,7356,0,0,384,4601,88,2979,384,7580,California
Yuba,2021-02-28,67,10638,22,3237,45,7401,0,0,45,4624,22,3001,45,7625,California
Yuba,2021-03-01,156,10794,40,3277,116,7517,0,0,80,4629,75,3076,80,7705,California
Yuba,2021-03-02,160,10954,36,3313,124,7641,0,0,80,4629,80,3156,80,7785,California
Yuba,2021-03-03,624,11578,159,3472,465,8106,0,0,200,4406,423,3579,200,7985,California
Yuba,2021-03-04,466,12044,270,3742,196,8302,0,0,325,4591,140,3719,325,8310,California
Yuba,2021-03-05,318,12362,59,3801,258,8560,1,1,251,4776,67,3786,252,8562,California
Yuba,2021-03-06,476,12838,35,3836,437,8997,4,5,370,5044,106,3892,374,8936,California
Yuba,2021-03-07,51,12889,28,3864,22,9019,1,6,35,5064,16,3908,36,8972,California
Yuba,2021-03-08,160,13049,49,3913,95,9114,16,22,101,5122,59,3967,117,9089,California
Yuba,2021-03-09,178,13227,47,3960,111,9225,20,42,84,5132,94,4061,104,9193,California
Yuba,2021-03-10,738,13965,235,4195,473,9698,30,72,233,4891,504,4565,263,9456,California
Yuba,2021-03-11,437,14402,196,4391,229,9927,12,84,294,5054,143,4708,306,9762,California
Yuba,2021-03-12,461,14863,86,4477,321,10248,54,138,150,4947,311,5019,204,9966,California
Yuba,2021-03-13,459,15322,340,4817,104,10352,15,153,360,5224,98,5117,375,10341,California
Yuba,2021-03-14,108,15430,21,4838,77,10429,10,163,46,5220,60,5177,56,10397,California
Yuba,2021-03-15,191,15621,49,4887,125,10554,17,180,97,5240,94,5271,114,10511,California
Yuba,2021-03-16,296,15917,71,4958,200,10754,25,205,182,5334,113,5384,207,10718,California
Yuba,2021-03-17,740,16657,162,5120,549,11303,29,234,193,5011,545,5929,222,10940,California
Yuba,2021-03-18,585,17242,159,5279,312,11615,114,348,356,5251,229,6158,469,11409,California
Yuba,2021-03-19,328,17570,120,5399,159,11774,49,397,188,5349,139,6297,237,11646,California
Yuba,2021-03-20,557,18127,81,5480,457,12231,19,416,476,5764,80,6377,495,12141,California
Yuba,2021-03-21,61,18188,36,5516,25,12256,0,416,49,5801,12,6389,49,12190,California
Yuba,2021-03-22,191,18379,70,5586,114,12370,7,423,149,5915,42,6431,156,12346,California
Yuba,2021-03-23,264,18643,79,5665,158,12528,27,450,176,6032,86,6517,203,12549,California
Yuba,2021-03-24,771,19414,255,5920,435,12963,81,531,188,5719,581,7098,268,12817,California
Yuba,2021-03-25,504,19918,269,6189,213,13176,22,553,250,5737,254,7352,272,13089,California
Yuba,2021-03-26,397,20315,143,6332,225,13401,29,582,227,5824,169,7521,256,13345,California
Yuba,2021-03-27,460,20775,28,6360,429,13830,3,585,405,6177,54,7575,407,13752,California
Yuba,2021-03-28,100,20875,41,6401,55,13885,4,589,37,6155,63,7638,41,13793,California
Yuba,2021-03-29,296,21171,87,6488,177,14062,32,621,180,6251,116,7754,212,14005,California
Yuba,2021-03-30,275,21446,69,6557,198,14260,8,629,189,6362,86,7840,197,14202,California
Yuba,2021-03-31,676,22122,116,6673,548,14808,12,641,244,6189,431,8271,258,14460,California
Yuba,2021-04-01,625,22747,290,6963,306,15114,29,670,291,6175,334,8605,320,14780,California
Yuba,2021-04-02,498,23245,95,7058,320,15434,83,753,187,6134,310,8915,269,15049,California
Yuba,2021-04-03,653,23898,54,7112,117,15551,482,1235,86,6136,566,9481,568,15617,California
Yuba,2021-04-04,59,23957,11,7123,42,15593,6,1241,33,6149,26,9507,39,15656,California
Yuba,2021-04-05,245,24202,78,7201,146,15739,21,1262,123,6173,120,9627,144,15800,California
Yuba,2021-04-06,356,24558,113,7314,182,15921,61,1323,172,6222,183,9810,232,16032,California
Yuba,2021-04-07,780,25338,404,7718,323,16244,53,1376,353,6206,424,10234,408,16440,California
Yuba,2021-04-08,750,26088,291,8009,195,16439,264,1640,281,6283,468,10702,545,16985,California
Yuba,2021-04-09,402,26490,173,8182,162,16601,67,1707,167,6283,234,10936,234,17219,California
Yuba,2021-04-10,595,27085,71,8253,75,16676,449,2156,70,6278,523,11459,518,17737,California
Yuba,2021-04-11,104,27189,26,8279,66,16742,12,2168,44,6275,59,11518,56,17793,California
Yuba,2021-04-12,210,27399,45,8324,136,16878,29,2197,80,6255,129,11647,109,17902,California
Yuba,2021-04-13,397,27796,102,8426,295,17173,0,2197,202,6264,194,11841,203,18105,California
Yuba,2021-04-14,696,28492,109,8535,587,17760,0,2197,122,5813,573,12414,122,18227,California
Yuba,2021-04-15,337,28829,130,8665,207,17967,0,2197,146,5768,191,12605,146,18373,California
Yuba,2021-04-16,336,29165,99,8764,237,18204,0,2197,179,5791,156,12761,179,18552,California
Yuba,2021-04-17,402,29567,59,8823,343,18547,0,2197,330,6050,71,12832,330,18882,California
Yuba,2021-04-18,53,29620,10,8833,43,18590,0,2197,24,6045,29,12861,24,18906,California
Yuba,2021-04-19,247,29867,103,8936,144,18734,0,2197,105,6008,142,13003,105,19011,California
Yuba,2021-04-20,318,30185,79,9015,239,18973,0,2197,179,6050,138,13141,180,19191,California
Yuba,2021-04-21,700,30885,281,9296,419,19392,0,2197,297,5944,403,13544,297,19488,California
Yuba,2021-04-22,352,31237,137,9433,215,19607,0,2197,196,5984,156,13700,196,19684,California
Yuba,2021-04-23,344,31581,114,9547,230,19837,0,2197,164,5970,178,13878,164,19848,California
Yuba,2021-04-24,215,31796,68,9615,147,19984,0,2197,121,5997,94,13972,121,19969,California
Yuba,2021-04-25,72,31868,29,9644,43,20027,0,2197,35,5995,37,14009,35,20004,California
Yuba,2021-04-26,223,32091,53,9697,166,20193,4,2201,101,5978,122,14131,105,20109,California
Yuba,2021-04-27,476,32567,162,9859,304,20497,10,2211,237,5988,237,14368,247,20356,California
Yuba,2021-04-28,429,32996,175,10034,249,20746,5,2216,144,5858,279,14647,149,20505,California
Yuba,2021-04-29,428,33424,64,10098,363,21109,1,2217,146,5724,281,14928,147,20652,California
Yuba,2021-04-30,330,33754,94,10192,206,21315,30,2247,140,5707,187,15115,170,20822,California
Yuba,2021-05-01,206,33960,91,10283,96,21411,19,2266,93,5707,112,15227,112,20934,California
Yuba,2021-05-02,70,34030,40,10323,26,21437,4,2270,37,5715,33,15260,41,20975,California
Yuba,2021-05-03,165,34195,66,10389,90,21527,9,2279,53,5667,110,15370,62,21037,California
Yuba,2021-05-04,324,34519,94,10483,209,21736,21,2300,144,5652,180,15550,165,21202,California
Yuba,2021-05-05,316,34835,77,10560,232,21968,7,2307,113,5569,203,15753,120,21322,California
Yuba,2021-05-06,277,35112,103,10663,136,22104,38,2345,90,5513,184,15937,128,21450,California
Yuba,2021-05-07,359,35471,94,10757,237,22341,28,2373,122,5425,237,16174,149,21599,California
Yuba,2021-05-08,104,35575,32,10789,69,22410,3,2376,46,5416,58,16232,49,21648,California
Yuba,2021-05-09,52,35627,23,10812,26,22436,3,2379,37,5441,15,16247,40,21688,California
Yuba,2021-05-10,172,35799,56,10868,98,22534,18,2397,54,5396,117,16364,72,21760,California
Yuba,2021-05-11,367,36166,162,11030,191,22725,14,2411,135,5314,230,16594,148,21908,California
Yuba,2021-05-12,249,36415,124,11154,118,22843,7,2418,97,5266,152,16746,104,22012,California
Yuba,2021-05-13,343,36758,186,11340,114,22957,43,2461,108,5184,233,16979,151,22163,California
Yuba,2021-05-14,365,37123,140,11480,205,23162,20,2481,160,5158,205,17184,179,22342,California
Yuba,2021-05-15,433,37556,109,11589,303,23465,21,2502,110,4967,321,17505,130,22472,California
Yuba,2021-05-16,137,37693,44,11633,84,23549,9,2511,85,5010,51,17556,94,22566,California
Yuba,2021-05-17,214,37907,89,11722,105,23654,20,2531,93,5004,119,17675,113,22679,California
Yuba,2021-05-18,391,38298,161,11883,221,23875,9,2540,168,4958,223,17898,177,22856,California
Yuba,2021-05-19,265,38563,148,12031,111,23986,6,2546,138,4975,127,18025,144,23000,California
Yuba,2021-05-20,398,38961,285,12316,102,24088,11,2557,254,5097,143,18168,265,23265,California
Yuba,2021-05-21,475,39436,254,12570,215,24303,6,2563,299,5228,174,18342,305,23570,California
Yuba,2021-05-22,198,39634,112,12682,77,24380,9,2572,84,5207,114,18456,93,23663,California
Yuba,2021-05-23,37,39671,25,12707,12,24392,0,2572,29,5228,8,18464,29,23692,California
Yuba,2021-05-24,150,39821,47,12754,90,24482,13,2585,48,5188,101,18565,61,23753,California
Yuba,2021-05-25,309,40130,106,12860,188,24670,15,2600,115,5125,193,18758,130,23883,California
Yuba,2021-05-26,219,40349,94,12954,113,24783,12,2612,85,5090,132,18890,97,23980,California
Yuba,2021-05-27,232,40581,74,13028,148,24931,10,2622,100,5069,131,19021,110,24090,California
Yuba,2021-05-28,256,40837,117,13145,136,25067,3,2625,132,5080,123,19144,134,24224,California
Yuba,2021-05-29,153,40990,66,13211,67,25134,20,2645,86,5120,66,19210,106,24330,California
Yuba,2021-05-30,47,41037,18,13229,25,25159,4,2649,18,5113,29,19239,22,24352,California
Yuba,2021-05-31,30,41067,4,13233,21,25180,5,2654,13,5114,17,19256,18,24370,California
Yuba,2021-06-01,237,41304,99,13332,131,25311,7,2661,84,5055,149,19405,90,24460,California
Yuba,2021-06-02,192,41496,72,13404,112,25423,8,2669,69,5009,123,19528,77,24537,California
Yuba,2021-06-03,80,41576,34,13438,41,25464,5,2674,29,4992,51,19579,34,24571,California
