county,administered_date,total_doses,cumulative_total_doses,pfizer_doses,cumulative_pfizer_doses,moderna_doses,cumulative_moderna_doses,jj_doses,cumulative_jj_doses,partially_vaccinated,total_partially_vaccinated,fully_vaccinated,cumulative_fully_vaccinated,at_least_one_dose,cumulative_at_least_one_dose,california_flag
All CA Counties,2020-12-15,1128,1128,1128,1128,0,0,0,0,1128,1128,0,0,1128,1128,
All CA Counties,2020-12-16,8234,9362,8234,9362,0,0,0,0,8234,9362,0,0,8234,9362,
All CA Counties,2020-12-17,25846,35208,25846,35208,0,0,0,0,25882,35244,0,0,25882,35244,
All CA Counties,2020-12-18,43946,79154,43868,79076,78,78,0,0,43996,79239,1,1,43996,79240,
All CA Counties,2020-12-19,25375,104529,25355,104431,20,98,0,0,25373,104610,2,3,25373,104613,
All CA Counties,2020-12-20,18942,123471,18914,123345,28,126,0,0,18941,123550,1,4,18941,123554,
All CA Counties,2020-12-21,49529,173000,49445,172790,84,210,0,0,49568,173116,2,6,49568,173122,
All CA Counties,2020-12-22,49891,222891,47751,220541,2140,2350,0,0,49890,223005,1,7,49890,223012,
All CA Counties,2020-12-23,50137,273028,41451,261992,8686,11036,0,0,50133,273138,0,7,50133,273145,
All CA Counties,2020-12-24,23949,296977,16275,278267,7674,18710,0,0,23945,297081,2,9,23945,297090,
All CA Counties,2020-12-25,2305,299282,1986,280253,319,19029,0,0,2304,299384,1,10,2304,299394,
All CA Counties,2020-12-26,14565,313847,9396,289649,5169,24198,0,0,14563,313946,1,11,14563,313957,
All CA Counties,2020-12-27,9324,323171,5538,295187,3786,27984,0,0,9323,323268,1,12,9323,323280,
All CA Counties,2020-12-28,45501,368672,29160,324347,16341,44325,0,0,45498,368764,2,14,45498,368778,
All CA Counties,2020-12-29,50869,419541,28462,352809,22407,66732,0,0,50865,419626,3,17,50865,419643,
All CA Counties,2020-12-30,62702,482243,35513,388322,27189,93921,0,0,62694,482317,3,20,62694,482337,
All CA Counties,2020-12-31,29071,511314,10718,399040,18353,112274,0,0,29065,511378,4,24,29065,511402,
All CA Counties,2021-01-01,3662,514976,1605,400645,2057,114331,0,0,3659,515036,1,25,3659,515061,
All CA Counties,2021-01-02,18326,533302,10158,410803,8168,122499,0,0,18325,533361,0,25,18325,533386,
All CA Counties,2021-01-03,6078,539380,3442,414245,2636,125135,0,0,6052,539401,12,37,6052,539438,
All CA Counties,2021-01-04,43163,582543,21825,436070,21338,146473,0,0,43081,582434,48,85,43081,582519,
All CA Counties,2021-01-05,56030,638573,29547,465617,26483,172956,0,0,50589,627689,5374,5459,50629,633148,
All CA Counties,2021-01-06,72700,711273,40295,505912,32405,205361,0,0,57396,669997,15118,20577,57426,690574,
All CA Counties,2021-01-07,91201,802474,51826,557738,39375,244736,0,0,60843,700711,30198,50775,60912,751486,
All CA Counties,2021-01-08,105999,908473,64028,621766,41971,286707,0,0,64903,724720,40966,91741,64975,816461,
All CA Counties,2021-01-09,43514,951987,25044,646810,18470,305177,0,0,27448,736152,16045,107786,27477,843938,
All CA Counties,2021-01-10,23999,975986,14653,661463,9346,314523,0,0,12909,738005,11074,118860,12927,856865,
All CA Counties,2021-01-11,103027,1079013,68353,729816,34674,349197,0,0,60023,755133,42968,161828,60096,916961,
All CA Counties,2021-01-12,111992,1191005,66161,795977,45831,395028,0,0,71220,785808,40701,202529,71376,988337,
All CA Counties,2021-01-13,118139,1309144,61211,857188,56928,451956,0,0,84630,837109,33421,235950,84722,1073059,
All CA Counties,2021-01-14,122422,1431566,49086,906274,73336,525292,0,0,103069,921064,19244,255194,103199,1176258,
All CA Counties,2021-01-15,141293,1572859,52402,958676,88891,614183,0,0,126041,1032128,15146,270340,126210,1302468,
All CA Counties,2021-01-16,80701,1653560,27574,986250,53127,667310,0,0,73037,1097564,7642,277982,73078,1375546,
All CA Counties,2021-01-17,48049,1701609,16706,1002956,31343,698653,0,0,44448,1138450,3595,281577,44481,1420027,
All CA Counties,2021-01-18,87717,1789326,45679,1048635,42038,740691,0,0,68470,1187877,19173,300750,68600,1488627,
All CA Counties,2021-01-19,140519,1929845,73074,1121709,67445,808136,0,0,109609,1267005,30823,331573,109951,1598578,
All CA Counties,2021-01-20,157496,2087341,79826,1201535,77670,885806,0,0,124591,1359077,32739,364312,124811,1723389,
All CA Counties,2021-01-21,171420,2258761,75964,1277499,95456,981262,0,0,152625,1493394,18597,382909,152914,1876303,
All CA Counties,2021-01-22,168341,2427102,68813,1346312,99528,1080790,0,0,154043,1633383,14176,397085,154165,2030468,
All CA Counties,2021-01-23,110694,2537796,49247,1395559,61447,1142237,0,0,98292,1719408,12347,409432,98372,2128840,
All CA Counties,2021-01-24,60714,2598510,29293,1424852,31421,1173658,0,0,56059,1770875,4628,414060,56095,2184935,
All CA Counties,2021-01-25,143018,2741528,64471,1489323,78547,1252205,0,0,108645,1845693,34268,448328,109086,2294021,
All CA Counties,2021-01-26,166403,2907931,81634,1570957,84769,1336974,0,0,129457,1938626,36797,485125,129730,2423751,
All CA Counties,2021-01-27,177550,3085481,86709,1657666,90841,1427815,0,0,139031,2039668,38135,523260,139177,2562928,
All CA Counties,2021-01-28,185486,3270967,85083,1742749,100403,1528218,0,0,151912,2158476,33270,556530,152078,2715006,
All CA Counties,2021-01-29,181478,3452445,87113,1829862,94365,1622583,0,0,147486,2272667,33432,589962,147623,2862629,
All CA Counties,2021-01-30,121680,3574125,53994,1883856,67686,1690269,0,0,107528,2366326,14004,603966,107663,2970292,
All CA Counties,2021-01-31,69707,3643832,39461,1923317,30246,1720515,0,0,63702,2424140,5933,609899,63747,3034039,
All CA Counties,2021-02-01,156894,3800726,71919,1995236,84975,1805490,0,0,118977,2505583,37776,647675,119219,3153258,
All CA Counties,2021-02-02,183359,3984085,78407,2073643,104952,1910442,0,0,137908,2598583,45177,692852,138177,3291435,
All CA Counties,2021-02-03,208296,4192381,93734,2167377,114562,2025004,0,0,155025,2701019,52811,745663,155247,3446682,
All CA Counties,2021-02-04,225806,4418187,98870,2266247,126936,2151940,0,0,165697,2807448,59577,805240,166006,3612688,
All CA Counties,2021-02-05,244211,4662398,105770,2372017,138441,2290381,0,0,166302,2897149,77154,882394,166855,3779543,
All CA Counties,2021-02-06,153868,4816266,74261,2446278,79607,2369988,0,0,119452,2982814,34251,916645,119916,3899459,
All CA Counties,2021-02-07,65575,4881841,42217,2488495,23358,2393346,0,0,49285,3016353,16208,932853,49747,3949206,
All CA Counties,2021-02-08,178741,5060582,87570,2576065,91171,2484517,0,0,118044,3074812,60290,993143,118749,4067955,
All CA Counties,2021-02-09,208486,5269068,100844,2676909,107642,2592159,0,0,125044,3117856,83117,1076260,126161,4194116,
All CA Counties,2021-02-10,245710,5514778,118844,2795753,126866,2719025,0,0,137028,3148362,107927,1184187,138433,4332549,
All CA Counties,2021-02-11,259944,5774722,128805,2924558,131139,2850164,0,0,142423,3176046,116526,1300713,144210,4476759,
All CA Counties,2021-02-12,269478,6044200,117928,3042486,151550,3001714,0,0,145699,3200981,123085,1423798,148020,4624779,
All CA Counties,2021-02-13,164916,6209116,75880,3118366,89036,3090750,0,0,90968,3220351,73559,1497357,92929,4717708,
All CA Counties,2021-02-14,94120,6303236,46663,3165029,47457,3138207,0,0,50900,3229762,43089,1540446,52500,4770208,
All CA Counties,2021-02-15,140242,6443478,61592,3226621,78650,3216857,0,0,77726,3248410,62200,1602646,80848,4851056,
All CA Counties,2021-02-16,245226,6688704,116602,3343223,128624,3345481,0,0,131643,3270033,113262,1715908,134885,4985941,
All CA Counties,2021-02-17,254520,6943224,126570,3469793,127950,3473431,0,0,127447,3274155,126623,1842531,130745,5116686,
All CA Counties,2021-02-18,267604,7210828,139434,3609227,128170,3601601,0,0,130080,3271657,136868,1979399,134370,5251056,
All CA Counties,2021-02-19,248652,7459480,144421,3753648,104231,3705832,0,0,129421,3284581,118820,2098219,131744,5382800,
All CA Counties,2021-02-20,149373,7608853,95996,3849644,53377,3759209,0,0,82628,3302712,66540,2164759,84671,5467471,
All CA Counties,2021-02-21,68351,7677204,54734,3904378,13617,3772826,0,0,34273,3304456,33913,2198672,35657,5503128,
All CA Counties,2021-02-22,160967,7838171,107955,4012333,53012,3825838,0,0,82028,3309586,78663,2277335,83793,5586921,
All CA Counties,2021-02-23,219299,8057470,115675,4128008,103624,3929462,0,0,102900,3302648,115916,2393251,108978,5695899,
All CA Counties,2021-02-24,278960,8336430,140758,4268766,138202,4067664,0,0,134675,3301332,143765,2537016,142449,5838348,
All CA Counties,2021-02-25,312466,8648896,153517,4422283,158949,4226613,0,0,164215,3326729,147647,2684663,173044,6011392,
All CA Counties,2021-02-26,345986,8994882,161831,4584114,184155,4410768,0,0,193612,3376302,151587,2836250,201160,6212552,
All CA Counties,2021-02-27,243948,9238830,116137,4700251,127800,4538568,11,11,138035,3413610,105401,2941651,142709,6355261,
All CA Counties,2021-02-28,127963,9366793,76235,4776486,51727,4590295,1,12,75875,3440647,51806,2993457,78843,6434104,
All CA Counties,2021-03-01,232655,9599448,123168,4899654,109467,4699762,20,32,134916,3482546,97215,3090672,139114,6573218,
All CA Counties,2021-03-02,262054,9861502,128069,5027723,133974,4833736,11,43,158825,3545751,102805,3193477,166010,6739228,
All CA Counties,2021-03-03,307153,10168655,152138,5179861,154991,4988727,24,67,173567,3593789,132986,3326463,181024,6920252,
All CA Counties,2021-03-04,312320,10480975,157990,5337851,154257,5142984,73,140,183566,3656336,128169,3454632,190716,7110968,
All CA Counties,2021-03-05,293704,10774679,145000,5482851,147653,5290637,1051,1191,182814,3737359,110216,3564848,191239,7302207,
All CA Counties,2021-03-06,226695,11001374,117581,5600432,101717,5392354,7397,8588,142310,3807896,84057,3648905,154594,7456801,
All CA Counties,2021-03-07,119601,11120975,73554,5673986,42142,5434496,3905,12493,76144,3848459,43318,3692223,83881,7540682,
All CA Counties,2021-03-08,202991,11323966,98575,5772561,95102,5529598,9314,21807,132381,3924845,70343,3762566,146729,7687411,
All CA Counties,2021-03-09,251974,11575940,108693,5881254,128083,5657681,15198,37005,137987,3968651,113626,3876192,157432,7844843,
All CA Counties,2021-03-10,292831,11868771,145261,6026515,126165,5783846,21405,58410,157902,4017924,134428,4010620,183701,8028544,
All CA Counties,2021-03-11,343918,12212689,164293,6190808,150802,5934648,28823,87233,176836,4061844,166360,4176980,210280,8238824,
All CA Counties,2021-03-12,341003,12553692,152748,6343556,148428,6083076,39827,127060,165580,4096789,174850,4351830,209795,8448619,
All CA Counties,2021-03-13,238825,12792517,108756,6452312,102395,6185471,27674,154734,127743,4146074,110754,4462584,160039,8608658,
All CA Counties,2021-03-14,133419,12925936,74922,6527234,44213,6229684,14284,169018,72883,4175259,60333,4522917,89518,8698176,
All CA Counties,2021-03-15,281950,13207886,134496,6661730,127526,6357210,19928,188946,155376,4228197,125995,4648912,178933,8877109,
All CA Counties,2021-03-16,356904,13564790,169582,6831312,170609,6527819,16713,205659,210262,4312578,145954,4794866,230335,9107444,
All CA Counties,2021-03-17,359497,13924287,181216,7012528,161293,6689112,16988,222647,222319,4418160,136551,4931417,242133,9349577,
All CA Counties,2021-03-18,330616,14254903,170847,7183375,144275,6833387,15494,238141,196911,4499949,132903,5064320,214692,9564269,
All CA Counties,2021-03-19,341003,14595906,180939,7364314,142515,6975902,17549,255690,200201,4579622,140086,5204406,219759,9784028,
All CA Counties,2021-03-20,221981,14817887,111478,7475792,98664,7074566,11839,267529,147220,4665825,74315,5278721,160518,9944546,
All CA Counties,2021-03-21,137931,14955818,94513,7570305,36149,7110715,7269,274798,90278,4717460,47436,5326157,99071,10043617,
All CA Counties,2021-03-22,264857,15220675,154623,7724928,99573,7210288,10661,285459,177164,4821533,87123,5413280,191196,10234813,
All CA Counties,2021-03-23,344873,15565548,190226,7915154,144583,7354871,10064,295523,226134,4942899,117971,5531251,239337,10474150,
All CA Counties,2021-03-24,374854,15940402,216274,8131428,147023,7501894,11557,307080,225637,5036000,148308,5679559,241409,10715559,
All CA Counties,2021-03-25,399509,16339911,220312,8351740,166071,7667965,13126,320206,233648,5124932,164820,5844379,253752,10969311,
All CA Counties,2021-03-26,418514,16758425,223132,8574872,179899,7847864,15483,335689,233894,5200703,183663,6028042,259434,11228745,
All CA Counties,2021-03-27,299263,17057688,158561,8733433,129681,7977545,11021,346710,153240,5226744,145378,6173420,171419,11400164,
All CA Counties,2021-03-28,163998,17221686,104901,8838334,55581,8033126,3516,350226,90055,5249190,73682,6247102,96128,11496292,
All CA Counties,2021-03-29,297647,17519333,160243,8998577,129303,8162429,8101,358327,172955,5310271,124090,6371192,185171,11681463,
All CA Counties,2021-03-30,381946,17901279,194228,9192805,172065,8334494,15653,373980,239114,5426775,142284,6513476,258788,11940251,
All CA Counties,2021-03-31,407516,18308795,221968,9414773,165647,8500141,19901,393881,240467,5526888,166277,6679753,266390,12206641,
All CA Counties,2021-04-01,461174,18769969,236139,9650912,188894,8689035,36141,430022,263163,5639651,197220,6876973,309983,12516624,
All CA Counties,2021-04-02,440661,19210630,216299,9867211,185553,8874588,38809,468831,248401,5749048,191262,7068235,300659,12817283,
All CA Counties,2021-04-03,308986,19519616,156693,10023904,115481,8990069,36812,505643,160951,5809096,147561,7215796,207609,13024892,
All CA Counties,2021-04-04,125255,19644871,65094,10088998,42845,9032914,17316,522959,58292,5819543,66809,7282605,77256,13102148,
All CA Counties,2021-04-05,289590,19934461,141747,10230745,116643,9149557,31200,554159,144967,5855656,144201,7426806,180314,13282462,
All CA Counties,2021-04-06,239643,20174104,120855,10351600,91039,9240596,27749,581908,120966,5889777,118156,7544962,152277,13434739,
All CA and Non-CA Counties,2020-12-15,1135,1135,1135,1135,0,0,0,0,1135,1135,0,0,1135,1135,
All CA and Non-CA Counties,2020-12-16,8367,9502,8367,9502,0,0,0,0,8367,9502,0,0,8367,9502,
All CA and Non-CA Counties,2020-12-17,27416,36918,27416,36918,0,0,0,0,27416,36918,0,0,27416,36918,
All CA and Non-CA Counties,2020-12-18,46396,83314,46314,83232,82,82,0,0,46395,83312,1,1,46395,83313,
All CA and Non-CA Counties,2020-12-19,26381,109695,26360,109592,21,103,0,0,26379,109689,2,3,26379,109692,
All CA and Non-CA Counties,2020-12-20,19592,129287,19563,129155,29,132,0,0,19591,129279,1,4,19591,129283,
All CA and Non-CA Counties,2020-12-21,51666,180953,51582,180737,84,216,0,0,51663,180940,2,6,51663,180946,
All CA and Non-CA Counties,2020-12-22,51850,232803,49676,230413,2174,2390,0,0,51849,232788,1,7,51849,232795,
All CA and Non-CA Counties,2020-12-23,51564,284367,42764,273177,8800,11190,0,0,51560,284348,0,7,51560,284355,
All CA and Non-CA Counties,2020-12-24,24758,309125,16890,290067,7868,19058,0,0,24754,309100,2,9,24754,309109,
All CA and Non-CA Counties,2020-12-25,2338,311463,2015,292082,323,19381,0,0,2337,311436,1,10,2337,311446,
All CA and Non-CA Counties,2020-12-26,14875,326338,9601,301683,5274,24655,0,0,14873,326308,1,11,14873,326319,
All CA and Non-CA Counties,2020-12-27,9515,335853,5610,307293,3905,28560,0,0,9514,335821,1,12,9514,335833,
All CA and Non-CA Counties,2020-12-28,46904,382757,30046,337339,16858,45418,0,0,46901,382720,2,14,46901,382734,
All CA and Non-CA Counties,2020-12-29,52339,435096,29403,366742,22936,68354,0,0,52335,435052,3,17,52335,435069,
All CA and Non-CA Counties,2020-12-30,64618,499714,36766,403508,27852,96206,0,0,64611,499660,3,20,64611,499680,
All CA and Non-CA Counties,2020-12-31,30143,529857,11308,414816,18835,115041,0,0,30136,529792,4,24,30136,529816,
All CA and Non-CA Counties,2021-01-01,3769,533626,1627,416443,2142,117183,0,0,3766,533557,1,25,3766,533582,
All CA and Non-CA Counties,2021-01-02,18572,552198,10294,426737,8278,125461,0,0,18570,552126,1,26,18570,552152,
All CA and Non-CA Counties,2021-01-03,6260,558458,3539,430276,2721,128182,0,0,6234,558348,12,38,6234,558386,
All CA and Non-CA Counties,2021-01-04,44296,602754,22331,452607,21965,150147,0,0,44208,602507,49,87,44208,602594,
All CA and Non-CA Counties,2021-01-05,57492,660246,30308,482915,27184,177331,0,0,51914,648951,5510,5597,51954,654548,
All CA and Non-CA Counties,2021-01-06,75285,735531,41832,524747,33453,210784,0,0,59305,692486,15801,21398,59336,713884,
All CA and Non-CA Counties,2021-01-07,95386,830917,54417,579164,40969,251753,0,0,63388,724116,31837,53235,63467,777351,
All CA and Non-CA Counties,2021-01-08,110289,941206,66738,645902,43551,295304,0,0,67447,748940,42703,95938,67527,844878,
All CA and Non-CA Counties,2021-01-09,44868,986074,25588,671490,19280,314584,0,0,28473,761071,16373,112311,28504,873382,
All CA and Non-CA Counties,2021-01-10,24299,1010373,14832,686322,9467,324051,0,0,13088,762982,11195,123506,13106,886488,
All CA and Non-CA Counties,2021-01-11,106313,1116686,70328,756650,35985,360036,0,0,61992,780762,44286,167792,62066,948554,
All CA and Non-CA Counties,2021-01-12,115820,1232506,68438,825088,47382,407418,0,0,73558,812293,42186,209978,73717,1022271,
All CA and Non-CA Counties,2021-01-13,121723,1354229,62973,888061,58750,466168,0,0,87091,864931,34550,244528,87188,1109459,
All CA and Non-CA Counties,2021-01-14,126152,1480381,50332,938393,75820,541988,0,0,106185,951396,19856,264384,106321,1215780,
All CA and Non-CA Counties,2021-01-15,145411,1625792,53340,991733,92071,634059,0,0,129715,1065698,15588,279972,129890,1345670,
All CA and Non-CA Counties,2021-01-16,83283,1709075,27926,1019659,55357,689416,0,0,75457,1133395,7801,287773,75498,1421168,
All CA and Non-CA Counties,2021-01-17,48509,1757584,16852,1036511,31657,721073,0,0,44852,1174630,3650,291423,44885,1466053,
All CA and Non-CA Counties,2021-01-18,88893,1846477,46488,1082999,42405,763478,0,0,69172,1224287,19646,311069,69303,1535356,
All CA and Non-CA Counties,2021-01-19,144544,1991021,74389,1157388,70155,833633,0,0,112786,1305748,31670,342739,113131,1648487,
All CA and Non-CA Counties,2021-01-20,161919,2152940,81239,1238627,80680,914313,0,0,128094,1400408,33656,376395,128316,1776803,
All CA and Non-CA Counties,2021-01-21,175489,2328429,77000,1315627,98489,1012802,0,0,156177,1537776,19101,395496,156469,1933272,
All CA and Non-CA Counties,2021-01-22,172945,2501374,69857,1385484,103088,1115890,0,0,158242,1681567,14575,410071,158366,2091638,
All CA and Non-CA Counties,2021-01-23,112952,2614326,49579,1435063,63373,1179263,0,0,100381,1769513,12515,422586,100461,2192099,
All CA and Non-CA Counties,2021-01-24,61428,2675754,29634,1464697,31794,1211057,0,0,56690,1821527,4712,427298,56726,2248825,
All CA and Non-CA Counties,2021-01-25,147476,2823230,66428,1531125,81048,1292105,0,0,112268,1899127,35116,462414,112716,2361541,
All CA and Non-CA Counties,2021-01-26,172702,2995932,84892,1616017,87810,1379915,0,0,134957,1996752,37618,500032,135243,2496784,
All CA and Non-CA Counties,2021-01-27,182571,3178503,89699,1705716,92872,1472787,0,0,143507,2101706,38701,538733,143655,2640439,
All CA and Non-CA Counties,2021-01-28,190880,3369383,88215,1793931,102665,1575452,0,0,156821,2224916,33777,572510,156987,2797426,
All CA and Non-CA Counties,2021-01-29,186288,3555671,90219,1884150,96069,1671521,0,0,151594,2342503,34144,606654,151731,2949157,
All CA and Non-CA Counties,2021-01-30,126002,3681673,56507,1940657,69495,1741016,0,0,111637,2440053,14222,620876,111772,3060929,
All CA and Non-CA Counties,2021-01-31,73293,3754966,42637,1983294,30656,1771672,0,0,67208,2501296,6013,626889,67256,3128185,
All CA and Non-CA Counties,2021-02-01,162763,3917729,74876,2058170,87887,1859559,0,0,124189,2587296,38433,665322,124433,3252618,
All CA and Non-CA Counties,2021-02-02,190793,4108522,81208,2139378,109585,1969144,0,0,144633,2686327,45875,711197,144906,3397524,
All CA and Non-CA Counties,2021-02-03,216483,4325005,96576,2235954,119907,2089051,0,0,162397,2795333,53615,764812,162621,3560145,
All CA and Non-CA Counties,2021-02-04,233313,4558318,101657,2337611,131656,2220707,0,0,172265,2907405,60505,825317,172577,3732722,
All CA and Non-CA Counties,2021-02-05,251016,4809334,107940,2445551,143076,2363783,0,0,172117,3001923,78152,903469,172670,3905392,
All CA and Non-CA Counties,2021-02-06,158444,4967778,76610,2522161,81834,2445617,0,0,123598,3091311,34676,938145,124064,4029456,
All CA and Non-CA Counties,2021-02-07,68542,5036320,44638,2566799,23904,2469521,0,0,52172,3127660,16288,954433,52637,4082093,
All CA and Non-CA Counties,2021-02-08,184631,5220951,91388,2658187,93243,2562764,0,0,122821,3189801,61388,1015821,123529,4205622,
All CA and Non-CA Counties,2021-02-09,213314,5434265,103154,2761341,110160,2672924,0,0,128552,3235062,84422,1100243,129683,4335305,
All CA and Non-CA Counties,2021-02-10,251681,5685946,121063,2882404,130618,2803542,0,0,140631,3266860,110287,1210530,142085,4477390,
All CA and Non-CA Counties,2021-02-11,264903,5950849,130974,3013378,133929,2937471,0,0,146180,3297125,117721,1328251,147986,4625376,
All CA and Non-CA Counties,2021-02-12,274240,6225089,119572,3132950,154668,3092139,0,0,148800,3323512,124742,1452993,151129,4776505,
All CA and Non-CA Counties,2021-02-13,167238,6392327,76512,3209462,90726,3182865,0,0,92833,3344306,74011,1527004,94805,4871310,
All CA and Non-CA Counties,2021-02-14,95588,6487915,47128,3256590,48460,3231325,0,0,52087,3354664,43365,1570369,53723,4925033,
All CA and Non-CA Counties,2021-02-15,142808,6630723,63186,3319776,79622,3310947,0,0,78925,3373199,63550,1633919,82085,5007118,
All CA and Non-CA Counties,2021-02-16,251672,6882395,119568,3439344,132104,3443051,0,0,134218,3393547,117127,1751046,137475,5144593,
All CA and Non-CA Counties,2021-02-17,260319,7142714,129441,3568785,130878,3573929,0,0,129209,3395408,130652,1881698,132513,5277106,
All CA and Non-CA Counties,2021-02-18,273866,7416580,143112,3711897,130754,3704683,0,0,132007,3390523,141189,2022887,136304,5413410,
All CA and Non-CA Counties,2021-02-19,254057,7670637,148171,3860068,105886,3810569,0,0,131456,3402116,122190,2145077,133783,5547193,
All CA and Non-CA Counties,2021-02-20,152596,7823233,98692,3958760,53904,3864473,0,0,83796,3419366,68591,2213668,85841,5633034,
All CA and Non-CA Counties,2021-02-21,70170,7893403,56342,4015102,13828,3878301,0,0,34893,3420531,35112,2248780,36277,5669311,
All CA and Non-CA Counties,2021-02-22,163719,8057122,109882,4124984,53837,3932138,0,0,83025,3424909,80419,2329199,84797,5754108,
All CA and Non-CA Counties,2021-02-23,224447,8281569,118249,4243233,106198,4038336,0,0,104506,3416049,119454,2448653,110594,5864702,
All CA and Non-CA Counties,2021-02-24,284357,8565926,143446,4386679,140911,4179247,0,0,136285,3412565,147549,2596202,144065,6008767,
All CA and Non-CA Counties,2021-02-25,318402,8884328,156131,4542810,162271,4341518,0,0,166418,3436461,151360,2747562,175256,6184023,
All CA and Non-CA Counties,2021-02-26,352134,9236462,164923,4707733,187211,4528729,0,0,196213,3485171,155056,2902618,203766,6387789,
All CA and Non-CA Counties,2021-02-27,248567,9485029,118454,4826187,130101,4658830,12,12,139340,3520487,108702,3011320,144018,6531807,
All CA and Non-CA Counties,2021-02-28,130699,9615728,78320,4904507,52378,4711208,1,13,76973,3546992,53439,3064759,79944,6611751,
All CA and Non-CA Counties,2021-03-01,237317,9853045,126254,5030761,111043,4822251,20,33,136190,3586800,100592,3165351,140400,6752151,
All CA and Non-CA Counties,2021-03-02,268232,10121277,130140,5160901,138081,4960332,11,44,160665,3647595,107146,3272497,167941,6920092,
All CA and Non-CA Counties,2021-03-03,314109,10435386,154472,5315373,159612,5119944,25,69,175481,3692497,138046,3410543,182948,7103040,
All CA and Non-CA Counties,2021-03-04,318617,10754003,160488,5475861,158055,5277999,74,143,185650,3752947,132371,3542914,192821,7295861,
All CA and Non-CA Counties,2021-03-05,298221,11052224,146944,5622805,150210,5428209,1067,1210,185173,3834178,112397,3655311,193628,7489489,
All CA and Non-CA Counties,2021-03-06,231013,11283237,119406,5742211,104038,5532247,7569,8779,144476,3904985,86205,3741516,157012,7646501,
All CA and Non-CA Counties,2021-03-07,121281,11404518,74615,5816826,42693,5574940,3973,12752,77182,3946037,43960,3785476,85012,7731513,
All CA and Non-CA Counties,2021-03-08,205959,11610477,100309,5917135,96075,5671015,9575,22327,134544,4024073,71118,3856594,149154,7880667,
All CA and Non-CA Counties,2021-03-09,255878,11866355,110385,6027520,129954,5800969,15539,37866,140186,4068740,115327,3971921,159994,8040661,
All CA and Non-CA Counties,2021-03-10,296802,12163157,146974,6174494,127889,5928858,21939,59805,160213,4119264,136077,4107998,186601,8227262,
All CA and Non-CA Counties,2021-03-11,349703,12512860,167038,6341532,153077,6081935,29588,89393,179851,4164232,169134,4277132,214102,8441364,
All CA and Non-CA Counties,2021-03-12,346315,12859175,155553,6497085,150134,6232069,40628,130021,168490,4200586,177252,4454384,213606,8654970,
All CA and Non-CA Counties,2021-03-13,242031,13101206,110522,6607607,103247,6335316,28262,158283,129823,4251415,111881,4566265,162710,8817680,
All CA and Non-CA Counties,2021-03-14,135311,13236517,75952,6683559,44703,6380019,14656,172939,74075,4281472,61035,4627300,91092,8908772,
All CA and Non-CA Counties,2021-03-15,285905,13522422,136286,6819845,129257,6509276,20362,193301,157880,4335955,127442,4754742,181925,9090697,
All CA and Non-CA Counties,2021-03-16,363791,13886213,172971,6992816,173700,6682976,17120,210421,214430,4422241,148667,4903409,234953,9325650,
All CA and Non-CA Counties,2021-03-17,366615,14252828,185048,7177864,164150,6847126,17417,227838,226772,4530062,139212,5042621,247033,9572683,
All CA and Non-CA Counties,2021-03-18,337275,14590103,174412,7352276,146834,6993960,16029,243867,201145,4614258,135318,5177939,219514,9792197,
All CA and Non-CA Counties,2021-03-19,347108,14937211,184322,7536598,144696,7138656,18090,261957,204116,4696286,142271,5320210,224299,10016496,
All CA and Non-CA Counties,2021-03-20,225502,15162713,113730,7650328,99830,7238486,11942,273899,150137,4784919,74908,5395118,163541,10180037,
All CA and Non-CA Counties,2021-03-21,139938,15302651,95874,7746202,36684,7275170,7380,281279,91845,4837796,47875,5442993,100752,10280789,
All CA and Non-CA Counties,2021-03-22,268232,15570883,156516,7902718,100937,7376107,10779,292058,179479,4943253,88177,5531170,193634,10474423,
All CA and Non-CA Counties,2021-03-23,351280,15922163,193421,8096139,147528,7523635,10331,302389,230749,5067726,119751,5650921,244224,10718647,
All CA and Non-CA Counties,2021-03-24,382202,16304365,219837,8315976,150364,7673999,12001,314390,231311,5165290,149969,5800890,247533,10966180,
All CA and Non-CA Counties,2021-03-25,407807,16712172,223921,8539897,170207,7844206,13679,328069,239987,5259187,166765,5967655,260662,11226842,
All CA and Non-CA Counties,2021-03-26,425478,17137650,226768,8766665,183016,8027222,15694,343763,238871,5338210,185630,6153285,264653,11491495,
All CA and Non-CA Counties,2021-03-27,304158,17441808,161390,8928055,131672,8158894,11096,354859,156655,5366301,146849,6300134,174940,11666435,
All CA and Non-CA Counties,2021-03-28,166957,17608765,106463,9034518,56902,8215796,3592,358451,92037,5389848,74651,6374785,98198,11764633,
All CA and Non-CA Counties,2021-03-29,302751,17911516,162564,9197082,131800,8347596,8387,366838,176274,5452781,125871,6500656,188804,11953437,
All CA and Non-CA Counties,2021-03-30,389006,18300522,197778,9394860,174937,8522533,16291,383129,243674,5572206,144766,6645422,264191,12217628,
All CA and Non-CA Counties,2021-03-31,414084,18714606,225699,9620559,167664,8690197,20721,403850,244479,5674688,168825,6814247,271307,12488935,
All CA and Non-CA Counties,2021-04-01,468664,19183270,240376,9860935,191427,8881624,36861,440711,267666,5789943,200197,7014444,315452,12804387,
All CA and Non-CA Counties,2021-04-02,449324,19632594,221040,10081975,188464,9070088,39820,480531,253321,5901885,194993,7209437,306935,13111322,
All CA and Non-CA Counties,2021-04-03,315675,19948269,160541,10242516,117059,9187147,38075,518606,164541,5963995,150651,7360088,212761,13324083,
All CA and Non-CA Counties,2021-04-04,127382,20075651,66171,10308687,43613,9230760,17598,536204,59496,5975024,67732,7427820,78761,13402844,
All CA and Non-CA Counties,2021-04-05,293783,20369434,143820,10452507,118185,9348945,31778,567982,146899,6011478,146453,7574273,182907,13585751,
All CA and Non-CA Counties,2021-04-06,242846,20612280,122292,10574799,92307,9441252,28247,596229,122468,6046028,119838,7694111,154388,13740139,
Outside California,2020-12-15,7,7,7,7,0,0,0,0,7,7,0,0,7,7,Not in California
Outside California,2020-12-16,133,140,133,140,0,0,0,0,133,140,0,0,133,140,Not in California
Outside California,2020-12-17,1533,1673,1533,1673,0,0,0,0,1533,1673,0,0,1533,1673,Not in California
Outside California,2020-12-18,2398,4071,2394,4067,4,4,0,0,2397,4070,0,0,2397,4070,Not in California
Outside California,2020-12-19,1006,5077,1005,5072,1,5,0,0,1006,5076,0,0,1006,5076,Not in California
Outside California,2020-12-20,650,5727,649,5721,1,6,0,0,650,5726,0,0,650,5726,Not in California
Outside California,2020-12-21,2096,7823,2096,7817,0,6,0,0,2095,7821,0,0,2095,7821,Not in California
Outside California,2020-12-22,1959,9782,1925,9742,34,40,0,0,1959,9780,0,0,1959,9780,Not in California
Outside California,2020-12-23,1427,11209,1313,11055,114,154,0,0,1427,11207,0,0,1427,11207,Not in California
Outside California,2020-12-24,809,12018,615,11670,194,348,0,0,809,12016,0,0,809,12016,Not in California
Outside California,2020-12-25,33,12051,29,11699,4,352,0,0,33,12049,0,0,33,12049,Not in California
Outside California,2020-12-26,309,12360,204,11903,105,457,0,0,309,12358,0,0,309,12358,Not in California
Outside California,2020-12-27,191,12551,72,11975,119,576,0,0,191,12549,0,0,191,12549,Not in California
Outside California,2020-12-28,1400,13951,883,12858,517,1093,0,0,1400,13949,0,0,1400,13949,Not in California
Outside California,2020-12-29,1467,15418,938,13796,529,1622,0,0,1467,15416,0,0,1467,15416,Not in California
Outside California,2020-12-30,1861,17279,1198,14994,663,2285,0,0,1862,17278,0,0,1862,17278,Not in California
Outside California,2020-12-31,1070,18349,590,15584,480,2765,0,0,1071,18349,0,0,1071,18349,Not in California
Outside California,2021-01-01,107,18456,22,15606,85,2850,0,0,107,18456,0,0,107,18456,Not in California
Outside California,2021-01-02,244,18700,136,15742,108,2958,0,0,243,18698,1,1,243,18699,Not in California
Outside California,2021-01-03,181,18881,97,15839,84,3042,0,0,181,18879,0,1,181,18880,Not in California
Outside California,2021-01-04,1130,20011,504,16343,626,3668,0,0,1124,20002,1,2,1124,20004,Not in California
Outside California,2021-01-05,1458,21469,761,17104,697,4365,0,0,1320,21186,136,138,1320,21324,Not in California
Outside California,2021-01-06,2578,24047,1534,18638,1044,5409,0,0,1902,22406,683,821,1903,23227,Not in California
Outside California,2021-01-07,4115,28162,2523,21161,1592,7001,0,0,2475,23252,1639,2460,2485,25712,Not in California
Outside California,2021-01-08,4290,32452,2710,23871,1580,8581,0,0,2543,24066,1737,4197,2551,28263,Not in California
Outside California,2021-01-09,1350,33802,542,24413,808,9389,0,0,1020,24760,328,4525,1022,29285,Not in California
Outside California,2021-01-10,299,34101,179,24592,120,9509,0,0,178,24817,121,4646,178,29463,Not in California
Outside California,2021-01-11,3267,37368,1956,26548,1311,10820,0,0,1950,25450,1318,5964,1951,31414,Not in California
Outside California,2021-01-12,3818,41186,2268,28816,1550,12370,0,0,2329,26297,1484,7448,2331,33745,Not in California
Outside California,2021-01-13,3573,44759,1751,30567,1822,14192,0,0,2449,27622,1129,8577,2454,36199,Not in California
Outside California,2021-01-14,3727,48486,1243,31810,2484,16676,0,0,3113,30129,612,9189,3119,39318,Not in California
Outside California,2021-01-15,4114,52600,935,32745,3179,19855,0,0,3669,33362,442,9631,3675,42993,Not in California
Outside California,2021-01-16,2573,55173,343,33088,2230,22085,0,0,2412,35616,158,9789,2412,45405,Not in California
Outside California,2021-01-17,457,55630,143,33231,314,22399,0,0,401,35962,55,9844,401,45806,Not in California
Outside California,2021-01-18,1118,56748,751,33982,367,22766,0,0,646,36138,471,10315,647,46453,Not in California
Outside California,2021-01-19,4000,60748,1290,35272,2710,25476,0,0,3154,38449,846,11161,3157,49610,Not in California
Outside California,2021-01-20,4343,65091,1333,36605,3010,28486,0,0,3475,41061,865,12026,3477,53087,Not in California
Outside California,2021-01-21,4008,69099,978,37583,3030,31516,0,0,3489,44049,504,12530,3492,56579,Not in California
Outside California,2021-01-22,4561,73660,1007,38590,3554,35070,0,0,4157,47809,399,12929,4159,60738,Not in California
Outside California,2021-01-23,2245,75905,325,38915,1920,36990,0,0,2076,49717,168,13097,2076,62814,Not in California
Outside California,2021-01-24,712,76617,339,39254,373,37363,0,0,628,50261,84,13181,628,63442,Not in California
Outside California,2021-01-25,4438,81055,1939,41193,2499,39862,0,0,3605,53027,846,14027,3612,67054,Not in California
Outside California,2021-01-26,6203,87258,3162,44355,3041,42903,0,0,5402,57621,820,14847,5414,72468,Not in California
Outside California,2021-01-27,5002,92260,2971,47326,2031,44934,0,0,4458,61516,565,15412,4460,76928,Not in California
Outside California,2021-01-28,5228,97488,2969,50295,2259,47193,0,0,4797,65866,447,15859,4797,81725,Not in California
Outside California,2021-01-29,4647,102135,2944,53239,1703,48896,0,0,3941,69097,710,16569,3941,85666,Not in California
Outside California,2021-01-30,4309,106444,2504,55743,1805,50701,0,0,4094,72975,216,16785,4094,89760,Not in California
Outside California,2021-01-31,3566,110010,3157,58900,409,51110,0,0,3487,76387,78,16863,3490,93250,Not in California
Outside California,2021-02-01,5832,115842,2921,61821,2911,54021,0,0,5190,80939,640,17503,5192,98442,Not in California
Outside California,2021-02-02,7358,123200,2727,64548,4631,58652,0,0,6656,86907,692,18195,6660,105102,Not in California
Outside California,2021-02-03,8133,131333,2791,67339,5342,63994,0,0,7329,93446,792,18987,7331,112433,Not in California
Outside California,2021-02-04,7437,138770,2724,70063,4713,68707,0,0,6501,99029,921,19908,6504,118937,Not in California
Outside California,2021-02-05,6790,145560,2161,72224,4629,73336,0,0,5801,103838,992,20900,5801,124738,Not in California
Outside California,2021-02-06,4558,150118,2335,74559,2223,75559,0,0,4131,107552,419,21319,4133,128871,Not in California
Outside California,2021-02-07,2954,153072,2410,76969,544,76103,0,0,2878,110357,76,21395,2881,131752,Not in California
Outside California,2021-02-08,5830,158902,3761,80730,2069,78172,0,0,4757,114062,1055,22450,4760,136512,Not in California
Outside California,2021-02-09,4807,163709,2290,83020,2517,80689,0,0,3503,116290,1289,23739,3517,140029,Not in California
Outside California,2021-02-10,5931,169640,2184,85204,3747,84436,0,0,3589,117594,2334,26073,3638,143667,Not in California
Outside California,2021-02-11,4859,174499,2072,87276,2787,87223,0,0,3707,120177,1143,27216,3726,147393,Not in California
Outside California,2021-02-12,4712,179211,1604,88880,3108,90331,0,0,3080,121642,1623,28839,3088,150481,Not in California
Outside California,2021-02-13,2310,181521,628,89508,1682,92013,0,0,1850,123052,451,29290,1861,152342,Not in California
Outside California,2021-02-14,1460,182981,464,89972,996,93009,0,0,1181,123994,275,29565,1217,153559,Not in California
Outside California,2021-02-15,2520,185501,1555,91527,965,93974,0,0,1165,123859,1338,30903,1203,154762,Not in California
Outside California,2021-02-16,6322,191823,2851,94378,3471,97445,0,0,2531,122621,3784,34687,2546,157308,Not in California
Outside California,2021-02-17,5786,197609,2860,97238,2926,100371,0,0,1754,120357,4024,38711,1760,159068,Not in California
Outside California,2021-02-18,6144,203753,3566,100804,2578,102949,0,0,1903,118039,4228,42939,1910,160978,Not in California
Outside California,2021-02-19,5189,208942,3539,104343,1650,104599,0,0,1968,116793,3218,46157,1972,162950,Not in California
Outside California,2021-02-20,3206,212148,2690,107033,516,105115,0,0,1157,115905,2047,48204,1159,164109,Not in California
Outside California,2021-02-21,1799,213947,1588,108621,211,105326,0,0,609,115328,1186,49390,609,164718,Not in California
Outside California,2021-02-22,2742,216689,1917,110538,825,106151,0,0,989,114571,1753,51143,996,165714,Not in California
Outside California,2021-02-23,5077,221766,2515,113053,2562,108713,0,0,1585,112679,3487,54630,1595,167309,Not in California
Outside California,2021-02-24,5341,227107,2640,115693,2701,111414,0,0,1584,110518,3751,58381,1590,168899,Not in California
Outside California,2021-02-25,5853,232960,2545,118238,3308,114722,0,0,2172,109038,3661,62042,2181,171080,Not in California
Outside California,2021-02-26,6104,239064,3069,121307,3035,117757,0,0,2568,108155,3456,65498,2573,173653,Not in California
Outside California,2021-02-27,4593,243657,2304,123611,2288,120045,1,1,1284,106150,3293,68791,1288,174941,Not in California
Outside California,2021-02-28,2696,246353,2062,125673,634,120679,0,1,1067,105592,1627,70418,1069,176010,Not in California
Outside California,2021-03-01,4609,250962,3053,128726,1556,122235,0,1,1241,103487,3358,73776,1253,177263,Not in California
Outside California,2021-03-02,6157,257119,2065,130791,4092,126327,0,1,1825,101068,4335,78111,1916,179179,Not in California
Outside California,2021-03-03,6937,264056,2324,133115,4612,130939,1,2,1886,97907,5057,83168,1896,181075,Not in California
Outside California,2021-03-04,6240,270296,2444,135559,3795,134734,1,3,2057,95815,4170,87338,2078,183153,Not in California
Outside California,2021-03-05,4338,274634,1882,137441,2440,137174,16,19,2173,95844,2174,89512,2203,185356,Not in California
Outside California,2021-03-06,4115,278749,1781,139222,2201,139375,133,152,2011,95968,2099,91611,2223,187579,Not in California
Outside California,2021-03-07,1607,280356,1030,140252,523,139898,54,206,982,96404,625,92236,1061,188640,Not in California
Outside California,2021-03-08,2742,283098,1637,141889,893,140791,212,418,2014,97934,698,92934,2228,190868,Not in California
Outside California,2021-03-09,3725,286823,1577,143466,1862,142653,286,704,2109,98739,1612,94546,2417,193285,Not in California
Outside California,2021-03-10,3796,290619,1595,145061,1720,144373,481,1185,2199,99884,1589,96135,2734,196019,Not in California
Outside California,2021-03-11,5632,296251,2669,147730,2263,146636,700,1885,2930,100855,2701,98836,3672,199691,Not in California
Outside California,2021-03-12,5193,301444,2739,150469,1683,148319,771,2656,2852,102242,2334,101170,3721,203412,Not in California
Outside California,2021-03-13,3100,304544,1735,152204,829,149148,536,3192,2029,103743,1067,102237,2568,205980,Not in California
Outside California,2021-03-14,1772,306316,970,153174,455,149603,347,3539,1109,104546,663,102900,1466,207446,Not in California
Outside California,2021-03-15,3691,310007,1637,154811,1640,151243,414,3953,2276,105881,1409,104309,2744,210190,Not in California
Outside California,2021-03-16,6577,316584,3191,158002,2983,154226,403,4356,3889,107533,2683,106992,4335,214525,Not in California
Outside California,2021-03-17,6867,323451,3677,161679,2764,156990,426,4782,4215,109544,2648,109640,4659,219184,Not in California
Outside California,2021-03-18,6481,329932,3488,165167,2460,159450,533,5315,4071,111800,2401,112041,4657,223841,Not in California
Outside California,2021-03-19,5955,335887,3297,168464,2118,161568,540,5855,3771,114016,2179,114220,4395,228236,Not in California
Outside California,2021-03-20,3368,339255,2175,170639,1090,162658,103,5958,2779,116322,579,114799,2885,231121,Not in California
Outside California,2021-03-21,1837,341092,1267,171906,471,163129,99,6057,1415,117418,421,115220,1517,232638,Not in California
Outside California,2021-03-22,3142,344234,1747,173653,1284,164413,111,6168,2107,118609,1029,116249,2220,234858,Not in California
Outside California,2021-03-23,6177,350411,3039,176692,2872,167285,266,6434,4397,121509,1768,118017,4668,239526,Not in California
Outside California,2021-03-24,7060,357471,3376,180068,3243,170528,441,6875,5407,125723,1640,119657,5854,245380,Not in California
Outside California,2021-03-25,7993,365464,3427,183495,4020,174548,546,7421,6057,130421,1922,121579,6620,252000,Not in California
Outside California,2021-03-26,6637,372101,3441,186936,2991,177539,205,7626,4712,133463,1906,123485,4948,256948,Not in California
Outside California,2021-03-27,4615,376716,2683,189619,1861,179400,71,7697,3181,135319,1425,124910,3281,260229,Not in California
Outside California,2021-03-28,2637,379353,1365,190984,1201,180601,71,7768,1702,136176,928,125838,1785,262014,Not in California
Outside California,2021-03-29,4708,384061,2076,193060,2350,182951,282,8050,2992,137761,1712,127550,3297,265311,Not in California
Outside California,2021-03-30,6661,390722,3313,196373,2717,185668,631,8681,4238,140425,2405,129955,5069,270380,Not in California
Outside California,2021-03-31,6083,396805,3426,199799,1843,187511,814,9495,3610,142469,2465,132420,4509,274889,Not in California
Outside California,2021-04-01,7085,403890,3977,203776,2394,189905,714,10209,4159,144668,2916,135336,5115,280004,Not in California
Outside California,2021-04-02,8157,412047,4467,208243,2687,192592,1003,11212,4548,146959,3598,138934,5889,285893,Not in California
Outside California,2021-04-03,6283,418330,3655,211898,1374,193966,1254,12466,3300,148833,2975,141909,4849,290742,Not in California
Outside California,2021-04-04,1774,420104,921,212819,580,194546,273,12739,944,149236,830,142739,1233,291975,Not in California
Outside California,2021-04-05,3871,423975,1920,214739,1386,195932,565,13304,1768,149552,2094,144833,2410,294385,Not in California
Outside California,2021-04-06,3197,427172,1431,216170,1268,197200,498,13802,1500,149983,1678,146511,2109,296494,Not in California
Unknown,2020-12-17,37,37,37,37,0,0,0,0,1,1,0,0,1,1,Not in California
Unknown,2020-12-18,52,89,52,89,0,0,0,0,2,3,0,0,2,3,Not in California
Unknown,2020-12-21,41,130,41,130,0,0,0,0,0,3,0,0,0,3,Not in California
Unknown,2020-12-26,1,131,1,131,0,0,0,0,1,4,0,0,1,4,Not in California
Unknown,2020-12-28,3,134,3,134,0,0,0,0,3,7,0,0,3,7,Not in California
Unknown,2020-12-29,3,137,3,137,0,0,0,0,3,10,0,0,3,10,Not in California
Unknown,2020-12-30,55,192,55,192,0,0,0,0,55,65,0,0,55,65,Not in California
Unknown,2020-12-31,2,194,0,192,2,2,0,0,0,65,0,0,0,65,Not in California
Unknown,2021-01-02,2,196,0,192,2,4,0,0,2,67,0,0,2,67,Not in California
Unknown,2021-01-03,1,197,0,192,1,5,0,0,1,68,0,0,1,68,Not in California
Unknown,2021-01-04,3,200,2,194,1,6,0,0,3,71,0,0,3,71,Not in California
Unknown,2021-01-05,4,204,0,194,4,10,0,0,5,76,0,0,5,76,Not in California
Unknown,2021-01-06,7,211,3,197,4,14,0,0,7,83,0,0,7,83,Not in California
Unknown,2021-01-07,70,281,68,265,2,16,0,0,70,153,0,0,70,153,Not in California
Unknown,2021-01-09,4,285,2,267,2,18,0,0,5,158,0,0,5,158,Not in California
Unknown,2021-01-10,1,286,0,267,1,19,0,0,1,159,0,0,1,159,Not in California
Unknown,2021-01-11,19,305,19,286,0,19,0,0,19,178,0,0,19,178,Not in California
Unknown,2021-01-12,10,315,9,295,1,20,0,0,9,187,1,1,10,188,Not in California
Unknown,2021-01-13,11,326,11,306,0,20,0,0,12,199,0,1,12,200,Not in California
Unknown,2021-01-14,3,329,3,309,0,20,0,0,3,202,0,1,3,203,Not in California
Unknown,2021-01-15,4,333,3,312,1,21,0,0,5,207,0,1,5,208,Not in California
Unknown,2021-01-16,9,342,9,321,0,21,0,0,8,214,1,2,8,216,Not in California
Unknown,2021-01-17,3,345,3,324,0,21,0,0,3,217,0,2,3,219,Not in California
Unknown,2021-01-18,58,403,58,382,0,21,0,0,56,271,2,4,56,275,Not in California
Unknown,2021-01-19,25,428,25,407,0,21,0,0,23,293,1,5,23,298,Not in California
Unknown,2021-01-20,80,508,80,487,0,21,0,0,28,269,52,57,28,326,Not in California
Unknown,2021-01-21,61,569,58,545,3,24,0,0,63,332,0,57,63,389,Not in California
Unknown,2021-01-22,43,612,37,582,6,30,0,0,42,374,0,57,42,431,Not in California
Unknown,2021-01-23,13,625,7,589,6,36,0,0,13,387,0,57,13,444,Not in California
Unknown,2021-01-24,2,627,2,591,0,36,0,0,3,390,0,57,3,447,Not in California
Unknown,2021-01-25,20,647,18,609,2,38,0,0,18,406,2,59,18,465,Not in California
Unknown,2021-01-26,96,743,96,705,0,38,0,0,98,504,1,60,99,564,Not in California
Unknown,2021-01-27,19,762,19,724,0,38,0,0,18,521,1,61,18,582,Not in California
Unknown,2021-01-28,166,928,163,887,3,41,0,0,112,573,60,121,112,694,Not in California
Unknown,2021-01-29,163,1091,162,1049,1,42,0,0,167,738,2,123,167,861,Not in California
Unknown,2021-01-30,13,1104,9,1058,4,46,0,0,15,751,2,125,15,876,Not in California
Unknown,2021-01-31,20,1124,19,1077,1,47,0,0,19,768,2,127,19,895,Not in California
Unknown,2021-02-01,37,1161,36,1113,1,48,0,0,22,773,17,144,22,917,Not in California
Unknown,2021-02-02,76,1237,74,1187,2,50,0,0,69,836,6,150,69,986,Not in California
Unknown,2021-02-03,54,1291,51,1238,3,53,0,0,43,867,12,162,43,1029,Not in California
Unknown,2021-02-04,70,1361,63,1301,7,60,0,0,67,927,7,169,67,1096,Not in California
Unknown,2021-02-05,15,1376,9,1310,6,66,0,0,14,935,6,175,14,1110,Not in California
Unknown,2021-02-06,18,1394,14,1324,4,70,0,0,15,944,6,181,15,1125,Not in California
Unknown,2021-02-07,13,1407,11,1335,2,72,0,0,9,949,4,185,9,1134,Not in California
Unknown,2021-02-08,60,1467,57,1392,3,75,0,0,20,926,43,228,20,1154,Not in California
Unknown,2021-02-09,21,1488,20,1412,1,76,0,0,5,915,16,244,5,1159,Not in California
Unknown,2021-02-10,40,1528,35,1447,5,81,0,0,14,903,26,270,14,1173,Not in California
Unknown,2021-02-11,100,1628,97,1544,3,84,0,0,50,901,52,322,50,1223,Not in California
Unknown,2021-02-12,50,1678,40,1584,10,94,0,0,21,888,34,356,21,1244,Not in California
Unknown,2021-02-13,12,1690,4,1588,8,102,0,0,15,902,1,357,15,1259,Not in California
Unknown,2021-02-14,8,1698,1,1589,7,109,0,0,6,907,1,358,6,1265,Not in California
Unknown,2021-02-15,46,1744,39,1628,7,116,0,0,34,929,12,370,34,1299,Not in California
Unknown,2021-02-16,124,1868,115,1743,9,125,0,0,44,892,81,451,44,1343,Not in California
Unknown,2021-02-17,13,1881,11,1754,2,127,0,0,8,895,5,456,8,1351,Not in California
Unknown,2021-02-18,118,1999,112,1866,6,133,0,0,24,826,93,549,24,1375,Not in California
Unknown,2021-02-19,216,2215,211,2077,5,138,0,0,67,741,152,701,67,1442,Not in California
Unknown,2021-02-20,17,2232,6,2083,11,149,0,0,11,748,4,705,11,1453,Not in California
Unknown,2021-02-21,20,2252,20,2103,0,149,0,0,11,746,13,718,11,1464,Not in California
Unknown,2021-02-22,10,2262,10,2113,0,149,0,0,8,751,3,721,8,1472,Not in California
Unknown,2021-02-23,71,2333,59,2172,12,161,0,0,21,721,51,772,21,1493,Not in California
Unknown,2021-02-24,56,2389,48,2220,8,169,0,0,26,714,33,805,26,1519,Not in California
Unknown,2021-02-25,83,2472,69,2289,14,183,0,0,31,693,52,857,31,1550,Not in California
Unknown,2021-02-26,44,2516,23,2312,21,204,0,0,33,713,13,870,33,1583,Not in California
Unknown,2021-02-27,26,2542,13,2325,13,217,0,0,21,726,8,878,21,1604,Not in California
Unknown,2021-02-28,40,2582,23,2348,17,234,0,0,31,752,6,884,32,1636,Not in California
Unknown,2021-03-01,53,2635,33,2381,20,254,0,0,33,766,19,903,33,1669,Not in California
Unknown,2021-03-02,21,2656,6,2387,15,269,0,0,15,775,6,909,15,1684,Not in California
Unknown,2021-03-03,19,2675,10,2397,9,278,0,0,28,800,3,912,28,1712,Not in California
Unknown,2021-03-04,57,2732,54,2451,3,281,0,0,27,795,32,944,27,1739,Not in California
Unknown,2021-03-05,179,2911,62,2513,117,398,0,0,186,974,7,951,186,1925,Not in California
Unknown,2021-03-06,203,3114,44,2557,120,518,39,39,155,1120,49,1000,195,2120,Not in California
Unknown,2021-03-07,73,3187,31,2588,28,546,14,53,56,1173,17,1017,70,2190,Not in California
Unknown,2021-03-08,226,3413,97,2685,80,626,49,102,149,1293,77,1094,197,2387,Not in California
Unknown,2021-03-09,179,3592,115,2800,9,635,55,157,90,1349,89,1183,145,2532,Not in California
Unknown,2021-03-10,175,3767,118,2918,4,639,53,210,112,1455,60,1243,166,2698,Not in California
Unknown,2021-03-11,153,3920,76,2994,12,651,65,275,85,1532,73,1316,150,2848,Not in California
Unknown,2021-03-12,119,4039,66,3060,23,674,30,305,58,1554,68,1384,90,2938,Not in California
Unknown,2021-03-13,106,4145,31,3091,23,697,52,357,51,1597,60,1444,103,3041,Not in California
Unknown,2021-03-14,120,4265,60,3151,35,732,25,382,83,1666,39,1483,108,3149,Not in California
Unknown,2021-03-15,264,4529,153,3304,91,823,20,402,228,1876,38,1521,248,3397,Not in California
Unknown,2021-03-16,310,4839,198,3502,108,931,4,406,279,2129,30,1551,283,3680,Not in California
Unknown,2021-03-17,251,5090,155,3657,93,1024,3,409,238,2357,13,1564,241,3921,Not in California
Unknown,2021-03-18,178,5268,77,3734,99,1123,2,411,163,2508,14,1578,165,4086,Not in California
Unknown,2021-03-19,150,5418,86,3820,63,1186,1,412,144,2647,6,1584,145,4231,Not in California
Unknown,2021-03-20,153,5571,77,3897,76,1262,0,412,138,2771,14,1598,138,4369,Not in California
Unknown,2021-03-21,170,5741,94,3991,64,1326,12,424,152,2917,18,1616,164,4533,Not in California
Unknown,2021-03-22,233,5974,146,4137,80,1406,7,431,208,3110,25,1641,218,4751,Not in California
Unknown,2021-03-23,230,6204,156,4293,73,1479,1,432,218,3317,12,1653,219,4970,Not in California
Unknown,2021-03-24,288,6492,187,4480,98,1577,3,435,267,3566,21,1674,270,5240,Not in California
Unknown,2021-03-25,305,6797,182,4662,116,1693,7,442,282,3833,23,1697,290,5530,Not in California
Unknown,2021-03-26,327,7124,195,4857,126,1819,6,448,265,4043,61,1758,271,5801,Not in California
Unknown,2021-03-27,280,7404,146,5003,130,1949,4,452,234,4237,46,1804,240,6041,Not in California
Unknown,2021-03-28,322,7726,197,5200,120,2069,5,457,280,4481,41,1845,285,6326,Not in California
Unknown,2021-03-29,396,8122,245,5445,147,2216,4,461,327,4748,69,1914,336,6662,Not in California
Unknown,2021-03-30,399,8521,237,5682,155,2371,7,468,322,5005,77,1991,334,6996,Not in California
Unknown,2021-03-31,485,9006,305,5987,174,2545,6,474,402,5330,83,2074,408,7404,Not in California
Unknown,2021-04-01,405,9411,260,6247,139,2684,6,480,344,5623,61,2135,354,7758,Not in California
Unknown,2021-04-02,506,9917,274,6521,224,2908,8,488,372,5877,133,2268,387,8145,Not in California
Unknown,2021-04-03,406,10323,193,6714,204,3112,9,497,290,6065,115,2383,303,8448,Not in California
Unknown,2021-04-04,353,10676,156,6870,188,3300,9,506,260,6244,93,2476,272,8720,Not in California
Unknown,2021-04-05,322,10998,153,7023,156,3456,13,519,164,6269,158,2634,183,8903,Not in California
Unknown,2021-04-06,6,11004,6,7029,0,3456,0,519,2,6267,4,2638,2,8905,Not in California
Alameda,2020-12-15,36,36,36,36,0,0,0,0,36,36,0,0,36,36,California
Alameda,2020-12-16,202,238,202,238,0,0,0,0,202,238,0,0,202,238,California
Alameda,2020-12-17,445,683,445,683,0,0,0,0,445,683,0,0,445,683,California
Alameda,2020-12-18,1796,2479,1795,2478,1,1,0,0,1796,2479,0,0,1796,2479,California
Alameda,2020-12-19,1462,3941,1462,3940,0,1,0,0,1463,3942,0,0,1463,3942,California
Alameda,2020-12-20,1180,5121,1179,5119,1,2,0,0,1179,5120,1,1,1179,5121,California
Alameda,2020-12-21,1848,6969,1847,6966,1,3,0,0,1847,6967,0,1,1847,6968,California
Alameda,2020-12-22,2087,9056,2036,9002,51,54,0,0,2087,9054,0,1,2087,9055,California
Alameda,2020-12-23,1896,10952,1640,10642,256,310,0,0,1896,10950,0,1,1896,10951,California
Alameda,2020-12-24,1215,12167,757,11399,458,768,0,0,1215,12165,0,1,1215,12166,California
Alameda,2020-12-25,160,12327,124,11523,36,804,0,0,160,12325,0,1,160,12326,California
Alameda,2020-12-26,854,13181,312,11835,542,1346,0,0,854,13179,0,1,854,13180,California
Alameda,2020-12-27,500,13681,256,12091,244,1590,0,0,500,13679,0,1,500,13680,California
Alameda,2020-12-28,1856,15537,929,13020,927,2517,0,0,1856,15535,0,1,1856,15536,California
Alameda,2020-12-29,2424,17961,1024,14044,1400,3917,0,0,2423,17958,0,1,2423,17959,California
Alameda,2020-12-30,3106,21067,1340,15384,1766,5683,0,0,3106,21064,0,1,3106,21065,California
Alameda,2020-12-31,1783,22850,437,15821,1346,7029,0,0,1783,22847,0,1,1783,22848,California
Alameda,2021-01-01,170,23020,69,15890,101,7130,0,0,170,23017,0,1,170,23018,California
Alameda,2021-01-02,714,23734,518,16408,196,7326,0,0,713,23730,0,1,713,23731,California
Alameda,2021-01-03,340,24074,219,16627,121,7447,0,0,337,24064,3,4,337,24068,California
Alameda,2021-01-04,1648,25722,944,17571,704,8151,0,0,1636,25689,11,15,1636,25704,California
Alameda,2021-01-05,2194,27916,1257,18828,937,9088,0,0,1956,27409,236,251,1956,27660,California
Alameda,2021-01-06,3247,31163,1782,20610,1465,10553,0,0,2416,28997,829,1080,2417,30077,California
Alameda,2021-01-07,3755,34918,2112,22722,1643,12196,0,0,2633,30524,1113,2193,2640,32717,California
Alameda,2021-01-08,4733,39651,2704,25426,2029,14225,0,0,3098,31995,1630,3823,3101,35818,California
Alameda,2021-01-09,2032,41683,1390,26816,642,14867,0,0,1174,32311,859,4682,1175,36993,California
Alameda,2021-01-10,1033,42716,815,27631,218,15085,0,0,421,32119,613,5295,421,37414,California
Alameda,2021-01-11,4475,47191,3341,30972,1134,16219,0,0,2788,33226,1687,6982,2794,40208,California
Alameda,2021-01-12,4753,51944,3188,34160,1565,17784,0,0,3390,35257,1363,8345,3394,43602,California
Alameda,2021-01-13,5006,56950,2648,36808,2358,20142,0,0,3831,37923,1171,9516,3837,47439,California
Alameda,2021-01-14,5592,62542,2726,39534,2866,23008,0,0,4719,41781,864,10380,4722,52161,California
Alameda,2021-01-15,5839,68381,2411,41945,3428,26436,0,0,5023,45999,809,11189,5027,57188,California
Alameda,2021-01-16,3122,71503,1479,43424,1643,28079,0,0,2817,48511,305,11494,2817,60005,California
Alameda,2021-01-17,1871,73374,1077,44501,794,28873,0,0,1665,49970,206,11700,1665,61670,California
Alameda,2021-01-18,3238,76612,2093,46594,1145,30018,0,0,2620,51981,614,12314,2625,64295,California
Alameda,2021-01-19,5515,82127,3341,49935,2174,32192,0,0,4323,55121,1190,13504,4330,68625,California
Alameda,2021-01-20,6598,88725,4026,53961,2572,34764,0,0,5306,59151,1280,14784,5310,73935,California
Alameda,2021-01-21,7682,96407,3378,57339,4304,39068,0,0,6869,65215,807,15591,6871,80806,California
Alameda,2021-01-22,6913,103320,2047,59386,4866,43934,0,0,5754,69819,1152,16743,5756,86562,California
Alameda,2021-01-23,3271,106591,941,60327,2330,46264,0,0,2719,71989,551,17294,2721,89283,California
Alameda,2021-01-24,2083,108674,678,61005,1405,47669,0,0,1788,73486,291,17585,1788,91071,California
Alameda,2021-01-25,5167,113841,1960,62965,3207,50876,0,0,3609,75549,1552,19137,3615,94686,California
Alameda,2021-01-26,7218,121059,2274,65239,4944,55820,0,0,5351,79043,1857,20994,5351,100037,California
Alameda,2021-01-27,6649,127708,2056,67295,4593,60413,0,0,4822,82049,1817,22811,4823,104860,California
Alameda,2021-01-28,7824,135532,2495,69790,5329,65742,0,0,5621,85486,2185,24996,5622,110482,California
Alameda,2021-01-29,7833,143365,3115,72905,4718,70460,0,0,6068,89800,1754,26750,6068,116550,California
Alameda,2021-01-30,3241,146606,1502,74407,1739,72199,0,0,2700,91963,538,27288,2701,119251,California
Alameda,2021-01-31,2138,148744,1196,75603,942,73141,0,0,1665,93172,457,27745,1666,120917,California
Alameda,2021-02-01,5926,154670,3336,78939,2590,75731,0,0,4300,95859,1619,29364,4306,125223,California
Alameda,2021-02-02,7426,162096,4228,83167,3198,78929,0,0,4650,97742,2768,32132,4651,129874,California
Alameda,2021-02-03,7058,169154,3732,86899,3326,82255,0,0,4387,99465,2667,34799,4390,134264,California
Alameda,2021-02-04,9460,178614,4126,91025,5334,87589,0,0,6434,102892,3010,37809,6437,140701,California
Alameda,2021-02-05,10314,188928,5384,96409,4930,92519,0,0,6457,105504,3849,41658,6461,147162,California
Alameda,2021-02-06,7011,195939,4437,100846,2574,95093,0,0,5892,110276,1121,42779,5893,153055,California
Alameda,2021-02-07,3577,199516,2890,103736,687,95780,0,0,2647,111997,927,43706,2648,155703,California
Alameda,2021-02-08,8078,207594,5772,109508,2306,98086,0,0,5543,115017,2524,46230,5544,161247,California
Alameda,2021-02-09,9683,217277,5849,115357,3834,101920,0,0,6047,117435,3630,49860,6048,167295,California
Alameda,2021-02-10,11424,228701,6772,122129,4652,106572,0,0,6615,119263,4793,54653,6621,173916,California
Alameda,2021-02-11,13819,242520,7879,130008,5940,112512,0,0,8375,122211,5431,60084,8379,182295,California
Alameda,2021-02-12,12457,254977,5665,135673,6792,119304,0,0,7709,125183,4738,64822,7710,190005,California
Alameda,2021-02-13,7786,262763,4048,139721,3738,123042,0,0,5835,129072,1949,66771,5838,195843,California
Alameda,2021-02-14,4030,266793,2541,142262,1489,124531,0,0,2871,130789,1156,67927,2873,198716,California
Alameda,2021-02-15,5685,272478,3215,145477,2470,127001,0,0,3691,132489,1992,69919,3692,202408,California
Alameda,2021-02-16,12456,284934,6910,152387,5546,132547,0,0,9288,138620,3160,73079,9291,211699,California
Alameda,2021-02-17,14054,298988,8305,160692,5749,138296,0,0,10452,145488,3585,76664,10453,222152,California
Alameda,2021-02-18,15751,314739,9986,170678,5765,144061,0,0,11450,152641,4298,80962,11451,233603,California
Alameda,2021-02-19,17450,332189,11336,182014,6114,150175,0,0,11591,158387,5845,86807,11591,245194,California
Alameda,2021-02-20,11756,343945,9511,191525,2245,152420,0,0,9061,164757,2693,89500,9063,254257,California
Alameda,2021-02-21,6127,350072,5196,196721,931,153351,0,0,3692,166021,2428,91928,3692,257949,California
Alameda,2021-02-22,10617,360689,7832,204553,2785,156136,0,0,6724,168878,3877,95805,6734,264683,California
Alameda,2021-02-23,12681,373370,7696,212249,4985,161121,0,0,7905,172021,4769,100574,7912,272595,California
Alameda,2021-02-24,14577,387947,8175,220424,6402,167523,0,0,9476,176424,5079,105653,9482,282077,California
Alameda,2021-02-25,15525,403472,9102,229526,6423,173946,0,0,9880,180698,5617,111270,9891,291968,California
Alameda,2021-02-26,17997,421469,10581,240107,7416,181362,0,0,11642,186034,6311,117581,11647,303615,California
Alameda,2021-02-27,14650,436119,10770,250877,3878,185240,2,2,9067,189547,5559,123140,9072,312687,California
Alameda,2021-02-28,9133,445252,7702,258579,1431,186671,0,2,6080,192595,3034,126174,6082,318769,California
Alameda,2021-03-01,13156,458408,9147,267726,4009,190680,0,2,8165,195809,4954,131128,8168,326937,California
Alameda,2021-03-02,13610,472018,9490,277216,4120,194800,0,2,8764,199753,4828,135956,8772,335709,California
Alameda,2021-03-03,13987,486005,9096,286312,4891,199691,0,2,9448,204688,4514,140470,9449,345158,California
Alameda,2021-03-04,15463,501468,9701,296013,5762,205453,0,2,9521,208315,5906,146376,9533,354691,California
Alameda,2021-03-05,14003,515471,8763,304776,5235,210688,5,7,9400,213161,4568,150944,9414,364105,California
Alameda,2021-03-06,13383,528854,9643,314419,3488,214176,252,259,8829,217737,4517,155461,9093,373198,California
Alameda,2021-03-07,9296,538150,8071,322490,1148,215324,77,336,6590,221721,2685,158146,6669,379867,California
Alameda,2021-03-08,11396,549546,7071,329561,4026,219350,299,635,8585,227851,2763,160909,8893,388760,California
Alameda,2021-03-09,11273,560819,6930,336491,3910,223260,433,1068,6271,229590,4971,165880,6710,395470,California
Alameda,2021-03-10,16216,577035,10994,347485,4684,227944,538,1606,7298,228525,8901,174781,7836,403306,California
Alameda,2021-03-11,18957,595992,10985,358470,6511,234455,1461,3067,6510,224079,12423,187204,7977,411283,California
Alameda,2021-03-12,18930,614922,11122,369592,6540,240995,1268,4335,6663,219769,12248,199452,7938,419221,California
Alameda,2021-03-13,13756,628678,8801,378393,4009,245004,946,5281,4554,216100,9170,208622,5501,424722,California
Alameda,2021-03-14,10165,638843,7625,386018,1763,246767,777,6058,4503,215727,5648,214270,5275,429997,California
Alameda,2021-03-15,14401,653244,9348,395366,4526,251293,527,6585,6499,214877,7874,222144,7024,437021,California
Alameda,2021-03-16,17279,670523,11136,406502,5596,256889,547,7132,7708,213626,9510,231654,8259,445280,California
Alameda,2021-03-17,17035,687558,9646,416148,6725,263614,664,7796,8004,213294,9005,240659,8673,453953,California
Alameda,2021-03-18,15854,703412,8681,424829,6373,269987,800,8596,7102,212474,8728,249387,7908,461861,California
Alameda,2021-03-19,16445,719857,9048,433877,6000,275987,1397,9993,6604,210679,9806,259193,8011,469872,California
Alameda,2021-03-20,10850,730707,7235,441112,2959,278946,656,10649,4695,209899,6134,265327,5354,475226,California
Alameda,2021-03-21,8782,739489,6803,447915,1442,280388,537,11186,3718,209100,5055,270382,4256,479482,California
Alameda,2021-03-22,15083,754572,10102,458017,3995,284383,986,12172,7418,209872,7645,278027,8417,487899,California
Alameda,2021-03-23,19062,773634,11534,469551,6742,291125,786,12958,10762,213186,8261,286288,11575,499474,California
Alameda,2021-03-24,18965,792599,11523,481074,6456,297581,986,13944,8750,213038,10163,296451,10015,509489,California
Alameda,2021-03-25,20355,812954,11396,492470,7650,305231,1309,15253,9729,214222,10571,307022,11755,521244,California
Alameda,2021-03-26,20848,833802,12465,504935,6873,312104,1510,16763,9107,214016,11700,318722,11494,532738,California
Alameda,2021-03-27,18143,851945,12295,517230,4903,317007,945,17708,7828,212933,10268,328990,9185,541923,California
Alameda,2021-03-28,10545,862490,8518,525748,1818,318825,209,17917,3934,210540,6599,335589,4206,546129,California
Alameda,2021-03-29,14798,877288,9400,535148,4448,323273,950,18867,6504,209822,8261,343850,7543,553672,California
Alameda,2021-03-30,18663,895951,9838,544986,7187,330460,1638,20505,11162,215201,7481,351331,12860,566532,California
Alameda,2021-03-31,19203,915154,10249,555235,6908,337368,2046,22551,9808,217891,9375,360706,12065,578597,California
Alameda,2021-04-01,22839,937993,10082,565317,7459,344827,5298,27849,11187,223213,11626,372332,16948,595545,California
Alameda,2021-04-02,23602,961595,10018,575335,8262,353089,5322,33171,12022,229476,11556,383888,17819,613364,California
Alameda,2021-04-03,20030,981625,9797,585132,5642,358731,4591,37762,10353,235330,9658,393546,15512,628876,California
Alameda,2021-04-04,9611,991236,3846,588978,2316,361047,3449,41211,3546,236302,6062,399608,7034,635910,California
Alameda,2021-04-05,15796,1007032,5940,594918,5554,366601,4302,45513,6166,237243,9615,409223,10556,646466,California
Alameda,2021-04-06,14931,1021963,7337,602255,4559,371160,3035,48548,7286,240022,7618,416841,10397,656863,California
Alpine,2020-12-18,2,2,2,2,0,0,0,0,2,2,0,0,2,2,California
Alpine,2020-12-19,2,4,2,4,0,0,0,0,2,4,0,0,2,4,California
Alpine,2020-12-21,2,6,2,6,0,0,0,0,2,6,0,0,2,6,California
Alpine,2020-12-30,15,21,0,6,15,15,0,0,15,21,0,0,15,21,California
Alpine,2020-12-31,1,22,0,6,1,16,0,0,1,22,0,0,1,22,California
Alpine,2021-01-01,1,23,0,6,1,17,0,0,1,23,0,0,1,23,California
Alpine,2021-01-02,1,24,1,7,0,17,0,0,1,24,0,0,1,24,California
Alpine,2021-01-04,10,34,0,7,10,27,0,0,10,34,0,0,10,34,California
Alpine,2021-01-05,9,43,1,8,8,35,0,0,9,43,0,0,9,43,California
Alpine,2021-01-06,31,74,0,8,31,66,0,0,31,74,0,0,31,74,California
Alpine,2021-01-07,8,82,0,8,8,74,0,0,8,82,0,0,8,82,California
Alpine,2021-01-08,4,86,2,10,2,76,0,0,2,82,2,2,2,84,California
Alpine,2021-01-09,2,88,2,12,0,76,0,0,0,80,2,4,0,84,California
Alpine,2021-01-11,32,120,1,13,31,107,0,0,31,110,1,5,31,115,California
Alpine,2021-01-13,35,155,0,13,35,142,0,0,35,145,0,5,35,150,California
Alpine,2021-01-14,2,157,0,13,2,144,0,0,2,147,0,5,2,152,California
Alpine,2021-01-15,1,158,0,13,1,145,0,0,1,148,0,5,1,153,California
Alpine,2021-01-20,21,179,0,13,21,166,0,0,21,169,0,5,21,174,California
Alpine,2021-01-21,3,182,0,13,3,169,0,0,3,172,0,5,3,177,California
Alpine,2021-01-22,32,214,0,13,32,201,0,0,32,204,0,5,32,209,California
Alpine,2021-01-23,1,215,1,14,0,201,0,0,0,203,1,6,0,209,California
Alpine,2021-01-25,16,231,0,14,16,217,0,0,16,219,0,6,16,225,California
Alpine,2021-01-27,1,232,1,15,0,217,0,0,0,218,1,7,0,225,California
Alpine,2021-01-28,12,244,0,15,12,229,0,0,11,228,1,8,11,236,California
Alpine,2021-01-29,1,245,0,15,1,230,0,0,1,229,0,8,1,237,California
Alpine,2021-02-01,26,271,0,15,26,256,0,0,7,217,19,27,7,244,California
Alpine,2021-02-03,34,305,0,15,34,290,0,0,10,203,24,51,10,254,California
Alpine,2021-02-04,9,314,0,15,9,299,0,0,4,202,5,56,4,258,California
Alpine,2021-02-05,31,345,0,15,31,330,0,0,12,195,19,75,12,270,California
Alpine,2021-02-06,1,346,1,16,0,330,0,0,1,196,0,75,1,271,California
Alpine,2021-02-07,1,347,1,17,0,330,0,0,1,197,0,75,1,272,California
Alpine,2021-02-08,32,379,0,17,32,362,0,0,4,173,28,103,4,276,California
Alpine,2021-02-10,34,413,0,17,34,396,0,0,0,139,34,137,0,276,California
Alpine,2021-02-11,8,421,0,17,8,404,0,0,5,141,3,140,5,281,California
Alpine,2021-02-12,1,422,0,17,1,405,0,0,0,140,1,141,0,281,California
Alpine,2021-02-17,24,446,1,18,23,428,0,0,4,124,20,161,4,285,California
Alpine,2021-02-18,4,450,0,18,4,432,0,0,1,122,3,164,1,286,California
Alpine,2021-02-19,34,484,1,19,33,465,0,0,2,92,32,196,2,288,California
Alpine,2021-02-22,28,512,0,19,28,493,0,0,9,82,19,215,9,297,California
Alpine,2021-02-25,17,529,1,20,16,509,0,0,6,77,11,226,6,303,California
Alpine,2021-02-26,29,558,1,21,28,537,0,0,28,104,1,227,28,331,California
Alpine,2021-03-01,35,593,0,21,35,572,0,0,25,119,10,237,25,356,California
Alpine,2021-03-02,1,594,1,22,0,572,0,0,0,118,1,238,0,356,California
Alpine,2021-03-03,30,624,1,23,29,601,0,0,18,124,12,250,18,374,California
Alpine,2021-03-04,13,637,1,24,12,613,0,0,12,135,1,251,12,386,California
Alpine,2021-03-05,30,667,0,24,30,643,0,0,22,149,8,259,22,408,California
Alpine,2021-03-08,28,695,0,24,28,671,0,0,26,173,2,261,26,434,California
Alpine,2021-03-09,1,696,0,24,1,672,0,0,1,174,0,261,1,435,California
Alpine,2021-03-10,76,772,1,25,75,747,0,0,75,248,1,262,75,510,California
Alpine,2021-03-11,37,809,0,25,37,784,0,0,32,276,4,266,32,542,California
Alpine,2021-03-12,22,831,0,25,22,806,0,0,19,292,3,269,19,561,California
Alpine,2021-03-15,20,851,0,25,20,826,0,0,19,310,1,270,19,580,California
Alpine,2021-03-17,22,873,0,25,21,847,1,1,18,325,4,274,19,599,California
Alpine,2021-03-18,38,911,1,26,37,884,0,1,36,359,2,276,36,635,California
Alpine,2021-03-19,3,914,2,28,1,885,0,1,2,360,1,277,2,637,California
Alpine,2021-03-22,25,939,0,28,25,910,0,1,15,365,10,287,15,652,California
Alpine,2021-03-24,19,958,0,28,19,929,0,1,9,364,10,297,9,661,California
Alpine,2021-03-25,39,997,1,29,37,966,1,2,32,390,7,304,33,694,California
Alpine,2021-03-29,19,1016,0,29,18,984,1,3,2,376,17,321,3,697,California
Alpine,2021-03-31,2,1018,1,30,1,985,0,3,1,376,1,322,1,698,California
Alpine,2021-04-01,18,1036,0,30,18,1003,0,3,8,374,10,332,8,706,California
Alpine,2021-04-02,74,1110,0,30,74,1077,0,3,34,368,40,372,34,740,California
Alpine,2021-04-04,1,1111,1,31,0,1077,0,3,1,369,0,372,1,741,California
Amador,2020-12-16,2,2,2,2,0,0,0,0,2,2,0,0,2,2,California
Amador,2020-12-17,5,7,5,7,0,0,0,0,5,7,0,0,5,7,California
Amador,2020-12-18,44,51,44,51,0,0,0,0,44,51,0,0,44,51,California
Amador,2020-12-19,17,68,17,68,0,0,0,0,17,68,0,0,17,68,California
Amador,2020-12-20,4,72,4,72,0,0,0,0,4,72,0,0,4,72,California
Amador,2020-12-21,33,105,33,105,0,0,0,0,33,105,0,0,33,105,California
Amador,2020-12-22,35,140,34,139,1,1,0,0,35,140,0,0,35,140,California
Amador,2020-12-23,39,179,38,177,1,2,0,0,39,179,0,0,39,179,California
Amador,2020-12-24,5,184,3,180,2,4,0,0,5,184,0,0,5,184,California
Amador,2020-12-26,6,190,5,185,1,5,0,0,6,190,0,0,6,190,California
Amador,2020-12-27,1,191,0,185,1,6,0,0,1,191,0,0,1,191,California
Amador,2020-12-28,31,222,27,212,4,10,0,0,31,222,0,0,31,222,California
Amador,2020-12-29,26,248,19,231,7,17,0,0,26,248,0,0,26,248,California
Amador,2020-12-30,121,369,75,306,46,63,0,0,121,369,0,0,121,369,California
Amador,2020-12-31,192,561,167,473,25,88,0,0,192,561,0,0,192,561,California
Amador,2021-01-01,1,562,0,473,1,89,0,0,1,562,0,0,1,562,California
Amador,2021-01-02,56,618,56,529,0,89,0,0,56,618,0,0,56,618,California
Amador,2021-01-03,65,683,17,546,48,137,0,0,65,683,0,0,65,683,California
Amador,2021-01-04,125,808,1,547,124,261,0,0,124,806,1,1,124,807,California
Amador,2021-01-05,33,841,3,550,30,291,0,0,32,837,1,2,32,839,California
Amador,2021-01-06,39,880,10,560,29,320,0,0,35,868,4,6,35,874,California
Amador,2021-01-07,227,1107,68,628,159,479,0,0,215,1071,12,18,215,1089,California
Amador,2021-01-08,84,1191,70,698,14,493,0,0,40,1068,44,62,41,1130,California
Amador,2021-01-09,11,1202,11,709,0,493,0,0,2,1061,9,71,2,1132,California
Amador,2021-01-10,7,1209,5,714,2,495,0,0,3,1060,4,75,3,1135,California
Amador,2021-01-11,124,1333,44,758,80,575,0,0,89,1114,35,110,89,1224,California
Amador,2021-01-12,62,1395,48,806,14,589,0,0,39,1130,23,133,39,1263,California
Amador,2021-01-13,39,1434,25,831,14,603,0,0,26,1143,13,146,26,1289,California
Amador,2021-01-14,146,1580,20,851,126,729,0,0,136,1269,10,156,136,1425,California
Amador,2021-01-15,56,1636,23,874,33,762,0,0,49,1311,7,163,49,1474,California
Amador,2021-01-16,19,1655,12,886,7,769,0,0,13,1319,6,169,14,1488,California
Amador,2021-01-17,25,1680,5,891,20,789,0,0,25,1344,0,169,25,1513,California
Amador,2021-01-18,31,1711,27,918,4,793,0,0,9,1331,22,191,9,1522,California
Amador,2021-01-19,120,1831,96,1014,24,817,0,0,77,1365,43,234,77,1599,California
Amador,2021-01-20,181,2012,32,1046,149,966,0,0,166,1517,14,248,166,1765,California
Amador,2021-01-21,252,2264,221,1267,31,997,0,0,143,1551,109,357,143,1908,California
Amador,2021-01-22,133,2397,71,1338,62,1059,0,0,127,1672,6,363,127,2035,California
Amador,2021-01-23,52,2449,32,1370,20,1079,0,0,50,1720,2,365,50,2085,California
Amador,2021-01-24,29,2478,12,1382,17,1096,0,0,26,1743,3,368,26,2111,California
Amador,2021-01-25,57,2535,28,1410,29,1125,0,0,40,1766,17,385,40,2151,California
Amador,2021-01-26,242,2777,16,1426,226,1351,0,0,232,1988,10,395,232,2383,California
Amador,2021-01-27,296,3073,29,1455,267,1618,0,0,249,2193,45,440,250,2633,California
Amador,2021-01-28,343,3416,73,1528,270,1888,0,0,282,2415,61,501,283,2916,California
Amador,2021-01-29,96,3512,30,1558,66,1954,0,0,81,2481,15,516,81,2997,California
Amador,2021-01-30,166,3678,32,1590,134,2088,0,0,161,2637,5,521,161,3158,California
Amador,2021-01-31,32,3710,28,1618,4,2092,0,0,31,2667,1,522,31,3189,California
Amador,2021-02-01,62,3772,23,1641,39,2131,0,0,35,2675,27,549,35,3224,California
Amador,2021-02-02,216,3988,65,1706,151,2282,0,0,128,2718,85,634,128,3352,California
Amador,2021-02-03,142,4130,38,1744,104,2386,0,0,91,2759,50,684,91,3443,California
Amador,2021-02-04,248,4378,70,1814,178,2564,0,0,163,2839,85,769,165,3608,California
Amador,2021-02-05,326,4704,60,1874,266,2830,0,0,311,3135,15,784,311,3919,California
Amador,2021-02-06,101,4805,81,1955,20,2850,0,0,97,3228,4,788,97,4016,California
Amador,2021-02-07,38,4843,35,1990,3,2853,0,0,35,3260,3,791,35,4051,California
Amador,2021-02-08,91,4934,63,2053,28,2881,0,0,73,3315,18,809,73,4124,California
Amador,2021-02-09,171,5105,82,2135,89,2970,0,0,108,3360,63,872,108,4232,California
Amador,2021-02-10,717,5822,77,2212,640,3610,0,0,685,4013,32,904,685,4917,California
Amador,2021-02-11,308,6130,120,2332,188,3798,0,0,203,4112,104,1008,203,5120,California
Amador,2021-02-12,326,6456,118,2450,208,4006,0,0,253,4292,73,1081,253,5373,California
Amador,2021-02-13,163,6619,78,2528,85,4091,0,0,137,4403,26,1107,137,5510,California
Amador,2021-02-14,123,6742,54,2582,69,4160,0,0,106,4492,17,1124,106,5616,California
Amador,2021-02-15,185,6927,60,2642,125,4285,0,0,168,4644,16,1140,168,5784,California
Amador,2021-02-16,410,7337,52,2694,358,4643,0,0,371,4977,39,1179,372,6156,California
Amador,2021-02-17,264,7601,83,2777,181,4824,0,0,168,5049,96,1275,168,6324,California
Amador,2021-02-18,400,8001,99,2876,301,5125,0,0,339,5328,61,1336,340,6664,California
Amador,2021-02-19,191,8192,74,2950,117,5242,0,0,109,5356,82,1418,110,6774,California
Amador,2021-02-20,91,8283,27,2977,64,5306,0,0,63,5391,28,1446,63,6837,California
Amador,2021-02-21,47,8330,35,3012,12,5318,0,0,17,5378,30,1476,17,6854,California
Amador,2021-02-22,64,8394,25,3037,39,5357,0,0,33,5381,30,1506,33,6887,California
Amador,2021-02-23,320,8714,57,3094,263,5620,0,0,139,5342,181,1687,142,7029,California
Amador,2021-02-24,396,9110,53,3147,343,5963,0,0,268,5486,124,1811,268,7297,California
Amador,2021-02-25,517,9627,108,3255,409,6372,0,0,279,5529,236,2047,279,7576,California
Amador,2021-02-26,603,10230,75,3330,528,6900,0,0,503,5934,99,2146,504,8080,California
Amador,2021-02-27,287,10517,92,3422,195,7095,0,0,100,5853,186,2332,105,8185,California
Amador,2021-02-28,102,10619,52,3474,50,7145,0,0,57,5868,45,2377,60,8245,California
Amador,2021-03-01,190,10809,70,3544,120,7265,0,0,125,5929,65,2442,126,8371,California
Amador,2021-03-02,389,11198,62,3606,327,7592,0,0,337,6216,52,2494,339,8710,California
Amador,2021-03-03,236,11434,78,3684,158,7750,0,0,162,6305,74,2568,163,8873,California
Amador,2021-03-04,487,11921,114,3798,373,8123,0,0,385,6590,102,2670,387,9260,California
Amador,2021-03-05,488,12409,64,3862,424,8547,0,0,278,6661,209,2879,280,9540,California
Amador,2021-03-06,90,12499,39,3901,50,8597,1,1,49,6670,41,2920,50,9590,California
Amador,2021-03-07,62,12561,44,3945,18,8615,0,1,19,6646,43,2963,19,9609,California
Amador,2021-03-08,149,12710,71,4016,77,8692,1,2,88,6675,61,3024,90,9699,California
Amador,2021-03-09,381,13091,47,4063,334,9026,0,2,320,6937,58,3082,320,10019,California
Amador,2021-03-10,515,13606,78,4141,436,9462,1,3,245,6915,270,3352,248,10267,California
Amador,2021-03-11,475,14081,115,4256,351,9813,9,12,330,7114,143,3495,342,10609,California
Amador,2021-03-12,551,14632,67,4323,478,10291,6,18,310,7221,240,3735,347,10956,California
Amador,2021-03-13,86,14718,14,4337,65,10356,7,25,30,7224,56,3791,59,11015,California
Amador,2021-03-14,64,14782,20,4357,42,10398,2,27,21,7205,43,3834,24,11039,California
Amador,2021-03-15,186,14968,22,4379,151,10549,13,40,56,7148,130,3964,73,11112,California
Amador,2021-03-16,460,15428,58,4437,394,10943,8,48,195,7089,262,4226,203,11315,California
Amador,2021-03-17,191,15619,39,4476,149,11092,3,51,117,7137,74,4300,122,11437,California
Amador,2021-03-18,454,16073,84,4560,367,11459,3,54,235,7163,218,4518,244,11681,California
Amador,2021-03-19,531,16604,47,4607,468,11927,16,70,391,7436,138,4656,411,12092,California
Amador,2021-03-20,79,16683,38,4645,41,11968,0,70,30,7419,48,4704,31,12123,California
Amador,2021-03-21,46,16729,34,4679,11,11979,1,71,29,7435,16,4720,32,12155,California
Amador,2021-03-22,117,16846,35,4714,53,12032,29,100,49,7446,67,4787,78,12233,California
Amador,2021-03-23,439,17285,49,4763,382,12414,8,108,280,7577,157,4944,288,12521,California
Amador,2021-03-24,341,17626,34,4797,54,12468,253,361,33,7555,306,5250,284,12805,California
Amador,2021-03-25,605,18231,85,4882,515,12983,5,366,391,7743,211,5461,399,13204,California
Amador,2021-03-26,735,18966,39,4921,690,13673,6,372,287,7601,447,5908,305,13509,California
Amador,2021-03-27,86,19052,14,4935,71,13744,1,373,27,7573,58,5966,30,13539,California
Amador,2021-03-28,68,19120,14,4949,52,13796,2,375,12,7531,56,6022,14,13553,California
Amador,2021-03-29,181,19301,27,4976,153,13949,1,376,79,7519,98,6120,86,13639,California
Amador,2021-03-30,162,19463,22,4998,140,14089,0,376,99,7555,63,6183,99,13738,California
Amador,2021-03-31,209,19672,57,5055,147,14236,5,381,47,7449,162,6345,56,13794,California
Amador,2021-04-01,617,20289,87,5142,530,14766,0,381,272,7389,342,6687,282,14076,California
Amador,2021-04-02,597,20886,34,5176,554,15320,9,390,383,7577,213,6900,401,14477,California
Amador,2021-04-03,73,20959,16,5192,42,15362,15,405,21,7563,52,6952,38,14515,California
Amador,2021-04-04,35,20994,3,5195,31,15393,1,406,18,7565,17,6969,19,14534,California
Amador,2021-04-05,88,21082,35,5230,50,15443,3,409,31,7544,56,7025,35,14569,California
Amador,2021-04-06,57,21139,24,5254,31,15474,2,411,16,7523,41,7066,20,14589,California
Butte,2020-12-16,3,3,3,3,0,0,0,0,3,3,0,0,3,3,California
Butte,2020-12-17,20,23,20,23,0,0,0,0,20,23,0,0,20,23,California
Butte,2020-12-18,50,73,50,73,0,0,0,0,50,73,0,0,50,73,California
Butte,2020-12-19,7,80,7,80,0,0,0,0,7,80,0,0,7,80,California
Butte,2020-12-20,10,90,10,90,0,0,0,0,10,90,0,0,10,90,California
Butte,2020-12-21,633,723,633,723,0,0,0,0,633,723,0,0,633,723,California
Butte,2020-12-22,618,1341,616,1339,2,2,0,0,618,1341,0,0,618,1341,California
Butte,2020-12-23,870,2211,854,2193,16,18,0,0,870,2211,0,0,870,2211,California
Butte,2020-12-24,160,2371,157,2350,3,21,0,0,160,2371,0,0,160,2371,California
Butte,2020-12-26,93,2464,91,2441,2,23,0,0,93,2464,0,0,93,2464,California
Butte,2020-12-27,35,2499,34,2475,1,24,0,0,35,2499,0,0,35,2499,California
Butte,2020-12-28,280,2779,274,2749,6,30,0,0,280,2779,0,0,280,2779,California
Butte,2020-12-29,204,2983,180,2929,24,54,0,0,204,2983,0,0,204,2983,California
Butte,2020-12-30,498,3481,289,3218,209,263,0,0,498,3481,0,0,498,3481,California
Butte,2020-12-31,211,3692,18,3236,193,456,0,0,211,3692,0,0,211,3692,California
Butte,2021-01-01,8,3700,1,3237,7,463,0,0,8,3700,0,0,8,3700,California
Butte,2021-01-02,37,3737,36,3273,1,464,0,0,37,3737,0,0,37,3737,California
Butte,2021-01-03,4,3741,1,3274,3,467,0,0,4,3741,0,0,4,3741,California
Butte,2021-01-04,206,3947,173,3447,33,500,0,0,206,3947,0,0,206,3947,California
Butte,2021-01-05,194,4141,151,3598,43,543,0,0,193,4139,1,1,193,4140,California
Butte,2021-01-06,623,4764,396,3994,227,770,0,0,619,4754,4,5,619,4759,California
Butte,2021-01-07,761,5525,369,4363,392,1162,0,0,742,5477,19,24,742,5501,California
Butte,2021-01-08,570,6095,529,4892,41,1203,0,0,524,5955,46,70,524,6025,California
Butte,2021-01-09,12,6107,7,4899,5,1208,0,0,7,5957,5,75,7,6032,California
Butte,2021-01-10,19,6126,5,4904,14,1222,0,0,14,5966,5,80,14,6046,California
Butte,2021-01-11,987,7113,951,5855,36,1258,0,0,358,5698,629,709,361,6407,California
Butte,2021-01-12,697,7810,652,6507,45,1303,0,0,274,5549,423,1132,274,6681,California
Butte,2021-01-13,1449,9259,955,7462,494,1797,0,0,614,5330,835,1967,616,7297,California
Butte,2021-01-14,1638,10897,898,8360,740,2537,0,0,1441,6575,196,2163,1441,8738,California
Butte,2021-01-15,1169,12066,926,9286,243,2780,0,0,1059,7523,111,2274,1059,9797,California
Butte,2021-01-16,586,12652,300,9586,286,3066,0,0,541,8019,45,2319,541,10338,California
Butte,2021-01-17,240,12892,64,9650,176,3242,0,0,203,8185,37,2356,203,10541,California
Butte,2021-01-18,343,13235,302,9952,41,3283,0,0,275,8393,67,2423,275,10816,California
Butte,2021-01-19,489,13724,426,10378,63,3346,0,0,216,8339,273,2696,219,11035,California
Butte,2021-01-20,1346,15070,664,11042,682,4028,0,0,1045,9083,301,2997,1045,12080,California
Butte,2021-01-21,1475,16545,867,11909,608,4636,0,0,1369,10347,105,3102,1369,13449,California
Butte,2021-01-22,990,17535,333,12242,657,5293,0,0,937,11231,53,3155,937,14386,California
Butte,2021-01-23,123,17658,82,12324,41,5334,0,0,98,11304,25,3180,98,14484,California
Butte,2021-01-24,8,17666,6,12330,2,5336,0,0,8,11312,0,3180,8,14492,California
Butte,2021-01-25,650,18316,334,12664,316,5652,0,0,488,11638,162,3342,488,14980,California
Butte,2021-01-26,1460,19776,376,13040,1084,6736,0,0,1323,12825,137,3479,1324,16304,California
Butte,2021-01-27,2075,21851,704,13744,1371,8107,0,0,1360,13470,715,4194,1360,17664,California
Butte,2021-01-28,2256,24107,259,14003,1997,10104,0,0,1947,15109,308,4502,1947,19611,California
Butte,2021-01-29,1672,25779,487,14490,1185,11289,0,0,1292,16023,378,4880,1292,20903,California
Butte,2021-01-30,32,25811,10,14500,22,11311,0,0,29,16049,3,4883,29,20932,California
Butte,2021-01-31,16,25827,14,14514,2,11313,0,0,15,16063,1,4884,15,20947,California
Butte,2021-02-01,1739,27566,405,14919,1334,12647,0,0,1354,17035,383,5267,1355,22302,California
Butte,2021-02-02,1932,29498,363,15282,1569,14216,0,0,1627,18358,305,5572,1628,23930,California
Butte,2021-02-03,2732,32230,773,16055,1959,16175,0,0,1841,19310,889,6461,1841,25771,California
Butte,2021-02-04,2956,35186,325,16380,2631,18806,0,0,2400,21156,554,7015,2400,28171,California
Butte,2021-02-05,1167,36353,661,17041,506,19312,0,0,540,21069,627,7642,540,28711,California
Butte,2021-02-06,143,36496,102,17143,41,19353,0,0,61,21048,82,7724,61,28772,California
Butte,2021-02-07,39,36535,35,17178,4,19357,0,0,15,21039,24,7748,15,28787,California
Butte,2021-02-08,691,37226,540,17718,151,19508,0,0,241,20830,450,8198,241,29028,California
Butte,2021-02-09,950,38176,456,18174,494,20002,0,0,723,21326,227,8425,723,29751,California
Butte,2021-02-10,1706,39882,1190,19364,516,20518,0,0,697,21015,1008,9433,697,30448,California
Butte,2021-02-11,2199,42081,1351,20715,848,21366,0,0,1005,20827,1194,10627,1006,31454,California
Butte,2021-02-12,860,42941,298,21013,562,21928,0,0,313,20594,546,11173,313,31767,California
Butte,2021-02-13,246,43187,45,21058,201,22129,0,0,145,20637,102,11275,145,31912,California
Butte,2021-02-14,160,43347,11,21069,149,22278,0,0,155,20787,5,11280,155,32067,California
Butte,2021-02-15,258,43605,47,21116,211,22489,0,0,196,20921,62,11342,196,32263,California
Butte,2021-02-16,735,44340,433,21549,302,22791,0,0,278,20742,457,11799,278,32541,California
Butte,2021-02-17,1507,45847,843,22392,664,23455,0,0,834,20905,671,12470,834,33375,California
Butte,2021-02-18,1549,47396,754,23146,795,24250,0,0,745,20846,804,13274,745,34120,California
Butte,2021-02-19,1168,48564,389,23535,779,25029,0,0,404,20491,759,14033,404,34524,California
Butte,2021-02-20,477,49041,33,23568,444,25473,0,0,122,20259,354,14387,122,34646,California
Butte,2021-02-21,14,49055,12,23580,2,25475,0,0,10,20265,4,14391,10,34656,California
Butte,2021-02-22,1489,50544,293,23873,1196,26671,0,0,388,19553,1100,15491,388,35044,California
Butte,2021-02-23,1627,52171,300,24173,1327,27998,0,0,465,18861,1157,16648,465,35509,California
Butte,2021-02-24,2112,54283,594,24767,1518,29516,0,0,727,18210,1378,18026,727,36236,California
Butte,2021-02-25,2071,56354,579,25346,1492,31008,0,0,665,17473,1403,19429,666,36902,California
Butte,2021-02-26,924,57278,318,25664,606,31614,0,0,401,17354,520,19949,401,37303,California
Butte,2021-02-27,231,57509,43,25707,188,31802,0,0,184,17493,45,19994,184,37487,California
Butte,2021-02-28,141,57650,19,25726,122,31924,0,0,131,17614,10,20004,131,37618,California
Butte,2021-03-01,1526,59176,175,25901,1351,33275,0,0,321,16732,1204,21208,322,37940,California
Butte,2021-03-02,1662,60838,191,26092,1471,34746,0,0,300,15673,1359,22567,300,38240,California
Butte,2021-03-03,2603,63441,814,26906,1789,36535,0,0,445,13962,2157,24724,446,38686,California
Butte,2021-03-04,3001,66442,660,27566,2341,38876,0,0,600,12162,2400,27124,600,39286,California
Butte,2021-03-05,1298,67740,599,28165,698,39574,1,1,700,12264,599,27723,701,39987,California
Butte,2021-03-06,198,67938,30,28195,147,39721,21,22,145,12377,53,27776,166,40153,California
Butte,2021-03-07,61,67999,9,28204,35,39756,17,39,32,12397,29,27805,49,40202,California
Butte,2021-03-08,1233,69232,132,28336,1033,40789,68,107,1081,13397,150,27955,1150,41352,California
Butte,2021-03-09,1871,71103,278,28614,1490,42279,103,210,1384,14398,486,28441,1487,42839,California
Butte,2021-03-10,2216,73319,934,29548,1234,43513,48,258,1541,15317,670,29111,1589,44428,California
Butte,2021-03-11,2694,76013,1272,30820,1314,44827,108,366,1899,16540,785,29896,2008,46436,California
Butte,2021-03-12,955,76968,285,31105,401,45228,269,635,330,16518,620,30516,598,47034,California
Butte,2021-03-13,191,77159,54,31159,92,45320,45,680,59,16490,132,30648,104,47138,California
Butte,2021-03-14,120,77279,14,31173,65,45385,41,721,20,16451,100,30748,61,47199,California
Butte,2021-03-15,1674,78953,349,31522,1053,46438,272,993,1107,17266,564,31312,1379,48578,California
Butte,2021-03-16,1608,80561,411,31933,1125,47563,72,1065,1071,17875,534,31846,1143,49721,California
Butte,2021-03-17,1873,82434,1332,33265,466,48029,75,1140,1082,18246,786,32632,1157,50878,California
Butte,2021-03-18,1521,83955,1205,34470,202,48231,114,1254,881,18604,637,33269,995,51873,California
Butte,2021-03-19,542,84497,242,34712,230,48461,70,1324,256,18650,281,33550,327,52200,California
Butte,2021-03-20,159,84656,30,34742,114,48575,15,1339,75,18657,83,33633,90,52290,California
Butte,2021-03-21,64,84720,29,34771,6,48581,29,1368,22,18666,42,33675,51,52341,California
Butte,2021-03-22,1441,86161,342,35113,1010,49591,89,1457,1183,19684,255,33930,1273,53614,California
Butte,2021-03-23,1751,87912,451,35564,1194,50785,106,1563,1419,20877,331,34261,1524,55138,California
Butte,2021-03-24,2169,90081,1204,36768,852,51637,113,1676,1649,22124,516,34777,1763,56901,California
Butte,2021-03-25,1435,91516,1145,37913,197,51834,93,1769,966,22717,467,35244,1060,57961,California
Butte,2021-03-26,1194,92710,428,38341,525,52359,241,2010,552,22882,634,35878,799,58760,California
Butte,2021-03-27,323,93033,90,38431,208,52567,25,2035,147,22883,174,36052,175,58935,California
Butte,2021-03-28,223,93256,46,38477,170,52737,7,2042,96,22861,124,36176,102,59037,California
Butte,2021-03-29,1685,94941,350,38827,1266,54003,69,2111,1268,23786,412,36588,1337,60374,California
Butte,2021-03-30,999,95940,451,39278,460,54463,88,2199,459,23801,535,37123,550,60924,California
Butte,2021-03-31,1705,97645,1236,40514,404,54867,65,2264,1053,24302,650,37773,1151,62075,California
Butte,2021-04-01,3209,100854,2607,43121,473,55340,129,2393,2157,25559,1043,38816,2300,64375,California
Butte,2021-04-02,960,101814,396,43517,442,55782,122,2515,541,25820,407,39223,668,65043,California
Butte,2021-04-03,347,102161,55,43572,209,55991,83,2598,163,25888,183,39406,251,65294,California
Butte,2021-04-04,159,102320,18,43590,120,56111,21,2619,93,25940,65,39471,117,65411,California
Butte,2021-04-05,1821,104141,346,43936,1368,57479,107,2726,558,25369,1257,40728,686,66097,California
Butte,2021-04-06,1348,105489,455,44391,791,58270,102,2828,475,25081,869,41597,581,66678,California
Calaveras,2020-12-16,5,5,5,5,0,0,0,0,5,5,0,0,5,5,California
Calaveras,2020-12-17,3,8,3,8,0,0,0,0,3,8,0,0,3,8,California
Calaveras,2020-12-18,38,46,38,46,0,0,0,0,38,46,0,0,38,46,California
Calaveras,2020-12-19,3,49,3,49,0,0,0,0,3,49,0,0,3,49,California
Calaveras,2020-12-20,3,52,3,52,0,0,0,0,3,52,0,0,3,52,California
Calaveras,2020-12-21,55,107,48,100,7,7,0,0,55,107,0,0,55,107,California
Calaveras,2020-12-22,81,188,77,177,4,11,0,0,82,189,0,0,82,189,California
Calaveras,2020-12-23,77,265,75,252,2,13,0,0,86,275,0,0,86,275,California
Calaveras,2020-12-24,2,267,2,254,0,13,0,0,2,277,0,0,2,277,California
Calaveras,2020-12-26,3,270,3,257,0,13,0,0,3,280,0,0,3,280,California
Calaveras,2020-12-28,22,292,18,275,4,17,0,0,21,300,1,1,21,301,California
Calaveras,2020-12-29,166,458,147,422,19,36,0,0,166,466,0,1,166,467,California
Calaveras,2020-12-30,94,552,82,504,12,48,0,0,94,560,0,1,94,561,California
Calaveras,2020-12-31,36,588,26,530,10,58,0,0,36,596,0,1,36,597,California
Calaveras,2021-01-02,11,599,11,541,0,58,0,0,11,607,0,1,11,608,California
Calaveras,2021-01-03,8,607,3,544,5,63,0,0,8,615,0,1,8,616,California
Calaveras,2021-01-04,33,640,5,549,28,91,0,0,33,648,0,1,33,649,California
Calaveras,2021-01-05,39,679,9,558,30,121,0,0,38,683,3,4,38,687,California
Calaveras,2021-01-06,109,788,30,588,79,200,0,0,99,772,10,14,99,786,California
Calaveras,2021-01-07,108,896,27,615,81,281,0,0,95,856,12,26,96,882,California
Calaveras,2021-01-08,68,964,37,652,31,312,0,0,46,881,22,48,47,929,California
Calaveras,2021-01-09,6,970,6,658,0,312,0,0,2,879,4,52,2,931,California
Calaveras,2021-01-10,2,972,0,658,2,314,0,0,2,881,0,52,2,933,California
Calaveras,2021-01-11,63,1035,58,716,5,319,0,0,28,875,34,86,28,961,California
Calaveras,2021-01-12,87,1122,54,770,33,352,0,0,54,896,33,119,54,1015,California
Calaveras,2021-01-13,107,1229,43,813,64,416,0,0,74,938,33,152,75,1090,California
Calaveras,2021-01-14,137,1366,41,854,96,512,0,0,102,1006,34,186,102,1192,California
Calaveras,2021-01-15,112,1478,51,905,61,573,0,0,85,1065,27,213,86,1278,California
Calaveras,2021-01-16,13,1491,2,907,11,584,0,0,12,1076,1,214,12,1290,California
Calaveras,2021-01-17,10,1501,1,908,9,593,0,0,10,1086,0,214,10,1300,California
Calaveras,2021-01-18,132,1633,20,928,112,705,0,0,119,1195,13,227,122,1422,California
Calaveras,2021-01-19,200,1833,172,1100,28,733,0,0,60,1117,138,365,60,1482,California
Calaveras,2021-01-20,393,2226,79,1179,314,1047,0,0,309,1351,83,448,317,1799,California
Calaveras,2021-01-21,462,2688,40,1219,422,1469,0,0,435,1765,27,475,441,2240,California
Calaveras,2021-01-22,430,3118,22,1241,408,1877,0,0,420,2182,10,485,427,2667,California
Calaveras,2021-01-23,23,3141,10,1251,13,1890,0,0,19,2197,4,489,19,2686,California
Calaveras,2021-01-24,16,3157,9,1260,7,1897,0,0,14,2209,2,491,14,2700,California
Calaveras,2021-01-25,121,3278,7,1267,114,2011,0,0,116,2320,5,496,116,2816,California
Calaveras,2021-01-26,47,3325,17,1284,30,2041,0,0,37,2347,10,506,37,2853,California
Calaveras,2021-01-27,160,3485,44,1328,116,2157,0,0,133,2454,26,532,133,2986,California
Calaveras,2021-01-28,165,3650,22,1350,143,2300,0,0,141,2574,24,556,144,3130,California
Calaveras,2021-01-29,444,4094,34,1384,410,2710,0,0,424,2985,20,576,431,3561,California
Calaveras,2021-01-30,28,4122,10,1394,18,2728,0,0,26,3011,0,576,26,3587,California
Calaveras,2021-01-31,5,4127,2,1396,3,2731,0,0,4,3014,1,577,4,3591,California
Calaveras,2021-02-01,55,4182,41,1437,14,2745,0,0,36,3031,19,596,36,3627,California
Calaveras,2021-02-02,110,4292,25,1462,85,2830,0,0,71,3064,39,635,72,3699,California
Calaveras,2021-02-03,442,4734,43,1505,399,3229,0,0,358,3340,83,718,359,4058,California
Calaveras,2021-02-04,380,5114,24,1529,356,3585,0,0,296,3554,82,800,296,4354,California
Calaveras,2021-02-05,80,5194,22,1551,58,3643,0,0,41,3558,39,839,43,4397,California
Calaveras,2021-02-06,22,5216,13,1564,9,3652,0,0,22,3580,0,839,22,4419,California
Calaveras,2021-02-07,4,5220,1,1565,3,3655,0,0,2,3580,2,841,2,4421,California
Calaveras,2021-02-08,36,5256,18,1583,18,3673,0,0,28,3602,7,848,29,4450,California
Calaveras,2021-02-09,210,5466,93,1676,117,3790,0,0,147,3692,57,905,147,4597,California
Calaveras,2021-02-10,507,5973,28,1704,479,4269,0,0,441,4068,66,971,442,5039,California
Calaveras,2021-02-11,580,6553,75,1779,505,4774,0,0,473,4437,105,1076,474,5513,California
Calaveras,2021-02-12,565,7118,323,2102,242,5016,0,0,492,4858,72,1148,493,6006,California
Calaveras,2021-02-13,192,7310,37,2139,155,5171,0,0,177,5020,15,1163,177,6183,California
Calaveras,2021-02-14,215,7525,73,2212,142,5313,0,0,201,5207,14,1177,201,6384,California
Calaveras,2021-02-15,376,7901,20,2232,356,5669,0,0,258,5351,115,1292,259,6643,California
Calaveras,2021-02-16,298,8199,174,2406,124,5793,0,0,243,5539,55,1347,243,6886,California
Calaveras,2021-02-17,524,8723,35,2441,489,6282,0,0,209,5441,308,1655,210,7096,California
Calaveras,2021-02-18,492,9215,88,2529,404,6686,0,0,97,5152,386,2041,97,7193,California
Calaveras,2021-02-19,440,9655,44,2573,396,7082,0,0,99,4919,332,2373,99,7292,California
Calaveras,2021-02-20,60,9715,15,2588,45,7127,0,0,48,4955,12,2385,48,7340,California
Calaveras,2021-02-21,21,9736,12,2600,9,7136,0,0,18,4970,3,2388,18,7358,California
Calaveras,2021-02-22,65,9801,39,2639,26,7162,0,0,34,4973,31,2419,34,7392,California
Calaveras,2021-02-23,149,9950,67,2706,82,7244,0,0,100,5026,49,2468,102,7494,California
Calaveras,2021-02-24,96,10046,45,2751,51,7295,0,0,66,5062,30,2498,66,7560,California
Calaveras,2021-02-25,554,10600,99,2850,455,7750,0,0,361,5233,190,2688,361,7921,California
Calaveras,2021-02-26,669,11269,44,2894,625,8375,0,0,366,5311,290,2978,368,8289,California
Calaveras,2021-02-27,206,11475,21,2915,185,8560,0,0,182,5469,24,3002,182,8471,California
Calaveras,2021-02-28,99,11574,14,2929,85,8645,0,0,93,5557,6,3008,94,8565,California
Calaveras,2021-03-01,193,11767,59,2988,134,8779,0,0,146,5657,46,3054,146,8711,California
Calaveras,2021-03-02,243,12010,92,3080,151,8930,0,0,200,5817,41,3095,201,8912,California
Calaveras,2021-03-03,481,12491,97,3177,384,9314,0,0,188,5716,290,3385,189,9101,California
Calaveras,2021-03-04,742,13233,61,3238,681,9995,0,0,333,5649,405,3790,338,9439,California
Calaveras,2021-03-05,444,13677,269,3507,170,10165,5,5,122,5463,320,4110,134,9573,California
Calaveras,2021-03-06,135,13812,42,3549,87,10252,6,11,100,5535,35,4145,107,9680,California
Calaveras,2021-03-07,75,13887,32,3581,35,10287,8,19,30,5531,44,4189,40,9720,California
Calaveras,2021-03-08,125,14012,23,3604,95,10382,7,26,93,5602,32,4221,103,9823,California
Calaveras,2021-03-09,383,14395,153,3757,225,10607,5,31,38,5303,342,4563,43,9866,California
Calaveras,2021-03-10,407,14802,29,3786,376,10983,2,33,42,4984,363,4926,44,9910,California
Calaveras,2021-03-11,842,15644,414,4200,416,11399,12,45,413,4983,426,5352,425,10335,California
Calaveras,2021-03-12,351,15995,216,4416,126,11525,9,54,226,5140,125,5477,282,10617,California
Calaveras,2021-03-13,91,16086,17,4433,69,11594,5,59,26,5138,65,5542,63,10680,California
Calaveras,2021-03-14,89,16175,10,4443,78,11672,1,60,8,5075,80,5622,17,10697,California
Calaveras,2021-03-15,330,16505,47,4490,257,11929,26,86,51,4879,278,5900,82,10779,California
Calaveras,2021-03-16,716,17221,577,5067,119,12048,20,106,561,5311,150,6050,582,11361,California
Calaveras,2021-03-17,272,17493,45,5112,215,12263,12,118,47,5147,224,6274,60,11421,California
Calaveras,2021-03-18,649,18142,565,5677,69,12332,15,133,543,5600,106,6380,559,11980,California
Calaveras,2021-03-19,226,18368,44,5721,110,12442,72,205,54,5556,169,6549,125,12105,California
Calaveras,2021-03-20,62,18430,17,5738,45,12487,0,205,19,5533,43,6592,20,12125,California
Calaveras,2021-03-21,47,18477,30,5768,6,12493,11,216,12,5522,35,6627,24,12149,California
Calaveras,2021-03-22,81,18558,36,5804,24,12517,21,237,26,5514,55,6682,47,12196,California
Calaveras,2021-03-23,301,18859,218,6022,73,12590,10,247,123,5475,172,6854,133,12329,California
Calaveras,2021-03-24,133,18992,47,6069,76,12666,10,257,52,5456,81,6935,62,12391,California
Calaveras,2021-03-25,737,19729,101,6170,634,13300,2,259,446,5618,287,7222,449,12840,California
Calaveras,2021-03-26,427,20156,28,6198,393,13693,6,265,97,5399,327,7549,108,12948,California
Calaveras,2021-03-27,208,20364,18,6216,186,13879,4,269,33,5267,172,7721,40,12988,California
Calaveras,2021-03-28,108,20472,7,6223,99,13978,2,271,5,5173,102,7823,8,12996,California
Calaveras,2021-03-29,174,20646,19,6242,153,14131,2,273,59,5124,114,7937,65,13061,California
Calaveras,2021-03-30,541,21187,32,6274,493,14624,16,289,375,5352,164,8101,392,13453,California
Calaveras,2021-03-31,310,21497,133,6407,167,14791,10,299,158,5370,151,8252,169,13622,California
Calaveras,2021-04-01,659,22156,429,6836,229,15020,1,300,176,5075,480,8732,185,13807,California
Calaveras,2021-04-02,374,22530,225,7061,141,15161,8,308,112,4940,260,8992,125,13932,California
Calaveras,2021-04-03,118,22648,24,7085,91,15252,3,311,33,4892,85,9077,37,13969,California
Calaveras,2021-04-04,71,22719,22,7107,49,15301,0,311,45,4912,25,9102,45,14014,California
Calaveras,2021-04-05,175,22894,74,7181,99,15400,2,313,79,4912,95,9197,95,14109,California
Calaveras,2021-04-06,311,23205,306,7487,4,15404,1,314,19,4913,292,9489,293,14402,California
Colusa,2020-12-18,1,1,1,1,0,0,0,0,1,1,0,0,1,1,California
Colusa,2020-12-21,2,3,2,3,0,0,0,0,2,3,0,0,2,3,California
Colusa,2020-12-22,10,13,10,13,0,0,0,0,10,13,0,0,10,13,California
Colusa,2020-12-23,10,23,10,23,0,0,0,0,10,23,0,0,10,23,California
Colusa,2020-12-24,2,25,1,24,1,1,0,0,2,25,0,0,2,25,California
Colusa,2020-12-27,1,26,1,25,0,1,0,0,1,26,0,0,1,26,California
Colusa,2020-12-28,7,33,3,28,4,5,0,0,7,33,0,0,7,33,California
Colusa,2020-12-29,11,44,7,35,4,9,0,0,11,44,0,0,11,44,California
Colusa,2020-12-30,50,94,13,48,37,46,0,0,50,94,0,0,50,94,California
Colusa,2020-12-31,18,112,1,49,17,63,0,0,18,112,0,0,18,112,California
Colusa,2021-01-04,5,117,0,49,5,68,0,0,5,117,0,0,5,117,California
Colusa,2021-01-05,68,185,1,50,67,135,0,0,68,185,0,0,68,185,California
Colusa,2021-01-06,15,200,9,59,6,141,0,0,15,200,0,0,15,200,California
Colusa,2021-01-07,37,237,4,63,33,174,0,0,36,235,1,1,36,236,California
Colusa,2021-01-08,9,246,7,70,2,176,0,0,8,242,1,2,8,244,California
Colusa,2021-01-09,3,249,1,71,2,178,0,0,3,245,0,2,3,247,California
Colusa,2021-01-10,1,250,0,71,1,179,0,0,1,246,0,2,1,248,California
Colusa,2021-01-11,12,262,6,77,6,185,0,0,7,248,5,7,7,255,California
Colusa,2021-01-12,11,273,9,86,2,187,0,0,6,249,5,12,6,261,California
Colusa,2021-01-13,21,294,13,99,8,195,0,0,13,254,8,20,13,274,California
Colusa,2021-01-14,35,329,28,127,7,202,0,0,33,285,2,22,33,307,California
Colusa,2021-01-15,43,372,5,132,38,240,0,0,41,324,2,24,41,348,California
Colusa,2021-01-16,12,384,1,133,11,251,0,0,11,334,1,25,11,359,California
Colusa,2021-01-17,3,387,2,135,1,252,0,0,2,335,1,26,2,361,California
Colusa,2021-01-18,4,391,0,135,4,256,0,0,4,339,0,26,4,365,California
Colusa,2021-01-19,9,400,8,143,1,257,0,0,5,340,4,30,5,370,California
Colusa,2021-01-20,115,515,101,244,14,271,0,0,102,429,13,43,102,472,California
Colusa,2021-01-21,56,571,41,285,15,286,0,0,55,483,1,44,55,527,California
Colusa,2021-01-22,39,610,17,302,22,308,0,0,34,512,5,49,34,561,California
Colusa,2021-01-23,36,646,6,308,30,338,0,0,36,548,0,49,36,597,California
Colusa,2021-01-25,7,653,0,308,7,345,0,0,7,555,0,49,7,604,California
Colusa,2021-01-26,9,662,5,313,4,349,0,0,5,556,4,53,5,609,California
Colusa,2021-01-27,107,769,31,344,76,425,0,0,105,659,2,55,105,714,California
Colusa,2021-01-28,78,847,45,389,33,458,0,0,72,725,6,61,72,786,California
Colusa,2021-01-29,40,887,6,395,34,492,0,0,39,763,1,62,39,825,California
Colusa,2021-01-30,27,914,4,399,23,515,0,0,27,790,0,62,27,852,California
Colusa,2021-01-31,7,921,7,406,0,515,0,0,7,797,0,62,7,859,California
Colusa,2021-02-01,27,948,10,416,17,532,0,0,22,814,5,67,22,881,California
Colusa,2021-02-02,42,990,8,424,34,566,0,0,36,844,6,73,36,917,California
Colusa,2021-02-03,70,1060,10,434,60,626,0,0,59,892,11,84,59,976,California
Colusa,2021-02-04,143,1203,81,515,62,688,0,0,116,981,27,111,116,1092,California
Colusa,2021-02-05,33,1236,8,523,25,713,0,0,30,1008,3,114,30,1122,California
Colusa,2021-02-06,287,1523,8,531,279,992,0,0,275,1272,11,125,275,1397,California
Colusa,2021-02-07,2,1525,1,532,1,993,0,0,0,1270,2,127,0,1397,California
Colusa,2021-02-08,40,1565,5,537,35,1028,0,0,37,1304,3,130,37,1434,California
Colusa,2021-02-09,232,1797,14,551,218,1246,0,0,176,1424,56,186,176,1610,California
Colusa,2021-02-10,115,1912,41,592,74,1320,0,0,71,1452,44,230,72,1682,California
Colusa,2021-02-11,97,2009,36,628,61,1381,0,0,72,1499,25,255,72,1754,California
Colusa,2021-02-12,119,2128,9,637,110,1491,0,0,79,1537,41,296,79,1833,California
Colusa,2021-02-13,60,2188,9,646,51,1542,0,0,52,1581,8,304,52,1885,California
Colusa,2021-02-14,20,2208,8,654,12,1554,0,0,14,1590,5,309,14,1899,California
Colusa,2021-02-15,46,2254,10,664,36,1590,0,0,39,1622,7,316,39,1938,California
Colusa,2021-02-16,67,2321,4,668,63,1653,0,0,66,1687,1,317,66,2004,California
Colusa,2021-02-17,206,2527,143,811,63,1716,0,0,60,1601,146,463,60,2064,California
Colusa,2021-02-18,138,2665,36,847,102,1818,0,0,114,1691,24,487,114,2178,California
Colusa,2021-02-19,155,2820,19,866,136,1954,0,0,129,1794,26,513,129,2307,California
Colusa,2021-02-20,26,2846,5,871,21,1975,0,0,9,1787,17,530,10,2317,California
Colusa,2021-02-21,1,2847,1,872,0,1975,0,0,0,1786,1,531,0,2317,California
Colusa,2021-02-22,42,2889,25,897,17,1992,0,0,28,1800,14,545,28,2345,California
Colusa,2021-02-23,19,2908,4,901,15,2007,0,0,16,1813,3,548,16,2361,California
Colusa,2021-02-24,299,3207,54,955,245,2252,0,0,157,1828,142,690,157,2518,California
Colusa,2021-02-25,99,3306,53,1008,46,2298,0,0,64,1857,35,725,64,2582,California
Colusa,2021-02-26,98,3404,14,1022,84,2382,0,0,59,1877,39,764,59,2641,California
Colusa,2021-02-27,55,3459,4,1026,51,2433,0,0,40,1902,15,779,40,2681,California
Colusa,2021-02-28,26,3485,14,1040,12,2445,0,0,17,1910,9,788,17,2698,California
Colusa,2021-03-01,45,3530,15,1055,30,2475,0,0,28,1921,17,805,28,2726,California
Colusa,2021-03-02,47,3577,13,1068,34,2509,0,0,23,1921,23,828,23,2749,California
Colusa,2021-03-03,220,3797,37,1105,183,2692,0,0,164,2029,56,884,164,2913,California
Colusa,2021-03-04,135,3932,57,1162,78,2770,0,0,78,2050,57,941,78,2991,California
Colusa,2021-03-05,92,4024,19,1181,64,2834,9,9,46,2059,46,987,55,3046,California
Colusa,2021-03-06,246,4270,10,1191,236,3070,0,9,32,1877,214,1201,32,3078,California
Colusa,2021-03-07,8,4278,5,1196,3,3073,0,9,6,1881,2,1203,6,3084,California
Colusa,2021-03-08,86,4364,17,1213,32,3105,37,46,39,1909,47,1250,75,3159,California
Colusa,2021-03-09,262,4626,63,1276,180,3285,19,65,78,1822,184,1434,97,3256,California
Colusa,2021-03-10,241,4867,34,1310,193,3478,14,79,179,1954,61,1495,193,3449,California
Colusa,2021-03-11,400,5267,54,1364,324,3802,22,101,316,2208,84,1579,338,3787,California
Colusa,2021-03-12,91,5358,14,1378,65,3867,12,113,17,2164,74,1653,30,3817,California
Colusa,2021-03-13,55,5413,14,1392,34,3901,7,120,17,2150,38,1691,24,3841,California
Colusa,2021-03-14,15,5428,0,1392,13,3914,2,122,5,2147,10,1701,7,3848,California
Colusa,2021-03-15,69,5497,27,1419,35,3949,7,129,16,2117,53,1754,23,3871,California
Colusa,2021-03-16,267,5764,15,1434,205,4154,47,176,158,2213,109,1863,205,4076,California
Colusa,2021-03-17,165,5929,45,1479,120,4274,0,176,81,2210,84,1947,81,4157,California
Colusa,2021-03-18,284,6213,28,1507,188,4462,68,244,169,2332,115,2062,237,4394,California
Colusa,2021-03-19,58,6271,15,1522,42,4504,1,245,43,2361,15,2077,44,4438,California
Colusa,2021-03-20,36,6307,6,1528,29,4533,1,246,27,2380,9,2086,28,4466,California
Colusa,2021-03-21,6,6313,5,1533,1,4534,0,246,4,2382,2,2088,4,4470,California
Colusa,2021-03-22,59,6372,9,1542,42,4576,8,254,38,2407,21,2109,46,4516,California
Colusa,2021-03-23,74,6446,16,1558,56,4632,2,256,48,2432,25,2134,50,4566,California
Colusa,2021-03-24,330,6776,55,1613,272,4904,3,259,72,2249,257,2391,74,4640,California
Colusa,2021-03-25,102,6878,54,1667,43,4947,5,264,48,2248,54,2445,53,4693,California
Colusa,2021-03-26,290,7168,43,1710,244,5191,3,267,239,2443,51,2496,246,4939,California
Colusa,2021-03-27,64,7232,5,1715,59,5250,0,267,26,2431,38,2534,26,4965,California
Colusa,2021-03-28,16,7248,7,1722,9,5259,0,267,8,2431,8,2542,8,4973,California
Colusa,2021-03-29,68,7316,19,1741,44,5303,5,272,29,2426,39,2581,34,5007,California
Colusa,2021-03-30,139,7455,70,1811,67,5370,2,274,75,2439,64,2645,77,5084,California
Colusa,2021-03-31,223,7678,35,1846,188,5558,0,274,71,2377,152,2797,90,5174,California
Colusa,2021-04-01,422,8100,68,1914,301,5859,53,327,304,2618,117,2914,358,5532,California
Colusa,2021-04-02,78,8178,14,1928,51,5910,13,340,39,2631,39,2953,52,5584,California
Colusa,2021-04-03,58,8236,6,1934,29,5939,23,363,11,2619,47,3000,35,5619,California
Colusa,2021-04-04,19,8255,0,1934,9,5948,10,373,4,2618,15,3015,14,5633,California
Colusa,2021-04-05,82,8337,9,1943,59,6007,14,387,39,2629,43,3058,54,5687,California
Colusa,2021-04-06,56,8393,9,1952,32,6039,15,402,30,2648,26,3084,45,5732,California
Contra Costa,2020-12-15,19,19,19,19,0,0,0,0,19,19,0,0,19,19,California
Contra Costa,2020-12-16,522,541,522,541,0,0,0,0,522,541,0,0,522,541,California
Contra Costa,2020-12-17,906,1447,906,1447,0,0,0,0,906,1447,0,0,906,1447,California
Contra Costa,2020-12-18,1593,3040,1592,3039,1,1,0,0,1593,3040,0,0,1593,3040,California
Contra Costa,2020-12-19,1105,4145,1104,4143,1,2,0,0,1105,4145,0,0,1105,4145,California
Contra Costa,2020-12-20,582,4727,581,4724,1,3,0,0,582,4727,0,0,582,4727,California
Contra Costa,2020-12-21,1656,6383,1654,6378,2,5,0,0,1656,6383,0,0,1656,6383,California
Contra Costa,2020-12-22,1667,8050,1560,7938,107,112,0,0,1667,8050,0,0,1667,8050,California
Contra Costa,2020-12-23,1572,9622,1327,9265,245,357,0,0,1572,9622,0,0,1572,9622,California
Contra Costa,2020-12-24,649,10271,333,9598,316,673,0,0,649,10271,0,0,649,10271,California
Contra Costa,2020-12-25,38,10309,16,9614,22,695,0,0,38,10309,0,0,38,10309,California
Contra Costa,2020-12-26,643,10952,133,9747,510,1205,0,0,643,10952,0,0,643,10952,California
Contra Costa,2020-12-27,238,11190,84,9831,154,1359,0,0,238,11190,0,0,238,11190,California
Contra Costa,2020-12-28,1820,13010,856,10687,964,2323,0,0,1820,13010,0,0,1820,13010,California
Contra Costa,2020-12-29,1830,14840,824,11511,1006,3329,0,0,1830,14840,0,0,1830,14840,California
Contra Costa,2020-12-30,2393,17233,1211,12722,1182,4511,0,0,2392,17232,0,0,2392,17232,California
Contra Costa,2020-12-31,914,18147,308,13030,606,5117,0,0,913,18145,0,0,913,18145,California
Contra Costa,2021-01-01,57,18204,23,13053,34,5151,0,0,57,18202,0,0,57,18202,California
Contra Costa,2021-01-02,332,18536,170,13223,162,5313,0,0,332,18534,0,0,332,18534,California
Contra Costa,2021-01-03,173,18709,115,13338,58,5371,0,0,172,18706,0,0,172,18706,California
Contra Costa,2021-01-04,1906,20615,1247,14585,659,6030,0,0,1886,20574,18,18,1886,20592,California
Contra Costa,2021-01-05,2095,22710,1254,15839,841,6871,0,0,1837,22155,257,275,1838,22430,California
Contra Costa,2021-01-06,3269,25979,2243,18082,1026,7897,0,0,2510,23914,753,1028,2512,24942,California
Contra Costa,2021-01-07,3085,29064,2053,20135,1032,8929,0,0,1873,24581,1209,2237,1876,26818,California
Contra Costa,2021-01-08,3361,32425,2377,22512,984,9913,0,0,1805,24839,1550,3787,1808,28626,California
Contra Costa,2021-01-09,1581,34006,1130,23642,451,10364,0,0,753,24766,827,4614,754,29380,California
Contra Costa,2021-01-10,361,34367,286,23928,75,10439,0,0,152,24709,209,4823,152,29532,California
Contra Costa,2021-01-11,3816,38183,3102,27030,714,11153,0,0,2223,25341,1593,6416,2225,31757,California
Contra Costa,2021-01-12,3894,42077,2923,29953,971,12124,0,0,2574,26595,1321,7737,2575,34332,California
Contra Costa,2021-01-13,4664,46741,2878,32831,1786,13910,0,0,3737,29411,923,8660,3739,38071,California
Contra Costa,2021-01-14,4294,51035,1556,34387,2738,16648,0,0,3907,32931,387,9047,3907,41978,California
Contra Costa,2021-01-15,5334,56369,2474,36861,2860,19508,0,0,5008,37618,325,9372,5012,46990,California
Contra Costa,2021-01-16,1715,58084,554,37415,1161,20669,0,0,1639,39181,76,9448,1639,48629,California
Contra Costa,2021-01-17,1646,59730,983,38398,663,21332,0,0,1520,40577,126,9574,1522,50151,California
Contra Costa,2021-01-18,3207,62937,1258,39656,1949,23281,0,0,2578,42534,623,10197,2580,52731,California
Contra Costa,2021-01-19,7060,69997,3155,42811,3905,27186,0,0,6062,47607,995,11192,6068,58799,California
Contra Costa,2021-01-20,6585,76582,4033,46844,2552,29738,0,0,5358,51749,1222,12414,5364,64163,California
Contra Costa,2021-01-21,6959,83541,3089,49933,3870,33608,0,0,6240,57279,714,13128,6244,70407,California
Contra Costa,2021-01-22,6347,89888,2696,52629,3651,37259,0,0,5487,61917,851,13979,5489,75896,California
Contra Costa,2021-01-23,2016,91904,356,52985,1660,38919,0,0,1763,63431,251,14230,1765,77661,California
Contra Costa,2021-01-24,1578,93482,213,53198,1365,40284,0,0,1433,64723,145,14375,1437,79098,California
Contra Costa,2021-01-25,6620,100102,3006,56204,3614,43898,0,0,5061,68231,1558,15933,5066,84164,California
Contra Costa,2021-01-26,8056,108158,4661,60865,3395,47293,0,0,6223,72633,1825,17758,6227,90391,California
Contra Costa,2021-01-27,8219,116377,5491,66356,2728,50021,0,0,6329,77164,1801,19559,6332,96723,California
Contra Costa,2021-01-28,7359,123736,4045,70401,3314,53335,0,0,5781,81375,1572,21131,5783,102506,California
Contra Costa,2021-01-29,7428,131164,3877,74278,3551,56886,0,0,6127,86206,1298,22429,6129,108635,California
Contra Costa,2021-01-30,2046,133210,558,74836,1488,58374,0,0,1722,87611,317,22746,1722,110357,California
Contra Costa,2021-01-31,744,133954,526,75362,218,58592,0,0,570,88013,168,22914,570,110927,California
Contra Costa,2021-02-01,5519,139473,3762,79124,1757,60349,0,0,3886,90279,1627,24541,3893,114820,California
Contra Costa,2021-02-02,7754,147227,5279,84403,2475,62824,0,0,5905,94338,1847,26388,5906,120726,California
Contra Costa,2021-02-03,8270,155497,5471,89874,2799,65623,0,0,5640,97358,2621,29009,5641,126367,California
Contra Costa,2021-02-04,7441,162938,3526,93400,3915,69538,0,0,5727,101376,1711,30720,5729,132096,California
Contra Costa,2021-02-05,8424,171362,4827,98227,3597,73135,0,0,5728,104414,2690,33410,5728,137824,California
Contra Costa,2021-02-06,3459,174821,2148,100375,1311,74446,0,0,2811,106579,647,34057,2812,140636,California
Contra Costa,2021-02-07,981,175802,713,101088,268,74714,0,0,605,106809,375,34432,605,141241,California
Contra Costa,2021-02-08,5804,181606,3443,104531,2361,77075,0,0,4323,109657,1476,35908,4324,145565,California
Contra Costa,2021-02-09,8624,190230,4764,109295,3860,80935,0,0,5755,112548,2864,38772,5755,151320,California
Contra Costa,2021-02-10,8579,198809,4621,113916,3958,84893,0,0,5390,114766,3175,41947,5393,156713,California
Contra Costa,2021-02-11,9191,208000,4195,118111,4996,89889,0,0,5241,116064,3944,45891,5242,161955,California
Contra Costa,2021-02-12,10042,218042,4603,122714,5439,95328,0,0,5450,116932,4586,50477,5454,167409,California
Contra Costa,2021-02-13,4843,222885,1348,124062,3495,98823,0,0,3381,118854,1459,51936,3381,170790,California
Contra Costa,2021-02-14,2068,224953,855,124917,1213,100036,0,0,1212,119211,855,52791,1212,172002,California
Contra Costa,2021-02-15,4419,229372,2455,127372,1964,102000,0,0,2333,119468,2079,54870,2336,174338,California
Contra Costa,2021-02-16,10389,239761,4889,132261,5500,107500,0,0,4629,118350,5752,60622,4634,178972,California
Contra Costa,2021-02-17,12204,251965,6094,138355,6110,113610,0,0,5580,117322,6610,67232,5582,184554,California
Contra Costa,2021-02-18,11420,263385,5957,144312,5463,119073,0,0,5296,116505,6115,73347,5298,189852,California
Contra Costa,2021-02-19,11384,274769,7097,151409,4287,123360,0,0,5166,115468,6204,79551,5167,195019,California
Contra Costa,2021-02-20,6465,281234,2908,154317,3557,126917,0,0,4584,118186,1866,81417,4584,199603,California
Contra Costa,2021-02-21,1755,282989,1206,155523,549,127466,0,0,1060,118553,694,82111,1061,200664,California
Contra Costa,2021-02-22,7508,290497,5070,160593,2438,129904,0,0,3481,118016,4019,86130,3482,204146,California
Contra Costa,2021-02-23,11857,302354,7233,167826,4624,134528,0,0,5901,117980,5941,92071,5905,210051,California
Contra Costa,2021-02-24,10452,312806,7669,175495,2783,137311,0,0,5050,117647,5386,97457,5053,215104,California
Contra Costa,2021-02-25,11431,324237,7183,182678,4248,141559,0,0,5190,116621,6221,103678,5195,220299,California
Contra Costa,2021-02-26,10652,334889,6734,189412,3918,145477,0,0,5262,116515,5375,109053,5269,225568,California
Contra Costa,2021-02-27,6582,341471,4198,193610,2384,147861,0,0,4083,118107,2493,111546,4085,229653,California
Contra Costa,2021-02-28,3779,345250,3126,196736,653,148514,0,0,3185,120702,592,112138,3187,232840,California
Contra Costa,2021-03-01,8036,353286,6035,202771,2001,150515,0,0,4933,122546,3091,115229,4935,237775,California
Contra Costa,2021-03-02,9958,363244,6213,208984,3743,154258,2,2,5130,122864,4816,120045,5134,242909,California
Contra Costa,2021-03-03,10149,373393,6327,215311,3821,158079,1,3,5386,123506,4746,124791,5388,248297,California
Contra Costa,2021-03-04,10791,384184,6243,221554,4548,162627,0,3,5256,123245,5519,130310,5258,253555,California
Contra Costa,2021-03-05,9812,393996,5724,227278,4083,166710,5,8,5263,123980,4536,134846,5271,258826,California
Contra Costa,2021-03-06,6957,400953,3950,231228,2715,169425,292,300,4456,126237,2492,137338,4749,263575,California
Contra Costa,2021-03-07,3561,404514,2241,233469,1263,170688,57,357,2901,128538,658,137996,2959,266534,California
Contra Costa,2021-03-08,7905,412419,3696,237165,3936,174624,273,630,5287,131498,2606,140602,5566,272100,California
Contra Costa,2021-03-09,10092,422511,4926,242091,4864,179488,302,932,4973,131662,5114,145716,5278,277378,California
Contra Costa,2021-03-10,11787,434298,5894,247985,4476,183964,1417,2349,5302,131906,6477,152193,6721,284099,California
Contra Costa,2021-03-11,11919,446217,6249,254234,5222,189186,448,2797,6096,132647,5806,157999,6547,290646,California
Contra Costa,2021-03-12,11093,457310,4591,258825,6179,195365,323,3120,5704,133303,5376,163375,6032,296678,California
Contra Costa,2021-03-13,6926,464236,2758,261583,3808,199173,360,3480,2761,132272,4151,167526,3120,299798,California
Contra Costa,2021-03-14,4021,468257,2415,263998,1147,200320,459,3939,1956,132627,2059,169585,2414,302212,California
Contra Costa,2021-03-15,9306,477563,5049,269047,3515,203835,742,4681,4716,133511,4578,174163,5462,307674,California
Contra Costa,2021-03-16,14129,491692,8365,277412,5366,209201,398,5079,7158,134122,6948,181111,7559,315233,California
Contra Costa,2021-03-17,14352,506044,9810,287222,4341,213542,201,5280,8129,136263,6201,187312,8342,323575,California
Contra Costa,2021-03-18,13342,519386,7305,294527,5633,219175,404,5684,7544,138446,5776,193088,7959,331534,California
Contra Costa,2021-03-19,12282,531668,7274,301801,3944,223119,1064,6748,6341,139940,5928,199016,7422,338956,California
Contra Costa,2021-03-20,7023,538691,4045,305846,2748,225867,230,6978,3649,140464,3360,202376,3884,342840,California
Contra Costa,2021-03-21,4335,543026,3760,309606,482,226349,93,7071,2069,140365,2263,204639,2164,345004,California
Contra Costa,2021-03-22,11328,554354,8495,318101,2598,228947,235,7306,6927,143155,4391,209030,7181,352185,California
Contra Costa,2021-03-23,15222,569576,10387,328488,4665,233612,170,7476,9210,146575,5990,215020,9410,361595,California
Contra Costa,2021-03-24,14707,584283,11421,339909,3077,236689,209,7685,9086,150520,5597,220617,9542,371137,California
Contra Costa,2021-03-25,14984,599267,11599,351508,3102,239791,283,7968,9223,154870,5727,226344,10077,381214,California
Contra Costa,2021-03-26,14674,613941,10455,361963,3819,243610,400,8368,8628,158468,6025,232369,9623,390837,California
Contra Costa,2021-03-27,10214,624155,6579,368542,3140,246750,495,8863,5606,160079,4595,236964,6206,397043,California
Contra Costa,2021-03-28,4107,628262,2911,371453,1138,247888,58,8921,1767,159585,2333,239297,1839,398882,California
Contra Costa,2021-03-29,10641,638903,8274,379727,2258,250146,109,9030,6926,162963,3702,242999,7080,405962,California
Contra Costa,2021-03-30,16153,655056,8855,388582,6021,256167,1277,10307,10672,169536,5466,248465,12039,418001,California
Contra Costa,2021-03-31,17219,672275,11968,400550,3891,260058,1360,11667,11112,176042,6081,254546,12587,430588,California
Contra Costa,2021-04-01,16685,688960,11619,412169,3783,263841,1283,12950,10767,182447,5901,260447,12306,442894,California
Contra Costa,2021-04-02,16440,705400,12077,424246,3388,267229,975,13925,10902,189264,5528,265975,12345,455239,California
Contra Costa,2021-04-03,10122,715522,5931,430177,2761,269990,1430,15355,5756,192325,4361,270336,7422,462661,California
Contra Costa,2021-04-04,3198,718720,1240,431417,1405,271395,553,15908,893,191490,2302,272638,1467,464128,California
Contra Costa,2021-04-05,10784,729504,6937,438354,3184,274579,663,16571,5864,193167,4909,277547,6586,470714,California
Contra Costa,2021-04-06,13653,743157,9847,448201,2252,276831,1554,18125,7921,196997,5722,283269,9552,480266,California
Del Norte,2020-12-19,1,1,1,1,0,0,0,0,1,1,0,0,1,1,California
Del Norte,2020-12-21,23,24,23,24,0,0,0,0,23,24,0,0,23,24,California
Del Norte,2020-12-22,46,70,46,70,0,0,0,0,46,70,0,0,46,70,California
Del Norte,2020-12-23,58,128,48,118,10,10,0,0,57,127,0,0,57,127,California
Del Norte,2020-12-28,34,162,34,152,0,10,0,0,34,161,0,0,34,161,California
Del Norte,2020-12-29,4,166,4,156,0,10,0,0,4,165,0,0,4,165,California
Del Norte,2020-12-30,67,233,55,211,12,22,0,0,68,233,0,0,68,233,California
Del Norte,2020-12-31,16,249,13,224,3,25,0,0,16,249,0,0,16,249,California
Del Norte,2021-01-04,102,351,49,273,53,78,0,0,102,351,0,0,102,351,California
Del Norte,2021-01-05,33,384,0,273,33,111,0,0,33,384,0,0,33,384,California
Del Norte,2021-01-06,78,462,18,291,60,171,0,0,78,462,0,0,78,462,California
Del Norte,2021-01-07,21,483,1,292,20,191,0,0,21,483,0,0,21,483,California
Del Norte,2021-01-08,77,560,7,299,70,261,0,0,77,560,0,0,77,560,California
Del Norte,2021-01-09,1,561,1,300,0,261,0,0,0,559,1,1,0,560,California
Del Norte,2021-01-11,40,601,21,321,19,280,0,0,18,556,22,23,19,579,California
Del Norte,2021-01-12,50,651,32,353,18,298,0,0,29,564,21,44,29,608,California
Del Norte,2021-01-13,85,736,40,393,45,343,0,0,52,583,33,77,52,660,California
Del Norte,2021-01-14,52,788,14,407,38,381,0,0,46,623,6,83,46,706,California
Del Norte,2021-01-15,107,895,18,425,89,470,0,0,95,706,12,95,95,801,California
Del Norte,2021-01-17,1,896,1,426,0,470,0,0,1,707,0,95,1,802,California
Del Norte,2021-01-18,2,898,0,426,2,472,0,0,2,709,0,95,2,804,California
Del Norte,2021-01-19,119,1017,56,482,63,535,0,0,77,744,42,137,77,881,California
Del Norte,2021-01-20,157,1174,83,565,74,609,0,0,96,779,61,198,96,977,California
Del Norte,2021-01-21,43,1217,40,605,3,612,0,0,32,800,11,209,32,1009,California
Del Norte,2021-01-22,19,1236,16,621,3,615,0,0,12,805,7,216,12,1021,California
Del Norte,2021-01-23,1,1237,0,621,1,616,0,0,1,806,0,216,1,1022,California
Del Norte,2021-01-24,1,1238,0,621,1,617,0,0,1,807,0,216,1,1023,California
Del Norte,2021-01-25,97,1335,79,700,18,635,0,0,53,816,44,260,53,1076,California
Del Norte,2021-01-26,18,1353,11,711,7,642,0,0,7,812,11,271,7,1083,California
Del Norte,2021-01-27,64,1417,21,732,43,685,0,0,61,870,3,274,61,1144,California
Del Norte,2021-01-28,291,1708,20,752,271,956,0,0,287,1153,4,278,287,1431,California
Del Norte,2021-01-29,50,1758,19,771,31,987,0,0,41,1185,9,287,41,1472,California
Del Norte,2021-01-30,8,1766,1,772,7,994,0,0,8,1193,0,287,8,1480,California
Del Norte,2021-02-01,41,1807,1,773,40,1034,0,0,26,1204,15,302,26,1506,California
Del Norte,2021-02-02,142,1949,34,807,108,1142,0,0,73,1209,68,370,73,1579,California
Del Norte,2021-02-03,126,2075,40,847,86,1228,0,0,71,1225,55,425,71,1650,California
Del Norte,2021-02-04,71,2146,29,876,42,1270,0,0,42,1238,29,454,42,1692,California
Del Norte,2021-02-05,182,2328,22,898,160,1430,0,0,119,1295,62,516,119,1811,California
Del Norte,2021-02-06,305,2633,7,905,298,1728,0,0,305,1600,0,516,305,2116,California
Del Norte,2021-02-07,4,2637,3,908,1,1729,0,0,4,1604,0,516,4,2120,California
Del Norte,2021-02-08,36,2673,1,909,35,1764,0,0,32,1632,4,520,32,2152,California
Del Norte,2021-02-09,8,2681,5,914,3,1767,0,0,2,1628,6,526,2,2154,California
Del Norte,2021-02-10,143,2824,20,934,123,1890,0,0,86,1658,56,582,86,2240,California
Del Norte,2021-02-11,175,2999,58,992,117,2007,0,0,63,1609,112,694,63,2303,California
Del Norte,2021-02-12,120,3119,14,1006,106,2113,0,0,66,1621,54,748,66,2369,California
Del Norte,2021-02-13,2,3121,1,1007,1,2114,0,0,2,1623,0,748,2,2371,California
Del Norte,2021-02-14,3,3124,1,1008,2,2116,0,0,2,1624,1,749,2,2373,California
Del Norte,2021-02-15,4,3128,0,1008,4,2120,0,0,2,1624,2,751,2,2375,California
Del Norte,2021-02-16,132,3260,1,1009,131,2251,0,0,13,1518,119,870,13,2388,California
Del Norte,2021-02-17,90,3350,19,1028,71,2322,0,0,23,1474,67,937,23,2411,California
Del Norte,2021-02-18,76,3426,24,1052,52,2374,0,0,50,1498,26,963,50,2461,California
Del Norte,2021-02-19,45,3471,18,1070,27,2401,0,0,35,1523,10,973,35,2496,California
Del Norte,2021-02-20,9,3480,6,1076,3,2404,0,0,7,1528,2,975,7,2503,California
Del Norte,2021-02-22,2,3482,0,1076,2,2406,0,0,2,1530,0,975,2,2505,California
Del Norte,2021-02-23,101,3583,83,1159,18,2424,0,0,30,1489,71,1046,30,2535,California
Del Norte,2021-02-24,152,3735,98,1257,54,2478,0,0,79,1495,73,1119,79,2614,California
Del Norte,2021-02-25,466,4201,129,1386,337,2815,0,0,208,1445,258,1377,208,2822,California
Del Norte,2021-02-26,201,4402,165,1551,36,2851,0,0,155,1554,46,1423,155,2977,California
Del Norte,2021-02-27,154,4556,146,1697,8,2859,0,0,144,1688,10,1433,144,3121,California
Del Norte,2021-02-28,6,4562,3,1700,3,2862,0,0,3,1688,3,1436,3,3124,California
Del Norte,2021-03-01,28,4590,2,1702,26,2888,0,0,5,1670,23,1459,5,3129,California
Del Norte,2021-03-02,210,4800,140,1842,70,2958,0,0,178,1816,32,1491,178,3307,California
Del Norte,2021-03-03,152,4952,90,1932,62,3020,0,0,112,1888,40,1531,112,3419,California
Del Norte,2021-03-04,121,5073,83,2015,38,3058,0,0,91,1950,29,1560,91,3510,California
Del Norte,2021-03-05,91,5164,8,2023,83,3141,0,0,43,1945,48,1608,43,3553,California
Del Norte,2021-03-06,428,5592,80,2103,298,3439,50,50,154,1832,274,1882,161,3714,California
Del Norte,2021-03-07,3,5595,2,2105,1,3440,0,50,2,1833,1,1883,2,3716,California
Del Norte,2021-03-08,27,5622,1,2106,24,3464,2,52,4,1816,23,1906,6,3722,California
Del Norte,2021-03-09,172,5794,95,2201,73,3537,4,56,160,1968,12,1918,164,3886,California
Del Norte,2021-03-10,129,5923,11,2212,92,3629,26,82,46,1957,83,2001,72,3958,California
Del Norte,2021-03-11,142,6065,49,2261,91,3720,2,84,97,2011,45,2046,99,4057,California
Del Norte,2021-03-12,160,6225,90,2351,70,3790,0,84,115,2081,45,2091,115,4172,California
Del Norte,2021-03-13,94,6319,92,2443,2,3792,0,84,89,2165,5,2096,89,4261,California
Del Norte,2021-03-14,1,6320,0,2443,0,3792,1,85,0,2165,1,2097,1,4262,California
Del Norte,2021-03-15,40,6360,0,2443,39,3831,1,86,35,2196,5,2102,36,4298,California
Del Norte,2021-03-16,260,6620,129,2572,129,3960,2,88,238,2414,22,2124,240,4538,California
Del Norte,2021-03-17,269,6889,88,2660,180,4140,1,89,166,2478,103,2227,167,4705,California
Del Norte,2021-03-18,261,7150,107,2767,151,4291,3,92,136,2493,124,2351,139,4844,California
Del Norte,2021-03-19,185,7335,111,2878,68,4359,6,98,62,2438,123,2474,68,4912,California
Del Norte,2021-03-20,150,7485,148,3026,2,4361,0,98,11,2310,139,2613,11,4923,California
Del Norte,2021-03-21,4,7489,1,3027,3,4364,0,98,2,2310,2,2615,2,4925,California
Del Norte,2021-03-22,46,7535,6,3033,39,4403,1,99,43,2351,3,2618,44,4969,California
Del Norte,2021-03-23,324,7859,163,3196,143,4546,18,117,155,2357,167,2785,173,5142,California
Del Norte,2021-03-24,368,8227,110,3306,245,4791,13,130,241,2485,127,2912,255,5397,California
Del Norte,2021-03-25,197,8424,90,3396,107,4898,0,130,89,2467,107,3019,89,5486,California
Del Norte,2021-03-26,223,8647,110,3506,113,5011,0,130,188,2620,35,3054,188,5674,California
Del Norte,2021-03-27,107,8754,87,3593,6,5017,14,144,20,2567,87,3141,34,5708,California
Del Norte,2021-03-28,5,8759,2,3595,3,5020,0,144,1,2564,4,3145,1,5709,California
Del Norte,2021-03-29,55,8814,7,3602,34,5054,14,158,33,2589,22,3167,47,5756,California
Del Norte,2021-03-30,332,9146,116,3718,206,5260,10,168,132,2553,200,3367,164,5920,California
Del Norte,2021-03-31,338,9484,94,3812,226,5486,18,186,190,2688,147,3514,282,6202,California
Del Norte,2021-04-01,159,9643,61,3873,69,5555,29,215,69,2700,89,3603,101,6303,California
Del Norte,2021-04-02,231,9874,78,3951,105,5660,48,263,74,2667,157,3760,124,6427,California
Del Norte,2021-04-03,100,9974,83,4034,2,5662,15,278,7,2598,92,3852,23,6450,California
Del Norte,2021-04-04,4,9978,0,4034,0,5662,4,282,0,2598,4,3856,4,6454,California
Del Norte,2021-04-05,51,10029,5,4039,42,5704,4,286,45,2641,6,3862,49,6503,California
Del Norte,2021-04-06,76,10105,6,4045,58,5762,12,298,40,2661,35,3897,55,6558,California
El Dorado,2020-12-15,12,12,12,12,0,0,0,0,12,12,0,0,12,12,California
El Dorado,2020-12-16,40,52,40,52,0,0,0,0,40,52,0,0,40,52,California
El Dorado,2020-12-17,31,83,31,83,0,0,0,0,31,83,0,0,31,83,California
El Dorado,2020-12-18,235,318,235,318,0,0,0,0,235,318,0,0,235,318,California
El Dorado,2020-12-19,116,434,116,434,0,0,0,0,116,434,0,0,116,434,California
El Dorado,2020-12-20,84,518,84,518,0,0,0,0,84,518,0,0,84,518,California
El Dorado,2020-12-21,304,822,303,821,1,1,0,0,304,822,0,0,304,822,California
El Dorado,2020-12-22,239,1061,215,1036,24,25,0,0,239,1061,0,0,239,1061,California
El Dorado,2020-12-23,189,1250,139,1175,50,75,0,0,189,1250,0,0,189,1250,California
El Dorado,2020-12-24,87,1337,65,1240,22,97,0,0,87,1337,0,0,87,1337,California
El Dorado,2020-12-25,8,1345,8,1248,0,97,0,0,8,1345,0,0,8,1345,California
El Dorado,2020-12-26,43,1388,25,1273,18,115,0,0,43,1388,0,0,43,1388,California
El Dorado,2020-12-27,37,1425,33,1306,4,119,0,0,37,1425,0,0,37,1425,California
El Dorado,2020-12-28,216,1641,170,1476,46,165,0,0,216,1641,0,0,216,1641,California
El Dorado,2020-12-29,452,2093,138,1614,314,479,0,0,452,2093,0,0,452,2093,California
El Dorado,2020-12-30,504,2597,135,1749,369,848,0,0,504,2597,0,0,504,2597,California
El Dorado,2020-12-31,108,2705,68,1817,40,888,0,0,108,2705,0,0,108,2705,California
El Dorado,2021-01-01,7,2712,4,1821,3,891,0,0,7,2712,0,0,7,2712,California
El Dorado,2021-01-02,148,2860,137,1958,11,902,0,0,148,2860,0,0,148,2860,California
El Dorado,2021-01-03,89,2949,16,1974,73,975,0,0,89,2949,0,0,89,2949,California
El Dorado,2021-01-04,190,3139,62,2036,128,1103,0,0,190,3139,0,0,190,3139,California
El Dorado,2021-01-05,200,3339,46,2082,154,1257,0,0,184,3307,16,16,184,3323,California
El Dorado,2021-01-06,261,3600,188,2270,73,1330,0,0,198,3442,63,79,198,3521,California
El Dorado,2021-01-07,326,3926,134,2404,192,1522,0,0,255,3626,71,150,255,3776,California
El Dorado,2021-01-08,971,4897,500,2904,471,1993,0,0,769,4194,202,352,770,4546,California
El Dorado,2021-01-09,191,5088,155,3059,36,2029,0,0,123,4249,68,420,123,4669,California
El Dorado,2021-01-10,180,5268,129,3188,51,2080,0,0,111,4291,69,489,111,4780,California
El Dorado,2021-01-11,654,5922,290,3478,364,2444,0,0,459,4556,194,683,459,5239,California
El Dorado,2021-01-12,693,6615,419,3897,274,2718,0,0,445,4753,248,931,445,5684,California
El Dorado,2021-01-13,693,7308,295,4192,398,3116,0,0,534,5129,159,1090,535,6219,California
El Dorado,2021-01-14,674,7982,218,4410,456,3572,0,0,578,5611,96,1186,578,6797,California
El Dorado,2021-01-15,668,8650,181,4591,487,4059,0,0,596,6135,72,1258,596,7393,California
El Dorado,2021-01-16,171,8821,104,4695,67,4126,0,0,144,6252,27,1285,144,7537,California
El Dorado,2021-01-17,96,8917,44,4739,52,4178,0,0,80,6316,16,1301,80,7617,California
El Dorado,2021-01-18,416,9333,138,4877,278,4456,0,0,348,6596,68,1369,348,7965,California
El Dorado,2021-01-19,633,9966,346,5223,287,4743,0,0,485,6933,148,1517,485,8450,California
El Dorado,2021-01-20,1008,10974,684,5907,324,5067,0,0,896,7718,111,1628,896,9346,California
El Dorado,2021-01-21,1141,12115,562,6469,579,5646,0,0,935,8489,164,1792,935,10281,California
El Dorado,2021-01-22,1093,13208,705,7174,388,6034,0,0,1042,9481,50,1842,1042,11323,California
El Dorado,2021-01-23,737,13945,618,7792,119,6153,0,0,627,9998,110,1952,627,11950,California
El Dorado,2021-01-24,125,14070,75,7867,50,6203,0,0,107,10087,18,1970,107,12057,California
El Dorado,2021-01-25,606,14676,200,8067,406,6609,0,0,518,10517,88,2058,518,12575,California
El Dorado,2021-01-26,667,15343,357,8424,310,6919,0,0,567,10985,100,2158,568,13143,California
El Dorado,2021-01-27,921,16264,327,8751,594,7513,0,0,588,11239,334,2492,588,13731,California
El Dorado,2021-01-28,1097,17361,449,9200,648,8161,0,0,738,11618,359,2851,738,14469,California
El Dorado,2021-01-29,964,18325,489,9689,475,8636,0,0,735,12125,228,3079,735,15204,California
El Dorado,2021-01-30,610,18935,359,10048,251,8887,0,0,451,12417,159,3238,451,15655,California
El Dorado,2021-01-31,206,19141,185,10233,21,8908,0,0,176,12563,30,3268,176,15831,California
El Dorado,2021-02-01,787,19928,367,10600,420,9328,0,0,642,13061,144,3412,642,16473,California
El Dorado,2021-02-02,817,20745,361,10961,456,9784,0,0,660,13565,156,3568,660,17133,California
El Dorado,2021-02-03,893,21638,476,11437,417,10201,0,0,683,14038,210,3778,683,17816,California
El Dorado,2021-02-04,1267,22905,722,12159,545,10746,0,0,874,14519,393,4171,874,18690,California
El Dorado,2021-02-05,1477,24382,596,12755,881,11627,0,0,868,14812,575,4746,868,19558,California
El Dorado,2021-02-06,640,25022,335,13090,305,11932,0,0,532,15237,108,4854,533,20091,California
El Dorado,2021-02-07,256,25278,176,13266,80,12012,0,0,191,15363,65,4919,191,20282,California
El Dorado,2021-02-08,876,26154,415,13681,461,12473,0,0,604,15695,272,5191,604,20886,California
El Dorado,2021-02-09,886,27040,484,14165,402,12875,0,0,468,15745,418,5609,468,21354,California
El Dorado,2021-02-10,1213,28253,725,14890,488,13363,0,0,624,15781,588,6197,624,21978,California
El Dorado,2021-02-11,2079,30332,872,15762,1207,14570,0,0,912,15528,1166,7363,913,22891,California
El Dorado,2021-02-12,1547,31879,824,16586,723,15293,0,0,669,15319,878,8241,669,23560,California
El Dorado,2021-02-13,964,32843,670,17256,294,15587,0,0,421,15200,540,8781,421,23981,California
El Dorado,2021-02-14,473,33316,151,17407,322,15909,0,0,390,15507,83,8864,390,24371,California
El Dorado,2021-02-15,1166,34482,386,17793,780,16689,0,0,813,15970,353,9217,816,25187,California
El Dorado,2021-02-16,1151,35633,525,18318,626,17315,0,0,646,16112,505,9722,647,25834,California
El Dorado,2021-02-17,883,36516,375,18693,508,17823,0,0,404,16040,479,10201,407,26241,California
El Dorado,2021-02-18,2064,38580,1008,19701,1056,18879,0,0,1343,16664,720,10921,1344,27585,California
El Dorado,2021-02-19,1155,39735,601,20302,554,19433,0,0,646,16802,509,11430,647,28232,California
El Dorado,2021-02-20,919,40654,431,20733,488,19921,0,0,672,17232,242,11672,672,28904,California
El Dorado,2021-02-21,276,40930,222,20955,54,19975,0,0,96,17148,180,11852,96,29000,California
El Dorado,2021-02-22,856,41786,436,21391,420,20395,0,0,275,16843,580,12432,275,29275,California
El Dorado,2021-02-23,798,42584,465,21856,333,20728,0,0,318,16681,480,12912,318,29593,California
El Dorado,2021-02-24,967,43551,440,22296,527,21255,0,0,377,16470,589,13501,378,29971,California
El Dorado,2021-02-25,1553,45104,860,23156,693,21948,0,0,651,16228,895,14396,653,30624,California
El Dorado,2021-02-26,2244,47348,1460,24616,784,22732,0,0,1548,17080,696,15092,1548,32172,California
El Dorado,2021-02-27,1614,48962,413,25029,1201,23933,0,0,1177,17824,433,15525,1177,33349,California
El Dorado,2021-02-28,556,49518,199,25228,357,24290,0,0,407,18082,149,15674,407,33756,California
El Dorado,2021-03-01,1058,50576,443,25671,615,24905,0,0,569,18163,488,16162,569,34325,California
El Dorado,2021-03-02,853,51429,264,25935,589,25494,0,0,436,18185,415,16577,437,34762,California
El Dorado,2021-03-03,1451,52880,413,26348,1038,26532,0,0,1000,18740,447,17024,1002,35764,California
El Dorado,2021-03-04,2185,55065,1375,27723,810,27342,0,0,969,18496,1214,18238,970,36734,California
El Dorado,2021-03-05,1222,56287,259,27982,958,28300,5,5,758,18799,461,18699,764,37498,California
El Dorado,2021-03-06,605,56892,190,28172,385,28685,30,35,315,18854,290,18989,345,37843,California
El Dorado,2021-03-07,401,57293,199,28371,181,28866,21,56,240,18955,160,19149,261,38104,California
El Dorado,2021-03-08,1247,58540,367,28738,813,29679,67,123,791,19360,455,19604,860,38964,California
El Dorado,2021-03-09,900,59440,225,28963,612,30291,63,186,550,19626,348,19952,614,39578,California
El Dorado,2021-03-10,773,60213,330,29293,421,30712,22,208,467,19811,304,20256,489,40067,California
El Dorado,2021-03-11,2773,62986,1782,31075,822,31534,169,377,1231,19675,1535,21791,1399,41466,California
El Dorado,2021-03-12,1463,64449,604,31679,627,32161,232,609,546,19546,913,22704,784,42250,California
El Dorado,2021-03-13,926,65375,345,32024,325,32486,256,865,336,19548,588,23292,590,42840,California
El Dorado,2021-03-14,664,66039,201,32225,358,32844,105,970,240,19470,424,23716,346,43186,California
El Dorado,2021-03-15,1278,67317,301,32526,854,33698,123,1093,519,19357,756,24472,643,43829,California
El Dorado,2021-03-16,1129,68446,385,32911,605,34303,139,1232,498,19369,625,25097,637,44466,California
El Dorado,2021-03-17,966,69412,316,33227,557,34860,93,1325,601,19698,365,25462,694,45160,California
El Dorado,2021-03-18,1925,71337,973,34200,910,35770,42,1367,1185,20190,736,26198,1228,46388,California
El Dorado,2021-03-19,832,72169,270,34470,437,36207,125,1492,431,20345,401,26599,556,46944,California
El Dorado,2021-03-20,750,72919,183,34653,554,36761,13,1505,263,20145,476,27075,276,47220,California
El Dorado,2021-03-21,930,73849,379,35032,544,37305,7,1512,840,20904,89,27164,848,48068,California
El Dorado,2021-03-22,1395,75244,447,35479,867,38172,81,1593,1100,21795,292,27456,1183,49251,California
El Dorado,2021-03-23,1027,76271,438,35917,499,38671,90,1683,649,22166,369,27825,740,49991,California
El Dorado,2021-03-24,1282,77553,603,36520,487,39158,192,1875,591,22274,684,28509,792,50783,California
El Dorado,2021-03-25,2282,79835,1589,38109,590,39748,103,1978,1270,22738,1008,29517,1472,52255,California
El Dorado,2021-03-26,1648,81483,669,38778,873,40621,106,2084,851,23044,785,30302,1091,53346,California
El Dorado,2021-03-27,1268,82751,169,38947,1095,41716,4,2088,300,22396,962,31264,314,53660,California
El Dorado,2021-03-28,601,83352,179,39126,411,42127,11,2099,186,22182,412,31676,198,53858,California
El Dorado,2021-03-29,1231,84583,428,39554,790,42917,13,2112,767,22505,461,32137,784,54642,California
El Dorado,2021-03-30,1259,85842,416,39970,754,43671,89,2201,644,22633,612,32749,740,55382,California
El Dorado,2021-03-31,1470,87312,575,40545,825,44496,70,2271,684,22630,783,33532,780,56162,California
El Dorado,2021-04-01,2969,90281,1612,42157,1276,45772,81,2352,1387,22607,1581,35113,1558,57720,California
El Dorado,2021-04-02,1738,92019,567,42724,1078,46850,93,2445,670,22408,1065,36178,866,58586,California
El Dorado,2021-04-03,722,92741,294,43018,328,47178,100,2545,223,22266,499,36677,357,58943,California
El Dorado,2021-04-04,248,92989,70,43088,137,47315,41,2586,83,22229,164,36841,127,59070,California
El Dorado,2021-04-05,1171,94160,372,43460,768,48083,31,2617,502,22117,666,37507,554,59624,California
El Dorado,2021-04-06,722,94882,314,43774,344,48427,64,2681,144,21756,576,38083,215,59839,California
Fresno,2020-12-15,1,1,1,1,0,0,0,0,1,1,0,0,1,1,California
Fresno,2020-12-16,120,121,120,121,0,0,0,0,120,121,0,0,120,121,California
Fresno,2020-12-17,119,240,119,240,0,0,0,0,119,240,0,0,119,240,California
Fresno,2020-12-18,344,584,344,584,0,0,0,0,344,584,0,0,344,584,California
Fresno,2020-12-19,157,741,157,741,0,0,0,0,157,741,0,0,157,741,California
Fresno,2020-12-20,255,996,254,995,1,1,0,0,255,996,0,0,255,996,California
Fresno,2020-12-21,928,1924,927,1922,1,2,0,0,960,1956,0,0,960,1956,California
Fresno,2020-12-22,900,2824,872,2794,28,30,0,0,904,2860,0,0,904,2860,California
Fresno,2020-12-23,1082,3906,1051,3845,31,61,0,0,1083,3943,0,0,1083,3943,California
Fresno,2020-12-24,578,4484,563,4408,15,76,0,0,578,4521,0,0,578,4521,California
Fresno,2020-12-25,3,4487,2,4410,1,77,0,0,3,4524,0,0,3,4524,California
Fresno,2020-12-26,720,5207,712,5122,8,85,0,0,720,5244,0,0,720,5244,California
Fresno,2020-12-27,299,5506,204,5326,95,180,0,0,299,5543,0,0,299,5543,California
Fresno,2020-12-28,1056,6562,772,6098,284,464,0,0,1056,6599,0,0,1056,6599,California
Fresno,2020-12-29,1776,8338,1039,7137,737,1201,0,0,1774,8372,1,1,1774,8373,California
Fresno,2020-12-30,972,9310,474,7611,498,1699,0,0,972,9344,0,1,972,9345,California
Fresno,2020-12-31,893,10203,311,7922,582,2281,0,0,892,10236,0,1,892,10237,California
Fresno,2021-01-01,9,10212,3,7925,6,2287,0,0,9,10245,0,1,9,10246,California
Fresno,2021-01-02,1028,11240,716,8641,312,2599,0,0,1028,11273,0,1,1028,11274,California
Fresno,2021-01-03,153,11393,128,8769,25,2624,0,0,153,11426,0,1,153,11427,California
Fresno,2021-01-04,607,12000,373,9142,234,2858,0,0,607,12033,0,1,607,12034,California
Fresno,2021-01-05,776,12776,311,9453,465,3323,0,0,702,12661,74,75,702,12736,California
Fresno,2021-01-06,968,13744,343,9796,625,3948,0,0,796,13285,172,247,796,13532,California
Fresno,2021-01-07,1873,15617,914,10710,959,4907,0,0,1621,14655,252,499,1622,15154,California
Fresno,2021-01-08,1771,17388,614,11324,1157,6064,0,0,1406,15699,363,862,1407,16561,California
Fresno,2021-01-09,628,18016,387,11711,241,6305,0,0,354,15779,274,1136,354,16915,California
Fresno,2021-01-10,513,18529,485,12196,28,6333,0,0,199,15664,314,1450,199,17114,California
Fresno,2021-01-11,2137,20666,1734,13930,403,6736,0,0,1443,16417,694,2144,1447,18561,California
Fresno,2021-01-12,2504,23170,1812,15742,692,7428,0,0,1656,17225,850,2994,1658,20219,California
Fresno,2021-01-13,3527,26697,2422,18164,1105,8533,0,0,2668,19036,859,3853,2670,22889,California
Fresno,2021-01-14,4133,30830,2208,20372,1925,10458,0,0,3660,22223,473,4326,3660,26549,California
Fresno,2021-01-15,3623,34453,2522,22894,1101,11559,0,0,3266,25134,357,4683,3268,29817,California
Fresno,2021-01-16,3134,37587,2293,25187,841,12400,0,0,2673,27347,461,5144,2674,32491,California
Fresno,2021-01-17,978,38565,555,25742,423,12823,0,0,778,27925,200,5344,778,33269,California
Fresno,2021-01-18,3071,41636,2363,28105,708,13531,0,0,2411,29680,658,6002,2413,35682,California
Fresno,2021-01-19,4299,45935,2538,30643,1761,15292,0,0,3657,32703,642,6644,3665,39347,California
Fresno,2021-01-20,2980,48915,1184,31827,1796,17088,0,0,2693,35110,288,6932,2695,42042,California
Fresno,2021-01-21,4327,53242,2001,33828,2326,19414,0,0,3980,38767,329,7261,3986,46028,California
Fresno,2021-01-22,3294,56536,1340,35168,1954,21368,0,0,2908,41306,370,7631,2909,48937,California
Fresno,2021-01-23,3032,59568,1957,37125,1075,22443,0,0,2309,42901,723,8354,2318,51255,California
Fresno,2021-01-24,551,60119,373,37498,178,22621,0,0,348,43049,203,8557,351,51606,California
Fresno,2021-01-25,2326,62445,860,38358,1466,24087,0,0,1842,44414,484,9041,1849,53455,California
Fresno,2021-01-26,2009,64454,578,38936,1431,25518,0,0,1300,45010,707,9748,1303,54758,California
Fresno,2021-01-27,2236,66690,1156,40092,1080,26598,0,0,1723,46223,513,10261,1726,56484,California
Fresno,2021-01-28,4450,71140,3023,43115,1427,28025,0,0,3446,48671,1001,11262,3449,59933,California
Fresno,2021-01-29,1692,72832,983,44098,709,28734,0,0,1395,49773,294,11556,1396,61329,California
Fresno,2021-01-30,1418,74250,527,44625,891,29625,0,0,1008,50371,410,11966,1008,62337,California
Fresno,2021-01-31,228,74478,219,44844,9,29634,0,0,74,50291,154,12120,74,62411,California
Fresno,2021-02-01,3323,77801,1658,46502,1665,31299,0,0,1728,50527,1594,13714,1830,64241,California
Fresno,2021-02-02,2719,80520,546,47048,2173,33472,0,0,1547,50980,1159,14873,1612,65853,California
Fresno,2021-02-03,3491,84011,2045,49093,1446,34918,0,0,1530,50569,1942,16815,1531,67384,California
Fresno,2021-02-04,4198,88209,1907,51000,2291,37209,0,0,1928,50262,2240,19055,1933,69317,California
Fresno,2021-02-05,5197,93406,2600,53600,2597,39806,0,0,2183,49440,3007,22062,2185,71502,California
Fresno,2021-02-06,2924,96330,2039,55639,885,40691,0,0,963,48449,1956,24018,965,72467,California
Fresno,2021-02-07,460,96790,285,55924,175,40866,0,0,271,48532,188,24206,271,72738,California
Fresno,2021-02-08,4278,101068,2302,58226,1976,42842,0,0,1816,47918,2439,26645,1825,74563,California
Fresno,2021-02-09,5332,106400,2089,60315,3243,46085,0,0,3132,48932,2126,28771,3140,77703,California
Fresno,2021-02-10,3665,110065,1227,61542,2438,48523,0,0,1964,49254,1648,30419,1970,79673,California
Fresno,2021-02-11,6348,116413,2087,63629,4261,52784,0,0,3366,49654,2970,33389,3370,83043,California
Fresno,2021-02-12,5349,121762,1374,65003,3975,56759,0,0,2747,49821,2586,35975,2753,85796,California
Fresno,2021-02-13,3717,125479,1544,66547,2173,58932,0,0,2072,50263,1633,37608,2075,87871,California
Fresno,2021-02-14,1556,127035,282,66829,1274,60206,0,0,846,50401,709,38317,847,88718,California
Fresno,2021-02-15,2866,129901,270,67099,2596,62802,0,0,1764,51070,1098,39415,1767,90485,California
Fresno,2021-02-16,6617,136518,2389,69488,4228,67030,0,0,4216,52906,2385,41800,4221,94706,California
Fresno,2021-02-17,5301,141819,2442,71930,2859,69889,0,0,2966,53594,2290,44090,2978,97684,California
Fresno,2021-02-18,6803,148622,2908,74838,3895,73784,0,0,2574,52001,4179,48269,2586,100270,California
Fresno,2021-02-19,3804,152426,1104,75942,2700,76484,0,0,1837,51885,1956,50225,1840,102110,California
Fresno,2021-02-20,4529,156955,2494,78436,2035,78519,0,0,3070,53507,1453,51678,3075,105185,California
Fresno,2021-02-21,179,157134,163,78599,16,78535,0,0,127,53593,41,51719,127,105312,California
Fresno,2021-02-22,2173,159307,961,79560,1212,79747,0,0,1199,53834,965,52684,1206,106518,California
Fresno,2021-02-23,3824,163131,1445,81005,2379,82126,0,0,2970,55964,846,53530,2976,109494,California
Fresno,2021-02-24,4104,167235,1494,82499,2610,84736,0,0,3366,58605,728,54258,3369,112863,California
Fresno,2021-02-25,7407,174642,2484,84983,4923,89659,0,0,5964,63195,1380,55638,5970,118833,California
Fresno,2021-02-26,8136,182778,2993,87976,5143,94802,0,0,6874,68834,1239,56877,6878,125711,California
Fresno,2021-02-27,6249,189027,2183,90159,4066,98868,0,0,5570,73742,670,57547,5578,131289,California
Fresno,2021-02-28,1628,190655,527,90686,1101,99969,0,0,1531,75200,86,57633,1544,132833,California
Fresno,2021-03-01,4757,195412,1245,91931,3512,103481,0,0,3496,77454,1249,58882,3503,136336,California
Fresno,2021-03-02,8234,203646,2253,94184,5981,109462,0,0,6907,83084,1302,60184,6932,143268,California
Fresno,2021-03-03,5953,209599,1378,95562,4575,114037,0,0,4979,87194,963,61147,5073,148341,California
Fresno,2021-03-04,8077,217676,2281,97843,5796,119833,0,0,6593,92335,1462,62609,6603,154944,California
Fresno,2021-03-05,7244,224920,2585,100428,4658,124491,1,1,6295,97850,818,63427,6333,161277,California
Fresno,2021-03-06,6184,231104,3365,103793,2706,127197,113,114,5266,102320,914,64341,5384,166661,California
Fresno,2021-03-07,1314,232418,537,104330,742,127939,35,149,1092,103226,221,64562,1127,167788,California
Fresno,2021-03-08,4589,237007,1703,106033,2754,130693,132,281,3454,105697,1130,65692,3601,171389,California
Fresno,2021-03-09,6624,243631,2234,108267,4123,134816,267,548,3749,106891,2863,68555,4057,175446,California
Fresno,2021-03-10,5931,249562,2363,110630,3208,138024,360,908,4575,110491,1345,69900,4945,180391,California
Fresno,2021-03-11,10301,259863,3984,114614,5798,143822,519,1427,5598,112012,4672,74572,6193,186584,California
Fresno,2021-03-12,9874,269737,4217,118831,5269,149091,388,1815,7380,117450,2480,77052,7918,194502,California
Fresno,2021-03-13,6808,276545,3628,122459,2281,151372,899,2714,3207,118055,3584,80636,4189,198691,California
Fresno,2021-03-14,1232,277777,387,122846,576,151948,269,2983,496,118087,733,81369,765,199456,California
Fresno,2021-03-15,6636,284413,2830,125676,3643,155591,163,3146,4530,120882,2097,83466,4892,204348,California
Fresno,2021-03-16,9849,294262,4323,129999,5148,160739,378,3524,6023,123586,3800,87266,6504,210852,California
Fresno,2021-03-17,7726,301988,3588,133587,3606,164345,532,4056,5185,127164,2523,89789,6101,216953,California
Fresno,2021-03-18,10266,312254,5662,139249,4057,168402,547,4603,6616,131071,3616,93405,7523,224476,California
Fresno,2021-03-19,9382,321636,5010,144259,3926,172328,446,5049,6328,135085,3031,96436,7045,231521,California
Fresno,2021-03-20,5184,326820,2952,147211,2034,174362,198,5247,3064,136429,2112,98548,3456,234977,California
Fresno,2021-03-21,1724,328544,1174,148385,188,174550,362,5609,933,136942,787,99335,1300,236277,California
Fresno,2021-03-22,5499,334043,2801,151186,2108,176658,590,6199,3670,139644,1798,101133,4500,240777,California
Fresno,2021-03-23,10427,344470,5183,156369,4808,181466,436,6635,6049,142264,4341,105474,6961,247738,California
Fresno,2021-03-24,8429,352899,3558,159927,4059,185525,812,7447,4669,144185,3732,109206,5653,253391,California
Fresno,2021-03-25,11807,364706,5486,165413,5630,191155,691,8138,6102,145614,5670,114876,7099,260490,California
Fresno,2021-03-26,11739,376445,5264,170677,5842,196997,633,8771,5204,145072,6489,121365,5947,266437,California
Fresno,2021-03-27,9247,385692,4095,174772,4116,201113,1036,9807,2883,142767,6334,127699,4029,270466,California
Fresno,2021-03-28,3141,388833,1179,175951,1384,202497,578,10385,1329,143133,1806,129505,2172,272638,California
Fresno,2021-03-29,5886,394719,1911,177862,3431,205928,544,10929,2843,143539,3015,132520,3421,276059,California
Fresno,2021-03-30,10425,405144,4069,181931,5501,211429,855,11784,4395,142861,6005,138525,5327,281386,California
Fresno,2021-03-31,8478,413622,3248,185179,4274,215703,956,12740,3750,143007,4683,143208,4829,286215,California
Fresno,2021-04-01,10628,424250,3911,189090,5898,221601,819,13559,3706,140900,6846,150054,4739,290954,California
Fresno,2021-04-02,10059,434309,4348,193438,4995,226596,716,14275,4063,140262,5804,155858,5166,296120,California
Fresno,2021-04-03,6017,440326,3302,196740,2479,229075,236,14511,2202,139046,3794,159652,2578,298698,California
Fresno,2021-04-04,1447,441773,513,197253,894,229969,40,14551,601,138864,837,160489,655,299353,California
Fresno,2021-04-05,6308,448081,2843,200096,2797,232766,668,15219,2063,137571,4229,164718,2936,302289,California
Fresno,2021-04-06,3948,452029,1283,201379,2139,234905,526,15745,1708,137653,2213,166931,2295,304584,California
Glenn,2020-12-17,1,1,1,1,0,0,0,0,1,1,0,0,1,1,California
Glenn,2020-12-19,1,2,1,2,0,0,0,0,1,2,0,0,1,2,California
Glenn,2020-12-20,1,3,1,3,0,0,0,0,1,3,0,0,1,3,California
Glenn,2020-12-21,11,14,11,14,0,0,0,0,11,14,0,0,11,14,California
Glenn,2020-12-22,59,73,59,73,0,0,0,0,59,73,0,0,59,73,California
Glenn,2020-12-23,26,99,26,99,0,0,0,0,26,99,0,0,26,99,California
Glenn,2020-12-24,9,108,9,108,0,0,0,0,9,108,0,0,9,108,California
Glenn,2020-12-26,2,110,2,110,0,0,0,0,2,110,0,0,2,110,California
Glenn,2020-12-27,4,114,4,114,0,0,0,0,4,114,0,0,4,114,California
Glenn,2020-12-28,20,134,20,134,0,0,0,0,20,134,0,0,20,134,California
Glenn,2020-12-29,82,216,82,216,0,0,0,0,82,216,0,0,82,216,California
Glenn,2020-12-30,129,345,107,323,22,22,0,0,129,345,0,0,129,345,California
Glenn,2020-12-31,38,383,9,332,29,51,0,0,38,383,0,0,38,383,California
Glenn,2021-01-02,2,385,2,334,0,51,0,0,2,385,0,0,2,385,California
Glenn,2021-01-04,7,392,5,339,2,53,0,0,7,392,0,0,7,392,California
Glenn,2021-01-05,9,401,8,347,1,54,0,0,9,401,0,0,9,401,California
Glenn,2021-01-06,61,462,9,356,52,106,0,0,61,462,0,0,61,462,California
Glenn,2021-01-07,66,528,12,368,54,160,0,0,64,524,2,2,64,526,California
Glenn,2021-01-08,11,539,9,377,2,162,0,0,11,535,0,2,11,537,California
Glenn,2021-01-10,1,540,1,378,0,162,0,0,0,534,1,3,0,537,California
Glenn,2021-01-11,30,570,30,408,0,162,0,0,12,528,18,21,12,549,California
Glenn,2021-01-12,42,612,37,445,5,167,0,0,14,514,28,49,14,563,California
Glenn,2021-01-13,153,765,88,533,65,232,0,0,110,581,43,92,110,673,California
Glenn,2021-01-14,183,948,95,628,88,320,0,0,173,744,10,102,173,846,California
Glenn,2021-01-15,42,990,34,662,8,328,0,0,37,776,5,107,37,883,California
Glenn,2021-01-16,34,1024,14,676,20,348,0,0,24,790,10,117,24,907,California
Glenn,2021-01-17,4,1028,2,678,2,350,0,0,2,790,2,119,2,909,California
Glenn,2021-01-18,17,1045,16,694,1,351,0,0,9,791,8,127,9,918,California
Glenn,2021-01-19,28,1073,18,712,10,361,0,0,12,787,16,143,12,930,California
Glenn,2021-01-20,162,1235,93,805,69,430,0,0,81,787,81,224,81,1011,California
Glenn,2021-01-21,124,1359,98,903,26,456,0,0,29,721,95,319,29,1040,California
Glenn,2021-01-22,336,1695,63,966,273,729,0,0,329,1043,7,326,329,1369,California
Glenn,2021-01-23,14,1709,7,973,7,736,0,0,12,1053,2,328,12,1381,California
Glenn,2021-01-24,1,1710,1,974,0,736,0,0,1,1054,0,328,1,1382,California
Glenn,2021-01-25,27,1737,9,983,18,754,0,0,24,1075,3,331,24,1406,California
Glenn,2021-01-26,29,1766,13,996,16,770,0,0,23,1092,6,337,23,1429,California
Glenn,2021-01-27,188,1954,14,1010,174,944,0,0,166,1236,22,359,166,1595,California
Glenn,2021-01-28,145,2099,8,1018,137,1081,0,0,115,1321,30,389,115,1710,California
Glenn,2021-01-29,296,2395,11,1029,285,1366,0,0,282,1589,14,403,282,1992,California
Glenn,2021-01-30,4,2399,0,1029,4,1370,0,0,4,1593,0,403,4,1996,California
Glenn,2021-01-31,1,2400,0,1029,1,1371,0,0,1,1594,0,403,1,1997,California
Glenn,2021-02-01,29,2429,10,1039,19,1390,0,0,17,1599,12,415,17,2014,California
Glenn,2021-02-02,27,2456,12,1051,15,1405,0,0,18,1608,9,424,18,2032,California
Glenn,2021-02-03,206,2662,58,1109,148,1553,0,0,111,1624,95,519,111,2143,California
Glenn,2021-02-04,149,2811,84,1193,65,1618,0,0,45,1565,104,623,45,2188,California
Glenn,2021-02-05,320,3131,24,1217,296,1914,0,0,301,1847,19,642,301,2489,California
Glenn,2021-02-06,15,3146,2,1219,13,1927,0,0,14,1860,1,643,14,2503,California
Glenn,2021-02-07,1,3147,1,1220,0,1927,0,0,1,1861,0,643,1,2504,California
Glenn,2021-02-08,21,3168,17,1237,4,1931,0,0,4,1848,17,660,4,2508,California
Glenn,2021-02-09,48,3216,19,1256,29,1960,0,0,36,1872,12,672,36,2544,California
Glenn,2021-02-10,138,3354,19,1275,119,2079,0,0,64,1862,74,746,64,2608,California
Glenn,2021-02-11,233,3587,134,1409,99,2178,0,0,151,1931,82,828,151,2759,California
Glenn,2021-02-12,422,4009,100,1509,322,2500,0,0,358,2225,64,892,358,3117,California
Glenn,2021-02-13,33,4042,7,1516,26,2526,0,0,15,2222,18,910,15,3132,California
Glenn,2021-02-14,1,4043,0,1516,1,2527,0,0,1,2223,0,910,1,3133,California
Glenn,2021-02-15,8,4051,0,1516,8,2535,0,0,8,2231,0,910,8,3141,California
Glenn,2021-02-16,39,4090,9,1525,30,2565,0,0,21,2234,18,928,21,3162,California
Glenn,2021-02-17,381,4471,15,1540,366,2931,0,0,303,2459,78,1006,303,3465,California
Glenn,2021-02-18,138,4609,103,1643,35,2966,0,0,114,2549,24,1030,114,3579,California
Glenn,2021-02-19,303,4912,16,1659,287,3253,0,0,30,2306,273,1303,30,3609,California
Glenn,2021-02-20,8,4920,0,1659,8,3261,0,0,0,2298,8,1311,0,3609,California
Glenn,2021-02-22,32,4952,13,1672,19,3280,0,0,16,2298,16,1327,16,3625,California
Glenn,2021-02-23,40,4992,10,1682,30,3310,0,0,28,2314,12,1339,28,3653,California
Glenn,2021-02-24,223,5215,16,1698,207,3517,0,0,49,2189,174,1513,49,3702,California
Glenn,2021-02-25,262,5477,147,1845,115,3632,0,0,119,2165,143,1656,119,3821,California
Glenn,2021-02-26,304,5781,24,1869,280,3912,0,0,20,1902,283,1939,20,3841,California
Glenn,2021-02-27,14,5795,5,1874,9,3921,0,0,5,1899,8,1947,5,3846,California
Glenn,2021-02-28,5,5800,2,1876,3,3924,0,0,3,1901,1,1948,3,3849,California
Glenn,2021-03-01,29,5829,6,1882,23,3947,0,0,12,1896,17,1965,12,3861,California
Glenn,2021-03-02,36,5865,7,1889,29,3976,0,0,17,1894,19,1984,17,3878,California
Glenn,2021-03-03,180,6045,25,1914,155,4131,0,0,88,1892,90,2074,88,3966,California
Glenn,2021-03-04,479,6524,179,2093,300,4431,0,0,334,2081,145,2219,334,4300,California
Glenn,2021-03-05,331,6855,45,2138,286,4717,0,0,34,1818,297,2516,34,4334,California
Glenn,2021-03-06,28,6883,4,2142,23,4740,1,1,11,1813,17,2533,12,4346,California
Glenn,2021-03-07,5,6888,0,2142,5,4745,0,1,3,1815,1,2534,3,4349,California
Glenn,2021-03-08,21,6909,2,2144,18,4763,1,2,19,1833,2,2536,20,4369,California
Glenn,2021-03-09,70,6979,10,2154,57,4820,3,5,46,1858,24,2560,49,4418,California
Glenn,2021-03-10,165,7144,68,2222,95,4915,2,7,91,1877,74,2634,93,4511,California
Glenn,2021-03-11,504,7648,168,2390,322,5237,14,21,381,2149,123,2757,395,4906,California
Glenn,2021-03-12,398,8046,12,2402,336,5573,50,71,35,1871,363,3120,85,4991,California
Glenn,2021-03-13,10,8056,1,2403,1,5574,8,79,0,1869,10,3130,8,4999,California
Glenn,2021-03-14,3,8059,1,2404,2,5576,0,79,2,1870,1,3131,2,5001,California
Glenn,2021-03-15,74,8133,16,2420,54,5630,4,83,60,1920,14,3145,64,5065,California
Glenn,2021-03-16,101,8234,30,2450,61,5691,10,93,59,1947,42,3187,69,5134,California
Glenn,2021-03-17,415,8649,98,2548,311,6002,6,99,113,1763,302,3489,118,5252,California
Glenn,2021-03-18,459,9108,192,2740,44,6046,223,322,124,1775,335,3824,347,5599,California
Glenn,2021-03-19,87,9195,14,2754,69,6115,4,326,69,1831,17,3841,73,5672,California
Glenn,2021-03-20,74,9269,2,2756,72,6187,0,326,73,1903,1,3842,73,5745,California
Glenn,2021-03-21,7,9276,6,2762,0,6187,1,327,4,1906,2,3844,5,5750,California
Glenn,2021-03-22,116,9392,52,2814,55,6242,9,336,95,1991,19,3863,104,5854,California
Glenn,2021-03-23,154,9546,66,2880,50,6292,38,374,94,2064,59,3922,132,5986,California
Glenn,2021-03-24,196,9742,90,2970,101,6393,5,379,133,2140,62,3984,138,6124,California
Glenn,2021-03-25,463,10205,235,3205,135,6528,93,472,333,2437,129,4113,426,6550,California
Glenn,2021-03-26,227,10432,35,3240,154,6682,38,510,174,2598,53,4166,214,6764,California
Glenn,2021-03-27,149,10581,21,3261,124,6806,4,514,139,2731,10,4176,143,6907,California
Glenn,2021-03-28,14,10595,9,3270,5,6811,0,514,10,2737,4,4180,10,6917,California
Glenn,2021-03-29,55,10650,19,3289,33,6844,3,517,41,2767,14,4194,44,6961,California
Glenn,2021-03-30,73,10723,40,3329,32,6876,1,518,44,2784,28,4222,45,7006,California
Glenn,2021-03-31,120,10843,34,3363,86,6962,0,518,53,2770,67,4289,53,7059,California
Glenn,2021-04-01,643,11486,185,3548,448,7410,10,528,231,2644,412,4701,286,7345,California
Glenn,2021-04-02,155,11641,25,3573,120,7530,10,538,122,2744,33,4734,133,7478,California
Glenn,2021-04-03,92,11733,7,3580,80,7610,5,543,81,2820,10,4744,86,7564,California
Glenn,2021-04-04,6,11739,2,3582,3,7613,1,544,3,2821,3,4747,4,7568,California
Glenn,2021-04-05,51,11790,12,3594,28,7641,11,555,15,2812,36,4783,27,7595,California
Glenn,2021-04-06,107,11897,30,3624,42,7683,35,590,20,2782,87,4870,57,7652,California
Humboldt,2020-12-15,2,2,2,2,0,0,0,0,2,2,0,0,2,2,California
Humboldt,2020-12-16,15,17,15,17,0,0,0,0,15,17,0,0,15,17,California
Humboldt,2020-12-17,115,132,115,132,0,0,0,0,115,132,0,0,115,132,California
Humboldt,2020-12-18,173,305,173,305,0,0,0,0,173,305,0,0,173,305,California
Humboldt,2020-12-19,10,315,10,315,0,0,0,0,10,315,0,0,10,315,California
Humboldt,2020-12-20,28,343,28,343,0,0,0,0,28,343,0,0,28,343,California
Humboldt,2020-12-21,165,508,165,508,0,0,0,0,165,508,0,0,165,508,California
Humboldt,2020-12-22,288,796,288,796,0,0,0,0,288,796,0,0,288,796,California
Humboldt,2020-12-23,308,1104,260,1056,48,48,0,0,309,1105,0,0,309,1105,California
Humboldt,2020-12-24,25,1129,2,1058,23,71,0,0,25,1130,0,0,25,1130,California
Humboldt,2020-12-25,2,1131,2,1060,0,71,0,0,2,1132,0,0,2,1132,California
Humboldt,2020-12-26,7,1138,6,1066,1,72,0,0,7,1139,0,0,7,1139,California
Humboldt,2020-12-27,1,1139,0,1066,1,73,0,0,1,1140,0,0,1,1140,California
Humboldt,2020-12-28,152,1291,143,1209,9,82,0,0,152,1292,0,0,152,1292,California
Humboldt,2020-12-29,164,1455,121,1330,43,125,0,0,164,1456,0,0,164,1456,California
Humboldt,2020-12-30,221,1676,122,1452,99,224,0,0,221,1677,0,0,221,1677,California
Humboldt,2020-12-31,242,1918,80,1532,162,386,0,0,242,1919,0,0,242,1919,California
Humboldt,2021-01-01,1,1919,1,1533,0,386,0,0,1,1920,0,0,1,1920,California
Humboldt,2021-01-02,38,1957,1,1534,37,423,0,0,38,1958,0,0,38,1958,California
Humboldt,2021-01-04,215,2172,142,1676,73,496,0,0,216,2174,0,0,216,2174,California
Humboldt,2021-01-05,126,2298,18,1694,108,604,0,0,125,2298,1,1,125,2299,California
Humboldt,2021-01-06,299,2597,202,1896,97,701,0,0,228,2466,60,61,228,2527,California
Humboldt,2021-01-07,417,3014,304,2200,113,814,0,0,306,2676,96,157,306,2833,California
Humboldt,2021-01-08,417,3431,279,2479,138,952,0,0,284,2831,129,286,284,3117,California
Humboldt,2021-01-09,69,3500,45,2524,24,976,0,0,66,2895,3,289,67,3184,California
Humboldt,2021-01-10,84,3584,84,2608,0,976,0,0,4,2819,80,369,4,3188,California
Humboldt,2021-01-11,286,3870,275,2883,11,987,0,0,74,2685,208,577,74,3262,California
Humboldt,2021-01-12,478,4348,315,3198,163,1150,0,0,298,2825,158,735,298,3560,California
Humboldt,2021-01-13,473,4821,271,3469,202,1352,0,0,297,2950,173,908,298,3858,California
Humboldt,2021-01-14,517,5338,161,3630,356,1708,0,0,461,3356,56,964,462,4320,California
Humboldt,2021-01-15,374,5712,40,3670,334,2042,0,0,356,3695,17,981,356,4676,California
Humboldt,2021-01-16,169,5881,6,3676,163,2205,0,0,168,3862,1,982,168,4844,California
Humboldt,2021-01-17,4,5885,3,3679,1,2206,0,0,4,3866,0,982,4,4848,California
Humboldt,2021-01-18,289,6174,254,3933,35,2241,0,0,140,3857,149,1131,140,4988,California
Humboldt,2021-01-19,618,6792,372,4305,246,2487,0,0,492,4229,120,1251,492,5480,California
Humboldt,2021-01-20,875,7667,364,4669,511,2998,0,0,763,4883,111,1362,765,6245,California
Humboldt,2021-01-21,958,8625,261,4930,697,3695,0,0,918,5760,41,1403,918,7163,California
Humboldt,2021-01-22,676,9301,377,5307,299,3994,0,0,668,6420,8,1411,668,7831,California
Humboldt,2021-01-23,762,10063,250,5557,512,4506,0,0,756,7171,6,1417,757,8588,California
Humboldt,2021-01-24,224,10287,1,5558,223,4729,0,0,224,7395,0,1417,224,8812,California
Humboldt,2021-01-25,299,10586,228,5786,71,4800,0,0,145,7386,154,1571,145,8957,California
Humboldt,2021-01-26,519,11105,136,5922,383,5183,0,0,472,7811,47,1618,472,9429,California
Humboldt,2021-01-27,1255,12360,586,6508,669,5852,0,0,1191,8945,57,1675,1191,10620,California
Humboldt,2021-01-28,1444,13804,627,7135,817,6669,0,0,1307,10120,134,1809,1309,11929,California
Humboldt,2021-01-29,1124,14928,540,7675,584,7253,0,0,708,10412,416,2225,708,12637,California
Humboldt,2021-01-30,966,15894,455,8130,511,7764,0,0,957,11360,9,2234,957,13594,California
Humboldt,2021-01-31,308,16202,307,8437,1,7765,0,0,306,11664,2,2236,306,13900,California
Humboldt,2021-02-01,321,16523,181,8618,140,7905,0,0,184,11713,135,2371,184,14084,California
Humboldt,2021-02-02,432,16955,64,8682,368,8273,0,0,335,11954,96,2467,337,14421,California
Humboldt,2021-02-03,643,17598,257,8939,386,8659,0,0,495,12301,148,2615,495,14916,California
Humboldt,2021-02-04,636,18234,262,9201,374,9033,0,0,441,12549,193,2808,441,15357,California
Humboldt,2021-02-05,812,19046,96,9297,716,9749,0,0,629,12995,183,2991,629,15986,California
Humboldt,2021-02-06,1028,20074,418,9715,610,10359,0,0,987,13943,39,3030,987,16973,California
Humboldt,2021-02-07,378,20452,7,9722,371,10730,0,0,375,14315,3,3033,375,17348,California
Humboldt,2021-02-08,310,20762,128,9850,182,10912,0,0,173,14352,136,3169,173,17521,California
Humboldt,2021-02-09,483,21245,209,10059,274,11186,0,0,173,14215,310,3479,173,17694,California
Humboldt,2021-02-10,559,21804,368,10427,191,11377,0,0,232,14125,322,3801,232,17926,California
Humboldt,2021-02-11,1285,23089,389,10816,896,12273,0,0,505,13853,777,4578,505,18431,California
Humboldt,2021-02-12,1140,24229,731,11547,409,12682,0,0,704,14121,436,5014,704,19135,California
Humboldt,2021-02-13,1428,25657,483,12030,945,13627,0,0,858,14413,567,5581,859,19994,California
Humboldt,2021-02-14,115,25772,6,12036,109,13736,0,0,112,14523,2,5583,112,20106,California
Humboldt,2021-02-15,290,26062,76,12112,214,13950,0,0,195,14624,95,5678,196,20302,California
Humboldt,2021-02-16,522,26584,109,12221,413,14363,0,0,247,14597,275,5953,248,20550,California
Humboldt,2021-02-17,442,27026,273,12494,169,14532,0,0,136,14427,306,6259,136,20686,California
Humboldt,2021-02-18,970,27996,600,13094,370,14902,0,0,230,13918,739,6998,230,20916,California
Humboldt,2021-02-19,480,28476,438,13532,42,14944,0,0,93,13627,384,7382,93,21009,California
Humboldt,2021-02-20,1507,29983,908,14440,599,15543,0,0,421,12966,1084,8466,423,21432,California
Humboldt,2021-02-21,478,30461,469,14909,9,15552,0,0,191,12870,287,8753,191,21623,California
Humboldt,2021-02-22,112,30573,79,14988,33,15585,0,0,25,12810,85,8838,25,21648,California
Humboldt,2021-02-23,164,30737,63,15051,101,15686,0,0,41,12730,121,8959,41,21689,California
Humboldt,2021-02-24,1147,31884,688,15739,459,16145,0,0,573,12730,573,9532,573,22262,California
Humboldt,2021-02-25,833,32717,323,16062,510,16655,0,0,232,12363,599,10131,232,22494,California
Humboldt,2021-02-26,2140,34857,107,16169,2033,18688,0,0,455,11138,1680,11811,455,22949,California
Humboldt,2021-02-27,1595,36452,994,17163,601,19289,0,0,836,11219,757,12568,838,23787,California
Humboldt,2021-02-28,125,36577,13,17176,112,19401,0,0,118,11330,7,12575,118,23905,California
Humboldt,2021-03-01,248,36825,45,17221,203,19604,0,0,175,11432,73,12648,175,24080,California
Humboldt,2021-03-02,273,37098,41,17262,231,19835,1,1,154,11468,119,12767,155,24235,California
Humboldt,2021-03-03,1528,38626,1046,18308,482,20317,0,1,1117,12181,405,13172,1118,25353,California
Humboldt,2021-03-04,864,39490,99,18407,765,21082,0,1,259,11836,605,13777,260,25613,California
Humboldt,2021-03-05,912,40402,171,18578,731,21813,10,11,359,11656,549,14326,369,25982,California
Humboldt,2021-03-06,1582,41984,735,19313,798,22611,49,60,700,11526,881,15207,751,26733,California
Humboldt,2021-03-07,360,42344,297,19610,47,22658,16,76,156,11495,203,15410,172,26905,California
Humboldt,2021-03-08,234,42578,19,19629,144,22802,71,147,147,11626,87,15497,218,27123,California
Humboldt,2021-03-09,433,43011,195,19824,112,22914,126,273,211,11743,220,15717,337,27460,California
Humboldt,2021-03-10,607,43618,429,20253,67,22981,111,384,382,12012,224,15941,493,27953,California
Humboldt,2021-03-11,1264,44882,405,20658,763,23744,96,480,485,11815,777,16718,580,28533,California
Humboldt,2021-03-12,1568,46450,1004,21662,364,24108,200,680,975,12407,585,17303,1177,29710,California
Humboldt,2021-03-13,1396,47846,955,22617,397,24505,44,724,647,12355,743,18046,691,30401,California
Humboldt,2021-03-14,93,47939,14,22631,72,24577,7,731,19,12307,74,18120,26,30427,California
Humboldt,2021-03-15,276,48215,50,22681,205,24782,21,752,59,12170,217,18337,80,30507,California
Humboldt,2021-03-16,626,48841,204,22885,173,24955,249,1001,270,12332,356,18693,518,31025,California
Humboldt,2021-03-17,716,49557,391,23276,223,25178,102,1103,328,12375,387,19080,430,31455,California
Humboldt,2021-03-18,1276,50833,822,24098,423,25601,31,1134,733,12602,537,19617,764,32219,California
Humboldt,2021-03-19,930,51763,57,24155,568,26169,305,1439,352,12683,576,20193,657,32876,California
Humboldt,2021-03-20,961,52724,578,24733,372,26541,11,1450,271,12280,689,20882,286,33162,California
Humboldt,2021-03-21,246,52970,34,24767,184,26725,28,1478,199,12460,47,20929,227,33389,California
Humboldt,2021-03-22,119,53089,24,24791,50,26775,45,1523,68,12523,50,20979,113,33502,California
Humboldt,2021-03-23,419,53508,54,24845,320,27095,45,1568,328,12806,90,21069,373,33875,California
Humboldt,2021-03-24,1341,54849,356,25201,941,28036,44,1612,1002,13540,332,21401,1066,34941,California
Humboldt,2021-03-25,1726,56575,1150,26351,515,28551,61,1673,857,13597,864,22265,921,35862,California
Humboldt,2021-03-26,2000,58575,429,26780,1516,30067,55,1728,1564,14795,432,22697,1630,37492,California
Humboldt,2021-03-27,1878,60453,1399,28179,316,30383,163,1891,1035,15154,841,23538,1200,38692,California
Humboldt,2021-03-28,257,60710,77,28256,113,30496,67,1958,79,15122,178,23716,146,38838,California
Humboldt,2021-03-29,465,61175,123,28379,252,30748,90,2048,201,15150,263,23979,291,39129,California
Humboldt,2021-03-30,917,62092,291,28670,538,31286,88,2136,569,15467,345,24324,662,39791,California
Humboldt,2021-03-31,1739,63831,457,29127,1187,32473,95,2231,1335,16527,402,24726,1462,41253,California
Humboldt,2021-04-01,1985,65816,658,29785,1245,33718,82,2313,1400,17449,579,25305,1501,42754,California
Humboldt,2021-04-02,1608,67424,1033,30818,478,34196,97,2410,561,17097,1040,26345,688,43442,California
Humboldt,2021-04-03,1534,68958,1374,32192,143,34339,17,2427,590,16784,936,27281,623,44065,California
Humboldt,2021-04-04,430,69388,322,32514,99,34438,9,2436,364,17093,66,27347,375,44440,California
Humboldt,2021-04-05,448,69836,262,32776,169,34607,17,2453,181,17038,267,27614,212,44652,California
Humboldt,2021-04-06,333,70169,24,32800,277,34884,32,2485,260,17260,70,27684,292,44944,California
Imperial,2020-12-16,1,1,1,1,0,0,0,0,1,1,0,0,1,1,California
Imperial,2020-12-17,4,5,4,5,0,0,0,0,4,5,0,0,4,5,California
Imperial,2020-12-18,11,16,11,16,0,0,0,0,11,16,0,0,11,16,California
Imperial,2020-12-20,2,18,2,18,0,0,0,0,2,18,0,0,2,18,California
Imperial,2020-12-21,186,204,186,204,0,0,0,0,186,204,0,0,186,204,California
Imperial,2020-12-22,242,446,240,444,2,2,0,0,242,446,0,0,242,446,California
Imperial,2020-12-23,212,658,211,655,1,3,0,0,211,657,0,0,211,657,California
Imperial,2020-12-24,5,663,5,660,0,3,0,0,5,662,0,0,5,662,California
Imperial,2020-12-26,1,664,0,660,1,4,0,0,1,663,0,0,1,663,California
Imperial,2020-12-27,62,726,0,660,62,66,0,0,62,725,0,0,62,725,California
Imperial,2020-12-28,215,941,114,774,101,167,0,0,215,940,0,0,215,940,California
Imperial,2020-12-29,188,1129,35,809,153,320,0,0,188,1128,0,0,188,1128,California
Imperial,2020-12-30,366,1495,49,858,317,637,0,0,366,1494,0,0,366,1494,California
Imperial,2020-12-31,200,1695,26,884,174,811,0,0,200,1694,0,0,200,1694,California
Imperial,2021-01-01,45,1740,5,889,40,851,0,0,45,1739,0,0,45,1739,California
Imperial,2021-01-02,4,1744,0,889,4,855,0,0,4,1743,0,0,4,1743,California
Imperial,2021-01-03,90,1834,0,889,90,945,0,0,90,1833,0,0,90,1833,California
Imperial,2021-01-04,84,1918,4,893,80,1025,0,0,84,1917,0,0,84,1917,California
Imperial,2021-01-05,172,2090,13,906,159,1184,0,0,172,2089,0,0,172,2089,California
Imperial,2021-01-06,190,2280,25,931,165,1349,0,0,189,2277,1,1,189,2278,California
Imperial,2021-01-07,319,2599,9,940,310,1659,0,0,316,2590,3,4,316,2594,California
Imperial,2021-01-08,190,2789,50,990,140,1799,0,0,181,2762,9,13,181,2775,California
Imperial,2021-01-09,24,2813,21,1011,3,1802,0,0,24,2786,0,13,24,2799,California
Imperial,2021-01-10,1,2814,0,1011,1,1803,0,0,1,2787,0,13,1,2800,California
Imperial,2021-01-11,401,3215,243,1254,158,1961,0,0,172,2730,229,242,172,2972,California
Imperial,2021-01-12,404,3619,301,1555,103,2064,0,0,142,2611,261,503,142,3114,California
Imperial,2021-01-13,382,4001,132,1687,250,2314,0,0,283,2795,99,602,283,3397,California
Imperial,2021-01-14,260,4261,152,1839,108,2422,0,0,253,3042,6,608,253,3650,California
Imperial,2021-01-15,240,4501,182,2021,58,2480,0,0,233,3268,7,615,233,3883,California
Imperial,2021-01-16,77,4578,71,2092,6,2486,0,0,77,3345,0,615,77,3960,California
Imperial,2021-01-17,9,4587,2,2094,7,2493,0,0,9,3354,0,615,9,3969,California
Imperial,2021-01-18,1061,5648,402,2496,659,3152,0,0,963,4220,98,713,964,4933,California
Imperial,2021-01-19,165,5813,128,2624,37,3189,0,0,118,4291,47,760,118,5051,California
Imperial,2021-01-20,291,6104,193,2817,98,3287,0,0,254,4508,37,797,254,5305,California
Imperial,2021-01-21,415,6519,183,3000,232,3519,0,0,395,4883,20,817,395,5700,California
Imperial,2021-01-22,460,6979,189,3189,271,3790,0,0,451,5325,9,826,451,6151,California
Imperial,2021-01-23,1042,8021,290,3479,752,4542,0,0,1041,6365,1,827,1041,7192,California
Imperial,2021-01-24,11,8032,3,3482,8,4550,0,0,11,6376,0,827,11,7203,California
Imperial,2021-01-25,215,8247,6,3488,209,4759,0,0,35,6232,179,1006,35,7238,California
Imperial,2021-01-26,359,8606,184,3672,175,4934,0,0,216,6306,143,1149,217,7455,California
Imperial,2021-01-27,573,9179,163,3835,410,5344,0,0,239,6211,334,1483,239,7694,California
Imperial,2021-01-28,632,9811,158,3993,474,5818,0,0,524,6627,108,1591,524,8218,California
Imperial,2021-01-29,420,10231,294,4287,126,5944,0,0,370,6947,50,1641,370,8588,California
Imperial,2021-01-30,51,10282,26,4313,25,5969,0,0,34,6964,17,1658,34,8622,California
Imperial,2021-01-31,14,10296,6,4319,8,5977,0,0,13,6976,1,1659,13,8635,California
Imperial,2021-02-01,421,10717,55,4374,366,6343,0,0,211,6978,209,1868,211,8846,California
Imperial,2021-02-02,681,11398,54,4428,627,6970,0,0,500,7297,181,2049,500,9346,California
Imperial,2021-02-03,458,11856,48,4476,410,7380,0,0,266,7372,191,2240,266,9612,California
Imperial,2021-02-04,1731,13587,1206,5682,525,7905,0,0,1416,8475,314,2554,1417,11029,California
Imperial,2021-02-05,390,13977,242,5924,148,8053,0,0,155,8398,232,2786,155,11184,California
Imperial,2021-02-06,863,14840,839,6763,24,8077,0,0,826,9188,36,2822,826,12010,California
Imperial,2021-02-07,25,14865,12,6775,13,8090,0,0,24,9211,1,2823,24,12034,California
Imperial,2021-02-08,253,15118,43,6818,210,8300,0,0,185,9328,68,2891,185,12219,California
Imperial,2021-02-09,464,15582,144,6962,320,8620,0,0,307,9478,157,3048,307,12526,California
Imperial,2021-02-10,383,15965,51,7013,332,8952,0,0,95,9285,288,3336,95,12621,California
Imperial,2021-02-11,461,16426,261,7274,200,9152,0,0,92,9008,369,3705,92,12713,California
Imperial,2021-02-12,2119,18545,1404,8678,715,9867,0,0,1765,10421,353,4058,1766,14479,California
Imperial,2021-02-13,45,18590,18,8696,27,9894,0,0,36,10449,9,4067,37,14516,California
Imperial,2021-02-14,24,18614,12,8708,12,9906,0,0,22,10469,2,4069,22,14538,California
Imperial,2021-02-15,33,18647,11,8719,22,9928,0,0,24,10484,9,4078,24,14562,California
Imperial,2021-02-16,518,19165,271,8990,247,10175,0,0,299,10564,219,4297,299,14861,California
Imperial,2021-02-17,440,19605,286,9276,154,10329,0,0,85,10294,355,4652,85,14946,California
Imperial,2021-02-18,653,20258,313,9589,340,10669,0,0,148,9938,504,5156,148,15094,California
Imperial,2021-02-19,769,21027,382,9971,387,11056,0,0,197,9564,571,5727,197,15291,California
Imperial,2021-02-20,1044,22071,196,10167,848,11904,0,0,330,9183,713,6440,332,15623,California
Imperial,2021-02-21,581,22652,547,10714,34,11938,0,0,573,9748,8,6448,573,16196,California
Imperial,2021-02-22,806,23458,567,11281,239,12177,0,0,757,10456,49,6497,757,16953,California
Imperial,2021-02-23,937,24395,380,11661,557,12734,0,0,881,11282,56,6553,882,17835,California
Imperial,2021-02-24,701,25096,293,11954,408,13142,0,0,602,11787,98,6651,603,18438,California
Imperial,2021-02-25,818,25914,344,12298,474,13616,0,0,451,11877,366,7017,456,18894,California
Imperial,2021-02-26,1745,27659,1374,13672,371,13987,0,0,1573,13280,170,7187,1573,20467,California
Imperial,2021-02-27,915,28574,866,14538,49,14036,0,0,176,12717,739,7926,176,20643,California
Imperial,2021-02-28,79,28653,70,14608,9,14045,0,0,69,12776,10,7936,69,20712,California
Imperial,2021-03-01,513,29166,311,14919,202,14247,0,0,451,13168,61,7997,453,21165,California
Imperial,2021-03-02,691,29857,266,15185,425,14672,0,0,402,13285,289,8286,406,21571,California
Imperial,2021-03-03,918,30775,48,15233,869,15541,1,1,548,13478,367,8653,560,22131,California
Imperial,2021-03-04,744,31519,93,15326,651,16192,0,1,483,13731,259,8912,512,22643,California
Imperial,2021-03-05,2555,34074,1942,17268,613,16805,0,1,1271,13720,1283,10195,1272,23915,California
Imperial,2021-03-06,681,34755,234,17502,447,17252,0,1,641,14330,36,10231,646,24561,California
Imperial,2021-03-07,76,34831,43,17545,32,17284,1,2,55,14366,21,10252,57,24618,California
Imperial,2021-03-08,402,35233,324,17869,45,17329,33,35,353,14702,50,10302,386,25004,California
Imperial,2021-03-09,694,35927,316,18185,133,17462,245,280,407,15071,287,10589,656,25660,California
Imperial,2021-03-10,664,36591,306,18491,255,17717,103,383,303,15119,360,10949,408,26068,California
Imperial,2021-03-11,1706,38297,437,18928,1079,18796,190,573,1105,15825,602,11551,1308,27376,California
Imperial,2021-03-12,3558,41855,2439,21367,935,19731,184,757,1973,16401,1582,13133,2158,29534,California
Imperial,2021-03-13,998,42853,91,21458,688,20419,219,976,723,17074,273,13406,946,30480,California
Imperial,2021-03-14,124,42977,29,21487,84,20503,11,987,98,17158,26,13432,110,30590,California
Imperial,2021-03-15,673,43650,219,21706,199,20702,255,1242,379,17501,293,13725,636,31226,California
Imperial,2021-03-16,1054,44704,275,21981,339,21041,440,1682,529,17947,524,14249,970,32196,California
Imperial,2021-03-17,1526,46230,658,22639,734,21775,134,1816,946,18454,576,14825,1083,33279,California
Imperial,2021-03-18,1513,47743,1014,23653,440,22215,59,1875,1070,19145,441,15266,1132,34411,California
Imperial,2021-03-19,2883,50626,2174,25827,705,22920,4,1879,1220,18712,1659,16925,1226,35637,California
Imperial,2021-03-20,637,51263,377,26204,255,23175,5,1884,337,18764,298,17223,350,35987,California
Imperial,2021-03-21,221,51484,38,26242,180,23355,3,1887,160,18870,61,17284,167,36154,California
Imperial,2021-03-22,1025,52509,317,26559,700,24055,8,1895,609,19085,415,17699,630,36784,California
Imperial,2021-03-23,1401,53910,408,26967,987,25042,6,1901,887,19476,512,18211,903,37687,California
Imperial,2021-03-24,1900,55810,539,27506,950,25992,411,2312,956,19920,942,19153,1386,39073,California
Imperial,2021-03-25,2454,58264,498,28004,809,26801,1147,3459,932,20480,1521,20674,2081,41154,California
Imperial,2021-03-26,2290,60554,775,28779,648,27449,867,4326,737,20543,1549,22223,1612,42766,California
Imperial,2021-03-27,574,61128,265,29044,259,27708,50,4376,418,20858,153,22376,468,43234,California
Imperial,2021-03-28,210,61338,52,29096,154,27862,4,4380,174,20999,36,22412,177,43411,California
Imperial,2021-03-29,1030,62368,354,29450,384,28246,292,4672,318,20901,710,23122,612,44023,California
Imperial,2021-03-30,1387,63755,680,30130,577,28823,130,4802,661,20977,726,23848,802,44825,California
Imperial,2021-03-31,1496,65251,712,30842,776,29599,8,4810,991,21479,503,24351,1005,45830,California
Imperial,2021-04-01,1608,66859,340,31182,1044,30643,224,5034,763,21635,844,25195,1000,46830,California
Imperial,2021-04-02,1221,68080,453,31635,695,31338,73,5107,714,21946,506,25701,817,47647,California
Imperial,2021-04-03,1401,69481,406,32041,970,32308,25,5132,649,21874,748,26449,676,48323,California
Imperial,2021-04-04,84,69565,41,32082,28,32336,15,5147,29,21863,55,26504,44,48367,California
Imperial,2021-04-05,1608,71173,848,32930,708,33044,52,5199,327,20990,1276,27780,403,48770,California
Imperial,2021-04-06,536,71709,341,33271,168,33212,27,5226,324,21136,209,27989,355,49125,California
Inyo,2020-12-19,85,85,85,85,0,0,0,0,85,85,0,0,85,85,California
Inyo,2020-12-20,58,143,58,143,0,0,0,0,58,143,0,0,58,143,California
Inyo,2020-12-21,88,231,85,228,3,3,0,0,88,231,0,0,88,231,California
Inyo,2020-12-22,104,335,104,332,0,3,0,0,104,335,0,0,104,335,California
Inyo,2020-12-23,71,406,68,400,3,6,0,0,71,406,0,0,71,406,California
Inyo,2020-12-24,16,422,16,416,0,6,0,0,16,422,0,0,16,422,California
Inyo,2020-12-25,1,423,0,416,1,7,0,0,1,423,0,0,1,423,California
Inyo,2020-12-26,74,497,74,490,0,7,0,0,74,497,0,0,74,497,California
Inyo,2020-12-28,48,545,36,526,12,19,0,0,48,545,0,0,48,545,California
Inyo,2020-12-29,20,565,20,546,0,19,0,0,20,565,0,0,20,565,California
Inyo,2020-12-30,56,621,54,600,2,21,0,0,56,621,0,0,56,621,California
Inyo,2020-12-31,29,650,0,600,29,50,0,0,29,650,0,0,29,650,California
Inyo,2021-01-01,1,651,0,600,1,51,0,0,1,651,0,0,1,651,California
Inyo,2021-01-03,1,652,0,600,1,52,0,0,1,652,0,0,1,652,California
Inyo,2021-01-04,1,653,1,601,0,52,0,0,1,653,0,0,1,653,California
Inyo,2021-01-05,34,687,0,601,34,86,0,0,34,687,0,0,34,687,California
Inyo,2021-01-06,68,755,0,601,68,154,0,0,68,755,0,0,68,755,California
Inyo,2021-01-07,31,786,1,602,30,184,0,0,31,786,0,0,31,786,California
Inyo,2021-01-08,9,795,8,610,1,185,0,0,4,786,5,5,5,791,California
Inyo,2021-01-09,87,882,86,696,1,186,0,0,1,701,86,91,1,792,California
Inyo,2021-01-10,52,934,52,748,0,186,0,0,0,649,52,143,0,792,California
Inyo,2021-01-11,97,1031,82,830,15,201,0,0,16,584,81,224,16,808,California
Inyo,2021-01-12,139,1170,117,947,22,223,0,0,29,503,110,334,29,837,California
Inyo,2021-01-13,87,1257,69,1016,18,241,0,0,21,459,66,400,22,859,California
Inyo,2021-01-14,59,1316,13,1029,46,287,0,0,49,498,10,410,49,908,California
Inyo,2021-01-15,162,1478,28,1057,134,421,0,0,162,660,0,410,162,1070,California
Inyo,2021-01-16,74,1552,73,1130,1,422,0,0,1,588,73,483,1,1071,California
Inyo,2021-01-18,58,1610,36,1166,22,444,0,0,19,568,39,522,19,1090,California
Inyo,2021-01-19,116,1726,73,1239,43,487,0,0,100,652,16,538,100,1190,California
Inyo,2021-01-20,142,1868,67,1306,75,562,0,0,88,686,54,592,88,1278,California
Inyo,2021-01-21,120,1988,57,1363,63,625,0,0,119,804,1,593,119,1397,California
Inyo,2021-01-22,62,2050,0,1363,62,687,0,0,61,864,1,594,61,1458,California
Inyo,2021-01-23,53,2103,53,1416,0,687,0,0,53,917,0,594,53,1511,California
Inyo,2021-01-25,49,2152,6,1422,43,730,0,0,37,942,12,606,37,1548,California
Inyo,2021-01-26,133,2285,51,1473,82,812,0,0,127,1063,6,612,127,1675,California
Inyo,2021-01-27,23,2308,2,1475,21,833,0,0,22,1084,1,613,22,1697,California
Inyo,2021-01-28,93,2401,2,1477,91,924,0,0,64,1119,29,642,64,1761,California
Inyo,2021-01-29,24,2425,3,1480,21,945,0,0,22,1139,2,644,22,1783,California
Inyo,2021-01-30,11,2436,1,1481,10,955,0,0,11,1150,0,644,11,1794,California
Inyo,2021-01-31,32,2468,4,1485,28,983,0,0,4,1126,28,672,4,1798,California
Inyo,2021-02-01,12,2480,9,1494,3,986,0,0,2,1118,10,682,2,1800,California
Inyo,2021-02-02,131,2611,15,1509,116,1102,0,0,105,1197,26,708,105,1905,California
Inyo,2021-02-03,115,2726,0,1509,115,1217,0,0,73,1228,42,750,73,1978,California
Inyo,2021-02-04,149,2875,31,1540,118,1335,0,0,90,1259,59,809,90,2068,California
Inyo,2021-02-05,118,2993,62,1602,56,1391,0,0,116,1373,2,811,116,2184,California
Inyo,2021-02-06,3,2996,1,1603,2,1393,0,0,2,1374,1,812,2,2186,California
Inyo,2021-02-07,3,2999,1,1604,2,1395,0,0,3,1377,0,812,3,2189,California
Inyo,2021-02-08,117,3116,7,1611,110,1505,0,0,97,1454,20,832,97,2286,California
Inyo,2021-02-09,193,3309,51,1662,142,1647,0,0,122,1505,71,903,122,2408,California
Inyo,2021-02-10,147,3456,16,1678,131,1778,0,0,115,1588,32,935,115,2523,California
Inyo,2021-02-11,218,3674,55,1733,163,1941,0,0,125,1620,93,1028,125,2648,California
Inyo,2021-02-12,302,3976,56,1789,246,2187,0,0,171,1660,131,1159,171,2819,California
Inyo,2021-02-13,60,4036,56,1845,4,2191,0,0,7,1614,53,1212,7,2826,California
Inyo,2021-02-14,1,4037,0,1845,1,2192,0,0,1,1615,0,1212,1,2827,California
Inyo,2021-02-15,29,4066,9,1854,20,2212,0,0,5,1596,24,1236,5,2832,California
Inyo,2021-02-16,180,4246,50,1904,130,2342,0,0,94,1604,86,1322,94,2926,California
Inyo,2021-02-17,37,4283,4,1908,33,2375,0,0,7,1581,30,1352,7,2933,California
Inyo,2021-02-18,119,4402,5,1913,114,2489,0,0,76,1614,43,1395,76,3009,California
Inyo,2021-02-19,52,4454,4,1917,48,2537,0,0,9,1580,43,1438,9,3018,California
Inyo,2021-02-20,502,4956,498,2415,4,2541,0,0,500,2078,2,1440,500,3518,California
Inyo,2021-02-21,267,5223,267,2682,0,2541,0,0,267,2345,0,1440,267,3785,California
Inyo,2021-02-22,60,5283,18,2700,42,2583,0,0,26,2337,34,1474,26,3811,California
Inyo,2021-02-23,196,5479,19,2719,177,2760,0,0,93,2328,102,1576,93,3904,California
Inyo,2021-02-24,116,5595,1,2720,115,2875,0,0,58,2328,58,1634,58,3962,California
Inyo,2021-02-25,130,5725,3,2723,127,3002,0,0,62,2322,68,1702,62,4024,California
Inyo,2021-02-26,104,5829,61,2784,43,3045,0,0,20,2258,84,1786,20,4044,California
Inyo,2021-02-27,14,5843,3,2787,11,3056,0,0,3,2250,11,1797,3,4047,California
Inyo,2021-02-28,2,5845,1,2788,1,3057,0,0,1,2250,1,1798,1,4048,California
Inyo,2021-03-01,23,5868,3,2791,20,3077,0,0,20,2267,3,1801,20,4068,California
Inyo,2021-03-02,189,6057,0,2791,189,3266,0,0,106,2290,83,1884,106,4174,California
Inyo,2021-03-03,82,6139,3,2794,79,3345,0,0,39,2286,43,1927,39,4213,California
Inyo,2021-03-04,127,6266,4,2798,123,3468,0,0,46,2251,81,2008,46,4259,California
Inyo,2021-03-05,148,6414,62,2860,86,3554,0,0,43,2190,104,2112,43,4302,California
Inyo,2021-03-06,29,6443,2,2862,27,3581,0,0,27,2215,2,2114,27,4329,California
Inyo,2021-03-07,7,6450,4,2866,3,3584,0,0,5,2218,2,2116,5,4334,California
Inyo,2021-03-08,174,6624,5,2871,169,3753,0,0,83,2210,91,2207,83,4417,California
Inyo,2021-03-09,179,6803,3,2874,176,3929,0,0,63,2157,116,2323,63,4480,California
Inyo,2021-03-10,68,6871,9,2883,58,3987,1,1,25,2140,43,2366,26,4506,California
Inyo,2021-03-11,181,7052,2,2885,173,4160,6,7,64,2093,116,2482,69,4575,California
Inyo,2021-03-12,100,7152,4,2889,91,4251,5,12,28,2054,72,2554,33,4608,California
Inyo,2021-03-13,562,7714,530,3419,23,4274,9,21,73,1648,488,3042,82,4690,California
Inyo,2021-03-14,431,8145,429,3848,2,4276,0,21,168,1554,262,3304,168,4858,California
Inyo,2021-03-15,51,8196,15,3863,34,4310,2,23,29,1563,22,3326,31,4889,California
Inyo,2021-03-16,157,8353,4,3867,148,4458,5,28,58,1527,99,3425,63,4952,California
Inyo,2021-03-17,93,8446,3,3870,83,4541,7,35,79,1599,14,3439,86,5038,California
Inyo,2021-03-18,165,8611,16,3886,143,4684,6,41,93,1626,72,3511,99,5137,California
Inyo,2021-03-19,27,8638,5,3891,18,4702,4,45,17,1637,10,3521,21,5158,California
Inyo,2021-03-20,22,8660,1,3892,12,4714,9,54,3,1630,19,3540,12,5170,California
Inyo,2021-03-22,50,8710,3,3895,42,4756,5,59,29,1643,21,3561,34,5204,California
Inyo,2021-03-23,189,8899,7,3902,178,4934,4,63,101,1660,88,3649,105,5309,California
Inyo,2021-03-24,134,9033,5,3907,125,5059,4,67,82,1694,52,3701,86,5395,California
Inyo,2021-03-25,331,9364,106,4013,222,5281,3,70,267,1901,64,3765,271,5666,California
Inyo,2021-03-26,92,9456,5,4018,83,5364,4,74,71,1956,20,3785,75,5741,California
Inyo,2021-03-27,53,9509,42,4060,8,5372,3,77,47,2000,6,3791,50,5791,California
Inyo,2021-03-28,3,9512,2,4062,1,5373,0,77,2,2001,1,3792,2,5793,California
Inyo,2021-03-29,103,9615,3,4065,94,5467,6,83,77,2059,25,3817,83,5876,California
Inyo,2021-03-30,213,9828,4,4069,204,5671,5,88,106,2065,107,3924,113,5989,California
Inyo,2021-03-31,147,9975,5,4074,136,5807,6,94,102,2129,45,3969,109,6098,California
Inyo,2021-04-01,157,10132,7,4081,149,5956,1,95,109,2191,48,4017,110,6208,California
Inyo,2021-04-02,83,10215,3,4084,78,6034,2,97,48,2207,35,4052,51,6259,California
Inyo,2021-04-03,92,10307,43,4127,35,6069,14,111,8,2149,83,4135,25,6284,California
Inyo,2021-04-04,5,10312,4,4131,0,6069,1,112,1,2147,4,4139,2,6286,California
Inyo,2021-04-05,109,10421,1,4132,104,6173,4,116,29,2102,80,4219,35,6321,California
Inyo,2021-04-06,109,10530,2,4134,79,6252,28,144,53,2127,56,4275,81,6402,California
Kern,2020-12-15,1,1,1,1,0,0,0,0,1,1,0,0,1,1,California
Kern,2020-12-16,18,19,18,19,0,0,0,0,18,19,0,0,18,19,California
Kern,2020-12-17,164,183,164,183,0,0,0,0,164,183,0,0,164,183,California
Kern,2020-12-18,317,500,317,500,0,0,0,0,317,500,0,0,317,500,California
Kern,2020-12-19,100,600,100,600,0,0,0,0,100,600,0,0,100,600,California
Kern,2020-12-20,61,661,61,661,0,0,0,0,61,661,0,0,61,661,California
Kern,2020-12-21,670,1331,670,1331,0,0,0,0,670,1331,0,0,670,1331,California
Kern,2020-12-22,531,1862,528,1859,3,3,0,0,531,1862,0,0,531,1862,California
Kern,2020-12-23,556,2418,417,2276,139,142,0,0,556,2418,0,0,556,2418,California
Kern,2020-12-24,122,2540,43,2319,79,221,0,0,122,2540,0,0,122,2540,California
Kern,2020-12-25,1,2541,1,2320,0,221,0,0,1,2541,0,0,1,2541,California
Kern,2020-12-26,35,2576,1,2321,34,255,0,0,35,2576,0,0,35,2576,California
Kern,2020-12-27,35,2611,3,2324,32,287,0,0,35,2611,0,0,35,2611,California
Kern,2020-12-28,826,3437,662,2986,164,451,0,0,826,3437,0,0,826,3437,California
Kern,2020-12-29,745,4182,452,3438,293,744,0,0,745,4182,0,0,745,4182,California
Kern,2020-12-30,1200,5382,909,4347,291,1035,0,0,1200,5382,0,0,1200,5382,California
Kern,2020-12-31,277,5659,98,4445,179,1214,0,0,277,5659,0,0,277,5659,California
Kern,2021-01-01,9,5668,6,4451,3,1217,0,0,9,5668,0,0,9,5668,California
Kern,2021-01-02,77,5745,18,4469,59,1276,0,0,77,5745,0,0,77,5745,California
Kern,2021-01-03,23,5768,4,4473,19,1295,0,0,23,5768,0,0,23,5768,California
Kern,2021-01-04,554,6322,360,4833,194,1489,0,0,554,6322,0,0,554,6322,California
Kern,2021-01-05,1129,7451,735,5568,394,1883,0,0,1117,7427,12,12,1117,7439,California
Kern,2021-01-06,1164,8615,453,6021,711,2594,0,0,1134,8531,30,42,1134,8573,California
Kern,2021-01-07,1402,10017,494,6515,908,3502,0,0,1233,9596,168,210,1233,9806,California
Kern,2021-01-08,1626,11643,766,7281,860,4362,0,0,1330,10629,298,508,1331,11137,California
Kern,2021-01-09,226,11869,76,7357,150,4512,0,0,192,10787,34,542,192,11329,California
Kern,2021-01-10,190,12059,145,7502,45,4557,0,0,149,10895,41,583,149,11478,California
Kern,2021-01-11,1550,13609,981,8483,569,5126,0,0,998,11341,552,1135,998,12476,California
Kern,2021-01-12,1869,15478,811,9294,1058,6184,0,0,1358,12188,511,1646,1358,13834,California
Kern,2021-01-13,1857,17335,867,10161,990,7174,0,0,1434,13199,423,2069,1434,15268,California
Kern,2021-01-14,2179,19514,645,10806,1534,8708,0,0,2133,15286,47,2116,2134,17402,California
Kern,2021-01-15,2702,22216,858,11664,1844,10552,0,0,2605,17797,95,2211,2606,20008,California
Kern,2021-01-16,667,22883,210,11874,457,11009,0,0,633,18396,34,2245,633,20641,California
Kern,2021-01-17,73,22956,7,11881,66,11075,0,0,71,18465,2,2247,71,20712,California
Kern,2021-01-18,1646,24602,659,12540,987,12062,0,0,1476,19771,170,2417,1476,22188,California
Kern,2021-01-19,1846,26448,1029,13569,817,12879,0,0,1379,20684,467,2884,1380,23568,California
Kern,2021-01-20,2439,28887,1505,15074,934,13813,0,0,1815,21882,619,3503,1817,25385,California
Kern,2021-01-21,2158,31045,918,15992,1240,15053,0,0,1965,23655,192,3695,1965,27350,California
Kern,2021-01-22,2702,33747,1290,17282,1412,16465,0,0,2427,25808,274,3969,2427,29777,California
Kern,2021-01-23,1245,34992,531,17813,714,17179,0,0,1199,26961,46,4015,1199,30976,California
Kern,2021-01-24,160,35152,19,17832,141,17320,0,0,155,27111,5,4020,155,31131,California
Kern,2021-01-25,2377,37529,1082,18914,1295,18615,0,0,1893,28523,483,4503,1895,33026,California
Kern,2021-01-26,2735,40264,1111,20025,1624,20239,0,0,1884,29558,850,5353,1885,34911,California
Kern,2021-01-27,3550,43814,1896,21921,1654,21893,0,0,2852,31713,697,6050,2852,37763,California
Kern,2021-01-28,2839,46653,1343,23264,1496,23389,0,0,2412,33702,424,6474,2413,40176,California
Kern,2021-01-29,3747,50400,1788,25052,1959,25348,0,0,3208,36374,536,7010,3208,43384,California
Kern,2021-01-30,1323,51723,495,25547,828,26176,0,0,1276,37605,45,7055,1276,44660,California
Kern,2021-01-31,400,52123,274,25821,126,26302,0,0,267,37739,133,7188,267,44927,California
Kern,2021-02-01,2409,54532,817,26638,1592,27894,0,0,1859,39052,547,7735,1860,46787,California
Kern,2021-02-02,2917,57449,975,27613,1942,29836,0,0,2055,40246,862,8597,2056,48843,California
Kern,2021-02-03,3656,61105,1549,29162,2107,31943,0,0,2688,41975,960,9557,2689,51532,California
Kern,2021-02-04,3786,64891,1444,30606,2342,34285,0,0,2573,43347,1202,10759,2574,54106,California
Kern,2021-02-05,4846,69737,1990,32596,2856,37141,0,0,3088,44697,1739,12498,3089,57195,California
Kern,2021-02-06,1735,71472,762,33358,973,38114,0,0,1515,45995,217,12715,1515,58710,California
Kern,2021-02-07,281,71753,149,33507,132,38246,0,0,267,46250,12,12727,267,58977,California
Kern,2021-02-08,2566,74319,788,34295,1778,40024,0,0,1261,46224,1287,14014,1261,60238,California
Kern,2021-02-09,3020,77339,985,35280,2035,42059,0,0,1466,46143,1547,15561,1466,61704,California
Kern,2021-02-10,3734,81073,1650,36930,2084,44143,0,0,1890,46207,1827,17388,1891,63595,California
Kern,2021-02-11,4265,85338,1540,38470,2725,46868,0,0,2231,46417,2021,19409,2231,65826,California
Kern,2021-02-12,4942,90280,1868,40338,3074,49942,0,0,2468,46426,2459,21868,2468,68294,California
Kern,2021-02-13,1986,92266,702,41040,1284,51226,0,0,1157,46756,827,22695,1157,69451,California
Kern,2021-02-14,352,92618,13,41053,339,51565,0,0,271,46947,80,22775,271,69722,California
Kern,2021-02-15,2719,95337,883,41936,1836,53401,0,0,1198,46632,1513,24288,1198,70920,California
Kern,2021-02-16,2941,98278,719,42655,2222,55623,0,0,1658,47017,1273,25561,1658,72578,California
Kern,2021-02-17,4061,102339,2073,44728,1988,57611,0,0,1934,46830,2122,27683,1935,74513,California
Kern,2021-02-18,3728,106067,1468,46196,2260,59871,0,0,1609,46332,2107,29790,1609,76122,California
Kern,2021-02-19,4176,110243,1902,48098,2274,62145,0,0,1735,45633,2434,32224,1735,77857,California
Kern,2021-02-20,2537,112780,954,49052,1583,63728,0,0,1305,45711,1228,33452,1306,79163,California
Kern,2021-02-21,224,113004,118,49170,106,63834,0,0,77,45643,145,33597,77,79240,California
Kern,2021-02-22,2641,115645,1137,50307,1504,65338,0,0,1434,45875,1202,34799,1434,80674,California
Kern,2021-02-23,3519,119164,1117,51424,2402,67740,0,0,1975,46308,1542,36341,1975,82649,California
Kern,2021-02-24,5116,124280,2266,53690,2850,70590,0,0,3037,47270,2075,38416,3037,85686,California
Kern,2021-02-25,5307,129587,2442,56132,2865,73455,0,0,3147,48276,2141,40557,3147,88833,California
Kern,2021-02-26,6769,136356,3479,59611,3290,76745,0,0,4313,50140,2449,43006,4313,93146,California
Kern,2021-02-27,3810,140166,1860,61471,1950,78695,0,0,2503,51347,1299,44305,2506,95652,California
Kern,2021-02-28,910,141076,501,61972,409,79104,0,0,693,51825,215,44520,693,96345,California
Kern,2021-03-01,3908,144984,1796,63768,2112,81216,0,0,2632,53186,1272,45792,2633,98978,California
Kern,2021-03-02,4281,149265,1352,65120,2928,84144,1,1,2792,54497,1481,47273,2792,101770,California
Kern,2021-03-03,5587,154852,2640,67760,2947,87091,0,1,3532,55989,2041,49314,3533,105303,California
Kern,2021-03-04,5074,159926,1982,69742,3090,90181,2,3,3377,57682,1686,51000,3379,108682,California
Kern,2021-03-05,6042,165968,2633,72375,3392,93573,17,20,3865,59395,2169,53169,3882,112564,California
Kern,2021-03-06,4288,170256,1865,74240,2329,95902,94,114,3184,61581,1097,54266,3283,115847,California
Kern,2021-03-07,2019,172275,1576,75816,395,96297,48,162,1831,63273,187,54453,1879,117726,California
Kern,2021-03-08,2666,174941,832,76648,1631,97928,203,365,1380,63571,1283,55736,1581,119307,California
Kern,2021-03-09,3395,178336,745,77393,2325,100253,325,690,2064,64632,1325,57061,2386,121693,California
Kern,2021-03-10,5581,183917,2379,79772,2288,102541,914,1604,3222,66422,2347,59408,4137,125830,California
Kern,2021-03-11,5664,189581,2149,81921,2724,105265,791,2395,3403,68362,2254,61662,4194,130024,California
Kern,2021-03-12,6418,195999,2551,84472,3031,108296,836,3231,3716,70218,2694,64356,4550,134574,California
Kern,2021-03-13,3989,199988,2132,86604,1533,109829,324,3555,2725,72007,1260,65616,3049,137623,California
Kern,2021-03-14,2081,202069,1380,87984,468,110297,233,3788,1651,73462,428,66044,1883,139506,California
Kern,2021-03-15,4035,206104,1011,88995,2367,112664,657,4445,2073,74239,1952,67996,2729,142235,California
Kern,2021-03-16,4196,210300,972,89967,2716,115380,508,4953,2238,75036,1947,69943,2744,144979,California
Kern,2021-03-17,6799,217099,3607,93574,2734,118114,458,5411,4106,76919,2681,72624,4564,149543,California
Kern,2021-03-18,6253,223352,3149,96723,2579,120693,525,5936,3713,78636,2521,75145,4238,153781,California
Kern,2021-03-19,7520,230872,4338,101061,2652,123345,530,6466,3920,79504,3584,78729,4452,158233,California
Kern,2021-03-20,4040,234912,2358,103419,1564,124909,118,6584,2575,80745,1459,80188,2700,160933,California
Kern,2021-03-21,2826,237738,1691,105110,263,125172,872,7456,1650,82097,1171,81359,2523,163456,California
Kern,2021-03-22,3852,241590,1554,106664,1983,127155,315,7771,1889,82346,1957,83316,2206,165662,California
Kern,2021-03-23,4451,246041,1564,108228,2720,129875,167,7938,2405,82922,2016,85332,2592,168254,California
Kern,2021-03-24,6906,252947,3514,111742,2940,132815,452,8390,3629,83758,3262,88594,4098,172352,California
Kern,2021-03-25,6523,259470,2847,114589,3362,136177,314,8704,3262,84100,3246,91840,3588,175940,California
Kern,2021-03-26,9289,268759,4144,118733,3970,140147,1175,9879,4628,85293,4640,96480,5833,181773,California
Kern,2021-03-27,5382,274141,3701,122434,1562,141709,119,9998,3290,86632,2082,98562,3421,185194,California
Kern,2021-03-28,4118,278259,3640,126074,464,142173,14,10012,2576,87696,1536,100098,2600,187794,California
Kern,2021-03-29,4095,282354,1581,127655,2240,144413,274,10286,2556,89014,1527,101625,2845,190639,California
Kern,2021-03-30,5379,287733,1787,129442,3293,147706,299,10585,3067,90125,2304,103929,3415,194054,California
Kern,2021-03-31,7902,295635,4106,133548,3156,150862,640,11225,4198,91344,3691,107620,4910,198964,California
Kern,2021-04-01,7443,303078,3546,137094,3605,154467,292,11517,4010,92432,3418,111038,4506,203470,California
Kern,2021-04-02,8009,311087,4156,141250,3257,157724,596,12113,4039,93379,3956,114994,4903,208373,California
Kern,2021-04-03,5392,316479,3364,144614,1851,159575,177,12290,2544,93463,2837,117831,2921,211294,California
Kern,2021-04-04,1213,317692,771,145385,361,159936,81,12371,445,93233,766,118597,536,211830,California
Kern,2021-04-05,4613,322305,1902,147287,2101,162037,610,12981,2665,94625,1941,120538,3333,215163,California
Kern,2021-04-06,3237,325542,1187,148474,1676,163713,374,13355,1904,95602,1322,121860,2299,217462,California
Kings,2020-12-16,1,1,1,1,0,0,0,0,1,1,0,0,1,1,California
Kings,2020-12-17,8,9,8,9,0,0,0,0,8,9,0,0,8,9,California
Kings,2020-12-18,12,21,12,21,0,0,0,0,12,21,0,0,12,21,California
Kings,2020-12-19,11,32,11,32,0,0,0,0,11,32,0,0,11,32,California
Kings,2020-12-20,13,45,13,45,0,0,0,0,13,45,0,0,13,45,California
Kings,2020-12-21,154,199,154,199,0,0,0,0,271,316,0,0,271,316,California
Kings,2020-12-22,143,342,143,342,0,0,0,0,140,456,0,0,140,456,California
Kings,2020-12-23,134,476,122,464,12,12,0,0,135,591,0,0,135,591,California
Kings,2020-12-24,11,487,9,473,2,14,0,0,11,602,0,0,11,602,California
Kings,2020-12-26,7,494,4,477,3,17,0,0,7,609,0,0,7,609,California
Kings,2020-12-27,4,498,4,481,0,17,0,0,4,613,0,0,4,613,California
Kings,2020-12-28,131,629,103,584,28,45,0,0,132,745,0,0,132,745,California
Kings,2020-12-29,78,707,51,635,27,72,0,0,79,824,0,0,79,824,California
Kings,2020-12-30,147,854,108,743,39,111,0,0,147,971,0,0,147,971,California
Kings,2020-12-31,43,897,6,749,37,148,0,0,43,1014,0,0,43,1014,California
Kings,2021-01-01,1,898,0,749,1,149,0,0,1,1015,0,0,1,1015,California
Kings,2021-01-02,10,908,9,758,1,150,0,0,10,1025,0,0,10,1025,California
Kings,2021-01-04,112,1020,41,799,71,221,0,0,112,1137,0,0,112,1137,California
Kings,2021-01-05,197,1217,39,838,158,379,0,0,197,1334,0,0,197,1334,California
Kings,2021-01-06,275,1492,178,1016,97,476,0,0,272,1603,3,3,272,1606,California
Kings,2021-01-07,179,1671,82,1098,97,573,0,0,171,1766,8,11,171,1777,California
Kings,2021-01-08,247,1918,54,1152,193,766,0,0,228,1975,19,30,228,2005,California
Kings,2021-01-09,63,1981,9,1161,54,820,0,0,55,2022,8,38,55,2060,California
Kings,2021-01-10,15,1996,3,1164,12,832,0,0,12,2031,3,41,12,2072,California
Kings,2021-01-11,518,2514,356,1520,162,994,0,0,274,2062,244,285,275,2347,California
Kings,2021-01-12,352,2866,255,1775,97,1091,0,0,218,2149,131,416,218,2565,California
Kings,2021-01-13,413,3279,266,2041,147,1238,0,0,322,2380,91,507,322,2887,California
Kings,2021-01-14,210,3489,31,2072,179,1417,0,0,200,2560,21,528,201,3088,California
Kings,2021-01-15,415,3904,28,2100,387,1804,0,0,403,2951,12,540,403,3491,California
Kings,2021-01-16,31,3935,12,2112,19,1823,0,0,30,2980,1,541,30,3521,California
Kings,2021-01-17,8,3943,5,2117,3,1826,0,0,6,2984,2,543,6,3527,California
Kings,2021-01-18,172,4115,40,2157,132,1958,0,0,146,3104,26,569,146,3673,California
Kings,2021-01-19,376,4491,158,2315,218,2176,0,0,248,3224,128,697,248,3921,California
Kings,2021-01-20,224,4715,135,2450,89,2265,0,0,119,3242,101,798,119,4040,California
Kings,2021-01-21,185,4900,32,2482,153,2418,0,0,171,3397,16,814,171,4211,California
Kings,2021-01-22,126,5026,39,2521,87,2505,0,0,125,3517,5,819,125,4336,California
Kings,2021-01-23,26,5052,14,2535,12,2517,0,0,20,3531,6,825,20,4356,California
Kings,2021-01-24,3,5055,3,2538,0,2517,0,0,1,3530,2,827,1,4357,California
Kings,2021-01-25,123,5178,25,2563,98,2615,0,0,90,3587,33,860,90,4447,California
Kings,2021-01-26,153,5331,34,2597,119,2734,0,0,114,3662,39,899,114,4561,California
Kings,2021-01-27,316,5647,34,2631,282,3016,0,0,246,3839,69,968,246,4807,California
Kings,2021-01-28,324,5971,47,2678,277,3293,0,0,270,4055,54,1022,270,5077,California
Kings,2021-01-29,86,6057,26,2704,60,3353,0,0,69,4107,17,1039,69,5146,California
Kings,2021-01-30,1557,7614,31,2735,1526,4879,0,0,1555,5661,2,1041,1556,6702,California
Kings,2021-02-01,197,7811,63,2798,134,5013,0,0,70,5606,125,1166,70,6772,California
Kings,2021-02-02,224,8035,14,2812,210,5223,0,0,80,5543,143,1309,80,6852,California
Kings,2021-02-03,352,8387,193,3005,159,5382,0,0,198,5588,153,1462,198,7050,California
Kings,2021-02-04,393,8780,98,3103,295,5677,0,0,196,5588,196,1658,196,7246,California
Kings,2021-02-05,255,9035,12,3115,243,5920,0,0,101,5537,152,1810,101,7347,California
Kings,2021-02-06,58,9093,10,3125,48,5968,0,0,26,5531,32,1842,26,7373,California
Kings,2021-02-07,5,9098,3,3128,2,5970,0,0,3,5532,2,1844,3,7376,California
Kings,2021-02-08,171,9269,29,3157,142,6112,0,0,70,5501,101,1945,70,7446,California
Kings,2021-02-09,252,9521,57,3214,195,6307,0,0,109,5469,141,2086,109,7555,California
Kings,2021-02-10,286,9807,113,3327,173,6480,0,0,175,5533,111,2197,175,7730,California
Kings,2021-02-11,417,10224,64,3391,353,6833,0,0,305,5727,111,2308,305,8035,California
Kings,2021-02-12,608,10832,36,3427,572,7405,0,0,344,5807,264,2572,344,8379,California
Kings,2021-02-13,102,10934,6,3433,96,7501,0,0,77,5859,25,2597,77,8456,California
Kings,2021-02-14,103,11037,5,3438,98,7599,0,0,96,5948,7,2604,96,8552,California
Kings,2021-02-15,246,11283,5,3443,241,7840,0,0,137,5977,108,2712,137,8689,California
Kings,2021-02-16,482,11765,32,3475,450,8290,0,0,249,5994,232,2944,249,8938,California
Kings,2021-02-17,378,12143,22,3497,356,8646,0,0,241,6099,137,3081,242,9180,California
Kings,2021-02-18,154,12297,23,3520,131,8777,0,0,100,6145,54,3135,100,9280,California
Kings,2021-02-19,157,12454,22,3542,135,8912,0,0,101,6193,53,3188,101,9381,California
Kings,2021-02-20,170,12624,41,3583,129,9041,0,0,133,6289,37,3225,133,9514,California
Kings,2021-02-21,1,12625,0,3583,1,9042,0,0,1,6290,0,3225,1,9515,California
Kings,2021-02-22,106,12731,17,3600,89,9131,0,0,47,6278,59,3284,47,9562,California
Kings,2021-02-23,289,13020,71,3671,218,9349,0,0,172,6333,117,3401,172,9734,California
Kings,2021-02-24,592,13612,153,3824,439,9788,0,0,379,6499,213,3614,379,10113,California
Kings,2021-02-25,661,14273,111,3935,550,10338,0,0,444,6728,215,3829,444,10557,California
Kings,2021-02-26,653,14926,131,4066,522,10860,0,0,590,7256,62,3891,590,11147,California
Kings,2021-02-27,1495,16421,60,4126,1435,12295,0,0,560,6884,934,4825,562,11709,California
Kings,2021-02-28,1165,17586,592,4718,573,12868,0,0,668,7057,495,5320,668,12377,California
Kings,2021-03-01,257,17843,78,4796,179,13047,0,0,213,7226,44,5364,213,12590,California
Kings,2021-03-02,460,18303,202,4998,258,13305,0,0,412,7590,48,5412,412,13002,California
Kings,2021-03-03,574,18877,285,5283,289,13594,0,0,397,7811,176,5588,397,13399,California
Kings,2021-03-04,666,19543,320,5603,346,13940,0,0,573,8292,93,5681,574,13973,California
Kings,2021-03-05,926,20469,322,5925,595,14535,9,9,810,8996,116,5797,820,14793,California
Kings,2021-03-06,506,20975,187,6112,306,14841,13,22,476,9456,30,5827,490,15283,California
Kings,2021-03-07,299,21274,162,6274,133,14974,4,26,291,9743,8,5835,295,15578,California
Kings,2021-03-08,326,21600,88,6362,189,15163,49,75,222,9910,103,5938,270,15848,California
Kings,2021-03-09,434,22034,162,6524,219,15382,53,128,332,10194,102,6040,386,16234,California
Kings,2021-03-10,409,22443,108,6632,257,15639,44,172,287,10404,120,6160,330,16564,California
Kings,2021-03-11,911,23354,267,6899,538,16177,106,278,552,10709,356,6516,661,17225,California
Kings,2021-03-12,1172,24526,355,7254,732,16909,85,363,815,11255,356,6872,902,18127,California
Kings,2021-03-13,602,25128,332,7586,228,17137,42,405,516,11729,86,6958,560,18687,California
Kings,2021-03-14,588,25716,77,7663,137,17274,374,779,168,11852,420,7378,543,19230,California
Kings,2021-03-15,586,26302,171,7834,301,17575,114,893,354,12090,232,7610,470,19700,California
Kings,2021-03-16,1036,27338,435,8269,537,18112,64,957,695,12512,338,7948,760,20460,California
Kings,2021-03-17,1019,28357,370,8639,590,18702,59,1016,721,13002,298,8246,788,21248,California
Kings,2021-03-18,940,29297,409,9048,350,19052,181,1197,665,13575,275,8521,848,22096,California
Kings,2021-03-19,811,30108,403,9451,343,19395,65,1262,636,14110,175,8696,710,22806,California
Kings,2021-03-20,493,30601,212,9663,256,19651,25,1287,363,14377,127,8823,394,23200,California
Kings,2021-03-21,1365,31966,1084,10747,269,19920,12,1299,811,14647,554,9377,824,24024,California
Kings,2021-03-22,454,32420,209,10956,165,20085,80,1379,279,14835,175,9552,363,24387,California
Kings,2021-03-23,873,33293,483,11439,332,20417,58,1437,561,15147,310,9862,622,25009,California
Kings,2021-03-24,899,34192,459,11898,416,20833,24,1461,499,15274,399,10261,526,25535,California
Kings,2021-03-25,885,35077,447,12345,413,21246,25,1486,448,15312,435,10696,473,26008,California
Kings,2021-03-26,1286,36363,382,12727,817,22063,87,1573,527,15176,754,11450,618,26626,California
Kings,2021-03-27,619,36982,247,12974,358,22421,14,1587,170,14916,447,11897,187,26813,California
Kings,2021-03-28,513,37495,440,13414,63,22484,10,1597,336,15093,177,12074,354,27167,California
Kings,2021-03-29,430,37925,180,13594,192,22676,58,1655,235,15195,193,12267,295,27462,California
Kings,2021-03-30,792,38717,426,14020,327,23003,39,1694,467,15379,324,12591,508,27970,California
Kings,2021-03-31,689,39406,357,14377,271,23274,61,1755,415,15599,269,12860,489,28459,California
Kings,2021-04-01,710,40116,347,14724,288,23562,75,1830,331,15643,373,13233,417,28876,California
Kings,2021-04-02,908,41024,410,15134,377,23939,121,1951,412,15709,489,13722,555,29431,California
Kings,2021-04-03,455,41479,317,15451,133,24072,5,1956,167,15602,282,14004,175,29606,California
Kings,2021-04-04,159,41638,86,15537,67,24139,6,1962,68,15587,91,14095,76,29682,California
Kings,2021-04-05,956,42594,260,15797,464,24603,232,2194,246,15399,709,14804,521,30203,California
Kings,2021-04-06,450,43044,133,15930,238,24841,79,2273,142,15322,308,15112,231,30434,California
Lake,2020-12-17,4,4,4,4,0,0,0,0,4,4,0,0,4,4,California
Lake,2020-12-18,51,55,51,55,0,0,0,0,51,55,0,0,51,55,California
Lake,2020-12-19,3,58,3,58,0,0,0,0,3,58,0,0,3,58,California
Lake,2020-12-20,6,64,6,64,0,0,0,0,6,64,0,0,6,64,California
Lake,2020-12-21,50,114,50,114,0,0,0,0,50,114,0,0,50,114,California
Lake,2020-12-22,63,177,60,174,3,3,0,0,63,177,0,0,63,177,California
Lake,2020-12-23,91,268,83,257,8,11,0,0,91,268,0,0,91,268,California
Lake,2020-12-24,2,270,0,257,2,13,0,0,2,270,0,0,2,270,California
Lake,2020-12-26,2,272,2,259,0,13,0,0,2,272,0,0,2,272,California
Lake,2020-12-27,2,274,2,261,0,13,0,0,2,274,0,0,2,274,California
Lake,2020-12-28,52,326,43,304,9,22,0,0,52,326,0,0,52,326,California
Lake,2020-12-29,14,340,9,313,5,27,0,0,14,340,0,0,14,340,California
Lake,2020-12-30,89,429,82,395,7,34,0,0,89,429,0,0,89,429,California
Lake,2020-12-31,67,496,64,459,3,37,0,0,67,496,0,0,67,496,California
Lake,2021-01-01,1,497,0,459,1,38,0,0,1,497,0,0,1,497,California
Lake,2021-01-02,2,499,1,460,1,39,0,0,2,499,0,0,2,499,California
Lake,2021-01-04,65,564,1,461,64,103,0,0,65,564,0,0,65,564,California
Lake,2021-01-05,80,644,59,520,21,124,0,0,78,640,2,2,78,642,California
Lake,2021-01-06,83,727,65,585,18,142,0,0,81,719,2,4,81,723,California
Lake,2021-01-07,69,796,49,634,20,162,0,0,65,780,4,8,65,788,California
Lake,2021-01-08,143,939,124,758,19,181,0,0,91,819,52,60,91,879,California
Lake,2021-01-09,62,1001,60,818,2,183,0,0,58,873,4,64,58,937,California
Lake,2021-01-10,3,1004,3,821,0,183,0,0,0,870,3,67,0,937,California
Lake,2021-01-11,161,1165,119,940,42,225,0,0,113,935,48,115,113,1050,California
Lake,2021-01-12,79,1244,48,988,31,256,0,0,55,966,24,139,55,1105,California
Lake,2021-01-13,126,1370,74,1062,52,308,0,0,96,1032,30,169,96,1201,California
Lake,2021-01-14,136,1506,35,1097,101,409,0,0,115,1126,21,190,115,1316,California
Lake,2021-01-15,216,1722,93,1190,123,532,0,0,189,1288,27,217,189,1505,California
Lake,2021-01-16,135,1857,83,1273,52,584,0,0,133,1419,2,219,133,1638,California
Lake,2021-01-17,18,1875,6,1279,12,596,0,0,12,1425,6,225,12,1650,California
Lake,2021-01-18,244,2119,224,1503,20,616,0,0,126,1433,118,343,126,1776,California
Lake,2021-01-19,277,2396,84,1587,193,809,0,0,263,1683,14,357,264,2040,California
Lake,2021-01-20,385,2781,44,1631,341,1150,0,0,356,2010,29,386,356,2396,California
Lake,2021-01-21,316,3097,48,1679,268,1418,0,0,283,2260,33,419,283,2679,California
Lake,2021-01-22,318,3415,45,1724,273,1691,0,0,282,2506,36,455,282,2961,California
Lake,2021-01-23,122,3537,5,1729,117,1808,0,0,121,2626,1,456,121,3082,California
Lake,2021-01-24,4,3541,1,1730,3,1811,0,0,4,2630,0,456,4,3086,California
Lake,2021-01-25,236,3777,73,1803,163,1974,0,0,178,2750,58,514,178,3264,California
Lake,2021-01-26,425,4202,35,1838,390,2364,0,0,402,3129,23,537,402,3666,California
Lake,2021-01-27,357,4559,39,1877,318,2682,0,0,331,3434,26,563,331,3997,California
Lake,2021-01-28,467,5026,130,2007,337,3019,0,0,366,3699,101,664,366,4363,California
Lake,2021-01-29,636,5662,82,2089,554,3573,0,0,576,4215,60,724,576,4939,California
Lake,2021-01-30,557,6219,45,2134,512,4085,0,0,550,4759,7,731,551,5490,California
Lake,2021-01-31,13,6232,8,2142,5,4090,0,0,12,4770,1,732,12,5502,California
Lake,2021-02-01,176,6408,17,2159,159,4249,0,0,165,4924,11,743,165,5667,California
Lake,2021-02-02,538,6946,154,2313,384,4633,0,0,401,5188,137,880,401,6068,California
Lake,2021-02-03,422,7368,26,2339,396,5029,0,0,348,5462,74,954,348,6416,California
Lake,2021-02-04,100,7468,55,2394,45,5074,0,0,71,5504,29,983,71,6487,California
Lake,2021-02-05,368,7836,68,2462,300,5374,0,0,288,5714,78,1061,288,6775,California
Lake,2021-02-06,282,8118,43,2505,239,5613,0,0,270,5972,12,1073,270,7045,California
Lake,2021-02-07,2,8120,1,2506,1,5614,0,0,2,5974,0,1073,2,7047,California
Lake,2021-02-08,277,8397,206,2712,71,5685,0,0,158,6013,119,1192,158,7205,California
Lake,2021-02-09,340,8737,21,2733,319,6004,0,0,301,6275,39,1231,301,7506,California
Lake,2021-02-10,351,9088,53,2786,298,6302,0,0,274,6472,77,1308,274,7780,California
Lake,2021-02-11,172,9260,19,2805,153,6455,0,0,60,6420,112,1420,60,7840,California
Lake,2021-02-12,373,9633,29,2834,344,6799,0,0,286,6619,87,1507,286,8126,California
Lake,2021-02-13,253,9886,8,2842,245,7044,0,0,242,6850,11,1518,242,8368,California
Lake,2021-02-14,21,9907,4,2846,17,7061,0,0,8,6845,13,1531,8,8376,California
Lake,2021-02-15,171,10078,12,2858,159,7220,0,0,7,6689,163,1694,7,8383,California
Lake,2021-02-16,413,10491,19,2877,394,7614,0,0,171,6618,242,1936,171,8554,California
Lake,2021-02-17,351,10842,54,2931,297,7911,0,0,73,6414,277,2213,73,8627,California
Lake,2021-02-18,450,11292,68,2999,382,8293,0,0,116,6196,334,2547,116,8743,California
Lake,2021-02-19,414,11706,26,3025,388,8681,0,0,92,5966,322,2869,92,8835,California
Lake,2021-02-20,289,11995,58,3083,231,8912,0,0,247,6171,42,2911,247,9082,California
Lake,2021-02-21,6,12001,6,3089,0,8912,0,0,0,6165,6,2917,0,9082,California
Lake,2021-02-22,136,12137,22,3111,114,9026,0,0,41,6111,95,3012,41,9123,California
Lake,2021-02-23,210,12347,13,3124,197,9223,0,0,25,5951,185,3197,25,9148,California
Lake,2021-02-24,954,13301,376,3500,578,9801,0,0,418,5833,536,3733,418,9566,California
Lake,2021-02-25,723,14024,457,3957,266,10067,0,0,472,6056,249,3982,472,10038,California
Lake,2021-02-26,994,15018,307,4264,687,10754,0,0,346,5758,644,4626,346,10384,California
Lake,2021-02-27,398,15416,95,4359,303,11057,0,0,316,5992,82,4708,316,10700,California
Lake,2021-02-28,19,15435,13,4372,6,11063,0,0,10,5993,9,4717,10,10710,California
Lake,2021-03-01,593,16028,53,4425,540,11603,0,0,441,6282,152,4869,441,11151,California
Lake,2021-03-02,755,16783,17,4442,738,12341,0,0,290,6107,465,5334,290,11441,California
Lake,2021-03-03,350,17133,192,4634,158,12499,0,0,128,6013,222,5556,128,11569,California
Lake,2021-03-04,543,17676,474,5108,69,12568,0,0,530,6530,13,5569,530,12099,California
Lake,2021-03-05,817,18493,29,5137,788,13356,0,0,118,5952,696,6265,118,12217,California
Lake,2021-03-06,38,18531,10,5147,27,13383,1,1,23,5961,15,6280,24,12241,California
Lake,2021-03-07,7,18538,5,5152,2,13385,0,1,3,5960,4,6284,3,12244,California
Lake,2021-03-08,310,18848,243,5395,58,13443,9,10,272,6203,38,6322,281,12525,California
Lake,2021-03-09,894,19742,29,5424,852,14295,13,23,377,6077,516,6838,390,12915,California
Lake,2021-03-10,198,19940,60,5484,131,14426,7,30,137,6160,61,6899,144,13059,California
Lake,2021-03-11,554,20494,50,5534,62,14488,442,472,52,6152,502,7401,494,13553,California
Lake,2021-03-12,830,21324,183,5717,623,15111,24,496,335,6018,493,7894,359,13912,California
Lake,2021-03-13,189,21513,19,5736,18,15129,152,648,17,6016,170,8064,168,14080,California
Lake,2021-03-14,14,21527,3,5739,10,15139,1,649,8,6019,6,8070,9,14089,California
Lake,2021-03-15,587,22114,13,5752,554,15693,20,669,428,6308,159,8229,448,14537,California
Lake,2021-03-16,1072,23186,813,6565,242,15935,17,686,423,6102,646,8875,440,14977,California
Lake,2021-03-17,235,23421,117,6682,100,16035,18,704,81,6047,154,9029,99,15076,California
Lake,2021-03-18,658,24079,338,7020,287,16322,33,737,297,6016,360,9389,329,15405,California
Lake,2021-03-19,395,24474,172,7192,212,16534,11,748,311,6255,83,9472,322,15727,California
Lake,2021-03-20,75,24549,11,7203,62,16596,2,750,21,6225,53,9525,23,15750,California
Lake,2021-03-21,19,24568,14,7217,4,16600,1,751,12,6231,7,9532,13,15763,California
Lake,2021-03-22,311,24879,231,7448,66,16666,14,765,225,6384,86,9618,239,16002,California
Lake,2021-03-23,407,25286,20,7468,373,17039,14,779,346,6684,60,9678,360,16362,California
Lake,2021-03-24,423,25709,68,7536,348,17387,7,786,327,6926,94,9772,336,16698,California
Lake,2021-03-25,625,26334,441,7977,177,17564,7,793,170,6650,454,10226,178,16876,California
Lake,2021-03-26,79,26413,40,8017,38,17602,1,794,56,6684,23,10249,57,16933,California
Lake,2021-03-27,307,26720,10,8027,293,17895,4,798,22,6428,283,10532,27,16960,California
Lake,2021-03-28,14,26734,5,8032,8,17903,1,799,6,6427,8,10540,7,16967,California
Lake,2021-03-29,878,27612,243,8275,633,18536,2,801,192,5939,684,11224,196,17163,California
Lake,2021-03-30,449,28061,302,8577,143,18679,4,805,362,6220,87,11311,368,17531,California
Lake,2021-03-31,560,28621,63,8640,497,19176,0,805,400,6489,153,11464,422,17953,California
Lake,2021-04-01,410,29031,208,8848,191,19367,11,816,176,6454,231,11695,196,18149,California
Lake,2021-04-02,222,29253,44,8892,151,19518,27,843,100,6464,122,11817,132,18281,California
Lake,2021-04-03,40,29293,13,8905,24,19542,3,846,17,6461,23,11840,20,18301,California
Lake,2021-04-04,22,29315,12,8917,7,19549,3,849,16,6474,6,11846,19,18320,California
Lake,2021-04-05,621,29936,69,8986,530,20079,22,871,393,6664,226,12072,416,18736,California
Lake,2021-04-06,352,30288,9,8995,340,20419,3,874,227,6770,125,12197,231,18967,California
Lassen,2020-12-16,8,8,8,8,0,0,0,0,8,8,0,0,8,8,California
Lassen,2020-12-17,6,14,6,14,0,0,0,0,6,14,0,0,6,14,California
Lassen,2020-12-18,1,15,1,15,0,0,0,0,1,15,0,0,1,15,California
Lassen,2020-12-19,5,20,5,20,0,0,0,0,5,20,0,0,5,20,California
Lassen,2020-12-20,2,22,2,22,0,0,0,0,2,22,0,0,2,22,California
Lassen,2020-12-21,11,33,11,33,0,0,0,0,11,33,0,0,11,33,California
Lassen,2020-12-22,23,56,23,56,0,0,0,0,23,56,0,0,23,56,California
Lassen,2020-12-23,6,62,6,62,0,0,0,0,6,62,0,0,6,62,California
Lassen,2020-12-24,11,73,11,73,0,0,0,0,11,73,0,0,11,73,California
Lassen,2020-12-28,3,76,2,75,1,1,0,0,3,76,0,0,3,76,California
Lassen,2020-12-29,35,111,35,110,0,1,0,0,35,111,0,0,35,111,California
Lassen,2020-12-30,37,148,36,146,1,2,0,0,37,148,0,0,37,148,California
Lassen,2020-12-31,51,199,42,188,9,11,0,0,51,199,0,0,51,199,California
Lassen,2021-01-02,2,201,0,188,2,13,0,0,2,201,0,0,2,201,California
Lassen,2021-01-04,15,216,1,189,14,27,0,0,15,216,0,0,15,216,California
Lassen,2021-01-05,194,410,53,242,141,168,0,0,194,410,0,0,194,410,California
Lassen,2021-01-06,95,505,43,285,52,220,0,0,87,490,8,8,88,498,California
Lassen,2021-01-07,43,548,7,292,36,256,0,0,37,521,6,14,37,535,California
Lassen,2021-01-08,50,598,2,294,48,304,0,0,50,571,0,14,50,585,California
Lassen,2021-01-09,12,610,6,300,6,310,0,0,12,583,0,14,12,597,California
Lassen,2021-01-11,27,637,5,305,22,332,0,0,27,610,0,14,27,624,California
Lassen,2021-01-12,50,687,30,335,20,352,0,0,31,622,19,33,31,655,California
Lassen,2021-01-13,161,848,18,353,143,495,0,0,146,753,15,48,146,801,California
Lassen,2021-01-14,161,1009,18,371,143,638,0,0,149,890,12,60,149,950,California
Lassen,2021-01-15,33,1042,6,377,27,665,0,0,33,923,0,60,33,983,California
Lassen,2021-01-16,34,1076,33,410,1,666,0,0,34,957,0,60,34,1017,California
Lassen,2021-01-17,1,1077,0,410,1,667,0,0,1,958,0,60,1,1018,California
Lassen,2021-01-18,5,1082,2,412,3,670,0,0,4,961,1,61,4,1022,California
Lassen,2021-01-19,186,1268,36,448,150,820,0,0,158,1091,28,89,158,1180,California
Lassen,2021-01-20,187,1455,100,548,87,907,0,0,103,1125,69,158,103,1283,California
Lassen,2021-01-21,145,1600,94,642,51,958,0,0,120,1227,18,176,120,1403,California
Lassen,2021-01-22,32,1632,19,661,13,971,0,0,22,1239,10,186,22,1425,California
Lassen,2021-01-23,1,1633,0,661,1,972,0,0,1,1240,0,186,1,1426,California
Lassen,2021-01-24,1,1634,0,661,1,973,0,0,1,1241,0,186,1,1427,California
Lassen,2021-01-25,11,1645,0,661,11,984,0,0,11,1252,0,186,11,1438,California
Lassen,2021-01-26,126,1771,12,673,114,1098,0,0,122,1370,4,190,122,1560,California
Lassen,2021-01-27,81,1852,29,702,52,1150,0,0,64,1417,17,207,64,1624,California
Lassen,2021-01-28,85,1937,14,716,71,1221,0,0,84,1500,1,208,84,1708,California
Lassen,2021-01-29,23,1960,7,723,16,1237,0,0,22,1521,1,209,22,1730,California
Lassen,2021-02-01,63,2023,4,727,59,1296,0,0,36,1530,27,236,36,1766,California
Lassen,2021-02-02,177,2200,11,738,166,1462,0,0,43,1439,134,370,43,1809,California
Lassen,2021-02-03,99,2299,22,760,77,1539,0,0,54,1448,45,415,54,1863,California
Lassen,2021-02-04,112,2411,15,775,97,1636,0,0,63,1462,49,464,63,1926,California
Lassen,2021-02-05,65,2476,12,787,53,1689,0,0,23,1443,42,506,23,1949,California
Lassen,2021-02-06,70,2546,35,822,35,1724,0,0,37,1448,32,538,37,1986,California
Lassen,2021-02-07,1,2547,1,823,0,1724,0,0,1,1449,0,538,1,1987,California
Lassen,2021-02-08,45,2592,6,829,39,1763,0,0,20,1444,25,563,20,2007,California
Lassen,2021-02-09,128,2720,8,837,120,1883,0,0,49,1414,79,642,49,2056,California
Lassen,2021-02-10,181,2901,20,857,161,2044,0,0,74,1382,106,748,74,2130,California
Lassen,2021-02-11,181,3082,16,873,165,2209,0,0,79,1360,101,849,79,2209,California
Lassen,2021-02-12,45,3127,13,886,32,2241,0,0,16,1347,29,878,16,2225,California
Lassen,2021-02-13,13,3140,5,891,8,2249,0,0,11,1356,2,880,11,2236,California
Lassen,2021-02-14,13,3153,0,891,13,2262,0,0,12,1367,1,881,12,2248,California
Lassen,2021-02-15,22,3175,3,894,19,2281,0,0,18,1381,4,885,18,2266,California
Lassen,2021-02-16,193,3368,4,898,189,2470,0,0,31,1252,160,1045,31,2297,California
Lassen,2021-02-17,185,3553,95,993,90,2560,0,0,11,1089,174,1219,11,2308,California
Lassen,2021-02-18,81,3634,23,1016,58,2618,0,0,23,1054,58,1277,23,2331,California
Lassen,2021-02-19,82,3716,61,1077,21,2639,0,0,18,1008,64,1341,18,2349,California
Lassen,2021-02-20,7,3723,0,1077,7,2646,0,0,5,1011,2,1343,5,2354,California
Lassen,2021-02-21,18,3741,1,1078,17,2663,0,0,14,1021,4,1347,14,2368,California
Lassen,2021-02-22,23,3764,8,1086,15,2678,0,0,5,1008,18,1365,5,2373,California
Lassen,2021-02-23,152,3916,9,1095,143,2821,0,0,40,936,112,1477,40,2413,California
Lassen,2021-02-24,165,4081,16,1111,149,2970,0,0,107,986,57,1534,107,2520,California
Lassen,2021-02-25,158,4239,21,1132,137,3107,0,0,102,1032,56,1590,102,2622,California
Lassen,2021-02-26,70,4309,13,1145,57,3164,0,0,33,1028,37,1627,33,2655,California
Lassen,2021-02-27,8,4317,7,1152,1,3165,0,0,4,1028,4,1631,4,2659,California
Lassen,2021-02-28,6,4323,1,1153,5,3170,0,0,3,1028,3,1634,3,2662,California
Lassen,2021-03-01,40,4363,5,1158,35,3205,0,0,7,1002,33,1667,7,2669,California
Lassen,2021-03-02,104,4467,6,1164,98,3303,0,0,79,1056,25,1692,79,2748,California
Lassen,2021-03-03,163,4630,13,1177,150,3453,0,0,105,1103,58,1750,105,2853,California
Lassen,2021-03-04,142,4772,15,1192,127,3580,0,0,93,1148,48,1798,93,2946,California
Lassen,2021-03-05,46,4818,6,1198,19,3599,21,21,12,1147,34,1832,33,2979,California
Lassen,2021-03-06,54,4872,5,1203,31,3630,18,39,5,1121,49,1881,23,3002,California
Lassen,2021-03-07,55,4927,1,1204,0,3630,54,93,0,1120,55,1936,54,3056,California
Lassen,2021-03-08,88,5015,2,1206,9,3639,77,170,4,1118,83,2019,81,3137,California
Lassen,2021-03-09,126,5141,11,1217,98,3737,17,187,78,1165,48,2067,95,3232,California
Lassen,2021-03-10,149,5290,8,1225,140,3877,1,188,66,1150,83,2150,68,3300,California
Lassen,2021-03-11,173,5463,16,1241,148,4025,9,197,99,1188,70,2220,108,3408,California
Lassen,2021-03-12,33,5496,15,1256,11,4036,7,204,11,1184,22,2242,18,3426,California
Lassen,2021-03-13,45,5541,0,1256,2,4038,43,247,2,1185,43,2285,44,3470,California
Lassen,2021-03-14,7,5548,1,1257,5,4043,1,248,0,1179,7,2292,1,3471,California
Lassen,2021-03-15,36,5584,2,1259,31,4074,3,251,17,1180,18,2310,19,3490,California
Lassen,2021-03-16,87,5671,3,1262,78,4152,6,257,70,1239,17,2327,76,3566,California
Lassen,2021-03-17,918,6589,9,1271,904,5056,5,262,899,2125,18,2345,904,4470,California
Lassen,2021-03-18,80,6669,9,1280,70,5126,1,263,66,2178,14,2359,67,4537,California
Lassen,2021-03-19,15,6684,8,1288,3,5129,4,267,8,2183,7,2366,12,4549,California
Lassen,2021-03-20,8,6692,1,1289,4,5133,3,270,3,2184,5,2371,6,4555,California
Lassen,2021-03-21,33,6725,3,1292,29,5162,1,271,15,2183,17,2388,16,4571,California
Lassen,2021-03-22,49,6774,0,1292,48,5210,1,272,45,2225,4,2392,46,4617,California
Lassen,2021-03-23,95,6869,5,1297,89,5299,1,273,53,2237,42,2434,54,4671,California
Lassen,2021-03-24,206,7075,11,1308,195,5494,0,273,100,2233,105,2539,101,4772,California
Lassen,2021-03-25,154,7229,21,1329,133,5627,0,273,69,2217,85,2624,69,4841,California
Lassen,2021-03-26,74,7303,12,1341,24,5651,38,311,15,2212,58,2682,53,4894,California
Lassen,2021-03-27,19,7322,1,1342,2,5653,16,327,2,2213,17,2699,18,4912,California
Lassen,2021-03-28,21,7343,4,1346,6,5659,11,338,7,2217,14,2713,18,4930,California
Lassen,2021-03-29,48,7391,0,1346,25,5684,23,361,18,2228,30,2743,41,4971,California
Lassen,2021-03-30,195,7586,11,1357,161,5845,23,384,49,2160,144,2887,76,5047,California
Lassen,2021-03-31,143,7729,13,1370,111,5956,19,403,64,2166,78,2965,84,5131,California
Lassen,2021-04-01,152,7881,17,1387,117,6073,18,421,46,2126,105,3070,65,5196,California
Lassen,2021-04-02,29,7910,5,1392,5,6078,19,440,2,2121,26,3096,21,5217,California
Lassen,2021-04-03,14,7924,1,1393,3,6081,10,450,0,2118,13,3109,10,5227,California
Lassen,2021-04-04,7,7931,1,1394,1,6082,5,455,1,2118,6,3115,6,5233,California
Lassen,2021-04-05,22,7953,6,1400,13,6095,3,458,12,2125,9,3124,16,5249,California
Lassen,2021-04-06,113,8066,4,1404,101,6196,8,466,16,2068,97,3221,40,5289,California
Los Angeles,2020-12-15,392,392,392,392,0,0,0,0,392,392,0,0,392,392,California
Los Angeles,2020-12-16,3360,3752,3360,3752,0,0,0,0,3360,3752,0,0,3360,3752,California
Los Angeles,2020-12-17,10225,13977,10225,13977,0,0,0,0,10226,13978,0,0,10226,13978,California
Los Angeles,2020-12-18,14489,28466,14467,28444,22,22,0,0,14490,28468,0,0,14490,28468,California
Los Angeles,2020-12-19,7217,35683,7211,35655,6,28,0,0,7218,35686,0,0,7218,35686,California
Los Angeles,2020-12-20,4577,40260,4569,40224,8,36,0,0,4578,40264,0,0,4578,40264,California
Los Angeles,2020-12-21,13655,53915,13643,53867,12,48,0,0,13656,53919,1,1,13656,53920,California
Los Angeles,2020-12-22,11481,65396,11104,64971,377,425,0,0,11482,65400,1,2,11482,65402,California
Los Angeles,2020-12-23,11860,77256,10103,75074,1757,2182,0,0,11861,77261,0,2,11861,77263,California
Los Angeles,2020-12-24,7003,84259,4240,79314,2763,4945,0,0,7006,84267,0,2,7006,84269,California
Los Angeles,2020-12-25,522,84781,417,79731,105,5050,0,0,522,84789,0,2,522,84791,California
Los Angeles,2020-12-26,2523,87304,2179,81910,344,5394,0,0,2523,87311,1,3,2523,87314,California
Los Angeles,2020-12-27,1750,89054,1023,82933,727,6121,0,0,1750,89061,0,3,1750,89064,California
Los Angeles,2020-12-28,10247,99301,6349,89282,3898,10019,0,0,10245,99306,0,3,10245,99309,California
Los Angeles,2020-12-29,11503,110804,6049,95331,5454,15473,0,0,11505,110811,0,3,11505,110814,California
Los Angeles,2020-12-30,14812,125616,8075,103406,6737,22210,0,0,14811,125622,0,3,14811,125625,California
Los Angeles,2020-12-31,7852,133468,2740,106146,5112,27322,0,0,7850,133471,1,4,7850,133475,California
Los Angeles,2021-01-01,914,134382,240,106386,674,27996,0,0,914,134385,0,4,914,134389,California
Los Angeles,2021-01-02,4420,138802,1643,108029,2777,30773,0,0,4420,138805,0,4,4420,138809,California
Los Angeles,2021-01-03,915,139717,203,108232,712,31485,0,0,914,139718,1,5,914,139723,California
Los Angeles,2021-01-04,12622,152339,4833,113065,7789,39274,0,0,12607,152322,3,8,12607,152330,California
Los Angeles,2021-01-05,15954,168293,7048,120113,8906,48180,0,0,14048,164501,1872,1880,14051,166381,California
Los Angeles,2021-01-06,22384,190677,12018,132131,10366,58546,0,0,16810,175816,5504,7384,16819,183200,California
Los Angeles,2021-01-07,29310,219987,15761,147892,13549,72095,0,0,18838,184245,10427,17811,18856,202056,California
Los Angeles,2021-01-08,32962,252949,17841,165733,15121,87216,0,0,20779,192888,12158,29969,20801,222857,California
Los Angeles,2021-01-09,12324,265273,7049,172782,5275,92491,0,0,7460,195493,4863,34832,7468,230325,California
Los Angeles,2021-01-10,4644,269917,3631,176413,1013,93504,0,0,1912,194677,2732,37564,1916,232241,California
Los Angeles,2021-01-11,25690,295607,16196,192609,9494,102998,0,0,14781,198566,10901,48465,14790,247031,California
Los Angeles,2021-01-12,28998,324605,16009,208618,12989,115987,0,0,18921,207432,10059,58524,18925,265956,California
Los Angeles,2021-01-13,29143,353748,15582,224200,13561,129548,0,0,20219,218751,8907,67431,20226,286182,California
Los Angeles,2021-01-14,29134,382882,12682,236882,16452,146000,0,0,23651,236945,5467,72898,23661,309843,California
Los Angeles,2021-01-15,33595,416477,12297,249179,21298,167298,0,0,30047,263479,3523,76421,30057,339900,California
Los Angeles,2021-01-16,17483,433960,4951,254130,12532,179830,0,0,15707,277421,1768,78189,15710,355610,California
Los Angeles,2021-01-17,5174,439134,2289,256419,2885,182715,0,0,4929,282107,245,78434,4931,360541,California
Los Angeles,2021-01-18,15535,454669,10037,266456,5498,188213,0,0,10835,288257,4689,83123,10839,371380,California
Los Angeles,2021-01-19,38356,493025,20486,286942,17870,206083,0,0,30600,311165,7716,90839,30624,402004,California
Los Angeles,2021-01-20,45464,538489,23692,310634,21772,227855,0,0,37989,341717,7445,98284,37997,440001,California
Los Angeles,2021-01-21,48392,586881,22311,332945,26081,253936,0,0,44138,381671,4194,102478,44148,484149,California
Los Angeles,2021-01-22,47580,634461,22227,355172,25353,279289,0,0,44171,422481,3367,105845,44177,528326,California
Los Angeles,2021-01-23,33762,668223,15645,370817,18117,297406,0,0,31752,452258,1981,107826,31758,560084,California
Los Angeles,2021-01-24,15671,683894,12163,382980,3508,300914,0,0,15124,466846,540,108366,15128,575212,California
Los Angeles,2021-01-25,38437,722331,16322,399302,22115,323029,0,0,30020,488529,8381,116747,30064,605276,California
Los Angeles,2021-01-26,48881,771212,24255,423557,24626,347655,0,0,40791,521287,8059,124806,40817,646093,California
Los Angeles,2021-01-27,48122,819334,25675,449232,22447,370102,0,0,39024,551359,8965,133771,39037,685130,California
Los Angeles,2021-01-28,48210,867544,22935,472167,25275,395377,0,0,39914,583098,8181,141952,39920,725050,California
Los Angeles,2021-01-29,48967,916511,25260,497427,23707,419084,0,0,38994,612481,9623,151575,39006,764056,California
Los Angeles,2021-01-30,29838,946349,15304,512731,14534,433618,0,0,25744,634211,4021,155596,25751,789807,California
Los Angeles,2021-01-31,12941,959290,10325,523056,2616,436234,0,0,12021,645327,908,156504,12024,801831,California
Los Angeles,2021-02-01,37695,996985,16001,539057,21694,457928,0,0,27497,662669,10169,166673,27511,829342,California
Los Angeles,2021-02-02,43958,1040943,17786,556843,26172,484100,0,0,31850,682450,12072,178745,31853,861195,California
Los Angeles,2021-02-03,51789,1092732,19380,576223,32409,516509,0,0,37185,705264,14376,193121,37190,898385,California
Los Angeles,2021-02-04,57039,1149771,20607,596830,36432,552941,0,0,39019,726579,17709,210830,39024,937409,California
Los Angeles,2021-02-05,60803,1210574,20874,617704,39929,592870,0,0,39058,744311,21329,232159,39061,976470,California
Los Angeles,2021-02-06,35307,1245881,13220,630924,22087,614957,0,0,26944,762983,8290,240449,26962,1003432,California
Los Angeles,2021-02-07,10744,1256625,8333,639257,2411,617368,0,0,8385,769029,2344,242793,8390,1011822,California
Los Angeles,2021-02-08,46557,1303182,21389,660646,25168,642536,0,0,30470,783541,15961,258754,30473,1042295,California
Los Angeles,2021-02-09,55570,1358752,24545,685191,31025,673561,0,0,28345,784720,27173,285927,28352,1070647,California
Los Angeles,2021-02-10,66737,1425489,29344,714535,37393,710954,0,0,30943,780233,35435,321362,30948,1101595,California
Los Angeles,2021-02-11,57793,1483282,30786,745321,27007,737961,0,0,27898,778678,29457,350819,27902,1129497,California
Los Angeles,2021-02-12,59394,1542676,29730,775051,29664,767625,0,0,25856,771349,33204,384023,25875,1155372,California
Los Angeles,2021-02-13,33733,1576409,19566,794617,14167,781792,0,0,15455,768636,18203,402226,15490,1170862,California
Los Angeles,2021-02-14,21857,1598266,14977,809594,6880,788672,0,0,8791,764424,13011,415237,8799,1179661,California
Los Angeles,2021-02-15,32238,1630504,15782,825376,16456,805128,0,0,17681,767604,14505,429742,17685,1197346,California
Los Angeles,2021-02-16,63657,1694161,32347,857723,31310,836438,0,0,29833,763708,33744,463486,29848,1227194,California
Los Angeles,2021-02-17,63722,1757883,34139,891862,29583,866021,0,0,26356,752865,37207,500693,26364,1253558,California
Los Angeles,2021-02-18,67769,1825652,34471,926333,33298,899319,0,0,28499,742327,39047,539740,28509,1282067,California
Los Angeles,2021-02-19,56863,1882515,34979,961312,21884,921203,0,0,28348,742280,28420,568160,28373,1310440,California
Los Angeles,2021-02-20,31874,1914389,23731,985043,8143,929346,0,0,15601,741648,16238,584398,15606,1326046,California
Los Angeles,2021-02-21,15632,1930021,14013,999056,1619,930965,0,0,8147,742333,7463,591861,8148,1334194,California
Los Angeles,2021-02-22,33798,1963819,24595,1023651,9203,940168,0,0,17584,743792,16147,608008,17606,1351800,California
Los Angeles,2021-02-23,53216,2017035,22627,1046278,30589,970757,0,0,21087,732869,32034,640042,21111,1372911,California
Los Angeles,2021-02-24,63709,2080744,27897,1074175,35812,1006569,0,0,28166,725655,35396,675438,28182,1401093,California
Los Angeles,2021-02-25,72689,2153433,33356,1107531,39333,1045902,0,0,38259,729640,34294,709732,38279,1439372,California
Los Angeles,2021-02-26,82086,2235519,38224,1145755,43862,1089764,0,0,47051,741885,34826,744558,47071,1486443,California
Los Angeles,2021-02-27,58223,2293742,24725,1170480,33496,1123260,2,2,29801,743430,28278,772836,29823,1516266,California
Los Angeles,2021-02-28,26590,2320332,18395,1188875,8195,1131455,0,2,18778,754464,7750,780586,18784,1535050,California
Los Angeles,2021-03-01,54688,2375020,30552,1219427,24126,1155581,10,12,33123,766179,21440,802026,33155,1568205,California
Los Angeles,2021-03-02,69433,2444453,30654,1250081,38778,1194359,1,13,42473,781819,26848,828874,42488,1610693,California
Los Angeles,2021-03-03,78377,2522830,39289,1289370,39084,1233443,4,17,48658,800970,29554,858428,48705,1659398,California
Los Angeles,2021-03-04,83281,2606111,44169,1333539,39105,1272548,7,24,53225,824336,29883,888311,53249,1712647,California
Los Angeles,2021-03-05,77451,2683562,38530,1372069,38900,1311448,21,45,52973,853059,24306,912617,53029,1765676,California
Los Angeles,2021-03-06,58456,2742018,30212,1402281,26487,1337935,1757,1802,38436,873373,19898,932515,40212,1805888,California
Los Angeles,2021-03-07,23856,2765874,18773,1421054,4315,1342250,768,2570,18895,888097,4944,937459,19668,1825556,California
Los Angeles,2021-03-08,48934,2814808,25740,1446794,21442,1363692,1752,4322,36962,914930,11890,949349,38723,1864279,California
Los Angeles,2021-03-09,65621,2880429,24994,1471788,37368,1401060,3259,7581,39044,930780,26465,975814,42315,1906594,California
Los Angeles,2021-03-10,74152,2954581,36035,1507823,33613,1434673,4504,12085,45937,953143,28078,1003892,50441,1957035,California
Los Angeles,2021-03-11,84355,3038936,40701,1548524,37725,1472398,5929,18014,48438,971750,35765,1039657,54372,2011407,California
Los Angeles,2021-03-12,83511,3122447,38100,1586624,32728,1505126,12683,30697,48053,997160,35319,1074976,60729,2072136,California
Los Angeles,2021-03-13,61792,3184239,30572,1617196,20044,1525170,11176,41873,35717,1018067,25990,1100966,46897,2119033,California
Los Angeles,2021-03-14,32809,3217048,23299,1640495,7182,1532352,2328,44201,22649,1032950,10117,1111083,25000,2144033,California
Los Angeles,2021-03-15,71847,3288895,34669,1675164,31933,1564285,5245,49446,43878,1054270,27813,1138896,49133,2193166,California
Los Angeles,2021-03-16,93618,3382513,41506,1716670,46588,1610873,5524,54970,60426,1087194,33033,1171929,65957,2259123,California
Los Angeles,2021-03-17,88167,3470680,40913,1757583,39656,1650529,7598,62568,58735,1124267,29273,1201202,66346,2325469,California
Los Angeles,2021-03-18,81420,3552100,40116,1797699,36687,1687216,4617,67185,50497,1148669,30728,1231930,55130,2380599,California
Los Angeles,2021-03-19,89680,3641780,47280,1844979,38934,1726150,3466,70651,55860,1174394,33624,1265554,59349,2439948,California
Los Angeles,2021-03-20,57012,3698792,24587,1869566,29147,1755297,3278,73929,41073,1202918,15820,1281374,44344,2484292,California
Los Angeles,2021-03-21,32223,3731015,23611,1893177,7811,1763108,801,74730,21198,1213959,10959,1292333,22000,2506292,California
Los Angeles,2021-03-22,66971,3797986,39741,1932918,25286,1788394,1944,76674,47749,1244659,19040,1311373,49740,2556032,California
Los Angeles,2021-03-23,91280,3889266,49605,1982523,38776,1827170,2899,79573,60706,1278035,30366,1341739,63742,2619774,California
Los Angeles,2021-03-24,99850,3989116,53409,2035932,43623,1870793,2818,82391,59336,1300114,40264,1382003,62343,2682117,California
Los Angeles,2021-03-25,104330,4093446,55951,2091883,44921,1915714,3458,85849,59809,1319552,44293,1426296,63731,2745848,California
Los Angeles,2021-03-26,110045,4203491,60154,2152037,45841,1961555,4050,89899,62888,1341320,46957,1473253,68725,2814573,California
Los Angeles,2021-03-27,78892,4282383,41146,2193183,35642,1997197,2104,92003,40926,1347786,37769,1511022,44235,2858808,California
Los Angeles,2021-03-28,40550,4322933,27167,2220350,12796,2009993,587,92590,20667,1349351,19832,1530854,21397,2880205,California
Los Angeles,2021-03-29,80146,4403079,45289,2265639,33307,2043300,1550,94140,46146,1363643,33856,1564710,48148,2928353,California
Los Angeles,2021-03-30,103460,4506539,49382,2315021,48463,2091763,5615,99755,64937,1396380,38371,1603081,71108,2999461,California
Los Angeles,2021-03-31,116271,4622810,58820,2373841,49421,2141184,8030,107785,69956,1429008,46071,1649152,78699,3078160,California
Los Angeles,2021-04-01,124788,4747598,56923,2430764,53753,2194937,14112,121897,70060,1460873,54534,1703686,86399,3164559,California
Los Angeles,2021-04-02,123830,4871428,53909,2484673,55574,2250511,14347,136244,68334,1490987,55262,1758948,85376,3249935,California
Los Angeles,2021-04-03,91824,4963252,40863,2525536,38325,2288836,12636,148880,46641,1507668,45080,1804028,61761,3311696,California
Los Angeles,2021-04-04,37175,5000427,19450,2544986,11815,2300651,5910,154790,16967,1511108,20164,1824192,23604,3335300,California
Los Angeles,2021-04-05,82383,5082810,37939,2582925,35555,2336206,8889,163679,40163,1519544,42096,1866288,50532,3385832,California
Los Angeles,2021-04-06,61562,5144372,28460,2611385,24674,2360880,8428,172107,28209,1523493,33211,1899499,37160,3422992,California
Madera,2020-12-16,22,22,22,22,0,0,0,0,22,22,0,0,22,22,California
Madera,2020-12-17,12,34,12,34,0,0,0,0,12,34,0,0,12,34,California
Madera,2020-12-18,61,95,61,95,0,0,0,0,61,95,0,0,61,95,California
Madera,2020-12-19,6,101,6,101,0,0,0,0,6,101,0,0,6,101,California
Madera,2020-12-20,14,115,14,115,0,0,0,0,14,115,0,0,14,115,California
Madera,2020-12-21,61,176,61,176,0,0,0,0,61,176,0,0,61,176,California
Madera,2020-12-22,98,274,96,272,2,2,0,0,98,274,0,0,98,274,California
Madera,2020-12-23,68,342,68,340,0,2,0,0,68,342,0,0,68,342,California
Madera,2020-12-24,44,386,39,379,5,7,0,0,44,386,0,0,44,386,California
Madera,2020-12-26,28,414,26,405,2,9,0,0,28,414,0,0,28,414,California
Madera,2020-12-27,31,445,12,417,19,28,0,0,31,445,0,0,31,445,California
Madera,2020-12-28,107,552,36,453,71,99,0,0,107,552,0,0,107,552,California
Madera,2020-12-29,170,722,36,489,134,233,0,0,170,722,0,0,170,722,California
Madera,2020-12-30,217,939,86,575,131,364,0,0,217,939,0,0,217,939,California
Madera,2020-12-31,203,1142,80,655,123,487,0,0,203,1142,0,0,203,1142,California
Madera,2021-01-02,76,1218,21,676,55,542,0,0,76,1218,0,0,76,1218,California
Madera,2021-01-03,5,1223,5,681,0,542,0,0,5,1223,0,0,5,1223,California
Madera,2021-01-04,129,1352,64,745,65,607,0,0,129,1352,0,0,129,1352,California
Madera,2021-01-05,274,1626,138,883,136,743,0,0,269,1616,5,5,269,1621,California
Madera,2021-01-06,185,1811,27,910,158,901,0,0,165,1761,20,25,165,1786,California
Madera,2021-01-07,340,2151,56,966,284,1185,0,0,319,2059,21,46,319,2105,California
Madera,2021-01-08,415,2566,70,1036,345,1530,0,0,360,2366,54,100,361,2466,California
Madera,2021-01-09,37,2603,14,1050,23,1553,0,0,28,2385,9,109,28,2494,California
Madera,2021-01-10,18,2621,15,1065,3,1556,0,0,5,2377,13,122,5,2499,California
Madera,2021-01-11,225,2846,177,1242,48,1604,0,0,183,2518,42,164,183,2682,California
Madera,2021-01-12,394,3240,160,1402,234,1838,0,0,286,2696,108,272,286,2968,California
Madera,2021-01-13,182,3422,90,1492,92,1930,0,0,125,2765,57,329,126,3094,California
Madera,2021-01-14,555,3977,80,1572,475,2405,0,0,522,3254,33,362,522,3616,California
Madera,2021-01-15,596,4573,160,1732,436,2841,0,0,576,3810,20,382,576,4192,California
Madera,2021-01-16,374,4947,46,1778,328,3169,0,0,345,4126,29,411,345,4537,California
Madera,2021-01-17,327,5274,7,1785,320,3489,0,0,322,4444,5,416,323,4860,California
Madera,2021-01-18,74,5348,58,1843,16,3505,0,0,55,4481,18,434,55,4915,California
Madera,2021-01-19,561,5909,130,1973,431,3936,0,0,534,4989,27,461,535,5450,California
Madera,2021-01-20,235,6144,79,2052,156,4092,0,0,208,5171,26,487,208,5658,California
Madera,2021-01-21,236,6380,125,2177,111,4203,0,0,202,5341,32,519,202,5860,California
Madera,2021-01-22,255,6635,83,2260,172,4375,0,0,242,5570,13,532,242,6102,California
Madera,2021-01-23,101,6736,52,2312,49,4424,0,0,77,5624,24,556,78,6180,California
Madera,2021-01-24,100,6836,81,2393,19,4443,0,0,76,5676,24,580,76,6256,California
Madera,2021-01-25,253,7089,121,2514,132,4575,0,0,141,5705,112,692,141,6397,California
Madera,2021-01-26,479,7568,188,2702,291,4866,0,0,292,5813,186,878,294,6691,California
Madera,2021-01-27,734,8302,62,2764,672,5538,0,0,598,6276,136,1014,599,7290,California
Madera,2021-01-28,537,8839,101,2865,436,5974,0,0,433,6605,104,1118,433,7723,California
Madera,2021-01-29,468,9307,95,2960,373,6347,0,0,411,6959,57,1175,411,8134,California
Madera,2021-01-30,507,9814,15,2975,492,6839,0,0,453,7358,54,1229,453,8587,California
Madera,2021-01-31,9,9823,6,2981,3,6842,0,0,8,7365,1,1230,8,8595,California
Madera,2021-02-01,257,10080,71,3052,186,7028,0,0,199,7507,58,1288,200,8795,California
Madera,2021-02-02,247,10327,84,3136,163,7191,0,0,159,7579,87,1375,159,8954,California
Madera,2021-02-03,589,10916,453,3589,136,7327,0,0,475,7943,112,1487,476,9430,California
Madera,2021-02-04,386,11302,121,3710,265,7592,0,0,112,7783,273,1760,113,9543,California
Madera,2021-02-05,970,12272,295,4005,675,8267,0,0,363,7545,602,2362,364,9907,California
Madera,2021-02-06,355,12627,322,4327,33,8300,0,0,318,7827,36,2398,318,10225,California
Madera,2021-02-07,36,12663,7,4334,29,8329,0,0,31,7853,5,2403,31,10256,California
Madera,2021-02-08,381,13044,306,4640,75,8404,0,0,270,8013,110,2513,270,10526,California
Madera,2021-02-09,475,13519,116,4756,359,8763,0,0,195,7932,277,2790,196,10722,California
Madera,2021-02-10,426,13945,152,4908,274,9037,0,0,325,8156,101,2891,325,11047,California
Madera,2021-02-11,925,14870,299,5207,626,9663,0,0,398,8031,525,3416,400,11447,California
Madera,2021-02-12,841,15711,119,5326,722,10385,0,0,304,7810,531,3947,310,11757,California
Madera,2021-02-13,478,16189,46,5372,432,10817,0,0,137,7609,340,4287,139,11896,California
Madera,2021-02-14,398,16587,75,5447,323,11140,0,0,102,7451,295,4582,137,12033,California
Madera,2021-02-15,231,16818,92,5539,139,11279,0,0,148,7536,82,4664,167,12200,California
Madera,2021-02-16,772,17590,185,5724,587,11866,0,0,228,7225,542,5206,231,12431,California
Madera,2021-02-17,604,18194,268,5992,336,12202,0,0,334,7296,265,5471,336,12767,California
Madera,2021-02-18,1284,19478,528,6520,756,12958,0,0,1111,8235,173,5644,1112,13879,California
Madera,2021-02-19,860,20338,547,7067,313,13271,0,0,712,8806,148,5792,719,14598,California
Madera,2021-02-20,1072,21410,978,8045,94,13365,0,0,998,9733,72,5864,999,15597,California
Madera,2021-02-21,952,22362,816,8861,136,13501,0,0,946,10673,6,5870,946,16543,California
Madera,2021-02-22,905,23267,831,9692,74,13575,0,0,851,11470,54,5924,851,17394,California
Madera,2021-02-23,767,24034,498,10190,269,13844,0,0,549,11803,217,6141,550,17944,California
Madera,2021-02-24,904,24938,301,10491,603,14447,0,0,374,11647,530,6671,374,18318,California
Madera,2021-02-25,1021,25959,308,10799,713,15160,0,0,588,11804,431,7102,588,18906,California
Madera,2021-02-26,1068,27027,188,10987,880,16040,0,0,690,12123,375,7477,694,19600,California
Madera,2021-02-27,866,27893,244,11231,622,16662,0,0,415,12125,448,7925,450,20050,California
Madera,2021-02-28,188,28081,30,11261,158,16820,0,0,182,12301,6,7931,182,20232,California
Madera,2021-03-01,365,28446,115,11376,250,17070,0,0,187,12312,177,8108,188,20420,California
Madera,2021-03-02,637,29083,266,11642,371,17441,0,0,524,12726,112,8220,526,20946,California
Madera,2021-03-03,1190,30273,667,12309,523,17964,0,0,797,13152,390,8610,816,21762,California
Madera,2021-03-04,1107,31380,467,12776,640,18604,0,0,860,13774,247,8857,869,22631,California
Madera,2021-03-05,1220,32600,389,13165,819,19423,12,12,965,14504,253,9110,983,23614,California
Madera,2021-03-06,677,33277,502,13667,145,19568,30,42,456,14770,221,9331,487,24101,California
Madera,2021-03-07,153,33430,26,13693,105,19673,22,64,103,14845,50,9381,125,24226,California
Madera,2021-03-08,566,33996,315,14008,196,19869,55,119,284,14904,282,9663,341,24567,California
Madera,2021-03-09,426,34422,154,14162,236,20105,36,155,262,15046,163,9826,305,24872,California
Madera,2021-03-10,1065,35487,491,14653,524,20629,50,205,673,15381,389,10215,724,25596,California
Madera,2021-03-11,1551,37038,773,15426,466,21095,312,517,683,15521,867,11082,1007,26603,California
Madera,2021-03-12,1388,38426,727,16153,522,21617,139,656,667,15636,719,11801,834,27437,California
Madera,2021-03-13,1698,40124,1238,17391,272,21889,188,844,672,15491,1024,12825,879,28316,California
Madera,2021-03-14,529,40653,442,17833,54,21943,33,877,275,15548,252,13077,309,28625,California
Madera,2021-03-15,719,41372,215,18048,460,22403,44,921,499,15906,218,13295,576,29201,California
Madera,2021-03-16,802,42174,418,18466,337,22740,47,968,627,16427,172,13467,693,29894,California
Madera,2021-03-17,1353,43527,900,19366,408,23148,45,1013,826,16871,518,13985,962,30856,California
Madera,2021-03-18,1586,45113,556,19922,980,24128,50,1063,774,16957,809,14794,895,31751,California
Madera,2021-03-19,1308,46421,515,20437,731,24859,62,1125,842,17456,463,15257,962,32713,California
Madera,2021-03-20,861,47282,626,21063,205,25064,30,1155,409,17486,451,15708,481,33194,California
Madera,2021-03-21,1039,48321,855,21918,139,25203,45,1200,344,17184,692,16400,390,33584,California
Madera,2021-03-22,1329,49650,840,22758,423,25626,66,1266,651,17278,669,17069,763,34347,California
Madera,2021-03-23,1372,51022,823,23581,447,26073,102,1368,703,17500,667,17736,889,35236,California
Madera,2021-03-24,881,51903,467,24048,385,26458,29,1397,581,17832,299,18035,631,35867,California
Madera,2021-03-25,1084,52987,478,24526,584,27042,22,1419,617,18055,458,18493,681,36548,California
Madera,2021-03-26,1416,54403,511,25037,776,27818,129,1548,670,18118,743,19236,806,37354,California
Madera,2021-03-27,831,55234,528,25565,281,28099,22,1570,378,18084,447,19683,413,37767,California
Madera,2021-03-28,405,55639,132,25697,219,28318,54,1624,224,18235,180,19863,331,38098,California
Madera,2021-03-29,670,56309,170,25867,470,28788,30,1654,480,18563,187,20050,515,38613,California
Madera,2021-03-30,1012,57321,563,26430,416,29204,33,1687,556,18706,455,20505,598,39211,California
Madera,2021-03-31,1258,58579,469,26899,678,29882,111,1798,443,18502,810,21315,606,39817,California
Madera,2021-04-01,1209,59788,542,27441,617,30499,50,1848,434,18253,771,22086,522,40339,California
Madera,2021-04-02,1469,61257,414,27855,1001,31500,54,1902,461,17845,995,23081,587,40926,California
Madera,2021-04-03,858,62115,672,28527,165,31665,21,1923,373,17786,484,23565,425,41351,California
Madera,2021-04-04,188,62303,68,28595,118,31783,2,1925,89,17779,99,23664,92,41443,California
Madera,2021-04-05,657,62960,188,28783,416,32199,53,1978,312,17822,344,24008,387,41830,California
Madera,2021-04-06,833,63793,357,29140,346,32545,130,2108,350,17836,482,24490,496,42326,California
Marin,2020-12-15,2,2,2,2,0,0,0,0,2,2,0,0,2,2,California
Marin,2020-12-16,107,109,107,109,0,0,0,0,107,109,0,0,107,109,California
Marin,2020-12-17,259,368,259,368,0,0,0,0,259,368,0,0,259,368,California
Marin,2020-12-18,372,740,372,740,0,0,0,0,372,740,0,0,372,740,California
Marin,2020-12-19,348,1088,347,1087,1,1,0,0,348,1088,0,0,348,1088,California
Marin,2020-12-20,167,1255,166,1253,1,2,0,0,167,1255,0,0,167,1255,California
Marin,2020-12-21,239,1494,236,1489,3,5,0,0,239,1494,0,0,239,1494,California
Marin,2020-12-22,522,2016,319,1808,203,208,0,0,522,2016,0,0,522,2016,California
Marin,2020-12-23,731,2747,323,2131,408,616,0,0,731,2747,0,0,731,2747,California
Marin,2020-12-24,356,3103,160,2291,196,812,0,0,356,3103,0,0,356,3103,California
Marin,2020-12-25,27,3130,0,2291,27,839,0,0,27,3130,0,0,27,3130,California
Marin,2020-12-26,140,3270,92,2383,48,887,0,0,140,3270,0,0,140,3270,California
Marin,2020-12-27,93,3363,56,2439,37,924,0,0,93,3363,0,0,93,3363,California
Marin,2020-12-28,408,3771,99,2538,309,1233,0,0,408,3771,0,0,408,3771,California
Marin,2020-12-29,397,4168,86,2624,311,1544,0,0,397,4168,0,0,397,4168,California
Marin,2020-12-30,624,4792,387,3011,237,1781,0,0,624,4792,0,0,624,4792,California
Marin,2020-12-31,200,4992,33,3044,167,1948,0,0,200,4992,0,0,200,4992,California
Marin,2021-01-01,10,5002,5,3049,5,1953,0,0,10,5002,0,0,10,5002,California
Marin,2021-01-02,105,5107,99,3148,6,1959,0,0,105,5107,0,0,105,5107,California
Marin,2021-01-03,55,5162,37,3185,18,1977,0,0,52,5159,0,0,52,5159,California
Marin,2021-01-04,287,5449,185,3370,102,2079,0,0,286,5444,1,1,286,5445,California
Marin,2021-01-05,366,5815,223,3593,143,2222,0,0,323,5724,43,44,323,5768,California
Marin,2021-01-06,822,6637,316,3909,506,2728,0,0,645,6193,176,220,645,6413,California
Marin,2021-01-07,893,7530,502,4411,391,3119,0,0,545,6390,348,568,545,6958,California
Marin,2021-01-08,966,8496,509,4920,457,3576,0,0,593,6611,372,940,593,7551,California
Marin,2021-01-09,618,9114,222,5142,396,3972,0,0,488,6969,130,1070,488,8039,California
Marin,2021-01-10,126,9240,97,5239,29,4001,0,0,51,6945,75,1145,51,8090,California
Marin,2021-01-11,467,9707,326,5565,141,4142,0,0,252,6982,215,1360,252,8342,California
Marin,2021-01-12,940,10647,541,6106,399,4541,0,0,565,7175,372,1732,565,8907,California
Marin,2021-01-13,1175,11822,496,6602,679,5220,0,0,936,7872,239,1971,936,9843,California
Marin,2021-01-14,1072,12894,325,6927,747,5967,0,0,919,8640,151,2122,919,10762,California
Marin,2021-01-15,1151,14045,354,7281,797,6764,0,0,1021,9533,129,2251,1022,11784,California
Marin,2021-01-16,1111,15156,907,8188,204,6968,0,0,1037,10496,74,2325,1037,12821,California
Marin,2021-01-17,1237,16393,1117,9305,120,7088,0,0,1209,11681,27,2352,1212,14033,California
Marin,2021-01-18,360,16753,160,9465,200,7288,0,0,309,11939,51,2403,309,14342,California
Marin,2021-01-19,1147,17900,908,10373,239,7527,0,0,978,12749,168,2571,978,15320,California
Marin,2021-01-20,1783,19683,1208,11581,575,8102,0,0,1054,13086,718,3289,1055,16375,California
Marin,2021-01-21,1685,21368,1065,12646,620,8722,0,0,1333,14073,349,3638,1336,17711,California
Marin,2021-01-22,1698,23066,1090,13736,608,9330,0,0,1533,15441,165,3803,1533,19244,California
Marin,2021-01-23,1851,24917,1348,15084,503,9833,0,0,1767,17124,84,3887,1767,21011,California
Marin,2021-01-24,612,25529,164,15248,448,10281,0,0,580,17672,32,3919,580,21591,California
Marin,2021-01-25,1114,26643,224,15472,890,11171,0,0,684,17929,430,4349,687,22278,California
Marin,2021-01-26,1498,28141,776,16248,722,11893,0,0,1121,18674,376,4725,1121,23399,California
Marin,2021-01-27,1686,29827,863,17111,823,12716,0,0,1335,19662,348,5073,1336,24735,California
Marin,2021-01-28,2050,31877,1043,18154,1007,13723,0,0,1783,21180,266,5339,1784,26519,California
Marin,2021-01-29,2183,34060,1433,19587,750,14473,0,0,1987,22983,185,5524,1988,28507,California
Marin,2021-01-30,1714,35774,895,20482,819,15292,0,0,1637,24544,77,5601,1638,30145,California
Marin,2021-01-31,452,36226,316,20798,136,15428,0,0,427,24946,25,5626,427,30572,California
Marin,2021-02-01,1084,37310,418,21216,666,16094,0,0,885,25632,199,5825,885,31457,California
Marin,2021-02-02,1348,38658,458,21674,890,16984,0,0,722,25738,616,6441,722,32179,California
Marin,2021-02-03,1760,40418,415,22089,1345,18329,0,0,1238,26455,521,6962,1238,33417,California
Marin,2021-02-04,1536,41954,513,22602,1023,19352,0,0,930,26782,603,7565,930,34347,California
Marin,2021-02-05,2161,44115,671,23273,1490,20842,0,0,1323,27272,834,8399,1324,35671,California
Marin,2021-02-06,1423,45538,852,24125,571,21413,0,0,599,27048,823,9222,599,36270,California
Marin,2021-02-07,1289,46827,1005,25130,284,21697,0,0,487,26734,801,10023,487,36757,California
Marin,2021-02-08,1521,48348,754,25884,767,22464,0,0,728,26671,791,10814,728,37485,California
Marin,2021-02-09,1771,50119,1117,27001,654,23118,0,0,823,26547,947,11761,823,38308,California
Marin,2021-02-10,2332,52451,1490,28491,842,23960,0,0,1218,26654,1112,12873,1219,39527,California
Marin,2021-02-11,2855,55306,1638,30129,1217,25177,0,0,1447,26700,1403,14276,1449,40976,California
Marin,2021-02-12,3053,58359,1539,31668,1514,26691,0,0,1556,26761,1495,15771,1556,42532,California
Marin,2021-02-13,2343,60702,1242,32910,1101,27792,0,0,1133,26686,1208,16979,1133,43665,California
Marin,2021-02-14,805,61507,298,33208,507,28299,0,0,716,27313,89,17068,716,44381,California
Marin,2021-02-15,1208,62715,355,33563,853,29152,0,0,831,27767,377,17445,831,45212,California
Marin,2021-02-16,2458,65173,1053,34616,1405,30557,0,0,1500,28310,957,18402,1500,46712,California
Marin,2021-02-17,2081,67254,927,35543,1154,31711,0,0,1089,28409,991,19393,1090,47802,California
Marin,2021-02-18,2388,69642,1548,37091,840,32551,0,0,1059,28140,1328,20721,1059,48861,California
Marin,2021-02-19,2744,72386,2151,39242,593,33144,0,0,1214,27836,1519,22240,1215,50076,California
Marin,2021-02-20,2568,74954,2113,41355,455,33599,0,0,1225,27721,1340,23580,1225,51301,California
Marin,2021-02-21,1256,76210,1064,42419,192,33791,0,0,895,28258,358,23938,895,52196,California
Marin,2021-02-22,1788,77998,1377,43796,411,34202,0,0,1201,28873,586,24524,1201,53397,California
Marin,2021-02-23,2827,80825,1607,45403,1220,35422,0,0,1905,29865,913,25437,1905,55302,California
Marin,2021-02-24,3476,84301,1595,46998,1881,37303,0,0,2240,30876,1229,26666,2240,57542,California
Marin,2021-02-25,3919,88220,1811,48809,2108,39411,0,0,2757,32480,1154,27820,2758,60300,California
Marin,2021-02-26,3472,91692,1872,50681,1600,41011,0,0,2529,34078,931,28751,2529,62829,California
Marin,2021-02-27,2611,94303,1496,52177,1115,42126,0,0,1775,35020,834,29585,1776,64605,California
Marin,2021-02-28,1378,95681,918,53095,460,42586,0,0,1045,35734,331,29916,1045,65650,California
Marin,2021-03-01,2446,98127,1516,54611,930,43516,0,0,1646,36586,794,30710,1646,67296,California
Marin,2021-03-02,2400,100527,1573,56184,826,44342,1,1,1666,37522,732,31442,1668,68964,California
Marin,2021-03-03,3929,104456,2156,58340,1773,46115,0,1,2526,38651,1399,32841,2528,71492,California
Marin,2021-03-04,2897,107353,1368,59708,1529,47644,0,1,2086,39938,805,33646,2092,73584,California
Marin,2021-03-05,2555,109908,813,60521,1730,49374,12,13,1500,40401,1054,34700,1517,75101,California
Marin,2021-03-06,2455,112363,1685,62206,694,50068,76,89,1972,41977,472,35172,2048,77149,California
Marin,2021-03-07,1362,113725,1151,63357,188,50256,23,112,979,42598,381,35553,1002,78151,California
Marin,2021-03-08,1795,115520,1330,64687,370,50626,95,207,1350,43604,443,35996,1449,79600,California
Marin,2021-03-09,2050,117570,1201,65888,740,51366,109,316,1393,44450,656,36652,1502,81102,California
Marin,2021-03-10,4211,121781,2382,68270,1537,52903,292,608,2991,46515,1219,37871,3284,84386,California
Marin,2021-03-11,4332,126113,1736,70006,2463,55366,133,741,3079,48480,1246,39117,3211,87597,California
Marin,2021-03-12,3701,129814,1436,71442,1928,57294,337,1078,1440,48003,2251,41368,1774,89371,California
Marin,2021-03-13,3872,133686,2756,74198,1058,58352,58,1136,2313,48822,1550,42918,2369,91740,California
Marin,2021-03-14,2110,135796,1062,75260,940,59292,108,1244,696,48215,1413,44331,806,92546,California
Marin,2021-03-15,3232,139028,1764,77024,1417,60709,51,1295,1230,47499,1996,46327,1280,93826,California
Marin,2021-03-16,4273,143301,2290,79314,1619,62328,364,1659,1509,46610,2761,49088,1872,95698,California
Marin,2021-03-17,3956,147257,2163,81477,1751,64079,42,1701,1896,46500,2049,51137,1939,97637,California
Marin,2021-03-18,3707,150964,1824,83301,1810,65889,73,1774,1884,46645,1811,52948,1956,99593,California
Marin,2021-03-19,3110,154074,1702,85003,1293,67182,115,1889,1698,47053,1405,54353,1813,101406,California
Marin,2021-03-20,2661,156735,1382,86385,1209,68391,70,1959,1627,47725,1025,55378,1697,103103,California
Marin,2021-03-21,1496,158231,1103,87488,368,68759,25,1984,772,47800,722,56100,797,103900,California
Marin,2021-03-22,2470,160701,2115,89603,184,68943,171,2155,1024,47562,1441,57541,1203,105103,California
Marin,2021-03-23,4193,164894,2174,91777,1896,70839,123,2278,1916,47353,2271,59812,2062,107165,California
Marin,2021-03-24,4404,169298,2889,94666,1411,72250,104,2382,1810,46815,2586,62398,2048,109213,California
Marin,2021-03-25,4549,173847,2766,97432,1714,73964,69,2451,2219,46967,2317,64715,2469,111682,California
Marin,2021-03-26,4236,178083,2280,99712,1743,75707,213,2664,2384,47953,1832,66547,2818,114500,California
Marin,2021-03-27,3626,181709,2591,102303,1018,76725,17,2681,1152,47162,2468,69015,1677,116177,California
Marin,2021-03-28,2357,184066,1708,104011,643,77368,6,2687,1088,46996,1264,70279,1098,117275,California
Marin,2021-03-29,2536,186602,1933,105944,578,77946,25,2712,1080,46655,1454,71733,1113,118388,California
Marin,2021-03-30,4543,191145,3509,109453,999,78945,35,2747,2980,48121,1560,73293,3026,121414,California
Marin,2021-03-31,5588,196733,3903,113356,1633,80578,52,2799,2507,47670,3075,76368,2624,124038,California
Marin,2021-04-01,4249,200982,2151,115507,1860,82438,238,3037,2049,47817,2196,78564,2343,126381,California
Marin,2021-04-02,3669,204651,1817,117324,1488,83926,364,3401,1948,48467,1713,80277,2363,128744,California
Marin,2021-04-03,3753,208404,2431,119755,953,84879,369,3770,1461,48071,2282,82559,1886,130630,California
Marin,2021-04-04,1563,209967,1162,120917,205,85084,196,3966,1140,48991,421,82980,1341,131971,California
Marin,2021-04-05,1912,211879,1397,122314,309,85393,206,4172,1183,49670,726,83706,1405,133376,California
Marin,2021-04-06,2756,214635,1487,123801,1021,86414,248,4420,1744,50670,1008,84714,2008,135384,California
Mariposa,2020-12-17,2,2,2,2,0,0,0,0,38,38,0,0,38,38,California
Mariposa,2020-12-18,5,7,5,7,0,0,0,0,56,94,0,0,56,94,California
Mariposa,2020-12-20,2,9,2,9,0,0,0,0,2,96,0,0,2,96,California
Mariposa,2020-12-21,3,12,3,12,0,0,0,0,45,141,0,0,45,141,California
Mariposa,2020-12-22,2,14,2,14,0,0,0,0,2,143,0,0,2,143,California
Mariposa,2020-12-23,10,24,10,24,0,0,0,0,1,144,0,0,1,144,California
Mariposa,2020-12-24,1,25,0,24,1,1,0,0,0,144,0,0,0,144,California
Mariposa,2020-12-26,1,26,1,25,0,1,0,0,1,145,0,0,1,145,California
Mariposa,2020-12-27,1,27,0,25,1,2,0,0,1,146,0,0,1,146,California
Mariposa,2020-12-28,3,30,1,26,2,4,0,0,3,149,0,0,3,149,California
Mariposa,2020-12-29,33,63,1,27,32,36,0,0,33,182,0,0,33,182,California
Mariposa,2020-12-30,21,84,0,27,21,57,0,0,19,201,0,0,19,201,California
Mariposa,2020-12-31,22,106,0,27,22,79,0,0,22,223,0,0,22,223,California
Mariposa,2021-01-04,9,115,1,28,8,87,0,0,9,232,0,0,9,232,California
Mariposa,2021-01-05,24,139,14,42,10,97,0,0,12,234,10,10,12,244,California
Mariposa,2021-01-06,5,144,3,45,2,99,0,0,2,233,3,13,2,246,California
Mariposa,2021-01-07,49,193,47,92,2,101,0,0,2,188,47,60,2,248,California
Mariposa,2021-01-08,109,302,81,173,28,129,0,0,33,145,76,136,33,281,California
Mariposa,2021-01-09,1,303,0,173,1,130,0,0,1,146,0,136,1,282,California
Mariposa,2021-01-11,24,327,3,176,21,151,0,0,22,166,2,138,22,304,California
Mariposa,2021-01-12,21,348,3,179,18,169,0,0,18,181,3,141,18,322,California
Mariposa,2021-01-13,22,370,1,180,21,190,0,0,21,201,1,142,21,343,California
Mariposa,2021-01-14,94,464,1,181,93,283,0,0,94,295,0,142,94,437,California
Mariposa,2021-01-15,46,510,1,182,45,328,0,0,45,339,1,143,45,482,California
Mariposa,2021-01-16,19,529,2,184,17,345,0,0,18,356,1,144,18,500,California
Mariposa,2021-01-17,2,531,0,184,2,347,0,0,2,358,0,144,2,502,California
Mariposa,2021-01-18,2,533,2,186,0,347,0,0,1,358,1,145,1,503,California
Mariposa,2021-01-19,1,534,0,186,1,348,0,0,1,359,0,145,1,504,California
Mariposa,2021-01-20,26,560,0,186,26,374,0,0,25,384,0,145,25,529,California
Mariposa,2021-01-21,87,647,1,187,86,460,0,0,87,471,0,145,87,616,California
Mariposa,2021-01-22,77,724,1,188,76,536,0,0,77,548,0,145,77,693,California
Mariposa,2021-01-23,125,849,0,188,125,661,0,0,124,672,0,145,124,817,California
Mariposa,2021-01-25,3,852,1,189,2,663,0,0,0,669,3,148,0,817,California
Mariposa,2021-01-26,32,884,2,191,30,693,0,0,3,647,29,177,7,824,California
Mariposa,2021-01-27,34,918,1,192,33,726,0,0,26,665,8,185,26,850,California
Mariposa,2021-01-28,148,1066,2,194,146,872,0,0,134,786,13,198,134,984,California
Mariposa,2021-01-29,58,1124,0,194,58,930,0,0,58,844,0,198,58,1042,California
Mariposa,2021-01-30,3,1127,1,195,2,932,0,0,2,845,1,199,2,1044,California
Mariposa,2021-01-31,1,1128,0,195,1,933,0,0,1,846,0,199,1,1045,California
Mariposa,2021-02-01,55,1183,0,195,55,988,0,0,48,887,7,206,48,1093,California
Mariposa,2021-02-02,8,1191,0,195,8,996,0,0,2,883,6,212,2,1095,California
Mariposa,2021-02-03,26,1217,1,196,25,1021,0,0,22,901,4,216,22,1117,California
Mariposa,2021-02-04,115,1332,7,203,108,1129,0,0,108,1006,4,220,109,1226,California
Mariposa,2021-02-05,239,1571,4,207,235,1364,0,0,217,1201,22,242,217,1443,California
Mariposa,2021-02-06,2,1573,1,208,1,1365,0,0,1,1201,1,243,1,1444,California
Mariposa,2021-02-08,39,1612,1,209,38,1403,0,0,20,1202,19,262,20,1464,California
Mariposa,2021-02-09,10,1622,3,212,7,1410,0,0,5,1202,5,267,5,1469,California
Mariposa,2021-02-10,17,1639,1,213,16,1426,0,0,9,1209,8,275,15,1484,California
Mariposa,2021-02-11,378,2017,4,217,374,1800,0,0,334,1536,42,317,369,1853,California
Mariposa,2021-02-12,177,2194,1,218,176,1976,0,0,115,1607,62,379,133,1986,California
Mariposa,2021-02-13,5,2199,3,221,2,1978,0,0,4,1610,1,380,4,1990,California
Mariposa,2021-02-14,5,2204,2,223,3,1981,0,0,3,1612,2,382,4,1994,California
Mariposa,2021-02-15,8,2212,2,225,6,1987,0,0,7,1618,1,383,7,2001,California
Mariposa,2021-02-16,19,2231,2,227,17,2004,0,0,8,1625,11,394,18,2019,California
Mariposa,2021-02-17,20,2251,2,229,18,2022,0,0,9,1631,10,404,16,2035,California
Mariposa,2021-02-18,56,2307,3,232,53,2075,0,0,13,1601,43,447,13,2048,California
Mariposa,2021-02-19,74,2381,0,232,74,2149,0,0,33,1633,41,488,73,2121,California
Mariposa,2021-02-20,254,2635,4,236,250,2399,0,0,169,1770,85,573,222,2343,California
Mariposa,2021-02-21,231,2866,2,238,229,2628,0,0,230,1999,1,574,230,2573,California
Mariposa,2021-02-22,15,2881,2,240,13,2641,0,0,15,2014,0,574,15,2588,California
Mariposa,2021-02-23,6,2887,3,243,3,2644,0,0,4,2017,2,576,5,2593,California
Mariposa,2021-02-24,18,2905,1,244,17,2661,0,0,2,2003,16,592,2,2595,California
Mariposa,2021-02-25,6,2911,3,247,3,2664,0,0,3,2003,3,595,3,2598,California
Mariposa,2021-02-26,411,3322,3,250,408,3072,0,0,251,2198,160,755,355,2953,California
Mariposa,2021-02-27,154,3476,3,253,151,3223,0,0,150,2345,4,759,151,3104,California
Mariposa,2021-02-28,2,3478,1,254,1,3224,0,0,0,2343,2,761,0,3104,California
Mariposa,2021-03-01,55,3533,2,256,53,3277,0,0,7,2302,48,809,7,3111,California
Mariposa,2021-03-02,6,3539,5,261,1,3278,0,0,3,2302,3,812,3,3114,California
Mariposa,2021-03-03,65,3604,1,262,64,3342,0,0,63,2363,2,814,63,3177,California
Mariposa,2021-03-04,15,3619,5,267,10,3352,0,0,5,2361,10,824,8,3185,California
Mariposa,2021-03-05,40,3659,6,273,34,3386,0,0,29,2387,11,835,37,3222,California
Mariposa,2021-03-06,4,3663,1,274,3,3389,0,0,4,2391,0,835,4,3226,California
Mariposa,2021-03-08,36,3699,2,276,23,3412,11,11,7,2380,29,864,18,3244,California
Mariposa,2021-03-09,24,3723,2,278,11,3423,11,22,9,2385,15,879,20,3264,California
Mariposa,2021-03-10,15,3738,3,281,3,3426,9,31,3,2385,12,891,12,3276,California
Mariposa,2021-03-11,455,4193,5,286,432,3858,18,49,172,2343,282,1173,240,3516,California
Mariposa,2021-03-12,241,4434,2,288,211,4069,28,77,96,2331,145,1318,133,3649,California
Mariposa,2021-03-13,23,4457,3,291,5,4074,15,92,4,2332,19,1337,20,3669,California
Mariposa,2021-03-14,14,4471,0,291,3,4077,11,103,2,2333,12,1349,13,3682,California
Mariposa,2021-03-15,72,4543,5,296,29,4106,38,141,28,2355,44,1393,66,3748,California
Mariposa,2021-03-16,44,4587,5,301,5,4111,34,175,7,2359,37,1430,41,3789,California
Mariposa,2021-03-17,51,4638,4,305,42,4153,5,180,43,2401,8,1438,50,3839,California
Mariposa,2021-03-18,44,4682,4,309,31,4184,9,189,32,2430,12,1450,41,3880,California
Mariposa,2021-03-19,327,5009,3,312,314,4498,10,199,294,2701,33,1483,304,4184,California
Mariposa,2021-03-20,418,5427,3,315,414,4912,1,200,44,2374,374,1857,47,4231,California
Mariposa,2021-03-21,8,5435,7,322,0,4912,1,201,5,2377,3,1860,6,4237,California
Mariposa,2021-03-22,35,5470,5,327,19,4931,11,212,21,2397,14,1874,34,4271,California
Mariposa,2021-03-23,19,5489,4,331,2,4933,13,225,1,2393,18,1892,14,4285,California
Mariposa,2021-03-24,50,5539,2,333,46,4979,2,227,48,2441,2,1894,50,4335,California
Mariposa,2021-03-25,56,5595,5,338,43,5022,8,235,44,2481,12,1906,52,4387,California
Mariposa,2021-03-26,470,6065,9,347,459,5481,2,237,241,2495,229,2135,243,4630,California
Mariposa,2021-03-27,214,6279,3,350,211,5692,0,237,84,2452,129,2264,86,4716,California
Mariposa,2021-03-28,4,6283,0,350,1,5693,3,240,0,2451,4,2268,3,4719,California
Mariposa,2021-03-29,13,6296,2,352,11,5704,0,240,7,2452,6,2274,7,4726,California
Mariposa,2021-03-30,18,6314,0,352,2,5706,16,256,0,2450,18,2292,16,4742,California
Mariposa,2021-03-31,72,6386,6,358,65,5771,1,257,61,2501,11,2303,62,4804,California
Mariposa,2021-04-01,7,6393,2,360,4,5775,1,258,3,2501,4,2307,4,4808,California
Mariposa,2021-04-02,36,6429,5,365,30,5805,1,259,13,2492,23,2330,14,4822,California
Mariposa,2021-04-03,6,6435,5,370,1,5806,0,259,5,2496,1,2331,5,4827,California
Mariposa,2021-04-04,2,6437,1,371,0,5806,1,260,1,2497,1,2332,2,4829,California
Mariposa,2021-04-05,14,6451,6,377,6,5812,2,262,6,2497,8,2340,8,4837,California
Mariposa,2021-04-06,5,6456,3,380,2,5814,0,262,1,2495,3,2343,1,4838,California
Mendocino,2020-12-17,70,70,70,70,0,0,0,0,70,70,0,0,70,70,California
Mendocino,2020-12-18,86,156,85,155,1,1,0,0,85,155,0,0,85,155,California
Mendocino,2020-12-19,3,159,3,158,0,1,0,0,3,158,0,0,3,158,California
Mendocino,2020-12-20,7,166,7,165,0,1,0,0,7,165,0,0,7,165,California
Mendocino,2020-12-21,245,411,245,410,0,1,0,0,76,241,0,0,76,241,California
Mendocino,2020-12-22,248,659,188,598,60,61,0,0,248,489,0,0,248,489,California
Mendocino,2020-12-23,272,931,48,646,224,285,0,0,271,760,0,0,271,760,California
Mendocino,2020-12-24,49,980,8,654,41,326,0,0,49,809,0,0,49,809,California
Mendocino,2020-12-25,1,981,0,654,1,327,0,0,1,810,0,0,1,810,California
Mendocino,2020-12-26,2,983,2,656,0,327,0,0,2,812,0,0,2,812,California
Mendocino,2020-12-27,1,984,0,656,1,328,0,0,1,813,0,0,1,813,California
Mendocino,2020-12-28,73,1057,8,664,65,393,0,0,73,886,0,0,73,886,California
Mendocino,2020-12-29,120,1177,60,724,60,453,0,0,120,1006,0,0,120,1006,California
Mendocino,2020-12-30,120,1297,66,790,54,507,0,0,120,1126,0,0,120,1126,California
Mendocino,2020-12-31,130,1427,95,885,35,542,0,0,130,1256,0,0,130,1256,California
Mendocino,2021-01-01,4,1431,2,887,2,544,0,0,4,1260,0,0,4,1260,California
Mendocino,2021-01-02,1,1432,1,888,0,544,0,0,1,1261,0,0,1,1261,California
Mendocino,2021-01-04,837,2269,15,903,822,1366,0,0,837,2098,0,0,837,2098,California
Mendocino,2021-01-05,71,2340,35,938,36,1402,0,0,58,2143,13,13,58,2156,California
Mendocino,2021-01-06,150,2490,129,1067,21,1423,0,0,140,2273,10,23,140,2296,California
Mendocino,2021-01-07,356,2846,237,1304,119,1542,0,0,293,2503,63,86,293,2589,California
Mendocino,2021-01-08,95,2941,82,1386,13,1555,0,0,41,2491,54,140,42,2631,California
Mendocino,2021-01-09,8,2949,4,1390,4,1559,0,0,6,2495,2,142,6,2637,California
Mendocino,2021-01-10,8,2957,8,1398,0,1559,0,0,1,2489,7,149,1,2638,California
Mendocino,2021-01-11,99,3056,90,1488,9,1568,0,0,41,2473,57,206,41,2679,California
Mendocino,2021-01-12,387,3443,376,1864,11,1579,0,0,272,2630,115,321,272,2951,California
Mendocino,2021-01-13,479,3922,144,2008,335,1914,0,0,439,3032,38,359,440,3391,California
Mendocino,2021-01-14,634,4556,20,2028,614,2528,0,0,625,3648,9,368,625,4016,California
Mendocino,2021-01-15,1852,6408,859,2887,993,3521,0,0,1847,5491,5,373,1848,5864,California
Mendocino,2021-01-16,793,7201,51,2938,742,4263,0,0,791,6280,2,375,791,6655,California
Mendocino,2021-01-17,553,7754,1,2939,552,4815,0,0,552,6831,1,376,552,7207,California
Mendocino,2021-01-18,488,8242,463,3402,25,4840,0,0,476,7295,12,388,476,7683,California
Mendocino,2021-01-19,329,8571,146,3548,183,5023,0,0,154,7274,175,563,154,7837,California
Mendocino,2021-01-20,550,9121,403,3951,147,5170,0,0,446,7618,102,665,446,8283,California
Mendocino,2021-01-21,529,9650,219,4170,310,5480,0,0,346,7782,182,847,346,8629,California
Mendocino,2021-01-22,149,9799,58,4228,91,5571,0,0,110,7853,39,886,110,8739,California
Mendocino,2021-01-23,155,9954,83,4311,72,5643,0,0,149,7996,6,892,149,8888,California
Mendocino,2021-01-24,5,9959,3,4314,2,5645,0,0,5,8001,0,892,5,8893,California
Mendocino,2021-01-25,189,10148,15,4329,174,5819,0,0,121,8054,68,960,121,9014,California
Mendocino,2021-01-26,155,10303,57,4386,98,5917,0,0,95,8089,60,1020,95,9109,California
Mendocino,2021-01-27,432,10735,363,4749,69,5986,0,0,173,8010,252,1272,173,9282,California
Mendocino,2021-01-28,583,11318,519,5268,64,6050,0,0,491,8409,92,1364,491,9773,California
Mendocino,2021-01-29,388,11706,348,5616,40,6090,0,0,359,8740,29,1393,360,10133,California
Mendocino,2021-01-30,45,11751,27,5643,18,6108,0,0,41,8777,4,1397,41,10174,California
Mendocino,2021-01-31,275,12026,2,5645,273,6381,0,0,3,8508,272,1669,3,10177,California
Mendocino,2021-02-01,373,12399,49,5694,324,6705,0,0,54,8243,319,1988,54,10231,California
Mendocino,2021-02-02,719,13118,501,6195,218,6923,0,0,361,8246,358,2346,361,10592,California
Mendocino,2021-02-03,386,13504,203,6398,183,7106,0,0,219,8300,165,2511,219,10811,California
Mendocino,2021-02-04,630,14134,532,6930,98,7204,0,0,506,8682,124,2635,506,11317,California
Mendocino,2021-02-05,1306,15440,1216,8146,90,7294,0,0,590,8558,714,3349,590,11907,California
Mendocino,2021-02-06,557,15997,157,8303,400,7694,0,0,542,9085,15,3364,542,12449,California
Mendocino,2021-02-07,29,16026,25,8328,4,7698,0,0,29,9114,0,3364,29,12478,California
Mendocino,2021-02-08,744,16770,714,9042,30,7728,0,0,282,8934,462,3826,282,12760,California
Mendocino,2021-02-09,141,16911,58,9100,83,7811,0,0,89,8971,52,3878,89,12849,California
Mendocino,2021-02-10,1479,18390,924,10024,555,8366,0,0,746,8990,727,4605,746,13595,California
Mendocino,2021-02-11,1122,19512,206,10230,916,9282,0,0,282,8432,840,5445,282,13877,California
Mendocino,2021-02-12,1391,20903,155,10385,1236,10518,0,0,628,8299,762,6207,629,14506,California
Mendocino,2021-02-13,495,21398,12,10397,483,11001,0,0,100,8009,395,6602,105,14611,California
Mendocino,2021-02-14,696,22094,1,10398,695,11696,0,0,136,7585,560,7162,136,14747,California
Mendocino,2021-02-15,326,22420,40,10438,286,11982,0,0,172,7603,154,7316,172,14919,California
Mendocino,2021-02-16,196,22616,49,10487,147,12129,0,0,128,7663,68,7384,128,15047,California
Mendocino,2021-02-17,1348,23964,1187,11674,161,12290,0,0,874,8066,472,7856,875,15922,California
Mendocino,2021-02-18,1751,25715,642,12316,1109,13399,0,0,1192,8699,559,8415,1192,17114,California
Mendocino,2021-02-19,703,26418,146,12462,557,13956,0,0,564,9124,139,8554,564,17678,California
Mendocino,2021-02-20,568,26986,541,13003,27,13983,0,0,538,9634,28,8582,538,18216,California
Mendocino,2021-02-21,306,27292,4,13007,302,14285,0,0,295,9918,11,8593,295,18511,California
Mendocino,2021-02-22,163,27455,30,13037,133,14418,0,0,73,9901,90,8683,73,18584,California
Mendocino,2021-02-23,666,28121,652,13689,14,14432,0,0,612,10460,53,8736,612,19196,California
Mendocino,2021-02-24,1816,29937,1732,15421,84,14516,0,0,1408,11464,405,9141,1409,20605,California
Mendocino,2021-02-25,1673,31610,536,15957,1137,15653,0,0,1255,12302,417,9558,1255,21860,California
Mendocino,2021-02-26,1389,32999,745,16702,644,16297,0,0,1026,12967,361,9919,1026,22886,California
Mendocino,2021-02-27,197,33196,151,16853,46,16343,0,0,73,12918,122,10041,73,22959,California
Mendocino,2021-02-28,38,33234,16,16869,22,16365,0,0,26,12932,12,10053,26,22985,California
Mendocino,2021-03-01,568,33802,524,17393,44,16409,0,0,530,13424,38,10091,530,23515,California
Mendocino,2021-03-02,68,33870,24,17417,44,16453,0,0,39,13435,28,10119,39,23554,California
Mendocino,2021-03-03,1608,35478,1252,18669,356,16809,0,0,986,13801,620,10739,986,24540,California
Mendocino,2021-03-04,1726,37204,147,18816,1579,18388,0,0,1511,15100,213,10952,1512,26052,California
Mendocino,2021-03-05,180,37384,117,18933,54,18442,9,9,104,15139,74,11026,113,26165,California
Mendocino,2021-03-06,242,37626,19,18952,200,18642,23,32,205,15330,37,11063,228,26393,California
Mendocino,2021-03-07,485,38111,6,18958,459,19101,20,52,103,15071,381,11444,122,26515,California
Mendocino,2021-03-08,130,38241,33,18991,60,19161,37,89,70,15119,59,11503,107,26622,California
Mendocino,2021-03-09,430,38671,221,19212,178,19339,31,120,346,15412,83,11586,376,26998,California
Mendocino,2021-03-10,1003,39674,929,20141,67,19406,7,127,270,14962,729,12315,279,27277,California
Mendocino,2021-03-11,774,40448,565,20706,155,19561,54,181,357,14961,412,12727,411,27688,California
Mendocino,2021-03-12,1897,42345,977,21683,826,20387,94,275,1152,15466,741,13468,1246,28934,California
Mendocino,2021-03-13,571,42916,493,22176,28,20415,50,325,81,15111,486,13954,131,29065,California
Mendocino,2021-03-14,65,42981,3,22179,55,20470,7,332,6,15067,57,14011,13,29078,California
Mendocino,2021-03-15,606,43587,55,22234,495,20965,56,388,215,14949,389,14400,271,29349,California
Mendocino,2021-03-16,560,44147,364,22598,153,21118,43,431,132,14698,427,14827,176,29525,California
Mendocino,2021-03-17,1479,45626,1287,23885,54,21172,138,569,200,13772,1277,16104,351,29876,California
Mendocino,2021-03-18,1144,46770,176,24061,932,22104,36,605,235,13144,901,17005,273,30149,California
Mendocino,2021-03-19,1662,48432,832,24893,782,22886,48,653,325,12189,1333,18338,378,30527,California
Mendocino,2021-03-20,62,48494,10,24903,32,22918,20,673,16,12179,46,18384,36,30563,California
Mendocino,2021-03-21,11,48505,2,24905,4,22922,5,678,3,12180,8,18392,9,30572,California
Mendocino,2021-03-22,616,49121,574,25479,15,22937,27,705,146,11886,468,18860,174,30746,California
Mendocino,2021-03-23,168,49289,34,25513,104,23041,30,735,117,11982,51,18911,147,30893,California
Mendocino,2021-03-24,903,50192,825,26338,32,23073,46,781,119,11427,782,19693,227,31120,California
Mendocino,2021-03-25,1922,52114,59,26397,1846,24919,17,798,168,9867,1751,21444,191,31311,California
Mendocino,2021-03-26,514,52628,370,26767,120,25039,24,822,338,10057,173,21617,363,31674,California
Mendocino,2021-03-27,145,52773,15,26782,120,25159,10,832,88,10100,56,21673,99,31773,California
Mendocino,2021-03-28,31,52804,9,26791,18,25177,4,836,8,10090,22,21695,12,31785,California
Mendocino,2021-03-29,187,52991,98,26889,47,25224,42,878,93,10132,94,21789,136,31921,California
Mendocino,2021-03-30,659,53650,578,27467,47,25271,34,912,403,10316,253,22042,437,32358,California
Mendocino,2021-03-31,850,54500,273,27740,516,25787,61,973,408,10347,440,22482,471,32829,California
Mendocino,2021-04-01,1505,56005,370,28110,1081,26868,54,1027,344,9628,1155,23637,436,33265,California
Mendocino,2021-04-02,1240,57245,1009,29119,161,27029,70,1097,203,8894,1034,24671,300,33565,California
Mendocino,2021-04-03,710,57955,12,29131,679,27708,19,1116,92,8399,614,25285,119,33684,California
Mendocino,2021-04-04,64,58019,32,29163,26,27734,6,1122,48,8437,16,25301,54,33738,California
Mendocino,2021-04-05,180,58199,127,29290,43,27777,10,1132,117,8502,63,25364,128,33866,California
Mendocino,2021-04-06,131,58330,51,29341,59,27836,21,1153,20,8434,111,25475,43,33909,California
Merced,2020-12-16,3,3,3,3,0,0,0,0,3,3,0,0,3,3,California
Merced,2020-12-17,6,9,6,9,0,0,0,0,6,9,0,0,6,9,California
Merced,2020-12-18,144,153,144,153,0,0,0,0,144,153,0,0,144,153,California
Merced,2020-12-19,38,191,38,191,0,0,0,0,38,191,0,0,38,191,California
Merced,2020-12-20,18,209,17,208,1,1,0,0,18,209,0,0,18,209,California
Merced,2020-12-21,129,338,126,334,3,4,0,0,129,338,0,0,129,338,California
Merced,2020-12-22,163,501,163,497,0,4,0,0,163,501,0,0,163,501,California
Merced,2020-12-23,304,805,289,786,15,19,0,0,304,805,0,0,304,805,California
Merced,2020-12-24,70,875,70,856,0,19,0,0,70,875,0,0,70,875,California
Merced,2020-12-25,5,880,5,861,0,19,0,0,5,880,0,0,5,880,California
Merced,2020-12-26,7,887,4,865,3,22,0,0,7,887,0,0,7,887,California
Merced,2020-12-27,12,899,11,876,1,23,0,0,12,899,0,0,12,899,California
Merced,2020-12-28,125,1024,100,976,25,48,0,0,125,1024,0,0,125,1024,California
Merced,2020-12-29,188,1212,134,1110,54,102,0,0,188,1212,0,0,188,1212,California
Merced,2020-12-30,239,1451,93,1203,146,248,0,0,239,1451,0,0,239,1451,California
Merced,2020-12-31,127,1578,39,1242,88,336,0,0,124,1575,0,0,124,1575,California
Merced,2021-01-01,1,1579,0,1242,1,337,0,0,1,1576,0,0,1,1576,California
Merced,2021-01-02,127,1706,116,1358,11,348,0,0,128,1704,0,0,128,1704,California
Merced,2021-01-03,9,1715,5,1363,4,352,0,0,9,1713,0,0,9,1713,California
Merced,2021-01-04,83,1798,40,1403,43,395,0,0,83,1796,0,0,83,1796,California
Merced,2021-01-05,320,2118,231,1634,89,484,0,0,321,2113,6,6,323,2119,California
Merced,2021-01-06,274,2392,98,1732,176,660,0,0,268,2375,6,12,268,2387,California
Merced,2021-01-07,192,2584,80,1812,112,772,0,0,191,2554,12,24,191,2578,California
Merced,2021-01-08,543,3127,400,2212,143,915,0,0,398,2802,150,174,398,2976,California
Merced,2021-01-09,24,3151,11,2223,13,928,0,0,18,2814,6,180,18,2994,California
Merced,2021-01-10,10,3161,6,2229,4,932,0,0,6,2816,4,184,6,3000,California
Merced,2021-01-11,244,3405,170,2399,74,1006,0,0,117,2809,125,309,118,3118,California
Merced,2021-01-12,312,3717,163,2562,149,1155,0,0,258,3010,57,366,258,3376,California
Merced,2021-01-13,451,4168,233,2795,218,1373,0,0,237,3041,208,574,239,3615,California
Merced,2021-01-14,355,4523,214,3009,141,1514,0,0,184,3057,170,744,186,3801,California
Merced,2021-01-15,684,5207,147,3156,537,2051,0,0,661,3681,39,783,663,4464,California
Merced,2021-01-16,242,5449,153,3309,89,2140,0,0,237,3913,5,788,237,4701,California
Merced,2021-01-17,48,5497,11,3320,37,2177,0,0,47,3959,1,789,47,4748,California
Merced,2021-01-18,331,5828,155,3475,176,2353,0,0,309,4249,22,811,312,5060,California
Merced,2021-01-19,736,6564,583,4058,153,2506,0,0,554,4625,182,993,558,5618,California
Merced,2021-01-20,594,7158,485,4543,109,2615,0,0,530,5093,64,1057,532,6150,California
Merced,2021-01-21,1058,8216,688,5231,370,2985,0,0,959,5955,100,1157,962,7112,California
Merced,2021-01-22,1395,9611,713,5944,682,3667,0,0,1372,7313,25,1182,1383,8495,California
Merced,2021-01-23,309,9920,184,6128,125,3792,0,0,205,7413,105,1287,205,8700,California
Merced,2021-01-24,34,9954,16,6144,18,3810,0,0,24,7428,9,1296,24,8724,California
Merced,2021-01-25,784,10738,270,6414,514,4324,0,0,707,8076,59,1355,707,9431,California
Merced,2021-01-26,946,11684,481,6895,465,4789,0,0,689,8557,210,1565,691,10122,California
Merced,2021-01-27,1034,12718,584,7479,450,5239,0,0,842,9236,165,1730,844,10966,California
Merced,2021-01-28,1204,13922,587,8066,617,5856,0,0,1045,10147,135,1865,1046,12012,California
Merced,2021-01-29,911,14833,339,8405,572,6428,0,0,655,10562,243,2108,658,12670,California
Merced,2021-01-30,286,15119,25,8430,261,6689,0,0,271,10818,15,2123,271,12941,California
Merced,2021-01-31,48,15167,12,8442,36,6725,0,0,45,10860,3,2126,45,12986,California
Merced,2021-02-01,375,15542,51,8493,324,7049,0,0,325,11136,49,2175,325,13311,California
Merced,2021-02-02,302,15844,184,8677,118,7167,0,0,182,11201,118,2293,183,13494,California
Merced,2021-02-03,403,16247,73,8750,330,7497,0,0,206,11210,197,2490,206,13700,California
Merced,2021-02-04,434,16681,158,8908,276,7773,0,0,279,11338,152,2642,280,13980,California
Merced,2021-02-05,631,17312,216,9124,415,8188,0,0,328,11377,290,2932,329,14309,California
Merced,2021-02-06,444,17756,249,9373,195,8383,0,0,271,11478,171,3103,272,14581,California
Merced,2021-02-07,19,17775,12,9385,7,8390,0,0,12,11483,7,3110,12,14593,California
Merced,2021-02-08,327,18102,222,9607,105,8495,0,0,187,11534,137,3247,188,14781,California
Merced,2021-02-09,1277,19379,959,10566,318,8813,0,0,804,11883,456,3703,805,15586,California
Merced,2021-02-10,1923,21302,1437,12003,486,9299,0,0,1338,12643,578,4281,1338,16924,California
Merced,2021-02-11,2620,23922,2049,14052,571,9870,0,0,1864,13757,750,5031,1864,18788,California
Merced,2021-02-12,1892,25814,1063,15115,829,10699,0,0,836,13550,1043,6074,836,19624,California
Merced,2021-02-13,367,26181,205,15320,162,10861,0,0,272,13728,95,6169,273,19897,California
Merced,2021-02-14,117,26298,27,15347,90,10951,0,0,92,13798,25,6194,95,19992,California
Merced,2021-02-15,273,26571,39,15386,234,11185,0,0,168,13867,100,6294,169,20161,California
Merced,2021-02-16,1293,27864,865,16251,428,11613,0,0,781,14242,492,6786,867,21028,California
Merced,2021-02-17,1950,29814,1681,17932,269,11882,0,0,1355,15036,581,7367,1375,22403,California
Merced,2021-02-18,1316,31130,853,18785,463,12345,0,0,443,14645,848,8215,457,22860,California
Merced,2021-02-19,1325,32455,438,19223,887,13232,0,0,565,14469,754,8969,578,23438,California
Merced,2021-02-20,276,32731,32,19255,244,13476,0,0,142,14480,131,9100,142,23580,California
Merced,2021-02-21,75,32806,60,19315,15,13491,0,0,26,14461,49,9149,30,23610,California
Merced,2021-02-22,919,33725,367,19682,552,14043,0,0,569,14681,349,9498,569,24179,California
Merced,2021-02-23,1190,34915,490,20172,700,14743,0,0,694,14929,490,9988,738,24917,California
Merced,2021-02-24,852,35767,298,20470,554,15297,0,0,462,15014,382,10370,467,25384,California
Merced,2021-02-25,1816,37583,851,21321,965,16262,0,0,1336,15889,465,10835,1340,26724,California
Merced,2021-02-26,2357,39940,1506,22827,851,17113,0,0,1918,17373,439,11274,1923,28647,California
Merced,2021-02-27,2617,42557,1029,23856,1587,18700,1,1,2307,19372,311,11585,2310,30957,California
Merced,2021-02-28,327,42884,67,23923,260,18960,0,1,279,19606,46,11631,280,31237,California
Merced,2021-03-01,1203,44087,286,24209,917,19877,0,1,857,20122,341,11972,857,32094,California
Merced,2021-03-02,1801,45888,918,25127,883,20760,0,1,1398,21135,385,12357,1398,33492,California
Merced,2021-03-03,2325,48213,1800,26927,524,21284,1,2,1530,21907,762,13119,1534,35026,California
Merced,2021-03-04,3094,51307,2435,29362,657,21941,2,4,2178,23112,975,14094,2180,37206,California
Merced,2021-03-05,2441,53748,1515,30877,903,22844,23,27,1813,24365,600,14694,1853,39059,California
Merced,2021-03-06,1135,54883,608,31485,507,23351,20,47,861,24971,276,14970,882,39941,California
Merced,2021-03-07,266,55149,56,31541,186,23537,24,71,237,25203,29,14999,261,40202,California
Merced,2021-03-08,1225,56374,607,32148,554,24091,64,135,1013,26069,211,15210,1077,41279,California
Merced,2021-03-09,1686,58060,980,33128,594,24685,112,247,1066,26636,614,15824,1181,42460,California
Merced,2021-03-10,2927,60987,2028,35156,685,25370,214,461,1797,27535,1118,16942,2017,44477,California
Merced,2021-03-11,1944,62931,647,35803,1096,26466,201,662,1348,28522,589,17531,1576,46053,California
Merced,2021-03-12,2411,65342,1075,36878,1083,27549,253,915,1616,29630,794,18325,1902,47955,California
Merced,2021-03-13,680,66022,324,37202,119,27668,237,1152,356,29919,316,18641,605,48560,California
Merced,2021-03-14,172,66194,99,37301,43,27711,30,1182,100,29978,72,18713,131,48691,California
Merced,2021-03-15,1548,67742,512,37813,771,28482,265,1447,1011,30734,526,19239,1282,49973,California
Merced,2021-03-16,1543,69285,780,38593,540,29022,223,1670,1049,31522,483,19722,1271,51244,California
Merced,2021-03-17,2211,71496,1267,39860,765,29787,179,1849,1743,32988,460,20182,1926,53170,California
Merced,2021-03-18,1967,73463,1103,40963,710,30497,154,2003,1332,33865,623,20805,1500,54670,California
Merced,2021-03-19,2954,76417,1689,42652,1071,31568,194,2197,1561,34245,1379,22184,1759,56429,California
Merced,2021-03-20,1974,78391,1249,43901,518,32086,207,2404,1151,34788,817,23001,1360,57789,California
Merced,2021-03-21,674,79065,341,44242,318,32404,15,2419,555,35242,118,23119,572,58361,California
Merced,2021-03-22,1127,80192,487,44729,556,32960,84,2503,737,35685,380,23499,823,59184,California
Merced,2021-03-23,1839,82031,1160,45889,617,33577,62,2565,1376,36663,461,23960,1439,60623,California
Merced,2021-03-24,1329,83360,840,46729,445,34022,44,2609,985,37360,334,24294,1031,61654,California
Merced,2021-03-25,3221,86581,2184,48913,1014,35036,23,2632,2087,38346,1128,25422,2114,63768,California
Merced,2021-03-26,2055,88636,1268,50181,772,35808,15,2647,869,38059,1175,26597,888,64656,California
Merced,2021-03-27,2381,91017,1057,51238,1256,37064,68,2715,811,37378,1562,28159,881,65537,California
Merced,2021-03-28,564,91581,205,51443,351,37415,8,2723,251,37331,313,28472,266,65803,California
Merced,2021-03-29,1550,93131,445,51888,867,38282,238,2961,579,37194,966,29438,829,66632,California
Merced,2021-03-30,2031,95162,779,52667,1210,39492,42,3003,914,37048,1111,30549,965,67597,California
Merced,2021-03-31,1995,97157,1461,54128,518,40010,16,3019,715,36524,1270,31819,746,68343,California
Merced,2021-04-01,1833,98990,1080,55208,731,40741,22,3041,640,36008,1189,33008,673,69016,California
Merced,2021-04-02,2137,101127,705,55913,1339,42080,93,3134,956,35896,1170,34178,1058,70074,California
Merced,2021-04-03,662,101789,400,56313,254,42334,8,3142,266,35786,395,34573,285,70359,California
Merced,2021-04-04,386,102175,136,56449,248,42582,2,3144,187,35781,199,34772,194,70553,California
Merced,2021-04-05,637,102812,232,56681,322,42904,83,3227,169,35582,463,35235,264,70817,California
Merced,2021-04-06,103,102915,57,56738,39,42943,7,3234,43,35587,60,35295,65,70882,California
Modoc,2020-12-16,1,1,1,1,0,0,0,0,1,1,0,0,1,1,California
Modoc,2020-12-21,100,101,100,101,0,0,0,0,100,101,0,0,100,101,California
Modoc,2020-12-22,14,115,14,115,0,0,0,0,14,115,0,0,14,115,California
Modoc,2020-12-23,4,119,4,119,0,0,0,0,4,119,0,0,4,119,California
Modoc,2020-12-24,1,120,1,120,0,0,0,0,1,120,0,0,1,120,California
Modoc,2020-12-28,2,122,2,122,0,0,0,0,2,122,0,0,2,122,California
Modoc,2020-12-29,10,132,1,123,9,9,0,0,10,132,0,0,10,132,California
Modoc,2020-12-30,7,139,0,123,7,16,0,0,7,139,0,0,7,139,California
Modoc,2021-01-02,2,141,0,123,2,18,0,0,2,141,0,0,2,141,California
Modoc,2021-01-04,8,149,0,123,8,26,0,0,8,149,0,0,8,149,California
Modoc,2021-01-05,2,151,1,124,1,27,0,0,2,151,0,0,2,151,California
Modoc,2021-01-06,3,154,2,126,1,28,0,0,2,152,1,1,2,153,California
Modoc,2021-01-07,72,226,0,126,72,100,0,0,72,224,0,1,72,225,California
Modoc,2021-01-08,105,331,0,126,105,205,0,0,105,329,0,1,105,330,California
Modoc,2021-01-10,1,332,1,127,0,205,0,0,0,328,1,2,0,330,California
Modoc,2021-01-11,92,424,82,209,10,215,0,0,19,274,73,75,19,349,California
Modoc,2021-01-12,94,518,25,234,69,284,0,0,68,316,26,101,68,417,California
Modoc,2021-01-13,24,542,4,238,20,304,0,0,22,336,2,103,22,439,California
Modoc,2021-01-14,129,671,6,244,123,427,0,0,124,455,5,108,124,563,California
Modoc,2021-01-15,6,677,1,245,5,432,0,0,6,461,0,108,6,569,California
Modoc,2021-01-16,1,678,1,246,0,432,0,0,1,462,0,108,1,570,California
Modoc,2021-01-18,1,679,1,247,0,432,0,0,1,463,0,108,1,571,California
Modoc,2021-01-19,5,684,3,250,2,434,0,0,3,464,2,110,3,574,California
Modoc,2021-01-20,11,695,1,251,10,444,0,0,11,475,0,110,11,585,California
Modoc,2021-01-21,158,853,2,253,156,600,0,0,158,633,0,110,158,743,California
Modoc,2021-01-22,2,855,0,253,2,602,0,0,2,635,0,110,2,745,California
Modoc,2021-01-25,12,867,1,254,11,613,0,0,12,647,0,110,12,757,California
Modoc,2021-01-26,65,932,1,255,64,677,0,0,65,712,0,110,65,822,California
Modoc,2021-01-27,41,973,2,257,39,716,0,0,25,721,16,126,25,847,California
Modoc,2021-01-28,144,1117,1,258,143,859,0,0,144,865,0,126,144,991,California
Modoc,2021-01-29,3,1120,1,259,2,861,0,0,3,868,0,126,3,994,California
Modoc,2021-02-01,24,1144,11,270,13,874,0,0,11,866,13,139,11,1005,California
Modoc,2021-02-02,170,1314,2,272,168,1042,0,0,167,1030,3,142,167,1172,California
Modoc,2021-02-03,19,1333,13,285,6,1048,0,0,12,1035,7,149,12,1184,California
Modoc,2021-02-04,155,1488,4,289,151,1199,0,0,27,934,128,277,27,1211,California
Modoc,2021-02-05,4,1492,3,292,1,1200,0,0,3,936,1,278,3,1214,California
Modoc,2021-02-08,9,1501,2,294,7,1207,0,0,8,943,1,279,8,1222,California
Modoc,2021-02-09,197,1698,12,306,185,1392,0,0,65,876,132,411,65,1287,California
Modoc,2021-02-10,5,1703,2,308,3,1395,0,0,4,879,1,412,4,1291,California
Modoc,2021-02-11,201,1904,3,311,198,1593,0,0,83,844,118,530,83,1374,California
Modoc,2021-02-12,5,1909,1,312,4,1597,0,0,3,845,2,532,3,1377,California
Modoc,2021-02-13,1,1910,0,312,1,1598,0,0,1,846,0,532,1,1378,California
Modoc,2021-02-16,148,2058,6,318,142,1740,0,0,144,986,4,536,144,1522,California
Modoc,2021-02-17,23,2081,1,319,22,1762,0,0,11,985,12,548,11,1533,California
Modoc,2021-02-18,189,2270,2,321,187,1949,0,0,26,849,162,710,26,1559,California
Modoc,2021-02-19,3,2273,2,323,1,1950,0,0,2,850,1,711,2,1561,California
Modoc,2021-02-20,1,2274,1,324,0,1950,0,0,1,851,0,711,1,1562,California
Modoc,2021-02-22,17,2291,9,333,8,1958,0,0,4,842,13,724,4,1566,California
Modoc,2021-02-23,23,2314,4,337,19,1977,0,0,3,825,20,744,3,1569,California
Modoc,2021-02-24,90,2404,1,338,89,2066,0,0,30,795,60,804,30,1599,California
Modoc,2021-02-25,169,2573,1,339,168,2234,0,0,13,652,156,960,13,1612,California
Modoc,2021-02-26,3,2576,0,339,3,2237,0,0,1,651,2,962,1,1613,California
Modoc,2021-02-27,5,2581,5,344,0,2237,0,0,2,650,3,965,2,1615,California
Modoc,2021-03-01,4,2585,0,344,4,2241,0,0,0,646,4,969,0,1615,California
Modoc,2021-03-02,188,2773,12,356,176,2417,0,0,23,504,165,1134,23,1638,California
Modoc,2021-03-03,12,2785,6,362,6,2423,0,0,2,496,10,1144,2,1640,California
Modoc,2021-03-04,156,2941,2,364,154,2577,0,0,131,602,25,1169,131,1771,California
Modoc,2021-03-05,3,2944,2,366,1,2578,0,0,1,601,2,1171,1,1772,California
Modoc,2021-03-06,10,2954,0,366,0,2578,10,10,0,601,10,1181,10,1782,California
Modoc,2021-03-07,6,2960,1,367,0,2578,5,15,1,602,5,1186,6,1788,California
Modoc,2021-03-08,6,2966,0,367,2,2580,4,19,0,600,6,1192,4,1792,California
Modoc,2021-03-09,121,3087,9,376,104,2684,8,27,57,601,64,1256,65,1857,California
Modoc,2021-03-10,6,3093,3,379,2,2686,1,28,4,604,2,1258,5,1862,California
Modoc,2021-03-11,164,3257,0,379,79,2765,85,113,15,555,149,1407,100,1962,California
Modoc,2021-03-12,7,3264,0,379,4,2769,3,116,4,559,3,1410,7,1969,California
Modoc,2021-03-13,5,3269,0,379,2,2771,3,119,2,561,3,1413,5,1974,California
Modoc,2021-03-14,1,3270,0,379,0,2771,1,120,0,561,1,1414,1,1975,California
Modoc,2021-03-15,11,3281,1,380,9,2780,1,121,10,571,1,1415,11,1986,California
Modoc,2021-03-16,148,3429,1,381,145,2925,2,123,33,491,115,1530,35,2021,California
Modoc,2021-03-17,13,3442,2,383,4,2929,7,130,2,489,11,1541,9,2030,California
Modoc,2021-03-18,58,3500,3,386,50,2979,5,135,28,492,30,1571,33,2063,California
Modoc,2021-03-19,3,3503,0,386,2,2981,1,136,0,490,3,1574,1,2064,California
Modoc,2021-03-20,4,3507,1,387,0,2981,3,139,0,489,4,1578,3,2067,California
Modoc,2021-03-21,4,3511,1,388,1,2982,2,141,2,491,2,1580,4,2071,California
Modoc,2021-03-22,16,3527,1,389,9,2991,6,147,10,501,6,1586,16,2087,California
Modoc,2021-03-23,32,3559,3,392,27,3018,2,149,25,521,7,1593,27,2114,California
Modoc,2021-03-24,28,3587,1,393,18,3036,9,158,2,506,26,1619,11,2125,California
Modoc,2021-03-25,61,3648,2,395,57,3093,2,160,29,505,32,1651,31,2156,California
Modoc,2021-03-26,6,3654,2,397,1,3094,3,163,1,504,5,1656,4,2160,California
Modoc,2021-03-27,2,3656,0,397,1,3095,1,164,1,505,1,1657,2,2162,California
Modoc,2021-03-28,1,3657,0,397,0,3095,1,165,0,505,1,1658,1,2163,California
Modoc,2021-03-29,12,3669,0,397,4,3099,8,173,4,509,8,1666,12,2175,California
Modoc,2021-03-30,54,3723,9,406,39,3138,6,179,21,506,33,1699,30,2205,California
Modoc,2021-03-31,10,3733,4,410,2,3140,4,183,4,508,6,1705,8,2213,California
Modoc,2021-04-01,169,3902,3,413,161,3301,5,188,33,424,136,1841,52,2265,California
Modoc,2021-04-02,3,3905,0,413,0,3301,3,191,0,424,3,1844,3,2268,California
Modoc,2021-04-03,5,3910,3,416,0,3301,2,193,3,427,2,1846,5,2273,California
Modoc,2021-04-05,10,3920,0,416,10,3311,0,193,10,437,0,1846,10,2283,California
Modoc,2021-04-06,7,3927,0,416,7,3318,0,193,1,435,6,1852,4,2287,California
Mono,2020-12-18,1,1,1,1,0,0,0,0,1,1,0,0,1,1,California
Mono,2020-12-19,5,6,5,6,0,0,0,0,5,6,0,0,5,6,California
Mono,2020-12-20,7,13,7,13,0,0,0,0,7,13,0,0,7,13,California
Mono,2020-12-21,24,37,17,30,7,7,0,0,24,37,0,0,24,37,California
Mono,2020-12-22,66,103,65,95,1,8,0,0,66,103,0,0,66,103,California
Mono,2020-12-23,70,173,42,137,28,36,0,0,70,173,0,0,70,173,California
Mono,2020-12-24,3,176,1,138,2,38,0,0,3,176,0,0,3,176,California
Mono,2020-12-26,3,179,3,141,0,38,0,0,3,179,0,0,3,179,California
Mono,2020-12-28,94,273,63,204,31,69,0,0,94,273,0,0,94,273,California
Mono,2020-12-29,29,302,29,233,0,69,0,0,29,302,0,0,29,302,California
Mono,2020-12-30,76,378,35,268,41,110,0,0,76,378,0,0,76,378,California
Mono,2020-12-31,4,382,1,269,3,113,0,0,4,382,0,0,4,382,California
Mono,2021-01-01,3,385,3,272,0,113,0,0,3,385,0,0,3,385,California
Mono,2021-01-02,1,386,1,273,0,113,0,0,1,386,0,0,1,386,California
Mono,2021-01-04,1,387,0,273,1,114,0,0,1,387,0,0,1,387,California
Mono,2021-01-05,45,432,2,275,43,157,0,0,44,430,1,1,44,431,California
Mono,2021-01-06,44,476,0,275,44,201,0,0,44,474,0,1,44,475,California
Mono,2021-01-07,56,532,4,279,52,253,0,0,55,528,1,2,55,530,California
Mono,2021-01-08,2,534,1,280,1,254,0,0,1,528,1,3,1,531,California
Mono,2021-01-09,4,538,4,284,0,254,0,0,0,524,4,7,0,531,California
Mono,2021-01-10,5,543,5,289,0,254,0,0,0,519,5,12,0,531,California
Mono,2021-01-11,7,550,4,293,3,257,0,0,3,518,4,16,3,534,California
Mono,2021-01-12,283,833,76,369,207,464,0,0,218,672,64,80,218,752,California
Mono,2021-01-13,235,1068,74,443,161,625,0,0,180,797,55,135,180,932,California
Mono,2021-01-14,75,1143,73,516,2,627,0,0,75,872,0,135,75,1007,California
Mono,2021-01-15,60,1203,2,518,58,685,0,0,60,932,0,135,60,1067,California
Mono,2021-01-16,4,1207,3,521,1,686,0,0,1,930,3,138,1,1068,California
Mono,2021-01-18,63,1270,54,575,9,695,0,0,2,871,61,199,2,1070,California
Mono,2021-01-19,209,1479,207,782,2,697,0,0,172,1006,37,236,172,1242,California
Mono,2021-01-20,233,1712,203,985,30,727,0,0,172,1117,61,297,172,1414,California
Mono,2021-01-21,3,1715,3,988,0,727,0,0,3,1120,0,297,3,1417,California
Mono,2021-01-22,4,1719,0,988,4,731,0,0,4,1124,0,297,4,1421,California
Mono,2021-01-23,602,2321,602,1590,0,731,0,0,602,1726,0,297,602,2023,California
Mono,2021-01-25,208,2529,170,1760,38,769,0,0,169,1858,39,336,171,2194,California
Mono,2021-01-26,512,3041,510,2270,2,771,0,0,508,2362,4,340,508,2702,California
Mono,2021-01-27,5,3046,1,2271,4,775,0,0,5,2367,0,340,5,2707,California
Mono,2021-01-28,7,3053,3,2274,4,779,0,0,3,2366,4,344,3,2710,California
Mono,2021-01-30,201,3254,199,2473,2,781,0,0,201,2567,0,344,201,2911,California
Mono,2021-01-31,242,3496,137,2610,105,886,0,0,138,2603,104,448,140,3051,California
Mono,2021-02-01,29,3525,28,2638,1,887,0,0,0,2575,28,476,0,3051,California
Mono,2021-02-02,5,3530,0,2638,5,892,0,0,2,2574,3,479,2,3053,California
Mono,2021-02-03,4,3534,1,2639,3,895,0,0,2,2574,2,481,2,3055,California
Mono,2021-02-04,213,3747,160,2799,53,948,0,0,90,2541,123,604,90,3145,California
Mono,2021-02-05,625,4372,619,3418,6,954,0,0,622,3160,3,607,622,3767,California
Mono,2021-02-06,140,4512,139,3557,1,955,0,0,138,3296,2,609,138,3905,California
Mono,2021-02-07,2,4514,0,3557,2,957,0,0,2,3298,0,609,2,3907,California
Mono,2021-02-08,172,4686,172,3729,0,957,0,0,16,3158,156,765,16,3923,California
Mono,2021-02-09,227,4913,5,3734,222,1179,0,0,15,2961,212,977,15,3938,California
Mono,2021-02-10,533,5446,187,3921,346,1525,0,0,191,2810,342,1319,191,4129,California
Mono,2021-02-11,6,5452,4,3925,2,1527,0,0,1,2806,5,1324,1,4130,California
Mono,2021-02-12,82,5534,17,3942,65,1592,0,0,24,2772,58,1382,24,4154,California
Mono,2021-02-13,593,6127,593,4535,0,1592,0,0,25,2229,568,1950,25,4179,California
Mono,2021-02-15,171,6298,169,4704,2,1594,0,0,4,2067,166,2116,4,4183,California
Mono,2021-02-16,531,6829,528,5232,3,1597,0,0,46,1629,484,2600,46,4229,California
Mono,2021-02-17,5,6834,2,5234,3,1600,0,0,2,1628,3,2603,2,4231,California
Mono,2021-02-18,2,6836,2,5236,0,1600,0,0,1,1628,1,2604,1,4232,California
Mono,2021-02-19,53,6889,52,5288,1,1601,0,0,53,1681,0,2604,53,4285,California
Mono,2021-02-20,4,6893,4,5292,0,1601,0,0,4,1685,0,2604,4,4289,California
Mono,2021-02-21,3,6896,3,5295,0,1601,0,0,3,1688,0,2604,3,4292,California
Mono,2021-02-22,284,7180,283,5578,1,1602,0,0,23,1451,260,2864,23,4315,California
Mono,2021-02-23,134,7314,115,5693,19,1621,0,0,21,1359,113,2977,21,4336,California
Mono,2021-02-24,6,7320,1,5694,5,1626,0,0,1,1355,5,2982,1,4337,California
Mono,2021-02-25,6,7326,3,5697,3,1629,0,0,3,1357,1,2983,3,4340,California
Mono,2021-02-26,603,7929,603,6300,0,1629,0,0,20,794,583,3566,20,4360,California
Mono,2021-02-27,142,8071,138,6438,4,1633,0,0,4,663,135,3701,4,4364,California
Mono,2021-02-28,2,8073,2,6440,0,1633,0,0,1,664,0,3701,1,4365,California
Mono,2021-03-01,1,8074,1,6441,0,1633,0,0,0,664,0,3701,0,4365,California
Mono,2021-03-02,6,8080,4,6445,2,1635,0,0,4,666,2,3703,4,4369,California
Mono,2021-03-03,83,8163,2,6447,81,1716,0,0,79,742,3,3706,79,4448,California
Mono,2021-03-04,6,8169,0,6447,6,1722,0,0,4,744,2,3708,4,4452,California
Mono,2021-03-05,30,8199,25,6472,5,1727,0,0,10,734,20,3728,10,4462,California
Mono,2021-03-06,322,8521,13,6485,309,2036,0,0,318,1049,3,3731,318,4780,California
Mono,2021-03-07,1,8522,0,6485,1,2037,0,0,0,1048,1,3732,0,4780,California
Mono,2021-03-08,454,8976,15,6500,436,2473,3,3,445,1487,9,3741,448,5228,California
Mono,2021-03-09,8,8984,3,6503,4,2477,1,4,5,1491,2,3743,6,5234,California
Mono,2021-03-10,285,9269,93,6596,191,2668,1,5,12,1232,272,4015,13,5247,California
Mono,2021-03-11,12,9281,0,6596,3,2671,9,14,2,1233,10,4025,11,5258,California
Mono,2021-03-12,9,9290,2,6598,2,2673,5,19,0,1229,9,4034,5,5263,California
Mono,2021-03-13,706,9996,335,6933,370,3043,1,20,697,1918,9,4043,698,5961,California
Mono,2021-03-14,4,10000,4,6937,0,3043,0,20,1,1916,3,4046,1,5962,California
Mono,2021-03-15,25,10025,20,6957,2,3045,3,23,12,1918,13,4059,15,5977,California
Mono,2021-03-16,17,10042,7,6964,4,3049,6,29,9,1925,8,4067,15,5992,California
Mono,2021-03-17,21,10063,4,6968,14,3063,3,32,16,1939,5,4072,19,6011,California
Mono,2021-03-18,18,10081,3,6971,8,3071,7,39,8,1944,10,4082,15,6026,California
Mono,2021-03-19,16,10097,1,6972,12,3083,3,42,13,1957,3,4085,16,6042,California
Mono,2021-03-20,3,10100,2,6974,0,3083,1,43,2,1959,1,4086,3,6045,California
Mono,2021-03-21,1,10101,1,6975,0,3083,0,43,1,1960,0,4086,1,6046,California
Mono,2021-03-22,13,10114,1,6976,6,3089,6,49,6,1965,7,4093,12,6058,California
Mono,2021-03-23,40,10154,5,6981,29,3118,6,55,17,1965,23,4116,23,6081,California
Mono,2021-03-24,14,10168,3,6984,7,3125,4,59,9,1973,5,4121,13,6094,California
Mono,2021-03-25,15,10183,1,6985,10,3135,4,63,9,1980,6,4127,13,6107,California
Mono,2021-03-26,23,10206,8,6993,10,3145,5,68,14,1991,8,4135,19,6126,California
Mono,2021-03-27,320,10526,315,7308,5,3150,0,68,296,2264,24,4159,297,6423,California
Mono,2021-03-28,3,10529,2,7310,1,3151,0,68,3,2267,0,4159,3,6426,California
Mono,2021-03-29,13,10542,5,7315,7,3158,1,69,10,2275,3,4162,11,6437,California
Mono,2021-03-30,19,10561,3,7318,12,3170,4,73,13,2286,6,4168,17,6454,California
Mono,2021-03-31,119,10680,8,7326,110,3280,1,74,44,2257,74,4242,45,6499,California
Mono,2021-04-01,8,10688,1,7327,7,3287,0,74,6,2261,2,4244,6,6505,California
Mono,2021-04-02,18,10706,4,7331,13,3300,1,75,11,2266,7,4251,12,6517,California
Mono,2021-04-03,722,11428,324,7655,397,3697,1,76,33,1713,688,4939,135,6652,California
Mono,2021-04-04,1,11429,0,7655,1,3698,0,76,0,1712,1,4940,0,6652,California
Mono,2021-04-05,470,11899,18,7673,451,4149,1,77,32,1323,437,5377,48,6700,California
Mono,2021-04-06,3,11902,2,7675,1,4150,0,77,3,1326,0,5377,3,6703,California
Monterey,2020-12-16,4,4,4,4,0,0,0,0,4,4,0,0,4,4,California
Monterey,2020-12-17,81,85,81,85,0,0,0,0,81,85,0,0,81,85,California
Monterey,2020-12-18,481,566,481,566,0,0,0,0,481,566,0,0,481,566,California
Monterey,2020-12-19,579,1145,579,1145,0,0,0,0,579,1145,0,0,579,1145,California
Monterey,2020-12-20,422,1567,422,1567,0,0,0,0,422,1567,0,0,422,1567,California
Monterey,2020-12-21,721,2288,721,2288,0,0,0,0,721,2288,0,0,721,2288,California
Monterey,2020-12-22,537,2825,524,2812,13,13,0,0,537,2825,0,0,537,2825,California
Monterey,2020-12-23,433,3258,257,3069,176,189,0,0,433,3258,0,0,433,3258,California
Monterey,2020-12-24,82,3340,9,3078,73,262,0,0,82,3340,0,0,82,3340,California
Monterey,2020-12-25,6,3346,0,3078,6,268,0,0,6,3346,0,0,6,3346,California
Monterey,2020-12-26,92,3438,5,3083,87,355,0,0,92,3438,0,0,92,3438,California
Monterey,2020-12-27,6,3444,3,3086,3,358,0,0,6,3444,0,0,6,3444,California
Monterey,2020-12-28,478,3922,26,3112,452,810,0,0,478,3922,0,0,478,3922,California
Monterey,2020-12-29,901,4823,168,3280,733,1543,0,0,901,4823,0,0,901,4823,California
Monterey,2020-12-30,568,5391,98,3378,470,2013,0,0,568,5391,0,0,568,5391,California
Monterey,2020-12-31,35,5426,11,3389,24,2037,0,0,35,5426,0,0,35,5426,California
Monterey,2021-01-01,11,5437,2,3391,9,2046,0,0,11,5437,0,0,11,5437,California
Monterey,2021-01-02,137,5574,134,3525,3,2049,0,0,137,5574,0,0,137,5574,California
Monterey,2021-01-03,30,5604,29,3554,1,2050,0,0,30,5604,0,0,30,5604,California
Monterey,2021-01-04,412,6016,18,3572,394,2444,0,0,412,6016,0,0,412,6016,California
Monterey,2021-01-05,752,6768,326,3898,426,2870,0,0,738,6740,14,14,738,6754,California
Monterey,2021-01-06,654,7422,172,4070,482,3352,0,0,632,7350,22,36,632,7386,California
Monterey,2021-01-07,740,8162,569,4639,171,3523,0,0,418,7448,320,356,418,7804,California
Monterey,2021-01-08,1089,9251,736,5375,353,3876,0,0,395,7149,694,1050,395,8199,California
Monterey,2021-01-09,963,10214,935,6310,28,3904,0,0,313,6812,650,1700,313,8512,California
Monterey,2021-01-10,273,10487,270,6580,3,3907,0,0,7,6553,266,1966,7,8519,California
Monterey,2021-01-11,1062,11549,983,7563,79,3986,0,0,361,6213,701,2667,361,8880,California
Monterey,2021-01-12,463,12012,387,7950,76,4062,0,0,203,6156,260,2927,203,9083,California
Monterey,2021-01-13,1221,13233,592,8542,629,4691,0,0,1176,7287,45,2972,1176,10259,California
Monterey,2021-01-14,1046,14279,93,8635,953,5644,0,0,1028,8300,18,2990,1031,11290,California
Monterey,2021-01-15,1029,15308,39,8674,990,6634,0,0,1018,9307,11,3001,1018,12308,California
Monterey,2021-01-16,366,15674,300,8974,66,6700,0,0,360,9661,6,3007,360,12668,California
Monterey,2021-01-17,313,15987,291,9265,22,6722,0,0,300,9948,13,3020,300,12968,California
Monterey,2021-01-18,403,16390,51,9316,352,7074,0,0,381,10307,22,3042,381,13349,California
Monterey,2021-01-19,572,16962,394,9710,178,7252,0,0,415,10567,155,3197,415,13764,California
Monterey,2021-01-20,529,17491,267,9977,262,7514,0,0,325,10688,204,3401,325,14089,California
Monterey,2021-01-21,842,18333,93,10070,749,8263,0,0,732,11314,110,3511,736,14825,California
Monterey,2021-01-22,1048,19381,191,10261,857,9120,0,0,1009,12284,39,3550,1009,15834,California
Monterey,2021-01-23,236,19617,171,10432,65,9185,0,0,114,12277,121,3671,114,15948,California
Monterey,2021-01-24,58,19675,38,10470,20,9205,0,0,23,12265,35,3706,23,15971,California
Monterey,2021-01-25,780,20455,173,10643,607,9812,0,0,153,11800,620,4326,155,16126,California
Monterey,2021-01-26,921,21376,220,10863,701,10513,0,0,231,11341,690,5016,231,16357,California
Monterey,2021-01-27,856,22232,305,11168,551,11064,0,0,375,11235,481,5497,375,16732,California
Monterey,2021-01-28,2012,24244,740,11908,1272,12336,0,0,1672,12567,340,5837,1672,18404,California
Monterey,2021-01-29,1226,25470,706,12614,520,12856,0,0,1113,13569,112,5949,1114,19518,California
Monterey,2021-01-30,429,25899,282,12896,147,13003,0,0,180,13500,249,6198,180,19698,California
Monterey,2021-01-31,497,26396,74,12970,423,13426,0,0,484,13972,13,6211,485,20183,California
Monterey,2021-02-01,1658,28054,1147,14117,511,13937,0,0,1095,14505,562,6773,1095,21278,California
Monterey,2021-02-02,2144,30198,452,14569,1692,15629,0,0,1539,15439,605,7378,1539,22817,California
Monterey,2021-02-03,2326,32524,1048,15617,1278,16907,0,0,1552,16221,771,8149,1553,24370,California
Monterey,2021-02-04,2697,35221,2018,17635,679,17586,0,0,2438,18402,257,8406,2438,26808,California
Monterey,2021-02-05,3640,38861,2823,20458,817,18403,0,0,3210,21187,425,8831,3210,30018,California
Monterey,2021-02-06,1097,39958,381,20839,716,19119,0,0,753,21597,343,9174,753,30771,California
Monterey,2021-02-07,316,40274,272,21111,44,19163,0,0,95,21471,221,9395,95,30866,California
Monterey,2021-02-08,516,40790,289,21400,227,19390,0,0,431,21817,85,9480,431,31297,California
Monterey,2021-02-09,861,41651,681,22081,180,19570,0,0,551,22060,310,9790,553,31850,California
Monterey,2021-02-10,2010,43661,1040,23121,970,20540,0,0,1158,22366,852,10642,1158,33008,California
Monterey,2021-02-11,2491,46152,964,24085,1527,22067,0,0,1536,22962,953,11595,1549,34557,California
Monterey,2021-02-12,2584,48736,423,24508,2161,24228,0,0,1522,23424,1061,12656,1523,36080,California
Monterey,2021-02-13,1063,49799,44,24552,1019,25247,0,0,975,24311,88,12744,975,37055,California
Monterey,2021-02-14,585,50384,72,24624,513,25760,0,0,512,24750,73,12817,512,37567,California
Monterey,2021-02-15,1346,51730,139,24763,1207,26967,0,0,976,25357,369,13186,976,38543,California
Monterey,2021-02-16,1090,52820,245,25008,845,27812,0,0,869,26006,221,13407,870,39413,California
Monterey,2021-02-17,1903,54723,1139,26147,764,28576,0,0,1612,27330,289,13696,1613,41026,California
Monterey,2021-02-18,2202,56925,1164,27311,1038,29614,0,0,893,26933,1299,14995,902,41928,California
Monterey,2021-02-19,2928,59853,1533,28844,1395,31009,0,0,1342,26690,1585,16580,1342,43270,California
Monterey,2021-02-20,1000,60853,609,29453,391,31400,0,0,948,27587,51,16631,948,44218,California
Monterey,2021-02-21,1214,62067,1186,30639,28,31428,0,0,1163,28700,50,16681,1163,45381,California
Monterey,2021-02-22,939,63006,809,31448,130,31558,0,0,633,29028,305,16986,633,46014,California
Monterey,2021-02-23,948,63954,619,32067,329,31887,0,0,304,28689,643,17629,304,46318,California
Monterey,2021-02-24,2418,66372,1274,33341,1144,33031,0,0,1810,29897,604,18233,1812,48130,California
Monterey,2021-02-25,4314,70686,2387,35728,1927,34958,0,0,1423,28455,2886,21119,1444,49574,California
Monterey,2021-02-26,5230,75916,3086,38814,2144,37102,0,0,2605,28448,2621,23740,2614,52188,California
Monterey,2021-02-27,982,76898,171,38985,811,37913,0,0,794,29058,184,23924,794,52982,California
Monterey,2021-02-28,1520,78418,79,39064,1441,39354,0,0,1060,29662,456,24380,1060,54042,California
Monterey,2021-03-01,1273,79691,139,39203,1131,40485,3,3,740,29874,531,24911,743,54785,California
Monterey,2021-03-02,2700,82391,1708,40911,992,41477,0,3,1858,30895,837,25748,1858,56643,California
Monterey,2021-03-03,3015,85406,1214,42125,1801,43278,0,3,1134,30203,1877,27625,1185,57828,California
Monterey,2021-03-04,4427,89833,1411,43536,3016,46294,0,3,2933,31657,1491,29116,2945,60773,California
Monterey,2021-03-05,3061,92894,1317,44853,1487,47781,257,260,2461,33779,598,29714,2720,63493,California
Monterey,2021-03-06,4271,97165,623,45476,3410,51191,238,498,3437,36623,832,30546,3676,67169,California
Monterey,2021-03-07,499,97664,110,45586,163,51354,226,724,229,36809,269,30815,455,67624,California
Monterey,2021-03-08,1535,99199,318,45904,890,52244,327,1051,1056,37716,479,31294,1386,69010,California
Monterey,2021-03-09,1882,101081,686,46590,933,53177,263,1314,1406,38910,476,31770,1670,70680,California
Monterey,2021-03-10,2768,103849,860,47450,1493,54670,415,1729,1303,39175,1461,33231,1726,72406,California
Monterey,2021-03-11,3978,107827,1389,48839,2239,56909,350,2079,2261,40076,1711,34942,2612,75018,California
Monterey,2021-03-12,3749,111576,1817,50656,1838,58747,94,2173,2293,41008,1454,36396,2386,77404,California
Monterey,2021-03-13,3949,115525,941,51597,2666,61413,342,2515,2916,43237,1033,37429,3262,80666,California
Monterey,2021-03-14,1732,117257,1293,52890,415,61828,24,2539,383,42304,1341,38770,408,81074,California
Monterey,2021-03-15,3879,121136,1259,54149,2336,64164,284,2823,2204,43121,1672,40442,2489,83563,California
Monterey,2021-03-16,3386,124522,557,54706,2472,66636,357,3180,1999,44091,1386,41828,2356,85919,California
Monterey,2021-03-17,5506,130028,2246,56952,3014,69650,246,3426,3994,46831,1506,43334,4246,90165,California
Monterey,2021-03-18,3611,133639,1827,58779,1648,71298,136,3562,2476,48355,1129,44463,2653,92818,California
Monterey,2021-03-19,4354,137993,2209,60988,2026,73324,119,3681,3263,50653,1085,45548,3383,96201,California
Monterey,2021-03-20,2196,140189,355,61343,1421,74745,420,4101,1510,51902,681,46229,1930,98131,California
Monterey,2021-03-21,594,140783,194,61537,383,75128,17,4118,525,52376,68,46297,542,98673,California
Monterey,2021-03-22,2399,143182,1405,62942,935,76063,59,4177,2202,54445,192,46489,2261,100934,California
Monterey,2021-03-23,3924,147106,2330,65272,1551,77614,43,4220,2477,55526,1439,47928,2520,103454,California
Monterey,2021-03-24,4843,151949,2028,67300,2517,80131,298,4518,3546,58081,1290,49218,3845,107299,California
Monterey,2021-03-25,5066,157015,1207,68507,3501,83632,358,4876,2558,58506,2498,51716,2923,110222,California
Monterey,2021-03-26,5190,162205,2527,71034,2597,86229,66,4942,2796,59066,2386,54102,2946,113168,California
Monterey,2021-03-27,4177,166382,1372,72406,2548,88777,257,5199,2507,60545,1667,55769,3146,116314,California
Monterey,2021-03-28,1097,167479,339,72745,748,89525,10,5209,615,60697,479,56248,631,116945,California
Monterey,2021-03-29,3173,170652,1427,74172,1729,91254,17,5226,1954,61464,1212,57460,1979,118924,California
Monterey,2021-03-30,4396,175048,2106,76278,2250,93504,40,5266,2708,62545,1679,59139,2760,121684,California
Monterey,2021-03-31,5209,180257,2339,78617,2093,95597,777,6043,3360,64860,1847,60986,4162,125846,California
Monterey,2021-04-01,5934,186191,2029,80646,3519,99116,386,6429,2981,65316,2943,63929,3399,129245,California
Monterey,2021-04-02,4567,190758,2181,82827,2330,101446,56,6485,3225,67315,1338,65267,3337,132582,California
Monterey,2021-04-03,4592,195350,1090,83917,3441,104887,61,6546,1193,65287,3359,68626,1331,133913,California
Monterey,2021-04-04,759,196109,167,84084,579,105466,13,6559,507,65559,251,68877,523,134436,California
Monterey,2021-04-05,3641,199750,2247,86331,1260,106726,134,6693,1315,64832,2324,71201,1597,136033,California
Monterey,2021-04-06,1786,201536,972,87303,687,107413,127,6820,427,64085,1312,72513,565,136598,California
Napa,2020-12-16,12,12,12,12,0,0,0,0,12,12,0,0,12,12,California
Napa,2020-12-17,44,56,44,56,0,0,0,0,44,56,0,0,44,56,California
Napa,2020-12-18,103,159,103,159,0,0,0,0,103,159,0,0,103,159,California
Napa,2020-12-19,221,380,221,380,0,0,0,0,221,380,0,0,221,380,California
Napa,2020-12-20,190,570,190,570,0,0,0,0,190,570,0,0,190,570,California
Napa,2020-12-21,307,877,307,877,0,0,0,0,308,878,0,0,308,878,California
Napa,2020-12-22,336,1213,327,1204,9,9,0,0,336,1214,0,0,336,1214,California
Napa,2020-12-23,428,1641,319,1523,109,118,0,0,428,1642,0,0,428,1642,California
Napa,2020-12-24,138,1779,77,1600,61,179,0,0,138,1780,0,0,138,1780,California
Napa,2020-12-25,1,1780,1,1601,0,179,0,0,1,1781,0,0,1,1781,California
Napa,2020-12-26,39,1819,11,1612,28,207,0,0,39,1820,0,0,39,1820,California
Napa,2020-12-27,32,1851,16,1628,16,223,0,0,32,1852,0,0,32,1852,California
Napa,2020-12-28,249,2100,184,1812,65,288,0,0,277,2129,0,0,277,2129,California
Napa,2020-12-29,271,2371,213,2025,58,346,0,0,305,2434,0,0,305,2434,California
Napa,2020-12-30,636,3007,490,2515,146,492,0,0,644,3078,0,0,644,3078,California
Napa,2020-12-31,466,3473,378,2893,88,580,0,0,466,3544,0,0,466,3544,California
Napa,2021-01-01,1,3474,1,2894,0,580,0,0,1,3545,0,0,1,3545,California
Napa,2021-01-02,100,3574,95,2989,5,585,0,0,100,3645,0,0,100,3645,California
Napa,2021-01-03,12,3586,10,2999,2,587,0,0,9,3654,0,0,9,3654,California
Napa,2021-01-04,105,3691,62,3061,43,630,0,0,105,3759,0,0,105,3759,California
Napa,2021-01-05,152,3843,85,3146,67,697,0,0,135,3870,24,24,135,3894,California
Napa,2021-01-06,455,4298,114,3260,341,1038,0,0,391,4199,62,86,391,4285,California
Napa,2021-01-07,484,4782,223,3483,261,1299,0,0,384,4484,99,185,384,4669,California
Napa,2021-01-08,442,5224,227,3710,215,1514,0,0,262,4567,179,364,262,4931,California
Napa,2021-01-09,305,5529,279,3989,26,1540,0,0,167,4596,138,502,167,5098,California
Napa,2021-01-10,185,5714,101,4090,84,1624,0,0,110,4631,75,577,110,5208,California
Napa,2021-01-11,875,6589,417,4507,458,2082,0,0,507,4770,368,945,507,5715,California
Napa,2021-01-12,1301,7890,371,4878,930,3012,0,0,986,5441,315,1260,986,6701,California
Napa,2021-01-13,1300,9190,260,5138,1040,4052,0,0,1141,6425,158,1418,1142,7843,California
Napa,2021-01-14,1050,10240,174,5312,876,4928,0,0,932,7241,116,1534,932,8775,California
Napa,2021-01-15,1451,11691,382,5694,1069,5997,0,0,1301,8385,158,1692,1302,10077,California
Napa,2021-01-16,357,12048,137,5831,220,6217,0,0,339,8706,18,1710,339,10416,California
Napa,2021-01-17,339,12387,176,6007,163,6380,0,0,330,9027,9,1719,330,10746,California
Napa,2021-01-18,1076,13463,194,6201,882,7262,0,0,984,9919,92,1811,984,11730,California
Napa,2021-01-19,1009,14472,404,6605,605,7867,0,0,769,10450,239,2050,770,12500,California
Napa,2021-01-20,823,15295,183,6788,640,8507,0,0,643,10915,178,2228,643,13143,California
Napa,2021-01-21,1341,16636,382,7170,959,9466,0,0,1081,11737,259,2487,1081,14224,California
Napa,2021-01-22,1501,18137,416,7586,1085,10551,0,0,1169,12576,331,2818,1170,15394,California
Napa,2021-01-23,395,18532,315,7901,80,10631,0,0,334,12849,61,2879,334,15728,California
Napa,2021-01-24,274,18806,198,8099,76,10707,0,0,216,13007,58,2937,216,15944,California
Napa,2021-01-25,1520,20326,230,8329,1290,11997,0,0,1431,14349,89,3026,1431,17375,California
Napa,2021-01-26,869,21195,277,8606,592,12589,0,0,775,15031,94,3120,776,18151,California
Napa,2021-01-27,624,21819,218,8824,406,12995,0,0,467,15342,156,3276,467,18618,California
Napa,2021-01-28,377,22196,164,8988,213,13208,0,0,197,15360,179,3455,197,18815,California
Napa,2021-01-29,252,22448,64,9052,188,13396,0,0,157,15422,95,3550,157,18972,California
Napa,2021-01-30,789,23237,680,9732,109,13505,0,0,646,15925,143,3693,646,19618,California
Napa,2021-01-31,654,23891,624,10356,30,13535,0,0,628,16527,26,3719,628,20246,California
Napa,2021-02-01,313,24204,110,10466,203,13738,0,0,160,16535,152,3871,160,20406,California
Napa,2021-02-02,584,24788,276,10742,308,14046,0,0,286,16525,296,4167,286,20692,California
Napa,2021-02-03,730,25518,310,11052,420,14466,0,0,424,16643,306,4473,424,21116,California
Napa,2021-02-04,788,26306,372,11424,416,14882,0,0,442,16742,343,4816,442,21558,California
Napa,2021-02-05,705,27011,315,11739,390,15272,0,0,337,16711,368,5184,337,21895,California
Napa,2021-02-06,430,27441,142,11881,288,15560,0,0,325,16931,105,5289,325,22220,California
Napa,2021-02-07,179,27620,166,12047,13,15573,0,0,75,16902,104,5393,75,22295,California
Napa,2021-02-08,835,28455,188,12235,647,16220,0,0,270,16610,563,5956,271,22566,California
Napa,2021-02-09,1073,29528,439,12674,634,16854,0,0,434,16405,639,6595,434,23000,California
Napa,2021-02-10,1676,31204,190,12864,1486,18340,0,0,447,15626,1226,7821,447,23447,California
Napa,2021-02-11,1499,32703,194,13058,1305,19645,0,0,414,14965,1076,8897,415,23862,California
Napa,2021-02-12,2156,34859,840,13898,1316,20961,0,0,721,14254,1432,10329,721,24583,California
Napa,2021-02-13,490,35349,51,13949,439,21400,0,0,313,14390,177,10506,313,24896,California
Napa,2021-02-14,321,35670,58,14007,263,21663,0,0,161,14391,160,10666,161,25057,California
Napa,2021-02-15,884,36554,188,14195,696,22359,0,0,227,13964,654,11320,227,25284,California
Napa,2021-02-16,1291,37845,598,14793,693,23052,0,0,617,13908,673,11993,617,25901,California
Napa,2021-02-17,1043,38888,525,15318,518,23570,0,0,474,13815,568,12561,475,26376,California
Napa,2021-02-18,1895,40783,481,15799,1414,24984,0,0,663,13248,1230,13791,663,27039,California
Napa,2021-02-19,1427,42210,583,16382,844,25828,0,0,674,13170,752,14543,674,27713,California
Napa,2021-02-20,820,43030,588,16970,232,26060,0,0,278,12906,542,15085,278,27991,California
Napa,2021-02-21,796,43826,735,17705,61,26121,0,0,196,12502,600,15685,196,28187,California
Napa,2021-02-22,438,44264,184,17889,254,26375,0,0,137,12338,301,15986,137,28324,California
Napa,2021-02-23,1099,45363,295,18184,804,27179,0,0,306,11851,793,16779,306,28630,California
Napa,2021-02-24,1151,46514,628,18812,523,27702,0,0,569,11841,580,17359,570,29200,California
Napa,2021-02-25,2504,49018,1205,20017,1299,29001,0,0,1796,12932,706,18065,1797,30997,California
Napa,2021-02-26,1486,50504,517,20534,969,29970,0,0,580,12608,904,18969,580,31577,California
Napa,2021-02-27,1046,51550,356,20890,690,30660,0,0,796,13157,247,19216,796,32373,California
Napa,2021-02-28,562,52112,460,21350,102,30762,0,0,458,13514,101,19317,458,32831,California
Napa,2021-03-01,1092,53204,811,22161,281,31043,0,0,830,14083,261,19578,830,33661,California
Napa,2021-03-02,1458,54662,1011,23172,447,31490,0,0,1125,14877,332,19910,1126,34787,California
Napa,2021-03-03,1384,56046,637,23809,747,32237,0,0,1218,15931,165,20075,1219,36006,California
Napa,2021-03-04,1531,57577,647,24456,884,33121,0,0,1317,17037,212,20287,1318,37324,California
Napa,2021-03-05,1752,59329,692,25148,1055,34176,5,5,1362,18017,388,20675,1368,38692,California
Napa,2021-03-06,584,59913,251,25399,304,34480,29,34,482,18427,101,20776,511,39203,California
Napa,2021-03-07,473,60386,275,25674,182,34662,16,50,363,18697,109,20885,379,39582,California
Napa,2021-03-08,672,61058,314,25988,318,34980,40,90,510,19087,160,21045,550,40132,California
Napa,2021-03-09,1587,62645,573,26561,971,35951,43,133,1162,19872,421,21466,1206,41338,California
Napa,2021-03-10,1425,64070,893,27454,436,36387,96,229,724,19995,698,22164,821,42159,California
Napa,2021-03-11,1781,65851,1035,28489,634,37021,112,341,897,20121,883,23047,1009,43168,California
Napa,2021-03-12,1386,67237,851,29340,453,37474,82,423,740,20300,645,23692,824,43992,California
Napa,2021-03-13,1049,68286,280,29620,745,38219,24,447,784,20844,265,23957,809,44801,California
Napa,2021-03-14,543,68829,311,29931,92,38311,140,587,206,20854,336,24293,346,45147,California
Napa,2021-03-15,944,69773,404,30335,471,38782,69,656,477,20936,464,24757,546,45693,California
Napa,2021-03-16,1716,71489,388,30723,1203,39985,125,781,1259,21867,454,25211,1385,47078,California
Napa,2021-03-17,2215,73704,1637,32360,438,40423,140,921,1401,22594,814,26025,1541,48619,California
Napa,2021-03-18,1599,75303,692,33052,897,41320,10,931,974,22955,623,26648,984,49603,California
Napa,2021-03-19,1122,76425,647,33699,455,41775,20,951,573,23002,546,27194,593,50196,California
Napa,2021-03-20,756,77181,345,34044,262,42037,149,1100,323,23041,433,27627,472,50668,California
Napa,2021-03-21,693,77874,667,34711,24,42061,2,1102,347,23046,344,27971,349,51017,California
Napa,2021-03-22,1066,78940,888,35599,167,42228,11,1113,468,22933,596,28567,483,51500,California
Napa,2021-03-23,1483,80423,823,36422,647,42875,13,1126,986,23440,495,29062,1002,52502,California
Napa,2021-03-24,1691,82114,938,37360,744,43619,9,1135,822,23437,867,29929,864,53366,California
Napa,2021-03-25,1602,83716,1050,38410,497,44116,55,1190,737,23481,865,30794,909,54275,California
Napa,2021-03-26,1234,84950,799,39209,429,44545,6,1196,546,23413,684,31478,616,54891,California
Napa,2021-03-27,878,85828,424,39633,426,44971,28,1224,302,23200,576,32054,363,55254,California
Napa,2021-03-28,476,86304,368,40001,102,45073,6,1230,176,23083,300,32354,183,55437,California
Napa,2021-03-29,1145,87449,843,40844,295,45368,7,1237,694,23344,449,32803,710,56147,California
Napa,2021-03-30,2320,89769,916,41760,1398,46766,6,1243,1538,24135,781,33584,1572,57719,California
Napa,2021-03-31,1935,91704,949,42709,921,47687,65,1308,830,23990,1102,34686,957,58676,California
Napa,2021-04-01,1681,93385,812,43521,751,48438,118,1426,451,23374,1227,35913,611,59287,California
Napa,2021-04-02,1714,95099,821,44342,754,49192,139,1565,436,22731,1275,37188,632,59919,California
Napa,2021-04-03,613,95712,353,44695,200,49392,60,1625,213,22611,400,37588,280,60199,California
Napa,2021-04-04,349,96061,137,44832,155,49547,57,1682,126,22574,223,37811,186,60385,California
Napa,2021-04-05,1173,97234,704,45536,299,49846,170,1852,531,22642,639,38450,707,61092,California
Napa,2021-04-06,990,98224,328,45864,506,50352,156,2008,335,22481,653,39103,492,61584,California
Nevada,2020-12-16,3,3,3,3,0,0,0,0,3,3,0,0,3,3,California
Nevada,2020-12-17,6,9,6,9,0,0,0,0,6,9,0,0,6,9,California
Nevada,2020-12-18,51,60,51,60,0,0,0,0,51,60,0,0,51,60,California
Nevada,2020-12-19,55,115,55,115,0,0,0,0,55,115,0,0,55,115,California
Nevada,2020-12-20,12,127,12,127,0,0,0,0,12,127,0,0,12,127,California
Nevada,2020-12-21,69,196,69,196,0,0,0,0,69,196,0,0,69,196,California
Nevada,2020-12-22,91,287,89,285,2,2,0,0,91,287,0,0,91,287,California
Nevada,2020-12-23,234,521,202,487,32,34,0,0,234,521,0,0,234,521,California
Nevada,2020-12-24,15,536,12,499,3,37,0,0,15,536,0,0,15,536,California
Nevada,2020-12-25,2,538,2,501,0,37,0,0,2,538,0,0,2,538,California
Nevada,2020-12-26,5,543,3,504,2,39,0,0,5,543,0,0,5,543,California
Nevada,2020-12-27,88,631,88,592,0,39,0,0,88,631,0,0,88,631,California
Nevada,2020-12-28,170,801,93,685,77,116,0,0,170,801,0,0,170,801,California
Nevada,2020-12-29,101,902,75,760,26,142,0,0,101,902,0,0,101,902,California
Nevada,2020-12-30,85,987,66,826,19,161,0,0,85,987,0,0,85,987,California
Nevada,2020-12-31,39,1026,9,835,30,191,0,0,39,1026,0,0,39,1026,California
Nevada,2021-01-01,1,1027,0,835,1,192,0,0,1,1027,0,0,1,1027,California
Nevada,2021-01-02,1,1028,1,836,0,192,0,0,1,1028,0,0,1,1028,California
Nevada,2021-01-03,129,1157,126,962,3,195,0,0,129,1157,0,0,129,1157,California
Nevada,2021-01-04,71,1228,47,1009,24,219,0,0,71,1228,0,0,71,1228,California
Nevada,2021-01-05,272,1500,130,1139,142,361,0,0,271,1498,1,1,271,1499,California
Nevada,2021-01-06,93,1593,44,1183,49,410,0,0,85,1575,8,9,85,1584,California
Nevada,2021-01-07,217,1810,43,1226,174,584,0,0,209,1779,6,15,210,1794,California
Nevada,2021-01-08,221,2031,127,1353,94,678,0,0,170,1898,51,66,170,1964,California
Nevada,2021-01-09,63,2094,56,1409,7,685,0,0,15,1865,48,114,15,1979,California
Nevada,2021-01-10,17,2111,9,1418,8,693,0,0,9,1866,8,122,9,1988,California
Nevada,2021-01-11,183,2294,130,1548,53,746,0,0,56,1795,127,249,56,2044,California
Nevada,2021-01-12,606,2900,458,2006,148,894,0,0,538,2265,68,317,538,2582,California
Nevada,2021-01-13,257,3157,144,2150,113,1007,0,0,122,2252,135,452,122,2704,California
Nevada,2021-01-14,230,3387,123,2273,107,1114,0,0,212,2447,17,469,212,2916,California
Nevada,2021-01-15,394,3781,170,2443,224,1338,0,0,296,2645,98,567,296,3212,California
Nevada,2021-01-16,292,4073,13,2456,279,1617,0,0,289,2931,3,570,289,3501,California
Nevada,2021-01-17,36,4109,32,2488,4,1621,0,0,33,2961,3,573,33,3534,California
Nevada,2021-01-18,148,4257,40,2528,108,1729,0,0,138,3089,10,583,138,3672,California
Nevada,2021-01-19,232,4489,83,2611,149,1878,0,0,213,3283,19,602,213,3885,California
Nevada,2021-01-20,258,4747,152,2763,106,1984,0,0,245,3515,13,615,245,4130,California
Nevada,2021-01-21,336,5083,207,2970,129,2113,0,0,323,3825,13,628,323,4453,California
Nevada,2021-01-22,341,5424,209,3179,132,2245,0,0,310,4104,31,659,310,4763,California
Nevada,2021-01-23,172,5596,104,3283,68,2313,0,0,172,4276,0,659,172,4935,California
Nevada,2021-01-24,105,5701,98,3381,7,2320,0,0,66,4303,39,698,66,5001,California
Nevada,2021-01-25,264,5965,136,3517,128,2448,0,0,203,4445,61,759,203,5204,California
Nevada,2021-01-26,397,6362,141,3658,256,2704,0,0,295,4638,102,861,295,5499,California
Nevada,2021-01-27,408,6770,242,3900,166,2870,0,0,384,4998,24,885,384,5883,California
Nevada,2021-01-28,458,7228,311,4211,147,3017,0,0,417,5374,41,926,417,6300,California
Nevada,2021-01-29,594,7822,391,4602,203,3220,0,0,572,5925,22,948,573,6873,California
Nevada,2021-01-30,231,8053,103,4705,128,3348,0,0,228,6150,3,951,228,7101,California
Nevada,2021-01-31,101,8154,85,4790,16,3364,0,0,101,6251,0,951,101,7202,California
Nevada,2021-02-01,292,8446,71,4861,221,3585,0,0,278,6515,14,965,278,7480,California
Nevada,2021-02-02,516,8962,172,5033,344,3929,0,0,321,6641,195,1160,321,7801,California
Nevada,2021-02-03,805,9767,566,5599,239,4168,0,0,752,7341,52,1212,752,8553,California
Nevada,2021-02-04,749,10516,400,5999,349,4517,0,0,501,7595,247,1459,501,9054,California
Nevada,2021-02-05,644,11160,363,6362,281,4798,0,0,455,7863,187,1646,455,9509,California
Nevada,2021-02-06,273,11433,85,6447,188,4986,0,0,246,8082,27,1673,246,9755,California
Nevada,2021-02-07,245,11678,189,6636,56,5042,0,0,191,8219,54,1727,191,9946,California
Nevada,2021-02-08,649,12327,410,7046,239,5281,0,0,551,8672,98,1825,551,10497,California
Nevada,2021-02-09,604,12931,339,7385,265,5546,0,0,466,9000,138,1963,466,10963,California
Nevada,2021-02-10,643,13574,321,7706,322,5868,0,0,414,9186,229,2192,415,11378,California
Nevada,2021-02-11,868,14442,506,8212,362,6230,0,0,539,9397,328,2520,539,11917,California
Nevada,2021-02-12,921,15363,431,8643,490,6720,0,0,608,9693,312,2832,608,12525,California
Nevada,2021-02-13,588,15951,232,8875,356,7076,0,0,385,9880,199,3031,386,12911,California
Nevada,2021-02-14,224,16175,117,8992,107,7183,0,0,194,10045,30,3061,195,13106,California
Nevada,2021-02-15,712,16887,444,9436,268,7451,0,0,544,10421,168,3229,544,13650,California
Nevada,2021-02-16,615,17502,199,9635,416,7867,0,0,455,10717,159,3388,455,14105,California
Nevada,2021-02-17,1181,18683,763,10398,418,8285,0,0,864,11264,317,3705,864,14969,California
Nevada,2021-02-18,999,19682,550,10948,449,8734,0,0,601,11469,396,4101,601,15570,California
Nevada,2021-02-19,1002,20684,630,11578,372,9106,0,0,648,11764,354,4455,649,16219,California
Nevada,2021-02-20,291,20975,101,11679,190,9296,0,0,171,11816,119,4574,171,16390,California
Nevada,2021-02-21,89,21064,83,11762,6,9302,0,0,12,11751,77,4651,12,16402,California
Nevada,2021-02-22,495,21559,329,12091,166,9468,0,0,349,11955,145,4796,349,16751,California
Nevada,2021-02-23,445,22004,200,12291,245,9713,0,0,205,11923,237,5033,205,16956,California
Nevada,2021-02-24,477,22481,240,12531,237,9950,0,0,253,11954,224,5257,255,17211,California
Nevada,2021-02-25,848,23329,462,12993,386,10336,0,0,419,11946,427,5684,419,17630,California
Nevada,2021-02-26,1229,24558,885,13878,344,10680,0,0,411,11542,815,6499,411,18041,California
Nevada,2021-02-27,345,24903,110,13988,235,10915,0,0,173,11544,172,6671,174,18215,California
Nevada,2021-02-28,256,25159,144,14132,112,11027,0,0,120,11528,136,6807,120,18335,California
Nevada,2021-03-01,809,25968,423,14555,386,11413,0,0,344,11408,464,7271,344,18679,California
Nevada,2021-03-02,686,26654,255,14810,431,11844,0,0,471,11669,211,7482,472,19151,California
Nevada,2021-03-03,903,27557,478,15288,425,12269,0,0,442,11651,460,7942,442,19593,California
Nevada,2021-03-04,1079,28636,606,15894,473,12742,0,0,446,11467,630,8572,446,20039,California
Nevada,2021-03-05,750,29386,406,16300,334,13076,10,10,330,11389,418,8990,340,20379,California
Nevada,2021-03-06,332,29718,113,16413,193,13269,26,36,122,11327,210,9200,148,20527,California
Nevada,2021-03-07,204,29922,108,16521,76,13345,20,56,62,11267,141,9341,81,20608,California
Nevada,2021-03-08,790,30712,535,17056,212,13557,43,99,346,11214,443,9784,390,20998,California
Nevada,2021-03-09,639,31351,302,17358,291,13848,46,145,351,11323,287,10071,396,21394,California
Nevada,2021-03-10,897,32248,581,17939,279,14127,37,182,286,11039,608,10679,324,21718,California
Nevada,2021-03-11,1035,33283,663,18602,345,14472,27,209,497,11030,533,11212,524,22242,California
Nevada,2021-03-12,1024,34307,661,19263,329,14801,34,243,415,10872,608,11820,450,22692,California
Nevada,2021-03-13,222,34529,54,19317,161,14962,7,250,98,10855,123,11943,106,22798,California
Nevada,2021-03-14,100,34629,19,19336,78,15040,3,253,23,10804,77,12020,26,22824,California
Nevada,2021-03-15,819,35448,439,19775,370,15410,10,263,333,10663,484,12504,343,23167,California
Nevada,2021-03-16,943,36391,434,20209,455,15865,54,317,604,10983,338,12842,658,23825,California
Nevada,2021-03-17,983,37374,424,20633,549,16414,10,327,552,11117,428,13270,562,24387,California
Nevada,2021-03-18,823,38197,453,21086,349,16763,21,348,397,11114,422,13692,419,24806,California
Nevada,2021-03-19,564,38761,333,21419,201,16964,30,378,250,11080,314,14006,280,25086,California
Nevada,2021-03-20,528,39289,82,21501,172,17136,274,652,142,11113,381,14387,414,25500,California
Nevada,2021-03-21,65,39354,33,21534,31,17167,1,653,46,11142,18,14405,47,25547,California
Nevada,2021-03-22,767,40121,489,22023,274,17441,4,657,513,11407,252,14657,517,26064,California
Nevada,2021-03-23,825,40946,381,22404,419,17860,25,682,622,11855,200,14857,648,26712,California
Nevada,2021-03-24,966,41912,520,22924,438,18298,8,690,605,12111,357,15214,613,27325,California
Nevada,2021-03-25,866,42778,431,23355,412,18710,23,713,476,12222,390,15604,501,27826,California
Nevada,2021-03-26,1070,43848,409,23764,630,19340,31,744,769,12729,299,15903,806,28632,California
Nevada,2021-03-27,546,44394,71,23835,460,19800,15,759,377,12956,168,16071,395,29027,California
Nevada,2021-03-28,168,44562,49,23884,108,19908,11,770,41,12882,126,16197,52,29079,California
Nevada,2021-03-29,791,45353,480,24364,287,20195,24,794,369,12856,420,16617,394,29473,California
Nevada,2021-03-30,1042,46395,478,24842,532,20727,32,826,550,12953,487,17104,584,30057,California
Nevada,2021-03-31,1124,47519,630,25472,476,21203,18,844,692,13251,424,17528,722,30779,California
Nevada,2021-04-01,1172,48691,682,26154,438,21641,52,896,519,13187,648,18176,584,31363,California
Nevada,2021-04-02,1186,49877,615,26769,534,22175,37,933,704,13455,481,18657,749,32112,California
Nevada,2021-04-03,276,50153,81,26850,157,22332,38,971,82,13383,194,18851,122,32234,California
Nevada,2021-04-04,116,50269,41,26891,69,22401,6,977,72,13417,44,18895,78,32312,California
Nevada,2021-04-05,635,50904,335,27226,288,22689,12,989,438,13675,195,19090,453,32765,California
Nevada,2021-04-06,618,51522,371,27597,155,22844,92,1081,230,13614,384,19474,323,33088,California
Orange,2020-12-15,16,16,16,16,0,0,0,0,16,16,0,0,16,16,California
Orange,2020-12-16,366,382,366,382,0,0,0,0,366,382,0,0,366,382,California
Orange,2020-12-17,3713,4095,3713,4095,0,0,0,0,3712,4094,0,0,3712,4094,California
Orange,2020-12-18,5007,9102,5000,9095,7,7,0,0,5005,9099,0,0,5005,9099,California
Orange,2020-12-19,2196,11298,2189,11284,7,14,0,0,2195,11294,0,0,2195,11294,California
Orange,2020-12-20,1963,13261,1962,13246,1,15,0,0,1964,13258,0,0,1964,13258,California
Orange,2020-12-21,4219,17480,4213,17459,6,21,0,0,4219,17477,0,0,4219,17477,California
Orange,2020-12-22,3962,21442,3929,21388,33,54,0,0,3962,21439,0,0,3962,21439,California
Orange,2020-12-23,3538,24980,3189,24577,349,403,0,0,3540,24979,0,0,3540,24979,California
Orange,2020-12-24,1371,26351,1073,25650,298,701,0,0,1371,26350,0,0,1371,26350,California
Orange,2020-12-25,16,26367,11,25661,5,706,0,0,16,26366,0,0,16,26366,California
Orange,2020-12-26,1053,27420,422,26083,631,1337,0,0,1053,27419,0,0,1053,27419,California
Orange,2020-12-27,582,28002,275,26358,307,1644,0,0,582,28001,0,0,582,28001,California
Orange,2020-12-28,3532,31534,2563,28921,969,2613,0,0,3532,31533,0,0,3532,31533,California
Orange,2020-12-29,3553,35087,2560,31481,993,3606,0,0,3553,35086,0,0,3553,35086,California
Orange,2020-12-30,5105,40192,3549,35030,1556,5162,0,0,5105,40191,0,0,5105,40191,California
Orange,2020-12-31,1452,41644,757,35787,695,5857,0,0,1452,41643,0,0,1452,41643,California
Orange,2021-01-01,433,42077,242,36029,191,6048,0,0,432,42074,1,1,432,42075,California
Orange,2021-01-02,1402,43479,897,36926,505,6553,0,0,1402,43476,0,1,1402,43477,California
Orange,2021-01-03,565,44044,311,37237,254,6807,0,0,565,44041,0,1,565,44042,California
Orange,2021-01-04,2685,46729,1553,38790,1132,7939,0,0,2686,46726,1,2,2686,46728,California
Orange,2021-01-05,3493,50222,2286,41076,1207,9146,0,0,3081,49405,405,407,3084,49812,California
Orange,2021-01-06,4960,55182,3450,44526,1510,10656,0,0,3594,51646,1353,1760,3594,53406,California
Orange,2021-01-07,9201,64383,5129,49655,4072,14728,0,0,5650,53764,3538,5298,5656,59062,California
Orange,2021-01-08,9354,73737,5216,54871,4138,18866,0,0,5631,55685,3713,9011,5634,64696,California
Orange,2021-01-09,4963,78700,1725,56596,3238,22104,0,0,3689,58102,1273,10284,3690,68386,California
Orange,2021-01-10,4224,82924,1034,57630,3190,25294,0,0,3349,60581,874,11158,3353,71739,California
Orange,2021-01-11,9355,92279,4860,62490,4495,29789,0,0,5760,62744,3598,14756,5761,77500,California
Orange,2021-01-12,8741,101020,4702,67192,4039,33828,0,0,5285,64578,3452,18208,5286,82786,California
Orange,2021-01-13,10170,111190,4862,72054,5308,39136,0,0,6993,68405,3174,21382,7001,89787,California
Orange,2021-01-14,9878,121068,3758,75812,6120,45256,0,0,8296,75126,1580,22962,8301,98088,California
Orange,2021-01-15,10075,131143,2602,78414,7473,52729,0,0,9203,83455,879,23841,9208,107296,California
Orange,2021-01-16,8675,139818,2083,80497,6592,59321,0,0,8295,91374,380,24221,8299,115595,California
Orange,2021-01-17,8140,147958,1489,81986,6651,65972,0,0,7995,99232,144,24365,8002,123597,California
Orange,2021-01-18,9727,157685,4448,86434,5279,71251,0,0,7493,104490,2237,26602,7495,131092,California
Orange,2021-01-19,7442,165127,5399,91833,2043,73294,0,0,4820,106691,2623,29225,4824,135916,California
Orange,2021-01-20,8233,173360,5796,97629,2437,75731,0,0,5180,108824,3053,32278,5186,141102,California
Orange,2021-01-21,10807,184167,4793,102422,6014,81745,0,0,10017,118061,789,33067,10026,151128,California
Orange,2021-01-22,13530,197697,5069,107491,8461,90206,0,0,12710,129966,812,33879,12717,163845,California
Orange,2021-01-23,13091,210788,6169,113660,6922,97128,0,0,12126,141134,963,34842,12131,175976,California
Orange,2021-01-24,9792,220580,4277,117937,5515,102643,0,0,9478,150307,312,35154,9485,185461,California
Orange,2021-01-25,10380,230960,5822,123759,4558,107201,0,0,7674,155337,2698,37852,7728,193189,California
Orange,2021-01-26,11809,242769,7665,131424,4144,111345,0,0,9683,162900,2122,39974,9685,202874,California
Orange,2021-01-27,13337,256106,7965,139389,5372,116717,0,0,10684,170947,2641,42615,10688,213562,California
Orange,2021-01-28,12963,269069,7149,146538,5814,122531,0,0,11126,180256,1823,44438,11132,224694,California
Orange,2021-01-29,13511,282580,8375,154913,5136,127667,0,0,10679,188118,2821,47259,10683,235377,California
Orange,2021-01-30,12884,295464,4429,159342,8455,136122,0,0,12163,199575,707,47966,12164,247541,California
Orange,2021-01-31,13712,309176,4949,164291,8763,144885,0,0,13290,212449,418,48384,13292,260833,California
Orange,2021-02-01,13886,323062,5704,169995,8182,153067,0,0,11943,222471,1925,50309,11947,272780,California
Orange,2021-02-02,15311,338373,8335,178330,6976,160043,0,0,12598,232470,2603,52912,12602,285382,California
Orange,2021-02-03,16661,355034,12531,190861,4130,164173,0,0,13676,243241,2909,55821,13680,299062,California
Orange,2021-02-04,19670,374704,12832,203693,6838,171011,0,0,14625,252856,5014,60835,14629,313691,California
Orange,2021-02-05,20668,395372,11962,215655,8706,179717,0,0,14452,261131,6180,67015,14455,328146,California
Orange,2021-02-06,16287,411659,10771,226426,5516,185233,0,0,11054,267186,5218,72233,11273,339419,California
Orange,2021-02-07,11505,423164,8081,234507,3424,188657,0,0,7538,270940,3953,76186,7707,347126,California
Orange,2021-02-08,14763,437927,8474,242981,6289,194946,0,0,8820,273847,5915,82101,8822,355948,California
Orange,2021-02-09,17519,455446,11954,254935,5565,200511,0,0,10698,277800,6749,88850,10702,366650,California
Orange,2021-02-10,20826,476272,11119,266054,9707,210218,0,0,12667,282408,8066,96916,12674,379324,California
Orange,2021-02-11,21888,498160,11324,277378,10564,220782,0,0,12343,285368,9405,106321,12365,391689,California
Orange,2021-02-12,24666,522826,11881,289259,12785,233567,0,0,14599,289959,10017,116338,14608,406297,California
Orange,2021-02-13,21633,544459,11581,300840,10052,243619,0,0,11088,291353,10341,126679,11735,418032,California
Orange,2021-02-14,16134,560593,6566,307406,9568,253187,0,0,9528,294301,6583,133262,9531,427563,California
Orange,2021-02-15,17087,577680,7372,314778,9715,262902,0,0,8878,295018,8170,141432,8887,436450,California
Orange,2021-02-16,19864,597544,8945,323723,10919,273821,0,0,10749,296710,9081,150513,10773,447223,California
Orange,2021-02-17,17608,615152,9178,332901,8430,282251,0,0,9159,297491,8410,158923,9191,456414,California
Orange,2021-02-18,14607,629759,9589,342490,5018,287269,0,0,6783,296502,7782,166705,6793,463207,California
Orange,2021-02-19,17659,647418,10699,353189,6960,294229,0,0,6922,292739,10694,177399,6931,470138,California
Orange,2021-02-20,7182,654600,5386,358575,1796,296025,0,0,3566,292716,3599,180998,3576,473714,California
Orange,2021-02-21,4130,658730,3458,362033,672,296697,0,0,735,290083,3369,184367,736,474450,California
Orange,2021-02-22,9441,668171,7711,369744,1730,298427,0,0,3851,288388,5567,189934,3872,478322,California
Orange,2021-02-23,13090,681261,7113,376857,5977,304404,0,0,3514,282390,9526,199460,3528,481850,California
Orange,2021-02-24,20822,702083,12566,389423,8256,312660,0,0,5352,272347,15416,214876,5373,487223,California
Orange,2021-02-25,22353,724436,12056,401479,10297,322957,0,0,8012,266098,14285,229161,8036,495259,California
Orange,2021-02-26,27451,751887,13919,415398,13532,336489,0,0,11127,261026,16227,245388,11155,506414,California
Orange,2021-02-27,24831,776718,10043,425441,14786,351275,2,2,7266,250834,17477,262865,7285,513699,California
Orange,2021-02-28,18886,795604,7280,432721,11606,362881,0,2,4817,241687,13986,276851,4839,518538,California
Orange,2021-03-01,18129,813733,8284,441005,9843,372724,2,4,6997,237643,11076,287927,7032,525570,California
Orange,2021-03-02,14489,828222,7082,448087,7406,380130,1,5,8516,240251,5943,293870,8551,534121,California
Orange,2021-03-03,18661,846883,8824,456911,9836,389966,1,6,9599,240872,9000,302870,9621,543742,California
Orange,2021-03-04,19698,866581,11872,468783,7814,397780,12,18,10227,241695,9441,312311,10264,554006,California
Orange,2021-03-05,17608,884189,9468,478251,8096,405876,44,62,10829,245869,6755,319066,10929,564935,California
Orange,2021-03-06,18220,902409,10205,488456,7198,413074,817,879,9579,247678,8615,327681,10424,575359,California
Orange,2021-03-07,14092,916501,8064,496520,5660,418734,368,1247,8224,250457,5836,333517,8615,583974,California
Orange,2021-03-08,15563,932064,7178,503698,7214,425948,1171,2418,10063,256250,5470,338987,11263,595237,California
Orange,2021-03-09,19382,951446,8373,512071,8615,434563,2394,4812,11140,261595,8201,347188,13546,608783,California
Orange,2021-03-10,21255,972701,10510,522581,7791,442354,2954,7766,10715,264771,10499,357687,13675,622458,California
Orange,2021-03-11,27228,999929,14586,537167,8817,451171,3825,11591,12441,266449,14718,372405,16396,638854,California
Orange,2021-03-12,25019,1024948,12116,549283,9658,460829,3245,14836,12422,269592,12546,384951,15689,654543,California
Orange,2021-03-13,19515,1044463,7283,556566,9533,470362,2699,17535,9650,272123,9838,394789,12369,666912,California
Orange,2021-03-14,16338,1060801,7303,563869,6591,476953,2444,19979,10394,279063,5915,400704,12855,679767,California
Orange,2021-03-15,22655,1083456,9778,573647,12102,489055,775,20754,14305,285847,8311,409015,15095,694862,California
Orange,2021-03-16,26079,1109535,10892,584539,14931,503986,256,21010,16921,293951,9094,418109,17198,712060,California
Orange,2021-03-17,26515,1136050,13201,597740,12831,516817,483,21493,18885,305755,7582,425691,19386,731446,California
Orange,2021-03-18,22055,1158105,10926,608666,10973,527790,156,21649,17112,318140,4897,430588,17282,748728,California
Orange,2021-03-19,28229,1186334,15418,624084,12458,540248,353,22002,21006,332380,7143,437731,21383,770111,California
Orange,2021-03-20,20806,1207140,11046,635130,9597,549845,163,22165,18016,347822,2746,440477,18188,788299,California
Orange,2021-03-21,18095,1225235,10469,645599,6898,556743,728,22893,15412,361307,2662,443139,16147,804446,California
Orange,2021-03-22,22380,1247615,11562,657161,10504,567247,314,23207,18973,377263,3350,446489,19306,823752,California
Orange,2021-03-23,25622,1273237,13306,670467,11683,578930,633,23840,20611,393574,4948,451437,21259,845011,California
Orange,2021-03-24,28694,1301931,16020,686487,11807,590737,867,24707,21998,409821,6635,458072,22882,867893,California
Orange,2021-03-25,31333,1333264,16515,703002,14170,604907,648,25355,24054,427346,7218,465290,24743,892636,California
Orange,2021-03-26,34158,1367422,17673,720675,15645,620552,840,26195,24809,443873,9268,474558,25795,918431,California
Orange,2021-03-27,27924,1395346,13397,734072,14207,634759,320,26515,20058,456515,7801,482359,20443,938874,California
Orange,2021-03-28,24369,1419715,12648,746720,11654,646413,67,26582,18422,469137,5903,488262,18525,957399,California
Orange,2021-03-29,26104,1445819,11894,758614,13680,660093,530,27112,17840,479396,8203,496465,18462,975861,California
Orange,2021-03-30,29907,1475726,13670,772284,15901,675994,336,27448,21486,492958,8375,504840,21937,997798,California
Orange,2021-03-31,36130,1511856,18829,791113,16744,692738,557,28005,24371,506684,11697,516537,25423,1023221,California
Orange,2021-04-01,38119,1549975,19934,811047,16770,709508,1415,29420,25736,522236,12327,528864,27879,1051100,California
Orange,2021-04-02,37908,1587883,18839,829886,17499,727007,1570,30990,22726,532829,15113,543977,25706,1076806,California
Orange,2021-04-03,28856,1616739,14970,844856,12397,739404,1489,32479,15664,539039,13142,557119,19352,1096158,California
Orange,2021-04-04,17318,1634057,10485,855341,6239,745643,594,33073,8005,538690,9287,566406,8938,1105096,California
Orange,2021-04-05,26064,1660121,11499,866840,11822,757465,2743,35816,12294,540386,13731,580137,15427,1120523,California
Orange,2021-04-06,17650,1677771,6610,873450,9611,767076,1429,37245,6520,537383,11081,591218,8078,1128601,California
Placer,2020-12-15,29,29,29,29,0,0,0,0,29,29,0,0,29,29,California
Placer,2020-12-16,52,81,52,81,0,0,0,0,52,81,0,0,52,81,California
Placer,2020-12-17,141,222,141,222,0,0,0,0,141,222,0,0,141,222,California
Placer,2020-12-18,331,553,331,553,0,0,0,0,331,553,0,0,331,553,California
Placer,2020-12-19,248,801,248,801,0,0,0,0,248,801,0,0,248,801,California
Placer,2020-12-20,233,1034,233,1034,0,0,0,0,233,1034,0,0,233,1034,California
Placer,2020-12-21,495,1529,494,1528,1,1,0,0,495,1529,0,0,495,1529,California
Placer,2020-12-22,676,2205,670,2198,6,7,0,0,676,2205,0,0,676,2205,California
Placer,2020-12-23,741,2946,656,2854,85,92,0,0,741,2946,0,0,741,2946,California
Placer,2020-12-24,396,3342,345,3199,51,143,0,0,396,3342,0,0,396,3342,California
Placer,2020-12-26,159,3501,114,3313,45,188,0,0,159,3501,0,0,159,3501,California
Placer,2020-12-27,187,3688,163,3476,24,212,0,0,187,3688,0,0,187,3688,California
Placer,2020-12-28,666,4354,539,4015,127,339,0,0,666,4354,0,0,666,4354,California
Placer,2020-12-29,763,5117,514,4529,249,588,0,0,763,5117,0,0,763,5117,California
Placer,2020-12-30,727,5844,450,4979,277,865,0,0,725,5842,0,0,725,5842,California
Placer,2020-12-31,530,6374,344,5323,186,1051,0,0,530,6372,0,0,530,6372,California
Placer,2021-01-01,14,6388,10,5333,4,1055,0,0,14,6386,0,0,14,6386,California
Placer,2021-01-02,184,6572,152,5485,32,1087,0,0,184,6570,0,0,184,6570,California
Placer,2021-01-03,154,6726,79,5564,75,1162,0,0,154,6724,0,0,154,6724,California
Placer,2021-01-04,615,7341,176,5740,439,1601,0,0,615,7339,0,0,615,7339,California
Placer,2021-01-05,719,8060,156,5896,563,2164,0,0,637,7895,81,81,637,7976,California
Placer,2021-01-06,754,8814,242,6138,512,2676,0,0,614,8369,140,221,614,8590,California
Placer,2021-01-07,980,9794,364,6502,616,3292,0,0,777,8945,203,424,779,9369,California
Placer,2021-01-08,1182,10976,526,7028,656,3948,0,0,855,9476,324,748,855,10224,California
Placer,2021-01-09,446,11422,318,7346,128,4076,0,0,231,9493,214,962,231,10455,California
Placer,2021-01-10,326,11748,184,7530,142,4218,0,0,162,9491,164,1126,162,10617,California
Placer,2021-01-11,1424,13172,808,8338,616,4834,0,0,834,9736,590,1716,835,11452,California
Placer,2021-01-12,1642,14814,870,9208,772,5606,0,0,1037,10169,605,2321,1038,12490,California
Placer,2021-01-13,1626,16440,818,10026,808,6414,0,0,1210,10968,414,2735,1213,13703,California
Placer,2021-01-14,1735,18175,650,10676,1085,7499,0,0,1379,11995,353,3088,1380,15083,California
Placer,2021-01-15,1906,20081,721,11397,1185,8684,0,0,1553,13200,352,3440,1557,16640,California
Placer,2021-01-16,1473,21554,723,12120,750,9434,0,0,1351,14430,122,3562,1352,17992,California
Placer,2021-01-17,561,22115,395,12515,166,9600,0,0,429,14727,132,3694,429,18421,California
Placer,2021-01-18,977,23092,540,13055,437,10037,0,0,748,15247,229,3923,749,19170,California
Placer,2021-01-19,2556,25648,1949,15004,607,10644,0,0,2106,16904,450,4373,2107,21277,California
Placer,2021-01-20,2242,27890,1691,16695,551,11195,0,0,1914,18491,328,4701,1915,23192,California
Placer,2021-01-21,2527,30417,1112,17807,1415,12610,0,0,2132,20230,394,5095,2133,25325,California
Placer,2021-01-22,2273,32690,590,18397,1683,14293,0,0,2097,22156,174,5269,2100,27425,California
Placer,2021-01-23,1187,33877,379,18776,808,15101,0,0,1032,23033,155,5424,1032,28457,California
Placer,2021-01-24,507,34384,266,19042,241,15342,0,0,432,23391,75,5499,433,28890,California
Placer,2021-01-25,1647,36031,797,19839,850,16192,0,0,1366,24477,281,5780,1367,30257,California
Placer,2021-01-26,1829,37860,1025,20864,804,16996,0,0,1564,25776,265,6045,1564,31821,California
Placer,2021-01-27,1815,39675,1158,22022,657,17653,0,0,1574,27111,239,6284,1574,33395,California
Placer,2021-01-28,1777,41452,1108,23130,669,18322,0,0,1535,28404,242,6526,1535,34930,California
Placer,2021-01-29,1841,43293,1156,24286,685,19007,0,0,1653,29872,187,6713,1655,36585,California
Placer,2021-01-30,1719,45012,968,25254,751,19758,0,0,1602,31358,116,6829,1602,38187,California
Placer,2021-01-31,780,45792,623,25877,157,19915,0,0,709,31998,70,6899,710,38897,California
Placer,2021-02-01,2066,47858,1089,26966,977,20892,0,0,1751,33436,313,7212,1751,40648,California
Placer,2021-02-02,2364,50222,1542,28508,822,21714,0,0,1884,34842,478,7690,1884,42532,California
Placer,2021-02-03,2901,53123,1870,30378,1031,22745,0,0,2287,36519,610,8300,2287,44819,California
Placer,2021-02-04,2750,55873,1176,31554,1574,24319,0,0,1930,37632,818,9118,1931,46750,California
Placer,2021-02-05,2720,58593,1204,32758,1516,25835,0,0,1391,37700,1323,10441,1391,48141,California
Placer,2021-02-06,1928,60521,1293,34051,635,26470,0,0,1382,38536,546,10987,1382,49523,California
Placer,2021-02-07,1218,61739,909,34960,309,26779,0,0,940,39200,277,11264,941,50464,California
Placer,2021-02-08,3297,65036,1764,36724,1533,28312,0,0,1975,39861,1314,12578,1975,52439,California
Placer,2021-02-09,3529,68565,2164,38888,1365,29677,0,0,1622,39577,1906,14484,1622,54061,California
Placer,2021-02-10,3734,72299,2184,41072,1550,31227,0,0,1744,39336,1987,16471,1746,55807,California
Placer,2021-02-11,3612,75911,1890,42962,1722,32949,0,0,1576,38885,2028,18499,1577,57384,California
Placer,2021-02-12,2753,78664,1314,44276,1439,34388,0,0,1664,39476,1073,19572,1664,59048,California
Placer,2021-02-13,2536,81200,1496,45772,1040,35428,0,0,1883,40706,653,20225,1883,60931,California
Placer,2021-02-14,1072,82272,679,46451,393,35821,0,0,731,41099,338,20563,731,61662,California
Placer,2021-02-15,2156,84428,1036,47487,1120,36941,0,0,1503,41950,653,21216,1504,63166,California
Placer,2021-02-16,3522,87950,1789,49276,1733,38674,0,0,1583,41607,1928,23144,1585,64751,California
Placer,2021-02-17,3456,91406,1959,51235,1497,40171,0,0,1458,41071,1994,25138,1458,66209,California
Placer,2021-02-18,3598,95004,1952,53187,1646,41817,0,0,1504,40490,2085,27223,1504,67713,California
Placer,2021-02-19,3526,98530,1893,55080,1633,43450,0,0,1310,39588,2213,29436,1311,69024,California
Placer,2021-02-20,1945,100475,1212,56292,733,44183,0,0,861,39373,1079,30515,864,69888,California
Placer,2021-02-21,950,101425,726,57018,224,44407,0,0,261,38949,686,31201,262,70150,California
Placer,2021-02-22,2478,103903,1752,58770,726,45133,0,0,588,37649,1888,33089,588,70738,California
Placer,2021-02-23,2497,106400,1552,60322,945,46078,0,0,868,36891,1626,34715,868,71606,California
Placer,2021-02-24,3199,109599,1152,61474,2047,48125,0,0,1752,37206,1439,36154,1754,73360,California
Placer,2021-02-25,3396,112995,1388,62862,2008,50133,0,0,1783,37387,1607,37761,1788,75148,California
Placer,2021-02-26,4014,117009,2370,65232,1644,51777,0,0,2316,38011,1693,39454,2317,77465,California
Placer,2021-02-27,2784,119793,1467,66699,1316,53093,1,1,1441,38117,1337,40791,1443,78908,California
Placer,2021-02-28,1381,121174,793,67492,588,53681,0,1,573,37888,802,41593,573,79481,California
Placer,2021-03-01,2943,124117,1976,69468,967,54648,0,1,1501,37953,1437,43030,1502,80983,California
Placer,2021-03-02,2798,126915,1754,71222,1044,55692,0,1,1839,38843,953,43983,1843,82826,California
Placer,2021-03-03,2976,129891,1291,72513,1685,57377,0,1,1576,39024,1395,45378,1576,84402,California
Placer,2021-03-04,3164,133055,1202,73715,1962,59339,0,1,1621,39113,1532,46910,1621,86023,California
Placer,2021-03-05,2573,135628,803,74518,1749,61088,21,22,1493,39551,1077,47987,1515,87538,California
Placer,2021-03-06,2225,137853,1394,75912,760,61848,71,93,793,38990,1427,49414,866,88404,California
Placer,2021-03-07,1261,139114,746,76658,481,62329,34,127,503,38772,755,50169,537,88941,California
Placer,2021-03-08,2704,141818,1720,78378,881,63210,103,230,1497,39168,1205,51374,1601,90542,California
Placer,2021-03-09,3006,144824,1605,79983,1307,64517,94,324,1678,39616,1325,52699,1773,92315,California
Placer,2021-03-10,3008,147832,1222,81205,1705,66222,81,405,1498,39689,1505,54204,1578,93893,California
Placer,2021-03-11,3289,151121,1465,82670,1706,67928,118,523,1516,39559,1767,55971,1637,95530,California
Placer,2021-03-12,3258,154379,1373,84043,1175,69103,710,1233,1054,39125,2200,58171,1766,97296,California
Placer,2021-03-13,1887,156266,701,84744,1076,70179,110,1343,1053,39458,831,59002,1164,98460,California
Placer,2021-03-14,1475,157741,661,85405,684,70863,130,1473,838,39790,635,59637,967,99427,California
Placer,2021-03-15,3024,160765,1455,86860,1441,72304,128,1601,1632,40169,1383,61020,1762,101189,California
Placer,2021-03-16,3407,164172,1808,88668,1462,73766,137,1738,2152,41213,1245,62265,2289,103478,California
Placer,2021-03-17,3183,167355,1604,90272,1486,75252,93,1831,2025,42180,1153,63418,2120,105598,California
Placer,2021-03-18,3046,170401,1677,91949,1334,76586,35,1866,2182,43536,861,64279,2217,107815,California
Placer,2021-03-19,2777,173178,1694,93643,862,77448,221,2087,1709,44404,1062,65341,1930,109745,California
Placer,2021-03-20,1444,174622,642,94285,746,78194,56,2143,858,44735,584,65925,915,110660,California
Placer,2021-03-21,1206,175828,576,94861,623,78817,7,2150,917,45372,287,66212,924,111584,California
Placer,2021-03-22,3127,178955,1994,96855,1033,79850,100,2250,2060,46475,1063,67275,2166,113750,California
Placer,2021-03-23,3339,182294,1972,98827,1280,81130,87,2337,2364,47956,970,68245,2451,116201,California
Placer,2021-03-24,3615,185909,1923,100750,1594,82724,98,2435,1856,48204,1746,69991,1994,118195,California
Placer,2021-03-25,3661,189570,1750,102500,1819,84543,92,2527,1655,48033,1995,71986,1824,120019,California
Placer,2021-03-26,3641,193211,1626,104126,1795,86338,220,2747,1546,47840,2086,74072,1893,121912,California
Placer,2021-03-27,1579,194790,466,104592,1092,87430,21,2768,666,47640,909,74981,709,122621,California
Placer,2021-03-28,1050,195840,490,105082,549,87979,11,2779,361,47326,686,75667,372,122993,California
Placer,2021-03-29,3315,199155,1840,106922,1443,89422,32,2811,1587,47243,1714,77381,1631,124624,California
Placer,2021-03-30,3763,202918,1965,108887,1752,91174,46,2857,1968,47493,1783,79164,2033,126657,California
Placer,2021-03-31,3883,206801,1753,110640,2055,93229,75,2932,1638,47094,2240,81404,1841,128498,California
Placer,2021-04-01,2742,209543,1303,111943,1390,94619,49,2981,1512,47554,1227,82631,1687,130185,California
Placer,2021-04-02,2684,212227,1403,113346,1218,95837,63,3044,1522,48108,1157,83788,1711,131896,California
Placer,2021-04-03,1735,213962,873,114219,726,96563,136,3180,806,48162,920,84708,974,132870,California
Placer,2021-04-04,643,214605,307,114526,281,96844,55,3235,238,48059,402,85110,299,133169,California
Placer,2021-04-05,2508,217113,1568,116094,822,97666,118,3353,1460,48621,1043,86153,1605,134774,California
Placer,2021-04-06,2986,220099,1821,117915,1024,98690,141,3494,960,47712,2021,88174,1112,135886,California
Plumas,2020-12-18,4,4,4,4,0,0,0,0,4,4,0,0,4,4,California
Plumas,2020-12-19,1,5,1,5,0,0,0,0,1,5,0,0,1,5,California
Plumas,2020-12-21,45,50,45,50,0,0,0,0,45,50,0,0,45,50,California
Plumas,2020-12-22,92,142,92,142,0,0,0,0,92,142,0,0,92,142,California
Plumas,2020-12-23,50,192,50,192,0,0,0,0,50,192,0,0,50,192,California
Plumas,2020-12-24,6,198,6,198,0,0,0,0,6,198,0,0,6,198,California
Plumas,2020-12-28,8,206,0,198,8,8,0,0,8,206,0,0,8,206,California
Plumas,2020-12-29,32,238,22,220,10,18,0,0,32,238,0,0,32,238,California
Plumas,2020-12-30,22,260,1,221,21,39,0,0,22,260,0,0,22,260,California
Plumas,2020-12-31,4,264,1,222,3,42,0,0,4,264,0,0,4,264,California
Plumas,2021-01-04,9,273,3,225,6,48,0,0,9,273,0,0,9,273,California
Plumas,2021-01-05,23,296,2,227,21,69,0,0,22,295,0,0,22,295,California
Plumas,2021-01-06,125,421,6,233,119,188,0,0,125,420,0,0,125,420,California
Plumas,2021-01-07,55,476,2,235,53,241,0,0,54,473,1,1,54,474,California
Plumas,2021-01-08,12,488,5,240,7,248,0,0,8,477,4,5,8,482,California
Plumas,2021-01-09,2,490,2,242,0,248,0,0,1,477,1,6,1,483,California
Plumas,2021-01-11,59,549,50,292,9,257,0,0,12,442,47,53,12,495,California
Plumas,2021-01-12,154,703,86,378,68,325,0,0,70,428,84,137,70,565,California
Plumas,2021-01-13,55,758,50,428,5,330,0,0,9,391,46,183,9,574,California
Plumas,2021-01-14,96,854,14,442,82,412,0,0,91,477,5,188,91,665,California
Plumas,2021-01-15,62,916,7,449,55,467,0,0,60,535,2,190,60,725,California
Plumas,2021-01-16,58,974,1,450,57,524,0,0,58,593,0,190,58,783,California
Plumas,2021-01-18,3,977,2,452,1,525,0,0,3,596,0,190,3,786,California
Plumas,2021-01-19,37,1014,6,458,31,556,0,0,33,625,4,194,33,819,California
Plumas,2021-01-20,121,1135,3,461,118,674,0,0,119,742,2,196,119,938,California
Plumas,2021-01-21,112,1247,2,463,110,784,0,0,112,854,0,196,112,1050,California
Plumas,2021-01-22,3,1250,0,463,3,787,0,0,3,857,0,196,3,1053,California
Plumas,2021-01-23,92,1342,1,464,91,878,0,0,92,949,0,196,92,1145,California
Plumas,2021-01-24,1,1343,1,465,0,878,0,0,1,950,0,196,1,1146,California
Plumas,2021-01-25,8,1351,5,470,3,881,0,0,5,952,3,199,5,1151,California
Plumas,2021-01-26,60,1411,2,472,58,939,0,0,52,996,8,207,52,1203,California
Plumas,2021-01-27,25,1436,20,492,5,944,0,0,5,981,20,227,5,1208,California
Plumas,2021-01-28,23,1459,0,492,23,967,0,0,21,1000,2,229,21,1229,California
Plumas,2021-01-29,7,1466,2,494,5,972,0,0,6,1005,1,230,6,1235,California
Plumas,2021-01-30,7,1473,4,498,3,975,0,0,6,1010,1,231,6,1241,California
Plumas,2021-01-31,3,1476,3,501,0,975,0,0,3,1013,0,231,3,1244,California
Plumas,2021-02-01,15,1491,2,503,13,988,0,0,7,1012,8,239,7,1251,California
Plumas,2021-02-02,20,1511,1,504,19,1007,0,0,1,994,19,258,1,1252,California
Plumas,2021-02-03,126,1637,5,509,121,1128,0,0,12,893,113,371,12,1264,California
Plumas,2021-02-04,102,1739,8,517,94,1222,0,0,23,837,79,450,23,1287,California
Plumas,2021-02-05,25,1764,11,528,14,1236,0,0,9,830,16,466,9,1296,California
Plumas,2021-02-06,8,1772,1,529,7,1243,0,0,8,838,0,466,8,1304,California
Plumas,2021-02-08,17,1789,9,538,8,1251,0,0,4,829,13,479,4,1308,California
Plumas,2021-02-09,170,1959,1,539,169,1420,0,0,111,881,59,538,111,1419,California
Plumas,2021-02-10,91,2050,8,547,83,1503,0,0,83,956,8,546,83,1502,California
Plumas,2021-02-11,321,2371,6,553,315,1818,0,0,262,1159,59,605,262,1764,California
Plumas,2021-02-12,121,2492,3,556,118,1936,0,0,117,1272,4,609,117,1881,California
Plumas,2021-02-13,72,2564,3,559,69,2005,0,0,13,1226,59,668,13,1894,California
Plumas,2021-02-14,7,2571,4,563,3,2008,0,0,7,1233,0,668,7,1901,California
Plumas,2021-02-15,25,2596,3,566,22,2030,0,0,24,1256,1,669,24,1925,California
Plumas,2021-02-16,74,2670,4,570,70,2100,0,0,13,1208,61,730,13,1938,California
Plumas,2021-02-17,136,2806,5,575,131,2231,0,0,11,1094,125,855,11,1949,California
Plumas,2021-02-18,126,2932,6,581,120,2351,0,0,18,1004,108,963,18,1967,California
Plumas,2021-02-19,39,2971,3,584,36,2387,0,0,5,975,34,997,5,1972,California
Plumas,2021-02-20,103,3074,6,590,97,2484,0,0,11,894,92,1089,11,1983,California
Plumas,2021-02-21,6,3080,5,595,1,2485,0,0,2,892,4,1093,2,1985,California
Plumas,2021-02-22,3,3083,1,596,2,2487,0,0,0,889,3,1096,0,1985,California
Plumas,2021-02-23,20,3103,3,599,17,2504,0,0,13,895,7,1103,13,1998,California
Plumas,2021-02-24,453,3556,5,604,448,2952,0,0,443,1328,10,1113,443,2441,California
Plumas,2021-02-25,226,3782,7,611,219,3171,0,0,166,1434,60,1173,166,2607,California
Plumas,2021-02-26,259,4041,5,616,254,3425,0,0,255,1685,4,1177,255,2862,California
Plumas,2021-02-27,42,4083,6,622,36,3461,0,0,34,1711,8,1185,34,2896,California
Plumas,2021-02-28,1,4084,0,622,1,3462,0,0,1,1712,0,1185,1,2897,California
Plumas,2021-03-01,11,4095,4,626,7,3469,0,0,7,1715,4,1189,7,2904,California
Plumas,2021-03-02,9,4104,0,626,9,3478,0,0,6,1718,3,1192,6,2910,California
Plumas,2021-03-03,137,4241,8,634,129,3607,0,0,124,1829,13,1205,124,3034,California
Plumas,2021-03-04,219,4460,8,642,211,3818,0,0,199,2008,20,1225,199,3233,California
Plumas,2021-03-05,377,4837,5,647,366,4184,6,6,367,2371,10,1235,373,3606,California
Plumas,2021-03-06,16,4853,1,648,7,4191,8,14,3,2369,13,1248,11,3617,California
Plumas,2021-03-07,10,4863,1,649,1,4192,8,22,1,2369,9,1257,9,3626,California
Plumas,2021-03-08,33,4896,6,655,3,4195,24,46,6,2372,27,1284,30,3656,California
Plumas,2021-03-09,130,5026,2,657,115,4310,13,59,17,2289,113,1397,30,3686,California
Plumas,2021-03-10,199,5225,2,659,195,4505,2,61,75,2242,124,1521,77,3763,California
Plumas,2021-03-11,157,5382,5,664,147,4652,5,66,122,2334,35,1556,127,3890,California
Plumas,2021-03-12,526,5908,3,667,276,4928,247,313,17,2089,509,2065,264,4154,California
Plumas,2021-03-13,21,5929,5,672,4,4932,12,325,3,2087,18,2083,16,4170,California
Plumas,2021-03-14,11,5940,2,674,4,4936,5,330,2,2085,9,2092,7,4177,California
Plumas,2021-03-15,30,5970,1,675,23,4959,6,336,5,2071,25,2117,11,4188,California
Plumas,2021-03-16,28,5998,3,678,24,4983,1,337,18,2080,10,2127,19,4207,California
Plumas,2021-03-17,80,6078,13,691,66,5049,1,338,67,2135,13,2140,68,4275,California
Plumas,2021-03-18,50,6128,5,696,30,5079,15,353,7,2114,43,2183,22,4297,California
Plumas,2021-03-19,126,6254,1,697,124,5203,1,354,120,2231,5,2188,122,4419,California
Plumas,2021-03-20,16,6270,4,701,11,5214,1,355,10,2236,6,2194,11,4430,California
Plumas,2021-03-21,2,6272,2,703,0,5214,0,355,2,2238,0,2194,2,4432,California
Plumas,2021-03-22,160,6432,4,707,156,5370,0,355,153,2384,7,2201,153,4585,California
Plumas,2021-03-23,25,6457,1,708,24,5394,0,355,13,2385,12,2213,13,4598,California
Plumas,2021-03-24,608,7065,7,715,600,5994,1,356,181,2140,427,2640,182,4780,California
Plumas,2021-03-25,187,7252,6,721,179,6173,2,358,48,2049,139,2779,48,4828,California
Plumas,2021-03-26,313,7565,9,730,303,6476,1,359,47,1832,266,3045,49,4877,California
Plumas,2021-03-27,12,7577,1,731,10,6486,1,360,4,1829,8,3053,5,4882,California
Plumas,2021-03-28,3,7580,1,732,1,6487,1,361,1,1829,2,3055,2,4884,California
Plumas,2021-03-29,16,7596,5,737,9,6496,2,363,4,1823,12,3067,6,4890,California
Plumas,2021-03-30,148,7744,4,741,143,6639,1,364,23,1731,125,3192,33,4923,California
Plumas,2021-03-31,277,8021,5,746,271,6910,1,365,257,1969,20,3212,258,5181,California
Plumas,2021-04-01,284,8305,9,755,275,7185,0,365,57,1825,227,3439,83,5264,California
Plumas,2021-04-02,334,8639,5,760,328,7513,1,366,27,1563,299,3738,37,5301,California
Plumas,2021-04-03,18,8657,2,762,8,7521,8,374,5,1563,13,3751,13,5314,California
Plumas,2021-04-04,2,8659,1,763,0,7521,1,375,0,1562,2,3753,1,5315,California
Plumas,2021-04-05,10,8669,0,763,10,7531,0,375,4,1560,6,3759,4,5319,California
Plumas,2021-04-06,64,8733,6,769,55,7586,3,378,11,1528,53,3812,21,5340,California
Riverside,2020-12-15,4,4,4,4,0,0,0,0,4,4,0,0,4,4,California
Riverside,2020-12-16,65,69,65,69,0,0,0,0,65,69,0,0,65,69,California
Riverside,2020-12-17,804,873,804,873,0,0,0,0,804,873,0,0,804,873,California
Riverside,2020-12-18,1723,2596,1721,2594,2,2,0,0,1723,2596,0,0,1723,2596,California
Riverside,2020-12-19,1021,3617,1019,3613,2,4,0,0,1019,3614,1,1,1019,3615,California
Riverside,2020-12-20,1082,4699,1081,4694,1,5,0,0,1082,4696,0,1,1082,4697,California
Riverside,2020-12-21,2271,6970,2269,6963,2,7,0,0,2271,6967,0,1,2271,6968,California
Riverside,2020-12-22,2245,9215,2206,9169,39,46,0,0,2244,9211,0,1,2244,9212,California
Riverside,2020-12-23,2119,11334,1783,10952,336,382,0,0,2120,11331,0,1,2120,11332,California
Riverside,2020-12-24,827,12161,624,11576,203,585,0,0,827,12158,0,1,827,12159,California
Riverside,2020-12-25,28,12189,5,11581,23,608,0,0,28,12186,0,1,28,12187,California
Riverside,2020-12-26,402,12591,258,11839,144,752,0,0,402,12588,0,1,402,12589,California
Riverside,2020-12-27,362,12953,244,12083,118,870,0,0,362,12950,0,1,362,12951,California
Riverside,2020-12-28,1622,14575,1125,13208,497,1367,0,0,1622,14572,0,1,1622,14573,California
Riverside,2020-12-29,1735,16310,970,14178,765,2132,0,0,1735,16307,0,1,1735,16308,California
Riverside,2020-12-30,2566,18876,1680,15858,886,3018,0,0,2565,18872,0,1,2565,18873,California
Riverside,2020-12-31,1019,19895,395,16253,624,3642,0,0,1021,19893,0,1,1021,19894,California
Riverside,2021-01-01,101,19996,36,16289,65,3707,0,0,101,19994,0,1,101,19995,California
Riverside,2021-01-02,828,20824,690,16979,138,3845,0,0,828,20822,0,1,828,20823,California
Riverside,2021-01-03,344,21168,298,17277,46,3891,0,0,343,21165,0,1,343,21166,California
Riverside,2021-01-04,1254,22422,793,18070,461,4352,0,0,1254,22419,0,1,1254,22420,California
Riverside,2021-01-05,1980,24402,1361,19431,619,4971,0,0,1883,24211,91,92,1883,24303,California
Riverside,2021-01-06,2460,26862,1096,20527,1364,6335,0,0,2154,26064,302,394,2155,26458,California
Riverside,2021-01-07,2753,29615,1810,22337,943,7278,0,0,1693,26707,1056,1450,1699,28157,California
Riverside,2021-01-08,4022,33637,2926,25263,1096,8374,0,0,2220,27130,1798,3248,2221,30378,California
Riverside,2021-01-09,2076,35713,847,26110,1229,9603,0,0,1731,28518,343,3591,1731,32109,California
Riverside,2021-01-10,1660,37373,732,26842,928,10531,0,0,1057,28972,603,4194,1057,33166,California
Riverside,2021-01-11,4495,41868,3091,29933,1404,11935,0,0,2768,30017,1725,5919,2770,35936,California
Riverside,2021-01-12,3390,45258,2717,32650,673,12608,0,0,1707,30047,1678,7597,1708,37644,California
Riverside,2021-01-13,4379,49637,2868,35518,1511,14119,0,0,2781,31233,1595,9192,2781,40425,California
Riverside,2021-01-14,5437,55074,1859,37377,3578,17697,0,0,4853,35502,584,9776,4853,45278,California
Riverside,2021-01-15,6126,61200,2092,39469,4034,21731,0,0,5837,41052,288,10064,5838,51116,California
Riverside,2021-01-16,3619,64819,1015,40484,2604,24335,0,0,3373,44180,246,10310,3374,54490,California
Riverside,2021-01-17,3602,68421,579,41063,3023,27358,0,0,3407,47393,194,10504,3407,57897,California
Riverside,2021-01-18,3702,72123,2004,43067,1698,29056,0,0,2698,49087,1004,11508,2698,60595,California
Riverside,2021-01-19,7390,79513,2633,45700,4757,33813,0,0,6274,54248,1116,12624,6277,66872,California
Riverside,2021-01-20,7951,87464,2863,48563,5088,38901,0,0,6473,59255,1469,14093,6476,73348,California
Riverside,2021-01-21,8205,95669,3363,51926,4842,43743,0,0,7590,66228,617,14710,7590,80938,California
Riverside,2021-01-22,8688,104357,2964,54890,5724,49467,0,0,8258,74058,429,15139,8259,89197,California
Riverside,2021-01-23,5927,110284,2394,57284,3533,53000,0,0,5201,78534,726,15865,5202,94399,California
Riverside,2021-01-24,3039,113323,1431,58715,1608,54608,0,0,2828,81154,209,16074,2829,97228,California
Riverside,2021-01-25,7857,121180,4534,63249,3323,57931,0,0,6734,86774,1121,17195,6741,103969,California
Riverside,2021-01-26,9087,130267,5721,68970,3366,61297,0,0,7580,92855,1505,18700,7586,111555,California
Riverside,2021-01-27,10506,140773,6183,75153,4323,65620,0,0,9003,100360,1500,20200,9005,120560,California
Riverside,2021-01-28,11386,152159,6709,81862,4677,70297,0,0,10235,109454,1143,21343,10237,130797,California
Riverside,2021-01-29,11837,163996,7227,89089,4610,74907,0,0,10471,118591,1339,22682,10476,141273,California
Riverside,2021-01-30,9034,173030,4600,93689,4434,79341,0,0,8586,126733,446,23128,8588,149861,California
Riverside,2021-01-31,5168,178198,4263,97952,905,80246,0,0,5040,131651,125,23253,5043,154904,California
Riverside,2021-02-01,10822,189020,6688,104640,4134,84380,0,0,9053,138944,1764,25017,9057,163961,California
Riverside,2021-02-02,9400,198420,4778,109418,4622,89002,0,0,7926,145406,1467,26484,7929,171890,California
Riverside,2021-02-03,12024,210444,4989,114407,7035,96037,0,0,9798,152989,2215,28699,9798,181688,California
Riverside,2021-02-04,13554,223998,6070,120477,7484,103521,0,0,11468,162387,2079,30778,11477,193165,California
Riverside,2021-02-05,14318,238316,5400,125877,8918,112439,0,0,11289,170662,3021,33799,11296,204461,California
Riverside,2021-02-06,7259,245575,4283,130160,2976,115415,0,0,5631,174674,1622,35421,5634,210095,California
Riverside,2021-02-07,2205,247780,812,130972,1393,116808,0,0,1894,176258,311,35732,1895,211990,California
Riverside,2021-02-08,12468,260248,5536,136508,6932,123740,0,0,10193,184198,2257,37989,10197,222187,California
Riverside,2021-02-09,9654,269902,4518,141026,5136,128876,0,0,7746,190051,1899,39888,7752,229939,California
Riverside,2021-02-10,12033,281935,7000,148026,5033,133909,0,0,8934,195903,3090,42978,8942,238881,California
Riverside,2021-02-11,16498,298433,9026,157052,7472,141381,0,0,12149,203737,4328,47306,12162,251043,California
Riverside,2021-02-12,17651,316084,10820,167872,6831,148212,0,0,12815,211766,4798,52104,12827,263870,California
Riverside,2021-02-13,6318,322402,2119,169991,4199,152411,0,0,3081,211649,3221,55325,3104,266974,California
Riverside,2021-02-14,4948,327350,1147,171138,3801,156212,0,0,2194,211094,2750,58075,2195,269169,California
Riverside,2021-02-15,9797,337147,4987,176125,4810,161022,0,0,5403,212117,4387,62462,5410,274579,California
Riverside,2021-02-16,16152,353299,10163,186288,5989,167011,0,0,9301,214592,6843,69305,9318,283897,California
Riverside,2021-02-17,14972,368271,8182,194470,6790,173801,0,0,7550,214739,7410,76715,7557,291454,California
Riverside,2021-02-18,15406,383677,8880,203350,6526,180327,0,0,7999,215360,7389,84104,8010,299464,California
Riverside,2021-02-19,15203,398880,8178,211528,7025,187352,0,0,7185,214560,7999,92103,7199,306663,California
Riverside,2021-02-20,7922,406802,4131,215659,3791,191143,0,0,2056,210767,5852,97955,2059,308722,California
Riverside,2021-02-21,3323,410125,2819,218478,504,191647,0,0,1030,209514,2283,100238,1030,309752,California
Riverside,2021-02-22,12203,422328,7620,226098,4583,196230,0,0,5046,207418,7147,107385,5051,314803,California
Riverside,2021-02-23,11066,433394,7554,233652,3512,199742,0,0,5433,207248,5610,112995,5440,320243,California
Riverside,2021-02-24,14713,448107,8046,241698,6667,206409,0,0,6407,205423,8266,121261,6441,326684,California
Riverside,2021-02-25,17089,465196,7291,248989,9798,216207,0,0,7956,204302,9113,130374,7992,334676,California
Riverside,2021-02-26,18179,483375,6682,255671,11497,227704,0,0,9071,204354,9055,139429,9107,343783,California
Riverside,2021-02-27,11276,494651,4901,260572,6375,234079,0,0,5648,204439,5596,145025,5681,349464,California
Riverside,2021-02-28,4634,499285,3007,263579,1627,235706,0,0,2419,204662,2205,147230,2428,351892,California
Riverside,2021-03-01,14144,513429,6041,269620,8102,243808,1,1,8340,207311,5777,153007,8426,360318,California
Riverside,2021-03-02,14710,528139,7225,276845,7484,251292,1,2,8717,210105,5964,158971,8758,369076,California
Riverside,2021-03-03,16131,544270,7897,284742,8234,259526,0,2,6783,207719,9303,168274,6917,375993,California
Riverside,2021-03-04,15228,559498,5607,290349,9617,269143,4,6,7385,207452,7798,176072,7531,383524,California
Riverside,2021-03-05,15002,574500,6220,296569,8748,277891,34,40,7688,208183,7269,183341,8000,391524,California
Riverside,2021-03-06,8280,582780,4202,300771,3645,281536,433,473,4306,208991,3961,187302,4769,396293,California
Riverside,2021-03-07,3930,586710,2638,303409,920,282456,372,845,1865,209182,2057,189359,2248,398541,California
Riverside,2021-03-08,9837,596547,4468,307877,5004,287460,365,1210,4117,207998,5705,195064,4521,403062,California
Riverside,2021-03-09,12586,609133,5915,313792,6223,293683,448,1658,5034,206058,7537,202601,5597,408659,California
Riverside,2021-03-10,12646,621779,6390,320182,5466,299149,790,2448,5009,204385,7604,210205,5931,414590,California
Riverside,2021-03-11,16138,637917,7954,328136,6722,305871,1462,3910,6291,202496,9817,220022,7928,422518,California
Riverside,2021-03-12,17517,655434,6686,334822,6827,312698,4004,7914,5760,200787,11733,231755,10024,432542,California
Riverside,2021-03-13,6758,662192,1943,336765,3740,316438,1075,8989,3590,202383,3155,234910,4751,437293,California
Riverside,2021-03-14,3661,665853,1246,338011,1171,317609,1244,10233,1621,203214,2033,236943,2864,440157,California
Riverside,2021-03-15,17939,683792,7604,345615,8723,326332,1612,11845,8628,204269,9278,246221,10333,450490,California
Riverside,2021-03-16,20251,704043,9708,355323,9706,336038,837,12682,10812,206607,9385,255606,11723,462213,California
Riverside,2021-03-17,20032,724075,10384,365707,8630,344668,1018,13700,11719,211124,8283,263889,12800,475013,California
Riverside,2021-03-18,18441,742516,9659,375366,7287,351955,1495,15195,9907,214043,8496,272385,11415,486428,California
Riverside,2021-03-19,20112,762628,10927,386293,8286,360241,899,16094,11672,218372,8399,280784,12728,499156,California
Riverside,2021-03-20,7946,770574,4879,391172,2095,362336,972,17066,4998,221417,2928,283712,5973,505129,California
Riverside,2021-03-21,3498,774072,2729,393901,535,362871,234,17300,2377,222922,1111,284823,2616,507745,California
Riverside,2021-03-22,16135,790207,9609,403510,5988,368859,538,17838,10196,227760,5902,290725,10740,518485,California
Riverside,2021-03-23,17975,808182,10117,413627,7452,376311,406,18244,11527,233334,6393,297118,11967,530452,California
Riverside,2021-03-24,18094,826276,10064,423691,7900,384211,130,18374,12478,240388,5578,302696,12632,543084,California
Riverside,2021-03-25,20467,846743,11254,434945,9030,393241,183,18557,13804,247903,6603,309299,14118,557202,California
Riverside,2021-03-26,23363,870106,11454,446399,11731,404972,178,18735,14517,253979,8763,318062,14839,572041,California
Riverside,2021-03-27,8795,878901,4496,450895,3275,408247,1024,19759,4417,255115,4360,322422,5496,577537,California
Riverside,2021-03-28,4630,883531,3024,453919,1517,409764,89,19848,2777,256169,1845,324267,2899,580436,California
Riverside,2021-03-29,15054,898585,7533,461452,7404,417168,117,19965,9611,260583,5413,329680,9827,590263,California
Riverside,2021-03-30,17551,916136,9006,470458,8339,425507,206,20171,11404,266150,6112,335792,11679,601942,California
Riverside,2021-03-31,17387,933523,8060,478518,9032,434539,295,20466,11312,271845,6031,341823,11726,613668,California
Riverside,2021-04-01,23961,957484,11634,490152,11678,446217,649,21115,15894,280654,8023,349846,16832,630500,California
Riverside,2021-04-02,24570,982054,13104,503256,10580,456797,886,22001,15624,289231,8898,358744,17475,647975,California
Riverside,2021-04-03,8716,990770,5450,508706,2743,459540,523,22524,5713,292751,2989,361733,6509,654484,California
Riverside,2021-04-04,3193,993963,1929,510635,1059,460599,205,22729,1816,293452,1367,363100,2068,656552,California
Riverside,2021-04-05,15665,1009628,7502,518137,6578,467177,1585,24314,8996,297518,6653,369753,10719,667271,California
Riverside,2021-04-06,14714,1024342,7732,525869,5924,473101,1058,25372,8832,301663,5851,375604,9996,677267,California
Sacramento,2020-12-15,314,314,314,314,0,0,0,0,314,314,0,0,314,314,California
Sacramento,2020-12-16,645,959,645,959,0,0,0,0,645,959,0,0,645,959,California
Sacramento,2020-12-17,648,1607,648,1607,0,0,0,0,648,1607,0,0,648,1607,California
Sacramento,2020-12-18,972,2579,969,2576,3,3,0,0,972,2579,0,0,972,2579,California
Sacramento,2020-12-19,616,3195,616,3192,0,3,0,0,616,3195,0,0,616,3195,California
Sacramento,2020-12-20,633,3828,633,3825,0,3,0,0,633,3828,0,0,633,3828,California
Sacramento,2020-12-21,1672,5500,1671,5496,1,4,0,0,1673,5501,0,0,1673,5501,California
Sacramento,2020-12-22,2095,7595,2064,7560,31,35,0,0,2095,7596,0,0,2095,7596,California
Sacramento,2020-12-23,2240,9835,2075,9635,165,200,0,0,2240,9836,0,0,2240,9836,California
Sacramento,2020-12-24,1045,10880,832,10467,213,413,0,0,1044,10879,1,1,1044,10880,California
Sacramento,2020-12-25,1,10881,0,10467,1,414,0,0,1,10880,0,1,1,10881,California
Sacramento,2020-12-26,508,11389,291,10758,217,631,0,0,508,11388,0,1,508,11389,California
Sacramento,2020-12-27,349,11738,247,11005,102,733,0,0,349,11737,0,1,349,11738,California
Sacramento,2020-12-28,1899,13637,1321,12326,578,1311,0,0,1898,13634,1,2,1898,13636,California
Sacramento,2020-12-29,1943,15580,1185,13511,758,2069,0,0,1943,15577,0,2,1943,15579,California
Sacramento,2020-12-30,2558,18138,1463,14974,1095,3164,0,0,2559,18136,0,2,2559,18138,California
Sacramento,2020-12-31,1216,19354,690,15664,526,3690,0,0,1216,19352,0,2,1216,19354,California
Sacramento,2021-01-01,69,19423,60,15724,9,3699,0,0,69,19421,0,2,69,19423,California
Sacramento,2021-01-02,566,19989,362,16086,204,3903,0,0,566,19987,0,2,566,19989,California
Sacramento,2021-01-03,409,20398,221,16307,188,4091,0,0,409,20396,0,2,409,20398,California
Sacramento,2021-01-04,1966,22364,848,17155,1118,5209,0,0,1962,22355,3,5,1962,22360,California
Sacramento,2021-01-05,2204,24568,988,18143,1216,6425,0,0,1856,23863,349,354,1857,24217,California
Sacramento,2021-01-06,2735,27303,1630,19773,1105,7530,0,0,1959,25049,773,1127,1959,26176,California
Sacramento,2021-01-07,2828,30131,1506,21279,1322,8852,0,0,1964,26152,862,1989,1965,28141,California
Sacramento,2021-01-08,3283,33414,2087,23366,1196,10048,0,0,2249,27371,1031,3020,2250,30391,California
Sacramento,2021-01-09,1288,34702,800,24166,488,10536,0,0,897,27879,389,3409,897,31288,California
Sacramento,2021-01-10,1242,35944,711,24877,531,11067,0,0,771,28181,470,3879,772,32060,California
Sacramento,2021-01-11,4329,40273,2940,27817,1389,12456,0,0,2410,28674,1918,5797,2411,34471,California
Sacramento,2021-01-12,4399,44672,3022,30839,1377,13833,0,0,2441,29158,1957,7754,2441,36912,California
Sacramento,2021-01-13,3767,48439,2160,32999,1607,15440,0,0,2355,30103,1411,9165,2356,39268,California
Sacramento,2021-01-14,4572,53011,2346,35345,2226,17666,0,0,3654,32843,914,10079,3654,42922,California
Sacramento,2021-01-15,4394,57405,2270,37615,2124,19790,0,0,3667,35788,725,10804,3670,46592,California
Sacramento,2021-01-16,2091,59496,1293,38908,798,20588,0,0,1874,37445,217,11021,1874,48466,California
Sacramento,2021-01-17,1633,61129,952,39860,681,21269,0,0,1456,38726,177,11198,1458,49924,California
Sacramento,2021-01-18,2847,63976,1763,41623,1084,22353,0,0,2324,40528,523,11721,2325,52249,California
Sacramento,2021-01-19,4606,68582,3050,44673,1556,23909,0,0,3345,42618,1261,12982,3351,55600,California
Sacramento,2021-01-20,4758,73340,2813,47486,1945,25854,0,0,3553,44967,1207,14189,3556,59156,California
Sacramento,2021-01-21,5172,78512,2982,50468,2190,28044,0,0,4209,48220,957,15146,4210,63366,California
Sacramento,2021-01-22,4963,83475,2640,53108,2323,30367,0,0,4658,52575,303,15449,4658,68024,California
Sacramento,2021-01-23,3722,87197,1557,54665,2165,32532,0,0,3268,55389,454,15903,3268,71292,California
Sacramento,2021-01-24,1558,88755,978,55643,580,33112,0,0,1321,56473,237,16140,1321,72613,California
Sacramento,2021-01-25,4344,93099,2112,57755,2232,35344,0,0,2927,57988,1417,17557,2932,75545,California
Sacramento,2021-01-26,4679,97778,2129,59884,2550,37894,0,0,3478,60271,1199,18756,3482,79027,California
Sacramento,2021-01-27,5787,103565,3044,62928,2743,40637,0,0,4185,62860,1598,20354,4187,83214,California
Sacramento,2021-01-28,5330,108895,2700,65628,2630,43267,0,0,4246,66024,1083,21437,4247,87461,California
Sacramento,2021-01-29,5363,114258,2929,68557,2434,45701,0,0,4346,69362,1011,22448,4349,91810,California
Sacramento,2021-01-30,4483,118741,2188,70745,2295,47996,0,0,4054,72987,429,22877,4054,95864,California
Sacramento,2021-01-31,2293,121034,2003,72748,290,48286,0,0,2012,74722,278,23155,2013,97877,California
Sacramento,2021-02-01,5892,126926,3004,75752,2888,51174,0,0,4234,77302,1656,24811,4236,102113,California
Sacramento,2021-02-02,6817,133743,3741,79493,3076,54250,0,0,4755,80004,2054,26865,4756,106869,California
Sacramento,2021-02-03,7049,140792,3539,83032,3510,57760,0,0,5195,83357,1844,28709,5197,112066,California
Sacramento,2021-02-04,7675,148467,3620,86652,4055,61815,0,0,5472,86636,2193,30902,5472,117538,California
Sacramento,2021-02-05,7699,156166,4356,91008,3343,65158,0,0,4800,88560,2878,33780,4802,122340,California
Sacramento,2021-02-06,8396,164562,3428,94436,4968,70126,0,0,7068,94304,1325,35105,7069,129409,California
Sacramento,2021-02-07,4007,168569,2128,96564,1879,72005,0,0,2789,95883,1211,36316,2790,132199,California
Sacramento,2021-02-08,6171,174740,3188,99752,2983,74988,0,0,3865,97447,2302,38618,3866,136065,California
Sacramento,2021-02-09,6707,181447,3511,103263,3196,78184,0,0,3920,98585,2782,41400,3920,139985,California
Sacramento,2021-02-10,7589,189036,4174,107437,3415,81599,0,0,4482,99974,3096,44496,4485,144470,California
Sacramento,2021-02-11,8663,197699,4955,112392,3708,85307,0,0,4699,100723,3951,48447,4700,149170,California
Sacramento,2021-02-12,10421,208120,4127,116519,6294,91601,0,0,6256,102853,4128,52575,6258,155428,California
Sacramento,2021-02-13,7521,215641,2973,119492,4548,96149,0,0,5948,107230,1571,54146,5948,161376,California
Sacramento,2021-02-14,3014,218655,1901,121393,1113,97262,0,0,1996,108216,1015,55161,2001,163377,California
Sacramento,2021-02-15,5836,224491,2020,123413,3816,101078,0,0,4049,110491,1780,56941,4055,167432,California
Sacramento,2021-02-16,8826,233317,4190,127603,4636,105714,0,0,5261,112199,3558,60499,5266,172698,California
Sacramento,2021-02-17,8745,242062,4967,132570,3778,109492,0,0,5075,113617,3660,64159,5078,177776,California
Sacramento,2021-02-18,8758,250820,5028,137598,3730,113222,0,0,5025,114920,3725,67884,5028,182804,California
Sacramento,2021-02-19,9970,260790,6121,143719,3849,117071,0,0,5887,116742,4069,71953,5891,188695,California
Sacramento,2021-02-20,7283,268073,5335,149054,1948,119019,0,0,4247,117961,3029,74982,4248,192943,California
Sacramento,2021-02-21,2768,270841,2202,151256,566,119585,0,0,937,117076,1824,76806,939,193882,California
Sacramento,2021-02-22,6121,276962,3718,154974,2403,121988,0,0,2646,116260,3468,80274,2652,196534,California
Sacramento,2021-02-23,7041,284003,4389,159363,2652,124640,0,0,3427,116090,3599,83873,3429,199963,California
Sacramento,2021-02-24,9436,293439,5253,164616,4183,128823,0,0,5125,116933,4287,88160,5130,205093,California
Sacramento,2021-02-25,9792,303231,5336,169952,4456,133279,0,0,5347,117852,4430,92590,5349,210442,California
Sacramento,2021-02-26,13433,316664,6395,176347,7038,140317,0,0,9265,122983,4137,96727,9268,219710,California
Sacramento,2021-02-27,10502,327166,6509,182856,3993,144310,0,0,7718,127935,2769,99496,7721,227431,California
Sacramento,2021-02-28,5423,332589,2123,184979,3300,147610,0,0,2493,127516,2917,102413,2498,229929,California
Sacramento,2021-03-01,7739,340328,3386,188365,4353,151963,0,0,4102,128005,3617,106030,4106,234035,California
Sacramento,2021-03-02,8619,348947,3936,192301,4682,156645,1,1,5356,130117,3250,109280,5362,239397,California
Sacramento,2021-03-03,9421,358368,4596,196897,4823,161468,2,3,5475,131666,3928,113208,5477,244874,California
Sacramento,2021-03-04,10121,368489,4398,201295,5719,167187,4,7,5535,132649,4562,117770,5545,250419,California
Sacramento,2021-03-05,8281,376770,3694,204989,4559,171746,28,35,5070,134557,3190,120960,5098,255517,California
Sacramento,2021-03-06,7104,383874,2791,207780,4193,175939,120,155,3593,134782,3492,124452,3717,259234,California
Sacramento,2021-03-07,7405,391279,2136,209916,5186,181125,83,238,3580,134623,3821,128273,3662,262896,California
Sacramento,2021-03-08,8581,399860,4123,214039,4254,185379,204,442,5558,137374,3014,131287,5765,268661,California
Sacramento,2021-03-09,9224,409084,4416,218455,4547,189926,261,703,5275,138974,3935,135222,5535,274196,California
Sacramento,2021-03-10,10742,419826,7262,225717,3193,193119,287,990,6071,140681,4653,139875,6360,280556,California
Sacramento,2021-03-11,12833,432659,8290,234007,3829,196948,714,1704,7478,143532,5338,145213,8189,288745,California
Sacramento,2021-03-12,15565,448224,7455,241462,7352,204300,758,2462,7070,142915,8466,153679,7849,296594,California
Sacramento,2021-03-13,12102,460326,3475,244937,8228,212528,399,2861,7662,146567,4428,158107,8080,304674,California
Sacramento,2021-03-14,7558,467884,3261,248198,3677,216205,620,3481,4104,147856,3433,161540,4722,309396,California
Sacramento,2021-03-15,11327,479211,4757,252955,5910,222115,660,4141,6513,150239,4797,166337,7180,316576,California
Sacramento,2021-03-16,13485,492696,6081,259036,6774,228889,630,4771,8221,153853,5238,171575,8852,325428,California
Sacramento,2021-03-17,12439,505135,6196,265232,5664,234553,579,5350,7905,157833,4506,176081,8486,333914,California
Sacramento,2021-03-18,10709,515844,5142,270374,5114,239667,453,5803,6866,161335,3816,179897,7318,341232,California
Sacramento,2021-03-19,11793,527637,6045,276419,4680,244347,1068,6871,5566,161769,6205,186102,6639,347871,California
Sacramento,2021-03-20,8527,536164,5258,281677,3072,247419,197,7068,5332,164122,3178,189280,5531,353402,California
Sacramento,2021-03-21,5478,541642,2696,284373,2742,250161,40,7108,4841,168381,630,189910,4889,358291,California
Sacramento,2021-03-22,8969,550611,4659,289032,3563,253724,747,7855,6036,172257,2915,192825,6791,365082,California
Sacramento,2021-03-23,10780,561391,6517,295549,3493,257217,770,8625,6895,176094,3846,196671,7683,372765,California
Sacramento,2021-03-24,11218,572609,7126,302675,3483,260700,609,9234,6447,178476,4740,201411,7122,379887,California
Sacramento,2021-03-25,11914,584523,6619,309294,4504,265204,791,10025,6871,181311,5014,206425,7849,387736,California
Sacramento,2021-03-26,16787,601310,8031,317325,8270,273474,486,10511,8099,182172,8641,215066,9502,397238,California
Sacramento,2021-03-27,9375,610685,3480,320805,5613,279087,282,10793,5057,183445,4290,219356,5563,402801,California
Sacramento,2021-03-28,6330,617015,3150,323955,2933,282020,247,11040,3007,183412,3318,222674,3285,406086,California
Sacramento,2021-03-29,10388,627403,5699,329654,4492,286512,197,11237,4944,183209,5421,228095,5218,411304,California
Sacramento,2021-03-30,11197,638600,5891,335545,5005,291517,301,11538,5809,184008,5372,233467,6171,417475,California
Sacramento,2021-03-31,12774,651374,7575,343120,4817,296334,382,11920,5547,183169,7201,240668,6362,423837,California
Sacramento,2021-04-01,14879,666253,8422,351542,6236,302570,221,12141,5588,180898,9265,249933,6994,430831,California
Sacramento,2021-04-02,15083,681336,8271,359813,6154,308724,658,12799,7506,182388,7545,257478,9035,439866,California
Sacramento,2021-04-03,10089,691425,5990,365803,3547,312271,552,13351,6258,185626,3811,261289,7049,446915,California
Sacramento,2021-04-04,3500,694925,1419,367222,1901,314172,180,13531,1402,185130,2095,263384,1599,448514,California
Sacramento,2021-04-05,10409,705334,6429,373651,3391,317563,589,14120,4631,184675,5754,269138,5299,453813,California
Sacramento,2021-04-06,10678,716012,6122,379773,3717,321280,839,14959,4755,184437,5904,275042,5666,459479,California
San Benito,2020-12-16,2,2,2,2,0,0,0,0,2,2,0,0,2,2,California
San Benito,2020-12-17,9,11,9,11,0,0,0,0,9,11,0,0,9,11,California
San Benito,2020-12-18,34,45,34,45,0,0,0,0,34,45,0,0,34,45,California
San Benito,2020-12-19,48,93,48,93,0,0,0,0,48,93,0,0,48,93,California
San Benito,2020-12-20,22,115,21,114,1,1,0,0,22,115,0,0,22,115,California
San Benito,2020-12-21,47,162,47,161,0,1,0,0,47,162,0,0,47,162,California
San Benito,2020-12-22,59,221,59,220,0,1,0,0,59,221,0,0,59,221,California
San Benito,2020-12-23,48,269,36,256,12,13,0,0,48,269,0,0,48,269,California
San Benito,2020-12-24,12,281,4,260,8,21,0,0,12,281,0,0,12,281,California
San Benito,2020-12-25,4,285,4,264,0,21,0,0,4,285,0,0,4,285,California
San Benito,2020-12-26,13,298,4,268,9,30,0,0,13,298,0,0,13,298,California
San Benito,2020-12-27,8,306,7,275,1,31,0,0,8,306,0,0,8,306,California
San Benito,2020-12-28,63,369,36,311,27,58,0,0,63,369,0,0,63,369,California
San Benito,2020-12-29,49,418,20,331,29,87,0,0,49,418,0,0,49,418,California
San Benito,2020-12-30,59,477,36,367,23,110,0,0,59,477,0,0,59,477,California
San Benito,2020-12-31,19,496,2,369,17,127,0,0,19,496,0,0,19,496,California
San Benito,2021-01-02,25,521,24,393,1,128,0,0,25,521,0,0,25,521,California
San Benito,2021-01-03,3,524,1,394,2,130,0,0,3,524,0,0,3,524,California
San Benito,2021-01-04,62,586,23,417,39,169,0,0,62,586,0,0,62,586,California
San Benito,2021-01-05,118,704,36,453,82,251,0,0,115,698,3,3,115,701,California
San Benito,2021-01-06,95,799,40,493,55,306,0,0,81,765,14,17,81,782,California
San Benito,2021-01-07,78,877,42,535,36,342,0,0,51,789,27,44,51,833,California
San Benito,2021-01-08,129,1006,66,601,63,405,0,0,87,834,42,86,87,920,California
San Benito,2021-01-09,44,1050,32,633,12,417,0,0,29,848,15,101,29,949,California
San Benito,2021-01-10,16,1066,14,647,2,419,0,0,5,842,11,112,5,954,California
San Benito,2021-01-11,97,1163,54,701,43,462,0,0,49,843,48,160,49,1003,California
San Benito,2021-01-12,154,1317,51,752,103,565,0,0,119,927,35,195,119,1122,California
San Benito,2021-01-13,187,1504,33,785,154,719,0,0,162,1064,25,220,162,1284,California
San Benito,2021-01-14,116,1620,27,812,89,808,0,0,97,1142,19,239,97,1381,California
San Benito,2021-01-15,213,1833,21,833,192,1000,0,0,199,1327,14,253,199,1580,California
San Benito,2021-01-16,29,1862,10,843,19,1019,0,0,23,1344,6,259,23,1603,California
San Benito,2021-01-17,10,1872,5,848,5,1024,0,0,7,1348,3,262,7,1610,California
San Benito,2021-01-18,38,1910,24,872,14,1038,0,0,22,1354,16,278,22,1632,California
San Benito,2021-01-19,150,2060,63,935,87,1125,0,0,124,1452,26,304,124,1756,California
San Benito,2021-01-20,260,2320,80,1015,180,1305,0,0,215,1623,44,348,215,1971,California
San Benito,2021-01-21,123,2443,30,1045,93,1398,0,0,99,1698,24,372,99,2070,California
San Benito,2021-01-22,232,2675,20,1065,212,1610,0,0,221,1908,11,383,221,2291,California
San Benito,2021-01-23,32,2707,18,1083,14,1624,0,0,14,1904,18,401,14,2305,California
San Benito,2021-01-24,11,2718,3,1086,8,1632,0,0,7,1907,4,405,7,2312,California
San Benito,2021-01-25,67,2785,25,1111,42,1674,0,0,22,1884,45,450,22,2334,California
San Benito,2021-01-26,135,2920,41,1152,94,1768,0,0,82,1913,53,503,82,2416,California
San Benito,2021-01-27,231,3151,69,1221,162,1930,0,0,190,2062,41,544,190,2606,California
San Benito,2021-01-28,153,3304,30,1251,123,2053,0,0,122,2154,30,574,122,2728,California
San Benito,2021-01-29,286,3590,32,1283,254,2307,0,0,262,2393,23,597,262,2990,California
San Benito,2021-01-30,45,3635,27,1310,18,2325,0,0,26,2400,19,616,26,3016,California
San Benito,2021-01-31,22,3657,10,1320,12,2337,0,0,12,2403,9,625,12,3028,California
San Benito,2021-02-01,134,3791,29,1349,105,2442,0,0,88,2445,46,671,88,3116,California
San Benito,2021-02-02,224,4015,48,1397,176,2618,0,0,134,2489,90,761,134,3250,California
San Benito,2021-02-03,333,4348,41,1438,292,2910,0,0,269,2694,64,825,269,3519,California
San Benito,2021-02-04,159,4507,24,1462,135,3045,0,0,116,2767,43,868,116,3635,California
San Benito,2021-02-05,291,4798,40,1502,251,3296,0,0,229,2934,62,930,229,3864,California
San Benito,2021-02-06,50,4848,10,1512,40,3336,0,0,34,2952,16,946,34,3898,California
San Benito,2021-02-07,14,4862,6,1518,8,3344,0,0,13,2964,1,947,13,3911,California
San Benito,2021-02-08,132,4994,15,1533,117,3461,0,0,87,3006,45,992,87,3998,California
San Benito,2021-02-09,324,5318,63,1596,261,3722,0,0,193,3068,131,1123,193,4191,California
San Benito,2021-02-10,321,5639,89,1685,232,3954,0,0,125,2998,195,1318,125,4316,California
San Benito,2021-02-11,286,5925,29,1714,257,4211,0,0,191,3094,95,1413,191,4507,California
San Benito,2021-02-12,412,6337,30,1744,382,4593,0,0,208,3099,203,1616,208,4715,California
San Benito,2021-02-13,60,6397,9,1753,51,4644,0,0,45,3129,15,1631,45,4760,California
San Benito,2021-02-14,40,6437,5,1758,35,4679,0,0,30,3149,10,1641,30,4790,California
San Benito,2021-02-15,106,6543,9,1767,97,4776,0,0,95,3233,11,1652,95,4885,California
San Benito,2021-02-16,206,6749,12,1779,194,4970,0,0,107,3240,100,1752,107,4992,California
San Benito,2021-02-17,319,7068,30,1809,289,5259,0,0,271,3463,48,1800,271,5263,California
San Benito,2021-02-18,293,7361,38,1847,255,5514,0,0,71,3312,222,2022,71,5334,California
San Benito,2021-02-19,317,7678,40,1887,277,5791,0,0,151,3297,166,2188,151,5485,California
San Benito,2021-02-20,44,7722,26,1913,18,5809,0,0,35,3323,9,2197,35,5520,California
San Benito,2021-02-21,26,7748,11,1924,15,5824,0,0,16,3330,9,2206,16,5536,California
San Benito,2021-02-22,126,7874,33,1957,93,5917,0,0,94,3392,32,2238,94,5630,California
San Benito,2021-02-23,368,8242,90,2047,278,6195,0,0,236,3517,132,2370,257,5887,California
San Benito,2021-02-24,369,8611,62,2109,307,6502,0,0,232,3612,137,2507,232,6119,California
San Benito,2021-02-25,390,9001,63,2172,327,6829,0,0,268,3757,123,2630,268,6387,California
San Benito,2021-02-26,631,9632,70,2242,561,7390,0,0,390,3906,241,2871,390,6777,California
San Benito,2021-02-27,96,9728,34,2276,62,7452,0,0,81,3972,15,2886,81,6858,California
San Benito,2021-02-28,229,9957,19,2295,210,7662,0,0,221,4185,8,2894,221,7079,California
San Benito,2021-03-01,222,10179,58,2353,164,7826,0,0,153,4268,70,2964,153,7232,California
San Benito,2021-03-02,251,10430,73,2426,178,8004,0,0,184,4385,67,3031,184,7416,California
San Benito,2021-03-03,370,10800,48,2474,322,8326,0,0,197,4411,171,3202,197,7613,California
San Benito,2021-03-04,539,11339,112,2586,412,8738,15,15,361,4603,178,3380,370,7983,California
San Benito,2021-03-05,547,11886,288,2874,244,8982,15,30,342,4756,204,3584,357,8340,California
San Benito,2021-03-06,174,12060,63,2937,98,9080,13,43,128,4851,46,3630,141,8481,California
San Benito,2021-03-07,613,12673,572,3509,18,9098,23,66,579,5419,34,3664,602,9083,California
San Benito,2021-03-08,264,12937,64,3573,174,9272,26,92,162,5506,102,3766,189,9272,California
San Benito,2021-03-09,255,13192,77,3650,113,9385,65,157,123,5564,131,3897,189,9461,California
San Benito,2021-03-10,371,13563,103,3753,178,9563,90,247,208,5698,163,4060,297,9758,California
San Benito,2021-03-11,405,13968,100,3853,195,9758,110,357,187,5777,218,4278,297,10055,California
San Benito,2021-03-12,461,14429,118,3971,276,10034,67,424,219,5824,240,4518,287,10342,California
San Benito,2021-03-13,174,14603,96,4067,63,10097,15,439,109,5886,62,4580,124,10466,California
San Benito,2021-03-14,205,14808,40,4107,145,10242,20,459,166,6034,38,4618,186,10652,California
San Benito,2021-03-15,311,15119,96,4203,196,10438,19,478,183,6108,128,4746,202,10854,California
San Benito,2021-03-16,457,15576,203,4406,223,10661,31,509,313,6309,144,4890,345,11199,California
San Benito,2021-03-17,649,16225,455,4861,181,10842,13,522,522,6720,124,5014,535,11734,California
San Benito,2021-03-18,590,16815,452,5313,100,10942,38,560,479,7127,110,5124,517,12251,California
San Benito,2021-03-19,655,17470,353,5666,281,11223,21,581,497,7487,158,5282,518,12769,California
San Benito,2021-03-20,194,17664,130,5796,54,11277,10,591,151,7605,43,5325,161,12930,California
San Benito,2021-03-21,105,17769,53,5849,47,11324,5,596,78,7661,27,5352,83,13013,California
San Benito,2021-03-22,321,18090,166,6015,130,11454,25,621,223,7811,98,5450,248,13261,California
San Benito,2021-03-23,459,18549,196,6211,260,11714,3,624,220,7797,239,5689,225,13486,California
San Benito,2021-03-24,532,19081,290,6501,235,11949,7,631,345,7963,187,5876,353,13839,California
San Benito,2021-03-25,691,19772,404,6905,283,12232,4,635,404,8090,285,6161,412,14251,California
San Benito,2021-03-26,963,20735,494,7399,467,12699,2,637,305,7753,657,6818,320,14571,California
San Benito,2021-03-27,300,21035,178,7577,88,12787,34,671,181,7851,118,6936,216,14787,California
San Benito,2021-03-28,679,21714,564,8141,111,12898,4,675,119,7437,560,7496,146,14933,California
San Benito,2021-03-29,322,22036,101,8242,202,13100,19,694,131,7400,191,7687,154,15087,California
San Benito,2021-03-30,541,22577,256,8498,199,13299,86,780,269,7493,272,7959,365,15452,California
San Benito,2021-03-31,566,23143,343,8841,200,13499,23,803,325,7610,239,8198,356,15808,California
San Benito,2021-04-01,765,23908,359,9200,386,13885,20,823,529,7943,235,8433,568,16376,California
San Benito,2021-04-02,516,24424,248,9448,132,14017,136,959,250,8073,266,8699,396,16772,California
San Benito,2021-04-03,213,24637,87,9535,106,14123,20,979,84,8054,129,8828,110,16882,California
San Benito,2021-04-04,140,24777,107,9642,30,14153,3,982,110,8139,30,8858,115,16997,California
San Benito,2021-04-05,292,25069,130,9772,138,14291,24,1006,114,8103,177,9035,141,17138,California
San Benito,2021-04-06,177,25246,80,9852,72,14363,25,1031,63,8083,112,9147,92,17230,California
San Bernardino,2020-12-15,12,12,12,12,0,0,0,0,12,12,0,0,12,12,California
San Bernardino,2020-12-16,109,121,109,121,0,0,0,0,109,121,0,0,109,121,California
San Bernardino,2020-12-17,2343,2464,2343,2464,0,0,0,0,2343,2464,0,0,2343,2464,California
San Bernardino,2020-12-18,3140,5604,3137,5601,3,3,0,0,3141,5605,0,0,3141,5605,California
San Bernardino,2020-12-19,1068,6672,1067,6668,1,4,0,0,1069,6674,0,0,1069,6674,California
San Bernardino,2020-12-20,1172,7844,1171,7839,1,5,0,0,1173,7847,0,0,1173,7847,California
San Bernardino,2020-12-21,2456,10300,2451,10290,5,10,0,0,2456,10303,0,0,2456,10303,California
San Bernardino,2020-12-22,2271,12571,2148,12438,123,133,0,0,2272,12575,0,0,2272,12575,California
San Bernardino,2020-12-23,2647,15218,1453,13891,1194,1327,0,0,2646,15221,0,0,2646,15221,California
San Bernardino,2020-12-24,1160,16378,587,14478,573,1900,0,0,1162,16383,0,0,1162,16383,California
San Bernardino,2020-12-25,75,16453,14,14492,61,1961,0,0,75,16458,0,0,75,16458,California
San Bernardino,2020-12-26,461,16914,253,14745,208,2169,0,0,461,16919,0,0,461,16919,California
San Bernardino,2020-12-27,344,17258,161,14906,183,2352,0,0,344,17263,0,0,344,17263,California
San Bernardino,2020-12-28,1559,18817,709,15615,850,3202,0,0,1560,18823,0,0,1560,18823,California
San Bernardino,2020-12-29,2210,21027,1043,16658,1167,4369,0,0,2208,21029,2,2,2208,21031,California
San Bernardino,2020-12-30,2892,23919,1459,18117,1433,5802,0,0,2893,23922,0,2,2893,23924,California
San Bernardino,2020-12-31,1353,25272,440,18557,913,6715,0,0,1351,25273,0,2,1351,25275,California
San Bernardino,2021-01-01,275,25547,150,18707,125,6840,0,0,274,25547,0,2,274,25549,California
San Bernardino,2021-01-02,475,26022,339,19046,136,6976,0,0,475,26022,0,2,475,26024,California
San Bernardino,2021-01-03,136,26158,86,19132,50,7026,0,0,136,26158,0,2,136,26160,California
San Bernardino,2021-01-04,2116,28274,1289,20421,827,7853,0,0,2115,28273,0,2,2115,28275,California
San Bernardino,2021-01-05,2331,30605,1460,21881,871,8724,0,0,2217,30381,109,111,2217,30492,California
San Bernardino,2021-01-06,3420,34025,2351,24232,1069,9793,0,0,2932,32834,482,593,2935,33427,California
San Bernardino,2021-01-07,5376,39401,4484,28716,892,10685,0,0,2456,32391,2901,3494,2458,35885,California
San Bernardino,2021-01-08,5352,44753,4438,33154,914,11599,0,0,2275,31597,3071,6565,2277,38162,California
San Bernardino,2021-01-09,1395,46148,1098,34252,297,11896,0,0,900,32002,495,7060,900,39062,California
San Bernardino,2021-01-10,1022,47170,600,34852,422,12318,0,0,573,32126,449,7509,573,39635,California
San Bernardino,2021-01-11,4982,52152,4085,38937,897,13215,0,0,2763,32673,2216,9725,2763,42398,California
San Bernardino,2021-01-12,4226,56378,3225,42162,1001,14216,0,0,2511,33470,1714,11439,2511,44909,California
San Bernardino,2021-01-13,4541,60919,2844,45006,1697,15913,0,0,3315,35574,1213,12652,3317,48226,California
San Bernardino,2021-01-14,4743,65662,2778,47784,1965,17878,0,0,4163,39161,576,13228,4163,52389,California
San Bernardino,2021-01-15,5953,71615,2962,50746,2991,20869,0,0,5558,44336,385,13613,5560,57949,California
San Bernardino,2021-01-16,2255,73870,1292,52038,963,21832,0,0,2114,46309,141,13754,2114,60063,California
San Bernardino,2021-01-17,1187,75057,514,52552,673,22505,0,0,1099,47322,87,13841,1100,61163,California
San Bernardino,2021-01-18,4268,79325,2638,55190,1630,24135,0,0,3649,50354,618,14459,3650,64813,California
San Bernardino,2021-01-19,6293,85618,3703,58893,2590,26725,0,0,5203,54472,1088,15547,5206,70019,California
San Bernardino,2021-01-20,6799,92417,3729,62622,3070,29795,0,0,4871,57424,1921,17468,4873,74892,California
San Bernardino,2021-01-21,5995,98412,3087,65709,2908,32703,0,0,4872,61184,1113,18581,4873,79765,California
San Bernardino,2021-01-22,6507,104919,3040,68749,3467,36170,0,0,5780,66241,726,19307,5783,85548,California
San Bernardino,2021-01-23,3102,108021,1888,70637,1214,37384,0,0,2713,68566,388,19695,2713,88261,California
San Bernardino,2021-01-24,1188,109209,461,71098,727,38111,0,0,1089,69556,99,19794,1089,89350,California
San Bernardino,2021-01-25,6864,116073,3395,74493,3469,41580,0,0,5021,72744,1841,21635,5029,94379,California
San Bernardino,2021-01-26,7079,123152,3554,78047,3525,45105,0,0,5001,75668,2078,23713,5002,99381,California
San Bernardino,2021-01-27,8241,131393,4106,82153,4135,49240,0,0,5549,78536,2682,26395,5550,104931,California
San Bernardino,2021-01-28,8541,139934,4054,86207,4487,53727,0,0,6235,82469,2302,28697,6235,111166,California
San Bernardino,2021-01-29,8124,148058,3733,89940,4391,58118,0,0,6181,86721,1930,30627,6182,117348,California
San Bernardino,2021-01-30,3072,151130,1895,91835,1177,59295,0,0,2793,89236,278,30905,2793,120141,California
San Bernardino,2021-01-31,919,152049,488,92323,431,59726,0,0,865,90048,53,30958,865,121006,California
San Bernardino,2021-02-01,7513,159562,4216,96539,3297,63023,0,0,4898,92339,2612,33570,4903,125909,California
San Bernardino,2021-02-02,10359,169921,3648,100187,6711,69734,0,0,8312,98609,2043,35613,8313,134222,California
San Bernardino,2021-02-03,8961,178882,4145,104332,4816,74550,0,0,6492,102641,2461,38074,6493,140715,California
San Bernardino,2021-02-04,10577,189459,5291,109623,5286,79836,0,0,7514,107104,3052,41126,7515,148230,California
San Bernardino,2021-02-05,10939,200398,5913,115536,5026,84862,0,0,7427,111030,3502,44628,7428,155658,California
San Bernardino,2021-02-06,5251,205649,2214,117750,3037,87899,0,0,3613,113035,1612,46240,3617,159275,California
San Bernardino,2021-02-07,846,206495,496,118246,350,88249,0,0,475,113143,368,46608,476,159751,California
San Bernardino,2021-02-08,7261,213756,3870,122116,3391,91640,0,0,5609,117101,1651,48259,5609,165360,California
San Bernardino,2021-02-09,9873,223629,5814,127930,4059,95699,0,0,6664,120561,3206,51465,6666,172026,California
San Bernardino,2021-02-10,11992,235621,6535,134465,5457,101156,0,0,7829,124239,4152,55617,7830,179856,California
San Bernardino,2021-02-11,12205,247826,7044,141509,5161,106317,0,0,7800,127662,4381,59998,7804,187660,California
San Bernardino,2021-02-12,10330,258156,5929,147438,4401,110718,0,0,5677,128699,4641,64639,5678,193338,California
San Bernardino,2021-02-13,5997,264153,3981,151419,2016,112734,0,0,3768,130258,2214,66853,3773,197111,California
San Bernardino,2021-02-14,1541,265694,643,152062,898,113632,0,0,867,130461,665,67518,868,197979,California
San Bernardino,2021-02-15,5468,271162,3011,155073,2457,116089,0,0,3070,131148,2383,69901,3070,201049,California
San Bernardino,2021-02-16,12573,283735,7390,162463,5183,121272,0,0,7965,134516,4597,74498,7965,209014,California
San Bernardino,2021-02-17,11748,295483,6464,168927,5284,126556,0,0,7136,137056,4598,79096,7138,216152,California
San Bernardino,2021-02-18,12398,307881,7566,176493,4832,131388,0,0,7669,140012,4714,83810,7670,223822,California
San Bernardino,2021-02-19,11447,319328,5911,182404,5536,136924,0,0,6761,142106,4668,88478,6762,230584,California
San Bernardino,2021-02-20,4500,323828,3449,185853,1051,137975,0,0,2056,141719,2443,90921,2056,232640,California
San Bernardino,2021-02-21,905,324733,445,186298,460,138435,0,0,273,141362,630,91551,273,232913,California
San Bernardino,2021-02-22,8461,333194,5172,191470,3289,141724,0,0,4031,140974,4421,95972,4033,236946,California
San Bernardino,2021-02-23,8787,341981,5198,196668,3589,145313,0,0,4537,141289,4222,100194,4537,241483,California
San Bernardino,2021-02-24,11978,353959,6856,203524,5122,150435,0,0,6081,141502,5873,106067,6086,247569,California
San Bernardino,2021-02-25,12810,366769,6242,209766,6568,157003,0,0,7397,143509,5395,111462,7402,254971,California
San Bernardino,2021-02-26,13163,379932,6308,216074,6855,163858,0,0,7440,145280,5670,117132,7441,262412,California
San Bernardino,2021-02-27,6558,386490,3656,219730,2902,166760,0,0,4760,148252,1788,118920,4760,267172,California
San Bernardino,2021-02-28,1739,388229,727,220457,1012,167772,0,0,1142,148803,592,119512,1143,268315,California
San Bernardino,2021-03-01,8195,396424,4158,224615,4036,171808,1,1,3824,148288,4351,123863,3836,272151,California
San Bernardino,2021-03-02,13422,409846,5316,229931,8106,179914,0,1,6392,147678,7004,130867,6394,278545,California
San Bernardino,2021-03-03,12148,421994,6143,236074,6003,185917,2,3,5569,146690,6562,137429,5574,284119,California
San Bernardino,2021-03-04,11805,433799,6144,242218,5660,191577,1,4,5416,145738,6372,143801,5420,289539,California
San Bernardino,2021-03-05,11850,445649,5987,248205,5862,197439,1,5,6133,146211,5690,149491,6163,295702,California
San Bernardino,2021-03-06,7668,453317,4172,252377,3291,200730,205,210,3662,146089,3991,153482,3869,299571,California
San Bernardino,2021-03-07,1480,454797,910,253287,513,201243,57,267,948,146564,530,154012,1005,300576,California
San Bernardino,2021-03-08,6965,461762,3009,256296,3821,205064,135,402,3358,146455,3603,157615,3494,304070,California
San Bernardino,2021-03-09,11757,473519,6437,262733,5095,210159,225,627,4650,144238,7099,164714,4882,308952,California
San Bernardino,2021-03-10,12432,485951,7077,269810,4986,215145,369,996,5699,143609,6706,171420,6077,315029,California
San Bernardino,2021-03-11,12904,498855,6034,275844,6121,221266,749,1745,6552,144580,6333,177753,7304,322333,California
San Bernardino,2021-03-12,13244,512099,6068,281912,5378,226644,1798,3543,6322,145842,6899,184652,8161,330494,California
San Bernardino,2021-03-13,7336,519435,4097,286009,2779,229423,460,4003,4350,147672,2980,187632,4810,335304,California
San Bernardino,2021-03-14,2647,522082,1371,287380,735,230158,541,4544,1566,148702,1075,188707,2105,337409,California
San Bernardino,2021-03-15,11077,533159,5250,292630,3913,234071,1914,6458,5429,150406,5641,194348,7345,344754,California
San Bernardino,2021-03-16,15709,548868,7749,300379,7065,241136,895,7353,9535,154690,6148,200496,10432,355186,California
San Bernardino,2021-03-17,16012,564880,8212,308591,7102,248238,698,8051,9579,158560,6421,206917,10291,365477,California
San Bernardino,2021-03-18,12869,577749,6047,314638,6498,254736,324,8375,7384,160808,5462,212379,7710,373187,California
San Bernardino,2021-03-19,14318,592067,7359,321997,6442,261178,517,8892,8014,163100,6284,218663,8576,381763,California
San Bernardino,2021-03-20,7158,599225,4491,326488,2160,263338,507,9399,4121,164715,3012,221675,4627,386390,California
San Bernardino,2021-03-21,2678,601903,2181,328669,452,263790,45,9444,2156,166407,510,222185,2202,388592,California
San Bernardino,2021-03-22,9439,611342,4449,333118,4566,268356,424,9868,6843,171100,2580,224765,7273,395865,California
San Bernardino,2021-03-23,14982,626324,8493,341611,5897,274253,592,10460,9336,175409,5630,230395,9939,405804,California
San Bernardino,2021-03-24,14619,640943,7583,349194,6747,281000,289,10749,9784,180707,4802,235197,10100,415904,California
San Bernardino,2021-03-25,16478,657421,8110,357304,8084,289084,284,11033,10471,185600,5960,241157,10853,426757,California
San Bernardino,2021-03-26,17577,674998,8394,365698,8427,297511,756,11789,10729,190434,6825,247982,11659,438416,California
San Bernardino,2021-03-27,10547,685545,6735,372433,3060,300571,752,12541,6074,193118,4461,252443,7145,445561,California
San Bernardino,2021-03-28,3454,688999,2420,374853,924,301495,110,12651,2421,194630,1026,253469,2538,448099,California
San Bernardino,2021-03-29,11056,700055,5745,380598,4914,306409,397,13048,7429,198888,3615,257084,7873,455972,California
San Bernardino,2021-03-30,16399,716454,9112,389710,6582,312991,705,13753,10605,204507,5765,262849,11384,467356,California
San Bernardino,2021-03-31,15710,732164,8699,398409,6450,319441,561,14314,10681,210790,5007,267856,11290,478646,California
San Bernardino,2021-04-01,18851,751015,9896,408305,7655,327096,1300,15614,12356,218256,6465,274321,13931,492577,California
San Bernardino,2021-04-02,17856,768871,8836,417141,7805,334901,1215,16829,10934,224008,6900,281221,12652,505229,California
San Bernardino,2021-04-03,10430,779301,6426,423567,2929,337830,1075,17904,5761,226531,4658,285879,7181,512410,California
San Bernardino,2021-04-04,2351,781652,1410,424977,709,338539,232,18136,1313,227062,1037,286916,1568,513978,California
San Bernardino,2021-04-05,9794,791446,3933,428910,4493,343032,1368,19504,5027,228789,4752,291668,6479,520457,California
San Bernardino,2021-04-06,11726,803172,6776,435686,3786,346818,1164,20668,6461,231229,5242,296910,7682,528139,California
San Diego,2020-12-15,119,119,119,119,0,0,0,0,119,119,0,0,119,119,California
San Diego,2020-12-16,1101,1220,1101,1220,0,0,0,0,1101,1220,0,0,1101,1220,California
San Diego,2020-12-17,2346,3566,2346,3566,0,0,0,0,2346,3566,0,0,2346,3566,California
San Diego,2020-12-18,3673,7239,3672,7238,1,1,0,0,3673,7239,0,0,3673,7239,California
San Diego,2020-12-19,2311,9550,2311,9549,0,1,0,0,2311,9550,0,0,2311,9550,California
San Diego,2020-12-20,1187,10737,1185,10734,2,3,0,0,1187,10737,0,0,1187,10737,California
San Diego,2020-12-21,3519,14256,3518,14252,1,4,0,0,3519,14256,0,0,3519,14256,California
San Diego,2020-12-22,4051,18307,3408,17660,643,647,0,0,4051,18307,0,0,4051,18307,California
San Diego,2020-12-23,3177,21484,1976,19636,1201,1848,0,0,3177,21484,0,0,3177,21484,California
San Diego,2020-12-24,2722,24206,2207,21843,515,2363,0,0,2722,24206,0,0,2722,24206,California
San Diego,2020-12-25,868,25074,867,22710,1,2364,0,0,867,25072,1,1,867,25073,California
San Diego,2020-12-26,3254,28328,2137,24847,1117,3481,0,0,3253,28325,0,1,3253,28326,California
San Diego,2020-12-27,2476,30804,1612,26459,864,4345,0,0,2475,30799,1,2,2475,30801,California
San Diego,2020-12-28,5856,36660,4184,30643,1672,6017,0,0,5856,36655,0,2,5856,36657,California
San Diego,2020-12-29,5534,42194,2970,33613,2564,8581,0,0,5534,42189,0,2,5534,42191,California
San Diego,2020-12-30,5895,48089,3073,36686,2822,11403,0,0,5895,48084,0,2,5895,48086,California
San Diego,2020-12-31,2936,51025,995,37681,1941,13344,0,0,2935,51018,1,3,2935,51021,California
San Diego,2021-01-01,994,52019,440,38121,554,13898,0,0,993,52011,0,3,993,52014,California
San Diego,2021-01-02,3746,55765,1309,39430,2437,16335,0,0,3746,55757,0,3,3746,55760,California
San Diego,2021-01-03,855,56620,631,40061,224,16559,0,0,854,56611,0,3,854,56614,California
San Diego,2021-01-04,3685,60305,2035,42096,1650,18209,0,0,3678,60289,0,3,3678,60292,California
San Diego,2021-01-05,4280,64585,2094,44190,2186,20395,0,0,3663,63352,613,616,3676,63968,California
San Diego,2021-01-06,4909,69494,2285,46475,2624,23019,0,0,3676,65821,1211,1827,3680,67648,California
San Diego,2021-01-07,5548,75042,2975,49450,2573,25592,0,0,3394,67074,2147,3974,3400,71048,California
San Diego,2021-01-08,7686,82728,4958,54408,2728,28320,0,0,3895,67211,3774,7748,3911,74959,California
San Diego,2021-01-09,2919,85647,1549,55957,1370,29690,0,0,1751,67814,1157,8905,1760,76719,California
San Diego,2021-01-10,1854,87501,1295,57252,559,30249,0,0,750,67480,1092,9997,758,77477,California
San Diego,2021-01-11,10322,97823,5850,63102,4472,34721,0,0,6799,70776,3516,13513,6812,84289,California
San Diego,2021-01-12,11171,108994,5308,68410,5863,40584,0,0,7804,75334,3358,16871,7916,92205,California
San Diego,2021-01-13,11494,120488,5016,73426,6478,47062,0,0,8952,81776,2529,19400,8971,101176,California
San Diego,2021-01-14,12344,132832,4734,78160,7610,54672,0,0,10185,89835,2150,21550,10209,111385,California
San Diego,2021-01-15,15029,147861,5274,83434,9755,64427,0,0,12413,99679,2597,24147,12441,123826,California
San Diego,2021-01-16,10782,158643,3581,87015,7201,71628,0,0,9342,107609,1435,25582,9365,133191,California
San Diego,2021-01-17,8697,167340,2483,89498,6214,77842,0,0,7864,114653,833,26415,7877,141068,California
San Diego,2021-01-18,12471,179811,5903,95401,6568,84410,0,0,9667,121584,2765,29180,9696,150764,California
San Diego,2021-01-19,14738,194549,5777,101178,8961,93371,0,0,11631,130363,3093,32273,11872,162636,California
San Diego,2021-01-20,18342,212891,6368,107546,11974,105345,0,0,15063,142325,3260,35533,15222,177858,California
San Diego,2021-01-21,17427,230318,5882,113428,11545,116890,0,0,16048,157141,1368,36901,16184,194042,California
San Diego,2021-01-22,17632,247950,4728,118156,12904,129794,0,0,15608,170805,2010,38911,15674,209716,California
San Diego,2021-01-23,14463,262413,5257,123413,9206,139000,0,0,12130,180646,2320,41231,12161,221877,California
San Diego,2021-01-24,11839,274252,3252,126665,8587,147587,0,0,10897,190615,941,42172,10910,232787,California
San Diego,2021-01-25,12123,286375,5689,132354,6434,154021,0,0,9134,196895,2981,45153,9261,242048,California
San Diego,2021-01-26,14563,300938,7300,139654,7263,161284,0,0,11298,205105,3260,48413,11470,253518,California
San Diego,2021-01-27,20275,321213,7643,147297,12632,173916,0,0,17225,219394,3036,51449,17325,270843,California
San Diego,2021-01-28,20923,342136,7237,154534,13686,187602,0,0,18663,235883,2250,53699,18739,289582,California
San Diego,2021-01-29,19432,361568,6158,160692,13274,200876,0,0,17018,250533,2404,56103,17054,306636,California
San Diego,2021-01-30,15688,377256,3458,164150,12230,213106,0,0,13011,260974,2668,58771,13109,319745,California
San Diego,2021-01-31,14455,391711,5397,169547,9058,222164,0,0,14101,274749,351,59122,14126,333871,California
San Diego,2021-02-01,20060,411771,6730,176277,13330,235494,0,0,16876,288526,3171,62293,16948,350819,California
San Diego,2021-02-02,22504,434275,7981,184258,14523,250017,0,0,18967,304136,3527,65820,19137,369956,California
San Diego,2021-02-03,26456,460731,10685,194943,15771,265788,0,0,22291,322456,4147,69967,22467,392423,California
San Diego,2021-02-04,23496,484227,9251,204194,14245,280033,0,0,18818,336873,4660,74627,19077,411500,California
San Diego,2021-02-05,24727,508954,8855,213049,15872,295905,0,0,18178,349025,6524,81151,18676,430176,California
San Diego,2021-02-06,20511,529465,8359,221408,12152,308057,0,0,17329,363383,3174,84325,17532,447708,California
San Diego,2021-02-07,11261,540726,4675,226083,6586,314643,0,0,9371,371162,1870,86195,9649,457357,California
San Diego,2021-02-08,19391,560117,7975,234058,11416,326059,0,0,11976,376412,7397,93592,12647,470004,California
San Diego,2021-02-09,19720,579837,7766,241824,11954,338013,0,0,12514,382805,7187,100779,13580,483584,California
San Diego,2021-02-10,22245,602082,8907,250731,13338,351351,0,0,13132,388190,9085,109864,14470,498054,California
San Diego,2021-02-11,22992,625074,9821,260552,13171,364522,0,0,11934,390752,11032,120896,13594,511648,California
San Diego,2021-02-12,23292,648366,6944,267496,16348,380870,0,0,11389,392479,11884,132780,13611,525259,California
San Diego,2021-02-13,19448,667814,8410,275906,11038,391908,0,0,10273,394800,9165,141945,11486,536745,California
San Diego,2021-02-14,10489,678303,6728,282634,3761,395669,0,0,5789,397425,4698,146643,7323,544068,California
San Diego,2021-02-15,14844,693147,7340,289974,7504,403173,0,0,7605,400846,7221,153864,10642,554710,California
San Diego,2021-02-16,18487,711634,10597,300571,7890,411063,0,0,8812,403022,9661,163525,11837,566547,California
San Diego,2021-02-17,22451,734085,10003,310574,12448,423511,0,0,7644,399021,14797,178322,10796,577343,California
San Diego,2021-02-18,22953,757038,11611,322185,11342,434853,0,0,7495,395209,15450,193772,11638,588981,California
San Diego,2021-02-19,15842,772880,10857,333042,4985,439838,0,0,6671,394905,9152,202924,8848,597829,California
San Diego,2021-02-20,9918,782798,6271,339313,3647,443485,0,0,5682,398300,4234,207158,7629,605458,California
San Diego,2021-02-21,10229,793027,8986,348299,1243,444728,0,0,4934,399225,5271,212429,6196,611654,California
San Diego,2021-02-22,12173,805200,10328,358627,1845,446573,0,0,6341,401415,5827,218256,8017,619671,California
San Diego,2021-02-23,25060,830260,13842,372469,11218,457791,0,0,9882,402005,15172,233428,15762,635433,California
San Diego,2021-02-24,28620,858880,12413,384882,16207,473998,0,0,7707,396278,20894,254322,15167,650600,California
San Diego,2021-02-25,32680,891560,14306,399188,18374,492372,0,0,10582,393262,22077,276399,19061,669661,California
San Diego,2021-02-26,33207,924767,12088,411276,21119,513491,0,0,11990,391141,21188,297587,19067,688728,California
San Diego,2021-02-27,20831,945598,9262,420538,11569,525060,0,0,11207,397044,9621,307208,15524,704252,California
San Diego,2021-02-28,14487,960085,9192,429730,5295,530355,0,0,9711,404860,4776,311984,12592,716844,California
San Diego,2021-03-01,23567,983652,13665,443395,9901,540256,1,1,14965,415260,8526,320510,18926,735770,California
San Diego,2021-03-02,25108,1008760,13390,456785,11718,551974,0,1,12635,422368,12466,332976,19574,755344,California
San Diego,2021-03-03,33384,1042144,15392,472177,17989,569963,3,4,14452,424918,18919,351895,21469,776813,California
San Diego,2021-03-04,27696,1069840,13742,485919,13954,583917,0,4,12705,429412,14975,366870,19469,796282,California
San Diego,2021-03-05,28407,1098247,14415,500334,13910,597827,82,86,13858,435621,14537,381407,20746,817028,California
San Diego,2021-03-06,22775,1121022,9309,509643,12763,610590,703,789,10575,439491,12195,393602,16065,833093,California
San Diego,2021-03-07,17855,1138877,9006,518649,8282,618872,567,1356,8341,442684,9508,403110,12701,845794,California
San Diego,2021-03-08,22045,1160922,10314,528963,10885,629757,846,2202,10608,447581,11426,414536,16323,862117,California
San Diego,2021-03-09,25212,1186134,11540,540503,11941,641698,1731,3933,11675,451498,13525,428061,17442,879559,California
San Diego,2021-03-10,24654,1210788,10227,550730,12075,653773,2352,6285,11075,455551,13571,441632,17624,897183,California
San Diego,2021-03-11,28187,1238975,10716,561446,13977,667750,3494,9779,11270,457495,16903,458535,18847,916030,California
San Diego,2021-03-12,25612,1264587,8769,570215,13879,681629,2964,12743,9296,456933,16303,474838,15741,931771,California
San Diego,2021-03-13,24240,1288827,6590,576805,16109,697738,1541,14284,9101,456606,15132,489970,14805,946576,California
San Diego,2021-03-14,11976,1300803,4557,581362,6717,704455,702,14986,3891,455409,8077,498047,6880,953456,California
San Diego,2021-03-15,21856,1322659,10118,591480,10968,715423,770,15756,10858,459189,10984,509031,14764,968220,California
San Diego,2021-03-16,29761,1352420,15695,607175,13674,729097,392,16148,17956,468845,11789,520820,21445,989665,California
San Diego,2021-03-17,26053,1378473,12088,619263,13265,742362,700,16848,17244,480107,8799,529619,20061,1009726,California
San Diego,2021-03-18,30917,1409390,17492,636755,12543,754905,882,17730,20080,491943,10822,540441,22658,1032384,California
San Diego,2021-03-19,29781,1439171,14123,650878,14687,769592,971,18701,19646,503741,10119,550560,21917,1054301,California
San Diego,2021-03-20,27290,1466461,8100,658978,17402,786994,1788,20489,21718,522815,5564,556124,24638,1078939,California
San Diego,2021-03-21,16436,1482897,11973,670951,3749,790743,714,21203,10435,529379,5991,562115,12555,1091494,California
San Diego,2021-03-22,22394,1505291,13104,684055,9049,799792,241,21444,16152,542361,6233,568348,19215,1110709,California
San Diego,2021-03-23,25774,1531065,13583,697638,11933,811725,258,21702,19598,558146,6163,574511,21948,1132657,California
San Diego,2021-03-24,29394,1560459,19695,717333,9348,821073,351,22053,20093,571437,9292,583803,22583,1155240,California
San Diego,2021-03-25,29796,1590255,17947,735280,11214,832287,635,22688,19600,583635,10184,593987,22382,1177622,California
San Diego,2021-03-26,31538,1621793,17656,752936,13367,845654,515,23203,19011,593769,12501,606488,22635,1200257,California
San Diego,2021-03-27,24752,1646545,10795,763731,13562,859216,395,23598,15088,601867,9650,616138,17748,1218005,California
San Diego,2021-03-28,14743,1661288,9103,772834,5581,864797,59,23657,9068,606786,5667,621805,10586,1228591,California
San Diego,2021-03-29,26158,1687446,12471,785305,13091,877888,596,24253,18390,620572,7761,629566,21547,1250138,California
San Diego,2021-03-30,32924,1720370,17691,802996,14454,892342,779,25032,23277,636841,9636,639202,25905,1276043,California
San Diego,2021-03-31,29825,1750195,18462,821458,10724,903066,639,25671,20320,649389,9490,648692,22038,1298081,California
San Diego,2021-04-01,33619,1783814,19760,841218,12504,915570,1355,27026,24364,667243,9233,657925,27087,1325168,California
San Diego,2021-04-02,33723,1817537,20345,861563,11190,926760,2188,29214,23559,684234,10149,668074,27140,1352308,California
San Diego,2021-04-03,29420,1846957,13407,874970,11744,938504,4269,33483,19970,700247,9440,677514,25453,1377761,California
San Diego,2021-04-04,8456,1855413,4745,879715,2911,941415,800,34283,4963,702689,3492,681006,5934,1383695,California
San Diego,2021-04-05,13180,1868593,6355,886070,5819,947234,1006,35289,10509,711945,2664,683670,11920,1395615,California
San Diego,2021-04-06,8509,1877102,3954,890024,3788,951022,767,36056,7008,718798,1497,685167,8350,1403965,California
San Francisco,2020-12-15,8,8,8,8,0,0,0,0,8,8,0,0,8,8,California
San Francisco,2020-12-16,230,238,230,238,0,0,0,0,230,238,0,0,230,238,California
San Francisco,2020-12-17,398,636,398,636,0,0,0,0,398,636,0,0,398,636,California
San Francisco,2020-12-18,884,1520,884,1520,0,0,0,0,884,1520,0,0,884,1520,California
San Francisco,2020-12-19,600,2120,600,2120,0,0,0,0,600,2120,0,0,600,2120,California
San Francisco,2020-12-20,484,2604,484,2604,0,0,0,0,484,2604,0,0,484,2604,California
San Francisco,2020-12-21,1161,3765,1161,3765,0,0,0,0,1161,3765,0,0,1161,3765,California
San Francisco,2020-12-22,1406,5171,1372,5137,34,34,0,0,1406,5171,0,0,1406,5171,California
San Francisco,2020-12-23,1322,6493,1033,6170,289,323,0,0,1322,6493,0,0,1322,6493,California
San Francisco,2020-12-24,839,7332,504,6674,335,658,0,0,839,7332,0,0,839,7332,California
San Francisco,2020-12-25,30,7362,25,6699,5,663,0,0,30,7362,0,0,30,7362,California
San Francisco,2020-12-26,243,7605,149,6848,94,757,0,0,243,7605,0,0,243,7605,California
San Francisco,2020-12-27,274,7879,61,6909,213,970,0,0,274,7879,0,0,274,7879,California
San Francisco,2020-12-28,1265,9144,681,7590,584,1554,0,0,1265,9144,0,0,1265,9144,California
San Francisco,2020-12-29,1248,10392,622,8212,626,2180,0,0,1248,10392,0,0,1248,10392,California
San Francisco,2020-12-30,1474,11866,771,8983,703,2883,0,0,1474,11866,0,0,1474,11866,California
San Francisco,2020-12-31,961,12827,409,9392,552,3435,0,0,961,12827,0,0,961,12827,California
San Francisco,2021-01-01,67,12894,59,9451,8,3443,0,0,67,12894,0,0,67,12894,California
San Francisco,2021-01-02,332,13226,300,9751,32,3475,0,0,332,13226,0,0,332,13226,California
San Francisco,2021-01-03,294,13520,100,9851,194,3669,0,0,293,13518,1,1,293,13519,California
San Francisco,2021-01-04,1837,15357,1356,11207,481,4150,0,0,1834,15349,3,4,1834,15353,California
San Francisco,2021-01-05,2233,17590,1414,12621,819,4969,0,0,2199,17515,34,38,2200,17553,California
San Francisco,2021-01-06,1872,19462,1165,13786,707,5676,0,0,1607,18860,263,301,1608,19161,California
San Francisco,2021-01-07,2049,21511,1188,14974,861,6537,0,0,1601,20016,445,746,1601,20762,California
San Francisco,2021-01-08,2323,23834,1629,16603,694,7231,0,0,1489,20676,829,1575,1489,22251,California
San Francisco,2021-01-09,1396,25230,900,17503,496,7727,0,0,886,21055,510,2085,889,23140,California
San Francisco,2021-01-10,919,26149,540,18043,379,8106,0,0,465,21067,453,2538,465,23605,California
San Francisco,2021-01-11,2467,28616,1833,19876,634,8740,0,0,1401,21401,1067,3605,1401,25006,California
San Francisco,2021-01-12,3089,31705,2059,21935,1030,9770,0,0,1891,22095,1198,4803,1892,26898,California
San Francisco,2021-01-13,2821,34526,1610,23545,1211,10981,0,0,1997,23268,824,5627,1997,28895,California
San Francisco,2021-01-14,2402,36928,1068,24613,1334,12315,0,0,1861,24589,541,6168,1862,30757,California
San Francisco,2021-01-15,2755,39683,1173,25786,1582,13897,0,0,2340,26519,413,6581,2343,33100,California
San Francisco,2021-01-16,2263,41946,983,26769,1280,15177,0,0,2082,28420,181,6762,2082,35182,California
San Francisco,2021-01-17,1918,43864,527,27296,1391,16568,0,0,1706,29914,212,6974,1706,36888,California
San Francisco,2021-01-18,1383,45247,600,27896,783,17351,0,0,1109,30754,273,7247,1113,38001,California
San Francisco,2021-01-19,2557,47804,1464,29360,1093,18444,0,0,1820,31840,737,7984,1823,39824,California
San Francisco,2021-01-20,2680,50484,1069,30429,1611,20055,0,0,1942,33047,735,8719,1942,41766,California
San Francisco,2021-01-21,3274,53758,924,31353,2350,22405,0,0,2452,34679,820,9539,2452,44218,California
San Francisco,2021-01-22,3174,56932,636,31989,2538,24943,0,0,2726,36959,446,9985,2726,46944,California
San Francisco,2021-01-23,3091,60023,606,32595,2485,27428,0,0,2726,39322,364,10349,2727,49671,California
San Francisco,2021-01-24,2421,62444,359,32954,2062,29490,0,0,2191,41288,225,10574,2191,51862,California
San Francisco,2021-01-25,4563,67007,1771,34725,2792,32282,0,0,3022,42778,1539,12113,3029,54891,California
San Francisco,2021-01-26,4635,71642,2115,36840,2520,34802,0,0,3059,44270,1574,13687,3066,57957,California
San Francisco,2021-01-27,4423,76065,2082,38922,2341,37143,0,0,3071,45994,1347,15034,3071,61028,California
San Francisco,2021-01-28,3751,79816,1553,40475,2198,39341,0,0,2579,47407,1166,16200,2579,63607,California
San Francisco,2021-01-29,4697,84513,1661,42136,3036,42377,0,0,3437,49592,1252,17452,3437,67044,California
San Francisco,2021-01-30,3721,88234,1794,43930,1927,44304,0,0,3320,52513,400,17852,3321,70365,California
San Francisco,2021-01-31,2396,90630,869,44799,1527,45831,0,0,2188,54497,206,18058,2190,72555,California
San Francisco,2021-02-01,3766,94396,1510,46309,2256,48087,0,0,2871,56479,895,18953,2877,75432,California
San Francisco,2021-02-02,4644,99040,1961,48270,2683,50770,0,0,2878,57597,1760,20713,2878,78310,California
San Francisco,2021-02-03,5051,104091,2363,50633,2688,53458,0,0,3753,60054,1296,22009,3753,82063,California
San Francisco,2021-02-04,5013,109104,2431,53064,2582,56040,0,0,3856,62755,1155,23164,3856,85919,California
San Francisco,2021-02-05,5911,115015,3186,56250,2725,58765,0,0,4585,66019,1323,24487,4587,90506,California
San Francisco,2021-02-06,5449,120464,3644,59894,1805,60570,0,0,4547,69669,898,25385,4548,95054,California
San Francisco,2021-02-07,4304,124768,3172,63066,1132,61702,0,0,3735,72838,568,25953,3737,98791,California
San Francisco,2021-02-08,6682,131450,4601,67667,2081,63783,0,0,5478,77131,1185,27138,5478,104269,California
San Francisco,2021-02-09,5908,137358,3986,71653,1922,65705,0,0,4362,79950,1543,28681,4362,108631,California
San Francisco,2021-02-10,6802,144160,4156,75809,2646,68351,0,0,5057,83271,1737,30418,5058,113689,California
San Francisco,2021-02-11,6652,150812,3939,79748,2713,71064,0,0,4848,86318,1802,32220,4849,118538,California
San Francisco,2021-02-12,5305,156117,2659,82407,2646,73710,0,0,3484,87981,1821,34041,3484,122022,California
San Francisco,2021-02-13,4275,160392,2487,84894,1788,75498,0,0,2949,89608,1324,35365,2951,124973,California
San Francisco,2021-02-14,3417,163809,2241,87135,1176,76674,0,0,2299,90791,1117,36482,2300,127273,California
San Francisco,2021-02-15,2754,166563,1491,88626,1263,77937,0,0,1670,91381,1082,37564,1672,128945,California
San Francisco,2021-02-16,4979,171542,2731,91357,2248,80185,0,0,2973,92361,1999,39563,2979,131924,California
San Francisco,2021-02-17,5419,176961,2703,94060,2716,82901,0,0,2988,92925,2424,41987,2988,134912,California
San Francisco,2021-02-18,5371,182332,2637,96697,2734,85635,0,0,2833,93221,2538,44525,2834,137746,California
San Francisco,2021-02-19,5622,187954,2640,99337,2982,88617,0,0,2930,93467,2684,47209,2930,140676,California
San Francisco,2021-02-20,4507,192461,2169,101506,2338,90955,0,0,1703,92376,2795,50004,1704,142380,California
San Francisco,2021-02-21,2700,195161,1339,102845,1361,92316,0,0,1126,91932,1570,51574,1126,143506,California
San Francisco,2021-02-22,5075,200236,3156,106001,1919,94235,0,0,2541,91949,2526,54100,2543,146049,California
San Francisco,2021-02-23,5430,205666,3082,109083,2348,96583,0,0,2773,92071,2652,56752,2774,148823,California
San Francisco,2021-02-24,8961,214627,5076,114159,3885,100468,0,0,4786,92693,4165,60917,4787,153610,California
San Francisco,2021-02-25,9749,224376,6859,121018,2890,103358,0,0,6298,95541,3451,64368,6299,159909,California
San Francisco,2021-02-26,11860,236236,7721,128739,4139,107497,0,0,7024,97732,4834,69202,7025,166934,California
San Francisco,2021-02-27,8821,245057,5625,134364,3195,110692,1,1,4459,97841,4353,73555,4462,171396,California
San Francisco,2021-02-28,7670,252727,5494,139858,2176,112868,0,1,3828,97830,3840,77395,3829,175225,California
San Francisco,2021-03-01,10516,263243,7108,146966,3408,116276,0,1,5107,97549,5390,82785,5109,180334,California
San Francisco,2021-03-02,8732,271975,5561,152527,3171,119447,0,1,5070,98964,3656,86441,5071,185405,California
San Francisco,2021-03-03,10296,282271,5996,158523,4300,123747,0,1,5448,99572,4840,91281,5448,190853,California
San Francisco,2021-03-04,7866,290137,5165,163688,2701,126448,0,1,4372,100457,3487,94768,4372,195225,California
San Francisco,2021-03-05,7783,297920,4824,168512,2956,129404,3,4,4858,102408,2913,97681,4864,200089,California
San Francisco,2021-03-06,6792,304712,4377,172889,2206,131610,209,213,4249,104311,2554,100235,4457,204546,California
San Francisco,2021-03-07,5089,309801,3950,176839,1078,132688,61,274,2851,104972,2252,102487,2913,207459,California
San Francisco,2021-03-08,7006,316807,5083,181922,1761,134449,162,436,5495,109086,1545,104032,5659,213118,California
San Francisco,2021-03-09,6633,323440,3835,185757,2418,136867,380,816,4525,111872,2116,106148,4902,218020,California
San Francisco,2021-03-10,10173,333613,5740,191497,3951,140818,482,1298,6227,114652,3930,110078,6710,224730,California
San Francisco,2021-03-11,9289,342902,5769,197266,2697,143515,823,2121,6101,118398,3176,113254,6922,231652,California
San Francisco,2021-03-12,9379,352281,5444,202710,2901,146416,1034,3155,5307,120696,4044,117298,6342,237994,California
San Francisco,2021-03-13,5928,358209,3558,206268,1412,147828,958,4113,3729,123188,2195,119493,4687,242681,California
San Francisco,2021-03-14,7256,365465,4717,210985,2306,150134,233,4346,3929,124031,3319,122812,4162,246843,California
San Francisco,2021-03-15,11930,377395,9021,220006,1976,152110,933,5279,8275,129596,3641,126453,9206,256049,California
San Francisco,2021-03-16,12050,389445,8182,228188,3412,155522,456,5735,8763,135575,3236,129689,9215,265264,California
San Francisco,2021-03-17,12846,402291,8018,236206,4288,159810,540,6275,9278,141847,3547,133236,9819,275083,California
San Francisco,2021-03-18,8737,411028,5986,242192,2235,162045,516,6791,4906,143458,3811,137047,5422,280505,California
San Francisco,2021-03-19,10458,421486,7764,249956,2333,164378,361,7152,5619,144621,4818,141865,5981,286486,California
San Francisco,2021-03-20,5871,427357,4302,254258,1296,165674,273,7425,3639,146321,2216,144081,3916,290402,California
San Francisco,2021-03-21,6215,433572,5643,259901,440,166114,132,7557,3553,147353,2654,146735,3686,294088,California
San Francisco,2021-03-22,9677,443249,6811,266712,2045,168159,821,8378,5130,148779,4524,151259,5950,300038,California
San Francisco,2021-03-23,11213,454462,7407,274119,3167,171326,639,9017,6855,151953,4330,155589,7504,307542,California
San Francisco,2021-03-24,12328,466790,9395,283514,2401,173727,532,9549,6480,153198,5815,161404,7060,314602,California
San Francisco,2021-03-25,11929,478719,8697,292211,2678,176405,554,10103,6092,154106,5781,167185,6689,321291,California
San Francisco,2021-03-26,11967,490686,8278,300489,3457,179862,232,10335,6317,155118,5623,172808,6635,327926,California
San Francisco,2021-03-27,8635,499321,5840,306329,2551,182413,244,10579,4019,154849,4602,177410,4333,332259,California
San Francisco,2021-03-28,6569,505890,5219,311548,1310,183723,40,10619,3188,154723,3364,180774,3238,335497,California
San Francisco,2021-03-29,11366,517256,7827,319375,3353,187076,186,10805,5171,153955,6174,186948,5406,340903,California
San Francisco,2021-03-30,11678,528934,7298,326673,4087,191163,293,11098,7088,156814,4568,191516,7427,348330,California
San Francisco,2021-03-31,12339,541273,8166,334839,3867,195030,306,11404,6001,156972,6307,197823,6465,354795,California
San Francisco,2021-04-01,13846,555119,7416,342255,4790,199820,1640,13044,6167,157683,7642,205465,8353,363148,California
San Francisco,2021-04-02,14765,569884,6648,348903,6285,206105,1832,14876,7210,159782,7536,213001,9635,372783,California
San Francisco,2021-04-03,10429,580313,4927,353830,3708,209813,1794,16670,4878,161106,5542,218543,6866,379649,California
San Francisco,2021-04-04,8699,589012,4565,358395,2582,212395,1552,18222,3476,160949,5211,223754,5054,384703,California
San Francisco,2021-04-05,13573,602585,7875,366270,4094,216489,1604,19826,5011,159119,8543,232297,6713,391416,California
San Francisco,2021-04-06,10927,613512,6070,372340,3912,220401,945,20771,4443,158083,6470,238767,5434,396850,California
San Joaquin,2020-12-15,12,12,12,12,0,0,0,0,12,12,0,0,12,12,California
San Joaquin,2020-12-16,436,448,436,448,0,0,0,0,436,448,0,0,436,448,California
San Joaquin,2020-12-17,387,835,387,835,0,0,0,0,387,835,0,0,387,835,California
San Joaquin,2020-12-18,575,1410,550,1385,25,25,0,0,575,1410,0,0,575,1410,California
San Joaquin,2020-12-19,202,1612,202,1587,0,25,0,0,202,1612,0,0,202,1612,California
San Joaquin,2020-12-20,112,1724,112,1699,0,25,0,0,112,1724,0,0,112,1724,California
San Joaquin,2020-12-21,556,2280,551,2250,5,30,0,0,556,2280,0,0,556,2280,California
San Joaquin,2020-12-22,1055,3335,896,3146,159,189,0,0,1054,3334,0,0,1054,3334,California
San Joaquin,2020-12-23,1023,4358,956,4102,67,256,0,0,1021,4355,0,0,1021,4355,California
San Joaquin,2020-12-24,221,4579,193,4295,28,284,0,0,220,4575,0,0,220,4575,California
San Joaquin,2020-12-25,14,4593,14,4309,0,284,0,0,14,4589,0,0,14,4589,California
San Joaquin,2020-12-26,100,4693,28,4337,72,356,0,0,100,4689,0,0,100,4689,California
San Joaquin,2020-12-27,40,4733,29,4366,11,367,0,0,40,4729,0,0,40,4729,California
San Joaquin,2020-12-28,647,5380,440,4806,207,574,0,0,647,5376,0,0,647,5376,California
San Joaquin,2020-12-29,874,6254,738,5544,136,710,0,0,874,6250,0,0,874,6250,California
San Joaquin,2020-12-30,1049,7303,743,6287,306,1016,0,0,1048,7298,0,0,1048,7298,California
San Joaquin,2020-12-31,451,7754,200,6487,251,1267,0,0,452,7750,0,0,452,7750,California
San Joaquin,2021-01-01,17,7771,10,6497,7,1274,0,0,17,7767,0,0,17,7767,California
San Joaquin,2021-01-02,250,8021,228,6725,22,1296,0,0,249,8016,0,0,249,8016,California
San Joaquin,2021-01-03,35,8056,18,6743,17,1313,0,0,34,8049,1,1,34,8050,California
San Joaquin,2021-01-04,484,8540,341,7084,143,1456,0,0,481,8530,0,1,481,8531,California
San Joaquin,2021-01-05,1026,9566,713,7797,313,1769,0,0,846,9204,181,182,855,9386,California
San Joaquin,2021-01-06,1303,10869,784,8581,519,2288,0,0,938,9786,360,542,942,10328,California
San Joaquin,2021-01-07,1131,12000,719,9300,412,2700,0,0,806,10273,321,863,808,11136,California
San Joaquin,2021-01-08,1340,13340,950,10250,390,3090,0,0,806,10550,530,1393,807,11943,California
San Joaquin,2021-01-09,373,13713,298,10548,75,3165,0,0,245,10667,128,1521,245,12188,California
San Joaquin,2021-01-10,217,13930,111,10659,106,3271,0,0,167,10784,50,1571,167,12355,California
San Joaquin,2021-01-11,1568,15498,1360,12019,208,3479,0,0,923,11068,644,2215,928,13283,California
San Joaquin,2021-01-12,1521,17019,1082,13101,439,3918,0,0,760,11078,759,2974,769,14052,California
San Joaquin,2021-01-13,1483,18502,845,13946,638,4556,0,0,960,11517,524,3498,963,15015,California
San Joaquin,2021-01-14,1591,20093,905,14851,686,5242,0,0,1226,12415,334,3832,1232,16247,California
San Joaquin,2021-01-15,1576,21669,681,15532,895,6137,0,0,1328,13518,227,4059,1330,17577,California
San Joaquin,2021-01-16,1174,22843,193,15725,981,7118,0,0,1149,14642,25,4084,1149,18726,California
San Joaquin,2021-01-17,1649,24492,125,15850,1524,8642,0,0,1620,16235,29,4113,1622,20348,California
San Joaquin,2021-01-18,721,25213,239,16089,482,9124,0,0,599,16716,118,4231,599,20947,California
San Joaquin,2021-01-19,1889,27102,898,16987,991,10115,0,0,1182,17199,704,4935,1187,22134,California
San Joaquin,2021-01-20,2139,29241,1316,18303,823,10938,0,0,1461,17989,677,5612,1467,23601,California
San Joaquin,2021-01-21,2006,31247,937,19240,1069,12007,0,0,1584,19162,417,6029,1590,25191,California
San Joaquin,2021-01-22,1985,33232,967,20207,1018,13025,0,0,1839,20862,143,6172,1843,27034,California
San Joaquin,2021-01-23,933,34165,401,20608,532,13557,0,0,661,21255,270,6442,663,27697,California
San Joaquin,2021-01-24,338,34503,129,20737,209,13766,0,0,317,21553,19,6461,317,28014,California
San Joaquin,2021-01-25,2012,36515,1173,21910,839,14605,0,0,1437,22420,574,7035,1441,29455,California
San Joaquin,2021-01-26,2205,38720,1165,23075,1040,15645,0,0,1561,23345,640,7675,1565,31020,California
San Joaquin,2021-01-27,1816,40536,820,23895,996,16641,0,0,1306,24150,507,8182,1312,32332,California
San Joaquin,2021-01-28,2148,42684,851,24746,1297,17938,0,0,1465,24937,681,8863,1468,33800,California
San Joaquin,2021-01-29,2273,44957,1145,25891,1128,19066,0,0,1894,26464,374,9237,1901,35701,California
San Joaquin,2021-01-30,2386,47343,333,26224,2053,21119,0,0,2206,28511,161,9398,2208,37909,California
San Joaquin,2021-01-31,1575,48918,181,26405,1394,22513,0,0,1497,29946,63,9461,1498,39407,California
San Joaquin,2021-02-01,2642,51560,1417,27822,1225,23738,0,0,1867,31045,770,10231,1869,41276,California
San Joaquin,2021-02-02,2711,54271,1244,29066,1467,25205,0,0,2079,32513,615,10846,2083,43359,California
San Joaquin,2021-02-03,3193,57464,1308,30374,1885,27090,0,0,2304,33938,884,11730,2309,45668,California
San Joaquin,2021-02-04,3565,61029,1813,32187,1752,28842,0,0,2749,35880,810,12540,2752,48420,California
San Joaquin,2021-02-05,3373,64402,1964,34151,1409,30251,0,0,2502,37517,868,13408,2505,50925,California
San Joaquin,2021-02-06,1132,65534,789,34940,343,30594,0,0,960,38309,170,13578,962,51887,California
San Joaquin,2021-02-07,612,66146,486,35426,126,30720,0,0,417,38538,188,13766,417,52304,California
San Joaquin,2021-02-08,1810,67956,1081,36507,729,31449,0,0,1507,39744,306,14072,1512,53816,California
San Joaquin,2021-02-09,2098,70054,1181,37688,917,32366,0,0,1639,40930,456,14528,1642,55458,California
San Joaquin,2021-02-10,2664,72718,1309,38997,1355,33721,0,0,1404,41101,1233,15761,1404,56862,California
San Joaquin,2021-02-11,2964,75682,1566,40563,1398,35119,0,0,1801,41765,1142,16903,1806,58668,California
San Joaquin,2021-02-12,2858,78540,1204,41767,1654,36773,0,0,1699,42315,1153,18056,1703,60371,California
San Joaquin,2021-02-13,2131,80671,404,42171,1727,38500,0,0,854,41909,1268,19324,862,61233,California
San Joaquin,2021-02-14,1891,82562,258,42429,1633,40133,0,0,684,41401,1193,20517,685,61918,California
San Joaquin,2021-02-15,1962,84524,823,43252,1139,41272,0,0,1189,41844,751,21268,1194,63112,California
San Joaquin,2021-02-16,3185,87709,1450,44702,1735,43007,0,0,1730,42137,1444,22712,1737,64849,California
San Joaquin,2021-02-17,3398,91107,1366,46068,2032,45039,0,0,1936,42629,1448,24160,1940,66789,California
San Joaquin,2021-02-18,3530,94637,1504,47572,2026,47065,0,0,2023,43175,1485,25645,2031,68820,California
San Joaquin,2021-02-19,4685,99322,2776,50348,1909,48974,0,0,2817,44161,1832,27477,2818,71638,California
San Joaquin,2021-02-20,1655,100977,638,50986,1017,49991,0,0,1146,44801,506,27983,1146,72784,California
San Joaquin,2021-02-21,611,101588,450,51436,161,50152,0,0,396,44983,215,28198,397,73181,California
San Joaquin,2021-02-22,4097,105685,3017,54453,1080,51232,0,0,3063,47042,1009,29207,3068,76249,California
San Joaquin,2021-02-23,4888,110573,3278,57731,1610,52842,0,0,3282,48758,1583,30790,3299,79548,California
San Joaquin,2021-02-24,6732,117305,4303,62034,2429,55271,0,0,5024,52109,1687,32477,5038,84586,California
San Joaquin,2021-02-25,7183,124488,4794,66828,2389,57660,0,0,4885,54737,2272,34749,4900,89486,California
San Joaquin,2021-02-26,6036,130524,3378,70206,2658,60318,0,0,4262,57269,1742,36491,4274,93760,California
San Joaquin,2021-02-27,5599,136123,1609,71815,3990,64308,0,0,2643,57009,2921,39412,2661,96421,California
San Joaquin,2021-02-28,3027,139150,1095,72910,1932,66240,0,0,1989,57980,1026,40438,1997,98418,California
San Joaquin,2021-03-01,4244,143394,1826,74736,2418,68658,0,0,2320,58401,1909,42347,2330,100748,California
San Joaquin,2021-03-02,4194,147588,1684,76420,2510,71168,0,0,2582,59457,1598,43945,2654,103402,California
San Joaquin,2021-03-03,6079,153667,3873,80293,2204,73372,2,2,4447,62299,1612,45557,4454,107856,California
San Joaquin,2021-03-04,5217,158884,2424,82717,2792,76164,1,3,3149,63483,1975,47532,3159,111015,California
San Joaquin,2021-03-05,4388,163272,1909,84626,2477,78641,2,5,2970,65055,1407,48939,2979,113994,California
San Joaquin,2021-03-06,3524,166796,2434,87060,968,79609,122,127,2939,67551,578,49517,3074,117068,California
San Joaquin,2021-03-07,1202,167998,545,87605,616,80225,41,168,932,68256,254,49771,959,118027,California
San Joaquin,2021-03-08,3021,171019,1201,88806,1716,81941,104,272,2035,69425,979,50750,2148,120175,California
San Joaquin,2021-03-09,4257,175276,1886,90692,2250,84191,121,393,2713,70735,1529,52279,2839,123014,California
San Joaquin,2021-03-10,5061,180337,2664,93356,2272,86463,125,518,3595,73004,1451,53730,3720,126734,California
San Joaquin,2021-03-11,5233,185570,2499,95855,2155,88618,579,1097,2903,74173,2319,56049,3488,130222,California
San Joaquin,2021-03-12,6621,192191,3493,99348,2851,91469,277,1374,3911,75780,2689,58738,4296,134518,California
San Joaquin,2021-03-13,3014,195205,1528,100876,1365,92834,121,1495,2125,77221,883,59621,2324,136842,California
San Joaquin,2021-03-14,1831,197036,585,101461,951,93785,295,1790,939,77572,888,60509,1239,138081,California
San Joaquin,2021-03-15,6610,203646,4049,105510,2163,95948,398,2188,3268,77940,3325,63834,3693,141774,California
San Joaquin,2021-03-16,7697,211343,4716,110226,2735,98683,246,2434,4317,79146,3372,67206,4578,146352,California
San Joaquin,2021-03-17,8943,220286,5801,116027,3070,101753,72,2506,4689,79687,4235,71441,4776,151128,California
San Joaquin,2021-03-18,8452,228738,5355,121382,2601,104354,496,3002,3896,79558,4523,75964,4394,155522,California
San Joaquin,2021-03-19,8352,237090,5022,126404,2796,107150,534,3536,4813,81429,3520,79484,5391,160913,California
San Joaquin,2021-03-20,3516,240606,1951,128355,1345,108495,220,3756,1742,81656,1757,81241,1984,162897,California
San Joaquin,2021-03-21,2312,242918,1669,130024,431,108926,212,3968,1386,82401,922,82163,1667,164564,California
San Joaquin,2021-03-22,4381,247299,2375,132399,1595,110521,411,4379,2774,84000,1595,83758,3194,167758,California
San Joaquin,2021-03-23,5671,252970,2891,135290,2619,113140,161,4540,4034,86582,1621,85379,4203,171961,California
San Joaquin,2021-03-24,7421,260391,4729,140019,2604,115744,88,4628,3253,85793,4150,89529,3361,175322,California
San Joaquin,2021-03-25,5933,266324,3597,143616,2298,118042,38,4666,3689,87321,2224,91753,3752,179074,California
San Joaquin,2021-03-26,6389,272713,2653,146269,3592,121634,144,4810,3426,88013,2931,94684,3623,182697,California
San Joaquin,2021-03-27,4985,277698,2813,149082,2130,123764,42,4852,1972,87070,2995,97679,2052,184749,California
San Joaquin,2021-03-28,2773,280471,1842,150924,904,124668,27,4879,1414,87261,1346,99025,1537,186286,California
San Joaquin,2021-03-29,4153,284624,2242,153166,1883,126551,28,4907,2187,87575,1949,100974,2263,188549,California
San Joaquin,2021-03-30,6188,290812,3083,156249,3069,129620,36,4943,3574,88624,2600,103574,3649,192198,California
San Joaquin,2021-03-31,5848,296660,3301,159550,2485,132105,62,5005,3265,89426,2570,106144,3372,195570,California
San Joaquin,2021-04-01,5426,302086,2712,162262,2641,134746,73,5078,3119,90431,2292,108436,3297,198867,California
San Joaquin,2021-04-02,4805,306891,1767,164029,2577,137323,461,5539,2220,90625,2567,111003,2761,201628,California
San Joaquin,2021-04-03,3476,310367,1719,165748,1452,138775,305,5844,1527,90556,1939,112942,1870,203498,California
San Joaquin,2021-04-04,1563,311930,679,166427,698,139473,186,6030,975,91144,584,113526,1172,204670,California
San Joaquin,2021-04-05,2649,314579,1326,167753,1255,140728,68,6098,1572,91757,1073,114599,1686,206356,California
San Joaquin,2021-04-06,1552,316131,1014,168767,491,141219,47,6145,1022,92604,525,115124,1372,207728,California
San Luis Obispo,2020-12-16,4,4,4,4,0,0,0,0,4,4,0,0,4,4,California
San Luis Obispo,2020-12-17,196,200,196,200,0,0,0,0,196,200,0,0,196,200,California
San Luis Obispo,2020-12-18,223,423,223,423,0,0,0,0,223,423,0,0,223,423,California
San Luis Obispo,2020-12-19,164,587,164,587,0,0,0,0,164,587,0,0,164,587,California
San Luis Obispo,2020-12-20,215,802,215,802,0,0,0,0,215,802,0,0,215,802,California
San Luis Obispo,2020-12-21,552,1354,552,1354,0,0,0,0,552,1354,0,0,552,1354,California
San Luis Obispo,2020-12-22,307,1661,303,1657,4,4,0,0,307,1661,0,0,307,1661,California
San Luis Obispo,2020-12-23,683,2344,370,2027,313,317,0,0,683,2344,0,0,683,2344,California
San Luis Obispo,2020-12-24,195,2539,19,2046,176,493,0,0,195,2539,0,0,195,2539,California
San Luis Obispo,2020-12-25,2,2541,1,2047,1,494,0,0,2,2541,0,0,2,2541,California
San Luis Obispo,2020-12-26,90,2631,12,2059,78,572,0,0,90,2631,0,0,90,2631,California
San Luis Obispo,2020-12-27,75,2706,0,2059,75,647,0,0,75,2706,0,0,75,2706,California
San Luis Obispo,2020-12-28,878,3584,431,2490,447,1094,0,0,878,3584,0,0,878,3584,California
San Luis Obispo,2020-12-29,903,4487,502,2992,401,1495,0,0,903,4487,0,0,903,4487,California
San Luis Obispo,2020-12-30,1176,5663,683,3675,493,1988,0,0,1176,5663,0,0,1176,5663,California
San Luis Obispo,2020-12-31,106,5769,4,3679,102,2090,0,0,106,5769,0,0,106,5769,California
San Luis Obispo,2021-01-01,11,5780,7,3686,4,2094,0,0,11,5780,0,0,11,5780,California
San Luis Obispo,2021-01-02,31,5811,7,3693,24,2118,0,0,31,5811,0,0,31,5811,California
San Luis Obispo,2021-01-03,16,5827,6,3699,10,2128,0,0,16,5827,0,0,16,5827,California
San Luis Obispo,2021-01-04,675,6502,525,4224,150,2278,0,0,675,6502,0,0,675,6502,California
San Luis Obispo,2021-01-05,978,7480,760,4984,218,2496,0,0,976,7476,2,2,976,7478,California
San Luis Obispo,2021-01-06,728,8208,483,5467,245,2741,0,0,720,8189,7,9,720,8198,California
San Luis Obispo,2021-01-07,1129,9337,950,6417,179,2920,0,0,687,8434,442,451,687,8885,California
San Luis Obispo,2021-01-08,881,10218,805,7222,76,2996,0,0,511,8577,369,820,512,9397,California
San Luis Obispo,2021-01-09,206,10424,198,7420,8,3004,0,0,28,8427,178,998,28,9425,California
San Luis Obispo,2021-01-10,11,10435,7,7427,4,3008,0,0,7,8430,4,1002,7,9432,California
San Luis Obispo,2021-01-11,526,10961,476,7903,50,3058,0,0,264,8433,261,1263,264,9696,California
San Luis Obispo,2021-01-12,598,11559,380,8283,218,3276,0,0,320,8475,278,1541,320,10016,California
San Luis Obispo,2021-01-13,881,12440,254,8537,627,3903,0,0,642,8880,237,1778,642,10658,California
San Luis Obispo,2021-01-14,731,13171,242,8779,489,4392,0,0,606,9374,112,1890,606,11264,California
San Luis Obispo,2021-01-15,735,13906,292,9071,443,4835,0,0,557,9758,173,2063,557,11821,California
San Luis Obispo,2021-01-16,99,14005,81,9152,18,4853,0,0,94,9847,5,2068,94,11915,California
San Luis Obispo,2021-01-17,66,14071,60,9212,6,4859,0,0,66,9913,0,2068,66,11981,California
San Luis Obispo,2021-01-18,1375,15446,389,9601,986,5845,0,0,1113,10764,262,2330,1113,13094,California
San Luis Obispo,2021-01-19,1584,17030,419,10020,1165,7010,0,0,1176,11532,408,2738,1176,14270,California
San Luis Obispo,2021-01-20,1888,18918,598,10618,1290,8300,0,0,1298,12243,588,3326,1299,15569,California
San Luis Obispo,2021-01-21,1570,20488,466,11084,1104,9404,0,0,1198,13072,369,3695,1198,16767,California
San Luis Obispo,2021-01-22,1521,22009,508,11592,1013,10417,0,0,1206,13965,313,4008,1206,17973,California
San Luis Obispo,2021-01-23,309,22318,292,11884,17,10434,0,0,294,14244,15,4023,294,18267,California
San Luis Obispo,2021-01-24,244,22562,238,12122,6,10440,0,0,239,14477,6,4029,239,18506,California
San Luis Obispo,2021-01-25,2071,24633,607,12729,1464,11904,0,0,1243,14894,828,4857,1245,19751,California
San Luis Obispo,2021-01-26,2001,26634,703,13432,1298,13202,0,0,1134,15163,865,5722,1134,20885,California
San Luis Obispo,2021-01-27,1609,28243,277,13709,1332,14534,0,0,1146,15846,463,6185,1146,22031,California
San Luis Obispo,2021-01-28,1477,29720,336,14045,1141,15675,0,0,1214,16798,262,6447,1214,23245,California
San Luis Obispo,2021-01-29,1725,31445,676,14721,1049,16724,0,0,1443,17959,282,6729,1443,24688,California
San Luis Obispo,2021-01-30,36,31481,17,14738,19,16743,0,0,26,17976,9,6738,26,24714,California
San Luis Obispo,2021-01-31,26,31507,20,14758,6,16749,0,0,23,17996,3,6741,23,24737,California
San Luis Obispo,2021-02-01,1651,33158,702,15460,949,17698,0,0,1383,19111,268,7009,1383,26120,California
San Luis Obispo,2021-02-02,1889,35047,673,16133,1216,18914,0,0,1512,20247,376,7385,1512,27632,California
San Luis Obispo,2021-02-03,1698,36745,727,16860,971,19885,0,0,1287,21123,411,7796,1287,28919,California
San Luis Obispo,2021-02-04,1654,38399,800,17660,854,20739,0,0,1086,21642,567,8363,1086,30005,California
San Luis Obispo,2021-02-05,1591,39990,719,18379,872,21611,0,0,1047,22145,545,8908,1048,31053,California
San Luis Obispo,2021-02-06,158,40148,92,18471,66,21677,0,0,94,22175,64,8972,94,31147,California
San Luis Obispo,2021-02-07,142,40290,97,18568,45,21722,0,0,73,22179,69,9041,73,31220,California
San Luis Obispo,2021-02-08,849,41139,463,19031,386,22108,0,0,490,22311,358,9399,490,31710,California
San Luis Obispo,2021-02-09,1118,42257,445,19476,673,22781,0,0,537,22279,576,9975,544,32254,California
San Luis Obispo,2021-02-10,1425,43682,487,19963,938,23719,0,0,521,21902,901,10876,524,32778,California
San Luis Obispo,2021-02-11,1326,45008,839,20802,487,24206,0,0,653,21885,670,11546,653,33431,California
San Luis Obispo,2021-02-12,776,45784,357,21159,419,24625,0,0,410,21929,366,11912,410,33841,California
San Luis Obispo,2021-02-13,385,46169,124,21283,261,24886,0,0,278,22101,106,12018,278,34119,California
San Luis Obispo,2021-02-14,308,46477,42,21325,266,25152,0,0,271,22335,37,12055,271,34390,California
San Luis Obispo,2021-02-15,708,47185,133,21458,575,25727,0,0,455,22540,250,12305,455,34845,California
San Luis Obispo,2021-02-16,2955,50140,1189,22647,1766,27493,0,0,1349,22292,1597,13902,1349,36194,California
San Luis Obispo,2021-02-17,2762,52902,1223,23870,1539,29032,0,0,1021,21579,1734,15636,1021,37215,California
San Luis Obispo,2021-02-18,2809,55711,1442,25312,1367,30399,0,0,1119,21015,1683,17319,1119,38334,California
San Luis Obispo,2021-02-19,1436,57147,1318,26630,118,30517,0,0,1113,21807,322,17641,1114,39448,California
San Luis Obispo,2021-02-20,253,57400,84,26714,169,30686,0,0,217,21988,36,17677,217,39665,California
San Luis Obispo,2021-02-21,44,57444,41,26755,3,30689,0,0,28,22000,16,17693,28,39693,California
San Luis Obispo,2021-02-22,2397,59841,1850,28605,547,31236,0,0,1456,22515,941,18634,1456,41149,California
San Luis Obispo,2021-02-23,1852,61693,1739,30344,113,31349,0,0,1363,23391,487,19121,1363,42512,California
San Luis Obispo,2021-02-24,2638,64331,1295,31639,1343,32692,0,0,832,22420,1803,20924,832,43344,California
San Luis Obispo,2021-02-25,2119,66450,1238,32877,881,33573,0,0,1200,22708,913,21837,1201,44545,California
San Luis Obispo,2021-02-26,2610,69060,1128,34005,1482,35055,0,0,1307,22717,1298,23135,1307,45852,California
San Luis Obispo,2021-02-27,568,69628,344,34349,224,35279,0,0,521,23191,47,23182,521,46373,California
San Luis Obispo,2021-02-28,196,69824,73,34422,123,35402,0,0,165,23329,27,23209,165,46538,California
San Luis Obispo,2021-03-01,2886,72710,1784,36206,1101,36503,1,1,1980,24406,906,24115,1983,48521,California
San Luis Obispo,2021-03-02,2737,75447,1686,37892,1051,37554,0,1,1653,24978,1082,25197,1654,50175,California
San Luis Obispo,2021-03-03,2065,77512,291,38183,1774,39328,0,1,691,24299,1371,26568,692,50867,California
San Luis Obispo,2021-03-04,1973,79485,1007,39190,966,40294,0,1,1022,24375,949,27517,1025,51892,California
San Luis Obispo,2021-03-05,2100,81585,889,40079,1142,41436,69,70,1151,24655,940,28457,1220,53112,California
San Luis Obispo,2021-03-06,805,82390,303,40382,406,41842,96,166,602,25144,203,28660,692,53804,California
San Luis Obispo,2021-03-07,207,82597,35,40417,93,41935,79,245,82,25183,123,28783,162,53966,California
San Luis Obispo,2021-03-08,2497,85094,724,41141,1472,43407,301,546,1345,25683,1150,29933,1650,55616,California
San Luis Obispo,2021-03-09,2718,87812,896,42037,1579,44986,243,789,1353,25917,1362,31295,1596,57212,California
San Luis Obispo,2021-03-10,2602,90414,985,43022,1437,46423,180,969,1387,26270,1214,32509,1567,58779,California
San Luis Obispo,2021-03-11,2642,93056,1110,44132,1253,47676,279,1248,1422,26754,1216,33725,1700,60479,California
San Luis Obispo,2021-03-12,2658,95714,1172,45304,1227,48903,259,1507,1299,26960,1354,35079,1560,62039,California
San Luis Obispo,2021-03-13,562,96276,227,45531,224,49127,111,1618,345,27198,217,35296,455,62494,California
San Luis Obispo,2021-03-14,320,96596,41,45572,172,49299,107,1725,77,27140,242,35538,184,62678,California
San Luis Obispo,2021-03-15,2753,99349,1047,46619,1615,50914,91,1816,1285,27051,1466,37004,1377,64055,California
San Luis Obispo,2021-03-16,2601,101950,1436,48055,1066,51980,99,1915,1263,27080,1333,38337,1362,65417,California
San Luis Obispo,2021-03-17,3002,104952,1345,49400,1425,53405,232,2147,1655,27624,1343,39680,1887,67304,California
San Luis Obispo,2021-03-18,2277,107229,1256,50656,844,54249,177,2324,964,27454,1312,40992,1142,68446,California
San Luis Obispo,2021-03-19,2194,109423,1362,52018,526,54775,306,2630,715,27001,1478,42470,1025,69471,California
San Luis Obispo,2021-03-20,714,110137,463,52481,217,54992,34,2664,312,26946,401,42871,346,69817,California
San Luis Obispo,2021-03-21,184,110321,49,52530,132,55124,3,2667,157,27079,27,42898,160,69977,California
San Luis Obispo,2021-03-22,2521,112842,1146,53676,1338,56462,37,2704,1720,28068,800,43698,1789,71766,California
San Luis Obispo,2021-03-23,3268,116110,2166,55842,1088,57550,14,2718,2178,29230,1087,44785,2249,74015,California
San Luis Obispo,2021-03-24,3327,119437,2045,57887,1211,58761,71,2789,2485,30998,837,45622,2605,76620,California
San Luis Obispo,2021-03-25,3570,123007,2275,60162,1284,60045,11,2800,2551,32619,1019,46641,2640,79260,California
San Luis Obispo,2021-03-26,3098,126105,1734,61896,941,60986,423,3223,1726,33461,1368,48009,2210,81470,California
San Luis Obispo,2021-03-27,980,127085,501,62397,390,61376,89,3312,453,33479,527,48536,545,82015,California
San Luis Obispo,2021-03-28,448,127533,155,62552,238,61614,55,3367,243,33573,205,48741,299,82314,California
San Luis Obispo,2021-03-29,2585,130118,1282,63834,1174,62788,129,3496,1669,34519,906,49647,1852,84166,California
San Luis Obispo,2021-03-30,3472,133590,1891,65725,1447,64235,134,3630,2338,35936,1131,50778,2548,86714,California
San Luis Obispo,2021-03-31,3796,137386,2436,68161,1221,65456,139,3769,2493,37528,1292,52070,2884,89598,California
San Luis Obispo,2021-04-01,3752,141138,2392,70553,1277,66733,83,3852,2659,39251,1085,53155,2808,92406,California
San Luis Obispo,2021-04-02,1705,142843,670,71223,729,67462,306,4158,927,39710,778,53933,1237,93643,California
San Luis Obispo,2021-04-03,1072,143915,535,71758,417,67879,120,4278,470,39723,595,54528,608,94251,California
San Luis Obispo,2021-04-04,388,144303,132,71890,215,68094,41,4319,237,39854,151,54679,282,94533,California
San Luis Obispo,2021-04-05,3028,147331,1660,73550,1314,69408,54,4373,1748,40515,1279,55958,1940,96473,California
San Luis Obispo,2021-04-06,481,147812,82,73632,348,69756,51,4424,221,40543,255,56213,283,96756,California
San Mateo,2020-12-15,25,25,25,25,0,0,0,0,25,25,0,0,25,25,California
San Mateo,2020-12-16,105,130,105,130,0,0,0,0,105,130,0,0,105,130,California
San Mateo,2020-12-17,179,309,179,309,0,0,0,0,179,309,0,0,179,309,California
San Mateo,2020-12-18,769,1078,767,1076,2,2,0,0,768,1076,1,1,768,1077,California
San Mateo,2020-12-19,525,1603,525,1601,0,2,0,0,525,1601,0,1,525,1602,California
San Mateo,2020-12-20,513,2116,512,2113,1,3,0,0,513,2114,0,1,513,2115,California
San Mateo,2020-12-21,1155,3271,1155,3268,0,3,0,0,1155,3269,0,1,1155,3270,California
San Mateo,2020-12-22,1510,4781,1503,4771,7,10,0,0,1510,4779,0,1,1510,4780,California
San Mateo,2020-12-23,1562,6343,1376,6147,186,196,0,0,1562,6341,0,1,1562,6342,California
San Mateo,2020-12-24,859,7202,603,6750,256,452,0,0,859,7200,0,1,859,7201,California
San Mateo,2020-12-25,112,7314,108,6858,4,456,0,0,112,7312,0,1,112,7313,California
San Mateo,2020-12-26,555,7869,412,7270,143,599,0,0,555,7867,0,1,555,7868,California
San Mateo,2020-12-27,297,8166,168,7438,129,728,0,0,297,8164,0,1,297,8165,California
San Mateo,2020-12-28,1040,9206,695,8133,345,1073,0,0,1040,9204,0,1,1040,9205,California
San Mateo,2020-12-29,1125,10331,706,8839,419,1492,0,0,1125,10329,0,1,1125,10330,California
San Mateo,2020-12-30,1259,11590,757,9596,502,1994,0,0,1258,11586,1,2,1258,11588,California
San Mateo,2020-12-31,706,12296,222,9818,484,2478,0,0,705,12290,1,3,705,12293,California
San Mateo,2021-01-01,35,12331,30,9848,5,2483,0,0,35,12325,0,3,35,12328,California
San Mateo,2021-01-02,397,12728,267,10115,130,2613,0,0,397,12722,0,3,397,12725,California
San Mateo,2021-01-03,281,13009,206,10321,75,2688,0,0,277,12995,4,7,277,13002,California
San Mateo,2021-01-04,1051,14060,678,10999,373,3061,0,0,1050,14044,1,8,1050,14052,California
San Mateo,2021-01-05,1186,15246,697,11696,489,3550,0,0,1158,15175,28,36,1159,15211,California
San Mateo,2021-01-06,1441,16687,948,12644,493,4043,0,0,1260,16257,178,214,1260,16471,California
San Mateo,2021-01-07,1421,18108,775,13419,646,4689,0,0,1143,17131,271,485,1145,17616,California
San Mateo,2021-01-08,1814,19922,1169,14588,645,5334,0,0,1129,17580,681,1166,1130,18746,California
San Mateo,2021-01-09,1189,21111,788,15376,401,5735,0,0,740,17871,449,1615,740,19486,California
San Mateo,2021-01-10,681,21792,553,15929,128,5863,0,0,258,17706,423,2038,258,19744,California
San Mateo,2021-01-11,2410,24202,1305,17234,1105,6968,0,0,1501,18299,910,2948,1503,21247,California
San Mateo,2021-01-12,3276,27478,1764,18998,1512,8480,0,0,2090,19207,1186,4134,2094,23341,California
San Mateo,2021-01-13,3465,30943,1748,20746,1717,10197,0,0,2437,20619,1028,5162,2440,25781,California
San Mateo,2021-01-14,3763,34706,1570,22316,2193,12390,0,0,3087,23037,675,5837,3093,28874,California
San Mateo,2021-01-15,4385,39091,1807,24123,2578,14968,0,0,3801,26261,582,6419,3806,32680,California
San Mateo,2021-01-16,3131,42222,821,24944,2310,17278,0,0,2776,28683,355,6774,2777,35457,California
San Mateo,2021-01-17,1316,43538,308,25252,1008,18286,0,0,1112,29591,204,6978,1112,36569,California
San Mateo,2021-01-18,1394,44932,556,25808,838,19124,0,0,989,30183,403,7381,995,37564,California
San Mateo,2021-01-19,2777,47709,1767,27575,1010,20134,0,0,1998,31408,778,8159,2003,39567,California
San Mateo,2021-01-20,2644,50353,1394,28969,1250,21384,0,0,1809,32388,830,8989,1810,41377,California
San Mateo,2021-01-21,2814,53167,1279,30248,1535,22919,0,0,2226,34032,587,9576,2231,43608,California
San Mateo,2021-01-22,2837,56004,1179,31427,1658,24577,0,0,2492,36181,343,9919,2492,46100,California
San Mateo,2021-01-23,2884,58888,1689,33116,1195,25772,0,0,2524,38346,360,10279,2525,48625,California
San Mateo,2021-01-24,1581,60469,397,33513,1184,26956,0,0,1252,39271,327,10606,1252,49877,California
San Mateo,2021-01-25,4395,64864,3117,36630,1278,28234,0,0,3533,41948,859,11465,3536,53413,California
San Mateo,2021-01-26,4301,69165,2998,39628,1303,29537,0,0,3383,44414,917,12382,3383,56796,California
San Mateo,2021-01-27,2747,71912,1433,41061,1314,30851,0,0,1778,45227,965,13347,1778,58574,California
San Mateo,2021-01-28,2797,74709,1363,42424,1434,32285,0,0,1941,46332,837,14184,1942,60516,California
San Mateo,2021-01-29,2905,77614,1271,43695,1634,33919,0,0,2132,47694,770,14954,2132,62648,California
San Mateo,2021-01-30,3231,80845,1336,45031,1895,35814,0,0,2911,50287,319,15273,2912,65560,California
San Mateo,2021-01-31,1909,82754,1125,46156,784,36598,0,0,1520,51424,384,15657,1521,67081,California
San Mateo,2021-02-01,2911,85665,1334,47490,1577,38175,0,0,2208,52938,699,16356,2213,69294,California
San Mateo,2021-02-02,3147,88812,1722,49212,1425,39600,0,0,2141,54075,1004,17360,2141,71435,California
San Mateo,2021-02-03,4864,93676,1937,51149,2927,42527,0,0,3817,56849,1044,18404,3818,75253,California
San Mateo,2021-02-04,6276,99952,2586,53735,3690,46217,0,0,4918,60417,1352,19756,4920,80173,California
San Mateo,2021-02-05,6769,106721,2546,56281,4223,50440,0,0,4949,63566,1802,21558,4951,85124,California
San Mateo,2021-02-06,3287,110008,1920,58201,1367,51807,0,0,2633,65546,654,22212,2634,87758,California
San Mateo,2021-02-07,1889,111897,1332,59533,557,52364,0,0,1703,67063,186,22398,1703,89461,California
San Mateo,2021-02-08,5263,117160,2236,61769,3027,55391,0,0,3088,68039,2112,24510,3088,92549,California
San Mateo,2021-02-09,6160,123320,3212,64981,2948,58339,0,0,3324,68531,2832,27342,3324,95873,California
San Mateo,2021-02-10,6500,129820,3283,68264,3217,61556,0,0,3542,69124,2949,30291,3542,99415,California
San Mateo,2021-02-11,6998,136818,3563,71827,3435,64991,0,0,3789,69714,3201,33492,3791,103206,California
San Mateo,2021-02-12,6580,143398,2950,74777,3630,68621,0,0,4682,72504,1893,35385,4683,107889,California
San Mateo,2021-02-13,6077,149475,3984,78761,2093,70714,0,0,2636,71702,3438,38823,2636,110525,California
San Mateo,2021-02-14,4622,154097,3015,81776,1607,72321,0,0,1966,71016,2653,41476,1967,112492,California
San Mateo,2021-02-15,3147,157244,1454,83230,1693,74014,0,0,1775,71424,1369,42845,1777,114269,California
San Mateo,2021-02-16,7123,164367,1857,85087,5266,79280,0,0,5278,74857,1845,44690,5278,119547,California
San Mateo,2021-02-17,7025,171392,1917,87004,5108,84388,0,0,5041,77920,1979,46669,5042,124589,California
San Mateo,2021-02-18,6659,178051,4626,91630,2033,86421,0,0,4424,80125,2220,48889,4425,129014,California
San Mateo,2021-02-19,7775,185826,5586,97216,2189,88610,0,0,5794,83942,1977,50866,5794,134808,California
San Mateo,2021-02-20,3713,189539,2397,99613,1316,89926,0,0,2295,84825,1412,52278,2295,137103,California
San Mateo,2021-02-21,2238,191777,1387,101000,851,90777,0,0,1229,85048,1006,53284,1229,138332,California
San Mateo,2021-02-22,4357,196134,3148,104148,1209,91986,0,0,2739,86178,1612,54896,2742,141074,California
San Mateo,2021-02-23,4219,200353,2989,107137,1230,93216,0,0,2429,86823,1786,56682,2431,143505,California
San Mateo,2021-02-24,7275,207628,3274,110411,4001,97217,0,0,4845,89246,2424,59106,4847,148352,California
San Mateo,2021-02-25,8942,216570,3981,114392,4961,102178,0,0,5905,92130,3022,62128,5906,154258,California
San Mateo,2021-02-26,9608,226178,3671,118063,5937,108115,0,0,6708,95950,2889,65017,6709,160967,California
San Mateo,2021-02-27,6617,232795,3398,121461,3219,111334,0,0,3572,96488,3040,68057,3578,164545,California
San Mateo,2021-02-28,4083,236878,2471,123932,1612,112946,0,0,2533,97476,1547,69604,2535,167080,California
San Mateo,2021-03-01,5587,242465,3509,127441,2078,115024,0,0,2773,97443,2806,72410,2773,169853,California
San Mateo,2021-03-02,5598,248063,3878,131319,1719,116743,1,1,3214,98283,2375,74785,3215,173068,California
San Mateo,2021-03-03,7668,255731,3563,134882,4105,120848,0,1,3131,96886,4529,79314,3132,176200,California
San Mateo,2021-03-04,7535,263266,3583,138465,3950,124798,2,3,3297,95963,4228,83542,3305,179505,California
San Mateo,2021-03-05,8113,271379,5589,144054,2522,127320,2,5,5856,99585,2243,85785,5865,185370,California
San Mateo,2021-03-06,7601,278980,5311,149365,2126,129446,164,169,5597,103352,1996,87781,5763,191133,California
San Mateo,2021-03-07,3428,282408,2279,151644,1077,130523,72,241,1964,103927,1461,89242,2036,193169,California
San Mateo,2021-03-08,4299,286707,2414,154058,1711,132234,174,415,3150,106109,1146,90388,3328,196497,California
San Mateo,2021-03-09,4465,291172,2082,156140,2103,134337,280,695,2926,107784,1531,91919,3206,199703,California
San Mateo,2021-03-10,6673,297845,2561,158701,3839,138176,273,968,4335,110065,2331,94250,4612,204315,California
San Mateo,2021-03-11,7309,305154,4103,162804,2867,141043,339,1307,3398,109904,3901,98151,3740,208055,California
San Mateo,2021-03-12,8195,313349,4694,167498,3224,144267,277,1584,3191,108385,4991,103142,3472,211527,California
San Mateo,2021-03-13,7344,320693,3158,170656,2645,146912,1541,3125,3618,109818,3723,106865,5156,216683,California
San Mateo,2021-03-14,4658,325351,3238,173894,1320,148232,100,3225,2852,110970,1800,108665,2952,219635,California
San Mateo,2021-03-15,7037,332388,4523,178417,2345,150577,169,3394,3792,111692,3239,111904,3961,223596,California
San Mateo,2021-03-16,10871,343259,4369,182786,6372,156949,130,3524,4819,110607,6037,117941,4952,228548,California
San Mateo,2021-03-17,9688,352947,4247,187033,5320,162269,121,3645,4718,110505,4949,122890,4847,233395,California
San Mateo,2021-03-18,6195,359142,3476,190509,2548,164817,171,3816,3574,111634,2619,125509,3748,237143,California
San Mateo,2021-03-19,6140,365282,4149,194658,1517,166334,474,4290,3026,112031,3106,128615,3503,240646,California
San Mateo,2021-03-20,6290,371572,5017,199675,1042,167376,231,4521,4397,114779,1880,130495,4628,245274,California
San Mateo,2021-03-21,4031,375603,3029,202704,771,168147,231,4752,2298,115580,1724,132219,2525,247799,California
San Mateo,2021-03-22,5298,380901,3587,206291,1290,169437,421,5173,2946,116612,2338,134557,3370,251169,California
San Mateo,2021-03-23,9766,390667,4454,210745,5115,174552,197,5370,4743,116573,4999,139556,4960,256129,California
San Mateo,2021-03-24,9554,400221,5502,216247,3906,178458,146,5516,4311,115972,5191,144747,4590,260719,California
San Mateo,2021-03-25,9951,410172,4869,221116,4825,183283,257,5773,4471,115370,5388,150135,4786,265505,California
San Mateo,2021-03-26,11097,421269,7610,228726,3319,186602,168,5941,4488,113564,6579,156714,4773,270278,California
San Mateo,2021-03-27,10337,431606,7882,236608,2341,188943,114,6055,4636,112716,5681,162395,4833,275111,California
San Mateo,2021-03-28,4217,435823,2757,239365,1348,190291,112,6167,2119,112869,2092,164487,2245,277356,California
San Mateo,2021-03-29,6046,441869,3716,243081,2069,192360,261,6428,2876,112878,3155,167642,3164,280520,California
San Mateo,2021-03-30,7171,449040,4054,247135,2951,195311,166,6594,4598,115138,2557,170199,4817,285337,California
San Mateo,2021-03-31,7311,456351,4604,251739,2559,197870,148,6742,4306,116671,2991,173190,4524,289861,California
San Mateo,2021-04-01,10356,466707,5034,256773,4141,202011,1181,7923,5649,119213,4684,177874,7226,297087,California
San Mateo,2021-04-02,10438,477145,5110,261883,3829,205840,1499,9422,5709,122205,4713,182587,7705,304792,California
San Mateo,2021-04-03,9549,486694,5480,267363,2385,208225,1684,11106,4883,124308,4657,187244,6760,311552,California
San Mateo,2021-04-04,5205,491899,2545,269908,1462,209687,1198,12304,1619,123578,3577,190821,2847,314399,California
San Mateo,2021-04-05,7554,499453,3697,273605,2350,212037,1507,13811,2948,123492,4597,195418,4511,318910,California
San Mateo,2021-04-06,9145,508598,5773,279378,2418,214455,954,14765,5692,126752,3449,198867,6709,325619,California
Santa Barbara,2020-12-15,2,2,2,2,0,0,0,0,2,2,0,0,2,2,California
Santa Barbara,2020-12-16,2,4,2,4,0,0,0,0,2,4,0,0,2,4,California
Santa Barbara,2020-12-17,51,55,51,55,0,0,0,0,51,55,0,0,51,55,California
Santa Barbara,2020-12-18,377,432,376,431,1,1,0,0,377,432,0,0,377,432,California
Santa Barbara,2020-12-19,325,757,325,756,0,1,0,0,325,757,0,0,325,757,California
Santa Barbara,2020-12-20,234,991,234,990,0,1,0,0,234,991,0,0,234,991,California
Santa Barbara,2020-12-21,649,1640,647,1637,2,3,0,0,649,1640,0,0,649,1640,California
Santa Barbara,2020-12-22,243,1883,241,1878,2,5,0,0,243,1883,0,0,243,1883,California
Santa Barbara,2020-12-23,320,2203,202,2080,118,123,0,0,320,2203,0,0,320,2203,California
Santa Barbara,2020-12-24,87,2290,40,2120,47,170,0,0,87,2290,0,0,87,2290,California
Santa Barbara,2020-12-26,328,2618,67,2187,261,431,0,0,328,2618,0,0,328,2618,California
Santa Barbara,2020-12-27,62,2680,1,2188,61,492,0,0,62,2680,0,0,62,2680,California
Santa Barbara,2020-12-28,352,3032,218,2406,134,626,0,0,352,3032,0,0,352,3032,California
Santa Barbara,2020-12-29,550,3582,358,2764,192,818,0,0,550,3582,0,0,550,3582,California
Santa Barbara,2020-12-30,583,4165,403,3167,180,998,0,0,583,4165,0,0,583,4165,California
Santa Barbara,2020-12-31,238,4403,112,3279,126,1124,0,0,238,4403,0,0,238,4403,California
Santa Barbara,2021-01-01,107,4510,106,3385,1,1125,0,0,107,4510,0,0,107,4510,California
Santa Barbara,2021-01-02,587,5097,224,3609,363,1488,0,0,587,5097,0,0,587,5097,California
Santa Barbara,2021-01-03,23,5120,15,3624,8,1496,0,0,23,5120,0,0,23,5120,California
Santa Barbara,2021-01-04,306,5426,243,3867,63,1559,0,0,305,5425,0,0,305,5425,California
Santa Barbara,2021-01-05,748,6174,376,4243,372,1931,0,0,722,6121,26,26,722,6147,California
Santa Barbara,2021-01-06,656,6830,273,4516,383,2314,0,0,598,6662,57,83,598,6745,California
Santa Barbara,2021-01-07,1028,7858,706,5222,322,2636,0,0,524,6686,500,583,524,7269,California
Santa Barbara,2021-01-08,1202,9060,839,6061,363,2999,0,0,709,6902,493,1076,709,7978,California
Santa Barbara,2021-01-09,568,9628,293,6354,275,3274,0,0,323,6980,245,1321,323,8301,California
Santa Barbara,2021-01-10,65,9693,51,6405,14,3288,0,0,49,7013,16,1337,49,8350,California
Santa Barbara,2021-01-11,840,10533,669,7074,171,3459,0,0,616,7406,223,1560,616,8966,California
Santa Barbara,2021-01-12,1428,11961,634,7708,794,4253,0,0,1271,8520,157,1717,1271,10237,California
Santa Barbara,2021-01-13,1229,13190,280,7988,949,5202,0,0,1104,9499,125,1842,1104,11341,California
Santa Barbara,2021-01-14,1245,14435,133,8121,1112,6314,0,0,1191,10637,53,1895,1191,12532,California
Santa Barbara,2021-01-15,1792,16227,414,8535,1378,7692,0,0,1713,12272,78,1973,1713,14245,California
Santa Barbara,2021-01-16,1271,17498,199,8734,1072,8764,0,0,1233,13468,37,2010,1233,15478,California
Santa Barbara,2021-01-17,125,17623,21,8755,104,8868,0,0,121,13585,4,2014,121,15599,California
Santa Barbara,2021-01-18,1150,18773,416,9171,734,9602,0,0,966,14368,183,2197,966,16565,California
Santa Barbara,2021-01-19,1637,20410,565,9736,1072,10674,0,0,1359,15450,277,2474,1359,17924,California
Santa Barbara,2021-01-20,1985,22395,441,10177,1544,12218,0,0,1696,16858,288,2762,1696,19620,California
Santa Barbara,2021-01-21,3086,25481,1815,11992,1271,13489,0,0,2934,19641,152,2914,2935,22555,California
Santa Barbara,2021-01-22,2996,28477,1851,13843,1145,14634,0,0,2851,22350,142,3056,2851,25406,California
Santa Barbara,2021-01-23,1733,30210,1107,14950,626,15260,0,0,1223,23064,509,3565,1223,26629,California
Santa Barbara,2021-01-24,845,31055,754,15704,91,15351,0,0,837,23893,8,3573,837,27466,California
Santa Barbara,2021-01-25,1232,32287,492,16196,740,16091,0,0,995,24651,237,3810,995,28461,California
Santa Barbara,2021-01-26,2036,34323,459,16655,1577,17668,0,0,1652,25922,382,4192,1653,30114,California
Santa Barbara,2021-01-27,1154,35477,399,17054,755,18423,0,0,899,26567,254,4446,899,31013,California
Santa Barbara,2021-01-28,890,36367,293,17347,597,19020,0,0,680,27040,207,4653,680,31693,California
Santa Barbara,2021-01-29,1328,37695,533,17880,795,19815,0,0,975,27667,350,5003,977,32670,California
Santa Barbara,2021-01-30,1894,39589,1422,19302,472,20287,0,0,1491,28758,400,5403,1491,34161,California
Santa Barbara,2021-01-31,1458,41047,1221,20523,237,20524,0,0,1418,30136,40,5443,1418,35579,California
Santa Barbara,2021-02-01,933,41980,518,21041,415,20939,0,0,546,30296,386,5829,546,36125,California
Santa Barbara,2021-02-02,1810,43790,694,21735,1116,22055,0,0,1037,30563,770,6599,1037,37162,California
Santa Barbara,2021-02-03,1944,45734,1077,22812,867,22922,0,0,1500,31629,434,7033,1500,38662,California
Santa Barbara,2021-02-04,2775,48509,1859,24671,916,23838,0,0,2481,33821,289,7322,2481,41143,California
Santa Barbara,2021-02-05,2900,51409,2057,26728,843,24681,0,0,2259,35440,640,7962,2259,43402,California
Santa Barbara,2021-02-06,1200,52609,337,27065,863,25544,0,0,794,35828,406,8368,794,44196,California
Santa Barbara,2021-02-07,300,52909,262,27327,38,25582,0,0,265,36059,34,8402,265,44461,California
Santa Barbara,2021-02-08,953,53862,308,27635,645,26227,0,0,667,36440,286,8688,667,45128,California
Santa Barbara,2021-02-09,2432,56294,312,27947,2120,28347,0,0,1119,36255,1304,9992,1119,46247,California
Santa Barbara,2021-02-10,2753,59047,1495,29442,1258,29605,0,0,798,35104,1949,11941,798,47045,California
Santa Barbara,2021-02-11,4178,63225,2803,32245,1375,30980,0,0,619,32170,3553,15494,619,47664,California
Santa Barbara,2021-02-12,3298,66523,945,33190,2353,33333,0,0,769,30415,2524,18018,769,48433,California
Santa Barbara,2021-02-13,1233,67756,337,33527,896,34229,0,0,561,30307,669,18687,561,48994,California
Santa Barbara,2021-02-14,331,68087,33,33560,298,34527,0,0,285,30546,46,18733,285,49279,California
Santa Barbara,2021-02-15,953,69040,335,33895,618,35145,0,0,487,30571,462,19195,487,49766,California
Santa Barbara,2021-02-16,2112,71152,396,34291,1716,36861,0,0,721,29903,1389,20584,721,50487,California
Santa Barbara,2021-02-17,1425,72577,317,34608,1108,37969,0,0,512,29504,911,21495,512,50999,California
Santa Barbara,2021-02-18,3250,75827,2646,37254,604,38573,0,0,1518,29324,1698,23193,1518,52517,California
Santa Barbara,2021-02-19,3602,79429,2650,39904,952,39525,0,0,2335,30394,1265,24458,2335,54852,California
Santa Barbara,2021-02-20,2219,81648,1428,41332,791,40316,0,0,1669,31523,541,24999,1670,56522,California
Santa Barbara,2021-02-21,103,81751,77,41409,26,40342,0,0,51,31522,52,25051,51,56573,California
Santa Barbara,2021-02-22,907,82658,229,41638,678,41020,0,0,253,31128,647,25698,253,56826,California
Santa Barbara,2021-02-23,3179,85837,1042,42680,2137,43157,0,0,422,28795,2755,28453,422,57248,California
Santa Barbara,2021-02-24,3160,88997,1080,43760,2080,45237,0,0,710,27063,2442,30895,710,57958,California
Santa Barbara,2021-02-25,3452,92449,1917,45677,1535,46772,0,0,986,25590,2459,33354,986,58944,California
Santa Barbara,2021-02-26,3637,96086,2168,47845,1469,48241,0,0,1977,25913,1655,35009,1978,60922,California
Santa Barbara,2021-02-27,1517,97603,561,48406,956,49197,0,0,840,26084,672,35681,843,61765,California
Santa Barbara,2021-02-28,1071,98674,215,48621,856,50053,0,0,883,26783,185,35866,884,62649,California
Santa Barbara,2021-03-01,1582,100256,458,49079,1124,51177,0,0,1070,27346,509,36375,1072,63721,California
Santa Barbara,2021-03-02,2490,102746,388,49467,2102,53279,0,0,2014,28892,468,36843,2014,65735,California
Santa Barbara,2021-03-03,4452,107198,2067,51534,2383,55662,2,2,3885,32225,558,37401,3891,69626,California
Santa Barbara,2021-03-04,3356,110554,2252,53786,1104,56766,0,2,2814,34503,537,37938,2815,72441,California
Santa Barbara,2021-03-05,3744,114298,2153,55939,1535,58301,56,58,3047,36915,692,38630,3104,75545,California
Santa Barbara,2021-03-06,2368,116666,703,56642,1466,59767,199,257,1628,38003,738,39368,1826,77371,California
Santa Barbara,2021-03-07,544,117210,123,56765,305,60072,116,373,381,38338,163,39531,498,77869,California
Santa Barbara,2021-03-08,1521,118731,369,57134,840,60912,312,685,775,38682,743,40274,1087,78956,California
Santa Barbara,2021-03-09,2671,121402,328,57462,1631,62543,712,1397,685,38096,1982,42256,1396,80352,California
Santa Barbara,2021-03-10,2428,123830,415,57877,1110,63653,903,2300,864,38306,1557,43813,1767,82119,California
Santa Barbara,2021-03-11,5296,129126,2935,60812,1335,64988,1026,3326,2132,38308,3156,46969,3158,85277,California
Santa Barbara,2021-03-12,2970,132096,1798,62610,828,65816,344,3670,1819,39325,1147,48116,2164,87441,California
Santa Barbara,2021-03-13,2709,134805,1494,64104,1072,66888,143,3813,2183,41128,525,48641,2328,89769,California
Santa Barbara,2021-03-14,494,135299,242,64346,198,67086,54,3867,288,41264,206,48847,342,90111,California
Santa Barbara,2021-03-15,2041,137340,670,65016,1109,68195,262,4129,1239,41966,798,49645,1500,91611,California
Santa Barbara,2021-03-16,3558,140898,1133,66149,2089,70284,336,4465,2580,43909,973,50618,2916,94527,California
Santa Barbara,2021-03-17,3132,144030,882,67031,1852,72136,398,4863,2177,45531,953,51571,2575,97102,California
Santa Barbara,2021-03-18,3535,147565,2204,69235,1175,73311,156,5019,2496,47155,1030,52601,2654,99756,California
Santa Barbara,2021-03-19,3352,150917,1999,71234,1037,74348,316,5335,2171,48466,1178,53779,2489,102245,California
Santa Barbara,2021-03-20,1554,152471,672,71906,874,75222,8,5343,973,48867,580,54359,981,103226,California
Santa Barbara,2021-03-21,1132,153603,368,72274,734,75956,30,5373,812,49393,317,54676,843,104069,California
Santa Barbara,2021-03-22,2716,156319,1858,74132,812,76768,46,5419,2169,51071,541,55217,2219,106288,California
Santa Barbara,2021-03-23,4298,160617,2206,76338,1998,78766,94,5513,3547,53970,743,55960,3642,109930,California
Santa Barbara,2021-03-24,5224,165841,3039,79377,1461,80227,724,6237,2820,55126,2387,58347,3543,113473,California
Santa Barbara,2021-03-25,5425,171266,3222,82599,2024,82251,179,6416,2683,55264,2727,61074,2865,116338,California
Santa Barbara,2021-03-26,5025,176291,3181,85780,1549,83800,295,6711,2197,54944,2814,63888,2494,118832,California
Santa Barbara,2021-03-27,2894,179185,1212,86992,1640,85440,42,6753,1580,55265,1308,65196,1629,120461,California
Santa Barbara,2021-03-28,2685,181870,1587,88579,1070,86510,28,6781,1807,56227,875,66071,1837,122298,California
Santa Barbara,2021-03-29,3956,185826,2018,90597,1865,88375,73,6854,3158,58675,794,66865,3242,125540,California
Santa Barbara,2021-03-30,6572,192398,3324,93921,3100,91475,148,7002,4356,60982,2206,69071,4513,130053,California
Santa Barbara,2021-03-31,8314,200712,5204,99125,3043,94518,67,7069,4927,62835,3371,72442,5224,135277,California
Santa Barbara,2021-04-01,6571,207283,4829,103954,1530,96048,212,7281,3888,64355,2674,75116,4194,139471,California
Santa Barbara,2021-04-02,6334,213617,4315,108269,1450,97498,569,7850,3277,65321,3052,78168,4018,143489,California
Santa Barbara,2021-04-03,3621,217238,2002,110271,1550,99048,69,7919,2383,66580,1231,79399,2490,145979,California
Santa Barbara,2021-04-04,852,218090,418,110689,396,99444,38,7957,530,66835,321,79720,576,146555,California
Santa Barbara,2021-04-05,3126,221216,1976,112665,924,100368,226,8183,1890,67758,1229,80949,2152,148707,California
Santa Barbara,2021-04-06,878,222094,376,113041,360,100728,142,8325,235,67509,635,81584,386,149093,California
Santa Clara,2020-12-15,64,64,64,64,0,0,0,0,64,64,0,0,64,64,California
Santa Clara,2020-12-16,133,197,133,197,0,0,0,0,133,197,0,0,133,197,California
Santa Clara,2020-12-17,453,650,453,650,0,0,0,0,453,650,0,0,453,650,California
Santa Clara,2020-12-18,1721,2371,1721,2371,0,0,0,0,1721,2371,0,0,1721,2371,California
Santa Clara,2020-12-19,2110,4481,2110,4481,0,0,0,0,2108,4478,1,1,2108,4479,California
Santa Clara,2020-12-20,1875,6356,1869,6350,6,6,0,0,1872,6350,0,1,1872,6351,California
Santa Clara,2020-12-21,2646,9002,2646,8996,0,6,0,0,2643,8992,1,2,2643,8994,California
Santa Clara,2020-12-22,3106,12108,3097,12093,9,15,0,0,3104,12096,0,2,3104,12098,California
Santa Clara,2020-12-23,3233,15341,3048,15141,185,200,0,0,3231,15327,0,2,3231,15329,California
Santa Clara,2020-12-24,1887,17228,1698,16839,189,389,0,0,1881,17207,1,3,1881,17210,California
Santa Clara,2020-12-25,337,17565,336,17175,1,390,0,0,337,17544,0,3,337,17547,California
Santa Clara,2020-12-26,1258,18823,1026,18201,232,622,0,0,1257,18801,0,3,1257,18804,California
Santa Clara,2020-12-27,635,19458,498,18699,137,759,0,0,635,19436,0,3,635,19439,California
Santa Clara,2020-12-28,2324,21782,1722,20421,602,1361,0,0,2324,21760,0,3,2324,21763,California
Santa Clara,2020-12-29,2322,24104,1459,21880,863,2224,0,0,2320,24080,0,3,2320,24083,California
Santa Clara,2020-12-30,2971,27075,1882,23762,1089,3313,0,0,2970,27049,1,4,2970,27053,California
Santa Clara,2020-12-31,1200,28275,385,24147,815,4128,0,0,1199,28247,1,5,1199,28252,California
Santa Clara,2021-01-01,135,28410,5,24152,130,4258,0,0,135,28382,0,5,135,28387,California
Santa Clara,2021-01-02,1083,29493,812,24964,271,4529,0,0,1083,29465,0,5,1083,29470,California
Santa Clara,2021-01-03,583,30076,367,25331,216,4745,0,0,581,30044,2,7,581,30051,California
Santa Clara,2021-01-04,2473,32549,1669,27000,804,5549,0,0,2470,32513,1,8,2470,32521,California
Santa Clara,2021-01-05,3052,35601,1996,28996,1056,6605,0,0,2866,35198,185,193,2870,35391,California
Santa Clara,2021-01-06,3302,38903,1944,30940,1358,7963,0,0,2733,37366,566,759,2734,38125,California
Santa Clara,2021-01-07,4132,43035,2472,33412,1660,9623,0,0,3106,39463,1016,1775,3113,41238,California
Santa Clara,2021-01-08,5852,48887,3829,37241,2023,11646,0,0,3792,41200,2055,3830,3792,45030,California
Santa Clara,2021-01-09,2987,51874,1879,39120,1108,12754,0,0,1709,41636,1278,5108,1714,46744,California
Santa Clara,2021-01-10,1867,53741,1424,40544,443,13197,0,0,728,41226,1138,6246,728,47472,California
Santa Clara,2021-01-11,5614,59355,3404,43948,2210,15407,0,0,3296,42209,2318,8564,3301,50773,California
Santa Clara,2021-01-12,6680,66035,3281,47229,3399,18806,0,0,4505,44547,2175,10739,4513,55286,California
Santa Clara,2021-01-13,7390,73425,3057,50286,4333,23139,0,0,5217,47608,2170,12909,5231,60517,California
Santa Clara,2021-01-14,8152,81577,2711,52997,5441,28580,0,0,6492,52454,1657,14566,6503,67020,California
Santa Clara,2021-01-15,9577,91154,2932,55929,6645,35225,0,0,8116,59130,1457,16023,8133,75153,California
Santa Clara,2021-01-16,4444,95598,1311,57240,3133,38358,0,0,3546,61785,895,16918,3550,78703,California
Santa Clara,2021-01-17,3234,98832,613,57853,2621,40979,0,0,2731,64015,501,17419,2731,81434,California
Santa Clara,2021-01-18,5209,104041,1252,59105,3957,44936,0,0,4563,67934,646,18065,4565,85999,California
Santa Clara,2021-01-19,8408,112449,2621,61726,5787,50723,0,0,6762,73060,1644,19709,6770,92769,California
Santa Clara,2021-01-20,7975,120424,4000,65726,3975,54698,0,0,6455,78000,1516,21225,6456,99225,California
Santa Clara,2021-01-21,8502,128926,3628,69354,4874,59572,0,0,7358,84218,1141,22366,7359,106584,California
Santa Clara,2021-01-22,8662,137588,3280,72634,5382,64954,0,0,8016,91591,645,23011,8018,114602,California
Santa Clara,2021-01-23,3778,141366,1683,74317,2095,67049,0,0,2823,93459,955,23966,2823,117425,California
Santa Clara,2021-01-24,2886,144252,1469,75786,1417,68466,0,0,2353,95280,532,24498,2353,119778,California
Santa Clara,2021-01-25,8305,152557,3729,79515,4576,73042,0,0,6296,99590,2003,26501,6313,126091,California
Santa Clara,2021-01-26,8233,160790,3766,83281,4467,77509,0,0,6090,103558,2131,28632,6099,132190,California
Santa Clara,2021-01-27,8600,169390,3745,87026,4855,82364,0,0,6741,108460,1841,30473,6743,138933,California
Santa Clara,2021-01-28,9432,178822,3786,90812,5646,88010,0,0,7466,113988,1942,32415,7470,146403,California
Santa Clara,2021-01-29,9444,188266,3885,94697,5559,93569,0,0,7329,119212,2105,34520,7329,153732,California
Santa Clara,2021-01-30,3903,192169,1801,96498,2102,95671,0,0,2958,121228,943,35463,2959,156691,California
Santa Clara,2021-01-31,2568,194737,1702,98200,866,96537,0,0,1578,121824,983,36446,1579,158270,California
Santa Clara,2021-02-01,7811,202548,3462,101662,4349,100886,0,0,6139,126302,1664,38110,6142,164412,California
Santa Clara,2021-02-02,8055,210603,2855,104517,5200,106086,0,0,6077,130409,1973,40083,6080,170492,California
Santa Clara,2021-02-03,9186,219789,3471,107988,5715,111801,0,0,6932,135097,2249,42332,6937,177429,California
Santa Clara,2021-02-04,10557,230346,4116,112104,6441,118242,0,0,8291,141132,2259,44591,8294,185723,California
Santa Clara,2021-02-05,11887,242233,4329,116433,7558,125800,0,0,8435,146133,3436,48027,8437,194160,California
Santa Clara,2021-02-06,5152,247385,2797,119230,2355,128155,0,0,3996,148979,1153,49180,3999,198159,California
Santa Clara,2021-02-07,3469,250854,2350,121580,1119,129274,0,0,3025,151562,442,49622,3025,201184,California
Santa Clara,2021-02-08,10002,260856,3482,125062,6520,135794,0,0,7279,156135,2708,52330,7281,208465,California
Santa Clara,2021-02-09,10774,271630,3803,128865,6971,142765,0,0,7297,159966,3468,55798,7299,215764,California
Santa Clara,2021-02-10,12652,284282,4896,133761,7756,150521,0,0,6924,161177,5716,61514,6927,222691,California
Santa Clara,2021-02-11,13171,297453,4631,138392,8540,159061,0,0,7440,162900,5719,67233,7442,230133,California
Santa Clara,2021-02-12,14548,312001,4473,142865,10075,169136,0,0,7043,162455,7489,74722,7044,237177,California
Santa Clara,2021-02-13,6074,318075,1442,144307,4632,173768,0,0,2218,160822,3852,78574,2219,239396,California
Santa Clara,2021-02-14,4628,322703,1141,145448,3487,177255,0,0,1493,159181,3134,81708,1493,240889,California
Santa Clara,2021-02-15,6227,328930,2781,148229,3446,180701,0,0,2683,158330,3538,85246,2687,243576,California
Santa Clara,2021-02-16,13574,342504,3993,152222,9581,190282,0,0,6750,158275,6805,92051,6750,250326,California
Santa Clara,2021-02-17,14042,356546,5489,157711,8553,198835,0,0,7038,158329,6989,99040,7043,257369,California
Santa Clara,2021-02-18,13678,370224,8343,166054,5335,204170,0,0,7012,158697,6645,105685,7013,264382,California
Santa Clara,2021-02-19,14698,384922,9535,175589,5163,209333,0,0,8532,161082,6148,111833,8533,272915,California
Santa Clara,2021-02-20,6817,391739,5100,180689,1717,211050,0,0,3690,161654,3118,114951,3690,276605,California
Santa Clara,2021-02-21,3233,394972,2415,183104,818,211868,0,0,1170,160770,2056,117007,1172,277777,California
Santa Clara,2021-02-22,10095,405067,6045,189149,4050,215918,0,0,4754,160196,5329,122336,4755,282532,California
Santa Clara,2021-02-23,11821,416888,7692,196841,4129,220047,0,0,6691,161784,5118,127454,6706,289238,California
Santa Clara,2021-02-24,14084,430972,9089,205930,4995,225042,0,0,8728,165176,5339,132793,8731,297969,California
Santa Clara,2021-02-25,14051,445023,9203,215133,4848,229890,0,0,7649,166443,6384,139177,7651,305620,California
Santa Clara,2021-02-26,14485,459508,8378,223511,6107,235997,0,0,7962,167915,6498,145675,7970,313590,California
Santa Clara,2021-02-27,8058,467566,5516,229027,2541,238538,1,1,4472,168818,3578,149253,4481,318071,California
Santa Clara,2021-02-28,4687,472253,3066,232093,1621,240159,0,1,2184,168507,2495,151748,2184,320255,California
Santa Clara,2021-03-01,14049,486302,7966,240059,6082,246241,1,2,8699,171875,5334,157082,8702,328957,California
Santa Clara,2021-03-02,13690,499992,8210,248269,5480,251721,0,2,9173,176559,4493,161575,9177,338134,California
Santa Clara,2021-03-03,17069,517061,8327,256596,8740,260461,2,4,10333,180202,6698,168273,10341,348475,California
Santa Clara,2021-03-04,14269,531330,7877,264473,6390,266851,2,6,8099,182167,6138,174411,8103,356578,California
Santa Clara,2021-03-05,14562,545892,8440,272913,5999,272850,123,129,7668,183103,6870,181281,7806,364384,California
Santa Clara,2021-03-06,8921,554813,5993,278906,2481,275331,447,576,6691,188029,2214,183495,7140,371524,California
Santa Clara,2021-03-07,6433,561246,4158,283064,2052,277383,223,799,5113,192056,1312,184807,5339,376863,California
Santa Clara,2021-03-08,12498,573744,6478,289542,5547,282930,473,1272,7997,196051,4479,189286,8474,385337,California
Santa Clara,2021-03-09,11996,585740,5250,294792,5609,288539,1137,2409,5704,196617,6278,195564,6844,392181,California
Santa Clara,2021-03-10,14482,600222,6269,301061,6436,294975,1777,4186,5897,195729,8561,204125,7673,399854,California
Santa Clara,2021-03-11,15562,615784,7243,308304,7094,302069,1225,5411,5314,192038,10228,214353,6537,406391,California
Santa Clara,2021-03-12,15524,631308,8006,316310,6359,308428,1159,6570,5294,188301,10198,224551,6461,412852,California
Santa Clara,2021-03-13,9661,640969,5643,321953,2630,311058,1388,7958,4313,188668,5331,229882,5698,418550,California
Santa Clara,2021-03-14,6067,647036,3236,325189,1571,312629,1260,9218,2966,189799,3090,232972,4221,422771,California
Santa Clara,2021-03-15,12779,659815,6464,331653,6039,318668,276,9494,5999,189329,6748,239720,6278,429049,California
Santa Clara,2021-03-16,17416,677231,10255,341908,6948,325616,213,9707,8441,189038,8948,248668,8657,437706,California
Santa Clara,2021-03-17,18967,696198,10710,352618,8083,333699,174,9881,9691,189680,9226,257894,9868,447574,California
Santa Clara,2021-03-18,15327,711525,7366,359984,7064,340763,897,10778,7130,189553,8154,266048,8027,455601,California
Santa Clara,2021-03-19,14389,725914,7465,367449,6140,346903,784,11562,7674,191336,6676,272724,8459,464060,California
Santa Clara,2021-03-20,8443,734357,4753,372202,3181,350084,509,12071,5239,193898,3186,275910,5748,469808,California
Santa Clara,2021-03-21,8161,742518,3702,375904,3102,353186,1357,13428,5504,198115,2646,278556,6863,476671,California
Santa Clara,2021-03-22,16244,758762,9143,385047,6747,359933,354,13782,9393,201046,6830,285386,9761,486432,California
Santa Clara,2021-03-23,18942,777704,12241,397288,6479,366412,222,14004,11724,205822,7179,292565,11955,498387,California
Santa Clara,2021-03-24,21889,799593,14424,411712,7307,373719,158,14162,14541,213392,7313,299878,14883,513270,California
Santa Clara,2021-03-25,22210,821803,12922,424634,8535,382254,753,14915,14562,221649,7593,307471,15850,529120,California
Santa Clara,2021-03-26,21773,843576,13947,438581,7431,389685,395,15310,13531,227816,8213,315684,14380,543500,California
Santa Clara,2021-03-27,15080,858656,9998,448579,4315,394000,767,16077,7992,229847,7062,322746,9093,552593,California
Santa Clara,2021-03-28,11891,870547,8201,456780,2993,396993,697,16774,6487,231851,5382,328128,7386,559979,California
Santa Clara,2021-03-29,19765,890312,12042,468822,6993,403986,730,17504,10747,234448,8989,337117,11586,571565,California
Santa Clara,2021-03-30,24455,914767,14873,483695,8352,412338,1230,18734,16429,244508,7998,345115,18058,589623,California
Santa Clara,2021-03-31,19620,934387,11762,495457,7045,419383,813,19547,12778,251576,6815,351930,13883,603506,California
Santa Clara,2021-04-01,29646,964033,19306,514763,8083,427466,2257,21804,19378,263414,10219,362149,22057,625563,California
Santa Clara,2021-04-02,24434,988467,14106,528869,8562,436028,1766,23570,16543,274560,7859,370008,19005,644568,California
Santa Clara,2021-04-03,14265,1002732,9091,537960,3515,439543,1659,25229,8456,279284,5791,375799,10515,655083,California
Santa Clara,2021-04-04,7393,1010125,3860,541820,2420,441963,1113,26342,3896,280843,3491,379290,5050,660133,California
Santa Clara,2021-04-05,18970,1029095,12193,554013,4741,446704,2036,28378,12218,288463,6728,386018,14348,674481,California
Santa Clara,2021-04-06,19526,1048621,10979,564992,5198,451902,3349,31727,12300,297037,7199,393217,15773,690254,California
Santa Cruz,2020-12-15,2,2,2,2,0,0,0,0,2,2,0,0,2,2,California
Santa Cruz,2020-12-16,57,59,57,59,0,0,0,0,57,59,0,0,57,59,California
Santa Cruz,2020-12-17,390,449,390,449,0,0,0,0,390,449,0,0,390,449,California
Santa Cruz,2020-12-18,466,915,466,915,0,0,0,0,466,915,0,0,466,915,California
Santa Cruz,2020-12-19,176,1091,175,1090,1,1,0,0,176,1091,0,0,176,1091,California
Santa Cruz,2020-12-20,95,1186,95,1185,0,1,0,0,95,1186,0,0,95,1186,California
Santa Cruz,2020-12-21,429,1615,429,1614,0,1,0,0,429,1615,0,0,429,1615,California
Santa Cruz,2020-12-22,423,2038,422,2036,1,2,0,0,423,2038,0,0,423,2038,California
Santa Cruz,2020-12-23,372,2410,330,2366,42,44,0,0,372,2410,0,0,372,2410,California
Santa Cruz,2020-12-24,126,2536,51,2417,75,119,0,0,126,2536,0,0,126,2536,California
Santa Cruz,2020-12-25,11,2547,11,2428,0,119,0,0,11,2547,0,0,11,2547,California
Santa Cruz,2020-12-26,64,2611,45,2473,19,138,0,0,64,2611,0,0,64,2611,California
Santa Cruz,2020-12-27,32,2643,27,2500,5,143,0,0,32,2643,0,0,32,2643,California
Santa Cruz,2020-12-28,483,3126,107,2607,376,519,0,0,483,3126,0,0,483,3126,California
Santa Cruz,2020-12-29,795,3921,368,2975,427,946,0,0,795,3921,0,0,795,3921,California
Santa Cruz,2020-12-30,357,4278,165,3140,192,1138,0,0,357,4278,0,0,357,4278,California
Santa Cruz,2020-12-31,314,4592,11,3151,303,1441,0,0,314,4592,0,0,314,4592,California
Santa Cruz,2021-01-01,32,4624,0,3151,32,1473,0,0,32,4624,0,0,32,4624,California
Santa Cruz,2021-01-02,70,4694,56,3207,14,1487,0,0,70,4694,0,0,70,4694,California
Santa Cruz,2021-01-03,15,4709,7,3214,8,1495,0,0,15,4709,0,0,15,4709,California
Santa Cruz,2021-01-04,281,4990,123,3337,158,1653,0,0,279,4987,1,1,279,4988,California
Santa Cruz,2021-01-05,565,5555,428,3765,137,1790,0,0,263,4948,302,303,263,5251,California
Santa Cruz,2021-01-06,804,6359,670,4435,134,1924,0,0,466,5077,337,640,466,5717,California
Santa Cruz,2021-01-07,538,6897,210,4645,328,2252,0,0,387,5314,151,791,388,6105,California
Santa Cruz,2021-01-08,935,7832,562,5207,373,2625,0,0,486,5353,448,1239,487,6592,California
Santa Cruz,2021-01-09,462,8294,121,5328,341,2966,0,0,410,5711,52,1291,410,7002,California
Santa Cruz,2021-01-10,73,8367,63,5391,10,2976,0,0,19,5676,54,1345,19,7021,California
Santa Cruz,2021-01-11,717,9084,582,5973,135,3111,0,0,193,5345,524,1869,193,7214,California
Santa Cruz,2021-01-12,733,9817,529,6502,204,3315,0,0,491,5594,242,2111,491,7705,California
Santa Cruz,2021-01-13,523,10340,229,6731,294,3609,0,0,438,5951,82,2193,439,8144,California
Santa Cruz,2021-01-14,543,10883,93,6824,450,4059,0,0,484,6376,59,2252,484,8628,California
Santa Cruz,2021-01-15,1467,12350,91,6915,1376,5435,0,0,1392,7695,74,2326,1393,10021,California
Santa Cruz,2021-01-16,435,12785,63,6978,372,5807,0,0,408,8076,27,2353,408,10429,California
Santa Cruz,2021-01-17,285,13070,32,7010,253,6060,0,0,267,8325,18,2371,267,10696,California
Santa Cruz,2021-01-18,1026,14096,113,7123,913,6973,0,0,957,9213,69,2440,957,11653,California
Santa Cruz,2021-01-19,1622,15718,522,7645,1100,8073,0,0,1269,10132,351,2791,1270,12923,California
Santa Cruz,2021-01-20,1231,16949,182,7827,1049,9122,0,0,1036,10976,192,2983,1036,13959,California
Santa Cruz,2021-01-21,1701,18650,197,8024,1504,10626,0,0,1596,12468,105,3088,1597,15556,California
Santa Cruz,2021-01-22,1799,20449,536,8560,1263,11889,0,0,1695,14063,101,3189,1696,17252,California
Santa Cruz,2021-01-23,401,20850,144,8704,257,12146,0,0,342,14347,58,3247,342,17594,California
Santa Cruz,2021-01-24,116,20966,21,8725,95,12241,0,0,97,14425,19,3266,97,17691,California
Santa Cruz,2021-01-25,1059,22025,360,9085,699,12940,0,0,551,14470,508,3774,553,18244,California
Santa Cruz,2021-01-26,1679,23704,247,9332,1432,14372,0,0,1167,15126,512,4286,1168,19412,California
Santa Cruz,2021-01-27,1643,25347,446,9778,1197,15569,0,0,1260,16004,382,4668,1260,20672,California
Santa Cruz,2021-01-28,1744,27091,289,10067,1455,17024,0,0,1470,17202,273,4941,1471,22143,California
Santa Cruz,2021-01-29,1735,28826,487,10554,1248,18272,0,0,1606,18680,128,5069,1606,23749,California
Santa Cruz,2021-01-30,1054,29880,302,10856,752,19024,0,0,927,19480,127,5196,927,24676,California
Santa Cruz,2021-01-31,229,30109,124,10980,105,19129,0,0,204,19659,25,5221,204,24880,California
Santa Cruz,2021-02-01,1228,31337,759,11739,469,19598,0,0,819,20070,409,5630,820,25700,California
Santa Cruz,2021-02-02,1008,32345,130,11869,878,20476,0,0,854,20771,153,5783,854,26554,California
Santa Cruz,2021-02-03,2209,34554,943,12812,1266,21742,0,0,1900,22366,305,6088,1900,28454,California
Santa Cruz,2021-02-04,1832,36386,772,13584,1060,22802,0,0,1496,23527,335,6423,1496,29950,California
Santa Cruz,2021-02-05,3166,39552,791,14375,2375,25177,0,0,2845,26053,319,6742,2845,32795,California
Santa Cruz,2021-02-06,2585,42137,164,14539,2421,27598,0,0,2236,27941,349,7091,2237,35032,California
Santa Cruz,2021-02-07,910,43047,121,14660,789,28387,0,0,893,28817,17,7108,893,35925,California
Santa Cruz,2021-02-08,718,43765,203,14863,515,28902,0,0,518,29136,199,7307,518,36443,California
Santa Cruz,2021-02-09,2376,46141,1053,15916,1323,30225,0,0,2112,30988,260,7567,2112,38555,California
Santa Cruz,2021-02-10,2191,48332,578,16494,1613,31838,0,0,1499,31800,689,8256,1501,40056,California
Santa Cruz,2021-02-11,1844,50176,315,16809,1529,33367,0,0,1322,32602,520,8776,1322,41378,California
Santa Cruz,2021-02-12,3208,53384,424,17233,2784,36151,0,0,1803,33010,1397,10173,1805,43183,California
Santa Cruz,2021-02-13,1707,55091,122,17355,1585,37736,0,0,1294,33891,413,10586,1294,44477,California
Santa Cruz,2021-02-14,1391,56482,72,17427,1319,39055,0,0,1128,34756,263,10849,1128,45605,California
Santa Cruz,2021-02-15,1581,58063,278,17705,1303,40358,0,0,561,34298,1020,11869,562,46167,California
Santa Cruz,2021-02-16,1693,59756,202,17907,1491,41849,0,0,538,33701,1135,13004,538,46705,California
Santa Cruz,2021-02-17,2928,62684,979,18886,1949,43798,0,0,1235,33259,1680,14684,1238,47943,California
Santa Cruz,2021-02-18,2884,65568,638,19524,2246,46044,0,0,1236,32850,1645,16329,1236,49179,California
Santa Cruz,2021-02-19,3263,68831,1149,20673,2114,48158,0,0,2011,33610,1251,17580,2011,51190,California
Santa Cruz,2021-02-20,2378,71209,1498,22171,880,49038,0,0,1885,35002,493,18073,1885,53075,California
Santa Cruz,2021-02-21,797,72006,332,22503,465,49503,0,0,693,35593,102,18175,693,53768,California
Santa Cruz,2021-02-22,1243,73249,960,23463,283,49786,0,0,537,35426,704,18879,537,54305,California
Santa Cruz,2021-02-23,2105,75354,941,24404,1164,50950,0,0,720,34765,1384,20263,723,55028,California
Santa Cruz,2021-02-24,3176,78530,1654,26058,1522,52472,0,0,1218,34031,1954,22217,1220,56248,California
Santa Cruz,2021-02-25,3232,81762,1428,27486,1804,54276,0,0,1777,34363,1448,23665,1780,58028,California
Santa Cruz,2021-02-26,2704,84466,762,28248,1942,56218,0,0,1539,34741,1161,24826,1539,59567,California
Santa Cruz,2021-02-27,2645,87111,936,29184,1709,57927,0,0,1844,35787,800,25626,1846,61413,California
Santa Cruz,2021-02-28,1295,88406,360,29544,935,58862,0,0,1083,36661,209,25835,1083,62496,California
Santa Cruz,2021-03-01,1815,90221,1251,30795,564,59426,0,0,679,36207,1133,26968,679,63175,California
Santa Cruz,2021-03-02,1483,91704,336,31131,1147,60573,0,0,818,36365,663,27631,821,63996,California
Santa Cruz,2021-03-03,2219,93923,584,31715,1635,62208,0,0,1170,36489,1046,28677,1170,65166,California
Santa Cruz,2021-03-04,2774,96697,1362,33077,1411,63619,1,1,1835,37395,930,29607,1836,67002,California
Santa Cruz,2021-03-05,2410,99107,464,33541,1928,65547,18,19,941,36894,1465,31072,964,67966,California
Santa Cruz,2021-03-06,3738,102845,1297,34838,2341,67888,100,119,2035,37329,1703,32775,2138,70104,California
Santa Cruz,2021-03-07,1352,104197,135,34973,1141,69029,76,195,559,37173,792,33567,636,70740,California
Santa Cruz,2021-03-08,1007,105204,232,35205,689,69718,86,281,620,37502,386,33953,715,71455,California
Santa Cruz,2021-03-09,1659,106863,213,35418,1298,71016,148,429,652,37300,1002,34955,800,72255,California
Santa Cruz,2021-03-10,3707,110570,1996,37414,1581,72597,130,559,1846,37424,1857,36812,1981,74236,California
Santa Cruz,2021-03-11,2590,113160,1093,38507,1348,73945,149,708,1384,37756,1202,38014,1534,75770,California
Santa Cruz,2021-03-12,2524,115684,842,39349,1432,75377,250,958,832,37149,1690,39704,1083,76853,California
Santa Cruz,2021-03-13,2043,117727,1275,40624,725,76102,43,1001,1020,37191,1022,40726,1064,77917,California
Santa Cruz,2021-03-14,733,118460,157,40781,562,76664,14,1015,353,37179,378,41104,366,78283,California
Santa Cruz,2021-03-15,1339,119799,477,41258,826,77490,36,1051,573,37025,764,41868,610,78893,California
Santa Cruz,2021-03-16,2321,122120,1088,42346,1189,78679,44,1095,1341,37434,977,42845,1386,80279,California
Santa Cruz,2021-03-17,3807,125927,2209,44555,1586,80265,12,1107,2456,38559,1346,44191,2471,82750,California
Santa Cruz,2021-03-18,3380,129307,1931,46486,1346,81611,103,1210,1792,38869,1586,45777,1896,84646,California
Santa Cruz,2021-03-19,2450,131757,1093,47579,1144,82755,213,1423,1291,39218,1155,46932,1504,86150,California
Santa Cruz,2021-03-20,1471,133228,1084,48663,356,83111,31,1454,752,39285,716,47648,783,86933,California
Santa Cruz,2021-03-21,817,134045,433,49096,268,83379,116,1570,437,39460,379,48027,554,87487,California
Santa Cruz,2021-03-22,1383,135428,857,49953,505,83884,21,1591,959,40021,419,48446,980,88467,California
Santa Cruz,2021-03-23,2574,138002,1440,51393,1089,84973,45,1636,1741,40976,831,49277,1786,90253,California
Santa Cruz,2021-03-24,2988,140990,1979,53372,987,85960,22,1658,1976,41968,1007,50284,1999,92252,California
Santa Cruz,2021-03-25,2604,143594,1316,54688,1252,87212,36,1694,1366,42148,1229,51513,1409,93661,California
Santa Cruz,2021-03-26,3022,146616,1820,56508,1173,88385,29,1723,2046,43263,970,52483,2085,95746,California
Santa Cruz,2021-03-27,3100,149716,1977,58485,1096,89481,27,1750,1416,43051,1674,54157,1462,97208,California
Santa Cruz,2021-03-28,914,150630,580,59065,320,89801,14,1764,473,43109,438,54595,496,97704,California
Santa Cruz,2021-03-29,1919,152549,872,59937,988,90789,59,1823,1226,43710,688,55283,1289,98993,California
Santa Cruz,2021-03-30,2685,155234,817,60754,1711,92500,157,1980,1735,44682,949,56232,1921,100914,California
Santa Cruz,2021-03-31,3930,159164,2615,63369,1269,93769,46,2026,2074,45035,1852,58084,2205,103119,California
Santa Cruz,2021-04-01,3917,163081,2064,65433,1741,95510,112,2138,2014,45430,1897,59981,2292,105411,California
Santa Cruz,2021-04-02,3108,166189,1434,66867,1492,97002,182,2320,1756,46182,1346,61327,2098,107509,California
Santa Cruz,2021-04-03,2176,168365,1224,68091,868,97870,84,2404,899,45978,1273,62600,1069,108578,California
Santa Cruz,2021-04-04,909,169274,472,68563,386,98256,51,2455,566,46256,343,62943,621,109199,California
Santa Cruz,2021-04-05,2038,171312,681,69244,1271,99527,86,2541,1306,46935,731,63674,1410,110609,California
Santa Cruz,2021-04-06,2293,173605,1169,70413,1051,100578,73,2614,1572,47867,721,64395,1653,112262,California
Shasta,2020-12-16,131,131,131,131,0,0,0,0,131,131,0,0,131,131,California
Shasta,2020-12-17,418,549,418,549,0,0,0,0,418,549,0,0,418,549,California
Shasta,2020-12-18,168,717,168,717,0,0,0,0,168,717,0,0,168,717,California
Shasta,2020-12-19,1,718,1,718,0,0,0,0,1,718,0,0,1,718,California
Shasta,2020-12-21,78,796,78,796,0,0,0,0,78,796,0,0,78,796,California
Shasta,2020-12-22,191,987,186,982,5,5,0,0,191,987,0,0,191,987,California
Shasta,2020-12-23,174,1161,170,1152,4,9,0,0,174,1161,0,0,174,1161,California
Shasta,2020-12-24,18,1179,18,1170,0,9,0,0,18,1179,0,0,18,1179,California
Shasta,2020-12-26,4,1183,1,1171,3,12,0,0,4,1183,0,0,4,1183,California
Shasta,2020-12-27,1,1184,0,1171,1,13,0,0,1,1184,0,0,1,1184,California
Shasta,2020-12-28,40,1224,31,1202,9,22,0,0,40,1224,0,0,40,1224,California
Shasta,2020-12-29,186,1410,185,1387,1,23,0,0,186,1410,0,0,186,1410,California
Shasta,2020-12-30,177,1587,167,1554,10,33,0,0,177,1587,0,0,177,1587,California
Shasta,2020-12-31,82,1669,2,1556,80,113,0,0,82,1669,0,0,82,1669,California
Shasta,2021-01-02,2,1671,0,1556,2,115,0,0,2,1671,0,0,2,1671,California
Shasta,2021-01-03,1,1672,1,1557,0,115,0,0,1,1672,0,0,1,1672,California
Shasta,2021-01-04,347,2019,306,1863,41,156,0,0,348,2020,0,0,348,2020,California
Shasta,2021-01-05,335,2354,314,2177,21,177,0,0,254,2193,81,81,254,2274,California
Shasta,2021-01-06,438,2792,396,2573,42,219,0,0,175,2106,262,343,175,2449,California
Shasta,2021-01-07,116,2908,35,2608,81,300,0,0,95,2180,21,364,95,2544,California
Shasta,2021-01-08,506,3414,446,3054,60,360,0,0,297,2268,209,573,297,2841,California
Shasta,2021-01-09,72,3486,63,3117,9,369,0,0,70,2336,2,575,70,2911,California
Shasta,2021-01-10,5,3491,0,3117,5,374,0,0,4,2340,1,576,5,2916,California
Shasta,2021-01-11,352,3843,185,3302,167,541,0,0,317,2622,35,611,317,3233,California
Shasta,2021-01-12,451,4294,327,3629,124,665,0,0,277,2725,174,785,277,3510,California
Shasta,2021-01-13,541,4835,268,3897,273,938,0,0,371,2926,170,955,371,3881,California
Shasta,2021-01-14,444,5279,48,3945,396,1334,0,0,427,3336,17,972,427,4308,California
Shasta,2021-01-15,635,5914,135,4080,500,1834,0,0,633,3967,2,974,633,4941,California
Shasta,2021-01-16,900,6814,56,4136,844,2678,0,0,897,4861,3,977,897,5838,California
Shasta,2021-01-17,27,6841,6,4142,21,2699,0,0,23,4880,4,981,23,5861,California
Shasta,2021-01-18,600,7441,130,4272,470,3169,0,0,592,5464,8,989,592,6453,California
Shasta,2021-01-19,1019,8460,397,4669,622,3791,0,0,871,6187,148,1137,871,7324,California
Shasta,2021-01-20,668,9128,407,5076,261,4052,0,0,486,6495,178,1315,486,7810,California
Shasta,2021-01-21,630,9758,278,5354,352,4404,0,0,607,7079,23,1338,607,8417,California
Shasta,2021-01-22,445,10203,170,5524,275,4679,0,0,439,7512,6,1344,439,8856,California
Shasta,2021-01-23,69,10272,5,5529,64,4743,0,0,68,7579,1,1345,68,8924,California
Shasta,2021-01-24,26,10298,2,5531,24,4767,0,0,25,7603,1,1346,25,8949,California
Shasta,2021-01-25,753,11051,492,6023,261,5028,0,0,467,7785,285,1631,467,9416,California
Shasta,2021-01-26,709,11760,333,6356,376,5404,0,0,476,8030,231,1862,476,9892,California
Shasta,2021-01-27,460,12220,181,6537,279,5683,0,0,411,8392,49,1911,411,10303,California
Shasta,2021-01-28,853,13073,577,7114,276,5959,0,0,631,8801,222,2133,631,10934,California
Shasta,2021-01-29,829,13902,329,7443,500,6459,0,0,640,9253,189,2322,641,11575,California
Shasta,2021-01-30,616,14518,15,7458,601,7060,0,0,607,9851,9,2331,607,12182,California
Shasta,2021-01-31,28,14546,4,7462,24,7084,0,0,26,9875,2,2333,26,12208,California
Shasta,2021-02-01,502,15048,142,7604,360,7444,0,0,382,10137,120,2453,382,12590,California
Shasta,2021-02-02,953,16001,495,8099,458,7902,0,0,863,10911,89,2542,863,13453,California
Shasta,2021-02-03,659,16660,209,8308,450,8352,0,0,464,11180,195,2737,464,13917,California
Shasta,2021-02-04,1063,17723,658,8966,405,8757,0,0,873,11864,189,2926,873,14790,California
Shasta,2021-02-05,1216,18939,163,9129,1053,9810,0,0,1027,12703,188,3114,1027,15817,California
Shasta,2021-02-06,1726,20665,43,9172,1683,11493,0,0,1702,14381,24,3138,1702,17519,California
Shasta,2021-02-07,25,20690,2,9174,23,11516,0,0,23,14402,2,3140,23,17542,California
Shasta,2021-02-08,543,21233,169,9343,374,11890,0,0,305,14469,238,3378,305,17847,California
Shasta,2021-02-09,1026,22259,649,9992,377,12267,0,0,676,14795,350,3728,676,18523,California
Shasta,2021-02-10,1084,23343,783,10775,301,12568,0,0,592,14896,492,4220,593,19116,California
Shasta,2021-02-11,788,24131,190,10965,598,13166,0,0,307,14727,476,4696,307,19423,California
Shasta,2021-02-12,1663,25794,1143,12108,520,13686,0,0,1172,15408,491,5187,1172,20595,California
Shasta,2021-02-13,1382,27176,368,12476,1014,14700,0,0,569,15165,814,6001,571,21166,California
Shasta,2021-02-14,149,27325,4,12480,145,14845,0,0,124,15264,25,6026,124,21290,California
Shasta,2021-02-15,385,27710,94,12574,291,15136,0,0,216,15311,169,6195,216,21506,California
Shasta,2021-02-16,1084,28794,513,13087,571,15707,0,0,318,14864,765,6960,318,21824,California
Shasta,2021-02-17,981,29775,435,13522,546,16253,0,0,369,14621,612,7572,369,22193,California
Shasta,2021-02-18,873,30648,439,13961,434,16687,0,0,421,14590,452,8024,421,22614,California
Shasta,2021-02-19,1051,31699,660,14621,391,17078,0,0,610,14759,441,8465,610,23224,California
Shasta,2021-02-20,757,32456,88,14709,669,17747,0,0,295,14592,462,8927,295,23519,California
Shasta,2021-02-21,34,32490,4,14713,30,17777,0,0,10,14579,23,8950,10,23529,California
Shasta,2021-02-22,343,32833,68,14781,275,18052,0,0,100,14436,243,9193,100,23629,California
Shasta,2021-02-23,802,33635,467,15248,335,18387,0,0,216,14066,586,9779,216,23845,California
Shasta,2021-02-24,883,34518,502,15750,381,18768,0,0,270,13725,611,10390,270,24115,California
Shasta,2021-02-25,467,34985,155,15905,312,19080,0,0,154,13568,311,10701,154,24269,California
Shasta,2021-02-26,784,35769,88,15993,696,19776,0,0,324,13434,458,11159,324,24593,California
Shasta,2021-02-27,817,36586,32,16025,785,20561,0,0,187,12994,628,11787,188,24781,California
Shasta,2021-02-28,181,36767,5,16030,176,20737,0,0,131,13075,50,11837,131,24912,California
Shasta,2021-03-01,564,37331,64,16094,500,21237,0,0,272,13056,291,12128,272,25184,California
Shasta,2021-03-02,930,38261,466,16560,464,21701,0,0,263,12654,665,12793,263,25447,California
Shasta,2021-03-03,566,38827,123,16683,443,22144,0,0,171,12430,395,13188,171,25618,California
Shasta,2021-03-04,1037,39864,499,17182,538,22682,0,0,637,12668,399,13587,637,26255,California
Shasta,2021-03-05,950,40814,154,17336,769,23451,27,27,306,12356,645,14232,333,26588,California
Shasta,2021-03-06,820,41634,382,17718,394,23845,44,71,193,11967,626,14858,237,26825,California
Shasta,2021-03-07,92,41726,5,17723,57,23902,30,101,40,11985,52,14910,70,26895,California
Shasta,2021-03-08,554,42280,53,17776,363,24265,138,239,143,11858,408,15318,281,27176,California
Shasta,2021-03-09,572,42852,49,17825,362,24627,161,400,222,11890,350,15668,382,27558,California
Shasta,2021-03-10,658,43510,243,18068,330,24957,85,485,133,11583,524,16192,217,27775,California
Shasta,2021-03-11,938,44448,158,18226,579,25536,201,686,598,12042,340,16532,799,28574,California
Shasta,2021-03-12,624,45072,122,18348,320,25856,182,868,248,12096,375,16907,429,29003,California
Shasta,2021-03-13,665,45737,410,18758,164,26020,91,959,473,12468,192,17099,564,29567,California
Shasta,2021-03-14,279,46016,12,18770,244,26264,23,982,196,12604,83,17182,219,29786,California
Shasta,2021-03-15,484,46500,37,18807,347,26611,100,1082,200,12621,282,17464,299,30085,California
Shasta,2021-03-16,966,47466,144,18951,758,27369,64,1146,695,13109,271,17735,759,30844,California
Shasta,2021-03-17,645,48111,181,19132,415,27784,49,1195,366,13254,270,18005,415,31259,California
Shasta,2021-03-18,868,48979,208,19340,566,28350,94,1289,623,13732,242,18247,720,31979,California
Shasta,2021-03-19,507,49486,148,19488,310,28660,49,1338,323,13922,183,18430,373,32352,California
Shasta,2021-03-20,601,50087,446,19934,144,28804,11,1349,512,14356,89,18519,523,32875,California
Shasta,2021-03-21,294,50381,282,20216,3,28807,9,1358,271,14614,23,18542,281,33156,California
Shasta,2021-03-22,325,50706,48,20264,248,29055,29,1387,180,14681,142,18684,209,33365,California
Shasta,2021-03-23,789,51495,156,20420,574,29629,59,1446,603,15162,181,18865,662,34027,California
Shasta,2021-03-24,511,52006,158,20578,316,29945,37,1483,375,15439,135,19000,412,34439,California
Shasta,2021-03-25,751,52757,189,20767,545,30490,17,1500,611,15932,138,19138,631,35070,California
Shasta,2021-03-26,676,53433,250,21017,395,30885,31,1531,328,15949,347,19485,364,35434,California
Shasta,2021-03-27,1539,54972,389,21406,313,31198,837,2368,552,16354,984,20469,1389,36823,California
Shasta,2021-03-28,397,55369,293,21699,94,31292,10,2378,295,16559,100,20569,305,37128,California
Shasta,2021-03-29,419,55788,53,21752,355,31647,11,2389,162,16478,255,20824,174,37302,California
Shasta,2021-03-30,542,56330,198,21950,335,31982,9,2398,333,16616,206,21030,344,37646,California
Shasta,2021-03-31,615,56945,207,22157,403,32385,5,2403,403,16837,208,21238,429,38075,California
Shasta,2021-04-01,768,57713,244,22401,516,32901,8,2411,538,17162,230,21468,555,38630,California
Shasta,2021-04-02,751,58464,211,22612,488,33389,52,2463,419,17314,330,21798,482,39112,California
Shasta,2021-04-03,517,58981,358,22970,138,33527,21,2484,383,17585,134,21932,405,39517,California
Shasta,2021-04-04,274,59255,168,23138,86,33613,20,2504,210,17751,64,21996,230,39747,California
Shasta,2021-04-05,330,59585,22,23160,270,33883,38,2542,190,17846,139,22135,234,39981,California
Shasta,2021-04-06,217,59802,27,23187,149,34032,41,2583,82,17841,135,22270,130,40111,California
Sierra,2020-12-18,1,1,1,1,0,0,0,0,1,1,0,0,1,1,California
Sierra,2020-12-21,2,3,2,3,0,0,0,0,2,3,0,0,2,3,California
Sierra,2020-12-22,12,15,12,15,0,0,0,0,12,15,0,0,12,15,California
Sierra,2020-12-23,4,19,4,19,0,0,0,0,4,19,0,0,4,19,California
Sierra,2020-12-28,1,20,0,19,1,1,0,0,1,20,0,0,1,20,California
Sierra,2020-12-29,49,69,7,26,42,43,0,0,49,69,0,0,49,69,California
Sierra,2020-12-30,2,71,0,26,2,45,0,0,2,71,0,0,2,71,California
Sierra,2020-12-31,12,83,0,26,12,57,0,0,12,83,0,0,12,83,California
Sierra,2021-01-05,67,150,3,29,64,121,0,0,67,150,0,0,67,150,California
Sierra,2021-01-06,1,151,1,30,0,121,0,0,1,151,0,0,1,151,California
Sierra,2021-01-07,20,171,1,31,19,140,0,0,19,169,1,1,19,170,California
Sierra,2021-01-08,1,172,1,32,0,140,0,0,1,170,0,1,1,171,California
Sierra,2021-01-11,3,175,3,35,0,140,0,0,0,167,3,4,0,171,California
Sierra,2021-01-12,40,215,12,47,28,168,0,0,28,183,12,16,28,199,California
Sierra,2021-01-13,4,219,3,50,1,169,0,0,1,181,3,19,1,200,California
Sierra,2021-01-14,35,254,2,52,33,202,0,0,35,216,0,19,35,235,California
Sierra,2021-01-15,2,256,1,53,1,203,0,0,2,218,0,19,2,237,California
Sierra,2021-01-18,2,258,0,53,2,205,0,0,2,220,0,19,2,239,California
Sierra,2021-01-19,32,290,0,53,32,237,0,0,32,252,0,19,32,271,California
Sierra,2021-01-20,1,291,1,54,0,237,0,0,1,253,0,19,1,272,California
Sierra,2021-01-21,55,346,0,54,55,292,0,0,55,308,0,19,55,327,California
Sierra,2021-01-22,1,347,0,54,1,293,0,0,1,309,0,19,1,328,California
Sierra,2021-01-23,2,349,0,54,2,295,0,0,2,311,0,19,2,330,California
Sierra,2021-01-26,64,413,1,55,63,358,0,0,26,299,38,57,26,356,California
Sierra,2021-01-27,4,417,4,59,0,358,0,0,0,295,4,61,0,356,California
Sierra,2021-01-28,53,470,0,59,53,411,0,0,44,330,9,70,44,400,California
Sierra,2021-01-29,1,471,0,59,1,412,0,0,1,331,0,70,1,401,California
Sierra,2021-01-30,3,474,3,62,0,412,0,0,2,332,1,71,2,403,California
Sierra,2021-02-01,1,475,0,62,1,413,0,0,0,331,1,72,0,403,California
Sierra,2021-02-02,58,533,0,62,58,471,0,0,18,309,40,112,18,421,California
Sierra,2021-02-03,6,539,5,67,1,472,0,0,5,313,1,113,5,426,California
Sierra,2021-02-04,106,645,6,73,100,572,0,0,57,321,49,162,57,483,California
Sierra,2021-02-05,5,650,3,76,2,574,0,0,4,324,1,163,4,487,California
Sierra,2021-02-09,54,704,1,77,53,627,0,0,52,374,2,165,52,539,California
Sierra,2021-02-10,5,709,2,79,3,630,0,0,4,377,1,166,4,543,California
Sierra,2021-02-11,198,907,1,80,197,827,0,0,135,449,63,229,135,678,California
Sierra,2021-02-12,20,927,0,80,20,847,0,0,20,469,0,229,20,698,California
Sierra,2021-02-14,1,928,0,80,1,848,0,0,1,470,0,229,1,699,California
Sierra,2021-02-15,1,929,1,81,0,848,0,0,0,469,1,230,0,699,California
Sierra,2021-02-16,43,972,0,81,43,891,0,0,10,446,33,263,10,709,California
Sierra,2021-02-17,3,975,0,81,3,894,0,0,1,445,2,265,1,710,California
Sierra,2021-02-18,146,1121,0,81,146,1040,0,0,94,487,52,317,94,804,California
Sierra,2021-02-19,1,1122,1,82,0,1040,0,0,1,488,0,317,1,805,California
Sierra,2021-02-20,2,1124,2,84,0,1040,0,0,0,486,2,319,0,805,California
Sierra,2021-02-22,2,1126,2,86,0,1040,0,0,1,486,1,320,1,806,California
Sierra,2021-02-23,4,1130,0,86,4,1044,0,0,4,490,0,320,4,810,California
Sierra,2021-02-24,2,1132,1,87,1,1045,0,0,1,490,1,321,1,811,California
Sierra,2021-02-25,126,1258,1,88,125,1170,0,0,59,482,67,388,59,870,California
Sierra,2021-02-26,9,1267,6,94,3,1173,0,0,4,481,5,393,4,874,California
Sierra,2021-02-27,2,1269,2,96,0,1173,0,0,0,479,2,395,0,874,California
Sierra,2021-03-01,2,1271,1,97,1,1174,0,0,1,479,1,396,1,875,California
Sierra,2021-03-02,51,1322,0,97,51,1225,0,0,32,492,19,415,32,907,California
Sierra,2021-03-03,2,1324,2,99,0,1225,0,0,1,492,1,416,1,908,California
Sierra,2021-03-04,100,1424,2,101,98,1323,0,0,49,490,51,467,49,957,California
Sierra,2021-03-05,12,1436,0,101,12,1335,0,0,10,498,2,469,10,967,California
Sierra,2021-03-08,3,1439,2,103,0,1335,1,1,2,500,1,470,3,970,California
Sierra,2021-03-09,54,1493,1,104,53,1388,0,1,11,468,43,513,11,981,California
Sierra,2021-03-10,5,1498,0,104,5,1393,0,1,3,469,2,515,3,984,California
Sierra,2021-03-11,148,1646,0,104,148,1541,0,1,27,375,121,636,27,1011,California
Sierra,2021-03-12,20,1666,1,105,19,1560,0,1,0,355,20,656,0,1011,California
Sierra,2021-03-13,13,1679,0,105,13,1573,0,1,13,368,0,656,13,1024,California
Sierra,2021-03-14,2,1681,1,106,0,1573,1,2,0,367,2,658,1,1025,California
Sierra,2021-03-15,2,1683,1,107,1,1574,0,2,1,367,1,659,1,1026,California
Sierra,2021-03-16,22,1705,1,108,20,1594,1,3,10,366,12,671,11,1037,California
Sierra,2021-03-17,2,1707,0,108,2,1596,0,3,0,364,2,673,0,1037,California
Sierra,2021-03-18,122,1829,0,108,121,1717,1,4,35,314,86,759,36,1073,California
Sierra,2021-03-19,1,1830,1,109,0,1717,0,4,1,315,0,759,1,1074,California
Sierra,2021-03-23,14,1844,0,109,14,1731,0,4,5,311,9,768,5,1079,California
Sierra,2021-03-24,4,1848,1,110,3,1734,0,4,2,311,2,770,2,1081,California
Sierra,2021-03-25,80,1928,2,112,78,1812,0,4,34,299,46,816,34,1115,California
Sierra,2021-03-26,12,1940,1,113,11,1823,0,4,9,305,3,819,9,1124,California
Sierra,2021-03-27,1,1941,0,113,1,1824,0,4,0,304,1,820,0,1124,California
Sierra,2021-03-29,2,1943,1,114,1,1825,0,4,0,302,2,822,0,1124,California
Sierra,2021-03-30,46,1989,0,114,46,1871,0,4,13,287,33,855,18,1142,California
Sierra,2021-03-31,10,1999,0,114,10,1881,0,4,9,295,1,856,9,1151,California
Sierra,2021-04-01,58,2057,1,115,57,1938,0,4,4,255,54,910,14,1165,California
Sierra,2021-04-02,3,2060,3,118,0,1938,0,4,2,256,1,911,2,1167,California
Sierra,2021-04-03,1,2061,1,119,0,1938,0,4,0,256,0,911,0,1167,California
Sierra,2021-04-04,1,2062,0,119,1,1939,0,4,1,257,0,911,1,1168,California
Sierra,2021-04-05,1,2063,1,120,0,1939,0,4,0,256,1,912,0,1168,California
Sierra,2021-04-06,9,2072,0,120,8,1947,1,5,0,250,9,921,3,1171,California
Siskiyou,2020-12-16,2,2,2,2,0,0,0,0,2,2,0,0,2,2,California
Siskiyou,2020-12-17,4,6,4,6,0,0,0,0,4,6,0,0,4,6,California
Siskiyou,2020-12-18,3,9,3,9,0,0,0,0,3,9,0,0,3,9,California
Siskiyou,2020-12-19,4,13,4,13,0,0,0,0,4,13,0,0,4,13,California
Siskiyou,2020-12-20,1,14,1,14,0,0,0,0,1,14,0,0,1,14,California
Siskiyou,2020-12-21,132,146,132,146,0,0,0,0,132,146,0,0,132,146,California
Siskiyou,2020-12-22,159,305,159,305,0,0,0,0,159,305,0,0,159,305,California
Siskiyou,2020-12-23,142,447,142,447,0,0,0,0,142,447,0,0,142,447,California
Siskiyou,2020-12-24,5,452,5,452,0,0,0,0,5,452,0,0,5,452,California
Siskiyou,2020-12-26,2,454,0,452,2,2,0,0,2,454,0,0,2,454,California
Siskiyou,2020-12-27,2,456,0,452,2,4,0,0,2,456,0,0,2,456,California
Siskiyou,2020-12-28,2,458,0,452,2,6,0,0,2,458,0,0,2,458,California
Siskiyou,2020-12-29,6,464,2,454,4,10,0,0,6,464,0,0,6,464,California
Siskiyou,2020-12-30,98,562,3,457,95,105,0,0,98,562,0,0,98,562,California
Siskiyou,2020-12-31,12,574,0,457,12,117,0,0,12,574,0,0,12,574,California
Siskiyou,2021-01-02,1,575,1,458,0,117,0,0,1,575,0,0,1,575,California
Siskiyou,2021-01-03,1,576,0,458,1,118,0,0,1,576,0,0,1,576,California
Siskiyou,2021-01-04,130,706,3,461,127,245,0,0,130,706,0,0,130,706,California
Siskiyou,2021-01-05,117,823,4,465,113,358,0,0,116,821,1,1,116,822,California
Siskiyou,2021-01-06,59,882,6,471,53,411,0,0,55,872,4,5,55,877,California
Siskiyou,2021-01-07,174,1056,2,473,172,583,0,0,173,1044,1,6,173,1050,California
Siskiyou,2021-01-08,42,1098,4,477,38,621,0,0,39,1080,3,9,39,1089,California
Siskiyou,2021-01-09,2,1100,2,479,0,621,0,0,0,1078,2,11,0,1089,California
Siskiyou,2021-01-11,226,1326,65,544,161,782,0,0,163,1178,63,74,163,1252,California
Siskiyou,2021-01-12,320,1646,273,817,47,829,0,0,87,1032,233,307,87,1339,California
Siskiyou,2021-01-13,157,1803,137,954,20,849,0,0,23,921,134,441,23,1362,California
Siskiyou,2021-01-14,27,1830,1,955,26,875,0,0,26,946,1,442,26,1388,California
Siskiyou,2021-01-15,35,1865,3,958,32,907,0,0,35,981,0,442,35,1423,California
Siskiyou,2021-01-16,7,1872,2,960,5,912,0,0,7,988,0,442,7,1430,California
Siskiyou,2021-01-18,75,1947,4,964,71,983,0,0,73,1059,2,444,73,1503,California
Siskiyou,2021-01-19,21,1968,1,965,20,1003,0,0,20,1078,1,445,20,1523,California
Siskiyou,2021-01-20,47,2015,35,1000,12,1015,0,0,43,1117,4,449,43,1566,California
Siskiyou,2021-01-21,42,2057,0,1000,42,1057,0,0,42,1159,0,449,42,1608,California
Siskiyou,2021-01-22,1333,3390,1181,2181,152,1209,0,0,1333,2492,0,449,1333,2941,California
Siskiyou,2021-01-23,8,3398,3,2184,5,1214,0,0,5,2494,3,452,5,2946,California
Siskiyou,2021-01-25,183,3581,8,2192,175,1389,0,0,179,2669,4,456,179,3125,California
Siskiyou,2021-01-26,150,3731,5,2197,145,1534,0,0,142,2803,8,464,142,3267,California
Siskiyou,2021-01-27,181,3912,0,2197,181,1715,0,0,127,2876,54,518,127,3394,California
Siskiyou,2021-01-28,231,4143,117,2314,114,1829,0,0,225,3095,6,524,225,3619,California
Siskiyou,2021-01-29,246,4389,1,2315,245,2074,0,0,244,3337,2,526,244,3863,California
Siskiyou,2021-01-30,3,4392,2,2317,1,2075,0,0,3,3340,0,526,3,3866,California
Siskiyou,2021-02-01,194,4586,3,2320,191,2266,0,0,104,3354,90,616,104,3970,California
Siskiyou,2021-02-02,288,4874,45,2365,243,2509,0,0,147,3360,141,757,147,4117,California
Siskiyou,2021-02-03,313,5187,1,2366,312,2821,0,0,264,3575,49,806,264,4381,California
Siskiyou,2021-02-04,319,5506,7,2373,312,3133,0,0,199,3654,120,926,199,4580,California
Siskiyou,2021-02-05,509,6015,4,2377,505,3638,0,0,345,3835,164,1090,345,4925,California
Siskiyou,2021-02-06,15,6030,0,2377,15,3653,0,0,15,3850,0,1090,15,4940,California
Siskiyou,2021-02-07,3,6033,2,2379,1,3654,0,0,3,3853,0,1090,3,4943,California
Siskiyou,2021-02-08,221,6254,5,2384,216,3870,0,0,216,4064,5,1095,216,5159,California
Siskiyou,2021-02-09,193,6447,2,2386,191,4061,0,0,160,4191,33,1128,160,5319,California
Siskiyou,2021-02-10,370,6817,40,2426,330,4391,0,0,316,4454,53,1181,316,5635,California
Siskiyou,2021-02-11,190,7007,0,2426,190,4581,0,0,174,4612,16,1197,174,5809,California
Siskiyou,2021-02-12,1695,8702,1205,3631,490,5071,0,0,500,3917,1195,2392,500,6309,California
Siskiyou,2021-02-13,36,8738,3,3634,33,5104,0,0,31,3943,5,2397,31,6340,California
Siskiyou,2021-02-14,5,8743,1,3635,4,5108,0,0,5,3948,0,2397,5,6345,California
Siskiyou,2021-02-15,105,8848,7,3642,98,5206,0,0,102,4047,3,2400,102,6447,California
Siskiyou,2021-02-16,113,8961,3,3645,110,5316,0,0,97,4128,16,2416,97,6544,California
Siskiyou,2021-02-17,188,9149,19,3664,169,5485,0,0,175,4290,13,2429,175,6719,California
Siskiyou,2021-02-18,222,9371,89,3753,133,5618,0,0,98,4264,124,2553,98,6817,California
Siskiyou,2021-02-19,65,9436,29,3782,36,5654,0,0,30,4259,35,2588,30,6847,California
Siskiyou,2021-02-20,23,9459,4,3786,19,5673,0,0,18,4272,5,2593,18,6865,California
Siskiyou,2021-02-21,2,9461,2,3788,0,5673,0,0,2,4274,0,2593,2,6867,California
Siskiyou,2021-02-22,125,9586,1,3789,124,5797,0,0,18,4185,107,2700,18,6885,California
Siskiyou,2021-02-23,194,9780,15,3804,179,5976,0,0,50,4091,144,2844,50,6935,California
Siskiyou,2021-02-24,148,9928,4,3808,144,6120,0,0,35,4013,113,2957,35,6970,California
Siskiyou,2021-02-25,300,10228,22,3830,278,6398,0,0,153,4019,147,3104,153,7123,California
Siskiyou,2021-02-26,669,10897,13,3843,656,7054,0,0,369,4088,300,3404,369,7492,California
Siskiyou,2021-02-27,31,10928,3,3846,28,7082,0,0,27,4111,4,3408,27,7519,California
Siskiyou,2021-02-28,4,10932,4,3850,0,7082,0,0,3,4113,1,3409,3,7522,California
Siskiyou,2021-03-01,280,11212,6,3856,274,7356,0,0,49,3931,231,3640,49,7571,California
Siskiyou,2021-03-02,189,11401,2,3858,187,7543,0,0,72,3886,117,3757,72,7643,California
Siskiyou,2021-03-03,333,11734,5,3863,328,7871,0,0,145,3843,188,3945,145,7788,California
Siskiyou,2021-03-04,666,12400,496,4359,170,8041,0,0,516,4209,150,4095,516,8304,California
Siskiyou,2021-03-05,315,12715,7,4366,297,8338,11,11,98,4104,214,4309,109,8413,California
Siskiyou,2021-03-06,35,12750,2,4368,29,8367,4,15,28,4129,7,4316,32,8445,California
Siskiyou,2021-03-07,10,12760,3,4371,0,8367,7,22,2,4130,8,4324,9,8454,California
Siskiyou,2021-03-08,347,13107,25,4396,289,8656,33,55,53,3922,294,4618,86,8540,California
Siskiyou,2021-03-09,137,13244,0,4396,98,8754,39,94,49,3922,88,4706,88,8628,California
Siskiyou,2021-03-10,194,13438,11,4407,177,8931,6,100,26,3786,168,4874,32,8660,California
Siskiyou,2021-03-11,440,13878,190,4597,209,9140,41,141,250,3890,187,5061,291,8951,California
Siskiyou,2021-03-12,535,14413,112,4709,388,9528,35,176,156,3704,377,5438,191,9142,California
Siskiyou,2021-03-13,347,14760,317,5026,8,9536,22,198,316,4011,31,5469,338,9480,California
Siskiyou,2021-03-14,21,14781,3,5029,3,9539,15,213,4,4013,17,5486,19,9499,California
Siskiyou,2021-03-15,438,15219,246,5275,175,9714,17,230,308,4208,130,5616,325,9824,California
Siskiyou,2021-03-16,260,15479,41,5316,202,9916,17,247,147,4259,113,5729,164,9988,California
Siskiyou,2021-03-17,197,15676,4,5320,184,10100,9,256,31,4133,166,5895,40,10028,California
Siskiyou,2021-03-18,780,16456,649,5969,119,10219,12,268,667,4699,113,6008,679,10707,California
Siskiyou,2021-03-19,46,16502,12,5981,22,10241,12,280,14,4693,32,6040,26,10733,California
Siskiyou,2021-03-20,29,16531,7,5988,18,10259,4,284,7,4683,21,6061,11,10744,California
Siskiyou,2021-03-21,9,16540,3,5991,1,10260,5,289,3,4685,6,6067,8,10752,California
Siskiyou,2021-03-22,199,16739,20,6011,157,10417,22,311,138,4787,58,6125,160,10912,California
Siskiyou,2021-03-23,166,16905,21,6032,136,10553,9,320,114,4858,52,6177,123,11035,California
Siskiyou,2021-03-24,144,17049,55,6087,89,10642,0,320,120,4954,24,6201,120,11155,California
Siskiyou,2021-03-25,535,17584,289,6376,244,10886,2,322,366,5155,169,6370,370,11525,California
Siskiyou,2021-03-26,302,17886,29,6405,271,11157,2,324,100,5056,201,6571,102,11627,California
Siskiyou,2021-03-27,35,17921,4,6409,27,11184,4,328,9,5043,26,6597,13,11640,California
Siskiyou,2021-03-28,3,17924,3,6412,0,11184,0,328,1,5042,2,6599,1,11641,California
Siskiyou,2021-03-29,108,18032,14,6426,92,11276,2,330,48,5042,50,6649,50,11691,California
Siskiyou,2021-03-30,99,18131,2,6428,95,11371,2,332,38,5021,61,6710,40,11731,California
Siskiyou,2021-03-31,188,18319,23,6451,164,11535,1,333,53,4944,134,6844,57,11788,California
Siskiyou,2021-04-01,803,19122,660,7111,143,11678,0,333,199,4637,604,7448,297,12085,California
Siskiyou,2021-04-02,326,19448,186,7297,136,11814,4,337,59,4439,267,7715,69,12154,California
Siskiyou,2021-04-03,27,19475,5,7302,16,11830,6,343,6,4431,21,7736,13,12167,California
Siskiyou,2021-04-04,4,19479,3,7305,1,11831,0,343,3,4433,1,7737,3,12170,California
Siskiyou,2021-04-05,412,19891,317,7622,73,11904,22,365,25,4118,383,8120,68,12238,California
Siskiyou,2021-04-06,141,20032,21,7643,115,12019,5,370,103,4190,38,8158,110,12348,California
Solano,2020-12-15,4,4,4,4,0,0,0,0,4,4,0,0,4,4,California
Solano,2020-12-16,71,75,71,75,0,0,0,0,71,75,0,0,71,75,California
Solano,2020-12-17,152,227,152,227,0,0,0,0,152,227,0,0,152,227,California
Solano,2020-12-18,450,677,449,676,1,1,0,0,450,677,0,0,450,677,California
Solano,2020-12-19,512,1189,512,1188,0,1,0,0,512,1189,0,0,512,1189,California
Solano,2020-12-20,354,1543,353,1541,1,2,0,0,354,1543,0,0,354,1543,California
Solano,2020-12-21,570,2113,568,2109,2,4,0,0,570,2113,0,0,570,2113,California
Solano,2020-12-22,663,2776,629,2738,34,38,0,0,663,2776,0,0,663,2776,California
Solano,2020-12-23,856,3632,770,3508,86,124,0,0,855,3631,0,0,855,3631,California
Solano,2020-12-24,420,4052,169,3677,251,375,0,0,420,4051,0,0,420,4051,California
Solano,2020-12-25,10,4062,2,3679,8,383,0,0,10,4061,0,0,10,4061,California
Solano,2020-12-26,175,4237,48,3727,127,510,0,0,175,4236,0,0,175,4236,California
Solano,2020-12-27,101,4338,28,3755,73,583,0,0,101,4337,0,0,101,4337,California
Solano,2020-12-28,858,5196,417,4172,441,1024,0,0,858,5195,0,0,858,5195,California
Solano,2020-12-29,888,6084,373,4545,515,1539,0,0,888,6083,0,0,888,6083,California
Solano,2020-12-30,1199,7283,595,5140,604,2143,0,0,1199,7282,0,0,1199,7282,California
Solano,2020-12-31,530,7813,130,5270,400,2543,0,0,530,7812,0,0,530,7812,California
Solano,2021-01-01,14,7827,12,5282,2,2545,0,0,14,7826,0,0,14,7826,California
Solano,2021-01-02,211,8038,163,5445,48,2593,0,0,211,8037,0,0,211,8037,California
Solano,2021-01-03,56,8094,39,5484,17,2610,0,0,51,8088,0,0,51,8088,California
Solano,2021-01-04,451,8545,247,5731,204,2814,0,0,441,8526,3,3,441,8529,California
Solano,2021-01-05,695,9240,376,6107,319,3133,0,0,541,8918,149,152,541,9070,California
Solano,2021-01-06,819,10059,434,6541,385,3518,0,0,558,9217,259,411,558,9628,California
Solano,2021-01-07,1050,11109,697,7238,353,3871,0,0,593,9356,455,866,594,10222,California
Solano,2021-01-08,1130,12239,776,8014,354,4225,0,0,537,9320,575,1441,539,10761,California
Solano,2021-01-09,885,13124,763,8777,122,4347,0,0,429,9296,453,1894,429,11190,California
Solano,2021-01-10,250,13374,191,8968,59,4406,0,0,150,9346,100,1994,150,11340,California
Solano,2021-01-11,1315,14689,1103,10071,212,4618,0,0,803,9638,512,2506,804,12144,California
Solano,2021-01-12,1543,16232,1159,11230,384,5002,0,0,996,10089,546,3052,997,13141,California
Solano,2021-01-13,1421,17653,995,12225,426,5428,0,0,1164,10998,255,3307,1164,14305,California
Solano,2021-01-14,1834,19487,794,13019,1040,6468,0,0,1520,12205,313,3620,1520,15825,California
Solano,2021-01-15,1677,21164,1059,14078,618,7086,0,0,1382,13292,295,3915,1382,17207,California
Solano,2021-01-16,1294,22458,907,14985,387,7473,0,0,1114,14226,180,4095,1114,18321,California
Solano,2021-01-17,1029,23487,747,15732,282,7755,0,0,1012,15221,17,4112,1012,19333,California
Solano,2021-01-18,1410,24897,859,16591,551,8306,0,0,1297,16406,113,4225,1298,20631,California
Solano,2021-01-19,1643,26540,1332,17923,311,8617,0,0,1370,17504,272,4497,1370,22001,California
Solano,2021-01-20,2023,28563,1415,19338,608,9225,0,0,1542,18568,478,4975,1542,23543,California
Solano,2021-01-21,3076,31639,990,20328,2086,11311,0,0,2741,20975,334,5309,2741,26284,California
Solano,2021-01-22,1742,33381,837,21165,905,12216,0,0,1553,22339,189,5498,1553,27837,California
Solano,2021-01-23,727,34108,236,21401,491,12707,0,0,524,22660,204,5702,525,28362,California
Solano,2021-01-24,375,34483,59,21460,316,13023,0,0,311,22907,64,5766,311,28673,California
Solano,2021-01-25,1614,36097,623,22083,991,14014,0,0,1065,23426,549,6315,1068,29741,California
Solano,2021-01-26,1673,37770,739,22822,934,14948,0,0,1047,23850,625,6940,1049,30790,California
Solano,2021-01-27,1758,39528,728,23550,1030,15978,0,0,1174,24453,571,7511,1174,31964,California
Solano,2021-01-28,1839,41367,711,24261,1128,17106,0,0,1237,25091,600,8111,1238,33202,California
Solano,2021-01-29,1645,43012,781,25042,864,17970,0,0,1288,26027,355,8466,1291,34493,California
Solano,2021-01-30,707,43719,217,25259,490,18460,0,0,552,26424,155,8621,552,35045,California
Solano,2021-01-31,477,44196,397,25656,80,18540,0,0,216,26380,261,8882,217,35262,California
Solano,2021-02-01,1470,45666,970,26626,500,19040,0,0,739,26391,728,9610,739,36001,California
Solano,2021-02-02,3064,48730,1060,27686,2004,21044,0,0,2276,27881,786,10396,2276,38277,California
Solano,2021-02-03,2217,50947,1295,28981,922,21966,0,0,1150,27971,1064,11460,1154,39431,California
Solano,2021-02-04,1757,52704,902,29883,855,22821,0,0,1042,28304,709,12169,1042,40473,California
Solano,2021-02-05,3047,55751,1407,31290,1640,24461,0,0,2047,29365,992,13161,2053,42526,California
Solano,2021-02-06,3004,58755,1162,32452,1842,26303,0,0,2199,30763,801,13962,2199,44725,California
Solano,2021-02-07,852,59607,789,33241,63,26366,0,0,237,30385,615,14577,237,44962,California
Solano,2021-02-08,1708,61315,1228,34469,480,26846,0,0,673,30026,1032,15609,673,45635,California
Solano,2021-02-09,1885,63200,1465,35934,420,27266,0,0,671,29484,1213,16822,671,46306,California
Solano,2021-02-10,2239,65439,1492,37426,747,28013,0,0,819,28887,1416,18238,819,47125,California
Solano,2021-02-11,2386,67825,1444,38870,942,28955,0,0,1119,28752,1254,19492,1119,48244,California
Solano,2021-02-12,4021,71846,1542,40412,2479,31434,0,0,2717,30174,1297,20789,2719,50963,California
Solano,2021-02-13,2798,74644,233,40645,2565,33999,0,0,2421,32223,373,21162,2422,53385,California
Solano,2021-02-14,686,75330,201,40846,485,34484,0,0,410,32359,274,21436,410,53795,California
Solano,2021-02-15,1256,76586,291,41137,965,35449,0,0,637,32378,619,22055,638,54433,California
Solano,2021-02-16,2361,78947,1206,42343,1155,36604,0,0,1601,33220,759,22814,1601,56034,California
Solano,2021-02-17,2680,81627,1215,43558,1465,38069,0,0,1892,34328,785,23599,1893,57927,California
Solano,2021-02-18,2541,84168,687,44245,1854,39923,0,0,795,33386,1737,25336,795,58722,California
Solano,2021-02-19,2180,86348,1245,45490,935,40858,0,0,1101,33413,1076,26412,1103,59825,California
Solano,2021-02-20,2524,88872,376,45866,2148,43006,0,0,2066,35019,460,26872,2066,61891,California
Solano,2021-02-21,2096,90968,1820,47686,276,43282,0,0,1817,36560,277,27149,1818,63709,California
Solano,2021-02-22,1561,92529,902,48588,659,43941,0,0,814,36630,745,27894,815,64524,California
Solano,2021-02-23,2478,95007,986,49574,1492,45433,0,0,1631,37415,846,28740,1631,66155,California
Solano,2021-02-24,2320,97327,1124,50698,1196,46629,0,0,1303,37703,1015,29755,1303,67458,California
Solano,2021-02-25,2255,99582,1337,52035,918,47547,0,0,1237,37930,1011,30766,1238,68696,California
Solano,2021-02-26,2548,102130,1454,53489,1094,48641,0,0,1328,38041,1217,31983,1328,70024,California
Solano,2021-02-27,3609,105739,1365,54854,2244,50885,0,0,2923,40287,679,32662,2925,72949,California
Solano,2021-02-28,1351,107090,1038,55892,313,51198,0,0,1086,41111,262,32924,1086,74035,California
Solano,2021-03-01,2115,109205,1036,56928,1079,52277,0,0,1517,42036,593,33517,1518,75553,California
Solano,2021-03-02,1891,111096,1197,58125,694,52971,0,0,1184,42513,707,34224,1184,76737,California
Solano,2021-03-03,1837,112933,1009,59134,828,53799,0,0,1090,42863,740,34964,1090,77827,California
Solano,2021-03-04,3038,115971,2202,61336,834,54633,2,2,2114,44060,920,35884,2117,79944,California
Solano,2021-03-05,3641,119612,1192,62528,2446,57079,3,5,2881,46186,760,36644,2886,82830,California
Solano,2021-03-06,3465,123077,700,63228,2725,59804,40,45,2372,47512,1086,37730,2412,85242,California
Solano,2021-03-07,3454,126531,730,63958,2712,62516,12,57,1907,47895,1537,39267,1920,87162,California
Solano,2021-03-08,1569,128100,801,64759,501,63017,267,324,1083,48761,485,39752,1351,88513,California
Solano,2021-03-09,2857,130957,1307,66066,1497,64514,53,377,2056,50066,801,40553,2106,90619,California
Solano,2021-03-10,2135,133092,1532,67598,513,65027,90,467,1048,50121,1083,41636,1138,91757,California
Solano,2021-03-11,5275,138367,1370,68968,3668,68695,237,704,4348,53782,925,42561,4586,96343,California
Solano,2021-03-12,5339,143706,1314,70282,3941,72636,84,788,2839,54212,2495,45056,2925,99268,California
Solano,2021-03-13,3971,147677,755,71037,3135,75771,81,869,1972,54278,1991,47047,2057,101325,California
Solano,2021-03-14,3590,151267,2817,73854,327,76098,446,1315,1511,54166,2076,49123,1964,103289,California
Solano,2021-03-15,3699,154966,2204,76058,1178,77276,317,1632,2363,55514,1331,50454,2679,105968,California
Solano,2021-03-16,2816,157782,1130,77188,1457,78733,229,1861,1427,55785,1384,51838,1655,107623,California
Solano,2021-03-17,5346,163128,1419,78607,3838,82571,89,1950,4063,58659,1278,53116,4152,111775,California
Solano,2021-03-18,4109,167237,1378,79985,2697,85268,34,1984,3049,60692,1052,54168,3085,114860,California
Solano,2021-03-19,1873,169110,1248,81233,568,85836,57,2041,1002,60888,866,55034,1062,115922,California
Solano,2021-03-20,4111,173221,1089,82322,2980,88816,42,2083,2168,61170,1937,56971,2219,118141,California
Solano,2021-03-21,1629,174850,1540,83862,72,88888,17,2100,840,61239,787,57758,856,118997,California
Solano,2021-03-22,2214,177064,1603,85465,563,89451,48,2148,1281,61654,926,58684,1341,120338,California
Solano,2021-03-23,2994,180058,1513,86978,1435,90886,46,2194,1353,61434,1633,60317,1413,121751,California
Solano,2021-03-24,2664,182722,1640,88618,987,91873,37,2231,1297,61493,1360,61677,1419,123170,California
Solano,2021-03-25,4430,187152,3629,92247,760,92633,41,2272,2006,61938,2420,64097,2865,126035,California
Solano,2021-03-26,2763,189915,1681,93928,1046,93679,36,2308,1502,62490,1254,65351,1806,127841,California
Solano,2021-03-27,4146,194061,1150,95078,2958,96637,38,2346,1778,62113,2359,67710,1982,129823,California
Solano,2021-03-28,1333,195394,1084,96162,231,96868,18,2364,549,61912,781,68491,580,130403,California
Solano,2021-03-29,2673,198067,1467,97629,1189,98057,17,2381,1480,62253,1189,69680,1530,131933,California
Solano,2021-03-30,2781,200848,1823,99452,866,98923,92,2473,1752,63089,1027,70707,1863,133796,California
Solano,2021-03-31,2832,203680,1934,101386,754,99677,144,2617,1676,63796,1153,71860,1860,135656,California
Solano,2021-04-01,4798,208478,1704,103090,2940,102617,154,2771,3150,65505,1636,73496,3345,139001,California
Solano,2021-04-02,3814,212292,1660,104750,1988,104605,166,2937,1645,65491,2163,75659,2149,141150,California
Solano,2021-04-03,1493,213785,959,105709,391,104996,143,3080,583,65333,908,76567,750,141900,California
Solano,2021-04-04,777,214562,288,105997,195,105191,294,3374,257,65369,518,77085,554,142454,California
Solano,2021-04-05,2675,217237,1830,107827,711,105902,134,3508,1391,65625,1280,78365,1536,143990,California
Solano,2021-04-06,2930,220167,1117,108944,1510,107412,303,3811,1012,65072,1915,80280,1362,145352,California
Sonoma,2020-12-15,4,4,4,4,0,0,0,0,4,4,0,0,4,4,California
Sonoma,2020-12-16,29,33,29,33,0,0,0,0,29,33,0,0,29,33,California
Sonoma,2020-12-17,101,134,101,134,0,0,0,0,101,134,0,0,101,134,California
Sonoma,2020-12-18,420,554,420,554,0,0,0,0,420,554,0,0,420,554,California
Sonoma,2020-12-19,110,664,109,663,1,1,0,0,110,664,0,0,110,664,California
Sonoma,2020-12-20,175,839,175,838,0,1,0,0,175,839,0,0,175,839,California
Sonoma,2020-12-21,912,1751,910,1748,2,3,0,0,911,1750,0,0,911,1750,California
Sonoma,2020-12-22,1365,3116,1273,3021,92,95,0,0,1365,3115,0,0,1365,3115,California
Sonoma,2020-12-23,1604,4720,1227,4248,377,472,0,0,1605,4720,0,0,1605,4720,California
Sonoma,2020-12-24,306,5026,101,4349,205,677,0,0,306,5026,0,0,306,5026,California
Sonoma,2020-12-25,8,5034,2,4351,6,683,0,0,8,5034,0,0,8,5034,California
Sonoma,2020-12-26,267,5301,256,4607,11,694,0,0,267,5301,0,0,267,5301,California
Sonoma,2020-12-27,93,5394,80,4687,13,707,0,0,93,5394,0,0,93,5394,California
Sonoma,2020-12-28,989,6383,553,5240,436,1143,0,0,961,6355,0,0,961,6355,California
Sonoma,2020-12-29,1134,7517,780,6020,354,1497,0,0,1100,7455,0,0,1100,7455,California
Sonoma,2020-12-30,1095,8612,480,6500,615,2112,0,0,1087,8542,0,0,1087,8542,California
Sonoma,2020-12-31,516,9128,71,6571,445,2557,0,0,517,9059,0,0,517,9059,California
Sonoma,2021-01-01,11,9139,6,6577,5,2562,0,0,11,9070,0,0,11,9070,California
Sonoma,2021-01-02,133,9272,126,6703,7,2569,0,0,133,9203,0,0,133,9203,California
Sonoma,2021-01-03,23,9295,9,6712,14,2583,0,0,23,9226,0,0,23,9226,California
Sonoma,2021-01-04,341,9636,104,6816,237,2820,0,0,340,9566,0,0,340,9566,California
Sonoma,2021-01-05,439,10075,103,6919,336,3156,0,0,415,9966,15,15,415,9981,California
Sonoma,2021-01-06,949,11024,434,7353,515,3671,0,0,835,10694,107,122,835,10816,California
Sonoma,2021-01-07,1015,12039,523,7876,492,4163,0,0,846,11372,168,290,846,11662,California
Sonoma,2021-01-08,1783,13822,1229,9105,554,4717,0,0,1312,12215,469,759,1312,12974,California
Sonoma,2021-01-09,656,14478,420,9525,236,4953,0,0,608,12775,48,807,608,13582,California
Sonoma,2021-01-10,471,14949,460,9985,11,4964,0,0,279,12862,192,999,279,13861,California
Sonoma,2021-01-11,1381,16330,1236,11221,145,5109,0,0,411,12307,966,1965,411,14272,California
Sonoma,2021-01-12,1548,17878,1295,12516,253,5362,0,0,394,11549,1152,3117,394,14666,California
Sonoma,2021-01-13,2063,19941,1422,13938,641,6003,0,0,1200,11889,860,3977,1200,15866,California
Sonoma,2021-01-14,1527,21468,806,14744,721,6724,0,0,1295,12952,232,4209,1295,17161,California
Sonoma,2021-01-15,1563,23031,635,15379,928,7652,0,0,1343,14085,211,4420,1344,18505,California
Sonoma,2021-01-16,1136,24167,608,15987,528,8180,0,0,887,14727,245,4665,887,19392,California
Sonoma,2021-01-17,666,24833,550,16537,116,8296,0,0,586,15233,80,4745,586,19978,California
Sonoma,2021-01-18,1103,25936,934,17471,169,8465,0,0,611,15353,492,5237,612,20590,California
Sonoma,2021-01-19,2094,28030,1008,18479,1086,9551,0,0,1385,16032,707,5944,1386,21976,California
Sonoma,2021-01-20,2061,30091,619,19098,1442,10993,0,0,1404,16789,648,6592,1405,23381,California
Sonoma,2021-01-21,2215,32306,614,19712,1601,12594,0,0,1992,18562,220,6812,1993,25374,California
Sonoma,2021-01-22,2705,35011,1029,20741,1676,14270,0,0,2555,20968,149,6961,2555,27929,California
Sonoma,2021-01-23,763,35774,593,21334,170,14440,0,0,656,21518,106,7067,656,28585,California
Sonoma,2021-01-24,770,36544,638,21972,132,14572,0,0,755,22258,15,7082,755,29340,California
Sonoma,2021-01-25,2162,38706,519,22491,1643,16215,0,0,1675,23446,487,7569,1675,31015,California
Sonoma,2021-01-26,1993,40699,296,22787,1697,17912,0,0,1538,24530,454,8023,1538,32553,California
Sonoma,2021-01-27,3671,44370,1256,24043,2415,20327,0,0,3102,27067,567,8590,3104,35657,California
Sonoma,2021-01-28,4098,48468,1834,25877,2264,22591,0,0,3439,29852,656,9246,3441,39098,California
Sonoma,2021-01-29,2951,51419,1398,27275,1553,24144,0,0,2124,31152,825,10071,2125,41223,California
Sonoma,2021-01-30,2578,53997,2394,29669,184,24328,0,0,2224,33025,354,10425,2227,43450,California
Sonoma,2021-01-31,776,54773,664,30333,112,24440,0,0,579,33408,196,10621,579,44029,California
Sonoma,2021-02-01,2490,57263,868,31201,1622,26062,0,0,2093,35109,394,11015,2095,46124,California
Sonoma,2021-02-02,3433,60696,1365,32566,2068,28130,0,0,2866,37410,565,11580,2866,48990,California
Sonoma,2021-02-03,4021,64717,1318,33884,2703,30833,0,0,3099,39590,920,12500,3100,52090,California
Sonoma,2021-02-04,4156,68873,1682,35566,2474,33307,0,0,3392,42219,763,13263,3392,55482,California
Sonoma,2021-02-05,4795,73668,1734,37300,3061,36368,0,0,3784,44997,1007,14270,3785,59267,California
Sonoma,2021-02-06,2633,76301,2273,39573,360,36728,0,0,2081,46527,551,14821,2081,61348,California
Sonoma,2021-02-07,1534,77835,1398,40971,136,36864,0,0,1286,47566,247,15068,1286,62634,California
Sonoma,2021-02-08,3235,81070,1023,41994,2212,39076,0,0,2661,49655,572,15640,2661,65295,California
Sonoma,2021-02-09,3540,84610,1690,43684,1850,40926,0,0,3063,52244,475,16115,3064,68359,California
Sonoma,2021-02-10,4401,89011,2358,46042,2043,42969,0,0,3375,54600,1020,17135,3376,71735,California
Sonoma,2021-02-11,5321,94332,2790,48832,2531,45500,0,0,4152,57586,1166,18301,4152,75887,California
Sonoma,2021-02-12,5637,99969,2967,51799,2670,48170,0,0,4230,60413,1404,19705,4231,80118,California
Sonoma,2021-02-13,1976,101945,1153,52952,823,48993,0,0,1205,60850,768,20473,1205,81323,California
Sonoma,2021-02-14,2304,104249,1811,54763,493,49486,0,0,1662,61871,641,21114,1662,82985,California
Sonoma,2021-02-15,2103,106352,766,55529,1337,50823,0,0,1595,62958,508,21622,1595,84580,California
Sonoma,2021-02-16,4598,110950,2036,57565,2562,53385,0,0,3351,65064,1245,22867,3351,87931,California
Sonoma,2021-02-17,5276,116226,2852,60417,2424,55809,0,0,3329,66458,1938,24805,3332,91263,California
Sonoma,2021-02-18,6744,122970,2967,63384,3777,59586,0,0,3863,67447,2874,27679,3863,95126,California
Sonoma,2021-02-19,5384,128354,1657,65041,3727,63313,0,0,3314,68696,2065,29744,3314,98440,California
Sonoma,2021-02-20,3096,131450,2826,67867,270,63583,0,0,1222,68050,1868,31612,1222,99662,California
Sonoma,2021-02-21,452,131902,343,68210,109,63692,0,0,129,67860,319,31931,129,99791,California
Sonoma,2021-02-22,2701,134603,1347,69557,1354,65046,0,0,1044,67252,1652,33583,1044,100835,California
Sonoma,2021-02-23,3078,137681,2058,71615,1020,66066,0,0,1370,66917,1706,35289,1371,102206,California
Sonoma,2021-02-24,5434,143115,2517,74132,2917,68983,0,0,2726,66942,2703,37992,2728,104934,California
Sonoma,2021-02-25,5616,148731,2216,76348,3400,72383,0,0,2973,67292,2623,40615,2973,107907,California
Sonoma,2021-02-26,5971,154702,2744,79092,3227,75610,0,0,3708,68744,2256,42871,3708,111615,California
Sonoma,2021-02-27,4019,158721,1895,80987,2124,77734,0,0,2692,70112,1325,44196,2693,114308,California
Sonoma,2021-02-28,2306,161027,1824,82811,482,78216,0,0,600,69011,1701,45897,600,114908,California
Sonoma,2021-03-01,3618,164645,1105,83916,2513,80729,0,0,1774,68949,1837,47734,1775,116683,California
Sonoma,2021-03-02,4183,168828,1454,85370,2729,83458,0,0,2467,69709,1707,49441,2467,119150,California
Sonoma,2021-03-03,4274,173102,2233,87603,2041,85499,0,0,1859,69160,2408,51849,1859,121009,California
Sonoma,2021-03-04,4902,178004,2244,89847,2658,88157,0,0,2004,68277,2887,54736,2004,123013,California
Sonoma,2021-03-05,5179,183183,2223,92070,2941,91098,15,15,2062,67256,3103,57839,2082,125095,California
Sonoma,2021-03-06,2561,185744,1130,93200,1311,92409,120,135,1731,68281,825,58664,1850,126945,California
Sonoma,2021-03-07,1708,187452,1428,94628,248,92657,32,167,355,67316,1352,60016,387,127332,California
Sonoma,2021-03-08,3854,191306,672,95300,3013,95670,169,336,2197,68035,1647,61663,2366,129698,California
Sonoma,2021-03-09,5374,196680,2964,98264,2162,97832,248,584,2658,68222,2710,64373,2897,132595,California
Sonoma,2021-03-10,5819,202499,3126,101390,2389,100221,304,888,2344,67410,3460,67833,2648,135243,California
Sonoma,2021-03-11,7228,209727,2883,104273,3565,103786,780,1668,2563,66099,4656,72489,3345,138588,California
Sonoma,2021-03-12,6960,216687,2135,106408,3555,107341,1270,2938,1986,64398,4957,77446,3256,141844,California
Sonoma,2021-03-13,2960,219647,1455,107863,1281,108622,224,3162,1704,65070,1254,78700,1926,143770,California
Sonoma,2021-03-14,1165,220812,288,108151,737,109359,140,3302,752,65551,410,79110,891,144661,California
Sonoma,2021-03-15,5158,225970,1465,109616,3319,112678,374,3676,2181,65136,2969,82079,2554,147215,California
Sonoma,2021-03-16,6224,232194,2228,111844,3773,116451,223,3899,3149,65440,3068,85147,3372,150587,California
Sonoma,2021-03-17,6392,238586,3382,115226,2843,119294,167,4066,3267,65759,3115,88262,3434,154021,California
Sonoma,2021-03-18,5786,244372,2416,117642,2868,122162,502,4568,2669,65816,3112,91374,3169,157190,California
Sonoma,2021-03-19,5395,249767,2305,119947,2903,125065,187,4755,2431,65492,2944,94318,2620,159810,California
Sonoma,2021-03-20,2744,252511,1344,121291,742,125807,658,5413,1480,66369,1261,95579,2138,161948,California
Sonoma,2021-03-21,1350,253861,589,121880,727,126534,34,5447,1186,67427,163,95742,1221,163169,California
Sonoma,2021-03-22,4418,258279,3011,124891,1306,127840,101,5548,3483,70092,934,96676,3599,166768,California
Sonoma,2021-03-23,5618,263897,3477,128368,2067,129907,74,5622,4513,73586,1100,97776,4594,171362,California
Sonoma,2021-03-24,6484,270381,4155,132523,2254,132161,75,5697,4075,75473,2390,100166,4277,175639,California
Sonoma,2021-03-25,6829,277210,4062,136585,2664,134825,103,5800,4215,77293,2593,102759,4413,180052,California
Sonoma,2021-03-26,7107,284317,3346,139931,3668,138493,93,5893,3873,78269,3220,105979,4196,184248,California
Sonoma,2021-03-27,3827,288144,1498,141429,1979,140472,350,6243,1116,77114,2702,108681,1547,185795,California
Sonoma,2021-03-28,1468,289612,910,142339,533,141005,25,6268,921,77514,546,109227,946,186741,California
Sonoma,2021-03-29,2811,292423,1088,143427,1690,142695,33,6301,1593,77939,1213,110440,1638,188379,California
Sonoma,2021-03-30,5621,298044,3100,146527,2456,145151,65,6366,3026,78462,2591,113031,3114,191493,California
Sonoma,2021-03-31,5445,303489,3309,149836,1923,147074,213,6579,3326,79970,2110,115141,3618,195111,California
Sonoma,2021-04-01,6543,310032,3884,153720,2329,149403,330,6909,3507,81248,3025,118166,4303,199414,California
Sonoma,2021-04-02,5741,315773,3442,157162,2184,151587,115,7024,3491,82998,2245,120411,3995,203409,California
Sonoma,2021-04-03,3307,319080,1609,158771,1488,153075,210,7234,1474,82981,1827,122238,1810,205219,California
Sonoma,2021-04-04,1068,320148,688,159459,288,153363,92,7326,720,83450,347,122585,816,206035,California
Sonoma,2021-04-05,4154,324302,572,160031,3368,156731,214,7540,1780,83093,2369,124954,2012,208047,California
Sonoma,2021-04-06,4338,328640,1877,161908,2377,159108,84,7624,2570,84006,1754,126708,2667,210714,California
Stanislaus,2020-12-15,2,2,2,2,0,0,0,0,2,2,0,0,2,2,California
Stanislaus,2020-12-16,37,39,37,39,0,0,0,0,37,39,0,0,37,39,California
Stanislaus,2020-12-17,73,112,73,112,0,0,0,0,73,112,0,0,73,112,California
Stanislaus,2020-12-18,431,543,424,536,7,7,0,0,431,543,0,0,431,543,California
Stanislaus,2020-12-19,192,735,192,728,0,7,0,0,192,735,0,0,192,735,California
Stanislaus,2020-12-20,126,861,126,854,0,7,0,0,126,861,0,0,126,861,California
Stanislaus,2020-12-21,1124,1985,1121,1975,3,10,0,0,1123,1984,0,0,1123,1984,California
Stanislaus,2020-12-22,846,2831,834,2809,12,22,0,0,846,2830,0,0,846,2830,California
Stanislaus,2020-12-23,461,3292,444,3253,17,39,0,0,460,3290,0,0,460,3290,California
Stanislaus,2020-12-24,99,3391,90,3343,9,48,0,0,99,3389,0,0,99,3389,California
Stanislaus,2020-12-26,48,3439,6,3349,42,90,0,0,48,3437,0,0,48,3437,California
Stanislaus,2020-12-27,10,3449,5,3354,5,95,0,0,10,3447,0,0,10,3447,California
Stanislaus,2020-12-28,500,3949,404,3758,96,191,0,0,500,3947,0,0,500,3947,California
Stanislaus,2020-12-29,505,4454,429,4187,76,267,0,0,505,4452,0,0,505,4452,California
Stanislaus,2020-12-30,540,4994,283,4470,257,524,0,0,540,4991,1,1,540,4992,California
Stanislaus,2020-12-31,315,5309,172,4642,143,667,0,0,317,5308,0,1,317,5309,California
Stanislaus,2021-01-01,8,5317,1,4643,7,674,0,0,8,5316,0,1,8,5317,California
Stanislaus,2021-01-02,31,5348,24,4667,7,681,0,0,31,5347,0,1,31,5348,California
Stanislaus,2021-01-03,88,5436,85,4752,3,684,0,0,88,5435,0,1,88,5436,California
Stanislaus,2021-01-04,114,5550,31,4783,83,767,0,0,117,5552,0,1,117,5553,California
Stanislaus,2021-01-05,849,6399,334,5117,515,1282,0,0,825,6362,17,18,827,6380,California
Stanislaus,2021-01-06,976,7375,545,5662,431,1713,0,0,902,7201,64,82,903,7283,California
Stanislaus,2021-01-07,1088,8463,697,6359,391,2104,0,0,963,8053,112,194,964,8247,California
Stanislaus,2021-01-08,1316,9779,754,7113,562,2666,0,0,946,8638,365,559,950,9197,California
Stanislaus,2021-01-09,288,10067,144,7257,144,2810,0,0,196,8742,92,651,196,9393,California
Stanislaus,2021-01-10,47,10114,20,7277,27,2837,0,0,29,8753,18,669,29,9422,California
Stanislaus,2021-01-11,1547,11661,1261,8538,286,3123,0,0,604,8431,939,1608,617,10039,California
Stanislaus,2021-01-12,1489,13150,888,9426,601,3724,0,0,834,8618,651,2259,838,10877,California
Stanislaus,2021-01-13,1441,14591,675,10101,766,4490,0,0,1116,9418,324,2583,1124,12001,California
Stanislaus,2021-01-14,2214,16805,279,10380,1935,6425,0,0,2064,11388,148,2731,2118,14119,California
Stanislaus,2021-01-15,2884,19689,1152,11532,1732,8157,0,0,2726,14045,136,2867,2793,16912,California
Stanislaus,2021-01-16,572,20261,51,11583,521,8678,0,0,556,14588,15,2882,558,17470,California
Stanislaus,2021-01-17,244,20505,201,11784,43,8721,0,0,238,14820,6,2888,238,17708,California
Stanislaus,2021-01-18,2175,22680,1020,12804,1155,9876,0,0,1805,16319,367,3255,1866,19574,California
Stanislaus,2021-01-19,1266,23946,740,13544,526,10402,0,0,804,16665,459,3714,805,20379,California
Stanislaus,2021-01-20,994,24940,479,14023,515,10917,0,0,703,17078,290,4004,703,21082,California
Stanislaus,2021-01-21,3678,28618,2960,16983,718,11635,0,0,3360,20209,316,4320,3447,24529,California
Stanislaus,2021-01-22,1094,29712,306,17289,788,12423,0,0,1048,21218,43,4363,1052,25581,California
Stanislaus,2021-01-23,350,30062,38,17327,312,12735,0,0,296,21464,54,4417,300,25881,California
Stanislaus,2021-01-24,289,30351,99,17426,190,12925,0,0,223,21623,66,4483,225,26106,California
Stanislaus,2021-01-25,3145,33496,218,17644,2927,15852,0,0,2846,24296,300,4783,2973,29079,California
Stanislaus,2021-01-26,1733,35229,739,18383,994,16846,0,0,1315,25212,413,5196,1329,30408,California
Stanislaus,2021-01-27,1835,37064,972,19355,863,17709,0,0,1179,25743,649,5845,1180,31588,California
Stanislaus,2021-01-28,2250,39314,1498,20853,752,18461,0,0,1764,27080,474,6319,1811,33399,California
Stanislaus,2021-01-29,2487,41801,1198,22051,1289,19750,0,0,1956,28594,484,6803,1998,35397,California
Stanislaus,2021-01-30,299,42100,118,22169,181,19931,0,0,249,28791,52,6855,249,35646,California
Stanislaus,2021-01-31,366,42466,314,22483,52,19983,0,0,363,29142,12,6867,363,36009,California
Stanislaus,2021-02-01,1274,43740,542,23025,732,20715,0,0,937,29753,328,7195,939,36948,California
Stanislaus,2021-02-02,1261,45001,372,23397,889,21604,0,0,805,30109,454,7649,810,37758,California
Stanislaus,2021-02-03,2526,47527,1080,24477,1446,23050,0,0,1847,31287,675,8324,1853,39611,California
Stanislaus,2021-02-04,2112,49639,721,25198,1391,24441,0,0,1600,32384,507,8831,1604,41215,California
Stanislaus,2021-02-05,2856,52495,1459,26657,1397,25838,0,0,1618,32814,1192,10023,1622,42837,California
Stanislaus,2021-02-06,1014,53509,290,26947,724,26562,0,0,823,33449,189,10212,824,43661,California
Stanislaus,2021-02-07,210,53719,186,27133,24,26586,0,0,40,33321,169,10381,41,43702,California
Stanislaus,2021-02-08,2028,55747,1310,28443,718,27304,0,0,1124,33570,878,11259,1127,44829,California
Stanislaus,2021-02-09,1872,57619,789,29232,1083,28387,0,0,1105,33908,770,12029,1108,45937,California
Stanislaus,2021-02-10,1982,59601,563,29795,1419,29806,0,0,1073,34089,894,12923,1075,47012,California
Stanislaus,2021-02-11,5552,65153,3419,33214,2133,31939,0,0,1423,31547,3970,16893,1428,48440,California
Stanislaus,2021-02-12,3537,68690,1098,34312,2439,34378,0,0,1672,31404,1818,18711,1675,50115,California
Stanislaus,2021-02-13,1547,70237,758,35070,789,35167,0,0,1103,32062,450,19161,1108,51223,California
Stanislaus,2021-02-14,423,70660,170,35240,253,35420,0,0,357,32355,65,19226,358,51581,California
Stanislaus,2021-02-15,1840,72500,251,35491,1589,37009,0,0,629,31879,1114,20340,638,52219,California
Stanislaus,2021-02-16,1391,73891,422,35913,969,37978,0,0,602,31717,784,21124,622,52841,California
Stanislaus,2021-02-17,2758,76649,1675,37588,1083,39061,0,0,1972,32921,790,21914,1994,54835,California
Stanislaus,2021-02-18,3400,80049,1890,39478,1510,40571,0,0,1795,33240,1536,23450,1855,56690,California
Stanislaus,2021-02-19,2777,82826,1038,40516,1739,42310,0,0,1570,33638,1181,24631,1579,58269,California
Stanislaus,2021-02-20,758,83584,369,40885,389,42699,0,0,498,33888,251,24882,501,58770,California
Stanislaus,2021-02-21,799,84383,589,41474,210,42909,0,0,361,33933,424,25306,469,59239,California
Stanislaus,2021-02-22,2298,86681,1598,43072,700,43609,0,0,1588,34839,684,25990,1590,60829,California
Stanislaus,2021-02-23,3715,90396,679,43751,3036,46645,0,0,1751,34774,1835,27825,1770,62599,California
Stanislaus,2021-02-24,4164,94560,2807,46558,1357,48002,0,0,2989,36778,1160,28985,3164,65763,California
Stanislaus,2021-02-25,3936,98496,2643,49201,1293,49295,0,0,2960,38951,961,29946,3134,68897,California
Stanislaus,2021-02-26,4244,102740,1214,50415,3030,52325,0,0,2670,40298,1536,31482,2883,71780,California
Stanislaus,2021-02-27,2202,104942,684,51099,1517,53842,1,1,1788,41856,388,31870,1946,73726,California
Stanislaus,2021-02-28,804,105746,254,51353,550,54392,0,1,746,42558,54,31924,756,74482,California
Stanislaus,2021-03-01,3079,108825,1598,52951,1481,55873,0,1,1665,42838,1394,33318,1674,76156,California
Stanislaus,2021-03-02,2420,111245,1438,54389,982,56855,0,1,1675,43782,736,34054,1680,77836,California
Stanislaus,2021-03-03,3657,114902,2190,56579,1464,58319,3,4,2803,45747,841,34895,2806,80642,California
Stanislaus,2021-03-04,5526,120428,3211,59790,2297,60616,18,22,4170,48600,1339,36234,4192,84834,California
Stanislaus,2021-03-05,4209,124637,1307,61097,2886,63502,16,38,3074,50577,1121,37355,3098,87932,California
Stanislaus,2021-03-06,3725,128362,2258,63355,1379,64881,88,126,2701,52353,1022,38377,2798,90730,California
Stanislaus,2021-03-07,840,129202,381,63736,423,65304,36,162,651,52857,184,38561,688,91418,California
Stanislaus,2021-03-08,1991,131193,900,64636,1012,66316,79,241,1269,53493,714,39275,1350,92768,California
Stanislaus,2021-03-09,2741,133934,1050,65686,1602,67918,89,330,1711,54281,1019,40294,1807,94575,California
Stanislaus,2021-03-10,5488,139422,2655,68341,2616,70534,217,547,3752,56541,1716,42010,3976,98551,California
Stanislaus,2021-03-11,6196,145618,3330,71671,2396,72930,470,1017,4170,59342,1860,43870,4661,103212,California
Stanislaus,2021-03-12,6156,151774,1331,73002,2920,75850,1905,2922,2785,60757,3350,47220,4765,107977,California
Stanislaus,2021-03-13,3607,155381,2235,75237,1306,77156,66,2988,2697,62675,897,48117,2815,110792,California
Stanislaus,2021-03-14,822,156203,516,75753,255,77411,51,3039,411,62737,409,48526,471,111263,California
Stanislaus,2021-03-15,3850,160053,1969,77722,1503,78914,378,3417,1663,62758,2093,50619,2114,113377,California
Stanislaus,2021-03-16,5082,165135,2460,80182,2180,81094,442,3859,3639,65422,1421,52040,4085,117462,California
Stanislaus,2021-03-17,5104,170239,3055,83237,1869,82963,180,4039,3154,66856,1931,53971,3365,120827,California
Stanislaus,2021-03-18,5737,175976,3508,86745,2157,85120,72,4111,3306,67957,2291,56262,3392,124219,California
Stanislaus,2021-03-19,6331,182307,1711,88456,3103,88223,1517,5628,3490,70163,2808,59070,5014,129233,California
Stanislaus,2021-03-20,3728,186035,2722,91178,949,89172,57,5685,3326,73156,394,59464,3387,132620,California
Stanislaus,2021-03-21,993,187028,887,92065,45,89217,61,5746,755,73743,232,59696,819,133439,California
Stanislaus,2021-03-22,3032,190060,1396,93461,913,90130,723,6469,1420,74294,1597,61293,2148,135587,California
Stanislaus,2021-03-23,4080,194140,2078,95539,1759,91889,243,6712,2954,76400,1106,62399,3212,138799,California
Stanislaus,2021-03-24,4671,198811,3267,98806,1335,93224,69,6781,2772,77416,1855,64254,2871,141670,California
Stanislaus,2021-03-25,4599,203410,3115,101921,1466,94690,18,6799,2124,77184,2401,66655,2169,143839,California
Stanislaus,2021-03-26,4960,208370,1447,103368,3440,98130,73,6872,2581,77507,2348,69003,2671,146510,California
Stanislaus,2021-03-27,4390,212760,2696,106064,1668,99798,26,6898,1348,75883,3024,72027,1400,147910,California
Stanislaus,2021-03-28,1158,213918,435,106499,540,100338,183,7081,333,75596,818,72845,531,148441,California
Stanislaus,2021-03-29,3183,217101,1806,108305,1339,101677,38,7119,2187,76858,986,73831,2248,150689,California
Stanislaus,2021-03-30,3795,220896,2046,110351,1719,103396,30,7149,2363,77848,1424,75255,2414,153103,California
Stanislaus,2021-03-31,5536,226432,3822,114173,1579,104975,135,7284,2873,78272,2645,77900,3069,156172,California
Stanislaus,2021-04-01,5738,232170,3831,118004,1831,106806,76,7360,2700,78119,3026,80926,2873,159045,California
Stanislaus,2021-04-02,4869,237039,1215,119219,3556,110362,98,7458,2275,78045,2509,83435,2435,161480,California
Stanislaus,2021-04-03,4504,241543,3341,122560,1131,111493,32,7490,2205,78065,2289,85724,2309,163789,California
Stanislaus,2021-04-04,1316,242859,478,123038,817,112310,21,7511,705,78200,607,86331,742,164531,California
Stanislaus,2021-04-05,3031,245890,2041,125079,766,113076,224,7735,2030,79481,998,87329,2279,166810,California
Stanislaus,2021-04-06,2061,247951,1618,126697,421,113497,22,7757,1179,80499,881,88210,1899,168709,California
Sutter,2020-12-15,1,1,1,1,0,0,0,0,1,1,0,0,1,1,California
Sutter,2020-12-16,4,5,4,5,0,0,0,0,4,5,0,0,4,5,California
Sutter,2020-12-17,2,7,2,7,0,0,0,0,2,7,0,0,2,7,California
Sutter,2020-12-18,20,27,20,27,0,0,0,0,20,27,0,0,20,27,California
Sutter,2020-12-19,44,71,44,71,0,0,0,0,44,71,0,0,44,71,California
Sutter,2020-12-20,42,113,42,113,0,0,0,0,42,113,0,0,42,113,California
Sutter,2020-12-21,101,214,101,214,0,0,0,0,101,214,0,0,101,214,California
Sutter,2020-12-22,174,388,174,388,0,0,0,0,174,388,0,0,174,388,California
Sutter,2020-12-23,114,502,110,498,4,4,0,0,114,502,0,0,114,502,California
Sutter,2020-12-24,17,519,11,509,6,10,0,0,17,519,0,0,17,519,California
Sutter,2020-12-26,39,558,35,544,4,14,0,0,39,558,0,0,39,558,California
Sutter,2020-12-27,24,582,23,567,1,15,0,0,24,582,0,0,24,582,California
Sutter,2020-12-28,83,665,55,622,28,43,0,0,83,665,0,0,83,665,California
Sutter,2020-12-29,101,766,14,636,87,130,0,0,101,766,0,0,101,766,California
Sutter,2020-12-30,136,902,33,669,103,233,0,0,136,902,0,0,136,902,California
Sutter,2020-12-31,70,972,6,675,64,297,0,0,70,972,0,0,70,972,California
Sutter,2021-01-01,3,975,3,678,0,297,0,0,3,975,0,0,3,975,California
Sutter,2021-01-02,135,1110,133,811,2,299,0,0,135,1110,0,0,135,1110,California
Sutter,2021-01-03,1,1111,0,811,1,300,0,0,1,1111,0,0,1,1111,California
Sutter,2021-01-04,248,1359,140,951,108,408,0,0,248,1359,0,0,248,1359,California
Sutter,2021-01-05,99,1458,56,1007,43,451,0,0,97,1454,2,2,97,1456,California
Sutter,2021-01-06,206,1664,52,1059,154,605,0,0,201,1650,5,7,201,1657,California
Sutter,2021-01-07,251,1915,150,1209,101,706,0,0,242,1884,8,15,242,1899,California
Sutter,2021-01-08,146,2061,40,1249,106,812,0,0,129,1996,17,32,129,2028,California
Sutter,2021-01-09,44,2105,43,1292,1,813,0,0,3,1958,41,73,3,2031,California
Sutter,2021-01-10,402,2507,37,1329,365,1178,0,0,364,2285,37,110,364,2395,California
Sutter,2021-01-11,133,2640,115,1444,18,1196,0,0,26,2204,107,217,26,2421,California
Sutter,2021-01-12,202,2842,165,1609,37,1233,0,0,57,2116,145,362,57,2478,California
Sutter,2021-01-13,157,2999,95,1704,62,1295,0,0,70,2099,87,449,70,2548,California
Sutter,2021-01-14,145,3144,50,1754,95,1390,0,0,125,2204,20,469,125,2673,California
Sutter,2021-01-15,434,3578,131,1885,303,1693,0,0,419,2608,15,484,419,3092,California
Sutter,2021-01-16,390,3968,42,1927,348,2041,0,0,358,2935,31,515,358,3450,California
Sutter,2021-01-17,25,3993,23,1950,2,2043,0,0,9,2928,16,531,9,3459,California
Sutter,2021-01-18,116,4109,61,2011,55,2098,0,0,69,2950,47,578,69,3528,California
Sutter,2021-01-19,100,4209,40,2051,60,2158,0,0,76,3002,24,602,76,3604,California
Sutter,2021-01-20,256,4465,191,2242,65,2223,0,0,236,3218,20,622,236,3840,California
Sutter,2021-01-21,433,4898,264,2506,169,2392,0,0,414,3613,19,641,414,4254,California
Sutter,2021-01-22,267,5165,82,2588,185,2577,0,0,258,3862,9,650,258,4512,California
Sutter,2021-01-23,396,5561,40,2628,356,2933,0,0,370,4206,26,676,370,4882,California
Sutter,2021-01-24,17,5578,14,2642,3,2936,0,0,15,4219,2,678,15,4897,California
Sutter,2021-01-25,302,5880,196,2838,106,3042,0,0,149,4216,152,830,149,5046,California
Sutter,2021-01-26,242,6122,102,2940,140,3182,0,0,145,4266,96,926,146,5192,California
Sutter,2021-01-27,385,6507,254,3194,131,3313,0,0,319,4519,66,992,319,5511,California
Sutter,2021-01-28,523,7030,300,3494,223,3536,0,0,393,4782,130,1122,393,5904,California
Sutter,2021-01-29,418,7448,146,3640,272,3808,0,0,252,4868,166,1288,252,6156,California
Sutter,2021-01-30,780,8228,39,3679,741,4549,0,0,769,5626,11,1299,769,6925,California
Sutter,2021-01-31,27,8255,27,3706,0,4549,0,0,27,5653,0,1299,27,6952,California
Sutter,2021-02-01,162,8417,47,3753,115,4664,0,0,131,5753,31,1330,131,7083,California
Sutter,2021-02-02,241,8658,25,3778,216,4880,0,0,211,5934,30,1360,211,7294,California
Sutter,2021-02-03,445,9103,36,3814,409,5289,0,0,212,5913,233,1593,212,7506,California
Sutter,2021-02-04,668,9771,366,4180,302,5591,0,0,618,6481,50,1643,618,8124,California
Sutter,2021-02-05,282,10053,31,4211,251,5842,0,0,133,6466,149,1792,134,8258,California
Sutter,2021-02-06,732,10785,27,4238,705,6547,0,0,714,7161,19,1811,714,8972,California
Sutter,2021-02-07,22,10807,19,4257,3,6550,0,0,19,7177,3,1814,19,8991,California
Sutter,2021-02-08,132,10939,27,4284,105,6655,0,0,96,7237,36,1850,96,9087,California
Sutter,2021-02-09,249,11188,47,4331,202,6857,0,0,185,7358,64,1914,185,9272,California
Sutter,2021-02-10,799,11987,379,4710,420,7277,0,0,172,6904,626,2540,172,9444,California
Sutter,2021-02-11,601,12588,270,4980,331,7608,0,0,375,7053,226,2766,375,9819,California
Sutter,2021-02-12,625,13213,66,5046,559,8167,0,0,309,7046,316,3082,309,10128,California
Sutter,2021-02-13,901,14114,48,5094,853,9020,0,0,784,7714,116,3198,784,10912,California
Sutter,2021-02-14,87,14201,24,5118,63,9083,0,0,77,7781,10,3208,77,10989,California
Sutter,2021-02-15,198,14399,71,5189,127,9210,0,0,123,7829,75,3283,123,11112,California
Sutter,2021-02-16,283,14682,43,5232,240,9450,0,0,200,7947,82,3365,200,11312,California
Sutter,2021-02-17,830,15512,435,5667,395,9845,0,0,127,7371,703,4068,127,11439,California
Sutter,2021-02-18,702,16214,50,5717,652,10497,0,0,493,7656,208,4276,493,11932,California
Sutter,2021-02-19,663,16877,381,6098,282,10779,0,0,463,7921,198,4474,463,12395,California
Sutter,2021-02-20,621,17498,55,6153,566,11345,0,0,518,8336,103,4577,518,12913,California
Sutter,2021-02-21,29,17527,24,6177,5,11350,0,0,8,8323,21,4598,8,12921,California
Sutter,2021-02-22,199,17726,115,6292,84,11434,0,0,86,8296,113,4711,86,13007,California
Sutter,2021-02-23,217,17943,31,6323,186,11620,0,0,94,8267,123,4834,94,13101,California
Sutter,2021-02-24,957,18900,348,6671,609,12229,0,0,190,7691,766,5600,190,13291,California
Sutter,2021-02-25,772,19672,492,7163,280,12509,0,0,597,8116,172,5772,597,13888,California
Sutter,2021-02-26,365,20037,60,7223,305,12814,0,0,152,8057,211,5983,152,14040,California
Sutter,2021-02-27,860,20897,44,7267,816,13630,0,0,702,8600,159,6142,702,14742,California
Sutter,2021-02-28,83,20980,38,7305,45,13675,0,0,66,8649,17,6159,66,14808,California
Sutter,2021-03-01,243,21223,60,7365,183,13858,0,0,147,8700,96,6255,147,14955,California
Sutter,2021-03-02,333,21556,57,7422,276,14134,0,0,160,8688,172,6427,160,15115,California
Sutter,2021-03-03,1364,22920,506,7928,858,14992,0,0,622,8574,736,7163,622,15737,California
Sutter,2021-03-04,1232,24152,845,8773,387,15379,0,0,941,9230,287,7450,943,16680,California
Sutter,2021-03-05,317,24469,72,8845,244,15623,1,1,181,9277,135,7585,182,16862,California
Sutter,2021-03-06,596,25065,44,8889,548,16171,4,5,445,9582,144,7729,449,17311,California
Sutter,2021-03-07,65,25130,23,8912,41,16212,1,6,45,9608,20,7749,46,17357,California
Sutter,2021-03-08,203,25333,70,8982,121,16333,12,18,136,9689,67,7816,148,17505,California
Sutter,2021-03-09,382,25715,131,9113,238,16571,13,31,178,9677,203,8019,191,17696,California
Sutter,2021-03-10,1525,27240,654,9767,819,17390,52,83,482,9171,1040,9059,534,18230,California
Sutter,2021-03-11,837,28077,400,10167,421,17811,16,99,603,9559,231,9290,619,18849,California
Sutter,2021-03-12,488,28565,80,10247,340,18151,68,167,165,9470,322,9612,233,19082,California
Sutter,2021-03-13,909,29474,708,10955,184,18335,17,184,739,10058,168,9780,756,19838,California
Sutter,2021-03-14,108,29582,22,10977,75,18410,11,195,44,10049,64,9844,55,19893,California
Sutter,2021-03-15,310,29892,68,11045,195,18605,47,242,144,10075,165,10009,191,20084,California
Sutter,2021-03-16,335,30227,84,11129,205,18810,46,288,172,10131,162,10171,218,20302,California
Sutter,2021-03-17,1455,31682,551,11680,881,19691,23,311,282,9271,1165,11336,305,20607,California
Sutter,2021-03-18,737,32419,118,11798,459,20150,160,471,419,9533,316,11652,578,21185,California
Sutter,2021-03-19,321,32740,106,11904,198,20348,17,488,190,9612,128,11780,207,21392,California
Sutter,2021-03-20,862,33602,92,11996,764,21112,6,494,795,10348,66,11846,802,22194,California
Sutter,2021-03-21,70,33672,47,12043,19,21131,4,498,38,10358,32,11878,42,22236,California
Sutter,2021-03-22,283,33955,118,12161,139,21270,26,524,205,10511,78,11956,231,22467,California
Sutter,2021-03-23,345,34300,126,12287,187,21457,32,556,235,10668,110,12066,267,22734,California
Sutter,2021-03-24,1633,35933,726,13013,835,22292,72,628,317,9750,1307,13373,389,23123,California
Sutter,2021-03-25,1002,36935,663,13676,298,22590,41,669,343,9479,656,14029,385,23508,California
Sutter,2021-03-26,478,37413,184,13860,276,22866,18,687,283,9592,193,14222,306,23814,California
Sutter,2021-03-27,861,38274,64,13924,794,23660,3,690,762,10259,98,14320,765,24579,California
Sutter,2021-03-28,123,38397,72,13996,51,23711,0,690,77,10291,45,14365,77,24656,California
Sutter,2021-03-29,408,38805,139,14135,220,23931,49,739,217,10369,190,14555,268,24924,California
Sutter,2021-03-30,470,39275,162,14297,300,24231,8,747,309,10526,160,14715,317,25241,California
Sutter,2021-03-31,1193,40468,173,14470,1003,25234,17,764,441,10472,744,15459,690,25931,California
Sutter,2021-04-01,1306,41774,694,15164,428,25662,184,948,383,10129,916,16375,573,26504,California
Sutter,2021-04-02,493,42267,97,15261,290,25952,106,1054,203,10161,280,16655,312,26816,California
Sutter,2021-04-03,865,43132,59,15320,203,26155,603,1657,108,10129,756,17411,724,27540,California
Sutter,2021-04-04,119,43251,26,15346,88,26243,5,1662,56,10130,63,17474,64,27604,California
Sutter,2021-04-05,239,43490,27,15373,177,26420,35,1697,98,10133,137,17611,140,27744,California
Sutter,2021-04-06,216,43706,29,15402,160,26580,27,1724,114,10176,102,17713,145,27889,California
Tehama,2020-12-15,1,1,1,1,0,0,0,0,1,1,0,0,1,1,California
Tehama,2020-12-16,2,3,2,3,0,0,0,0,2,3,0,0,2,3,California
Tehama,2020-12-17,12,15,12,15,0,0,0,0,12,15,0,0,12,15,California
Tehama,2020-12-18,2,17,2,17,0,0,0,0,3,18,0,0,3,18,California
Tehama,2020-12-21,33,50,33,50,0,0,0,0,33,51,0,0,33,51,California
Tehama,2020-12-22,68,118,62,112,6,6,0,0,68,119,0,0,68,119,California
Tehama,2020-12-23,48,166,40,152,8,14,0,0,48,167,0,0,48,167,California
Tehama,2020-12-24,5,171,3,155,2,16,0,0,5,172,0,0,5,172,California
Tehama,2020-12-26,3,174,2,157,1,17,0,0,3,175,0,0,3,175,California
Tehama,2020-12-27,2,176,2,159,0,17,0,0,2,177,0,0,2,177,California
Tehama,2020-12-28,56,232,43,202,13,30,0,0,56,233,0,0,56,233,California
Tehama,2020-12-29,31,263,31,233,0,30,0,0,31,264,0,0,31,264,California
Tehama,2020-12-30,54,317,38,271,16,46,0,0,53,317,0,0,53,317,California
Tehama,2020-12-31,14,331,4,275,10,56,0,0,14,331,0,0,14,331,California
Tehama,2021-01-01,2,333,0,275,2,58,0,0,2,333,0,0,2,333,California
Tehama,2021-01-04,31,364,8,283,23,81,0,0,31,364,0,0,31,364,California
Tehama,2021-01-05,71,435,44,327,27,108,0,0,68,429,3,3,68,432,California
Tehama,2021-01-06,70,505,21,348,49,157,0,0,61,482,8,11,61,493,California
Tehama,2021-01-07,57,562,7,355,50,207,0,0,56,537,1,12,56,549,California
Tehama,2021-01-08,30,592,24,379,6,213,0,0,25,557,5,17,25,574,California
Tehama,2021-01-09,7,599,5,384,2,215,0,0,5,560,2,19,5,579,California
Tehama,2021-01-10,1,600,0,384,1,216,0,0,1,561,0,19,1,580,California
Tehama,2021-01-11,47,647,46,430,1,217,0,0,14,542,33,52,14,594,California
Tehama,2021-01-12,115,762,95,525,20,237,0,0,70,567,45,97,70,664,California
Tehama,2021-01-13,72,834,55,580,17,254,0,0,26,547,46,143,26,690,California
Tehama,2021-01-14,226,1060,51,631,175,429,0,0,224,769,2,145,224,914,California
Tehama,2021-01-15,246,1306,74,705,172,601,0,0,242,1007,4,149,242,1156,California
Tehama,2021-01-16,274,1580,27,732,247,848,0,0,271,1275,3,152,271,1427,California
Tehama,2021-01-17,13,1593,9,741,4,852,0,0,11,1284,2,154,11,1438,California
Tehama,2021-01-18,10,1603,6,747,4,856,0,0,5,1284,5,159,5,1443,California
Tehama,2021-01-19,289,1892,61,808,228,1084,0,0,234,1463,55,214,234,1677,California
Tehama,2021-01-20,303,2195,88,896,215,1299,0,0,252,1665,50,264,252,1929,California
Tehama,2021-01-21,214,2409,11,907,203,1502,0,0,204,1859,10,274,204,2133,California
Tehama,2021-01-22,214,2623,12,919,202,1704,0,0,211,2067,3,277,211,2344,California
Tehama,2021-01-23,263,2886,10,929,253,1957,0,0,261,2327,2,279,262,2606,California
Tehama,2021-01-25,30,2916,13,942,17,1974,0,0,13,2323,17,296,13,2619,California
Tehama,2021-01-26,325,3241,41,983,284,2258,0,0,287,2573,38,334,288,2907,California
Tehama,2021-01-27,299,3540,21,1004,278,2536,0,0,279,2832,20,354,279,3186,California
Tehama,2021-01-28,337,3877,28,1032,309,2845,0,0,322,3139,15,369,322,3508,California
Tehama,2021-01-29,320,4197,18,1050,302,3147,0,0,303,3425,17,386,303,3811,California
Tehama,2021-01-30,102,4299,2,1052,100,3247,0,0,101,3525,1,387,101,3912,California
Tehama,2021-01-31,1,4300,0,1052,1,3248,0,0,1,3526,0,387,1,3913,California
Tehama,2021-02-01,78,4378,23,1075,55,3303,0,0,37,3522,41,428,37,3950,California
Tehama,2021-02-02,336,4714,63,1138,273,3576,0,0,240,3669,93,521,240,4190,California
Tehama,2021-02-03,365,5079,12,1150,353,3929,0,0,321,3946,44,565,321,4511,California
Tehama,2021-02-04,456,5535,99,1249,357,4286,0,0,378,4246,78,643,378,4889,California
Tehama,2021-02-05,160,5695,73,1322,87,4373,0,0,101,4288,59,702,101,4990,California
Tehama,2021-02-06,29,5724,13,1335,16,4389,0,0,17,4293,12,714,17,5007,California
Tehama,2021-02-07,5,5729,4,1339,1,4390,0,0,2,4292,3,717,2,5009,California
Tehama,2021-02-08,35,5764,14,1353,21,4411,0,0,27,4311,8,725,27,5036,California
Tehama,2021-02-09,76,5840,33,1386,43,4454,0,0,42,4319,34,759,42,5078,California
Tehama,2021-02-10,232,6072,61,1447,171,4625,0,0,157,4401,75,834,157,5235,California
Tehama,2021-02-11,219,6291,14,1461,205,4830,0,0,79,4342,138,972,79,5314,California
Tehama,2021-02-12,346,6637,49,1510,297,5127,0,0,165,4326,181,1153,165,5479,California
Tehama,2021-02-13,390,7027,13,1523,377,5504,0,0,149,4234,241,1394,149,5628,California
Tehama,2021-02-14,34,7061,0,1523,34,5538,0,0,33,4266,1,1395,33,5661,California
Tehama,2021-02-15,52,7113,10,1533,42,5580,0,0,46,4306,6,1401,46,5707,California
Tehama,2021-02-16,240,7353,15,1548,225,5805,0,0,57,4180,183,1584,57,5764,California
Tehama,2021-02-17,291,7644,21,1569,270,6075,0,0,65,4019,226,1810,65,5829,California
Tehama,2021-02-18,363,8007,36,1605,327,6402,0,0,139,3934,224,2034,139,5968,California
Tehama,2021-02-19,216,8223,19,1624,197,6599,0,0,46,3810,170,2204,46,6014,California
Tehama,2021-02-20,273,8496,6,1630,267,6866,0,0,26,3590,246,2450,26,6040,California
Tehama,2021-02-21,1,8497,1,1631,0,6866,0,0,1,3591,0,2450,1,6041,California
Tehama,2021-02-22,38,8535,14,1645,24,6890,0,0,25,3603,13,2463,25,6066,California
Tehama,2021-02-23,45,8580,18,1663,27,6917,0,0,25,3608,20,2483,25,6091,California
Tehama,2021-02-24,298,8878,12,1675,286,7203,0,0,25,3360,273,2756,25,6116,California
Tehama,2021-02-25,379,9257,63,1738,316,7519,0,0,39,3059,340,3096,39,6155,California
Tehama,2021-02-26,453,9710,19,1757,434,7953,0,0,69,2744,384,3480,69,6224,California
Tehama,2021-02-27,296,10006,6,1763,290,8243,0,0,35,2518,261,3741,35,6259,California
Tehama,2021-02-28,24,10030,3,1766,21,8264,0,0,21,2536,3,3744,21,6280,California
Tehama,2021-03-01,62,10092,8,1774,54,8318,0,0,28,2530,34,3778,28,6308,California
Tehama,2021-03-02,107,10199,17,1791,90,8408,0,0,26,2475,81,3859,26,6334,California
Tehama,2021-03-03,102,10301,28,1819,74,8482,0,0,37,2447,65,3924,37,6371,California
Tehama,2021-03-04,538,10839,21,1840,517,8999,0,0,196,2307,336,4260,196,6567,California
Tehama,2021-03-05,347,11186,21,1861,326,9325,0,0,189,2339,157,4417,189,6756,California
Tehama,2021-03-06,285,11471,16,1877,269,9594,0,0,75,2206,209,4626,76,6832,California
Tehama,2021-03-07,8,11479,2,1879,6,9600,0,0,6,2210,2,4628,6,6838,California
Tehama,2021-03-08,53,11532,10,1889,30,9630,13,13,25,2221,27,4655,38,6876,California
Tehama,2021-03-09,288,11820,5,1894,264,9894,19,32,234,2420,54,4709,253,7129,California
Tehama,2021-03-10,311,12131,14,1908,293,10187,4,36,65,2244,245,4954,69,7198,California
Tehama,2021-03-11,438,12569,22,1930,381,10568,35,71,312,2465,126,5080,347,7545,California
Tehama,2021-03-12,231,12800,13,1943,171,10739,47,118,151,2583,80,5160,198,7743,California
Tehama,2021-03-13,28,12828,9,1952,13,10752,6,124,6,2573,22,5182,12,7755,California
Tehama,2021-03-14,29,12857,2,1954,16,10768,11,135,3,2561,26,5208,14,7769,California
Tehama,2021-03-15,155,13012,22,1976,108,10876,25,160,82,2595,73,5281,107,7876,California
Tehama,2021-03-16,362,13374,15,1991,312,11188,35,195,269,2807,92,5373,304,8180,California
Tehama,2021-03-17,395,13769,31,2022,333,11521,31,226,313,3071,80,5453,344,8524,California
Tehama,2021-03-18,440,14209,26,2048,390,11911,24,250,276,3209,162,5615,300,8824,California
Tehama,2021-03-19,281,14490,15,2063,254,12165,12,262,242,3424,39,5654,254,9078,California
Tehama,2021-03-20,30,14520,10,2073,19,12184,1,263,24,3443,6,5660,25,9103,California
Tehama,2021-03-21,13,14533,7,2080,6,12190,0,263,13,3456,0,5660,13,9116,California
Tehama,2021-03-22,91,14624,8,2088,68,12258,15,278,53,3486,38,5698,68,9184,California
Tehama,2021-03-23,89,14713,26,2114,54,12312,9,287,67,3541,21,5719,76,9260,California
Tehama,2021-03-24,95,14808,23,2137,68,12380,4,291,64,3578,31,5750,68,9328,California
Tehama,2021-03-25,495,15303,337,2474,147,12527,11,302,449,3993,46,5796,461,9789,California
Tehama,2021-03-26,466,15769,357,2831,96,12623,13,315,387,4316,79,5875,402,10191,California
Tehama,2021-03-27,429,16198,341,3172,67,12690,21,336,366,4641,62,5937,387,10578,California
Tehama,2021-03-28,36,16234,15,3187,21,12711,0,336,23,4651,13,5950,23,10601,California
Tehama,2021-03-29,120,16354,32,3219,88,12799,0,336,78,4689,41,5991,79,10680,California
Tehama,2021-03-30,344,16698,197,3416,145,12944,2,338,231,4819,113,6104,243,10923,California
Tehama,2021-03-31,369,17067,269,3685,97,13041,3,341,300,5056,68,6172,305,11228,California
Tehama,2021-04-01,515,17582,239,3924,270,13311,6,347,378,5318,137,6309,399,11627,California
Tehama,2021-04-02,442,18024,208,4132,227,13538,7,354,262,5427,180,6489,289,11916,California
Tehama,2021-04-03,63,18087,4,4136,54,13592,5,359,32,5433,31,6520,37,11953,California
Tehama,2021-04-04,37,18124,9,4145,27,13619,1,360,25,5447,12,6532,26,11979,California
Tehama,2021-04-05,106,18230,11,4156,71,13690,24,384,50,5467,56,6588,76,12055,California
Tehama,2021-04-06,382,18612,80,4236,277,13967,25,409,125,5373,257,6845,163,12218,California
Trinity,2020-12-17,4,4,4,4,0,0,0,0,4,4,0,0,4,4,California
Trinity,2020-12-18,2,6,2,6,0,0,0,0,2,6,0,0,2,6,California
Trinity,2020-12-21,38,44,38,44,0,0,0,0,38,44,0,0,38,44,California
Trinity,2020-12-22,5,49,5,49,0,0,0,0,5,49,0,0,5,49,California
Trinity,2020-12-23,5,54,5,54,0,0,0,0,5,54,0,0,5,54,California
Trinity,2020-12-28,30,84,30,84,0,0,0,0,30,84,0,0,30,84,California
Trinity,2020-12-29,8,92,7,91,1,1,0,0,8,92,0,0,8,92,California
Trinity,2020-12-30,10,102,8,99,2,3,0,0,10,102,0,0,10,102,California
Trinity,2020-12-31,2,104,1,100,1,4,0,0,2,104,0,0,2,104,California
Trinity,2021-01-04,27,131,1,101,26,30,0,0,26,130,0,0,26,130,California
Trinity,2021-01-05,2,133,1,102,1,31,0,0,2,132,0,0,2,132,California
Trinity,2021-01-06,23,156,4,106,19,50,0,0,19,147,4,4,19,151,California
Trinity,2021-01-08,49,205,2,108,47,97,0,0,48,193,2,6,48,199,California
Trinity,2021-01-11,40,245,39,147,1,98,0,0,2,157,38,44,2,201,California
Trinity,2021-01-12,8,253,6,153,2,100,0,0,3,155,5,49,3,204,California
Trinity,2021-01-13,7,260,4,157,3,103,0,0,4,156,3,52,4,208,California
Trinity,2021-01-14,4,264,1,158,3,106,0,0,4,160,0,52,4,212,California
Trinity,2021-01-16,4,268,0,158,4,110,0,0,4,164,0,52,4,216,California
Trinity,2021-01-18,31,299,31,189,0,110,0,0,1,135,30,82,1,217,California
Trinity,2021-01-19,31,330,14,203,17,127,0,0,17,138,14,96,17,234,California
Trinity,2021-01-20,19,349,3,206,16,143,0,0,17,153,2,98,17,251,California
Trinity,2021-01-21,16,365,6,212,10,153,0,0,16,169,0,98,16,267,California
Trinity,2021-01-22,4,369,0,212,4,157,0,0,4,173,0,98,4,271,California
Trinity,2021-01-23,6,375,2,214,4,161,0,0,6,179,0,98,6,277,California
Trinity,2021-01-25,14,389,1,215,13,174,0,0,13,191,1,99,13,290,California
Trinity,2021-01-26,10,399,1,216,9,183,0,0,9,199,1,100,9,299,California
Trinity,2021-01-27,12,411,0,216,12,195,0,0,12,211,0,100,12,311,California
Trinity,2021-01-28,13,424,3,219,10,205,0,0,10,218,3,103,10,321,California
Trinity,2021-01-29,3,427,1,220,2,207,0,0,2,219,1,104,2,323,California
Trinity,2021-01-30,13,440,11,231,2,209,0,0,13,232,0,104,13,336,California
Trinity,2021-01-31,1,441,1,232,0,209,0,0,1,233,0,104,1,337,California
Trinity,2021-02-01,2,443,1,233,1,210,0,0,1,233,1,105,1,338,California
Trinity,2021-02-02,13,456,3,236,10,220,0,0,12,244,1,106,12,350,California
Trinity,2021-02-03,6,462,1,237,5,225,0,0,3,244,3,109,3,353,California
Trinity,2021-02-04,36,498,32,269,4,229,0,0,34,276,2,111,34,387,California
Trinity,2021-02-05,348,846,0,269,348,577,0,0,318,564,30,141,318,705,California
Trinity,2021-02-06,209,1055,4,273,205,782,0,0,202,759,7,148,202,907,California
Trinity,2021-02-08,24,1079,1,274,23,805,0,0,16,767,8,156,16,923,California
Trinity,2021-02-09,21,1100,2,276,19,824,0,0,6,758,15,171,6,929,California
Trinity,2021-02-10,122,1222,9,285,113,937,0,0,103,842,19,190,103,1032,California
Trinity,2021-02-11,302,1524,2,287,300,1237,0,0,296,1132,6,196,296,1328,California
Trinity,2021-02-12,9,1533,6,293,3,1240,0,0,9,1141,0,196,9,1337,California
Trinity,2021-02-13,11,1544,4,297,7,1247,0,0,5,1140,6,202,5,1342,California
Trinity,2021-02-14,2,1546,2,299,0,1247,0,0,2,1142,0,202,2,1344,California
Trinity,2021-02-15,47,1593,0,299,47,1294,0,0,47,1189,0,202,47,1391,California
Trinity,2021-02-16,7,1600,2,301,5,1299,0,0,3,1189,4,206,4,1395,California
Trinity,2021-02-17,94,1694,2,303,92,1391,0,0,84,1263,10,216,84,1479,California
Trinity,2021-02-18,5,1699,0,303,5,1396,0,0,1,1261,3,219,1,1480,California
Trinity,2021-02-19,212,1911,2,305,210,1606,0,0,199,1447,13,232,199,1679,California
Trinity,2021-02-20,141,2052,13,318,128,1734,0,0,114,1534,27,259,114,1793,California
Trinity,2021-02-22,3,2055,0,318,3,1737,0,0,0,1531,3,262,0,1793,California
Trinity,2021-02-23,8,2063,4,322,4,1741,0,0,3,1529,5,267,3,1796,California
Trinity,2021-02-24,28,2091,8,330,20,1761,0,0,7,1515,21,288,7,1803,California
Trinity,2021-02-25,36,2127,23,353,13,1774,0,0,5,1489,31,319,5,1808,California
Trinity,2021-02-26,11,2138,1,354,10,1784,0,0,5,1488,6,325,5,1813,California
Trinity,2021-02-27,9,2147,6,360,3,1787,0,0,5,1489,4,329,5,1818,California
Trinity,2021-02-28,1,2148,1,361,0,1787,0,0,1,1490,0,329,1,1819,California
Trinity,2021-03-01,8,2156,0,361,8,1795,0,0,5,1492,3,332,5,1824,California
Trinity,2021-03-02,9,2165,4,365,5,1800,0,0,1,1485,8,340,1,1825,California
Trinity,2021-03-03,5,2170,0,365,5,1805,0,0,4,1488,1,341,4,1829,California
Trinity,2021-03-04,15,2185,10,375,5,1810,0,0,13,1499,2,343,13,1842,California
Trinity,2021-03-05,282,2467,1,376,280,2090,1,1,33,1287,246,589,34,1876,California
Trinity,2021-03-06,186,2653,7,383,179,2269,0,1,21,1143,165,754,21,1897,California
Trinity,2021-03-07,3,2656,3,386,0,2269,0,1,2,1144,1,755,2,1899,California
Trinity,2021-03-08,5,2661,0,386,3,2272,2,3,2,1145,3,758,4,1903,California
Trinity,2021-03-09,95,2756,1,387,91,2363,3,6,90,1233,5,763,93,1996,California
Trinity,2021-03-10,128,2884,6,393,121,2484,1,7,41,1188,87,850,42,2038,California
Trinity,2021-03-11,12,2896,4,397,5,2489,3,10,7,1193,5,855,10,2048,California
Trinity,2021-03-12,325,3221,4,401,316,2805,5,15,61,995,264,1119,66,2114,California
Trinity,2021-03-13,10,3231,7,408,2,2807,1,16,7,1000,3,1122,8,2122,California
Trinity,2021-03-15,67,3298,0,408,66,2873,1,17,14,962,53,1175,15,2137,California
Trinity,2021-03-16,112,3410,7,415,105,2978,0,17,99,1048,13,1188,99,2236,California
Trinity,2021-03-17,105,3515,4,419,101,3079,0,17,30,1003,75,1263,30,2266,California
Trinity,2021-03-18,11,3526,5,424,5,3084,1,18,8,1009,3,1266,9,2275,California
Trinity,2021-03-19,357,3883,6,430,246,3330,105,123,31,819,326,1592,136,2411,California
Trinity,2021-03-20,61,3944,8,438,53,3383,0,123,38,834,23,1615,38,2449,California
Trinity,2021-03-21,5,3949,1,439,2,3385,2,125,2,835,3,1618,4,2453,California
Trinity,2021-03-22,4,3953,2,441,2,3387,0,125,4,839,0,1618,4,2457,California
Trinity,2021-03-23,96,4049,1,442,95,3482,0,125,78,899,18,1636,78,2535,California
Trinity,2021-03-24,11,4060,2,444,9,3491,0,125,11,910,0,1636,11,2546,California
Trinity,2021-03-25,106,4166,6,450,93,3584,7,132,83,977,23,1659,90,2636,California
Trinity,2021-03-26,12,4178,1,451,11,3595,0,132,6,977,6,1665,6,2642,California
Trinity,2021-03-27,19,4197,6,457,4,3599,9,141,6,979,13,1678,15,2657,California
Trinity,2021-03-28,8,4205,5,462,3,3602,0,141,3,977,5,1683,3,2660,California
Trinity,2021-03-29,6,4211,0,462,6,3608,0,141,3,977,3,1686,3,2663,California
Trinity,2021-03-30,79,4290,7,469,72,3680,0,141,71,1040,8,1694,71,2734,California
Trinity,2021-03-31,46,4336,6,475,17,3697,23,164,19,1054,27,1721,41,2775,California
Trinity,2021-04-01,40,4376,13,488,18,3715,9,173,22,1067,18,1739,31,2806,California
Trinity,2021-04-02,158,4534,5,493,82,3797,71,244,67,1115,90,1829,138,2944,California
Trinity,2021-04-03,14,4548,11,504,3,3800,0,244,6,1113,8,1837,6,2950,California
Trinity,2021-04-04,11,4559,8,512,3,3803,0,244,10,1122,1,1838,10,2960,California
Trinity,2021-04-05,60,4619,6,518,53,3856,1,245,54,1172,5,1843,55,3015,California
Trinity,2021-04-06,6,4625,2,520,3,3859,1,246,3,1174,3,1846,5,3020,California
Tulare,2020-12-16,4,4,4,4,0,0,0,0,4,4,0,0,4,4,California
Tulare,2020-12-17,110,114,110,114,0,0,0,0,110,114,0,0,110,114,California
Tulare,2020-12-18,291,405,291,405,0,0,0,0,291,405,0,0,291,405,California
Tulare,2020-12-19,327,732,327,732,0,0,0,0,327,732,0,0,327,732,California
Tulare,2020-12-20,168,900,167,899,1,1,0,0,168,900,0,0,168,900,California
Tulare,2020-12-21,422,1322,422,1321,0,1,0,0,442,1342,0,0,442,1342,California
Tulare,2020-12-22,469,1791,467,1788,2,3,0,0,468,1810,0,0,468,1810,California
Tulare,2020-12-23,330,2121,322,2110,8,11,0,0,328,2138,0,0,328,2138,California
Tulare,2020-12-24,18,2139,16,2126,2,13,0,0,18,2156,0,0,18,2156,California
Tulare,2020-12-26,8,2147,7,2133,1,14,0,0,8,2164,0,0,8,2164,California
Tulare,2020-12-27,16,2163,12,2145,4,18,0,0,16,2180,0,0,16,2180,California
Tulare,2020-12-28,484,2647,472,2617,12,30,0,0,483,2663,0,0,483,2663,California
Tulare,2020-12-29,545,3192,477,3094,68,98,0,0,545,3208,0,0,545,3208,California
Tulare,2020-12-30,472,3664,435,3529,37,135,0,0,472,3680,0,0,472,3680,California
Tulare,2020-12-31,95,3759,22,3551,73,208,0,0,95,3775,0,0,95,3775,California
Tulare,2021-01-01,1,3760,0,3551,1,209,0,0,1,3776,0,0,1,3776,California
Tulare,2021-01-02,27,3787,18,3569,9,218,0,0,27,3803,0,0,27,3803,California
Tulare,2021-01-03,22,3809,9,3578,13,231,0,0,22,3825,0,0,22,3825,California
Tulare,2021-01-04,92,3901,16,3594,76,307,0,0,92,3917,0,0,92,3917,California
Tulare,2021-01-05,462,4363,279,3873,183,490,0,0,460,4375,2,2,460,4377,California
Tulare,2021-01-06,863,5226,636,4509,227,717,0,0,853,5218,10,12,853,5230,California
Tulare,2021-01-07,782,6008,582,5091,200,917,0,0,676,5788,106,118,676,5906,California
Tulare,2021-01-08,1265,7273,575,5666,690,1607,0,0,927,6378,337,455,927,6833,California
Tulare,2021-01-09,739,8012,203,5869,536,2143,0,0,552,6743,187,642,552,7385,California
Tulare,2021-01-10,49,8061,43,5912,6,2149,0,0,10,6714,39,681,10,7395,California
Tulare,2021-01-11,1203,9264,765,6677,438,2587,0,0,768,7047,435,1116,768,8163,California
Tulare,2021-01-12,1396,10660,486,7163,910,3497,0,0,990,7632,406,1522,991,9154,California
Tulare,2021-01-13,452,11112,227,7390,225,3722,0,0,377,7934,75,1597,377,9531,California
Tulare,2021-01-14,491,11603,141,7531,350,4072,0,0,465,8384,15,1612,465,9996,California
Tulare,2021-01-15,1607,13210,148,7679,1459,5531,0,0,1598,9973,9,1621,1598,11594,California
Tulare,2021-01-16,1873,15083,113,7792,1760,7291,0,0,1860,11820,13,1634,1860,13454,California
Tulare,2021-01-17,140,15223,121,7913,19,7310,0,0,129,11938,11,1645,129,13583,California
Tulare,2021-01-18,697,15920,663,8576,34,7344,0,0,296,11833,401,2046,296,13879,California
Tulare,2021-01-19,1004,16924,681,9257,323,7667,0,0,577,11983,427,2473,577,14456,California
Tulare,2021-01-20,2370,19294,560,9817,1810,9477,0,0,1987,13587,383,2856,1987,16443,California
Tulare,2021-01-21,1503,20797,149,9966,1354,10831,0,0,1477,15043,21,2877,1477,17920,California
Tulare,2021-01-22,1048,21845,185,10151,863,11694,0,0,1024,16044,23,2900,1024,18944,California
Tulare,2021-01-23,438,22283,157,10308,281,11975,0,0,416,16438,22,2922,416,19360,California
Tulare,2021-01-24,30,22313,27,10335,3,11978,0,0,27,16462,3,2925,27,19387,California
Tulare,2021-01-25,1327,23640,981,11316,346,12324,0,0,1298,17731,29,2954,1298,20685,California
Tulare,2021-01-26,1499,25139,1100,12416,399,12723,0,0,1175,18583,323,3277,1175,21860,California
Tulare,2021-01-27,1458,26597,1071,13487,387,13110,0,0,878,18881,580,3857,878,22738,California
Tulare,2021-01-28,1194,27791,764,14251,430,13540,0,0,802,19291,392,4249,802,23540,California
Tulare,2021-01-29,1126,28917,718,14969,408,13948,0,0,818,19801,308,4557,818,24358,California
Tulare,2021-01-30,1673,30590,1582,16551,91,14039,0,0,1650,21429,23,4580,1651,26009,California
Tulare,2021-01-31,50,30640,47,16598,3,14042,0,0,48,21475,2,4582,48,26057,California
Tulare,2021-02-01,1166,31806,903,17501,263,14305,0,0,817,21944,348,4930,817,26874,California
Tulare,2021-02-02,675,32481,328,17829,347,14652,0,0,446,22163,227,5157,446,27320,California
Tulare,2021-02-03,606,33087,282,18111,324,14976,0,0,333,22225,271,5428,333,27653,California
Tulare,2021-02-04,554,33641,165,18276,389,15365,0,0,266,22205,287,5715,267,27920,California
Tulare,2021-02-05,1228,34869,229,18505,999,16364,0,0,415,21809,811,6526,415,28335,California
Tulare,2021-02-06,836,35705,152,18657,684,17048,0,0,272,21519,562,7088,272,28607,California
Tulare,2021-02-07,76,35781,64,18721,12,17060,0,0,23,21489,53,7141,23,28630,California
Tulare,2021-02-08,947,36728,335,19056,612,17672,0,0,308,21161,636,7777,308,28938,California
Tulare,2021-02-09,1402,38130,324,19380,1078,18750,0,0,358,20480,1039,8816,358,29296,California
Tulare,2021-02-10,2451,40581,1984,21364,467,19217,0,0,2069,22170,379,9195,2069,31365,California
Tulare,2021-02-11,1305,41886,375,21739,930,20147,0,0,923,22711,382,9577,923,32288,California
Tulare,2021-02-12,2780,44666,580,22319,2200,22347,0,0,1224,22388,1549,11126,1226,33514,California
Tulare,2021-02-13,2448,47114,157,22476,2291,24638,0,0,666,21275,1779,12905,666,34180,California
Tulare,2021-02-14,328,47442,36,22512,292,24930,0,0,295,21537,33,12938,295,34475,California
Tulare,2021-02-15,913,48355,292,22804,621,25551,0,0,657,21939,255,13193,657,35132,California
Tulare,2021-02-16,2817,51172,1603,24407,1214,26765,0,0,1064,21250,1753,14946,1064,36196,California
Tulare,2021-02-17,2697,53869,513,24920,2184,28949,0,0,466,19492,2225,17171,467,36663,California
Tulare,2021-02-18,2280,56149,440,25360,1840,30789,0,0,621,18462,1651,18822,621,37284,California
Tulare,2021-02-19,2285,58434,847,26207,1438,32227,0,0,941,18061,1342,20164,941,38225,California
Tulare,2021-02-20,2975,61409,1876,28083,1099,33326,0,0,1253,17597,1717,21881,1253,39478,California
Tulare,2021-02-21,65,61474,61,28144,4,33330,0,0,41,17614,24,21905,41,39519,California
Tulare,2021-02-22,1107,62581,700,28844,407,33737,0,0,222,16952,884,22789,222,39741,California
Tulare,2021-02-23,1929,64510,930,29774,999,34736,0,0,1443,17910,485,23274,1443,41184,California
Tulare,2021-02-24,2454,66964,1537,31311,917,35653,0,0,2076,19610,377,23651,2077,43261,California
Tulare,2021-02-25,3450,70414,1930,33241,1520,37173,0,0,3032,22229,413,24064,3032,46293,California
Tulare,2021-02-26,3767,74181,1865,35106,1902,39075,0,0,3331,25127,433,24497,3331,49624,California
Tulare,2021-02-27,2850,77031,1390,36496,1460,40535,0,0,2721,27729,119,24616,2721,52345,California
Tulare,2021-02-28,1302,78333,1033,37529,269,40804,0,0,1283,28995,17,24633,1283,53628,California
Tulare,2021-03-01,1705,80038,769,38298,936,41740,0,0,1528,30347,176,24809,1528,55156,California
Tulare,2021-03-02,2621,82659,1178,39476,1443,43183,0,0,2457,32647,159,24968,2459,57615,California
Tulare,2021-03-03,3635,86294,2440,41916,1195,44378,0,0,1709,32436,1924,26892,1713,59328,California
Tulare,2021-03-04,2803,89097,1272,43188,1531,45909,0,0,2490,34617,310,27202,2491,61819,California
Tulare,2021-03-05,3155,92252,1614,44802,1528,47437,13,13,2691,36864,460,27662,2707,64526,California
Tulare,2021-03-06,2955,95207,1375,46177,1524,48961,56,69,2713,39393,238,27900,2767,67293,California
Tulare,2021-03-07,1073,96280,667,46844,388,49349,18,87,1036,40410,37,27937,1054,68347,California
Tulare,2021-03-08,1589,97869,948,47792,482,49831,159,246,1306,41593,282,28219,1465,69812,California
Tulare,2021-03-09,2324,100193,1371,49163,807,50638,146,392,1972,43359,352,28571,2118,71930,California
Tulare,2021-03-10,2409,102602,1171,50334,1125,51763,113,505,2089,45250,310,28881,2201,74131,California
Tulare,2021-03-11,3684,106286,1727,52061,1729,53492,228,733,2839,47480,838,29719,3068,77199,California
Tulare,2021-03-12,3699,109985,2029,54090,1408,54900,262,995,2671,49400,1015,30734,2935,80134,California
Tulare,2021-03-13,3480,113465,1648,55738,1722,56622,110,1105,2735,51503,742,31476,2845,82979,California
Tulare,2021-03-14,1579,115044,882,56620,479,57101,218,1323,1194,52531,383,31859,1411,84390,California
Tulare,2021-03-15,2578,117622,1480,58100,980,58081,118,1441,1816,53705,761,32620,1935,86325,California
Tulare,2021-03-16,3307,120929,2022,60122,1208,59289,77,1518,1792,54068,1511,34131,1874,88199,California
Tulare,2021-03-17,3668,124597,2410,62532,1192,60481,66,1584,2031,54539,1632,35763,2103,90302,California
Tulare,2021-03-18,3957,128554,2955,65487,937,61418,65,1649,2057,54768,1894,37657,2123,92425,California
Tulare,2021-03-19,4209,132763,2698,68185,1344,62762,167,1816,2213,55170,1982,39639,2384,94809,California
Tulare,2021-03-20,3014,135777,1790,69975,967,63729,257,2073,1374,55170,1634,41273,1634,96443,California
Tulare,2021-03-21,1812,137589,1546,71521,240,63969,26,2099,926,55239,883,42156,952,97395,California
Tulare,2021-03-22,2411,140000,1673,73194,629,64598,109,2208,1598,56143,805,42961,1709,99104,California
Tulare,2021-03-23,3550,143550,2002,75196,1499,66097,49,2257,1951,56560,1590,44551,2007,101111,California
Tulare,2021-03-24,3056,146606,1881,77077,1132,67229,43,2300,1814,57188,1235,45786,1863,102974,California
Tulare,2021-03-25,3231,149837,1657,78734,1461,68690,113,2413,1586,57262,1639,47425,1713,104687,California
Tulare,2021-03-26,5045,154882,2956,81690,1981,70671,108,2521,2464,57299,2563,49988,2600,107287,California
Tulare,2021-03-27,3354,158236,1678,83368,1576,72247,100,2621,911,55910,2436,52424,1047,108334,California
Tulare,2021-03-28,1401,159637,1008,84376,367,72614,26,2647,660,55864,739,53163,693,109027,California
Tulare,2021-03-29,2827,162464,1608,85984,1107,73721,112,2759,1202,55588,1619,54782,1343,110370,California
Tulare,2021-03-30,4481,166945,2568,88552,1677,75398,236,2995,2061,55490,2414,57196,2316,112686,California
Tulare,2021-03-31,3668,170613,2145,90697,1412,76810,111,3106,1526,55191,2136,59332,1837,114523,California
Tulare,2021-04-01,4100,174713,2287,92984,1753,78563,60,3166,1342,53959,2753,62085,1521,116044,California
Tulare,2021-04-02,4958,179671,2849,95833,2011,80574,98,3264,1633,52476,3308,65393,1825,117869,California
Tulare,2021-04-03,2970,182641,1946,97779,715,81289,309,3573,814,51576,2126,67519,1226,119095,California
Tulare,2021-04-04,1554,184195,1089,98868,458,81747,7,3580,399,50836,1155,68674,415,119510,California
Tulare,2021-04-05,2944,187139,2009,100877,700,82447,235,3815,831,49838,2105,70779,1107,120617,California
Tulare,2021-04-06,1198,188337,390,101267,592,83039,216,4031,393,49654,804,71583,620,121237,California
Tuolumne,2020-12-16,46,46,46,46,0,0,0,0,46,46,0,0,46,46,California
Tuolumne,2020-12-17,22,68,22,68,0,0,0,0,22,68,0,0,22,68,California
Tuolumne,2020-12-18,174,242,173,241,1,1,0,0,174,242,0,0,174,242,California
Tuolumne,2020-12-19,7,249,7,248,0,1,0,0,7,249,0,0,7,249,California
Tuolumne,2020-12-20,1,250,1,249,0,1,0,0,1,250,0,0,1,250,California
Tuolumne,2020-12-21,116,366,102,351,14,15,0,0,116,366,0,0,116,366,California
Tuolumne,2020-12-22,169,535,169,520,0,15,0,0,169,535,0,0,169,535,California
Tuolumne,2020-12-23,192,727,190,710,2,17,0,0,192,727,0,0,192,727,California
Tuolumne,2020-12-26,3,730,3,713,0,17,0,0,3,730,0,0,3,730,California
Tuolumne,2020-12-28,78,808,77,790,1,18,0,0,78,808,0,0,78,808,California
Tuolumne,2020-12-29,111,919,40,830,71,89,0,0,111,919,0,0,111,919,California
Tuolumne,2020-12-30,81,1000,22,852,59,148,0,0,81,1000,0,0,81,1000,California
Tuolumne,2020-12-31,27,1027,20,872,7,155,0,0,27,1027,0,0,27,1027,California
Tuolumne,2021-01-01,6,1033,5,877,1,156,0,0,6,1033,0,0,6,1033,California
Tuolumne,2021-01-02,118,1151,115,992,3,159,0,0,118,1151,0,0,118,1151,California
Tuolumne,2021-01-03,3,1154,2,994,1,160,0,0,3,1154,0,0,3,1154,California
Tuolumne,2021-01-04,70,1224,27,1021,43,203,0,0,70,1224,0,0,70,1224,California
Tuolumne,2021-01-05,95,1319,26,1047,69,272,0,0,93,1315,2,2,93,1317,California
Tuolumne,2021-01-06,112,1431,52,1099,60,332,0,0,68,1339,44,46,68,1385,California
Tuolumne,2021-01-07,119,1550,61,1160,58,390,0,0,65,1350,54,100,65,1450,California
Tuolumne,2021-01-08,179,1729,153,1313,26,416,0,0,28,1230,150,250,30,1480,California
Tuolumne,2021-01-09,1,1730,0,1313,1,417,0,0,1,1231,0,250,1,1481,California
Tuolumne,2021-01-10,3,1733,1,1314,2,419,0,0,3,1234,0,250,3,1484,California
Tuolumne,2021-01-11,117,1850,90,1404,27,446,0,0,34,1185,83,333,34,1518,California
Tuolumne,2021-01-12,102,1952,86,1490,16,462,0,0,17,1118,85,418,18,1536,California
Tuolumne,2021-01-13,239,2191,129,1619,110,572,0,0,184,1248,55,473,185,1721,California
Tuolumne,2021-01-14,129,2320,92,1711,37,609,0,0,42,1204,86,559,42,1763,California
Tuolumne,2021-01-15,476,2796,71,1782,405,1014,0,0,413,1556,62,621,414,2177,California
Tuolumne,2021-01-16,6,2802,2,1784,4,1018,0,0,5,1560,1,622,5,2182,California
Tuolumne,2021-01-17,4,2806,1,1785,3,1021,0,0,4,1564,0,622,4,2186,California
Tuolumne,2021-01-18,46,2852,38,1823,8,1029,0,0,8,1535,37,659,8,2194,California
Tuolumne,2021-01-19,472,3324,70,1893,402,1431,0,0,429,1921,43,702,429,2623,California
Tuolumne,2021-01-20,77,3401,60,1953,17,1448,0,0,24,1892,53,755,24,2647,California
Tuolumne,2021-01-21,57,3458,22,1975,35,1483,0,0,41,1918,16,771,42,2689,California
Tuolumne,2021-01-22,181,3639,13,1988,168,1651,0,0,175,2087,6,777,175,2864,California
Tuolumne,2021-01-23,666,4305,146,2134,520,2171,0,0,553,2537,113,890,563,3427,California
Tuolumne,2021-01-24,524,4829,1,2135,523,2694,0,0,520,3055,3,893,521,3948,California
Tuolumne,2021-01-25,48,4877,27,2162,21,2715,0,0,22,3052,26,919,23,3971,California
Tuolumne,2021-01-26,80,4957,68,2230,12,2727,0,0,40,3053,40,959,41,4012,California
Tuolumne,2021-01-27,61,5018,4,2234,57,2784,0,0,7,3008,53,1012,8,4020,California
Tuolumne,2021-01-28,27,5045,7,2241,20,2804,0,0,18,3017,9,1021,18,4038,California
Tuolumne,2021-01-29,71,5116,7,2248,64,2868,0,0,33,3012,38,1059,33,4071,California
Tuolumne,2021-01-30,711,5827,554,2802,157,3025,0,0,691,3696,20,1079,704,4775,California
Tuolumne,2021-01-31,8,5835,2,2804,6,3031,0,0,5,3698,3,1082,5,4780,California
Tuolumne,2021-02-01,25,5860,6,2810,19,3050,0,0,22,3717,3,1085,22,4802,California
Tuolumne,2021-02-02,649,6509,36,2846,613,3663,0,0,639,4347,9,1094,639,5441,California
Tuolumne,2021-02-03,239,6748,108,2954,131,3794,0,0,85,4278,154,1248,85,5526,California
Tuolumne,2021-02-04,127,6875,14,2968,113,3907,0,0,66,4281,63,1311,66,5592,California
Tuolumne,2021-02-05,102,6977,14,2982,88,3995,0,0,37,4255,63,1374,37,5629,California
Tuolumne,2021-02-06,851,7828,579,3561,272,4267,0,0,850,5104,1,1375,850,6479,California
Tuolumne,2021-02-07,7,7835,4,3565,3,4270,0,0,3,5103,4,1379,3,6482,California
Tuolumne,2021-02-08,90,7925,39,3604,51,4321,0,0,67,5147,23,1402,67,6549,California
Tuolumne,2021-02-09,864,8789,47,3651,817,5138,0,0,828,5939,36,1438,828,7377,California
Tuolumne,2021-02-10,92,8881,14,3665,78,5216,0,0,30,5909,60,1498,30,7407,California
Tuolumne,2021-02-11,137,9018,64,3729,73,5289,0,0,74,5920,63,1561,74,7481,California
Tuolumne,2021-02-12,643,9661,12,3741,631,5920,0,0,204,5687,438,1999,205,7686,California
Tuolumne,2021-02-13,146,9807,41,3782,105,6025,0,0,115,5777,25,2024,115,7801,California
Tuolumne,2021-02-14,147,9954,12,3794,135,6160,0,0,146,5922,1,2025,146,7947,California
Tuolumne,2021-02-15,182,10136,10,3804,172,6332,0,0,172,6085,10,2035,173,8120,California
Tuolumne,2021-02-16,525,10661,18,3822,507,6839,0,0,123,5810,400,2435,125,8245,California
Tuolumne,2021-02-17,109,10770,62,3884,47,6886,0,0,63,5828,45,2480,63,8308,California
Tuolumne,2021-02-18,682,11452,22,3906,660,7546,0,0,633,6412,49,2529,633,8941,California
Tuolumne,2021-02-19,133,11585,21,3927,112,7658,0,0,43,6365,90,2619,43,8984,California
Tuolumne,2021-02-20,908,12493,343,4270,565,8223,0,0,388,6246,508,3127,389,9373,California
Tuolumne,2021-02-21,976,13469,32,4302,944,9167,0,0,473,6219,500,3627,473,9846,California
Tuolumne,2021-02-22,76,13545,54,4356,22,9189,0,0,46,6235,30,3657,46,9892,California
Tuolumne,2021-02-23,43,13588,21,4377,22,9211,0,0,22,6237,20,3677,22,9914,California
Tuolumne,2021-02-24,93,13681,60,4437,33,9244,0,0,39,6230,52,3729,45,9959,California
Tuolumne,2021-02-25,1049,14730,31,4468,1018,10262,0,0,1018,7217,31,3760,1018,10977,California
Tuolumne,2021-02-26,145,14875,10,4478,135,10397,0,0,120,7313,25,3785,121,11098,California
Tuolumne,2021-02-27,950,15825,576,5054,374,10771,0,0,247,6871,689,4474,247,11345,California
Tuolumne,2021-02-28,53,15878,4,5058,49,10820,0,0,51,6921,1,4475,51,11396,California
Tuolumne,2021-03-01,104,15982,21,5079,83,10903,0,0,71,6962,32,4507,73,11469,California
Tuolumne,2021-03-02,706,16688,72,5151,634,11537,0,0,105,6466,601,5108,105,11574,California
Tuolumne,2021-03-03,82,16770,21,5172,61,11598,0,0,57,6499,25,5133,58,11632,California
Tuolumne,2021-03-04,1161,17931,68,5240,1093,12691,0,0,1101,7540,60,5193,1101,12733,California
Tuolumne,2021-03-05,76,18007,9,5249,67,12758,0,0,44,7554,31,5224,45,12778,California
Tuolumne,2021-03-06,1042,19049,603,5852,437,13195,2,2,192,6900,849,6073,195,12973,California
Tuolumne,2021-03-07,35,19084,11,5863,11,13206,13,15,13,6905,22,6095,27,13000,California
Tuolumne,2021-03-08,201,19285,90,5953,104,13310,7,22,142,6998,59,6154,152,13152,California
Tuolumne,2021-03-09,879,20164,16,5969,853,14163,10,32,79,6288,799,6953,89,13241,California
Tuolumne,2021-03-10,94,20258,16,5985,68,14231,10,42,54,6312,40,6993,64,13305,California
Tuolumne,2021-03-11,1262,21520,33,6018,1225,15456,4,46,1222,7501,39,7032,1228,14533,California
Tuolumne,2021-03-12,268,21788,33,6051,220,15676,15,61,121,7531,145,7177,175,14708,California
Tuolumne,2021-03-13,61,21849,12,6063,49,15725,0,61,19,7531,42,7219,42,14750,California
Tuolumne,2021-03-14,83,21932,8,6071,66,15791,9,70,2,7466,81,7300,16,14766,California
Tuolumne,2021-03-15,303,22235,78,6149,223,16014,2,72,108,7392,194,7494,120,14886,California
Tuolumne,2021-03-16,794,23029,40,6189,743,16757,11,83,659,7929,135,7629,672,15558,California
Tuolumne,2021-03-17,140,23169,30,6219,97,16854,13,96,63,7928,76,7705,75,15633,California
Tuolumne,2021-03-18,938,24107,22,6241,899,17753,17,113,304,7616,634,8339,322,15955,California
Tuolumne,2021-03-19,124,24231,14,6255,78,17831,32,145,60,7647,61,8400,92,16047,California
Tuolumne,2021-03-20,70,24301,5,6260,56,17887,9,154,29,7645,40,8440,38,16085,California
Tuolumne,2021-03-21,837,25138,393,6653,435,18322,9,163,44,6906,792,9232,53,16138,California
Tuolumne,2021-03-22,167,25305,73,6726,75,18397,19,182,99,6956,68,9300,118,16256,California
Tuolumne,2021-03-23,726,26031,636,7362,76,18473,14,196,690,7624,35,9335,703,16959,California
Tuolumne,2021-03-24,114,26145,21,7383,75,18548,18,214,81,7692,31,9366,99,17058,California
Tuolumne,2021-03-25,1273,27418,18,7401,1252,19800,3,217,317,7057,955,10321,320,17378,California
Tuolumne,2021-03-26,286,27704,13,7414,250,20050,23,240,131,7076,135,10456,154,17532,California
Tuolumne,2021-03-27,569,28273,50,7464,519,20569,0,240,311,7129,258,10714,311,17843,California
Tuolumne,2021-03-28,47,28320,6,7470,41,20610,0,240,10,7104,37,10751,12,17855,California
Tuolumne,2021-03-29,283,28603,72,7542,211,20821,0,240,182,7205,82,10833,183,18038,California
Tuolumne,2021-03-30,168,28771,12,7554,156,20977,0,240,127,7291,41,10874,127,18165,California
Tuolumne,2021-03-31,93,28864,12,7566,80,21057,1,241,45,7291,47,10921,47,18212,California
Tuolumne,2021-04-01,1215,30079,19,7585,1196,22253,0,241,230,6538,984,11905,231,18443,California
Tuolumne,2021-04-02,159,30238,10,7595,124,22377,25,266,94,6592,65,11970,119,18562,California
Tuolumne,2021-04-03,408,30646,33,7628,375,22752,0,266,230,6649,178,12148,235,18797,California
Tuolumne,2021-04-04,25,30671,1,7629,24,22776,0,266,16,6657,8,12156,16,18813,California
Tuolumne,2021-04-05,85,30756,14,7643,65,22841,6,272,33,6648,52,12208,43,18856,California
Tuolumne,2021-04-06,25,30781,18,7661,6,22847,1,273,13,6660,12,12220,24,18880,California
Ventura,2020-12-15,5,5,5,5,0,0,0,0,5,5,0,0,5,5,California
Ventura,2020-12-16,70,75,70,75,0,0,0,0,70,75,0,0,70,75,California
Ventura,2020-12-17,249,324,249,324,0,0,0,0,249,324,0,0,249,324,California
Ventura,2020-12-18,1409,1733,1409,1733,0,0,0,0,1409,1733,0,0,1409,1733,California
Ventura,2020-12-19,913,2646,913,2646,0,0,0,0,913,2646,0,0,913,2646,California
Ventura,2020-12-20,430,3076,430,3076,0,0,0,0,430,3076,0,0,430,3076,California
Ventura,2020-12-21,1465,4541,1465,4541,0,0,0,0,1465,4541,0,0,1465,4541,California
Ventura,2020-12-22,1103,5644,1098,5639,5,5,0,0,1103,5644,0,0,1103,5644,California
Ventura,2020-12-23,1025,6669,979,6618,46,51,0,0,1025,6669,0,0,1025,6669,California
Ventura,2020-12-24,476,7145,379,6997,97,148,0,0,476,7145,0,0,476,7145,California
Ventura,2020-12-25,11,7156,7,7004,4,152,0,0,11,7156,0,0,11,7156,California
Ventura,2020-12-26,107,7263,86,7090,21,173,0,0,107,7263,0,0,107,7263,California
Ventura,2020-12-27,58,7321,27,7117,31,204,0,0,58,7321,0,0,58,7321,California
Ventura,2020-12-28,1067,8388,929,8046,138,342,0,0,1067,8388,0,0,1067,8388,California
Ventura,2020-12-29,1167,9555,763,8809,404,746,0,0,1167,9555,0,0,1167,9555,California
Ventura,2020-12-30,1986,11541,1519,10328,467,1213,0,0,1986,11541,0,0,1986,11541,California
Ventura,2020-12-31,475,12016,163,10491,312,1525,0,0,475,12016,0,0,475,12016,California
Ventura,2021-01-01,16,12032,4,10495,12,1537,0,0,16,12032,0,0,16,12032,California
Ventura,2021-01-02,170,12202,78,10573,92,1629,0,0,170,12202,0,0,170,12202,California
Ventura,2021-01-03,15,12217,8,10581,7,1636,0,0,15,12217,0,0,15,12217,California
Ventura,2021-01-04,1078,13295,548,11129,530,2166,0,0,1076,13292,1,1,1076,13293,California
Ventura,2021-01-05,1371,14666,777,11906,594,2760,0,0,1331,14583,40,41,1331,14624,California
Ventura,2021-01-06,2047,16713,1175,13081,872,3632,0,0,1618,15783,420,461,1620,16244,California
Ventura,2021-01-07,2065,18778,1325,14406,740,4372,0,0,1182,16085,881,1342,1183,17427,California
Ventura,2021-01-08,2193,20971,1474,15880,719,5091,0,0,901,15697,1290,2632,902,18329,California
Ventura,2021-01-09,724,21695,503,16383,221,5312,0,0,320,15613,404,3036,320,18649,California
Ventura,2021-01-10,336,22031,324,16707,12,5324,0,0,122,15521,214,3250,122,18771,California
Ventura,2021-01-11,2449,24480,1488,18195,961,6285,0,0,1498,16070,951,4201,1500,20271,California
Ventura,2021-01-12,3027,27507,1601,19796,1426,7711,0,0,2004,17051,1023,5224,2004,22275,California
Ventura,2021-01-13,2927,30434,1423,21219,1504,9215,0,0,2044,18215,881,6105,2045,24320,California
Ventura,2021-01-14,2729,33163,1057,22276,1672,10887,0,0,2285,20058,443,6548,2286,26606,California
Ventura,2021-01-15,2870,36033,959,23235,1911,12798,0,0,2660,22510,210,6758,2662,29268,California
Ventura,2021-01-16,487,36520,189,23424,298,13096,0,0,405,22833,82,6840,405,29673,California
Ventura,2021-01-17,265,36785,139,23563,126,13222,0,0,259,23086,6,6846,259,29932,California
Ventura,2021-01-18,2207,38992,1661,25224,546,13768,0,0,1658,24196,549,7395,1659,31591,California
Ventura,2021-01-19,3026,42018,2115,27339,911,14679,0,0,2134,25442,892,8287,2138,33729,California
Ventura,2021-01-20,4049,46067,3101,30440,948,15627,0,0,3013,27423,1033,9320,3014,36743,California
Ventura,2021-01-21,3836,49903,2669,33109,1167,16794,0,0,3167,29924,666,9986,3167,39910,California
Ventura,2021-01-22,3604,53507,2478,35587,1126,17920,0,0,3442,33205,162,10148,3443,43353,California
Ventura,2021-01-23,1179,54686,644,36231,535,18455,0,0,1079,34187,99,10247,1081,44434,California
Ventura,2021-01-24,449,55135,133,36364,316,18771,0,0,436,34610,13,10260,436,44870,California
Ventura,2021-01-25,3135,58270,2020,38384,1115,19886,0,0,2589,36656,545,10805,2591,47461,California
Ventura,2021-01-26,3678,61948,2175,40559,1503,21389,0,0,2687,38354,990,11795,2688,50149,California
Ventura,2021-01-27,3433,65381,1540,42099,1893,23282,0,0,2695,40314,735,12530,2695,52844,California
Ventura,2021-01-28,3841,69222,1977,44076,1864,25146,0,0,3234,42958,591,13121,3235,56079,California
Ventura,2021-01-29,4229,73451,2503,46579,1726,26872,0,0,3735,46211,482,13603,3735,59814,California
Ventura,2021-01-30,3021,76472,1952,48531,1069,27941,0,0,2854,48902,164,13767,2855,62669,California
Ventura,2021-01-31,828,77300,446,48977,382,28323,0,0,744,49562,84,13851,744,63413,California
Ventura,2021-02-01,3918,81218,2105,51082,1813,30136,0,0,3157,51962,759,14610,3159,66572,California
Ventura,2021-02-02,4394,85612,2368,53450,2026,32162,0,0,3373,54319,1017,15627,3374,69946,California
Ventura,2021-02-03,4447,90059,2088,55538,2359,34521,0,0,3439,56755,1003,16630,3439,73385,California
Ventura,2021-02-04,4747,94806,2272,57810,2475,36996,0,0,3507,59029,1233,17863,3507,76892,California
Ventura,2021-02-05,4811,99617,2308,60118,2503,39499,0,0,3324,60881,1474,19337,3326,80218,California
Ventura,2021-02-06,2820,102437,1511,61629,1309,40808,0,0,2422,62905,398,19735,2422,82640,California
Ventura,2021-02-07,708,103145,240,61869,468,41276,0,0,580,63358,128,19863,581,83221,California
Ventura,2021-02-08,3478,106623,1619,63488,1859,43135,0,0,2414,64712,1060,20923,2414,85635,California
Ventura,2021-02-09,4709,111332,1973,65461,2736,45871,0,0,2467,64941,2241,23164,2470,88105,California
Ventura,2021-02-10,4675,116007,2220,67681,2455,48326,0,0,2377,65032,2287,25451,2378,90483,California
Ventura,2021-02-11,4629,120636,1851,69532,2778,51104,0,0,2428,65268,2194,27645,2430,92913,California
Ventura,2021-02-12,6281,126917,2645,72177,3636,54740,0,0,3209,65407,3070,30715,3209,96122,California
Ventura,2021-02-13,3276,130193,1822,73999,1454,56194,0,0,1830,65797,1442,32157,1832,97954,California
Ventura,2021-02-14,1216,131409,121,74120,1095,57289,0,0,1002,66586,214,32371,1003,98957,California
Ventura,2021-02-15,3977,135386,1788,75908,2189,59478,0,0,2110,66831,1865,34236,2110,101067,California
Ventura,2021-02-16,5515,140901,2696,78604,2819,62297,0,0,3009,67341,2500,36736,3010,104077,California
Ventura,2021-02-17,5218,146119,1911,80515,3307,65604,0,0,3269,68669,1941,38677,3269,107346,California
Ventura,2021-02-18,5746,151865,1819,82334,3927,69531,0,0,3618,70166,2121,40798,3618,110964,California
Ventura,2021-02-19,6420,158285,3754,86088,2666,72197,0,0,2988,69735,3427,44225,2996,113960,California
Ventura,2021-02-20,4900,163185,3145,89233,1755,73952,0,0,2754,70348,2142,46367,2755,116715,California
Ventura,2021-02-21,991,164176,706,89939,285,74237,0,0,416,70193,571,46938,416,117131,California
Ventura,2021-02-22,5330,169506,2380,92319,2950,77187,0,0,3447,71766,1874,48812,3447,120578,California
Ventura,2021-02-23,5926,175432,2956,95275,2970,80157,0,0,3426,72712,2483,51295,3429,124007,California
Ventura,2021-02-24,6940,182372,2588,97863,4352,84509,0,0,4208,74203,2717,54012,4208,128215,California
Ventura,2021-02-25,7466,189838,2563,100426,4903,89412,0,0,4564,75881,2889,56901,4567,132782,California
Ventura,2021-02-26,9309,199147,2768,103194,6541,95953,0,0,6161,78918,3128,60029,6165,138947,California
Ventura,2021-02-27,9982,209129,5268,108462,4714,100667,0,0,7384,83727,2582,62611,7391,146338,California
Ventura,2021-02-28,2558,211687,1629,110091,928,101595,1,1,2101,85374,454,63065,2101,148439,California
Ventura,2021-03-01,6890,218577,2782,112873,4108,105703,0,1,4598,87700,2284,65349,4610,153049,California
Ventura,2021-03-02,7349,225926,3923,116796,3425,109128,1,2,5137,90634,2205,67554,5139,158188,California
Ventura,2021-03-03,8347,234273,3867,120663,4480,113608,0,2,5945,94193,2392,69946,5951,164139,California
Ventura,2021-03-04,7833,242106,3816,124479,4017,117625,0,2,5360,97091,2464,72410,5362,169501,California
Ventura,2021-03-05,9118,251224,4667,129146,4440,122065,11,13,6526,101054,2583,74993,6546,176047,California
Ventura,2021-03-06,5249,256473,2998,132144,2099,124164,152,165,3821,103605,1425,76418,3976,180023,California
Ventura,2021-03-07,1584,258057,604,132748,878,125042,102,267,1171,104465,413,76831,1273,181296,California
Ventura,2021-03-08,6495,264552,3305,136053,3059,128101,131,398,4460,107026,2031,78862,4592,185888,California
Ventura,2021-03-09,6366,270918,2753,138806,3421,131522,192,590,3550,107967,2804,81666,3745,189633,California
Ventura,2021-03-10,6428,277346,2906,141712,3310,134832,212,802,4201,110162,2219,83885,4414,194047,California
Ventura,2021-03-11,5995,283341,2800,144512,2995,137827,200,1002,3276,110931,2709,86594,3478,197525,California
Ventura,2021-03-12,7427,290768,2913,147425,3719,141546,795,1797,3640,111600,3774,90368,4443,201968,California
Ventura,2021-03-13,6036,296804,2351,149776,2896,144442,789,2586,3504,113367,2527,92895,4294,206262,California
Ventura,2021-03-14,1700,298504,368,150144,864,145306,468,3054,560,113259,1138,94033,1030,207292,California
Ventura,2021-03-15,6763,305267,2000,152144,3471,148777,1292,4346,2899,113604,3849,97882,4194,211486,California
Ventura,2021-03-16,7767,313034,2425,154569,4259,153036,1083,5429,3918,114765,3839,101721,5000,216486,California
Ventura,2021-03-17,7106,320140,2687,157256,4073,157109,346,5775,4215,116451,2875,104596,4561,221047,California
Ventura,2021-03-18,5681,325821,2429,159685,3131,160240,121,5896,3640,118183,2030,106626,3762,224809,California
Ventura,2021-03-19,6391,332212,2732,162417,3578,163818,81,5977,3976,119834,2405,109031,4056,228865,California
Ventura,2021-03-20,5825,338037,3706,166123,2097,165915,22,5999,2366,118782,3443,112474,2391,231256,California
Ventura,2021-03-21,2735,340772,1487,167610,878,166793,370,6369,1286,118993,1445,113919,1656,232912,California
Ventura,2021-03-22,7184,347956,3610,171220,3469,170262,105,6474,4733,121396,2438,116357,4841,237753,California
Ventura,2021-03-23,8013,355969,3817,175037,4148,174410,48,6522,4585,122625,3408,119765,4637,242390,California
Ventura,2021-03-24,8748,364717,3393,178430,5275,179685,80,6602,4352,122692,4369,124134,4436,246826,California
Ventura,2021-03-25,8675,373392,3879,182309,4732,184417,64,6666,4412,122945,4238,128372,4491,251317,California
Ventura,2021-03-26,9631,383023,3327,185636,5658,190075,646,7312,3768,121541,5841,134213,4437,255754,California
Ventura,2021-03-27,8076,391099,3884,189520,4151,194226,41,7353,2408,118819,5653,139866,2931,258685,California
Ventura,2021-03-28,2492,393591,1397,190917,1086,195312,9,7362,1369,119083,1122,140988,1386,260071,California
Ventura,2021-03-29,8330,401921,4182,195099,4107,199419,41,7403,4152,119228,4157,145145,4302,264373,California
Ventura,2021-03-30,8789,410710,4346,199445,4318,203737,125,7528,4534,119732,4245,149390,4749,269122,California
Ventura,2021-03-31,10498,421208,4752,204197,5154,208891,592,8120,4643,119215,5836,155226,5319,274441,California
Ventura,2021-04-01,10460,431668,5137,209334,4500,213391,823,8943,5363,120404,5086,160312,6275,280716,California
Ventura,2021-04-02,11094,442762,4483,213817,5424,218815,1187,10130,5232,121167,5840,166152,6603,287319,California
Ventura,2021-04-03,7839,450601,3868,217685,2895,221710,1076,11206,3305,121237,4530,170682,4600,291919,California
Ventura,2021-04-04,1702,452303,956,218641,619,222329,127,11333,1212,122132,487,171169,1382,293301,California
Ventura,2021-04-05,8471,460774,4374,223015,3216,225545,881,12214,4250,123181,4215,175384,5264,298565,California
Ventura,2021-04-06,5825,466599,2879,225894,2136,227681,810,13024,2241,122739,3571,178955,3129,301694,California
Yolo,2020-12-15,39,39,39,39,0,0,0,0,39,39,0,0,39,39,California
Yolo,2020-12-16,78,117,78,117,0,0,0,0,78,117,0,0,78,117,California
Yolo,2020-12-17,101,218,101,218,0,0,0,0,101,218,0,0,101,218,California
Yolo,2020-12-18,207,425,207,425,0,0,0,0,207,425,0,0,207,425,California
Yolo,2020-12-19,85,510,85,510,0,0,0,0,85,510,0,0,85,510,California
Yolo,2020-12-20,100,610,100,610,0,0,0,0,100,610,0,0,100,610,California
Yolo,2020-12-21,252,862,252,862,0,0,0,0,252,862,0,0,252,862,California
Yolo,2020-12-22,386,1248,385,1247,1,1,0,0,386,1248,0,0,386,1248,California
Yolo,2020-12-23,432,1680,413,1660,19,20,0,0,432,1680,0,0,432,1680,California
Yolo,2020-12-24,151,1831,94,1754,57,77,0,0,151,1831,0,0,151,1831,California
Yolo,2020-12-25,1,1832,1,1755,0,77,0,0,1,1832,0,0,1,1832,California
Yolo,2020-12-26,76,1908,25,1780,51,128,0,0,76,1908,0,0,76,1908,California
Yolo,2020-12-27,46,1954,19,1799,27,155,0,0,46,1954,0,0,46,1954,California
Yolo,2020-12-28,343,2297,176,1975,167,322,0,0,343,2297,0,0,343,2297,California
Yolo,2020-12-29,483,2780,268,2243,215,537,0,0,483,2780,0,0,483,2780,California
Yolo,2020-12-30,625,3405,257,2500,368,905,0,0,625,3405,0,0,625,3405,California
Yolo,2020-12-31,183,3588,94,2594,89,994,0,0,183,3588,0,0,183,3588,California
Yolo,2021-01-01,55,3643,54,2648,1,995,0,0,55,3643,0,0,55,3643,California
Yolo,2021-01-02,68,3711,25,2673,43,1038,0,0,68,3711,0,0,68,3711,California
Yolo,2021-01-03,44,3755,19,2692,25,1063,0,0,44,3755,0,0,44,3755,California
Yolo,2021-01-04,195,3950,44,2736,151,1214,0,0,195,3950,0,0,195,3950,California
Yolo,2021-01-05,610,4560,236,2972,374,1588,0,0,550,4440,60,60,550,4500,California
Yolo,2021-01-06,478,5038,181,3153,297,1885,0,0,347,4656,131,191,347,4847,California
Yolo,2021-01-07,706,5744,232,3385,474,2359,0,0,520,4991,185,376,520,5367,California
Yolo,2021-01-08,629,6373,308,3693,321,2680,0,0,414,5191,214,590,414,5781,California
Yolo,2021-01-09,406,6779,67,3760,339,3019,0,0,361,5507,45,635,361,6142,California
Yolo,2021-01-10,393,7172,80,3840,313,3332,0,0,323,5760,70,705,323,6465,California
Yolo,2021-01-11,559,7731,324,4164,235,3567,0,0,290,5781,269,974,290,6755,California
Yolo,2021-01-12,477,8208,359,4523,118,3685,0,0,172,5649,305,1279,173,6928,California
Yolo,2021-01-13,761,8969,308,4831,453,4138,0,0,513,5914,248,1527,513,7441,California
Yolo,2021-01-14,378,9347,183,5014,195,4333,0,0,272,6080,106,1633,272,7713,California
Yolo,2021-01-15,618,9965,318,5332,300,4633,0,0,542,6546,76,1709,542,8255,California
Yolo,2021-01-16,740,10705,96,5428,644,5277,0,0,708,7222,32,1741,708,8963,California
Yolo,2021-01-17,184,10889,116,5544,68,5345,0,0,177,7392,7,1748,177,9140,California
Yolo,2021-01-18,477,11366,304,5848,173,5518,0,0,378,7671,99,1847,378,9518,California
Yolo,2021-01-19,541,11907,370,6218,171,5689,0,0,366,7862,175,2022,366,9884,California
Yolo,2021-01-20,653,12560,378,6596,275,5964,0,0,470,8150,182,2204,470,10354,California
Yolo,2021-01-21,643,13203,382,6978,261,6225,0,0,455,8417,188,2392,455,10809,California
Yolo,2021-01-22,745,13948,249,7227,496,6721,0,0,628,8930,115,2507,628,11437,California
Yolo,2021-01-23,616,14564,124,7351,492,7213,0,0,568,9450,48,2555,568,12005,California
Yolo,2021-01-24,206,14770,123,7474,83,7296,0,0,166,9576,40,2595,166,12171,California
Yolo,2021-01-25,727,15497,151,7625,576,7872,0,0,513,9875,214,2809,513,12684,California
Yolo,2021-01-26,810,16307,327,7952,483,8355,0,0,425,9915,385,3194,425,13109,California
Yolo,2021-01-27,556,16863,221,8173,335,8690,0,0,383,10125,173,3367,383,13492,California
Yolo,2021-01-28,1047,17910,565,8738,482,9172,0,0,923,10925,123,3490,923,14415,California
Yolo,2021-01-29,864,18774,261,8999,603,9775,0,0,781,11624,83,3573,782,15197,California
Yolo,2021-01-30,1519,20293,921,9920,598,10373,0,0,1412,12935,101,3674,1412,16609,California
Yolo,2021-01-31,251,20544,212,10132,39,10412,0,0,216,13117,34,3708,216,16825,California
Yolo,2021-02-01,844,21388,357,10489,487,10899,0,0,613,13502,228,3936,613,17438,California
Yolo,2021-02-02,1323,22711,749,11238,574,11473,0,0,932,14044,391,4327,933,18371,California
Yolo,2021-02-03,1519,24230,395,11633,1124,12597,0,0,1188,14907,328,4655,1191,19562,California
Yolo,2021-02-04,1784,26014,278,11911,1506,14103,0,0,1238,15610,535,5190,1238,20800,California
Yolo,2021-02-05,1588,27602,896,12807,692,14795,0,0,1185,16397,401,5591,1188,21988,California
Yolo,2021-02-06,1923,29525,1251,14058,672,15467,0,0,1563,17601,360,5951,1564,23552,California
Yolo,2021-02-07,516,30041,247,14305,269,15736,0,0,169,17425,346,6297,170,23722,California
Yolo,2021-02-08,954,30995,330,14635,624,16360,0,0,612,17698,339,6636,612,24334,California
Yolo,2021-02-09,851,31846,381,15016,470,16830,0,0,575,17997,276,6912,575,24909,California
Yolo,2021-02-10,1431,33277,468,15484,963,17793,0,0,801,18170,629,7541,802,25711,California
Yolo,2021-02-11,1525,34802,768,16252,757,18550,0,0,1150,18945,375,7916,1150,26861,California
Yolo,2021-02-12,1907,36709,745,16997,1162,19712,0,0,1440,19922,463,8379,1440,28301,California
Yolo,2021-02-13,2050,38759,714,17711,1336,21048,0,0,1385,20642,665,9044,1385,29686,California
Yolo,2021-02-14,566,39325,152,17863,414,21462,0,0,442,20960,124,9168,442,30128,California
Yolo,2021-02-15,521,39846,188,18051,333,21795,0,0,260,20960,261,9429,261,30389,California
Yolo,2021-02-16,1115,40961,423,18474,692,22487,0,0,812,21470,303,9732,813,31202,California
Yolo,2021-02-17,1380,42341,697,19171,683,23170,0,0,994,22077,387,10119,994,32196,California
Yolo,2021-02-18,2433,44774,750,19921,1683,24853,0,0,1673,22992,758,10877,1673,33869,California
Yolo,2021-02-19,1726,46500,740,20661,986,25839,0,0,1112,23493,613,11490,1114,34983,California
Yolo,2021-02-20,2452,48952,947,21608,1505,27344,0,0,1377,23800,1070,12560,1377,36360,California
Yolo,2021-02-21,276,49228,223,21831,53,27397,0,0,70,23665,205,12765,70,36430,California
Yolo,2021-02-22,1360,50588,597,22428,763,28160,0,0,695,23697,664,13429,696,37126,California
Yolo,2021-02-23,1120,51708,840,23268,280,28440,0,0,441,23460,678,14107,441,37567,California
Yolo,2021-02-24,2064,53772,591,23859,1473,29913,0,0,1360,24117,703,14810,1360,38927,California
Yolo,2021-02-25,1330,55102,436,24295,894,30807,0,0,866,24519,464,15274,866,39793,California
Yolo,2021-02-26,2519,57621,972,25267,1547,32354,0,0,1332,24668,1183,16457,1332,41125,California
Yolo,2021-02-27,1643,59264,767,26034,876,33230,0,0,1194,25413,449,16906,1194,42319,California
Yolo,2021-02-28,1777,61041,1502,27536,275,33505,0,0,681,24999,1095,18001,681,43000,California
Yolo,2021-03-01,1066,62107,348,27884,718,34223,0,0,640,25216,424,18425,641,43641,California
Yolo,2021-03-02,1405,63512,666,28550,739,34962,0,0,890,25591,515,18940,890,44531,California
Yolo,2021-03-03,1726,65238,577,29127,1149,36111,0,0,757,25381,967,19907,757,45288,California
Yolo,2021-03-04,2574,67812,1278,30405,1296,37407,0,0,1385,25579,1187,21094,1385,46673,California
Yolo,2021-03-05,2083,69895,1224,31629,848,38255,11,11,1231,25973,851,21945,1245,47918,California
Yolo,2021-03-06,1372,71267,1065,32694,283,38538,24,35,753,26133,617,22562,777,48695,California
Yolo,2021-03-07,864,72131,637,33331,215,38753,12,47,731,26744,133,22695,744,49439,California
Yolo,2021-03-08,979,73110,456,33787,480,39233,43,90,706,27223,270,22965,749,50188,California
Yolo,2021-03-09,1123,74233,596,34383,470,39703,57,147,742,27643,379,23344,799,50987,California
Yolo,2021-03-10,1611,75844,949,35332,399,40102,263,410,662,27619,947,24291,923,51910,California
Yolo,2021-03-11,2134,77978,1394,36726,674,40776,66,476,1435,28422,698,24989,1501,53411,California
Yolo,2021-03-12,2577,80555,1150,37876,1358,42134,69,545,1158,28237,1410,26399,1225,54636,California
Yolo,2021-03-13,1711,82266,660,38536,880,43014,171,716,918,28537,790,27189,1090,55726,California
Yolo,2021-03-14,938,83204,189,38725,606,43620,143,859,475,28693,462,27651,618,56344,California
Yolo,2021-03-15,1283,84487,756,39481,354,43974,173,1032,674,28933,606,28257,846,57190,California
Yolo,2021-03-16,1839,86326,710,40191,1058,45032,71,1103,1081,29328,758,29015,1153,58343,California
Yolo,2021-03-17,2341,88667,941,41132,1332,46364,68,1171,1612,30283,725,29740,1680,60023,California
Yolo,2021-03-18,2510,91177,731,41863,1565,47929,214,1385,969,29928,1539,31279,1184,61207,California
Yolo,2021-03-19,1535,92712,634,42497,856,48785,45,1430,826,30097,702,31981,871,62078,California
Yolo,2021-03-20,2128,94840,574,43071,1528,50313,26,1456,660,29320,1464,33445,687,62765,California
Yolo,2021-03-21,309,95149,220,43291,83,50396,6,1462,223,29464,85,33530,229,62994,California
Yolo,2021-03-22,1339,96488,459,43750,829,51225,51,1513,865,29910,472,34002,918,63912,California
Yolo,2021-03-23,1697,98185,925,44675,711,51936,61,1574,1037,30349,660,34662,1099,65011,California
Yolo,2021-03-24,2774,100959,1367,46042,1356,53292,51,1625,1379,30399,1385,36047,1435,66446,California
Yolo,2021-03-25,2392,103351,1279,47321,1080,54372,33,1658,1156,30386,1232,37279,1219,67665,California
Yolo,2021-03-26,2329,105680,1190,48511,1118,55490,21,1679,1012,30201,1309,38588,1124,68789,California
Yolo,2021-03-27,1624,107304,447,48958,1159,56649,18,1697,751,30146,871,39459,816,69605,California
Yolo,2021-03-28,1063,108367,823,49781,223,56872,17,1714,271,29662,787,40246,303,69908,California
Yolo,2021-03-29,1909,110276,778,50559,1115,57987,16,1730,939,29661,967,41213,966,70874,California
Yolo,2021-03-30,2184,112460,1037,51596,1122,59109,25,1755,1153,29825,1025,42238,1189,72063,California
Yolo,2021-03-31,2261,114721,1184,52780,1042,60151,35,1790,1163,29951,1097,43335,1223,73286,California
Yolo,2021-04-01,3641,118362,1693,54473,1496,61647,452,2242,1560,29963,2077,45412,2089,75375,California
Yolo,2021-04-02,2886,121248,1385,55858,1442,63089,59,2301,1931,31054,951,46363,2042,77417,California
Yolo,2021-04-03,1690,122938,1002,56860,473,63562,215,2516,781,31156,907,47270,1009,78426,California
Yolo,2021-04-04,374,123312,147,57007,167,63729,60,2576,150,31144,224,47494,212,78638,California
Yolo,2021-04-05,1637,124949,563,57570,1021,64750,53,2629,933,31436,702,48196,994,79632,California
Yolo,2021-04-06,1689,126638,780,58350,816,65566,93,2722,1012,31871,673,48869,1108,80740,California
Yuba,2020-12-16,4,4,4,4,0,0,0,0,4,4,0,0,4,4,California
Yuba,2020-12-17,4,8,4,8,0,0,0,0,4,8,0,0,4,8,California
Yuba,2020-12-18,8,16,8,16,0,0,0,0,8,16,0,0,8,16,California
Yuba,2020-12-19,12,28,12,28,0,0,0,0,12,28,0,0,12,28,California
Yuba,2020-12-20,20,48,20,48,0,0,0,0,20,48,0,0,20,48,California
Yuba,2020-12-21,40,88,40,88,0,0,0,0,40,88,0,0,40,88,California
Yuba,2020-12-22,86,174,86,174,0,0,0,0,86,174,0,0,86,174,California
Yuba,2020-12-23,64,238,62,236,2,2,0,0,64,238,0,0,64,238,California
Yuba,2020-12-24,20,258,10,246,10,12,0,0,20,258,0,0,20,258,California
Yuba,2020-12-26,15,273,13,259,2,14,0,0,15,273,0,0,15,273,California
Yuba,2020-12-27,15,288,15,274,0,14,0,0,15,288,0,0,15,288,California
Yuba,2020-12-28,51,339,35,309,16,30,0,0,51,339,0,0,51,339,California
Yuba,2020-12-29,77,416,10,319,67,97,0,0,77,416,0,0,77,416,California
Yuba,2020-12-30,64,480,21,340,43,140,0,0,64,480,0,0,64,480,California
Yuba,2020-12-31,36,516,6,346,30,170,0,0,36,516,0,0,36,516,California
Yuba,2021-01-02,22,538,21,367,1,171,0,0,22,538,0,0,22,538,California
Yuba,2021-01-03,10,548,6,373,4,175,0,0,10,548,0,0,10,548,California
Yuba,2021-01-04,91,639,21,394,70,245,0,0,91,639,0,0,91,639,California
Yuba,2021-01-05,68,707,36,430,32,277,0,0,67,705,1,1,67,706,California
Yuba,2021-01-06,151,858,74,504,77,354,0,0,145,844,6,7,145,851,California
Yuba,2021-01-07,75,933,20,524,55,409,0,0,72,912,4,11,72,923,California
Yuba,2021-01-08,73,1006,24,548,49,458,0,0,66,971,7,18,66,989,California
Yuba,2021-01-09,19,1025,16,564,3,461,0,0,11,974,8,26,11,1000,California
Yuba,2021-01-10,116,1141,22,586,94,555,0,0,94,1046,22,48,94,1094,California
Yuba,2021-01-11,72,1213,49,635,23,578,0,0,32,1038,40,88,32,1126,California
Yuba,2021-01-12,109,1322,79,714,30,608,0,0,44,1017,65,153,44,1170,California
Yuba,2021-01-13,119,1441,72,786,47,655,0,0,54,1007,64,217,54,1224,California
Yuba,2021-01-14,109,1550,43,829,66,721,0,0,97,1092,12,229,97,1321,California
Yuba,2021-01-15,201,1751,85,914,116,837,0,0,190,1271,11,240,190,1511,California
Yuba,2021-01-16,184,1935,21,935,163,1000,0,0,172,1430,13,253,172,1683,California
Yuba,2021-01-17,13,1948,9,944,4,1004,0,0,7,1431,6,259,7,1690,California
Yuba,2021-01-18,60,2008,32,976,28,1032,0,0,35,1441,25,284,35,1725,California
Yuba,2021-01-19,82,2090,29,1005,53,1085,0,0,67,1493,15,299,67,1792,California
Yuba,2021-01-20,132,2222,86,1091,46,1131,0,0,109,1579,23,322,109,1901,California
Yuba,2021-01-21,213,2435,96,1187,117,1248,0,0,204,1774,9,331,204,2105,California
Yuba,2021-01-22,104,2539,6,1193,98,1346,0,0,95,1860,9,340,95,2200,California
Yuba,2021-01-23,201,2740,7,1200,194,1540,0,0,198,2055,3,343,198,2398,California
Yuba,2021-01-24,8,2748,6,1206,2,1542,0,0,6,2059,2,345,6,2404,California
Yuba,2021-01-25,83,2831,28,1234,55,1597,0,0,52,2081,30,375,52,2456,California
Yuba,2021-01-26,146,2977,38,1272,108,1705,0,0,91,2117,55,430,91,2547,California
Yuba,2021-01-27,181,3158,128,1400,53,1758,0,0,114,2164,67,497,114,2661,California
Yuba,2021-01-28,211,3369,78,1478,133,1891,0,0,171,2295,40,537,171,2832,California
Yuba,2021-01-29,154,3523,54,1532,100,1991,0,0,108,2357,46,583,108,2940,California
Yuba,2021-01-30,410,3933,23,1555,387,2378,0,0,399,2745,11,594,399,3339,California
Yuba,2021-01-31,17,3950,12,1567,5,2383,0,0,15,2758,2,596,15,3354,California
Yuba,2021-02-01,150,4100,72,1639,78,2461,0,0,129,2867,20,616,129,3483,California
Yuba,2021-02-02,122,4222,22,1661,100,2561,0,0,100,2945,22,638,100,3583,California
Yuba,2021-02-03,225,4447,29,1690,196,2757,0,0,112,2945,112,750,112,3695,California
Yuba,2021-02-04,295,4742,122,1812,173,2930,0,0,253,3156,42,792,253,3948,California
Yuba,2021-02-05,147,4889,31,1843,116,3046,0,0,71,3151,76,868,71,4019,California
Yuba,2021-02-06,448,5337,25,1868,423,3469,0,0,440,3583,8,876,440,4459,California
Yuba,2021-02-07,18,5355,11,1879,7,3476,0,0,15,3595,3,879,15,4474,California
Yuba,2021-02-08,97,5452,35,1914,62,3538,0,0,67,3632,30,909,67,4541,California
Yuba,2021-02-09,152,5604,54,1968,98,3636,0,0,85,3650,67,976,85,4626,California
Yuba,2021-02-10,346,5950,172,2140,174,3810,0,0,114,3533,231,1207,114,4740,California
Yuba,2021-02-11,399,6349,62,2202,337,4147,0,0,303,3742,94,1301,303,5043,California
Yuba,2021-02-12,262,6611,26,2228,236,4383,0,0,150,3780,112,1413,150,5193,California
Yuba,2021-02-13,439,7050,35,2263,404,4787,0,0,391,4123,48,1461,391,5584,California
Yuba,2021-02-14,53,7103,11,2274,42,4829,0,0,49,4168,4,1465,49,5633,California
Yuba,2021-02-15,91,7194,38,2312,53,4882,0,0,71,4219,20,1485,71,5704,California
Yuba,2021-02-16,196,7390,47,2359,149,5031,0,0,137,4297,59,1544,137,5841,California
Yuba,2021-02-17,369,7759,155,2514,214,5245,0,0,96,4120,273,1817,96,5937,California
Yuba,2021-02-18,306,8065,32,2546,274,5519,0,0,181,4176,125,1942,181,6118,California
Yuba,2021-02-19,214,8279,76,2622,138,5657,0,0,131,4224,83,2025,131,6249,California
Yuba,2021-02-20,380,8659,29,2651,351,6008,0,0,328,4500,52,2077,328,6577,California
Yuba,2021-02-21,18,8677,15,2666,3,6011,0,0,8,4498,10,2087,8,6585,California
Yuba,2021-02-22,126,8803,79,2745,47,6058,0,0,39,4451,86,2173,39,6624,California
Yuba,2021-02-23,113,8916,24,2769,89,6147,0,0,45,4429,67,2240,45,6669,California
Yuba,2021-02-24,473,9389,136,2905,337,6484,0,0,100,4156,373,2613,100,6769,California
Yuba,2021-02-25,323,9712,127,3032,196,6680,0,0,198,4229,125,2738,198,6967,California
Yuba,2021-02-26,249,9961,64,3096,185,6865,0,0,136,4254,111,2849,136,7103,California
Yuba,2021-02-27,468,10429,44,3140,424,7289,0,0,384,4555,83,2932,384,7487,California
Yuba,2021-02-28,66,10495,24,3164,42,7331,0,0,45,4579,21,2953,45,7532,California
Yuba,2021-03-01,151,10646,39,3203,112,7443,0,0,76,4581,74,3027,76,7608,California
Yuba,2021-03-02,151,10797,36,3239,115,7558,0,0,76,4582,75,3102,76,7684,California
Yuba,2021-03-03,612,11409,152,3391,460,8018,0,0,196,4363,415,3517,196,7880,California
Yuba,2021-03-04,462,11871,272,3663,190,8208,0,0,324,4550,137,3654,324,8204,California
Yuba,2021-03-05,291,12162,49,3712,241,8449,1,1,230,4720,61,3715,231,8435,California
Yuba,2021-03-06,273,12435,28,3740,239,8688,6,7,179,4804,101,3816,185,8620,California
Yuba,2021-03-07,50,12485,28,3768,22,8710,0,7,34,4822,16,3832,34,8654,California
Yuba,2021-03-08,158,12643,55,3823,89,8799,14,21,100,4878,58,3890,114,8768,California
Yuba,2021-03-09,173,12816,47,3870,107,8906,19,40,82,4888,91,3981,101,8869,California
Yuba,2021-03-10,707,13523,222,4092,469,9375,16,56,218,4634,488,4469,234,9103,California
Yuba,2021-03-11,391,13914,168,4260,212,9587,11,67,263,4780,128,4597,274,9377,California
Yuba,2021-03-12,390,14304,57,4317,286,9873,47,114,112,4662,278,4875,160,9537,California
Yuba,2021-03-13,442,14746,337,4654,92,9965,13,127,367,4967,75,4950,380,9917,California
Yuba,2021-03-14,82,14828,19,4673,53,10018,10,137,41,4977,41,4991,51,9968,California
Yuba,2021-03-15,192,15020,47,4720,126,10144,19,156,95,4994,97,5088,114,10082,California
Yuba,2021-03-16,251,15271,72,4792,157,10301,22,178,147,5060,103,5191,169,10251,California
Yuba,2021-03-17,706,15977,147,4939,530,10831,29,207,171,4727,533,5724,200,10451,California
Yuba,2021-03-18,445,16422,111,5050,244,11075,90,297,269,4911,176,5900,360,10811,California
Yuba,2021-03-19,252,16674,90,5140,125,11200,37,334,139,4975,112,6012,176,10987,California
Yuba,2021-03-20,460,17134,57,5197,396,11596,7,341,407,5337,52,6064,414,11401,California
Yuba,2021-03-21,62,17196,39,5236,23,11619,0,341,48,5371,14,6078,48,11449,California
Yuba,2021-03-22,186,17382,69,5305,110,11729,7,348,143,5478,43,6121,150,11599,California
Yuba,2021-03-23,217,17599,70,5375,125,11854,22,370,147,5578,69,6190,169,11768,California
Yuba,2021-03-24,733,18332,245,5620,419,12273,69,439,187,5290,544,6734,256,12024,California
Yuba,2021-03-25,486,18818,259,5879,202,12475,25,464,238,5305,248,6982,263,12287,California
Yuba,2021-03-26,362,19180,130,6009,211,12686,21,485,215,5397,146,7128,238,12525,California
Yuba,2021-03-27,445,19625,23,6032,421,13107,1,486,394,5743,51,7179,397,12922,California
Yuba,2021-03-28,94,19719,38,6070,53,13160,3,489,35,5722,59,7238,38,12960,California
Yuba,2021-03-29,287,20006,86,6156,173,13333,28,517,178,5819,109,7347,206,13166,California
Yuba,2021-03-30,264,20270,62,6218,194,13527,8,525,186,5934,78,7425,193,13359,California
Yuba,2021-03-31,668,20938,113,6331,543,14070,12,537,243,5898,425,7850,389,13748,California
Yuba,2021-04-01,587,21525,284,6615,275,14345,28,565,258,5863,329,8179,294,14042,California
Yuba,2021-04-02,447,21972,78,6693,296,14641,73,638,169,5842,278,8457,257,14299,California
Yuba,2021-04-03,595,22567,47,6740,110,14751,438,1076,80,5851,514,8971,523,14822,California
Yuba,2021-04-04,59,22626,13,6753,39,14790,7,1083,34,5868,25,8996,42,14864,California
Yuba,2021-04-05,169,22795,22,6775,133,14923,14,1097,83,5883,84,9080,99,14963,California
Yuba,2021-04-06,167,22962,54,6829,86,15009,27,1124,76,5898,91,9171,106,15069,California
