county,administered_date,total_doses,cumulative_total_doses,pfizer_doses,cumulative_pfizer_doses,moderna_doses,cumulative_moderna_doses,jj_doses,cumulative_jj_doses,partially_vaccinated,total_partially_vaccinated,fully_vaccinated,cumulative_fully_vaccinated,at_least_one_dose,cumulative_at_least_one_dose,california_flag
All CA Counties,2020-12-15,1151,1151,1151,1151,0,0,0,0,1151,1151,0,0,1151,1151,
All CA Counties,2020-12-16,8447,9598,8447,9598,0,0,0,0,8447,9598,0,0,8447,9598,
All CA Counties,2020-12-17,26427,36025,26427,36025,0,0,0,0,26429,36027,0,0,26429,36027,
All CA Counties,2020-12-18,44958,80983,44901,80926,57,57,0,0,44958,80984,1,1,44958,80985,
All CA Counties,2020-12-19,25382,106365,25356,106282,26,83,0,0,25380,106363,1,2,25380,106365,
All CA Counties,2020-12-20,19075,125440,19046,125328,29,112,0,0,19074,125436,1,3,19074,125439,
All CA Counties,2020-12-21,49662,175102,49571,174899,91,203,0,0,49663,175097,3,6,49664,175103,
All CA Counties,2020-12-22,50066,225168,47930,222829,2136,2339,0,0,50060,225154,3,9,50060,225163,
All CA Counties,2020-12-23,50612,275780,41806,264635,8806,11145,0,0,50607,275760,4,13,50610,275773,
All CA Counties,2020-12-24,24088,299868,16344,280979,7744,18889,0,0,24083,299840,5,18,24085,299858,
All CA Counties,2020-12-25,2349,302217,2024,283003,325,19214,0,0,2349,302189,0,18,2349,302207,
All CA Counties,2020-12-26,14623,316840,9469,292472,5154,24368,0,0,14621,316808,2,20,14621,316828,
All CA Counties,2020-12-27,9457,326297,5602,298074,3855,28223,0,0,9454,326259,3,23,9454,326282,
All CA Counties,2020-12-28,46040,372337,29486,327560,16554,44777,0,0,46036,372292,3,26,46036,372318,
All CA Counties,2020-12-29,51282,423619,28587,356147,22695,67472,0,0,51276,423564,4,30,51276,423594,
All CA Counties,2020-12-30,63089,486708,35626,391773,27463,94935,0,0,63079,486638,8,38,63082,486676,
All CA Counties,2020-12-31,29540,516248,10921,402694,18619,113554,0,0,29521,516143,17,55,29522,516198,
All CA Counties,2021-01-01,4500,520748,2036,404730,2464,116018,0,0,4492,520628,7,62,4492,520690,
All CA Counties,2021-01-02,18515,539263,10244,414974,8271,124289,0,0,18513,539141,0,62,18513,539203,
All CA Counties,2021-01-03,6194,545457,3504,418478,2690,126979,0,0,6161,545289,13,75,6161,545364,
All CA Counties,2021-01-04,43654,589111,22074,440552,21580,148559,0,0,43576,588825,40,115,43576,588940,
All CA Counties,2021-01-05,56678,645789,29870,470422,26808,175367,0,0,51118,634534,5504,5619,51213,640153,
All CA Counties,2021-01-06,73531,719320,40583,511005,32948,208315,0,0,57925,677071,15425,21044,57962,698115,
All CA Counties,2021-01-07,92426,811746,52582,563587,39844,248159,0,0,61189,707250,31066,52110,61245,759360,
All CA Counties,2021-01-08,106948,918694,64224,627811,42724,290883,0,0,65220,730947,41587,93697,65284,824644,
All CA Counties,2021-01-09,44470,963164,25572,653383,18898,309781,0,0,27850,742233,16593,110290,27879,852523,
All CA Counties,2021-01-10,24358,987522,14875,668258,9483,319264,0,0,13107,744126,11234,121524,13127,865650,
All CA Counties,2021-01-11,104686,1092208,69648,737906,35038,354302,0,0,60736,761132,43904,165428,60910,926560,
All CA Counties,2021-01-12,113839,1206047,67390,805296,46449,400751,0,0,72553,792741,41182,206610,72791,999351,
All CA Counties,2021-01-13,119511,1325558,62024,867320,57487,458238,0,0,85568,844540,33855,240465,85654,1085005,
All CA Counties,2021-01-14,124185,1449743,49835,917155,74350,532588,0,0,104451,929537,19626,260091,104623,1189628,
All CA Counties,2021-01-15,142388,1592131,52087,969242,90301,622889,0,0,127140,1041787,15154,275245,127404,1317032,
All CA Counties,2021-01-16,80730,1672861,27457,996699,53273,676162,0,0,73102,1107348,7599,282844,73160,1390192,
All CA Counties,2021-01-17,48314,1721175,16902,1013601,31412,707574,0,0,44638,1148366,3665,286509,44683,1434875,
All CA Counties,2021-01-18,88366,1809541,46158,1059759,42208,749782,0,0,69003,1198262,19287,305796,69183,1504058,
All CA Counties,2021-01-19,142293,1951834,73782,1133541,68511,818293,0,0,111034,1278471,31162,336958,111371,1615429,
All CA Counties,2021-01-20,161103,2112937,82233,1215774,78870,897163,0,0,127335,1372537,33543,370501,127609,1743038,
All CA Counties,2021-01-21,174310,2287247,77254,1293028,97056,994219,0,0,155079,1508979,19009,389510,155451,1898489,
All CA Counties,2021-01-22,170393,2457640,69484,1362512,100909,1095128,0,0,156002,1650906,14249,403759,156176,2054665,
All CA Counties,2021-01-23,111728,2569368,49594,1412106,62134,1157262,0,0,99147,1737655,12523,416282,99272,2153937,
All CA Counties,2021-01-24,61035,2630403,29516,1441622,31519,1188781,0,0,56365,1789445,4639,420921,56429,2210366,
All CA Counties,2021-01-25,145501,2775904,65500,1507122,80001,1268782,0,0,110194,1864837,35174,456095,110566,2320932,
All CA Counties,2021-01-26,169666,2945570,83334,1590456,86332,1355114,0,0,131944,1959463,37583,493678,132209,2453141,
All CA Counties,2021-01-27,183295,3128865,88229,1678685,95066,1450180,0,0,143703,2064121,39262,532940,143920,2597061,
All CA Counties,2021-01-28,188871,3317736,87231,1765916,101640,1551820,0,0,154535,2184840,34041,566981,154760,2751821,
All CA Counties,2021-01-29,184627,3502363,88803,1854719,95824,1647644,0,0,149732,2300446,34312,601293,149918,2901739,
All CA Counties,2021-01-30,124271,3626634,56144,1910863,68127,1715771,0,0,108814,2394118,15285,616578,108957,3010696,
All CA Counties,2021-01-31,69628,3696262,39102,1949965,30526,1746297,0,0,64716,2454030,4862,621440,64774,3075470,
All CA Counties,2021-02-01,162603,3858865,76427,2026392,86176,1832473,0,0,121767,2535276,40663,662103,121909,3197379,
All CA Counties,2021-02-02,185889,4044754,78333,2104725,107556,1940029,0,0,141303,2632540,44301,706404,141565,3338944,
All CA Counties,2021-02-03,211513,4256267,95959,2200684,115554,2055583,0,0,157006,2735822,54005,760409,157287,3496231,
All CA Counties,2021-02-04,228299,4484566,100130,2300814,128169,2183752,0,0,167576,2843584,60180,820589,167942,3664173,
All CA Counties,2021-02-05,246611,4731177,106725,2407539,139886,2323638,0,0,167633,2933591,78167,898756,168174,3832347,
All CA Counties,2021-02-06,155351,4886528,75346,2482885,80005,2403643,0,0,120502,3019910,34678,933434,120997,3953344,
All CA Counties,2021-02-07,67315,4953843,43665,2526550,23650,2427293,0,0,50852,3054831,16381,949815,51302,4004646,
All CA Counties,2021-02-08,181935,5135778,89866,2616416,92069,2519362,0,0,120226,3114545,61265,1011080,120979,4125625,
All CA Counties,2021-02-09,211794,5347572,102525,2718941,109269,2628631,0,0,127027,3158421,84304,1095384,128180,4253805,
All CA Counties,2021-02-10,249052,5596624,120041,2838982,129011,2757642,0,0,138310,3188296,109921,1205305,139796,4393601,
All CA Counties,2021-02-11,266076,5862700,131812,2970794,134264,2891906,0,0,145470,3216101,119465,1324770,147270,4540871,
All CA Counties,2021-02-12,272720,6135420,119545,3090339,153175,3045081,0,0,147163,3240981,124666,1449436,149546,4690417,
All CA Counties,2021-02-13,166818,6302238,77433,3167772,89385,3134466,0,0,92080,3260655,74359,1523795,94033,4784450,
All CA Counties,2021-02-14,95426,6397664,47489,3215261,47937,3182403,0,0,51634,3270215,43618,1567413,53178,4837628,
All CA Counties,2021-02-15,142562,6540226,62534,3277795,80028,3262431,0,0,78791,3288740,63392,1630805,81917,4919545,
All CA Counties,2021-02-16,249442,6789668,118451,3396246,130991,3393422,0,0,133260,3309301,115797,1746602,136358,5055903,
All CA Counties,2021-02-17,259637,7049305,129284,3525530,130353,3523775,0,0,129106,3311648,129969,1876571,132316,5188219,
All CA Counties,2021-02-18,273452,7322757,142758,3668288,130694,3654469,0,0,132030,3307227,140685,2017256,136264,5324483,
All CA Counties,2021-02-19,253907,7576664,147346,3815634,106561,3761030,0,0,130796,3317504,122598,2139854,132875,5457358,
All CA Counties,2021-02-20,154154,7730818,98792,3914426,55362,3816392,0,0,84657,3334926,69217,2209071,86639,5543997,
All CA Counties,2021-02-21,83239,7814057,68970,3983396,14269,3830661,0,0,41751,3336994,41225,2250296,43293,5587290,
All CA Counties,2021-02-22,165201,7979258,110650,4094046,54551,3885212,0,0,82646,3339136,82217,2332513,84359,5671649,
All CA Counties,2021-02-23,226988,8206246,120159,4214205,106829,3992041,0,0,105682,3330126,120686,2453199,111676,5783325,
All CA Counties,2021-02-24,284542,8490788,143940,4358145,140602,4132643,0,0,135027,3323829,148872,2602071,142575,5925900,
All CA Counties,2021-02-25,323328,8814116,159574,4517719,163754,4296397,0,0,169285,3348345,153332,2755403,177848,6103748,
All CA Counties,2021-02-26,357981,9172097,166959,4684678,191022,4487419,0,0,199267,3397122,157774,2913177,206551,6310299,
All CA Counties,2021-02-27,254062,9426159,123783,4808461,130256,4617675,23,23,144210,3436566,109205,3022382,148649,6458948,
All CA Counties,2021-02-28,135507,9561666,81328,4889789,54168,4671843,11,34,79583,3463532,55470,3077852,82436,6541384,
All CA Counties,2021-03-01,244993,9806659,130896,5020685,113966,4785809,131,165,141095,3505681,103090,3180942,145239,6686623,
All CA Counties,2021-03-02,290162,10096821,146779,5167464,143354,4929163,29,194,174855,3572702,114761,3295703,181782,6868405,
All CA Counties,2021-03-03,335217,10432038,167033,5334497,168121,5097284,63,257,193530,3632622,140969,3436672,200889,7069294,
All CA Counties,2021-03-04,353350,10785388,178629,5513126,174626,5271910,95,352,207597,3702374,144977,3581649,214729,7284023,
All CA Counties,2021-03-05,340528,11125916,167471,5680597,171927,5443837,1130,1482,211890,3794855,127798,3709447,220279,7504302,
All CA Counties,2021-03-06,260025,11385941,133534,5814131,118633,5562470,7858,9340,161726,3871281,97866,3807313,174292,7678594,
All CA Counties,2021-03-07,128135,11514076,78708,5892839,45261,5607731,4166,13506,80315,3911809,47624,3854937,88152,7766746,
All CA Counties,2021-03-08,219665,11733741,106647,5999486,102499,5710230,10519,24025,143766,3995569,75479,3930416,159239,7925985,
All CA Counties,2021-03-09,292233,12025974,139742,6139228,136536,5846766,15955,39980,164058,4051943,127672,4058088,184046,8110031,
All CA Counties,2021-03-10,323306,12349280,161245,6300473,137566,5984332,24495,64475,175304,4108586,147309,4205397,203952,8313983,
All CA Counties,2021-03-11,377073,12726353,182308,6482781,161418,6145750,33347,97822,193751,4157525,182350,4387747,231289,8545272,
All CA Counties,2021-03-12,395799,13122152,176871,6659652,172595,6318345,46333,144155,194185,4201423,200767,4588514,244665,8789937,
All CA Counties,2021-03-13,283990,13406142,125008,6784660,127791,6446136,31191,175346,153395,4260115,130130,4718644,188822,8978759,
All CA Counties,2021-03-14,155169,13561311,83420,6868080,56637,6502773,15112,190458,78685,4279984,76182,4794826,96051,9074810,
All CA Counties,2021-03-15,291101,13852412,139102,7007182,131370,6634143,20629,211087,158293,4330268,132031,4926857,182315,9257125,
All CA Counties,2021-03-16,370903,14223315,174166,7181348,179411,6813554,17326,228413,214900,4410452,155233,5082090,235417,9492542,
All CA Counties,2021-03-17,385176,14608491,190907,7372255,175585,6989139,18684,247097,238496,4524352,145801,5227891,259701,9752243,
All CA Counties,2021-03-18,401191,15009682,205448,7577703,177690,7166829,18053,265150,237749,4619970,162317,5390208,257935,10010178,
All CA Counties,2021-03-19,411182,15420864,216145,7793848,173386,7340215,21651,286801,238248,4709997,171933,5562141,261960,10272138,
All CA Counties,2021-03-20,295611,15716475,155598,7949446,124093,7464308,15920,302721,186559,4805640,108337,5670478,203980,10476118,
All CA Counties,2021-03-21,143924,15860399,99493,8048939,36895,7501203,7536,310257,88329,4847690,55197,5725675,97247,10573365,
All CA Counties,2021-03-22,273670,16134069,159377,8208316,103059,7604262,11234,321491,177700,4944503,95161,5820836,191974,10765339,
All CA Counties,2021-03-23,357679,16491748,196885,8405201,149708,7753970,11086,332577,219379,5040200,137355,5958191,233052,10998391,
All CA Counties,2021-03-24,388136,16879884,222181,8627382,153415,7907385,12540,345117,225551,5119047,161324,6119515,240171,11238562,
All CA Counties,2021-03-25,418399,17298283,230533,8857915,172969,8080354,14897,360014,236797,5192641,180246,6299761,253840,11492402,
All CA Counties,2021-03-26,435490,17733773,232958,9090873,186414,8266768,16118,376132,234902,5247163,199337,6499098,253859,11746261,
All CA Counties,2021-03-27,313418,18047191,166750,9257623,134886,8401654,11782,387914,157636,5263896,154927,6654025,171660,11917921,
All CA Counties,2021-03-28,169480,18216671,109121,9366744,56769,8458423,3590,391504,88468,5277568,80548,6734573,94220,12012141,
All CA Counties,2021-03-29,310633,18527304,167215,9533959,134357,8592780,9061,400565,172651,5324602,137179,6871752,184213,12196354,
All CA Counties,2021-03-30,398965,18926269,202062,9736021,178641,8771421,18262,418827,224272,5395023,173870,7045622,244291,12440645,
All CA Counties,2021-03-31,426728,19352997,232200,9968221,172797,8944218,21731,440558,237298,5466710,188347,7233969,260034,12700679,
All CA Counties,2021-04-01,492804,19845801,252365,10220586,200058,9144276,40381,480939,271327,5559529,220006,7453975,312825,13013504,
All CA Counties,2021-04-02,474219,20320020,231224,10451810,199744,9344020,43251,524190,257507,5646445,215441,7669416,302357,13315861,
All CA Counties,2021-04-03,330017,20650037,168174,10619984,120311,9464331,41532,565722,164577,5688911,164755,7834171,207221,13523082,
All CA Counties,2021-04-04,132618,20782655,69184,10689168,44365,9508696,19069,584791,58068,5691960,74225,7908396,77274,13600356,
All CA Counties,2021-04-05,353738,21136393,182294,10871462,131611,9640307,39833,624624,174226,5729652,178785,8087181,216477,13816833,
All CA Counties,2021-04-06,458030,21594423,232163,11103625,160258,9800565,65609,690233,222043,5784173,235020,8322201,289541,14106374,
All CA Counties,2021-04-07,472996,22067419,245563,11349188,157333,9957898,70100,760333,230392,5844015,241610,8563811,301452,14407826,
All CA Counties,2021-04-08,500691,22568110,252502,11601690,163611,10121509,84578,844911,235843,5902999,263612,8827423,322596,14730422,
All CA Counties,2021-04-09,495752,23063862,247169,11848859,168511,10290020,80072,924983,228490,5948419,266141,9093564,311561,15041983,
All CA Counties,2021-04-10,368367,23432229,168638,12017497,125324,10415344,74405,999388,154589,5967055,212994,9306558,231630,15273613,
All CA Counties,2021-04-11,188051,23620280,105650,12123147,48228,10463572,34173,1033561,78065,5972481,109622,9416180,115048,15388661,
All CA Counties,2021-04-12,340878,23961158,175088,12298235,127536,10591108,38254,1071815,157986,5990368,181892,9598072,199779,15588440,
All CA Counties,2021-04-13,434170,24395328,243005,12541240,190203,10781311,962,1072777,242886,6047043,190234,9788306,246909,15835349,
All CA Counties,2021-04-14,454331,24849659,254659,12795899,199378,10980689,294,1073071,237068,6073011,216023,10004329,241991,16077340,
All CA Counties,2021-04-15,494761,25344420,288213,13084112,206257,11186946,291,1073362,278019,6139034,215248,10219577,281271,16358611,
All CA Counties,2021-04-16,479117,25823537,269608,13353720,209197,11396143,312,1073674,256207,6176784,221591,10441168,259341,16617952,
All CA Counties,2021-04-17,344537,26168074,193191,13546911,151281,11547424,65,1073739,196106,6228811,147530,10588698,199557,16817509,
All CA Counties,2021-04-18,155614,26323688,98892,13645803,56704,11604128,18,1073757,80239,6237275,74951,10663649,83415,16900924,
All CA Counties,2021-04-19,320376,26644064,184251,13830054,136025,11740153,100,1073857,151916,6223889,167523,10831172,154137,17055061,
All CA Counties,2021-04-20,408549,27052613,217379,14047433,191089,11931242,81,1073938,203711,6227357,203778,11034950,207246,17262307,
All CA Counties,2021-04-21,421905,27474518,238776,14286209,182862,12114104,267,1074205,203103,6216599,217351,11252301,206593,17468900,
All CA Counties,2021-04-22,446685,27921203,254492,14540701,192116,12306220,77,1074282,199405,6173443,245862,11498163,202706,17671606,
All CA Counties,2021-04-23,439298,28360501,249775,14790476,189434,12495654,89,1074371,199282,6137554,238584,11736747,202695,17874301,
All CA Counties,2021-04-24,325414,28685915,204907,14995383,120329,12615983,178,1074549,165308,6147171,159128,11895875,168745,18043046,
All CA Counties,2021-04-25,149748,28835663,98692,15094075,50988,12666971,68,1074617,80531,6160459,68743,11964618,82031,18125077,
All CA Counties,2021-04-26,300052,29135715,173362,15267437,125153,12792124,1537,1076154,131327,6130082,167718,12132336,137341,18262418,
All CA Counties,2021-04-27,368569,29504284,203242,15470679,158700,12950824,6627,1082781,148872,6070200,218526,12350862,158644,18421062,
All CA Counties,2021-04-28,352387,29856671,201675,15672354,142792,13093616,7920,1090701,145373,6019935,205888,12556750,155623,18576685,
All CA Counties,2021-04-29,361927,30218598,208113,15880467,145886,13239502,7928,1098629,132961,5934890,227770,12784520,142725,18719410,
All CA Counties,2021-04-30,374491,30593089,214534,16095001,151018,13390520,8939,1107568,142197,5856984,230986,13015506,153080,18872490,
All CA Counties,2021-05-01,247785,30840874,158386,16253387,83341,13473861,6058,1113626,89932,5798211,156985,13172491,98212,18970702,
All CA Counties,2021-05-02,116856,30957730,81660,16335047,31316,13505177,3880,1117506,40893,5767796,75559,13248050,45144,19015846,
All CA Counties,2021-05-03,253265,31210995,155512,16490559,89011,13594188,8742,1126248,77320,5679653,175069,13423119,86926,19102772,
All CA Counties,2021-05-04,326789,31537784,198977,16689536,118021,13712209,9791,1136039,97128,5559160,228578,13651697,108085,19210857,
All CA Counties,2021-05-05,330766,31868550,205342,16894878,115370,13827579,10054,1146093,93706,5428080,235820,13887517,104740,19315597,
All CA Counties,2021-05-06,348824,32217374,227366,17122244,110920,13938499,10538,1156631,88548,5271041,258621,14146138,101582,19417179,
All CA Counties,2021-05-07,347340,32564714,217682,17339926,119795,14058294,9863,1166494,94572,5125329,251380,14397518,105668,19522847,
All CA Counties,2021-05-08,225251,32789965,142768,17482694,75607,14133901,6876,1173370,61748,5032861,162555,14560073,70087,19592934,
All CA Counties,2021-05-09,93322,32883287,70341,17553035,20011,14153912,2970,1176340,25399,4994083,67590,14627663,28812,19621746,
All CA Counties,2021-05-10,201981,33085268,115046,17668081,79104,14233016,7831,1184171,50488,4903021,150676,14778339,59614,19681360,
All CA Counties,2021-05-11,265270,33350538,148727,17816808,107943,14340959,8600,1192771,70416,4789843,193915,14972254,80737,19762097,
All CA Counties,2021-05-12,265477,33616015,153927,17970735,102494,14443453,9056,1201827,75243,4686102,189202,15161456,85461,19847558,
All CA Counties,2021-05-13,309457,33925472,199549,18170284,102598,14546051,7310,1209137,118191,4624099,190148,15351604,128145,19975703,
All CA Counties,2021-05-14,333689,34259161,213412,18383696,111498,14657549,8779,1217916,131643,4565769,200846,15552450,142516,20118219,
All CA Counties,2021-05-15,276351,34535512,192735,18576431,77660,14735209,5956,1223872,113451,4524081,162042,15714492,120354,20238573,
All CA Counties,2021-05-16,136184,34671696,104471,18680902,28790,14763999,2923,1226795,55137,4501934,80599,15795091,58452,20297025,
All CA Counties,2021-05-17,238372,34910068,156737,18837639,74238,14838237,7397,1234192,95761,4464216,141731,15936822,104013,20401038,
All CA Counties,2021-05-18,279375,35189443,170124,19007763,101865,14940102,7386,1241578,110338,4415413,167922,16104744,119119,20520157,
All CA Counties,2021-05-19,273580,35463023,171008,19178771,95061,15035163,7511,1249089,114942,4381361,157608,16262352,123556,20643713,
All CA Counties,2021-05-20,260873,35723896,155747,19334518,97018,15132181,8108,1257197,101815,4334857,157940,16420292,111436,20755149,
All CA Counties,2021-05-21,280547,36004443,172691,19507209,99915,15232096,7941,1265138,108617,4281930,170690,16590982,117763,20872912,
All CA Counties,2021-05-22,202489,36206932,134139,19641348,62243,15294339,6107,1271245,86319,4260063,115390,16706372,93523,20966435,
All CA Counties,2021-05-23,86134,36293066,59883,19701231,23568,15317907,2683,1273928,37658,4252726,48070,16754442,40733,21007168,
All CA Counties,2021-05-24,166549,36459615,96585,19797816,61702,15379609,8262,1282190,62955,4221967,102808,16857250,72049,21079217,
All CA Counties,2021-05-25,188507,36648122,110865,19908681,69669,15449278,7973,1290163,72329,4188211,115174,16972424,81418,21160635,
All CA Counties,2021-05-26,183331,36831453,105607,20014288,69921,15519199,7803,1297966,72442,4159366,109803,17082227,80958,21241593,
All CA Counties,2021-05-27,171154,37002607,97830,20112118,64810,15584009,8514,1306480,70049,4138660,100275,17182502,79569,21321162,
All CA Counties,2021-05-28,187379,37189986,108298,20220416,72030,15656039,7051,1313531,81732,4123824,104720,17287222,89884,21411046,
All CA Counties,2021-05-29,105940,37295926,65053,20285469,37118,15693157,3769,1317300,50697,4124062,54711,17341933,54949,21465995,
All CA Counties,2021-05-30,46738,37342664,30840,20316309,13449,15706606,2449,1319749,20975,4122170,25534,17367467,23642,21489637,
All CA Counties,2021-05-31,19709,37362373,11603,20327912,7129,15713735,977,1320726,6478,4116648,13091,17380558,7569,21497206,
All CA Counties,2021-06-01,167059,37529432,97648,20425560,62405,15776140,7006,1327732,62041,4082504,104062,17484620,69918,21567124,
All CA Counties,2021-06-02,141718,37671150,83859,20509419,50798,15826938,7061,1334793,54941,4059251,85902,17570522,62649,21629773,
All CA Counties,2021-06-03,169804,37840954,116231,20625650,46601,15873539,6972,1341765,53786,4005799,115205,17685727,61753,21691526,
All CA Counties,2021-06-04,197771,38038725,139498,20765148,52179,15925718,6094,1347859,61731,3940412,135033,17820760,69646,21761172,
All CA Counties,2021-06-05,155858,38194583,117724,20882872,32613,15958331,5521,1353380,44836,3881436,110250,17931010,51274,21812446,
All CA Counties,2021-06-06,62963,38257546,53069,20935941,7714,15966045,2180,1355560,18413,3858552,44270,17975280,21386,21833832,
All CA Counties,2021-06-07,135438,38392984,99506,21035447,30091,15996136,5841,1361401,40969,3812173,93881,18069161,47502,21881334,
All CA Counties,2021-06-08,156987,38549971,114140,21149587,36168,16032304,6679,1368080,47736,3759228,108382,18177543,55437,21936771,
All CA Counties,2021-06-09,150734,38700705,109707,21259294,34321,16066625,6706,1374786,42091,3701065,107868,18285411,49705,21986476,
All CA Counties,2021-06-10,145096,38845801,104618,21363912,33316,16099941,7162,1381948,43067,3650994,101333,18386744,51262,22037738,
All CA Counties,2021-06-11,157182,39002983,110469,21474381,40075,16140016,6638,1388586,49266,3600732,107050,18493794,56788,22094526,
All CA Counties,2021-06-12,113169,39116152,85774,21560155,23739,16163755,3656,1392242,32219,3556817,80425,18574219,36510,22131036,
All CA Counties,2021-06-13,44035,39160187,32760,21592915,9267,16173022,2008,1394250,11297,3538010,32504,18606723,13697,22144733,
All CA Counties,2021-06-14,114057,39274244,81199,21674114,26219,16199241,6639,1400889,39053,3509883,74422,18681145,46295,22191028,
All CA Counties,2021-06-15,130681,39404925,88437,21762551,33658,16232899,8586,1409475,44001,3477486,85865,18767010,53468,22244496,
All CA Counties,2021-06-16,118385,39523310,83471,21846022,27557,16260456,7357,1416832,41042,3449988,76623,18843633,49125,22293621,
All CA Counties,2021-06-17,109823,39633133,76854,21922876,26148,16286604,6821,1423653,39058,3426424,70053,18913686,46489,22340110,
All CA Counties,2021-06-18,122129,39755262,85039,22007915,30473,16317077,6617,1430270,43748,3399982,77544,18991230,51102,22391212,
All CA Counties,2021-06-19,72719,39827981,53232,22061147,16037,16333114,3450,1433720,26884,3385566,45245,19036475,30829,22422041,
All CA Counties,2021-06-20,9341,39837322,6349,22067496,2187,16335301,805,1434525,3575,3384315,5728,19042203,4477,22426518,
All CA and Non-CA Counties,2020-12-15,1159,1159,1159,1159,0,0,0,0,1159,1159,0,0,1159,1159,
All CA and Non-CA Counties,2020-12-16,8722,9881,8722,9881,0,0,0,0,8722,9881,0,0,8722,9881,
All CA and Non-CA Counties,2020-12-17,28035,37916,28035,37916,0,0,0,0,28035,37916,0,0,28035,37916,
All CA and Non-CA Counties,2020-12-18,47505,85421,47441,85357,64,64,0,0,47504,85419,1,1,47504,85420,
All CA and Non-CA Counties,2020-12-19,26423,111844,26396,111753,27,91,0,0,26422,111840,1,2,26422,111842,
All CA and Non-CA Counties,2020-12-20,19756,131600,19724,131477,32,123,0,0,19755,131594,1,3,19755,131597,
All CA and Non-CA Counties,2020-12-21,51854,183454,51760,183237,94,217,0,0,51851,183443,3,6,51852,183449,
All CA and Non-CA Counties,2020-12-22,52139,235593,49928,233165,2211,2428,0,0,52133,235573,3,9,52133,235582,
All CA and Non-CA Counties,2020-12-23,52151,287744,43201,276366,8950,11378,0,0,52145,287716,5,14,52148,287730,
All CA and Non-CA Counties,2020-12-24,24896,312640,16959,293325,7937,19315,0,0,24891,312604,5,19,24893,312623,
All CA and Non-CA Counties,2020-12-25,2384,315024,2054,295379,330,19645,0,0,2384,314988,0,19,2384,315007,
All CA and Non-CA Counties,2020-12-26,14932,329956,9676,305055,5256,24901,0,0,14930,329916,2,21,14930,329937,
All CA and Non-CA Counties,2020-12-27,9646,339602,5673,310728,3973,28874,0,0,9643,339556,3,24,9643,339580,
All CA and Non-CA Counties,2020-12-28,47454,387056,30385,341113,17069,45943,0,0,47450,387003,3,27,47450,387030,
All CA and Non-CA Counties,2020-12-29,52827,439883,29610,370723,23217,69160,0,0,52821,439820,4,31,52821,439851,
All CA and Non-CA Counties,2020-12-30,65031,504914,36911,407634,28120,97280,0,0,65021,504836,8,39,65024,504875,
All CA and Non-CA Counties,2020-12-31,30646,535560,11524,419158,19122,116402,0,0,30625,535444,18,57,30626,535501,
All CA and Non-CA Counties,2021-01-01,4615,540175,2062,421220,2553,118955,0,0,4607,540044,7,64,4607,540108,
All CA and Non-CA Counties,2021-01-02,18762,558937,10379,431599,8383,127338,0,0,18759,558802,1,65,18759,558867,
All CA and Non-CA Counties,2021-01-03,6366,565303,3595,435194,2771,130109,0,0,6333,565122,13,78,6333,565200,
All CA and Non-CA Counties,2021-01-04,44800,610103,22583,457777,22217,152326,0,0,44717,609798,41,119,44717,609917,
All CA and Non-CA Counties,2021-01-05,58233,668336,30695,488472,27538,179864,0,0,52479,656677,5696,5815,52575,662492,
All CA and Non-CA Counties,2021-01-06,76219,744555,42172,530644,34047,213911,0,0,59877,700433,16158,21973,59914,722406,
All CA and Non-CA Counties,2021-01-07,96644,841199,55186,585830,41458,255369,0,0,63747,731516,32723,54696,63806,786212,
All CA and Non-CA Counties,2021-01-08,111440,952639,67134,652964,44306,299675,0,0,67834,755961,43457,98153,67902,854114,
All CA and Non-CA Counties,2021-01-09,45773,998412,26106,679070,19667,319342,0,0,28825,767897,16920,115073,28856,882970,
All CA and Non-CA Counties,2021-01-10,24659,1023071,15061,694131,9598,328940,0,0,13285,769845,11357,126430,13305,896275,
All CA and Non-CA Counties,2021-01-11,107985,1131056,71674,765805,36311,365251,0,0,62695,787470,45244,171674,62869,959144,
All CA and Non-CA Counties,2021-01-12,117694,1248750,69707,835512,47987,413238,0,0,74853,819833,42732,214406,75095,1034239,
All CA and Non-CA Counties,2021-01-13,123189,1371939,63840,899352,59349,472587,0,0,88056,872933,35045,249451,88145,1122384,
All CA and Non-CA Counties,2021-01-14,127893,1499832,51120,950472,76773,549360,0,0,107511,960358,20261,269712,107686,1230070,
All CA and Non-CA Counties,2021-01-15,146591,1646423,53100,1003572,93491,642851,0,0,130865,1075869,15619,285331,131130,1361200,
All CA and Non-CA Counties,2021-01-16,83413,1729836,27851,1031423,55562,698413,0,0,75608,1143761,7774,293105,75666,1436866,
All CA and Non-CA Counties,2021-01-17,48823,1778659,17056,1048479,31767,730180,0,0,45098,1185190,3714,296819,45143,1482009,
All CA and Non-CA Counties,2021-01-18,89590,1868249,46940,1095419,42650,772830,0,0,69772,1235401,19741,316560,69952,1551961,
All CA and Non-CA Counties,2021-01-19,146412,2014661,75122,1170541,71290,844120,0,0,114253,1317933,32061,348621,114593,1666554,
All CA and Non-CA Counties,2021-01-20,165610,2180271,83721,1254262,81889,926009,0,0,130842,1414511,34540,383161,131118,1797672,
All CA and Non-CA Counties,2021-01-21,178576,2358847,78450,1332712,100126,1026135,0,0,158761,1554070,19578,402739,159137,1956809,
All CA and Non-CA Counties,2021-01-22,174988,2533835,70605,1403317,104383,1130518,0,0,160185,1699776,14656,417395,160362,2117171,
All CA and Non-CA Counties,2021-01-23,113969,2647804,49933,1453250,64036,1194554,0,0,101223,1788436,12688,430083,101348,2218519,
All CA and Non-CA Counties,2021-01-24,61611,2709415,29752,1483002,31859,1226413,0,0,56863,1840645,4718,434801,56927,2275446,
All CA and Non-CA Counties,2021-01-25,149943,2859358,67401,1550403,82542,1308955,0,0,113766,1918744,36040,470841,114139,2389585,
All CA and Non-CA Counties,2021-01-26,175466,3034824,86084,1636487,89382,1398337,0,0,136888,2017463,38441,509282,137160,2526745,
All CA and Non-CA Counties,2021-01-27,188068,3222892,90674,1727161,97394,1495731,0,0,147839,2125627,39894,549176,148058,2674803,
All CA and Non-CA Counties,2021-01-28,193823,3416715,89808,1816969,104015,1599746,0,0,158888,2250109,34632,583808,159114,2833917,
All CA and Non-CA Counties,2021-01-29,189318,3606033,91684,1908653,97634,1697380,0,0,153623,2368811,35109,618917,153811,2987728,
All CA and Non-CA Counties,2021-01-30,128385,3734418,58260,1966913,70125,1767505,0,0,112699,2466138,15516,634433,112843,3100571,
All CA and Non-CA Counties,2021-01-31,72335,3806753,41415,2008328,30920,1798425,0,0,67367,2528646,4918,639351,67426,3167997,
All CA and Non-CA Counties,2021-02-01,167930,3974683,78854,2087182,89076,1887501,0,0,126368,2613776,41382,680733,126512,3294509,
All CA and Non-CA Counties,2021-02-02,192382,4167065,80318,2167500,112064,1999565,0,0,147075,2716099,45015,725748,147338,3441847,
All CA and Non-CA Counties,2021-02-03,218638,4385703,97856,2265356,120782,2120347,0,0,163261,2824774,54868,780616,163543,3605390,
All CA and Non-CA Counties,2021-02-04,234874,4620577,102086,2367442,132788,2253135,0,0,173142,2937103,61180,841796,173509,3778899,
All CA and Non-CA Counties,2021-02-05,253181,4873758,108722,2476164,144459,2397594,0,0,173117,3031513,79248,921044,173658,3952557,
All CA and Non-CA Counties,2021-02-06,159385,5033143,77126,2553290,82259,2479853,0,0,124076,3120957,35130,956174,124574,4077131,
All CA and Non-CA Counties,2021-02-07,69169,5102312,45133,2598423,24036,2503889,0,0,52629,3157580,16458,972632,53081,4130212,
All CA and Non-CA Counties,2021-02-08,186547,5288859,92519,2690942,94028,2597917,0,0,123777,3219795,62315,1034947,124530,4254742,
All CA and Non-CA Counties,2021-02-09,215773,5504632,104160,2795102,111613,2709530,0,0,129706,3265074,85594,1120541,130873,4385615,
All CA and Non-CA Counties,2021-02-10,254377,5759009,121729,2916831,132648,2842178,0,0,141207,3295467,112341,1232882,142734,4528349,
All CA and Non-CA Counties,2021-02-11,270656,6029665,133839,3050670,136817,2978995,0,0,148728,3325237,120776,1353658,150546,4678895,
All CA and Non-CA Counties,2021-02-12,277857,6307522,121395,3172065,156462,3135457,0,0,150467,3351605,126486,1480144,152854,4831749,
All CA and Non-CA Counties,2021-02-13,169121,6476643,78079,3250144,91042,3226499,0,0,93830,3372489,74911,1555055,95795,4927544,
All CA and Non-CA Counties,2021-02-14,96698,6573341,47842,3297986,48856,3275355,0,0,52663,3382841,43857,1598912,54209,4981753,
All CA and Non-CA Counties,2021-02-15,145006,6718347,63976,3361962,81030,3356385,0,0,79990,3401338,64622,1663534,83119,5064872,
All CA and Non-CA Counties,2021-02-16,255607,6973954,121086,3483048,134521,3490906,0,0,135771,3420771,119440,1782974,138873,5203745,
All CA and Non-CA Counties,2021-02-17,265211,7239165,131917,3614965,133294,3624200,0,0,130868,3421079,133775,1916749,134083,5337828,
All CA and Non-CA Counties,2021-02-18,279519,7518684,146083,3761048,133436,3757636,0,0,134057,3414667,144703,2061452,138291,5476119,
All CA and Non-CA Counties,2021-02-19,259381,7778065,151075,3912123,108306,3865942,0,0,133196,3424279,125665,2187117,135277,5611396,
All CA and Non-CA Counties,2021-02-20,157156,7935221,101143,4013266,56013,3921955,0,0,85889,3441168,70983,2258100,87872,5699268,
All CA and Non-CA Counties,2021-02-21,85628,8020849,71140,4084406,14488,3936443,0,0,42571,3442493,42788,2300888,44113,5743381,
All CA and Non-CA Counties,2021-02-22,168496,8189345,113003,4197409,55493,3991936,0,0,84268,3444591,83887,2384775,85985,5829366,
All CA and Non-CA Counties,2021-02-23,232757,8422102,123323,4320732,109434,4101370,0,0,108003,3434475,124126,2508901,114010,5943376,
All CA and Non-CA Counties,2021-02-24,290706,8712808,147288,4468020,143418,4244788,0,0,137475,3426920,152581,2661482,145026,6088402,
All CA and Non-CA Counties,2021-02-25,330002,9042810,162896,4630916,167106,4411894,0,0,172361,3450948,156900,2818382,180928,6269330,
All CA and Non-CA Counties,2021-02-26,364607,9407417,170380,4801296,194227,4606121,0,0,202372,3499394,161211,2979593,209657,6478987,
All CA and Non-CA Counties,2021-02-27,259226,9666643,126251,4927547,132951,4739072,24,24,146095,3537461,112471,3092064,150538,6629525,
All CA and Non-CA Counties,2021-02-28,137647,9804290,82823,5010370,54812,4793884,12,36,80386,3563901,56802,3148866,83242,6712767,
All CA and Non-CA Counties,2021-03-01,249406,10053696,133515,5143885,115759,4909643,132,168,142454,3604372,106133,3254999,146604,6859371,
All CA and Non-CA Counties,2021-03-02,296618,10350314,149040,5292925,147549,5057192,29,197,176915,3669072,119144,3374143,183844,7043215,
All CA and Non-CA Counties,2021-03-03,342930,10693244,169943,5462868,172922,5230114,65,262,196217,3726673,145980,3520123,203581,7246796,
All CA and Non-CA Counties,2021-03-04,359963,11053207,181329,5644197,178533,5408647,101,363,209925,3794495,149243,3669366,217065,7463861,
All CA and Non-CA Counties,2021-03-05,345713,11398920,170038,5814235,174531,5583178,1144,1507,214622,3887284,130244,3799610,223033,7686894,
All CA and Non-CA Counties,2021-03-06,264575,11663495,135613,5949848,120946,5704124,8016,9523,164066,3964008,100075,3899685,176799,7863693,
All CA and Non-CA Counties,2021-03-07,129656,11793151,79674,6029522,45759,5749883,4223,13746,81260,4004965,48199,3947884,89156,7952849,
All CA and Non-CA Counties,2021-03-08,222755,12015906,108491,6138013,103518,5853401,10746,24492,145952,4090270,76354,4024238,161659,8114508,
All CA and Non-CA Counties,2021-03-09,296878,12312784,142146,6280159,138487,5991888,16245,40737,166827,4147830,129545,4153783,187105,8301613,
All CA and Non-CA Counties,2021-03-10,327614,12640398,163322,6443481,139314,6131202,24978,65715,177991,4206037,148922,4302705,207129,8508742,
All CA and Non-CA Counties,2021-03-11,383165,13023563,185414,6628895,163732,6294934,34019,99734,197040,4256142,185145,4487850,235250,8743992,
All CA and Non-CA Counties,2021-03-12,402215,13425778,180752,6809647,174428,6469362,47035,146769,197740,4301446,203618,4691468,248922,8992914,
All CA and Non-CA Counties,2021-03-13,287724,13713502,127178,6936825,128907,6598269,31639,178408,155951,4361973,131301,4822769,191828,9184742,
All CA and Non-CA Counties,2021-03-14,156935,13870437,84337,7021162,57153,6655422,15445,193853,79648,4382336,76985,4899754,97348,9282090,
All CA and Non-CA Counties,2021-03-15,295123,14165560,141220,7162382,132805,6788227,21098,214951,160444,4433379,133896,5033650,184939,9467029,
All CA and Non-CA Counties,2021-03-16,378407,14543967,178527,7340909,182161,6970388,17719,232670,219083,4514816,158552,5192202,239989,9707018,
All CA and Non-CA Counties,2021-03-17,393584,14937551,196363,7537272,178158,7148546,19063,251733,243559,4630816,149144,5341346,265144,9972162,
All CA and Non-CA Counties,2021-03-18,409494,15347045,210577,7747849,180321,7328867,18596,270329,242550,4728288,165807,5507153,263279,10235441,
All CA and Non-CA Counties,2021-03-19,418486,15765531,220485,7968334,175805,7504672,22196,292525,242614,4820297,174866,5682019,266875,10502316,
All CA and Non-CA Counties,2021-03-20,300341,16065872,158726,8127060,125606,7630278,16009,308534,190167,4918530,109445,5791464,207678,10709994,
All CA and Non-CA Counties,2021-03-21,145998,16211870,100917,8227977,37456,7667734,7625,316159,89986,4961911,55612,5847076,98993,10808987,
All CA and Non-CA Counties,2021-03-22,276945,16488815,161353,8389330,104267,7772001,11325,327484,179939,5060028,96186,5943262,194303,11003290,
All CA and Non-CA Counties,2021-03-23,363754,16852569,199971,8589301,152387,7924388,11396,338880,223496,5158208,139299,6082561,237479,11240769,
All CA and Non-CA Counties,2021-03-24,395457,17248026,225927,8815228,156545,8080933,12985,351865,230598,5240277,163592,6246153,245661,11486430,
All CA and Non-CA Counties,2021-03-25,426674,17674700,234372,9049600,176880,8257813,15422,367287,242810,5318159,182496,6428649,260378,11746808,
All CA and Non-CA Counties,2021-03-26,442162,18116862,236468,9286068,189394,8447207,16300,383587,239301,5375014,201584,6630233,258439,12005247,
All CA and Non-CA Counties,2021-03-27,318971,18435833,169860,9455928,137111,8584318,12000,395587,161123,5393390,156987,6787220,175363,12180610,
All CA and Non-CA Counties,2021-03-28,172566,18608399,110772,9566700,58043,8642361,3751,399338,90458,5408123,81638,6868858,96371,12276981,
All CA and Non-CA Counties,2021-03-29,315824,18924223,169518,9736218,136901,8779262,9405,408743,175627,5456267,139389,7008247,187533,12464514,
All CA and Non-CA Counties,2021-03-30,405853,19330076,205688,9941906,181339,8960601,18826,427569,228342,5528521,176678,7184925,248932,12713446,
All CA and Non-CA Counties,2021-03-31,433082,19763158,235983,10177889,174587,9135188,22512,450081,240670,5601382,191323,7376248,264184,12977630,
All CA and Non-CA Counties,2021-04-01,500318,20263476,256854,10434743,202437,9337625,41027,491108,275672,5696024,223166,7599414,317808,13295438,
All CA and Non-CA Counties,2021-04-02,482689,20746165,235726,10670469,202565,9540190,44398,535506,261882,5784374,219527,7818941,307877,13603315,
All CA and Non-CA Counties,2021-04-03,336296,21082461,171929,10842398,121676,9661866,42691,578197,167926,5828422,167680,7986621,211728,13815043,
All CA and Non-CA Counties,2021-04-04,134402,21216863,70059,10912457,45038,9706904,19305,597502,59046,5831878,75030,8061651,78486,13893529,
All CA and Non-CA Counties,2021-04-05,357899,21574762,184305,11096762,133092,9839996,40502,638004,176213,5870056,180953,8242604,219131,14112660,
All CA and Non-CA Counties,2021-04-06,465221,22039983,236035,11332797,161930,10001926,67256,705260,224935,5924827,239305,8481909,294076,14406736,
All CA and Non-CA Counties,2021-04-07,481230,22521213,250186,11582983,159244,10161170,71800,777060,233593,5984537,246634,8728543,306344,14713080,
All CA and Non-CA Counties,2021-04-08,508957,23030170,256849,11839832,165591,10326761,86517,863577,239140,6043787,268571,8997114,327821,15040901,
All CA and Non-CA Counties,2021-04-09,503328,23533498,251047,12090879,170244,10497005,82037,945614,231401,6089427,270794,9267908,316434,15357335,
All CA and Non-CA Counties,2021-04-10,374452,23907950,171617,12262496,126572,10623577,76263,1021877,156257,6107170,217404,9485312,235147,15592482,
All CA and Non-CA Counties,2021-04-11,190906,24098856,107214,12369710,48879,10672456,34813,1056690,79034,6112322,111504,9596816,116656,15709138,
All CA and Non-CA Counties,2021-04-12,345057,24443913,177427,12547137,128820,10801276,38810,1095500,159851,6130325,184196,9781012,202199,15911337,
All CA and Non-CA Counties,2021-04-13,440017,24883930,246730,12793867,192300,10993576,987,1096487,245909,6187229,193053,9974065,249957,16161294,
All CA and Non-CA Counties,2021-04-14,459745,25343675,258101,13051968,201346,11194922,298,1096785,240025,6213707,218474,10192539,244952,16406246,
All CA and Non-CA Counties,2021-04-15,500951,25844626,292116,13344084,208537,11403459,298,1097083,281359,6280280,218046,10410585,284619,16690865,
All CA and Non-CA Counties,2021-04-16,485044,26329670,273001,13617085,211724,11615183,319,1097402,259521,6318754,224195,10634780,262669,16953534,
All CA and Non-CA Counties,2021-04-17,350076,26679746,196673,13813758,153337,11768520,66,1097468,199324,6371697,149840,10784620,202783,17156317,
All CA and Non-CA Counties,2021-04-18,157740,26837486,100079,13913837,57642,11826162,19,1097487,81252,6380070,76059,10860679,84432,17240749,
All CA and Non-CA Counties,2021-04-19,324559,27162045,186260,14100097,138198,11964360,101,1097588,154074,6366835,169537,11030216,156302,17397051,
All CA and Non-CA Counties,2021-04-20,413965,27576010,219843,14319940,194041,12158401,81,1097669,205927,6369330,206969,11237185,209464,17606515,
All CA and Non-CA Counties,2021-04-21,428348,28004358,241473,14561413,186603,12345004,272,1097941,205413,6356794,221463,11458648,208927,17815442,
All CA and Non-CA Counties,2021-04-22,453472,28457830,257942,14819355,195450,12540454,80,1098021,201899,6311858,250140,11708788,205204,18020646,
All CA and Non-CA Counties,2021-04-23,445185,28903015,252769,15072124,192326,12732780,90,1098111,201715,6274967,242022,11950810,205131,18225777,
All CA and Non-CA Counties,2021-04-24,330076,29233091,207959,15280083,121934,12854714,183,1098294,167179,6283676,161915,12112725,170624,18396401,
All CA and Non-CA Counties,2021-04-25,151981,29385072,99948,15380031,51964,12906678,69,1098363,81716,6297109,69787,12182512,83220,18479621,
All CA and Non-CA Counties,2021-04-26,304206,29689278,175196,15555227,127445,13034123,1565,1099928,133208,6266378,169981,12352493,139250,18618871,
All CA and Non-CA Counties,2021-04-27,374278,30063556,205362,15760589,161917,13196040,6999,1106927,150869,6205170,222228,12574721,161020,18779891,
All CA and Non-CA Counties,2021-04-28,357254,30420810,203752,15964341,145186,13341226,8316,1115243,147286,6154268,208829,12783550,157927,18937818,
All CA and Non-CA Counties,2021-04-29,366791,30787601,210361,16174702,148069,13489295,8361,1123604,134797,6068482,230780,13014330,144994,19082812,
All CA and Non-CA Counties,2021-04-30,379422,31167023,216906,16391608,153148,13642443,9368,1132972,144068,5989832,234033,13248363,155383,19238195,
All CA and Non-CA Counties,2021-05-01,250966,31417989,160232,16551840,84247,13726690,6487,1139459,91240,5930936,158846,13407209,99950,19338145,
All CA and Non-CA Counties,2021-05-02,118734,31536723,82757,16634597,31974,13758664,4003,1143462,41740,5900464,76586,13483795,46114,19384259,
All CA and Non-CA Counties,2021-05-03,256172,31792895,157088,16791685,90055,13848719,9029,1152491,78448,5811961,176843,13660638,88340,19472599,
All CA and Non-CA Counties,2021-05-04,330733,32123628,201088,16992773,119410,13968129,10235,1162726,98444,5690607,231197,13891835,109843,19582442,
All CA and Non-CA Counties,2021-05-05,335199,32458827,207813,17200586,116960,14085089,10426,1173152,95340,5558743,238613,14130448,106749,19689191,
All CA and Non-CA Counties,2021-05-06,353301,32812128,230106,17430692,112313,14197402,10882,1184034,90109,5400698,261532,14391980,103487,19792678,
All CA and Non-CA Counties,2021-05-07,351980,33164108,220349,17651041,121378,14318780,10253,1194287,96171,5253944,254411,14646391,107657,19900335,
All CA and Non-CA Counties,2021-05-08,228457,33392565,144922,17795963,76406,14395186,7129,1201416,62811,5160658,164690,14811081,71404,19971739,
All CA and Non-CA Counties,2021-05-09,94696,33487261,71251,17867214,20348,14415534,3097,1204513,25988,5121814,68370,14879451,29526,20001265,
All CA and Non-CA Counties,2021-05-10,204525,33691786,116209,17983423,80152,14495686,8164,1212677,51395,5030364,152306,15031757,60856,20062121,
All CA and Non-CA Counties,2021-05-11,268232,33960018,150127,18133550,109203,14604889,8902,1221579,71526,4916748,195767,15227524,82151,20144272,
All CA and Non-CA Counties,2021-05-12,268665,34228683,155447,18288997,103835,14708724,9383,1230962,76513,4812689,191116,15418640,87057,20231329,
All CA and Non-CA Counties,2021-05-13,312576,34541259,201340,18490337,103715,14812439,7521,1238483,119563,4750527,191891,15610531,129729,20361058,
All CA and Non-CA Counties,2021-05-14,337197,34878456,215378,18705715,112801,14925240,9018,1247501,133222,4692094,202769,15813300,144336,20505394,
All CA and Non-CA Counties,2021-05-15,278986,35157442,194281,18899996,78605,15003845,6100,1253601,114584,4650189,163539,15976839,121634,20627028,
All CA and Non-CA Counties,2021-05-16,137814,35295256,105511,19005507,29310,15033155,2993,1256594,55879,4627969,81485,16058324,59265,20686293,
All CA and Non-CA Counties,2021-05-17,241427,35536683,158351,19163858,75442,15108597,7634,1264228,97081,4590077,143461,16201785,105569,20791862,
All CA and Non-CA Counties,2021-05-18,282620,35819303,171764,19335622,103155,15211752,7701,1271929,111801,4541283,169694,16371479,120900,20912762,
All CA and Non-CA Counties,2021-05-19,276910,36096213,172686,19508308,96445,15308197,7779,1279708,116410,4507111,159463,16530942,125291,21038053,
All CA and Non-CA Counties,2021-05-20,263984,36360197,157463,19665771,98177,15406374,8344,1288052,103236,4460583,159624,16690566,113096,21151149,
All CA and Non-CA Counties,2021-05-21,283757,36643954,174486,19840257,101078,15507452,8193,1296245,110013,4407497,172497,16863063,119411,21270560,
All CA and Non-CA Counties,2021-05-22,205310,36849264,136009,19976266,62992,15570444,6309,1302554,87875,4386131,116648,16979711,95282,21365842,
All CA and Non-CA Counties,2021-05-23,87662,36936926,60877,20037143,24024,15594468,2761,1305315,38416,4378862,48839,17028550,41570,21407412,
All CA and Non-CA Counties,2021-05-24,168934,37105860,97713,20134856,62611,15657079,8610,1313925,64001,4348166,104139,17132689,73443,21480855,
All CA and Non-CA Counties,2021-05-25,190888,37296748,111971,20246827,70608,15727687,8309,1322234,73353,4314420,116522,17249211,82776,21563631,
All CA and Non-CA Counties,2021-05-26,185714,37482462,106713,20353540,70846,15798533,8155,1330389,73456,4285578,111167,17360378,82325,21645956,
All CA and Non-CA Counties,2021-05-27,173340,37655802,98930,20452470,65608,15864141,8802,1339191,71074,4265025,101433,17461811,80880,21726836,
All CA and Non-CA Counties,2021-05-28,189815,37845617,109525,20561995,72887,15937028,7403,1346594,82848,4250340,106038,17567849,91353,21818189,
All CA and Non-CA Counties,2021-05-29,107633,37953250,65918,20627913,37591,15974619,4124,1350718,51439,4250727,55659,17623508,56046,21874235,
All CA and Non-CA Counties,2021-05-30,47664,38000914,31407,20659320,13683,15988302,2574,1353292,21442,4248971,25990,17649498,24234,21898469,
All CA and Non-CA Counties,2021-05-31,20129,38021043,11790,20671110,7325,15995627,1014,1354306,6658,4243438,13319,17662817,7786,21906255,
All CA and Non-CA Counties,2021-06-01,169197,38190240,98761,20769871,63123,16058750,7313,1361619,63093,4209571,105144,17767961,71277,21977532,
All CA and Non-CA Counties,2021-06-02,143812,38334052,84937,20854808,51471,16110221,7404,1369023,55950,4186594,86978,17854939,64001,22041533,
All CA and Non-CA Counties,2021-06-03,171980,38506032,117441,20972249,47255,16157476,7284,1376307,54800,4133313,116359,17971298,63078,22104611,
All CA and Non-CA Counties,2021-06-04,200339,38706371,140941,21113190,52988,16210464,6410,1382717,62867,4067951,136459,18107757,71097,22175708,
All CA and Non-CA Counties,2021-06-05,157594,38863965,118947,21232137,32964,16243428,5683,1388400,45657,4009047,111162,18218919,52258,22227966,
All CA and Non-CA Counties,2021-06-06,63907,38927872,53776,21285913,7867,16251295,2264,1390664,18873,3986225,44752,18263671,21930,22249896,
All CA and Non-CA Counties,2021-06-07,137366,39065238,100547,21386460,30647,16281942,6172,1396836,41796,3939903,94981,18358652,48659,22298555,
All CA and Non-CA Counties,2021-06-08,159059,39224297,115328,21501788,36711,16318653,7020,1403856,48544,3886848,109640,18468292,56585,22355140,
All CA and Non-CA Counties,2021-06-09,152714,39377011,110899,21612687,34829,16353482,6986,1410842,42919,3828646,109014,18577306,50812,22405952,
All CA and Non-CA Counties,2021-06-10,147023,39524034,105737,21718424,33818,16387300,7468,1418310,43901,3778628,102421,18679727,52403,22458355,
All CA and Non-CA Counties,2021-06-11,159344,39683378,111709,21830133,40671,16427971,6964,1425274,50200,3728406,108271,18787998,58049,22516404,
All CA and Non-CA Counties,2021-06-12,114757,39798135,86955,21917088,24021,16451992,3781,1429055,32845,3684286,81383,18869381,37263,22553667,
All CA and Non-CA Counties,2021-06-13,44960,39843095,33386,21950474,9469,16461461,2105,1431160,11700,3665461,33022,18902403,14197,22567864,
All CA and Non-CA Counties,2021-06-14,115928,39959023,82306,22032780,26690,16488151,6932,1438092,39930,3637514,75411,18977814,47464,22615328,
All CA and Non-CA Counties,2021-06-15,132419,40091442,89411,22122191,34156,16522307,8852,1446944,44774,3605196,86825,19064639,54507,22669835,
All CA and Non-CA Counties,2021-06-16,120103,40211545,84544,22206735,27984,16550291,7575,1454519,41933,3577989,77441,19142080,50234,22720069,
All CA and Non-CA Counties,2021-06-17,111867,40323412,78053,22284788,26652,16576943,7162,1461681,40101,3554814,71050,19213130,47875,22767944,
All CA and Non-CA Counties,2021-06-18,124351,40447763,86365,22371153,30962,16607905,7024,1468705,44860,3528785,78651,19291781,52622,22820566,
All CA and Non-CA Counties,2021-06-19,73996,40521759,54108,22425261,16340,16624245,3548,1472253,27609,3514646,45790,19337571,31651,22852217,
All CA and Non-CA Counties,2021-06-20,9639,40531398,6555,22431816,2252,16626497,832,1473085,3774,3513524,5825,19343396,4703,22856920,
Outside California,2020-12-15,8,8,8,8,0,0,0,0,8,8,0,0,8,8,Not in California
Outside California,2020-12-16,275,283,275,283,0,0,0,0,275,283,0,0,275,283,Not in California
Outside California,2020-12-17,1606,1889,1606,1889,0,0,0,0,1606,1889,0,0,1606,1889,Not in California
Outside California,2020-12-18,2546,4435,2539,4428,7,7,0,0,2546,4435,0,0,2546,4435,Not in California
Outside California,2020-12-19,1041,5476,1040,5468,1,8,0,0,1041,5476,0,0,1041,5476,Not in California
Outside California,2020-12-20,681,6157,678,6146,3,11,0,0,681,6157,0,0,681,6157,Not in California
Outside California,2020-12-21,2188,8345,2185,8331,3,14,0,0,2188,8345,0,0,2188,8345,Not in California
Outside California,2020-12-22,2073,10418,1998,10329,75,89,0,0,2073,10418,0,0,2073,10418,Not in California
Outside California,2020-12-23,1539,11957,1395,11724,144,233,0,0,1538,11955,1,1,1538,11956,Not in California
Outside California,2020-12-24,808,12765,615,12339,193,426,0,0,808,12763,0,1,808,12764,Not in California
Outside California,2020-12-25,35,12800,30,12369,5,431,0,0,35,12798,0,1,35,12799,Not in California
Outside California,2020-12-26,309,13109,207,12576,102,533,0,0,309,13107,0,1,309,13108,Not in California
Outside California,2020-12-27,189,13298,71,12647,118,651,0,0,189,13296,0,1,189,13297,Not in California
Outside California,2020-12-28,1413,14711,898,13545,515,1166,0,0,1413,14709,0,1,1413,14710,Not in California
Outside California,2020-12-29,1544,16255,1022,14567,522,1688,0,0,1544,16253,0,1,1544,16254,Not in California
Outside California,2020-12-30,1888,18143,1231,15798,657,2345,0,0,1888,18141,0,1,1888,18142,Not in California
Outside California,2020-12-31,1105,19248,603,16401,502,2847,0,0,1104,19244,1,2,1104,19246,Not in California
Outside California,2021-01-01,115,19363,26,16427,89,2936,0,0,115,19359,0,2,115,19361,Not in California
Outside California,2021-01-02,246,19609,135,16562,111,3047,0,0,245,19603,1,3,245,19606,Not in California
Outside California,2021-01-03,172,19781,91,16653,81,3128,0,0,172,19775,0,3,172,19778,Not in California
Outside California,2021-01-04,1145,20926,508,17161,637,3765,0,0,1140,20914,1,4,1140,20918,Not in California
Outside California,2021-01-05,1555,22481,825,17986,730,4495,0,0,1361,22084,192,196,1362,22280,Not in California
Outside California,2021-01-06,2684,25165,1587,19573,1097,5592,0,0,1948,23299,733,929,1948,24228,Not in California
Outside California,2021-01-07,4151,29316,2537,22110,1614,7206,0,0,2492,24137,1657,2586,2495,26723,Not in California
Outside California,2021-01-08,4492,33808,2910,25020,1582,8788,0,0,2613,24884,1870,4456,2617,29340,Not in California
Outside California,2021-01-09,1302,35110,533,25553,769,9557,0,0,974,25533,327,4783,976,30316,Not in California
Outside California,2021-01-10,301,35411,186,25739,115,9672,0,0,178,25588,123,4906,178,30494,Not in California
Outside California,2021-01-11,3280,38691,2007,27746,1273,10945,0,0,1940,26188,1340,6246,1940,32434,Not in California
Outside California,2021-01-12,3848,42539,2311,30057,1537,12482,0,0,2295,26937,1549,7795,2298,34732,Not in California
Outside California,2021-01-13,3675,46214,1813,31870,1862,14344,0,0,2484,28234,1190,8985,2487,37219,Not in California
Outside California,2021-01-14,3706,49920,1283,33153,2423,16767,0,0,3058,30660,635,9620,3061,40280,Not in California
Outside California,2021-01-15,4198,54118,1009,34162,3189,19956,0,0,3720,33916,465,10085,3721,44001,Not in California
Outside California,2021-01-16,2679,56797,390,34552,2289,22245,0,0,2502,36243,175,10260,2502,46503,Not in California
Outside California,2021-01-17,507,57304,152,34704,355,22600,0,0,458,36652,49,10309,458,46961,Not in California
Outside California,2021-01-18,1213,58517,771,35475,442,23042,0,0,758,36956,454,10763,758,47719,Not in California
Outside California,2021-01-19,4112,62629,1333,36808,2779,25821,0,0,3213,39273,899,11662,3216,50935,Not in California
Outside California,2021-01-20,4452,67081,1433,38241,3019,28840,0,0,3503,41833,945,12607,3505,54440,Not in California
Outside California,2021-01-21,4246,71327,1178,39419,3068,31908,0,0,3661,44930,568,13175,3665,58105,Not in California
Outside California,2021-01-22,4583,75910,1114,40533,3469,35377,0,0,4171,48697,407,13582,4174,62279,Not in California
Outside California,2021-01-23,2232,78142,336,40869,1896,37273,0,0,2067,50599,165,13747,2067,64346,Not in California
Outside California,2021-01-24,574,78716,234,41103,340,37613,0,0,495,51015,79,13826,495,64841,Not in California
Outside California,2021-01-25,4434,83150,1895,42998,2539,40152,0,0,3566,53718,864,14690,3567,68408,Not in California
Outside California,2021-01-26,5783,88933,2733,45731,3050,43202,0,0,4924,57791,858,15548,4931,73339,Not in California
Outside California,2021-01-27,4766,93699,2438,48169,2328,45530,0,0,4131,61293,631,16179,4133,77472,Not in California
Outside California,2021-01-28,4875,98574,2502,50671,2373,47903,0,0,4332,65094,532,16711,4333,81805,Not in California
Outside California,2021-01-29,4584,103158,2774,53445,1810,49713,0,0,3780,68080,796,17507,3782,85587,Not in California
Outside California,2021-01-30,4109,107267,2113,55558,1996,51709,0,0,3877,71728,230,17737,3878,89465,Not in California
Outside California,2021-01-31,2705,109972,2311,57869,394,52103,0,0,2648,74321,56,17793,2649,92114,Not in California
Outside California,2021-02-01,5294,115266,2395,60264,2899,55002,0,0,4584,78206,701,18494,4586,96700,Not in California
Outside California,2021-02-02,6476,121742,1969,62233,4507,59509,0,0,5759,83255,710,19204,5759,102459,Not in California
Outside California,2021-02-03,7120,128862,1892,64125,5228,64737,0,0,6252,88647,861,20065,6253,108712,Not in California
Outside California,2021-02-04,6563,135425,1948,66073,4615,69352,0,0,5558,93210,996,21061,5559,114271,Not in California
Outside California,2021-02-05,6556,141981,1986,68059,4570,73922,0,0,5473,97605,1078,22139,5473,119744,Not in California
Outside California,2021-02-06,4030,146011,1776,69835,2254,76176,0,0,3572,100731,449,22588,3575,123319,Not in California
Outside California,2021-02-07,1852,147863,1466,71301,386,76562,0,0,1775,102431,77,22665,1777,125096,Not in California
Outside California,2021-02-08,4607,152470,2649,73950,1958,78520,0,0,3550,104935,1046,23711,3550,128646,Not in California
Outside California,2021-02-09,3976,156446,1632,75582,2344,80864,0,0,2679,106341,1287,24998,2693,131339,Not in California
Outside California,2021-02-10,5318,161764,1685,77267,3633,84497,0,0,2891,106854,2419,27417,2932,134271,Not in California
Outside California,2021-02-11,4562,166326,2010,79277,2552,87049,0,0,3252,108825,1299,28716,3270,137541,Not in California
Outside California,2021-02-12,5131,171457,1846,81123,3285,90334,0,0,3302,110315,1816,30532,3306,140847,Not in California
Outside California,2021-02-13,2299,173756,646,81769,1653,91987,0,0,1746,111521,552,31084,1758,142605,Not in California
Outside California,2021-02-14,1270,175026,352,82121,918,92905,0,0,1028,112313,238,31322,1030,143635,Not in California
Outside California,2021-02-15,2415,177441,1416,83537,999,93904,0,0,1175,112264,1227,32549,1178,144813,Not in California
Outside California,2021-02-16,6151,183592,2627,86164,3524,97428,0,0,2503,111134,3637,36186,2507,147320,Not in California
Outside California,2021-02-17,5571,189163,2632,88796,2939,100367,0,0,1760,109093,3806,39992,1765,149085,Not in California
Outside California,2021-02-18,6054,195217,3317,92113,2737,103104,0,0,2022,107105,4010,44002,2022,151107,Not in California
Outside California,2021-02-19,5344,200561,3604,95717,1740,104844,0,0,2368,106505,2970,46972,2370,153477,Not in California
Outside California,2021-02-20,3002,203563,2351,98068,651,105495,0,0,1232,105972,1766,48738,1233,154710,Not in California
Outside California,2021-02-21,2388,205951,2169,100237,219,105714,0,0,820,105230,1562,50300,820,155530,Not in California
Outside California,2021-02-22,3295,209246,2353,102590,942,106656,0,0,1622,105186,1670,51970,1626,157156,Not in California
Outside California,2021-02-23,5753,214999,3159,105749,2594,109250,0,0,2316,104085,3430,55400,2329,159485,Not in California
Outside California,2021-02-24,6154,221153,3345,109094,2809,112059,0,0,2440,102821,3707,59107,2443,161928,Not in California
Outside California,2021-02-25,6650,227803,3311,112405,3339,115398,0,0,3062,102330,3557,62664,3066,164994,Not in California
Outside California,2021-02-26,6604,234407,3411,115816,3193,118591,0,0,3096,102002,3425,66089,3097,168091,Not in California
Outside California,2021-02-27,5152,239559,2460,118276,2691,121282,1,1,1877,100619,3264,69353,1881,169972,Not in California
Outside California,2021-02-28,2131,241690,1488,119764,642,121924,1,2,797,100088,1331,70684,800,170772,Not in California
Outside California,2021-03-01,4400,246090,2616,122380,1783,123707,1,3,1352,98408,3038,73722,1358,172130,Not in California
Outside California,2021-03-02,6444,252534,2258,124638,4186,127893,0,3,2054,96086,4378,78100,2056,174186,Not in California
Outside California,2021-03-03,7708,260242,2909,127547,4797,132690,2,5,2683,93763,5011,83111,2688,176874,Not in California
Outside California,2021-03-04,6602,266844,2692,130239,3904,136594,6,11,2321,91829,4263,87374,2329,179203,Not in California
Outside California,2021-03-05,5173,272017,2563,132802,2596,139190,14,25,2719,92126,2444,89818,2741,181944,Not in California
Outside California,2021-03-06,4537,276554,2072,134874,2309,141499,156,181,2329,92414,2206,92024,2494,184438,Not in California
Outside California,2021-03-07,1521,278075,966,135840,498,141997,57,238,945,92843,575,92599,1004,185442,Not in California
Outside California,2021-03-08,3063,281138,1823,137663,1014,143011,226,464,2180,94402,854,93453,2413,187855,Not in California
Outside California,2021-03-09,4635,285773,2399,140062,1949,144960,287,751,2764,95586,1867,95320,3051,190906,Not in California
Outside California,2021-03-10,4303,290076,2075,142137,1747,146707,481,1232,2684,97148,1610,96930,3172,194078,Not in California
Outside California,2021-03-11,6072,296148,3102,145239,2312,149019,658,1890,3287,98314,2779,99709,3945,198023,Not in California
Outside California,2021-03-12,6378,302526,3852,149091,1829,150848,697,2587,3548,99739,2820,102529,4245,202268,Not in California
Outside California,2021-03-13,3725,306251,2170,151261,1111,151959,444,3031,2555,101577,1163,103692,3001,205269,Not in California
Outside California,2021-03-14,1763,308014,917,152178,514,152473,332,3363,962,102071,801,104493,1295,206564,Not in California
Outside California,2021-03-15,4005,312019,2114,154292,1424,153897,467,3830,2141,102825,1858,106351,2612,209176,Not in California
Outside California,2021-03-16,7481,319500,4358,158650,2734,156631,389,4219,4168,104068,3310,109661,4553,213729,Not in California
Outside California,2021-03-17,8383,327883,5449,164099,2556,159187,378,4597,5038,106144,3341,113002,5417,219146,Not in California
Outside California,2021-03-18,8281,336164,5118,169217,2620,161807,543,5140,4788,107991,3484,116486,5331,224477,Not in California
Outside California,2021-03-19,7291,343455,4333,173550,2413,164220,545,5685,4355,109965,2930,119416,4904,229381,Not in California
Outside California,2021-03-20,4717,348172,3121,176671,1507,165727,89,5774,3604,112556,1103,120519,3694,233075,Not in California
Outside California,2021-03-21,2067,350239,1422,178093,556,166283,89,5863,1651,113882,414,120933,1740,234815,Not in California
Outside California,2021-03-22,3254,353493,1970,180063,1194,167477,90,5953,2230,115184,1017,121950,2319,237134,Not in California
Outside California,2021-03-23,6061,359554,3085,183148,2671,170148,305,6258,4112,117666,1935,123885,4417,241551,Not in California
Outside California,2021-03-24,7309,366863,3745,186893,3119,173267,445,6703,5037,120881,2265,126150,5480,247031,Not in California
Outside California,2021-03-25,8259,375122,3833,190726,3901,177168,525,7228,6000,125159,2247,128397,6525,253556,Not in California
Outside California,2021-03-26,6653,381775,3504,194230,2972,180140,177,7405,4389,127485,2239,130636,4565,258121,Not in California
Outside California,2021-03-27,5531,387306,3100,197330,2216,182356,215,7620,3474,129124,2048,132684,3687,261808,Not in California
Outside California,2021-03-28,3077,390383,1648,198978,1268,183624,161,7781,1983,130180,1088,133772,2144,263952,Not in California
Outside California,2021-03-29,5172,395555,2296,201274,2532,186156,344,8125,2961,131279,2206,135978,3305,267257,Not in California
Outside California,2021-03-30,6873,402428,3620,204894,2689,188845,564,8689,4060,133107,2803,138781,4631,271888,Not in California
Outside California,2021-03-31,6333,408761,3772,208666,1780,190625,781,9470,3356,134271,2970,141751,4134,276022,Not in California
Outside California,2021-04-01,7500,416261,4479,213145,2375,193000,646,10116,4334,136085,3158,144909,4972,280994,Not in California
Outside California,2021-04-02,8442,424703,4492,217637,2812,195812,1138,11254,4365,137518,4068,148977,5501,286495,Not in California
Outside California,2021-04-03,6267,430970,3752,221389,1356,197168,1159,12413,3339,139096,2919,151896,4497,290992,Not in California
Outside California,2021-04-04,1775,432745,874,222263,665,197833,236,12649,971,139498,803,152699,1205,292197,Not in California
Outside California,2021-04-05,4146,436891,2008,224271,1470,199303,668,13317,1979,139981,2162,154861,2645,294842,Not in California
Outside California,2021-04-06,7179,444070,3866,228137,1667,200970,1646,14963,2884,140227,4280,159141,4526,299368,Not in California
Outside California,2021-04-07,8210,452280,4607,232744,1904,202874,1699,16662,3185,140085,5018,164159,4876,304244,Not in California
Outside California,2021-04-08,8242,460522,4335,237079,1973,204847,1934,18596,3284,140344,4948,169107,5207,309451,Not in California
Outside California,2021-04-09,7559,468081,3867,240946,1727,206574,1965,20561,2897,140554,4649,173756,4859,314310,Not in California
Outside California,2021-04-10,6080,474161,2976,243922,1247,207821,1857,22418,1666,139662,4406,178162,3514,317824,Not in California
Outside California,2021-04-11,2848,477009,1559,245481,649,208470,640,23058,966,139388,1879,180041,1605,319429,Not in California
Outside California,2021-04-12,4162,481171,2333,247814,1274,209744,555,23613,1858,139506,2294,182335,2412,321841,Not in California
Outside California,2021-04-13,5825,486996,3717,251531,2083,211827,25,23638,3014,139739,2806,185141,3039,324880,Not in California
Outside California,2021-04-14,5395,492391,3440,254971,1951,213778,4,23642,2954,140262,2435,187576,2958,327838,Not in California
Outside California,2021-04-15,6171,498562,3894,258865,2271,216049,6,23648,3331,140813,2788,190364,3339,331177,Not in California
Outside California,2021-04-16,5912,504474,3384,262249,2521,218570,7,23655,3306,141536,2597,192961,3320,334497,Not in California
Outside California,2021-04-17,5525,509999,3472,265721,2052,220622,1,23656,3213,142454,2302,195263,3220,337717,Not in California
Outside California,2021-04-18,2115,512114,1183,266904,931,221553,1,23657,1008,142365,1101,196364,1012,338729,Not in California
Outside California,2021-04-19,4170,516284,2006,268910,2163,223716,1,23658,2155,142522,2005,198369,2162,340891,Not in California
Outside California,2021-04-20,5404,521688,2460,271370,2944,226660,0,23658,2215,141559,3180,201549,2217,343108,Not in California
Outside California,2021-04-21,6417,528105,2687,274057,3725,230385,5,23663,2301,139789,4095,205644,2325,345433,Not in California
Outside California,2021-04-22,6775,534880,3445,277502,3327,233712,3,23666,2492,138016,4269,209913,2496,347929,Not in California
Outside California,2021-04-23,5868,540748,2987,280489,2880,236592,1,23667,2423,137012,3430,213343,2426,350355,Not in California
Outside California,2021-04-24,4638,545386,3036,283525,1597,238189,5,23672,1857,136101,2776,216119,1865,352220,Not in California
Outside California,2021-04-25,2221,547607,1252,284777,968,239157,1,23673,1179,136246,1038,217157,1183,353403,Not in California
Outside California,2021-04-26,4136,551743,1826,286603,2282,241439,28,23701,1874,135895,2253,219410,1902,355305,Not in California
Outside California,2021-04-27,5686,557429,2109,288712,3206,244645,371,24072,1989,134575,3687,223097,2367,357672,Not in California
Outside California,2021-04-28,4847,562276,2062,290774,2390,247035,395,24467,1908,133947,2926,226023,2298,359970,Not in California
Outside California,2021-04-29,4841,567117,2233,293007,2175,249210,433,24900,1824,133207,2997,229020,2257,362227,Not in California
Outside California,2021-04-30,4913,572030,2364,295371,2124,251334,425,25325,1861,132458,3038,232058,2289,364516,Not in California
Outside California,2021-05-01,3161,575191,1830,297201,902,252236,429,25754,1299,132336,1851,233909,1729,366245,Not in California
Outside California,2021-05-02,1867,577058,1092,298293,652,252888,123,25877,844,132283,1020,234929,967,367212,Not in California
Outside California,2021-05-03,2891,579949,1567,299860,1040,253928,284,26161,1122,131925,1764,236693,1406,368618,Not in California
Outside California,2021-05-04,3930,583879,2106,301966,1384,255312,440,26601,1314,131070,2607,239300,1752,370370,Not in California
Outside California,2021-05-05,4420,588299,2468,304434,1581,256893,371,26972,1626,130284,2786,242086,2000,372370,Not in California
Outside California,2021-05-06,4453,592752,2728,307162,1388,258281,337,27309,1555,129284,2892,244978,1892,374262,Not in California
Outside California,2021-05-07,4618,597370,2655,309817,1576,259857,387,27696,1589,128243,3017,247995,1976,376238,Not in California
Outside California,2021-05-08,3195,600565,2147,311964,797,260654,251,27947,1055,127420,2130,250125,1307,377545,Not in California
Outside California,2021-05-09,1359,601924,906,312870,330,260984,123,28070,582,127351,772,250897,703,378248,Not in California
Outside California,2021-05-10,2536,604460,1162,314032,1044,262028,330,28400,905,126963,1625,252522,1237,379485,Not in California
Outside California,2021-05-11,2953,607413,1396,315428,1258,263286,299,28699,1104,126520,1848,254370,1405,380890,Not in California
Outside California,2021-05-12,3179,610592,1515,316943,1338,264624,326,29025,1264,126199,1910,256280,1589,382479,Not in California
Outside California,2021-05-13,3107,613699,1785,318728,1116,265740,206,29231,1365,126034,1736,258016,1571,384050,Not in California
Outside California,2021-05-14,3495,617194,1956,320684,1301,267041,238,29469,1567,125921,1921,259937,1808,385858,Not in California
Outside California,2021-05-15,2626,619820,1539,322223,943,267984,144,29613,1126,125700,1494,261431,1273,387131,Not in California
Outside California,2021-05-16,1613,621433,1028,323251,516,268500,69,29682,729,125618,881,262312,799,387930,Not in California
Outside California,2021-05-17,3040,624473,1604,324855,1201,269701,235,29917,1314,125444,1722,264034,1548,389478,Not in California
Outside California,2021-05-18,3223,627696,1627,326482,1283,270984,313,30230,1448,125444,1764,265798,1764,391242,Not in California
Outside California,2021-05-19,3304,631000,1659,328141,1378,272362,267,30497,1454,125322,1842,267640,1720,392962,Not in California
Outside California,2021-05-20,3095,634095,1704,329845,1156,273518,235,30732,1410,125292,1678,269318,1648,394610,Not in California
Outside California,2021-05-21,3191,637286,1786,331631,1157,274675,248,30980,1384,125128,1796,271114,1632,396242,Not in California
Outside California,2021-05-22,2802,640088,1855,333486,746,275421,201,31181,1546,125627,1249,272363,1748,397990,Not in California
Outside California,2021-05-23,1519,641607,988,334474,453,275874,78,31259,752,125692,766,273129,831,398821,Not in California
Outside California,2021-05-24,2376,643983,1123,335597,906,276780,347,31606,1042,125755,1326,274455,1389,400210,Not in California
Outside California,2021-05-25,2365,646348,1100,336697,935,277715,330,31936,1016,125759,1340,275795,1344,401554,Not in California
Outside California,2021-05-26,2375,648723,1101,337798,923,278638,351,32287,1008,125759,1360,277155,1360,402914,Not in California
Outside California,2021-05-27,2170,650893,1090,338888,794,279432,286,32573,1017,125911,1149,278304,1301,404215,Not in California
Outside California,2021-05-28,2415,653308,1216,340104,852,280284,347,32920,1099,126049,1309,279613,1447,405662,Not in California
Outside California,2021-05-29,1684,654992,856,340960,473,280757,355,33275,735,126194,945,280558,1090,406752,Not in California
Outside California,2021-05-30,921,655913,563,341523,234,280991,124,33399,464,126328,454,281012,588,407340,Not in California
Outside California,2021-05-31,419,656332,186,341709,196,281187,37,33436,180,126318,227,281239,217,407557,Not in California
Outside California,2021-06-01,2117,658449,1104,342813,712,281899,301,33737,1041,126588,1072,282311,1342,408899,Not in California
Outside California,2021-06-02,2087,660536,1075,343888,669,282568,343,34080,1006,126865,1072,283383,1349,410248,Not in California
Outside California,2021-06-03,2160,662696,1194,345082,654,283222,312,34392,1005,127034,1147,284530,1316,411564,Not in California
Outside California,2021-06-04,2545,665241,1429,346511,800,284022,316,34708,1124,127058,1415,285945,1439,413003,Not in California
Outside California,2021-06-05,1725,666966,1216,347727,348,284370,161,34869,814,127126,908,286853,976,413979,Not in California
Outside California,2021-06-06,921,667887,692,348419,148,284518,81,34950,452,127192,467,287320,533,414512,Not in California
Outside California,2021-06-07,1913,669800,1034,349453,549,285067,330,35280,819,127247,1093,288413,1148,415660,Not in California
Outside California,2021-06-08,2057,671857,1180,350633,539,285606,338,35618,804,127140,1248,289661,1141,416801,Not in California
Outside California,2021-06-09,1962,673819,1181,351814,501,286107,280,35898,820,127103,1136,290797,1099,417900,Not in California
Outside California,2021-06-10,1915,675734,1110,352924,499,286606,306,36204,829,127158,1081,291878,1136,419036,Not in California
Outside California,2021-06-11,2157,677891,1237,354161,595,287201,325,36529,931,127196,1219,293097,1257,420293,Not in California
Outside California,2021-06-12,1576,679467,1173,355334,278,287479,125,36654,618,126987,954,294051,745,421038,Not in California
Outside California,2021-06-13,917,680384,622,355956,198,287677,97,36751,401,126973,512,294563,498,421536,Not in California
Outside California,2021-06-14,1726,682110,969,356925,467,288144,290,37041,741,127023,980,295543,1030,422566,Not in California
Outside California,2021-06-15,1722,683832,965,357890,491,288635,266,37307,767,127106,950,296493,1033,423599,Not in California
Outside California,2021-06-16,1625,685457,986,358876,423,289058,216,37523,804,127313,813,297306,1020,424619,Not in California
Outside California,2021-06-17,1802,687259,998,359874,469,289527,335,37858,820,127491,979,298285,1157,425776,Not in California
Outside California,2021-06-18,1926,689185,1101,360975,428,289955,397,38255,847,127660,1076,299361,1245,427021,Not in California
Outside California,2021-06-19,1074,690259,722,361697,260,290215,92,38347,542,127768,525,299886,633,427654,Not in California
Outside California,2021-06-20,297,690556,205,361902,65,290280,27,38374,198,127896,97,299983,225,427879,Not in California
Unknown,2020-12-17,2,2,2,2,0,0,0,0,0,0,0,0,0,0,Not in California
Unknown,2020-12-18,1,3,1,3,0,0,0,0,0,0,0,0,0,0,Not in California
Unknown,2020-12-21,4,7,4,7,0,0,0,0,0,0,0,0,0,0,Not in California
Unknown,2020-12-28,1,8,1,8,0,0,0,0,1,1,0,0,1,1,Not in California
Unknown,2020-12-29,1,9,1,9,0,0,0,0,1,2,0,0,1,2,Not in California
Unknown,2020-12-30,54,63,54,63,0,0,0,0,54,56,0,0,54,56,Not in California
Unknown,2020-12-31,1,64,0,63,1,1,0,0,0,56,0,0,0,56,Not in California
Unknown,2021-01-02,1,65,0,63,1,2,0,0,1,57,0,0,1,57,Not in California
Unknown,2021-01-04,1,66,1,64,0,2,0,0,1,58,0,0,1,58,Not in California
Unknown,2021-01-06,4,70,2,66,2,4,0,0,4,62,0,0,4,62,Not in California
Unknown,2021-01-07,67,137,67,133,0,4,0,0,66,128,0,0,66,128,Not in California
Unknown,2021-01-09,1,138,1,134,0,4,0,0,1,129,0,0,1,129,Not in California
Unknown,2021-01-11,19,157,19,153,0,4,0,0,19,148,0,0,19,148,Not in California
Unknown,2021-01-12,7,164,6,159,1,5,0,0,5,153,1,1,6,154,Not in California
Unknown,2021-01-13,3,167,3,162,0,5,0,0,4,157,0,1,4,158,Not in California
Unknown,2021-01-14,2,169,2,164,0,5,0,0,2,159,0,1,2,160,Not in California
Unknown,2021-01-15,5,174,4,168,1,6,0,0,5,164,0,1,5,165,Not in California
Unknown,2021-01-16,4,178,4,172,0,6,0,0,4,168,0,1,4,169,Not in California
Unknown,2021-01-17,2,180,2,174,0,6,0,0,2,170,0,1,2,171,Not in California
Unknown,2021-01-18,11,191,11,185,0,6,0,0,11,181,0,1,11,182,Not in California
Unknown,2021-01-19,7,198,7,192,0,6,0,0,6,187,0,1,6,188,Not in California
Unknown,2021-01-20,55,253,55,247,0,6,0,0,4,139,52,53,4,192,Not in California
Unknown,2021-01-21,20,273,18,265,2,8,0,0,21,159,1,54,21,213,Not in California
Unknown,2021-01-22,12,285,7,272,5,13,0,0,12,171,0,54,12,225,Not in California
Unknown,2021-01-23,9,294,3,275,6,19,0,0,9,180,0,54,9,234,Not in California
Unknown,2021-01-24,2,296,2,277,0,19,0,0,3,183,0,54,3,237,Not in California
Unknown,2021-01-25,8,304,6,283,2,21,0,0,6,187,2,56,6,243,Not in California
Unknown,2021-01-26,17,321,17,300,0,21,0,0,20,207,0,56,20,263,Not in California
Unknown,2021-01-27,7,328,7,307,0,21,0,0,5,211,1,57,5,268,Not in California
Unknown,2021-01-28,77,405,75,382,2,23,0,0,21,173,59,116,21,289,Not in California
Unknown,2021-01-29,107,512,107,489,0,23,0,0,111,283,1,117,111,400,Not in California
Unknown,2021-01-30,5,517,3,492,2,25,0,0,8,290,1,118,8,408,Not in California
Unknown,2021-01-31,2,519,2,494,0,25,0,0,3,293,0,118,3,411,Not in California
Unknown,2021-02-01,33,552,32,526,1,26,0,0,17,292,18,136,17,428,Not in California
Unknown,2021-02-02,17,569,16,542,1,27,0,0,13,302,4,140,14,442,Not in California
Unknown,2021-02-03,5,574,5,547,0,27,0,0,3,303,2,142,3,445,Not in California
Unknown,2021-02-04,12,586,8,555,4,31,0,0,8,307,4,146,8,453,Not in California
Unknown,2021-02-05,14,600,11,566,3,34,0,0,11,315,3,149,11,464,Not in California
Unknown,2021-02-06,4,604,4,570,0,34,0,0,2,314,3,152,2,466,Not in California
Unknown,2021-02-07,2,606,2,572,0,34,0,0,2,316,0,152,2,468,Not in California
Unknown,2021-02-08,5,611,4,576,1,35,0,0,1,313,4,156,1,469,Not in California
Unknown,2021-02-09,3,614,3,579,0,35,0,0,0,310,3,159,0,469,Not in California
Unknown,2021-02-10,7,621,3,582,4,39,0,0,6,315,1,160,6,475,Not in California
Unknown,2021-02-11,18,639,17,599,1,40,0,0,6,309,12,172,6,481,Not in California
Unknown,2021-02-12,6,645,4,603,2,42,0,0,2,307,4,176,2,483,Not in California
Unknown,2021-02-13,4,649,0,603,4,46,0,0,4,311,0,176,4,487,Not in California
Unknown,2021-02-14,2,651,1,604,1,47,0,0,1,311,1,177,1,488,Not in California
Unknown,2021-02-15,29,680,26,630,3,50,0,0,24,332,3,180,24,512,Not in California
Unknown,2021-02-16,14,694,8,638,6,56,0,0,8,334,6,186,8,520,Not in California
Unknown,2021-02-17,3,697,1,639,2,58,0,0,2,336,0,186,2,522,Not in California
Unknown,2021-02-18,13,710,8,647,5,63,0,0,5,333,8,194,5,527,Not in California
Unknown,2021-02-19,130,840,125,772,5,68,0,0,32,268,97,291,32,559,Not in California
Unknown,2021-02-21,1,841,1,773,0,68,0,0,0,267,1,292,0,559,Not in California
Unknown,2021-02-23,16,857,5,778,11,79,0,0,5,262,10,302,5,564,Not in California
Unknown,2021-02-24,10,867,3,781,7,86,0,0,8,268,2,304,8,572,Not in California
Unknown,2021-02-25,24,891,11,792,13,99,0,0,14,271,11,315,14,586,Not in California
Unknown,2021-02-26,22,913,10,802,12,111,0,0,9,268,12,327,9,595,Not in California
Unknown,2021-02-27,12,925,8,810,4,115,0,0,8,274,2,329,8,603,Not in California
Unknown,2021-02-28,9,934,7,817,2,117,0,0,6,279,1,330,6,609,Not in California
Unknown,2021-03-01,13,947,3,820,10,127,0,0,7,281,5,335,7,616,Not in California
Unknown,2021-03-02,12,959,3,823,9,136,0,0,6,282,5,340,6,622,Not in California
Unknown,2021-03-03,5,964,1,824,4,140,0,0,4,286,0,340,4,626,Not in California
Unknown,2021-03-04,11,975,8,832,3,143,0,0,7,290,3,343,7,633,Not in California
Unknown,2021-03-05,12,987,4,836,8,151,0,0,13,301,2,345,13,646,Not in California
Unknown,2021-03-06,13,1000,7,843,4,155,2,2,11,311,3,348,13,659,Not in California
Unknown,2021-03-08,27,1027,21,864,5,160,1,3,6,297,21,369,7,666,Not in California
Unknown,2021-03-09,10,1037,5,869,2,162,3,6,5,299,6,375,8,674,Not in California
Unknown,2021-03-10,5,1042,2,871,1,163,2,8,3,301,3,378,5,679,Not in California
Unknown,2021-03-11,20,1062,4,875,2,165,14,22,2,301,16,394,16,695,Not in California
Unknown,2021-03-12,38,1100,29,904,4,169,5,27,7,282,31,425,12,707,Not in California
Unknown,2021-03-13,9,1109,0,904,5,174,4,31,1,279,8,433,5,712,Not in California
Unknown,2021-03-14,3,1112,0,904,2,176,1,32,1,279,2,435,2,714,Not in California
Unknown,2021-03-15,17,1129,4,908,11,187,2,34,10,284,7,442,12,726,Not in California
Unknown,2021-03-16,23,1152,3,911,16,203,4,38,15,294,9,451,19,745,Not in California
Unknown,2021-03-17,25,1177,7,918,17,220,1,39,25,318,2,453,26,771,Not in California
Unknown,2021-03-18,22,1199,11,929,11,231,0,39,13,325,6,459,13,784,Not in California
Unknown,2021-03-19,13,1212,7,936,6,237,0,39,11,333,3,462,11,795,Not in California
Unknown,2021-03-20,13,1225,7,943,6,243,0,39,4,332,5,467,4,799,Not in California
Unknown,2021-03-21,7,1232,2,945,5,248,0,39,6,337,1,468,6,805,Not in California
Unknown,2021-03-22,21,1253,6,951,14,262,1,40,9,339,8,476,10,815,Not in California
Unknown,2021-03-23,14,1267,1,952,8,270,5,45,5,340,9,485,10,825,Not in California
Unknown,2021-03-24,12,1279,1,953,11,281,0,45,10,347,3,488,10,835,Not in California
Unknown,2021-03-25,16,1295,6,959,10,291,0,45,13,357,3,491,13,848,Not in California
Unknown,2021-03-26,19,1314,6,965,8,299,5,50,10,364,8,499,15,863,Not in California
Unknown,2021-03-27,22,1336,10,975,9,308,3,53,13,368,12,511,16,879,Not in California
Unknown,2021-03-28,9,1345,3,978,6,314,0,53,7,373,2,513,7,886,Not in California
Unknown,2021-03-29,19,1364,7,985,12,326,0,53,15,384,4,517,15,901,Not in California
Unknown,2021-03-30,15,1379,6,991,9,335,0,53,10,389,5,522,10,911,Not in California
Unknown,2021-03-31,21,1400,11,1002,10,345,0,53,16,399,6,528,16,927,Not in California
Unknown,2021-04-01,14,1414,10,1012,4,349,0,53,11,408,2,530,11,938,Not in California
Unknown,2021-04-02,28,1442,10,1022,9,358,9,62,10,409,18,548,19,957,Not in California
Unknown,2021-04-03,12,1454,3,1025,9,367,0,62,10,413,6,554,10,967,Not in California
Unknown,2021-04-04,9,1463,1,1026,8,375,0,62,7,418,2,556,7,974,Not in California
Unknown,2021-04-05,15,1478,3,1029,11,386,1,63,8,421,6,562,9,983,Not in California
Unknown,2021-04-06,12,1490,6,1035,5,391,1,64,8,425,5,567,9,992,Not in California
Unknown,2021-04-07,24,1514,16,1051,7,398,1,65,16,435,6,573,16,1008,Not in California
Unknown,2021-04-08,24,1538,12,1063,7,405,5,70,13,442,11,584,18,1026,Not in California
Unknown,2021-04-09,17,1555,11,1074,6,411,0,70,14,452,4,588,14,1040,Not in California
Unknown,2021-04-10,5,1560,3,1077,1,412,1,71,2,451,4,592,3,1043,Not in California
Unknown,2021-04-11,7,1567,5,1082,2,414,0,71,3,451,3,595,3,1046,Not in California
Unknown,2021-04-12,17,1584,6,1088,10,424,1,72,7,449,10,605,8,1054,Not in California
Unknown,2021-04-13,22,1606,8,1096,14,438,0,72,9,445,13,618,9,1063,Not in California
Unknown,2021-04-14,19,1625,2,1098,17,455,0,72,3,432,16,634,3,1066,Not in California
Unknown,2021-04-15,19,1644,9,1107,9,464,1,73,9,431,10,644,9,1075,Not in California
Unknown,2021-04-16,15,1659,9,1116,6,470,0,73,8,432,7,651,8,1083,Not in California
Unknown,2021-04-17,14,1673,10,1126,4,474,0,73,5,430,8,659,6,1089,Not in California
Unknown,2021-04-18,11,1684,4,1130,7,481,0,73,5,428,7,666,5,1094,Not in California
Unknown,2021-04-19,13,1697,3,1133,10,491,0,73,3,422,9,675,3,1097,Not in California
Unknown,2021-04-20,12,1709,4,1137,8,499,0,73,1,412,11,686,1,1098,Not in California
Unknown,2021-04-21,26,1735,10,1147,16,515,0,73,9,404,17,703,9,1107,Not in California
Unknown,2021-04-22,12,1747,5,1152,7,522,0,73,2,397,9,712,2,1109,Not in California
Unknown,2021-04-23,19,1766,7,1159,12,534,0,73,10,399,8,720,10,1119,Not in California
Unknown,2021-04-24,24,1790,16,1175,8,542,0,73,14,402,11,731,14,1133,Not in California
Unknown,2021-04-25,12,1802,4,1179,8,550,0,73,6,402,6,737,6,1139,Not in California
Unknown,2021-04-26,18,1820,8,1187,10,560,0,73,7,399,10,747,7,1146,Not in California
Unknown,2021-04-27,23,1843,11,1198,11,571,1,74,8,393,15,762,9,1155,Not in California
Unknown,2021-04-28,20,1863,15,1213,4,575,1,75,5,384,15,777,6,1161,Not in California
Unknown,2021-04-29,23,1886,15,1228,8,583,0,75,12,383,13,790,12,1173,Not in California
Unknown,2021-04-30,18,1904,8,1236,6,589,4,79,10,388,9,799,14,1187,Not in California
Unknown,2021-05-01,20,1924,16,1252,4,593,0,79,9,387,10,809,9,1196,Not in California
Unknown,2021-05-02,11,1935,5,1257,6,599,0,79,3,383,7,816,3,1199,Not in California
Unknown,2021-05-03,16,1951,9,1266,4,603,3,82,6,381,10,826,8,1207,Not in California
Unknown,2021-05-04,14,1965,5,1271,5,608,4,86,2,375,12,838,6,1213,Not in California
Unknown,2021-05-05,13,1978,3,1274,9,617,1,87,8,377,7,845,9,1222,Not in California
Unknown,2021-05-06,24,2002,12,1286,5,622,7,94,6,371,19,864,13,1235,Not in California
Unknown,2021-05-07,22,2024,12,1298,7,629,3,97,10,370,14,878,13,1248,Not in California
Unknown,2021-05-08,11,2035,7,1305,2,631,2,99,8,375,5,883,10,1258,Not in California
Unknown,2021-05-09,15,2050,4,1309,7,638,4,103,7,378,8,891,11,1269,Not in California
Unknown,2021-05-10,8,2058,1,1310,4,642,3,106,2,378,5,896,5,1274,Not in California
Unknown,2021-05-11,9,2067,4,1314,2,644,3,109,6,383,4,900,9,1283,Not in California
Unknown,2021-05-12,9,2076,5,1319,3,647,1,110,6,386,4,904,7,1290,Not in California
Unknown,2021-05-13,12,2088,6,1325,1,648,5,115,7,392,7,911,13,1303,Not in California
Unknown,2021-05-14,13,2101,10,1335,2,650,1,116,12,402,2,913,12,1315,Not in California
Unknown,2021-05-15,9,2110,7,1342,2,652,0,116,7,406,3,916,7,1322,Not in California
Unknown,2021-05-16,17,2127,12,1354,4,656,1,117,13,415,5,921,14,1336,Not in California
Unknown,2021-05-17,15,2142,10,1364,3,659,2,119,6,415,8,929,8,1344,Not in California
Unknown,2021-05-18,22,2164,13,1377,7,666,2,121,15,424,8,937,17,1361,Not in California
Unknown,2021-05-19,26,2190,19,1396,6,672,1,122,14,426,13,950,15,1376,Not in California
Unknown,2021-05-20,16,2206,12,1408,3,675,1,123,11,432,6,956,12,1388,Not in California
Unknown,2021-05-21,19,2225,9,1417,6,681,4,127,12,437,11,967,16,1404,Not in California
Unknown,2021-05-22,19,2244,15,1432,3,684,1,128,10,439,9,976,11,1415,Not in California
Unknown,2021-05-23,9,2253,6,1438,3,687,0,128,6,442,3,979,6,1421,Not in California
Unknown,2021-05-24,9,2262,5,1443,3,690,1,129,4,442,5,984,5,1426,Not in California
Unknown,2021-05-25,16,2278,6,1449,4,694,6,135,8,448,8,992,14,1440,Not in California
Unknown,2021-05-26,8,2286,5,1454,2,696,1,136,6,451,4,996,7,1447,Not in California
Unknown,2021-05-27,16,2302,10,1464,4,700,2,138,8,452,9,1005,10,1457,Not in California
Unknown,2021-05-28,21,2323,11,1475,5,705,5,143,17,465,9,1014,22,1479,Not in California
Unknown,2021-05-29,9,2332,9,1484,0,705,0,143,7,469,3,1017,7,1486,Not in California
Unknown,2021-05-30,5,2337,4,1488,0,705,1,144,3,471,2,1019,4,1490,Not in California
Unknown,2021-05-31,1,2338,1,1489,0,705,0,144,0,470,1,1020,0,1490,Not in California
Unknown,2021-06-01,21,2359,9,1498,6,711,6,150,11,477,10,1030,17,1507,Not in California
Unknown,2021-06-02,7,2366,3,1501,4,715,0,150,3,476,4,1034,3,1510,Not in California
Unknown,2021-06-03,16,2382,16,1517,0,715,0,150,9,478,7,1041,9,1519,Not in California
Unknown,2021-06-04,23,2405,14,1531,9,724,0,150,12,479,11,1052,12,1531,Not in California
Unknown,2021-06-05,11,2416,7,1538,3,727,1,151,7,483,4,1056,8,1539,Not in California
Unknown,2021-06-06,23,2439,15,1553,5,732,3,154,8,479,15,1071,11,1550,Not in California
Unknown,2021-06-07,15,2454,7,1560,7,739,1,155,8,481,7,1078,9,1559,Not in California
Unknown,2021-06-08,15,2469,8,1568,4,743,3,158,4,478,10,1088,7,1566,Not in California
Unknown,2021-06-09,18,2487,11,1579,7,750,0,158,8,476,10,1098,8,1574,Not in California
Unknown,2021-06-10,12,2499,9,1588,3,753,0,158,5,474,7,1105,5,1579,Not in California
Unknown,2021-06-11,5,2504,3,1591,1,754,1,159,3,476,2,1107,4,1583,Not in California
Unknown,2021-06-12,12,2516,8,1599,4,758,0,159,8,480,4,1111,8,1591,Not in California
Unknown,2021-06-13,8,2524,4,1603,4,762,0,159,2,476,6,1117,2,1593,Not in California
Unknown,2021-06-14,145,2669,138,1741,4,766,3,162,136,606,9,1126,139,1732,Not in California
Unknown,2021-06-15,16,2685,9,1750,7,773,0,162,6,602,10,1136,6,1738,Not in California
Unknown,2021-06-16,93,2778,87,1837,4,777,2,164,87,686,5,1141,89,1827,Not in California
Unknown,2021-06-17,242,3020,201,2038,35,812,6,170,223,897,18,1159,229,2056,Not in California
Unknown,2021-06-18,296,3316,225,2263,61,873,10,180,265,1141,31,1190,275,2331,Not in California
Unknown,2021-06-19,203,3519,154,2417,43,916,6,186,183,1310,20,1210,189,2520,Not in California
Unknown,2021-06-20,1,3520,1,2418,0,916,0,186,1,1311,0,1210,1,2521,Not in California
Alameda,2020-12-15,37,37,37,37,0,0,0,0,37,37,0,0,37,37,California
Alameda,2020-12-16,209,246,209,246,0,0,0,0,209,246,0,0,209,246,California
Alameda,2020-12-17,507,753,507,753,0,0,0,0,507,753,0,0,507,753,California
Alameda,2020-12-18,1890,2643,1889,2642,1,1,0,0,1890,2643,0,0,1890,2643,California
Alameda,2020-12-19,1416,4059,1416,4058,0,1,0,0,1416,4059,0,0,1416,4059,California
Alameda,2020-12-20,1168,5227,1167,5225,1,2,0,0,1167,5225,1,1,1167,5226,California
Alameda,2020-12-21,1827,7054,1825,7050,2,4,0,0,1826,7051,0,1,1826,7052,California
Alameda,2020-12-22,2075,9129,2022,9072,53,57,0,0,2074,9124,1,2,2074,9126,California
Alameda,2020-12-23,1900,11029,1647,10719,253,310,0,0,1899,11023,0,2,1899,11025,California
Alameda,2020-12-24,1204,12233,748,11467,456,766,0,0,1204,12227,0,2,1204,12229,California
Alameda,2020-12-25,159,12392,124,11591,35,801,0,0,159,12386,0,2,159,12388,California
Alameda,2020-12-26,847,13239,319,11910,528,1329,0,0,847,13233,0,2,847,13235,California
Alameda,2020-12-27,491,13730,253,12163,238,1567,0,0,491,13724,0,2,491,13726,California
Alameda,2020-12-28,1860,15590,958,13121,902,2469,0,0,1860,15584,0,2,1860,15586,California
Alameda,2020-12-29,2464,18054,1075,14196,1389,3858,0,0,2463,18047,0,2,2463,18049,California
Alameda,2020-12-30,3054,21108,1320,15516,1734,5592,0,0,3054,21101,0,2,3054,21103,California
Alameda,2020-12-31,1786,22894,446,15962,1340,6932,0,0,1784,22884,1,3,1784,22887,California
Alameda,2021-01-01,175,23069,72,16034,103,7035,0,0,173,23055,2,5,173,23060,California
Alameda,2021-01-02,724,23793,523,16557,201,7236,0,0,723,23778,0,5,723,23783,California
Alameda,2021-01-03,328,24121,214,16771,114,7350,0,0,325,24100,3,8,325,24108,California
Alameda,2021-01-04,1602,25723,908,17679,694,8044,0,0,1590,25679,11,19,1590,25698,California
Alameda,2021-01-05,2199,27922,1270,18949,929,8973,0,0,1945,27373,251,270,1945,27643,California
Alameda,2021-01-06,3244,31166,1798,20747,1446,10419,0,0,2371,28876,870,1140,2373,30016,California
Alameda,2021-01-07,3782,34948,2119,22866,1663,12082,0,0,2614,30336,1159,2299,2619,32635,California
Alameda,2021-01-08,4741,39689,2704,25570,2037,14119,0,0,3019,31644,1716,4015,3024,35659,California
Alameda,2021-01-09,2011,41700,1368,26938,643,14762,0,0,1157,31947,854,4869,1157,36816,California
Alameda,2021-01-10,1052,42752,832,27770,220,14982,0,0,424,31743,628,5497,424,37240,California
Alameda,2021-01-11,4640,47392,3511,31281,1129,16111,0,0,2847,32806,1791,7288,2854,40094,California
Alameda,2021-01-12,4838,52230,3258,34539,1580,17691,0,0,3456,34885,1380,8668,3459,43553,California
Alameda,2021-01-13,5003,57233,2644,37183,2359,20050,0,0,3815,37518,1184,9852,3817,47370,California
Alameda,2021-01-14,5630,62863,2790,39973,2840,22890,0,0,4736,41372,885,10737,4739,52109,California
Alameda,2021-01-15,5803,68666,2317,42290,3486,26376,0,0,5026,45636,770,11507,5034,57143,California
Alameda,2021-01-16,2975,71641,1398,43688,1577,27953,0,0,2709,48082,266,11773,2712,59855,California
Alameda,2021-01-17,1864,73505,1084,44772,780,28733,0,0,1659,49537,205,11978,1660,61515,California
Alameda,2021-01-18,3145,76650,2026,46798,1119,29852,0,0,2551,51502,588,12566,2553,64068,California
Alameda,2021-01-19,5482,82132,3299,50097,2183,32035,0,0,4290,54604,1190,13756,4292,68360,California
Alameda,2021-01-20,6743,88875,4080,54177,2663,34698,0,0,5454,58786,1276,15032,5458,73818,California
Alameda,2021-01-21,7793,96668,3430,57607,4363,39061,0,0,6949,64903,837,15869,6954,80772,California
Alameda,2021-01-22,6804,103472,2015,59622,4789,43850,0,0,5668,69445,1127,16996,5669,86441,California
Alameda,2021-01-23,3253,106725,946,60568,2307,46157,0,0,2707,71608,545,17541,2708,89149,California
Alameda,2021-01-24,2012,108737,656,61224,1356,47513,0,0,1742,73083,267,17808,1742,90891,California
Alameda,2021-01-25,5143,113880,1972,63196,3171,50684,0,0,3585,75119,1550,19358,3586,94477,California
Alameda,2021-01-26,7296,121176,2306,65502,4990,55674,0,0,5414,78660,1874,21232,5415,99892,California
Alameda,2021-01-27,6675,127851,2055,67557,4620,60294,0,0,4833,81663,1830,23062,4833,104725,California
Alameda,2021-01-28,7837,135688,2552,70109,5285,65579,0,0,5614,85071,2207,25269,5615,110340,California
Alameda,2021-01-29,7972,143660,3188,73297,4784,70363,0,0,6139,89389,1823,27092,6141,116481,California
Alameda,2021-01-30,3421,147081,1686,74983,1735,72098,0,0,2709,91392,706,27798,2709,119190,California
Alameda,2021-01-31,1913,148994,941,75924,972,73070,0,0,1675,92832,235,28033,1675,120865,California
Alameda,2021-02-01,6457,155451,3876,79800,2581,75651,0,0,4325,95036,2123,30156,4327,125192,California
Alameda,2021-02-02,6997,162448,3772,83572,3225,78876,0,0,4665,97377,2325,32481,4666,129858,California
Alameda,2021-02-03,6996,169444,3697,87269,3299,82175,0,0,4318,99032,2672,35153,4327,134185,California
Alameda,2021-02-04,9396,178840,4103,91372,5293,87468,0,0,6295,102244,3088,38241,6300,140485,California
Alameda,2021-02-05,10204,189044,5323,96695,4881,92349,0,0,6338,104729,3860,42101,6345,146830,California
Alameda,2021-02-06,6917,195961,4399,101094,2518,94867,0,0,5788,109388,1129,43230,5788,152618,California
Alameda,2021-02-07,3574,199535,2888,103982,686,95553,0,0,2631,111080,940,44170,2632,155250,California
Alameda,2021-02-08,8058,207593,5775,109757,2283,97836,0,0,5508,114050,2540,46710,5510,160760,California
Alameda,2021-02-09,9598,217191,5770,115527,3828,101664,0,0,5977,116418,3611,50321,5979,166739,California
Alameda,2021-02-10,11405,228596,6740,122267,4665,106329,0,0,6516,118066,4876,55197,6524,173263,California
Alameda,2021-02-11,13897,242493,8011,130278,5886,112215,0,0,8339,120870,5538,60735,8342,181605,California
Alameda,2021-02-12,12442,254935,5668,135946,6774,118989,0,0,7717,123881,4709,65444,7720,189325,California
Alameda,2021-02-13,7745,262680,4049,139995,3696,122685,0,0,5798,127738,1943,67387,5800,195125,California
Alameda,2021-02-14,4019,266699,2537,142532,1482,124167,0,0,2845,129416,1170,68557,2848,197973,California
Alameda,2021-02-15,5629,272328,3179,145711,2450,126617,0,0,3666,131123,1961,70518,3668,201641,California
Alameda,2021-02-16,12463,284791,6954,152665,5509,132126,0,0,9270,137220,3182,73700,9279,210920,California
Alameda,2021-02-17,14058,298849,8362,161027,5696,137822,0,0,10437,144055,3604,77304,10439,221359,California
Alameda,2021-02-18,15815,314664,10063,171090,5752,143574,0,0,11502,151261,4302,81606,11508,232867,California
Alameda,2021-02-19,17803,332467,11559,182649,6244,149818,0,0,11766,157017,6015,87621,11771,244638,California
Alameda,2021-02-20,11966,344433,9683,192332,2283,152101,0,0,9207,163476,2754,90375,9213,253851,California
Alameda,2021-02-21,7783,352216,6837,199169,946,153047,0,0,5285,166276,2486,92861,5286,259137,California
Alameda,2021-02-22,10902,363118,8042,207211,2860,155907,0,0,6860,169117,4028,96889,6869,266006,California
Alameda,2021-02-23,12923,376041,7882,215093,5041,160948,0,0,8054,172318,4859,101748,8060,274066,California
Alameda,2021-02-24,14760,390801,8280,223373,6480,167428,0,0,9556,176739,5141,106889,9562,283628,California
Alameda,2021-02-25,15917,406718,9229,232602,6688,174116,0,0,10068,181000,5817,112706,10078,293706,California
Alameda,2021-02-26,18546,425264,10800,243402,7746,181862,0,0,11783,186073,6716,119422,11789,305495,California
Alameda,2021-02-27,15096,440360,11147,254549,3947,185809,2,2,9342,189689,5731,125153,9347,314842,California
Alameda,2021-02-28,10063,450423,8393,262942,1669,187478,1,3,6504,192664,3531,128684,6506,321348,California
Alameda,2021-03-01,14009,464432,9680,272622,4318,191796,11,14,8556,195836,5404,134088,8576,329924,California
Alameda,2021-03-02,14940,479372,10761,283383,4178,195974,1,15,9786,200498,5133,139221,9795,339719,California
Alameda,2021-03-03,15723,495095,10307,293690,5413,201387,3,18,10772,206353,4925,144146,10780,350499,California
Alameda,2021-03-04,17344,512439,11163,304853,6179,207566,2,20,10954,210955,6354,150500,10956,361455,California
Alameda,2021-03-05,16151,528590,10614,315467,5527,213093,10,30,10923,216712,5184,155684,10941,372396,California
Alameda,2021-03-06,14496,543086,10252,325719,3978,217071,266,296,9612,221753,4837,160521,9878,382274,California
Alameda,2021-03-07,9746,552832,8515,334234,1147,218218,84,380,6963,226046,2756,163277,7049,389323,California
Alameda,2021-03-08,11896,564728,7442,341676,4077,222295,377,757,8896,232367,2950,166227,9271,398594,California
Alameda,2021-03-09,14622,579350,10301,351977,3892,226187,429,1186,7977,234161,6613,172840,8407,407001,California
Alameda,2021-03-10,17377,596727,12069,364046,4760,230947,548,1734,7833,233023,9515,182355,8377,415378,California
Alameda,2021-03-11,19684,616411,11558,375604,6422,237369,1704,3438,6666,228396,12988,195343,8361,423739,California
Alameda,2021-03-12,21283,637694,12499,388103,7087,244456,1697,5135,7315,223458,13938,209281,9000,432739,California
Alameda,2021-03-13,15994,653688,10287,398390,4706,249162,1001,6136,5035,218563,10924,220205,6029,438768,California
Alameda,2021-03-14,10848,664536,8009,406399,2060,251222,779,6915,3280,215067,7546,227751,4050,442818,California
Alameda,2021-03-15,14389,678925,9423,415822,4442,255664,524,7439,6192,213614,8166,235917,6713,449531,California
Alameda,2021-03-16,17130,696055,11148,426970,5448,261112,534,7973,7302,211674,9777,245694,7837,457368,California
Alameda,2021-03-17,17496,713551,9914,436884,6856,267968,726,8699,8102,211155,9345,255039,8826,466194,California
Alameda,2021-03-18,19107,732658,10419,447303,7799,275767,889,9588,8603,210179,10472,265511,9496,475690,California
Alameda,2021-03-19,19326,751984,10600,457903,6941,282708,1785,11373,7534,207745,11742,277253,9308,484998,California
Alameda,2021-03-20,15745,767729,10321,468224,4569,287277,855,12228,6298,205478,9414,286667,7147,492145,California
Alameda,2021-03-21,9180,776909,7214,475438,1410,288687,556,12784,3365,203595,5804,292471,3921,496066,California
Alameda,2021-03-22,14993,791902,10104,485542,3880,292567,1009,13793,6771,203175,8192,300663,7772,503838,California
Alameda,2021-03-23,19222,811124,11660,497202,6747,299314,815,14608,9718,204260,9452,310115,10537,514375,California
Alameda,2021-03-24,19232,830356,11651,508853,6557,305871,1024,15632,8376,202859,10791,320906,9390,523765,California
Alameda,2021-03-25,20492,850848,11367,520220,7714,313585,1411,17043,9333,202504,11088,331994,10733,534498,California
Alameda,2021-03-26,20900,871748,12603,532823,6729,320314,1568,18611,8385,199977,12466,344460,9939,544437,California
Alameda,2021-03-27,18310,890058,12492,545315,4865,325179,953,19564,7490,197636,10771,355231,8430,552867,California
Alameda,2021-03-28,10652,900710,8694,554009,1755,326934,203,19767,3439,194085,7196,362427,3645,556512,California
Alameda,2021-03-29,14667,915377,9398,563407,4274,331208,995,20762,5807,192064,8821,371248,6800,563312,California
Alameda,2021-03-30,18537,933914,9797,573204,7018,338226,1722,22484,9235,193745,9265,380513,10946,574258,California
Alameda,2021-03-31,19298,953212,10149,583353,7041,345267,2108,24592,8947,194467,10320,390833,11042,585300,California
Alameda,2021-04-01,23268,976480,9946,593299,7633,352900,5689,30281,10978,198869,12235,403068,16637,601937,California
Alameda,2021-04-02,24016,1000496,9833,603132,8300,361200,5883,36164,11586,203911,12393,415461,17435,619372,California
Alameda,2021-04-03,20287,1020783,9772,612904,5655,366855,4860,41024,10240,208980,10021,425482,15090,634462,California
Alameda,2021-04-04,9930,1030713,3979,616883,2251,369106,3700,44724,3446,209656,6465,431947,7141,641603,California
Alameda,2021-04-05,17789,1048502,7486,624369,5484,374590,4819,49543,7244,211196,10520,442467,12060,653663,California
Alameda,2021-04-06,22144,1070646,10619,634988,5649,380239,5876,55419,10034,215008,12073,454540,15885,669548,California
Alameda,2021-04-07,22522,1093168,11538,646526,5504,385743,5480,60899,11392,220778,11086,465626,16856,686404,California
Alameda,2021-04-08,25512,1118680,11479,658005,6013,391756,8020,68919,10893,225129,14537,480163,18888,705292,California
Alameda,2021-04-09,23349,1142029,10636,668641,7469,399225,5244,74163,12043,231143,11269,491432,17283,722575,California
Alameda,2021-04-10,19300,1161329,7492,676133,5641,404866,6167,80330,8262,234540,11012,502444,14409,736984,California
Alameda,2021-04-11,11022,1172351,4834,680967,2229,407095,3959,84289,4517,236515,6486,508930,8461,745445,California
Alameda,2021-04-12,18126,1190477,11806,692773,4347,411442,1973,86262,10300,240993,7789,516719,12267,757712,California
Alameda,2021-04-13,23137,1213614,14724,707497,8353,419795,60,86322,17125,252232,5958,522677,17197,774909,California
Alameda,2021-04-14,23265,1236879,15307,722804,7956,427751,2,86324,15708,260435,7515,530192,15718,790627,California
Alameda,2021-04-15,24210,1261089,15467,738271,8739,436490,4,86328,16162,268628,7983,538175,16176,806803,California
Alameda,2021-04-16,24552,1285641,14475,752746,10071,446561,6,86334,15883,275943,8609,546784,15924,822727,California
Alameda,2021-04-17,21009,1306650,14533,767279,6474,453035,2,86336,14571,284135,6398,553182,14590,837317,California
Alameda,2021-04-18,10060,1316710,7732,775011,2328,455363,0,86336,6999,288113,3032,556214,7010,844327,California
Alameda,2021-04-19,15684,1332394,9758,784769,5925,461288,1,86337,9146,290779,6497,562711,9163,853490,California
Alameda,2021-04-20,18171,1350565,11119,795888,7050,468338,2,86339,10035,292766,8087,570798,10074,863564,California
Alameda,2021-04-21,19107,1369672,11168,807056,7928,476266,11,86350,11210,296167,7841,578639,11242,874806,California
Alameda,2021-04-22,21364,1391036,13746,820802,7613,483879,5,86355,11415,297714,9896,588535,11443,886249,California
Alameda,2021-04-23,21758,1412794,14050,834852,7704,491583,4,86359,12261,300568,9439,597974,12293,898542,California
Alameda,2021-04-24,18925,1431719,14380,849232,4537,496120,8,86367,10055,301814,8828,606802,10074,908616,California
Alameda,2021-04-25,8979,1440698,6993,856225,1985,498105,1,86368,5892,304656,3061,609863,5903,914519,California
Alameda,2021-04-26,14394,1455092,9969,866194,4399,502504,26,86394,8978,308287,5383,615246,9014,923533,California
Alameda,2021-04-27,16247,1471339,9616,875810,6263,508767,368,86762,7711,307905,8483,623729,8101,931634,California
Alameda,2021-04-28,16402,1487741,10361,886171,5575,514342,466,87228,6671,305356,9698,633427,7149,938783,California
Alameda,2021-04-29,17140,1504881,10256,896427,6552,520894,332,87560,6397,301416,10690,644117,6750,945533,California
Alameda,2021-04-30,19985,1524866,12510,908937,7134,528028,341,87901,8281,298456,11621,655738,8661,954194,California
Alameda,2021-05-01,13961,1538827,9345,918282,4409,532437,207,88108,5236,295239,8688,664426,5471,959665,California
Alameda,2021-05-02,7062,1545889,4930,923212,1962,534399,170,88278,2880,294129,4163,668589,3053,962718,California
Alameda,2021-05-03,14556,1560445,10958,934170,3279,537678,319,88597,2844,285669,11653,680242,3193,965911,California
Alameda,2021-05-04,18378,1578823,13195,947365,4819,542497,364,88961,3681,275117,14631,694873,4079,969990,California
Alameda,2021-05-05,18338,1597161,13337,960702,4492,546989,509,89470,3717,264799,14559,709432,4241,974231,California
Alameda,2021-05-06,18685,1615846,14118,974820,3872,550861,695,90165,3679,254257,14931,724363,4389,978620,California
Alameda,2021-05-07,19176,1635022,12884,987704,5879,556740,413,90578,4392,244366,14712,739075,4821,983441,California
Alameda,2021-05-08,16472,1651494,11268,998972,4993,561733,211,90789,3104,234370,13327,752402,3331,986772,California
Alameda,2021-05-09,8526,1660020,6983,1005955,1400,563133,143,90932,1439,228891,7065,759467,1586,988358,California
Alameda,2021-05-10,10121,1670141,6932,1012887,2866,565999,323,91255,2520,224176,7568,767035,2853,991211,California
Alameda,2021-05-11,15228,1685369,8197,1021084,6717,572716,314,91569,2808,214963,12371,779406,3158,994369,California
Alameda,2021-05-12,13326,1698695,8867,1029951,4017,576733,442,92011,2980,208119,10299,789705,3455,997824,California
Alameda,2021-05-13,17666,1716361,12676,1042627,4446,581179,544,92555,5660,202402,11958,801663,6241,1004065,California
Alameda,2021-05-14,20483,1736844,13878,1056505,6140,587319,465,93020,7044,196562,13362,815025,7522,1011587,California
Alameda,2021-05-15,17042,1753886,12387,1068892,4426,591745,229,93249,5749,191298,11246,826271,5982,1017569,California
Alameda,2021-05-16,8408,1762294,7189,1076081,1127,592872,92,93341,2800,188619,5576,831847,2897,1020466,California
Alameda,2021-05-17,13412,1775706,9996,1086077,2889,595761,527,93868,4203,184194,9170,841017,4745,1025211,California
Alameda,2021-05-18,14171,1789877,10314,1096391,3436,599197,421,94289,5025,180539,9103,850120,5448,1030659,California
Alameda,2021-05-19,14436,1804313,9904,1106295,4199,603396,333,94622,6008,178504,8377,858497,6342,1037001,California
Alameda,2021-05-20,13226,1817539,8714,1115009,3977,607373,535,95157,5816,177496,7360,865857,6352,1043353,California
Alameda,2021-05-21,15248,1832787,10019,1125028,4959,612332,270,95427,5187,172965,9994,875851,5463,1048816,California
Alameda,2021-05-22,10245,1843032,7405,1132433,2674,615006,166,95593,4136,171192,6078,881929,4305,1053121,California
Alameda,2021-05-23,4924,1847956,3746,1136179,1089,616095,89,95682,1608,169598,3296,885225,1702,1054823,California
Alameda,2021-05-24,6951,1854907,3942,1140121,2756,618851,253,95935,2644,168234,4266,889491,2902,1057725,California
Alameda,2021-05-25,7982,1862889,5163,1145284,2564,621415,255,96190,3590,167716,4359,893850,3841,1061566,California
Alameda,2021-05-26,8242,1871131,5156,1150440,2788,624203,298,96488,3631,167053,4587,898437,3924,1065490,California
Alameda,2021-05-27,8115,1879246,4873,1155313,2874,627077,368,96856,3426,166196,4646,903083,3789,1069279,California
Alameda,2021-05-28,8587,1887833,5023,1160336,3339,630416,225,97081,3653,165167,4909,907992,3880,1073159,California
Alameda,2021-05-29,4902,1892735,2948,1163284,1767,632183,187,97268,2537,165548,2345,910337,2726,1075885,California
Alameda,2021-05-30,2432,1895167,1591,1164875,752,632935,89,97357,974,165161,1450,911787,1063,1076948,California
Alameda,2021-05-31,1154,1896321,854,1165729,245,633180,55,97412,345,164767,794,912581,400,1077348,California
Alameda,2021-06-01,7100,1903421,4977,1170706,1880,635060,243,97655,3092,164121,3981,916562,3335,1080683,California
Alameda,2021-06-02,5796,1909217,3607,1174313,1966,637026,223,97878,2250,163072,3515,920077,2466,1083149,California
Alameda,2021-06-03,8446,1917663,6376,1180689,1789,638815,281,98159,2938,160816,5471,925548,3215,1086364,California
Alameda,2021-06-04,10409,1928072,7661,1188350,2506,641321,242,98401,2962,156615,7406,932954,3205,1089569,California
Alameda,2021-06-05,8028,1936100,5822,1194172,2043,643364,163,98564,1907,152596,6087,939041,2068,1091637,California
Alameda,2021-06-06,3626,1939726,3270,1197442,275,643639,81,98645,1083,151225,2535,941576,1164,1092801,California
Alameda,2021-06-07,5792,1945518,4230,1201672,1387,645026,175,98820,1786,149203,3984,945560,1962,1094763,California
Alameda,2021-06-08,7239,1952757,5780,1207452,1215,646241,244,99064,2129,146490,5085,950645,2372,1097135,California
Alameda,2021-06-09,7267,1960024,5941,1213393,1131,647372,195,99259,1700,142837,5544,956189,1891,1099026,California
Alameda,2021-06-10,7975,1967999,6674,1220067,998,648370,303,99562,2152,139490,5799,961988,2452,1101478,California
Alameda,2021-06-11,8030,1976029,6148,1226215,1659,650029,223,99785,2474,136662,5529,967517,2701,1104179,California
Alameda,2021-06-12,5477,1981506,4195,1230410,1095,651124,187,99972,1366,134133,4086,971603,1557,1105736,California
Alameda,2021-06-13,2232,1983738,1687,1232097,423,651547,122,100094,633,133298,1588,973191,753,1106489,California
Alameda,2021-06-14,4530,1988268,3405,1235502,916,652463,209,100303,1672,132339,2839,976030,1880,1108369,California
Alameda,2021-06-15,6003,1994271,4358,1239860,1364,653827,281,100584,1801,130255,4166,980196,2082,1110451,California
Alameda,2021-06-16,5139,1999410,4105,1243965,831,654658,203,100787,1527,128387,3595,983791,1727,1112178,California
Alameda,2021-06-17,5523,2004933,4469,1248434,833,655491,221,101008,1806,126725,3689,987480,2027,1114205,California
Alameda,2021-06-18,5885,2010818,4437,1252871,1198,656689,250,101258,1959,125032,3900,991380,2207,1116412,California
Alameda,2021-06-19,3399,2014217,2579,1255450,664,657353,156,101414,1041,123884,2344,993724,1196,1117608,California
Alameda,2021-06-20,449,2014666,337,1255787,80,657433,32,101446,183,123833,266,993990,215,1117823,California
Alpine,2020-12-18,2,2,2,2,0,0,0,0,2,2,0,0,2,2,California
Alpine,2020-12-19,2,4,2,4,0,0,0,0,2,4,0,0,2,4,California
Alpine,2020-12-21,1,5,1,5,0,0,0,0,1,5,0,0,1,5,California
Alpine,2020-12-30,14,19,0,5,14,14,0,0,14,19,0,0,14,19,California
Alpine,2020-12-31,1,20,0,5,1,15,0,0,1,20,0,0,1,20,California
Alpine,2021-01-01,1,21,0,5,1,16,0,0,1,21,0,0,1,21,California
Alpine,2021-01-02,1,22,1,6,0,16,0,0,1,22,0,0,1,22,California
Alpine,2021-01-04,10,32,0,6,10,26,0,0,10,32,0,0,10,32,California
Alpine,2021-01-05,8,40,0,6,8,34,0,0,8,40,0,0,8,40,California
Alpine,2021-01-06,31,71,0,6,31,65,0,0,31,71,0,0,31,71,California
Alpine,2021-01-07,8,79,0,6,8,73,0,0,8,79,0,0,8,79,California
Alpine,2021-01-08,4,83,2,8,2,75,0,0,2,79,2,2,2,81,California
Alpine,2021-01-09,2,85,2,10,0,75,0,0,0,77,2,4,0,81,California
Alpine,2021-01-11,32,117,1,11,31,106,0,0,31,107,1,5,31,112,California
Alpine,2021-01-13,35,152,0,11,35,141,0,0,35,142,0,5,35,147,California
Alpine,2021-01-14,1,153,0,11,1,142,0,0,1,143,0,5,1,148,California
Alpine,2021-01-15,1,154,0,11,1,143,0,0,1,144,0,5,1,149,California
Alpine,2021-01-20,21,175,0,11,21,164,0,0,21,165,0,5,21,170,California
Alpine,2021-01-21,1,176,0,11,1,165,0,0,1,166,0,5,1,171,California
Alpine,2021-01-22,33,209,0,11,33,198,0,0,33,199,0,5,33,204,California
Alpine,2021-01-23,1,210,1,12,0,198,0,0,0,198,1,6,0,204,California
Alpine,2021-01-25,16,226,0,12,16,214,0,0,16,214,0,6,16,220,California
Alpine,2021-01-28,1,227,0,12,1,215,0,0,0,213,1,7,0,220,California
Alpine,2021-01-29,1,228,0,12,1,216,0,0,1,214,0,7,1,221,California
Alpine,2021-02-01,25,253,0,12,25,241,0,0,7,203,18,25,7,228,California
Alpine,2021-02-03,34,287,0,12,34,275,0,0,10,189,24,49,10,238,California
Alpine,2021-02-04,8,295,0,12,8,283,0,0,3,187,5,54,3,241,California
Alpine,2021-02-05,31,326,0,12,31,314,0,0,12,180,19,73,12,253,California
Alpine,2021-02-08,32,358,0,12,32,346,0,0,4,156,28,101,4,257,California
Alpine,2021-02-10,34,392,0,12,34,380,0,0,0,122,34,135,0,257,California
Alpine,2021-02-11,6,398,0,12,6,386,0,0,3,122,3,138,3,260,California
Alpine,2021-02-12,1,399,0,12,1,387,0,0,0,121,1,139,0,260,California
Alpine,2021-02-17,23,422,0,12,23,410,0,0,3,104,20,159,3,263,California
Alpine,2021-02-18,2,424,0,12,2,412,0,0,1,104,1,160,1,264,California
Alpine,2021-02-19,34,458,1,13,33,445,0,0,2,74,32,192,2,266,California
Alpine,2021-02-22,27,485,0,13,27,472,0,0,8,63,19,211,8,274,California
Alpine,2021-02-25,5,490,0,13,5,477,0,0,5,68,0,211,5,279,California
Alpine,2021-02-26,30,520,1,14,29,506,0,0,29,96,1,212,29,308,California
Alpine,2021-02-27,1,521,0,14,1,507,0,0,1,97,0,212,1,309,California
Alpine,2021-03-01,36,557,0,14,36,543,0,0,26,113,10,222,26,335,California
Alpine,2021-03-03,29,586,0,14,29,572,0,0,18,120,11,233,18,353,California
Alpine,2021-03-04,11,597,1,15,10,582,0,0,11,131,0,233,11,364,California
Alpine,2021-03-05,30,627,0,15,30,612,0,0,22,145,8,241,22,386,California
Alpine,2021-03-08,31,658,0,15,31,643,0,0,29,172,2,243,29,415,California
Alpine,2021-03-10,73,731,0,15,73,716,0,0,73,245,0,243,73,488,California
Alpine,2021-03-11,35,766,0,15,35,751,0,0,31,272,4,247,31,519,California
Alpine,2021-03-12,19,785,0,15,19,770,0,0,17,287,2,249,17,536,California
Alpine,2021-03-15,20,805,0,15,20,790,0,0,19,305,1,250,19,555,California
Alpine,2021-03-17,23,828,0,15,22,812,1,1,19,321,4,254,20,575,California
Alpine,2021-03-18,35,863,0,15,35,847,0,1,34,354,1,255,34,609,California
Alpine,2021-03-19,2,865,1,16,1,848,0,1,1,354,1,256,1,610,California
Alpine,2021-03-22,24,889,0,16,24,872,0,1,15,360,9,265,15,625,California
Alpine,2021-03-24,19,908,0,16,19,891,0,1,8,357,11,276,8,633,California
Alpine,2021-03-25,35,943,1,17,33,924,1,2,27,378,7,283,28,661,California
Alpine,2021-03-27,1,944,0,17,1,925,0,2,0,377,1,284,0,661,California
Alpine,2021-03-28,1,945,1,18,0,925,0,2,1,378,0,284,1,662,California
Alpine,2021-03-29,19,964,0,18,18,943,1,3,2,364,17,301,3,665,California
Alpine,2021-04-01,18,982,0,18,18,961,0,3,8,362,10,311,8,673,California
Alpine,2021-04-02,100,1082,0,18,100,1061,0,3,45,353,54,365,45,718,California
Alpine,2021-04-05,3,1085,0,18,3,1064,0,3,0,350,3,368,0,718,California
Alpine,2021-04-06,2,1087,1,19,1,1065,0,3,1,350,1,369,1,719,California
Alpine,2021-04-07,117,1204,0,19,116,1181,1,4,30,295,86,455,31,750,California
Alpine,2021-04-08,35,1239,0,19,35,1216,0,4,10,280,25,480,10,760,California
Alpine,2021-04-09,2,1241,0,19,2,1218,0,4,2,282,0,480,2,762,California
Alpine,2021-04-14,47,1288,0,19,47,1265,0,4,10,255,37,517,10,772,California
Alpine,2021-04-15,35,1323,0,19,35,1300,0,4,3,226,32,549,3,775,California
Alpine,2021-04-19,1,1324,0,19,1,1301,0,4,1,227,0,549,1,776,California
Alpine,2021-04-21,31,1355,0,19,31,1332,0,4,15,226,16,565,15,791,California
Alpine,2021-04-22,24,1379,0,19,24,1356,0,4,1,204,23,588,1,792,California
Alpine,2021-04-25,1,1380,1,20,0,1356,0,4,0,203,1,589,0,792,California
Alpine,2021-04-27,1,1381,0,20,1,1357,0,4,1,204,0,589,1,793,California
Alpine,2021-04-28,36,1417,0,20,36,1393,0,4,6,180,30,619,6,799,California
Alpine,2021-04-29,6,1423,0,20,6,1399,0,4,0,174,6,625,0,799,California
Alpine,2021-04-30,2,1425,1,21,0,1399,1,5,1,175,1,626,2,801,California
Alpine,2021-05-02,1,1426,0,21,0,1399,1,6,0,175,1,627,1,802,California
Alpine,2021-05-05,17,1443,0,21,17,1416,0,6,4,166,13,640,4,806,California
Alpine,2021-05-06,8,1451,0,21,8,1424,0,6,0,158,8,648,0,806,California
Alpine,2021-05-07,1,1452,0,21,1,1425,0,6,0,157,1,649,0,806,California
Alpine,2021-05-10,1,1453,0,21,1,1426,0,6,1,158,0,649,1,807,California
Alpine,2021-05-12,1,1454,0,21,0,1426,1,7,0,158,1,650,1,808,California
Alpine,2021-05-13,3,1457,0,21,3,1429,0,7,0,155,3,653,0,808,California
Alpine,2021-05-17,2,1459,0,21,2,1431,0,7,1,155,1,654,1,809,California
Alpine,2021-05-18,1,1460,0,21,1,1432,0,7,1,156,0,654,1,810,California
Alpine,2021-05-19,15,1475,0,21,15,1447,0,7,0,141,15,669,0,810,California
Alpine,2021-05-21,1,1476,1,22,0,1447,0,7,0,140,1,670,0,810,California
Alpine,2021-05-25,1,1477,0,22,1,1448,0,7,0,139,1,671,0,810,California
Alpine,2021-05-27,1,1478,0,22,1,1449,0,7,1,140,0,671,1,811,California
Alpine,2021-05-28,2,1480,1,23,1,1450,0,7,2,142,0,671,2,813,California
Alpine,2021-05-29,1,1481,0,23,1,1451,0,7,1,143,0,671,1,814,California
Alpine,2021-06-02,8,1489,0,23,8,1459,0,7,1,137,7,678,1,815,California
Alpine,2021-06-04,1,1490,0,23,1,1460,0,7,1,138,0,678,1,816,California
Alpine,2021-06-07,1,1491,0,23,1,1461,0,7,0,137,1,679,0,816,California
Alpine,2021-06-10,1,1492,1,24,0,1461,0,7,1,138,0,679,1,817,California
Alpine,2021-06-15,1,1493,0,24,1,1462,0,7,0,137,1,680,0,817,California
Alpine,2021-06-18,1,1494,1,25,0,1462,0,7,0,136,1,681,0,817,California
Amador,2020-12-16,2,2,2,2,0,0,0,0,2,2,0,0,2,2,California
Amador,2020-12-17,5,7,5,7,0,0,0,0,5,7,0,0,5,7,California
Amador,2020-12-18,45,52,45,52,0,0,0,0,45,52,0,0,45,52,California
Amador,2020-12-19,16,68,16,68,0,0,0,0,16,68,0,0,16,68,California
Amador,2020-12-20,4,72,4,72,0,0,0,0,4,72,0,0,4,72,California
Amador,2020-12-21,30,102,30,102,0,0,0,0,30,102,0,0,30,102,California
Amador,2020-12-22,35,137,34,136,1,1,0,0,35,137,0,0,35,137,California
Amador,2020-12-23,40,177,39,175,1,2,0,0,40,177,0,0,40,177,California
Amador,2020-12-24,5,182,3,178,2,4,0,0,5,182,0,0,5,182,California
Amador,2020-12-26,5,187,4,182,1,5,0,0,5,187,0,0,5,187,California
Amador,2020-12-27,1,188,0,182,1,6,0,0,1,188,0,0,1,188,California
Amador,2020-12-28,31,219,27,209,4,10,0,0,31,219,0,0,31,219,California
Amador,2020-12-29,25,244,18,227,7,17,0,0,25,244,0,0,25,244,California
Amador,2020-12-30,122,366,76,303,46,63,0,0,122,366,0,0,122,366,California
Amador,2020-12-31,194,560,168,471,26,89,0,0,194,560,0,0,194,560,California
Amador,2021-01-01,2,562,0,471,2,91,0,0,2,562,0,0,2,562,California
Amador,2021-01-02,57,619,57,528,0,91,0,0,57,619,0,0,57,619,California
Amador,2021-01-03,66,685,17,545,49,140,0,0,66,685,0,0,66,685,California
Amador,2021-01-04,124,809,1,546,123,263,0,0,124,809,0,0,124,809,California
Amador,2021-01-05,34,843,3,549,31,294,0,0,32,840,2,2,33,842,California
Amador,2021-01-06,40,883,11,560,29,323,0,0,36,872,4,6,36,878,California
Amador,2021-01-07,228,1111,68,628,160,483,0,0,217,1078,11,17,217,1095,California
Amador,2021-01-08,85,1196,70,698,15,498,0,0,41,1076,44,61,42,1137,California
Amador,2021-01-09,11,1207,11,709,0,498,0,0,2,1069,9,70,2,1139,California
Amador,2021-01-10,6,1213,4,713,2,500,0,0,2,1067,4,74,2,1141,California
Amador,2021-01-11,124,1337,43,756,81,581,0,0,88,1120,36,110,89,1230,California
Amador,2021-01-12,66,1403,50,806,16,597,0,0,42,1138,24,134,42,1272,California
Amador,2021-01-13,40,1443,24,830,16,613,0,0,28,1154,12,146,28,1300,California
Amador,2021-01-14,149,1592,22,852,127,740,0,0,139,1284,10,156,140,1440,California
Amador,2021-01-15,61,1653,26,878,35,775,0,0,52,1327,9,165,52,1492,California
Amador,2021-01-16,17,1670,11,889,6,781,0,0,11,1333,6,171,12,1504,California
Amador,2021-01-17,26,1696,5,894,21,802,0,0,26,1359,0,171,26,1530,California
Amador,2021-01-18,30,1726,26,920,4,806,0,0,9,1347,21,192,9,1539,California
Amador,2021-01-19,124,1850,99,1019,25,831,0,0,81,1385,43,235,81,1620,California
Amador,2021-01-20,179,2029,30,1049,149,980,0,0,165,1537,13,248,165,1785,California
Amador,2021-01-21,258,2287,229,1278,29,1009,0,0,147,1574,111,359,148,1933,California
Amador,2021-01-22,135,2422,73,1351,62,1071,0,0,128,1695,7,366,128,2061,California
Amador,2021-01-23,54,2476,32,1383,22,1093,0,0,51,1743,3,369,51,2112,California
Amador,2021-01-24,28,2504,12,1395,16,1109,0,0,25,1765,3,372,25,2137,California
Amador,2021-01-25,59,2563,29,1424,30,1139,0,0,41,1788,18,390,41,2178,California
Amador,2021-01-26,242,2805,16,1440,226,1365,0,0,232,2010,10,400,232,2410,California
Amador,2021-01-27,301,3106,33,1473,268,1633,0,0,254,2220,45,445,255,2665,California
Amador,2021-01-28,369,3475,97,1570,272,1905,0,0,288,2428,81,526,289,2954,California
Amador,2021-01-29,99,3574,33,1603,66,1971,0,0,84,2497,15,541,84,3038,California
Amador,2021-01-30,168,3742,36,1639,132,2103,0,0,163,2655,5,546,163,3201,California
Amador,2021-01-31,33,3775,28,1667,5,2108,0,0,32,2686,1,547,32,3233,California
Amador,2021-02-01,67,3842,24,1691,43,2151,0,0,40,2699,27,574,40,3273,California
Amador,2021-02-02,213,4055,64,1755,149,2300,0,0,126,2741,84,658,126,3399,California
Amador,2021-02-03,140,4195,38,1793,102,2402,0,0,88,2779,51,709,89,3488,California
Amador,2021-02-04,249,4444,74,1867,175,2577,0,0,163,2858,86,795,165,3653,California
Amador,2021-02-05,334,4778,63,1930,271,2848,0,0,317,3158,17,812,317,3970,California
Amador,2021-02-06,98,4876,80,2010,18,2866,0,0,94,3248,4,816,94,4064,California
Amador,2021-02-07,39,4915,35,2045,4,2870,0,0,35,3280,4,820,36,4100,California
Amador,2021-02-08,91,5006,63,2108,28,2898,0,0,74,3337,17,837,74,4174,California
Amador,2021-02-09,173,5179,80,2188,93,2991,0,0,106,3376,67,904,106,4280,California
Amador,2021-02-10,980,6159,80,2268,900,3891,0,0,947,4290,33,937,947,5227,California
Amador,2021-02-11,306,6465,118,2386,188,4079,0,0,196,4378,108,1045,196,5423,California
Amador,2021-02-12,328,6793,120,2506,208,4287,0,0,255,4560,73,1118,255,5678,California
Amador,2021-02-13,164,6957,79,2585,85,4372,0,0,141,4678,23,1141,141,5819,California
Amador,2021-02-14,123,7080,54,2639,69,4441,0,0,105,4765,18,1159,105,5924,California
Amador,2021-02-15,188,7268,60,2699,128,4569,0,0,171,4920,16,1175,171,6095,California
Amador,2021-02-16,465,7733,52,2751,413,4982,0,0,426,5308,39,1214,427,6522,California
Amador,2021-02-17,263,7996,85,2836,178,5160,0,0,166,5377,97,1311,166,6688,California
Amador,2021-02-18,394,8390,97,2933,297,5457,0,0,332,5647,62,1373,332,7020,California
Amador,2021-02-19,192,8582,76,3009,116,5573,0,0,108,5671,84,1457,108,7128,California
Amador,2021-02-20,93,8675,31,3040,62,5635,0,0,65,5708,28,1485,65,7193,California
Amador,2021-02-21,45,8720,33,3073,12,5647,0,0,13,5690,31,1516,13,7206,California
Amador,2021-02-22,66,8786,26,3099,40,5687,0,0,32,5689,33,1549,32,7238,California
Amador,2021-02-23,321,9107,56,3155,265,5952,0,0,141,5651,179,1728,141,7379,California
Amador,2021-02-24,396,9503,59,3214,337,6289,0,0,265,5789,127,1855,265,7644,California
Amador,2021-02-25,527,10030,122,3336,405,6694,0,0,281,5825,245,2100,281,7925,California
Amador,2021-02-26,630,10660,80,3416,550,7244,0,0,514,6224,115,2215,514,8439,California
Amador,2021-02-27,294,10954,97,3513,197,7441,0,0,101,6135,192,2407,103,8542,California
Amador,2021-02-28,105,11059,54,3567,51,7492,0,0,60,6152,45,2452,62,8604,California
Amador,2021-03-01,199,11258,70,3637,129,7621,0,0,127,6208,72,2524,128,8732,California
Amador,2021-03-02,382,11640,61,3698,321,7942,0,0,335,6497,47,2571,336,9068,California
Amador,2021-03-03,242,11882,82,3780,160,8102,0,0,166,6589,75,2646,167,9235,California
Amador,2021-03-04,494,12376,113,3893,381,8483,0,0,394,6884,99,2745,394,9629,California
Amador,2021-03-05,512,12888,76,3969,436,8919,0,0,291,6958,219,2964,293,9922,California
Amador,2021-03-06,97,12985,45,4014,51,8970,1,1,56,6974,41,3005,57,9979,California
Amador,2021-03-07,66,13051,44,4058,22,8992,0,1,23,6954,43,3048,23,10002,California
Amador,2021-03-08,150,13201,69,4127,80,9072,1,2,90,6985,60,3108,91,10093,California
Amador,2021-03-09,374,13575,49,4176,325,9397,0,2,293,7202,77,3185,294,10387,California
Amador,2021-03-10,514,14089,77,4253,435,9832,2,4,111,6914,403,3588,115,10502,California
Amador,2021-03-11,471,14560,117,4370,344,10176,10,14,298,7053,172,3760,311,10813,California
Amador,2021-03-12,569,15129,67,4437,495,10671,7,21,340,7178,228,3988,353,11166,California
Amador,2021-03-13,115,15244,17,4454,91,10762,7,28,75,7224,40,4028,86,11252,California
Amador,2021-03-14,86,15330,17,4471,67,10829,2,30,21,7182,65,4093,23,11275,California
Amador,2021-03-15,181,15511,25,4496,149,10978,7,37,53,7115,128,4221,61,11336,California
Amador,2021-03-16,451,15962,53,4549,389,11367,9,46,138,6951,311,4532,147,11483,California
Amador,2021-03-17,200,16162,44,4593,153,11520,3,49,122,6998,78,4610,125,11608,California
Amador,2021-03-18,480,16642,104,4697,372,11892,4,53,251,7028,229,4839,259,11867,California
Amador,2021-03-19,540,17182,56,4753,469,12361,15,68,389,7287,149,4988,408,12275,California
Amador,2021-03-20,111,17293,47,4800,63,12424,1,69,46,7272,64,5052,49,12324,California
Amador,2021-03-21,51,17344,35,4835,15,12439,1,70,32,7289,18,5070,35,12359,California
Amador,2021-03-22,115,17459,34,4869,52,12491,29,99,49,7301,66,5136,78,12437,California
Amador,2021-03-23,435,17894,47,4916,381,12872,7,106,275,7425,159,5295,283,12720,California
Amador,2021-03-24,347,18241,39,4955,55,12927,253,359,37,7406,309,5604,290,13010,California
Amador,2021-03-25,609,18850,87,5042,515,13442,7,366,394,7593,214,5818,401,13411,California
Amador,2021-03-26,747,19597,43,5085,698,14140,6,372,285,7427,460,6278,294,13705,California
Amador,2021-03-27,87,19684,15,5100,70,14210,2,374,27,7398,60,6338,31,13736,California
Amador,2021-03-28,69,19753,15,5115,52,14262,2,376,12,7357,56,6394,15,13751,California
Amador,2021-03-29,182,19935,27,5142,154,14416,1,377,80,7344,100,6494,87,13838,California
Amador,2021-03-30,533,20468,25,5167,507,14923,1,378,291,7395,241,6735,292,14130,California
Amador,2021-03-31,201,20669,58,5225,138,15061,5,383,44,7288,156,6891,49,14179,California
Amador,2021-04-01,610,21279,85,5310,525,15586,0,383,261,7204,347,7238,263,14442,California
Amador,2021-04-02,607,21886,39,5349,555,16141,13,396,378,7369,228,7466,393,14835,California
Amador,2021-04-03,88,21974,26,5375,43,16184,19,415,22,7346,66,7532,43,14878,California
Amador,2021-04-04,38,22012,3,5378,29,16213,6,421,15,7344,23,7555,21,14899,California
Amador,2021-04-05,141,22153,50,5428,75,16288,16,437,48,7318,92,7647,66,14965,California
Amador,2021-04-06,502,22655,37,5465,447,16735,18,455,222,7280,278,7925,240,15205,California
Amador,2021-04-07,98,22753,32,5497,47,16782,19,474,42,7287,54,7979,61,15266,California
Amador,2021-04-08,495,23248,85,5582,389,17171,21,495,221,7257,273,8252,243,15509,California
Amador,2021-04-09,482,23730,22,5604,440,17611,20,515,214,7221,267,8519,231,15740,California
Amador,2021-04-10,51,23781,15,5619,27,17638,9,524,21,7221,30,8549,30,15770,California
Amador,2021-04-11,48,23829,24,5643,20,17658,4,528,22,7222,25,8574,26,15796,California
Amador,2021-04-12,99,23928,27,5670,62,17720,10,538,41,7215,58,8632,51,15847,California
Amador,2021-04-13,344,24272,47,5717,297,18017,0,538,67,7007,276,8908,68,15915,California
Amador,2021-04-14,284,24556,29,5746,255,18272,0,538,174,7074,107,9015,174,16089,California
Amador,2021-04-15,330,24886,75,5821,255,18527,0,538,69,6887,256,9271,69,16158,California
Amador,2021-04-16,483,25369,29,5850,454,18981,0,538,386,7177,96,9367,386,16544,California
Amador,2021-04-17,63,25432,36,5886,27,19008,0,538,27,7168,36,9403,27,16571,California
Amador,2021-04-18,30,25462,7,5893,23,19031,0,538,12,7163,18,9421,13,16584,California
Amador,2021-04-19,70,25532,28,5921,42,19073,0,538,30,7156,39,9460,32,16616,California
Amador,2021-04-20,436,25968,53,5974,383,19456,0,538,110,6949,319,9779,112,16728,California
Amador,2021-04-21,87,26055,32,6006,54,19510,1,539,43,6950,43,9822,44,16772,California
Amador,2021-04-22,492,26547,76,6082,415,19925,1,540,101,6668,384,10206,102,16874,California
Amador,2021-04-23,359,26906,46,6128,313,20238,0,540,286,6884,72,10278,288,17162,California
Amador,2021-04-24,49,26955,24,6152,25,20263,0,540,28,6892,20,10298,28,17190,California
Amador,2021-04-25,41,26996,19,6171,22,20285,0,540,29,6909,12,10310,29,17219,California
Amador,2021-04-26,92,27088,27,6198,64,20349,1,541,44,6909,47,10357,47,17266,California
Amador,2021-04-27,494,27582,40,6238,453,20802,1,542,87,6593,405,10762,89,17355,California
Amador,2021-04-28,68,27650,28,6266,36,20838,4,546,39,6607,29,10791,43,17398,California
Amador,2021-04-29,221,27871,69,6335,44,20882,108,654,65,6623,156,10947,172,17570,California
Amador,2021-04-30,336,28207,26,6361,306,21188,4,658,94,6480,242,11189,99,17669,California
Amador,2021-05-01,43,28250,15,6376,23,21211,5,663,22,6488,19,11208,27,17696,California
Amador,2021-05-02,28,28278,14,6390,11,21222,3,666,11,6486,17,11225,15,17711,California
Amador,2021-05-03,67,28345,33,6423,24,21246,10,676,27,6483,40,11265,37,17748,California
Amador,2021-05-04,464,28809,27,6450,430,21676,7,683,67,6160,397,11662,74,17822,California
Amador,2021-05-05,202,29011,152,6602,41,21717,9,692,161,6288,40,11702,168,17990,California
Amador,2021-05-06,109,29120,56,6658,48,21765,5,697,63,6312,44,11746,68,18058,California
Amador,2021-05-07,126,29246,28,6686,91,21856,7,704,67,6327,59,11805,74,18132,California
Amador,2021-05-08,41,29287,10,6696,28,21884,3,707,19,6327,22,11827,22,18154,California
Amador,2021-05-09,16,29303,1,6697,9,21893,6,713,4,6325,12,11839,10,18164,California
Amador,2021-05-10,59,29362,13,6710,43,21936,3,716,24,6317,35,11874,27,18191,California
Amador,2021-05-11,98,29460,32,6742,40,21976,26,742,45,6335,53,11927,71,18262,California
Amador,2021-05-12,69,29529,24,6766,42,22018,3,745,33,6335,36,11963,36,18298,California
Amador,2021-05-13,74,29603,41,6807,27,22045,6,751,37,6342,36,11999,43,18341,California
Amador,2021-05-14,395,29998,35,6842,356,22401,4,755,86,6124,309,12308,91,18432,California
Amador,2021-05-15,49,30047,19,6861,20,22421,10,765,23,6132,26,12334,34,18466,California
Amador,2021-05-16,37,30084,14,6875,23,22444,0,765,17,6129,20,12354,17,18483,California
Amador,2021-05-17,76,30160,23,6898,51,22495,2,767,35,6127,40,12394,38,18521,California
Amador,2021-05-18,246,30406,166,7064,45,22540,35,802,165,6247,80,12474,200,18721,California
Amador,2021-05-19,75,30481,25,7089,47,22587,3,805,35,6248,39,12513,40,18761,California
Amador,2021-05-20,86,30567,46,7135,36,22623,4,809,29,6225,56,12569,33,18794,California
Amador,2021-05-21,272,30839,29,7164,241,22864,2,811,40,6035,232,12801,42,18836,California
Amador,2021-05-22,46,30885,14,7178,27,22891,5,816,12,6019,34,12835,18,18854,California
Amador,2021-05-23,26,30911,4,7182,19,22910,3,819,5,6006,21,12856,8,18862,California
Amador,2021-05-24,90,31001,31,7213,47,22957,12,831,42,6012,48,12904,54,18916,California
Amador,2021-05-25,141,31142,89,7302,27,22984,25,856,82,6062,57,12961,107,19023,California
Amador,2021-05-26,205,31347,162,7464,36,23020,7,863,41,5946,163,13124,47,19070,California
Amador,2021-05-27,81,31428,36,7500,36,23056,9,872,30,5934,51,13175,39,19109,California
Amador,2021-05-28,69,31497,27,7527,38,23094,4,876,30,5929,39,13214,34,19143,California
Amador,2021-05-29,26,31523,2,7529,21,23115,3,879,10,5926,16,13230,13,19156,California
Amador,2021-05-30,19,31542,5,7534,8,23123,6,885,5,5923,14,13244,11,19167,California
Amador,2021-05-31,10,31552,0,7534,9,23132,1,886,2,5918,8,13252,3,19170,California
Amador,2021-06-01,94,31646,66,7600,23,23155,5,891,43,5916,50,13302,48,19218,California
Amador,2021-06-02,46,31692,16,7616,22,23177,8,899,16,5911,30,13332,25,19243,California
Amador,2021-06-03,58,31750,25,7641,28,23205,5,904,19,5897,38,13370,24,19267,California
Amador,2021-06-04,100,31850,20,7661,59,23264,21,925,23,5864,77,13447,44,19311,California
Amador,2021-06-05,38,31888,16,7677,19,23283,3,928,4,5837,34,13481,7,19318,California
Amador,2021-06-06,18,31906,8,7685,9,23292,1,929,8,5836,10,13491,9,19327,California
Amador,2021-06-07,45,31951,18,7703,22,23314,5,934,17,5830,28,13519,22,19349,California
Amador,2021-06-08,173,32124,138,7841,25,23339,10,944,54,5777,118,13637,65,19414,California
Amador,2021-06-09,48,32172,19,7860,20,23359,9,953,12,5762,36,13673,21,19435,California
Amador,2021-06-10,54,32226,22,7882,20,23379,12,965,19,5758,35,13708,31,19466,California
Amador,2021-06-11,57,32283,17,7899,35,23414,5,970,17,5740,40,13748,22,19488,California
Amador,2021-06-12,23,32306,10,7909,11,23425,2,972,8,5736,14,13762,10,19498,California
Amador,2021-06-13,9,32315,2,7911,6,23431,1,973,2,5732,7,13769,3,19501,California
Amador,2021-06-14,46,32361,23,7934,20,23451,3,976,13,5715,33,13802,16,19517,California
Amador,2021-06-15,43,32404,12,7946,19,23470,12,988,17,5718,26,13828,29,19546,California
Amador,2021-06-16,75,32479,35,7981,31,23501,9,997,34,5720,41,13869,43,19589,California
Amador,2021-06-17,47,32526,23,8004,21,23522,3,1000,28,5733,18,13887,31,19620,California
Amador,2021-06-18,155,32681,119,8123,29,23551,7,1007,61,5707,94,13981,68,19688,California
Amador,2021-06-19,29,32710,8,8131,13,23564,8,1015,10,5707,19,14000,19,19707,California
Amador,2021-06-20,1,32711,0,8131,1,23565,0,1015,1,5708,0,14000,1,19708,California
Butte,2020-12-16,3,3,3,3,0,0,0,0,3,3,0,0,3,3,California
Butte,2020-12-17,21,24,21,24,0,0,0,0,21,24,0,0,21,24,California
Butte,2020-12-18,53,77,53,77,0,0,0,0,53,77,0,0,53,77,California
Butte,2020-12-19,7,84,7,84,0,0,0,0,7,84,0,0,7,84,California
Butte,2020-12-20,10,94,10,94,0,0,0,0,10,94,0,0,10,94,California
Butte,2020-12-21,632,726,632,726,0,0,0,0,632,726,0,0,632,726,California
Butte,2020-12-22,618,1344,616,1342,2,2,0,0,618,1344,0,0,618,1344,California
Butte,2020-12-23,874,2218,858,2200,16,18,0,0,874,2218,0,0,874,2218,California
Butte,2020-12-24,158,2376,154,2354,4,22,0,0,158,2376,0,0,158,2376,California
Butte,2020-12-26,90,2466,88,2442,2,24,0,0,90,2466,0,0,90,2466,California
Butte,2020-12-27,35,2501,34,2476,1,25,0,0,35,2501,0,0,35,2501,California
Butte,2020-12-28,278,2779,272,2748,6,31,0,0,278,2779,0,0,278,2779,California
Butte,2020-12-29,202,2981,179,2927,23,54,0,0,202,2981,0,0,202,2981,California
Butte,2020-12-30,513,3494,291,3218,222,276,0,0,513,3494,0,0,513,3494,California
Butte,2020-12-31,213,3707,18,3236,195,471,0,0,213,3707,0,0,213,3707,California
Butte,2021-01-01,11,3718,3,3239,8,479,0,0,11,3718,0,0,11,3718,California
Butte,2021-01-02,40,3758,37,3276,3,482,0,0,40,3758,0,0,40,3758,California
Butte,2021-01-03,3,3761,0,3276,3,485,0,0,3,3761,0,0,3,3761,California
Butte,2021-01-04,209,3970,176,3452,33,518,0,0,209,3970,0,0,209,3970,California
Butte,2021-01-05,195,4165,152,3604,43,561,0,0,194,4163,1,1,194,4164,California
Butte,2021-01-06,625,4790,396,4000,229,790,0,0,620,4779,5,6,621,4785,California
Butte,2021-01-07,762,5552,369,4369,393,1183,0,0,742,5501,20,26,742,5527,California
Butte,2021-01-08,674,6226,533,4902,141,1324,0,0,625,6077,49,75,625,6152,California
Butte,2021-01-09,10,6236,7,4909,3,1327,0,0,5,6077,5,80,5,6157,California
Butte,2021-01-10,19,6255,5,4914,14,1341,0,0,14,6086,5,85,14,6171,California
Butte,2021-01-11,985,7240,950,5864,35,1376,0,0,356,5816,629,714,359,6530,California
Butte,2021-01-12,697,7937,653,6517,44,1420,0,0,275,5669,422,1136,275,6805,California
Butte,2021-01-13,1564,9501,1073,7590,491,1911,0,0,724,5556,839,1975,726,7531,California
Butte,2021-01-14,1640,11141,894,8484,746,2657,0,0,1443,6803,196,2171,1443,8974,California
Butte,2021-01-15,1055,12196,814,9298,241,2898,0,0,946,7640,109,2280,946,9920,California
Butte,2021-01-16,588,12784,301,9599,287,3185,0,0,544,8140,44,2324,544,10464,California
Butte,2021-01-17,237,13021,63,9662,174,3359,0,0,199,8301,38,2362,199,10663,California
Butte,2021-01-18,346,13367,304,9966,42,3401,0,0,279,8514,66,2428,279,10942,California
Butte,2021-01-19,491,13858,430,10396,61,3462,0,0,222,8467,269,2697,222,11164,California
Butte,2021-01-20,1374,15232,690,11086,684,4146,0,0,1071,9235,303,3000,1071,12235,California
Butte,2021-01-21,1480,16712,869,11955,611,4757,0,0,1372,10500,107,3107,1372,13607,California
Butte,2021-01-22,1143,17855,483,12438,660,5417,0,0,1089,11535,54,3161,1089,14696,California
Butte,2021-01-23,124,17979,84,12522,40,5457,0,0,99,11609,25,3186,99,14795,California
Butte,2021-01-24,9,17988,7,12529,2,5459,0,0,9,11618,0,3186,9,14804,California
Butte,2021-01-25,659,18647,339,12868,320,5779,0,0,495,11949,164,3350,495,15299,California
Butte,2021-01-26,1473,20120,377,13245,1096,6875,0,0,1337,13150,136,3486,1337,16636,California
Butte,2021-01-27,2105,22225,707,13952,1398,8273,0,0,1370,13786,734,4220,1370,18006,California
Butte,2021-01-28,2262,24487,256,14208,2006,10279,0,0,1950,15425,311,4531,1950,19956,California
Butte,2021-01-29,1693,26180,492,14700,1201,11480,0,0,1312,16357,380,4911,1312,21268,California
Butte,2021-01-30,28,26208,8,14708,20,11500,0,0,26,16381,2,4913,26,21294,California
Butte,2021-01-31,15,26223,13,14721,2,11502,0,0,14,16394,1,4914,14,21308,California
Butte,2021-02-01,1758,27981,409,15130,1349,12851,0,0,1364,17368,390,5304,1364,22672,California
Butte,2021-02-02,1935,29916,362,15492,1573,14424,0,0,1634,18700,302,5606,1634,24306,California
Butte,2021-02-03,2738,32654,777,16269,1961,16385,0,0,1842,19648,894,6500,1842,26148,California
Butte,2021-02-04,2954,35608,321,16590,2633,19018,0,0,2399,21494,553,7053,2399,28547,California
Butte,2021-02-05,1271,36879,666,17256,605,19623,0,0,550,21324,721,7774,551,29098,California
Butte,2021-02-06,145,37024,103,17359,42,19665,0,0,63,21305,82,7856,63,29161,California
Butte,2021-02-07,37,37061,33,17392,4,19669,0,0,14,21296,23,7879,14,29175,California
Butte,2021-02-08,700,37761,549,17941,151,19820,0,0,242,21080,458,8337,242,29417,California
Butte,2021-02-09,950,38711,459,18400,491,20311,0,0,721,21572,229,8566,721,30138,California
Butte,2021-02-10,1701,40412,1187,19587,514,20825,0,0,671,21215,1028,9594,671,30809,California
Butte,2021-02-11,2204,42616,1349,20936,855,21680,0,0,1005,21021,1199,10793,1005,31814,California
Butte,2021-02-12,1002,43618,435,21371,567,22247,0,0,328,20676,673,11466,328,32142,California
Butte,2021-02-13,244,43862,42,21413,202,22449,0,0,143,20718,101,11567,143,32285,California
Butte,2021-02-14,162,44024,9,21422,153,22602,0,0,158,20872,4,11571,158,32443,California
Butte,2021-02-15,261,44285,47,21469,214,22816,0,0,195,21001,66,11637,195,32638,California
Butte,2021-02-16,729,45014,433,21902,296,23112,0,0,276,20823,454,12091,276,32914,California
Butte,2021-02-17,1513,46527,846,22748,667,23779,0,0,839,20990,672,12763,839,33753,California
Butte,2021-02-18,1556,48083,757,23505,799,24578,0,0,750,20934,806,13569,750,34503,California
Butte,2021-02-19,1169,49252,388,23893,781,25359,0,0,401,20574,761,14330,401,34904,California
Butte,2021-02-20,476,49728,32,23925,444,25803,0,0,126,20351,349,14679,126,35030,California
Butte,2021-02-21,17,49745,15,23940,2,25805,0,0,13,20360,4,14683,13,35043,California
Butte,2021-02-22,1500,51245,293,24233,1207,27012,0,0,373,19609,1124,15807,373,35416,California
Butte,2021-02-23,1639,52884,295,24528,1344,28356,0,0,464,18904,1169,16976,464,35880,California
Butte,2021-02-24,2129,55013,595,25123,1534,29890,0,0,720,18223,1401,18377,720,36600,California
Butte,2021-02-25,2081,57094,577,25700,1504,31394,0,0,656,17461,1419,19796,657,37257,California
Butte,2021-02-26,920,58014,308,26008,612,32006,0,0,395,17335,521,20317,395,37652,California
Butte,2021-02-27,232,58246,45,26053,187,32193,0,0,184,17473,46,20363,184,37836,California
Butte,2021-02-28,141,58387,15,26068,126,32319,0,0,134,17600,7,20370,134,37970,California
Butte,2021-03-01,1638,60025,179,26247,1458,33777,1,1,334,16636,1299,21669,335,38305,California
Butte,2021-03-02,1748,61773,198,26445,1550,35327,0,1,305,15502,1439,23108,305,38610,California
Butte,2021-03-03,2790,64563,855,27300,1935,37262,0,1,481,13678,2305,25413,481,39091,California
Butte,2021-03-04,3156,67719,683,27983,2473,39735,0,1,628,11780,2526,27939,628,39719,California
Butte,2021-03-05,1354,69073,616,28599,737,40472,1,2,735,11901,615,28554,736,40455,California
Butte,2021-03-06,245,69318,23,28622,199,40671,23,25,186,12052,58,28612,209,40664,California
Butte,2021-03-07,54,69372,3,28625,34,40705,17,42,30,12075,24,28636,47,40711,California
Butte,2021-03-08,1268,70640,128,28753,1062,41767,78,120,1101,13090,164,28800,1179,41890,California
Butte,2021-03-09,1907,72547,283,29036,1522,43289,102,222,1415,14118,489,29289,1517,43407,California
Butte,2021-03-10,2317,74864,967,30003,1250,44539,100,322,1580,15066,732,30021,1680,45087,California
Butte,2021-03-11,2814,77678,1319,31322,1369,45908,126,448,1983,16355,820,30841,2109,47196,California
Butte,2021-03-12,1146,78824,332,31654,466,46374,348,796,356,16275,784,31625,704,47900,California
Butte,2021-03-13,266,79090,67,31721,138,46512,61,857,59,16187,207,31832,119,48019,California
Butte,2021-03-14,164,79254,16,31737,106,46618,42,899,21,16108,142,31974,63,48082,California
Butte,2021-03-15,1744,80998,360,32097,1088,47706,296,1195,1147,16962,589,32563,1443,49525,California
Butte,2021-03-16,1648,82646,413,32510,1156,48862,79,1274,1110,17616,534,33097,1188,50713,California
Butte,2021-03-17,1953,84599,1353,33863,519,49381,81,1355,1136,18023,809,33906,1216,51929,California
Butte,2021-03-18,1810,86409,1466,35329,217,49598,127,1482,1062,18469,742,34648,1188,53117,California
Butte,2021-03-19,694,87103,306,35635,304,49902,84,1566,343,18555,341,34989,427,53544,California
Butte,2021-03-20,204,87307,29,35664,160,50062,15,1581,96,18558,108,35097,111,53655,California
Butte,2021-03-21,58,87365,25,35689,4,50066,29,1610,13,18557,43,35140,42,53697,California
Butte,2021-03-22,1484,88849,353,36042,1037,51103,94,1704,1222,19613,260,35400,1316,55013,California
Butte,2021-03-23,1820,90669,488,36530,1218,52321,114,1818,1472,20855,344,35744,1586,56599,California
Butte,2021-03-24,2263,92932,1266,37796,871,53192,126,1944,1713,22148,545,36289,1838,58437,California
Butte,2021-03-25,1481,94413,1197,38993,192,53384,92,2036,1015,22793,462,36751,1107,59544,California
Butte,2021-03-26,1206,95619,438,39431,521,53905,247,2283,559,22960,639,37390,806,60350,California
Butte,2021-03-27,302,95921,83,39514,195,54100,24,2307,135,22953,164,37554,157,60507,California
Butte,2021-03-28,228,96149,44,39558,176,54276,8,2315,103,22941,122,37676,110,60617,California
Butte,2021-03-29,1761,97910,379,39937,1312,55588,70,2385,1342,23939,414,38090,1412,62029,California
Butte,2021-03-30,1030,98940,469,40406,471,56059,90,2475,487,23979,537,38627,577,62606,California
Butte,2021-03-31,1775,100715,1302,41708,406,56465,67,2542,1081,24440,687,39314,1148,63754,California
Butte,2021-04-01,3331,104046,2706,44414,498,56963,127,2669,2258,25760,1065,40379,2385,66139,California
Butte,2021-04-02,1001,105047,416,44830,464,57427,121,2790,564,26014,429,40808,683,66822,California
Butte,2021-04-03,343,105390,46,44876,225,57652,72,2862,163,26069,180,40988,235,67057,California
Butte,2021-04-04,191,105581,25,44901,143,57795,23,2885,113,26129,76,41064,136,67193,California
Butte,2021-04-05,1973,107554,421,45322,1380,59175,172,3057,595,25525,1369,42433,765,67958,California
Butte,2021-04-06,2208,109762,617,45939,1169,60344,422,3479,799,25342,1402,43835,1219,69177,California
Butte,2021-04-07,3034,112796,1318,47257,1324,61668,392,3871,714,24134,2314,46149,1106,70283,California
Butte,2021-04-08,2758,115554,1201,48458,1289,62957,268,4139,460,22568,2294,48443,728,71011,California
Butte,2021-04-09,1377,116931,354,48812,540,63497,483,4622,330,22333,1043,49486,808,71819,California
Butte,2021-04-10,223,117154,47,48859,75,63572,101,4723,100,22410,123,49609,200,72019,California
Butte,2021-04-11,105,117259,42,48901,53,63625,10,4733,82,22480,22,49631,92,72111,California
Butte,2021-04-12,1415,118674,314,49215,969,64594,132,4865,238,21673,1177,50808,370,72481,California
Butte,2021-04-13,1652,120326,571,49786,1075,65669,6,4871,345,20724,1300,52108,351,72832,California
Butte,2021-04-14,2857,123183,2362,52148,495,66164,0,4871,1333,20540,1518,53626,1334,74166,California
Butte,2021-04-15,636,123819,391,52539,245,66409,0,4871,482,20871,151,53777,482,74648,California
Butte,2021-04-16,814,124633,416,52955,398,66807,0,4871,479,21017,333,54110,479,75127,California
Butte,2021-04-17,341,124974,60,53015,281,67088,0,4871,237,21152,102,54212,237,75364,California
Butte,2021-04-18,46,125020,11,53026,35,67123,0,4871,40,21186,6,54218,40,75404,California
Butte,2021-04-19,1559,126579,379,53405,1180,68303,0,4871,428,20486,1128,55346,428,75832,California
Butte,2021-04-20,1981,128560,726,54131,1255,69558,0,4871,761,20036,1212,56558,762,76594,California
Butte,2021-04-21,2048,130608,1166,55297,882,70440,0,4871,464,18925,1578,58136,467,77061,California
Butte,2021-04-22,2219,132827,1938,57235,281,70721,0,4871,614,17938,1601,59737,614,77675,California
Butte,2021-04-23,933,133760,440,57675,493,71214,0,4871,482,17969,451,60188,482,78157,California
Butte,2021-04-24,346,134106,137,57812,209,71423,0,4871,191,18006,154,60342,191,78348,California
Butte,2021-04-25,173,134279,68,57880,105,71528,0,4871,64,17961,109,60451,64,78412,California
Butte,2021-04-26,1560,135839,454,58334,1101,72629,5,4876,403,17217,1152,61603,408,78820,California
Butte,2021-04-27,1019,136858,678,59012,314,72943,27,4903,585,17400,429,62032,612,79432,California
Butte,2021-04-28,1386,138244,935,59947,426,73369,25,4928,500,17043,882,62914,525,79957,California
Butte,2021-04-29,890,139134,542,60489,323,73692,25,4953,300,16784,584,63498,325,80282,California
Butte,2021-04-30,896,140030,391,60880,484,74176,21,4974,448,16811,441,63939,468,80750,California
Butte,2021-05-01,241,140271,64,60944,158,74334,19,4993,72,16733,168,64107,90,80840,California
Butte,2021-05-02,150,140421,62,61006,75,74409,13,5006,44,16684,106,64213,57,80897,California
Butte,2021-05-03,633,141054,256,61262,346,74755,31,5037,177,16446,446,64659,208,81105,California
Butte,2021-05-04,818,141872,317,61579,469,75224,32,5069,212,16089,600,65259,243,81348,California
Butte,2021-05-05,1339,143211,1091,62670,212,75436,36,5105,274,15340,1060,66319,311,81659,California
Butte,2021-05-06,934,144145,672,63342,225,75661,37,5142,358,15162,573,66892,395,82054,California
Butte,2021-05-07,559,144704,289,63631,234,75895,36,5178,285,15211,271,67163,320,82374,California
Butte,2021-05-08,167,144871,34,63665,124,76019,9,5187,87,15228,79,67242,96,82470,California
Butte,2021-05-09,92,144963,19,63684,70,76089,3,5190,49,15237,43,67285,52,82522,California
Butte,2021-05-10,515,145478,302,63986,170,76259,43,5233,212,15192,300,67585,255,82777,California
Butte,2021-05-11,870,146348,642,64628,169,76428,59,5292,277,14938,590,68175,336,83113,California
Butte,2021-05-12,763,147111,481,65109,236,76664,46,5338,341,14907,418,68593,387,83500,California
Butte,2021-05-13,912,148023,609,65718,241,76905,62,5400,333,14732,568,69161,393,83893,California
Butte,2021-05-14,825,148848,514,66232,281,77186,30,5430,357,14653,465,69626,386,84279,California
Butte,2021-05-15,480,149328,223,66455,225,77411,32,5462,223,14652,256,69882,255,84534,California
Butte,2021-05-16,167,149495,82,66537,67,77478,18,5480,98,14700,68,69950,116,84650,California
Butte,2021-05-17,754,150249,481,67018,224,77702,49,5529,325,14647,426,70376,373,85023,California
Butte,2021-05-18,1064,151313,733,67751,283,77985,48,5577,475,14587,583,70959,523,85546,California
Butte,2021-05-19,824,152137,533,68284,247,78232,44,5621,329,14469,490,71449,372,85918,California
Butte,2021-05-20,979,153116,655,68939,214,78446,110,5731,392,14386,584,72033,501,86419,California
Butte,2021-05-21,891,154007,544,69483,320,78766,27,5758,306,14138,580,72613,332,86751,California
Butte,2021-05-22,298,154305,137,69620,146,78912,15,5773,145,14147,150,72763,159,86910,California
Butte,2021-05-23,124,154429,75,69695,48,78960,1,5774,79,14182,45,72808,80,86990,California
Butte,2021-05-24,338,154767,153,69848,135,79095,50,5824,170,14235,166,72974,219,87209,California
Butte,2021-05-25,698,155465,446,70294,216,79311,36,5860,348,14276,343,73317,384,87593,California
Butte,2021-05-26,561,156026,178,70472,360,79671,23,5883,254,14255,298,73615,277,87870,California
Butte,2021-05-27,865,156891,622,71094,226,79897,17,5900,430,14273,430,74045,448,88318,California
Butte,2021-05-28,519,157410,141,71235,299,80196,79,5979,216,14268,300,74345,295,88613,California
Butte,2021-05-29,224,157634,116,71351,96,80292,12,5991,148,14352,76,74421,160,88773,California
Butte,2021-05-30,107,157741,56,71407,51,80343,0,5991,61,14367,46,74467,61,88834,California
Butte,2021-05-31,43,157784,23,71430,18,80361,2,5993,25,14376,18,74485,27,88861,California
Butte,2021-06-01,672,158456,424,71854,212,80573,36,6029,254,14251,415,74900,290,89151,California
Butte,2021-06-02,818,159274,567,72421,206,80779,45,6074,352,14185,462,75362,396,89547,California
Butte,2021-06-03,626,159900,422,72843,186,80965,18,6092,223,14026,400,75762,241,89788,California
Butte,2021-06-04,479,160379,273,73116,178,81143,28,6120,159,13900,313,76075,187,89975,California
Butte,2021-06-05,317,160696,204,73320,93,81236,20,6140,103,13811,212,76287,123,90098,California
Butte,2021-06-06,135,160831,100,73420,33,81269,2,6142,34,13747,100,76387,36,90134,California
Butte,2021-06-07,402,161233,256,73676,116,81385,30,6172,174,13724,227,76614,204,90338,California
Butte,2021-06-08,650,161883,469,74145,163,81548,18,6190,191,13486,448,77062,210,90548,California
Butte,2021-06-09,432,162315,296,74441,118,81666,18,6208,147,13372,279,77341,165,90713,California
Butte,2021-06-10,631,162946,450,74891,149,81815,32,6240,239,13251,390,77731,269,90982,California
Butte,2021-06-11,444,163390,264,75155,159,81974,21,6261,151,13131,292,78023,172,91154,California
Butte,2021-06-12,248,163638,150,75305,88,82062,10,6271,74,13042,173,78196,84,91238,California
Butte,2021-06-13,97,163735,64,75369,30,82092,3,6274,20,12988,77,78273,23,91261,California
Butte,2021-06-14,384,164119,232,75601,133,82225,19,6293,143,12910,240,78513,162,91423,California
Butte,2021-06-15,542,164661,379,75980,137,82362,26,6319,158,12716,378,78891,184,91607,California
Butte,2021-06-16,415,165076,255,76235,116,82478,44,6363,171,12688,242,79133,214,91821,California
Butte,2021-06-17,571,165647,427,76662,120,82598,24,6387,173,12488,397,79530,197,92018,California
Butte,2021-06-18,375,166022,186,76848,140,82738,49,6436,133,12427,240,79770,179,92197,California
Butte,2021-06-19,203,166225,149,76997,47,82785,7,6443,87,12405,116,79886,94,92291,California
Butte,2021-06-20,32,166257,24,77021,8,82793,0,6443,8,12389,24,79910,8,92299,California
Calaveras,2020-12-16,5,5,5,5,0,0,0,0,5,5,0,0,5,5,California
Calaveras,2020-12-17,3,8,3,8,0,0,0,0,3,8,0,0,3,8,California
Calaveras,2020-12-18,40,48,40,48,0,0,0,0,40,48,0,0,40,48,California
Calaveras,2020-12-19,3,51,3,51,0,0,0,0,3,51,0,0,3,51,California
Calaveras,2020-12-20,4,55,4,55,0,0,0,0,4,55,0,0,4,55,California
Calaveras,2020-12-21,54,109,47,102,7,7,0,0,54,109,0,0,54,109,California
Calaveras,2020-12-22,82,191,78,180,4,11,0,0,83,192,0,0,83,192,California
Calaveras,2020-12-23,76,267,74,254,2,13,0,0,76,268,0,0,76,268,California
Calaveras,2020-12-24,2,269,2,256,0,13,0,0,2,270,0,0,2,270,California
Calaveras,2020-12-26,4,273,3,259,1,14,0,0,4,274,0,0,4,274,California
Calaveras,2020-12-27,1,274,1,260,0,14,0,0,1,275,0,0,1,275,California
Calaveras,2020-12-28,22,296,17,277,5,19,0,0,21,295,1,1,21,296,California
Calaveras,2020-12-29,160,456,138,415,22,41,0,0,160,455,0,1,160,456,California
Calaveras,2020-12-30,93,549,81,496,12,53,0,0,93,548,0,1,93,549,California
Calaveras,2020-12-31,36,585,25,521,11,64,0,0,36,584,0,1,36,585,California
Calaveras,2021-01-02,11,596,11,532,0,64,0,0,11,595,0,1,11,596,California
Calaveras,2021-01-03,10,606,4,536,6,70,0,0,10,605,0,1,10,606,California
Calaveras,2021-01-04,33,639,5,541,28,98,0,0,33,638,0,1,33,639,California
Calaveras,2021-01-05,41,680,10,551,31,129,0,0,32,666,9,10,37,676,California
Calaveras,2021-01-06,107,787,30,581,77,206,0,0,97,753,10,20,97,773,California
Calaveras,2021-01-07,107,894,27,608,80,286,0,0,93,835,12,32,94,867,California
Calaveras,2021-01-08,69,963,39,647,30,316,0,0,45,858,24,56,47,914,California
Calaveras,2021-01-09,5,968,5,652,0,316,0,0,2,857,3,59,2,916,California
Calaveras,2021-01-10,2,970,0,652,2,318,0,0,2,859,0,59,2,918,California
Calaveras,2021-01-11,66,1036,60,712,6,324,0,0,27,850,38,97,29,947,California
Calaveras,2021-01-12,84,1120,52,764,32,356,0,0,51,869,33,130,52,999,California
Calaveras,2021-01-13,108,1228,45,809,63,419,0,0,74,910,34,164,75,1074,California
Calaveras,2021-01-14,139,1367,44,853,95,514,0,0,106,985,32,196,107,1181,California
Calaveras,2021-01-15,92,1459,28,881,64,578,0,0,72,1037,20,216,72,1253,California
Calaveras,2021-01-16,13,1472,2,883,11,589,0,0,12,1048,1,217,12,1265,California
Calaveras,2021-01-17,10,1482,2,885,8,597,0,0,9,1056,1,218,9,1274,California
Calaveras,2021-01-18,131,1613,19,904,112,709,0,0,118,1164,13,231,121,1395,California
Calaveras,2021-01-19,208,1821,177,1081,31,740,0,0,70,1099,137,368,72,1467,California
Calaveras,2021-01-20,378,2199,82,1163,296,1036,0,0,287,1311,90,458,302,1769,California
Calaveras,2021-01-21,463,2662,40,1203,423,1459,0,0,425,1713,38,496,440,2209,California
Calaveras,2021-01-22,403,3065,24,1227,379,1838,0,0,390,2099,13,509,399,2608,California
Calaveras,2021-01-23,17,3082,8,1235,9,1847,0,0,16,2114,1,510,16,2624,California
Calaveras,2021-01-24,14,3096,8,1243,6,1853,0,0,12,2124,2,512,12,2636,California
Calaveras,2021-01-25,87,3183,8,1251,79,1932,0,0,81,2199,6,518,81,2717,California
Calaveras,2021-01-26,47,3230,15,1266,32,1964,0,0,38,2228,9,527,38,2755,California
Calaveras,2021-01-27,129,3359,45,1311,84,2048,0,0,100,2300,28,555,100,2855,California
Calaveras,2021-01-28,165,3524,25,1336,140,2188,0,0,139,2418,26,581,144,2999,California
Calaveras,2021-01-29,366,3890,12,1348,354,2542,0,0,333,2733,33,614,348,3347,California
Calaveras,2021-01-30,27,3917,10,1358,17,2559,0,0,25,2758,0,614,25,3372,California
Calaveras,2021-01-31,7,3924,4,1362,3,2562,0,0,6,2763,1,615,6,3378,California
Calaveras,2021-02-01,28,3952,12,1374,16,2578,0,0,19,2773,9,624,19,3397,California
Calaveras,2021-02-02,110,4062,23,1397,87,2665,0,0,71,2811,34,658,72,3469,California
Calaveras,2021-02-03,434,4496,44,1441,390,3055,0,0,349,3078,84,742,351,3820,California
Calaveras,2021-02-04,384,4880,26,1467,358,3413,0,0,299,3295,85,827,302,4122,California
Calaveras,2021-02-05,79,4959,22,1489,57,3470,0,0,41,3299,38,865,42,4164,California
Calaveras,2021-02-06,21,4980,12,1501,9,3479,0,0,21,3320,0,865,21,4185,California
Calaveras,2021-02-07,5,4985,1,1502,4,3483,0,0,2,3320,2,867,2,4187,California
Calaveras,2021-02-08,39,5024,18,1520,21,3504,0,0,31,3345,6,873,31,4218,California
Calaveras,2021-02-09,192,5216,77,1597,115,3619,0,0,130,3416,60,933,131,4349,California
Calaveras,2021-02-10,515,5731,31,1628,484,4103,0,0,441,3790,74,1007,448,4797,California
Calaveras,2021-02-11,585,6316,85,1713,500,4603,0,0,471,4159,111,1118,480,5277,California
Calaveras,2021-02-12,570,6886,325,2038,245,4848,0,0,489,4575,79,1197,495,5772,California
Calaveras,2021-02-13,200,7086,45,2083,155,5003,0,0,185,4745,15,1212,185,5957,California
Calaveras,2021-02-14,223,7309,71,2154,152,5155,0,0,207,4938,14,1226,207,6164,California
Calaveras,2021-02-15,382,7691,25,2179,357,5512,0,0,262,5083,117,1343,262,6426,California
Calaveras,2021-02-16,267,7958,143,2322,124,5636,0,0,230,5279,37,1380,233,6659,California
Calaveras,2021-02-17,511,8469,37,2359,474,6110,0,0,206,5199,290,1670,210,6869,California
Calaveras,2021-02-18,498,8967,91,2450,407,6517,0,0,95,4913,382,2052,96,6965,California
Calaveras,2021-02-19,439,9406,42,2492,397,6914,0,0,98,4682,329,2381,98,7063,California
Calaveras,2021-02-20,56,9462,15,2507,41,6955,0,0,47,4720,9,2390,47,7110,California
Calaveras,2021-02-21,25,9487,15,2522,10,6965,0,0,18,4732,6,2396,18,7128,California
Calaveras,2021-02-22,62,9549,38,2560,24,6989,0,0,33,4736,29,2425,33,7161,California
Calaveras,2021-02-23,128,9677,43,2603,85,7074,0,0,92,4793,36,2461,93,7254,California
Calaveras,2021-02-24,96,9773,47,2650,49,7123,0,0,66,4830,29,2490,66,7320,California
Calaveras,2021-02-25,552,10325,101,2751,451,7574,0,0,355,5000,191,2681,361,7681,California
Calaveras,2021-02-26,775,11100,45,2796,730,8304,0,0,411,5072,340,3021,412,8093,California
Calaveras,2021-02-27,204,11304,23,2819,181,8485,0,0,180,5228,24,3045,180,8273,California
Calaveras,2021-02-28,97,11401,15,2834,82,8567,0,0,91,5314,5,3050,91,8364,California
Calaveras,2021-03-01,240,11641,47,2881,193,8760,0,0,152,5384,83,3133,153,8517,California
Calaveras,2021-03-02,254,11895,100,2981,154,8914,0,0,206,5547,45,3178,208,8725,California
Calaveras,2021-03-03,559,12454,107,3088,452,9366,0,0,220,5434,333,3511,220,8945,California
Calaveras,2021-03-04,749,13203,72,3160,676,10042,1,1,354,5404,386,3897,356,9301,California
Calaveras,2021-03-05,455,13658,271,3431,180,10222,4,5,140,5243,305,4202,144,9445,California
Calaveras,2021-03-06,154,13812,41,3472,107,10329,6,11,114,5324,40,4242,121,9566,California
Calaveras,2021-03-07,77,13889,32,3504,38,10367,7,18,35,5324,42,4284,42,9608,California
Calaveras,2021-03-08,164,14053,28,3532,128,10495,8,26,129,5427,34,4318,137,9745,California
Calaveras,2021-03-09,361,14414,136,3668,219,10714,6,32,32,5142,323,4641,38,9783,California
Calaveras,2021-03-10,418,14832,30,3698,385,11099,3,35,59,4854,350,4991,62,9845,California
Calaveras,2021-03-11,853,15685,425,4123,415,11514,13,48,431,4889,411,5402,446,10291,California
Calaveras,2021-03-12,399,16084,212,4335,178,11692,9,57,322,5152,76,5478,339,10630,California
Calaveras,2021-03-13,178,16262,15,4350,155,11847,8,65,138,5264,39,5517,151,10781,California
Calaveras,2021-03-14,154,16416,11,4361,142,11989,1,66,16,5149,138,5655,23,10804,California
Calaveras,2021-03-15,331,16747,50,4411,256,12245,25,91,56,4960,274,5929,85,10889,California
Calaveras,2021-03-16,691,17438,554,4965,117,12362,20,111,545,5381,144,6073,565,11454,California
Calaveras,2021-03-17,277,17715,50,5015,213,12575,14,125,48,5220,224,6297,63,11517,California
Calaveras,2021-03-18,665,18380,569,5584,80,12655,16,141,548,5669,117,6414,566,12083,California
Calaveras,2021-03-19,234,18614,50,5634,110,12765,74,215,59,5629,171,6585,131,12214,California
Calaveras,2021-03-20,78,18692,22,5656,55,12820,1,216,21,5595,57,6642,23,12237,California
Calaveras,2021-03-21,46,18738,29,5685,6,12826,11,227,9,5580,36,6678,21,12258,California
Calaveras,2021-03-22,80,18818,36,5721,23,12849,21,248,25,5571,55,6733,46,12304,California
Calaveras,2021-03-23,296,19114,206,5927,80,12929,10,258,115,5527,169,6902,125,12429,California
Calaveras,2021-03-24,137,19251,53,5980,74,13003,10,268,44,5490,91,6993,54,12483,California
Calaveras,2021-03-25,745,19996,103,6083,638,13641,4,272,445,5648,291,7284,449,12932,California
Calaveras,2021-03-26,425,20421,27,6110,392,14033,6,278,87,5408,335,7619,95,13027,California
Calaveras,2021-03-27,210,20631,19,6129,187,14220,4,282,37,5281,170,7789,43,13070,California
Calaveras,2021-03-28,112,20743,12,6141,98,14318,2,284,8,5189,103,7892,11,13081,California
Calaveras,2021-03-29,179,20922,22,6163,154,14472,3,287,56,5129,120,8012,60,13141,California
Calaveras,2021-03-30,539,21461,26,6189,496,14968,17,304,360,5328,178,8190,377,13518,California
Calaveras,2021-03-31,324,21785,143,6332,171,15139,10,314,156,5327,168,8358,167,13685,California
Calaveras,2021-04-01,687,22472,445,6777,241,15380,1,315,187,5023,496,8854,192,13877,California
Calaveras,2021-04-02,392,22864,229,7006,155,15535,8,323,116,4878,270,9124,125,14002,California
Calaveras,2021-04-03,144,23008,33,7039,107,15642,4,327,40,4818,104,9228,44,14046,California
Calaveras,2021-04-04,82,23090,26,7065,56,15698,0,327,50,4836,32,9260,50,14096,California
Calaveras,2021-04-05,212,23302,81,7146,121,15819,10,337,100,4834,112,9372,110,14206,California
Calaveras,2021-04-06,655,23957,577,7723,64,15883,14,351,114,4425,537,9909,128,14334,California
Calaveras,2021-04-07,758,24715,660,8383,61,15944,37,388,620,4945,138,10047,658,14992,California
Calaveras,2021-04-08,947,25662,857,9240,69,16013,21,409,438,4899,506,10553,460,15452,California
Calaveras,2021-04-09,156,25818,59,9299,48,16061,49,458,58,4909,97,10650,107,15559,California
Calaveras,2021-04-10,193,26011,43,9342,131,16192,19,477,149,5035,43,10693,169,15728,California
Calaveras,2021-04-11,67,26078,45,9387,21,16213,1,478,49,5067,18,10711,50,15778,California
Calaveras,2021-04-12,103,26181,45,9432,40,16253,18,496,54,5091,49,10760,73,15851,California
Calaveras,2021-04-13,423,26604,368,9800,55,16308,0,496,365,5401,57,10817,367,16218,California
Calaveras,2021-04-14,182,26786,30,9830,152,16460,0,496,135,5490,47,10864,136,16354,California
Calaveras,2021-04-15,333,27119,282,10112,51,16511,0,496,247,5655,82,10946,247,16601,California
Calaveras,2021-04-16,103,27222,27,10139,76,16587,0,496,49,5656,49,10995,50,16651,California
Calaveras,2021-04-17,333,27555,128,10267,205,16792,0,496,291,5905,42,11037,291,16942,California
Calaveras,2021-04-18,18,27573,6,10273,12,16804,0,496,12,5911,6,11043,12,16954,California
Calaveras,2021-04-19,75,27648,26,10299,49,16853,0,496,45,5928,29,11072,46,17000,California
Calaveras,2021-04-20,260,27908,92,10391,168,17021,0,496,193,6056,65,11137,193,17193,California
Calaveras,2021-04-21,213,28121,143,10534,70,17091,0,496,81,6008,130,11267,82,17275,California
Calaveras,2021-04-22,544,28665,96,10630,448,17539,0,496,142,5753,399,11666,144,17419,California
Calaveras,2021-04-23,157,28822,79,10709,78,17617,0,496,64,5727,90,11756,64,17483,California
Calaveras,2021-04-24,172,28994,36,10745,136,17753,0,496,129,5815,42,11798,130,17613,California
Calaveras,2021-04-25,42,29036,28,10773,14,17767,0,496,21,5817,21,11819,23,17636,California
Calaveras,2021-04-26,116,29152,73,10846,43,17810,0,496,34,5770,82,11901,35,17671,California
Calaveras,2021-04-27,442,29594,74,10920,355,18165,13,509,57,5458,382,12283,70,17741,California
Calaveras,2021-04-28,648,30242,579,11499,38,18203,31,540,54,4958,592,12875,92,17833,California
Calaveras,2021-04-29,515,30757,443,11942,53,18256,19,559,73,4614,440,13315,96,17929,California
Calaveras,2021-04-30,151,30908,61,12003,85,18341,5,564,67,4609,83,13398,78,18007,California
Calaveras,2021-05-01,202,31110,111,12114,88,18429,3,567,134,4683,67,13465,141,18148,California
Calaveras,2021-05-02,51,31161,34,12148,16,18445,1,568,18,4672,31,13496,20,18168,California
Calaveras,2021-05-03,91,31252,67,12215,19,18464,5,573,29,4648,62,13558,38,18206,California
Calaveras,2021-05-04,416,31668,330,12545,49,18513,37,610,43,4357,372,13930,81,18287,California
Calaveras,2021-05-05,114,31782,58,12603,23,18536,33,643,50,4376,63,13993,82,18369,California
Calaveras,2021-05-06,255,32037,194,12797,37,18573,24,667,48,4243,206,14199,73,18442,California
Calaveras,2021-05-07,86,32123,22,12819,58,18631,6,673,56,4275,30,14229,62,18504,California
Calaveras,2021-05-08,291,32414,144,12963,145,18776,2,675,90,4169,198,14427,92,18596,California
Calaveras,2021-05-09,29,32443,12,12975,14,18790,3,678,13,4169,16,14443,16,18612,California
Calaveras,2021-05-10,56,32499,25,13000,30,18820,1,679,26,4169,28,14471,28,18640,California
Calaveras,2021-05-11,134,32633,88,13088,33,18853,13,692,94,4238,39,14510,108,18748,California
Calaveras,2021-05-12,168,32801,47,13135,121,18974,0,692,52,4175,115,14625,52,18800,California
Calaveras,2021-05-13,119,32920,65,13200,39,19013,15,707,63,4200,54,14679,79,18879,California
Calaveras,2021-05-14,149,33069,92,13292,54,19067,3,710,100,4255,48,14727,103,18982,California
Calaveras,2021-05-15,266,33335,93,13385,170,19237,3,713,105,4208,155,14882,108,19090,California
Calaveras,2021-05-16,29,33364,12,13397,17,19254,0,713,14,4208,15,14897,15,19105,California
Calaveras,2021-05-17,88,33452,41,13438,40,19294,7,720,46,4221,41,14938,54,19159,California
Calaveras,2021-05-18,225,33677,61,13499,142,19436,22,742,71,4161,153,15091,93,19252,California
Calaveras,2021-05-19,145,33822,59,13558,82,19518,4,746,70,4162,74,15165,75,19327,California
Calaveras,2021-05-20,203,34025,79,13637,99,19617,25,771,67,4120,133,15298,91,19418,California
Calaveras,2021-05-21,97,34122,55,13692,38,19655,4,775,58,4144,37,15335,61,19479,California
Calaveras,2021-05-22,300,34422,159,13851,141,19796,0,775,147,4139,152,15487,147,19626,California
Calaveras,2021-05-23,29,34451,14,13865,15,19811,0,775,13,4136,16,15503,13,19639,California
Calaveras,2021-05-24,74,34525,38,13903,20,19831,16,791,31,4141,43,15546,48,19687,California
Calaveras,2021-05-25,123,34648,48,13951,59,19890,16,807,57,4148,66,15612,73,19760,California
Calaveras,2021-05-26,121,34769,87,14038,30,19920,4,811,83,4197,37,15649,86,19846,California
Calaveras,2021-05-27,83,34852,43,14081,36,19956,4,815,27,4176,53,15702,32,19878,California
Calaveras,2021-05-28,82,34934,42,14123,36,19992,4,819,41,4180,41,15743,45,19923,California
Calaveras,2021-05-29,69,35003,23,14146,41,20033,5,824,33,4183,36,15779,39,19962,California
Calaveras,2021-05-30,36,35039,14,14160,17,20050,5,829,11,4174,25,15804,16,19978,California
Calaveras,2021-05-31,5,35044,0,14160,3,20053,2,831,0,4171,5,15809,2,19980,California
Calaveras,2021-06-01,144,35188,97,14257,41,20094,6,837,44,4121,100,15909,50,20030,California
Calaveras,2021-06-02,85,35273,54,14311,27,20121,4,841,36,4112,49,15958,40,20070,California
Calaveras,2021-06-03,93,35366,55,14366,31,20152,7,848,42,4114,49,16007,51,20121,California
Calaveras,2021-06-04,140,35506,94,14460,34,20186,12,860,37,4060,103,16110,49,20170,California
Calaveras,2021-06-05,84,35590,27,14487,55,20241,2,862,33,4045,50,16160,35,20205,California
Calaveras,2021-06-06,40,35630,28,14515,9,20250,3,865,21,4050,19,16179,24,20229,California
Calaveras,2021-06-07,61,35691,44,14559,9,20259,8,873,25,4048,35,16214,33,20262,California
Calaveras,2021-06-08,125,35816,79,14638,39,20298,7,880,57,4046,66,16280,64,20326,California
Calaveras,2021-06-09,93,35909,49,14687,38,20336,6,886,30,4021,63,16343,38,20364,California
Calaveras,2021-06-10,115,36024,57,14744,49,20385,9,895,41,3999,72,16415,50,20414,California
Calaveras,2021-06-11,103,36127,58,14802,40,20425,5,900,32,3965,71,16486,37,20451,California
Calaveras,2021-06-12,62,36189,36,14838,24,20449,2,902,19,3944,43,16529,22,20473,California
Calaveras,2021-06-13,31,36220,18,14856,9,20458,4,906,8,3933,23,16552,12,20485,California
Calaveras,2021-06-14,59,36279,40,14896,15,20473,4,910,23,3925,36,16588,28,20513,California
Calaveras,2021-06-15,90,36369,54,14950,27,20500,9,919,22,3890,67,16655,32,20545,California
Calaveras,2021-06-16,181,36550,139,15089,28,20528,14,933,40,3804,140,16795,54,20599,California
Calaveras,2021-06-17,50,36600,24,15113,22,20550,4,937,19,3799,28,16823,23,20622,California
Calaveras,2021-06-18,54,36654,38,15151,14,20564,2,939,22,3791,32,16855,24,20646,California
Calaveras,2021-06-19,51,36705,13,15164,25,20589,13,952,13,3779,38,16893,26,20672,California
Calaveras,2021-06-20,1,36706,0,15164,1,20590,0,952,1,3780,0,16893,1,20673,California
Colusa,2020-12-18,1,1,1,1,0,0,0,0,1,1,0,0,1,1,California
Colusa,2020-12-21,2,3,2,3,0,0,0,0,2,3,0,0,2,3,California
Colusa,2020-12-22,10,13,10,13,0,0,0,0,10,13,0,0,10,13,California
Colusa,2020-12-23,10,23,10,23,0,0,0,0,10,23,0,0,10,23,California
Colusa,2020-12-24,2,25,1,24,1,1,0,0,2,25,0,0,2,25,California
Colusa,2020-12-27,1,26,1,25,0,1,0,0,1,26,0,0,1,26,California
Colusa,2020-12-28,7,33,3,28,4,5,0,0,7,33,0,0,7,33,California
Colusa,2020-12-29,11,44,8,36,3,8,0,0,11,44,0,0,11,44,California
Colusa,2020-12-30,51,95,14,50,37,45,0,0,51,95,0,0,51,95,California
Colusa,2020-12-31,18,113,1,51,17,62,0,0,18,113,0,0,18,113,California
Colusa,2021-01-04,4,117,0,51,4,66,0,0,4,117,0,0,4,117,California
Colusa,2021-01-05,67,184,1,52,66,132,0,0,67,184,0,0,67,184,California
Colusa,2021-01-06,15,199,9,61,6,138,0,0,15,199,0,0,15,199,California
Colusa,2021-01-07,39,238,5,66,34,172,0,0,38,236,1,1,38,237,California
Colusa,2021-01-08,9,247,7,73,2,174,0,0,8,243,1,2,8,245,California
Colusa,2021-01-09,2,249,1,74,1,175,0,0,2,245,0,2,2,247,California
Colusa,2021-01-10,1,250,0,74,1,176,0,0,1,246,0,2,1,248,California
Colusa,2021-01-11,12,262,6,80,6,182,0,0,7,248,5,7,7,255,California
Colusa,2021-01-12,11,273,9,89,2,184,0,0,6,249,5,12,6,261,California
Colusa,2021-01-13,21,294,13,102,8,192,0,0,13,254,8,20,13,274,California
Colusa,2021-01-14,34,328,28,130,6,198,0,0,32,284,2,22,32,306,California
Colusa,2021-01-15,44,372,5,135,39,237,0,0,42,324,2,24,42,348,California
Colusa,2021-01-16,12,384,1,136,11,248,0,0,11,334,1,25,11,359,California
Colusa,2021-01-17,3,387,2,138,1,249,0,0,2,335,1,26,2,361,California
Colusa,2021-01-18,4,391,0,138,4,253,0,0,4,339,0,26,4,365,California
Colusa,2021-01-19,9,400,8,146,1,254,0,0,5,340,4,30,5,370,California
Colusa,2021-01-20,113,513,101,247,12,266,0,0,99,425,14,44,99,469,California
Colusa,2021-01-21,59,572,44,291,15,281,0,0,58,482,1,45,58,527,California
Colusa,2021-01-22,34,606,17,308,17,298,0,0,29,506,5,50,29,556,California
Colusa,2021-01-23,35,641,6,314,29,327,0,0,35,541,0,50,35,591,California
Colusa,2021-01-25,7,648,0,314,7,334,0,0,7,548,0,50,7,598,California
Colusa,2021-01-26,8,656,5,319,3,337,0,0,5,550,3,53,5,603,California
Colusa,2021-01-27,109,765,31,350,78,415,0,0,107,655,2,55,107,710,California
Colusa,2021-01-28,82,847,47,397,35,450,0,0,74,721,8,63,74,784,California
Colusa,2021-01-29,39,886,7,404,32,482,0,0,38,758,1,64,38,822,California
Colusa,2021-01-30,27,913,4,408,23,505,0,0,27,785,0,64,27,849,California
Colusa,2021-01-31,7,920,7,415,0,505,0,0,7,792,0,64,7,856,California
Colusa,2021-02-01,27,947,10,425,17,522,0,0,22,809,5,69,22,878,California
Colusa,2021-02-02,44,991,9,434,35,557,0,0,37,839,7,76,37,915,California
Colusa,2021-02-03,70,1061,11,445,59,616,0,0,59,887,11,87,59,974,California
Colusa,2021-02-04,145,1206,82,527,63,679,0,0,117,976,28,115,117,1091,California
Colusa,2021-02-05,28,1234,8,535,20,699,0,0,25,998,3,118,25,1116,California
Colusa,2021-02-06,282,1516,9,544,273,972,0,0,271,1258,11,129,271,1387,California
Colusa,2021-02-07,2,1518,1,545,1,973,0,0,0,1256,2,131,0,1387,California
Colusa,2021-02-08,40,1558,5,550,35,1008,0,0,37,1290,3,134,37,1424,California
Colusa,2021-02-09,228,1786,14,564,214,1222,0,0,175,1412,53,187,175,1599,California
Colusa,2021-02-10,114,1900,41,605,73,1295,0,0,71,1440,43,230,71,1670,California
Colusa,2021-02-11,99,1999,37,642,62,1357,0,0,73,1487,26,256,73,1743,California
Colusa,2021-02-12,118,2117,9,651,109,1466,0,0,77,1522,42,298,77,1820,California
Colusa,2021-02-13,60,2177,8,659,52,1518,0,0,52,1566,8,306,52,1872,California
Colusa,2021-02-14,21,2198,8,667,13,1531,0,0,15,1575,6,312,15,1887,California
Colusa,2021-02-15,45,2243,10,677,35,1566,0,0,38,1606,7,319,38,1925,California
Colusa,2021-02-16,67,2310,4,681,63,1629,0,0,66,1671,1,320,66,1991,California
Colusa,2021-02-17,203,2513,143,824,60,1689,0,0,58,1584,145,465,58,2049,California
Colusa,2021-02-18,138,2651,36,860,102,1791,0,0,115,1676,23,488,115,2164,California
Colusa,2021-02-19,150,2801,19,879,131,1922,0,0,130,1786,20,508,130,2294,California
Colusa,2021-02-20,27,2828,5,884,22,1944,0,0,11,1781,16,524,11,2305,California
Colusa,2021-02-21,1,2829,1,885,0,1944,0,0,0,1780,1,525,0,2305,California
Colusa,2021-02-22,43,2872,26,911,17,1961,0,0,29,1795,14,539,29,2334,California
Colusa,2021-02-23,22,2894,7,918,15,1976,0,0,17,1807,5,544,17,2351,California
Colusa,2021-02-24,304,3198,55,973,249,2225,0,0,159,1821,145,689,159,2510,California
Colusa,2021-02-25,102,3300,54,1027,48,2273,0,0,66,1851,36,725,66,2576,California
Colusa,2021-02-26,95,3395,14,1041,81,2354,0,0,59,1874,36,761,59,2635,California
Colusa,2021-02-27,55,3450,4,1045,51,2405,0,0,40,1899,15,776,40,2675,California
Colusa,2021-02-28,27,3477,15,1060,12,2417,0,0,18,1908,9,785,18,2693,California
Colusa,2021-03-01,46,3523,15,1075,31,2448,0,0,29,1920,17,802,29,2722,California
Colusa,2021-03-02,47,3570,12,1087,35,2483,0,0,24,1921,23,825,24,2746,California
Colusa,2021-03-03,246,3816,46,1133,200,2683,0,0,189,2053,57,882,189,2935,California
Colusa,2021-03-04,140,3956,59,1192,81,2764,0,0,81,2075,59,941,81,3016,California
Colusa,2021-03-05,94,4050,25,1217,60,2824,9,9,53,2096,41,982,62,3078,California
Colusa,2021-03-06,272,4322,9,1226,263,3087,0,9,38,1900,234,1216,38,3116,California
Colusa,2021-03-07,8,4330,5,1231,3,3090,0,9,6,1904,2,1218,6,3122,California
Colusa,2021-03-08,89,4419,21,1252,33,3123,35,44,45,1940,44,1262,80,3202,California
Colusa,2021-03-09,274,4693,74,1326,177,3300,23,67,85,1859,189,1451,108,3310,California
Colusa,2021-03-10,289,4982,38,1364,215,3515,36,103,204,2014,85,1536,240,3550,California
Colusa,2021-03-11,417,5399,59,1423,337,3852,21,124,334,2284,83,1619,353,3903,California
Colusa,2021-03-12,109,5508,18,1441,79,3931,12,136,20,2227,89,1708,32,3935,California
Colusa,2021-03-13,59,5567,14,1455,36,3967,9,145,17,2211,42,1750,26,3961,California
Colusa,2021-03-14,21,5588,0,1455,19,3986,2,147,7,2207,13,1763,9,3970,California
Colusa,2021-03-15,71,5659,27,1482,36,4022,8,155,15,2174,56,1819,23,3993,California
Colusa,2021-03-16,296,5955,16,1498,234,4256,46,201,189,2302,107,1926,235,4228,California
Colusa,2021-03-17,192,6147,49,1547,143,4399,0,201,107,2324,85,2011,107,4335,California
Colusa,2021-03-18,325,6472,37,1584,218,4617,70,271,202,2474,123,2134,273,4608,California
Colusa,2021-03-19,79,6551,20,1604,57,4674,2,273,53,2503,26,2160,55,4663,California
Colusa,2021-03-20,49,6600,7,1611,41,4715,1,274,36,2527,13,2173,37,4700,California
Colusa,2021-03-21,6,6606,4,1615,2,4717,0,274,3,2527,3,2176,3,4703,California
Colusa,2021-03-22,62,6668,10,1625,43,4760,9,283,40,2554,22,2198,49,4752,California
Colusa,2021-03-23,81,6749,16,1641,63,4823,2,285,55,2585,26,2224,57,4809,California
Colusa,2021-03-24,342,7091,57,1698,279,5102,6,291,67,2382,275,2499,72,4881,California
Colusa,2021-03-25,107,7198,60,1758,42,5144,5,296,49,2378,58,2557,54,4935,California
Colusa,2021-03-26,298,7496,48,1806,246,5390,4,300,246,2576,52,2609,250,5185,California
Colusa,2021-03-27,63,7559,5,1811,58,5448,0,300,25,2563,38,2647,25,5210,California
Colusa,2021-03-28,16,7575,7,1818,9,5457,0,300,8,2563,8,2655,8,5218,California
Colusa,2021-03-29,73,7648,21,1839,46,5503,6,306,33,2562,40,2695,39,5257,California
Colusa,2021-03-30,149,7797,82,1921,65,5568,2,308,71,2557,78,2773,73,5330,California
Colusa,2021-03-31,234,8031,41,1962,193,5761,0,308,70,2464,163,2936,70,5400,California
Colusa,2021-04-01,435,8466,71,2033,309,6070,55,363,313,2710,121,3057,367,5767,California
Colusa,2021-04-02,82,8548,15,2048,53,6123,14,377,38,2718,44,3101,52,5819,California
Colusa,2021-04-03,60,8608,9,2057,28,6151,23,400,14,2708,46,3147,36,5855,California
Colusa,2021-04-04,18,8626,0,2057,8,6159,10,410,3,2706,15,3162,13,5868,California
Colusa,2021-04-05,97,8723,26,2083,55,6214,16,426,39,2703,58,3220,55,5923,California
Colusa,2021-04-06,130,8853,34,2117,45,6259,51,477,43,2710,87,3307,94,6017,California
Colusa,2021-04-07,358,9211,41,2158,294,6553,23,500,131,2638,227,3534,155,6172,California
Colusa,2021-04-08,423,9634,33,2191,364,6917,26,526,120,2484,300,3834,146,6318,California
Colusa,2021-04-09,77,9711,21,2212,32,6949,24,550,28,2487,49,3883,52,6370,California
Colusa,2021-04-10,46,9757,9,2221,16,6965,21,571,13,2488,33,3916,34,6404,California
Colusa,2021-04-11,17,9774,3,2224,12,6977,2,573,8,2489,9,3925,10,6414,California
Colusa,2021-04-12,31,9805,3,2227,28,7005,0,573,24,2506,7,3932,24,6438,California
Colusa,2021-04-13,278,10083,22,2249,256,7261,0,573,93,2415,184,4116,93,6531,California
Colusa,2021-04-14,93,10176,19,2268,74,7335,0,573,31,2384,62,4178,31,6562,California
Colusa,2021-04-15,327,10503,47,2315,280,7615,0,573,134,2325,193,4371,134,6696,California
Colusa,2021-04-16,81,10584,11,2326,70,7685,0,573,37,2319,43,4414,37,6733,California
Colusa,2021-04-17,51,10635,7,2333,44,7729,0,573,29,2326,22,4436,29,6762,California
Colusa,2021-04-18,9,10644,2,2335,7,7736,0,573,7,2331,2,4438,7,6769,California
Colusa,2021-04-19,61,10705,22,2357,39,7775,0,573,16,2302,45,4483,16,6785,California
Colusa,2021-04-20,180,10885,31,2388,149,7924,0,573,130,2382,50,4533,130,6915,California
Colusa,2021-04-21,171,11056,60,2448,111,8035,0,573,111,2433,60,4593,111,7026,California
Colusa,2021-04-22,418,11474,27,2475,390,8425,1,574,218,2452,199,4792,218,7244,California
Colusa,2021-04-23,93,11567,20,2495,73,8498,0,574,36,2431,57,4849,36,7280,California
Colusa,2021-04-24,240,11807,19,2514,220,8718,1,575,209,2609,31,4880,209,7489,California
Colusa,2021-04-25,12,11819,6,2520,6,8724,0,575,8,2613,4,4884,8,7497,California
Colusa,2021-04-26,25,11844,5,2525,19,8743,1,576,6,2601,18,4902,6,7503,California
Colusa,2021-04-27,94,11938,23,2548,67,8810,4,580,44,2599,50,4952,48,7551,California
Colusa,2021-04-28,189,12127,27,2575,159,8969,3,583,139,2692,49,5001,142,7693,California
Colusa,2021-04-29,320,12447,27,2602,289,9258,4,587,47,2472,271,5272,51,7744,California
Colusa,2021-04-30,64,12511,19,2621,45,9303,0,587,42,2492,22,5294,42,7786,California
Colusa,2021-05-01,19,12530,8,2629,8,9311,3,590,9,2494,10,5304,12,7798,California
Colusa,2021-05-02,4,12534,1,2630,2,9313,1,591,2,2495,2,5306,3,7801,California
Colusa,2021-05-03,31,12565,7,2637,24,9337,0,591,15,2494,16,5322,15,7816,California
Colusa,2021-05-04,94,12659,52,2689,41,9378,1,592,67,2535,27,5349,68,7884,California
Colusa,2021-05-05,79,12738,16,2705,62,9440,1,593,34,2525,45,5394,35,7919,California
Colusa,2021-05-06,253,12991,16,2721,235,9675,2,595,110,2494,143,5537,112,8031,California
Colusa,2021-05-07,66,13057,4,2725,58,9733,4,599,30,2492,36,5573,34,8065,California
Colusa,2021-05-08,19,13076,5,2730,14,9747,0,599,9,2491,10,5583,9,8074,California
Colusa,2021-05-09,13,13089,5,2735,5,9752,3,602,6,2493,7,5590,9,8083,California
Colusa,2021-05-10,15,13104,6,2741,9,9761,0,602,6,2490,9,5599,6,8089,California
Colusa,2021-05-11,92,13196,33,2774,59,9820,0,602,50,2498,42,5641,50,8139,California
Colusa,2021-05-12,72,13268,31,2805,37,9857,4,606,20,2470,52,5693,24,8163,California
Colusa,2021-05-13,241,13509,23,2828,217,10074,1,607,77,2384,164,5857,78,8241,California
Colusa,2021-05-14,86,13595,18,2846,53,10127,15,622,33,2380,52,5909,48,8289,California
Colusa,2021-05-15,37,13632,9,2855,26,10153,2,624,19,2383,18,5927,21,8310,California
Colusa,2021-05-16,22,13654,5,2860,10,10163,7,631,9,2386,13,5940,16,8326,California
Colusa,2021-05-17,24,13678,4,2864,18,10181,2,633,12,2388,12,5952,14,8340,California
Colusa,2021-05-18,99,13777,26,2890,71,10252,2,635,46,2383,53,6005,48,8388,California
Colusa,2021-05-19,219,13996,44,2934,155,10407,20,655,68,2320,151,6156,88,8476,California
Colusa,2021-05-20,283,14279,36,2970,243,10650,4,659,70,2181,213,6369,74,8550,California
Colusa,2021-05-21,70,14349,24,2994,44,10694,2,661,35,2183,35,6404,37,8587,California
Colusa,2021-05-22,219,14568,22,3016,196,10890,1,662,31,2027,188,6592,32,8619,California
Colusa,2021-05-23,18,14586,7,3023,7,10897,4,666,5,2023,13,6605,9,8628,California
Colusa,2021-05-24,26,14612,3,3026,18,10915,5,671,15,2032,11,6616,20,8648,California
Colusa,2021-05-25,135,14747,76,3102,57,10972,2,673,53,2005,82,6698,55,8703,California
Colusa,2021-05-26,72,14819,25,3127,47,11019,0,673,33,1999,39,6737,33,8736,California
Colusa,2021-05-27,170,14989,17,3144,153,11172,0,673,54,1937,116,6853,54,8790,California
Colusa,2021-05-28,79,15068,25,3169,53,11225,1,674,40,1939,39,6892,41,8831,California
Colusa,2021-05-29,40,15108,18,3187,18,11243,4,678,29,1961,11,6903,33,8864,California
Colusa,2021-05-30,8,15116,1,3188,2,11245,5,683,1,1960,7,6910,6,8870,California
Colusa,2021-05-31,4,15120,0,3188,4,11249,0,683,1,1958,3,6913,1,8871,California
Colusa,2021-06-01,50,15170,16,3204,33,11282,1,684,26,1961,24,6937,27,8898,California
Colusa,2021-06-02,146,15316,20,3224,124,11406,2,686,52,1922,93,7030,54,8952,California
Colusa,2021-06-03,61,15377,19,3243,41,11447,1,687,26,1917,32,7062,27,8979,California
Colusa,2021-06-04,59,15436,19,3262,37,11484,3,690,21,1903,38,7100,24,9003,California
Colusa,2021-06-05,35,15471,16,3278,18,11502,1,691,18,1905,17,7117,19,9022,California
Colusa,2021-06-06,9,15480,4,3282,4,11506,1,692,6,1909,3,7120,7,9029,California
Colusa,2021-06-07,22,15502,6,3288,16,11522,0,692,12,1911,10,7130,12,9041,California
Colusa,2021-06-08,74,15576,20,3308,54,11576,0,692,29,1895,45,7175,29,9070,California
Colusa,2021-06-09,69,15645,39,3347,30,11606,0,692,28,1882,41,7216,28,9098,California
Colusa,2021-06-10,56,15701,23,3370,31,11637,2,694,14,1856,42,7258,16,9114,California
Colusa,2021-06-11,60,15761,33,3403,27,11664,0,694,29,1854,31,7289,29,9143,California
Colusa,2021-06-12,36,15797,22,3425,14,11678,0,694,9,1836,27,7316,9,9152,California
Colusa,2021-06-13,10,15807,3,3428,5,11683,2,696,2,1832,8,7324,4,9156,California
Colusa,2021-06-14,19,15826,9,3437,10,11693,0,696,7,1827,12,7336,7,9163,California
Colusa,2021-06-15,77,15903,37,3474,39,11732,1,697,19,1789,58,7394,20,9183,California
Colusa,2021-06-16,56,15959,16,3490,39,11771,1,698,16,1766,40,7434,17,9200,California
Colusa,2021-06-17,76,16035,11,3501,64,11835,1,699,15,1721,61,7495,16,9216,California
Colusa,2021-06-18,63,16098,33,3534,28,11863,2,701,26,1712,37,7532,28,9244,California
Colusa,2021-06-19,27,16125,21,3555,6,11869,0,701,7,1700,19,7551,7,9251,California
Colusa,2021-06-20,6,16131,4,3559,2,11871,0,701,6,1706,0,7551,6,9257,California
Contra Costa,2020-12-15,18,18,18,18,0,0,0,0,18,18,0,0,18,18,California
Contra Costa,2020-12-16,525,543,525,543,0,0,0,0,525,543,0,0,525,543,California
Contra Costa,2020-12-17,1052,1595,1052,1595,0,0,0,0,1052,1595,0,0,1052,1595,California
Contra Costa,2020-12-18,1790,3385,1788,3383,2,2,0,0,1790,3385,0,0,1790,3385,California
Contra Costa,2020-12-19,1135,4520,1134,4517,1,3,0,0,1135,4520,0,0,1135,4520,California
Contra Costa,2020-12-20,611,5131,610,5127,1,4,0,0,611,5131,0,0,611,5131,California
Contra Costa,2020-12-21,1689,6820,1687,6814,2,6,0,0,1689,6820,0,0,1689,6820,California
Contra Costa,2020-12-22,1697,8517,1589,8403,108,114,0,0,1697,8517,0,0,1697,8517,California
Contra Costa,2020-12-23,1652,10169,1400,9803,252,366,0,0,1652,10169,0,0,1652,10169,California
Contra Costa,2020-12-24,670,10839,343,10146,327,693,0,0,670,10839,0,0,670,10839,California
Contra Costa,2020-12-25,44,10883,20,10166,24,717,0,0,44,10883,0,0,44,10883,California
Contra Costa,2020-12-26,667,11550,138,10304,529,1246,0,0,667,11550,0,0,667,11550,California
Contra Costa,2020-12-27,245,11795,87,10391,158,1404,0,0,245,11795,0,0,245,11795,California
Contra Costa,2020-12-28,1870,13665,877,11268,993,2397,0,0,1870,13665,0,0,1870,13665,California
Contra Costa,2020-12-29,1871,15536,829,12097,1042,3439,0,0,1871,15536,0,0,1871,15536,California
Contra Costa,2020-12-30,2454,17990,1228,13325,1226,4665,0,0,2452,17987,2,2,2453,17989,California
Contra Costa,2020-12-31,937,18927,310,13635,627,5292,0,0,936,18923,0,2,936,18925,California
Contra Costa,2021-01-01,68,18995,26,13661,42,5334,0,0,68,18991,0,2,68,18993,California
Contra Costa,2021-01-02,347,19342,179,13840,168,5502,0,0,347,19338,0,2,347,19340,California
Contra Costa,2021-01-03,189,19531,128,13968,61,5563,0,0,187,19525,0,2,187,19527,California
Contra Costa,2021-01-04,1924,21455,1254,15222,670,6233,0,0,1904,21411,18,20,1904,21431,California
Contra Costa,2021-01-05,2141,23596,1277,16499,864,7097,0,0,1852,22976,288,308,1853,23284,California
Contra Costa,2021-01-06,3338,26934,2288,18787,1050,8147,0,0,2507,24662,825,1133,2511,25795,California
Contra Costa,2021-01-07,3147,30081,2104,20891,1043,9190,0,0,1807,25132,1337,2470,1807,27602,California
Contra Costa,2021-01-08,3442,33523,2437,23328,1005,10195,0,0,1769,25236,1668,4138,1772,29374,California
Contra Costa,2021-01-09,1616,35139,1158,24486,458,10653,0,0,741,25105,874,5012,743,30117,California
Contra Costa,2021-01-10,374,35513,297,24783,77,10730,0,0,156,25043,218,5230,156,30273,California
Contra Costa,2021-01-11,3885,39398,3185,27968,700,11430,0,0,2233,25627,1652,6882,2236,32509,California
Contra Costa,2021-01-12,3976,43374,2981,30949,995,12425,0,0,2609,26873,1366,8248,2612,35121,California
Contra Costa,2021-01-13,4818,48192,2985,33934,1833,14258,0,0,3840,29740,974,9222,3841,38962,California
Contra Costa,2021-01-14,4387,52579,1591,35525,2796,17054,0,0,3991,33335,396,9618,3991,42953,California
Contra Costa,2021-01-15,5436,58015,2497,38022,2939,19993,0,0,5101,38108,334,9952,5107,48060,California
Contra Costa,2021-01-16,1783,59798,583,38605,1200,21193,0,0,1700,39726,83,10035,1701,49761,California
Contra Costa,2021-01-17,1685,61483,992,39597,693,21886,0,0,1563,41170,122,10157,1566,51327,California
Contra Costa,2021-01-18,3298,64781,1313,40910,1985,23871,0,0,2661,43202,632,10789,2664,53991,California
Contra Costa,2021-01-19,7147,71928,3207,44117,3940,27811,0,0,6133,48331,1009,11798,6138,60129,California
Contra Costa,2021-01-20,6819,78747,4204,48321,2615,30426,0,0,5564,52649,1251,13049,5569,65698,California
Contra Costa,2021-01-21,7113,85860,3149,51470,3964,34390,0,0,6371,58292,736,13785,6379,72077,California
Contra Costa,2021-01-22,6521,92381,2756,54226,3765,38155,0,0,5638,63059,874,14659,5641,77718,California
Contra Costa,2021-01-23,2100,94481,369,54595,1731,39886,0,0,1826,64615,272,14931,1828,79546,California
Contra Costa,2021-01-24,1630,96111,224,54819,1406,41292,0,0,1477,65943,153,15084,1481,81027,California
Contra Costa,2021-01-25,6784,102895,3067,57886,3717,45009,0,0,5176,69517,1606,16690,5180,86207,California
Contra Costa,2021-01-26,8254,111149,4759,62645,3495,48504,0,0,6363,74002,1883,18573,6368,92575,California
Contra Costa,2021-01-27,8345,119494,5480,68125,2865,51369,0,0,6454,78582,1879,20452,6459,99034,California
Contra Costa,2021-01-28,7605,127099,4125,72250,3480,54849,0,0,5955,82897,1644,22096,5959,104993,California
Contra Costa,2021-01-29,7579,134678,3942,76192,3637,58486,0,0,6236,87797,1338,23434,6238,111231,California
Contra Costa,2021-01-30,2192,136870,667,76859,1525,60011,0,0,1785,89182,400,23834,1785,113016,California
Contra Costa,2021-01-31,685,137555,454,77313,231,60242,0,0,589,89678,93,23927,589,113605,California
Contra Costa,2021-02-01,5932,143487,4119,81432,1813,62055,0,0,4010,91778,1914,25841,4014,117619,California
Contra Costa,2021-02-02,7692,151179,5146,86578,2546,64601,0,0,5974,96038,1717,27558,5977,123596,California
Contra Costa,2021-02-03,8427,159606,5556,92134,2871,67472,0,0,5719,99062,2698,30256,5722,129318,California
Contra Costa,2021-02-04,7653,167259,3634,95768,4019,71491,0,0,5870,103154,1781,32037,5873,135191,California
Contra Costa,2021-02-05,8563,175822,4875,100643,3688,75179,0,0,5847,106292,2709,34746,5847,141038,California
Contra Costa,2021-02-06,3559,179381,2197,102840,1362,76541,0,0,2896,108527,662,35408,2897,143935,California
Contra Costa,2021-02-07,1004,180385,727,103567,277,76818,0,0,612,108749,390,35798,612,144547,California
Contra Costa,2021-02-08,5976,186361,3553,107120,2423,79241,0,0,4442,111665,1527,37325,4443,148990,California
Contra Costa,2021-02-09,8827,195188,4884,112004,3943,83184,0,0,5881,114609,2938,40263,5882,154872,California
Contra Costa,2021-02-10,8788,203976,4738,116742,4050,87234,0,0,5430,116700,3343,43606,5434,160306,California
Contra Costa,2021-02-11,9492,213468,4281,121023,5211,92445,0,0,5351,117921,4135,47741,5356,165662,California
Contra Costa,2021-02-12,10227,223695,4674,125697,5553,97998,0,0,5518,118741,4701,52442,5521,171183,California
Contra Costa,2021-02-13,4961,228656,1395,127092,3566,101564,0,0,3452,120689,1506,53948,3454,174637,California
Contra Costa,2021-02-14,2130,230786,882,127974,1248,102812,0,0,1242,121045,886,54834,1242,175879,California
Contra Costa,2021-02-15,4534,235320,2494,130468,2040,104852,0,0,2365,121250,2161,56995,2366,178245,California
Contra Costa,2021-02-16,10546,245866,4968,135436,5578,110430,0,0,4703,120122,5835,62830,4707,182952,California
Contra Costa,2021-02-17,12478,258344,6257,141693,6221,116651,0,0,5736,119132,6727,69557,5737,188689,California
Contra Costa,2021-02-18,11640,269984,6049,147742,5591,122242,0,0,5381,118267,6248,75805,5383,194072,California
Contra Costa,2021-02-19,11633,281617,7259,155001,4374,126616,0,0,5278,117207,6340,82145,5280,199352,California
Contra Costa,2021-02-20,6637,288254,3010,158011,3627,130243,0,0,4673,119937,1947,84092,4677,204029,California
Contra Costa,2021-02-21,2375,290629,1774,159785,601,130844,0,0,1592,120747,782,84874,1592,205621,California
Contra Costa,2021-02-22,7874,298503,5321,165106,2553,133397,0,0,3631,120153,4228,89102,3634,209255,California
Contra Costa,2021-02-23,12382,310885,7626,172732,4756,138153,0,0,6233,120259,6135,95237,6241,215496,California
Contra Costa,2021-02-24,10917,321802,8030,180762,2887,141040,0,0,5300,119963,5598,100835,5302,220798,California
Contra Costa,2021-02-25,12078,333880,7663,188425,4415,145455,0,0,5608,119128,6449,107284,5614,226412,California
Contra Costa,2021-02-26,11294,345174,7142,195567,4152,149607,0,0,5603,119057,5676,112960,5605,232017,California
Contra Costa,2021-02-27,7034,352208,4544,200111,2490,152097,0,0,4406,120845,2620,115580,4408,236425,California
Contra Costa,2021-02-28,4426,356634,3677,203788,748,152845,1,1,3733,123890,690,116270,3735,240160,California
Contra Costa,2021-03-01,8786,365420,6661,210449,2119,154964,6,7,5426,125980,3344,119614,5434,245594,California
Contra Costa,2021-03-02,10845,376265,6957,217406,3887,158851,1,8,5808,126769,5021,124635,5810,251404,California
Contra Costa,2021-03-03,11580,387845,7296,224702,4283,163134,1,9,6543,128291,5023,129658,6545,257949,California
Contra Costa,2021-03-04,12212,400057,7295,231997,4916,168050,1,10,6335,128770,5858,135516,6337,264286,California
Contra Costa,2021-03-05,11721,411778,7021,239018,4693,172743,7,17,6734,130543,4969,140485,6742,271028,California
Contra Costa,2021-03-06,7642,419420,4276,243294,3052,175795,314,331,4980,133188,2647,143132,5292,276320,California
Contra Costa,2021-03-07,3942,423362,2509,245803,1371,177166,62,393,3239,135788,701,143833,3301,279621,California
Contra Costa,2021-03-08,8403,431765,3981,249784,4112,181278,310,703,5656,139023,2735,146568,5970,285591,California
Contra Costa,2021-03-09,11334,443099,6018,255802,5018,186296,298,1001,5936,139873,5387,151955,6237,291828,California
Contra Costa,2021-03-10,12678,455777,6377,262179,4789,191085,1512,2513,5785,140280,6880,158835,7287,299115,California
Contra Costa,2021-03-11,12713,468490,6676,268855,5467,196552,570,3083,6503,141165,6187,165022,7072,306187,California
Contra Costa,2021-03-12,12851,481341,5301,274156,6977,203529,573,3656,6404,141709,6429,171451,6973,313160,California
Contra Costa,2021-03-13,8025,489366,3233,277389,4359,207888,433,4089,3161,140455,4843,176294,3589,316749,California
Contra Costa,2021-03-14,4526,493892,2669,280058,1356,209244,501,4590,1731,139899,2787,179081,2231,318980,California
Contra Costa,2021-03-15,9645,503537,5247,285305,3628,212872,770,5360,4763,140570,4862,183943,5533,324513,California
Contra Costa,2021-03-16,14581,518118,8694,293999,5475,218347,412,5772,7192,140809,7363,191306,7602,332115,California
Contra Costa,2021-03-17,15340,533458,10613,304612,4503,222850,224,5996,8569,142863,6744,198050,8798,340913,California
Contra Costa,2021-03-18,15649,549107,8749,313361,6412,229262,488,6484,8626,144988,6988,205038,9113,350026,California
Contra Costa,2021-03-19,15910,565017,9205,322566,5271,234533,1434,7918,8221,146975,7671,212709,9658,359684,California
Contra Costa,2021-03-20,10898,575915,6541,329107,4041,238574,316,8234,5142,146700,5732,218441,5457,365141,California
Contra Costa,2021-03-21,4688,580603,4092,333199,498,239072,98,8332,1832,145784,2845,221286,1929,367070,California
Contra Costa,2021-03-22,11846,592449,8939,342138,2645,241717,262,8594,6872,147959,4957,226243,7132,374202,California
Contra Costa,2021-03-23,15921,608370,10979,353117,4770,246487,172,8766,9152,150544,6740,232983,9325,383527,California
Contra Costa,2021-03-24,15240,623610,11897,365014,3128,249615,215,8981,9196,153946,6011,238994,9413,392940,California
Contra Costa,2021-03-25,15599,639209,12185,377199,3121,252736,293,9274,9521,157714,6041,245035,9809,402749,California
Contra Costa,2021-03-26,15282,654491,10993,388192,3882,256618,407,9681,8764,160389,6490,251525,9165,411914,California
Contra Costa,2021-03-27,10737,665228,6997,395189,3222,259840,518,10199,5707,161589,5018,256543,6218,418132,California
Contra Costa,2021-03-28,4322,669550,3076,398265,1191,261031,55,10254,1657,160647,2654,259197,1712,419844,California
Contra Costa,2021-03-29,11087,680637,8650,406915,2319,263350,118,10372,7034,163768,4034,263231,7155,426999,California
Contra Costa,2021-03-30,17056,697693,9349,416264,6344,269694,1363,11735,10522,169134,6515,269746,11881,438880,California
Contra Costa,2021-03-31,18331,716024,12875,429139,4000,273694,1456,13191,11514,175326,6770,276516,12962,451842,California
Contra Costa,2021-04-01,17867,733891,12516,441655,3950,277644,1401,14592,11585,182060,6247,282763,12981,464823,California
Contra Costa,2021-04-02,17767,751658,13089,454744,3644,281288,1034,15626,11764,188863,5990,288753,12793,477616,California
Contra Costa,2021-04-03,11044,762702,6593,461337,2887,284175,1564,17190,6316,192023,4714,293467,7874,485490,California
Contra Costa,2021-04-04,3424,766126,1346,462683,1472,285647,606,17796,861,190934,2554,296021,1465,486955,California
Contra Costa,2021-04-05,12295,778421,7997,470680,3308,288955,990,18786,6651,192946,5629,301650,7641,494596,California
Contra Costa,2021-04-06,17556,795977,12176,482856,3078,292033,2302,21088,9835,197381,7699,309349,12134,506730,California
Contra Costa,2021-04-07,18812,814789,12753,495609,3222,295255,2837,23925,10670,202802,8120,317469,13541,520271,California
Contra Costa,2021-04-08,18940,833729,12621,508230,3376,298631,2943,26868,10144,207110,8769,326238,13077,533348,California
Contra Costa,2021-04-09,19144,852873,12203,520433,4416,303047,2525,29393,10244,211003,8869,335107,12762,546110,California
Contra Costa,2021-04-10,10713,863586,3864,524297,2225,305272,4624,34017,3338,211592,7355,342462,7944,554054,California
Contra Costa,2021-04-11,3440,867026,2046,526343,719,305991,675,34692,1157,211146,2277,344739,1831,555885,California
Contra Costa,2021-04-12,12169,879195,8017,534360,3063,309054,1089,35781,5708,211508,6441,351180,6803,562688,California
Contra Costa,2021-04-13,18172,897367,11162,545522,7002,316056,8,35789,12121,217620,6023,357203,12135,574823,California
Contra Costa,2021-04-14,17971,915338,11298,556820,6672,322728,1,35790,9983,219647,7962,365165,9989,584812,California
Contra Costa,2021-04-15,17756,933094,10909,567729,6846,329574,1,35791,8228,218402,9498,374663,8253,593065,California
Contra Costa,2021-04-16,17180,950274,10704,578433,6475,336049,1,35792,7748,216758,9405,384068,7761,600826,California
Contra Costa,2021-04-17,11698,961972,6442,584875,5256,341305,0,35792,6296,217682,5384,389452,6308,607134,California
Contra Costa,2021-04-18,2834,964806,2182,587057,652,341957,0,35792,1821,218500,1003,390455,1821,608955,California
Contra Costa,2021-04-19,11578,976384,8633,595690,2945,344902,0,35792,3650,214254,7899,398354,3653,612608,California
Contra Costa,2021-04-20,17022,993406,11046,606736,5976,350878,0,35792,6431,210148,10561,408915,6455,619063,California
Contra Costa,2021-04-21,17628,1011034,14382,621118,3245,354123,1,35793,6294,205163,11294,420209,6309,625372,California
Contra Costa,2021-04-22,17375,1028409,14086,635204,3287,357410,2,35795,6129,200093,11210,431419,6140,631512,California
Contra Costa,2021-04-23,17211,1045620,13687,648891,3524,360934,0,35795,5535,193999,11638,443057,5544,637056,California
Contra Costa,2021-04-24,11094,1056714,8552,657443,2541,363475,1,35796,4249,191431,6821,449878,4253,641309,California
Contra Costa,2021-04-25,3325,1060039,2229,659672,1094,364569,2,35798,2091,192296,1232,451110,2097,643406,California
Contra Costa,2021-04-26,10113,1070152,8427,668099,1662,366231,24,35822,3046,188332,7047,458157,3083,646489,California
Contra Costa,2021-04-27,14810,1084962,10800,678899,3833,370064,177,35999,4036,181808,10748,468905,4224,650713,California
Contra Costa,2021-04-28,14381,1099343,11202,690101,2891,372955,288,36287,3860,175478,10486,479391,4156,654869,California
Contra Costa,2021-04-29,13557,1112900,10498,700599,2888,375843,171,36458,3232,168590,10296,489687,3408,658277,California
Contra Costa,2021-04-30,13876,1126776,10953,711552,2663,378506,260,36718,3138,161285,10709,500396,3404,661681,California
Contra Costa,2021-05-01,8137,1134913,5913,717465,1900,380406,324,37042,1926,157354,6181,506577,2250,663931,California
Contra Costa,2021-05-02,2375,1137288,1611,719076,682,381088,82,37124,996,157064,1368,507945,1078,665009,California
Contra Costa,2021-05-03,9186,1146474,8072,727148,935,382023,179,37303,1934,151945,7235,515180,2116,667125,California
Contra Costa,2021-05-04,14215,1160689,12277,739425,1609,383632,329,37632,2290,142668,11896,527076,2619,669744,California
Contra Costa,2021-05-05,12653,1173342,10917,750342,1535,385167,201,37833,2420,135085,10205,537281,2622,672366,California
Contra Costa,2021-05-06,10377,1183719,8620,758962,1419,386586,338,38171,1945,128967,8408,545689,2290,674656,California
Contra Costa,2021-05-07,9727,1193446,7817,766779,1684,388270,226,38397,2229,123954,7464,553153,2451,677107,California
Contra Costa,2021-05-08,5362,1198808,4036,770815,1156,389426,170,38567,1247,121275,4100,557253,1421,678528,California
Contra Costa,2021-05-09,2136,1200944,1802,772617,275,389701,59,38626,460,120126,1670,558923,521,679049,California
Contra Costa,2021-05-10,4966,1205910,3972,776589,773,390474,221,38847,1340,118081,3604,562527,1559,680608,California
Contra Costa,2021-05-11,8846,1214756,4605,781194,4003,394477,238,39085,1744,112989,7081,569608,1989,682597,California
Contra Costa,2021-05-12,9332,1224088,4810,786004,4256,398733,266,39351,1676,107308,7629,577237,1948,684545,California
Contra Costa,2021-05-13,11809,1235897,7871,793875,3751,402484,187,39538,4231,104181,7550,584787,4423,688968,California
Contra Costa,2021-05-14,12255,1248152,8180,802055,3791,406275,284,39822,5062,102357,7169,591956,5345,694313,California
Contra Costa,2021-05-15,10080,1258232,7321,809376,2640,408915,119,39941,4432,101276,5634,597590,4553,698866,California
Contra Costa,2021-05-16,2461,1260693,2154,811530,261,409176,46,39987,1098,101062,1357,598947,1143,700009,California
Contra Costa,2021-05-17,7078,1267771,5707,817237,1198,410374,173,40160,3557,101293,3501,602448,3732,703741,California
Contra Costa,2021-05-18,10298,1278069,7041,824278,3038,413412,219,40379,4490,100228,5778,608226,4713,708454,California
Contra Costa,2021-05-19,8526,1286595,6893,831171,1437,414849,196,40575,3869,99658,4638,612864,4068,712522,California
Contra Costa,2021-05-20,7173,1293768,5659,836830,1327,416176,187,40762,3364,99427,3782,616646,3551,716073,California
Contra Costa,2021-05-21,7117,1300885,5454,842284,1449,417625,214,40976,3278,99103,3813,620459,3489,719562,California
Contra Costa,2021-05-22,5128,1306013,4053,846337,894,418519,181,41157,2496,99170,2608,623067,2675,722237,California
Contra Costa,2021-05-23,1223,1307236,800,847137,367,418886,56,41213,598,99205,618,623685,653,722890,California
Contra Costa,2021-05-24,4682,1311918,3876,851013,629,419515,177,41390,2199,99112,2472,626157,2379,725269,California
Contra Costa,2021-05-25,6295,1318213,5123,856136,920,420435,252,41642,2660,98405,3618,629775,2911,728180,California
Contra Costa,2021-05-26,5652,1323865,3631,859767,1831,422266,190,41832,1964,96892,3666,633441,2153,730333,California
Contra Costa,2021-05-27,3820,1327685,2699,862466,943,423209,178,42010,1634,96528,2171,635612,1807,732140,California
Contra Costa,2021-05-28,5383,1333068,3763,866229,1446,424655,174,42184,2258,95854,3102,638714,2428,734568,California
Contra Costa,2021-05-29,3284,1336352,2134,868363,1033,425688,117,42301,1655,96007,1619,640333,1772,736340,California
Contra Costa,2021-05-30,928,1337280,587,868950,313,426001,28,42329,361,95831,565,640898,389,736729,California
Contra Costa,2021-05-31,391,1337671,270,869220,109,426110,12,42341,128,95710,260,641158,139,736868,California
Contra Costa,2021-06-01,4805,1342476,3576,872796,1085,427195,144,42485,1720,94506,3068,644226,1864,738732,California
Contra Costa,2021-06-02,3432,1345908,2428,875224,858,428053,146,42631,1400,94030,2021,646247,1545,740277,California
Contra Costa,2021-06-03,5450,1351358,4544,879768,791,428844,115,42746,1459,91620,3984,650231,1574,741851,California
Contra Costa,2021-06-04,6421,1357779,5391,885159,892,429736,138,42884,1623,88596,4782,655013,1758,743609,California
Contra Costa,2021-06-05,5211,1362990,4421,889580,678,430414,112,42996,1116,85738,4084,659097,1226,744835,California
Contra Costa,2021-06-06,1355,1364345,1184,890764,142,430556,29,43025,381,85179,969,660066,410,745245,California
Contra Costa,2021-06-07,4953,1369298,4359,895123,494,431050,100,43125,1413,83164,3529,663595,1514,746759,California
Contra Costa,2021-06-08,6112,1375410,5274,900397,715,431765,123,43248,1445,80080,4653,668248,1569,748328,California
Contra Costa,2021-06-09,4862,1380272,4144,904541,570,432335,148,43396,1253,77891,3591,671839,1402,749730,California
Contra Costa,2021-06-10,4786,1385058,4021,908562,595,432930,170,43566,1240,75771,3530,675369,1410,751140,California
Contra Costa,2021-06-11,4852,1389910,3982,912544,671,433601,199,43765,1286,73704,3551,678920,1484,752624,California
Contra Costa,2021-06-12,3170,1393080,2690,915234,413,434014,67,43832,728,72064,2433,681353,793,753417,California
Contra Costa,2021-06-13,1144,1394224,854,916088,182,434196,108,43940,290,71615,847,682200,398,753815,California
Contra Costa,2021-06-14,3883,1398107,3277,919365,478,434674,128,44068,1138,70150,2728,684928,1263,755078,California
Contra Costa,2021-06-15,4154,1402261,3466,922831,525,435199,163,44231,1289,68746,2855,687783,1451,756529,California
Contra Costa,2021-06-16,3437,1405698,2812,925643,443,435642,182,44413,1181,67873,2234,690017,1361,757890,California
Contra Costa,2021-06-17,2737,1408435,2238,927881,368,436010,131,44544,1029,67331,1699,691716,1157,759047,California
Contra Costa,2021-06-18,3552,1411987,2960,930841,446,436456,146,44690,1258,66451,2282,693998,1402,760449,California
Contra Costa,2021-06-19,1965,1413952,1666,932507,220,436676,79,44769,548,65667,1412,695410,628,761077,California
Contra Costa,2021-06-20,314,1414266,252,932759,41,436717,21,44790,114,65604,198,695608,135,761212,California
Del Norte,2020-12-21,22,22,22,22,0,0,0,0,22,22,0,0,22,22,California
Del Norte,2020-12-22,45,67,45,67,0,0,0,0,45,67,0,0,45,67,California
Del Norte,2020-12-23,59,126,48,115,11,11,0,0,57,124,0,0,57,124,California
Del Norte,2020-12-28,35,161,35,150,0,11,0,0,35,159,0,0,35,159,California
Del Norte,2020-12-29,4,165,4,154,0,11,0,0,4,163,0,0,4,163,California
Del Norte,2020-12-30,68,233,56,210,12,23,0,0,68,231,0,0,68,231,California
Del Norte,2020-12-31,16,249,13,223,3,26,0,0,16,247,0,0,16,247,California
Del Norte,2021-01-04,103,352,50,273,53,79,0,0,103,350,0,0,103,350,California
Del Norte,2021-01-05,31,383,0,273,31,110,0,0,31,381,0,0,31,381,California
Del Norte,2021-01-06,77,460,18,291,59,169,0,0,77,458,0,0,77,458,California
Del Norte,2021-01-07,21,481,1,292,20,189,0,0,21,479,0,0,21,479,California
Del Norte,2021-01-08,78,559,7,299,71,260,0,0,78,557,0,0,78,557,California
Del Norte,2021-01-11,39,598,20,319,19,279,0,0,18,555,21,21,19,576,California
Del Norte,2021-01-12,50,648,31,350,19,298,0,0,30,565,20,41,30,606,California
Del Norte,2021-01-13,84,732,40,390,44,342,0,0,51,583,33,74,51,657,California
Del Norte,2021-01-14,53,785,14,404,39,381,0,0,47,624,6,80,47,704,California
Del Norte,2021-01-15,107,892,18,422,89,470,0,0,95,707,12,92,95,799,California
Del Norte,2021-01-17,1,893,1,423,0,470,0,0,1,708,0,92,1,800,California
Del Norte,2021-01-18,2,895,0,423,2,472,0,0,2,710,0,92,2,802,California
Del Norte,2021-01-19,120,1015,57,480,63,535,0,0,77,744,43,135,77,879,California
Del Norte,2021-01-20,159,1174,84,564,75,610,0,0,96,777,63,198,96,975,California
Del Norte,2021-01-21,43,1217,40,604,3,613,0,0,32,798,11,209,32,1007,California
Del Norte,2021-01-22,19,1236,17,621,2,615,0,0,12,803,7,216,12,1019,California
Del Norte,2021-01-23,1,1237,0,621,1,616,0,0,1,804,0,216,1,1020,California
Del Norte,2021-01-24,1,1238,0,621,1,617,0,0,1,805,0,216,1,1021,California
Del Norte,2021-01-25,101,1339,83,704,18,635,0,0,56,816,45,261,56,1077,California
Del Norte,2021-01-26,18,1357,11,715,7,642,0,0,7,812,11,272,7,1084,California
Del Norte,2021-01-27,64,1421,21,736,43,685,0,0,61,870,3,275,61,1145,California
Del Norte,2021-01-28,293,1714,20,756,273,958,0,0,288,1153,5,280,288,1433,California
Del Norte,2021-01-29,62,1776,21,777,41,999,0,0,44,1179,18,298,44,1477,California
Del Norte,2021-01-30,8,1784,1,778,7,1006,0,0,8,1187,0,298,8,1485,California
Del Norte,2021-02-01,40,1824,1,779,39,1045,0,0,25,1197,15,313,25,1510,California
Del Norte,2021-02-02,140,1964,34,813,106,1151,0,0,73,1204,66,379,73,1583,California
Del Norte,2021-02-03,129,2093,42,855,87,1238,0,0,74,1223,55,434,74,1657,California
Del Norte,2021-02-04,69,2162,27,882,42,1280,0,0,40,1234,29,463,40,1697,California
Del Norte,2021-02-05,184,2346,22,904,162,1442,0,0,118,1287,65,528,118,1815,California
Del Norte,2021-02-06,309,2655,3,907,306,1748,0,0,309,1596,0,528,309,2124,California
Del Norte,2021-02-08,36,2691,1,908,35,1783,0,0,32,1624,4,532,32,2156,California
Del Norte,2021-02-09,8,2699,5,913,3,1786,0,0,2,1620,6,538,2,2158,California
Del Norte,2021-02-10,142,2841,20,933,122,1908,0,0,86,1651,55,593,86,2244,California
Del Norte,2021-02-11,176,3017,58,991,118,2026,0,0,63,1601,113,706,63,2307,California
Del Norte,2021-02-12,122,3139,14,1005,108,2134,0,0,68,1615,54,760,68,2375,California
Del Norte,2021-02-13,2,3141,1,1006,1,2135,0,0,2,1617,0,760,2,2377,California
Del Norte,2021-02-14,3,3144,1,1007,2,2137,0,0,2,1618,1,761,2,2379,California
Del Norte,2021-02-15,5,3149,0,1007,5,2142,0,0,3,1619,2,763,3,2382,California
Del Norte,2021-02-16,132,3281,1,1008,131,2273,0,0,13,1513,119,882,13,2395,California
Del Norte,2021-02-17,92,3373,19,1027,73,2346,0,0,24,1470,67,949,24,2419,California
Del Norte,2021-02-18,76,3449,24,1051,52,2398,0,0,50,1494,26,975,50,2469,California
Del Norte,2021-02-19,43,3492,17,1068,26,2424,0,0,33,1517,10,985,33,2502,California
Del Norte,2021-02-20,9,3501,6,1074,3,2427,0,0,6,1520,3,988,6,2508,California
Del Norte,2021-02-22,2,3503,0,1074,2,2429,0,0,2,1522,0,988,2,2510,California
Del Norte,2021-02-23,105,3608,88,1162,17,2446,0,0,29,1476,76,1064,30,2540,California
Del Norte,2021-02-24,155,3763,100,1262,55,2501,0,0,80,1481,75,1139,80,2620,California
Del Norte,2021-02-25,478,4241,131,1393,347,2848,0,0,213,1431,263,1402,213,2833,California
Del Norte,2021-02-26,211,4452,175,1568,36,2884,0,0,164,1548,47,1449,164,2997,California
Del Norte,2021-02-27,147,4599,141,1709,5,2889,1,1,140,1682,7,1456,141,3138,California
Del Norte,2021-02-28,3,4602,0,1709,3,2892,0,1,3,1685,0,1456,3,3141,California
Del Norte,2021-03-01,27,4629,2,1711,25,2917,0,1,4,1667,22,1478,4,3145,California
Del Norte,2021-03-02,223,4852,143,1854,80,2997,0,1,189,1822,34,1512,189,3334,California
Del Norte,2021-03-03,176,5028,107,1961,69,3066,0,1,134,1914,42,1554,134,3468,California
Del Norte,2021-03-04,119,5147,82,2043,37,3103,0,1,91,1978,27,1581,91,3559,California
Del Norte,2021-03-05,122,5269,11,2054,111,3214,0,1,74,2004,48,1629,74,3633,California
Del Norte,2021-03-06,464,5733,77,2131,338,3552,49,50,163,1873,301,1930,170,3803,California
Del Norte,2021-03-07,1,5734,1,2132,0,3552,0,50,1,1874,0,1930,1,3804,California
Del Norte,2021-03-08,30,5764,0,2132,28,3580,2,52,6,1859,23,1953,8,3812,California
Del Norte,2021-03-09,194,5958,113,2245,78,3658,3,55,183,2034,11,1964,186,3998,California
Del Norte,2021-03-10,234,6192,95,2340,111,3769,28,83,134,2096,100,2064,162,4160,California
Del Norte,2021-03-11,150,6342,55,2395,90,3859,5,88,102,2155,48,2112,107,4267,California
Del Norte,2021-03-12,178,6520,89,2484,89,3948,0,88,125,2227,53,2165,125,4392,California
Del Norte,2021-03-13,94,6614,93,2577,1,3949,0,88,91,2315,3,2168,91,4483,California
Del Norte,2021-03-14,1,6615,0,2577,1,3950,0,88,0,2314,1,2169,0,4483,California
Del Norte,2021-03-15,38,6653,0,2577,38,3988,0,88,34,2344,4,2173,34,4517,California
Del Norte,2021-03-16,279,6932,134,2711,145,4133,0,88,259,2583,20,2193,259,4776,California
Del Norte,2021-03-17,284,7216,95,2806,187,4320,2,90,170,2641,114,2307,172,4948,California
Del Norte,2021-03-18,284,7500,107,2913,175,4495,2,92,150,2660,133,2440,152,5100,California
Del Norte,2021-03-19,268,7768,158,3071,104,4599,6,98,92,2582,176,2616,98,5198,California
Del Norte,2021-03-20,157,7925,154,3225,3,4602,0,98,15,2455,142,2758,15,5213,California
Del Norte,2021-03-21,4,7929,2,3227,2,4604,0,98,2,2455,2,2760,2,5215,California
Del Norte,2021-03-22,42,7971,2,3229,39,4643,1,99,38,2491,3,2763,39,5254,California
Del Norte,2021-03-23,334,8305,165,3394,151,4794,18,117,163,2502,169,2932,180,5434,California
Del Norte,2021-03-24,395,8700,106,3500,249,5043,40,157,227,2601,168,3100,267,5701,California
Del Norte,2021-03-25,192,8892,88,3588,104,5147,0,157,85,2580,106,3206,85,5786,California
Del Norte,2021-03-26,232,9124,113,3701,119,5266,0,157,195,2738,37,3243,195,5981,California
Del Norte,2021-03-27,107,9231,86,3787,4,5270,17,174,17,2682,90,3333,34,6015,California
Del Norte,2021-03-28,4,9235,2,3789,2,5272,0,174,1,2680,3,3336,1,6016,California
Del Norte,2021-03-29,57,9292,6,3795,34,5306,17,191,32,2704,25,3361,49,6065,California
Del Norte,2021-03-30,338,9630,119,3914,208,5514,11,202,126,2629,212,3573,137,6202,California
Del Norte,2021-03-31,356,9986,101,4015,238,5752,17,219,200,2692,154,3727,217,6419,California
Del Norte,2021-04-01,164,10150,58,4073,72,5824,34,253,69,2701,94,3821,103,6522,California
Del Norte,2021-04-02,233,10383,79,4152,105,5929,49,302,49,2616,184,4005,99,6621,California
Del Norte,2021-04-03,108,10491,83,4235,2,5931,23,325,5,2542,102,4107,28,6649,California
Del Norte,2021-04-04,4,10495,0,4235,0,5931,4,329,0,2542,4,4111,4,6653,California
Del Norte,2021-04-05,46,10541,4,4239,38,5969,4,333,40,2580,6,4117,44,6697,California
Del Norte,2021-04-06,380,10921,120,4359,223,6192,37,370,146,2534,230,4347,184,6881,California
Del Norte,2021-04-07,437,11358,115,4474,261,6453,61,431,289,2737,148,4495,351,7232,California
Del Norte,2021-04-08,229,11587,54,4528,106,6559,69,500,105,2787,124,4619,174,7406,California
Del Norte,2021-04-09,207,11794,47,4575,83,6642,77,577,100,2856,106,4725,175,7581,California
Del Norte,2021-04-10,47,11841,26,4601,4,6646,17,594,27,2880,20,4745,44,7625,California
Del Norte,2021-04-11,10,11851,3,4604,0,6646,7,601,1,2879,9,4754,8,7633,California
Del Norte,2021-04-12,27,11878,1,4605,9,6655,17,618,1,2872,25,4779,18,7651,California
Del Norte,2021-04-13,296,12174,49,4654,247,6902,0,618,155,2886,141,4920,155,7806,California
Del Norte,2021-04-14,331,12505,23,4677,308,7210,0,618,139,2838,192,5112,144,7950,California
Del Norte,2021-04-15,164,12669,30,4707,134,7344,0,618,44,2763,120,5232,45,7995,California
Del Norte,2021-04-16,161,12830,39,4746,122,7466,0,618,59,2721,102,5334,60,8055,California
Del Norte,2021-04-17,109,12939,77,4823,32,7498,0,618,103,2818,6,5340,103,8158,California
Del Norte,2021-04-18,6,12945,5,4828,1,7499,0,618,5,2822,1,5341,5,8163,California
Del Norte,2021-04-19,50,12995,6,4834,44,7543,0,618,8,2788,42,5383,8,8171,California
Del Norte,2021-04-20,206,13201,40,4874,166,7709,0,618,72,2726,134,5517,72,8243,California
Del Norte,2021-04-21,291,13492,24,4898,267,7976,0,618,66,2571,225,5742,70,8313,California
Del Norte,2021-04-22,114,13606,15,4913,99,8075,0,618,62,2581,52,5794,62,8375,California
Del Norte,2021-04-23,151,13757,22,4935,129,8204,0,618,39,2508,112,5906,39,8414,California
Del Norte,2021-04-24,26,13783,15,4950,11,8215,0,618,21,2524,5,5911,21,8435,California
Del Norte,2021-04-25,2,13785,0,4950,2,8217,0,618,2,2526,0,5911,2,8437,California
Del Norte,2021-04-26,31,13816,0,4950,31,8248,0,618,9,2513,22,5933,9,8446,California
Del Norte,2021-04-27,181,13997,21,4971,155,8403,5,623,50,2438,131,6064,56,8502,California
Del Norte,2021-04-28,351,14348,100,5071,246,8649,5,628,63,2220,287,6351,69,8571,California
Del Norte,2021-04-29,93,14441,6,5077,83,8732,4,632,26,2183,67,6418,30,8601,California
Del Norte,2021-04-30,87,14528,7,5084,70,8802,10,642,47,2200,40,6458,57,8658,California
Del Norte,2021-05-01,7,14535,2,5086,5,8807,0,642,5,2203,2,6460,5,8663,California
Del Norte,2021-05-02,8,14543,0,5086,8,8815,0,642,8,2211,0,6460,8,8671,California
Del Norte,2021-05-03,40,14583,3,5089,34,8849,3,645,2,2179,37,6497,5,8676,California
Del Norte,2021-05-04,222,14805,36,5125,181,9030,5,650,47,2056,175,6672,52,8728,California
Del Norte,2021-05-05,235,15040,20,5145,207,9237,8,658,60,1950,174,6846,68,8796,California
Del Norte,2021-05-06,111,15151,25,5170,73,9310,13,671,26,1904,85,6931,39,8835,California
Del Norte,2021-05-07,150,15301,27,5197,119,9429,4,675,31,1820,119,7050,35,8870,California
Del Norte,2021-05-08,65,15366,55,5252,8,9437,2,677,7,1771,58,7108,9,8879,California
Del Norte,2021-05-09,9,15375,4,5256,2,9439,3,680,2,1769,7,7115,5,8884,California
Del Norte,2021-05-10,24,15399,3,5259,17,9456,4,684,14,1777,10,7125,18,8902,California
Del Norte,2021-05-11,173,15572,50,5309,121,9577,2,686,34,1674,139,7264,36,8938,California
Del Norte,2021-05-12,151,15723,24,5333,117,9694,10,696,27,1588,123,7387,37,8975,California
Del Norte,2021-05-13,68,15791,30,5363,37,9731,1,697,38,1597,30,7417,39,9014,California
Del Norte,2021-05-14,76,15867,26,5389,49,9780,1,698,41,1604,35,7452,42,9056,California
Del Norte,2021-05-15,97,15964,54,5443,37,9817,6,704,53,1619,44,7496,59,9115,California
Del Norte,2021-05-16,11,15975,0,5443,11,9828,0,704,11,1630,0,7496,11,9126,California
Del Norte,2021-05-17,26,16001,3,5446,20,9848,3,707,15,1637,11,7507,18,9144,California
Del Norte,2021-05-18,130,16131,71,5517,59,9907,0,707,83,1673,47,7554,83,9227,California
Del Norte,2021-05-19,97,16228,14,5531,66,9973,17,724,39,1670,58,7612,55,9282,California
Del Norte,2021-05-20,99,16327,32,5563,64,10037,3,727,40,1655,58,7670,43,9325,California
Del Norte,2021-05-21,82,16409,34,5597,45,10082,3,730,45,1666,37,7707,48,9373,California
Del Norte,2021-05-22,24,16433,8,5605,16,10098,0,730,11,1665,12,7719,11,9384,California
Del Norte,2021-05-23,14,16447,5,5610,9,10107,0,730,7,1665,7,7726,7,9391,California
Del Norte,2021-05-24,26,16473,10,5620,16,10123,0,730,17,1673,9,7735,17,9408,California
Del Norte,2021-05-25,44,16517,5,5625,33,10156,6,736,15,1668,26,7761,21,9429,California
Del Norte,2021-05-26,116,16633,36,5661,72,10228,8,744,52,1665,63,7824,60,9489,California
Del Norte,2021-05-27,74,16707,28,5689,42,10270,4,748,35,1665,39,7863,39,9528,California
Del Norte,2021-05-28,51,16758,6,5695,37,10307,8,756,7,1636,44,7907,15,9543,California
Del Norte,2021-05-29,8,16766,0,5695,4,10311,4,760,3,1638,5,7912,7,9550,California
Del Norte,2021-05-30,7,16773,1,5696,6,10317,0,760,2,1635,5,7917,2,9552,California
Del Norte,2021-05-31,4,16777,2,5698,2,10319,0,760,3,1637,1,7918,3,9555,California
Del Norte,2021-06-01,52,16829,6,5704,39,10358,7,767,11,1614,41,7959,18,9573,California
Del Norte,2021-06-02,84,16913,11,5715,68,10426,5,772,19,1573,65,8024,24,9597,California
Del Norte,2021-06-03,61,16974,36,5751,23,10449,2,774,27,1568,34,8058,29,9626,California
Del Norte,2021-06-04,70,17044,24,5775,41,10490,5,779,20,1543,50,8108,25,9651,California
Del Norte,2021-06-05,1,17045,0,5775,1,10491,0,779,0,1542,1,8109,0,9651,California
Del Norte,2021-06-06,11,17056,5,5780,4,10495,2,781,7,1547,4,8113,9,9660,California
Del Norte,2021-06-07,40,17096,9,5789,26,10521,5,786,15,1542,25,8138,20,9680,California
Del Norte,2021-06-08,112,17208,81,5870,26,10547,5,791,33,1501,79,8217,38,9718,California
Del Norte,2021-06-09,58,17266,11,5881,40,10587,7,798,17,1484,41,8258,24,9742,California
Del Norte,2021-06-10,56,17322,26,5907,23,10610,7,805,11,1458,44,8302,18,9760,California
Del Norte,2021-06-11,59,17381,23,5930,27,10637,9,814,14,1436,45,8347,23,9783,California
Del Norte,2021-06-12,17,17398,3,5933,11,10648,3,817,2,1426,15,8362,5,9788,California
Del Norte,2021-06-13,60,17458,43,5976,13,10661,4,821,13,1396,47,8409,17,9805,California
Del Norte,2021-06-14,36,17494,14,5990,18,10679,4,825,15,1394,21,8430,19,9824,California
Del Norte,2021-06-15,37,17531,9,5999,20,10699,8,833,4,1373,33,8463,12,9836,California
Del Norte,2021-06-16,91,17622,38,6037,45,10744,8,841,17,1324,74,8537,25,9861,California
Del Norte,2021-06-17,31,17653,13,6050,15,10759,3,844,7,1310,24,8561,10,9871,California
Del Norte,2021-06-18,48,17701,22,6072,21,10780,5,849,19,1305,29,8590,24,9895,California
Del Norte,2021-06-19,12,17713,0,6072,8,10788,4,853,3,1303,9,8599,7,9902,California
Del Norte,2021-06-20,5,17718,3,6075,2,10790,0,853,4,1306,1,8600,4,9906,California
El Dorado,2020-12-15,12,12,12,12,0,0,0,0,12,12,0,0,12,12,California
El Dorado,2020-12-16,40,52,40,52,0,0,0,0,40,52,0,0,40,52,California
El Dorado,2020-12-17,31,83,31,83,0,0,0,0,31,83,0,0,31,83,California
El Dorado,2020-12-18,259,342,259,342,0,0,0,0,259,342,0,0,259,342,California
El Dorado,2020-12-19,121,463,121,463,0,0,0,0,121,463,0,0,121,463,California
El Dorado,2020-12-20,85,548,85,548,0,0,0,0,85,548,0,0,85,548,California
El Dorado,2020-12-21,312,860,311,859,1,1,0,0,312,860,0,0,312,860,California
El Dorado,2020-12-22,243,1103,219,1078,24,25,0,0,243,1103,0,0,243,1103,California
El Dorado,2020-12-23,193,1296,143,1221,50,75,0,0,193,1296,0,0,193,1296,California
El Dorado,2020-12-24,83,1379,63,1284,20,95,0,0,83,1379,0,0,83,1379,California
El Dorado,2020-12-25,8,1387,8,1292,0,95,0,0,8,1387,0,0,8,1387,California
El Dorado,2020-12-26,45,1432,27,1319,18,113,0,0,45,1432,0,0,45,1432,California
El Dorado,2020-12-27,38,1470,34,1353,4,117,0,0,38,1470,0,0,38,1470,California
El Dorado,2020-12-28,215,1685,165,1518,50,167,0,0,215,1685,0,0,215,1685,California
El Dorado,2020-12-29,463,2148,144,1662,319,486,0,0,463,2148,0,0,463,2148,California
El Dorado,2020-12-30,509,2657,139,1801,370,856,0,0,509,2657,0,0,509,2657,California
El Dorado,2020-12-31,109,2766,68,1869,41,897,0,0,109,2766,0,0,109,2766,California
El Dorado,2021-01-01,6,2772,4,1873,2,899,0,0,6,2772,0,0,6,2772,California
El Dorado,2021-01-02,152,2924,140,2013,12,911,0,0,152,2924,0,0,152,2924,California
El Dorado,2021-01-03,93,3017,17,2030,76,987,0,0,93,3017,0,0,93,3017,California
El Dorado,2021-01-04,190,3207,62,2092,128,1115,0,0,190,3207,0,0,190,3207,California
El Dorado,2021-01-05,230,3437,74,2166,156,1271,0,0,213,3403,17,17,213,3420,California
El Dorado,2021-01-06,240,3677,166,2332,74,1345,0,0,176,3516,63,80,176,3596,California
El Dorado,2021-01-07,334,4011,137,2469,197,1542,0,0,257,3696,77,157,257,3853,California
El Dorado,2021-01-08,982,4993,506,2975,476,2018,0,0,765,4244,217,374,765,4618,California
El Dorado,2021-01-09,195,5188,160,3135,35,2053,0,0,124,4297,71,445,124,4742,California
El Dorado,2021-01-10,183,5371,132,3267,51,2104,0,0,111,4337,72,517,112,4854,California
El Dorado,2021-01-11,663,6034,296,3563,367,2471,0,0,462,4600,200,717,463,5317,California
El Dorado,2021-01-12,809,6843,428,3991,381,2852,0,0,557,4905,252,969,557,5874,California
El Dorado,2021-01-13,709,7552,303,4294,406,3258,0,0,541,5278,168,1137,541,6415,California
El Dorado,2021-01-14,799,8351,221,4515,578,3836,0,0,705,5889,94,1231,705,7120,California
El Dorado,2021-01-15,800,9151,187,4702,613,4449,0,0,726,6541,74,1305,726,7846,California
El Dorado,2021-01-16,178,9329,104,4806,74,4523,0,0,151,6665,27,1332,151,7997,California
El Dorado,2021-01-17,106,9435,49,4855,57,4580,0,0,89,6737,17,1349,89,8086,California
El Dorado,2021-01-18,433,9868,147,5002,286,4866,0,0,362,7028,71,1420,362,8448,California
El Dorado,2021-01-19,751,10619,449,5451,302,5168,0,0,600,7478,151,1571,601,9049,California
El Dorado,2021-01-20,1013,11632,688,6139,325,5493,0,0,900,8266,112,1683,900,9949,California
El Dorado,2021-01-21,1270,12902,679,6818,591,6084,0,0,1064,9165,165,1848,1064,11013,California
El Dorado,2021-01-22,1230,14132,830,7648,400,6484,0,0,1175,10286,54,1902,1175,12188,California
El Dorado,2021-01-23,735,14867,609,8257,126,6610,0,0,624,10799,111,2013,624,12812,California
El Dorado,2021-01-24,127,14994,77,8334,50,6660,0,0,107,10886,20,2033,107,12919,California
El Dorado,2021-01-25,703,15697,292,8626,411,7071,0,0,614,11411,89,2122,614,13533,California
El Dorado,2021-01-26,692,16389,377,9003,315,7386,0,0,584,11887,108,2230,584,14117,California
El Dorado,2021-01-27,1001,17390,397,9400,604,7990,0,0,659,12203,343,2573,659,14776,California
El Dorado,2021-01-28,1110,18500,454,9854,656,8646,0,0,748,12589,362,2935,748,15524,California
El Dorado,2021-01-29,1055,19555,559,10413,496,9142,0,0,762,13060,292,3227,763,16287,California
El Dorado,2021-01-30,552,20107,297,10710,255,9397,0,0,455,13419,96,3323,455,16742,California
El Dorado,2021-01-31,236,20343,212,10922,24,9421,0,0,185,13553,51,3374,185,16927,California
El Dorado,2021-02-01,803,21146,372,11294,431,9852,0,0,655,14060,148,3522,655,17582,California
El Dorado,2021-02-02,850,21996,372,11666,478,10330,0,0,684,14578,166,3688,684,18266,California
El Dorado,2021-02-03,908,22904,478,12144,430,10760,0,0,696,15062,212,3900,696,18962,California
El Dorado,2021-02-04,1262,24166,711,12855,551,11311,0,0,881,15563,380,4280,881,19843,California
El Dorado,2021-02-05,1503,25669,613,13468,890,12201,0,0,876,15849,590,4870,876,20719,California
El Dorado,2021-02-06,635,26304,333,13801,302,12503,0,0,530,16275,105,4975,531,21250,California
El Dorado,2021-02-07,261,26565,178,13979,83,12586,0,0,193,16400,68,5043,193,21443,California
El Dorado,2021-02-08,891,27456,424,14403,467,13053,0,0,612,16733,279,5322,612,22055,California
El Dorado,2021-02-09,974,28430,548,14951,426,13479,0,0,547,16853,427,5749,547,22602,California
El Dorado,2021-02-10,1266,29696,741,15692,525,14004,0,0,666,16920,599,6348,666,23268,California
El Dorado,2021-02-11,2163,31859,893,16585,1270,15274,0,0,760,16281,1400,7748,761,24029,California
El Dorado,2021-02-12,1579,33438,823,17408,756,16030,0,0,674,16052,904,8652,675,24704,California
El Dorado,2021-02-13,972,34410,661,18069,311,16341,0,0,438,15957,533,9185,438,25142,California
El Dorado,2021-02-14,493,34903,154,18223,339,16680,0,0,400,16264,93,9278,400,25542,California
El Dorado,2021-02-15,1186,36089,385,18608,801,17481,0,0,824,16730,362,9640,828,26370,California
El Dorado,2021-02-16,1215,37304,537,19145,678,18159,0,0,675,16867,539,10179,676,27046,California
El Dorado,2021-02-17,962,38266,426,19571,536,18695,0,0,467,16840,495,10674,468,27514,California
El Dorado,2021-02-18,2109,40375,1034,20605,1075,19770,0,0,1072,16876,1036,11710,1072,28586,California
El Dorado,2021-02-19,1231,41606,660,21265,571,20341,0,0,692,17030,538,12248,692,29278,California
El Dorado,2021-02-20,949,42555,452,21717,497,20838,0,0,679,17444,265,12513,679,29957,California
El Dorado,2021-02-21,291,42846,233,21950,58,20896,0,0,104,17361,187,12700,104,30061,California
El Dorado,2021-02-22,890,43736,447,22397,443,21339,0,0,279,17030,610,13310,279,30340,California
El Dorado,2021-02-23,871,44607,492,22889,379,21718,0,0,357,16875,512,13822,357,30697,California
El Dorado,2021-02-24,1041,45648,452,23341,589,22307,0,0,434,16702,607,14429,434,31131,California
El Dorado,2021-02-25,1933,47581,1162,24503,771,23078,0,0,698,16176,1228,15657,702,31833,California
El Dorado,2021-02-26,2427,50008,1512,26015,915,23993,0,0,1629,17010,795,16452,1629,33462,California
El Dorado,2021-02-27,1709,51717,445,26460,1264,25257,0,0,1259,17822,447,16899,1259,34721,California
El Dorado,2021-02-28,665,52382,226,26686,439,25696,0,0,499,18156,166,17065,500,35221,California
El Dorado,2021-03-01,1165,53547,468,27154,695,26391,2,2,644,18282,520,17585,646,35867,California
El Dorado,2021-03-02,940,54487,275,27429,664,27055,1,3,495,18336,443,18028,497,36364,California
El Dorado,2021-03-03,1715,56202,474,27903,1241,28296,0,3,1169,18968,539,18567,1171,37535,California
El Dorado,2021-03-04,2546,58748,1564,29467,982,29278,0,3,1214,18854,1329,19896,1215,38750,California
El Dorado,2021-03-05,1605,60353,439,29906,1161,30439,5,8,1065,19390,534,20430,1070,39820,California
El Dorado,2021-03-06,747,61100,220,30126,494,30933,33,41,395,19467,351,20781,428,40248,California
El Dorado,2021-03-07,417,61517,202,30328,197,31130,18,59,256,19582,159,20940,274,40522,California
El Dorado,2021-03-08,1356,62873,374,30702,909,32039,73,132,882,20065,471,21411,954,41476,California
El Dorado,2021-03-09,999,63872,236,30938,694,32733,69,201,594,20338,390,21801,663,42139,California
El Dorado,2021-03-10,965,64837,349,31287,559,33292,57,258,557,20550,401,22202,613,42752,California
El Dorado,2021-03-11,3056,67893,1853,33140,1017,34309,186,444,1298,20295,1736,23938,1481,44233,California
El Dorado,2021-03-12,1809,69702,629,33769,929,35238,251,695,749,20253,1042,24980,1000,45233,California
El Dorado,2021-03-13,1079,70781,352,34121,442,35680,285,980,376,20212,699,25679,658,45891,California
El Dorado,2021-03-14,800,71581,204,34325,485,36165,111,1091,280,20083,520,26199,391,46282,California
El Dorado,2021-03-15,1419,73000,303,34628,985,37150,131,1222,615,20029,800,26999,746,47028,California
El Dorado,2021-03-16,1238,74238,424,35052,668,37818,146,1368,567,20076,667,27666,714,47742,California
El Dorado,2021-03-17,1162,75400,375,35427,686,38504,101,1469,752,20520,409,28075,853,48595,California
El Dorado,2021-03-18,3034,78434,1798,37225,1194,39698,42,1511,2002,21540,1024,29099,2044,50639,California
El Dorado,2021-03-19,1126,79560,361,37586,610,40308,155,1666,626,21821,499,29598,780,51419,California
El Dorado,2021-03-20,959,80519,267,37853,677,40985,15,1681,378,21645,569,30167,393,51812,California
El Dorado,2021-03-21,1047,81566,423,38276,619,41604,5,1686,933,22471,112,30279,938,52750,California
El Dorado,2021-03-22,1511,83077,489,38765,940,42544,82,1768,1189,23425,317,30596,1271,54021,California
El Dorado,2021-03-23,1164,84241,462,39227,606,43150,96,1864,743,23855,409,31005,839,54860,California
El Dorado,2021-03-24,1473,85714,639,39866,637,43787,197,2061,665,23936,781,31786,862,55722,California
El Dorado,2021-03-25,2538,88252,1704,41570,727,44514,107,2168,1387,24286,1145,32931,1495,57217,California
El Dorado,2021-03-26,1844,90096,712,42282,1019,45533,113,2281,932,24442,889,33820,1045,58262,California
El Dorado,2021-03-27,1343,91439,189,42471,1150,46683,4,2285,317,23743,1020,34840,321,58583,California
El Dorado,2021-03-28,646,92085,187,42658,448,47131,11,2296,166,23444,476,35316,177,58760,California
El Dorado,2021-03-29,1329,93414,439,43097,874,48005,16,2312,827,23788,499,35815,843,59603,California
El Dorado,2021-03-30,1388,94802,428,43525,861,48866,99,2411,689,23883,691,36506,786,60389,California
El Dorado,2021-03-31,1570,96372,583,44108,919,49785,68,2479,689,23759,879,37385,755,61144,California
El Dorado,2021-04-01,3257,99629,1782,45890,1392,51177,83,2562,1547,23683,1707,39092,1631,62775,California
El Dorado,2021-04-02,1909,101538,569,46459,1243,52420,97,2659,752,23381,1151,40243,849,63624,California
El Dorado,2021-04-03,759,102297,303,46762,336,52756,120,2779,231,23207,525,40768,351,63975,California
El Dorado,2021-04-04,274,102571,82,46844,145,52901,47,2826,97,23175,176,40944,144,64119,California
El Dorado,2021-04-05,1437,104008,424,47268,920,53821,93,2919,594,23024,837,41781,686,64805,California
El Dorado,2021-04-06,1426,105434,532,47800,673,54494,221,3140,452,22725,969,42750,670,65475,California
El Dorado,2021-04-07,1617,107051,573,48373,589,55083,455,3595,564,22691,1050,43800,1016,66491,California
El Dorado,2021-04-08,2724,109775,1754,50127,732,55815,238,3833,1124,22460,1592,45392,1361,67852,California
El Dorado,2021-04-09,1442,111217,453,50580,769,56584,220,4053,572,22381,867,46259,788,68640,California
El Dorado,2021-04-10,828,112045,225,50805,493,57077,110,4163,480,22625,345,46604,589,69229,California
El Dorado,2021-04-11,708,112753,455,51260,237,57314,16,4179,209,22352,498,47102,225,69454,California
El Dorado,2021-04-12,1300,114053,508,51768,643,57957,149,4328,570,22348,722,47824,718,70172,California
El Dorado,2021-04-13,1132,115185,619,52387,513,58470,0,4328,514,22248,614,48438,514,70686,California
El Dorado,2021-04-14,1101,116286,472,52859,628,59098,1,4329,382,21925,706,49144,383,71069,California
El Dorado,2021-04-15,2537,118823,1710,54569,827,59925,0,4329,969,21333,1564,50708,972,72041,California
El Dorado,2021-04-16,1487,120310,525,55094,962,60887,0,4329,611,21073,872,51580,612,72653,California
El Dorado,2021-04-17,816,121126,204,55298,612,61499,0,4329,503,21266,310,51890,503,73156,California
El Dorado,2021-04-18,1052,122178,89,55387,963,62462,0,4329,414,21049,637,52527,420,73576,California
El Dorado,2021-04-19,1736,123914,439,55826,1297,63759,0,4329,694,20710,1036,53563,697,74273,California
El Dorado,2021-04-20,1115,125029,367,56193,748,64507,0,4329,458,20517,653,54216,460,74733,California
El Dorado,2021-04-21,1161,126190,464,56657,693,65200,4,4333,593,20551,560,54776,594,75327,California
El Dorado,2021-04-22,2569,128759,1695,58352,874,66074,0,4333,1069,20123,1497,56273,1069,76396,California
El Dorado,2021-04-23,1417,130176,508,58860,909,66983,0,4333,724,20158,690,56963,725,77121,California
El Dorado,2021-04-24,972,131148,520,59380,452,67435,0,4333,738,20664,232,57195,738,77859,California
El Dorado,2021-04-25,658,131806,451,59831,207,67642,0,4333,472,20950,186,57381,472,78331,California
El Dorado,2021-04-26,1197,133003,483,60314,697,68339,17,4350,562,20897,631,58012,578,78909,California
El Dorado,2021-04-27,1130,134133,421,60735,670,69009,39,4389,504,20821,619,58631,543,79452,California
El Dorado,2021-04-28,1069,135202,358,61093,671,69680,40,4429,437,20667,631,59262,477,79929,California
El Dorado,2021-04-29,1991,137193,1366,62459,593,70273,32,4461,592,19895,1396,60658,624,80553,California
El Dorado,2021-04-30,2133,139326,1344,63803,748,71021,41,4502,1367,20548,754,61412,1407,81960,California
El Dorado,2021-05-01,615,139941,281,64084,306,71327,28,4530,276,20520,332,61744,304,82264,California
El Dorado,2021-05-02,302,140243,215,64299,58,71385,29,4559,100,20449,199,61943,128,82392,California
El Dorado,2021-05-03,828,141071,403,64702,374,71759,51,4610,278,20233,546,62489,330,82722,California
El Dorado,2021-05-04,887,141958,438,65140,389,72148,60,4670,313,20036,570,63059,373,83095,California
El Dorado,2021-05-05,881,142839,435,65575,372,72520,74,4744,420,20071,459,63518,494,83589,California
El Dorado,2021-05-06,1117,143956,485,66060,584,73104,48,4792,474,19952,637,64155,518,84107,California
El Dorado,2021-05-07,982,144938,378,66438,546,73650,58,4850,397,19821,585,64740,454,84561,California
El Dorado,2021-05-08,492,145430,155,66593,300,73950,37,4887,187,19742,303,65043,224,84785,California
El Dorado,2021-05-09,223,145653,84,66677,112,74062,27,4914,104,19755,118,65161,131,84916,California
El Dorado,2021-05-10,828,146481,270,66947,500,74562,58,4972,244,19480,575,65736,300,85216,California
El Dorado,2021-05-11,688,147169,301,67248,325,74887,62,5034,297,19452,388,66124,360,85576,California
El Dorado,2021-05-12,646,147815,341,67589,263,75150,42,5076,276,19401,370,66494,319,85895,California
El Dorado,2021-05-13,1262,149077,797,68386,425,75575,40,5116,477,19138,779,67273,516,86411,California
El Dorado,2021-05-14,1416,150493,822,69208,510,76085,84,5200,684,19179,727,68000,768,87179,California
El Dorado,2021-05-15,906,151399,557,69765,292,76377,57,5257,322,18974,584,68584,379,87558,California
El Dorado,2021-05-16,668,152067,463,70228,179,76556,26,5283,233,18798,435,69019,259,87817,California
El Dorado,2021-05-17,1583,153650,670,70898,864,77420,49,5332,568,18403,1011,70030,616,88433,California
El Dorado,2021-05-18,1032,154682,523,71421,455,77875,54,5386,448,18322,583,70613,502,88935,California
El Dorado,2021-05-19,818,155500,335,71756,430,78305,53,5439,316,18196,494,71107,368,89303,California
El Dorado,2021-05-20,1186,156686,664,72420,448,78753,74,5513,453,17992,730,71837,526,89829,California
El Dorado,2021-05-21,2339,159025,1747,74167,550,79303,42,5555,824,17348,1510,73347,866,90695,California
El Dorado,2021-05-22,705,159730,204,74371,465,79768,36,5591,228,17136,476,73823,264,90959,California
El Dorado,2021-05-23,290,160020,116,74487,145,79913,29,5620,93,17063,195,74018,122,91081,California
El Dorado,2021-05-24,886,160906,455,74942,362,80275,69,5689,313,16874,569,74587,380,91461,California
El Dorado,2021-05-25,607,161513,253,75195,318,80593,36,5725,229,16764,375,74962,265,91726,California
El Dorado,2021-05-26,808,162321,398,75593,386,80979,24,5749,285,16551,522,75484,309,92035,California
El Dorado,2021-05-27,625,162946,247,75840,343,81322,35,5784,318,16598,305,75789,352,92387,California
El Dorado,2021-05-28,731,163677,253,76093,414,81736,64,5848,310,16554,418,76207,374,92761,California
El Dorado,2021-05-29,385,164062,106,76199,263,81999,16,5864,168,16521,217,76424,184,92945,California
El Dorado,2021-05-30,173,164235,101,76300,58,82057,14,5878,84,16531,88,76512,98,93043,California
El Dorado,2021-05-31,36,164271,11,76311,14,82071,11,5889,8,16522,28,76540,19,93062,California
El Dorado,2021-06-01,682,164953,294,76605,349,82420,39,5928,235,16352,444,76984,274,93336,California
El Dorado,2021-06-02,631,165584,302,76907,279,82699,50,5978,263,16298,367,77351,313,93649,California
El Dorado,2021-06-03,728,166312,339,77246,346,83045,43,6021,183,15979,545,77896,226,93875,California
El Dorado,2021-06-04,888,167200,532,77778,322,83367,34,6055,189,15505,697,78593,223,94098,California
El Dorado,2021-06-05,389,167589,223,78001,154,83521,12,6067,84,15298,304,78897,97,94195,California
El Dorado,2021-06-06,277,167866,192,78193,69,83590,16,6083,51,15139,225,79122,66,94261,California
El Dorado,2021-06-07,787,168653,487,78680,260,83850,40,6123,173,14745,607,79729,213,94474,California
El Dorado,2021-06-08,633,169286,384,79064,215,84065,34,6157,131,14410,499,80228,164,94638,California
El Dorado,2021-06-09,463,169749,277,79341,161,84226,25,6182,110,14192,353,80581,135,94773,California
El Dorado,2021-06-10,592,170341,370,79711,191,84417,31,6213,162,13957,428,81009,193,94966,California
El Dorado,2021-06-11,660,171001,396,80107,220,84637,44,6257,131,13604,528,81537,175,95141,California
El Dorado,2021-06-12,261,171262,154,80261,88,84725,19,6276,61,13485,199,81736,80,95221,California
El Dorado,2021-06-13,162,171424,89,80350,55,84780,18,6294,35,13412,126,81862,53,95274,California
El Dorado,2021-06-14,515,171939,362,80712,123,84903,30,6324,135,13197,380,82242,165,95439,California
El Dorado,2021-06-15,444,172383,237,80949,170,85073,37,6361,122,13037,319,82561,159,95598,California
El Dorado,2021-06-16,505,172888,359,81308,106,85179,40,6401,134,12841,370,82931,174,95772,California
El Dorado,2021-06-17,428,173316,265,81573,131,85310,32,6433,136,12719,291,83222,169,95941,California
El Dorado,2021-06-18,381,173697,245,81818,103,85413,33,6466,112,12596,268,83490,145,96086,California
El Dorado,2021-06-19,228,173925,148,81966,67,85480,13,6479,95,12571,133,83623,108,96194,California
El Dorado,2021-06-20,65,173990,43,82009,19,85499,3,6482,23,12555,42,83665,26,96220,California
Fresno,2020-12-15,2,2,2,2,0,0,0,0,2,2,0,0,2,2,California
Fresno,2020-12-16,125,127,125,127,0,0,0,0,125,127,0,0,125,127,California
Fresno,2020-12-17,123,250,123,250,0,0,0,0,123,250,0,0,123,250,California
Fresno,2020-12-18,348,598,348,598,0,0,0,0,348,598,0,0,348,598,California
Fresno,2020-12-19,162,760,162,760,0,0,0,0,162,760,0,0,162,760,California
Fresno,2020-12-20,257,1017,255,1015,2,2,0,0,257,1017,0,0,257,1017,California
Fresno,2020-12-21,925,1942,923,1938,2,4,0,0,955,1972,0,0,955,1972,California
Fresno,2020-12-22,906,2848,875,2813,31,35,0,0,910,2882,0,0,910,2882,California
Fresno,2020-12-23,1085,3933,1045,3858,40,75,0,0,1086,3968,0,0,1086,3968,California
Fresno,2020-12-24,592,4525,566,4424,26,101,0,0,592,4560,0,0,592,4560,California
Fresno,2020-12-25,3,4528,1,4425,2,103,0,0,3,4563,0,0,3,4563,California
Fresno,2020-12-26,724,5252,715,5140,9,112,0,0,724,5287,0,0,724,5287,California
Fresno,2020-12-27,306,5558,207,5347,99,211,0,0,306,5593,0,0,306,5593,California
Fresno,2020-12-28,1097,6655,802,6149,295,506,0,0,1097,6690,0,0,1097,6690,California
Fresno,2020-12-29,1761,8416,998,7147,763,1269,0,0,1759,8448,1,1,1759,8449,California
Fresno,2020-12-30,986,9402,447,7594,539,1808,0,0,986,9434,0,1,986,9435,California
Fresno,2020-12-31,927,10329,310,7904,617,2425,0,0,926,10360,0,1,926,10361,California
Fresno,2021-01-01,9,10338,3,7907,6,2431,0,0,9,10369,0,1,9,10370,California
Fresno,2021-01-02,1028,11366,712,8619,316,2747,0,0,1028,11397,0,1,1028,11398,California
Fresno,2021-01-03,154,11520,128,8747,26,2773,0,0,154,11551,0,1,154,11552,California
Fresno,2021-01-04,627,12147,377,9124,250,3023,0,0,627,12178,0,1,627,12179,California
Fresno,2021-01-05,782,12929,310,9434,472,3495,0,0,709,12814,73,74,709,12888,California
Fresno,2021-01-06,984,13913,345,9779,639,4134,0,0,810,13450,174,248,810,13698,California
Fresno,2021-01-07,1899,15812,916,10695,983,5117,0,0,1644,14842,255,503,1647,15345,California
Fresno,2021-01-08,1788,17600,612,11307,1176,6293,0,0,1424,15905,362,865,1425,16770,California
Fresno,2021-01-09,642,18242,392,11699,250,6543,0,0,363,15989,279,1144,363,17133,California
Fresno,2021-01-10,516,18758,486,12185,30,6573,0,0,203,15879,313,1457,203,17336,California
Fresno,2021-01-11,2226,20984,1808,13993,418,6991,0,0,1531,16719,695,2152,1535,18871,California
Fresno,2021-01-12,2529,23513,1830,15823,699,7690,0,0,1676,17542,855,3007,1678,20549,California
Fresno,2021-01-13,3567,27080,2440,18263,1127,8817,0,0,2712,19401,856,3863,2715,23264,California
Fresno,2021-01-14,4143,31223,2185,20448,1958,10775,0,0,3670,22599,472,4335,3670,26934,California
Fresno,2021-01-15,3662,34885,2537,22985,1125,11900,0,0,3303,25547,359,4694,3307,30241,California
Fresno,2021-01-16,3140,38025,2308,25293,832,12732,0,0,2669,27748,470,5164,2671,32912,California
Fresno,2021-01-17,979,39004,557,25850,422,13154,0,0,779,28327,200,5364,779,33691,California
Fresno,2021-01-18,3086,42090,2377,28227,709,13863,0,0,2428,30101,656,6020,2430,36121,California
Fresno,2021-01-19,4405,46495,2623,30850,1782,15645,0,0,3686,33072,719,6739,3690,39811,California
Fresno,2021-01-20,3024,49519,1216,32066,1808,17453,0,0,2708,35469,314,7053,2711,42522,California
Fresno,2021-01-21,4395,53914,2039,34105,2356,19809,0,0,4037,39176,336,7389,4043,46565,California
Fresno,2021-01-22,3312,57226,1349,35454,1963,21772,0,0,2926,41734,370,7759,2928,49493,California
Fresno,2021-01-23,3054,60280,1979,37433,1075,22847,0,0,2331,43348,722,8481,2336,51829,California
Fresno,2021-01-24,560,60840,377,37810,183,23030,0,0,351,43492,209,8690,353,52182,California
Fresno,2021-01-25,2432,63272,862,38672,1570,24600,0,0,1855,44773,577,9267,1858,54040,California
Fresno,2021-01-26,2088,65360,598,39270,1490,26090,0,0,1326,45340,760,10027,1327,55367,California
Fresno,2021-01-27,2306,67666,1136,40406,1170,27260,0,0,1728,46494,577,10604,1731,57098,California
Fresno,2021-01-28,4558,72224,3053,43459,1505,28765,0,0,3483,48908,1072,11676,3486,60584,California
Fresno,2021-01-29,1682,73906,958,44417,724,29489,0,0,1380,49991,298,11974,1381,61965,California
Fresno,2021-01-30,1445,75351,545,44962,900,30389,0,0,1025,50596,420,12394,1025,62990,California
Fresno,2021-01-31,227,75578,216,45178,11,30400,0,0,73,50515,154,12548,73,63063,California
Fresno,2021-02-01,3348,78926,1673,46851,1675,32075,0,0,1787,50752,1560,14108,1797,64860,California
Fresno,2021-02-02,2739,81665,562,47413,2177,34252,0,0,1591,51226,1133,15241,1607,66467,California
Fresno,2021-02-03,3565,85230,2107,49520,1458,35710,0,0,1550,50771,2006,17247,1551,68018,California
Fresno,2021-02-04,4192,89422,1893,51413,2299,38009,0,0,1923,50460,2239,19486,1928,69946,California
Fresno,2021-02-05,5332,94754,2724,54137,2608,40617,0,0,2300,49737,3027,22513,2304,72250,California
Fresno,2021-02-06,2924,97678,2035,56172,889,41506,0,0,966,48754,1950,24463,967,73217,California
Fresno,2021-02-07,470,98148,288,56460,182,41688,0,0,274,48833,195,24658,274,73491,California
Fresno,2021-02-08,4274,102422,2284,58744,1990,43678,0,0,1803,48187,2458,27116,1812,75303,California
Fresno,2021-02-09,5318,107740,2088,60832,3230,46908,0,0,3106,49165,2137,29253,3115,78418,California
Fresno,2021-02-10,3882,111622,1229,62061,2653,49561,0,0,1970,49288,1860,31113,1983,80401,California
Fresno,2021-02-11,6435,118057,2081,64142,4354,53915,0,0,3338,49552,3079,34192,3343,83744,California
Fresno,2021-02-12,5389,123446,1387,65529,4002,57917,0,0,2722,49635,2648,36840,2731,86475,California
Fresno,2021-02-13,3737,127183,1560,67089,2177,60094,0,0,2080,50075,1645,38485,2085,88560,California
Fresno,2021-02-14,1563,128746,282,67371,1281,61375,0,0,837,50189,725,39210,839,89399,California
Fresno,2021-02-15,2890,131636,268,67639,2622,63997,0,0,1797,50901,1089,40299,1801,91200,California
Fresno,2021-02-16,6690,138326,2407,70046,4283,68280,0,0,4227,52688,2446,42745,4233,95433,California
Fresno,2021-02-17,5314,143640,2442,72488,2872,71152,0,0,2982,53384,2290,45035,2986,98419,California
Fresno,2021-02-18,6842,150482,2893,75381,3949,75101,0,0,2569,51731,4233,49268,2580,100999,California
Fresno,2021-02-19,3831,154313,1096,76477,2735,77836,0,0,1816,51547,2003,51271,1819,102818,California
Fresno,2021-02-20,4519,158832,2478,78955,2041,79877,0,0,3039,53118,1474,52745,3045,105863,California
Fresno,2021-02-21,189,159021,171,79126,18,79895,0,0,126,53195,49,52794,126,105989,California
Fresno,2021-02-22,2236,161257,998,80124,1238,81133,0,0,1236,53443,990,53784,1238,107227,California
Fresno,2021-02-23,4687,165944,2270,82394,2417,83550,0,0,3804,56378,871,54655,3806,111033,California
Fresno,2021-02-24,4205,170149,1505,83899,2700,86250,0,0,3443,59072,751,55406,3445,114478,California
Fresno,2021-02-25,8695,178844,3746,87645,4949,91199,0,0,7202,64855,1428,56834,7211,121689,California
Fresno,2021-02-26,9021,187865,3702,91347,5319,96518,0,0,7708,71280,1289,58123,7714,129403,California
Fresno,2021-02-27,7277,195142,3162,94509,4114,100632,1,1,6568,77159,694,58817,6573,135976,California
Fresno,2021-02-28,1643,196785,525,95034,1118,101750,0,1,1551,78632,79,58896,1552,137528,California
Fresno,2021-03-01,5099,201884,1326,96360,3773,105523,0,1,3695,80941,1390,60286,3699,141227,California
Fresno,2021-03-02,9861,211745,3390,99750,6471,111994,0,1,8472,88074,1365,61651,8498,149725,California
Fresno,2021-03-03,7017,218762,1762,101512,5254,117248,1,2,6016,93213,987,62638,6126,155851,California
Fresno,2021-03-04,10444,229206,4125,105637,6319,123567,0,2,8704,100213,1713,64351,8713,164564,California
Fresno,2021-03-05,9304,238510,3627,109264,5675,129242,2,4,8027,107171,1145,65496,8103,172667,California
Fresno,2021-03-06,7018,245528,3960,113224,2940,132182,118,122,6022,112328,988,66484,6145,178812,California
Fresno,2021-03-07,1490,247018,676,113900,776,132958,38,160,1261,113402,226,66710,1300,180112,California
Fresno,2021-03-08,5294,252312,2023,115923,3120,136078,151,311,4004,116290,1279,67989,4167,184279,California
Fresno,2021-03-09,8628,260940,3795,119718,4562,140640,271,582,4655,117301,3952,71941,4963,189242,California
Fresno,2021-03-10,6826,267766,2852,122570,3586,144226,388,970,5367,121614,1450,73391,5763,195005,California
Fresno,2021-03-11,11588,279354,4576,127146,6466,150692,546,1516,6310,123295,5252,78643,6933,201938,California
Fresno,2021-03-12,12026,291380,5129,132275,6470,157162,427,1943,9041,129936,2966,81609,9607,211545,California
Fresno,2021-03-13,8327,299707,4059,136334,3252,160414,1016,2959,4023,130770,4283,85892,5117,216662,California
Fresno,2021-03-14,1771,301478,481,136815,1000,161414,290,3249,667,130635,1092,86984,957,217619,California
Fresno,2021-03-15,7135,308613,3169,139984,3789,165203,177,3426,4929,133745,2192,89176,5302,222921,California
Fresno,2021-03-16,10216,318829,4543,144527,5281,170484,392,3818,5418,134886,4766,93942,5907,228828,California
Fresno,2021-03-17,8730,327559,3988,148515,4033,174517,709,4527,5909,139113,2797,96739,7024,235852,California
Fresno,2021-03-18,12470,340029,6725,155240,5071,179588,674,5201,6989,141833,5433,102172,8153,244005,California
Fresno,2021-03-19,11177,351206,5895,161135,4669,184257,613,5814,6853,145379,4294,106466,7840,251845,California
Fresno,2021-03-20,7615,358821,4598,165733,2691,186948,326,6140,3763,145960,3826,110292,4407,256252,California
Fresno,2021-03-21,1795,360616,1205,166938,210,187158,380,6520,971,146496,816,111108,1352,257604,California
Fresno,2021-03-22,5675,366291,2902,169840,2176,189334,597,7117,3797,149267,1862,112970,4633,262237,California
Fresno,2021-03-23,10579,376870,5255,175095,4817,194151,507,7624,5055,149771,5501,118471,6005,268242,California
Fresno,2021-03-24,8864,385734,3840,178935,4193,198344,831,8455,4974,151777,3853,122324,5859,274101,California
Fresno,2021-03-25,12209,397943,5687,184622,5709,204053,813,9268,4745,150006,7412,129736,5641,279742,California
Fresno,2021-03-26,12220,410163,5458,190080,6119,210172,643,9911,4451,147409,7716,137452,5119,284861,California
Fresno,2021-03-27,10044,420207,4775,194855,4185,214357,1084,10995,2961,144416,7044,144496,4051,288912,California
Fresno,2021-03-28,3424,423631,1320,196175,1408,215765,696,11691,1110,144365,2306,146802,2255,291167,California
Fresno,2021-03-29,5988,429619,2007,198182,3445,219210,536,12227,2890,144737,3069,149871,3441,294608,California
Fresno,2021-03-30,11001,440620,4272,202454,5830,225040,899,13126,3852,142372,7118,156989,4753,299361,California
Fresno,2021-03-31,9694,450314,3375,205829,5319,230359,1000,14126,3678,141071,5972,162961,4671,304032,California
Fresno,2021-04-01,12182,462496,4202,210031,7120,237479,860,14986,4040,137890,8038,170999,4857,308889,California
Fresno,2021-04-02,12080,474576,4629,214660,6660,244139,791,15777,4281,135335,7636,178635,5081,313970,California
Fresno,2021-04-03,6412,480988,3530,218190,2624,246763,258,16035,2147,133529,4247,182882,2441,316411,California
Fresno,2021-04-04,1504,482492,537,218727,922,247685,45,16080,546,133174,947,183829,592,317003,California
Fresno,2021-04-05,8337,490829,4473,223200,3057,250742,807,16887,2449,130630,5871,189700,3327,320330,California
Fresno,2021-04-06,9636,500465,4040,227240,4409,255151,1187,18074,3554,129347,6041,195741,4758,325088,California
Fresno,2021-04-07,10614,511079,5494,232734,3906,259057,1214,19288,3554,127127,7013,202754,4793,329881,California
Fresno,2021-04-08,10961,522040,5179,237913,4616,263673,1166,20454,3438,124300,7472,210226,4645,334526,California
Fresno,2021-04-09,11271,533311,5355,243268,4513,268186,1403,21857,3618,121735,7604,217830,5039,339565,California
Fresno,2021-04-10,7886,541197,5149,248417,2214,270400,523,22380,3672,121726,4202,222032,4193,343758,California
Fresno,2021-04-11,1388,542585,933,249350,364,270764,91,22471,446,121327,937,222969,538,344296,California
Fresno,2021-04-12,7501,550086,4037,253387,2536,273300,928,23399,2418,119619,5053,228022,3345,347641,California
Fresno,2021-04-13,9036,559122,4318,257705,4649,277949,69,23468,3534,117860,5464,233486,3705,351346,California
Fresno,2021-04-14,9722,568844,5797,263502,3924,281873,1,23469,3779,115793,5900,239386,3833,355179,California
Fresno,2021-04-15,8486,577330,4227,267729,4256,286129,3,23472,3223,113791,5235,244621,3233,358412,California
Fresno,2021-04-16,9604,586934,4678,272407,4924,291053,2,23474,3949,112143,5614,250235,3966,362378,California
Fresno,2021-04-17,5637,592571,3767,276174,1870,292923,0,23474,2691,111919,2924,253159,2700,365078,California
Fresno,2021-04-18,1034,593605,563,276737,471,293394,0,23474,475,111841,554,253713,476,365554,California
Fresno,2021-04-19,5606,599211,3045,279782,2558,295952,3,23477,2276,110835,3292,257005,2286,367840,California
Fresno,2021-04-20,6947,606158,3442,283224,3496,299448,9,23486,2639,109208,4284,261289,2657,370497,California
Fresno,2021-04-21,6381,612539,3529,286753,2843,302291,9,23495,2657,108191,3688,264977,2671,373168,California
Fresno,2021-04-22,6341,618880,3156,289909,3184,305475,1,23496,2312,106538,3969,268946,2316,375484,California
Fresno,2021-04-23,7111,625991,3827,293736,3267,308742,17,23513,2723,104969,4297,273243,2728,378212,California
Fresno,2021-04-24,4162,630153,2491,296227,1671,310413,0,23513,1917,104654,2232,275475,1917,380129,California
Fresno,2021-04-25,1369,631522,551,296778,815,311228,3,23516,683,104660,680,276155,686,380815,California
Fresno,2021-04-26,4235,635757,2138,298916,2052,313280,45,23561,1800,104101,2404,278559,1845,382660,California
Fresno,2021-04-27,4832,640589,2443,301359,2264,315544,125,23686,1897,103211,2911,281470,2021,384681,California
Fresno,2021-04-28,4775,645364,2669,304028,1976,317520,130,23816,1989,102567,2764,284234,2120,386801,California
Fresno,2021-04-29,4799,650163,2662,306690,2001,319521,136,23952,1812,101558,2955,287189,1946,388747,California
Fresno,2021-04-30,5421,655584,3292,309982,1997,321518,132,24084,2166,100631,3224,290413,2297,391044,California
Fresno,2021-05-01,4181,659765,3448,313430,595,322113,138,24222,1232,99069,2930,293343,1368,392412,California
Fresno,2021-05-02,1246,661011,770,314200,425,322538,51,24273,613,99111,621,293964,663,393075,California
Fresno,2021-05-03,4043,665054,2696,316896,1156,323694,191,24464,1307,97895,2709,296673,1493,394568,California
Fresno,2021-05-04,4837,669891,2503,319399,2182,325876,152,24616,1545,96330,3264,299937,1699,396267,California
Fresno,2021-05-05,5100,674991,3142,322541,1733,327609,225,24841,1588,94655,3485,303422,1810,398077,California
Fresno,2021-05-06,4125,679116,2544,325085,1477,329086,104,24945,1411,93486,2684,306106,1515,399592,California
Fresno,2021-05-07,5013,684129,3286,328371,1560,330646,167,25112,1552,91764,3438,309544,1716,401308,California
Fresno,2021-05-08,3898,688027,2486,330857,1264,331910,148,25260,1169,90376,2706,312250,1318,402626,California
Fresno,2021-05-09,674,688701,346,331203,285,332195,43,25303,336,90423,332,312582,379,403005,California
Fresno,2021-05-10,2966,691667,1580,332783,1245,333440,141,25444,926,89460,2030,314612,1067,404072,California
Fresno,2021-05-11,3746,695413,1927,334710,1726,335166,93,25537,1204,88227,2530,317142,1297,405369,California
Fresno,2021-05-12,3995,699408,2560,337270,1271,336437,164,25701,1453,87326,2518,319660,1617,406986,California
Fresno,2021-05-13,3852,703260,2131,339401,1617,338054,104,25805,1739,87095,2074,321734,1843,408829,California
Fresno,2021-05-14,5035,708295,3014,342415,1837,339891,184,25989,2143,86564,2860,324594,2329,411158,California
Fresno,2021-05-15,3578,711873,2672,345087,776,340667,130,26119,1819,86763,1749,326343,1948,413106,California
Fresno,2021-05-16,1445,713318,947,346034,464,341131,34,26153,812,86983,627,326970,847,413953,California
Fresno,2021-05-17,4173,717491,2823,348857,1191,342322,159,26312,2249,87493,1896,328866,2406,416359,California
Fresno,2021-05-18,4102,721593,2532,351389,1417,343739,153,26465,2094,87752,1985,330851,2244,418603,California
Fresno,2021-05-19,4337,725930,2764,354153,1398,345137,175,26640,2105,87822,2209,333060,2279,420882,California
Fresno,2021-05-20,4096,730026,2441,356594,1467,346604,188,26828,1912,87753,2167,335227,2098,422980,California
Fresno,2021-05-21,4558,734584,2980,359574,1486,348090,92,26920,2071,87458,2457,337684,2162,425142,California
Fresno,2021-05-22,3942,738526,2923,362497,845,348935,174,27094,2272,88248,1654,339338,2444,427586,California
Fresno,2021-05-23,902,739428,572,363069,300,349235,30,27124,463,88312,429,339767,493,428079,California
Fresno,2021-05-24,3224,742652,2024,365093,1086,350321,114,27238,1496,88217,1705,341472,1610,429689,California
Fresno,2021-05-25,3206,745858,1927,367020,1155,351476,124,27362,1369,87887,1823,343295,1493,431182,California
Fresno,2021-05-26,3242,749100,2142,369162,994,352470,106,27468,1654,88077,1568,344863,1758,432940,California
Fresno,2021-05-27,3138,752238,1912,371074,1119,353589,107,27575,1415,87903,1697,346560,1523,434463,California
Fresno,2021-05-28,3422,755660,2208,373282,1119,354708,95,27670,1894,88384,1509,348069,1990,436453,California
Fresno,2021-05-29,2278,757938,1659,374941,548,355256,71,27741,1254,88696,1014,349083,1326,437779,California
Fresno,2021-05-30,888,758826,534,375475,319,355575,35,27776,428,88716,443,349526,463,438242,California
Fresno,2021-05-31,318,759144,160,375635,146,355721,12,27788,136,88686,176,349702,146,438388,California
Fresno,2021-06-01,3009,762153,1810,377445,1104,356825,95,27883,1219,88234,1766,351468,1314,439702,California
Fresno,2021-06-02,2654,764807,1710,379155,854,357679,90,27973,1086,87873,1539,353007,1178,440880,California
Fresno,2021-06-03,2937,767744,2015,381170,820,358499,102,28075,1192,87441,1724,354731,1292,442172,California
Fresno,2021-06-04,3229,770973,2344,383514,785,359284,100,28175,1118,86573,2087,356818,1219,443391,California
Fresno,2021-06-05,3103,774076,2292,385806,691,359975,120,28295,1249,86110,1830,358648,1367,444758,California
Fresno,2021-06-06,1166,775242,928,386734,201,360176,37,28332,413,85812,748,359396,450,445208,California
Fresno,2021-06-07,3077,778319,2425,389159,563,360739,89,28421,897,84639,2159,361555,986,446194,California
Fresno,2021-06-08,2617,780936,1949,391108,600,361339,68,28489,810,83719,1798,363353,878,447072,California
Fresno,2021-06-09,2941,783877,2196,393304,655,361994,90,28579,976,82838,1947,365300,1066,448138,California
Fresno,2021-06-10,2642,786519,1917,395221,655,362649,70,28649,925,82135,1697,366997,994,449132,California
Fresno,2021-06-11,3130,789649,2197,397418,823,363472,110,28759,1166,81485,1926,368923,1276,450408,California
Fresno,2021-06-12,2890,792539,2281,399699,444,363916,165,28924,774,80316,2103,371026,934,451342,California
Fresno,2021-06-13,711,793250,460,400159,234,364150,17,28941,201,80029,505,371531,218,451560,California
Fresno,2021-06-14,2490,795740,1810,401969,550,364700,130,29071,954,79593,1518,373049,1082,452642,California
Fresno,2021-06-15,2371,798111,1703,403672,592,365292,76,29147,943,79199,1412,374461,1018,453660,California
Fresno,2021-06-16,2591,800702,1869,405541,610,365902,112,29259,1023,78779,1554,376015,1134,454794,California
Fresno,2021-06-17,2219,802921,1559,407100,573,366475,87,29346,934,78528,1271,377286,1020,455814,California
Fresno,2021-06-18,2900,805821,2087,409187,698,367173,115,29461,1160,78080,1722,379008,1274,457088,California
Fresno,2021-06-19,1661,807482,1237,410424,351,367524,73,29534,559,77616,1095,380103,631,457719,California
Fresno,2021-06-20,103,807585,29,410453,68,367592,6,29540,52,77623,51,380154,58,457777,California
Glenn,2020-12-17,1,1,1,1,0,0,0,0,1,1,0,0,1,1,California
Glenn,2020-12-20,1,2,1,2,0,0,0,0,1,2,0,0,1,2,California
Glenn,2020-12-21,11,13,11,13,0,0,0,0,11,13,0,0,11,13,California
Glenn,2020-12-22,58,71,58,71,0,0,0,0,58,71,0,0,58,71,California
Glenn,2020-12-23,28,99,28,99,0,0,0,0,28,99,0,0,28,99,California
Glenn,2020-12-24,9,108,9,108,0,0,0,0,9,108,0,0,9,108,California
Glenn,2020-12-26,2,110,2,110,0,0,0,0,2,110,0,0,2,110,California
Glenn,2020-12-27,4,114,4,114,0,0,0,0,4,114,0,0,4,114,California
Glenn,2020-12-28,20,134,20,134,0,0,0,0,20,134,0,0,20,134,California
Glenn,2020-12-29,81,215,81,215,0,0,0,0,81,215,0,0,81,215,California
Glenn,2020-12-30,127,342,104,319,23,23,0,0,127,342,0,0,127,342,California
Glenn,2020-12-31,38,380,9,328,29,52,0,0,38,380,0,0,38,380,California
Glenn,2021-01-02,4,384,4,332,0,52,0,0,4,384,0,0,4,384,California
Glenn,2021-01-04,7,391,5,337,2,54,0,0,7,391,0,0,7,391,California
Glenn,2021-01-05,12,403,9,346,3,57,0,0,12,403,0,0,12,403,California
Glenn,2021-01-06,59,462,8,354,51,108,0,0,59,462,0,0,59,462,California
Glenn,2021-01-07,65,527,11,365,54,162,0,0,64,525,1,1,64,526,California
Glenn,2021-01-08,12,539,9,374,3,165,0,0,12,537,0,1,12,538,California
Glenn,2021-01-10,1,540,1,375,0,165,0,0,0,536,1,2,0,538,California
Glenn,2021-01-11,29,569,29,404,0,165,0,0,12,531,17,19,12,550,California
Glenn,2021-01-12,43,612,38,442,5,170,0,0,14,516,29,48,14,564,California
Glenn,2021-01-13,218,830,156,598,62,232,0,0,175,648,43,91,175,739,California
Glenn,2021-01-14,120,950,31,629,89,321,0,0,110,748,10,101,110,849,California
Glenn,2021-01-15,41,991,34,663,7,328,0,0,36,779,5,106,36,885,California
Glenn,2021-01-16,33,1024,14,677,19,347,0,0,23,792,10,116,23,908,California
Glenn,2021-01-17,4,1028,2,679,2,349,0,0,2,792,2,118,2,910,California
Glenn,2021-01-18,17,1045,16,695,1,350,0,0,9,793,8,126,9,919,California
Glenn,2021-01-19,30,1075,20,715,10,360,0,0,13,789,17,143,13,932,California
Glenn,2021-01-20,162,1237,93,808,69,429,0,0,82,791,80,223,82,1014,California
Glenn,2021-01-21,121,1358,95,903,26,455,0,0,30,730,91,314,30,1044,California
Glenn,2021-01-22,343,1701,64,967,279,734,0,0,336,1059,7,321,336,1380,California
Glenn,2021-01-23,16,1717,10,977,6,740,0,0,12,1067,4,325,12,1392,California
Glenn,2021-01-24,2,1719,2,979,0,740,0,0,2,1069,0,325,2,1394,California
Glenn,2021-01-25,27,1746,9,988,18,758,0,0,24,1090,3,328,24,1418,California
Glenn,2021-01-26,31,1777,15,1003,16,774,0,0,24,1107,7,335,24,1442,California
Glenn,2021-01-27,189,1966,12,1015,177,951,0,0,167,1252,22,357,167,1609,California
Glenn,2021-01-28,148,2114,8,1023,140,1091,0,0,118,1340,30,387,118,1727,California
Glenn,2021-01-29,300,2414,12,1035,288,1379,0,0,286,1612,14,401,286,2013,California
Glenn,2021-01-30,3,2417,0,1035,3,1382,0,0,3,1615,0,401,3,2016,California
Glenn,2021-01-31,1,2418,0,1035,1,1383,0,0,1,1616,0,401,1,2017,California
Glenn,2021-02-01,30,2448,11,1046,19,1402,0,0,18,1622,12,413,18,2035,California
Glenn,2021-02-02,31,2479,16,1062,15,1417,0,0,21,1633,10,423,21,2056,California
Glenn,2021-02-03,276,2755,126,1188,150,1567,0,0,132,1622,144,567,133,2189,California
Glenn,2021-02-04,81,2836,14,1202,67,1634,0,0,26,1593,55,622,26,2215,California
Glenn,2021-02-05,326,3162,25,1227,301,1935,0,0,305,1877,21,643,305,2520,California
Glenn,2021-02-06,18,3180,2,1229,16,1951,0,0,17,1893,1,644,17,2537,California
Glenn,2021-02-07,2,3182,2,1231,0,1951,0,0,2,1895,0,644,2,2539,California
Glenn,2021-02-08,20,3202,17,1248,3,1954,0,0,4,1883,16,660,4,2543,California
Glenn,2021-02-09,50,3252,19,1267,31,1985,0,0,35,1903,15,675,35,2578,California
Glenn,2021-02-10,136,3388,19,1286,117,2102,0,0,66,1899,70,745,66,2644,California
Glenn,2021-02-11,235,3623,134,1420,101,2203,0,0,152,1967,84,829,152,2796,California
Glenn,2021-02-12,417,4040,98,1518,319,2522,0,0,353,2256,64,893,353,3149,California
Glenn,2021-02-13,37,4077,9,1527,28,2550,0,0,17,2253,20,913,17,3166,California
Glenn,2021-02-14,1,4078,0,1527,1,2551,0,0,1,2254,0,913,1,3167,California
Glenn,2021-02-15,8,4086,0,1527,8,2559,0,0,8,2262,0,913,8,3175,California
Glenn,2021-02-16,39,4125,9,1536,30,2589,0,0,21,2265,18,931,21,3196,California
Glenn,2021-02-17,379,4504,13,1549,366,2955,0,0,303,2492,76,1007,303,3499,California
Glenn,2021-02-18,136,4640,101,1650,35,2990,0,0,112,2580,24,1031,112,3611,California
Glenn,2021-02-19,307,4947,16,1666,291,3281,0,0,28,2329,279,1310,28,3639,California
Glenn,2021-02-20,9,4956,0,1666,9,3290,0,0,1,2322,8,1318,1,3640,California
Glenn,2021-02-21,1,4957,1,1667,0,3290,0,0,1,2323,0,1318,1,3641,California
Glenn,2021-02-22,33,4990,14,1681,19,3309,0,0,16,2322,17,1335,16,3657,California
Glenn,2021-02-23,40,5030,10,1691,30,3339,0,0,28,2338,12,1347,28,3685,California
Glenn,2021-02-24,252,5282,49,1740,203,3542,0,0,45,2176,207,1554,45,3730,California
Glenn,2021-02-25,234,5516,120,1860,114,3656,0,0,120,2182,114,1668,120,3850,California
Glenn,2021-02-26,309,5825,24,1884,285,3941,0,0,20,1914,288,1956,20,3870,California
Glenn,2021-02-27,13,5838,4,1888,9,3950,0,0,5,1912,7,1963,5,3875,California
Glenn,2021-02-28,6,5844,3,1891,3,3953,0,0,3,1913,2,1965,3,3878,California
Glenn,2021-03-01,28,5872,6,1897,22,3975,0,0,12,1909,16,1981,12,3890,California
Glenn,2021-03-02,35,5907,8,1905,27,4002,0,0,17,1908,18,1999,17,3907,California
Glenn,2021-03-03,193,6100,38,1943,155,4157,0,0,102,1921,89,2088,102,4009,California
Glenn,2021-03-04,517,6617,175,2118,342,4499,0,0,370,2144,147,2235,370,4379,California
Glenn,2021-03-05,361,6978,47,2165,314,4813,0,0,34,1851,327,2562,34,4413,California
Glenn,2021-03-06,30,7008,3,2168,26,4839,1,1,9,1840,21,2583,10,4423,California
Glenn,2021-03-07,5,7013,0,2168,5,4844,0,1,3,1842,1,2584,3,4426,California
Glenn,2021-03-08,19,7032,2,2170,16,4860,1,2,17,1858,2,2586,18,4444,California
Glenn,2021-03-09,83,7115,12,2182,68,4928,3,5,54,1885,29,2615,56,4500,California
Glenn,2021-03-10,172,7287,69,2251,101,5029,2,7,95,1905,77,2692,97,4597,California
Glenn,2021-03-11,586,7873,169,2420,394,5423,23,30,456,2254,130,2822,479,5076,California
Glenn,2021-03-12,417,8290,13,2433,341,5764,63,93,40,1980,377,3199,103,5179,California
Glenn,2021-03-13,13,8303,1,2434,4,5768,8,101,1,1977,12,3211,9,5188,California
Glenn,2021-03-14,2,8305,1,2435,1,5769,0,101,0,1975,2,3213,0,5188,California
Glenn,2021-03-15,76,8381,15,2450,56,5825,5,106,61,2026,15,3228,66,5254,California
Glenn,2021-03-16,110,8491,34,2484,65,5890,11,117,69,2065,41,3269,80,5334,California
Glenn,2021-03-17,419,8910,100,2584,312,6202,7,124,117,1885,302,3571,122,5456,California
Glenn,2021-03-18,523,9433,217,2801,49,6251,257,381,143,1904,380,3951,399,5855,California
Glenn,2021-03-19,96,9529,16,2817,74,6325,6,387,75,1965,20,3971,81,5936,California
Glenn,2021-03-20,133,9662,2,2819,130,6455,1,388,130,2093,3,3974,131,6067,California
Glenn,2021-03-21,6,9668,5,2824,0,6455,1,389,3,2095,2,3976,4,6071,California
Glenn,2021-03-22,122,9790,54,2878,61,6516,7,396,103,2188,17,3993,110,6181,California
Glenn,2021-03-23,174,9964,66,2944,60,6576,48,444,103,2270,69,4062,151,6332,California
Glenn,2021-03-24,209,10173,102,3046,102,6678,5,449,135,2337,73,4135,140,6472,California
Glenn,2021-03-25,472,10645,229,3275,149,6827,94,543,346,2652,125,4260,440,6912,California
Glenn,2021-03-26,240,10885,36,3311,168,6995,36,579,190,2828,50,4310,226,7138,California
Glenn,2021-03-27,165,11050,18,3329,141,7136,6,585,154,2977,11,4321,160,7298,California
Glenn,2021-03-28,15,11065,10,3339,5,7141,0,585,10,2982,5,4326,10,7308,California
Glenn,2021-03-29,61,11126,20,3359,38,7179,3,588,47,3018,14,4340,50,7358,California
Glenn,2021-03-30,72,11198,41,3400,30,7209,1,589,42,3033,28,4368,43,7401,California
Glenn,2021-03-31,124,11322,35,3435,88,7297,1,590,54,3019,69,4437,55,7456,California
Glenn,2021-04-01,652,11974,186,3621,457,7754,9,599,244,2866,406,4843,253,7709,California
Glenn,2021-04-02,168,12142,26,3647,131,7885,11,610,133,2975,35,4878,144,7853,California
Glenn,2021-04-03,96,12238,4,3651,85,7970,7,617,85,3056,11,4889,92,7945,California
Glenn,2021-04-04,9,12247,3,3654,4,7974,2,619,5,3059,4,4893,7,7952,California
Glenn,2021-04-05,66,12313,25,3679,28,8002,13,632,29,3064,37,4930,42,7994,California
Glenn,2021-04-06,143,12456,52,3731,52,8054,39,671,36,3032,106,5036,74,8068,California
Glenn,2021-04-07,162,12618,48,3779,60,8114,54,725,75,3074,87,5123,129,8197,California
Glenn,2021-04-08,644,13262,190,3969,420,8534,34,759,137,2740,505,5628,171,8368,California
Glenn,2021-04-09,157,13419,56,4025,85,8619,16,775,101,2801,56,5684,117,8485,California
Glenn,2021-04-10,76,13495,1,4026,61,8680,14,789,59,2858,16,5700,73,8558,California
Glenn,2021-04-11,16,13511,8,4034,3,8683,5,794,7,2861,9,5709,12,8570,California
Glenn,2021-04-12,116,13627,25,4059,62,8745,29,823,21,2816,95,5804,50,8620,California
Glenn,2021-04-13,119,13746,63,4122,56,8801,0,823,31,2759,88,5892,31,8651,California
Glenn,2021-04-14,122,13868,45,4167,77,8878,0,823,69,2775,53,5945,69,8720,California
Glenn,2021-04-15,362,14230,276,4443,86,8964,0,823,122,2657,240,6185,122,8842,California
Glenn,2021-04-16,168,14398,42,4485,126,9090,0,823,79,2647,89,6274,79,8921,California
Glenn,2021-04-17,168,14566,16,4501,152,9242,0,823,29,2545,131,6405,29,8950,California
Glenn,2021-04-18,16,14582,3,4504,13,9255,0,823,13,2555,3,6408,13,8963,California
Glenn,2021-04-19,84,14666,17,4521,67,9322,0,823,23,2518,60,6468,23,8986,California
Glenn,2021-04-20,125,14791,80,4601,45,9367,0,823,52,2497,73,6541,52,9038,California
Glenn,2021-04-21,412,15203,311,4912,101,9468,0,823,281,2647,131,6672,281,9319,California
Glenn,2021-04-22,212,15415,48,4960,164,9632,0,823,33,2502,178,6850,33,9352,California
Glenn,2021-04-23,180,15595,24,4984,156,9788,0,823,41,2405,138,6988,41,9393,California
Glenn,2021-04-24,181,15776,32,5016,149,9937,0,823,31,2286,150,7138,31,9424,California
Glenn,2021-04-25,30,15806,18,5034,12,9949,0,823,22,2300,8,7146,22,9446,California
Glenn,2021-04-26,48,15854,12,5046,36,9985,0,823,19,2290,29,7175,19,9465,California
Glenn,2021-04-27,64,15918,49,5095,10,9995,5,828,32,2295,31,7206,36,9501,California
Glenn,2021-04-28,258,16176,178,5273,69,10064,11,839,129,2307,128,7334,140,9641,California
Glenn,2021-04-29,183,16359,23,5296,158,10222,2,841,36,2198,147,7481,38,9679,California
Glenn,2021-04-30,156,16515,34,5330,120,10342,2,843,37,2118,119,7600,39,9718,California
Glenn,2021-05-01,108,16623,13,5343,94,10436,1,844,25,2061,83,7683,26,9744,California
Glenn,2021-05-02,30,16653,12,5355,9,10445,9,853,15,2070,15,7698,24,9768,California
Glenn,2021-05-03,39,16692,24,5379,14,10459,1,854,14,2060,25,7723,15,9783,California
Glenn,2021-05-04,56,16748,32,5411,19,10478,5,859,28,2065,28,7751,33,9816,California
Glenn,2021-05-05,121,16869,34,5445,77,10555,10,869,51,2056,70,7821,61,9877,California
Glenn,2021-05-06,111,16980,41,5486,65,10620,5,874,41,2032,70,7891,46,9923,California
Glenn,2021-05-07,120,17100,33,5519,78,10698,9,883,30,1982,89,7980,39,9962,California
Glenn,2021-05-08,66,17166,12,5531,50,10748,4,887,21,1963,44,8024,25,9987,California
Glenn,2021-05-09,17,17183,11,5542,6,10754,0,887,13,1972,4,8028,13,10000,California
Glenn,2021-05-10,36,17219,14,5556,17,10771,5,892,13,1967,23,8051,18,10018,California
Glenn,2021-05-11,78,17297,55,5611,14,10785,9,901,16,1930,62,8113,25,10043,California
Glenn,2021-05-12,335,17632,252,5863,69,10854,14,915,54,1717,281,8394,68,10111,California
Glenn,2021-05-13,157,17789,60,5923,79,10933,18,933,69,1716,88,8482,87,10198,California
Glenn,2021-05-14,106,17895,25,5948,76,11009,5,938,39,1693,67,8549,44,10242,California
Glenn,2021-05-15,68,17963,40,5988,25,11034,3,941,35,1698,32,8581,37,10279,California
Glenn,2021-05-16,31,17994,18,6006,13,11047,0,941,9,1685,22,8603,9,10288,California
Glenn,2021-05-17,86,18080,61,6067,21,11068,4,945,60,1723,26,8629,64,10352,California
Glenn,2021-05-18,70,18150,49,6116,16,11084,5,950,22,1702,48,8677,27,10379,California
Glenn,2021-05-19,196,18346,116,6232,68,11152,12,962,74,1666,121,8798,85,10464,California
Glenn,2021-05-20,118,18464,75,6307,41,11193,2,964,83,1716,35,8833,85,10549,California
Glenn,2021-05-21,70,18534,26,6333,43,11236,1,965,30,1707,40,8873,31,10580,California
Glenn,2021-05-22,55,18589,24,6357,31,11267,0,965,28,1708,27,8900,28,10608,California
Glenn,2021-05-23,28,18617,15,6372,13,11280,0,965,12,1705,15,8915,12,10620,California
Glenn,2021-05-24,29,18646,10,6382,15,11295,4,969,10,1701,18,8933,14,10634,California
Glenn,2021-05-25,46,18692,35,6417,9,11304,2,971,23,1703,23,8956,25,10659,California
Glenn,2021-05-26,73,18765,14,6431,55,11359,4,975,25,1684,48,9004,29,10688,California
Glenn,2021-05-27,101,18866,62,6493,38,11397,1,976,47,1680,52,9056,48,10736,California
Glenn,2021-05-28,62,18928,18,6511,37,11434,7,983,32,1689,30,9086,39,10775,California
Glenn,2021-05-29,47,18975,11,6522,32,11466,4,987,21,1688,26,9112,25,10800,California
Glenn,2021-05-30,21,18996,13,6535,8,11474,0,987,8,1684,12,9124,8,10808,California
Glenn,2021-05-31,4,19000,0,6535,4,11478,0,987,0,1680,4,9128,0,10808,California
Glenn,2021-06-01,57,19057,32,6567,22,11500,3,990,25,1676,32,9160,28,10836,California
Glenn,2021-06-02,97,19154,48,6615,46,11546,3,993,38,1658,59,9219,41,10877,California
Glenn,2021-06-03,77,19231,43,6658,27,11573,7,1000,18,1626,57,9276,25,10902,California
Glenn,2021-06-04,77,19308,36,6694,37,11610,4,1004,41,1635,36,9312,45,10947,California
Glenn,2021-06-05,55,19363,30,6724,22,11632,3,1007,17,1617,38,9350,20,10967,California
Glenn,2021-06-06,31,19394,28,6752,2,11634,1,1008,15,1618,15,9365,16,10983,California
Glenn,2021-06-07,68,19462,59,6811,7,11641,2,1010,13,1579,54,9419,15,10998,California
Glenn,2021-06-08,35,19497,19,6830,11,11652,5,1015,16,1581,19,9438,21,11019,California
Glenn,2021-06-09,62,19559,34,6864,21,11673,7,1022,31,1588,31,9469,38,11057,California
Glenn,2021-06-10,117,19676,86,6950,25,11698,6,1028,34,1545,83,9552,40,11097,California
Glenn,2021-06-11,86,19762,56,7006,27,11725,3,1031,24,1510,62,9614,27,11124,California
Glenn,2021-06-12,35,19797,19,7025,13,11738,3,1034,13,1504,22,9636,16,11140,California
Glenn,2021-06-13,11,19808,11,7036,0,11738,0,1034,5,1503,6,9642,5,11145,California
Glenn,2021-06-14,42,19850,29,7065,10,11748,3,1037,19,1503,22,9664,22,11167,California
Glenn,2021-06-15,48,19898,33,7098,14,11762,1,1038,24,1504,24,9688,25,11192,California
Glenn,2021-06-16,84,19982,50,7148,33,11795,1,1039,57,1537,25,9713,58,11250,California
Glenn,2021-06-17,60,20042,34,7182,22,11817,4,1043,7,1495,53,9766,11,11261,California
Glenn,2021-06-18,79,20121,43,7225,15,11832,21,1064,24,1485,55,9821,45,11306,California
Glenn,2021-06-19,39,20160,19,7244,20,11852,0,1064,22,1490,17,9838,22,11328,California
Glenn,2021-06-20,4,20164,0,7244,4,11856,0,1064,0,1486,4,9842,0,11328,California
Humboldt,2020-12-15,2,2,2,2,0,0,0,0,2,2,0,0,2,2,California
Humboldt,2020-12-16,16,18,16,18,0,0,0,0,16,18,0,0,16,18,California
Humboldt,2020-12-17,117,135,117,135,0,0,0,0,117,135,0,0,117,135,California
Humboldt,2020-12-18,177,312,177,312,0,0,0,0,177,312,0,0,177,312,California
Humboldt,2020-12-19,10,322,10,322,0,0,0,0,10,322,0,0,10,322,California
Humboldt,2020-12-20,27,349,27,349,0,0,0,0,27,349,0,0,27,349,California
Humboldt,2020-12-21,166,515,166,515,0,0,0,0,166,515,0,0,166,515,California
Humboldt,2020-12-22,335,850,335,850,0,0,0,0,335,850,0,0,335,850,California
Humboldt,2020-12-23,322,1172,264,1114,58,58,0,0,324,1174,0,0,324,1174,California
Humboldt,2020-12-24,25,1197,2,1116,23,81,0,0,25,1199,0,0,25,1199,California
Humboldt,2020-12-25,2,1199,2,1118,0,81,0,0,2,1201,0,0,2,1201,California
Humboldt,2020-12-26,6,1205,5,1123,1,82,0,0,6,1207,0,0,6,1207,California
Humboldt,2020-12-28,206,1411,148,1271,58,140,0,0,206,1413,0,0,206,1413,California
Humboldt,2020-12-29,182,1593,123,1394,59,199,0,0,183,1596,0,0,183,1596,California
Humboldt,2020-12-30,231,1824,126,1520,105,304,0,0,231,1827,0,0,231,1827,California
Humboldt,2020-12-31,246,2070,81,1601,165,469,0,0,246,2073,0,0,246,2073,California
Humboldt,2021-01-01,3,2073,2,1603,1,470,0,0,3,2076,0,0,3,2076,California
Humboldt,2021-01-02,41,2114,3,1606,38,508,0,0,41,2117,0,0,41,2117,California
Humboldt,2021-01-04,218,2332,142,1748,76,584,0,0,219,2336,0,0,219,2336,California
Humboldt,2021-01-05,133,2465,21,1769,112,696,0,0,133,2468,1,1,133,2469,California
Humboldt,2021-01-06,315,2780,215,1984,100,796,0,0,242,2649,61,62,242,2711,California
Humboldt,2021-01-07,436,3216,323,2307,113,909,0,0,319,2868,100,162,319,3030,California
Humboldt,2021-01-08,426,3642,287,2594,139,1048,0,0,287,3022,133,295,287,3317,California
Humboldt,2021-01-09,67,3709,43,2637,24,1072,0,0,65,3086,2,297,66,3383,California
Humboldt,2021-01-10,84,3793,84,2721,0,1072,0,0,4,3010,80,377,4,3387,California
Humboldt,2021-01-11,291,4084,280,3001,11,1083,0,0,71,2865,216,593,71,3458,California
Humboldt,2021-01-12,502,4586,339,3340,163,1246,0,0,285,2955,195,788,285,3743,California
Humboldt,2021-01-13,499,5085,280,3620,219,1465,0,0,320,3100,176,964,321,4064,California
Humboldt,2021-01-14,550,5635,167,3787,383,1848,0,0,494,3539,56,1020,495,4559,California
Humboldt,2021-01-15,367,6002,28,3815,339,2187,0,0,350,3872,17,1037,350,4909,California
Humboldt,2021-01-16,168,6170,5,3820,163,2350,0,0,167,4038,1,1038,167,5076,California
Humboldt,2021-01-17,5,6175,4,3824,1,2351,0,0,5,4043,0,1038,5,5081,California
Humboldt,2021-01-18,304,6479,269,4093,35,2386,0,0,151,4041,153,1191,151,5232,California
Humboldt,2021-01-19,655,7134,396,4489,259,2645,0,0,526,4444,123,1314,526,5758,California
Humboldt,2021-01-20,917,8051,388,4877,529,3174,0,0,754,5045,155,1469,756,6514,California
Humboldt,2021-01-21,970,9021,261,5138,709,3883,0,0,927,5929,43,1512,927,7441,California
Humboldt,2021-01-22,690,9711,382,5520,308,4191,0,0,680,6600,10,1522,681,8122,California
Humboldt,2021-01-23,925,10636,284,5804,641,4832,0,0,915,7506,10,1532,916,9038,California
Humboldt,2021-01-24,229,10865,1,5805,228,5060,0,0,228,7733,1,1533,228,9266,California
Humboldt,2021-01-25,351,11216,234,6039,117,5177,0,0,154,7690,197,1730,154,9420,California
Humboldt,2021-01-26,544,11760,149,6188,395,5572,0,0,480,8106,64,1794,480,9900,California
Humboldt,2021-01-27,1275,13035,586,6774,689,6261,0,0,1203,9247,64,1858,1205,11105,California
Humboldt,2021-01-28,1466,14501,638,7412,828,7089,0,0,1325,10436,138,1996,1327,12432,California
Humboldt,2021-01-29,1164,15665,547,7959,617,7706,0,0,695,10663,469,2465,696,13128,California
Humboldt,2021-01-30,989,16654,468,8427,521,8227,0,0,976,11627,13,2478,977,14105,California
Humboldt,2021-01-31,317,16971,315,8742,2,8229,0,0,316,11942,1,2479,316,14421,California
Humboldt,2021-02-01,338,17309,195,8937,143,8372,0,0,189,11982,149,2628,189,14610,California
Humboldt,2021-02-02,452,17761,79,9016,373,8745,0,0,347,12229,102,2730,349,14959,California
Humboldt,2021-02-03,673,18434,266,9282,407,9152,0,0,519,12594,154,2884,519,15478,California
Humboldt,2021-02-04,653,19087,260,9542,393,9545,0,0,444,12832,206,3090,444,15922,California
Humboldt,2021-02-05,812,19899,94,9636,718,10263,0,0,625,13270,187,3277,625,16547,California
Humboldt,2021-02-06,1076,20975,466,10102,610,10873,0,0,1031,14258,44,3321,1032,17579,California
Humboldt,2021-02-07,379,21354,8,10110,371,11244,0,0,374,14629,4,3325,375,17954,California
Humboldt,2021-02-08,337,21691,146,10256,191,11435,0,0,179,14651,157,3482,179,18133,California
Humboldt,2021-02-09,503,22194,228,10484,275,11710,0,0,178,14504,325,3807,178,18311,California
Humboldt,2021-02-10,563,22757,371,10855,192,11902,0,0,233,14412,325,4132,233,18544,California
Humboldt,2021-02-11,1317,24074,396,11251,921,12823,0,0,493,14086,821,4953,495,19039,California
Humboldt,2021-02-12,1157,25231,741,11992,416,13239,0,0,708,14345,449,5402,708,19747,California
Humboldt,2021-02-13,1542,26773,596,12588,946,14185,0,0,921,14648,619,6021,922,20669,California
Humboldt,2021-02-14,110,26883,4,12592,106,14291,0,0,107,14753,2,6023,107,20776,California
Humboldt,2021-02-15,294,27177,81,12673,213,14504,0,0,193,14846,100,6123,193,20969,California
Humboldt,2021-02-16,545,27722,121,12794,424,14928,0,0,251,14805,294,6417,253,21222,California
Humboldt,2021-02-17,449,28171,277,13071,172,15100,0,0,131,14619,317,6734,131,21353,California
Humboldt,2021-02-18,1023,29194,601,13672,422,15522,0,0,272,14142,749,7483,272,21625,California
Humboldt,2021-02-19,481,29675,436,14108,45,15567,0,0,89,13843,388,7871,89,21714,California
Humboldt,2021-02-20,1724,31399,1026,15134,698,16265,0,0,483,13091,1238,9109,486,22200,California
Humboldt,2021-02-21,479,31878,471,15605,8,16273,0,0,180,12973,299,9408,181,22381,California
Humboldt,2021-02-22,138,32016,94,15699,44,16317,0,0,29,12895,107,9515,29,22410,California
Humboldt,2021-02-23,181,32197,71,15770,110,16427,0,0,44,12804,135,9650,44,22454,California
Humboldt,2021-02-24,1213,33410,741,16511,472,16899,0,0,586,12764,626,10276,586,23040,California
Humboldt,2021-02-25,834,34244,318,16829,516,17415,0,0,231,12394,601,10877,231,23271,California
Humboldt,2021-02-26,2156,36400,108,16937,2048,19463,0,0,446,11137,1704,12581,447,23718,California
Humboldt,2021-02-27,1710,38110,1090,18027,620,20083,0,0,853,11139,855,13436,857,24575,California
Humboldt,2021-02-28,125,38235,11,18038,114,20197,0,0,117,11250,7,13443,118,24693,California
Humboldt,2021-03-01,260,38495,46,18084,214,20411,0,0,186,11362,74,13517,186,24879,California
Humboldt,2021-03-02,299,38794,49,18133,250,20661,0,0,163,11389,136,13653,163,25042,California
Humboldt,2021-03-03,1669,40463,1103,19236,566,21227,0,0,1222,12172,440,14093,1223,26265,California
Humboldt,2021-03-04,923,41386,113,19349,810,22037,0,0,298,11847,625,14718,300,26565,California
Humboldt,2021-03-05,948,42334,189,19538,748,22785,11,11,387,11687,558,15276,398,26963,California
Humboldt,2021-03-06,1796,44130,939,20477,808,23593,49,60,801,11543,994,16270,850,27813,California
Humboldt,2021-03-07,365,44495,293,20770,54,23647,18,78,157,11510,208,16478,175,27988,California
Humboldt,2021-03-08,277,44772,6,20776,192,23839,79,157,181,11675,95,16573,260,28248,California
Humboldt,2021-03-09,501,45273,207,20983,146,23985,148,305,245,11813,254,16827,392,28640,California
Humboldt,2021-03-10,692,45965,468,21451,70,24055,154,459,420,12114,271,17098,572,29212,California
Humboldt,2021-03-11,1472,47437,458,21909,914,24969,100,559,644,12034,823,17921,743,29955,California
Humboldt,2021-03-12,1749,49186,1084,22993,444,25413,221,780,1053,12623,688,18609,1277,31232,California
Humboldt,2021-03-13,1586,50772,1037,24030,498,25911,51,831,671,12435,909,19518,721,31953,California
Humboldt,2021-03-14,142,50914,19,24049,115,26026,8,839,30,12361,112,19630,38,31991,California
Humboldt,2021-03-15,279,51193,51,24100,205,26231,23,862,59,12223,220,19850,82,32073,California
Humboldt,2021-03-16,635,51828,201,24301,173,26404,261,1123,259,12366,375,20225,518,32591,California
Humboldt,2021-03-17,729,52557,393,24694,228,26632,108,1231,339,12424,389,20614,447,33038,California
Humboldt,2021-03-18,1740,54297,1169,25863,528,27160,43,1274,1043,12817,693,21307,1086,34124,California
Humboldt,2021-03-19,1074,55371,61,25924,698,27858,315,1589,441,12942,630,21937,755,34879,California
Humboldt,2021-03-20,1383,56754,756,26680,613,28471,14,1603,424,12424,957,22894,439,35318,California
Humboldt,2021-03-21,251,57005,33,26713,189,28660,29,1632,206,12613,45,22939,234,35552,California
Humboldt,2021-03-22,119,57124,15,26728,54,28714,50,1682,63,12672,54,22993,113,35665,California
Humboldt,2021-03-23,413,57537,41,26769,329,29043,43,1725,319,12942,92,23085,362,36027,California
Humboldt,2021-03-24,1416,58953,389,27158,980,30023,47,1772,1038,13656,370,23455,1084,37111,California
Humboldt,2021-03-25,1842,60795,1214,28372,565,30588,63,1835,946,13771,894,24349,1009,38120,California
Humboldt,2021-03-26,2040,62835,437,28809,1545,32133,58,1893,1594,14982,440,24789,1651,39771,California
Humboldt,2021-03-27,2081,64916,1498,30307,410,32543,173,2066,1103,15284,974,25763,1276,41047,California
Humboldt,2021-03-28,268,65184,82,30389,114,32657,72,2138,83,15256,184,25947,156,41203,California
Humboldt,2021-03-29,466,65650,124,30513,246,32903,96,2234,197,15280,268,26215,292,41495,California
Humboldt,2021-03-30,943,66593,303,30816,526,33429,114,2348,557,15569,381,26596,670,42165,California
Humboldt,2021-03-31,1870,68463,522,31338,1250,34679,98,2446,1410,16623,456,27052,1510,43675,California
Humboldt,2021-04-01,2114,70577,704,32042,1317,35996,93,2539,1482,17574,624,27676,1575,45250,California
Humboldt,2021-04-02,1721,72298,1112,33154,504,36500,105,2644,617,17198,1098,28774,722,45972,California
Humboldt,2021-04-03,1666,73964,1507,34661,145,36645,14,2658,670,16896,986,29760,684,46656,California
Humboldt,2021-04-04,484,74448,371,35032,104,36749,9,2667,403,17228,80,29840,412,47068,California
Humboldt,2021-04-05,780,75228,464,35496,268,37017,48,2715,443,17385,334,30174,491,47559,California
Humboldt,2021-04-06,845,76073,318,35814,393,37410,134,2849,589,17856,250,30424,721,48280,California
Humboldt,2021-04-07,1500,77573,1068,36882,291,37701,141,2990,994,18488,503,30927,1135,49415,California
Humboldt,2021-04-08,1754,79327,1098,37980,497,38198,159,3149,742,18379,1010,31937,901,50316,California
Humboldt,2021-04-09,1440,80767,439,38419,846,39044,155,3304,1151,19390,288,32225,1299,51615,California
Humboldt,2021-04-10,937,81704,138,38557,627,39671,172,3476,740,20105,195,32420,910,52525,California
Humboldt,2021-04-11,646,82350,138,38695,36,39707,472,3948,129,20187,517,32937,599,53124,California
Humboldt,2021-04-12,439,82789,228,38923,85,39792,126,4074,279,20432,160,33097,405,53529,California
Humboldt,2021-04-13,589,83378,324,39247,261,40053,4,4078,556,20961,30,33127,559,54088,California
Humboldt,2021-04-14,1445,84823,1044,40291,401,40454,0,4078,1332,22181,112,33239,1332,55420,California
Humboldt,2021-04-15,1833,86656,1202,41493,627,41081,4,4082,1261,22892,554,33793,1265,56685,California
Humboldt,2021-04-16,1136,87792,522,42015,614,41695,0,4082,550,22859,583,34376,550,57235,California
Humboldt,2021-04-17,1863,89655,1540,43555,323,42018,0,4082,1057,23120,800,35176,1061,58296,California
Humboldt,2021-04-18,669,90324,354,43909,314,42332,1,4083,83,22628,580,35756,88,58384,California
Humboldt,2021-04-19,200,90524,83,43992,117,42449,0,4083,85,22600,113,35869,85,58469,California
Humboldt,2021-04-20,488,91012,128,44120,360,42809,0,4083,242,22598,245,36114,243,58712,California
Humboldt,2021-04-21,1096,92108,384,44504,712,43521,0,4083,435,22382,652,36766,436,59148,California
Humboldt,2021-04-22,881,92989,528,45032,352,43873,1,4084,447,22398,431,37197,447,59595,California
Humboldt,2021-04-23,2168,95157,308,45340,1860,45733,0,4084,315,20864,1849,39046,315,59910,California
Humboldt,2021-04-24,1088,96245,882,46222,201,45934,5,4089,360,20504,725,39771,365,60275,California
Humboldt,2021-04-25,376,96621,240,46462,136,46070,0,4089,193,20517,180,39951,193,60468,California
Humboldt,2021-04-26,355,96976,251,46713,100,46170,4,4093,99,20364,254,40205,101,60569,California
Humboldt,2021-04-27,761,97737,263,46976,469,46639,29,4122,153,19940,606,40811,182,60751,California
Humboldt,2021-04-28,1548,99285,798,47774,705,47344,45,4167,401,19242,1144,41955,446,61197,California
Humboldt,2021-04-29,1742,101027,593,48367,1111,48455,38,4205,292,18126,1446,43401,330,61527,California
Humboldt,2021-04-30,1251,102278,394,48761,823,49278,34,4239,193,17299,1052,44453,225,61752,California
Humboldt,2021-05-01,467,102745,385,49146,60,49338,22,4261,289,17433,177,44630,311,62063,California
Humboldt,2021-05-02,232,102977,185,49331,38,49376,9,4270,117,17445,114,44744,126,62189,California
Humboldt,2021-05-03,614,103591,375,49706,215,49591,24,4294,99,17056,513,45257,124,62313,California
Humboldt,2021-05-04,822,104413,483,50189,293,49884,46,4340,253,16788,566,45823,298,62611,California
Humboldt,2021-05-05,1688,106101,1077,51266,554,50438,57,4397,178,15518,1503,47326,233,62844,California
Humboldt,2021-05-06,1691,107792,1074,52340,364,50802,253,4650,138,14359,1550,48876,391,63235,California
Humboldt,2021-05-07,1417,109209,301,52641,1056,51858,60,4710,236,13475,1178,50054,294,63529,California
Humboldt,2021-05-08,740,109949,146,52787,571,52429,23,4733,90,12939,649,50703,113,63642,California
Humboldt,2021-05-09,910,110859,858,53645,42,52471,10,4743,48,12135,862,51565,58,63700,California
Humboldt,2021-05-10,215,111074,35,53680,142,52613,38,4781,82,12122,133,51698,120,63820,California
Humboldt,2021-05-11,500,111574,148,53828,279,52892,73,4854,187,12069,313,52011,260,64080,California
Humboldt,2021-05-12,620,112194,141,53969,433,53325,46,4900,229,11953,390,52401,274,64354,California
Humboldt,2021-05-13,586,112780,290,54259,269,53594,27,4927,272,11940,312,52713,299,64653,California
Humboldt,2021-05-14,702,113482,140,54399,458,54052,104,5031,230,11804,469,53182,333,64986,California
Humboldt,2021-05-15,780,114262,640,55039,132,54184,8,5039,209,11451,570,53752,217,65203,California
Humboldt,2021-05-16,123,114385,55,55094,64,54248,4,5043,70,11472,53,53805,74,65277,California
Humboldt,2021-05-17,407,114792,214,55308,170,54418,23,5066,227,11543,178,53983,249,65526,California
Humboldt,2021-05-18,663,115455,324,55632,310,54728,29,5095,369,11647,294,54277,398,65924,California
Humboldt,2021-05-19,987,116442,548,56180,396,55124,43,5138,355,11415,628,54905,396,66320,California
Humboldt,2021-05-20,816,117258,606,56786,197,55321,13,5151,593,11803,219,55124,607,66927,California
Humboldt,2021-05-21,874,118132,288,57074,525,55846,61,5212,370,11730,504,55628,431,67358,California
Humboldt,2021-05-22,411,118543,318,57392,85,55931,8,5220,145,11619,264,55892,153,67511,California
Humboldt,2021-05-23,389,118932,322,57714,64,55995,3,5223,72,11377,317,56209,75,67586,California
Humboldt,2021-05-24,324,119256,171,57885,124,56119,29,5252,186,11455,137,56346,215,67801,California
Humboldt,2021-05-25,530,119786,339,58224,167,56286,24,5276,291,11534,236,56582,315,68116,California
Humboldt,2021-05-26,647,120433,311,58535,312,56598,24,5300,312,11536,334,56916,336,68452,California
Humboldt,2021-05-27,464,120897,246,58781,181,56779,37,5337,280,11669,184,57100,317,68769,California
Humboldt,2021-05-28,410,121307,193,58974,170,56949,47,5384,180,11667,229,57329,227,68996,California
Humboldt,2021-05-29,170,121477,101,59075,66,57015,3,5387,97,11694,73,57402,100,69096,California
Humboldt,2021-05-30,104,121581,45,59120,54,57069,5,5392,49,11694,54,57456,54,69150,California
Humboldt,2021-05-31,72,121653,26,59146,40,57109,6,5398,48,11724,23,57479,53,69203,California
Humboldt,2021-06-01,453,122106,264,59410,174,57283,15,5413,198,11682,255,57734,213,69416,California
Humboldt,2021-06-02,533,122639,249,59659,230,57513,54,5467,243,11693,284,58018,295,69711,California
Humboldt,2021-06-03,391,123030,226,59885,143,57656,22,5489,89,11530,274,58292,111,69822,California
Humboldt,2021-06-04,505,123535,314,60199,167,57823,24,5513,133,11358,328,58620,156,69978,California
Humboldt,2021-06-05,406,123941,311,60510,50,57873,45,5558,204,11460,147,58767,249,70227,California
Humboldt,2021-06-06,169,124110,117,60627,43,57916,9,5567,70,11445,94,58861,79,70306,California
Humboldt,2021-06-07,353,124463,216,60843,113,58029,24,5591,114,11345,238,59099,138,70444,California
Humboldt,2021-06-08,524,124987,305,61148,190,58219,29,5620,157,11165,366,59465,186,70630,California
Humboldt,2021-06-09,397,125384,203,61351,147,58366,47,5667,124,11065,271,59736,171,70801,California
Humboldt,2021-06-10,561,125945,444,61795,90,58456,27,5694,98,10729,459,60195,123,70924,California
Humboldt,2021-06-11,437,126382,246,62041,163,58619,28,5722,101,10523,335,60530,129,71053,California
Humboldt,2021-06-12,176,126558,130,62171,46,58665,0,5722,48,10444,127,60657,48,71101,California
Humboldt,2021-06-13,211,126769,142,62313,43,58708,26,5748,88,10436,122,60779,114,71215,California
Humboldt,2021-06-14,412,127181,251,62564,134,58842,27,5775,113,10277,298,61077,139,71354,California
Humboldt,2021-06-15,544,127725,370,62934,146,58988,28,5803,153,10072,385,61462,180,71534,California
Humboldt,2021-06-16,482,128207,321,63255,114,59102,47,5850,140,9926,333,61795,187,71721,California
Humboldt,2021-06-17,389,128596,256,63511,88,59190,45,5895,94,9770,295,62090,139,71860,California
Humboldt,2021-06-18,382,128978,219,63730,137,59327,26,5921,117,9654,258,62348,142,72002,California
Humboldt,2021-06-19,195,129173,135,63865,40,59367,20,5941,82,9643,113,62461,102,72104,California
Humboldt,2021-06-20,13,129186,0,63865,9,59376,4,5945,2,9638,11,62472,6,72110,California
Imperial,2020-12-16,1,1,1,1,0,0,0,0,1,1,0,0,1,1,California
Imperial,2020-12-17,4,5,4,5,0,0,0,0,4,5,0,0,4,5,California
Imperial,2020-12-18,12,17,12,17,0,0,0,0,12,17,0,0,12,17,California
Imperial,2020-12-20,3,20,3,20,0,0,0,0,3,20,0,0,3,20,California
Imperial,2020-12-21,186,206,186,206,0,0,0,0,186,206,0,0,186,206,California
Imperial,2020-12-22,240,446,238,444,2,2,0,0,240,446,0,0,240,446,California
Imperial,2020-12-23,212,658,211,655,1,3,0,0,211,657,0,0,211,657,California
Imperial,2020-12-24,7,665,7,662,0,3,0,0,7,664,0,0,7,664,California
Imperial,2020-12-26,4,669,2,664,2,5,0,0,4,668,0,0,4,668,California
Imperial,2020-12-27,62,731,0,664,62,67,0,0,62,730,0,0,62,730,California
Imperial,2020-12-28,216,947,115,779,101,168,0,0,216,946,0,0,216,946,California
Imperial,2020-12-29,192,1139,37,816,155,323,0,0,192,1138,0,0,192,1138,California
Imperial,2020-12-30,368,1507,51,867,317,640,0,0,368,1506,0,0,368,1506,California
Imperial,2020-12-31,200,1707,29,896,171,811,0,0,200,1706,0,0,200,1706,California
Imperial,2021-01-01,47,1754,5,901,42,853,0,0,47,1753,0,0,47,1753,California
Imperial,2021-01-02,5,1759,0,901,5,858,0,0,5,1758,0,0,5,1758,California
Imperial,2021-01-03,90,1849,0,901,90,948,0,0,90,1848,0,0,90,1848,California
Imperial,2021-01-04,89,1938,9,910,80,1028,0,0,89,1937,0,0,89,1937,California
Imperial,2021-01-05,172,2110,14,924,158,1186,0,0,172,2109,0,0,172,2109,California
Imperial,2021-01-06,193,2303,27,951,166,1352,0,0,192,2300,1,1,192,2301,California
Imperial,2021-01-07,332,2635,14,965,318,1670,0,0,327,2622,5,6,327,2628,California
Imperial,2021-01-08,195,2830,52,1017,143,1813,0,0,186,2799,9,15,186,2814,California
Imperial,2021-01-09,24,2854,21,1038,3,1816,0,0,24,2823,0,15,24,2838,California
Imperial,2021-01-10,7,2861,1,1039,6,1822,0,0,6,2828,1,16,6,2844,California
Imperial,2021-01-11,404,3265,244,1283,160,1982,0,0,176,2776,228,244,176,3020,California
Imperial,2021-01-12,418,3683,308,1591,110,2092,0,0,156,2671,261,505,156,3176,California
Imperial,2021-01-13,386,4069,135,1726,251,2343,0,0,284,2853,102,607,284,3460,California
Imperial,2021-01-14,268,4337,151,1877,117,2460,0,0,262,3110,5,612,262,3722,California
Imperial,2021-01-15,245,4582,182,2059,63,2523,0,0,237,3339,8,620,237,3959,California
Imperial,2021-01-16,95,4677,74,2133,21,2544,0,0,94,3432,1,621,94,4053,California
Imperial,2021-01-17,18,4695,5,2138,13,2557,0,0,17,3448,1,622,17,4070,California
Imperial,2021-01-18,1074,5769,400,2538,674,3231,0,0,976,4327,98,720,977,5047,California
Imperial,2021-01-19,176,5945,132,2670,44,3275,0,0,129,4409,47,767,129,5176,California
Imperial,2021-01-20,302,6247,199,2869,103,3378,0,0,263,4633,39,806,263,5439,California
Imperial,2021-01-21,462,6709,210,3079,252,3630,0,0,438,5047,24,830,438,5877,California
Imperial,2021-01-22,480,7189,192,3271,288,3918,0,0,471,5509,9,839,471,6348,California
Imperial,2021-01-23,1067,8256,293,3564,774,4692,0,0,1065,6572,2,841,1065,7413,California
Imperial,2021-01-24,24,8280,3,3567,21,4713,0,0,23,6594,1,842,23,7436,California
Imperial,2021-01-25,224,8504,10,3577,214,4927,0,0,40,6452,182,1024,40,7476,California
Imperial,2021-01-26,387,8891,185,3762,202,5129,0,0,241,6549,145,1169,242,7718,California
Imperial,2021-01-27,599,9490,169,3931,430,5559,0,0,263,6476,336,1505,263,7981,California
Imperial,2021-01-28,659,10149,170,4101,489,6048,0,0,549,6915,110,1615,549,8530,California
Imperial,2021-01-29,461,10610,308,4409,153,6201,0,0,411,7276,50,1665,411,8941,California
Imperial,2021-01-30,89,10699,44,4453,45,6246,0,0,72,7331,17,1682,72,9013,California
Imperial,2021-01-31,31,10730,8,4461,23,6269,0,0,30,7360,1,1683,30,9043,California
Imperial,2021-02-01,466,11196,69,4530,397,6666,0,0,255,7405,210,1893,255,9298,California
Imperial,2021-02-02,754,11950,69,4599,685,7351,0,0,568,7787,186,2079,568,9866,California
Imperial,2021-02-03,496,12446,52,4651,444,7795,0,0,300,7892,195,2274,300,10166,California
Imperial,2021-02-04,1785,14231,1230,5881,555,8350,0,0,1467,9042,317,2591,1467,11633,California
Imperial,2021-02-05,470,14701,255,6136,215,8565,0,0,234,9041,237,2828,236,11869,California
Imperial,2021-02-06,889,15590,849,6985,40,8605,0,0,854,9858,37,2865,854,12723,California
Imperial,2021-02-07,50,15640,17,7002,33,8638,0,0,46,9900,4,2869,46,12769,California
Imperial,2021-02-08,293,15933,62,7064,231,8869,0,0,225,10057,68,2937,225,12994,California
Imperial,2021-02-09,525,16458,178,7242,347,9216,0,0,353,10241,172,3109,356,13350,California
Imperial,2021-02-10,492,16950,67,7309,425,9641,0,0,124,10000,368,3477,127,13477,California
Imperial,2021-02-11,1094,18044,390,7699,704,10345,0,0,188,9290,901,4378,191,13668,California
Imperial,2021-02-12,2225,20269,1470,9169,755,11100,0,0,1864,10796,364,4742,1870,15538,California
Imperial,2021-02-13,82,20351,27,9196,55,11155,0,0,64,10840,21,4763,65,15603,California
Imperial,2021-02-14,49,20400,34,9230,15,11170,0,0,46,10883,3,4766,46,15649,California
Imperial,2021-02-15,168,20568,60,9290,108,11278,0,0,130,10978,38,4804,133,15782,California
Imperial,2021-02-16,537,21105,271,9561,266,11544,0,0,318,11081,219,5023,322,16104,California
Imperial,2021-02-17,465,21570,307,9868,158,11702,0,0,109,10839,356,5379,114,16218,California
Imperial,2021-02-18,692,22262,339,10207,353,12055,0,0,168,10494,523,5902,178,16396,California
Imperial,2021-02-19,803,23065,408,10615,395,12450,0,0,215,10124,587,6489,217,16613,California
Imperial,2021-02-20,1071,24136,215,10830,856,13306,0,0,343,9751,726,7215,353,16966,California
Imperial,2021-02-21,604,24740,572,11402,32,13338,0,0,594,10339,9,7224,597,17563,California
Imperial,2021-02-22,840,25580,596,11998,244,13582,0,0,780,11064,60,7284,785,18348,California
Imperial,2021-02-23,1050,26630,455,12453,595,14177,0,0,967,11961,83,7367,980,19328,California
Imperial,2021-02-24,780,27410,319,12772,461,14638,0,0,659,12514,120,7487,673,20001,California
Imperial,2021-02-25,935,28345,374,13146,561,15199,0,0,533,12670,401,7888,557,20558,California
Imperial,2021-02-26,2365,30710,1390,14536,975,16174,0,0,1848,14024,516,8404,1870,22428,California
Imperial,2021-02-27,997,31707,906,15442,91,16265,0,0,240,13526,758,9162,260,22688,California
Imperial,2021-02-28,97,31804,77,15519,20,16285,0,0,77,13594,20,9182,88,22776,California
Imperial,2021-03-01,579,32383,341,15860,235,16520,3,3,492,14017,83,9265,506,23282,California
Imperial,2021-03-02,765,33148,277,16137,487,17007,1,4,418,14104,345,9610,432,23714,California
Imperial,2021-03-03,980,34128,73,16210,906,17913,1,5,584,14324,393,10003,613,24327,California
Imperial,2021-03-04,834,34962,126,16336,707,18620,1,6,536,14615,295,10298,586,24913,California
Imperial,2021-03-05,3190,38152,2265,18601,925,19545,0,6,1782,15018,1411,11709,1814,26727,California
Imperial,2021-03-06,743,38895,254,18855,489,20034,0,6,677,15657,63,11772,702,27429,California
Imperial,2021-03-07,124,39019,70,18925,54,20088,0,6,72,15703,51,11823,97,27526,California
Imperial,2021-03-08,490,39509,377,19302,78,20166,35,41,382,16046,108,11931,451,27977,California
Imperial,2021-03-09,749,40258,353,19655,148,20314,248,289,432,16411,317,12248,682,28659,California
Imperial,2021-03-10,747,41005,350,20005,291,20605,106,395,347,16478,399,12647,466,29125,California
Imperial,2021-03-11,1853,42858,506,20511,1158,21763,189,584,1224,17289,624,13271,1435,30560,California
Imperial,2021-03-12,4904,47762,3507,24018,1195,22958,202,786,3120,18855,1778,15049,3344,33904,California
Imperial,2021-03-13,1219,48981,101,24119,885,23843,233,1019,882,19662,334,15383,1141,35045,California
Imperial,2021-03-14,208,49189,49,24168,143,23986,16,1035,146,19778,62,15445,178,35223,California
Imperial,2021-03-15,741,49930,254,24422,222,24208,265,1300,403,20129,336,15781,687,35910,California
Imperial,2021-03-16,1200,51130,324,24746,404,24612,472,1772,581,20595,617,16398,1083,36993,California
Imperial,2021-03-17,1662,52792,723,25469,799,25411,140,1912,1040,21170,614,17012,1189,38182,California
Imperial,2021-03-18,1885,54677,1247,26716,578,25989,60,1972,1316,21987,565,17577,1382,39564,California
Imperial,2021-03-19,3827,58504,2791,29507,1033,27022,3,1975,1931,22036,1888,19465,1937,41501,California
Imperial,2021-03-20,1801,60305,562,30069,1232,28254,7,1982,1339,22932,456,19921,1352,42853,California
Imperial,2021-03-21,272,60577,84,30153,183,28437,5,1987,165,23003,107,20028,178,43031,California
Imperial,2021-03-22,1104,61681,379,30532,716,29153,9,1996,639,23194,463,20491,654,43685,California
Imperial,2021-03-23,1553,63234,526,31058,1021,30174,6,2002,958,23572,591,21082,969,44654,California
Imperial,2021-03-24,2209,65443,595,31653,1188,31362,426,2428,1188,24171,1018,22100,1617,46271,California
Imperial,2021-03-25,3261,68704,729,32382,905,32267,1627,4055,1222,24979,2033,24133,2841,49112,California
Imperial,2021-03-26,3272,71976,1201,33583,1074,33341,997,5052,942,24605,2318,26451,1944,51056,California
Imperial,2021-03-27,643,72619,289,33872,298,33639,56,5108,454,24931,186,26637,512,51568,California
Imperial,2021-03-28,227,72846,61,33933,164,33803,2,5110,182,25073,43,26680,185,51753,California
Imperial,2021-03-29,1522,74368,387,34320,410,34213,725,5835,352,24985,1167,27847,1079,52832,California
Imperial,2021-03-30,2138,76506,714,35034,609,34822,815,6650,707,25075,1429,29276,1519,54351,California
Imperial,2021-03-31,1569,78075,743,35777,820,35642,6,6656,1040,25594,526,29802,1045,55396,California
Imperial,2021-04-01,2104,80179,447,36224,1412,37054,245,6901,894,25529,1204,31006,1139,56535,California
Imperial,2021-04-02,1998,82177,501,36725,1419,38473,78,6979,1351,26318,641,31647,1430,57965,California
Imperial,2021-04-03,1550,83727,447,37172,1023,39496,80,7059,721,26295,826,32473,803,58768,California
Imperial,2021-04-04,94,83821,50,37222,27,39523,17,7076,26,26271,68,32541,44,58812,California
Imperial,2021-04-05,3431,87252,2330,39552,936,40459,165,7241,814,24650,2607,35148,986,59798,California
Imperial,2021-04-06,1364,88616,563,40115,608,41067,193,7434,710,24907,649,35797,906,60704,California
Imperial,2021-04-07,2191,90807,567,40682,1246,42313,378,7812,1571,26230,624,36421,1947,62651,California
Imperial,2021-04-08,2252,93059,1102,41784,850,43163,300,8112,1086,26452,1162,37583,1384,64035,California
Imperial,2021-04-09,3262,96321,1681,43465,961,44124,620,8732,1540,26895,1714,39297,2157,66192,California
Imperial,2021-04-10,1338,97659,211,43676,853,44977,274,9006,253,26339,1082,40379,526,66718,California
Imperial,2021-04-11,228,97887,37,43713,159,45136,32,9038,81,26308,147,40526,116,66834,California
Imperial,2021-04-12,1483,99370,799,44512,462,45598,222,9260,846,26746,631,41157,1069,67903,California
Imperial,2021-04-13,2987,102357,1927,46439,1058,46656,2,9262,2071,27910,912,42069,2076,69979,California
Imperial,2021-04-14,2093,104450,984,47423,1109,47765,0,9262,1410,28649,676,42745,1415,71394,California
Imperial,2021-04-15,2028,106478,927,48350,1101,48866,0,9262,1380,29393,642,43387,1386,72780,California
Imperial,2021-04-16,3479,109957,1811,50161,1668,50534,0,9262,2178,30287,1287,44674,2181,74961,California
Imperial,2021-04-17,1836,111793,940,51101,894,51428,2,9264,1423,31305,408,45082,1426,76387,California
Imperial,2021-04-18,271,112064,81,51182,190,51618,0,9264,95,31230,174,45256,99,76486,California
Imperial,2021-04-19,875,112939,281,51463,594,52212,0,9264,481,31324,391,45647,485,76971,California
Imperial,2021-04-20,1356,114295,553,52016,803,53015,0,9264,757,31487,597,46244,760,77731,California
Imperial,2021-04-21,1420,115715,357,52373,1062,54077,1,9265,821,31716,592,46836,821,78552,California
Imperial,2021-04-22,2385,118100,830,53203,1555,55632,0,9265,1641,32631,728,47564,1643,80195,California
Imperial,2021-04-23,2860,120960,541,53744,2319,57951,0,9265,1107,32020,1722,49286,1111,81306,California
Imperial,2021-04-24,572,121532,340,54084,232,58183,0,9265,208,31867,361,49647,208,81514,California
Imperial,2021-04-25,277,121809,104,54188,173,58356,0,9265,141,31874,134,49781,141,81655,California
Imperial,2021-04-26,1263,123072,502,54690,757,59113,4,9269,720,32061,537,50318,724,82379,California
Imperial,2021-04-27,1171,124243,394,55084,767,59880,10,9279,582,32071,583,50901,593,82972,California
Imperial,2021-04-28,1511,125754,659,55743,823,60703,29,9308,685,31965,820,51721,714,83686,California
Imperial,2021-04-29,1860,127614,876,56619,936,61639,48,9356,822,31809,1027,52748,871,84557,California
Imperial,2021-04-30,3304,130918,1702,58321,1567,63206,35,9391,1594,31741,1697,54445,1629,86186,California
Imperial,2021-05-01,353,131271,152,58473,198,63404,3,9394,167,31728,185,54630,172,86358,California
Imperial,2021-05-02,89,131360,30,58503,57,63461,2,9396,51,31744,38,54668,54,86412,California
Imperial,2021-05-03,1674,133034,566,59069,1059,64520,49,9445,385,30900,1277,55945,433,86845,California
Imperial,2021-05-04,1783,134817,982,60051,774,65294,27,9472,549,30250,1226,57171,576,87421,California
Imperial,2021-05-05,1528,136345,910,60961,597,65891,21,9493,454,29664,1062,58233,476,87897,California
Imperial,2021-05-06,1745,138090,1147,62108,556,66447,42,9535,561,29091,1178,59411,605,88502,California
Imperial,2021-05-07,2628,140718,1470,63578,1113,67560,45,9580,868,28268,1739,61150,916,89418,California
Imperial,2021-05-08,797,141515,650,64228,138,67698,9,9589,193,27873,597,61747,202,89620,California
Imperial,2021-05-09,105,141620,71,64299,33,67731,1,9590,35,27842,67,61814,36,89656,California
Imperial,2021-05-10,1179,142799,305,64604,750,68481,124,9714,351,27495,821,62635,474,90130,California
Imperial,2021-05-11,1497,144296,483,65087,995,69476,19,9733,502,27034,987,63622,526,90656,California
Imperial,2021-05-12,865,145161,274,65361,552,70028,39,9772,306,26824,554,64176,344,91000,California
Imperial,2021-05-13,1886,147047,1256,66617,558,70586,72,9844,825,26668,1052,65228,896,91896,California
Imperial,2021-05-14,1778,148825,976,67593,742,71328,60,9904,1164,27290,602,65830,1224,93120,California
Imperial,2021-05-15,1249,150074,490,68083,737,72065,22,9926,476,27022,767,66597,499,93619,California
Imperial,2021-05-16,128,150202,87,68170,37,72102,4,9930,54,27007,73,66670,58,93677,California
Imperial,2021-05-17,1991,152193,731,68901,1209,73311,51,9981,692,26458,1292,67962,743,94420,California
Imperial,2021-05-18,1710,153903,906,69807,730,74041,74,10055,929,26687,775,68737,1004,95424,California
Imperial,2021-05-19,1309,155212,615,70422,624,74665,70,10125,614,26682,688,69425,683,96107,California
Imperial,2021-05-20,1633,156845,1018,71440,548,75213,67,10192,738,26605,883,70308,806,96913,California
Imperial,2021-05-21,1937,158782,1240,72680,633,75846,64,10256,969,26681,958,71266,1034,97947,California
Imperial,2021-05-22,297,159079,192,72872,89,75935,16,10272,154,26713,138,71404,170,98117,California
Imperial,2021-05-23,96,159175,36,72908,51,75986,9,10281,36,26700,58,71462,45,98162,California
Imperial,2021-05-24,1283,160458,629,73537,594,76580,60,10341,530,26542,746,72208,588,98750,California
Imperial,2021-05-25,1474,161932,489,74026,951,77531,34,10375,529,26171,935,73143,564,99314,California
Imperial,2021-05-26,1056,162988,555,74581,451,77982,50,10425,467,26102,586,73729,517,99831,California
Imperial,2021-05-27,1328,164316,734,75315,524,78506,70,10495,652,26154,670,74399,722,100553,California
Imperial,2021-05-28,1050,165366,604,75919,374,78880,72,10567,390,25967,650,75049,463,101016,California
Imperial,2021-05-29,228,165594,127,76046,95,78975,6,10573,118,25981,110,75159,124,101140,California
Imperial,2021-05-30,96,165690,29,76075,65,79040,2,10575,65,26017,31,75190,67,101207,California
Imperial,2021-05-31,78,165768,19,76094,53,79093,6,10581,35,26015,43,75233,41,101248,California
Imperial,2021-06-01,1193,166961,553,76647,574,79667,66,10647,471,25839,714,75947,538,101786,California
Imperial,2021-06-02,1099,168060,606,77253,402,80069,91,10738,565,25963,530,76477,654,102440,California
Imperial,2021-06-03,1264,169324,743,77996,427,80496,94,10832,599,25998,658,77135,693,103133,California
Imperial,2021-06-04,2231,171555,1592,79588,534,81030,105,10937,986,25853,1235,78370,1090,104223,California
Imperial,2021-06-05,369,171924,234,79822,120,81150,15,10952,178,25859,187,78557,193,104416,California
Imperial,2021-06-06,84,172008,47,79869,25,81175,12,10964,45,25877,39,78596,57,104473,California
Imperial,2021-06-07,1008,173016,655,80524,287,81462,66,11030,490,25919,514,79110,556,105029,California
Imperial,2021-06-08,1360,174376,1030,81554,271,81733,59,11089,553,25728,803,79913,612,105641,California
Imperial,2021-06-09,1063,175439,774,82328,232,81965,57,11146,494,25717,562,80475,551,106192,California
Imperial,2021-06-10,1124,176563,768,83096,312,82277,44,11190,439,25518,681,81156,482,106674,California
Imperial,2021-06-11,1629,178192,1184,84280,401,82678,44,11234,715,25375,902,82058,759,107433,California
Imperial,2021-06-12,242,178434,127,84407,104,82782,11,11245,103,25351,138,82196,114,107547,California
Imperial,2021-06-13,86,178520,25,84432,59,82841,2,11247,57,25382,29,82225,60,107607,California
Imperial,2021-06-14,870,179390,613,85045,213,83054,44,11291,377,25314,489,82714,421,108028,California
Imperial,2021-06-15,1009,180399,739,85784,240,83294,30,11321,455,25253,547,83261,486,108514,California
Imperial,2021-06-16,914,181313,620,86404,249,83543,45,11366,450,25289,460,83721,496,109010,California
Imperial,2021-06-17,975,182288,716,87120,219,83762,40,11406,422,25198,551,84272,460,109470,California
Imperial,2021-06-18,899,183187,636,87756,216,83978,47,11453,538,25431,351,84623,584,110054,California
Imperial,2021-06-19,218,183405,135,87891,78,84056,5,11458,111,25442,106,84729,117,110171,California
Imperial,2021-06-20,19,183424,3,87894,10,84066,6,11464,5,25440,12,84741,10,110181,California
Inyo,2020-12-19,85,85,85,85,0,0,0,0,85,85,0,0,85,85,California
Inyo,2020-12-20,59,144,59,144,0,0,0,0,59,144,0,0,59,144,California
Inyo,2020-12-21,88,232,85,229,3,3,0,0,88,232,0,0,88,232,California
Inyo,2020-12-22,101,333,101,330,0,3,0,0,101,333,0,0,101,333,California
Inyo,2020-12-23,68,401,65,395,3,6,0,0,68,401,0,0,68,401,California
Inyo,2020-12-24,15,416,15,410,0,6,0,0,15,416,0,0,15,416,California
Inyo,2020-12-25,1,417,0,410,1,7,0,0,1,417,0,0,1,417,California
Inyo,2020-12-26,73,490,73,483,0,7,0,0,73,490,0,0,73,490,California
Inyo,2020-12-28,49,539,37,520,12,19,0,0,49,539,0,0,49,539,California
Inyo,2020-12-29,18,557,18,538,0,19,0,0,18,557,0,0,18,557,California
Inyo,2020-12-30,56,613,54,592,2,21,0,0,56,613,0,0,56,613,California
Inyo,2020-12-31,29,642,0,592,29,50,0,0,29,642,0,0,29,642,California
Inyo,2021-01-01,1,643,0,592,1,51,0,0,1,643,0,0,1,643,California
Inyo,2021-01-03,1,644,0,592,1,52,0,0,1,644,0,0,1,644,California
Inyo,2021-01-04,2,646,1,593,1,53,0,0,2,646,0,0,2,646,California
Inyo,2021-01-05,34,680,0,593,34,87,0,0,34,680,0,0,34,680,California
Inyo,2021-01-06,60,740,0,593,60,147,0,0,60,740,0,0,60,740,California
Inyo,2021-01-07,31,771,1,594,30,177,0,0,31,771,0,0,31,771,California
Inyo,2021-01-08,8,779,8,602,0,177,0,0,3,770,5,5,4,775,California
Inyo,2021-01-09,86,865,86,688,0,177,0,0,0,684,86,91,0,775,California
Inyo,2021-01-10,53,918,53,741,0,177,0,0,0,631,53,144,0,775,California
Inyo,2021-01-11,97,1015,82,823,15,192,0,0,16,566,81,225,16,791,California
Inyo,2021-01-12,133,1148,112,935,21,213,0,0,27,487,106,331,27,818,California
Inyo,2021-01-13,85,1233,67,1002,18,231,0,0,21,445,64,395,22,840,California
Inyo,2021-01-14,58,1291,13,1015,45,276,0,0,48,483,10,405,48,888,California
Inyo,2021-01-15,158,1449,28,1043,130,406,0,0,158,641,0,405,158,1046,California
Inyo,2021-01-16,72,1521,72,1115,0,406,0,0,0,569,72,477,0,1046,California
Inyo,2021-01-18,59,1580,37,1152,22,428,0,0,19,548,40,517,19,1065,California
Inyo,2021-01-19,108,1688,67,1219,41,469,0,0,92,624,16,533,92,1157,California
Inyo,2021-01-20,145,1833,68,1287,77,546,0,0,90,659,55,588,90,1247,California
Inyo,2021-01-21,117,1950,57,1344,60,606,0,0,116,774,1,589,116,1363,California
Inyo,2021-01-22,61,2011,0,1344,61,667,0,0,60,833,1,590,60,1423,California
Inyo,2021-01-23,44,2055,43,1387,1,668,0,0,44,877,0,590,44,1467,California
Inyo,2021-01-25,48,2103,4,1391,44,712,0,0,35,899,13,603,35,1502,California
Inyo,2021-01-26,129,2232,48,1439,81,793,0,0,123,1016,6,609,123,1625,California
Inyo,2021-01-27,24,2256,2,1441,22,815,0,0,23,1038,1,610,23,1648,California
Inyo,2021-01-28,90,2346,2,1443,88,903,0,0,61,1070,29,639,61,1709,California
Inyo,2021-01-29,25,2371,3,1446,22,925,0,0,23,1091,2,641,23,1732,California
Inyo,2021-01-30,10,2381,0,1446,10,935,0,0,10,1101,0,641,10,1742,California
Inyo,2021-01-31,23,2404,3,1449,20,955,0,0,4,1085,20,661,4,1746,California
Inyo,2021-02-01,10,2414,9,1458,1,956,0,0,0,1075,10,671,0,1746,California
Inyo,2021-02-02,130,2544,14,1472,116,1072,0,0,104,1153,26,697,104,1850,California
Inyo,2021-02-03,113,2657,0,1472,113,1185,0,0,72,1184,41,738,72,1922,California
Inyo,2021-02-04,146,2803,31,1503,115,1300,0,0,88,1214,58,796,88,2010,California
Inyo,2021-02-05,107,2910,51,1554,56,1356,0,0,105,1317,2,798,105,2115,California
Inyo,2021-02-06,3,2913,2,1556,1,1357,0,0,3,1320,0,798,3,2118,California
Inyo,2021-02-07,4,2917,2,1558,2,1359,0,0,4,1324,0,798,4,2122,California
Inyo,2021-02-08,113,3030,5,1563,108,1467,0,0,95,1401,18,816,95,2217,California
Inyo,2021-02-09,192,3222,50,1613,142,1609,0,0,124,1457,68,884,124,2341,California
Inyo,2021-02-10,140,3362,14,1627,126,1735,0,0,109,1535,31,915,109,2450,California
Inyo,2021-02-11,220,3582,56,1683,164,1899,0,0,126,1567,94,1009,126,2576,California
Inyo,2021-02-12,292,3874,50,1733,242,2141,0,0,166,1607,126,1135,166,2742,California
Inyo,2021-02-13,48,3922,44,1777,4,2145,0,0,6,1571,42,1177,6,2748,California
Inyo,2021-02-14,1,3923,0,1777,1,2146,0,0,1,1572,0,1177,1,2749,California
Inyo,2021-02-15,26,3949,7,1784,19,2165,0,0,5,1556,21,1198,5,2754,California
Inyo,2021-02-16,173,4122,45,1829,128,2293,0,0,91,1566,81,1279,91,2845,California
Inyo,2021-02-17,38,4160,4,1833,34,2327,0,0,8,1544,30,1309,8,2853,California
Inyo,2021-02-18,120,4280,6,1839,114,2441,0,0,80,1584,40,1349,80,2933,California
Inyo,2021-02-19,52,4332,5,1844,47,2488,0,0,9,1550,43,1392,9,2942,California
Inyo,2021-02-20,504,4836,499,2343,5,2493,0,0,502,2050,2,1394,502,3444,California
Inyo,2021-02-21,439,5275,439,2782,0,2493,0,0,439,2489,0,1394,439,3883,California
Inyo,2021-02-22,59,5334,17,2799,42,2535,0,0,25,2480,34,1428,25,3908,California
Inyo,2021-02-23,192,5526,17,2816,175,2710,0,0,90,2469,101,1529,90,3998,California
Inyo,2021-02-24,117,5643,0,2816,117,2827,0,0,57,2466,60,1589,57,4055,California
Inyo,2021-02-25,127,5770,2,2818,125,2952,0,0,61,2461,66,1655,61,4116,California
Inyo,2021-02-26,94,5864,50,2868,44,2996,0,0,20,2407,74,1729,20,4136,California
Inyo,2021-02-27,14,5878,3,2871,11,3007,0,0,2,2397,12,1741,2,4138,California
Inyo,2021-02-28,3,5881,1,2872,2,3009,0,0,2,2398,1,1742,2,4140,California
Inyo,2021-03-01,19,5900,2,2874,17,3026,0,0,17,2413,2,1744,17,4157,California
Inyo,2021-03-02,193,6093,0,2874,193,3219,0,0,108,2436,85,1829,108,4265,California
Inyo,2021-03-03,83,6176,3,2877,80,3299,0,0,40,2433,43,1872,40,4305,California
Inyo,2021-03-04,124,6300,2,2879,122,3421,0,0,44,2397,80,1952,44,4349,California
Inyo,2021-03-05,140,6440,54,2933,86,3507,0,0,39,2335,101,2053,39,4388,California
Inyo,2021-03-06,20,6460,1,2934,19,3526,0,0,19,2353,1,2054,19,4407,California
Inyo,2021-03-07,6,6466,3,2937,3,3529,0,0,4,2355,2,2056,4,4411,California
Inyo,2021-03-08,170,6636,5,2942,165,3694,0,0,80,2345,90,2146,80,4491,California
Inyo,2021-03-09,189,6825,2,2944,187,3881,0,0,73,2302,116,2262,73,4564,California
Inyo,2021-03-10,72,6897,8,2952,63,3944,1,1,30,2291,42,2304,31,4595,California
Inyo,2021-03-11,203,7100,1,2953,197,4141,5,6,73,2239,130,2434,78,4673,California
Inyo,2021-03-12,173,7273,3,2956,165,4306,5,11,75,2221,98,2532,80,4753,California
Inyo,2021-03-13,572,7845,540,3496,23,4329,9,20,64,1787,507,3039,73,4826,California
Inyo,2021-03-14,439,8284,438,3934,1,4330,0,20,5,1359,433,3472,5,4831,California
Inyo,2021-03-15,50,8334,14,3948,34,4364,2,22,30,1371,20,3492,32,4863,California
Inyo,2021-03-16,162,8496,3,3951,153,4517,6,28,63,1342,98,3590,69,4932,California
Inyo,2021-03-17,107,8603,2,3953,98,4615,7,35,92,1426,15,3605,99,5031,California
Inyo,2021-03-18,183,8786,15,3968,161,4776,7,42,102,1454,81,3686,109,5140,California
Inyo,2021-03-19,44,8830,3,3971,37,4813,4,46,35,1484,9,3695,39,5179,California
Inyo,2021-03-20,19,8849,1,3972,9,4822,9,55,0,1474,19,3714,9,5188,California
Inyo,2021-03-22,59,8908,3,3975,51,4873,5,60,39,1498,20,3734,44,5232,California
Inyo,2021-03-23,192,9100,3,3978,185,5058,4,64,105,1520,87,3821,109,5341,California
Inyo,2021-03-24,140,9240,3,3981,133,5191,4,68,86,1556,54,3875,90,5431,California
Inyo,2021-03-25,330,9570,108,4089,219,5410,3,71,265,1759,65,3940,268,5699,California
Inyo,2021-03-26,92,9662,3,4092,85,5495,4,75,71,1813,21,3961,75,5774,California
Inyo,2021-03-27,45,9707,37,4129,5,5500,3,78,39,1849,6,3967,42,5816,California
Inyo,2021-03-28,2,9709,0,4129,2,5502,0,78,1,1849,1,3968,1,5817,California
Inyo,2021-03-29,107,9816,2,4131,100,5602,5,83,80,1908,26,3994,85,5902,California
Inyo,2021-03-30,219,10035,1,4132,213,5815,5,88,110,1914,109,4103,115,6017,California
Inyo,2021-03-31,147,10182,3,4135,138,5953,6,94,106,1985,41,4144,112,6129,California
Inyo,2021-04-01,163,10345,2,4137,160,6113,1,95,116,2055,47,4191,117,6246,California
Inyo,2021-04-02,80,10425,1,4138,77,6190,2,97,49,2075,31,4222,51,6297,California
Inyo,2021-04-03,72,10497,38,4176,21,6211,13,110,2,2021,68,4290,14,6311,California
Inyo,2021-04-04,5,10502,4,4180,0,6211,1,111,1,2019,4,4294,2,6313,California
Inyo,2021-04-05,105,10607,1,4181,100,6311,4,115,29,1976,76,4370,33,6346,California
Inyo,2021-04-06,233,10840,3,4184,167,6478,63,178,102,2010,131,4501,165,6511,California
Inyo,2021-04-07,206,11046,2,4186,76,6554,128,306,47,2026,159,4660,175,6686,California
Inyo,2021-04-08,179,11225,15,4201,148,6702,16,322,81,2025,98,4758,97,6783,California
Inyo,2021-04-09,121,11346,4,4205,94,6796,23,345,35,1998,85,4843,58,6841,California
Inyo,2021-04-10,39,11385,1,4206,21,6817,17,362,3,1982,36,4879,20,6861,California
Inyo,2021-04-11,1,11386,0,4206,1,6818,0,362,1,1983,0,4879,1,6862,California
Inyo,2021-04-12,79,11465,0,4206,74,6892,5,367,41,1991,38,4917,46,6908,California
Inyo,2021-04-13,123,11588,5,4211,115,7007,3,370,63,1998,59,4976,66,6974,California
Inyo,2021-04-14,131,11719,2,4213,129,7136,0,370,46,1959,85,5061,46,7020,California
Inyo,2021-04-15,271,11990,115,4328,156,7292,0,370,78,1844,193,5254,78,7098,California
Inyo,2021-04-16,44,12034,3,4331,41,7333,0,370,16,1832,28,5282,16,7114,California
Inyo,2021-04-17,2,12036,1,4332,1,7334,0,370,1,1832,1,5283,1,7115,California
Inyo,2021-04-19,120,12156,36,4368,84,7418,0,370,42,1797,78,5361,43,7158,California
Inyo,2021-04-20,164,12320,2,4370,162,7580,0,370,80,1793,84,5445,80,7238,California
Inyo,2021-04-21,112,12432,3,4373,109,7689,0,370,32,1745,80,5525,32,7270,California
Inyo,2021-04-22,197,12629,1,4374,196,7885,0,370,51,1650,146,5671,51,7321,California
Inyo,2021-04-23,95,12724,4,4378,91,7976,0,370,22,1599,73,5744,22,7343,California
Inyo,2021-04-24,307,13031,306,4684,1,7977,0,370,304,1900,3,5747,304,7647,California
Inyo,2021-04-25,133,13164,132,4816,1,7978,0,370,133,2033,0,5747,133,7780,California
Inyo,2021-04-26,92,13256,2,4818,89,8067,1,371,11,1965,80,5827,12,7792,California
Inyo,2021-04-27,181,13437,5,4823,172,8239,4,375,47,1882,134,5961,51,7843,California
Inyo,2021-04-28,120,13557,2,4825,116,8355,2,377,20,1804,100,6061,22,7865,California
Inyo,2021-04-29,169,13726,55,4880,114,8469,0,377,76,1787,93,6154,76,7941,California
Inyo,2021-04-30,81,13807,4,4884,76,8545,1,378,23,1753,58,6212,24,7965,California
Inyo,2021-05-01,9,13816,2,4886,7,8552,0,378,7,1758,2,6214,7,7972,California
Inyo,2021-05-02,6,13822,2,4888,2,8554,2,380,4,1762,2,6216,6,7978,California
Inyo,2021-05-03,38,13860,1,4889,33,8587,4,384,5,1738,33,6249,9,7987,California
Inyo,2021-05-04,121,13981,2,4891,116,8703,3,387,20,1660,101,6350,23,8010,California
Inyo,2021-05-05,36,14017,0,4891,34,8737,2,389,11,1648,25,6375,13,8023,California
Inyo,2021-05-06,92,14109,3,4894,81,8818,8,397,13,1590,79,6454,21,8044,California
Inyo,2021-05-07,47,14156,2,4896,37,8855,8,405,24,1600,22,6476,32,8076,California
Inyo,2021-05-08,11,14167,2,4898,4,8859,5,410,4,1602,7,6483,9,8085,California
Inyo,2021-05-09,1,14168,0,4898,1,8860,0,410,0,1601,1,6484,0,8085,California
Inyo,2021-05-10,70,14238,1,4899,67,8927,2,412,32,1597,39,6523,35,8120,California
Inyo,2021-05-11,87,14325,1,4900,83,9010,3,415,20,1553,67,6590,23,8143,California
Inyo,2021-05-12,43,14368,1,4901,40,9050,2,417,11,1534,32,6622,13,8156,California
Inyo,2021-05-13,75,14443,1,4902,73,9123,1,418,12,1484,63,6685,13,8169,California
Inyo,2021-05-14,27,14470,5,4907,17,9140,5,423,14,1490,13,6698,19,8188,California
Inyo,2021-05-15,373,14843,361,5268,10,9150,2,425,82,1283,291,6989,84,8272,California
Inyo,2021-05-16,199,15042,199,5467,0,9150,0,425,72,1228,127,7116,72,8344,California
Inyo,2021-05-17,62,15104,3,5470,55,9205,4,429,18,1207,43,7159,22,8366,California
Inyo,2021-05-18,84,15188,2,5472,81,9286,1,430,17,1158,67,7226,18,8384,California
Inyo,2021-05-19,48,15236,2,5474,41,9327,5,435,14,1143,34,7260,19,8403,California
Inyo,2021-05-20,144,15380,81,5555,62,9389,1,436,36,1071,109,7369,37,8440,California
Inyo,2021-05-21,48,15428,18,5573,25,9414,5,441,19,1066,29,7398,24,8464,California
Inyo,2021-05-22,23,15451,13,5586,7,9421,3,444,17,1080,6,7404,20,8484,California
Inyo,2021-05-23,2,15453,1,5587,0,9421,1,445,0,1079,2,7406,1,8485,California
Inyo,2021-05-24,33,15486,6,5593,24,9445,3,448,13,1075,20,7426,16,8501,California
Inyo,2021-05-25,80,15566,38,5631,40,9485,2,450,45,1087,35,7461,47,8548,California
Inyo,2021-05-26,38,15604,10,5641,26,9511,2,452,15,1082,22,7483,17,8565,California
Inyo,2021-05-27,39,15643,10,5651,21,9532,8,460,12,1076,26,7509,20,8585,California
Inyo,2021-05-28,26,15669,6,5657,15,9547,5,465,8,1071,18,7527,13,8598,California
Inyo,2021-05-29,14,15683,5,5662,9,9556,0,465,7,1071,7,7534,7,8605,California
Inyo,2021-05-30,2,15685,0,5662,2,9558,0,465,0,1069,2,7536,0,8605,California
Inyo,2021-06-01,54,15739,16,5678,32,9590,6,471,23,1067,31,7567,29,8634,California
Inyo,2021-06-02,11,15750,9,5687,1,9591,1,472,10,1077,1,7568,11,8645,California
Inyo,2021-06-03,26,15776,0,5687,18,9609,8,480,1,1061,25,7593,9,8654,California
Inyo,2021-06-04,32,15808,6,5693,22,9631,4,484,12,1057,20,7613,16,8670,California
Inyo,2021-06-05,17,15825,8,5701,8,9639,1,485,4,1049,13,7626,5,8675,California
Inyo,2021-06-06,1,15826,1,5702,0,9639,0,485,1,1050,0,7626,1,8676,California
Inyo,2021-06-07,51,15877,15,5717,33,9672,3,488,5,1012,46,7672,8,8684,California
Inyo,2021-06-08,53,15930,25,5742,25,9697,3,491,26,1014,27,7699,29,8713,California
Inyo,2021-06-09,110,16040,94,5836,14,9711,2,493,14,934,96,7795,16,8729,California
Inyo,2021-06-10,53,16093,39,5875,9,9720,5,498,15,916,38,7833,20,8749,California
Inyo,2021-06-11,43,16136,23,5898,18,9738,2,500,17,909,26,7859,19,8768,California
Inyo,2021-06-12,14,16150,7,5905,6,9744,1,501,5,906,9,7868,6,8774,California
Inyo,2021-06-13,1,16151,0,5905,1,9745,0,501,0,905,1,7869,0,8774,California
Inyo,2021-06-14,58,16209,27,5932,28,9773,3,504,8,866,50,7919,11,8785,California
Inyo,2021-06-15,50,16259,37,5969,9,9782,4,508,8,836,42,7961,12,8797,California
Inyo,2021-06-16,34,16293,19,5988,15,9797,0,508,10,822,24,7985,10,8807,California
Inyo,2021-06-17,23,16316,13,6001,6,9803,4,512,5,814,17,8002,9,8816,California
Inyo,2021-06-18,17,16333,6,6007,8,9811,3,515,4,808,13,8015,7,8823,California
Inyo,2021-06-19,17,16350,6,6013,11,9822,0,515,5,801,12,8027,5,8828,California
Kern,2020-12-15,1,1,1,1,0,0,0,0,1,1,0,0,1,1,California
Kern,2020-12-16,19,20,19,20,0,0,0,0,19,20,0,0,19,20,California
Kern,2020-12-17,162,182,162,182,0,0,0,0,162,182,0,0,162,182,California
Kern,2020-12-18,322,504,322,504,0,0,0,0,322,504,0,0,322,504,California
Kern,2020-12-19,99,603,99,603,0,0,0,0,99,603,0,0,99,603,California
Kern,2020-12-20,62,665,62,665,0,0,0,0,62,665,0,0,62,665,California
Kern,2020-12-21,673,1338,672,1337,1,1,0,0,673,1338,0,0,673,1338,California
Kern,2020-12-22,529,1867,527,1864,2,3,0,0,529,1867,0,0,529,1867,California
Kern,2020-12-23,554,2421,416,2280,138,141,0,0,554,2421,0,0,554,2421,California
Kern,2020-12-24,123,2544,44,2324,79,220,0,0,123,2544,0,0,123,2544,California
Kern,2020-12-25,1,2545,1,2325,0,220,0,0,1,2545,0,0,1,2545,California
Kern,2020-12-26,34,2579,2,2327,32,252,0,0,34,2579,0,0,34,2579,California
Kern,2020-12-27,35,2614,3,2330,32,284,0,0,35,2614,0,0,35,2614,California
Kern,2020-12-28,827,3441,662,2992,165,449,0,0,827,3441,0,0,827,3441,California
Kern,2020-12-29,744,4185,451,3443,293,742,0,0,743,4183,1,1,743,4184,California
Kern,2020-12-30,1205,5390,913,4356,292,1034,0,0,1205,5388,0,1,1205,5389,California
Kern,2020-12-31,278,5668,99,4455,179,1213,0,0,278,5666,0,1,278,5667,California
Kern,2021-01-01,17,5685,9,4464,8,1221,0,0,17,5683,0,1,17,5684,California
Kern,2021-01-02,79,5764,18,4482,61,1282,0,0,79,5762,0,1,79,5763,California
Kern,2021-01-03,23,5787,4,4486,19,1301,0,0,23,5785,0,1,23,5786,California
Kern,2021-01-04,555,6342,362,4848,193,1494,0,0,555,6340,0,1,555,6341,California
Kern,2021-01-05,1134,7476,739,5587,395,1889,0,0,1122,7450,12,13,1122,7463,California
Kern,2021-01-06,1162,8638,447,6034,715,2604,0,0,1132,8552,30,43,1132,8595,California
Kern,2021-01-07,1411,10049,489,6523,922,3526,0,0,1243,9628,167,210,1243,9838,California
Kern,2021-01-08,1624,11673,766,7289,858,4384,0,0,1327,10657,298,508,1327,11165,California
Kern,2021-01-09,228,11901,78,7367,150,4534,0,0,193,10815,35,543,193,11358,California
Kern,2021-01-10,194,12095,149,7516,45,4579,0,0,153,10927,41,584,153,11511,California
Kern,2021-01-11,1563,13658,991,8507,572,5151,0,0,1002,11368,561,1145,1002,12513,California
Kern,2021-01-12,1872,15530,813,9320,1059,6210,0,0,1358,12212,514,1659,1358,13871,California
Kern,2021-01-13,1859,17389,875,10195,984,7194,0,0,1437,13227,422,2081,1437,15308,California
Kern,2021-01-14,2196,19585,649,10844,1547,8741,0,0,2150,15331,46,2127,2150,17458,California
Kern,2021-01-15,2720,22305,857,11701,1863,10604,0,0,2623,17860,95,2222,2624,20082,California
Kern,2021-01-16,675,22980,213,11914,462,11066,0,0,640,18465,35,2257,640,20722,California
Kern,2021-01-17,74,23054,7,11921,67,11133,0,0,72,18535,2,2259,72,20794,California
Kern,2021-01-18,1643,24697,656,12577,987,12120,0,0,1477,19846,166,2425,1477,22271,California
Kern,2021-01-19,1857,26554,1034,13611,823,12943,0,0,1392,20774,465,2890,1393,23664,California
Kern,2021-01-20,2616,29170,1678,15289,938,13881,0,0,1913,21991,698,3588,1915,25579,California
Kern,2021-01-21,2116,31286,868,16157,1248,15129,0,0,1921,23718,194,3782,1921,27500,California
Kern,2021-01-22,2714,34000,1301,17458,1413,16542,0,0,2435,25875,278,4060,2435,29935,California
Kern,2021-01-23,1249,35249,542,18000,707,17249,0,0,1202,27031,47,4107,1203,31138,California
Kern,2021-01-24,152,35401,11,18011,141,17390,0,0,146,27171,6,4113,146,31284,California
Kern,2021-01-25,2381,37782,1082,19093,1299,18689,0,0,1897,28586,483,4596,1898,33182,California
Kern,2021-01-26,2775,40557,1129,20222,1646,20335,0,0,1914,29640,860,5456,1914,35096,California
Kern,2021-01-27,3554,44111,1895,22117,1659,21994,0,0,2857,31803,694,6150,2857,37953,California
Kern,2021-01-28,2883,46994,1359,23476,1524,23518,0,0,2453,33833,425,6575,2455,40408,California
Kern,2021-01-29,3800,50794,1805,25281,1995,25513,0,0,3247,36530,550,7125,3247,43655,California
Kern,2021-01-30,1336,52130,501,25782,835,26348,0,0,1284,37764,50,7175,1284,44939,California
Kern,2021-01-31,402,52532,276,26058,126,26474,0,0,267,37896,135,7310,267,45206,California
Kern,2021-02-01,2602,55134,992,27050,1610,28084,0,0,1890,39078,709,8019,1891,47097,California
Kern,2021-02-02,2759,57893,799,27849,1960,30044,0,0,2055,40431,704,8723,2057,49154,California
Kern,2021-02-03,3678,61571,1554,29403,2124,32168,0,0,2706,42172,965,9688,2706,51860,California
Kern,2021-02-04,3803,65374,1447,30850,2356,34524,0,0,2586,43551,1207,10895,2586,54446,California
Kern,2021-02-05,4860,70234,1988,32838,2872,37396,0,0,3098,44906,1743,12638,3098,57544,California
Kern,2021-02-06,1743,71977,770,33608,973,38369,0,0,1515,46196,225,12863,1515,59059,California
Kern,2021-02-07,282,72259,150,33758,132,38501,0,0,265,46446,15,12878,265,59324,California
Kern,2021-02-08,2564,74823,785,34543,1779,40280,0,0,1257,46415,1289,14167,1258,60582,California
Kern,2021-02-09,3038,77861,985,35528,2053,42333,0,0,1462,46309,1568,15735,1462,62044,California
Kern,2021-02-10,3800,81661,1664,37192,2136,44469,0,0,1881,46288,1903,17638,1882,63926,California
Kern,2021-02-11,4271,85932,1532,38724,2739,47208,0,0,2224,46480,2034,19672,2226,66152,California
Kern,2021-02-12,4971,90903,1893,40617,3078,50286,0,0,2475,46473,2482,22154,2475,68627,California
Kern,2021-02-13,2006,92909,727,41344,1279,51565,0,0,1157,46783,847,23001,1157,69784,California
Kern,2021-02-14,350,93259,12,41356,338,51903,0,0,268,46970,81,23082,268,70052,California
Kern,2021-02-15,2745,96004,899,42255,1846,53749,0,0,1214,46661,1523,24605,1214,71266,California
Kern,2021-02-16,2948,98952,714,42969,2234,55983,0,0,1656,47035,1283,25888,1657,72923,California
Kern,2021-02-17,4070,103022,2075,45044,1995,57978,0,0,1923,46818,2141,28029,1924,74847,California
Kern,2021-02-18,3755,106777,1485,46529,2270,60248,0,0,1625,46323,2120,30149,1625,76472,California
Kern,2021-02-19,4184,110961,1905,48434,2279,62527,0,0,1734,45614,2443,32592,1734,78206,California
Kern,2021-02-20,2581,113542,968,49402,1613,64140,0,0,1347,45731,1230,33822,1347,79553,California
Kern,2021-02-21,270,113812,164,49566,106,64246,0,0,90,45644,178,34000,91,79644,California
Kern,2021-02-22,2673,116485,1155,50721,1518,65764,0,0,1434,45845,1233,35233,1434,81078,California
Kern,2021-02-23,3579,120064,1132,51853,2447,68211,0,0,1999,46267,1578,36811,2000,83078,California
Kern,2021-02-24,5214,125278,2290,54143,2924,71135,0,0,3106,47270,2103,38914,3106,86184,California
Kern,2021-02-25,5384,130662,2460,56603,2924,74059,0,0,3199,48302,2167,41081,3199,89383,California
Kern,2021-02-26,6931,137593,3541,60144,3390,77449,0,0,4365,50110,2559,43640,4367,93750,California
Kern,2021-02-27,3946,141539,1976,62120,1970,79419,0,0,2607,51387,1330,44970,2607,96357,California
Kern,2021-02-28,917,142456,504,62624,412,79831,1,1,697,51867,218,45188,698,97055,California
Kern,2021-03-01,4016,146472,1825,64449,2187,82018,4,5,2699,53263,1307,46495,2703,99758,California
Kern,2021-03-02,4488,150960,1411,65860,3073,85091,4,9,2954,54695,1523,48018,2955,102713,California
Kern,2021-03-03,6000,156960,2842,68702,3156,88247,2,11,3887,56485,2098,50116,3888,106601,California
Kern,2021-03-04,5692,162652,2275,70977,3412,91659,5,16,3694,58200,1982,52098,3697,110298,California
Kern,2021-03-05,6641,169293,2869,73846,3753,95412,19,35,4190,59968,2441,54539,4209,114507,California
Kern,2021-03-06,4758,174051,1925,75771,2726,98138,107,142,3479,62282,1272,55811,3586,118093,California
Kern,2021-03-07,2068,176119,1598,77369,413,98551,57,199,1868,64008,199,56010,1925,120018,California
Kern,2021-03-08,2908,179027,924,78293,1761,100312,223,422,1528,64380,1377,57387,1749,121767,California
Kern,2021-03-09,3730,182757,805,79098,2539,102851,386,808,2332,65704,1390,58777,2714,124481,California
Kern,2021-03-10,6153,188910,2568,81666,2511,105362,1074,1882,3603,67846,2534,61311,4676,129157,California
Kern,2021-03-11,6337,195247,2440,84106,2868,108230,1029,2911,3772,70087,2555,63866,4796,133953,California
Kern,2021-03-12,7857,203104,3082,87188,3419,111649,1356,4267,4327,72241,3517,67383,5671,139624,California
Kern,2021-03-13,4680,207784,2535,89723,1807,113456,338,4605,3255,74410,1418,68801,3587,143211,California
Kern,2021-03-14,2310,210094,1533,91256,534,113990,243,4848,1786,75912,524,69325,2026,145237,California
Kern,2021-03-15,4269,214363,1104,92360,2453,116443,712,5560,2197,76755,2059,71384,2902,148139,California
Kern,2021-03-16,4435,218798,1012,93372,2886,119329,537,6097,2410,77684,2013,73397,2942,151081,California
Kern,2021-03-17,7462,226260,4086,97458,2826,122155,550,6647,4488,79760,2961,76358,5037,156118,California
Kern,2021-03-18,7279,233539,3682,101140,3010,125165,587,7234,4409,81903,2849,79207,4992,161110,California
Kern,2021-03-19,8994,242533,4991,106131,3344,128509,659,7893,4715,83010,4261,83468,5368,166478,California
Kern,2021-03-20,6185,248718,3829,109960,2182,130691,174,8067,3928,84869,2244,85712,4103,170581,California
Kern,2021-03-21,3055,251773,1936,111896,237,130928,882,8949,1848,86399,1199,86911,2729,173310,California
Kern,2021-03-22,3985,255758,1564,113460,2067,132995,354,9303,1933,86651,2035,88946,2287,175597,California
Kern,2021-03-23,4742,260500,1674,115134,2869,135864,199,9502,2485,87105,2228,91174,2682,178279,California
Kern,2021-03-24,7188,267688,3679,118813,3032,138896,477,9979,3653,87715,3517,94691,4127,182406,California
Kern,2021-03-25,6791,274479,3012,121825,3448,142344,331,10310,3222,87714,3551,98242,3550,185956,California
Kern,2021-03-26,9868,284347,4410,126235,4201,146545,1257,11567,4719,88560,5129,103371,5975,191931,California
Kern,2021-03-27,5707,290054,3992,130227,1587,148132,128,11695,3447,89877,2257,105628,3574,195505,California
Kern,2021-03-28,4695,294749,4203,134430,478,148610,14,11709,2956,91111,1736,107364,2970,198475,California
Kern,2021-03-29,4260,299009,1681,136111,2302,150912,277,11986,2612,92362,1635,108999,2886,201361,California
Kern,2021-03-30,5598,304607,1871,137982,3341,154253,386,12372,3062,93276,2531,111530,3445,204806,California
Kern,2021-03-31,8417,313024,4544,142526,3225,157478,648,13020,4307,94137,4093,115623,4954,209760,California
Kern,2021-04-01,7904,320928,3878,146404,3725,161203,301,13321,4224,95007,3651,119274,4521,214281,California
Kern,2021-04-02,8460,329388,4469,150873,3383,164586,608,13929,4224,95611,4219,123493,4823,219104,California
Kern,2021-04-03,6004,335392,3675,154548,2148,166734,181,14110,2660,95114,3335,126828,2838,221942,California
Kern,2021-04-04,1340,336732,873,155421,382,167116,85,14195,475,94811,862,127690,559,222501,California
Kern,2021-04-05,5375,342107,2222,157643,2378,169494,775,14970,2900,95996,2461,130151,3646,226147,California
Kern,2021-04-06,7121,349228,2468,160111,3276,172770,1377,16347,3562,97396,3536,133687,4936,231083,California
Kern,2021-04-07,9380,358608,5474,165585,2944,175714,962,17309,4569,98131,4794,138481,5529,236612,California
Kern,2021-04-08,8662,367270,4797,170382,2952,178666,913,18222,3728,97851,4909,143390,4629,241241,California
Kern,2021-04-09,10279,377549,5142,175524,4143,182809,994,19216,4355,97299,5898,149288,5346,246587,California
Kern,2021-04-10,6604,384153,3470,178994,1885,184694,1249,20465,2142,96232,4452,153740,3385,249972,California
Kern,2021-04-11,3930,388083,2920,181914,367,185061,643,21108,1274,95501,2641,156381,1910,251882,California
Kern,2021-04-12,4420,392503,993,182907,2452,187513,975,22083,1588,95253,2809,159190,2561,254443,California
Kern,2021-04-13,4304,396807,1415,184322,2863,190376,26,22109,2119,95228,2170,161360,2145,256588,California
Kern,2021-04-14,6103,402910,3009,187331,3072,193448,22,22131,3012,95189,3072,164432,3033,259621,California
Kern,2021-04-15,5317,408227,2497,189828,2817,196265,3,22134,2538,94968,2762,167194,2541,262162,California
Kern,2021-04-16,7319,415546,3471,193299,3847,200112,1,22135,3009,93701,4282,171476,3015,265177,California
Kern,2021-04-17,6001,421547,3935,197234,2066,202178,0,22135,2154,92039,3832,175308,2170,267347,California
Kern,2021-04-18,3840,425387,3597,200831,243,202421,0,22135,951,90122,2881,178189,964,268311,California
Kern,2021-04-19,3848,429235,1736,202567,2110,204531,2,22137,1437,89173,2390,180579,1441,269752,California
Kern,2021-04-20,4383,433618,1589,204156,2792,207323,2,22139,1664,88145,2702,183281,1674,271426,California
Kern,2021-04-21,5873,439491,3156,207312,2712,210035,5,22144,2146,86593,3702,186983,2150,273576,California
Kern,2021-04-22,4822,444313,2335,209647,2487,212522,0,22144,1720,85236,3078,190061,1721,275297,California
Kern,2021-04-23,6146,450459,3028,212675,3117,215639,1,22145,1916,82964,4191,194252,1919,277216,California
Kern,2021-04-24,4020,454479,2804,215479,1205,216844,11,22156,1448,81871,2553,196805,1460,278676,California
Kern,2021-04-25,1404,455883,1116,216595,288,217132,0,22156,827,82127,571,197376,827,279503,California
Kern,2021-04-26,3868,459751,1829,218424,1987,219119,52,22208,1067,80456,2792,200168,1121,280624,California
Kern,2021-04-27,4781,464532,2315,220739,2358,221477,108,22316,1463,78719,3305,203473,1568,282192,California
Kern,2021-04-28,6316,470848,3718,224457,2474,223951,124,22440,1802,76148,4494,207967,1923,284115,California
Kern,2021-04-29,5519,476367,3064,227521,2356,226307,99,22539,1626,74002,3872,211839,1726,285841,California
Kern,2021-04-30,5598,481965,3123,230644,2316,228623,159,22698,1615,71808,3967,215806,1773,287614,California
Kern,2021-05-01,2718,484683,1932,232576,727,229350,59,22757,1083,71326,1623,217429,1141,288755,California
Kern,2021-05-02,1890,486573,1602,234178,266,229616,22,22779,692,70849,1191,218620,714,289469,California
Kern,2021-05-03,2549,489122,1033,235211,1382,230998,134,22913,787,70025,1746,220366,922,290391,California
Kern,2021-05-04,3666,492788,1308,236519,2248,233246,110,23023,1290,69063,2360,222726,1398,291789,California
Kern,2021-05-05,4164,496952,2149,238668,1863,235109,152,23175,1380,67825,2768,225494,1530,293319,California
Kern,2021-05-06,3599,500551,1630,240298,1823,236932,146,23321,1138,66666,2439,227933,1280,294599,California
Kern,2021-05-07,4619,505170,2314,242612,2131,239063,174,23495,1300,64851,3288,231221,1473,296072,California
Kern,2021-05-08,2891,508061,1822,244434,954,240017,115,23610,891,63870,1985,233206,1004,297076,California
Kern,2021-05-09,1351,509412,1177,245611,145,240162,29,23639,452,63461,890,234096,481,297557,California
Kern,2021-05-10,2270,511682,886,246497,1281,241443,103,23742,674,62659,1577,235673,775,298332,California
Kern,2021-05-11,2643,514325,922,247419,1596,243039,125,23867,956,62066,1675,237348,1082,299414,California
Kern,2021-05-12,3633,517958,1466,248885,2014,245053,153,24020,1164,60927,2455,239803,1316,300730,California
Kern,2021-05-13,3498,521456,1830,250715,1514,246567,154,24174,1628,60848,1857,241660,1778,302508,California
Kern,2021-05-14,4295,525751,2534,253249,1537,248104,224,24398,1981,60758,2294,243954,2204,304712,California
Kern,2021-05-15,2918,528669,1893,255142,937,249041,88,24486,1547,61036,1356,245310,1634,306346,California
Kern,2021-05-16,1544,530213,1321,256463,183,249224,40,24526,880,61298,658,245968,920,307266,California
Kern,2021-05-17,2324,532537,1005,257468,1174,250398,145,24671,1185,61501,1126,247094,1329,308595,California
Kern,2021-05-18,3182,535719,1465,258933,1585,251983,132,24803,1627,61720,1538,248632,1757,310352,California
Kern,2021-05-19,3829,539548,2390,261323,1310,253293,129,24932,1843,61716,1973,250605,1969,312321,California
Kern,2021-05-20,3096,542644,1681,263004,1273,254566,142,25074,1425,61631,1650,252255,1565,313886,California
Kern,2021-05-21,3635,546279,2203,265207,1297,255863,135,25209,1861,61877,1750,254005,1996,315882,California
Kern,2021-05-22,2948,549227,2295,267502,605,256468,48,25257,1416,61818,1521,255526,1462,317344,California
Kern,2021-05-23,1262,550489,1067,268569,168,256636,27,25284,664,61917,591,256117,690,318034,California
Kern,2021-05-24,1848,552337,781,269350,954,257590,113,25397,868,61923,974,257091,980,319014,California
Kern,2021-05-25,2400,554737,1111,270461,1200,258790,89,25486,1124,61874,1262,258353,1213,320227,California
Kern,2021-05-26,2787,557524,1611,272072,1072,259862,104,25590,1204,61613,1567,259920,1306,321533,California
Kern,2021-05-27,2402,559926,1233,273305,1066,260928,103,25693,1264,61863,1116,261036,1366,322899,California
Kern,2021-05-28,2727,562653,1387,274692,1229,262157,111,25804,1266,61790,1448,262484,1375,324274,California
Kern,2021-05-29,1897,564550,1261,275953,590,262747,46,25850,931,61815,952,263436,977,325251,California
Kern,2021-05-30,859,565409,703,276656,137,262884,19,25869,435,61851,417,263853,453,325704,California
Kern,2021-05-31,132,565541,41,276697,80,262964,11,25880,46,61824,83,263936,56,325760,California
Kern,2021-06-01,2288,567829,950,277647,1267,264231,71,25951,1002,61626,1270,265206,1072,326832,California
Kern,2021-06-02,2242,570071,1294,278941,842,265073,106,26057,945,61391,1286,266492,1051,327883,California
Kern,2021-06-03,2369,572440,1332,280273,882,265955,155,26212,875,60937,1483,267975,1029,328912,California
Kern,2021-06-04,2948,575388,1911,282184,928,266883,109,26321,889,59893,2041,270016,997,329909,California
Kern,2021-06-05,2528,577916,2043,284227,452,267335,33,26354,810,59027,1709,271725,843,330752,California
Kern,2021-06-06,1213,579129,1108,285335,82,267417,23,26377,432,58705,777,272502,455,331207,California
Kern,2021-06-07,1798,580927,1118,286453,586,268003,94,26471,678,58368,1107,273609,770,331977,California
Kern,2021-06-08,2116,583043,1229,287682,817,268820,70,26541,675,57689,1423,275032,744,332721,California
Kern,2021-06-09,2605,585648,1829,289511,687,269507,89,26630,813,56812,1778,276810,901,333622,California
Kern,2021-06-10,2213,587861,1372,290883,746,270253,95,26725,782,56266,1421,278231,875,334497,California
Kern,2021-06-11,2825,590686,1905,292788,831,271084,89,26814,1051,55645,1762,279993,1141,335638,California
Kern,2021-06-12,1778,592464,1324,294112,407,271491,47,26861,531,54981,1242,281235,578,336216,California
Kern,2021-06-13,908,593372,791,294903,110,271601,7,26868,263,54610,642,281877,271,336487,California
Kern,2021-06-14,1820,595192,1114,296017,617,272218,89,26957,652,54191,1158,283035,739,337226,California
Kern,2021-06-15,2093,597285,1167,297184,852,273070,74,27031,813,53806,1272,284307,887,338113,California
Kern,2021-06-16,2032,599317,1332,298516,626,273696,74,27105,793,53449,1223,285530,866,338979,California
Kern,2021-06-17,1753,601070,1085,299601,560,274256,108,27213,846,53502,902,286432,955,339934,California
Kern,2021-06-18,2093,603163,1316,300917,670,274926,107,27320,865,53264,1210,287642,972,340906,California
Kern,2021-06-19,1163,604326,830,301747,302,275228,31,27351,491,53122,663,288305,521,341427,California
Kern,2021-06-20,398,604724,364,302111,32,275260,2,27353,127,52981,270,288575,129,341556,California
Kings,2020-12-16,1,1,1,1,0,0,0,0,1,1,0,0,1,1,California
Kings,2020-12-17,8,9,8,9,0,0,0,0,8,9,0,0,8,9,California
Kings,2020-12-18,12,21,12,21,0,0,0,0,12,21,0,0,12,21,California
Kings,2020-12-19,12,33,12,33,0,0,0,0,12,33,0,0,12,33,California
Kings,2020-12-20,13,46,13,46,0,0,0,0,13,46,0,0,13,46,California
Kings,2020-12-21,157,203,157,203,0,0,0,0,269,315,0,0,269,315,California
Kings,2020-12-22,142,345,142,345,0,0,0,0,139,454,0,0,139,454,California
Kings,2020-12-23,137,482,123,468,14,14,0,0,138,592,0,0,138,592,California
Kings,2020-12-24,11,493,9,477,2,16,0,0,11,603,0,0,11,603,California
Kings,2020-12-26,7,500,4,481,3,19,0,0,7,610,0,0,7,610,California
Kings,2020-12-27,4,504,4,485,0,19,0,0,4,614,0,0,4,614,California
Kings,2020-12-28,131,635,103,588,28,47,0,0,132,746,0,0,132,746,California
Kings,2020-12-29,83,718,55,643,28,75,0,0,84,830,0,0,84,830,California
Kings,2020-12-30,152,870,111,754,41,116,0,0,152,982,0,0,152,982,California
Kings,2020-12-31,46,916,5,759,41,157,0,0,46,1028,0,0,46,1028,California
Kings,2021-01-01,1,917,0,759,1,158,0,0,1,1029,0,0,1,1029,California
Kings,2021-01-02,11,928,10,769,1,159,0,0,11,1040,0,0,11,1040,California
Kings,2021-01-03,1,929,1,770,0,159,0,0,1,1041,0,0,1,1041,California
Kings,2021-01-04,111,1040,41,811,70,229,0,0,111,1152,0,0,111,1152,California
Kings,2021-01-05,195,1235,40,851,155,384,0,0,195,1347,0,0,195,1347,California
Kings,2021-01-06,276,1511,179,1030,97,481,0,0,273,1617,3,3,273,1620,California
Kings,2021-01-07,182,1693,84,1114,98,579,0,0,174,1783,8,11,174,1794,California
Kings,2021-01-08,250,1943,57,1171,193,772,0,0,229,1991,21,32,229,2023,California
Kings,2021-01-09,63,2006,9,1180,54,826,0,0,55,2038,8,40,55,2078,California
Kings,2021-01-10,15,2021,3,1183,12,838,0,0,12,2047,3,43,12,2090,California
Kings,2021-01-11,516,2537,352,1535,164,1002,0,0,276,2084,240,283,277,2367,California
Kings,2021-01-12,348,2885,252,1787,96,1098,0,0,215,2169,130,413,215,2582,California
Kings,2021-01-13,417,3302,270,2057,147,1245,0,0,327,2406,90,503,327,2909,California
Kings,2021-01-14,211,3513,32,2089,179,1424,0,0,201,2587,21,524,202,3111,California
Kings,2021-01-15,419,3932,31,2120,388,1812,0,0,407,2982,12,536,407,3518,California
Kings,2021-01-16,28,3960,9,2129,19,1831,0,0,27,3008,1,537,27,3545,California
Kings,2021-01-17,11,3971,8,2137,3,1834,0,0,9,3015,2,539,9,3554,California
Kings,2021-01-18,174,4145,41,2178,133,1967,0,0,148,3137,26,565,148,3702,California
Kings,2021-01-19,384,4529,162,2340,222,2189,0,0,254,3261,130,695,254,3956,California
Kings,2021-01-20,238,4767,147,2487,91,2280,0,0,127,3282,106,801,127,4083,California
Kings,2021-01-21,212,4979,56,2543,156,2436,0,0,196,3460,18,819,196,4279,California
Kings,2021-01-22,108,5087,19,2562,89,2525,0,0,107,3562,5,824,107,4386,California
Kings,2021-01-23,27,5114,14,2576,13,2538,0,0,20,3575,7,831,20,4406,California
Kings,2021-01-24,4,5118,4,2580,0,2538,0,0,2,3575,2,833,2,4408,California
Kings,2021-01-25,133,5251,27,2607,106,2644,0,0,98,3638,35,868,98,4506,California
Kings,2021-01-26,156,5407,35,2642,121,2765,0,0,114,3710,42,910,114,4620,California
Kings,2021-01-27,331,5738,36,2678,295,3060,0,0,255,3890,75,985,255,4875,California
Kings,2021-01-28,336,6074,46,2724,290,3350,0,0,279,4112,57,1042,279,5154,California
Kings,2021-01-29,110,6184,26,2750,84,3434,0,0,93,4188,17,1059,93,5247,California
Kings,2021-01-30,1564,7748,22,2772,1542,4976,0,0,1561,5748,3,1062,1563,6810,California
Kings,2021-02-01,221,7969,65,2837,156,5132,0,0,92,5713,127,1189,92,6902,California
Kings,2021-02-02,246,8215,16,2853,230,5362,0,0,95,5658,150,1339,95,6997,California
Kings,2021-02-03,404,8619,194,3047,210,5572,0,0,246,5748,157,1496,247,7244,California
Kings,2021-02-04,425,9044,98,3145,327,5899,0,0,229,5782,195,1691,229,7473,California
Kings,2021-02-05,337,9381,55,3200,282,6181,0,0,176,5800,158,1849,176,7649,California
Kings,2021-02-06,61,9442,10,3210,51,6232,0,0,28,5795,33,1882,28,7677,California
Kings,2021-02-07,6,9448,4,3214,2,6234,0,0,3,5795,3,1885,3,7680,California
Kings,2021-02-08,173,9621,29,3243,144,6378,0,0,66,5754,107,1992,66,7746,California
Kings,2021-02-09,257,9878,59,3302,198,6576,0,0,113,5725,142,2134,113,7859,California
Kings,2021-02-10,378,10256,112,3414,266,6842,0,0,260,5867,118,2252,260,8119,California
Kings,2021-02-11,483,10739,66,3480,417,7259,0,0,364,6113,118,2370,364,8483,California
Kings,2021-02-12,634,11373,38,3518,596,7855,0,0,354,6188,279,2649,354,8837,California
Kings,2021-02-13,234,11607,7,3525,227,8082,0,0,207,6368,27,2676,207,9044,California
Kings,2021-02-14,103,11710,4,3529,99,8181,0,0,95,6455,8,2684,95,9139,California
Kings,2021-02-15,252,11962,5,3534,247,8428,0,0,138,6480,113,2797,138,9277,California
Kings,2021-02-16,590,12552,35,3569,555,8983,0,0,352,6596,237,3034,353,9630,California
Kings,2021-02-17,440,12992,26,3595,414,9397,0,0,302,6762,138,3172,304,9934,California
Kings,2021-02-18,245,13237,22,3617,223,9620,0,0,185,6887,60,3232,185,10119,California
Kings,2021-02-19,175,13412,25,3642,150,9770,0,0,119,6953,53,3285,119,10238,California
Kings,2021-02-20,166,13578,32,3674,134,9904,0,0,137,7061,29,3314,137,10375,California
Kings,2021-02-21,3,13581,2,3676,1,9905,0,0,3,7064,0,3314,3,10378,California
Kings,2021-02-22,117,13698,19,3695,98,10003,0,0,49,7045,68,3382,49,10427,California
Kings,2021-02-23,430,14128,71,3766,359,10362,0,0,314,7243,116,3498,314,10741,California
Kings,2021-02-24,738,14866,155,3921,583,10945,0,0,522,7549,216,3714,522,11263,California
Kings,2021-02-25,816,15682,136,4057,680,11625,0,0,595,7925,219,3933,595,11858,California
Kings,2021-02-26,853,16535,138,4195,715,12340,0,0,779,8630,74,4007,779,12637,California
Kings,2021-02-27,1530,18065,66,4261,1464,13804,0,0,586,8273,943,4950,586,13223,California
Kings,2021-02-28,1177,19242,601,4862,576,14380,0,0,678,8455,496,5446,678,13901,California
Kings,2021-03-01,288,19530,89,4951,199,14579,0,0,222,8611,66,5512,222,14123,California
Kings,2021-03-02,594,20124,260,5211,334,14913,0,0,521,9060,73,5585,522,14645,California
Kings,2021-03-03,752,20876,328,5539,424,15337,0,0,528,9367,222,5807,529,15174,California
Kings,2021-03-04,828,21704,360,5899,468,15805,0,0,700,9940,128,5935,701,15875,California
Kings,2021-03-05,1179,22883,368,6267,802,16607,9,9,1034,10843,145,6080,1048,16923,California
Kings,2021-03-06,520,23403,189,6456,318,16925,13,22,490,11316,30,6110,503,17426,California
Kings,2021-03-07,362,23765,221,6677,137,17062,4,26,354,11666,8,6118,358,17784,California
Kings,2021-03-08,376,24141,98,6775,225,17287,53,79,265,11873,111,6229,318,18102,California
Kings,2021-03-09,687,24828,389,7164,244,17531,54,133,576,12394,110,6339,631,18733,California
Kings,2021-03-10,648,25476,174,7338,380,17911,94,227,455,12750,192,6531,548,19281,California
Kings,2021-03-11,1195,26671,434,7772,650,18561,111,338,755,13179,438,6969,867,20148,California
Kings,2021-03-12,1512,28183,459,8231,961,19522,92,430,1000,13763,510,7479,1094,21242,California
Kings,2021-03-13,671,28854,325,8556,305,19827,41,471,546,14227,125,7604,589,21831,California
Kings,2021-03-14,679,29533,105,8661,185,20012,389,860,205,14347,474,8078,594,22425,California
Kings,2021-03-15,708,30241,266,8927,325,20337,117,977,469,14697,238,8316,588,23013,California
Kings,2021-03-16,1166,31407,475,9402,630,20967,61,1038,751,15095,415,8731,813,23826,California
Kings,2021-03-17,1115,32522,425,9827,628,21595,62,1100,787,15624,328,9059,857,24683,California
Kings,2021-03-18,1140,33662,479,10306,438,22033,223,1323,776,16262,363,9422,1001,25684,California
Kings,2021-03-19,975,34637,467,10773,420,22453,88,1411,737,16865,237,9659,840,26524,California
Kings,2021-03-20,646,35283,258,11031,357,22810,31,1442,467,17194,177,9836,506,27030,California
Kings,2021-03-21,1422,36705,1090,12121,319,23129,13,1455,860,17505,562,10398,873,27903,California
Kings,2021-03-22,451,37156,201,12322,163,23292,87,1542,273,17692,177,10575,364,28267,California
Kings,2021-03-23,1003,38159,511,12833,429,23721,63,1605,557,17873,444,11019,625,28892,California
Kings,2021-03-24,1102,39261,488,13321,590,24311,24,1629,510,17819,590,11609,536,29428,California
Kings,2021-03-25,1058,40319,476,13797,553,24864,29,1658,451,17693,605,12214,479,29907,California
Kings,2021-03-26,1325,41644,382,14179,858,25722,85,1743,522,17501,798,13012,606,30513,California
Kings,2021-03-27,654,42298,266,14445,376,26098,12,1755,161,17183,491,13503,173,30686,California
Kings,2021-03-28,678,42976,607,15052,64,26162,7,1762,410,17345,268,13771,430,31116,California
Kings,2021-03-29,474,43450,216,15268,197,26359,61,1823,263,17459,209,13980,323,31439,California
Kings,2021-03-30,882,44332,481,15749,360,26719,41,1864,436,17492,444,14424,477,31916,California
Kings,2021-03-31,797,45129,394,16143,331,27050,72,1936,418,17611,371,14795,490,32406,California
Kings,2021-04-01,874,46003,472,16615,313,27363,89,2025,359,17550,509,15304,448,32854,California
Kings,2021-04-02,1049,47052,457,17072,467,27830,125,2150,391,17413,652,15956,515,33369,California
Kings,2021-04-03,490,47542,343,17415,138,27968,9,2159,170,17279,314,16270,180,33549,California
Kings,2021-04-04,160,47702,86,17501,68,28036,6,2165,42,17210,117,16387,48,33597,California
Kings,2021-04-05,1068,48770,336,17837,482,28518,250,2415,242,16876,825,17212,491,34088,California
Kings,2021-04-06,1215,49985,463,18300,442,28960,310,2725,285,16543,927,18139,594,34682,California
Kings,2021-04-07,1378,51363,659,18959,531,29491,188,2913,359,16074,1016,19155,547,35229,California
Kings,2021-04-08,1631,52994,638,19597,741,30232,252,3165,377,15456,1247,20402,629,35858,California
Kings,2021-04-09,1168,54162,543,20140,442,30674,183,3348,235,14939,931,21333,414,36272,California
Kings,2021-04-10,600,54762,333,20473,163,30837,104,3452,177,14798,421,21754,280,36552,California
Kings,2021-04-11,356,55118,74,20547,275,31112,7,3459,197,14845,157,21911,204,36756,California
Kings,2021-04-12,707,55825,311,20858,192,31304,204,3663,195,14734,510,22421,399,37155,California
Kings,2021-04-13,920,56745,526,21384,394,31698,0,3663,293,14406,625,23046,297,37452,California
Kings,2021-04-14,1060,57805,582,21966,478,32176,0,3663,385,14117,675,23721,386,37838,California
Kings,2021-04-15,1066,58871,527,22493,538,32714,1,3664,457,13967,608,24329,458,38296,California
Kings,2021-04-16,801,59672,367,22860,434,33148,0,3664,265,13699,534,24863,266,38562,California
Kings,2021-04-17,472,60144,258,23118,214,33362,0,3664,195,13619,275,25138,195,38757,California
Kings,2021-04-18,572,60716,246,23364,326,33688,0,3664,43,13133,529,25667,43,38800,California
Kings,2021-04-19,543,61259,302,23666,241,33929,0,3664,294,13182,246,25913,295,39095,California
Kings,2021-04-20,751,62010,455,24121,296,34225,0,3664,240,12912,510,26423,240,39335,California
Kings,2021-04-21,647,62657,306,24427,341,34566,0,3664,222,12717,417,26840,222,39557,California
Kings,2021-04-22,559,63216,279,24706,280,34846,0,3664,205,12572,351,27191,206,39763,California
Kings,2021-04-23,676,63892,290,24996,386,35232,0,3664,329,12558,343,27534,329,40092,California
Kings,2021-04-24,248,64140,180,25176,67,35299,1,3665,120,12552,127,27661,121,40213,California
Kings,2021-04-25,200,64340,181,25357,19,35318,0,3665,164,12680,36,27697,164,40377,California
Kings,2021-04-26,315,64655,169,25526,143,35461,3,3668,198,12765,116,27813,201,40578,California
Kings,2021-04-27,426,65081,188,25714,219,35680,19,3687,180,12720,244,28057,199,40777,California
Kings,2021-04-28,518,65599,258,25972,240,35920,20,3707,271,12764,247,28304,291,41068,California
Kings,2021-04-29,293,65892,113,26085,167,36087,13,3720,135,12757,155,28459,148,41216,California
Kings,2021-04-30,368,66260,163,26248,188,36275,17,3737,153,12716,211,28670,170,41386,California
Kings,2021-05-01,229,66489,166,26414,53,36328,10,3747,73,12644,155,28825,83,41469,California
Kings,2021-05-02,168,66657,146,26560,22,36350,0,3747,126,12728,42,28867,126,41595,California
Kings,2021-05-03,475,67132,253,26813,209,36559,13,3760,122,12511,352,29219,135,41730,California
Kings,2021-05-04,520,67652,263,27076,237,36796,20,3780,160,12332,359,29578,180,41910,California
Kings,2021-05-05,551,68203,285,27361,246,37042,20,3800,135,12072,415,29993,155,42065,California
Kings,2021-05-06,550,68753,270,27631,257,37299,23,3823,124,11795,424,30417,147,42212,California
Kings,2021-05-07,365,69118,211,27842,138,37437,16,3839,147,11742,216,30633,163,42375,California
Kings,2021-05-08,232,69350,166,28008,54,37491,12,3851,73,11668,158,30791,84,42459,California
Kings,2021-05-09,191,69541,61,28069,130,37621,0,3851,40,11557,151,30942,40,42499,California
Kings,2021-05-10,341,69882,263,28332,67,37688,11,3862,114,11455,226,31168,124,42623,California
Kings,2021-05-11,385,70267,238,28570,117,37805,30,3892,119,11339,266,31434,150,42773,California
Kings,2021-05-12,401,70668,163,28733,224,38029,14,3906,172,11298,227,31661,186,42959,California
Kings,2021-05-13,393,71061,145,28878,240,38269,8,3914,154,11221,239,31900,162,43121,California
Kings,2021-05-14,462,71523,315,29193,116,38385,31,3945,240,11271,221,32121,271,43392,California
Kings,2021-05-15,354,71877,250,29443,84,38469,20,3965,196,11329,158,32279,216,43608,California
Kings,2021-05-16,248,72125,222,29665,25,38494,1,3966,76,11234,172,32451,77,43685,California
Kings,2021-05-17,404,72529,321,29986,66,38560,17,3983,215,11278,188,32639,232,43917,California
Kings,2021-05-18,396,72925,277,30263,106,38666,13,3996,225,11346,171,32810,239,44156,California
Kings,2021-05-19,579,73504,283,30546,271,38937,25,4021,230,11254,347,33157,255,44411,California
Kings,2021-05-20,448,73952,235,30781,186,39123,27,4048,266,11366,182,33339,294,44705,California
Kings,2021-05-21,519,74471,263,31044,245,39368,11,4059,265,11392,250,33589,276,44981,California
Kings,2021-05-22,305,74776,246,31290,47,39415,12,4071,217,11535,86,33675,229,45210,California
Kings,2021-05-23,231,75007,223,31513,8,39423,0,4071,108,11520,123,33798,108,45318,California
Kings,2021-05-24,250,75257,167,31680,70,39493,13,4084,121,11525,129,33927,134,45452,California
Kings,2021-05-25,407,75664,268,31948,106,39599,33,4117,239,11631,166,34093,272,45724,California
Kings,2021-05-26,306,75970,126,32074,163,39762,17,4134,130,11603,175,34268,147,45871,California
Kings,2021-05-27,328,76298,178,32252,132,39894,18,4152,179,11654,146,34414,197,46068,California
Kings,2021-05-28,287,76585,140,32392,130,40024,17,4169,139,11665,145,34559,156,46224,California
Kings,2021-05-29,173,76758,99,32491,63,40087,11,4180,91,11686,81,34640,102,46326,California
Kings,2021-05-30,130,76888,113,32604,15,40102,2,4182,71,11700,59,34699,73,46399,California
Kings,2021-05-31,42,76930,23,32627,16,40118,3,4185,15,11691,27,34726,18,46417,California
Kings,2021-06-01,316,77246,187,32814,113,40231,16,4201,121,11636,191,34917,136,46553,California
Kings,2021-06-02,272,77518,125,32939,140,40371,7,4208,85,11543,185,35102,92,46645,California
Kings,2021-06-03,228,77746,126,33065,91,40462,11,4219,85,11504,135,35237,96,46741,California
Kings,2021-06-04,429,78175,282,33347,133,40595,14,4233,157,11408,267,35504,171,46912,California
Kings,2021-06-05,254,78429,221,33568,26,40621,7,4240,63,11300,178,35682,70,46982,California
Kings,2021-06-06,161,78590,153,33721,3,40624,5,4245,80,11308,77,35759,85,47067,California
Kings,2021-06-07,291,78881,220,33941,58,40682,13,4258,95,11220,196,35955,108,47175,California
Kings,2021-06-08,312,79193,240,34181,52,40734,20,4278,85,11099,226,36181,105,47280,California
Kings,2021-06-09,396,79589,265,34446,122,40856,9,4287,114,10943,279,36460,123,47403,California
Kings,2021-06-10,342,79931,223,34669,106,40962,13,4300,85,10784,257,36717,98,47501,California
Kings,2021-06-11,370,80301,281,34950,86,41048,3,4303,142,10706,223,36940,145,47646,California
Kings,2021-06-12,268,80569,220,35170,44,41092,4,4307,69,10596,183,37123,73,47719,California
Kings,2021-06-13,127,80696,118,35288,8,41100,1,4308,35,10541,91,37214,36,47755,California
Kings,2021-06-14,238,80934,173,35461,45,41145,20,4328,99,10521,139,37353,119,47874,California
Kings,2021-06-15,256,81190,182,35643,62,41207,12,4340,90,10458,165,37518,102,47976,California
Kings,2021-06-16,255,81445,131,35774,117,41324,7,4347,91,10400,157,37675,99,48075,California
Kings,2021-06-17,212,81657,114,35888,88,41412,10,4357,85,10368,127,37802,95,48170,California
Kings,2021-06-18,252,81909,183,36071,62,41474,7,4364,123,10369,129,37931,130,48300,California
Kings,2021-06-19,101,82010,70,36141,26,41500,5,4369,40,10353,61,37992,45,48345,California
Kings,2021-06-20,39,82049,30,36171,4,41504,5,4374,11,10341,28,38020,16,48361,California
Lake,2020-12-17,4,4,4,4,0,0,0,0,4,4,0,0,4,4,California
Lake,2020-12-18,49,53,49,53,0,0,0,0,49,53,0,0,49,53,California
Lake,2020-12-19,3,56,3,56,0,0,0,0,3,56,0,0,3,56,California
Lake,2020-12-20,6,62,6,62,0,0,0,0,6,62,0,0,6,62,California
Lake,2020-12-21,87,149,87,149,0,0,0,0,87,149,0,0,87,149,California
Lake,2020-12-22,63,212,60,209,3,3,0,0,63,212,0,0,63,212,California
Lake,2020-12-23,125,337,116,325,9,12,0,0,125,337,0,0,125,337,California
Lake,2020-12-24,2,339,0,325,2,14,0,0,2,339,0,0,2,339,California
Lake,2020-12-26,2,341,2,327,0,14,0,0,2,341,0,0,2,341,California
Lake,2020-12-27,2,343,2,329,0,14,0,0,2,343,0,0,2,343,California
Lake,2020-12-28,53,396,44,373,9,23,0,0,53,396,0,0,53,396,California
Lake,2020-12-29,53,449,48,421,5,28,0,0,53,449,0,0,53,449,California
Lake,2020-12-30,132,581,125,546,7,35,0,0,132,581,0,0,132,581,California
Lake,2020-12-31,67,648,64,610,3,38,0,0,67,648,0,0,67,648,California
Lake,2021-01-01,1,649,0,610,1,39,0,0,1,649,0,0,1,649,California
Lake,2021-01-02,2,651,1,611,1,40,0,0,2,651,0,0,2,651,California
Lake,2021-01-04,90,741,21,632,69,109,0,0,90,741,0,0,90,741,California
Lake,2021-01-05,120,861,59,691,61,170,0,0,118,857,2,2,118,859,California
Lake,2021-01-06,103,964,64,755,39,209,0,0,101,956,2,4,101,960,California
Lake,2021-01-07,109,1073,85,840,24,233,0,0,100,1047,9,13,100,1060,California
Lake,2021-01-08,163,1236,134,974,29,262,0,0,112,1108,51,64,112,1172,California
Lake,2021-01-09,63,1299,61,1035,2,264,0,0,59,1163,4,68,59,1231,California
Lake,2021-01-10,3,1302,3,1038,0,264,0,0,0,1160,3,71,0,1231,California
Lake,2021-01-11,187,1489,148,1186,39,303,0,0,109,1191,78,149,109,1340,California
Lake,2021-01-12,82,1571,49,1235,33,336,0,0,58,1225,24,173,58,1398,California
Lake,2021-01-13,172,1743,116,1351,56,392,0,0,111,1275,61,234,111,1509,California
Lake,2021-01-14,147,1890,48,1399,99,491,0,0,125,1378,22,256,125,1634,California
Lake,2021-01-15,218,2108,95,1494,123,614,0,0,189,1538,29,285,189,1823,California
Lake,2021-01-16,132,2240,82,1576,50,664,0,0,130,1666,2,287,130,1953,California
Lake,2021-01-17,14,2254,6,1582,8,672,0,0,8,1668,6,293,8,1961,California
Lake,2021-01-18,245,2499,229,1811,16,688,0,0,122,1667,123,416,122,2083,California
Lake,2021-01-19,319,2818,123,1934,196,884,0,0,270,1889,49,465,271,2354,California
Lake,2021-01-20,425,3243,82,2016,343,1227,0,0,360,2185,64,529,360,2714,California
Lake,2021-01-21,437,3680,46,2062,391,1618,0,0,401,2550,36,565,401,3115,California
Lake,2021-01-22,321,4001,48,2110,273,1891,0,0,285,2799,36,601,285,3400,California
Lake,2021-01-23,123,4124,6,2116,117,2008,0,0,122,2920,1,602,122,3522,California
Lake,2021-01-24,5,4129,2,2118,3,2011,0,0,5,2925,0,602,5,3527,California
Lake,2021-01-25,255,4384,92,2210,163,2174,0,0,173,3016,82,684,173,3700,California
Lake,2021-01-26,429,4813,32,2242,397,2571,0,0,405,3397,24,708,405,4105,California
Lake,2021-01-27,363,5176,39,2281,324,2895,0,0,336,3707,27,735,337,4442,California
Lake,2021-01-28,493,5669,159,2440,334,3229,0,0,364,3942,129,864,364,4806,California
Lake,2021-01-29,661,6330,108,2548,553,3782,0,0,578,4437,83,947,578,5384,California
Lake,2021-01-30,554,6884,39,2587,515,4297,0,0,548,4979,6,953,548,5932,California
Lake,2021-01-31,12,6896,7,2594,5,4302,0,0,10,4987,2,955,10,5942,California
Lake,2021-02-01,176,7072,15,2609,161,4463,0,0,162,5135,14,969,162,6104,California
Lake,2021-02-02,562,7634,153,2762,409,4872,0,0,395,5364,167,1136,396,6500,California
Lake,2021-02-03,442,8076,32,2794,410,5282,0,0,337,5596,105,1241,337,6837,California
Lake,2021-02-04,121,8197,70,2864,51,5333,0,0,71,5617,50,1291,71,6908,California
Lake,2021-02-05,381,8578,71,2935,310,5643,0,0,288,5814,91,1382,288,7196,California
Lake,2021-02-06,274,8852,38,2973,236,5879,0,0,263,6066,11,1393,263,7459,California
Lake,2021-02-07,3,8855,2,2975,1,5880,0,0,3,6069,0,1393,3,7462,California
Lake,2021-02-08,276,9131,207,3182,69,5949,0,0,158,6109,118,1511,158,7620,California
Lake,2021-02-09,345,9476,23,3205,322,6271,0,0,301,6367,43,1554,301,7921,California
Lake,2021-02-10,351,9827,49,3254,302,6573,0,0,271,6558,80,1634,271,8192,California
Lake,2021-02-11,173,10000,17,3271,156,6729,0,0,57,6499,116,1750,57,8249,California
Lake,2021-02-12,370,10370,28,3299,342,7071,0,0,284,6698,85,1835,284,8533,California
Lake,2021-02-13,252,10622,9,3308,243,7314,0,0,243,6932,9,1844,243,8776,California
Lake,2021-02-14,15,10637,4,3312,11,7325,0,0,5,6927,10,1854,5,8781,California
Lake,2021-02-15,163,10800,7,3319,156,7481,0,0,8,6781,154,2008,8,8789,California
Lake,2021-02-16,423,11223,20,3339,403,7884,0,0,177,6712,246,2254,177,8966,California
Lake,2021-02-17,348,11571,53,3392,295,8179,0,0,70,6505,277,2531,70,9036,California
Lake,2021-02-18,458,12029,70,3462,388,8567,0,0,114,6275,344,2875,114,9150,California
Lake,2021-02-19,425,12454,24,3486,401,8968,0,0,91,6032,334,3209,91,9241,California
Lake,2021-02-20,290,12744,56,3542,234,9202,0,0,250,6243,39,3248,250,9491,California
Lake,2021-02-21,5,12749,5,3547,0,9202,0,0,0,6238,5,3253,0,9491,California
Lake,2021-02-22,133,12882,16,3563,117,9319,0,0,39,6183,94,3347,39,9530,California
Lake,2021-02-23,216,13098,17,3580,199,9518,0,0,29,6025,187,3534,29,9559,California
Lake,2021-02-24,1011,14109,431,4011,580,10098,0,0,470,5955,540,4074,470,10029,California
Lake,2021-02-25,748,14857,485,4496,263,10361,0,0,488,6186,257,4331,488,10517,California
Lake,2021-02-26,994,15851,302,4798,692,11053,0,0,346,5886,646,4977,346,10863,California
Lake,2021-02-27,408,16259,97,4895,311,11364,0,0,328,6134,80,5057,328,11191,California
Lake,2021-02-28,15,16274,8,4903,7,11371,0,0,10,6139,5,5062,10,11201,California
Lake,2021-03-01,594,16868,54,4957,540,11911,0,0,444,6433,150,5212,444,11645,California
Lake,2021-03-02,743,17611,17,4974,726,12637,0,0,288,6267,454,5666,288,11933,California
Lake,2021-03-03,364,17975,193,5167,171,12808,0,0,146,6195,218,5884,146,12079,California
Lake,2021-03-04,576,18551,504,5671,72,12880,0,0,559,6737,17,5901,559,12638,California
Lake,2021-03-05,1052,19603,52,5723,1000,13880,0,0,187,6063,861,6762,187,12825,California
Lake,2021-03-06,34,19637,9,5732,24,13904,1,1,21,6072,13,6775,22,12847,California
Lake,2021-03-07,6,19643,4,5736,2,13906,0,1,4,6074,2,6777,4,12851,California
Lake,2021-03-08,339,19982,266,6002,64,13970,9,10,299,6342,40,6817,308,13159,California
Lake,2021-03-09,928,20910,40,6042,870,14840,18,28,403,6240,524,7341,422,13581,California
Lake,2021-03-10,198,21108,55,6097,130,14970,13,41,132,6320,66,7407,146,13727,California
Lake,2021-03-11,590,21698,47,6144,65,15035,478,519,50,6308,540,7947,528,14255,California
Lake,2021-03-12,853,22551,202,6346,625,15660,26,545,361,6204,491,8438,387,14642,California
Lake,2021-03-13,275,22826,20,6366,19,15679,236,781,14,6193,260,8698,249,14891,California
Lake,2021-03-14,11,22837,2,6368,9,15688,0,781,7,6196,4,8702,7,14898,California
Lake,2021-03-15,640,23477,9,6377,613,16301,18,799,480,6534,160,8862,498,15396,California
Lake,2021-03-16,1123,24600,841,7218,265,16566,17,816,391,6213,728,9590,407,15803,California
Lake,2021-03-17,243,24843,121,7339,100,16666,22,838,87,6166,156,9746,109,15912,California
Lake,2021-03-18,745,25588,373,7712,336,17002,36,874,367,6193,375,10121,402,16314,California
Lake,2021-03-19,583,26171,312,8024,250,17252,21,895,479,6590,103,10224,500,16814,California
Lake,2021-03-20,249,26420,8,8032,238,17490,3,898,31,6408,216,10440,34,16848,California
Lake,2021-03-21,14,26434,9,8041,4,17494,1,899,10,6415,4,10444,11,16859,California
Lake,2021-03-22,337,26771,257,8298,65,17559,15,914,249,6591,88,10532,264,17123,California
Lake,2021-03-23,435,27206,22,8320,399,17958,14,928,368,6907,66,10598,382,17505,California
Lake,2021-03-24,420,27626,58,8378,354,18312,8,936,327,7151,92,10690,336,17841,California
Lake,2021-03-25,667,28293,478,8856,184,18496,5,941,170,6828,497,11187,174,18015,California
Lake,2021-03-26,64,28357,31,8887,32,18528,1,942,29,6823,35,11222,30,18045,California
Lake,2021-03-27,307,28664,6,8893,298,18826,3,945,16,6553,289,11511,19,18064,California
Lake,2021-03-28,15,28679,7,8900,8,18834,0,945,8,6554,7,11518,8,18072,California
Lake,2021-03-29,988,29667,286,9186,700,19534,2,947,205,5980,781,12299,207,18279,California
Lake,2021-03-30,467,30134,318,9504,147,19681,2,949,370,6256,96,12395,372,18651,California
Lake,2021-03-31,620,30754,59,9563,561,20242,0,949,437,6519,174,12569,437,19088,California
Lake,2021-04-01,451,31205,237,9800,202,20444,12,961,188,6460,259,12828,200,19288,California
Lake,2021-04-02,220,31425,37,9837,155,20599,28,989,95,6458,125,12953,123,19411,California
Lake,2021-04-03,31,31456,4,9841,24,20623,3,992,11,6452,20,12973,14,19425,California
Lake,2021-04-04,19,31475,11,9852,7,20630,1,993,15,6464,4,12977,16,19441,California
Lake,2021-04-05,648,32123,71,9923,557,21187,20,1013,408,6654,237,13214,427,19868,California
Lake,2021-04-06,475,32598,17,9940,433,21620,25,1038,305,6815,169,13383,330,20198,California
Lake,2021-04-07,522,33120,55,9995,415,22035,52,1090,351,7049,169,13552,403,20601,California
Lake,2021-04-08,606,33726,492,10487,48,22083,66,1156,103,6718,500,14052,169,20770,California
Lake,2021-04-09,279,34005,39,10526,172,22255,68,1224,47,6603,229,14281,114,20884,California
Lake,2021-04-10,252,34257,13,10539,12,22267,227,1451,9,6596,243,14524,236,21120,California
Lake,2021-04-11,20,34277,15,10554,3,22270,2,1453,6,6590,14,14538,8,21128,California
Lake,2021-04-12,1085,35362,234,10788,818,23088,33,1486,246,6031,838,15376,279,21407,California
Lake,2021-04-13,180,35542,109,10897,71,23159,0,1486,52,5955,128,15504,52,21459,California
Lake,2021-04-14,613,36155,34,10931,579,23738,0,1486,553,6448,60,15564,553,22012,California
Lake,2021-04-15,641,36796,190,11121,451,24189,0,1486,330,6467,311,15875,330,22342,California
Lake,2021-04-16,265,37061,25,11146,240,24429,0,1486,71,6345,193,16068,71,22413,California
Lake,2021-04-17,40,37101,9,11155,31,24460,0,1486,29,6363,11,16079,29,22442,California
Lake,2021-04-18,8,37109,5,11160,3,24463,0,1486,0,6355,8,16087,0,22442,California
Lake,2021-04-19,300,37409,41,11201,259,24722,0,1486,251,6557,49,16136,251,22693,California
Lake,2021-04-20,701,38110,282,11483,419,25141,0,1486,94,6046,606,16742,95,22788,California
Lake,2021-04-21,533,38643,62,11545,471,25612,0,1486,197,5907,336,17078,197,22985,California
Lake,2021-04-22,461,39104,46,11591,415,26027,0,1486,316,6079,144,17222,316,23301,California
Lake,2021-04-23,116,39220,58,11649,58,26085,0,1486,69,6102,46,17268,69,23370,California
Lake,2021-04-24,53,39273,8,11657,45,26130,0,1486,39,6127,14,17282,39,23409,California
Lake,2021-04-25,36,39309,19,11676,17,26147,0,1486,24,6139,12,17294,24,23433,California
Lake,2021-04-26,291,39600,81,11757,209,26356,1,1487,87,6023,204,17498,88,23521,California
Lake,2021-04-27,248,39848,23,11780,207,26563,18,1505,86,5965,162,17660,104,23625,California
Lake,2021-04-28,512,40360,47,11827,450,27013,15,1520,92,5653,418,18078,106,23731,California
Lake,2021-04-29,208,40568,81,11908,111,27124,16,1536,110,5680,98,18176,125,23856,California
Lake,2021-04-30,286,40854,43,11951,212,27336,31,1567,147,5719,139,18315,178,24034,California
Lake,2021-05-01,50,40904,28,11979,20,27356,2,1569,35,5742,14,18329,37,24071,California
Lake,2021-05-02,17,40921,8,11987,8,27364,1,1570,9,5744,8,18337,10,24081,California
Lake,2021-05-03,415,41336,28,12015,352,27716,35,1605,64,5493,350,18687,99,24180,California
Lake,2021-05-04,405,41741,217,12232,139,27855,49,1654,125,5388,279,18966,174,24354,California
Lake,2021-05-05,627,42368,42,12274,573,28428,12,1666,84,4943,540,19506,95,24449,California
Lake,2021-05-06,141,42509,19,12293,93,28521,29,1695,72,4974,69,19575,100,24549,California
Lake,2021-05-07,162,42671,25,12318,117,28638,20,1715,104,5042,56,19631,124,24673,California
Lake,2021-05-08,41,42712,5,12323,36,28674,0,1715,36,5073,5,19636,36,24709,California
Lake,2021-05-09,17,42729,2,12325,10,28684,5,1720,10,5081,7,19643,15,24724,California
Lake,2021-05-10,248,42977,12,12337,208,28892,28,1748,59,4980,188,19831,87,24811,California
Lake,2021-05-11,194,43171,25,12362,152,29044,17,1765,116,5036,78,19909,134,24945,California
Lake,2021-05-12,541,43712,32,12394,489,29533,20,1785,56,4626,485,20394,75,25020,California
Lake,2021-05-13,315,44027,68,12462,233,29766,14,1799,74,4475,239,20633,88,25108,California
Lake,2021-05-14,266,44293,81,12543,166,29932,19,1818,161,4551,103,20736,179,25287,California
Lake,2021-05-15,43,44336,17,12560,23,29955,3,1821,27,4565,16,20752,30,25317,California
Lake,2021-05-16,31,44367,18,12578,12,29967,1,1822,17,4569,14,20766,18,25335,California
Lake,2021-05-17,315,44682,41,12619,259,30226,15,1837,84,4440,228,20994,99,25434,California
Lake,2021-05-18,301,44983,65,12684,217,30443,19,1856,174,4507,126,21120,193,25627,California
Lake,2021-05-19,313,45296,57,12741,241,30684,15,1871,88,4386,224,21344,103,25730,California
Lake,2021-05-20,236,45532,60,12801,165,30849,11,1882,93,4347,143,21487,104,25834,California
Lake,2021-05-21,272,45804,51,12852,198,31047,23,1905,113,4326,157,21644,136,25970,California
Lake,2021-05-22,97,45901,55,12907,39,31086,3,1908,48,4328,49,21693,51,26021,California
Lake,2021-05-23,57,45958,28,12935,28,31114,1,1909,29,4330,28,21721,30,26051,California
Lake,2021-05-24,157,46115,37,12972,106,31220,14,1923,71,4329,86,21807,85,26136,California
Lake,2021-05-25,206,46321,57,13029,137,31357,12,1935,74,4284,131,21938,86,26222,California
Lake,2021-05-26,149,46470,42,13071,96,31453,11,1946,54,4256,93,22031,65,26287,California
Lake,2021-05-27,174,46644,47,13118,113,31566,14,1960,60,4217,113,22144,74,26361,California
Lake,2021-05-28,224,46868,20,13138,165,31731,39,1999,50,4134,171,22315,88,26449,California
Lake,2021-05-29,37,46905,10,13148,21,31752,6,2005,14,4131,23,22338,20,26469,California
Lake,2021-05-30,22,46927,6,13154,14,31766,2,2007,12,4135,10,22348,14,26483,California
Lake,2021-05-31,63,46990,21,13175,40,31806,2,2009,53,4180,10,22358,55,26538,California
Lake,2021-06-01,197,47187,37,13212,151,31957,9,2018,68,4129,128,22486,77,26615,California
Lake,2021-06-02,132,47319,45,13257,75,32032,12,2030,54,4117,78,22564,66,26681,California
Lake,2021-06-03,183,47502,55,13312,109,32141,19,2049,79,4111,104,22668,98,26779,California
Lake,2021-06-04,180,47682,51,13363,114,32255,15,2064,45,4038,133,22801,60,26839,California
Lake,2021-06-05,93,47775,57,13420,28,32283,8,2072,55,4063,38,22839,63,26902,California
Lake,2021-06-06,67,47842,37,13457,30,32313,0,2072,23,4042,44,22883,23,26925,California
Lake,2021-06-07,88,47930,28,13485,52,32365,8,2080,30,4023,57,22940,38,26963,California
Lake,2021-06-08,181,48111,68,13553,101,32466,12,2092,68,3990,113,23053,80,27043,California
Lake,2021-06-09,174,48285,43,13596,127,32593,4,2096,38,3898,134,23187,42,27085,California
Lake,2021-06-10,124,48409,60,13656,52,32645,12,2108,50,3886,74,23261,62,27147,California
Lake,2021-06-11,208,48617,67,13723,118,32763,23,2131,48,3799,158,23419,71,27218,California
Lake,2021-06-12,67,48684,39,13762,22,32785,6,2137,34,3806,33,23452,40,27258,California
Lake,2021-06-13,28,48712,15,13777,13,32798,0,2137,13,3804,15,23467,13,27271,California
Lake,2021-06-14,178,48890,86,13863,79,32877,13,2150,49,3738,128,23595,62,27333,California
Lake,2021-06-15,245,49135,65,13928,161,33038,19,2169,78,3668,167,23762,97,27430,California
Lake,2021-06-16,159,49294,57,13985,88,33126,14,2183,54,3632,104,23866,68,27498,California
Lake,2021-06-17,170,49464,83,14068,78,33204,9,2192,73,3618,96,23962,82,27580,California
Lake,2021-06-18,97,49561,18,14086,72,33276,7,2199,31,3590,66,24028,38,27618,California
Lake,2021-06-19,53,49614,19,14105,34,33310,0,2199,30,3597,23,24051,30,27648,California
Lake,2021-06-20,6,49620,0,14105,6,33316,0,2199,5,3601,1,24052,5,27653,California
Lassen,2020-12-16,3,3,3,3,0,0,0,0,3,3,0,0,3,3,California
Lassen,2020-12-17,1,4,1,4,0,0,0,0,1,4,0,0,1,4,California
Lassen,2020-12-18,1,5,1,5,0,0,0,0,1,5,0,0,1,5,California
Lassen,2020-12-19,5,10,5,10,0,0,0,0,5,10,0,0,5,10,California
Lassen,2020-12-20,2,12,2,12,0,0,0,0,2,12,0,0,2,12,California
Lassen,2020-12-21,11,23,11,23,0,0,0,0,11,23,0,0,11,23,California
Lassen,2020-12-22,18,41,18,41,0,0,0,0,18,41,0,0,18,41,California
Lassen,2020-12-23,5,46,5,46,0,0,0,0,5,46,0,0,5,46,California
Lassen,2020-12-24,3,49,3,49,0,0,0,0,3,49,0,0,3,49,California
Lassen,2020-12-28,2,51,1,50,1,1,0,0,2,51,0,0,2,51,California
Lassen,2020-12-29,34,85,34,84,0,1,0,0,34,85,0,0,34,85,California
Lassen,2020-12-30,26,111,25,109,1,2,0,0,26,111,0,0,26,111,California
Lassen,2020-12-31,49,160,42,151,7,9,0,0,49,160,0,0,49,160,California
Lassen,2021-01-02,1,161,0,151,1,10,0,0,1,161,0,0,1,161,California
Lassen,2021-01-04,14,175,2,153,12,22,0,0,14,175,0,0,14,175,California
Lassen,2021-01-05,189,364,51,204,138,160,0,0,189,364,0,0,189,364,California
Lassen,2021-01-06,86,450,35,239,51,211,0,0,82,443,4,4,83,447,California
Lassen,2021-01-07,37,487,1,240,36,247,0,0,36,478,1,5,36,483,California
Lassen,2021-01-08,49,536,2,242,47,294,0,0,49,527,0,5,49,532,California
Lassen,2021-01-09,12,548,6,248,6,300,0,0,12,539,0,5,12,544,California
Lassen,2021-01-11,27,575,5,253,22,322,0,0,27,566,0,5,27,571,California
Lassen,2021-01-12,45,620,25,278,20,342,0,0,29,579,16,21,29,600,California
Lassen,2021-01-13,156,776,14,292,142,484,0,0,144,711,12,33,144,744,California
Lassen,2021-01-14,151,927,10,302,141,625,0,0,146,852,5,38,146,890,California
Lassen,2021-01-15,20,947,2,304,18,643,0,0,20,872,0,38,20,910,California
Lassen,2021-01-16,34,981,33,337,1,644,0,0,34,906,0,38,34,944,California
Lassen,2021-01-17,1,982,0,337,1,645,0,0,1,907,0,38,1,945,California
Lassen,2021-01-18,3,985,2,339,1,646,0,0,2,908,1,39,2,947,California
Lassen,2021-01-19,180,1165,32,371,148,794,0,0,153,1034,27,66,153,1100,California
Lassen,2021-01-20,151,1316,88,459,63,857,0,0,78,1054,58,124,78,1178,California
Lassen,2021-01-21,129,1445,86,545,43,900,0,0,105,1141,18,142,105,1283,California
Lassen,2021-01-22,27,1472,14,559,13,913,0,0,17,1148,10,152,17,1300,California
Lassen,2021-01-24,1,1473,0,559,1,914,0,0,1,1149,0,152,1,1301,California
Lassen,2021-01-25,10,1483,1,560,9,923,0,0,9,1157,1,153,9,1310,California
Lassen,2021-01-26,105,1588,1,561,104,1027,0,0,104,1260,1,154,104,1414,California
Lassen,2021-01-27,57,1645,14,575,43,1070,0,0,42,1287,15,169,42,1456,California
Lassen,2021-01-28,74,1719,7,582,67,1137,0,0,73,1359,1,170,73,1529,California
Lassen,2021-01-29,11,1730,2,584,9,1146,0,0,10,1368,1,171,10,1539,California
Lassen,2021-02-01,46,1776,2,586,44,1190,0,0,23,1368,23,194,23,1562,California
Lassen,2021-02-02,165,1941,6,592,159,1349,0,0,34,1271,131,325,34,1596,California
Lassen,2021-02-03,84,2025,14,606,70,1419,0,0,41,1269,43,368,41,1637,California
Lassen,2021-02-04,100,2125,7,613,93,1512,0,0,52,1273,48,416,52,1689,California
Lassen,2021-02-05,51,2176,5,618,46,1558,0,0,14,1250,37,453,14,1703,California
Lassen,2021-02-06,69,2245,34,652,35,1593,0,0,36,1254,32,485,36,1739,California
Lassen,2021-02-07,1,2246,1,653,0,1593,0,0,1,1255,0,485,1,1740,California
Lassen,2021-02-08,38,2284,3,656,35,1628,0,0,12,1241,26,511,12,1752,California
Lassen,2021-02-09,117,2401,3,659,114,1742,0,0,43,1210,74,585,43,1795,California
Lassen,2021-02-10,148,2549,12,671,136,1878,0,0,43,1148,105,690,43,1838,California
Lassen,2021-02-11,147,2696,6,677,141,2019,0,0,53,1108,93,783,53,1891,California
Lassen,2021-02-12,24,2720,4,681,20,2039,0,0,9,1102,15,798,9,1900,California
Lassen,2021-02-13,9,2729,1,682,8,2047,0,0,7,1107,2,800,7,1907,California
Lassen,2021-02-14,12,2741,0,682,12,2059,0,0,11,1117,1,801,11,1918,California
Lassen,2021-02-15,18,2759,2,684,16,2075,0,0,15,1130,2,803,15,1933,California
Lassen,2021-02-16,180,2939,3,687,177,2252,0,0,20,992,158,961,20,1953,California
Lassen,2021-02-17,136,3075,72,759,64,2316,0,0,5,866,131,1092,5,1958,California
Lassen,2021-02-18,58,3133,9,768,49,2365,0,0,13,834,45,1137,13,1971,California
Lassen,2021-02-19,65,3198,50,818,15,2380,0,0,11,791,54,1191,11,1982,California
Lassen,2021-02-20,7,3205,0,818,7,2387,0,0,6,796,1,1192,6,1988,California
Lassen,2021-02-21,20,3225,0,818,20,2407,0,0,17,810,3,1195,17,2005,California
Lassen,2021-02-22,20,3245,10,828,10,2417,0,0,5,800,15,1210,5,2010,California
Lassen,2021-02-23,143,3388,6,834,137,2554,0,0,43,743,100,1310,43,2053,California
Lassen,2021-02-24,129,3517,8,842,121,2675,0,0,85,785,43,1353,85,2138,California
Lassen,2021-02-25,138,3655,13,855,125,2800,0,0,88,823,50,1403,88,2226,California
Lassen,2021-02-26,61,3716,11,866,50,2850,0,0,33,828,28,1431,33,2259,California
Lassen,2021-02-27,7,3723,7,873,0,2850,0,0,3,827,4,1435,3,2262,California
Lassen,2021-02-28,4,3727,1,874,3,2853,0,0,1,825,3,1438,1,2263,California
Lassen,2021-03-01,25,3752,2,876,23,2876,0,0,5,811,19,1457,5,2268,California
Lassen,2021-03-02,97,3849,5,881,92,2968,0,0,77,869,19,1476,77,2345,California
Lassen,2021-03-03,129,3978,5,886,124,3092,0,0,83,906,46,1522,83,2428,California
Lassen,2021-03-04,142,4120,13,899,129,3221,0,0,93,951,48,1570,93,2521,California
Lassen,2021-03-05,39,4159,1,900,14,3235,24,24,6,948,33,1603,30,2551,California
Lassen,2021-03-06,53,4212,2,902,29,3264,22,46,5,927,48,1651,27,2578,California
Lassen,2021-03-07,55,4267,0,902,0,3264,55,101,0,927,55,1706,55,2633,California
Lassen,2021-03-08,84,4351,2,904,4,3268,78,179,1,923,83,1789,79,2712,California
Lassen,2021-03-09,128,4479,4,908,107,3375,17,196,82,976,46,1835,99,2811,California
Lassen,2021-03-10,119,4598,5,913,113,3488,1,197,72,1003,46,1881,73,2884,California
Lassen,2021-03-11,163,4761,9,922,148,3636,6,203,95,1039,65,1946,101,2985,California
Lassen,2021-03-12,17,4778,7,929,7,3643,3,206,5,1035,12,1958,8,2993,California
Lassen,2021-03-13,48,4826,0,929,2,3645,46,252,1,1034,47,2005,46,3039,California
Lassen,2021-03-14,11,4837,0,929,10,3655,1,253,1,1026,10,2015,2,3041,California
Lassen,2021-03-15,27,4864,2,931,25,3680,0,253,12,1023,15,2030,12,3053,California
Lassen,2021-03-16,86,4950,2,933,80,3760,4,257,72,1085,14,2044,76,3129,California
Lassen,2021-03-17,1083,6033,7,940,1072,4832,4,261,1067,2140,16,2060,1071,4200,California
Lassen,2021-03-18,82,6115,6,946,75,4907,1,262,74,2207,8,2068,75,4275,California
Lassen,2021-03-19,7,6122,3,949,2,4909,2,264,2,2206,5,2073,4,4279,California
Lassen,2021-03-20,15,6137,3,952,10,4919,2,266,9,2211,6,2079,11,4290,California
Lassen,2021-03-21,33,6170,0,952,33,4952,0,266,13,2205,19,2098,13,4303,California
Lassen,2021-03-22,38,6208,1,953,37,4989,0,266,35,2237,3,2101,35,4338,California
Lassen,2021-03-23,108,6316,5,958,103,5092,0,266,57,2243,51,2152,57,4395,California
Lassen,2021-03-24,168,6484,6,964,161,5253,1,267,86,2250,80,2232,87,4482,California
Lassen,2021-03-25,140,6624,13,977,127,5380,0,267,60,2230,80,2312,60,4542,California
Lassen,2021-03-26,67,6691,4,981,26,5406,37,304,13,2226,53,2365,49,4591,California
Lassen,2021-03-27,18,6709,2,983,1,5407,15,319,2,2227,16,2381,17,4608,California
Lassen,2021-03-28,11,6720,1,984,1,5408,9,328,1,2227,10,2391,10,4618,California
Lassen,2021-03-29,52,6772,0,984,27,5435,25,353,20,2241,31,2422,45,4663,California
Lassen,2021-03-30,162,6934,3,987,135,5570,24,377,49,2201,113,2535,73,4736,California
Lassen,2021-03-31,137,7071,8,995,108,5678,21,398,55,2196,81,2616,76,4812,California
Lassen,2021-04-01,148,7219,8,1003,122,5800,18,416,42,2151,105,2721,60,4872,California
Lassen,2021-04-02,25,7244,3,1006,2,5802,20,436,1,2148,24,2745,21,4893,California
Lassen,2021-04-03,12,7256,0,1006,2,5804,10,446,0,2146,12,2757,10,4903,California
Lassen,2021-04-04,5,7261,1,1007,0,5804,4,450,1,2147,4,2761,5,4908,California
Lassen,2021-04-05,15,7276,0,1007,9,5813,6,456,8,2154,7,2768,14,4922,California
Lassen,2021-04-06,164,7440,5,1012,130,5943,29,485,49,2117,115,2883,78,5000,California
Lassen,2021-04-07,118,7558,5,1017,85,6028,28,513,32,2093,86,2969,62,5062,California
Lassen,2021-04-08,153,7711,7,1024,97,6125,49,562,25,2044,123,3092,74,5136,California
Lassen,2021-04-09,41,7752,4,1028,6,6131,31,593,8,2050,32,3124,38,5174,California
Lassen,2021-04-10,8,7760,0,1028,2,6133,6,599,0,2049,7,3131,6,5180,California
Lassen,2021-04-11,5,7765,1,1029,1,6134,3,602,2,2051,3,3134,5,5185,California
Lassen,2021-04-12,29,7794,4,1033,12,6146,13,615,4,2043,25,3159,17,5202,California
Lassen,2021-04-13,115,7909,2,1035,113,6259,0,615,26,1981,88,3247,26,5228,California
Lassen,2021-04-14,980,8889,6,1041,974,7233,0,615,47,1096,932,4179,47,5275,California
Lassen,2021-04-15,131,9020,9,1050,122,7355,0,615,13,991,118,4297,13,5288,California
Lassen,2021-04-16,9,9029,2,1052,7,7362,0,615,5,992,4,4301,5,5293,California
Lassen,2021-04-17,9,9038,2,1054,7,7369,0,615,3,989,6,4307,3,5296,California
Lassen,2021-04-18,4,9042,1,1055,3,7372,0,615,1,987,3,4310,1,5297,California
Lassen,2021-04-19,29,9071,0,1055,29,7401,0,615,15,988,14,4324,15,5312,California
Lassen,2021-04-20,124,9195,5,1060,119,7520,0,615,44,952,80,4404,44,5356,California
Lassen,2021-04-21,131,9326,5,1065,125,7645,1,616,30,884,99,4503,31,5387,California
Lassen,2021-04-22,93,9419,12,1077,81,7726,0,616,25,841,68,4571,25,5412,California
Lassen,2021-04-23,21,9440,0,1077,21,7747,0,616,18,856,3,4574,18,5430,California
Lassen,2021-04-24,9,9449,5,1082,4,7751,0,616,3,853,6,4580,3,5433,California
Lassen,2021-04-25,5,9454,0,1082,4,7755,1,617,3,855,2,4582,4,5437,California
Lassen,2021-04-26,40,9494,1,1083,35,7790,4,621,8,835,32,4614,12,5449,California
Lassen,2021-04-27,102,9596,4,1087,95,7885,3,624,51,838,51,4665,54,5503,California
Lassen,2021-04-28,78,9674,6,1093,70,7955,2,626,27,816,51,4716,29,5532,California
Lassen,2021-04-29,59,9733,5,1098,51,8006,3,629,21,803,37,4753,24,5556,California
Lassen,2021-04-30,12,9745,7,1105,2,8008,3,632,3,800,9,4762,6,5562,California
Lassen,2021-05-01,4,9749,0,1105,3,8011,1,633,3,803,1,4763,4,5566,California
Lassen,2021-05-02,8,9757,4,1109,4,8015,0,633,5,805,3,4766,5,5571,California
Lassen,2021-05-03,15,9772,2,1111,8,8023,5,638,2,799,13,4779,7,5578,California
Lassen,2021-05-04,67,9839,2,1113,58,8081,7,645,19,777,48,4827,26,5604,California
Lassen,2021-05-05,78,9917,3,1116,64,8145,11,656,24,759,53,4880,35,5639,California
Lassen,2021-05-06,65,9982,17,1133,26,8171,22,678,17,750,48,4928,39,5678,California
Lassen,2021-05-07,48,10030,32,1165,11,8182,5,683,41,789,7,4935,46,5724,California
Lassen,2021-05-08,10,10040,0,1165,5,8187,5,688,4,792,6,4941,9,5733,California
Lassen,2021-05-09,1,10041,0,1165,0,8187,1,689,0,792,1,4942,1,5734,California
Lassen,2021-05-10,11,10052,1,1166,6,8193,4,693,4,793,7,4949,8,5742,California
Lassen,2021-05-11,55,10107,0,1166,47,8240,8,701,17,780,38,4987,25,5767,California
Lassen,2021-05-12,41,10148,3,1169,33,8273,5,706,14,772,27,5014,19,5786,California
Lassen,2021-05-13,24,10172,6,1175,13,8286,5,711,7,767,17,5031,12,5798,California
Lassen,2021-05-14,19,10191,2,1177,9,8295,8,719,10,776,9,5040,18,5816,California
Lassen,2021-05-15,16,10207,2,1179,4,8299,10,729,4,778,12,5052,14,5830,California
Lassen,2021-05-16,7,10214,2,1181,3,8302,2,731,2,778,4,5056,4,5834,California
Lassen,2021-05-17,34,10248,3,1184,19,8321,12,743,10,776,24,5080,22,5856,California
Lassen,2021-05-18,80,10328,5,1189,63,8384,12,755,23,754,57,5137,35,5891,California
Lassen,2021-05-19,50,10378,1,1190,41,8425,8,763,6,724,43,5180,13,5904,California
Lassen,2021-05-20,30,10408,6,1196,15,8440,9,772,10,723,20,5200,19,5923,California
Lassen,2021-05-21,63,10471,29,1225,20,8460,14,786,34,742,29,5229,48,5971,California
Lassen,2021-05-22,16,10487,1,1226,7,8467,8,794,6,746,10,5239,14,5985,California
Lassen,2021-05-23,4,10491,2,1228,1,8468,1,795,0,743,4,5243,1,5986,California
Lassen,2021-05-24,12,10503,1,1229,9,8477,2,797,6,746,5,5248,8,5994,California
Lassen,2021-05-25,85,10588,6,1235,70,8547,9,806,31,732,54,5302,40,6034,California
Lassen,2021-05-26,55,10643,0,1235,40,8587,15,821,11,714,44,5346,26,6060,California
Lassen,2021-05-27,42,10685,17,1252,19,8606,6,827,13,705,28,5374,19,6079,California
Lassen,2021-05-28,70,10755,44,1296,18,8624,8,835,29,701,41,5415,37,6116,California
Lassen,2021-05-29,15,10770,1,1297,12,8636,2,837,9,706,6,5421,11,6127,California
Lassen,2021-05-30,2,10772,0,1297,1,8637,1,838,1,707,1,5422,2,6129,California
Lassen,2021-05-31,7,10779,0,1297,6,8643,1,839,1,703,6,5428,2,6131,California
Lassen,2021-06-01,43,10822,1,1298,36,8679,6,845,16,698,27,5455,22,6153,California
Lassen,2021-06-02,49,10871,2,1300,33,8712,14,859,11,686,37,5492,25,6178,California
Lassen,2021-06-03,18,10889,1,1301,8,8720,9,868,5,687,13,5505,14,6192,California
Lassen,2021-06-04,36,10925,1,1302,23,8743,12,880,11,685,25,5530,23,6215,California
Lassen,2021-06-05,13,10938,3,1305,7,8750,3,883,4,683,9,5539,7,6222,California
Lassen,2021-06-06,4,10942,0,1305,1,8751,3,886,1,684,3,5542,4,6226,California
Lassen,2021-06-07,17,10959,0,1305,9,8760,8,894,3,681,14,5556,11,6237,California
Lassen,2021-06-08,34,10993,3,1308,27,8787,4,898,14,679,20,5576,18,6255,California
Lassen,2021-06-09,17,11010,1,1309,14,8801,2,900,7,679,9,5585,9,6264,California
Lassen,2021-06-10,16,11026,9,1318,5,8806,2,902,8,681,8,5593,10,6274,California
Lassen,2021-06-11,39,11065,26,1344,13,8819,0,902,11,665,28,5621,12,6286,California
Lassen,2021-06-12,5,11070,1,1345,4,8823,0,902,1,662,4,5625,1,6287,California
Lassen,2021-06-13,3,11073,2,1347,1,8824,0,902,1,661,2,5627,1,6288,California
Lassen,2021-06-14,8,11081,1,1348,6,8830,1,903,3,661,4,5631,4,6292,California
Lassen,2021-06-15,46,11127,5,1353,36,8866,5,908,14,648,32,5663,19,6311,California
Lassen,2021-06-16,12,11139,2,1355,6,8872,4,912,8,656,4,5667,12,6323,California
Lassen,2021-06-17,21,11160,10,1365,7,8879,4,916,9,657,12,5679,13,6336,California
Lassen,2021-06-18,41,11201,16,1381,17,8896,8,924,8,640,33,5712,16,6352,California
Lassen,2021-06-19,12,11213,2,1383,8,8904,2,926,4,638,8,5720,6,6358,California
Lassen,2021-06-20,1,11214,1,1384,0,8904,0,926,1,639,0,5720,1,6359,California
Los Angeles,2020-12-15,397,397,397,397,0,0,0,0,397,397,0,0,397,397,California
Los Angeles,2020-12-16,3591,3988,3591,3988,0,0,0,0,3591,3988,0,0,3591,3988,California
Los Angeles,2020-12-17,10414,14402,10414,14402,0,0,0,0,10415,14403,0,0,10415,14403,California
Los Angeles,2020-12-18,14772,29174,14749,29151,23,23,0,0,14771,29174,0,0,14771,29174,California
Los Angeles,2020-12-19,7285,36459,7276,36427,9,32,0,0,7287,36461,0,0,7287,36461,California
Los Angeles,2020-12-20,4672,41131,4662,41089,10,42,0,0,4674,41135,0,0,4674,41135,California
Los Angeles,2020-12-21,13753,54884,13736,54825,17,59,0,0,13753,54887,1,1,13753,54888,California
Los Angeles,2020-12-22,11585,66469,11190,66015,395,454,0,0,11585,66470,2,3,11585,66473,California
Los Angeles,2020-12-23,12005,78474,10223,76238,1782,2236,0,0,12006,78476,0,3,12006,78479,California
Los Angeles,2020-12-24,7064,85538,4283,80521,2781,5017,0,0,7067,85543,0,3,7067,85546,California
Los Angeles,2020-12-25,532,86070,425,80946,107,5124,0,0,533,86076,0,3,533,86079,California
Los Angeles,2020-12-26,2548,88618,2197,83143,351,5475,0,0,2547,88621,2,5,2547,88626,California
Los Angeles,2020-12-27,1781,90399,1041,84184,740,6215,0,0,1781,90402,0,5,1781,90407,California
Los Angeles,2020-12-28,10393,100792,6437,90621,3956,10171,0,0,10390,100791,1,6,10390,100797,California
Los Angeles,2020-12-29,11685,112477,6123,96744,5562,15733,0,0,11685,112476,0,6,11685,112482,California
Los Angeles,2020-12-30,14964,127441,8135,104879,6829,22562,0,0,14963,127439,0,6,14963,127445,California
Los Angeles,2020-12-31,8013,135454,2782,107661,5231,27793,0,0,8009,135445,3,9,8009,135454,California
Los Angeles,2021-01-01,1089,136543,319,107980,770,28563,0,0,1087,136530,2,11,1087,136541,California
Los Angeles,2021-01-02,4513,141056,1686,109666,2827,31390,0,0,4513,141043,0,11,4513,141054,California
Los Angeles,2021-01-03,975,142031,229,109895,746,32136,0,0,973,142014,2,13,973,142027,California
Los Angeles,2021-01-04,12797,154828,4908,114803,7889,40025,0,0,12782,154794,2,15,12782,154809,California
Los Angeles,2021-01-05,16163,170991,7136,121939,9027,49052,0,0,14234,167135,1900,1915,14241,169050,California
Los Angeles,2021-01-06,22833,193824,12148,134087,10685,59737,0,0,17151,178683,5613,7528,17161,186211,California
Los Angeles,2021-01-07,29659,223483,15975,150062,13684,73421,0,0,18961,187009,10651,18179,18977,205188,California
Los Angeles,2021-01-08,33319,256802,18004,168066,15315,88736,0,0,21000,195727,12292,30471,21010,226198,California
Los Angeles,2021-01-09,12478,269280,7125,175191,5353,94089,0,0,7576,198413,4899,35370,7585,233783,California
Los Angeles,2021-01-10,4717,273997,3658,178849,1059,95148,0,0,1971,197640,2746,38116,1973,235756,California
Los Angeles,2021-01-11,25953,299950,16327,195176,9626,104774,0,0,14963,201636,10978,49094,14974,250730,California
Los Angeles,2021-01-12,29512,329462,16265,211441,13247,118021,0,0,19335,210823,10161,59255,19348,270078,California
Los Angeles,2021-01-13,29477,358939,15702,227143,13775,131796,0,0,20474,222320,8984,68239,20481,290559,California
Los Angeles,2021-01-14,29450,388389,12778,239921,16672,148468,0,0,23881,240668,5546,73785,23894,314453,California
Los Angeles,2021-01-15,34083,422472,12432,252353,21651,170119,0,0,30477,267573,3581,77366,30486,344939,California
Los Angeles,2021-01-16,17749,440221,5016,257369,12733,182852,0,0,15948,281736,1792,79158,15955,360894,California
Los Angeles,2021-01-17,5282,445503,2358,259727,2924,185776,0,0,5024,286506,256,79414,5026,365920,California
Los Angeles,2021-01-18,15791,461294,10169,269896,5622,191398,0,0,11028,292788,4751,84165,11033,376953,California
Los Angeles,2021-01-19,38825,500119,20678,290574,18147,209545,0,0,30970,315961,7813,91978,30986,407939,California
Los Angeles,2021-01-20,46748,546867,24312,314886,22436,231981,0,0,39201,347664,7513,99491,39216,447155,California
Los Angeles,2021-01-21,49266,596133,22573,337459,26693,258674,0,0,44920,388327,4277,103768,44940,492095,California
Los Angeles,2021-01-22,48723,644856,22536,359995,26187,284861,0,0,45235,430150,3439,107207,45262,537357,California
Los Angeles,2021-01-23,34446,679302,15879,375874,18567,303428,0,0,32351,460454,2064,109271,32368,569725,California
Los Angeles,2021-01-24,15840,695142,12256,388130,3584,307012,0,0,15283,475192,548,109819,15286,585011,California
Los Angeles,2021-01-25,39783,734925,16820,404950,22963,329975,0,0,31079,497617,8671,118490,31096,616107,California
Los Angeles,2021-01-26,50183,785108,24961,429911,25222,355197,0,0,41893,531279,8252,126742,41914,658021,California
Los Angeles,2021-01-27,51634,836742,26282,456193,25352,380549,0,0,42152,564118,9339,136081,42178,700199,California
Los Angeles,2021-01-28,49658,886400,23859,480052,25799,406348,0,0,41135,596871,8399,144480,41152,741351,California
Los Angeles,2021-01-29,50273,936673,25990,506042,24283,430631,0,0,40108,627188,9809,154289,40126,781477,California
Los Angeles,2021-01-30,30809,967482,15958,522000,14851,445482,0,0,26469,649406,4257,158546,26475,807952,California
Los Angeles,2021-01-31,13504,980986,10712,532712,2792,448274,0,0,12602,661126,886,159432,12606,820558,California
Los Angeles,2021-02-01,39115,1020101,16809,549521,22306,470580,0,0,28493,679054,10581,170013,28509,849067,California
Los Angeles,2021-02-02,45148,1065249,18259,567780,26889,497469,0,0,32890,699747,12214,182227,32907,881974,California
Los Angeles,2021-02-03,52666,1117915,19833,587613,32833,530302,0,0,37680,722711,14739,196966,37703,919677,California
Los Angeles,2021-02-04,57606,1175521,20948,608561,36658,566960,0,0,39452,744340,17843,214809,39472,959149,California
Los Angeles,2021-02-05,62008,1237529,21397,629958,40611,607571,0,0,39847,762488,21712,236521,39860,999009,California
Los Angeles,2021-02-06,36124,1273653,13766,643724,22358,629929,0,0,27600,781667,8444,244965,27623,1026632,California
Los Angeles,2021-02-07,11267,1284920,8775,652499,2492,632421,0,0,8866,788156,2384,247349,8873,1035505,California
Los Angeles,2021-02-08,47798,1332718,22388,674887,25410,657831,0,0,31458,803422,16198,263547,31464,1066969,California
Los Angeles,2021-02-09,56285,1389003,24948,699835,31337,689168,0,0,28688,804610,27511,291058,28699,1095668,California
Los Angeles,2021-02-10,67356,1456359,29572,729407,37784,726952,0,0,30901,799462,36067,327125,30919,1126587,California
Los Angeles,2021-02-11,58733,1515092,31430,760837,27303,754255,0,0,28408,798012,29868,356993,28418,1155005,California
Los Angeles,2021-02-12,60189,1575281,30041,790878,30148,784403,0,0,26304,790830,33509,390502,26327,1181332,California
Los Angeles,2021-02-13,34006,1609287,19840,810718,14166,798569,0,0,15477,787924,18437,408939,15531,1196863,California
Los Angeles,2021-02-14,21911,1631198,14945,825663,6966,805535,0,0,8818,783722,13029,421968,8827,1205690,California
Los Angeles,2021-02-15,33217,1664415,16196,841859,17021,822556,0,0,18143,786876,15005,436973,18159,1223849,California
Los Angeles,2021-02-16,64810,1729225,33087,874946,31723,854279,0,0,29961,782109,34745,471718,29978,1253827,California
Los Angeles,2021-02-17,65543,1794768,35064,910010,30479,884758,0,0,26562,769907,38779,510497,26577,1280404,California
Los Angeles,2021-02-18,69275,1864043,35386,945396,33889,918647,0,0,28735,758314,40348,550845,28755,1309159,California
Los Angeles,2021-02-19,59077,1923120,36553,981949,22524,941171,0,0,28781,756931,30184,581029,28801,1337960,California
Los Angeles,2021-02-20,33505,1956625,24459,1006408,9046,950217,0,0,16016,755538,17434,598463,16041,1354001,California
Los Angeles,2021-02-21,22798,1979423,21093,1027501,1705,951922,0,0,11216,755244,11515,609978,11221,1365222,California
Los Angeles,2021-02-22,35020,2014443,25549,1053050,9471,961393,0,0,17981,756295,16952,626930,18003,1383225,California
Los Angeles,2021-02-23,55550,2069993,24116,1077166,31434,992827,0,0,21740,744379,33684,660614,21768,1404993,California
Los Angeles,2021-02-24,65606,2135599,29261,1106427,36345,1029172,0,0,28213,735421,37209,697823,28251,1433244,California
Los Angeles,2021-02-25,74777,2210376,34283,1140710,40494,1069666,0,0,38417,737687,36187,734010,38453,1471697,California
Los Angeles,2021-02-26,84421,2294797,39121,1179831,45300,1114966,0,0,47231,748013,36953,770963,47279,1518976,California
Los Angeles,2021-02-27,60932,2355729,26958,1206789,33967,1148933,7,7,30989,749277,29770,800733,31034,1550010,California
Los Angeles,2021-02-28,27341,2383070,18893,1225682,8445,1157378,3,10,19027,760120,8204,808937,19047,1569057,California
Los Angeles,2021-03-01,57798,2440868,33042,1258724,24716,1182094,40,50,34470,771530,23135,832072,34545,1603602,California
Los Angeles,2021-03-02,78211,2519079,38055,1296779,40150,1222244,6,56,49170,791848,28890,860962,49208,1652810,California
Los Angeles,2021-03-03,85852,2604931,44029,1340808,41807,1264051,16,72,54270,814774,31393,892355,54319,1707129,California
Los Angeles,2021-03-04,91818,2696749,47001,1387809,44802,1308853,15,87,58041,839287,33585,925940,58098,1765227,California
Los Angeles,2021-03-05,90562,2787311,44655,1432464,45874,1354727,33,120,60505,870046,29848,955788,60607,1825834,California
Los Angeles,2021-03-06,67659,2854970,34488,1466952,31339,1386066,1832,1952,43596,891579,23913,979701,45446,1871280,California
Los Angeles,2021-03-07,27396,2882366,20857,1487809,5701,1391767,838,2790,21184,907430,6178,985879,22029,1893309,California
Los Angeles,2021-03-08,53074,2935440,28049,1515858,23046,1414813,1979,4769,40030,936521,12929,998808,42020,1935329,California
Los Angeles,2021-03-09,81769,3017209,38857,1554715,39614,1454427,3298,8067,52019,962244,29595,1028403,55318,1990647,California
Los Angeles,2021-03-10,83437,3100646,41032,1595747,37513,1491940,4892,12959,52748,989347,30504,1058907,57607,2048254,California
Los Angeles,2021-03-11,93100,3193746,45456,1641203,40903,1532843,6741,19700,54436,1012028,38460,1097367,61141,2109395,California
Los Angeles,2021-03-12,99325,3293071,44753,1685956,40640,1573483,13932,33632,57830,1042468,41278,1138645,71718,2181113,California
Los Angeles,2021-03-13,76007,3369078,35899,1721855,28124,1601607,11984,45616,45364,1069257,30523,1169168,57312,2238425,California
Los Angeles,2021-03-14,39271,3408349,26372,1748227,10340,1611947,2559,48175,24073,1080754,15121,1184289,26618,2265043,California
Los Angeles,2021-03-15,75155,3483504,36702,1784929,32995,1644942,5458,53633,45475,1102182,29484,1213773,50912,2315955,California
Los Angeles,2021-03-16,100207,3583711,43884,1828813,50432,1695374,5891,59524,64815,1137661,35182,1248955,70661,2386616,California
Los Angeles,2021-03-17,97675,3681386,44374,1873187,44964,1740338,8337,67861,65337,1179078,32119,1281074,73536,2460152,California
Los Angeles,2021-03-18,102185,3783571,48881,1922068,47955,1788293,5349,73210,64803,1212138,37079,1318153,70139,2530291,California
Los Angeles,2021-03-19,109469,3893040,57098,1979166,47586,1835879,4785,77995,67423,1242530,41768,1359921,72160,2602451,California
Los Angeles,2021-03-20,76687,3969727,37889,2017055,34206,1870085,4592,82587,52009,1274635,24482,1384403,56587,2659038,California
Los Angeles,2021-03-21,34772,4004499,25854,2042909,8015,1878100,903,83490,22257,1285407,12388,1396791,23160,2682198,California
Los Angeles,2021-03-22,71113,4075612,41782,2084691,27156,1905256,2175,85665,49836,1316412,21003,1417794,52008,2734206,California
Los Angeles,2021-03-23,96682,4172294,52289,2136980,41149,1946405,3244,88909,58439,1340117,37966,1455760,61671,2795877,California
Los Angeles,2021-03-24,105268,4277562,55845,2192825,46254,1992659,3169,92078,60755,1359851,44180,1499940,63914,2859791,California
Los Angeles,2021-03-25,111048,4388610,59516,2252341,47622,2040281,3910,95988,62291,1377598,48440,1548380,66187,2925978,California
Los Angeles,2021-03-26,115696,4504306,63399,2315740,48057,2088338,4240,100228,63690,1393790,51708,1600088,67900,2993878,California
Los Angeles,2021-03-27,83792,4588098,44107,2359847,37546,2125884,2139,102367,42675,1397764,40842,1640930,44816,3038694,California
Los Angeles,2021-03-28,42336,4630434,28717,2388564,13034,2138918,585,102952,20090,1396326,22115,1663045,20677,3059371,California
Los Angeles,2021-03-29,83266,4713700,46804,2435368,34685,2173603,1777,104729,46172,1407404,36873,1699918,47951,3107322,California
Los Angeles,2021-03-30,109201,4822901,52065,2487433,51190,2224793,5946,110675,57001,1418361,51956,1751874,62913,3170235,California
Los Angeles,2021-03-31,122971,4945872,62158,2549591,51966,2276759,8847,119522,68405,1441316,54237,1806111,77192,3247427,California
Los Angeles,2021-04-01,133821,5079693,62578,2612169,55764,2332523,15479,135001,71643,1466552,61806,1867917,87042,3334469,California
Los Angeles,2021-04-02,132680,5212373,59123,2671292,57952,2390475,15605,150606,70480,1490738,61848,1929765,86034,3420503,California
Los Angeles,2021-04-03,98971,5311344,45338,2716630,39956,2430431,13677,164283,48706,1502989,50064,1979829,62315,3482818,California
Los Angeles,2021-04-04,39316,5350660,20590,2737220,12073,2442504,6653,170936,16388,1503152,22836,2002665,22999,3505817,California
Los Angeles,2021-04-05,94281,5444941,44566,2781786,39380,2481884,10335,181271,44700,1508756,49361,2052026,54965,3560782,California
Los Angeles,2021-04-06,121594,5566535,57257,2839043,43957,2525841,20380,201651,55645,1518980,65678,2117704,75902,3636684,California
Los Angeles,2021-04-07,120794,5687329,54752,2893795,44763,2570604,21279,222930,54542,1528688,65976,2183680,75684,3712368,California
Los Angeles,2021-04-08,133610,5820939,58716,2952511,50647,2621251,24247,247177,60297,1540086,72975,2256655,84373,3796741,California
Los Angeles,2021-04-09,132403,5953342,57313,3009824,50977,2672228,24113,271290,56661,1545279,75414,2332069,80607,3877348,California
Los Angeles,2021-04-10,102083,6055425,43131,3052955,34733,2706961,24219,295509,37374,1542295,64451,2396520,61467,3938815,California
Los Angeles,2021-04-11,41994,6097419,22691,3075646,9803,2716764,9500,305009,14389,1538605,27515,2424035,23825,3962640,California
Los Angeles,2021-04-12,79508,6176927,38799,3114445,34283,2751047,6426,311435,32559,1530818,46727,2470762,38940,4001580,California
Los Angeles,2021-04-13,118277,6295204,59431,3173876,58409,2809456,437,311872,62467,1538215,55542,2526304,62939,4064519,California
Los Angeles,2021-04-14,120036,6415240,59910,3233786,59991,2869447,135,312007,65014,1548673,54730,2581034,65188,4129707,California
Los Angeles,2021-04-15,131335,6546575,70853,3304639,60288,2929735,194,312201,75301,1568343,55733,2636767,75403,4205110,California
Los Angeles,2021-04-16,131675,6678250,69472,3374111,62057,2991792,146,312347,69503,1576195,61846,2698613,69698,4274808,California
Los Angeles,2021-04-17,99546,6777796,52103,3426214,47413,3039205,30,312377,56990,1590978,42318,2740931,57101,4331909,California
Los Angeles,2021-04-18,34509,6812305,22898,3449112,11610,3050815,1,312378,18955,1594498,15468,2756399,18988,4350897,California
Los Angeles,2021-04-19,77057,6889362,40348,3489460,36691,3087506,18,312396,34618,1586998,42225,2798624,34725,4385622,California
Los Angeles,2021-04-20,103525,6992887,50393,3539853,53102,3140608,30,312426,51391,1586615,51883,2850507,51500,4437122,California
Los Angeles,2021-04-21,111163,7104050,52968,3592821,58008,3198616,187,312613,49274,1574580,61544,2912051,49509,4486631,California
Los Angeles,2021-04-22,116708,7220758,59821,3652642,56854,3255470,33,312646,51434,1561125,64936,2976987,51481,4538112,California
Los Angeles,2021-04-23,116180,7336938,63056,3715698,53103,3308573,21,312667,55456,1556203,60406,3037393,55484,4593596,California
Los Angeles,2021-04-24,90398,7427336,57465,3773163,32891,3341464,42,312709,50479,1567057,39680,3077073,50534,4644130,California
Los Angeles,2021-04-25,37987,7465323,25147,3798310,12834,3354298,6,312715,20433,1570058,17438,3094511,20439,4664569,California
Los Angeles,2021-04-26,78132,7543455,40338,3838648,37283,3391581,511,313226,38578,1569816,39330,3133841,39088,4703657,California
Los Angeles,2021-04-27,94419,7637874,45038,3883686,47375,3438956,2006,315232,36477,1550639,57649,3191490,38472,4742129,California
Los Angeles,2021-04-28,86410,7724284,41235,3924921,43080,3482036,2095,317327,34113,1534890,51950,3243440,36201,4778330,California
Los Angeles,2021-04-29,93121,7817405,45923,3970844,44981,3527017,2217,319544,33604,1511588,59117,3302557,35815,4814145,California
Los Angeles,2021-04-30,101057,7918462,49724,4020568,48875,3575892,2458,322002,37044,1487511,63566,3366123,39489,4853634,California
Los Angeles,2021-05-01,75531,7993993,42222,4062790,31791,3607683,1518,323520,28427,1470666,46787,3412910,29942,4883576,California
Los Angeles,2021-05-02,28051,8022044,18012,4080802,9298,3616981,741,324261,10170,1463810,17765,3430675,10909,4894485,California
Los Angeles,2021-05-03,62379,8084423,30212,4111014,29939,3646920,2228,326489,22605,1449115,39512,3470187,24817,4919302,California
Los Angeles,2021-05-04,87001,8171424,47799,4158813,36904,3683824,2298,328787,27343,1419402,59340,3529527,29627,4948929,California
Los Angeles,2021-05-05,89972,8261396,52088,4210901,35492,3719316,2392,331179,25065,1382290,64560,3594087,27448,4976377,California
Los Angeles,2021-05-06,96874,8358270,58023,4268924,36332,3755648,2519,333698,23062,1334425,73434,3667521,25569,5001946,California
Los Angeles,2021-05-07,96903,8455173,57497,4326421,37025,3792673,2381,336079,26794,1293825,69750,3737271,29150,5031096,California
Los Angeles,2021-05-08,64724,8519897,42604,4369025,20422,3813095,1698,337777,17637,1266388,46767,3784038,19330,5050426,California
Los Angeles,2021-05-09,23720,8543617,18056,4387081,4922,3818017,742,338519,6027,1255554,17596,3801634,6762,5057188,California
Los Angeles,2021-05-10,49335,8592952,25971,4413052,21477,3839494,1887,340406,14985,1238294,34123,3835757,16863,5074051,California
Los Angeles,2021-05-11,69095,8662047,37034,4450086,29927,3869421,2134,342540,17916,1207409,50915,3886672,20030,5094081,California
Los Angeles,2021-05-12,70693,8732740,38330,4488416,30084,3899505,2279,344819,20491,1180255,49902,3936574,22748,5116829,California
Los Angeles,2021-05-13,75428,8808168,45529,4533945,28201,3927706,1698,346517,27347,1161586,47702,3984276,29033,5145862,California
Los Angeles,2021-05-14,87346,8895514,55278,4589223,30235,3957941,1833,348350,32979,1142360,54026,4038302,34800,5180662,California
Los Angeles,2021-05-15,75057,8970571,52509,4641732,21038,3978979,1510,349860,28880,1126837,45902,4084204,30379,5211041,California
Los Angeles,2021-05-16,30543,9001114,24150,4665882,5783,3984762,610,350470,12023,1121042,18423,4102627,12628,5223669,California
Los Angeles,2021-05-17,61896,9063010,40063,4705945,20048,4004810,1785,352255,25174,1111496,36478,4139105,26932,5250601,California
Los Angeles,2021-05-18,64901,9127911,38279,4744224,24783,4029593,1839,354094,25802,1100273,38830,4177935,27607,5278208,California
Los Angeles,2021-05-19,67408,9195319,40631,4784855,24935,4054528,1842,355936,29391,1093732,37757,4215692,31216,5309424,California
Los Angeles,2021-05-20,66132,9261451,36893,4821748,27159,4081687,2080,358016,25580,1081204,40181,4255873,27653,5337077,California
Los Angeles,2021-05-21,69922,9331373,42390,4864138,25456,4107143,2076,360092,27678,1069071,41873,4297746,29740,5366817,California
Los Angeles,2021-05-22,57072,9388445,37192,4901330,18226,4125369,1654,361746,23174,1060221,33663,4331409,24813,5391630,California
Los Angeles,2021-05-23,23447,9411892,16139,4917469,6467,4131836,841,362587,10483,1058701,12840,4344249,11320,5402950,California
Los Angeles,2021-05-24,48340,9460232,26484,4943953,20004,4151840,1852,364439,18308,1049042,29807,4374056,20148,5423098,California
Los Angeles,2021-05-25,49676,9509908,28770,4972723,19141,4170981,1765,366204,19323,1040021,30104,4404160,21083,5444181,California
Los Angeles,2021-05-26,47036,9556944,26577,4999300,18624,4189605,1835,368039,19976,1035084,26630,4430790,21693,5465874,California
Los Angeles,2021-05-27,45419,9602363,25335,5024635,18201,4207806,1883,369922,19067,1029880,26110,4456900,20906,5486780,California
Los Angeles,2021-05-28,52133,9654496,29569,5054204,20669,4228475,1895,371817,23339,1026601,28502,4485402,25223,5512003,California
Los Angeles,2021-05-29,30342,9684838,17526,5071730,11776,4240251,1040,372857,14242,1025968,15904,4501306,15271,5527274,California
Los Angeles,2021-05-30,12471,9697309,8182,5079912,3558,4243809,731,373588,5930,1026134,6488,4507794,6654,5533928,California
Los Angeles,2021-05-31,6036,9703345,3731,5083643,2000,4245809,305,373893,1739,1023933,4242,4512036,2041,5535969,California
Los Angeles,2021-06-01,46069,9749414,25859,5109502,18637,4264446,1573,375466,17705,1015160,28027,4540063,19254,5555223,California
Los Angeles,2021-06-02,38421,9787835,22189,5131691,14783,4279229,1449,376915,15394,1009227,22749,4562812,16816,5572039,California
Los Angeles,2021-06-03,42709,9830544,28282,5159973,12875,4292104,1552,378467,15322,998959,27126,4589938,16858,5588897,California
Los Angeles,2021-06-04,52176,9882720,35269,5195242,15237,4307341,1670,380137,17418,983611,34415,4624353,19067,5607964,California
Los Angeles,2021-06-05,42344,9925064,30367,5225609,10607,4317948,1370,381507,12819,968447,29338,4653691,14174,5622138,California
Los Angeles,2021-06-06,14621,9939685,12066,5237675,1824,4319772,731,382238,4097,962813,10457,4664148,4823,5626961,California
Los Angeles,2021-06-07,36744,9976429,26227,5263902,9072,4328844,1445,383683,11865,951423,24686,4688834,13296,5640257,California
Los Angeles,2021-06-08,38206,10014635,26321,5290223,10318,4339162,1567,385250,13032,941124,24884,4713718,14585,5654842,California
Los Angeles,2021-06-09,39657,10054292,28004,5318227,10138,4349300,1515,386765,11781,926766,27633,4741351,13275,5668117,California
Los Angeles,2021-06-10,35978,10090270,24816,5343043,9589,4358889,1573,388338,11516,915594,24244,4765595,13072,5681189,California
Los Angeles,2021-06-11,40891,10131161,28018,5371061,11218,4370107,1655,389993,13525,903686,27074,4792669,15166,5696355,California
Los Angeles,2021-06-12,32731,10163892,23472,5394533,8045,4378152,1214,391207,9915,892149,22654,4815323,11117,5707472,California
Los Angeles,2021-06-13,11442,10175334,8182,5402715,2625,4380777,635,391842,2727,886855,8650,4823973,3356,5710828,California
Los Angeles,2021-06-14,32215,10207549,23145,5425860,7718,4388495,1352,393194,11508,879176,20523,4844496,12844,5723672,California
Los Angeles,2021-06-15,33505,10241054,22502,5448362,9332,4397827,1671,394865,11692,871049,21465,4865961,13338,5737010,California
Los Angeles,2021-06-16,31630,10272684,21774,5470136,8161,4405988,1695,396560,11131,863589,20279,4886240,12819,5749829,California
Los Angeles,2021-06-17,27836,10300520,18946,5489082,7568,4413556,1322,397882,10428,858160,17165,4903405,11736,5761565,California
Los Angeles,2021-06-18,32538,10333058,22524,5511606,8502,4422058,1512,399394,11790,851050,20392,4923797,13282,5774847,California
Los Angeles,2021-06-19,20616,10353674,13992,5525598,5617,4427675,1007,400401,7808,847308,12542,4936339,8800,5783647,California
Los Angeles,2021-06-20,1656,10355330,982,5526580,386,4428061,288,400689,636,847222,1009,4937348,923,5784570,California
Madera,2020-12-16,21,21,21,21,0,0,0,0,21,21,0,0,21,21,California
Madera,2020-12-17,12,33,12,33,0,0,0,0,12,33,0,0,12,33,California
Madera,2020-12-18,60,93,60,93,0,0,0,0,60,93,0,0,60,93,California
Madera,2020-12-19,5,98,5,98,0,0,0,0,5,98,0,0,5,98,California
Madera,2020-12-20,13,111,13,111,0,0,0,0,13,111,0,0,13,111,California
Madera,2020-12-21,59,170,59,170,0,0,0,0,59,170,0,0,59,170,California
Madera,2020-12-22,94,264,92,262,2,2,0,0,94,264,0,0,94,264,California
Madera,2020-12-23,67,331,67,329,0,2,0,0,67,331,0,0,67,331,California
Madera,2020-12-24,43,374,38,367,5,7,0,0,43,374,0,0,43,374,California
Madera,2020-12-26,27,401,26,393,1,8,0,0,27,401,0,0,27,401,California
Madera,2020-12-27,27,428,12,405,15,23,0,0,27,428,0,0,27,428,California
Madera,2020-12-28,107,535,36,441,71,94,0,0,107,535,0,0,107,535,California
Madera,2020-12-29,175,710,37,478,138,232,0,0,175,710,0,0,175,710,California
Madera,2020-12-30,224,934,87,565,137,369,0,0,224,934,0,0,224,934,California
Madera,2020-12-31,203,1137,80,645,123,492,0,0,203,1137,0,0,203,1137,California
Madera,2021-01-01,2,1139,1,646,1,493,0,0,2,1139,0,0,2,1139,California
Madera,2021-01-02,88,1227,33,679,55,548,0,0,88,1227,0,0,88,1227,California
Madera,2021-01-03,4,1231,4,683,0,548,0,0,4,1231,0,0,4,1231,California
Madera,2021-01-04,129,1360,66,749,63,611,0,0,129,1360,0,0,129,1360,California
Madera,2021-01-05,278,1638,143,892,135,746,0,0,274,1630,4,4,274,1634,California
Madera,2021-01-06,183,1821,26,918,157,903,0,0,164,1775,19,23,164,1798,California
Madera,2021-01-07,399,2220,117,1035,282,1185,0,0,376,2129,23,46,377,2175,California
Madera,2021-01-08,421,2641,71,1106,350,1535,0,0,366,2442,54,100,367,2542,California
Madera,2021-01-09,36,2677,14,1120,22,1557,0,0,27,2460,9,109,27,2569,California
Madera,2021-01-10,17,2694,14,1134,3,1560,0,0,5,2453,12,121,5,2574,California
Madera,2021-01-11,237,2931,190,1324,47,1607,0,0,196,2608,41,162,196,2770,California
Madera,2021-01-12,387,3318,155,1479,232,1839,0,0,285,2791,102,264,285,3055,California
Madera,2021-01-13,180,3498,90,1569,90,1929,0,0,126,2864,54,318,127,3182,California
Madera,2021-01-14,552,4050,80,1649,472,2401,0,0,520,3352,32,350,520,3702,California
Madera,2021-01-15,597,4647,156,1805,441,2842,0,0,576,3907,21,371,576,4278,California
Madera,2021-01-16,388,5035,49,1854,339,3181,0,0,360,4239,28,399,360,4638,California
Madera,2021-01-17,335,5370,15,1869,320,3501,0,0,331,4566,4,403,331,4969,California
Madera,2021-01-18,78,5448,62,1931,16,3517,0,0,59,4607,18,421,59,5028,California
Madera,2021-01-19,571,6019,134,2065,437,3954,0,0,545,5127,26,447,546,5574,California
Madera,2021-01-20,239,6258,81,2146,158,4112,0,0,211,5311,27,474,211,5785,California
Madera,2021-01-21,238,6496,128,2274,110,4222,0,0,204,5483,32,506,204,5989,California
Madera,2021-01-22,259,6755,82,2356,177,4399,0,0,243,5711,16,522,244,6233,California
Madera,2021-01-23,100,6855,54,2410,46,4445,0,0,76,5763,24,546,76,6309,California
Madera,2021-01-24,97,6952,81,2491,16,4461,0,0,78,5822,19,565,78,6387,California
Madera,2021-01-25,272,7224,126,2617,146,4607,0,0,148,5846,124,689,148,6535,California
Madera,2021-01-26,493,7717,188,2805,305,4912,0,0,301,5957,191,880,302,6837,California
Madera,2021-01-27,747,8464,63,2868,684,5596,0,0,609,6430,138,1018,611,7448,California
Madera,2021-01-28,548,9012,109,2977,439,6035,0,0,442,6767,106,1124,443,7891,California
Madera,2021-01-29,470,9482,94,3071,376,6411,0,0,415,7127,55,1179,415,8306,California
Madera,2021-01-30,505,9987,16,3087,489,6900,0,0,452,7526,53,1232,452,8758,California
Madera,2021-01-31,9,9996,6,3093,3,6903,0,0,8,7533,1,1233,8,8766,California
Madera,2021-02-01,334,10330,148,3241,186,7089,0,0,208,7615,126,1359,208,8974,California
Madera,2021-02-02,254,10584,89,3330,165,7254,0,0,161,7685,92,1451,162,9136,California
Madera,2021-02-03,597,11181,463,3793,134,7388,0,0,478,8047,117,1568,479,9615,California
Madera,2021-02-04,394,11575,126,3919,268,7656,0,0,117,7889,276,1844,118,9733,California
Madera,2021-02-05,984,12559,301,4220,683,8339,0,0,377,7666,601,2445,378,10111,California
Madera,2021-02-06,365,12924,331,4551,34,8373,0,0,325,7952,39,2484,325,10436,California
Madera,2021-02-07,34,12958,6,4557,28,8401,0,0,29,7976,5,2489,29,10465,California
Madera,2021-02-08,389,13347,313,4870,76,8477,0,0,273,8134,115,2604,273,10738,California
Madera,2021-02-09,486,13833,118,4988,368,8845,0,0,203,8058,280,2884,204,10942,California
Madera,2021-02-10,435,14268,149,5137,286,9131,0,0,332,8287,103,2987,332,11274,California
Madera,2021-02-11,936,15204,307,5444,629,9760,0,0,404,8162,530,3517,405,11679,California
Madera,2021-02-12,837,16041,114,5558,723,10483,0,0,311,7956,520,4037,314,11993,California
Madera,2021-02-13,487,16528,46,5604,441,10924,0,0,138,7749,348,4385,141,12134,California
Madera,2021-02-14,399,16927,74,5678,325,11249,0,0,136,7623,263,4648,137,12271,California
Madera,2021-02-15,245,17172,99,5777,146,11395,0,0,174,7727,70,4718,174,12445,California
Madera,2021-02-16,776,17948,179,5956,597,11992,0,0,228,7410,546,5264,229,12674,California
Madera,2021-02-17,616,18564,278,6234,338,12330,0,0,345,7493,264,5528,347,13021,California
Madera,2021-02-18,1302,19866,540,6774,762,13092,0,0,1121,8436,179,5707,1122,14143,California
Madera,2021-02-19,858,20724,540,7314,318,13410,0,0,714,9007,144,5851,715,14858,California
Madera,2021-02-20,1076,21800,987,8301,89,13499,0,0,1005,9943,70,5921,1006,15864,California
Madera,2021-02-21,964,22764,823,9124,141,13640,0,0,959,10897,5,5926,959,16823,California
Madera,2021-02-22,918,23682,839,9963,79,13719,0,0,860,11699,58,5984,860,17683,California
Madera,2021-02-23,737,24419,464,10427,273,13992,0,0,524,12011,212,6196,524,18207,California
Madera,2021-02-24,917,25336,303,10730,614,14606,0,0,385,11865,531,6727,385,18592,California
Madera,2021-02-25,1034,26370,314,11044,720,15326,0,0,599,12031,433,7160,599,19191,California
Madera,2021-02-26,1087,27457,199,11243,888,16214,0,0,702,12350,383,7543,702,19893,California
Madera,2021-02-27,934,28391,294,11537,640,16854,0,0,499,12420,432,7975,502,20395,California
Madera,2021-02-28,195,28586,28,11565,167,17021,0,0,190,12605,5,7980,190,20585,California
Madera,2021-03-01,380,28966,121,11686,259,17280,0,0,197,12621,181,8161,197,20782,California
Madera,2021-03-02,757,29723,349,12035,408,17688,0,0,643,13154,112,8273,645,21427,California
Madera,2021-03-03,1364,31087,734,12769,630,18318,0,0,955,13731,406,8679,983,22410,California
Madera,2021-03-04,1210,32297,531,13300,679,18997,0,0,955,14433,256,8935,958,23368,California
Madera,2021-03-05,1370,33667,420,13720,937,19934,13,13,1085,15259,283,9218,1109,24477,California
Madera,2021-03-06,826,34493,643,14363,151,20085,32,45,505,15477,320,9538,538,25015,California
Madera,2021-03-07,154,34647,26,14389,106,20191,22,67,105,15555,49,9587,127,25142,California
Madera,2021-03-08,603,35250,337,14726,207,20398,59,126,305,15623,298,9885,366,25508,California
Madera,2021-03-09,603,35853,297,15023,273,20671,33,159,413,15887,188,10073,452,25960,California
Madera,2021-03-10,1194,37047,559,15582,557,21228,78,237,762,16301,427,10500,841,26801,California
Madera,2021-03-11,1695,38742,875,16457,493,21721,327,564,776,16498,917,11417,1114,27915,California
Madera,2021-03-12,1582,40324,818,17275,613,22334,151,715,803,16706,776,12193,984,28899,California
Madera,2021-03-13,1892,42216,1335,18610,360,22694,197,912,820,16671,1069,13262,1034,29933,California
Madera,2021-03-14,587,42803,449,19059,105,22799,33,945,294,16708,290,13552,327,30260,California
Madera,2021-03-15,748,43551,233,19292,470,23269,45,990,516,17075,229,13781,596,30856,California
Madera,2021-03-16,939,44490,531,19823,361,23630,47,1037,747,17697,189,13970,811,31667,California
Madera,2021-03-17,1477,45967,983,20806,431,24061,63,1100,913,18212,555,14525,1070,32737,California
Madera,2021-03-18,1960,47927,684,21490,1211,25272,65,1165,977,18367,977,15502,1132,33869,California
Madera,2021-03-19,1594,49521,587,22077,925,26197,82,1247,1038,19016,552,16054,1201,35070,California
Madera,2021-03-20,1194,50715,783,22860,360,26557,51,1298,609,19159,583,16637,726,35796,California
Madera,2021-03-21,1113,51828,910,23770,155,26712,48,1346,387,18872,723,17360,436,36232,California
Madera,2021-03-22,1370,53198,863,24633,441,27153,66,1412,689,18997,678,18038,803,37035,California
Madera,2021-03-23,1415,54613,862,25495,467,27620,86,1498,674,19101,740,18778,844,37879,California
Madera,2021-03-24,956,55569,513,26008,411,28031,32,1530,612,19408,341,19119,648,38527,California
Madera,2021-03-25,1178,56747,533,26541,621,28652,24,1554,650,19577,518,19637,687,39214,California
Madera,2021-03-26,1520,58267,578,27119,808,29460,134,1688,719,19637,797,20434,857,40071,California
Madera,2021-03-27,933,59200,608,27727,302,29762,23,1711,417,19566,512,20946,441,40512,California
Madera,2021-03-28,438,59638,150,27877,228,29990,60,1771,205,19693,232,21178,359,40871,California
Madera,2021-03-29,694,60332,184,28061,480,30470,30,1801,498,20033,192,21370,532,41403,California
Madera,2021-03-30,1076,61408,606,28667,439,30909,31,1832,480,19952,593,21963,512,41915,California
Madera,2021-03-31,1395,62803,544,29211,723,31632,128,1960,425,19542,964,22927,554,42469,California
Madera,2021-04-01,1404,64207,627,29838,726,32358,51,2011,490,19177,904,23831,539,43008,California
Madera,2021-04-02,1610,65817,461,30299,1090,33448,59,2070,478,18594,1121,24952,538,43546,California
Madera,2021-04-03,963,66780,765,31064,179,33627,19,2089,393,18449,568,25520,423,43969,California
Madera,2021-04-04,186,66966,64,31128,120,33747,2,2091,85,18436,101,25621,88,44057,California
Madera,2021-04-05,735,67701,255,31383,422,34169,58,2149,340,18454,394,26015,412,44469,California
Madera,2021-04-06,1716,69417,892,32275,468,34637,356,2505,536,18168,1178,27193,892,45361,California
Madera,2021-04-07,1238,70655,388,32663,702,35339,148,2653,427,17940,808,28001,580,45941,California
Madera,2021-04-08,1733,72388,668,33331,801,36140,264,2917,557,17598,1169,29170,827,46768,California
Madera,2021-04-09,1645,74033,694,34025,805,36945,146,3063,948,18004,692,29862,1098,47866,California
Madera,2021-04-10,981,75014,687,34712,225,37170,69,3132,713,18518,269,30131,783,48649,California
Madera,2021-04-11,817,75831,663,35375,75,37245,79,3211,287,18355,527,30658,364,49013,California
Madera,2021-04-12,814,76645,291,35666,446,37691,77,3288,311,18241,503,31161,389,49402,California
Madera,2021-04-13,1250,77895,615,36281,592,38283,43,3331,728,18502,520,31681,781,50183,California
Madera,2021-04-14,1406,79301,866,37147,540,38823,0,3331,581,18265,824,32505,587,50770,California
Madera,2021-04-15,1187,80488,512,37659,674,39497,1,3332,430,17953,745,33250,433,51203,California
Madera,2021-04-16,1362,81850,541,38200,821,40318,0,3332,376,17357,974,34224,378,51581,California
Madera,2021-04-17,1301,83151,1092,39292,209,40527,0,3332,775,17613,524,34748,780,52361,California
Madera,2021-04-18,250,83401,210,39502,40,40567,0,3332,90,17546,158,34906,91,52452,California
Madera,2021-04-19,814,84215,241,39743,572,41139,1,3333,282,17302,526,35432,282,52734,California
Madera,2021-04-20,873,85088,429,40172,444,41583,0,3333,220,16874,650,36082,222,52956,California
Madera,2021-04-21,861,85949,456,40628,405,41988,0,3333,294,16604,566,36648,296,53252,California
Madera,2021-04-22,1076,87025,514,41142,562,42550,0,3333,373,16279,699,37347,374,53626,California
Madera,2021-04-23,969,87994,304,41446,665,43215,0,3333,335,15985,629,37976,335,53961,California
Madera,2021-04-24,713,88707,469,41915,244,43459,0,3333,250,15777,459,38435,251,54212,California
Madera,2021-04-25,265,88972,158,42073,104,43563,3,3336,117,15754,144,38579,121,54333,California
Madera,2021-04-26,556,89528,99,42172,451,44014,6,3342,128,15463,425,39004,134,54467,California
Madera,2021-04-27,621,90149,274,42446,322,44336,25,3367,314,15497,306,39310,340,54807,California
Madera,2021-04-28,502,90651,198,42644,285,44621,19,3386,244,15503,256,39566,262,55069,California
Madera,2021-04-29,556,91207,245,42889,283,44904,28,3414,260,15503,289,39855,289,55358,California
Madera,2021-04-30,937,92144,506,43395,414,45318,17,3431,271,15131,660,40515,288,55646,California
Madera,2021-05-01,969,93113,870,44265,85,45403,14,3445,389,14955,579,41094,403,56049,California
Madera,2021-05-02,396,93509,349,44614,43,45446,4,3449,145,14853,251,41345,149,56198,California
Madera,2021-05-03,497,94006,197,44811,260,45706,40,3489,99,14597,395,41740,139,56337,California
Madera,2021-05-04,903,94909,433,45244,426,46132,44,3533,212,14162,691,42431,256,56593,California
Madera,2021-05-05,1011,95920,479,45723,471,46603,61,3594,277,13768,732,43163,338,56931,California
Madera,2021-05-06,700,96620,246,45969,421,47024,33,3627,153,13412,542,43705,186,57117,California
Madera,2021-05-07,807,97427,277,46246,509,47533,21,3648,194,13019,607,44312,214,57331,California
Madera,2021-05-08,971,98398,758,47004,202,47735,11,3659,185,12430,785,45097,196,57527,California
Madera,2021-05-09,145,98543,20,47024,114,47849,11,3670,35,12367,109,45206,46,57573,California
Madera,2021-05-10,361,98904,74,47098,275,48124,12,3682,100,12219,260,45466,112,57685,California
Madera,2021-05-11,531,99435,180,47278,342,48466,9,3691,173,12045,356,45822,182,57867,California
Madera,2021-05-12,507,99942,230,47508,241,48707,36,3727,127,11830,378,46200,163,58030,California
Madera,2021-05-13,510,100452,308,47816,170,48877,32,3759,179,11712,329,46529,211,58241,California
Madera,2021-05-14,530,100982,266,48082,240,49117,24,3783,235,11679,292,46821,259,58500,California
Madera,2021-05-15,563,101545,478,48560,77,49194,8,3791,364,11854,197,47018,372,58872,California
Madera,2021-05-16,258,101803,187,48747,39,49233,32,3823,107,11842,151,47169,139,59011,California
Madera,2021-05-17,453,102256,191,48938,233,49466,29,3852,207,11835,243,47412,236,59247,California
Madera,2021-05-18,549,102805,367,49305,159,49625,23,3875,290,11893,255,47667,313,59560,California
Madera,2021-05-19,490,103295,224,49529,244,49869,22,3897,218,11862,271,47938,240,59800,California
Madera,2021-05-20,590,103885,270,49799,282,50151,38,3935,233,11782,351,48289,271,60071,California
Madera,2021-05-21,504,104389,192,49991,284,50435,28,3963,194,11699,305,48594,222,60293,California
Madera,2021-05-22,904,105293,819,50810,73,50508,12,3975,532,11872,371,48965,544,60837,California
Madera,2021-05-23,263,105556,236,51046,17,50525,10,3985,139,11898,123,49088,149,60986,California
Madera,2021-05-24,301,105857,135,51181,125,50650,41,4026,117,11873,183,49271,158,61144,California
Madera,2021-05-25,382,106239,168,51349,181,50831,33,4059,154,11834,226,49497,187,61331,California
Madera,2021-05-26,444,106683,259,51608,163,50994,22,4081,237,11889,204,49701,259,61590,California
Madera,2021-05-27,378,107061,136,51744,204,51198,38,4119,137,11827,237,49938,175,61765,California
Madera,2021-05-28,450,107511,173,51917,249,51447,28,4147,180,11767,268,50206,208,61973,California
Madera,2021-05-29,306,107817,215,52132,73,51520,18,4165,167,11813,139,50345,185,62158,California
Madera,2021-05-30,61,107878,27,52159,30,51550,4,4169,28,11813,32,50377,32,62190,California
Madera,2021-05-31,26,107904,9,52168,13,51563,4,4173,12,11815,14,50391,16,62206,California
Madera,2021-06-01,292,108196,148,52316,121,51684,23,4196,111,11770,179,50570,134,62340,California
Madera,2021-06-02,397,108593,127,52443,247,51931,23,4219,120,11637,276,50846,143,62483,California
Madera,2021-06-03,280,108873,149,52592,116,52047,15,4234,91,11554,189,51035,106,62589,California
Madera,2021-06-04,381,109254,244,52836,126,52173,11,4245,151,11487,229,51264,162,62751,California
Madera,2021-06-05,512,109766,385,53221,114,52287,13,4258,147,11287,360,51624,160,62911,California
Madera,2021-06-06,134,109900,114,53335,13,52300,7,4265,38,11236,96,51720,45,62956,California
Madera,2021-06-07,252,110152,157,53492,74,52374,21,4286,46,11097,206,51926,67,63023,California
Madera,2021-06-08,387,110539,273,53765,93,52467,21,4307,99,10929,288,52214,120,63143,California
Madera,2021-06-09,374,110913,237,54002,110,52577,27,4334,142,10867,231,52445,169,63312,California
Madera,2021-06-10,341,111254,196,54198,129,52706,16,4350,116,10776,223,52668,132,63444,California
Madera,2021-06-11,380,111634,220,54418,128,52834,32,4382,169,10765,210,52878,199,63643,California
Madera,2021-06-12,578,112212,508,54926,54,52888,16,4398,95,10393,483,53361,111,63754,California
Madera,2021-06-13,190,112402,156,55082,29,52917,5,4403,53,10315,136,53497,58,63812,California
Madera,2021-06-14,223,112625,160,55242,41,52958,22,4425,87,10291,133,53630,109,63921,California
Madera,2021-06-15,360,112985,249,55491,78,53036,33,4458,154,10274,204,53834,187,64108,California
Madera,2021-06-16,321,113306,246,55737,61,53097,14,4472,117,10205,200,54034,131,64239,California
Madera,2021-06-17,256,113562,125,55862,121,53218,10,4482,97,10154,158,54192,107,64346,California
Madera,2021-06-18,264,113826,168,56030,73,53291,23,4505,114,10141,149,54341,136,64482,California
Madera,2021-06-19,252,114078,202,56232,41,53332,9,4514,82,10062,170,54511,91,64573,California
Madera,2021-06-20,22,114100,15,56247,1,53333,6,4520,13,10072,9,54520,19,64592,California
Marin,2020-12-15,2,2,2,2,0,0,0,0,2,2,0,0,2,2,California
Marin,2020-12-16,109,111,109,111,0,0,0,0,109,111,0,0,109,111,California
Marin,2020-12-17,270,381,270,381,0,0,0,0,270,381,0,0,270,381,California
Marin,2020-12-18,387,768,387,768,0,0,0,0,387,768,0,0,387,768,California
Marin,2020-12-19,346,1114,345,1113,1,1,0,0,346,1114,0,0,346,1114,California
Marin,2020-12-20,166,1280,165,1278,1,2,0,0,166,1280,0,0,166,1280,California
Marin,2020-12-21,237,1517,234,1512,3,5,0,0,237,1517,0,0,237,1517,California
Marin,2020-12-22,519,2036,314,1826,205,210,0,0,519,2036,0,0,519,2036,California
Marin,2020-12-23,725,2761,314,2140,411,621,0,0,725,2761,0,0,725,2761,California
Marin,2020-12-24,355,3116,158,2298,197,818,0,0,355,3116,0,0,355,3116,California
Marin,2020-12-25,26,3142,0,2298,26,844,0,0,26,3142,0,0,26,3142,California
Marin,2020-12-26,144,3286,95,2393,49,893,0,0,144,3286,0,0,144,3286,California
Marin,2020-12-27,90,3376,54,2447,36,929,0,0,90,3376,0,0,90,3376,California
Marin,2020-12-28,407,3783,97,2544,310,1239,0,0,407,3783,0,0,407,3783,California
Marin,2020-12-29,399,4182,88,2632,311,1550,0,0,399,4182,0,0,399,4182,California
Marin,2020-12-30,629,4811,390,3022,239,1789,0,0,629,4811,0,0,629,4811,California
Marin,2020-12-31,201,5012,35,3057,166,1955,0,0,200,5010,1,1,200,5011,California
Marin,2021-01-01,29,5041,14,3071,15,1970,0,0,29,5039,0,1,29,5040,California
Marin,2021-01-02,111,5152,105,3176,6,1976,0,0,111,5150,0,1,111,5151,California
Marin,2021-01-03,49,5201,31,3207,18,1994,0,0,45,5195,0,1,45,5196,California
Marin,2021-01-04,296,5497,193,3400,103,2097,0,0,295,5489,1,2,295,5491,California
Marin,2021-01-05,365,5862,217,3617,148,2245,0,0,322,5768,43,45,322,5813,California
Marin,2021-01-06,819,6681,317,3934,502,2747,0,0,638,6225,181,226,638,6451,California
Marin,2021-01-07,883,7564,494,4428,389,3136,0,0,529,6400,354,580,529,6980,California
Marin,2021-01-08,966,8530,511,4939,455,3591,0,0,582,6599,383,963,582,7562,California
Marin,2021-01-09,622,9152,221,5160,401,3992,0,0,493,6963,129,1092,493,8055,California
Marin,2021-01-10,132,9284,103,5263,29,4021,0,0,57,6945,75,1167,57,8112,California
Marin,2021-01-11,470,9754,326,5589,144,4165,0,0,248,6973,222,1389,250,8362,California
Marin,2021-01-12,932,10686,538,6127,394,4559,0,0,566,7177,362,1751,566,8928,California
Marin,2021-01-13,1170,11856,493,6620,677,5236,0,0,937,7881,233,1984,937,9865,California
Marin,2021-01-14,1064,12920,316,6936,748,5984,0,0,914,8647,148,2132,914,10779,California
Marin,2021-01-15,1160,14080,351,7287,809,6793,0,0,1031,9552,128,2260,1033,11812,California
Marin,2021-01-16,1122,15202,915,8202,207,7000,0,0,1046,10522,76,2336,1046,12858,California
Marin,2021-01-17,1233,16435,1114,9316,119,7119,0,0,1204,11701,28,2364,1207,14065,California
Marin,2021-01-18,361,16796,159,9475,202,7321,0,0,312,11964,49,2413,312,14377,California
Marin,2021-01-19,1155,17951,911,10386,244,7565,0,0,982,12774,172,2585,982,15359,California
Marin,2021-01-20,1797,19748,1209,11595,588,8153,0,0,1066,13122,719,3304,1067,16426,California
Marin,2021-01-21,1681,21429,1063,12658,618,8771,0,0,1324,14095,354,3658,1327,17753,California
Marin,2021-01-22,1713,23142,1095,13753,618,9389,0,0,1541,15466,172,3830,1543,19296,California
Marin,2021-01-23,1856,24998,1354,15107,502,9891,0,0,1770,17150,86,3916,1770,21066,California
Marin,2021-01-24,614,25612,165,15272,449,10340,0,0,582,17700,32,3948,582,21648,California
Marin,2021-01-25,1122,26734,229,15501,893,11233,0,0,686,17951,436,4384,687,22335,California
Marin,2021-01-26,1523,28257,780,16281,743,11976,0,0,1142,18713,380,4764,1142,23477,California
Marin,2021-01-27,1720,29977,890,17171,830,12806,0,0,1355,19706,363,5127,1356,24833,California
Marin,2021-01-28,2081,32058,1068,18239,1013,13819,0,0,1817,21261,263,5390,1818,26651,California
Marin,2021-01-29,2208,34266,1437,19676,771,14590,0,0,2011,23088,185,5575,2012,28663,California
Marin,2021-01-30,1720,35986,908,20584,812,15402,0,0,1642,24653,78,5653,1643,30306,California
Marin,2021-01-31,460,36446,324,20908,136,15538,0,0,433,25059,27,5680,433,30739,California
Marin,2021-02-01,1095,37541,416,21324,679,16217,0,0,896,25758,198,5878,897,31636,California
Marin,2021-02-02,1412,38953,493,21817,919,17136,0,0,747,25852,654,6532,748,32384,California
Marin,2021-02-03,1783,40736,421,22238,1362,18498,0,0,1277,26625,504,7036,1277,33661,California
Marin,2021-02-04,1523,42259,500,22738,1023,19521,0,0,924,26954,595,7631,924,34585,California
Marin,2021-02-05,2167,44426,672,23410,1495,21016,0,0,1331,27453,832,8463,1331,35916,California
Marin,2021-02-06,1428,45854,846,24256,582,21598,0,0,603,27232,824,9287,603,36519,California
Marin,2021-02-07,1290,47144,1006,25262,284,21882,0,0,489,26921,800,10087,489,37008,California
Marin,2021-02-08,1531,48675,752,26014,779,22661,0,0,730,26853,798,10885,730,37738,California
Marin,2021-02-09,1784,50459,1125,27139,659,23320,0,0,837,26743,947,11832,837,38575,California
Marin,2021-02-10,2335,52794,1491,28630,844,24164,0,0,1214,26839,1119,12951,1215,39790,California
Marin,2021-02-11,2864,55658,1638,30268,1226,25390,0,0,1444,26871,1415,14366,1447,41237,California
Marin,2021-02-12,3055,58713,1533,31801,1522,26912,0,0,1549,26918,1503,15869,1550,42787,California
Marin,2021-02-13,2323,61036,1243,33044,1080,27992,0,0,1119,26835,1202,17071,1119,43906,California
Marin,2021-02-14,815,61851,302,33346,513,28505,0,0,722,27465,93,17164,723,44629,California
Marin,2021-02-15,1216,63067,354,33700,862,29367,0,0,838,27926,378,17542,839,45468,California
Marin,2021-02-16,2470,65537,1052,34752,1418,30785,0,0,1504,28465,965,18507,1504,46972,California
Marin,2021-02-17,2097,67634,938,35690,1159,31944,0,0,1081,28532,1014,19521,1081,48053,California
Marin,2021-02-18,2412,70046,1587,37277,825,32769,0,0,1056,28235,1353,20874,1056,49109,California
Marin,2021-02-19,2787,72833,2177,39454,610,33379,0,0,1236,27935,1537,22411,1237,50346,California
Marin,2021-02-20,2623,75456,2156,41610,467,33846,0,0,1254,27830,1361,23772,1256,51602,California
Marin,2021-02-21,1330,76786,1131,42741,199,34045,0,0,947,28398,379,24151,947,52549,California
Marin,2021-02-22,1854,78640,1425,44166,429,34474,0,0,1226,28999,625,24776,1226,53775,California
Marin,2021-02-23,2898,81538,1668,45834,1230,35704,0,0,1940,29995,945,25721,1941,55716,California
Marin,2021-02-24,3538,85076,1637,47471,1901,37605,0,0,2270,31006,1260,26981,2271,57987,California
Marin,2021-02-25,4082,89158,1928,49399,2154,39759,0,0,2885,32705,1188,28169,2887,60874,California
Marin,2021-02-26,3664,92822,1996,51395,1668,41427,0,0,2643,34340,1009,29178,2644,63518,California
Marin,2021-02-27,2735,95557,1613,53008,1122,42549,0,0,1893,35398,837,30015,1895,65413,California
Marin,2021-02-28,1646,97203,923,53931,723,43272,0,0,1302,36359,341,30356,1302,66715,California
Marin,2021-03-01,2684,99887,1669,55600,1014,44286,1,1,1810,37306,864,31220,1811,68526,California
Marin,2021-03-02,2521,102408,1692,57292,829,45115,0,1,1722,38234,795,32015,1723,70249,California
Marin,2021-03-03,4366,106774,2430,59722,1932,47047,4,5,2826,39530,1534,33549,2830,73079,California
Marin,2021-03-04,3392,110166,1661,61383,1730,48777,1,6,2377,40903,1008,34557,2381,75460,California
Marin,2021-03-05,3061,113227,1166,62549,1883,50660,12,18,1796,41451,1260,35817,1808,77268,California
Marin,2021-03-06,3236,116463,2325,64874,835,51495,76,94,2661,43619,570,36387,2738,80006,California
Marin,2021-03-07,1390,117853,1173,66047,193,51688,24,118,993,44244,392,36779,1017,81023,California
Marin,2021-03-08,1886,119739,1386,67433,384,52072,116,234,1410,45298,472,37251,1526,82549,California
Marin,2021-03-09,2223,121962,1341,68774,771,52843,111,345,1544,46275,676,37927,1653,84202,California
Marin,2021-03-10,4475,126437,2517,71291,1663,54506,295,640,3231,48563,1239,39166,3527,87729,California
Marin,2021-03-11,4594,131031,1884,73175,2576,57082,134,774,3295,50700,1292,40458,3429,91158,California
Marin,2021-03-12,3974,135005,1548,74723,2076,59158,350,1124,1562,50211,2401,42859,1912,93070,California
Marin,2021-03-13,4100,139105,2870,77593,1160,60318,70,1194,2384,50948,1712,44571,2449,95519,California
Marin,2021-03-14,2293,141398,1105,78698,1071,61389,117,1311,706,50184,1585,46156,821,96340,California
Marin,2021-03-15,3241,144639,1773,80471,1420,62809,48,1359,1202,49407,2027,48183,1250,97590,California
Marin,2021-03-16,4293,148932,2317,82788,1610,64419,366,1725,1454,48390,2835,51018,1818,99408,California
Marin,2021-03-17,4205,153137,2286,85074,1870,66289,49,1774,2049,48343,2144,53162,2097,101505,California
Marin,2021-03-18,4479,157616,2262,87336,2142,68431,75,1849,2124,48202,2337,55499,2196,103701,California
Marin,2021-03-19,4477,162093,2287,89623,1969,70400,221,2070,2329,48612,2137,57636,2547,106248,California
Marin,2021-03-20,3594,165687,1992,91615,1489,71889,113,2183,1929,49000,1655,59291,2043,108291,California
Marin,2021-03-21,1536,167223,1138,92753,376,72265,22,2205,793,49075,740,60031,815,109106,California
Marin,2021-03-22,2478,169701,2145,94898,169,72434,164,2369,894,48555,1578,61609,1058,110164,California
Marin,2021-03-23,4254,173955,2201,97099,1923,74357,130,2499,1867,48173,2379,63988,1997,112161,California
Marin,2021-03-24,4460,178415,2911,100010,1438,75795,111,2610,1807,47449,2640,66628,1916,114077,California
Marin,2021-03-25,4659,183074,2843,102853,1743,77538,73,2683,2253,47381,2392,69020,2324,116401,California
Marin,2021-03-26,4312,187386,2346,105199,1752,79290,214,2897,2403,48105,1893,70913,2617,119018,California
Marin,2021-03-27,3701,191087,2665,107864,1019,80309,17,2914,1134,46698,2557,73470,1150,120168,California
Marin,2021-03-28,2386,193473,1722,109586,658,80967,6,2920,835,45995,1544,75014,841,121009,California
Marin,2021-03-29,2687,196160,2098,111684,564,81531,25,2945,1138,45612,1546,76560,1163,122172,California
Marin,2021-03-30,4658,200818,3650,115334,975,82506,33,2978,2952,46893,1704,78264,2985,125157,California
Marin,2021-03-31,5851,206669,4149,119483,1652,84158,50,3028,2550,46204,3289,81553,2600,127757,California
Marin,2021-04-01,4452,211121,2284,121767,1915,86073,253,3281,2111,46238,2329,83882,2363,130120,California
Marin,2021-04-02,3736,214857,1861,123628,1505,87578,370,3651,1998,46868,1730,85612,2360,132480,California
Marin,2021-04-03,3859,218716,2514,126142,968,88546,377,4028,1460,46320,2387,87999,1839,134319,California
Marin,2021-04-04,1643,220359,1239,127381,203,88749,201,4229,1199,47278,442,88441,1400,135719,California
Marin,2021-04-05,2205,222564,1536,128917,295,89044,374,4603,1269,47988,931,89372,1641,137360,California
Marin,2021-04-06,3973,226537,2108,131025,1309,90353,556,5159,2209,48993,1758,91130,2763,140123,California
Marin,2021-04-07,3959,230496,1990,133015,1324,91677,645,5804,1431,48551,2518,93648,2076,142199,California
Marin,2021-04-08,5062,235558,1975,134990,2478,94155,609,6413,2308,48716,2742,96390,2907,145106,California
Marin,2021-04-09,3997,239555,1561,136551,1703,95858,733,7146,1321,48096,2671,99061,2051,147157,California
Marin,2021-04-10,3217,242772,1486,138037,1298,97156,433,7579,1450,48223,1752,100813,1879,149036,California
Marin,2021-04-11,1059,243831,808,138845,89,97245,162,7741,474,48275,583,101396,635,149671,California
Marin,2021-04-12,1732,245563,1235,140080,337,97582,160,7901,918,48543,811,102207,1079,150750,California
Marin,2021-04-13,3761,249324,2303,142383,1451,99033,7,7908,1389,47578,2361,104568,1396,152146,California
Marin,2021-04-14,4235,253559,2542,144925,1690,100723,3,7911,1733,46835,2477,107045,1734,153880,California
Marin,2021-04-15,5640,259199,3990,148915,1650,102373,0,7911,3237,47689,2389,109434,3243,157123,California
Marin,2021-04-16,4295,263494,2250,151165,2042,104415,3,7914,2092,47608,2187,111621,2106,159229,California
Marin,2021-04-17,3570,267064,2173,153338,1397,105812,0,7914,1782,47618,1782,113403,1792,161021,California
Marin,2021-04-18,3189,270253,3098,156436,91,105903,0,7914,2553,49545,633,114036,2560,163581,California
Marin,2021-04-19,2048,272301,1881,158317,167,106070,0,7914,1159,49828,884,114920,1167,164748,California
Marin,2021-04-20,3689,275990,2549,160866,1140,107210,0,7914,1466,49080,2215,117135,1467,166215,California
Marin,2021-04-21,4008,279998,2943,163809,1062,108272,3,7917,1353,47796,2638,119773,1354,167569,California
Marin,2021-04-22,4226,284224,3221,167030,1005,109277,0,7917,1486,46557,2729,122502,1490,169059,California
Marin,2021-04-23,3209,287433,1802,168832,1407,110684,0,7917,1216,45794,1980,124482,1217,170276,California
Marin,2021-04-24,2508,289941,1679,170511,829,111513,0,7917,914,45126,1582,126064,914,171190,California
Marin,2021-04-25,1375,291316,1261,171772,114,111627,0,7917,303,44366,1063,127127,303,171493,California
Marin,2021-04-26,1614,292930,1389,173161,222,111849,3,7920,386,43531,1225,128352,390,171883,California
Marin,2021-04-27,3039,295969,2197,175358,792,112641,50,7970,979,42505,2051,130403,1025,172908,California
Marin,2021-04-28,2305,298274,1585,176943,668,113309,52,8022,731,41715,1572,131975,782,173690,California
Marin,2021-04-29,2889,301163,1977,178920,850,114159,62,8084,795,40490,2083,134058,858,174548,California
Marin,2021-04-30,1954,303117,1275,180195,592,114751,87,8171,694,40020,1251,135309,781,175329,California
Marin,2021-05-01,1837,304954,1021,181216,793,115544,23,8194,545,39303,1284,136593,567,175896,California
Marin,2021-05-02,726,305680,584,181800,113,115657,29,8223,198,39007,522,137115,226,176122,California
Marin,2021-05-03,1206,306886,983,182783,166,115823,57,8280,253,38367,949,138064,309,176431,California
Marin,2021-05-04,2940,309826,1969,184752,879,116702,92,8372,479,36485,2453,140517,571,177002,California
Marin,2021-05-05,2732,312558,2006,186758,601,117303,125,8497,440,34764,2285,142802,564,177566,California
Marin,2021-05-06,3262,315820,2532,189290,642,117945,88,8585,427,32450,2826,145628,512,178078,California
Marin,2021-05-07,2034,317854,1540,190830,408,118353,86,8671,378,31262,1649,147277,461,178539,California
Marin,2021-05-08,2469,320323,1862,192692,485,118838,122,8793,341,29605,2120,149397,463,179002,California
Marin,2021-05-09,981,321304,897,193589,65,118903,19,8812,118,28883,860,150257,138,179140,California
Marin,2021-05-10,1403,322707,1148,194737,185,119088,70,8882,202,27958,1196,151453,271,179411,California
Marin,2021-05-11,2306,325013,1840,196577,410,119498,56,8938,294,26297,2010,153463,349,179760,California
Marin,2021-05-12,1427,326440,1047,197624,311,119809,69,9007,288,25518,1134,154597,355,180115,California
Marin,2021-05-13,2595,329035,2248,199872,293,120102,54,9061,1408,25799,1180,155777,1461,181576,California
Marin,2021-05-14,2199,331234,1449,201321,651,120753,99,9160,878,25460,1315,157092,976,182552,California
Marin,2021-05-15,2728,333962,2262,203583,386,121139,80,9240,1657,26127,1070,158162,1737,184289,California
Marin,2021-05-16,1644,335606,1591,205174,48,121187,5,9245,1332,27154,310,158472,1337,185626,California
Marin,2021-05-17,2130,337736,1982,207156,105,121292,43,9288,1703,28480,420,158892,1746,187372,California
Marin,2021-05-18,1526,339262,1184,208340,286,121578,56,9344,796,28606,724,159616,850,188222,California
Marin,2021-05-19,1536,340798,1242,209582,224,121802,70,9414,779,28702,751,160367,847,189069,California
Marin,2021-05-20,1811,342609,1486,211068,240,122042,85,9499,753,28491,1050,161417,839,189908,California
Marin,2021-05-21,1441,344050,840,211908,552,122594,49,9548,435,27976,999,162416,484,190392,California
Marin,2021-05-22,1421,345471,1078,212986,285,122879,58,9606,958,28532,460,162876,1016,191408,California
Marin,2021-05-23,474,345945,420,213406,42,122921,12,9618,221,28515,251,163127,234,191642,California
Marin,2021-05-24,641,346586,490,213896,110,123031,41,9659,352,28621,286,163413,392,192034,California
Marin,2021-05-25,994,347580,625,214521,323,123354,46,9705,312,28303,674,164087,356,192390,California
Marin,2021-05-26,705,348285,481,215002,175,123529,49,9754,259,28169,442,164529,308,192698,California
Marin,2021-05-27,1028,349313,662,215664,287,123816,79,9833,344,27910,682,165211,423,193121,California
Marin,2021-05-28,1096,350409,714,216378,303,124119,79,9912,324,27543,768,165979,401,193522,California
Marin,2021-05-29,373,350782,215,216593,148,124267,10,9922,213,27606,160,166139,223,193745,California
Marin,2021-05-30,100,350882,59,216652,36,124303,5,9927,58,27628,41,166180,63,193808,California
Marin,2021-05-31,27,350909,13,216665,13,124316,1,9928,14,27630,13,166193,15,193823,California
Marin,2021-06-01,753,351662,547,217212,161,124477,45,9973,325,27573,426,166619,369,194192,California
Marin,2021-06-02,624,352286,476,217688,96,124573,52,10025,217,27437,403,167022,267,194459,California
Marin,2021-06-03,1491,353777,1321,219009,112,124685,58,10083,237,26481,1251,168273,295,194754,California
Marin,2021-06-04,1016,354793,858,219867,126,124811,32,10115,184,25867,830,169103,216,194970,California
Marin,2021-06-05,1923,356716,1707,221574,168,124979,48,10163,320,24639,1596,170699,368,195338,California
Marin,2021-06-06,1404,358120,1355,222929,15,124994,34,10197,200,23670,1203,171902,234,195572,California
Marin,2021-06-07,1940,360060,1822,224751,68,125062,50,10247,249,22282,1686,173588,298,195870,California
Marin,2021-06-08,980,361040,871,225622,68,125130,41,10288,234,21818,739,174327,275,196145,California
Marin,2021-06-09,743,361783,669,226291,65,125195,9,10297,137,21359,605,174932,146,196291,California
Marin,2021-06-10,882,362665,774,227065,60,125255,48,10345,181,20891,697,175629,229,196520,California
Marin,2021-06-11,680,363345,577,227642,71,125326,32,10377,143,20529,537,176166,175,196695,California
Marin,2021-06-12,921,364266,790,228432,90,125416,41,10418,155,19962,763,176929,196,196891,California
Marin,2021-06-13,413,364679,381,228813,20,125436,12,10430,67,19698,343,177272,79,196970,California
Marin,2021-06-14,870,365549,742,229555,80,125516,48,10478,216,19310,650,177922,262,197232,California
Marin,2021-06-15,540,366089,430,229985,85,125601,25,10503,171,19138,368,178290,196,197428,California
Marin,2021-06-16,481,366570,401,230386,37,125638,43,10546,159,19022,317,178607,201,197629,California
Marin,2021-06-17,548,367118,472,230858,45,125683,31,10577,187,18879,360,178967,217,197846,California
Marin,2021-06-18,460,367578,364,231222,66,125749,30,10607,164,18782,289,179256,192,198038,California
Marin,2021-06-19,356,367934,289,231511,35,125784,32,10639,144,18746,211,179467,175,198213,California
Marin,2021-06-20,33,367967,25,231536,3,125787,5,10644,10,18738,23,179490,15,198228,California
Mariposa,2020-12-17,37,37,37,37,0,0,0,0,39,39,0,0,39,39,California
Mariposa,2020-12-18,55,92,55,92,0,0,0,0,56,95,0,0,56,95,California
Mariposa,2020-12-20,2,94,2,94,0,0,0,0,2,97,0,0,2,97,California
Mariposa,2020-12-21,48,142,48,142,0,0,0,0,52,149,0,0,52,149,California
Mariposa,2020-12-22,6,148,6,148,0,0,0,0,6,155,0,0,6,155,California
Mariposa,2020-12-23,17,165,17,165,0,0,0,0,17,172,0,0,17,172,California
Mariposa,2020-12-24,1,166,0,165,1,1,0,0,0,172,1,1,1,173,California
Mariposa,2020-12-26,1,167,1,166,0,1,0,0,1,173,0,1,1,174,California
Mariposa,2020-12-27,1,168,0,166,1,2,0,0,1,174,0,1,1,175,California
Mariposa,2020-12-28,6,174,3,169,3,5,0,0,6,180,0,1,6,181,California
Mariposa,2020-12-29,33,207,3,172,30,35,0,0,33,213,0,1,33,214,California
Mariposa,2020-12-30,26,233,4,176,22,57,0,0,26,239,0,1,26,240,California
Mariposa,2020-12-31,17,250,0,176,17,74,0,0,17,256,0,1,17,257,California
Mariposa,2021-01-02,1,251,1,177,0,74,0,0,1,257,0,1,1,258,California
Mariposa,2021-01-04,11,262,2,179,9,83,0,0,11,268,0,1,11,269,California
Mariposa,2021-01-05,25,287,15,194,10,93,0,0,15,273,10,11,15,284,California
Mariposa,2021-01-06,8,295,5,199,3,96,0,0,5,275,3,14,5,289,California
Mariposa,2021-01-07,50,345,45,244,5,101,0,0,5,235,45,59,5,294,California
Mariposa,2021-01-08,108,453,78,322,30,131,0,0,34,195,74,133,34,328,California
Mariposa,2021-01-11,32,485,10,332,22,153,0,0,24,211,8,141,24,352,California
Mariposa,2021-01-12,19,504,4,336,15,168,0,0,15,222,4,145,15,367,California
Mariposa,2021-01-13,22,526,5,341,17,185,0,0,18,236,4,149,18,385,California
Mariposa,2021-01-14,75,601,7,348,68,253,0,0,69,299,6,155,69,454,California
Mariposa,2021-01-15,68,669,27,375,41,294,0,0,58,347,10,165,58,512,California
Mariposa,2021-01-16,14,683,2,377,12,306,0,0,13,359,1,166,13,525,California
Mariposa,2021-01-17,6,689,1,378,5,311,0,0,5,363,1,167,5,530,California
Mariposa,2021-01-18,6,695,5,383,1,312,0,0,4,365,2,169,4,534,California
Mariposa,2021-01-19,7,702,4,387,3,315,0,0,4,367,2,171,4,538,California
Mariposa,2021-01-20,23,725,1,388,22,337,0,0,22,388,1,172,22,560,California
Mariposa,2021-01-21,66,791,8,396,58,395,0,0,62,446,4,176,62,622,California
Mariposa,2021-01-22,57,848,4,400,53,448,0,0,57,503,0,176,57,679,California
Mariposa,2021-01-23,116,964,2,402,114,562,0,0,114,615,2,178,114,793,California
Mariposa,2021-01-24,2,966,2,404,0,562,0,0,2,617,0,178,2,795,California
Mariposa,2021-01-25,4,970,1,405,3,565,0,0,0,613,4,182,0,795,California
Mariposa,2021-01-26,40,1010,5,410,35,600,0,0,6,590,34,216,11,806,California
Mariposa,2021-01-27,26,1036,2,412,24,624,0,0,11,587,14,230,11,817,California
Mariposa,2021-01-28,127,1163,3,415,124,748,0,0,114,689,12,242,114,931,California
Mariposa,2021-01-29,84,1247,22,437,62,810,0,0,83,771,1,243,83,1014,California
Mariposa,2021-01-30,10,1257,1,438,9,819,0,0,9,779,1,244,9,1023,California
Mariposa,2021-02-01,91,1348,32,470,59,878,0,0,69,826,22,266,69,1092,California
Mariposa,2021-02-02,15,1363,3,473,12,890,0,0,9,829,6,272,9,1101,California
Mariposa,2021-02-03,22,1385,1,474,21,911,0,0,13,834,8,280,13,1114,California
Mariposa,2021-02-04,98,1483,8,482,90,1001,0,0,93,924,4,284,94,1208,California
Mariposa,2021-02-05,192,1675,5,487,187,1188,0,0,166,1064,26,310,166,1374,California
Mariposa,2021-02-06,11,1686,4,491,7,1195,0,0,10,1073,1,311,10,1384,California
Mariposa,2021-02-07,1,1687,0,491,1,1196,0,0,1,1074,0,311,1,1385,California
Mariposa,2021-02-08,42,1729,3,494,39,1235,0,0,22,1076,20,331,22,1407,California
Mariposa,2021-02-09,41,1770,24,518,17,1252,0,0,35,1105,6,337,35,1442,California
Mariposa,2021-02-10,30,1800,4,522,26,1278,0,0,18,1118,11,348,24,1466,California
Mariposa,2021-02-11,376,2176,5,527,371,1649,0,0,361,1467,15,363,364,1830,California
Mariposa,2021-02-12,186,2362,9,536,177,1826,0,0,140,1561,46,409,140,1970,California
Mariposa,2021-02-13,11,2373,3,539,8,1834,0,0,9,1568,2,411,9,1979,California
Mariposa,2021-02-14,12,2385,4,543,8,1842,0,0,6,1568,6,417,6,1985,California
Mariposa,2021-02-15,9,2394,3,546,6,1848,0,0,7,1573,2,419,7,1992,California
Mariposa,2021-02-16,58,2452,35,581,23,1871,0,0,35,1585,23,442,35,2027,California
Mariposa,2021-02-17,35,2487,8,589,27,1898,0,0,27,1606,7,449,28,2055,California
Mariposa,2021-02-18,60,2547,7,596,53,1951,0,0,23,1592,37,486,23,2078,California
Mariposa,2021-02-19,82,2629,3,599,79,2030,0,0,76,1662,6,492,76,2154,California
Mariposa,2021-02-20,259,2888,6,605,253,2283,0,0,227,1859,30,522,227,2381,California
Mariposa,2021-02-21,244,3132,5,610,239,2522,0,0,241,2098,2,524,241,2622,California
Mariposa,2021-02-22,25,3157,10,620,15,2537,0,0,21,2115,4,528,21,2643,California
Mariposa,2021-02-23,45,3202,38,658,7,2544,0,0,26,2122,19,547,26,2669,California
Mariposa,2021-02-24,21,3223,3,661,18,2562,0,0,8,2118,12,559,8,2677,California
Mariposa,2021-02-25,18,3241,9,670,9,2571,0,0,12,2124,6,565,12,2689,California
Mariposa,2021-02-26,431,3672,7,677,424,2995,0,0,370,2434,61,626,371,3060,California
Mariposa,2021-02-27,177,3849,5,682,172,3167,0,0,165,2587,12,638,165,3225,California
Mariposa,2021-02-28,1,3850,1,683,0,3167,0,0,0,2586,1,639,0,3225,California
Mariposa,2021-03-01,82,3932,26,709,56,3223,0,0,16,2537,65,704,16,3241,California
Mariposa,2021-03-02,19,3951,12,721,7,3230,0,0,11,2541,7,711,11,3252,California
Mariposa,2021-03-03,71,4022,5,726,66,3296,0,0,66,2603,5,716,67,3319,California
Mariposa,2021-03-04,41,4063,10,736,31,3327,0,0,20,2603,21,737,21,3340,California
Mariposa,2021-03-05,57,4120,8,744,49,3376,0,0,39,2630,18,755,45,3385,California
Mariposa,2021-03-06,18,4138,8,752,10,3386,0,0,8,2629,10,765,9,3394,California
Mariposa,2021-03-07,1,4139,1,753,0,3386,0,0,0,2628,1,766,0,3394,California
Mariposa,2021-03-08,41,4180,4,757,26,3412,11,11,11,2620,30,796,22,3416,California
Mariposa,2021-03-09,43,4223,17,774,16,3428,10,21,15,2617,28,824,25,3441,California
Mariposa,2021-03-10,33,4256,9,783,14,3442,10,31,10,2614,23,847,20,3461,California
Mariposa,2021-03-11,472,4728,7,790,445,3887,20,51,228,2622,243,1090,251,3712,California
Mariposa,2021-03-12,257,4985,8,798,223,4110,26,77,119,2628,138,1228,144,3856,California
Mariposa,2021-03-13,34,5019,8,806,11,4121,15,92,11,2630,23,1251,25,3881,California
Mariposa,2021-03-14,17,5036,2,808,4,4125,11,103,2,2628,15,1266,13,3894,California
Mariposa,2021-03-15,77,5113,8,816,31,4156,38,141,31,2651,46,1312,69,3963,California
Mariposa,2021-03-16,84,5197,34,850,15,4171,35,176,25,2652,59,1371,60,4023,California
Mariposa,2021-03-17,72,5269,9,859,55,4226,8,184,52,2692,19,1390,59,4082,California
Mariposa,2021-03-18,68,5337,15,874,44,4270,9,193,40,2713,28,1418,49,4131,California
Mariposa,2021-03-19,344,5681,12,886,325,4595,7,200,304,2985,40,1458,312,4443,California
Mariposa,2021-03-20,429,6110,4,890,423,5018,2,202,46,2651,383,1841,49,4492,California
Mariposa,2021-03-21,16,6126,8,898,7,5025,1,203,9,2655,6,1847,10,4502,California
Mariposa,2021-03-22,41,6167,10,908,23,5048,8,211,28,2680,13,1860,38,4540,California
Mariposa,2021-03-23,54,6221,34,942,10,5058,10,221,33,2702,21,1881,43,4583,California
Mariposa,2021-03-24,56,6277,5,947,49,5107,2,223,51,2750,5,1886,53,4636,California
Mariposa,2021-03-25,76,6353,15,962,53,5160,8,231,53,2790,21,1907,61,4697,California
Mariposa,2021-03-26,498,6851,9,971,488,5648,1,232,253,2799,245,2152,254,4951,California
Mariposa,2021-03-27,239,7090,10,981,229,5877,0,232,98,2758,141,2293,100,5051,California
Mariposa,2021-03-28,5,7095,0,981,2,5879,3,235,1,2758,4,2297,4,5055,California
Mariposa,2021-03-29,18,7113,5,986,13,5892,0,235,11,2762,7,2304,11,5066,California
Mariposa,2021-03-30,36,7149,13,999,7,5899,16,251,13,2768,23,2327,29,5095,California
Mariposa,2021-03-31,91,7240,16,1015,68,5967,7,258,69,2822,22,2349,76,5171,California
Mariposa,2021-04-01,55,7295,12,1027,35,6002,8,266,35,2845,20,2369,43,5214,California
Mariposa,2021-04-02,354,7649,14,1041,337,6339,3,269,311,3117,42,2411,314,5528,California
Mariposa,2021-04-03,11,7660,8,1049,3,6342,0,269,6,3118,5,2416,6,5534,California
Mariposa,2021-04-04,2,7662,1,1050,0,6342,1,270,0,3117,2,2418,1,5535,California
Mariposa,2021-04-05,35,7697,22,1072,9,6351,4,274,16,3118,19,2437,20,5555,California
Mariposa,2021-04-06,45,7742,20,1092,9,6360,16,290,14,3118,30,2467,30,5585,California
Mariposa,2021-04-07,99,7841,7,1099,73,6433,19,309,29,3096,70,2537,48,5633,California
Mariposa,2021-04-08,286,8127,16,1115,251,6684,19,328,148,3128,136,2673,168,5801,California
Mariposa,2021-04-09,39,8166,9,1124,15,6699,15,343,10,3124,29,2702,25,5826,California
Mariposa,2021-04-10,204,8370,6,1130,188,6887,10,353,190,3311,12,2714,199,6025,California
Mariposa,2021-04-11,123,8493,3,1133,118,7005,2,355,58,3307,65,2779,61,6086,California
Mariposa,2021-04-12,42,8535,13,1146,27,7032,2,357,13,3293,29,2808,15,6101,California
Mariposa,2021-04-13,57,8592,49,1195,8,7040,0,357,35,3306,22,2830,35,6136,California
Mariposa,2021-04-14,114,8706,9,1204,105,7145,0,357,58,3309,55,2885,58,6194,California
Mariposa,2021-04-15,62,8768,19,1223,43,7188,0,357,47,3344,12,2897,47,6241,California
Mariposa,2021-04-16,383,9151,12,1235,371,7559,0,357,106,3173,277,3174,106,6347,California
Mariposa,2021-04-17,10,9161,6,1241,4,7563,0,357,7,3177,3,3177,7,6354,California
Mariposa,2021-04-18,7,9168,0,1241,7,7570,0,357,3,3176,4,3181,3,6357,California
Mariposa,2021-04-19,61,9229,28,1269,33,7603,0,357,33,3183,26,3207,33,6390,California
Mariposa,2021-04-20,61,9290,48,1317,13,7616,0,357,38,3200,21,3228,38,6428,California
Mariposa,2021-04-21,91,9381,14,1331,77,7693,0,357,42,3194,48,3276,42,6470,California
Mariposa,2021-04-22,50,9431,10,1341,40,7733,0,357,38,3221,11,3287,38,6508,California
Mariposa,2021-04-23,316,9747,71,1412,245,7978,0,357,144,3195,172,3459,146,6654,California
Mariposa,2021-04-24,110,9857,10,1422,100,8078,0,357,42,3170,67,3526,42,6696,California
Mariposa,2021-04-26,16,9873,11,1433,5,8083,0,357,5,3164,11,3537,5,6701,California
Mariposa,2021-04-27,33,9906,17,1450,14,8097,2,359,15,3166,15,3552,17,6718,California
Mariposa,2021-04-28,75,9981,14,1464,54,8151,7,366,27,3152,48,3600,34,6752,California
Mariposa,2021-04-29,84,10065,12,1476,71,8222,1,367,79,3227,5,3605,80,6832,California
Mariposa,2021-04-30,212,10277,4,1480,203,8425,5,372,62,3144,150,3755,67,6899,California
Mariposa,2021-05-01,5,10282,4,1484,1,8426,0,372,1,3141,4,3759,1,6900,California
Mariposa,2021-05-02,3,10285,2,1486,0,8426,1,373,0,3139,3,3762,1,6901,California
Mariposa,2021-05-03,15,10300,11,1497,3,8429,1,374,6,3137,9,3771,7,6908,California
Mariposa,2021-05-04,52,10352,32,1529,16,8445,4,378,37,3163,15,3786,41,6949,California
Mariposa,2021-05-05,57,10409,9,1538,46,8491,2,380,18,3144,39,3825,20,6969,California
Mariposa,2021-05-06,58,10467,38,1576,15,8506,5,385,39,3169,19,3844,44,7013,California
Mariposa,2021-05-07,28,10495,8,1584,17,8523,3,388,13,3170,15,3859,16,7029,California
Mariposa,2021-05-08,286,10781,9,1593,277,8800,0,388,33,2952,253,4112,35,7064,California
Mariposa,2021-05-09,3,10784,1,1594,2,8802,0,388,0,2949,3,4115,0,7064,California
Mariposa,2021-05-10,20,10804,9,1603,9,8811,2,390,4,2939,16,4131,6,7070,California
Mariposa,2021-05-11,28,10832,17,1620,10,8821,1,391,20,2953,7,4138,21,7091,California
Mariposa,2021-05-12,67,10899,4,1624,58,8879,5,396,6,2903,61,4199,11,7102,California
Mariposa,2021-05-13,49,10948,8,1632,39,8918,2,398,13,2882,36,4235,15,7117,California
Mariposa,2021-05-14,249,11197,121,1753,121,9039,7,405,117,2874,132,4367,124,7241,California
Mariposa,2021-05-15,19,11216,9,1762,8,9047,2,407,11,2880,6,4373,12,7253,California
Mariposa,2021-05-16,3,11219,1,1763,1,9048,1,408,1,2880,2,4375,2,7255,California
Mariposa,2021-05-17,18,11237,7,1770,7,9055,4,412,8,2881,10,4385,11,7266,California
Mariposa,2021-05-18,61,11298,41,1811,15,9070,5,417,44,2914,16,4401,49,7315,California
Mariposa,2021-05-19,70,11368,32,1843,37,9107,1,418,51,2948,18,4419,52,7367,California
Mariposa,2021-05-20,34,11402,18,1861,14,9121,2,420,13,2942,21,4440,15,7382,California
Mariposa,2021-05-21,92,11494,8,1869,82,9203,2,422,42,2938,48,4488,44,7426,California
Mariposa,2021-05-22,48,11542,7,1876,40,9243,1,423,18,2927,30,4518,19,7445,California
Mariposa,2021-05-23,3,11545,2,1878,0,9243,1,424,2,2929,1,4519,3,7448,California
Mariposa,2021-05-24,13,11558,7,1885,4,9247,2,426,8,2934,5,4524,10,7458,California
Mariposa,2021-05-25,27,11585,17,1902,10,9257,0,426,19,2945,8,4532,19,7477,California
Mariposa,2021-05-26,35,11620,4,1906,27,9284,4,430,28,2970,7,4539,32,7509,California
Mariposa,2021-05-27,119,11739,64,1970,55,9339,0,430,62,2975,57,4596,62,7571,California
Mariposa,2021-05-28,64,11803,4,1974,56,9395,4,434,23,2961,41,4637,27,7598,California
Mariposa,2021-05-29,8,11811,2,1976,5,9400,1,435,3,2962,3,4640,4,7602,California
Mariposa,2021-05-30,1,11812,0,1976,0,9400,1,436,0,2962,1,4641,1,7603,California
Mariposa,2021-05-31,2,11814,0,1976,1,9401,1,437,0,2961,2,4643,1,7604,California
Mariposa,2021-06-01,14,11828,3,1979,11,9412,0,437,5,2957,9,4652,5,7609,California
Mariposa,2021-06-02,26,11854,14,1993,7,9419,5,442,6,2949,19,4671,11,7620,California
Mariposa,2021-06-03,20,11874,10,2003,7,9426,3,445,7,2946,13,4684,10,7630,California
Mariposa,2021-06-04,90,11964,79,2082,9,9435,2,447,27,2913,61,4745,28,7658,California
Mariposa,2021-06-05,29,11993,3,2085,24,9459,2,449,7,2901,21,4766,9,7667,California
Mariposa,2021-06-06,4,11997,3,2088,0,9459,1,450,1,2900,3,4769,2,7669,California
Mariposa,2021-06-07,10,12007,5,2093,5,9464,0,450,4,2899,5,4774,4,7673,California
Mariposa,2021-06-08,45,12052,34,2127,10,9474,1,451,14,2883,31,4805,15,7688,California
Mariposa,2021-06-09,28,12080,21,2148,2,9476,5,456,6,2872,22,4827,11,7699,California
Mariposa,2021-06-10,16,12096,8,2156,5,9481,3,459,6,2872,10,4837,10,7709,California
Mariposa,2021-06-11,44,12140,13,2169,23,9504,8,467,10,2856,34,4871,18,7727,California
Mariposa,2021-06-12,17,12157,11,2180,5,9509,1,468,3,2845,14,4885,3,7730,California
Mariposa,2021-06-13,1,12158,0,2180,0,9509,1,469,0,2845,1,4886,1,7731,California
Mariposa,2021-06-14,11,12169,4,2184,6,9515,1,470,5,2845,6,4892,6,7737,California
Mariposa,2021-06-15,24,12193,12,2196,11,9526,1,471,6,2834,18,4910,7,7744,California
Mariposa,2021-06-16,25,12218,12,2208,12,9538,1,472,7,2824,18,4928,8,7752,California
Mariposa,2021-06-17,12,12230,6,2214,6,9544,0,472,4,2820,8,4936,4,7756,California
Mariposa,2021-06-18,63,12293,48,2262,14,9558,1,473,31,2821,31,4967,32,7788,California
Mariposa,2021-06-19,18,12311,4,2266,13,9571,1,474,6,2815,12,4979,6,7794,California
Mendocino,2020-12-17,70,70,70,70,0,0,0,0,70,70,0,0,70,70,California
Mendocino,2020-12-18,84,154,83,153,1,1,0,0,83,153,0,0,83,153,California
Mendocino,2020-12-19,3,157,3,156,0,1,0,0,3,156,0,0,3,156,California
Mendocino,2020-12-20,7,164,7,163,0,1,0,0,7,163,0,0,7,163,California
Mendocino,2020-12-21,239,403,239,402,0,1,0,0,77,240,0,0,77,240,California
Mendocino,2020-12-22,254,657,193,595,61,62,0,0,254,494,0,0,254,494,California
Mendocino,2020-12-23,270,927,47,642,223,285,0,0,269,763,0,0,269,763,California
Mendocino,2020-12-24,48,975,8,650,40,325,0,0,48,811,0,0,48,811,California
Mendocino,2020-12-25,1,976,0,650,1,326,0,0,1,812,0,0,1,812,California
Mendocino,2020-12-26,2,978,2,652,0,326,0,0,2,814,0,0,2,814,California
Mendocino,2020-12-27,1,979,0,652,1,327,0,0,1,815,0,0,1,815,California
Mendocino,2020-12-28,73,1052,8,660,65,392,0,0,73,888,0,0,73,888,California
Mendocino,2020-12-29,119,1171,59,719,60,452,0,0,119,1007,0,0,119,1007,California
Mendocino,2020-12-30,119,1290,66,785,53,505,0,0,119,1126,0,0,119,1126,California
Mendocino,2020-12-31,132,1422,97,882,35,540,0,0,132,1258,0,0,132,1258,California
Mendocino,2021-01-01,10,1432,6,888,4,544,0,0,10,1268,0,0,10,1268,California
Mendocino,2021-01-04,838,2270,18,906,820,1364,0,0,838,2106,0,0,838,2106,California
Mendocino,2021-01-05,73,2343,36,942,37,1401,0,0,60,2153,13,13,60,2166,California
Mendocino,2021-01-06,156,2499,134,1076,22,1423,0,0,147,2291,9,22,147,2313,California
Mendocino,2021-01-07,363,2862,240,1316,123,1546,0,0,300,2528,63,85,300,2613,California
Mendocino,2021-01-08,93,2955,80,1396,13,1559,0,0,40,2516,53,138,41,2654,California
Mendocino,2021-01-09,10,2965,6,1402,4,1563,0,0,8,2522,2,140,8,2662,California
Mendocino,2021-01-10,9,2974,8,1410,1,1564,0,0,2,2517,7,147,2,2664,California
Mendocino,2021-01-11,102,3076,92,1502,10,1574,0,0,44,2504,57,204,44,2708,California
Mendocino,2021-01-12,389,3465,379,1881,10,1584,0,0,271,2657,118,322,271,2979,California
Mendocino,2021-01-13,495,3960,149,2030,346,1930,0,0,450,3065,43,365,451,3430,California
Mendocino,2021-01-14,652,4612,20,2050,632,2562,0,0,643,3699,9,374,643,4073,California
Mendocino,2021-01-15,1873,6485,862,2912,1011,3573,0,0,1870,5567,3,377,1871,5944,California
Mendocino,2021-01-16,793,7278,49,2961,744,4317,0,0,791,6356,2,379,791,6735,California
Mendocino,2021-01-17,557,7835,1,2962,556,4873,0,0,556,6911,1,380,556,7291,California
Mendocino,2021-01-18,486,8321,461,3423,25,4898,0,0,476,7377,10,390,476,7767,California
Mendocino,2021-01-19,330,8651,145,3568,185,5083,0,0,156,7359,174,564,156,7923,California
Mendocino,2021-01-20,557,9208,408,3976,149,5232,0,0,450,7705,105,669,451,8374,California
Mendocino,2021-01-21,537,9745,226,4202,311,5543,0,0,351,7871,185,854,351,8725,California
Mendocino,2021-01-22,152,9897,58,4260,94,5637,0,0,113,7945,39,893,113,8838,California
Mendocino,2021-01-23,157,10054,85,4345,72,5709,0,0,151,8090,6,899,151,8989,California
Mendocino,2021-01-24,4,10058,2,4347,2,5711,0,0,4,8094,0,899,4,8993,California
Mendocino,2021-01-25,192,10250,18,4365,174,5885,0,0,122,8146,70,969,122,9115,California
Mendocino,2021-01-26,152,10402,53,4418,99,5984,0,0,94,8182,58,1027,94,9209,California
Mendocino,2021-01-27,444,10846,373,4791,71,6055,0,0,177,8099,260,1287,177,9386,California
Mendocino,2021-01-28,593,11439,529,5320,64,6119,0,0,497,8501,95,1382,497,9883,California
Mendocino,2021-01-29,391,11830,352,5672,39,6158,0,0,362,8835,29,1411,363,10246,California
Mendocino,2021-01-30,50,11880,32,5704,18,6176,0,0,44,8873,6,1417,44,10290,California
Mendocino,2021-01-31,276,12156,2,5706,274,6450,0,0,4,8605,272,1689,4,10294,California
Mendocino,2021-02-01,383,12539,53,5759,330,6780,0,0,60,8342,323,2012,60,10354,California
Mendocino,2021-02-02,741,13280,522,6281,219,6999,0,0,381,8363,360,2372,381,10735,California
Mendocino,2021-02-03,395,13675,208,6489,187,7186,0,0,223,8416,170,2542,223,10958,California
Mendocino,2021-02-04,628,14303,533,7022,95,7281,0,0,502,8792,126,2668,502,11460,California
Mendocino,2021-02-05,1307,15610,1216,8238,91,7372,0,0,586,8659,719,3387,586,12046,California
Mendocino,2021-02-06,552,16162,152,8390,400,7772,0,0,537,9181,15,3402,537,12583,California
Mendocino,2021-02-07,33,16195,29,8419,4,7776,0,0,33,9214,0,3402,33,12616,California
Mendocino,2021-02-08,746,16941,714,9133,32,7808,0,0,283,9034,463,3865,283,12899,California
Mendocino,2021-02-09,139,17080,58,9191,81,7889,0,0,87,9069,52,3917,87,12986,California
Mendocino,2021-02-10,1489,18569,925,10116,564,8453,0,0,742,9071,740,4657,742,13728,California
Mendocino,2021-02-11,1212,19781,208,10324,1004,9457,0,0,301,8461,911,5568,301,14029,California
Mendocino,2021-02-12,1457,21238,160,10484,1297,10754,0,0,657,8319,799,6367,657,14686,California
Mendocino,2021-02-13,500,21738,16,10500,484,11238,0,0,101,8027,398,6765,106,14792,California
Mendocino,2021-02-14,698,22436,4,10504,694,11932,0,0,136,7601,562,7327,136,14928,California
Mendocino,2021-02-15,331,22767,42,10546,289,12221,0,0,173,7616,158,7485,173,15101,California
Mendocino,2021-02-16,197,22964,50,10596,147,12368,0,0,127,7673,70,7555,127,15228,California
Mendocino,2021-02-17,1353,24317,1189,11785,164,12532,0,0,875,8072,476,8031,875,16103,California
Mendocino,2021-02-18,1789,26106,647,12432,1142,13674,0,0,1222,8729,565,8596,1222,17325,California
Mendocino,2021-02-19,756,26862,147,12579,609,14283,0,0,613,9200,143,8739,614,17939,California
Mendocino,2021-02-20,582,27444,556,13135,26,14309,0,0,549,9718,31,8770,549,18488,California
Mendocino,2021-02-21,324,27768,6,13141,318,14627,0,0,312,10019,11,8781,312,18800,California
Mendocino,2021-02-22,162,27930,29,13170,133,14760,0,0,69,9997,91,8872,69,18869,California
Mendocino,2021-02-23,862,28792,849,14019,13,14773,0,0,647,10431,213,9085,647,19516,California
Mendocino,2021-02-24,1856,30648,1772,15791,84,14857,0,0,1440,11462,411,9496,1442,20958,California
Mendocino,2021-02-25,1709,32357,535,16326,1174,16031,0,0,1286,12326,422,9918,1286,22244,California
Mendocino,2021-02-26,1412,33769,748,17074,664,16695,0,0,1050,13017,359,10277,1050,23294,California
Mendocino,2021-02-27,196,33965,144,17218,52,16747,0,0,76,12974,119,10396,76,23370,California
Mendocino,2021-02-28,34,33999,12,17230,22,16769,0,0,24,12988,10,10406,24,23394,California
Mendocino,2021-03-01,594,34593,551,17781,43,16812,0,0,554,13505,37,10443,554,23948,California
Mendocino,2021-03-02,73,34666,26,17807,47,16859,0,0,39,13511,33,10476,39,23987,California
Mendocino,2021-03-03,2040,36706,1338,19145,702,17561,0,0,1387,14248,650,11126,1387,25374,California
Mendocino,2021-03-04,1851,38557,149,19294,1702,19263,0,0,1633,15668,215,11341,1635,27009,California
Mendocino,2021-03-05,474,39031,415,19709,50,19313,9,9,371,15949,99,11440,380,27389,California
Mendocino,2021-03-06,248,39279,24,19733,197,19510,27,36,203,16135,44,11484,230,27619,California
Mendocino,2021-03-07,506,39785,8,19741,478,19988,20,56,117,15883,388,11872,136,27755,California
Mendocino,2021-03-08,123,39908,28,19769,57,20045,38,94,63,15926,58,11930,101,27856,California
Mendocino,2021-03-09,934,40842,600,20369,294,20339,40,134,830,16692,104,12034,870,28726,California
Mendocino,2021-03-10,1145,41987,983,21352,98,20437,64,198,271,16161,869,12903,338,29064,California
Mendocino,2021-03-11,844,42831,627,21979,164,20601,53,251,401,16175,440,13343,454,29518,California
Mendocino,2021-03-12,2068,44899,1056,23035,898,21499,114,365,1238,16704,823,14166,1352,30870,California
Mendocino,2021-03-13,704,45603,571,23606,75,21574,58,423,104,16270,596,14762,162,31032,California
Mendocino,2021-03-14,106,45709,4,23610,95,21669,7,430,12,16199,90,14852,19,31051,California
Mendocino,2021-03-15,609,46318,51,23661,499,22168,59,489,217,16085,389,15241,275,31326,California
Mendocino,2021-03-16,581,46899,386,24047,149,22317,46,535,118,15788,461,15702,164,31490,California
Mendocino,2021-03-17,1589,48488,1388,25435,52,22369,149,684,217,14795,1366,17068,373,31863,California
Mendocino,2021-03-18,1309,49797,248,25683,1024,23393,37,721,279,14088,1022,18090,315,32178,California
Mendocino,2021-03-19,1777,51574,854,26537,864,24257,59,780,332,13041,1440,19530,393,32571,California
Mendocino,2021-03-20,67,51641,9,26546,38,24295,20,800,11,13016,56,19586,31,32602,California
Mendocino,2021-03-21,8,51649,1,26547,2,24297,5,805,3,13019,5,19591,8,32610,California
Mendocino,2021-03-22,661,52310,617,27164,15,24312,29,834,146,12682,511,20102,174,32784,California
Mendocino,2021-03-23,164,52474,34,27198,100,24412,30,864,114,12776,50,20152,144,32928,California
Mendocino,2021-03-24,915,53389,844,28042,24,24436,47,911,107,12124,806,20958,154,33082,California
Mendocino,2021-03-25,2015,55404,53,28095,1942,26378,20,931,176,10485,1833,22791,194,33276,California
Mendocino,2021-03-26,545,55949,394,28489,125,26503,26,957,114,10194,430,23221,139,33415,California
Mendocino,2021-03-27,146,56095,14,28503,120,26623,12,969,81,10222,64,23285,92,33507,California
Mendocino,2021-03-28,25,56120,6,28509,15,26638,4,973,4,10210,20,23305,8,33515,California
Mendocino,2021-03-29,191,56311,99,28608,48,26686,44,1017,97,10257,94,23399,141,33656,California
Mendocino,2021-03-30,715,57026,631,29239,47,26733,37,1054,104,9789,609,24008,141,33797,California
Mendocino,2021-03-31,917,57943,282,29521,574,27307,61,1115,153,9242,761,24769,214,34011,California
Mendocino,2021-04-01,1750,59693,420,29941,1249,28556,81,1196,380,8343,1359,26128,460,34471,California
Mendocino,2021-04-02,1310,61003,1078,31019,159,28715,73,1269,157,7423,1150,27278,230,34701,California
Mendocino,2021-04-03,709,61712,10,31029,678,29393,21,1290,87,6914,617,27895,108,34809,California
Mendocino,2021-04-04,71,61783,35,31064,30,29423,6,1296,55,6959,16,27911,61,34870,California
Mendocino,2021-04-05,209,61992,140,31204,45,29468,24,1320,124,7019,85,27996,145,35015,California
Mendocino,2021-04-06,395,62387,124,31328,177,29645,94,1414,108,6934,287,28283,202,35217,California
Mendocino,2021-04-07,490,62877,178,31506,65,29710,247,1661,114,6921,373,28656,360,35577,California
Mendocino,2021-04-08,1503,64380,923,32429,466,30176,114,1775,1009,7558,487,29143,1124,36701,California
Mendocino,2021-04-09,764,65144,429,32858,173,30349,162,1937,400,7756,364,29507,562,37263,California
Mendocino,2021-04-10,409,65553,92,32950,272,30621,45,1982,99,7590,310,29817,144,37407,California
Mendocino,2021-04-11,121,65674,47,32997,19,30640,55,2037,59,7642,62,29879,114,37521,California
Mendocino,2021-04-12,621,66295,514,33511,48,30688,59,2096,406,7892,215,30094,465,37986,California
Mendocino,2021-04-13,294,66589,231,33742,63,30751,0,2096,224,8046,70,30164,224,38210,California
Mendocino,2021-04-14,519,67108,429,34171,90,30841,0,2096,423,8373,96,30260,423,38633,California
Mendocino,2021-04-15,666,67774,332,34503,334,31175,0,2096,389,8491,272,30532,390,39023,California
Mendocino,2021-04-16,125,67899,53,34556,71,31246,1,2097,77,8521,47,30579,77,39100,California
Mendocino,2021-04-17,194,68093,12,34568,182,31428,0,2097,67,8463,125,30704,67,39167,California
Mendocino,2021-04-18,15,68108,7,34575,8,31436,0,2097,7,8464,6,30710,7,39174,California
Mendocino,2021-04-19,538,68646,515,35090,22,31458,1,2098,426,8780,111,30821,427,39601,California
Mendocino,2021-04-20,420,69066,291,35381,129,31587,0,2098,266,8893,153,30974,266,39867,California
Mendocino,2021-04-21,191,69257,134,35515,56,31643,1,2099,116,8936,73,31047,116,39983,California
Mendocino,2021-04-22,484,69741,313,35828,170,31813,1,2100,313,9082,167,31214,313,40296,California
Mendocino,2021-04-23,850,70591,701,36529,149,31962,0,2100,695,9625,152,31366,695,40991,California
Mendocino,2021-04-24,107,70698,14,36543,93,32055,0,2100,100,9718,7,31373,100,41091,California
Mendocino,2021-04-25,58,70756,35,36578,19,32074,4,2104,19,9703,38,31411,23,41114,California
Mendocino,2021-04-26,308,71064,239,36817,64,32138,5,2109,201,9803,106,31517,206,41320,California
Mendocino,2021-04-27,209,71273,92,36909,90,32228,27,2136,95,9811,113,31630,121,41441,California
Mendocino,2021-04-28,224,71497,150,37059,55,32283,19,2155,129,9865,95,31725,149,41590,California
Mendocino,2021-04-29,1147,72644,842,37901,290,32573,15,2170,110,8958,1032,32757,125,41715,California
Mendocino,2021-04-30,606,73250,383,38284,214,32787,9,2179,227,8816,378,33135,236,41951,California
Mendocino,2021-05-01,473,73723,432,38716,33,32820,8,2187,367,9086,105,33240,375,42326,California
Mendocino,2021-05-02,55,73778,45,38761,7,32827,3,2190,8,9050,47,33287,11,42337,California
Mendocino,2021-05-03,146,73924,85,38846,40,32867,21,2211,43,9013,101,33388,64,42401,California
Mendocino,2021-05-04,378,74302,253,39099,92,32959,33,2244,141,8950,237,33625,174,42575,California
Mendocino,2021-05-05,877,75179,791,39890,71,33030,15,2259,220,8528,656,34281,234,42809,California
Mendocino,2021-05-06,632,75811,382,40272,228,33258,22,2281,154,8228,476,34757,176,42985,California
Mendocino,2021-05-07,184,75995,33,40305,127,33385,24,2305,120,8309,63,34820,144,43129,California
Mendocino,2021-05-08,126,76121,4,40309,121,33506,1,2306,110,8405,15,34835,111,43240,California
Mendocino,2021-05-09,21,76142,5,40314,15,33521,1,2307,4,8393,17,34852,5,43245,California
Mendocino,2021-05-10,240,76382,159,40473,76,33597,5,2312,149,8456,91,34943,154,43399,California
Mendocino,2021-05-11,279,76661,142,40615,119,33716,18,2330,131,8456,147,35090,147,43546,California
Mendocino,2021-05-12,141,76802,80,40695,53,33769,8,2338,44,8413,95,35185,52,43598,California
Mendocino,2021-05-13,1232,78034,1124,41819,91,33860,17,2355,322,7842,910,36095,339,43937,California
Mendocino,2021-05-14,717,78751,490,42309,163,34023,64,2419,245,7684,467,36562,309,44246,California
Mendocino,2021-05-15,83,78834,29,42338,50,34073,4,2423,40,7685,43,36605,44,44290,California
Mendocino,2021-05-16,116,78950,103,42441,11,34084,2,2425,98,7769,17,36622,101,44391,California
Mendocino,2021-05-17,170,79120,85,42526,69,34153,16,2441,95,7805,75,36697,111,44502,California
Mendocino,2021-05-18,244,79364,118,42644,98,34251,28,2469,106,7801,137,36834,133,44635,California
Mendocino,2021-05-19,329,79693,193,42837,115,34366,21,2490,242,7979,85,36919,263,44898,California
Mendocino,2021-05-20,291,79984,116,42953,133,34499,42,2532,105,7943,183,37102,147,45045,California
Mendocino,2021-05-21,651,80635,472,43425,164,34663,15,2547,509,8326,141,37243,524,45569,California
Mendocino,2021-05-22,783,81418,673,44098,102,34765,8,2555,241,8034,541,37784,249,45818,California
Mendocino,2021-05-23,28,81446,11,44109,10,34775,7,2562,15,8042,13,37797,21,45839,California
Mendocino,2021-05-24,126,81572,43,44152,62,34837,21,2583,59,8056,66,37863,80,45919,California
Mendocino,2021-05-25,292,81864,175,44327,88,34925,29,2612,134,8061,157,38020,162,46081,California
Mendocino,2021-05-26,323,82187,244,44571,67,34992,12,2624,132,8015,190,38210,144,46225,California
Mendocino,2021-05-27,244,82431,112,44683,110,35102,22,2646,102,7998,140,38350,123,46348,California
Mendocino,2021-05-28,234,82665,96,44779,126,35228,12,2658,153,8084,79,38429,165,46513,California
Mendocino,2021-05-29,47,82712,16,44795,26,35254,5,2663,27,8096,20,38449,32,46545,California
Mendocino,2021-05-30,15,82727,2,44797,12,35266,1,2664,10,8102,5,38454,11,46556,California
Mendocino,2021-05-31,6,82733,0,44797,5,35271,1,2665,2,8102,3,38457,3,46559,California
Mendocino,2021-06-01,311,83044,104,44901,198,35469,9,2674,84,7968,227,38684,93,46652,California
Mendocino,2021-06-02,155,83199,58,44959,89,35558,8,2682,54,7932,98,38782,62,46714,California
Mendocino,2021-06-03,558,83757,459,45418,90,35648,9,2691,123,7636,428,39210,132,46846,California
Mendocino,2021-06-04,320,84077,195,45613,103,35751,22,2713,89,7516,231,39441,111,46957,California
Mendocino,2021-06-05,226,84303,92,45705,116,35867,18,2731,72,7454,152,39593,90,47047,California
Mendocino,2021-06-06,64,84367,58,45763,3,35870,3,2734,2,7397,62,39655,5,47052,California
Mendocino,2021-06-07,148,84515,72,45835,64,35934,12,2746,59,7379,89,39744,71,47123,California
Mendocino,2021-06-08,230,84745,131,45966,87,36021,12,2758,100,7366,125,39869,112,47235,California
Mendocino,2021-06-09,310,85055,249,46215,51,36072,10,2768,107,7281,202,40071,117,47352,California
Mendocino,2021-06-10,121,85176,67,46282,44,36116,10,2778,55,7280,66,40137,65,47417,California
Mendocino,2021-06-11,698,85874,545,46827,131,36247,22,2800,95,6796,601,40738,117,47534,California
Mendocino,2021-06-12,62,85936,40,46867,17,36264,5,2805,17,6774,44,40782,22,47556,California
Mendocino,2021-06-13,29,85965,16,46883,11,36275,2,2807,15,6778,13,40795,17,47573,California
Mendocino,2021-06-14,111,86076,48,46931,44,36319,19,2826,46,6778,64,40859,64,47637,California
Mendocino,2021-06-15,243,86319,151,47082,74,36393,18,2844,68,6689,175,41034,86,47723,California
Mendocino,2021-06-16,267,86586,165,47247,80,36473,22,2866,64,6573,202,41236,86,47809,California
Mendocino,2021-06-17,159,86745,83,47330,59,36532,17,2883,48,6527,111,41347,65,47874,California
Mendocino,2021-06-18,125,86870,51,47381,60,36592,14,2897,41,6498,84,41431,55,47929,California
Mendocino,2021-06-19,72,86942,43,47424,23,36615,6,2903,16,6464,56,41487,22,47951,California
Mendocino,2021-06-20,5,86947,1,47425,0,36615,4,2907,1,6465,4,41491,5,47956,California
Merced,2020-12-16,3,3,3,3,0,0,0,0,3,3,0,0,3,3,California
Merced,2020-12-17,8,11,8,11,0,0,0,0,8,11,0,0,8,11,California
Merced,2020-12-18,144,155,144,155,0,0,0,0,144,155,0,0,144,155,California
Merced,2020-12-19,37,192,37,192,0,0,0,0,37,192,0,0,37,192,California
Merced,2020-12-20,18,210,18,210,0,0,0,0,18,210,0,0,18,210,California
Merced,2020-12-21,123,333,120,330,3,3,0,0,123,333,0,0,123,333,California
Merced,2020-12-22,154,487,154,484,0,3,0,0,154,487,0,0,154,487,California
Merced,2020-12-23,251,738,245,729,6,9,0,0,251,738,0,0,251,738,California
Merced,2020-12-24,72,810,72,801,0,9,0,0,72,810,0,0,72,810,California
Merced,2020-12-25,4,814,4,805,0,9,0,0,4,814,0,0,4,814,California
Merced,2020-12-26,6,820,3,808,3,12,0,0,6,820,0,0,6,820,California
Merced,2020-12-27,12,832,11,819,1,13,0,0,12,832,0,0,12,832,California
Merced,2020-12-28,121,953,96,915,25,38,0,0,121,953,0,0,121,953,California
Merced,2020-12-29,180,1133,123,1038,57,95,0,0,180,1133,0,0,180,1133,California
Merced,2020-12-30,215,1348,88,1126,127,222,0,0,215,1348,0,0,215,1348,California
Merced,2020-12-31,102,1450,34,1160,68,290,0,0,102,1450,0,0,102,1450,California
Merced,2021-01-01,5,1455,1,1161,4,294,0,0,5,1455,0,0,5,1455,California
Merced,2021-01-02,129,1584,118,1279,11,305,0,0,129,1584,0,0,129,1584,California
Merced,2021-01-03,9,1593,5,1284,4,309,0,0,9,1593,0,0,9,1593,California
Merced,2021-01-04,84,1677,43,1327,41,350,0,0,84,1677,0,0,84,1677,California
Merced,2021-01-05,323,2000,233,1560,90,440,0,0,317,1990,6,6,319,1996,California
Merced,2021-01-06,257,2257,105,1665,152,592,0,0,252,2237,5,11,252,2248,California
Merced,2021-01-07,186,2443,83,1748,103,695,0,0,175,2400,12,23,175,2423,California
Merced,2021-01-08,529,2972,395,2143,134,829,0,0,375,2622,153,176,375,2798,California
Merced,2021-01-09,22,2994,9,2152,13,842,0,0,17,2634,5,181,17,2815,California
Merced,2021-01-10,11,3005,7,2159,4,846,0,0,7,2637,4,185,7,2822,California
Merced,2021-01-11,229,3234,171,2330,58,904,0,0,102,2614,127,312,104,2926,California
Merced,2021-01-12,291,3525,168,2498,123,1027,0,0,243,2808,49,361,243,3169,California
Merced,2021-01-13,379,3904,175,2673,204,1231,0,0,227,2886,152,513,230,3399,California
Merced,2021-01-14,326,4230,205,2878,121,1352,0,0,159,2880,166,679,160,3559,California
Merced,2021-01-15,583,4813,129,3007,454,1806,0,0,544,3387,40,719,547,4106,California
Merced,2021-01-16,211,5024,129,3136,82,1888,0,0,194,3564,17,736,194,4300,California
Merced,2021-01-17,50,5074,12,3148,38,1926,0,0,49,3612,1,737,49,4349,California
Merced,2021-01-18,265,5339,126,3274,139,2065,0,0,243,3837,22,759,247,4596,California
Merced,2021-01-19,712,6051,588,3862,124,2189,0,0,539,4209,173,932,545,5141,California
Merced,2021-01-20,572,6623,467,4329,105,2294,0,0,515,4670,57,989,518,5659,California
Merced,2021-01-21,1012,7635,652,4981,360,2654,0,0,912,5485,100,1089,915,6574,California
Merced,2021-01-22,1313,8948,694,5675,619,3273,0,0,1285,6755,27,1116,1297,7871,California
Merced,2021-01-23,323,9271,198,5873,125,3398,0,0,216,6864,107,1223,216,8087,California
Merced,2021-01-24,37,9308,15,5888,22,3420,0,0,28,6884,8,1231,28,8115,California
Merced,2021-01-25,729,10037,241,6129,488,3908,0,0,668,7493,60,1291,669,8784,California
Merced,2021-01-26,919,10956,487,6616,432,4340,0,0,675,7953,216,1507,676,9460,California
Merced,2021-01-27,987,11943,590,7206,397,4737,0,0,815,8598,170,1677,815,10275,California
Merced,2021-01-28,1142,13085,596,7802,546,5283,0,0,1018,9495,123,1800,1020,11295,California
Merced,2021-01-29,846,13931,318,8120,528,5811,0,0,594,9852,240,2040,597,11892,California
Merced,2021-01-30,261,14192,28,8148,233,6044,0,0,243,10077,18,2058,243,12135,California
Merced,2021-01-31,47,14239,11,8159,36,6080,0,0,46,10122,1,2059,46,12181,California
Merced,2021-02-01,383,14622,56,8215,327,6407,0,0,330,10401,52,2111,331,12512,California
Merced,2021-02-02,299,14921,179,8394,120,6527,0,0,178,10462,118,2229,179,12691,California
Merced,2021-02-03,350,15271,72,8466,278,6805,0,0,170,10451,181,2410,170,12861,California
Merced,2021-02-04,372,15643,147,8613,225,7030,0,0,239,10559,132,2542,240,13101,California
Merced,2021-02-05,511,16154,170,8783,341,7371,0,0,271,10594,238,2780,273,13374,California
Merced,2021-02-06,388,16542,217,9000,171,7542,0,0,244,10698,141,2921,245,13619,California
Merced,2021-02-07,20,16562,12,9012,8,7550,0,0,13,10704,7,2928,13,13632,California
Merced,2021-02-08,283,16845,199,9211,84,7634,0,0,171,10766,110,3038,172,13804,California
Merced,2021-02-09,1215,18060,954,10165,261,7895,0,0,772,11104,435,3473,773,14577,California
Merced,2021-02-10,1860,19920,1435,11600,425,8320,0,0,1275,11804,575,4048,1275,15852,California
Merced,2021-02-11,2506,22426,2012,13612,494,8814,0,0,1815,12940,679,4727,1815,17667,California
Merced,2021-02-12,1718,24144,1019,14631,699,9513,0,0,744,12731,956,5683,747,18414,California
Merced,2021-02-13,362,24506,209,14840,153,9666,0,0,264,12903,94,5777,266,18680,California
Merced,2021-02-14,117,24623,25,14865,92,9758,0,0,95,12977,22,5799,96,18776,California
Merced,2021-02-15,274,24897,42,14907,232,9990,0,0,168,13047,99,5898,169,18945,California
Merced,2021-02-16,1218,26115,844,15751,374,10364,0,0,835,13522,364,6262,839,19784,California
Merced,2021-02-17,1889,28004,1644,17395,245,10609,0,0,1313,14284,560,6822,1322,21106,California
Merced,2021-02-18,1217,29221,824,18219,393,11002,0,0,408,13907,788,7610,411,21517,California
Merced,2021-02-19,1262,30483,413,18632,849,11851,0,0,536,13725,720,8330,538,22055,California
Merced,2021-02-20,276,30759,30,18662,246,12097,0,0,138,13727,136,8466,138,22193,California
Merced,2021-02-21,75,30834,61,18723,14,12111,0,0,29,13712,44,8510,29,22222,California
Merced,2021-02-22,832,31666,296,19019,536,12647,0,0,481,13846,349,8859,483,22705,California
Merced,2021-02-23,1082,32748,421,19440,661,13308,0,0,639,14049,437,9296,640,23345,California
Merced,2021-02-24,824,33572,306,19746,518,13826,0,0,455,14145,360,9656,456,23801,California
Merced,2021-02-25,1777,35349,884,20630,893,14719,0,0,1320,15015,453,10109,1323,25124,California
Merced,2021-02-26,2159,37508,1382,22012,777,15496,0,0,1742,16349,409,10518,1743,26867,California
Merced,2021-02-27,2610,40118,1184,23196,1426,16922,0,0,2326,18392,283,10801,2326,29193,California
Merced,2021-02-28,312,40430,73,23269,238,17160,1,1,258,18600,50,10851,258,29451,California
Merced,2021-03-01,1127,41557,282,23551,844,18004,1,2,782,19048,335,11186,783,30234,California
Merced,2021-03-02,1757,43314,910,24461,846,18850,1,3,1363,20028,386,11572,1366,31600,California
Merced,2021-03-03,2240,45554,1739,26200,500,19350,1,4,1476,20761,745,12317,1478,33078,California
Merced,2021-03-04,2903,48457,2275,28475,626,19976,2,6,1927,21733,958,13275,1930,35008,California
Merced,2021-03-05,2077,50534,1198,29673,855,20831,24,30,1533,22762,529,13804,1558,36566,California
Merced,2021-03-06,1169,51703,664,30337,483,21314,22,52,913,23442,255,14059,935,37501,California
Merced,2021-03-07,229,51932,68,30405,137,21451,24,76,201,23639,28,14087,225,37726,California
Merced,2021-03-08,1406,53338,809,31214,532,21983,65,141,1190,24678,215,14302,1254,38980,California
Merced,2021-03-09,1696,55034,1004,32218,583,22566,109,250,1096,25289,594,14896,1205,40185,California
Merced,2021-03-10,2712,57746,1876,34094,635,23201,201,451,1633,26063,1064,15960,1838,42023,California
Merced,2021-03-11,1947,59693,700,34794,1046,24247,201,652,1226,26808,704,16664,1449,43472,California
Merced,2021-03-12,2220,61913,903,35697,1042,25289,275,927,1496,27871,719,17383,1782,45254,California
Merced,2021-03-13,1006,62919,307,36004,457,25746,242,1169,703,28522,295,17678,946,46200,California
Merced,2021-03-14,250,63169,137,36141,83,25829,30,1199,149,28601,100,17778,179,46379,California
Merced,2021-03-15,1526,64695,497,36638,772,26601,257,1456,1004,29347,514,18292,1260,47639,California
Merced,2021-03-16,1473,66168,717,37355,529,27130,227,1683,978,30070,483,18775,1206,48845,California
Merced,2021-03-17,1984,68152,1081,38436,726,27856,177,1860,1525,31325,449,19224,1704,50549,California
Merced,2021-03-18,2135,70287,1259,39695,728,28584,148,2008,1394,32155,726,19950,1556,52105,California
Merced,2021-03-19,2676,72963,1458,41153,1019,29603,199,2207,1386,32460,1280,21230,1585,53690,California
Merced,2021-03-20,2455,75418,1527,42680,533,30136,395,2602,964,32338,1486,22716,1364,55054,California
Merced,2021-03-21,556,75974,343,43023,201,30337,12,2614,437,32670,119,22835,451,55505,California
Merced,2021-03-22,1264,77238,630,43653,557,30894,77,2691,886,33266,369,23204,965,56470,California
Merced,2021-03-23,1888,79126,1158,44811,665,31559,65,2756,1401,34252,479,23683,1465,57935,California
Merced,2021-03-24,1479,80605,935,45746,509,32068,35,2791,997,34809,475,24158,1032,58967,California
Merced,2021-03-25,3334,83939,2286,48032,1024,33092,24,2815,2091,35697,1230,25388,2118,61085,California
Merced,2021-03-26,1949,85888,1096,49128,818,33910,35,2850,899,35595,1036,26424,934,62019,California
Merced,2021-03-27,3572,89460,1913,51041,1241,35151,418,3268,1559,35574,1999,28423,1978,63997,California
Merced,2021-03-28,526,89986,217,51258,301,35452,8,3276,215,35489,308,28731,223,64220,California
Merced,2021-03-29,1836,91822,783,52041,885,36337,168,3444,673,35179,1154,29885,844,65064,California
Merced,2021-03-30,2152,93974,806,52847,1287,37624,59,3503,991,35076,1155,31040,1052,66116,California
Merced,2021-03-31,2156,96130,1414,54261,701,38325,41,3544,952,34885,1186,32226,995,67111,California
Merced,2021-04-01,2350,98480,1053,55314,1167,39492,130,3674,1048,34773,1290,33516,1178,68289,California
Merced,2021-04-02,2341,100821,643,55957,1292,40784,406,4080,788,34433,1535,35051,1195,69484,California
Merced,2021-04-03,1089,101910,600,56557,471,41255,18,4098,668,34709,412,35463,688,70172,California
Merced,2021-04-04,368,102278,142,56699,224,41479,2,4100,141,34628,226,35689,145,70317,California
Merced,2021-04-05,1278,103556,610,57309,454,41933,214,4314,418,34407,852,36541,631,70948,California
Merced,2021-04-06,2420,105976,898,58207,693,42626,829,5143,891,34601,1524,38065,1718,72666,California
Merced,2021-04-07,1675,107651,899,59106,668,43294,108,5251,589,34232,1068,39133,699,73365,California
Merced,2021-04-08,2446,110097,1311,60417,919,44213,216,5467,960,33952,1454,40587,1174,74539,California
Merced,2021-04-09,1706,111803,476,60893,653,44866,577,6044,567,33977,1120,41707,1145,75684,California
Merced,2021-04-10,981,112784,370,61263,424,45290,187,6231,176,33539,799,42506,361,76045,California
Merced,2021-04-11,488,113272,283,61546,71,45361,134,6365,148,33484,338,42844,283,76328,California
Merced,2021-04-12,1508,114780,988,62534,394,45755,126,6491,868,33876,602,43446,994,77322,California
Merced,2021-04-13,2046,116826,1466,64000,578,46333,2,6493,939,33806,1015,44461,945,78267,California
Merced,2021-04-14,2130,118956,1294,65294,836,47169,0,6493,956,33724,1040,45501,958,79225,California
Merced,2021-04-15,3023,121979,1976,67270,1047,48216,0,6493,954,32849,1835,47336,960,80185,California
Merced,2021-04-16,2389,124368,1168,68438,1221,49437,0,6493,975,32510,1316,48652,977,81162,California
Merced,2021-04-17,2105,126473,1446,69884,658,50095,1,6494,686,31788,1411,50063,689,81851,California
Merced,2021-04-18,473,126946,248,70132,225,50320,0,6494,192,31727,253,50316,192,82043,California
Merced,2021-04-19,1336,128282,751,70883,585,50905,0,6494,705,31898,535,50851,706,82749,California
Merced,2021-04-20,1482,129764,742,71625,740,51645,0,6494,803,32093,608,51459,803,83552,California
Merced,2021-04-21,1510,131274,915,72540,595,52240,0,6494,765,32226,633,52092,766,84318,California
Merced,2021-04-22,1622,132896,744,73284,878,53118,0,6494,785,32256,756,52848,786,85104,California
Merced,2021-04-23,1656,134552,690,73974,966,54084,0,6494,890,32428,719,53567,891,85995,California
Merced,2021-04-24,880,135432,703,74677,177,54261,0,6494,554,32661,321,53888,554,86549,California
Merced,2021-04-25,329,135761,189,74866,140,54401,0,6494,194,32724,131,54019,194,86743,California
Merced,2021-04-26,1222,136983,534,75400,688,55089,0,6494,641,32819,548,54567,643,87386,California
Merced,2021-04-27,1776,138759,895,76295,869,55958,12,6506,710,32545,997,55564,723,88109,California
Merced,2021-04-28,1369,140128,680,76975,681,56639,8,6514,782,32773,563,56127,791,88900,California
Merced,2021-04-29,1456,141584,641,77616,790,57429,25,6539,697,32747,750,56877,724,89624,California
Merced,2021-04-30,1460,143044,616,78232,800,58229,44,6583,751,32841,702,57579,796,90420,California
Merced,2021-05-01,563,143607,242,78474,316,58545,5,6588,261,32809,297,57876,265,90685,California
Merced,2021-05-02,297,143904,121,78595,161,58706,15,6603,131,32792,165,58041,148,90833,California
Merced,2021-05-03,846,144750,554,79149,222,58928,70,6673,303,32628,539,58580,375,91208,California
Merced,2021-05-04,1017,145767,545,79694,420,59348,52,6725,374,32415,639,59219,426,91634,California
Merced,2021-05-05,1388,147155,889,80583,423,59771,76,6801,660,32436,716,59935,737,92371,California
Merced,2021-05-06,915,148070,478,81061,387,60158,50,6851,301,32181,606,60541,351,92722,California
Merced,2021-05-07,1126,149196,481,81542,603,60761,42,6893,430,31966,690,61231,475,93197,California
Merced,2021-05-08,398,149594,202,81744,160,60921,36,6929,184,31973,213,61444,220,93417,California
Merced,2021-05-09,211,149805,104,81848,100,61021,7,6936,100,31970,110,61554,107,93524,California
Merced,2021-05-10,696,150501,357,82205,302,61323,37,6973,190,31694,504,62058,228,93752,California
Merced,2021-05-11,1147,151648,681,82886,409,61732,57,7030,439,31487,703,62761,496,94248,California
Merced,2021-05-12,1079,152727,612,83498,425,62157,42,7072,372,31198,704,63465,415,94663,California
Merced,2021-05-13,861,153588,454,83952,364,62521,43,7115,347,31079,509,63974,390,95053,California
Merced,2021-05-14,1029,154617,619,84571,370,62891,40,7155,538,31172,485,64459,578,95631,California
Merced,2021-05-15,761,155378,574,85145,168,63059,19,7174,449,31341,300,64759,469,96100,California
Merced,2021-05-16,350,155728,235,85380,107,63166,8,7182,199,31400,149,64908,208,96308,California
Merced,2021-05-17,1092,156820,711,86091,351,63517,30,7212,538,31422,547,65455,569,96877,California
Merced,2021-05-18,1274,158094,849,86940,394,63911,31,7243,722,31629,546,66001,753,97630,California
Merced,2021-05-19,1109,159203,760,87700,342,64253,7,7250,632,31798,474,66475,643,98273,California
Merced,2021-05-20,1055,160258,557,88257,443,64696,55,7305,405,31612,648,67123,462,98735,California
Merced,2021-05-21,1181,161439,677,88934,476,65172,28,7333,490,31451,680,67803,519,99254,California
Merced,2021-05-22,752,162191,538,89472,201,65373,13,7346,449,31616,300,68103,465,99719,California
Merced,2021-05-23,333,162524,233,89705,88,65461,12,7358,222,31740,110,68213,234,99953,California
Merced,2021-05-24,594,163118,248,89953,316,65777,30,7388,225,31632,364,68577,256,100209,California
Merced,2021-05-25,762,163880,432,90385,296,66073,34,7422,403,31713,356,68933,437,100646,California
Merced,2021-05-26,979,164859,556,90941,390,66463,33,7455,408,31586,569,69502,442,101088,California
Merced,2021-05-27,925,165784,653,91594,239,66702,33,7488,570,31839,351,69853,604,101692,California
Merced,2021-05-28,767,166551,347,91941,373,67075,47,7535,335,31799,423,70276,383,102075,California
Merced,2021-05-29,392,166943,271,92212,113,67188,8,7543,172,31763,217,70493,181,102256,California
Merced,2021-05-30,215,167158,146,92358,58,67246,11,7554,135,31829,80,70573,146,102402,California
Merced,2021-05-31,110,167268,24,92382,80,67326,6,7560,31,31790,77,70650,38,102440,California
Merced,2021-06-01,792,168060,470,92852,290,67616,32,7592,340,31715,447,71097,372,102812,California
Merced,2021-06-02,740,168800,478,93330,236,67852,26,7618,366,31740,367,71464,392,103204,California
Merced,2021-06-03,750,169550,477,93807,240,68092,33,7651,333,31694,411,71875,365,103569,California
Merced,2021-06-04,790,170340,445,94252,323,68415,22,7673,331,31595,453,72328,354,103923,California
Merced,2021-06-05,492,170832,388,94640,94,68509,10,7683,182,31482,305,72633,192,104115,California
Merced,2021-06-06,225,171057,189,94829,30,68539,6,7689,84,31431,141,72774,90,104205,California
Merced,2021-06-07,651,171708,520,95349,119,68658,12,7701,195,31184,456,73230,209,104414,California
Merced,2021-06-08,855,172563,633,95982,198,68856,24,7725,274,30905,577,73807,298,104712,California
Merced,2021-06-09,785,173348,650,96632,120,68976,15,7740,236,30616,540,74347,251,104963,California
Merced,2021-06-10,641,173989,444,97076,178,69154,19,7759,267,30535,367,74714,286,105249,California
Merced,2021-06-11,567,174556,356,97432,196,69350,15,7774,239,30466,325,75039,256,105505,California
Merced,2021-06-12,456,175012,353,97785,80,69430,23,7797,157,30348,298,75337,180,105685,California
Merced,2021-06-13,256,175268,134,97919,117,69547,5,7802,69,30235,187,75524,74,105759,California
Merced,2021-06-14,546,175814,359,98278,154,69701,33,7835,258,30240,287,75811,292,106051,California
Merced,2021-06-15,785,176599,556,98834,202,69903,27,7862,271,30032,507,76318,299,106350,California
Merced,2021-06-16,650,177249,431,99265,197,70100,22,7884,311,30036,329,76647,333,106683,California
Merced,2021-06-17,704,177953,532,99797,142,70242,30,7914,213,29797,483,77130,244,106927,California
Merced,2021-06-18,704,178657,477,100274,204,70446,23,7937,368,29859,329,77459,391,107318,California
Merced,2021-06-19,340,178997,233,100507,82,70528,25,7962,182,29910,156,77615,207,107525,California
Merced,2021-06-20,115,179112,73,100580,35,70563,7,7969,67,29937,47,77662,74,107599,California
Modoc,2020-12-16,2,2,2,2,0,0,0,0,2,2,0,0,2,2,California
Modoc,2020-12-21,99,101,99,101,0,0,0,0,99,101,0,0,99,101,California
Modoc,2020-12-22,14,115,14,115,0,0,0,0,14,115,0,0,14,115,California
Modoc,2020-12-23,4,119,4,119,0,0,0,0,4,119,0,0,4,119,California
Modoc,2020-12-24,1,120,1,120,0,0,0,0,1,120,0,0,1,120,California
Modoc,2020-12-28,2,122,2,122,0,0,0,0,2,122,0,0,2,122,California
Modoc,2020-12-29,9,131,1,123,8,8,0,0,9,131,0,0,9,131,California
Modoc,2020-12-30,9,140,2,125,7,15,0,0,9,140,0,0,9,140,California
Modoc,2021-01-02,3,143,1,126,2,17,0,0,3,143,0,0,3,143,California
Modoc,2021-01-04,8,151,0,126,8,25,0,0,8,151,0,0,8,151,California
Modoc,2021-01-05,3,154,2,128,1,26,0,0,3,154,0,0,3,154,California
Modoc,2021-01-06,4,158,3,131,1,27,0,0,2,154,2,2,2,156,California
Modoc,2021-01-07,72,230,0,131,72,99,0,0,72,226,0,2,72,228,California
Modoc,2021-01-08,107,337,0,131,107,206,0,0,107,333,0,2,107,335,California
Modoc,2021-01-10,1,338,1,132,0,206,0,0,0,332,1,3,0,335,California
Modoc,2021-01-11,91,429,81,213,10,216,0,0,20,281,71,74,20,355,California
Modoc,2021-01-12,94,523,25,238,69,285,0,0,68,323,26,100,68,423,California
Modoc,2021-01-13,24,547,4,242,20,305,0,0,22,343,2,102,22,445,California
Modoc,2021-01-14,129,676,6,248,123,428,0,0,124,462,5,107,124,569,California
Modoc,2021-01-15,6,682,1,249,5,433,0,0,6,468,0,107,6,575,California
Modoc,2021-01-16,2,684,1,250,1,434,0,0,2,470,0,107,2,577,California
Modoc,2021-01-18,3,687,1,251,2,436,0,0,3,473,0,107,3,580,California
Modoc,2021-01-19,4,691,3,254,1,437,0,0,2,473,2,109,2,582,California
Modoc,2021-01-20,15,706,4,258,11,448,0,0,13,484,2,111,13,595,California
Modoc,2021-01-21,160,866,2,260,158,606,0,0,160,644,0,111,160,755,California
Modoc,2021-01-22,4,870,2,262,2,608,0,0,4,648,0,111,4,759,California
Modoc,2021-01-25,12,882,0,262,12,620,0,0,12,660,0,111,12,771,California
Modoc,2021-01-26,117,999,2,264,115,735,0,0,117,777,0,111,117,888,California
Modoc,2021-01-27,47,1046,3,267,44,779,0,0,32,794,15,126,32,920,California
Modoc,2021-01-28,148,1194,4,271,144,923,0,0,147,940,1,127,147,1067,California
Modoc,2021-01-29,4,1198,1,272,3,926,0,0,4,944,0,127,4,1071,California
Modoc,2021-02-01,26,1224,13,285,13,939,0,0,12,942,14,141,12,1083,California
Modoc,2021-02-02,176,1400,2,287,174,1113,0,0,173,1112,3,144,173,1256,California
Modoc,2021-02-03,17,1417,12,299,5,1118,0,0,10,1115,7,151,10,1266,California
Modoc,2021-02-04,160,1577,3,302,157,1275,0,0,31,1017,129,280,31,1297,California
Modoc,2021-02-05,4,1581,2,304,2,1277,0,0,2,1017,2,282,2,1299,California
Modoc,2021-02-08,11,1592,1,305,10,1287,0,0,10,1026,1,283,10,1309,California
Modoc,2021-02-09,199,1791,11,316,188,1475,0,0,66,959,133,416,66,1375,California
Modoc,2021-02-10,6,1797,3,319,3,1478,0,0,4,961,2,418,4,1379,California
Modoc,2021-02-11,200,1997,2,321,198,1676,0,0,82,925,118,536,82,1461,California
Modoc,2021-02-12,9,2006,2,323,7,1683,0,0,3,922,6,542,3,1464,California
Modoc,2021-02-13,2,2008,0,323,2,1685,0,0,1,922,1,543,1,1465,California
Modoc,2021-02-16,147,2155,6,329,141,1826,0,0,141,1057,6,549,141,1606,California
Modoc,2021-02-17,25,2180,2,331,23,1849,0,0,11,1054,14,563,11,1617,California
Modoc,2021-02-18,191,2371,4,335,187,2036,0,0,22,910,168,731,24,1641,California
Modoc,2021-02-19,3,2374,3,338,0,2036,0,0,2,911,1,732,2,1643,California
Modoc,2021-02-20,1,2375,1,339,0,2036,0,0,0,910,1,733,0,1643,California
Modoc,2021-02-22,17,2392,9,348,8,2044,0,0,3,899,14,747,3,1646,California
Modoc,2021-02-23,83,2475,2,350,81,2125,0,0,11,838,72,819,11,1657,California
Modoc,2021-02-24,95,2570,2,352,93,2218,0,0,32,807,63,882,32,1689,California
Modoc,2021-02-25,172,2742,0,352,172,2390,0,0,13,661,159,1041,13,1702,California
Modoc,2021-02-26,2,2744,0,352,2,2392,0,0,1,661,1,1042,1,1703,California
Modoc,2021-02-27,2,2746,2,354,0,2392,0,0,2,663,0,1042,2,1705,California
Modoc,2021-03-01,5,2751,0,354,5,2397,0,0,0,659,4,1046,0,1705,California
Modoc,2021-03-02,198,2949,11,365,187,2584,0,0,26,513,172,1218,26,1731,California
Modoc,2021-03-03,12,2961,6,371,6,2590,0,0,2,505,10,1228,2,1733,California
Modoc,2021-03-04,175,3136,0,371,175,2765,0,0,147,624,28,1256,147,1880,California
Modoc,2021-03-05,2,3138,1,372,1,2766,0,0,1,624,1,1257,1,1881,California
Modoc,2021-03-06,11,3149,0,372,1,2767,10,10,1,625,10,1267,11,1892,California
Modoc,2021-03-07,8,3157,2,374,0,2767,6,16,2,627,6,1273,8,1900,California
Modoc,2021-03-08,8,3165,1,375,3,2770,4,20,1,626,6,1279,5,1905,California
Modoc,2021-03-09,127,3292,10,385,109,2879,8,28,61,629,66,1345,69,1974,California
Modoc,2021-03-10,9,3301,3,388,2,2881,4,32,4,632,5,1350,8,1982,California
Modoc,2021-03-11,209,3510,1,389,99,2980,109,141,23,578,186,1536,132,2114,California
Modoc,2021-03-12,10,3520,1,390,4,2984,5,146,4,581,6,1542,9,2123,California
Modoc,2021-03-13,4,3524,0,390,1,2985,3,149,1,582,3,1545,4,2127,California
Modoc,2021-03-15,14,3538,0,390,13,2998,1,150,12,593,2,1547,13,2140,California
Modoc,2021-03-16,173,3711,1,391,168,3166,4,154,42,507,131,1678,45,2185,California
Modoc,2021-03-17,11,3722,2,393,4,3170,5,159,2,505,9,1687,7,2192,California
Modoc,2021-03-18,67,3789,2,395,58,3228,7,166,36,517,31,1718,43,2235,California
Modoc,2021-03-19,5,3794,0,395,0,3228,5,171,0,517,5,1723,5,2240,California
Modoc,2021-03-20,5,3799,2,397,0,3228,3,174,0,515,5,1728,3,2243,California
Modoc,2021-03-21,3,3802,1,398,0,3228,2,176,1,516,2,1730,3,2246,California
Modoc,2021-03-22,17,3819,1,399,11,3239,5,181,12,528,5,1735,17,2263,California
Modoc,2021-03-23,63,3882,6,405,54,3293,3,184,44,556,19,1754,47,2310,California
Modoc,2021-03-24,29,3911,1,406,18,3311,10,194,1,539,28,1782,11,2321,California
Modoc,2021-03-25,79,3990,3,409,74,3385,2,196,47,556,32,1814,49,2370,California
Modoc,2021-03-26,7,3997,3,412,1,3386,3,199,2,556,5,1819,5,2375,California
Modoc,2021-03-27,2,3999,0,412,1,3387,1,200,1,557,1,1820,2,2377,California
Modoc,2021-03-29,15,4014,1,413,6,3393,8,208,6,562,9,1829,14,2391,California
Modoc,2021-03-30,53,4067,8,421,39,3432,6,214,20,555,33,1862,26,2417,California
Modoc,2021-03-31,10,4077,3,424,3,3435,4,218,4,557,6,1868,8,2425,California
Modoc,2021-04-01,170,4247,3,427,162,3597,5,223,34,460,136,2004,39,2464,California
Modoc,2021-04-02,5,4252,0,427,2,3599,3,226,1,461,3,2007,4,2468,California
Modoc,2021-04-03,3,4255,0,427,0,3599,3,229,0,461,2,2009,2,2470,California
Modoc,2021-04-05,10,4265,0,427,9,3608,1,230,9,470,1,2010,10,2480,California
Modoc,2021-04-06,23,4288,5,432,8,3616,10,240,5,467,18,2028,15,2495,California
Modoc,2021-04-07,12,4300,1,433,4,3620,7,247,3,468,9,2037,10,2505,California
Modoc,2021-04-08,94,4394,1,434,92,3712,1,248,26,427,68,2105,27,2532,California
Modoc,2021-04-09,11,4405,2,436,6,3718,3,251,2,422,9,2114,4,2536,California
Modoc,2021-04-10,5,4410,0,436,1,3719,4,255,0,421,5,2119,4,2540,California
Modoc,2021-04-11,2,4412,2,438,0,3719,0,255,1,421,1,2120,1,2541,California
Modoc,2021-04-12,14,4426,0,438,10,3729,4,259,1,415,11,2131,5,2546,California
Modoc,2021-04-13,33,4459,29,467,4,3733,0,259,22,426,11,2142,22,2568,California
Modoc,2021-04-14,2,4461,2,469,0,3733,0,259,1,426,1,2143,1,2569,California
Modoc,2021-04-15,102,4563,0,469,102,3835,0,259,29,382,73,2216,29,2598,California
Modoc,2021-04-16,6,4569,4,473,2,3837,0,259,5,386,1,2217,5,2603,California
Modoc,2021-04-17,2,4571,2,475,0,3837,0,259,2,388,0,2217,2,2605,California
Modoc,2021-04-18,1,4572,0,475,1,3838,0,259,1,389,0,2217,1,2606,California
Modoc,2021-04-19,7,4579,0,475,7,3845,0,259,2,386,5,2222,2,2608,California
Modoc,2021-04-20,48,4627,2,477,46,3891,0,259,11,360,37,2259,11,2619,California
Modoc,2021-04-21,3,4630,3,480,0,3891,0,259,1,359,2,2261,1,2620,California
Modoc,2021-04-22,97,4727,3,483,94,3985,0,259,38,338,59,2320,38,2658,California
Modoc,2021-04-23,3,4730,0,483,3,3988,0,259,3,341,0,2320,3,2661,California
Modoc,2021-04-24,2,4732,0,483,1,3989,1,260,1,342,1,2321,2,2663,California
Modoc,2021-04-25,1,4733,1,484,0,3989,0,260,1,343,0,2321,1,2664,California
Modoc,2021-04-26,8,4741,0,484,8,3997,0,260,2,339,6,2327,2,2666,California
Modoc,2021-04-27,6,4747,5,489,0,3997,1,261,1,336,5,2332,2,2668,California
Modoc,2021-04-28,6,4753,1,490,4,4001,1,262,2,335,4,2336,3,2671,California
Modoc,2021-04-29,65,4818,0,490,65,4066,0,262,20,310,45,2381,20,2691,California
Modoc,2021-04-30,3,4821,2,492,1,4067,0,262,1,309,2,2383,1,2692,California
Modoc,2021-05-02,4,4825,3,495,1,4068,0,262,3,311,1,2384,3,2695,California
Modoc,2021-05-03,15,4840,0,495,14,4082,1,263,5,307,10,2394,6,2701,California
Modoc,2021-05-04,8,4848,2,497,4,4086,2,265,3,307,5,2399,5,2706,California
Modoc,2021-05-05,28,4876,25,522,2,4088,1,266,8,296,20,2419,9,2715,California
Modoc,2021-05-06,55,4931,3,525,50,4138,2,268,21,285,34,2453,23,2738,California
Modoc,2021-05-07,8,4939,3,528,3,4141,2,270,2,283,6,2459,4,2742,California
Modoc,2021-05-08,3,4942,2,530,0,4141,1,271,1,283,2,2461,2,2744,California
Modoc,2021-05-09,1,4943,1,531,0,4141,0,271,0,282,1,2462,0,2744,California
Modoc,2021-05-10,2,4945,0,531,1,4142,1,272,1,283,1,2463,2,2746,California
Modoc,2021-05-11,3,4948,2,533,0,4142,1,273,0,281,3,2466,1,2747,California
Modoc,2021-05-12,3,4951,0,533,0,4142,3,276,0,281,3,2469,3,2750,California
Modoc,2021-05-13,44,4995,0,533,40,4182,4,280,14,269,30,2499,18,2768,California
Modoc,2021-05-14,8,5003,3,536,0,4182,5,285,3,272,5,2504,8,2776,California
Modoc,2021-05-15,4,5007,3,539,1,4183,0,285,4,276,0,2504,4,2780,California
Modoc,2021-05-16,2,5009,1,540,1,4184,0,285,0,274,2,2506,0,2780,California
Modoc,2021-05-17,7,5016,3,543,4,4188,0,285,4,275,3,2509,4,2784,California
Modoc,2021-05-18,27,5043,12,555,13,4201,2,287,13,276,14,2523,15,2799,California
Modoc,2021-05-19,8,5051,1,556,3,4204,4,291,4,280,4,2527,8,2807,California
Modoc,2021-05-20,57,5108,2,558,46,4250,9,300,8,248,49,2576,17,2824,California
Modoc,2021-05-21,4,5112,2,560,1,4251,1,301,1,247,3,2579,2,2826,California
Modoc,2021-05-22,2,5114,2,562,0,4251,0,301,1,247,1,2580,1,2827,California
Modoc,2021-05-23,2,5116,2,564,0,4251,0,301,0,245,2,2582,0,2827,California
Modoc,2021-05-24,4,5120,1,565,1,4252,2,303,2,247,2,2584,4,2831,California
Modoc,2021-05-25,1,5121,0,565,1,4253,0,303,1,248,0,2584,1,2832,California
Modoc,2021-05-26,34,5155,31,596,3,4256,0,303,24,263,10,2594,25,2857,California
Modoc,2021-05-27,31,5186,3,599,22,4278,6,309,8,254,23,2617,14,2871,California
Modoc,2021-05-28,8,5194,1,600,4,4282,3,312,3,255,5,2622,6,2877,California
Modoc,2021-05-29,1,5195,1,601,0,4282,0,312,0,254,1,2623,0,2877,California
Modoc,2021-06-01,7,5202,0,601,6,4288,1,313,2,252,5,2628,3,2880,California
Modoc,2021-06-02,13,5215,0,601,11,4299,2,315,5,251,8,2636,7,2887,California
Modoc,2021-06-03,24,5239,1,602,21,4320,2,317,4,237,20,2656,6,2893,California
Modoc,2021-06-04,5,5244,3,605,1,4321,1,318,0,233,5,2661,1,2894,California
Modoc,2021-06-07,4,5248,4,609,0,4321,0,318,1,231,3,2664,1,2895,California
Modoc,2021-06-08,24,5272,6,615,17,4338,1,319,18,244,6,2670,19,2914,California
Modoc,2021-06-09,3,5275,2,617,1,4339,0,319,2,245,1,2671,2,2916,California
Modoc,2021-06-10,20,5295,1,618,18,4357,1,320,7,240,13,2684,8,2924,California
Modoc,2021-06-11,2,5297,1,619,1,4358,0,320,2,242,0,2684,2,2926,California
Modoc,2021-06-12,1,5298,1,620,0,4358,0,320,0,241,1,2685,0,2926,California
Modoc,2021-06-14,4,5302,0,620,2,4360,2,322,0,239,4,2689,2,2928,California
Modoc,2021-06-15,6,5308,0,620,4,4364,2,324,3,241,3,2692,5,2933,California
Modoc,2021-06-16,39,5347,25,645,9,4373,5,329,21,250,18,2710,27,2960,California
Modoc,2021-06-17,47,5394,22,667,24,4397,1,330,26,256,21,2731,27,2987,California
Modoc,2021-06-18,5,5399,0,667,3,4400,2,332,3,259,2,2733,5,2992,California
Modoc,2021-06-19,3,5402,0,667,1,4401,2,334,1,260,2,2735,3,2995,California
Mono,2020-12-18,1,1,1,1,0,0,0,0,1,1,0,0,1,1,California
Mono,2020-12-19,5,6,5,6,0,0,0,0,5,6,0,0,5,6,California
Mono,2020-12-20,7,13,7,13,0,0,0,0,7,13,0,0,7,13,California
Mono,2020-12-21,24,37,17,30,7,7,0,0,24,37,0,0,24,37,California
Mono,2020-12-22,68,105,67,97,1,8,0,0,68,105,0,0,68,105,California
Mono,2020-12-23,73,178,45,142,28,36,0,0,73,178,0,0,73,178,California
Mono,2020-12-24,3,181,1,143,2,38,0,0,3,181,0,0,3,181,California
Mono,2020-12-26,4,185,4,147,0,38,0,0,4,185,0,0,4,185,California
Mono,2020-12-27,1,186,0,147,1,39,0,0,1,186,0,0,1,186,California
Mono,2020-12-28,93,279,62,209,31,70,0,0,93,279,0,0,93,279,California
Mono,2020-12-29,29,308,29,238,0,70,0,0,29,308,0,0,29,308,California
Mono,2020-12-30,77,385,36,274,41,111,0,0,77,385,0,0,77,385,California
Mono,2020-12-31,4,389,1,275,3,114,0,0,4,389,0,0,4,389,California
Mono,2021-01-01,4,393,4,279,0,114,0,0,4,393,0,0,4,393,California
Mono,2021-01-02,2,395,2,281,0,114,0,0,2,395,0,0,2,395,California
Mono,2021-01-04,2,397,0,281,2,116,0,0,2,397,0,0,2,397,California
Mono,2021-01-05,45,442,2,283,43,159,0,0,44,440,1,1,44,441,California
Mono,2021-01-06,52,494,0,283,52,211,0,0,52,492,0,1,52,493,California
Mono,2021-01-07,55,549,3,286,52,263,0,0,53,544,2,3,54,547,California
Mono,2021-01-08,3,552,1,287,2,265,0,0,2,545,1,4,2,549,California
Mono,2021-01-09,4,556,4,291,0,265,0,0,0,541,4,8,0,549,California
Mono,2021-01-10,5,561,5,296,0,265,0,0,0,536,5,13,0,549,California
Mono,2021-01-11,8,569,5,301,3,268,0,0,4,536,4,17,4,553,California
Mono,2021-01-12,286,855,78,379,208,476,0,0,220,691,65,82,220,773,California
Mono,2021-01-13,238,1093,75,454,163,639,0,0,182,817,56,138,182,955,California
Mono,2021-01-14,75,1168,72,526,3,642,0,0,74,890,1,139,74,1029,California
Mono,2021-01-15,68,1236,2,528,66,708,0,0,68,958,0,139,68,1097,California
Mono,2021-01-16,5,1241,4,532,1,709,0,0,1,955,4,143,1,1098,California
Mono,2021-01-18,63,1304,54,586,9,718,0,0,2,896,61,204,2,1100,California
Mono,2021-01-19,216,1520,213,799,3,721,0,0,177,1035,39,243,178,1278,California
Mono,2021-01-20,235,1755,202,1001,33,754,0,0,174,1148,61,304,174,1452,California
Mono,2021-01-21,7,1762,4,1005,3,757,0,0,7,1155,0,304,7,1459,California
Mono,2021-01-22,5,1767,0,1005,5,762,0,0,5,1160,0,304,5,1464,California
Mono,2021-01-23,600,2367,600,1605,0,762,0,0,599,1758,1,305,599,2063,California
Mono,2021-01-24,1,2368,0,1605,1,763,0,0,0,1757,1,306,0,2063,California
Mono,2021-01-25,203,2571,166,1771,37,800,0,0,165,1884,38,344,165,2228,California
Mono,2021-01-26,511,3082,509,2280,2,802,0,0,505,2383,6,350,505,2733,California
Mono,2021-01-27,5,3087,1,2281,4,806,0,0,5,2388,0,350,5,2738,California
Mono,2021-01-28,6,3093,2,2283,4,810,0,0,2,2386,4,354,2,2740,California
Mono,2021-01-30,200,3293,198,2481,2,812,0,0,199,2584,1,355,199,2939,California
Mono,2021-01-31,252,3545,139,2620,113,925,0,0,140,2612,112,467,140,3079,California
Mono,2021-02-01,27,3572,27,2647,0,925,0,0,0,2585,27,494,0,3079,California
Mono,2021-02-02,5,3577,0,2647,5,930,0,0,2,2584,3,497,2,3081,California
Mono,2021-02-03,6,3583,2,2649,4,934,0,0,3,2584,3,500,3,3084,California
Mono,2021-02-04,214,3797,158,2807,56,990,0,0,91,2554,121,621,91,3175,California
Mono,2021-02-05,624,4421,618,3425,6,996,0,0,621,3172,3,624,621,3796,California
Mono,2021-02-06,136,4557,135,3560,1,997,0,0,135,3306,1,625,135,3931,California
Mono,2021-02-07,2,4559,0,3560,2,999,0,0,2,3308,0,625,2,3933,California
Mono,2021-02-08,175,4734,174,3734,1,1000,0,0,16,3166,158,783,16,3949,California
Mono,2021-02-09,229,4963,8,3742,221,1221,0,0,14,2965,215,998,14,3963,California
Mono,2021-02-10,539,5502,189,3931,350,1571,0,0,192,2811,347,1345,193,4156,California
Mono,2021-02-11,9,5511,5,3936,4,1575,0,0,3,2808,6,1351,3,4159,California
Mono,2021-02-12,93,5604,22,3958,71,1646,0,0,28,2771,65,1416,28,4187,California
Mono,2021-02-13,594,6198,594,4552,0,1646,0,0,26,2230,567,1983,26,4213,California
Mono,2021-02-15,168,6366,166,4718,2,1648,0,0,3,2070,163,2146,3,4216,California
Mono,2021-02-16,524,6890,519,5237,5,1653,0,0,46,1642,475,2621,47,4263,California
Mono,2021-02-17,6,6896,2,5239,4,1657,0,0,2,1640,4,2625,2,4265,California
Mono,2021-02-18,6,6902,2,5241,4,1661,0,0,2,1638,4,2629,2,4267,California
Mono,2021-02-19,54,6956,53,5294,1,1662,0,0,54,1692,0,2629,54,4321,California
Mono,2021-02-20,6,6962,6,5300,0,1662,0,0,6,1698,0,2629,6,4327,California
Mono,2021-02-21,9,6971,9,5309,0,1662,0,0,7,1703,2,2631,7,4334,California
Mono,2021-02-22,283,7254,282,5591,1,1663,0,0,24,1469,258,2889,24,4358,California
Mono,2021-02-23,142,7396,119,5710,23,1686,0,0,26,1379,116,3005,26,4384,California
Mono,2021-02-24,12,7408,3,5713,9,1695,0,0,4,1375,8,3013,4,4388,California
Mono,2021-02-25,5,7413,2,5715,3,1698,0,0,3,1377,1,3014,3,4391,California
Mono,2021-02-26,605,8018,603,6318,2,1700,0,0,20,813,584,3598,20,4411,California
Mono,2021-02-27,139,8157,135,6453,4,1704,0,0,4,684,133,3731,4,4415,California
Mono,2021-02-28,1,8158,0,6453,0,1704,1,1,0,684,1,3732,1,4416,California
Mono,2021-03-01,3,8161,2,6455,1,1705,0,1,2,686,0,3732,2,4418,California
Mono,2021-03-02,8,8169,4,6459,4,1709,0,1,6,690,2,3734,6,4424,California
Mono,2021-03-03,114,8283,3,6462,111,1820,0,1,110,797,3,3737,110,4534,California
Mono,2021-03-04,7,8290,2,6464,5,1825,0,1,3,796,4,3741,3,4537,California
Mono,2021-03-05,41,8331,30,6494,11,1836,0,1,14,783,27,3768,14,4551,California
Mono,2021-03-06,517,8848,18,6512,499,2335,0,1,508,1285,7,3775,509,5060,California
Mono,2021-03-07,1,8849,0,6512,1,2336,0,1,0,1284,1,3776,0,5060,California
Mono,2021-03-08,549,9398,11,6523,535,2871,3,4,538,1814,11,3787,541,5601,California
Mono,2021-03-09,6,9404,2,6525,3,2874,1,5,3,1816,2,3789,4,5605,California
Mono,2021-03-10,286,9690,91,6616,192,3066,3,8,9,1554,274,4063,12,5617,California
Mono,2021-03-11,10,9700,0,6616,1,3067,9,17,0,1553,10,4073,9,5626,California
Mono,2021-03-12,7,9707,1,6617,1,3068,5,22,0,1551,7,4080,5,5631,California
Mono,2021-03-13,838,10545,397,7014,440,3508,1,23,826,2366,12,4092,827,6458,California
Mono,2021-03-14,7,10552,7,7021,0,3508,0,23,1,2361,6,4098,1,6459,California
Mono,2021-03-15,31,10583,23,7044,3,3511,5,28,14,2364,16,4114,19,6478,California
Mono,2021-03-16,17,10600,6,7050,5,3516,6,34,8,2369,9,4123,14,6492,California
Mono,2021-03-17,32,10632,4,7054,20,3536,8,42,20,2385,12,4135,28,6520,California
Mono,2021-03-18,21,10653,2,7056,11,3547,8,50,9,2390,12,4147,17,6537,California
Mono,2021-03-19,21,10674,1,7057,17,3564,3,53,17,2407,3,4150,20,6557,California
Mono,2021-03-20,5,10679,3,7060,1,3565,1,54,4,2411,1,4151,5,6562,California
Mono,2021-03-22,11,10690,0,7060,6,3571,5,59,5,2415,6,4157,10,6572,California
Mono,2021-03-23,45,10735,6,7066,34,3605,5,64,17,2409,28,4185,22,6594,California
Mono,2021-03-24,14,10749,1,7067,8,3613,5,69,5,2411,9,4194,11,6605,California
Mono,2021-03-25,19,10768,3,7070,12,3625,4,73,13,2422,6,4200,17,6622,California
Mono,2021-03-26,19,10787,3,7073,11,3636,5,78,10,2429,8,4208,15,6637,California
Mono,2021-03-27,365,11152,362,7435,3,3639,0,78,339,2742,26,4234,339,6976,California
Mono,2021-03-29,11,11163,2,7437,8,3647,1,79,9,2750,2,4236,10,6986,California
Mono,2021-03-30,14,11177,0,7437,10,3657,4,83,7,2754,7,4243,11,6997,California
Mono,2021-03-31,136,11313,8,7445,127,3784,1,84,24,2668,111,4354,25,7022,California
Mono,2021-04-01,10,11323,0,7445,10,3794,0,84,6,2670,4,4358,6,7028,California
Mono,2021-04-02,18,11341,2,7447,16,3810,0,84,8,2668,10,4368,8,7036,California
Mono,2021-04-03,886,12227,381,7828,505,4315,0,84,50,1885,833,5201,50,7086,California
Mono,2021-04-04,1,12228,1,7829,0,4315,0,84,0,1884,1,5202,0,7086,California
Mono,2021-04-05,546,12774,19,7848,526,4841,1,85,35,1410,510,5712,36,7122,California
Mono,2021-04-06,20,12794,1,7849,6,4847,13,98,2,1407,18,5730,15,7137,California
Mono,2021-04-07,23,12817,2,7851,2,4849,19,117,2,1407,21,5751,21,7158,California
Mono,2021-04-08,25,12842,4,7855,3,4852,18,135,6,1412,19,5770,24,7182,California
Mono,2021-04-09,39,12881,6,7861,4,4856,29,164,9,1420,30,5800,38,7220,California
Mono,2021-04-10,457,13338,2,7863,448,5304,7,171,31,1032,426,6226,38,7258,California
Mono,2021-04-12,6,13344,0,7863,3,5307,3,174,3,1035,3,6229,6,7264,California
Mono,2021-04-13,20,13364,2,7865,17,5324,1,175,14,1044,6,6235,15,7279,California
Mono,2021-04-14,26,13390,2,7867,24,5348,0,175,8,1034,18,6253,8,7287,California
Mono,2021-04-15,20,13410,5,7872,15,5363,0,175,10,1034,10,6263,10,7297,California
Mono,2021-04-16,18,13428,1,7873,17,5380,0,175,7,1030,11,6274,7,7304,California
Mono,2021-04-17,52,13480,2,7875,50,5430,0,175,45,1068,7,6281,45,7349,California
Mono,2021-04-18,1,13481,0,7875,1,5431,0,175,1,1069,0,6281,1,7350,California
Mono,2021-04-19,551,14032,340,8215,211,5642,0,175,205,934,344,6625,209,7559,California
Mono,2021-04-20,14,14046,2,8217,12,5654,0,175,9,938,5,6630,9,7568,California
Mono,2021-04-21,8,14054,1,8218,7,5661,0,175,2,934,6,6636,2,7570,California
Mono,2021-04-22,25,14079,11,8229,14,5675,0,175,11,931,14,6650,11,7581,California
Mono,2021-04-23,22,14101,2,8231,20,5695,0,175,12,933,10,6660,12,7593,California
Mono,2021-04-24,37,14138,23,8254,14,5709,0,175,22,940,15,6675,22,7615,California
Mono,2021-04-25,5,14143,4,8258,1,5710,0,175,5,945,0,6675,5,7620,California
Mono,2021-04-26,14,14157,2,8260,12,5722,0,175,3,937,11,6686,3,7623,California
Mono,2021-04-27,68,14225,41,8301,19,5741,8,183,51,979,17,6703,59,7682,California
Mono,2021-04-28,64,14289,40,8341,19,5760,5,188,48,1018,14,6717,53,7735,California
Mono,2021-04-29,12,14301,3,8344,6,5766,3,191,3,1015,9,6726,6,7741,California
Mono,2021-04-30,19,14320,4,8348,12,5778,3,194,8,1015,11,6737,11,7752,California
Mono,2021-05-01,112,14432,5,8353,107,5885,0,194,99,1102,12,6749,99,7851,California
Mono,2021-05-02,2,14434,2,8355,0,5885,0,194,1,1102,1,6750,1,7852,California
Mono,2021-05-03,2,14436,1,8356,1,5886,0,194,1,1102,1,6751,1,7853,California
Mono,2021-05-04,19,14455,0,8356,14,5900,5,199,10,1108,9,6760,15,7868,California
Mono,2021-05-05,52,14507,8,8364,40,5940,4,203,45,1150,7,6767,49,7917,California
Mono,2021-05-06,15,14522,3,8367,11,5951,1,204,9,1154,6,6773,10,7927,California
Mono,2021-05-07,29,14551,22,8389,7,5958,0,204,25,1175,4,6777,25,7952,California
Mono,2021-05-08,53,14604,7,8396,46,6004,0,204,23,1168,30,6807,23,7975,California
Mono,2021-05-09,1,14605,1,8397,0,6004,0,204,0,1168,0,6807,0,7975,California
Mono,2021-05-10,17,14622,1,8398,12,6016,4,208,9,1173,8,6815,13,7988,California
Mono,2021-05-11,16,14638,2,8400,11,6027,3,211,5,1170,11,6826,8,7996,California
Mono,2021-05-12,12,14650,0,8400,11,6038,1,212,4,1167,8,6834,5,8001,California
Mono,2021-05-13,47,14697,31,8431,15,6053,1,213,38,1197,9,6843,39,8040,California
Mono,2021-05-14,10,14707,1,8432,8,6061,1,214,5,1198,5,6848,6,8046,California
Mono,2021-05-15,71,14778,29,8461,35,6096,7,221,20,1174,51,6899,27,8073,California
Mono,2021-05-16,6,14784,4,8465,1,6097,1,222,2,1173,4,6903,3,8076,California
Mono,2021-05-17,251,15035,34,8499,210,6307,7,229,54,1039,196,7099,62,8138,California
Mono,2021-05-18,133,15168,110,8609,22,6329,1,230,87,1082,46,7145,89,8227,California
Mono,2021-05-19,118,15286,112,8721,1,6330,5,235,75,1119,43,7188,80,8307,California
Mono,2021-05-20,71,15357,56,8777,10,6340,5,240,54,1161,17,7205,59,8366,California
Mono,2021-05-21,24,15381,4,8781,17,6357,3,243,10,1160,14,7219,13,8379,California
Mono,2021-05-22,21,15402,11,8792,8,6365,2,245,15,1171,6,7225,17,8396,California
Mono,2021-05-23,2,15404,0,8792,2,6367,0,245,1,1171,1,7226,1,8397,California
Mono,2021-05-24,15,15419,1,8793,13,6380,1,246,8,1174,7,7233,10,8407,California
Mono,2021-05-25,16,15435,5,8798,11,6391,0,246,9,1176,7,7240,9,8416,California
Mono,2021-05-26,18,15453,2,8800,15,6406,1,247,7,1173,11,7251,8,8424,California
Mono,2021-05-27,9,15462,0,8800,9,6415,0,247,6,1177,2,7253,6,8430,California
Mono,2021-05-28,41,15503,28,8828,13,6428,0,247,10,1156,31,7284,10,8440,California
Mono,2021-05-29,131,15634,27,8855,101,6529,3,250,31,1090,100,7384,34,8474,California
Mono,2021-06-01,15,15649,7,8862,8,6537,0,250,8,1091,7,7391,8,8482,California
Mono,2021-06-02,47,15696,3,8865,44,6581,0,250,10,1064,37,7428,10,8492,California
Mono,2021-06-03,10,15706,1,8866,7,6588,2,252,1,1058,9,7437,3,8495,California
Mono,2021-06-04,13,15719,2,8868,10,6598,1,253,4,1054,9,7446,5,8500,California
Mono,2021-06-05,43,15762,23,8891,20,6618,0,253,5,1021,38,7484,5,8505,California
Mono,2021-06-06,1,15763,0,8891,1,6619,0,253,0,1020,1,7485,0,8505,California
Mono,2021-06-07,99,15862,87,8978,8,6627,4,257,12,949,87,7572,16,8521,California
Mono,2021-06-08,111,15973,101,9079,8,6635,2,259,12,864,99,7671,14,8535,California
Mono,2021-06-09,8,15981,3,9082,5,6640,0,259,1,858,7,7678,1,8536,California
Mono,2021-06-10,6,15987,0,9082,4,6644,2,261,2,858,4,7682,4,8540,California
Mono,2021-06-11,74,16061,62,9144,7,6651,5,266,7,803,67,7749,12,8552,California
Mono,2021-06-12,1,16062,1,9145,0,6651,0,266,0,802,1,7750,0,8552,California
Mono,2021-06-13,1,16063,0,9145,1,6652,0,266,1,803,0,7750,1,8553,California
Mono,2021-06-14,64,16127,30,9175,28,6680,6,272,20,785,44,7794,26,8579,California
Mono,2021-06-15,8,16135,5,9180,3,6683,0,272,4,785,4,7798,4,8583,California
Mono,2021-06-16,14,16149,5,9185,9,6692,0,272,6,783,8,7806,6,8589,California
Mono,2021-06-17,6,16155,2,9187,3,6695,1,273,3,784,3,7809,4,8593,California
Mono,2021-06-18,6,16161,3,9190,2,6697,1,274,2,784,3,7812,3,8596,California
Mono,2021-06-19,4,16165,4,9194,0,6697,0,274,4,788,0,7812,4,8600,California
Monterey,2020-12-16,6,6,6,6,0,0,0,0,6,6,0,0,6,6,California
Monterey,2020-12-17,89,95,89,95,0,0,0,0,89,95,0,0,89,95,California
Monterey,2020-12-18,494,589,494,589,0,0,0,0,494,589,0,0,494,589,California
Monterey,2020-12-19,583,1172,582,1171,1,1,0,0,582,1171,0,0,582,1171,California
Monterey,2020-12-20,422,1594,422,1593,0,1,0,0,422,1593,0,0,422,1593,California
Monterey,2020-12-21,726,2320,726,2319,0,1,0,0,726,2319,0,0,726,2319,California
Monterey,2020-12-22,547,2867,534,2853,13,14,0,0,547,2866,0,0,547,2866,California
Monterey,2020-12-23,446,3313,268,3121,178,192,0,0,446,3312,0,0,446,3312,California
Monterey,2020-12-24,86,3399,10,3131,76,268,0,0,86,3398,0,0,86,3398,California
Monterey,2020-12-25,6,3405,0,3131,6,274,0,0,6,3404,0,0,6,3404,California
Monterey,2020-12-26,92,3497,5,3136,87,361,0,0,92,3496,0,0,92,3496,California
Monterey,2020-12-27,7,3504,4,3140,3,364,0,0,7,3503,0,0,7,3503,California
Monterey,2020-12-28,489,3993,26,3166,463,827,0,0,489,3992,0,0,489,3992,California
Monterey,2020-12-29,916,4909,172,3338,744,1571,0,0,916,4908,0,0,916,4908,California
Monterey,2020-12-30,575,5484,101,3439,474,2045,0,0,575,5483,0,0,575,5483,California
Monterey,2020-12-31,36,5520,11,3450,25,2070,0,0,36,5519,0,0,36,5519,California
Monterey,2021-01-01,13,5533,3,3453,10,2080,0,0,13,5532,0,0,13,5532,California
Monterey,2021-01-02,138,5671,135,3588,3,2083,0,0,138,5670,0,0,138,5670,California
Monterey,2021-01-03,31,5702,30,3618,1,2084,0,0,31,5701,0,0,31,5701,California
Monterey,2021-01-04,416,6118,20,3638,396,2480,0,0,416,6117,0,0,416,6117,California
Monterey,2021-01-05,768,6886,336,3974,432,2912,0,0,754,6857,14,14,754,6871,California
Monterey,2021-01-06,672,7558,181,4155,491,3403,0,0,648,7481,24,38,648,7519,California
Monterey,2021-01-07,764,8322,582,4737,182,3585,0,0,434,7587,328,366,434,7953,California
Monterey,2021-01-08,1116,9438,749,5486,367,3952,0,0,408,7287,708,1074,408,8361,California
Monterey,2021-01-09,978,10416,939,6425,39,3991,0,0,325,6961,651,1725,325,8686,California
Monterey,2021-01-10,275,10691,273,6698,2,3993,0,0,8,6702,267,1992,8,8694,California
Monterey,2021-01-11,1083,11774,993,7691,90,4083,0,0,375,6369,708,2700,375,9069,California
Monterey,2021-01-12,489,12263,403,8094,86,4169,0,0,223,6326,266,2966,223,9292,California
Monterey,2021-01-13,1233,13496,598,8692,635,4804,0,0,1188,7469,45,3011,1188,10480,California
Monterey,2021-01-14,1138,14634,171,8863,967,5771,0,0,1117,8569,21,3032,1121,11601,California
Monterey,2021-01-15,1083,15717,46,8909,1037,6808,0,0,1071,9628,12,3044,1071,12672,California
Monterey,2021-01-16,369,16086,303,9212,66,6874,0,0,364,9987,5,3049,364,13036,California
Monterey,2021-01-17,312,16398,293,9505,19,6893,0,0,299,10273,13,3062,299,13335,California
Monterey,2021-01-18,412,16810,51,9556,361,7254,0,0,389,10639,23,3085,389,13724,California
Monterey,2021-01-19,598,17408,403,9959,195,7449,0,0,433,10909,163,3248,433,14157,California
Monterey,2021-01-20,559,17967,274,10233,285,7734,0,0,345,11040,214,3462,345,14502,California
Monterey,2021-01-21,901,18868,95,10328,806,8540,0,0,789,11721,112,3574,793,15295,California
Monterey,2021-01-22,1097,19965,205,10533,892,9432,0,0,1056,12736,41,3615,1056,16351,California
Monterey,2021-01-23,250,20215,178,10711,72,9504,0,0,125,12739,124,3739,127,16478,California
Monterey,2021-01-24,60,20275,38,10749,22,9526,0,0,26,12731,34,3773,26,16504,California
Monterey,2021-01-25,846,21121,185,10934,661,10187,0,0,206,12304,633,4406,206,16710,California
Monterey,2021-01-26,993,22114,231,11165,762,10949,0,0,282,11875,711,5117,282,16992,California
Monterey,2021-01-27,914,23028,319,11484,595,11544,0,0,427,11815,487,5604,427,17419,California
Monterey,2021-01-28,2082,25110,750,12234,1332,12876,0,0,1732,13199,350,5954,1734,19153,California
Monterey,2021-01-29,1312,26422,720,12954,592,13468,0,0,1194,14277,117,6071,1195,20348,California
Monterey,2021-01-30,491,26913,302,13256,189,13657,0,0,231,14248,260,6331,231,20579,California
Monterey,2021-01-31,514,27427,86,13342,428,14085,0,0,503,14741,11,6342,504,21083,California
Monterey,2021-02-01,1684,29111,1166,14508,518,14603,0,0,1110,15278,573,6915,1110,22193,California
Monterey,2021-02-02,2201,31312,464,14972,1737,16340,0,0,1588,16254,612,7527,1588,23781,California
Monterey,2021-02-03,2396,33708,1087,16059,1309,17649,0,0,1610,17082,782,8309,1610,25391,California
Monterey,2021-02-04,2844,36552,2107,18166,737,18386,0,0,2527,19295,314,8623,2527,27918,California
Monterey,2021-02-05,3742,40294,2878,21044,864,19250,0,0,3292,22142,445,9068,3292,31210,California
Monterey,2021-02-06,1144,41438,383,21427,761,20011,0,0,790,22580,352,9420,790,32000,California
Monterey,2021-02-07,327,41765,269,21696,58,20069,0,0,108,22469,219,9639,108,32108,California
Monterey,2021-02-08,542,42307,293,21989,249,20318,0,0,441,22809,101,9740,441,32549,California
Monterey,2021-02-09,934,43241,714,22703,220,20538,0,0,616,23109,318,10058,618,33167,California
Monterey,2021-02-10,2148,45389,1121,23824,1027,21565,0,0,1282,23527,866,10924,1284,34451,California
Monterey,2021-02-11,2544,47933,976,24800,1568,23133,0,0,1573,24133,969,11893,1575,36026,California
Monterey,2021-02-12,2646,50579,435,25235,2211,25344,0,0,1546,24581,1099,12992,1547,37573,California
Monterey,2021-02-13,1107,51686,50,25285,1057,26401,0,0,1013,25501,93,13085,1013,38586,California
Monterey,2021-02-14,629,52315,74,25359,555,26956,0,0,557,25986,72,13157,557,39143,California
Monterey,2021-02-15,1402,53717,168,25527,1234,28190,0,0,1000,26587,400,13557,1001,40144,California
Monterey,2021-02-16,1117,54834,250,25777,867,29057,0,0,888,27246,229,13786,888,41032,California
Monterey,2021-02-17,2015,56849,1195,26972,820,29877,0,0,1682,28600,330,14116,1684,42716,California
Monterey,2021-02-18,2300,59149,1187,28159,1113,30990,0,0,929,28174,1357,15473,931,43647,California
Monterey,2021-02-19,3008,62157,1558,29717,1450,32440,0,0,1381,27931,1626,17099,1383,45030,California
Monterey,2021-02-20,1115,63272,690,30407,425,32865,0,0,1050,28918,64,17163,1051,46081,California
Monterey,2021-02-21,1289,64561,1254,31661,35,32900,0,0,1207,30046,80,17243,1208,47289,California
Monterey,2021-02-22,1068,65629,903,32564,165,33065,0,0,670,30320,396,17639,670,47959,California
Monterey,2021-02-23,1021,66650,634,33198,387,33452,0,0,317,29935,703,18342,318,48277,California
Monterey,2021-02-24,2555,69205,1359,34557,1196,34648,0,0,1872,31130,678,19020,1873,50150,California
Monterey,2021-02-25,4517,73722,2470,37027,2047,36695,0,0,1529,29680,2981,22001,1531,51681,California
Monterey,2021-02-26,5371,79093,3125,40152,2246,38941,0,0,2667,29648,2701,24702,2669,54350,California
Monterey,2021-02-27,1070,80163,202,40354,868,39809,0,0,839,30261,226,24928,839,55189,California
Monterey,2021-02-28,1561,81724,86,40440,1475,41284,0,0,1089,30883,467,25395,1089,56278,California
Monterey,2021-03-01,1340,83064,179,40619,1158,42442,3,3,770,31092,565,25960,774,57052,California
Monterey,2021-03-02,2879,85943,1750,42369,1129,43571,0,3,1994,32205,881,26841,1994,59046,California
Monterey,2021-03-03,3283,89226,1255,43624,2028,45599,0,3,1319,31564,1961,28802,1320,60366,California
Monterey,2021-03-04,4709,93935,1492,45116,3217,48816,0,3,3052,32966,1652,30454,3054,63420,California
Monterey,2021-03-05,3721,97656,1639,46755,1803,50619,279,282,3039,35603,681,31135,3318,66738,California
Monterey,2021-03-06,5236,102892,1175,47930,3752,54371,309,591,4297,39272,936,32071,4605,71343,California
Monterey,2021-03-07,534,103426,105,48035,177,54548,252,843,231,39450,303,32374,481,71824,California
Monterey,2021-03-08,1683,105109,330,48365,963,55511,390,1233,1127,40409,556,32930,1515,73339,California
Monterey,2021-03-09,2052,107161,699,49064,1078,56589,275,1508,1535,41701,516,33446,1808,75147,California
Monterey,2021-03-10,3296,110457,1052,50116,1752,58341,492,2000,1527,41955,1765,35211,2019,77166,California
Monterey,2021-03-11,4243,114700,1433,51549,2432,60773,378,2378,2431,42959,1805,37016,2809,79975,California
Monterey,2021-03-12,4498,119198,2071,53620,2272,63045,155,2533,2770,44157,1725,38741,2923,82898,California
Monterey,2021-03-13,5433,124631,1038,54658,4044,67089,351,2884,4041,47158,1391,40132,4392,87290,California
Monterey,2021-03-14,2206,126837,1363,56021,818,67907,25,2909,595,46177,1601,41733,620,87910,California
Monterey,2021-03-15,4025,130862,1286,57307,2448,70355,291,3200,2299,47046,1722,43455,2591,90501,California
Monterey,2021-03-16,3580,134442,594,57901,2610,72965,376,3576,2139,48119,1439,44894,2512,93013,California
Monterey,2021-03-17,5992,140434,2452,60353,3284,76249,256,3832,4355,51105,1630,46524,4616,97629,California
Monterey,2021-03-18,4585,145019,2238,62591,2176,78425,171,4003,3180,53093,1400,47924,3388,101017,California
Monterey,2021-03-19,5582,150601,2594,65185,2826,81251,162,4165,4255,56189,1321,49245,4417,105434,California
Monterey,2021-03-20,3403,154004,440,65625,2269,83520,694,4859,2298,58080,1101,50346,2992,108426,California
Monterey,2021-03-21,652,154656,215,65840,427,83947,10,4869,573,58586,76,50422,582,109008,California
Monterey,2021-03-22,2530,157186,1471,67311,996,84943,63,4932,2304,60729,222,50644,2365,111373,California
Monterey,2021-03-23,4101,161287,2418,69729,1640,86583,43,4975,2610,61897,1485,52129,2653,114026,California
Monterey,2021-03-24,5249,166536,2215,71944,2715,89298,319,5294,3861,64689,1385,53514,4177,118203,California
Monterey,2021-03-25,5385,171921,1251,73195,3772,93070,362,5656,2706,65089,2669,56183,3069,121272,California
Monterey,2021-03-26,5556,177477,2679,75874,2799,95869,78,5734,2867,65358,2678,58861,2947,124219,California
Monterey,2021-03-27,5039,182516,1575,77449,3206,99075,258,5992,3194,66970,1842,60703,3454,127673,California
Monterey,2021-03-28,1138,183654,356,77805,773,99848,9,6001,642,67131,490,61193,651,128324,California
Monterey,2021-03-29,3272,186926,1441,79246,1817,101665,14,6015,2034,67954,1230,62423,2053,130377,California
Monterey,2021-03-30,4608,191534,2157,81403,2396,104061,55,6070,2808,69031,1789,64212,2866,133243,California
Monterey,2021-03-31,5567,197101,2501,83904,2265,106326,801,6871,3533,71325,2031,66243,4325,137568,California
Monterey,2021-04-01,6296,203397,2109,86013,3773,110099,414,7285,3165,71783,3116,69359,3574,141142,California
Monterey,2021-04-02,4805,208202,2238,88251,2492,112591,75,7360,3214,73488,1588,70947,3293,144435,California
Monterey,2021-04-03,6022,214224,1150,89401,3812,116403,1060,8420,1253,71033,4760,75707,2305,146740,California
Monterey,2021-04-04,792,215016,177,89578,602,117005,13,8433,506,71269,286,75993,522,147262,California
Monterey,2021-04-05,4057,219073,2502,92080,1316,118321,239,8672,1506,70466,2546,78539,1743,149005,California
Monterey,2021-04-06,3545,222618,1384,93464,1678,119999,483,9155,1222,69848,2320,80859,1702,150707,California
Monterey,2021-04-07,5780,228398,1439,94903,3817,123816,524,9679,2739,70076,3030,83889,3258,153965,California
Monterey,2021-04-08,6876,235274,3621,98524,2419,126235,836,10515,3411,70866,3458,87347,4248,158213,California
Monterey,2021-04-09,5863,241137,3487,102011,1723,127958,653,11168,2341,70339,3519,90866,2992,161205,California
Monterey,2021-04-10,10373,251510,5025,107036,3144,131102,2204,13372,5061,72300,5301,96167,7262,168467,California
Monterey,2021-04-11,5603,257113,4406,111442,580,131682,617,13989,4538,76389,1059,97226,5148,173615,California
Monterey,2021-04-12,4228,261341,1914,113356,1976,133658,338,14327,976,74590,3113,100339,1314,174929,California
Monterey,2021-04-13,3294,264635,769,114125,2520,136178,5,14332,1587,74495,1689,102028,1594,176523,California
Monterey,2021-04-14,7043,271678,3284,117409,3756,139934,3,14335,1920,71320,5102,107130,1927,178450,California
Monterey,2021-04-15,6042,277720,3986,121395,2056,141990,0,14335,3931,73170,2082,109212,3932,182382,California
Monterey,2021-04-16,5089,282809,2609,124004,2470,144460,10,14345,2383,72881,2694,111906,2405,184787,California
Monterey,2021-04-17,5873,288682,1409,125413,4464,148924,0,14345,3799,74621,2060,113966,3800,188587,California
Monterey,2021-04-18,876,289558,270,125683,606,149530,0,14345,251,74251,621,114587,251,188838,California
Monterey,2021-04-19,3653,293211,1181,126864,2472,152002,0,14345,1665,73940,1979,116566,1668,190506,California
Monterey,2021-04-20,3965,297176,1660,128524,2305,154307,0,14345,1636,73282,2305,118871,1647,192153,California
Monterey,2021-04-21,6167,303343,3357,131881,2810,157117,0,14345,2999,73156,3131,122002,3005,195158,California
Monterey,2021-04-22,4930,308273,1085,132966,3845,160962,0,14345,2045,72361,2842,124844,2047,197205,California
Monterey,2021-04-23,5710,313983,2663,135629,3046,164008,1,14346,2260,71196,3431,128275,2266,199471,California
Monterey,2021-04-24,4354,318337,599,136228,3755,167763,0,14346,1561,69982,2775,131050,1561,201032,California
Monterey,2021-04-25,1267,319604,632,136860,635,168398,0,14346,805,70335,452,131502,805,201837,California
Monterey,2021-04-26,3785,323389,2233,139093,1535,169933,17,14363,1006,68604,2754,134256,1023,202860,California
Monterey,2021-04-27,2927,326316,962,140055,1826,171759,139,14502,1266,68351,1657,135913,1404,204264,California
Monterey,2021-04-28,3727,330043,1435,141490,2139,173898,153,14655,2304,69395,1408,137321,2452,206716,California
Monterey,2021-04-29,4644,334687,2519,144009,2047,175945,78,14733,1703,68248,2929,140250,1782,208498,California
Monterey,2021-04-30,3245,337932,1683,145692,1488,177433,74,14807,824,66733,2411,142661,896,209394,California
Monterey,2021-05-01,5686,343618,4286,149978,1359,178792,41,14848,694,62495,4971,147632,733,210127,California
Monterey,2021-05-02,4415,348033,3983,153961,405,179197,27,14875,311,58743,4090,151722,338,210465,California
Monterey,2021-05-03,2569,350602,1589,155550,865,180062,115,14990,602,57503,1957,153679,717,211182,California
Monterey,2021-05-04,1863,352465,651,156201,1119,181181,93,15083,660,57068,1189,154868,754,211936,California
Monterey,2021-05-05,3414,355879,1259,157460,2070,183251,85,15168,1081,55915,2320,157188,1167,213103,California
Monterey,2021-05-06,4246,360125,2788,160248,1236,184487,222,15390,1144,54195,3085,160273,1365,214468,California
Monterey,2021-05-07,2075,362200,1047,161295,926,185413,102,15492,705,53639,1362,161635,806,215274,California
Monterey,2021-05-08,2639,364839,1399,162694,919,186332,321,15813,940,53211,1688,163323,1260,216534,California
Monterey,2021-05-09,409,365248,126,162820,256,186588,27,15840,146,53122,262,163585,173,216707,California
Monterey,2021-05-10,2834,368082,2083,164903,701,187289,50,15890,528,51407,2295,165880,580,217287,California
Monterey,2021-05-11,1913,369995,986,165889,847,188136,80,15970,784,51156,1116,166996,865,218152,California
Monterey,2021-05-12,3979,373974,2091,167980,1802,189938,86,16056,881,49040,3084,170080,968,219120,California
Monterey,2021-05-13,2629,376603,1543,169523,1030,190968,56,16112,1509,49495,1108,171188,1563,220683,California
Monterey,2021-05-14,1852,378455,550,170073,1201,192169,101,16213,741,49235,1102,172290,842,221525,California
Monterey,2021-05-15,3409,381864,831,170904,2311,194480,267,16480,966,48034,2430,174720,1229,222754,California
Monterey,2021-05-16,926,382790,568,171472,284,194764,74,16554,235,47657,685,175405,308,223062,California
Monterey,2021-05-17,2225,385015,1317,172789,828,195592,80,16634,1044,47612,1169,176574,1124,224186,California
Monterey,2021-05-18,1821,386836,744,173533,1030,196622,47,16681,852,47552,961,177535,901,225087,California
Monterey,2021-05-19,3702,390538,2394,175927,1217,197839,91,16772,1966,47881,1729,179264,2058,227145,California
Monterey,2021-05-20,2856,393394,1033,176960,1713,199552,110,16882,972,47096,1870,181134,1085,228230,California
Monterey,2021-05-21,3314,396708,1343,178303,1876,201428,95,16977,1044,45978,2256,183390,1138,229368,California
Monterey,2021-05-22,2143,398851,742,179045,1120,202548,281,17258,810,45742,1325,184715,1089,230457,California
Monterey,2021-05-23,849,399700,493,179538,340,202888,16,17274,486,45887,357,185072,502,230959,California
Monterey,2021-05-24,1691,401391,511,180049,1120,204008,60,17334,544,45349,1143,186215,605,231564,California
Monterey,2021-05-25,1485,402876,572,180621,842,204850,71,17405,576,45106,891,187106,648,232212,California
Monterey,2021-05-26,2732,405608,1067,181688,1609,206459,56,17461,1037,44524,1677,188783,1095,233307,California
Monterey,2021-05-27,2522,408130,1376,183064,1088,207547,58,17519,903,43884,1602,190385,962,234269,California
Monterey,2021-05-28,1749,409879,582,183646,1107,208654,60,17579,767,43742,970,191355,828,235097,California
Monterey,2021-05-29,991,410870,636,184282,322,208976,33,17612,416,43622,570,191925,450,235547,California
Monterey,2021-05-30,385,411255,166,184448,204,209180,15,17627,148,43549,236,192161,163,235710,California
Monterey,2021-05-31,187,411442,33,184481,145,209325,9,17636,54,43479,133,192294,63,235773,California
Monterey,2021-06-01,1752,413194,944,185425,673,209998,135,17771,557,42988,1179,193473,688,236461,California
Monterey,2021-06-02,1713,414907,989,186414,674,210672,50,17821,720,42770,988,194461,770,237231,California
Monterey,2021-06-03,2259,417166,1436,187850,786,211458,37,17858,576,41708,1674,196135,612,237843,California
Monterey,2021-06-04,1348,418514,709,188559,604,212062,35,17893,564,41531,776,196911,599,238442,California
Monterey,2021-06-05,2161,420675,859,189418,692,212754,610,18503,475,40936,1672,198583,1077,239519,California
Monterey,2021-06-06,519,421194,431,189849,79,212833,9,18512,318,41062,200,198783,326,239845,California
Monterey,2021-06-07,952,422146,505,190354,402,213235,45,18557,405,40974,536,199319,448,240293,California
Monterey,2021-06-08,1221,423367,777,191131,420,213655,24,18581,433,40653,777,200096,456,240749,California
Monterey,2021-06-09,2935,426302,2207,193338,602,214257,126,18707,649,39145,2282,202378,774,241523,California
Monterey,2021-06-10,1531,427833,948,194286,520,214777,63,18770,542,38767,981,203359,603,242126,California
Monterey,2021-06-11,1425,429258,776,195062,558,215335,91,18861,516,38471,901,204260,605,242731,California
Monterey,2021-06-12,750,430008,511,195573,224,215559,15,18876,351,38441,396,204656,366,243097,California
Monterey,2021-06-13,593,430601,459,196032,122,215681,12,18888,123,38109,467,205123,135,243232,California
Monterey,2021-06-14,1399,432000,1007,197039,356,216037,36,18924,402,37555,992,206115,438,243670,California
Monterey,2021-06-15,1176,433176,601,197640,451,216488,124,19048,411,37334,756,206871,535,244205,California
Monterey,2021-06-16,1574,434750,1131,198771,410,216898,33,19081,405,36611,1160,208031,437,244642,California
Monterey,2021-06-17,1163,435913,681,199452,332,217230,150,19231,413,36432,742,208773,563,245205,California
Monterey,2021-06-18,1203,437116,733,200185,449,217679,21,19252,543,36343,653,209426,564,245769,California
Monterey,2021-06-19,1147,438263,890,201075,225,217904,32,19284,348,35927,796,210222,380,246149,California
Monterey,2021-06-20,48,438311,27,201102,16,217920,5,19289,20,35924,27,210249,24,246173,California
Napa,2020-12-16,11,11,11,11,0,0,0,0,11,11,0,0,11,11,California
Napa,2020-12-17,47,58,47,58,0,0,0,0,47,58,0,0,47,58,California
Napa,2020-12-18,104,162,104,162,0,0,0,0,104,162,0,0,104,162,California
Napa,2020-12-19,223,385,223,385,0,0,0,0,223,385,0,0,223,385,California
Napa,2020-12-20,191,576,191,576,0,0,0,0,191,576,0,0,191,576,California
Napa,2020-12-21,319,895,319,895,0,0,0,0,320,896,0,0,320,896,California
Napa,2020-12-22,341,1236,332,1227,9,9,0,0,341,1237,0,0,341,1237,California
Napa,2020-12-23,445,1681,331,1558,114,123,0,0,445,1682,0,0,445,1682,California
Napa,2020-12-24,141,1822,79,1637,62,185,0,0,141,1823,0,0,141,1823,California
Napa,2020-12-25,1,1823,1,1638,0,185,0,0,1,1824,0,0,1,1824,California
Napa,2020-12-26,39,1862,11,1649,28,213,0,0,39,1863,0,0,39,1863,California
Napa,2020-12-27,32,1894,16,1665,16,229,0,0,32,1895,0,0,32,1895,California
Napa,2020-12-28,253,2147,186,1851,67,296,0,0,280,2175,0,0,280,2175,California
Napa,2020-12-29,272,2419,218,2069,54,350,0,0,305,2480,0,0,305,2480,California
Napa,2020-12-30,640,3059,488,2557,152,502,0,0,648,3128,0,0,648,3128,California
Napa,2020-12-31,458,3517,370,2927,88,590,0,0,458,3586,0,0,458,3586,California
Napa,2021-01-01,1,3518,1,2928,0,590,0,0,1,3587,0,0,1,3587,California
Napa,2021-01-02,97,3615,92,3020,5,595,0,0,97,3684,0,0,97,3684,California
Napa,2021-01-03,13,3628,11,3031,2,597,0,0,9,3693,0,0,9,3693,California
Napa,2021-01-04,107,3735,64,3095,43,640,0,0,107,3800,0,0,107,3800,California
Napa,2021-01-05,164,3899,87,3182,77,717,0,0,147,3923,24,24,147,3947,California
Napa,2021-01-06,467,4366,115,3297,352,1069,0,0,401,4260,64,88,401,4348,California
Napa,2021-01-07,510,4876,246,3543,264,1333,0,0,399,4549,110,198,399,4747,California
Napa,2021-01-08,441,5317,225,3768,216,1549,0,0,259,4627,181,379,259,5006,California
Napa,2021-01-09,329,5646,303,4071,26,1575,0,0,191,4680,138,517,191,5197,California
Napa,2021-01-10,185,5831,102,4173,83,1658,0,0,108,4711,77,594,108,5305,California
Napa,2021-01-11,890,6721,431,4604,459,2117,0,0,512,4846,379,973,514,5819,California
Napa,2021-01-12,1338,8059,384,4988,954,3071,0,0,1013,5534,325,1298,1013,6832,California
Napa,2021-01-13,1318,9377,268,5256,1050,4121,0,0,1152,6522,165,1463,1153,7985,California
Napa,2021-01-14,1057,10434,170,5426,887,5008,0,0,940,7347,115,1578,940,8925,California
Napa,2021-01-15,1470,11904,389,5815,1081,6089,0,0,1323,8516,155,1733,1324,10249,California
Napa,2021-01-16,361,12265,135,5950,226,6315,0,0,343,8841,18,1751,343,10592,California
Napa,2021-01-17,341,12606,178,6128,163,6478,0,0,331,9162,10,1761,331,10923,California
Napa,2021-01-18,1082,13688,195,6323,887,7365,0,0,991,10062,91,1852,991,11914,California
Napa,2021-01-19,1013,14701,412,6735,601,7966,0,0,767,10584,245,2097,767,12681,California
Napa,2021-01-20,838,15539,191,6926,647,8613,0,0,648,11045,188,2285,649,13330,California
Napa,2021-01-21,1326,16865,361,7287,965,9578,0,0,1072,11865,253,2538,1073,14403,California
Napa,2021-01-22,1546,18411,414,7701,1132,10710,0,0,1218,12757,327,2865,1219,15622,California
Napa,2021-01-23,401,18812,319,8020,82,10792,0,0,338,13032,63,2928,338,15960,California
Napa,2021-01-24,266,19078,186,8206,80,10872,0,0,207,13180,59,2987,207,16167,California
Napa,2021-01-25,1528,20606,229,8435,1299,12171,0,0,1438,14528,90,3077,1438,17605,California
Napa,2021-01-26,874,21480,282,8717,592,12763,0,0,781,15217,93,3170,782,18387,California
Napa,2021-01-27,635,22115,221,8938,414,13177,0,0,471,15524,165,3335,472,18859,California
Napa,2021-01-28,394,22509,177,9115,217,13394,0,0,199,15530,193,3528,199,19058,California
Napa,2021-01-29,264,22773,64,9179,200,13594,0,0,168,15602,96,3624,168,19226,California
Napa,2021-01-30,825,23598,712,9891,113,13707,0,0,655,16087,170,3794,655,19881,California
Napa,2021-01-31,698,24296,666,10557,32,13739,0,0,674,16737,24,3818,674,20555,California
Napa,2021-02-01,325,24621,111,10668,214,13953,0,0,166,16744,159,3977,166,20721,California
Napa,2021-02-02,613,25234,281,10949,332,14285,0,0,299,16732,311,4288,299,21020,California
Napa,2021-02-03,740,25974,307,11256,433,14718,0,0,424,16841,315,4603,424,21444,California
Napa,2021-02-04,789,26763,372,11628,417,15135,0,0,437,16928,350,4953,437,21881,California
Napa,2021-02-05,712,27475,308,11936,404,15539,0,0,339,16894,373,5326,339,22220,California
Napa,2021-02-06,436,27911,143,12079,293,15832,0,0,328,17114,108,5434,328,22548,California
Napa,2021-02-07,174,28085,160,12239,14,15846,0,0,66,17072,108,5542,66,22614,California
Napa,2021-02-08,840,28925,191,12430,649,16495,0,0,274,16782,564,6106,274,22888,California
Napa,2021-02-09,1090,30015,450,12880,640,17135,0,0,441,16575,648,6754,441,23329,California
Napa,2021-02-10,1739,31754,192,13072,1547,18682,0,0,455,15750,1281,8035,456,23785,California
Napa,2021-02-11,1486,33240,184,13256,1302,19984,0,0,402,15081,1071,9106,402,24187,California
Napa,2021-02-12,2153,35393,836,14092,1317,21301,0,0,714,14360,1435,10541,714,24901,California
Napa,2021-02-13,513,35906,55,14147,458,21759,0,0,324,14495,189,10730,324,25225,California
Napa,2021-02-14,329,36235,66,14213,263,22022,0,0,169,14504,160,10890,169,25394,California
Napa,2021-02-15,886,37121,182,14395,704,22726,0,0,229,14078,655,11545,229,25623,California
Napa,2021-02-16,1290,38411,598,14993,692,23418,0,0,618,14026,670,12215,618,26241,California
Napa,2021-02-17,1040,39451,525,15518,515,23933,0,0,473,13935,565,12780,474,26715,California
Napa,2021-02-18,1893,41344,473,15991,1420,25353,0,0,649,13343,1241,14021,649,27364,California
Napa,2021-02-19,1495,42839,590,16581,905,26258,0,0,679,13208,814,14835,679,28043,California
Napa,2021-02-20,868,43707,636,17217,232,26490,0,0,278,12896,590,15425,278,28321,California
Napa,2021-02-21,896,44603,826,18043,70,26560,0,0,194,12388,702,16127,194,28515,California
Napa,2021-02-22,474,45077,196,18239,278,26838,0,0,145,12204,329,16456,145,28660,California
Napa,2021-02-23,1152,46229,307,18546,845,27683,0,0,326,11704,826,17282,326,28986,California
Napa,2021-02-24,1160,47389,629,19175,531,28214,0,0,564,11674,594,17876,564,29550,California
Napa,2021-02-25,2592,49981,1245,20420,1347,29561,0,0,1876,12835,715,18591,1876,31426,California
Napa,2021-02-26,1548,51529,544,20964,1004,30565,0,0,614,12517,932,19523,614,32040,California
Napa,2021-02-27,1159,52688,424,21388,735,31300,0,0,900,13160,257,19780,900,32940,California
Napa,2021-02-28,725,53413,605,21993,120,31420,0,0,613,13663,110,19890,613,33553,California
Napa,2021-03-01,1172,54585,876,22869,296,31716,0,0,895,14282,276,20166,895,34448,California
Napa,2021-03-02,1511,56096,1053,23922,458,32174,0,0,1167,15106,343,20509,1167,35615,California
Napa,2021-03-03,1560,57656,688,24610,872,33046,0,0,1377,16301,182,20691,1377,36992,California
Napa,2021-03-04,1723,59379,793,25403,930,33976,0,0,1482,17545,238,20929,1482,38474,California
Napa,2021-03-05,1911,61290,785,26188,1122,35098,4,4,1495,18631,413,21342,1499,39973,California
Napa,2021-03-06,658,61948,288,26476,339,35437,31,35,545,19096,111,21453,576,40549,California
Napa,2021-03-07,502,62450,294,26770,193,35630,15,50,381,19372,120,21573,396,40945,California
Napa,2021-03-08,715,63165,337,27107,325,35955,53,103,539,19790,174,21747,592,41537,California
Napa,2021-03-09,1698,64863,615,27722,1037,36992,46,149,1254,20650,440,22187,1300,42837,California
Napa,2021-03-10,1506,66369,924,28646,488,37480,94,243,803,20846,698,22885,894,43731,California
Napa,2021-03-11,1892,68261,1068,29714,691,38171,133,376,999,21084,893,23778,1131,44862,California
Napa,2021-03-12,1505,69766,925,30639,489,38660,91,467,806,21285,696,24474,897,45759,California
Napa,2021-03-13,1179,70945,307,30946,848,39508,24,491,832,21796,345,24819,856,46615,California
Napa,2021-03-14,621,71566,337,31283,134,39642,150,641,208,21741,412,25231,357,46972,California
Napa,2021-03-15,965,72531,413,31696,482,40124,70,711,482,21812,481,25712,552,47524,California
Napa,2021-03-16,1851,74382,388,32084,1336,41460,127,838,1378,22848,470,26182,1506,49030,California
Napa,2021-03-17,2489,76871,1827,33911,484,41944,178,1016,1590,23718,898,27080,1768,50798,California
Napa,2021-03-18,2133,79004,942,34853,1179,43123,12,1028,1278,24156,852,27932,1290,52088,California
Napa,2021-03-19,1441,80445,875,35728,542,43665,24,1052,694,24130,744,28676,718,52806,California
Napa,2021-03-20,1011,81456,534,36262,324,43989,153,1205,386,24046,623,29299,539,53345,California
Napa,2021-03-21,715,82171,692,36954,21,44010,2,1207,219,23773,494,29793,221,53566,California
Napa,2021-03-22,1300,83471,1121,38075,168,44178,11,1218,438,23365,857,30650,449,54015,California
Napa,2021-03-23,1882,85353,1192,39267,674,44852,16,1234,993,23489,885,31535,1009,55024,California
Napa,2021-03-24,1702,87055,937,40204,756,45608,9,1243,812,23420,889,32424,820,55844,California
Napa,2021-03-25,1937,88992,1059,41263,824,46432,54,1297,771,23085,1160,33584,825,56669,California
Napa,2021-03-26,1318,90310,845,42108,468,46900,5,1302,592,22961,721,34305,597,57266,California
Napa,2021-03-27,927,91237,439,42547,461,47361,27,1329,299,22659,628,34933,326,57592,California
Napa,2021-03-28,489,91726,379,42926,103,47464,7,1336,179,22537,308,35241,186,57778,California
Napa,2021-03-29,1207,92933,879,43805,323,47787,5,1341,731,22798,475,35716,736,58514,California
Napa,2021-03-30,2809,95742,935,44740,1869,49656,5,1346,1979,23952,830,36546,1984,60498,California
Napa,2021-03-31,1986,97728,970,45710,947,50603,69,1415,809,23654,1174,37720,876,61374,California
Napa,2021-04-01,1759,99487,844,46554,798,51401,117,1532,486,22990,1266,38986,602,61976,California
Napa,2021-04-02,1880,101367,846,47400,892,52293,142,1674,481,22216,1396,40382,622,62598,California
Napa,2021-04-03,638,102005,370,47770,211,52504,57,1731,211,22057,426,40808,267,62865,California
Napa,2021-04-04,357,102362,145,47915,155,52659,57,1788,123,22004,233,41041,180,63045,California
Napa,2021-04-05,1274,103636,757,48672,298,52957,219,2007,569,22090,703,41744,789,63834,California
Napa,2021-04-06,2266,105902,562,49234,1442,54399,262,2269,528,21152,1735,43479,797,64631,California
Napa,2021-04-07,1762,107664,716,49950,824,55223,222,2491,537,20690,1219,44698,757,65388,California
Napa,2021-04-08,1866,109530,1064,51014,425,55648,377,2868,957,21120,903,45601,1333,66721,California
Napa,2021-04-09,1559,111089,937,51951,316,55964,306,3174,680,21228,877,46478,985,67706,California
Napa,2021-04-10,1039,112128,343,52294,594,56558,102,3276,238,20768,800,47278,340,68046,California
Napa,2021-04-11,388,112516,304,52598,62,56620,22,3298,160,20722,228,47506,182,68228,California
Napa,2021-04-12,793,113309,300,52898,368,56988,125,3423,292,20637,498,48004,413,68641,California
Napa,2021-04-13,2590,115899,870,53768,1720,58708,0,3423,945,19945,1639,49643,947,69588,California
Napa,2021-04-14,2139,118038,1006,54774,1133,59841,0,3423,1050,19921,1081,50724,1057,70645,California
Napa,2021-04-15,2065,120103,533,55307,1532,61373,0,3423,883,19629,1176,51900,884,71529,California
Napa,2021-04-16,3006,123109,1648,56955,1358,62731,0,3423,2287,21201,716,52616,2288,73817,California
Napa,2021-04-17,1141,124250,275,57230,866,63597,0,3423,836,21734,304,52920,837,74654,California
Napa,2021-04-18,270,124520,177,57407,93,63690,0,3423,120,21704,150,53070,120,74774,California
Napa,2021-04-19,616,125136,343,57750,273,63963,0,3423,269,21627,346,53416,269,75043,California
Napa,2021-04-20,3049,128185,2075,59825,974,64937,0,3423,2100,22782,947,54363,2102,77145,California
Napa,2021-04-21,2943,131128,2178,62003,765,65702,0,3423,1877,23600,1060,55423,1878,79023,California
Napa,2021-04-22,1774,132902,1249,63252,525,66227,0,3423,843,23517,926,56349,843,79866,California
Napa,2021-04-23,1643,134545,1259,64511,382,66609,2,3425,1162,24202,477,56826,1162,81028,California
Napa,2021-04-24,564,135109,317,64828,247,66856,0,3425,283,24207,278,57104,283,81311,California
Napa,2021-04-25,251,135360,192,65020,59,66915,0,3425,129,24215,121,57225,129,81440,California
Napa,2021-04-26,533,135893,281,65301,252,67167,0,3425,270,24227,258,57483,270,81710,California
Napa,2021-04-27,1778,137671,463,65764,1303,68470,12,3437,582,23629,1192,58675,594,82304,California
Napa,2021-04-28,1010,138681,465,66229,528,68998,17,3454,336,23310,672,59347,353,82657,California
Napa,2021-04-29,701,139382,347,66576,335,69333,19,3473,240,23116,452,59799,258,82915,California
Napa,2021-04-30,611,139993,308,66884,239,69572,64,3537,254,23077,356,60155,317,83232,California
Napa,2021-05-01,322,140315,266,67150,45,69617,11,3548,121,23008,201,60356,132,83364,California
Napa,2021-05-02,237,140552,193,67343,38,69655,6,3554,99,22976,137,60493,105,83469,California
Napa,2021-05-03,615,141167,492,67835,88,69743,35,3589,98,22598,512,61005,134,83603,California
Napa,2021-05-04,1130,142297,717,68552,302,70045,111,3700,301,22185,825,61830,412,84015,California
Napa,2021-05-05,1018,143315,686,69238,294,70339,38,3738,252,21712,763,62593,290,84305,California
Napa,2021-05-06,715,144030,316,69554,376,70715,23,3761,367,21764,339,62932,391,84696,California
Napa,2021-05-07,1437,145467,1214,70768,160,70875,63,3824,293,20997,1122,64054,355,85051,California
Napa,2021-05-08,253,145720,162,70930,80,70955,11,3835,87,20930,165,64219,98,85149,California
Napa,2021-05-09,109,145829,78,71008,31,70986,0,3835,51,20923,58,64277,51,85200,California
Napa,2021-05-10,415,146244,142,71150,254,71240,19,3854,102,20732,312,64589,121,85321,California
Napa,2021-05-11,2198,148442,1810,72960,363,71603,25,3879,375,19315,1817,66406,400,85721,California
Napa,2021-05-12,2210,150652,1386,74346,768,72371,56,3935,303,17772,1902,68308,359,86080,California
Napa,2021-05-13,1896,152548,1198,75544,657,73028,41,3976,820,17565,1069,69377,862,86942,California
Napa,2021-05-14,1921,154469,1153,76697,683,73711,85,4061,503,16743,1411,70788,589,87531,California
Napa,2021-05-15,1066,155535,359,77056,695,74406,12,4073,265,16223,798,71586,278,87809,California
Napa,2021-05-16,242,155777,162,77218,78,74484,2,4075,69,16121,173,71759,71,87880,California
Napa,2021-05-17,882,156659,350,77568,502,74986,30,4105,304,15940,516,72275,335,88215,California
Napa,2021-05-18,1052,157711,550,78118,445,75431,57,4162,505,15960,542,72817,562,88777,California
Napa,2021-05-19,938,158649,559,78677,349,75780,30,4192,507,16068,428,73245,536,89313,California
Napa,2021-05-20,640,159289,430,79107,179,75959,31,4223,389,16237,251,73496,420,89733,California
Napa,2021-05-21,507,159796,270,79377,205,76164,32,4255,214,16191,292,73788,246,89979,California
Napa,2021-05-22,459,160255,274,79651,177,76341,8,4263,191,16123,268,74056,200,90179,California
Napa,2021-05-23,393,160648,347,79998,35,76376,11,4274,294,16329,99,74155,305,90484,California
Napa,2021-05-24,359,161007,179,80177,160,76536,20,4294,149,16289,209,74364,169,90653,California
Napa,2021-05-25,417,161424,173,80350,173,76709,71,4365,145,16233,271,74635,215,90868,California
Napa,2021-05-26,544,161968,354,80704,164,76873,26,4391,317,16352,224,74859,343,91211,California
Napa,2021-05-27,373,162341,164,80868,181,77054,28,4419,143,16293,230,75089,171,91382,California
Napa,2021-05-28,397,162738,208,81076,165,77219,24,4443,166,16254,227,75316,188,91570,California
Napa,2021-05-29,129,162867,79,81155,46,77265,4,4447,74,16278,54,75370,78,91648,California
Napa,2021-05-30,97,162964,60,81215,32,77297,5,4452,32,16252,63,75433,37,91685,California
Napa,2021-05-31,42,163006,16,81231,19,77316,7,4459,9,16235,33,75466,16,91701,California
Napa,2021-06-01,595,163601,307,81538,264,77580,24,4483,264,16197,325,75791,287,91988,California
Napa,2021-06-02,415,164016,246,81784,147,77727,22,4505,202,16210,211,76002,224,92212,California
Napa,2021-06-03,738,164754,449,82233,264,77991,25,4530,175,15848,560,76562,198,92410,California
Napa,2021-06-04,783,165537,605,82838,140,78131,38,4568,170,15445,611,77173,208,92618,California
Napa,2021-06-05,309,165846,250,83088,47,78178,12,4580,78,15306,229,77402,90,92708,California
Napa,2021-06-06,141,165987,123,83211,18,78196,0,4580,46,15258,94,77496,46,92754,California
Napa,2021-06-07,395,166382,289,83500,78,78274,28,4608,94,15079,301,77797,122,92876,California
Napa,2021-06-08,616,166998,488,83988,111,78385,17,4625,270,15023,343,78140,287,93163,California
Napa,2021-06-09,551,167549,449,84437,87,78472,15,4640,93,14675,456,78596,108,93271,California
Napa,2021-06-10,507,168056,416,84853,62,78534,29,4669,108,14413,399,78995,137,93408,California
Napa,2021-06-11,403,168459,264,85117,117,78651,22,4691,119,14271,283,79278,141,93549,California
Napa,2021-06-12,203,168662,171,85288,27,78678,5,4696,41,14156,161,79439,46,93595,California
Napa,2021-06-13,281,168943,268,85556,8,78686,5,4701,24,13928,257,79696,29,93624,California
Napa,2021-06-14,465,169408,330,85886,109,78795,26,4727,92,13674,369,80065,115,93739,California
Napa,2021-06-15,374,169782,276,86162,85,78880,13,4740,186,13687,186,80251,199,93938,California
Napa,2021-06-16,251,170033,163,86325,75,78955,13,4753,81,13615,166,80417,94,94032,California
Napa,2021-06-17,399,170432,320,86645,70,79025,9,4762,77,13379,322,80739,86,94118,California
Napa,2021-06-18,237,170669,151,86796,75,79100,11,4773,79,13312,157,80896,90,94208,California
Napa,2021-06-19,109,170778,79,86875,20,79120,10,4783,45,13305,62,80958,55,94263,California
Napa,2021-06-20,22,170800,12,86887,7,79127,3,4786,4,13294,18,80976,7,94270,California
Nevada,2020-12-16,2,2,2,2,0,0,0,0,2,2,0,0,2,2,California
Nevada,2020-12-17,6,8,6,8,0,0,0,0,6,8,0,0,6,8,California
Nevada,2020-12-18,58,66,58,66,0,0,0,0,58,66,0,0,58,66,California
Nevada,2020-12-19,55,121,55,121,0,0,0,0,55,121,0,0,55,121,California
Nevada,2020-12-20,16,137,16,137,0,0,0,0,16,137,0,0,16,137,California
Nevada,2020-12-21,69,206,69,206,0,0,0,0,69,206,0,0,69,206,California
Nevada,2020-12-22,93,299,91,297,2,2,0,0,93,299,0,0,93,299,California
Nevada,2020-12-23,243,542,210,507,33,35,0,0,243,542,0,0,243,542,California
Nevada,2020-12-24,14,556,11,518,3,38,0,0,14,556,0,0,14,556,California
Nevada,2020-12-25,3,559,3,521,0,38,0,0,3,559,0,0,3,559,California
Nevada,2020-12-26,7,566,5,526,2,40,0,0,7,566,0,0,7,566,California
Nevada,2020-12-27,92,658,91,617,1,41,0,0,92,658,0,0,92,658,California
Nevada,2020-12-28,172,830,92,709,80,121,0,0,172,830,0,0,172,830,California
Nevada,2020-12-29,102,932,71,780,31,152,0,0,102,932,0,0,102,932,California
Nevada,2020-12-30,87,1019,65,845,22,174,0,0,87,1019,0,0,87,1019,California
Nevada,2020-12-31,43,1062,8,853,35,209,0,0,43,1062,0,0,43,1062,California
Nevada,2021-01-01,2,1064,0,853,2,211,0,0,2,1064,0,0,2,1064,California
Nevada,2021-01-02,2,1066,1,854,1,212,0,0,2,1066,0,0,2,1066,California
Nevada,2021-01-03,132,1198,127,981,5,217,0,0,132,1198,0,0,132,1198,California
Nevada,2021-01-04,73,1271,43,1024,30,247,0,0,73,1271,0,0,73,1271,California
Nevada,2021-01-05,286,1557,131,1155,155,402,0,0,285,1555,1,1,285,1556,California
Nevada,2021-01-06,94,1651,43,1198,51,453,0,0,87,1635,7,8,87,1643,California
Nevada,2021-01-07,221,1872,44,1242,177,630,0,0,212,1840,8,16,213,1856,California
Nevada,2021-01-08,233,2105,131,1373,102,732,0,0,174,1956,59,75,175,2031,California
Nevada,2021-01-09,63,2168,56,1429,7,739,0,0,14,1921,49,124,14,2045,California
Nevada,2021-01-10,22,2190,11,1440,11,750,0,0,12,1923,10,134,12,2057,California
Nevada,2021-01-11,195,2385,134,1574,61,811,0,0,66,1860,129,263,66,2123,California
Nevada,2021-01-12,605,2990,457,2031,148,959,0,0,535,2325,70,333,535,2658,California
Nevada,2021-01-13,272,3262,153,2184,119,1078,0,0,134,2321,138,471,134,2792,California
Nevada,2021-01-14,250,3512,126,2310,124,1202,0,0,232,2536,17,488,232,3024,California
Nevada,2021-01-15,412,3924,171,2481,241,1443,0,0,310,2745,102,590,311,3335,California
Nevada,2021-01-16,333,4257,18,2499,315,1758,0,0,327,3066,6,596,327,3662,California
Nevada,2021-01-17,44,4301,39,2538,5,1763,0,0,41,3104,3,599,41,3703,California
Nevada,2021-01-18,161,4462,48,2586,113,1876,0,0,148,3239,13,612,148,3851,California
Nevada,2021-01-19,262,4724,98,2684,164,2040,0,0,239,3455,23,635,239,4090,California
Nevada,2021-01-20,280,5004,164,2848,116,2156,0,0,266,3707,14,649,266,4356,California
Nevada,2021-01-21,349,5353,204,3052,145,2301,0,0,335,4028,14,663,335,4691,California
Nevada,2021-01-22,384,5737,234,3286,150,2451,0,0,351,4346,33,696,351,5042,California
Nevada,2021-01-23,190,5927,106,3392,84,2535,0,0,190,4536,0,696,190,5232,California
Nevada,2021-01-24,117,6044,105,3497,12,2547,0,0,77,4573,40,736,77,5309,California
Nevada,2021-01-25,264,6308,130,3627,134,2681,0,0,199,4707,65,801,199,5508,California
Nevada,2021-01-26,430,6738,152,3779,278,2959,0,0,322,4921,108,909,322,5830,California
Nevada,2021-01-27,451,7189,268,4047,183,3142,0,0,423,5316,28,937,423,6253,California
Nevada,2021-01-28,497,7686,336,4383,161,3303,0,0,446,5712,50,987,446,6699,California
Nevada,2021-01-29,630,8316,405,4788,225,3528,0,0,602,6288,27,1014,603,7302,California
Nevada,2021-01-30,265,8581,127,4915,138,3666,0,0,262,6547,3,1017,262,7564,California
Nevada,2021-01-31,114,8695,95,5010,19,3685,0,0,110,6655,3,1020,111,7675,California
Nevada,2021-02-01,291,8986,74,5084,217,3902,0,0,276,6916,15,1035,276,7951,California
Nevada,2021-02-02,548,9534,196,5280,352,4254,0,0,338,7044,210,1245,338,8289,California
Nevada,2021-02-03,827,10361,563,5843,264,4518,0,0,768,7754,58,1303,768,9057,California
Nevada,2021-02-04,779,11140,402,6245,377,4895,0,0,525,8026,253,1556,525,9582,California
Nevada,2021-02-05,706,11846,390,6635,316,5211,0,0,508,8338,196,1752,508,10090,California
Nevada,2021-02-06,291,12137,99,6734,192,5403,0,0,261,8569,30,1782,261,10351,California
Nevada,2021-02-07,312,12449,249,6983,63,5466,0,0,250,8757,62,1844,250,10601,California
Nevada,2021-02-08,700,13149,424,7407,276,5742,0,0,589,9235,111,1955,589,11190,California
Nevada,2021-02-09,647,13796,370,7777,277,6019,0,0,500,9588,147,2102,500,11690,California
Nevada,2021-02-10,684,14480,343,8120,341,6360,0,0,453,9811,231,2333,454,12144,California
Nevada,2021-02-11,930,15410,529,8649,401,6761,0,0,586,10054,343,2676,586,12730,California
Nevada,2021-02-12,1002,16412,461,9110,541,7302,0,0,668,10391,331,3007,668,13398,California
Nevada,2021-02-13,674,17086,269,9379,405,7707,0,0,423,10568,247,3254,424,13822,California
Nevada,2021-02-14,252,17338,136,9515,116,7823,0,0,214,10744,38,3292,214,14036,California
Nevada,2021-02-15,743,18081,454,9969,289,8112,0,0,570,11141,173,3465,570,14606,California
Nevada,2021-02-16,675,18756,235,10204,440,8552,0,0,496,11459,178,3643,496,15102,California
Nevada,2021-02-17,1238,19994,802,11006,436,8988,0,0,891,12003,347,3990,891,15993,California
Nevada,2021-02-18,1048,21042,580,11586,468,9456,0,0,621,12200,424,4414,621,16614,California
Nevada,2021-02-19,1043,22085,656,12242,387,9843,0,0,667,12494,374,4788,668,17282,California
Nevada,2021-02-20,329,22414,127,12369,202,10045,0,0,180,12526,148,4936,180,17462,California
Nevada,2021-02-21,107,22521,96,12465,11,10056,0,0,9,12440,95,5031,9,17471,California
Nevada,2021-02-22,510,23031,342,12807,168,10224,0,0,361,12653,148,5179,361,17832,California
Nevada,2021-02-23,520,23551,250,13057,270,10494,0,0,224,12585,293,5472,225,18057,California
Nevada,2021-02-24,501,24052,255,13312,246,10740,0,0,258,12606,241,5713,262,18319,California
Nevada,2021-02-25,897,24949,494,13806,403,11143,0,0,443,12597,452,6165,443,18762,California
Nevada,2021-02-26,1294,26243,895,14701,399,11542,0,0,452,12210,839,7004,452,19214,California
Nevada,2021-02-27,408,26651,129,14830,279,11821,0,0,211,12224,197,7201,211,19425,California
Nevada,2021-02-28,346,26997,212,15042,134,11955,0,0,145,12169,200,7401,145,19570,California
Nevada,2021-03-01,871,27868,456,15498,415,12370,0,0,385,12071,483,7884,385,19955,California
Nevada,2021-03-02,777,28645,315,15813,462,12832,0,0,526,12351,246,8130,526,20481,California
Nevada,2021-03-03,1025,29670,523,16336,501,13333,1,1,531,12392,492,8622,533,21014,California
Nevada,2021-03-04,1155,30825,642,16978,513,13846,0,1,482,12205,669,9291,482,21496,California
Nevada,2021-03-05,909,31734,513,17491,386,14232,10,11,403,12114,504,9795,413,21909,California
Nevada,2021-03-06,384,32118,135,17626,222,14454,27,38,150,12056,234,10029,176,22085,California
Nevada,2021-03-07,226,32344,118,17744,88,14542,20,58,73,11996,153,10182,93,22178,California
Nevada,2021-03-08,867,33211,576,18320,243,14785,48,106,386,11951,480,10662,435,22613,California
Nevada,2021-03-09,831,34042,426,18746,349,15134,56,162,466,12110,362,11024,521,23134,California
Nevada,2021-03-10,1040,35082,669,19415,313,15447,58,220,346,11825,688,11712,403,23537,California
Nevada,2021-03-11,1147,36229,742,20157,379,15826,26,246,553,11818,586,12298,579,24116,California
Nevada,2021-03-12,1245,37474,737,20894,475,16301,33,279,508,11625,733,13031,540,24656,California
Nevada,2021-03-13,306,37780,59,20953,241,16542,6,285,116,11557,188,13219,120,24776,California
Nevada,2021-03-14,165,37945,27,20980,132,16674,6,291,37,11472,128,13347,43,24819,California
Nevada,2021-03-15,879,38824,474,21454,393,17067,12,303,367,11343,508,13855,379,25198,California
Nevada,2021-03-16,1008,39832,468,21922,477,17544,63,366,646,11691,360,14215,708,25906,California
Nevada,2021-03-17,1031,40863,454,22376,567,18111,10,376,581,11836,447,14662,592,26498,California
Nevada,2021-03-18,1007,41870,548,22924,437,18548,22,398,488,11831,515,15177,510,27008,California
Nevada,2021-03-19,770,42640,452,23376,281,18829,37,435,372,11846,394,15571,409,27417,California
Nevada,2021-03-20,838,43478,96,23472,303,19132,439,874,230,11910,601,16172,665,28082,California
Nevada,2021-03-21,67,43545,35,23507,31,19163,1,875,47,11939,19,16191,48,28130,California
Nevada,2021-03-22,825,44370,530,24037,291,19454,4,879,547,12215,275,16466,551,28681,California
Nevada,2021-03-23,867,45237,401,24438,439,19893,27,906,624,12626,240,16706,651,29332,California
Nevada,2021-03-24,1039,46276,560,24998,472,20365,7,913,649,12899,382,17088,655,29987,California
Nevada,2021-03-25,927,47203,478,25476,422,20787,27,940,502,13004,423,17511,528,30515,California
Nevada,2021-03-26,1198,48401,469,25945,688,21475,41,981,838,13524,358,17869,878,31393,California
Nevada,2021-03-27,592,48993,72,26017,504,21979,16,997,392,13732,200,18069,408,31801,California
Nevada,2021-03-28,199,49192,51,26068,135,22114,13,1010,40,13629,156,18225,53,31854,California
Nevada,2021-03-29,862,50054,516,26584,325,22439,21,1031,388,13566,471,18696,408,32262,California
Nevada,2021-03-30,1080,51134,487,27071,559,22998,34,1065,495,13518,577,19273,529,32791,California
Nevada,2021-03-31,1205,52339,669,27740,519,23517,17,1082,684,13706,512,19785,700,33491,California
Nevada,2021-04-01,1273,53612,736,28476,485,24002,52,1134,570,13633,694,20479,621,34112,California
Nevada,2021-04-02,1326,54938,666,29142,626,24628,34,1168,796,13937,526,21005,830,34942,California
Nevada,2021-04-03,305,55243,93,29235,176,24804,36,1204,89,13847,215,21220,125,35067,California
Nevada,2021-04-04,140,55383,46,29281,87,24891,7,1211,81,13876,59,21279,88,35155,California
Nevada,2021-04-05,964,56347,637,29918,305,25196,22,1233,633,14204,326,21605,654,35809,California
Nevada,2021-04-06,1096,57443,678,30596,273,25469,145,1378,456,14170,634,22239,600,36409,California
Nevada,2021-04-07,1172,58615,831,31427,253,25722,88,1466,634,14360,531,22770,721,37130,California
Nevada,2021-04-08,1317,59932,909,32336,318,26040,90,1556,721,14580,591,23361,811,37941,California
Nevada,2021-04-09,1287,61219,871,33207,341,26381,75,1631,854,15078,431,23792,929,38870,California
Nevada,2021-04-10,283,61502,82,33289,126,26507,75,1706,115,15101,167,23959,190,39060,California
Nevada,2021-04-11,104,61606,35,33324,64,26571,5,1711,38,15078,66,24025,43,39103,California
Nevada,2021-04-12,781,62387,561,33885,202,26773,18,1729,339,14998,437,24462,357,39460,California
Nevada,2021-04-13,903,63290,372,34257,531,27304,0,1729,467,15033,432,24894,467,39927,California
Nevada,2021-04-14,1082,64372,599,34856,483,27787,0,1729,543,15044,532,25426,543,40470,California
Nevada,2021-04-15,1107,65479,719,35575,388,28175,0,1729,631,15211,464,25890,631,41101,California
Nevada,2021-04-16,922,66401,711,36286,211,28386,0,1729,533,15358,387,26277,534,41635,California
Nevada,2021-04-17,195,66596,53,36339,142,28528,0,1729,82,15329,111,26388,82,41717,California
Nevada,2021-04-18,191,66787,21,36360,170,28698,0,1729,105,15348,86,26474,105,41822,California
Nevada,2021-04-19,789,67576,506,36866,283,28981,0,1729,323,15215,456,26930,323,42145,California
Nevada,2021-04-20,799,68375,316,37182,483,29464,0,1729,310,15044,482,27412,311,42456,California
Nevada,2021-04-21,925,69300,511,37693,414,29878,0,1729,288,14705,628,28040,289,42745,California
Nevada,2021-04-22,1012,70312,626,38319,386,30264,0,1729,342,14390,658,28698,343,43088,California
Nevada,2021-04-23,1234,71546,561,38880,673,30937,0,1729,399,13966,823,29521,399,43487,California
Nevada,2021-04-24,525,72071,77,38957,448,31385,0,1729,172,13787,351,29872,172,43659,California
Nevada,2021-04-25,125,72196,63,39020,57,31442,5,1734,58,13783,66,29938,62,43721,California
Nevada,2021-04-26,772,72968,586,39606,177,31619,9,1743,223,13476,539,30477,232,43953,California
Nevada,2021-04-27,842,73810,397,40003,440,32059,5,1748,423,13493,411,30888,428,44381,California
Nevada,2021-04-28,1007,74817,594,40597,408,32467,5,1753,389,13274,613,31501,394,44775,California
Nevada,2021-04-29,1038,75855,720,41317,314,32781,4,1757,297,12837,738,32239,301,45076,California
Nevada,2021-04-30,1271,77126,748,42065,513,33294,10,1767,216,12010,1053,33292,226,45302,California
Nevada,2021-05-01,153,77279,66,42131,84,33378,3,1770,69,12000,82,33374,72,45374,California
Nevada,2021-05-02,64,77343,31,42162,29,33407,4,1774,23,11986,41,33415,27,45401,California
Nevada,2021-05-03,628,77971,423,42585,187,33594,18,1792,189,11757,435,33850,206,45607,California
Nevada,2021-05-04,596,78567,176,42761,400,33994,20,1812,333,11851,259,34109,353,45960,California
Nevada,2021-05-05,755,79322,393,43154,347,34341,15,1827,325,11770,421,34530,340,46300,California
Nevada,2021-05-06,819,80141,569,43723,239,34580,11,1838,207,11385,603,35133,218,46518,California
Nevada,2021-05-07,895,81036,494,44217,365,34945,36,1874,197,10925,693,35826,233,46751,California
Nevada,2021-05-08,174,81210,21,44238,134,35079,19,1893,78,10927,95,35921,97,46848,California
Nevada,2021-05-09,43,81253,7,44245,34,35113,2,1895,19,10924,24,35945,21,46869,California
Nevada,2021-05-10,408,81661,262,44507,121,35234,25,1920,78,10698,329,36274,103,46972,California
Nevada,2021-05-11,509,82170,157,44664,335,35569,17,1937,131,10476,370,36644,148,47120,California
Nevada,2021-05-12,537,82707,244,44908,282,35851,11,1948,151,10260,378,37022,162,47282,California
Nevada,2021-05-13,848,83555,556,45464,282,36133,10,1958,432,10294,408,37430,442,47724,California
Nevada,2021-05-14,779,84334,579,46043,183,36316,17,1975,424,10384,351,37781,441,48165,California
Nevada,2021-05-15,185,84519,90,46133,89,36405,6,1981,88,10382,96,37877,94,48259,California
Nevada,2021-05-16,157,84676,51,46184,106,36511,0,1981,52,10329,105,37982,52,48311,California
Nevada,2021-05-17,503,85179,323,46507,148,36659,32,2013,214,10297,278,38260,246,48557,California
Nevada,2021-05-18,424,85603,255,46762,164,36823,5,2018,220,10320,202,38462,225,48782,California
Nevada,2021-05-19,499,86102,356,47118,138,36961,5,2023,254,10343,236,38698,259,49041,California
Nevada,2021-05-20,616,86718,360,47478,244,37205,12,2035,212,10168,399,39097,224,49265,California
Nevada,2021-05-21,518,87236,337,47815,170,37375,11,2046,226,10116,289,39386,237,49502,California
Nevada,2021-05-22,250,87486,39,47854,121,37496,90,2136,55,10066,195,39581,145,49647,California
Nevada,2021-05-23,52,87538,17,47871,35,37531,0,2136,17,10049,34,39615,17,49664,California
Nevada,2021-05-24,319,87857,223,48094,80,37611,16,2152,106,9961,210,39825,122,49786,California
Nevada,2021-05-25,348,88205,83,48177,251,37862,14,2166,86,9804,257,40082,100,49886,California
Nevada,2021-05-26,447,88652,195,48372,242,38104,10,2176,131,9636,309,40391,141,50027,California
Nevada,2021-05-27,440,89092,233,48605,186,38290,21,2197,183,9588,252,40643,204,50231,California
Nevada,2021-05-28,350,89442,218,48823,117,38407,15,2212,198,9652,149,40792,213,50444,California
Nevada,2021-05-29,66,89508,13,48836,53,38460,0,2212,41,9668,25,40817,41,50485,California
Nevada,2021-05-30,42,89550,19,48855,21,38481,2,2214,28,9684,14,40831,30,50515,California
Nevada,2021-05-31,6,89556,4,48859,0,38481,2,2216,2,9684,4,40835,4,50519,California
Nevada,2021-06-01,417,89973,127,48986,271,38752,19,2235,99,9493,309,41144,118,50637,California
Nevada,2021-06-02,403,90376,164,49150,232,38984,7,2242,104,9312,292,41436,111,50748,California
Nevada,2021-06-03,562,90938,401,49551,156,39140,5,2247,99,8958,458,41894,104,50852,California
Nevada,2021-06-04,533,91471,429,49980,100,39240,4,2251,108,8649,421,42315,112,50964,California
Nevada,2021-06-05,169,91640,68,50048,99,39339,2,2253,64,8611,104,42419,66,51030,California
Nevada,2021-06-06,55,91695,41,50089,14,39353,0,2253,14,8584,41,42460,14,51044,California
Nevada,2021-06-07,267,91962,192,50281,44,39397,31,2284,60,8473,202,42662,91,51135,California
Nevada,2021-06-08,284,92246,187,50468,85,39482,12,2296,65,8340,210,42872,77,51212,California
Nevada,2021-06-09,322,92568,215,50683,100,39582,7,2303,81,8192,236,43108,88,51300,California
Nevada,2021-06-10,280,92848,178,50861,93,39675,9,2312,75,8077,198,43306,83,51383,California
Nevada,2021-06-11,327,93175,234,51095,74,39749,19,2331,78,7927,246,43552,96,51479,California
Nevada,2021-06-12,92,93267,53,51148,34,39783,5,2336,27,7894,65,43617,32,51511,California
Nevada,2021-06-13,32,93299,17,51165,14,39797,1,2337,6,7875,26,43643,7,51518,California
Nevada,2021-06-14,191,93490,135,51300,45,39842,11,2348,51,7804,133,43776,62,51580,California
Nevada,2021-06-15,164,93654,92,51392,64,39906,8,2356,66,7783,95,43871,74,51654,California
Nevada,2021-06-16,239,93893,135,51527,96,40002,8,2364,75,7709,157,44028,83,51737,California
Nevada,2021-06-17,219,94112,130,51657,77,40079,12,2376,44,7591,174,44202,56,51793,California
Nevada,2021-06-18,217,94329,153,51810,51,40130,13,2389,71,7531,144,44346,84,51877,California
Nevada,2021-06-19,74,94403,36,51846,31,40161,7,2396,32,7529,42,44388,40,51917,California
Nevada,2021-06-20,10,94413,9,51855,1,40162,0,2396,4,7527,6,44394,4,51921,California
Orange,2020-12-15,16,16,16,16,0,0,0,0,16,16,0,0,16,16,California
Orange,2020-12-16,393,409,393,409,0,0,0,0,393,409,0,0,393,409,California
Orange,2020-12-17,3754,4163,3754,4163,0,0,0,0,3753,4162,0,0,3753,4162,California
Orange,2020-12-18,5090,9253,5082,9245,8,8,0,0,5088,9249,1,1,5088,9250,California
Orange,2020-12-19,2240,11493,2233,11478,7,15,0,0,2239,11488,0,1,2239,11489,California
Orange,2020-12-20,1992,13485,1989,13467,3,18,0,0,1993,13481,0,1,1993,13482,California
Orange,2020-12-21,4273,17758,4267,17734,6,24,0,0,4273,17754,0,1,4273,17755,California
Orange,2020-12-22,3985,21743,3950,21684,35,59,0,0,3985,21739,0,1,3985,21740,California
Orange,2020-12-23,3593,25336,3230,24914,363,422,0,0,3594,25333,0,1,3594,25334,California
Orange,2020-12-24,1384,26720,1081,25995,303,725,0,0,1384,26717,0,1,1384,26718,California
Orange,2020-12-25,21,26741,16,26011,5,730,0,0,21,26738,0,1,21,26739,California
Orange,2020-12-26,991,27732,420,26431,571,1301,0,0,991,27729,0,1,991,27730,California
Orange,2020-12-27,584,28316,276,26707,308,1609,0,0,584,28313,0,1,584,28314,California
Orange,2020-12-28,3614,31930,2632,29339,982,2591,0,0,3614,31927,0,1,3614,31928,California
Orange,2020-12-29,3524,35454,2506,31845,1018,3609,0,0,3523,35449,1,2,3523,35451,California
Orange,2020-12-30,5127,40581,3540,35385,1587,5196,0,0,5127,40576,0,2,5127,40578,California
Orange,2020-12-31,1526,42107,816,36201,710,5906,0,0,1523,42096,3,5,1523,42101,California
Orange,2021-01-01,681,42788,375,36576,306,6212,0,0,679,42773,2,7,679,42780,California
Orange,2021-01-02,1362,44150,843,37419,519,6731,0,0,1361,44134,0,7,1361,44141,California
Orange,2021-01-03,589,44739,326,37745,263,6994,0,0,589,44723,0,7,589,44730,California
Orange,2021-01-04,2763,47502,1570,39315,1193,8187,0,0,2764,47486,1,8,2764,47494,California
Orange,2021-01-05,3546,51048,2306,41621,1240,9427,0,0,3132,50210,411,419,3135,50629,California
Orange,2021-01-06,5027,56075,3468,45089,1559,10986,0,0,3657,52509,1358,1777,3657,54286,California
Orange,2021-01-07,9332,65407,5206,50295,4126,15112,0,0,5726,54650,3591,5368,5732,60018,California
Orange,2021-01-08,9431,74838,5266,55561,4165,19277,0,0,5663,56560,3756,9124,5666,65684,California
Orange,2021-01-09,5038,79876,1750,57311,3288,22565,0,0,3753,59028,1285,10409,3753,69437,California
Orange,2021-01-10,4258,84134,1044,58355,3214,25779,0,0,3379,61533,878,11287,3383,72820,California
Orange,2021-01-11,9493,93627,4922,63277,4571,30350,0,0,5862,63765,3633,14920,5865,78685,California
Orange,2021-01-12,9007,102634,4842,68119,4165,34515,0,0,5528,65818,3477,18397,5530,84215,California
Orange,2021-01-13,10329,112963,4935,73054,5394,39909,0,0,7115,69729,3211,21608,7122,91337,California
Orange,2021-01-14,10094,123057,3804,76858,6290,46199,0,0,8495,76633,1597,23205,8501,99838,California
Orange,2021-01-15,10307,133364,2673,79531,7634,53833,0,0,9422,85169,892,24097,9428,109266,California
Orange,2021-01-16,8806,142170,2104,81635,6702,60535,0,0,8408,93186,396,24493,8413,117679,California
Orange,2021-01-17,8263,150433,1519,83154,6744,67279,0,0,8110,101153,153,24646,8120,125799,California
Orange,2021-01-18,9774,160207,4437,87591,5337,72616,0,0,7511,106407,2262,26908,7516,133315,California
Orange,2021-01-19,7592,167799,5475,93066,2117,74733,0,0,4947,108712,2644,29552,4949,138264,California
Orange,2021-01-20,8489,176288,5935,99001,2554,77287,0,0,5427,111089,3060,32612,5437,143701,California
Orange,2021-01-21,11155,187443,4934,103935,6221,83508,0,0,10322,120592,830,33442,10333,154034,California
Orange,2021-01-22,13867,201310,5178,109113,8689,92197,0,0,12989,132721,870,34312,12999,167033,California
Orange,2021-01-23,13299,214609,6232,115345,7067,99264,0,0,12359,144152,938,35250,12369,179402,California
Orange,2021-01-24,9946,224555,4318,119663,5628,104892,0,0,9609,153431,334,35584,9613,189015,California
Orange,2021-01-25,10501,235056,5860,125523,4641,109533,0,0,7756,158455,2737,38321,7761,196776,California
Orange,2021-01-26,11954,247010,7693,133216,4261,113794,0,0,9775,166059,2174,40495,9778,206554,California
Orange,2021-01-27,13633,260643,8023,141239,5610,119404,0,0,10887,174217,2734,43229,10892,217446,California
Orange,2021-01-28,13250,273893,7251,148490,5999,125403,0,0,11335,183662,1899,45128,11344,228790,California
Orange,2021-01-29,13840,287733,8515,157005,5325,130728,0,0,10911,191666,2910,48038,10914,239704,California
Orange,2021-01-30,13230,300963,4530,161535,8700,139428,0,0,12440,203337,773,48811,12444,252148,California
Orange,2021-01-31,13869,314832,4944,166479,8925,148353,0,0,13412,216306,451,49262,13420,265568,California
Orange,2021-02-01,15054,329886,6574,173053,8480,156833,0,0,12560,226409,2467,51729,12570,278138,California
Orange,2021-02-02,15234,345120,8037,181090,7197,164030,0,0,12746,236710,2455,54184,12756,290894,California
Orange,2021-02-03,16756,361876,12454,193544,4302,168332,0,0,13787,247615,2889,57073,13794,304688,California
Orange,2021-02-04,20107,381983,13108,206652,6999,175331,0,0,14984,257518,5089,62162,14992,319680,California
Orange,2021-02-05,20972,402955,12091,218743,8881,184212,0,0,14605,265814,6320,68482,14616,334296,California
Orange,2021-02-06,16536,419491,10887,229630,5649,189861,0,0,11247,272008,5274,73756,11468,345764,California
Orange,2021-02-07,11668,431159,8174,237804,3494,193355,0,0,7663,275855,3988,77744,7835,353599,California
Orange,2021-02-08,15191,446350,8726,246530,6465,199820,0,0,9112,278920,6051,83795,9116,362715,California
Orange,2021-02-09,17913,464263,12150,258680,5763,205583,0,0,10822,282740,7017,90812,10837,373552,California
Orange,2021-02-10,21067,485330,11230,269910,9837,215420,0,0,12808,287406,8165,98977,12831,386383,California
Orange,2021-02-11,22354,507684,11616,281526,10738,226158,0,0,12511,290233,9708,108685,12535,398918,California
Orange,2021-02-12,25050,532734,12052,293578,12998,239156,0,0,14710,294691,10273,118958,14731,413649,California
Orange,2021-02-13,22087,554821,11933,305511,10154,249310,0,0,11165,295748,10763,129721,11820,425469,California
Orange,2021-02-14,16264,571085,6590,312101,9674,258984,0,0,9615,298752,6619,136340,9623,435092,California
Orange,2021-02-15,17381,588466,7473,319574,9908,268892,0,0,8995,299428,8341,144681,9017,444109,California
Orange,2021-02-16,20090,608556,9046,328620,11044,279936,0,0,10831,301094,9205,153886,10871,454980,California
Orange,2021-02-17,18128,626684,9466,338086,8662,288598,0,0,9297,301686,8774,162660,9366,464346,California
Orange,2021-02-18,15149,641833,9931,348017,5218,293816,0,0,6849,300326,8243,170903,6883,471229,California
Orange,2021-02-19,18322,660155,10951,358968,7371,301187,0,0,6961,296009,11304,182207,6987,478216,California
Orange,2021-02-20,7612,667767,5673,364641,1939,303126,0,0,3818,296088,3768,185975,3847,482063,California
Orange,2021-02-21,4644,672411,3948,368589,696,303822,0,0,963,293422,3637,189612,971,483034,California
Orange,2021-02-22,9810,682221,7991,376580,1819,305641,0,0,3968,291610,5806,195418,3994,487028,California
Orange,2021-02-23,13603,695824,7466,384046,6137,311778,0,0,3609,285339,9923,205341,3652,490680,California
Orange,2021-02-24,21397,717221,12941,396987,8456,320234,0,0,5441,274961,15888,221229,5510,496190,California
Orange,2021-02-25,23043,740264,12451,409438,10592,330826,0,0,8101,268249,14866,236095,8154,504344,California
Orange,2021-02-26,28230,768494,14297,423735,13933,344759,0,0,11411,263046,16681,252776,11478,515822,California
Orange,2021-02-27,25330,793824,10314,434049,15013,359772,3,3,7381,252664,17827,270603,7445,523267,California
Orange,2021-02-28,19288,813112,7496,441545,11792,371564,0,3,4881,243315,14273,284876,4924,528191,California
Orange,2021-03-01,18884,831996,8634,450179,10234,381798,16,19,7340,239281,11435,296311,7401,535592,California
Orange,2021-03-02,19527,851523,9444,459623,10079,391877,4,23,9530,238951,9936,306247,9606,545198,California
Orange,2021-03-03,21258,872781,10105,469728,11148,403025,5,28,11415,240674,9760,316007,11483,556681,California
Orange,2021-03-04,22854,895635,13133,482861,9707,412732,14,42,11802,241542,11009,327016,11877,568558,California
Orange,2021-03-05,21363,916998,11130,493991,10184,422916,49,91,13063,246501,8253,335269,13212,581770,California
Orange,2021-03-06,24382,941380,13402,507393,10105,433021,875,966,12858,248820,11474,346743,13793,595563,California
Orange,2021-03-07,15443,956823,8665,516058,6363,439384,415,1381,8997,251881,6404,353147,9465,605028,California
Orange,2021-03-08,17000,973823,7853,523911,7819,447203,1328,2709,10870,258074,6063,359210,12256,617284,California
Orange,2021-03-09,21343,995166,9855,533766,8996,456199,2492,5201,12557,264405,8741,367951,15072,632356,California
Orange,2021-03-10,25052,1020218,12280,546046,9288,465487,3484,8685,12607,268141,12378,380329,16114,648470,California
Orange,2021-03-11,29261,1049479,15809,561855,9194,474681,4258,12943,13505,270266,15651,395980,17776,666246,California
Orange,2021-03-12,29596,1079075,14370,576225,11324,486005,3902,16845,14822,274351,14680,410660,18765,685011,California
Orange,2021-03-13,28009,1107084,10284,586509,13741,499746,3984,20829,14125,278650,13820,424480,18119,703130,California
Orange,2021-03-14,19007,1126091,8261,594770,8194,507940,2552,23381,11857,285944,7116,431596,14410,717540,California
Orange,2021-03-15,23252,1149343,10229,604999,12257,520197,766,24147,14458,292476,8701,440297,15233,732773,California
Orange,2021-03-16,26595,1175938,11273,616272,15092,535289,230,24377,17192,300606,9318,449615,17448,750221,California
Orange,2021-03-17,27527,1203465,13680,629952,13259,548548,588,24965,19551,312856,7891,457506,20141,770362,California
Orange,2021-03-18,27948,1231413,14070,644022,13601,562149,277,25242,21664,328600,6212,463718,21956,792318,California
Orange,2021-03-19,33705,1265118,18485,662507,14765,576914,455,25697,24962,345410,8623,472341,25433,817751,California
Orange,2021-03-20,25906,1291024,13632,676139,12065,588979,209,25906,22064,363919,3774,476115,22283,840034,California
Orange,2021-03-21,18646,1309670,10783,686922,7116,596095,747,26653,15780,377619,2830,478945,16530,856564,California
Orange,2021-03-22,22854,1332524,11844,698766,10690,606785,320,26973,19206,393614,3544,482489,19539,876103,California
Orange,2021-03-23,26109,1358633,13590,712356,11874,618659,645,27618,20678,409597,5348,487837,21331,897434,California
Orange,2021-03-24,29342,1387975,16427,728783,11985,630644,930,28548,22056,425400,7189,495026,22992,920426,California
Orange,2021-03-25,32600,1420575,17327,746110,14559,645203,714,29262,24248,442119,8247,503273,24966,945392,California
Orange,2021-03-26,35039,1455614,18204,764314,15963,661166,872,30134,24883,457852,10035,513308,25768,971160,California
Orange,2021-03-27,28569,1484183,13673,777987,14580,675746,316,30450,19797,469294,8674,521982,20116,991276,California
Orange,2021-03-28,24952,1509135,12971,790958,11913,687659,68,30518,18625,481748,6245,528227,18699,1009975,California
Orange,2021-03-29,26629,1535764,12208,803166,13853,701512,568,31086,17811,491421,8710,536937,18383,1028358,California
Orange,2021-03-30,30987,1566751,14026,817192,16328,717840,633,31719,20454,502075,10434,547371,21088,1049446,California
Orange,2021-03-31,37237,1603988,19551,836743,16970,734810,716,32435,23686,513054,13426,560797,24405,1073851,California
Orange,2021-04-01,40769,1644757,21396,858139,17438,752248,1935,34370,26239,526869,14347,575144,28162,1102013,California
Orange,2021-04-02,40271,1685028,20310,878449,18114,770362,1847,36217,22708,533983,17447,592591,24561,1126574,California
Orange,2021-04-03,30310,1715338,15757,894206,12784,783146,1769,37986,14295,534115,15924,608515,16056,1142630,California
Orange,2021-04-04,18494,1733832,10735,904941,6991,790137,768,38754,8156,532759,10276,618791,8920,1151550,California
Orange,2021-04-05,30141,1763973,14090,919031,12638,802775,3413,42167,13841,533798,16209,635000,17248,1168798,California
Orange,2021-04-06,33548,1797521,15698,934729,14406,817181,3444,45611,14379,532529,19072,654072,17803,1186601,California
Orange,2021-04-07,36341,1833862,20210,954939,11492,828673,4639,50250,16019,532926,20225,674297,20622,1207223,California
Orange,2021-04-08,39363,1873225,21775,976714,12056,840729,5532,55782,19070,537321,20174,694471,24569,1231792,California
Orange,2021-04-09,41250,1914475,23982,1000696,11978,852707,5290,61072,18214,537870,22925,717396,23474,1255266,California
Orange,2021-04-10,34763,1949238,18347,1019043,12127,864834,4289,65361,14400,536274,20264,737660,18668,1273934,California
Orange,2021-04-11,25811,1975049,14624,1033667,7909,872743,3278,68639,9910,533601,15844,753504,13171,1287105,California
Orange,2021-04-12,30767,2005816,15528,1049195,11590,884333,3649,72288,12097,530733,18591,772095,15723,1302828,California
Orange,2021-04-13,32771,2038587,18460,1067655,14242,898575,69,72357,15283,528680,17408,789503,15355,1318183,California
Orange,2021-04-14,34959,2073546,20508,1088163,14415,912990,36,72393,15213,524313,19634,809137,15267,1333450,California
Orange,2021-04-15,40781,2114327,24821,1112984,15946,928936,14,72407,19012,521712,21648,830785,19047,1352497,California
Orange,2021-04-16,41883,2156210,24588,1137572,17266,946202,29,72436,18939,517952,22814,853599,19054,1371551,California
Orange,2021-04-17,30536,2186746,17265,1154837,13264,959466,7,72443,13385,514349,17013,870612,13410,1384961,California
Orange,2021-04-18,21655,2208401,13096,1167933,8559,968025,0,72443,8572,509946,13023,883635,8620,1393581,California
Orange,2021-04-19,32662,2241063,18038,1185971,14620,982645,4,72447,15026,507515,17536,901171,15105,1408686,California
Orange,2021-04-20,35544,2276607,18463,1204434,17074,999719,7,72454,17780,507725,17677,918848,17887,1426573,California
Orange,2021-04-21,40752,2317359,23486,1227920,17257,1016976,9,72463,19326,505765,21303,940151,19343,1445916,California
Orange,2021-04-22,39320,2356679,20766,1248686,18544,1035520,10,72473,16341,499285,22838,962989,16358,1462274,California
Orange,2021-04-23,40252,2396931,20843,1269529,19401,1054921,8,72481,17962,495098,22167,985156,17980,1480254,California
Orange,2021-04-24,32031,2428962,16751,1286280,15248,1070169,32,72513,13422,490038,18517,1003673,13457,1493711,California
Orange,2021-04-25,22984,2451946,12979,1299259,9990,1080159,15,72528,9828,486799,13089,1016762,9850,1503561,California
Orange,2021-04-26,28762,2480708,14068,1313327,14498,1094657,196,72724,12465,483280,16183,1032945,12664,1516225,California
Orange,2021-04-27,31254,2511962,14673,1328000,15951,1110608,630,73354,11830,476494,19253,1052198,12467,1528692,California
Orange,2021-04-28,30927,2542889,15492,1343492,14553,1125161,882,74236,12406,471394,18387,1070585,13287,1541979,California
Orange,2021-04-29,31942,2574831,17440,1360932,13542,1138703,960,75196,11344,463207,20484,1091069,12297,1554276,California
Orange,2021-04-30,29907,2604738,17063,1377995,11898,1150601,946,76142,12729,459806,17066,1108135,13665,1567941,California
Orange,2021-05-01,22889,2627627,15695,1393690,6209,1156810,985,77127,8758,455525,14016,1122151,9735,1577676,California
Orange,2021-05-02,15412,2643039,10263,1403953,4503,1161313,646,77773,5361,451545,9982,1132133,6002,1583678,California
Orange,2021-05-03,20621,2663660,12588,1416541,7274,1168587,759,78532,6479,444732,14050,1146183,7237,1590915,California
Orange,2021-05-04,23649,2687309,13504,1430045,9235,1177822,910,79442,8166,438424,15371,1161554,9063,1599978,California
Orange,2021-05-05,24771,2712080,13840,1443885,10034,1187856,897,80339,8003,430690,16634,1178188,8900,1608878,California
Orange,2021-05-06,26493,2738573,16049,1459934,9442,1197298,1002,81341,7330,419989,19026,1197214,8325,1617203,California
Orange,2021-05-07,28911,2767484,17374,1477308,10489,1207787,1048,82389,8086,408506,20611,1217825,9128,1626331,California
Orange,2021-05-08,18557,2786041,12291,1489599,5473,1213260,793,83182,5420,401698,13013,1230838,6205,1632536,California
Orange,2021-05-09,10971,2797012,8341,1497940,2259,1215519,371,83553,2867,396880,8056,1238894,3238,1635774,California
Orange,2021-05-10,19118,2816130,11661,1509601,6683,1222202,774,84327,4286,387205,14739,1253633,5064,1640838,California
Orange,2021-05-11,21996,2838126,12171,1521772,9099,1231301,726,85053,5300,376632,16594,1270227,6021,1646859,California
Orange,2021-05-12,23797,2861923,14740,1536512,8221,1239522,836,85889,6841,367480,16828,1287055,7676,1654535,California
Orange,2021-05-13,21770,2883693,13497,1550009,7695,1247217,578,86467,8201,362798,13462,1300517,8780,1663315,California
Orange,2021-05-14,26174,2909867,17256,1567265,8116,1255333,802,87269,10510,358552,15556,1316073,11310,1674625,California
Orange,2021-05-15,20014,2929881,14466,1581731,4998,1260331,550,87819,8132,355407,11818,1327891,8673,1683298,California
Orange,2021-05-16,15180,2945061,12477,1594208,2363,1262694,340,88159,6457,353535,8667,1336558,6795,1690093,California
Orange,2021-05-17,19368,2964429,12691,1606899,5978,1268672,699,88858,6922,348762,12381,1348939,7608,1697701,California
Orange,2021-05-18,20522,2984951,11951,1618850,7902,1276574,669,89527,8090,345174,12341,1361280,8753,1706454,California
Orange,2021-05-19,22477,3007428,12858,1631708,8951,1285525,668,90195,7930,339335,14429,1375709,8590,1715044,California
Orange,2021-05-20,22349,3029777,13095,1644803,8588,1294113,666,90861,7851,333463,14388,1390097,8516,1723560,California
Orange,2021-05-21,25406,3055183,14487,1659290,10194,1304307,725,91586,8457,325802,16839,1406936,9178,1732738,California
Orange,2021-05-22,18197,3073380,12100,1671390,5553,1309860,544,92130,6911,322059,11197,1418133,7454,1740192,California
Orange,2021-05-23,9765,3083145,6699,1678089,2792,1312652,274,92404,3453,319516,6270,1424403,3727,1743919,California
Orange,2021-05-24,15359,3098504,9027,1687116,5712,1318364,620,93024,5705,316267,9566,1433969,6317,1750236,California
Orange,2021-05-25,15614,3114118,9190,1696306,5904,1324268,520,93544,5633,312545,9870,1443839,6148,1756384,California
Orange,2021-05-26,15221,3129339,8537,1704843,6185,1330453,499,94043,5704,309311,9429,1453268,6195,1762579,California
Orange,2021-05-27,14380,3143719,8641,1713484,5177,1335630,562,94605,6392,308330,7916,1461184,6935,1769514,California
Orange,2021-05-28,16773,3160492,9891,1723375,6252,1341882,630,95235,7408,307087,9271,1470455,8028,1777542,California
Orange,2021-05-29,8938,3169430,5227,1728602,3353,1345235,358,95593,4118,306795,4763,1475218,4471,1782013,California
Orange,2021-05-30,5974,3175404,3880,1732482,1820,1347055,274,95867,2161,305449,3778,1478996,2432,1784445,California
Orange,2021-05-31,1702,3177106,1047,1733529,608,1347663,47,95914,554,304918,1131,1480127,600,1785045,California
Orange,2021-06-01,13376,3190482,7763,1741292,5123,1352786,490,96404,5159,302445,8114,1488241,5641,1790686,California
Orange,2021-06-02,12983,3203465,8048,1749340,4517,1357303,418,96822,4541,299103,8295,1496536,4953,1795639,California
Orange,2021-06-03,12843,3216308,8863,1758203,3527,1360830,453,97275,4494,295761,8285,1504821,4943,1800582,California
Orange,2021-06-04,16863,3233171,11908,1770111,4378,1365208,577,97852,5284,290121,11499,1516320,5859,1806441,California
Orange,2021-06-05,12865,3246036,9700,1779811,2784,1367992,381,98233,3974,285636,8837,1525157,4352,1810793,California
Orange,2021-06-06,5299,3251335,4512,1784323,596,1368588,191,98424,1935,284418,3344,1528501,2126,1812919,California
Orange,2021-06-07,10771,3262106,7620,1791943,2686,1371274,465,98889,3468,281112,7231,1535732,3925,1816844,California
Orange,2021-06-08,12165,3274271,8764,1800707,2895,1374169,506,99395,3819,277182,8257,1543989,4327,1821171,California
Orange,2021-06-09,11670,3285941,8077,1808784,3138,1377307,455,99850,3321,272688,8265,1552254,3771,1824942,California
Orange,2021-06-10,11536,3297477,8409,1817193,2673,1379980,454,100304,3425,268510,8052,1560306,3874,1828816,California
Orange,2021-06-11,13090,3310567,9180,1826373,3415,1383395,495,100799,4291,264581,8711,1569017,4782,1833598,California
Orange,2021-06-12,9695,3320262,7413,1833786,1968,1385363,314,101113,2989,261235,6657,1575674,3311,1836909,California
Orange,2021-06-13,4016,3324278,2919,1836705,935,1386298,162,101275,1046,259510,2934,1578608,1209,1838118,California
Orange,2021-06-14,9800,3334078,7153,1843858,2195,1388493,452,101727,3365,256940,6385,1584993,3815,1841933,California
Orange,2021-06-15,10144,3344222,7301,1851159,2416,1390909,427,102154,3566,254420,6509,1591502,3989,1845922,California
Orange,2021-06-16,9475,3353697,6814,1857973,2196,1393105,465,102619,3254,251975,6160,1597662,3715,1849637,California
Orange,2021-06-17,9045,3362742,6810,1864783,1881,1394986,354,102973,3142,249624,5846,1603508,3495,1853132,California
Orange,2021-06-18,10846,3373588,7904,1872687,2486,1397472,456,103429,3774,246849,7002,1610510,4227,1857359,California
Orange,2021-06-19,6159,3379747,4626,1877313,1314,1398786,219,103648,2531,246021,3579,1614089,2751,1860110,California
Orange,2021-06-20,614,3380361,436,1877749,133,1398919,45,103693,228,245910,384,1614473,273,1860383,California
Placer,2020-12-15,29,29,29,29,0,0,0,0,29,29,0,0,29,29,California
Placer,2020-12-16,56,85,56,85,0,0,0,0,56,85,0,0,56,85,California
Placer,2020-12-17,149,234,149,234,0,0,0,0,149,234,0,0,149,234,California
Placer,2020-12-18,435,669,435,669,0,0,0,0,435,669,0,0,435,669,California
Placer,2020-12-19,252,921,252,921,0,0,0,0,252,921,0,0,252,921,California
Placer,2020-12-20,230,1151,230,1151,0,0,0,0,230,1151,0,0,230,1151,California
Placer,2020-12-21,506,1657,504,1655,2,2,0,0,506,1657,0,0,506,1657,California
Placer,2020-12-22,676,2333,670,2325,6,8,0,0,676,2333,0,0,676,2333,California
Placer,2020-12-23,756,3089,668,2993,88,96,0,0,756,3089,0,0,756,3089,California
Placer,2020-12-24,412,3501,360,3353,52,148,0,0,412,3501,0,0,412,3501,California
Placer,2020-12-26,165,3666,120,3473,45,193,0,0,165,3666,0,0,165,3666,California
Placer,2020-12-27,183,3849,162,3635,21,214,0,0,183,3849,0,0,183,3849,California
Placer,2020-12-28,677,4526,553,4188,124,338,0,0,677,4526,0,0,677,4526,California
Placer,2020-12-29,772,5298,525,4713,247,585,0,0,772,5298,0,0,772,5298,California
Placer,2020-12-30,733,6031,457,5170,276,861,0,0,732,6030,0,0,732,6030,California
Placer,2020-12-31,550,6581,365,5535,185,1046,0,0,550,6580,0,0,550,6580,California
Placer,2021-01-01,16,6597,12,5547,4,1050,0,0,16,6596,0,0,16,6596,California
Placer,2021-01-02,189,6786,157,5704,32,1082,0,0,189,6785,0,0,189,6785,California
Placer,2021-01-03,154,6940,77,5781,77,1159,0,0,154,6939,0,0,154,6939,California
Placer,2021-01-04,628,7568,186,5967,442,1601,0,0,628,7567,0,0,628,7567,California
Placer,2021-01-05,725,8293,160,6127,565,2166,0,0,637,8118,87,87,638,8205,California
Placer,2021-01-06,764,9057,246,6373,518,2684,0,0,613,8580,151,238,613,8818,California
Placer,2021-01-07,987,10044,371,6744,616,3300,0,0,759,9111,228,466,759,9577,California
Placer,2021-01-08,1185,11229,532,7276,653,3953,0,0,788,9505,394,860,788,10365,California
Placer,2021-01-09,456,11685,322,7598,134,4087,0,0,239,9528,216,1076,239,10604,California
Placer,2021-01-10,334,12019,185,7783,149,4236,0,0,167,9528,167,1243,167,10771,California
Placer,2021-01-11,1439,13458,815,8598,624,4860,0,0,842,9774,597,1840,843,11614,California
Placer,2021-01-12,1656,15114,871,9469,785,5645,0,0,1058,10235,597,2437,1058,12672,California
Placer,2021-01-13,1650,16764,830,10299,820,6465,0,0,1220,11030,428,2865,1223,13895,California
Placer,2021-01-14,1815,18579,694,10993,1121,7586,0,0,1430,12079,382,3247,1431,15326,California
Placer,2021-01-15,1945,20524,736,11729,1209,8795,0,0,1585,13307,359,3606,1587,16913,California
Placer,2021-01-16,1447,21971,716,12445,731,9526,0,0,1325,14511,122,3728,1326,18239,California
Placer,2021-01-17,579,22550,399,12844,180,9706,0,0,438,14808,141,3869,438,18677,California
Placer,2021-01-18,993,23543,555,13399,438,10144,0,0,749,15314,244,4113,750,19427,California
Placer,2021-01-19,2643,26186,1979,15378,664,10808,0,0,2188,17048,455,4568,2189,21616,California
Placer,2021-01-20,2309,28495,1729,17107,580,11388,0,0,1969,18678,340,4908,1970,23586,California
Placer,2021-01-21,2606,31101,1153,18260,1453,12841,0,0,2202,20480,402,5310,2204,25790,California
Placer,2021-01-22,2372,33473,657,18917,1715,14556,0,0,2196,22503,174,5484,2197,27987,California
Placer,2021-01-23,1186,34659,386,19303,800,15356,0,0,1027,23371,159,5643,1027,29014,California
Placer,2021-01-24,499,35158,253,19556,246,15602,0,0,428,23728,71,5714,428,29442,California
Placer,2021-01-25,1695,36853,817,20373,878,16480,0,0,1400,24834,295,6009,1401,30843,California
Placer,2021-01-26,1870,38723,1037,21410,833,17313,0,0,1603,26170,267,6276,1603,32446,California
Placer,2021-01-27,1834,40557,1152,22562,682,17995,0,0,1585,27509,247,6523,1586,34032,California
Placer,2021-01-28,1809,42366,1122,23684,687,18682,0,0,1563,28828,244,6767,1563,35595,California
Placer,2021-01-29,1893,44259,1167,24851,726,19408,0,0,1698,30334,194,6961,1700,37295,California
Placer,2021-01-30,1708,45967,959,25810,749,20157,0,0,1587,31801,120,7081,1587,38882,California
Placer,2021-01-31,783,46750,623,26433,160,20317,0,0,711,32441,72,7153,712,39594,California
Placer,2021-02-01,2087,48837,1091,27524,996,21313,0,0,1767,33889,319,7472,1767,41361,California
Placer,2021-02-02,2396,51233,1546,29070,850,22163,0,0,1899,35296,494,7966,1901,43262,California
Placer,2021-02-03,2929,54162,1896,30966,1033,23196,0,0,2301,36973,624,8590,2301,45563,California
Placer,2021-02-04,2738,56900,1183,32149,1555,24751,0,0,1906,38052,828,9418,1907,47470,California
Placer,2021-02-05,2696,59596,1210,33359,1486,26237,0,0,1357,38075,1334,10752,1357,48827,California
Placer,2021-02-06,1943,61539,1310,34669,633,26870,0,0,1395,38922,548,11300,1395,50222,California
Placer,2021-02-07,1168,62707,857,35526,311,27181,0,0,881,39517,286,11586,881,51103,California
Placer,2021-02-08,3289,65996,1763,37289,1526,28707,0,0,1920,40076,1362,12948,1921,53024,California
Placer,2021-02-09,3551,69547,2181,39470,1370,30077,0,0,1618,39764,1930,14878,1618,54642,California
Placer,2021-02-10,3752,73299,2205,41675,1547,31624,0,0,1736,39489,2013,16891,1738,56380,California
Placer,2021-02-11,3699,76998,1916,43591,1783,33407,0,0,1555,38914,2131,19022,1556,57936,California
Placer,2021-02-12,2836,79834,1325,44916,1511,34918,0,0,1651,39418,1148,20170,1652,59588,California
Placer,2021-02-13,2484,82318,1449,46365,1035,35953,0,0,1862,40658,622,20792,1862,61450,California
Placer,2021-02-14,1087,83405,676,47041,411,36364,0,0,736,41045,349,21141,736,62186,California
Placer,2021-02-15,2231,85636,1024,48065,1207,37571,0,0,1519,41854,712,21853,1521,63707,California
Placer,2021-02-16,3550,89186,1767,49832,1783,39354,0,0,1556,41426,1985,23838,1557,65264,California
Placer,2021-02-17,3534,92720,1955,51787,1579,40933,0,0,1495,40886,2035,25873,1495,66759,California
Placer,2021-02-18,3812,96532,2060,53847,1752,42685,0,0,1612,40309,2190,28063,1613,68372,California
Placer,2021-02-19,3625,100157,1930,55777,1695,44380,0,0,1352,39393,2269,30332,1353,69725,California
Placer,2021-02-20,2022,102179,1264,57041,758,45138,0,0,925,39231,1090,31422,928,70653,California
Placer,2021-02-21,998,103177,734,57775,264,45402,0,0,289,38815,706,32128,290,70943,California
Placer,2021-02-22,2535,105712,1772,59547,763,46165,0,0,605,37490,1930,34058,605,71548,California
Placer,2021-02-23,2592,108304,1619,61166,973,47138,0,0,899,36697,1692,35750,899,72447,California
Placer,2021-02-24,3319,111623,1176,62342,2143,49281,0,0,1819,37026,1492,37242,1821,74268,California
Placer,2021-02-25,3723,115346,1530,63872,2193,51474,0,0,2047,37408,1668,38910,2050,76318,California
Placer,2021-02-26,4251,119597,2464,66336,1787,53261,0,0,2458,38078,1789,40699,2459,78777,California
Placer,2021-02-27,2879,122476,1524,67860,1355,54616,0,0,1487,38181,1386,42085,1489,80266,California
Placer,2021-02-28,1526,124002,829,68689,697,55313,0,0,721,38102,800,42885,721,80987,California
Placer,2021-03-01,3189,127191,2123,70812,1066,56379,0,0,1624,38169,1557,44442,1624,82611,California
Placer,2021-03-02,2887,130078,1784,72596,1103,57482,0,0,1891,39074,986,45428,1891,84502,California
Placer,2021-03-03,3376,133454,1478,74074,1898,59380,0,0,1848,39402,1521,46949,1849,86351,California
Placer,2021-03-04,3597,137051,1446,75520,2151,61531,0,0,1880,39577,1706,48655,1881,88232,California
Placer,2021-03-05,2958,140009,1012,76532,1925,63456,21,21,1789,40221,1166,49821,1810,90042,California
Placer,2021-03-06,2424,142433,1503,78035,824,64280,97,118,929,39760,1487,51308,1026,91068,California
Placer,2021-03-07,1324,143757,770,78805,514,64794,40,158,551,39581,770,52078,591,91659,California
Placer,2021-03-08,2881,146638,1816,80621,953,65747,112,270,1641,40096,1238,53316,1753,93412,California
Placer,2021-03-09,3174,149812,1701,82322,1389,67136,84,354,1845,40698,1327,54643,1929,95341,California
Placer,2021-03-10,3298,153110,1331,83653,1862,68998,105,459,1734,40979,1558,56201,1839,97180,California
Placer,2021-03-11,3638,156748,1653,85306,1856,70854,129,588,1749,40979,1880,58081,1880,99060,California
Placer,2021-03-12,3695,160443,1498,86804,1418,72272,779,1367,1262,40600,2422,60503,2043,101103,California
Placer,2021-03-13,2139,162582,752,87556,1264,73536,123,1490,1120,40827,1016,61519,1243,102346,California
Placer,2021-03-14,1658,164240,680,88236,826,74362,152,1642,901,41123,757,62276,1053,103399,California
Placer,2021-03-15,3230,167470,1557,89793,1543,75905,130,1772,1786,41600,1440,63716,1917,105316,California
Placer,2021-03-16,3599,171069,1943,91736,1521,77426,135,1907,2280,42709,1306,65022,2415,107731,California
Placer,2021-03-17,3502,174571,1771,93507,1627,79053,104,2011,2257,43829,1242,66264,2362,110093,California
Placer,2021-03-18,4110,178681,2342,95849,1729,80782,39,2050,2872,45508,1231,67495,2910,113003,California
Placer,2021-03-19,3463,182144,2078,97927,1118,81900,267,2317,2151,46620,1304,68799,2416,115419,California
Placer,2021-03-20,2183,184327,929,98856,1166,83066,88,2405,1338,47206,839,69638,1425,116844,California
Placer,2021-03-21,1266,185593,581,99437,675,83741,10,2415,880,47713,383,70021,890,117734,California
Placer,2021-03-22,3314,188907,2126,101563,1095,84836,93,2508,2151,48798,1159,71180,2244,119978,California
Placer,2021-03-23,3550,192457,2107,103670,1355,86191,88,2596,2533,50407,1012,72192,2621,122599,California
Placer,2021-03-24,3813,196270,1997,105667,1716,87907,100,2696,1928,50571,1865,74057,2029,124628,California
Placer,2021-03-25,3861,200131,1859,107526,1906,89813,96,2792,1729,50274,2121,76178,1824,126452,California
Placer,2021-03-26,3751,203882,1653,109179,1867,91680,231,3023,1503,49775,2233,78411,1734,128186,California
Placer,2021-03-27,1583,205465,470,109649,1094,92774,19,3042,607,49431,969,79380,625,128811,California
Placer,2021-03-28,1100,206565,533,110182,558,93332,9,3051,308,48961,787,80167,317,129128,California
Placer,2021-03-29,3568,210133,2004,112186,1527,94859,37,3088,1738,48917,1821,81988,1777,130905,California
Placer,2021-03-30,3983,214116,2106,114292,1833,96692,44,3132,2081,49153,1888,83876,2124,133029,California
Placer,2021-03-31,4115,218231,1840,116132,2199,98891,76,3208,1682,48484,2426,86302,1757,134786,California
Placer,2021-04-01,2973,221204,1437,117569,1487,100378,49,3257,1653,48872,1314,87616,1702,136488,California
Placer,2021-04-02,2839,224043,1476,119045,1298,101676,65,3322,1579,49263,1253,88869,1644,138132,California
Placer,2021-04-03,1842,225885,990,120035,724,102400,128,3450,887,49329,947,89816,1013,139145,California
Placer,2021-04-04,708,226593,360,120395,294,102694,54,3504,283,49244,422,90238,337,139482,California
Placer,2021-04-05,3014,229607,1907,122302,923,103617,184,3688,1747,49912,1262,91500,1930,141412,California
Placer,2021-04-06,4292,233899,2488,124790,1504,105121,300,3988,1513,48953,2771,94271,1812,143224,California
Placer,2021-04-07,4575,238474,2619,127409,1496,106617,460,4448,2068,48977,2500,96771,2524,145748,California
Placer,2021-04-08,4735,243209,2628,130037,1569,108186,538,4986,1582,47953,3142,99913,2118,147866,California
Placer,2021-04-09,4144,247353,2281,132318,1241,109427,622,5608,1244,46930,2892,102805,1869,149735,California
Placer,2021-04-10,2054,249407,901,133219,969,110396,184,5792,868,46798,1183,103988,1051,150786,California
Placer,2021-04-11,1371,250778,533,133752,808,111204,30,5822,459,46378,908,104896,488,151274,California
Placer,2021-04-12,4119,254897,2655,136407,1077,112281,387,6209,2465,47585,1645,106541,2852,154126,California
Placer,2021-04-13,4387,259284,3020,139427,1366,113647,1,6210,2225,47655,2157,108698,2227,156353,California
Placer,2021-04-14,4191,263475,2584,142011,1606,115253,1,6211,1877,47228,2304,111002,1877,158230,California
Placer,2021-04-15,4523,267998,2525,144536,1997,117250,1,6212,2370,47456,2143,113145,2371,160601,California
Placer,2021-04-16,3682,271680,2183,146719,1499,118749,0,6212,1435,46653,2241,115386,1438,162039,California
Placer,2021-04-17,2439,274119,846,147565,1593,120342,0,6212,1520,47259,914,116300,1520,163559,California
Placer,2021-04-18,1202,275321,262,147827,940,121282,0,6212,414,46887,786,117086,414,163973,California
Placer,2021-04-19,2957,278278,1818,149645,1139,122421,0,6212,1162,46260,1791,118877,1164,165137,California
Placer,2021-04-20,3837,282115,2483,152128,1354,123775,0,6212,2431,47295,1397,120274,2432,167569,California
Placer,2021-04-21,3668,285783,2403,154531,1264,125039,1,6213,2389,48409,1276,121550,2390,169959,California
Placer,2021-04-22,3664,289447,2275,156806,1389,126428,0,6213,1739,48226,1922,123472,1739,171698,California
Placer,2021-04-23,3512,292959,2319,159125,1192,127620,1,6214,1372,47466,2133,125605,1373,173071,California
Placer,2021-04-24,2086,295045,1267,160392,818,128438,1,6215,1211,47811,866,126471,1211,174282,California
Placer,2021-04-25,901,295946,500,160892,401,128839,0,6215,555,48020,346,126817,555,174837,California
Placer,2021-04-26,2481,298427,1325,162217,1133,129972,23,6238,1213,47997,1258,128075,1235,176072,California
Placer,2021-04-27,2730,301157,1427,163644,1254,131226,49,6287,1551,48423,1175,129250,1601,177673,California
Placer,2021-04-28,3004,304161,1886,165530,1082,132308,36,6323,1600,48666,1394,130644,1637,179310,California
Placer,2021-04-29,3368,307529,2188,167718,1126,133434,54,6377,1406,48170,1956,132600,1460,180770,California
Placer,2021-04-30,2973,310502,1800,169518,1124,134558,49,6426,1185,47622,1782,134382,1234,182004,California
Placer,2021-05-01,1326,311828,926,170444,373,134931,27,6453,597,47522,723,135105,623,182627,California
Placer,2021-05-02,733,312561,575,171019,136,135067,22,6475,333,47479,398,135503,355,182982,California
Placer,2021-05-03,1596,314157,979,171998,549,135616,68,6543,431,46815,1162,136665,498,183480,California
Placer,2021-05-04,2309,316466,1302,173300,844,136460,163,6706,867,46410,1435,138100,1030,184510,California
Placer,2021-05-05,3676,320142,2491,175791,1084,137544,101,6807,968,44778,2701,140801,1069,185579,California
Placer,2021-05-06,3081,323223,1890,177681,1113,138657,78,6885,802,43403,2255,143056,880,186459,California
Placer,2021-05-07,2810,326033,1898,179579,820,139477,92,6977,795,42286,2004,145060,887,187346,California
Placer,2021-05-08,1321,327354,709,180288,571,140048,41,7018,393,41791,927,145987,432,187778,California
Placer,2021-05-09,434,327788,203,180491,211,140259,20,7038,212,41801,222,146209,232,188010,California
Placer,2021-05-10,1920,329708,1025,181516,799,141058,96,7134,428,40838,1487,147696,524,188534,California
Placer,2021-05-11,2915,332623,2081,183597,719,141777,115,7249,615,39278,2290,149986,730,189264,California
Placer,2021-05-12,2892,335515,1997,185594,838,142615,57,7306,735,37922,2150,152136,794,190058,California
Placer,2021-05-13,2863,338378,1854,187448,961,143576,48,7354,1041,37190,1820,153956,1088,191146,California
Placer,2021-05-14,2833,341211,1869,189317,828,144404,136,7490,1403,37308,1415,155371,1533,192679,California
Placer,2021-05-15,2086,343297,1348,190665,713,145117,25,7515,924,37102,1155,156526,949,193628,California
Placer,2021-05-16,1015,344312,530,191195,466,145583,19,7534,350,36808,663,157189,369,193997,California
Placer,2021-05-17,2358,346670,1571,192766,714,146297,73,7607,1026,36579,1328,158517,1099,195096,California
Placer,2021-05-18,2490,349160,1679,194445,732,147029,79,7686,1133,36438,1353,159870,1212,196308,California
Placer,2021-05-19,2539,351699,1600,196045,894,147923,45,7731,896,35741,1638,161508,941,197249,California
Placer,2021-05-20,2526,354225,1639,197684,839,148762,48,7779,888,35047,1630,163138,936,198185,California
Placer,2021-05-21,2449,356674,1530,199214,772,149534,147,7926,1087,34924,1354,164492,1231,199416,California
Placer,2021-05-22,1600,358274,1056,200270,501,150035,43,7969,763,34898,832,165324,806,200222,California
Placer,2021-05-23,578,358852,332,200602,231,150266,15,7984,268,34873,309,165633,284,200506,California
Placer,2021-05-24,1475,360327,737,201339,604,150870,134,8118,425,34386,1046,166679,559,201065,California
Placer,2021-05-25,1780,362107,941,202280,743,151613,96,8214,648,34005,1125,167804,744,201809,California
Placer,2021-05-26,1576,363683,905,203185,630,152243,41,8255,614,33704,957,168761,656,202465,California
Placer,2021-05-27,1440,365123,713,203898,684,152927,43,8298,661,33637,771,169532,704,203169,California
Placer,2021-05-28,1700,366823,857,204755,745,153672,98,8396,736,33512,959,170491,834,204003,California
Placer,2021-05-29,742,367565,401,205156,310,153982,31,8427,382,33568,356,170847,412,204415,California
Placer,2021-05-30,337,367902,230,205386,93,154075,14,8441,217,33680,119,170966,231,204646,California
Placer,2021-05-31,145,368047,67,205453,61,154136,17,8458,28,33608,116,171082,44,204690,California
Placer,2021-06-01,1678,369725,883,206336,722,154858,73,8531,633,33274,1040,172122,706,205396,California
Placer,2021-06-02,1517,371242,765,207101,684,155542,68,8599,489,32804,1027,173149,557,205953,California
Placer,2021-06-03,1705,372947,1039,208140,608,156150,58,8657,434,32029,1266,174415,491,206444,California
Placer,2021-06-04,1879,374826,1334,209474,491,156641,54,8711,464,31139,1406,175821,516,206960,California
Placer,2021-06-05,1087,375913,772,210246,274,156915,41,8752,277,30651,806,176627,318,207278,California
Placer,2021-06-06,481,376394,343,210589,121,157036,17,8769,123,30434,357,176984,140,207418,California
Placer,2021-06-07,1052,377446,718,211307,262,157298,72,8841,228,29911,821,177805,298,207716,California
Placer,2021-06-08,1736,379182,1321,212628,366,157664,49,8890,436,29098,1297,179102,484,208200,California
Placer,2021-06-09,1177,380359,852,213480,271,157935,54,8944,265,28509,909,180011,320,208520,California
Placer,2021-06-10,1239,381598,860,214340,313,158248,66,9010,311,27959,925,180936,375,208895,California
Placer,2021-06-11,1485,383083,1069,215409,357,158605,59,9069,343,27223,1137,182073,401,209296,California
Placer,2021-06-12,1013,384096,753,216162,234,158839,26,9095,219,26676,792,182865,245,209541,California
Placer,2021-06-13,394,384490,303,216465,80,158919,11,9106,103,26500,290,183155,114,209655,California
Placer,2021-06-14,771,385261,526,216991,200,159119,45,9151,234,26246,532,183687,278,209933,California
Placer,2021-06-15,1293,386554,861,217852,370,159489,62,9213,439,25896,850,184537,500,210433,California
Placer,2021-06-16,1042,387596,753,218605,232,159721,57,9270,335,25581,706,185243,391,210824,California
Placer,2021-06-17,855,388451,591,219196,228,159949,36,9306,259,25284,592,185835,295,211119,California
Placer,2021-06-18,1126,389577,744,219940,296,160245,86,9392,360,24966,764,186599,446,211565,California
Placer,2021-06-19,601,390178,432,220372,136,160381,33,9425,227,24855,370,186969,259,211824,California
Placer,2021-06-20,89,390267,62,220434,25,160406,2,9427,39,24846,50,187019,41,211865,California
Plumas,2020-12-18,4,4,4,4,0,0,0,0,4,4,0,0,4,4,California
Plumas,2020-12-19,1,5,1,5,0,0,0,0,1,5,0,0,1,5,California
Plumas,2020-12-21,45,50,45,50,0,0,0,0,45,50,0,0,45,50,California
Plumas,2020-12-22,95,145,95,145,0,0,0,0,95,145,0,0,95,145,California
Plumas,2020-12-23,50,195,50,195,0,0,0,0,50,195,0,0,50,195,California
Plumas,2020-12-24,7,202,7,202,0,0,0,0,7,202,0,0,7,202,California
Plumas,2020-12-28,9,211,1,203,8,8,0,0,9,211,0,0,9,211,California
Plumas,2020-12-29,33,244,23,226,10,18,0,0,33,244,0,0,33,244,California
Plumas,2020-12-30,24,268,2,228,22,40,0,0,24,268,0,0,24,268,California
Plumas,2020-12-31,4,272,1,229,3,43,0,0,4,272,0,0,4,272,California
Plumas,2021-01-01,1,273,0,229,1,44,0,0,1,273,0,0,1,273,California
Plumas,2021-01-02,1,274,0,229,1,45,0,0,1,274,0,0,1,274,California
Plumas,2021-01-04,10,284,3,232,7,52,0,0,10,284,0,0,10,284,California
Plumas,2021-01-05,23,307,1,233,22,74,0,0,23,307,0,0,23,307,California
Plumas,2021-01-06,120,427,4,237,116,190,0,0,120,427,0,0,120,427,California
Plumas,2021-01-07,52,479,2,239,50,240,0,0,51,477,1,1,51,478,California
Plumas,2021-01-08,12,491,5,244,7,247,0,0,8,481,4,5,8,486,California
Plumas,2021-01-09,1,492,1,245,0,247,0,0,0,480,1,6,0,486,California
Plumas,2021-01-11,58,550,50,295,8,255,0,0,11,444,47,53,11,497,California
Plumas,2021-01-12,157,707,88,383,69,324,0,0,71,429,86,139,71,568,California
Plumas,2021-01-13,56,763,51,434,5,329,0,0,9,391,47,186,9,577,California
Plumas,2021-01-14,98,861,15,449,83,412,0,0,92,477,6,192,92,669,California
Plumas,2021-01-15,61,922,7,456,54,466,0,0,59,534,2,194,59,728,California
Plumas,2021-01-16,57,979,1,457,56,522,0,0,57,591,0,194,57,785,California
Plumas,2021-01-18,2,981,1,458,1,523,0,0,2,593,0,194,2,787,California
Plumas,2021-01-19,38,1019,6,464,32,555,0,0,33,621,5,199,33,820,California
Plumas,2021-01-20,139,1158,4,468,135,690,0,0,135,752,4,203,135,955,California
Plumas,2021-01-21,113,1271,2,470,111,801,0,0,113,865,0,203,113,1068,California
Plumas,2021-01-22,4,1275,1,471,3,804,0,0,4,869,0,203,4,1072,California
Plumas,2021-01-23,96,1371,2,473,94,898,0,0,96,965,0,203,96,1168,California
Plumas,2021-01-24,1,1372,1,474,0,898,0,0,1,966,0,203,1,1169,California
Plumas,2021-01-25,9,1381,6,480,3,901,0,0,7,971,2,205,7,1176,California
Plumas,2021-01-26,62,1443,2,482,60,961,0,0,54,1017,8,213,54,1230,California
Plumas,2021-01-27,28,1471,22,504,6,967,0,0,8,1005,20,233,8,1238,California
Plumas,2021-01-28,27,1498,2,506,25,992,0,0,25,1028,2,235,25,1263,California
Plumas,2021-01-29,8,1506,2,508,6,998,0,0,7,1034,1,236,7,1270,California
Plumas,2021-01-30,7,1513,3,511,4,1002,0,0,6,1039,1,237,6,1276,California
Plumas,2021-01-31,3,1516,3,514,0,1002,0,0,3,1042,0,237,3,1279,California
Plumas,2021-02-01,19,1535,2,516,17,1019,0,0,10,1043,9,246,10,1289,California
Plumas,2021-02-02,25,1560,4,520,21,1040,0,0,5,1028,20,266,5,1294,California
Plumas,2021-02-03,126,1686,8,528,118,1158,0,0,14,931,111,377,14,1308,California
Plumas,2021-02-04,102,1788,9,537,93,1251,0,0,23,875,79,456,23,1331,California
Plumas,2021-02-05,27,1815,12,549,15,1266,0,0,12,872,15,471,12,1343,California
Plumas,2021-02-06,8,1823,1,550,7,1273,0,0,8,880,0,471,8,1351,California
Plumas,2021-02-08,14,1837,5,555,9,1282,0,0,2,870,12,483,2,1353,California
Plumas,2021-02-09,173,2010,3,558,170,1452,0,0,112,921,61,544,112,1465,California
Plumas,2021-02-10,109,2119,8,566,101,1553,0,0,103,1019,6,550,104,1569,California
Plumas,2021-02-11,343,2462,5,571,338,1891,0,0,283,1242,60,610,283,1852,California
Plumas,2021-02-12,123,2585,4,575,119,2010,0,0,118,1355,5,615,118,1970,California
Plumas,2021-02-13,76,2661,7,582,69,2079,0,0,17,1313,59,674,17,1987,California
Plumas,2021-02-14,9,2670,5,587,4,2083,0,0,9,1322,0,674,9,1996,California
Plumas,2021-02-15,28,2698,5,592,23,2106,0,0,25,1344,3,677,25,2021,California
Plumas,2021-02-16,80,2778,5,597,75,2181,0,0,16,1296,64,741,16,2037,California
Plumas,2021-02-17,152,2930,5,602,147,2328,0,0,12,1168,140,881,12,2049,California
Plumas,2021-02-18,134,3064,8,610,126,2454,0,0,22,1079,112,993,23,2072,California
Plumas,2021-02-19,42,3106,6,616,36,2490,0,0,8,1053,34,1027,8,2080,California
Plumas,2021-02-20,106,3212,7,623,99,2589,0,0,13,973,93,1120,13,2093,California
Plumas,2021-02-21,6,3218,5,628,1,2590,0,0,2,971,4,1124,2,2095,California
Plumas,2021-02-22,5,3223,2,630,3,2593,0,0,1,968,4,1128,1,2096,California
Plumas,2021-02-23,27,3250,5,635,22,2615,0,0,17,975,10,1138,17,2113,California
Plumas,2021-02-24,479,3729,8,643,471,3086,0,0,466,1428,13,1151,466,2579,California
Plumas,2021-02-25,241,3970,13,656,228,3314,0,0,174,1535,67,1218,174,2753,California
Plumas,2021-02-26,266,4236,8,664,258,3572,0,0,257,1784,9,1227,258,3011,California
Plumas,2021-02-27,42,4278,4,668,38,3610,0,0,34,1810,8,1235,34,3045,California
Plumas,2021-02-28,4,4282,0,668,4,3614,0,0,4,1814,0,1235,4,3049,California
Plumas,2021-03-01,23,4305,4,672,19,3633,0,0,13,1818,9,1244,13,3062,California
Plumas,2021-03-02,11,4316,1,673,10,3643,0,0,7,1822,3,1247,7,3069,California
Plumas,2021-03-03,177,4493,10,683,167,3810,0,0,162,1969,15,1262,162,3231,California
Plumas,2021-03-04,250,4743,7,690,243,4053,0,0,230,2179,20,1282,230,3461,California
Plumas,2021-03-05,398,5141,5,695,388,4441,5,5,388,2562,10,1292,393,3854,California
Plumas,2021-03-06,21,5162,4,699,9,4450,8,13,3,2555,18,1310,11,3865,California
Plumas,2021-03-07,13,5175,2,701,2,4452,9,22,3,2557,10,1320,12,3877,California
Plumas,2021-03-08,33,5208,3,704,5,4457,25,47,5,2560,28,1348,31,3908,California
Plumas,2021-03-09,134,5342,4,708,115,4572,15,62,18,2477,116,1464,33,3941,California
Plumas,2021-03-10,300,5642,3,711,283,4855,14,76,110,2412,189,1653,124,4065,California
Plumas,2021-03-11,189,5831,10,721,174,5029,5,81,153,2534,36,1689,158,4223,California
Plumas,2021-03-12,597,6428,7,728,303,5332,287,368,25,2274,572,2261,312,4535,California
Plumas,2021-03-13,26,6454,5,733,10,5342,11,379,5,2269,21,2282,16,4551,California
Plumas,2021-03-14,13,6467,3,736,5,5347,5,384,1,2264,11,2293,6,4557,California
Plumas,2021-03-15,36,6503,2,738,27,5374,7,391,7,2249,29,2322,14,4571,California
Plumas,2021-03-16,62,6565,3,741,58,5432,1,392,49,2287,12,2334,50,4621,California
Plumas,2021-03-17,72,6637,8,749,63,5495,1,393,56,2329,15,2349,57,4678,California
Plumas,2021-03-18,60,6697,6,755,38,5533,16,409,11,2307,49,2398,27,4705,California
Plumas,2021-03-19,162,6859,4,759,156,5689,2,411,154,2458,6,2404,157,4862,California
Plumas,2021-03-20,712,7571,4,763,707,6396,1,412,690,3129,20,2424,691,5553,California
Plumas,2021-03-21,2,7573,1,764,1,6397,0,412,1,3130,0,2424,1,5554,California
Plumas,2021-03-22,201,7774,2,766,199,6596,0,412,194,3317,7,2431,194,5748,California
Plumas,2021-03-23,29,7803,2,768,26,6622,1,413,14,3317,15,2446,15,5763,California
Plumas,2021-03-24,693,8496,6,774,686,7308,1,414,236,3098,456,2902,237,6000,California
Plumas,2021-03-25,310,8806,8,782,300,7608,2,416,166,3120,144,3046,166,6166,California
Plumas,2021-03-26,315,9121,8,790,306,7914,1,417,46,2899,268,3314,47,6213,California
Plumas,2021-03-27,12,9133,1,791,10,7924,1,418,3,2894,9,3323,4,6217,California
Plumas,2021-03-28,9,9142,3,794,5,7929,1,419,4,2894,5,3328,5,6222,California
Plumas,2021-03-29,11,9153,3,797,7,7936,1,420,3,2890,8,3336,4,6226,California
Plumas,2021-03-30,181,9334,4,801,174,8110,3,423,27,2766,154,3490,30,6256,California
Plumas,2021-03-31,293,9627,3,804,289,8399,1,424,271,3016,22,3512,272,6528,California
Plumas,2021-04-01,310,9937,13,817,294,8693,3,427,63,2837,244,3756,65,6593,California
Plumas,2021-04-02,377,10314,3,820,371,9064,3,430,29,2532,337,4093,32,6625,California
Plumas,2021-04-03,13,10327,2,822,5,9069,6,436,2,2529,11,4104,8,6633,California
Plumas,2021-04-04,3,10330,1,823,1,9070,1,437,0,2527,3,4107,1,6634,California
Plumas,2021-04-05,16,10346,6,829,8,9078,2,439,4,2522,11,4118,6,6640,California
Plumas,2021-04-06,135,10481,7,836,101,9179,27,466,16,2446,119,4237,43,6683,California
Plumas,2021-04-07,295,10776,9,845,102,9281,184,650,29,2393,266,4503,213,6896,California
Plumas,2021-04-08,157,10933,3,848,134,9415,20,670,38,2331,119,4622,57,6953,California
Plumas,2021-04-09,49,10982,8,856,24,9439,17,687,17,2332,32,4654,33,6986,California
Plumas,2021-04-10,22,11004,1,857,4,9443,17,704,3,2333,19,4673,20,7006,California
Plumas,2021-04-11,3,11007,2,859,0,9443,1,705,2,2335,1,4674,3,7009,California
Plumas,2021-04-12,12,11019,4,863,5,9448,3,708,6,2338,6,4680,9,7018,California
Plumas,2021-04-13,219,11238,5,868,214,9662,0,708,153,2425,66,4746,153,7171,California
Plumas,2021-04-14,109,11347,6,874,103,9765,0,708,55,2427,53,4799,55,7226,California
Plumas,2021-04-15,53,11400,3,877,50,9815,0,708,35,2445,17,4816,35,7261,California
Plumas,2021-04-16,144,11544,3,880,141,9956,0,708,3,2307,141,4957,3,7264,California
Plumas,2021-04-17,685,12229,2,882,683,10639,0,708,19,1663,663,5620,19,7283,California
Plumas,2021-04-18,3,12232,3,885,0,10639,0,708,0,1660,3,5623,0,7283,California
Plumas,2021-04-19,38,12270,2,887,36,10675,0,708,5,1632,33,5656,5,7288,California
Plumas,2021-04-20,45,12315,5,892,40,10715,0,708,28,1644,16,5672,28,7316,California
Plumas,2021-04-21,338,12653,5,897,332,11047,1,709,16,1338,322,5994,16,7332,California
Plumas,2021-04-22,280,12933,7,904,273,11320,0,709,133,1324,147,6141,133,7465,California
Plumas,2021-04-23,72,13005,3,907,69,11389,0,709,16,1284,56,6197,16,7481,California
Plumas,2021-04-24,170,13175,4,911,166,11555,0,709,144,1403,25,6222,144,7625,California
Plumas,2021-04-26,30,13205,3,914,27,11582,0,709,8,1390,21,6243,8,7633,California
Plumas,2021-04-27,107,13312,4,918,103,11685,0,709,68,1419,39,6282,68,7701,California
Plumas,2021-04-28,288,13600,5,923,283,11968,0,709,38,1209,248,6530,38,7739,California
Plumas,2021-04-29,173,13773,68,991,105,12073,0,709,119,1274,54,6584,119,7858,California
Plumas,2021-04-30,20,13793,9,1000,11,12084,0,709,5,1264,15,6599,5,7863,California
Plumas,2021-05-01,4,13797,1,1001,2,12086,1,710,1,1264,2,6601,2,7865,California
Plumas,2021-05-02,3,13800,3,1004,0,12086,0,710,2,1265,1,6602,2,7867,California
Plumas,2021-05-03,19,13819,5,1009,7,12093,7,717,5,1265,12,6614,12,7879,California
Plumas,2021-05-04,33,13852,5,1014,21,12114,7,724,19,1278,13,6627,26,7905,California
Plumas,2021-05-05,48,13900,3,1017,44,12158,1,725,23,1277,25,6652,24,7929,California
Plumas,2021-05-06,67,13967,1,1018,61,12219,5,730,21,1257,46,6698,26,7955,California
Plumas,2021-05-07,22,13989,5,1023,16,12235,1,731,8,1252,14,6712,9,7964,California
Plumas,2021-05-08,7,13996,0,1023,4,12239,3,734,4,1256,3,6715,7,7971,California
Plumas,2021-05-09,1,13997,0,1023,0,12239,1,735,0,1256,1,6716,1,7972,California
Plumas,2021-05-10,50,14047,0,1023,28,12267,22,757,24,1276,26,6742,46,8018,California
Plumas,2021-05-11,175,14222,2,1025,154,12421,19,776,14,1148,161,6903,33,8051,California
Plumas,2021-05-12,100,14322,1,1026,91,12512,8,784,36,1129,63,6966,44,8095,California
Plumas,2021-05-13,39,14361,3,1029,34,12546,2,786,14,1120,25,6991,16,8111,California
Plumas,2021-05-14,20,14381,3,1032,12,12558,5,791,9,1123,11,7002,14,8125,California
Plumas,2021-05-15,10,14391,4,1036,4,12562,2,793,4,1123,6,7008,6,8131,California
Plumas,2021-05-16,1,14392,1,1037,0,12562,0,793,1,1124,0,7008,1,8132,California
Plumas,2021-05-17,14,14406,0,1037,5,12567,9,802,4,1127,10,7018,13,8145,California
Plumas,2021-05-18,47,14453,8,1045,38,12605,1,803,26,1133,21,7039,27,8172,California
Plumas,2021-05-19,51,14504,4,1049,30,12635,17,820,13,1126,38,7077,31,8203,California
Plumas,2021-05-20,190,14694,134,1183,45,12680,11,831,78,1104,111,7188,89,8292,California
Plumas,2021-05-21,28,14722,7,1190,15,12695,6,837,14,1110,14,7202,20,8312,California
Plumas,2021-05-22,137,14859,2,1192,135,12830,0,837,7,989,128,7330,7,8319,California
Plumas,2021-05-23,2,14861,2,1194,0,12830,0,837,0,987,2,7332,0,8319,California
Plumas,2021-05-24,50,14911,36,1230,13,12843,1,838,41,1021,8,7340,42,8361,California
Plumas,2021-05-25,81,14992,3,1233,77,12920,1,839,17,975,64,7404,18,8379,California
Plumas,2021-05-26,42,15034,6,1239,28,12948,8,847,17,975,25,7429,25,8404,California
Plumas,2021-05-27,102,15136,26,1265,63,13011,13,860,42,971,59,7488,55,8459,California
Plumas,2021-05-28,42,15178,15,1280,25,13036,2,862,22,976,19,7507,24,8483,California
Plumas,2021-05-29,8,15186,0,1280,8,13044,0,862,6,981,2,7509,7,8490,California
Plumas,2021-05-30,1,15187,0,1280,1,13045,0,862,0,981,0,7509,0,8490,California
Plumas,2021-05-31,6,15193,0,1280,3,13048,3,865,0,979,5,7514,3,8493,California
Plumas,2021-06-01,34,15227,8,1288,20,13068,6,871,9,970,25,7539,16,8509,California
Plumas,2021-06-02,64,15291,5,1293,37,13105,22,893,12,952,52,7591,34,8543,California
Plumas,2021-06-03,67,15358,17,1310,40,13145,10,903,28,951,39,7630,38,8581,California
Plumas,2021-06-04,14,15372,3,1313,10,13155,1,904,8,955,5,7635,9,8590,California
Plumas,2021-06-05,7,15379,3,1316,4,13159,0,904,2,952,5,7640,2,8592,California
Plumas,2021-06-06,3,15382,1,1317,2,13161,0,904,0,949,3,7643,0,8592,California
Plumas,2021-06-07,38,15420,5,1322,25,13186,8,912,9,937,29,7672,17,8609,California
Plumas,2021-06-08,30,15450,9,1331,19,13205,2,914,8,925,22,7694,10,8619,California
Plumas,2021-06-09,42,15492,5,1336,34,13239,3,917,9,904,33,7727,12,8631,California
Plumas,2021-06-10,37,15529,15,1351,18,13257,4,921,14,899,23,7750,18,8649,California
Plumas,2021-06-11,25,15554,13,1364,9,13266,3,924,8,893,17,7767,11,8660,California
Plumas,2021-06-12,12,15566,4,1368,7,13273,1,925,6,894,6,7773,7,8667,California
Plumas,2021-06-13,3,15569,1,1369,2,13275,0,925,3,897,0,7773,3,8670,California
Plumas,2021-06-14,96,15665,88,1457,6,13281,2,927,13,829,83,7856,15,8685,California
Plumas,2021-06-15,30,15695,7,1464,21,13302,2,929,9,819,21,7877,11,8696,California
Plumas,2021-06-16,32,15727,11,1475,12,13314,9,938,8,812,24,7901,17,8713,California
Plumas,2021-06-17,46,15773,30,1505,12,13326,4,942,8,786,38,7939,12,8725,California
Plumas,2021-06-18,30,15803,13,1518,12,13338,5,947,11,782,19,7958,15,8740,California
Plumas,2021-06-19,9,15812,3,1521,6,13344,0,947,2,777,7,7965,2,8742,California
Riverside,2020-12-15,7,7,7,7,0,0,0,0,7,7,0,0,7,7,California
Riverside,2020-12-16,94,101,94,101,0,0,0,0,94,101,0,0,94,101,California
Riverside,2020-12-17,833,934,833,934,0,0,0,0,833,934,0,0,833,934,California
Riverside,2020-12-18,1782,2716,1781,2715,1,1,0,0,1782,2716,0,0,1782,2716,California
Riverside,2020-12-19,1057,3773,1054,3769,3,4,0,0,1055,3770,1,1,1055,3771,California
Riverside,2020-12-20,1114,4887,1113,4882,1,5,0,0,1114,4884,0,1,1114,4885,California
Riverside,2020-12-21,2329,7216,2327,7209,2,7,0,0,2329,7213,0,1,2329,7214,California
Riverside,2020-12-22,2289,9505,2242,9451,47,54,0,0,2289,9502,0,1,2289,9503,California
Riverside,2020-12-23,2162,11667,1814,11265,348,402,0,0,2163,11665,0,1,2163,11666,California
Riverside,2020-12-24,845,12512,639,11904,206,608,0,0,845,12510,0,1,845,12511,California
Riverside,2020-12-25,42,12554,18,11922,24,632,0,0,41,12551,0,1,41,12552,California
Riverside,2020-12-26,491,13045,270,12192,221,853,0,0,491,13042,0,1,491,13043,California
Riverside,2020-12-27,399,13444,270,12462,129,982,0,0,398,13439,1,2,398,13441,California
Riverside,2020-12-28,1710,15154,1192,13654,518,1500,0,0,1710,15149,0,2,1710,15151,California
Riverside,2020-12-29,1810,16964,1028,14682,782,2282,0,0,1810,16959,0,2,1810,16961,California
Riverside,2020-12-30,2658,19622,1732,16414,926,3208,0,0,2657,19615,1,3,2657,19618,California
Riverside,2020-12-31,1073,20695,419,16833,654,3862,0,0,1074,20688,1,4,1074,20692,California
Riverside,2021-01-01,134,20829,58,16891,76,3938,0,0,134,20822,0,4,134,20826,California
Riverside,2021-01-02,893,21722,707,17598,186,4124,0,0,893,21715,0,4,893,21719,California
Riverside,2021-01-03,358,22080,304,17902,54,4178,0,0,357,22072,0,4,357,22076,California
Riverside,2021-01-04,1303,23383,810,18712,493,4671,0,0,1302,23374,0,4,1302,23378,California
Riverside,2021-01-05,2054,25437,1411,20123,643,5314,0,0,1931,25188,117,121,1931,25309,California
Riverside,2021-01-06,2578,28015,1149,21272,1429,6743,0,0,2239,27094,333,454,2239,27548,California
Riverside,2021-01-07,2883,30898,1882,23154,1001,7744,0,0,1774,27767,1102,1556,1775,29323,California
Riverside,2021-01-08,4131,35029,2984,26138,1147,8891,0,0,2272,28185,1854,3410,2272,31595,California
Riverside,2021-01-09,2138,37167,877,27015,1261,10152,0,0,1763,29575,373,3783,1763,33358,California
Riverside,2021-01-10,1697,38864,749,27764,948,11100,0,0,1081,30040,616,4399,1081,34439,California
Riverside,2021-01-11,4613,43477,3149,30913,1464,12564,0,0,2843,31115,1769,6168,2844,37283,California
Riverside,2021-01-12,3510,46987,2778,33691,732,13296,0,0,1798,31209,1707,7875,1801,39084,California
Riverside,2021-01-13,4576,51563,2994,36685,1582,14878,0,0,2940,32517,1632,9507,2940,42024,California
Riverside,2021-01-14,5736,57299,2044,38729,3692,18570,0,0,5119,37023,615,10122,5121,47145,California
Riverside,2021-01-15,6246,63545,2063,40792,4183,22753,0,0,5911,42602,333,10455,5912,53057,California
Riverside,2021-01-16,3716,67261,1038,41830,2678,25431,0,0,3453,45793,263,10718,3454,56511,California
Riverside,2021-01-17,3660,70921,605,42435,3055,28486,0,0,3450,49035,208,10926,3450,59961,California
Riverside,2021-01-18,3879,74800,2121,44556,1758,30244,0,0,2825,50807,1054,11980,2826,62787,California
Riverside,2021-01-19,7540,82340,2685,47241,4855,35099,0,0,6397,56066,1143,13123,6402,69189,California
Riverside,2021-01-20,8396,90736,3189,50430,5207,40306,0,0,6702,61094,1680,14803,6708,75897,California
Riverside,2021-01-21,8510,99246,3518,53948,4992,45298,0,0,7834,68253,676,15479,7835,83732,California
Riverside,2021-01-22,8946,108192,3034,56982,5912,51210,0,0,8472,76256,471,15950,8474,92206,California
Riverside,2021-01-23,6084,114276,2369,59351,3715,54925,0,0,5272,80720,810,16760,5274,97480,California
Riverside,2021-01-24,3127,117403,1440,60791,1687,56612,0,0,2904,83404,221,16981,2905,100385,California
Riverside,2021-01-25,8041,125444,4596,65387,3445,60057,0,0,6878,89123,1161,18142,6880,107265,California
Riverside,2021-01-26,9250,134694,5738,71125,3512,63569,0,0,7723,95323,1524,19666,7724,114989,California
Riverside,2021-01-27,11130,145824,6441,77566,4689,68258,0,0,9492,103186,1632,21298,9495,124484,California
Riverside,2021-01-28,11750,157574,6839,84405,4911,73169,0,0,10554,112554,1188,22486,10556,135040,California
Riverside,2021-01-29,12116,169690,7326,91731,4790,77959,0,0,10721,121910,1369,23855,10725,145765,California
Riverside,2021-01-30,9214,178904,4644,96375,4570,82529,0,0,8714,130128,497,24352,8715,154480,California
Riverside,2021-01-31,5219,184123,4250,100625,969,83498,0,0,5080,135075,138,24490,5085,159565,California
Riverside,2021-02-01,11162,195285,6841,107466,4321,87819,0,0,9256,142436,1899,26389,9260,168825,California
Riverside,2021-02-02,9662,204947,4875,112341,4787,92606,0,0,8164,149121,1489,27878,8174,176999,California
Riverside,2021-02-03,12388,217335,5178,117519,7210,99816,0,0,9954,156656,2425,30303,9960,186959,California
Riverside,2021-02-04,13714,231049,6041,123560,7673,107489,0,0,11571,166099,2135,32438,11578,198537,California
Riverside,2021-02-05,14577,245626,5506,129066,9071,116560,0,0,11394,174327,3174,35612,11402,209939,California
Riverside,2021-02-06,7356,252982,4284,133350,3072,119632,0,0,5688,178357,1662,37274,5692,215631,California
Riverside,2021-02-07,2234,255216,818,134168,1416,121048,0,0,1897,179925,335,37609,1903,217534,California
Riverside,2021-02-08,12615,267831,5597,139765,7018,128066,0,0,10234,187807,2366,39975,10248,227782,California
Riverside,2021-02-09,9751,277582,4542,144307,5209,133275,0,0,7750,193584,1994,41969,7771,235553,California
Riverside,2021-02-10,12234,289816,7008,151315,5226,138501,0,0,8992,199364,3231,45200,9011,244564,California
Riverside,2021-02-11,16824,306640,9079,160394,7745,146246,0,0,12232,207062,4571,49771,12269,256833,California
Riverside,2021-02-12,17920,324560,10842,171236,7078,153324,0,0,12897,215005,4982,54753,12925,269758,California
Riverside,2021-02-13,6374,330934,2138,173374,4236,157560,0,0,3100,214877,3259,58012,3131,272889,California
Riverside,2021-02-14,5001,335935,1168,174542,3833,161393,0,0,2244,214380,2753,60765,2256,275145,California
Riverside,2021-02-15,9928,345863,5062,179604,4866,166259,0,0,5486,215452,4431,65196,5503,280648,California
Riverside,2021-02-16,16283,362146,10187,189791,6096,172355,0,0,9347,217898,6927,72123,9373,290021,California
Riverside,2021-02-17,15266,377412,8366,198157,6900,179255,0,0,7586,217871,7667,79790,7640,297661,California
Riverside,2021-02-18,15707,393119,9017,207174,6690,185945,0,0,8086,218402,7599,87389,8130,305791,California
Riverside,2021-02-19,15474,408593,8290,215464,7184,193129,0,0,7307,217588,8149,95538,7335,313126,California
Riverside,2021-02-20,8426,417019,4530,219994,3896,197025,0,0,2238,213665,6171,101709,2248,315374,California
Riverside,2021-02-21,4423,421442,3902,223896,521,197546,0,0,1262,211792,3146,104855,1273,316647,California
Riverside,2021-02-22,12462,433904,7819,231715,4643,202189,0,0,5140,209636,7307,112162,5151,321798,California
Riverside,2021-02-23,11353,445257,7698,239413,3655,205844,0,0,5528,209396,5798,117960,5558,327356,California
Riverside,2021-02-24,14931,460188,8128,247541,6803,212647,0,0,6326,207211,8567,126527,6382,333738,California
Riverside,2021-02-25,17586,477774,7488,255029,10098,222745,0,0,8140,205999,9421,135948,8209,341947,California
Riverside,2021-02-26,18892,496666,6802,261831,12090,234835,0,0,9400,206033,9433,145381,9467,351414,California
Riverside,2021-02-27,12210,508876,5652,267483,6558,241393,0,0,5803,205518,6375,151756,5860,357274,California
Riverside,2021-02-28,4998,513874,3288,270771,1710,243103,0,0,2477,205517,2509,154265,2508,359782,California
Riverside,2021-03-01,14496,528370,6180,276951,8311,251414,5,5,8507,208133,5949,160214,8565,368347,California
Riverside,2021-03-02,15554,543924,7614,284565,7939,259353,1,6,9108,210870,6424,166638,9161,377508,California
Riverside,2021-03-03,17271,561195,8556,293121,8715,268068,0,6,7509,208828,9711,176349,7669,385177,California
Riverside,2021-03-04,18995,580190,7564,300685,11426,279494,5,11,9038,208156,9913,186262,9241,394418,California
Riverside,2021-03-05,19076,599266,7670,308355,11360,290854,46,57,9430,208359,9595,195857,9798,404216,California
Riverside,2021-03-06,9620,608886,5108,313463,4030,294884,482,539,4784,208850,4823,200680,5314,409530,California
Riverside,2021-03-07,4330,613216,2795,316258,1146,296030,389,928,2026,209003,2295,202975,2448,411978,California
Riverside,2021-03-08,12097,625313,4815,321073,6872,302902,410,1338,5408,208234,6667,209642,5898,417876,California
Riverside,2021-03-09,14955,640268,6988,328061,7461,310363,506,1844,5935,205833,8997,218639,6596,424472,California
Riverside,2021-03-10,16116,656384,8646,336707,6537,316900,933,2777,6258,203401,9814,228453,7382,431854,California
Riverside,2021-03-11,19529,675913,9561,346268,8099,324999,1869,4646,7641,201290,11852,240305,9741,441595,California
Riverside,2021-03-12,21297,697210,7953,354221,8573,333572,4771,9417,7061,199261,14196,254501,12167,453762,California
Riverside,2021-03-13,8613,705823,2573,356794,4806,338378,1234,10651,4391,200790,4200,258701,5729,459491,California
Riverside,2021-03-14,4803,710626,1637,358431,1795,340173,1371,12022,2103,201589,2687,261388,3486,462977,California
Riverside,2021-03-15,18794,729420,7912,366343,9214,349387,1668,13690,9225,203074,9525,270913,11010,473987,California
Riverside,2021-03-16,21081,750501,10261,376604,10007,359394,813,14503,11448,205853,9596,280509,12375,486362,California
Riverside,2021-03-17,21557,772058,11047,387651,9449,368843,1061,15564,12908,211282,8611,289120,14040,500402,California
Riverside,2021-03-18,22772,794830,11873,399524,9220,378063,1679,17243,12561,215381,10160,299280,14259,514661,California
Riverside,2021-03-19,24264,819094,12745,412269,10548,388611,971,18214,14158,220833,10047,309327,15499,530160,California
Riverside,2021-03-20,10844,829938,6918,419187,2717,391328,1209,19423,6909,225061,3903,313230,8131,538291,California
Riverside,2021-03-21,3851,833789,2995,422182,578,391906,278,19701,2576,226666,1255,314485,2860,541151,California
Riverside,2021-03-22,16717,850506,9972,432154,6191,398097,554,20255,10626,231815,6033,320518,11182,552333,California
Riverside,2021-03-23,18669,869175,10555,442709,7690,405787,424,20679,11920,237497,6688,327206,12370,564703,California
Riverside,2021-03-24,18828,888003,10505,453214,8200,413987,123,20802,12883,244636,5892,333098,13031,577734,California
Riverside,2021-03-25,21223,909226,11711,464925,9333,423320,179,20981,14164,252011,6985,340083,14360,592094,California
Riverside,2021-03-26,24223,933449,11987,476912,12084,435404,152,21133,15035,258131,9083,349166,15203,607297,California
Riverside,2021-03-27,9388,942837,4906,481818,3428,438832,1054,22187,4843,259515,4519,353685,5903,613200,California
Riverside,2021-03-28,4804,947641,3154,484972,1557,440389,93,22280,2852,260524,1939,355624,2948,616148,California
Riverside,2021-03-29,17695,965336,8454,493426,9117,449506,124,22404,10918,264858,6730,362354,11064,627212,California
Riverside,2021-03-30,18428,983764,9594,503020,8627,458133,207,22611,11729,270144,6655,369009,11941,639153,California
Riverside,2021-03-31,18238,1002002,8479,511499,9451,467584,308,22919,11403,275081,6785,375794,11722,650875,California
Riverside,2021-04-01,25689,1027691,12553,524052,12343,479927,793,23712,16514,283292,9099,384893,17310,668185,California
Riverside,2021-04-02,26245,1053936,14109,538161,11158,491085,978,24690,16409,291131,9773,394666,17612,685797,California
Riverside,2021-04-03,9436,1063372,5985,544146,2843,493928,608,25298,6073,294470,3342,398008,6681,692478,California
Riverside,2021-04-04,3421,1066793,2072,546218,1092,495020,257,25555,1724,294764,1688,399696,1982,694460,California
Riverside,2021-04-05,18539,1085332,9495,555713,7173,502193,1871,27426,9970,298085,8528,408224,11849,706309,California
Riverside,2021-04-06,23884,1109216,12404,568117,9319,511512,2161,29587,13314,303035,10518,418742,15468,721777,California
Riverside,2021-04-07,25006,1134222,13483,581600,8989,520501,2534,32121,13907,308425,11050,429792,16440,738217,California
Riverside,2021-04-08,27645,1161867,15263,596863,9356,529857,3026,35147,16877,317620,10695,440487,19890,758107,California
Riverside,2021-04-09,26490,1188357,15568,612431,8421,538278,2501,37648,16149,326009,10292,450779,18681,776788,California
Riverside,2021-04-10,12111,1200468,6778,619209,3919,542197,1414,39062,5304,325960,6762,457541,6713,783501,California
Riverside,2021-04-11,4681,1205149,2789,621998,1260,543457,632,39694,2209,326346,2460,460001,2846,786347,California
Riverside,2021-04-12,20277,1225426,9019,631017,8593,552050,2665,42359,10146,329073,10091,470092,12818,799165,California
Riverside,2021-04-13,20233,1245659,11319,642336,8886,560936,28,42387,11607,332131,8587,478679,11645,810810,California
Riverside,2021-04-14,22445,1268104,12370,654706,10060,570996,15,42402,11025,331857,11351,490030,11077,821887,California
Riverside,2021-04-15,22259,1290363,12605,667311,9646,580642,8,42410,11799,333287,10392,500422,11822,833709,California
Riverside,2021-04-16,25329,1315692,14653,681964,10670,591312,6,42416,11781,331653,13489,513911,11855,845564,California
Riverside,2021-04-17,9986,1325678,6590,688554,3396,594708,0,42416,5031,331775,4929,518840,5051,850615,California
Riverside,2021-04-18,3928,1329606,2857,691411,1064,595772,7,42423,1849,331581,2063,520903,1869,852484,California
Riverside,2021-04-19,19693,1349299,11698,703109,7992,603764,3,42426,7105,326196,12543,533446,7158,859642,California
Riverside,2021-04-20,19021,1368320,10027,713136,8985,612749,9,42435,7791,322838,11185,544631,7827,867469,California
Riverside,2021-04-21,19912,1388232,11465,724601,8437,621186,10,42445,8014,319057,11830,556461,8049,875518,California
Riverside,2021-04-22,23309,1411541,13613,738214,9692,630878,4,42449,8699,313238,14539,571000,8720,884238,California
Riverside,2021-04-23,23356,1434897,13749,751963,9593,640471,14,42463,9148,308271,14149,585149,9182,893420,California
Riverside,2021-04-24,10523,1445420,7308,759271,3212,643683,3,42466,4820,307431,5666,590815,4826,898246,California
Riverside,2021-04-25,4255,1449675,2830,762101,1424,645107,1,42467,2207,307612,2029,592844,2210,900456,California
Riverside,2021-04-26,17145,1466820,10724,772825,6375,651482,46,42513,5836,302246,11264,604108,5898,906354,California
Riverside,2021-04-27,18379,1485199,10484,783309,7696,659178,199,42712,6390,296901,11942,616050,6597,912951,California
Riverside,2021-04-28,16559,1501758,8896,792205,7402,666580,261,42973,5581,291836,10917,626967,5852,918803,California
Riverside,2021-04-29,18798,1520556,11494,803699,6958,673538,346,43319,5420,284287,13313,640280,5764,924567,California
Riverside,2021-04-30,19891,1540447,11493,815192,8016,681554,382,43701,6418,277671,13418,653698,6802,931369,California
Riverside,2021-05-01,6819,1547266,4897,820089,1750,683304,172,43873,2349,275747,4445,658143,2521,933890,California
Riverside,2021-05-02,3379,1550645,2204,822293,966,684270,209,44082,1080,274761,2282,660425,1296,935186,California
Riverside,2021-05-03,18026,1568671,11075,833368,6459,690729,492,44574,4165,265619,13798,674223,4656,939842,California
Riverside,2021-05-04,17360,1586031,11002,844370,5900,696629,458,45032,4887,258571,12405,686628,5357,945199,California
Riverside,2021-05-05,15864,1601895,8973,853343,6526,703155,365,45397,4565,252283,11238,697866,4950,950149,California
Riverside,2021-05-06,17852,1619747,9983,863326,7458,710613,411,45808,4503,243961,13275,711141,4953,955102,California
Riverside,2021-05-07,20410,1640157,11625,874951,8347,718960,438,46246,5372,234815,14959,726100,5813,960915,California
Riverside,2021-05-08,6934,1647091,4564,879515,2107,721067,263,46509,2582,233349,4319,730419,2853,963768,California
Riverside,2021-05-09,2322,1649413,1528,881043,640,721707,154,46663,852,232902,1461,731880,1014,964782,California
Riverside,2021-05-10,10097,1659510,5165,886208,4547,726254,385,47048,2867,228981,7178,739058,3257,968039,California
Riverside,2021-05-11,13914,1673424,8352,894560,5044,731298,518,47566,3812,223306,10020,749078,4345,972384,California
Riverside,2021-05-12,12682,1686106,6360,900920,5989,737287,333,47899,4009,219027,8621,757699,4342,976726,California
Riverside,2021-05-13,14698,1700804,8797,909717,5624,742911,277,48176,5338,215345,9310,767009,5628,982354,California
Riverside,2021-05-14,17789,1718593,11212,920929,5785,748696,792,48968,6935,212288,10784,777793,7727,990081,California
Riverside,2021-05-15,9695,1728288,6936,927865,2360,751056,399,49367,4956,212933,4710,782503,5355,995436,California
Riverside,2021-05-16,3507,1731795,2551,930416,839,751895,117,49484,1731,213016,1763,784266,1846,997282,California
Riverside,2021-05-17,11789,1743584,7588,938004,3854,755749,347,49831,5160,211930,6597,790863,5511,1002793,California
Riverside,2021-05-18,15081,1758665,9326,947330,5408,761157,347,50178,6125,209494,8909,799772,6473,1009266,California
Riverside,2021-05-19,12185,1770850,7720,955050,4230,765387,235,50413,6026,209648,6110,805882,6264,1015530,California
Riverside,2021-05-20,11867,1782717,7438,962488,4172,769559,257,50670,5395,208881,6423,812305,5656,1021186,California
Riverside,2021-05-21,14411,1797128,8899,971387,5187,774746,325,50995,6198,207257,8149,820454,6525,1027711,California
Riverside,2021-05-22,7180,1804308,4856,976243,2129,776875,195,51190,3846,208003,3297,823751,4043,1031754,California
Riverside,2021-05-23,2582,1806890,1670,977913,835,777710,77,51267,1263,208036,1306,825057,1339,1033093,California
Riverside,2021-05-24,8630,1815520,5570,983483,2751,780461,309,51576,3831,207412,4764,829821,4140,1037233,California
Riverside,2021-05-25,9688,1825208,5776,989259,3642,784103,270,51846,3942,205919,5709,835530,4216,1041449,California
Riverside,2021-05-26,8896,1834104,5516,994775,3052,787155,328,52174,4007,205420,4839,840369,4340,1045789,California
Riverside,2021-05-27,8530,1842634,5108,999883,3187,790342,235,52409,4029,205237,4451,844820,4268,1050057,California
Riverside,2021-05-28,10688,1853322,6504,1006387,3872,794214,312,52721,5029,204986,5598,850418,5347,1055404,California
Riverside,2021-05-29,4992,1858314,3390,1009777,1478,795692,124,52845,2837,205817,2132,852550,2963,1058367,California
Riverside,2021-05-30,1960,1860274,1412,1011189,479,796171,69,52914,1074,206081,879,853429,1143,1059510,California
Riverside,2021-05-31,872,1861146,495,1011684,344,796515,33,52947,333,205913,534,853963,366,1059876,California
Riverside,2021-06-01,9125,1870271,5641,1017325,3250,799765,234,53181,3604,204279,5470,859433,3836,1063712,California
Riverside,2021-06-02,7112,1877383,4336,1021661,2498,802263,278,53459,2876,203242,4194,863627,3157,1066869,California
Riverside,2021-06-03,7943,1885326,5296,1026957,2375,804638,272,53731,2875,201356,5029,868656,3143,1070012,California
Riverside,2021-06-04,10609,1895935,7596,1034553,2758,807396,255,53986,3889,198833,6669,875325,4146,1074158,California
Riverside,2021-06-05,6915,1902850,5099,1039652,1269,808665,547,54533,2269,197029,4623,879948,2819,1076977,California
Riverside,2021-06-06,2191,1905041,1863,1041515,277,808942,51,54584,795,196487,1389,881337,847,1077824,California
Riverside,2021-06-07,6904,1911945,5236,1046751,1438,810380,230,54814,2282,194409,4592,885929,2514,1080338,California
Riverside,2021-06-08,9025,1920970,6560,1053311,2202,812582,263,55077,3045,191795,5926,891855,3312,1083650,California
Riverside,2021-06-09,7716,1928686,5616,1058927,1803,814385,297,55374,2382,189181,5291,897146,2677,1086327,California
Riverside,2021-06-10,7571,1936257,5340,1064267,2002,816387,229,55603,2393,186655,5151,902297,2625,1088952,California
Riverside,2021-06-11,8861,1945118,6011,1070278,2562,818949,288,55891,3031,184203,5772,908069,3320,1092272,California
Riverside,2021-06-12,5297,1950415,3915,1074193,1258,820207,124,56015,1653,182372,3614,911683,1783,1094055,California
Riverside,2021-06-13,1798,1952213,1345,1075538,411,820618,42,56057,541,181710,1245,912928,583,1094638,California
Riverside,2021-06-14,6405,1958618,4609,1080147,1502,822120,294,56351,2273,180179,4095,917023,2564,1097202,California
Riverside,2021-06-15,7193,1965811,4947,1085094,1941,824061,305,56656,2794,178929,4354,921377,3104,1100306,California
Riverside,2021-06-16,6710,1972521,4618,1089712,1790,825851,302,56958,2430,177423,4238,925615,2732,1103038,California
Riverside,2021-06-17,6383,1978904,4487,1094199,1664,827515,232,57190,2427,176163,3924,929539,2664,1105702,California
Riverside,2021-06-18,7905,1986809,5751,1099950,1906,829421,248,57438,3201,174958,4660,934199,3455,1109157,California
Riverside,2021-06-19,4095,1990904,3139,1103089,819,830240,137,57575,1684,174395,2388,936587,1825,1110982,California
Riverside,2021-06-20,370,1991274,201,1103290,151,830391,18,57593,135,174317,231,936818,153,1111135,California
Sacramento,2020-12-15,314,314,314,314,0,0,0,0,314,314,0,0,314,314,California
Sacramento,2020-12-16,646,960,646,960,0,0,0,0,646,960,0,0,646,960,California
Sacramento,2020-12-17,701,1661,701,1661,0,0,0,0,701,1661,0,0,701,1661,California
Sacramento,2020-12-18,1109,2770,1109,2770,0,0,0,0,1110,2771,0,0,1110,2771,California
Sacramento,2020-12-19,610,3380,610,3380,0,0,0,0,610,3381,0,0,610,3381,California
Sacramento,2020-12-20,637,4017,637,4017,0,0,0,0,637,4018,0,0,637,4018,California
Sacramento,2020-12-21,1668,5685,1668,5685,0,0,0,0,1669,5687,0,0,1669,5687,California
Sacramento,2020-12-22,2102,7787,2067,7752,35,35,0,0,2102,7789,0,0,2102,7789,California
Sacramento,2020-12-23,2250,10037,2076,9828,174,209,0,0,2250,10039,0,0,2250,10039,California
Sacramento,2020-12-24,1044,11081,830,10658,214,423,0,0,1044,11083,0,0,1044,11083,California
Sacramento,2020-12-25,2,11083,1,10659,1,424,0,0,2,11085,0,0,2,11085,California
Sacramento,2020-12-26,506,11589,288,10947,218,642,0,0,506,11591,0,0,506,11591,California
Sacramento,2020-12-27,355,11944,248,11195,107,749,0,0,355,11946,0,0,355,11946,California
Sacramento,2020-12-28,1899,13843,1320,12515,579,1328,0,0,1898,13843,1,1,1898,13844,California
Sacramento,2020-12-29,1970,15813,1205,13720,765,2093,0,0,1969,15811,1,2,1969,15813,California
Sacramento,2020-12-30,2556,18369,1459,15179,1097,3190,0,0,2557,18368,0,2,2557,18370,California
Sacramento,2020-12-31,1227,19596,689,15868,538,3728,0,0,1228,19596,0,2,1228,19598,California
Sacramento,2021-01-01,81,19677,70,15938,11,3739,0,0,81,19677,0,2,81,19679,California
Sacramento,2021-01-02,575,20252,369,16307,206,3945,0,0,575,20252,0,2,575,20254,California
Sacramento,2021-01-03,413,20665,225,16532,188,4133,0,0,413,20665,0,2,413,20667,California
Sacramento,2021-01-04,1935,22600,832,17364,1103,5236,0,0,1933,22597,1,3,1933,22600,California
Sacramento,2021-01-05,2212,24812,988,18352,1224,6460,0,0,1848,24088,364,367,1855,24455,California
Sacramento,2021-01-06,2727,27539,1617,19969,1110,7570,0,0,1932,25228,792,1159,1932,26387,California
Sacramento,2021-01-07,2835,30374,1512,21481,1323,8893,0,0,1907,26210,925,2084,1907,28294,California
Sacramento,2021-01-08,3282,33656,2081,23562,1201,10094,0,0,2168,27270,1110,3194,2170,30464,California
Sacramento,2021-01-09,1280,34936,801,24363,479,10573,0,0,886,27763,393,3587,886,31350,California
Sacramento,2021-01-10,1224,36160,714,25077,510,11083,0,0,754,28048,470,4057,755,32105,California
Sacramento,2021-01-11,4349,40509,2955,28032,1394,12477,0,0,2414,28540,1934,5991,2426,34531,California
Sacramento,2021-01-12,4595,45104,3210,31242,1385,13862,0,0,2612,29173,1983,7974,2616,37147,California
Sacramento,2021-01-13,3842,48946,2221,33463,1621,15483,0,0,2428,30189,1413,9387,2429,39576,California
Sacramento,2021-01-14,4623,53569,2326,35789,2297,17780,0,0,3713,32995,907,10294,3713,43289,California
Sacramento,2021-01-15,4439,58008,2257,38046,2182,19962,0,0,3725,36009,714,11008,3728,47017,California
Sacramento,2021-01-16,2090,60098,1288,39334,802,20764,0,0,1870,37660,219,11227,1870,48887,California
Sacramento,2021-01-17,1676,61774,984,40318,692,21456,0,0,1493,38973,183,11410,1496,50383,California
Sacramento,2021-01-18,2832,64606,1738,42056,1094,22550,0,0,2259,40662,571,11981,2260,52643,California
Sacramento,2021-01-19,4986,69592,3032,45088,1954,24504,0,0,3737,43152,1249,13230,3739,56382,California
Sacramento,2021-01-20,4839,74431,2861,47949,1978,26482,0,0,3609,45536,1232,14462,3616,59998,California
Sacramento,2021-01-21,5226,79657,3020,50969,2206,28688,0,0,4253,48824,967,15429,4255,64253,California
Sacramento,2021-01-22,5036,84693,2701,53670,2335,31023,0,0,4735,53260,300,15729,4736,68989,California
Sacramento,2021-01-23,3762,88455,1568,55238,2194,33217,0,0,3299,56096,463,16192,3299,72288,California
Sacramento,2021-01-24,1626,90081,1015,56253,611,33828,0,0,1382,57237,243,16435,1384,73672,California
Sacramento,2021-01-25,4403,94484,2158,58411,2245,36073,0,0,2936,58708,1467,17902,2938,76610,California
Sacramento,2021-01-26,4754,99238,2158,60569,2596,38669,0,0,3553,61064,1199,19101,3555,80165,California
Sacramento,2021-01-27,5859,105097,3050,63619,2809,41478,0,0,4235,63681,1620,20721,4237,84402,California
Sacramento,2021-01-28,5410,110507,2739,66358,2671,44149,0,0,4310,66893,1099,21820,4311,88713,California
Sacramento,2021-01-29,5419,115926,2938,69296,2481,46630,0,0,4397,70277,1013,22833,4397,93110,California
Sacramento,2021-01-30,4525,120451,2204,71500,2321,48951,0,0,4092,73939,430,23263,4092,97202,California
Sacramento,2021-01-31,2341,122792,2039,73539,302,49253,0,0,2060,75723,278,23541,2062,99264,California
Sacramento,2021-02-01,5952,128744,3044,76583,2908,52161,0,0,4264,78306,1684,25225,4267,103531,California
Sacramento,2021-02-02,7042,135786,3800,80383,3242,55403,0,0,4880,81050,2142,27367,4886,108417,California
Sacramento,2021-02-03,7150,142936,3609,83992,3541,58944,0,0,5286,84484,1855,29222,5289,113706,California
Sacramento,2021-02-04,7767,150703,3684,87676,4083,63027,0,0,5528,87782,2230,31452,5528,119234,California
Sacramento,2021-02-05,7861,158564,4485,92161,3376,66403,0,0,4927,89802,2911,34363,4931,124165,California
Sacramento,2021-02-06,8467,167031,3477,95638,4990,71393,0,0,7120,95579,1345,35708,7122,131287,California
Sacramento,2021-02-07,4067,171098,2203,97841,1864,73257,0,0,2890,97299,1172,36880,2892,134179,California
Sacramento,2021-02-08,6274,177372,3264,101105,3010,76267,0,0,3916,98862,2353,39233,3916,138095,California
Sacramento,2021-02-09,6786,184158,3556,104661,3230,79497,0,0,4011,100108,2766,41999,4012,142107,California
Sacramento,2021-02-10,7694,191852,4212,108873,3482,82979,0,0,4528,101486,3152,45151,4530,146637,California
Sacramento,2021-02-11,9610,201462,5743,114616,3867,86846,0,0,5513,102919,4082,49233,5515,152152,California
Sacramento,2021-02-12,10687,212149,4154,118770,6533,93379,0,0,6394,105085,4231,53464,6397,158549,California
Sacramento,2021-02-13,7690,219839,2996,121766,4694,98073,0,0,6093,109587,1592,55056,6094,164643,California
Sacramento,2021-02-14,3206,223045,1965,123731,1241,99314,0,0,2095,110578,1109,56165,2100,166743,California
Sacramento,2021-02-15,6000,229045,2053,125784,3947,103261,0,0,4170,112927,1824,57989,4173,170916,California
Sacramento,2021-02-16,9258,238303,4216,130000,5042,108303,0,0,5324,114328,3927,61916,5328,176244,California
Sacramento,2021-02-17,8851,247154,4991,134991,3860,112163,0,0,5145,115782,3695,65611,5149,181393,California
Sacramento,2021-02-18,9590,256744,5771,140762,3819,115982,0,0,5732,117670,3848,69459,5736,187129,California
Sacramento,2021-02-19,10080,266824,6184,146946,3896,119878,0,0,5979,119565,4091,73550,5986,193115,California
Sacramento,2021-02-20,7863,274687,5796,152742,2067,121945,0,0,4754,121219,3103,76653,4757,197872,California
Sacramento,2021-02-21,3071,277758,2429,155171,642,122587,0,0,1092,120338,1973,78626,1092,198964,California
Sacramento,2021-02-22,6318,284076,3817,158988,2501,125088,0,0,2783,119602,3523,82149,2787,201751,California
Sacramento,2021-02-23,7300,291376,4523,163511,2777,127865,0,0,3555,119433,3728,85877,3559,205310,California
Sacramento,2021-02-24,9845,301221,5429,168940,4416,132281,0,0,5387,120384,4442,90319,5393,210703,California
Sacramento,2021-02-25,11289,312510,6471,175411,4818,137099,0,0,6632,122376,4641,94960,6633,217336,California
Sacramento,2021-02-26,14434,326944,6808,182219,7626,144725,0,0,9899,127777,4504,99464,9905,227241,California
Sacramento,2021-02-27,11079,338023,6874,189093,4202,148927,3,3,8188,133103,2865,102329,8191,235432,California
Sacramento,2021-02-28,6192,344215,2326,191419,3866,152793,0,3,3103,133134,3075,105404,3106,238538,California
Sacramento,2021-03-01,8636,352851,3621,195040,5013,157806,2,5,4705,133934,3909,109313,4709,243247,California
Sacramento,2021-03-02,9329,362180,4055,199095,5273,163079,1,6,5720,136067,3591,112904,5724,248971,California
Sacramento,2021-03-03,11108,373288,5067,204162,6038,169117,3,9,6665,138315,4422,117326,6670,255641,California
Sacramento,2021-03-04,13491,386779,6196,210358,7291,176408,4,13,7498,139865,5959,123285,7509,263150,California
Sacramento,2021-03-05,10653,397432,4928,215286,5695,182103,30,43,7076,143415,3556,126841,7106,270256,California
Sacramento,2021-03-06,8124,405556,3117,218403,4885,186988,122,165,4121,143668,3989,130830,4242,274498,California
Sacramento,2021-03-07,7618,413174,2213,220616,5316,192304,89,254,3754,143650,3859,134689,3841,278339,California
Sacramento,2021-03-08,9136,422310,4274,224890,4638,196942,224,478,5972,146692,3152,137841,6194,284533,California
Sacramento,2021-03-09,9635,431945,4559,229449,4784,201726,292,770,5537,148440,4080,141921,5828,290361,California
Sacramento,2021-03-10,11785,443730,7528,236977,3903,205629,354,1124,6880,150811,4868,146789,7239,297600,California
Sacramento,2021-03-11,15060,458790,10008,246985,4226,209855,826,1950,8924,154461,6096,152885,9746,307346,California
Sacramento,2021-03-12,18080,476870,8360,255345,8857,218712,863,2813,8854,155010,9175,162060,9724,317070,California
Sacramento,2021-03-13,13033,489903,3583,258928,9020,227732,430,3243,7865,158143,5157,167217,8290,325360,California
Sacramento,2021-03-14,8407,498310,3479,262407,4304,232036,624,3867,4437,159257,3945,171162,5059,330419,California
Sacramento,2021-03-15,12241,510551,4883,267290,6707,238743,651,4518,7062,161818,5153,176315,7714,338133,California
Sacramento,2021-03-16,14025,524576,6218,273508,7154,245897,653,5171,8620,165716,5368,181683,9266,347399,California
Sacramento,2021-03-17,13820,538396,6648,280156,6537,252434,635,5806,8815,170189,4979,186662,9452,356851,California
Sacramento,2021-03-18,15672,554068,8211,288367,6867,259301,594,6400,9929,175002,5709,192371,10522,367373,California
Sacramento,2021-03-19,15639,569707,7999,296366,6270,265571,1370,7770,7899,176548,7714,200085,9260,376633,California
Sacramento,2021-03-20,12935,582642,7545,303911,5048,270619,342,8112,8044,180075,4861,204946,8388,385021,California
Sacramento,2021-03-21,5589,588231,2758,306669,2792,273411,39,8151,4853,184249,722,205668,4896,389917,California
Sacramento,2021-03-22,9384,597615,4806,311475,3726,277137,852,9003,6196,188136,3159,208827,7046,396963,California
Sacramento,2021-03-23,11355,608970,6753,318228,3794,280931,808,9811,7250,192129,4062,212889,8055,405018,California
Sacramento,2021-03-24,11865,620835,7261,325489,3974,284905,630,10441,6713,194403,5069,217958,7343,412361,California
Sacramento,2021-03-25,14168,635003,8340,333829,4990,289895,838,11279,8512,198137,5610,223568,9344,421705,California
Sacramento,2021-03-26,18307,653310,8938,342767,8856,298751,513,11792,9165,198743,9074,232642,9680,431385,California
Sacramento,2021-03-27,9690,663000,3580,346347,5822,304573,288,12080,5094,199557,4564,237206,5378,436763,California
Sacramento,2021-03-28,6531,669531,3222,349569,3060,307633,249,12329,2701,198691,3819,241025,2953,439716,California
Sacramento,2021-03-29,11058,680589,5899,355468,4766,312399,393,12722,4944,197943,6085,247110,5337,445053,California
Sacramento,2021-03-30,11849,692438,6064,361532,5381,317780,404,13126,5991,198504,5834,252944,6395,451448,California
Sacramento,2021-03-31,13440,705878,7855,369387,5178,322958,407,13533,5567,196627,7845,260789,5968,457416,California
Sacramento,2021-04-01,17474,723352,10476,379863,6762,329720,236,13769,7333,194106,10095,270884,7574,464990,California
Sacramento,2021-04-02,17142,740494,9698,389561,6701,336421,743,14512,9007,195752,8103,278987,9749,474739,California
Sacramento,2021-04-03,10457,750951,6244,395805,3664,340085,549,15061,6419,198708,4007,282994,6963,481702,California
Sacramento,2021-04-04,3726,754677,1535,397340,1989,342074,202,15263,1447,198079,2273,285267,1644,483346,California
Sacramento,2021-04-05,12052,766729,7567,404907,3653,345727,832,16095,5376,197643,6639,291906,6203,489549,California
Sacramento,2021-04-06,15652,782381,8859,413766,5451,351178,1342,17437,6919,197196,8701,300607,8254,497803,California
Sacramento,2021-04-07,14857,797238,8029,421795,5226,356404,1602,19039,7163,198296,7652,308259,8752,506555,California
Sacramento,2021-04-08,15062,812300,6773,428568,5307,361711,2982,22021,6010,198251,9016,317275,8971,515526,California
Sacramento,2021-04-09,18326,830626,9378,437946,6722,368433,2226,24247,7435,197050,10850,328125,9649,525175,California
Sacramento,2021-04-10,12879,843505,3839,441785,7821,376254,1219,25466,5352,196097,7497,335622,6544,531719,California
Sacramento,2021-04-11,10819,854324,4361,446146,6233,382487,225,25691,3867,193260,6928,342550,4091,535810,California
Sacramento,2021-04-12,13014,867338,5050,451196,6060,388547,1904,27595,4945,192087,8005,350555,6832,542642,California
Sacramento,2021-04-13,16272,883610,9955,461151,6312,394859,5,27600,7579,191014,8661,359216,7588,550230,California
Sacramento,2021-04-14,14984,898594,7978,469129,7004,401863,2,27602,5899,187863,9056,368272,5905,556135,California
Sacramento,2021-04-15,16413,915007,8438,477567,7972,409835,3,27605,6693,184881,9681,377953,6699,562834,California
Sacramento,2021-04-16,17533,932540,9699,487266,7834,417669,0,27605,7969,183346,9521,387474,7986,570820,California
Sacramento,2021-04-17,15340,947880,6163,493429,9177,426846,0,27605,11116,190266,4204,391678,11124,581944,California
Sacramento,2021-04-18,8453,956333,3071,496500,5382,432228,0,27605,3762,189359,4671,396349,3764,585708,California
Sacramento,2021-04-19,10606,966939,5731,502231,4870,437098,5,27610,4727,188243,5857,402206,4741,590449,California
Sacramento,2021-04-20,11119,978058,6750,508981,4366,441464,3,27613,5920,188998,5177,407383,5932,596381,California
Sacramento,2021-04-21,11503,989561,6655,515636,4846,446310,2,27615,6229,189982,5250,412633,6234,602615,California
Sacramento,2021-04-22,14831,1004392,9906,525542,4921,451231,4,27619,6821,188829,7980,420613,6827,609442,California
Sacramento,2021-04-23,15909,1020301,10011,535553,5898,457129,0,27619,7381,187719,8493,429106,7383,616825,California
Sacramento,2021-04-24,11331,1031632,7010,542563,4320,461449,1,27620,5931,188289,5363,434469,5933,622758,California
Sacramento,2021-04-25,8008,1039640,4477,547040,3531,464980,0,27620,4171,188639,3822,438291,4172,626930,California
Sacramento,2021-04-26,10596,1050236,6608,553648,3964,468944,24,27644,5005,188109,5559,443850,5029,631959,California
Sacramento,2021-04-27,12044,1062280,7909,561557,3981,472925,154,27798,5917,188088,6094,449944,6073,638032,California
Sacramento,2021-04-28,10485,1072765,5853,567410,4426,477351,206,28004,5819,189481,4636,454580,6029,644061,California
Sacramento,2021-04-29,10865,1083630,7308,574718,3254,480605,303,28307,6001,190959,4828,459408,6306,650367,California
Sacramento,2021-04-30,12467,1096097,7822,582540,4382,484987,263,28570,5873,190548,6548,465956,6137,656504,California
Sacramento,2021-05-01,7590,1103687,5476,588016,1939,486926,175,28745,2762,188690,4793,470749,2935,659439,California
Sacramento,2021-05-02,4993,1108680,4299,592315,543,487469,151,28896,2226,188323,2742,473491,2375,661814,California
Sacramento,2021-05-03,9119,1117799,7295,599610,1546,489015,278,29174,3973,187447,5123,478614,4247,666061,California
Sacramento,2021-05-04,9384,1127183,5707,605317,3366,492381,311,29485,3786,185987,5555,484169,4095,670156,California
Sacramento,2021-05-05,11064,1138247,5985,611302,4617,496998,462,29947,4513,184449,6506,490675,4968,675124,California
Sacramento,2021-05-06,11228,1149475,6214,617516,4706,501704,308,30255,4628,183111,6271,496946,4933,680057,California
Sacramento,2021-05-07,10624,1160099,6180,623696,4073,505777,371,30626,4471,181852,6102,503048,4843,684900,California
Sacramento,2021-05-08,8232,1168331,3813,627509,4190,509967,229,30855,2715,179310,5479,508527,2937,687837,California
Sacramento,2021-05-09,3145,1171476,1651,629160,1380,511347,114,30969,1175,178640,1959,510486,1289,689126,California
Sacramento,2021-05-10,8083,1179559,3736,632896,4076,515423,271,31240,1979,174819,6073,516559,2252,691378,California
Sacramento,2021-05-11,8284,1187843,5160,638056,2865,518288,259,31499,2888,172602,5364,521923,3147,694525,California
Sacramento,2021-05-12,8557,1196400,5148,643204,3155,521443,254,31753,3044,170420,5478,527401,3296,697821,California
Sacramento,2021-05-13,11673,1208073,7457,650661,3940,525383,276,32029,4461,167983,7173,534574,4736,702557,California
Sacramento,2021-05-14,12202,1220275,6911,657572,5003,530386,288,32317,5041,166206,7106,541680,5329,707886,California
Sacramento,2021-05-15,13091,1233366,7910,665482,5036,535422,145,32462,5801,164893,7255,548935,5942,713828,California
Sacramento,2021-05-16,7871,1241237,4126,669608,3632,539054,113,32575,2154,161468,5694,554629,2269,716097,California
Sacramento,2021-05-17,10388,1251625,6301,675909,3794,542848,293,32868,3971,159353,6382,561011,4267,720364,California
Sacramento,2021-05-18,9704,1261329,6088,681997,3405,546253,211,33079,3684,157275,5978,566989,3900,724264,California
Sacramento,2021-05-19,9747,1271076,6233,688230,3251,549504,263,33342,4514,156867,5191,572180,4783,729047,California
Sacramento,2021-05-20,10126,1281202,6674,694904,3191,552695,261,33603,3849,154752,6226,578406,4111,733158,California
Sacramento,2021-05-21,10668,1291870,6796,701700,3548,556243,324,33927,4556,153568,6070,584476,4886,738044,California
Sacramento,2021-05-22,7389,1299259,4582,706282,2635,558878,172,34099,3338,153061,4020,588496,3513,741557,California
Sacramento,2021-05-23,4166,1303425,2866,709148,1197,560075,103,34202,1919,152858,2228,590724,2025,743582,California
Sacramento,2021-05-24,7655,1311080,4571,713719,2754,562829,330,34532,2394,150362,5218,595942,2722,746304,California
Sacramento,2021-05-25,6663,1317743,3862,717581,2507,565336,294,34826,2385,148789,4250,600192,2677,748981,California
Sacramento,2021-05-26,8483,1326226,4697,722278,3456,568792,330,35156,2816,146314,5617,605809,3142,752123,California
Sacramento,2021-05-27,6657,1332883,3640,725918,2774,571566,243,35399,2966,145871,3652,609461,3209,755332,California
Sacramento,2021-05-28,8240,1341123,4578,730496,3291,574857,371,35770,3498,145036,4704,614165,3869,759201,California
Sacramento,2021-05-29,4380,1345503,2677,733173,1547,576404,156,35926,2233,145300,2124,616289,2388,761589,California
Sacramento,2021-05-30,1660,1347163,1046,734219,575,576979,39,35965,767,145221,886,617175,807,762396,California
Sacramento,2021-05-31,879,1348042,440,734659,426,577405,13,35978,312,144979,567,617742,325,762721,California
Sacramento,2021-06-01,6932,1354974,4174,738833,2552,579957,206,36184,2682,143655,4209,621951,2885,765606,California
Sacramento,2021-06-02,6077,1361051,3349,742182,2514,582471,214,36398,2320,142475,3712,625663,2532,768138,California
Sacramento,2021-06-03,7416,1368467,5054,747236,2180,584651,182,36580,2248,139775,5128,630791,2428,770566,California
Sacramento,2021-06-04,7013,1375480,4499,751735,2304,586955,210,36790,2278,137558,4705,635496,2488,773054,California
Sacramento,2021-06-05,6163,1381643,4534,756269,1490,588445,139,36929,1796,135153,4338,639834,1933,774987,California
Sacramento,2021-06-06,2344,1383987,1836,758105,452,588897,56,36985,794,134459,1544,641378,850,775837,California
Sacramento,2021-06-07,5546,1389533,3884,761989,1483,590380,179,37164,1602,132318,3918,645296,1777,777614,California
Sacramento,2021-06-08,5348,1394881,3664,765653,1506,591886,178,37342,1790,130757,3532,648828,1971,779585,California
Sacramento,2021-06-09,6135,1401016,4268,769921,1682,593568,185,37527,1619,128097,4463,653291,1803,781388,California
Sacramento,2021-06-10,5376,1406392,3455,773376,1724,595292,197,37724,1688,126342,3641,656932,1886,783274,California
Sacramento,2021-06-11,7525,1413917,5212,778588,2119,597411,194,37918,2063,123168,5429,662361,2255,785529,California
Sacramento,2021-06-12,4671,1418588,3037,781625,1516,598927,118,38036,1278,121190,3375,665736,1397,786926,California
Sacramento,2021-06-13,1903,1420491,1400,783025,463,599390,40,38076,416,120170,1475,667211,455,787381,California
Sacramento,2021-06-14,4282,1424773,2780,785805,1344,600734,158,38234,1392,118845,2872,670083,1547,788928,California
Sacramento,2021-06-15,4882,1429655,2952,788757,1705,602439,225,38459,1725,117653,3141,673224,1949,790877,California
Sacramento,2021-06-16,4444,1434099,2978,791735,1247,603686,219,38678,1566,116578,2853,676077,1778,792655,California
Sacramento,2021-06-17,4031,1438130,2612,794347,1248,604934,171,38849,1392,115529,2607,678684,1558,794213,California
Sacramento,2021-06-18,5078,1443208,3315,797662,1515,606449,248,39097,1711,114144,3343,682027,1958,796171,California
Sacramento,2021-06-19,3158,1446366,2211,799873,808,607257,139,39236,1123,113387,2020,684047,1263,797434,California
Sacramento,2021-06-20,605,1446971,398,800271,185,607442,22,39258,307,113420,296,684343,329,797763,California
San Benito,2020-12-16,29,29,29,29,0,0,0,0,29,29,0,0,29,29,California
San Benito,2020-12-17,47,76,47,76,0,0,0,0,47,76,0,0,47,76,California
San Benito,2020-12-18,73,149,73,149,0,0,0,0,73,149,0,0,73,149,California
San Benito,2020-12-19,46,195,46,195,0,0,0,0,46,195,0,0,46,195,California
San Benito,2020-12-20,23,218,23,218,0,0,0,0,23,218,0,0,23,218,California
San Benito,2020-12-21,79,297,79,297,0,0,0,0,79,297,0,0,79,297,California
San Benito,2020-12-22,102,399,102,399,0,0,0,0,102,399,0,0,102,399,California
San Benito,2020-12-23,85,484,74,473,11,11,0,0,85,484,0,0,85,484,California
San Benito,2020-12-24,12,496,5,478,7,18,0,0,12,496,0,0,12,496,California
San Benito,2020-12-25,3,499,3,481,0,18,0,0,3,499,0,0,3,499,California
San Benito,2020-12-26,12,511,4,485,8,26,0,0,12,511,0,0,12,511,California
San Benito,2020-12-27,9,520,8,493,1,27,0,0,9,520,0,0,9,520,California
San Benito,2020-12-28,64,584,37,530,27,54,0,0,64,584,0,0,64,584,California
San Benito,2020-12-29,50,634,20,550,30,84,0,0,50,634,0,0,50,634,California
San Benito,2020-12-30,60,694,38,588,22,106,0,0,60,694,0,0,60,694,California
San Benito,2020-12-31,17,711,2,590,15,121,0,0,17,711,0,0,17,711,California
San Benito,2021-01-02,23,734,22,612,1,122,0,0,23,734,0,0,23,734,California
San Benito,2021-01-03,3,737,1,613,2,124,0,0,3,737,0,0,3,737,California
San Benito,2021-01-04,61,798,24,637,37,161,0,0,61,798,0,0,61,798,California
San Benito,2021-01-05,119,917,37,674,82,243,0,0,116,911,3,3,116,914,California
San Benito,2021-01-06,102,1019,42,716,60,303,0,0,87,983,15,18,87,1001,California
San Benito,2021-01-07,105,1124,67,783,38,341,0,0,53,984,52,70,53,1054,California
San Benito,2021-01-08,184,1308,89,872,95,436,0,0,120,1040,64,134,120,1174,California
San Benito,2021-01-09,44,1352,32,904,12,448,0,0,30,1056,14,148,30,1204,California
San Benito,2021-01-10,15,1367,13,917,2,450,0,0,5,1051,10,158,5,1209,California
San Benito,2021-01-11,174,1541,109,1026,65,515,0,0,72,1021,102,260,72,1281,California
San Benito,2021-01-12,162,1703,57,1083,105,620,0,0,122,1103,40,300,122,1403,California
San Benito,2021-01-13,243,1946,70,1153,173,793,0,0,193,1246,50,350,193,1596,California
San Benito,2021-01-14,135,2081,25,1178,110,903,0,0,115,1341,20,370,115,1711,California
San Benito,2021-01-15,218,2299,21,1199,197,1100,0,0,204,1531,14,384,204,1915,California
San Benito,2021-01-16,26,2325,8,1207,18,1118,0,0,21,1547,5,389,21,1936,California
San Benito,2021-01-17,11,2336,4,1211,7,1125,0,0,9,1554,2,391,9,1945,California
San Benito,2021-01-18,36,2372,22,1233,14,1139,0,0,21,1560,15,406,21,1966,California
San Benito,2021-01-19,153,2525,66,1299,87,1226,0,0,125,1657,28,434,125,2091,California
San Benito,2021-01-20,278,2803,96,1395,182,1408,0,0,231,1842,46,480,231,2322,California
San Benito,2021-01-21,127,2930,33,1428,94,1502,0,0,103,1921,24,504,103,2425,California
San Benito,2021-01-22,238,3168,19,1447,219,1721,0,0,228,2139,10,514,228,2653,California
San Benito,2021-01-23,28,3196,15,1462,13,1734,0,0,12,2135,16,530,12,2665,California
San Benito,2021-01-24,8,3204,3,1465,5,1739,0,0,4,2135,4,534,4,2669,California
San Benito,2021-01-25,65,3269,24,1489,41,1780,0,0,19,2108,46,580,19,2688,California
San Benito,2021-01-26,138,3407,41,1530,97,1877,0,0,85,2140,53,633,85,2773,California
San Benito,2021-01-27,232,3639,70,1600,162,2039,0,0,191,2290,41,674,191,2964,California
San Benito,2021-01-28,150,3789,31,1631,119,2158,0,0,122,2385,27,701,122,3086,California
San Benito,2021-01-29,298,4087,35,1666,263,2421,0,0,272,2632,25,726,272,3358,California
San Benito,2021-01-30,52,4139,33,1699,19,2440,0,0,28,2636,24,750,28,3386,California
San Benito,2021-01-31,15,4154,4,1703,11,2451,0,0,10,2641,5,755,10,3396,California
San Benito,2021-02-01,134,4288,28,1731,106,2557,0,0,92,2691,42,797,92,3488,California
San Benito,2021-02-02,230,4518,49,1780,181,2738,0,0,138,2737,92,889,138,3626,California
San Benito,2021-02-03,343,4861,44,1824,299,3037,0,0,273,2940,70,959,273,3899,California
San Benito,2021-02-04,168,5029,25,1849,143,3180,0,0,122,3016,46,1005,122,4021,California
San Benito,2021-02-05,302,5331,43,1892,259,3439,0,0,237,3188,65,1070,237,4258,California
San Benito,2021-02-06,49,5380,8,1900,41,3480,0,0,33,3205,16,1086,33,4291,California
San Benito,2021-02-07,18,5398,8,1908,10,3490,0,0,17,3221,1,1087,17,4308,California
San Benito,2021-02-08,139,5537,15,1923,124,3614,0,0,92,3266,47,1134,92,4400,California
San Benito,2021-02-09,326,5863,61,1984,265,3879,0,0,193,3326,133,1267,193,4593,California
San Benito,2021-02-10,323,6186,88,2072,235,4114,0,0,114,3232,208,1475,114,4707,California
San Benito,2021-02-11,301,6487,32,2104,269,4383,0,0,200,3331,101,1576,200,4907,California
San Benito,2021-02-12,421,6908,31,2135,390,4773,0,0,213,3337,207,1783,213,5120,California
San Benito,2021-02-13,58,6966,6,2141,52,4825,0,0,47,3373,11,1794,47,5167,California
San Benito,2021-02-14,41,7007,5,2146,36,4861,0,0,31,3394,10,1804,31,5198,California
San Benito,2021-02-15,110,7117,10,2156,100,4961,0,0,99,3482,11,1815,99,5297,California
San Benito,2021-02-16,211,7328,11,2167,200,5161,0,0,106,3484,105,1920,107,5404,California
San Benito,2021-02-17,335,7663,32,2199,303,5464,0,0,285,3719,50,1970,285,5689,California
San Benito,2021-02-18,294,7957,40,2239,254,5718,0,0,69,3563,225,2195,69,5758,California
San Benito,2021-02-19,354,8311,50,2289,304,6022,0,0,183,3575,171,2366,183,5941,California
San Benito,2021-02-20,47,8358,24,2313,23,6045,0,0,37,3602,10,2376,37,5978,California
San Benito,2021-02-21,24,8382,11,2324,13,6058,0,0,17,3612,7,2383,17,5995,California
San Benito,2021-02-22,131,8513,31,2355,100,6158,0,0,96,3674,34,2417,96,6091,California
San Benito,2021-02-23,376,8889,94,2449,282,6440,0,0,261,3820,115,2532,261,6352,California
San Benito,2021-02-24,388,9277,72,2521,316,6756,0,0,248,3928,140,2672,248,6600,California
San Benito,2021-02-25,397,9674,70,2591,327,7083,0,0,274,4077,125,2797,274,6874,California
San Benito,2021-02-26,663,10337,76,2667,587,7670,0,0,412,4238,251,3048,412,7286,California
San Benito,2021-02-27,114,10451,46,2713,68,7738,0,0,95,4314,19,3067,95,7381,California
San Benito,2021-02-28,255,10706,30,2743,225,7963,0,0,244,4547,11,3078,244,7625,California
San Benito,2021-03-01,232,10938,60,2803,172,8135,0,0,161,4636,72,3150,161,7786,California
San Benito,2021-03-02,287,11225,94,2897,193,8328,0,0,216,4781,71,3221,216,8002,California
San Benito,2021-03-03,409,11634,63,2960,346,8674,0,0,232,4838,175,3396,232,8234,California
San Benito,2021-03-04,622,12256,128,3088,479,9153,15,15,437,5094,185,3581,441,8675,California
San Benito,2021-03-05,595,12851,312,3400,271,9424,12,27,378,5269,215,3796,390,9065,California
San Benito,2021-03-06,205,13056,74,3474,117,9541,14,41,152,5382,53,3849,166,9231,California
San Benito,2021-03-07,644,13700,599,4073,22,9563,23,64,611,5983,33,3882,634,9865,California
San Benito,2021-03-08,291,13991,67,4140,177,9740,47,111,168,6075,123,4005,215,10080,California
San Benito,2021-03-09,431,14422,87,4227,245,9985,99,210,143,6003,287,4292,215,10295,California
San Benito,2021-03-10,412,14834,122,4349,194,10179,96,306,236,6159,176,4468,332,10627,California
San Benito,2021-03-11,477,15311,124,4473,198,10377,155,461,209,6255,268,4736,364,10991,California
San Benito,2021-03-12,527,15838,123,4596,308,10685,96,557,230,6287,295,5031,327,11318,California
San Benito,2021-03-13,201,16039,99,4695,83,10768,19,576,128,6364,70,5101,147,11465,California
San Benito,2021-03-14,231,16270,39,4734,172,10940,20,596,179,6512,51,5152,199,11664,California
San Benito,2021-03-15,325,16595,98,4832,208,11148,19,615,193,6592,132,5284,212,11876,California
San Benito,2021-03-16,508,17103,223,5055,253,11401,32,647,354,6822,154,5438,384,12260,California
San Benito,2021-03-17,805,17908,483,5538,300,11701,22,669,566,7167,235,5673,580,12840,California
San Benito,2021-03-18,790,18698,534,6072,203,11904,53,722,576,7574,213,5886,620,13460,California
San Benito,2021-03-19,778,19476,405,6477,349,12253,24,746,573,7965,205,6091,596,14056,California
San Benito,2021-03-20,247,19723,152,6629,84,12337,11,757,186,8101,61,6152,197,14253,California
San Benito,2021-03-21,111,19834,58,6687,49,12386,4,761,82,8158,29,6181,86,14339,California
San Benito,2021-03-22,357,20191,176,6863,156,12542,25,786,225,8276,132,6313,250,14589,California
San Benito,2021-03-23,482,20673,203,7066,269,12811,10,796,223,8249,259,6572,232,14821,California
San Benito,2021-03-24,586,21259,311,7377,268,13079,7,803,360,8391,225,6797,367,15188,California
San Benito,2021-03-25,752,22011,448,7825,300,13379,4,807,449,8545,299,7096,453,15641,California
San Benito,2021-03-26,1034,23045,532,8357,498,13877,4,811,342,8200,691,7787,346,15987,California
San Benito,2021-03-27,350,23395,198,8555,119,13996,33,844,223,8329,127,7914,256,16243,California
San Benito,2021-03-28,731,24126,603,9158,122,14118,6,850,132,7868,599,8513,138,16381,California
San Benito,2021-03-29,343,24469,109,9267,214,14332,20,870,142,7828,201,8714,161,16542,California
San Benito,2021-03-30,596,25065,284,9551,215,14547,97,967,303,7935,293,9007,400,16942,California
San Benito,2021-03-31,607,25672,375,9926,208,14755,24,991,344,8043,260,9267,368,17310,California
San Benito,2021-04-01,965,26637,387,10313,538,15293,40,1031,570,8253,394,9661,604,17914,California
San Benito,2021-04-02,542,27179,261,10574,145,15438,136,1167,268,8384,273,9934,404,18318,California
San Benito,2021-04-03,261,27440,87,10661,109,15547,65,1232,74,8336,187,10121,139,18457,California
San Benito,2021-04-04,142,27582,106,10767,30,15577,6,1238,104,8408,38,10159,110,18567,California
San Benito,2021-04-05,365,27947,175,10942,147,15724,43,1281,153,8391,212,10371,195,18762,California
San Benito,2021-04-06,469,28416,163,11105,125,15849,181,1462,159,8420,310,10681,339,19101,California
San Benito,2021-04-07,952,29368,528,11633,232,16081,192,1654,267,8196,683,11364,459,19560,California
San Benito,2021-04-08,867,30235,432,12065,181,16262,254,1908,226,8036,640,12004,480,20040,California
San Benito,2021-04-09,854,31089,505,12570,256,16518,93,2001,297,7871,556,12560,391,20431,California
San Benito,2021-04-10,360,31449,217,12787,80,16598,63,2064,201,7976,159,12719,264,20695,California
San Benito,2021-04-11,479,31928,275,13062,169,16767,35,2099,272,8055,207,12926,286,20981,California
San Benito,2021-04-12,543,32471,288,13350,136,16903,119,2218,282,8192,260,13186,397,21378,California
San Benito,2021-04-13,754,33225,294,13644,437,17340,23,2241,522,8507,231,13417,546,21924,California
San Benito,2021-04-14,852,34077,671,14315,181,17521,0,2241,402,8465,444,13861,402,22326,California
San Benito,2021-04-15,962,35039,748,15063,213,17734,1,2242,484,8474,477,14338,486,22812,California
San Benito,2021-04-16,712,35751,373,15436,327,18061,12,2254,300,8379,409,14747,314,23126,California
San Benito,2021-04-17,323,36074,226,15662,97,18158,0,2254,130,8314,195,14942,130,23256,California
San Benito,2021-04-18,506,36580,422,16084,84,18242,0,2254,245,8300,261,15203,247,23503,California
San Benito,2021-04-19,747,37327,599,16683,148,18390,0,2254,426,8408,320,15523,428,23931,California
San Benito,2021-04-20,791,38118,417,17100,372,18762,2,2256,500,8623,286,15809,501,24432,California
San Benito,2021-04-21,965,39083,707,17807,258,19020,0,2256,528,8728,423,16232,528,24960,California
San Benito,2021-04-22,909,39992,692,18499,217,19237,0,2256,572,8971,329,16561,572,25532,California
San Benito,2021-04-23,638,40630,401,18900,236,19473,1,2257,347,9075,243,16804,347,25879,California
San Benito,2021-04-24,363,40993,200,19100,163,19636,0,2257,169,9089,155,16959,169,26048,California
San Benito,2021-04-25,204,41197,127,19227,77,19713,0,2257,94,9091,92,17051,94,26142,California
San Benito,2021-04-26,497,41694,394,19621,103,19816,0,2257,261,9177,175,17226,261,26403,California
San Benito,2021-04-27,558,42252,283,19904,267,20083,8,2265,411,9459,137,17363,419,26822,California
San Benito,2021-04-28,557,42809,391,20295,157,20240,9,2274,395,9705,157,17520,403,27225,California
San Benito,2021-04-29,634,43443,235,20530,390,20630,9,2283,256,9609,378,17898,282,27507,California
San Benito,2021-04-30,379,43822,209,20739,162,20792,8,2291,205,9650,172,18070,213,27720,California
San Benito,2021-05-01,205,44027,149,20888,47,20839,9,2300,67,9590,136,18206,76,27796,California
San Benito,2021-05-02,193,44220,165,21053,24,20863,4,2304,58,9517,135,18341,62,27858,California
San Benito,2021-05-03,369,44589,289,21342,70,20933,10,2314,92,9344,277,18618,104,27962,California
San Benito,2021-05-04,404,44993,243,21585,153,21086,8,2322,150,9249,252,18870,157,28119,California
San Benito,2021-05-05,609,45602,426,22011,166,21252,17,2339,210,9080,396,19266,227,28346,California
San Benito,2021-05-06,623,46225,493,22504,114,21366,16,2355,224,8925,395,19661,240,28586,California
San Benito,2021-05-07,454,46679,285,22789,158,21524,11,2366,176,8837,276,19937,188,28774,California
San Benito,2021-05-08,278,46957,224,23013,48,21572,6,2372,155,8875,123,20060,161,28935,California
San Benito,2021-05-09,104,47061,78,23091,23,21595,3,2375,48,8870,56,20116,51,28986,California
San Benito,2021-05-10,422,47483,331,23422,67,21662,24,2399,54,8581,368,20484,79,29065,California
San Benito,2021-05-11,825,48308,414,23836,395,22057,16,2415,184,8143,639,21123,201,29266,California
San Benito,2021-05-12,497,48805,391,24227,93,22150,13,2428,116,7893,380,21503,130,29396,California
San Benito,2021-05-13,693,49498,591,24818,91,22241,11,2439,178,7569,512,22015,188,29584,California
San Benito,2021-05-14,597,50095,443,25261,147,22388,7,2446,231,7442,365,22380,238,29822,California
San Benito,2021-05-15,229,50324,172,25433,51,22439,6,2452,127,7473,102,22482,133,29955,California
San Benito,2021-05-16,170,50494,141,25574,27,22466,2,2454,93,7491,77,22559,95,30050,California
San Benito,2021-05-17,389,50883,313,25887,66,22532,10,2464,177,7468,210,22769,187,30237,California
San Benito,2021-05-18,683,51566,360,26247,318,22850,5,2469,213,7217,470,23239,219,30456,California
San Benito,2021-05-19,577,52143,418,26665,151,23001,8,2477,230,7108,347,23586,238,30694,California
San Benito,2021-05-20,596,52739,468,27133,117,23118,11,2488,314,7152,281,23867,325,31019,California
San Benito,2021-05-21,476,53215,280,27413,179,23297,17,2505,217,7129,257,24124,234,31253,California
San Benito,2021-05-22,299,53514,224,27637,70,23367,5,2510,182,7202,115,24239,188,31441,California
San Benito,2021-05-23,92,53606,54,27691,34,23401,4,2514,34,7181,58,24297,37,31478,California
San Benito,2021-05-24,302,53908,254,27945,41,23442,7,2521,186,7258,116,24413,193,31671,California
San Benito,2021-05-25,527,54435,242,28187,278,23720,7,2528,172,7084,353,24766,179,31850,California
San Benito,2021-05-26,313,54748,193,28380,113,23833,7,2535,131,7040,181,24947,137,31987,California
San Benito,2021-05-27,413,55161,315,28695,74,23907,24,2559,153,6960,260,25207,180,32167,California
San Benito,2021-05-28,290,55451,177,28872,106,24013,7,2566,111,6900,178,25385,118,32285,California
San Benito,2021-05-29,146,55597,124,28996,20,24033,2,2568,62,6880,84,25469,64,32349,California
San Benito,2021-05-30,268,55865,253,29249,15,24048,0,2568,93,6799,174,25643,93,32442,California
San Benito,2021-05-31,101,55966,88,29337,11,24059,2,2570,44,6789,56,25699,46,32488,California
San Benito,2021-06-01,269,56235,122,29459,121,24180,26,2596,99,6744,169,25868,124,32612,California
San Benito,2021-06-02,324,56559,245,29704,77,24257,2,2598,120,6664,203,26071,123,32735,California
San Benito,2021-06-03,341,56900,291,29995,44,24301,6,2604,134,6600,204,26275,140,32875,California
San Benito,2021-06-04,272,57172,202,30197,70,24371,0,2604,88,6505,183,26458,88,32963,California
San Benito,2021-06-05,92,57264,74,30271,17,24388,1,2605,19,6453,72,26530,20,32983,California
San Benito,2021-06-06,60,57324,49,30320,8,24396,3,2608,15,6426,45,26575,18,33001,California
San Benito,2021-06-07,337,57661,297,30617,35,24431,5,2613,87,6270,248,26823,92,33093,California
San Benito,2021-06-08,309,57970,217,30834,77,24508,15,2628,98,6173,210,27033,113,33206,California
San Benito,2021-06-09,243,58213,187,31021,48,24556,8,2636,72,6082,171,27204,80,33286,California
San Benito,2021-06-10,361,58574,330,31351,24,24580,7,2643,72,5876,285,27489,79,33365,California
San Benito,2021-06-11,258,58832,230,31581,20,24600,8,2651,91,5809,166,27655,99,33464,California
San Benito,2021-06-12,158,58990,144,31725,10,24610,4,2655,48,5766,95,27750,52,33516,California
San Benito,2021-06-13,51,59041,39,31764,10,24620,2,2657,16,5756,28,27778,18,33534,California
San Benito,2021-06-14,172,59213,146,31910,24,24644,2,2659,59,5705,112,27890,61,33595,California
San Benito,2021-06-15,221,59434,128,32038,87,24731,6,2665,76,5645,143,28033,83,33678,California
San Benito,2021-06-16,213,59647,170,32208,29,24760,14,2679,74,5595,138,28171,88,33766,California
San Benito,2021-06-17,247,59894,207,32415,18,24778,22,2701,78,5527,169,28340,101,33867,California
San Benito,2021-06-18,156,60050,101,32516,48,24826,7,2708,64,5506,92,28432,71,33938,California
San Benito,2021-06-19,106,60156,102,32618,4,24830,0,2708,42,5484,64,28496,42,33980,California
San Benito,2021-06-20,5,60161,4,32622,1,24831,0,2708,3,5485,2,28498,3,33983,California
San Bernardino,2020-12-15,13,13,13,13,0,0,0,0,13,13,0,0,13,13,California
San Bernardino,2020-12-16,114,127,114,127,0,0,0,0,114,127,0,0,114,127,California
San Bernardino,2020-12-17,2379,2506,2379,2506,0,0,0,0,2379,2506,0,0,2379,2506,California
San Bernardino,2020-12-18,3175,5681,3172,5678,3,3,0,0,3176,5682,0,0,3176,5682,California
San Bernardino,2020-12-19,1083,6764,1082,6760,1,4,0,0,1084,6766,0,0,1084,6766,California
San Bernardino,2020-12-20,1178,7942,1175,7935,3,7,0,0,1178,7944,0,0,1178,7944,California
San Bernardino,2020-12-21,2472,10414,2466,10401,6,13,0,0,2472,10416,0,0,2472,10416,California
San Bernardino,2020-12-22,2289,12703,2159,12560,130,143,0,0,2289,12705,0,0,2289,12705,California
San Bernardino,2020-12-23,2686,15389,1479,14039,1207,1350,0,0,2685,15390,0,0,2685,15390,California
San Bernardino,2020-12-24,1173,16562,594,14633,579,1929,0,0,1173,16562,1,1,1173,16563,California
San Bernardino,2020-12-25,75,16637,15,14648,60,1989,0,0,75,16637,0,1,75,16638,California
San Bernardino,2020-12-26,465,17102,254,14902,211,2200,0,0,465,17102,0,1,465,17103,California
San Bernardino,2020-12-27,350,17452,163,15065,187,2387,0,0,349,17450,1,2,349,17452,California
San Bernardino,2020-12-28,1589,19041,722,15787,867,3254,0,0,1590,19040,0,2,1590,19042,California
San Bernardino,2020-12-29,2231,21272,1048,16835,1183,4437,0,0,2231,21271,0,2,2231,21273,California
San Bernardino,2020-12-30,2908,24180,1462,18297,1446,5883,0,0,2908,24179,0,2,2908,24181,California
San Bernardino,2020-12-31,1379,25559,443,18740,936,6819,0,0,1377,25556,0,2,1377,25558,California
San Bernardino,2021-01-01,287,25846,152,18892,135,6954,0,0,286,25842,0,2,286,25844,California
San Bernardino,2021-01-02,486,26332,344,19236,142,7096,0,0,486,26328,0,2,486,26330,California
San Bernardino,2021-01-03,139,26471,86,19322,53,7149,0,0,139,26467,0,2,139,26469,California
San Bernardino,2021-01-04,2147,28618,1300,20622,847,7996,0,0,2146,28613,0,2,2146,28615,California
San Bernardino,2021-01-05,2347,30965,1466,22088,881,8877,0,0,2236,30739,110,112,2236,30851,California
San Bernardino,2021-01-06,3472,34437,2371,24459,1101,9978,0,0,2970,33214,496,608,2971,33822,California
San Bernardino,2021-01-07,5457,39894,4526,28985,931,10909,0,0,2498,32772,2940,3548,2498,36320,California
San Bernardino,2021-01-08,5385,45279,4459,33444,926,11835,0,0,2290,31973,3090,6638,2291,38611,California
San Bernardino,2021-01-09,1407,46686,1101,34545,306,12141,0,0,906,32378,501,7139,906,39517,California
San Bernardino,2021-01-10,1023,47709,597,35142,426,12567,0,0,575,32505,448,7587,575,40092,California
San Bernardino,2021-01-11,4998,52707,4089,39231,909,13476,0,0,2772,33055,2222,9809,2772,42864,California
San Bernardino,2021-01-12,4256,56963,3226,42457,1030,14506,0,0,2520,33843,1732,11541,2520,45384,California
San Bernardino,2021-01-13,4621,61584,2878,45335,1743,16249,0,0,3380,35994,1230,12771,3381,48765,California
San Bernardino,2021-01-14,4874,66458,2882,48217,1992,18241,0,0,4279,39682,591,13362,4279,53044,California
San Bernardino,2021-01-15,6062,72520,3021,51238,3041,21282,0,0,5660,44951,394,13756,5663,58707,California
San Bernardino,2021-01-16,2277,74797,1295,52533,982,22264,0,0,2132,46938,145,13901,2132,60839,California
San Bernardino,2021-01-17,1190,75987,507,53040,683,22947,0,0,1107,47964,82,13983,1108,61947,California
San Bernardino,2021-01-18,4281,80268,2646,55686,1635,24582,0,0,3658,51001,623,14606,3660,65607,California
San Bernardino,2021-01-19,6368,86636,3731,59417,2637,27219,0,0,5269,55175,1097,15703,5271,70878,California
San Bernardino,2021-01-20,6906,93542,3792,63209,3114,30333,0,0,4937,58154,1960,17663,4939,75817,California
San Bernardino,2021-01-21,6042,99584,3109,66318,2933,33266,0,0,4915,61957,1119,18782,4922,80739,California
San Bernardino,2021-01-22,6587,106171,3080,69398,3507,36773,0,0,5859,67091,726,19508,5860,86599,California
San Bernardino,2021-01-23,3145,109316,1909,71307,1236,38009,0,0,2747,69441,397,19905,2747,89346,California
San Bernardino,2021-01-24,1211,110527,463,71770,748,38757,0,0,1106,70442,105,20010,1106,90452,California
San Bernardino,2021-01-25,6916,117443,3418,75188,3498,42255,0,0,5062,73656,1851,21861,5065,95517,California
San Bernardino,2021-01-26,7072,124515,3497,78685,3575,45830,0,0,4956,76497,2116,23977,4957,100474,California
San Bernardino,2021-01-27,8582,133097,4173,82858,4409,50239,0,0,5753,79429,2821,26798,5753,106227,California
San Bernardino,2021-01-28,8629,141726,4085,86943,4544,54783,0,0,6289,83383,2335,29133,6289,112516,California
San Bernardino,2021-01-29,8253,149979,3786,90729,4467,59250,0,0,6261,87672,1978,31111,6267,118783,California
San Bernardino,2021-01-30,3108,153087,1893,92622,1215,60465,0,0,2813,90193,293,31404,2814,121597,California
San Bernardino,2021-01-31,939,154026,493,93115,446,60911,0,0,882,91019,56,31460,882,122479,California
San Bernardino,2021-02-01,7611,161637,4257,97372,3354,64265,0,0,4970,93352,2638,34098,4971,127450,California
San Bernardino,2021-02-02,10513,172150,3667,101039,6846,71111,0,0,8437,99721,2072,36170,8441,135891,California
San Bernardino,2021-02-03,9061,181211,4165,105204,4896,76007,0,0,6542,103753,2512,38682,6544,142435,California
San Bernardino,2021-02-04,10535,191746,5178,110382,5357,81364,0,0,7428,108087,3096,41778,7430,149865,California
San Bernardino,2021-02-05,11136,202882,5977,116359,5159,86523,0,0,7536,112036,3588,45366,7537,157402,California
San Bernardino,2021-02-06,5313,208195,2234,118593,3079,89602,0,0,3674,114098,1615,46981,3677,161079,California
San Bernardino,2021-02-07,851,209046,497,119090,354,89956,0,0,474,114199,374,47355,475,161554,California
San Bernardino,2021-02-08,7332,216378,3910,123000,3422,93378,0,0,5649,118167,1682,49037,5650,167204,California
San Bernardino,2021-02-09,10196,226574,5935,128935,4261,97639,0,0,6876,121728,3318,52355,6879,174083,California
San Bernardino,2021-02-10,12146,238720,6486,135421,5660,103299,0,0,8011,125613,4127,56482,8012,182095,California
San Bernardino,2021-02-11,12515,251235,7184,142605,5331,108630,0,0,7969,129065,4520,61002,7972,190067,California
San Bernardino,2021-02-12,10527,261762,5981,148586,4546,113176,0,0,5755,130068,4755,65757,5758,195825,California
San Bernardino,2021-02-13,6081,267843,4046,152632,2035,115211,0,0,3818,131644,2247,68004,3823,199648,California
San Bernardino,2021-02-14,1565,269408,658,153290,907,116118,0,0,885,131857,673,68677,886,200534,California
San Bernardino,2021-02-15,5496,274904,3003,156293,2493,118611,0,0,3074,132521,2410,71087,3074,203608,California
San Bernardino,2021-02-16,12609,287513,7343,163636,5266,123877,0,0,7977,135883,4619,75706,7981,211589,California
San Bernardino,2021-02-17,11855,299368,6483,170119,5372,129249,0,0,7167,138387,4668,80374,7172,218761,California
San Bernardino,2021-02-18,12516,311884,7607,177726,4909,134158,0,0,7718,141324,4783,85157,7720,226481,California
San Bernardino,2021-02-19,11645,323529,5984,183710,5661,139819,0,0,6903,143507,4722,89879,6905,233386,California
San Bernardino,2021-02-20,4542,328071,3480,187190,1062,140881,0,0,2055,143083,2482,92361,2058,235444,California
San Bernardino,2021-02-21,1160,329231,700,187890,460,141341,0,0,415,142754,745,93106,416,235860,California
San Bernardino,2021-02-22,8713,337944,5368,193258,3345,144686,0,0,4062,142177,4640,97746,4063,239923,California
San Bernardino,2021-02-23,9220,347164,5481,198739,3739,148425,0,0,4661,142310,4534,102280,4667,244590,California
San Bernardino,2021-02-24,12524,359688,7201,205940,5323,153748,0,0,6192,142196,6312,108592,6198,250788,California
San Bernardino,2021-02-25,13177,372865,6328,212268,6849,160597,0,0,7681,144403,5478,114070,7685,258473,California
San Bernardino,2021-02-26,13727,386592,6402,218670,7325,167922,0,0,7665,146078,5999,120069,7674,266147,California
San Bernardino,2021-02-27,6709,393301,3758,222428,2950,170872,1,1,4826,149037,1872,121941,4831,270978,California
San Bernardino,2021-02-28,1788,395089,748,223176,1040,171912,0,1,1143,149545,637,122578,1145,272123,California
San Bernardino,2021-03-01,8504,403593,4383,227559,4117,176029,4,5,3865,148812,4613,127191,3880,276003,California
San Bernardino,2021-03-02,13933,417526,5573,233132,8360,184389,0,5,6562,148045,7340,134531,6573,282576,California
San Bernardino,2021-03-03,13117,430643,6671,239803,6443,190832,3,8,6198,147358,6897,141428,6210,288786,California
San Bernardino,2021-03-04,14034,444677,6970,246773,7063,197895,1,9,6099,145552,7914,149342,6108,294894,California
San Bernardino,2021-03-05,14488,459165,7564,254337,6922,204817,2,11,7057,145233,7398,156740,7079,301973,California
San Bernardino,2021-03-06,9781,468946,5480,259817,4076,208893,225,236,4570,144833,5193,161933,4793,306766,California
San Bernardino,2021-03-07,1687,470633,1026,260843,590,209483,71,307,1064,145350,621,162554,1138,307904,California
San Bernardino,2021-03-08,8144,478777,3603,264446,4370,213853,171,478,3622,144635,4513,167067,3798,311702,California
San Bernardino,2021-03-09,13126,491903,7492,271938,5383,219236,251,729,5289,142356,7822,174889,5543,317245,California
San Bernardino,2021-03-10,14267,506170,7875,279813,5835,225071,557,1286,6398,141471,7842,182731,6957,324202,California
San Bernardino,2021-03-11,15691,521861,7269,287082,6818,231889,1604,2890,7414,142233,8254,190985,9016,333218,California
San Bernardino,2021-03-12,15611,537472,6965,294047,6598,238487,2048,4938,7375,143496,8205,199190,9468,342686,California
San Bernardino,2021-03-13,8449,545921,4591,298638,3329,241816,529,5467,5002,145594,3436,202626,5534,348220,California
San Bernardino,2021-03-14,3325,549246,1689,300327,1052,242868,584,6051,1853,146562,1465,204091,2433,350653,California
San Bernardino,2021-03-15,11467,560713,5403,305730,4032,246900,2032,8083,5634,148405,5818,209909,7661,358314,California
San Bernardino,2021-03-16,16297,577010,8068,313798,7288,254188,941,9024,9945,152975,6324,216233,10894,369208,California
San Bernardino,2021-03-17,17511,594521,8711,322509,8051,262239,749,9773,10617,157466,6875,223108,11366,380574,California
San Bernardino,2021-03-18,16720,611241,8282,330791,8052,270291,386,10159,9877,160912,6815,229923,10261,390835,California
San Bernardino,2021-03-19,17067,628308,8462,339253,8004,278295,601,10760,9788,164101,7251,237174,10440,401275,California
San Bernardino,2021-03-20,9532,637840,6002,345255,2931,281226,599,11359,5648,166484,3858,241032,6241,407516,California
San Bernardino,2021-03-21,2824,640664,2298,347553,474,281700,52,11411,2268,168261,543,241575,2320,409836,California
San Bernardino,2021-03-22,9666,650330,4546,352099,4682,286382,438,11849,7004,173062,2641,244216,7442,417278,California
San Bernardino,2021-03-23,15582,665912,8834,360933,6126,292508,622,12471,9638,177400,5921,250137,10259,427537,California
San Bernardino,2021-03-24,15242,681154,7852,368785,7083,299591,307,12778,10107,182716,5099,255236,10415,437952,California
San Bernardino,2021-03-25,17112,698266,8393,377178,8414,308005,305,13083,10825,187605,6235,261471,11124,449076,California
San Bernardino,2021-03-26,18267,716533,8693,385871,8804,316809,770,13853,10917,191977,7317,268788,11689,460765,California
San Bernardino,2021-03-27,10915,727448,7036,392907,3119,319928,760,14613,6218,194276,4677,273465,6976,467741,California
San Bernardino,2021-03-28,3654,731102,2568,395475,972,320900,114,14727,2531,195808,1113,274578,2645,470386,California
San Bernardino,2021-03-29,11837,742939,6147,401622,5289,326189,401,15128,7984,200359,3834,278412,8385,478771,California
San Bernardino,2021-03-30,17045,759984,9505,411127,6822,333011,718,15846,10554,205168,6454,284866,11263,490034,California
San Bernardino,2021-03-31,16660,776644,9389,420516,6631,339642,640,16486,10893,210964,5734,290600,11530,501564,California
San Bernardino,2021-04-01,19909,796553,10515,431031,7963,347605,1431,17917,12764,218052,7098,297698,14186,515750,California
San Bernardino,2021-04-02,18967,815520,9560,440591,8114,355719,1293,19210,11459,223366,7479,305177,12793,528543,California
San Bernardino,2021-04-03,11215,826735,7009,447600,3061,358780,1145,20355,6099,225506,5097,310274,7237,535780,California
San Bernardino,2021-04-04,2519,829254,1515,449115,752,359532,252,20607,1270,225787,1241,311515,1522,537302,California
San Bernardino,2021-04-05,11882,841136,5328,454443,4780,364312,1774,22381,6044,227783,5816,317331,7812,545114,California
San Bernardino,2021-04-06,19880,861016,11193,465636,6563,370875,2124,24505,10487,231037,9346,326677,12600,557714,California
San Bernardino,2021-04-07,21233,882249,11400,477036,7332,378207,2501,27006,11539,235400,9664,336341,14027,571741,California
San Bernardino,2021-04-08,22154,904403,11369,488405,8144,386351,2641,29647,12136,240178,9989,346330,14767,586508,California
San Bernardino,2021-04-09,22002,926405,11197,499602,8181,394532,2624,32271,11940,244706,10023,356353,14551,601059,California
San Bernardino,2021-04-10,15821,942226,8192,507794,3887,398419,3742,36013,7847,248329,7950,364303,11573,612632,California
San Bernardino,2021-04-11,4481,946707,2605,510399,899,399318,977,36990,2049,248922,2426,366729,3019,615651,California
San Bernardino,2021-04-12,13564,960271,6258,516657,5637,404955,1669,38659,6425,249896,7116,373845,8090,623741,California
San Bernardino,2021-04-13,19542,979813,11145,527802,8378,413333,19,38678,11223,252851,8290,382135,11245,634986,California
San Bernardino,2021-04-14,19581,999394,10464,538266,9114,422447,3,38681,11044,255407,8502,390637,11058,646044,California
San Bernardino,2021-04-15,20653,1020047,11536,549802,9111,431558,6,38687,10992,256792,9621,400258,11006,657050,California
San Bernardino,2021-04-16,18951,1038998,10744,560546,8206,439764,1,38688,9315,256540,9591,409849,9339,666389,California
San Bernardino,2021-04-17,12112,1051110,7987,568533,4125,443889,0,38688,6350,257188,5723,415572,6371,672760,California
San Bernardino,2021-04-18,2971,1054081,2046,570579,925,444814,0,38688,1320,256872,1639,417211,1323,674083,California
San Bernardino,2021-04-19,12661,1066742,6758,577337,5903,450717,0,38688,4935,254121,7701,424912,4950,679033,California
San Bernardino,2021-04-20,17809,1084551,9904,587241,7902,458619,3,38691,8122,252621,9659,434571,8159,687192,California
San Bernardino,2021-04-21,18206,1102757,10379,597620,7824,466443,3,38694,7982,250456,10163,444734,7998,695190,California
San Bernardino,2021-04-22,19292,1122049,11011,608631,8277,474720,4,38698,7842,246908,11397,456131,7849,703039,California
San Bernardino,2021-04-23,18565,1140614,10617,619248,7947,482667,1,38699,8065,244528,10448,466579,8068,711107,California
San Bernardino,2021-04-24,12914,1153528,9518,628766,3394,486061,2,38701,6937,245507,5960,472539,6939,718046,California
San Bernardino,2021-04-25,3430,1156958,2245,631011,1185,487246,0,38701,1686,245466,1729,474268,1688,719734,California
San Bernardino,2021-04-26,11175,1168133,6012,637023,5073,492319,90,38791,4776,243974,6359,480627,4867,724601,California
San Bernardino,2021-04-27,16567,1184700,9973,646996,6383,498702,211,39002,6798,241258,9725,490352,7009,731610,California
San Bernardino,2021-04-28,14772,1199472,8761,655757,5734,504436,277,39279,5294,237369,9452,499804,5563,737173,California
San Bernardino,2021-04-29,16273,1215745,9350,665107,6654,511090,269,39548,5385,232167,10852,510656,5650,742823,California
San Bernardino,2021-04-30,16609,1232354,10478,675585,5850,516940,281,39829,6110,228096,10460,521116,6389,749212,California
San Bernardino,2021-05-01,10811,1243165,8453,684038,2042,518982,316,40145,3733,225070,7071,528187,4045,753257,California
San Bernardino,2021-05-02,2944,1246109,2126,686164,687,519669,131,40276,1047,224359,1888,530075,1177,754434,California
San Bernardino,2021-05-03,10086,1256195,5782,691946,3898,523567,406,40682,2917,220527,7155,537230,3323,757757,California
San Bernardino,2021-05-04,15750,1271945,9581,701527,5714,529281,455,41137,4588,214448,11119,548349,5040,762797,California
San Bernardino,2021-05-05,15387,1287332,8861,710388,6115,535396,411,41548,4335,208185,11004,559353,4741,767538,California
San Bernardino,2021-05-06,15833,1303165,9026,719414,6394,541790,413,41961,4297,201398,11496,570849,4709,772247,California
San Bernardino,2021-05-07,15518,1318683,8716,728130,6427,548217,375,42336,4643,195594,10818,581667,5014,777261,California
San Bernardino,2021-05-08,9305,1327988,6168,734298,2869,551086,268,42604,3165,192921,6106,587773,3433,780694,California
San Bernardino,2021-05-09,1837,1329825,1136,735434,612,551698,89,42693,736,192652,1094,588867,825,781519,California
San Bernardino,2021-05-10,7539,1337364,3442,738876,3781,555479,316,43009,2311,190091,5185,594052,2624,784143,California
San Bernardino,2021-05-11,12208,1349572,6727,745603,5129,560608,352,43361,3848,185972,8320,602372,4201,788344,California
San Bernardino,2021-05-12,12702,1362274,6897,752500,5489,566097,316,43677,3762,181155,8893,611265,4076,792420,California
San Bernardino,2021-05-13,13313,1375587,8032,760532,4935,571032,346,44023,5252,178731,8017,619282,5593,798013,California
San Bernardino,2021-05-14,13742,1389329,9143,769675,4266,575298,333,44356,5765,176904,7925,627207,6098,804111,California
San Bernardino,2021-05-15,11299,1400628,8380,778055,2731,578029,188,44544,4545,174911,6720,633927,4727,808838,California
San Bernardino,2021-05-16,2796,1403424,2063,780118,670,578699,63,44607,1313,174822,1464,635391,1375,810213,California
San Bernardino,2021-05-17,10082,1413506,6796,786914,2992,581691,294,44901,4548,174160,5501,640892,4839,815052,California
San Bernardino,2021-05-18,13486,1426992,8861,795775,4376,586067,249,45150,6072,173094,7383,648275,6317,821369,California
San Bernardino,2021-05-19,11560,1438552,7228,803003,3952,590019,380,45530,5360,172666,6164,654439,5736,827105,California
San Bernardino,2021-05-20,11600,1450152,6937,809940,4347,594366,316,45846,5219,171859,6342,660781,5535,832640,California
San Bernardino,2021-05-21,12651,1462803,8387,818327,3883,598249,381,46227,5510,170658,7088,667869,5887,838527,California
San Bernardino,2021-05-22,8917,1471720,6678,825005,2030,600279,209,46436,4277,170549,4591,672460,4482,843009,California
San Bernardino,2021-05-23,2308,1474028,1426,826431,789,601068,93,46529,1097,170536,1202,673662,1189,844198,California
San Bernardino,2021-05-24,6663,1480691,4166,830597,2194,603262,303,46832,2919,170067,3691,677353,3222,847420,California
San Bernardino,2021-05-25,9296,1489987,5698,836295,3341,606603,257,47089,4140,169339,5123,682476,4395,851815,California
San Bernardino,2021-05-26,8202,1498189,5205,841500,2748,609351,249,47338,3793,169005,4373,686849,4039,855854,California
San Bernardino,2021-05-27,7625,1505814,4625,846125,2763,612114,237,47575,3494,168643,4092,690941,3730,859584,California
San Bernardino,2021-05-28,8793,1514607,5468,851593,3046,615160,279,47854,4405,168979,4346,695287,4682,864266,California
San Bernardino,2021-05-29,5031,1519638,3349,854942,1566,616726,116,47970,2637,169355,2376,697663,2752,867018,California
San Bernardino,2021-05-30,1756,1521394,1237,856179,436,617162,83,48053,905,169497,845,698508,987,868005,California
San Bernardino,2021-05-31,894,1522288,567,856746,311,617473,16,48069,322,169268,568,699076,339,868344,California
San Bernardino,2021-06-01,8632,1530920,5552,862298,2836,620309,244,48313,3519,167971,5057,704133,3760,872104,California
San Bernardino,2021-06-02,6828,1537748,4288,866586,2300,622609,240,48553,2961,167334,3834,707967,3197,875301,California
San Bernardino,2021-06-03,7943,1545691,5354,871940,2400,625009,189,48742,2768,165141,5150,713117,2957,878258,California
San Bernardino,2021-06-04,9099,1554790,6153,878093,2653,627662,293,49035,3235,162850,5818,718935,3527,881785,California
San Bernardino,2021-06-05,6521,1561311,4976,883069,1420,629082,125,49160,2349,161171,4150,723085,2471,884256,California
San Bernardino,2021-06-06,2021,1563332,1684,884753,273,629355,64,49224,847,160916,1166,724251,911,885167,California
San Bernardino,2021-06-07,6229,1569561,4847,889600,1170,630525,212,49436,1989,158899,4216,728467,2199,887366,California
San Bernardino,2021-06-08,8422,1577983,6117,895717,2088,632613,217,49653,2753,156262,5603,734070,2966,890332,California
San Bernardino,2021-06-09,6990,1584973,4987,900704,1823,634436,180,49833,2300,154102,4641,738711,2481,892813,California
San Bernardino,2021-06-10,7091,1592064,5027,905731,1868,636304,196,50029,2238,151732,4804,743515,2434,895247,California
San Bernardino,2021-06-11,8064,1600128,5672,911403,2167,638471,225,50254,2915,149766,5104,748619,3138,898385,California
San Bernardino,2021-06-12,5906,1606034,4672,916075,1119,639590,115,50369,1733,147466,4150,752769,1850,900235,California
San Bernardino,2021-06-13,1479,1607513,1050,917125,359,639949,70,50439,425,146910,1050,753819,494,900729,California
San Bernardino,2021-06-14,4874,1612387,3526,920651,1151,641100,197,50636,1888,146037,2958,756777,2085,902814,California
San Bernardino,2021-06-15,7169,1619556,5077,925728,1848,642948,244,50880,2581,144318,4539,761316,2820,905634,California
San Bernardino,2021-06-16,6331,1625887,4512,930240,1607,644555,212,51092,2334,142909,3955,765271,2546,908180,California
San Bernardino,2021-06-17,5579,1631466,3904,934144,1520,646075,155,51247,2178,141877,3363,768634,2331,910511,California
San Bernardino,2021-06-18,6641,1638107,4495,938639,1909,647984,237,51484,2485,140474,4125,772759,2722,913233,California
San Bernardino,2021-06-19,3859,1641966,2885,941524,847,648831,127,51611,1621,140001,2221,774980,1748,914981,California
San Bernardino,2021-06-20,311,1642277,195,941719,96,648927,20,51631,137,139986,172,775152,157,915138,California
San Diego,2020-12-15,119,119,119,119,0,0,0,0,119,119,0,0,119,119,California
San Diego,2020-12-16,1073,1192,1073,1192,0,0,0,0,1073,1192,0,0,1073,1192,California
San Diego,2020-12-17,2321,3513,2321,3513,0,0,0,0,2321,3513,0,0,2321,3513,California
San Diego,2020-12-18,3601,7114,3600,7113,1,1,0,0,3601,7114,0,0,3601,7114,California
San Diego,2020-12-19,2266,9380,2266,9379,0,1,0,0,2266,9380,0,0,2266,9380,California
San Diego,2020-12-20,1147,10527,1146,10525,1,2,0,0,1147,10527,0,0,1147,10527,California
San Diego,2020-12-21,3455,13982,3453,13978,2,4,0,0,3455,13982,0,0,3455,13982,California
San Diego,2020-12-22,4019,18001,3385,17363,634,638,0,0,4019,18001,0,0,4019,18001,California
San Diego,2020-12-23,3149,21150,1954,19317,1195,1833,0,0,3149,21150,0,0,3149,21150,California
San Diego,2020-12-24,2701,23851,2187,21504,514,2347,0,0,2701,23851,0,0,2701,23851,California
San Diego,2020-12-25,857,24708,856,22360,1,2348,0,0,857,24708,0,0,857,24708,California
San Diego,2020-12-26,3195,27903,2127,24487,1068,3416,0,0,3195,27903,0,0,3195,27903,California
San Diego,2020-12-27,2478,30381,1594,26081,884,4300,0,0,2477,30379,1,1,2477,30380,California
San Diego,2020-12-28,5829,36210,4158,30239,1671,5971,0,0,5829,36208,0,1,5829,36209,California
San Diego,2020-12-29,5495,41705,2943,33182,2552,8523,0,0,5495,41703,0,1,5495,41704,California
San Diego,2020-12-30,5845,47550,3045,36227,2800,11323,0,0,5845,47548,0,1,5845,47549,California
San Diego,2020-12-31,2958,50508,1022,37249,1936,13259,0,0,2958,50506,0,1,2958,50507,California
San Diego,2021-01-01,991,51499,442,37691,549,13808,0,0,991,51497,0,1,991,51498,California
San Diego,2021-01-02,3665,55164,1287,38978,2378,16186,0,0,3665,55162,0,1,3665,55163,California
San Diego,2021-01-03,830,55994,621,39599,209,16395,0,0,829,55991,0,1,829,55992,California
San Diego,2021-01-04,3641,59635,2021,41620,1620,18015,0,0,3635,59626,0,1,3635,59627,California
San Diego,2021-01-05,4291,63926,2139,43759,2152,20167,0,0,3711,62772,577,578,3723,63350,California
San Diego,2021-01-06,4825,68751,2245,46004,2580,22747,0,0,3630,65232,1174,1752,3634,66984,California
San Diego,2021-01-07,5538,74289,2926,48930,2612,25359,0,0,3425,66557,2108,3860,3433,70417,California
San Diego,2021-01-08,7779,82068,4879,53809,2900,28259,0,0,4051,66913,3712,7572,4068,74485,California
San Diego,2021-01-09,3415,85483,1905,55714,1510,29769,0,0,1892,67304,1512,9084,1903,76388,California
San Diego,2021-01-10,1844,87327,1276,56990,568,30337,0,0,756,66994,1076,10160,766,77154,California
San Diego,2021-01-11,10188,97515,5790,62780,4398,34735,0,0,6705,70240,3476,13636,6722,83876,California
San Diego,2021-01-12,10993,108508,5252,68032,5741,40476,0,0,7651,74668,3333,16969,7761,91637,California
San Diego,2021-01-13,11279,119787,4983,73015,6296,46772,0,0,8764,80954,2504,19473,8790,100427,California
San Diego,2021-01-14,11951,131738,4513,77528,7438,54210,0,0,9829,88702,2115,21588,9863,110290,California
San Diego,2021-01-15,14781,146519,5228,82756,9553,63763,0,0,12186,98367,2577,24165,12242,122532,California
San Diego,2021-01-16,10525,157044,3546,86302,6979,70742,0,0,9095,106068,1426,25591,9127,131659,California
San Diego,2021-01-17,8469,165513,2429,88731,6040,76782,0,0,7645,112908,824,26415,7664,139323,California
San Diego,2021-01-18,12647,178160,6212,94943,6435,83217,0,0,9839,120033,2777,29192,9902,149225,California
San Diego,2021-01-19,14404,192564,5632,100575,8772,91989,0,0,11310,128523,3084,32276,11574,160799,California
San Diego,2021-01-20,18061,210625,6327,106902,11734,103723,0,0,14761,140189,3280,35556,14946,175745,California
San Diego,2021-01-21,17013,227638,5734,112636,11279,115002,0,0,15650,154629,1354,36910,15794,191539,California
San Diego,2021-01-22,17206,244844,4591,117227,12615,127617,0,0,15212,167946,1980,38890,15297,206836,California
San Diego,2021-01-23,14060,258904,5209,122436,8851,136468,0,0,11798,177555,2251,41141,11860,218696,California
San Diego,2021-01-24,11606,270510,3289,125725,8317,144785,0,0,10645,187284,959,42100,10688,229384,California
San Diego,2021-01-25,11979,282489,5675,131400,6304,151089,0,0,9008,193486,2963,45063,9165,238549,California
San Diego,2021-01-26,14955,297444,7820,139220,7135,158224,0,0,11571,201864,3382,48445,11760,250309,California
San Diego,2021-01-27,20161,317605,7835,147055,12326,170550,0,0,17173,216205,2979,51424,17320,267629,California
San Diego,2021-01-28,20891,338496,7593,154648,13298,183848,0,0,18648,232709,2232,53656,18736,286365,California
San Diego,2021-01-29,19310,357806,6404,161052,12906,196754,0,0,16884,247229,2416,56072,16936,303301,California
San Diego,2021-01-30,15525,373331,3613,164665,11912,208666,0,0,12891,257593,2625,58697,12989,316290,California
San Diego,2021-01-31,14540,387871,5753,170418,8787,217453,0,0,14195,271480,342,59039,14229,330519,California
San Diego,2021-02-01,20654,408525,7675,178093,12979,230432,0,0,17172,285259,3469,62508,17248,347767,California
San Diego,2021-02-02,22506,431031,8295,186388,14211,244643,0,0,19276,301476,3222,65730,19439,367206,California
San Diego,2021-02-03,27224,458255,11722,198110,15502,260145,0,0,23004,320463,4201,69931,23188,390394,California
San Diego,2021-02-04,23799,482054,9805,207915,13994,274139,0,0,19253,335464,4531,74462,19532,409926,California
San Diego,2021-02-05,24224,506278,8601,216516,15623,289762,0,0,17817,347351,6382,80844,18269,428195,California
San Diego,2021-02-06,20390,526668,8447,224963,11943,301705,0,0,17187,361559,3200,84044,17408,445603,California
San Diego,2021-02-07,11904,538572,5316,230279,6588,308293,0,0,10056,370029,1837,85881,10307,455910,California
San Diego,2021-02-08,19792,558364,8426,238705,11366,319659,0,0,12439,375800,7342,93223,13113,469023,California
San Diego,2021-02-09,20157,578521,8251,246956,11906,331565,0,0,12984,382683,7152,100375,14035,483058,California
San Diego,2021-02-10,22608,601129,9273,256229,13335,344900,0,0,13634,388747,8921,109296,14985,498043,California
San Diego,2021-02-11,23477,624606,10095,266324,13382,358282,0,0,12575,392107,10875,120171,14235,512278,California
San Diego,2021-02-12,23244,647850,7269,273593,15975,374257,0,0,11539,394201,11687,131858,13781,526059,California
San Diego,2021-02-13,19704,667554,8929,282522,10775,385032,0,0,10728,397125,8970,140828,11894,537953,California
San Diego,2021-02-14,10967,678521,7277,289799,3690,388722,0,0,6124,399900,4839,145667,7614,545567,California
San Diego,2021-02-15,14942,693463,7541,297340,7401,396123,0,0,7580,403175,7340,153007,10615,556182,California
San Diego,2021-02-16,18962,712425,11068,308408,7894,404017,0,0,9028,405215,9923,162930,11963,568145,California
San Diego,2021-02-17,22929,735354,10708,319116,12221,416238,0,0,7845,400979,15071,178001,10835,578980,California
San Diego,2021-02-18,23234,758588,11874,330990,11360,427598,0,0,7620,397016,15603,193604,11640,590620,California
San Diego,2021-02-19,15565,774153,10799,341789,4766,432364,0,0,6369,396139,9178,202782,8301,598921,California
San Diego,2021-02-20,9983,784136,6223,348012,3760,436124,0,0,5618,399257,4363,207145,7481,606402,California
San Diego,2021-02-21,11419,795555,10017,358029,1402,437526,0,0,5030,399391,6383,213528,6517,612919,California
San Diego,2021-02-22,12199,807754,10398,368427,1801,439327,0,0,5586,399983,6608,220136,7200,620119,California
San Diego,2021-02-23,25193,832947,14087,382514,11106,450433,0,0,9221,399059,15963,236099,15039,635158,California
San Diego,2021-02-24,28439,861386,12578,395092,15861,466294,0,0,6621,391202,21798,257897,13941,649099,California
San Diego,2021-02-25,32486,893872,14401,409493,18085,484379,0,0,9779,386583,22685,280582,18066,667165,California
San Diego,2021-02-26,32664,926536,12124,421617,20540,504919,0,0,11662,384275,20971,301553,18663,685828,California
San Diego,2021-02-27,20690,947226,9353,430970,11337,516256,0,0,11084,389928,9600,311153,15253,701081,California
San Diego,2021-02-28,14912,962138,9746,440716,5166,521422,0,0,9250,396236,5661,316814,11969,713050,California
San Diego,2021-03-01,23874,986012,14071,454787,9802,531224,1,1,14488,405215,9306,326120,18285,731335,California
San Diego,2021-03-02,25779,1011791,13879,468666,11900,543124,0,1,12543,411138,13224,339344,19147,750482,California
San Diego,2021-03-03,33490,1045281,15762,484428,17725,560849,3,4,13812,412126,19655,358999,20643,771125,California
San Diego,2021-03-04,27826,1073107,13880,498308,13946,574795,0,4,12380,415719,15425,374424,19018,790143,California
San Diego,2021-03-05,28441,1101548,14650,512958,13711,588506,80,84,13281,420523,15132,389556,19936,810079,California
San Diego,2021-03-06,23031,1124579,9401,522359,12933,601439,697,781,10164,423126,12854,402410,15457,825536,California
San Diego,2021-03-07,17915,1142494,9122,531481,8226,609665,567,1348,6806,422963,11097,413507,10934,836470,California
San Diego,2021-03-08,22691,1165185,11035,542516,10750,620415,906,2254,11257,428476,11413,424920,16926,853396,California
San Diego,2021-03-09,25402,1190587,11694,554210,11957,632372,1751,4005,9945,428589,15441,440361,15554,868950,California
San Diego,2021-03-10,25059,1215646,10499,564709,12176,644548,2384,6389,9907,429727,15136,455497,16274,885224,California
San Diego,2021-03-11,28052,1243698,10771,575480,13763,658311,3518,9907,9781,428669,18246,473743,17188,902412,California
San Diego,2021-03-12,26860,1270558,9404,584884,14363,672674,3093,13000,9827,428172,17021,490764,16524,918936,California
San Diego,2021-03-13,25864,1296422,7190,592074,16917,689591,1757,14757,10008,428172,15850,506614,15850,934786,California
San Diego,2021-03-14,13670,1310092,5402,597476,7536,697127,732,15489,4756,427020,8905,515519,7753,942539,California
San Diego,2021-03-15,21735,1331827,10016,607492,10936,708063,783,16272,8943,427006,12777,528296,12763,955302,California
San Diego,2021-03-16,29506,1361333,15459,622951,13637,721700,410,16682,15576,432045,13908,542204,18947,974249,California
San Diego,2021-03-17,26070,1387403,12130,635081,13224,734924,716,17398,16661,442053,9392,551596,19400,993649,California
San Diego,2021-03-18,31067,1418470,17469,652550,12683,747607,915,18313,16913,447253,14119,565715,19319,1012968,California
San Diego,2021-03-19,30060,1448530,14243,666793,14770,762377,1047,19360,19267,457975,10773,576488,21495,1034463,California
San Diego,2021-03-20,27557,1476087,8379,675172,17404,779781,1774,21134,21261,475805,6285,582773,24115,1058578,California
San Diego,2021-03-21,16242,1492329,11846,687018,3701,783482,695,21829,7628,476837,8600,591373,9632,1068210,California
San Diego,2021-03-22,22357,1514686,13028,700046,9045,792527,284,22113,14243,486007,8101,599474,17271,1085481,California
San Diego,2021-03-23,25665,1540351,13446,713492,11934,804461,285,22398,17000,496659,8651,608125,19303,1104784,California
San Diego,2021-03-24,29246,1569597,19548,733040,9311,813772,387,22785,16963,503757,12270,620395,19368,1124152,California
San Diego,2021-03-25,30080,1599677,18107,751147,11292,825064,681,23466,17860,512193,12199,632594,20635,1144787,California
San Diego,2021-03-26,31807,1631484,17780,768927,13513,838577,514,23980,17366,518454,14415,647009,20676,1165463,California
San Diego,2021-03-27,25341,1656825,11035,779962,13928,852505,378,24358,15605,526960,9719,656728,18225,1183688,California
San Diego,2021-03-28,14974,1671799,9170,789132,5746,858251,58,24416,9225,531963,5742,662470,10745,1194433,California
San Diego,2021-03-29,26536,1698335,12811,801943,13095,871346,630,25046,16339,541173,10186,672656,19396,1213829,California
San Diego,2021-03-30,33019,1731354,17782,819725,14446,885792,791,25837,21868,554507,11138,683794,24472,1238301,California
San Diego,2021-03-31,30240,1761594,18655,838380,10878,896670,707,26544,20510,567114,9712,693506,22319,1260620,California
San Diego,2021-04-01,34077,1795671,19892,858272,12712,909382,1473,28017,23096,582037,10957,704463,25880,1286500,California
San Diego,2021-04-02,35551,1831222,20567,878839,12216,921598,2768,30785,23975,598648,11557,716020,28168,1314668,California
San Diego,2021-04-03,30707,1861929,14397,893236,11699,933297,4611,35396,19574,612907,11118,727138,25377,1340045,California
San Diego,2021-04-04,8977,1870906,5155,898391,2904,936201,918,36314,4772,614574,4199,731337,5866,1345911,California
San Diego,2021-04-05,29546,1900452,15309,913700,11582,947783,2655,38969,19199,628562,10330,741667,24318,1370229,California
San Diego,2021-04-06,38488,1938940,20252,933952,12341,960124,5895,44864,22131,642351,16338,758005,30127,1400356,California
San Diego,2021-04-07,35569,1974509,21825,955777,9202,969326,4542,49406,20128,652806,15417,773422,25872,1426228,California
San Diego,2021-04-08,34934,2009443,21205,976982,9603,978929,4126,53532,21100,666773,13813,787235,27780,1454008,California
San Diego,2021-04-09,38088,2047531,22722,999704,10215,989144,5151,58683,20565,678321,17457,804692,29005,1483013,California
San Diego,2021-04-10,28919,2076450,11686,1011390,13247,1002391,3986,62669,14918,686244,13990,818682,21913,1504926,California
San Diego,2021-04-11,16124,2092574,9975,1021365,3855,1006246,2294,64963,7131,689676,8989,827671,12421,1517347,California
San Diego,2021-04-12,30591,2123165,12826,1034191,13491,1019737,4274,69237,16976,700982,13600,841271,24906,1542253,California
San Diego,2021-04-13,36872,2160037,17675,1051866,19162,1038899,35,69272,24454,715898,12395,853666,27311,1569564,California
San Diego,2021-04-14,32803,2192840,18788,1070654,14002,1052901,13,69285,17653,722750,15136,868802,21988,1591552,California
San Diego,2021-04-15,39218,2232058,20310,1090964,18903,1071804,5,69290,23755,733917,15441,884243,26608,1618160,California
San Diego,2021-04-16,33492,2265550,18438,1109402,15051,1086855,3,69293,19321,741505,14110,898353,21698,1639858,California
San Diego,2021-04-17,27807,2293357,13513,1122915,14294,1101149,0,69293,12267,741382,15446,913799,15323,1655181,California
San Diego,2021-04-18,14342,2307699,8808,1131723,5531,1106680,3,69296,6642,743287,7687,921486,9592,1664773,California
San Diego,2021-04-19,26488,2334187,13546,1145269,12941,1119621,1,69297,12411,743357,14057,935543,14127,1678900,California
San Diego,2021-04-20,38911,2373098,17743,1163012,21166,1140787,2,69299,19809,747037,19080,954623,22760,1701660,California
San Diego,2021-04-21,34857,2407955,20792,1183804,14065,1154852,0,69299,16837,748889,17984,972607,19836,1721496,California
San Diego,2021-04-22,44375,2452330,22779,1206583,21592,1176444,4,69303,22216,752013,22117,994724,25241,1746737,California
San Diego,2021-04-23,42036,2494366,25882,1232465,16152,1192596,2,69305,15665,744487,26340,1021064,18814,1765551,California
San Diego,2021-04-24,34751,2529117,18773,1251238,15963,1208559,15,69320,15496,743947,19217,1040281,18677,1784228,California
San Diego,2021-04-25,12618,2541735,7661,1258899,4957,1213516,0,69320,5878,744454,6729,1047010,7236,1791464,California
San Diego,2021-04-26,33102,2574837,16555,1275454,16408,1229924,139,69459,11576,739035,21506,1068516,16087,1807551,California
San Diego,2021-04-27,44500,2619337,24401,1299855,19545,1249469,554,70013,19577,737332,24882,1093398,23179,1830730,California
San Diego,2021-04-28,38072,2657409,22438,1322293,14960,1264429,674,70687,17187,736573,20847,1114245,20088,1850818,California
San Diego,2021-04-29,37899,2695308,24108,1346401,13134,1277563,657,71344,15303,731665,22560,1136805,17652,1868470,California
San Diego,2021-04-30,37876,2733184,22913,1369314,13882,1291445,1081,72425,14785,726300,23053,1159858,17688,1886158,California
San Diego,2021-05-01,24161,2757345,10648,1379962,12875,1304320,638,73063,9482,723892,14670,1174528,12262,1898420,California
San Diego,2021-05-02,10596,2767941,7423,1387385,2592,1306912,581,73644,3228,720666,7364,1181892,4138,1902558,California
San Diego,2021-05-03,25136,2793077,12364,1399749,11623,1318535,1149,74793,9235,715972,15879,1197771,11185,1913743,California
San Diego,2021-05-04,31671,2824748,17466,1417215,12927,1331462,1278,76071,11424,709540,20219,1217990,13787,1927530,California
San Diego,2021-05-05,27481,2852229,16847,1434062,9355,1340817,1279,77350,10476,705246,16983,1234973,12689,1940219,California
San Diego,2021-05-06,28210,2880439,18672,1452734,8626,1349443,912,78262,10719,701848,17463,1252436,14065,1954284,California
San Diego,2021-05-07,29540,2909979,19310,1472044,9191,1358634,1039,79301,10960,696506,18545,1270981,13203,1967487,California
San Diego,2021-05-08,22690,2932669,10707,1482751,11240,1369874,743,80044,7200,690408,15465,1286446,9367,1976854,California
San Diego,2021-05-09,7443,2940112,5585,1488336,1452,1371326,406,80450,2621,689037,4816,1291262,3445,1980299,California
San Diego,2021-05-10,21469,2961581,8393,1496729,12259,1383585,817,81267,5857,681396,15584,1306846,7943,1988242,California
San Diego,2021-05-11,27998,2989579,11480,1508209,15703,1399288,815,82082,9808,675494,18165,1325011,12263,2000505,California
San Diego,2021-05-12,22913,3012492,12466,1520675,9580,1408868,867,82949,8553,671700,14334,1339345,10540,2011045,California
San Diego,2021-05-13,31265,3043757,18939,1539614,11707,1420575,619,83568,13122,669928,18087,1357432,16315,2027360,California
San Diego,2021-05-14,30594,3074351,19596,1559210,10166,1430741,832,84400,13967,670206,16588,1374020,16866,2044226,California
San Diego,2021-05-15,26080,3100431,16407,1575617,8852,1439593,821,85221,10840,667607,15188,1389208,12589,2056815,California
San Diego,2021-05-16,13255,3113686,9967,1585584,2726,1442319,562,85783,6617,668537,6626,1395834,7556,2064371,California
San Diego,2021-05-17,21296,3134982,12925,1598509,7629,1449948,742,86525,8887,666651,12373,1408207,10487,2074858,California
San Diego,2021-05-18,34017,3168999,19225,1617734,13930,1463878,862,87387,13247,661450,20735,1428942,15534,2090392,California
San Diego,2021-05-19,28303,3197302,17781,1635515,9741,1473619,781,88168,12073,659215,16199,1445141,13964,2104356,California
San Diego,2021-05-20,34562,3231864,19107,1654622,14639,1488258,816,88984,11700,650422,22830,1467971,14037,2118393,California
San Diego,2021-05-21,26805,3258669,17126,1671748,8695,1496953,984,89968,10928,647704,15845,1483816,13127,2131520,California
San Diego,2021-05-22,21092,3279761,12134,1683882,7815,1504768,1143,91111,8728,646327,12342,1496158,10965,2142485,California
San Diego,2021-05-23,7186,3286947,5085,1688967,1793,1506561,308,91419,3429,646710,3733,1499891,4116,2146601,California
San Diego,2021-05-24,17557,3304504,8914,1697881,6748,1513309,1895,93314,6265,644438,11272,1511163,9000,2155601,California
San Diego,2021-05-25,24127,3328631,13097,1710978,9191,1522500,1839,95153,8477,640277,15621,1526784,11460,2167061,California
San Diego,2021-05-26,19070,3347701,10570,1721548,6492,1528992,2008,97161,6619,637338,12420,1539204,9481,2176542,California
San Diego,2021-05-27,20474,3368175,11936,1733484,6149,1535141,2389,99550,6920,634192,13535,1552739,10389,2186931,California
San Diego,2021-05-28,21170,3389345,13177,1746661,7293,1542434,700,100250,8421,631698,12730,1565469,10236,2197167,California
San Diego,2021-05-29,11953,3401298,7567,1754228,3896,1546330,490,100740,5189,631127,6751,1572220,6180,2203347,California
San Diego,2021-05-30,4663,3405961,3183,1757411,1102,1547432,378,101118,2030,631138,2628,1574848,2639,2205986,California
San Diego,2021-05-31,2587,3408548,1748,1759159,668,1548100,171,101289,861,630574,1721,1576569,1157,2207143,California
San Diego,2021-06-01,21213,3429761,11322,1770481,8262,1556362,1629,102918,5976,623886,15211,1591780,8523,2215666,California
San Diego,2021-06-02,16962,3446723,8740,1779221,6153,1562515,2069,104987,5504,620739,11432,1603212,8285,2223951,California
San Diego,2021-06-03,19146,3465869,11982,1791203,5369,1567884,1795,106782,5227,614896,13897,1617109,8054,2232005,California
San Diego,2021-06-04,19749,3485618,13819,1805022,5327,1573211,603,107385,5861,609375,13858,1630967,8337,2240342,California
San Diego,2021-06-05,15728,3501346,11962,1816984,2983,1576194,783,108168,4488,604372,11223,1642190,6220,2246562,California
San Diego,2021-06-06,5531,3506877,4511,1821495,709,1576903,311,108479,1725,603414,3797,1645987,2839,2249401,California
San Diego,2021-06-07,12735,3519612,8010,1829505,3380,1580283,1345,109824,3567,599897,9151,1655138,5634,2255035,California
San Diego,2021-06-08,20410,3540022,14432,1843937,4092,1584375,1886,111710,5074,592573,15323,1670461,7999,2263034,California
San Diego,2021-06-09,16995,3557017,11321,1855258,3728,1588103,1946,113656,4378,587243,12602,1683063,7272,2270306,California
San Diego,2021-06-10,17820,3574837,11842,1867100,3908,1592011,2070,115726,4388,581368,13407,1696470,7532,2277838,California
San Diego,2021-06-11,15744,3590581,10045,1877145,4351,1596362,1348,117074,4322,576550,11393,1707863,6575,2284413,California
San Diego,2021-06-12,10940,3601521,8394,1885539,2130,1598492,416,117490,3210,573086,7712,1715575,4248,2288661,California
San Diego,2021-06-13,4145,3605666,3099,1888638,841,1599333,205,117695,1043,571631,3096,1718671,1641,2290302,California
San Diego,2021-06-14,12591,3618257,7565,1896203,2843,1602176,2183,119878,3654,569191,8923,1727594,6483,2296785,California
San Diego,2021-06-15,17784,3636041,10235,1906438,4205,1606381,3344,123222,4735,565142,13038,1740632,8989,2305774,California
San Diego,2021-06-16,13713,3649754,8839,1915277,2762,1609143,2112,125334,4495,563312,9205,1749837,7375,2313149,California
San Diego,2021-06-17,14125,3663879,8423,1923700,3323,1612466,2379,127713,4120,560456,9992,1759829,7136,2320285,California
San Diego,2021-06-18,13723,3677602,8569,1932269,3447,1615913,1707,129420,4299,557830,9415,1769244,6789,2327074,California
San Diego,2021-06-19,7326,3684928,5422,1937691,1472,1617385,432,129852,2689,556841,4621,1773865,3632,2330706,California
San Diego,2021-06-20,1232,3686160,822,1938513,251,1617636,159,130011,483,556834,748,1774613,741,2331447,California
San Francisco,2020-12-15,8,8,8,8,0,0,0,0,8,8,0,0,8,8,California
San Francisco,2020-12-16,232,240,232,240,0,0,0,0,232,240,0,0,232,240,California
San Francisco,2020-12-17,417,657,417,657,0,0,0,0,417,657,0,0,417,657,California
San Francisco,2020-12-18,911,1568,910,1567,1,1,0,0,911,1568,0,0,911,1568,California
San Francisco,2020-12-19,609,2177,609,2176,0,1,0,0,609,2177,0,0,609,2177,California
San Francisco,2020-12-20,482,2659,482,2658,0,1,0,0,482,2659,0,0,482,2659,California
San Francisco,2020-12-21,1163,3822,1163,3821,0,1,0,0,1163,3822,0,0,1163,3822,California
San Francisco,2020-12-22,1413,5235,1378,5199,35,36,0,0,1413,5235,0,0,1413,5235,California
San Francisco,2020-12-23,1363,6598,1062,6261,301,337,0,0,1363,6598,0,0,1363,6598,California
San Francisco,2020-12-24,847,7445,505,6766,342,679,0,0,847,7445,0,0,847,7445,California
San Francisco,2020-12-25,36,7481,29,6795,7,686,0,0,36,7481,0,0,36,7481,California
San Francisco,2020-12-26,252,7733,155,6950,97,783,0,0,252,7733,0,0,252,7733,California
San Francisco,2020-12-27,273,8006,59,7009,214,997,0,0,273,8006,0,0,273,8006,California
San Francisco,2020-12-28,1284,9290,693,7702,591,1588,0,0,1284,9290,0,0,1284,9290,California
San Francisco,2020-12-29,1262,10552,630,8332,632,2220,0,0,1262,10552,0,0,1262,10552,California
San Francisco,2020-12-30,1494,12046,782,9114,712,2932,0,0,1494,12046,0,0,1494,12046,California
San Francisco,2020-12-31,984,13030,416,9530,568,3500,0,0,983,13029,0,0,983,13029,California
San Francisco,2021-01-01,104,13134,77,9607,27,3527,0,0,104,13133,0,0,104,13133,California
San Francisco,2021-01-02,342,13476,306,9913,36,3563,0,0,342,13475,0,0,342,13475,California
San Francisco,2021-01-03,300,13776,106,10019,194,3757,0,0,299,13773,1,1,299,13774,California
San Francisco,2021-01-04,1846,15622,1359,11378,487,4244,0,0,1843,15613,3,4,1843,15617,California
San Francisco,2021-01-05,2239,17861,1422,12800,817,5061,0,0,2200,17776,39,43,2202,17819,California
San Francisco,2021-01-06,1881,19742,1171,13971,710,5771,0,0,1609,19116,270,313,1610,19429,California
San Francisco,2021-01-07,2079,21821,1211,15182,868,6639,0,0,1604,20248,472,785,1604,21033,California
San Francisco,2021-01-08,2346,24167,1647,16829,699,7338,0,0,1480,20867,861,1646,1480,22513,California
San Francisco,2021-01-09,1403,25570,904,17733,499,7837,0,0,892,21250,511,2157,894,23407,California
San Francisco,2021-01-10,923,26493,542,18275,381,8218,0,0,464,21256,458,2615,464,23871,California
San Francisco,2021-01-11,2521,29014,1877,20152,644,8862,0,0,1414,21562,1108,3723,1414,25285,California
San Francisco,2021-01-12,3113,32127,2071,22223,1042,9904,0,0,1905,22261,1208,4931,1907,27192,California
San Francisco,2021-01-13,2856,34983,1622,23845,1234,11138,0,0,2010,23425,846,5777,2010,29202,California
San Francisco,2021-01-14,2461,37444,1113,24958,1348,12486,0,0,1893,24750,568,6345,1893,31095,California
San Francisco,2021-01-15,2773,40217,1164,26122,1609,14095,0,0,2371,26725,400,6745,2375,33470,California
San Francisco,2021-01-16,2277,42494,974,27096,1303,15398,0,0,2107,28664,170,6915,2109,35579,California
San Francisco,2021-01-17,1950,44444,538,27634,1412,16810,0,0,1731,30176,219,7134,1731,37310,California
San Francisco,2021-01-18,1396,45840,609,28243,787,17597,0,0,1127,31038,268,7402,1130,38440,California
San Francisco,2021-01-19,2602,48442,1481,29724,1121,18718,0,0,1847,32130,755,8157,1847,40287,California
San Francisco,2021-01-20,2792,51234,1140,30864,1652,20370,0,0,2027,33395,763,8920,2028,42315,California
San Francisco,2021-01-21,3356,54590,949,31813,2407,22777,0,0,2516,35072,839,9759,2516,44831,California
San Francisco,2021-01-22,3232,57822,652,32465,2580,25357,0,0,2782,37406,448,10207,2782,47613,California
San Francisco,2021-01-23,3111,60933,613,33078,2498,27855,0,0,2737,39771,373,10580,2738,50351,California
San Francisco,2021-01-24,2443,63376,366,33444,2077,29932,0,0,2208,41747,232,10812,2208,52559,California
San Francisco,2021-01-25,4662,68038,1841,35285,2821,32753,0,0,3064,43217,1595,12407,3065,55624,California
San Francisco,2021-01-26,4764,72802,2189,37474,2575,35328,0,0,3109,44676,1652,14059,3111,58735,California
San Francisco,2021-01-27,4402,77204,1993,39467,2409,37737,0,0,3089,46454,1311,15370,3089,61824,California
San Francisco,2021-01-28,3810,81014,1574,41041,2236,39973,0,0,2636,47923,1168,16538,2637,64461,California
San Francisco,2021-01-29,4776,85790,1696,42737,3080,43053,0,0,3478,50111,1292,17830,3480,67941,California
San Francisco,2021-01-30,3832,89622,1860,44597,1972,45025,0,0,3368,53020,463,18293,3372,71313,California
San Francisco,2021-01-31,2370,91992,828,45425,1542,46567,0,0,2217,55086,152,18445,2218,73531,California
San Francisco,2021-02-01,3994,95986,1709,47134,2285,48852,0,0,2916,56926,1078,19523,2918,76449,California
San Francisco,2021-02-02,4541,100527,1812,48946,2729,51581,0,0,2942,58275,1594,21117,2943,79392,California
San Francisco,2021-02-03,5087,105614,2390,51336,2697,54278,0,0,3769,60730,1316,22433,3771,83163,California
San Francisco,2021-02-04,5045,110659,2433,53769,2612,56890,0,0,3872,63431,1171,23604,3872,87035,California
San Francisco,2021-02-05,6031,116690,3264,57033,2767,59657,0,0,4672,66747,1357,24961,4673,91708,California
San Francisco,2021-02-06,5564,122254,3748,60781,1816,61473,0,0,4661,70511,899,25860,4663,96371,California
San Francisco,2021-02-07,4430,126684,3281,64062,1149,62622,0,0,3850,73787,577,26437,3853,100224,California
San Francisco,2021-02-08,6880,133564,4758,68820,2122,64744,0,0,5641,78208,1223,27660,5644,105868,California
San Francisco,2021-02-09,6033,139597,4079,72899,1954,66698,0,0,4464,81104,1569,29229,4465,110333,California
San Francisco,2021-02-10,6961,146558,4253,77152,2708,69406,0,0,5144,84443,1809,31038,5148,115481,California
San Francisco,2021-02-11,6805,153363,4055,81207,2750,72156,0,0,4968,87582,1832,32870,4971,120452,California
San Francisco,2021-02-12,5380,158743,2718,83925,2662,74818,0,0,3529,89259,1852,34722,3529,123981,California
San Francisco,2021-02-13,4431,163174,2603,86528,1828,76646,0,0,3082,90995,1349,36071,3085,127066,California
San Francisco,2021-02-14,3463,166637,2281,88809,1182,77828,0,0,2329,92193,1133,37204,2331,129397,California
San Francisco,2021-02-15,2784,169421,1509,90318,1275,79103,0,0,1675,92761,1107,38311,1675,131072,California
San Francisco,2021-02-16,5127,174548,2825,93143,2302,81405,0,0,2996,93640,2124,40435,3003,134075,California
San Francisco,2021-02-17,5350,179898,2613,95756,2737,84142,0,0,2966,94234,2374,42809,2968,137043,California
San Francisco,2021-02-18,5399,185297,2630,98386,2769,86911,0,0,2805,94455,2590,45399,2811,139854,California
San Francisco,2021-02-19,5695,190992,2672,101058,3023,89934,0,0,2955,94676,2735,48134,2956,142810,California
San Francisco,2021-02-20,4564,195556,2197,103255,2367,92301,0,0,1713,93548,2842,50976,1714,144524,California
San Francisco,2021-02-21,2908,198464,1535,104790,1373,93674,0,0,1291,93232,1608,52584,1292,145816,California
San Francisco,2021-02-22,5207,203671,3242,108032,1965,95639,0,0,2617,93272,2580,55164,2620,148436,California
San Francisco,2021-02-23,5633,209304,3214,111246,2419,98058,0,0,2880,93406,2746,57910,2880,151316,California
San Francisco,2021-02-24,9163,218467,5183,116429,3980,102038,0,0,4890,94038,4261,62171,4893,156209,California
San Francisco,2021-02-25,10081,228548,7043,123472,3038,105076,0,0,6473,96908,3605,65776,6475,162684,California
San Francisco,2021-02-26,12447,240995,8097,131569,4350,109426,0,0,7338,99141,5106,70882,7339,170023,California
San Francisco,2021-02-27,9484,250479,6120,137689,3362,112788,2,2,4708,99089,4762,75644,4710,174733,California
San Francisco,2021-02-28,7999,258478,5736,143425,2263,115051,0,2,3887,98869,4108,79752,3888,178621,California
San Francisco,2021-03-01,11517,269995,7794,151219,3718,118769,5,7,5581,98548,5909,85661,5588,184209,California
San Francisco,2021-03-02,10093,280088,6814,158033,3279,122048,0,7,5680,99827,4402,90063,5681,189890,California
San Francisco,2021-03-03,11460,291548,6716,164749,4743,126791,1,8,6262,100912,5181,95244,6266,196156,California
San Francisco,2021-03-04,8890,300438,5598,170347,3292,130083,0,8,4995,102026,3883,99127,4997,201153,California
San Francisco,2021-03-05,9301,309739,5705,176052,3592,133675,4,12,5810,104366,3475,102602,5815,206968,California
San Francisco,2021-03-06,7203,316942,4720,180772,2274,135949,209,221,4489,106336,2725,105327,4695,211663,California
San Francisco,2021-03-07,5455,322397,4262,185034,1133,137082,60,281,3131,107191,2336,107663,3191,214854,California
San Francisco,2021-03-08,7569,329966,5498,190532,1882,138964,189,470,5984,111747,1616,109279,6172,221026,California
San Francisco,2021-03-09,8365,338331,5540,196072,2450,141414,375,845,6102,115954,2265,111544,6472,227498,California
San Francisco,2021-03-10,11290,349621,6631,202703,4157,145571,502,1347,7078,119344,4190,115734,7580,235078,California
San Francisco,2021-03-11,10149,359770,6391,209094,2787,148358,971,2318,6662,123499,3469,119203,7624,242702,California
San Francisco,2021-03-12,10918,370688,6380,215474,3192,151550,1346,3664,6088,126119,4808,124011,7428,250130,California
San Francisco,2021-03-13,6758,377446,3951,219425,1725,153275,1082,4746,4193,128837,2555,126566,5273,255403,California
San Francisco,2021-03-14,7598,385044,4943,224368,2410,155685,245,4991,3985,129471,3595,130161,4229,259632,California
San Francisco,2021-03-15,12161,397205,9308,233676,1907,157592,946,5937,8429,135118,3715,133876,9362,268994,California
San Francisco,2021-03-16,12282,409487,8373,242049,3449,161041,460,6397,8839,141000,3420,137296,9302,278296,California
San Francisco,2021-03-17,13620,423107,8458,250507,4528,165569,634,7031,9761,147560,3829,141125,10389,288685,California
San Francisco,2021-03-18,10136,433243,6894,257401,2619,168188,623,7654,5732,149527,4380,145505,6347,295032,California
San Francisco,2021-03-19,12459,445702,9103,266504,2885,171073,471,8125,6466,150490,5966,151471,6929,301961,California
San Francisco,2021-03-20,8952,454654,6586,273090,1897,172970,469,8594,5191,152425,3729,155200,5664,307625,California
San Francisco,2021-03-21,6651,461305,6096,279186,419,173389,136,8730,3743,153412,2890,158090,3877,311502,California
San Francisco,2021-03-22,9919,471224,6889,286075,2182,175571,848,9578,5086,154530,4808,162898,5926,317428,California
San Francisco,2021-03-23,11322,482546,7511,293586,3157,178728,654,10232,6282,156449,5010,167908,6929,324357,California
San Francisco,2021-03-24,12435,494981,9530,303116,2366,181094,539,10771,6189,156965,6203,174111,6719,331076,California
San Francisco,2021-03-25,12028,507009,8789,311905,2673,183767,566,11337,5840,157251,6116,180227,6402,337478,California
San Francisco,2021-03-26,12071,519080,8375,320280,3463,187230,233,11570,5847,157138,6189,186416,6076,343554,California
San Francisco,2021-03-27,8830,527910,5925,326205,2554,189784,351,11921,3765,156210,5043,191459,4115,347669,California
San Francisco,2021-03-28,6687,534597,5336,331541,1309,191093,42,11963,2977,155542,3684,195143,3016,350685,California
San Francisco,2021-03-29,11665,546262,8043,339584,3437,194530,185,12148,4823,153737,6811,201954,5006,355691,California
San Francisco,2021-03-30,11696,557958,7331,346915,4074,198604,291,12439,5519,153395,6152,208106,5810,361501,California
San Francisco,2021-03-31,12329,570287,8213,355128,3816,202420,300,12739,4906,151206,7389,215495,5200,366701,California
San Francisco,2021-04-01,14036,584323,7453,362581,4880,207300,1703,14442,6027,150946,7969,223464,7709,374410,California
San Francisco,2021-04-02,14917,599240,6592,369173,6433,213733,1892,16334,6956,151844,7936,231400,8834,383244,California
San Francisco,2021-04-03,10630,609870,4934,374107,3863,217596,1833,18167,4859,152777,5751,237151,6684,389928,California
San Francisco,2021-04-04,9080,618950,4817,378924,2597,220193,1666,19833,3586,152548,5477,242628,5248,395176,California
San Francisco,2021-04-05,16118,635068,9876,388800,4347,224540,1895,21728,6267,150882,9819,252447,8153,403329,California
San Francisco,2021-04-06,16158,651226,9569,398369,4519,229059,2070,23798,6279,149371,9851,262298,8340,411669,California
San Francisco,2021-04-07,16939,668165,10078,408447,4615,233674,2246,26044,7016,148717,9897,272195,9243,420912,California
San Francisco,2021-04-08,14267,682432,6778,415225,3044,236718,4445,30489,4637,148176,9593,281788,9052,429964,California
San Francisco,2021-04-09,15926,698358,7696,422921,4853,241571,3377,33866,6627,148894,9266,291054,9984,439948,California
San Francisco,2021-04-10,13381,711739,5721,428642,5891,247462,1769,35635,7129,151552,6225,297279,8883,448831,California
San Francisco,2021-04-11,10086,721825,7558,436200,1349,248811,1179,36814,5224,153100,4848,302127,6396,455227,California
San Francisco,2021-04-12,10666,732491,6930,443130,2578,251389,1158,37972,4888,153385,5755,307882,6040,461267,California
San Francisco,2021-04-13,10903,743394,7396,450526,3495,254884,12,37984,5504,153532,5373,313255,5520,466787,California
San Francisco,2021-04-14,13417,756811,8092,458618,5324,260208,1,37985,6385,152929,6992,320247,6389,473176,California
San Francisco,2021-04-15,13907,770718,9638,468256,4268,264476,1,37986,8215,155490,5660,325907,8221,481397,California
San Francisco,2021-04-16,13084,783802,8796,477052,4244,268720,44,38030,7739,157966,5315,331222,7791,489188,California
San Francisco,2021-04-17,10210,794012,7379,484431,2830,271550,1,38031,7208,162196,2985,334207,7215,496403,California
San Francisco,2021-04-18,6673,800685,5109,489540,1562,273112,2,38033,4123,163791,2532,336739,4127,500530,California
San Francisco,2021-04-19,10937,811622,8215,497755,2717,275829,5,38038,7019,166926,3901,340640,7036,507566,California
San Francisco,2021-04-20,12445,824067,7292,505047,5151,280980,2,38040,8598,171711,3821,344461,8606,516172,California
San Francisco,2021-04-21,10656,834723,7620,512667,3031,284011,5,38045,6500,174093,4130,348591,6512,522684,California
San Francisco,2021-04-22,10517,845240,7782,520449,2734,286745,1,38046,6066,175745,4423,353014,6075,528759,California
San Francisco,2021-04-23,10390,855630,5955,526404,4435,291180,0,38046,6173,177739,4186,357200,6180,534939,California
San Francisco,2021-04-24,7973,863603,5488,531892,2485,293665,0,38046,4712,179220,3240,360440,4721,539660,California
San Francisco,2021-04-25,5054,868657,4349,536241,699,294364,6,38052,2956,180101,2086,362526,2967,542627,California
San Francisco,2021-04-26,8222,876879,5823,542064,2387,296751,12,38064,4088,180111,4106,366632,4116,546743,California
San Francisco,2021-04-27,8727,885606,5865,547929,2692,299443,170,38234,4353,180296,4348,370980,4533,551276,California
San Francisco,2021-04-28,9508,895114,6576,554505,2742,302185,190,38424,4977,180970,4500,375480,5174,556450,California
San Francisco,2021-04-29,9398,904512,5460,559965,3744,305929,194,38618,4614,181034,4758,380238,4822,561272,California
San Francisco,2021-04-30,10904,915416,5205,565170,5498,311427,201,38819,3984,178347,6876,387114,4189,565461,California
San Francisco,2021-05-01,6954,922370,3592,568762,3246,314673,116,38935,1703,174951,5216,392330,1820,567281,California
San Francisco,2021-05-02,5325,927695,3088,571850,2139,316812,98,39033,964,171666,4351,396681,1066,568347,California
San Francisco,2021-05-03,9706,937401,6619,578469,2923,319735,164,39197,2467,167095,7210,403891,2639,570986,California
San Francisco,2021-05-04,9397,946798,6016,584485,3130,322865,251,39448,2291,162569,7073,410964,2547,573533,California
San Francisco,2021-05-05,8786,955584,6141,590626,2334,325199,311,39759,2149,158443,6590,417554,2464,575997,California
San Francisco,2021-05-06,10767,966351,8607,599233,1687,326886,473,40232,1843,151872,8890,426444,2319,578316,California
San Francisco,2021-05-07,10133,976484,6495,605728,3366,330252,272,40504,1636,145308,8470,434914,1906,580222,California
San Francisco,2021-05-08,8393,984877,3577,609305,4686,334938,130,40634,976,139030,7385,442299,1107,581329,California
San Francisco,2021-05-09,6700,991577,5839,615144,779,335717,82,40716,1212,134853,5465,447764,1288,582617,California
San Francisco,2021-05-10,6996,998573,4967,620111,1777,337494,252,40968,1048,130231,5920,453684,1298,583915,California
San Francisco,2021-05-11,7411,1005984,5331,625442,1861,339355,219,41187,1449,125970,5928,459612,1667,585582,California
San Francisco,2021-05-12,8127,1014111,5927,631369,1743,341098,457,41644,1857,122041,6238,465850,2309,587891,California
San Francisco,2021-05-13,11086,1025197,8143,639512,2717,343815,226,41870,4192,119599,6866,472716,4424,592315,California
San Francisco,2021-05-14,9322,1034519,6599,646111,2550,346365,173,42043,3019,116529,6272,478988,3202,595517,California
San Francisco,2021-05-15,7944,1042463,6259,652370,1629,347994,56,42099,3112,114893,4816,483804,3180,598697,California
San Francisco,2021-05-16,4975,1047438,4192,656562,723,348717,60,42159,1845,113687,3111,486915,1905,600602,California
San Francisco,2021-05-17,7251,1054689,5400,661962,1686,350403,165,42324,2469,111561,4763,491678,2637,603239,California
San Francisco,2021-05-18,8713,1063402,4985,666947,3553,353956,175,42499,1974,107018,6693,498371,2150,605389,California
San Francisco,2021-05-19,7485,1070887,5544,672491,1707,355663,234,42733,2449,104691,5008,503379,2681,608070,California
San Francisco,2021-05-20,5960,1076847,4012,676503,1697,357360,251,42984,1642,102298,4282,507661,1889,609959,California
San Francisco,2021-05-21,7193,1084040,4073,680576,2934,360294,186,43170,1832,98996,5315,512976,2013,611972,California
San Francisco,2021-05-22,4789,1088829,3613,684189,1085,361379,91,43261,2178,98673,2591,515567,2268,614240,California
San Francisco,2021-05-23,1829,1090658,1392,685581,363,361742,74,43335,834,98597,985,516552,909,615149,California
San Francisco,2021-05-24,4050,1094708,2863,688444,1025,362767,162,43497,1199,97134,2825,519377,1362,616511,California
San Francisco,2021-05-25,3701,1098409,2413,690857,1066,363833,222,43719,1103,95874,2580,521957,1320,617831,California
San Francisco,2021-05-26,3940,1102349,2551,693408,1243,365076,146,43865,1145,94394,2771,524728,1291,619122,California
San Francisco,2021-05-27,3705,1106054,2138,695546,1390,366466,177,44042,1200,93276,2494,527222,1376,620498,California
San Francisco,2021-05-28,3775,1109829,2158,697704,1456,367922,161,44203,1351,92389,2398,529620,1511,622009,California
San Francisco,2021-05-29,2021,1111850,1464,699168,456,368378,101,44304,880,92244,1120,530740,975,622984,California
San Francisco,2021-05-30,962,1112812,692,699860,233,368611,37,44341,400,92123,558,531298,437,623421,California
San Francisco,2021-05-31,254,1113066,207,700067,40,368651,7,44348,85,92047,168,531466,92,623513,California
San Francisco,2021-06-01,3575,1116641,2159,702226,1228,369879,188,44536,1254,91181,2305,533771,1439,624952,California
San Francisco,2021-06-02,2431,1119072,1754,703980,554,370433,123,44659,896,90672,1523,535294,1014,625966,California
San Francisco,2021-06-03,3978,1123050,2730,706710,1043,371476,205,44864,1061,89034,2899,538193,1261,627227,California
San Francisco,2021-06-04,5720,1128770,4844,711554,740,372216,136,45000,1399,86276,4288,542481,1530,628757,California
San Francisco,2021-06-05,3692,1132462,3118,714672,426,372642,148,45148,956,84654,2722,545203,1100,629857,California
San Francisco,2021-06-06,2316,1134778,2167,716839,111,372753,38,45186,508,83398,1802,547005,546,630403,California
San Francisco,2021-06-07,3632,1138410,3008,719847,488,373241,136,45322,954,81825,2661,549666,1088,631491,California
San Francisco,2021-06-08,2829,1141239,2224,722071,437,373678,168,45490,844,80863,1968,551634,1006,632497,California
San Francisco,2021-06-09,2316,1143555,1854,723925,325,374003,137,45627,667,80032,1633,553267,802,633299,California
San Francisco,2021-06-10,2493,1146048,1906,725831,395,374398,192,45819,783,79309,1698,554965,975,634274,California
San Francisco,2021-06-11,3149,1149197,2489,728320,496,374894,164,45983,942,78229,2184,557149,1104,635378,California
San Francisco,2021-06-12,3028,1152225,2624,730944,274,375168,130,46113,716,76775,2297,559446,843,636221,California
San Francisco,2021-06-13,912,1153137,791,731735,74,375242,47,46160,233,76383,671,560117,279,636500,California
San Francisco,2021-06-14,2506,1155643,2035,733770,320,375562,151,46311,880,75797,1615,561732,1029,637529,California
San Francisco,2021-06-15,1897,1157540,1472,735242,292,375854,133,46444,674,75390,1214,562946,807,638336,California
San Francisco,2021-06-16,1811,1159351,1361,736603,258,376112,192,46636,630,75040,1165,564111,815,639151,California
San Francisco,2021-06-17,1974,1161325,1512,738115,271,376383,191,46827,662,74595,1292,565403,847,639998,California
San Francisco,2021-06-18,2326,1163651,1731,739846,423,376806,172,46999,755,73959,1558,566961,922,640920,California
San Francisco,2021-06-19,1423,1165074,1205,741051,114,376920,104,47103,456,73562,955,567916,558,641478,California
San Francisco,2021-06-20,250,1165324,219,741270,15,376935,16,47119,117,73564,131,568047,133,641611,California
San Joaquin,2020-12-15,14,14,14,14,0,0,0,0,14,14,0,0,14,14,California
San Joaquin,2020-12-16,308,322,308,322,0,0,0,0,308,322,0,0,308,322,California
San Joaquin,2020-12-17,321,643,321,643,0,0,0,0,321,643,0,0,321,643,California
San Joaquin,2020-12-18,538,1181,534,1177,4,4,0,0,538,1181,0,0,538,1181,California
San Joaquin,2020-12-19,189,1370,189,1366,0,4,0,0,189,1370,0,0,189,1370,California
San Joaquin,2020-12-20,117,1487,115,1481,2,6,0,0,117,1487,0,0,117,1487,California
San Joaquin,2020-12-21,498,1985,497,1978,1,7,0,0,498,1985,0,0,498,1985,California
San Joaquin,2020-12-22,979,2964,858,2836,121,128,0,0,978,2963,0,0,978,2963,California
San Joaquin,2020-12-23,988,3952,931,3767,57,185,0,0,986,3949,2,2,988,3951,California
San Joaquin,2020-12-24,219,4171,190,3957,29,214,0,0,218,4167,1,3,219,4170,California
San Joaquin,2020-12-25,15,4186,15,3972,0,214,0,0,15,4182,0,3,15,4185,California
San Joaquin,2020-12-26,102,4288,31,4003,71,285,0,0,102,4284,0,3,102,4287,California
San Joaquin,2020-12-27,45,4333,32,4035,13,298,0,0,45,4329,0,3,45,4332,California
San Joaquin,2020-12-28,629,4962,424,4459,205,503,0,0,629,4958,0,3,629,4961,California
San Joaquin,2020-12-29,796,5758,666,5125,130,633,0,0,796,5754,0,3,796,5757,California
San Joaquin,2020-12-30,1013,6771,717,5842,296,929,0,0,1011,6765,2,5,1013,6770,California
San Joaquin,2020-12-31,458,7229,204,6046,254,1183,0,0,458,7223,1,6,459,7229,California
San Joaquin,2021-01-01,23,7252,13,6059,10,1193,0,0,23,7246,0,6,23,7252,California
San Joaquin,2021-01-02,268,7520,245,6304,23,1216,0,0,268,7514,0,6,268,7520,California
San Joaquin,2021-01-03,37,7557,20,6324,17,1233,0,0,36,7549,1,7,36,7556,California
San Joaquin,2021-01-04,482,8039,340,6664,142,1375,0,0,480,8028,1,8,480,8036,California
San Joaquin,2021-01-05,988,9027,653,7317,335,1710,0,0,817,8711,171,179,854,8890,California
San Joaquin,2021-01-06,1228,10255,712,8029,516,2226,0,0,923,9338,300,479,927,9817,California
San Joaquin,2021-01-07,1090,11345,689,8718,401,2627,0,0,791,9834,296,775,792,10609,California
San Joaquin,2021-01-08,1215,12560,827,9545,388,3015,0,0,719,10062,495,1270,723,11332,California
San Joaquin,2021-01-09,379,12939,300,9845,79,3094,0,0,247,10178,132,1402,248,11580,California
San Joaquin,2021-01-10,224,13163,116,9961,108,3202,0,0,171,10297,52,1454,171,11751,California
San Joaquin,2021-01-11,1538,14701,1328,11289,210,3412,0,0,871,10570,666,2120,939,12690,California
San Joaquin,2021-01-12,1491,16192,1073,12362,418,3830,0,0,701,10557,786,2906,773,13463,California
San Joaquin,2021-01-13,1547,17739,909,13271,638,4468,0,0,960,10938,584,3490,965,14428,California
San Joaquin,2021-01-14,1764,19503,976,14247,788,5256,0,0,1417,12046,326,3816,1434,15862,California
San Joaquin,2021-01-15,1545,21048,551,14798,994,6250,0,0,1307,13149,223,4039,1326,17188,California
San Joaquin,2021-01-16,1140,22188,181,14979,959,7209,0,0,1108,14226,31,4070,1108,18296,California
San Joaquin,2021-01-17,1628,23816,137,15116,1491,8700,0,0,1585,15770,43,4113,1587,19883,California
San Joaquin,2021-01-18,743,24559,239,15355,504,9204,0,0,622,16275,117,4230,622,20505,California
San Joaquin,2021-01-19,1883,26442,904,16259,979,10183,0,0,1200,16805,678,4908,1208,21713,California
San Joaquin,2021-01-20,2096,28538,1286,17545,810,10993,0,0,1448,17618,641,5549,1454,23167,California
San Joaquin,2021-01-21,1986,30524,901,18446,1085,12078,0,0,1587,18822,392,5941,1596,24763,California
San Joaquin,2021-01-22,1961,32485,898,19344,1063,13141,0,0,1820,20508,136,6077,1822,26585,California
San Joaquin,2021-01-23,900,33385,399,19743,501,13642,0,0,612,20835,287,6364,614,27199,California
San Joaquin,2021-01-24,353,33738,136,19879,217,13859,0,0,330,21145,20,6384,330,27529,California
San Joaquin,2021-01-25,2006,35744,1148,21027,858,14717,0,0,1432,22009,571,6955,1435,28964,California
San Joaquin,2021-01-26,2163,37907,1116,22143,1047,15764,0,0,1541,22941,615,7570,1547,30511,California
San Joaquin,2021-01-27,1748,39655,772,22915,976,16740,0,0,1245,23695,498,8068,1252,31763,California
San Joaquin,2021-01-28,2063,41718,778,23693,1285,18025,0,0,1398,24441,661,8729,1407,33170,California
San Joaquin,2021-01-29,2170,43888,1050,24743,1120,19145,0,0,1818,25922,346,9075,1827,34997,California
San Joaquin,2021-01-30,2178,46066,358,25101,1820,20965,0,0,1999,27745,178,9253,2001,36998,California
San Joaquin,2021-01-31,1560,47626,181,25282,1379,22344,0,0,1495,29177,64,9317,1496,38494,California
San Joaquin,2021-02-01,2542,50168,1348,26630,1194,23538,0,0,1775,30188,767,10084,1778,40272,California
San Joaquin,2021-02-02,2589,52757,1155,27785,1434,24972,0,0,1978,31619,551,10635,1982,42254,California
San Joaquin,2021-02-03,3079,55836,1212,28997,1867,26839,0,0,2209,32973,863,11498,2217,44471,California
San Joaquin,2021-02-04,3551,59387,1819,30816,1732,28571,0,0,2651,34736,894,12392,2657,47128,California
San Joaquin,2021-02-05,3177,62564,1807,32623,1370,29941,0,0,2344,36272,822,13214,2358,49486,California
San Joaquin,2021-02-06,1093,63657,746,33369,347,30288,0,0,946,37075,144,13358,947,50433,California
San Joaquin,2021-02-07,622,64279,493,33862,129,30417,0,0,418,37295,199,13557,419,50852,California
San Joaquin,2021-02-08,1795,66074,1039,34901,756,31173,0,0,1449,38427,323,13880,1455,52307,California
San Joaquin,2021-02-09,2136,68210,1161,36062,975,32148,0,0,1586,39536,480,14360,1589,53896,California
San Joaquin,2021-02-10,2586,70796,1254,37316,1332,33480,0,0,1355,39683,1209,15569,1356,55252,California
San Joaquin,2021-02-11,2928,73724,1488,38804,1440,34920,0,0,1706,40206,1190,16759,1713,56965,California
San Joaquin,2021-02-12,2833,76557,1133,39937,1700,36620,0,0,1607,40613,1205,17964,1612,58577,California
San Joaquin,2021-02-13,2119,78676,396,40333,1723,38343,0,0,852,40218,1253,19217,858,59435,California
San Joaquin,2021-02-14,1916,80592,263,40596,1653,39996,0,0,698,39731,1186,20403,699,60134,California
San Joaquin,2021-02-15,1983,82575,821,41417,1162,41158,0,0,1187,40156,766,21169,1191,61325,California
San Joaquin,2021-02-16,3171,85746,1380,42797,1791,42949,0,0,1752,40516,1403,22572,1763,63088,California
San Joaquin,2021-02-17,3295,89041,1271,44068,2024,44973,0,0,1875,40990,1406,23978,1880,64968,California
San Joaquin,2021-02-18,3364,92405,1390,45458,1974,46947,0,0,1921,41511,1406,25384,1927,66895,California
San Joaquin,2021-02-19,4283,96688,2422,47880,1861,48808,0,0,2395,42072,1834,27218,2395,69290,California
San Joaquin,2021-02-20,1566,98254,665,48545,901,49709,0,0,1064,42637,499,27717,1064,70354,California
San Joaquin,2021-02-21,681,98935,515,49060,166,49875,0,0,430,42821,248,27965,432,70786,California
San Joaquin,2021-02-22,3563,102498,2513,51573,1050,50925,0,0,2546,44383,988,28953,2550,73336,California
San Joaquin,2021-02-23,4328,106826,2629,54202,1699,52624,0,0,2660,45412,1637,30590,2666,76002,California
San Joaquin,2021-02-24,5787,112613,3437,57639,2350,54974,0,0,4157,47969,1604,32194,4161,80163,California
San Joaquin,2021-02-25,6393,119006,3957,61596,2436,57410,0,0,4122,49872,2229,34423,4132,84295,California
San Joaquin,2021-02-26,5536,124542,2865,64461,2671,60081,0,0,3798,51974,1703,36126,3805,88100,California
San Joaquin,2021-02-27,5496,130038,1639,66100,3857,63938,0,0,2658,51865,2779,38905,2670,90770,California
San Joaquin,2021-02-28,3116,133154,1126,67226,1990,65928,0,0,2053,52887,1034,39939,2056,92826,California
San Joaquin,2021-03-01,4151,137305,1828,69054,2320,68248,3,3,2353,53472,1780,41719,2365,95191,California
San Joaquin,2021-03-02,4238,141543,1688,70742,2550,70798,0,3,2660,54633,1554,43273,2715,97906,California
San Joaquin,2021-03-03,5834,147377,3465,74207,2367,73165,2,5,4206,57237,1603,44876,4207,102113,California
San Joaquin,2021-03-04,5734,153111,2277,76484,3454,76619,3,8,3747,59017,1971,46847,3751,105864,California
San Joaquin,2021-03-05,4512,157623,1908,78392,2599,79218,5,13,3126,60784,1369,48216,3136,109000,California
San Joaquin,2021-03-06,3318,160941,2183,80575,1005,80223,130,143,2732,63068,582,48798,2866,111866,California
San Joaquin,2021-03-07,1225,162166,565,81140,612,80835,48,191,938,63770,269,49067,971,112837,California
San Joaquin,2021-03-08,3153,165319,1260,82400,1769,82604,124,315,2146,65044,995,50062,2269,115106,California
San Joaquin,2021-03-09,4042,169361,1833,84233,2078,84682,131,446,2683,66523,1340,51402,2819,117925,California
San Joaquin,2021-03-10,4665,174026,2479,86712,2045,86727,141,587,3431,68877,1218,52620,3572,121497,California
San Joaquin,2021-03-11,4976,179002,2366,89078,2006,88733,604,1191,2949,70421,2013,54633,3557,125054,California
San Joaquin,2021-03-12,6315,185317,3156,92234,2821,91554,338,1529,4166,72810,2122,56755,4511,129565,California
San Joaquin,2021-03-13,3076,188393,1463,93697,1489,93043,124,1653,2289,74452,779,57534,2421,131986,California
San Joaquin,2021-03-14,2176,190569,681,94378,1191,94234,304,1957,1030,74651,1139,58673,1338,133324,California
San Joaquin,2021-03-15,6103,196672,3509,97887,2190,96424,404,2361,3185,75371,2882,61555,3602,136926,California
San Joaquin,2021-03-16,6878,203550,3913,101800,2707,99131,258,2619,4048,76879,2805,64360,4313,141239,California
San Joaquin,2021-03-17,7844,211394,4701,106501,3072,102203,71,2690,4359,77876,3441,67801,4438,145677,California
San Joaquin,2021-03-18,7671,219065,4512,111013,2652,104855,507,3197,3772,78310,3853,71654,4287,149964,California
San Joaquin,2021-03-19,7966,227031,4671,115684,2752,107607,543,3740,4809,80590,3132,74786,5412,155376,California
San Joaquin,2021-03-20,3710,230741,2143,117827,1324,108931,243,3983,1836,80834,1848,76634,2092,157468,California
San Joaquin,2021-03-21,2135,232876,1516,119343,412,109343,207,4190,1168,81328,953,77587,1447,158915,California
San Joaquin,2021-03-22,4000,236876,2050,121393,1534,110877,416,4606,2363,82493,1620,79207,2785,161700,California
San Joaquin,2021-03-23,5407,242283,2656,124049,2583,113460,168,4774,3721,84726,1662,80869,3895,165595,California
San Joaquin,2021-03-24,6872,249155,4260,128309,2522,115982,90,4864,3022,84037,3809,84678,3120,168715,California
San Joaquin,2021-03-25,5591,254746,3322,131631,2221,118203,48,4912,3306,85136,2261,86939,3360,172075,California
San Joaquin,2021-03-26,6219,260965,2576,134207,3491,121694,152,5064,3246,85610,2945,89884,3419,175494,California
San Joaquin,2021-03-27,4686,265651,2630,136837,1982,123676,74,5138,1809,84651,2852,92736,1893,177387,California
San Joaquin,2021-03-28,2743,268394,1814,138651,904,124580,25,5163,1268,84603,1455,94191,1407,178794,California
San Joaquin,2021-03-29,4070,272464,2201,140852,1845,126425,24,5187,2033,84654,2021,96212,2072,180866,California
San Joaquin,2021-03-30,6249,278713,3184,144036,2973,129398,92,5279,3438,85423,2781,98993,3550,184416,California
San Joaquin,2021-03-31,6636,285349,4177,148213,2399,131797,60,5339,3350,85598,3260,102253,3435,187851,California
San Joaquin,2021-04-01,6457,291806,2999,151212,3368,135165,90,5429,2854,85027,3577,105830,3006,190857,California
San Joaquin,2021-04-02,6372,298178,2894,154106,2984,138149,494,5923,2514,84235,3831,109661,3039,193896,California
San Joaquin,2021-04-03,4164,302342,2347,156453,1491,139640,326,6249,2011,84448,2137,111798,2350,196246,California
San Joaquin,2021-04-04,2297,304639,1371,157824,718,140358,208,6457,1546,85483,740,112538,1775,198021,California
San Joaquin,2021-04-05,4812,309451,2850,160674,1718,142076,244,6701,2653,86244,2145,114683,2906,200927,California
San Joaquin,2021-04-06,7095,316546,4556,165230,2261,144337,278,6979,3359,86193,3706,118389,3655,204582,California
San Joaquin,2021-04-07,8368,324914,4556,169786,2226,146563,1586,8565,3517,86480,4829,123218,5116,209698,California
San Joaquin,2021-04-08,8799,333713,4713,174499,1948,148511,2138,10703,3322,86491,5449,128667,5460,215158,California
San Joaquin,2021-04-09,8982,342695,4368,178867,3046,151557,1568,12271,3301,85722,5656,134323,4887,220045,California
San Joaquin,2021-04-10,5265,347960,1666,180533,1686,153243,1913,14184,1799,85978,3454,137777,3710,223755,California
San Joaquin,2021-04-11,4300,352260,1770,182303,1364,154607,1166,15350,1976,86803,2311,140088,3136,226891,California
San Joaquin,2021-04-12,6083,358343,2463,184766,2070,156677,1550,16900,2413,87124,3648,143736,3969,230860,California
San Joaquin,2021-04-13,7562,365905,4375,189141,3178,159855,9,16909,4660,88920,2879,146615,4675,235535,California
San Joaquin,2021-04-14,7652,373557,3898,193039,3752,163607,2,16911,4626,90558,3003,149618,4641,240176,California
San Joaquin,2021-04-15,7929,381486,4712,197751,3217,166824,0,16911,4452,91577,3443,153061,4462,244638,California
San Joaquin,2021-04-16,7820,389306,4249,202000,3568,170392,3,16914,4744,93288,3047,156108,4758,249396,California
San Joaquin,2021-04-17,5202,394508,2818,204818,2382,172774,2,16916,3693,95504,1497,157605,3713,253109,California
San Joaquin,2021-04-18,2502,397010,1396,206214,1106,173880,0,16916,1335,95696,1151,158756,1343,254452,California
San Joaquin,2021-04-19,5215,402225,2822,209036,2393,176273,0,16916,2777,96074,2411,161167,2789,257241,California
San Joaquin,2021-04-20,6260,408485,3310,212346,2950,179223,0,16916,2959,95773,3271,164438,2970,260211,California
San Joaquin,2021-04-21,5675,414160,3147,215493,2528,181751,0,16916,2933,96026,2688,167126,2941,263152,California
San Joaquin,2021-04-22,5331,419491,3157,218650,2172,183923,2,16918,3084,96912,2218,169344,3104,266256,California
San Joaquin,2021-04-23,5955,425446,2851,221501,3103,187026,1,16919,3764,98514,2170,171514,3772,270028,California
San Joaquin,2021-04-24,5289,430735,3639,225140,1648,188674,2,16921,3447,100155,1814,173328,3455,273483,California
San Joaquin,2021-04-25,3080,433815,2594,227734,486,189160,0,16921,2045,101196,1011,174339,2052,275535,California
San Joaquin,2021-04-26,4060,437875,2660,230394,1396,190556,4,16925,2168,101495,1880,176219,2179,277714,California
San Joaquin,2021-04-27,4640,442515,2676,233070,1902,192458,62,16987,1979,100905,2639,178858,2049,279763,California
San Joaquin,2021-04-28,5589,448104,3366,236436,2143,194601,80,17067,2771,100979,2788,181646,2862,282625,California
San Joaquin,2021-04-29,4926,453030,2883,239319,1986,196587,57,17124,2530,101203,2375,184021,2599,285224,California
San Joaquin,2021-04-30,4993,458023,2443,241762,2483,199070,67,17191,2584,101474,2391,186412,2662,287886,California
San Joaquin,2021-05-01,3359,461382,1920,243682,1381,200451,58,17249,2140,102476,1209,187621,2211,290097,California
San Joaquin,2021-05-02,2308,463690,1605,245287,646,201097,57,17306,1178,102586,1126,188747,1236,291333,California
San Joaquin,2021-05-03,3336,467026,2262,247549,1000,202097,74,17380,1407,102163,1912,190659,1489,292822,California
San Joaquin,2021-05-04,4866,471892,3304,250853,1406,203503,156,17536,1789,101062,3057,193716,1956,294778,California
San Joaquin,2021-05-05,5114,477006,3552,254405,1399,204902,163,17699,2291,100730,2794,196510,2462,297240,California
San Joaquin,2021-05-06,4673,481679,3132,257537,1411,206313,130,17829,2035,100286,2621,199131,2177,299417,California
San Joaquin,2021-05-07,5124,486803,2959,260496,2012,208325,153,17982,1912,99171,3190,202321,2075,301492,California
San Joaquin,2021-05-08,3282,490085,2110,262606,1070,209395,102,18084,1212,98441,2053,204374,1323,302815,California
San Joaquin,2021-05-09,1487,491572,851,263457,566,209961,70,18154,590,98213,894,205268,666,303481,California
San Joaquin,2021-05-10,2822,494394,1484,264941,1213,211174,125,18279,933,97405,1871,207139,1063,304544,California
San Joaquin,2021-05-11,4200,498594,2214,267155,1865,213039,121,18400,1344,96062,2840,209979,1497,306041,California
San Joaquin,2021-05-12,4399,502993,2101,269256,2173,215212,125,18525,1463,94746,2919,212898,1603,307644,California
San Joaquin,2021-05-13,4763,507756,2787,272043,1888,217100,88,18613,1860,93822,2887,215785,1963,309607,California
San Joaquin,2021-05-14,5758,513514,3430,275473,2219,219319,109,18722,2431,93072,3298,219083,2548,312155,California
San Joaquin,2021-05-15,5244,518758,3118,278591,2046,221365,80,18802,1651,91245,3562,222645,1735,313890,California
San Joaquin,2021-05-16,3568,522326,2792,281383,727,222092,49,18851,1433,90613,2122,224767,1490,315380,California
San Joaquin,2021-05-17,4143,526469,2476,283859,1570,223662,97,18948,1794,90181,2333,227100,1901,317281,California
San Joaquin,2021-05-18,3949,530418,2278,286137,1552,225214,119,19067,1882,90130,2051,229151,2000,319281,California
San Joaquin,2021-05-19,4759,535177,2761,288898,1863,227077,135,19202,2102,89749,2627,231778,2246,321527,California
San Joaquin,2021-05-20,3942,539119,2357,291255,1481,228558,104,19306,1772,89480,2149,233927,1880,323407,California
San Joaquin,2021-05-21,4958,544077,2886,294141,1949,230507,123,19429,2278,89239,2652,236579,2411,325818,California
San Joaquin,2021-05-22,3986,548063,2476,296617,1416,231923,94,19523,1776,88922,2197,238776,1880,327698,California
San Joaquin,2021-05-23,2389,550452,1936,298553,409,232332,44,19567,1407,89406,971,239747,1455,329153,California
San Joaquin,2021-05-24,2952,553404,1688,300241,1171,233503,93,19660,1374,89317,1561,241308,1472,330625,California
San Joaquin,2021-05-25,3093,556497,1923,302164,1020,234523,150,19810,1468,89327,1607,242915,1617,332242,California
San Joaquin,2021-05-26,3862,560359,2377,304541,1410,235933,75,19885,1611,88781,2237,245152,1691,333933,California
San Joaquin,2021-05-27,2913,563272,1490,306031,1339,237272,84,19969,1137,88243,1762,246914,1224,335157,California
San Joaquin,2021-05-28,3086,566358,1648,307679,1348,238620,90,20059,1458,88198,1604,248518,1559,336716,California
San Joaquin,2021-05-29,2131,568489,1173,308852,922,239542,36,20095,956,88024,1171,249689,997,337713,California
San Joaquin,2021-05-30,971,569460,518,309370,427,239969,26,20121,407,87901,559,250248,436,338149,California
San Joaquin,2021-05-31,619,570079,259,309629,353,240322,7,20128,238,87769,377,250625,245,338394,California
San Joaquin,2021-06-01,2430,572509,1472,311101,863,241185,95,20223,1166,87782,1255,251880,1268,339662,California
San Joaquin,2021-06-02,2710,575219,1604,312705,1052,242237,54,20277,1150,87446,1543,253423,1207,340869,California
San Joaquin,2021-06-03,2816,578035,1740,314445,1020,243257,56,20333,1088,86882,1713,255136,1149,342018,California
San Joaquin,2021-06-04,3122,581157,1916,316361,1098,244355,108,20441,1089,86072,2006,257142,1196,343214,California
San Joaquin,2021-06-05,2331,583488,1785,318146,495,244850,51,20492,1082,86053,1157,258299,1138,344352,California
San Joaquin,2021-06-06,1067,584555,856,319002,177,245027,34,20526,434,85907,614,258913,468,344820,California
San Joaquin,2021-06-07,2797,587352,2077,321079,679,245706,41,20567,982,85132,1808,260721,1033,345853,California
San Joaquin,2021-06-08,2732,590084,2070,323149,618,246324,44,20611,865,84190,1854,262575,912,346765,California
San Joaquin,2021-06-09,2820,592904,1956,325105,821,247145,43,20654,942,83318,1860,264435,988,347753,California
San Joaquin,2021-06-10,2615,595519,1900,327005,656,247801,59,20713,992,82753,1618,266053,1053,348806,California
San Joaquin,2021-06-11,2824,598343,1934,328939,782,248583,108,20821,956,81959,1859,267912,1065,349871,California
San Joaquin,2021-06-12,1797,600140,1341,330280,429,249012,27,20848,607,81418,1184,269096,643,350514,California
San Joaquin,2021-06-13,932,601072,711,330991,192,249204,29,20877,426,81373,502,269598,457,350971,California
San Joaquin,2021-06-14,2188,603260,1477,332468,639,249843,72,20949,974,81217,1204,270802,1048,352019,California
San Joaquin,2021-06-15,2237,605497,1491,333959,668,250511,78,21027,872,80819,1353,272155,955,352974,California
San Joaquin,2021-06-16,2459,607956,1702,335661,675,251186,82,21109,887,80231,1558,273713,970,353944,California
San Joaquin,2021-06-17,2366,610322,1629,337290,685,251871,52,21161,865,79661,1488,275201,918,354862,California
San Joaquin,2021-06-18,2588,612910,1655,338945,863,252734,70,21231,1004,79160,1576,276777,1075,355937,California
San Joaquin,2021-06-19,1315,614225,808,339753,261,252995,246,21477,451,78999,860,277637,699,356636,California
San Joaquin,2021-06-20,96,614321,57,339810,36,253031,3,21480,39,78985,57,277694,43,356679,California
San Luis Obispo,2020-12-16,4,4,4,4,0,0,0,0,4,4,0,0,4,4,California
San Luis Obispo,2020-12-17,196,200,196,200,0,0,0,0,196,200,0,0,196,200,California
San Luis Obispo,2020-12-18,225,425,225,425,0,0,0,0,225,425,0,0,225,425,California
San Luis Obispo,2020-12-19,165,590,165,590,0,0,0,0,165,590,0,0,165,590,California
San Luis Obispo,2020-12-20,216,806,216,806,0,0,0,0,216,806,0,0,216,806,California
San Luis Obispo,2020-12-21,550,1356,549,1355,1,1,0,0,550,1356,0,0,550,1356,California
San Luis Obispo,2020-12-22,310,1666,306,1661,4,5,0,0,310,1666,0,0,310,1666,California
San Luis Obispo,2020-12-23,680,2346,366,2027,314,319,0,0,680,2346,0,0,680,2346,California
San Luis Obispo,2020-12-24,194,2540,19,2046,175,494,0,0,194,2540,0,0,194,2540,California
San Luis Obispo,2020-12-25,2,2542,1,2047,1,495,0,0,2,2542,0,0,2,2542,California
San Luis Obispo,2020-12-26,91,2633,13,2060,78,573,0,0,91,2633,0,0,91,2633,California
San Luis Obispo,2020-12-27,76,2709,0,2060,76,649,0,0,76,2709,0,0,76,2709,California
San Luis Obispo,2020-12-28,881,3590,432,2492,449,1098,0,0,881,3590,0,0,881,3590,California
San Luis Obispo,2020-12-29,904,4494,503,2995,401,1499,0,0,904,4494,0,0,904,4494,California
San Luis Obispo,2020-12-30,1173,5667,680,3675,493,1992,0,0,1173,5667,0,0,1173,5667,California
San Luis Obispo,2020-12-31,108,5775,4,3679,104,2096,0,0,108,5775,0,0,108,5775,California
San Luis Obispo,2021-01-01,16,5791,9,3688,7,2103,0,0,16,5791,0,0,16,5791,California
San Luis Obispo,2021-01-02,34,5825,8,3696,26,2129,0,0,34,5825,0,0,34,5825,California
San Luis Obispo,2021-01-03,17,5842,6,3702,11,2140,0,0,17,5842,0,0,17,5842,California
San Luis Obispo,2021-01-04,681,6523,524,4226,157,2297,0,0,681,6523,0,0,681,6523,California
San Luis Obispo,2021-01-05,975,7498,753,4979,222,2519,0,0,972,7492,3,3,972,7495,California
San Luis Obispo,2021-01-06,727,8225,480,5459,247,2766,0,0,719,8204,7,10,719,8214,California
San Luis Obispo,2021-01-07,1128,9353,950,6409,178,2944,0,0,684,8444,444,454,684,8898,California
San Luis Obispo,2021-01-08,882,10235,804,7213,78,3022,0,0,512,8587,369,823,512,9410,California
San Luis Obispo,2021-01-09,206,10441,196,7409,10,3032,0,0,28,8437,178,1001,28,9438,California
San Luis Obispo,2021-01-10,12,10453,8,7417,4,3036,0,0,8,8441,4,1005,8,9446,California
San Luis Obispo,2021-01-11,561,11014,510,7927,51,3087,0,0,299,8479,261,1266,299,9745,California
San Luis Obispo,2021-01-12,598,11612,382,8309,216,3303,0,0,318,8517,280,1546,318,10063,California
San Luis Obispo,2021-01-13,886,12498,258,8567,628,3931,0,0,649,8931,235,1781,649,10712,California
San Luis Obispo,2021-01-14,728,13226,239,8806,489,4420,0,0,606,9424,113,1894,606,11318,California
San Luis Obispo,2021-01-15,734,13960,292,9098,442,4862,0,0,555,9805,174,2068,555,11873,California
San Luis Obispo,2021-01-16,100,14060,81,9179,19,4881,0,0,94,9893,6,2074,94,11967,California
San Luis Obispo,2021-01-17,64,14124,57,9236,7,4888,0,0,64,9957,0,2074,64,12031,California
San Luis Obispo,2021-01-18,1372,15496,390,9626,982,5870,0,0,1107,10799,265,2339,1107,13138,California
San Luis Obispo,2021-01-19,1575,17071,415,10041,1160,7030,0,0,1168,11561,407,2746,1169,14307,California
San Luis Obispo,2021-01-20,1893,18964,602,10643,1291,8321,0,0,1300,12271,591,3337,1301,15608,California
San Luis Obispo,2021-01-21,1577,20541,471,11114,1106,9427,0,0,1205,13109,368,3705,1206,16814,California
San Luis Obispo,2021-01-22,1523,22064,508,11622,1015,10442,0,0,1207,14002,314,4019,1207,18021,California
San Luis Obispo,2021-01-23,316,22380,297,11919,19,10461,0,0,300,14286,16,4035,300,18321,California
San Luis Obispo,2021-01-24,251,22631,243,12162,8,10469,0,0,245,14525,6,4041,245,18566,California
San Luis Obispo,2021-01-25,2077,24708,602,12764,1475,11944,0,0,1247,14942,830,4871,1247,19813,California
San Luis Obispo,2021-01-26,2006,26714,701,13465,1305,13249,0,0,1142,15220,864,5735,1142,20955,California
San Luis Obispo,2021-01-27,1619,28333,292,13757,1327,14576,0,0,1162,15925,457,6192,1162,22117,California
San Luis Obispo,2021-01-28,1501,29834,343,14100,1158,15734,0,0,1235,16896,264,6456,1235,23352,California
San Luis Obispo,2021-01-29,1751,31585,688,14788,1063,16797,0,0,1463,18071,288,6744,1463,24815,California
San Luis Obispo,2021-01-30,39,31624,18,14806,21,16818,0,0,28,18089,10,6754,28,24843,California
San Luis Obispo,2021-01-31,29,31653,19,14825,10,16828,0,0,27,18114,2,6756,27,24870,California
San Luis Obispo,2021-02-01,1713,33366,743,15568,970,17798,0,0,1406,19214,306,7062,1406,26276,California
San Luis Obispo,2021-02-02,1901,35267,680,16248,1221,19019,0,0,1526,20366,375,7437,1527,27803,California
San Luis Obispo,2021-02-03,1719,36986,730,16978,989,20008,0,0,1303,21253,416,7853,1303,29106,California
San Luis Obispo,2021-02-04,1668,38654,803,17781,865,20873,0,0,1098,21781,570,8423,1098,30204,California
San Luis Obispo,2021-02-05,1608,40262,716,18497,892,21765,0,0,1063,22299,546,8969,1064,31268,California
San Luis Obispo,2021-02-06,177,40439,107,18604,70,21835,0,0,97,22316,80,9049,97,31365,California
San Luis Obispo,2021-02-07,124,40563,79,18683,45,21880,0,0,72,22337,52,9101,73,31438,California
San Luis Obispo,2021-02-08,863,41426,473,19156,390,22270,0,0,503,22481,359,9460,503,31941,California
San Luis Obispo,2021-02-09,1131,42557,451,19607,680,22950,0,0,547,22457,578,10038,554,32495,California
San Luis Obispo,2021-02-10,1444,44001,492,20099,952,23902,0,0,528,22074,914,10952,531,33026,California
San Luis Obispo,2021-02-11,1337,45338,849,20948,488,24390,0,0,658,22055,677,11629,658,33684,California
San Luis Obispo,2021-02-12,791,46129,368,21316,423,24813,0,0,419,22102,372,12001,419,34103,California
San Luis Obispo,2021-02-13,394,46523,131,21447,263,25076,0,0,286,22281,107,12108,286,34389,California
San Luis Obispo,2021-02-14,318,46841,41,21488,277,25353,0,0,282,22528,36,12144,283,34672,California
San Luis Obispo,2021-02-15,729,47570,140,21628,589,25942,0,0,475,22750,253,12397,475,35147,California
San Luis Obispo,2021-02-16,2971,50541,1197,22825,1774,27716,0,0,1363,22505,1608,14005,1363,36510,California
San Luis Obispo,2021-02-17,2786,53327,1251,24076,1535,29251,0,0,1028,21782,1751,15756,1028,37538,California
San Luis Obispo,2021-02-18,2824,56151,1460,25536,1364,30615,0,0,1132,21232,1683,17439,1133,38671,California
San Luis Obispo,2021-02-19,1469,57620,1348,26884,121,30736,0,0,1139,22043,328,17767,1139,39810,California
San Luis Obispo,2021-02-20,256,57876,81,26965,175,30911,0,0,218,22223,38,17805,218,40028,California
San Luis Obispo,2021-02-21,57,57933,53,27018,4,30915,0,0,32,22230,25,17830,32,40060,California
San Luis Obispo,2021-02-22,2423,60356,1873,28891,550,31465,0,0,1474,22757,948,18778,1475,41535,California
San Luis Obispo,2021-02-23,1861,62217,1746,30637,115,31580,0,0,1366,23630,494,19272,1367,42902,California
San Luis Obispo,2021-02-24,2642,64859,1299,31936,1343,32923,0,0,837,22665,1802,21074,837,43739,California
San Luis Obispo,2021-02-25,2138,66997,1245,33181,893,33816,0,0,1208,22950,924,21998,1209,44948,California
San Luis Obispo,2021-02-26,2656,69653,1152,34333,1504,35320,0,0,1330,22964,1316,23314,1330,46278,California
San Luis Obispo,2021-02-27,584,70237,354,34687,230,35550,0,0,530,23440,54,23368,530,46808,California
San Luis Obispo,2021-02-28,195,70432,67,34754,128,35678,0,0,161,23568,33,23401,161,46969,California
San Luis Obispo,2021-03-01,3015,73447,1883,36637,1130,36808,2,2,2081,24718,934,24335,2084,49053,California
San Luis Obispo,2021-03-02,3043,76490,1912,38549,1131,37939,0,2,1887,25455,1151,25486,1888,50941,California
San Luis Obispo,2021-03-03,2350,78840,344,38893,2006,39945,0,2,852,24817,1491,26977,853,51794,California
San Luis Obispo,2021-03-04,2202,81042,1164,40057,1038,40983,0,2,1186,24992,1013,27990,1188,52982,California
San Luis Obispo,2021-03-05,2308,83350,1024,41081,1214,42197,70,72,1299,25366,995,28985,1369,54351,California
San Luis Obispo,2021-03-06,843,84193,311,41392,424,42621,108,180,620,25865,223,29208,722,55073,California
San Luis Obispo,2021-03-07,201,84394,31,41423,85,42706,85,265,72,25894,128,29336,157,55230,California
San Luis Obispo,2021-03-08,2740,87134,758,42181,1667,44373,315,580,1544,26562,1191,30527,1859,57089,California
San Luis Obispo,2021-03-09,2955,90089,971,43152,1736,46109,248,828,1524,26908,1427,31954,1773,58862,California
San Luis Obispo,2021-03-10,3201,93290,1240,44392,1678,47787,283,1111,1815,27625,1381,33335,2098,60960,California
San Luis Obispo,2021-03-11,3298,96588,1272,45664,1704,49491,322,1433,1804,28267,1484,34819,2126,63086,California
San Luis Obispo,2021-03-12,3258,99846,1278,46942,1640,51131,340,1773,1622,28603,1630,36449,1966,65052,California
San Luis Obispo,2021-03-13,801,100647,263,47205,430,51561,108,1881,430,28771,370,36819,538,65590,California
San Luis Obispo,2021-03-14,514,101161,53,47258,351,51912,110,1991,134,28636,379,37198,244,65834,California
San Luis Obispo,2021-03-15,3063,104224,1104,48362,1861,53773,98,2089,1529,28735,1531,38729,1630,67464,California
San Luis Obispo,2021-03-16,2860,107084,1511,49873,1238,55011,111,2200,1438,28868,1415,40144,1548,69012,California
San Luis Obispo,2021-03-17,3457,110541,1448,51321,1746,56757,263,2463,2009,29702,1437,41581,2271,71283,California
San Luis Obispo,2021-03-18,2829,113370,1452,52773,1163,57920,214,2677,1353,29799,1469,43050,1566,72849,California
San Luis Obispo,2021-03-19,2602,115972,1573,54346,707,58627,322,2999,962,29453,1632,44682,1286,74135,California
San Luis Obispo,2021-03-20,841,116813,503,54849,301,58928,37,3036,386,29422,454,45136,423,74558,California
San Luis Obispo,2021-03-21,187,117000,45,54894,139,59067,3,3039,157,29553,29,45165,160,74718,California
San Luis Obispo,2021-03-22,2706,119706,1170,56064,1488,60555,48,3087,1872,30643,830,45995,1920,76638,California
San Luis Obispo,2021-03-23,3394,123100,2216,58280,1148,61703,30,3117,2274,31832,1115,47110,2304,78942,California
San Luis Obispo,2021-03-24,3577,126677,2188,60468,1303,63006,86,3203,2663,33672,908,48018,2748,81690,California
San Luis Obispo,2021-03-25,3704,130381,2322,62790,1370,64376,12,3215,2653,35289,1047,49065,2664,84354,California
San Luis Obispo,2021-03-26,3266,133647,1808,64598,1024,65400,434,3649,1830,36122,1431,50496,2264,86618,California
San Luis Obispo,2021-03-27,992,134639,504,65102,397,65797,91,3740,451,36125,539,51035,542,87160,California
San Luis Obispo,2021-03-28,449,135088,153,65255,240,66037,56,3796,248,36229,200,51235,304,87464,California
San Luis Obispo,2021-03-29,2631,137719,1323,66578,1175,67212,133,3929,1684,37115,932,52167,1818,89282,California
San Luis Obispo,2021-03-30,3530,141249,1938,68516,1451,68663,141,4070,2343,38418,1180,53347,2483,91765,California
San Luis Obispo,2021-03-31,3895,145144,2480,70996,1268,69931,147,4217,2510,39700,1374,54721,2656,94421,California
San Luis Obispo,2021-04-01,3899,149043,2469,73465,1312,71243,118,4335,2722,41375,1163,55884,2838,97259,California
San Luis Obispo,2021-04-02,1750,150793,684,74149,751,71994,315,4650,948,41835,800,56684,1260,98519,California
San Luis Obispo,2021-04-03,1113,151906,556,74705,430,72424,127,4777,493,41839,616,57300,620,99139,California
San Luis Obispo,2021-04-04,391,152297,135,74840,216,72640,40,4817,242,41972,149,57449,282,99421,California
San Luis Obispo,2021-04-05,3609,155906,1934,76774,1564,74204,111,4928,2011,42499,1594,59043,2121,101542,California
San Luis Obispo,2021-04-06,4063,159969,2162,78936,1575,75779,326,5254,1940,42649,2115,61158,2265,103807,California
San Luis Obispo,2021-04-07,4312,164281,2351,81287,1595,77374,366,5620,2464,43643,1833,62991,2827,106634,California
San Luis Obispo,2021-04-08,4074,168355,2221,83508,1446,78820,407,6027,2169,44324,1896,64887,2577,109211,California
San Luis Obispo,2021-04-09,3691,172046,1757,85265,1174,79994,760,6787,1513,44424,2167,67054,2267,111478,California
San Luis Obispo,2021-04-10,1599,173645,571,85836,357,80351,671,7458,498,44489,1100,68154,1165,112643,California
San Luis Obispo,2021-04-11,314,173959,61,85897,186,80537,67,7525,123,44490,189,68343,190,112833,California
San Luis Obispo,2021-04-12,3420,177379,1717,87614,1540,82077,163,7688,1422,44077,1997,70340,1584,114417,California
San Luis Obispo,2021-04-13,3694,181073,2139,89753,1554,83631,1,7689,1983,44357,1707,72047,1987,116404,California
San Luis Obispo,2021-04-14,3590,184663,2040,91793,1545,85176,5,7694,1772,44332,1802,73849,1777,118181,California
San Luis Obispo,2021-04-15,3763,188426,2452,94245,1310,86486,1,7695,2018,44633,1726,75575,2027,120208,California
San Luis Obispo,2021-04-16,3697,192123,2255,96500,1438,87924,4,7699,1785,44523,1903,77478,1793,122001,California
San Luis Obispo,2021-04-17,1094,193217,432,96932,660,88584,2,7701,710,44852,383,77861,712,122713,California
San Luis Obispo,2021-04-18,323,193540,100,97032,222,88806,1,7702,114,44760,206,78067,114,122827,California
San Luis Obispo,2021-04-19,3210,196750,1357,98389,1815,90621,38,7740,1099,43800,2107,80174,1147,123974,California
San Luis Obispo,2021-04-20,3643,200393,2023,100412,1620,92241,0,7740,1334,42842,2299,82473,1341,125315,California
San Luis Obispo,2021-04-21,3987,204380,1835,102247,2152,94393,0,7740,1584,42047,2383,84856,1588,126903,California
San Luis Obispo,2021-04-22,4596,208976,2070,104317,2526,96919,0,7740,1415,40300,3164,88020,1417,128320,California
San Luis Obispo,2021-04-23,1409,210385,820,105137,585,97504,4,7744,700,40300,705,88725,705,129025,California
San Luis Obispo,2021-04-24,1084,211469,440,105577,625,98129,19,7763,509,40246,582,89307,528,129553,California
San Luis Obispo,2021-04-25,348,211817,162,105739,186,98315,0,7763,112,40125,233,89540,112,129665,California
San Luis Obispo,2021-04-26,1082,212899,396,106135,669,98984,17,7780,395,39861,675,90215,411,130076,California
San Luis Obispo,2021-04-27,3928,216827,1989,108124,1859,100843,80,7860,1544,39108,2376,92591,1623,131699,California
San Luis Obispo,2021-04-28,3814,220641,2102,110226,1640,102483,72,7932,1363,38104,2439,95030,1435,133134,California
San Luis Obispo,2021-04-29,3721,224362,2123,112349,1532,104015,66,7998,1253,36972,2452,97482,1320,134454,California
San Luis Obispo,2021-04-30,2987,227349,1672,114021,1241,105256,74,8072,925,35925,2044,99526,997,135451,California
San Luis Obispo,2021-05-01,472,227821,162,114183,275,105531,35,8107,99,35689,369,99895,133,135584,California
San Luis Obispo,2021-05-02,173,227994,53,114236,100,105631,20,8127,43,35622,130,100025,63,135647,California
San Luis Obispo,2021-05-03,896,228890,288,114524,498,106129,110,8237,226,35288,668,100693,334,135981,California
San Luis Obispo,2021-05-04,2954,231844,1907,116431,976,107105,71,8308,872,34154,2075,102768,941,136922,California
San Luis Obispo,2021-05-05,2821,234665,1862,118293,893,107998,66,8374,684,32780,2125,104893,751,137673,California
San Luis Obispo,2021-05-06,2831,237496,1909,120202,859,108857,63,8437,724,31477,2090,106983,787,138460,California
San Luis Obispo,2021-05-07,2343,239839,1765,121967,511,109368,67,8504,610,30443,1712,108695,678,139138,California
San Luis Obispo,2021-05-08,567,240406,332,122299,211,109579,24,8528,192,30302,357,109052,216,139354,California
San Luis Obispo,2021-05-09,163,240569,40,122339,104,109683,19,8547,45,30249,117,109169,64,139418,California
San Luis Obispo,2021-05-10,727,241296,155,122494,521,110204,51,8598,153,29882,569,109738,202,139620,California
San Luis Obispo,2021-05-11,1188,242484,596,123090,517,110721,75,8673,362,29499,820,110558,437,140057,California
San Luis Obispo,2021-05-12,2433,244917,1604,124694,746,111467,83,8756,672,28509,1745,112303,755,140812,California
San Luis Obispo,2021-05-13,1144,246061,714,125408,368,111835,62,8818,476,28383,663,112966,537,141349,California
San Luis Obispo,2021-05-14,2242,248303,1637,127045,554,112389,51,8869,927,28064,1296,114262,977,142326,California
San Luis Obispo,2021-05-15,986,249289,454,127499,498,112887,34,8903,463,28041,521,114783,498,142824,California
San Luis Obispo,2021-05-16,306,249595,164,127663,136,113023,6,8909,173,28088,132,114915,179,143003,California
San Luis Obispo,2021-05-17,1687,251282,976,128639,651,113674,60,8969,668,27806,1010,115925,728,143731,California
San Luis Obispo,2021-05-18,1899,253181,1161,129800,708,114382,30,8999,727,27398,1166,117091,758,144489,California
San Luis Obispo,2021-05-19,1452,254633,625,130425,765,115147,62,9061,410,26833,1036,118127,471,144960,California
San Luis Obispo,2021-05-20,1140,255773,504,130929,599,115746,37,9098,341,26423,788,118915,378,145338,California
San Luis Obispo,2021-05-21,1080,256853,574,131503,465,116211,41,9139,509,26412,561,119476,550,145888,California
San Luis Obispo,2021-05-22,669,257522,325,131828,322,116533,22,9161,331,26434,331,119807,353,146241,California
San Luis Obispo,2021-05-23,146,257668,68,131896,72,116605,6,9167,51,26397,94,119901,57,146298,California
San Luis Obispo,2021-05-24,565,258233,265,132161,266,116871,34,9201,204,26276,359,120260,238,146536,California
San Luis Obispo,2021-05-25,877,259110,433,132594,417,117288,27,9228,351,26135,518,120778,377,146913,California
San Luis Obispo,2021-05-26,2145,261255,992,133586,1098,118386,55,9283,670,25391,1468,122246,724,147637,California
San Luis Obispo,2021-05-27,1874,263129,662,134248,1179,119565,33,9316,483,24520,1386,123632,515,148152,California
San Luis Obispo,2021-05-28,883,264012,452,134700,410,119975,21,9337,464,24588,417,124049,485,148637,California
San Luis Obispo,2021-05-29,374,264386,150,134850,213,120188,11,9348,211,24649,162,124211,223,148860,California
San Luis Obispo,2021-05-30,88,264474,35,134885,45,120233,8,9356,34,24637,53,124264,41,148901,California
San Luis Obispo,2021-05-31,42,264516,5,134890,23,120256,14,9370,16,24641,25,124289,29,148930,California
San Luis Obispo,2021-06-01,751,265267,326,135216,394,120650,31,9401,270,24465,477,124766,301,149231,California
San Luis Obispo,2021-06-02,632,265899,287,135503,304,120954,41,9442,186,24251,440,125206,226,149457,California
San Luis Obispo,2021-06-03,917,266816,453,135956,432,121386,32,9474,253,23875,661,125867,285,149742,California
San Luis Obispo,2021-06-04,2470,269286,1520,137476,910,122296,40,9514,701,22857,1757,127624,739,150481,California
San Luis Obispo,2021-06-05,659,269945,286,137762,352,122648,21,9535,322,22863,337,127961,343,150824,California
San Luis Obispo,2021-06-06,185,270130,132,137894,44,122692,9,9544,46,22779,139,128100,55,150879,California
San Luis Obispo,2021-06-07,549,270679,358,138252,150,122842,41,9585,156,22585,391,128491,197,151076,California
San Luis Obispo,2021-06-08,784,271463,526,138778,217,123059,41,9626,245,22336,535,129026,286,151362,California
San Luis Obispo,2021-06-09,621,272084,353,139131,237,123296,31,9657,188,22124,431,129457,219,151581,California
San Luis Obispo,2021-06-10,758,272842,366,139497,353,123649,39,9696,236,21879,520,129977,275,151856,California
San Luis Obispo,2021-06-11,927,273769,541,140038,350,123999,36,9732,345,21683,578,130555,382,152238,California
San Luis Obispo,2021-06-12,391,274160,267,140305,121,124120,3,9735,167,21630,223,130778,170,152408,California
San Luis Obispo,2021-06-13,159,274319,91,140396,65,124185,3,9738,42,21558,117,130895,45,152453,California
San Luis Obispo,2021-06-14,458,274777,302,140698,125,124310,31,9769,133,21398,322,131217,162,152615,California
San Luis Obispo,2021-06-15,640,275417,397,141095,205,124515,38,9807,238,21275,398,131615,275,152890,California
San Luis Obispo,2021-06-16,596,276013,361,141456,206,124721,29,9836,181,21075,409,132024,209,153099,California
San Luis Obispo,2021-06-17,595,276608,338,141794,230,124951,27,9863,192,20892,402,132426,219,153318,California
San Luis Obispo,2021-06-18,540,277148,290,142084,212,125163,38,9901,189,20771,347,132773,226,153544,California
San Luis Obispo,2021-06-19,221,277369,104,142188,103,125266,14,9915,92,20750,127,132900,106,153650,California
San Luis Obispo,2021-06-20,49,277418,33,142221,15,125281,1,9916,25,20752,24,132924,26,153676,California
San Mateo,2020-12-15,27,27,27,27,0,0,0,0,27,27,0,0,27,27,California
San Mateo,2020-12-16,110,137,110,137,0,0,0,0,110,137,0,0,110,137,California
San Mateo,2020-12-17,172,309,172,309,0,0,0,0,172,309,0,0,172,309,California
San Mateo,2020-12-18,772,1081,770,1079,2,2,0,0,772,1081,0,0,772,1081,California
San Mateo,2020-12-19,504,1585,504,1583,0,2,0,0,504,1585,0,0,504,1585,California
San Mateo,2020-12-20,505,2090,504,2087,1,3,0,0,505,2090,0,0,505,2090,California
San Mateo,2020-12-21,1137,3227,1136,3223,1,4,0,0,1137,3227,0,0,1137,3227,California
San Mateo,2020-12-22,1516,4743,1508,4731,8,12,0,0,1515,4742,0,0,1515,4742,California
San Mateo,2020-12-23,1557,6300,1369,6100,188,200,0,0,1557,6299,0,0,1557,6299,California
San Mateo,2020-12-24,863,7163,610,6710,253,453,0,0,863,7162,0,0,863,7162,California
San Mateo,2020-12-25,117,7280,114,6824,3,456,0,0,117,7279,0,0,117,7279,California
San Mateo,2020-12-26,559,7839,416,7240,143,599,0,0,559,7838,0,0,559,7838,California
San Mateo,2020-12-27,308,8147,177,7417,131,730,0,0,308,8146,0,0,308,8146,California
San Mateo,2020-12-28,1048,9195,706,8123,342,1072,0,0,1048,9194,0,0,1048,9194,California
San Mateo,2020-12-29,1132,10327,715,8838,417,1489,0,0,1132,10326,0,0,1132,10326,California
San Mateo,2020-12-30,1262,11589,762,9600,500,1989,0,0,1262,11588,0,0,1262,11588,California
San Mateo,2020-12-31,710,12299,231,9831,479,2468,0,0,709,12296,1,1,709,12297,California
San Mateo,2021-01-01,112,12411,76,9907,36,2504,0,0,112,12408,0,1,112,12409,California
San Mateo,2021-01-02,396,12807,269,10176,127,2631,0,0,396,12804,0,1,396,12805,California
San Mateo,2021-01-03,286,13093,211,10387,75,2706,0,0,283,13084,3,4,283,13088,California
San Mateo,2021-01-04,1045,14138,674,11061,371,3077,0,0,1045,14129,0,4,1045,14133,California
San Mateo,2021-01-05,1212,15350,715,11776,497,3574,0,0,1180,15278,32,36,1181,15314,California
San Mateo,2021-01-06,1453,16803,956,12732,497,4071,0,0,1263,16355,187,223,1264,16578,California
San Mateo,2021-01-07,1457,18260,817,13549,640,4711,0,0,1149,17203,301,524,1149,17727,California
San Mateo,2021-01-08,1857,20117,1206,14755,651,5362,0,0,1147,17646,704,1228,1147,18874,California
San Mateo,2021-01-09,1170,21287,772,15527,398,5760,0,0,714,17904,456,1684,714,19588,California
San Mateo,2021-01-10,703,21990,577,16104,126,5886,0,0,262,17725,441,2125,262,19850,California
San Mateo,2021-01-11,2597,24587,1490,17594,1107,6993,0,0,1534,18197,1064,3189,1536,21386,California
San Mateo,2021-01-12,3444,28031,1931,19525,1513,8506,0,0,2221,19209,1213,4402,2225,23611,California
San Mateo,2021-01-13,3410,31441,1665,21190,1745,10251,0,0,2365,20531,1045,5447,2367,25978,California
San Mateo,2021-01-14,3794,35235,1607,22797,2187,12438,0,0,3097,22936,697,6144,3102,29080,California
San Mateo,2021-01-15,4344,39579,1735,24532,2609,15047,0,0,3794,26191,548,6692,3803,32883,California
San Mateo,2021-01-16,3094,42673,771,25303,2323,17370,0,0,2763,28625,330,7022,2764,35647,California
San Mateo,2021-01-17,1310,43983,309,25612,1001,18371,0,0,1101,29517,209,7231,1101,36748,California
San Mateo,2021-01-18,1356,45339,534,26146,822,19193,0,0,978,30120,375,7606,978,37726,California
San Mateo,2021-01-19,2798,48137,1793,27939,1005,20198,0,0,1995,31315,800,8406,1995,39721,California
San Mateo,2021-01-20,2797,50934,1546,29485,1251,21449,0,0,1951,32424,843,9249,1952,41673,California
San Mateo,2021-01-21,2857,53791,1293,30778,1564,23013,0,0,2271,34114,584,9833,2274,43947,California
San Mateo,2021-01-22,2817,56608,1147,31925,1670,24683,0,0,2522,36346,293,10126,2525,46472,California
San Mateo,2021-01-23,2871,59479,1675,33600,1196,25879,0,0,2509,38494,362,10488,2510,48982,California
San Mateo,2021-01-24,1508,60987,377,33977,1131,27010,0,0,1198,39384,309,10797,1199,50181,California
San Mateo,2021-01-25,4394,65381,3133,37110,1261,28271,0,0,3496,41989,895,11692,3500,53681,California
San Mateo,2021-01-26,4323,69704,3008,40118,1315,29586,0,0,3390,44452,931,12623,3394,57075,California
San Mateo,2021-01-27,2810,72514,1478,41596,1332,30918,0,0,1799,45247,1005,13628,1800,58875,California
San Mateo,2021-01-28,2803,75317,1359,42955,1444,32362,0,0,1946,46350,843,14471,1946,60821,California
San Mateo,2021-01-29,3009,78326,1369,44324,1640,34002,0,0,2154,47654,852,15323,2156,62977,California
San Mateo,2021-01-30,3488,81814,1489,45813,1999,36001,0,0,3030,50228,457,15780,3031,66008,California
San Mateo,2021-01-31,1674,83488,894,46707,780,36781,0,0,1513,51581,160,15940,1513,67521,California
San Mateo,2021-02-01,2929,86417,1357,48064,1572,38353,0,0,2208,53073,717,16657,2209,69730,California
San Mateo,2021-02-02,3204,89621,1730,49794,1474,39827,0,0,2172,54218,1028,17685,2173,71903,California
San Mateo,2021-02-03,5001,94622,2059,51853,2942,42769,0,0,3858,56937,1140,18825,3859,75762,California
San Mateo,2021-02-04,6185,100807,2507,54360,3678,46447,0,0,4905,60571,1275,20100,4909,80671,California
San Mateo,2021-02-05,6773,107580,2542,56902,4231,50678,0,0,4951,63718,1804,21904,4951,85622,California
San Mateo,2021-02-06,3268,110848,1912,58814,1356,52034,0,0,2609,65672,657,22561,2611,88233,California
San Mateo,2021-02-07,1888,112736,1346,60160,542,52576,0,0,1700,67184,188,22749,1700,89933,California
San Mateo,2021-02-08,5281,118017,2264,62424,3017,55593,0,0,3109,68185,2108,24857,3109,93042,California
San Mateo,2021-02-09,6151,124168,3206,65630,2945,58538,0,0,3317,68674,2828,27685,3317,96359,California
San Mateo,2021-02-10,6526,130694,3282,68912,3244,61782,0,0,3430,69019,3085,30770,3430,99789,California
San Mateo,2021-02-11,7041,137735,3579,72491,3462,65244,0,0,3795,69579,3237,34007,3797,103586,California
San Mateo,2021-02-12,6630,144365,2989,75480,3641,68885,0,0,4701,72358,1924,35931,4703,108289,California
San Mateo,2021-02-13,6108,150473,4030,79510,2078,70963,0,0,2634,71523,3469,39400,2634,110923,California
San Mateo,2021-02-14,4638,155111,3033,82543,1605,72568,0,0,1979,70850,2653,42053,1980,112903,California
San Mateo,2021-02-15,3126,158237,1440,83983,1686,74254,0,0,1763,71257,1357,43410,1764,114667,California
San Mateo,2021-02-16,7127,165364,1882,85865,5245,79499,0,0,5262,74658,1863,45273,5264,119931,California
San Mateo,2021-02-17,7055,172419,1936,87801,5119,84618,0,0,5028,77668,2020,47293,5030,124961,California
San Mateo,2021-02-18,6650,179069,4590,92391,2060,86678,0,0,4417,79859,2229,49522,4420,129381,California
San Mateo,2021-02-19,7789,186858,5599,97990,2190,88868,0,0,5768,83613,2014,51536,5768,135149,California
San Mateo,2021-02-20,3782,190640,2423,100413,1359,90227,0,0,2347,84532,1428,52964,2347,137496,California
San Mateo,2021-02-21,2620,193260,1783,102196,837,91064,0,0,1565,85050,1048,54012,1566,139062,California
San Mateo,2021-02-22,4449,197709,3241,105437,1208,92272,0,0,2817,86242,1626,55638,2818,141880,California
San Mateo,2021-02-23,4340,202049,3122,108559,1218,93490,0,0,2534,86979,1797,57435,2534,144414,California
San Mateo,2021-02-24,7361,209410,3313,111872,4048,97538,0,0,4890,89409,2462,59897,4892,149306,California
San Mateo,2021-02-25,9283,218693,4132,116004,5151,102689,0,0,6125,92394,3141,63038,6126,155432,California
San Mateo,2021-02-26,10005,228698,3857,119861,6148,108837,0,0,6939,96286,3051,66089,6943,162375,California
San Mateo,2021-02-27,6959,235657,3555,123416,3404,112241,0,0,3732,96805,3220,69309,3739,166114,California
San Mateo,2021-02-28,4434,240091,2742,126158,1692,113933,0,0,2663,97706,1763,71072,2664,168778,California
San Mateo,2021-03-01,5994,246085,3789,129947,2202,116135,3,3,2963,97658,3016,74088,2968,171746,California
San Mateo,2021-03-02,6207,252292,4417,134364,1789,117924,1,4,3568,98597,2631,76719,3570,175316,California
San Mateo,2021-03-03,8474,260766,3990,138354,4482,122406,2,6,3653,97444,4808,81527,3655,178971,California
San Mateo,2021-03-04,8511,269277,4003,142357,4505,126911,3,9,3827,96613,4663,86190,3832,182803,California
San Mateo,2021-03-05,9345,278622,6241,148598,3100,130011,4,13,6547,100389,2777,88967,6553,189356,California
San Mateo,2021-03-06,7967,286589,5560,154158,2232,132243,175,188,5843,104293,2113,91080,6017,195373,California
San Mateo,2021-03-07,3572,290161,2441,156599,1061,133304,70,258,2101,104999,1467,92547,2173,197546,California
San Mateo,2021-03-08,4498,294659,2550,159149,1730,135034,218,476,3289,107302,1202,93749,3505,201051,California
San Mateo,2021-03-09,5394,300053,2850,161999,2269,137303,275,751,3803,109798,1579,95328,4075,205126,California
San Mateo,2021-03-10,7200,307253,2908,164907,4006,141309,286,1037,4813,112524,2371,97699,5097,210223,California
San Mateo,2021-03-11,9100,316353,5727,170634,2983,144292,390,1427,3698,111238,5370,103069,4084,214307,California
San Mateo,2021-03-12,10569,326922,6683,177317,3501,147793,385,1812,3571,108215,6978,110047,3955,218262,California
San Mateo,2021-03-13,8223,335145,3490,180807,3099,150892,1634,3446,3987,109603,4223,114270,5611,223873,California
San Mateo,2021-03-14,4984,340129,3376,184183,1504,152396,104,3550,2645,110021,2331,116601,2749,226622,California
San Mateo,2021-03-15,7159,347288,4629,188812,2354,154750,176,3726,3746,110538,3406,120007,3923,230545,California
San Mateo,2021-03-16,11936,359224,4380,193192,7434,162184,122,3848,4787,108319,7130,127137,4911,235456,California
San Mateo,2021-03-17,10857,370081,4415,197607,6297,168481,145,3993,4860,107358,5967,133104,5006,240462,California
San Mateo,2021-03-18,7254,377335,4084,201691,2984,171465,186,4179,4282,108861,2964,136068,4467,244929,California
San Mateo,2021-03-19,7447,384782,4830,206521,1944,173409,673,4852,3559,109216,3877,139945,4232,249161,California
San Mateo,2021-03-20,8485,393267,6555,213076,1595,175004,335,5187,5424,111931,3043,142988,5758,254919,California
San Mateo,2021-03-21,4230,397497,3221,216297,782,175786,227,5414,2270,112476,1949,144937,2494,257413,California
San Mateo,2021-03-22,5243,402740,3582,219879,1243,177029,418,5832,2743,113152,2484,147421,3160,260573,California
San Mateo,2021-03-23,9798,412538,4481,224360,5124,182153,193,6025,4379,112336,5388,152809,4572,265145,California
San Mateo,2021-03-24,9493,422031,5467,229827,3883,186036,143,6168,4049,111154,5371,158180,4189,269334,California
San Mateo,2021-03-25,10150,432181,4952,234779,4891,190927,307,6475,4400,110219,5645,163825,4710,274044,California
San Mateo,2021-03-26,11267,443448,7771,242550,3328,194255,168,6643,4281,107725,6944,170769,4450,278494,California
San Mateo,2021-03-27,10615,454063,8153,250703,2358,196613,104,6747,4718,106668,5878,176647,4821,283315,California
San Mateo,2021-03-28,4252,458315,2766,253469,1376,197989,110,6857,1984,106506,2258,178905,2096,285411,California
San Mateo,2021-03-29,6025,464340,3750,257219,2021,200010,254,7111,2681,106117,3324,182229,2935,288346,California
San Mateo,2021-03-30,7150,471490,4069,261288,2928,202938,153,7264,3841,106819,3292,185521,3994,292340,California
San Mateo,2021-03-31,7271,478761,4590,265878,2537,205475,144,7408,3810,107330,3443,188964,3954,296294,California
San Mateo,2021-04-01,10613,489374,5245,271123,4161,209636,1207,8615,5707,109382,4857,193821,6909,303203,California
San Mateo,2021-04-02,10882,500256,5187,276310,4036,213672,1659,10274,5665,111503,5195,199016,7316,310519,California
San Mateo,2021-04-03,10022,510278,5720,282030,2467,216139,1835,12109,5078,113481,4935,203951,6913,317432,California
San Mateo,2021-04-04,5435,515713,2617,284647,1565,217704,1253,13362,1694,112700,3725,207676,2944,320376,California
San Mateo,2021-04-05,8941,524654,4762,289409,2452,220156,1727,15089,3821,113142,5102,212778,5544,325920,California
San Mateo,2021-04-06,13290,537944,8243,297652,3190,223346,1857,16946,7516,116762,5758,218536,9378,335298,California
San Mateo,2021-04-07,11383,549327,5243,302895,4452,227798,1688,18634,4824,116728,6538,225074,6504,341802,California
San Mateo,2021-04-08,10172,559499,5038,307933,2530,230328,2604,21238,4508,118182,5645,230719,7099,348901,California
San Mateo,2021-04-09,11354,570853,5537,313470,3337,233665,2480,23718,5098,119499,6253,236972,7570,356471,California
San Mateo,2021-04-10,11352,582205,5751,319221,4152,237817,1449,25167,4686,118995,6635,243607,6131,362602,California
San Mateo,2021-04-11,6682,588887,3297,322518,872,238689,2513,27680,2314,119455,4361,247968,4821,367423,California
San Mateo,2021-04-12,7331,596218,4460,326978,1892,240581,979,28659,3550,120220,3760,251728,4525,371948,California
San Mateo,2021-04-13,8241,604459,5130,332108,3100,243681,11,28670,4389,120782,3840,255568,4402,376350,California
San Mateo,2021-04-14,8395,612854,5453,337561,2941,246622,1,28671,4334,121081,4043,259611,4342,380692,California
San Mateo,2021-04-15,11245,624099,7468,345029,3775,250397,2,28673,7403,124674,3815,263426,7408,388100,California
San Mateo,2021-04-16,10027,634126,6922,351951,3089,253486,16,28689,6384,127467,3620,267046,6413,394513,California
San Mateo,2021-04-17,9892,644018,6576,358527,3314,256800,2,28691,6178,129965,3704,270750,6202,400715,California
San Mateo,2021-04-18,5491,649509,2628,361155,2863,259663,0,28691,3702,131899,1775,272525,3709,404424,California
San Mateo,2021-04-19,8370,657879,5453,366608,2917,262580,0,28691,5459,134474,2896,275421,5471,409895,California
San Mateo,2021-04-20,10343,668222,5776,372384,4566,267146,1,28692,6667,137506,3654,279075,6686,416581,California
San Mateo,2021-04-21,9035,677257,6104,378488,2929,270075,2,28694,5589,139678,3424,282499,5596,422177,California
San Mateo,2021-04-22,9688,686945,6491,384979,3196,273271,1,28695,5386,140803,4269,286768,5394,427571,California
San Mateo,2021-04-23,9480,696425,6259,391238,3221,276492,0,28695,5346,142057,4108,290876,5362,432933,California
San Mateo,2021-04-24,11305,707730,8045,399283,3260,279752,0,28695,5842,142468,5439,296315,5850,438783,California
San Mateo,2021-04-25,5539,713269,3847,403130,1690,281442,2,28697,3957,144868,1566,297881,3966,442749,California
San Mateo,2021-04-26,6649,719918,4802,407932,1839,283281,8,28705,3886,146025,2750,300631,3907,446656,California
San Mateo,2021-04-27,11364,731282,7991,415923,3218,286499,155,28860,4643,144139,6688,307319,4802,451458,California
San Mateo,2021-04-28,7867,739149,4490,420413,3172,289671,205,29065,4217,144929,3636,310955,4426,455884,California
San Mateo,2021-04-29,8100,747249,3748,424161,4180,293851,172,29237,3667,144376,4404,315359,3851,459735,California
San Mateo,2021-04-30,8052,755301,5060,429221,2839,296690,153,29390,3416,143352,4610,319969,3586,463321,California
San Mateo,2021-05-01,6167,761468,4130,433351,1919,298609,118,29508,2691,142715,3457,323426,2820,466141,California
San Mateo,2021-05-02,3187,764655,1741,435092,1376,299985,70,29578,1157,141925,2022,325448,1232,467373,California
San Mateo,2021-05-03,6015,770670,4485,439577,1386,301371,144,29722,1838,139739,4169,329617,1983,469356,California
San Mateo,2021-05-04,7337,778007,4997,444574,2168,303539,172,29894,2490,137579,4833,334450,2673,472029,California
San Mateo,2021-05-05,6906,784913,4526,449100,2222,305761,158,30052,2389,135643,4486,338936,2550,474579,California
San Mateo,2021-05-06,8654,793567,6758,455858,1720,307481,176,30228,1747,130682,6887,345823,1926,476505,California
San Mateo,2021-05-07,8208,801775,5865,461723,2056,309537,287,30515,1830,126458,6353,352176,2129,478634,California
San Mateo,2021-05-08,6643,808418,4010,465733,2393,311930,240,30755,1847,123766,4783,356959,2091,480725,California
San Mateo,2021-05-09,3136,811554,2437,468170,625,312555,74,30829,1061,122837,2065,359024,1136,481861,California
San Mateo,2021-05-10,4630,816184,3331,471501,1128,313683,171,31000,757,119910,3863,362887,936,482797,California
San Mateo,2021-05-11,6738,822922,5044,476545,1565,315248,129,31129,1743,116802,4982,367869,1874,484671,California
San Mateo,2021-05-12,6934,829856,5047,481592,1672,316920,215,31344,1799,113698,5120,372989,2016,486687,California
San Mateo,2021-05-13,9640,839496,7212,488804,2332,319252,96,31440,3570,111340,6037,379026,3679,490366,California
San Mateo,2021-05-14,8403,847899,6232,495036,2058,321310,113,31553,2715,108504,5671,384697,2835,493201,California
San Mateo,2021-05-15,10410,858309,8119,503155,2190,323500,101,31654,4566,107361,5831,390528,4688,497889,California
San Mateo,2021-05-16,7169,865478,5094,508249,2006,325506,69,31723,2187,104655,4963,395491,2257,500146,California
San Mateo,2021-05-17,7080,872558,5012,513261,1958,327464,110,31833,2151,102006,4914,400405,2265,502411,California
San Mateo,2021-05-18,8469,881027,5853,519114,2519,329983,97,31930,3113,99993,5229,405634,3216,505627,California
San Mateo,2021-05-19,7892,888919,5906,525020,1864,331847,122,32052,3708,99689,4136,409770,3832,509459,California
San Mateo,2021-05-20,5636,894555,3467,528487,2034,333881,135,32187,2265,98744,3347,413117,2402,511861,California
San Mateo,2021-05-21,6997,901552,4767,533254,2086,335967,144,32331,2047,96006,4929,418046,2191,514052,California
San Mateo,2021-05-22,6372,907924,4335,537589,1969,337936,68,32399,2635,94994,3717,421763,2705,516757,California
San Mateo,2021-05-23,3007,910931,1661,539250,1257,339193,89,32488,1164,94417,1831,423594,1254,518011,California
San Mateo,2021-05-24,3465,914396,2246,541496,1070,340263,149,32637,1126,93369,2321,425915,1273,519284,California
San Mateo,2021-05-25,4766,919162,3003,544499,1584,341847,179,32816,1596,91999,3148,429063,1778,521062,California
San Mateo,2021-05-26,5695,924857,3063,547562,2514,344361,118,32934,1807,90056,3868,432931,1925,522987,California
San Mateo,2021-05-27,3774,928631,2197,549759,1477,345838,100,33034,1243,88890,2506,435437,1340,524327,California
San Mateo,2021-05-28,3480,932111,2187,551946,1208,347046,85,33119,1325,88184,2115,437552,1409,525736,California
San Mateo,2021-05-29,3220,935331,2286,554232,882,347928,52,33171,1311,87663,1883,439435,1362,527098,California
San Mateo,2021-05-30,1634,936965,1098,555330,475,348403,61,33232,646,87391,979,440414,707,527805,California
San Mateo,2021-05-31,442,937407,277,555607,156,348559,9,33241,164,87288,276,440690,173,527978,California
San Mateo,2021-06-01,3320,940727,1969,557576,1254,349813,97,33338,1048,86173,2259,442949,1144,529122,California
San Mateo,2021-06-02,2771,943498,1839,559415,854,350667,78,33416,1122,85737,1634,444583,1198,530320,California
San Mateo,2021-06-03,3822,947320,3006,562421,702,351369,114,33530,886,83810,2923,447506,996,531316,California
San Mateo,2021-06-04,4168,951488,3221,565642,851,352220,96,33626,1240,82224,2909,450415,1323,532639,California
San Mateo,2021-06-05,5161,956649,4520,570162,543,352763,98,33724,1106,79403,4025,454440,1204,533843,California
San Mateo,2021-06-06,2500,959149,2061,572223,378,353141,61,33785,552,78085,1927,456367,609,534452,California
San Mateo,2021-06-07,3108,962257,2605,574828,420,353561,83,33868,790,76645,2311,458678,871,535323,California
San Mateo,2021-06-08,4080,966337,3445,578273,531,354092,104,33972,1008,74721,3037,461715,1113,536436,California
San Mateo,2021-06-09,4143,970480,3566,581839,507,354599,70,34042,628,71914,3503,465218,696,537132,California
San Mateo,2021-06-10,2973,973453,2407,584246,450,355049,116,34158,778,70626,2182,467400,894,538026,California
San Mateo,2021-06-11,2836,976289,2282,586528,442,355491,112,34270,917,69745,1910,469310,1029,539055,California
San Mateo,2021-06-12,3155,979444,2817,589345,258,355749,80,34350,774,68231,2368,471678,854,539909,California
San Mateo,2021-06-13,1426,980870,1077,590422,287,356036,62,34412,362,67603,1052,472730,424,540333,California
San Mateo,2021-06-14,2411,983281,2084,592506,245,356281,82,34494,778,66861,1602,474332,860,541193,California
San Mateo,2021-06-15,2251,985532,1791,594297,340,356621,120,34614,685,66118,1548,475880,805,541998,California
San Mateo,2021-06-16,2406,987938,1996,596293,258,356879,152,34766,692,65287,1670,477550,839,542837,California
San Mateo,2021-06-17,1945,989883,1614,597907,248,357127,83,34849,693,64863,1201,478751,777,543614,California
San Mateo,2021-06-18,2047,991930,1707,599614,262,357389,78,34927,570,64049,1459,480210,645,544259,California
San Mateo,2021-06-19,1714,993644,1506,601120,147,357536,61,34988,573,63607,1074,481284,632,544891,California
San Mateo,2021-06-20,277,993921,245,601365,25,357561,7,34995,92,63522,184,481468,99,544990,California
Santa Barbara,2020-12-15,2,2,2,2,0,0,0,0,2,2,0,0,2,2,California
Santa Barbara,2020-12-16,2,4,2,4,0,0,0,0,2,4,0,0,2,4,California
Santa Barbara,2020-12-17,56,60,56,60,0,0,0,0,56,60,0,0,56,60,California
Santa Barbara,2020-12-18,380,440,379,439,1,1,0,0,380,440,0,0,380,440,California
Santa Barbara,2020-12-19,325,765,325,764,0,1,0,0,325,765,0,0,325,765,California
Santa Barbara,2020-12-20,235,1000,235,999,0,1,0,0,235,1000,0,0,235,1000,California
Santa Barbara,2020-12-21,653,1653,651,1650,2,3,0,0,653,1653,0,0,653,1653,California
Santa Barbara,2020-12-22,246,1899,244,1894,2,5,0,0,246,1899,0,0,246,1899,California
Santa Barbara,2020-12-23,324,2223,206,2100,118,123,0,0,324,2223,0,0,324,2223,California
Santa Barbara,2020-12-24,88,2311,40,2140,48,171,0,0,88,2311,0,0,88,2311,California
Santa Barbara,2020-12-26,325,2636,66,2206,259,430,0,0,325,2636,0,0,325,2636,California
Santa Barbara,2020-12-27,62,2698,1,2207,61,491,0,0,62,2698,0,0,62,2698,California
Santa Barbara,2020-12-28,357,3055,224,2431,133,624,0,0,357,3055,0,0,357,3055,California
Santa Barbara,2020-12-29,562,3617,359,2790,203,827,0,0,562,3617,0,0,562,3617,California
Santa Barbara,2020-12-30,581,4198,398,3188,183,1010,0,0,581,4198,0,0,581,4198,California
Santa Barbara,2020-12-31,242,4440,115,3303,127,1137,0,0,242,4440,0,0,242,4440,California
Santa Barbara,2021-01-01,117,4557,111,3414,6,1143,0,0,117,4557,0,0,117,4557,California
Santa Barbara,2021-01-02,599,5156,233,3647,366,1509,0,0,599,5156,0,0,599,5156,California
Santa Barbara,2021-01-03,23,5179,15,3662,8,1517,0,0,23,5179,0,0,23,5179,California
Santa Barbara,2021-01-04,305,5484,242,3904,63,1580,0,0,304,5483,0,0,304,5483,California
Santa Barbara,2021-01-05,754,6238,380,4284,374,1954,0,0,726,6181,28,28,726,6209,California
Santa Barbara,2021-01-06,657,6895,277,4561,380,2334,0,0,596,6717,60,88,596,6805,California
Santa Barbara,2021-01-07,1032,7927,709,5270,323,2657,0,0,528,6745,500,588,528,7333,California
Santa Barbara,2021-01-08,1203,9130,846,6116,357,3014,0,0,709,6960,494,1082,709,8042,California
Santa Barbara,2021-01-09,565,9695,293,6409,272,3286,0,0,319,7033,246,1328,319,8361,California
Santa Barbara,2021-01-10,64,9759,51,6460,13,3299,0,0,47,7063,17,1345,47,8408,California
Santa Barbara,2021-01-11,842,10601,674,7134,168,3467,0,0,616,7454,225,1570,616,9024,California
Santa Barbara,2021-01-12,1441,12042,646,7780,795,4262,0,0,1282,8577,159,1729,1282,10306,California
Santa Barbara,2021-01-13,1220,13262,269,8049,951,5213,0,0,1094,9545,126,1855,1094,11400,California
Santa Barbara,2021-01-14,1258,14520,138,8187,1120,6333,0,0,1203,10695,54,1909,1204,12604,California
Santa Barbara,2021-01-15,1814,16334,429,8616,1385,7718,0,0,1731,12345,81,1990,1731,14335,California
Santa Barbara,2021-01-16,1281,17615,203,8819,1078,8796,0,0,1241,13547,39,2029,1241,15576,California
Santa Barbara,2021-01-17,126,17741,23,8842,103,8899,0,0,123,13667,3,2032,123,15699,California
Santa Barbara,2021-01-18,1156,18897,420,9262,736,9635,0,0,970,14451,186,2218,970,16669,California
Santa Barbara,2021-01-19,1646,20543,572,9834,1074,10709,0,0,1365,15538,278,2496,1365,18034,California
Santa Barbara,2021-01-20,2115,22658,550,10384,1565,12274,0,0,1759,16942,355,2851,1759,19793,California
Santa Barbara,2021-01-21,3209,25867,1925,12309,1284,13558,0,0,3049,19832,160,3011,3050,22843,California
Santa Barbara,2021-01-22,2937,28804,1782,14091,1155,14713,0,0,2774,22447,160,3171,2775,25618,California
Santa Barbara,2021-01-23,1730,30534,1099,15190,631,15344,0,0,1213,23144,516,3687,1213,26831,California
Santa Barbara,2021-01-24,843,31377,751,15941,92,15436,0,0,833,23967,10,3697,833,27664,California
Santa Barbara,2021-01-25,1240,32617,495,16436,745,16181,0,0,1005,24737,235,3932,1005,28669,California
Santa Barbara,2021-01-26,2091,34708,506,16942,1585,17766,0,0,1707,26062,382,4314,1707,30376,California
Santa Barbara,2021-01-27,1173,35881,404,17346,769,18535,0,0,911,26714,261,4575,913,31289,California
Santa Barbara,2021-01-28,897,36778,298,17644,599,19134,0,0,683,27186,211,4786,683,31972,California
Santa Barbara,2021-01-29,1351,38129,531,18175,820,19954,0,0,988,27817,359,5145,990,32962,California
Santa Barbara,2021-01-30,1912,40041,1423,19598,489,20443,0,0,1495,28898,414,5559,1495,34457,California
Santa Barbara,2021-01-31,1458,41499,1218,20816,240,20683,0,0,1419,30278,39,5598,1419,35876,California
Santa Barbara,2021-02-01,958,42457,531,21347,427,21110,0,0,559,30438,399,5997,559,36435,California
Santa Barbara,2021-02-02,1813,44270,682,22029,1131,22241,0,0,1043,30714,768,6765,1044,37479,California
Santa Barbara,2021-02-03,1955,46225,1080,23109,875,23116,0,0,1512,31795,432,7197,1513,38992,California
Santa Barbara,2021-02-04,2786,49011,1869,24978,917,24033,0,0,2488,33991,292,7489,2488,41480,California
Santa Barbara,2021-02-05,2906,51917,2062,27040,844,24877,0,0,2259,35605,645,8134,2259,43739,California
Santa Barbara,2021-02-06,1202,53119,339,27379,863,25740,0,0,793,35989,409,8543,793,44532,California
Santa Barbara,2021-02-07,309,53428,267,27646,42,25782,0,0,271,36223,37,8580,271,44803,California
Santa Barbara,2021-02-08,956,54384,310,27956,646,26428,0,0,667,36601,289,8869,667,45470,California
Santa Barbara,2021-02-09,2435,56819,313,28269,2122,28550,0,0,1116,36407,1310,10179,1116,46586,California
Santa Barbara,2021-02-10,2762,59581,1495,29764,1267,29817,0,0,775,35204,1979,12158,776,47362,California
Santa Barbara,2021-02-11,4200,63781,2817,32581,1383,31200,0,0,632,32280,3556,15714,632,47994,California
Santa Barbara,2021-02-12,3309,67090,950,33531,2359,33559,0,0,777,30531,2526,18240,777,48771,California
Santa Barbara,2021-02-13,1232,68322,339,33870,893,34452,0,0,561,30423,669,18909,561,49332,California
Santa Barbara,2021-02-14,339,68661,43,33913,296,34748,0,0,290,30665,49,18958,291,49623,California
Santa Barbara,2021-02-15,971,69632,340,34253,631,35379,0,0,495,30688,473,19431,496,50119,California
Santa Barbara,2021-02-16,2163,71795,447,34700,1716,37095,0,0,726,29981,1433,20864,726,50845,California
Santa Barbara,2021-02-17,1441,73236,322,35022,1119,38214,0,0,521,29589,916,21780,524,51369,California
Santa Barbara,2021-02-18,3263,76499,2657,37679,606,38820,0,0,1525,29413,1702,23482,1526,52895,California
Santa Barbara,2021-02-19,3583,80082,2632,40311,951,39771,0,0,2319,30472,1261,24743,2320,55215,California
Santa Barbara,2021-02-20,2232,82314,1447,41758,785,40556,0,0,1671,31592,551,25294,1671,56886,California
Santa Barbara,2021-02-21,139,82453,110,41868,29,40585,0,0,62,31579,75,25369,62,56948,California
Santa Barbara,2021-02-22,933,83386,243,42111,690,41275,0,0,270,31188,661,26030,270,57218,California
Santa Barbara,2021-02-23,3198,86584,1050,43161,2148,43423,0,0,424,28843,2770,28800,425,57643,California
Santa Barbara,2021-02-24,3222,89806,1101,44262,2121,45544,0,0,721,27072,2492,31292,721,58364,California
Santa Barbara,2021-02-25,3468,93274,1923,46185,1545,47089,0,0,995,25606,2465,33757,999,59363,California
Santa Barbara,2021-02-26,3671,96945,2179,48364,1492,48581,0,0,1973,25890,1690,35447,1974,61337,California
Santa Barbara,2021-02-27,1541,98486,563,48927,978,49559,0,0,860,26078,677,36124,865,62202,California
Santa Barbara,2021-02-28,1087,99573,223,49150,864,50423,0,0,894,26787,187,36311,896,63098,California
Santa Barbara,2021-03-01,1658,101231,479,49629,1177,51600,2,2,1098,27345,543,36854,1101,64199,California
Santa Barbara,2021-03-02,2664,103895,422,50051,2242,53842,0,2,2161,29018,490,37344,2163,66362,California
Santa Barbara,2021-03-03,4641,108536,2103,52154,2536,56378,2,4,4041,32476,590,37934,4048,70410,California
Santa Barbara,2021-03-04,3437,111973,2288,54442,1149,57527,0,4,2874,34798,554,38488,2876,73286,California
Santa Barbara,2021-03-05,3825,115798,2167,56609,1599,59126,59,63,3094,37226,726,39214,3154,76440,California
Santa Barbara,2021-03-06,2436,118234,730,57339,1487,60613,219,282,1671,38353,760,39974,1887,78327,California
Santa Barbara,2021-03-07,567,118801,124,57463,312,60925,131,413,385,38689,181,40155,517,78844,California
Santa Barbara,2021-03-08,1578,120379,378,57841,857,61782,343,756,794,39048,778,40933,1137,79981,California
Santa Barbara,2021-03-09,2808,123187,350,58191,1684,63466,774,1530,741,38496,2064,42997,1512,81493,California
Santa Barbara,2021-03-10,2776,125963,556,58747,1165,64631,1055,2585,1048,38875,1723,44720,2102,83595,California
Santa Barbara,2021-03-11,5593,131556,3038,61785,1437,66068,1118,3703,2280,38967,3299,48019,3391,86986,California
Santa Barbara,2021-03-12,3696,135252,2105,63890,1159,67227,432,4135,2186,40080,1502,49521,2615,89601,California
Santa Barbara,2021-03-13,3500,138752,1939,65829,1353,68580,208,4343,2699,42189,798,50319,2907,92508,California
Santa Barbara,2021-03-14,809,139561,394,66223,360,68940,55,4398,487,42412,321,50640,544,93052,California
Santa Barbara,2021-03-15,2117,141678,697,66920,1128,70068,292,4690,1269,43131,840,51480,1559,94611,California
Santa Barbara,2021-03-16,3737,145415,1181,68101,2214,72282,342,5032,2744,45230,988,52468,3087,97698,California
Santa Barbara,2021-03-17,3327,148742,980,69081,1943,74225,404,5436,2334,46974,990,53458,2734,100432,California
Santa Barbara,2021-03-18,5234,153976,2800,71881,2232,76457,202,5638,4008,49974,1210,54668,4210,104642,California
Santa Barbara,2021-03-19,4448,158424,2772,74653,1343,77800,333,5971,3056,51974,1388,56056,3388,108030,California
Santa Barbara,2021-03-20,2188,160612,839,75492,1332,79132,17,5988,1335,52478,850,56906,1354,109384,California
Santa Barbara,2021-03-21,1172,161784,385,75877,756,79888,31,6019,842,53025,327,57233,874,110258,California
Santa Barbara,2021-03-22,2783,164567,1919,77796,820,80708,44,6063,2223,54742,551,57784,2268,112526,California
Santa Barbara,2021-03-23,4484,169051,2260,80056,2123,82831,101,6164,3710,57788,764,58548,3810,116336,California
Santa Barbara,2021-03-24,5425,174476,3155,83211,1514,84345,756,6920,2971,59080,2431,60979,3723,120059,California
Santa Barbara,2021-03-25,5568,180044,3273,86484,2101,86446,194,7114,2786,59295,2765,63744,2980,123039,California
Santa Barbara,2021-03-26,5098,185142,3230,89714,1568,88014,300,7414,2247,59010,2833,66577,2548,125587,California
Santa Barbara,2021-03-27,2964,188106,1227,90941,1694,89708,43,7457,1626,59343,1334,67911,1667,127254,California
Santa Barbara,2021-03-28,2784,190890,1659,92600,1097,90805,28,7485,1895,60382,885,68796,1924,129178,California
Santa Barbara,2021-03-29,4042,194932,2085,94685,1887,92692,70,7555,3231,62876,807,69603,3301,132479,California
Santa Barbara,2021-03-30,6807,201739,3511,98196,3145,95837,151,7706,4539,65310,2253,71856,4687,137166,California
Santa Barbara,2021-03-31,8705,210444,5542,103738,3097,98934,66,7772,5058,66809,3625,75481,5124,142290,California
Santa Barbara,2021-04-01,7064,217508,5222,108960,1581,100515,261,8033,4183,68392,2860,78341,4443,146733,California
Santa Barbara,2021-04-02,6660,224168,4569,113529,1497,102012,594,8627,3431,69195,3221,81562,4024,150757,California
Santa Barbara,2021-04-03,3815,227983,2115,115644,1632,103644,68,8695,2520,70493,1289,82851,2587,153344,California
Santa Barbara,2021-04-04,902,228885,444,116088,418,104062,40,8735,500,70633,400,83251,540,153884,California
Santa Barbara,2021-04-05,3471,232356,2296,118384,917,104979,258,8993,2175,71779,1287,84538,2433,156317,California
Santa Barbara,2021-04-06,5496,237852,2835,121219,2122,107101,539,9532,3366,73568,2114,86652,3903,160220,California
Santa Barbara,2021-04-07,6035,243887,3296,124515,2196,109297,543,10075,4094,76272,1932,88584,4636,164856,California
Santa Barbara,2021-04-08,7428,251315,5053,129568,646,109943,1729,11804,3433,77443,3988,92572,5159,170015,California
Santa Barbara,2021-04-09,7351,258666,4887,134455,1097,111040,1367,13171,3315,78093,4026,96598,4676,174691,California
Santa Barbara,2021-04-10,6733,265399,4673,139128,1445,112485,615,13786,4587,81157,2137,98735,5201,179892,California
Santa Barbara,2021-04-11,2687,268086,1972,141100,412,112897,303,14089,1861,82496,820,99555,2159,182051,California
Santa Barbara,2021-04-12,4425,272511,2849,143949,1022,113919,554,14643,1917,82465,2501,102056,2470,184521,California
Santa Barbara,2021-04-13,6395,278906,4196,148145,2193,116112,6,14649,2662,81404,3728,105784,2667,187188,California
Santa Barbara,2021-04-14,6828,285734,4436,152581,2390,118502,2,14651,4255,83104,2562,108346,4262,191450,California
Santa Barbara,2021-04-15,7033,292767,4129,156710,2903,121405,1,14652,3821,83731,3199,111545,3826,195276,California
Santa Barbara,2021-04-16,6442,299209,3792,160502,2639,124044,11,14663,4439,86196,1985,113530,4450,199726,California
Santa Barbara,2021-04-17,5366,304575,3896,164398,1470,125514,0,14663,4136,89121,1216,114746,4141,203867,California
Santa Barbara,2021-04-18,2174,306749,1513,165911,661,126175,0,14663,380,87727,1789,116535,395,204262,California
Santa Barbara,2021-04-19,3259,310008,2250,168161,1003,127178,6,14669,1038,86564,2215,118750,1052,205314,California
Santa Barbara,2021-04-20,5900,315908,3962,172123,1937,129115,1,14670,1668,84023,4216,122966,1675,206989,California
Santa Barbara,2021-04-21,5488,321396,3639,175762,1849,130964,0,14670,1740,82031,3734,126700,1742,208731,California
Santa Barbara,2021-04-22,5092,326488,2552,178314,2539,133503,1,14671,1454,79866,3622,130322,1457,210188,California
Santa Barbara,2021-04-23,5585,332073,3877,182191,1708,135211,0,14671,1962,78219,3609,133931,1962,212150,California
Santa Barbara,2021-04-24,4433,336506,2879,185070,1549,136760,5,14676,1636,77083,2778,136709,1642,213792,California
Santa Barbara,2021-04-25,1840,338346,1187,186257,653,137413,0,14676,498,76248,1333,138042,498,214290,California
Santa Barbara,2021-04-26,3248,341594,1978,188235,1249,138662,21,14697,560,74149,2681,140723,582,214872,California
Santa Barbara,2021-04-27,3970,345564,2172,190407,1695,140357,103,14800,1175,72642,2785,143508,1278,216150,California
Santa Barbara,2021-04-28,4921,350485,2868,193275,1936,142293,117,14917,1400,70657,3506,147014,1521,217671,California
Santa Barbara,2021-04-29,5258,355743,3804,197079,1227,143520,227,15144,1441,68522,3801,150815,1666,219337,California
Santa Barbara,2021-04-30,4953,360696,3700,200779,1089,144609,164,15308,1408,66564,3529,154344,1571,220908,California
Santa Barbara,2021-05-01,5272,365968,4080,204859,1158,145767,34,15342,895,63133,4362,158706,931,221839,California
Santa Barbara,2021-05-02,1135,367103,667,205526,340,146107,128,15470,308,62743,826,159532,436,222275,California
Santa Barbara,2021-05-03,2203,369306,1476,207002,588,146695,139,15609,439,61562,1757,161289,576,222851,California
Santa Barbara,2021-05-04,3298,372604,1671,208673,1555,148250,72,15681,1149,60646,2136,163425,1220,224071,California
Santa Barbara,2021-05-05,5439,378043,3676,212349,1616,149866,147,15828,622,56613,4804,168229,771,224842,California
Santa Barbara,2021-05-06,5056,383099,3916,216265,1036,150902,104,15932,963,53604,4076,172305,1067,225909,California
Santa Barbara,2021-05-07,4677,387776,3663,219928,834,151736,180,16112,1000,51118,3663,175968,1177,227086,California
Santa Barbara,2021-05-08,4249,392025,3165,223093,986,152722,98,16210,887,48755,3349,179317,986,228072,California
Santa Barbara,2021-05-09,700,392725,111,223204,549,153271,40,16250,466,49029,233,179550,507,228579,California
Santa Barbara,2021-05-10,1325,394050,628,223832,614,153885,83,16333,365,48518,958,180508,447,229026,California
Santa Barbara,2021-05-11,1876,395926,789,224621,793,154678,294,16627,428,47797,1440,181948,719,229745,California
Santa Barbara,2021-05-12,1660,397586,738,225359,698,155376,224,16851,479,47328,1172,183120,703,230448,California
Santa Barbara,2021-05-13,3733,401319,2786,228145,751,156127,196,17047,1235,46272,2487,185607,1431,231879,California
Santa Barbara,2021-05-14,4140,405459,2521,230666,1525,157652,94,17141,1626,45492,2499,188106,1719,233598,California
Santa Barbara,2021-05-15,3523,408982,2567,233233,937,158589,19,17160,1843,45686,1669,189775,1863,235461,California
Santa Barbara,2021-05-16,1067,410049,466,233699,486,159075,115,17275,470,45679,592,190367,585,236046,California
Santa Barbara,2021-05-17,1642,411691,935,234634,644,159719,63,17338,868,45841,768,191135,930,236976,California
Santa Barbara,2021-05-18,1843,413534,1162,235796,585,160304,96,17434,969,46049,858,191993,1066,238042,California
Santa Barbara,2021-05-19,1766,415300,974,236770,752,161056,40,17474,821,45972,937,192930,860,238902,California
Santa Barbara,2021-05-20,1721,417021,942,237712,660,161716,119,17593,866,46114,843,193773,985,239887,California
Santa Barbara,2021-05-21,3465,420486,2344,240056,1067,162783,54,17647,1275,45269,2175,195948,1330,241217,California
Santa Barbara,2021-05-22,2470,422956,1709,241765,717,163500,44,17691,1395,45642,1067,197015,1440,242657,California
Santa Barbara,2021-05-23,750,423706,327,242092,393,163893,30,17721,410,45743,339,197354,440,243097,California
Santa Barbara,2021-05-24,1001,424707,586,242678,352,164245,63,17784,482,45773,515,197869,545,243642,California
Santa Barbara,2021-05-25,1401,426108,568,243246,764,165009,69,17853,459,45365,936,198805,528,244170,California
Santa Barbara,2021-05-26,3011,429119,1712,244958,1178,166187,121,17974,836,44161,2160,200965,956,245126,California
Santa Barbara,2021-05-27,1953,431072,1210,246168,600,166787,143,18117,825,44009,1121,202086,969,246095,California
Santa Barbara,2021-05-28,1511,432583,705,246873,654,167441,152,18269,620,43895,887,202973,773,246868,California
Santa Barbara,2021-05-29,898,433481,315,247188,546,167987,37,18306,367,43771,528,203501,404,247272,California
Santa Barbara,2021-05-30,499,433980,179,247367,223,168210,97,18403,186,43742,311,203812,282,247554,California
Santa Barbara,2021-05-31,95,434075,43,247410,42,168252,10,18413,23,43703,71,203883,32,247586,California
Santa Barbara,2021-06-01,1127,435202,592,248002,477,168729,58,18471,462,43563,660,204543,520,248106,California
Santa Barbara,2021-06-02,982,436184,586,248588,313,169042,83,18554,433,43533,545,205088,515,248621,California
Santa Barbara,2021-06-03,2055,438239,1546,250134,453,169495,56,18610,617,42773,1432,206520,672,249293,California
Santa Barbara,2021-06-04,1454,439693,665,250799,648,170143,141,18751,485,42436,960,207480,623,249916,California
Santa Barbara,2021-06-05,2917,442610,2212,253011,653,170796,52,18803,499,40580,2406,209886,550,250466,California
Santa Barbara,2021-06-06,904,443514,476,253487,409,171205,19,18822,254,40206,647,210533,273,250739,California
Santa Barbara,2021-06-07,1160,444674,830,254317,282,171487,48,18870,303,39702,855,211388,351,251090,California
Santa Barbara,2021-06-08,1106,445780,714,255031,360,171847,32,18902,294,39220,807,212195,325,251415,California
Santa Barbara,2021-06-09,1024,446804,695,255726,245,172092,84,18986,337,38957,684,212879,421,251836,California
Santa Barbara,2021-06-10,2381,449185,2070,257796,239,172331,72,19058,530,37711,1848,214727,602,252438,California
Santa Barbara,2021-06-11,1303,450488,605,258401,594,172925,104,19162,394,37306,903,215630,498,252936,California
Santa Barbara,2021-06-12,879,451367,593,258994,263,173188,23,19185,230,36917,641,216271,252,253188,California
Santa Barbara,2021-06-13,481,451848,293,259287,91,173279,97,19282,124,36783,355,216626,221,253409,California
Santa Barbara,2021-06-14,1258,453106,858,260145,323,173602,77,19359,341,36293,908,217534,418,253827,California
Santa Barbara,2021-06-15,1129,454235,752,260897,342,173944,35,19394,396,35998,726,218260,431,254258,California
Santa Barbara,2021-06-16,924,455159,645,261542,232,174176,47,19441,349,35823,569,218829,394,254652,California
Santa Barbara,2021-06-17,1856,457015,1533,263075,236,174412,87,19528,611,35279,1241,220070,697,255349,California
Santa Barbara,2021-06-18,1096,458111,711,263786,289,174701,96,19624,365,35013,727,220797,461,255810,California
Santa Barbara,2021-06-19,542,458653,368,264154,144,174845,30,19654,245,34995,293,221090,275,256085,California
Santa Barbara,2021-06-20,219,458872,110,264264,102,174947,7,19661,79,34941,140,221230,86,256171,California
Santa Clara,2020-12-15,69,69,69,69,0,0,0,0,69,69,0,0,69,69,California
Santa Clara,2020-12-16,154,223,154,223,0,0,0,0,154,223,0,0,154,223,California
Santa Clara,2020-12-17,411,634,411,634,0,0,0,0,411,634,0,0,411,634,California
Santa Clara,2020-12-18,1766,2400,1766,2400,0,0,0,0,1766,2400,0,0,1766,2400,California
Santa Clara,2020-12-19,2095,4495,2095,4495,0,0,0,0,2094,4494,0,0,2094,4494,California
Santa Clara,2020-12-20,1904,6399,1903,6398,1,1,0,0,1901,6395,0,0,1901,6395,California
Santa Clara,2020-12-21,2675,9074,2675,9073,0,1,0,0,2673,9067,1,1,2673,9068,California
Santa Clara,2020-12-22,3128,12202,3121,12194,7,8,0,0,3124,12191,0,1,3124,12192,California
Santa Clara,2020-12-23,3294,15496,3099,15293,195,203,0,0,3293,15484,0,1,3293,15485,California
Santa Clara,2020-12-24,1901,17397,1706,16999,195,398,0,0,1895,17377,2,3,1895,17380,California
Santa Clara,2020-12-25,349,17746,348,17347,1,399,0,0,349,17726,0,3,349,17729,California
Santa Clara,2020-12-26,1280,19026,1042,18389,238,637,0,0,1279,19005,0,3,1279,19008,California
Santa Clara,2020-12-27,652,19678,509,18898,143,780,0,0,652,19657,0,3,652,19660,California
Santa Clara,2020-12-28,2362,22040,1742,20640,620,1400,0,0,2362,22019,0,3,2362,22022,California
Santa Clara,2020-12-29,2379,24419,1506,22146,873,2273,0,0,2378,24397,0,3,2378,24400,California
Santa Clara,2020-12-30,3014,27433,1901,24047,1113,3386,0,0,3012,27407,2,5,3012,27412,California
Santa Clara,2020-12-31,1234,28667,393,24440,841,4227,0,0,1233,28639,1,6,1233,28645,California
Santa Clara,2021-01-01,149,28816,13,24453,136,4363,0,0,148,28786,1,7,148,28793,California
Santa Clara,2021-01-02,1102,29918,825,25278,277,4640,0,0,1102,29888,0,7,1102,29895,California
Santa Clara,2021-01-03,586,30504,368,25646,218,4858,0,0,581,30466,3,10,581,30476,California
Santa Clara,2021-01-04,2493,32997,1683,27329,810,5668,0,0,2490,32956,0,10,2490,32966,California
Santa Clara,2021-01-05,3107,36104,2035,29364,1072,6740,0,0,2913,35682,193,203,2919,35885,California
Santa Clara,2021-01-06,3383,39487,2002,31366,1381,8121,0,0,2766,37838,612,815,2768,38653,California
Santa Clara,2021-01-07,4255,43742,2576,33942,1679,9800,0,0,3161,39922,1083,1898,3167,41820,California
Santa Clara,2021-01-08,5898,49640,3858,37800,2040,11840,0,0,3772,41575,2119,4017,3772,45592,California
Santa Clara,2021-01-09,3032,52672,1910,39710,1122,12962,0,0,1701,41951,1328,5345,1704,47296,California
Santa Clara,2021-01-10,1982,54654,1527,41237,455,13417,0,0,760,41490,1221,6566,760,48056,California
Santa Clara,2021-01-11,5991,60645,3785,45022,2206,15623,0,0,3395,42297,2593,9159,3400,51456,California
Santa Clara,2021-01-12,6899,67544,3491,48513,3408,19031,0,0,4569,44551,2316,11475,4570,56026,California
Santa Clara,2021-01-13,7492,75036,3135,51648,4357,23388,0,0,5239,47543,2249,13724,5241,61267,California
Santa Clara,2021-01-14,8347,83383,2876,54524,5471,28859,0,0,6536,52279,1803,15527,6539,67806,California
Santa Clara,2021-01-15,9619,93002,2783,57307,6836,35695,0,0,8212,59119,1403,16930,8243,76049,California
Santa Clara,2021-01-16,4365,97367,1259,58566,3106,38801,0,0,3505,61768,856,17786,3505,79554,California
Santa Clara,2021-01-17,3247,100614,609,59175,2638,41439,0,0,2744,64012,500,18286,2744,82298,California
Santa Clara,2021-01-18,5158,105772,1188,60363,3970,45409,0,0,4591,68038,567,18853,4593,86891,California
Santa Clara,2021-01-19,8554,114326,2704,63067,5850,51259,0,0,6856,73203,1695,20548,6860,93751,California
Santa Clara,2021-01-20,8179,122505,4165,67232,4014,55273,0,0,6617,78263,1557,22105,6617,100368,California
Santa Clara,2021-01-21,8817,131322,3831,71063,4986,60259,0,0,7591,84633,1224,23329,7594,107962,California
Santa Clara,2021-01-22,8711,140033,3256,74319,5455,65714,0,0,8130,92187,579,23908,8133,116095,California
Santa Clara,2021-01-23,3841,143874,1706,76025,2135,67849,0,0,2862,94071,979,24887,2863,118958,California
Santa Clara,2021-01-24,2860,146734,1426,77451,1434,69283,0,0,2371,95956,486,25373,2371,121329,California
Santa Clara,2021-01-25,8447,155181,3814,81265,4633,73916,0,0,6351,100221,2088,27461,6353,127682,California
Santa Clara,2021-01-26,8404,163585,3843,85108,4561,78477,0,0,6247,104323,2147,29608,6249,133931,California
Santa Clara,2021-01-27,8858,172443,3904,89012,4954,83431,0,0,6908,109301,1931,31539,6909,140840,California
Santa Clara,2021-01-28,9647,182090,3896,92908,5751,89182,0,0,7647,114974,1979,33518,7652,148492,California
Santa Clara,2021-01-29,9634,191724,3964,96872,5670,94852,0,0,7435,120223,2187,35705,7436,155928,California
Santa Clara,2021-01-30,4127,195851,2078,98950,2049,96901,0,0,2902,121908,1218,36923,2903,158831,California
Santa Clara,2021-01-31,2199,198050,1307,100257,892,97793,0,0,1598,122910,596,37519,1598,160429,California
Santa Clara,2021-02-01,7916,205966,3536,103793,4380,102173,0,0,6199,127402,1709,39228,6201,166630,California
Santa Clara,2021-02-02,8683,214649,2908,106701,5775,107948,0,0,6652,132036,2024,41252,6658,173288,California
Santa Clara,2021-02-03,9276,223925,3518,110219,5758,113706,0,0,6970,136715,2298,43550,6977,180265,California
Santa Clara,2021-02-04,11058,234983,4193,114412,6865,120571,0,0,8741,143153,2306,45856,8744,189009,California
Santa Clara,2021-02-05,12024,247007,4373,118785,7651,128222,0,0,8543,148230,3467,49323,8544,197553,California
Santa Clara,2021-02-06,5272,252279,2860,121645,2412,130634,0,0,4089,151141,1180,50503,4091,201644,California
Santa Clara,2021-02-07,3517,255796,2364,124009,1153,131787,0,0,3059,153744,457,50960,3060,204704,California
Santa Clara,2021-02-08,10119,265915,3547,127556,6572,138359,0,0,7387,158415,2718,53678,7389,212093,California
Santa Clara,2021-02-09,11251,277166,3849,131405,7402,145761,0,0,7726,162634,3511,57189,7730,219823,California
Santa Clara,2021-02-10,12738,289904,4974,136379,7764,153525,0,0,6878,163668,5848,63037,6882,226705,California
Santa Clara,2021-02-11,13689,303593,4800,141179,8889,162414,0,0,7775,165546,5899,68936,7777,234482,California
Santa Clara,2021-02-12,14684,318277,4508,145687,10176,172590,0,0,7043,164971,7620,76556,7045,241527,California
Santa Clara,2021-02-13,6135,324412,1479,147166,4656,177246,0,0,2240,163325,3888,80444,2242,243769,California
Santa Clara,2021-02-14,4651,329063,1158,148324,3493,180739,0,0,1495,161668,3154,83598,1497,245266,California
Santa Clara,2021-02-15,6319,335382,2805,151129,3514,184253,0,0,2733,160822,3579,87177,2733,247999,California
Santa Clara,2021-02-16,13915,349297,4066,155195,9849,194102,0,0,6974,160872,6926,94103,6976,254975,California
Santa Clara,2021-02-17,14171,363468,5547,160742,8624,202726,0,0,7068,160860,7086,101189,7074,262049,California
Santa Clara,2021-02-18,14391,377859,8505,169247,5886,208612,0,0,7320,161154,7030,108219,7324,269373,California
Santa Clara,2021-02-19,15024,392883,9629,178876,5395,214007,0,0,8755,163664,6252,114471,8762,278135,California
Santa Clara,2021-02-20,6975,399858,5223,184099,1752,215759,0,0,3757,164215,3207,117678,3758,281893,California
Santa Clara,2021-02-21,3416,403274,2526,186625,890,216649,0,0,1270,163350,2137,119815,1272,283165,California
Santa Clara,2021-02-22,10408,413682,6228,192853,4180,220829,0,0,4850,162655,5546,125361,4851,288016,California
Santa Clara,2021-02-23,12109,425791,7841,200694,4268,225097,0,0,6849,164263,5246,130607,6854,294870,California
Santa Clara,2021-02-24,14356,440147,9263,209957,5093,230190,0,0,8871,167666,5468,136075,8871,303741,California
Santa Clara,2021-02-25,15183,455330,9689,219646,5494,235684,0,0,8271,169063,6887,142962,8284,312025,California
Santa Clara,2021-02-26,15091,470421,8743,228389,6348,242032,0,0,8234,170474,6830,149792,8241,320266,California
Santa Clara,2021-02-27,8278,478699,5758,234147,2519,244551,1,1,4661,171537,3606,153398,4669,324935,California
Santa Clara,2021-02-28,5424,484123,3704,237851,1720,246271,0,1,2688,171501,2725,156123,2689,327624,California
Santa Clara,2021-03-01,14663,498786,8440,246291,6217,252488,6,7,9102,175068,5541,161664,9108,336732,California
Santa Clara,2021-03-02,16242,515028,9612,255903,6629,259117,1,8,10359,179573,5859,167523,10364,347096,California
Santa Clara,2021-03-03,18818,533846,9345,265248,9469,268586,4,12,11719,184238,7062,174585,11727,358823,California
Santa Clara,2021-03-04,16685,550531,9100,274348,7582,276168,3,15,9711,187064,6892,181477,9718,368541,California
Santa Clara,2021-03-05,16730,567261,9313,283661,7291,283459,126,141,9295,189078,7413,188890,9427,377968,California
Santa Clara,2021-03-06,9531,576792,6357,290018,2721,286180,453,594,7139,194290,2380,191270,7592,385560,California
Santa Clara,2021-03-07,6888,583680,4499,294517,2145,288325,244,838,5472,198598,1407,192677,5715,391275,California
Santa Clara,2021-03-08,13016,596696,6780,301297,5659,293984,577,1415,8357,202890,4641,197318,8933,400208,California
Santa Clara,2021-03-09,15311,612007,6568,307865,7403,301387,1340,2755,6848,202627,8444,205762,8181,408389,California
Santa Clara,2021-03-10,15227,627234,6643,314508,6458,307845,2126,4881,6251,202030,8948,214710,8351,416740,California
Santa Clara,2021-03-11,17204,644438,7820,322328,7871,315716,1513,6394,6109,198572,11065,225775,7607,424347,California
Santa Clara,2021-03-12,17848,662286,9153,331481,7116,322832,1579,7973,5993,194310,11811,237586,7549,431896,California
Santa Clara,2021-03-13,10826,673112,6273,337754,3049,325881,1504,9477,4777,194542,6025,243611,6257,438153,California
Santa Clara,2021-03-14,6577,679689,3402,341156,1862,327743,1313,10790,3181,195645,3379,246990,4482,442635,California
Santa Clara,2021-03-15,12921,692610,6599,347755,6043,333786,279,11069,5996,195021,6900,253890,6276,448911,California
Santa Clara,2021-03-16,18345,710955,10377,358132,7760,341546,208,11277,8875,194661,9442,263332,9082,457993,California
Santa Clara,2021-03-17,20124,731079,11412,369544,8543,350089,169,11446,10380,195512,9692,273024,10543,468536,California
Santa Clara,2021-03-18,19272,750351,9011,378555,9082,359171,1179,12625,9014,195496,10202,283226,10186,478722,California
Santa Clara,2021-03-19,19477,769828,10003,388558,8464,367635,1010,13635,9919,196918,9498,292724,10920,489642,California
Santa Clara,2021-03-20,11517,781345,6373,394931,4309,371944,835,14470,6681,199627,4805,297529,7514,497156,California
Santa Clara,2021-03-21,8385,789730,3802,398733,3176,375120,1407,15877,5350,203349,3021,300550,6743,503899,California
Santa Clara,2021-03-22,16476,806206,9215,407948,6905,382025,356,16233,9050,205351,7400,307950,9402,513301,California
Santa Clara,2021-03-23,19356,825562,12311,420259,6519,388544,526,16759,11112,208790,8195,316145,11634,524935,California
Santa Clara,2021-03-24,22740,848302,14657,434916,7665,396209,418,17177,14573,215658,8123,324268,14991,539926,California
Santa Clara,2021-03-25,23062,871364,13241,448157,8863,405072,958,18135,14795,223193,8202,332470,15737,555663,California
Santa Clara,2021-03-26,22084,893448,14046,462203,7646,412718,392,18527,13536,228604,8510,340980,13921,569584,California
Santa Clara,2021-03-27,15786,909234,10484,472687,4530,417248,772,19299,8427,230485,7313,348293,9194,578778,California
Santa Clara,2021-03-28,12149,921383,8419,481106,3014,420262,716,20015,6519,232112,5603,353896,7230,586008,California
Santa Clara,2021-03-29,20718,942101,12703,493809,7287,427549,728,20743,11175,234506,9501,363397,11895,597903,California
Santa Clara,2021-03-30,25839,967940,15346,509155,8533,436082,1960,22703,16233,243122,9562,372959,18178,616081,California
Santa Clara,2021-03-31,20641,988581,12005,521160,7503,443585,1133,23836,12624,248891,7972,380931,13741,629822,California
Santa Clara,2021-04-01,32007,1020588,19960,541120,8966,452551,3081,26917,20179,260361,11757,392688,23227,653049,California
Santa Clara,2021-04-02,25368,1045956,14495,555615,8735,461286,2138,29055,16601,270363,8722,401410,18724,671773,California
Santa Clara,2021-04-03,15367,1061323,9326,564941,3554,464840,2487,31542,8576,274641,6768,408178,11046,682819,California
Santa Clara,2021-04-04,7711,1069034,4080,569021,2454,467294,1177,32719,4003,276117,3697,411875,5173,687992,California
Santa Clara,2021-04-05,22054,1091088,14682,583703,4876,472170,2496,35215,14407,285388,7620,419495,16891,704883,California
Santa Clara,2021-04-06,29731,1120819,16415,600118,7814,479984,5502,40717,17888,296956,11792,431287,23360,728243,California
Santa Clara,2021-04-07,31112,1151931,16033,616151,8530,488514,6549,47266,18987,310385,12066,443353,25495,753738,California
Santa Clara,2021-04-08,30199,1182130,16514,632665,6023,494537,7662,54928,16454,320790,13670,457023,24075,777813,California
Santa Clara,2021-04-09,28297,1210427,13998,646663,6958,501495,7341,62269,14454,328764,13774,470797,21748,799561,California
Santa Clara,2021-04-10,21613,1232040,12501,659164,3773,505268,5339,67608,11576,335625,10001,480798,16862,816423,California
Santa Clara,2021-04-11,16101,1248141,9664,668828,2685,507953,3752,71360,8365,340017,7701,488499,12093,828516,California
Santa Clara,2021-04-12,27180,1275321,19090,687918,5613,513566,2477,73837,18506,352373,8612,497111,20968,849484,California
Santa Clara,2021-04-13,34550,1309871,27138,715056,7381,520947,31,73868,26601,371152,7873,504984,26652,876136,California
Santa Clara,2021-04-14,37094,1346965,28053,743109,9037,529984,4,73872,26314,386802,10710,515694,26360,902496,California
Santa Clara,2021-04-15,44615,1391580,34545,777654,10065,540049,5,73877,34414,411165,10087,525781,34450,936946,California
Santa Clara,2021-04-16,38732,1430312,26493,804147,12235,552284,4,73881,27764,428061,10897,536678,27793,964739,California
Santa Clara,2021-04-17,22083,1452395,15078,819225,7003,559287,2,73883,15196,436450,6828,543506,15217,979956,California
Santa Clara,2021-04-18,16567,1468962,10758,829983,5809,565096,0,73883,10349,440629,6188,549694,10367,990323,California
Santa Clara,2021-04-19,28949,1497911,20924,850907,8024,573120,1,73884,17325,446432,11554,561248,17357,1007680,California
Santa Clara,2021-04-20,37206,1535117,22590,873497,14614,587734,2,73886,22752,454891,14347,575595,22806,1030486,California
Santa Clara,2021-04-21,36917,1572034,21408,894905,15507,603241,2,73888,24394,466888,12433,588028,24430,1054916,California
Santa Clara,2021-04-22,37323,1609357,24884,919789,12438,615679,1,73889,17625,464980,19601,607629,17693,1072609,California
Santa Clara,2021-04-23,32169,1641526,19559,939348,12609,628288,1,73890,15062,463093,17004,624633,15117,1087726,California
Santa Clara,2021-04-24,21192,1662718,15514,954862,5677,633965,1,73891,11992,465993,9123,633756,12023,1099749,California
Santa Clara,2021-04-25,13648,1676366,9886,964748,3756,637721,6,73897,8692,469802,4913,638669,8722,1108471,California
Santa Clara,2021-04-26,25021,1701387,19288,984036,5674,643395,59,73956,10375,465711,14549,653218,10458,1118929,California
Santa Clara,2021-04-27,27585,1728972,19594,1003630,7608,651003,383,74339,12019,462683,15474,668692,12446,1131375,California
Santa Clara,2021-04-28,26059,1755031,19305,1022935,6315,657318,439,74778,11058,459321,14919,683611,11557,1142932,California
Santa Clara,2021-04-29,23968,1778999,17550,1040485,6020,663338,398,75176,8980,453855,14912,698523,9446,1152378,California
Santa Clara,2021-04-30,23079,1802078,15794,1056279,6920,670258,365,75541,9778,450863,13213,711736,10221,1162599,California
Santa Clara,2021-05-01,17515,1819593,14548,1070827,2706,672964,261,75802,5469,444640,11996,723732,5773,1168372,California
Santa Clara,2021-05-02,11314,1830907,9389,1080216,1693,674657,232,76034,3486,440596,7784,731516,3740,1172112,California
Santa Clara,2021-05-03,22878,1853785,19410,1099626,3035,677692,433,76467,5135,428534,17665,749181,5603,1177715,California
Santa Clara,2021-05-04,30530,1884315,23855,1123481,6131,683823,544,77011,5480,409653,24950,774131,6069,1183784,California
Santa Clara,2021-05-05,32138,1916453,24374,1147855,7217,691040,547,77558,5418,389018,26625,800756,5990,1189774,California
Santa Clara,2021-05-06,35441,1951894,29538,1177393,5429,696469,474,78032,4685,363574,30625,831381,5181,1194955,California
Santa Clara,2021-05-07,32588,1984482,26201,1203594,5895,702364,492,78524,4640,340932,27815,859196,5173,1200128,California
Santa Clara,2021-05-08,16503,2000985,13421,1217015,2659,705023,423,78947,3484,331925,12930,872126,3923,1204051,California
Santa Clara,2021-05-09,10507,2011492,9138,1226153,1182,706205,187,79134,2463,326583,8005,880131,2663,1206714,California
Santa Clara,2021-05-10,20847,2032339,16688,1242841,3752,709957,407,79541,2740,311724,18026,898157,3167,1209881,California
Santa Clara,2021-05-11,22185,2054524,16631,1259472,5110,715067,444,79985,4012,298104,18083,916240,4463,1214344,California
Santa Clara,2021-05-12,21048,2075572,15391,1274863,5142,720209,515,80500,4524,286727,16432,932672,5055,1219399,California
Santa Clara,2021-05-13,28081,2103653,22743,1297606,5032,725241,306,80806,11271,281584,16726,949398,11583,1230982,California
Santa Clara,2021-05-14,27736,2131389,19354,1316960,7995,733236,387,81193,9774,273889,17870,967268,10175,1241157,California
Santa Clara,2021-05-15,20917,2152306,16786,1333746,3849,737085,282,81475,8093,269530,12741,980009,8382,1249539,California
Santa Clara,2021-05-16,16135,2168441,13133,1346879,2825,739910,177,81652,5238,264131,10817,990826,5418,1254957,California
Santa Clara,2021-05-17,20209,2188650,15889,1362768,3956,743866,364,82016,6911,258182,13226,1004052,7277,1262234,California
Santa Clara,2021-05-18,26147,2214797,16675,1379443,9056,752922,416,82432,7314,247218,18695,1022747,7731,1269965,California
Santa Clara,2021-05-19,24631,2239428,14389,1393832,9819,762741,423,82855,7512,238153,17007,1039754,7942,1277907,California
Santa Clara,2021-05-20,18376,2257804,12057,1405889,5869,768610,450,83305,6195,232698,12096,1051850,6641,1284548,California
Santa Clara,2021-05-21,22313,2280117,14824,1420713,6992,775602,497,83802,7665,226332,14542,1066392,8176,1292724,California
Santa Clara,2021-05-22,12862,2292979,9739,1430452,2774,778376,349,84151,5619,225126,7178,1073570,5972,1298696,California
Santa Clara,2021-05-23,8143,2301122,6020,1436472,1922,780298,201,84352,3259,223753,4837,1078407,3464,1302160,California
Santa Clara,2021-05-24,10285,2311407,7283,1443755,2548,782846,454,84806,3550,221084,6674,1085081,4005,1306165,California
Santa Clara,2021-05-25,11484,2322891,7965,1451720,3100,785946,419,85225,4472,219035,6938,1092019,4889,1311054,California
Santa Clara,2021-05-26,10384,2333275,6739,1458459,3311,789257,334,85559,4006,217094,6275,1098294,4334,1315388,California
Santa Clara,2021-05-27,9375,2342650,6014,1464473,2889,792146,472,86031,3604,215459,5705,1103999,4070,1319458,California
Santa Clara,2021-05-28,10874,2353524,7067,1471540,3383,795529,424,86455,4506,214086,6304,1110303,4931,1324389,California
Santa Clara,2021-05-29,6301,2359825,4307,1475847,1712,797241,282,86737,2892,213886,3370,1113673,3170,1327559,California
Santa Clara,2021-05-30,3816,2363641,2871,1478718,735,797976,210,86947,1830,213967,1958,1115631,2039,1329598,California
Santa Clara,2021-05-31,1092,2364733,627,1479345,355,798331,110,87057,439,213869,647,1116278,549,1330147,California
Santa Clara,2021-06-01,9044,2373777,6368,1485713,2294,800625,382,87439,3281,211837,5693,1121971,3661,1333808,California
Santa Clara,2021-06-02,7639,2381416,5509,1491222,1778,802403,352,87791,2965,210525,4620,1126591,3308,1337116,California
Santa Clara,2021-06-03,12233,2393649,10133,1501355,1731,804134,369,88160,2785,204289,9393,1135984,3157,1340273,California
Santa Clara,2021-06-04,13594,2407243,11406,1512761,1872,806006,316,88476,3414,197893,10119,1146103,3723,1343996,California
Santa Clara,2021-06-05,10455,2417698,9001,1521762,1196,807202,258,88734,2228,192203,8174,1154277,2484,1346480,California
Santa Clara,2021-06-06,6865,2424563,6117,1527879,595,807797,153,88887,1413,188370,5398,1159675,1565,1348045,California
Santa Clara,2021-06-07,9916,2434479,8368,1536247,1307,809104,241,89128,2410,183548,7471,1167146,2649,1350694,California
Santa Clara,2021-06-08,9162,2443641,7494,1543741,1398,810502,270,89398,2503,179717,6600,1173746,2769,1353463,California
Santa Clara,2021-06-09,9474,2453115,7916,1551657,1306,811808,252,89650,2260,175071,7153,1180899,2507,1355970,California
Santa Clara,2021-06-10,8298,2461413,6892,1558549,1079,812887,327,89977,2272,171694,5973,1186872,2596,1358566,California
Santa Clara,2021-06-11,10165,2471578,8657,1567206,1228,814115,280,90257,2513,166883,7604,1194476,2793,1361359,California
Santa Clara,2021-06-12,7123,2478701,5934,1573140,1024,815139,165,90422,1692,163352,5388,1199864,1857,1363216,California
Santa Clara,2021-06-13,3658,2482359,2953,1576093,595,815734,110,90532,873,161571,2764,1202628,983,1364199,California
Santa Clara,2021-06-14,5897,2488256,4786,1580879,884,816618,227,90759,2083,160102,3779,1206407,2310,1366509,California
Santa Clara,2021-06-15,7349,2495605,5959,1586838,1089,817707,301,91060,2091,157284,5212,1211619,2394,1368903,California
Santa Clara,2021-06-16,6322,2501927,5112,1591950,895,818602,315,91375,2081,155486,4195,1215814,2397,1371300,California
Santa Clara,2021-06-17,5266,2507193,4280,1596230,741,819343,245,91620,1790,154116,3405,1219219,2035,1373335,California
Santa Clara,2021-06-18,5337,2512530,4284,1600514,877,820220,176,91796,1755,152544,3499,1222718,1927,1375262,California
Santa Clara,2021-06-19,4434,2516964,3547,1604061,698,820918,189,91985,1254,150839,3147,1225865,1442,1376704,California
Santa Clara,2021-06-20,1129,2518093,886,1604947,193,821111,50,92035,331,150426,794,1226659,381,1377085,California
Santa Cruz,2020-12-15,2,2,2,2,0,0,0,0,2,2,0,0,2,2,California
Santa Cruz,2020-12-16,55,57,55,57,0,0,0,0,55,57,0,0,55,57,California
Santa Cruz,2020-12-17,383,440,383,440,0,0,0,0,383,440,0,0,383,440,California
Santa Cruz,2020-12-18,445,885,445,885,0,0,0,0,445,885,0,0,445,885,California
Santa Cruz,2020-12-19,167,1052,166,1051,1,1,0,0,167,1052,0,0,167,1052,California
Santa Cruz,2020-12-20,90,1142,90,1141,0,1,0,0,90,1142,0,0,90,1142,California
Santa Cruz,2020-12-21,428,1570,427,1568,1,2,0,0,428,1570,0,0,428,1570,California
Santa Cruz,2020-12-22,404,1974,403,1971,1,3,0,0,404,1974,0,0,404,1974,California
Santa Cruz,2020-12-23,343,2317,305,2276,38,41,0,0,343,2317,0,0,343,2317,California
Santa Cruz,2020-12-24,118,2435,45,2321,73,114,0,0,118,2435,0,0,118,2435,California
Santa Cruz,2020-12-25,7,2442,7,2328,0,114,0,0,7,2442,0,0,7,2442,California
Santa Cruz,2020-12-26,59,2501,42,2370,17,131,0,0,59,2501,0,0,59,2501,California
Santa Cruz,2020-12-27,31,2532,26,2396,5,136,0,0,31,2532,0,0,31,2532,California
Santa Cruz,2020-12-28,464,2996,103,2499,361,497,0,0,464,2996,0,0,464,2996,California
Santa Cruz,2020-12-29,768,3764,358,2857,410,907,0,0,768,3764,0,0,768,3764,California
Santa Cruz,2020-12-30,331,4095,156,3013,175,1082,0,0,331,4095,0,0,331,4095,California
Santa Cruz,2020-12-31,304,4399,10,3023,294,1376,0,0,304,4399,0,0,304,4399,California
Santa Cruz,2021-01-01,33,4432,1,3024,32,1408,0,0,33,4432,0,0,33,4432,California
Santa Cruz,2021-01-02,62,4494,49,3073,13,1421,0,0,62,4494,0,0,62,4494,California
Santa Cruz,2021-01-03,14,4508,6,3079,8,1429,0,0,14,4508,0,0,14,4508,California
Santa Cruz,2021-01-04,271,4779,120,3199,151,1580,0,0,269,4777,0,0,269,4777,California
Santa Cruz,2021-01-05,549,5328,423,3622,126,1706,0,0,251,4730,298,298,251,5028,California
Santa Cruz,2021-01-06,777,6105,650,4272,127,1833,0,0,449,4852,327,625,449,5477,California
Santa Cruz,2021-01-07,511,6616,198,4470,313,2146,0,0,362,5066,149,774,363,5840,California
Santa Cruz,2021-01-08,894,7510,542,5012,352,2498,0,0,466,5105,428,1202,467,6307,California
Santa Cruz,2021-01-09,443,7953,114,5126,329,2827,0,0,394,5450,49,1251,394,6701,California
Santa Cruz,2021-01-10,68,8021,60,5186,8,2835,0,0,18,5418,50,1301,18,6719,California
Santa Cruz,2021-01-11,697,8718,571,5757,126,2961,0,0,178,5078,519,1820,179,6898,California
Santa Cruz,2021-01-12,697,9415,512,6269,185,3146,0,0,458,5297,239,2059,458,7356,California
Santa Cruz,2021-01-13,482,9897,221,6490,261,3407,0,0,402,5622,77,2136,402,7758,California
Santa Cruz,2021-01-14,507,10404,97,6587,410,3817,0,0,447,6009,60,2196,447,8205,California
Santa Cruz,2021-01-15,1397,11801,72,6659,1325,5142,0,0,1335,7284,62,2258,1337,9542,California
Santa Cruz,2021-01-16,405,12206,45,6704,360,5502,0,0,389,7657,16,2274,389,9931,California
Santa Cruz,2021-01-17,289,12495,40,6744,249,5751,0,0,265,7898,24,2298,265,10196,California
Santa Cruz,2021-01-18,969,13464,94,6838,875,6626,0,0,912,8753,57,2355,912,11108,California
Santa Cruz,2021-01-19,1582,15046,510,7348,1072,7698,0,0,1242,9658,338,2693,1243,12351,California
Santa Cruz,2021-01-20,1206,16252,166,7514,1040,8738,0,0,1015,10485,188,2881,1015,13366,California
Santa Cruz,2021-01-21,1637,17889,188,7702,1449,10187,0,0,1536,11922,101,2982,1538,14904,California
Santa Cruz,2021-01-22,1728,19617,506,8208,1222,11409,0,0,1626,13450,99,3081,1627,16531,California
Santa Cruz,2021-01-23,379,19996,131,8339,248,11657,0,0,326,13724,52,3133,326,16857,California
Santa Cruz,2021-01-24,104,20100,16,8355,88,11745,0,0,87,13794,17,3150,87,16944,California
Santa Cruz,2021-01-25,1007,21107,351,8706,656,12401,0,0,517,13821,490,3640,517,17461,California
Santa Cruz,2021-01-26,1622,22729,236,8942,1386,13787,0,0,1132,14463,490,4130,1132,18593,California
Santa Cruz,2021-01-27,1596,24325,430,9372,1166,14953,0,0,1225,15319,369,4499,1225,19818,California
Santa Cruz,2021-01-28,1688,26013,273,9645,1415,16368,0,0,1421,16474,267,4766,1422,21240,California
Santa Cruz,2021-01-29,1691,27704,476,10121,1215,17583,0,0,1568,17920,122,4888,1568,22808,California
Santa Cruz,2021-01-30,1046,28750,306,10427,740,18323,0,0,915,18704,131,5019,915,23723,California
Santa Cruz,2021-01-31,211,28961,108,10535,103,18426,0,0,197,18887,14,5033,197,23920,California
Santa Cruz,2021-02-01,1184,30145,730,11265,454,18880,0,0,796,19295,388,5421,796,24716,California
Santa Cruz,2021-02-02,931,31076,113,11378,818,19698,0,0,788,19942,141,5562,788,25504,California
Santa Cruz,2021-02-03,2135,33211,909,12287,1226,20924,0,0,1835,21480,297,5859,1835,27339,California
Santa Cruz,2021-02-04,1752,34963,730,13017,1022,21946,0,0,1427,22583,324,6183,1427,28766,California
Santa Cruz,2021-02-05,3030,37993,727,13744,2303,24249,0,0,2734,25022,295,6478,2734,31500,California
Santa Cruz,2021-02-06,2495,40488,139,13883,2356,26605,0,0,2162,26851,333,6811,2162,33662,California
Santa Cruz,2021-02-07,879,41367,118,14001,761,27366,0,0,862,27696,17,6828,862,34524,California
Santa Cruz,2021-02-08,652,42019,182,14183,470,27836,0,0,471,27987,180,7008,471,34995,California
Santa Cruz,2021-02-09,2271,44290,1019,15202,1252,29088,0,0,2023,29762,248,7256,2023,37018,California
Santa Cruz,2021-02-10,2067,46357,532,15734,1535,30623,0,0,1412,30531,644,7900,1413,38431,California
Santa Cruz,2021-02-11,1737,48094,286,16020,1451,32074,0,0,1264,31324,471,8371,1264,39695,California
Santa Cruz,2021-02-12,3060,51154,401,16421,2659,34733,0,0,1712,31699,1339,9710,1714,41409,California
Santa Cruz,2021-02-13,1638,52792,115,16536,1523,36256,0,0,1246,32553,392,10102,1246,42655,California
Santa Cruz,2021-02-14,1352,54144,66,16602,1286,37542,0,0,1098,33397,254,10356,1098,43753,California
Santa Cruz,2021-02-15,1509,55653,266,16868,1243,38785,0,0,525,32939,984,11340,526,44279,California
Santa Cruz,2021-02-16,1621,57274,194,17062,1427,40212,0,0,491,32322,1108,12448,491,44770,California
Santa Cruz,2021-02-17,2793,60067,927,17989,1866,42078,0,0,1137,31819,1643,14091,1140,45910,California
Santa Cruz,2021-02-18,2753,62820,595,18584,2158,44236,0,0,1176,31422,1573,15664,1176,47086,California
Santa Cruz,2021-02-19,3122,65942,1086,19670,2036,46272,0,0,1921,32145,1198,16862,1921,49007,California
Santa Cruz,2021-02-20,2268,68210,1418,21088,850,47122,0,0,1781,33439,487,17349,1781,50788,California
Santa Cruz,2021-02-21,802,69012,345,21433,457,47579,0,0,676,33991,124,17473,676,51464,California
Santa Cruz,2021-02-22,1150,70162,887,22320,263,47842,0,0,487,33817,661,18134,487,51951,California
Santa Cruz,2021-02-23,2001,72163,887,23207,1114,48956,0,0,668,33153,1332,19466,668,52619,California
Santa Cruz,2021-02-24,3064,75227,1601,24808,1463,50419,0,0,1157,32408,1902,21368,1157,53776,California
Santa Cruz,2021-02-25,3082,78309,1342,26150,1740,52159,0,0,1706,32747,1368,22736,1707,55483,California
Santa Cruz,2021-02-26,2615,80924,698,26848,1917,54076,0,0,1486,33110,1124,23860,1487,56970,California
Santa Cruz,2021-02-27,2560,83484,891,27739,1669,55745,0,0,1793,34138,765,24625,1793,58763,California
Santa Cruz,2021-02-28,1253,84737,351,28090,902,56647,0,0,1054,34996,196,24821,1054,59817,California
Santa Cruz,2021-03-01,1809,86546,1189,29279,620,57267,0,0,658,34504,1150,25971,658,60475,California
Santa Cruz,2021-03-02,1419,87965,328,29607,1091,58358,0,0,792,34673,626,26597,795,61270,California
Santa Cruz,2021-03-03,2228,90193,589,30196,1639,59997,0,0,1214,34876,1011,27608,1214,62484,California
Santa Cruz,2021-03-04,2809,93002,1352,31548,1456,61453,1,1,1882,35844,916,28524,1884,64368,California
Santa Cruz,2021-03-05,2516,95518,438,31986,2061,63514,17,18,1082,35512,1431,29955,1099,65467,California
Santa Cruz,2021-03-06,3631,99149,1203,33189,2329,65843,99,117,1981,35942,1650,31605,2080,67547,California
Santa Cruz,2021-03-07,1309,100458,115,33304,1125,66968,69,186,539,35781,769,32374,608,68155,California
Santa Cruz,2021-03-08,1038,101496,202,33506,708,67676,128,314,626,36121,412,32786,752,68907,California
Santa Cruz,2021-03-09,1661,103157,232,33738,1287,68963,142,456,645,35895,1013,33799,787,69694,California
Santa Cruz,2021-03-10,3713,106870,2045,35783,1531,70494,137,593,1934,36191,1777,35576,2073,71767,California
Santa Cruz,2021-03-11,2701,109571,1181,36964,1353,71847,167,760,1509,36679,1191,36767,1679,73446,California
Santa Cruz,2021-03-12,2611,112182,834,37798,1505,73352,272,1032,881,36105,1726,38493,1152,74598,California
Santa Cruz,2021-03-13,2168,114350,1253,39051,879,74231,36,1068,1111,36200,1054,39547,1149,75747,California
Santa Cruz,2021-03-14,844,115194,179,39230,652,74883,13,1081,410,36190,432,39979,422,76169,California
Santa Cruz,2021-03-15,1246,116440,440,39670,775,75658,31,1112,540,36060,702,40681,572,76741,California
Santa Cruz,2021-03-16,2182,118622,1031,40701,1110,76768,41,1153,1264,36451,913,41594,1304,78045,California
Santa Cruz,2021-03-17,3788,122410,2270,42971,1508,78276,10,1163,2488,37659,1294,42888,2502,80547,California
Santa Cruz,2021-03-18,3663,126073,1962,44933,1587,79863,114,1277,1944,38001,1716,44604,2058,82605,California
Santa Cruz,2021-03-19,3200,129273,1245,46178,1748,81611,207,1484,1666,38344,1530,46134,1873,84478,California
Santa Cruz,2021-03-20,2156,131429,1594,47772,497,82108,65,1549,1053,38360,1102,47236,1118,85596,California
Santa Cruz,2021-03-21,784,132213,416,48188,245,82353,123,1672,405,38512,377,47613,529,86125,California
Santa Cruz,2021-03-22,1250,133463,764,48952,464,82817,22,1694,879,39045,368,47981,901,87026,California
Santa Cruz,2021-03-23,2405,135868,1325,50277,1031,83848,49,1743,1594,39879,809,48790,1643,88669,California
Santa Cruz,2021-03-24,2908,138776,1975,52252,913,84761,20,1763,1911,40818,991,49781,1930,90599,California
Santa Cruz,2021-03-25,2495,141271,1253,53505,1210,85971,32,1795,1256,40871,1235,51016,1288,91887,California
Santa Cruz,2021-03-26,2925,144196,1692,55197,1208,87179,25,1820,2005,41987,913,51929,2029,93916,California
Santa Cruz,2021-03-27,2997,147193,1849,57046,1124,88303,24,1844,1415,41855,1572,53501,1440,95356,California
Santa Cruz,2021-03-28,876,148069,534,57580,328,88631,14,1858,449,41895,423,53924,463,95819,California
Santa Cruz,2021-03-29,1877,149946,814,58394,996,89627,67,1925,1189,42466,685,54609,1256,97075,California
Santa Cruz,2021-03-30,2514,152460,744,59138,1622,91249,148,2073,1620,43342,892,55501,1768,98843,California
Santa Cruz,2021-03-31,3967,156427,2702,61840,1222,92471,43,2116,2069,43559,1895,57396,2112,100955,California
Santa Cruz,2021-04-01,3805,160232,2057,63897,1643,94114,105,2221,1930,43725,1869,59265,2035,102990,California
Santa Cruz,2021-04-02,3116,163348,1321,65218,1630,95744,165,2386,1753,44283,1360,60625,1918,104908,California
Santa Cruz,2021-04-03,2127,165475,1175,66393,836,96580,116,2502,829,43931,1296,61921,944,105852,California
Santa Cruz,2021-04-04,885,166360,459,66852,372,96952,54,2556,519,44138,366,62287,573,106425,California
Santa Cruz,2021-04-05,2154,168514,718,67570,1277,98229,159,2715,1328,44801,825,63112,1488,107913,California
Santa Cruz,2021-04-06,3199,171713,1558,69128,1280,99509,361,3076,1866,45699,1323,64435,2221,110134,California
Santa Cruz,2021-04-07,3926,175639,1536,70664,2052,101561,338,3414,1685,45483,2238,66673,2022,112156,California
Santa Cruz,2021-04-08,4023,179662,2180,72844,1364,102925,479,3893,2367,46679,1648,68321,2844,115000,California
Santa Cruz,2021-04-09,3558,183220,1430,74274,1752,104677,376,4269,2002,47509,1549,69870,2379,117379,California
Santa Cruz,2021-04-10,2103,185323,992,75266,890,105567,221,4490,977,47584,1122,70992,1197,118576,California
Santa Cruz,2021-04-11,904,186227,453,75719,367,105934,84,4574,413,47590,491,71483,497,119073,California
Santa Cruz,2021-04-12,2169,188396,748,76467,1029,106963,392,4966,1049,47925,1106,72589,1441,120514,California
Santa Cruz,2021-04-13,2776,191172,1373,77840,1402,108365,1,4967,1580,48320,1187,73776,1582,122096,California
Santa Cruz,2021-04-14,4437,195609,2101,79941,2336,110701,0,4967,2168,48231,2259,76035,2170,124266,California
Santa Cruz,2021-04-15,4831,200440,3054,82995,1777,112478,0,4967,3088,49590,1731,77766,3090,127356,California
Santa Cruz,2021-04-16,4252,204692,2304,85299,1946,114424,2,4969,2325,50000,1919,79685,2329,129685,California
Santa Cruz,2021-04-17,2131,206823,834,86133,1297,115721,0,4969,1409,50691,719,80404,1410,131095,California
Santa Cruz,2021-04-18,990,207813,471,86604,518,116239,1,4970,562,50830,426,80830,565,131660,California
Santa Cruz,2021-04-19,2414,210227,1423,88027,990,117229,1,4971,1533,51487,878,81708,1535,133195,California
Santa Cruz,2021-04-20,2970,213197,1547,89574,1423,118652,0,4971,1733,51995,1227,82935,1735,134930,California
Santa Cruz,2021-04-21,3955,217152,2641,92215,1314,119966,0,4971,2128,52315,1809,84744,2129,137059,California
Santa Cruz,2021-04-22,4093,221245,2769,94984,1324,121290,0,4971,2308,52848,1776,86520,2309,139368,California
Santa Cruz,2021-04-23,3014,224259,1617,96601,1396,122686,1,4972,1314,52472,1690,88210,1314,140682,California
Santa Cruz,2021-04-24,2128,226387,1031,97632,1094,123780,3,4975,663,51682,1456,89666,666,141348,California
Santa Cruz,2021-04-25,1028,227415,652,98284,364,124144,12,4987,416,51505,604,90270,427,141775,California
Santa Cruz,2021-04-26,1980,229395,946,99230,1018,125162,16,5003,830,51212,1140,91410,847,142622,California
Santa Cruz,2021-04-27,2831,232226,891,100121,1860,127022,80,5083,1411,51289,1412,92822,1489,144111,California
Santa Cruz,2021-04-28,3273,235499,1808,101929,1391,128413,74,5157,1724,51546,1538,94360,1795,145906,California
Santa Cruz,2021-04-29,3565,239064,2364,104293,1141,129554,60,5217,1257,50564,2299,96659,1317,147223,California
Santa Cruz,2021-04-30,2260,241324,1134,105427,1083,130637,43,5260,967,50289,1286,97945,1011,148234,California
Santa Cruz,2021-05-01,1198,242522,950,106377,217,130854,31,5291,585,50295,610,98555,616,148850,California
Santa Cruz,2021-05-02,565,243087,394,106771,146,131000,25,5316,200,50156,365,98920,226,149076,California
Santa Cruz,2021-05-03,1819,244906,912,107683,842,131842,65,5381,632,49678,1176,100096,698,149774,California
Santa Cruz,2021-05-04,2533,247439,1457,109140,1009,132851,67,5448,837,48887,1693,101789,902,150676,California
Santa Cruz,2021-05-05,2611,250050,1277,110417,1255,134106,79,5527,688,47774,1884,103673,771,151447,California
Santa Cruz,2021-05-06,3686,253736,2336,112753,1139,135245,211,5738,832,45978,2837,106510,1041,152488,California
Santa Cruz,2021-05-07,2570,256306,1119,113872,1374,136619,77,5815,418,44328,2147,108657,497,152985,California
Santa Cruz,2021-05-08,1291,257597,632,114504,631,137250,28,5843,364,43794,927,109584,393,153378,California
Santa Cruz,2021-05-09,494,258091,311,114815,161,137411,22,5865,153,43630,339,109923,175,153553,California
Santa Cruz,2021-05-10,1966,260057,1158,115973,749,138160,59,5924,394,42519,1564,111487,453,154006,California
Santa Cruz,2021-05-11,2271,262328,1264,117237,923,139083,84,6008,620,41574,1648,113135,703,154709,California
Santa Cruz,2021-05-12,3004,265332,1245,118482,1682,140765,77,6085,542,39740,2454,115589,620,155329,California
Santa Cruz,2021-05-13,3762,269094,2519,121001,1153,141918,90,6175,1342,38758,2416,118005,1434,156763,California
Santa Cruz,2021-05-14,2823,271917,1524,122525,1262,143180,37,6212,1071,38123,1744,119749,1109,157872,California
Santa Cruz,2021-05-15,2203,274120,1278,123803,914,144094,11,6223,1080,38094,1120,120869,1091,158963,California
Santa Cruz,2021-05-16,691,274811,340,124143,332,144426,19,6242,208,37840,482,121351,228,159191,California
Santa Cruz,2021-05-17,1450,276261,730,124873,654,145080,66,6308,507,37471,942,122293,573,159764,California
Santa Cruz,2021-05-18,2186,278447,1332,126205,831,145911,23,6331,1074,37462,1106,123399,1097,160861,California
Santa Cruz,2021-05-19,2972,281419,1801,128006,1136,147047,35,6366,1299,37131,1665,125064,1334,162195,California
Santa Cruz,2021-05-20,3276,284695,2347,130353,783,147830,146,6512,1553,37113,1717,126781,1699,163894,California
Santa Cruz,2021-05-21,1692,286387,864,131217,745,148575,83,6595,593,36697,1092,127873,676,164570,California
Santa Cruz,2021-05-22,1689,288076,1305,132522,374,148949,10,6605,588,36199,1097,128970,599,165169,California
Santa Cruz,2021-05-23,444,288520,244,132766,181,149130,19,6624,140,36056,302,129272,159,165328,California
Santa Cruz,2021-05-24,1114,289634,640,133406,399,149529,75,6699,293,35611,813,130085,368,165696,California
Santa Cruz,2021-05-25,2195,291829,1262,134668,890,150419,43,6742,448,34498,1603,131688,490,166186,California
Santa Cruz,2021-05-26,1654,293483,768,135436,844,151263,42,6784,463,33824,1179,132867,505,166691,California
Santa Cruz,2021-05-27,1271,294754,692,136128,478,151741,101,6885,451,33562,814,133681,552,167243,California
Santa Cruz,2021-05-28,820,295574,362,136490,428,152169,30,6915,357,33495,455,134136,388,167631,California
Santa Cruz,2021-05-29,569,296143,323,136813,237,152406,9,6924,326,33588,242,134378,335,167966,California
Santa Cruz,2021-05-30,228,296371,113,136926,103,152509,12,6936,91,33556,134,134512,102,168068,California
Santa Cruz,2021-05-31,143,296514,62,136988,80,152589,1,6937,45,33505,97,134609,46,168114,California
Santa Cruz,2021-06-01,871,297385,534,137522,329,152918,8,6945,324,33292,545,135154,332,168446,California
Santa Cruz,2021-06-02,869,298254,514,138036,316,153234,39,6984,346,33159,518,135672,385,168831,California
Santa Cruz,2021-06-03,2200,300454,1492,139528,671,153905,37,7021,524,32054,1666,137338,561,169392,California
Santa Cruz,2021-06-04,1012,301466,687,140215,294,154199,31,7052,243,31567,762,138100,275,169667,California
Santa Cruz,2021-06-05,982,302448,797,141012,180,154379,5,7057,177,30947,802,138902,182,169849,California
Santa Cruz,2021-06-06,366,302814,261,141273,88,154467,17,7074,113,30827,250,139152,130,169979,California
Santa Cruz,2021-06-07,800,303614,589,141862,181,154648,30,7104,217,30492,582,139734,247,170226,California
Santa Cruz,2021-06-08,1403,305017,1120,142982,258,154906,25,7129,295,29709,1104,140838,321,170547,California
Santa Cruz,2021-06-09,1394,306411,1099,144081,278,155184,17,7146,274,28888,1113,141951,292,170839,California
Santa Cruz,2021-06-10,1930,308341,1587,145668,279,155463,64,7210,342,27708,1583,143534,403,171242,California
Santa Cruz,2021-06-11,794,309135,491,146159,272,155735,31,7241,276,27501,512,144046,305,171547,California
Santa Cruz,2021-06-12,956,310091,839,146998,111,155846,6,7247,161,26875,793,144839,167,171714,California
Santa Cruz,2021-06-13,189,310280,126,147124,44,155890,19,7266,28,26761,161,145000,47,171761,California
Santa Cruz,2021-06-14,545,310825,353,147477,159,156049,33,7299,164,26579,378,145378,196,171957,California
Santa Cruz,2021-06-15,888,311713,650,148127,220,156269,18,7317,321,26355,564,145942,340,172297,California
Santa Cruz,2021-06-16,758,312471,551,148678,175,156444,32,7349,227,26086,527,146469,258,172555,California
Santa Cruz,2021-06-17,779,313250,603,149281,137,156581,39,7388,290,25928,486,146955,328,172883,California
Santa Cruz,2021-06-18,592,313842,367,149648,196,156777,29,7417,258,25883,332,147287,287,173170,California
Santa Cruz,2021-06-19,310,314152,253,149901,54,156831,3,7420,106,25791,201,147488,109,173279,California
Santa Cruz,2021-06-20,45,314197,33,149934,5,156836,7,7427,20,25793,25,147513,27,173306,California
Shasta,2020-12-15,1,1,1,1,0,0,0,0,1,1,0,0,1,1,California
Shasta,2020-12-16,133,134,133,134,0,0,0,0,133,134,0,0,133,134,California
Shasta,2020-12-17,417,551,417,551,0,0,0,0,417,551,0,0,417,551,California
Shasta,2020-12-18,163,714,163,714,0,0,0,0,163,714,0,0,163,714,California
Shasta,2020-12-19,1,715,1,715,0,0,0,0,1,715,0,0,1,715,California
Shasta,2020-12-21,68,783,68,783,0,0,0,0,68,783,0,0,68,783,California
Shasta,2020-12-22,184,967,179,962,5,5,0,0,184,967,0,0,184,967,California
Shasta,2020-12-23,167,1134,163,1125,4,9,0,0,167,1134,0,0,167,1134,California
Shasta,2020-12-24,25,1159,25,1150,0,9,0,0,25,1159,0,0,25,1159,California
Shasta,2020-12-26,4,1163,1,1151,3,12,0,0,4,1163,0,0,4,1163,California
Shasta,2020-12-27,2,1165,1,1152,1,13,0,0,2,1165,0,0,2,1165,California
Shasta,2020-12-28,37,1202,28,1180,9,22,0,0,37,1202,0,0,37,1202,California
Shasta,2020-12-29,177,1379,176,1356,1,23,0,0,177,1379,0,0,177,1379,California
Shasta,2020-12-30,178,1557,170,1526,8,31,0,0,178,1557,0,0,178,1557,California
Shasta,2020-12-31,82,1639,2,1528,80,111,0,0,82,1639,0,0,82,1639,California
Shasta,2021-01-02,2,1641,0,1528,2,113,0,0,2,1641,0,0,2,1641,California
Shasta,2021-01-03,1,1642,1,1529,0,113,0,0,1,1642,0,0,1,1642,California
Shasta,2021-01-04,359,2001,300,1829,59,172,0,0,360,2002,0,0,360,2002,California
Shasta,2021-01-05,335,2336,313,2142,22,194,0,0,255,2177,80,80,255,2257,California
Shasta,2021-01-06,459,2795,389,2531,70,264,0,0,200,2118,259,339,200,2457,California
Shasta,2021-01-07,129,2924,43,2574,86,350,0,0,102,2193,27,366,102,2559,California
Shasta,2021-01-08,515,3439,440,3014,75,425,0,0,310,2298,205,571,310,2869,California
Shasta,2021-01-09,73,3512,64,3078,9,434,0,0,70,2365,3,574,70,2939,California
Shasta,2021-01-10,5,3517,0,3078,5,439,0,0,3,2368,2,576,5,2944,California
Shasta,2021-01-11,395,3912,179,3257,216,655,0,0,365,2703,30,606,365,3309,California
Shasta,2021-01-12,472,4384,315,3572,157,812,0,0,308,2847,164,770,308,3617,California
Shasta,2021-01-13,594,4978,267,3839,327,1139,0,0,427,3107,167,937,427,4044,California
Shasta,2021-01-14,492,5470,58,3897,434,1573,0,0,468,3551,24,961,468,4512,California
Shasta,2021-01-15,656,6126,136,4033,520,2093,0,0,655,4205,1,962,655,5167,California
Shasta,2021-01-16,885,7011,53,4086,832,2925,0,0,882,5084,3,965,882,6049,California
Shasta,2021-01-17,27,7038,6,4092,21,2946,0,0,23,5103,4,969,23,6072,California
Shasta,2021-01-18,596,7634,128,4220,468,3414,0,0,589,5685,7,976,589,6661,California
Shasta,2021-01-19,1050,8684,394,4614,656,4070,0,0,908,6451,142,1118,908,7569,California
Shasta,2021-01-20,665,9349,413,5027,252,4322,0,0,479,6749,181,1299,479,8048,California
Shasta,2021-01-21,618,9967,282,5309,336,4658,0,0,597,7325,21,1320,597,8645,California
Shasta,2021-01-22,430,10397,177,5486,253,4911,0,0,424,7743,6,1326,424,9069,California
Shasta,2021-01-23,58,10455,5,5491,53,4964,0,0,57,7799,1,1327,57,9126,California
Shasta,2021-01-24,23,10478,2,5493,21,4985,0,0,22,7820,1,1328,22,9148,California
Shasta,2021-01-25,736,11214,483,5976,253,5238,0,0,455,7995,280,1608,455,9603,California
Shasta,2021-01-26,693,11907,339,6315,354,5592,0,0,458,8220,233,1841,458,10061,California
Shasta,2021-01-27,448,12355,196,6511,252,5844,0,0,399,8571,48,1889,399,10460,California
Shasta,2021-01-28,862,13217,570,7081,292,6136,0,0,647,9003,215,2104,647,11107,California
Shasta,2021-01-29,804,14021,325,7406,479,6615,0,0,618,9436,186,2290,619,11726,California
Shasta,2021-01-30,603,14624,14,7420,589,7204,0,0,593,10019,10,2300,593,12319,California
Shasta,2021-01-31,27,14651,4,7424,23,7227,0,0,25,10042,2,2302,25,12344,California
Shasta,2021-02-01,533,15184,149,7573,384,7611,0,0,393,10295,140,2442,393,12737,California
Shasta,2021-02-02,979,16163,497,8070,482,8093,0,0,888,11094,89,2531,888,13625,California
Shasta,2021-02-03,695,16858,214,8284,481,8574,0,0,463,11325,232,2763,463,14088,California
Shasta,2021-02-04,1079,17937,682,8966,397,8971,0,0,890,12027,188,2951,890,14978,California
Shasta,2021-02-05,1247,19184,167,9133,1080,10051,0,0,1039,12859,207,3158,1039,16017,California
Shasta,2021-02-06,1728,20912,39,9172,1689,11740,0,0,1705,14541,23,3181,1705,17722,California
Shasta,2021-02-07,25,20937,3,9175,22,11762,0,0,23,14562,2,3183,23,17745,California
Shasta,2021-02-08,591,21528,168,9343,423,12185,0,0,307,14585,284,3467,307,18052,California
Shasta,2021-02-09,1112,22640,638,9981,474,12659,0,0,725,14924,387,3854,726,18778,California
Shasta,2021-02-10,1118,23758,795,10776,323,12982,0,0,597,15000,522,4376,598,19376,California
Shasta,2021-02-11,868,24626,184,10960,684,13666,0,0,353,14843,510,4886,353,19729,California
Shasta,2021-02-12,1750,26376,1201,12161,549,14215,0,0,1220,15533,530,5416,1220,20949,California
Shasta,2021-02-13,1348,27724,363,12524,985,15200,0,0,551,15287,798,6214,552,21501,California
Shasta,2021-02-14,146,27870,4,12528,142,15342,0,0,123,15387,23,6237,123,21624,California
Shasta,2021-02-15,377,28247,98,12626,279,15621,0,0,210,15430,167,6404,210,21834,California
Shasta,2021-02-16,1189,29436,514,13140,675,16296,0,0,422,15086,766,7170,422,22256,California
Shasta,2021-02-17,1031,30467,457,13597,574,16870,0,0,417,14889,614,7784,417,22673,California
Shasta,2021-02-18,939,31406,474,14071,465,17335,0,0,455,14861,484,8268,456,23129,California
Shasta,2021-02-19,1328,32734,947,15018,381,17716,0,0,872,15277,456,8724,872,24001,California
Shasta,2021-02-20,784,33518,88,15106,696,18412,0,0,295,15083,489,9213,295,24296,California
Shasta,2021-02-21,29,33547,3,15109,26,18438,0,0,9,15072,20,9233,9,24305,California
Shasta,2021-02-22,429,33976,80,15189,349,18787,0,0,182,15008,246,9479,182,24487,California
Shasta,2021-02-23,904,34880,466,15655,438,19225,0,0,324,14752,580,10059,324,24811,California
Shasta,2021-02-24,851,35731,498,16153,353,19578,0,0,263,14428,587,10646,263,25074,California
Shasta,2021-02-25,518,36249,187,16340,331,19909,0,0,172,14255,345,10991,172,25246,California
Shasta,2021-02-26,772,37021,103,16443,669,20578,0,0,337,14158,434,11425,337,25583,California
Shasta,2021-02-27,791,37812,26,16469,765,21343,0,0,185,13739,604,12029,185,25768,California
Shasta,2021-02-28,177,37989,4,16473,173,21516,0,0,128,13818,49,12078,128,25896,California
Shasta,2021-03-01,593,38582,58,16531,535,22051,0,0,298,13822,294,12372,298,26194,California
Shasta,2021-03-02,1020,39602,470,17001,550,22601,0,0,336,13475,683,13055,336,26530,California
Shasta,2021-03-03,679,40281,180,17181,499,23100,0,0,242,13280,437,13492,242,26772,California
Shasta,2021-03-04,2954,43235,2388,19569,566,23666,0,0,1706,13742,1245,14737,1707,28479,California
Shasta,2021-03-05,1534,44769,160,19729,1345,25011,29,29,777,13790,758,15495,806,29285,California
Shasta,2021-03-06,2697,47466,379,20108,2273,27284,45,74,845,12830,1850,17345,890,30175,California
Shasta,2021-03-07,92,47558,4,20112,56,27340,32,106,38,12846,54,17399,70,30245,California
Shasta,2021-03-08,569,48127,55,20167,376,27716,138,244,156,12729,411,17810,294,30539,California
Shasta,2021-03-09,1219,49346,590,20757,455,28171,174,418,664,13012,554,18364,837,31376,California
Shasta,2021-03-10,789,50135,254,21011,334,28505,201,619,141,12705,647,19011,340,31716,California
Shasta,2021-03-11,1508,51643,465,21476,785,29290,258,877,907,13272,598,19609,1165,32881,California
Shasta,2021-03-12,1538,53181,850,22326,447,29737,241,1118,399,12772,1138,20747,638,33519,California
Shasta,2021-03-13,751,53932,424,22750,228,29965,99,1217,474,13067,276,21023,571,34090,California
Shasta,2021-03-14,1003,54935,8,22758,973,30938,22,1239,867,13822,136,21159,891,34981,California
Shasta,2021-03-15,484,55419,39,22797,352,31290,93,1332,208,13846,276,21435,300,35281,California
Shasta,2021-03-16,1115,56534,143,22940,903,32193,69,1401,832,14464,283,21718,901,36182,California
Shasta,2021-03-17,707,57241,180,23120,468,32661,59,1460,370,14564,329,22047,429,36611,California
Shasta,2021-03-18,1515,58756,585,23705,828,33489,102,1562,1088,15331,423,22470,1190,37801,California
Shasta,2021-03-19,628,59384,204,23909,367,33856,57,1619,388,15537,239,22709,445,38246,California
Shasta,2021-03-20,729,60113,480,24389,238,34094,11,1630,588,15995,141,22850,599,38845,California
Shasta,2021-03-21,313,60426,298,24687,4,34098,11,1641,286,16266,26,22876,297,39142,California
Shasta,2021-03-22,337,60763,35,24722,267,34365,35,1676,194,16353,142,23018,229,39371,California
Shasta,2021-03-23,1306,62069,651,25373,596,34961,59,1735,760,16631,541,23559,819,40190,California
Shasta,2021-03-24,609,62678,163,25536,409,35370,37,1772,370,16800,238,23797,407,40597,California
Shasta,2021-03-25,1098,63776,414,25950,663,36033,21,1793,781,17288,315,24112,803,41400,California
Shasta,2021-03-26,1781,65557,1359,27309,392,36425,30,1823,1424,18386,357,24469,1455,42855,California
Shasta,2021-03-27,1527,67084,360,27669,307,36732,860,2683,526,18769,999,25468,1382,44237,California
Shasta,2021-03-28,398,67482,295,27964,93,36825,10,2693,297,18977,99,25567,307,44544,California
Shasta,2021-03-29,417,67899,40,28004,366,37191,11,2704,163,18898,253,25820,174,44718,California
Shasta,2021-03-30,1203,69102,743,28747,443,37634,17,2721,599,18913,601,26421,616,45334,California
Shasta,2021-03-31,609,69711,198,28945,404,38038,7,2728,367,19049,238,26659,374,45708,California
Shasta,2021-04-01,867,70578,227,29172,627,38665,13,2741,546,19289,319,26978,559,46267,California
Shasta,2021-04-02,718,71296,174,29346,491,39156,53,2794,386,19398,330,27308,439,46706,California
Shasta,2021-04-03,500,71796,358,29704,126,39282,16,2810,381,19676,119,27427,397,47103,California
Shasta,2021-04-04,286,72082,172,29876,94,39376,20,2830,213,19836,73,27500,233,47336,California
Shasta,2021-04-05,428,72510,66,29942,308,39684,54,2884,249,19960,179,27679,303,47639,California
Shasta,2021-04-06,1116,73626,479,30421,469,40153,168,3052,533,20082,578,28257,700,48339,California
Shasta,2021-04-07,624,74250,188,30609,280,40433,156,3208,235,20087,385,28642,390,48729,California
Shasta,2021-04-08,1116,75366,255,30864,705,41138,156,3364,202,19533,911,29553,357,49086,California
Shasta,2021-04-09,2551,77917,2047,32911,297,41435,207,3571,1983,21159,561,30114,2187,51273,California
Shasta,2021-04-10,860,78777,578,33489,154,41589,128,3699,257,20940,602,30716,383,51656,California
Shasta,2021-04-11,1235,80012,393,33882,822,42411,20,3719,139,20007,1092,31808,159,51815,California
Shasta,2021-04-12,333,80345,8,33890,266,42677,59,3778,95,19923,237,32045,153,51968,California
Shasta,2021-04-13,1245,81590,360,34250,883,43560,2,3780,336,19357,904,32949,338,52306,California
Shasta,2021-04-14,578,82168,150,34400,426,43986,2,3782,222,19226,355,33304,224,52530,California
Shasta,2021-04-15,1052,83220,248,34648,803,44789,1,3783,301,18781,746,34050,301,52831,California
Shasta,2021-04-16,2273,85493,1802,36450,471,45260,0,3783,931,18373,1340,35390,932,53763,California
Shasta,2021-04-17,607,86100,385,36835,222,45482,0,3783,179,18126,428,35818,181,53944,California
Shasta,2021-04-18,263,86363,237,37072,26,45508,0,3783,33,17931,228,36046,33,53977,California
Shasta,2021-04-19,370,86733,29,37101,341,45849,0,3783,157,17875,213,36259,157,54134,California
Shasta,2021-04-20,964,87697,213,37314,751,46600,0,3783,360,17633,602,36861,360,54494,California
Shasta,2021-04-21,571,88268,193,37507,378,46978,0,3783,296,17654,275,37136,296,54790,California
Shasta,2021-04-22,933,89201,259,37766,674,47652,0,3783,297,17317,634,37770,297,55087,California
Shasta,2021-04-23,619,89820,237,38003,382,48034,0,3783,316,17331,302,38072,316,55403,California
Shasta,2021-04-24,589,90409,353,38356,235,48269,1,3784,106,16956,481,38553,106,55509,California
Shasta,2021-04-25,206,90615,176,38532,29,48298,1,3785,36,16823,170,38723,37,55546,California
Shasta,2021-04-26,492,91107,52,38584,435,48733,5,3790,348,17033,142,38865,352,55898,California
Shasta,2021-04-27,526,91633,168,38752,321,49054,37,3827,296,17136,227,39092,330,56228,California
Shasta,2021-04-28,553,92186,133,38885,389,49443,31,3858,248,17109,305,39397,278,56506,California
Shasta,2021-04-29,744,92930,102,38987,620,50063,22,3880,176,16740,567,39964,198,56704,California
Shasta,2021-04-30,2221,95151,1802,40789,389,50452,30,3910,252,15054,1968,41932,282,56986,California
Shasta,2021-05-01,214,95365,19,40808,123,50575,72,3982,93,15098,121,42053,165,57151,California
Shasta,2021-05-02,44,95409,14,40822,17,50592,13,3995,19,15105,25,42078,32,57183,California
Shasta,2021-05-03,347,95756,94,40916,230,50822,23,4018,110,15002,236,42314,133,57316,California
Shasta,2021-05-04,516,96272,190,41106,289,51111,37,4055,248,15022,265,42579,285,57601,California
Shasta,2021-05-05,425,96697,138,41244,271,51382,16,4071,196,15005,229,42808,212,57813,California
Shasta,2021-05-06,676,97373,257,41501,384,51766,35,4106,285,14941,382,43190,318,58131,California
Shasta,2021-05-07,1085,98458,720,42221,327,52093,38,4144,294,14483,790,43980,332,58463,California
Shasta,2021-05-08,161,98619,79,42300,72,52165,10,4154,94,14519,67,44047,103,58566,California
Shasta,2021-05-09,63,98682,14,42314,44,52209,5,4159,33,14527,30,44077,38,58604,California
Shasta,2021-05-10,251,98933,20,42334,184,52393,47,4206,110,14543,138,44215,154,58758,California
Shasta,2021-05-11,496,99429,142,42476,209,52602,145,4351,180,14553,315,44530,325,59083,California
Shasta,2021-05-12,390,99819,139,42615,228,52830,23,4374,131,14449,258,44788,154,59237,California
Shasta,2021-05-13,575,100394,239,42854,322,53152,14,4388,222,14334,351,45139,236,59473,California
Shasta,2021-05-14,631,101025,266,43120,340,53492,25,4413,291,14312,339,45478,317,59790,California
Shasta,2021-05-15,373,101398,116,43236,158,53650,99,4512,153,14344,219,45697,251,60041,California
Shasta,2021-05-16,221,101619,155,43391,56,53706,10,4522,163,14459,58,45755,173,60214,California
Shasta,2021-05-17,523,102142,241,43632,224,53930,58,4580,278,14551,244,45999,336,60550,California
Shasta,2021-05-18,608,102750,293,43925,291,54221,24,4604,327,14621,281,46280,351,60901,California
Shasta,2021-05-19,582,103332,274,44199,241,54462,67,4671,281,14672,297,46577,348,61249,California
Shasta,2021-05-20,557,103889,249,44448,289,54751,19,4690,263,14660,293,46870,281,61530,California
Shasta,2021-05-21,632,104521,284,44732,329,55080,19,4709,339,14727,291,47161,358,61888,California
Shasta,2021-05-22,231,104752,129,44861,93,55173,9,4718,143,14793,86,47247,152,62040,California
Shasta,2021-05-23,110,104862,48,44909,55,55228,7,4725,68,14826,42,47289,75,62115,California
Shasta,2021-05-24,521,105383,161,45070,330,55558,30,4755,184,14704,336,47625,214,62329,California
Shasta,2021-05-25,459,105842,196,45266,218,55776,45,4800,159,14611,296,47921,203,62532,California
Shasta,2021-05-26,371,106213,144,45410,202,55978,25,4825,148,14562,222,48143,173,62705,California
Shasta,2021-05-27,412,106625,153,45563,250,56228,9,4834,155,14472,254,48397,164,62869,California
Shasta,2021-05-28,432,107057,196,45759,209,56437,27,4861,202,14474,227,48624,229,63098,California
Shasta,2021-05-29,222,107279,62,45821,129,56566,31,4892,92,14465,130,48754,121,63219,California
Shasta,2021-05-30,82,107361,47,45868,33,56599,2,4894,54,14493,28,48782,56,63275,California
Shasta,2021-05-31,34,107395,8,45876,25,56624,1,4895,11,14483,22,48804,12,63287,California
Shasta,2021-06-01,520,107915,152,46028,225,56849,143,5038,134,14382,379,49183,278,63565,California
Shasta,2021-06-02,290,108205,117,46145,164,57013,9,5047,120,14343,168,49351,129,63694,California
Shasta,2021-06-03,362,108567,156,46301,198,57211,8,5055,117,14224,244,49595,125,63819,California
Shasta,2021-06-04,557,109124,279,46580,252,57463,26,5081,198,14090,358,49953,224,64043,California
Shasta,2021-06-05,247,109371,142,46722,87,57550,18,5099,82,14027,164,50117,101,64144,California
Shasta,2021-06-06,160,109531,126,46848,32,57582,2,5101,47,13963,113,50230,49,64193,California
Shasta,2021-06-07,395,109926,231,47079,147,57729,17,5118,106,13798,288,50518,123,64316,California
Shasta,2021-06-08,498,110424,299,47378,155,57884,44,5162,146,13637,351,50869,190,64506,California
Shasta,2021-06-09,476,110900,269,47647,121,58005,86,5248,110,13469,363,51232,195,64701,California
Shasta,2021-06-10,405,111305,240,47887,140,58145,25,5273,126,13347,273,51505,151,64852,California
Shasta,2021-06-11,447,111752,250,48137,160,58305,37,5310,121,13180,324,51829,157,65009,California
Shasta,2021-06-12,207,111959,135,48272,66,58371,6,5316,75,13129,132,51961,81,65090,California
Shasta,2021-06-13,89,112048,55,48327,32,58403,2,5318,25,13092,64,52025,27,65117,California
Shasta,2021-06-14,277,112325,150,48477,110,58513,17,5335,80,12993,196,52221,97,65214,California
Shasta,2021-06-15,420,112745,212,48689,104,58617,104,5439,141,12958,275,52496,240,65454,California
Shasta,2021-06-16,257,113002,149,48838,96,58713,12,5451,83,12883,170,52666,95,65549,California
Shasta,2021-06-17,286,113288,126,48964,123,58836,37,5488,98,12831,187,52853,135,65684,California
Shasta,2021-06-18,352,113640,226,49190,107,58943,19,5507,151,12801,200,53053,170,65854,California
Shasta,2021-06-19,113,113753,78,49268,34,58977,1,5508,51,12792,61,53114,52,65906,California
Shasta,2021-06-20,18,113771,11,49279,6,58983,1,5509,4,12783,14,53128,5,65911,California
Sierra,2020-12-18,1,1,1,1,0,0,0,0,1,1,0,0,1,1,California
Sierra,2020-12-21,2,3,2,3,0,0,0,0,2,3,0,0,2,3,California
Sierra,2020-12-22,12,15,12,15,0,0,0,0,12,15,0,0,12,15,California
Sierra,2020-12-23,4,19,4,19,0,0,0,0,4,19,0,0,4,19,California
Sierra,2020-12-28,1,20,0,19,1,1,0,0,1,20,0,0,1,20,California
Sierra,2020-12-29,49,69,7,26,42,43,0,0,49,69,0,0,49,69,California
Sierra,2020-12-30,2,71,0,26,2,45,0,0,2,71,0,0,2,71,California
Sierra,2020-12-31,13,84,0,26,13,58,0,0,13,84,0,0,13,84,California
Sierra,2021-01-01,1,85,1,27,0,58,0,0,1,85,0,0,1,85,California
Sierra,2021-01-05,63,148,2,29,61,119,0,0,63,148,0,0,63,148,California
Sierra,2021-01-06,1,149,1,30,0,119,0,0,1,149,0,0,1,149,California
Sierra,2021-01-07,20,169,1,31,19,138,0,0,19,167,1,1,19,168,California
Sierra,2021-01-11,3,172,3,34,0,138,0,0,0,164,3,4,0,168,California
Sierra,2021-01-12,38,210,12,46,26,164,0,0,26,178,12,16,26,194,California
Sierra,2021-01-13,3,213,3,49,0,164,0,0,0,175,3,19,0,194,California
Sierra,2021-01-14,35,248,2,51,33,197,0,0,35,210,0,19,35,229,California
Sierra,2021-01-15,3,251,1,52,2,199,0,0,3,213,0,19,3,232,California
Sierra,2021-01-18,3,254,0,52,3,202,0,0,3,216,0,19,3,235,California
Sierra,2021-01-19,34,288,0,52,34,236,0,0,34,250,0,19,34,269,California
Sierra,2021-01-20,1,289,1,53,0,236,0,0,1,251,0,19,1,270,California
Sierra,2021-01-21,53,342,0,53,53,289,0,0,53,304,0,19,53,323,California
Sierra,2021-01-22,2,344,0,53,2,291,0,0,2,306,0,19,2,325,California
Sierra,2021-01-23,2,346,0,53,2,293,0,0,2,308,0,19,2,327,California
Sierra,2021-01-26,62,408,1,54,61,354,0,0,24,294,38,57,24,351,California
Sierra,2021-01-27,4,412,4,58,0,354,0,0,0,290,4,61,0,351,California
Sierra,2021-01-28,53,465,0,58,53,407,0,0,43,323,10,71,43,394,California
Sierra,2021-01-29,1,466,0,58,1,408,0,0,1,324,0,71,1,395,California
Sierra,2021-01-30,2,468,2,60,0,408,0,0,2,326,0,71,2,397,California
Sierra,2021-02-01,1,469,0,60,1,409,0,0,0,325,1,72,0,397,California
Sierra,2021-02-02,60,529,1,61,59,468,0,0,22,309,38,110,22,419,California
Sierra,2021-02-03,5,534,5,66,0,468,0,0,5,314,0,110,5,424,California
Sierra,2021-02-04,99,633,2,68,97,565,0,0,50,315,49,159,50,474,California
Sierra,2021-02-05,5,638,3,71,2,567,0,0,4,318,1,160,4,478,California
Sierra,2021-02-09,55,693,0,71,55,622,0,0,52,367,3,163,52,530,California
Sierra,2021-02-10,2,695,0,71,2,624,0,0,2,369,0,163,2,532,California
Sierra,2021-02-11,194,889,1,72,193,817,0,0,134,443,60,223,134,666,California
Sierra,2021-02-12,20,909,0,72,20,837,0,0,20,463,0,223,20,686,California
Sierra,2021-02-15,2,911,2,74,0,837,0,0,0,461,2,225,0,686,California
Sierra,2021-02-16,46,957,1,75,45,882,0,0,10,435,36,261,10,696,California
Sierra,2021-02-17,4,961,0,75,4,886,0,0,1,433,3,264,1,697,California
Sierra,2021-02-18,144,1105,0,75,144,1030,0,0,94,477,50,314,94,791,California
Sierra,2021-02-19,1,1106,0,75,1,1031,0,0,0,476,1,315,0,791,California
Sierra,2021-02-20,3,1109,2,77,1,1032,0,0,1,475,2,317,1,792,California
Sierra,2021-02-23,5,1114,0,77,5,1037,0,0,5,480,0,317,5,797,California
Sierra,2021-02-24,1,1115,0,77,1,1038,0,0,1,481,0,317,1,798,California
Sierra,2021-02-25,124,1239,1,78,123,1161,0,0,59,476,64,381,59,857,California
Sierra,2021-02-26,11,1250,6,84,5,1166,0,0,4,473,7,388,4,861,California
Sierra,2021-03-01,1,1251,1,85,0,1166,0,0,0,472,1,389,0,861,California
Sierra,2021-03-02,60,1311,0,85,60,1226,0,0,40,492,20,409,40,901,California
Sierra,2021-03-03,1,1312,1,86,0,1226,0,0,0,491,1,410,0,901,California
Sierra,2021-03-04,108,1420,0,86,108,1334,0,0,60,503,48,458,60,961,California
Sierra,2021-03-05,12,1432,0,86,12,1346,0,0,10,511,2,460,10,971,California
Sierra,2021-03-08,1,1433,1,87,0,1346,0,0,1,512,0,460,1,972,California
Sierra,2021-03-09,59,1492,0,87,59,1405,0,0,11,475,48,508,11,983,California
Sierra,2021-03-10,6,1498,0,87,6,1411,0,0,4,477,2,510,4,987,California
Sierra,2021-03-11,176,1674,1,88,175,1586,0,0,44,389,132,642,44,1031,California
Sierra,2021-03-12,19,1693,0,88,19,1605,0,0,0,370,19,661,0,1031,California
Sierra,2021-03-13,28,1721,0,88,28,1633,0,0,28,398,0,661,28,1059,California
Sierra,2021-03-15,2,1723,0,88,0,1633,2,2,0,398,2,663,2,1061,California
Sierra,2021-03-16,37,1760,0,88,36,1669,1,3,22,406,15,678,23,1084,California
Sierra,2021-03-17,1,1761,0,88,1,1670,0,3,0,405,1,679,0,1084,California
Sierra,2021-03-18,161,1922,0,88,161,1831,0,3,65,374,96,775,65,1149,California
Sierra,2021-03-19,3,1925,1,89,2,1833,0,3,0,371,3,778,0,1149,California
Sierra,2021-03-20,2,1927,0,89,2,1835,0,3,1,371,1,779,1,1150,California
Sierra,2021-03-23,23,1950,0,89,23,1858,0,3,13,374,10,789,13,1163,California
Sierra,2021-03-24,2,1952,0,89,2,1860,0,3,1,374,1,790,1,1164,California
Sierra,2021-03-25,99,2051,1,90,98,1958,0,3,50,375,49,839,50,1214,California
Sierra,2021-03-26,11,2062,0,90,11,1969,0,3,8,380,3,842,8,1222,California
Sierra,2021-03-27,1,2063,0,90,1,1970,0,3,0,379,1,843,0,1222,California
Sierra,2021-03-29,1,2064,1,91,0,1970,0,3,0,378,1,844,0,1222,California
Sierra,2021-03-30,60,2124,0,91,60,2030,0,3,26,370,34,878,26,1248,California
Sierra,2021-03-31,8,2132,0,91,8,2038,0,3,8,378,0,878,8,1256,California
Sierra,2021-04-01,63,2195,1,92,62,2100,0,3,5,327,56,934,5,1261,California
Sierra,2021-04-02,2,2197,1,93,1,2101,0,3,2,329,0,934,2,1263,California
Sierra,2021-04-04,1,2198,0,93,1,2102,0,3,0,329,0,934,0,1263,California
Sierra,2021-04-06,11,2209,0,93,11,2113,0,3,1,320,10,944,1,1264,California
Sierra,2021-04-07,13,2222,2,95,6,2119,5,8,2,317,10,954,7,1271,California
Sierra,2021-04-08,52,2274,2,97,50,2169,0,8,16,297,36,990,16,1287,California
Sierra,2021-04-09,1,2275,1,98,0,2169,0,8,1,298,0,990,1,1288,California
Sierra,2021-04-10,27,2302,0,98,27,2196,0,8,0,271,27,1017,0,1288,California
Sierra,2021-04-12,1,2303,0,98,0,2196,1,9,0,271,1,1018,1,1289,California
Sierra,2021-04-13,45,2348,0,98,45,2241,0,9,5,236,40,1058,5,1294,California
Sierra,2021-04-14,1,2349,0,98,1,2242,0,9,1,237,0,1058,1,1295,California
Sierra,2021-04-15,50,2399,2,100,48,2290,0,9,2,191,48,1106,2,1297,California
Sierra,2021-04-17,2,2401,1,101,1,2291,0,9,1,191,1,1107,1,1298,California
Sierra,2021-04-18,1,2402,0,101,1,2292,0,9,0,191,0,1107,0,1298,California
Sierra,2021-04-19,1,2403,0,101,1,2293,0,9,1,192,0,1107,1,1299,California
Sierra,2021-04-20,34,2437,2,103,32,2325,0,9,6,170,28,1135,6,1305,California
Sierra,2021-04-21,2,2439,1,104,1,2326,0,9,1,170,1,1136,1,1306,California
Sierra,2021-04-22,64,2503,1,105,63,2389,0,9,5,117,58,1194,5,1311,California
Sierra,2021-04-23,12,2515,0,105,12,2401,0,9,4,113,8,1202,4,1315,California
Sierra,2021-04-24,4,2519,0,105,4,2405,0,9,4,117,0,1202,4,1319,California
Sierra,2021-04-26,1,2520,0,105,1,2406,0,9,1,118,0,1202,1,1320,California
Sierra,2021-04-27,31,2551,0,105,31,2437,0,9,4,95,27,1229,4,1324,California
Sierra,2021-04-28,10,2561,2,107,8,2445,0,9,2,89,8,1237,2,1326,California
Sierra,2021-04-29,20,2581,2,109,18,2463,0,9,14,97,6,1243,14,1340,California
Sierra,2021-04-30,3,2584,1,110,2,2465,0,9,1,96,2,1245,1,1341,California
Sierra,2021-05-01,2,2586,0,110,2,2467,0,9,0,96,0,1245,0,1341,California
Sierra,2021-05-03,1,2587,1,111,0,2467,0,9,1,97,0,1245,1,1342,California
Sierra,2021-05-04,3,2590,1,112,1,2468,1,10,1,97,2,1247,2,1344,California
Sierra,2021-05-05,23,2613,1,113,22,2490,0,10,8,90,15,1262,8,1352,California
Sierra,2021-05-06,1,2614,1,114,0,2490,0,10,0,89,1,1263,0,1352,California
Sierra,2021-05-08,1,2615,0,114,0,2490,1,11,0,89,1,1264,1,1353,California
Sierra,2021-05-11,11,2626,0,114,4,2494,7,18,0,85,11,1275,7,1360,California
Sierra,2021-05-12,11,2637,1,115,10,2504,0,18,8,90,3,1278,8,1368,California
Sierra,2021-05-13,3,2640,2,117,1,2505,0,18,2,91,1,1279,2,1370,California
Sierra,2021-05-14,3,2643,1,118,2,2507,0,18,3,94,0,1279,3,1373,California
Sierra,2021-05-15,1,2644,0,118,0,2507,1,19,0,94,1,1280,1,1374,California
Sierra,2021-05-17,1,2645,1,119,0,2507,0,19,1,95,0,1280,1,1375,California
Sierra,2021-05-18,1,2646,0,119,0,2507,1,20,0,95,1,1281,1,1376,California
Sierra,2021-05-19,7,2653,3,122,4,2511,0,20,2,92,5,1286,2,1378,California
Sierra,2021-05-20,9,2662,8,130,0,2511,1,21,8,100,1,1287,9,1387,California
Sierra,2021-05-21,3,2665,1,131,2,2513,0,21,1,99,2,1289,1,1388,California
Sierra,2021-05-22,4,2669,0,131,4,2517,0,21,0,95,4,1293,0,1388,California
Sierra,2021-05-23,1,2670,0,131,1,2518,0,21,1,96,0,1293,1,1389,California
Sierra,2021-05-24,3,2673,1,132,2,2520,0,21,2,97,1,1294,2,1391,California
Sierra,2021-05-25,4,2677,1,133,3,2523,0,21,1,95,3,1297,1,1392,California
Sierra,2021-05-26,8,2685,0,133,8,2531,0,21,4,95,4,1301,4,1396,California
Sierra,2021-05-27,9,2694,1,134,7,2538,1,22,2,91,7,1308,3,1399,California
Sierra,2021-05-28,3,2697,1,135,2,2540,0,22,2,92,1,1309,2,1401,California
Sierra,2021-05-29,2,2699,0,135,2,2542,0,22,2,94,0,1309,2,1403,California
Sierra,2021-05-30,1,2700,1,136,0,2542,0,22,1,95,0,1309,1,1404,California
Sierra,2021-05-31,1,2701,0,136,1,2543,0,22,0,95,0,1309,0,1404,California
Sierra,2021-06-01,1,2702,0,136,1,2544,0,22,0,94,1,1310,0,1404,California
Sierra,2021-06-02,23,2725,0,136,21,2565,2,24,0,74,22,1332,2,1406,California
Sierra,2021-06-03,3,2728,2,138,1,2566,0,24,0,71,3,1335,0,1406,California
Sierra,2021-06-04,2,2730,2,140,0,2566,0,24,1,71,1,1336,1,1407,California
Sierra,2021-06-08,1,2731,1,141,0,2566,0,24,1,72,0,1336,1,1408,California
Sierra,2021-06-09,8,2739,1,142,5,2571,2,26,0,66,8,1344,2,1410,California
Sierra,2021-06-10,8,2747,8,150,0,2571,0,26,4,66,4,1348,4,1414,California
Sierra,2021-06-11,3,2750,1,151,2,2573,0,26,0,63,3,1351,0,1414,California
Sierra,2021-06-12,1,2751,1,152,0,2573,0,26,1,64,0,1351,1,1415,California
Sierra,2021-06-13,1,2752,1,153,0,2573,0,26,0,63,1,1352,0,1415,California
Sierra,2021-06-14,6,2758,4,157,1,2574,1,27,2,62,4,1356,3,1418,California
Sierra,2021-06-15,1,2759,0,157,1,2575,0,27,0,62,0,1356,0,1418,California
Sierra,2021-06-16,6,2765,1,158,5,2580,0,27,2,60,4,1360,2,1420,California
Sierra,2021-06-17,6,2771,3,161,1,2581,2,29,3,62,3,1363,5,1425,California
Sierra,2021-06-18,2,2773,1,162,0,2581,1,30,0,61,2,1365,1,1426,California
Siskiyou,2020-12-16,2,2,2,2,0,0,0,0,2,2,0,0,2,2,California
Siskiyou,2020-12-17,4,6,4,6,0,0,0,0,4,6,0,0,4,6,California
Siskiyou,2020-12-18,2,8,2,8,0,0,0,0,2,8,0,0,2,8,California
Siskiyou,2020-12-19,4,12,4,12,0,0,0,0,4,12,0,0,4,12,California
Siskiyou,2020-12-20,1,13,1,13,0,0,0,0,1,13,0,0,1,13,California
Siskiyou,2020-12-21,131,144,131,144,0,0,0,0,131,144,0,0,131,144,California
Siskiyou,2020-12-22,158,302,158,302,0,0,0,0,158,302,0,0,158,302,California
Siskiyou,2020-12-23,142,444,142,444,0,0,0,0,142,444,0,0,142,444,California
Siskiyou,2020-12-24,5,449,5,449,0,0,0,0,5,449,0,0,5,449,California
Siskiyou,2020-12-26,2,451,0,449,2,2,0,0,2,451,0,0,2,451,California
Siskiyou,2020-12-27,2,453,0,449,2,4,0,0,2,453,0,0,2,453,California
Siskiyou,2020-12-28,3,456,1,450,2,6,0,0,3,456,0,0,3,456,California
Siskiyou,2020-12-29,6,462,2,452,4,10,0,0,6,462,0,0,6,462,California
Siskiyou,2020-12-30,100,562,3,455,97,107,0,0,100,562,0,0,100,562,California
Siskiyou,2020-12-31,12,574,0,455,12,119,0,0,12,574,0,0,12,574,California
Siskiyou,2021-01-02,1,575,1,456,0,119,0,0,1,575,0,0,1,575,California
Siskiyou,2021-01-03,1,576,0,456,1,120,0,0,1,576,0,0,1,576,California
Siskiyou,2021-01-04,130,706,3,459,127,247,0,0,130,706,0,0,130,706,California
Siskiyou,2021-01-05,119,825,4,463,115,362,0,0,117,822,2,2,118,824,California
Siskiyou,2021-01-06,60,885,7,470,53,415,0,0,56,874,4,6,56,880,California
Siskiyou,2021-01-07,176,1061,4,474,172,587,0,0,175,1048,1,7,175,1055,California
Siskiyou,2021-01-08,39,1100,3,477,36,623,0,0,37,1083,2,9,37,1092,California
Siskiyou,2021-01-09,3,1103,3,480,0,623,0,0,1,1082,2,11,1,1093,California
Siskiyou,2021-01-11,224,1327,64,544,160,783,0,0,162,1182,62,73,162,1255,California
Siskiyou,2021-01-12,324,1651,274,818,50,833,0,0,91,1041,233,306,92,1347,California
Siskiyou,2021-01-13,158,1809,137,955,21,854,0,0,24,931,134,440,24,1371,California
Siskiyou,2021-01-14,35,1844,1,956,34,888,0,0,34,964,1,441,34,1405,California
Siskiyou,2021-01-15,55,1899,3,959,52,940,0,0,55,1019,0,441,55,1460,California
Siskiyou,2021-01-16,7,1906,2,961,5,945,0,0,7,1026,0,441,7,1467,California
Siskiyou,2021-01-17,1,1907,1,962,0,945,0,0,0,1025,1,442,0,1467,California
Siskiyou,2021-01-18,75,1982,3,965,72,1017,0,0,73,1096,2,444,73,1540,California
Siskiyou,2021-01-19,41,2023,1,966,40,1057,0,0,40,1135,1,445,40,1580,California
Siskiyou,2021-01-20,68,2091,35,1001,33,1090,0,0,64,1195,4,449,64,1644,California
Siskiyou,2021-01-21,66,2157,1,1002,65,1155,0,0,66,1261,0,449,66,1710,California
Siskiyou,2021-01-22,1340,3497,1173,2175,167,1322,0,0,1340,2601,0,449,1340,3050,California
Siskiyou,2021-01-23,6,3503,2,2177,4,1326,0,0,3,2601,3,452,3,3053,California
Siskiyou,2021-01-25,208,3711,8,2185,200,1526,0,0,204,2801,4,456,204,3257,California
Siskiyou,2021-01-26,101,3812,3,2188,98,1624,0,0,92,2884,9,465,92,3349,California
Siskiyou,2021-01-27,198,4010,2,2190,196,1820,0,0,133,2953,64,529,133,3482,California
Siskiyou,2021-01-28,260,4270,118,2308,142,1962,0,0,235,3169,19,548,235,3717,California
Siskiyou,2021-01-29,272,4542,3,2311,269,2231,0,0,253,3403,19,567,253,3970,California
Siskiyou,2021-01-30,6,4548,5,2316,1,2232,0,0,6,3409,0,567,6,3976,California
Siskiyou,2021-02-01,214,4762,3,2319,211,2443,0,0,114,3423,100,667,114,4090,California
Siskiyou,2021-02-02,310,5072,45,2364,265,2708,0,0,157,3427,153,820,157,4247,California
Siskiyou,2021-02-03,335,5407,1,2365,334,3042,0,0,264,3620,71,891,264,4511,California
Siskiyou,2021-02-04,358,5765,7,2372,351,3393,0,0,220,3702,138,1029,220,4731,California
Siskiyou,2021-02-05,543,6308,4,2376,539,3932,0,0,369,3897,174,1203,369,5100,California
Siskiyou,2021-02-06,15,6323,0,2376,15,3947,0,0,15,3912,0,1203,15,5115,California
Siskiyou,2021-02-07,2,6325,1,2377,1,3948,0,0,2,3914,0,1203,2,5117,California
Siskiyou,2021-02-08,237,6562,4,2381,233,4181,0,0,212,4101,25,1228,212,5329,California
Siskiyou,2021-02-09,243,6805,2,2383,241,4422,0,0,190,4238,53,1281,190,5519,California
Siskiyou,2021-02-10,389,7194,41,2424,348,4770,0,0,319,4488,69,1350,319,5838,California
Siskiyou,2021-02-11,215,7409,1,2425,214,4984,0,0,186,4645,29,1379,186,6024,California
Siskiyou,2021-02-12,1702,9111,1198,3623,504,5488,0,0,498,3939,1204,2583,498,6522,California
Siskiyou,2021-02-13,37,9148,2,3625,35,5523,0,0,32,3966,5,2588,32,6554,California
Siskiyou,2021-02-14,6,9154,2,3627,4,5527,0,0,6,3972,0,2588,6,6560,California
Siskiyou,2021-02-15,98,9252,1,3628,97,5624,0,0,96,4066,2,2590,96,6656,California
Siskiyou,2021-02-16,136,9388,2,3630,134,5758,0,0,100,4130,36,2626,100,6756,California
Siskiyou,2021-02-17,285,9673,4,3634,281,6039,0,0,250,4345,35,2661,250,7006,California
Siskiyou,2021-02-18,269,9942,88,3722,181,6220,0,0,127,4330,142,2803,127,7133,California
Siskiyou,2021-02-19,95,10037,34,3756,61,6281,0,0,35,4307,58,2861,35,7168,California
Siskiyou,2021-02-20,23,10060,5,3761,18,6299,0,0,16,4318,7,2868,18,7186,California
Siskiyou,2021-02-21,1,10061,1,3762,0,6299,0,0,1,4319,0,2868,1,7187,California
Siskiyou,2021-02-22,208,10269,2,3764,206,6505,0,0,76,4263,132,3000,76,7263,California
Siskiyou,2021-02-23,276,10545,15,3779,261,6766,0,0,183,4353,93,3093,183,7446,California
Siskiyou,2021-02-24,171,10716,5,3784,166,6932,0,0,49,4280,122,3215,49,7495,California
Siskiyou,2021-02-25,298,11014,14,3798,284,7216,0,0,144,4271,153,3368,144,7639,California
Siskiyou,2021-02-26,668,11682,7,3805,661,7877,0,0,364,4331,304,3672,364,8003,California
Siskiyou,2021-02-27,32,11714,5,3810,27,7904,0,0,28,4355,4,3676,28,8031,California
Siskiyou,2021-02-28,4,11718,4,3814,0,7904,0,0,3,4357,1,3677,3,8034,California
Siskiyou,2021-03-01,290,12008,5,3819,285,8189,0,0,49,4165,241,3918,49,8083,California
Siskiyou,2021-03-02,203,12211,1,3820,202,8391,0,0,69,4100,134,4052,69,8152,California
Siskiyou,2021-03-03,347,12558,11,3831,336,8727,0,0,153,4059,194,4246,153,8305,California
Siskiyou,2021-03-04,817,13375,616,4447,201,8928,0,0,641,4524,176,4422,641,8946,California
Siskiyou,2021-03-05,346,13721,5,4452,330,9258,11,11,106,4404,237,4659,117,9063,California
Siskiyou,2021-03-06,42,13763,3,4455,32,9290,7,18,27,4423,15,4674,34,9097,California
Siskiyou,2021-03-07,11,13774,3,4458,0,9290,8,26,1,4422,10,4684,9,9106,California
Siskiyou,2021-03-08,359,14133,21,4479,304,9594,34,60,68,4233,291,4975,102,9208,California
Siskiyou,2021-03-09,175,14308,2,4481,118,9712,55,115,42,4197,133,5108,97,9305,California
Siskiyou,2021-03-10,220,14528,6,4487,184,9896,30,145,24,4055,196,5304,54,9359,California
Siskiyou,2021-03-11,492,15020,205,4692,241,10137,46,191,283,4176,208,5512,329,9688,California
Siskiyou,2021-03-12,653,15673,141,4833,473,10610,39,230,184,3932,467,5979,223,9911,California
Siskiyou,2021-03-13,428,16101,379,5212,26,10636,23,253,379,4285,49,6028,402,10313,California
Siskiyou,2021-03-14,20,16121,1,5213,3,10639,16,269,2,4285,18,6046,18,10331,California
Siskiyou,2021-03-15,494,16615,258,5471,173,10812,63,332,319,4492,175,6221,382,10713,California
Siskiyou,2021-03-16,258,16873,34,5505,208,11020,16,348,141,4533,116,6337,157,10870,California
Siskiyou,2021-03-17,200,17073,8,5513,184,11204,8,356,33,4407,167,6504,41,10911,California
Siskiyou,2021-03-18,921,17994,783,6296,126,11330,12,368,805,5108,116,6620,817,11728,California
Siskiyou,2021-03-19,62,18056,5,6301,44,11374,13,381,18,5095,44,6664,31,11759,California
Siskiyou,2021-03-20,29,18085,7,6308,18,11392,4,385,6,5082,23,6687,10,11769,California
Siskiyou,2021-03-21,10,18095,4,6312,1,11393,5,390,4,5085,6,6693,9,11778,California
Siskiyou,2021-03-22,208,18303,19,6331,166,11559,23,413,145,5193,60,6753,168,11946,California
Siskiyou,2021-03-23,164,18467,19,6350,136,11695,9,422,121,5279,43,6796,129,12075,California
Siskiyou,2021-03-24,142,18609,47,6397,95,11790,0,422,115,5367,27,6823,115,12190,California
Siskiyou,2021-03-25,561,19170,313,6710,245,12035,3,425,392,5593,169,6992,395,12585,California
Siskiyou,2021-03-26,302,19472,34,6744,268,12303,0,425,103,5499,197,7189,103,12688,California
Siskiyou,2021-03-27,38,19510,6,6750,27,12330,5,430,10,5486,28,7217,15,12703,California
Siskiyou,2021-03-28,7,19517,6,6756,1,12331,0,430,5,5489,2,7219,5,12708,California
Siskiyou,2021-03-29,93,19610,10,6766,81,12412,2,432,43,5484,50,7269,45,12753,California
Siskiyou,2021-03-30,102,19712,6,6772,95,12507,1,433,41,5465,61,7330,42,12795,California
Siskiyou,2021-03-31,176,19888,8,6780,165,12672,3,436,48,5391,126,7456,52,12847,California
Siskiyou,2021-04-01,824,20712,666,7446,158,12830,0,436,213,4993,611,8067,213,13060,California
Siskiyou,2021-04-02,347,21059,197,7643,146,12976,4,440,65,4782,280,8347,69,13129,California
Siskiyou,2021-04-03,26,21085,5,7648,14,12990,7,447,5,4773,21,8368,12,13141,California
Siskiyou,2021-04-04,2,21087,1,7649,1,12991,0,447,1,4773,1,8369,1,13142,California
Siskiyou,2021-04-05,438,21525,332,7981,81,13072,25,472,28,4417,409,8778,53,13195,California
Siskiyou,2021-04-06,219,21744,36,8017,130,13202,53,525,125,4502,92,8870,177,13372,California
Siskiyou,2021-04-07,114,21858,11,8028,62,13264,41,566,64,4558,50,8920,106,13478,California
Siskiyou,2021-04-08,341,22199,173,8201,125,13389,43,609,63,4386,278,9198,106,13584,California
Siskiyou,2021-04-09,545,22744,377,8578,130,13519,38,647,84,4049,460,9658,123,13707,California
Siskiyou,2021-04-10,46,22790,6,8584,3,13522,37,684,7,4054,39,9697,44,13751,California
Siskiyou,2021-04-11,6,22796,4,8588,1,13523,1,685,1,4051,5,9702,2,13753,California
Siskiyou,2021-04-12,128,22924,23,8611,104,13627,1,686,49,4022,79,9781,50,13803,California
Siskiyou,2021-04-13,204,23128,36,8647,167,13794,1,687,81,3981,123,9904,82,13885,California
Siskiyou,2021-04-14,156,23284,64,8711,92,13886,0,687,85,3997,69,9973,85,13970,California
Siskiyou,2021-04-15,1112,24396,954,9665,158,14044,0,687,434,3754,678,10651,435,14405,California
Siskiyou,2021-04-16,301,24697,210,9875,91,14135,0,687,268,3990,32,10683,268,14673,California
Siskiyou,2021-04-17,11,24708,8,9883,3,14138,0,687,6,3991,5,10688,6,14679,California
Siskiyou,2021-04-18,5,24713,3,9886,2,14140,0,687,1,3988,4,10692,1,14680,California
Siskiyou,2021-04-19,129,24842,24,9910,105,14245,0,687,46,3951,83,10775,46,14726,California
Siskiyou,2021-04-20,210,25052,4,9914,206,14451,0,687,89,3920,120,10895,89,14815,California
Siskiyou,2021-04-21,93,25145,10,9924,83,14534,0,687,24,3875,69,10964,24,14839,California
Siskiyou,2021-04-22,404,25549,294,10218,110,14644,0,687,48,3567,356,11320,48,14887,California
Siskiyou,2021-04-23,179,25728,14,10232,165,14809,0,687,157,3703,21,11341,157,15044,California
Siskiyou,2021-04-24,27,25755,4,10236,23,14832,0,687,20,3716,7,11348,20,15064,California
Siskiyou,2021-04-25,2,25757,0,10236,2,14834,0,687,2,3718,0,11348,2,15066,California
Siskiyou,2021-04-26,99,25856,5,10241,89,14923,5,692,25,3674,74,11422,30,15096,California
Siskiyou,2021-04-27,114,25970,4,10245,108,15031,2,694,86,3736,26,11448,88,15184,California
Siskiyou,2021-04-28,110,26080,7,10252,95,15126,8,702,53,3740,57,11505,61,15245,California
Siskiyou,2021-04-29,147,26227,15,10267,131,15257,1,703,30,3654,117,11622,31,15276,California
Siskiyou,2021-04-30,102,26329,21,10288,80,15337,1,704,44,3643,55,11677,44,15320,California
Siskiyou,2021-05-01,11,26340,7,10295,1,15338,3,707,7,3649,4,11681,10,15330,California
Siskiyou,2021-05-02,10,26350,4,10299,6,15344,0,707,8,3655,2,11683,8,15338,California
Siskiyou,2021-05-03,104,26454,23,10322,79,15423,2,709,43,3639,61,11744,45,15383,California
Siskiyou,2021-05-04,120,26574,6,10328,112,15535,2,711,60,3642,59,11803,62,15445,California
Siskiyou,2021-05-05,115,26689,19,10347,87,15622,9,720,39,3615,75,11878,48,15493,California
Siskiyou,2021-05-06,364,27053,295,10642,63,15685,6,726,190,3637,174,12052,196,15689,California
Siskiyou,2021-05-07,307,27360,219,10861,83,15768,5,731,31,3398,275,12327,36,15725,California
Siskiyou,2021-05-08,24,27384,3,10864,20,15788,1,732,18,3411,6,12333,19,15744,California
Siskiyou,2021-05-09,1,27385,0,10864,1,15789,0,732,0,3410,1,12334,0,15744,California
Siskiyou,2021-05-10,99,27484,67,10931,31,15820,1,733,22,3356,77,12411,23,15767,California
Siskiyou,2021-05-11,87,27571,8,10939,74,15894,5,738,51,3376,36,12447,56,15823,California
Siskiyou,2021-05-12,57,27628,4,10943,48,15942,5,743,16,3356,41,12488,21,15844,California
Siskiyou,2021-05-13,81,27709,34,10977,38,15980,9,752,37,3358,44,12532,46,15890,California
Siskiyou,2021-05-14,174,27883,81,11058,92,16072,1,753,106,3398,67,12599,107,15997,California
Siskiyou,2021-05-15,43,27926,13,11071,28,16100,2,755,36,3430,6,12605,38,16035,California
Siskiyou,2021-05-16,6,27932,2,11073,4,16104,0,755,4,3432,2,12607,4,16039,California
Siskiyou,2021-05-17,63,27995,2,11075,38,16142,23,778,11,3414,52,12659,34,16073,California
Siskiyou,2021-05-18,215,28210,82,11157,129,16271,4,782,123,3450,91,12750,127,16200,California
Siskiyou,2021-05-19,155,28365,97,11254,57,16328,1,783,125,3546,30,12780,126,16326,California
Siskiyou,2021-05-20,526,28891,425,11679,99,16427,2,785,231,3487,292,13072,233,16559,California
Siskiyou,2021-05-21,198,29089,96,11775,102,16529,0,785,110,3510,87,13159,110,16669,California
Siskiyou,2021-05-22,40,29129,19,11794,21,16550,0,785,25,3520,15,13174,25,16694,California
Siskiyou,2021-05-23,4,29133,3,11797,1,16551,0,785,2,3520,2,13176,2,16696,California
Siskiyou,2021-05-24,18,29151,3,11800,15,16566,0,785,5,3513,12,13188,5,16701,California
Siskiyou,2021-05-25,156,29307,16,11816,120,16686,20,805,50,3479,104,13292,70,16771,California
Siskiyou,2021-05-26,76,29383,19,11835,57,16743,0,805,41,3485,35,13327,41,16812,California
Siskiyou,2021-05-27,130,29513,92,11927,37,16780,1,806,55,3466,75,13402,56,16868,California
Siskiyou,2021-05-28,151,29664,56,11983,94,16874,1,807,100,3517,50,13452,101,16969,California
Siskiyou,2021-05-29,16,29680,9,11992,4,16878,3,810,5,3514,11,13463,8,16977,California
Siskiyou,2021-05-31,2,29682,1,11993,0,16878,1,811,1,3515,1,13464,2,16979,California
Siskiyou,2021-06-01,86,29768,20,12013,66,16944,0,811,29,3488,56,13520,29,17008,California
Siskiyou,2021-06-02,118,29886,35,12048,83,17027,0,811,44,3458,74,13594,44,17052,California
Siskiyou,2021-06-03,150,30036,103,12151,42,17069,5,816,34,3381,116,13710,39,17091,California
Siskiyou,2021-06-04,98,30134,76,12227,22,17091,0,816,19,3321,79,13789,19,17110,California
Siskiyou,2021-06-05,37,30171,17,12244,19,17110,1,817,16,3317,21,13810,17,17127,California
Siskiyou,2021-06-06,3,30174,2,12246,0,17110,1,818,0,3315,3,13813,1,17128,California
Siskiyou,2021-06-07,37,30211,4,12250,30,17140,3,821,26,3333,11,13824,29,17157,California
Siskiyou,2021-06-08,209,30420,92,12342,114,17254,3,824,65,3262,139,13963,68,17225,California
Siskiyou,2021-06-09,112,30532,83,12425,28,17282,1,825,30,3211,82,14045,31,17256,California
Siskiyou,2021-06-10,174,30706,143,12568,31,17313,0,825,77,3191,97,14142,77,17333,California
Siskiyou,2021-06-11,112,30818,60,12628,45,17358,7,832,23,3153,68,14210,30,17363,California
Siskiyou,2021-06-12,29,30847,6,12634,23,17381,0,832,9,3142,20,14230,9,17372,California
Siskiyou,2021-06-13,24,30871,16,12650,8,17389,0,832,2,3122,22,14252,2,17374,California
Siskiyou,2021-06-14,24,30895,4,12654,16,17405,4,836,11,3123,13,14265,14,17388,California
Siskiyou,2021-06-15,87,30982,21,12675,54,17459,12,848,33,3114,54,14319,45,17433,California
Siskiyou,2021-06-16,102,31084,23,12698,77,17536,2,850,49,3112,53,14372,51,17484,California
Siskiyou,2021-06-17,174,31258,135,12833,29,17565,10,860,38,3025,135,14507,48,17532,California
Siskiyou,2021-06-18,89,31347,57,12890,24,17589,8,868,14,2973,74,14581,22,17554,California
Siskiyou,2021-06-19,26,31373,18,12908,8,17597,0,868,13,2973,13,14594,13,17567,California
Solano,2020-12-15,4,4,4,4,0,0,0,0,4,4,0,0,4,4,California
Solano,2020-12-16,70,74,70,74,0,0,0,0,70,74,0,0,70,74,California
Solano,2020-12-17,168,242,168,242,0,0,0,0,168,242,0,0,168,242,California
Solano,2020-12-18,472,714,471,713,1,1,0,0,472,714,0,0,472,714,California
Solano,2020-12-19,521,1235,521,1234,0,1,0,0,521,1235,0,0,521,1235,California
Solano,2020-12-20,350,1585,348,1582,2,3,0,0,350,1585,0,0,350,1585,California
Solano,2020-12-21,575,2160,573,2155,2,5,0,0,575,2160,0,0,575,2160,California
Solano,2020-12-22,660,2820,627,2782,33,38,0,0,660,2820,0,0,660,2820,California
Solano,2020-12-23,855,3675,762,3544,93,131,0,0,854,3673,1,1,854,3674,California
Solano,2020-12-24,413,4088,163,3707,250,381,0,0,413,4086,0,1,413,4087,California
Solano,2020-12-25,9,4097,1,3708,8,389,0,0,9,4095,0,1,9,4096,California
Solano,2020-12-26,171,4268,45,3753,126,515,0,0,171,4266,0,1,171,4267,California
Solano,2020-12-27,107,4375,29,3782,78,593,0,0,107,4373,0,1,107,4374,California
Solano,2020-12-28,874,5249,425,4207,449,1042,0,0,874,5247,0,1,874,5248,California
Solano,2020-12-29,912,6161,373,4580,539,1581,0,0,912,6159,0,1,912,6160,California
Solano,2020-12-30,1232,7393,595,5175,637,2218,0,0,1232,7391,0,1,1232,7392,California
Solano,2020-12-31,542,7935,139,5314,403,2621,0,0,542,7933,0,1,542,7934,California
Solano,2021-01-01,15,7950,14,5328,1,2622,0,0,15,7948,0,1,15,7949,California
Solano,2021-01-02,214,8164,165,5493,49,2671,0,0,214,8162,0,1,214,8163,California
Solano,2021-01-03,56,8220,40,5533,16,2687,0,0,50,8212,0,1,50,8213,California
Solano,2021-01-04,447,8667,239,5772,208,2895,0,0,438,8648,2,3,438,8651,California
Solano,2021-01-05,731,9398,378,6150,353,3248,0,0,572,9066,154,157,572,9223,California
Solano,2021-01-06,842,10240,433,6583,409,3657,0,0,574,9374,266,423,574,9797,California
Solano,2021-01-07,1063,11303,674,7257,389,4046,0,0,594,9502,467,890,595,10392,California
Solano,2021-01-08,1145,12448,778,8035,367,4413,0,0,547,9471,580,1470,549,10941,California
Solano,2021-01-09,897,13345,768,8803,129,4542,0,0,438,9453,456,1926,438,11379,California
Solano,2021-01-10,262,13607,192,8995,70,4612,0,0,162,9515,100,2026,162,11541,California
Solano,2021-01-11,1339,14946,1123,10118,216,4828,0,0,820,9816,519,2545,820,12361,California
Solano,2021-01-12,1563,16509,1163,11281,400,5228,0,0,1022,10299,540,3085,1023,13384,California
Solano,2021-01-13,1473,17982,1004,12285,469,5697,0,0,1217,11262,254,3339,1217,14601,California
Solano,2021-01-14,1900,19882,811,13096,1089,6786,0,0,1589,12541,310,3649,1589,16190,California
Solano,2021-01-15,1712,21594,1058,14154,654,7440,0,0,1415,13659,297,3946,1415,17605,California
Solano,2021-01-16,1300,22894,909,15063,391,7831,0,0,1129,14617,171,4117,1129,18734,California
Solano,2021-01-17,1053,23947,758,15821,295,8126,0,0,1033,15631,20,4137,1034,19768,California
Solano,2021-01-18,1428,25375,856,16677,572,8698,0,0,1310,16824,118,4255,1311,21079,California
Solano,2021-01-19,1662,27037,1342,18019,320,9018,0,0,1394,17951,267,4522,1394,22473,California
Solano,2021-01-20,2056,29093,1430,19449,626,9644,0,0,1567,19032,486,5008,1567,24040,California
Solano,2021-01-21,3235,32328,1027,20476,2208,11852,0,0,2884,21566,351,5359,2885,26925,California
Solano,2021-01-22,1791,34119,852,21328,939,12791,0,0,1593,22963,197,5556,1594,28519,California
Solano,2021-01-23,736,34855,241,21569,495,13286,0,0,532,23291,205,5761,533,29052,California
Solano,2021-01-24,405,35260,62,21631,343,13629,0,0,336,23558,69,5830,336,29388,California
Solano,2021-01-25,1685,36945,633,22264,1052,14681,0,0,1124,24123,560,6390,1125,30513,California
Solano,2021-01-26,1816,38761,749,23013,1067,15748,0,0,1171,24650,645,7035,1172,31685,California
Solano,2021-01-27,1819,40580,729,23742,1090,16838,0,0,1200,25235,615,7650,1200,32885,California
Solano,2021-01-28,1965,42545,709,24451,1256,18094,0,0,1374,26020,590,8240,1375,34260,California
Solano,2021-01-29,1728,44273,790,25241,938,19032,0,0,1363,27021,362,8602,1363,35623,California
Solano,2021-01-30,941,45214,435,25676,506,19538,0,0,613,27307,328,8930,614,36237,California
Solano,2021-01-31,270,45484,180,25856,90,19628,0,0,174,27385,96,9026,174,36411,California
Solano,2021-02-01,1561,47045,1035,26891,526,20154,0,0,778,27384,779,9805,778,37189,California
Solano,2021-02-02,3380,50425,1093,27984,2287,22441,0,0,2568,29144,808,10613,2568,39757,California
Solano,2021-02-03,2277,52702,1314,29298,963,23404,0,0,1177,29225,1097,11710,1178,40935,California
Solano,2021-02-04,1818,54520,906,30204,912,24316,0,0,1082,29576,731,12441,1082,42017,California
Solano,2021-02-05,3129,57649,1421,31625,1708,26024,0,0,2118,30690,1004,13445,2118,44135,California
Solano,2021-02-06,3096,60745,1176,32801,1920,27944,0,0,2268,32134,824,14269,2268,46403,California
Solano,2021-02-07,857,61602,783,33584,74,28018,0,0,237,31752,619,14888,237,46640,California
Solano,2021-02-08,1768,63370,1235,34819,533,28551,0,0,721,31428,1045,15933,721,47361,California
Solano,2021-02-09,1950,65320,1490,36309,460,29011,0,0,692,30863,1257,17190,692,48053,California
Solano,2021-02-10,2276,67596,1501,37810,775,29786,0,0,825,30238,1450,18640,825,48878,California
Solano,2021-02-11,2532,70128,1494,39304,1038,30824,0,0,1196,30109,1325,19965,1196,50074,California
Solano,2021-02-12,4278,74406,1634,40938,2644,33468,0,0,2927,31692,1344,21309,2927,53001,California
Solano,2021-02-13,2871,77277,244,41182,2627,36095,0,0,2458,33741,409,21718,2458,55459,California
Solano,2021-02-14,728,78005,204,41386,524,36619,0,0,406,33828,320,22038,407,55866,California
Solano,2021-02-15,1268,79273,264,41650,1004,37623,0,0,649,33858,619,22657,649,56515,California
Solano,2021-02-16,2566,81839,1387,43037,1179,38802,0,0,1668,34630,897,23554,1669,58184,California
Solano,2021-02-17,3255,85094,1450,44487,1805,40607,0,0,2209,35797,1043,24597,2210,60394,California
Solano,2021-02-18,2921,88015,840,45327,2081,42688,0,0,853,34589,2062,26659,854,61248,California
Solano,2021-02-19,2483,90498,1454,46781,1029,43717,0,0,1175,34464,1302,27961,1177,62425,California
Solano,2021-02-20,2751,93249,387,47168,2364,46081,0,0,2240,36192,512,28473,2240,64665,California
Solano,2021-02-21,2334,95583,2013,49181,321,46402,0,0,2011,37884,319,28792,2011,66676,California
Solano,2021-02-22,1807,97390,1060,50241,747,47149,0,0,941,37963,863,29655,942,67618,California
Solano,2021-02-23,2971,100361,1147,51388,1824,48973,0,0,2020,39035,948,30603,2020,69638,California
Solano,2021-02-24,2544,102905,1267,52655,1277,50250,0,0,1414,39323,1127,31730,1415,71053,California
Solano,2021-02-25,2570,105475,1569,54224,1001,51251,0,0,1424,39606,1141,32871,1424,72477,California
Solano,2021-02-26,3549,109024,2274,56498,1275,52526,0,0,2101,40264,1443,34314,2101,74578,California
Solano,2021-02-27,3998,113022,1541,58039,2456,54982,1,1,3231,42737,759,35073,3232,77810,California
Solano,2021-02-28,1932,114954,1561,59600,370,55352,1,2,1605,44020,323,35396,1606,79416,California
Solano,2021-03-01,2748,117702,1227,60827,1520,56872,1,3,2077,45434,664,36060,2078,81494,California
Solano,2021-03-02,2291,119993,1407,62234,884,57756,0,3,1298,45740,992,37052,1298,82792,California
Solano,2021-03-03,2262,122255,1266,63500,996,58752,0,3,1397,46282,856,37908,1398,84190,California
Solano,2021-03-04,4392,126647,3437,66937,953,59705,2,5,3156,48217,1226,39134,3161,87351,California
Solano,2021-03-05,4962,131609,1685,68622,3272,62977,5,10,3985,51240,967,40101,3990,91341,California
Solano,2021-03-06,3882,135491,831,69453,3012,65989,39,49,2663,52735,1207,41308,2702,94043,California
Solano,2021-03-07,3610,139101,763,70216,2837,68826,10,59,1973,53095,1624,42932,1984,96027,California
Solano,2021-03-08,2144,141245,1353,71569,522,69348,269,328,1613,54452,523,43455,1880,97907,California
Solano,2021-03-09,3226,144471,1565,73134,1607,70955,54,382,2329,55934,897,44352,2379,100286,California
Solano,2021-03-10,2418,146889,1757,74891,576,71531,85,467,1271,56147,1142,45494,1355,101641,California
Solano,2021-03-11,6038,152927,1756,76647,4030,75561,252,719,4996,60358,1038,46532,5249,106890,California
Solano,2021-03-12,6057,158984,1567,78214,4311,79872,179,898,3172,60829,2879,49411,3350,110240,California
Solano,2021-03-13,4606,163590,813,79027,3713,83585,80,978,2248,60808,2351,51762,2330,112570,California
Solano,2021-03-14,4029,167619,3146,82173,416,84001,467,1445,1542,60332,2482,54244,2006,114576,California
Solano,2021-03-15,4034,171653,2463,84636,1240,85241,331,1776,2513,61661,1513,55757,2842,117418,California
Solano,2021-03-16,3067,174720,1312,85948,1521,86762,234,2010,1548,61927,1515,57272,1781,119199,California
Solano,2021-03-17,6507,181227,1674,87622,4738,91500,95,2105,4953,65424,1551,58823,5048,124247,California
Solano,2021-03-18,5238,186465,1849,89471,3349,94849,40,2145,3759,67753,1471,60294,3800,128047,California
Solano,2021-03-19,3590,190055,2645,92116,869,95718,76,2221,1629,67506,1953,62247,1706,129753,California
Solano,2021-03-20,5613,195668,1684,93800,3878,99596,51,2272,2650,67253,2954,65201,2701,132454,California
Solano,2021-03-21,1678,197346,1577,95377,76,99672,25,2297,367,66336,1307,66508,390,132844,California
Solano,2021-03-22,2688,200034,2046,97423,593,100265,49,2346,1557,66815,1124,67632,1603,134447,California
Solano,2021-03-23,3589,203623,1689,99112,1855,102120,45,2391,1403,66081,2181,69813,1447,135894,California
Solano,2021-03-24,2835,206458,1774,100886,1027,103147,34,2425,1359,66004,1468,71281,1391,137285,California
Solano,2021-03-25,4884,211342,4005,104891,844,103991,35,2460,2274,65707,2605,73886,2308,139593,California
Solano,2021-03-26,3247,214589,2115,107006,1094,105085,38,2498,1744,65999,1493,75379,1785,141378,California
Solano,2021-03-27,4220,218809,1154,108160,3028,108113,38,2536,1658,65137,2556,77935,1694,143072,California
Solano,2021-03-28,1428,220237,1119,109279,292,108405,17,2553,542,64814,882,78817,559,143631,California
Solano,2021-03-29,3537,223774,2047,111326,1473,109878,17,2570,1553,64413,1972,80789,1571,145202,California
Solano,2021-03-30,3052,226826,2016,113342,935,110813,101,2671,1897,65257,1153,81942,1997,147199,California
Solano,2021-03-31,3142,229968,2138,115480,846,111659,158,2829,1837,65946,1302,83244,1991,149190,California
Solano,2021-04-01,5567,235535,2111,117591,3305,114964,151,2980,3514,67571,2040,85284,3665,152855,California
Solano,2021-04-02,6636,242171,2219,119810,4251,119215,166,3146,2544,66203,4076,89360,2708,155563,California
Solano,2021-04-03,1527,243698,969,120779,406,119621,152,3298,564,65957,961,90321,715,156278,California
Solano,2021-04-04,777,244475,286,121065,187,119808,304,3602,236,65960,537,90858,540,156818,California
Solano,2021-04-05,2991,247466,2053,123118,729,120537,209,3811,1514,66206,1475,92333,1721,158539,California
Solano,2021-04-06,6095,253561,1636,124754,3974,124511,485,4296,1648,63901,4438,96771,2133,160672,California
Solano,2021-04-07,5991,259552,4636,129390,954,125465,401,4697,3419,65167,2552,99323,3818,164490,California
Solano,2021-04-08,6491,266043,1789,131179,3830,129295,872,5569,1807,63187,4654,103977,2674,167164,California
Solano,2021-04-09,6322,272365,1663,132842,3798,133093,861,6430,1518,60787,4779,108756,2379,169543,California
Solano,2021-04-10,1757,274122,966,133808,455,133548,336,6766,810,60986,946,109702,1145,170688,California
Solano,2021-04-11,1199,275321,769,134577,325,133873,105,6871,643,61181,553,110255,748,171436,California
Solano,2021-04-12,3285,278606,1702,136279,1219,135092,364,7235,1358,60977,1923,112178,1719,173155,California
Solano,2021-04-13,2540,281146,1105,137384,1434,136526,1,7236,1326,61093,1211,113389,1327,174482,California
Solano,2021-04-14,6545,287691,1963,139347,4582,141108,0,7236,1853,58275,4684,118073,1866,176348,California
Solano,2021-04-15,5741,293432,2161,141508,3579,144687,1,7237,1745,56046,3982,122055,1753,178101,California
Solano,2021-04-16,3710,297142,2613,144121,1095,145782,2,7239,2301,56948,1401,123456,2303,180404,California
Solano,2021-04-17,3280,300422,1067,145188,2213,147995,0,7239,1118,55918,2153,125609,1123,181527,California
Solano,2021-04-18,1001,301423,613,145801,388,148383,0,7239,526,55970,474,126083,526,182053,California
Solano,2021-04-19,2144,303567,1157,146958,987,149370,0,7239,1166,56166,972,127055,1168,183221,California
Solano,2021-04-20,3018,306585,1831,148789,1187,150557,0,7239,1675,56507,1337,128392,1678,184899,California
Solano,2021-04-21,3809,310394,2322,151111,1487,152044,0,7239,2006,56719,1794,130186,2006,186905,California
Solano,2021-04-22,3005,313399,1487,152598,1518,153562,0,7239,1791,57298,1212,131398,1791,188696,California
Solano,2021-04-23,4154,317553,2092,154690,2062,155624,0,7239,2512,58175,1636,133034,2513,191209,California
Solano,2021-04-24,3889,321442,2342,157032,1545,157169,2,7241,2584,59542,1219,134253,2586,193795,California
Solano,2021-04-25,1432,322874,1115,158147,317,157486,0,7241,1134,60385,291,134544,1134,194929,California
Solano,2021-04-26,2582,325456,1665,159812,913,158399,4,7245,1424,60668,1145,135689,1428,196357,California
Solano,2021-04-27,2584,328040,1283,161095,1271,159670,30,7275,1461,61048,1112,136801,1492,197849,California
Solano,2021-04-28,6054,334094,5005,166100,1003,160673,46,7321,3785,62622,2257,139058,3831,201680,California
Solano,2021-04-29,4537,338631,1441,167541,3062,163735,34,7355,2048,62222,2482,141540,2082,203762,California
Solano,2021-04-30,4112,342743,2177,169718,1794,165529,141,7496,1896,62059,2200,143740,2037,205799,California
Solano,2021-05-01,2179,344922,1677,171395,301,165830,201,7697,1293,62672,881,144621,1494,207293,California
Solano,2021-05-02,1206,346128,950,172345,230,166060,26,7723,669,62835,532,145153,695,207988,California
Solano,2021-05-03,1463,347591,1016,173361,360,166420,87,7810,598,62658,863,146016,686,208674,California
Solano,2021-05-04,1803,349394,1044,174405,693,167113,66,7876,810,62542,992,147008,876,209550,California
Solano,2021-05-05,2282,351676,1424,175829,743,167856,115,7991,1092,62561,1186,148194,1205,210755,California
Solano,2021-05-06,2006,353682,1192,177021,603,168459,211,8202,734,62239,1260,149454,938,211693,California
Solano,2021-05-07,2829,356511,1973,178994,737,169196,119,8321,979,61493,1842,151296,1096,212789,California
Solano,2021-05-08,1447,357958,903,179897,428,169624,116,8437,548,61262,895,152191,664,213453,California
Solano,2021-05-09,441,358399,264,180161,166,169790,11,8448,177,61190,261,152452,189,213642,California
Solano,2021-05-10,1328,359727,608,180769,614,170404,106,8554,391,60754,932,153384,496,214138,California
Solano,2021-05-11,2262,361989,1139,181908,1034,171438,89,8643,637,59860,1620,155004,726,214864,California
Solano,2021-05-12,2124,364113,1202,183110,746,172184,176,8819,697,59317,1413,156417,870,215734,California
Solano,2021-05-13,3029,367142,2071,185181,746,172930,212,9031,1600,59703,1426,157843,1812,217546,California
Solano,2021-05-14,2412,369554,1628,186809,662,173592,122,9153,1007,59436,1396,159239,1129,218675,California
Solano,2021-05-15,3394,372948,2747,189556,562,174154,85,9238,1291,58720,2091,161330,1375,220050,California
Solano,2021-05-16,1492,374440,1093,190649,367,174521,32,9270,246,57754,1243,162573,277,220327,California
Solano,2021-05-17,2442,376882,1394,192043,962,175483,86,9356,868,57150,1554,164127,950,221277,California
Solano,2021-05-18,2912,379794,1615,193658,1208,176691,89,9445,1456,57252,1443,165570,1545,222822,California
Solano,2021-05-19,5195,384989,3653,197311,1435,178126,107,9552,2008,56190,3177,168747,2115,224937,California
Solano,2021-05-20,2605,387594,1566,198877,975,179101,64,9616,951,55560,1645,170392,1015,225952,California
Solano,2021-05-21,3537,391131,1857,200734,1613,180714,67,9683,1390,54881,2136,172528,1457,227409,California
Solano,2021-05-22,2599,393730,1997,202731,534,181248,68,9751,1093,54545,1497,174025,1161,228570,California
Solano,2021-05-23,1375,395105,1133,203864,219,181467,23,9774,738,54674,634,174659,763,229333,California
Solano,2021-05-24,1831,396936,1036,204900,723,182190,72,9846,612,54144,1213,175872,683,230016,California
Solano,2021-05-25,1626,398562,818,205718,748,182938,60,9906,588,53761,1030,176902,647,230663,California
Solano,2021-05-26,1884,400446,1083,206801,746,183684,55,9961,710,53358,1169,178071,766,231429,California
Solano,2021-05-27,2142,402588,948,207749,1117,184801,77,10038,890,53082,1242,179313,966,232395,California
Solano,2021-05-28,2026,404614,1033,208782,937,185738,56,10094,766,52653,1252,180565,823,233218,California
Solano,2021-05-29,650,405264,321,209103,299,186037,30,10124,322,52678,326,180891,351,233569,California
Solano,2021-05-30,321,405585,153,209256,143,186180,25,10149,118,52621,200,181091,143,233712,California
Solano,2021-05-31,127,405712,18,209274,100,186280,9,10158,24,52551,103,181194,33,233745,California
Solano,2021-06-01,1829,407541,1175,210449,576,186856,78,10236,761,52328,1063,182257,840,234585,California
Solano,2021-06-02,1826,409367,1285,211734,476,187332,65,10301,955,52480,865,183122,1017,235602,California
Solano,2021-06-03,2073,411440,1603,213337,385,187717,85,10386,612,51722,1456,184578,698,236300,California
Solano,2021-06-04,1655,413095,1150,214487,441,188158,64,10450,553,51241,1098,185676,617,236917,California
Solano,2021-06-05,1404,414499,1011,215498,342,188500,51,10501,469,50832,929,186605,520,237437,California
Solano,2021-06-06,561,415060,448,215946,87,188587,26,10527,288,50874,272,186877,314,237751,California
Solano,2021-06-07,1236,416296,944,216890,229,188816,63,10590,412,50530,819,187696,475,238226,California
Solano,2021-06-08,1830,418126,1323,218213,473,189289,34,10624,498,49735,1327,189023,532,238758,California
Solano,2021-06-09,1676,419802,1365,219578,250,189539,61,10685,530,49184,1141,190164,590,239348,California
Solano,2021-06-10,1213,421015,840,220418,305,189844,68,10753,395,48837,810,190974,463,239811,California
Solano,2021-06-11,1338,422353,1008,221426,264,190108,66,10819,487,48541,848,191822,552,240363,California
Solano,2021-06-12,1155,423508,925,222351,171,190279,59,10878,206,47864,942,192764,265,240628,California
Solano,2021-06-13,606,424114,518,222869,80,190359,8,10886,129,47524,477,193241,137,240765,California
Solano,2021-06-14,1299,425413,916,223785,349,190708,34,10920,316,46897,975,194216,348,241113,California
Solano,2021-06-15,1470,426883,931,224716,488,191196,51,10971,610,46705,853,195069,661,241774,California
Solano,2021-06-16,1144,428027,763,225479,316,191512,65,11036,399,46428,740,195809,463,242237,California
Solano,2021-06-17,1212,429239,927,226406,220,191732,65,11101,430,46158,764,196573,494,242731,California
Solano,2021-06-18,1151,430390,855,227261,233,191965,63,11164,423,45921,723,197296,486,243217,California
Solano,2021-06-19,426,430816,298,227559,103,192068,25,11189,163,45851,258,197554,188,243405,California
Solano,2021-06-20,45,430861,18,227577,22,192090,5,11194,19,45849,26,197580,24,243429,California
Sonoma,2020-12-15,4,4,4,4,0,0,0,0,4,4,0,0,4,4,California
Sonoma,2020-12-16,28,32,28,32,0,0,0,0,28,32,0,0,28,32,California
Sonoma,2020-12-17,112,144,112,144,0,0,0,0,112,144,0,0,112,144,California
Sonoma,2020-12-18,439,583,439,583,0,0,0,0,439,583,0,0,439,583,California
Sonoma,2020-12-19,113,696,112,695,1,1,0,0,113,696,0,0,113,696,California
Sonoma,2020-12-20,176,872,176,871,0,1,0,0,176,872,0,0,176,872,California
Sonoma,2020-12-21,912,1784,910,1781,2,3,0,0,911,1783,0,0,911,1783,California
Sonoma,2020-12-22,1358,3142,1268,3049,90,93,0,0,1358,3141,0,0,1358,3141,California
Sonoma,2020-12-23,1607,4749,1233,4282,374,467,0,0,1608,4749,0,0,1608,4749,California
Sonoma,2020-12-24,313,5062,103,4385,210,677,0,0,313,5062,0,0,313,5062,California
Sonoma,2020-12-25,8,5070,1,4386,7,684,0,0,8,5070,0,0,8,5070,California
Sonoma,2020-12-26,265,5335,256,4642,9,693,0,0,265,5335,0,0,265,5335,California
Sonoma,2020-12-27,96,5431,81,4723,15,708,0,0,96,5431,0,0,96,5431,California
Sonoma,2020-12-28,982,6413,547,5270,435,1143,0,0,955,6386,0,0,955,6386,California
Sonoma,2020-12-29,1137,7550,783,6053,354,1497,0,0,1103,7489,0,0,1103,7489,California
Sonoma,2020-12-30,1088,8638,477,6530,611,2108,0,0,1080,8569,0,0,1080,8569,California
Sonoma,2020-12-31,522,9160,70,6600,452,2560,0,0,523,9092,0,0,523,9092,California
Sonoma,2021-01-01,117,9277,54,6654,63,2623,0,0,117,9209,0,0,117,9209,California
Sonoma,2021-01-02,135,9412,128,6782,7,2630,0,0,135,9344,0,0,135,9344,California
Sonoma,2021-01-03,25,9437,10,6792,15,2645,0,0,25,9369,0,0,25,9369,California
Sonoma,2021-01-04,340,9777,104,6896,236,2881,0,0,339,9708,0,0,339,9708,California
Sonoma,2021-01-05,430,10207,99,6995,331,3212,0,0,404,10096,16,16,404,10112,California
Sonoma,2021-01-06,947,11154,431,7426,516,3728,0,0,834,10823,107,123,834,10946,California
Sonoma,2021-01-07,1035,12189,540,7966,495,4223,0,0,858,11505,176,299,858,11804,California
Sonoma,2021-01-08,1805,13994,1243,9209,562,4785,0,0,1317,12336,486,785,1317,13121,California
Sonoma,2021-01-09,642,14636,403,9612,239,5024,0,0,595,12884,47,832,595,13716,California
Sonoma,2021-01-10,475,15111,463,10075,12,5036,0,0,277,12963,198,1030,277,13993,California
Sonoma,2021-01-11,1390,16501,1244,11319,146,5182,0,0,415,12408,970,2000,415,14408,California
Sonoma,2021-01-12,1545,18046,1291,12610,254,5436,0,0,395,11655,1148,3148,395,14803,California
Sonoma,2021-01-13,2051,20097,1372,13982,679,6115,0,0,1183,11974,865,4013,1184,15987,California
Sonoma,2021-01-14,1542,21639,808,14790,734,6849,0,0,1313,13058,229,4242,1313,17300,California
Sonoma,2021-01-15,1563,23202,627,15417,936,7785,0,0,1338,14183,215,4457,1340,18640,California
Sonoma,2021-01-16,1151,24353,618,16035,533,8318,0,0,904,14844,243,4700,904,19544,California
Sonoma,2021-01-17,676,25029,553,16588,123,8441,0,0,596,15360,80,4780,596,20140,California
Sonoma,2021-01-18,1104,26133,935,17523,169,8610,0,0,616,15489,488,5268,617,20757,California
Sonoma,2021-01-19,2098,28231,999,18522,1099,9709,0,0,1385,16165,711,5979,1387,22144,California
Sonoma,2021-01-20,2109,30340,631,19153,1478,11187,0,0,1437,16941,662,6641,1438,23582,California
Sonoma,2021-01-21,2301,32641,646,19799,1655,12842,0,0,2074,18791,225,6866,2075,25657,California
Sonoma,2021-01-22,2763,35404,1055,20854,1708,14550,0,0,2614,21257,148,7014,2614,28271,California
Sonoma,2021-01-23,766,36170,593,21447,173,14723,0,0,656,21804,109,7123,656,28927,California
Sonoma,2021-01-24,852,37022,719,22166,133,14856,0,0,834,22620,18,7141,834,29761,California
Sonoma,2021-01-25,2181,39203,517,22683,1664,16520,0,0,1690,23819,491,7632,1690,31451,California
Sonoma,2021-01-26,2063,41266,305,22988,1758,18278,0,0,1602,24961,460,8092,1602,33053,California
Sonoma,2021-01-27,3759,45025,1285,24273,2474,20752,0,0,3182,27570,575,8667,3184,36237,California
Sonoma,2021-01-28,4157,49182,1857,26130,2300,23052,0,0,3474,30366,680,9347,3476,39713,California
Sonoma,2021-01-29,3029,52211,1427,27557,1602,24654,0,0,2177,31695,850,10197,2179,41892,California
Sonoma,2021-01-30,2599,54810,2405,29962,194,24848,0,0,2251,33600,347,10544,2252,44144,California
Sonoma,2021-01-31,804,55614,689,30651,115,24963,0,0,576,33949,227,10771,576,44720,California
Sonoma,2021-02-01,2502,58116,863,31514,1639,26602,0,0,2117,35684,382,11153,2117,46837,California
Sonoma,2021-02-02,3610,61726,1402,32916,2208,28810,0,0,3028,38133,579,11732,3028,49865,California
Sonoma,2021-02-03,4061,65787,1334,34250,2727,31537,0,0,3118,40312,939,12671,3118,52983,California
Sonoma,2021-02-04,4226,70013,1727,35977,2499,34036,0,0,3427,42943,797,13468,3428,56411,California
Sonoma,2021-02-05,4834,74847,1752,37729,3082,37118,0,0,3801,45717,1028,14496,3802,60213,California
Sonoma,2021-02-06,2683,77530,2320,40049,363,37481,0,0,2147,47329,535,15031,2147,62360,California
Sonoma,2021-02-07,1559,79089,1421,41470,138,37619,0,0,1304,48378,255,15286,1304,63664,California
Sonoma,2021-02-08,3278,82367,1042,42512,2236,39855,0,0,2682,50465,595,15881,2682,66346,California
Sonoma,2021-02-09,3591,85958,1704,44216,1887,41742,0,0,3112,53101,477,16358,3113,69459,California
Sonoma,2021-02-10,4563,90521,2493,46709,2070,43812,0,0,3555,55655,1002,17360,3556,73015,California
Sonoma,2021-02-11,5612,96133,3038,49747,2574,46386,0,0,4421,58888,1188,18548,4421,77436,California
Sonoma,2021-02-12,5957,102090,3278,53025,2679,49065,0,0,4507,61953,1446,19994,4511,81947,California
Sonoma,2021-02-13,1997,104087,1159,54184,838,49903,0,0,1200,62359,794,20788,1200,83147,California
Sonoma,2021-02-14,2337,106424,1839,56023,498,50401,0,0,1592,63210,741,21529,1592,84739,California
Sonoma,2021-02-15,2140,108564,789,56812,1351,51752,0,0,1598,64266,542,22071,1598,86337,California
Sonoma,2021-02-16,4923,113487,2063,58875,2860,54612,0,0,3646,66641,1273,23344,3648,89985,California
Sonoma,2021-02-17,5638,119125,2927,61802,2711,57323,0,0,3592,68199,2037,25381,3595,93580,California
Sonoma,2021-02-18,7001,126126,3161,64963,3840,61163,0,0,4038,69291,2947,28328,4039,97619,California
Sonoma,2021-02-19,5586,131712,1683,66646,3903,65066,0,0,3454,70621,2126,30454,3456,101075,California
Sonoma,2021-02-20,3131,134843,2841,69487,290,65356,0,0,1217,69931,1907,32361,1217,102292,California
Sonoma,2021-02-21,535,135378,422,69909,113,65469,0,0,136,69674,393,32754,136,102428,California
Sonoma,2021-02-22,2962,138340,1405,71314,1557,67026,0,0,1227,69174,1727,34481,1227,103655,California
Sonoma,2021-02-23,3466,141806,2135,73449,1331,68357,0,0,1624,68961,1837,36318,1624,105279,California
Sonoma,2021-02-24,5752,147558,2598,76047,3154,71511,0,0,2953,69125,2790,39108,2954,108233,California
Sonoma,2021-02-25,6024,153582,2353,78400,3671,75182,0,0,3244,69612,2757,41865,3244,111477,California
Sonoma,2021-02-26,6670,160252,2946,81346,3724,78906,0,0,4236,71423,2425,44290,4236,115713,California
Sonoma,2021-02-27,4250,164502,1982,83328,2268,81174,0,0,2848,72872,1399,45689,2848,118561,California
Sonoma,2021-02-28,2511,167013,1859,85187,651,81825,1,1,753,71877,1749,47438,754,119315,California
Sonoma,2021-03-01,4137,171150,1314,86501,2821,84646,2,3,2168,72092,1956,49394,2171,121486,California
Sonoma,2021-03-02,4442,175592,1524,88025,2915,87561,3,6,2571,72804,1862,51256,2574,124060,California
Sonoma,2021-03-03,5086,180678,2650,90675,2436,89997,0,6,2337,72402,2739,53995,2337,126397,California
Sonoma,2021-03-04,5997,186675,2694,93369,3303,93300,0,6,2602,71623,3381,57376,2602,128999,California
Sonoma,2021-03-05,6511,193186,2879,96248,3617,96917,15,21,2738,70623,3754,61130,2754,131753,California
Sonoma,2021-03-06,2806,195992,1232,97480,1437,98354,137,158,1924,71808,875,62005,2060,133813,California
Sonoma,2021-03-07,1758,197750,1427,98907,295,98649,36,194,395,70879,1360,63365,431,134244,California
Sonoma,2021-03-08,4094,201844,662,99569,3256,101905,176,370,2404,71779,1678,65043,2578,136822,California
Sonoma,2021-03-09,5644,207488,3103,102672,2271,104176,270,640,2782,71967,2851,67894,3039,139861,California
Sonoma,2021-03-10,6048,213536,3207,105879,2491,106667,350,990,2439,71160,3594,71488,2787,142648,California
Sonoma,2021-03-11,7572,221108,3039,108918,3708,110375,825,1815,2569,69563,4989,76477,3392,146040,California
Sonoma,2021-03-12,7432,228540,2259,111177,3801,114176,1372,3187,2096,67713,5313,81790,3463,149503,California
Sonoma,2021-03-13,3442,231982,1697,112874,1501,115677,244,3431,2014,68540,1426,83216,2253,151756,California
Sonoma,2021-03-14,1379,233361,378,113252,859,116536,142,3573,843,68992,533,83749,985,152741,California
Sonoma,2021-03-15,5256,238617,1522,114774,3347,119883,387,3960,2174,68484,3067,86816,2559,155300,California
Sonoma,2021-03-16,6317,244934,2264,117038,3820,123703,233,4193,2904,68214,3405,90221,3135,158435,California
Sonoma,2021-03-17,6842,251776,3584,120622,3074,126777,184,4377,3299,68167,3529,93750,3482,161917,California
Sonoma,2021-03-18,7179,258955,2955,123577,3606,130383,618,4995,3127,67865,4042,97792,3740,165657,California
Sonoma,2021-03-19,7534,266489,3269,126846,4036,134419,229,5224,3055,66696,4457,102249,3288,168945,California
Sonoma,2021-03-20,3728,270217,1756,128602,1140,135559,832,6056,2016,67834,1705,103954,2843,171788,California
Sonoma,2021-03-21,1386,271603,597,129199,754,136313,35,6091,1204,68896,177,104131,1239,173027,California
Sonoma,2021-03-22,4590,276193,3125,132324,1363,137676,102,6193,3346,71106,1238,105369,3448,176475,California
Sonoma,2021-03-23,5878,282071,3643,135967,2163,139839,72,6265,4435,74180,1433,106802,4507,180982,California
Sonoma,2021-03-24,6864,288935,4313,140280,2477,142316,74,6339,4197,75803,2646,109448,4269,185251,California
Sonoma,2021-03-25,7156,296091,4217,144497,2827,145143,112,6451,4298,77385,2830,112278,4412,189663,California
Sonoma,2021-03-26,7479,303570,3480,147977,3907,149050,92,6543,3828,77677,3627,115905,3919,193582,California
Sonoma,2021-03-27,3915,307485,1509,149486,2037,151087,369,6912,1040,76220,2864,118769,1407,194989,California
Sonoma,2021-03-28,1511,308996,945,150431,538,151625,28,6940,799,76338,708,119477,826,195815,California
Sonoma,2021-03-29,2980,311976,1107,151538,1840,153465,33,6973,1533,76466,1438,120915,1566,197381,California
Sonoma,2021-03-30,5898,317874,3240,154778,2595,156060,63,7036,3060,76761,2828,123743,3123,200504,California
Sonoma,2021-03-31,5633,323507,3409,158187,2007,158067,217,7253,3251,77861,2368,126111,3468,203972,California
Sonoma,2021-04-01,6970,330477,4081,162268,2542,160609,347,7600,3777,78809,3166,129277,4114,208086,California
Sonoma,2021-04-02,5967,336444,3571,165839,2287,162896,109,7709,3586,80133,2370,131647,3694,211780,California
Sonoma,2021-04-03,3657,340101,1824,167663,1608,164504,225,7934,1609,79930,2035,133682,1832,213612,California
Sonoma,2021-04-04,1072,341173,697,168360,284,164788,91,8025,655,80264,412,134094,746,214358,California
Sonoma,2021-04-05,4452,345625,647,169007,3458,168246,347,8372,1669,79505,2775,136869,2016,216374,California
Sonoma,2021-04-06,6959,352584,3521,172528,3030,171276,408,8780,4046,81059,2898,139767,4452,220826,California
Sonoma,2021-04-07,6884,359468,3889,176417,2151,173427,844,9624,3353,81732,3516,143283,4189,225015,California
Sonoma,2021-04-08,7675,367143,4157,180574,2744,176171,774,10398,4212,83261,3452,146735,4981,229996,California
Sonoma,2021-04-09,6867,374010,3829,184403,2145,178316,893,11291,3538,84370,3315,150050,4424,234420,California
Sonoma,2021-04-10,3932,377942,1709,186112,1664,179980,559,11850,1160,83321,2760,152810,1711,236131,California
Sonoma,2021-04-11,1282,379224,607,186719,594,180574,81,11931,439,82999,842,153652,520,236651,California
Sonoma,2021-04-12,4985,384209,2073,188792,2425,182999,487,12418,1856,82220,3115,156767,2336,238987,California
Sonoma,2021-04-13,7941,392150,4672,193464,3265,186264,4,12422,3049,80396,4880,161647,3056,242043,California
Sonoma,2021-04-14,6676,398826,3805,197269,2850,189114,21,12443,2569,78893,4092,165739,2589,244632,California
Sonoma,2021-04-15,7514,406340,4288,201557,3226,192340,0,12443,3678,78760,3820,169559,3687,248319,California
Sonoma,2021-04-16,6886,413226,3461,205018,3423,195763,2,12445,3908,79707,2966,172525,3913,252232,California
Sonoma,2021-04-17,3509,416735,1821,206839,1688,197451,0,12445,1674,79570,1816,174341,1679,253911,California
Sonoma,2021-04-18,1293,418028,901,207740,392,197843,0,12445,459,79196,833,175174,459,254370,California
Sonoma,2021-04-19,3331,421359,1890,209630,1440,199283,1,12446,1457,78785,1869,177043,1458,255828,California
Sonoma,2021-04-20,6332,427691,3503,213133,2828,202111,1,12447,2358,77199,3961,181004,2375,258203,California
Sonoma,2021-04-21,6662,434353,4247,217380,2413,204524,2,12449,3057,76677,3583,184587,3061,261264,California
Sonoma,2021-04-22,6265,440618,4488,221868,1777,206301,0,12449,2525,75479,3723,188310,2525,263789,California
Sonoma,2021-04-23,7452,448070,4638,226506,2808,209109,6,12455,3644,75336,3794,192104,3651,267440,California
Sonoma,2021-04-24,2776,450846,1504,228010,1257,210366,15,12470,1545,75670,1226,193330,1560,269000,California
Sonoma,2021-04-25,1089,451935,793,228803,296,210662,0,12470,430,75444,656,193986,430,269430,California
Sonoma,2021-04-26,2935,454870,1405,230208,1502,212164,28,12498,1616,75777,1311,195297,1644,271074,California
Sonoma,2021-04-27,5498,460368,3733,233941,1641,213805,124,12622,2256,74926,3230,198527,2379,273453,California
Sonoma,2021-04-28,4913,465281,3237,237178,1477,215282,199,12821,2095,74414,2801,201328,2289,275742,California
Sonoma,2021-04-29,5114,470395,3600,240778,1369,216651,145,12966,1929,73316,3173,204501,2075,277817,California
Sonoma,2021-04-30,5467,475862,3631,244409,1541,218192,295,13261,1817,71793,3634,208135,2111,279928,California
Sonoma,2021-05-01,2489,478351,1790,246199,594,218786,105,13366,1238,71889,1243,209378,1339,281267,California
Sonoma,2021-05-02,872,479223,650,246849,171,218957,51,13417,555,72179,317,209695,607,281874,California
Sonoma,2021-05-03,3196,482419,1690,248539,1360,220317,146,13563,1054,71246,2131,211826,1198,283072,California
Sonoma,2021-05-04,4599,487018,2409,250948,2011,222328,179,13742,1453,69752,3122,214948,1628,284700,California
Sonoma,2021-05-05,3684,490702,2182,253130,1308,223636,194,13936,1315,68903,2356,217304,1507,286207,California
Sonoma,2021-05-06,4572,495274,2415,255545,2031,225667,126,14062,1301,67121,3207,220511,1425,287632,California
Sonoma,2021-05-07,3614,498888,2324,257869,1166,226833,124,14186,1090,65822,2512,223023,1213,288845,California
Sonoma,2021-05-08,1876,500764,1274,259143,510,227343,92,14278,667,65383,1198,224221,759,289604,California
Sonoma,2021-05-09,503,501267,289,259432,173,227516,41,14319,166,65257,333,224554,207,289811,California
Sonoma,2021-05-10,2320,503587,1041,260473,1146,228662,133,14452,290,63664,2013,226567,420,290231,California
Sonoma,2021-05-11,3558,507145,1912,262385,1522,230184,124,14576,925,62097,2616,229183,1049,291280,California
Sonoma,2021-05-12,4012,511157,2482,264867,1378,231562,152,14728,848,59944,3152,232335,999,292279,California
Sonoma,2021-05-13,4936,516093,2837,267704,1969,233531,130,14858,1660,58468,3264,235599,1788,294067,California
Sonoma,2021-05-14,5797,521890,3600,271304,2060,235591,137,14995,2203,57230,3579,239178,2341,296408,California
Sonoma,2021-05-15,2928,524818,2153,273457,713,236304,62,15057,1849,58070,1071,240249,1911,298319,California
Sonoma,2021-05-16,1308,526126,1091,274548,158,236462,59,15116,975,58775,329,240578,1034,299353,California
Sonoma,2021-05-17,2444,528570,1818,276366,531,236993,95,15211,899,58227,1540,242118,992,300345,California
Sonoma,2021-05-18,4339,532909,2863,279229,1367,238360,109,15320,1476,56967,2844,244962,1584,301929,California
Sonoma,2021-05-19,3759,536668,2417,281646,1227,239587,115,15435,1495,56329,2248,247210,1610,303539,California
Sonoma,2021-05-20,3386,540054,2252,283898,1040,240627,94,15529,1346,55737,2027,249237,1435,304974,California
Sonoma,2021-05-21,4218,544272,2399,286297,1689,242316,130,15659,1508,54672,2688,251925,1623,306597,California
Sonoma,2021-05-22,2339,546611,1283,287580,1017,243333,39,15698,669,53722,1658,253583,708,307305,California
Sonoma,2021-05-23,1483,548094,1214,288794,253,243586,16,15714,773,53807,704,254287,789,308094,California
Sonoma,2021-05-24,1967,550061,1248,290042,588,244174,131,15845,644,53288,1294,255581,775,308869,California
Sonoma,2021-05-25,2928,552989,1804,291846,1036,245210,88,15933,743,51947,2171,257752,830,309699,California
Sonoma,2021-05-26,2481,555470,1734,293580,638,245848,109,16042,998,51580,1471,259223,1104,310803,California
Sonoma,2021-05-27,2089,557559,1142,294722,850,246698,97,16139,703,51000,1378,260601,798,311601,California
Sonoma,2021-05-28,2144,559703,1127,295849,924,247622,93,16232,616,50193,1516,262117,709,312310,California
Sonoma,2021-05-29,1334,561037,913,296762,353,247975,68,16300,643,50224,680,262797,711,313021,California
Sonoma,2021-05-30,346,561383,212,296974,122,248097,12,16312,137,50168,204,263001,148,313169,California
Sonoma,2021-05-31,70,561453,26,297000,43,248140,1,16313,17,50133,53,263054,18,313187,California
Sonoma,2021-06-01,1939,563392,1114,298114,748,248888,77,16390,709,49698,1217,264271,782,313969,California
Sonoma,2021-06-02,1579,564971,969,299083,495,249383,115,16505,665,49568,909,265180,779,314748,California
Sonoma,2021-06-03,1999,566970,1391,300474,529,249912,79,16584,443,48542,1547,266727,521,315269,California
Sonoma,2021-06-04,2695,569665,2202,302676,386,250298,107,16691,521,47004,2165,268892,627,315896,California
Sonoma,2021-06-05,1816,571481,1495,304171,290,250588,31,16722,298,45819,1514,270406,329,316225,California
Sonoma,2021-06-06,1010,572491,935,305106,66,250654,9,16731,156,45133,851,271257,165,316390,California
Sonoma,2021-06-07,1473,573964,1244,306350,175,250829,54,16785,334,44387,1131,272388,385,316775,California
Sonoma,2021-06-08,1893,575857,1524,307874,323,251152,46,16831,531,43613,1350,273738,576,317351,California
Sonoma,2021-06-09,1635,577492,1355,309229,219,251371,61,16892,389,42830,1233,274971,450,317801,California
Sonoma,2021-06-10,1837,579329,1509,310738,223,251594,105,16997,563,42234,1262,276233,666,318467,California
Sonoma,2021-06-11,1977,581306,1626,312364,263,251857,88,17085,542,41436,1428,277661,630,319097,California
Sonoma,2021-06-12,1127,582433,890,313254,190,252047,47,17132,355,41074,765,278426,403,319500,California
Sonoma,2021-06-13,552,582985,464,313718,70,252117,18,17150,107,40754,445,278871,125,319625,California
Sonoma,2021-06-14,937,583922,673,314391,205,252322,59,17209,341,40565,589,279460,400,320025,California
Sonoma,2021-06-15,1835,585757,1381,315772,347,252669,107,17316,603,40051,1223,280683,709,320734,California
Sonoma,2021-06-16,1572,587329,1220,316992,253,252922,99,17415,508,39597,1059,281742,605,321339,California
Sonoma,2021-06-17,1018,588347,781,317773,170,253092,67,17482,407,39463,607,282349,473,321812,California
Sonoma,2021-06-18,1046,589393,768,318541,188,253280,90,17572,451,39415,588,282937,540,322352,California
Sonoma,2021-06-19,804,590197,665,319206,106,253386,33,17605,260,39167,540,283477,292,322644,California
Sonoma,2021-06-20,88,590285,66,319272,16,253402,6,17611,21,39127,67,283544,27,322671,California
Stanislaus,2020-12-15,5,5,5,5,0,0,0,0,5,5,0,0,5,5,California
Stanislaus,2020-12-16,36,41,36,41,0,0,0,0,36,41,0,0,36,41,California
Stanislaus,2020-12-17,74,115,74,115,0,0,0,0,74,115,0,0,74,115,California
Stanislaus,2020-12-18,342,457,336,451,6,6,0,0,342,457,0,0,342,457,California
Stanislaus,2020-12-19,131,588,131,582,0,6,0,0,131,588,0,0,131,588,California
Stanislaus,2020-12-20,87,675,87,669,0,6,0,0,87,675,0,0,87,675,California
Stanislaus,2020-12-21,998,1673,997,1666,1,7,0,0,997,1672,1,1,998,1673,California
Stanislaus,2020-12-22,793,2466,781,2447,12,19,0,0,793,2465,0,1,793,2466,California
Stanislaus,2020-12-23,447,2913,428,2875,19,38,0,0,446,2911,1,2,447,2913,California
Stanislaus,2020-12-24,96,3009,88,2963,8,46,0,0,96,3007,0,2,96,3009,California
Stanislaus,2020-12-26,53,3062,9,2972,44,90,0,0,53,3060,0,2,53,3062,California
Stanislaus,2020-12-27,11,3073,6,2978,5,95,0,0,11,3071,0,2,11,3073,California
Stanislaus,2020-12-28,486,3559,394,3372,92,187,0,0,486,3557,0,2,486,3559,California
Stanislaus,2020-12-29,494,4053,415,3787,79,266,0,0,494,4051,0,2,494,4053,California
Stanislaus,2020-12-30,534,4587,281,4068,253,519,0,0,533,4583,1,3,533,4586,California
Stanislaus,2020-12-31,277,4864,157,4225,120,639,0,0,277,4860,0,3,277,4863,California
Stanislaus,2021-01-01,15,4879,6,4231,9,648,0,0,15,4875,0,3,15,4878,California
Stanislaus,2021-01-02,33,4912,25,4256,8,656,0,0,33,4908,0,3,33,4911,California
Stanislaus,2021-01-03,90,5002,87,4343,3,659,0,0,90,4998,0,3,90,5001,California
Stanislaus,2021-01-04,230,5232,152,4495,78,737,0,0,230,5228,0,3,230,5231,California
Stanislaus,2021-01-05,839,6071,347,4842,492,1229,0,0,813,6024,25,28,821,6052,California
Stanislaus,2021-01-06,1003,7074,599,5441,404,1633,0,0,929,6886,71,99,933,6985,California
Stanislaus,2021-01-07,1079,8153,706,6147,373,2006,0,0,886,7587,188,287,889,7874,California
Stanislaus,2021-01-08,1272,9425,717,6864,555,2561,0,0,928,8180,341,628,934,8808,California
Stanislaus,2021-01-09,290,9715,142,7006,148,2709,0,0,201,8292,89,717,201,9009,California
Stanislaus,2021-01-10,48,9763,21,7027,27,2736,0,0,29,8302,19,736,29,9038,California
Stanislaus,2021-01-11,1498,11261,1214,8241,284,3020,0,0,573,7974,919,1655,591,9629,California
Stanislaus,2021-01-12,1476,12737,869,9110,607,3627,0,0,828,8172,644,2299,842,10471,California
Stanislaus,2021-01-13,1447,14184,688,9798,759,4386,0,0,1123,8984,323,2622,1135,11606,California
Stanislaus,2021-01-14,2246,16430,285,10083,1961,6347,0,0,2067,10952,176,2798,2144,13750,California
Stanislaus,2021-01-15,2824,19254,1156,11239,1668,8015,0,0,2663,13545,157,2955,2750,16500,California
Stanislaus,2021-01-16,473,19727,50,11289,423,8438,0,0,454,13983,18,2973,456,16956,California
Stanislaus,2021-01-17,244,19971,202,11491,42,8480,0,0,237,14214,6,2979,237,17193,California
Stanislaus,2021-01-18,2187,22158,1020,12511,1167,9647,0,0,1791,15693,391,3370,1870,19063,California
Stanislaus,2021-01-19,1255,23413,723,13234,532,10179,0,0,804,16051,447,3817,805,19868,California
Stanislaus,2021-01-20,1012,24425,489,13723,523,10702,0,0,717,16474,294,4111,717,20585,California
Stanislaus,2021-01-21,3693,28118,2978,16701,715,11417,0,0,3355,19611,334,4445,3471,24056,California
Stanislaus,2021-01-22,1099,29217,308,17009,791,12208,0,0,1055,20629,40,4485,1058,25114,California
Stanislaus,2021-01-23,355,29572,40,17049,315,12523,0,0,297,20870,57,4542,298,25412,California
Stanislaus,2021-01-24,302,29874,100,17149,202,12725,0,0,236,21042,66,4608,238,25650,California
Stanislaus,2021-01-25,3161,33035,228,17377,2933,15658,0,0,2821,23719,304,4912,2981,28631,California
Stanislaus,2021-01-26,1729,34764,747,18124,982,16640,0,0,1298,24610,424,5336,1315,29946,California
Stanislaus,2021-01-27,1894,36658,1053,19177,841,17481,0,0,1188,25141,659,5995,1190,31136,California
Stanislaus,2021-01-28,2211,38869,1515,20692,696,18177,0,0,1718,26439,484,6479,1782,32918,California
Stanislaus,2021-01-29,2455,41324,1202,21894,1253,19430,0,0,1918,27919,491,6970,1971,34889,California
Stanislaus,2021-01-30,295,41619,134,22028,161,19591,0,0,230,28095,54,7024,230,35119,California
Stanislaus,2021-01-31,369,41988,314,22342,55,19646,0,0,354,28437,12,7036,354,35473,California
Stanislaus,2021-02-01,1299,43287,587,22929,712,20358,0,0,942,29034,346,7382,943,36416,California
Stanislaus,2021-02-02,1211,44498,348,23277,863,21221,0,0,774,29386,425,7807,777,37193,California
Stanislaus,2021-02-03,2620,47118,1238,24515,1382,22603,0,0,1919,30625,696,8503,1935,39128,California
Stanislaus,2021-02-04,2091,49209,710,25225,1381,23984,0,0,1581,31718,495,8998,1588,40716,California
Stanislaus,2021-02-05,2852,52061,1469,26694,1383,25367,0,0,1593,32129,1195,10193,1606,42322,California
Stanislaus,2021-02-06,886,52947,299,26993,587,25954,0,0,693,32633,191,10384,695,43017,California
Stanislaus,2021-02-07,230,53177,205,27198,25,25979,0,0,41,32489,186,10570,42,43059,California
Stanislaus,2021-02-08,2043,55220,1339,28537,704,26683,0,0,1102,32720,898,11468,1129,44188,California
Stanislaus,2021-02-09,1845,57065,785,29322,1060,27743,0,0,1048,33008,771,12239,1059,45247,California
Stanislaus,2021-02-10,1941,59006,535,29857,1406,29149,0,0,1016,33125,901,13140,1018,46265,California
Stanislaus,2021-02-11,5402,64408,3272,33129,2130,31279,0,0,1228,30417,3943,17083,1235,47500,California
Stanislaus,2021-02-12,3304,67712,915,34044,2389,33668,0,0,1453,30114,1766,18849,1463,48963,California
Stanislaus,2021-02-13,1353,69065,650,34694,703,34371,0,0,983,30739,363,19212,988,49951,California
Stanislaus,2021-02-14,415,69480,164,34858,251,34622,0,0,348,31022,65,19277,348,50299,California
Stanislaus,2021-02-15,1816,71296,229,35087,1587,36209,0,0,578,30483,1121,20398,582,50881,California
Stanislaus,2021-02-16,1361,72657,422,35509,939,37148,0,0,578,30292,771,21169,580,51461,California
Stanislaus,2021-02-17,2766,75423,1695,37204,1071,38219,0,0,1924,31393,836,22005,1937,53398,California
Stanislaus,2021-02-18,3366,78789,1904,39108,1462,39681,0,0,1771,31705,1503,23508,1815,55213,California
Stanislaus,2021-02-19,2773,81562,1076,40184,1697,41378,0,0,1514,32032,1211,24719,1538,56751,California
Stanislaus,2021-02-20,751,82313,382,40566,369,41747,0,0,475,32252,256,24975,476,57227,California
Stanislaus,2021-02-21,907,83220,693,41259,214,41961,0,0,543,32468,339,25314,555,57782,California
Stanislaus,2021-02-22,2346,85566,1693,42952,653,42614,0,0,1629,33402,696,26010,1630,59412,California
Stanislaus,2021-02-23,3745,89311,679,43631,3066,45680,0,0,1739,33315,1837,27847,1750,61162,California
Stanislaus,2021-02-24,4186,93497,2856,46487,1330,47010,0,0,3116,35388,1046,28893,3119,64281,California
Stanislaus,2021-02-25,3957,97454,2718,49205,1239,48249,0,0,3150,37754,787,29680,3153,67434,California
Stanislaus,2021-02-26,4216,101670,1211,50416,3005,51254,0,0,2834,39275,1326,31006,2847,70281,California
Stanislaus,2021-02-27,2093,103763,712,51128,1380,52634,1,1,1860,40933,204,31210,1862,72143,California
Stanislaus,2021-02-28,826,104589,260,51388,566,53200,0,1,775,41670,39,31249,776,72919,California
Stanislaus,2021-03-01,2794,107383,1646,53034,1145,54345,3,4,1639,42213,1111,32360,1654,74573,California
Stanislaus,2021-03-02,2397,109780,1426,54460,970,55315,1,5,1660,43155,721,33081,1663,76236,California
Stanislaus,2021-03-03,3716,113496,2232,56692,1480,56795,4,9,2903,45266,795,33876,2906,79142,California
Stanislaus,2021-03-04,5443,118939,3107,59799,2320,59115,16,25,4190,48250,1218,35094,4202,83344,California
Stanislaus,2021-03-05,4084,123023,1120,60919,2948,62063,16,41,3086,50381,970,36064,3101,86445,California
Stanislaus,2021-03-06,3578,126601,2230,63149,1255,63318,93,134,2723,52348,851,36915,2818,89263,California
Stanislaus,2021-03-07,855,127456,387,63536,432,63750,36,170,667,52868,183,37098,703,89966,California
Stanislaus,2021-03-08,1995,129451,862,64398,1044,64794,89,259,1330,53642,645,37743,1419,91385,California
Stanislaus,2021-03-09,2178,131629,902,65300,1184,65978,92,351,1629,54831,537,38280,1726,93111,California
Stanislaus,2021-03-10,5073,136702,2506,67806,2341,68319,226,577,3735,57488,1317,39597,3974,97085,California
Stanislaus,2021-03-11,5713,142415,3140,70946,2097,70416,476,1053,4113,60657,1425,41022,4594,101679,California
Stanislaus,2021-03-12,5776,148191,1229,72175,2620,73036,1927,2980,2911,62655,2838,43860,4836,106515,California
Stanislaus,2021-03-13,3398,151589,2181,74356,1147,74183,70,3050,2698,64737,693,44553,2775,109290,California
Stanislaus,2021-03-14,988,152577,594,74950,342,74525,52,3102,486,64778,499,45052,540,109830,California
Stanislaus,2021-03-15,3687,156264,1973,76923,1353,75878,361,3463,1603,64762,1987,47039,1971,111801,California
Stanislaus,2021-03-16,4974,161238,2465,79388,2074,77952,435,3898,3559,67362,1392,48431,3992,115793,California
Stanislaus,2021-03-17,4723,165961,2850,82238,1695,79647,178,4076,2876,68610,1811,50242,3059,118852,California
Stanislaus,2021-03-18,5426,171387,3421,85659,1938,81585,67,4143,2930,69270,2342,52584,3002,121854,California
Stanislaus,2021-03-19,5919,177306,1540,87199,2861,84446,1518,5661,3104,71114,2773,55357,4617,126471,California
Stanislaus,2021-03-20,3866,181172,3033,90232,765,85211,68,5729,3372,74085,470,55827,3441,129912,California
Stanislaus,2021-03-21,1012,182184,906,91138,42,85253,64,5793,768,74680,237,56064,832,130744,California
Stanislaus,2021-03-22,2817,185001,1325,92463,768,86021,724,6517,1234,75087,1554,57618,1961,132705,California
Stanislaus,2021-03-23,3937,188938,2021,94484,1658,87679,258,6775,2800,77045,1119,58737,3077,135782,California
Stanislaus,2021-03-24,4573,193511,3222,97706,1273,88952,78,6853,2643,77886,1883,60620,2724,138506,California
Stanislaus,2021-03-25,4252,197763,2926,100632,1312,90264,14,6867,1818,77365,2355,62975,1834,140340,California
Stanislaus,2021-03-26,4764,202527,1336,101968,3354,93618,74,6941,2389,77500,2341,65316,2476,142816,California
Stanislaus,2021-03-27,4403,206930,2746,104714,1575,95193,82,7023,1379,75963,3006,68322,1469,144285,California
Stanislaus,2021-03-28,1105,208035,438,105152,559,95752,108,7131,318,75621,774,69096,432,144717,California
Stanislaus,2021-03-29,2973,211008,1825,106977,1109,96861,39,7170,1979,76661,984,70080,2024,146741,California
Stanislaus,2021-03-30,3678,214686,2064,109041,1588,98449,26,7196,2230,77485,1438,71518,2262,149003,California
Stanislaus,2021-03-31,5443,220129,3855,112896,1468,99917,120,7316,2784,77755,2638,74156,2908,151911,California
Stanislaus,2021-04-01,5734,225863,3842,116738,1803,101720,89,7405,2625,77396,3083,77239,2724,154635,California
Stanislaus,2021-04-02,5023,230886,1211,117949,3657,105377,155,7560,2243,77118,2687,79926,2409,157044,California
Stanislaus,2021-04-03,4545,235431,3304,121253,1205,106582,36,7596,2244,77120,2291,82217,2293,159337,California
Stanislaus,2021-04-04,1330,236761,474,121727,826,107408,30,7626,652,77137,669,82886,686,160023,California
Stanislaus,2021-04-05,3637,240398,2530,124257,858,108266,249,7875,2359,78482,1268,84154,2613,162636,California
Stanislaus,2021-04-06,5752,246150,4174,128431,1303,109569,275,8150,3076,79178,2661,86815,3357,165993,California
Stanislaus,2021-04-07,6354,252504,3599,132030,2326,111895,429,8579,2829,78937,3507,90322,3266,169259,California
Stanislaus,2021-04-08,5689,258193,3330,135360,1924,113819,435,9014,2777,79263,2888,93210,3214,172473,California
Stanislaus,2021-04-09,4820,263013,2103,137463,2342,116161,375,9389,2182,79221,2613,95823,2571,175044,California
Stanislaus,2021-04-10,6501,269514,3989,141452,874,117035,1638,11027,1999,78375,4476,100299,3630,178674,California
Stanislaus,2021-04-11,1521,271035,850,142302,539,117574,132,11159,669,78328,849,101148,802,179476,California
Stanislaus,2021-04-12,3596,274631,2048,144350,1104,118678,444,11603,1875,78957,1699,102847,2328,181804,California
Stanislaus,2021-04-13,5199,279830,3421,147771,1764,120442,14,11617,2919,79646,2238,105085,2927,184731,California
Stanislaus,2021-04-14,4690,284520,3284,151055,1404,121846,2,11619,2293,79585,2361,107446,2300,187031,California
Stanislaus,2021-04-15,5388,289908,3320,154375,2065,123911,3,11622,3231,80707,2113,109559,3235,190266,California
Stanislaus,2021-04-16,4328,294236,993,155368,3334,127245,1,11623,1819,80068,2463,112022,1824,192090,California
Stanislaus,2021-04-17,3165,297401,2128,157496,1037,128282,0,11623,1839,80597,1313,113335,1842,193932,California
Stanislaus,2021-04-18,539,297940,221,157717,316,128598,2,11625,411,80890,121,113456,414,194346,California
Stanislaus,2021-04-19,3464,301404,2450,160167,1012,129610,2,11627,1640,80747,1790,115246,1647,195993,California
Stanislaus,2021-04-20,3968,305372,2409,162576,1559,131169,0,11627,1730,80271,2208,117454,1732,197725,California
Stanislaus,2021-04-21,3831,309203,2558,165134,1272,132441,1,11628,1594,79676,2196,119650,1601,199326,California
Stanislaus,2021-04-22,3960,313163,2413,167547,1547,133988,0,11628,1580,78927,2333,121983,1584,200910,California
Stanislaus,2021-04-23,3595,316758,842,168389,2752,136740,1,11629,1467,78367,2035,124018,1475,202385,California
Stanislaus,2021-04-24,3795,320553,2941,171330,854,137594,0,11629,1797,78189,1980,125998,1802,204187,California
Stanislaus,2021-04-25,937,321490,480,171810,457,138051,0,11629,688,78638,243,126241,692,204879,California
Stanislaus,2021-04-26,3362,324852,2361,174171,995,139046,6,11635,1051,77411,2289,128530,1062,205941,California
Stanislaus,2021-04-27,4037,328889,2802,176973,1187,140233,48,11683,1174,75801,2836,131366,1226,207167,California
Stanislaus,2021-04-28,4263,333152,3026,179999,1175,141408,62,11745,1841,75311,2402,133768,1912,209079,California
Stanislaus,2021-04-29,3634,336786,2258,182257,1328,142736,48,11793,1446,74641,2174,135942,1504,210583,California
Stanislaus,2021-04-30,4509,341295,2046,184303,2378,145114,85,11878,1782,73803,2713,138655,1875,212458,California
Stanislaus,2021-05-01,2712,344007,1927,186230,744,145858,41,11919,1019,73186,1685,140340,1068,213526,California
Stanislaus,2021-05-02,1080,345087,616,186846,426,146284,38,11957,523,73202,551,140891,567,214093,California
Stanislaus,2021-05-03,2415,347502,1927,188773,415,146699,73,12030,910,72696,1492,142383,986,215079,California
Stanislaus,2021-05-04,3471,350973,2470,191243,911,147610,90,12120,1065,71467,2393,144776,1164,216243,California
Stanislaus,2021-05-05,3193,354166,2135,193378,983,148593,75,12195,1085,70542,2088,146864,1163,217406,California
Stanislaus,2021-05-06,3518,357684,2696,196074,698,149291,124,12319,1055,69287,2441,149305,1186,218592,California
Stanislaus,2021-05-07,2320,360004,885,196959,1272,150563,163,12482,944,69032,1364,150669,1109,219701,California
Stanislaus,2021-05-08,1960,361964,1344,198303,583,151146,33,12515,714,68557,1229,151898,754,220455,California
Stanislaus,2021-05-09,714,362678,343,198646,345,151491,26,12541,308,68488,404,152302,335,220790,California
Stanislaus,2021-05-10,1687,364365,1142,199788,449,151940,96,12637,455,67821,1220,153522,553,221343,California
Stanislaus,2021-05-11,2376,366741,1503,201291,714,152654,159,12796,679,66979,1685,155207,843,222186,California
Stanislaus,2021-05-12,2276,369017,1332,202623,835,153489,109,12905,904,66637,1358,156565,1016,223202,California
Stanislaus,2021-05-13,2006,371023,1155,203778,734,154223,117,13022,914,66588,1083,157648,1034,224236,California
Stanislaus,2021-05-14,2617,373640,1162,204940,1317,155540,138,13160,1206,66541,1392,159040,1345,225581,California
Stanislaus,2021-05-15,2482,376122,1768,206708,664,156204,50,13210,1205,66537,1267,160307,1263,226844,California
Stanislaus,2021-05-16,1025,377147,667,207375,350,156554,8,13218,559,66645,463,160770,571,227415,California
Stanislaus,2021-05-17,1930,379077,1295,208670,554,157108,81,13299,923,66654,1001,161771,1010,228425,California
Stanislaus,2021-05-18,2204,381281,1503,210173,587,157695,114,13413,1145,66864,1048,162819,1258,229683,California
Stanislaus,2021-05-19,3032,384313,2070,212243,808,158503,154,13567,1355,66712,1666,164485,1514,231197,California
Stanislaus,2021-05-20,2108,386421,1133,213376,871,159374,104,13671,862,66448,1235,165720,971,232168,California
Stanislaus,2021-05-21,2337,388758,1133,214509,1108,160482,96,13767,959,66144,1362,167082,1058,233226,California
Stanislaus,2021-05-22,1937,390695,1199,215708,669,161151,69,13836,863,66010,1067,168149,933,234159,California
Stanislaus,2021-05-23,1033,391728,666,216374,352,161503,15,13851,490,65977,538,168687,505,234664,California
Stanislaus,2021-05-24,1579,393307,1085,217459,419,161922,75,13926,609,65701,967,169654,691,235355,California
Stanislaus,2021-05-25,1701,395008,1167,218626,437,162359,97,14023,830,65764,867,170521,930,236285,California
Stanislaus,2021-05-26,1894,396902,1188,219814,655,163014,51,14074,907,65744,979,171500,959,237244,California
Stanislaus,2021-05-27,1715,398617,945,220759,695,163709,75,14149,642,65398,1063,172563,717,237961,California
Stanislaus,2021-05-28,1955,400572,891,221650,985,164694,79,14228,860,65247,1090,173653,939,238900,California
Stanislaus,2021-05-29,1311,401883,844,222494,426,165120,41,14269,612,65207,695,174348,655,239555,California
Stanislaus,2021-05-30,454,402337,273,222767,147,165267,34,14303,214,65219,236,174584,248,239803,California
Stanislaus,2021-05-31,259,402596,122,222889,130,165397,7,14310,97,65162,161,174745,104,239907,California
Stanislaus,2021-06-01,1542,404138,972,223861,518,165915,52,14362,617,64915,919,175664,672,240579,California
Stanislaus,2021-06-02,1713,405851,1093,224954,554,166469,66,14428,744,64767,960,176624,812,241391,California
Stanislaus,2021-06-03,1307,407158,772,225726,489,166958,46,14474,523,64568,771,177395,572,241963,California
Stanislaus,2021-06-04,1891,409049,1133,226859,688,167646,70,14544,718,64204,1162,178557,798,242761,California
Stanislaus,2021-06-05,1372,410421,1048,227907,298,167944,26,14570,473,63813,892,179449,501,243262,California
Stanislaus,2021-06-06,502,410923,412,228319,82,168026,8,14578,204,63729,298,179747,214,243476,California
Stanislaus,2021-06-07,1402,412325,1076,229395,281,168307,45,14623,545,63471,849,180596,591,244067,California
Stanislaus,2021-06-08,1807,414132,1361,230756,373,168680,73,14696,655,63061,1139,181735,729,244796,California
Stanislaus,2021-06-09,1753,415885,1237,231993,435,169115,81,14777,587,62568,1162,182897,669,245465,California
Stanislaus,2021-06-10,1356,417241,858,232851,439,169554,59,14836,565,62412,781,183678,625,246090,California
Stanislaus,2021-06-11,1427,418668,838,233689,538,170092,51,14887,539,62135,873,184551,596,246686,California
Stanislaus,2021-06-12,1007,419675,729,234418,255,170347,23,14910,373,61909,627,185178,401,247087,California
Stanislaus,2021-06-13,528,420203,387,234805,135,170482,6,14916,175,61743,350,185528,184,247271,California
Stanislaus,2021-06-14,1232,421435,895,235700,316,170798,21,14937,509,61559,715,186243,531,247802,California
Stanislaus,2021-06-15,1566,423001,1126,236826,397,171195,43,14980,539,61120,1023,187266,584,248386,California
Stanislaus,2021-06-16,1770,424771,1277,238103,427,171622,66,15046,700,60822,1067,188333,769,249155,California
Stanislaus,2021-06-17,1107,425878,700,238803,364,171986,43,15089,514,60793,588,188921,559,249714,California
Stanislaus,2021-06-18,1242,427120,748,239551,416,172402,78,15167,487,60611,749,189670,567,250281,California
Stanislaus,2021-06-19,827,427947,610,240161,172,172574,45,15212,355,60543,468,190138,400,250681,California
Stanislaus,2021-06-20,94,428041,38,240199,52,172626,4,15216,33,60519,61,190199,37,250718,California
Sutter,2020-12-15,1,1,1,1,0,0,0,0,1,1,0,0,1,1,California
Sutter,2020-12-16,4,5,4,5,0,0,0,0,4,5,0,0,4,5,California
Sutter,2020-12-17,3,8,3,8,0,0,0,0,3,8,0,0,3,8,California
Sutter,2020-12-18,21,29,21,29,0,0,0,0,21,29,0,0,21,29,California
Sutter,2020-12-19,45,74,45,74,0,0,0,0,45,74,0,0,45,74,California
Sutter,2020-12-20,43,117,43,117,0,0,0,0,43,117,0,0,43,117,California
Sutter,2020-12-21,100,217,100,217,0,0,0,0,100,217,0,0,100,217,California
Sutter,2020-12-22,171,388,171,388,0,0,0,0,171,388,0,0,171,388,California
Sutter,2020-12-23,116,504,111,499,5,5,0,0,116,504,0,0,116,504,California
Sutter,2020-12-24,17,521,11,510,6,11,0,0,17,521,0,0,17,521,California
Sutter,2020-12-26,38,559,34,544,4,15,0,0,38,559,0,0,38,559,California
Sutter,2020-12-27,24,583,23,567,1,16,0,0,24,583,0,0,24,583,California
Sutter,2020-12-28,84,667,56,623,28,44,0,0,84,667,0,0,84,667,California
Sutter,2020-12-29,103,770,14,637,89,133,0,0,103,770,0,0,103,770,California
Sutter,2020-12-30,137,907,34,671,103,236,0,0,137,907,0,0,137,907,California
Sutter,2020-12-31,68,975,6,677,62,298,0,0,68,975,0,0,68,975,California
Sutter,2021-01-01,3,978,3,680,0,298,0,0,3,978,0,0,3,978,California
Sutter,2021-01-02,131,1109,129,809,2,300,0,0,131,1109,0,0,131,1109,California
Sutter,2021-01-03,1,1110,0,809,1,301,0,0,1,1110,0,0,1,1110,California
Sutter,2021-01-04,245,1355,137,946,108,409,0,0,245,1355,0,0,245,1355,California
Sutter,2021-01-05,99,1454,56,1002,43,452,0,0,96,1448,3,3,96,1451,California
Sutter,2021-01-06,203,1657,50,1052,153,605,0,0,198,1641,5,8,198,1649,California
Sutter,2021-01-07,256,1913,152,1204,104,709,0,0,247,1879,9,17,247,1896,California
Sutter,2021-01-08,150,2063,41,1245,109,818,0,0,132,1993,18,35,132,2028,California
Sutter,2021-01-09,44,2107,43,1288,1,819,0,0,3,1955,41,76,3,2031,California
Sutter,2021-01-10,396,2503,37,1325,359,1178,0,0,358,2276,37,113,358,2389,California
Sutter,2021-01-11,132,2635,116,1441,16,1194,0,0,24,2192,108,221,24,2413,California
Sutter,2021-01-12,200,2835,163,1604,37,1231,0,0,58,2108,142,363,58,2471,California
Sutter,2021-01-13,163,2998,100,1704,63,1294,0,0,72,2090,90,453,72,2543,California
Sutter,2021-01-14,146,3144,51,1755,95,1389,0,0,127,2198,19,472,127,2670,California
Sutter,2021-01-15,438,3582,131,1886,307,1696,0,0,423,2606,15,487,423,3093,California
Sutter,2021-01-16,388,3970,42,1928,346,2042,0,0,358,2934,30,517,358,3451,California
Sutter,2021-01-17,28,3998,25,1953,3,2045,0,0,12,2930,16,533,12,3463,California
Sutter,2021-01-18,120,4118,64,2017,56,2101,0,0,71,2952,49,582,71,3534,California
Sutter,2021-01-19,107,4225,42,2059,65,2166,0,0,83,3011,24,606,83,3617,California
Sutter,2021-01-20,270,4495,208,2267,62,2228,0,0,250,3241,20,626,250,3867,California
Sutter,2021-01-21,493,4988,321,2588,172,2400,0,0,474,3696,19,645,474,4341,California
Sutter,2021-01-22,245,5233,54,2642,191,2591,0,0,235,3922,9,654,235,4576,California
Sutter,2021-01-23,398,5631,39,2681,359,2950,0,0,372,4268,26,680,372,4948,California
Sutter,2021-01-24,16,5647,14,2695,2,2952,0,0,14,4280,2,682,14,4962,California
Sutter,2021-01-25,309,5956,195,2890,114,3066,0,0,153,4279,155,837,154,5116,California
Sutter,2021-01-26,248,6204,106,2996,142,3208,0,0,143,4318,104,941,143,5259,California
Sutter,2021-01-27,388,6592,256,3252,132,3340,0,0,322,4574,66,1007,322,5581,California
Sutter,2021-01-28,585,7177,359,3611,226,3566,0,0,411,4813,172,1179,411,5992,California
Sutter,2021-01-29,365,7542,87,3698,278,3844,0,0,244,4936,121,1300,244,6236,California
Sutter,2021-01-30,784,8326,38,3736,746,4590,0,0,773,5698,11,1311,773,7009,California
Sutter,2021-01-31,27,8353,26,3762,1,4591,0,0,27,5725,0,1311,27,7036,California
Sutter,2021-02-01,170,8523,51,3813,119,4710,0,0,138,5832,31,1342,138,7174,California
Sutter,2021-02-02,241,8764,24,3837,217,4927,0,0,208,6007,33,1375,208,7382,California
Sutter,2021-02-03,446,9210,39,3876,407,5334,0,0,212,5986,233,1608,212,7594,California
Sutter,2021-02-04,679,9889,365,4241,314,5648,0,0,625,6557,54,1662,625,8219,California
Sutter,2021-02-05,291,10180,32,4273,259,5907,0,0,140,6546,151,1813,140,8359,California
Sutter,2021-02-06,742,10922,30,4303,712,6619,0,0,722,7248,20,1833,722,9081,California
Sutter,2021-02-07,23,10945,19,4322,4,6623,0,0,18,7261,5,1838,18,9099,California
Sutter,2021-02-08,132,11077,29,4351,103,6726,0,0,99,7327,33,1871,99,9198,California
Sutter,2021-02-09,246,11323,45,4396,201,6927,0,0,184,7449,62,1933,184,9382,California
Sutter,2021-02-10,822,12145,383,4779,439,7366,0,0,179,6986,642,2575,179,9561,California
Sutter,2021-02-11,603,12748,270,5049,333,7699,0,0,344,7071,259,2834,344,9905,California
Sutter,2021-02-12,643,13391,69,5118,574,8273,0,0,316,7061,326,3160,316,10221,California
Sutter,2021-02-13,908,14299,48,5166,860,9133,0,0,792,7737,116,3276,792,11013,California
Sutter,2021-02-14,98,14397,26,5192,72,9205,0,0,86,7811,12,3288,86,11099,California
Sutter,2021-02-15,203,14600,72,5264,131,9336,0,0,123,7854,80,3368,123,11222,California
Sutter,2021-02-16,291,14891,45,5309,246,9582,0,0,207,7978,83,3451,207,11429,California
Sutter,2021-02-17,826,15717,430,5739,396,9978,0,0,131,7415,694,4145,131,11560,California
Sutter,2021-02-18,711,16428,59,5798,652,10630,0,0,496,7697,214,4359,496,12056,California
Sutter,2021-02-19,668,17096,379,6177,289,10919,0,0,463,7957,203,4562,463,12519,California
Sutter,2021-02-20,621,17717,56,6233,565,11484,0,0,518,8373,102,4664,518,13037,California
Sutter,2021-02-21,29,17746,26,6259,3,11487,0,0,9,8362,20,4684,9,13046,California
Sutter,2021-02-22,209,17955,122,6381,87,11574,0,0,88,8329,121,4805,88,13134,California
Sutter,2021-02-23,221,18176,31,6412,190,11764,0,0,96,8301,124,4929,96,13230,California
Sutter,2021-02-24,976,19152,348,6760,628,12392,0,0,198,7722,777,5706,198,13428,California
Sutter,2021-02-25,790,19942,501,7261,289,12681,0,0,605,8145,182,5888,605,14033,California
Sutter,2021-02-26,380,20322,61,7322,319,13000,0,0,157,8081,221,6109,157,14190,California
Sutter,2021-02-27,879,21201,48,7370,831,13831,0,0,714,8630,165,6274,714,14904,California
Sutter,2021-02-28,87,21288,43,7413,44,13875,0,0,68,8680,18,6292,68,14972,California
Sutter,2021-03-01,250,21538,61,7474,189,14064,0,0,153,8736,97,6389,153,15125,California
Sutter,2021-03-02,339,21877,60,7534,279,14343,0,0,163,8725,174,6563,163,15288,California
Sutter,2021-03-03,1406,23283,532,8066,874,15217,0,0,661,8647,739,7302,661,15949,California
Sutter,2021-03-04,1261,24544,864,8930,397,15614,0,0,948,9286,309,7611,948,16897,California
Sutter,2021-03-05,343,24887,82,9012,260,15874,1,1,210,9364,133,7744,211,17108,California
Sutter,2021-03-06,1031,25918,49,9061,977,16851,5,6,862,10062,169,7913,867,17975,California
Sutter,2021-03-07,64,25982,22,9083,41,16892,1,7,42,10083,22,7935,43,18018,California
Sutter,2021-03-08,228,26210,79,9162,137,17029,12,19,159,10185,69,8004,171,18189,California
Sutter,2021-03-09,393,26603,142,9304,238,17267,13,32,190,10185,203,8207,203,18392,California
Sutter,2021-03-10,1585,28188,685,9989,837,18104,63,95,528,9723,1053,9260,591,18983,California
Sutter,2021-03-11,895,29083,443,10432,435,18539,17,112,647,10142,245,9505,664,19647,California
Sutter,2021-03-12,684,29767,111,10543,391,18930,182,294,200,10041,481,9986,380,20027,California
Sutter,2021-03-13,1001,30768,755,11298,228,19158,18,312,787,10633,212,10198,804,20831,California
Sutter,2021-03-14,138,30906,22,11320,105,19263,11,323,46,10598,92,10290,57,20888,California
Sutter,2021-03-15,330,31236,68,11388,213,19476,49,372,156,10631,172,10462,205,21093,California
Sutter,2021-03-16,394,31630,84,11472,263,19739,47,419,214,10711,180,10642,260,21353,California
Sutter,2021-03-17,1502,33132,563,12035,917,20656,22,441,315,9869,1178,11820,336,21689,California
Sutter,2021-03-18,973,34105,176,12211,596,21252,201,642,569,10237,400,12220,768,22457,California
Sutter,2021-03-19,461,34566,163,12374,269,21521,29,671,282,10371,177,12397,311,22768,California
Sutter,2021-03-20,950,35516,118,12492,821,22342,11,682,859,11151,90,12487,870,23638,California
Sutter,2021-03-21,71,35587,49,12541,19,22361,3,685,32,11147,39,12526,35,23673,California
Sutter,2021-03-22,288,35875,118,12659,143,22504,27,712,210,11307,77,12603,237,23910,California
Sutter,2021-03-23,375,36250,115,12774,227,22731,33,745,253,11471,121,12724,285,24195,California
Sutter,2021-03-24,1690,37940,771,13545,849,23580,70,815,316,10499,1359,14083,387,24582,California
Sutter,2021-03-25,1051,38991,684,14229,323,23903,44,859,372,10239,676,14759,416,24998,California
Sutter,2021-03-26,500,39491,179,14408,305,24208,16,875,294,10346,203,14962,310,25308,California
Sutter,2021-03-27,927,40418,62,14470,863,25071,2,877,817,11059,106,15068,819,26127,California
Sutter,2021-03-28,123,40541,70,14540,53,25124,0,877,77,11092,44,15112,77,26204,California
Sutter,2021-03-29,424,40965,141,14681,227,25351,56,933,221,11168,201,15313,277,26481,California
Sutter,2021-03-30,479,41444,161,14842,308,25659,10,943,317,11333,162,15475,327,26808,California
Sutter,2021-03-31,1260,42704,180,15022,1065,26724,15,958,443,10986,804,16279,457,27265,California
Sutter,2021-04-01,1388,44092,741,15763,459,27183,188,1146,429,10652,950,17229,616,27881,California
Sutter,2021-04-02,519,44611,102,15865,299,27482,118,1264,205,10659,312,17541,319,28200,California
Sutter,2021-04-03,919,45530,79,15944,212,27694,628,1892,124,10619,791,18332,751,28951,California
Sutter,2021-04-04,117,45647,22,15966,89,27783,6,1898,54,10616,63,18395,60,29011,California
Sutter,2021-04-05,370,46017,145,16111,189,27972,36,1934,177,10639,190,18585,213,29224,California
Sutter,2021-04-06,515,46532,200,16311,259,28231,56,1990,275,10732,238,18823,331,29555,California
Sutter,2021-04-07,1486,48018,887,17198,523,28754,76,2066,611,10553,866,19689,687,30242,California
Sutter,2021-04-08,1055,49073,582,17780,358,29112,115,2181,581,10776,470,20159,693,30935,California
Sutter,2021-04-09,573,49646,248,18028,260,29372,65,2246,241,10754,328,20487,306,31241,California
Sutter,2021-04-10,839,50485,111,18139,97,29469,631,2877,116,10774,719,21206,739,31980,California
Sutter,2021-04-11,119,50604,32,18171,41,29510,46,2923,38,10776,81,21287,83,32063,California
Sutter,2021-04-12,345,50949,93,18264,199,29709,53,2976,140,10766,203,21490,193,32256,California
Sutter,2021-04-13,436,51385,127,18391,309,30018,0,2976,215,10762,219,21709,215,32471,California
Sutter,2021-04-14,1330,52715,160,18551,1169,31187,1,2977,227,9894,1096,22805,228,32699,California
Sutter,2021-04-15,539,53254,172,18723,367,31554,0,2977,215,9788,321,23126,215,32914,California
Sutter,2021-04-16,406,53660,127,18850,279,31833,0,2977,191,9766,214,23340,192,33106,California
Sutter,2021-04-17,580,54240,84,18934,496,32329,0,2977,510,10207,69,23409,510,33616,California
Sutter,2021-04-18,72,54312,12,18946,60,32389,0,2977,44,10225,26,23435,44,33660,California
Sutter,2021-04-19,291,54603,109,19055,182,32571,0,2977,121,10178,168,23603,121,33781,California
Sutter,2021-04-20,412,55015,134,19189,278,32849,0,2977,204,10174,208,23811,204,33985,California
Sutter,2021-04-21,1244,56259,426,19615,818,33667,0,2977,482,9905,752,24563,483,34468,California
Sutter,2021-04-22,503,56762,163,19778,340,34007,0,2977,256,9916,245,24808,256,34724,California
Sutter,2021-04-23,400,57162,117,19895,283,34290,0,2977,187,9892,211,25019,187,34911,California
Sutter,2021-04-24,331,57493,108,20003,222,34512,1,2978,189,9940,141,25160,189,35100,California
Sutter,2021-04-25,158,57651,76,20079,82,34594,0,2978,87,9958,69,25229,87,35187,California
Sutter,2021-04-26,305,57956,89,20168,214,34808,2,2980,133,9923,170,25399,135,35322,California
Sutter,2021-04-27,539,58495,265,20433,270,35078,4,2984,251,9894,284,25683,255,35577,California
Sutter,2021-04-28,814,59309,341,20774,465,35543,8,2992,255,9603,554,26237,263,35840,California
Sutter,2021-04-29,777,60086,138,20912,638,36181,1,2993,311,9453,462,26699,312,36152,California
Sutter,2021-04-30,362,60448,110,21022,239,36420,13,3006,146,9398,213,26912,158,36310,California
Sutter,2021-05-01,298,60746,107,21129,151,36571,40,3046,129,9401,166,27078,169,36479,California
Sutter,2021-05-02,82,60828,54,21183,26,36597,2,3048,46,9413,36,27114,48,36527,California
Sutter,2021-05-03,221,61049,110,21293,100,36697,11,3059,89,9381,132,27246,100,36627,California
Sutter,2021-05-04,542,61591,238,21531,240,36937,64,3123,226,9357,313,27559,289,36916,California
Sutter,2021-05-05,535,62126,143,21674,384,37321,8,3131,156,9148,373,27932,164,37080,California
Sutter,2021-05-06,427,62553,229,21903,180,37501,18,3149,192,9123,234,28166,209,37289,California
Sutter,2021-05-07,414,62967,144,22047,249,37750,21,3170,153,9039,258,28424,174,37463,California
Sutter,2021-05-08,197,63164,50,22097,142,37892,5,3175,106,9059,91,28515,111,37574,California
Sutter,2021-05-09,81,63245,53,22150,23,37915,5,3180,55,9093,26,28541,60,37634,California
Sutter,2021-05-10,191,63436,43,22193,130,38045,18,3198,49,9020,140,28681,67,37701,California
Sutter,2021-05-11,450,63886,219,22412,210,38255,21,3219,185,8964,260,28941,204,37905,California
Sutter,2021-05-12,443,64329,242,22654,190,38445,11,3230,161,8859,277,29218,172,38077,California
Sutter,2021-05-13,488,64817,263,22917,203,38648,22,3252,201,8797,285,29503,223,38300,California
Sutter,2021-05-14,440,65257,188,23105,236,38884,16,3268,215,8808,220,29723,231,38531,California
Sutter,2021-05-15,843,66100,308,23413,504,39388,31,3299,306,8609,536,30259,337,38868,California
Sutter,2021-05-16,141,66241,83,23496,50,39438,8,3307,75,8627,65,30324,83,38951,California
Sutter,2021-05-17,293,66534,116,23612,163,39601,14,3321,155,8659,137,30461,169,39120,California
Sutter,2021-05-18,546,67080,314,23926,227,39828,5,3326,299,8719,244,30705,304,39424,California
Sutter,2021-05-19,465,67545,267,24193,191,40019,7,3333,246,8756,216,30921,253,39677,California
Sutter,2021-05-20,461,68006,241,24434,208,40227,12,3345,227,8764,231,31152,239,39916,California
Sutter,2021-05-21,494,68500,222,24656,260,40487,12,3357,237,8758,254,31406,248,40164,California
Sutter,2021-05-22,368,68868,202,24858,163,40650,3,3360,185,8767,178,31584,187,40351,California
Sutter,2021-05-23,181,69049,85,24943,87,40737,9,3369,92,8785,83,31667,101,40452,California
Sutter,2021-05-24,239,69288,87,25030,129,40866,23,3392,99,8769,138,31805,122,40574,California
Sutter,2021-05-25,402,69690,197,25227,192,41058,13,3405,167,8718,230,32035,179,40753,California
Sutter,2021-05-26,318,70008,156,25383,153,41211,9,3414,118,8649,196,32231,127,40880,California
Sutter,2021-05-27,434,70442,115,25498,299,41510,20,3434,125,8489,305,32536,145,41025,California
Sutter,2021-05-28,339,70781,164,25662,158,41668,17,3451,179,8530,155,32691,196,41221,California
Sutter,2021-05-29,252,71033,118,25780,119,41787,15,3466,139,8575,109,32800,154,41375,California
Sutter,2021-05-30,85,71118,61,25841,21,41808,3,3469,50,8594,34,32834,53,41428,California
Sutter,2021-05-31,19,71137,2,25843,13,41821,4,3473,5,8589,14,32848,9,41437,California
Sutter,2021-06-01,309,71446,133,25976,168,41989,8,3481,127,8543,181,33029,135,41572,California
Sutter,2021-06-02,282,71728,120,26096,156,42145,6,3487,111,8494,166,33195,117,41689,California
Sutter,2021-06-03,339,72067,225,26321,105,42250,9,3496,117,8404,216,33411,126,41815,California
Sutter,2021-06-04,339,72406,197,26518,135,42385,7,3503,120,8316,215,33626,127,41942,California
Sutter,2021-06-05,436,72842,366,26884,66,42451,4,3507,155,8199,276,33902,159,42101,California
Sutter,2021-06-06,137,72979,118,27002,16,42467,3,3510,57,8181,78,33980,60,42161,California
Sutter,2021-06-07,161,73140,104,27106,48,42515,9,3519,56,8142,104,34084,65,42226,California
Sutter,2021-06-08,368,73508,207,27313,148,42663,13,3532,159,8107,207,34291,172,42398,California
Sutter,2021-06-09,366,73874,234,27547,127,42790,5,3537,128,8004,236,34527,133,42531,California
Sutter,2021-06-10,381,74255,276,27823,96,42886,9,3546,150,7935,228,34755,159,42690,California
Sutter,2021-06-11,339,74594,218,28041,115,43001,6,3552,115,7835,220,34975,120,42810,California
Sutter,2021-06-12,238,74832,168,28209,55,43056,15,3567,67,7746,171,35146,82,42892,California
Sutter,2021-06-13,83,74915,65,28274,17,43073,1,3568,24,7713,58,35204,25,42917,California
Sutter,2021-06-14,189,75104,111,28385,68,43141,10,3578,75,7686,112,35316,85,43002,California
Sutter,2021-06-15,284,75388,152,28537,119,43260,13,3591,104,7625,178,35494,117,43119,California
Sutter,2021-06-16,219,75607,141,28678,69,43329,9,3600,105,7625,114,35608,114,43233,California
Sutter,2021-06-17,277,75884,170,28848,101,43430,6,3606,120,7595,156,35764,126,43359,California
Sutter,2021-06-18,264,76148,170,29018,81,43511,13,3619,93,7535,166,35930,106,43465,California
Sutter,2021-06-19,194,76342,136,29154,54,43565,4,3623,55,7457,137,36067,59,43524,California
Sutter,2021-06-20,15,76357,8,29162,7,43572,0,3623,7,7456,8,36075,7,43531,California
Tehama,2020-12-16,4,4,4,4,0,0,0,0,4,4,0,0,4,4,California
Tehama,2020-12-17,21,25,21,25,0,0,0,0,21,25,0,0,21,25,California
Tehama,2020-12-18,5,30,5,30,0,0,0,0,6,31,0,0,6,31,California
Tehama,2020-12-21,44,74,44,74,0,0,0,0,44,75,0,0,44,75,California
Tehama,2020-12-22,79,153,73,147,6,6,0,0,79,154,0,0,79,154,California
Tehama,2020-12-23,55,208,47,194,8,14,0,0,55,209,0,0,55,209,California
Tehama,2020-12-24,5,213,3,197,2,16,0,0,5,214,0,0,5,214,California
Tehama,2020-12-26,4,217,3,200,1,17,0,0,4,218,0,0,4,218,California
Tehama,2020-12-27,2,219,2,202,0,17,0,0,2,220,0,0,2,220,California
Tehama,2020-12-28,59,278,46,248,13,30,0,0,59,279,0,0,59,279,California
Tehama,2020-12-29,41,319,41,289,0,30,0,0,41,320,0,0,41,320,California
Tehama,2020-12-30,62,381,44,333,18,48,0,0,61,381,0,0,61,381,California
Tehama,2020-12-31,14,395,4,337,10,58,0,0,14,395,0,0,14,395,California
Tehama,2021-01-01,2,397,0,337,2,60,0,0,2,397,0,0,2,397,California
Tehama,2021-01-04,47,444,16,353,31,91,0,0,47,444,0,0,47,444,California
Tehama,2021-01-05,75,519,46,399,29,120,0,0,70,509,5,5,70,514,California
Tehama,2021-01-06,87,606,34,433,53,173,0,0,71,566,14,19,71,585,California
Tehama,2021-01-07,61,667,7,440,54,227,0,0,60,625,1,20,60,645,California
Tehama,2021-01-08,42,709,31,471,11,238,0,0,34,651,8,28,34,679,California
Tehama,2021-01-09,7,716,5,476,2,240,0,0,6,656,1,29,6,685,California
Tehama,2021-01-10,1,717,0,476,1,241,0,0,1,657,0,29,1,686,California
Tehama,2021-01-11,61,778,53,529,8,249,0,0,22,640,39,68,22,708,California
Tehama,2021-01-12,150,928,130,659,20,269,0,0,93,676,57,125,93,801,California
Tehama,2021-01-13,87,1015,62,721,25,294,0,0,35,659,52,177,35,836,California
Tehama,2021-01-14,243,1258,51,772,192,486,0,0,241,898,2,179,241,1077,California
Tehama,2021-01-15,291,1549,76,848,215,701,0,0,287,1181,4,183,287,1364,California
Tehama,2021-01-16,275,1824,20,868,255,956,0,0,272,1450,3,186,272,1636,California
Tehama,2021-01-17,6,1830,2,870,4,960,0,0,4,1452,2,188,4,1640,California
Tehama,2021-01-18,14,1844,7,877,7,967,0,0,8,1454,6,194,8,1648,California
Tehama,2021-01-19,311,2155,77,954,234,1201,0,0,248,1639,63,257,248,1896,California
Tehama,2021-01-20,343,2498,104,1058,239,1440,0,0,286,1869,56,313,286,2182,California
Tehama,2021-01-21,246,2744,19,1077,227,1667,0,0,231,2085,15,328,231,2413,California
Tehama,2021-01-22,247,2991,22,1099,225,1892,0,0,244,2326,3,331,244,2657,California
Tehama,2021-01-23,270,3261,7,1106,263,2155,0,0,269,2594,1,332,269,2926,California
Tehama,2021-01-24,3,3264,1,1107,2,2157,0,0,3,2597,0,332,3,2929,California
Tehama,2021-01-25,47,3311,21,1128,26,2183,0,0,23,2596,24,356,23,2952,California
Tehama,2021-01-26,359,3670,46,1174,313,2496,0,0,321,2879,38,394,321,3273,California
Tehama,2021-01-27,343,4013,24,1198,319,2815,0,0,320,3176,23,417,320,3593,California
Tehama,2021-01-28,375,4388,42,1240,333,3148,0,0,353,3507,22,439,353,3946,California
Tehama,2021-01-29,358,4746,25,1265,333,3481,0,0,338,3825,20,459,338,4284,California
Tehama,2021-01-30,114,4860,2,1267,112,3593,0,0,113,3937,1,460,113,4397,California
Tehama,2021-01-31,1,4861,0,1267,1,3594,0,0,1,3938,0,460,1,4398,California
Tehama,2021-02-01,86,4947,22,1289,64,3658,0,0,38,3928,48,508,38,4436,California
Tehama,2021-02-02,376,5323,72,1361,304,3962,0,0,277,4106,99,607,277,4713,California
Tehama,2021-02-03,441,5764,16,1377,425,4387,0,0,387,4439,54,661,387,5100,California
Tehama,2021-02-04,539,6303,106,1483,433,4820,0,0,452,4805,87,748,453,5553,California
Tehama,2021-02-05,202,6505,75,1558,127,4947,0,0,137,4877,65,813,137,5690,California
Tehama,2021-02-06,44,6549,16,1574,28,4975,0,0,32,4897,12,825,32,5722,California
Tehama,2021-02-07,5,6554,4,1578,1,4976,0,0,2,4896,3,828,2,5724,California
Tehama,2021-02-08,49,6603,14,1592,35,5011,0,0,33,4913,16,844,33,5757,California
Tehama,2021-02-09,98,6701,49,1641,49,5060,0,0,55,4925,43,887,55,5812,California
Tehama,2021-02-10,262,6963,73,1714,189,5249,0,0,168,4999,94,981,168,5980,California
Tehama,2021-02-11,245,7208,18,1732,227,5476,0,0,93,4942,150,1131,93,6073,California
Tehama,2021-02-12,419,7627,81,1813,338,5814,0,0,194,4911,225,1356,194,6267,California
Tehama,2021-02-13,410,8037,18,1831,392,6206,0,0,158,4817,252,1608,158,6425,California
Tehama,2021-02-14,38,8075,2,1833,36,6242,0,0,35,4849,3,1611,35,6460,California
Tehama,2021-02-15,62,8137,10,1843,52,6294,0,0,54,4895,8,1619,54,6514,California
Tehama,2021-02-16,261,8398,22,1865,239,6533,0,0,71,4776,190,1809,71,6585,California
Tehama,2021-02-17,326,8724,21,1886,305,6838,0,0,65,4580,261,2070,65,6650,California
Tehama,2021-02-18,393,9117,37,1923,356,7194,0,0,149,4485,244,2314,149,6799,California
Tehama,2021-02-19,241,9358,29,1952,212,7406,0,0,50,4344,191,2505,50,6849,California
Tehama,2021-02-20,289,9647,8,1960,281,7687,0,0,33,4121,256,2761,33,6882,California
Tehama,2021-02-21,4,9651,1,1961,3,7690,0,0,2,4121,2,2763,2,6884,California
Tehama,2021-02-22,49,9700,17,1978,32,7722,0,0,29,4130,20,2783,29,6913,California
Tehama,2021-02-23,60,9760,24,2002,36,7758,0,0,29,4128,31,2814,29,6942,California
Tehama,2021-02-24,351,10111,28,2030,323,8081,0,0,39,3855,312,3126,39,6981,California
Tehama,2021-02-25,404,10515,60,2090,344,8425,0,0,42,3536,361,3487,42,7023,California
Tehama,2021-02-26,503,11018,21,2111,482,8907,0,0,79,3191,424,3911,79,7102,California
Tehama,2021-02-27,331,11349,6,2117,325,9232,0,0,38,2937,292,4203,38,7140,California
Tehama,2021-02-28,22,11371,2,2119,20,9252,0,0,19,2953,3,4206,19,7159,California
Tehama,2021-03-01,67,11438,7,2126,60,9312,0,0,32,2950,35,4241,32,7191,California
Tehama,2021-03-02,167,11605,22,2148,145,9457,0,0,37,2858,129,4370,37,7228,California
Tehama,2021-03-03,171,11776,33,2181,138,9595,0,0,55,2797,116,4486,55,7283,California
Tehama,2021-03-04,729,12505,64,2245,665,10260,0,0,257,2589,465,4951,257,7540,California
Tehama,2021-03-05,441,12946,25,2270,416,10676,0,0,227,2603,213,5164,227,7767,California
Tehama,2021-03-06,344,13290,19,2289,323,10999,2,2,89,2441,254,5418,92,7859,California
Tehama,2021-03-07,6,13296,1,2290,5,11004,0,2,4,2444,1,5419,4,7863,California
Tehama,2021-03-08,68,13364,11,2301,41,11045,16,18,27,2447,40,5459,43,7906,California
Tehama,2021-03-09,408,13772,17,2318,368,11413,23,41,346,2754,62,5521,369,8275,California
Tehama,2021-03-10,378,14150,23,2341,332,11745,23,64,76,2552,301,5822,99,8374,California
Tehama,2021-03-11,552,14702,27,2368,463,12208,62,126,386,2834,166,5988,448,8822,California
Tehama,2021-03-12,344,15046,28,2396,243,12451,73,199,197,2957,147,6135,270,9092,California
Tehama,2021-03-13,58,15104,10,2406,39,12490,9,208,9,2926,49,6184,18,9110,California
Tehama,2021-03-14,63,15167,2,2408,52,12542,9,217,21,2914,42,6226,30,9140,California
Tehama,2021-03-15,172,15339,23,2431,122,12664,27,244,87,2943,85,6311,114,9254,California
Tehama,2021-03-16,449,15788,19,2450,392,13056,38,282,341,3215,107,6418,379,9633,California
Tehama,2021-03-17,471,16259,33,2483,407,13463,31,313,382,3541,87,6505,413,10046,California
Tehama,2021-03-18,534,16793,38,2521,470,13933,26,339,350,3735,182,6687,376,10422,California
Tehama,2021-03-19,347,17140,26,2547,308,14241,13,352,304,4009,43,6730,317,10739,California
Tehama,2021-03-20,57,17197,16,2563,36,14277,5,357,39,4035,18,6748,44,10783,California
Tehama,2021-03-21,12,17209,5,2568,7,14284,0,357,12,4047,0,6748,12,10795,California
Tehama,2021-03-22,105,17314,10,2578,78,14362,17,374,60,4079,45,6793,77,10872,California
Tehama,2021-03-23,104,17418,35,2613,62,14424,7,381,76,4134,28,6821,83,10955,California
Tehama,2021-03-24,97,17515,16,2629,78,14502,3,384,61,4162,36,6857,64,11019,California
Tehama,2021-03-25,568,18083,397,3026,158,14660,13,397,518,4645,48,6905,531,11550,California
Tehama,2021-03-26,577,18660,453,3479,111,14771,13,410,488,5060,86,6991,501,12051,California
Tehama,2021-03-27,523,19183,406,3885,81,14852,36,446,441,5456,81,7072,477,12528,California
Tehama,2021-03-28,41,19224,16,3901,25,14877,0,446,25,5465,16,7088,25,12553,California
Tehama,2021-03-29,130,19354,30,3931,98,14975,2,448,82,5501,47,7135,83,12636,California
Tehama,2021-03-30,428,19782,253,4184,173,15148,2,450,284,5643,144,7279,286,12922,California
Tehama,2021-03-31,424,20206,317,4501,104,15252,3,453,342,5906,81,7360,344,13266,California
Tehama,2021-04-01,565,20771,272,4773,287,15539,6,459,422,6192,142,7502,428,13694,California
Tehama,2021-04-02,497,21268,239,5012,249,15788,9,468,301,6305,196,7698,309,14003,California
Tehama,2021-04-03,77,21345,10,5022,59,15847,8,476,39,6314,38,7736,47,14050,California
Tehama,2021-04-04,41,21386,9,5031,29,15876,3,479,27,6330,14,7750,30,14080,California
Tehama,2021-04-05,130,21516,22,5053,74,15950,34,513,65,6364,65,7815,99,14179,California
Tehama,2021-04-06,550,22066,120,5173,369,16319,61,574,149,6173,401,8216,210,14389,California
Tehama,2021-04-07,457,22523,309,5482,95,16414,53,627,328,6424,128,8344,379,14768,California
Tehama,2021-04-08,662,23185,196,5678,424,16838,42,669,249,6303,412,8756,291,15059,California
Tehama,2021-04-09,489,23674,229,5907,220,17058,40,709,248,6351,240,8996,288,15347,California
Tehama,2021-04-10,102,23776,26,5933,42,17100,34,743,52,6387,50,9046,86,15433,California
Tehama,2021-04-11,47,23823,10,5943,26,17126,11,754,11,6373,36,9082,22,15455,California
Tehama,2021-04-12,120,23943,6,5949,91,17217,23,777,43,6362,77,9159,66,15521,California
Tehama,2021-04-13,424,24367,76,6025,348,17565,0,777,70,6078,354,9513,70,15591,California
Tehama,2021-04-14,433,24800,56,6081,377,17942,0,777,50,5747,381,9894,50,15641,California
Tehama,2021-04-15,558,25358,208,6289,350,18292,0,777,84,5358,474,10368,85,15726,California
Tehama,2021-04-16,680,26038,396,6685,284,18576,0,777,92,4862,588,10956,92,15818,California
Tehama,2021-04-17,391,26429,299,6984,92,18668,0,777,55,4583,335,11291,56,15874,California
Tehama,2021-04-18,21,26450,7,6991,14,18682,0,777,14,4590,7,11298,14,15888,California
Tehama,2021-04-19,109,26559,7,6998,102,18784,0,777,47,4575,62,11360,47,15935,California
Tehama,2021-04-20,585,27144,485,7483,100,18884,0,777,170,4335,412,11772,172,16107,California
Tehama,2021-04-21,538,27682,457,7940,81,18965,0,777,174,4147,362,12134,174,16281,California
Tehama,2021-04-22,555,28237,390,8330,165,19130,0,777,155,3905,397,12531,155,16436,California
Tehama,2021-04-23,487,28724,375,8705,112,19242,0,777,212,3844,274,12805,213,16649,California
Tehama,2021-04-24,116,28840,23,8728,93,19335,0,777,27,3782,89,12894,27,16676,California
Tehama,2021-04-25,31,28871,20,8748,11,19346,0,777,10,3771,21,12915,10,16686,California
Tehama,2021-04-26,94,28965,12,8760,82,19428,0,777,53,3783,41,12956,53,16739,California
Tehama,2021-04-27,278,29243,221,8981,54,19482,3,780,105,3718,173,13129,108,16847,California
Tehama,2021-04-28,426,29669,346,9327,60,19542,20,800,72,3456,353,13482,91,16938,California
Tehama,2021-04-29,396,30065,188,9515,200,19742,8,808,76,3221,319,13801,84,17022,California
Tehama,2021-04-30,379,30444,283,9798,89,19831,7,815,132,3113,247,14048,139,17161,California
Tehama,2021-05-01,79,30523,4,9802,68,19899,7,822,15,3071,64,14112,22,17183,California
Tehama,2021-05-02,46,30569,24,9826,10,19909,12,834,26,3089,20,14132,38,17221,California
Tehama,2021-05-03,128,30697,41,9867,76,19985,11,845,66,3104,62,14194,77,17298,California
Tehama,2021-05-04,172,30869,59,9926,104,20089,9,854,72,3085,100,14294,81,17379,California
Tehama,2021-05-05,94,30963,24,9950,59,20148,11,865,41,3084,53,14347,52,17431,California
Tehama,2021-05-06,182,31145,98,10048,66,20214,18,883,112,3144,70,14417,130,17561,California
Tehama,2021-05-07,197,31342,84,10132,101,20315,12,895,55,3071,140,14557,67,17628,California
Tehama,2021-05-08,56,31398,9,10141,45,20360,2,897,16,3049,40,14597,18,17646,California
Tehama,2021-05-09,19,31417,5,10146,14,20374,0,897,9,3048,10,14607,9,17655,California
Tehama,2021-05-10,84,31501,6,10152,69,20443,9,906,39,3051,44,14651,47,17702,California
Tehama,2021-05-11,191,31692,134,10286,41,20484,16,922,33,2942,158,14809,49,17751,California
Tehama,2021-05-12,216,31908,139,10425,67,20551,10,932,49,2835,166,14975,59,17810,California
Tehama,2021-05-13,256,32164,169,10594,76,20627,11,943,115,2821,140,15115,126,17936,California
Tehama,2021-05-14,259,32423,143,10737,95,20722,21,964,64,2712,194,15309,85,18021,California
Tehama,2021-05-15,245,32668,143,10880,61,20783,41,1005,170,2849,74,15383,211,18232,California
Tehama,2021-05-16,28,32696,7,10887,18,20801,3,1008,16,2856,12,15395,19,18251,California
Tehama,2021-05-17,128,32824,35,10922,76,20877,17,1025,62,2870,65,15460,79,18330,California
Tehama,2021-05-18,161,32985,83,11005,62,20939,16,1041,49,2825,110,15570,65,18395,California
Tehama,2021-05-19,137,33122,60,11065,66,21005,11,1052,49,2797,88,15658,60,18455,California
Tehama,2021-05-20,346,33468,253,11318,70,21075,23,1075,243,2961,102,15760,266,18721,California
Tehama,2021-05-21,245,33713,115,11433,117,21192,13,1088,83,2898,159,15919,96,18817,California
Tehama,2021-05-22,69,33782,35,11468,30,21222,4,1092,41,2915,28,15947,45,18862,California
Tehama,2021-05-23,51,33833,24,11492,15,21237,12,1104,14,2904,37,15984,26,18888,California
Tehama,2021-05-24,104,33937,30,11522,65,21302,9,1113,32,2873,72,16056,41,18929,California
Tehama,2021-05-25,82,34019,21,11543,53,21355,8,1121,47,2893,34,16090,54,18983,California
Tehama,2021-05-26,82,34101,32,11575,47,21402,3,1124,54,2923,27,16117,57,19040,California
Tehama,2021-05-27,166,34267,101,11676,61,21463,4,1128,55,2873,109,16226,59,19099,California
Tehama,2021-05-28,146,34413,39,11715,98,21561,9,1137,69,2875,76,16302,78,19177,California
Tehama,2021-05-29,55,34468,9,11724,41,21602,5,1142,36,2897,19,16321,41,19218,California
Tehama,2021-05-30,16,34484,5,11729,10,21612,1,1143,8,2898,8,16329,9,19227,California
Tehama,2021-05-31,18,34502,2,11731,15,21627,1,1144,5,2891,13,16342,6,19233,California
Tehama,2021-06-01,105,34607,20,11751,65,21692,20,1164,35,2876,70,16412,55,19288,California
Tehama,2021-06-02,94,34701,32,11783,57,21749,5,1169,39,2865,55,16467,44,19332,California
Tehama,2021-06-03,144,34845,103,11886,29,21778,12,1181,32,2797,112,16579,44,19376,California
Tehama,2021-06-04,154,34999,39,11925,99,21877,16,1197,65,2788,88,16667,79,19455,California
Tehama,2021-06-05,162,35161,135,12060,23,21900,4,1201,30,2691,131,16798,34,19489,California
Tehama,2021-06-06,19,35180,9,12069,2,21902,8,1209,4,2688,15,16813,12,19501,California
Tehama,2021-06-07,75,35255,29,12098,44,21946,2,1211,21,2657,54,16867,23,19524,California
Tehama,2021-06-08,108,35363,34,12132,64,22010,10,1221,45,2651,61,16928,55,19579,California
Tehama,2021-06-09,94,35457,48,12180,43,22053,3,1224,45,2650,49,16977,48,19627,California
Tehama,2021-06-10,274,35731,223,12403,41,22094,10,1234,39,2465,234,17211,49,19676,California
Tehama,2021-06-11,150,35881,69,12472,73,22167,8,1242,57,2440,90,17301,65,19741,California
Tehama,2021-06-12,64,35945,40,12512,24,22191,0,1242,25,2426,39,17340,25,19766,California
Tehama,2021-06-13,22,35967,6,12518,10,22201,6,1248,5,2420,17,17357,11,19777,California
Tehama,2021-06-14,95,36062,21,12539,70,22271,4,1252,31,2391,64,17421,35,19812,California
Tehama,2021-06-15,93,36155,42,12581,40,22311,11,1263,37,2384,55,17476,48,19860,California
Tehama,2021-06-16,94,36249,63,12644,28,22339,3,1266,48,2389,46,17522,51,19911,California
Tehama,2021-06-17,144,36393,101,12745,26,22365,17,1283,80,2423,62,17584,96,20007,California
Tehama,2021-06-18,103,36496,44,12789,47,22412,12,1295,37,2406,66,17650,49,20056,California
Tehama,2021-06-19,33,36529,13,12802,18,22430,2,1297,13,2401,20,17670,15,20071,California
Tehama,2021-06-20,9,36538,1,12803,7,22437,1,1298,2,2397,7,17677,3,20074,California
Trinity,2020-12-17,4,4,4,4,0,0,0,0,4,4,0,0,4,4,California
Trinity,2020-12-18,2,6,2,6,0,0,0,0,2,6,0,0,2,6,California
Trinity,2020-12-21,39,45,39,45,0,0,0,0,39,45,0,0,39,45,California
Trinity,2020-12-22,4,49,4,49,0,0,0,0,4,49,0,0,4,49,California
Trinity,2020-12-23,6,55,5,54,1,1,0,0,6,55,0,0,6,55,California
Trinity,2020-12-28,31,86,31,85,0,1,0,0,31,86,0,0,31,86,California
Trinity,2020-12-29,8,94,7,92,1,2,0,0,8,94,0,0,8,94,California
Trinity,2020-12-30,10,104,8,100,2,4,0,0,10,104,0,0,10,104,California
Trinity,2020-12-31,2,106,1,101,1,5,0,0,2,106,0,0,2,106,California
Trinity,2021-01-04,28,134,0,101,28,33,0,0,27,133,0,0,27,133,California
Trinity,2021-01-05,2,136,1,102,1,34,0,0,2,135,0,0,2,135,California
Trinity,2021-01-06,24,160,4,106,20,54,0,0,20,151,4,4,20,155,California
Trinity,2021-01-08,49,209,2,108,47,101,0,0,48,197,2,6,48,203,California
Trinity,2021-01-11,41,250,38,146,3,104,0,0,4,164,37,43,4,207,California
Trinity,2021-01-12,10,260,6,152,4,108,0,0,5,164,5,48,5,212,California
Trinity,2021-01-13,7,267,4,156,3,111,0,0,4,165,3,51,4,216,California
Trinity,2021-01-14,4,271,1,157,3,114,0,0,4,169,0,51,4,220,California
Trinity,2021-01-15,5,276,0,157,5,119,0,0,5,174,0,51,5,225,California
Trinity,2021-01-16,2,278,0,157,2,121,0,0,2,176,0,51,2,227,California
Trinity,2021-01-18,31,309,31,188,0,121,0,0,0,145,31,82,0,227,California
Trinity,2021-01-19,35,344,15,203,20,141,0,0,21,152,14,96,21,248,California
Trinity,2021-01-20,20,364,3,206,17,158,0,0,17,166,3,99,17,265,California
Trinity,2021-01-21,17,381,7,213,10,168,0,0,17,183,0,99,17,282,California
Trinity,2021-01-22,5,386,1,214,4,172,0,0,5,188,0,99,5,287,California
Trinity,2021-01-23,7,393,3,217,4,176,0,0,7,195,0,99,7,294,California
Trinity,2021-01-25,14,407,1,218,13,189,0,0,13,207,1,100,13,307,California
Trinity,2021-01-26,10,417,1,219,9,198,0,0,9,215,1,101,9,316,California
Trinity,2021-01-27,12,429,0,219,12,210,0,0,12,227,0,101,12,328,California
Trinity,2021-01-28,13,442,3,222,10,220,0,0,10,234,3,104,10,338,California
Trinity,2021-01-29,2,444,0,222,2,222,0,0,1,234,1,105,1,339,California
Trinity,2021-01-30,12,456,11,233,1,223,0,0,12,246,0,105,12,351,California
Trinity,2021-02-01,2,458,1,234,1,224,0,0,1,246,1,106,1,352,California
Trinity,2021-02-02,15,473,3,237,12,236,0,0,14,259,1,107,14,366,California
Trinity,2021-02-03,6,479,1,238,5,241,0,0,4,261,2,109,4,370,California
Trinity,2021-02-04,41,520,32,270,9,250,0,0,34,288,7,116,34,404,California
Trinity,2021-02-05,351,871,0,270,351,601,0,0,320,577,31,147,320,724,California
Trinity,2021-02-06,211,1082,5,275,206,807,0,0,204,774,7,154,204,928,California
Trinity,2021-02-07,1,1083,0,275,1,808,0,0,1,775,0,154,1,929,California
Trinity,2021-02-08,28,1111,1,276,27,835,0,0,16,779,12,166,16,945,California
Trinity,2021-02-09,27,1138,2,278,25,860,0,0,10,772,17,183,10,955,California
Trinity,2021-02-10,122,1260,10,288,112,972,0,0,102,854,20,203,102,1057,California
Trinity,2021-02-11,338,1598,2,290,336,1308,0,0,331,1178,7,210,331,1388,California
Trinity,2021-02-12,19,1617,10,300,9,1317,0,0,14,1187,5,215,14,1402,California
Trinity,2021-02-13,11,1628,6,306,5,1322,0,0,6,1188,5,220,6,1408,California
Trinity,2021-02-14,2,1630,2,308,0,1322,0,0,2,1190,0,220,2,1410,California
Trinity,2021-02-15,47,1677,0,308,47,1369,0,0,47,1237,0,220,47,1457,California
Trinity,2021-02-16,4,1681,1,309,3,1372,0,0,2,1237,2,222,2,1459,California
Trinity,2021-02-17,94,1775,2,311,92,1464,0,0,84,1311,10,232,84,1543,California
Trinity,2021-02-18,3,1778,0,311,3,1467,0,0,1,1310,2,234,1,1544,California
Trinity,2021-02-19,308,2086,2,313,306,1773,0,0,294,1590,14,248,294,1838,California
Trinity,2021-02-20,143,2229,14,327,129,1902,0,0,115,1677,28,276,115,1953,California
Trinity,2021-02-21,1,2230,1,328,0,1902,0,0,1,1678,0,276,1,1954,California
Trinity,2021-02-22,8,2238,0,328,8,1910,0,0,5,1680,3,279,5,1959,California
Trinity,2021-02-23,10,2248,3,331,7,1917,0,0,5,1680,5,284,5,1964,California
Trinity,2021-02-24,30,2278,8,339,22,1939,0,0,7,1664,23,307,7,1971,California
Trinity,2021-02-25,37,2315,23,362,14,1953,0,0,5,1637,32,339,5,1976,California
Trinity,2021-02-26,11,2326,1,363,10,1963,0,0,5,1636,6,345,5,1981,California
Trinity,2021-02-27,10,2336,8,371,2,1965,0,0,4,1634,6,351,4,1985,California
Trinity,2021-03-01,10,2346,0,371,10,1975,0,0,5,1634,5,356,5,1990,California
Trinity,2021-03-02,9,2355,3,374,6,1981,0,0,2,1629,7,363,2,1992,California
Trinity,2021-03-03,5,2360,0,374,5,1986,0,0,4,1632,1,364,4,1996,California
Trinity,2021-03-04,23,2383,19,393,4,1990,0,0,10,1629,13,377,10,2006,California
Trinity,2021-03-05,389,2772,1,394,388,2378,0,0,121,1486,264,641,121,2127,California
Trinity,2021-03-06,203,2975,7,401,196,2574,0,0,27,1337,176,817,27,2154,California
Trinity,2021-03-07,4,2979,3,404,1,2575,0,0,3,1339,1,818,3,2157,California
Trinity,2021-03-08,4,2983,0,404,3,2578,1,1,1,1338,3,821,2,2159,California
Trinity,2021-03-09,99,3082,1,405,96,2674,2,3,93,1427,6,827,95,2254,California
Trinity,2021-03-10,126,3208,3,408,120,2794,3,6,38,1380,88,915,41,2295,California
Trinity,2021-03-11,16,3224,4,412,10,2804,2,8,5,1376,11,926,7,2302,California
Trinity,2021-03-12,399,3623,5,417,388,3192,6,14,97,1177,302,1228,103,2405,California
Trinity,2021-03-13,12,3635,7,424,3,3195,2,16,7,1181,5,1233,9,2414,California
Trinity,2021-03-14,4,3639,1,425,3,3198,0,16,3,1183,1,1234,3,2417,California
Trinity,2021-03-15,68,3707,0,425,67,3265,1,17,15,1146,53,1287,16,2433,California
Trinity,2021-03-16,116,3823,7,432,109,3374,0,17,103,1236,13,1300,103,2536,California
Trinity,2021-03-17,100,3923,3,435,97,3471,0,17,26,1188,74,1374,26,2562,California
Trinity,2021-03-18,9,3932,1,436,5,3476,3,20,4,1190,5,1379,7,2569,California
Trinity,2021-03-19,463,4395,4,440,349,3825,110,130,36,909,427,1806,146,2715,California
Trinity,2021-03-20,108,4503,7,447,101,3926,0,130,72,946,35,1841,72,2787,California
Trinity,2021-03-21,4,4507,0,447,3,3929,1,131,3,949,1,1842,4,2791,California
Trinity,2021-03-22,2,4509,0,447,2,3931,0,131,2,951,0,1842,2,2793,California
Trinity,2021-03-23,95,4604,2,449,93,4024,0,131,78,1012,17,1859,78,2871,California
Trinity,2021-03-24,12,4616,1,450,11,4035,0,131,9,1018,3,1862,9,2880,California
Trinity,2021-03-25,111,4727,8,458,97,4132,6,137,85,1083,26,1888,91,2971,California
Trinity,2021-03-26,84,4811,8,466,76,4208,0,137,77,1153,7,1895,77,3048,California
Trinity,2021-03-27,20,4831,4,470,7,4215,9,146,9,1160,11,1906,18,3066,California
Trinity,2021-03-28,5,4836,3,473,2,4217,0,146,1,1157,4,1910,1,3067,California
Trinity,2021-03-29,5,4841,0,473,5,4222,0,146,2,1156,3,1913,2,3069,California
Trinity,2021-03-30,77,4918,6,479,71,4293,0,146,66,1211,11,1924,66,3135,California
Trinity,2021-03-31,56,4974,5,484,18,4311,33,179,20,1227,36,1960,52,3187,California
Trinity,2021-04-01,40,5014,10,494,19,4330,11,190,21,1240,19,1979,32,3219,California
Trinity,2021-04-02,258,5272,5,499,178,4508,75,265,85,1228,172,2151,160,3379,California
Trinity,2021-04-03,17,5289,12,511,5,4513,0,265,7,1225,10,2161,7,3386,California
Trinity,2021-04-04,10,5299,8,519,2,4515,0,265,8,1231,2,2163,8,3394,California
Trinity,2021-04-05,60,5359,6,525,51,4566,3,268,54,1282,6,2169,57,3451,California
Trinity,2021-04-06,122,5481,15,540,104,4670,3,271,29,1221,93,2262,32,3483,California
Trinity,2021-04-07,26,5507,11,551,10,4680,5,276,19,1238,7,2269,24,3507,California
Trinity,2021-04-08,90,5597,11,562,77,4757,2,278,53,1256,37,2306,55,3562,California
Trinity,2021-04-09,168,5765,18,580,146,4903,4,282,90,1272,78,2384,94,3656,California
Trinity,2021-04-10,12,5777,7,587,5,4908,0,282,11,1282,1,2385,11,3667,California
Trinity,2021-04-11,10,5787,5,592,3,4911,2,284,4,1282,6,2391,6,3673,California
Trinity,2021-04-12,78,5865,5,597,72,4983,1,285,64,1333,13,2404,64,3737,California
Trinity,2021-04-13,104,5969,5,602,99,5082,0,285,11,1251,93,2497,11,3748,California
Trinity,2021-04-14,10,5979,5,607,5,5087,0,285,6,1253,4,2501,6,3754,California
Trinity,2021-04-15,45,6024,10,617,35,5122,0,285,15,1239,29,2530,15,3769,California
Trinity,2021-04-16,158,6182,13,630,145,5267,0,285,83,1248,74,2604,83,3852,California
Trinity,2021-04-17,11,6193,5,635,6,5273,0,285,9,1255,2,2606,9,3861,California
Trinity,2021-04-18,3,6196,1,636,2,5275,0,285,0,1252,3,2609,0,3861,California
Trinity,2021-04-19,67,6263,2,638,65,5340,0,285,66,1317,1,2610,66,3927,California
Trinity,2021-04-20,93,6356,8,646,85,5425,0,285,21,1266,72,2682,21,3948,California
Trinity,2021-04-21,22,6378,9,655,13,5438,0,285,9,1262,13,2695,9,3957,California
Trinity,2021-04-22,92,6470,5,660,87,5525,0,285,14,1198,78,2773,14,3971,California
Trinity,2021-04-23,181,6651,6,666,175,5700,0,285,112,1241,69,2842,112,4083,California
Trinity,2021-04-24,24,6675,13,679,11,5711,0,285,7,1231,17,2859,7,4090,California
Trinity,2021-04-25,10,6685,9,688,1,5712,0,285,3,1228,6,2865,3,4093,California
Trinity,2021-04-26,48,6733,9,697,39,5751,0,285,40,1260,8,2873,40,4133,California
Trinity,2021-04-27,86,6819,11,708,75,5826,0,285,23,1220,63,2936,23,4156,California
Trinity,2021-04-28,33,6852,11,719,22,5848,0,285,12,1211,21,2957,12,4168,California
Trinity,2021-04-29,34,6886,13,732,21,5869,0,285,12,1201,22,2979,12,4180,California
Trinity,2021-04-30,26,6912,21,753,5,5874,0,285,10,1196,15,2994,10,4190,California
Trinity,2021-05-01,14,6926,8,761,1,5875,5,290,4,1195,10,3004,9,4199,California
Trinity,2021-05-02,8,6934,5,766,1,5876,2,292,2,1193,6,3010,4,4203,California
Trinity,2021-05-03,58,6992,13,779,44,5920,1,293,9,1155,48,3058,10,4213,California
Trinity,2021-05-04,28,7020,11,790,16,5936,1,294,8,1144,20,3078,9,4222,California
Trinity,2021-05-05,11,7031,7,797,4,5940,0,294,4,1141,7,3085,4,4226,California
Trinity,2021-05-06,76,7107,11,808,62,6002,3,297,16,1100,60,3145,19,4245,California
Trinity,2021-05-07,181,7288,12,820,135,6137,34,331,14,981,167,3312,48,4293,California
Trinity,2021-05-08,7,7295,2,822,5,6142,0,331,2,978,5,3317,2,4295,California
Trinity,2021-05-09,11,7306,8,830,3,6145,0,331,7,981,4,3321,7,4302,California
Trinity,2021-05-10,14,7320,4,834,9,6154,1,332,7,982,7,3328,8,4310,California
Trinity,2021-05-11,8,7328,4,838,4,6158,0,332,6,986,2,3330,6,4316,California
Trinity,2021-05-12,19,7347,16,854,2,6160,1,333,14,996,5,3335,15,4331,California
Trinity,2021-05-13,15,7362,10,864,4,6164,1,334,9,1000,6,3341,10,4341,California
Trinity,2021-05-14,143,7505,19,883,96,6260,28,362,39,963,104,3445,67,4408,California
Trinity,2021-05-15,16,7521,11,894,4,6264,1,363,7,963,8,3453,8,4416,California
Trinity,2021-05-16,8,7529,6,900,2,6266,0,363,6,967,2,3455,6,4422,California
Trinity,2021-05-17,108,7637,20,920,86,6352,2,365,42,945,66,3521,44,4466,California
Trinity,2021-05-18,37,7674,7,927,29,6381,1,366,11,931,26,3547,12,4478,California
Trinity,2021-05-19,149,7823,17,944,103,6484,29,395,30,872,118,3665,59,4537,California
Trinity,2021-05-20,28,7851,21,965,4,6488,3,398,17,881,11,3676,20,4557,California
Trinity,2021-05-21,22,7873,14,979,8,6496,0,398,12,883,10,3686,12,4569,California
Trinity,2021-05-22,17,7890,14,993,3,6499,0,398,13,892,4,3690,13,4582,California
Trinity,2021-05-23,6,7896,4,997,2,6501,0,398,2,890,4,3694,2,4584,California
Trinity,2021-05-24,109,8005,12,1009,96,6597,1,399,8,799,100,3794,9,4593,California
Trinity,2021-05-25,39,8044,14,1023,25,6622,0,399,17,794,22,3816,17,4610,California
Trinity,2021-05-26,12,8056,6,1029,6,6628,0,399,4,790,8,3824,4,4614,California
Trinity,2021-05-27,30,8086,13,1042,12,6640,5,404,7,779,23,3847,12,4626,California
Trinity,2021-05-28,14,8100,10,1052,3,6643,1,405,7,780,7,3854,8,4634,California
Trinity,2021-05-29,10,8110,7,1059,2,6645,1,406,7,785,3,3857,8,4642,California
Trinity,2021-05-30,6,8116,5,1064,1,6646,0,406,0,779,6,3863,0,4642,California
Trinity,2021-05-31,4,8120,3,1067,1,6647,0,406,2,779,2,3865,2,4644,California
Trinity,2021-06-01,15,8135,8,1075,5,6652,2,408,4,775,10,3875,6,4650,California
Trinity,2021-06-02,24,8159,19,1094,3,6655,2,410,9,771,15,3890,11,4661,California
Trinity,2021-06-03,39,8198,13,1107,26,6681,0,410,13,758,26,3916,13,4674,California
Trinity,2021-06-04,45,8243,21,1128,16,6697,8,418,12,745,33,3949,20,4694,California
Trinity,2021-06-05,19,8262,18,1146,1,6698,0,418,13,752,6,3955,13,4707,California
Trinity,2021-06-06,9,8271,6,1152,2,6700,1,419,2,748,7,3962,3,4710,California
Trinity,2021-06-07,28,8299,19,1171,8,6708,1,420,12,745,16,3978,13,4723,California
Trinity,2021-06-08,15,8314,13,1184,1,6709,1,421,4,739,11,3989,5,4728,California
Trinity,2021-06-09,24,8338,14,1198,1,6710,9,430,5,734,19,4008,14,4742,California
Trinity,2021-06-10,21,8359,19,1217,2,6712,0,430,6,725,15,4023,6,4748,California
Trinity,2021-06-11,45,8404,10,1227,33,6745,2,432,14,710,31,4054,16,4764,California
Trinity,2021-06-12,9,8413,9,1236,0,6745,0,432,2,705,7,4061,2,4766,California
Trinity,2021-06-13,4,8417,4,1240,0,6745,0,432,1,703,3,4064,1,4767,California
Trinity,2021-06-14,43,8460,16,1256,27,6772,0,432,11,682,32,4096,11,4778,California
Trinity,2021-06-15,43,8503,21,1277,3,6775,19,451,9,676,34,4130,28,4806,California
Trinity,2021-06-16,11,8514,6,1283,5,6780,0,451,3,671,8,4138,3,4809,California
Trinity,2021-06-17,17,8531,13,1296,0,6780,4,455,5,669,11,4149,9,4818,California
Trinity,2021-06-18,20,8551,11,1307,7,6787,2,457,8,667,12,4161,10,4828,California
Trinity,2021-06-19,10,8561,10,1317,0,6787,0,457,2,661,8,4169,2,4830,California
Tulare,2020-12-15,1,1,1,1,0,0,0,0,1,1,0,0,1,1,California
Tulare,2020-12-16,4,5,4,5,0,0,0,0,4,5,0,0,4,5,California
Tulare,2020-12-17,110,115,110,115,0,0,0,0,110,115,0,0,110,115,California
Tulare,2020-12-18,289,404,288,403,1,1,0,0,289,404,0,0,289,404,California
Tulare,2020-12-19,325,729,325,728,0,1,0,0,325,729,0,0,325,729,California
Tulare,2020-12-20,165,894,165,893,0,1,0,0,165,894,0,0,165,894,California
Tulare,2020-12-21,423,1317,423,1316,0,1,0,0,443,1337,0,0,443,1337,California
Tulare,2020-12-22,474,1791,473,1789,1,2,0,0,473,1810,0,0,473,1810,California
Tulare,2020-12-23,326,2117,318,2107,8,10,0,0,324,2134,0,0,324,2134,California
Tulare,2020-12-24,18,2135,16,2123,2,12,0,0,18,2152,0,0,18,2152,California
Tulare,2020-12-26,7,2142,6,2129,1,13,0,0,7,2159,0,0,7,2159,California
Tulare,2020-12-27,16,2158,12,2141,4,17,0,0,16,2175,0,0,16,2175,California
Tulare,2020-12-28,483,2641,470,2611,13,30,0,0,482,2657,0,0,482,2657,California
Tulare,2020-12-29,549,3190,477,3088,72,102,0,0,549,3206,0,0,549,3206,California
Tulare,2020-12-30,469,3659,425,3513,44,146,0,0,469,3675,0,0,469,3675,California
Tulare,2020-12-31,101,3760,23,3536,78,224,0,0,101,3776,0,0,101,3776,California
Tulare,2021-01-01,4,3764,1,3537,3,227,0,0,4,3780,0,0,4,3780,California
Tulare,2021-01-02,33,3797,20,3557,13,240,0,0,33,3813,0,0,33,3813,California
Tulare,2021-01-03,23,3820,9,3566,14,254,0,0,23,3836,0,0,23,3836,California
Tulare,2021-01-04,93,3913,16,3582,77,331,0,0,93,3929,0,0,93,3929,California
Tulare,2021-01-05,469,4382,279,3861,190,521,0,0,467,4394,2,2,467,4396,California
Tulare,2021-01-06,869,5251,634,4495,235,756,0,0,859,5243,10,12,859,5255,California
Tulare,2021-01-07,788,6039,590,5085,198,954,0,0,679,5813,109,121,679,5934,California
Tulare,2021-01-08,1296,7335,573,5658,723,1677,0,0,960,6438,335,456,960,6894,California
Tulare,2021-01-09,802,8137,202,5860,600,2277,0,0,615,6866,187,643,615,7509,California
Tulare,2021-01-10,51,8188,44,5904,7,2284,0,0,13,6841,38,681,13,7522,California
Tulare,2021-01-11,1276,9464,772,6676,504,2788,0,0,838,7241,438,1119,838,8360,California
Tulare,2021-01-12,1461,10925,510,7186,951,3739,0,0,1047,7876,413,1532,1048,9408,California
Tulare,2021-01-13,430,11355,201,7387,229,3968,0,0,355,8156,75,1607,355,9763,California
Tulare,2021-01-14,498,11853,146,7533,352,4320,0,0,472,8613,15,1622,472,10235,California
Tulare,2021-01-15,1706,13559,162,7695,1544,5864,0,0,1696,10299,10,1632,1696,11931,California
Tulare,2021-01-16,1936,15495,122,7817,1814,7678,0,0,1922,12207,14,1646,1922,13853,California
Tulare,2021-01-17,142,15637,122,7939,20,7698,0,0,132,12329,10,1656,132,13985,California
Tulare,2021-01-18,700,16337,664,8603,36,7734,0,0,301,12231,399,2055,301,14286,California
Tulare,2021-01-19,1027,17364,693,9296,334,8068,0,0,601,12406,426,2481,601,14887,California
Tulare,2021-01-20,2445,19809,614,9910,1831,9899,0,0,2032,14051,387,2868,2032,16919,California
Tulare,2021-01-21,1590,21399,186,10096,1404,11303,0,0,1562,15591,22,2890,1562,18481,California
Tulare,2021-01-22,1079,22478,191,10287,888,12191,0,0,1051,16615,27,2917,1051,19532,California
Tulare,2021-01-23,441,22919,157,10444,284,12475,0,0,420,17014,21,2938,420,19952,California
Tulare,2021-01-24,30,22949,27,10471,3,12478,0,0,28,17040,2,2940,28,19980,California
Tulare,2021-01-25,1355,24304,985,11456,370,12848,0,0,1305,18295,50,2990,1305,21285,California
Tulare,2021-01-26,1516,25820,1101,12557,415,13263,0,0,1176,19132,339,3329,1176,22461,California
Tulare,2021-01-27,1505,27325,1076,13633,429,13692,0,0,924,19476,580,3909,924,23385,California
Tulare,2021-01-28,1219,28544,777,14410,442,14134,0,0,819,19895,400,4309,819,24204,California
Tulare,2021-01-29,1139,29683,724,15134,415,14549,0,0,827,20410,312,4621,827,25031,California
Tulare,2021-01-30,1687,31370,1593,16727,94,14643,0,0,1664,22052,23,4644,1665,26696,California
Tulare,2021-01-31,69,31439,64,16791,5,14648,0,0,66,22115,3,4647,66,26762,California
Tulare,2021-02-01,1197,32636,918,17709,279,14927,0,0,834,22587,362,5009,834,27596,California
Tulare,2021-02-02,706,33342,351,18060,355,15282,0,0,459,22802,245,5254,460,28056,California
Tulare,2021-02-03,576,33918,243,18303,333,15615,0,0,328,22902,228,5482,328,28384,California
Tulare,2021-02-04,577,34495,172,18475,405,16020,0,0,285,22897,291,5773,286,28670,California
Tulare,2021-02-05,1244,35739,238,18713,1006,17026,0,0,405,22465,837,6610,405,29075,California
Tulare,2021-02-06,842,36581,165,18878,677,17703,0,0,207,22039,633,7243,207,29282,California
Tulare,2021-02-07,83,36664,70,18948,13,17716,0,0,22,22000,61,7304,22,29304,California
Tulare,2021-02-08,950,37614,330,19278,620,18336,0,0,242,21536,706,8010,242,29546,California
Tulare,2021-02-09,1439,39053,338,19616,1101,19437,0,0,359,20821,1074,9084,359,29905,California
Tulare,2021-02-10,2487,41540,1995,21611,492,19929,0,0,2087,22509,399,9483,2087,31992,California
Tulare,2021-02-11,1340,42880,380,21991,960,20889,0,0,915,22999,425,9908,915,32907,California
Tulare,2021-02-12,2795,45675,574,22565,2221,23110,0,0,1192,22595,1596,11504,1192,34099,California
Tulare,2021-02-13,2487,48162,158,22723,2329,25439,0,0,648,21408,1835,13339,648,34747,California
Tulare,2021-02-14,337,48499,39,22762,298,25737,0,0,300,21671,37,13376,300,35047,California
Tulare,2021-02-15,924,49423,292,23054,632,26369,0,0,661,22070,262,13638,661,35708,California
Tulare,2021-02-16,2860,52283,1604,24658,1256,27625,0,0,1094,21400,1765,15403,1095,36803,California
Tulare,2021-02-17,2734,55017,519,25177,2215,29840,0,0,467,19607,2260,17663,467,37270,California
Tulare,2021-02-18,2342,57359,452,25629,1890,31730,0,0,641,18556,1692,19355,641,37911,California
Tulare,2021-02-19,2336,59695,881,26510,1455,33185,0,0,959,18140,1375,20730,959,38870,California
Tulare,2021-02-20,3006,62701,1898,28408,1108,34293,0,0,1269,17677,1732,22462,1269,40139,California
Tulare,2021-02-21,96,62797,93,28501,3,34296,0,0,49,17680,46,22508,49,40188,California
Tulare,2021-02-22,1114,63911,704,29205,410,34706,0,0,215,16997,898,23406,215,40403,California
Tulare,2021-02-23,1975,65886,954,30159,1021,35727,0,0,1474,17972,499,23905,1474,41877,California
Tulare,2021-02-24,2498,68384,1557,31716,941,36668,0,0,2123,19722,374,24279,2124,44001,California
Tulare,2021-02-25,3550,71934,1996,33712,1554,38222,0,0,3129,22436,417,24696,3131,47132,California
Tulare,2021-02-26,3894,75828,1913,35625,1981,40203,0,0,3420,25384,472,25168,3420,50552,California
Tulare,2021-02-27,3027,78855,1513,37138,1514,41717,0,0,2892,28153,123,25291,2892,53444,California
Tulare,2021-02-28,1315,80170,1043,38181,272,41989,0,0,1295,29431,17,25308,1295,54739,California
Tulare,2021-03-01,1803,81973,807,38988,996,42985,0,0,1605,30840,196,25504,1605,56344,California
Tulare,2021-03-02,2797,84770,1280,40268,1517,44502,0,0,2623,33292,172,25676,2624,58968,California
Tulare,2021-03-03,4123,88893,2761,43029,1361,45863,1,1,2158,33493,1962,27638,2163,61131,California
Tulare,2021-03-04,3007,91900,1355,44384,1652,47515,0,1,2661,35813,341,27979,2661,63792,California
Tulare,2021-03-05,3472,95372,1776,46160,1681,49196,15,16,2954,38271,515,28494,2973,66765,California
Tulare,2021-03-06,3108,98480,1453,47613,1595,50791,60,76,2854,40932,251,28745,2912,69677,California
Tulare,2021-03-07,1144,99624,708,48321,415,51206,21,97,1103,42016,40,28785,1124,70801,California
Tulare,2021-03-08,1728,101352,1011,49332,548,51754,169,266,1400,43261,323,29108,1568,72369,California
Tulare,2021-03-09,3291,104643,2256,51588,884,52638,151,417,2861,45843,429,29537,3011,75380,California
Tulare,2021-03-10,2995,107638,1417,53005,1403,54041,175,592,2589,48208,397,29934,2762,78142,California
Tulare,2021-03-11,4255,111893,2008,55013,1939,55980,308,900,3294,50850,961,30895,3603,81745,California
Tulare,2021-03-12,4462,116355,2441,57454,1664,57644,357,1257,3166,53085,1288,32183,3523,85268,California
Tulare,2021-03-13,4188,120543,1961,59415,2122,59766,105,1362,3231,55470,951,33134,3336,88604,California
Tulare,2021-03-14,1865,122408,990,60405,655,60421,220,1582,1336,56495,528,33662,1553,90157,California
Tulare,2021-03-15,2777,125185,1650,62055,1010,61431,117,1699,1998,57836,776,34438,2117,92274,California
Tulare,2021-03-16,3471,128656,2126,64181,1266,62697,79,1778,1901,58253,1566,36004,1983,94257,California
Tulare,2021-03-17,4102,132758,2674,66855,1353,64050,75,1853,2340,58918,1756,37760,2421,96678,California
Tulare,2021-03-18,4681,137439,3412,70267,1196,65246,73,1926,2476,59275,2197,39957,2554,99232,California
Tulare,2021-03-19,5132,142571,3372,73639,1562,66808,198,2124,2734,59831,2378,42335,2934,102166,California
Tulare,2021-03-20,4527,147098,2821,76460,1333,68141,373,2497,2081,59851,2438,44773,2458,104624,California
Tulare,2021-03-21,2001,149099,1711,78171,264,68405,26,2523,1056,59991,941,45714,1081,105705,California
Tulare,2021-03-22,2585,151684,1789,79960,683,69088,113,2636,1703,60933,876,46590,1818,107523,California
Tulare,2021-03-23,3773,155457,2168,82128,1554,70642,51,2687,2066,61361,1696,48286,2124,109647,California
Tulare,2021-03-24,3223,158680,1999,84127,1182,71824,42,2729,1726,61641,1489,49775,1769,111416,California
Tulare,2021-03-25,3507,162187,1826,85953,1516,73340,165,2894,1683,61675,1816,51591,1850,113266,California
Tulare,2021-03-26,5301,167488,3162,89115,2026,75366,113,3007,2559,61623,2724,54315,2672,115938,California
Tulare,2021-03-27,3562,171050,1826,90941,1636,77002,100,3107,997,60162,2557,56872,1096,117034,California
Tulare,2021-03-28,1479,172529,1074,92015,374,77376,31,3138,678,60082,799,57671,719,117753,California
Tulare,2021-03-29,2896,175425,1679,93694,1109,78485,108,3246,1230,59760,1662,59333,1340,119093,California
Tulare,2021-03-30,4955,180380,2806,96500,1914,80399,235,3481,1546,58134,3399,62732,1773,120866,California
Tulare,2021-03-31,4008,184388,2368,98868,1525,81924,115,3596,1569,57388,2431,65163,1685,122551,California
Tulare,2021-04-01,4558,188946,2473,101341,2020,83944,65,3661,1566,56038,2982,68145,1632,124183,California
Tulare,2021-04-02,5402,194348,3079,104420,2201,86145,122,3783,1594,53963,3792,71937,1717,125900,California
Tulare,2021-04-03,3647,197995,2110,106530,1163,87308,374,4157,841,52408,2768,74705,1213,127113,California
Tulare,2021-04-04,1636,199631,1149,107679,480,87788,7,4164,359,51501,1273,75978,366,127479,California
Tulare,2021-04-05,3379,203010,2355,110034,753,88541,271,4435,855,50118,2511,78489,1128,128607,California
Tulare,2021-04-06,3455,206465,1476,111510,1479,90020,500,4935,932,49037,2515,81004,1434,130041,California
Tulare,2021-04-07,3940,210405,1862,113372,1638,91658,440,5375,1194,47926,2736,83740,1625,131666,California
Tulare,2021-04-08,4833,215238,2643,116015,1725,93383,465,5840,1543,46653,3277,87017,2004,133670,California
Tulare,2021-04-09,4876,220114,3007,119022,1426,94809,443,6283,1835,45899,3033,90050,2279,135949,California
Tulare,2021-04-10,3878,223992,2093,121115,1463,96272,322,6605,948,44244,2921,92971,1266,137215,California
Tulare,2021-04-11,1594,225586,1055,122170,465,96737,74,6679,496,43718,1096,94067,570,137785,California
Tulare,2021-04-12,3437,229023,2142,124312,695,97432,600,7279,1077,43045,2351,96418,1678,139463,California
Tulare,2021-04-13,2426,231449,1601,125913,815,98247,10,7289,906,42455,1509,97927,919,140382,California
Tulare,2021-04-14,2903,234352,1710,127623,1193,99440,0,7289,921,41403,1977,99904,925,141307,California
Tulare,2021-04-15,3347,237699,2180,129803,1167,100607,0,7289,1503,41079,1832,101736,1508,142815,California
Tulare,2021-04-16,3724,241423,2251,132054,1473,102080,0,7289,1508,40393,2203,103939,1517,144332,California
Tulare,2021-04-17,2255,243678,1333,133387,922,103002,0,7289,1190,40527,1061,105000,1195,145527,California
Tulare,2021-04-18,1555,245233,1216,134603,339,103341,0,7289,833,40648,721,105721,842,146369,California
Tulare,2021-04-19,2162,247395,1242,135845,917,104258,3,7292,907,40315,1251,106972,918,147287,California
Tulare,2021-04-20,2351,249746,1324,137169,1027,105285,0,7292,995,39971,1342,108314,998,148285,California
Tulare,2021-04-21,2217,251963,1337,138506,880,106165,0,7292,815,39424,1363,109677,816,149101,California
Tulare,2021-04-22,2134,254097,1187,139693,947,107112,0,7292,732,38773,1383,111060,732,149833,California
Tulare,2021-04-23,2602,256699,1592,141285,1009,108121,1,7293,1023,38229,1568,112628,1024,150857,California
Tulare,2021-04-24,1651,258350,1056,142341,593,108714,2,7295,855,38295,791,113419,857,151714,California
Tulare,2021-04-25,702,259052,528,142869,174,108888,0,7295,269,38131,433,113852,269,151983,California
Tulare,2021-04-26,1530,260582,920,143789,591,109479,19,7314,642,37909,881,114733,659,152642,California
Tulare,2021-04-27,1678,262260,681,144470,958,110437,39,7353,715,37703,959,115692,753,153395,California
Tulare,2021-04-28,1717,263977,978,145448,697,111134,42,7395,674,37380,1038,116730,715,154110,California
Tulare,2021-04-29,2018,265995,1205,146653,773,111907,40,7435,783,36978,1223,117953,821,154931,California
Tulare,2021-04-30,2449,268444,1782,148435,617,112524,50,7485,903,36392,1538,119491,952,155883,California
Tulare,2021-05-01,1430,269874,1231,149666,187,112711,12,7497,730,36444,690,120181,742,156625,California
Tulare,2021-05-02,591,270465,502,150168,72,112783,17,7514,190,36252,398,120579,206,156831,California
Tulare,2021-05-03,1627,272092,1100,151268,402,113185,125,7639,350,35457,1270,121849,475,157306,California
Tulare,2021-05-04,1564,273656,837,152105,657,113842,70,7709,628,35225,927,122776,695,158001,California
Tulare,2021-05-05,1287,274943,622,152727,574,114416,91,7800,447,34934,829,123605,538,158539,California
Tulare,2021-05-06,1976,276919,1332,154059,595,115011,49,7849,593,34201,1375,124980,642,159181,California
Tulare,2021-05-07,1842,278761,1250,155309,524,115535,68,7917,526,33486,1308,126288,593,159774,California
Tulare,2021-05-08,1235,279996,809,156118,401,115936,25,7942,526,33335,702,126990,551,160325,California
Tulare,2021-05-09,595,280591,470,156588,104,116040,21,7963,117,33001,473,127463,139,160464,California
Tulare,2021-05-10,1027,281618,593,157181,369,116409,65,8028,311,32663,714,128177,376,160840,California
Tulare,2021-05-11,1260,282878,638,157819,538,116947,84,8112,525,32544,728,128905,609,161449,California
Tulare,2021-05-12,1584,284462,1019,158838,508,117455,57,8169,433,31897,1136,130041,489,161938,California
Tulare,2021-05-13,1561,286023,989,159827,533,117988,39,8208,699,31776,858,130899,737,162675,California
Tulare,2021-05-14,1935,287958,1245,161072,626,118614,64,8272,864,31645,1058,131957,927,163602,California
Tulare,2021-05-15,1570,289528,884,161956,639,119253,47,8319,670,31464,892,132849,711,164313,California
Tulare,2021-05-16,700,290228,559,162515,129,119382,12,8331,326,31430,372,133221,338,164651,California
Tulare,2021-05-17,1544,291772,958,163473,513,119895,73,8404,738,31442,799,134020,811,165462,California
Tulare,2021-05-18,1590,293362,863,164336,672,120567,55,8459,799,31508,786,134806,852,166314,California
Tulare,2021-05-19,1479,294841,954,165290,492,121059,33,8492,771,31610,702,135508,804,167118,California
Tulare,2021-05-20,1594,296435,1078,166368,429,121488,87,8579,772,31650,818,136326,858,167976,California
Tulare,2021-05-21,1952,298387,1428,167796,483,121971,41,8620,1069,31885,875,137201,1110,169086,California
Tulare,2021-05-22,1605,299992,1145,168941,437,122408,23,8643,604,31520,993,138194,628,169714,California
Tulare,2021-05-23,396,300388,313,169254,74,122482,9,8652,200,31535,194,138388,209,169923,California
Tulare,2021-05-24,914,301302,553,169807,299,122781,62,8714,406,31497,506,138894,468,170391,California
Tulare,2021-05-25,1186,302488,708,170515,446,123227,32,8746,507,31363,673,139567,539,170930,California
Tulare,2021-05-26,883,303371,489,171004,352,123579,42,8788,403,31332,475,140042,444,171374,California
Tulare,2021-05-27,1276,304647,808,171812,437,124016,31,8819,595,31282,678,140720,628,172002,California
Tulare,2021-05-28,1185,305832,660,172472,476,124492,49,8868,631,31412,549,141269,679,172681,California
Tulare,2021-05-29,870,306702,643,173115,208,124700,19,8887,500,31563,368,141637,519,173200,California
Tulare,2021-05-30,286,306988,207,173322,71,124771,8,8895,165,31617,119,141756,173,173373,California
Tulare,2021-05-31,130,307118,50,173372,69,124840,11,8906,54,31607,75,141831,65,173438,California
Tulare,2021-06-01,1054,308172,627,173999,396,125236,31,8937,405,31401,641,142472,435,173873,California
Tulare,2021-06-02,797,308969,469,174468,295,125531,33,8970,365,31376,421,142893,396,174269,California
Tulare,2021-06-03,1146,310115,813,175281,275,125806,58,9028,423,31153,703,143596,480,174749,California
Tulare,2021-06-04,1168,311283,835,176116,301,126107,32,9060,394,30809,770,144366,426,175175,California
Tulare,2021-06-05,874,312157,695,176811,164,126271,15,9075,298,30549,573,144939,313,175488,California
Tulare,2021-06-06,419,312576,354,177165,46,126317,19,9094,138,30426,280,145219,157,175645,California
Tulare,2021-06-07,887,313463,696,177861,153,126470,38,9132,288,30155,596,145815,325,175970,California
Tulare,2021-06-08,1052,314515,776,178637,213,126683,63,9195,353,29877,694,146509,416,176386,California
Tulare,2021-06-09,1078,315593,757,179394,287,126970,34,9229,344,29524,729,147238,376,176762,California
Tulare,2021-06-10,1104,316697,890,180284,179,127149,35,9264,385,29226,717,147955,419,177181,California
Tulare,2021-06-11,1232,317929,885,181169,312,127461,35,9299,384,28807,838,148793,419,177600,California
Tulare,2021-06-12,952,318881,739,181908,202,127663,11,9310,329,28530,617,149410,340,177940,California
Tulare,2021-06-13,290,319171,202,182110,85,127748,3,9313,80,28404,209,149619,83,178023,California
Tulare,2021-06-14,771,319942,565,182675,179,127927,27,9340,299,28263,467,150086,326,178349,California
Tulare,2021-06-15,979,320921,661,183336,288,128215,30,9370,432,28184,541,150627,462,178811,California
Tulare,2021-06-16,818,321739,557,183893,222,128437,39,9409,355,28119,460,151087,395,179206,California
Tulare,2021-06-17,942,322681,690,184583,232,128669,20,9429,353,27905,587,151674,373,179579,California
Tulare,2021-06-18,949,323630,663,185246,255,128924,31,9460,343,27674,604,152278,373,179952,California
Tulare,2021-06-19,842,324472,666,185912,164,129088,12,9472,386,27620,451,152729,397,180349,California
Tulare,2021-06-20,106,324578,70,185982,34,129122,2,9474,29,27574,77,152806,31,180380,California
Tuolumne,2020-12-16,47,47,47,47,0,0,0,0,47,47,0,0,47,47,California
Tuolumne,2020-12-17,18,65,18,65,0,0,0,0,18,65,0,0,18,65,California
Tuolumne,2020-12-18,101,166,100,165,1,1,0,0,101,166,0,0,101,166,California
Tuolumne,2020-12-19,4,170,4,169,0,1,0,0,4,170,0,0,4,170,California
Tuolumne,2020-12-20,2,172,2,171,0,1,0,0,2,172,0,0,2,172,California
Tuolumne,2020-12-21,116,288,102,273,14,15,0,0,116,288,0,0,116,288,California
Tuolumne,2020-12-22,170,458,170,443,0,15,0,0,170,458,0,0,170,458,California
Tuolumne,2020-12-23,184,642,182,625,2,17,0,0,184,642,0,0,184,642,California
Tuolumne,2020-12-25,1,643,1,626,0,17,0,0,1,643,0,0,1,643,California
Tuolumne,2020-12-26,2,645,2,628,0,17,0,0,2,645,0,0,2,645,California
Tuolumne,2020-12-28,76,721,74,702,2,19,0,0,76,721,0,0,76,721,California
Tuolumne,2020-12-29,102,823,39,741,63,82,0,0,102,823,0,0,102,823,California
Tuolumne,2020-12-30,79,902,22,763,57,139,0,0,79,902,0,0,79,902,California
Tuolumne,2020-12-31,27,929,20,783,7,146,0,0,27,929,0,0,27,929,California
Tuolumne,2021-01-01,6,935,5,788,1,147,0,0,6,935,0,0,6,935,California
Tuolumne,2021-01-02,118,1053,116,904,2,149,0,0,118,1053,0,0,118,1053,California
Tuolumne,2021-01-03,2,1055,2,906,0,149,0,0,2,1055,0,0,2,1055,California
Tuolumne,2021-01-04,69,1124,26,932,43,192,0,0,69,1124,0,0,69,1124,California
Tuolumne,2021-01-05,94,1218,27,959,67,259,0,0,91,1213,3,3,92,1216,California
Tuolumne,2021-01-06,132,1350,71,1030,61,320,0,0,68,1217,64,67,68,1284,California
Tuolumne,2021-01-07,120,1470,63,1093,57,377,0,0,65,1227,55,122,65,1349,California
Tuolumne,2021-01-08,105,1575,82,1175,23,400,0,0,26,1176,78,200,27,1376,California
Tuolumne,2021-01-09,2,1577,0,1175,2,402,0,0,2,1178,0,200,2,1378,California
Tuolumne,2021-01-10,3,1580,1,1176,2,404,0,0,3,1181,0,200,3,1381,California
Tuolumne,2021-01-11,114,1694,88,1264,26,430,0,0,34,1135,80,280,34,1415,California
Tuolumne,2021-01-12,101,1795,85,1349,16,446,0,0,18,1070,83,363,18,1433,California
Tuolumne,2021-01-13,231,2026,125,1474,106,552,0,0,182,1204,49,412,183,1616,California
Tuolumne,2021-01-14,148,2174,108,1582,40,592,0,0,43,1143,104,516,43,1659,California
Tuolumne,2021-01-15,477,2651,75,1657,402,994,0,0,414,1496,62,578,415,2074,California
Tuolumne,2021-01-16,7,2658,3,1660,4,998,0,0,6,1501,1,579,6,2080,California
Tuolumne,2021-01-17,8,2666,4,1664,4,1002,0,0,8,1509,0,579,8,2088,California
Tuolumne,2021-01-18,46,2712,38,1702,8,1010,0,0,9,1482,36,615,9,2097,California
Tuolumne,2021-01-19,480,3192,75,1777,405,1415,0,0,434,1870,46,661,434,2531,California
Tuolumne,2021-01-20,76,3268,58,1835,18,1433,0,0,24,1843,51,712,24,2555,California
Tuolumne,2021-01-21,57,3325,24,1859,33,1466,0,0,41,1868,16,728,41,2596,California
Tuolumne,2021-01-22,170,3495,17,1876,153,1619,0,0,162,2022,8,736,162,2758,California
Tuolumne,2021-01-23,653,4148,134,2010,519,2138,0,0,546,2474,107,843,559,3317,California
Tuolumne,2021-01-24,523,4671,2,2012,521,2659,0,0,520,2993,3,846,522,3839,California
Tuolumne,2021-01-25,50,4721,28,2040,22,2681,0,0,24,2992,26,872,25,3864,California
Tuolumne,2021-01-26,79,4800,68,2108,11,2692,0,0,40,2993,39,911,40,3904,California
Tuolumne,2021-01-27,61,4861,4,2112,57,2749,0,0,8,2949,52,963,8,3912,California
Tuolumne,2021-01-28,26,4887,6,2118,20,2769,0,0,17,2957,9,972,17,3929,California
Tuolumne,2021-01-29,70,4957,5,2123,65,2834,0,0,32,2951,38,1010,32,3961,California
Tuolumne,2021-01-30,711,5668,553,2676,158,2992,0,0,689,3635,22,1032,706,4667,California
Tuolumne,2021-01-31,8,5676,2,2678,6,2998,0,0,5,3637,3,1035,5,4672,California
Tuolumne,2021-02-01,27,5703,7,2685,20,3018,0,0,24,3658,3,1038,24,4696,California
Tuolumne,2021-02-02,654,6357,46,2731,608,3626,0,0,640,4287,11,1049,640,5336,California
Tuolumne,2021-02-03,244,6601,113,2844,131,3757,0,0,89,4221,155,1204,89,5425,California
Tuolumne,2021-02-04,123,6724,13,2857,110,3867,0,0,61,4220,62,1266,61,5486,California
Tuolumne,2021-02-05,101,6825,14,2871,87,3954,0,0,35,4190,65,1331,35,5521,California
Tuolumne,2021-02-06,858,7683,581,3452,277,4231,0,0,849,5036,9,1340,855,6376,California
Tuolumne,2021-02-07,8,7691,4,3456,4,4235,0,0,4,5036,4,1344,4,6380,California
Tuolumne,2021-02-08,92,7783,41,3497,51,4286,0,0,68,5080,24,1368,68,6448,California
Tuolumne,2021-02-09,865,8648,52,3549,813,5099,0,0,822,5859,43,1411,822,7270,California
Tuolumne,2021-02-10,92,8740,17,3566,75,5174,0,0,31,5830,60,1471,31,7301,California
Tuolumne,2021-02-11,143,8883,68,3634,75,5249,0,0,78,5843,65,1536,78,7379,California
Tuolumne,2021-02-12,650,9533,20,3654,630,5879,0,0,208,5610,441,1977,208,7587,California
Tuolumne,2021-02-13,152,9685,41,3695,111,5990,0,0,121,5701,30,2007,121,7708,California
Tuolumne,2021-02-14,152,9837,14,3709,138,6128,0,0,150,5849,2,2009,150,7858,California
Tuolumne,2021-02-15,189,10026,11,3720,178,6306,0,0,180,6020,9,2018,180,8038,California
Tuolumne,2021-02-16,531,10557,18,3738,513,6819,0,0,122,5739,405,2423,124,8162,California
Tuolumne,2021-02-17,110,10667,62,3800,48,6867,0,0,60,5750,49,2472,60,8222,California
Tuolumne,2021-02-18,683,11350,27,3827,656,7523,0,0,631,6330,52,2524,632,8854,California
Tuolumne,2021-02-19,142,11492,22,3849,120,7643,0,0,42,6272,100,2624,42,8896,California
Tuolumne,2021-02-20,906,12398,341,4190,565,8208,0,0,383,6150,508,3132,386,9282,California
Tuolumne,2021-02-21,981,13379,41,4231,940,9148,0,0,471,6118,507,3639,475,9757,California
Tuolumne,2021-02-22,79,13458,57,4288,22,9170,0,0,45,6130,33,3672,45,9802,California
Tuolumne,2021-02-23,48,13506,25,4313,23,9193,0,0,25,6133,22,3694,25,9827,California
Tuolumne,2021-02-24,105,13611,58,4371,47,9240,0,0,42,6114,62,3756,43,9870,California
Tuolumne,2021-02-25,1052,14663,34,4405,1018,10258,0,0,1019,7101,33,3789,1020,10890,California
Tuolumne,2021-02-26,151,14814,11,4416,140,10398,0,0,125,7201,26,3815,126,11016,California
Tuolumne,2021-02-27,957,15771,580,4996,377,10775,0,0,251,6767,688,4503,254,11270,California
Tuolumne,2021-02-28,56,15827,4,5000,52,10827,0,0,52,6816,3,4506,52,11322,California
Tuolumne,2021-03-01,115,15942,21,5021,93,10920,1,1,78,6860,36,4542,80,11402,California
Tuolumne,2021-03-02,709,16651,74,5095,635,11555,0,1,106,6363,603,5145,106,11508,California
Tuolumne,2021-03-03,94,16745,20,5115,74,11629,0,1,66,6402,27,5172,66,11574,California
Tuolumne,2021-03-04,1175,17920,76,5191,1099,12728,0,1,1108,7443,67,5239,1108,12682,California
Tuolumne,2021-03-05,91,18011,10,5201,81,12809,0,1,53,7460,37,5276,54,12736,California
Tuolumne,2021-03-06,1062,19073,606,5807,454,13263,2,3,205,6822,850,6126,212,12948,California
Tuolumne,2021-03-07,40,19113,12,5819,14,13277,14,17,18,6832,22,6148,32,12980,California
Tuolumne,2021-03-08,197,19310,90,5909,100,13377,7,24,139,6920,58,6206,146,13126,California
Tuolumne,2021-03-09,859,20169,15,5924,833,14210,11,35,66,6211,787,6993,78,13204,California
Tuolumne,2021-03-10,78,20247,11,5935,56,14266,11,46,54,6252,24,7017,65,13269,California
Tuolumne,2021-03-11,1287,21534,39,5974,1242,15508,6,52,1258,7489,29,7046,1266,14535,California
Tuolumne,2021-03-12,298,21832,34,6008,249,15757,15,67,189,7588,108,7154,207,14742,California
Tuolumne,2021-03-13,113,21945,13,6021,100,15857,0,67,82,7641,30,7184,83,14825,California
Tuolumne,2021-03-14,148,22093,10,6031,129,15986,9,76,7,7521,141,7325,21,14846,California
Tuolumne,2021-03-15,302,22395,82,6113,217,16203,3,79,104,7439,197,7522,115,14961,California
Tuolumne,2021-03-16,807,23202,41,6154,755,16958,11,90,669,7982,137,7659,680,15641,California
Tuolumne,2021-03-17,153,23355,33,6187,107,17065,13,103,79,8001,73,7732,92,15733,California
Tuolumne,2021-03-18,949,24304,28,6215,908,17973,13,116,317,7704,627,8359,330,16063,California
Tuolumne,2021-03-19,134,24438,17,6232,87,18060,30,146,73,7747,60,8419,103,16166,California
Tuolumne,2021-03-20,95,24533,8,6240,77,18137,10,156,41,7744,53,8472,50,16216,California
Tuolumne,2021-03-21,835,25368,391,6631,434,18571,10,166,41,7014,782,9254,52,16268,California
Tuolumne,2021-03-22,163,25531,73,6704,71,18642,19,185,96,7064,66,9320,116,16384,California
Tuolumne,2021-03-23,712,26243,637,7341,61,18703,14,199,674,7714,37,9357,687,17071,California
Tuolumne,2021-03-24,109,26352,20,7361,71,18774,18,217,75,7774,33,9390,93,17164,California
Tuolumne,2021-03-25,1301,27653,24,7385,1274,20048,3,220,327,7133,971,10361,330,17494,California
Tuolumne,2021-03-26,277,27930,17,7402,236,20284,24,244,115,7123,150,10511,140,17634,California
Tuolumne,2021-03-27,581,28511,54,7456,527,20811,0,244,316,7178,263,10774,318,17952,California
Tuolumne,2021-03-28,46,28557,5,7461,41,20852,0,244,7,7148,38,10812,8,17960,California
Tuolumne,2021-03-29,207,28764,83,7544,124,20976,0,244,109,7162,95,10907,109,18069,California
Tuolumne,2021-03-30,160,28924,8,7552,151,21127,1,245,117,7238,42,10949,118,18187,California
Tuolumne,2021-03-31,94,29018,13,7565,79,21206,2,247,37,7222,55,11004,39,18226,California
Tuolumne,2021-04-01,1253,30271,29,7594,1224,22430,0,247,229,6430,1021,12025,229,18455,California
Tuolumne,2021-04-02,167,30438,9,7603,132,22562,26,273,90,6472,74,12099,116,18571,California
Tuolumne,2021-04-03,428,30866,35,7638,392,22954,1,274,239,6525,186,12285,239,18810,California
Tuolumne,2021-04-04,33,30899,3,7641,30,22984,0,274,20,6534,11,12296,20,18830,California
Tuolumne,2021-04-05,132,31031,19,7660,106,23090,7,281,59,6527,73,12369,66,18896,California
Tuolumne,2021-04-06,652,31683,517,8177,108,23198,27,308,517,6938,134,12503,545,19441,California
Tuolumne,2021-04-07,128,31811,37,8214,75,23273,16,324,50,6926,78,12581,66,19507,California
Tuolumne,2021-04-08,1450,33261,35,8249,1400,24673,15,339,248,5992,1197,13778,263,19770,California
Tuolumne,2021-04-09,274,33535,42,8291,189,24862,43,382,132,6029,142,13920,179,19949,California
Tuolumne,2021-04-10,54,33589,2,8293,32,24894,20,402,22,6040,31,13951,42,19991,California
Tuolumne,2021-04-11,18,33607,3,8296,12,24906,3,405,12,6049,6,13957,15,20006,California
Tuolumne,2021-04-12,173,33780,66,8362,102,25008,5,410,90,6066,78,14035,95,20101,California
Tuolumne,2021-04-13,788,34568,35,8397,753,25761,0,410,171,5629,608,14643,171,20272,California
Tuolumne,2021-04-14,157,34725,30,8427,127,25888,0,410,79,5635,74,14717,80,20352,California
Tuolumne,2021-04-15,345,35070,21,8448,324,26212,0,410,60,5417,278,14995,60,20412,California
Tuolumne,2021-04-16,256,35326,52,8500,204,26416,0,410,143,5457,104,15099,144,20556,California
Tuolumne,2021-04-17,44,35370,5,8505,39,26455,0,410,27,5467,17,15116,27,20583,California
Tuolumne,2021-04-18,9,35379,2,8507,7,26462,0,410,5,5469,4,15120,6,20589,California
Tuolumne,2021-04-19,176,35555,78,8585,98,26560,0,410,99,5493,75,15195,99,20688,California
Tuolumne,2021-04-20,709,36264,615,9200,94,26654,0,410,74,4940,627,15822,74,20762,California
Tuolumne,2021-04-21,118,36382,25,9225,93,26747,0,410,62,4952,50,15872,62,20824,California
Tuolumne,2021-04-22,710,37092,45,9270,665,27412,0,410,429,5110,272,16144,430,21254,California
Tuolumne,2021-04-23,172,37264,29,9299,143,27555,0,410,81,5104,88,16232,82,21336,California
Tuolumne,2021-04-24,78,37342,17,9316,61,27616,0,410,49,5124,29,16261,49,21385,California
Tuolumne,2021-04-25,25,37367,9,9325,16,27632,0,410,22,5143,3,16264,22,21407,California
Tuolumne,2021-04-26,156,37523,56,9381,100,27732,0,410,73,5135,82,16346,74,21481,California
Tuolumne,2021-04-27,138,37661,21,9402,110,27842,7,417,63,5133,72,16418,70,21551,California
Tuolumne,2021-04-28,113,37774,21,9423,81,27923,11,428,60,5152,52,16470,71,21622,California
Tuolumne,2021-04-29,279,38053,15,9438,256,28179,8,436,54,4993,221,16691,62,21684,California
Tuolumne,2021-04-30,366,38419,23,9461,331,28510,12,448,71,4785,291,16982,83,21767,California
Tuolumne,2021-05-01,25,38444,7,9468,13,28523,5,453,16,4797,9,16991,21,21788,California
Tuolumne,2021-05-02,26,38470,3,9471,21,28544,2,455,19,4811,7,16998,21,21809,California
Tuolumne,2021-05-03,111,38581,14,9485,92,28636,5,460,36,4779,73,17071,41,21850,California
Tuolumne,2021-05-04,708,39289,601,10086,103,28739,4,464,215,4505,492,17563,218,22068,California
Tuolumne,2021-05-05,110,39399,27,10113,77,28816,6,470,58,4520,49,17612,64,22132,California
Tuolumne,2021-05-06,289,39688,13,10126,260,29076,16,486,42,4334,243,17855,57,22189,California
Tuolumne,2021-05-07,329,40017,26,10152,295,29371,8,494,71,4156,257,18112,79,22268,California
Tuolumne,2021-05-08,47,40064,6,10158,37,29408,4,498,32,4177,15,18127,36,22304,California
Tuolumne,2021-05-09,17,40081,2,10160,13,29421,2,500,3,4168,14,18141,5,22309,California
Tuolumne,2021-05-10,113,40194,44,10204,63,29484,6,506,32,4126,80,18221,38,22347,California
Tuolumne,2021-05-11,202,40396,62,10266,128,29612,12,518,55,4047,146,18367,67,22414,California
Tuolumne,2021-05-12,130,40526,20,10286,106,29718,4,522,49,4019,81,18448,53,22467,California
Tuolumne,2021-05-13,116,40642,18,10304,90,29808,8,530,72,4054,44,18492,79,22546,California
Tuolumne,2021-05-14,206,40848,76,10380,120,29928,10,540,107,4074,97,18589,117,22663,California
Tuolumne,2021-05-15,56,40904,14,10394,35,29963,7,547,18,4062,38,18627,26,22689,California
Tuolumne,2021-05-16,26,40930,8,10402,16,29979,2,549,13,4064,13,18640,15,22704,California
Tuolumne,2021-05-17,110,41040,30,10432,77,30056,3,552,47,4052,63,18703,51,22755,California
Tuolumne,2021-05-18,177,41217,53,10485,77,30133,47,599,58,4039,118,18821,105,22860,California
Tuolumne,2021-05-19,119,41336,20,10505,66,30199,33,632,47,4048,71,18892,80,22940,California
Tuolumne,2021-05-20,407,41743,19,10524,382,30581,6,638,53,3755,352,19244,59,22999,California
Tuolumne,2021-05-21,197,41940,91,10615,101,30682,5,643,119,3802,77,19321,124,23123,California
Tuolumne,2021-05-22,57,41997,17,10632,34,30716,6,649,24,3799,32,19353,29,23152,California
Tuolumne,2021-05-23,27,42024,7,10639,19,30735,1,650,10,3793,17,19370,11,23163,California
Tuolumne,2021-05-24,134,42158,41,10680,87,30822,6,656,51,3768,82,19452,57,23220,California
Tuolumne,2021-05-25,296,42454,221,10901,69,30891,6,662,112,3703,183,19635,118,23338,California
Tuolumne,2021-05-26,88,42542,24,10925,62,30953,2,664,37,3691,51,19686,39,23377,California
Tuolumne,2021-05-27,75,42617,13,10938,59,31012,3,667,30,3680,44,19730,33,23410,California
Tuolumne,2021-05-28,111,42728,53,10991,57,31069,1,668,65,3702,44,19774,66,23476,California
Tuolumne,2021-05-29,38,42766,7,10998,25,31094,6,674,17,3704,21,19795,23,23499,California
Tuolumne,2021-05-30,18,42784,1,10999,14,31108,3,677,4,3697,14,19809,7,23506,California
Tuolumne,2021-05-31,10,42794,2,11001,7,31115,1,678,2,3692,8,19817,3,23509,California
Tuolumne,2021-06-01,75,42869,20,11021,52,31167,3,681,22,3665,52,19869,25,23534,California
Tuolumne,2021-06-02,73,42942,7,11028,58,31225,8,689,23,3647,49,19918,31,23565,California
Tuolumne,2021-06-03,76,43018,25,11053,36,31261,15,704,23,3633,52,19970,38,23603,California
Tuolumne,2021-06-04,132,43150,62,11115,67,31328,3,707,38,3582,92,20062,41,23644,California
Tuolumne,2021-06-05,40,43190,10,11125,28,31356,2,709,16,3576,24,20086,18,23662,California
Tuolumne,2021-06-06,18,43208,4,11129,7,31363,7,716,4,3573,14,20100,11,23673,California
Tuolumne,2021-06-07,59,43267,14,11143,37,31400,8,724,26,3574,33,20133,34,23707,California
Tuolumne,2021-06-08,73,43340,22,11165,50,31450,1,725,27,3558,44,20177,28,23735,California
Tuolumne,2021-06-09,87,43427,45,11210,32,31482,10,735,40,3562,46,20223,50,23785,California
Tuolumne,2021-06-10,95,43522,14,11224,74,31556,7,742,26,3526,69,20292,33,23818,California
Tuolumne,2021-06-11,101,43623,47,11271,51,31607,3,745,25,3479,75,20367,28,23846,California
Tuolumne,2021-06-12,60,43683,19,11290,25,31632,16,761,18,3473,40,20407,34,23880,California
Tuolumne,2021-06-13,17,43700,2,11292,10,31642,5,766,3,3467,14,20421,8,23888,California
Tuolumne,2021-06-14,94,43794,32,11324,58,31700,4,770,52,3481,42,20463,56,23944,California
Tuolumne,2021-06-15,130,43924,82,11406,39,31739,9,779,21,3404,107,20570,30,23974,California
Tuolumne,2021-06-16,94,44018,45,11451,46,31785,3,782,53,3420,40,20610,56,24030,California
Tuolumne,2021-06-17,44,44062,10,11461,33,31818,1,783,17,3411,27,20637,18,24048,California
Tuolumne,2021-06-18,156,44218,93,11554,51,31869,12,795,57,3381,98,20735,68,24116,California
Tuolumne,2021-06-19,26,44244,9,11563,14,31883,3,798,10,3378,16,20751,13,24129,California
Tuolumne,2021-06-20,5,44249,1,11564,4,31887,0,798,3,3379,2,20753,3,24132,California
Ventura,2020-12-15,5,5,5,5,0,0,0,0,5,5,0,0,5,5,California
Ventura,2020-12-16,73,78,73,78,0,0,0,0,73,78,0,0,73,78,California
Ventura,2020-12-17,253,331,253,331,0,0,0,0,253,331,0,0,253,331,California
Ventura,2020-12-18,1418,1749,1418,1749,0,0,0,0,1418,1749,0,0,1418,1749,California
Ventura,2020-12-19,912,2661,911,2660,1,1,0,0,912,2661,0,0,912,2661,California
Ventura,2020-12-20,432,3093,432,3092,0,1,0,0,432,3093,0,0,432,3093,California
Ventura,2020-12-21,1460,4553,1460,4552,0,1,0,0,1460,4553,0,0,1460,4553,California
Ventura,2020-12-22,1111,5664,1106,5658,5,6,0,0,1111,5664,0,0,1111,5664,California
Ventura,2020-12-23,1035,6699,984,6642,51,57,0,0,1035,6699,0,0,1035,6699,California
Ventura,2020-12-24,476,7175,377,7019,99,156,0,0,476,7175,0,0,476,7175,California
Ventura,2020-12-25,12,7187,7,7026,5,161,0,0,12,7187,0,0,12,7187,California
Ventura,2020-12-26,115,7302,94,7120,21,182,0,0,115,7302,0,0,115,7302,California
Ventura,2020-12-27,61,7363,29,7149,32,214,0,0,61,7363,0,0,61,7363,California
Ventura,2020-12-28,1072,8435,930,8079,142,356,0,0,1072,8435,0,0,1072,8435,California
Ventura,2020-12-29,1183,9618,776,8855,407,763,0,0,1183,9618,0,0,1183,9618,California
Ventura,2020-12-30,1994,11612,1530,10385,464,1227,0,0,1994,11612,0,0,1994,11612,California
Ventura,2020-12-31,481,12093,163,10548,318,1545,0,0,476,12083,5,5,476,12088,California
Ventura,2021-01-01,38,12131,15,10563,23,1568,0,0,38,12121,0,5,38,12126,California
Ventura,2021-01-02,172,12303,78,10641,94,1662,0,0,172,12293,0,5,172,12298,California
Ventura,2021-01-03,20,12323,8,10649,12,1674,0,0,20,12313,0,5,20,12318,California
Ventura,2021-01-04,1098,13421,556,11205,542,2216,0,0,1097,13410,0,5,1097,13415,California
Ventura,2021-01-05,1380,14801,784,11989,596,2812,0,0,1334,14698,46,51,1334,14749,California
Ventura,2021-01-06,2043,16844,1168,13157,875,3687,0,0,1620,15906,414,465,1622,16371,California
Ventura,2021-01-07,2070,18914,1324,14481,746,4433,0,0,1180,16200,887,1352,1181,17552,California
Ventura,2021-01-08,2202,21116,1477,15958,725,5158,0,0,909,15819,1291,2643,910,18462,California
Ventura,2021-01-09,713,21829,494,16452,219,5377,0,0,313,15732,400,3043,313,18775,California
Ventura,2021-01-10,342,22171,325,16777,17,5394,0,0,128,15646,214,3257,128,18903,California
Ventura,2021-01-11,2442,24613,1490,18267,952,6346,0,0,1488,16184,954,4211,1492,20395,California
Ventura,2021-01-12,3042,27655,1613,19880,1429,7775,0,0,2010,17162,1032,5243,2010,22405,California
Ventura,2021-01-13,2939,30594,1443,21323,1496,9271,0,0,2044,18315,892,6135,2045,24450,California
Ventura,2021-01-14,2773,33367,1098,22421,1675,10946,0,0,2329,20202,443,6578,2330,26780,California
Ventura,2021-01-15,2885,36252,966,23387,1919,12865,0,0,2668,22654,217,6795,2669,29449,California
Ventura,2021-01-16,481,36733,187,23574,294,13159,0,0,402,22977,79,6874,402,29851,California
Ventura,2021-01-17,267,37000,143,23717,124,13283,0,0,258,23227,8,6882,258,30109,California
Ventura,2021-01-18,2220,39220,1676,25393,544,13827,0,0,1671,24351,548,7430,1672,31781,California
Ventura,2021-01-19,3054,42274,2131,27524,923,14750,0,0,2150,25601,904,8334,2154,33935,California
Ventura,2021-01-20,4105,46379,3162,30686,943,15693,0,0,3045,27590,1057,9391,3046,36981,California
Ventura,2021-01-21,3858,50237,2703,33389,1155,16848,0,0,3176,30094,674,10065,3178,40159,California
Ventura,2021-01-22,3569,53806,2458,35847,1111,17959,0,0,3402,33330,167,10232,3403,43562,California
Ventura,2021-01-23,1147,54953,633,36480,514,18473,0,0,1049,34284,97,10329,1051,44613,California
Ventura,2021-01-24,441,55394,128,36608,313,18786,0,0,428,34699,13,10342,428,45041,California
Ventura,2021-01-25,3121,58515,2017,38625,1104,19890,0,0,2565,36710,555,10897,2566,47607,California
Ventura,2021-01-26,3676,62191,2206,40831,1470,21360,0,0,2669,38375,1004,11901,2669,50276,California
Ventura,2021-01-27,3428,65619,1544,42375,1884,23244,0,0,2675,40302,750,12651,2677,52953,California
Ventura,2021-01-28,3833,69452,1984,44359,1849,25093,0,0,3212,42909,606,13257,3213,56166,California
Ventura,2021-01-29,4272,73724,2533,46892,1739,26832,0,0,3769,46188,490,13747,3769,59935,California
Ventura,2021-01-30,3038,76762,1979,48871,1059,27891,0,0,2869,48893,165,13912,2870,62805,California
Ventura,2021-01-31,802,77564,420,49291,382,28273,0,0,713,49518,88,14000,713,63518,California
Ventura,2021-02-01,3971,81535,2129,51420,1842,30115,0,0,3191,51939,772,14772,3193,66711,California
Ventura,2021-02-02,4381,85916,2338,53758,2043,32158,0,0,3352,54268,1025,15797,3354,70065,California
Ventura,2021-02-03,4423,90339,2083,55841,2340,34498,0,0,3412,56675,1006,16803,3413,73478,California
Ventura,2021-02-04,4781,95120,2289,58130,2492,36990,0,0,3503,58911,1271,18074,3507,76985,California
Ventura,2021-02-05,4883,100003,2372,60502,2511,39501,0,0,3341,60725,1529,19603,3343,80328,California
Ventura,2021-02-06,2814,102817,1506,62008,1308,40809,0,0,2413,62738,400,20003,2413,82741,California
Ventura,2021-02-07,716,103533,231,62239,485,41294,0,0,588,63199,128,20131,589,83330,California
Ventura,2021-02-08,3524,107057,1641,63880,1883,43177,0,0,2432,64545,1087,21218,2433,85763,California
Ventura,2021-02-09,4700,111757,1967,65847,2733,45910,0,0,2457,64765,2240,23458,2460,88223,California
Ventura,2021-02-10,4681,116438,2219,68066,2462,48372,0,0,2373,64843,2296,25754,2374,90597,California
Ventura,2021-02-11,4648,121086,1857,69923,2791,51163,0,0,2439,65083,2202,27956,2442,93039,California
Ventura,2021-02-12,6290,127376,2644,72567,3646,54809,0,0,3233,65266,3050,31006,3233,96272,California
Ventura,2021-02-13,3266,130642,1815,74382,1451,56260,0,0,1826,65658,1436,32442,1828,98100,California
Ventura,2021-02-14,1198,131840,117,74499,1081,57341,0,0,995,66452,203,32645,997,99097,California
Ventura,2021-02-15,3972,135812,1791,76290,2181,59522,0,0,2106,66697,1863,34508,2108,101205,California
Ventura,2021-02-16,5515,141327,2690,78980,2825,62347,0,0,2993,67179,2512,37020,2994,104199,California
Ventura,2021-02-17,5256,146583,1892,80872,3364,65711,0,0,3322,68576,1925,38945,3322,107521,California
Ventura,2021-02-18,5747,152330,1810,82682,3937,69648,0,0,3639,70121,2094,41039,3639,111160,California
Ventura,2021-02-19,6461,158791,3754,86436,2707,72355,0,0,3001,69674,3454,44493,3007,114167,California
Ventura,2021-02-20,4920,163711,3168,89604,1752,74107,0,0,2746,70259,2165,46658,2750,116917,California
Ventura,2021-02-21,1066,164777,785,90389,281,74388,0,0,445,70088,616,47274,445,117362,California
Ventura,2021-02-22,5409,170186,2416,92805,2993,77381,0,0,3469,71628,1931,49205,3471,120833,California
Ventura,2021-02-23,5920,176106,2934,95739,2986,80367,0,0,3414,72558,2488,51693,3418,124251,California
Ventura,2021-02-24,7047,183153,2608,98347,4439,84806,0,0,4257,74045,2772,54465,4259,128510,California
Ventura,2021-02-25,7536,190689,2555,100902,4981,89787,0,0,4577,75681,2946,57411,4582,133092,California
Ventura,2021-02-26,9415,200104,2767,103669,6648,96435,0,0,6171,78637,3219,60630,6175,139267,California
Ventura,2021-02-27,10551,210655,5277,108946,5274,101709,0,0,7950,84014,2583,63213,7960,147227,California
Ventura,2021-02-28,2513,213168,1611,110557,901,102610,1,1,2064,85639,440,63653,2065,149292,California
Ventura,2021-03-01,7132,220300,2837,113394,4292,106902,3,4,4732,88005,2382,66035,4748,154040,California
Ventura,2021-03-02,7706,228006,4037,117431,3667,110569,2,6,5403,91117,2292,68327,5404,159444,California
Ventura,2021-03-03,8642,236648,3908,121339,4731,115300,3,9,6101,94704,2522,70849,6109,165553,California
Ventura,2021-03-04,8283,244931,3873,125212,4410,119710,0,9,5598,97639,2668,73517,5603,171156,California
Ventura,2021-03-05,10071,255002,4817,130029,5243,124953,11,20,7182,101972,2873,76390,7206,178362,California
Ventura,2021-03-06,7729,262731,4394,134423,3182,128135,153,173,5769,105947,1951,78341,5926,184288,California
Ventura,2021-03-07,1655,264386,612,135035,941,129076,102,275,1239,106875,416,78757,1344,185632,California
Ventura,2021-03-08,6838,271224,3443,138478,3242,132318,153,428,4730,109662,2100,80857,4887,190519,California
Ventura,2021-03-09,6828,278052,3017,141495,3621,135939,190,618,3964,110970,2851,83708,4159,194678,California
Ventura,2021-03-10,7026,285078,3017,144512,3770,139709,239,857,4707,113613,2303,86011,4946,199624,California
Ventura,2021-03-11,6537,291615,2884,147396,3339,143048,314,1171,3567,114539,2954,88965,3880,203504,California
Ventura,2021-03-12,8719,300334,3043,150439,4830,147878,846,2017,4276,115236,4423,93388,5120,208624,California
Ventura,2021-03-13,7269,307603,2504,152943,3932,151810,833,2850,4337,117482,2923,96311,5169,213793,California
Ventura,2021-03-14,2098,309701,467,153410,1132,152942,499,3349,707,117299,1390,97701,1207,215000,California
Ventura,2021-03-15,7092,316793,2034,155444,3707,156649,1351,4700,3146,117870,3921,101622,4492,219492,California
Ventura,2021-03-16,8151,324944,2456,157900,4581,161230,1114,5814,4223,119290,3915,105537,5335,224827,California
Ventura,2021-03-17,7693,332637,2791,160691,4560,165790,342,6156,4692,121346,2979,108516,5035,229862,California
Ventura,2021-03-18,7406,340043,3261,163952,3998,169788,147,6303,4832,123766,2561,111077,4981,234843,California
Ventura,2021-03-19,8643,348686,3783,167735,4749,174537,111,6414,5232,125722,3385,114462,5341,240184,California
Ventura,2021-03-20,8871,357557,5926,173661,2921,177458,24,6438,4613,126126,4234,118696,4638,244822,California
Ventura,2021-03-21,2783,360340,1521,175182,890,178348,372,6810,1306,126337,1463,120159,1674,246496,California
Ventura,2021-03-22,7401,367741,3677,178859,3622,181970,102,6912,4884,128828,2497,122656,4988,251484,California
Ventura,2021-03-23,8216,375957,3907,182766,4237,186207,72,6984,4605,129921,3582,126238,4675,256159,California
Ventura,2021-03-24,8946,384903,3421,186187,5449,191656,76,7060,4484,130053,4431,130669,4563,260722,California
Ventura,2021-03-25,8813,393716,3906,190093,4806,196462,101,7161,4460,130280,4333,135002,4560,265282,California
Ventura,2021-03-26,9963,403679,3364,193457,5943,202405,656,7817,4005,129012,5927,140929,4659,269941,California
Ventura,2021-03-27,8733,412412,3921,197378,4773,207178,39,7856,2407,125173,6286,147215,2447,272388,California
Ventura,2021-03-28,2500,414912,1409,198787,1083,208261,8,7864,1349,125385,1145,148360,1357,273745,California
Ventura,2021-03-29,8616,423528,4317,203104,4253,212514,46,7910,4259,125364,4326,152686,4305,278050,California
Ventura,2021-03-30,8990,432518,4458,207562,4403,216917,129,8039,4375,125268,4600,157286,4504,282554,California
Ventura,2021-03-31,10812,443330,4857,212419,5327,222244,628,8667,4680,124467,6105,163391,5304,287858,California
Ventura,2021-04-01,10876,454206,5270,217689,4731,226975,875,9542,5480,125465,5351,168742,6349,294207,California
Ventura,2021-04-02,11809,466015,4636,222325,5837,232812,1336,10878,5659,126345,6116,174858,6996,301203,California
Ventura,2021-04-03,8084,474099,4022,226347,2886,235698,1176,12054,3411,126264,4661,179519,4580,305783,California
Ventura,2021-04-04,1710,475809,957,227304,618,236316,135,12189,1142,126979,562,180081,1277,307060,California
Ventura,2021-04-05,9415,485224,4842,232146,3460,239776,1113,13302,4802,128291,4600,184681,5912,312972,California
Ventura,2021-04-06,10970,496194,5573,237719,3906,243682,1491,14793,5656,130149,5287,189968,7145,320117,California
Ventura,2021-04-07,11471,507665,5393,243112,4580,248262,1498,16291,5250,130690,6200,196168,6741,326858,California
Ventura,2021-04-08,10452,518117,5274,248386,4197,252459,981,17272,5225,131685,5202,201370,6197,333055,California
Ventura,2021-04-09,11353,529470,4356,252742,5265,257724,1732,19004,4968,132017,6360,207730,6692,339747,California
Ventura,2021-04-10,9855,539325,4160,256902,3529,261253,2166,21170,3062,130466,6774,214504,5223,344970,California
Ventura,2021-04-11,2432,541757,850,257752,1007,262260,575,21745,680,129977,1742,216246,1253,346223,California
Ventura,2021-04-12,9069,550826,4501,262253,3733,265993,835,22580,3809,129373,5243,221489,4639,350862,California
Ventura,2021-04-13,8919,559745,4537,266790,4376,270369,6,22586,3778,128055,5102,226591,3784,354646,California
Ventura,2021-04-14,8860,568605,4125,270915,4720,275089,15,22601,3413,126083,5409,232000,3437,358083,California
Ventura,2021-04-15,9475,578080,4590,275505,4858,279947,27,22628,4162,124997,5277,237277,4191,362274,California
Ventura,2021-04-16,10245,588325,4497,280002,5746,285693,2,22630,4850,124489,5372,242649,4864,367138,California
Ventura,2021-04-17,9019,597344,5389,285391,3616,289309,14,22644,5263,126038,3739,246388,5288,372426,California
Ventura,2021-04-18,2132,599476,1012,286403,1120,290429,0,22644,917,125749,1207,247595,918,373344,California
Ventura,2021-04-19,8114,607590,4841,291244,3270,293699,3,22647,4684,127037,3405,251000,4693,378037,California
Ventura,2021-04-20,9358,616948,4942,296186,4411,298110,5,22652,4419,126568,4914,255914,4445,382482,California
Ventura,2021-04-21,8992,625940,4604,300790,4383,302493,5,22657,4315,126231,4662,260576,4325,386807,California
Ventura,2021-04-22,10072,636012,5485,306275,4587,307080,0,22657,4502,125185,5550,266126,4504,391311,California
Ventura,2021-04-23,10890,646902,5381,311656,5508,312588,1,22658,5429,125183,5433,271559,5431,396742,California
Ventura,2021-04-24,10518,657420,5880,317536,4638,317226,0,22658,6187,127058,4313,275872,6188,402930,California
Ventura,2021-04-25,2471,659891,1715,319251,756,317982,0,22658,1160,126910,1308,277180,1160,404090,California
Ventura,2021-04-26,7927,667818,4524,323775,3336,321318,67,22725,3308,125691,4589,281769,3370,407460,California
Ventura,2021-04-27,9147,676965,5094,328869,3829,325147,224,22949,3447,123678,5682,287451,3669,411129,California
Ventura,2021-04-28,8347,685312,4827,333696,3202,328349,318,23267,3273,122220,5050,292501,3592,414721,California
Ventura,2021-04-29,7872,693184,4218,337914,3390,331739,264,23531,2791,120221,5053,297554,3054,417775,California
Ventura,2021-04-30,9422,702606,5426,343340,3723,335462,273,23804,3900,118895,5488,303042,4162,421937,California
Ventura,2021-05-01,5104,707710,3615,346955,1385,336847,104,23908,2022,117963,3057,306099,2125,424062,California
Ventura,2021-05-02,2119,709829,1420,348375,609,337456,90,23998,1022,117983,1093,307192,1113,425175,California
Ventura,2021-05-03,6275,716104,3860,352235,2136,339592,279,24277,1969,115944,4286,311478,2247,427422,California
Ventura,2021-05-04,6341,722445,3294,355529,2755,342347,292,24569,2298,114507,4028,315506,2591,430013,California
Ventura,2021-05-05,5369,727814,2980,358509,2131,344478,258,24827,1932,113282,3409,318915,2184,432197,California
Ventura,2021-05-06,6216,734030,3202,361711,2747,347225,267,25094,1997,111348,4199,323114,2265,434462,California
Ventura,2021-05-07,6808,740838,3362,365073,3175,350400,271,25365,2342,109523,4437,327551,2612,437074,California
Ventura,2021-05-08,5348,746186,4150,369223,1039,351439,159,25524,1218,106783,4115,331666,1375,438449,California
Ventura,2021-05-09,1032,747218,727,369950,259,351698,46,25570,386,106575,639,332305,431,438880,California
Ventura,2021-05-10,6128,753346,4079,374029,1837,353535,212,25782,1390,103451,4725,337030,1601,440481,California
Ventura,2021-05-11,5315,758661,3273,377302,1817,355352,225,26007,1534,101440,3770,340800,1759,442240,California
Ventura,2021-05-12,4968,763629,2893,380195,1855,357207,220,26227,1540,99788,3412,344212,1760,444000,California
Ventura,2021-05-13,6252,769881,3746,383941,2296,359503,210,26437,2218,98200,4019,348231,2431,446431,California
Ventura,2021-05-14,7284,777165,4454,388395,2626,362129,204,26641,2742,96619,4524,352755,2943,449374,California
Ventura,2021-05-15,6700,783865,5353,393748,1264,363393,83,26724,2787,95600,3890,356645,2871,452245,California
Ventura,2021-05-16,2169,786034,1678,395426,438,363831,53,26777,1018,95525,1146,357791,1071,453316,California
Ventura,2021-05-17,5874,791908,3545,398971,2113,365944,216,26993,2418,94720,3438,361229,2633,455949,California
Ventura,2021-05-18,5397,797305,3163,402134,2054,367998,180,27173,2147,93815,3231,364460,2326,458275,California
Ventura,2021-05-19,5837,803142,3527,405661,2099,370097,211,27384,2389,92989,3422,367882,2596,460871,California
Ventura,2021-05-20,5458,808600,3025,408686,2277,372374,156,27540,2149,92009,3281,371163,2301,463172,California
Ventura,2021-05-21,7916,816516,4461,413147,3278,375652,177,27717,2586,89475,5298,376461,2764,465936,California
Ventura,2021-05-22,5614,822130,2859,416006,2680,378332,75,27792,1761,87467,3844,380305,1836,467772,California
Ventura,2021-05-23,1933,824063,1475,417481,387,378719,71,27863,727,87066,1199,381504,798,468570,California
Ventura,2021-05-24,4517,828580,2438,419919,1912,380631,167,28030,1437,85604,3063,384567,1601,470171,California
Ventura,2021-05-25,4282,832862,2217,422136,1913,382544,152,28182,1418,84328,2845,387412,1569,471740,California
Ventura,2021-05-26,4267,837129,2275,424411,1829,384373,163,28345,1657,83556,2592,390004,1820,473560,California
Ventura,2021-05-27,3847,840976,1893,426304,1826,386199,128,28473,1372,82593,2462,392466,1499,475059,California
Ventura,2021-05-28,4562,845538,2477,428781,1892,388091,193,28666,1984,82208,2559,395025,2174,477233,California
Ventura,2021-05-29,2136,847674,1337,430118,732,388823,67,28733,1037,82224,1088,396113,1104,478337,California
Ventura,2021-05-30,899,848573,577,430695,269,389092,53,28786,370,82120,527,396640,423,478760,California
Ventura,2021-05-31,256,848829,136,430831,110,389202,10,28796,60,81994,196,396836,70,478830,California
Ventura,2021-06-01,3983,852812,2270,433101,1549,390751,164,28960,1301,80797,2662,399498,1465,480295,California
Ventura,2021-06-02,2952,855764,1625,434726,1191,391942,136,29096,1022,80039,1916,401414,1158,481453,California
Ventura,2021-06-03,3236,859000,1997,436723,1085,393027,154,29250,919,78806,2305,403719,1072,482525,California
Ventura,2021-06-04,4573,863573,3004,439727,1409,394436,160,29410,1480,77367,3079,406798,1640,484165,California
Ventura,2021-06-05,3804,867377,3176,442903,565,395001,63,29473,1166,75970,2626,409424,1229,485394,California
Ventura,2021-06-06,1240,868617,1059,443962,136,395137,45,29518,290,75364,940,410364,334,485728,California
Ventura,2021-06-07,3158,871775,2348,446310,700,395837,110,29628,956,74242,2187,412551,1065,486793,California
Ventura,2021-06-08,3003,874778,1979,448289,894,396731,130,29758,881,73143,2110,414661,1011,487804,California
Ventura,2021-06-09,2940,877718,2039,450328,791,397522,110,29868,764,71852,2164,416825,873,488677,California
Ventura,2021-06-10,3020,880738,2114,452442,804,398326,102,29970,815,70574,2193,419018,915,489592,California
Ventura,2021-06-11,3454,884192,2374,454816,945,399271,135,30105,978,69218,2466,421484,1110,490702,California
Ventura,2021-06-12,2137,886329,1680,456496,414,399685,43,30148,509,68149,1621,423105,552,491254,California
Ventura,2021-06-13,1004,887333,768,457264,172,399857,64,30212,235,67682,768,423873,301,491555,California
Ventura,2021-06-14,2628,889961,1793,459057,709,400566,126,30338,816,66823,1800,425673,941,492496,California
Ventura,2021-06-15,2415,892376,1561,460618,747,401313,107,30445,840,66205,1563,427236,945,493441,California
Ventura,2021-06-16,2481,894857,1818,462436,557,401870,106,30551,831,65509,1632,428868,936,494377,California
Ventura,2021-06-17,2206,897063,1556,463992,556,402426,94,30645,820,65045,1378,430246,914,495291,California
Ventura,2021-06-18,2888,899951,2056,466048,724,403150,108,30753,948,64176,1924,432170,1055,496346,California
Ventura,2021-06-19,1333,901284,1036,467084,276,403426,21,30774,514,63901,810,432980,535,496881,California
Ventura,2021-06-20,259,901543,188,467272,41,403467,30,30804,105,63884,152,433132,135,497016,California
Yolo,2020-12-15,39,39,39,39,0,0,0,0,39,39,0,0,39,39,California
Yolo,2020-12-16,78,117,78,117,0,0,0,0,78,117,0,0,78,117,California
Yolo,2020-12-17,107,224,107,224,0,0,0,0,107,224,0,0,107,224,California
Yolo,2020-12-18,230,454,230,454,0,0,0,0,230,454,0,0,230,454,California
Yolo,2020-12-19,87,541,87,541,0,0,0,0,87,541,0,0,87,541,California
Yolo,2020-12-20,104,645,104,645,0,0,0,0,104,645,0,0,104,645,California
Yolo,2020-12-21,253,898,253,898,0,0,0,0,253,898,0,0,253,898,California
Yolo,2020-12-22,383,1281,382,1280,1,1,0,0,383,1281,0,0,383,1281,California
Yolo,2020-12-23,437,1718,418,1698,19,20,0,0,437,1718,0,0,437,1718,California
Yolo,2020-12-24,152,1870,94,1792,58,78,0,0,152,1870,0,0,152,1870,California
Yolo,2020-12-25,1,1871,1,1793,0,78,0,0,1,1871,0,0,1,1871,California
Yolo,2020-12-26,75,1946,25,1818,50,128,0,0,75,1946,0,0,75,1946,California
Yolo,2020-12-27,47,1993,20,1838,27,155,0,0,47,1993,0,0,47,1993,California
Yolo,2020-12-28,351,2344,180,2018,171,326,0,0,351,2344,0,0,351,2344,California
Yolo,2020-12-29,491,2835,268,2286,223,549,0,0,491,2835,0,0,491,2835,California
Yolo,2020-12-30,633,3468,262,2548,371,920,0,0,633,3468,0,0,633,3468,California
Yolo,2020-12-31,187,3655,94,2642,93,1013,0,0,187,3655,0,0,187,3655,California
Yolo,2021-01-01,57,3712,55,2697,2,1015,0,0,57,3712,0,0,57,3712,California
Yolo,2021-01-02,69,3781,26,2723,43,1058,0,0,69,3781,0,0,69,3781,California
Yolo,2021-01-03,45,3826,19,2742,26,1084,0,0,45,3826,0,0,45,3826,California
Yolo,2021-01-04,192,4018,41,2783,151,1235,0,0,192,4018,0,0,192,4018,California
Yolo,2021-01-05,618,4636,238,3021,380,1615,0,0,556,4512,62,62,556,4574,California
Yolo,2021-01-06,486,5122,183,3204,303,1918,0,0,346,4718,140,202,346,4920,California
Yolo,2021-01-07,718,5840,233,3437,485,2403,0,0,527,5055,190,392,527,5447,California
Yolo,2021-01-08,633,6473,311,3748,322,2725,0,0,409,5241,223,615,409,5856,California
Yolo,2021-01-09,423,6896,69,3817,354,3079,0,0,377,5572,46,661,377,6233,California
Yolo,2021-01-10,405,7301,79,3896,326,3405,0,0,335,5837,70,731,335,6568,California
Yolo,2021-01-11,563,7864,329,4225,234,3639,0,0,287,5850,276,1007,289,6857,California
Yolo,2021-01-12,486,8350,368,4593,118,3757,0,0,176,5717,310,1317,177,7034,California
Yolo,2021-01-13,769,9119,312,4905,457,4214,0,0,518,5984,251,1568,518,7552,California
Yolo,2021-01-14,381,9500,182,5087,199,4413,0,0,278,6159,103,1671,278,7830,California
Yolo,2021-01-15,634,10134,325,5412,309,4722,0,0,552,6630,82,1753,553,8383,California
Yolo,2021-01-16,745,10879,90,5502,655,5377,0,0,714,7313,31,1784,714,9097,California
Yolo,2021-01-17,189,11068,119,5621,70,5447,0,0,182,7488,7,1791,182,9279,California
Yolo,2021-01-18,485,11553,306,5927,179,5626,0,0,380,7763,105,1896,380,9659,California
Yolo,2021-01-19,554,12107,369,6296,185,5811,0,0,380,7969,174,2070,380,10039,California
Yolo,2021-01-20,659,12766,379,6675,280,6091,0,0,471,8253,187,2257,471,10510,California
Yolo,2021-01-21,649,13415,386,7061,263,6354,0,0,464,8532,185,2442,464,10974,California
Yolo,2021-01-22,753,14168,252,7313,501,6855,0,0,637,9055,114,2556,637,11611,California
Yolo,2021-01-23,614,14782,122,7435,492,7347,0,0,567,9575,47,2603,567,12178,California
Yolo,2021-01-24,208,14990,123,7558,85,7432,0,0,167,9701,41,2644,167,12345,California
Yolo,2021-01-25,730,15720,159,7717,571,8003,0,0,506,9983,224,2868,506,12851,California
Yolo,2021-01-26,829,16549,329,8046,500,8503,0,0,434,10022,395,3263,434,13285,California
Yolo,2021-01-27,547,17096,216,8262,331,8834,0,0,371,10217,176,3439,371,13656,California
Yolo,2021-01-28,1053,18149,565,8827,488,9322,0,0,926,11016,127,3566,926,14582,California
Yolo,2021-01-29,897,19046,262,9089,635,9957,0,0,810,11740,86,3652,810,15392,California
Yolo,2021-01-30,1525,20571,928,10017,597,10554,0,0,1405,13031,114,3766,1405,16797,California
Yolo,2021-01-31,240,20811,202,10219,38,10592,0,0,211,13214,28,3794,211,17008,California
Yolo,2021-02-01,848,21659,361,10580,487,11079,0,0,613,13597,231,4025,614,17622,California
Yolo,2021-02-02,1342,23001,755,11335,587,11666,0,0,930,14116,412,4437,931,18553,California
Yolo,2021-02-03,1522,24523,398,11733,1124,12790,0,0,1180,14957,339,4776,1180,19733,California
Yolo,2021-02-04,1785,26308,282,12015,1503,14293,0,0,1229,15642,545,5321,1230,20963,California
Yolo,2021-02-05,1604,27912,912,12927,692,14985,0,0,1199,16438,404,5725,1200,22163,California
Yolo,2021-02-06,1954,29866,1269,14196,685,15670,0,0,1580,17645,374,6099,1581,23744,California
Yolo,2021-02-07,528,30394,246,14442,282,15952,0,0,168,17454,359,6458,168,23912,California
Yolo,2021-02-08,943,31337,328,14770,615,16567,0,0,604,17722,336,6794,604,24516,California
Yolo,2021-02-09,857,32194,385,15155,472,17039,0,0,573,18011,284,7078,573,25089,California
Yolo,2021-02-10,1466,33660,475,15630,991,18030,0,0,832,18211,634,7712,834,25923,California
Yolo,2021-02-11,1577,35237,812,16442,765,18795,0,0,1180,18994,397,8109,1180,27103,California
Yolo,2021-02-12,1920,37157,761,17203,1159,19954,0,0,1440,19959,476,8585,1441,28544,California
Yolo,2021-02-13,2056,39213,711,17914,1345,21299,0,0,1380,20663,676,9261,1380,29924,California
Yolo,2021-02-14,560,39773,151,18065,409,21708,0,0,436,20976,123,9384,436,30360,California
Yolo,2021-02-15,551,40324,210,18275,341,22049,0,0,280,20986,271,9655,281,30641,California
Yolo,2021-02-16,1128,41452,424,18699,704,22753,0,0,804,21467,324,9979,805,31446,California
Yolo,2021-02-17,1389,42841,703,19402,686,23439,0,0,996,22070,393,10372,996,32442,California
Yolo,2021-02-18,2483,45324,807,20209,1676,25115,0,0,1714,23017,768,11140,1715,34157,California
Yolo,2021-02-19,1750,47074,746,20955,1004,26119,0,0,1127,23523,621,11761,1127,35284,California
Yolo,2021-02-20,2464,49538,958,21913,1506,27625,0,0,1377,23819,1082,12843,1378,36662,California
Yolo,2021-02-21,288,49826,227,22140,61,27686,0,0,75,23682,212,13055,75,36737,California
Yolo,2021-02-22,1368,51194,598,22738,770,28456,0,0,697,23709,670,13725,697,37434,California
Yolo,2021-02-23,1133,52327,850,23588,283,28739,0,0,436,23449,696,14421,436,37870,California
Yolo,2021-02-24,2086,54413,594,24182,1492,30231,0,0,1383,24131,701,15122,1383,39253,California
Yolo,2021-02-25,1391,55804,488,24670,903,31134,0,0,919,24579,471,15593,919,40172,California
Yolo,2021-02-26,2623,58427,1033,25703,1590,32724,0,0,1380,24719,1240,16833,1380,41552,California
Yolo,2021-02-27,1686,60113,787,26490,899,33623,0,0,1236,25505,450,17283,1236,42788,California
Yolo,2021-02-28,1844,61957,1543,28033,301,33924,0,0,720,25104,1122,18405,721,43509,California
Yolo,2021-03-01,1136,63093,371,28404,765,34689,0,0,686,25342,448,18853,686,44195,California
Yolo,2021-03-02,1478,64571,697,29101,781,35470,0,0,946,25756,532,19385,946,45141,California
Yolo,2021-03-03,1868,66439,646,29747,1222,36692,0,0,845,25580,1021,20406,845,45986,California
Yolo,2021-03-04,2912,69351,1475,31222,1437,38129,0,0,1564,25799,1345,21751,1564,47550,California
Yolo,2021-03-05,2356,71707,1410,32632,935,39064,11,11,1465,26386,889,22640,1476,49026,California
Yolo,2021-03-06,1501,73208,1153,33785,319,39383,29,40,860,26636,639,23279,889,49915,California
Yolo,2021-03-07,913,74121,680,34465,219,39602,14,54,780,27297,133,23412,794,50709,California
Yolo,2021-03-08,1112,75233,501,34966,568,40170,43,97,763,27758,346,23758,807,51516,California
Yolo,2021-03-09,1267,76500,676,35642,528,40698,63,160,777,28110,488,24246,840,52356,California
Yolo,2021-03-10,1836,78336,1070,36712,474,41172,292,452,759,28081,1073,25319,1044,53400,California
Yolo,2021-03-11,2336,80672,1604,38316,666,41838,66,518,1603,29019,732,26051,1670,55070,California
Yolo,2021-03-12,2910,83582,1355,39671,1474,43312,81,599,1373,28945,1529,27580,1455,56525,California
Yolo,2021-03-13,1842,85424,726,40397,939,44251,177,776,996,29275,843,28423,1173,57698,California
Yolo,2021-03-14,1014,86438,206,40603,659,44910,149,925,538,29481,475,28898,681,58379,California
Yolo,2021-03-15,1325,87763,772,41375,369,45279,184,1109,712,29763,611,29509,893,59272,California
Yolo,2021-03-16,1889,89652,726,42101,1091,46370,72,1181,1123,30192,766,30275,1195,60467,California
Yolo,2021-03-17,2511,92163,988,43089,1449,47819,74,1255,1719,31228,789,31064,1825,62292,California
Yolo,2021-03-18,3028,95191,1036,44125,1770,49589,222,1477,1255,30936,1769,32833,1477,63769,California
Yolo,2021-03-19,2087,97278,865,44990,1153,50742,69,1546,1081,31087,999,33832,1150,64919,California
Yolo,2021-03-20,2775,100053,822,45812,1909,52651,44,1590,1088,30539,1682,35514,1134,66053,California
Yolo,2021-03-21,313,100366,211,46023,94,52745,8,1598,206,30647,106,35620,214,66267,California
Yolo,2021-03-22,1403,101769,485,46508,858,53603,60,1658,916,31138,484,36104,975,67242,California
Yolo,2021-03-23,1738,103507,940,47448,741,54344,57,1715,1065,31587,672,36776,1121,68363,California
Yolo,2021-03-24,2870,106377,1405,48853,1415,55759,50,1765,1395,31570,1463,38239,1446,69809,California
Yolo,2021-03-25,2549,108926,1417,50270,1104,56863,28,1793,1256,31572,1282,39521,1284,71093,California
Yolo,2021-03-26,2390,111316,1257,51527,1114,57977,19,1812,1020,31248,1362,40883,1038,72131,California
Yolo,2021-03-27,1658,112974,468,51995,1172,59149,18,1830,747,31103,910,41793,765,72896,California
Yolo,2021-03-28,1111,114085,866,52861,226,59375,19,1849,251,30517,855,42648,269,73165,California
Yolo,2021-03-29,2014,116099,814,53675,1170,60545,30,1879,960,30457,1050,43698,990,74155,California
Yolo,2021-03-30,2274,118373,1084,54759,1172,61717,18,1897,1167,30540,1102,44800,1185,75340,California
Yolo,2021-03-31,2355,120728,1231,55990,1087,62804,37,1934,1172,30567,1182,45982,1209,76549,California
Yolo,2021-04-01,3850,124578,1862,57852,1513,64317,475,2409,1611,30416,2236,48218,2085,78634,California
Yolo,2021-04-02,3387,127965,1518,59370,1723,66040,146,2555,2106,31393,1275,49493,2252,80886,California
Yolo,2021-04-03,1826,129791,1103,60473,504,66544,219,2774,816,31419,1009,50502,1035,81921,California
Yolo,2021-04-04,395,130186,156,60629,177,66721,62,2836,147,31380,248,50750,209,82130,California
Yolo,2021-04-05,1926,132112,741,61370,1085,67806,100,2936,1020,31600,901,51651,1121,83251,California
Yolo,2021-04-06,2586,134698,1327,62697,1087,68893,172,3108,1301,31799,1275,52926,1474,84725,California
Yolo,2021-04-07,2982,137680,1525,64222,1102,69995,355,3463,1920,33022,1056,53982,2279,87004,California
Yolo,2021-04-08,2418,140098,1003,65225,941,70936,474,3937,1022,33122,1393,55375,1493,88497,California
Yolo,2021-04-09,2572,142670,918,66143,1091,72027,563,4500,851,32811,1717,57092,1406,89903,California
Yolo,2021-04-10,1755,144425,822,66965,749,72776,184,4684,1038,33318,714,57806,1221,91124,California
Yolo,2021-04-11,932,145357,286,67251,576,73352,70,4754,372,33202,557,58363,441,91565,California
Yolo,2021-04-12,1776,147133,522,67773,1110,74462,144,4898,1104,33782,669,59032,1249,92814,California
Yolo,2021-04-13,1988,149121,916,68689,1072,75534,0,4898,1045,33885,942,59974,1045,93859,California
Yolo,2021-04-14,2806,151927,770,69459,2036,77570,0,4898,1387,33860,1413,61387,1388,95247,California
Yolo,2021-04-15,3351,155278,1138,70597,2213,79783,0,4898,2304,35124,1041,62428,2305,97552,California
Yolo,2021-04-16,3068,158346,1984,72581,1084,80867,0,4898,1968,36003,1093,63521,1972,99524,California
Yolo,2021-04-17,1604,159950,472,73053,1132,81999,0,4898,834,36071,767,64288,835,100359,California
Yolo,2021-04-18,632,160582,304,73357,328,82327,0,4898,351,36145,277,64565,351,100710,California
Yolo,2021-04-19,1670,162252,716,74073,953,83280,1,4899,766,36014,899,65464,768,101478,California
Yolo,2021-04-20,2010,164262,1019,75092,991,84271,0,4899,1085,36176,923,66387,1085,102563,California
Yolo,2021-04-21,1979,166241,987,76079,992,85263,0,4899,1074,36349,901,67288,1074,103637,California
Yolo,2021-04-22,1931,168172,872,76951,1059,86322,0,4899,960,36344,966,68254,961,104598,California
Yolo,2021-04-23,2611,170783,1531,78482,1080,87402,0,4899,1155,36054,1445,69699,1155,105753,California
Yolo,2021-04-24,1161,171944,643,79125,515,87917,3,4902,455,35814,698,70397,458,106211,California
Yolo,2021-04-25,949,172893,407,79532,542,88459,0,4902,726,36318,222,70619,726,106937,California
Yolo,2021-04-26,1234,174127,489,80021,742,89201,3,4905,528,36146,704,71323,532,107469,California
Yolo,2021-04-27,1544,175671,724,80745,801,90002,19,4924,603,35829,941,72264,624,108093,California
Yolo,2021-04-28,2035,177706,1005,81750,1003,91005,27,4951,732,35289,1299,73563,759,108852,California
Yolo,2021-04-29,1749,179455,814,82564,853,91858,82,5033,694,35012,1052,74615,775,109627,California
Yolo,2021-04-30,2011,181466,997,83561,957,92815,57,5090,966,34995,1039,75654,1022,110649,California
Yolo,2021-05-01,1281,182747,993,84554,268,93083,20,5110,372,34479,908,76562,392,111041,California
Yolo,2021-05-02,522,183269,430,84984,69,93152,23,5133,325,34630,197,76759,348,111389,California
Yolo,2021-05-03,1117,184386,404,85388,680,93832,33,5166,296,34139,819,77578,328,111717,California
Yolo,2021-05-04,1442,185828,665,86053,753,94585,24,5190,498,33721,940,78518,522,112239,California
Yolo,2021-05-05,1553,187381,428,86481,1060,95645,65,5255,449,33138,1097,79615,514,112753,California
Yolo,2021-05-06,1490,188871,692,87173,718,96363,80,5335,485,32710,993,80608,565,113318,California
Yolo,2021-05-07,2306,191177,1389,88562,866,97229,51,5386,460,31381,1838,82446,509,113827,California
Yolo,2021-05-08,841,192018,359,88921,426,97655,56,5442,314,31225,524,82970,368,114195,California
Yolo,2021-05-09,392,192410,161,89082,218,97873,13,5455,87,31021,304,83274,100,114295,California
Yolo,2021-05-10,904,193314,354,89436,505,98378,45,5500,152,30467,750,84024,196,114491,California
Yolo,2021-05-11,1144,194458,663,90099,459,98837,22,5522,277,29903,863,84887,299,114790,California
Yolo,2021-05-12,1572,196030,702,90801,837,99674,33,5555,315,29000,1254,86141,351,115141,California
Yolo,2021-05-13,2171,198201,849,91650,1266,100940,56,5611,644,28177,1523,87664,700,115841,California
Yolo,2021-05-14,2030,200231,1516,93166,483,101423,31,5642,1156,28493,871,88535,1187,117028,California
Yolo,2021-05-15,1247,201478,710,93876,490,101913,47,5689,648,28589,599,89134,695,117723,California
Yolo,2021-05-16,1408,202886,1200,95076,202,102115,6,5695,991,29174,412,89546,997,118720,California
Yolo,2021-05-17,1082,203968,395,95471,668,102783,19,5714,315,28745,763,90309,334,119054,California
Yolo,2021-05-18,1693,205661,1110,96581,563,103346,20,5734,916,28909,772,91081,936,119990,California
Yolo,2021-05-19,998,206659,577,97158,382,103728,39,5773,485,28922,511,91592,524,120514,California
Yolo,2021-05-20,1088,207747,691,97849,371,104099,26,5799,387,28640,695,92287,413,120927,California
Yolo,2021-05-21,1439,209186,936,98785,476,104575,27,5826,375,27981,1059,93346,400,121327,California
Yolo,2021-05-22,817,210003,538,99323,271,104846,8,5834,280,27738,532,93878,289,121616,California
Yolo,2021-05-23,618,210621,165,99488,436,105282,17,5851,108,27355,509,94387,126,121742,California
Yolo,2021-05-24,700,211321,341,99829,339,105621,20,5871,218,27114,480,94867,239,121981,California
Yolo,2021-05-25,875,212196,506,100335,347,105968,22,5893,343,26952,527,95394,365,122346,California
Yolo,2021-05-26,809,213005,269,100604,508,106476,32,5925,258,26695,547,95941,290,122636,California
Yolo,2021-05-27,757,213762,382,100986,327,106803,48,5973,306,26602,447,96388,354,122990,California
Yolo,2021-05-28,871,214633,394,101380,447,107250,30,6003,377,26518,490,96878,406,123396,California
Yolo,2021-05-29,591,215224,341,101721,213,107463,37,6040,272,26508,317,97195,307,123703,California
Yolo,2021-05-30,135,215359,70,101791,58,107521,7,6047,55,26492,78,97273,62,123765,California
Yolo,2021-05-31,70,215429,18,101809,48,107569,4,6051,16,26457,54,97327,19,123784,California
Yolo,2021-06-01,748,216177,323,102132,400,107969,25,6076,256,26252,486,97813,281,124065,California
Yolo,2021-06-02,755,216932,301,102433,433,108402,21,6097,235,25991,517,98330,256,124321,California
Yolo,2021-06-03,912,217844,587,103020,303,108705,22,6119,217,25538,692,99022,239,124560,California
Yolo,2021-06-04,1490,219334,1215,104235,252,108957,23,6142,380,24834,1106,100128,402,124962,California
Yolo,2021-06-05,724,220058,552,104787,155,109112,17,6159,166,24459,558,100686,183,125145,California
Yolo,2021-06-06,1111,221169,1047,105834,56,109168,8,6167,175,23707,935,101621,183,125328,California
Yolo,2021-06-07,520,221689,271,106105,228,109396,21,6188,175,23561,341,101962,195,125523,California
Yolo,2021-06-08,1039,222728,808,106913,212,109608,19,6207,199,22940,839,102801,218,125741,California
Yolo,2021-06-09,780,223508,484,107397,266,109874,30,6237,260,22712,517,103318,289,126030,California
Yolo,2021-06-10,570,224078,364,107761,174,110048,32,6269,168,22512,400,103718,200,126230,California
Yolo,2021-06-11,653,224731,443,108204,186,110234,24,6293,197,22279,454,104172,221,126451,California
Yolo,2021-06-12,450,225181,277,108481,147,110381,26,6319,125,22107,323,104495,151,126602,California
Yolo,2021-06-13,154,225335,115,108596,38,110419,1,6320,63,22081,90,104585,64,126666,California
Yolo,2021-06-14,409,225744,254,108850,123,110542,32,6352,139,21984,269,104854,172,126838,California
Yolo,2021-06-15,773,226517,402,109252,345,110887,26,6378,297,21834,473,105327,323,127161,California
Yolo,2021-06-16,471,226988,242,109494,187,111074,42,6420,166,21737,303,105630,206,127367,California
Yolo,2021-06-17,476,227464,301,109795,121,111195,54,6474,158,21633,316,105946,212,127579,California
Yolo,2021-06-18,518,227982,364,110159,133,111328,21,6495,198,21534,318,106264,219,127798,California
Yolo,2021-06-19,319,228301,206,110365,97,111425,16,6511,118,21467,201,106465,134,127932,California
Yolo,2021-06-20,34,228335,10,110375,22,111447,2,6513,17,21469,17,106482,19,127951,California
Yuba,2020-12-16,4,4,4,4,0,0,0,0,4,4,0,0,4,4,California
Yuba,2020-12-17,4,8,4,8,0,0,0,0,4,8,0,0,4,8,California
Yuba,2020-12-18,7,15,7,15,0,0,0,0,7,15,0,0,7,15,California
Yuba,2020-12-19,12,27,12,27,0,0,0,0,12,27,0,0,12,27,California
Yuba,2020-12-20,19,46,19,46,0,0,0,0,19,46,0,0,19,46,California
Yuba,2020-12-21,41,87,41,87,0,0,0,0,41,87,0,0,41,87,California
Yuba,2020-12-22,84,171,84,171,0,0,0,0,84,171,0,0,84,171,California
Yuba,2020-12-23,65,236,63,234,2,2,0,0,65,236,0,0,65,236,California
Yuba,2020-12-24,21,257,11,245,10,12,0,0,21,257,0,0,21,257,California
Yuba,2020-12-25,1,258,1,246,0,12,0,0,1,258,0,0,1,258,California
Yuba,2020-12-26,14,272,13,259,1,13,0,0,14,272,0,0,14,272,California
Yuba,2020-12-27,15,287,15,274,0,13,0,0,15,287,0,0,15,287,California
Yuba,2020-12-28,50,337,34,308,16,29,0,0,50,337,0,0,50,337,California
Yuba,2020-12-29,75,412,10,318,65,94,0,0,75,412,0,0,75,412,California
Yuba,2020-12-30,66,478,21,339,45,139,0,0,66,478,0,0,66,478,California
Yuba,2020-12-31,39,517,6,345,33,172,0,0,39,517,0,0,39,517,California
Yuba,2021-01-02,23,540,22,367,1,173,0,0,23,540,0,0,23,540,California
Yuba,2021-01-03,10,550,6,373,4,177,0,0,10,550,0,0,10,550,California
Yuba,2021-01-04,92,642,23,396,69,246,0,0,92,642,0,0,92,642,California
Yuba,2021-01-05,73,715,39,435,34,280,0,0,72,713,1,1,72,714,California
Yuba,2021-01-06,154,869,76,511,78,358,0,0,148,855,6,7,148,862,California
Yuba,2021-01-07,78,947,20,531,58,416,0,0,74,925,4,11,74,936,California
Yuba,2021-01-08,76,1023,24,555,52,468,0,0,70,989,6,17,70,1006,California
Yuba,2021-01-09,18,1041,16,571,2,470,0,0,10,991,8,25,10,1016,California
Yuba,2021-01-10,115,1156,22,593,93,563,0,0,93,1062,22,47,93,1109,California
Yuba,2021-01-11,73,1229,50,643,23,586,0,0,33,1055,40,87,33,1142,California
Yuba,2021-01-12,107,1336,77,720,30,616,0,0,44,1036,63,150,44,1186,California
Yuba,2021-01-13,121,1457,73,793,48,664,0,0,54,1024,66,216,54,1240,California
Yuba,2021-01-14,113,1570,43,836,70,734,0,0,101,1113,12,228,101,1341,California
Yuba,2021-01-15,202,1772,87,923,115,849,0,0,191,1293,11,239,191,1532,California
Yuba,2021-01-16,184,1956,20,943,164,1013,0,0,171,1451,13,252,171,1703,California
Yuba,2021-01-17,13,1969,9,952,4,1017,0,0,7,1452,6,258,7,1710,California
Yuba,2021-01-18,61,2030,31,983,30,1047,0,0,37,1465,24,282,37,1747,California
Yuba,2021-01-19,82,2112,32,1015,50,1097,0,0,66,1515,16,298,66,1813,California
Yuba,2021-01-20,137,2249,87,1102,50,1147,0,0,114,1606,23,321,114,1927,California
Yuba,2021-01-21,221,2470,99,1201,122,1269,0,0,212,1809,9,330,212,2139,California
Yuba,2021-01-22,104,2574,6,1207,98,1367,0,0,95,1895,9,339,95,2234,California
Yuba,2021-01-23,203,2777,7,1214,196,1563,0,0,201,2094,2,341,201,2435,California
Yuba,2021-01-24,10,2787,7,1221,3,1566,0,0,8,2100,2,343,8,2443,California
Yuba,2021-01-25,87,2874,31,1252,56,1622,0,0,54,2122,32,375,54,2497,California
Yuba,2021-01-26,148,3022,40,1292,108,1730,0,0,90,2154,58,433,90,2587,California
Yuba,2021-01-27,187,3209,131,1423,56,1786,0,0,117,2201,70,503,117,2704,California
Yuba,2021-01-28,227,3436,92,1515,135,1921,0,0,174,2322,53,556,174,2878,California
Yuba,2021-01-29,154,3590,47,1562,107,2028,0,0,113,2394,41,597,113,2991,California
Yuba,2021-01-30,414,4004,24,1586,390,2418,0,0,403,2786,11,608,403,3394,California
Yuba,2021-01-31,18,4022,12,1598,6,2424,0,0,16,2800,2,610,16,3410,California
Yuba,2021-02-01,155,4177,76,1674,79,2503,0,0,131,2909,23,633,132,3542,California
Yuba,2021-02-02,123,4300,21,1695,102,2605,0,0,100,2986,23,656,100,3642,California
Yuba,2021-02-03,227,4527,29,1724,198,2803,0,0,117,2994,109,765,117,3759,California
Yuba,2021-02-04,295,4822,118,1842,177,2980,0,0,249,3197,46,811,249,4008,California
Yuba,2021-02-05,151,4973,33,1875,118,3098,0,0,72,3190,79,890,72,4080,California
Yuba,2021-02-06,447,5420,23,1898,424,3522,0,0,440,3623,7,897,440,4520,California
Yuba,2021-02-07,20,5440,14,1912,6,3528,0,0,16,3635,4,901,16,4536,California
Yuba,2021-02-08,100,5540,37,1949,63,3591,0,0,69,3673,31,932,69,4605,California
Yuba,2021-02-09,161,5701,61,2010,100,3691,0,0,90,3692,71,1003,90,4695,California
Yuba,2021-02-10,358,6059,173,2183,185,3876,0,0,123,3581,234,1237,123,4818,California
Yuba,2021-02-11,400,6459,65,2248,335,4211,0,0,301,3785,97,1334,301,5119,California
Yuba,2021-02-12,265,6724,26,2274,239,4450,0,0,151,3822,114,1448,151,5270,California
Yuba,2021-02-13,437,7161,36,2310,401,4851,0,0,386,4157,51,1499,386,5656,California
Yuba,2021-02-14,52,7213,10,2320,42,4893,0,0,47,4199,5,1504,47,5703,California
Yuba,2021-02-15,91,7304,38,2358,53,4946,0,0,71,4250,20,1524,71,5774,California
Yuba,2021-02-16,202,7506,52,2410,150,5096,0,0,143,4335,58,1582,143,5917,California
Yuba,2021-02-17,383,7889,158,2568,225,5321,0,0,102,4157,280,1862,102,6019,California
Yuba,2021-02-18,320,8209,50,2618,270,5591,0,0,193,4223,127,1989,193,6212,California
Yuba,2021-02-19,221,8430,78,2696,143,5734,0,0,137,4276,84,2073,137,6349,California
Yuba,2021-02-20,394,8824,31,2727,363,6097,0,0,338,4558,56,2129,338,6687,California
Yuba,2021-02-21,17,8841,14,2741,3,6100,0,0,7,4555,10,2139,7,6694,California
Yuba,2021-02-22,129,8970,79,2820,50,6150,0,0,40,4507,88,2227,40,6734,California
Yuba,2021-02-23,119,9089,28,2848,91,6241,0,0,51,4492,67,2294,52,6786,California
Yuba,2021-02-24,485,9574,139,2987,346,6587,0,0,105,4217,380,2674,105,6891,California
Yuba,2021-02-25,343,9917,135,3122,208,6795,0,0,218,4310,125,2799,218,7109,California
Yuba,2021-02-26,264,10181,70,3192,194,6989,0,0,148,4344,114,2913,148,7257,California
Yuba,2021-02-27,466,10647,46,3238,420,7409,0,0,384,4646,82,2995,384,7641,California
Yuba,2021-02-28,73,10720,23,3261,50,7459,0,0,52,4677,21,3016,52,7693,California
Yuba,2021-03-01,162,10882,46,3307,116,7575,0,0,83,4682,78,3094,83,7776,California
Yuba,2021-03-02,166,11048,40,3347,126,7701,0,0,84,4684,82,3176,84,7860,California
Yuba,2021-03-03,632,11680,158,3505,474,8175,0,0,201,4455,430,3606,201,8061,California
Yuba,2021-03-04,477,12157,274,3779,203,8378,0,0,331,4641,145,3751,331,8392,California
Yuba,2021-03-05,324,12481,59,3838,264,8642,1,1,257,4832,67,3818,258,8650,California
Yuba,2021-03-06,474,12955,32,3870,438,9080,4,5,368,5099,105,3923,372,9022,California
Yuba,2021-03-07,53,13008,29,3899,23,9103,1,6,39,5125,14,3937,40,9062,California
Yuba,2021-03-08,164,13172,52,3951,96,9199,16,22,101,5179,63,4000,117,9179,California
Yuba,2021-03-09,181,13353,47,3998,114,9313,20,42,86,5190,95,4095,106,9285,California
Yuba,2021-03-10,742,14095,237,4235,475,9788,30,72,238,4954,504,4599,268,9553,California
Yuba,2021-03-11,445,14540,198,4433,234,10022,13,85,299,5120,146,4745,312,9865,California
Yuba,2021-03-12,468,15008,85,4518,328,10350,55,140,156,5019,312,5057,211,10076,California
Yuba,2021-03-13,464,15472,342,4860,107,10457,15,155,364,5299,99,5156,379,10455,California
Yuba,2021-03-14,108,15580,20,4880,79,10536,9,164,48,5297,59,5215,57,10512,California
Yuba,2021-03-15,195,15775,53,4933,128,10664,14,178,103,5322,92,5307,117,10629,California
Yuba,2021-03-16,312,16087,78,5011,209,10873,25,203,195,5426,116,5423,220,10849,California
Yuba,2021-03-17,749,16836,166,5177,553,11426,30,233,198,5105,549,5972,228,11077,California
Yuba,2021-03-18,588,17424,158,5335,314,11740,116,349,359,5350,229,6201,474,11551,California
Yuba,2021-03-19,330,17754,119,5454,159,11899,52,401,187,5446,142,6343,238,11789,California
Yuba,2021-03-20,561,18315,82,5536,460,12359,19,420,478,5861,82,6425,497,12286,California
Yuba,2021-03-21,65,18380,39,5575,26,12385,0,420,50,5896,15,6440,50,12336,California
Yuba,2021-03-22,199,18579,73,5648,119,12504,7,427,155,6014,44,6484,162,12498,California
Yuba,2021-03-23,275,18854,81,5729,166,12670,28,455,186,6141,87,6571,214,12712,California
Yuba,2021-03-24,768,19622,255,5984,432,13102,81,536,189,5834,577,7148,270,12982,California
Yuba,2021-03-25,520,20142,272,6256,225,13327,23,559,258,5853,262,7410,281,13263,California
Yuba,2021-03-26,401,20543,141,6397,229,13556,31,590,228,5940,172,7582,259,13522,California
Yuba,2021-03-27,460,21003,29,6426,428,13984,3,593,407,6297,52,7634,409,13931,California
Yuba,2021-03-28,104,21107,43,6469,57,14041,4,597,34,6265,70,7704,38,13969,California
Yuba,2021-03-29,304,21411,90,6559,182,14223,32,629,186,6365,118,7822,218,14187,California
Yuba,2021-03-30,282,21693,72,6631,202,14425,8,637,191,6473,91,7913,199,14386,California
Yuba,2021-03-31,685,22378,116,6747,557,14982,12,649,243,6288,440,8353,255,14641,California
Yuba,2021-04-01,633,23011,295,7042,310,15292,28,677,292,6267,341,8694,320,14961,California
Yuba,2021-04-02,515,23526,101,7143,329,15621,85,762,193,6223,321,9015,277,15238,California
Yuba,2021-04-03,663,24189,57,7200,117,15738,489,1251,88,6226,574,9589,577,15815,California
Yuba,2021-04-04,60,24249,11,7211,42,15780,7,1258,31,6235,29,9618,38,15853,California
Yuba,2021-04-05,254,24503,86,7297,146,15926,22,1280,127,6258,125,9743,148,16001,California
Yuba,2021-04-06,356,24859,116,7413,179,16105,61,1341,169,6301,186,9929,229,16230,California
Yuba,2021-04-07,795,25654,413,7826,327,16432,55,1396,360,6283,432,10361,414,16644,California
Yuba,2021-04-08,765,26419,297,8123,199,16631,269,1665,284,6355,480,10841,552,17196,California
Yuba,2021-04-09,412,26831,174,8297,170,16801,68,1733,174,6360,237,11078,242,17438,California
Yuba,2021-04-10,601,27432,72,8369,79,16880,450,2183,70,6350,529,11607,519,17957,California
Yuba,2021-04-11,107,27539,27,8396,68,16948,12,2195,46,6348,60,11667,58,18015,California
Yuba,2021-04-12,215,27754,47,8443,135,17083,33,2228,79,6325,135,11802,112,18127,California
Yuba,2021-04-13,408,28162,106,8549,302,17385,0,2228,202,6322,205,12007,202,18329,California
Yuba,2021-04-14,717,28879,109,8658,608,17993,0,2228,125,5857,590,12597,125,18454,California
Yuba,2021-04-15,347,29226,131,8789,216,18209,0,2228,152,5814,195,12792,152,18606,California
Yuba,2021-04-16,346,29572,101,8890,245,18454,0,2228,184,5838,160,12952,184,18790,California
Yuba,2021-04-17,416,29988,61,8951,355,18809,0,2228,343,6109,72,13024,343,19133,California
Yuba,2021-04-18,57,30045,10,8961,47,18856,0,2228,27,6106,30,13054,27,19160,California
Yuba,2021-04-19,253,30298,106,9067,147,19003,0,2228,103,6060,150,13204,104,19264,California
Yuba,2021-04-20,326,30624,81,9148,245,19248,0,2228,181,6099,144,13348,183,19447,California
Yuba,2021-04-21,701,31325,282,9430,419,19667,0,2228,296,5990,405,13753,296,19743,California
Yuba,2021-04-22,363,31688,138,9568,225,19892,0,2228,201,6029,162,13915,201,19944,California
Yuba,2021-04-23,358,32046,117,9685,241,20133,0,2228,167,6007,189,14104,167,20111,California
Yuba,2021-04-24,220,32266,69,9754,151,20284,0,2228,124,6035,96,14200,124,20235,California
Yuba,2021-04-25,73,32339,30,9784,43,20327,0,2228,36,6034,37,14237,36,20271,California
Yuba,2021-04-26,242,32581,58,9842,180,20507,4,2232,109,6014,133,14370,113,20384,California
Yuba,2021-04-27,483,33064,165,10007,308,20815,10,2242,243,6029,238,14608,253,20637,California
Yuba,2021-04-28,439,33503,177,10184,257,21072,5,2247,151,5903,282,14890,156,20793,California
Yuba,2021-04-29,440,33943,73,10257,366,21438,1,2248,151,5767,288,15178,152,20945,California
Yuba,2021-04-30,330,34273,92,10349,208,21646,30,2278,137,5743,191,15369,167,21112,California
Yuba,2021-05-01,210,34483,95,10444,96,21742,19,2297,96,5745,113,15482,115,21227,California
Yuba,2021-05-02,73,34556,42,10486,27,21769,4,2301,38,5752,35,15517,42,21269,California
Yuba,2021-05-03,165,34721,66,10552,91,21860,8,2309,53,5703,110,15627,61,21330,California
Yuba,2021-05-04,327,35048,94,10646,212,22072,21,2330,149,5695,178,15805,170,21500,California
Yuba,2021-05-05,315,35363,77,10723,231,22303,7,2337,114,5615,201,16006,121,21621,California
Yuba,2021-05-06,277,35640,100,10823,138,22441,39,2376,91,5562,183,16189,130,21751,California
Yuba,2021-05-07,358,35998,95,10918,235,22676,28,2404,116,5463,242,16431,143,21894,California
Yuba,2021-05-08,108,36106,31,10949,71,22747,6,2410,47,5455,61,16492,53,21947,California
Yuba,2021-05-09,54,36160,24,10973,27,22774,3,2413,39,5482,15,16507,42,21989,California
Yuba,2021-05-10,172,36332,55,11028,99,22873,18,2431,54,5437,117,16624,72,22061,California
Yuba,2021-05-11,387,36719,176,11204,198,23071,13,2444,148,5360,237,16861,160,22221,California
Yuba,2021-05-12,273,36992,142,11346,123,23194,8,2452,115,5325,158,17019,123,22344,California
Yuba,2021-05-13,366,37358,195,11541,128,23322,43,2495,120,5245,243,17262,163,22507,California
Yuba,2021-05-14,368,37726,137,11678,210,23532,21,2516,159,5215,209,17471,179,22686,California
Yuba,2021-05-15,440,38166,110,11788,308,23840,22,2538,109,5016,329,17800,130,22816,California
Yuba,2021-05-16,140,38306,44,11832,87,23927,9,2547,85,5056,54,17854,94,22910,California
Yuba,2021-05-17,218,38524,91,11923,107,24034,20,2567,94,5048,122,17976,114,23024,California
Yuba,2021-05-18,393,38917,162,12085,222,24256,9,2576,168,5000,225,18201,177,23201,California
Yuba,2021-05-19,260,39177,143,12228,111,24367,6,2582,134,5014,126,18327,140,23341,California
Yuba,2021-05-20,428,39605,299,12527,117,24484,12,2594,267,5133,160,18487,279,23620,California
Yuba,2021-05-21,514,40119,270,12797,237,24721,7,2601,315,5258,197,18684,322,23942,California
Yuba,2021-05-22,230,40349,124,12921,95,24816,11,2612,91,5221,139,18823,102,24044,California
Yuba,2021-05-23,64,40413,31,12952,31,24847,2,2614,33,5225,31,18854,35,24079,California
Yuba,2021-05-24,154,40567,47,12999,90,24937,17,2631,44,5177,109,18963,61,24140,California
Yuba,2021-05-25,318,40885,110,13109,191,25128,17,2648,115,5107,201,19164,131,24271,California
Yuba,2021-05-26,237,41122,103,13212,118,25246,16,2664,93,5073,143,19307,109,24380,California
Yuba,2021-05-27,248,41370,75,13287,161,25407,12,2676,110,5060,135,19442,122,24502,California
Yuba,2021-05-28,245,41615,110,13397,129,25536,6,2682,120,5063,123,19565,126,24628,California
Yuba,2021-05-29,165,41780,67,13464,76,25612,22,2704,94,5109,70,19635,116,24744,California
Yuba,2021-05-30,51,41831,21,13485,25,25637,5,2709,21,5105,30,19665,26,24770,California
Yuba,2021-05-31,31,41862,3,13488,21,25658,7,2716,11,5103,20,19685,18,24788,California
Yuba,2021-06-01,250,42112,107,13595,136,25794,7,2723,87,5037,159,19844,93,24881,California
Yuba,2021-06-02,202,42314,81,13676,114,25908,7,2730,64,4972,137,19981,72,24953,California
Yuba,2021-06-03,176,42490,102,13778,69,25977,5,2735,63,4928,112,20093,68,25021,California
Yuba,2021-06-04,245,42735,121,13899,115,26092,9,2744,81,4854,164,20257,90,25111,California
Yuba,2021-06-05,199,42934,150,14049,43,26135,6,2750,92,4846,106,20363,98,25209,California
Yuba,2021-06-06,106,43040,90,14139,13,26148,3,2753,23,4790,82,20445,26,25235,California
Yuba,2021-06-07,117,43157,49,14188,52,26200,16,2769,38,4765,79,20524,54,25289,California
Yuba,2021-06-08,241,43398,109,14297,123,26323,9,2778,71,4677,168,20692,80,25369,California
Yuba,2021-06-09,172,43570,103,14400,62,26385,7,2785,74,4661,97,20789,81,25450,California
Yuba,2021-06-10,378,43948,304,14704,69,26454,5,2790,96,4482,280,21069,101,25551,California
Yuba,2021-06-11,331,44279,237,14941,82,26536,12,2802,65,4294,266,21335,78,25629,California
Yuba,2021-06-12,131,44410,90,15031,35,26571,6,2808,36,4241,95,21430,42,25671,California
Yuba,2021-06-13,46,44456,22,15053,22,26593,2,2810,16,4229,30,21460,18,25689,California
Yuba,2021-06-14,112,44568,51,15104,50,26643,11,2821,35,4199,76,21536,46,25735,California
Yuba,2021-06-15,240,44808,98,15202,134,26777,8,2829,91,4152,146,21682,99,25834,California
Yuba,2021-06-16,157,44965,95,15297,51,26828,11,2840,74,4156,81,21763,85,25919,California
Yuba,2021-06-17,188,45153,109,15406,68,26896,11,2851,80,4139,108,21871,91,26010,California
Yuba,2021-06-18,222,45375,109,15515,93,26989,20,2871,71,4081,149,22020,91,26101,California
Yuba,2021-06-19,130,45505,67,15582,56,27045,7,2878,32,4022,98,22118,39,26140,California
Yuba,2021-06-20,10,45515,3,15585,7,27052,0,2878,2,4016,8,22126,2,26142,California
