county,administered_date,total_doses,cumulative_total_doses,pfizer_doses,cumulative_pfizer_doses,moderna_doses,cumulative_moderna_doses,jj_doses,cumulative_jj_doses,partially_vaccinated,total_partially_vaccinated,fully_vaccinated,cumulative_fully_vaccinated,at_least_one_dose,cumulative_at_least_one_dose,california_flag
All CA Counties,2020-12-15,1131,1131,1131,1131,0,0,0,0,1131,1131,0,0,1131,1131,
All CA Counties,2020-12-16,8111,9242,8111,9242,0,0,0,0,8111,9242,0,0,8111,9242,
All CA Counties,2020-12-17,25702,34944,25702,34944,0,0,0,0,25704,34946,0,0,25704,34946,
All CA Counties,2020-12-18,43715,78659,43660,78604,55,55,0,0,43716,78662,0,0,43716,78662,
All CA Counties,2020-12-19,25185,103844,25162,103766,23,78,0,0,25184,103845,1,1,25184,103846,
All CA Counties,2020-12-20,18921,122765,18892,122658,29,107,0,0,18920,122764,1,2,18920,122766,
All CA Counties,2020-12-21,49520,172285,49437,172095,83,190,0,0,49522,172285,1,3,49522,172288,
All CA Counties,2020-12-22,49820,222105,47709,219804,2111,2301,0,0,49818,222102,1,4,49818,222106,
All CA Counties,2020-12-23,50179,272284,41488,261292,8691,10992,0,0,50175,272277,0,4,50175,272281,
All CA Counties,2020-12-24,23999,296283,16311,277603,7688,18680,0,0,23996,296272,1,5,23996,296277,
All CA Counties,2020-12-25,2330,298613,2011,279614,319,18999,0,0,2330,298602,0,5,2330,298607,
All CA Counties,2020-12-26,14597,313210,9427,289041,5170,24169,0,0,14596,313197,1,6,14596,313203,
All CA Counties,2020-12-27,9388,322598,5566,294607,3822,27991,0,0,9387,322583,1,7,9387,322590,
All CA Counties,2020-12-28,45609,368207,29241,323848,16368,44359,0,0,45606,368186,3,10,45606,368196,
All CA Counties,2020-12-29,50975,419182,28490,352338,22485,66844,0,0,50971,419154,3,13,50971,419167,
All CA Counties,2020-12-30,62844,482026,35613,387951,27231,94075,0,0,62838,481989,3,16,62838,482005,
All CA Counties,2020-12-31,29166,511192,10740,398691,18426,112501,0,0,29160,511145,4,20,29160,511165,
All CA Counties,2021-01-01,3878,515070,1712,400403,2166,114667,0,0,3873,515015,3,23,3873,515038,
All CA Counties,2021-01-02,18410,533480,10214,410617,8196,122863,0,0,18409,533424,0,23,18409,533447,
All CA Counties,2021-01-03,6118,539598,3468,414085,2650,125513,0,0,6089,539501,12,35,6089,539536,
All CA Counties,2021-01-04,43272,582870,21897,435982,21375,146888,0,0,43194,582652,43,78,43194,582730,
All CA Counties,2021-01-05,56097,638967,29546,465528,26551,173439,0,0,50665,628025,5377,5455,50750,633480,
All CA Counties,2021-01-06,72798,711765,40281,505809,32517,205956,0,0,57551,670533,15071,20526,57579,691059,
All CA Counties,2021-01-07,91584,803349,52108,557917,39476,245432,0,0,61174,701497,30252,50778,61216,752275,
All CA Counties,2021-01-08,105977,909326,63891,621808,42086,287518,0,0,64971,725648,40876,91654,65027,817302,
All CA Counties,2021-01-09,43563,952889,25034,646842,18529,306047,0,0,27477,737080,16067,107721,27499,844801,
All CA Counties,2021-01-10,24193,977082,14807,661649,9386,315433,0,0,12984,738887,11193,118914,13000,857801,
All CA Counties,2021-01-11,103992,1081074,69223,730872,34769,350202,0,0,60331,755730,43622,162536,60465,918266,
All CA Counties,2021-01-12,112392,1193466,66364,797236,46028,396230,0,0,71486,786610,40826,203362,71706,989972,
All CA Counties,2021-01-13,118280,1311746,61263,858499,57017,453247,0,0,84768,838023,33427,236789,84840,1074812,
All CA Counties,2021-01-14,122912,1434658,49254,907753,73658,526905,0,0,103440,922232,19370,256159,103579,1178391,
All CA Counties,2021-01-15,141378,1576036,51976,959729,89402,616307,0,0,126410,1033941,14876,271035,126585,1304976,
All CA Counties,2021-01-16,80294,1656330,27366,987095,52928,669235,0,0,72777,1099274,7492,278527,72825,1377801,
All CA Counties,2021-01-17,48003,1704333,16763,1003858,31240,700475,0,0,44377,1140076,3619,282146,44421,1422222,
All CA Counties,2021-01-18,87531,1791864,45531,1049389,42000,742475,0,0,68418,1189608,19034,301180,68566,1490788,
All CA Counties,2021-01-19,141222,1933086,73293,1122682,67929,810404,0,0,110209,1269201,30921,332101,110514,1601302,
All CA Counties,2021-01-20,157826,2090912,80036,1202718,77790,888194,0,0,124769,1361325,32880,364981,125004,1726306,
All CA Counties,2021-01-21,171840,2262752,76019,1278737,95821,984015,0,0,153050,1496095,18591,383572,153361,1879667,
All CA Counties,2021-01-22,168341,2431093,68623,1347360,99718,1083733,0,0,154177,1636392,14035,397607,154332,2033999,
All CA Counties,2021-01-23,110896,2541989,49363,1396723,61533,1145266,0,0,98389,1722443,12448,410055,98499,2132498,
All CA Counties,2021-01-24,60838,2602827,29458,1426181,31380,1176646,0,0,56220,1774127,4588,414643,56272,2188770,
All CA Counties,2021-01-25,143557,2746384,64747,1490928,78810,1255456,0,0,108989,1848965,34486,449129,109324,2298094,
All CA Counties,2021-01-26,167441,2913825,82242,1573170,85199,1340655,0,0,130443,1942781,36876,486005,130692,2428786,
All CA Counties,2021-01-27,178992,3092817,87689,1660859,91303,1431958,0,0,140185,2044724,38448,524453,140391,2569177,
All CA Counties,2021-01-28,186325,3279142,85763,1746622,100562,1532520,0,0,152638,2164142,33412,557865,152830,2722007,
All CA Counties,2021-01-29,182330,3461472,87770,1834392,94560,1627080,0,0,148037,2278643,33738,591603,148239,2870246,
All CA Counties,2021-01-30,122605,3584077,55086,1889478,67519,1694599,0,0,107668,2371686,14780,606383,107823,2978069,
All CA Counties,2021-01-31,69102,3653179,38845,1928323,30257,1724856,0,0,64073,2430821,4984,611367,64119,3042188,
All CA Counties,2021-02-01,157812,3810991,72678,2001001,85134,1809990,0,0,119852,2512973,37825,649192,119977,3162165,
All CA Counties,2021-02-02,185134,3996125,79345,2080346,105789,1915779,0,0,139583,2607565,45205,694397,139797,3301962,
All CA Counties,2021-02-03,209536,4205661,94725,2175071,114811,2030590,0,0,156051,2710821,53016,747413,156272,3458234,
All CA Counties,2021-02-04,227063,4432724,99640,2274711,127423,2158013,0,0,166832,2818292,59700,807113,167171,3625405,
All CA Counties,2021-02-05,244773,4677497,106073,2380784,138700,2296713,0,0,166741,2908281,77285,884398,167274,3792679,
All CA Counties,2021-02-06,154297,4831794,74610,2455394,79687,2376400,0,0,119779,2994191,34353,918751,120263,3912942,
All CA Counties,2021-02-07,66534,4898328,43007,2498401,23527,2399927,0,0,50188,3028557,16263,935014,50629,3963571,
All CA Counties,2021-02-08,179559,5077887,88140,2586541,91419,2491346,0,0,118695,3087546,60422,995436,119411,4082982,
All CA Counties,2021-02-09,209944,5287831,101493,2688034,108451,2599797,0,0,126174,3131492,83348,1078784,127294,4210276,
All CA Counties,2021-02-10,247271,5535102,119330,2807364,127941,2727738,0,0,138065,3162586,108407,1187191,139501,4349777,
All CA Counties,2021-02-11,262594,5797696,130115,2937479,132479,2860217,0,0,144591,3191932,116997,1304188,146343,4496120,
All CA Counties,2021-02-12,270178,6067874,118343,3055822,151835,3012052,0,0,146307,3217418,123143,1427331,148629,4644749,
All CA Counties,2021-02-13,166083,6233957,76962,3132784,89121,3101173,0,0,91822,3237321,73852,1501183,93755,4738504,
All CA Counties,2021-02-14,95076,6329033,47396,3180180,47680,3148853,0,0,51530,3247124,43401,1544584,53204,4791708,
All CA Counties,2021-02-15,141214,6470247,62121,3242301,79093,3227946,0,0,78321,3266079,62553,1607137,81508,4873216,
All CA Counties,2021-02-16,246825,6717072,117325,3359626,129500,3357446,0,0,132395,3287814,114094,1721231,135829,5009045,
All CA Counties,2021-02-17,256104,6973176,127759,3487385,128345,3485791,0,0,127920,3291689,127705,1848936,131580,5140625,
All CA Counties,2021-02-18,269995,7243171,141207,3628592,128788,3614579,0,0,131576,3290161,137806,1986742,136278,5276903,
All CA Counties,2021-02-19,249248,7492419,144511,3773103,104737,3719316,0,0,129399,3302313,119419,2106161,131571,5408474,
All CA Counties,2021-02-20,150479,7642898,96735,3869838,53744,3773060,0,0,83194,3320733,67062,2173223,85482,5493956,
All CA Counties,2021-02-21,71835,7714733,57951,3927789,13884,3786944,0,0,35452,3322318,36179,2209402,37764,5531720,
All CA Counties,2021-02-22,162029,7876762,108830,4036619,53199,3840143,0,0,81213,3325526,80516,2289918,83724,5615444,
All CA Counties,2021-02-23,220811,8097573,116186,4152805,104625,3944768,0,0,102333,3316870,117964,2407882,109308,5724752,
All CA Counties,2021-02-24,279771,8377344,141067,4293872,138704,4083472,0,0,133250,3312809,145957,2553839,141896,5866648,
All CA Counties,2021-02-25,314630,8691974,153833,4447705,160797,4244269,0,0,164475,3337231,149526,2703365,173948,6040596,
All CA Counties,2021-02-26,348569,9040543,162336,4610041,186233,4430502,0,0,195020,3386836,152726,2856091,202331,6242927,
All CA Counties,2021-02-27,245243,9285786,117192,4727233,128032,4558534,19,19,138887,3424498,105815,2961906,143477,6386404,
All CA Counties,2021-02-28,129217,9415003,77135,4804368,52080,4610614,2,21,75736,3450919,53135,3015041,79556,6465960,
All CA Counties,2021-03-01,235350,9650353,124727,4929095,110584,4721198,39,60,136068,3493213,98698,3113739,140992,6606952,
All CA Counties,2021-03-02,273966,9924319,133297,5062392,140657,4861855,12,72,163243,3554029,110300,3224039,171116,6778068,
All CA Counties,2021-03-03,324052,10248371,159424,5221816,164594,5026449,34,106,185664,3610143,137792,3361831,193906,6971974,
All CA Counties,2021-03-04,342092,10590463,171607,5393423,170404,5196853,81,187,200758,3677900,140677,3502508,208434,7180408,
All CA Counties,2021-03-05,329920,10920383,160320,5553743,168501,5365354,1099,1286,204497,3766397,124705,3627213,213202,7393610,
All CA Counties,2021-03-06,254404,11174787,129612,5683355,117022,5482376,7770,9056,157585,3840560,96450,3723663,170613,7564223,
All CA Counties,2021-03-07,123771,11298558,75315,5758670,44435,5526811,4021,13077,76964,3879484,46653,3770316,85577,7649800,
All CA Counties,2021-03-08,213526,11512084,102461,5861131,100738,5627549,10327,23404,138938,3959476,74276,3844592,154268,7804068,
All CA Counties,2021-03-09,264328,11776412,114341,5975472,134252,5761801,15735,39139,142469,4001995,121449,3966041,163968,7968036,
All CA Counties,2021-03-10,311642,12088054,153052,6128524,134973,5896774,23617,62756,167606,4055288,143482,4109523,196775,8164811,
All CA Counties,2021-03-11,369648,12457702,178187,6306711,158890,6055664,32571,95327,190175,4104832,178651,4288174,228195,8393006,
All CA Counties,2021-03-12,386432,12844134,171801,6478512,168948,6224612,45683,141010,188556,4145951,197177,4485351,238296,8631302,
All CA Counties,2021-03-13,277489,13121623,121336,6599848,125499,6350111,30654,171664,149861,4203528,127235,4612586,184812,8816114,
All CA Counties,2021-03-14,151585,13273208,81194,6681042,55630,6405741,14761,186425,81604,4232540,69737,4682323,98749,8914863,
All CA Counties,2021-03-15,286426,13559634,136162,6817204,129999,6535740,20265,206690,156519,4283477,129272,4811595,180209,9095072,
All CA Counties,2021-03-16,365242,13924876,170579,6987783,177606,6713346,17060,223750,213884,4367596,150723,4962318,234842,9329914,
All CA Counties,2021-03-17,376873,14301749,186051,7173834,172658,6886004,18164,241914,234123,4480811,142067,5104385,255282,9585196,
All CA Counties,2021-03-18,390914,14692663,198831,7372665,174432,7060436,17651,259565,234484,4580629,155471,5259856,255289,9840485,
All CA Counties,2021-03-19,400284,15092947,209318,7581983,169685,7230121,21281,280846,234856,4674691,164599,5424455,258661,10099146,
All CA Counties,2021-03-20,288381,15381328,151051,7733034,121935,7352056,15395,296241,185421,4775060,102390,5526845,202759,10301905,
All CA Counties,2021-03-21,140852,15522180,96959,7829993,36513,7388569,7380,303621,88975,4822570,51608,5578453,99118,10401023,
All CA Counties,2021-03-22,267449,15789629,155917,7985910,100736,7489305,10796,314417,177150,4924362,89710,5668163,191502,10592525,
All CA Counties,2021-03-23,350659,16140288,192310,8178220,147711,7637016,10638,325055,226465,5040861,123421,5791584,239920,10832445,
All CA Counties,2021-03-24,380092,16520380,217993,8396213,150089,7787105,12010,337065,224629,5126351,154436,5946020,239926,11072371,
All CA Counties,2021-03-25,407310,16927690,223647,8619860,169516,7956621,14147,351212,235246,5207007,170940,6116960,251596,11323967,
All CA Counties,2021-03-26,424530,17352220,226446,8846306,182373,8138994,15711,366923,235063,5272375,188418,6305378,253786,11577753,
All CA Counties,2021-03-27,305161,17657381,161910,9008216,132032,8271026,11219,378142,157110,5295623,147352,6452730,170600,11748353,
All CA Counties,2021-03-28,165598,17822979,105695,9113911,56340,8327366,3563,381705,90772,5317389,74482,6527212,96248,11844601,
All CA Counties,2021-03-29,304325,18127304,163945,9277856,132015,8459381,8365,390070,174178,5372905,129527,6656739,185043,12029644,
All CA Counties,2021-03-30,389824,18517128,196703,9474559,175969,8635350,17152,407222,238220,5479152,150966,6807705,257213,12286857,
All CA Counties,2021-03-31,417269,18934397,226810,9701369,169500,8804850,20959,428181,241203,5567156,175260,6982965,263264,12550121,
All CA Counties,2021-04-01,477326,19411723,244381,9945750,194574,8999424,38371,466552,265998,5662413,210423,7193388,305680,12855801,
All CA Counties,2021-04-02,459682,19871405,224036,10169786,194286,9193710,41360,507912,251653,5750157,206975,7400363,294719,13150520,
All CA Counties,2021-04-03,320685,20192090,162708,10332494,118065,9311775,39912,547824,161542,5794473,158603,7558966,202919,13353439,
All CA Counties,2021-04-04,130803,20322893,68232,10400726,43855,9355630,18716,566540,58431,5799711,72164,7631130,77402,13430841,
All CA Counties,2021-04-05,343902,20666795,178598,10579324,126771,9482401,38533,605073,172762,5843164,170626,7801756,214079,13644920,
All CA Counties,2021-04-06,449394,21116189,228208,10807532,156846,9639247,64340,669413,220031,5901534,228600,8030356,286970,13931890,
All CA Counties,2021-04-07,463501,21579690,241219,11048751,153626,9792873,68656,738069,227795,5965429,234905,8265261,298800,14230690,
All CA Counties,2021-04-08,488576,22068266,247413,11296164,158885,9951758,82278,820347,232153,6026861,255465,8520726,316897,14547587,
All CA Counties,2021-04-09,479745,22548011,239151,11535315,162738,10114496,77856,898203,223031,6075543,255818,8776544,304500,14852087,
All CA Counties,2021-04-10,357318,22905329,164333,11699648,120652,10235148,72333,970536,151181,6096545,205537,8982081,226539,15078626,
All CA Counties,2021-04-11,182439,23087768,102523,11802171,46536,10281684,33380,1003916,75932,6103225,106218,9088299,112898,15191524,
All CA Counties,2021-04-12,333759,23421527,172308,11974479,124764,10406448,36687,1040603,156180,6122914,176758,9265057,196447,15387971,
All CA Counties,2021-04-13,424007,23845534,236906,12211385,186214,10592662,887,1041490,237111,6178998,186032,9451089,242116,15630087,
All CA Counties,2021-04-14,438832,24284366,246675,12458060,191909,10784571,248,1041738,231370,6210329,206453,9657542,237784,15867871,
All CA Counties,2021-04-15,475073,24759439,277636,12735696,197229,10981800,208,1041946,267822,6277080,206017,9863559,272768,16140639,
All CA Counties,2021-04-16,461676,25221115,261040,12996736,200344,11182144,292,1042238,248047,6316090,212581,10076140,251591,16392230,
All CA Counties,2021-04-17,328055,25549170,185644,13182380,142387,11324531,24,1042262,186233,6365100,141179,10217319,190189,16582419,
All CA Counties,2021-04-18,150698,25699868,95261,13277641,55423,11379954,14,1042276,78732,6375863,71637,10288956,82400,16664819,
All CA Counties,2021-04-19,310528,26010396,179142,13456783,131293,11511247,93,1042369,147446,6364167,162341,10451297,150645,16815464,
All CA Counties,2021-04-20,396686,26407082,210288,13667071,186355,11697602,43,1042412,198349,6370769,197468,10648765,204070,17019534,
All CA Counties,2021-04-21,408870,26815952,232545,13899616,176065,11873667,260,1042672,197475,6364349,210219,10858984,203799,17223333,
All CA Counties,2021-04-22,418943,27234895,239867,14139483,179019,12052686,57,1042729,188440,6330923,229383,11088367,195957,17419290,
All CA Counties,2021-04-23,379160,27614055,217715,14357198,161367,12214053,78,1042807,168833,6301478,209236,11297603,179791,17599081,
All CA Counties,2021-04-24,262003,27876058,164476,14521674,97397,12311450,130,1042937,132432,6312592,129014,11426617,140128,17739209,
All CA Counties,2021-04-25,113422,27989480,72204,14593878,41194,12352644,24,1042961,58337,6318501,54864,11481481,60773,17799982,
All CA Counties,2021-04-26,136435,28125915,81463,14675341,54367,12407011,605,1043566,57058,6302017,79033,11560514,62549,17862531,
All CA and Non-CA Counties,2020-12-15,1138,1138,1138,1138,0,0,0,0,1138,1138,0,0,1138,1138,
All CA and Non-CA Counties,2020-12-16,8379,9517,8379,9517,0,0,0,0,8379,9517,0,0,8379,9517,
All CA and Non-CA Counties,2020-12-17,27305,36822,27305,36822,0,0,0,0,27305,36822,0,0,27305,36822,
All CA and Non-CA Counties,2020-12-18,46295,83117,46233,83055,62,62,0,0,46295,83117,0,0,46295,83117,
All CA and Non-CA Counties,2020-12-19,26309,109426,26285,109340,24,86,0,0,26308,109424,1,1,26308,109425,
All CA and Non-CA Counties,2020-12-20,19621,129047,19590,128930,31,117,0,0,19620,129043,1,2,19620,129045,
All CA and Non-CA Counties,2020-12-21,51729,180776,51643,180573,86,203,0,0,51727,180769,1,3,51727,180772,
All CA and Non-CA Counties,2020-12-22,51893,232669,49709,230282,2184,2387,0,0,51891,232659,1,4,51891,232663,
All CA and Non-CA Counties,2020-12-23,51733,284402,42907,273189,8826,11213,0,0,51729,284388,0,4,51729,284392,
All CA and Non-CA Counties,2020-12-24,24806,309208,16926,290115,7880,19093,0,0,24803,309190,1,5,24803,309195,
All CA and Non-CA Counties,2020-12-25,2363,311571,2040,292155,323,19416,0,0,2363,311553,0,5,2363,311558,
All CA and Non-CA Counties,2020-12-26,14906,326477,9632,301787,5274,24690,0,0,14905,326457,1,6,14905,326463,
All CA and Non-CA Counties,2020-12-27,9574,336051,5638,307425,3936,28626,0,0,9573,336029,1,7,9573,336036,
All CA and Non-CA Counties,2020-12-28,47036,383087,30150,337575,16886,45512,0,0,47033,383059,3,10,47033,383069,
All CA and Non-CA Counties,2020-12-29,52534,435621,29512,367087,23022,68534,0,0,52530,435586,3,13,52530,435599,
All CA and Non-CA Counties,2020-12-30,64828,500449,36903,403990,27925,96459,0,0,64820,500403,3,16,64820,500419,
All CA and Non-CA Counties,2020-12-31,30294,530743,11338,415328,18956,115415,0,0,30285,530683,5,21,30285,530704,
All CA and Non-CA Counties,2021-01-01,3989,534732,1735,417063,2254,117669,0,0,3984,534664,3,24,3984,534688,
All CA and Non-CA Counties,2021-01-02,18652,553384,10347,427410,8305,125974,0,0,18650,553313,1,25,18650,553338,
All CA and Non-CA Counties,2021-01-03,6288,559672,3558,430968,2730,128704,0,0,6259,559560,12,37,6259,559597,
All CA and Non-CA Counties,2021-01-04,44423,604095,22409,453377,22014,150718,0,0,44340,603857,43,80,44340,603937,
All CA and Non-CA Counties,2021-01-05,57643,661738,30360,483737,27283,178001,0,0,52020,650396,5566,5646,52105,656042,
All CA and Non-CA Counties,2021-01-06,75546,737284,41913,525650,33633,211634,0,0,59537,694132,15829,21475,59565,715607,
All CA and Non-CA Counties,2021-01-07,95856,833140,54766,580416,41090,252724,0,0,63747,725974,31949,53424,63791,779398,
All CA and Non-CA Counties,2021-01-08,110535,943675,66844,647260,43691,296415,0,0,67624,750886,42771,96195,67683,847081,
All CA and Non-CA Counties,2021-01-09,44890,988565,25567,672827,19323,315738,0,0,28477,762994,16393,112588,28501,875582,
All CA and Non-CA Counties,2021-01-10,24494,1013059,14986,687813,9508,325246,0,0,13165,764862,11313,123901,13181,888763,
All CA and Non-CA Counties,2021-01-11,107331,1120390,71264,759077,36067,361313,0,0,62325,782355,44966,168867,62459,951222,
All CA and Non-CA Counties,2021-01-12,116282,1236672,68687,827764,47595,408908,0,0,73827,814033,42371,211238,74049,1025271,
All CA and Non-CA Counties,2021-01-13,121986,1358658,63074,890838,58912,467820,0,0,87299,866803,34603,245841,87373,1112644,
All CA and Non-CA Counties,2021-01-14,126700,1485358,50538,941376,76162,543982,0,0,106581,953520,20004,265845,106721,1219365,
All CA and Non-CA Counties,2021-01-15,145707,1631065,52973,994349,92734,636716,0,0,130268,1068629,15334,281179,130443,1349808,
All CA and Non-CA Counties,2021-01-16,83002,1714067,27753,1022102,55249,691965,0,0,75315,1136332,7660,288839,75363,1425171,
All CA and Non-CA Counties,2021-01-17,48502,1762569,16912,1039014,31590,723555,0,0,44827,1177535,3668,292507,44871,1470042,
All CA and Non-CA Counties,2021-01-18,88792,1851361,46361,1085375,42431,765986,0,0,69219,1227410,19493,312000,69368,1539410,
All CA and Non-CA Counties,2021-01-19,145308,1996669,74631,1160006,70677,836663,0,0,113400,1309302,31815,343815,113707,1653117,
All CA and Non-CA Counties,2021-01-20,162322,2158991,81518,1241524,80804,917467,0,0,128280,1403955,33863,377678,128516,1781633,
All CA and Non-CA Counties,2021-01-21,176057,2335048,77189,1318713,98868,1016335,0,0,156704,1541829,19141,396819,157015,1938648,
All CA and Non-CA Counties,2021-01-22,173023,2508071,69737,1388450,103286,1119621,0,0,158465,1686025,14425,411244,158621,2097269,
All CA and Non-CA Counties,2021-01-23,113168,2621239,49701,1438151,63467,1183088,0,0,100497,1774020,12612,423856,100607,2197876,
All CA and Non-CA Counties,2021-01-24,61445,2682684,29706,1467857,31739,1214827,0,0,56750,1826156,4666,428522,56802,2254678,
All CA and Non-CA Counties,2021-01-25,148051,2830735,66726,1534583,81325,1296152,0,0,112613,1903751,35354,463876,112949,2367627,
All CA and Non-CA Counties,2021-01-26,173507,3004242,85237,1619820,88270,1384422,0,0,135663,2001946,37724,501600,135919,2503546,
All CA and Non-CA Counties,2021-01-27,183833,3188075,90383,1710203,93450,1477872,0,0,144412,2107507,39058,540658,144619,2648165,
All CA and Non-CA Counties,2021-01-28,191631,3379706,88679,1798882,102952,1580824,0,0,157357,2231066,33991,574649,157550,2805715,
All CA and Non-CA Counties,2021-01-29,187298,3567004,90902,1889784,96396,1677220,0,0,152228,2348982,34516,609165,152432,2958147,
All CA and Non-CA Counties,2021-01-30,126964,3693968,57396,1947180,69568,1746788,0,0,111803,2445936,15004,624169,111958,3070105,
All CA and Non-CA Counties,2021-01-31,72295,3766263,41619,1988799,30676,1777464,0,0,67214,2508160,5037,629206,67261,3137366,
All CA and Non-CA Counties,2021-02-01,163337,3929600,75283,2064082,88054,1865518,0,0,124670,2594427,38528,667734,124795,3262161,
All CA and Non-CA Counties,2021-02-02,191975,4121575,81580,2145662,110395,1975913,0,0,145698,2694415,45924,713658,145912,3408073,
All CA and Non-CA Counties,2021-02-03,216921,4338496,96859,2242521,120062,2095975,0,0,162557,2803308,53886,767544,162779,3570852,
All CA and Non-CA Counties,2021-02-04,233924,4572420,101869,2344390,132055,2228030,0,0,172704,2915672,60679,828223,173043,3743895,
All CA and Non-CA Counties,2021-02-05,251615,4824035,108299,2452689,143316,2371346,0,0,172515,3010368,78352,906575,173048,3916943,
All CA and Non-CA Counties,2021-02-06,158767,4982802,76795,2529484,81972,2453318,0,0,123790,3099839,34806,941381,124277,4041220,
All CA and Non-CA Counties,2021-02-07,68714,5051516,44804,2574288,23910,2477228,0,0,52288,3136227,16343,957724,52731,4093951,
All CA and Non-CA Counties,2021-02-08,184851,5236367,91465,2665753,93386,2570614,0,0,122890,3198324,61509,1019233,123606,4217557,
All CA and Non-CA Counties,2021-02-09,214244,5450611,103412,2769165,110832,2681446,0,0,129153,3243951,84660,1103893,130287,4347844,
All CA and Non-CA Counties,2021-02-10,252845,5703456,121219,2890384,131626,2813072,0,0,141169,3275728,110870,1214763,142647,4490491,
All CA and Non-CA Counties,2021-02-11,267405,5970861,132348,3022732,135057,2948129,0,0,148058,3307221,118334,1333097,149827,4640318,
All CA and Non-CA Counties,2021-02-12,275439,6246300,120305,3143037,155134,3103263,0,0,149728,3334294,124981,1458078,152054,4792372,
All CA and Non-CA Counties,2021-02-13,168495,6414795,77659,3220696,90836,3194099,0,0,93690,3355531,74398,1532476,95635,4888007,
All CA and Non-CA Counties,2021-02-14,96407,6511202,47798,3268494,48609,3242708,0,0,52620,3366189,43638,1576114,54296,4942303,
All CA and Non-CA Counties,2021-02-15,143756,6654958,63670,3332164,80086,3322794,0,0,79546,3385072,63854,1639968,82737,5025040,
All CA and Non-CA Counties,2021-02-16,253369,6908327,120315,3452479,133054,3455848,0,0,135043,3405573,117980,1757948,138481,5163521,
All CA and Non-CA Counties,2021-02-17,262021,7170348,130705,3583184,131316,3587164,0,0,129758,3407217,131778,1889726,133422,5296943,
All CA and Non-CA Counties,2021-02-18,276455,7446803,144961,3728145,131494,3718658,0,0,133629,3403353,142196,2031922,138332,5435275,
All CA and Non-CA Counties,2021-02-19,255137,7701940,148636,3876781,106501,3825159,0,0,131871,3414567,122830,2154752,134044,5569319,
All CA and Non-CA Counties,2021-02-20,153729,7855669,99327,3976108,54402,3879561,0,0,84393,3432140,69109,2223861,86682,5656001,
All CA and Non-CA Counties,2021-02-21,73639,7929308,59539,4035647,14100,3893661,0,0,36075,3433171,37356,2261217,38387,5694388,
All CA and Non-CA Counties,2021-02-22,165495,8094803,111371,4147018,54124,3947785,0,0,82840,3436172,82355,2343572,85356,5779744,
All CA and Non-CA Counties,2021-02-23,226730,8321533,119477,4266495,107253,4055038,0,0,104659,3426268,121552,2465124,111648,5891392,
All CA and Non-CA Counties,2021-02-24,286159,8607692,144593,4411088,141566,4196604,0,0,135761,3420851,149829,2614953,144412,6035804,
All CA and Non-CA Counties,2021-02-25,321613,8929305,157397,4568485,164216,4360820,0,0,167633,3444641,153320,2768273,177110,6212914,
All CA and Non-CA Counties,2021-02-26,355415,9284720,165972,4734457,189443,4550263,0,0,198222,3493883,156292,2924565,205534,6418448,
All CA and Non-CA Counties,2021-02-27,250559,9535279,119763,4854220,130776,4681039,20,20,140745,3529960,109262,3033827,145339,6563787,
All CA and Non-CA Counties,2021-02-28,131652,9666931,78912,4933132,52738,4733777,2,22,76540,3555558,54763,3088590,80361,6644148,
All CA and Non-CA Counties,2021-03-01,240103,9907034,127682,5060814,112382,4846159,39,61,137389,3595753,102123,3190713,142318,6786466,
All CA and Non-CA Counties,2021-03-02,280151,10187185,135287,5196101,144852,4991011,12,73,165108,3654124,114612,3305325,172983,6959449,
All CA and Non-CA Counties,2021-03-03,331809,10518994,162380,5358481,169393,5160404,36,109,188259,3707685,142946,3448271,196507,7155956,
All CA and Non-CA Counties,2021-03-04,348857,10867851,174478,5532959,174294,5334698,85,194,203104,3773392,145079,3593350,210786,7366742,
All CA and Non-CA Counties,2021-03-05,335002,11202853,162779,5695738,171110,5505808,1113,1307,207110,3862054,127174,3720524,215836,7582578,
All CA and Non-CA Counties,2021-03-06,259036,11461889,131752,5827490,119356,5625164,7928,9235,159943,3936469,98722,3819246,173137,7755715,
All CA and Non-CA Counties,2021-03-07,125324,11587213,76295,5903785,44955,5670119,4074,13309,77895,3975758,47273,3866519,86562,7842277,
All CA and Non-CA Counties,2021-03-08,216510,11803723,104174,6007959,101760,5771879,10576,23885,141012,4057196,75158,3941677,156596,7998873,
All CA and Non-CA Counties,2021-03-09,268634,12072357,116384,6124343,136193,5908072,16057,39942,144904,4100604,123317,4064994,166725,8165598,
All CA and Non-CA Counties,2021-03-10,315752,12388109,154894,6279237,136732,6044804,24126,64068,170054,4155206,145137,4210131,199739,8365337,
All CA and Non-CA Counties,2021-03-11,375600,12763709,181106,6460343,161236,6206040,33258,97326,193316,4205774,181456,4391587,232024,8597361,
All CA and Non-CA Counties,2021-03-12,392641,13156350,175436,6635779,170791,6376831,46414,143740,191861,4248035,200072,4591659,242333,8839694,
All CA and Non-CA Counties,2021-03-13,281221,13437571,123479,6759258,126622,6503453,31120,174860,152452,4307537,128370,4720029,187872,9027566,
All CA and Non-CA Counties,2021-03-14,153352,13590923,82093,6841351,56171,6559624,15088,189948,82654,4337209,70455,4790484,100127,9127693,
All CA and Non-CA Counties,2021-03-15,290373,13881296,138204,6979555,131473,6691097,20696,210644,158621,4388841,131114,4921598,182746,9310439,
All CA and Non-CA Counties,2021-03-16,372530,14253826,174727,7154282,180373,6871470,17433,228077,217869,4474017,154023,5075621,239199,9549638,
All CA and Non-CA Counties,2021-03-17,384944,14638770,191131,7345413,175283,7046753,18530,246607,238854,4588994,145403,5221024,260380,9810018,
All CA and Non-CA Counties,2021-03-18,398897,15037667,203641,7549054,177076,7223829,18180,264787,239046,4690491,158883,5379907,260380,10070398,
All CA and Non-CA Counties,2021-03-19,407602,15445269,213658,7762712,172117,7395946,21827,286614,239285,4786639,167492,5547399,263640,10334038,
All CA and Non-CA Counties,2021-03-20,293070,15738339,154097,7916809,123488,7519434,15485,302099,189021,4889617,103472,5650871,206450,10540488,
All CA and Non-CA Counties,2021-03-21,142876,15881215,98323,8015132,37086,7556520,7467,309566,90600,4938444,52004,5702875,100831,10641319,
All CA and Non-CA Counties,2021-03-22,270700,16151915,157866,8172998,101949,7658469,10885,320451,179394,5041572,90707,5793582,193835,10835154,
All CA and Non-CA Counties,2021-03-23,356684,16508599,195368,8368366,150403,7808872,10913,331364,230712,5160827,125189,5918771,244444,11079598,
All CA and Non-CA Counties,2021-03-24,387370,16895969,221708,8590074,153227,7962099,12435,343799,229764,5249729,156582,6075353,245484,11325082,
All CA and Non-CA Counties,2021-03-25,415482,17311451,227368,8817442,173481,8135580,14633,358432,241383,5334978,172969,6248322,258218,11583300,
All CA and Non-CA Counties,2021-03-26,431177,17742628,229901,9047343,185392,8320972,15884,374316,239622,5403009,190486,6438808,258517,11841817,
All CA and Non-CA Counties,2021-03-27,310513,18053141,164958,9212301,134236,8455208,11319,385635,160560,5427905,149250,6588058,174146,12015963,
All CA and Non-CA Counties,2021-03-28,168655,18221796,107310,9319611,57625,8512833,3720,389355,92832,5450898,75472,6663530,98465,12114428,
All CA and Non-CA Counties,2021-03-29,309339,18531135,166137,9485748,134501,8647334,8701,398056,177224,5507832,131492,6795022,188426,12302854,
All CA and Non-CA Counties,2021-03-30,396556,18927691,200146,9685894,178718,8826052,17692,415748,242477,5616419,153431,6948453,262018,12564872,
All CA and Non-CA Counties,2021-03-31,423458,19351149,230455,9916349,171284,8997336,21719,437467,244775,5706139,177875,7126328,267595,12832467,
All CA and Non-CA Counties,2021-04-01,484529,19835678,248559,10164908,196978,9194314,38992,476459,270277,5803376,213341,7339669,310578,13143045,
All CA and Non-CA Counties,2021-04-02,467949,20303627,228271,10393179,197186,9391500,42492,518951,256142,5892965,210752,7550421,300341,13443386,
All CA and Non-CA Counties,2021-04-03,326844,20630471,166309,10559488,119476,9510976,41059,560010,164821,5938829,161481,7711902,207345,13650731,
All CA and Non-CA Counties,2021-04-04,132611,20763082,69126,10628614,44531,9555507,18954,578964,59449,5944535,72952,7784854,78658,13729389,
All CA and Non-CA Counties,2021-04-05,347862,21110944,180507,10809121,128172,9683679,39183,618147,174696,5988550,172649,7957503,216664,13946053,
All CA and Non-CA Counties,2021-04-06,456036,21566980,231661,11040782,158489,9842168,65886,684033,222688,6047149,232572,8190075,291171,14237224,
All CA and Non-CA Counties,2021-04-07,471278,22038258,245576,11286358,155388,9997556,70314,754347,230990,6111314,239479,8429554,303644,14540868,
All CA and Non-CA Counties,2021-04-08,496371,22534629,251447,11537805,160745,10158301,84179,838526,235321,6173189,260084,8689638,321959,14862827,
All CA and Non-CA Counties,2021-04-09,487183,23021812,242944,11780749,164454,10322755,79785,918311,226073,6222454,260209,8949847,309474,15172301,
All CA and Non-CA Counties,2021-04-10,363360,23385172,167370,11948119,121790,10444545,74200,992511,152918,6242758,209838,9159685,230142,15402443,
All CA and Non-CA Counties,2021-04-11,185291,23570463,104059,12052178,47216,10491761,34016,1026527,76977,6249314,108024,9267709,114580,15517023,
All CA and Non-CA Counties,2021-04-12,337698,23908161,174501,12226679,125992,10617753,37205,1063732,158020,6269266,178853,9446562,198805,15715828,
All CA and Non-CA Counties,2021-04-13,429578,24337739,240428,12467107,188236,10805989,914,1064646,239917,6325426,188792,9635354,244952,15960780,
All CA and Non-CA Counties,2021-04-14,444012,24781751,249943,12717050,193819,10999808,250,1064896,234198,6357240,208800,9844154,240614,16201394,
All CA and Non-CA Counties,2021-04-15,481034,25262785,281260,12998310,199559,11199367,215,1065111,271070,6424586,208678,10052832,276024,16477418,
All CA and Non-CA Counties,2021-04-16,467571,25730356,264459,13262769,202814,11402181,298,1065409,251470,6464561,215047,10267879,255022,16732440,
All CA and Non-CA Counties,2021-04-17,333215,26063571,188671,13451440,144519,11546700,25,1065434,189176,6514305,143389,10411268,193133,16925573,
All CA and Non-CA Counties,2021-04-18,152802,26216373,96424,13547864,56363,11603063,15,1065449,79743,6524994,72724,10483992,83413,17008986,
All CA and Non-CA Counties,2021-04-19,314614,26530987,181058,13728922,133462,11736525,94,1065543,149573,6513479,164290,10648282,152775,17161761,
All CA and Non-CA Counties,2021-04-20,402227,26933214,212910,13941832,189274,11925799,43,1065586,200853,6519556,200497,10848779,206574,17368335,
All CA and Non-CA Counties,2021-04-21,415716,27348930,235607,14177439,179847,12105646,262,1065848,200282,6511918,214248,11063027,206610,17574945,
All CA and Non-CA Counties,2021-04-22,426932,27775862,244210,14421649,182662,12288308,60,1065908,192151,6477943,233649,11296676,199674,17774619,
All CA and Non-CA Counties,2021-04-23,385894,28161756,221214,14642863,164601,12452909,79,1065987,172123,6448364,212665,11509341,183086,17957705,
All CA and Non-CA Counties,2021-04-24,267267,28429023,168150,14811013,98984,12551893,133,1066120,135129,6459618,131576,11640917,142830,18100535,
All CA and Non-CA Counties,2021-04-25,115639,28544662,73533,14884546,42078,12593971,28,1066148,59678,6465998,55738,11696655,62118,18162653,
All CA and Non-CA Counties,2021-04-26,138252,28682914,82193,14966739,55445,12649416,614,1066762,57882,6449363,80019,11776674,63384,18226037,
Outside California,2020-12-15,7,7,7,7,0,0,0,0,7,7,0,0,7,7,Not in California
Outside California,2020-12-16,268,275,268,275,0,0,0,0,268,275,0,0,268,275,Not in California
Outside California,2020-12-17,1601,1876,1601,1876,0,0,0,0,1601,1876,0,0,1601,1876,Not in California
Outside California,2020-12-18,2570,4446,2563,4439,7,7,0,0,2570,4446,0,0,2570,4446,Not in California
Outside California,2020-12-19,1043,5489,1042,5481,1,8,0,0,1043,5489,0,0,1043,5489,Not in California
Outside California,2020-12-20,676,6165,674,6155,2,10,0,0,676,6165,0,0,676,6165,Not in California
Outside California,2020-12-21,2204,8369,2201,8356,3,13,0,0,2204,8369,0,0,2204,8369,Not in California
Outside California,2020-12-22,2070,10439,1997,10353,73,86,0,0,2070,10439,0,0,2070,10439,Not in California
Outside California,2020-12-23,1554,11993,1419,11772,135,221,0,0,1554,11993,0,0,1554,11993,Not in California
Outside California,2020-12-24,807,12800,615,12387,192,413,0,0,807,12800,0,0,807,12800,Not in California
Outside California,2020-12-25,33,12833,29,12416,4,417,0,0,33,12833,0,0,33,12833,Not in California
Outside California,2020-12-26,308,13141,204,12620,104,521,0,0,308,13141,0,0,308,13141,Not in California
Outside California,2020-12-27,186,13327,72,12692,114,635,0,0,186,13327,0,0,186,13327,Not in California
Outside California,2020-12-28,1423,14750,905,13597,518,1153,0,0,1423,14750,0,0,1423,14750,Not in California
Outside California,2020-12-29,1556,16306,1019,14616,537,1690,0,0,1556,16306,0,0,1556,16306,Not in California
Outside California,2020-12-30,1926,18232,1235,15851,691,2381,0,0,1926,18232,0,0,1926,18232,Not in California
Outside California,2020-12-31,1125,19357,598,16449,527,2908,0,0,1124,19355,1,1,1124,19356,Not in California
Outside California,2021-01-01,111,19468,23,16472,88,2996,0,0,111,19466,0,1,111,19467,Not in California
Outside California,2021-01-02,241,19709,133,16605,108,3104,0,0,240,19705,1,2,240,19707,Not in California
Outside California,2021-01-03,170,19879,90,16695,80,3184,0,0,170,19875,0,2,170,19877,Not in California
Outside California,2021-01-04,1148,21027,509,17204,639,3823,0,0,1144,21019,0,2,1144,21021,Not in California
Outside California,2021-01-05,1544,22571,814,18018,730,4553,0,0,1353,22183,189,191,1353,22374,Not in California
Outside California,2021-01-06,2717,25288,1603,19621,1114,5667,0,0,1980,23429,734,925,1980,24354,Not in California
Outside California,2021-01-07,4162,29450,2551,22172,1611,7278,0,0,2501,24273,1659,2584,2503,26857,Not in California
Outside California,2021-01-08,4532,33982,2932,25104,1600,8878,0,0,2648,25050,1874,4458,2651,29508,Not in California
Outside California,2021-01-09,1324,35306,531,25635,793,9671,0,0,996,25722,326,4784,998,30506,Not in California
Outside California,2021-01-10,301,35607,179,25814,122,9793,0,0,181,25783,120,4904,181,30687,Not in California
Outside California,2021-01-11,3317,38924,2019,27833,1298,11091,0,0,1976,26418,1341,6245,1976,32663,Not in California
Outside California,2021-01-12,3881,42805,2316,30149,1565,12656,0,0,2334,27209,1544,7789,2335,34998,Not in California
Outside California,2021-01-13,3695,46500,1800,31949,1895,14551,0,0,2519,28554,1176,8965,2521,37519,Not in California
Outside California,2021-01-14,3784,50284,1281,33230,2503,17054,0,0,3137,31058,634,9599,3138,40657,Not in California
Outside California,2021-01-15,4325,54609,994,34224,3331,20385,0,0,3854,34454,458,10057,3854,44511,Not in California
Outside California,2021-01-16,2701,57310,380,34604,2321,22706,0,0,2532,36819,167,10224,2532,47043,Not in California
Outside California,2021-01-17,496,57806,146,34750,350,23056,0,0,447,37217,49,10273,447,47490,Not in California
Outside California,2021-01-18,1206,59012,775,35525,431,23487,0,0,748,37509,457,10730,749,48239,Not in California
Outside California,2021-01-19,4063,63075,1316,36841,2747,26234,0,0,3170,39788,893,11623,3172,51411,Not in California
Outside California,2021-01-20,4417,67492,1403,38244,3014,29248,0,0,3484,42342,931,12554,3485,54896,Not in California
Outside California,2021-01-21,4157,71649,1112,39356,3045,32293,0,0,3592,45384,550,13104,3592,58488,Not in California
Outside California,2021-01-22,4642,76291,1079,40435,3563,35856,0,0,4248,49243,390,13494,4249,62737,Not in California
Outside California,2021-01-23,2259,78550,331,40766,1928,37784,0,0,2095,51174,164,13658,2095,64832,Not in California
Outside California,2021-01-24,605,79155,246,41012,359,38143,0,0,527,51623,78,13736,527,65359,Not in California
Outside California,2021-01-25,4473,83628,1961,42973,2512,40655,0,0,3606,54365,865,14601,3607,68966,Not in California
Outside California,2021-01-26,5967,89595,2900,45873,3067,43722,0,0,5118,58642,848,15449,5125,74091,Not in California
Outside California,2021-01-27,4824,94419,2677,48550,2147,45869,0,0,4211,62245,609,16058,4212,78303,Not in California
Outside California,2021-01-28,5151,99570,2764,51314,2387,48256,0,0,4621,66348,519,16577,4622,82925,Not in California
Outside California,2021-01-29,4820,104390,2985,54299,1835,50091,0,0,4039,69612,777,17354,4041,86966,Not in California
Outside California,2021-01-30,4349,108739,2302,56601,2047,52138,0,0,4122,73511,223,17577,4122,91088,Not in California
Outside California,2021-01-31,3177,111916,2758,59359,419,52557,0,0,3125,76585,52,17629,3126,94214,Not in California
Outside California,2021-02-01,5489,117405,2571,61930,2918,55475,0,0,4797,80696,686,18315,4797,99011,Not in California
Outside California,2021-02-02,6772,124177,2168,64098,4604,60079,0,0,6051,86033,714,19029,6051,105062,Not in California
Outside California,2021-02-03,7336,131513,2088,66186,5248,65327,0,0,6469,91644,859,19888,6470,111532,Not in California
Outside California,2021-02-04,6800,138313,2173,68359,4627,69954,0,0,5816,96486,974,20862,5816,117348,Not in California
Outside California,2021-02-05,6822,145135,2213,70572,4609,74563,0,0,5758,101184,1060,21922,5758,123106,Not in California
Outside California,2021-02-06,4451,149586,2171,72743,2280,76843,0,0,3996,104737,446,22368,3999,127105,Not in California
Outside California,2021-02-07,2172,151758,1789,74532,383,77226,0,0,2094,106755,78,22446,2096,129201,Not in California
Outside California,2021-02-08,5239,156997,3275,77807,1964,79190,0,0,4182,109890,1047,23493,4182,133383,Not in California
Outside California,2021-02-09,4280,161277,1900,79707,2380,81570,0,0,2974,111581,1297,24790,2988,136371,Not in California
Outside California,2021-02-10,5539,166816,1859,81566,3680,85250,0,0,3095,112281,2437,27227,3137,139508,Not in California
Outside California,2021-02-11,4718,171534,2141,83707,2577,87827,0,0,3424,114436,1286,28513,3441,142949,Not in California
Outside California,2021-02-12,5214,176748,1924,85631,3290,91117,0,0,3403,116038,1805,30318,3407,146356,Not in California
Outside California,2021-02-13,2397,179145,694,86325,1703,92820,0,0,1851,117356,545,30863,1863,148219,Not in California
Outside California,2021-02-14,1324,180469,401,86726,923,93743,0,0,1085,118207,236,31099,1087,149306,Not in California
Outside California,2021-02-15,2499,182968,1512,88238,987,94730,0,0,1196,118118,1289,32388,1200,150506,Not in California
Outside California,2021-02-16,6439,189407,2894,91132,3545,98275,0,0,2617,116927,3812,36200,2621,153127,Not in California
Outside California,2021-02-17,5907,195314,2938,94070,2969,101244,0,0,1834,114697,4068,40268,1838,154965,Not in California
Outside California,2021-02-18,6355,201669,3654,97724,2701,103945,0,0,2034,112428,4304,44572,2035,157000,Not in California
Outside California,2021-02-19,5692,207361,3934,101658,1758,105703,0,0,2414,111570,3273,47845,2415,159415,Not in California
Outside California,2021-02-20,3238,210599,2587,104245,651,106354,0,0,1194,110723,2042,49887,1195,160610,Not in California
Outside California,2021-02-21,1786,212385,1570,105815,216,106570,0,0,619,110179,1163,51050,619,161229,Not in California
Outside California,2021-02-22,3457,215842,2532,108347,925,107495,0,0,1621,109969,1836,52886,1626,162855,Not in California
Outside California,2021-02-23,5857,221699,3241,111588,2616,110111,0,0,2311,108753,3541,56427,2325,165180,Not in California
Outside California,2021-02-24,6345,228044,3491,115079,2854,112965,0,0,2497,107412,3843,60270,2502,167682,Not in California
Outside California,2021-02-25,6907,234951,3504,118583,3403,116368,0,0,3131,106802,3745,64015,3135,170817,Not in California
Outside California,2021-02-26,6807,241758,3612,122195,3195,119563,0,0,3178,106429,3552,67567,3179,173996,Not in California
Outside California,2021-02-27,5289,247047,2557,124752,2731,122294,1,1,1839,104833,3439,71006,1843,175839,Not in California
Outside California,2021-02-28,2418,249465,1764,126516,654,122948,0,1,794,104005,1623,72629,795,176634,Not in California
Outside California,2021-03-01,4711,254176,2930,129446,1781,124729,0,1,1298,101902,3406,76035,1303,177937,Not in California
Outside California,2021-03-02,6166,260342,1983,131429,4183,128912,0,1,1854,99452,4306,80341,1856,179793,Not in California
Outside California,2021-03-03,7745,268087,2950,134379,4793,133705,2,3,2585,96892,5151,85492,2591,182384,Not in California
Outside California,2021-03-04,6712,274799,2822,137201,3886,137591,4,7,2325,94852,4371,89863,2331,184715,Not in California
Outside California,2021-03-05,5051,279850,2446,139647,2591,140182,14,21,2579,94989,2463,92326,2600,187315,Not in California
Outside California,2021-03-06,4601,284451,2130,141777,2315,142497,156,177,2336,95226,2263,94589,2500,189815,Not in California
Outside California,2021-03-07,1544,285995,979,142756,512,143009,53,230,926,95589,617,95206,980,190795,Not in California
Outside California,2021-03-08,2951,288946,1690,144446,1014,144023,247,477,2066,97051,856,96062,2318,193113,Not in California
Outside California,2021-03-09,4267,293213,2011,146457,1938,145961,318,795,2425,97956,1838,97900,2743,195856,Not in California
Outside California,2021-03-10,4101,297314,1836,148293,1758,147719,507,1302,2443,99263,1650,99550,2957,198813,Not in California
Outside California,2021-03-11,5915,303229,2906,151199,2336,150055,673,1975,3126,100279,2784,102334,3800,202613,Not in California
Outside California,2021-03-12,6127,309356,3579,154778,1822,151877,726,2701,3288,101462,2832,105166,4015,206628,Not in California
Outside California,2021-03-13,3708,313064,2139,156917,1107,152984,462,3163,2583,103391,1119,106285,3048,209676,Not in California
Outside California,2021-03-14,1750,314814,890,157807,535,153519,325,3488,1043,104053,707,106992,1369,211045,Not in California
Outside California,2021-03-15,3917,318731,2031,159838,1457,154976,429,3917,2082,104739,1829,108821,2515,213560,Not in California
Outside California,2021-03-16,7226,325957,4127,163965,2729,157705,370,4287,3942,105768,3282,112103,4311,217871,Not in California
Outside California,2021-03-17,8024,333981,5065,169030,2594,160299,365,4652,4689,107491,3332,115435,5055,222926,Not in California
Outside California,2021-03-18,7942,341923,4790,173820,2623,162922,529,5181,4533,109153,3400,118835,5062,227988,Not in California
Outside California,2021-03-19,7290,349213,4321,178141,2423,165345,546,5727,4403,111221,2885,121720,4953,232941,Not in California
Outside California,2021-03-20,4656,353869,3032,181173,1534,166879,90,5817,3580,113822,1070,122790,3671,236612,Not in California
Outside California,2021-03-21,2001,355870,1347,182520,567,167446,87,5904,1606,115123,393,123183,1694,238306,Not in California
Outside California,2021-03-22,3217,359087,1931,184451,1198,168644,88,5992,2226,116452,985,124168,2314,240620,Not in California
Outside California,2021-03-23,6002,365089,3049,187500,2683,171327,270,6262,4232,119199,1757,125925,4504,245124,Not in California
Outside California,2021-03-24,7252,372341,3706,191206,3121,174448,425,6687,5105,122586,2141,128066,5528,250652,Not in California
Outside California,2021-03-25,8124,380465,3688,194894,3950,178398,486,7173,6098,127154,2015,130081,6583,257235,Not in California
Outside California,2021-03-26,6608,387073,3436,198330,3004,181402,168,7341,4532,129801,2052,132133,4699,261934,Not in California
Outside California,2021-03-27,5313,392386,3035,201365,2178,183580,100,7441,3425,131444,1878,134011,3521,265455,Not in California
Outside California,2021-03-28,3040,395426,1606,202971,1277,184857,157,7598,2049,132664,986,134997,2206,267661,Not in California
Outside California,2021-03-29,4979,400405,2178,205149,2466,187323,335,7933,3023,134070,1953,136950,3359,271020,Not in California
Outside California,2021-03-30,6697,407102,3423,208572,2734,190057,540,8473,4234,136400,2452,139402,4782,275802,Not in California
Outside California,2021-03-31,6151,413253,3621,212193,1770,191827,760,9233,3543,138097,2605,142007,4302,280104,Not in California
Outside California,2021-04-01,7174,420427,4164,216357,2389,194216,621,9854,4255,140058,2913,144920,4874,284978,Not in California
Outside California,2021-04-02,8204,428631,4219,220576,2862,197078,1123,10977,4455,141893,3744,148664,5579,290557,Not in California
Outside California,2021-04-03,6141,434772,3592,224168,1402,198480,1147,12124,3268,143440,2868,151532,4415,294972,Not in California
Outside California,2021-04-04,1792,436564,889,225057,665,199145,238,12362,1008,143903,783,152315,1246,296218,Not in California
Outside California,2021-04-05,3926,440490,1889,226946,1388,200533,649,13011,1915,144460,2008,154323,2565,298783,Not in California
Outside California,2021-04-06,6607,447097,3435,230381,1627,202160,1545,14556,2640,144689,3954,158277,4183,302966,Not in California
Outside California,2021-04-07,7734,454831,4328,234709,1749,203909,1657,16213,3163,144936,4564,162841,4811,307777,Not in California
Outside California,2021-04-08,7757,462588,4009,238718,1851,205760,1897,18110,3151,145379,4598,167439,5041,312818,Not in California
Outside California,2021-04-09,7396,469984,3768,242486,1699,207459,1929,20039,3015,145950,4376,171815,4947,317765,Not in California
Outside California,2021-04-10,6032,476016,3028,245514,1137,208596,1867,21906,1734,145256,4294,176109,3600,321365,Not in California
Outside California,2021-04-11,2838,478854,1526,247040,676,209272,636,22542,1040,145136,1797,177906,1677,323042,Not in California
Outside California,2021-04-12,3899,482753,2170,249210,1212,210484,517,23059,1823,145404,2072,179978,2340,325382,Not in California
Outside California,2021-04-13,5502,488255,3496,252706,1979,212463,27,23086,2778,145493,2719,182697,2808,328190,Not in California
Outside California,2021-04-14,5141,493396,3256,255962,1883,214346,2,23088,2815,145989,2321,185018,2817,331007,Not in California
Outside California,2021-04-15,5908,499304,3600,259562,2302,216648,6,23094,3224,146587,2633,187651,3231,334238,Not in California
Outside California,2021-04-16,5842,505146,3383,262945,2453,219101,6,23100,3391,147541,2445,190096,3399,337637,Not in California
Outside California,2021-04-17,5134,510280,3012,265957,2121,221222,1,23101,2934,148281,2194,192290,2934,340571,Not in California
Outside California,2021-04-18,2084,512364,1155,267112,928,222150,1,23102,1003,148211,1075,193365,1005,341576,Not in California
Outside California,2021-04-19,4051,516415,1895,269007,2155,224305,1,23103,2111,148394,1931,195296,2114,343690,Not in California
Outside California,2021-04-20,5521,521936,2609,271616,2912,227217,0,23103,2498,147877,3015,198311,2498,346188,Not in California
Outside California,2021-04-21,6751,528687,2987,274603,3762,230979,2,23105,2734,146608,4007,202318,2738,348926,Not in California
Outside California,2021-04-22,7622,536309,4173,278776,3446,234425,3,23108,3378,145758,4234,206552,3384,352310,Not in California
Outside California,2021-04-23,6387,542696,3345,282121,3041,237466,1,23109,2973,145336,3400,209952,2978,355288,Not in California
Outside California,2021-04-24,4905,547601,3465,285586,1437,238903,3,23112,2356,145153,2544,212496,2361,357649,Not in California
Outside California,2021-04-25,1901,549502,1133,286719,764,239667,4,23116,1043,145343,857,213353,1047,358696,Not in California
Outside California,2021-04-26,1817,551319,730,287449,1078,240745,9,23125,824,145192,986,214339,835,359531,Not in California
Unknown,2020-12-17,2,2,2,2,0,0,0,0,0,0,0,0,0,0,Not in California
Unknown,2020-12-18,10,12,10,12,0,0,0,0,9,9,0,0,9,9,Not in California
Unknown,2020-12-19,81,93,81,93,0,0,0,0,81,90,0,0,81,90,Not in California
Unknown,2020-12-20,24,117,24,117,0,0,0,0,24,114,0,0,24,114,Not in California
Unknown,2020-12-21,5,122,5,122,0,0,0,0,1,115,0,0,1,115,Not in California
Unknown,2020-12-22,3,125,3,125,0,0,0,0,3,118,0,0,3,118,Not in California
Unknown,2020-12-26,1,126,1,126,0,0,0,0,1,119,0,0,1,119,Not in California
Unknown,2020-12-28,4,130,4,130,0,0,0,0,4,123,0,0,4,123,Not in California
Unknown,2020-12-29,3,133,3,133,0,0,0,0,3,126,0,0,3,126,Not in California
Unknown,2020-12-30,58,191,55,188,3,3,0,0,56,182,0,0,56,182,Not in California
Unknown,2020-12-31,3,194,0,188,3,6,0,0,1,183,0,0,1,183,Not in California
Unknown,2021-01-02,1,195,0,188,1,7,0,0,1,184,0,0,1,184,Not in California
Unknown,2021-01-04,3,198,3,191,0,7,0,0,2,186,0,0,2,186,Not in California
Unknown,2021-01-05,2,200,0,191,2,9,0,0,2,188,0,0,2,188,Not in California
Unknown,2021-01-06,31,231,29,220,2,11,0,0,6,170,24,24,6,194,Not in California
Unknown,2021-01-07,110,341,107,327,3,14,0,0,72,204,38,62,72,266,Not in California
Unknown,2021-01-08,26,367,21,348,5,19,0,0,5,188,21,83,5,271,Not in California
Unknown,2021-01-09,3,370,2,350,1,20,0,0,4,192,0,83,4,275,Not in California
Unknown,2021-01-11,22,392,22,372,0,20,0,0,18,207,3,86,18,293,Not in California
Unknown,2021-01-12,9,401,7,379,2,22,0,0,7,214,1,87,8,301,Not in California
Unknown,2021-01-13,11,412,11,390,0,22,0,0,12,226,0,87,12,313,Not in California
Unknown,2021-01-14,4,416,3,393,1,23,0,0,4,230,0,87,4,317,Not in California
Unknown,2021-01-15,4,420,3,396,1,24,0,0,4,234,0,87,4,321,Not in California
Unknown,2021-01-16,7,427,7,403,0,24,0,0,6,239,1,88,6,327,Not in California
Unknown,2021-01-17,3,430,3,406,0,24,0,0,3,242,0,88,3,330,Not in California
Unknown,2021-01-18,55,485,55,461,0,24,0,0,53,293,2,90,53,383,Not in California
Unknown,2021-01-19,23,508,22,483,1,25,0,0,21,313,1,91,21,404,Not in California
Unknown,2021-01-20,79,587,79,562,0,25,0,0,27,288,52,143,27,431,Not in California
Unknown,2021-01-21,60,647,58,620,2,27,0,0,62,350,0,143,62,493,Not in California
Unknown,2021-01-22,40,687,35,655,5,32,0,0,40,390,0,143,40,533,Not in California
Unknown,2021-01-23,13,700,7,662,6,38,0,0,13,403,0,143,13,546,Not in California
Unknown,2021-01-24,2,702,2,664,0,38,0,0,3,406,0,143,3,549,Not in California
Unknown,2021-01-25,21,723,18,682,3,41,0,0,18,421,3,146,18,567,Not in California
Unknown,2021-01-26,99,822,95,777,4,45,0,0,102,523,0,146,102,669,Not in California
Unknown,2021-01-27,17,839,17,794,0,45,0,0,16,538,1,147,16,685,Not in California
Unknown,2021-01-28,155,994,152,946,3,48,0,0,98,576,60,207,98,783,Not in California
Unknown,2021-01-29,148,1142,147,1093,1,49,0,0,152,727,1,208,152,935,Not in California
Unknown,2021-01-30,10,1152,8,1101,2,51,0,0,13,739,1,209,13,948,Not in California
Unknown,2021-01-31,16,1168,16,1117,0,51,0,0,16,754,1,210,16,964,Not in California
Unknown,2021-02-01,36,1204,34,1151,2,53,0,0,21,758,17,227,21,985,Not in California
Unknown,2021-02-02,69,1273,67,1218,2,55,0,0,64,817,5,232,64,1049,Not in California
Unknown,2021-02-03,49,1322,46,1264,3,58,0,0,37,843,11,243,37,1086,Not in California
Unknown,2021-02-04,61,1383,56,1320,5,63,0,0,56,894,5,248,56,1142,Not in California
Unknown,2021-02-05,20,1403,13,1333,7,70,0,0,16,903,7,255,16,1158,Not in California
Unknown,2021-02-06,19,1422,14,1347,5,75,0,0,15,911,7,262,15,1173,Not in California
Unknown,2021-02-07,8,1430,8,1355,0,75,0,0,6,915,2,264,6,1179,Not in California
Unknown,2021-02-08,53,1483,50,1405,3,78,0,0,13,888,40,304,13,1192,Not in California
Unknown,2021-02-09,20,1503,19,1424,1,79,0,0,5,878,15,319,5,1197,Not in California
Unknown,2021-02-10,35,1538,30,1454,5,84,0,0,9,861,26,345,9,1206,Not in California
Unknown,2021-02-11,93,1631,92,1546,1,85,0,0,43,853,51,396,43,1249,Not in California
Unknown,2021-02-12,47,1678,38,1584,9,94,0,0,18,838,33,429,18,1267,Not in California
Unknown,2021-02-13,15,1693,3,1587,12,106,0,0,17,854,1,430,17,1284,Not in California
Unknown,2021-02-14,7,1700,1,1588,6,112,0,0,5,858,1,431,5,1289,Not in California
Unknown,2021-02-15,43,1743,37,1625,6,118,0,0,29,875,12,443,29,1318,Not in California
Unknown,2021-02-16,105,1848,96,1721,9,127,0,0,31,832,74,517,31,1349,Not in California
Unknown,2021-02-17,10,1858,8,1729,2,129,0,0,4,831,5,522,4,1353,Not in California
Unknown,2021-02-18,105,1963,100,1829,5,134,0,0,19,764,86,608,19,1372,Not in California
Unknown,2021-02-19,197,2160,191,2020,6,140,0,0,58,684,138,746,58,1430,Not in California
Unknown,2021-02-20,12,2172,5,2025,7,147,0,0,5,684,5,751,5,1435,Not in California
Unknown,2021-02-21,18,2190,18,2043,0,147,0,0,4,674,14,765,4,1439,Not in California
Unknown,2021-02-22,9,2199,9,2052,0,147,0,0,6,677,3,768,6,1445,Not in California
Unknown,2021-02-23,62,2261,50,2102,12,159,0,0,15,645,47,815,15,1460,Not in California
Unknown,2021-02-24,43,2304,35,2137,8,167,0,0,14,630,29,844,14,1474,Not in California
Unknown,2021-02-25,76,2380,60,2197,16,183,0,0,27,608,49,893,27,1501,Not in California
Unknown,2021-02-26,39,2419,24,2221,15,198,0,0,24,618,14,907,24,1525,Not in California
Unknown,2021-02-27,27,2446,14,2235,13,211,0,0,19,629,8,915,19,1544,Not in California
Unknown,2021-02-28,17,2463,13,2248,4,215,0,0,10,634,5,920,10,1554,Not in California
Unknown,2021-03-01,42,2505,25,2273,17,232,0,0,23,638,19,939,23,1577,Not in California
Unknown,2021-03-02,19,2524,7,2280,12,244,0,0,11,643,6,945,11,1588,Not in California
Unknown,2021-03-03,12,2536,6,2286,6,250,0,0,10,650,3,948,10,1598,Not in California
Unknown,2021-03-04,53,2589,49,2335,4,254,0,0,21,640,31,979,21,1619,Not in California
Unknown,2021-03-05,31,2620,13,2348,18,272,0,0,34,668,6,985,34,1653,Not in California
Unknown,2021-03-06,31,2651,10,2358,19,291,2,2,22,683,9,994,24,1677,Not in California
Unknown,2021-03-07,9,2660,1,2359,8,299,0,2,5,685,3,997,5,1682,Not in California
Unknown,2021-03-08,33,2693,23,2382,8,307,2,4,8,669,26,1023,10,1692,Not in California
Unknown,2021-03-09,39,2732,32,2414,3,310,4,8,10,653,30,1053,14,1706,Not in California
Unknown,2021-03-10,9,2741,6,2420,1,311,2,10,5,655,5,1058,7,1713,Not in California
Unknown,2021-03-11,37,2778,13,2433,10,321,14,24,15,663,21,1079,29,1742,Not in California
Unknown,2021-03-12,82,2860,56,2489,21,342,5,29,17,622,63,1142,22,1764,Not in California
Unknown,2021-03-13,24,2884,4,2493,16,358,4,33,8,618,16,1158,12,1776,Not in California
Unknown,2021-03-14,17,2901,9,2502,6,364,2,35,7,616,11,1169,9,1785,Not in California
Unknown,2021-03-15,30,2931,11,2513,17,381,2,37,20,625,13,1182,22,1807,Not in California
Unknown,2021-03-16,62,2993,21,2534,38,419,3,40,43,653,18,1200,46,1853,Not in California
Unknown,2021-03-17,47,3040,15,2549,31,450,1,41,42,692,4,1204,43,1896,Not in California
Unknown,2021-03-18,41,3081,20,2569,21,471,0,41,29,709,12,1216,29,1925,Not in California
Unknown,2021-03-19,28,3109,19,2588,9,480,0,41,26,727,8,1224,26,1951,Not in California
Unknown,2021-03-20,33,3142,14,2602,19,499,0,41,20,735,12,1236,20,1971,Not in California
Unknown,2021-03-21,23,3165,17,2619,6,505,0,41,19,751,3,1239,19,1990,Not in California
Unknown,2021-03-22,34,3199,18,2637,15,520,1,42,18,758,12,1251,19,2009,Not in California
Unknown,2021-03-23,23,3222,9,2646,9,529,5,47,15,767,11,1262,20,2029,Not in California
Unknown,2021-03-24,26,3248,9,2655,17,546,0,47,30,792,5,1267,30,2059,Not in California
Unknown,2021-03-25,48,3296,33,2688,15,561,0,47,39,817,14,1281,39,2098,Not in California
Unknown,2021-03-26,39,3335,19,2707,15,576,5,52,27,833,16,1297,32,2130,Not in California
Unknown,2021-03-27,39,3374,13,2720,26,602,0,52,25,838,20,1317,25,2155,Not in California
Unknown,2021-03-28,17,3391,9,2729,8,610,0,52,11,845,4,1321,11,2166,Not in California
Unknown,2021-03-29,35,3426,14,2743,20,630,1,53,23,857,12,1333,24,2190,Not in California
Unknown,2021-03-30,35,3461,20,2763,15,645,0,53,23,867,13,1346,23,2213,Not in California
Unknown,2021-03-31,38,3499,24,2787,14,659,0,53,29,886,10,1356,29,2242,Not in California
Unknown,2021-04-01,29,3528,14,2801,15,674,0,53,24,905,5,1361,24,2266,Not in California
Unknown,2021-04-02,63,3591,16,2817,38,712,9,62,34,915,33,1394,43,2309,Not in California
Unknown,2021-04-03,18,3609,9,2826,9,721,0,62,11,916,10,1404,11,2320,Not in California
Unknown,2021-04-04,16,3625,5,2831,11,732,0,62,10,921,5,1409,10,2330,Not in California
Unknown,2021-04-05,34,3659,20,2851,13,745,1,63,19,926,15,1424,20,2350,Not in California
Unknown,2021-04-06,35,3694,18,2869,16,761,1,64,17,926,18,1442,18,2368,Not in California
Unknown,2021-04-07,43,3737,29,2898,13,774,1,65,32,949,10,1452,33,2401,Not in California
Unknown,2021-04-08,38,3775,25,2923,9,783,4,69,17,949,21,1473,21,2422,Not in California
Unknown,2021-04-09,42,3817,25,2948,17,800,0,69,27,961,15,1488,27,2449,Not in California
Unknown,2021-04-10,10,3827,9,2957,1,801,0,69,3,957,7,1495,3,2452,Not in California
Unknown,2021-04-11,14,3841,10,2967,4,805,0,69,5,953,9,1504,5,2457,Not in California
Unknown,2021-04-12,40,3881,23,2990,16,821,1,70,17,948,23,1527,18,2475,Not in California
Unknown,2021-04-13,69,3950,26,3016,43,864,0,70,28,935,41,1568,28,2503,Not in California
Unknown,2021-04-14,39,3989,12,3028,27,891,0,70,13,922,26,1594,13,2516,Not in California
Unknown,2021-04-15,53,4042,24,3052,28,919,1,71,24,919,28,1622,25,2541,Not in California
Unknown,2021-04-16,53,4095,36,3088,17,936,0,71,32,930,21,1643,32,2573,Not in California
Unknown,2021-04-17,26,4121,15,3103,11,947,0,71,9,924,16,1659,10,2583,Not in California
Unknown,2021-04-18,20,4141,8,3111,12,959,0,71,8,920,12,1671,8,2591,Not in California
Unknown,2021-04-19,35,4176,21,3132,14,973,0,71,16,918,18,1689,16,2607,Not in California
Unknown,2021-04-20,20,4196,13,3145,7,980,0,71,6,910,14,1703,6,2613,Not in California
Unknown,2021-04-21,95,4291,75,3220,20,1000,0,71,73,961,22,1725,73,2686,Not in California
Unknown,2021-04-22,367,4658,170,3390,197,1197,0,71,333,1262,32,1757,333,3019,Not in California
Unknown,2021-04-23,347,5005,154,3544,193,1390,0,71,317,1550,29,1786,317,3336,Not in California
Unknown,2021-04-24,359,5364,209,3753,150,1540,0,71,341,1873,18,1804,341,3677,Not in California
Unknown,2021-04-25,316,5680,196,3949,120,1660,0,71,298,2154,17,1821,298,3975,Not in California
Alameda,2020-12-15,36,36,36,36,0,0,0,0,36,36,0,0,36,36,California
Alameda,2020-12-16,202,238,202,238,0,0,0,0,202,238,0,0,202,238,California
Alameda,2020-12-17,396,634,396,634,0,0,0,0,396,634,0,0,396,634,California
Alameda,2020-12-18,1766,2400,1765,2399,1,1,0,0,1766,2400,0,0,1766,2400,California
Alameda,2020-12-19,1357,3757,1357,3756,0,1,0,0,1357,3757,0,0,1357,3757,California
Alameda,2020-12-20,1157,4914,1156,4912,1,2,0,0,1156,4912,1,1,1156,4913,California
Alameda,2020-12-21,1859,6773,1858,6770,1,3,0,0,1858,6770,0,1,1858,6771,California
Alameda,2020-12-22,2099,8872,2047,8817,52,55,0,0,2099,8869,0,1,2099,8870,California
Alameda,2020-12-23,1928,10800,1672,10489,256,311,0,0,1928,10797,0,1,1928,10798,California
Alameda,2020-12-24,1218,12018,758,11247,460,771,0,0,1218,12015,0,1,1218,12016,California
Alameda,2020-12-25,165,12183,128,11375,37,808,0,0,165,12180,0,1,165,12181,California
Alameda,2020-12-26,867,13050,323,11698,544,1352,0,0,867,13047,0,1,867,13048,California
Alameda,2020-12-27,500,13550,256,11954,244,1596,0,0,500,13547,0,1,500,13548,California
Alameda,2020-12-28,1883,15433,957,12911,926,2522,0,0,1883,15430,0,1,1883,15431,California
Alameda,2020-12-29,2427,17860,1022,13933,1405,3927,0,0,2426,17856,0,1,2426,17857,California
Alameda,2020-12-30,3122,20982,1359,15292,1763,5690,0,0,3124,20980,0,1,3124,20981,California
Alameda,2020-12-31,1789,22771,441,15733,1348,7038,0,0,1788,22767,1,2,1788,22769,California
Alameda,2021-01-01,171,22942,70,15803,101,7139,0,0,170,22936,1,3,170,22939,California
Alameda,2021-01-02,720,23662,521,16324,199,7338,0,0,719,23655,0,3,719,23658,California
Alameda,2021-01-03,341,24003,220,16544,121,7459,0,0,338,23990,3,6,338,23996,California
Alameda,2021-01-04,1648,25651,945,17489,703,8162,0,0,1636,25615,11,17,1636,25632,California
Alameda,2021-01-05,2199,27850,1265,18754,934,9096,0,0,1963,27345,233,250,1963,27595,California
Alameda,2021-01-06,3243,31093,1777,20531,1466,10562,0,0,2429,28965,811,1061,2431,30026,California
Alameda,2021-01-07,3774,34867,2112,22643,1662,12224,0,0,2687,30578,1078,2139,2691,32717,California
Alameda,2021-01-08,4724,39591,2695,25338,2029,14253,0,0,3102,32066,1618,3757,3106,35823,California
Alameda,2021-01-09,2031,41622,1388,26726,643,14896,0,0,1170,32375,861,4618,1170,36993,California
Alameda,2021-01-10,1061,42683,843,27569,218,15114,0,0,424,32161,638,5256,424,37417,California
Alameda,2021-01-11,4632,47315,3502,31071,1130,16244,0,0,2844,33223,1788,7044,2850,40267,California
Alameda,2021-01-12,4824,52139,3246,34317,1578,17822,0,0,3432,35267,1391,8435,3435,43702,California
Alameda,2021-01-13,5026,57165,2654,36971,2372,20194,0,0,3847,37940,1175,9610,3848,47550,California
Alameda,2021-01-14,5604,62769,2740,39711,2864,23058,0,0,4718,41784,877,10487,4721,52271,California
Alameda,2021-01-15,5827,68596,2309,42020,3518,26576,0,0,5060,46087,760,11247,5063,57334,California
Alameda,2021-01-16,3005,71601,1409,43429,1596,28172,0,0,2737,48557,268,11515,2738,60072,California
Alameda,2021-01-17,1868,73469,1084,44513,784,28956,0,0,1661,50013,206,11721,1662,61734,California
Alameda,2021-01-18,3192,76661,2049,46562,1143,30099,0,0,2598,52026,590,12311,2603,64337,California
Alameda,2021-01-19,5521,82182,3329,49891,2192,32291,0,0,4334,55177,1185,13496,4336,68673,California
Alameda,2021-01-20,6691,88873,4026,53917,2665,34956,0,0,5398,59298,1281,14777,5402,74075,California
Alameda,2021-01-21,7741,96614,3382,57299,4359,39315,0,0,6913,65392,822,15599,6916,80991,California
Alameda,2021-01-22,6838,103452,2032,59331,4806,44121,0,0,5700,69963,1131,16730,5702,86693,California
Alameda,2021-01-23,3281,106733,944,60275,2337,46458,0,0,2728,72140,553,17283,2730,89423,California
Alameda,2021-01-24,2049,108782,654,60929,1395,47853,0,0,1773,73641,272,17555,1773,91196,California
Alameda,2021-01-25,5214,113996,1985,62914,3229,51082,0,0,3629,75693,1577,19132,3629,94825,California
Alameda,2021-01-26,7242,121238,2286,65200,4956,56038,0,0,5383,79225,1852,20984,5384,100209,California
Alameda,2021-01-27,6667,127905,2076,67276,4591,60629,0,0,4824,82217,1832,22816,4824,105033,California
Alameda,2021-01-28,7870,135775,2542,69818,5328,65957,0,0,5633,85630,2221,25037,5634,110667,California
Alameda,2021-01-29,7914,143689,3179,72997,4735,70692,0,0,6089,89905,1815,26852,6090,116757,California
Alameda,2021-01-30,3411,147100,1666,74663,1745,72437,0,0,2710,91919,696,27548,2710,119467,California
Alameda,2021-01-31,1902,149002,962,75625,940,73377,0,0,1659,93337,241,27789,1659,121126,California
Alameda,2021-02-01,5957,154959,3355,78980,2602,75979,0,0,4321,96029,1630,29419,4322,125448,California
Alameda,2021-02-02,7449,162408,4243,83223,3206,79185,0,0,4662,97914,2777,32196,4662,130110,California
Alameda,2021-02-03,7077,169485,3728,86951,3349,82534,0,0,4406,99660,2665,34861,4411,134521,California
Alameda,2021-02-04,9503,178988,4129,91080,5374,87908,0,0,6449,103077,3037,37898,6454,140975,California
Alameda,2021-02-05,10323,189311,5389,96469,4934,92842,0,0,6457,105680,3860,41758,6463,147438,California
Alameda,2021-02-06,6997,196308,4437,100906,2560,95402,0,0,5878,110439,1119,42877,5878,153316,California
Alameda,2021-02-07,3581,199889,2892,103798,689,96091,0,0,2641,112144,937,43814,2642,155958,California
Alameda,2021-02-08,8083,207972,5779,109577,2304,98395,0,0,5540,115153,2533,46347,5542,161500,California
Alameda,2021-02-09,9706,217678,5856,115433,3850,102245,0,0,6057,117569,3643,49990,6059,167559,California
Alameda,2021-02-10,11452,229130,6773,122206,4679,106924,0,0,6635,119412,4800,54790,6643,174202,California
Alameda,2021-02-11,13921,243051,7981,130187,5940,112864,0,0,8381,122273,5523,60313,8384,182586,California
Alameda,2021-02-12,12520,255571,5692,135879,6828,119692,0,0,7751,125272,4755,65068,7754,190340,California
Alameda,2021-02-13,7805,263376,4064,139943,3741,123433,0,0,5845,129163,1956,67024,5847,196187,California
Alameda,2021-02-14,4026,267402,2535,142478,1491,124924,0,0,2868,130878,1155,68179,2870,199057,California
Alameda,2021-02-15,5706,273108,3220,145698,2486,127410,0,0,3697,132572,2006,70185,3700,202757,California
Alameda,2021-02-16,12530,285638,6951,152649,5579,132989,0,0,9321,138699,3199,73384,9326,212083,California
Alameda,2021-02-17,14099,299737,8351,161000,5748,138737,0,0,10482,145584,3599,76983,10484,222567,California
Alameda,2021-02-18,15851,315588,10059,171059,5792,144529,0,0,11513,152768,4335,81318,11519,234086,California
Alameda,2021-02-19,17632,333220,11428,182487,6204,150733,0,0,11687,158536,5923,87241,11691,245777,California
Alameda,2021-02-20,11856,345076,9609,192096,2247,152980,0,0,9144,164976,2709,89950,9149,254926,California
Alameda,2021-02-21,6190,351266,5259,197355,931,153911,0,0,3737,166270,2443,92393,3737,258663,California
Alameda,2021-02-22,10696,361962,7919,205274,2777,156688,0,0,6743,169084,3939,96332,6753,265416,California
Alameda,2021-02-23,12703,374665,7712,212986,4991,161679,0,0,7907,172212,4786,101118,7914,273330,California
Alameda,2021-02-24,14648,389313,8204,221190,6444,168123,0,0,9500,176629,5088,106206,9505,282835,California
Alameda,2021-02-25,15608,404921,9121,230311,6487,174610,0,0,9944,180947,5632,111838,9950,292785,California
Alameda,2021-02-26,18082,423003,10630,240941,7452,182062,0,0,11699,186307,6343,118181,11703,304488,California
Alameda,2021-02-27,14694,437697,10804,251745,3888,185950,2,2,9099,189837,5573,123754,9103,313591,California
Alameda,2021-02-28,9139,446836,7705,259450,1434,187384,0,2,6071,192861,3048,126802,6072,319663,California
Alameda,2021-03-01,13211,460047,9177,268627,4032,191416,2,4,8197,196095,4971,131773,8205,327868,California
Alameda,2021-03-02,13801,473848,9586,278213,4215,195631,0,4,8872,200064,4910,136683,8879,336747,California
Alameda,2021-03-03,15299,489147,9913,288126,5385,201016,1,5,10411,205615,4863,141546,10414,347161,California
Alameda,2021-03-04,17267,506414,11031,299157,6235,207251,1,6,10865,210113,6368,147914,10866,358027,California
Alameda,2021-03-05,15851,522265,10236,309393,5606,212857,9,15,10633,215583,5178,153092,10648,368675,California
Alameda,2021-03-06,14218,536483,9948,319341,4011,216868,259,274,9338,220345,4837,157929,9599,378274,California
Alameda,2021-03-07,9286,545769,8073,327414,1132,218000,81,355,6567,224301,2694,160623,6650,384924,California
Alameda,2021-03-08,11619,557388,7155,334569,4087,222087,377,732,8651,230410,2918,163541,9027,393951,California
Alameda,2021-03-09,11343,568731,6998,341567,3916,226003,429,1161,6273,232075,5039,168580,6704,400655,California
Alameda,2021-03-10,16656,585387,11311,352878,4788,230791,557,1718,7544,231084,9088,177668,8097,408752,California
Alameda,2021-03-11,19746,605133,11547,364425,6493,237284,1706,3424,6757,226586,12960,190628,8462,417214,California
Alameda,2021-03-12,21119,626252,12297,376722,7172,244456,1650,5074,7458,222048,13640,204268,9102,426316,California
Alameda,2021-03-13,15832,642084,10103,386825,4751,249207,978,6052,5115,217452,10684,214952,6088,432404,California
Alameda,2021-03-14,10687,652771,7806,394631,2096,251303,785,6837,4660,216880,6011,220963,5439,437843,California
Alameda,2021-03-15,14290,667061,9314,403945,4459,255762,517,7354,6356,215843,7907,228870,6870,444713,California
Alameda,2021-03-16,17135,684196,11086,415031,5516,261278,533,7887,7547,214387,9537,238407,8081,452794,California
Alameda,2021-03-17,17338,701534,9759,424790,6887,268165,692,8579,8153,214080,9151,247558,8844,461638,California
Alameda,2021-03-18,19029,720563,10310,435100,7842,276007,877,9456,8757,213473,10244,257802,9637,471275,California
Alameda,2021-03-19,19076,739639,10319,445419,6970,282977,1787,11243,7641,211507,11388,269190,9422,480697,California
Alameda,2021-03-20,15599,755238,10179,455598,4602,287579,818,12061,6532,209815,9039,278229,7347,488044,California
Alameda,2021-03-21,9045,764283,7091,462689,1423,289002,531,12592,3768,208847,5268,283497,4300,492344,California
Alameda,2021-03-22,14863,779146,9989,472678,3894,292896,980,13572,7178,209333,7668,291165,8154,500498,California
Alameda,2021-03-23,19052,798198,11485,484163,6774,299670,793,14365,10702,212522,8310,299475,11499,511997,California
Alameda,2021-03-24,18937,817135,11387,495550,6559,306229,991,15356,8586,211796,10294,309769,9568,521565,California
Alameda,2021-03-25,20319,837454,11205,506755,7736,313965,1378,16734,9559,212028,10696,320465,10928,532493,California
Alameda,2021-03-26,20628,858082,12357,519112,6743,320708,1528,18262,8841,210647,11742,332207,10361,542854,California
Alameda,2021-03-27,18130,876212,12305,531417,4870,325578,955,19217,7819,209139,10265,342472,8757,551611,California
Alameda,2021-03-28,10420,886632,8436,539853,1781,327359,203,19420,3834,206606,6576,349048,4043,555654,California
Alameda,2021-03-29,14556,901188,9268,549121,4294,331653,994,20414,6259,205594,8264,357312,7252,562906,California
Alameda,2021-03-30,18393,919581,9656,558777,7048,338701,1689,22103,10797,210509,7568,364880,12483,575389,California
Alameda,2021-03-31,19182,938763,10096,568873,7029,345730,2057,24160,9577,212536,9581,374461,11608,586997,California
Alameda,2021-04-01,22950,961713,9934,578807,7543,353273,5473,29633,10955,216989,11970,386431,16423,603420,California
Alameda,2021-04-02,23688,985401,9804,588611,8210,361483,5674,35307,11479,221948,12180,398611,17139,620559,California
Alameda,2021-04-03,20048,1005449,9710,598321,5651,367134,4687,39994,10258,227122,9770,408381,14944,635503,California
Alameda,2021-04-04,9901,1015350,3950,602271,2277,369411,3674,43668,3506,227911,6386,414767,7175,642678,California
Alameda,2021-04-05,17650,1033000,7393,609664,5498,374909,4759,48427,7165,229366,10468,425235,11923,654601,California
Alameda,2021-04-06,22006,1055006,10553,620217,5641,380550,5812,54239,9975,233148,12001,437236,15783,670384,California
Alameda,2021-04-07,22333,1077339,11434,631651,5474,386024,5425,59664,11312,238900,10980,448216,16732,687116,California
Alameda,2021-04-08,25240,1102579,11429,643080,5898,391922,7913,67577,10762,243160,14411,462627,18671,705787,California
Alameda,2021-04-09,23018,1125597,10408,653488,7436,399358,5174,72751,11834,249013,11161,473788,17014,722801,California
Alameda,2021-04-10,18752,1144349,7371,660859,5572,404930,5809,78560,8128,252337,10605,484393,13929,736730,California
Alameda,2021-04-11,10958,1155307,4764,665623,2261,407191,3933,82493,4478,254276,6465,490858,8404,745134,California
Alameda,2021-04-12,17754,1173061,11654,677277,4281,411472,1819,84312,10071,258509,7654,498512,11887,757021,California
Alameda,2021-04-13,22991,1196052,14624,691901,8314,419786,53,84365,16971,269568,5974,504486,17033,774054,California
Alameda,2021-04-14,22967,1219019,15169,707070,7796,427582,2,84367,15609,277857,7327,511813,15616,789670,California
Alameda,2021-04-15,23640,1242659,15179,722249,8459,436041,2,84369,15693,285659,7901,519714,15703,805373,California
Alameda,2021-04-16,24192,1266851,14318,736567,9870,445911,4,84373,15643,292819,8497,528211,15657,821030,California
Alameda,2021-04-17,20596,1287447,14191,750758,6405,452316,0,84373,14208,300682,6359,534570,14222,835252,California
Alameda,2021-04-18,9848,1297295,7512,758270,2336,454652,0,84373,6828,304521,2993,537563,6832,842084,California
Alameda,2021-04-19,15283,1312578,9484,767754,5799,460451,0,84373,8814,306901,6444,544007,8824,850908,California
Alameda,2021-04-20,18001,1330579,10942,778696,7057,467508,2,84375,9872,308704,8090,552097,9893,860801,California
Alameda,2021-04-21,19083,1349662,11182,789878,7895,475403,6,84381,11162,312024,7867,559964,11187,871988,California
Alameda,2021-04-22,20712,1370374,13302,803180,7407,482810,3,84384,11096,313566,9578,569542,11120,883108,California
Alameda,2021-04-23,19737,1390111,12780,815960,6956,489766,1,84385,10944,315774,8752,578294,10960,894068,California
Alameda,2021-04-24,15323,1405434,11731,827691,3585,493351,7,84392,7979,316462,7307,585601,7995,902063,California
Alameda,2021-04-25,6540,1411974,5044,832735,1495,494846,1,84393,4132,318197,2400,588001,4135,906198,California
Alameda,2021-04-26,7800,1419774,5459,838194,2331,497177,10,84403,4872,320176,2910,590911,4889,911087,California
Alpine,2020-12-18,2,2,2,2,0,0,0,0,2,2,0,0,2,2,California
Alpine,2020-12-19,2,4,2,4,0,0,0,0,2,4,0,0,2,4,California
Alpine,2020-12-21,2,6,2,6,0,0,0,0,2,6,0,0,2,6,California
Alpine,2020-12-30,14,20,0,6,14,14,0,0,14,20,0,0,14,20,California
Alpine,2020-12-31,1,21,0,6,1,15,0,0,1,21,0,0,1,21,California
Alpine,2021-01-01,1,22,0,6,1,16,0,0,1,22,0,0,1,22,California
Alpine,2021-01-02,1,23,1,7,0,16,0,0,1,23,0,0,1,23,California
Alpine,2021-01-04,10,33,0,7,10,26,0,0,10,33,0,0,10,33,California
Alpine,2021-01-05,9,42,1,8,8,34,0,0,9,42,0,0,9,42,California
Alpine,2021-01-06,31,73,0,8,31,65,0,0,31,73,0,0,31,73,California
Alpine,2021-01-07,8,81,0,8,8,73,0,0,8,81,0,0,8,81,California
Alpine,2021-01-08,4,85,2,10,2,75,0,0,2,81,2,2,2,83,California
Alpine,2021-01-09,2,87,2,12,0,75,0,0,0,79,2,4,0,83,California
Alpine,2021-01-11,32,119,1,13,31,106,0,0,31,109,1,5,31,114,California
Alpine,2021-01-13,35,154,0,13,35,141,0,0,35,144,0,5,35,149,California
Alpine,2021-01-14,1,155,0,13,1,142,0,0,1,145,0,5,1,150,California
Alpine,2021-01-15,1,156,0,13,1,143,0,0,1,146,0,5,1,151,California
Alpine,2021-01-20,21,177,0,13,21,164,0,0,21,167,0,5,21,172,California
Alpine,2021-01-21,1,178,0,13,1,165,0,0,1,168,0,5,1,173,California
Alpine,2021-01-22,32,210,0,13,32,197,0,0,32,200,0,5,32,205,California
Alpine,2021-01-23,1,211,1,14,0,197,0,0,0,199,1,6,0,205,California
Alpine,2021-01-25,16,227,0,14,16,213,0,0,16,215,0,6,16,221,California
Alpine,2021-01-27,1,228,1,15,0,213,0,0,0,214,1,7,0,221,California
Alpine,2021-01-28,1,229,0,15,1,214,0,0,0,213,1,8,0,221,California
Alpine,2021-01-29,1,230,0,15,1,215,0,0,1,214,0,8,1,222,California
Alpine,2021-02-01,25,255,0,15,25,240,0,0,7,203,18,26,7,229,California
Alpine,2021-02-03,34,289,0,15,34,274,0,0,10,189,24,50,10,239,California
Alpine,2021-02-04,8,297,0,15,8,282,0,0,3,187,5,55,3,242,California
Alpine,2021-02-05,31,328,0,15,31,313,0,0,12,180,19,74,12,254,California
Alpine,2021-02-06,1,329,1,16,0,313,0,0,1,181,0,74,1,255,California
Alpine,2021-02-07,1,330,1,17,0,313,0,0,1,182,0,74,1,256,California
Alpine,2021-02-08,32,362,0,17,32,345,0,0,4,158,28,102,4,260,California
Alpine,2021-02-10,34,396,0,17,34,379,0,0,0,124,34,136,0,260,California
Alpine,2021-02-11,6,402,0,17,6,385,0,0,3,124,3,139,3,263,California
Alpine,2021-02-12,1,403,0,17,1,386,0,0,0,123,1,140,0,263,California
Alpine,2021-02-17,23,426,0,17,23,409,0,0,3,106,20,160,3,266,California
Alpine,2021-02-18,2,428,0,17,2,411,0,0,1,106,1,161,1,267,California
Alpine,2021-02-19,34,462,1,18,33,444,0,0,2,76,32,193,2,269,California
Alpine,2021-02-22,27,489,0,18,27,471,0,0,8,65,19,212,8,277,California
Alpine,2021-02-24,1,490,1,19,0,471,0,0,1,66,0,212,1,278,California
Alpine,2021-02-25,6,496,1,20,5,476,0,0,6,72,0,212,6,284,California
Alpine,2021-02-26,29,525,1,21,28,504,0,0,28,99,1,213,28,312,California
Alpine,2021-02-27,1,526,0,21,1,505,0,0,1,100,0,213,1,313,California
Alpine,2021-03-01,35,561,0,21,35,540,0,0,25,115,10,223,25,338,California
Alpine,2021-03-02,1,562,1,22,0,540,0,0,0,114,1,224,0,338,California
Alpine,2021-03-03,30,592,1,23,29,569,0,0,18,120,12,236,18,356,California
Alpine,2021-03-04,11,603,1,24,10,579,0,0,11,131,0,236,11,367,California
Alpine,2021-03-05,30,633,0,24,30,609,0,0,22,145,8,244,22,389,California
Alpine,2021-03-08,31,664,0,24,31,640,0,0,29,172,2,246,29,418,California
Alpine,2021-03-10,72,736,0,24,72,712,0,0,72,244,0,246,72,490,California
Alpine,2021-03-11,36,772,0,24,36,748,0,0,32,272,4,250,32,522,California
Alpine,2021-03-12,19,791,0,24,19,767,0,0,17,287,2,252,17,539,California
Alpine,2021-03-15,21,812,1,25,20,787,0,0,20,306,1,253,20,559,California
Alpine,2021-03-17,23,835,0,25,22,809,1,1,19,322,4,257,20,579,California
Alpine,2021-03-18,38,873,3,28,35,844,0,1,35,354,3,260,35,614,California
Alpine,2021-03-19,2,875,1,29,1,845,0,1,1,354,1,261,1,615,California
Alpine,2021-03-22,24,899,0,29,24,869,0,1,15,360,9,270,15,630,California
Alpine,2021-03-24,19,918,0,29,19,888,0,1,9,359,10,280,9,639,California
Alpine,2021-03-25,35,953,1,30,33,921,1,2,28,381,7,287,29,668,California
Alpine,2021-03-27,1,954,0,30,1,922,0,2,0,380,1,288,0,668,California
Alpine,2021-03-28,1,955,1,31,0,922,0,2,1,381,0,288,1,669,California
Alpine,2021-03-29,20,975,0,31,19,941,1,3,3,368,17,305,4,673,California
Alpine,2021-04-01,16,991,0,31,16,957,0,3,7,366,9,314,7,680,California
Alpine,2021-04-02,100,1091,1,32,99,1056,0,3,46,359,53,367,46,726,California
Alpine,2021-04-05,4,1095,1,33,3,1059,0,3,0,355,4,371,0,726,California
Alpine,2021-04-06,3,1098,2,35,1,1060,0,3,2,356,1,372,2,728,California
Alpine,2021-04-07,115,1213,0,35,114,1174,1,4,29,301,85,457,30,758,California
Alpine,2021-04-08,38,1251,0,35,36,1210,2,6,10,285,28,485,12,770,California
Alpine,2021-04-09,1,1252,0,35,1,1211,0,6,1,286,0,485,1,771,California
Alpine,2021-04-14,47,1299,0,35,47,1258,0,6,10,259,37,522,10,781,California
Alpine,2021-04-15,35,1334,0,35,35,1293,0,6,3,230,32,554,3,784,California
Alpine,2021-04-16,1,1335,0,35,1,1294,0,6,1,231,0,554,1,785,California
Alpine,2021-04-19,1,1336,0,35,1,1295,0,6,1,232,0,554,1,786,California
Alpine,2021-04-21,31,1367,0,35,31,1326,0,6,15,231,16,570,15,801,California
Alpine,2021-04-22,24,1391,0,35,24,1350,0,6,1,209,23,593,1,802,California
Alpine,2021-04-24,1,1392,1,36,0,1350,0,6,0,208,1,594,0,802,California
Alpine,2021-04-25,1,1393,1,37,0,1350,0,6,0,207,1,595,0,802,California
Amador,2020-12-16,2,2,2,2,0,0,0,0,2,2,0,0,2,2,California
Amador,2020-12-17,5,7,5,7,0,0,0,0,5,7,0,0,5,7,California
Amador,2020-12-18,45,52,45,52,0,0,0,0,45,52,0,0,45,52,California
Amador,2020-12-19,17,69,17,69,0,0,0,0,17,69,0,0,17,69,California
Amador,2020-12-20,4,73,4,73,0,0,0,0,4,73,0,0,4,73,California
Amador,2020-12-21,31,104,31,104,0,0,0,0,31,104,0,0,31,104,California
Amador,2020-12-22,35,139,34,138,1,1,0,0,35,139,0,0,35,139,California
Amador,2020-12-23,39,178,38,176,1,2,0,0,39,178,0,0,39,178,California
Amador,2020-12-24,5,183,3,179,2,4,0,0,5,183,0,0,5,183,California
Amador,2020-12-26,5,188,4,183,1,5,0,0,5,188,0,0,5,188,California
Amador,2020-12-27,1,189,0,183,1,6,0,0,1,189,0,0,1,189,California
Amador,2020-12-28,31,220,27,210,4,10,0,0,31,220,0,0,31,220,California
Amador,2020-12-29,26,246,19,229,7,17,0,0,26,246,0,0,26,246,California
Amador,2020-12-30,124,370,78,307,46,63,0,0,124,370,0,0,124,370,California
Amador,2020-12-31,192,562,167,474,25,88,0,0,192,562,0,0,192,562,California
Amador,2021-01-01,1,563,0,474,1,89,0,0,1,563,0,0,1,563,California
Amador,2021-01-02,55,618,55,529,0,89,0,0,55,618,0,0,55,618,California
Amador,2021-01-03,65,683,17,546,48,137,0,0,65,683,0,0,65,683,California
Amador,2021-01-04,123,806,1,547,122,259,0,0,123,806,0,0,123,806,California
Amador,2021-01-05,33,839,3,550,30,289,0,0,31,836,2,2,32,838,California
Amador,2021-01-06,40,879,10,560,30,319,0,0,36,868,4,6,36,874,California
Amador,2021-01-07,227,1106,68,628,159,478,0,0,215,1071,12,18,215,1089,California
Amador,2021-01-08,84,1190,70,698,14,492,0,0,40,1068,44,62,41,1130,California
Amador,2021-01-09,11,1201,11,709,0,492,0,0,2,1061,9,71,2,1132,California
Amador,2021-01-10,7,1208,5,714,2,494,0,0,3,1060,4,75,3,1135,California
Amador,2021-01-11,125,1333,45,759,80,574,0,0,89,1114,36,111,90,1225,California
Amador,2021-01-12,64,1397,49,808,15,589,0,0,40,1130,24,135,40,1265,California
Amador,2021-01-13,38,1435,23,831,15,604,0,0,26,1144,12,147,26,1291,California
Amador,2021-01-14,147,1582,20,851,127,731,0,0,137,1271,10,157,137,1428,California
Amador,2021-01-15,55,1637,24,875,31,762,0,0,48,1312,7,164,48,1476,California
Amador,2021-01-16,19,1656,12,887,7,769,0,0,13,1320,6,170,14,1490,California
Amador,2021-01-17,25,1681,5,892,20,789,0,0,25,1345,0,170,25,1515,California
Amador,2021-01-18,31,1712,27,919,4,793,0,0,9,1332,22,192,9,1524,California
Amador,2021-01-19,119,1831,96,1015,23,816,0,0,75,1363,44,236,75,1599,California
Amador,2021-01-20,183,2014,34,1049,149,965,0,0,167,1515,15,251,167,1766,California
Amador,2021-01-21,252,2266,221,1270,31,996,0,0,144,1552,108,359,145,1911,California
Amador,2021-01-22,133,2399,72,1342,61,1057,0,0,126,1671,7,366,126,2037,California
Amador,2021-01-23,52,2451,32,1374,20,1077,0,0,50,1719,2,368,50,2087,California
Amador,2021-01-24,28,2479,12,1386,16,1093,0,0,25,1741,3,371,25,2112,California
Amador,2021-01-25,59,2538,28,1414,31,1124,0,0,42,1766,17,388,42,2154,California
Amador,2021-01-26,244,2782,16,1430,228,1352,0,0,234,1990,10,398,234,2388,California
Amador,2021-01-27,296,3078,30,1460,266,1618,0,0,249,2195,45,443,250,2638,California
Amador,2021-01-28,345,3423,76,1536,269,1887,0,0,284,2419,61,504,285,2923,California
Amador,2021-01-29,95,3518,30,1566,65,1952,0,0,80,2484,15,519,80,3003,California
Amador,2021-01-30,167,3685,33,1599,134,2086,0,0,162,2641,5,524,162,3165,California
Amador,2021-01-31,32,3717,28,1627,4,2090,0,0,31,2671,1,525,31,3196,California
Amador,2021-02-01,63,3780,23,1650,40,2130,0,0,36,2680,27,552,36,3232,California
Amador,2021-02-02,213,3993,66,1716,147,2277,0,0,127,2724,83,635,127,3359,California
Amador,2021-02-03,141,4134,38,1754,103,2380,0,0,90,2764,50,685,90,3449,California
Amador,2021-02-04,248,4382,72,1826,176,2556,0,0,163,2844,85,770,165,3614,California
Amador,2021-02-05,331,4713,63,1889,268,2824,0,0,315,3143,16,786,315,3929,California
Amador,2021-02-06,99,4812,80,1969,19,2843,0,0,95,3234,4,790,95,4024,California
Amador,2021-02-07,38,4850,35,2004,3,2846,0,0,35,3266,3,793,35,4059,California
Amador,2021-02-08,90,4940,62,2066,28,2874,0,0,73,3322,17,810,73,4132,California
Amador,2021-02-09,175,5115,83,2149,92,2966,0,0,110,3367,65,875,110,4242,California
Amador,2021-02-10,976,6091,79,2228,897,3863,0,0,943,4277,33,908,943,5185,California
Amador,2021-02-11,306,6397,118,2346,188,4051,0,0,200,4372,105,1013,200,5385,California
Amador,2021-02-12,324,6721,118,2464,206,4257,0,0,253,4554,71,1084,253,5638,California
Amador,2021-02-13,165,6886,81,2545,84,4341,0,0,139,4667,26,1110,139,5777,California
Amador,2021-02-14,123,7009,54,2599,69,4410,0,0,106,4756,17,1127,106,5883,California
Amador,2021-02-15,186,7195,60,2659,126,4536,0,0,169,4909,16,1143,169,6052,California
Amador,2021-02-16,462,7657,53,2712,409,4945,0,0,425,5298,37,1180,426,6478,California
Amador,2021-02-17,258,7915,80,2792,178,5123,0,0,163,5366,95,1275,163,6641,California
Amador,2021-02-18,398,8313,99,2891,299,5422,0,0,336,5641,62,1337,337,6978,California
Amador,2021-02-19,192,8505,76,2967,116,5538,0,0,111,5671,81,1418,111,7089,California
Amador,2021-02-20,91,8596,29,2996,62,5600,0,0,64,5708,27,1445,64,7153,California
Amador,2021-02-21,45,8641,34,3030,11,5611,0,0,15,5693,30,1475,15,7168,California
Amador,2021-02-22,63,8704,24,3054,39,5650,0,0,32,5695,30,1505,32,7200,California
Amador,2021-02-23,318,9022,55,3109,263,5913,0,0,138,5654,180,1685,139,7339,California
Amador,2021-02-24,393,9415,56,3165,337,6250,0,0,263,5791,126,1811,263,7602,California
Amador,2021-02-25,518,9933,114,3279,404,6654,0,0,279,5832,238,2049,279,7881,California
Amador,2021-02-26,608,10541,75,3354,533,7187,0,0,503,6231,105,2154,504,8385,California
Amador,2021-02-27,288,10829,91,3445,197,7384,0,0,100,6146,187,2341,102,8487,California
Amador,2021-02-28,101,10930,52,3497,49,7433,0,0,55,6158,46,2387,58,8545,California
Amador,2021-03-01,188,11118,66,3563,122,7555,0,0,119,6209,69,2456,120,8665,California
Amador,2021-03-02,379,11497,63,3626,316,7871,0,0,329,6489,50,2506,330,8995,California
Amador,2021-03-03,240,11737,78,3704,162,8033,0,0,165,6581,74,2580,166,9161,California
Amador,2021-03-04,494,12231,116,3820,378,8411,0,0,392,6871,102,2682,392,9553,California
Amador,2021-03-05,512,12743,77,3897,435,8846,0,0,294,6950,217,2899,296,9849,California
Amador,2021-03-06,99,12842,45,3942,53,8899,1,1,54,6960,45,2944,55,9904,California
Amador,2021-03-07,63,12905,42,3984,21,8920,0,1,20,6937,43,2987,20,9924,California
Amador,2021-03-08,152,13057,71,4055,80,9000,1,2,91,6968,61,3048,92,10016,California
Amador,2021-03-09,368,13425,49,4104,319,9319,0,2,290,7183,75,3123,290,10306,California
Amador,2021-03-10,507,13932,74,4178,431,9750,2,4,109,6897,398,3521,112,10418,California
Amador,2021-03-11,470,14402,115,4293,344,10094,11,15,299,7040,170,3691,313,10731,California
Amador,2021-03-12,567,14969,65,4358,494,10588,8,23,337,7161,229,3920,350,11081,California
Amador,2021-03-13,114,15083,18,4376,89,10677,7,30,74,7206,40,3960,85,11166,California
Amador,2021-03-14,89,15172,19,4395,67,10744,3,33,21,7162,68,4028,24,11190,California
Amador,2021-03-15,177,15349,25,4420,145,10889,7,40,53,7100,124,4152,62,11252,California
Amador,2021-03-16,448,15797,55,4475,383,11272,10,50,137,6938,309,4461,147,11399,California
Amador,2021-03-17,192,15989,42,4517,147,11419,3,53,116,6982,76,4537,120,11519,California
Amador,2021-03-18,471,16460,96,4613,371,11790,4,57,246,7011,225,4762,254,11773,California
Amador,2021-03-19,540,17000,57,4670,466,12256,17,74,391,7275,147,4909,411,12184,California
Amador,2021-03-20,110,17110,46,4716,63,12319,1,75,47,7263,62,4971,50,12234,California
Amador,2021-03-21,48,17158,36,4752,11,12330,1,76,31,7281,16,4987,34,12268,California
Amador,2021-03-22,114,17272,33,4785,52,12382,29,105,50,7296,64,5051,79,12347,California
Amador,2021-03-23,432,17704,48,4833,376,12758,8,113,276,7425,155,5206,284,12631,California
Amador,2021-03-24,341,18045,35,4868,55,12813,251,364,35,7406,305,5511,286,12917,California
Amador,2021-03-25,599,18644,82,4950,511,13324,6,370,388,7590,210,5721,394,13311,California
Amador,2021-03-26,738,19382,43,4993,689,14013,6,376,282,7428,453,6174,291,13602,California
Amador,2021-03-27,92,19474,15,5008,75,14088,2,378,28,7396,64,6238,32,13634,California
Amador,2021-03-28,68,19542,15,5023,51,14139,2,380,14,7360,53,6291,17,13651,California
Amador,2021-03-29,178,19720,26,5049,151,14290,1,381,80,7350,96,6387,86,13737,California
Amador,2021-03-30,532,20252,28,5077,503,14793,1,382,298,7416,233,6620,299,14036,California
Amador,2021-03-31,202,20454,57,5134,140,14933,5,387,47,7313,155,6775,52,14088,California
Amador,2021-04-01,613,21067,85,5219,528,15461,0,387,266,7236,345,7120,268,14356,California
Amador,2021-04-02,602,21669,34,5253,556,16017,12,399,383,7415,217,7337,396,14752,California
Amador,2021-04-03,82,21751,19,5272,43,16060,20,419,20,7394,62,7399,41,14793,California
Amador,2021-04-04,39,21790,4,5276,29,16089,6,425,16,7393,23,7422,22,14815,California
Amador,2021-04-05,140,21930,48,5324,74,16163,18,443,45,7363,94,7516,64,14879,California
Amador,2021-04-06,501,22431,38,5362,444,16607,19,462,222,7327,277,7793,241,15120,California
Amador,2021-04-07,100,22531,34,5396,47,16654,19,481,44,7336,54,7847,63,15183,California
Amador,2021-04-08,497,23028,84,5480,391,17045,22,503,223,7308,273,8120,245,15428,California
Amador,2021-04-09,482,23510,21,5501,442,17487,19,522,214,7272,267,8387,231,15659,California
Amador,2021-04-10,51,23561,14,5515,26,17513,11,533,22,7276,29,8416,33,15692,California
Amador,2021-04-11,48,23609,23,5538,21,17534,4,537,22,7276,26,8442,26,15718,California
Amador,2021-04-12,98,23707,27,5565,62,17596,9,546,43,7273,55,8497,52,15770,California
Amador,2021-04-13,343,24050,50,5615,293,17889,0,546,68,7067,274,8771,68,15838,California
Amador,2021-04-14,276,24326,26,5641,250,18139,0,546,176,7144,99,8870,176,16014,California
Amador,2021-04-15,328,24654,73,5714,255,18394,0,546,73,6967,250,9120,73,16087,California
Amador,2021-04-16,483,25137,29,5743,454,18848,0,546,384,7254,97,9217,384,16471,California
Amador,2021-04-17,63,25200,37,5780,26,18874,0,546,27,7245,36,9253,27,16498,California
Amador,2021-04-18,25,25225,5,5785,20,18894,0,546,11,7242,14,9267,11,16509,California
Amador,2021-04-19,69,25294,27,5812,42,18936,0,546,31,7238,37,9304,33,16542,California
Amador,2021-04-20,434,25728,53,5865,381,19317,0,546,111,7034,317,9621,113,16655,California
Amador,2021-04-21,86,25814,33,5898,53,19370,0,546,43,7035,42,9663,43,16698,California
Amador,2021-04-22,150,25964,70,5968,79,19449,1,547,66,7022,80,9743,67,16765,California
Amador,2021-04-23,351,26315,41,6009,310,19759,0,547,280,7234,70,9813,282,17047,California
Amador,2021-04-24,35,26350,18,6027,17,19776,0,547,17,7233,18,9831,17,17064,California
Amador,2021-04-25,29,26379,16,6043,13,19789,0,547,17,7238,12,9843,17,17081,California
Amador,2021-04-26,55,26434,16,6059,38,19827,1,548,21,7227,33,9876,22,17103,California
Butte,2020-12-16,3,3,3,3,0,0,0,0,3,3,0,0,3,3,California
Butte,2020-12-17,21,24,21,24,0,0,0,0,21,24,0,0,21,24,California
Butte,2020-12-18,50,74,50,74,0,0,0,0,50,74,0,0,50,74,California
Butte,2020-12-19,7,81,7,81,0,0,0,0,7,81,0,0,7,81,California
Butte,2020-12-20,10,91,10,91,0,0,0,0,10,91,0,0,10,91,California
Butte,2020-12-21,634,725,634,725,0,0,0,0,634,725,0,0,634,725,California
Butte,2020-12-22,618,1343,616,1341,2,2,0,0,618,1343,0,0,618,1343,California
Butte,2020-12-23,869,2212,853,2194,16,18,0,0,869,2212,0,0,869,2212,California
Butte,2020-12-24,159,2371,156,2350,3,21,0,0,159,2371,0,0,159,2371,California
Butte,2020-12-26,93,2464,91,2441,2,23,0,0,93,2464,0,0,93,2464,California
Butte,2020-12-27,35,2499,34,2475,1,24,0,0,35,2499,0,0,35,2499,California
Butte,2020-12-28,279,2778,273,2748,6,30,0,0,279,2778,0,0,279,2778,California
Butte,2020-12-29,204,2982,180,2928,24,54,0,0,204,2982,0,0,204,2982,California
Butte,2020-12-30,503,3485,291,3219,212,266,0,0,503,3485,0,0,503,3485,California
Butte,2020-12-31,211,3696,18,3237,193,459,0,0,211,3696,0,0,211,3696,California
Butte,2021-01-01,8,3704,1,3238,7,466,0,0,8,3704,0,0,8,3704,California
Butte,2021-01-02,41,3745,38,3276,3,469,0,0,41,3745,0,0,41,3745,California
Butte,2021-01-03,4,3749,1,3277,3,472,0,0,4,3749,0,0,4,3749,California
Butte,2021-01-04,209,3958,175,3452,34,506,0,0,209,3958,0,0,209,3958,California
Butte,2021-01-05,196,4154,151,3603,45,551,0,0,195,4152,1,1,195,4153,California
Butte,2021-01-06,623,4777,397,4000,226,777,0,0,618,4766,5,6,619,4772,California
Butte,2021-01-07,763,5540,371,4371,392,1169,0,0,743,5489,20,26,743,5515,California
Butte,2021-01-08,572,6112,529,4900,43,1212,0,0,526,5969,46,72,526,6041,California
Butte,2021-01-09,12,6124,7,4907,5,1217,0,0,7,5971,5,77,7,6048,California
Butte,2021-01-10,19,6143,5,4912,14,1231,0,0,14,5980,5,82,14,6062,California
Butte,2021-01-11,986,7129,950,5862,36,1267,0,0,357,5711,629,711,360,6422,California
Butte,2021-01-12,697,7826,652,6514,45,1312,0,0,274,5562,423,1134,274,6696,California
Butte,2021-01-13,1448,9274,954,7468,494,1806,0,0,614,5344,834,1968,616,7312,California
Butte,2021-01-14,1637,10911,896,8364,741,2547,0,0,1440,6588,196,2164,1440,8752,California
Butte,2021-01-15,1170,12081,926,9290,244,2791,0,0,1061,7539,110,2274,1061,9813,California
Butte,2021-01-16,586,12667,300,9590,286,3077,0,0,541,8035,45,2319,541,10354,California
Butte,2021-01-17,239,12906,64,9654,175,3252,0,0,202,8200,37,2356,202,10556,California
Butte,2021-01-18,342,13248,302,9956,40,3292,0,0,274,8407,67,2423,274,10830,California
Butte,2021-01-19,493,13741,429,10385,64,3356,0,0,220,8354,273,2696,220,11050,California
Butte,2021-01-20,1346,15087,665,11050,681,4037,0,0,1043,9094,303,2999,1043,12093,California
Butte,2021-01-21,1474,16561,866,11916,608,4645,0,0,1366,10353,107,3106,1366,13459,California
Butte,2021-01-22,995,17556,336,12252,659,5304,0,0,942,11242,53,3159,942,14401,California
Butte,2021-01-23,125,17681,83,12335,42,5346,0,0,99,11315,26,3185,99,14500,California
Butte,2021-01-24,9,17690,7,12342,2,5348,0,0,9,11324,0,3185,9,14509,California
Butte,2021-01-25,654,18344,336,12678,318,5666,0,0,491,11652,163,3348,491,15000,California
Butte,2021-01-26,1467,19811,377,13055,1090,6756,0,0,1330,12845,137,3485,1330,16330,California
Butte,2021-01-27,2085,21896,708,13763,1377,8133,0,0,1365,13491,719,4204,1365,17695,California
Butte,2021-01-28,2262,24158,261,14024,2001,10134,0,0,1951,15132,310,4514,1951,19646,California
Butte,2021-01-29,1683,25841,488,14512,1195,11329,0,0,1304,16058,378,4892,1304,20950,California
Butte,2021-01-30,32,25873,9,14521,23,11352,0,0,29,16084,3,4895,29,20979,California
Butte,2021-01-31,17,25890,15,14536,2,11354,0,0,16,16099,1,4896,16,20995,California
Butte,2021-02-01,1748,27638,406,14942,1342,12696,0,0,1359,17071,387,5283,1359,22354,California
Butte,2021-02-02,1931,29569,362,15304,1569,14265,0,0,1628,18395,304,5587,1628,23982,California
Butte,2021-02-03,2733,32302,772,16076,1961,16226,0,0,1843,19350,888,6475,1843,25825,California
Butte,2021-02-04,2960,35262,327,16403,2633,18859,0,0,2405,21202,553,7028,2405,28230,California
Butte,2021-02-05,1168,36430,662,17065,506,19365,0,0,537,21109,631,7659,538,28768,California
Butte,2021-02-06,143,36573,102,17167,41,19406,0,0,61,21088,82,7741,61,28829,California
Butte,2021-02-07,37,36610,33,17200,4,19410,0,0,13,21077,24,7765,13,28842,California
Butte,2021-02-08,689,37299,540,17740,149,19559,0,0,238,20864,451,8216,238,29080,California
Butte,2021-02-09,951,38250,457,18197,494,20053,0,0,724,21361,227,8443,724,29804,California
Butte,2021-02-10,1708,39958,1191,19388,517,20570,0,0,699,21053,1007,9450,699,30503,California
Butte,2021-02-11,2198,42156,1348,20736,850,21420,0,0,1004,20863,1194,10644,1004,31507,California
Butte,2021-02-12,867,43023,302,21038,565,21985,0,0,317,20631,549,11193,317,31824,California
Butte,2021-02-13,254,43277,45,21083,209,22194,0,0,151,20679,103,11296,151,31975,California
Butte,2021-02-14,160,43437,9,21092,151,22345,0,0,155,20829,5,11301,155,32130,California
Butte,2021-02-15,261,43698,48,21140,213,22558,0,0,198,20964,63,11364,198,32328,California
Butte,2021-02-16,729,44427,428,21568,301,22859,0,0,273,20780,457,11821,273,32601,California
Butte,2021-02-17,1513,45940,847,22415,666,23525,0,0,841,20951,670,12491,841,33442,California
Butte,2021-02-18,1551,47491,759,23174,792,24317,0,0,745,20890,806,13297,745,34187,California
Butte,2021-02-19,1167,48658,387,23561,780,25097,0,0,402,20534,758,14055,402,34589,California
Butte,2021-02-20,473,49131,28,23589,445,25542,0,0,120,20302,352,14407,120,34709,California
Butte,2021-02-21,16,49147,14,23603,2,25544,0,0,11,20308,5,14412,11,34720,California
Butte,2021-02-22,1493,50640,295,23898,1198,26742,0,0,381,19578,1111,15523,381,35101,California
Butte,2021-02-23,1633,52273,298,24196,1335,28077,0,0,463,18876,1165,16688,463,35564,California
Butte,2021-02-24,2132,54405,596,24792,1536,29613,0,0,729,18210,1395,18083,729,36293,California
Butte,2021-02-25,2073,56478,574,25366,1499,31112,0,0,652,17447,1416,19499,653,36946,California
Butte,2021-02-26,921,57399,311,25677,610,31722,0,0,398,17325,520,20019,398,37344,California
Butte,2021-02-27,233,57632,47,25724,186,31908,0,0,186,17466,45,20064,186,37530,California
Butte,2021-02-28,139,57771,16,25740,123,32031,0,0,131,17589,8,20072,131,37661,California
Butte,2021-03-01,1624,59395,178,25918,1445,33476,1,1,328,16623,1295,21367,329,37990,California
Butte,2021-03-02,1739,61134,194,26112,1545,35021,0,1,307,15502,1428,22795,307,38297,California
Butte,2021-03-03,2779,63913,844,26956,1935,36956,0,1,481,13686,2297,25092,481,38778,California
Butte,2021-03-04,3135,67048,672,27628,2463,39419,0,1,618,11788,2516,27608,618,39396,California
Butte,2021-03-05,1329,68377,604,28232,724,40143,1,2,723,11909,603,28211,724,40120,California
Butte,2021-03-06,247,68624,27,28259,197,40340,23,25,186,12058,60,28271,209,40329,California
Butte,2021-03-07,55,68679,3,28262,35,40375,17,42,30,12080,25,28296,47,40376,California
Butte,2021-03-08,1262,69941,128,28390,1057,41432,77,119,1098,13093,162,28458,1175,41551,California
Butte,2021-03-09,1896,71837,276,28666,1517,42949,103,222,1411,14123,484,28942,1514,43065,California
Butte,2021-03-10,2322,74159,967,29633,1255,44204,100,322,1582,15069,735,29677,1681,44746,California
Butte,2021-03-11,2800,76959,1313,30946,1362,45566,125,447,1977,16358,813,30490,2102,46848,California
Butte,2021-03-12,1139,78098,327,31273,466,46032,346,793,354,16279,779,31269,700,47548,California
Butte,2021-03-13,253,78351,68,31341,137,46169,48,841,65,16204,188,31457,113,47661,California
Butte,2021-03-14,160,78511,15,31356,103,46272,42,883,21,16129,138,31595,63,47724,California
Butte,2021-03-15,1719,80230,360,31716,1066,47338,293,1176,1126,16960,588,32183,1419,49143,California
Butte,2021-03-16,1623,81853,414,32130,1131,48469,78,1254,1083,17583,537,32720,1160,50303,California
Butte,2021-03-17,1950,83803,1357,33487,512,48981,81,1335,1131,17983,811,33531,1211,51514,California
Butte,2021-03-18,1797,85600,1455,34942,213,49194,129,1464,1058,18435,734,34265,1186,52700,California
Butte,2021-03-19,698,86298,313,35255,301,49495,84,1548,344,18517,346,34611,428,53128,California
Butte,2021-03-20,205,86503,32,35287,157,49652,16,1564,93,18514,112,34723,109,53237,California
Butte,2021-03-21,57,86560,26,35313,2,49654,29,1593,15,18516,42,34765,44,53281,California
Butte,2021-03-22,1462,88022,354,35667,1014,50668,94,1687,1197,19544,263,35028,1291,54572,California
Butte,2021-03-23,1795,89817,487,36154,1194,51862,114,1801,1451,20766,343,35371,1565,56137,California
Butte,2021-03-24,2246,92063,1263,37417,857,52719,126,1927,1699,22048,542,35913,1824,57961,California
Butte,2021-03-25,1481,93544,1199,38616,192,52911,90,2017,1019,22698,459,36372,1109,59070,California
Butte,2021-03-26,1209,94753,440,39056,523,53434,246,2263,569,22881,632,37004,815,59885,California
Butte,2021-03-27,300,95053,83,39139,193,53627,24,2287,132,22871,165,37169,155,60040,California
Butte,2021-03-28,224,95277,42,39181,174,53801,8,2295,100,22857,121,37290,107,60147,California
Butte,2021-03-29,1721,96998,381,39562,1270,55071,70,2365,1307,23823,411,37701,1377,61524,California
Butte,2021-03-30,1032,98030,466,40028,476,55547,90,2455,492,23871,534,38235,582,62106,California
Butte,2021-03-31,1776,99806,1304,41332,405,55952,67,2522,1086,24340,684,38919,1153,63259,California
Butte,2021-04-01,3282,103088,2665,43997,490,56442,127,2649,2214,25619,1063,39982,2342,65601,California
Butte,2021-04-02,994,104082,414,44411,460,56902,120,2769,561,25874,425,40407,680,66281,California
Butte,2021-04-03,346,104428,47,44458,224,57126,75,2844,166,25935,180,40587,241,66522,California
Butte,2021-04-04,185,104613,22,44480,140,57266,23,2867,107,25989,76,40663,130,66652,California
Butte,2021-04-05,1958,106571,419,44899,1369,58635,170,3037,601,25409,1350,42013,770,67422,California
Butte,2021-04-06,2184,108755,617,45516,1147,59782,420,3457,786,25221,1392,43405,1204,68626,California
Butte,2021-04-07,2998,111753,1310,46826,1295,61077,393,3850,687,23995,2306,45711,1080,69706,California
Butte,2021-04-08,2715,114468,1185,48011,1264,62341,266,4116,437,22423,2275,47986,703,70409,California
Butte,2021-04-09,1366,115834,347,48358,540,62881,479,4595,327,22193,1035,49021,805,71214,California
Butte,2021-04-10,217,116051,46,48404,74,62955,97,4692,95,22263,121,49142,191,71405,California
Butte,2021-04-11,101,116152,44,48448,47,63002,10,4702,81,22336,18,49160,91,71496,California
Butte,2021-04-12,1406,117558,316,48764,956,63958,134,4836,252,21568,1154,50314,386,71882,California
Butte,2021-04-13,1636,119194,571,49335,1059,65017,6,4842,350,20646,1279,51593,357,72239,California
Butte,2021-04-14,2828,122022,2337,51672,491,65508,0,4842,1315,20454,1508,53101,1316,73555,California
Butte,2021-04-15,610,122632,373,52045,237,65745,0,4842,462,20770,146,53247,462,74017,California
Butte,2021-04-16,806,123438,413,52458,393,66138,0,4842,474,20917,329,53576,476,74493,California
Butte,2021-04-17,337,123775,61,52519,276,66414,0,4842,236,21053,100,53676,236,74729,California
Butte,2021-04-18,38,123813,8,52527,30,66444,0,4842,34,21083,4,53680,34,74763,California
Butte,2021-04-19,1558,125371,381,52908,1177,67621,0,4842,449,20426,1106,54786,449,75212,California
Butte,2021-04-20,1971,127342,726,53634,1245,68866,0,4842,790,20040,1176,55962,790,76002,California
Butte,2021-04-21,2055,129397,1168,54802,886,69752,1,4843,486,18963,1563,57525,486,76488,California
Butte,2021-04-22,2153,131550,1881,56683,272,70024,0,4843,589,17991,1561,59086,589,77077,California
Butte,2021-04-23,927,132477,440,57123,487,70511,0,4843,481,18028,444,59530,481,77558,California
Butte,2021-04-24,246,132723,84,57207,162,70673,0,4843,129,18040,117,59647,129,77687,California
Butte,2021-04-25,141,132864,57,57264,84,70757,0,4843,54,18008,86,59733,54,77741,California
Butte,2021-04-26,1045,133909,273,57537,772,71529,0,4843,290,17545,753,60486,290,78031,California
Calaveras,2020-12-16,5,5,5,5,0,0,0,0,5,5,0,0,5,5,California
Calaveras,2020-12-17,3,8,3,8,0,0,0,0,3,8,0,0,3,8,California
Calaveras,2020-12-18,38,46,38,46,0,0,0,0,38,46,0,0,38,46,California
Calaveras,2020-12-19,3,49,3,49,0,0,0,0,3,49,0,0,3,49,California
Calaveras,2020-12-20,3,52,3,52,0,0,0,0,3,52,0,0,3,52,California
Calaveras,2020-12-21,55,107,48,100,7,7,0,0,55,107,0,0,55,107,California
Calaveras,2020-12-22,80,187,76,176,4,11,0,0,81,188,0,0,81,188,California
Calaveras,2020-12-23,76,263,74,250,2,13,0,0,76,264,0,0,76,264,California
Calaveras,2020-12-24,2,265,2,252,0,13,0,0,2,266,0,0,2,266,California
Calaveras,2020-12-26,3,268,3,255,0,13,0,0,3,269,0,0,3,269,California
Calaveras,2020-12-28,22,290,18,273,4,17,0,0,21,289,1,1,21,290,California
Calaveras,2020-12-29,168,458,148,421,20,37,0,0,168,457,0,1,168,458,California
Calaveras,2020-12-30,94,552,82,503,12,49,0,0,94,551,0,1,94,552,California
Calaveras,2020-12-31,35,587,25,528,10,59,0,0,35,586,0,1,35,587,California
Calaveras,2021-01-02,11,598,11,539,0,59,0,0,11,597,0,1,11,598,California
Calaveras,2021-01-03,9,607,4,543,5,64,0,0,9,606,0,1,9,607,California
Calaveras,2021-01-04,33,640,5,548,28,92,0,0,33,639,0,1,33,640,California
Calaveras,2021-01-05,41,681,10,558,31,123,0,0,33,669,8,9,38,678,California
Calaveras,2021-01-06,107,788,29,587,78,201,0,0,97,756,10,19,97,775,California
Calaveras,2021-01-07,104,892,25,612,79,280,0,0,92,838,11,30,93,868,California
Calaveras,2021-01-08,68,960,38,650,30,310,0,0,45,861,23,53,46,914,California
Calaveras,2021-01-09,5,965,5,655,0,310,0,0,2,860,3,56,2,916,California
Calaveras,2021-01-10,2,967,0,655,2,312,0,0,2,862,0,56,2,918,California
Calaveras,2021-01-11,64,1031,58,713,6,318,0,0,27,854,36,92,28,946,California
Calaveras,2021-01-12,85,1116,52,765,33,351,0,0,52,874,33,125,53,999,California
Calaveras,2021-01-13,107,1223,43,808,64,415,0,0,74,916,33,158,75,1074,California
Calaveras,2021-01-14,136,1359,41,849,95,510,0,0,103,988,32,190,104,1178,California
Calaveras,2021-01-15,90,1449,28,877,62,572,0,0,71,1040,19,209,71,1249,California
Calaveras,2021-01-16,13,1462,2,879,11,583,0,0,12,1051,1,210,12,1261,California
Calaveras,2021-01-17,10,1472,1,880,9,592,0,0,10,1061,0,210,10,1271,California
Calaveras,2021-01-18,131,1603,19,899,112,704,0,0,118,1169,13,223,121,1392,California
Calaveras,2021-01-19,204,1807,174,1073,30,734,0,0,62,1091,141,364,63,1455,California
Calaveras,2021-01-20,375,2182,81,1154,294,1028,0,0,291,1307,83,447,299,1754,California
Calaveras,2021-01-21,461,2643,40,1194,421,1449,0,0,434,1720,27,474,440,2194,California
Calaveras,2021-01-22,400,3043,23,1217,377,1826,0,0,390,2107,10,484,397,2591,California
Calaveras,2021-01-23,22,3065,10,1227,12,1838,0,0,18,2121,4,488,18,2609,California
Calaveras,2021-01-24,13,3078,8,1235,5,1843,0,0,11,2130,2,490,11,2620,California
Calaveras,2021-01-25,84,3162,8,1243,76,1919,0,0,79,2204,5,495,79,2699,California
Calaveras,2021-01-26,47,3209,16,1259,31,1950,0,0,38,2233,9,504,38,2737,California
Calaveras,2021-01-27,133,3342,43,1302,90,2040,0,0,106,2313,26,530,106,2843,California
Calaveras,2021-01-28,163,3505,23,1325,140,2180,0,0,140,2433,23,553,143,2986,California
Calaveras,2021-01-29,386,3891,13,1338,373,2553,0,0,362,2779,24,577,370,3356,California
Calaveras,2021-01-30,27,3918,10,1348,17,2570,0,0,25,2804,0,577,25,3381,California
Calaveras,2021-01-31,5,3923,3,1351,2,2572,0,0,4,2807,1,578,4,3385,California
Calaveras,2021-02-01,24,3947,11,1362,13,2585,0,0,18,2819,6,584,18,3403,California
Calaveras,2021-02-02,108,4055,22,1384,86,2671,0,0,70,2856,34,618,71,3474,California
Calaveras,2021-02-03,430,4485,43,1427,387,3058,0,0,347,3122,82,700,348,3822,California
Calaveras,2021-02-04,377,4862,24,1451,353,3411,0,0,295,3335,82,782,295,4117,California
Calaveras,2021-02-05,79,4941,23,1474,56,3467,0,0,41,3339,38,820,42,4159,California
Calaveras,2021-02-06,22,4963,13,1487,9,3476,0,0,22,3361,0,820,22,4181,California
Calaveras,2021-02-07,4,4967,1,1488,3,3479,0,0,2,3361,2,822,2,4183,California
Calaveras,2021-02-08,38,5005,17,1505,21,3500,0,0,30,3385,6,828,30,4213,California
Calaveras,2021-02-09,189,5194,73,1578,116,3616,0,0,128,3458,55,883,128,4341,California
Calaveras,2021-02-10,509,5703,27,1605,482,4098,0,0,443,3836,66,949,444,4785,California
Calaveras,2021-02-11,581,6284,80,1685,501,4599,0,0,474,4207,104,1053,475,5260,California
Calaveras,2021-02-12,569,6853,325,2010,244,4843,0,0,494,4629,73,1126,495,5755,California
Calaveras,2021-02-13,193,7046,37,2047,156,4999,0,0,178,4792,15,1141,178,5933,California
Calaveras,2021-02-14,221,7267,71,2118,150,5149,0,0,206,4983,15,1156,206,6139,California
Calaveras,2021-02-15,381,7648,22,2140,359,5508,0,0,261,5127,117,1273,261,6400,California
Calaveras,2021-02-16,268,7916,143,2283,125,5633,0,0,232,5323,36,1309,232,6632,California
Calaveras,2021-02-17,509,8425,37,2320,472,6105,0,0,211,5244,291,1600,212,6844,California
Calaveras,2021-02-18,498,8923,91,2411,407,6512,0,0,99,4954,389,1989,99,6943,California
Calaveras,2021-02-19,437,9360,43,2454,394,6906,0,0,97,4721,330,2319,97,7040,California
Calaveras,2021-02-20,59,9419,15,2469,44,6950,0,0,48,4758,11,2330,48,7088,California
Calaveras,2021-02-21,22,9441,13,2482,9,6959,0,0,19,4774,3,2333,19,7107,California
Calaveras,2021-02-22,61,9502,38,2520,23,6982,0,0,33,4779,28,2361,33,7140,California
Calaveras,2021-02-23,122,9624,39,2559,83,7065,0,0,87,4832,35,2396,88,7228,California
Calaveras,2021-02-24,97,9721,48,2607,49,7114,0,0,66,4868,30,2426,66,7294,California
Calaveras,2021-02-25,549,10270,98,2705,451,7565,0,0,360,5042,186,2612,360,7654,California
Calaveras,2021-02-26,706,10976,47,2752,659,8224,0,0,370,5093,321,2933,372,8026,California
Calaveras,2021-02-27,202,11178,21,2773,181,8405,0,0,179,5249,23,2956,179,8205,California
Calaveras,2021-02-28,97,11275,15,2788,82,8487,0,0,92,5337,4,2960,92,8297,California
Calaveras,2021-03-01,226,11501,40,2828,186,8673,0,0,146,5405,79,3039,147,8444,California
Calaveras,2021-03-02,243,11744,91,2919,152,8825,0,0,202,5569,39,3078,203,8647,California
Calaveras,2021-03-03,510,12254,103,3022,407,9232,0,0,215,5493,291,3369,215,8862,California
Calaveras,2021-03-04,736,12990,63,3085,672,9904,1,1,349,5463,381,3750,351,9213,California
Calaveras,2021-03-05,456,13446,271,3356,181,10085,4,5,141,5296,312,4062,145,9358,California
Calaveras,2021-03-06,155,13601,43,3399,106,10191,6,11,121,5389,34,4096,127,9485,California
Calaveras,2021-03-07,76,13677,32,3431,36,10227,8,19,34,5389,42,4138,42,9527,California
Calaveras,2021-03-08,160,13837,25,3456,127,10354,8,27,126,5490,33,4171,134,9661,California
Calaveras,2021-03-09,360,14197,136,3592,218,10572,6,33,32,5203,325,4496,38,9699,California
Calaveras,2021-03-10,414,14611,26,3618,385,10957,3,36,57,4908,355,4851,60,9759,California
Calaveras,2021-03-11,841,15452,415,4033,413,11370,13,49,425,4932,414,5265,438,10197,California
Calaveras,2021-03-12,399,15851,210,4243,178,11548,11,60,326,5201,73,5338,342,10539,California
Calaveras,2021-03-13,177,16028,16,4259,153,11701,8,68,144,5323,32,5370,154,10693,California
Calaveras,2021-03-14,155,16183,10,4269,144,11845,1,69,17,5210,138,5508,25,10718,California
Calaveras,2021-03-15,330,16513,47,4316,257,12102,26,95,52,5015,277,5785,82,10800,California
Calaveras,2021-03-16,682,17195,547,4863,115,12217,20,115,542,5438,139,5924,562,11362,California
Calaveras,2021-03-17,278,17473,52,4915,213,12430,13,128,51,5278,225,6149,65,11427,California
Calaveras,2021-03-18,665,18138,569,5484,81,12511,15,143,550,5730,115,6264,567,11994,California
Calaveras,2021-03-19,229,18367,49,5533,107,12618,73,216,55,5687,170,6434,127,12121,California
Calaveras,2021-03-20,80,18447,20,5553,59,12677,1,217,24,5657,56,6490,26,12147,California
Calaveras,2021-03-21,48,18495,31,5584,6,12683,11,228,13,5646,35,6525,24,12171,California
Calaveras,2021-03-22,79,18574,36,5620,22,12705,21,249,25,5638,54,6579,46,12217,California
Calaveras,2021-03-23,292,18866,204,5824,78,12783,10,259,114,5590,172,6751,124,12341,California
Calaveras,2021-03-24,131,18997,49,5873,72,12855,10,269,42,5553,89,6840,52,12393,California
Calaveras,2021-03-25,736,19733,101,5974,632,13487,3,272,444,5711,289,7129,447,12840,California
Calaveras,2021-03-26,425,20158,26,6000,393,13880,6,278,87,5471,335,7464,95,12935,California
Calaveras,2021-03-27,212,20370,18,6018,190,14070,4,282,39,5346,170,7634,45,12980,California
Calaveras,2021-03-28,112,20482,12,6030,98,14168,2,284,8,5254,103,7737,11,12991,California
Calaveras,2021-03-29,175,20657,21,6051,152,14320,2,286,57,5198,117,7854,61,13052,California
Calaveras,2021-03-30,517,21174,22,6073,480,14800,15,301,344,5385,173,8027,360,13412,California
Calaveras,2021-03-31,322,21496,141,6214,171,14971,10,311,154,5382,168,8195,165,13577,California
Calaveras,2021-04-01,677,22173,438,6652,238,15209,1,312,181,5072,495,8690,185,13762,California
Calaveras,2021-04-02,388,22561,227,6879,153,15362,8,320,113,4921,273,8963,122,13884,California
Calaveras,2021-04-03,142,22703,31,6910,107,15469,4,324,39,4861,103,9066,43,13927,California
Calaveras,2021-04-04,79,22782,26,6936,53,15522,0,324,51,4884,28,9094,51,13978,California
Calaveras,2021-04-05,207,22989,78,7014,120,15642,9,333,97,4881,110,9204,107,14085,California
Calaveras,2021-04-06,645,23634,571,7585,60,15702,14,347,107,4467,535,9739,121,14206,California
Calaveras,2021-04-07,749,24383,651,8236,62,15764,36,383,612,4979,137,9876,649,14855,California
Calaveras,2021-04-08,939,25322,851,9087,68,15832,20,403,434,4931,504,10380,456,15311,California
Calaveras,2021-04-09,149,25471,57,9144,45,15877,47,450,55,4940,94,10474,103,15414,California
Calaveras,2021-04-10,188,25659,42,9186,127,16004,19,469,146,5064,42,10516,166,15580,California
Calaveras,2021-04-11,67,25726,43,9229,22,16026,2,471,46,5091,21,10537,48,15628,California
Calaveras,2021-04-12,101,25827,49,9278,38,16064,14,485,57,5119,44,10581,72,15700,California
Calaveras,2021-04-13,419,26246,363,9641,56,16120,0,485,362,5428,55,10636,364,16064,California
Calaveras,2021-04-14,177,26423,27,9668,150,16270,0,485,133,5518,44,10680,134,16198,California
Calaveras,2021-04-15,335,26758,285,9953,50,16320,0,485,250,5686,82,10762,250,16448,California
Calaveras,2021-04-16,94,26852,21,9974,73,16393,0,485,45,5686,45,10807,45,16493,California
Calaveras,2021-04-17,323,27175,123,10097,200,16593,0,485,282,5927,41,10848,282,16775,California
Calaveras,2021-04-18,19,27194,6,10103,13,16606,0,485,12,5932,7,10855,12,16787,California
Calaveras,2021-04-19,67,27261,24,10127,43,16649,0,485,41,5949,25,10880,42,16829,California
Calaveras,2021-04-20,252,27513,87,10214,165,16814,0,485,188,6075,62,10942,188,17017,California
Calaveras,2021-04-21,208,27721,142,10356,66,16880,0,485,83,6036,123,11065,84,17101,California
Calaveras,2021-04-22,533,28254,91,10447,442,17322,0,485,140,5787,392,11457,143,17244,California
Calaveras,2021-04-23,151,28405,77,10524,74,17396,0,485,60,5758,89,11546,60,17304,California
Calaveras,2021-04-24,157,28562,30,10554,127,17523,0,485,120,5842,36,11582,120,17424,California
Calaveras,2021-04-25,41,28603,29,10583,12,17535,0,485,19,5842,22,11604,22,17446,California
Calaveras,2021-04-26,38,28641,20,10603,18,17553,0,485,11,5826,27,11631,11,17457,California
Colusa,2020-12-18,1,1,1,1,0,0,0,0,1,1,0,0,1,1,California
Colusa,2020-12-21,2,3,2,3,0,0,0,0,2,3,0,0,2,3,California
Colusa,2020-12-22,10,13,10,13,0,0,0,0,10,13,0,0,10,13,California
Colusa,2020-12-23,10,23,10,23,0,0,0,0,10,23,0,0,10,23,California
Colusa,2020-12-24,2,25,1,24,1,1,0,0,2,25,0,0,2,25,California
Colusa,2020-12-27,1,26,1,25,0,1,0,0,1,26,0,0,1,26,California
Colusa,2020-12-28,7,33,3,28,4,5,0,0,7,33,0,0,7,33,California
Colusa,2020-12-29,11,44,8,36,3,8,0,0,11,44,0,0,11,44,California
Colusa,2020-12-30,50,94,13,49,37,45,0,0,50,94,0,0,50,94,California
Colusa,2020-12-31,18,112,1,50,17,62,0,0,18,112,0,0,18,112,California
Colusa,2021-01-04,4,116,0,50,4,66,0,0,4,116,0,0,4,116,California
Colusa,2021-01-05,67,183,1,51,66,132,0,0,67,183,0,0,67,183,California
Colusa,2021-01-06,15,198,9,60,6,138,0,0,15,198,0,0,15,198,California
Colusa,2021-01-07,38,236,4,64,34,172,0,0,37,234,1,1,37,235,California
Colusa,2021-01-08,9,245,7,71,2,174,0,0,8,241,1,2,8,243,California
Colusa,2021-01-09,2,247,1,72,1,175,0,0,2,243,0,2,2,245,California
Colusa,2021-01-10,1,248,0,72,1,176,0,0,1,244,0,2,1,246,California
Colusa,2021-01-11,12,260,6,78,6,182,0,0,7,246,5,7,7,253,California
Colusa,2021-01-12,11,271,9,87,2,184,0,0,6,247,5,12,6,259,California
Colusa,2021-01-13,21,292,13,100,8,192,0,0,13,252,8,20,13,272,California
Colusa,2021-01-14,35,327,28,128,7,199,0,0,33,283,2,22,33,305,California
Colusa,2021-01-15,41,368,5,133,36,235,0,0,39,320,2,24,39,344,California
Colusa,2021-01-16,12,380,1,134,11,246,0,0,11,330,1,25,11,355,California
Colusa,2021-01-17,3,383,2,136,1,247,0,0,2,331,1,26,2,357,California
Colusa,2021-01-18,4,387,0,136,4,251,0,0,4,335,0,26,4,361,California
Colusa,2021-01-19,9,396,8,144,1,252,0,0,5,336,4,30,5,366,California
Colusa,2021-01-20,115,511,101,245,14,266,0,0,102,425,13,43,102,468,California
Colusa,2021-01-21,56,567,41,286,15,281,0,0,55,479,1,44,55,523,California
Colusa,2021-01-22,40,607,17,303,23,304,0,0,35,509,5,49,35,558,California
Colusa,2021-01-23,35,642,6,309,29,333,0,0,35,544,0,49,35,593,California
Colusa,2021-01-25,7,649,0,309,7,340,0,0,7,551,0,49,7,600,California
Colusa,2021-01-26,8,657,5,314,3,343,0,0,5,553,3,52,5,605,California
Colusa,2021-01-27,109,766,31,345,78,421,0,0,107,658,2,54,107,712,California
Colusa,2021-01-28,79,845,46,391,33,454,0,0,72,723,7,61,72,784,California
Colusa,2021-01-29,41,886,7,398,34,488,0,0,40,762,1,62,40,824,California
Colusa,2021-01-30,27,913,4,402,23,511,0,0,27,789,0,62,27,851,California
Colusa,2021-01-31,7,920,7,409,0,511,0,0,7,796,0,62,7,858,California
Colusa,2021-02-01,27,947,10,419,17,528,0,0,22,813,5,67,22,880,California
Colusa,2021-02-02,42,989,8,427,34,562,0,0,36,843,6,73,36,916,California
Colusa,2021-02-03,69,1058,10,437,59,621,0,0,59,892,10,83,59,975,California
Colusa,2021-02-04,143,1201,81,518,62,683,0,0,115,979,28,111,115,1090,California
Colusa,2021-02-05,32,1233,8,526,24,707,0,0,29,1005,3,114,29,1119,California
Colusa,2021-02-06,284,1517,8,534,276,983,0,0,273,1267,11,125,273,1392,California
Colusa,2021-02-07,2,1519,1,535,1,984,0,0,0,1265,2,127,0,1392,California
Colusa,2021-02-08,40,1559,5,540,35,1019,0,0,37,1299,3,130,37,1429,California
Colusa,2021-02-09,231,1790,14,554,217,1236,0,0,176,1420,55,185,176,1605,California
Colusa,2021-02-10,116,1906,41,595,75,1311,0,0,73,1450,43,228,73,1678,California
Colusa,2021-02-11,97,2003,36,631,61,1372,0,0,72,1497,25,253,72,1750,California
Colusa,2021-02-12,117,2120,9,640,108,1480,0,0,79,1537,39,292,79,1829,California
Colusa,2021-02-13,60,2180,8,648,52,1532,0,0,52,1581,8,300,52,1881,California
Colusa,2021-02-14,20,2200,8,656,12,1544,0,0,14,1589,6,306,14,1895,California
Colusa,2021-02-15,45,2245,10,666,35,1579,0,0,38,1620,7,313,38,1933,California
Colusa,2021-02-16,67,2312,4,670,63,1642,0,0,66,1685,1,314,66,1999,California
Colusa,2021-02-17,206,2518,143,813,63,1705,0,0,60,1599,146,460,60,2059,California
Colusa,2021-02-18,135,2653,35,848,100,1805,0,0,112,1688,23,483,112,2171,California
Colusa,2021-02-19,155,2808,19,867,136,1941,0,0,129,1791,26,509,129,2300,California
Colusa,2021-02-20,28,2836,6,873,22,1963,0,0,12,1787,16,525,12,2312,California
Colusa,2021-02-21,1,2837,1,874,0,1963,0,0,0,1786,1,526,0,2312,California
Colusa,2021-02-22,43,2880,26,900,17,1980,0,0,29,1801,14,540,29,2341,California
Colusa,2021-02-23,22,2902,6,906,16,1996,0,0,18,1815,4,544,18,2359,California
Colusa,2021-02-24,300,3202,54,960,246,2242,0,0,158,1831,142,686,158,2517,California
Colusa,2021-02-25,101,3303,54,1014,47,2289,0,0,66,1862,35,721,66,2583,California
Colusa,2021-02-26,97,3400,12,1026,85,2374,0,0,58,1881,39,760,58,2641,California
Colusa,2021-02-27,55,3455,4,1030,51,2425,0,0,40,1906,15,775,40,2681,California
Colusa,2021-02-28,26,3481,14,1044,12,2437,0,0,18,1916,8,783,18,2699,California
Colusa,2021-03-01,46,3527,15,1059,31,2468,0,0,29,1928,17,800,29,2728,California
Colusa,2021-03-02,49,3576,13,1072,36,2504,0,0,26,1931,23,823,26,2754,California
Colusa,2021-03-03,238,3814,39,1111,199,2703,0,0,181,2055,57,880,181,2935,California
Colusa,2021-03-04,138,3952,58,1169,80,2783,0,0,80,2077,58,938,80,3015,California
Colusa,2021-03-05,98,4050,25,1194,64,2847,9,9,53,2094,45,983,62,3077,California
Colusa,2021-03-06,274,4324,9,1203,265,3112,0,9,37,1894,237,1220,37,3114,California
Colusa,2021-03-07,8,4332,5,1208,3,3115,0,9,6,1898,2,1222,6,3120,California
Colusa,2021-03-08,88,4420,20,1228,33,3148,35,44,44,1933,44,1266,79,3199,California
Colusa,2021-03-09,272,4692,70,1298,179,3327,23,67,83,1850,189,1455,106,3305,California
Colusa,2021-03-10,287,4979,35,1333,216,3543,36,103,201,2001,86,1541,237,3542,California
Colusa,2021-03-11,416,5395,57,1390,338,3881,21,124,335,2274,81,1622,354,3896,California
Colusa,2021-03-12,109,5504,18,1408,78,3959,13,137,19,2216,90,1712,32,3928,California
Colusa,2021-03-13,61,5565,16,1424,36,3995,9,146,18,2200,43,1755,27,3955,California
Colusa,2021-03-14,20,5585,0,1424,18,4013,2,148,6,2195,13,1768,8,3963,California
Colusa,2021-03-15,69,5654,26,1450,35,4048,8,156,14,2162,55,1823,22,3985,California
Colusa,2021-03-16,295,5949,15,1465,234,4282,46,202,188,2289,107,1930,234,4219,California
Colusa,2021-03-17,195,6144,49,1514,146,4428,0,202,111,2316,84,2014,111,4330,California
Colusa,2021-03-18,320,6464,33,1547,216,4644,71,273,198,2462,122,2136,268,4598,California
Colusa,2021-03-19,78,6542,20,1567,56,4700,2,275,55,2496,23,2159,57,4655,California
Colusa,2021-03-20,49,6591,7,1574,41,4741,1,276,36,2520,13,2172,37,4692,California
Colusa,2021-03-21,6,6597,4,1578,2,4743,0,276,4,2522,2,2174,4,4696,California
Colusa,2021-03-22,62,6659,10,1588,43,4786,9,285,40,2549,22,2196,49,4745,California
Colusa,2021-03-23,81,6740,16,1604,63,4849,2,287,54,2578,27,2223,56,4801,California
Colusa,2021-03-24,338,7078,57,1661,275,5124,6,293,70,2385,268,2491,75,4876,California
Colusa,2021-03-25,109,7187,60,1721,44,5168,5,298,52,2385,57,2548,57,4933,California
Colusa,2021-03-26,297,7484,46,1767,247,5415,4,302,244,2580,53,2601,248,5181,California
Colusa,2021-03-27,62,7546,5,1772,57,5472,0,302,25,2567,38,2639,25,5206,California
Colusa,2021-03-28,15,7561,6,1778,9,5481,0,302,7,2566,8,2647,7,5213,California
Colusa,2021-03-29,69,7630,19,1797,44,5525,6,308,30,2563,39,2686,36,5249,California
Colusa,2021-03-30,147,7777,78,1875,67,5592,2,310,75,2568,72,2758,77,5326,California
Colusa,2021-03-31,228,8005,36,1911,192,5784,0,310,72,2486,154,2912,72,5398,California
Colusa,2021-04-01,421,8426,65,1976,301,6085,55,365,300,2721,120,3032,355,5753,California
Colusa,2021-04-02,83,8509,14,1990,55,6140,14,379,39,2730,44,3076,53,5806,California
Colusa,2021-04-03,62,8571,10,2000,29,6169,23,402,14,2719,48,3124,37,5843,California
Colusa,2021-04-04,18,8589,0,2000,8,6177,10,412,3,2717,15,3139,13,5856,California
Colusa,2021-04-05,95,8684,25,2025,55,6232,15,427,39,2715,56,3195,54,5910,California
Colusa,2021-04-06,128,8812,33,2058,45,6277,50,477,43,2723,85,3280,93,6003,California
Colusa,2021-04-07,357,9169,40,2098,294,6571,23,500,133,2656,224,3504,157,6160,California
Colusa,2021-04-08,427,9596,33,2131,366,6937,28,528,122,2503,302,3806,149,6309,California
Colusa,2021-04-09,76,9672,21,2152,32,6969,23,551,28,2506,48,3854,51,6360,California
Colusa,2021-04-10,45,9717,9,2161,16,6985,20,571,13,2507,32,3886,33,6393,California
Colusa,2021-04-11,15,9732,2,2163,11,6996,2,573,7,2508,8,3894,9,6402,California
Colusa,2021-04-12,31,9763,3,2166,28,7024,0,573,24,2525,7,3901,24,6426,California
Colusa,2021-04-13,279,10042,23,2189,256,7280,0,573,95,2437,183,4084,95,6521,California
Colusa,2021-04-14,94,10136,19,2208,75,7355,0,573,33,2409,61,4145,33,6554,California
Colusa,2021-04-15,317,10453,42,2250,275,7630,0,573,129,2350,188,4333,129,6683,California
Colusa,2021-04-16,80,10533,11,2261,69,7699,0,573,36,2343,43,4376,36,6719,California
Colusa,2021-04-17,53,10586,7,2268,46,7745,0,573,31,2352,22,4398,31,6750,California
Colusa,2021-04-18,9,10595,2,2270,7,7752,0,573,7,2357,2,4400,7,6757,California
Colusa,2021-04-19,61,10656,22,2292,39,7791,0,573,17,2330,44,4444,17,6774,California
Colusa,2021-04-20,176,10832,32,2324,144,7935,0,573,128,2410,48,4492,128,6902,California
Colusa,2021-04-21,169,11001,59,2383,110,8045,0,573,109,2459,60,4552,109,7011,California
Colusa,2021-04-22,404,11405,26,2409,377,8422,1,574,204,2464,199,4751,204,7215,California
Colusa,2021-04-23,86,11491,20,2429,66,8488,0,574,37,2452,49,4800,37,7252,California
Colusa,2021-04-24,177,11668,10,2439,166,8654,1,575,155,2586,22,4822,156,7408,California
Colusa,2021-04-25,8,11676,4,2443,4,8658,0,575,5,2588,3,4825,5,7413,California
Colusa,2021-04-26,13,11689,3,2446,9,8667,1,576,4,2584,8,4833,4,7417,California
Contra Costa,2020-12-15,18,18,18,18,0,0,0,0,18,18,0,0,18,18,California
Contra Costa,2020-12-16,522,540,522,540,0,0,0,0,522,540,0,0,522,540,California
Contra Costa,2020-12-17,909,1449,909,1449,0,0,0,0,909,1449,0,0,909,1449,California
Contra Costa,2020-12-18,1591,3040,1590,3039,1,1,0,0,1591,3040,0,0,1591,3040,California
Contra Costa,2020-12-19,1101,4141,1100,4139,1,2,0,0,1101,4141,0,0,1101,4141,California
Contra Costa,2020-12-20,583,4724,582,4721,1,3,0,0,583,4724,0,0,583,4724,California
Contra Costa,2020-12-21,1654,6378,1652,6373,2,5,0,0,1654,6378,0,0,1654,6378,California
Contra Costa,2020-12-22,1665,8043,1561,7934,104,109,0,0,1665,8043,0,0,1665,8043,California
Contra Costa,2020-12-23,1582,9625,1335,9269,247,356,0,0,1582,9625,0,0,1582,9625,California
Contra Costa,2020-12-24,654,10279,336,9605,318,674,0,0,654,10279,0,0,654,10279,California
Contra Costa,2020-12-25,39,10318,17,9622,22,696,0,0,39,10318,0,0,39,10318,California
Contra Costa,2020-12-26,641,10959,131,9753,510,1206,0,0,641,10959,0,0,641,10959,California
Contra Costa,2020-12-27,240,11199,87,9840,153,1359,0,0,240,11199,0,0,240,11199,California
Contra Costa,2020-12-28,1829,13028,860,10700,969,2328,0,0,1829,13028,0,0,1829,13028,California
Contra Costa,2020-12-29,1826,14854,824,11524,1002,3330,0,0,1826,14854,0,0,1826,14854,California
Contra Costa,2020-12-30,2390,17244,1215,12739,1175,4505,0,0,2389,17243,0,0,2389,17243,California
Contra Costa,2020-12-31,914,18158,308,13047,606,5111,0,0,913,18156,0,0,913,18156,California
Contra Costa,2021-01-01,60,18218,23,13070,37,5148,0,0,60,18216,0,0,60,18216,California
Contra Costa,2021-01-02,334,18552,173,13243,161,5309,0,0,334,18550,0,0,334,18550,California
Contra Costa,2021-01-03,175,18727,117,13360,58,5367,0,0,174,18724,0,0,174,18724,California
Contra Costa,2021-01-04,1902,20629,1250,14610,652,6019,0,0,1881,20586,19,19,1881,20605,California
Contra Costa,2021-01-05,2098,22727,1257,15867,841,6860,0,0,1839,22168,258,277,1840,22445,California
Contra Costa,2021-01-06,3271,25998,2242,18109,1029,7889,0,0,2510,23926,755,1032,2513,24958,California
Contra Costa,2021-01-07,3087,29085,2057,20166,1030,8919,0,0,1876,24594,1208,2240,1876,26834,California
Contra Costa,2021-01-08,3381,32466,2389,22555,992,9911,0,0,1819,24859,1557,3797,1822,28656,California
Contra Costa,2021-01-09,1585,34051,1133,23688,452,10363,0,0,749,24775,835,4632,751,29407,California
Contra Costa,2021-01-10,359,34410,286,23974,73,10436,0,0,150,24716,209,4841,150,29557,California
Contra Costa,2021-01-11,3836,38246,3145,27119,691,11127,0,0,2231,25345,1605,6446,2234,31791,California
Contra Costa,2021-01-12,3906,42152,2929,30048,977,12104,0,0,2582,26605,1324,7770,2584,34375,California
Contra Costa,2021-01-13,4668,46820,2880,32928,1788,13892,0,0,3734,29410,930,8700,3735,38110,California
Contra Costa,2021-01-14,4302,51122,1553,34481,2749,16641,0,0,3920,32948,382,9082,3920,42030,California
Contra Costa,2021-01-15,5333,56455,2459,36940,2874,19515,0,0,5010,37640,322,9404,5014,47044,California
Contra Costa,2021-01-16,1716,58171,552,37492,1164,20679,0,0,1641,39206,75,9479,1641,48685,California
Contra Costa,2021-01-17,1636,59807,974,38466,662,21341,0,0,1513,40599,123,9602,1516,50201,California
Contra Costa,2021-01-18,3194,63001,1254,39720,1940,23281,0,0,2571,42554,617,10219,2572,52773,California
Contra Costa,2021-01-19,7060,70061,3157,42877,3903,27184,0,0,6057,47616,1000,11219,6062,58835,California
Contra Costa,2021-01-20,6608,76669,4053,46930,2555,29739,0,0,5374,51765,1230,12449,5379,64214,California
Contra Costa,2021-01-21,6954,83623,3092,50022,3862,33601,0,0,6230,57284,719,13168,6238,70452,California
Contra Costa,2021-01-22,6362,89985,2699,52721,3663,37264,0,0,5505,61944,848,14016,5508,75960,California
Contra Costa,2021-01-23,2024,92009,358,53079,1666,38930,0,0,1766,63456,256,14272,1768,77728,California
Contra Costa,2021-01-24,1582,93591,220,53299,1362,40292,0,0,1437,64752,145,14417,1441,79169,California
Contra Costa,2021-01-25,6648,100239,3016,56315,3632,43924,0,0,5085,68279,1561,15978,5088,84257,California
Contra Costa,2021-01-26,8074,108313,4676,60991,3398,47322,0,0,6239,72694,1827,17805,6242,90499,California
Contra Costa,2021-01-27,8236,116549,5499,66490,2737,50059,0,0,6339,77229,1816,19621,6351,96850,California
Contra Costa,2021-01-28,7430,123979,4076,70566,3354,53413,0,0,5831,81471,1593,21214,5835,102685,California
Contra Costa,2021-01-29,7439,131418,3889,74455,3550,56963,0,0,6129,86296,1306,22520,6131,108816,California
Contra Costa,2021-01-30,2081,133499,596,75051,1485,58448,0,0,1715,87653,359,22879,1716,110532,California
Contra Costa,2021-01-31,699,134198,480,75531,219,58667,0,0,572,88101,124,23003,572,111104,California
Contra Costa,2021-02-01,5518,139716,3761,79292,1757,60424,0,0,3889,90369,1624,24627,3892,114996,California
Contra Costa,2021-02-02,7750,147466,5274,84566,2476,62900,0,0,5901,94424,1847,26474,5902,120898,California
Contra Costa,2021-02-03,8265,155731,5458,90024,2807,65707,0,0,5631,97433,2623,29097,5632,126530,California
Contra Costa,2021-02-04,7440,163171,3534,93558,3906,69613,0,0,5721,101441,1715,30812,5723,132253,California
Contra Costa,2021-02-05,8422,171593,4818,98376,3604,73217,0,0,5715,104456,2700,33512,5715,137968,California
Contra Costa,2021-02-06,3467,175060,2153,100529,1314,74531,0,0,2816,106623,650,34162,2817,140785,California
Contra Costa,2021-02-07,980,176040,709,101238,271,74802,0,0,604,106852,375,34537,604,141389,California
Contra Costa,2021-02-08,5806,181846,3438,104676,2368,77170,0,0,4331,109714,1470,36007,4332,145721,California
Contra Costa,2021-02-09,8645,190491,4764,109440,3881,81051,0,0,5760,112595,2880,38887,5761,151482,California
Contra Costa,2021-02-10,8626,199117,4645,114085,3981,85032,0,0,5406,114800,3205,42092,5410,156892,California
Contra Costa,2021-02-11,9296,208413,4206,118291,5090,90122,0,0,5273,116060,4017,46109,5277,162169,California
Contra Costa,2021-02-12,10063,218476,4607,122898,5456,95578,0,0,5455,116917,4601,50710,5458,167627,California
Contra Costa,2021-02-13,4873,223349,1363,124261,3510,99088,0,0,3405,118858,1465,52175,3406,171033,California
Contra Costa,2021-02-14,2088,225437,864,125125,1224,100312,0,0,1226,119223,861,53036,1226,172259,California
Contra Costa,2021-02-15,4440,229877,2461,127586,1979,102291,0,0,2350,119491,2083,55119,2351,174610,California
Contra Costa,2021-02-16,10411,240288,4905,132491,5506,107797,0,0,4638,118366,5766,60885,4641,179251,California
Contra Costa,2021-02-17,12269,252557,6124,138615,6145,113942,0,0,5622,117357,6632,67517,5623,184874,California
Contra Costa,2021-02-18,11457,264014,5956,144571,5501,119443,0,0,5319,116551,6127,73644,5321,190195,California
Contra Costa,2021-02-19,11397,275411,7104,151675,4293,123736,0,0,5171,115512,6211,79855,5172,195367,California
Contra Costa,2021-02-20,6441,281852,2887,154562,3554,127290,0,0,4566,118221,1859,81714,4568,199935,California
Contra Costa,2021-02-21,1794,283646,1248,155810,546,127836,0,0,1081,118590,712,82426,1081,201016,California
Contra Costa,2021-02-22,7528,291174,5095,160905,2433,130269,0,0,3458,117991,4059,86485,3460,204476,California
Contra Costa,2021-02-23,11888,303062,7246,168151,4642,134911,0,0,5917,117954,5958,92443,5921,210397,California
Contra Costa,2021-02-24,10461,313523,7668,175819,2793,137704,0,0,5038,117587,5407,97850,5040,215437,California
Contra Costa,2021-02-25,11453,324976,7206,183025,4247,141951,0,0,5197,116552,6236,104086,5201,220638,California
Contra Costa,2021-02-26,10687,335663,6735,189760,3952,145903,0,0,5295,116471,5377,109463,5296,225934,California
Contra Costa,2021-02-27,6613,342276,4203,193963,2410,148313,0,0,4103,118071,2504,111967,4104,230038,California
Contra Costa,2021-02-28,3786,346062,3117,197080,669,148982,0,0,3190,120669,593,112560,3191,233229,California
Contra Costa,2021-03-01,8087,354149,6076,203156,2008,150990,3,3,4964,122529,3109,115669,4969,238198,California
Contra Costa,2021-03-02,10120,364269,6305,209461,3814,154804,1,4,5245,122915,4860,120529,5246,243444,California
Contra Costa,2021-03-03,11103,375372,6932,216393,4170,158974,1,5,6193,124214,4896,125425,6195,249639,California
Contra Costa,2021-03-04,11851,387223,7068,223461,4783,163757,0,5,6130,124642,5702,131127,6130,255769,California
Contra Costa,2021-03-05,11220,398443,6667,230128,4548,168305,5,10,6388,126218,4817,135944,6393,262162,California
Contra Costa,2021-03-06,7288,405731,4003,234131,2976,171281,309,319,4709,128667,2567,138511,5016,267178,California
Contra Costa,2021-03-07,3616,409347,2267,236398,1289,172570,60,379,2943,130998,672,139183,3003,270181,California
Contra Costa,2021-03-08,8037,417384,3750,240148,3984,176554,303,682,5356,133991,2670,141853,5663,275844,California
Contra Costa,2021-03-09,10173,427557,4995,245143,4885,181439,293,975,5021,134161,5145,146998,5315,281159,California
Contra Costa,2021-03-10,12103,439660,5949,251092,4660,186099,1494,2469,5458,134469,6637,153635,6945,288104,California
Contra Costa,2021-03-11,12452,452112,6560,257652,5333,191432,559,3028,6354,135308,6077,159712,6916,295020,California
Contra Costa,2021-03-12,12517,464629,5136,262788,6840,198272,541,3569,6253,135853,6248,165960,6793,301813,California
Contra Costa,2021-03-13,7750,472379,3067,265855,4259,202531,424,3993,3070,134678,4663,170623,3488,305301,California
Contra Costa,2021-03-14,4343,476722,2541,268396,1318,203849,484,4477,2076,134976,2261,172884,2559,307860,California
Contra Costa,2021-03-15,9373,486095,5054,273450,3566,207415,753,5230,4754,135880,4603,177487,5507,313367,California
Contra Costa,2021-03-16,14241,500336,8456,281906,5390,212805,395,5625,7262,136578,6959,184446,7657,321024,California
Contra Costa,2021-03-17,14960,515296,10326,292232,4423,217228,211,5836,8561,138978,6377,190823,8777,329801,California
Contra Costa,2021-03-18,15351,530647,8526,300758,6345,223573,480,6316,8785,141702,6539,197362,9263,339064,California
Contra Costa,2021-03-19,15477,546124,8878,309636,5211,228784,1388,7704,8296,144221,7169,204531,9688,348752,California
Contra Costa,2021-03-20,10604,556728,6326,315962,3973,232757,305,8009,5234,144405,5354,209885,5538,354290,California
Contra Costa,2021-03-21,4431,561159,3881,319843,463,233220,87,8096,2082,144229,2344,212229,2168,356458,California
Contra Costa,2021-03-22,11498,572657,8664,328507,2585,235805,249,8345,7071,147133,4415,216644,7319,363777,California
Contra Costa,2021-03-23,15564,588221,10721,339228,4673,240478,170,8515,9495,150758,6043,222687,9668,373445,California
Contra Costa,2021-03-24,14946,603167,11674,350902,3060,243538,212,8727,9198,154452,5717,228404,9411,382856,California
Contra Costa,2021-03-25,15221,618388,11858,362760,3078,246616,285,9012,9405,158359,5781,234185,9688,392544,California
Contra Costa,2021-03-26,14912,633300,10687,373447,3831,250447,394,9406,8803,161464,6089,240274,9194,401738,California
Contra Costa,2021-03-27,10411,643711,6737,380184,3164,253611,510,9916,5772,163108,4631,244905,6275,408013,California
Contra Costa,2021-03-28,4121,647832,2917,383101,1151,254762,53,9969,1769,162588,2342,247247,1822,409835,California
Contra Costa,2021-03-29,10814,658646,8440,391541,2259,257021,115,10084,7084,166072,3716,250963,7200,417035,California
Contra Costa,2021-03-30,16713,675359,9104,400645,6257,263278,1352,11436,11050,172821,5647,256610,12396,429431,California
Contra Costa,2021-03-31,17925,693284,12552,413197,3934,267212,1439,12875,11562,179492,6331,262941,13002,442433,California
Contra Costa,2021-04-01,17411,710695,12199,425396,3850,271062,1362,14237,11351,186167,6038,268979,12713,455146,California
Contra Costa,2021-04-02,17382,728077,12835,438231,3540,274602,1007,15244,11567,192936,5804,274783,12573,467719,California
Contra Costa,2021-04-03,10784,738861,6433,444664,2816,277418,1535,16779,6196,196092,4575,279358,7731,475450,California
Contra Costa,2021-04-04,3317,742178,1312,445976,1415,278833,590,17369,898,195166,2414,281772,1488,476938,California
Contra Costa,2021-04-05,12047,754225,7876,453852,3207,282040,964,18333,6606,197303,5432,287204,7569,484507,California
Contra Costa,2021-04-06,17250,771475,11984,465836,2994,285034,2272,20605,9757,201857,7475,294679,12029,496536,California
Contra Costa,2021-04-07,18433,789908,12493,478329,3150,288184,2790,23395,10485,207243,7929,302608,13315,509851,California
Contra Costa,2021-04-08,18625,808533,12447,490776,3277,291461,2901,26296,10040,211611,8561,311169,12929,522780,California
Contra Costa,2021-04-09,18660,827193,11950,502726,4238,295699,2472,28768,10009,215464,8627,319796,12480,535260,California
Contra Costa,2021-04-10,10494,837687,3810,506536,2143,297842,4541,33309,3290,216094,7192,326988,7822,543082,California
Contra Costa,2021-04-11,3320,841007,1989,508525,680,298522,651,33960,1129,215690,2186,329174,1782,544864,California
Contra Costa,2021-04-12,11845,852852,7853,516378,2962,301484,1030,34990,5614,216120,6219,335393,6649,551513,California
Contra Costa,2021-04-13,17795,870647,10885,527263,6905,308389,5,34995,11901,222157,5874,341267,11911,563424,California
Contra Costa,2021-04-14,17489,888136,10970,538233,6519,314908,0,34995,9698,224089,7769,349036,9701,573125,California
Contra Costa,2021-04-15,17377,905513,10652,548885,6724,321632,1,34996,8071,222902,9277,358313,8090,581215,California
Contra Costa,2021-04-16,16833,922346,10514,559399,6318,327950,1,34997,7604,221307,9205,367518,7610,588825,California
Contra Costa,2021-04-17,11337,933683,6237,565636,5100,333050,0,34997,6104,222197,5219,372737,6109,594934,California
Contra Costa,2021-04-18,2728,936411,2109,567745,619,333669,0,34997,1779,223034,942,373679,1779,596713,California
Contra Costa,2021-04-19,11254,947665,8408,576153,2846,336515,0,34997,3513,218830,7719,381398,3515,600228,California
Contra Costa,2021-04-20,16582,964247,10762,586915,5820,342335,0,34997,6251,214779,10306,391704,6255,606483,California
Contra Costa,2021-04-21,17286,981533,14107,601022,3179,345514,0,34997,6166,209866,11088,402792,6175,612658,California
Contra Costa,2021-04-22,16924,998457,13698,614720,3225,348739,1,34998,5917,204821,10977,413769,5932,618590,California
Contra Costa,2021-04-23,15810,1014267,12591,627311,3219,351958,0,34998,4861,198776,10914,424683,4869,623459,California
Contra Costa,2021-04-24,9085,1023352,7138,634449,1947,353905,0,34998,3206,196121,5863,430546,3208,626667,California
Contra Costa,2021-04-25,2363,1025715,1586,636035,775,354680,2,35000,1499,196764,861,431407,1504,628171,California
Contra Costa,2021-04-26,6405,1032120,5664,641699,723,355403,18,35018,1586,193568,4808,436215,1612,629783,California
Del Norte,2020-12-21,23,23,23,23,0,0,0,0,23,23,0,0,23,23,California
Del Norte,2020-12-22,46,69,46,69,0,0,0,0,46,69,0,0,46,69,California
Del Norte,2020-12-23,58,127,48,117,10,10,0,0,57,126,0,0,57,126,California
Del Norte,2020-12-28,34,161,34,151,0,10,0,0,34,160,0,0,34,160,California
Del Norte,2020-12-29,4,165,4,155,0,10,0,0,4,164,0,0,4,164,California
Del Norte,2020-12-30,67,232,55,210,12,22,0,0,68,232,0,0,68,232,California
Del Norte,2020-12-31,16,248,13,223,3,25,0,0,16,248,0,0,16,248,California
Del Norte,2021-01-04,102,350,49,272,53,78,0,0,102,350,0,0,102,350,California
Del Norte,2021-01-05,32,382,0,272,32,110,0,0,32,382,0,0,32,382,California
Del Norte,2021-01-06,77,459,18,290,59,169,0,0,77,459,0,0,77,459,California
Del Norte,2021-01-07,21,480,1,291,20,189,0,0,21,480,0,0,21,480,California
Del Norte,2021-01-08,77,557,7,298,70,259,0,0,77,557,0,0,77,557,California
Del Norte,2021-01-11,40,597,21,319,19,278,0,0,18,554,22,22,19,576,California
Del Norte,2021-01-12,51,648,32,351,19,297,0,0,30,563,21,43,30,606,California
Del Norte,2021-01-13,85,733,40,391,45,342,0,0,52,582,33,76,52,658,California
Del Norte,2021-01-14,52,785,14,405,38,380,0,0,46,622,6,82,46,704,California
Del Norte,2021-01-15,107,892,18,423,89,469,0,0,95,705,12,94,95,799,California
Del Norte,2021-01-17,1,893,1,424,0,469,0,0,1,706,0,94,1,800,California
Del Norte,2021-01-18,2,895,0,424,2,471,0,0,2,708,0,94,2,802,California
Del Norte,2021-01-19,119,1014,56,480,63,534,0,0,77,743,42,136,77,879,California
Del Norte,2021-01-20,158,1172,84,564,74,608,0,0,96,777,62,198,96,975,California
Del Norte,2021-01-21,43,1215,40,604,3,611,0,0,32,798,11,209,32,1007,California
Del Norte,2021-01-22,19,1234,16,620,3,614,0,0,12,803,7,216,12,1019,California
Del Norte,2021-01-23,1,1235,0,620,1,615,0,0,1,804,0,216,1,1020,California
Del Norte,2021-01-24,1,1236,0,620,1,616,0,0,1,805,0,216,1,1021,California
Del Norte,2021-01-25,100,1336,82,702,18,634,0,0,56,817,44,260,56,1077,California
Del Norte,2021-01-26,18,1354,11,713,7,641,0,0,7,813,11,271,7,1084,California
Del Norte,2021-01-27,64,1418,21,734,43,684,0,0,61,871,3,274,61,1145,California
Del Norte,2021-01-28,291,1709,20,754,271,955,0,0,286,1152,5,279,286,1431,California
Del Norte,2021-01-29,54,1763,21,775,33,988,0,0,44,1186,10,289,44,1475,California
Del Norte,2021-01-30,8,1771,1,776,7,995,0,0,8,1194,0,289,8,1483,California
Del Norte,2021-02-01,41,1812,1,777,40,1035,0,0,26,1205,15,304,26,1509,California
Del Norte,2021-02-02,142,1954,34,811,108,1143,0,0,73,1210,68,372,73,1582,California
Del Norte,2021-02-03,126,2080,40,851,86,1229,0,0,71,1226,55,427,71,1653,California
Del Norte,2021-02-04,71,2151,29,880,42,1271,0,0,42,1239,29,456,42,1695,California
Del Norte,2021-02-05,183,2334,22,902,161,1432,0,0,120,1297,62,518,120,1815,California
Del Norte,2021-02-06,312,2646,6,908,306,1738,0,0,312,1609,0,518,312,2127,California
Del Norte,2021-02-07,2,2648,1,909,1,1739,0,0,2,1611,0,518,2,2129,California
Del Norte,2021-02-08,36,2684,1,910,35,1774,0,0,32,1639,4,522,32,2161,California
Del Norte,2021-02-09,8,2692,5,915,3,1777,0,0,2,1635,6,528,2,2163,California
Del Norte,2021-02-10,143,2835,20,935,123,1900,0,0,86,1665,56,584,86,2249,California
Del Norte,2021-02-11,175,3010,58,993,117,2017,0,0,63,1616,112,696,63,2312,California
Del Norte,2021-02-12,121,3131,14,1007,107,2124,0,0,67,1629,54,750,67,2379,California
Del Norte,2021-02-13,2,3133,1,1008,1,2125,0,0,2,1631,0,750,2,2381,California
Del Norte,2021-02-14,3,3136,1,1009,2,2127,0,0,2,1632,1,751,2,2383,California
Del Norte,2021-02-15,4,3140,0,1009,4,2131,0,0,2,1632,2,753,2,2385,California
Del Norte,2021-02-16,132,3272,1,1010,131,2262,0,0,13,1526,119,872,13,2398,California
Del Norte,2021-02-17,91,3363,20,1030,71,2333,0,0,24,1483,67,939,24,2422,California
Del Norte,2021-02-18,77,3440,24,1054,53,2386,0,0,51,1508,26,965,51,2473,California
Del Norte,2021-02-19,43,3483,17,1071,26,2412,0,0,33,1531,10,975,33,2506,California
Del Norte,2021-02-20,8,3491,5,1076,3,2415,0,0,6,1535,2,977,6,2512,California
Del Norte,2021-02-22,2,3493,0,1076,2,2417,0,0,2,1537,0,977,2,2514,California
Del Norte,2021-02-23,106,3599,88,1164,18,2435,0,0,31,1493,75,1052,31,2545,California
Del Norte,2021-02-24,152,3751,98,1262,54,2489,0,0,79,1499,73,1125,79,2624,California
Del Norte,2021-02-25,475,4226,131,1393,344,2833,0,0,212,1450,261,1386,212,2836,California
Del Norte,2021-02-26,212,4438,176,1569,36,2869,0,0,166,1570,46,1432,166,3002,California
Del Norte,2021-02-27,152,4590,145,1714,6,2875,1,1,141,1701,11,1443,142,3144,California
Del Norte,2021-02-28,4,4594,1,1715,3,2878,0,1,3,1703,1,1444,3,3147,California
Del Norte,2021-03-01,28,4622,2,1717,26,2904,0,1,4,1683,24,1468,4,3151,California
Del Norte,2021-03-02,220,4842,140,1857,80,2984,0,1,187,1837,33,1501,187,3338,California
Del Norte,2021-03-03,159,5001,91,1948,68,3052,0,1,118,1914,41,1542,118,3456,California
Del Norte,2021-03-04,120,5121,83,2031,37,3089,0,1,91,1977,28,1570,91,3547,California
Del Norte,2021-03-05,108,5229,9,2040,99,3188,0,1,60,1989,48,1618,60,3607,California
Del Norte,2021-03-06,466,5695,78,2118,338,3526,50,51,164,1858,302,1920,171,3778,California
Del Norte,2021-03-07,2,5697,1,2119,1,3527,0,51,1,1858,1,1921,1,3779,California
Del Norte,2021-03-08,28,5725,1,2120,25,3552,2,53,5,1842,23,1944,7,3786,California
Del Norte,2021-03-09,194,5919,112,2232,79,3631,3,56,183,2017,11,1955,186,3972,California
Del Norte,2021-03-10,226,6145,97,2329,101,3732,28,84,134,2087,92,2047,162,4134,California
Del Norte,2021-03-11,152,6297,55,2384,92,3824,5,89,104,2148,48,2095,109,4243,California
Del Norte,2021-03-12,177,6474,89,2473,88,3912,0,89,124,2219,53,2148,124,4367,California
Del Norte,2021-03-13,94,6568,93,2566,1,3913,0,89,91,2307,3,2151,91,4458,California
Del Norte,2021-03-14,1,6569,0,2566,1,3914,0,89,1,2307,1,2152,1,4459,California
Del Norte,2021-03-15,38,6607,0,2566,38,3952,0,89,34,2337,4,2156,34,4493,California
Del Norte,2021-03-16,280,6887,136,2702,144,4096,0,89,259,2575,21,2177,259,4752,California
Del Norte,2021-03-17,282,7169,95,2797,185,4281,2,91,168,2631,114,2291,170,4922,California
Del Norte,2021-03-18,284,7453,107,2904,174,4455,3,94,148,2647,135,2426,151,5073,California
Del Norte,2021-03-19,266,7719,159,3063,101,4556,6,100,91,2569,175,2601,97,5170,California
Del Norte,2021-03-20,158,7877,155,3218,3,4559,0,100,16,2443,142,2743,16,5186,California
Del Norte,2021-03-21,4,7881,2,3220,2,4561,0,100,2,2443,2,2745,2,5188,California
Del Norte,2021-03-22,42,7923,3,3223,38,4599,1,101,39,2480,3,2748,40,5228,California
Del Norte,2021-03-23,333,8256,163,3386,152,4751,18,119,164,2494,167,2915,181,5409,California
Del Norte,2021-03-24,395,8651,107,3493,247,4998,41,160,241,2622,154,3069,282,5691,California
Del Norte,2021-03-25,194,8845,90,3583,104,5102,0,160,86,2601,107,3176,86,5777,California
Del Norte,2021-03-26,230,9075,111,3694,119,5221,0,160,197,2765,33,3209,197,5974,California
Del Norte,2021-03-27,108,9183,87,3781,4,5225,17,177,17,2708,91,3300,34,6008,California
Del Norte,2021-03-28,4,9187,2,3783,2,5227,0,177,1,2706,3,3303,1,6009,California
Del Norte,2021-03-29,57,9244,6,3789,34,5261,17,194,32,2730,25,3328,49,6058,California
Del Norte,2021-03-30,336,9580,118,3907,207,5468,11,205,124,2653,212,3540,135,6193,California
Del Norte,2021-03-31,346,9926,100,4007,229,5697,17,222,190,2706,154,3694,207,6400,California
Del Norte,2021-04-01,166,10092,60,4067,72,5769,34,256,71,2717,94,3788,105,6505,California
Del Norte,2021-04-02,232,10324,79,4146,104,5873,49,305,59,2653,173,3961,109,6614,California
Del Norte,2021-04-03,103,10427,82,4228,2,5875,19,324,4,2578,98,4059,23,6637,California
Del Norte,2021-04-04,4,10431,0,4228,0,5875,4,328,0,2578,4,4063,4,6641,California
Del Norte,2021-04-05,53,10484,5,4233,44,5919,4,332,46,2621,7,4070,50,6691,California
Del Norte,2021-04-06,378,10862,119,4352,222,6141,37,369,145,2575,229,4299,183,6874,California
Del Norte,2021-04-07,425,11287,115,4467,251,6392,59,428,281,2772,143,4442,340,7214,California
Del Norte,2021-04-08,233,11520,54,4521,111,6503,68,496,111,2829,122,4564,179,7393,California
Del Norte,2021-04-09,201,11721,47,4568,80,6583,74,570,97,2895,103,4667,169,7562,California
Del Norte,2021-04-10,48,11769,27,4595,4,6587,17,587,27,2918,21,4688,44,7606,California
Del Norte,2021-04-11,12,11781,3,4598,2,6589,7,594,2,2917,10,4698,9,7615,California
Del Norte,2021-04-12,28,11809,1,4599,9,6598,18,612,1,2910,26,4724,19,7634,California
Del Norte,2021-04-13,296,12105,49,4648,247,6845,0,612,155,2924,141,4865,155,7789,California
Del Norte,2021-04-14,325,12430,23,4671,302,7147,0,612,136,2876,189,5054,141,7930,California
Del Norte,2021-04-15,162,12592,30,4701,132,7279,0,612,44,2803,118,5172,45,7975,California
Del Norte,2021-04-16,161,12753,40,4741,121,7400,0,612,59,2762,102,5274,61,8036,California
Del Norte,2021-04-17,100,12853,69,4810,31,7431,0,612,95,2852,5,5279,95,8131,California
Del Norte,2021-04-18,4,12857,3,4813,1,7432,0,612,3,2854,1,5280,3,8134,California
Del Norte,2021-04-19,50,12907,6,4819,44,7476,0,612,8,2820,42,5322,8,8142,California
Del Norte,2021-04-20,208,13115,40,4859,168,7644,0,612,74,2760,134,5456,74,8216,California
Del Norte,2021-04-21,290,13405,24,4883,266,7910,0,612,66,2606,223,5679,69,8285,California
Del Norte,2021-04-22,117,13522,18,4901,99,8009,0,612,63,2615,54,5733,63,8348,California
Del Norte,2021-04-23,152,13674,21,4922,131,8140,0,612,41,2545,111,5844,41,8389,California
Del Norte,2021-04-24,15,13689,9,4931,6,8146,0,612,11,2552,4,5848,11,8400,California
Del Norte,2021-04-25,2,13691,0,4931,2,8148,0,612,2,2554,0,5848,2,8402,California
Del Norte,2021-04-26,25,13716,1,4932,24,8172,0,612,3,2535,22,5870,3,8405,California
El Dorado,2020-12-15,12,12,12,12,0,0,0,0,12,12,0,0,12,12,California
El Dorado,2020-12-16,40,52,40,52,0,0,0,0,40,52,0,0,40,52,California
El Dorado,2020-12-17,30,82,30,82,0,0,0,0,30,82,0,0,30,82,California
El Dorado,2020-12-18,236,318,236,318,0,0,0,0,236,318,0,0,236,318,California
El Dorado,2020-12-19,116,434,116,434,0,0,0,0,116,434,0,0,116,434,California
El Dorado,2020-12-20,85,519,85,519,0,0,0,0,85,519,0,0,85,519,California
El Dorado,2020-12-21,308,827,307,826,1,1,0,0,308,827,0,0,308,827,California
El Dorado,2020-12-22,238,1065,214,1040,24,25,0,0,238,1065,0,0,238,1065,California
El Dorado,2020-12-23,189,1254,139,1179,50,75,0,0,189,1254,0,0,189,1254,California
El Dorado,2020-12-24,87,1341,66,1245,21,96,0,0,87,1341,0,0,87,1341,California
El Dorado,2020-12-25,8,1349,8,1253,0,96,0,0,8,1349,0,0,8,1349,California
El Dorado,2020-12-26,44,1393,26,1279,18,114,0,0,44,1393,0,0,44,1393,California
El Dorado,2020-12-27,37,1430,33,1312,4,118,0,0,37,1430,0,0,37,1430,California
El Dorado,2020-12-28,216,1646,169,1481,47,165,0,0,216,1646,0,0,216,1646,California
El Dorado,2020-12-29,456,2102,140,1621,316,481,0,0,456,2102,0,0,456,2102,California
El Dorado,2020-12-30,504,2606,136,1757,368,849,0,0,504,2606,0,0,504,2606,California
El Dorado,2020-12-31,109,2715,69,1826,40,889,0,0,109,2715,0,0,109,2715,California
El Dorado,2021-01-01,7,2722,4,1830,3,892,0,0,7,2722,0,0,7,2722,California
El Dorado,2021-01-02,151,2873,140,1970,11,903,0,0,151,2873,0,0,151,2873,California
El Dorado,2021-01-03,92,2965,17,1987,75,978,0,0,92,2965,0,0,92,2965,California
El Dorado,2021-01-04,189,3154,62,2049,127,1105,0,0,189,3154,0,0,189,3154,California
El Dorado,2021-01-05,205,3359,50,2099,155,1260,0,0,189,3327,16,16,189,3343,California
El Dorado,2021-01-06,262,3621,189,2288,73,1333,0,0,198,3461,64,80,198,3541,California
El Dorado,2021-01-07,328,3949,135,2423,193,1526,0,0,258,3649,70,150,258,3799,California
El Dorado,2021-01-08,974,4923,500,2923,474,2000,0,0,771,4218,203,353,772,4571,California
El Dorado,2021-01-09,193,5116,157,3080,36,2036,0,0,125,4275,68,421,125,4696,California
El Dorado,2021-01-10,180,5296,129,3209,51,2087,0,0,111,4317,69,490,111,4807,California
El Dorado,2021-01-11,659,5955,293,3502,366,2453,0,0,460,4579,198,688,460,5267,California
El Dorado,2021-01-12,692,6647,421,3923,271,2724,0,0,444,4775,248,936,444,5711,California
El Dorado,2021-01-13,698,7345,295,4218,403,3127,0,0,538,5153,160,1096,538,6249,California
El Dorado,2021-01-14,689,8034,219,4437,470,3597,0,0,594,5652,95,1191,594,6843,California
El Dorado,2021-01-15,677,8711,184,4621,493,4090,0,0,605,6185,72,1263,605,7448,California
El Dorado,2021-01-16,171,8882,103,4724,68,4158,0,0,144,6302,27,1290,144,7592,California
El Dorado,2021-01-17,99,8981,47,4771,52,4210,0,0,82,6367,17,1307,82,7674,California
El Dorado,2021-01-18,417,9398,138,4909,279,4489,0,0,349,6648,68,1375,349,8023,California
El Dorado,2021-01-19,648,10046,352,5261,296,4785,0,0,499,6999,149,1524,500,8523,California
El Dorado,2021-01-20,1009,11055,686,5947,323,5108,0,0,897,7785,111,1635,897,9420,California
El Dorado,2021-01-21,1153,12208,570,6517,583,5691,0,0,947,8567,165,1800,947,10367,California
El Dorado,2021-01-22,1098,13306,706,7223,392,6083,0,0,1045,9560,52,1852,1045,11412,California
El Dorado,2021-01-23,736,14042,617,7840,119,6202,0,0,625,10074,111,1963,625,12037,California
El Dorado,2021-01-24,126,14168,76,7916,50,6252,0,0,107,10162,19,1982,107,12144,California
El Dorado,2021-01-25,610,14778,204,8120,406,6658,0,0,522,10596,88,2070,522,12666,California
El Dorado,2021-01-26,673,15451,363,8483,310,6968,0,0,569,11062,104,2174,570,13236,California
El Dorado,2021-01-27,926,16377,329,8812,597,7565,0,0,590,11315,337,2511,590,13826,California
El Dorado,2021-01-28,1102,17479,452,9264,650,8215,0,0,743,11699,359,2870,743,14569,California
El Dorado,2021-01-29,973,18452,488,9752,485,8700,0,0,744,12216,228,3098,745,15314,California
El Dorado,2021-01-30,611,19063,359,10111,252,8952,0,0,450,12505,161,3259,450,15764,California
El Dorado,2021-01-31,209,19272,188,10299,21,8973,0,0,180,12656,29,3288,180,15944,California
El Dorado,2021-02-01,799,20071,368,10667,431,9404,0,0,655,13168,143,3431,655,16599,California
El Dorado,2021-02-02,838,20909,367,11034,471,9875,0,0,677,13684,161,3592,677,17276,California
El Dorado,2021-02-03,898,21807,475,11509,423,10298,0,0,686,14158,212,3804,686,17962,California
El Dorado,2021-02-04,1266,23073,723,12232,543,10841,0,0,872,14636,394,4198,872,18834,California
El Dorado,2021-02-05,1479,24552,596,12828,883,11724,0,0,865,14922,579,4777,865,19699,California
El Dorado,2021-02-06,638,25190,333,13161,305,12029,0,0,530,15345,108,4885,531,20230,California
El Dorado,2021-02-07,256,25446,176,13337,80,12109,0,0,192,15473,64,4949,192,20422,California
El Dorado,2021-02-08,878,26324,417,13754,461,12570,0,0,605,15805,273,5222,605,21027,California
El Dorado,2021-02-09,909,27233,487,14241,422,12992,0,0,487,15870,422,5644,487,21514,California
El Dorado,2021-02-10,1247,28480,730,14971,517,13509,0,0,656,15936,590,6234,656,22170,California
El Dorado,2021-02-11,2145,30625,890,15861,1255,14764,0,0,964,15721,1180,7414,965,23135,California
El Dorado,2021-02-12,1564,32189,822,16683,742,15506,0,0,678,15514,886,8300,679,23814,California
El Dorado,2021-02-13,976,33165,668,17351,308,15814,0,0,432,15405,541,8841,432,24246,California
El Dorado,2021-02-14,481,33646,153,17504,328,16142,0,0,398,15720,83,8924,398,24644,California
El Dorado,2021-02-15,1179,34825,387,17891,792,16934,0,0,826,16196,353,9277,829,25473,California
El Dorado,2021-02-16,1192,36017,529,18420,663,17597,0,0,676,16358,515,9792,677,26150,California
El Dorado,2021-02-17,898,36915,373,18793,525,18122,0,0,419,16300,479,10271,421,26571,California
El Dorado,2021-02-18,2084,38999,1012,19805,1072,19194,0,0,1354,16925,729,11000,1354,27925,California
El Dorado,2021-02-19,1164,40163,602,20407,562,19756,0,0,646,17054,518,11518,647,28572,California
El Dorado,2021-02-20,915,41078,435,20842,480,20236,0,0,667,17479,242,11760,667,29239,California
El Dorado,2021-02-21,282,41360,225,21067,57,20293,0,0,99,17396,182,11942,99,29338,California
El Dorado,2021-02-22,869,42229,434,21501,435,20728,0,0,285,17098,583,12525,285,29623,California
El Dorado,2021-02-23,839,43068,471,21972,368,21096,0,0,350,16960,488,13013,350,29973,California
El Dorado,2021-02-24,1013,44081,439,22411,574,21670,0,0,420,16788,593,13606,421,30394,California
El Dorado,2021-02-25,1627,45708,884,23295,743,22413,0,0,721,16611,900,14506,723,31117,California
El Dorado,2021-02-26,2351,48059,1481,24776,870,23283,0,0,1587,17436,762,15268,1587,32704,California
El Dorado,2021-02-27,1658,49717,439,25215,1219,24502,0,0,1219,18219,436,15704,1219,33923,California
El Dorado,2021-02-28,572,50289,204,25419,368,24870,0,0,421,18490,151,15855,422,34345,California
El Dorado,2021-03-01,1133,51422,452,25871,681,25551,0,0,624,18606,508,16363,624,34969,California
El Dorado,2021-03-02,898,52320,266,26137,632,26183,0,0,460,18630,436,16799,460,35429,California
El Dorado,2021-03-03,1667,53987,460,26597,1207,27390,0,0,1140,19251,521,17320,1142,36571,California
El Dorado,2021-03-04,2484,56471,1533,28130,951,28341,0,0,1212,19194,1269,18589,1212,37783,California
El Dorado,2021-03-05,1560,58031,422,28552,1133,29474,5,5,1030,19704,525,19114,1035,38818,California
El Dorado,2021-03-06,734,58765,209,28761,491,29965,34,39,388,19780,346,19460,422,39240,California
El Dorado,2021-03-07,400,59165,197,28958,185,30150,18,57,237,19874,161,19621,255,39495,California
El Dorado,2021-03-08,1318,60483,364,29322,884,31034,70,127,851,20331,464,20085,921,40416,California
El Dorado,2021-03-09,960,61443,227,29549,666,31700,67,194,561,20575,384,20469,628,41044,California
El Dorado,2021-03-10,933,62376,342,29891,536,32236,55,249,537,20777,390,20859,592,41636,California
El Dorado,2021-03-11,2984,65360,1823,31714,979,33215,182,431,1361,20712,1607,22466,1542,43178,California
El Dorado,2021-03-12,1767,67127,619,32333,902,34117,246,677,734,20674,1018,23484,980,44158,California
El Dorado,2021-03-13,1059,68186,344,32677,432,34549,283,960,373,20645,683,24167,654,44812,California
El Dorado,2021-03-14,793,68979,207,32884,474,35023,112,1072,280,20524,513,24680,392,45204,California
El Dorado,2021-03-15,1396,70375,300,33184,970,35993,126,1198,607,20473,785,25465,734,45938,California
El Dorado,2021-03-16,1209,71584,406,33590,659,36652,144,1342,568,20550,635,26100,712,46650,California
El Dorado,2021-03-17,1080,72664,351,33941,635,37287,94,1436,697,20958,383,26483,791,47441,California
El Dorado,2021-03-18,2968,75632,1748,35689,1176,38463,44,1480,1980,22001,981,27464,2024,49465,California
El Dorado,2021-03-19,1099,76731,359,36048,596,39059,144,1624,625,22297,474,27938,770,50235,California
El Dorado,2021-03-20,937,77668,267,36315,653,39712,17,1641,359,22106,567,28505,376,50611,California
El Dorado,2021-03-21,1025,78693,418,36733,602,40314,5,1646,936,22959,88,28593,941,51552,California
El Dorado,2021-03-22,1498,80191,487,37220,929,41243,82,1728,1190,23928,303,28896,1272,52824,California
El Dorado,2021-03-23,1144,81335,449,37669,603,41846,92,1820,735,24358,397,29293,827,53651,California
El Dorado,2021-03-24,1453,82788,620,38289,637,42483,196,2016,668,24456,766,30059,864,54515,California
El Dorado,2021-03-25,2471,85259,1666,39955,702,43185,103,2119,1369,24831,1097,31156,1472,55987,California
El Dorado,2021-03-26,1805,87064,698,40653,998,44183,109,2228,954,25060,835,31991,1064,57051,California
El Dorado,2021-03-27,1312,88376,187,40840,1121,45304,4,2232,336,24430,970,32961,340,57391,California
El Dorado,2021-03-28,614,88990,181,41021,424,45728,9,2241,197,24222,414,33375,206,57597,California
El Dorado,2021-03-29,1307,90297,432,41453,860,46588,15,2256,821,24575,483,33858,836,58433,California
El Dorado,2021-03-30,1345,91642,409,41862,844,47432,92,2348,690,24706,650,34508,781,59214,California
El Dorado,2021-03-31,1548,93190,579,42441,907,48339,62,2410,712,24645,834,35342,773,59987,California
El Dorado,2021-04-01,3194,96384,1747,44188,1364,49703,83,2493,1511,24561,1680,37022,1596,61583,California
El Dorado,2021-04-02,1862,98246,554,44742,1213,50916,95,2588,744,24286,1114,38136,839,62422,California
El Dorado,2021-04-03,735,98981,284,45026,331,51247,120,2708,216,24105,516,38652,335,62757,California
El Dorado,2021-04-04,266,99247,84,45110,135,51382,47,2755,95,24077,170,38822,142,62899,California
El Dorado,2021-04-05,1415,100662,422,45532,900,52282,93,2848,592,23943,819,39641,685,63584,California
El Dorado,2021-04-06,1406,102068,517,46049,668,52950,221,3069,447,23653,957,40598,667,64251,California
El Dorado,2021-04-07,1559,103627,551,46600,564,53514,444,3513,553,23645,1003,41601,995,65246,California
El Dorado,2021-04-08,2666,106293,1722,48322,708,54222,236,3749,1115,23451,1544,43145,1350,66596,California
El Dorado,2021-04-09,1403,107696,440,48762,745,54967,218,3967,556,23379,844,43989,772,67368,California
El Dorado,2021-04-10,815,108511,219,48981,487,55454,109,4076,472,23619,341,44330,581,67949,California
El Dorado,2021-04-11,693,109204,451,49432,226,55680,16,4092,204,23350,489,44819,220,68169,California
El Dorado,2021-04-12,1280,110484,499,49931,635,56315,146,4238,563,23349,710,45529,709,68878,California
El Dorado,2021-04-13,1116,111600,609,50540,507,56822,0,4238,518,23273,594,46123,518,69396,California
El Dorado,2021-04-14,1063,112663,434,50974,628,57450,1,4239,361,22946,689,46812,362,69758,California
El Dorado,2021-04-15,2479,115142,1671,52645,808,58258,0,4239,964,22399,1512,48324,965,70723,California
El Dorado,2021-04-16,1447,116589,513,53158,934,59192,0,4239,610,22178,832,49156,611,71334,California
El Dorado,2021-04-17,745,117334,195,53353,550,59742,0,4239,477,22388,267,49423,477,71811,California
El Dorado,2021-04-18,961,118295,75,53428,886,60628,0,4239,395,22218,565,49988,395,72206,California
El Dorado,2021-04-19,1695,119990,433,53861,1262,61890,0,4239,686,21901,1003,50991,686,72892,California
El Dorado,2021-04-20,1098,121088,347,54208,751,62641,0,4239,454,21715,640,51631,454,73346,California
El Dorado,2021-04-21,1119,122207,454,54662,662,63303,3,4242,565,21733,548,52179,566,73912,California
El Dorado,2021-04-22,2421,124628,1628,56290,793,64096,0,4242,984,21281,1436,53615,984,74896,California
El Dorado,2021-04-23,1234,125862,426,56716,808,64904,0,4242,615,21280,616,54231,615,75511,California
El Dorado,2021-04-24,750,126612,403,57119,347,65251,0,4242,578,21688,170,54401,578,76089,California
El Dorado,2021-04-25,462,127074,343,57462,119,65370,0,4242,341,21908,121,54522,341,76430,California
El Dorado,2021-04-26,433,127507,193,57655,230,65600,10,4252,227,21940,205,54727,237,76667,California
Fresno,2020-12-15,2,2,2,2,0,0,0,0,2,2,0,0,2,2,California
Fresno,2020-12-16,121,123,121,123,0,0,0,0,121,123,0,0,121,123,California
Fresno,2020-12-17,120,243,120,243,0,0,0,0,120,243,0,0,120,243,California
Fresno,2020-12-18,344,587,344,587,0,0,0,0,344,587,0,0,344,587,California
Fresno,2020-12-19,157,744,157,744,0,0,0,0,157,744,0,0,157,744,California
Fresno,2020-12-20,257,1001,255,999,2,2,0,0,257,1001,0,0,257,1001,California
Fresno,2020-12-21,925,1926,924,1923,1,3,0,0,957,1958,0,0,957,1958,California
Fresno,2020-12-22,901,2827,872,2795,29,32,0,0,905,2863,0,0,905,2863,California
Fresno,2020-12-23,1086,3913,1047,3842,39,71,0,0,1087,3950,0,0,1087,3950,California
Fresno,2020-12-24,581,4494,562,4404,19,90,0,0,581,4531,0,0,581,4531,California
Fresno,2020-12-25,2,4496,1,4405,1,91,0,0,2,4533,0,0,2,4533,California
Fresno,2020-12-26,722,5218,713,5118,9,100,0,0,722,5255,0,0,722,5255,California
Fresno,2020-12-27,300,5518,204,5322,96,196,0,0,300,5555,0,0,300,5555,California
Fresno,2020-12-28,1061,6579,774,6096,287,483,0,0,1061,6616,0,0,1061,6616,California
Fresno,2020-12-29,1769,8348,1040,7136,729,1212,0,0,1767,8382,1,1,1767,8383,California
Fresno,2020-12-30,980,9328,477,7613,503,1715,0,0,980,9362,0,1,980,9363,California
Fresno,2020-12-31,895,10223,310,7923,585,2300,0,0,894,10256,0,1,894,10257,California
Fresno,2021-01-01,9,10232,3,7926,6,2306,0,0,9,10265,0,1,9,10266,California
Fresno,2021-01-02,1031,11263,717,8643,314,2620,0,0,1031,11296,0,1,1031,11297,California
Fresno,2021-01-03,153,11416,128,8771,25,2645,0,0,153,11449,0,1,153,11450,California
Fresno,2021-01-04,612,12028,374,9145,238,2883,0,0,612,12061,0,1,612,12062,California
Fresno,2021-01-05,777,12805,311,9456,466,3349,0,0,703,12690,74,75,703,12765,California
Fresno,2021-01-06,974,13779,346,9802,628,3977,0,0,802,13320,172,247,802,13567,California
Fresno,2021-01-07,1887,15666,916,10718,971,4948,0,0,1633,14702,254,501,1636,15203,California
Fresno,2021-01-08,1779,17445,614,11332,1165,6113,0,0,1415,15755,362,863,1415,16618,California
Fresno,2021-01-09,628,18073,386,11718,242,6355,0,0,354,15835,274,1137,354,16972,California
Fresno,2021-01-10,515,18588,485,12203,30,6385,0,0,202,15724,313,1450,202,17174,California
Fresno,2021-01-11,2158,20746,1751,13954,407,6792,0,0,1465,16499,693,2143,1468,18642,California
Fresno,2021-01-12,2523,23269,1826,15780,697,7489,0,0,1676,17328,849,2992,1678,20320,California
Fresno,2021-01-13,3534,26803,2421,18201,1113,8602,0,0,2678,19152,856,3848,2680,23000,California
Fresno,2021-01-14,4147,30950,2198,20399,1949,10551,0,0,3677,22360,469,4317,3677,26677,California
Fresno,2021-01-15,3642,34592,2531,22930,1111,11662,0,0,3284,25290,358,4675,3288,29965,California
Fresno,2021-01-16,3150,37742,2308,25238,842,12504,0,0,2686,27514,463,5138,2687,32652,California
Fresno,2021-01-17,977,38719,555,25793,422,12926,0,0,779,28095,198,5336,779,33431,California
Fresno,2021-01-18,3072,41791,2367,28160,705,13631,0,0,2408,29843,662,5998,2410,35841,California
Fresno,2021-01-19,4324,46115,2540,30700,1784,15415,0,0,3676,32874,648,6646,3679,39520,California
Fresno,2021-01-20,2995,49110,1187,31887,1808,17223,0,0,2695,35271,301,6947,2698,42218,California
Fresno,2021-01-21,4348,53458,1999,33886,2349,19572,0,0,4001,38948,329,7276,4006,46224,California
Fresno,2021-01-22,3310,56768,1346,35232,1964,21536,0,0,2921,41498,372,7648,2922,49146,California
Fresno,2021-01-23,3042,59810,1969,37201,1073,22609,0,0,2319,43102,722,8370,2326,51472,California
Fresno,2021-01-24,552,60362,372,37573,180,22789,0,0,347,43247,205,8575,350,51822,California
Fresno,2021-01-25,2340,62702,864,38437,1476,24265,0,0,1854,44619,486,9061,1858,53680,California
Fresno,2021-01-26,2019,64721,584,39021,1435,25700,0,0,1316,45235,701,9762,1317,54997,California
Fresno,2021-01-27,2254,66975,1164,40185,1090,26790,0,0,1734,46453,519,10281,1737,56734,California
Fresno,2021-01-28,4474,71449,3039,43224,1435,28225,0,0,3457,48900,1013,11294,3460,60194,California
Fresno,2021-01-29,1700,73149,984,44208,716,28941,0,0,1403,50010,294,11588,1404,61598,California
Fresno,2021-01-30,1449,74598,550,44758,899,29840,0,0,1033,50628,416,12004,1034,62632,California
Fresno,2021-01-31,225,74823,216,44974,9,29849,0,0,71,50545,154,12158,71,62703,California
Fresno,2021-02-01,3327,78150,1662,46636,1665,31514,0,0,1815,50867,1511,13669,1833,64536,California
Fresno,2021-02-02,2715,80865,551,47187,2164,33678,0,0,1585,51352,1116,14785,1601,66137,California
Fresno,2021-02-03,3532,84397,2095,49282,1437,35115,0,0,1518,50871,2000,16785,1519,67656,California
Fresno,2021-02-04,4193,88590,1894,51176,2299,37414,0,0,1929,50571,2234,19019,1934,69590,California
Fresno,2021-02-05,5323,93913,2723,53899,2600,40014,0,0,2305,49865,3013,22032,2307,71897,California
Fresno,2021-02-06,2933,96846,2046,55945,887,40901,0,0,975,48887,1955,23987,977,72874,California
Fresno,2021-02-07,465,97311,286,56231,179,41080,0,0,271,48965,193,24180,271,73145,California
Fresno,2021-02-08,4273,101584,2293,58524,1980,43060,0,0,1810,48345,2439,26619,1819,74964,California
Fresno,2021-02-09,5328,106912,2082,60606,3246,46306,0,0,3118,49336,2135,28754,3126,78090,California
Fresno,2021-02-10,3875,110787,1234,61840,2641,48947,0,0,1984,49495,1836,30590,1995,80085,California
Fresno,2021-02-11,6442,117229,2089,63929,4353,53300,0,0,3380,49833,3047,33637,3385,83470,California
Fresno,2021-02-12,5372,122601,1382,65311,3990,57290,0,0,2742,49970,2611,36248,2748,86218,California
Fresno,2021-02-13,3730,126331,1546,66857,2184,59474,0,0,2080,50416,1639,37887,2085,88303,California
Fresno,2021-02-14,1561,127892,281,67138,1280,60754,0,0,848,50554,712,38599,850,89153,California
Fresno,2021-02-15,2887,130779,271,67409,2616,63370,0,0,1783,51241,1100,39699,1787,90940,California
Fresno,2021-02-16,6678,137457,2401,69810,4277,67647,0,0,4245,53076,2416,42115,4251,95191,California
Fresno,2021-02-17,5334,142791,2455,72265,2879,70526,0,0,2985,53760,2305,44420,2989,98180,California
Fresno,2021-02-18,6855,149646,2903,75168,3952,74478,0,0,2579,52123,4227,48647,2590,100770,California
Fresno,2021-02-19,3833,153479,1099,76267,2734,77212,0,0,1827,51957,1996,50643,1830,102600,California
Fresno,2021-02-20,4535,158014,2501,78768,2034,79246,0,0,3056,53546,1473,52116,3062,105662,California
Fresno,2021-02-21,188,158202,171,78939,17,79263,0,0,129,53629,46,52162,129,105791,California
Fresno,2021-02-22,2227,160429,1000,79939,1227,80490,0,0,1224,53862,995,53157,1228,107019,California
Fresno,2021-02-23,3880,164309,1472,81411,2408,82898,0,0,3021,56036,849,54006,3023,110042,California
Fresno,2021-02-24,4171,168480,1492,82903,2679,85577,0,0,3427,58733,733,54739,3430,113472,California
Fresno,2021-02-25,7472,175952,2514,85417,4958,90535,0,0,6016,63364,1392,56131,6023,119495,California
Fresno,2021-02-26,8314,184266,3032,88449,5282,95817,0,0,7034,69144,1259,57390,7039,126534,California
Fresno,2021-02-27,6288,190554,2199,90648,4089,99906,0,0,5605,74080,675,58065,5611,132145,California
Fresno,2021-02-28,1634,192188,530,91178,1104,101010,0,0,1548,75553,75,58140,1548,133693,California
Fresno,2021-03-01,4902,197090,1289,92467,3613,104623,0,0,3598,77865,1294,59434,3606,137299,California
Fresno,2021-03-02,8488,205578,2303,94770,6185,110808,0,0,7130,83683,1335,60769,7153,144452,California
Fresno,2021-03-03,6678,212256,1610,96380,5067,115875,1,1,5665,88464,999,61768,5780,150232,California
Fresno,2021-03-04,8474,220730,2530,98910,5944,121819,0,1,6960,93944,1488,63256,6968,157200,California
Fresno,2021-03-05,7936,228666,2702,101612,5233,127052,1,2,6923,100061,882,64138,6999,164199,California
Fresno,2021-03-06,6460,235126,3537,105149,2806,129858,117,119,5516,104760,938,65076,5637,169836,California
Fresno,2021-03-07,1473,236599,675,105824,764,130622,34,153,1246,105816,225,65301,1281,171117,California
Fresno,2021-03-08,5039,241638,1997,107821,2890,133512,152,305,3868,108683,1164,66465,4031,175148,California
Fresno,2021-03-09,7047,248685,2370,110191,4408,137920,269,574,3948,109854,3081,69546,4252,179400,California
Fresno,2021-03-10,6611,255296,2742,112933,3477,141397,392,966,5216,114086,1385,70931,5617,185017,California
Fresno,2021-03-11,11337,266633,4539,117472,6232,147629,566,1532,6191,115814,5105,76036,6833,191850,California
Fresno,2021-03-12,11515,278148,4917,122389,6147,153776,451,1983,8529,121965,2969,79005,9120,200970,California
Fresno,2021-03-13,8158,286306,3898,126287,3237,157013,1023,3006,3916,122754,4223,83228,5012,205982,California
Fresno,2021-03-14,1746,288052,466,126753,1000,158013,280,3286,659,122613,1078,84306,937,206919,California
Fresno,2021-03-15,6905,294957,2985,129738,3750,161763,170,3456,4747,125569,2144,86450,5100,212019,California
Fresno,2021-03-16,10047,305004,4403,134141,5250,167013,394,3850,6044,128128,3975,90425,6534,218553,California
Fresno,2021-03-17,8446,313450,3868,138009,3883,170896,695,4545,5673,132121,2755,93180,6748,225301,California
Fresno,2021-03-18,12234,325684,6556,144565,5049,175945,629,5174,8022,137024,4170,97350,9073,234374,California
Fresno,2021-03-19,10743,336427,5623,150188,4506,180451,614,5788,7278,141771,3438,100788,8185,242559,California
Fresno,2021-03-20,7370,343797,4413,154601,2645,183096,312,6100,4514,144032,2834,103622,5095,247654,California
Fresno,2021-03-21,1771,345568,1199,155800,201,183297,371,6471,960,144557,807,104429,1332,248986,California
Fresno,2021-03-22,5632,351200,2887,158687,2150,185447,595,7066,3841,147416,1776,106205,4635,253621,California
Fresno,2021-03-23,10535,361735,5236,163923,4806,190253,493,7559,6075,149968,4443,110648,6995,260616,California
Fresno,2021-03-24,8596,370331,3632,167555,4135,194388,829,8388,4736,151758,3828,114476,5618,266234,California
Fresno,2021-03-25,12040,382371,5572,173127,5686,200074,782,9170,6185,152991,5816,120292,7049,273283,California
Fresno,2021-03-26,11989,394360,5323,178450,6024,206098,642,9812,5277,152261,6668,126960,5938,279221,California
Fresno,2021-03-27,9360,403720,4124,182574,4152,210250,1084,10896,2935,149891,6392,133352,4022,283243,California
Fresno,2021-03-28,3277,406997,1197,183771,1393,211643,687,11583,1257,150081,2013,135365,2203,285446,California
Fresno,2021-03-29,5994,412991,1977,185748,3475,215118,542,12125,2911,150489,3058,138423,3466,288912,California
Fresno,2021-03-30,10723,423714,4199,189947,5643,220761,881,13006,4440,149549,6261,144684,5321,294233,California
Fresno,2021-03-31,9209,432923,3307,193254,4924,225685,978,13984,3838,149030,5334,150018,4815,299048,California
Fresno,2021-04-01,11270,444193,4049,197303,6373,232058,848,14832,3911,146462,7286,157304,4718,303766,California
Fresno,2021-04-02,11453,455646,4390,201693,6278,238336,785,15617,4194,144335,7111,164415,4984,308750,California
Fresno,2021-04-03,6131,461777,3373,205066,2510,240846,248,15865,2209,142922,3908,168323,2495,311245,California
Fresno,2021-04-04,1488,463265,534,205600,911,241757,43,15908,564,142613,916,169239,607,311852,California
Fresno,2021-04-05,8225,471490,4440,210040,2992,244749,793,16701,2520,140299,5696,174935,3382,315234,California
Fresno,2021-04-06,9453,480943,3936,213976,4342,249091,1175,17876,3583,139232,5838,180773,4771,320005,California
Fresno,2021-04-07,10281,491224,5285,219261,3816,252907,1180,19056,3542,137277,6706,187479,4751,324756,California
Fresno,2021-04-08,10770,501994,5110,224371,4528,257435,1132,20188,3500,134721,7233,194712,4677,329433,California
Fresno,2021-04-09,10613,512607,5069,229440,4195,261630,1349,21537,3576,132669,7000,201712,4948,334381,California
Fresno,2021-04-10,7816,520423,5120,234560,2176,263806,520,22057,3726,132831,4085,205797,4247,338628,California
Fresno,2021-04-11,1387,521810,928,235488,369,264175,90,22147,449,132436,933,206730,538,339166,California
Fresno,2021-04-12,7091,528901,3757,239245,2431,266606,903,23050,2314,130896,4758,211488,3218,342384,California
Fresno,2021-04-13,8872,537773,4211,243456,4591,271197,70,23120,3500,129215,5343,216831,3662,346046,California
Fresno,2021-04-14,8796,546569,5126,248582,3670,274867,0,23120,3639,127774,5125,221956,3684,349730,California
Fresno,2021-04-15,7747,554316,3604,252186,4141,279008,2,23122,3003,126064,4718,226674,3008,352738,California
Fresno,2021-04-16,8905,563221,4222,256408,4681,283689,2,23124,3815,124834,5052,231726,3822,356560,California
Fresno,2021-04-17,5563,568784,3730,260138,1833,285522,0,23124,2714,124715,2834,234560,2715,359275,California
Fresno,2021-04-18,1018,569802,549,260687,469,285991,0,23124,474,124647,542,235102,474,359749,California
Fresno,2021-04-19,5375,575177,2899,263586,2472,288463,4,23128,2169,123648,3175,238277,2176,361925,California
Fresno,2021-04-20,6777,581954,3291,266877,3478,291941,8,23136,2527,121957,4227,242504,2536,364461,California
Fresno,2021-04-21,6144,588098,3393,270270,2743,294684,8,23144,2559,120966,3562,246066,2571,367032,California
Fresno,2021-04-22,6197,594295,3073,273343,3123,297807,1,23145,2276,119365,3880,249946,2279,369311,California
Fresno,2021-04-23,6541,600836,3603,276946,2915,300722,23,23168,2569,118009,3937,253883,2581,371892,California
Fresno,2021-04-24,3300,604136,2090,279036,1210,301932,0,23168,1568,117852,1725,255608,1568,373460,California
Fresno,2021-04-25,1083,605219,476,279512,606,302538,1,23169,508,117786,575,256183,509,373969,California
Fresno,2021-04-26,2023,607242,922,280434,1087,303625,14,23183,887,117563,1125,257308,902,374871,California
Glenn,2020-12-17,1,1,1,1,0,0,0,0,1,1,0,0,1,1,California
Glenn,2020-12-19,1,2,1,2,0,0,0,0,1,2,0,0,1,2,California
Glenn,2020-12-20,1,3,1,3,0,0,0,0,1,3,0,0,1,3,California
Glenn,2020-12-21,11,14,11,14,0,0,0,0,11,14,0,0,11,14,California
Glenn,2020-12-22,59,73,59,73,0,0,0,0,59,73,0,0,59,73,California
Glenn,2020-12-23,27,100,27,100,0,0,0,0,27,100,0,0,27,100,California
Glenn,2020-12-24,9,109,9,109,0,0,0,0,9,109,0,0,9,109,California
Glenn,2020-12-26,2,111,2,111,0,0,0,0,2,111,0,0,2,111,California
Glenn,2020-12-27,4,115,4,115,0,0,0,0,4,115,0,0,4,115,California
Glenn,2020-12-28,21,136,21,136,0,0,0,0,21,136,0,0,21,136,California
Glenn,2020-12-29,82,218,82,218,0,0,0,0,82,218,0,0,82,218,California
Glenn,2020-12-30,128,346,106,324,22,22,0,0,128,346,0,0,128,346,California
Glenn,2020-12-31,38,384,9,333,29,51,0,0,38,384,0,0,38,384,California
Glenn,2021-01-02,2,386,2,335,0,51,0,0,2,386,0,0,2,386,California
Glenn,2021-01-04,7,393,5,340,2,53,0,0,7,393,0,0,7,393,California
Glenn,2021-01-05,9,402,8,348,1,54,0,0,9,402,0,0,9,402,California
Glenn,2021-01-06,60,462,8,356,52,106,0,0,60,462,0,0,60,462,California
Glenn,2021-01-07,67,529,12,368,55,161,0,0,65,525,2,2,65,527,California
Glenn,2021-01-08,11,540,9,377,2,163,0,0,11,536,0,2,11,538,California
Glenn,2021-01-10,1,541,1,378,0,163,0,0,0,535,1,3,0,538,California
Glenn,2021-01-11,30,571,30,408,0,163,0,0,12,529,18,21,12,550,California
Glenn,2021-01-12,42,613,37,445,5,168,0,0,14,515,28,49,14,564,California
Glenn,2021-01-13,153,766,88,533,65,233,0,0,109,580,44,93,109,673,California
Glenn,2021-01-14,185,951,96,629,89,322,0,0,175,745,10,103,175,848,California
Glenn,2021-01-15,42,993,34,663,8,330,0,0,37,777,5,108,37,885,California
Glenn,2021-01-16,34,1027,14,677,20,350,0,0,24,791,10,118,24,909,California
Glenn,2021-01-17,4,1031,2,679,2,352,0,0,2,791,2,120,2,911,California
Glenn,2021-01-18,17,1048,16,695,1,353,0,0,9,792,8,128,9,920,California
Glenn,2021-01-19,31,1079,20,715,11,364,0,0,14,789,17,145,14,934,California
Glenn,2021-01-20,163,1242,94,809,69,433,0,0,82,790,81,226,82,1016,California
Glenn,2021-01-21,124,1366,98,907,26,459,0,0,30,726,94,320,30,1046,California
Glenn,2021-01-22,337,1703,63,970,274,733,0,0,330,1049,7,327,330,1376,California
Glenn,2021-01-23,14,1717,7,977,7,740,0,0,12,1059,2,329,12,1388,California
Glenn,2021-01-24,2,1719,2,979,0,740,0,0,2,1061,0,329,2,1390,California
Glenn,2021-01-25,27,1746,9,988,18,758,0,0,24,1082,3,332,24,1414,California
Glenn,2021-01-26,29,1775,13,1001,16,774,0,0,23,1099,6,338,23,1437,California
Glenn,2021-01-27,187,1962,13,1014,174,948,0,0,166,1244,21,359,166,1603,California
Glenn,2021-01-28,146,2108,8,1022,138,1086,0,0,116,1330,30,389,116,1719,California
Glenn,2021-01-29,296,2404,12,1034,284,1370,0,0,282,1598,14,403,282,2001,California
Glenn,2021-01-30,5,2409,0,1034,5,1375,0,0,5,1603,0,403,5,2006,California
Glenn,2021-01-31,1,2410,0,1034,1,1376,0,0,1,1604,0,403,1,2007,California
Glenn,2021-02-01,28,2438,10,1044,18,1394,0,0,16,1608,12,415,16,2023,California
Glenn,2021-02-02,28,2466,13,1057,15,1409,0,0,19,1618,9,424,19,2042,California
Glenn,2021-02-03,207,2673,58,1115,149,1558,0,0,112,1635,95,519,112,2154,California
Glenn,2021-02-04,150,2823,84,1199,66,1624,0,0,45,1575,105,624,45,2199,California
Glenn,2021-02-05,319,3142,24,1223,295,1919,0,0,300,1856,19,643,300,2499,California
Glenn,2021-02-06,14,3156,2,1225,12,1931,0,0,13,1868,1,644,13,2512,California
Glenn,2021-02-07,2,3158,2,1227,0,1931,0,0,2,1870,0,644,2,2514,California
Glenn,2021-02-08,21,3179,17,1244,4,1935,0,0,4,1857,17,661,4,2518,California
Glenn,2021-02-09,49,3228,20,1264,29,1964,0,0,36,1880,13,674,36,2554,California
Glenn,2021-02-10,138,3366,19,1283,119,2083,0,0,64,1870,74,748,64,2618,California
Glenn,2021-02-11,232,3598,132,1415,100,2183,0,0,149,1936,83,831,149,2767,California
Glenn,2021-02-12,420,4018,99,1514,321,2504,0,0,356,2228,64,895,356,3123,California
Glenn,2021-02-13,34,4052,7,1521,27,2531,0,0,16,2226,18,913,16,3139,California
Glenn,2021-02-14,1,4053,0,1521,1,2532,0,0,1,2227,0,913,1,3140,California
Glenn,2021-02-15,8,4061,0,1521,8,2540,0,0,8,2235,0,913,8,3148,California
Glenn,2021-02-16,39,4100,9,1530,30,2570,0,0,21,2238,18,931,21,3169,California
Glenn,2021-02-17,380,4480,15,1545,365,2935,0,0,302,2462,78,1009,302,3471,California
Glenn,2021-02-18,135,4615,100,1645,35,2970,0,0,111,2549,24,1033,111,3582,California
Glenn,2021-02-19,303,4918,17,1662,286,3256,0,0,29,2304,274,1307,29,3611,California
Glenn,2021-02-20,8,4926,0,1662,8,3264,0,0,0,2296,8,1315,0,3611,California
Glenn,2021-02-22,33,4959,14,1676,19,3283,0,0,17,2297,16,1331,17,3628,California
Glenn,2021-02-23,40,4999,10,1686,30,3313,0,0,28,2313,12,1343,28,3656,California
Glenn,2021-02-24,221,5220,15,1701,206,3519,0,0,47,2186,174,1517,47,3703,California
Glenn,2021-02-25,262,5482,148,1849,114,3633,0,0,118,2160,144,1661,118,3821,California
Glenn,2021-02-26,304,5786,24,1873,280,3913,0,0,20,1897,283,1944,20,3841,California
Glenn,2021-02-27,15,5801,5,1878,10,3923,0,0,5,1893,9,1953,5,3846,California
Glenn,2021-02-28,6,5807,3,1881,3,3926,0,0,3,1894,2,1955,3,3849,California
Glenn,2021-03-01,28,5835,6,1887,22,3948,0,0,12,1890,16,1971,12,3861,California
Glenn,2021-03-02,35,5870,7,1894,28,3976,0,0,17,1889,18,1989,17,3878,California
Glenn,2021-03-03,193,6063,37,1931,156,4132,0,0,101,1899,91,2080,101,3979,California
Glenn,2021-03-04,521,6584,176,2107,345,4477,0,0,376,2130,145,2225,376,4355,California
Glenn,2021-03-05,355,6939,47,2154,308,4785,0,0,34,1843,321,2546,34,4389,California
Glenn,2021-03-06,26,6965,3,2157,22,4807,1,1,9,1836,17,2563,10,4399,California
Glenn,2021-03-07,5,6970,0,2157,5,4812,0,1,3,1838,1,2564,3,4402,California
Glenn,2021-03-08,20,6990,2,2159,17,4829,1,2,18,1855,2,2566,19,4421,California
Glenn,2021-03-09,82,7072,11,2170,68,4897,3,5,54,1883,28,2594,56,4477,California
Glenn,2021-03-10,171,7243,68,2238,101,4998,2,7,95,1904,76,2670,97,4574,California
Glenn,2021-03-11,584,7827,170,2408,391,5389,23,30,454,2251,130,2800,477,5051,California
Glenn,2021-03-12,417,8244,14,2422,342,5731,61,91,41,1977,376,3176,102,5153,California
Glenn,2021-03-13,12,8256,1,2423,3,5734,8,99,1,1975,11,3187,9,5162,California
Glenn,2021-03-14,3,8259,1,2424,2,5736,0,99,2,1976,1,3188,2,5164,California
Glenn,2021-03-15,75,8334,15,2439,55,5791,5,104,60,2026,15,3203,65,5229,California
Glenn,2021-03-16,106,8440,33,2472,62,5853,11,115,65,2061,41,3244,76,5305,California
Glenn,2021-03-17,417,8857,97,2569,313,6166,7,122,116,1881,301,3545,121,5426,California
Glenn,2021-03-18,520,9377,214,2783,50,6216,256,378,145,1906,375,3920,400,5826,California
Glenn,2021-03-19,91,9468,16,2799,69,6285,6,384,70,1962,20,3940,76,5902,California
Glenn,2021-03-20,121,9589,1,2800,119,6404,1,385,119,2080,2,3942,120,6022,California
Glenn,2021-03-21,6,9595,5,2805,0,6404,1,386,3,2082,2,3944,4,6026,California
Glenn,2021-03-22,116,9711,53,2858,55,6459,8,394,96,2168,18,3962,104,6130,California
Glenn,2021-03-23,173,9884,66,2924,56,6515,51,445,100,2247,72,4034,151,6281,California
Glenn,2021-03-24,205,10089,100,3024,100,6615,5,450,133,2314,71,4105,138,6419,California
Glenn,2021-03-25,455,10544,226,3250,135,6750,94,544,326,2606,128,4233,420,6839,California
Glenn,2021-03-26,227,10771,35,3285,156,6906,36,580,177,2769,50,4283,213,7052,California
Glenn,2021-03-27,151,10922,21,3306,125,7031,5,585,140,2904,10,4293,145,7197,California
Glenn,2021-03-28,15,10937,10,3316,5,7036,0,585,10,2909,5,4298,10,7207,California
Glenn,2021-03-29,58,10995,19,3335,36,7072,3,588,44,2942,14,4312,47,7254,California
Glenn,2021-03-30,73,11068,41,3376,31,7103,1,589,42,2956,29,4341,43,7297,California
Glenn,2021-03-31,125,11193,35,3411,89,7192,1,590,54,2941,70,4411,55,7352,California
Glenn,2021-04-01,637,11830,182,3593,446,7638,9,599,226,2767,409,4820,235,7587,California
Glenn,2021-04-02,158,11988,25,3618,121,7759,12,611,122,2865,36,4856,134,7721,California
Glenn,2021-04-03,91,12079,4,3622,80,7839,7,618,80,2941,11,4867,87,7808,California
Glenn,2021-04-04,8,12087,3,3625,3,7842,2,620,4,2943,4,4871,6,7814,California
Glenn,2021-04-05,65,12152,25,3650,27,7869,13,633,28,2947,37,4908,41,7855,California
Glenn,2021-04-06,144,12296,52,3702,53,7922,39,672,38,2918,105,5013,76,7931,California
Glenn,2021-04-07,159,12455,46,3748,59,7981,54,726,73,2959,86,5099,127,8058,California
Glenn,2021-04-08,638,13093,188,3936,416,8397,34,760,137,2631,499,5598,171,8229,California
Glenn,2021-04-09,158,13251,58,3994,84,8481,16,776,101,2691,57,5655,117,8346,California
Glenn,2021-04-10,75,13326,1,3995,63,8544,11,787,63,2753,12,5667,74,8420,California
Glenn,2021-04-11,17,13343,8,4003,4,8548,5,792,7,2755,10,5677,12,8432,California
Glenn,2021-04-12,114,13457,24,4027,61,8609,29,821,20,2710,94,5771,49,8481,California
Glenn,2021-04-13,117,13574,63,4090,54,8663,0,821,31,2656,85,5856,31,8512,California
Glenn,2021-04-14,120,13694,45,4135,75,8738,0,821,66,2668,54,5910,66,8578,California
Glenn,2021-04-15,360,14054,274,4409,86,8824,0,821,124,2556,236,6146,124,8702,California
Glenn,2021-04-16,164,14218,40,4449,124,8948,0,821,81,2554,83,6229,81,8783,California
Glenn,2021-04-17,163,14381,16,4465,147,9095,0,821,35,2467,122,6351,35,8818,California
Glenn,2021-04-18,16,14397,3,4468,13,9108,0,821,13,2477,3,6354,13,8831,California
Glenn,2021-04-19,82,14479,17,4485,65,9173,0,821,27,2450,54,6408,27,8858,California
Glenn,2021-04-20,125,14604,81,4566,44,9217,0,821,56,2437,69,6477,56,8914,California
Glenn,2021-04-21,407,15011,304,4870,103,9320,0,821,282,2594,125,6602,282,9196,California
Glenn,2021-04-22,207,15218,47,4917,160,9480,0,821,44,2476,162,6764,44,9240,California
Glenn,2021-04-23,166,15384,24,4941,142,9622,0,821,46,2403,119,6883,46,9286,California
Glenn,2021-04-24,168,15552,20,4961,148,9770,0,821,39,2313,129,7012,39,9325,California
Glenn,2021-04-25,11,15563,7,4968,4,9774,0,821,8,2318,3,7015,8,9333,California
Glenn,2021-04-26,27,15590,4,4972,23,9797,0,821,11,2313,16,7031,11,9344,California
Humboldt,2020-12-15,2,2,2,2,0,0,0,0,2,2,0,0,2,2,California
Humboldt,2020-12-16,15,17,15,17,0,0,0,0,15,17,0,0,15,17,California
Humboldt,2020-12-17,117,134,117,134,0,0,0,0,117,134,0,0,117,134,California
Humboldt,2020-12-18,176,310,176,310,0,0,0,0,176,310,0,0,176,310,California
Humboldt,2020-12-19,10,320,10,320,0,0,0,0,10,320,0,0,10,320,California
Humboldt,2020-12-20,28,348,28,348,0,0,0,0,28,348,0,0,28,348,California
Humboldt,2020-12-21,165,513,165,513,0,0,0,0,165,513,0,0,165,513,California
Humboldt,2020-12-22,293,806,293,806,0,0,0,0,293,806,0,0,293,806,California
Humboldt,2020-12-23,310,1116,262,1068,48,48,0,0,311,1117,0,0,311,1117,California
Humboldt,2020-12-24,25,1141,2,1070,23,71,0,0,25,1142,0,0,25,1142,California
Humboldt,2020-12-25,2,1143,2,1072,0,71,0,0,2,1144,0,0,2,1144,California
Humboldt,2020-12-26,6,1149,5,1077,1,72,0,0,6,1150,0,0,6,1150,California
Humboldt,2020-12-28,154,1303,144,1221,10,82,0,0,154,1304,0,0,154,1304,California
Humboldt,2020-12-29,167,1470,124,1345,43,125,0,0,167,1471,0,0,167,1471,California
Humboldt,2020-12-30,223,1693,124,1469,99,224,0,0,223,1694,0,0,223,1694,California
Humboldt,2020-12-31,242,1935,79,1548,163,387,0,0,242,1936,0,0,242,1936,California
Humboldt,2021-01-01,2,1937,1,1549,1,388,0,0,2,1938,0,0,2,1938,California
Humboldt,2021-01-02,38,1975,1,1550,37,425,0,0,38,1976,0,0,38,1976,California
Humboldt,2021-01-04,217,2192,142,1692,75,500,0,0,218,2194,0,0,218,2194,California
Humboldt,2021-01-05,128,2320,18,1710,110,610,0,0,127,2320,1,1,127,2321,California
Humboldt,2021-01-06,302,2622,203,1913,99,709,0,0,230,2489,61,62,230,2551,California
Humboldt,2021-01-07,417,3039,305,2218,112,821,0,0,304,2695,98,160,304,2855,California
Humboldt,2021-01-08,419,3458,279,2497,140,961,0,0,284,2848,131,291,284,3139,California
Humboldt,2021-01-09,69,3527,45,2542,24,985,0,0,66,2912,3,294,67,3206,California
Humboldt,2021-01-10,84,3611,84,2626,0,985,0,0,4,2836,80,374,4,3210,California
Humboldt,2021-01-11,287,3898,276,2902,11,996,0,0,72,2697,211,585,72,3282,California
Humboldt,2021-01-12,480,4378,317,3219,163,1159,0,0,298,2835,160,745,298,3580,California
Humboldt,2021-01-13,480,4858,274,3493,206,1365,0,0,303,2965,174,919,304,3884,California
Humboldt,2021-01-14,518,5376,161,3654,357,1722,0,0,462,3372,56,975,463,4347,California
Humboldt,2021-01-15,374,5750,39,3693,335,2057,0,0,357,3712,17,992,357,4704,California
Humboldt,2021-01-16,170,5920,6,3699,164,2221,0,0,169,3880,1,993,169,4873,California
Humboldt,2021-01-17,6,5926,4,3703,2,2223,0,0,6,3886,0,993,6,4879,California
Humboldt,2021-01-18,292,6218,257,3960,35,2258,0,0,143,3880,149,1142,143,5022,California
Humboldt,2021-01-19,626,6844,372,4332,254,2512,0,0,499,4258,121,1263,499,5521,California
Humboldt,2021-01-20,911,7755,401,4733,510,3022,0,0,763,4884,139,1402,765,6286,California
Humboldt,2021-01-21,956,8711,260,4993,696,3718,0,0,915,5758,41,1443,915,7201,California
Humboldt,2021-01-22,675,9386,376,5369,299,4017,0,0,667,6417,8,1451,667,7868,California
Humboldt,2021-01-23,800,10186,271,5640,529,4546,0,0,791,7200,9,1460,792,8660,California
Humboldt,2021-01-24,226,10412,1,5641,225,4771,0,0,225,7424,1,1461,225,8885,California
Humboldt,2021-01-25,303,10715,232,5873,71,4842,0,0,149,7419,154,1615,149,9034,California
Humboldt,2021-01-26,526,11241,141,6014,385,5227,0,0,479,7851,47,1662,479,9513,California
Humboldt,2021-01-27,1258,12499,585,6599,673,5900,0,0,1193,8987,58,1720,1194,10707,California
Humboldt,2021-01-28,1448,13947,627,7226,821,6721,0,0,1313,10170,132,1852,1315,12022,California
Humboldt,2021-01-29,1131,15078,545,7771,586,7307,0,0,711,10463,420,2272,713,12735,California
Humboldt,2021-01-30,972,16050,458,8229,514,7821,0,0,961,11414,11,2283,962,13697,California
Humboldt,2021-01-31,311,16361,310,8539,1,7822,0,0,310,11723,1,2284,310,14007,California
Humboldt,2021-02-01,333,16694,192,8731,141,7963,0,0,189,11769,143,2427,189,14196,California
Humboldt,2021-02-02,443,17137,74,8805,369,8332,0,0,339,12009,101,2528,341,14537,California
Humboldt,2021-02-03,653,17790,259,9064,394,8726,0,0,503,12362,150,2678,503,15040,California
Humboldt,2021-02-04,638,18428,262,9326,376,9102,0,0,442,12611,193,2871,442,15482,California
Humboldt,2021-02-05,811,19239,94,9420,717,9819,0,0,625,13050,186,3057,625,16107,California
Humboldt,2021-02-06,1054,20293,444,9864,610,10429,0,0,1013,14024,40,3097,1014,17121,California
Humboldt,2021-02-07,377,20670,7,9871,370,10799,0,0,373,14394,4,3101,374,17495,California
Humboldt,2021-02-08,325,20995,142,10013,183,10982,0,0,184,14438,140,3241,184,17679,California
Humboldt,2021-02-09,493,21488,218,10231,275,11257,0,0,178,14301,315,3556,178,17857,California
Humboldt,2021-02-10,562,22050,369,10600,193,11450,0,0,232,14208,325,3881,232,18089,California
Humboldt,2021-02-11,1291,23341,392,10992,899,12349,0,0,510,13940,778,4659,510,18599,California
Humboldt,2021-02-12,1145,24486,733,11725,412,12761,0,0,705,14205,440,5099,705,19304,California
Humboldt,2021-02-13,1499,25985,552,12277,947,13708,0,0,911,14530,586,5685,911,20215,California
Humboldt,2021-02-14,112,26097,5,12282,107,13815,0,0,109,14637,2,5687,109,20324,California
Humboldt,2021-02-15,293,26390,78,12360,215,14030,0,0,196,14736,97,5784,196,20520,California
Humboldt,2021-02-16,534,26924,117,12477,417,14447,0,0,252,14707,282,6066,253,20773,California
Humboldt,2021-02-17,452,27376,280,12757,172,14619,0,0,137,14529,315,6381,137,20910,California
Humboldt,2021-02-18,967,28343,596,13353,371,14990,0,0,230,14023,736,7117,230,21140,California
Humboldt,2021-02-19,477,28820,435,13788,42,15032,0,0,91,13731,383,7500,91,21231,California
Humboldt,2021-02-20,1585,30405,978,14766,607,15639,0,0,475,13101,1107,8607,477,21708,California
Humboldt,2021-02-21,480,30885,472,15238,8,15647,0,0,184,12990,296,8903,185,21893,California
Humboldt,2021-02-22,125,31010,91,15329,34,15681,0,0,26,12919,97,9000,26,21919,California
Humboldt,2021-02-23,173,31183,70,15399,103,15784,0,0,40,12828,131,9131,40,21959,California
Humboldt,2021-02-24,1148,32331,690,16089,458,16242,0,0,570,12821,577,9708,570,22529,California
Humboldt,2021-02-25,829,33160,315,16404,514,16756,0,0,227,12448,600,10308,227,22756,California
Humboldt,2021-02-26,2143,35303,106,16510,2037,18793,0,0,455,11221,1682,11990,455,23211,California
Humboldt,2021-02-27,1688,36991,1073,17583,615,19408,0,0,867,11273,819,12809,871,24082,California
Humboldt,2021-02-28,122,37113,11,17594,111,19519,0,0,117,11385,5,12814,117,24199,California
Humboldt,2021-03-01,255,37368,47,17641,208,19727,0,0,180,11490,75,12889,180,24379,California
Humboldt,2021-03-02,286,37654,48,17689,238,19965,0,0,156,11516,130,13019,156,24535,California
Humboldt,2021-03-03,1644,39298,1095,18784,549,20514,0,0,1220,12319,418,13437,1221,25756,California
Humboldt,2021-03-04,886,40184,111,18895,775,21289,0,0,268,11971,618,14055,270,26026,California
Humboldt,2021-03-05,929,41113,181,19076,737,22026,11,11,375,11807,550,14605,386,26412,California
Humboldt,2021-03-06,1692,42805,837,19913,806,22832,49,60,710,11585,981,15586,759,27171,California
Humboldt,2021-03-07,363,43168,295,20208,50,22882,18,78,158,11556,205,15791,176,27347,California
Humboldt,2021-03-08,257,43425,6,20214,173,23055,78,156,163,11703,94,15885,241,27588,California
Humboldt,2021-03-09,457,43882,201,20415,111,23166,145,301,213,11819,242,16127,358,27946,California
Humboldt,2021-03-10,681,44563,466,20881,62,23228,153,454,412,12114,268,16395,563,28509,California
Humboldt,2021-03-11,1391,45954,461,21342,830,24058,100,554,574,11972,815,17210,673,29182,California
Humboldt,2021-03-12,1737,47691,1082,22424,435,24493,220,774,1048,12561,681,17891,1270,30452,California
Humboldt,2021-03-13,1568,49259,1021,23445,495,24988,52,826,679,12409,883,18774,731,31183,California
Humboldt,2021-03-14,139,49398,18,23463,112,25100,9,835,25,12329,114,18888,34,31217,California
Humboldt,2021-03-15,268,49666,51,23514,197,25297,20,855,51,12183,217,19105,71,31288,California
Humboldt,2021-03-16,632,50298,200,23714,172,25469,260,1115,258,12326,373,19478,516,31804,California
Humboldt,2021-03-17,728,51026,397,24111,223,25692,108,1223,335,12377,392,19870,443,32247,California
Humboldt,2021-03-18,1729,52755,1164,25275,522,26214,43,1266,1037,12770,687,20557,1080,33327,California
Humboldt,2021-03-19,1073,53828,58,25333,701,26915,314,1580,440,12894,630,21187,754,34081,California
Humboldt,2021-03-20,1372,55200,750,26083,609,27524,13,1593,426,12390,944,22131,440,34521,California
Humboldt,2021-03-21,246,55446,33,26116,184,27708,29,1622,199,12571,47,22178,228,34749,California
Humboldt,2021-03-22,111,55557,15,26131,47,27755,49,1671,56,12622,54,22232,105,34854,California
Humboldt,2021-03-23,408,55965,40,26171,325,28080,43,1714,318,12895,88,22320,361,35215,California
Humboldt,2021-03-24,1412,57377,389,26560,976,29056,47,1761,1038,13612,366,22686,1083,36298,California
Humboldt,2021-03-25,1828,59205,1203,27763,563,29619,62,1823,944,13736,882,23568,1006,37304,California
Humboldt,2021-03-26,2032,61237,434,28197,1543,31162,55,1878,1591,14946,436,24004,1646,38950,California
Humboldt,2021-03-27,1922,63159,1436,29633,318,31480,168,2046,1058,15312,860,24864,1226,40176,California
Humboldt,2021-03-28,265,63424,79,29712,115,31595,71,2117,83,15285,182,25046,155,40331,California
Humboldt,2021-03-29,465,63889,124,29836,246,31841,95,2212,197,15309,267,25313,291,40622,California
Humboldt,2021-03-30,931,64820,300,30136,517,32358,114,2326,557,15609,370,25683,670,41292,California
Humboldt,2021-03-31,1846,66666,515,30651,1235,33593,96,2422,1394,16653,448,26131,1492,42784,California
Humboldt,2021-04-01,2084,68750,694,31345,1301,34894,89,2511,1473,17611,604,26735,1562,44346,California
Humboldt,2021-04-02,1687,70437,1100,32445,484,35378,103,2614,597,17227,1084,27819,700,45046,California
Humboldt,2021-04-03,1647,72084,1492,33937,139,35517,16,2630,667,16940,970,28789,683,45729,California
Humboldt,2021-04-04,470,72554,360,34297,101,35618,9,2639,397,17274,73,28862,407,46136,California
Humboldt,2021-04-05,755,73309,454,34751,253,35871,48,2687,436,17441,317,29179,484,46620,California
Humboldt,2021-04-06,811,74120,310,35061,367,36238,134,2821,575,17919,230,29409,708,47328,California
Humboldt,2021-04-07,1475,75595,1054,36115,283,36521,138,2959,983,18550,490,29899,1121,48449,California
Humboldt,2021-04-08,1614,77209,1058,37173,431,36952,125,3084,704,18470,909,30808,829,49278,California
Humboldt,2021-04-09,1405,78614,431,37604,824,37776,150,3234,1133,19475,272,31080,1277,50555,California
Humboldt,2021-04-10,922,79536,134,37738,614,38390,174,3408,727,20181,194,31274,900,51455,California
Humboldt,2021-04-11,632,80168,136,37874,30,38420,466,3874,125,20264,507,31781,590,52045,California
Humboldt,2021-04-12,410,80578,222,38096,75,38495,113,3987,273,20513,137,31918,386,52431,California
Humboldt,2021-04-13,580,81158,321,38417,256,38751,3,3990,545,21028,32,31950,547,52978,California
Humboldt,2021-04-14,1409,82567,1029,39446,380,39131,0,3990,1309,22238,99,32049,1309,54287,California
Humboldt,2021-04-15,1796,84363,1194,40640,598,39729,4,3994,1238,22938,540,32589,1240,55527,California
Humboldt,2021-04-16,1104,85467,501,41141,603,40332,0,3994,533,22906,568,33157,536,56063,California
Humboldt,2021-04-17,1564,87031,1244,42385,320,40652,0,3994,1010,23368,548,33705,1010,57073,California
Humboldt,2021-04-18,472,87503,341,42726,131,40783,0,3994,92,23084,376,34081,92,57165,California
Humboldt,2021-04-19,144,87647,54,42780,90,40873,0,3994,64,23068,80,34161,64,57229,California
Humboldt,2021-04-20,454,88101,115,42895,339,41212,0,3994,219,23052,235,34396,219,57448,California
Humboldt,2021-04-21,992,89093,340,43235,652,41864,0,3994,393,22856,590,34986,394,57842,California
Humboldt,2021-04-22,855,89948,508,43743,345,42209,2,3996,434,22872,419,35405,435,58277,California
Humboldt,2021-04-23,1145,91093,194,43937,951,43160,0,3996,275,22279,868,36273,275,58552,California
Humboldt,2021-04-24,781,91874,702,44639,74,43234,5,4001,298,22099,483,36756,303,58855,California
Humboldt,2021-04-25,329,92203,225,44864,104,43338,0,4001,164,22098,165,36921,164,59019,California
Humboldt,2021-04-26,47,92250,36,44900,10,43348,1,4002,37,22126,10,36931,38,59057,California
Imperial,2020-12-16,1,1,1,1,0,0,0,0,1,1,0,0,1,1,California
Imperial,2020-12-17,4,5,4,5,0,0,0,0,4,5,0,0,4,5,California
Imperial,2020-12-18,11,16,11,16,0,0,0,0,11,16,0,0,11,16,California
Imperial,2020-12-20,2,18,2,18,0,0,0,0,2,18,0,0,2,18,California
Imperial,2020-12-21,186,204,186,204,0,0,0,0,186,204,0,0,186,204,California
Imperial,2020-12-22,241,445,239,443,2,2,0,0,241,445,0,0,241,445,California
Imperial,2020-12-23,211,656,210,653,1,3,0,0,210,655,0,0,210,655,California
Imperial,2020-12-24,5,661,5,658,0,3,0,0,5,660,0,0,5,660,California
Imperial,2020-12-26,1,662,0,658,1,4,0,0,1,661,0,0,1,661,California
Imperial,2020-12-27,62,724,0,658,62,66,0,0,62,723,0,0,62,723,California
Imperial,2020-12-28,214,938,114,772,100,166,0,0,214,937,0,0,214,937,California
Imperial,2020-12-29,189,1127,36,808,153,319,0,0,189,1126,0,0,189,1126,California
Imperial,2020-12-30,366,1493,50,858,316,635,0,0,366,1492,0,0,366,1492,California
Imperial,2020-12-31,197,1690,26,884,171,806,0,0,197,1689,0,0,197,1689,California
Imperial,2021-01-01,46,1736,5,889,41,847,0,0,46,1735,0,0,46,1735,California
Imperial,2021-01-02,4,1740,0,889,4,851,0,0,4,1739,0,0,4,1739,California
Imperial,2021-01-03,90,1830,0,889,90,941,0,0,90,1829,0,0,90,1829,California
Imperial,2021-01-04,85,1915,5,894,80,1021,0,0,85,1914,0,0,85,1914,California
Imperial,2021-01-05,172,2087,13,907,159,1180,0,0,172,2086,0,0,172,2086,California
Imperial,2021-01-06,190,2277,25,932,165,1345,0,0,189,2274,1,1,189,2275,California
Imperial,2021-01-07,319,2596,9,941,310,1655,0,0,316,2587,3,4,316,2591,California
Imperial,2021-01-08,190,2786,50,991,140,1795,0,0,181,2759,9,13,181,2772,California
Imperial,2021-01-09,24,2810,21,1012,3,1798,0,0,24,2783,0,13,24,2796,California
Imperial,2021-01-10,1,2811,0,1012,1,1799,0,0,1,2784,0,13,1,2797,California
Imperial,2021-01-11,403,3214,244,1256,159,1958,0,0,175,2731,228,241,175,2972,California
Imperial,2021-01-12,403,3617,301,1557,102,2060,0,0,141,2611,261,502,141,3113,California
Imperial,2021-01-13,379,3996,132,1689,247,2307,0,0,280,2792,99,601,280,3393,California
Imperial,2021-01-14,260,4256,151,1840,109,2416,0,0,254,3041,5,606,254,3647,California
Imperial,2021-01-15,240,4496,182,2022,58,2474,0,0,233,3267,7,613,233,3880,California
Imperial,2021-01-16,76,4572,72,2094,4,2478,0,0,75,3341,1,614,75,3955,California
Imperial,2021-01-17,10,4582,2,2096,8,2486,0,0,10,3351,0,614,10,3965,California
Imperial,2021-01-18,1056,5638,401,2497,655,3141,0,0,957,4210,99,713,958,4923,California
Imperial,2021-01-19,164,5802,128,2625,36,3177,0,0,117,4280,47,760,117,5040,California
Imperial,2021-01-20,292,6094,195,2820,97,3274,0,0,254,4496,38,798,254,5294,California
Imperial,2021-01-21,415,6509,183,3003,232,3506,0,0,395,4871,20,818,395,5689,California
Imperial,2021-01-22,456,6965,189,3192,267,3773,0,0,447,5309,9,827,447,6136,California
Imperial,2021-01-23,1041,8006,290,3482,751,4524,0,0,1040,6348,1,828,1040,7176,California
Imperial,2021-01-24,10,8016,3,3485,7,4531,0,0,10,6358,0,828,10,7186,California
Imperial,2021-01-25,213,8229,5,3490,208,4739,0,0,34,6214,178,1006,34,7220,California
Imperial,2021-01-26,359,8588,184,3674,175,4914,0,0,216,6287,143,1149,216,7436,California
Imperial,2021-01-27,570,9158,162,3836,408,5322,0,0,237,6191,333,1482,237,7673,California
Imperial,2021-01-28,632,9790,159,3995,473,5795,0,0,525,6609,107,1589,525,8198,California
Imperial,2021-01-29,423,10213,296,4291,127,5922,0,0,373,6932,50,1639,373,8571,California
Imperial,2021-01-30,56,10269,31,4322,25,5947,0,0,39,6954,17,1656,39,8610,California
Imperial,2021-01-31,16,10285,6,4328,10,5957,0,0,15,6968,1,1657,15,8625,California
Imperial,2021-02-01,419,10704,53,4381,366,6323,0,0,208,6967,209,1866,208,8833,California
Imperial,2021-02-02,680,11384,54,4435,626,6949,0,0,499,7285,181,2047,499,9332,California
Imperial,2021-02-03,456,11840,47,4482,409,7358,0,0,263,7356,192,2239,263,9595,California
Imperial,2021-02-04,1717,13557,1197,5679,520,7878,0,0,1403,8447,312,2551,1403,10998,California
Imperial,2021-02-05,389,13946,241,5920,148,8026,0,0,153,8366,234,2785,153,11151,California
Imperial,2021-02-06,861,14807,838,6758,23,8049,0,0,824,9154,36,2821,824,11975,California
Imperial,2021-02-07,21,14828,9,6767,12,8061,0,0,20,9173,1,2822,20,11995,California
Imperial,2021-02-08,250,15078,42,6809,208,8269,0,0,182,9287,68,2890,182,12177,California
Imperial,2021-02-09,461,15539,145,6954,316,8585,0,0,304,9434,157,3047,304,12481,California
Imperial,2021-02-10,384,15923,56,7010,328,8913,0,0,94,9239,290,3337,95,12576,California
Imperial,2021-02-11,462,16385,258,7268,204,9117,0,0,89,8955,373,3710,89,12665,California
Imperial,2021-02-12,2129,18514,1411,8679,718,9835,0,0,1777,10381,351,4061,1777,14442,California
Imperial,2021-02-13,42,18556,18,8697,24,9859,0,0,34,10408,8,4069,35,14477,California
Imperial,2021-02-14,23,18579,11,8708,12,9871,0,0,21,10427,2,4071,21,14498,California
Imperial,2021-02-15,30,18609,10,8718,20,9891,0,0,23,10443,7,4078,23,14521,California
Imperial,2021-02-16,514,19123,266,8984,248,10139,0,0,293,10515,221,4299,293,14814,California
Imperial,2021-02-17,439,19562,285,9269,154,10293,0,0,83,10242,356,4655,83,14897,California
Imperial,2021-02-18,646,20208,308,9577,338,10631,0,0,140,9878,504,5159,140,15037,California
Imperial,2021-02-19,766,20974,381,9958,385,11016,0,0,192,9497,573,5732,192,15229,California
Imperial,2021-02-20,1039,22013,191,10149,848,11864,0,0,325,9111,713,6445,327,15556,California
Imperial,2021-02-21,588,22601,554,10703,34,11898,0,0,577,9678,10,6455,577,16133,California
Imperial,2021-02-22,809,23410,569,11272,240,12138,0,0,759,10387,50,6505,759,16892,California
Imperial,2021-02-23,937,24347,372,11644,565,12703,0,0,886,11222,51,6556,886,17778,California
Imperial,2021-02-24,700,25047,285,11929,415,13118,0,0,602,11727,97,6653,602,18380,California
Imperial,2021-02-25,815,25862,338,12267,477,13595,0,0,449,11816,365,7018,454,18834,California
Imperial,2021-02-26,1743,27605,1350,13617,393,13988,0,0,1569,13213,172,7190,1569,20403,California
Imperial,2021-02-27,858,28463,809,14426,49,14037,0,0,120,12596,738,7928,121,20524,California
Imperial,2021-02-28,29,28492,19,14445,10,14047,0,0,20,12607,9,7937,20,20544,California
Imperial,2021-03-01,492,28984,293,14738,198,14245,1,1,427,12973,63,8000,429,20973,California
Imperial,2021-03-02,673,29657,246,14984,427,14672,0,1,384,13070,289,8289,386,21359,California
Imperial,2021-03-03,915,30572,39,15023,875,15547,1,2,546,13262,366,8655,558,21917,California
Imperial,2021-03-04,746,31318,76,15099,669,16216,1,3,485,13518,259,8914,515,22432,California
Imperial,2021-03-05,2568,33886,1937,17036,631,16847,0,3,1243,13441,1322,10236,1245,23677,California
Imperial,2021-03-06,688,34574,236,17272,452,17299,0,3,647,14054,38,10274,651,24328,California
Imperial,2021-03-07,72,34646,39,17311,33,17332,0,3,52,14087,20,10294,53,24381,California
Imperial,2021-03-08,412,35058,329,17640,48,17380,35,38,360,14430,52,10346,395,24776,California
Imperial,2021-03-09,681,35739,310,17950,125,17505,246,284,397,14789,284,10630,643,25419,California
Imperial,2021-03-10,681,36420,312,18262,266,17771,103,387,318,14849,362,10992,422,25841,California
Imperial,2021-03-11,1787,38207,478,18740,1116,18887,193,580,1186,15639,600,11592,1390,27231,California
Imperial,2021-03-12,3699,41906,2538,21278,976,19863,185,765,2101,16330,1596,13188,2287,29518,California
Imperial,2021-03-13,1141,43047,90,21368,828,20691,223,988,856,17129,283,13471,1082,30600,California
Imperial,2021-03-14,168,43215,30,21398,126,20817,12,1000,138,17250,30,13501,151,30751,California
Imperial,2021-03-15,669,43884,214,21612,197,21014,258,1258,374,17588,294,13795,632,31383,California
Imperial,2021-03-16,1069,44953,276,21888,340,21354,453,1711,532,18038,535,14330,985,32368,California
Imperial,2021-03-17,1572,46525,691,22579,744,22098,137,1848,994,18595,575,14905,1132,33500,California
Imperial,2021-03-18,1779,48304,1176,23755,543,22641,60,1908,1250,19380,527,15432,1312,34812,California
Imperial,2021-03-19,3336,51640,2445,26200,887,23528,4,1912,1500,19056,1829,17261,1505,36317,California
Imperial,2021-03-20,862,52502,550,26750,307,23835,5,1917,418,19045,440,17701,429,36746,California
Imperial,2021-03-21,214,52716,33,26783,177,24012,4,1921,156,19151,58,17759,164,36910,California
Imperial,2021-03-22,1044,53760,338,27121,699,24711,7,1928,623,19362,420,18179,631,37541,California
Imperial,2021-03-23,1388,55148,410,27531,972,25683,6,1934,889,19763,496,18675,897,38438,California
Imperial,2021-03-24,1870,57018,542,28073,901,26584,427,2361,900,20122,968,19643,1327,39765,California
Imperial,2021-03-25,2795,59813,500,28573,874,27458,1421,3782,1003,20754,1788,21431,2420,42185,California
Imperial,2021-03-26,2475,62288,875,29448,730,28188,870,4652,771,20697,1698,23129,1641,43826,California
Imperial,2021-03-27,577,62865,264,29712,261,28449,52,4704,418,21011,156,23285,470,44296,California
Imperial,2021-03-28,209,63074,51,29763,156,28605,2,4706,172,21149,36,23321,174,44470,California
Imperial,2021-03-29,1191,64265,345,30108,390,28995,456,5162,313,21043,876,24197,770,45240,California
Imperial,2021-03-30,1771,66036,676,30784,591,29586,504,5666,675,21127,1096,25293,1180,46420,California
Imperial,2021-03-31,1532,67568,715,31499,812,30398,5,5671,1022,21645,508,25801,1026,47446,California
Imperial,2021-04-01,1800,69368,396,31895,1162,31560,242,5913,808,21707,987,26788,1049,48495,California
Imperial,2021-04-02,1257,70625,446,32341,737,32297,74,5987,743,22011,512,27300,816,49311,California
Imperial,2021-04-03,1492,72117,405,32746,1009,33306,78,6065,686,21973,802,28102,764,50075,California
Imperial,2021-04-04,83,72200,39,32785,28,33334,16,6081,24,21954,59,28161,40,50115,California
Imperial,2021-04-05,2108,74308,1278,34063,763,34097,67,6148,400,20721,1701,29862,468,50583,California
Imperial,2021-04-06,1291,75599,528,34591,574,34671,189,6337,680,20983,608,30470,870,51453,California
Imperial,2021-04-07,2148,77747,549,35140,1224,35895,375,6712,1539,22292,605,31075,1914,53367,California
Imperial,2021-04-08,2183,79930,1068,36208,822,36717,293,7005,1075,22554,1105,32180,1367,54734,California
Imperial,2021-04-09,2135,82065,628,36836,892,37609,615,7620,830,22698,1301,33481,1445,56179,California
Imperial,2021-04-10,1270,83335,182,37018,818,38427,270,7890,211,22120,1057,34538,479,56658,California
Imperial,2021-04-11,215,83550,29,37047,154,38581,32,7922,73,22083,142,34680,105,56763,California
Imperial,2021-04-12,1367,84917,761,37808,408,38989,198,8120,771,22462,593,35273,972,57735,California
Imperial,2021-04-13,2253,87170,1442,39250,810,39799,1,8121,1573,23361,675,35948,1574,59309,California
Imperial,2021-04-14,1955,89125,941,40191,1014,40813,0,8121,1383,24178,567,36515,1384,60693,California
Imperial,2021-04-15,1834,90959,873,41064,961,41774,0,8121,1316,24979,516,37031,1317,62010,California
Imperial,2021-04-16,2022,92981,961,42025,1061,42835,0,8121,1153,25267,865,37896,1153,63163,California
Imperial,2021-04-17,1730,94711,861,42886,867,43702,2,8123,1364,26272,362,38258,1367,64530,California
Imperial,2021-04-18,246,94957,65,42951,181,43883,0,8123,87,26201,158,38416,87,64617,California
Imperial,2021-04-19,756,95713,248,43199,508,44391,0,8123,442,26334,313,38729,446,65063,California
Imperial,2021-04-20,1257,96970,510,43709,747,45138,0,8123,736,26552,518,39247,736,65799,California
Imperial,2021-04-21,1263,98233,324,44033,939,46077,0,8123,776,26844,484,39731,776,66575,California
Imperial,2021-04-22,1681,99914,772,44805,909,46986,0,8123,1185,27541,490,40221,1187,67762,California
Imperial,2021-04-23,1457,101371,406,45211,1051,48037,0,8123,815,27725,635,40856,819,68581,California
Imperial,2021-04-24,499,101870,288,45499,211,48248,0,8123,190,27609,307,41163,191,68772,California
Imperial,2021-04-25,256,102126,97,45596,159,48407,0,8123,131,27616,124,41287,131,68903,California
Imperial,2021-04-26,524,102650,315,45911,208,48615,1,8124,436,27965,88,41375,437,69340,California
Inyo,2020-12-19,85,85,85,85,0,0,0,0,85,85,0,0,85,85,California
Inyo,2020-12-20,58,143,58,143,0,0,0,0,58,143,0,0,58,143,California
Inyo,2020-12-21,88,231,85,228,3,3,0,0,88,231,0,0,88,231,California
Inyo,2020-12-22,105,336,105,333,0,3,0,0,105,336,0,0,105,336,California
Inyo,2020-12-23,70,406,67,400,3,6,0,0,70,406,0,0,70,406,California
Inyo,2020-12-24,16,422,16,416,0,6,0,0,16,422,0,0,16,422,California
Inyo,2020-12-25,1,423,0,416,1,7,0,0,1,423,0,0,1,423,California
Inyo,2020-12-26,74,497,74,490,0,7,0,0,74,497,0,0,74,497,California
Inyo,2020-12-28,48,545,36,526,12,19,0,0,48,545,0,0,48,545,California
Inyo,2020-12-29,20,565,20,546,0,19,0,0,20,565,0,0,20,565,California
Inyo,2020-12-30,56,621,54,600,2,21,0,0,56,621,0,0,56,621,California
Inyo,2020-12-31,29,650,0,600,29,50,0,0,29,650,0,0,29,650,California
Inyo,2021-01-01,1,651,0,600,1,51,0,0,1,651,0,0,1,651,California
Inyo,2021-01-03,1,652,0,600,1,52,0,0,1,652,0,0,1,652,California
Inyo,2021-01-04,1,653,1,601,0,52,0,0,1,653,0,0,1,653,California
Inyo,2021-01-05,34,687,0,601,34,86,0,0,34,687,0,0,34,687,California
Inyo,2021-01-06,68,755,0,601,68,154,0,0,68,755,0,0,68,755,California
Inyo,2021-01-07,31,786,1,602,30,184,0,0,31,786,0,0,31,786,California
Inyo,2021-01-08,9,795,8,610,1,185,0,0,4,786,5,5,5,791,California
Inyo,2021-01-09,87,882,86,696,1,186,0,0,1,701,86,91,1,792,California
Inyo,2021-01-10,52,934,52,748,0,186,0,0,0,649,52,143,0,792,California
Inyo,2021-01-11,97,1031,82,830,15,201,0,0,16,584,81,224,16,808,California
Inyo,2021-01-12,139,1170,118,948,21,222,0,0,28,501,111,335,28,836,California
Inyo,2021-01-13,86,1256,68,1016,18,240,0,0,21,458,65,400,22,858,California
Inyo,2021-01-14,59,1315,13,1029,46,286,0,0,49,497,10,410,49,907,California
Inyo,2021-01-15,163,1478,28,1057,135,421,0,0,163,660,0,410,163,1070,California
Inyo,2021-01-16,74,1552,73,1130,1,422,0,0,1,588,73,483,1,1071,California
Inyo,2021-01-18,58,1610,36,1166,22,444,0,0,19,568,39,522,19,1090,California
Inyo,2021-01-19,115,1725,72,1238,43,487,0,0,99,651,16,538,99,1189,California
Inyo,2021-01-20,145,1870,70,1308,75,562,0,0,91,688,54,592,91,1280,California
Inyo,2021-01-21,121,1991,57,1365,64,626,0,0,120,807,1,593,120,1400,California
Inyo,2021-01-22,62,2053,0,1365,62,688,0,0,61,867,1,594,61,1461,California
Inyo,2021-01-23,52,2105,52,1417,0,688,0,0,52,919,0,594,52,1513,California
Inyo,2021-01-25,49,2154,6,1423,43,731,0,0,37,944,12,606,37,1550,California
Inyo,2021-01-26,135,2289,54,1477,81,812,0,0,129,1067,6,612,129,1679,California
Inyo,2021-01-27,23,2312,2,1479,21,833,0,0,22,1088,1,613,22,1701,California
Inyo,2021-01-28,92,2404,2,1481,90,923,0,0,63,1122,29,642,63,1764,California
Inyo,2021-01-29,25,2429,3,1484,22,945,0,0,23,1143,2,644,23,1787,California
Inyo,2021-01-30,11,2440,1,1485,10,955,0,0,11,1154,0,644,11,1798,California
Inyo,2021-01-31,32,2472,4,1489,28,983,0,0,4,1130,28,672,4,1802,California
Inyo,2021-02-01,11,2483,9,1498,2,985,0,0,1,1121,10,682,1,1803,California
Inyo,2021-02-02,130,2613,14,1512,116,1101,0,0,104,1199,26,708,104,1907,California
Inyo,2021-02-03,116,2729,0,1512,116,1217,0,0,74,1231,42,750,74,1981,California
Inyo,2021-02-04,149,2878,31,1543,118,1335,0,0,90,1262,59,809,90,2071,California
Inyo,2021-02-05,117,2995,61,1604,56,1391,0,0,115,1375,2,811,115,2186,California
Inyo,2021-02-06,4,2999,2,1606,2,1393,0,0,3,1377,1,812,3,2189,California
Inyo,2021-02-07,4,3003,2,1608,2,1395,0,0,4,1381,0,812,4,2193,California
Inyo,2021-02-08,117,3120,7,1615,110,1505,0,0,97,1458,20,832,97,2290,California
Inyo,2021-02-09,194,3314,51,1666,143,1648,0,0,123,1510,71,903,123,2413,California
Inyo,2021-02-10,143,3457,18,1684,125,1773,0,0,109,1585,34,937,109,2522,California
Inyo,2021-02-11,220,3677,56,1740,164,1937,0,0,126,1617,94,1031,126,2648,California
Inyo,2021-02-12,299,3976,52,1792,247,2184,0,0,168,1654,131,1162,168,2816,California
Inyo,2021-02-13,60,4036,55,1847,5,2189,0,0,8,1610,52,1214,8,2824,California
Inyo,2021-02-14,1,4037,0,1847,1,2190,0,0,1,1611,0,1214,1,2825,California
Inyo,2021-02-15,29,4066,9,1856,20,2210,0,0,5,1592,24,1238,5,2830,California
Inyo,2021-02-16,181,4247,50,1906,131,2341,0,0,93,1597,88,1326,93,2923,California
Inyo,2021-02-17,37,4284,4,1910,33,2374,0,0,7,1574,30,1356,7,2930,California
Inyo,2021-02-18,123,4407,6,1916,117,2491,0,0,79,1609,44,1400,79,3009,California
Inyo,2021-02-19,52,4459,4,1920,48,2539,0,0,9,1575,43,1443,9,3018,California
Inyo,2021-02-20,504,4963,500,2420,4,2543,0,0,502,2075,2,1445,502,3520,California
Inyo,2021-02-21,267,5230,267,2687,0,2543,0,0,267,2342,0,1445,267,3787,California
Inyo,2021-02-22,61,5291,19,2706,42,2585,0,0,27,2335,34,1479,27,3814,California
Inyo,2021-02-23,198,5489,20,2726,178,2763,0,0,94,2326,103,1582,94,3908,California
Inyo,2021-02-24,116,5605,0,2726,116,2879,0,0,57,2324,59,1641,57,3965,California
Inyo,2021-02-25,130,5735,3,2729,127,3006,0,0,62,2318,68,1709,62,4027,California
Inyo,2021-02-26,103,5838,60,2789,43,3049,0,0,19,2253,84,1793,19,4046,California
Inyo,2021-02-27,15,5853,4,2793,11,3060,0,0,3,2244,12,1805,3,4049,California
Inyo,2021-02-28,3,5856,1,2794,2,3062,0,0,2,2245,1,1806,2,4051,California
Inyo,2021-03-01,20,5876,2,2796,18,3080,0,0,17,2259,3,1809,17,4068,California
Inyo,2021-03-02,195,6071,1,2797,194,3274,0,0,111,2286,84,1893,111,4179,California
Inyo,2021-03-03,83,6154,2,2799,81,3355,0,0,40,2283,43,1936,40,4219,California
Inyo,2021-03-04,128,6282,4,2803,124,3479,0,0,46,2247,82,2018,46,4265,California
Inyo,2021-03-05,142,6424,57,2860,85,3564,0,0,38,2181,104,2122,38,4303,California
Inyo,2021-03-06,31,6455,1,2861,30,3594,0,0,30,2210,1,2123,30,4333,California
Inyo,2021-03-07,7,6462,4,2865,3,3597,0,0,5,2213,2,2125,5,4338,California
Inyo,2021-03-08,182,6644,5,2870,177,3774,0,0,91,2213,91,2216,91,4429,California
Inyo,2021-03-09,186,6830,2,2872,184,3958,0,0,71,2169,115,2331,71,4500,California
Inyo,2021-03-10,70,6900,8,2880,61,4019,1,1,30,2160,40,2371,31,4531,California
Inyo,2021-03-11,203,7103,1,2881,197,4216,5,6,73,2108,130,2501,78,4609,California
Inyo,2021-03-12,174,7277,4,2885,165,4381,5,11,76,2091,98,2599,81,4690,California
Inyo,2021-03-13,576,7853,541,3426,25,4406,10,21,77,1680,498,3097,87,4777,California
Inyo,2021-03-14,432,8285,430,3856,2,4408,0,21,169,1587,262,3359,169,4946,California
Inyo,2021-03-15,51,8336,15,3871,34,4442,2,23,30,1598,21,3380,32,4978,California
Inyo,2021-03-16,164,8500,4,3875,154,4596,6,29,63,1567,100,3480,69,5047,California
Inyo,2021-03-17,107,8607,3,3878,97,4693,7,36,92,1651,15,3495,99,5146,California
Inyo,2021-03-18,182,8789,14,3892,161,4854,7,43,102,1680,80,3575,109,5255,California
Inyo,2021-03-19,45,8834,4,3896,37,4891,4,47,35,1709,10,3585,39,5294,California
Inyo,2021-03-20,20,8854,1,3897,10,4901,9,56,1,1700,19,3604,10,5304,California
Inyo,2021-03-22,59,8913,2,3899,52,4953,5,61,39,1724,20,3624,44,5348,California
Inyo,2021-03-23,195,9108,4,3903,187,5140,4,65,105,1743,90,3714,109,5457,California
Inyo,2021-03-24,140,9248,2,3905,134,5274,4,69,87,1781,53,3767,91,5548,California
Inyo,2021-03-25,325,9573,104,4009,217,5491,4,73,259,1978,66,3833,263,5811,California
Inyo,2021-03-26,91,9664,3,4012,84,5575,4,77,71,2033,20,3853,75,5886,California
Inyo,2021-03-27,52,9716,44,4056,5,5580,3,80,46,2076,6,3859,49,5935,California
Inyo,2021-03-28,4,9720,1,4057,2,5582,1,81,1,2075,3,3862,2,5937,California
Inyo,2021-03-29,109,9829,2,4059,102,5684,5,86,82,2136,26,3888,87,6024,California
Inyo,2021-03-30,212,10041,3,4062,204,5888,5,91,102,2133,110,3998,107,6131,California
Inyo,2021-03-31,144,10185,4,4066,135,6023,5,96,103,2200,41,4039,108,6239,California
Inyo,2021-04-01,164,10349,4,4070,159,6182,1,97,115,2267,49,4088,116,6355,California
Inyo,2021-04-02,81,10430,1,4071,78,6260,2,99,52,2292,29,4117,54,6409,California
Inyo,2021-04-03,93,10523,46,4117,33,6293,14,113,5,2224,86,4203,18,6427,California
Inyo,2021-04-04,5,10528,4,4121,0,6293,1,114,1,2222,4,4207,2,6429,California
Inyo,2021-04-05,117,10645,1,4122,112,6405,4,118,29,2167,88,4295,33,6462,California
Inyo,2021-04-06,235,10880,6,4128,166,6571,63,181,104,2203,131,4426,167,6629,California
Inyo,2021-04-07,200,11080,3,4131,71,6642,126,307,44,2217,156,4582,170,6799,California
Inyo,2021-04-08,176,11256,14,4145,145,6787,17,324,80,2218,96,4678,97,6896,California
Inyo,2021-04-09,123,11379,5,4150,95,6882,23,347,36,2191,86,4764,59,6955,California
Inyo,2021-04-10,42,11421,1,4151,24,6906,17,364,3,2172,39,4803,20,6975,California
Inyo,2021-04-11,1,11422,0,4151,1,6907,0,364,1,2173,0,4803,1,6976,California
Inyo,2021-04-12,79,11501,0,4151,74,6981,5,369,41,2181,38,4841,46,7022,California
Inyo,2021-04-13,119,11620,3,4154,113,7094,3,372,61,2188,57,4898,64,7086,California
Inyo,2021-04-14,121,11741,2,4156,119,7213,0,372,39,2145,82,4980,39,7125,California
Inyo,2021-04-15,261,12002,102,4258,159,7372,0,372,82,2048,179,5159,82,7207,California
Inyo,2021-04-16,47,12049,6,4264,41,7413,0,372,21,2043,26,5185,21,7228,California
Inyo,2021-04-17,2,12051,1,4265,1,7414,0,372,1,2043,1,5186,1,7229,California
Inyo,2021-04-19,130,12181,43,4308,87,7501,0,372,44,2001,86,5272,44,7273,California
Inyo,2021-04-20,162,12343,3,4311,159,7660,0,372,80,1999,82,5354,80,7353,California
Inyo,2021-04-21,114,12457,4,4315,110,7770,0,372,32,1949,82,5436,32,7385,California
Inyo,2021-04-22,198,12655,3,4318,195,7965,0,372,54,1859,144,5580,54,7439,California
Inyo,2021-04-23,96,12751,4,4322,92,8057,0,372,23,1809,73,5653,23,7462,California
Inyo,2021-04-24,309,13060,306,4628,3,8060,0,372,304,2108,5,5658,304,7766,California
Inyo,2021-04-25,120,13180,118,4746,2,8062,0,372,120,2228,0,5658,120,7886,California
Inyo,2021-04-26,17,13197,1,4747,15,8077,1,373,4,2220,13,5671,5,7891,California
Kern,2020-12-15,1,1,1,1,0,0,0,0,1,1,0,0,1,1,California
Kern,2020-12-16,18,19,18,19,0,0,0,0,18,19,0,0,18,19,California
Kern,2020-12-17,164,183,164,183,0,0,0,0,164,183,0,0,164,183,California
Kern,2020-12-18,320,503,320,503,0,0,0,0,320,503,0,0,320,503,California
Kern,2020-12-19,98,601,98,601,0,0,0,0,99,602,0,0,99,602,California
Kern,2020-12-20,61,662,61,662,0,0,0,0,61,663,0,0,61,663,California
Kern,2020-12-21,671,1333,670,1332,1,1,0,0,671,1334,0,0,671,1334,California
Kern,2020-12-22,530,1863,527,1859,3,4,0,0,530,1864,0,0,530,1864,California
Kern,2020-12-23,558,2421,418,2277,140,144,0,0,558,2422,0,0,558,2422,California
Kern,2020-12-24,122,2543,43,2320,79,223,0,0,122,2544,0,0,122,2544,California
Kern,2020-12-25,1,2544,1,2321,0,223,0,0,1,2545,0,0,1,2545,California
Kern,2020-12-26,33,2577,1,2322,32,255,0,0,33,2578,0,0,33,2578,California
Kern,2020-12-27,35,2612,3,2325,32,287,0,0,35,2613,0,0,35,2613,California
Kern,2020-12-28,825,3437,661,2986,164,451,0,0,825,3438,0,0,825,3438,California
Kern,2020-12-29,746,4183,453,3439,293,744,0,0,745,4182,1,1,745,4183,California
Kern,2020-12-30,1200,5383,908,4347,292,1036,0,0,1200,5382,0,1,1200,5383,California
Kern,2020-12-31,277,5660,99,4446,178,1214,0,0,277,5659,0,1,277,5660,California
Kern,2021-01-01,12,5672,6,4452,6,1220,0,0,12,5671,0,1,12,5672,California
Kern,2021-01-02,78,5750,18,4470,60,1280,0,0,78,5749,0,1,78,5750,California
Kern,2021-01-03,23,5773,4,4474,19,1299,0,0,23,5772,0,1,23,5773,California
Kern,2021-01-04,553,6326,360,4834,193,1492,0,0,553,6325,0,1,553,6326,California
Kern,2021-01-05,1132,7458,738,5572,394,1886,0,0,1120,7433,12,13,1120,7446,California
Kern,2021-01-06,1166,8624,455,6027,711,2597,0,0,1136,8539,30,43,1136,8582,California
Kern,2021-01-07,1407,10031,494,6521,913,3510,0,0,1238,9609,168,211,1238,9820,California
Kern,2021-01-08,1628,11659,767,7288,861,4371,0,0,1331,10643,298,509,1332,11152,California
Kern,2021-01-09,225,11884,76,7364,149,4520,0,0,191,10800,34,543,191,11343,California
Kern,2021-01-10,194,12078,147,7511,47,4567,0,0,153,10912,41,584,153,11496,California
Kern,2021-01-11,1555,13633,983,8494,572,5139,0,0,1000,11357,555,1139,1000,12496,California
Kern,2021-01-12,1869,15502,809,9303,1060,6199,0,0,1359,12206,510,1649,1359,13855,California
Kern,2021-01-13,1855,17357,869,10172,986,7185,0,0,1433,13217,422,2071,1433,15288,California
Kern,2021-01-14,2181,19538,645,10817,1536,8721,0,0,2136,15307,46,2117,2136,17424,California
Kern,2021-01-15,2702,22240,857,11674,1845,10566,0,0,2605,17818,95,2212,2606,20030,California
Kern,2021-01-16,670,22910,212,11886,458,11024,0,0,636,18420,34,2246,636,20666,California
Kern,2021-01-17,73,22983,7,11893,66,11090,0,0,71,18489,2,2248,71,20737,California
Kern,2021-01-18,1643,24626,658,12551,985,12075,0,0,1474,19794,169,2417,1474,22211,California
Kern,2021-01-19,1853,26479,1032,13583,821,12896,0,0,1384,20710,469,2886,1385,23596,California
Kern,2021-01-20,2444,28923,1510,15093,934,13830,0,0,1821,21915,618,3504,1823,25419,California
Kern,2021-01-21,2166,31089,920,16013,1246,15076,0,0,1969,23688,196,3700,1969,27388,California
Kern,2021-01-22,2706,33795,1289,17302,1417,16493,0,0,2430,25844,274,3974,2430,29818,California
Kern,2021-01-23,1245,35040,534,17836,711,17204,0,0,1199,26997,46,4020,1199,31017,California
Kern,2021-01-24,160,35200,18,17854,142,17346,0,0,154,27145,6,4026,154,31171,California
Kern,2021-01-25,2383,37583,1084,18938,1299,18645,0,0,1900,28564,482,4508,1901,33072,California
Kern,2021-01-26,2764,40347,1125,20063,1639,20284,0,0,1908,29617,855,5363,1908,34980,California
Kern,2021-01-27,3557,43904,1902,21965,1655,21939,0,0,2857,31777,697,6060,2857,37837,California
Kern,2021-01-28,2860,46764,1351,23316,1509,23448,0,0,2428,33780,428,6488,2431,40268,California
Kern,2021-01-29,3766,50530,1801,25117,1965,25413,0,0,3224,36465,539,7027,3224,43492,California
Kern,2021-01-30,1323,51853,496,25613,827,26240,0,0,1276,37696,45,7072,1276,44768,California
Kern,2021-01-31,402,52255,275,25888,127,26367,0,0,267,37828,135,7207,267,45035,California
Kern,2021-02-01,2407,54662,818,26706,1589,27956,0,0,1857,39139,547,7754,1858,46893,California
Kern,2021-02-02,2923,57585,973,27679,1950,29906,0,0,2060,40337,863,8617,2061,48954,California
Kern,2021-02-03,3653,61238,1548,29227,2105,32011,0,0,2686,42063,960,9577,2686,51640,California
Kern,2021-02-04,3800,65038,1450,30677,2350,34361,0,0,2585,43444,1204,10781,2585,54225,California
Kern,2021-02-05,4849,69887,1990,32667,2859,37220,0,0,3091,44796,1739,12520,3091,57316,California
Kern,2021-02-06,1735,71622,766,33433,969,38189,0,0,1512,46088,220,12740,1512,58828,California
Kern,2021-02-07,283,71905,150,33583,133,38322,0,0,267,46341,14,12754,267,59095,California
Kern,2021-02-08,2562,74467,788,34371,1774,40096,0,0,1257,46312,1287,14041,1258,60353,California
Kern,2021-02-09,3037,77504,986,35357,2051,42147,0,0,1467,46216,1563,15604,1467,61820,California
Kern,2021-02-10,3782,81286,1656,37013,2126,44273,0,0,1895,46241,1871,17475,1896,63716,California
Kern,2021-02-11,4257,85543,1538,38551,2719,46992,0,0,2228,46453,2016,19491,2228,65944,California
Kern,2021-02-12,4947,90490,1890,40441,3057,50049,0,0,2482,46484,2451,21942,2482,68426,California
Kern,2021-02-13,2009,92499,726,41167,1283,51332,0,0,1166,46809,841,22783,1166,69592,California
Kern,2021-02-14,350,92849,12,41179,338,51670,0,0,269,46998,80,22863,269,69861,California
Kern,2021-02-15,2738,95587,889,42068,1849,53519,0,0,1209,46686,1521,24384,1209,71070,California
Kern,2021-02-16,2946,98533,719,42787,2227,55746,0,0,1656,47063,1280,25664,1657,72727,California
Kern,2021-02-17,4063,102596,2074,44861,1989,57735,0,0,1929,46864,2129,27793,1930,74657,California
Kern,2021-02-18,3750,106346,1477,46338,2273,60008,0,0,1619,46365,2118,29911,1619,76276,California
Kern,2021-02-19,4195,110541,1916,48254,2279,62287,0,0,1739,45656,2448,32359,1739,78015,California
Kern,2021-02-20,2572,113113,968,49222,1604,63891,0,0,1340,45767,1229,33588,1340,79355,California
Kern,2021-02-21,247,113360,141,49363,106,63997,0,0,86,45694,159,33747,86,79441,California
Kern,2021-02-22,2655,116015,1148,50511,1507,65504,0,0,1424,45892,1226,34973,1424,80865,California
Kern,2021-02-23,3537,119552,1119,51630,2418,67922,0,0,1975,46308,1560,36533,1976,82841,California
Kern,2021-02-24,5158,124710,2266,53896,2892,70814,0,0,3074,47302,2080,38613,3074,85915,California
Kern,2021-02-25,5352,130062,2445,56341,2907,73721,0,0,3176,48320,2158,40771,3176,89091,California
Kern,2021-02-26,6883,136945,3518,59859,3365,77086,0,0,4357,50159,2519,43290,4358,93449,California
Kern,2021-02-27,3852,140797,1892,61751,1960,79046,0,0,2518,51350,1327,44617,2518,95967,California
Kern,2021-02-28,905,141702,497,62248,408,79454,0,0,688,51823,215,44832,688,96655,California
Kern,2021-03-01,3981,145683,1804,64052,2176,81630,1,1,2690,53231,1283,46115,2691,99346,California
Kern,2021-03-02,4369,150052,1372,65424,2996,84626,1,2,2864,54601,1494,47609,2864,102210,California
Kern,2021-03-03,5765,155817,2682,68106,3083,87709,0,2,3679,56209,2072,49681,3680,105890,California
Kern,2021-03-04,5533,161350,2143,70249,3387,91096,3,5,3544,57779,1976,51657,3546,109436,California
Kern,2021-03-05,6457,167807,2664,72913,3776,94872,17,22,4039,59424,2411,54068,4056,113492,California
Kern,2021-03-06,4710,172517,1910,74823,2699,97571,101,123,3445,61712,1257,55325,3545,117037,California
Kern,2021-03-07,2041,174558,1584,76407,410,97981,47,170,1852,63423,188,55513,1899,118936,California
Kern,2021-03-08,2802,177360,851,77258,1738,99719,213,383,1457,63749,1342,56855,1668,120604,California
Kern,2021-03-09,3620,180980,785,78043,2452,102171,383,766,2227,64969,1388,58243,2608,123212,California
Kern,2021-03-10,6016,186996,2461,80504,2484,104655,1071,1837,3500,67033,2505,60748,4569,127781,California
Kern,2021-03-11,6279,193275,2404,82908,2849,107504,1026,2863,3728,69244,2540,63288,4751,132532,California
Kern,2021-03-12,7656,200931,2918,85826,3386,110890,1352,4215,4151,71243,3495,66783,5494,138026,California
Kern,2021-03-13,4422,205353,2300,88126,1787,112677,335,4550,3004,73163,1413,68196,3333,141359,California
Kern,2021-03-14,2261,207614,1413,89539,610,113287,238,4788,1746,74632,512,68708,1981,143340,California
Kern,2021-03-15,4240,211854,1080,90619,2447,115734,713,5501,2174,75461,2055,70763,2884,146224,California
Kern,2021-03-16,4323,216177,1000,91619,2795,118529,528,6029,2321,76314,1993,72756,2846,149070,California
Kern,2021-03-17,7224,223401,3795,95414,2872,121401,557,6586,4291,78238,2923,75679,4847,153917,California
Kern,2021-03-18,6959,230360,3378,98792,3002,124403,579,7165,4135,80143,2805,78484,4710,158627,California
Kern,2021-03-19,8724,239084,4747,103539,3327,127730,650,7815,4526,81129,4184,82668,5170,163797,California
Kern,2021-03-20,5935,245019,3588,107127,2174,129904,173,7988,3813,83003,2113,84781,3987,167784,California
Kern,2021-03-21,2860,247879,1748,108875,235,130139,877,8865,1681,84387,1174,85955,2558,170342,California
Kern,2021-03-22,3917,251796,1517,110392,2044,132183,356,9221,1900,84634,2009,87964,2256,172598,California
Kern,2021-03-23,4681,256477,1641,112033,2842,135025,198,9419,2479,85135,2173,90137,2674,175272,California
Kern,2021-03-24,6981,263458,3499,115532,3010,138035,472,9891,3659,85956,3308,93445,4129,179401,California
Kern,2021-03-25,6611,270069,2877,118409,3406,141441,328,10219,3278,86243,3317,96762,3604,183005,California
Kern,2021-03-26,9450,279519,4142,122551,4052,145493,1256,11475,4656,87376,4778,101540,5911,188916,California
Kern,2021-03-27,5438,284957,3738,126289,1574,147067,126,11601,3303,88673,2132,103672,3429,192345,California
Kern,2021-03-28,4282,289239,3797,130086,471,147538,14,11615,2737,89880,1544,105216,2751,195096,California
Kern,2021-03-29,4185,293424,1634,131720,2273,149811,278,11893,2609,91201,1565,106781,2886,197982,California
Kern,2021-03-30,5441,298865,1806,133526,3303,153114,332,12225,3062,92218,2375,109156,3392,201374,California
Kern,2021-03-31,8045,306910,4237,137763,3163,156277,645,12870,4283,93392,3752,112908,4926,206300,California
Kern,2021-04-01,7573,314483,3628,141391,3651,159928,294,13164,4090,94301,3472,116380,4381,210681,California
Kern,2021-04-02,8113,322596,4181,145572,3328,163256,604,13768,4075,94953,4024,120404,4676,215357,California
Kern,2021-04-03,5666,328262,3374,148946,2111,165367,181,13949,2585,94641,3076,123480,2764,218121,California
Kern,2021-04-04,1332,329594,867,149813,381,165748,84,14033,550,94496,779,124259,634,218755,California
Kern,2021-04-05,5289,334883,2180,151993,2348,168096,761,14794,2860,95685,2418,126677,3607,222362,California
Kern,2021-04-06,6797,341680,2432,154425,3154,171250,1211,16005,3570,97256,3209,129886,4780,227142,California
Kern,2021-04-07,9208,350888,5369,159794,2888,174138,951,16956,4630,98272,4564,134450,5580,232722,California
Kern,2021-04-08,8549,359437,4728,164522,2925,177063,896,17852,3921,98480,4609,139059,4817,237539,California
Kern,2021-04-09,9792,369229,5079,169601,3732,180795,981,18833,4367,98421,5405,144464,5346,242885,California
Kern,2021-04-10,6522,375751,3430,173031,1855,182650,1237,20070,2307,97751,4208,148672,3538,246423,California
Kern,2021-04-11,3762,379513,2888,175919,356,183006,518,20588,1426,97367,2326,150998,1942,248365,California
Kern,2021-04-12,4343,383856,978,176897,2400,185406,965,21553,1573,97148,2756,153754,2537,250902,California
Kern,2021-04-13,4257,388113,1408,178305,2824,188230,25,21578,2126,97179,2121,155875,2152,253054,California
Kern,2021-04-14,5997,394110,2947,181252,3028,191258,22,21600,3054,97327,2927,158802,3075,256129,California
Kern,2021-04-15,5164,399274,2435,183687,2727,193985,2,21602,2495,97168,2656,161458,2497,258626,California
Kern,2021-04-16,6905,406179,3405,187092,3500,197485,0,21602,3033,96351,3851,165309,3034,261660,California
Kern,2021-04-17,5890,412069,3847,190939,2043,199528,0,21602,2256,94986,3622,168931,2257,263917,California
Kern,2021-04-18,3610,415679,3374,194313,236,199764,0,21602,1068,93517,2537,171468,1068,264985,California
Kern,2021-04-19,3798,419477,1725,196038,2072,201836,1,21603,1440,92617,2340,173808,1440,266425,California
Kern,2021-04-20,4248,423725,1520,197558,2727,204563,1,21604,1633,91653,2599,176407,1635,268060,California
Kern,2021-04-21,5755,429480,3087,200645,2664,207227,4,21608,2242,90405,3493,179900,2245,270305,California
Kern,2021-04-22,4710,434190,2287,202932,2423,209650,0,21608,1735,89185,2957,182857,1737,272042,California
Kern,2021-04-23,5498,439688,2869,205801,2628,212278,1,21609,1852,87422,3617,186474,1854,273896,California
Kern,2021-04-24,3482,443170,2540,208341,932,213210,10,21619,1299,86560,2171,188645,1309,275205,California
Kern,2021-04-25,996,444166,746,209087,250,213460,0,21619,551,86672,439,189084,551,275756,California
Kern,2021-04-26,2445,446611,1273,210360,1135,214595,37,21656,678,85626,1762,190846,716,276472,California
Kings,2020-12-16,1,1,1,1,0,0,0,0,1,1,0,0,1,1,California
Kings,2020-12-17,8,9,8,9,0,0,0,0,8,9,0,0,8,9,California
Kings,2020-12-18,12,21,12,21,0,0,0,0,12,21,0,0,12,21,California
Kings,2020-12-19,11,32,11,32,0,0,0,0,11,32,0,0,11,32,California
Kings,2020-12-20,13,45,13,45,0,0,0,0,13,45,0,0,13,45,California
Kings,2020-12-21,156,201,156,201,0,0,0,0,271,316,0,0,271,316,California
Kings,2020-12-22,143,344,143,344,0,0,0,0,140,456,0,0,140,456,California
Kings,2020-12-23,134,478,122,466,12,12,0,0,135,591,0,0,135,591,California
Kings,2020-12-24,11,489,9,475,2,14,0,0,11,602,0,0,11,602,California
Kings,2020-12-26,7,496,4,479,3,17,0,0,7,609,0,0,7,609,California
Kings,2020-12-27,4,500,4,483,0,17,0,0,4,613,0,0,4,613,California
Kings,2020-12-28,131,631,103,586,28,45,0,0,132,745,0,0,132,745,California
Kings,2020-12-29,78,709,51,637,27,72,0,0,79,824,0,0,79,824,California
Kings,2020-12-30,147,856,108,745,39,111,0,0,147,971,0,0,147,971,California
Kings,2020-12-31,44,900,6,751,38,149,0,0,44,1015,0,0,44,1015,California
Kings,2021-01-01,1,901,0,751,1,150,0,0,1,1016,0,0,1,1016,California
Kings,2021-01-02,10,911,9,760,1,151,0,0,10,1026,0,0,10,1026,California
Kings,2021-01-04,112,1023,42,802,70,221,0,0,112,1138,0,0,112,1138,California
Kings,2021-01-05,196,1219,39,841,157,378,0,0,196,1334,0,0,196,1334,California
Kings,2021-01-06,276,1495,177,1018,99,477,0,0,273,1604,3,3,273,1607,California
Kings,2021-01-07,178,1673,81,1099,97,574,0,0,170,1766,8,11,170,1777,California
Kings,2021-01-08,247,1920,54,1153,193,767,0,0,228,1975,19,30,228,2005,California
Kings,2021-01-09,63,1983,9,1162,54,821,0,0,55,2022,8,38,55,2060,California
Kings,2021-01-10,15,1998,3,1165,12,833,0,0,12,2031,3,41,12,2072,California
Kings,2021-01-11,520,2518,356,1521,164,997,0,0,276,2064,244,285,277,2349,California
Kings,2021-01-12,350,2868,253,1774,97,1094,0,0,216,2149,131,416,216,2565,California
Kings,2021-01-13,414,3282,267,2041,147,1241,0,0,323,2381,91,507,323,2888,California
Kings,2021-01-14,208,3490,31,2072,177,1418,0,0,198,2559,21,528,199,3087,California
Kings,2021-01-15,415,3905,29,2101,386,1804,0,0,403,2950,12,540,403,3490,California
Kings,2021-01-16,31,3936,12,2113,19,1823,0,0,30,2979,1,541,30,3520,California
Kings,2021-01-17,8,3944,5,2118,3,1826,0,0,6,2983,2,543,6,3526,California
Kings,2021-01-18,172,4116,40,2158,132,1958,0,0,146,3103,26,569,146,3672,California
Kings,2021-01-19,376,4492,158,2316,218,2176,0,0,248,3223,128,697,248,3920,California
Kings,2021-01-20,224,4716,134,2450,90,2266,0,0,119,3241,101,798,119,4039,California
Kings,2021-01-21,186,4902,32,2482,154,2420,0,0,172,3397,16,814,172,4211,California
Kings,2021-01-22,125,5027,38,2520,87,2507,0,0,125,3517,5,819,125,4336,California
Kings,2021-01-23,26,5053,14,2534,12,2519,0,0,20,3531,6,825,20,4356,California
Kings,2021-01-24,4,5057,4,2538,0,2519,0,0,2,3531,2,827,2,4358,California
Kings,2021-01-25,124,5181,26,2564,98,2617,0,0,90,3587,34,861,90,4448,California
Kings,2021-01-26,154,5335,35,2599,119,2736,0,0,115,3663,39,900,115,4563,California
Kings,2021-01-27,319,5654,34,2633,285,3021,0,0,249,3843,69,969,249,4812,California
Kings,2021-01-28,324,5978,46,2679,278,3299,0,0,270,4059,54,1023,270,5082,California
Kings,2021-01-29,86,6064,26,2705,60,3359,0,0,69,4111,17,1040,69,5151,California
Kings,2021-01-30,1556,7620,31,2736,1525,4884,0,0,1553,5663,3,1043,1555,6706,California
Kings,2021-02-01,199,7819,64,2800,135,5019,0,0,72,5610,125,1168,72,6778,California
Kings,2021-02-02,226,8045,14,2814,212,5231,0,0,82,5549,143,1311,82,6860,California
Kings,2021-02-03,357,8402,191,3005,166,5397,0,0,203,5599,153,1464,203,7063,California
Kings,2021-02-04,395,8797,98,3103,297,5694,0,0,199,5603,195,1659,199,7262,California
Kings,2021-02-05,256,9053,14,3117,242,5936,0,0,101,5551,153,1812,101,7363,California
Kings,2021-02-06,60,9113,10,3127,50,5986,0,0,27,5545,33,1845,27,7390,California
Kings,2021-02-07,5,9118,3,3130,2,5988,0,0,3,5546,2,1847,3,7393,California
Kings,2021-02-08,170,9288,29,3159,141,6129,0,0,68,5512,102,1949,68,7461,California
Kings,2021-02-09,253,9541,57,3216,196,6325,0,0,110,5481,141,2090,110,7571,California
Kings,2021-02-10,286,9827,112,3328,174,6499,0,0,173,5541,113,2203,173,7744,California
Kings,2021-02-11,429,10256,65,3393,364,6863,0,0,318,5749,110,2313,318,8062,California
Kings,2021-02-12,611,10867,36,3429,575,7438,0,0,340,5818,271,2584,340,8402,California
Kings,2021-02-13,103,10970,6,3435,97,7535,0,0,78,5871,25,2609,78,8480,California
Kings,2021-02-14,102,11072,4,3439,98,7633,0,0,94,5957,8,2617,94,8574,California
Kings,2021-02-15,246,11318,5,3444,241,7874,0,0,137,5986,108,2725,137,8711,California
Kings,2021-02-16,484,11802,33,3477,451,8325,0,0,250,6003,233,2958,250,8961,California
Kings,2021-02-17,378,12180,22,3499,356,8681,0,0,241,6108,137,3095,242,9203,California
Kings,2021-02-18,154,12334,22,3521,132,8813,0,0,98,6150,56,3151,98,9301,California
Kings,2021-02-19,157,12491,22,3543,135,8948,0,0,101,6198,53,3204,101,9402,California
Kings,2021-02-20,171,12662,40,3583,131,9079,0,0,134,6295,37,3241,134,9536,California
Kings,2021-02-21,3,12665,2,3585,1,9080,0,0,3,6298,0,3241,3,9539,California
Kings,2021-02-22,110,12775,19,3604,91,9171,0,0,51,6290,59,3300,51,9590,California
Kings,2021-02-23,296,13071,69,3673,227,9398,0,0,179,6352,117,3417,179,9769,California
Kings,2021-02-24,591,13662,153,3826,438,9836,0,0,379,6519,212,3629,379,10148,California
Kings,2021-02-25,661,14323,112,3938,549,10385,0,0,443,6746,216,3845,443,10591,California
Kings,2021-02-26,657,14980,129,4067,528,10913,0,0,594,7278,62,3907,594,11185,California
Kings,2021-02-27,1498,16478,62,4129,1436,12349,0,0,564,6909,933,4840,564,11749,California
Kings,2021-02-28,1169,17647,594,4723,575,12924,0,0,671,7085,495,5335,671,12420,California
Kings,2021-03-01,256,17903,77,4800,179,13103,0,0,211,7251,45,5380,211,12631,California
Kings,2021-03-02,469,18372,205,5005,264,13367,0,0,419,7621,50,5430,420,13051,California
Kings,2021-03-03,617,18989,294,5299,323,13690,0,0,430,7865,186,5616,430,13481,California
Kings,2021-03-04,713,19702,342,5641,371,14061,0,0,617,8387,96,5712,618,14099,California
Kings,2021-03-05,1006,20708,349,5990,648,14709,9,9,890,9171,116,5828,900,14999,California
Kings,2021-03-06,509,21217,183,6173,313,15022,13,22,480,9635,29,5857,493,15492,California
Kings,2021-03-07,366,21583,225,6398,137,15159,4,26,358,9989,8,5865,362,15854,California
Kings,2021-03-08,349,21932,97,6495,199,15358,53,79,240,10172,109,5974,292,16146,California
Kings,2021-03-09,516,22448,238,6733,223,15581,55,134,410,10532,106,6080,466,16612,California
Kings,2021-03-10,501,22949,123,6856,287,15868,91,225,319,10760,181,6261,409,17021,California
Kings,2021-03-11,1017,23966,305,7161,602,16470,110,335,612,11079,403,6664,722,17743,California
Kings,2021-03-12,1293,25259,391,7552,808,17278,94,429,892,11667,400,7064,988,18731,California
Kings,2021-03-13,672,25931,332,7884,296,17574,44,473,545,12130,127,7191,590,19321,California
Kings,2021-03-14,671,26602,101,7985,184,17758,386,859,200,12245,471,7662,586,19907,California
Kings,2021-03-15,640,27242,205,8190,320,18078,115,974,404,12531,235,7897,521,20428,California
Kings,2021-03-16,1039,28281,439,8629,539,18617,61,1035,703,12959,336,8233,764,21192,California
Kings,2021-03-17,1085,29366,415,9044,609,19226,61,1096,768,13478,317,8550,836,22028,California
Kings,2021-03-18,1098,30464,466,9510,410,19636,222,1318,766,14138,331,8881,991,23019,California
Kings,2021-03-19,931,31395,468,9978,378,20014,85,1403,714,14733,217,9098,812,23831,California
Kings,2021-03-20,622,32017,255,10233,337,20351,30,1433,449,15048,171,9269,486,24317,California
Kings,2021-03-21,1400,33417,1085,11318,304,20655,11,1444,847,15353,553,9822,858,25175,California
Kings,2021-03-22,449,33866,202,11520,163,20818,84,1528,275,15542,174,9996,363,25538,California
Kings,2021-03-23,897,34763,492,12012,342,21160,63,1591,575,15863,320,10316,641,26179,California
Kings,2021-03-24,914,35677,474,12486,417,21577,23,1614,510,15996,402,10718,535,26714,California
Kings,2021-03-25,884,36561,440,12926,418,21995,26,1640,443,16026,439,11157,469,27183,California
Kings,2021-03-26,1280,37841,374,13300,821,22816,85,1725,527,15890,748,11905,612,27795,California
Kings,2021-03-27,616,38457,245,13545,359,23175,12,1737,170,15628,444,12349,182,27977,California
Kings,2021-03-28,547,39004,476,14021,64,23239,7,1744,342,15780,205,12554,357,28334,California
Kings,2021-03-29,456,39460,201,14222,195,23434,60,1804,251,15887,203,12757,310,28644,California
Kings,2021-03-30,827,40287,455,14677,334,23768,38,1842,415,15929,411,13168,453,29097,California
Kings,2021-03-31,721,41008,374,15051,283,24051,64,1906,419,16117,295,13463,483,29580,California
Kings,2021-04-01,747,41755,375,15426,293,24344,79,1985,342,16139,399,13862,421,30001,California
Kings,2021-04-02,969,42724,419,15845,428,24772,122,2107,425,16145,540,14402,546,30547,California
Kings,2021-04-03,471,43195,327,16172,136,24908,8,2115,159,16008,306,14708,169,30716,California
Kings,2021-04-04,156,43351,82,16254,68,24976,6,2121,44,15947,111,14819,50,30766,California
Kings,2021-04-05,1043,44394,320,16574,473,25449,250,2371,253,15661,789,15608,503,31269,California
Kings,2021-04-06,1178,45572,446,17020,425,25874,307,2678,295,15382,880,16488,601,31870,California
Kings,2021-04-07,1336,46908,637,17657,515,26389,184,2862,412,15056,922,17410,596,32466,California
Kings,2021-04-08,1592,48500,627,18284,713,27102,252,3114,363,14449,1222,18632,615,33081,California
Kings,2021-04-09,1103,49603,523,18807,406,27508,174,3288,237,13994,864,19496,409,33490,California
Kings,2021-04-10,590,50193,328,19135,160,27668,102,3390,178,13863,411,19907,280,33770,California
Kings,2021-04-11,322,50515,74,19209,242,27910,6,3396,190,13927,132,20039,196,33966,California
Kings,2021-04-12,691,51206,307,19516,186,28096,198,3594,189,13814,500,20539,387,34353,California
Kings,2021-04-13,874,52080,502,20018,372,28468,0,3594,283,13512,590,21129,288,34641,California
Kings,2021-04-14,1017,53097,563,20581,454,28922,0,3594,369,13234,648,21777,370,35011,California
Kings,2021-04-15,1016,54113,495,21076,520,29442,1,3595,453,13126,562,22339,454,35465,California
Kings,2021-04-16,764,54877,359,21435,405,29847,0,3595,267,12897,496,22835,267,35732,California
Kings,2021-04-17,454,55331,241,21676,213,30060,0,3595,198,12840,255,23090,198,35930,California
Kings,2021-04-18,547,55878,237,21913,310,30370,0,3595,69,12431,478,23568,69,35999,California
Kings,2021-04-19,523,56401,288,22201,233,30603,2,3597,285,12480,236,23804,285,36284,California
Kings,2021-04-20,724,57125,439,22640,285,30888,0,3597,241,12240,481,24285,241,36525,California
Kings,2021-04-21,628,57753,303,22943,325,31213,0,3597,220,12057,403,24688,220,36745,California
Kings,2021-04-22,549,58302,279,23222,270,31483,0,3597,206,11925,339,25027,207,36952,California
Kings,2021-04-23,621,58923,277,23499,344,31827,0,3597,304,11916,313,25340,304,37256,California
Kings,2021-04-24,190,59113,127,23626,62,31889,1,3598,95,11918,94,25434,96,37352,California
Kings,2021-04-25,146,59259,128,23754,18,31907,0,3598,114,12000,32,25466,114,37466,California
Kings,2021-04-26,198,59457,82,23836,116,32023,0,3598,133,12068,65,25531,133,37599,California
Lake,2020-12-17,4,4,4,4,0,0,0,0,4,4,0,0,4,4,California
Lake,2020-12-18,51,55,51,55,0,0,0,0,51,55,0,0,51,55,California
Lake,2020-12-19,3,58,3,58,0,0,0,0,3,58,0,0,3,58,California
Lake,2020-12-20,6,64,6,64,0,0,0,0,6,64,0,0,6,64,California
Lake,2020-12-21,86,150,86,150,0,0,0,0,86,150,0,0,86,150,California
Lake,2020-12-22,63,213,60,210,3,3,0,0,63,213,0,0,63,213,California
Lake,2020-12-23,123,336,114,324,9,12,0,0,123,336,0,0,123,336,California
Lake,2020-12-24,2,338,0,324,2,14,0,0,2,338,0,0,2,338,California
Lake,2020-12-26,2,340,2,326,0,14,0,0,2,340,0,0,2,340,California
Lake,2020-12-27,2,342,2,328,0,14,0,0,2,342,0,0,2,342,California
Lake,2020-12-28,52,394,43,371,9,23,0,0,52,394,0,0,52,394,California
Lake,2020-12-29,49,443,44,415,5,28,0,0,49,443,0,0,49,443,California
Lake,2020-12-30,124,567,117,532,7,35,0,0,124,567,0,0,124,567,California
Lake,2020-12-31,67,634,64,596,3,38,0,0,67,634,0,0,67,634,California
Lake,2021-01-01,1,635,0,596,1,39,0,0,1,635,0,0,1,635,California
Lake,2021-01-02,2,637,1,597,1,40,0,0,2,637,0,0,2,637,California
Lake,2021-01-04,87,724,21,618,66,106,0,0,87,724,0,0,87,724,California
Lake,2021-01-05,119,843,59,677,60,166,0,0,117,839,2,2,117,841,California
Lake,2021-01-06,105,948,65,742,40,206,0,0,103,940,2,4,103,944,California
Lake,2021-01-07,104,1052,83,825,21,227,0,0,95,1026,9,13,95,1039,California
Lake,2021-01-08,152,1204,124,949,28,255,0,0,100,1074,52,65,100,1139,California
Lake,2021-01-09,63,1267,61,1010,2,257,0,0,59,1129,4,69,59,1198,California
Lake,2021-01-10,3,1270,3,1013,0,257,0,0,0,1126,3,72,0,1198,California
Lake,2021-01-11,192,1462,151,1164,41,298,0,0,112,1158,80,152,112,1310,California
Lake,2021-01-12,80,1542,48,1212,32,330,0,0,56,1190,24,176,56,1366,California
Lake,2021-01-13,164,1706,112,1324,52,382,0,0,107,1240,57,233,107,1473,California
Lake,2021-01-14,147,1853,46,1370,101,483,0,0,125,1343,22,255,125,1598,California
Lake,2021-01-15,215,2068,92,1462,123,606,0,0,188,1504,27,282,188,1786,California
Lake,2021-01-16,134,2202,81,1543,53,659,0,0,132,1634,2,284,132,1918,California
Lake,2021-01-17,18,2220,6,1549,12,671,0,0,12,1640,6,290,12,1930,California
Lake,2021-01-18,244,2464,224,1773,20,691,0,0,126,1648,118,408,126,2056,California
Lake,2021-01-19,311,2775,117,1890,194,885,0,0,266,1870,45,453,267,2323,California
Lake,2021-01-20,421,3196,80,1970,341,1226,0,0,357,2164,63,516,357,2680,California
Lake,2021-01-21,433,3629,49,2019,384,1610,0,0,398,2527,35,551,398,3078,California
Lake,2021-01-22,318,3947,46,2065,272,1882,0,0,282,2773,36,587,282,3360,California
Lake,2021-01-23,122,4069,5,2070,117,1999,0,0,121,2893,1,588,121,3481,California
Lake,2021-01-24,4,4073,1,2071,3,2002,0,0,4,2897,0,588,4,3485,California
Lake,2021-01-25,257,4330,95,2166,162,2164,0,0,176,2992,81,669,176,3661,California
Lake,2021-01-26,428,4758,36,2202,392,2556,0,0,405,3374,23,692,405,4066,California
Lake,2021-01-27,356,5114,39,2241,317,2873,0,0,329,3677,27,719,330,4396,California
Lake,2021-01-28,500,5614,160,2401,340,3213,0,0,372,3921,128,847,372,4768,California
Lake,2021-01-29,637,6251,83,2484,554,3767,0,0,577,4438,60,907,577,5345,California
Lake,2021-01-30,556,6807,45,2529,511,4278,0,0,550,4982,6,913,550,5895,California
Lake,2021-01-31,14,6821,8,2537,6,4284,0,0,12,4992,2,915,12,5907,California
Lake,2021-02-01,179,7000,18,2555,161,4445,0,0,166,5145,13,928,166,6073,California
Lake,2021-02-02,563,7563,153,2708,410,4855,0,0,398,5378,165,1093,398,6471,California
Lake,2021-02-03,445,8008,33,2741,412,5267,0,0,340,5613,105,1198,340,6811,California
Lake,2021-02-04,118,8126,68,2809,50,5317,0,0,72,5639,46,1244,72,6883,California
Lake,2021-02-05,377,8503,69,2878,308,5625,0,0,288,5840,87,1331,288,7171,California
Lake,2021-02-06,275,8778,40,2918,235,5860,0,0,264,6093,11,1342,264,7435,California
Lake,2021-02-07,2,8780,1,2919,1,5861,0,0,2,6095,0,1342,2,7437,California
Lake,2021-02-08,279,9059,206,3125,73,5934,0,0,160,6136,119,1461,160,7597,California
Lake,2021-02-09,347,9406,25,3150,322,6256,0,0,303,6396,43,1504,303,7900,California
Lake,2021-02-10,350,9756,54,3204,296,6552,0,0,274,6594,76,1580,274,8174,California
Lake,2021-02-11,169,9925,18,3222,151,6703,0,0,56,6537,113,1693,56,8230,California
Lake,2021-02-12,375,10300,28,3250,347,7050,0,0,289,6740,86,1779,289,8519,California
Lake,2021-02-13,249,10549,9,3259,240,7290,0,0,238,6967,11,1790,238,8757,California
Lake,2021-02-14,19,10568,4,3263,15,7305,0,0,6,6960,13,1803,6,8763,California
Lake,2021-02-15,172,10740,13,3276,159,7464,0,0,8,6805,163,1966,8,8771,California
Lake,2021-02-16,420,11160,22,3298,398,7862,0,0,174,6733,246,2212,174,8945,California
Lake,2021-02-17,351,11511,54,3352,297,8159,0,0,70,6523,280,2492,70,9015,California
Lake,2021-02-18,456,11967,69,3421,387,8546,0,0,114,6295,342,2834,114,9129,California
Lake,2021-02-19,414,12381,25,3446,389,8935,0,0,89,6059,325,3159,89,9218,California
Lake,2021-02-20,294,12675,60,3506,234,9169,0,0,251,6268,42,3201,251,9469,California
Lake,2021-02-21,6,12681,6,3512,0,9169,0,0,0,6262,6,3207,0,9469,California
Lake,2021-02-22,139,12820,23,3535,116,9285,0,0,43,6209,96,3303,43,9512,California
Lake,2021-02-23,212,13032,15,3550,197,9482,0,0,26,6049,186,3489,26,9538,California
Lake,2021-02-24,957,13989,379,3929,578,10060,0,0,419,5931,537,4026,419,9957,California
Lake,2021-02-25,732,14721,463,4392,269,10329,0,0,471,6143,259,4285,471,10428,California
Lake,2021-02-26,994,15715,304,4696,690,11019,0,0,348,5848,643,4928,348,10776,California
Lake,2021-02-27,410,16125,97,4793,313,11332,0,0,328,6094,82,5010,328,11104,California
Lake,2021-02-28,18,16143,12,4805,6,11338,0,0,10,6096,8,5018,10,11114,California
Lake,2021-03-01,594,16737,52,4857,542,11880,0,0,442,6386,152,5170,442,11556,California
Lake,2021-03-02,744,17481,18,4875,726,12606,0,0,291,6223,454,5624,291,11847,California
Lake,2021-03-03,359,17840,196,5071,163,12769,0,0,135,6134,224,5848,135,11982,California
Lake,2021-03-04,577,18417,509,5580,68,12837,0,0,562,6681,15,5863,562,12544,California
Lake,2021-03-05,1037,19454,40,5620,997,13834,0,0,174,5996,859,6722,174,12718,California
Lake,2021-03-06,36,19490,11,5631,24,13858,1,1,21,6003,15,6737,22,12740,California
Lake,2021-03-07,7,19497,5,5636,2,13860,0,1,4,6004,3,6740,4,12744,California
Lake,2021-03-08,338,19835,267,5903,62,13922,9,10,298,6271,40,6780,307,13051,California
Lake,2021-03-09,917,20752,29,5932,871,14793,17,27,392,6156,524,7304,409,13460,California
Lake,2021-03-10,202,20954,60,5992,129,14922,13,40,135,6237,67,7371,148,13608,California
Lake,2021-03-11,584,21538,47,6039,62,14984,475,515,49,6226,535,7906,524,14132,California
Lake,2021-03-12,858,22396,205,6244,629,15613,24,539,365,6123,492,8398,389,14521,California
Lake,2021-03-13,278,22674,21,6265,20,15633,237,776,16,6114,261,8659,252,14773,California
Lake,2021-03-14,11,22685,2,6267,9,15642,0,776,7,6117,4,8663,7,14780,California
Lake,2021-03-15,642,23327,14,6281,611,16253,17,793,483,6458,159,8822,500,15280,California
Lake,2021-03-16,1115,24442,836,7117,262,16515,17,810,450,6263,661,9483,466,15746,California
Lake,2021-03-17,246,24688,121,7238,103,16618,22,832,89,6217,157,9640,111,15857,California
Lake,2021-03-18,751,25439,373,7611,341,16959,37,869,374,6251,376,10016,410,16267,California
Lake,2021-03-19,581,26020,315,7926,246,17205,20,889,479,6649,101,10117,499,16766,California
Lake,2021-03-20,249,26269,8,7934,238,17443,3,892,30,6465,217,10334,33,16799,California
Lake,2021-03-21,17,26286,11,7945,5,17448,1,893,12,6473,5,10339,13,16812,California
Lake,2021-03-22,320,26606,240,8185,66,17514,14,907,235,6637,85,10424,249,17061,California
Lake,2021-03-23,416,27022,18,8203,385,17899,13,920,355,6945,60,10484,368,17429,California
Lake,2021-03-24,413,27435,61,8264,344,18243,8,928,317,7176,95,10579,326,17755,California
Lake,2021-03-25,658,28093,468,8732,184,18427,6,934,174,6872,484,11063,180,17935,California
Lake,2021-03-26,71,28164,33,8765,37,18464,1,935,49,6900,22,11085,50,17985,California
Lake,2021-03-27,309,28473,7,8772,299,18763,3,938,17,6630,290,11375,20,18005,California
Lake,2021-03-28,16,28489,7,8779,9,18772,0,938,10,6634,6,11381,10,18015,California
Lake,2021-03-29,899,29388,269,9048,628,19400,2,940,193,6125,704,12085,195,18210,California
Lake,2021-03-30,452,29840,304,9352,146,19546,2,942,366,6408,85,12170,368,18578,California
Lake,2021-03-31,582,30422,62,9414,519,20065,1,943,416,6667,158,12328,417,18995,California
Lake,2021-04-01,429,30851,224,9638,193,20258,12,955,181,6615,245,12573,193,19188,California
Lake,2021-04-02,224,31075,43,9681,153,20411,28,983,101,6621,123,12696,129,19317,California
Lake,2021-04-03,30,31105,7,9688,20,20431,3,986,11,6616,19,12715,14,19331,California
Lake,2021-04-04,20,31125,10,9698,8,20439,2,988,15,6628,5,12720,17,19348,California
Lake,2021-04-05,634,31759,69,9767,546,20985,19,1007,396,6807,235,12955,414,19762,California
Lake,2021-04-06,471,32230,15,9782,430,21415,26,1033,299,6961,171,13126,325,20087,California
Lake,2021-04-07,515,32745,55,9837,410,21825,50,1083,350,7198,163,13289,400,20487,California
Lake,2021-04-08,597,33342,485,10322,45,21870,67,1150,102,6875,492,13781,169,20656,California
Lake,2021-04-09,283,33625,44,10366,170,22040,69,1219,49,6762,231,14012,118,20774,California
Lake,2021-04-10,253,33878,15,10381,14,22054,224,1443,11,6755,242,14254,235,21009,California
Lake,2021-04-11,22,33900,17,10398,3,22057,2,1445,7,6749,15,14269,9,21018,California
Lake,2021-04-12,1067,34967,231,10629,803,22860,33,1478,248,6212,818,15087,281,21299,California
Lake,2021-04-13,180,35147,109,10738,71,22931,0,1478,53,6138,127,15214,53,21352,California
Lake,2021-04-14,606,35753,36,10774,570,23501,0,1478,546,6624,60,15274,546,21898,California
Lake,2021-04-15,622,36375,176,10950,446,23947,0,1478,315,6632,307,15581,315,22213,California
Lake,2021-04-16,257,36632,24,10974,232,24179,1,1479,68,6513,188,15769,69,22282,California
Lake,2021-04-17,39,36671,10,10984,29,24208,0,1479,28,6530,11,15780,28,22310,California
Lake,2021-04-18,8,36679,5,10989,3,24211,0,1479,0,6522,8,15788,0,22310,California
Lake,2021-04-19,297,36976,40,11029,257,24468,0,1479,246,6717,51,15839,246,22556,California
Lake,2021-04-20,687,37663,274,11303,413,24881,0,1479,112,6256,574,16413,113,22669,California
Lake,2021-04-21,529,38192,62,11365,467,25348,0,1479,201,6130,327,16740,201,22870,California
Lake,2021-04-22,435,38627,44,11409,391,25739,0,1479,289,6273,146,16886,289,23159,California
Lake,2021-04-23,117,38744,62,11471,55,25794,0,1479,67,6290,50,16936,67,23226,California
Lake,2021-04-24,44,38788,12,11483,32,25826,0,1479,30,6306,14,16950,30,23256,California
Lake,2021-04-25,26,38814,14,11497,12,25838,0,1479,16,6313,9,16959,16,23272,California
Lake,2021-04-26,180,38994,42,11539,138,25976,0,1479,46,6225,134,17093,46,23318,California
Lassen,2020-12-16,8,8,8,8,0,0,0,0,8,8,0,0,8,8,California
Lassen,2020-12-17,6,14,6,14,0,0,0,0,6,14,0,0,6,14,California
Lassen,2020-12-18,1,15,1,15,0,0,0,0,1,15,0,0,1,15,California
Lassen,2020-12-19,5,20,5,20,0,0,0,0,5,20,0,0,5,20,California
Lassen,2020-12-20,2,22,2,22,0,0,0,0,2,22,0,0,2,22,California
Lassen,2020-12-21,11,33,11,33,0,0,0,0,11,33,0,0,11,33,California
Lassen,2020-12-22,23,56,23,56,0,0,0,0,23,56,0,0,23,56,California
Lassen,2020-12-23,6,62,6,62,0,0,0,0,6,62,0,0,6,62,California
Lassen,2020-12-24,11,73,11,73,0,0,0,0,11,73,0,0,11,73,California
Lassen,2020-12-28,3,76,2,75,1,1,0,0,3,76,0,0,3,76,California
Lassen,2020-12-29,35,111,35,110,0,1,0,0,35,111,0,0,35,111,California
Lassen,2020-12-30,37,148,36,146,1,2,0,0,37,148,0,0,37,148,California
Lassen,2020-12-31,49,197,42,188,7,9,0,0,49,197,0,0,49,197,California
Lassen,2021-01-02,1,198,0,188,1,10,0,0,1,198,0,0,1,198,California
Lassen,2021-01-04,15,213,1,189,14,24,0,0,15,213,0,0,15,213,California
Lassen,2021-01-05,194,407,53,242,141,165,0,0,194,407,0,0,194,407,California
Lassen,2021-01-06,93,500,42,284,51,216,0,0,85,485,8,8,86,493,California
Lassen,2021-01-07,43,543,7,291,36,252,0,0,37,516,6,14,37,530,California
Lassen,2021-01-08,50,593,2,293,48,300,0,0,50,566,0,14,50,580,California
Lassen,2021-01-09,12,605,6,299,6,306,0,0,12,578,0,14,12,592,California
Lassen,2021-01-11,27,632,5,304,22,328,0,0,27,605,0,14,27,619,California
Lassen,2021-01-12,49,681,29,333,20,348,0,0,30,616,19,33,30,649,California
Lassen,2021-01-13,161,842,18,351,143,491,0,0,146,747,15,48,146,795,California
Lassen,2021-01-14,163,1005,18,369,145,636,0,0,151,886,12,60,151,946,California
Lassen,2021-01-15,33,1038,6,375,27,663,0,0,33,919,0,60,33,979,California
Lassen,2021-01-16,34,1072,33,408,1,664,0,0,34,953,0,60,34,1013,California
Lassen,2021-01-17,1,1073,0,408,1,665,0,0,1,954,0,60,1,1014,California
Lassen,2021-01-18,5,1078,2,410,3,668,0,0,4,957,1,61,4,1018,California
Lassen,2021-01-19,185,1263,36,446,149,817,0,0,157,1086,28,89,157,1175,California
Lassen,2021-01-20,189,1452,101,547,88,905,0,0,105,1122,69,158,105,1280,California
Lassen,2021-01-21,144,1596,93,640,51,956,0,0,120,1224,18,176,120,1400,California
Lassen,2021-01-22,31,1627,18,658,13,969,0,0,21,1235,10,186,21,1421,California
Lassen,2021-01-23,2,1629,0,658,2,971,0,0,2,1237,0,186,2,1423,California
Lassen,2021-01-24,1,1630,0,658,1,972,0,0,1,1238,0,186,1,1424,California
Lassen,2021-01-25,11,1641,0,658,11,983,0,0,11,1249,0,186,11,1435,California
Lassen,2021-01-26,126,1767,12,670,114,1097,0,0,122,1367,4,190,122,1557,California
Lassen,2021-01-27,85,1852,33,703,52,1149,0,0,69,1420,16,206,69,1626,California
Lassen,2021-01-28,85,1937,14,717,71,1220,0,0,84,1503,1,207,84,1710,California
Lassen,2021-01-29,23,1960,7,724,16,1236,0,0,22,1524,1,208,22,1732,California
Lassen,2021-02-01,62,2022,4,728,58,1294,0,0,36,1534,26,234,36,1768,California
Lassen,2021-02-02,177,2199,12,740,165,1459,0,0,44,1445,133,367,44,1812,California
Lassen,2021-02-03,96,2295,21,761,75,1534,0,0,51,1451,45,412,51,1863,California
Lassen,2021-02-04,112,2407,15,776,97,1631,0,0,63,1465,49,461,63,1926,California
Lassen,2021-02-05,65,2472,12,788,53,1684,0,0,23,1446,42,503,23,1949,California
Lassen,2021-02-06,70,2542,35,823,35,1719,0,0,37,1451,32,535,37,1986,California
Lassen,2021-02-07,2,2544,2,825,0,1719,0,0,2,1453,0,535,2,1988,California
Lassen,2021-02-08,43,2587,4,829,39,1758,0,0,18,1446,25,560,18,2006,California
Lassen,2021-02-09,129,2716,8,837,121,1879,0,0,50,1417,79,639,50,2056,California
Lassen,2021-02-10,183,2899,21,858,162,2041,0,0,75,1384,108,747,75,2131,California
Lassen,2021-02-11,184,3083,16,874,168,2209,0,0,80,1361,103,850,80,2211,California
Lassen,2021-02-12,42,3125,11,885,31,2240,0,0,14,1347,28,878,14,2225,California
Lassen,2021-02-13,11,3136,3,888,8,2248,0,0,9,1354,2,880,9,2234,California
Lassen,2021-02-14,13,3149,0,888,13,2261,0,0,12,1365,1,881,12,2246,California
Lassen,2021-02-15,21,3170,2,890,19,2280,0,0,17,1378,4,885,17,2263,California
Lassen,2021-02-16,192,3362,4,894,188,2468,0,0,31,1250,159,1044,31,2294,California
Lassen,2021-02-17,184,3546,94,988,90,2558,0,0,11,1088,173,1217,11,2305,California
Lassen,2021-02-18,79,3625,22,1010,57,2615,0,0,20,1049,59,1276,20,2325,California
Lassen,2021-02-19,82,3707,62,1072,20,2635,0,0,18,1003,64,1340,18,2343,California
Lassen,2021-02-20,7,3714,0,1072,7,2642,0,0,5,1006,2,1342,5,2348,California
Lassen,2021-02-21,22,3736,2,1074,20,2662,0,0,18,1020,4,1346,18,2366,California
Lassen,2021-02-22,23,3759,8,1082,15,2677,0,0,5,1007,18,1364,5,2371,California
Lassen,2021-02-23,153,3912,10,1092,143,2820,0,0,41,936,112,1476,41,2412,California
Lassen,2021-02-24,166,4078,17,1109,149,2969,0,0,108,987,57,1533,108,2520,California
Lassen,2021-02-25,156,4234,19,1128,137,3106,0,0,99,1029,57,1590,99,2619,California
Lassen,2021-02-26,73,4307,16,1144,57,3163,0,0,36,1028,37,1627,36,2655,California
Lassen,2021-02-27,8,4315,7,1151,1,3164,0,0,3,1026,5,1632,3,2658,California
Lassen,2021-02-28,6,4321,1,1152,5,3169,0,0,3,1026,3,1635,3,2661,California
Lassen,2021-03-01,41,4362,4,1156,37,3206,0,0,8,1001,33,1668,8,2669,California
Lassen,2021-03-02,107,4469,9,1165,98,3304,0,0,80,1054,27,1695,80,2749,California
Lassen,2021-03-03,170,4639,12,1177,158,3462,0,0,113,1110,57,1752,113,2862,California
Lassen,2021-03-04,148,4787,15,1192,133,3595,0,0,98,1159,49,1801,98,2960,California
Lassen,2021-03-05,47,4834,7,1199,17,3612,23,23,11,1157,36,1837,34,2994,California
Lassen,2021-03-06,56,4890,5,1204,29,3641,22,45,6,1135,50,1887,28,3022,California
Lassen,2021-03-07,56,4946,1,1205,0,3641,55,100,1,1136,55,1942,56,3078,California
Lassen,2021-03-08,90,5036,2,1207,8,3649,80,180,3,1133,86,2028,83,3161,California
Lassen,2021-03-09,137,5173,11,1218,109,3758,17,197,88,1190,49,2077,106,3267,California
Lassen,2021-03-10,173,5346,10,1228,162,3920,1,198,79,1177,93,2170,80,3347,California
Lassen,2021-03-11,185,5531,16,1244,162,4082,7,205,113,1228,69,2239,120,3467,California
Lassen,2021-03-12,35,5566,18,1262,13,4095,4,209,12,1221,23,2262,16,3483,California
Lassen,2021-03-13,49,5615,0,1262,3,4098,46,255,1,1219,48,2310,46,3529,California
Lassen,2021-03-14,14,5629,2,1264,11,4109,1,256,2,1210,12,2322,3,3532,California
Lassen,2021-03-15,32,5661,1,1265,31,4140,0,256,16,1210,16,2338,16,3548,California
Lassen,2021-03-16,93,5754,2,1267,85,4225,6,262,75,1273,18,2356,81,3629,California
Lassen,2021-03-17,1086,6840,9,1276,1072,5297,5,267,1066,2324,20,2376,1071,4700,California
Lassen,2021-03-18,95,6935,9,1285,85,5382,1,268,81,2392,14,2390,82,4782,California
Lassen,2021-03-19,17,6952,11,1296,2,5384,4,272,7,2393,10,2400,11,4793,California
Lassen,2021-03-20,28,6980,3,1299,22,5406,3,275,22,2412,6,2406,25,4818,California
Lassen,2021-03-21,34,7014,0,1299,34,5440,0,275,14,2407,19,2425,14,4832,California
Lassen,2021-03-22,57,7071,1,1300,56,5496,0,275,54,2458,3,2428,54,4886,California
Lassen,2021-03-23,117,7188,9,1309,107,5603,1,276,66,2474,51,2479,67,4953,California
Lassen,2021-03-24,212,7400,13,1322,199,5802,0,276,107,2477,104,2583,107,5060,California
Lassen,2021-03-25,151,7551,20,1342,131,5933,0,276,69,2464,82,2665,69,5129,California
Lassen,2021-03-26,78,7629,12,1354,27,5960,39,315,19,2463,59,2724,58,5187,California
Lassen,2021-03-27,20,7649,4,1358,1,5961,15,330,3,2464,17,2741,18,5205,California
Lassen,2021-03-28,18,7667,3,1361,5,5966,10,340,4,2464,14,2755,14,5219,California
Lassen,2021-03-29,52,7719,0,1361,27,5993,25,365,20,2478,31,2786,45,5264,California
Lassen,2021-03-30,198,7917,10,1371,163,6156,25,390,51,2407,147,2933,76,5340,California
Lassen,2021-03-31,146,8063,12,1383,112,6268,22,412,62,2407,84,3017,84,5424,California
Lassen,2021-04-01,166,8229,16,1399,131,6399,19,431,49,2359,116,3133,68,5492,California
Lassen,2021-04-02,29,8258,4,1403,3,6402,22,453,2,2356,27,3160,24,5516,California
Lassen,2021-04-03,12,8270,0,1403,2,6404,10,463,0,2354,12,3172,10,5526,California
Lassen,2021-04-04,7,8277,2,1405,0,6404,5,468,1,2354,6,3178,6,5532,California
Lassen,2021-04-05,23,8300,4,1409,12,6416,7,475,11,2361,11,3189,18,5550,California
Lassen,2021-04-06,183,8483,8,1417,145,6561,30,505,52,2312,131,3320,82,5632,California
Lassen,2021-04-07,135,8618,5,1422,93,6654,37,542,32,2280,103,3423,71,5703,California
Lassen,2021-04-08,169,8787,8,1430,105,6759,56,598,33,2237,132,3555,89,5792,California
Lassen,2021-04-09,52,8839,6,1436,11,6770,35,633,9,2238,42,3597,43,5835,California
Lassen,2021-04-10,9,8848,0,1436,2,6772,7,640,0,2237,8,3605,7,5842,California
Lassen,2021-04-11,5,8853,2,1438,0,6772,3,643,2,2239,3,3608,5,5847,California
Lassen,2021-04-12,25,8878,2,1440,10,6782,13,656,1,2229,24,3632,14,5861,California
Lassen,2021-04-13,129,9007,6,1446,123,6905,0,656,40,2181,88,3720,40,5901,California
Lassen,2021-04-14,986,9993,16,1462,970,7875,0,656,50,1296,935,4655,50,5951,California
Lassen,2021-04-15,147,10140,14,1476,133,8008,0,656,19,1187,128,4783,19,5970,California
Lassen,2021-04-16,11,10151,4,1480,7,8015,0,656,5,1187,6,4789,6,5976,California
Lassen,2021-04-17,24,10175,3,1483,21,8036,0,656,4,1171,20,4809,4,5980,California
Lassen,2021-04-18,5,10180,2,1485,3,8039,0,656,2,1170,3,4812,2,5982,California
Lassen,2021-04-19,32,10212,0,1485,32,8071,0,656,16,1170,16,4828,16,5998,California
Lassen,2021-04-20,133,10345,7,1492,126,8197,0,656,48,1133,85,4913,48,6046,California
Lassen,2021-04-21,160,10505,9,1501,146,8343,5,661,32,1039,126,5039,32,6078,California
Lassen,2021-04-22,91,10596,15,1516,76,8419,0,661,31,1010,60,5099,31,6109,California
Lassen,2021-04-23,30,10626,1,1517,28,8447,1,662,21,1022,9,5108,21,6130,California
Lassen,2021-04-24,10,10636,6,1523,4,8451,0,662,3,1019,6,5114,3,6133,California
Lassen,2021-04-25,4,10640,0,1523,4,8455,0,662,2,1019,2,5116,2,6135,California
Lassen,2021-04-26,30,10670,0,1523,28,8483,2,664,6,1003,24,5140,8,6143,California
Los Angeles,2020-12-15,391,391,391,391,0,0,0,0,391,391,0,0,391,391,California
Los Angeles,2020-12-16,3364,3755,3364,3755,0,0,0,0,3364,3755,0,0,3364,3755,California
Los Angeles,2020-12-17,10229,13984,10229,13984,0,0,0,0,10230,13985,0,0,10230,13985,California
Los Angeles,2020-12-18,14503,28487,14479,28463,24,24,0,0,14503,28488,0,0,14503,28488,California
Los Angeles,2020-12-19,7220,35707,7212,35675,8,32,0,0,7221,35709,0,0,7221,35709,California
Los Angeles,2020-12-20,4583,40290,4576,40251,7,39,0,0,4585,40294,0,0,4585,40294,California
Los Angeles,2020-12-21,13680,53970,13666,53917,14,53,0,0,13681,53974,1,1,13681,53975,California
Los Angeles,2020-12-22,11518,65488,11136,65053,382,435,0,0,11519,65492,1,2,11519,65494,California
Los Angeles,2020-12-23,11876,77364,10123,75176,1753,2188,0,0,11877,77369,0,2,11877,77371,California
Los Angeles,2020-12-24,7011,84375,4245,79421,2766,4954,0,0,7014,84383,0,2,7014,84385,California
Los Angeles,2020-12-25,524,84899,419,79840,105,5059,0,0,524,84907,0,2,524,84909,California
Los Angeles,2020-12-26,2523,87422,2178,82018,345,5404,0,0,2523,87429,1,3,2523,87432,California
Los Angeles,2020-12-27,1757,89179,1027,83045,730,6134,0,0,1757,89186,0,3,1757,89189,California
Los Angeles,2020-12-28,10268,99447,6370,89415,3898,10032,0,0,10266,99451,1,4,10266,99455,California
Los Angeles,2020-12-29,11583,111030,6064,95479,5519,15551,0,0,11585,111036,0,4,11585,111040,California
Los Angeles,2020-12-30,14850,125880,8080,103559,6770,22321,0,0,14849,125885,0,4,14849,125889,California
Los Angeles,2020-12-31,7913,133793,2749,106308,5164,27485,0,0,7911,133795,1,5,7911,133800,California
Los Angeles,2021-01-01,980,134773,265,106573,715,28200,0,0,980,134775,0,5,980,134780,California
Los Angeles,2021-01-02,4444,139217,1650,108223,2794,30994,0,0,4444,139219,0,5,4444,139224,California
Los Angeles,2021-01-03,927,140144,209,108432,718,31712,0,0,926,140144,1,6,926,140150,California
Los Angeles,2021-01-04,12664,152808,4852,113284,7812,39524,0,0,12650,152791,3,9,12650,152800,California
Los Angeles,2021-01-05,15974,168782,7053,120337,8921,48445,0,0,14075,164996,1872,1881,14077,166877,California
Los Angeles,2021-01-06,22498,191280,12049,132386,10449,58894,0,0,16913,176399,5517,7398,16920,183797,California
Los Angeles,2021-01-07,29342,220622,15795,148181,13547,72441,0,0,18853,184819,10444,17842,18864,202661,California
Los Angeles,2021-01-08,33048,253670,17882,166063,15166,87607,0,0,20845,193495,12177,30019,20853,223514,California
Los Angeles,2021-01-09,12340,266010,7062,173125,5278,92885,0,0,7480,196122,4859,34878,7486,231000,California
Los Angeles,2021-01-10,4647,270657,3627,176752,1020,93905,0,0,1920,195316,2727,37605,1921,232921,California
Los Angeles,2021-01-11,25766,296423,16229,192981,9537,103442,0,0,14838,199245,10917,48522,14846,247767,California
Los Angeles,2021-01-12,29190,325613,16066,209047,13124,116566,0,0,19064,208209,10108,58630,19072,266839,California
Los Angeles,2021-01-13,29227,354840,15610,224657,13617,130183,0,0,20291,219586,8919,67549,20296,287135,California
Los Angeles,2021-01-14,29212,384052,12702,237359,16510,146693,0,0,23715,237832,5478,73027,23724,310859,California
Los Angeles,2021-01-15,33754,417806,12337,249696,21417,168110,0,0,30186,264482,3543,76570,30193,341052,California
Los Angeles,2021-01-16,17546,435352,4963,254659,12583,180693,0,0,15768,278484,1770,78340,15772,356824,California
Los Angeles,2021-01-17,5181,440533,2301,256960,2880,183573,0,0,4936,283178,244,78584,4938,361762,California
Los Angeles,2021-01-18,15566,456099,10049,267009,5517,189090,0,0,10863,289352,4691,83275,10865,372627,California
Los Angeles,2021-01-19,38413,494512,20541,287550,17872,206962,0,0,30638,312263,7734,91009,30645,403272,California
Los Angeles,2021-01-20,45546,540058,23724,311274,21822,228784,0,0,38064,342883,7452,98461,38072,441344,California
Los Angeles,2021-01-21,48580,588638,22392,333666,26188,254972,0,0,44322,383022,4197,102658,44336,485680,California
Los Angeles,2021-01-22,47759,636397,22206,355872,25553,280525,0,0,44353,424022,3362,106020,44362,530042,California
Los Angeles,2021-01-23,33928,670325,15695,371567,18233,298758,0,0,31885,453907,2011,108031,31896,561938,California
Los Angeles,2021-01-24,15721,686046,12205,383772,3516,302274,0,0,15172,468538,542,108573,15173,577111,California
Los Angeles,2021-01-25,38630,724676,16394,400166,22236,324510,0,0,30179,490312,8422,116995,30196,607307,California
Los Angeles,2021-01-26,49162,773838,24397,424563,24765,349275,0,0,41005,523211,8124,125119,41023,648330,California
Los Angeles,2021-01-27,48393,822231,25774,450337,22619,371894,0,0,39224,553424,9033,134152,39246,687576,California
Los Angeles,2021-01-28,48478,870709,23062,473399,25416,397310,0,0,40112,585309,8247,142399,40132,727708,California
Los Angeles,2021-01-29,49194,919903,25367,498766,23827,421137,0,0,39157,614810,9686,152085,39187,766895,California
Los Angeles,2021-01-30,29960,949863,15386,514152,14574,435711,0,0,25828,636590,4057,156142,25837,792732,California
Los Angeles,2021-01-31,12993,962856,10359,524511,2634,438345,0,0,12074,647760,907,157049,12077,804809,California
Los Angeles,2021-02-01,37925,1000781,16135,540646,21790,460135,0,0,27686,665246,10209,167258,27695,832504,California
Los Angeles,2021-02-02,44143,1044924,17863,558509,26280,486415,0,0,31996,685136,12109,179367,31999,864503,California
Los Angeles,2021-02-03,51981,1096905,19448,577957,32533,518948,0,0,37321,708036,14427,193794,37327,901830,California
Los Angeles,2021-02-04,57109,1154014,20677,598634,36432,555380,0,0,39081,729407,17721,211515,39092,940922,California
Los Angeles,2021-02-05,61048,1215062,21006,619640,40042,595422,0,0,39226,747235,21404,232919,39232,980154,California
Los Angeles,2021-02-06,35436,1250498,13272,632912,22164,617586,0,0,27033,765959,8330,241249,27054,1007208,California
Los Angeles,2021-02-07,10784,1261282,8372,641284,2412,619998,0,0,8404,772003,2365,243614,8409,1015617,California
Los Angeles,2021-02-08,46664,1307946,21457,662741,25207,645205,0,0,30538,786549,15994,259608,30540,1046157,California
Los Angeles,2021-02-09,55673,1363619,24563,687304,31110,676315,0,0,28365,787677,27243,286851,28371,1074528,California
Los Angeles,2021-02-10,66784,1430403,29352,716656,37432,713747,0,0,30946,783162,35468,322319,30953,1105481,California
Los Angeles,2021-02-11,57898,1488301,30826,747482,27072,740819,0,0,28003,781709,29458,351777,28005,1133486,California
Los Angeles,2021-02-12,59443,1547744,29768,777250,29675,770494,0,0,25948,774510,33163,384940,25964,1159450,California
Los Angeles,2021-02-13,33771,1581515,19604,796854,14167,784661,0,0,15460,771778,18228,403168,15496,1174946,California
Los Angeles,2021-02-14,21856,1603371,14952,811806,6904,791565,0,0,8769,767523,13027,416195,8772,1183718,California
Los Angeles,2021-02-15,32369,1635740,15824,827630,16545,808110,0,0,17766,770751,14544,430739,17772,1201490,California
Los Angeles,2021-02-16,63885,1699625,32462,860092,31423,839533,0,0,29834,766625,33972,464711,29846,1231336,California
Los Angeles,2021-02-17,63905,1763530,34209,894301,29696,869229,0,0,26337,755565,37403,502114,26343,1257679,California
Los Angeles,2021-02-18,67955,1831485,34652,928953,33303,902532,0,0,28587,744966,39195,541309,28596,1286275,California
Los Angeles,2021-02-19,56914,1888399,34967,963920,21947,924479,0,0,28283,744726,28537,569846,28297,1314572,California
Los Angeles,2021-02-20,32066,1920465,23808,987728,8258,932737,0,0,15671,744050,16355,586201,15679,1330251,California
Los Angeles,2021-02-21,16598,1937063,14958,1002686,1640,934377,0,0,8471,744429,8095,594296,8474,1338725,California
Los Angeles,2021-02-22,34214,1971277,24915,1027601,9299,943676,0,0,17704,745705,16438,610734,17714,1356439,California
Los Angeles,2021-02-23,53445,2024722,22667,1050268,30778,974454,0,0,21066,734504,32278,643012,21077,1377516,California
Los Angeles,2021-02-24,63810,2088532,28026,1078294,35784,1010238,0,0,27993,726855,35659,678671,28010,1405526,California
Los Angeles,2021-02-25,73301,2161833,33664,1111958,39637,1049875,0,0,38537,730789,34614,713285,38548,1444074,California
Los Angeles,2021-02-26,82592,2244425,38506,1150464,44086,1093961,0,0,47309,743067,35059,748344,47337,1491411,California
Los Angeles,2021-02-27,58455,2302880,24837,1175301,33614,1127575,4,4,29869,744518,28445,776789,29896,1521307,California
Los Angeles,2021-02-28,26733,2329613,18452,1193753,8280,1135855,1,5,18830,755534,7822,784611,18838,1540145,California
Los Angeles,2021-03-01,55336,2384949,30993,1224746,24329,1160184,14,19,33554,767480,21637,806248,33583,1573728,California
Los Angeles,2021-03-02,70734,2455683,31333,1256079,39399,1199583,2,21,43222,783313,27400,833648,43233,1616961,California
Los Angeles,2021-03-03,81964,2537647,41021,1297100,40936,1240519,7,28,51441,804410,30373,864021,51470,1668431,California
Los Angeles,2021-03-04,88890,2626537,45640,1342740,43240,1283759,10,38,55990,827697,32729,896750,56016,1724447,California
Los Angeles,2021-03-05,87358,2713895,42549,1385289,44785,1328544,24,62,58246,857055,28945,925695,58303,1782750,California
Los Angeles,2021-03-06,65825,2779720,32987,1418276,31030,1359574,1808,1870,42320,877817,23372,949067,44134,1826884,California
Los Angeles,2021-03-07,25608,2805328,19266,1437542,5550,1365124,792,2662,19741,892505,5843,954910,20531,1847415,California
Los Angeles,2021-03-08,51202,2856530,26591,1464133,22674,1387798,1937,4599,38504,920338,12606,967516,40439,1887854,California
Los Angeles,2021-03-09,68537,2925067,26142,1490275,39128,1426926,3267,7866,40901,937006,27495,995011,44163,1932017,California
Los Angeles,2021-03-10,78635,3003702,37143,1527418,36847,1463773,4645,12511,49399,961927,29090,1024101,54011,1986028,California
Los Angeles,2021-03-11,91342,3095044,44451,1571869,40510,1504283,6381,18892,53655,984406,37526,1061627,60005,2046033,California
Los Angeles,2021-03-12,96432,3191476,42732,1614601,39991,1544274,13709,32601,56086,1013985,40174,1101801,69753,2115786,California
Los Angeles,2021-03-13,73578,3265054,34064,1648665,27634,1571908,11880,44481,43762,1039871,29718,1131519,55604,2171390,California
Los Angeles,2021-03-14,37968,3303022,25362,1674027,10196,1582104,2410,46891,25469,1055290,12442,1143961,27861,2199251,California
Los Angeles,2021-03-15,73305,3376327,35434,1709461,32558,1614662,5313,52204,44746,1076948,28388,1172349,50046,2249297,California
Los Angeles,2021-03-16,97837,3474164,42099,1751560,49985,1664647,5753,57957,63859,1112731,33803,1206152,69586,2318883,California
Los Angeles,2021-03-17,94879,3569043,42576,1794136,44116,1708763,8187,66144,63716,1153544,30987,1237139,71800,2390683,California
Los Angeles,2021-03-18,98275,3667318,46908,1841044,46194,1754957,5173,71317,62592,1185859,35438,1272577,67753,2458436,California
Los Angeles,2021-03-19,105016,3772334,54613,1895657,45742,1800699,4661,75978,65239,1216174,39546,1312123,69861,2528297,California
Los Angeles,2021-03-20,74177,3846511,36066,1931723,33856,1834555,4255,80233,51588,1249570,22435,1334558,55831,2584128,California
Los Angeles,2021-03-21,33501,3880012,24724,1956447,7934,1842489,843,81076,21776,1260554,11631,1346189,22615,2606743,California
Los Angeles,2021-03-22,67754,3947766,40130,1996577,25661,1868150,1963,83039,48321,1291609,19226,1365415,50281,2657024,California
Los Angeles,2021-03-23,93267,4041033,50360,2046937,39993,1908143,2914,85953,62025,1325513,31026,1396441,64930,2721954,California
Los Angeles,2021-03-24,101877,4142910,54151,2101088,44861,1953004,2865,88818,60470,1347714,41123,1437564,63324,2785278,California
Los Angeles,2021-03-25,106931,4249841,57204,2158292,46105,1999109,3622,92440,61501,1367642,45181,1482745,65109,2850387,California
Los Angeles,2021-03-26,111438,4361279,60809,2219101,46545,2045654,4084,96524,63517,1387553,47677,1530422,67588,2917975,California
Los Angeles,2021-03-27,80818,4442097,42376,2261477,36329,2081983,2113,98637,42197,1393462,38402,1568824,44311,2962286,California
Los Angeles,2021-03-28,40756,4482853,27259,2288736,12915,2094898,582,99219,20739,1394855,19928,1588752,21321,2983607,California
Los Angeles,2021-03-29,81044,4563897,45743,2334479,33715,2128613,1586,100805,46530,1408621,34348,1623100,48114,3031721,California
Los Angeles,2021-03-30,105913,4669810,49587,2384066,50633,2179246,5693,106498,65314,1439196,40412,1663512,70987,3102708,California
Los Angeles,2021-03-31,119200,4789010,59807,2443873,50907,2230153,8486,114984,70123,1468927,48846,1712358,78577,3181285,California
Los Angeles,2021-04-01,129551,4918561,60465,2504338,54354,2284507,14732,129716,71054,1496410,58263,1770621,85746,3267031,California
Los Angeles,2021-04-02,127591,5046152,56361,2560699,56433,2340940,14797,144513,68855,1521614,58440,1829061,83644,3350675,California
Los Angeles,2021-04-03,95012,5141164,42911,2603610,39101,2380041,13000,157513,47539,1534798,47324,1876385,60508,3411183,California
Los Angeles,2021-04-04,38824,5179988,20282,2623892,11980,2392021,6562,164075,16681,1535938,22085,1898470,23225,3434408,California
Los Angeles,2021-04-05,90378,5270366,43856,2667748,36631,2428652,9891,173966,44521,1544630,45701,1944171,54393,3488801,California
Los Angeles,2021-04-06,119426,5389792,56196,2723944,43185,2471837,20045,194011,55478,1556340,63744,2007915,75454,3564255,California
Los Angeles,2021-04-07,118222,5508014,53858,2777802,43532,2515369,20832,214843,54113,1567330,63889,2071804,74879,3639134,California
Los Angeles,2021-04-08,130142,5638156,57143,2834945,49236,2564605,23763,238606,59412,1579933,70494,2142298,83097,3722231,California
Los Angeles,2021-04-09,128634,5766790,55818,2890763,49392,2613997,23424,262030,55948,1586778,72446,2214744,79291,3801522,California
Los Angeles,2021-04-10,99178,5865968,42135,2932898,33418,2647415,23625,285655,36684,1584730,62295,2277039,60247,3861769,California
Los Angeles,2021-04-11,41084,5907052,22290,2955188,9569,2656984,9225,294880,14307,1581518,26715,2303754,23503,3885272,California
Los Angeles,2021-04-12,77655,5984707,38275,2993463,33194,2690178,6186,301066,32448,1575084,45032,2348786,38598,3923870,California
Los Angeles,2021-04-13,116221,6100928,58712,3052175,57107,2747285,402,301468,61740,1583174,54280,2403066,62370,3986240,California
Los Angeles,2021-04-14,115498,6216426,58548,3110723,56838,2804123,112,301580,63026,1594063,52244,2455310,63133,4049373,California
Los Angeles,2021-04-15,125137,6341563,67869,3178592,57113,2861236,155,301735,71476,1612264,53430,2508740,71631,4121004,California
Los Angeles,2021-04-16,126708,6468271,67823,3246415,58745,2919981,140,301875,67201,1620330,59280,2568020,67346,4188350,California
Los Angeles,2021-04-17,95224,6563495,50377,3296792,44835,2964816,12,301887,54169,1633650,40881,2608901,54201,4242551,California
Los Angeles,2021-04-18,33682,6597177,22318,3319110,11363,2976179,1,301888,18649,1637326,14980,2623881,18656,4261207,California
Los Angeles,2021-04-19,73355,6670532,39213,3358323,34116,3010295,26,301914,32948,1630053,40253,2664134,32980,4294187,California
Los Angeles,2021-04-20,99475,6770007,48725,3407048,50739,3061034,11,301925,49635,1630068,49642,2713776,49657,4343844,California
Los Angeles,2021-04-21,106556,6876563,51608,3458656,54759,3115793,189,302114,47692,1619341,58612,2772388,47885,4391729,California
Los Angeles,2021-04-22,107384,6983947,57124,3515780,50231,3166024,29,302143,47666,1607599,59480,2831868,47738,4439467,California
Los Angeles,2021-04-23,100279,7084226,55735,3571515,44527,3210551,17,302160,46841,1601274,53188,2885056,46863,4486330,California
Los Angeles,2021-04-24,76593,7160819,50486,3622001,26083,3236634,24,302184,43609,1612075,32834,2917890,43635,4529965,California
Los Angeles,2021-04-25,30030,7190849,19065,3641066,10964,3247598,1,302185,15516,1613137,14456,2932346,15518,4545483,California
Los Angeles,2021-04-26,32567,7223416,20209,3661275,12160,3259758,198,302383,17255,1615396,15217,2947563,17476,4562959,California
Madera,2020-12-16,22,22,22,22,0,0,0,0,22,22,0,0,22,22,California
Madera,2020-12-17,13,35,13,35,0,0,0,0,13,35,0,0,13,35,California
Madera,2020-12-18,61,96,61,96,0,0,0,0,61,96,0,0,61,96,California
Madera,2020-12-19,5,101,5,101,0,0,0,0,5,101,0,0,5,101,California
Madera,2020-12-20,14,115,14,115,0,0,0,0,14,115,0,0,14,115,California
Madera,2020-12-21,60,175,60,175,0,0,0,0,60,175,0,0,60,175,California
Madera,2020-12-22,97,272,95,270,2,2,0,0,97,272,0,0,97,272,California
Madera,2020-12-23,68,340,68,338,0,2,0,0,68,340,0,0,68,340,California
Madera,2020-12-24,44,384,39,377,5,7,0,0,44,384,0,0,44,384,California
Madera,2020-12-26,28,412,26,403,2,9,0,0,28,412,0,0,28,412,California
Madera,2020-12-27,30,442,12,415,18,27,0,0,30,442,0,0,30,442,California
Madera,2020-12-28,105,547,36,451,69,96,0,0,105,547,0,0,105,547,California
Madera,2020-12-29,174,721,40,491,134,230,0,0,174,721,0,0,174,721,California
Madera,2020-12-30,218,939,86,577,132,362,0,0,218,939,0,0,218,939,California
Madera,2020-12-31,201,1140,80,657,121,483,0,0,201,1140,0,0,201,1140,California
Madera,2021-01-01,1,1141,1,658,0,483,0,0,1,1141,0,0,1,1141,California
Madera,2021-01-02,89,1230,34,692,55,538,0,0,89,1230,0,0,89,1230,California
Madera,2021-01-03,5,1235,5,697,0,538,0,0,5,1235,0,0,5,1235,California
Madera,2021-01-04,129,1364,65,762,64,602,0,0,129,1364,0,0,129,1364,California
Madera,2021-01-05,279,1643,143,905,136,738,0,0,275,1635,4,4,275,1639,California
Madera,2021-01-06,184,1827,27,932,157,895,0,0,164,1779,20,24,164,1803,California
Madera,2021-01-07,395,2222,113,1045,282,1177,0,0,373,2130,22,46,373,2176,California
Madera,2021-01-08,419,2641,72,1117,347,1524,0,0,364,2441,54,100,365,2541,California
Madera,2021-01-09,37,2678,14,1131,23,1547,0,0,28,2460,9,109,28,2569,California
Madera,2021-01-10,17,2695,14,1145,3,1550,0,0,5,2453,12,121,5,2574,California
Madera,2021-01-11,238,2933,190,1335,48,1598,0,0,195,2605,43,164,195,2769,California
Madera,2021-01-12,390,3323,157,1492,233,1831,0,0,284,2783,106,270,284,3053,California
Madera,2021-01-13,185,3508,91,1583,94,1925,0,0,129,2857,56,326,130,3183,California
Madera,2021-01-14,554,4062,82,1665,472,2397,0,0,520,3343,34,360,520,3703,California
Madera,2021-01-15,599,4661,159,1824,440,2837,0,0,579,3902,20,380,579,4282,California
Madera,2021-01-16,382,5043,47,1871,335,3172,0,0,353,4226,29,409,353,4635,California
Madera,2021-01-17,335,5378,15,1886,320,3492,0,0,331,4553,4,413,331,4966,California
Madera,2021-01-18,76,5454,60,1946,16,3508,0,0,57,4592,18,431,57,5023,California
Madera,2021-01-19,571,6025,135,2081,436,3944,0,0,544,5110,27,458,545,5568,California
Madera,2021-01-20,234,6259,80,2161,154,4098,0,0,206,5289,27,485,206,5774,California
Madera,2021-01-21,237,6496,130,2291,107,4205,0,0,204,5462,31,516,204,5978,California
Madera,2021-01-22,257,6753,83,2374,174,4379,0,0,243,5691,14,530,243,6221,California
Madera,2021-01-23,100,6853,52,2426,48,4427,0,0,76,5743,24,554,76,6297,California
Madera,2021-01-24,101,6954,82,2508,19,4446,0,0,78,5798,23,577,78,6375,California
Madera,2021-01-25,255,7209,124,2632,131,4577,0,0,142,5827,113,690,142,6517,California
Madera,2021-01-26,481,7690,189,2821,292,4869,0,0,292,5933,188,878,294,6811,California
Madera,2021-01-27,737,8427,63,2884,674,5543,0,0,601,6399,136,1014,602,7413,California
Madera,2021-01-28,536,8963,103,2987,433,5976,0,0,433,6729,103,1117,433,7846,California
Madera,2021-01-29,468,9431,95,3082,373,6349,0,0,412,7085,56,1173,412,8258,California
Madera,2021-01-30,504,9935,16,3098,488,6837,0,0,450,7481,54,1227,450,8708,California
Madera,2021-01-31,10,9945,7,3105,3,6840,0,0,9,7489,1,1228,9,8717,California
Madera,2021-02-01,256,10201,72,3177,184,7024,0,0,197,7627,59,1287,197,8914,California
Madera,2021-02-02,252,10453,87,3264,165,7189,0,0,161,7699,90,1377,162,9076,California
Madera,2021-02-03,592,11045,459,3723,133,7322,0,0,473,8056,117,1494,474,9550,California
Madera,2021-02-04,385,11430,120,3843,265,7587,0,0,110,7893,274,1768,111,9661,California
Madera,2021-02-05,974,12404,297,4140,677,8264,0,0,368,7661,601,2369,369,10030,California
Madera,2021-02-06,360,12764,325,4465,35,8299,0,0,321,7944,38,2407,321,10351,California
Madera,2021-02-07,35,12799,7,4472,28,8327,0,0,30,7969,5,2412,30,10381,California
Madera,2021-02-08,382,13181,306,4778,76,8403,0,0,269,8126,112,2524,269,10650,California
Madera,2021-02-09,479,13660,119,4897,360,8763,0,0,197,8045,279,2803,198,10848,California
Madera,2021-02-10,428,14088,148,5045,280,9043,0,0,322,8261,106,2909,322,11170,California
Madera,2021-02-11,936,15024,307,5352,629,9672,0,0,407,8141,528,3437,408,11578,California
Madera,2021-02-12,843,15867,119,5471,724,10396,0,0,310,7927,527,3964,313,11891,California
Madera,2021-02-13,484,16351,44,5515,440,10836,0,0,139,7724,344,4308,141,12032,California
Madera,2021-02-14,400,16751,75,5590,325,11161,0,0,137,7599,263,4571,138,12170,California
Madera,2021-02-15,244,16995,98,5688,146,11307,0,0,175,7706,68,4639,175,12345,California
Madera,2021-02-16,775,17770,183,5871,592,11899,0,0,230,7395,542,5181,231,12576,California
Madera,2021-02-17,608,18378,273,6144,335,12234,0,0,339,7472,264,5445,341,12917,California
Madera,2021-02-18,1297,19675,538,6682,759,12993,0,0,1121,8419,176,5621,1123,14040,California
Madera,2021-02-19,860,20535,545,7227,315,13308,0,0,718,8997,142,5763,720,14760,California
Madera,2021-02-20,1069,21604,978,8205,91,13399,0,0,998,9926,70,5833,999,15759,California
Madera,2021-02-21,965,22569,821,9026,144,13543,0,0,959,10879,6,5839,959,16718,California
Madera,2021-02-22,908,23477,832,9858,76,13619,0,0,854,11679,54,5893,854,17572,California
Madera,2021-02-23,769,24246,497,10355,272,13891,0,0,549,12009,219,6112,549,18121,California
Madera,2021-02-24,906,25152,300,10655,606,14497,0,0,377,11857,529,6641,377,18498,California
Madera,2021-02-25,1020,26172,308,10963,712,15209,0,0,591,12021,427,7068,591,19089,California
Madera,2021-02-26,1070,27242,185,11148,885,16094,0,0,695,12343,373,7441,695,19784,California
Madera,2021-02-27,869,28111,244,11392,625,16719,0,0,446,12372,420,7861,449,20233,California
Madera,2021-02-28,188,28299,29,11421,159,16878,0,0,182,12548,6,7867,182,20415,California
Madera,2021-03-01,371,28670,116,11537,255,17133,0,0,192,12563,177,8044,192,20607,California
Madera,2021-03-02,650,29320,268,11805,382,17515,0,0,538,12990,112,8156,539,21146,California
Madera,2021-03-03,1305,30625,696,12501,609,18124,0,0,906,13524,396,8552,930,22076,California
Madera,2021-03-04,1162,31787,502,13003,660,18784,0,0,920,14204,243,8795,923,22999,California
Madera,2021-03-05,1324,33111,405,13408,907,19691,12,12,1062,15029,260,9055,1085,24084,California
Madera,2021-03-06,803,33914,622,14030,149,19840,32,44,484,15227,319,9374,517,24601,California
Madera,2021-03-07,153,34067,27,14057,104,19944,22,66,103,15302,50,9424,125,24726,California
Madera,2021-03-08,595,34662,335,14392,201,20145,59,125,302,15372,293,9717,363,25089,California
Madera,2021-03-09,448,35110,157,14549,257,20402,34,159,274,15516,172,9889,316,25405,California
Madera,2021-03-10,1130,36240,507,15056,546,20948,77,236,704,15876,422,10311,782,26187,California
Madera,2021-03-11,1655,37895,842,15898,481,21429,332,568,748,16062,905,11216,1091,27278,California
Madera,2021-03-12,1527,39422,778,16676,595,22024,154,722,750,16216,775,11991,929,28207,California
Madera,2021-03-13,1811,41233,1268,17944,345,22369,198,920,746,16113,1063,13054,960,29167,California
Madera,2021-03-14,581,41814,448,18392,101,22470,32,952,293,16152,286,13340,325,29492,California
Madera,2021-03-15,728,42542,213,18605,469,22939,46,998,505,16509,220,13560,577,30069,California
Madera,2021-03-16,820,43362,420,19025,353,23292,47,1045,638,17032,179,13739,702,30771,California
Madera,2021-03-17,1416,44778,934,19959,420,23712,62,1107,862,17500,546,14285,1014,31785,California
Madera,2021-03-18,1870,46648,646,20605,1164,24876,60,1167,909,17600,953,15238,1053,32838,California
Madera,2021-03-19,1494,48142,588,21193,822,25698,84,1251,960,18180,528,15766,1108,33946,California
Madera,2021-03-20,1130,49272,772,21965,307,26005,51,1302,579,18306,550,16316,676,34622,California
Madera,2021-03-21,1071,50343,872,22837,154,26159,45,1347,355,17994,713,17029,401,35023,California
Madera,2021-03-22,1357,51700,852,23689,437,26596,68,1415,685,18120,669,17698,795,35818,California
Madera,2021-03-23,1395,53095,840,24529,464,27060,91,1506,737,18374,656,18354,910,36728,California
Madera,2021-03-24,901,53996,467,24996,403,27463,31,1537,599,18708,300,18654,634,37362,California
Madera,2021-03-25,1122,55118,488,25484,610,28073,24,1561,642,18918,469,19123,679,38041,California
Madera,2021-03-26,1436,56554,508,25992,797,28870,131,1692,675,18972,755,19878,809,38850,California
Madera,2021-03-27,826,57380,527,26519,278,29148,21,1713,371,18915,449,20327,392,39242,California
Madera,2021-03-28,420,57800,136,26655,223,29371,61,1774,230,19069,189,20516,343,39585,California
Madera,2021-03-29,681,58481,178,26833,476,29847,27,1801,492,19406,186,20702,523,40108,California
Madera,2021-03-30,1015,59496,561,27394,422,30269,32,1833,557,19541,455,21157,590,40698,California
Madera,2021-03-31,1313,60809,486,27880,697,30966,130,1963,451,19266,857,22014,582,41280,California
Madera,2021-04-01,1224,62033,535,28415,640,31606,49,2012,437,18969,782,22796,485,41765,California
Madera,2021-04-02,1512,63545,411,28826,1042,32648,59,2071,465,18457,1038,23834,526,42291,California
Madera,2021-04-03,871,64416,681,29507,170,32818,20,2091,379,18375,490,24324,408,42699,California
Madera,2021-04-04,184,64600,65,29572,117,32935,2,2093,85,18363,99,24423,87,42786,California
Madera,2021-04-05,733,65333,254,29826,422,33357,57,2150,340,18382,392,24815,411,43197,California
Madera,2021-04-06,1687,67020,877,30703,462,33819,348,2498,636,18315,1050,25865,983,44180,California
Madera,2021-04-07,1194,68214,371,31074,674,34493,149,2647,452,18182,739,26604,606,44786,California
Madera,2021-04-08,1673,69887,655,31729,767,35260,251,2898,559,17889,1110,27714,817,45603,California
Madera,2021-04-09,1605,71492,670,32399,788,36048,147,3045,940,18319,660,28374,1090,46693,California
Madera,2021-04-10,944,72436,675,33074,202,36250,67,3112,698,18840,245,28619,766,47459,California
Madera,2021-04-11,770,73206,628,33702,65,36315,77,3189,285,18718,483,29102,361,47820,California
Madera,2021-04-12,778,73984,266,33968,434,36749,78,3267,301,18621,477,29579,380,48200,California
Madera,2021-04-13,1233,75217,609,34577,583,37332,41,3308,730,18901,501,30080,781,48981,California
Madera,2021-04-14,1358,76575,837,35414,521,37853,0,3308,573,18698,782,30862,579,49560,California
Madera,2021-04-15,1080,77655,454,35868,625,38478,1,3309,428,18487,641,31503,430,49990,California
Madera,2021-04-16,1259,78914,518,36386,741,39219,0,3309,436,18112,812,32315,437,50427,California
Madera,2021-04-17,1264,80178,1065,37451,199,39418,0,3309,826,18501,437,32752,826,51253,California
Madera,2021-04-18,241,80419,205,37656,36,39454,0,3309,98,18457,142,32894,98,51351,California
Madera,2021-04-19,794,81213,232,37888,561,40015,1,3310,268,18205,521,33415,269,51620,California
Madera,2021-04-20,858,82071,418,38306,440,40455,0,3310,237,17826,618,34033,239,51859,California
Madera,2021-04-21,845,82916,448,38754,397,40852,0,3310,294,17575,547,34580,296,52155,California
Madera,2021-04-22,1048,83964,510,39264,538,41390,0,3310,391,17314,652,35232,391,52546,California
Madera,2021-04-23,872,84836,291,39555,580,41970,1,3311,305,17058,562,35794,306,52852,California
Madera,2021-04-24,640,85476,413,39968,227,42197,0,3311,271,16963,366,36160,271,53123,California
Madera,2021-04-25,191,85667,91,40059,98,42295,2,3313,76,16929,113,36273,79,53202,California
Madera,2021-04-26,151,85818,33,40092,118,42413,0,3313,41,16861,109,36382,41,53243,California
Marin,2020-12-15,2,2,2,2,0,0,0,0,2,2,0,0,2,2,California
Marin,2020-12-16,107,109,107,109,0,0,0,0,107,109,0,0,107,109,California
Marin,2020-12-17,260,369,260,369,0,0,0,0,260,369,0,0,260,369,California
Marin,2020-12-18,372,741,372,741,0,0,0,0,372,741,0,0,372,741,California
Marin,2020-12-19,350,1091,349,1090,1,1,0,0,350,1091,0,0,350,1091,California
Marin,2020-12-20,167,1258,166,1256,1,2,0,0,167,1258,0,0,167,1258,California
Marin,2020-12-21,238,1496,235,1491,3,5,0,0,238,1496,0,0,238,1496,California
Marin,2020-12-22,523,2019,319,1810,204,209,0,0,523,2019,0,0,523,2019,California
Marin,2020-12-23,730,2749,322,2132,408,617,0,0,730,2749,0,0,730,2749,California
Marin,2020-12-24,357,3106,159,2291,198,815,0,0,357,3106,0,0,357,3106,California
Marin,2020-12-25,27,3133,0,2291,27,842,0,0,27,3133,0,0,27,3133,California
Marin,2020-12-26,142,3275,93,2384,49,891,0,0,142,3275,0,0,142,3275,California
Marin,2020-12-27,92,3367,55,2439,37,928,0,0,92,3367,0,0,92,3367,California
Marin,2020-12-28,408,3775,99,2538,309,1237,0,0,408,3775,0,0,408,3775,California
Marin,2020-12-29,401,4176,88,2626,313,1550,0,0,401,4176,0,0,401,4176,California
Marin,2020-12-30,626,4802,388,3014,238,1788,0,0,626,4802,0,0,626,4802,California
Marin,2020-12-31,197,4999,33,3047,164,1952,0,0,197,4999,0,0,197,4999,California
Marin,2021-01-01,14,5013,5,3052,9,1961,0,0,14,5013,0,0,14,5013,California
Marin,2021-01-02,103,5116,97,3149,6,1967,0,0,103,5116,0,0,103,5116,California
Marin,2021-01-03,54,5170,36,3185,18,1985,0,0,51,5167,0,0,51,5167,California
Marin,2021-01-04,292,5462,189,3374,103,2088,0,0,291,5457,1,1,291,5458,California
Marin,2021-01-05,365,5827,222,3596,143,2231,0,0,322,5736,43,44,322,5780,California
Marin,2021-01-06,816,6643,315,3911,501,2732,0,0,640,6200,176,220,640,6420,California
Marin,2021-01-07,888,7531,501,4412,387,3119,0,0,541,6394,347,567,541,6961,California
Marin,2021-01-08,971,8502,515,4927,456,3575,0,0,594,6612,376,943,594,7555,California
Marin,2021-01-09,618,9120,223,5150,395,3970,0,0,487,6968,131,1074,487,8042,California
Marin,2021-01-10,128,9248,99,5249,29,3999,0,0,54,6948,74,1148,54,8096,California
Marin,2021-01-11,468,9716,327,5576,141,4140,0,0,248,6978,220,1368,250,8346,California
Marin,2021-01-12,936,10652,539,6115,397,4537,0,0,566,7177,367,1735,566,8912,California
Marin,2021-01-13,1175,11827,498,6613,677,5214,0,0,937,7876,238,1973,937,9849,California
Marin,2021-01-14,1066,12893,318,6931,748,5962,0,0,916,8644,148,2121,916,10765,California
Marin,2021-01-15,1153,14046,354,7285,799,6761,0,0,1023,9539,129,2250,1024,11789,California
Marin,2021-01-16,1117,15163,914,8199,203,6964,0,0,1043,10508,74,2324,1043,12832,California
Marin,2021-01-17,1233,16396,1114,9313,119,7083,0,0,1205,11689,27,2351,1208,14040,California
Marin,2021-01-18,360,16756,159,9472,201,7284,0,0,309,11947,51,2402,309,14349,California
Marin,2021-01-19,1155,17911,913,10385,242,7526,0,0,983,12759,171,2573,983,15332,California
Marin,2021-01-20,1784,19695,1203,11588,581,8107,0,0,1054,13094,719,3292,1054,16386,California
Marin,2021-01-21,1683,21378,1062,12650,621,8728,0,0,1331,14078,349,3641,1333,17719,California
Marin,2021-01-22,1697,23075,1087,13737,610,9338,0,0,1530,15441,167,3808,1530,19249,California
Marin,2021-01-23,1842,24917,1341,15078,501,9839,0,0,1757,17114,84,3892,1757,21006,California
Marin,2021-01-24,613,25530,166,15244,447,10286,0,0,581,17663,32,3924,581,21587,California
Marin,2021-01-25,1125,26655,227,15471,898,11184,0,0,693,17925,432,4356,694,22281,California
Marin,2021-01-26,1503,28158,780,16251,723,11907,0,0,1124,18671,378,4734,1124,23405,California
Marin,2021-01-27,1698,29856,871,17122,827,12734,0,0,1348,19672,348,5082,1349,24754,California
Marin,2021-01-28,2072,31928,1065,18187,1007,13741,0,0,1809,21220,262,5344,1810,26564,California
Marin,2021-01-29,2191,34119,1444,19631,747,14488,0,0,1987,23017,193,5537,1990,28554,California
Marin,2021-01-30,1722,35841,906,20537,816,15304,0,0,1643,24583,79,5616,1645,30199,California
Marin,2021-01-31,453,36294,316,20853,137,15441,0,0,428,24986,25,5641,428,30627,California
Marin,2021-02-01,1087,37381,416,21269,671,16112,0,0,888,25676,199,5840,889,31516,California
Marin,2021-02-02,1350,38731,462,21731,888,17000,0,0,724,25784,616,6456,724,32240,California
Marin,2021-02-03,1779,40510,428,22159,1351,18351,0,0,1255,26516,523,6979,1255,33495,California
Marin,2021-02-04,1535,42045,512,22671,1023,19374,0,0,935,26854,597,7576,935,34430,California
Marin,2021-02-05,2174,44219,681,23352,1493,20867,0,0,1336,27356,834,8410,1336,35766,California
Marin,2021-02-06,1426,45645,850,24202,576,21443,0,0,603,27137,822,9232,603,36369,California
Marin,2021-02-07,1287,46932,1005,25207,282,21725,0,0,489,26829,797,10029,489,36858,California
Marin,2021-02-08,1517,48449,753,25960,764,22489,0,0,725,26764,790,10819,725,37583,California
Marin,2021-02-09,1782,50231,1122,27082,660,23149,0,0,837,26656,945,11764,837,38420,California
Marin,2021-02-10,2335,52566,1489,28571,846,23995,0,0,1217,26758,1116,12880,1218,39638,California
Marin,2021-02-11,2866,55432,1646,30217,1220,25215,0,0,1453,26805,1408,14288,1455,41093,California
Marin,2021-02-12,3061,58493,1538,31755,1523,26738,0,0,1567,26880,1492,15780,1567,42660,California
Marin,2021-02-13,2332,60825,1242,32997,1090,27828,0,0,1128,26806,1202,16982,1128,43788,California
Marin,2021-02-14,810,61635,301,33298,509,28337,0,0,717,27431,93,17075,718,44506,California
Marin,2021-02-15,1214,62849,356,33654,858,29195,0,0,833,27885,380,17455,834,45340,California
Marin,2021-02-16,2463,65312,1056,34710,1407,30602,0,0,1503,28429,959,18414,1503,46843,California
Marin,2021-02-17,2094,67406,938,35648,1156,31758,0,0,1087,28512,1005,19419,1088,47931,California
Marin,2021-02-18,2414,69820,1580,37228,834,32592,0,0,1062,28223,1351,20770,1062,48993,California
Marin,2021-02-19,2756,72576,2154,39382,602,33194,0,0,1220,27920,1524,22294,1221,50214,California
Marin,2021-02-20,2566,75142,2112,41494,454,33648,0,0,1218,27795,1343,23637,1218,51432,California
Marin,2021-02-21,1281,76423,1089,42583,192,33840,0,0,907,28332,370,24007,907,52339,California
Marin,2021-02-22,1823,78246,1405,43988,418,34258,0,0,1212,28935,609,24616,1212,53551,California
Marin,2021-02-23,2832,81078,1614,45602,1218,35476,0,0,1908,29929,915,25531,1909,55460,California
Marin,2021-02-24,3506,84584,1605,47207,1901,37377,0,0,2254,30939,1245,26776,2255,57715,California
Marin,2021-02-25,3925,88509,1808,49015,2117,39494,0,0,2768,32558,1150,27926,2769,60484,California
Marin,2021-02-26,3481,91990,1880,50895,1601,41095,0,0,2529,34146,941,28867,2529,63013,California
Marin,2021-02-27,2608,94598,1495,52390,1113,42208,0,0,1774,35091,831,29698,1776,64789,California
Marin,2021-02-28,1379,95977,918,53308,461,42669,0,0,1043,35801,333,30031,1043,65832,California
Marin,2021-03-01,2474,98451,1536,54844,938,43607,0,0,1664,36659,806,30837,1664,67496,California
Marin,2021-03-02,2430,100881,1596,56440,833,44440,1,1,1683,37599,744,31581,1684,69180,California
Marin,2021-03-03,4288,105169,2377,58817,1909,46349,2,3,2779,38876,1504,33085,2781,71961,California
Marin,2021-03-04,3340,108509,1646,60463,1693,48042,1,4,2331,40209,1002,34087,2335,74296,California
Marin,2021-03-05,3024,111533,1133,61596,1879,49921,12,16,1775,40750,1246,35333,1787,76083,California
Marin,2021-03-06,3226,114759,2314,63910,833,50754,79,95,2654,42915,567,35900,2732,78815,California
Marin,2021-03-07,1369,116128,1152,65062,193,50947,24,119,980,43534,385,36285,1004,79819,California
Marin,2021-03-08,1872,118000,1367,66429,388,51335,117,236,1407,44596,462,36747,1524,81343,California
Marin,2021-03-09,2098,120098,1217,67646,774,52109,107,343,1425,45457,671,37418,1532,82875,California
Marin,2021-03-10,4397,124495,2457,70103,1660,53769,280,623,3174,47692,1220,38638,3455,86330,California
Marin,2021-03-11,4552,129047,1870,71973,2546,56315,136,759,3263,49809,1282,39920,3399,89729,California
Marin,2021-03-12,3968,133015,1534,73507,2078,58393,356,1115,1560,49327,2397,42317,1915,91644,California
Marin,2021-03-13,4089,137104,2855,76362,1163,59556,71,1186,2418,50142,1669,43986,2484,94128,California
Marin,2021-03-14,2271,139375,1095,77457,1060,60616,116,1302,726,49441,1543,45529,842,94970,California
Marin,2021-03-15,3226,142601,1761,79218,1418,62034,47,1349,1220,48711,1996,47525,1266,96236,California
Marin,2021-03-16,4294,146895,2308,81526,1622,63656,364,1713,1520,47822,2771,50296,1882,98118,California
Marin,2021-03-17,4174,151069,2263,83789,1867,65523,44,1757,2054,47809,2110,52406,2097,100215,California
Marin,2021-03-18,4471,155540,2248,86037,2150,67673,73,1830,2242,47907,2215,54621,2313,102528,California
Marin,2021-03-19,4456,159996,2274,88311,1965,69638,217,2047,2431,48535,2019,56640,2647,105175,California
Marin,2021-03-20,3576,163572,1981,90292,1481,71119,114,2161,2035,49151,1534,58174,2150,107325,California
Marin,2021-03-21,1530,165102,1126,91418,379,71498,25,2186,797,49242,731,58905,822,108147,California
Marin,2021-03-22,2461,167563,2129,93547,167,71665,165,2351,987,48924,1470,60375,1152,109299,California
Marin,2021-03-23,4234,171797,2190,95737,1914,73579,130,2481,1938,48702,2290,62665,2068,111367,California
Marin,2021-03-24,4414,176211,2894,98631,1416,74995,104,2585,1796,47993,2607,65272,1898,113265,California
Marin,2021-03-25,4641,180852,2832,101463,1741,76736,68,2653,2270,47970,2359,67631,2336,115601,California
Marin,2021-03-26,4284,185136,2324,103787,1746,78482,214,2867,2421,48759,1846,69477,2635,118236,California
Marin,2021-03-27,3689,188825,2647,106434,1024,79506,18,2885,1146,47390,2533,72010,1164,119400,California
Marin,2021-03-28,2375,191200,1718,108152,651,80157,6,2891,1100,47227,1269,73279,1106,120506,California
Marin,2021-03-29,2689,193889,2097,110249,567,80724,25,2916,1193,46952,1493,74772,1218,121724,California
Marin,2021-03-30,4652,198541,3649,113898,970,81694,33,2949,3065,48466,1584,76356,3098,124822,California
Marin,2021-03-31,5782,204323,4100,117998,1633,83327,49,2998,2576,47895,3196,79552,2625,127447,California
Marin,2021-04-01,4386,208709,2263,120261,1872,85199,251,3249,2111,47990,2267,81819,2362,129809,California
Marin,2021-04-02,3677,212386,1822,122083,1492,86691,363,3612,1961,48600,1710,83529,2320,132129,California
Marin,2021-04-03,3834,216220,2520,124603,945,87636,369,3981,1465,48075,2359,85888,1834,133963,California
Marin,2021-04-04,1632,217852,1227,125830,201,87837,204,4185,1193,49034,438,86326,1397,135360,California
Marin,2021-04-05,2184,220036,1517,127347,296,88133,371,4556,1259,49740,922,87248,1628,136988,California
Marin,2021-04-06,3932,223968,2102,129449,1283,89416,547,5103,2183,50724,1743,88991,2727,139715,California
Marin,2021-04-07,3899,227867,1966,131415,1295,90711,638,5741,1414,50298,2478,91469,2052,141767,California
Marin,2021-04-08,4988,232855,1950,133365,2432,93143,606,6347,2278,50473,2703,94172,2878,144645,California
Marin,2021-04-09,3935,236790,1529,134894,1682,94825,724,7071,1296,49856,2634,96806,2017,146662,California
Marin,2021-04-10,3181,239971,1460,136354,1288,96113,433,7504,1432,49980,1739,98545,1863,148525,California
Marin,2021-04-11,1056,241027,801,137155,93,96206,162,7666,474,50034,581,99126,635,149160,California
Marin,2021-04-12,1705,242732,1228,138383,341,96547,136,7802,920,50309,782,99908,1057,150217,California
Marin,2021-04-13,3707,246439,2272,140655,1428,97975,7,7809,1350,49319,2347,102255,1357,151574,California
Marin,2021-04-14,4144,250583,2477,143132,1665,99640,2,7811,1704,48591,2433,104688,1705,153279,California
Marin,2021-04-15,5541,256124,3924,147056,1617,101257,0,7811,3179,49423,2348,107036,3180,156459,California
Marin,2021-04-16,4233,260357,2229,149285,2001,103258,3,7814,2064,49333,2157,109193,2067,158526,California
Marin,2021-04-17,3518,263875,2151,151436,1367,104625,0,7814,1759,49338,1754,110947,1759,160285,California
Marin,2021-04-18,3201,267076,3100,154536,101,104726,0,7814,2562,51264,636,111583,2562,162847,California
Marin,2021-04-19,2006,269082,1837,156373,169,104895,0,7814,1160,51583,843,112426,1162,164009,California
Marin,2021-04-20,3695,272777,2556,158929,1139,106034,0,7814,1483,50859,2207,114633,1483,165492,California
Marin,2021-04-21,4012,276789,2949,161878,1061,107095,2,7816,1388,49639,2609,117242,1389,166881,California
Marin,2021-04-22,4111,280900,3101,164979,1010,108105,0,7816,1394,48326,2709,119951,1396,168277,California
Marin,2021-04-23,2790,283690,1478,166457,1312,109417,0,7816,892,47326,1893,121844,893,169170,California
Marin,2021-04-24,1473,285163,782,167239,689,110106,2,7818,693,47248,773,122617,695,169865,California
Marin,2021-04-25,1001,286164,905,168144,96,110202,0,7818,216,46683,781,123398,216,170081,California
Marin,2021-04-26,1059,287223,961,169105,98,110300,0,7818,189,46004,869,124267,190,170271,California
Mariposa,2020-12-17,37,37,37,37,0,0,0,0,39,39,0,0,39,39,California
Mariposa,2020-12-18,56,93,56,93,0,0,0,0,57,96,0,0,57,96,California
Mariposa,2020-12-20,2,95,2,95,0,0,0,0,2,98,0,0,2,98,California
Mariposa,2020-12-21,47,142,47,142,0,0,0,0,52,150,0,0,52,150,California
Mariposa,2020-12-22,5,147,5,147,0,0,0,0,5,155,0,0,5,155,California
Mariposa,2020-12-23,17,164,17,164,0,0,0,0,17,172,0,0,17,172,California
Mariposa,2020-12-24,1,165,0,164,1,1,0,0,0,172,0,0,0,172,California
Mariposa,2020-12-26,1,166,1,165,0,1,0,0,1,173,0,0,1,173,California
Mariposa,2020-12-27,1,167,0,165,1,2,0,0,1,174,0,0,1,174,California
Mariposa,2020-12-28,6,173,3,168,3,5,0,0,6,180,0,0,6,180,California
Mariposa,2020-12-29,33,206,3,171,30,35,0,0,33,213,0,0,33,213,California
Mariposa,2020-12-30,25,231,4,175,21,56,0,0,25,238,0,0,25,238,California
Mariposa,2020-12-31,17,248,0,175,17,73,0,0,17,255,0,0,17,255,California
Mariposa,2021-01-02,2,250,2,177,0,73,0,0,2,257,0,0,2,257,California
Mariposa,2021-01-04,8,258,1,178,7,80,0,0,8,265,0,0,8,265,California
Mariposa,2021-01-05,24,282,14,192,10,90,0,0,14,269,10,10,14,279,California
Mariposa,2021-01-06,6,288,3,195,3,93,0,0,3,269,3,13,3,282,California
Mariposa,2021-01-07,52,340,47,242,5,98,0,0,5,227,47,60,5,287,California
Mariposa,2021-01-08,109,449,80,322,29,127,0,0,34,186,75,135,34,321,California
Mariposa,2021-01-09,1,450,0,322,1,128,0,0,1,187,0,135,1,322,California
Mariposa,2021-01-11,31,481,10,332,21,149,0,0,23,202,8,143,23,345,California
Mariposa,2021-01-12,19,500,4,336,15,164,0,0,15,213,4,147,15,360,California
Mariposa,2021-01-13,21,521,4,340,17,181,0,0,18,228,3,150,18,378,California
Mariposa,2021-01-14,73,594,7,347,66,247,0,0,67,289,6,156,67,445,California
Mariposa,2021-01-15,67,661,27,374,40,287,0,0,57,336,10,166,57,502,California
Mariposa,2021-01-16,14,675,2,376,12,299,0,0,13,348,1,167,13,515,California
Mariposa,2021-01-17,2,677,0,376,2,301,0,0,2,350,0,167,2,517,California
Mariposa,2021-01-18,3,680,3,379,0,301,0,0,1,349,2,169,1,518,California
Mariposa,2021-01-19,8,688,4,383,4,305,0,0,5,352,2,171,5,523,California
Mariposa,2021-01-20,23,711,1,384,22,327,0,0,22,373,1,172,22,545,California
Mariposa,2021-01-21,64,775,8,392,56,383,0,0,59,427,5,177,59,604,California
Mariposa,2021-01-22,55,830,2,394,53,436,0,0,55,482,0,177,55,659,California
Mariposa,2021-01-23,116,946,2,396,114,550,0,0,115,596,1,178,115,774,California
Mariposa,2021-01-24,2,948,2,398,0,550,0,0,2,598,0,178,2,776,California
Mariposa,2021-01-25,4,952,1,399,3,553,0,0,0,594,4,182,0,776,California
Mariposa,2021-01-26,36,988,4,403,32,585,0,0,4,570,32,214,8,784,California
Mariposa,2021-01-27,22,1010,1,404,21,606,0,0,13,574,9,223,13,797,California
Mariposa,2021-01-28,127,1137,3,407,124,730,0,0,113,674,13,236,113,910,California
Mariposa,2021-01-29,84,1221,22,429,62,792,0,0,83,756,1,237,83,993,California
Mariposa,2021-01-30,9,1230,1,430,8,800,0,0,8,763,1,238,8,1001,California
Mariposa,2021-01-31,1,1231,0,430,1,801,0,0,1,764,0,238,1,1002,California
Mariposa,2021-02-01,87,1318,30,460,57,858,0,0,66,809,21,259,66,1068,California
Mariposa,2021-02-02,15,1333,3,463,12,870,0,0,9,812,6,265,9,1077,California
Mariposa,2021-02-03,20,1353,1,464,19,889,0,0,14,820,6,271,14,1091,California
Mariposa,2021-02-04,92,1445,8,472,84,973,0,0,87,904,4,275,88,1179,California
Mariposa,2021-02-05,189,1634,5,477,184,1157,0,0,162,1039,27,302,162,1341,California
Mariposa,2021-02-06,11,1645,4,481,7,1164,0,0,10,1048,1,303,10,1351,California
Mariposa,2021-02-08,40,1685,2,483,38,1202,0,0,21,1050,19,322,21,1372,California
Mariposa,2021-02-09,43,1728,25,508,18,1220,0,0,37,1081,6,328,37,1409,California
Mariposa,2021-02-10,28,1756,5,513,23,1243,0,0,17,1094,10,338,23,1432,California
Mariposa,2021-02-11,373,2129,5,518,368,1611,0,0,360,1443,13,351,362,1794,California
Mariposa,2021-02-12,183,2312,7,525,176,1787,0,0,140,1540,43,394,140,1934,California
Mariposa,2021-02-13,11,2323,3,528,8,1795,0,0,9,1547,2,396,9,1943,California
Mariposa,2021-02-14,8,2331,4,532,4,1799,0,0,5,1549,3,399,5,1948,California
Mariposa,2021-02-15,9,2340,3,535,6,1805,0,0,7,1554,2,401,7,1955,California
Mariposa,2021-02-16,57,2397,34,569,23,1828,0,0,34,1565,23,424,34,1989,California
Mariposa,2021-02-17,36,2433,8,577,28,1856,0,0,27,1585,8,432,28,2017,California
Mariposa,2021-02-18,55,2488,7,584,48,1904,0,0,20,1570,35,467,20,2037,California
Mariposa,2021-02-19,82,2570,3,587,79,1983,0,0,77,1642,5,472,77,2114,California
Mariposa,2021-02-20,251,2821,4,591,247,2230,0,0,222,1836,28,500,222,2336,California
Mariposa,2021-02-21,233,3054,2,593,231,2461,0,0,232,2067,1,501,232,2568,California
Mariposa,2021-02-22,24,3078,7,600,17,2478,0,0,21,2085,3,504,21,2589,California
Mariposa,2021-02-23,42,3120,36,636,6,2484,0,0,25,2093,17,521,25,2614,California
Mariposa,2021-02-24,19,3139,3,639,16,2500,0,0,7,2089,11,532,7,2621,California
Mariposa,2021-02-25,17,3156,8,647,9,2509,0,0,11,2094,6,538,11,2632,California
Mariposa,2021-02-26,421,3577,6,653,415,2924,0,0,360,2394,61,599,361,2993,California
Mariposa,2021-02-27,171,3748,5,658,166,3090,0,0,160,2543,11,610,160,3153,California
Mariposa,2021-02-28,2,3750,1,659,1,3091,0,0,0,2541,2,612,0,3153,California
Mariposa,2021-03-01,81,3831,25,684,56,3147,0,0,16,2493,64,676,16,3169,California
Mariposa,2021-03-02,20,3851,13,697,7,3154,0,0,11,2495,9,685,11,3180,California
Mariposa,2021-03-03,71,3922,5,702,66,3220,0,0,66,2557,5,690,67,3247,California
Mariposa,2021-03-04,32,3954,8,710,24,3244,0,0,20,2565,12,702,20,3267,California
Mariposa,2021-03-05,50,4004,8,718,42,3286,0,0,37,2593,13,715,41,3308,California
Mariposa,2021-03-06,15,4019,6,724,9,3295,0,0,7,2592,8,723,7,3315,California
Mariposa,2021-03-07,1,4020,1,725,0,3295,0,0,0,2591,1,724,0,3315,California
Mariposa,2021-03-08,38,4058,4,729,23,3318,11,11,9,2582,29,753,20,3335,California
Mariposa,2021-03-09,47,4105,18,747,19,3337,10,21,16,2577,31,784,26,3361,California
Mariposa,2021-03-10,30,4135,10,757,10,3347,10,31,10,2577,20,804,20,3381,California
Mariposa,2021-03-11,464,4599,6,763,440,3787,18,49,224,2583,239,1043,245,3626,California
Mariposa,2021-03-12,252,4851,6,769,218,4005,28,77,112,2582,140,1183,139,3765,California
Mariposa,2021-03-13,33,4884,7,776,11,4016,15,92,12,2587,21,1204,26,3791,California
Mariposa,2021-03-14,17,4901,2,778,4,4020,11,103,3,2587,14,1218,14,3805,California
Mariposa,2021-03-15,76,4977,7,785,31,4051,38,141,31,2611,45,1263,69,3874,California
Mariposa,2021-03-16,82,5059,32,817,15,4066,35,176,24,2612,58,1321,59,3933,California
Mariposa,2021-03-17,72,5131,11,828,53,4119,8,184,52,2653,19,1340,60,3993,California
Mariposa,2021-03-18,66,5197,15,843,41,4160,10,194,41,2679,25,1365,51,4044,California
Mariposa,2021-03-19,335,5532,8,851,322,4482,5,199,301,2951,34,1399,306,4350,California
Mariposa,2021-03-20,424,5956,5,856,417,4899,2,201,48,2626,376,1775,51,4401,California
Mariposa,2021-03-21,13,5969,8,864,4,4903,1,202,9,2632,4,1779,10,4411,California
Mariposa,2021-03-22,36,6005,7,871,21,4924,8,210,25,2655,11,1790,34,4445,California
Mariposa,2021-03-23,52,6057,32,903,10,4934,10,220,32,2677,20,1810,42,4487,California
Mariposa,2021-03-24,56,6113,5,908,49,4983,2,222,51,2725,5,1815,53,4540,California
Mariposa,2021-03-25,73,6186,15,923,50,5033,8,230,53,2766,20,1835,61,4601,California
Mariposa,2021-03-26,486,6672,9,932,476,5509,1,231,250,2781,236,2071,251,4852,California
Mariposa,2021-03-27,225,6897,8,940,217,5726,0,231,90,2737,135,2206,91,4943,California
Mariposa,2021-03-28,5,6902,0,940,2,5728,3,234,1,2737,4,2210,4,4947,California
Mariposa,2021-03-29,18,6920,5,945,13,5741,0,234,11,2741,7,2217,11,4958,California
Mariposa,2021-03-30,38,6958,14,959,8,5749,16,250,15,2749,23,2240,31,4989,California
Mariposa,2021-03-31,89,7047,17,976,68,5817,4,254,71,2806,18,2258,75,5064,California
Mariposa,2021-04-01,49,7096,8,984,33,5850,8,262,29,2823,20,2278,37,5101,California
Mariposa,2021-04-02,265,7361,10,994,253,6103,2,264,230,3021,34,2312,232,5333,California
Mariposa,2021-04-03,9,7370,6,1000,3,6106,0,264,4,3020,5,2317,4,5337,California
Mariposa,2021-04-04,2,7372,1,1001,0,6106,1,265,0,3019,2,2319,1,5338,California
Mariposa,2021-04-05,30,7402,22,1023,5,6111,3,268,14,3020,16,2335,17,5355,California
Mariposa,2021-04-06,43,7445,20,1043,7,6118,16,284,13,3020,29,2364,29,5384,California
Mariposa,2021-04-07,31,7476,5,1048,7,6125,19,303,2,3012,29,2393,21,5405,California
Mariposa,2021-04-08,50,7526,13,1061,18,6143,19,322,16,3015,32,2425,35,5440,California
Mariposa,2021-04-09,33,7559,9,1070,12,6155,12,334,10,3014,23,2448,22,5462,California
Mariposa,2021-04-10,15,7574,1,1071,4,6159,10,344,4,3016,11,2459,13,5475,California
Mariposa,2021-04-11,9,7583,4,1075,3,6162,2,346,1,3011,8,2467,3,5478,California
Mariposa,2021-04-12,36,7619,10,1085,24,6186,2,348,8,2993,28,2495,10,5488,California
Mariposa,2021-04-13,55,7674,46,1131,9,6195,0,348,36,3010,19,2514,36,5524,California
Mariposa,2021-04-14,111,7785,6,1137,105,6300,0,348,59,3017,52,2566,59,5583,California
Mariposa,2021-04-15,28,7813,16,1153,12,6312,0,348,14,3020,11,2577,14,5597,California
Mariposa,2021-04-16,59,7872,12,1165,47,6359,0,348,25,3011,34,2611,25,5622,California
Mariposa,2021-04-17,11,7883,6,1171,5,6364,0,348,8,3016,3,2614,8,5630,California
Mariposa,2021-04-18,6,7889,0,1171,6,6370,0,348,3,3016,3,2617,3,5633,California
Mariposa,2021-04-19,54,7943,24,1195,30,6400,0,348,29,3021,24,2641,29,5662,California
Mariposa,2021-04-20,62,8005,49,1244,13,6413,0,348,40,3042,19,2660,40,5702,California
Mariposa,2021-04-21,21,8026,13,1257,8,6421,0,348,10,3042,10,2670,10,5712,California
Mariposa,2021-04-22,44,8070,8,1265,36,6457,0,348,37,3073,6,2676,37,5749,California
Mariposa,2021-04-23,133,8203,68,1333,65,6522,0,348,117,3174,16,2692,117,5866,California
Mariposa,2021-04-24,28,8231,8,1341,20,6542,0,348,23,3193,4,2696,23,5889,California
Mariposa,2021-04-26,3,8234,2,1343,1,6543,0,348,0,3190,3,2699,0,5889,California
Mendocino,2020-12-17,70,70,70,70,0,0,0,0,70,70,0,0,70,70,California
Mendocino,2020-12-18,85,155,84,154,1,1,0,0,84,154,0,0,84,154,California
Mendocino,2020-12-19,4,159,4,158,0,1,0,0,4,158,0,0,4,158,California
Mendocino,2020-12-20,7,166,7,165,0,1,0,0,7,165,0,0,7,165,California
Mendocino,2020-12-21,244,410,244,409,0,1,0,0,77,242,0,0,77,242,California
Mendocino,2020-12-22,250,660,189,598,61,62,0,0,250,492,0,0,250,492,California
Mendocino,2020-12-23,270,930,47,645,223,285,0,0,269,761,0,0,269,761,California
Mendocino,2020-12-24,49,979,8,653,41,326,0,0,49,810,0,0,49,810,California
Mendocino,2020-12-25,1,980,0,653,1,327,0,0,1,811,0,0,1,811,California
Mendocino,2020-12-26,2,982,2,655,0,327,0,0,2,813,0,0,2,813,California
Mendocino,2020-12-27,1,983,0,655,1,328,0,0,1,814,0,0,1,814,California
Mendocino,2020-12-28,74,1057,9,664,65,393,0,0,74,888,0,0,74,888,California
Mendocino,2020-12-29,122,1179,61,725,61,454,0,0,122,1010,0,0,122,1010,California
Mendocino,2020-12-30,123,1302,68,793,55,509,0,0,123,1133,0,0,123,1133,California
Mendocino,2020-12-31,130,1432,95,888,35,544,0,0,130,1263,0,0,130,1263,California
Mendocino,2021-01-01,7,1439,5,893,2,546,0,0,7,1270,0,0,7,1270,California
Mendocino,2021-01-02,1,1440,1,894,0,546,0,0,1,1271,0,0,1,1271,California
Mendocino,2021-01-04,840,2280,19,913,821,1367,0,0,840,2111,0,0,840,2111,California
Mendocino,2021-01-05,71,2351,35,948,36,1403,0,0,58,2156,13,13,58,2169,California
Mendocino,2021-01-06,151,2502,129,1077,22,1425,0,0,141,2287,10,23,141,2310,California
Mendocino,2021-01-07,355,2857,235,1312,120,1545,0,0,292,2516,63,86,292,2602,California
Mendocino,2021-01-08,95,2952,82,1394,13,1558,0,0,41,2504,54,140,42,2644,California
Mendocino,2021-01-09,10,2962,6,1400,4,1562,0,0,8,2510,2,142,8,2652,California
Mendocino,2021-01-10,8,2970,8,1408,0,1562,0,0,1,2504,7,149,1,2653,California
Mendocino,2021-01-11,101,3071,92,1500,9,1571,0,0,43,2490,57,206,43,2696,California
Mendocino,2021-01-12,386,3457,376,1876,10,1581,0,0,270,2644,116,322,270,2966,California
Mendocino,2021-01-13,483,3940,145,2021,338,1919,0,0,442,3048,39,361,443,3409,California
Mendocino,2021-01-14,636,4576,20,2041,616,2535,0,0,627,3666,9,370,627,4036,California
Mendocino,2021-01-15,1856,6432,858,2899,998,3533,0,0,1852,5514,4,374,1852,5888,California
Mendocino,2021-01-16,791,7223,50,2949,741,4274,0,0,789,6301,2,376,789,6677,California
Mendocino,2021-01-17,554,7777,1,2950,553,4827,0,0,553,6853,1,377,553,7230,California
Mendocino,2021-01-18,488,8265,463,3413,25,4852,0,0,476,7317,12,389,476,7706,California
Mendocino,2021-01-19,332,8597,147,3560,185,5037,0,0,156,7297,176,565,156,7862,California
Mendocino,2021-01-20,552,9149,405,3965,147,5184,0,0,446,7640,104,669,447,8309,California
Mendocino,2021-01-21,535,9684,222,4187,313,5497,0,0,351,7808,183,852,351,8660,California
Mendocino,2021-01-22,149,9833,58,4245,91,5588,0,0,110,7879,39,891,110,8770,California
Mendocino,2021-01-23,155,9988,83,4328,72,5660,0,0,149,8022,6,897,149,8919,California
Mendocino,2021-01-24,5,9993,3,4331,2,5662,0,0,5,8027,0,897,5,8924,California
Mendocino,2021-01-25,191,10184,18,4349,173,5835,0,0,121,8078,70,967,121,9045,California
Mendocino,2021-01-26,157,10341,57,4406,100,5935,0,0,96,8113,61,1028,96,9141,California
Mendocino,2021-01-27,432,10773,362,4768,70,6005,0,0,174,8036,251,1279,174,9315,California
Mendocino,2021-01-28,585,11358,521,5289,64,6069,0,0,491,8433,94,1373,491,9806,California
Mendocino,2021-01-29,391,11749,350,5639,41,6110,0,0,362,8767,29,1402,363,10169,California
Mendocino,2021-01-30,48,11797,30,5669,18,6128,0,0,41,8801,7,1409,41,10210,California
Mendocino,2021-01-31,273,12070,2,5671,271,6399,0,0,3,8534,270,1679,3,10213,California
Mendocino,2021-02-01,381,12451,53,5724,328,6727,0,0,58,8269,323,2002,58,10271,California
Mendocino,2021-02-02,721,13172,502,6226,219,6946,0,0,363,8274,358,2360,363,10634,California
Mendocino,2021-02-03,391,13563,206,6432,185,7131,0,0,221,8327,168,2528,221,10855,California
Mendocino,2021-02-04,624,14187,528,6960,96,7227,0,0,500,8703,124,2652,500,11355,California
Mendocino,2021-02-05,1298,15485,1211,8171,87,7314,0,0,584,8574,713,3365,584,11939,California
Mendocino,2021-02-06,559,16044,158,8329,401,7715,0,0,544,9103,15,3380,544,12483,California
Mendocino,2021-02-07,32,16076,28,8357,4,7719,0,0,32,9135,0,3380,32,12515,California
Mendocino,2021-02-08,745,16821,714,9071,31,7750,0,0,284,8958,461,3841,284,12799,California
Mendocino,2021-02-09,141,16962,58,9129,83,7833,0,0,89,8995,52,3893,89,12888,California
Mendocino,2021-02-10,1480,18442,920,10049,560,8393,0,0,740,9001,734,4627,740,13628,California
Mendocino,2021-02-11,1133,19575,208,10257,925,9318,0,0,284,8436,849,5476,284,13912,California
Mendocino,2021-02-12,1401,20976,158,10415,1243,10561,0,0,636,8308,764,6240,636,14548,California
Mendocino,2021-02-13,496,21472,12,10427,484,11045,0,0,103,8024,392,6632,108,14656,California
Mendocino,2021-02-14,694,22166,3,10430,691,11736,0,0,134,7598,560,7192,134,14790,California
Mendocino,2021-02-15,329,22495,43,10473,286,12022,0,0,174,7617,155,7347,174,14964,California
Mendocino,2021-02-16,201,22696,51,10524,150,12172,0,0,131,7678,70,7417,131,15095,California
Mendocino,2021-02-17,1349,24045,1187,11711,162,12334,0,0,877,8085,470,7887,877,15972,California
Mendocino,2021-02-18,1780,25825,639,12350,1141,13475,0,0,1215,8736,564,8451,1215,17187,California
Mendocino,2021-02-19,749,26574,146,12496,603,14078,0,0,610,9207,139,8590,610,17797,California
Mendocino,2021-02-20,570,27144,544,13040,26,14104,0,0,540,9719,28,8618,540,18337,California
Mendocino,2021-02-21,326,27470,6,13046,320,14424,0,0,314,10022,11,8629,314,18651,California
Mendocino,2021-02-22,162,27632,30,13076,132,14556,0,0,70,10001,91,8720,70,18721,California
Mendocino,2021-02-23,673,28305,661,13737,12,14568,0,0,611,10551,61,8781,611,19332,California
Mendocino,2021-02-24,1838,30143,1759,15496,79,14647,0,0,1429,11577,405,9186,1431,20763,California
Mendocino,2021-02-25,1702,31845,531,16027,1171,15818,0,0,1284,12444,417,9603,1284,22047,California
Mendocino,2021-02-26,1400,33245,747,16774,653,16471,0,0,1037,13120,361,9964,1037,23084,California
Mendocino,2021-02-27,199,33444,151,16925,48,16519,0,0,76,13074,122,10086,76,23160,California
Mendocino,2021-02-28,34,33478,12,16937,22,16541,0,0,23,13086,11,10097,23,23183,California
Mendocino,2021-03-01,576,34054,533,17470,43,16584,0,0,539,13588,37,10134,539,23722,California
Mendocino,2021-03-02,70,34124,24,17494,46,16630,0,0,41,13601,28,10162,41,23763,California
Mendocino,2021-03-03,1704,35828,1326,18820,378,17008,0,0,1074,14047,628,10790,1074,24837,California
Mendocino,2021-03-04,1769,37597,147,18967,1622,18630,0,0,1552,15385,215,11005,1553,26390,California
Mendocino,2021-03-05,206,37803,145,19112,52,18682,9,9,117,15424,87,11092,126,26516,California
Mendocino,2021-03-06,242,38045,20,19132,197,18879,25,34,201,15610,40,11132,226,26742,California
Mendocino,2021-03-07,504,38549,7,19139,477,19356,20,54,117,15360,386,11518,136,26878,California
Mendocino,2021-03-08,124,38673,29,19168,59,19415,36,90,64,15402,58,11576,100,26978,California
Mendocino,2021-03-09,444,39117,227,19395,176,19591,41,131,349,15697,95,11671,390,27368,California
Mendocino,2021-03-10,1107,40224,978,20373,64,19655,65,196,267,15195,837,12508,335,27703,California
Mendocino,2021-03-11,820,41044,611,20984,156,19811,53,249,394,15218,424,12932,447,28150,California
Mendocino,2021-03-12,2015,43059,1029,22013,892,20703,94,343,1210,15724,798,13730,1304,29454,California
Mendocino,2021-03-13,653,43712,524,22537,72,20775,57,400,96,15324,553,14283,153,29607,California
Mendocino,2021-03-14,103,43815,2,22539,94,20869,7,407,11,15253,89,14372,18,29625,California
Mendocino,2021-03-15,596,44411,51,22590,488,21357,57,464,208,15131,387,14759,265,29890,California
Mendocino,2021-03-16,571,44982,374,22964,152,21509,45,509,139,14885,430,15189,184,30074,California
Mendocino,2021-03-17,1562,46544,1359,24323,56,21565,147,656,214,13908,1345,16534,368,30442,California
Mendocino,2021-03-18,1307,47851,248,24571,1021,22586,38,694,284,13214,1015,17549,321,30763,California
Mendocino,2021-03-19,1756,49607,857,25428,838,23424,61,755,334,12193,1418,18967,397,31160,California
Mendocino,2021-03-20,69,49676,11,25439,37,23461,21,776,13,12171,56,19023,34,31194,California
Mendocino,2021-03-21,8,49684,1,25440,2,23463,5,781,3,12174,5,19028,8,31202,California
Mendocino,2021-03-22,624,50308,580,26020,15,23478,29,810,146,11874,474,19502,174,31376,California
Mendocino,2021-03-23,166,50474,33,26053,103,23581,30,840,116,11970,50,19552,146,31522,California
Mendocino,2021-03-24,910,51384,839,26892,24,23605,47,887,115,11339,793,20345,162,31684,California
Mendocino,2021-03-25,1984,53368,50,26942,1915,25520,19,906,173,9722,1808,22153,191,31875,California
Mendocino,2021-03-26,505,53873,357,27299,123,25643,25,931,323,9888,182,22335,348,32223,California
Mendocino,2021-03-27,141,54014,12,27311,118,25761,11,942,82,9922,58,22393,92,32315,California
Mendocino,2021-03-28,26,54040,5,27316,17,25778,4,946,4,9908,22,22415,8,32323,California
Mendocino,2021-03-29,186,54226,97,27413,47,25825,42,988,95,9954,91,22506,137,32460,California
Mendocino,2021-03-30,682,54908,597,28010,48,25873,37,1025,415,10140,266,22772,452,32912,California
Mendocino,2021-03-31,863,55771,270,28280,534,26407,59,1084,409,10156,452,23224,468,33380,California
Mendocino,2021-04-01,1703,57474,393,28673,1232,27639,78,1162,378,9293,1318,24542,455,33835,California
Mendocino,2021-04-02,1282,58756,1054,29727,155,27794,73,1235,223,8533,1056,25598,296,34131,California
Mendocino,2021-04-03,703,59459,7,29734,675,28469,21,1256,87,8029,612,26210,108,34239,California
Mendocino,2021-04-04,69,59528,34,29768,29,28498,6,1262,54,8074,15,26225,60,34299,California
Mendocino,2021-04-05,209,59737,141,29909,44,28542,24,1286,129,8145,80,26305,151,34450,California
Mendocino,2021-04-06,382,60119,121,30030,180,28722,81,1367,106,8056,276,26581,187,34637,California
Mendocino,2021-04-07,475,60594,169,30199,63,28785,243,1610,114,8053,359,26940,356,34993,California
Mendocino,2021-04-08,1483,62077,910,31109,459,29244,114,1724,996,8682,482,27422,1111,36104,California
Mendocino,2021-04-09,750,62827,426,31535,170,29414,154,1878,395,8877,354,27776,549,36653,California
Mendocino,2021-04-10,386,63213,90,31625,251,29665,45,1923,192,8920,194,27970,237,36890,California
Mendocino,2021-04-11,121,63334,47,31672,18,29683,56,1979,58,8971,63,28033,114,37004,California
Mendocino,2021-04-12,615,63949,510,32182,46,29729,59,2038,411,9237,204,28237,470,37474,California
Mendocino,2021-04-13,286,64235,224,32406,62,29791,0,2038,220,9391,66,28303,220,37694,California
Mendocino,2021-04-14,509,64744,420,32826,89,29880,0,2038,408,9698,101,28404,408,38102,California
Mendocino,2021-04-15,653,65397,325,33151,328,30208,0,2038,394,9837,255,28659,394,38496,California
Mendocino,2021-04-16,120,65517,48,33199,72,30280,0,2038,72,9862,47,28706,72,38568,California
Mendocino,2021-04-17,195,65712,11,33210,184,30464,0,2038,70,9808,124,28830,70,38638,California
Mendocino,2021-04-18,7,65719,2,33212,5,30469,0,2038,4,9809,3,28833,4,38642,California
Mendocino,2021-04-19,513,66232,488,33700,25,30494,0,2038,433,10163,79,28912,433,39075,California
Mendocino,2021-04-20,391,66623,264,33964,127,30621,0,2038,262,10296,129,29041,262,39337,California
Mendocino,2021-04-21,163,66786,111,34075,52,30673,0,2038,108,10350,54,29095,108,39445,California
Mendocino,2021-04-22,452,67238,289,34364,163,30836,0,2038,320,10539,131,29226,320,39765,California
Mendocino,2021-04-23,703,67941,616,34980,87,30923,0,2038,600,11037,102,29328,600,40365,California
Mendocino,2021-04-24,57,67998,8,34988,49,30972,0,2038,54,11088,3,29331,54,40419,California
Mendocino,2021-04-25,46,68044,24,35012,19,30991,3,2041,19,11083,27,29358,22,40441,California
Mendocino,2021-04-26,34,68078,19,35031,15,31006,0,2041,17,11083,17,29375,17,40458,California
Merced,2020-12-16,3,3,3,3,0,0,0,0,3,3,0,0,3,3,California
Merced,2020-12-17,5,8,5,8,0,0,0,0,5,8,0,0,5,8,California
Merced,2020-12-18,145,153,145,153,0,0,0,0,145,153,0,0,145,153,California
Merced,2020-12-19,39,192,39,192,0,0,0,0,39,192,0,0,39,192,California
Merced,2020-12-20,17,209,17,209,0,0,0,0,17,209,0,0,17,209,California
Merced,2020-12-21,126,335,123,332,3,3,0,0,126,335,0,0,126,335,California
Merced,2020-12-22,153,488,153,485,0,3,0,0,153,488,0,0,153,488,California
Merced,2020-12-23,248,736,242,727,6,9,0,0,248,736,0,0,248,736,California
Merced,2020-12-24,71,807,71,798,0,9,0,0,71,807,0,0,71,807,California
Merced,2020-12-25,4,811,4,802,0,9,0,0,4,811,0,0,4,811,California
Merced,2020-12-26,6,817,3,805,3,12,0,0,6,817,0,0,6,817,California
Merced,2020-12-27,12,829,11,816,1,13,0,0,12,829,0,0,12,829,California
Merced,2020-12-28,122,951,98,914,24,37,0,0,122,951,0,0,122,951,California
Merced,2020-12-29,178,1129,123,1037,55,92,0,0,178,1129,0,0,178,1129,California
Merced,2020-12-30,215,1344,89,1126,126,218,0,0,215,1344,0,0,215,1344,California
Merced,2020-12-31,101,1445,34,1160,67,285,0,0,101,1445,0,0,101,1445,California
Merced,2021-01-01,2,1447,0,1160,2,287,0,0,2,1447,0,0,2,1447,California
Merced,2021-01-02,127,1574,117,1277,10,297,0,0,127,1574,0,0,127,1574,California
Merced,2021-01-03,9,1583,5,1282,4,301,0,0,9,1583,0,0,9,1583,California
Merced,2021-01-04,79,1662,41,1323,38,339,0,0,79,1662,0,0,79,1662,California
Merced,2021-01-05,317,1979,230,1553,87,426,0,0,311,1969,6,6,313,1975,California
Merced,2021-01-06,247,2226,98,1651,149,575,0,0,241,2204,6,12,241,2216,California
Merced,2021-01-07,183,2409,79,1730,104,679,0,0,173,2366,11,23,173,2389,California
Merced,2021-01-08,524,2933,393,2123,131,810,0,0,372,2587,151,174,372,2761,California
Merced,2021-01-09,23,2956,10,2133,13,823,0,0,17,2598,6,180,17,2778,California
Merced,2021-01-10,10,2966,6,2139,4,827,0,0,6,2600,4,184,6,2784,California
Merced,2021-01-11,224,3190,167,2306,57,884,0,0,101,2579,123,307,102,2886,California
Merced,2021-01-12,279,3469,156,2462,123,1007,0,0,229,2757,51,358,229,3115,California
Merced,2021-01-13,370,3839,173,2635,197,1204,0,0,220,2829,150,508,222,3337,California
Merced,2021-01-14,324,4163,200,2835,124,1328,0,0,159,2825,164,672,160,3497,California
Merced,2021-01-15,564,4727,125,2960,439,1767,0,0,526,3314,39,711,528,4025,California
Merced,2021-01-16,201,4928,122,3082,79,1846,0,0,196,3505,5,716,196,4221,California
Merced,2021-01-17,49,4977,12,3094,37,1883,0,0,48,3552,1,717,48,4269,California
Merced,2021-01-18,258,5235,126,3220,132,2015,0,0,236,3769,22,739,239,4508,California
Merced,2021-01-19,700,5935,578,3798,122,2137,0,0,530,4133,170,909,534,5042,California
Merced,2021-01-20,571,6506,466,4264,105,2242,0,0,515,4595,56,965,518,5560,California
Merced,2021-01-21,1003,7509,643,4907,360,2602,0,0,904,5403,99,1064,907,6467,California
Merced,2021-01-22,1297,8806,681,5588,616,3218,0,0,1271,6660,26,1090,1283,7750,California
Merced,2021-01-23,305,9111,183,5771,122,3340,0,0,200,6755,105,1195,200,7950,California
Merced,2021-01-24,32,9143,14,5785,18,3358,0,0,23,6770,8,1203,23,7973,California
Merced,2021-01-25,727,9870,242,6027,485,3843,0,0,667,7378,59,1262,667,8640,California
Merced,2021-01-26,906,10776,478,6505,428,4271,0,0,669,7838,210,1472,670,9310,California
Merced,2021-01-27,976,11752,583,7088,393,4664,0,0,814,8492,160,1632,814,10124,California
Merced,2021-01-28,1135,12887,591,7679,544,5208,0,0,1016,9390,119,1751,1017,11141,California
Merced,2021-01-29,845,13732,321,8000,524,5732,0,0,601,9756,237,1988,603,11744,California
Merced,2021-01-30,258,13990,27,8027,231,5963,0,0,243,9984,15,2003,243,11987,California
Merced,2021-01-31,45,14035,10,8037,35,5998,0,0,44,10027,1,2004,44,12031,California
Merced,2021-02-01,371,14406,52,8089,319,6317,0,0,324,10305,46,2050,324,12355,California
Merced,2021-02-02,290,14696,178,8267,112,6429,0,0,171,10360,117,2167,172,12527,California
Merced,2021-02-03,349,15045,71,8338,278,6707,0,0,169,10349,180,2347,169,12696,California
Merced,2021-02-04,369,15414,146,8484,223,6930,0,0,241,10464,127,2474,242,12938,California
Merced,2021-02-05,515,15929,174,8658,341,7271,0,0,275,10502,239,2713,277,13215,California
Merced,2021-02-06,388,16317,218,8876,170,7441,0,0,245,10606,142,2855,246,13461,California
Merced,2021-02-07,20,16337,12,8888,8,7449,0,0,13,10612,7,2862,13,13474,California
Merced,2021-02-08,278,16615,197,9085,81,7530,0,0,170,10675,108,2970,171,13645,California
Merced,2021-02-09,1211,17826,952,10037,259,7789,0,0,777,11027,426,3396,778,14423,California
Merced,2021-02-10,1848,19674,1431,11468,417,8206,0,0,1271,11729,569,3965,1271,15694,California
Merced,2021-02-11,2492,22166,1999,13467,493,8699,0,0,1811,12867,673,4638,1811,17505,California
Merced,2021-02-12,1709,23875,1011,14478,698,9397,0,0,752,12671,949,5587,753,18258,California
Merced,2021-02-13,355,24230,200,14678,155,9552,0,0,262,12843,92,5679,264,18522,California
Merced,2021-02-14,116,24346,26,14704,90,9642,0,0,95,12918,21,5700,96,18618,California
Merced,2021-02-15,272,24618,40,14744,232,9874,0,0,169,12990,98,5798,170,18788,California
Merced,2021-02-16,1208,25826,840,15584,368,10242,0,0,838,13477,353,6151,840,19628,California
Merced,2021-02-17,1869,27695,1626,17210,243,10485,0,0,1309,14241,547,6698,1311,20939,California
Merced,2021-02-18,1198,28893,809,18019,389,10874,0,0,396,13855,782,7480,396,21335,California
Merced,2021-02-19,1252,30145,405,18424,847,11721,0,0,529,13669,717,8197,531,21866,California
Merced,2021-02-20,274,30419,31,18455,243,11964,0,0,140,13677,132,8329,140,22006,California
Merced,2021-02-21,73,30492,59,18514,14,11978,0,0,29,13662,44,8373,29,22035,California
Merced,2021-02-22,825,31317,292,18806,533,12511,0,0,480,13798,344,8717,480,22515,California
Merced,2021-02-23,1070,32387,414,19220,656,13167,0,0,631,13994,435,9152,631,23146,California
Merced,2021-02-24,815,33202,303,19523,512,13679,0,0,446,14081,360,9512,447,23593,California
Merced,2021-02-25,1749,34951,860,20383,889,14568,0,0,1299,14935,447,9959,1301,24894,California
Merced,2021-02-26,2125,37076,1359,21742,766,15334,0,0,1717,16247,406,10365,1718,26612,California
Merced,2021-02-27,2501,39577,1087,22829,1413,16747,1,1,2217,18181,283,10648,2217,28829,California
Merced,2021-02-28,299,39876,72,22901,227,16974,0,1,251,18388,44,10692,251,29080,California
Merced,2021-03-01,1106,40982,277,23178,829,17803,0,1,771,18831,328,11020,771,29851,California
Merced,2021-03-02,1704,42686,863,24041,840,18643,1,2,1321,19775,378,11398,1322,31173,California
Merced,2021-03-03,2200,44886,1717,25758,482,19125,1,3,1448,20487,737,12135,1449,32622,California
Merced,2021-03-04,2874,47760,2263,28021,609,19734,2,5,1909,21451,948,13083,1912,34534,California
Merced,2021-03-05,2052,49812,1184,29205,845,20579,23,28,1516,22467,524,13607,1540,36074,California
Merced,2021-03-06,1149,50961,648,29853,479,21058,22,50,895,23131,253,13860,917,36991,California
Merced,2021-03-07,224,51185,62,29915,137,21195,25,75,195,23322,29,13889,220,37211,California
Merced,2021-03-08,1213,52398,618,30533,530,21725,65,140,1003,24180,209,14098,1067,38278,California
Merced,2021-03-09,1673,54071,991,31524,576,22301,106,246,1087,24793,581,14679,1194,39472,California
Merced,2021-03-10,2676,56747,1855,33379,621,22922,200,446,1609,25552,1055,15734,1814,41286,California
Merced,2021-03-11,1825,58572,615,33994,1004,23926,206,652,1218,26402,596,16330,1446,42732,California
Merced,2021-03-12,2179,60751,889,34883,1021,24947,269,921,1471,27449,705,17035,1752,44484,California
Merced,2021-03-13,721,61472,310,35193,169,25116,242,1163,415,27809,298,17333,658,45142,California
Merced,2021-03-14,248,61720,135,35328,83,25199,30,1193,150,27893,97,17430,181,45323,California
Merced,2021-03-15,1487,63207,489,35817,745,25944,253,1446,974,28614,505,17935,1226,46549,California
Merced,2021-03-16,1421,64628,680,36497,518,26462,223,1669,942,29307,470,18405,1163,47712,California
Merced,2021-03-17,1926,66554,1029,37526,719,27181,178,1847,1483,30534,436,18841,1663,49375,California
Merced,2021-03-18,1985,68539,1125,38651,714,27895,146,1993,1371,31457,606,19447,1529,50904,California
Merced,2021-03-19,2651,71190,1444,40095,1014,28909,193,2186,1378,31766,1264,20711,1573,52477,California
Merced,2021-03-20,2357,73547,1435,41530,533,29442,389,2575,938,31680,1417,22128,1331,53808,California
Merced,2021-03-21,556,74103,342,41872,201,29643,13,2588,437,32013,119,22247,452,54260,California
Merced,2021-03-22,1261,75364,628,42500,557,30200,76,2664,890,32616,364,22611,967,55227,California
Merced,2021-03-23,1809,77173,1090,43590,655,30855,64,2728,1335,33545,471,23082,1400,56627,California
Merced,2021-03-24,1311,78484,792,44382,485,31340,34,2762,891,34057,413,23495,925,57552,California
Merced,2021-03-25,3279,81763,2253,46635,1005,32345,21,2783,2061,34931,1210,24705,2084,59636,California
Merced,2021-03-26,1906,83669,1068,47703,804,33149,34,2817,881,34829,1017,25722,915,60551,California
Merced,2021-03-27,2848,86517,1600,49303,1191,34340,57,2874,1223,34494,1615,27337,1280,61831,California
Merced,2021-03-28,510,87027,211,49514,292,34632,7,2881,212,34418,297,27634,221,62052,California
Merced,2021-03-29,1564,88591,543,50057,860,35492,161,3042,657,34339,901,28535,822,62874,California
Merced,2021-03-30,2062,90653,783,50840,1220,36712,59,3101,922,34185,1135,29670,981,63855,California
Merced,2021-03-31,2097,92750,1394,52234,669,37381,34,3135,938,34013,1144,30814,972,64827,California
Merced,2021-04-01,2000,94750,886,53120,1007,38388,107,3242,844,33818,1148,31962,953,65780,California
Merced,2021-04-02,2245,96995,606,53726,1237,39625,402,3644,708,33409,1522,33484,1113,66893,California
Merced,2021-04-03,727,97722,342,54068,375,40000,10,3654,332,33359,394,33878,344,67237,California
Merced,2021-04-04,366,98088,141,54209,221,40221,4,3658,142,33284,223,34101,148,67385,California
Merced,2021-04-05,1206,99294,552,54761,444,40665,210,3868,395,33079,809,34910,604,67989,California
Merced,2021-04-06,2202,101496,710,55471,677,41342,815,4683,716,33128,1483,36393,1532,69521,California
Merced,2021-04-07,1597,103093,852,56323,638,41980,107,4790,562,32774,1024,37417,670,70191,California
Merced,2021-04-08,2178,105271,1099,57422,866,42846,213,5003,742,32321,1406,38823,953,71144,California
Merced,2021-04-09,1662,106933,463,57885,621,43467,578,5581,561,32378,1084,39907,1141,72285,California
Merced,2021-04-10,657,107590,342,58227,132,43599,183,5764,168,32243,485,40392,350,72635,California
Merced,2021-04-11,487,108077,279,58506,73,43672,135,5899,148,32190,337,40729,284,72919,California
Merced,2021-04-12,1383,109460,903,59409,362,44034,118,6017,806,32570,544,41273,924,73843,California
Merced,2021-04-13,2004,111464,1438,60847,563,44597,3,6020,934,32521,990,42263,941,74784,California
Merced,2021-04-14,1926,113390,1108,61955,818,45415,0,6020,896,32514,905,43168,898,75682,California
Merced,2021-04-15,2984,116374,1955,63910,1029,46444,0,6020,951,31657,1812,44980,955,76637,California
Merced,2021-04-16,2321,118695,1142,65052,1179,47623,0,6020,941,31311,1287,46267,941,77578,California
Merced,2021-04-17,1423,120118,781,65833,642,48265,0,6020,383,30660,1035,47302,384,77962,California
Merced,2021-04-18,468,120586,249,66082,219,48484,0,6020,192,30602,250,47552,192,78154,California
Merced,2021-04-19,1294,121880,731,66813,563,49047,0,6020,697,30797,502,48054,697,78851,California
Merced,2021-04-20,1334,123214,732,67545,602,49649,0,6020,780,31092,485,48539,780,79631,California
Merced,2021-04-21,1442,124656,870,68415,572,50221,0,6020,745,31252,586,49125,746,80377,California
Merced,2021-04-22,1507,126163,724,69139,783,51004,0,6020,765,31354,663,49788,765,81142,California
Merced,2021-04-23,1271,127434,496,69635,775,51779,0,6020,649,31429,575,50363,650,81792,California
Merced,2021-04-24,539,127973,372,70007,167,51946,0,6020,372,31639,163,50526,373,82165,California
Merced,2021-04-25,301,128274,171,70178,130,52076,0,6020,177,31694,122,50648,177,82342,California
Merced,2021-04-26,561,128835,194,70372,367,52443,0,6020,300,31739,255,50903,300,82642,California
Modoc,2020-12-16,1,1,1,1,0,0,0,0,1,1,0,0,1,1,California
Modoc,2020-12-21,100,101,100,101,0,0,0,0,100,101,0,0,100,101,California
Modoc,2020-12-22,14,115,14,115,0,0,0,0,14,115,0,0,14,115,California
Modoc,2020-12-23,4,119,4,119,0,0,0,0,4,119,0,0,4,119,California
Modoc,2020-12-24,1,120,1,120,0,0,0,0,1,120,0,0,1,120,California
Modoc,2020-12-28,2,122,2,122,0,0,0,0,2,122,0,0,2,122,California
Modoc,2020-12-29,10,132,1,123,9,9,0,0,10,132,0,0,10,132,California
Modoc,2020-12-30,7,139,0,123,7,16,0,0,7,139,0,0,7,139,California
Modoc,2021-01-02,2,141,0,123,2,18,0,0,2,141,0,0,2,141,California
Modoc,2021-01-04,8,149,0,123,8,26,0,0,8,149,0,0,8,149,California
Modoc,2021-01-05,2,151,1,124,1,27,0,0,2,151,0,0,2,151,California
Modoc,2021-01-06,3,154,2,126,1,28,0,0,2,152,1,1,2,153,California
Modoc,2021-01-07,72,226,0,126,72,100,0,0,72,224,0,1,72,225,California
Modoc,2021-01-08,105,331,0,126,105,205,0,0,105,329,0,1,105,330,California
Modoc,2021-01-10,1,332,1,127,0,205,0,0,0,328,1,2,0,330,California
Modoc,2021-01-11,91,423,82,209,9,214,0,0,19,275,72,74,19,349,California
Modoc,2021-01-12,94,517,25,234,69,283,0,0,68,317,26,100,68,417,California
Modoc,2021-01-13,24,541,4,238,20,303,0,0,22,337,2,102,22,439,California
Modoc,2021-01-14,129,670,6,244,123,426,0,0,124,456,5,107,124,563,California
Modoc,2021-01-15,6,676,1,245,5,431,0,0,6,462,0,107,6,569,California
Modoc,2021-01-16,1,677,1,246,0,431,0,0,1,463,0,107,1,570,California
Modoc,2021-01-18,1,678,1,247,0,431,0,0,1,464,0,107,1,571,California
Modoc,2021-01-19,5,683,3,250,2,433,0,0,3,465,2,109,3,574,California
Modoc,2021-01-20,11,694,1,251,10,443,0,0,11,476,0,109,11,585,California
Modoc,2021-01-21,157,851,2,253,155,598,0,0,157,633,0,109,157,742,California
Modoc,2021-01-22,2,853,0,253,2,600,0,0,2,635,0,109,2,744,California
Modoc,2021-01-25,11,864,0,253,11,611,0,0,11,646,0,109,11,755,California
Modoc,2021-01-26,65,929,1,254,64,675,0,0,65,711,0,109,65,820,California
Modoc,2021-01-27,41,970,2,256,39,714,0,0,25,720,16,125,25,845,California
Modoc,2021-01-28,144,1114,1,257,143,857,0,0,144,864,0,125,144,989,California
Modoc,2021-01-29,3,1117,1,258,2,859,0,0,3,867,0,125,3,992,California
Modoc,2021-02-01,25,1142,12,270,13,872,0,0,11,864,14,139,11,1003,California
Modoc,2021-02-02,170,1312,2,272,168,1040,0,0,167,1028,3,142,167,1170,California
Modoc,2021-02-03,18,1330,13,285,5,1045,0,0,11,1032,7,149,11,1181,California
Modoc,2021-02-04,155,1485,4,289,151,1196,0,0,27,931,128,277,27,1208,California
Modoc,2021-02-05,4,1489,3,292,1,1197,0,0,3,933,1,278,3,1211,California
Modoc,2021-02-08,9,1498,2,294,7,1204,0,0,8,940,1,279,8,1219,California
Modoc,2021-02-09,198,1696,13,307,185,1389,0,0,66,874,132,411,66,1285,California
Modoc,2021-02-10,5,1701,2,309,3,1392,0,0,4,877,1,412,4,1289,California
Modoc,2021-02-11,201,1902,3,312,198,1590,0,0,83,842,118,530,83,1372,California
Modoc,2021-02-12,4,1906,0,312,4,1594,0,0,2,842,2,532,2,1374,California
Modoc,2021-02-13,1,1907,0,312,1,1595,0,0,1,843,0,532,1,1375,California
Modoc,2021-02-16,147,2054,6,318,141,1736,0,0,143,982,4,536,143,1518,California
Modoc,2021-02-17,24,2078,1,319,23,1759,0,0,12,982,12,548,12,1530,California
Modoc,2021-02-18,188,2266,2,321,186,1945,0,0,25,846,162,710,26,1556,California
Modoc,2021-02-19,2,2268,2,323,0,1945,0,0,2,848,0,710,2,1558,California
Modoc,2021-02-20,1,2269,1,324,0,1945,0,0,1,849,0,710,1,1559,California
Modoc,2021-02-22,17,2286,9,333,8,1953,0,0,3,838,14,724,3,1562,California
Modoc,2021-02-23,20,2306,2,335,18,1971,0,0,1,820,19,743,1,1563,California
Modoc,2021-02-24,90,2396,1,336,89,2060,0,0,30,790,60,803,30,1593,California
Modoc,2021-02-25,169,2565,1,337,168,2228,0,0,13,647,156,959,13,1606,California
Modoc,2021-02-26,3,2568,0,337,3,2231,0,0,1,646,2,961,1,1607,California
Modoc,2021-02-27,5,2573,5,342,0,2231,0,0,2,645,3,964,2,1609,California
Modoc,2021-03-01,4,2577,0,342,4,2235,0,0,0,641,4,968,0,1609,California
Modoc,2021-03-02,193,2770,12,354,181,2416,0,0,26,500,167,1135,26,1635,California
Modoc,2021-03-03,12,2782,6,360,6,2422,0,0,2,492,10,1145,2,1637,California
Modoc,2021-03-04,175,2957,2,362,173,2595,0,0,148,613,27,1172,148,1785,California
Modoc,2021-03-05,4,2961,3,365,1,2596,0,0,2,613,2,1174,2,1787,California
Modoc,2021-03-06,11,2972,0,365,1,2597,10,10,1,614,10,1184,11,1798,California
Modoc,2021-03-07,6,2978,1,366,0,2597,5,15,1,615,5,1189,6,1804,California
Modoc,2021-03-08,7,2985,1,367,2,2599,4,19,1,614,6,1195,5,1809,California
Modoc,2021-03-09,126,3111,10,377,108,2707,8,27,61,618,65,1260,69,1878,California
Modoc,2021-03-10,9,3120,3,380,2,2709,4,31,4,621,5,1265,8,1886,California
Modoc,2021-03-11,207,3327,0,380,99,2808,108,139,22,566,185,1450,130,2016,California
Modoc,2021-03-12,10,3337,1,381,4,2812,5,144,4,569,6,1456,9,2025,California
Modoc,2021-03-13,4,3341,0,381,1,2813,3,147,1,570,3,1459,4,2029,California
Modoc,2021-03-15,12,3353,1,382,10,2823,1,148,10,579,2,1461,11,2040,California
Modoc,2021-03-16,173,3526,1,383,168,2991,4,152,42,493,131,1592,45,2085,California
Modoc,2021-03-17,10,3536,1,384,4,2995,5,157,2,492,8,1600,7,2092,California
Modoc,2021-03-18,66,3602,1,385,58,3053,7,164,34,501,32,1632,41,2133,California
Modoc,2021-03-19,5,3607,0,385,0,3053,5,169,0,501,5,1637,5,2138,California
Modoc,2021-03-20,6,3613,2,387,1,3054,3,172,1,500,5,1642,4,2142,California
Modoc,2021-03-21,4,3617,1,388,1,3055,2,174,2,502,2,1644,4,2146,California
Modoc,2021-03-22,18,3635,1,389,11,3066,6,180,12,514,6,1650,18,2164,California
Modoc,2021-03-23,35,3670,5,394,27,3093,3,183,27,536,8,1658,30,2194,California
Modoc,2021-03-24,29,3699,1,395,18,3111,10,193,2,521,27,1685,12,2206,California
Modoc,2021-03-25,76,3775,1,396,73,3184,2,195,44,535,32,1717,46,2252,California
Modoc,2021-03-26,7,3782,2,398,2,3186,3,198,2,535,5,1722,5,2257,California
Modoc,2021-03-27,2,3784,0,398,1,3187,1,199,1,536,1,1723,2,2259,California
Modoc,2021-03-28,2,3786,1,399,0,3187,1,200,0,535,2,1725,1,2260,California
Modoc,2021-03-29,14,3800,1,400,5,3192,8,208,5,539,9,1734,13,2273,California
Modoc,2021-03-30,56,3856,10,410,39,3231,7,215,22,534,34,1768,29,2302,California
Modoc,2021-03-31,9,3865,3,413,2,3233,4,219,3,535,6,1774,7,2309,California
Modoc,2021-04-01,170,4035,3,416,162,3395,5,224,35,440,135,1909,40,2349,California
Modoc,2021-04-02,4,4039,0,416,1,3396,3,227,0,440,3,1912,3,2352,California
Modoc,2021-04-03,4,4043,2,418,0,3396,2,229,2,442,2,1914,4,2356,California
Modoc,2021-04-05,9,4052,0,418,9,3405,0,229,9,451,0,1914,9,2365,California
Modoc,2021-04-06,24,4076,5,423,9,3414,10,239,6,449,18,1932,16,2381,California
Modoc,2021-04-07,11,4087,1,424,4,3418,6,245,3,450,8,1940,9,2390,California
Modoc,2021-04-08,97,4184,1,425,93,3511,3,248,26,408,71,2011,29,2419,California
Modoc,2021-04-09,11,4195,2,427,6,3517,3,251,2,403,9,2020,4,2423,California
Modoc,2021-04-10,5,4200,0,427,1,3518,4,255,0,402,5,2025,4,2427,California
Modoc,2021-04-11,2,4202,2,429,0,3518,0,255,1,402,1,2026,1,2428,California
Modoc,2021-04-12,14,4216,1,430,9,3527,4,259,1,396,11,2037,5,2433,California
Modoc,2021-04-13,28,4244,27,457,1,3528,0,259,21,410,7,2044,21,2454,California
Modoc,2021-04-14,2,4246,2,459,0,3528,0,259,1,410,1,2045,1,2455,California
Modoc,2021-04-15,99,4345,0,459,99,3627,0,259,26,363,73,2118,26,2481,California
Modoc,2021-04-16,4,4349,4,463,0,3627,0,259,3,365,1,2119,3,2484,California
Modoc,2021-04-17,2,4351,2,465,0,3627,0,259,2,367,0,2119,2,2486,California
Modoc,2021-04-18,1,4352,0,465,1,3628,0,259,1,368,0,2119,1,2487,California
Modoc,2021-04-19,7,4359,1,466,6,3634,0,259,2,365,5,2124,2,2489,California
Modoc,2021-04-20,27,4386,2,468,25,3659,0,259,9,356,18,2142,9,2498,California
Modoc,2021-04-21,2,4388,2,470,0,3659,0,259,0,354,2,2144,0,2498,California
Modoc,2021-04-22,91,4479,3,473,88,3747,0,259,33,330,58,2202,34,2532,California
Modoc,2021-04-23,4,4483,0,473,4,3751,0,259,3,332,1,2203,3,2535,California
Modoc,2021-04-24,1,4484,0,473,1,3752,0,259,1,333,0,2203,1,2536,California
Modoc,2021-04-26,7,4491,1,474,6,3758,0,259,3,332,4,2207,3,2539,California
Mono,2020-12-18,1,1,1,1,0,0,0,0,1,1,0,0,1,1,California
Mono,2020-12-19,5,6,5,6,0,0,0,0,5,6,0,0,5,6,California
Mono,2020-12-20,7,13,7,13,0,0,0,0,7,13,0,0,7,13,California
Mono,2020-12-21,24,37,17,30,7,7,0,0,24,37,0,0,24,37,California
Mono,2020-12-22,66,103,65,95,1,8,0,0,66,103,0,0,66,103,California
Mono,2020-12-23,70,173,42,137,28,36,0,0,70,173,0,0,70,173,California
Mono,2020-12-24,3,176,1,138,2,38,0,0,3,176,0,0,3,176,California
Mono,2020-12-26,3,179,3,141,0,38,0,0,3,179,0,0,3,179,California
Mono,2020-12-28,94,273,63,204,31,69,0,0,94,273,0,0,94,273,California
Mono,2020-12-29,29,302,29,233,0,69,0,0,29,302,0,0,29,302,California
Mono,2020-12-30,76,378,35,268,41,110,0,0,76,378,0,0,76,378,California
Mono,2020-12-31,4,382,1,269,3,113,0,0,4,382,0,0,4,382,California
Mono,2021-01-01,4,386,4,273,0,113,0,0,4,386,0,0,4,386,California
Mono,2021-01-02,2,388,2,275,0,113,0,0,2,388,0,0,2,388,California
Mono,2021-01-04,1,389,0,275,1,114,0,0,1,389,0,0,1,389,California
Mono,2021-01-05,45,434,2,277,43,157,0,0,44,432,1,1,44,433,California
Mono,2021-01-06,44,478,0,277,44,201,0,0,44,476,0,1,44,477,California
Mono,2021-01-07,55,533,3,280,52,253,0,0,54,529,1,2,54,531,California
Mono,2021-01-08,2,535,1,281,1,254,0,0,1,529,1,3,1,532,California
Mono,2021-01-09,4,539,4,285,0,254,0,0,0,525,4,7,0,532,California
Mono,2021-01-10,5,544,5,290,0,254,0,0,0,520,5,12,0,532,California
Mono,2021-01-11,8,552,5,295,3,257,0,0,4,520,4,16,4,536,California
Mono,2021-01-12,282,834,75,370,207,464,0,0,218,675,63,79,218,754,California
Mono,2021-01-13,233,1067,73,443,160,624,0,0,178,798,55,134,178,932,California
Mono,2021-01-14,73,1140,71,514,2,626,0,0,73,871,0,134,73,1005,California
Mono,2021-01-15,62,1202,2,516,60,686,0,0,62,933,0,134,62,1067,California
Mono,2021-01-16,4,1206,3,519,1,687,0,0,1,931,3,137,1,1068,California
Mono,2021-01-18,63,1269,54,573,9,696,0,0,2,872,61,198,2,1070,California
Mono,2021-01-19,209,1478,207,780,2,698,0,0,171,1006,38,236,172,1242,California
Mono,2021-01-20,230,1708,199,979,31,729,0,0,169,1114,61,297,169,1411,California
Mono,2021-01-21,3,1711,3,982,0,729,0,0,3,1117,0,297,3,1414,California
Mono,2021-01-22,4,1715,0,982,4,733,0,0,4,1121,0,297,4,1418,California
Mono,2021-01-23,595,2310,595,1577,0,733,0,0,594,1714,1,298,594,2012,California
Mono,2021-01-25,205,2515,167,1744,38,771,0,0,166,1841,39,337,166,2178,California
Mono,2021-01-26,507,3022,505,2249,2,773,0,0,501,2336,6,343,501,2679,California
Mono,2021-01-27,5,3027,1,2250,4,777,0,0,5,2341,0,343,5,2684,California
Mono,2021-01-28,7,3034,3,2253,4,781,0,0,3,2340,4,347,3,2687,California
Mono,2021-01-30,202,3236,200,2453,2,783,0,0,201,2540,1,348,201,2888,California
Mono,2021-01-31,243,3479,138,2591,105,888,0,0,139,2575,104,452,139,3027,California
Mono,2021-02-01,27,3506,27,2618,0,888,0,0,0,2548,27,479,0,3027,California
Mono,2021-02-02,5,3511,0,2618,5,893,0,0,2,2547,3,482,2,3029,California
Mono,2021-02-03,4,3515,2,2620,2,895,0,0,2,2547,2,484,2,3031,California
Mono,2021-02-04,211,3726,158,2778,53,948,0,0,90,2516,121,605,90,3121,California
Mono,2021-02-05,619,4345,613,3391,6,954,0,0,616,3129,3,608,616,3737,California
Mono,2021-02-06,139,4484,138,3529,1,955,0,0,137,3264,2,610,137,3874,California
Mono,2021-02-07,2,4486,0,3529,2,957,0,0,2,3266,0,610,2,3876,California
Mono,2021-02-08,171,4657,171,3700,0,957,0,0,15,3126,155,765,15,3891,California
Mono,2021-02-09,226,4883,6,3706,220,1177,0,0,14,2928,212,977,14,3905,California
Mono,2021-02-10,536,5419,186,3892,350,1527,0,0,194,2781,342,1319,195,4100,California
Mono,2021-02-11,7,5426,4,3896,3,1530,0,0,2,2778,5,1324,2,4102,California
Mono,2021-02-12,84,5510,20,3916,64,1594,0,0,26,2746,58,1382,26,4128,California
Mono,2021-02-13,586,6096,586,4502,0,1594,0,0,25,2211,560,1942,25,4153,California
Mono,2021-02-15,168,6264,166,4668,2,1596,0,0,3,2051,163,2105,3,4156,California
Mono,2021-02-16,518,6782,515,5183,3,1599,0,0,45,1626,470,2575,45,4201,California
Mono,2021-02-17,5,6787,1,5184,4,1603,0,0,1,1623,4,2579,1,4202,California
Mono,2021-02-18,3,6790,2,5186,1,1604,0,0,2,1624,1,2580,2,4204,California
Mono,2021-02-19,54,6844,53,5239,1,1605,0,0,54,1678,0,2580,54,4258,California
Mono,2021-02-20,4,6848,4,5243,0,1605,0,0,4,1682,0,2580,4,4262,California
Mono,2021-02-21,3,6851,3,5246,0,1605,0,0,3,1685,0,2580,3,4265,California
Mono,2021-02-22,285,7136,284,5530,1,1606,0,0,24,1449,260,2840,24,4289,California
Mono,2021-02-23,135,7271,115,5645,20,1626,0,0,22,1358,113,2953,22,4311,California
Mono,2021-02-24,8,7279,3,5648,5,1631,0,0,2,1354,6,2959,2,4313,California
Mono,2021-02-25,5,7284,2,5650,3,1634,0,0,3,1356,1,2960,3,4316,California
Mono,2021-02-26,600,7884,599,6249,1,1635,0,0,20,797,579,3539,20,4336,California
Mono,2021-02-27,141,8025,137,6386,4,1639,0,0,4,667,134,3673,4,4340,California
Mono,2021-03-01,2,8027,2,6388,0,1639,0,0,1,668,0,3673,1,4341,California
Mono,2021-03-02,5,8032,3,6391,2,1641,0,0,3,669,2,3675,3,4344,California
Mono,2021-03-03,82,8114,2,6393,80,1721,0,0,79,746,2,3677,79,4423,California
Mono,2021-03-04,4,8118,0,6393,4,1725,0,0,2,746,2,3679,2,4425,California
Mono,2021-03-05,37,8155,27,6420,10,1735,0,0,14,737,23,3702,14,4439,California
Mono,2021-03-06,510,8665,17,6437,493,2228,0,0,503,1235,5,3707,503,4942,California
Mono,2021-03-07,1,8666,0,6437,1,2229,0,0,0,1234,1,3708,0,4942,California
Mono,2021-03-08,540,9206,11,6448,526,2755,3,3,531,1759,9,3717,534,5476,California
Mono,2021-03-09,6,9212,2,6450,3,2758,1,4,3,1761,2,3719,4,5480,California
Mono,2021-03-10,286,9498,91,6541,192,2950,3,7,10,1500,274,3993,13,5493,California
Mono,2021-03-11,11,9509,0,6541,1,2951,10,17,0,1499,11,4004,10,5503,California
Mono,2021-03-12,7,9516,1,6542,1,2952,5,22,0,1497,7,4011,5,5508,California
Mono,2021-03-13,826,10342,389,6931,437,3389,0,22,818,2307,8,4019,818,6326,California
Mono,2021-03-14,4,10346,4,6935,0,3389,0,22,1,2305,3,4022,1,6327,California
Mono,2021-03-15,29,10375,23,6958,1,3390,5,27,12,2306,16,4038,17,6344,California
Mono,2021-03-16,16,10391,6,6964,4,3394,6,33,8,2312,8,4046,14,6358,California
Mono,2021-03-17,32,10423,3,6967,21,3415,8,41,21,2330,11,4057,29,6387,California
Mono,2021-03-18,21,10444,2,6969,11,3426,8,49,9,2335,12,4069,17,6404,California
Mono,2021-03-19,21,10465,1,6970,17,3443,3,52,17,2352,3,4072,20,6424,California
Mono,2021-03-20,5,10470,3,6973,1,3444,1,53,4,2356,1,4073,5,6429,California
Mono,2021-03-21,1,10471,1,6974,0,3444,0,53,1,2357,0,4073,1,6430,California
Mono,2021-03-22,11,10482,0,6974,6,3450,5,58,5,2361,6,4079,10,6440,California
Mono,2021-03-23,42,10524,5,6979,32,3482,5,63,19,2362,23,4102,24,6464,California
Mono,2021-03-24,12,10536,1,6980,6,3488,5,68,6,2367,6,4108,11,6475,California
Mono,2021-03-25,18,10554,2,6982,12,3500,4,72,12,2377,6,4114,16,6491,California
Mono,2021-03-26,19,10573,3,6985,11,3511,5,77,10,2384,8,4122,15,6506,California
Mono,2021-03-27,354,10927,351,7336,3,3514,0,77,328,2686,26,4148,328,6834,California
Mono,2021-03-28,1,10928,1,7337,0,3514,0,77,1,2687,0,4148,1,6835,California
Mono,2021-03-29,10,10938,3,7340,6,3520,1,78,8,2694,2,4150,9,6844,California
Mono,2021-03-30,15,10953,0,7340,11,3531,4,82,10,2703,5,4155,14,6858,California
Mono,2021-03-31,125,11078,7,7347,117,3648,1,83,46,2672,78,4233,47,6905,California
Mono,2021-04-01,8,11086,0,7347,7,3655,1,84,3,2671,5,4238,4,6909,California
Mono,2021-04-02,17,11103,2,7349,15,3670,0,84,6,2666,11,4249,6,6915,California
Mono,2021-04-03,849,11952,366,7715,483,4153,0,84,35,1888,813,5062,35,6950,California
Mono,2021-04-05,530,12482,17,7732,512,4665,1,85,31,1422,498,5560,32,6982,California
Mono,2021-04-06,20,12502,2,7734,5,4670,13,98,2,1419,18,5578,15,6997,California
Mono,2021-04-07,23,12525,2,7736,2,4672,19,117,3,1421,20,5598,22,7019,California
Mono,2021-04-08,21,12546,2,7738,2,4674,17,134,3,1423,18,5616,20,7039,California
Mono,2021-04-09,37,12583,4,7742,4,4678,29,163,7,1429,30,5646,36,7075,California
Mono,2021-04-10,446,13029,2,7744,437,5115,7,170,28,1046,418,6064,35,7110,California
Mono,2021-04-11,1,13030,1,7745,0,5115,0,170,0,1045,1,6065,0,7110,California
Mono,2021-04-12,6,13036,0,7745,3,5118,3,173,3,1048,3,6068,6,7116,California
Mono,2021-04-13,18,13054,2,7747,15,5133,1,174,12,1055,6,6074,13,7129,California
Mono,2021-04-14,26,13080,1,7748,25,5158,0,174,7,1043,19,6093,7,7136,California
Mono,2021-04-15,18,13098,3,7751,15,5173,0,174,9,1043,9,6102,9,7145,California
Mono,2021-04-16,14,13112,1,7752,13,5186,0,174,5,1039,9,6111,5,7150,California
Mono,2021-04-17,51,13163,2,7754,49,5235,0,174,44,1076,7,6118,44,7194,California
Mono,2021-04-18,2,13165,1,7755,1,5236,0,174,2,1078,0,6118,2,7196,California
Mono,2021-04-19,527,13692,320,8075,207,5443,0,174,200,953,325,6443,200,7396,California
Mono,2021-04-20,16,13708,2,8077,14,5457,0,174,11,959,5,6448,11,7407,California
Mono,2021-04-21,10,13718,1,8078,9,5466,0,174,3,955,7,6455,3,7410,California
Mono,2021-04-22,31,13749,16,8094,15,5481,0,174,12,948,19,6474,12,7422,California
Mono,2021-04-23,22,13771,2,8096,20,5501,0,174,12,950,10,6484,12,7434,California
Mono,2021-04-24,34,13805,19,8115,15,5516,0,174,20,956,14,6498,20,7454,California
Mono,2021-04-25,3,13808,2,8117,1,5517,0,174,3,959,0,6498,3,7457,California
Mono,2021-04-26,6,13814,3,8120,3,5520,0,174,1,955,5,6503,1,7458,California
Monterey,2020-12-16,4,4,4,4,0,0,0,0,4,4,0,0,4,4,California
Monterey,2020-12-17,83,87,83,87,0,0,0,0,83,87,0,0,83,87,California
Monterey,2020-12-18,481,568,481,568,0,0,0,0,481,568,0,0,481,568,California
Monterey,2020-12-19,579,1147,579,1147,0,0,0,0,579,1147,0,0,579,1147,California
Monterey,2020-12-20,422,1569,422,1569,0,0,0,0,422,1569,0,0,422,1569,California
Monterey,2020-12-21,719,2288,719,2288,0,0,0,0,719,2288,0,0,719,2288,California
Monterey,2020-12-22,533,2821,520,2808,13,13,0,0,533,2821,0,0,533,2821,California
Monterey,2020-12-23,436,3257,261,3069,175,188,0,0,436,3257,0,0,436,3257,California
Monterey,2020-12-24,84,3341,10,3079,74,262,0,0,84,3341,0,0,84,3341,California
Monterey,2020-12-25,6,3347,0,3079,6,268,0,0,6,3347,0,0,6,3347,California
Monterey,2020-12-26,92,3439,5,3084,87,355,0,0,92,3439,0,0,92,3439,California
Monterey,2020-12-27,7,3446,4,3088,3,358,0,0,7,3446,0,0,7,3446,California
Monterey,2020-12-28,475,3921,25,3113,450,808,0,0,475,3921,0,0,475,3921,California
Monterey,2020-12-29,900,4821,167,3280,733,1541,0,0,900,4821,0,0,900,4821,California
Monterey,2020-12-30,568,5389,98,3378,470,2011,0,0,568,5389,0,0,568,5389,California
Monterey,2020-12-31,34,5423,11,3389,23,2034,0,0,34,5423,0,0,34,5423,California
Monterey,2021-01-01,12,5435,2,3391,10,2044,0,0,12,5435,0,0,12,5435,California
Monterey,2021-01-02,137,5572,134,3525,3,2047,0,0,137,5572,0,0,137,5572,California
Monterey,2021-01-03,30,5602,29,3554,1,2048,0,0,30,5602,0,0,30,5602,California
Monterey,2021-01-04,410,6012,18,3572,392,2440,0,0,410,6012,0,0,410,6012,California
Monterey,2021-01-05,750,6762,326,3898,424,2864,0,0,736,6734,14,14,736,6748,California
Monterey,2021-01-06,655,7417,172,4070,483,3347,0,0,633,7345,22,36,633,7381,California
Monterey,2021-01-07,746,8163,572,4642,174,3521,0,0,422,7445,322,358,422,7803,California
Monterey,2021-01-08,1085,9248,733,5375,352,3873,0,0,393,7146,692,1050,393,8196,California
Monterey,2021-01-09,962,10210,934,6309,28,3901,0,0,312,6808,650,1700,312,8508,California
Monterey,2021-01-10,273,10483,270,6579,3,3904,0,0,8,6551,265,1965,8,8516,California
Monterey,2021-01-11,1065,11548,984,7563,81,3985,0,0,362,6210,703,2668,362,8878,California
Monterey,2021-01-12,464,12012,387,7950,77,4062,0,0,203,6152,261,2929,203,9081,California
Monterey,2021-01-13,1217,13229,591,8541,626,4688,0,0,1172,7279,45,2974,1172,10253,California
Monterey,2021-01-14,1047,14276,93,8634,954,5642,0,0,1029,8293,18,2992,1032,11285,California
Monterey,2021-01-15,1045,15321,44,8678,1001,6643,0,0,1032,9312,13,3005,1032,12317,California
Monterey,2021-01-16,361,15682,298,8976,63,6706,0,0,356,9663,5,3010,356,12673,California
Monterey,2021-01-17,309,15991,288,9264,21,6727,0,0,296,9946,13,3023,296,12969,California
Monterey,2021-01-18,402,16393,50,9314,352,7079,0,0,381,10306,21,3044,381,13350,California
Monterey,2021-01-19,577,16970,396,9710,181,7260,0,0,418,10567,157,3201,418,13768,California
Monterey,2021-01-20,530,17500,268,9978,262,7522,0,0,324,10685,206,3407,324,14092,California
Monterey,2021-01-21,840,18340,93,10071,747,8269,0,0,730,11309,110,3517,734,14826,California
Monterey,2021-01-22,1048,19388,191,10262,857,9126,0,0,1009,12279,39,3556,1009,15835,California
Monterey,2021-01-23,240,19628,174,10436,66,9192,0,0,117,12275,122,3678,118,15953,California
Monterey,2021-01-24,56,19684,38,10474,18,9210,0,0,22,12263,34,3712,22,15975,California
Monterey,2021-01-25,782,20466,173,10647,609,9819,0,0,156,11800,619,4331,156,16131,California
Monterey,2021-01-26,927,21393,223,10870,704,10523,0,0,235,11343,692,5023,235,16366,California
Monterey,2021-01-27,857,22250,307,11177,550,11073,0,0,377,11240,480,5503,377,16743,California
Monterey,2021-01-28,2008,24258,736,11913,1272,12345,0,0,1667,12568,341,5844,1669,18412,California
Monterey,2021-01-29,1227,25485,705,12618,522,12867,0,0,1111,13565,115,5959,1112,19524,California
Monterey,2021-01-30,440,25925,293,12911,147,13014,0,0,183,13493,257,6216,185,19709,California
Monterey,2021-01-31,493,26418,71,12982,422,13436,0,0,483,13967,10,6226,484,20193,California
Monterey,2021-02-01,1660,28078,1146,14128,514,13950,0,0,1098,14504,561,6787,1098,21291,California
Monterey,2021-02-02,2152,30230,454,14582,1698,15648,0,0,1545,15443,606,7393,1545,22836,California
Monterey,2021-02-03,2327,32557,1046,15628,1281,16929,0,0,1552,16224,771,8164,1552,24388,California
Monterey,2021-02-04,2703,35260,2019,17647,684,17613,0,0,2441,18405,260,8424,2441,26829,California
Monterey,2021-02-05,3640,38900,2820,20467,820,18433,0,0,3208,21186,427,8851,3208,30037,California
Monterey,2021-02-06,1095,39995,378,20845,717,19150,0,0,754,21601,339,9190,754,30791,California
Monterey,2021-02-07,314,40309,270,21115,44,19194,0,0,95,21477,219,9409,95,30886,California
Monterey,2021-02-08,515,40824,289,21404,226,19420,0,0,429,21820,86,9495,429,31315,California
Monterey,2021-02-09,860,41684,673,22077,187,19607,0,0,550,22062,310,9805,552,31867,California
Monterey,2021-02-10,2011,43695,1040,23117,971,20578,0,0,1162,22376,849,10654,1163,33030,California
Monterey,2021-02-11,2498,46193,971,24088,1527,22105,0,0,1544,22970,952,11606,1546,34576,California
Monterey,2021-02-12,2584,48777,426,24514,2158,24263,0,0,1522,23431,1061,12667,1522,36098,California
Monterey,2021-02-13,1068,49845,50,24564,1018,25281,0,0,977,24317,91,12758,977,37075,California
Monterey,2021-02-14,589,50434,73,24637,516,25797,0,0,516,24760,73,12831,516,37591,California
Monterey,2021-02-15,1368,51802,160,24797,1208,27005,0,0,993,25381,373,13204,994,38585,California
Monterey,2021-02-16,1088,52890,243,25040,845,27850,0,0,866,26025,222,13426,866,39451,California
Monterey,2021-02-17,1934,54824,1161,26201,773,28623,0,0,1635,27366,297,13723,1638,41089,California
Monterey,2021-02-18,2224,57048,1177,27378,1047,29670,0,0,908,26970,1306,15029,910,41999,California
Monterey,2021-02-19,2936,59984,1531,28909,1405,31075,0,0,1345,26724,1591,16620,1345,43344,California
Monterey,2021-02-20,1003,60987,603,29512,400,31475,0,0,951,27624,51,16671,951,44295,California
Monterey,2021-02-21,1239,62226,1211,30723,28,31503,0,0,1170,28727,67,16738,1170,45465,California
Monterey,2021-02-22,975,63201,844,31567,131,31634,0,0,642,29038,331,17069,642,46107,California
Monterey,2021-02-23,949,64150,617,32184,332,31966,0,0,299,28689,649,17718,300,46407,California
Monterey,2021-02-24,2458,66608,1312,33496,1146,33112,0,0,1847,29930,607,18325,1848,48255,California
Monterey,2021-02-25,4343,70951,2377,35873,1966,35078,0,0,1449,28493,2887,21212,1450,49705,California
Monterey,2021-02-26,5241,76192,3079,38952,2162,37240,0,0,2620,28496,2618,23830,2621,52326,California
Monterey,2021-02-27,995,77187,182,39134,813,38053,0,0,805,29116,185,24015,805,53131,California
Monterey,2021-02-28,1527,78714,81,39215,1446,39499,0,0,1065,29724,457,24472,1065,54196,California
Monterey,2021-03-01,1277,79991,137,39352,1137,40636,3,3,742,29938,532,25004,746,54942,California
Monterey,2021-03-02,2727,82718,1717,41069,1010,41646,0,3,1877,30969,846,25850,1877,56819,California
Monterey,2021-03-03,3194,85912,1236,42305,1958,43604,0,3,1303,30384,1889,27739,1304,58123,California
Monterey,2021-03-04,4544,90456,1464,43769,3080,46684,0,3,2975,31794,1565,29304,2975,61098,California
Monterey,2021-03-05,3580,94036,1622,45391,1681,48365,277,280,2950,34392,629,29933,3227,64325,California
Monterey,2021-03-06,5005,99041,1065,46456,3638,52003,302,582,4102,37894,900,30833,4402,68727,California
Monterey,2021-03-07,521,99562,108,46564,168,52171,245,827,234,38084,287,31120,477,69204,California
Monterey,2021-03-08,1645,101207,325,46889,941,53112,379,1206,1116,39049,529,31649,1494,70698,California
Monterey,2021-03-09,1902,103109,675,47564,951,54063,276,1482,1414,40250,487,32136,1688,72386,California
Monterey,2021-03-10,3107,106216,1015,48579,1607,55670,485,1967,1412,40458,1689,33825,1897,74283,California
Monterey,2021-03-11,4099,110315,1403,49982,2324,57994,372,2339,2338,41414,1754,35579,2710,76993,California
Monterey,2021-03-12,4264,114579,2016,51998,2131,60125,117,2456,2602,42472,1660,37239,2718,79711,California
Monterey,2021-03-13,5227,119806,961,52959,3919,64044,347,2803,3921,45434,1306,38545,4268,83979,California
Monterey,2021-03-14,2147,121953,1326,54285,796,64840,25,2828,576,44475,1560,40105,601,84580,California
Monterey,2021-03-15,3941,125894,1265,55550,2386,67226,290,3118,2254,45335,1683,41788,2543,87123,California
Monterey,2021-03-16,3487,129381,571,56121,2542,69768,374,3492,2077,46374,1409,43197,2448,89571,California
Monterey,2021-03-17,5676,135057,2307,58428,3118,72886,251,3743,4086,49134,1582,44779,4342,93913,California
Monterey,2021-03-18,4351,139408,2153,60581,2031,74917,167,3910,3004,51003,1341,46120,3210,97123,California
Monterey,2021-03-19,5383,144791,2558,63139,2683,77600,142,4052,4113,53994,1265,47385,4256,101379,California
Monterey,2021-03-20,3280,148071,421,63560,2164,79764,695,4747,2201,55815,1075,48460,2896,104275,California
Monterey,2021-03-21,622,148693,200,63760,414,80178,8,4755,556,56313,65,48525,563,104838,California
Monterey,2021-03-22,2452,151145,1430,65190,961,81139,61,4816,2247,58418,202,48727,2307,107145,California
Monterey,2021-03-23,3961,155106,2345,67535,1574,82713,42,4858,2507,59518,1449,50176,2549,109694,California
Monterey,2021-03-24,4974,160080,2084,69619,2579,85292,311,5169,3623,62102,1347,51523,3931,113625,California
Monterey,2021-03-25,5206,165286,1213,70832,3636,88928,357,5526,2609,62480,2589,54112,2967,116592,California
Monterey,2021-03-26,5290,170576,2604,73436,2620,91548,66,5592,2652,62571,2629,56741,2720,119312,California
Monterey,2021-03-27,4747,175323,1415,74851,3076,94624,256,5848,3037,64158,1706,58447,3293,122605,California
Monterey,2021-03-28,1109,176432,334,75185,767,95391,8,5856,628,64317,477,58924,636,123241,California
Monterey,2021-03-29,3164,179596,1402,76587,1748,97139,14,5870,1950,65077,1207,60131,1967,125208,California
Monterey,2021-03-30,4434,184030,2130,78717,2264,99403,40,5910,2749,66197,1674,61805,2794,128002,California
Monterey,2021-03-31,5278,189308,2375,81092,2112,101515,791,6701,3321,68358,1953,63758,4114,132116,California
Monterey,2021-04-01,6013,195321,2057,83149,3549,105064,407,7108,3012,68788,2987,66745,3417,135533,California
Monterey,2021-04-02,4660,199981,2241,85390,2358,107422,61,7169,3167,70528,1491,68236,3231,138764,California
Monterey,2021-04-03,5668,205649,1091,86481,3598,111020,979,8148,1181,68212,4472,72708,2156,140920,California
Monterey,2021-04-04,751,206400,155,86636,583,111603,13,8161,483,68442,268,72976,498,141418,California
Monterey,2021-04-05,3961,210361,2458,89094,1276,112879,227,8388,1484,67681,2472,75448,1711,143129,California
Monterey,2021-04-06,3112,213473,1307,90401,1334,114213,471,8859,1119,67283,1988,77436,1590,144719,California
Monterey,2021-04-07,5482,218955,1401,91802,3572,117785,509,9368,2652,67624,2819,80255,3160,147879,California
Monterey,2021-04-08,6354,225309,3453,95255,2101,119886,800,10168,3165,68407,3183,83438,3966,151845,California
Monterey,2021-04-09,5512,230821,3369,98624,1514,121400,629,10797,2233,67992,3275,86713,2860,154705,California
Monterey,2021-04-10,9793,240614,4925,103549,2720,124120,2148,12945,4921,70197,4864,91577,7069,161774,California
Monterey,2021-04-11,5432,246046,4267,107816,567,124687,598,13543,4394,74156,1032,92609,4991,166765,California
Monterey,2021-04-12,4021,250067,1844,109660,1867,126554,310,13853,895,72373,2988,95597,1205,167970,California
Monterey,2021-04-13,3109,253176,712,110372,2393,128947,4,13857,1488,72266,1600,97197,1493,169463,California
Monterey,2021-04-14,6553,259729,3110,113482,3441,132388,2,13859,1794,69317,4745,101942,1796,171259,California
Monterey,2021-04-15,5709,265438,3860,117342,1849,134237,0,13859,3809,71256,1870,103812,3809,175068,California
Monterey,2021-04-16,4657,270095,2389,119731,2254,136491,14,13873,2172,70968,2474,106286,2186,177254,California
Monterey,2021-04-17,4746,274841,1328,121059,3418,139909,0,13873,3364,72958,1374,107660,3364,180618,California
Monterey,2021-04-18,832,275673,254,121313,578,140487,0,13873,236,72602,592,108252,236,180854,California
Monterey,2021-04-19,3664,279337,1279,122592,2385,142872,0,13873,1752,72450,1904,110156,1752,182606,California
Monterey,2021-04-20,3711,283048,1559,124151,2152,145024,0,13873,1535,71831,2155,112311,1536,184142,California
Monterey,2021-04-21,5635,288683,3105,127256,2530,147554,0,13873,2751,71734,2850,115161,2753,186895,California
Monterey,2021-04-22,4523,293206,956,128212,3567,151121,0,13873,1822,70879,2677,117838,1822,188717,California
Monterey,2021-04-23,5401,298607,2525,130737,2875,153996,1,13874,2054,69606,3328,121166,2055,190772,California
Monterey,2021-04-24,2951,301558,421,131158,2530,156526,0,13874,1349,69371,1584,122750,1349,192121,California
Monterey,2021-04-25,1023,302581,453,131611,570,157096,0,13874,610,69572,409,123159,610,192731,California
Monterey,2021-04-26,1954,304535,1366,132977,588,157684,0,13874,420,68469,1523,124682,420,193151,California
Napa,2020-12-16,12,12,12,12,0,0,0,0,12,12,0,0,12,12,California
Napa,2020-12-17,44,56,44,56,0,0,0,0,44,56,0,0,44,56,California
Napa,2020-12-18,102,158,102,158,0,0,0,0,102,158,0,0,102,158,California
Napa,2020-12-19,221,379,221,379,0,0,0,0,221,379,0,0,221,379,California
Napa,2020-12-20,188,567,188,567,0,0,0,0,188,567,0,0,188,567,California
Napa,2020-12-21,310,877,310,877,0,0,0,0,311,878,0,0,311,878,California
Napa,2020-12-22,340,1217,331,1208,9,9,0,0,340,1218,0,0,340,1218,California
Napa,2020-12-23,428,1645,319,1527,109,118,0,0,428,1646,0,0,428,1646,California
Napa,2020-12-24,139,1784,78,1605,61,179,0,0,139,1785,0,0,139,1785,California
Napa,2020-12-25,1,1785,1,1606,0,179,0,0,1,1786,0,0,1,1786,California
Napa,2020-12-26,39,1824,11,1617,28,207,0,0,39,1825,0,0,39,1825,California
Napa,2020-12-27,32,1856,16,1633,16,223,0,0,32,1857,0,0,32,1857,California
Napa,2020-12-28,251,2107,185,1818,66,289,0,0,279,2136,0,0,279,2136,California
Napa,2020-12-29,273,2380,214,2032,59,348,0,0,307,2443,0,0,307,2443,California
Napa,2020-12-30,630,3010,486,2518,144,492,0,0,638,3081,0,0,638,3081,California
Napa,2020-12-31,461,3471,373,2891,88,580,0,0,461,3542,0,0,461,3542,California
Napa,2021-01-01,1,3472,1,2892,0,580,0,0,1,3543,0,0,1,3543,California
Napa,2021-01-02,98,3570,93,2985,5,585,0,0,98,3641,0,0,98,3641,California
Napa,2021-01-03,13,3583,11,2996,2,587,0,0,9,3650,0,0,9,3650,California
Napa,2021-01-04,107,3690,64,3060,43,630,0,0,107,3757,0,0,107,3757,California
Napa,2021-01-05,155,3845,85,3145,70,700,0,0,138,3871,24,24,138,3895,California
Napa,2021-01-06,455,4300,114,3259,341,1041,0,0,391,4200,62,86,391,4286,California
Napa,2021-01-07,495,4795,234,3493,261,1302,0,0,395,4496,99,185,395,4681,California
Napa,2021-01-08,442,5237,226,3719,216,1518,0,0,262,4579,179,364,262,4943,California
Napa,2021-01-09,325,5562,300,4019,25,1543,0,0,189,4632,136,500,189,5132,California
Napa,2021-01-10,184,5746,101,4120,83,1626,0,0,109,4666,75,575,109,5241,California
Napa,2021-01-11,881,6627,426,4546,455,2081,0,0,508,4801,374,949,509,5750,California
Napa,2021-01-12,1311,7938,370,4916,941,3022,0,0,996,5482,315,1264,996,6746,California
Napa,2021-01-13,1313,9251,264,5180,1049,4071,0,0,1151,6473,161,1425,1152,7898,California
Napa,2021-01-14,1052,10303,173,5353,879,4950,0,0,934,7291,116,1541,934,8832,California
Napa,2021-01-15,1453,11756,384,5737,1069,6019,0,0,1305,8441,156,1697,1306,10138,California
Napa,2021-01-16,356,12112,134,5871,222,6241,0,0,338,8761,18,1715,338,10476,California
Napa,2021-01-17,340,12452,175,6046,165,6406,0,0,330,9081,10,1725,330,10806,California
Napa,2021-01-18,1081,13533,197,6243,884,7290,0,0,990,9980,91,1816,990,11796,California
Napa,2021-01-19,1009,14542,406,6649,603,7893,0,0,766,10504,242,2058,766,12562,California
Napa,2021-01-20,825,15367,185,6834,640,8533,0,0,643,10967,180,2238,643,13205,California
Napa,2021-01-21,1335,16702,374,7208,961,9494,0,0,1080,11794,254,2492,1081,14286,California
Napa,2021-01-22,1539,18241,411,7619,1128,10622,0,0,1212,12681,326,2818,1213,15499,California
Napa,2021-01-23,398,18639,318,7937,80,10702,0,0,336,12955,62,2880,336,15835,California
Napa,2021-01-24,266,18905,189,8126,77,10779,0,0,208,13105,58,2938,208,16043,California
Napa,2021-01-25,1522,20427,231,8357,1291,12070,0,0,1432,14447,90,3028,1432,17475,California
Napa,2021-01-26,882,21309,285,8642,597,12667,0,0,787,15141,95,3123,789,18264,California
Napa,2021-01-27,626,21935,220,8862,406,13073,0,0,470,15456,156,3279,471,18735,California
Napa,2021-01-28,390,22325,177,9039,213,13286,0,0,198,15464,190,3469,198,18933,California
Napa,2021-01-29,254,22579,65,9104,189,13475,0,0,159,15528,95,3564,159,19092,California
Napa,2021-01-30,804,23383,695,9799,109,13584,0,0,640,16004,164,3728,640,19732,California
Napa,2021-01-31,655,24038,625,10424,30,13614,0,0,629,16607,26,3754,629,20361,California
Napa,2021-02-01,315,24353,110,10534,205,13819,0,0,163,16618,152,3906,163,20524,California
Napa,2021-02-02,594,24947,281,10815,313,14132,0,0,292,16611,299,4205,292,20816,California
Napa,2021-02-03,741,25688,309,11124,432,14564,0,0,432,16734,309,4514,432,21248,California
Napa,2021-02-04,789,26477,374,11498,415,14979,0,0,441,16829,346,4860,441,21689,California
Napa,2021-02-05,707,27184,314,11812,393,15372,0,0,340,16802,367,5227,340,22029,California
Napa,2021-02-06,434,27618,145,11957,289,15661,0,0,329,17026,105,5332,329,22358,California
Napa,2021-02-07,175,27793,162,12119,13,15674,0,0,71,16993,104,5436,71,22429,California
Napa,2021-02-08,834,28627,191,12310,643,16317,0,0,272,16706,559,5995,272,22701,California
Napa,2021-02-09,1075,29702,441,12751,634,16951,0,0,436,16503,639,6634,436,23137,California
Napa,2021-02-10,1720,31422,192,12943,1528,18479,0,0,452,15691,1265,7899,453,23590,California
Napa,2021-02-11,1491,32913,194,13137,1297,19776,0,0,406,15025,1073,8972,407,23997,California
Napa,2021-02-12,2156,35069,837,13974,1319,21095,0,0,721,14314,1432,10404,721,24718,California
Napa,2021-02-13,495,35564,52,14026,443,21538,0,0,312,14443,183,10587,312,25030,California
Napa,2021-02-14,356,35920,90,14116,266,21804,0,0,195,14477,161,10748,195,25225,California
Napa,2021-02-15,872,36792,182,14298,690,22494,0,0,220,14047,650,11398,220,25445,California
Napa,2021-02-16,1286,38078,597,14895,689,23183,0,0,612,13986,673,12071,612,26057,California
Napa,2021-02-17,1046,39124,530,15425,516,23699,0,0,479,13900,565,12636,479,26536,California
Napa,2021-02-18,1896,41020,485,15910,1411,25110,0,0,659,13325,1234,13870,659,27195,California
Napa,2021-02-19,1479,42499,584,16494,895,26005,0,0,676,13199,802,14672,676,27871,California
Napa,2021-02-20,820,43319,595,17089,225,26230,0,0,272,12923,548,15220,272,28143,California
Napa,2021-02-21,797,44116,735,17824,62,26292,0,0,195,12516,602,15822,195,28338,California
Napa,2021-02-22,441,44557,185,18009,256,26548,0,0,136,12347,305,16127,136,28474,California
Napa,2021-02-23,1125,45682,301,18310,824,27372,0,0,307,11836,818,16945,307,28781,California
Napa,2021-02-24,1158,46840,638,18948,520,27892,0,0,570,11821,586,17531,571,29352,California
Napa,2021-02-25,2539,49379,1211,20159,1328,29220,0,0,1826,12935,712,18243,1826,31178,California
Napa,2021-02-26,1497,50876,522,20681,975,30195,0,0,584,12608,911,19154,584,31762,California
Napa,2021-02-27,1118,51994,378,21059,740,30935,0,0,866,13224,250,19404,866,32628,California
Napa,2021-02-28,560,52554,459,21518,101,31036,0,0,461,13588,97,19501,461,33089,California
Napa,2021-03-01,1101,53655,814,22332,287,31323,0,0,832,14152,268,19769,832,33921,California
Napa,2021-03-02,1485,55140,1025,23357,460,31783,0,0,1150,14968,334,20103,1150,35071,California
Napa,2021-03-03,1544,56684,684,24041,860,32643,0,0,1358,16141,185,20288,1358,36429,California
Napa,2021-03-04,1707,58391,783,24824,924,33567,0,0,1469,17375,235,20523,1469,37898,California
Napa,2021-03-05,1890,60281,782,25606,1104,34671,4,4,1475,18441,413,20936,1479,39377,California
Napa,2021-03-06,648,60929,281,25887,336,35007,31,35,536,18898,110,21046,567,39944,California
Napa,2021-03-07,521,61450,320,26207,186,35193,15,50,370,19132,151,21197,385,40329,California
Napa,2021-03-08,694,62144,319,26526,322,35515,53,103,517,19527,175,21372,570,40899,California
Napa,2021-03-09,1629,63773,567,27093,1016,36531,46,149,1199,20345,427,21799,1245,42144,California
Napa,2021-03-10,1472,65245,914,28007,466,36997,92,241,772,20512,697,22496,864,43008,California
Napa,2021-03-11,1830,67075,1035,29042,667,37664,128,369,939,20688,891,23387,1067,44075,California
Napa,2021-03-12,1495,68570,908,29950,492,38156,95,464,794,20877,699,24086,888,44963,California
Napa,2021-03-13,1164,69734,300,30250,840,38996,24,488,828,21395,334,24420,852,45815,California
Napa,2021-03-14,611,70345,328,30578,135,39131,148,636,227,21386,383,24803,374,46189,California
Napa,2021-03-15,945,71290,405,30983,471,39602,69,705,479,21470,464,25267,548,46737,California
Napa,2021-03-16,1832,73122,385,31368,1321,40923,126,831,1372,22513,456,25723,1499,48236,California
Napa,2021-03-17,2482,75604,1845,33213,458,41381,179,1010,1578,23366,904,26627,1757,49993,California
Napa,2021-03-18,2098,77702,912,34125,1176,42557,10,1020,1288,23856,808,27435,1298,51291,California
Napa,2021-03-19,1429,79131,857,34982,544,43101,28,1048,710,23878,716,28151,738,52029,California
Napa,2021-03-20,996,80127,527,35509,316,43417,153,1201,423,23882,572,28723,576,52605,California
Napa,2021-03-21,702,80829,680,36189,20,43437,2,1203,351,23885,350,29073,353,52958,California
Napa,2021-03-22,1080,81909,905,37094,164,43601,11,1214,474,23767,603,29676,485,53443,California
Napa,2021-03-23,1510,83419,819,37913,674,44275,17,1231,1001,24279,506,30182,1018,54461,California
Napa,2021-03-24,1701,85120,942,38855,751,45026,8,1239,820,24227,880,31062,828,55289,California
Napa,2021-03-25,1612,86732,1041,39896,517,45543,54,1293,742,24154,869,31931,796,56085,California
Napa,2021-03-26,1276,88008,826,40722,444,45987,6,1299,576,24039,697,32628,582,56667,California
Napa,2021-03-27,946,88954,431,41153,488,46475,27,1326,313,23746,633,33261,340,57007,California
Napa,2021-03-28,482,89436,372,41525,103,46578,7,1333,182,23636,299,33560,189,57196,California
Napa,2021-03-29,1178,90614,857,42382,316,46894,5,1338,726,23916,451,34011,731,57927,California
Napa,2021-03-30,2394,93008,929,43311,1461,48355,4,1342,1612,24750,782,34793,1616,59543,California
Napa,2021-03-31,1956,94964,954,44265,933,49288,69,1411,805,24474,1148,35941,872,60415,California
Napa,2021-04-01,1706,96670,811,45076,780,50068,115,1526,473,23834,1228,37169,588,61003,California
Napa,2021-04-02,1821,98491,814,45890,865,50933,142,1668,456,23070,1362,38531,598,61601,California
Napa,2021-04-03,624,99115,362,46252,203,51136,59,1727,209,22922,415,38946,267,61868,California
Napa,2021-04-04,351,99466,142,46394,151,51287,58,1785,122,22874,228,39174,180,62048,California
Napa,2021-04-05,1262,100728,753,47147,291,51578,218,2003,573,22977,688,39862,791,62839,California
Napa,2021-04-06,2211,102939,557,47704,1399,52977,255,2258,527,22078,1681,41543,782,63621,California
Napa,2021-04-07,1708,104647,687,48391,800,53777,221,2479,519,21634,1184,42727,740,64361,California
Napa,2021-04-08,1838,106485,1057,49448,411,54188,370,2849,976,22121,858,43585,1345,65706,California
Napa,2021-04-09,1519,108004,915,50363,303,54491,301,3150,676,22256,841,44426,976,66682,California
Napa,2021-04-10,1028,109032,346,50709,582,55073,100,3250,237,21803,790,45216,337,67019,California
Napa,2021-04-11,384,109416,301,51010,62,55135,21,3271,157,21754,227,45443,178,67197,California
Napa,2021-04-12,786,110202,303,51313,360,55495,123,3394,296,21682,489,45932,417,67614,California
Napa,2021-04-13,2515,112717,840,52153,1675,57170,0,3394,917,21005,1594,47526,917,68531,California
Napa,2021-04-14,2037,114754,974,53127,1063,58233,0,3394,1009,20993,1021,48547,1009,69540,California
Napa,2021-04-15,1593,116347,518,53645,1075,59308,0,3394,862,21129,726,49273,862,70402,California
Napa,2021-04-16,2661,119008,1355,55000,1306,60614,0,3394,1970,22410,689,49962,1970,72372,California
Napa,2021-04-17,1099,120107,264,55264,835,61449,0,3394,820,22951,279,50241,820,73192,California
Napa,2021-04-18,263,120370,171,55435,92,61541,0,3394,118,22925,144,50385,118,73310,California
Napa,2021-04-19,605,120975,336,55771,269,61810,0,3394,264,22849,340,50725,264,73574,California
Napa,2021-04-20,2912,123887,1941,57712,971,62781,0,3394,1967,23873,944,51669,1968,75542,California
Napa,2021-04-21,2739,126626,2012,59724,726,63507,1,3395,1702,24543,1032,52701,1702,77244,California
Napa,2021-04-22,1440,128066,1013,60737,427,63934,0,3395,656,24420,779,53480,656,77900,California
Napa,2021-04-23,1267,129333,938,61675,327,64261,2,3397,825,24805,440,53920,825,78725,California
Napa,2021-04-24,367,129700,209,61884,158,64419,0,3397,209,24857,157,54077,209,78934,California
Napa,2021-04-25,192,129892,146,62030,46,64465,0,3397,101,24869,89,54166,101,79035,California
Napa,2021-04-26,317,130209,154,62184,163,64628,0,3397,154,24861,162,54328,154,79189,California
Nevada,2020-12-16,3,3,3,3,0,0,0,0,3,3,0,0,3,3,California
Nevada,2020-12-17,6,9,6,9,0,0,0,0,6,9,0,0,6,9,California
Nevada,2020-12-18,52,61,52,61,0,0,0,0,52,61,0,0,52,61,California
Nevada,2020-12-19,55,116,55,116,0,0,0,0,55,116,0,0,55,116,California
Nevada,2020-12-20,12,128,12,128,0,0,0,0,12,128,0,0,12,128,California
Nevada,2020-12-21,69,197,69,197,0,0,0,0,69,197,0,0,69,197,California
Nevada,2020-12-22,91,288,89,286,2,2,0,0,91,288,0,0,91,288,California
Nevada,2020-12-23,234,522,202,488,32,34,0,0,234,522,0,0,234,522,California
Nevada,2020-12-24,13,535,11,499,2,36,0,0,13,535,0,0,13,535,California
Nevada,2020-12-25,3,538,3,502,0,36,0,0,3,538,0,0,3,538,California
Nevada,2020-12-26,6,544,4,506,2,38,0,0,6,544,0,0,6,544,California
Nevada,2020-12-27,88,632,88,594,0,38,0,0,88,632,0,0,88,632,California
Nevada,2020-12-28,170,802,93,687,77,115,0,0,170,802,0,0,170,802,California
Nevada,2020-12-29,100,902,74,761,26,141,0,0,100,902,0,0,100,902,California
Nevada,2020-12-30,86,988,66,827,20,161,0,0,86,988,0,0,86,988,California
Nevada,2020-12-31,39,1027,9,836,30,191,0,0,39,1027,0,0,39,1027,California
Nevada,2021-01-01,1,1028,0,836,1,192,0,0,1,1028,0,0,1,1028,California
Nevada,2021-01-02,1,1029,1,837,0,192,0,0,1,1029,0,0,1,1029,California
Nevada,2021-01-03,129,1158,126,963,3,195,0,0,129,1158,0,0,129,1158,California
Nevada,2021-01-04,71,1229,47,1010,24,219,0,0,71,1229,0,0,71,1229,California
Nevada,2021-01-05,271,1500,130,1140,141,360,0,0,270,1498,1,1,270,1499,California
Nevada,2021-01-06,91,1591,43,1183,48,408,0,0,83,1573,8,9,83,1582,California
Nevada,2021-01-07,215,1806,43,1226,172,580,0,0,208,1776,6,15,209,1791,California
Nevada,2021-01-08,221,2027,127,1353,94,674,0,0,169,1893,52,67,169,1960,California
Nevada,2021-01-09,63,2090,56,1409,7,681,0,0,15,1860,48,115,15,1975,California
Nevada,2021-01-10,17,2107,9,1418,8,689,0,0,9,1861,8,123,9,1984,California
Nevada,2021-01-11,185,2292,131,1549,54,743,0,0,57,1790,128,251,57,2041,California
Nevada,2021-01-12,597,2889,451,2000,146,889,0,0,531,2255,66,317,531,2572,California
Nevada,2021-01-13,259,3148,146,2146,113,1002,0,0,124,2244,135,452,124,2696,California
Nevada,2021-01-14,237,3385,125,2271,112,1114,0,0,219,2446,17,469,219,2915,California
Nevada,2021-01-15,394,3779,169,2440,225,1339,0,0,296,2644,98,567,296,3211,California
Nevada,2021-01-16,296,4075,15,2455,281,1620,0,0,292,2932,4,571,292,3503,California
Nevada,2021-01-17,35,4110,31,2486,4,1624,0,0,33,2963,2,573,33,3536,California
Nevada,2021-01-18,150,4260,40,2526,110,1734,0,0,141,3095,9,582,141,3677,California
Nevada,2021-01-19,241,4501,85,2611,156,1890,0,0,222,3298,19,601,222,3899,California
Nevada,2021-01-20,259,4760,153,2764,106,1996,0,0,246,3531,13,614,246,4145,California
Nevada,2021-01-21,339,5099,207,2971,132,2128,0,0,326,3844,13,627,326,4471,California
Nevada,2021-01-22,347,5446,209,3180,138,2266,0,0,316,4129,31,658,316,4787,California
Nevada,2021-01-23,177,5623,104,3284,73,2339,0,0,177,4306,0,658,177,4964,California
Nevada,2021-01-24,105,5728,98,3382,7,2346,0,0,66,4333,39,697,66,5030,California
Nevada,2021-01-25,267,5995,137,3519,130,2476,0,0,206,4478,61,758,206,5236,California
Nevada,2021-01-26,401,6396,141,3660,260,2736,0,0,299,4675,102,860,299,5535,California
Nevada,2021-01-27,416,6812,247,3907,169,2905,0,0,392,5043,24,884,392,5927,California
Nevada,2021-01-28,466,7278,316,4223,150,3055,0,0,423,5424,42,926,423,6350,California
Nevada,2021-01-29,601,7879,392,4615,209,3264,0,0,578,5980,23,949,579,6929,California
Nevada,2021-01-30,231,8110,104,4719,127,3391,0,0,228,6205,3,952,228,7157,California
Nevada,2021-01-31,103,8213,87,4806,16,3407,0,0,102,6307,1,953,103,7260,California
Nevada,2021-02-01,290,8503,71,4877,219,3626,0,0,276,6569,14,967,276,7536,California
Nevada,2021-02-02,512,9015,174,5051,338,3964,0,0,324,6705,188,1155,324,7860,California
Nevada,2021-02-03,809,9824,569,5620,240,4204,0,0,757,7411,51,1206,757,8617,California
Nevada,2021-02-04,737,10561,391,6011,346,4550,0,0,488,7651,248,1454,488,9105,California
Nevada,2021-02-05,641,11202,363,6374,278,4828,0,0,453,7918,186,1640,453,9558,California
Nevada,2021-02-06,268,11470,82,6456,186,5014,0,0,241,8132,27,1667,241,9799,California
Nevada,2021-02-07,245,11715,192,6648,53,5067,0,0,191,8269,54,1721,191,9990,California
Nevada,2021-02-08,651,12366,408,7056,243,5310,0,0,552,8722,99,1820,552,10542,California
Nevada,2021-02-09,601,12967,337,7393,264,5574,0,0,463,9047,138,1958,463,11005,California
Nevada,2021-02-10,646,13613,322,7715,324,5898,0,0,417,9236,229,2187,418,11423,California
Nevada,2021-02-11,870,14483,504,8219,366,6264,0,0,541,9449,328,2515,541,11964,California
Nevada,2021-02-12,929,15412,434,8653,495,6759,0,0,612,9745,316,2831,612,12576,California
Nevada,2021-02-13,596,16008,234,8887,362,7121,0,0,388,9930,204,3035,389,12965,California
Nevada,2021-02-14,229,16237,119,9006,110,7231,0,0,201,10103,28,3063,201,13166,California
Nevada,2021-02-15,704,16941,438,9444,266,7497,0,0,534,10467,170,3233,534,13700,California
Nevada,2021-02-16,621,17562,197,9641,424,7921,0,0,452,10751,168,3401,452,14152,California
Nevada,2021-02-17,1186,18748,763,10404,423,8344,0,0,858,11281,328,3729,858,15010,California
Nevada,2021-02-18,1008,19756,548,10952,460,8804,0,0,603,11480,404,4133,603,15613,California
Nevada,2021-02-19,1009,20765,629,11581,380,9184,0,0,651,11774,358,4491,652,16265,California
Nevada,2021-02-20,296,21061,104,11685,192,9376,0,0,173,11825,122,4613,173,16438,California
Nevada,2021-02-21,88,21149,83,11768,5,9381,0,0,8,11754,79,4692,8,16446,California
Nevada,2021-02-22,494,21643,327,12095,167,9548,0,0,346,11953,147,4839,346,16792,California
Nevada,2021-02-23,469,22112,220,12315,249,9797,0,0,206,11899,260,5099,206,16998,California
Nevada,2021-02-24,472,22584,234,12549,238,10035,0,0,248,11925,224,5323,250,17248,California
Nevada,2021-02-25,860,23444,464,13013,396,10431,0,0,432,11931,426,5749,432,17680,California
Nevada,2021-02-26,1234,24678,880,13893,354,10785,0,0,407,11514,824,6573,407,18087,California
Nevada,2021-02-27,352,25030,110,14003,242,11027,0,0,182,11526,170,6743,182,18269,California
Nevada,2021-02-28,265,25295,153,14156,112,11139,0,0,124,11510,140,6883,124,18393,California
Nevada,2021-03-01,815,26110,423,14579,392,11531,0,0,350,11396,464,7347,350,18743,California
Nevada,2021-03-02,704,26814,260,14839,444,11975,0,0,478,11652,222,7569,478,19221,California
Nevada,2021-03-03,962,27776,489,15328,472,12447,1,1,491,11674,470,8039,492,19713,California
Nevada,2021-03-04,1096,28872,609,15937,487,12934,0,1,464,11509,629,8668,464,20177,California
Nevada,2021-03-05,814,29686,456,16393,348,13282,10,11,360,11427,452,9120,370,20547,California
Nevada,2021-03-06,356,30042,119,16512,210,13492,27,38,144,11386,212,9332,171,20718,California
Nevada,2021-03-07,209,30251,110,16622,80,13572,19,57,68,11332,141,9473,87,20805,California
Nevada,2021-03-08,804,31055,538,17160,221,13793,45,102,358,11291,445,9918,404,21209,California
Nevada,2021-03-09,664,31719,315,17475,299,14092,50,152,361,11400,301,10219,410,21619,California
Nevada,2021-03-10,954,32673,603,18078,294,14386,57,209,319,11145,631,10850,376,21995,California
Nevada,2021-03-11,1092,33765,718,18796,349,14735,25,234,539,11164,545,11395,564,22559,California
Nevada,2021-03-12,1187,34952,720,19516,437,15172,30,264,502,11012,683,12078,531,23090,California
Nevada,2021-03-13,265,35217,52,19568,208,15380,5,269,94,10940,170,12248,98,23188,California
Nevada,2021-03-14,155,35372,21,19589,128,15508,6,275,33,10857,122,12370,39,23227,California
Nevada,2021-03-15,835,36207,453,20042,370,15878,12,287,353,10743,479,12849,365,23592,California
Nevada,2021-03-16,994,37201,465,20507,468,16346,61,348,647,11105,346,13195,708,24300,California
Nevada,2021-03-17,1012,38213,449,20956,553,16899,10,358,583,11272,426,13621,593,24893,California
Nevada,2021-03-18,969,39182,525,21481,421,17320,23,381,475,11280,490,14111,498,25391,California
Nevada,2021-03-19,750,39932,437,21918,281,17601,32,413,351,11267,396,14507,383,25774,California
Nevada,2021-03-20,822,40754,93,22011,306,17907,423,836,235,11341,581,15088,655,26429,California
Nevada,2021-03-21,57,40811,31,22042,25,17932,1,837,39,11364,17,15105,40,26469,California
Nevada,2021-03-22,798,41609,514,22556,279,18211,5,842,540,11653,256,15361,545,27014,California
Nevada,2021-03-23,848,42457,381,22937,441,18652,26,868,639,12112,206,15567,665,27679,California
Nevada,2021-03-24,1016,43473,539,23476,470,19122,7,875,649,12405,363,15930,656,28335,California
Nevada,2021-03-25,891,44364,449,23925,417,19539,25,900,489,12517,401,16331,513,28848,California
Nevada,2021-03-26,1140,45504,433,24358,670,20209,37,937,829,13074,308,16639,865,29713,California
Nevada,2021-03-27,560,46064,70,24428,474,20683,16,953,379,13288,181,16820,395,30108,California
Nevada,2021-03-28,174,46238,50,24478,111,20794,13,966,39,13207,133,16953,52,30160,California
Nevada,2021-03-29,819,47057,501,24979,296,21090,22,988,392,13196,424,17377,413,30573,California
Nevada,2021-03-30,1039,48096,470,25449,535,21625,34,1022,539,13277,492,17869,573,31146,California
Nevada,2021-03-31,1173,49269,663,26112,493,22118,17,1039,700,13529,464,18333,716,31862,California
Nevada,2021-04-01,1226,50495,718,26830,455,22573,53,1092,547,13454,675,19008,600,32462,California
Nevada,2021-04-02,1277,51772,653,27483,588,23161,36,1128,761,13738,513,19521,797,33259,California
Nevada,2021-04-03,284,52056,86,27569,160,23321,38,1166,79,13651,204,19725,117,33376,California
Nevada,2021-04-04,128,52184,42,27611,79,23400,7,1173,78,13686,50,19775,85,33461,California
Nevada,2021-04-05,936,53120,614,28225,303,23703,19,1192,626,14024,307,20082,645,34106,California
Nevada,2021-04-06,1066,54186,661,28886,262,23965,143,1335,469,14045,591,20673,612,34718,California
Nevada,2021-04-07,1136,55322,811,29697,243,24208,82,1417,602,14201,527,21200,683,35401,California
Nevada,2021-04-08,1271,56593,891,30588,297,24505,83,1500,706,14428,562,21762,789,36190,California
Nevada,2021-04-09,1235,57828,845,31433,321,24826,69,1569,840,14942,395,22157,909,37099,California
Nevada,2021-04-10,261,58089,80,31513,105,24931,76,1645,115,14988,145,22302,191,37290,California
Nevada,2021-04-11,99,58188,31,31544,64,24995,4,1649,39,14971,60,22362,43,37333,California
Nevada,2021-04-12,734,58922,537,32081,180,25175,17,1666,312,14881,419,22781,329,37662,California
Nevada,2021-04-13,875,59797,349,32430,526,25701,0,1666,468,14944,405,23186,468,38130,California
Nevada,2021-04-14,1045,60842,563,32993,482,26183,0,1666,538,14983,499,23685,538,38668,California
Nevada,2021-04-15,1057,61899,703,33696,354,26537,0,1666,615,15166,432,24117,615,39283,California
Nevada,2021-04-16,897,62796,696,34392,201,26738,0,1666,531,15332,365,24482,531,39814,California
Nevada,2021-04-17,191,62987,49,34441,142,26880,0,1666,84,15309,107,24589,84,39898,California
Nevada,2021-04-18,180,63167,17,34458,163,27043,0,1666,100,15329,80,24669,100,39998,California
Nevada,2021-04-19,750,63917,481,34939,269,27312,0,1666,304,15195,438,25107,304,40302,California
Nevada,2021-04-20,798,64715,307,35246,491,27803,0,1666,301,15004,492,25599,301,40603,California
Nevada,2021-04-21,899,65614,494,35740,405,28208,0,1666,266,14645,625,26224,266,40869,California
Nevada,2021-04-22,976,66590,603,36343,373,28581,0,1666,323,14323,645,26869,323,41192,California
Nevada,2021-04-23,1149,67739,506,36849,643,29224,0,1666,366,13914,775,27644,366,41558,California
Nevada,2021-04-24,463,68202,61,36910,402,29626,0,1666,131,13714,331,27975,131,41689,California
Nevada,2021-04-25,99,68301,57,36967,41,29667,1,1667,41,13698,58,28033,42,41731,California
Nevada,2021-04-26,369,68670,272,37239,97,29764,0,1667,129,13594,233,28266,129,41860,California
Orange,2020-12-15,16,16,16,16,0,0,0,0,16,16,0,0,16,16,California
Orange,2020-12-16,365,381,365,381,0,0,0,0,365,381,0,0,365,381,California
Orange,2020-12-17,3724,4105,3724,4105,0,0,0,0,3723,4104,0,0,3723,4104,California
Orange,2020-12-18,5048,9153,5041,9146,7,7,0,0,5047,9151,0,0,5047,9151,California
Orange,2020-12-19,2231,11384,2224,11370,7,14,0,0,2230,11381,0,0,2230,11381,California
Orange,2020-12-20,1983,13367,1981,13351,2,16,0,0,1984,13365,0,0,1984,13365,California
Orange,2020-12-21,4246,17613,4240,17591,6,22,0,0,4245,17610,0,0,4245,17610,California
Orange,2020-12-22,3981,21594,3946,21537,35,57,0,0,3981,21591,0,0,3981,21591,California
Orange,2020-12-23,3562,25156,3200,24737,362,419,0,0,3564,25155,0,0,3564,25155,California
Orange,2020-12-24,1377,26533,1079,25816,298,717,0,0,1377,26532,0,0,1377,26532,California
Orange,2020-12-25,17,26550,12,25828,5,722,0,0,17,26549,0,0,17,26549,California
Orange,2020-12-26,1020,27570,422,26250,598,1320,0,0,1020,27569,0,0,1020,27569,California
Orange,2020-12-27,582,28152,275,26525,307,1627,0,0,582,28151,0,0,582,28151,California
Orange,2020-12-28,3535,31687,2564,29089,971,2598,0,0,3535,31686,0,0,3535,31686,California
Orange,2020-12-29,3566,35253,2562,31651,1004,3602,0,0,3565,35250,1,1,3565,35251,California
Orange,2020-12-30,5123,40376,3557,35208,1566,5168,0,0,5123,40373,0,1,5123,40374,California
Orange,2020-12-31,1457,41833,759,35967,698,5866,0,0,1457,41830,0,1,1457,41831,California
Orange,2021-01-01,492,42325,265,36232,227,6093,0,0,491,42320,1,2,491,42322,California
Orange,2021-01-02,1403,43728,894,37126,509,6602,0,0,1403,43723,0,2,1403,43725,California
Orange,2021-01-03,574,44302,315,37441,259,6861,0,0,574,44297,0,2,574,44299,California
Orange,2021-01-04,2726,47028,1556,38997,1170,8031,0,0,2727,47023,1,3,2727,47026,California
Orange,2021-01-05,3508,50536,2286,41283,1222,9253,0,0,3101,49724,403,406,3104,50130,California
Orange,2021-01-06,4977,55513,3459,44742,1518,10771,0,0,3609,51977,1356,1762,3609,53739,California
Orange,2021-01-07,9244,64757,5158,49900,4086,14857,0,0,5676,54102,3555,5317,5680,59419,California
Orange,2021-01-08,9392,74149,5249,55149,4143,19000,0,0,5640,56002,3742,9059,5642,65061,California
Orange,2021-01-09,4988,79137,1733,56882,3255,22255,0,0,3709,58432,1279,10338,3709,68770,California
Orange,2021-01-10,4231,83368,1041,57923,3190,25445,0,0,3351,60908,879,11217,3355,72125,California
Orange,2021-01-11,9429,92797,4895,62818,4534,29979,0,0,5812,63101,3620,14837,5813,77938,California
Orange,2021-01-12,8803,101600,4718,67536,4085,34064,0,0,5339,64979,3462,18299,5340,83278,California
Orange,2021-01-13,10224,111824,4899,72435,5325,39389,0,0,7026,68818,3194,21493,7033,90311,California
Orange,2021-01-14,9952,121776,3769,76204,6183,45572,0,0,8362,75598,1588,23081,8368,98679,California
Orange,2021-01-15,10154,131930,2618,78822,7536,53108,0,0,9282,84005,880,23961,9287,107966,California
Orange,2021-01-16,8704,140634,2096,80918,6608,59716,0,0,8308,91922,396,24357,8313,116279,California
Orange,2021-01-17,8152,148786,1485,82403,6667,66383,0,0,8006,99791,146,24503,8015,124294,California
Orange,2021-01-18,9744,158530,4455,86858,5289,71672,0,0,7504,105054,2243,26746,7506,131800,California
Orange,2021-01-19,7485,166015,5416,92274,2069,73741,0,0,4855,107280,2630,29376,4856,136656,California
Orange,2021-01-20,8271,174286,5816,98090,2455,76196,0,0,5216,109447,3056,32432,5223,141879,California
Orange,2021-01-21,10848,185134,4813,102903,6035,82231,0,0,10054,118717,793,33225,10063,151942,California
Orange,2021-01-22,13589,198723,5081,107984,8508,90739,0,0,12753,130650,828,34053,12761,164703,California
Orange,2021-01-23,13114,211837,6173,114157,6941,97680,0,0,12143,141832,969,35022,12151,176854,California
Orange,2021-01-24,9810,221647,4287,118444,5523,103203,0,0,9493,151014,314,35336,9496,186350,California
Orange,2021-01-25,10417,232064,5846,124290,4571,107774,0,0,7708,156023,2704,38040,7713,194063,California
Orange,2021-01-26,11872,243936,7708,131998,4164,111938,0,0,9726,163610,2142,40182,9729,203792,California
Orange,2021-01-27,13408,257344,7995,139993,5413,117351,0,0,10727,171671,2670,42852,10731,214523,California
Orange,2021-01-28,13008,270352,7189,147182,5819,123170,0,0,11155,180994,1840,44692,11163,225686,California
Orange,2021-01-29,13581,283933,8401,155583,5180,128350,0,0,10705,188853,2863,47555,10722,236408,California
Orange,2021-01-30,12928,296861,4444,160027,8484,136834,0,0,12196,200335,718,48273,12200,248608,California
Orange,2021-01-31,13710,310571,4943,164970,8767,145601,0,0,13269,213173,436,48709,13274,261882,California
Orange,2021-02-01,14024,324595,5775,170745,8249,153850,0,0,12032,223236,1973,50682,12036,273918,California
Orange,2021-02-02,15404,339999,8359,179104,7045,160895,0,0,12663,233269,2633,53315,12666,286584,California
Orange,2021-02-03,16727,356726,12565,191669,4162,165057,0,0,13724,244073,2925,56240,13729,300313,California
Orange,2021-02-04,19801,376527,12942,204611,6859,171916,0,0,14726,253763,5044,61284,14734,315047,California
Orange,2021-02-05,20730,397257,12002,216613,8728,180644,0,0,14462,261997,6230,67514,14464,329511,California
Orange,2021-02-06,16313,413570,10782,227395,5531,186175,0,0,11063,268043,5235,72749,11281,340792,California
Orange,2021-02-07,11518,425088,8101,235496,3417,189592,0,0,7546,271802,3957,76706,7716,348508,California
Orange,2021-02-08,14817,439905,8469,243965,6348,195940,0,0,8822,274660,5965,82671,8823,357331,California
Orange,2021-02-09,17638,457543,12011,255976,5627,201567,0,0,10738,278574,6828,89499,10742,368073,California
Orange,2021-02-10,20885,478428,11169,267145,9716,211283,0,0,12670,283129,8122,97621,12677,380750,California
Orange,2021-02-11,21986,500414,11392,278537,10594,221877,0,0,12379,286045,9481,107102,12397,393147,California
Orange,2021-02-12,24735,525149,11885,290422,12850,234727,0,0,14621,290612,10059,117161,14626,407773,California
Orange,2021-02-13,22005,547154,11908,302330,10097,244824,0,0,11142,291735,10660,127821,11783,419556,California
Orange,2021-02-14,16182,563336,6566,308896,9616,254440,0,0,9548,294674,6610,134431,9549,429105,California
Orange,2021-02-15,17215,580551,7389,316285,9826,264266,0,0,8881,295273,8291,142722,8890,437995,California
Orange,2021-02-16,19896,600447,8971,325256,10925,275191,0,0,10701,296847,9151,151873,10725,448720,California
Orange,2021-02-17,17783,618230,9312,334568,8471,283662,0,0,9160,297457,8581,160454,9191,457911,California
Orange,2021-02-18,14873,633103,9830,344398,5043,288705,0,0,6790,296219,8036,168490,6798,464709,California
Orange,2021-02-19,17834,650937,10723,355121,7111,295816,0,0,6881,292202,10909,179399,6892,471601,California
Orange,2021-02-20,7392,658329,5567,360688,1825,297641,0,0,3746,292332,3626,183025,3756,475357,California
Orange,2021-02-21,4320,662649,3642,364330,678,298319,0,0,774,289593,3513,186538,774,476131,California
Orange,2021-02-22,9599,672248,7837,372167,1762,300081,0,0,3882,287796,5693,192231,3896,480027,California
Orange,2021-02-23,13238,685486,7229,379396,6009,306090,0,0,3485,281593,9698,201929,3495,483522,California
Orange,2021-02-24,21089,706575,12783,392179,8306,314396,0,0,5354,271291,15675,217604,5373,488895,California
Orange,2021-02-25,22574,729149,12227,404406,10347,324743,0,0,7965,264731,14541,232145,7981,496876,California
Orange,2021-02-26,27660,756809,14006,418412,13654,338397,0,0,11141,259489,16407,248552,11165,508041,California
Orange,2021-02-27,24932,781741,10057,428469,14873,353270,2,2,7241,249158,17589,266141,7258,515299,California
Orange,2021-02-28,18991,800732,7345,435814,11646,364916,0,2,4795,239877,14093,280234,4812,520111,California
Orange,2021-03-01,18303,819035,8335,444149,9965,374881,3,5,7058,235774,11176,291410,7073,527184,California
Orange,2021-03-02,18720,837755,8845,452994,9874,384755,1,6,9141,235405,9539,300949,9170,536354,California
Orange,2021-03-03,20119,857874,9335,462329,10781,395536,3,9,10784,236946,9267,310216,10808,547162,California
Orange,2021-03-04,22192,880066,12787,475116,9392,404928,13,22,11500,237826,10658,320874,11538,558700,California
Orange,2021-03-05,20640,900706,10696,485812,9900,414828,44,66,12644,242616,7957,328831,12747,571447,California
Orange,2021-03-06,23840,924546,13090,498902,9888,424716,862,928,12612,244922,11195,340026,13501,584948,California
Orange,2021-03-07,14793,939339,8296,507198,6112,430828,385,1313,8634,247836,6126,346152,9040,593988,California
Orange,2021-03-08,16130,955469,7377,514575,7493,438321,1260,2573,10370,253772,5719,351871,11655,605643,California
Orange,2021-03-09,19655,975124,8546,523121,8681,447002,2428,5001,11273,259132,8345,360216,13705,619348,California
Orange,2021-03-10,23918,999042,11700,534821,9066,456068,3152,8153,12094,262606,11770,371986,15244,634592,California
Orange,2021-03-11,28814,1027856,15666,550487,9037,465105,4111,12264,13398,264781,15332,387318,17507,652099,California
Orange,2021-03-12,29123,1056979,14191,564678,11111,476216,3821,16085,14632,268844,14414,401732,18477,670576,California
Orange,2021-03-13,27652,1084631,10123,574801,13613,489829,3916,20001,13998,273155,13603,415335,17914,688490,California
Orange,2021-03-14,18758,1103389,8127,582928,8119,497948,2512,22513,11846,280624,6883,422218,14352,702842,California
Orange,2021-03-15,22915,1126304,10077,593005,12083,510031,755,23268,14315,287151,8538,430756,15065,717907,California
Orange,2021-03-16,26239,1152543,11080,604085,14937,524968,222,23490,17079,295373,9087,439843,17309,735216,California
Orange,2021-03-17,27106,1179649,13503,617588,13131,538099,472,23962,19378,307556,7666,447509,19849,755065,California
Orange,2021-03-18,27564,1207213,13843,631431,13450,551549,271,24233,21509,323344,5995,453504,21783,776848,California
Orange,2021-03-19,33222,1240435,18232,649663,14561,566110,429,24662,24790,340243,8330,461834,25229,802077,California
Orange,2021-03-20,25650,1266085,13468,663131,11978,578088,204,24866,21970,358794,3622,465456,22173,824250,California
Orange,2021-03-21,18341,1284426,10645,673776,6969,585057,727,25593,15604,372412,2713,468169,16331,840581,California
Orange,2021-03-22,22601,1307027,11673,685449,10609,595666,319,25912,19144,388496,3386,471555,19470,860051,California
Orange,2021-03-23,25823,1332850,13387,698836,11806,607472,630,26542,20781,404934,4975,476530,21413,881464,California
Orange,2021-03-24,28840,1361690,16088,714924,11872,619344,880,27422,21903,420849,6867,483397,22782,904246,California
Orange,2021-03-25,32063,1393753,17068,731992,14331,633675,664,28086,24143,437808,7847,491244,24806,929052,California
Orange,2021-03-26,34589,1428342,17943,749935,15799,649474,847,28933,24943,454045,9550,500794,25787,954839,California
Orange,2021-03-27,28259,1456601,13509,763444,14436,663910,314,29247,19751,465684,8428,509222,20067,974906,California
Orange,2021-03-28,24653,1481254,12750,776194,11836,675746,67,29314,18604,478368,5991,515213,18675,993581,California
Orange,2021-03-29,26313,1507567,12024,788218,13740,689486,549,29863,17911,488496,8333,523546,18461,1012042,California
Orange,2021-03-30,30385,1537952,13764,801982,16238,705724,383,30246,21277,501108,9049,532595,21661,1033703,California
Orange,2021-03-31,36715,1574667,19269,821251,16854,722578,592,30838,24095,513264,12535,545130,24691,1058394,California
Orange,2021-04-01,39661,1614328,20921,842172,17204,739782,1536,32374,25976,527165,13606,558736,27507,1085901,California
Orange,2021-04-02,39438,1653766,19914,862086,17871,757653,1653,34027,22474,534421,16878,575614,24134,1110035,California
Orange,2021-04-03,29560,1683326,15423,877509,12529,770182,1608,35635,14076,534687,15419,591033,15685,1125720,California
Orange,2021-04-04,18185,1701511,10613,888122,6885,777067,687,36322,8151,533530,9993,601026,8836,1134556,California
Orange,2021-04-05,29250,1730761,13875,901997,12151,789218,3224,39546,13787,535127,15408,616434,17005,1151561,California
Orange,2021-04-06,33018,1763779,15495,917492,14218,803436,3305,42851,14334,534153,18603,635037,17629,1169190,California
Orange,2021-04-07,35612,1799391,19948,937440,11235,814671,4429,47280,15745,534512,19797,654834,20156,1189346,California
Orange,2021-04-08,38214,1837605,21281,958721,11611,826282,5322,52602,18711,539110,19415,674249,24013,1213359,California
Orange,2021-04-09,40218,1877823,23473,982194,11714,837996,5031,57633,17845,539683,22289,696538,22862,1236221,California
Orange,2021-04-10,33849,1911672,17943,1000137,11788,849784,4118,61751,14096,538205,19677,716215,18199,1254420,California
Orange,2021-04-11,25291,1936963,14244,1014381,7827,857611,3220,64971,9703,535571,15546,731761,12912,1267332,California
Orange,2021-04-12,30078,1967041,15271,1029652,11356,868967,3451,68422,11851,532681,18178,749939,15288,1282620,California
Orange,2021-04-13,32156,1999197,18085,1047737,14009,882976,62,68484,15028,530706,17063,767002,15088,1297708,California
Orange,2021-04-14,33957,2033154,19788,1067525,14139,897115,30,68514,14892,526644,18986,785988,14924,1312632,California
Orange,2021-04-15,39352,2072506,23952,1091477,15389,912504,11,68525,18155,523700,21112,807100,18168,1330800,California
Orange,2021-04-16,40734,2113240,23877,1115354,16832,929336,25,68550,18318,519717,22332,829432,18349,1349149,California
Orange,2021-04-17,29557,2142797,17152,1132506,12402,941738,3,68553,12734,515705,16753,846185,12741,1361890,California
Orange,2021-04-18,21243,2164040,12817,1145323,8425,950163,1,68554,8399,511308,12800,858985,8403,1370293,California
Orange,2021-04-19,32113,2196153,17626,1162949,14485,964648,2,68556,14711,508694,17330,876315,14716,1385009,California
Orange,2021-04-20,34851,2231004,18061,1181010,16788,981436,2,68558,17409,508730,17374,893689,17410,1402419,California
Orange,2021-04-21,39811,2270815,22742,1203752,17059,998495,10,68568,18635,506283,21092,914781,18645,1421064,California
Orange,2021-04-22,38513,2309328,20335,1224087,18173,1016668,5,68573,16038,499975,22363,937144,16055,1437119,California
Orange,2021-04-23,37094,2346422,19231,1243318,17859,1034527,4,68577,16186,495352,20816,957960,16193,1453312,California
Orange,2021-04-24,28613,2375035,14866,1258184,13718,1048245,29,68606,11553,489935,17001,974961,11584,1464896,California
Orange,2021-04-25,18794,2393829,10446,1268630,8340,1056585,8,68614,7867,486924,10890,985851,7879,1472775,California
Orange,2021-04-26,11647,2405476,4996,1273626,6544,1063129,107,68721,5638,486697,5973,991824,5746,1478521,California
Placer,2020-12-15,29,29,29,29,0,0,0,0,29,29,0,0,29,29,California
Placer,2020-12-16,54,83,54,83,0,0,0,0,54,83,0,0,54,83,California
Placer,2020-12-17,139,222,139,222,0,0,0,0,139,222,0,0,139,222,California
Placer,2020-12-18,331,553,331,553,0,0,0,0,331,553,0,0,331,553,California
Placer,2020-12-19,251,804,251,804,0,0,0,0,251,804,0,0,251,804,California
Placer,2020-12-20,234,1038,234,1038,0,0,0,0,234,1038,0,0,234,1038,California
Placer,2020-12-21,492,1530,491,1529,1,1,0,0,492,1530,0,0,492,1530,California
Placer,2020-12-22,676,2206,669,2198,7,8,0,0,676,2206,0,0,676,2206,California
Placer,2020-12-23,743,2949,658,2856,85,93,0,0,743,2949,0,0,743,2949,California
Placer,2020-12-24,398,3347,346,3202,52,145,0,0,398,3347,0,0,398,3347,California
Placer,2020-12-26,158,3505,113,3315,45,190,0,0,158,3505,0,0,158,3505,California
Placer,2020-12-27,186,3691,163,3478,23,213,0,0,186,3691,0,0,186,3691,California
Placer,2020-12-28,664,4355,537,4015,127,340,0,0,664,4355,0,0,664,4355,California
Placer,2020-12-29,761,5116,513,4528,248,588,0,0,761,5116,0,0,761,5116,California
Placer,2020-12-30,730,5846,454,4982,276,864,0,0,728,5844,0,0,728,5844,California
Placer,2020-12-31,528,6374,343,5325,185,1049,0,0,528,6372,0,0,528,6372,California
Placer,2021-01-01,15,6389,11,5336,4,1053,0,0,15,6387,0,0,15,6387,California
Placer,2021-01-02,184,6573,152,5488,32,1085,0,0,184,6571,0,0,184,6571,California
Placer,2021-01-03,154,6727,79,5567,75,1160,0,0,154,6725,0,0,154,6725,California
Placer,2021-01-04,618,7345,179,5746,439,1599,0,0,618,7343,0,0,618,7343,California
Placer,2021-01-05,724,8069,159,5905,565,2164,0,0,641,7903,82,82,642,7985,California
Placer,2021-01-06,760,8829,244,6149,516,2680,0,0,618,8379,142,224,618,8603,California
Placer,2021-01-07,982,9811,366,6515,616,3296,0,0,777,8951,205,429,777,9380,California
Placer,2021-01-08,1182,10993,529,7044,653,3949,0,0,855,9482,324,753,855,10235,California
Placer,2021-01-09,449,11442,321,7365,128,4077,0,0,233,9500,215,968,233,10468,California
Placer,2021-01-10,329,11771,186,7551,143,4220,0,0,164,9499,165,1133,164,10632,California
Placer,2021-01-11,1426,13197,808,8359,618,4838,0,0,837,9748,589,1722,838,11470,California
Placer,2021-01-12,1645,14842,874,9233,771,5609,0,0,1043,10189,602,2324,1043,12513,California
Placer,2021-01-13,1626,16468,818,10051,808,6417,0,0,1206,10979,418,2742,1208,13721,California
Placer,2021-01-14,1756,18224,652,10703,1104,7521,0,0,1401,12029,352,3094,1402,15123,California
Placer,2021-01-15,1907,20131,723,11426,1184,8705,0,0,1556,13236,350,3444,1557,16680,California
Placer,2021-01-16,1471,21602,719,12145,752,9457,0,0,1350,14466,121,3565,1351,18031,California
Placer,2021-01-17,563,22165,397,12542,166,9623,0,0,431,14765,132,3697,431,18462,California
Placer,2021-01-18,977,23142,540,13082,437,10060,0,0,747,15283,230,3927,748,19210,California
Placer,2021-01-19,2576,25718,1947,15029,629,10689,0,0,2125,16957,451,4378,2125,21335,California
Placer,2021-01-20,2244,27962,1694,16723,550,11239,0,0,1916,18546,328,4706,1917,23252,California
Placer,2021-01-21,2539,30501,1113,17836,1426,12665,0,0,2145,20299,393,5099,2146,25398,California
Placer,2021-01-22,2293,32794,591,18427,1702,14367,0,0,2120,22249,171,5270,2121,27519,California
Placer,2021-01-23,1189,33983,380,18807,809,15176,0,0,1034,23128,155,5425,1034,28553,California
Placer,2021-01-24,508,34491,265,19072,243,15419,0,0,432,23485,76,5501,433,28986,California
Placer,2021-01-25,1669,36160,801,19873,868,16287,0,0,1382,24581,287,5788,1383,30369,California
Placer,2021-01-26,1847,38007,1026,20899,821,17108,0,0,1583,25900,264,6052,1583,31952,California
Placer,2021-01-27,1840,39847,1154,22053,686,17794,0,0,1597,27257,241,6293,1598,33550,California
Placer,2021-01-28,1797,41644,1111,23164,686,18480,0,0,1550,28562,245,6538,1550,35100,California
Placer,2021-01-29,1886,43530,1171,24335,715,19195,0,0,1694,30067,191,6729,1696,36796,California
Placer,2021-01-30,1723,45253,970,25305,753,19948,0,0,1604,31553,118,6847,1604,38400,California
Placer,2021-01-31,780,46033,624,25929,156,20104,0,0,712,32198,68,6915,713,39113,California
Placer,2021-02-01,2068,48101,1088,27017,980,21084,0,0,1754,33638,314,7229,1754,40867,California
Placer,2021-02-02,2367,50468,1535,28552,832,21916,0,0,1882,35038,482,7711,1882,42749,California
Placer,2021-02-03,2912,53380,1872,30424,1040,22956,0,0,2291,36712,617,8328,2291,45040,California
Placer,2021-02-04,2756,56136,1186,31610,1570,24526,0,0,1934,37828,819,9147,1935,46975,California
Placer,2021-02-05,2725,58861,1201,32811,1524,26050,0,0,1399,37906,1321,10468,1399,48374,California
Placer,2021-02-06,1945,60806,1308,34119,637,26687,0,0,1395,38751,550,11018,1395,49769,California
Placer,2021-02-07,1220,62026,910,35029,310,26997,0,0,938,39408,281,11299,938,50707,California
Placer,2021-02-08,3299,65325,1767,36796,1532,28529,0,0,1975,40068,1316,12615,1976,52683,California
Placer,2021-02-09,3545,68870,2173,38969,1372,29901,0,0,1641,39807,1902,14517,1641,54324,California
Placer,2021-02-10,3745,72615,2190,41159,1555,31456,0,0,1745,39557,1997,16514,1747,56071,California
Placer,2021-02-11,3622,76237,1902,43061,1720,33176,0,0,1579,39102,2035,18549,1580,57651,California
Placer,2021-02-12,2749,78986,1317,44378,1432,34608,0,0,1653,39677,1079,19628,1654,59305,California
Placer,2021-02-13,2533,81519,1484,45862,1049,35657,0,0,1882,40908,651,20279,1882,61187,California
Placer,2021-02-14,1078,82597,676,46538,402,36059,0,0,737,41307,338,20617,737,61924,California
Placer,2021-02-15,2181,84778,1043,47581,1138,37197,0,0,1521,42168,661,21278,1522,63446,California
Placer,2021-02-16,3539,88317,1778,49359,1761,38958,0,0,1579,41797,1951,23229,1580,65026,California
Placer,2021-02-17,3537,91854,1961,51320,1576,40534,0,0,1507,41278,2026,25255,1507,66533,California
Placer,2021-02-18,3746,95600,2042,53362,1704,42238,0,0,1621,40784,2116,27371,1622,68155,California
Placer,2021-02-19,3565,99165,1910,55272,1655,43893,0,0,1318,39860,2243,29614,1319,69474,California
Placer,2021-02-20,1970,101135,1230,56502,740,44633,0,0,886,39671,1078,30692,889,70363,California
Placer,2021-02-21,971,102106,729,57231,242,44875,0,0,279,39262,689,31381,280,70643,California
Placer,2021-02-22,2514,104620,1768,58999,746,45621,0,0,602,37953,1911,33292,602,71245,California
Placer,2021-02-23,2532,107152,1565,60564,967,46588,0,0,876,37174,1655,34947,876,72121,California
Placer,2021-02-24,3259,110411,1173,61737,2086,48674,0,0,1780,37487,1469,36416,1782,73903,California
Placer,2021-02-25,3477,113888,1423,63160,2054,50728,0,0,1843,37704,1627,38043,1844,75747,California
Placer,2021-02-26,4090,117978,2372,65532,1718,52446,0,0,2350,38318,1736,39779,2350,78097,California
Placer,2021-02-27,2814,120792,1492,67024,1322,53768,0,0,1449,38411,1359,41138,1452,79549,California
Placer,2021-02-28,1390,122182,790,67814,600,54368,0,0,581,38189,803,41941,581,80130,California
Placer,2021-03-01,2989,125171,1985,69799,1004,55372,0,0,1541,38287,1443,43384,1541,81671,California
Placer,2021-03-02,2866,128037,1760,71559,1106,56478,0,0,1877,39180,984,44368,1877,83548,California
Placer,2021-03-03,3291,131328,1400,72959,1891,58369,0,0,1794,39484,1491,45859,1795,85343,California
Placer,2021-03-04,3564,134892,1426,74385,2138,60507,0,0,1849,39631,1703,47562,1850,87193,California
Placer,2021-03-05,2990,137882,1025,75410,1943,62450,22,22,1793,40251,1195,48757,1815,89008,California
Placer,2021-03-06,2399,140281,1481,76891,822,63272,96,118,920,39795,1472,50229,1016,90024,California
Placer,2021-03-07,1295,141576,756,77647,501,63773,38,156,526,39593,766,50995,564,90588,California
Placer,2021-03-08,2909,144485,1828,79475,968,64741,113,269,1651,40101,1256,52251,1764,92352,California
Placer,2021-03-09,3160,147645,1678,81153,1392,66133,90,359,1809,40652,1348,53599,1899,94251,California
Placer,2021-03-10,3267,150912,1315,82468,1845,67978,107,466,1703,40903,1559,55158,1810,96061,California
Placer,2021-03-11,3542,154454,1587,84055,1831,69809,124,590,1703,40901,1831,56989,1829,97890,California
Placer,2021-03-12,3667,158121,1481,85536,1406,71215,780,1370,1250,40521,2411,59400,2031,99921,California
Placer,2021-03-13,2103,160224,737,86273,1248,72463,118,1488,1129,40798,971,60371,1248,101169,California
Placer,2021-03-14,1636,161860,672,86945,815,73278,149,1637,889,41090,746,61117,1038,102207,California
Placer,2021-03-15,3172,165032,1528,88473,1513,74791,131,1768,1758,41568,1412,62529,1890,104097,California
Placer,2021-03-16,3546,168578,1910,90383,1503,76294,133,1901,2277,42720,1259,63788,2411,106508,California
Placer,2021-03-17,3394,171972,1725,92108,1570,77864,99,2000,2199,43827,1193,64981,2300,108808,California
Placer,2021-03-18,3952,175924,2195,94303,1719,79583,38,2038,2816,45550,1130,66111,2853,111661,California
Placer,2021-03-19,3409,179333,2060,96363,1085,80668,264,2302,2174,46759,1228,67339,2437,114098,California
Placer,2021-03-20,2135,181468,896,97259,1142,81810,97,2399,1304,47332,827,68166,1400,115498,California
Placer,2021-03-21,1246,182714,572,97831,665,82475,9,2408,939,47976,304,68470,948,116446,California
Placer,2021-03-22,3263,185977,2098,99929,1078,83553,87,2495,2191,49187,1068,69538,2279,118725,California
Placer,2021-03-23,3517,189494,2090,102019,1336,84889,91,2586,2520,50807,992,70530,2612,121337,California
Placer,2021-03-24,3759,193253,1998,104017,1664,86553,97,2683,1947,51052,1799,72329,2044,123381,California
Placer,2021-03-25,3773,197026,1796,105813,1880,88433,97,2780,1726,50836,2038,74367,1822,125203,California
Placer,2021-03-26,3744,200770,1654,107467,1858,90291,232,3012,1582,50498,2152,76519,1814,127017,California
Placer,2021-03-27,1595,202365,470,107937,1105,91396,20,3032,651,50232,937,77456,671,127688,California
Placer,2021-03-28,1095,203460,526,108463,559,91955,10,3042,368,49888,722,78178,378,128066,California
Placer,2021-03-29,3549,207009,1983,110446,1532,93487,34,3076,1723,49829,1817,79995,1758,129824,California
Placer,2021-03-30,3986,210995,2112,112558,1830,95317,44,3120,2106,50111,1867,81862,2149,131973,California
Placer,2021-03-31,4061,215056,1830,114388,2157,97474,74,3194,1691,49512,2363,84225,1764,133737,California
Placer,2021-04-01,2863,217919,1366,115754,1452,98926,45,3239,1594,49884,1267,85492,1639,135376,California
Placer,2021-04-02,2783,220702,1440,117194,1279,100205,64,3303,1552,50275,1224,86716,1615,136991,California
Placer,2021-04-03,1855,222557,984,118178,741,100946,130,3433,892,50340,956,87672,1021,138012,California
Placer,2021-04-04,706,223263,360,118538,293,101239,53,3486,284,50257,420,88092,337,138349,California
Placer,2021-04-05,2989,226252,1893,120431,914,102153,182,3668,1745,50944,1240,89332,1927,140276,California
Placer,2021-04-06,4263,230515,2466,122897,1499,103652,298,3966,1520,50024,2738,92070,1818,142094,California
Placer,2021-04-07,4484,234999,2563,125460,1461,105113,460,4426,2050,50103,2428,94498,2507,144601,California
Placer,2021-04-08,4668,239667,2590,128050,1534,106647,544,4970,1570,49130,3087,97585,2114,146715,California
Placer,2021-04-09,4058,243725,2238,130288,1207,107854,613,5583,1208,48110,2843,100428,1823,148538,California
Placer,2021-04-10,1978,245703,854,131142,945,108799,179,5762,845,48003,1130,101558,1023,149561,California
Placer,2021-04-11,1312,247015,501,131643,778,109577,33,5795,425,47577,883,102441,457,150018,California
Placer,2021-04-12,4101,251116,2652,134295,1069,110646,380,6175,2468,48800,1624,104065,2847,152865,California
Placer,2021-04-13,4333,255449,2985,137280,1347,111993,1,6176,2188,48848,2141,106206,2189,155054,California
Placer,2021-04-14,4055,259504,2506,139786,1548,113541,1,6177,1795,48392,2251,108457,1795,156849,California
Placer,2021-04-15,4380,263884,2422,142208,1957,115498,1,6178,2276,48573,2096,110553,2277,159126,California
Placer,2021-04-16,3649,267533,2169,144377,1480,116978,0,6178,1426,47783,2217,112770,1427,160553,California
Placer,2021-04-17,2336,269869,794,145171,1542,118520,0,6178,1449,48348,884,113654,1449,162002,California
Placer,2021-04-18,1145,271014,223,145394,922,119442,0,6178,398,48002,744,114398,398,162400,California
Placer,2021-04-19,2882,273896,1756,147150,1126,120568,0,6178,1140,47404,1739,116137,1141,163541,California
Placer,2021-04-20,3749,277645,2421,149571,1328,121896,0,6178,2383,48429,1358,117495,2383,165924,California
Placer,2021-04-21,3608,281253,2365,151936,1242,123138,1,6179,2352,49531,1251,118746,2353,168277,California
Placer,2021-04-22,3510,284763,2131,154067,1379,124517,0,6179,1711,49448,1796,120542,1713,169990,California
Placer,2021-04-23,2522,287285,1459,155526,1062,125579,1,6180,1261,49454,1256,121798,1262,171252,California
Placer,2021-04-24,1419,288704,770,156296,649,126228,0,6180,811,49663,602,122400,811,172063,California
Placer,2021-04-25,683,289387,360,156656,323,126551,0,6180,420,49822,261,122661,420,172483,California
Placer,2021-04-26,1154,290541,694,157350,455,127006,5,6185,557,49791,593,123254,562,173045,California
Plumas,2020-12-18,4,4,4,4,0,0,0,0,4,4,0,0,4,4,California
Plumas,2020-12-19,1,5,1,5,0,0,0,0,1,5,0,0,1,5,California
Plumas,2020-12-21,45,50,45,50,0,0,0,0,45,50,0,0,45,50,California
Plumas,2020-12-22,92,142,92,142,0,0,0,0,92,142,0,0,92,142,California
Plumas,2020-12-23,50,192,50,192,0,0,0,0,50,192,0,0,50,192,California
Plumas,2020-12-24,6,198,6,198,0,0,0,0,6,198,0,0,6,198,California
Plumas,2020-12-28,8,206,0,198,8,8,0,0,8,206,0,0,8,206,California
Plumas,2020-12-29,32,238,22,220,10,18,0,0,32,238,0,0,32,238,California
Plumas,2020-12-30,22,260,1,221,21,39,0,0,22,260,0,0,22,260,California
Plumas,2020-12-31,4,264,1,222,3,42,0,0,4,264,0,0,4,264,California
Plumas,2021-01-04,10,274,4,226,6,48,0,0,10,274,0,0,10,274,California
Plumas,2021-01-05,22,296,2,228,20,68,0,0,22,296,0,0,22,296,California
Plumas,2021-01-06,124,420,5,233,119,187,0,0,124,420,0,0,124,420,California
Plumas,2021-01-07,53,473,2,235,51,238,0,0,52,471,1,1,52,472,California
Plumas,2021-01-08,12,485,5,240,7,245,0,0,8,475,4,5,8,480,California
Plumas,2021-01-09,2,487,2,242,0,245,0,0,1,475,1,6,1,481,California
Plumas,2021-01-11,59,546,50,292,9,254,0,0,12,440,47,53,12,493,California
Plumas,2021-01-12,155,701,86,378,69,323,0,0,71,427,84,137,71,564,California
Plumas,2021-01-13,56,757,50,428,6,329,0,0,10,391,46,183,10,574,California
Plumas,2021-01-14,96,853,14,442,82,411,0,0,91,477,5,188,91,665,California
Plumas,2021-01-15,62,915,7,449,55,466,0,0,60,535,2,190,60,725,California
Plumas,2021-01-16,58,973,1,450,57,523,0,0,58,593,0,190,58,783,California
Plumas,2021-01-18,2,975,1,451,1,524,0,0,2,595,0,190,2,785,California
Plumas,2021-01-19,36,1011,5,456,31,555,0,0,32,623,4,194,32,817,California
Plumas,2021-01-20,121,1132,3,459,118,673,0,0,119,740,2,196,119,936,California
Plumas,2021-01-21,113,1245,2,461,111,784,0,0,113,853,0,196,113,1049,California
Plumas,2021-01-22,4,1249,0,461,4,788,0,0,4,857,0,196,4,1053,California
Plumas,2021-01-23,92,1341,1,462,91,879,0,0,92,949,0,196,92,1145,California
Plumas,2021-01-24,1,1342,1,463,0,879,0,0,1,950,0,196,1,1146,California
Plumas,2021-01-25,10,1352,7,470,3,882,0,0,7,954,3,199,7,1153,California
Plumas,2021-01-26,60,1412,2,472,58,940,0,0,52,998,8,207,52,1205,California
Plumas,2021-01-27,25,1437,20,492,5,945,0,0,5,983,20,227,5,1210,California
Plumas,2021-01-28,23,1460,0,492,23,968,0,0,21,1002,2,229,21,1231,California
Plumas,2021-01-29,8,1468,2,494,6,974,0,0,7,1008,1,230,7,1238,California
Plumas,2021-01-30,8,1476,4,498,4,978,0,0,7,1014,1,231,7,1245,California
Plumas,2021-01-31,3,1479,3,501,0,978,0,0,3,1017,0,231,3,1248,California
Plumas,2021-02-01,15,1494,2,503,13,991,0,0,7,1016,8,239,7,1255,California
Plumas,2021-02-02,20,1514,1,504,19,1010,0,0,1,998,19,258,1,1256,California
Plumas,2021-02-03,128,1642,8,512,120,1130,0,0,13,897,114,372,13,1269,California
Plumas,2021-02-04,101,1743,8,520,93,1223,0,0,23,842,78,450,23,1292,California
Plumas,2021-02-05,24,1767,11,531,13,1236,0,0,9,836,15,465,9,1301,California
Plumas,2021-02-06,7,1774,0,531,7,1243,0,0,7,843,0,465,7,1308,California
Plumas,2021-02-08,16,1790,7,538,9,1252,0,0,4,835,12,477,4,1312,California
Plumas,2021-02-09,171,1961,1,539,170,1422,0,0,111,886,60,537,111,1423,California
Plumas,2021-02-10,89,2050,9,548,80,1502,0,0,80,958,9,546,81,1504,California
Plumas,2021-02-11,322,2372,7,555,315,1817,0,0,263,1162,59,605,263,1767,California
Plumas,2021-02-12,122,2494,3,558,119,1936,0,0,118,1276,4,609,118,1885,California
Plumas,2021-02-13,73,2567,4,562,69,2005,0,0,14,1231,59,668,14,1899,California
Plumas,2021-02-14,8,2575,5,567,3,2008,0,0,8,1239,0,668,8,1907,California
Plumas,2021-02-15,28,2603,5,572,23,2031,0,0,25,1261,3,671,25,1932,California
Plumas,2021-02-16,76,2679,4,576,72,2103,0,0,14,1213,62,733,14,1946,California
Plumas,2021-02-17,136,2815,5,581,131,2234,0,0,12,1101,124,857,12,1958,California
Plumas,2021-02-18,128,2943,6,587,122,2356,0,0,19,1011,109,966,19,1977,California
Plumas,2021-02-19,41,2984,4,591,37,2393,0,0,6,982,35,1001,6,1983,California
Plumas,2021-02-20,103,3087,6,597,97,2490,0,0,11,901,92,1093,11,1994,California
Plumas,2021-02-21,6,3093,5,602,1,2491,0,0,2,899,4,1097,2,1996,California
Plumas,2021-02-22,3,3096,1,603,2,2493,0,0,0,896,3,1100,0,1996,California
Plumas,2021-02-23,24,3120,4,607,20,2513,0,0,16,904,8,1108,16,2012,California
Plumas,2021-02-24,456,3576,6,613,450,2963,0,0,443,1334,13,1121,443,2455,California
Plumas,2021-02-25,231,3807,9,622,222,3185,0,0,171,1445,60,1181,171,2626,California
Plumas,2021-02-26,264,4071,8,630,256,3441,0,0,256,1694,8,1189,257,2883,California
Plumas,2021-02-27,41,4112,4,634,37,3478,0,0,34,1721,7,1196,34,2917,California
Plumas,2021-02-28,1,4113,0,634,1,3479,0,0,1,1722,0,1196,1,2918,California
Plumas,2021-03-01,12,4125,3,637,9,3488,0,0,7,1725,4,1200,7,2925,California
Plumas,2021-03-02,8,4133,0,637,8,3496,0,0,6,1729,2,1202,6,2931,California
Plumas,2021-03-03,152,4285,10,647,142,3638,0,0,136,1849,16,1218,136,3067,California
Plumas,2021-03-04,250,4535,9,656,241,3879,0,0,229,2057,21,1239,229,3296,California
Plumas,2021-03-05,399,4934,6,662,388,4267,5,5,388,2439,11,1250,393,3689,California
Plumas,2021-03-06,19,4953,2,664,9,4276,8,13,3,2434,16,1266,11,3700,California
Plumas,2021-03-07,13,4966,2,666,2,4278,9,22,3,2436,10,1276,12,3712,California
Plumas,2021-03-08,29,4995,3,669,2,4280,24,46,3,2437,26,1302,27,3739,California
Plumas,2021-03-09,132,5127,1,670,116,4396,15,61,18,2356,114,1416,33,3772,California
Plumas,2021-03-10,255,5382,3,673,238,4634,14,75,108,2332,146,1562,122,3894,California
Plumas,2021-03-11,181,5563,8,681,168,4802,5,80,146,2448,35,1597,151,4045,California
Plumas,2021-03-12,595,6158,3,684,304,5106,288,368,23,2187,572,2169,311,4356,California
Plumas,2021-03-13,25,6183,4,688,10,5116,11,379,5,2183,20,2189,16,4372,California
Plumas,2021-03-14,12,6195,3,691,4,5120,5,384,1,2179,10,2199,6,4378,California
Plumas,2021-03-15,34,6229,1,692,26,5146,7,391,7,2166,27,2226,14,4392,California
Plumas,2021-03-16,59,6288,2,694,56,5202,1,392,49,2206,10,2236,50,4442,California
Plumas,2021-03-17,74,6362,10,704,63,5265,1,393,59,2252,14,2250,60,4502,California
Plumas,2021-03-18,57,6419,6,710,34,5299,17,410,8,2228,49,2299,25,4527,California
Plumas,2021-03-19,164,6583,6,716,156,5455,2,412,155,2379,7,2306,158,4685,California
Plumas,2021-03-20,693,7276,4,720,688,6143,1,413,672,3033,19,2325,673,5358,California
Plumas,2021-03-21,2,7278,1,721,1,6144,0,413,1,3034,0,2325,1,5359,California
Plumas,2021-03-22,182,7460,2,723,180,6324,0,413,175,3202,7,2332,175,5534,California
Plumas,2021-03-23,27,7487,2,725,25,6349,0,413,13,3201,14,2346,13,5547,California
Plumas,2021-03-24,653,8140,7,732,645,6994,1,414,223,2996,429,2775,224,5771,California
Plumas,2021-03-25,291,8431,5,737,284,7278,2,416,151,3007,140,2915,151,5922,California
Plumas,2021-03-26,307,8738,7,744,300,7578,0,416,45,2791,261,3176,45,5967,California
Plumas,2021-03-27,12,8750,1,745,10,7588,1,417,2,2784,10,3186,3,5970,California
Plumas,2021-03-28,5,8755,3,748,1,7589,1,418,3,2786,2,3188,4,5974,California
Plumas,2021-03-29,13,8768,4,752,8,7597,1,419,5,2784,8,3196,6,5980,California
Plumas,2021-03-30,151,8919,3,755,147,7744,1,420,24,2682,127,3323,25,6005,California
Plumas,2021-03-31,287,9206,2,757,284,8028,1,421,268,2932,19,3342,269,6274,California
Plumas,2021-04-01,291,9497,12,769,279,8307,0,421,59,2760,231,3573,59,6333,California
Plumas,2021-04-02,373,9870,4,773,368,8675,1,422,27,2454,334,3907,28,6361,California
Plumas,2021-04-03,16,9886,2,775,6,8681,8,430,3,2452,13,3920,11,6372,California
Plumas,2021-04-04,3,9889,1,776,1,8682,1,431,0,2450,3,3923,1,6373,California
Plumas,2021-04-05,13,9902,4,780,8,8690,1,432,6,2450,7,3930,7,6380,California
Plumas,2021-04-06,120,10022,6,786,83,8773,31,463,13,2382,107,4037,39,6419,California
Plumas,2021-04-07,281,10303,7,793,99,8872,175,638,27,2330,254,4291,202,6621,California
Plumas,2021-04-08,149,10452,3,796,131,9003,15,653,34,2264,114,4405,48,6669,California
Plumas,2021-04-09,50,10502,9,805,25,9028,16,669,19,2267,31,4436,34,6703,California
Plumas,2021-04-10,23,10525,2,807,5,9033,16,685,4,2268,19,4455,20,6723,California
Plumas,2021-04-11,4,10529,3,810,0,9033,1,686,3,2271,1,4456,4,6727,California
Plumas,2021-04-12,10,10539,4,814,4,9037,2,688,6,2275,4,4460,8,6735,California
Plumas,2021-04-13,207,10746,5,819,202,9239,0,688,138,2344,69,4529,138,6873,California
Plumas,2021-04-14,108,10854,7,826,101,9340,0,688,54,2344,54,4583,54,6927,California
Plumas,2021-04-15,48,10902,3,829,45,9385,0,688,33,2362,15,4598,33,6960,California
Plumas,2021-04-16,144,11046,4,833,140,9525,0,688,4,2226,140,4738,4,6964,California
Plumas,2021-04-17,665,11711,1,834,664,10189,0,688,20,1603,643,5381,20,6984,California
Plumas,2021-04-18,3,11714,2,836,1,10190,0,688,1,1602,2,5383,1,6985,California
Plumas,2021-04-19,38,11752,3,839,35,10225,0,688,5,1574,33,5416,5,6990,California
Plumas,2021-04-20,40,11792,4,843,36,10261,0,688,25,1584,15,5431,25,7015,California
Plumas,2021-04-21,293,12085,6,849,280,10541,7,695,18,1328,274,5705,18,7033,California
Plumas,2021-04-22,269,12354,9,858,260,10801,0,695,132,1323,137,5842,132,7165,California
Plumas,2021-04-23,69,12423,3,861,66,10867,0,695,14,1282,55,5897,14,7179,California
Plumas,2021-04-24,165,12588,3,864,162,11029,0,695,141,1400,23,5920,141,7320,California
Plumas,2021-04-25,1,12589,0,864,1,11030,0,695,1,1401,0,5920,1,7321,California
Plumas,2021-04-26,19,12608,1,865,18,11048,0,695,4,1390,15,5935,4,7325,California
Riverside,2020-12-15,4,4,4,4,0,0,0,0,4,4,0,0,4,4,California
Riverside,2020-12-16,64,68,64,68,0,0,0,0,64,68,0,0,64,68,California
Riverside,2020-12-17,805,873,805,873,0,0,0,0,805,873,0,0,805,873,California
Riverside,2020-12-18,1725,2598,1724,2597,1,1,0,0,1725,2598,0,0,1725,2598,California
Riverside,2020-12-19,1026,3624,1023,3620,3,4,0,0,1024,3621,1,1,1024,3622,California
Riverside,2020-12-20,1084,4708,1083,4703,1,5,0,0,1084,4705,0,1,1084,4706,California
Riverside,2020-12-21,2273,6981,2271,6974,2,7,0,0,2273,6978,0,1,2273,6979,California
Riverside,2020-12-22,2251,9232,2212,9186,39,46,0,0,2250,9228,0,1,2250,9229,California
Riverside,2020-12-23,2128,11360,1791,10977,337,383,0,0,2129,11357,0,1,2129,11358,California
Riverside,2020-12-24,826,12186,624,11601,202,585,0,0,826,12183,0,1,826,12184,California
Riverside,2020-12-25,28,12214,5,11606,23,608,0,0,28,12211,0,1,28,12212,California
Riverside,2020-12-26,400,12614,257,11863,143,751,0,0,400,12611,0,1,400,12612,California
Riverside,2020-12-27,361,12975,243,12106,118,869,0,0,361,12972,0,1,361,12973,California
Riverside,2020-12-28,1626,14601,1126,13232,500,1369,0,0,1626,14598,0,1,1626,14599,California
Riverside,2020-12-29,1736,16337,972,14204,764,2133,0,0,1736,16334,0,1,1736,16335,California
Riverside,2020-12-30,2572,18909,1681,15885,891,3024,0,0,2571,18905,0,1,2571,18906,California
Riverside,2020-12-31,1022,19931,394,16279,628,3652,0,0,1024,19929,0,1,1024,19930,California
Riverside,2021-01-01,107,20038,42,16321,65,3717,0,0,107,20036,0,1,107,20037,California
Riverside,2021-01-02,830,20868,691,17012,139,3856,0,0,830,20866,0,1,830,20867,California
Riverside,2021-01-03,345,21213,300,17312,45,3901,0,0,344,21210,0,1,344,21211,California
Riverside,2021-01-04,1257,22470,792,18104,465,4366,0,0,1257,22467,0,1,1257,22468,California
Riverside,2021-01-05,1979,24449,1363,19467,616,4982,0,0,1885,24264,88,89,1885,24353,California
Riverside,2021-01-06,2474,26923,1103,20570,1371,6353,0,0,2168,26130,302,391,2168,26521,California
Riverside,2021-01-07,2767,29690,1814,22384,953,7306,0,0,1704,26777,1059,1450,1706,28227,California
Riverside,2021-01-08,4045,33735,2936,25320,1109,8415,0,0,2233,27202,1808,3258,2233,30460,California
Riverside,2021-01-09,2068,35803,845,26165,1223,9638,0,0,1722,28579,345,3603,1722,32182,California
Riverside,2021-01-10,1663,37466,734,26899,929,10567,0,0,1060,29036,603,4206,1060,33242,California
Riverside,2021-01-11,4509,41975,3094,29993,1415,11982,0,0,2777,30084,1730,5936,2778,36020,California
Riverside,2021-01-12,3402,45377,2730,32723,672,12654,0,0,1715,30117,1682,7618,1715,37735,California
Riverside,2021-01-13,4383,49760,2868,35591,1515,14169,0,0,2780,31297,1600,9218,2780,40515,California
Riverside,2021-01-14,5463,55223,1866,37457,3597,17766,0,0,4877,35588,586,9804,4877,45392,California
Riverside,2021-01-15,6141,61364,2094,39551,4047,21813,0,0,5853,41154,287,10091,5853,51245,California
Riverside,2021-01-16,3611,64975,1018,40569,2593,24406,0,0,3366,44276,245,10336,3367,54612,California
Riverside,2021-01-17,3591,68566,582,41151,3009,27415,0,0,3395,47476,195,10531,3395,58007,California
Riverside,2021-01-18,3718,72284,2019,43170,1699,29114,0,0,2713,49184,1005,11536,2713,60720,California
Riverside,2021-01-19,7400,79684,2637,45807,4763,33877,0,0,6282,54349,1118,12654,6283,67003,California
Riverside,2021-01-20,7955,87639,2873,48680,5082,38959,0,0,6473,59353,1473,14127,6477,73480,California
Riverside,2021-01-21,8216,95855,3379,52059,4837,43796,0,0,7602,66340,615,14742,7602,81082,California
Riverside,2021-01-22,8703,104558,2963,55022,5740,49536,0,0,8275,74190,426,15168,8276,89358,California
Riverside,2021-01-23,5921,110479,2393,57415,3528,53064,0,0,5193,78656,728,15896,5194,94552,California
Riverside,2021-01-24,3033,113512,1430,58845,1603,54667,0,0,2820,81267,210,16106,2821,97373,California
Riverside,2021-01-25,7874,121386,4536,63381,3338,58005,0,0,6750,86895,1123,17229,6751,104124,California
Riverside,2021-01-26,9118,130504,5735,69116,3383,61388,0,0,7606,92992,1510,18739,7607,111731,California
Riverside,2021-01-27,10832,141336,6353,75469,4479,65867,0,0,9269,100704,1560,20299,9272,121003,California
Riverside,2021-01-28,11408,152744,6715,82184,4693,70560,0,0,10252,109809,1148,21447,10253,131256,California
Riverside,2021-01-29,11868,164612,7248,89432,4620,75180,0,0,10500,118974,1341,22788,10506,141762,California
Riverside,2021-01-30,9045,173657,4607,94039,4438,79618,0,0,8583,127099,459,23247,8584,150346,California
Riverside,2021-01-31,5146,178803,4242,98281,904,80522,0,0,5014,131986,131,23378,5018,155364,California
Riverside,2021-02-01,10841,189644,6699,104980,4142,84664,0,0,9064,139282,1771,25149,9067,164431,California
Riverside,2021-02-02,9503,199147,4850,109830,4653,89317,0,0,8020,145828,1476,26625,8022,172453,California
Riverside,2021-02-03,11994,211141,4975,114805,7019,96336,0,0,9766,153376,2218,28843,9766,182219,California
Riverside,2021-02-04,13546,224687,6045,120850,7501,103837,0,0,11458,162755,2081,30924,11460,193679,California
Riverside,2021-02-05,14313,239000,5396,126246,8917,112754,0,0,11277,171008,3028,33952,11281,204960,California
Riverside,2021-02-06,7254,246254,4283,130529,2971,115725,0,0,5614,174993,1632,35584,5617,210577,California
Riverside,2021-02-07,2162,248416,792,131321,1370,117095,0,0,1846,176525,315,35899,1847,212424,California
Riverside,2021-02-08,12439,260855,5527,136848,6912,124007,0,0,10158,184422,2264,38163,10161,222585,California
Riverside,2021-02-09,9638,270493,4522,141370,5116,129123,0,0,7724,190245,1906,40069,7729,230314,California
Riverside,2021-02-10,12050,282543,6975,148345,5075,134198,0,0,8899,196013,3139,43208,8907,239221,California
Riverside,2021-02-11,16551,299094,9035,157380,7516,141714,0,0,12173,203844,4356,47564,12187,251408,California
Riverside,2021-02-12,17663,316757,10813,168193,6850,148564,0,0,12826,211886,4794,52358,12836,264244,California
Riverside,2021-02-13,6320,323077,2124,170317,4196,152760,0,0,3092,211789,3210,55568,3113,267357,California
Riverside,2021-02-14,4925,328002,1122,171439,3803,156563,0,0,2175,211219,2746,58314,2176,269533,California
Riverside,2021-02-15,9807,337809,4995,176434,4812,161375,0,0,5400,212227,4399,62713,5407,274940,California
Riverside,2021-02-16,16100,353909,10107,186541,5993,167368,0,0,9249,214638,6845,69558,9256,284196,California
Riverside,2021-02-17,14996,368905,8192,194733,6804,174172,0,0,7438,214539,7546,77104,7447,291643,California
Riverside,2021-02-18,15467,384372,8939,203672,6528,180700,0,0,8053,215208,7397,84501,8066,299709,California
Riverside,2021-02-19,15236,399608,8213,211885,7023,187723,0,0,7210,214419,8007,92508,7218,306927,California
Riverside,2021-02-20,8056,407664,4252,216137,3804,191527,0,0,2088,210557,5953,98461,2091,309018,California
Riverside,2021-02-21,3408,411072,2893,219030,515,192042,0,0,1025,209213,2369,100830,1025,310043,California
Riverside,2021-02-22,12319,423391,7737,226767,4582,196624,0,0,5095,207106,7207,108037,5100,315143,California
Riverside,2021-02-23,11069,434460,7545,234312,3524,200148,0,0,5381,206830,5661,113698,5385,320528,California
Riverside,2021-02-24,14787,449247,8092,242404,6695,206843,0,0,6301,204701,8447,122145,6318,326846,California
Riverside,2021-02-25,17283,466530,7358,249762,9925,216768,0,0,8019,203502,9243,131388,8044,334890,California
Riverside,2021-02-26,18551,485081,6692,256454,11859,228627,0,0,9271,203581,9224,140612,9303,344193,California
Riverside,2021-02-27,11347,496428,4912,261366,6435,235062,0,0,5664,203620,5651,146263,5690,349883,California
Riverside,2021-02-28,4611,501039,2947,264313,1664,236726,0,0,2375,203776,2226,148489,2382,352265,California
Riverside,2021-03-01,14267,515306,6074,270387,8192,244918,1,1,8417,206401,5820,154309,8445,360710,California
Riverside,2021-03-02,15257,530563,7430,277817,7826,252744,1,2,8965,209125,6270,160579,8994,369704,California
Riverside,2021-03-03,16719,547282,8264,286081,8455,261199,0,2,7172,206922,9500,170079,7297,377001,California
Riverside,2021-03-04,18539,565821,7390,293471,11145,272344,4,6,8795,206170,9702,179781,8950,385951,California
Riverside,2021-03-05,18676,584497,7486,300957,11146,283490,44,50,9246,206355,9380,189161,9565,395516,California
Riverside,2021-03-06,9376,593873,4965,305922,3933,287423,478,528,4654,206809,4708,193869,5162,400678,California
Riverside,2021-03-07,4170,598043,2695,308617,1087,288510,388,916,1960,206960,2201,196070,2352,403030,California
Riverside,2021-03-08,11904,609947,4734,313351,6768,295278,402,1318,5303,206127,6585,202655,5752,408782,California
Riverside,2021-03-09,14631,624578,6756,320107,7380,302658,495,1813,5773,203692,8841,211496,6406,415188,California
Riverside,2021-03-10,15563,640141,8361,328468,6327,308985,875,2688,5994,201179,9535,221031,7022,422210,California
Riverside,2021-03-11,19148,659289,9415,337883,7898,316883,1835,4523,7546,199200,11570,232601,9591,431801,California
Riverside,2021-03-12,21078,680367,7907,345790,8486,325369,4685,9208,7083,197334,13965,246566,12099,443900,California
Riverside,2021-03-13,8337,688704,2501,348291,4668,330037,1168,10376,4282,198827,4036,250602,5529,449429,California
Riverside,2021-03-14,4597,693301,1577,349868,1731,331768,1289,11665,2038,199602,2549,253151,3324,452753,California
Riverside,2021-03-15,18600,711901,7831,357699,9100,340868,1669,13334,9141,201092,9421,262572,10911,463664,California
Riverside,2021-03-16,20843,732744,10103,367802,9927,350795,813,14147,11359,203911,9447,272019,12266,475930,California
Riverside,2021-03-17,21228,753972,10881,378683,9300,360095,1047,15194,12750,209323,8447,280466,13859,489789,California
Riverside,2021-03-18,22522,776494,11702,390385,9167,369262,1653,16847,12502,213510,9976,290442,14163,503952,California
Riverside,2021-03-19,23982,800476,12566,402951,10467,379729,949,17796,14029,218947,9903,300345,15340,519292,California
Riverside,2021-03-20,10573,811049,6832,409783,2578,382307,1163,18959,6809,223180,3740,304085,7973,527265,California
Riverside,2021-03-21,3670,814719,2866,412649,551,382858,253,19212,2521,224819,1136,305221,2775,530040,California
Riverside,2021-03-22,16602,831321,9904,422553,6146,389004,552,19764,10587,229981,5974,311195,11136,541176,California
Riverside,2021-03-23,18515,849836,10480,433033,7614,396618,421,20185,11943,235839,6522,317717,12380,553556,California
Riverside,2021-03-24,18631,868467,10384,443417,8128,404746,119,20304,12831,243038,5757,323474,12956,566512,California
Riverside,2021-03-25,21069,889536,11634,455051,9259,414005,176,20480,14209,250632,6796,330270,14390,580902,California
Riverside,2021-03-26,24027,913563,11858,466909,11997,426002,172,20652,15011,256890,8928,339198,15186,596088,California
Riverside,2021-03-27,9226,922789,4844,471753,3327,429329,1055,21707,4765,258266,4445,343643,5821,601909,California
Riverside,2021-03-28,4723,927512,3106,474859,1525,430854,92,21799,2841,259327,1873,345516,2934,604843,California
Riverside,2021-03-29,17524,945036,8422,483281,8985,439839,117,21916,10899,263757,6595,352111,11025,615868,California
Riverside,2021-03-30,18271,963307,9530,492811,8538,448377,203,22119,11776,269276,6463,358574,11982,627850,California
Riverside,2021-03-31,17952,981259,8366,501177,9285,457662,301,22420,11490,274651,6423,364997,11798,639648,California
Riverside,2021-04-01,25264,1006523,12367,513544,12156,469818,741,23161,16425,283027,8789,373786,17165,656813,California
Riverside,2021-04-02,25908,1032431,13986,527530,10995,480813,927,24088,16318,290959,9542,383328,17474,674287,California
Riverside,2021-04-03,9133,1041564,5799,533329,2774,483587,560,24648,5911,294222,3207,386535,6470,680757,California
Riverside,2021-04-04,3335,1044899,2039,535368,1078,484665,218,24866,1742,294593,1589,388124,1960,682717,California
Riverside,2021-04-05,18109,1063008,9360,544728,6932,491597,1817,26683,9832,297998,8247,396371,11652,694369,California
Riverside,2021-04-06,23545,1086553,12243,556971,9214,500811,2088,28771,13117,302818,10381,406752,15201,709570,California
Riverside,2021-04-07,24477,1111030,13189,570160,8836,509647,2452,31223,13662,308157,10776,417528,16115,725685,California
Riverside,2021-04-08,26878,1137908,14797,584957,9170,518817,2911,34134,16404,317046,10413,427941,19302,744987,California
Riverside,2021-04-09,25933,1163841,15304,600261,8245,527062,2384,36518,15858,325278,10032,437973,18264,763251,California
Riverside,2021-04-10,11821,1175662,6696,606957,3743,530805,1382,37900,5141,325160,6638,444611,6520,769771,California
Riverside,2021-04-11,4544,1180206,2723,609680,1234,532039,587,38487,2161,325536,2372,446983,2748,772519,California
Riverside,2021-04-12,19939,1200145,8887,618567,8479,540518,2573,41060,10040,328290,9861,456844,12615,785134,California
Riverside,2021-04-13,19842,1219987,11129,629696,8685,549203,28,41088,11351,331222,8449,465293,11381,796515,California
Riverside,2021-04-14,21921,1241908,12069,641765,9839,559042,13,41101,10758,330891,11106,476399,10775,807290,California
Riverside,2021-04-15,21492,1263400,12086,653851,9399,568441,7,41108,11267,331999,10168,486567,11276,818566,California
Riverside,2021-04-16,24777,1288177,14370,668221,10401,578842,6,41114,11543,330372,13184,499751,11557,830123,California
Riverside,2021-04-17,9817,1297994,6464,674685,3353,582195,0,41114,4975,330525,4828,504579,4981,835104,California
Riverside,2021-04-18,3841,1301835,2797,677482,1037,583232,7,41121,1834,330373,1995,506574,1843,836947,California
Riverside,2021-04-19,18974,1320809,11146,688628,7826,591058,2,41123,6681,324804,12256,518830,6687,843634,California
Riverside,2021-04-20,18333,1339142,9489,698117,8834,599892,10,41133,7420,321359,10878,529708,7433,851067,California
Riverside,2021-04-21,19255,1358397,10929,709046,8319,608211,7,41140,7601,317375,11598,541306,7614,858681,California
Riverside,2021-04-22,22060,1380457,12640,721686,9417,617628,3,41143,8087,311563,13906,555212,8094,866775,California
Riverside,2021-04-23,20631,1401088,12514,734200,8107,625735,10,41153,7788,306572,12798,568010,7807,874582,California
Riverside,2021-04-24,8618,1409706,6067,740267,2550,628285,1,41154,3753,305487,4842,572852,3757,878339,California
Riverside,2021-04-25,3103,1412809,2024,742291,1079,629364,0,41154,1575,305546,1518,574370,1577,879916,California
Riverside,2021-04-26,9159,1421968,5867,748158,3274,632638,18,41172,2780,301980,6367,580737,2801,882717,California
Sacramento,2020-12-15,314,314,314,314,0,0,0,0,314,314,0,0,314,314,California
Sacramento,2020-12-16,643,957,643,957,0,0,0,0,643,957,0,0,643,957,California
Sacramento,2020-12-17,645,1602,645,1602,0,0,0,0,645,1602,0,0,645,1602,California
Sacramento,2020-12-18,972,2574,972,2574,0,0,0,0,972,2574,0,0,972,2574,California
Sacramento,2020-12-19,612,3186,612,3186,0,0,0,0,612,3186,0,0,612,3186,California
Sacramento,2020-12-20,633,3819,633,3819,0,0,0,0,633,3819,0,0,633,3819,California
Sacramento,2020-12-21,1679,5498,1678,5497,1,1,0,0,1680,5499,0,0,1680,5499,California
Sacramento,2020-12-22,2092,7590,2062,7559,30,31,0,0,2092,7591,0,0,2092,7591,California
Sacramento,2020-12-23,2247,9837,2080,9639,167,198,0,0,2247,9838,0,0,2247,9838,California
Sacramento,2020-12-24,1044,10881,833,10472,211,409,0,0,1044,10882,0,0,1044,10882,California
Sacramento,2020-12-25,1,10882,0,10472,1,410,0,0,1,10883,0,0,1,10883,California
Sacramento,2020-12-26,508,11390,291,10763,217,627,0,0,508,11391,0,0,508,11391,California
Sacramento,2020-12-27,350,11740,247,11010,103,730,0,0,350,11741,0,0,350,11741,California
Sacramento,2020-12-28,1902,13642,1323,12333,579,1309,0,0,1901,13641,1,1,1901,13642,California
Sacramento,2020-12-29,1952,15594,1189,13522,763,2072,0,0,1952,15593,0,1,1952,15594,California
Sacramento,2020-12-30,2558,18152,1456,14978,1102,3174,0,0,2559,18152,0,1,2559,18153,California
Sacramento,2020-12-31,1229,19381,695,15673,534,3708,0,0,1229,19381,0,1,1229,19382,California
Sacramento,2021-01-01,78,19459,69,15742,9,3717,0,0,78,19459,0,1,78,19460,California
Sacramento,2021-01-02,563,20022,362,16104,201,3918,0,0,563,20022,0,1,563,20023,California
Sacramento,2021-01-03,409,20431,220,16324,189,4107,0,0,409,20431,0,1,409,20432,California
Sacramento,2021-01-04,1958,22389,845,17169,1113,5220,0,0,1956,22386,1,2,1956,22388,California
Sacramento,2021-01-05,2210,24599,986,18155,1224,6444,0,0,1856,23895,354,356,1863,24251,California
Sacramento,2021-01-06,2732,27331,1623,19778,1109,7553,0,0,1958,25082,771,1127,1958,26209,California
Sacramento,2021-01-07,2825,30156,1503,21281,1322,8875,0,0,1966,26192,856,1983,1966,28175,California
Sacramento,2021-01-08,3286,33442,2085,23366,1201,10076,0,0,2249,27409,1033,3016,2250,30425,California
Sacramento,2021-01-09,1287,34729,796,24162,491,10567,0,0,897,27918,388,3404,897,31322,California
Sacramento,2021-01-10,1246,35975,711,24873,535,11102,0,0,774,28222,471,3875,775,32097,California
Sacramento,2021-01-11,4345,40320,2955,27828,1390,12492,0,0,2412,28710,1932,5807,2420,34517,California
Sacramento,2021-01-12,4423,44743,3033,30861,1390,13882,0,0,2457,29206,1965,7772,2461,36978,California
Sacramento,2021-01-13,3780,48523,2167,33028,1613,15495,0,0,2370,30169,1409,9181,2372,39350,California
Sacramento,2021-01-14,4599,53122,2364,35392,2235,17730,0,0,3676,32926,919,10100,3676,43026,California
Sacramento,2021-01-15,4408,57530,2263,37655,2145,19875,0,0,3684,35889,723,10823,3686,46712,California
Sacramento,2021-01-16,2093,59623,1293,38948,800,20675,0,0,1876,37548,217,11040,1876,48588,California
Sacramento,2021-01-17,1637,61260,952,39900,685,21360,0,0,1459,38832,178,11218,1462,50050,California
Sacramento,2021-01-18,2857,64117,1764,41664,1093,22453,0,0,2332,40641,524,11742,2333,52383,California
Sacramento,2021-01-19,4944,69061,3053,44717,1891,24344,0,0,3678,43055,1266,13008,3680,56063,California
Sacramento,2021-01-20,4771,73832,2823,47540,1948,26292,0,0,3555,45397,1218,14226,3560,59623,California
Sacramento,2021-01-21,5184,79016,2987,50527,2197,28489,0,0,4222,48664,956,15182,4223,63846,California
Sacramento,2021-01-22,4970,83986,2647,53174,2323,30812,0,0,4668,53032,301,15483,4669,68515,California
Sacramento,2021-01-23,3727,87713,1559,54733,2168,32980,0,0,3270,55845,457,15940,3270,71785,California
Sacramento,2021-01-24,1583,89296,992,55725,591,33571,0,0,1343,56949,240,16180,1344,73129,California
Sacramento,2021-01-25,4358,93654,2109,57834,2249,35820,0,0,2942,58477,1416,17596,2944,76073,California
Sacramento,2021-01-26,4721,98375,2135,59969,2586,38406,0,0,3518,60796,1201,18797,3520,79593,California
Sacramento,2021-01-27,5801,104176,3050,63019,2751,41157,0,0,4195,63390,1603,20400,4197,83790,California
Sacramento,2021-01-28,5354,109530,2706,65725,2648,43805,0,0,4259,66556,1094,21494,4260,88050,California
Sacramento,2021-01-29,5390,114920,2934,68659,2456,46261,0,0,4375,69924,1007,22501,4375,92425,California
Sacramento,2021-01-30,4506,119426,2203,70862,2303,48564,0,0,4072,73564,432,22933,4072,96497,California
Sacramento,2021-01-31,2295,121721,2000,72862,295,48859,0,0,2020,75313,273,23206,2022,98519,California
Sacramento,2021-02-01,5906,127627,3010,75872,2896,51755,0,0,4248,77907,1654,24860,4248,102767,California
Sacramento,2021-02-02,6925,134552,3758,79630,3167,54922,0,0,4846,80694,2061,26921,4848,107615,California
Sacramento,2021-02-03,7088,141640,3551,83181,3537,58459,0,0,5228,84074,1850,28771,5230,112845,California
Sacramento,2021-02-04,7702,149342,3628,86809,4074,62533,0,0,5490,87362,2202,30973,5490,118335,California
Sacramento,2021-02-05,7716,157058,4367,91176,3349,65882,0,0,4809,89290,2884,33857,4812,123147,California
Sacramento,2021-02-06,8425,165483,3445,94621,4980,70862,0,0,7096,95062,1325,35182,7097,130244,California
Sacramento,2021-02-07,4056,169539,2172,96793,1884,72746,0,0,2836,96688,1212,36394,2838,133082,California
Sacramento,2021-02-08,6191,175730,3198,99991,2993,75739,0,0,3884,98269,2303,38697,3884,136966,California
Sacramento,2021-02-09,6803,182533,3593,103584,3210,78949,0,0,4011,99498,2783,41480,4012,140978,California
Sacramento,2021-02-10,7662,190195,4181,107765,3481,82430,0,0,4541,100934,3107,44587,4543,145521,California
Sacramento,2021-02-11,9514,199709,5716,113481,3798,86228,0,0,5526,102486,3976,48563,5528,151049,California
Sacramento,2021-02-12,10572,210281,4137,117618,6435,92663,0,0,6382,104721,4150,52713,6385,157434,California
Sacramento,2021-02-13,7598,217879,2989,120607,4609,97272,0,0,6019,109163,1577,54290,6019,163453,California
Sacramento,2021-02-14,3119,220998,1931,122538,1188,98460,0,0,2069,110188,1048,55338,2073,165526,California
Sacramento,2021-02-15,5946,226944,2033,124571,3913,102373,0,0,4150,112552,1788,57126,4152,169678,California
Sacramento,2021-02-16,8996,235940,4198,128769,4798,107171,0,0,5285,114138,3703,60829,5289,174967,California
Sacramento,2021-02-17,8809,244749,4968,133737,3841,111012,0,0,5126,115595,3671,64500,5128,180095,California
Sacramento,2021-02-18,9481,254230,5706,139443,3775,114787,0,0,5734,117593,3739,68239,5737,185832,California
Sacramento,2021-02-19,9986,264216,6130,145573,3856,118643,0,0,5906,119437,4067,72306,5911,191743,California
Sacramento,2021-02-20,7335,271551,5356,150929,1979,120622,0,0,4286,120682,3042,75348,4287,196030,California
Sacramento,2021-02-21,2898,274449,2306,153235,592,121214,0,0,1012,119816,1878,77226,1012,197042,California
Sacramento,2021-02-22,6163,280612,3731,156966,2432,123646,0,0,2670,119007,3483,80709,2674,199716,California
Sacramento,2021-02-23,7126,287738,4427,161393,2699,126345,0,0,3470,118839,3641,84350,3473,203189,California
Sacramento,2021-02-24,9604,297342,5283,166676,4321,130666,0,0,5265,119784,4325,88675,5270,208459,California
Sacramento,2021-02-25,10020,307362,5391,172067,4629,135295,0,0,5550,120878,4456,93131,5550,214009,California
Sacramento,2021-02-26,13879,321241,6450,178517,7429,142724,0,0,9555,126144,4293,97424,9559,223568,California
Sacramento,2021-02-27,10787,332028,6710,185227,4074,146798,3,3,7932,131244,2836,100260,7936,231504,California
Sacramento,2021-02-28,5579,337607,2206,187433,3373,150171,0,3,2570,130821,2994,103254,2571,234075,California
Sacramento,2021-03-01,7983,345590,3424,190857,4559,154730,0,3,4305,131470,3658,106912,4307,238382,California
Sacramento,2021-03-02,9211,354801,3998,194855,5212,159942,1,4,5647,133572,3549,110461,5651,244033,California
Sacramento,2021-03-03,10746,365547,4920,199775,5823,165765,3,7,6360,135569,4368,114829,6365,250398,California
Sacramento,2021-03-04,12311,377858,5106,204881,7201,172966,4,11,7076,137451,5205,120034,7087,257485,California
Sacramento,2021-03-05,10518,388376,4869,209750,5619,178585,30,41,6986,140956,3512,123546,7017,264502,California
Sacramento,2021-03-06,8062,396438,3091,212841,4849,183434,122,163,4082,141196,3963,127509,4203,268705,California
Sacramento,2021-03-07,7554,403992,2185,215026,5284,188718,85,248,3706,141141,3844,131353,3789,272494,California
Sacramento,2021-03-08,9065,413057,4223,219249,4618,193336,224,472,5931,144173,3121,134474,6153,278647,California
Sacramento,2021-03-09,9465,422522,4514,223763,4684,198020,267,739,5433,145856,4017,138491,5700,284347,California
Sacramento,2021-03-10,11605,434127,7462,231225,3816,201836,327,1066,6779,148172,4792,143283,7108,291455,California
Sacramento,2021-03-11,13828,447955,8872,240097,4169,206005,787,1853,8200,151570,5588,148871,8986,300441,California
Sacramento,2021-03-12,17218,465173,8295,248392,8092,214097,831,2684,8122,151488,9044,157915,8962,309403,California
Sacramento,2021-03-13,12918,478091,3564,251956,8933,223030,421,3105,8143,155289,4762,162677,8563,317966,California
Sacramento,2021-03-14,8355,486446,3450,255406,4278,227308,627,3732,4471,156525,3861,166538,5097,323063,California
Sacramento,2021-03-15,12119,498565,4805,260211,6673,233981,641,4373,7057,159183,5041,171579,7699,330762,California
Sacramento,2021-03-16,13921,512486,6186,266397,7098,241079,637,5010,8606,163142,5281,176860,9240,340002,California
Sacramento,2021-03-17,13517,526003,6548,272945,6358,247437,611,5621,8704,167677,4784,181644,9319,349321,California
Sacramento,2021-03-18,13977,539980,6580,279525,6836,254273,561,6182,9265,172819,4682,186326,9824,359145,California
Sacramento,2021-03-19,15012,554992,7448,286973,6197,260470,1367,7549,7595,174386,7394,193720,8961,368106,California
Sacramento,2021-03-20,12877,567869,7535,294508,5003,265473,339,7888,8168,178214,4681,198401,8509,376615,California
Sacramento,2021-03-21,5598,573467,2748,297256,2811,268284,39,7927,4952,182573,634,199035,4993,381608,California
Sacramento,2021-03-22,9228,582695,4760,302016,3701,271985,767,8694,6241,186622,2961,201996,7010,388618,California
Sacramento,2021-03-23,11267,593962,6712,308728,3748,275733,807,9501,7285,190769,3945,205941,8092,396710,California
Sacramento,2021-03-24,11794,605756,7239,315967,3924,279657,631,10132,6762,193185,4979,210920,7395,404105,California
Sacramento,2021-03-25,12506,618262,6814,322781,4885,284542,807,10939,7266,196055,5201,216121,8071,412176,California
Sacramento,2021-03-26,17533,635795,8285,331066,8760,293302,488,11427,8592,196255,8882,225003,9082,421258,California
Sacramento,2021-03-27,9627,645422,3545,334611,5798,299100,284,11711,5193,197326,4404,229407,5475,426733,California
Sacramento,2021-03-28,6475,651897,3212,337823,3015,302115,248,11959,3112,197336,3354,232761,3364,430097,California
Sacramento,2021-03-29,10840,662737,5875,343698,4708,306823,257,12216,5199,197181,5614,238375,5459,435556,California
Sacramento,2021-03-30,11731,674468,6050,349748,5322,312145,359,12575,6020,197870,5689,244064,6378,441934,California
Sacramento,2021-03-31,13299,687767,7799,357547,5104,317249,396,12971,5726,196439,7548,251612,6117,448051,California
Sacramento,2021-04-01,15462,703229,8680,366227,6562,323811,220,13191,5817,192870,9613,261225,6044,454095,California
Sacramento,2021-04-02,15944,719173,8663,374890,6558,330369,723,13914,7929,193536,7989,269214,8655,462750,California
Sacramento,2021-04-03,10342,729515,6163,381053,3632,334001,547,14461,6355,196478,3958,273172,6900,469650,California
Sacramento,2021-04-04,3636,733151,1509,382562,1938,335939,189,14650,1424,195880,2208,275380,1610,471260,California
Sacramento,2021-04-05,11962,745113,7509,390071,3624,339563,829,15479,5344,195464,6585,281965,6169,477429,California
Sacramento,2021-04-06,15451,760564,8797,398868,5332,344895,1322,16801,6841,195047,8579,290544,8162,485591,California
Sacramento,2021-04-07,14642,775206,7928,406796,5141,350036,1573,18374,7113,196228,7497,298041,8678,494269,California
Sacramento,2021-04-08,14850,790056,6684,413480,5220,355256,2946,21320,5925,196194,8893,306934,8859,503128,California
Sacramento,2021-04-09,15711,805767,7641,421121,5912,361168,2158,23478,6106,194884,9568,316502,8258,511386,California
Sacramento,2021-04-10,11541,817308,3104,424225,7397,368565,1040,24518,4584,193567,6934,323436,5617,517003,California
Sacramento,2021-04-11,9450,826758,3090,427315,6139,374704,221,24739,2594,189547,6834,330270,2814,519817,California
Sacramento,2021-04-12,12841,839599,4970,432285,6024,380728,1847,26586,4920,188430,7872,338142,6755,526572,California
Sacramento,2021-04-13,14205,853804,7904,440189,6297,387025,4,26590,5585,185430,8593,346735,5593,532165,California
Sacramento,2021-04-14,14051,867855,7118,447307,6931,393956,2,26592,5097,181609,8924,355659,5103,537268,California
Sacramento,2021-04-15,15097,882952,7423,454730,7672,401628,2,26594,6304,179155,8763,364422,6309,543577,California
Sacramento,2021-04-16,15921,898873,8225,462955,7696,409324,0,26594,7078,177434,8804,373226,7083,550660,California
Sacramento,2021-04-17,11897,910770,4388,467343,7509,416833,0,26594,7884,181323,3998,377224,7887,558547,California
Sacramento,2021-04-18,7208,917978,1913,469256,5295,422128,0,26594,3432,180993,3763,380987,3433,561980,California
Sacramento,2021-04-19,10454,928432,5641,474897,4811,426939,2,26596,4681,179923,5755,386742,4685,566665,California
Sacramento,2021-04-20,11018,939450,6674,481571,4341,431280,3,26599,5881,180690,5121,391863,5888,572553,California
Sacramento,2021-04-21,11358,950808,6561,488132,4794,436074,3,26602,6157,181672,5179,397042,6161,578714,California
Sacramento,2021-04-22,12060,962868,7234,495366,4823,440897,3,26605,6484,182611,5551,402593,6490,585204,California
Sacramento,2021-04-23,12177,975045,7248,502614,4929,445826,0,26605,5664,181792,6483,409076,5664,590868,California
Sacramento,2021-04-24,7228,982273,4156,506770,3071,448897,1,26606,4083,182755,3123,412199,4086,594954,California
Sacramento,2021-04-25,5394,987667,2910,509680,2484,451381,0,26606,2884,183139,2500,414699,2884,597838,California
Sacramento,2021-04-26,6024,993691,3754,513434,2262,453643,8,26614,2405,181949,3603,418302,2413,600251,California
San Benito,2020-12-16,2,2,2,2,0,0,0,0,2,2,0,0,2,2,California
San Benito,2020-12-17,8,10,8,10,0,0,0,0,8,10,0,0,8,10,California
San Benito,2020-12-18,32,42,32,42,0,0,0,0,32,42,0,0,32,42,California
San Benito,2020-12-19,47,89,47,89,0,0,0,0,47,89,0,0,47,89,California
San Benito,2020-12-20,22,111,21,110,1,1,0,0,22,111,0,0,22,111,California
San Benito,2020-12-21,48,159,48,158,0,1,0,0,48,159,0,0,48,159,California
San Benito,2020-12-22,65,224,65,223,0,1,0,0,65,224,0,0,65,224,California
San Benito,2020-12-23,48,272,36,259,12,13,0,0,48,272,0,0,48,272,California
San Benito,2020-12-24,12,284,4,263,8,21,0,0,12,284,0,0,12,284,California
San Benito,2020-12-25,4,288,4,267,0,21,0,0,4,288,0,0,4,288,California
San Benito,2020-12-26,13,301,4,271,9,30,0,0,13,301,0,0,13,301,California
San Benito,2020-12-27,8,309,7,278,1,31,0,0,8,309,0,0,8,309,California
San Benito,2020-12-28,63,372,36,314,27,58,0,0,63,372,0,0,63,372,California
San Benito,2020-12-29,49,421,20,334,29,87,0,0,49,421,0,0,49,421,California
San Benito,2020-12-30,59,480,37,371,22,109,0,0,59,480,0,0,59,480,California
San Benito,2020-12-31,19,499,2,373,17,126,0,0,19,499,0,0,19,499,California
San Benito,2021-01-02,24,523,23,396,1,127,0,0,24,523,0,0,24,523,California
San Benito,2021-01-03,3,526,1,397,2,129,0,0,3,526,0,0,3,526,California
San Benito,2021-01-04,62,588,23,420,39,168,0,0,62,588,0,0,62,588,California
San Benito,2021-01-05,118,706,36,456,82,250,0,0,115,700,3,3,115,703,California
San Benito,2021-01-06,97,803,42,498,55,305,0,0,83,769,14,17,83,786,California
San Benito,2021-01-07,80,883,43,541,37,342,0,0,52,793,28,45,52,838,California
San Benito,2021-01-08,129,1012,66,607,63,405,0,0,86,836,43,88,86,924,California
San Benito,2021-01-09,44,1056,31,638,13,418,0,0,30,852,14,102,30,954,California
San Benito,2021-01-10,15,1071,13,651,2,420,0,0,5,847,10,112,5,959,California
San Benito,2021-01-11,102,1173,59,710,43,463,0,0,49,843,53,165,49,1008,California
San Benito,2021-01-12,156,1329,53,763,103,566,0,0,120,927,36,201,120,1128,California
San Benito,2021-01-13,190,1519,35,798,155,721,0,0,163,1063,27,228,163,1291,California
San Benito,2021-01-14,116,1635,23,821,93,814,0,0,99,1145,17,245,99,1390,California
San Benito,2021-01-15,215,1850,21,842,194,1008,0,0,201,1332,14,259,201,1591,California
San Benito,2021-01-16,27,1877,9,851,18,1026,0,0,21,1347,6,265,21,1612,California
San Benito,2021-01-17,11,1888,5,856,6,1032,0,0,8,1352,3,268,8,1620,California
San Benito,2021-01-18,36,1924,23,879,13,1045,0,0,21,1358,15,283,21,1641,California
San Benito,2021-01-19,150,2074,63,942,87,1132,0,0,124,1456,26,309,124,1765,California
San Benito,2021-01-20,261,2335,80,1022,181,1313,0,0,215,1626,45,354,215,1980,California
San Benito,2021-01-21,124,2459,31,1053,93,1406,0,0,100,1702,24,378,100,2080,California
San Benito,2021-01-22,230,2689,19,1072,211,1617,0,0,220,1912,10,388,220,2300,California
San Benito,2021-01-23,30,2719,16,1088,14,1631,0,0,13,1908,17,405,13,2313,California
San Benito,2021-01-24,11,2730,3,1091,8,1639,0,0,7,1911,4,409,7,2320,California
San Benito,2021-01-25,67,2797,25,1116,42,1681,0,0,22,1888,45,454,22,2342,California
San Benito,2021-01-26,134,2931,41,1157,93,1774,0,0,81,1916,53,507,81,2423,California
San Benito,2021-01-27,230,3161,69,1226,161,1935,0,0,190,2066,40,547,190,2613,California
San Benito,2021-01-28,155,3316,32,1258,123,2058,0,0,123,2158,31,578,123,2736,California
San Benito,2021-01-29,284,3600,31,1289,253,2311,0,0,261,2397,22,600,261,2997,California
San Benito,2021-01-30,50,3650,31,1320,19,2330,0,0,28,2403,22,622,28,3025,California
San Benito,2021-01-31,16,3666,5,1325,11,2341,0,0,11,2409,5,627,11,3036,California
San Benito,2021-02-01,133,3799,28,1353,105,2446,0,0,89,2454,44,671,89,3125,California
San Benito,2021-02-02,226,4025,49,1402,177,2623,0,0,136,2500,90,761,136,3261,California
San Benito,2021-02-03,336,4361,42,1444,294,2917,0,0,272,2708,64,825,272,3533,California
San Benito,2021-02-04,161,4522,24,1468,137,3054,0,0,117,2781,44,869,117,3650,California
San Benito,2021-02-05,289,4811,40,1508,249,3303,0,0,227,2946,62,931,227,3877,California
San Benito,2021-02-06,49,4860,9,1517,40,3343,0,0,32,2961,17,948,32,3909,California
San Benito,2021-02-07,15,4875,7,1524,8,3351,0,0,14,2974,1,949,14,3923,California
San Benito,2021-02-08,138,5013,15,1539,123,3474,0,0,92,3020,46,995,92,4015,California
San Benito,2021-02-09,326,5339,64,1603,262,3736,0,0,195,3084,131,1126,195,4210,California
San Benito,2021-02-10,318,5657,88,1691,230,3966,0,0,124,3014,194,1320,124,4334,California
San Benito,2021-02-11,296,5953,32,1723,264,4230,0,0,198,3114,98,1418,198,4532,California
San Benito,2021-02-12,412,6365,30,1753,382,4612,0,0,207,3117,204,1622,207,4739,California
San Benito,2021-02-13,57,6422,8,1761,49,4661,0,0,43,3146,14,1636,43,4782,California
San Benito,2021-02-14,40,6462,5,1766,35,4696,0,0,30,3166,10,1646,30,4812,California
San Benito,2021-02-15,106,6568,9,1775,97,4793,0,0,95,3250,11,1657,95,4907,California
San Benito,2021-02-16,205,6773,11,1786,194,4987,0,0,101,3247,104,1761,101,5008,California
San Benito,2021-02-17,327,7100,30,1816,297,5284,0,0,278,3476,49,1810,278,5286,California
San Benito,2021-02-18,291,7391,38,1854,253,5537,0,0,70,3325,221,2031,70,5356,California
San Benito,2021-02-19,338,7729,45,1899,293,5830,0,0,173,3333,165,2196,173,5529,California
San Benito,2021-02-20,45,7774,26,1925,19,5849,0,0,36,3360,9,2205,36,5565,California
San Benito,2021-02-21,23,7797,8,1933,15,5864,0,0,14,3365,9,2214,14,5579,California
San Benito,2021-02-22,132,7929,36,1969,96,5960,0,0,98,3430,33,2247,98,5677,California
San Benito,2021-02-23,374,8303,92,2061,282,6242,0,0,262,3580,112,2359,262,5939,California
San Benito,2021-02-24,375,8678,63,2124,312,6554,0,0,236,3677,139,2498,236,6175,California
San Benito,2021-02-25,390,9068,63,2187,327,6881,0,0,270,3825,122,2620,270,6445,California
San Benito,2021-02-26,641,9709,73,2260,568,7449,0,0,398,3980,243,2863,398,6843,California
San Benito,2021-02-27,98,9807,36,2296,62,7511,0,0,83,4048,15,2878,83,6926,California
San Benito,2021-02-28,248,10055,24,2320,224,7735,0,0,239,4278,9,2887,239,7165,California
San Benito,2021-03-01,224,10279,59,2379,165,7900,0,0,155,4363,70,2957,155,7320,California
San Benito,2021-03-02,274,10553,90,2469,184,8084,0,0,204,4497,70,3027,204,7524,California
San Benito,2021-03-03,387,10940,55,2524,332,8416,0,0,213,4538,172,3199,213,7737,California
San Benito,2021-03-04,608,11548,123,2647,470,8886,15,15,429,4792,179,3378,433,8170,California
San Benito,2021-03-05,582,12130,305,2952,264,9150,13,28,373,4970,208,3586,386,8556,California
San Benito,2021-03-06,189,12319,66,3018,109,9259,14,42,138,5071,51,3637,152,8708,California
San Benito,2021-03-07,647,12966,603,3621,22,9281,22,64,615,5676,32,3669,637,9345,California
San Benito,2021-03-08,288,13254,65,3686,177,9458,46,110,167,5768,121,3790,213,9558,California
San Benito,2021-03-09,423,13677,84,3770,240,9698,99,209,137,5692,285,4075,209,9767,California
San Benito,2021-03-10,401,14078,114,3884,193,9891,94,303,232,5849,169,4244,326,10093,California
San Benito,2021-03-11,467,14545,119,4003,196,10087,152,455,207,5948,260,4504,359,10452,California
San Benito,2021-03-12,511,15056,117,4120,300,10387,94,549,229,5992,280,4784,324,10776,California
San Benito,2021-03-13,201,15257,102,4222,81,10468,18,567,128,6067,71,4855,146,10922,California
San Benito,2021-03-14,232,15489,40,4262,172,10640,20,587,180,6216,51,4906,200,11122,California
San Benito,2021-03-15,323,15812,99,4361,205,10845,19,606,189,6290,134,5040,208,11330,California
San Benito,2021-03-16,495,16307,217,4578,247,11092,31,637,348,6521,147,5187,378,11708,California
San Benito,2021-03-17,785,17092,475,5053,288,11380,22,659,558,6870,223,5410,572,12280,California
San Benito,2021-03-18,786,17878,523,5576,207,11587,56,715,571,7275,213,5623,618,12898,California
San Benito,2021-03-19,778,18656,404,5980,351,11938,23,738,581,7682,197,5820,604,13502,California
San Benito,2021-03-20,237,18893,146,6126,79,12017,12,750,181,7819,56,5876,193,13695,California
San Benito,2021-03-21,108,19001,56,6182,47,12064,5,755,81,7878,27,5903,86,13781,California
San Benito,2021-03-22,343,19344,170,6352,148,12212,25,780,220,8000,123,6026,245,14026,California
San Benito,2021-03-23,475,19819,197,6549,268,12480,10,790,215,7964,260,6286,224,14250,California
San Benito,2021-03-24,573,20392,304,6853,262,12742,7,797,360,8119,212,6498,367,14617,California
San Benito,2021-03-25,741,21133,440,7293,297,13039,4,801,445,8274,294,6792,449,15066,California
San Benito,2021-03-26,995,22128,517,7810,475,13514,3,804,328,7939,666,7458,331,15397,California
San Benito,2021-03-27,331,22459,182,7992,116,13630,33,837,214,8070,116,7574,247,15644,California
San Benito,2021-03-28,691,23150,570,8562,116,13746,5,842,126,7636,565,8139,131,15775,California
San Benito,2021-03-29,349,23499,113,8675,216,13962,20,862,154,7614,195,8334,173,15948,California
San Benito,2021-03-30,570,24069,267,8942,209,14171,94,956,287,7712,283,8617,381,16329,California
San Benito,2021-03-31,577,24646,354,9296,199,14370,24,980,330,7821,245,8862,354,16683,California
San Benito,2021-04-01,930,25576,374,9670,518,14888,38,1018,554,8032,375,9237,586,17269,California
San Benito,2021-04-02,536,26112,261,9931,140,15028,135,1153,264,8159,272,9509,399,17668,California
San Benito,2021-04-03,250,26362,86,10017,104,15132,60,1213,75,8119,175,9684,135,17803,California
San Benito,2021-04-04,143,26505,108,10125,30,15162,5,1218,106,8193,37,9721,111,17914,California
San Benito,2021-04-05,351,26856,171,10296,138,15300,42,1260,143,8169,208,9929,184,18098,California
San Benito,2021-04-06,455,27311,158,10454,122,15422,175,1435,158,8205,297,10226,333,18431,California
San Benito,2021-04-07,922,28233,520,10974,212,15634,190,1625,253,7980,668,10894,443,18874,California
San Benito,2021-04-08,846,29079,423,11397,171,15805,252,1877,214,7815,631,11525,466,19340,California
San Benito,2021-04-09,856,29935,515,11912,250,16055,91,1968,307,7664,549,12074,398,19738,California
San Benito,2021-04-10,343,30278,214,12126,71,16126,58,2026,197,7773,146,12220,255,19993,California
San Benito,2021-04-11,503,30781,303,12429,167,16293,33,2059,277,7856,226,12446,309,20302,California
San Benito,2021-04-12,553,31334,313,12742,129,16422,111,2170,303,8018,249,12695,411,20713,California
San Benito,2021-04-13,781,32115,323,13065,435,16857,23,2193,553,8368,227,12922,577,21290,California
San Benito,2021-04-14,860,32975,683,13748,177,17034,0,2193,426,8365,429,13351,426,21716,California
San Benito,2021-04-15,919,33894,717,14465,201,17235,1,2194,452,8352,466,13817,453,22169,California
San Benito,2021-04-16,693,34587,362,14827,322,17557,9,2203,290,8251,400,14217,299,22468,California
San Benito,2021-04-17,308,34895,225,15052,83,17640,0,2203,125,8193,183,14400,125,22593,California
San Benito,2021-04-18,492,35387,411,15463,81,17721,0,2203,241,8184,251,14651,242,22835,California
San Benito,2021-04-19,716,36103,575,16038,141,17862,0,2203,408,8286,307,14958,409,23244,California
San Benito,2021-04-20,731,36834,384,16422,346,18208,1,2204,466,8492,260,15218,466,23710,California
San Benito,2021-04-21,933,37767,690,17112,243,18451,0,2204,507,8587,412,15630,507,24217,California
San Benito,2021-04-22,832,38599,660,17772,172,18623,0,2204,520,8803,304,15934,520,24737,California
San Benito,2021-04-23,494,39093,312,18084,182,18805,0,2204,249,8856,196,16130,249,24986,California
San Benito,2021-04-24,178,39271,69,18153,109,18914,0,2204,92,8870,78,16208,92,25078,California
San Benito,2021-04-25,104,39375,47,18200,57,18971,0,2204,38,8842,66,16274,38,25116,California
San Benito,2021-04-26,168,39543,109,18309,59,19030,0,2204,77,8828,91,16365,77,25193,California
San Bernardino,2020-12-15,13,13,13,13,0,0,0,0,13,13,0,0,13,13,California
San Bernardino,2020-12-16,107,120,107,120,0,0,0,0,107,120,0,0,107,120,California
San Bernardino,2020-12-17,2349,2469,2349,2469,0,0,0,0,2349,2469,0,0,2349,2469,California
San Bernardino,2020-12-18,3142,5611,3139,5608,3,3,0,0,3143,5612,0,0,3143,5612,California
San Bernardino,2020-12-19,1068,6679,1067,6675,1,4,0,0,1069,6681,0,0,1069,6681,California
San Bernardino,2020-12-20,1174,7853,1172,7847,2,6,0,0,1174,7855,0,0,1174,7855,California
San Bernardino,2020-12-21,2452,10305,2447,10294,5,11,0,0,2452,10307,0,0,2452,10307,California
San Bernardino,2020-12-22,2266,12571,2140,12434,126,137,0,0,2267,12574,0,0,2267,12574,California
San Bernardino,2020-12-23,2646,15217,1454,13888,1192,1329,0,0,2645,15219,0,0,2645,15219,California
San Bernardino,2020-12-24,1160,16377,585,14473,575,1904,0,0,1162,16381,0,0,1162,16381,California
San Bernardino,2020-12-25,74,16451,14,14487,60,1964,0,0,74,16455,0,0,74,16455,California
San Bernardino,2020-12-26,462,16913,254,14741,208,2172,0,0,462,16917,0,0,462,16917,California
San Bernardino,2020-12-27,343,17256,160,14901,183,2355,0,0,343,17260,0,0,343,17260,California
San Bernardino,2020-12-28,1564,18820,711,15612,853,3208,0,0,1565,18825,0,0,1565,18825,California
San Bernardino,2020-12-29,2210,21030,1042,16654,1168,4376,0,0,2210,21035,0,0,2210,21035,California
San Bernardino,2020-12-30,2891,23921,1459,18113,1432,5808,0,0,2892,23927,0,0,2892,23927,California
San Bernardino,2020-12-31,1358,25279,440,18553,918,6726,0,0,1356,25283,0,0,1356,25283,California
San Bernardino,2021-01-01,281,25560,150,18703,131,6857,0,0,280,25563,0,0,280,25563,California
San Bernardino,2021-01-02,475,26035,339,19042,136,6993,0,0,475,26038,0,0,475,26038,California
San Bernardino,2021-01-03,134,26169,85,19127,49,7042,0,0,134,26172,0,0,134,26172,California
San Bernardino,2021-01-04,2119,28288,1286,20413,833,7875,0,0,2118,28290,0,0,2118,28290,California
San Bernardino,2021-01-05,2329,30617,1458,21871,871,8746,0,0,2219,30400,109,109,2219,30509,California
San Bernardino,2021-01-06,3429,34046,2353,24224,1076,9822,0,0,2936,32850,487,596,2937,33446,California
San Bernardino,2021-01-07,5408,39454,4499,28723,909,10731,0,0,2478,32417,2911,3507,2478,35924,California
San Bernardino,2021-01-08,5360,44814,4441,33164,919,11650,0,0,2286,31634,3070,6577,2287,38211,California
San Bernardino,2021-01-09,1400,46214,1101,34265,299,11949,0,0,904,32042,496,7073,904,39115,California
San Bernardino,2021-01-10,1019,47233,597,34862,422,12371,0,0,572,32167,447,7520,572,39687,California
San Bernardino,2021-01-11,4979,52212,4075,38937,904,13275,0,0,2766,32723,2210,9730,2766,42453,California
San Bernardino,2021-01-12,4227,56439,3218,42155,1009,14284,0,0,2514,33525,1712,11442,2514,44967,California
San Bernardino,2021-01-13,4552,60991,2849,45004,1703,15987,0,0,3328,35643,1211,12653,3329,48296,California
San Bernardino,2021-01-14,4743,65734,2774,47778,1969,17956,0,0,4160,39224,579,13232,4160,52456,California
San Bernardino,2021-01-15,5977,71711,2974,50752,3003,20959,0,0,5581,44422,386,13618,5584,58040,California
San Bernardino,2021-01-16,2257,73968,1292,52044,965,21924,0,0,2116,46397,141,13759,2116,60156,California
San Bernardino,2021-01-17,1189,75157,515,52559,674,22598,0,0,1099,47409,89,13848,1101,61257,California
San Bernardino,2021-01-18,4267,79424,2638,55197,1629,24227,0,0,3648,50442,618,14466,3651,64908,California
San Bernardino,2021-01-19,6300,85724,3706,58903,2594,26821,0,0,5209,54564,1089,15555,5211,70119,California
San Bernardino,2021-01-20,6800,92524,3732,62635,3068,29889,0,0,4872,57518,1920,17475,4874,74993,California
San Bernardino,2021-01-21,5980,98504,3073,65708,2907,32796,0,0,4865,61279,1106,18581,4867,79860,California
San Bernardino,2021-01-22,6500,105004,3035,68743,3465,36261,0,0,5779,66340,719,19300,5780,85640,California
San Bernardino,2021-01-23,3104,108108,1889,70632,1215,37476,0,0,2717,68671,386,19686,2717,88357,California
San Bernardino,2021-01-24,1194,109302,461,71093,733,38209,0,0,1094,69665,100,19786,1094,89451,California
San Bernardino,2021-01-25,6863,116165,3396,74489,3467,41676,0,0,5018,72843,1843,21629,5021,94472,California
San Bernardino,2021-01-26,7105,123270,3568,78057,3537,45213,0,0,5011,75760,2094,23723,5011,99483,California
San Bernardino,2021-01-27,8398,131668,4150,82207,4248,49461,0,0,5694,78758,2696,26419,5694,105177,California
San Bernardino,2021-01-28,8569,140237,4066,86273,4503,53964,0,0,6250,82694,2314,28733,6250,111427,California
San Bernardino,2021-01-29,8175,148412,3765,90038,4410,58374,0,0,6210,86966,1952,30685,6224,117651,California
San Bernardino,2021-01-30,3092,151504,1902,91940,1190,59564,0,0,2806,89488,285,30970,2807,120458,California
San Bernardino,2021-01-31,922,152426,492,92432,430,59994,0,0,869,90305,52,31022,869,121327,California
San Bernardino,2021-02-01,7535,159961,4230,96662,3305,63299,0,0,4917,92607,2615,33637,4917,126244,California
San Bernardino,2021-02-02,10399,170360,3654,100316,6745,70044,0,0,8350,98913,2045,35682,8351,134595,California
San Bernardino,2021-02-03,8974,179334,4145,104461,4829,74873,0,0,6486,102920,2480,38162,6487,141082,California
San Bernardino,2021-02-04,10510,189844,5195,109656,5315,80188,0,0,7443,107307,3056,41218,7443,148525,California
San Bernardino,2021-02-05,10974,200818,5909,115565,5065,85253,0,0,7455,111255,3508,44726,7456,155981,California
San Bernardino,2021-02-06,5251,206069,2206,117771,3045,88298,0,0,3616,113264,1610,46336,3619,159600,California
San Bernardino,2021-02-07,844,206913,491,118262,353,88651,0,0,467,113358,374,46710,468,160068,California
San Bernardino,2021-02-08,7274,214187,3879,122141,3395,92046,0,0,5608,117304,1662,48372,5608,165676,California
San Bernardino,2021-02-09,9909,224096,5822,127963,4087,96133,0,0,6683,120766,3224,51596,6686,172362,California
San Bernardino,2021-02-10,12006,236102,6532,134495,5474,101607,0,0,7844,124460,4151,55747,7845,180207,California
San Bernardino,2021-02-11,12322,248424,7105,141600,5217,106824,0,0,7883,127929,4417,60164,7886,188093,California
San Bernardino,2021-02-12,10345,258769,5928,147528,4417,111241,0,0,5690,128978,4641,64805,5690,193783,California
San Bernardino,2021-02-13,6013,264782,3996,151524,2017,113258,0,0,3776,130538,2221,67026,3781,197564,California
San Bernardino,2021-02-14,1549,266331,649,152173,900,114158,0,0,872,130741,669,67695,872,198436,California
San Bernardino,2021-02-15,5455,271786,2996,155169,2459,116617,0,0,3053,131406,2388,70083,3053,201489,California
San Bernardino,2021-02-16,12591,284377,7373,162542,5218,121835,0,0,7966,134761,4612,74695,7967,209456,California
San Bernardino,2021-02-17,11784,296161,6455,168997,5329,127164,0,0,7140,137275,4628,79323,7142,216598,California
San Bernardino,2021-02-18,12449,308610,7584,176581,4865,132029,0,0,7709,140260,4725,84048,7710,224308,California
San Bernardino,2021-02-19,11465,320075,5904,182485,5561,137590,0,0,6782,142378,4664,88712,6782,231090,California
San Bernardino,2021-02-20,4495,324570,3450,185935,1045,138635,0,0,2040,141966,2453,91165,2041,233131,California
San Bernardino,2021-02-21,1021,325591,564,186499,457,139092,0,0,323,141592,697,91862,323,233454,California
San Bernardino,2021-02-22,8615,334206,5320,191819,3295,142387,0,0,4027,141043,4577,96439,4028,237482,California
San Bernardino,2021-02-23,9066,343272,5402,197221,3664,146051,0,0,4555,141119,4479,100918,4555,242037,California
San Bernardino,2021-02-24,12331,355603,7135,204356,5196,151247,0,0,6074,140961,6233,107151,6075,248112,California
San Bernardino,2021-02-25,12986,368589,6264,210620,6722,157969,0,0,7555,143106,5413,112564,7558,255670,California
San Bernardino,2021-02-26,13546,382135,6373,216993,7173,165142,0,0,7542,144707,5943,118507,7544,263214,California
San Bernardino,2021-02-27,6605,388740,3672,220665,2932,168074,1,1,4785,147682,1811,120318,4786,268000,California
San Bernardino,2021-02-28,1736,390476,710,221375,1026,169100,0,1,1121,148193,610,120928,1121,269121,California
San Bernardino,2021-03-01,8375,398851,4316,225691,4057,173157,2,3,3815,147479,4539,125467,3825,272946,California
San Bernardino,2021-03-02,13634,412485,5355,231046,8279,181436,0,3,6421,146717,7186,132653,6424,279370,California
San Bernardino,2021-03-03,12525,425010,6359,237405,6164,187600,2,5,5750,145717,6757,139410,5757,285127,California
San Bernardino,2021-03-04,13539,438549,6856,244261,6683,194283,0,5,5876,143954,7643,147053,5880,291007,California
San Bernardino,2021-03-05,14120,452669,7301,251562,6818,201101,1,6,6832,143546,7259,154312,6851,297858,California
San Bernardino,2021-03-06,9556,462225,5307,256869,4034,205135,215,221,4443,143104,5099,159411,4657,302515,California
San Bernardino,2021-03-07,1569,463794,927,257796,587,205722,55,276,999,143590,568,159979,1054,303569,California
San Bernardino,2021-03-08,7960,471754,3489,261285,4311,210033,160,436,3503,142805,4451,164430,3666,307235,California
San Bernardino,2021-03-09,12581,484335,7018,268303,5318,215351,245,681,4848,140179,7720,172150,5094,312329,California
San Bernardino,2021-03-10,13974,498309,7675,275978,5777,221128,522,1203,6189,139137,7758,179908,6716,319045,California
San Bernardino,2021-03-11,15151,513460,7111,283089,6533,227661,1507,2710,7248,140006,7883,187791,8752,327797,California
San Bernardino,2021-03-12,15218,528678,6789,289878,6415,234076,2014,4724,7270,141417,7920,195711,9331,337128,California
San Bernardino,2021-03-13,8266,536944,4495,294373,3270,237346,501,5225,4903,143470,3353,199064,5406,342534,California
San Bernardino,2021-03-14,3210,540154,1607,295980,1035,238381,568,5793,1839,144506,1365,200429,2401,344935,California
San Bernardino,2021-03-15,11266,551420,5311,301291,3956,242337,1999,7792,5527,146298,5731,206160,7523,352458,California
San Bernardino,2021-03-16,15999,567419,7906,309197,7150,249487,943,8735,9759,150778,6218,212378,10698,363156,California
San Bernardino,2021-03-17,16928,584347,8464,317661,7716,257203,748,9483,10140,154895,6772,219150,10889,374045,California
San Bernardino,2021-03-18,16266,600613,8067,325728,7815,265018,384,9867,9555,158151,6684,225834,9940,383985,California
San Bernardino,2021-03-19,16758,617371,8295,334023,7876,272894,587,10454,9584,161226,7149,232983,10224,394209,California
San Bernardino,2021-03-20,9383,626754,5906,339929,2895,275789,582,11036,5577,163601,3781,236764,6156,400365,California
San Bernardino,2021-03-21,2746,629500,2237,342166,462,276251,47,11083,2225,165364,509,237273,2272,402637,California
San Bernardino,2021-03-22,9542,639042,4483,346649,4626,280877,433,11516,6929,170129,2598,239871,7363,410000,California
San Bernardino,2021-03-23,15385,654427,8739,355388,6025,286902,621,12137,9630,174642,5737,245608,10250,420250,California
San Bernardino,2021-03-24,14928,669355,7755,363143,6875,293777,298,12435,9956,179959,4938,250546,10255,430505,California
San Bernardino,2021-03-25,16824,686179,8277,371420,8253,302030,294,12729,10698,184867,6080,256626,10988,441493,California
San Bernardino,2021-03-26,17863,704042,8580,380000,8516,310546,767,13496,10857,189516,6975,263601,11624,453117,California
San Bernardino,2021-03-27,10690,714732,6889,386889,3054,313600,747,14243,6137,191863,4537,268138,6884,460001,California
San Bernardino,2021-03-28,3518,718250,2469,389358,936,314536,113,14356,2481,193426,1030,269168,2593,462594,California
San Bernardino,2021-03-29,11595,729845,6071,395429,5126,319662,398,14754,7915,198072,3667,272835,8313,470907,California
San Bernardino,2021-03-30,16748,746593,9398,404827,6641,326303,709,15463,10778,203616,5937,278772,11481,482388,California
San Bernardino,2021-03-31,16154,762747,9142,413969,6404,332707,608,16071,10885,209862,5244,284016,11490,493878,California
San Bernardino,2021-04-01,19394,782141,10259,424228,7783,340490,1352,17423,12562,216969,6802,290818,13909,507787,California
San Bernardino,2021-04-02,18413,800554,9227,433455,7918,348408,1268,18691,11138,222166,7249,298067,12446,520233,California
San Bernardino,2021-04-03,10904,811458,6818,440273,2963,351371,1123,19814,5975,224346,4915,302982,7095,527328,California
San Bernardino,2021-04-04,2446,813904,1483,441756,717,352088,246,20060,1255,224657,1188,304170,1499,528827,California
San Bernardino,2021-04-05,11651,825555,5243,446999,4685,356773,1723,21783,5989,226725,5641,309811,7709,536536,California
San Bernardino,2021-04-06,19560,845115,10993,457992,6478,363251,2089,23872,10390,230067,9136,318947,12478,549014,California
San Bernardino,2021-04-07,20757,865872,11109,469101,7201,370452,2447,26319,11377,234529,9352,328299,13814,562828,California
San Bernardino,2021-04-08,21552,887424,11046,480147,7922,378374,2584,28903,11941,239467,9582,337881,14520,577348,California
San Bernardino,2021-04-09,21432,908856,10881,491028,8023,386397,2528,31431,11686,243963,9713,347594,14209,591557,California
San Bernardino,2021-04-10,15481,924337,8013,499041,3792,390189,3676,35107,7694,247559,7766,355360,11362,602919,California
San Bernardino,2021-04-11,4329,928666,2541,501582,881,391070,907,36014,2009,248160,2314,357674,2915,605834,California
San Bernardino,2021-04-12,13252,941918,6149,507731,5493,396563,1610,37624,6293,249122,6939,364613,7901,613735,California
San Bernardino,2021-04-13,19104,961022,10919,518650,8166,404729,19,37643,10936,251934,8143,372756,10955,624690,California
San Bernardino,2021-04-14,18806,979828,10241,528891,8563,413292,2,37645,10764,254690,8011,380767,10767,635457,California
San Bernardino,2021-04-15,19834,999662,11152,540043,8679,421971,3,37648,10572,256042,9226,389993,10578,646035,California
San Bernardino,2021-04-16,18409,1018071,10490,550533,7916,429887,3,37651,9122,255917,9249,399242,9124,655159,California
San Bernardino,2021-04-17,11749,1029820,7734,558267,4015,433902,0,37651,6163,256523,5557,404799,6163,661322,California
San Bernardino,2021-04-18,2789,1032609,1886,560153,903,434805,0,37651,1270,256285,1508,406307,1270,662592,California
San Bernardino,2021-04-19,12283,1044892,6503,566656,5780,440585,0,37651,4738,253501,7526,413833,4742,667334,California
San Bernardino,2021-04-20,17244,1062136,9602,576258,7639,448224,3,37654,7865,252012,9358,423191,7869,675203,California
San Bernardino,2021-04-21,17700,1079836,10196,586454,7503,455727,1,37655,7870,250108,9775,432966,7871,683074,California
San Bernardino,2021-04-22,18592,1098428,10736,597190,7856,463583,0,37655,7700,246973,10839,443805,7704,690778,California
San Bernardino,2021-04-23,16330,1114758,9552,606742,6776,470359,2,37657,7053,244796,9234,453039,7057,697835,California
San Bernardino,2021-04-24,10307,1125065,7708,614450,2597,472956,2,37659,5764,246036,4527,457566,5767,703602,California
San Bernardino,2021-04-25,2809,1127874,1802,616252,1007,473963,0,37659,1390,246016,1411,458977,1391,704993,California
San Bernardino,2021-04-26,5527,1133401,2945,619197,2525,476488,57,37716,2333,245231,3176,462153,2391,707384,California
San Diego,2020-12-15,119,119,119,119,0,0,0,0,119,119,0,0,119,119,California
San Diego,2020-12-16,1102,1221,1102,1221,0,0,0,0,1102,1221,0,0,1102,1221,California
San Diego,2020-12-17,2349,3570,2349,3570,0,0,0,0,2349,3570,0,0,2349,3570,California
San Diego,2020-12-18,3671,7241,3670,7240,1,1,0,0,3671,7241,0,0,3671,7241,California
San Diego,2020-12-19,2309,9550,2309,9549,0,1,0,0,2309,9550,0,0,2309,9550,California
San Diego,2020-12-20,1183,10733,1182,10731,1,2,0,0,1183,10733,0,0,1183,10733,California
San Diego,2020-12-21,3521,14254,3520,14251,1,3,0,0,3521,14254,0,0,3521,14254,California
San Diego,2020-12-22,4055,18309,3412,17663,643,646,0,0,4055,18309,0,0,4055,18309,California
San Diego,2020-12-23,3178,21487,1976,19639,1202,1848,0,0,3178,21487,0,0,3178,21487,California
San Diego,2020-12-24,2736,24223,2219,21858,517,2365,0,0,2736,24223,0,0,2736,24223,California
San Diego,2020-12-25,874,25097,873,22731,1,2366,0,0,874,25097,0,0,874,25097,California
San Diego,2020-12-26,3294,28391,2143,24874,1151,3517,0,0,3294,28391,0,0,3294,28391,California
San Diego,2020-12-27,2508,30899,1617,26491,891,4408,0,0,2507,30897,1,1,2507,30898,California
San Diego,2020-12-28,5900,36799,4212,30703,1688,6096,0,0,5900,36797,0,1,5900,36798,California
San Diego,2020-12-29,5590,42389,3014,33717,2576,8672,0,0,5590,42387,0,1,5590,42388,California
San Diego,2020-12-30,5944,48333,3100,36817,2844,11516,0,0,5944,48331,0,1,5944,48332,California
San Diego,2020-12-31,2987,51320,1004,37821,1983,13499,0,0,2987,51318,0,1,2987,51319,California
San Diego,2021-01-01,1006,52326,452,38273,554,14053,0,0,1005,52323,0,1,1005,52324,California
San Diego,2021-01-02,3762,56088,1321,39594,2441,16494,0,0,3762,56085,0,1,3762,56086,California
San Diego,2021-01-03,859,56947,632,40226,227,16721,0,0,858,56943,0,1,858,56944,California
San Diego,2021-01-04,3703,60650,2052,42278,1651,18372,0,0,3696,60639,0,1,3696,60640,California
San Diego,2021-01-05,4310,64960,2122,44400,2188,20560,0,0,3693,63731,613,614,3705,64345,California
San Diego,2021-01-06,4946,69906,2299,46699,2647,23207,0,0,3711,66234,1212,1826,3715,68060,California
San Diego,2021-01-07,5608,75514,2981,49680,2627,25834,0,0,3452,67543,2149,3975,3458,71518,California
San Diego,2021-01-08,7721,83235,4958,54638,2763,28597,0,0,3935,67725,3769,7744,3951,75469,California
San Diego,2021-01-09,2956,86191,1554,56192,1402,29999,0,0,1788,68363,1158,8902,1796,77265,California
San Diego,2021-01-10,1882,88073,1293,57485,589,30588,0,0,779,68060,1091,9993,788,78053,California
San Diego,2021-01-11,10326,98399,5858,63343,4468,35056,0,0,6802,71359,3517,13510,6816,84869,California
San Diego,2021-01-12,11204,109603,5316,68659,5888,40944,0,0,7831,75939,3364,16874,7944,92813,California
San Diego,2021-01-13,11478,121081,5025,73684,6453,47397,0,0,8933,82363,2532,19406,8956,101769,California
San Diego,2021-01-14,12366,133447,4752,78436,7614,55011,0,0,10199,90438,2158,21564,10233,112002,California
San Diego,2021-01-15,15124,148571,5354,83790,9770,64781,0,0,12481,100347,2624,24188,12533,124535,California
San Diego,2021-01-16,10768,159339,3595,87385,7173,71954,0,0,9322,108259,1441,25629,9353,133888,California
San Diego,2021-01-17,8682,168021,2499,89884,6183,78137,0,0,7843,115282,839,26468,7862,141750,California
San Diego,2021-01-18,12500,180521,5941,95825,6559,84696,0,0,9671,122216,2790,29258,9724,151474,California
San Diego,2021-01-19,14751,195272,5823,101648,8928,93624,0,0,11624,130985,3113,32371,11882,163356,California
San Diego,2021-01-20,18323,213595,6384,108032,11939,105563,0,0,15034,142919,3270,35641,15204,178560,California
San Diego,2021-01-21,17405,231000,5898,113930,11507,117070,0,0,16014,157700,1380,37021,16161,194721,California
San Diego,2021-01-22,17677,248677,4753,118683,12924,129994,0,0,15623,171379,2041,39062,15720,210441,California
San Diego,2021-01-23,14478,263155,5271,123954,9207,139201,0,0,12118,181204,2347,41409,12172,222613,California
San Diego,2021-01-24,11916,275071,3360,127314,8556,147757,0,0,10940,191205,974,42383,10975,233588,California
San Diego,2021-01-25,12222,287293,5750,133064,6472,154229,0,0,9210,197562,3005,45388,9362,242950,California
San Diego,2021-01-26,14944,302237,7646,140710,7298,161527,0,0,11671,206149,3268,48656,11855,254805,California
San Diego,2021-01-27,20762,322999,8128,148838,12634,174161,0,0,17673,220886,3075,51731,17812,272617,California
San Diego,2021-01-28,21303,344302,7646,156484,13657,187818,0,0,19038,237748,2255,53986,19117,291734,California
San Diego,2021-01-29,19702,364004,6459,162943,13243,201061,0,0,17277,252656,2415,56401,17323,309057,California
San Diego,2021-01-30,15900,379904,3667,166610,12233,213294,0,0,13221,263306,2669,59070,13319,322376,California
San Diego,2021-01-31,14794,394698,5754,172364,9040,222334,0,0,14437,277416,353,59423,14463,336839,California
San Diego,2021-02-01,20522,415220,7232,179596,13290,235624,0,0,17332,291649,3176,62599,17409,354248,California
San Diego,2021-02-02,23198,438418,8689,188285,14509,250133,0,0,19669,307965,3519,66118,19835,374083,California
San Diego,2021-02-03,27451,465869,11562,199847,15889,266022,0,0,23276,327264,4157,70275,23456,397539,California
San Diego,2021-02-04,24379,490248,10029,209876,14350,280372,0,0,19676,342537,4686,74961,19959,417498,California
San Diego,2021-02-05,25023,515271,8986,218862,16037,296409,0,0,18479,354985,6521,81482,18969,436467,California
San Diego,2021-02-06,20794,536065,8569,227431,12225,308634,0,0,17599,369618,3189,84671,17822,454289,California
San Diego,2021-02-07,12129,548194,5375,232806,6754,315388,0,0,10264,378289,1845,86516,10516,464805,California
San Diego,2021-02-08,20104,568298,8519,241325,11585,326973,0,0,12691,384269,7397,93913,13377,478182,California
San Diego,2021-02-09,20397,588695,8238,249563,12159,339132,0,0,13198,391356,7179,101092,14266,492448,California
San Diego,2021-02-10,22984,611679,9359,258922,13625,352757,0,0,13885,397541,9055,110147,15240,507688,California
San Diego,2021-02-11,23780,635459,10141,269063,13639,366396,0,0,12737,400935,11016,121163,14410,522098,California
San Diego,2021-02-12,23844,659303,7460,276523,16384,382780,0,0,11920,403204,11906,133069,14175,536273,California
San Diego,2021-02-13,20020,679323,9014,285537,11006,393786,0,0,10895,406176,9118,142187,12090,548363,California
San Diego,2021-02-14,11187,690510,7431,292968,3756,397542,0,0,6334,409312,4849,147036,7985,556348,California
San Diego,2021-02-15,15190,705700,7682,300650,7508,405050,0,0,7848,412973,7323,154359,10984,567332,California
San Diego,2021-02-16,19282,724982,11252,311902,8030,413080,0,0,9234,415515,10037,164396,12579,579911,California
San Diego,2021-02-17,23396,748378,10984,322886,12412,425492,0,0,8144,411983,15241,179637,11709,591620,California
San Diego,2021-02-18,23574,771952,12021,334907,11553,437045,0,0,7790,408613,15776,195413,12406,604026,California
San Diego,2021-02-19,15909,787861,10921,345828,4988,442033,0,0,6634,408088,9256,204669,8731,612757,California
San Diego,2021-02-20,10259,798120,6361,352189,3898,445931,0,0,5817,411704,4439,209108,8055,620812,California
San Diego,2021-02-21,11528,809648,10117,362306,1411,447342,0,0,5201,412897,6300,215408,7493,628305,California
San Diego,2021-02-22,12445,822093,10584,372890,1861,449203,0,0,5803,414514,6635,222043,8252,636557,California
San Diego,2021-02-23,25901,847994,14524,387414,11377,460580,0,0,9668,414868,16227,238270,16581,653138,California
San Diego,2021-02-24,28952,876946,12762,400176,16190,476770,0,0,6867,408220,22067,260337,15419,668557,California
San Diego,2021-02-25,33187,910133,14711,414887,18476,495246,0,0,10173,404761,22996,283333,19537,688094,California
San Diego,2021-02-26,33461,943594,12394,427281,21067,516313,0,0,12151,402804,21284,304617,19327,707421,California
San Diego,2021-02-27,21244,964838,9677,436958,11567,527880,0,0,11457,408924,9783,314400,15903,723324,California
San Diego,2021-02-28,15246,980084,9945,446903,5301,533181,0,0,9501,416455,5744,320144,13275,736599,California
San Diego,2021-03-01,24164,1004248,14240,461143,9923,543104,1,1,14678,426490,9412,329556,19447,756046,California
San Diego,2021-03-02,26079,1030327,13995,475138,12084,555188,0,1,12730,433568,13342,342898,20420,776466,California
San Diego,2021-03-03,33951,1064278,15880,491018,18068,573256,3,4,14058,435609,19878,362776,21919,798385,California
San Diego,2021-03-04,28279,1092557,14067,505085,14212,587468,0,4,12646,439982,15614,378390,19987,818372,California
San Diego,2021-03-05,28917,1121474,14820,519905,14015,601483,82,86,13491,445238,15412,393802,20668,839040,California
San Diego,2021-03-06,23364,1144838,9525,529430,13137,614620,702,788,10302,448436,13049,406851,16247,855287,California
San Diego,2021-03-07,18199,1163037,9295,538725,8334,622954,570,1358,6909,449213,11284,418135,12061,867348,California
San Diego,2021-03-08,23036,1186073,11166,549891,10971,633925,899,2257,11433,454875,11592,429727,17254,884602,California
San Diego,2021-03-09,25849,1211922,11940,561831,12154,646079,1755,4012,10106,456620,15732,445459,17477,902079,California
San Diego,2021-03-10,25257,1237179,10731,572562,12133,658212,2393,6405,9875,458957,15371,460830,17708,919787,California
San Diego,2021-03-11,28668,1265847,10997,583559,14073,672285,3598,10003,10012,459098,18638,479468,18779,938566,California
San Diego,2021-03-12,27064,1292911,9448,593007,14482,686767,3134,13137,9962,458638,17088,496556,16628,955194,California
San Diego,2021-03-13,25974,1318885,7298,600305,17073,703840,1603,14740,10076,458612,15895,512451,15869,971063,California
San Diego,2021-03-14,13704,1332589,5358,605663,7610,711450,736,15476,4787,457650,8910,521361,7948,979011,California
San Diego,2021-03-15,22006,1354595,10155,615818,11073,722523,778,16254,9046,457652,12944,534305,12946,991957,California
San Diego,2021-03-16,29892,1384487,15697,631515,13782,736305,413,16667,15651,463211,14218,548523,19777,1011734,California
San Diego,2021-03-17,26235,1410722,12147,643662,13379,749684,709,17376,16713,473615,9510,558033,19914,1031648,California
San Diego,2021-03-18,31372,1442094,17694,661356,12783,762467,895,18271,16929,479638,14409,572442,20432,1052080,California
San Diego,2021-03-19,30159,1472253,14292,675648,14890,777357,977,19248,19287,490777,10856,583298,21995,1074075,California
San Diego,2021-03-20,27789,1500042,8365,684013,17633,794990,1791,21039,21371,509143,6409,589707,24775,1098850,California
San Diego,2021-03-21,16482,1516524,12006,696019,3760,798750,716,21755,7681,511478,8789,598496,11124,1109974,California
San Diego,2021-03-22,22452,1538976,13093,709112,9118,807868,241,21996,14303,521191,8139,606635,17852,1127826,California
San Diego,2021-03-23,25935,1564911,13603,722715,12072,819940,260,22256,17144,532089,8777,615412,19675,1147501,California
San Diego,2021-03-24,29473,1594384,19701,742416,9408,829348,364,22620,17079,540394,12385,627797,20690,1168191,California
San Diego,2021-03-25,30278,1624662,18198,760614,11423,840771,657,23277,17984,548901,12279,640076,20786,1188977,California
San Diego,2021-03-26,32096,1656758,17861,778475,13679,854450,556,23833,17576,555523,14492,654568,21114,1210091,California
San Diego,2021-03-27,25436,1682194,10976,789451,14067,868517,393,24226,15717,564197,9703,664271,18377,1228468,California
San Diego,2021-03-28,15032,1697226,9170,798621,5806,874323,56,24282,9285,569273,5740,670011,10816,1239284,California
San Diego,2021-03-29,26589,1723815,12844,811465,13148,887471,597,24879,16413,578546,10167,680178,19440,1258724,California
San Diego,2021-03-30,33182,1756997,17869,829334,14542,902013,771,25650,22028,592056,11141,691319,24651,1283375,California
San Diego,2021-03-31,30245,1787242,18722,848056,10884,912897,639,26289,20556,604706,9672,700991,22322,1305697,California
San Diego,2021-04-01,34066,1821308,20113,868169,12601,925498,1352,27641,23151,619658,10888,711879,25840,1331537,California
San Diego,2021-04-02,35498,1856806,20669,888838,12253,937751,2576,30217,24156,636465,11324,723203,28131,1359668,California
San Diego,2021-04-03,30720,1887526,14483,903321,11761,949512,4476,34693,19743,651159,10964,734167,25658,1385326,California
San Diego,2021-04-04,8912,1896438,5089,908410,2924,952436,899,35592,4715,652840,4192,738359,5873,1391199,California
San Diego,2021-04-05,29664,1926102,15436,923846,11681,964117,2547,38139,19460,667392,10192,748551,24744,1415943,California
San Diego,2021-04-06,38521,1964623,20358,944204,12394,976511,5769,43908,22358,682052,16145,764696,30805,1446748,California
San Diego,2021-04-07,35464,2000087,21894,966098,9148,985659,4422,48330,20312,694083,15127,779823,27158,1473906,California
San Diego,2021-04-08,34899,2034986,21257,987355,9652,995311,3990,52320,21243,708303,13636,793459,27856,1501762,California
San Diego,2021-04-09,37937,2072923,22712,1010067,10229,1005540,4996,57316,20727,720585,17142,810601,29424,1531186,California
San Diego,2021-04-10,28498,2101421,11702,1021769,12866,1018406,3930,61246,14624,728486,13862,824463,21763,1552949,California
San Diego,2021-04-11,16102,2117523,9986,1031755,3855,1022261,2261,63507,7228,732767,8871,833334,13152,1566101,California
San Diego,2021-04-12,30510,2148033,12774,1044529,13443,1035704,4293,67800,17026,744264,13469,846803,24966,1591067,California
San Diego,2021-04-13,37039,2185072,17655,1062184,19349,1055053,35,67835,24726,760453,12296,859099,28485,1619552,California
San Diego,2021-04-14,32757,2217829,18764,1080948,13982,1069035,11,67846,17736,769238,15007,874106,23792,1643344,California
San Diego,2021-04-15,38931,2256760,20207,1101155,18722,1087757,2,67848,23631,782250,15275,889381,28287,1671631,California
San Diego,2021-04-16,33188,2289948,18475,1119630,14712,1102469,1,67849,19203,790427,13917,903298,22094,1693725,California
San Diego,2021-04-17,27607,2317555,13472,1133102,14135,1116604,0,67849,12250,791248,15258,918556,16079,1709804,California
San Diego,2021-04-18,14227,2331782,8881,1141983,5343,1121947,3,67852,6676,793993,7543,926099,10288,1720092,California
San Diego,2021-04-19,26123,2357905,13268,1155251,12854,1134801,1,67853,12422,795727,13687,939786,15421,1735513,California
San Diego,2021-04-20,38351,2396256,17217,1172468,21134,1155935,0,67853,19680,802324,18653,958439,25250,1760763,California
San Diego,2021-04-21,34740,2430996,20736,1193204,14004,1169939,0,67853,16825,807237,17887,976326,22800,1783563,California
San Diego,2021-04-22,44066,2475062,22458,1215662,21602,1191541,6,67859,21854,814167,22177,998503,29107,1812670,California
San Diego,2021-04-23,41705,2516767,25723,1241385,15980,1207521,2,67861,15334,813929,26344,1024847,26106,1838776,California
San Diego,2021-04-24,33708,2550475,18634,1260019,15063,1222584,11,67872,15172,818083,18508,1043355,22662,1861438,California
San Diego,2021-04-25,12002,2562477,7305,1267324,4697,1227281,0,67872,5694,819834,6306,1049661,8057,1869495,California
San Diego,2021-04-26,14750,2577227,7775,1275099,6914,1234195,61,67933,3803,817535,10945,1060606,8646,1878141,California
San Francisco,2020-12-15,7,7,7,7,0,0,0,0,7,7,0,0,7,7,California
San Francisco,2020-12-16,229,236,229,236,0,0,0,0,229,236,0,0,229,236,California
San Francisco,2020-12-17,394,630,394,630,0,0,0,0,394,630,0,0,394,630,California
San Francisco,2020-12-18,877,1507,876,1506,1,1,0,0,877,1507,0,0,877,1507,California
San Francisco,2020-12-19,601,2108,601,2107,0,1,0,0,601,2108,0,0,601,2108,California
San Francisco,2020-12-20,483,2591,483,2590,0,1,0,0,483,2591,0,0,483,2591,California
San Francisco,2020-12-21,1162,3753,1162,3752,0,1,0,0,1162,3753,0,0,1162,3753,California
San Francisco,2020-12-22,1399,5152,1365,5117,34,35,0,0,1399,5152,0,0,1399,5152,California
San Francisco,2020-12-23,1332,6484,1042,6159,290,325,0,0,1332,6484,0,0,1332,6484,California
San Francisco,2020-12-24,840,7324,503,6662,337,662,0,0,840,7324,0,0,840,7324,California
San Francisco,2020-12-25,34,7358,29,6691,5,667,0,0,34,7358,0,0,34,7358,California
San Francisco,2020-12-26,245,7603,151,6842,94,761,0,0,245,7603,0,0,245,7603,California
San Francisco,2020-12-27,273,7876,60,6902,213,974,0,0,273,7876,0,0,273,7876,California
San Francisco,2020-12-28,1269,9145,685,7587,584,1558,0,0,1269,9145,0,0,1269,9145,California
San Francisco,2020-12-29,1242,10387,621,8208,621,2179,0,0,1242,10387,0,0,1242,10387,California
San Francisco,2020-12-30,1486,11873,780,8988,706,2885,0,0,1486,11873,0,0,1486,11873,California
San Francisco,2020-12-31,962,12835,411,9399,551,3436,0,0,961,12834,0,0,961,12834,California
San Francisco,2021-01-01,77,12912,65,9464,12,3448,0,0,77,12911,0,0,77,12911,California
San Francisco,2021-01-02,334,13246,303,9767,31,3479,0,0,334,13245,0,0,334,13245,California
San Francisco,2021-01-03,293,13539,101,9868,192,3671,0,0,292,13536,1,1,292,13537,California
San Francisco,2021-01-04,1839,15378,1358,11226,481,4152,0,0,1836,15369,3,4,1836,15373,California
San Francisco,2021-01-05,2234,17612,1415,12641,819,4971,0,0,2199,17535,35,39,2201,17574,California
San Francisco,2021-01-06,1867,19479,1161,13802,706,5677,0,0,1602,18875,263,302,1603,19177,California
San Francisco,2021-01-07,2060,21539,1202,15004,858,6535,0,0,1604,20026,453,755,1604,20781,California
San Francisco,2021-01-08,2328,23867,1630,16634,698,7233,0,0,1492,20687,831,1586,1492,22273,California
San Francisco,2021-01-09,1387,25254,892,17526,495,7728,0,0,883,21068,504,2090,885,23158,California
San Francisco,2021-01-10,920,26174,542,18068,378,8106,0,0,460,21069,459,2549,460,23618,California
San Francisco,2021-01-11,2501,28675,1870,19938,631,8737,0,0,1402,21371,1100,3649,1402,25020,California
San Francisco,2021-01-12,3084,31759,2055,21993,1029,9766,0,0,1893,22074,1191,4840,1894,26914,California
San Francisco,2021-01-13,2818,34577,1598,23591,1220,10986,0,0,1990,23236,828,5668,1990,28904,California
San Francisco,2021-01-14,2435,37012,1097,24688,1338,12324,0,0,1875,24551,560,6228,1875,30779,California
San Francisco,2021-01-15,2740,39752,1145,25833,1595,13919,0,0,2349,26513,389,6617,2351,33130,California
San Francisco,2021-01-16,2249,42001,963,26796,1286,15205,0,0,2084,28433,165,6782,2085,35215,California
San Francisco,2021-01-17,1919,43920,533,27329,1386,16591,0,0,1704,29922,215,6997,1704,36919,California
San Francisco,2021-01-18,1371,45291,587,27916,784,17375,0,0,1109,30772,261,7258,1111,38030,California
San Francisco,2021-01-19,2569,47860,1471,29387,1098,18473,0,0,1824,31851,745,8003,1824,39854,California
San Francisco,2021-01-20,2703,50563,1084,30471,1619,20092,0,0,1955,33062,745,8748,1956,41810,California
San Francisco,2021-01-21,3289,53852,927,31398,2362,22454,0,0,2470,34715,817,9565,2470,44280,California
San Francisco,2021-01-22,3172,57024,634,32032,2538,24992,0,0,2730,37005,440,10005,2730,47010,California
San Francisco,2021-01-23,3090,60114,609,32641,2481,27473,0,0,2723,39363,366,10371,2724,49734,California
San Francisco,2021-01-24,2424,62538,361,33002,2063,29536,0,0,2196,41334,225,10596,2196,51930,California
San Francisco,2021-01-25,4579,67117,1779,34781,2800,32336,0,0,3031,42820,1546,12142,3032,54962,California
San Francisco,2021-01-26,4663,71780,2135,36916,2528,34864,0,0,3073,44308,1587,13729,3075,58037,California
San Francisco,2021-01-27,4421,76201,2072,38988,2349,37213,0,0,3074,46039,1343,15072,3074,61111,California
San Francisco,2021-01-28,3751,79952,1552,40540,2199,39412,0,0,2591,47475,1155,16227,2591,63702,California
San Francisco,2021-01-29,4713,84665,1678,42218,3035,42447,0,0,3447,49663,1259,17486,3447,67149,California
San Francisco,2021-01-30,3771,88436,1841,44059,1930,44377,0,0,3325,52546,445,17931,3328,70477,California
San Francisco,2021-01-31,2350,90786,823,44882,1527,45904,0,0,2199,54596,150,18081,2200,72677,California
San Francisco,2021-02-01,3781,94567,1520,46402,2261,48165,0,0,2881,56578,900,18981,2882,75559,California
San Francisco,2021-02-02,4641,99208,1961,48363,2680,50845,0,0,2877,57697,1758,20739,2877,78436,California
San Francisco,2021-02-03,5054,104262,2370,50733,2684,53529,0,0,3753,60153,1298,22037,3754,82190,California
San Francisco,2021-02-04,5016,109278,2431,53164,2585,56114,0,0,3856,62851,1158,23195,3856,86046,California
San Francisco,2021-02-05,5920,115198,3192,56356,2728,58842,0,0,4582,66099,1335,24530,4583,90629,California
San Francisco,2021-02-06,5467,120665,3647,60003,1820,60662,0,0,4569,69773,896,25426,4570,95199,California
San Francisco,2021-02-07,4322,124987,3172,63175,1150,61812,0,0,3746,72947,575,26001,3749,98948,California
San Francisco,2021-02-08,6692,131679,4608,67783,2084,63896,0,0,5484,77242,1191,27192,5486,104434,California
San Francisco,2021-02-09,5912,137591,3982,71765,1930,65826,0,0,4361,80056,1548,28740,4362,108796,California
San Francisco,2021-02-10,6855,144446,4173,75938,2682,68508,0,0,5091,83394,1756,30496,5094,113890,California
San Francisco,2021-02-11,6699,151145,3973,79911,2726,71234,0,0,4890,86479,1806,32302,4891,118781,California
San Francisco,2021-02-12,5305,156450,2664,82575,2641,73875,0,0,3476,88127,1828,34130,3476,122257,California
San Francisco,2021-02-13,4356,160806,2547,85122,1809,75684,0,0,3033,89839,1323,35453,3035,125292,California
San Francisco,2021-02-14,3412,164218,2239,87361,1173,76857,0,0,2289,91007,1122,36575,2290,127582,California
San Francisco,2021-02-15,2769,166987,1505,88866,1264,78121,0,0,1677,91594,1090,37665,1677,129259,California
San Francisco,2021-02-16,4978,171965,2721,91587,2257,80378,0,0,2950,92529,2021,39686,2956,132215,California
San Francisco,2021-02-17,5394,177359,2677,94264,2717,83095,0,0,2960,93065,2425,42111,2961,135176,California
San Francisco,2021-02-18,5370,182729,2628,96892,2742,85837,0,0,2808,93314,2562,44673,2811,137987,California
San Francisco,2021-02-19,5628,188357,2644,99536,2984,88821,0,0,2928,93550,2694,47367,2930,140917,California
San Francisco,2021-02-20,4512,192869,2177,101713,2335,91156,0,0,1698,92443,2806,50173,1699,142616,California
San Francisco,2021-02-21,2736,195605,1367,103080,1369,92525,0,0,1140,91992,1592,51765,1141,143757,California
San Francisco,2021-02-22,5094,200699,3172,106252,1922,94447,0,0,2562,92032,2524,54289,2564,146321,California
San Francisco,2021-02-23,5445,206144,3080,109332,2365,96812,0,0,2756,92105,2683,56972,2756,149077,California
San Francisco,2021-02-24,8960,215104,5072,114404,3888,100700,0,0,4778,92711,4173,61145,4779,153856,California
San Francisco,2021-02-25,9746,224850,6848,121252,2898,103598,0,0,6291,95551,3453,64598,6293,160149,California
San Francisco,2021-02-26,11892,236742,7717,128969,4175,107773,0,0,7045,97748,4849,69447,7046,167195,California
San Francisco,2021-02-27,8893,245635,5658,134627,3234,111007,1,1,4504,97878,4376,73823,4506,171701,California
San Francisco,2021-02-28,7701,253336,5523,140150,2178,113185,0,1,3828,97836,3871,77694,3829,175530,California
San Francisco,2021-03-01,10662,263998,7155,147305,3505,116690,2,3,5153,97503,5491,83185,5158,180688,California
San Francisco,2021-03-02,8837,272835,5636,152941,3201,119891,0,3,5122,98919,3707,86892,5123,185811,California
San Francisco,2021-03-03,10911,283746,6226,159167,4684,124575,1,4,5924,99872,4975,91867,5928,191739,California
San Francisco,2021-03-04,8613,292359,5418,164585,3195,127770,0,4,4847,100959,3760,95627,4847,196586,California
San Francisco,2021-03-05,8655,301014,5123,169708,3529,131299,3,7,5438,103200,3201,98828,5442,202028,California
San Francisco,2021-03-06,6857,307871,4413,174121,2237,133536,207,214,4206,104947,2663,101491,4410,206438,California
San Francisco,2021-03-07,5117,312988,3973,178094,1087,134623,57,271,2879,105631,2252,103743,2936,209374,California
San Francisco,2021-03-08,7120,320108,5151,183245,1783,136406,186,457,5571,109807,1581,105324,5757,215131,California
San Francisco,2021-03-09,6691,326799,3923,187168,2394,138800,374,831,4565,112609,2133,107457,4935,220066,California
San Francisco,2021-03-10,10367,337166,5864,193032,4006,142806,497,1328,6336,115431,4012,111469,6834,226900,California
San Francisco,2021-03-11,10019,347185,6337,199369,2723,145529,959,2287,6576,119532,3427,114896,7528,234428,California
San Francisco,2021-03-12,10693,357878,6236,205605,3150,148679,1307,3594,5940,122047,4729,119625,7244,241672,California
San Francisco,2021-03-13,6568,364446,3835,209440,1684,150363,1049,4643,4072,124679,2488,122113,5120,246792,California
San Francisco,2021-03-14,7476,371922,4841,214281,2399,152762,236,4879,4036,125524,3428,125541,4273,251065,California
San Francisco,2021-03-15,11899,383821,9077,223358,1890,154652,932,5811,8240,131043,3646,129187,9165,260230,California
San Francisco,2021-03-16,12022,395843,8158,231516,3407,158059,457,6268,8744,136980,3263,132450,9200,269430,California
San Francisco,2021-03-17,13143,408986,8116,239632,4485,162544,542,6810,9498,143397,3619,136069,10036,279466,California
San Francisco,2021-03-18,9944,418930,6729,246361,2594,165138,621,7431,5660,145416,4259,140328,6278,285744,California
San Francisco,2021-03-19,12001,430931,8688,255049,2850,167988,463,7894,6387,146672,5590,145918,6846,292590,California
San Francisco,2021-03-20,8675,439606,6370,261419,1846,169834,459,8353,5166,148818,3481,149399,5627,298217,California
San Francisco,2021-03-21,6444,446050,5893,267312,417,170251,134,8487,3683,149886,2749,152148,3817,302034,California
San Francisco,2021-03-22,9643,455693,6794,274106,2008,172259,841,9328,5073,151247,4549,156697,5910,307944,California
San Francisco,2021-03-23,11115,466808,7343,281449,3126,175385,646,9974,6698,154201,4387,161084,7341,315285,California
San Francisco,2021-03-24,12231,479039,9377,290826,2319,177704,535,10509,6327,155192,5868,166952,6859,322144,California
San Francisco,2021-03-25,11758,490797,8630,299456,2566,180270,562,11071,5888,155832,5806,172758,6446,328590,California
San Francisco,2021-03-26,11829,502626,8180,307636,3419,183689,230,11301,6110,156480,5689,178447,6337,334927,California
San Francisco,2021-03-27,8602,511228,5736,313372,2521,186210,345,11646,3907,156054,4677,183124,4251,339178,California
San Francisco,2021-03-28,6568,517796,5238,318610,1288,187498,42,11688,3165,155878,3380,186504,3204,342382,California
San Francisco,2021-03-29,11355,529151,7858,326468,3314,190812,183,11871,5135,155000,6195,192699,5317,347699,California
San Francisco,2021-03-30,11485,540636,7170,333638,4025,194837,290,12161,6885,157599,4575,197274,7174,354873,California
San Francisco,2021-03-31,12084,552720,8020,341658,3769,198606,295,12456,5625,157084,6430,203704,5915,360788,California
San Francisco,2021-04-01,13660,566380,7261,348919,4765,203371,1634,14090,5945,156973,7687,211391,7576,368364,California
San Francisco,2021-04-02,14568,580948,6417,355336,6343,209714,1808,15898,6869,157966,7681,219072,8674,377038,California
San Francisco,2021-04-03,10362,591310,4765,360101,3811,213525,1786,17684,4796,158991,5554,224626,6579,383617,California
San Francisco,2021-04-04,8981,600291,4748,364849,2581,216106,1652,19336,3608,158891,5361,229987,5261,388878,California
San Francisco,2021-04-05,15879,616170,9729,374578,4276,220382,1874,21210,6359,157623,9499,239486,8231,397109,California
San Francisco,2021-04-06,15901,632071,9416,383994,4432,224814,2053,23263,6242,156273,9640,249126,8290,405399,California
San Francisco,2021-04-07,16608,648679,9959,393953,4433,229247,2216,25479,6970,155827,9619,258745,9173,414572,California
San Francisco,2021-04-08,14023,662702,6690,400643,2959,232206,4374,29853,4620,155428,9376,268121,8977,423549,California
San Francisco,2021-04-09,15666,678368,7582,408225,4753,236959,3331,33184,6690,156487,8948,277069,10007,433556,California
San Francisco,2021-04-10,13047,691415,5653,413878,5775,242734,1619,34803,7096,159269,5927,282996,8709,442265,California
San Francisco,2021-04-11,9956,701371,7452,421330,1336,244070,1168,35971,5193,160876,4752,287748,6359,448624,California
San Francisco,2021-04-12,10549,711920,6868,428198,2555,246625,1126,37097,4880,161234,5645,293393,6003,454627,California
San Francisco,2021-04-13,10651,722571,7259,435457,3381,250006,11,37108,5421,161461,5208,298601,5435,460062,California
San Francisco,2021-04-14,13250,735821,7988,443445,5261,255267,1,37109,6448,161138,6772,305373,6449,466511,California
San Francisco,2021-04-15,13557,749378,9400,452845,4156,259423,1,37110,8008,163627,5524,310897,8013,474524,California
San Francisco,2021-04-16,12897,762275,8671,461516,4183,263606,43,37153,7663,166132,5207,316104,7712,482236,California
San Francisco,2021-04-17,9910,772185,7237,468753,2673,266279,0,37153,7011,170261,2885,318989,7014,489250,California
San Francisco,2021-04-18,6545,778730,4999,473752,1545,267824,1,37154,4061,171860,2465,321454,4064,493314,California
San Francisco,2021-04-19,10711,789441,8041,481793,2665,270489,5,37159,6909,174996,3788,325242,6924,500238,California
San Francisco,2021-04-20,12214,801655,7112,488905,5101,275590,1,37160,8454,179712,3741,328983,8457,508695,California
San Francisco,2021-04-21,10517,812172,7537,496442,2976,278566,4,37164,6480,182186,4013,332996,6487,515182,California
San Francisco,2021-04-22,10503,822675,7806,504248,2697,281263,0,37164,6152,184015,4329,337325,6158,521340,California
San Francisco,2021-04-23,9659,832334,5639,509887,4020,285283,0,37164,5754,185897,3876,341201,5758,527098,California
San Francisco,2021-04-24,6206,838540,4294,514181,1912,287195,0,37164,3787,187291,2400,343601,3794,530892,California
San Francisco,2021-04-25,3957,842497,3478,517659,477,287672,2,37166,2512,188369,1440,345041,2518,533410,California
San Francisco,2021-04-26,4802,847299,3300,520959,1500,289172,2,37168,2163,187916,2626,347667,2173,535583,California
San Joaquin,2020-12-15,12,12,12,12,0,0,0,0,12,12,0,0,12,12,California
San Joaquin,2020-12-16,305,317,305,317,0,0,0,0,305,317,0,0,305,317,California
San Joaquin,2020-12-17,311,628,311,628,0,0,0,0,311,628,0,0,311,628,California
San Joaquin,2020-12-18,519,1147,515,1143,4,4,0,0,519,1147,0,0,519,1147,California
San Joaquin,2020-12-19,189,1336,189,1332,0,4,0,0,189,1336,0,0,189,1336,California
San Joaquin,2020-12-20,112,1448,111,1443,1,5,0,0,112,1448,0,0,112,1448,California
San Joaquin,2020-12-21,501,1949,499,1942,2,7,0,0,501,1949,0,0,501,1949,California
San Joaquin,2020-12-22,962,2911,842,2784,120,127,0,0,961,2910,0,0,961,2910,California
San Joaquin,2020-12-23,956,3867,898,3682,58,185,0,0,954,3864,0,0,954,3864,California
San Joaquin,2020-12-24,214,4081,186,3868,28,213,0,0,213,4077,0,0,213,4077,California
San Joaquin,2020-12-25,14,4095,14,3882,0,213,0,0,14,4091,0,0,14,4091,California
San Joaquin,2020-12-26,101,4196,29,3911,72,285,0,0,101,4192,0,0,101,4192,California
San Joaquin,2020-12-27,41,4237,29,3940,12,297,0,0,41,4233,0,0,41,4233,California
San Joaquin,2020-12-28,618,4855,418,4358,200,497,0,0,618,4851,0,0,618,4851,California
San Joaquin,2020-12-29,794,5649,668,5026,126,623,0,0,794,5645,0,0,794,5645,California
San Joaquin,2020-12-30,1004,6653,713,5739,291,914,0,0,1002,6647,0,0,1002,6647,California
San Joaquin,2020-12-31,451,7104,202,5941,249,1163,0,0,452,7099,0,0,452,7099,California
San Joaquin,2021-01-01,17,7121,10,5951,7,1170,0,0,17,7116,0,0,17,7116,California
San Joaquin,2021-01-02,260,7381,238,6189,22,1192,0,0,260,7376,0,0,260,7376,California
San Joaquin,2021-01-03,37,7418,19,6208,18,1210,0,0,36,7411,1,1,36,7412,California
San Joaquin,2021-01-04,470,7888,335,6543,135,1345,0,0,468,7878,1,2,468,7880,California
San Joaquin,2021-01-05,972,8860,643,7186,329,1674,0,0,805,8551,168,170,841,8721,California
San Joaquin,2021-01-06,1212,10072,700,7886,512,2186,0,0,911,9168,297,467,914,9635,California
San Joaquin,2021-01-07,1062,11134,666,8552,396,2582,0,0,776,9662,283,750,777,10412,California
San Joaquin,2021-01-08,1192,12326,817,9369,375,2957,0,0,710,9894,482,1232,714,11126,California
San Joaquin,2021-01-09,376,12702,300,9669,76,3033,0,0,247,10012,129,1361,247,11373,California
San Joaquin,2021-01-10,222,12924,114,9783,108,3141,0,0,170,10130,52,1413,170,11543,California
San Joaquin,2021-01-11,1509,14433,1307,11090,202,3343,0,0,854,10379,654,2067,903,12446,California
San Joaquin,2021-01-12,1416,15849,1014,12104,402,3745,0,0,651,10339,761,2828,721,13167,California
San Joaquin,2021-01-13,1459,17308,834,12938,625,4370,0,0,941,10768,517,3345,946,14113,California
San Joaquin,2021-01-14,1641,18949,871,13809,770,5140,0,0,1306,11774,315,3660,1321,15434,California
San Joaquin,2021-01-15,1590,20539,619,14428,971,6111,0,0,1378,12962,198,3858,1386,16820,California
San Joaquin,2021-01-16,1134,21673,191,14619,943,7054,0,0,1107,14043,26,3884,1107,17927,California
San Joaquin,2021-01-17,1608,23281,130,14749,1478,8532,0,0,1571,15579,37,3921,1573,19500,California
San Joaquin,2021-01-18,734,24015,236,14985,498,9030,0,0,616,16081,114,4035,616,20116,California
San Joaquin,2021-01-19,1848,25863,884,15869,964,9994,0,0,1170,16583,674,4709,1176,21292,California
San Joaquin,2021-01-20,2069,27932,1276,17145,793,10787,0,0,1425,17373,640,5349,1430,22722,California
San Joaquin,2021-01-21,1953,29885,883,18028,1070,11857,0,0,1562,18556,384,5733,1567,24289,California
San Joaquin,2021-01-22,1951,31836,910,18938,1041,12898,0,0,1809,20230,138,5871,1812,26101,California
San Joaquin,2021-01-23,887,32723,401,19339,486,13384,0,0,604,20555,282,6153,607,26708,California
San Joaquin,2021-01-24,337,33060,132,19471,205,13589,0,0,317,20854,18,6171,317,27025,California
San Joaquin,2021-01-25,1970,35030,1129,20600,841,14430,0,0,1414,21719,553,6724,1418,28443,California
San Joaquin,2021-01-26,2138,37168,1110,21710,1028,15458,0,0,1535,22657,601,7325,1539,29982,California
San Joaquin,2021-01-27,1712,38880,760,22470,952,16410,0,0,1226,23406,483,7808,1232,31214,California
San Joaquin,2021-01-28,2009,40889,751,23221,1258,17668,0,0,1374,24150,633,8441,1377,32591,California
San Joaquin,2021-01-29,2126,43015,1033,24254,1093,18761,0,0,1783,25602,338,8779,1790,34381,California
San Joaquin,2021-01-30,2152,45167,347,24601,1805,20566,0,0,1977,27408,173,8952,1979,36360,California
San Joaquin,2021-01-31,1553,46720,176,24777,1377,21943,0,0,1493,28846,56,9008,1494,37854,California
San Joaquin,2021-02-01,2479,49199,1308,26085,1171,23114,0,0,1751,29873,727,9735,1754,39608,California
San Joaquin,2021-02-02,2572,51771,1161,27246,1411,24525,0,0,1962,31288,551,10286,1966,41574,California
San Joaquin,2021-02-03,3041,54812,1202,28448,1839,26364,0,0,2184,32625,851,11137,2188,43762,California
San Joaquin,2021-02-04,3420,58232,1703,30151,1717,28081,0,0,2617,34447,797,11934,2619,46381,California
San Joaquin,2021-02-05,3201,61433,1852,32003,1349,29430,0,0,2347,35949,848,12782,2350,48731,California
San Joaquin,2021-02-06,1117,62550,786,32789,331,29761,0,0,943,36722,172,12954,945,49676,California
San Joaquin,2021-02-07,612,63162,486,33275,126,29887,0,0,411,36940,194,13148,412,50088,California
San Joaquin,2021-02-08,1763,64925,1029,34304,734,30621,0,0,1437,38075,305,13453,1440,51528,California
San Joaquin,2021-02-09,2081,67006,1132,35436,949,31570,0,0,1555,39175,456,13909,1556,53084,California
San Joaquin,2021-02-10,2544,69550,1251,36687,1293,32863,0,0,1332,39324,1183,15092,1332,54416,California
San Joaquin,2021-02-11,2914,72464,1496,38183,1418,34281,0,0,1705,39854,1180,16272,1710,56126,California
San Joaquin,2021-02-12,2790,75254,1119,39302,1671,35952,0,0,1581,40242,1197,17469,1585,57711,California
San Joaquin,2021-02-13,2102,77356,394,39696,1708,37660,0,0,843,39842,1249,18718,849,58560,California
San Joaquin,2021-02-14,1892,79248,259,39955,1633,39293,0,0,686,39345,1184,19902,687,59247,California
San Joaquin,2021-02-15,1963,81211,830,40785,1133,40426,0,0,1192,39797,744,20646,1196,60443,California
San Joaquin,2021-02-16,3136,84347,1367,42152,1769,42195,0,0,1743,40166,1381,22027,1750,62193,California
San Joaquin,2021-02-17,3252,87599,1259,43411,1993,44188,0,0,1855,40640,1385,23412,1859,64052,California
San Joaquin,2021-02-18,3305,90904,1360,44771,1945,46133,0,0,1889,41144,1392,24804,1896,65948,California
San Joaquin,2021-02-19,4145,95049,2307,47078,1838,47971,0,0,2364,41761,1748,26552,2365,68313,California
San Joaquin,2021-02-20,1529,96578,646,47724,883,48854,0,0,1056,42345,472,27024,1056,69369,California
San Joaquin,2021-02-21,630,97208,476,48200,154,49008,0,0,398,42515,229,27253,399,69768,California
San Joaquin,2021-02-22,3496,100704,2464,50664,1032,50040,0,0,2509,44072,957,28210,2514,72282,California
San Joaquin,2021-02-23,4240,104944,2567,53231,1673,51713,0,0,2608,45075,1609,29819,2612,74894,California
San Joaquin,2021-02-24,5650,110594,3358,56589,2292,54005,0,0,4077,47602,1554,31373,4081,78975,California
San Joaquin,2021-02-25,6255,116849,3863,60452,2392,56397,0,0,4042,49470,2184,33557,4052,83027,California
San Joaquin,2021-02-26,5385,122234,2828,63280,2557,58954,0,0,3716,51551,1643,35200,3724,86751,California
San Joaquin,2021-02-27,5406,127640,1606,64886,3800,62754,0,0,2595,51394,2766,37966,2609,89360,California
San Joaquin,2021-02-28,3032,130672,1087,65973,1945,64699,0,0,1993,52365,1025,38991,1996,91356,California
San Joaquin,2021-03-01,4039,134711,1773,67746,2266,66965,0,0,2283,52916,1741,40732,2292,93648,California
San Joaquin,2021-03-02,4134,138845,1648,69394,2486,69451,0,0,2593,54042,1524,42256,2650,96298,California
San Joaquin,2021-03-03,5664,144509,3388,72782,2274,71725,2,2,4081,56561,1562,43818,4081,100379,California
San Joaquin,2021-03-04,5625,150134,2228,75010,3394,75119,3,5,3680,58314,1935,45753,3688,104067,California
San Joaquin,2021-03-05,4378,154512,1854,76864,2522,77641,2,7,3023,59999,1343,47096,3028,107095,California
San Joaquin,2021-03-06,3265,157777,2157,79021,979,78620,129,136,2689,62246,574,47670,2821,109916,California
San Joaquin,2021-03-07,1196,158973,549,79570,602,79222,45,181,918,62934,262,47932,950,110866,California
San Joaquin,2021-03-08,3055,162028,1244,80814,1687,80909,124,305,2057,64125,989,48921,2180,113046,California
San Joaquin,2021-03-09,3927,165955,1771,82585,2030,82939,126,431,2597,65535,1316,50237,2726,115772,California
San Joaquin,2021-03-10,4604,170559,2441,85026,2025,84964,138,569,3395,67872,1196,51433,3533,119305,California
San Joaquin,2021-03-11,4885,175444,2311,87337,1980,86944,594,1163,2905,69407,1969,53402,3504,122809,California
San Joaquin,2021-03-12,6214,181658,3101,90438,2782,89726,331,1494,4136,71820,2060,55462,4473,127282,California
San Joaquin,2021-03-13,3042,184700,1437,91875,1478,91204,127,1621,2285,73489,749,56211,2418,129700,California
San Joaquin,2021-03-14,2147,186847,667,92542,1179,92383,301,1922,1036,73724,1107,57318,1342,131042,California
San Joaquin,2021-03-15,6007,192854,3458,96000,2147,94530,402,2324,3157,74465,2830,60148,3571,134613,California
San Joaquin,2021-03-16,6754,199608,3833,99833,2669,97199,252,2576,3994,75970,2749,62897,4254,138867,California
San Joaquin,2021-03-17,7698,207306,4615,104448,3013,100212,70,2646,4288,76955,3384,66281,4369,143236,California
San Joaquin,2021-03-18,7561,214867,4446,108894,2613,102825,502,3148,3740,77419,3785,70066,4249,147485,California
San Joaquin,2021-03-19,7856,222723,4601,113495,2712,105537,543,3691,4759,79688,3079,73145,5348,152833,California
San Joaquin,2021-03-20,3635,226358,2103,115598,1291,106828,241,3932,1817,79953,1805,74950,2070,154903,California
San Joaquin,2021-03-21,2092,228450,1486,117084,400,107228,206,4138,1188,80492,898,75848,1437,156340,California
San Joaquin,2021-03-22,3923,232373,2006,119090,1502,108730,415,4553,2329,81657,1584,77432,2749,159089,California
San Joaquin,2021-03-23,5319,237692,2605,121695,2549,111279,165,4718,3692,83907,1612,79044,3862,162951,California
San Joaquin,2021-03-24,6760,244452,4189,125884,2484,113763,87,4805,3015,83294,3723,82767,3110,166061,California
San Joaquin,2021-03-25,5469,249921,3230,129114,2198,115961,41,4846,3261,84414,2189,84956,3309,169370,California
San Joaquin,2021-03-26,6093,256014,2508,131622,3437,119398,148,4994,3222,84952,2851,87807,3389,172759,California
San Joaquin,2021-03-27,4572,260586,2597,134219,1933,121331,42,5036,1801,84055,2754,90561,1857,174616,California
San Joaquin,2021-03-28,2671,263257,1768,135987,878,122209,25,5061,1280,84075,1373,91934,1393,176009,California
San Joaquin,2021-03-29,3963,267220,2124,138111,1817,124026,22,5083,2008,84187,1945,93879,2057,178066,California
San Joaquin,2021-03-30,6084,273304,3103,141214,2921,126947,60,5143,3403,85018,2657,96536,3488,181554,California
San Joaquin,2021-03-31,6505,279809,4097,145311,2349,129296,59,5202,3350,85311,3144,99680,3437,184991,California
San Joaquin,2021-04-01,6223,286032,2901,148212,3243,132539,79,5281,2758,84759,3455,103135,2903,187894,California
San Joaquin,2021-04-02,6234,292266,2833,151045,2913,135452,488,5769,2476,84024,3739,106874,3004,190898,California
San Joaquin,2021-04-03,4093,296359,2314,153359,1455,136907,324,6093,1980,84242,2097,108971,2315,193213,California
San Joaquin,2021-04-04,2239,298598,1328,154687,709,137616,202,6295,1526,85271,708,109679,1737,194950,California
San Joaquin,2021-04-05,4193,302791,2608,157295,1418,139034,167,6462,2418,86104,1768,111447,2601,197551,California
San Joaquin,2021-04-06,6905,309696,4426,161721,2222,141256,257,6719,3285,86057,3601,115048,3554,201105,California
San Joaquin,2021-04-07,8174,317870,4413,166134,2194,143450,1567,8286,3404,86286,4758,119806,4987,206092,California
San Joaquin,2021-04-08,8561,326431,4622,170756,1934,145384,2005,10291,3267,86288,5275,125081,5277,211369,California
San Joaquin,2021-04-09,8519,334950,4012,174768,2964,148348,1543,11834,3041,85435,5458,130539,4605,215974,California
San Joaquin,2021-04-10,5104,340054,1599,176367,1618,149966,1887,13721,1696,85612,3405,133944,3582,219556,California
San Joaquin,2021-04-11,3971,344025,1524,177891,1292,151258,1155,14876,1684,86172,2275,136219,2835,222391,California
San Joaquin,2021-04-12,5447,349472,2204,180095,2031,153289,1212,16088,2156,86272,3274,139493,3374,225765,California
San Joaquin,2021-04-13,7285,356757,4214,184309,3068,156357,3,16091,4441,87896,2828,142321,4452,230217,California
San Joaquin,2021-04-14,7006,363763,3478,187787,3528,159885,0,16091,4123,89162,2865,145186,4131,234348,California
San Joaquin,2021-04-15,7238,371001,4114,191901,3124,163009,0,16091,3933,89826,3274,148460,3938,238286,California
San Joaquin,2021-04-16,6746,377747,3397,195298,3346,166355,3,16094,3981,91081,2739,151199,3994,242280,California
San Joaquin,2021-04-17,4873,382620,2551,197849,2322,168677,0,16094,3406,93045,1459,152658,3423,245703,California
San Joaquin,2021-04-18,2413,385033,1330,199179,1083,169760,0,16094,1292,93237,1107,153765,1299,247002,California
San Joaquin,2021-04-19,4787,389820,2449,201628,2338,172098,0,16094,2464,93410,2301,156066,2474,249476,California
San Joaquin,2021-04-20,5887,395707,2982,204610,2905,175003,0,16094,2868,93292,2997,159063,2879,252355,California
San Joaquin,2021-04-21,5206,400913,2743,207353,2462,177465,1,16095,2852,93844,2307,161370,2859,255214,California
San Joaquin,2021-04-22,4989,405902,2933,210286,2056,179521,0,16095,2910,94709,2054,163424,2919,258133,California
San Joaquin,2021-04-23,5566,411468,2626,212912,2940,182461,0,16095,3510,96184,2042,165466,3517,261650,California
San Joaquin,2021-04-24,4093,415561,2655,215567,1437,183898,1,16096,2814,97738,1267,166733,2821,264471,California
San Joaquin,2021-04-25,2047,417608,1636,217203,411,184309,0,16096,1491,98686,546,167279,1494,265965,California
San Joaquin,2021-04-26,2065,419673,1287,218490,778,185087,0,16096,1068,98770,988,168267,1072,267037,California
San Luis Obispo,2020-12-16,4,4,4,4,0,0,0,0,4,4,0,0,4,4,California
San Luis Obispo,2020-12-17,196,200,196,200,0,0,0,0,196,200,0,0,196,200,California
San Luis Obispo,2020-12-18,224,424,224,424,0,0,0,0,224,424,0,0,224,424,California
San Luis Obispo,2020-12-19,162,586,162,586,0,0,0,0,162,586,0,0,162,586,California
San Luis Obispo,2020-12-20,215,801,215,801,0,0,0,0,215,801,0,0,215,801,California
San Luis Obispo,2020-12-21,549,1350,549,1350,0,0,0,0,549,1350,0,0,549,1350,California
San Luis Obispo,2020-12-22,307,1657,303,1653,4,4,0,0,307,1657,0,0,307,1657,California
San Luis Obispo,2020-12-23,680,2337,367,2020,313,317,0,0,680,2337,0,0,680,2337,California
San Luis Obispo,2020-12-24,194,2531,19,2039,175,492,0,0,194,2531,0,0,194,2531,California
San Luis Obispo,2020-12-25,2,2533,1,2040,1,493,0,0,2,2533,0,0,2,2533,California
San Luis Obispo,2020-12-26,90,2623,12,2052,78,571,0,0,90,2623,0,0,90,2623,California
San Luis Obispo,2020-12-27,76,2699,0,2052,76,647,0,0,76,2699,0,0,76,2699,California
San Luis Obispo,2020-12-28,879,3578,430,2482,449,1096,0,0,879,3578,0,0,879,3578,California
San Luis Obispo,2020-12-29,903,4481,502,2984,401,1497,0,0,903,4481,0,0,903,4481,California
San Luis Obispo,2020-12-30,1174,5655,681,3665,493,1990,0,0,1174,5655,0,0,1174,5655,California
San Luis Obispo,2020-12-31,106,5761,4,3669,102,2092,0,0,106,5761,0,0,106,5761,California
San Luis Obispo,2021-01-01,13,5774,8,3677,5,2097,0,0,13,5774,0,0,13,5774,California
San Luis Obispo,2021-01-02,33,5807,8,3685,25,2122,0,0,33,5807,0,0,33,5807,California
San Luis Obispo,2021-01-03,16,5823,6,3691,10,2132,0,0,16,5823,0,0,16,5823,California
San Luis Obispo,2021-01-04,676,6499,524,4215,152,2284,0,0,676,6499,0,0,676,6499,California
San Luis Obispo,2021-01-05,974,7473,756,4971,218,2502,0,0,972,7469,2,2,972,7471,California
San Luis Obispo,2021-01-06,724,8197,480,5451,244,2746,0,0,716,8178,7,9,716,8187,California
San Luis Obispo,2021-01-07,1127,9324,949,6400,178,2924,0,0,685,8421,442,451,685,8872,California
San Luis Obispo,2021-01-08,881,10205,804,7204,77,3001,0,0,512,8565,368,819,512,9384,California
San Luis Obispo,2021-01-09,205,10410,196,7400,9,3010,0,0,28,8416,177,996,28,9412,California
San Luis Obispo,2021-01-10,12,10422,8,7408,4,3014,0,0,8,8420,4,1000,8,9420,California
San Luis Obispo,2021-01-11,526,10948,475,7883,51,3065,0,0,265,8425,260,1260,265,9685,California
San Luis Obispo,2021-01-12,597,11545,379,8262,218,3283,0,0,320,8468,277,1537,320,10005,California
San Luis Obispo,2021-01-13,882,12427,254,8516,628,3911,0,0,644,8876,236,1773,644,10649,California
San Luis Obispo,2021-01-14,730,13157,244,8760,486,4397,0,0,605,9369,112,1885,605,11254,California
San Luis Obispo,2021-01-15,729,13886,287,9047,442,4839,0,0,554,9753,170,2055,554,11808,California
San Luis Obispo,2021-01-16,99,13985,81,9128,18,4857,0,0,94,9842,5,2060,94,11902,California
San Luis Obispo,2021-01-17,67,14052,61,9189,6,4863,0,0,67,9909,0,2060,67,11969,California
San Luis Obispo,2021-01-18,1372,15424,389,9578,983,5846,0,0,1110,10757,262,2322,1110,13079,California
San Luis Obispo,2021-01-19,1585,17009,418,9996,1167,7013,0,0,1177,11526,408,2730,1177,14256,California
San Luis Obispo,2021-01-20,1883,18892,596,10592,1287,8300,0,0,1293,12232,588,3318,1294,15550,California
San Luis Obispo,2021-01-21,1570,20462,466,11058,1104,9404,0,0,1197,13061,369,3687,1198,16748,California
San Luis Obispo,2021-01-22,1521,21983,508,11566,1013,10417,0,0,1206,13954,313,4000,1206,17954,California
San Luis Obispo,2021-01-23,311,22294,293,11859,18,10435,0,0,295,14233,16,4016,295,18249,California
San Luis Obispo,2021-01-24,245,22539,238,12097,7,10442,0,0,239,14466,6,4022,239,18488,California
San Luis Obispo,2021-01-25,2071,24610,606,12703,1465,11907,0,0,1243,14881,828,4850,1243,19731,California
San Luis Obispo,2021-01-26,2003,26613,703,13406,1300,13207,0,0,1136,15150,867,5717,1136,20867,California
San Luis Obispo,2021-01-27,1612,28225,283,13689,1329,14536,0,0,1151,15840,461,6178,1151,22018,California
San Luis Obispo,2021-01-28,1484,29709,342,14031,1142,15678,0,0,1224,16805,259,6437,1224,23242,California
San Luis Obispo,2021-01-29,1734,31443,681,14712,1053,16731,0,0,1450,17971,284,6721,1450,24692,California
San Luis Obispo,2021-01-30,37,31480,18,14730,19,16750,0,0,26,17987,10,6731,26,24718,California
San Luis Obispo,2021-01-31,26,31506,20,14750,6,16756,0,0,23,18007,3,6734,23,24741,California
San Luis Obispo,2021-02-01,1664,33170,703,15453,961,17717,0,0,1395,19134,268,7002,1395,26136,California
San Luis Obispo,2021-02-02,1895,35065,676,16129,1219,18936,0,0,1521,20281,374,7376,1521,27657,California
San Luis Obispo,2021-02-03,1701,36766,727,16856,974,19910,0,0,1289,21158,412,7788,1289,28946,California
San Luis Obispo,2021-02-04,1656,38422,800,17656,856,20766,0,0,1089,21680,567,8355,1089,30035,California
San Luis Obispo,2021-02-05,1604,40026,717,18373,887,21653,0,0,1060,22196,545,8900,1061,31096,California
San Luis Obispo,2021-02-06,159,40185,92,18465,67,21720,0,0,93,22223,66,8966,93,31189,California
San Luis Obispo,2021-02-07,144,40329,99,18564,45,21765,0,0,74,22228,70,9036,75,31264,California
San Luis Obispo,2021-02-08,853,41182,468,19032,385,22150,0,0,495,22366,357,9393,495,31759,California
San Luis Obispo,2021-02-09,1122,42304,448,19480,674,22824,0,0,541,22339,575,9968,548,32307,California
San Luis Obispo,2021-02-10,1428,43732,486,19966,942,23766,0,0,521,21959,904,10872,524,32831,California
San Luis Obispo,2021-02-11,1330,45062,844,20810,486,24252,0,0,655,21942,672,11544,655,33486,California
San Luis Obispo,2021-02-12,787,45849,363,21173,424,24676,0,0,417,21989,370,11914,417,33903,California
San Luis Obispo,2021-02-13,390,46239,124,21297,266,24942,0,0,284,22168,105,12019,284,34187,California
San Luis Obispo,2021-02-14,317,46556,42,21339,275,25217,0,0,280,22412,37,12056,281,34468,California
San Luis Obispo,2021-02-15,723,47279,137,21476,586,25803,0,0,467,22626,253,12309,467,34935,California
San Luis Obispo,2021-02-16,2960,50239,1194,22670,1766,27569,0,0,1358,22388,1596,13905,1358,36293,California
San Luis Obispo,2021-02-17,2773,53012,1237,23907,1536,29105,0,0,1029,21682,1735,15640,1029,37322,California
San Luis Obispo,2021-02-18,2809,55821,1445,25352,1364,30469,0,0,1120,21122,1681,17321,1121,38443,California
San Luis Obispo,2021-02-19,1452,57273,1332,26684,120,30589,0,0,1129,21929,322,17643,1129,39572,California
San Luis Obispo,2021-02-20,249,57522,79,26763,170,30759,0,0,213,22106,36,17679,213,39785,California
San Luis Obispo,2021-02-21,48,57570,45,26808,3,30762,0,0,29,22116,19,17698,29,39814,California
San Luis Obispo,2021-02-22,2400,59970,1856,28664,544,31306,0,0,1460,22637,940,18638,1461,41275,California
San Luis Obispo,2021-02-23,1856,61826,1740,30404,116,31422,0,0,1365,23512,490,19128,1365,42640,California
San Luis Obispo,2021-02-24,2643,64469,1300,31704,1343,32765,0,0,835,22541,1806,20934,835,43475,California
San Luis Obispo,2021-02-25,2130,66599,1243,32947,887,33652,0,0,1206,22831,917,21851,1207,44682,California
San Luis Obispo,2021-02-26,2642,69241,1148,34095,1494,35146,0,0,1324,22843,1312,23163,1324,46006,California
San Luis Obispo,2021-02-27,566,69807,340,34435,226,35372,0,0,520,23317,46,23209,520,46526,California
San Luis Obispo,2021-02-28,196,70003,72,34507,124,35496,0,0,163,23451,29,23238,163,46689,California
San Luis Obispo,2021-03-01,2955,72958,1842,36349,1112,36608,1,1,2033,24564,922,24160,2035,48724,California
San Luis Obispo,2021-03-02,2986,75944,1886,38235,1100,37708,0,1,1841,25265,1141,25301,1842,50566,California
San Luis Obispo,2021-03-03,2267,78211,328,38563,1939,39647,0,1,822,24649,1439,26740,823,51389,California
San Luis Obispo,2021-03-04,2174,80385,1147,39710,1027,40674,0,1,1166,24811,1006,27746,1168,52557,California
San Luis Obispo,2021-03-05,2292,82677,1017,40727,1205,41879,70,71,1287,25178,990,28736,1357,53914,California
San Luis Obispo,2021-03-06,831,83508,308,41035,416,42295,107,178,611,25670,220,28956,712,54626,California
San Luis Obispo,2021-03-07,199,83707,32,41067,83,42378,84,262,70,25697,128,29084,155,54781,California
San Luis Obispo,2021-03-08,2723,86430,752,41819,1657,44035,314,576,1541,26371,1180,30264,1854,56635,California
San Luis Obispo,2021-03-09,2915,89345,956,42775,1723,45758,236,812,1513,26722,1399,31663,1750,58385,California
San Luis Obispo,2021-03-10,3176,92521,1240,44015,1666,47424,270,1082,1813,27445,1360,33023,2083,60468,California
San Luis Obispo,2021-03-11,3091,95612,1271,45286,1518,48942,302,1384,1698,28060,1384,34407,1999,62467,California
San Luis Obispo,2021-03-12,3178,98790,1282,46568,1557,50499,339,1723,1569,28370,1601,36008,1911,64378,California
San Luis Obispo,2021-03-13,788,99578,259,46827,420,50919,109,1832,428,28546,360,36368,536,64914,California
San Luis Obispo,2021-03-14,513,100091,54,46881,348,51267,111,1943,135,28415,377,36745,246,65160,California
San Luis Obispo,2021-03-15,3046,103137,1096,47977,1852,53119,98,2041,1527,28524,1516,38261,1625,66785,California
San Luis Obispo,2021-03-16,2844,105981,1510,49487,1234,54353,100,2141,1448,28681,1390,39651,1547,68332,California
San Luis Obispo,2021-03-17,3422,109403,1448,50935,1712,56065,262,2403,1979,29485,1436,41087,2240,70572,California
San Luis Obispo,2021-03-18,2782,112185,1445,52380,1144,57209,193,2596,1333,29565,1446,42533,1526,72098,California
San Luis Obispo,2021-03-19,2582,114767,1563,53943,697,57906,322,2918,960,29232,1617,44150,1284,73382,California
San Luis Obispo,2021-03-20,826,115593,493,54436,297,58203,36,2954,380,29202,446,44596,416,73798,California
San Luis Obispo,2021-03-21,186,115779,45,54481,138,58341,3,2957,157,29333,29,44625,160,73958,California
San Luis Obispo,2021-03-22,2679,118458,1170,55651,1462,59803,47,3004,1862,30429,813,45438,1909,75867,California
San Luis Obispo,2021-03-23,3358,121816,2212,57863,1128,60931,18,3022,2265,31623,1089,46527,2283,78150,California
San Luis Obispo,2021-03-24,3478,125294,2127,59990,1281,62212,70,3092,2617,33452,857,47384,2686,80836,California
San Luis Obispo,2021-03-25,3656,128950,2282,62272,1362,63574,12,3104,2633,35076,1020,48404,2644,83480,California
San Luis Obispo,2021-03-26,3132,132082,1758,64030,953,64527,421,3525,1752,35874,1375,49779,2173,85653,California
San Luis Obispo,2021-03-27,993,133075,506,64536,392,64919,95,3620,450,35877,541,50320,544,86197,California
San Luis Obispo,2021-03-28,441,133516,151,64687,234,65153,56,3676,240,35972,201,50521,296,86493,California
San Luis Obispo,2021-03-29,2574,136090,1271,65958,1169,66322,134,3810,1656,36855,906,51427,1789,88282,California
San Luis Obispo,2021-03-30,3494,139584,1904,67862,1447,67769,143,3953,2343,38193,1146,52573,2484,90766,California
San Luis Obispo,2021-03-31,3808,143392,2444,70306,1217,68986,147,4100,2446,39433,1353,53926,2593,93359,California
San Luis Obispo,2021-04-01,3797,147189,2420,72726,1283,70269,94,4194,2683,41104,1105,55031,2776,96135,California
San Luis Obispo,2021-04-02,1714,148903,682,73408,721,70990,311,4505,918,41537,795,55826,1228,97363,California
San Luis Obispo,2021-04-03,1087,149990,552,73960,408,71398,127,4632,472,41526,610,56436,599,97962,California
San Luis Obispo,2021-04-04,378,150368,130,74090,208,71606,40,4672,231,41650,147,56583,271,98233,California
San Luis Obispo,2021-04-05,3594,153962,1945,76035,1539,73145,110,4782,2045,42257,1546,58129,2153,100386,California
San Luis Obispo,2021-04-06,3994,157956,2136,78171,1549,74694,309,5091,1940,42458,2048,60177,2249,102635,California
San Luis Obispo,2021-04-07,4249,162205,2333,80504,1576,76270,340,5431,2463,43486,1773,61950,2801,105436,California
San Luis Obispo,2021-04-08,3989,166194,2187,82691,1412,77682,390,5821,2170,44234,1812,63762,2560,107996,California
San Luis Obispo,2021-04-09,3595,169789,1709,84400,1145,78827,741,6562,1525,44436,2061,65823,2263,110259,California
San Luis Obispo,2021-04-10,1560,171349,556,84956,343,79170,661,7223,480,44496,1079,66902,1139,111398,California
San Luis Obispo,2021-04-11,312,171661,63,85019,186,79356,63,7286,125,44499,185,67087,188,111586,California
San Luis Obispo,2021-04-12,3346,175007,1694,86713,1489,80845,163,7449,1392,44100,1954,69041,1555,113141,California
San Luis Obispo,2021-04-13,3623,178630,2094,88807,1528,82373,1,7450,1957,44395,1664,70705,1959,115100,California
San Luis Obispo,2021-04-14,2815,181445,1675,90482,1137,83510,3,7453,1654,44901,1150,71855,1656,116756,California
San Luis Obispo,2021-04-15,3608,185053,2362,92844,1245,84755,1,7454,1926,45163,1665,73520,1927,118683,California
San Luis Obispo,2021-04-16,3597,188650,2190,95034,1404,86159,3,7457,1793,45157,1801,75321,1795,120478,California
San Luis Obispo,2021-04-17,1097,189747,432,95466,663,86822,2,7459,717,45497,379,75700,719,121197,California
San Luis Obispo,2021-04-18,317,190064,96,95562,220,87042,1,7460,108,45399,207,75907,109,121306,California
San Luis Obispo,2021-04-19,3009,193073,1284,96846,1689,88731,36,7496,1127,44683,1880,77787,1164,122470,California
San Luis Obispo,2021-04-20,3540,196613,1926,98772,1614,90345,0,7496,1377,43908,2152,79939,1377,123847,California
San Luis Obispo,2021-04-21,3546,200159,1578,100350,1968,92313,0,7496,1513,43403,2018,81957,1513,125360,California
San Luis Obispo,2021-04-22,3798,203957,1711,102061,2087,94400,0,7496,1326,42273,2459,84416,1329,126689,California
San Luis Obispo,2021-04-23,1325,205282,746,102807,575,94975,4,7500,588,42137,736,85152,600,127289,California
San Luis Obispo,2021-04-24,755,206037,244,103051,501,95476,10,7510,355,42106,396,85548,365,127654,California
San Luis Obispo,2021-04-25,313,206350,147,103198,166,95642,0,7510,100,41993,213,85761,100,127754,California
San Luis Obispo,2021-04-26,250,206600,60,103258,188,95830,2,7512,139,42027,107,85868,141,127895,California
San Mateo,2020-12-15,26,26,26,26,0,0,0,0,26,26,0,0,26,26,California
San Mateo,2020-12-16,110,136,110,136,0,0,0,0,110,136,0,0,110,136,California
San Mateo,2020-12-17,163,299,163,299,0,0,0,0,163,299,0,0,163,299,California
San Mateo,2020-12-18,740,1039,738,1037,2,2,0,0,740,1039,0,0,740,1039,California
San Mateo,2020-12-19,510,1549,510,1547,0,2,0,0,510,1549,0,0,510,1549,California
San Mateo,2020-12-20,508,2057,507,2054,1,3,0,0,508,2057,0,0,508,2057,California
San Mateo,2020-12-21,1153,3210,1153,3207,0,3,0,0,1153,3210,0,0,1153,3210,California
San Mateo,2020-12-22,1513,4723,1506,4713,7,10,0,0,1513,4723,0,0,1513,4723,California
San Mateo,2020-12-23,1570,6293,1384,6097,186,196,0,0,1570,6293,0,0,1570,6293,California
San Mateo,2020-12-24,866,7159,609,6706,257,453,0,0,866,7159,0,0,866,7159,California
San Mateo,2020-12-25,114,7273,110,6816,4,457,0,0,114,7273,0,0,114,7273,California
San Mateo,2020-12-26,560,7833,417,7233,143,600,0,0,560,7833,0,0,560,7833,California
San Mateo,2020-12-27,305,8138,175,7408,130,730,0,0,305,8138,0,0,305,8138,California
San Mateo,2020-12-28,1048,9186,702,8110,346,1076,0,0,1048,9186,0,0,1048,9186,California
San Mateo,2020-12-29,1129,10315,705,8815,424,1500,0,0,1129,10315,0,0,1129,10315,California
San Mateo,2020-12-30,1263,11578,760,9575,503,2003,0,0,1263,11578,0,0,1263,11578,California
San Mateo,2020-12-31,717,12295,232,9807,485,2488,0,0,716,12293,1,1,716,12294,California
San Mateo,2021-01-01,44,12339,34,9841,10,2498,0,0,44,12337,0,1,44,12338,California
San Mateo,2021-01-02,398,12737,269,10110,129,2627,0,0,398,12735,0,1,398,12736,California
San Mateo,2021-01-03,281,13018,206,10316,75,2702,0,0,278,13010,3,4,278,13014,California
San Mateo,2021-01-04,1056,14074,682,10998,374,3076,0,0,1056,14066,0,4,1056,14070,California
San Mateo,2021-01-05,1199,15273,705,11703,494,3570,0,0,1170,15208,29,33,1171,15241,California
San Mateo,2021-01-06,1447,16720,950,12653,497,4067,0,0,1267,16298,178,211,1268,16509,California
San Mateo,2021-01-07,1451,18171,805,13458,646,4713,0,0,1162,17179,282,493,1163,17672,California
San Mateo,2021-01-08,1837,20008,1190,14648,647,5360,0,0,1140,17630,690,1183,1141,18813,California
San Mateo,2021-01-09,1180,21188,776,15424,404,5764,0,0,723,17896,457,1640,723,19536,California
San Mateo,2021-01-10,699,21887,570,15994,129,5893,0,0,265,17727,434,2074,265,19801,California
San Mateo,2021-01-11,2589,24476,1481,17475,1108,7001,0,0,1526,18191,1064,3138,1528,21329,California
San Mateo,2021-01-12,3280,27756,1770,19245,1510,8511,0,0,2100,19116,1178,4316,2103,23432,California
San Mateo,2021-01-13,3475,31231,1748,20993,1727,10238,0,0,2443,20530,1032,5348,2446,25878,California
San Mateo,2021-01-14,3777,35008,1582,22575,2195,12433,0,0,3093,22944,684,6032,3098,28976,California
San Mateo,2021-01-15,4332,39340,1710,24285,2622,15055,0,0,3804,26224,526,6558,3806,32782,California
San Mateo,2021-01-16,3084,42424,776,25061,2308,17363,0,0,2765,28670,319,6877,2765,35547,California
San Mateo,2021-01-17,1309,43733,308,25369,1001,18364,0,0,1101,29563,208,7085,1101,36648,California
San Mateo,2021-01-18,1363,45096,531,25900,832,19196,0,0,989,30185,371,7456,993,37641,California
San Mateo,2021-01-19,2793,47889,1781,27681,1012,20208,0,0,2003,31401,787,8243,2003,39644,California
San Mateo,2021-01-20,2655,50544,1402,29083,1253,21461,0,0,1810,32370,842,9085,1811,41455,California
San Mateo,2021-01-21,2824,53368,1280,30363,1544,23005,0,0,2244,34038,579,9664,2247,43702,California
San Mateo,2021-01-22,2788,56156,1130,31493,1658,24663,0,0,2489,36231,297,9961,2490,46192,California
San Mateo,2021-01-23,2881,59037,1688,33181,1193,25856,0,0,2518,38387,363,10324,2519,48711,California
San Mateo,2021-01-24,1518,60555,373,33554,1145,27001,0,0,1210,39290,307,10631,1210,49921,California
San Mateo,2021-01-25,4429,64984,3146,36700,1283,28284,0,0,3534,41933,893,11524,3536,53457,California
San Mateo,2021-01-26,4295,69279,2982,39682,1313,29597,0,0,3392,44423,902,12426,3392,56849,California
San Mateo,2021-01-27,2778,72057,1462,41144,1316,30913,0,0,1785,45222,987,13413,1786,58635,California
San Mateo,2021-01-28,2794,74851,1348,42492,1446,32359,0,0,1948,46339,831,14244,1948,60583,California
San Mateo,2021-01-29,2975,77826,1334,43826,1641,34000,0,0,2142,47655,830,15074,2146,62729,California
San Mateo,2021-01-30,3375,81201,1473,45299,1902,35902,0,0,2918,50118,456,15530,2919,65648,California
San Mateo,2021-01-31,1681,82882,897,46196,784,36686,0,0,1518,51475,161,15691,1518,67166,California
San Mateo,2021-02-01,2922,85804,1343,47539,1579,38265,0,0,2214,52986,704,16395,2215,69381,California
San Mateo,2021-02-02,3167,88971,1726,49265,1441,39706,0,0,2154,54130,1010,17405,2154,71535,California
San Mateo,2021-02-03,4875,93846,1944,51209,2931,42637,0,0,3823,56905,1049,18454,3824,75359,California
San Mateo,2021-02-04,6282,100128,2586,53795,3696,46333,0,0,4923,60478,1353,19807,4926,80285,California
San Mateo,2021-02-05,6786,106914,2551,56346,4235,50568,0,0,4961,63631,1808,21615,4961,85246,California
San Mateo,2021-02-06,3282,110196,1917,58263,1365,51933,0,0,2618,65588,663,22278,2620,87866,California
San Mateo,2021-02-07,1898,112094,1343,59606,555,52488,0,0,1711,67112,187,22465,1711,89577,California
San Mateo,2021-02-08,5275,117369,2244,61850,3031,55519,0,0,3101,68103,2110,24575,3101,92678,California
San Mateo,2021-02-09,6176,123545,3217,65067,2959,58478,0,0,3334,68599,2838,27413,3334,96012,California
San Mateo,2021-02-10,6498,130043,3271,68338,3227,61705,0,0,3542,69194,2947,30360,3542,99554,California
San Mateo,2021-02-11,7050,137093,3578,71916,3472,65177,0,0,3815,69787,3225,33585,3818,103372,California
San Mateo,2021-02-12,6618,143711,2952,74868,3666,68843,0,0,4705,72585,1909,35494,4707,108079,California
San Mateo,2021-02-13,6089,149800,3992,78860,2097,70940,0,0,2639,71778,3446,38940,2639,110718,California
San Mateo,2021-02-14,4625,154425,3014,81874,1611,72551,0,0,1977,71111,2645,41585,1978,112696,California
San Mateo,2021-02-15,3165,157590,1458,83332,1707,74258,0,0,1788,71527,1373,42958,1789,114485,California
San Mateo,2021-02-16,7144,164734,1871,85203,5273,79531,0,0,5281,74948,1862,44820,5283,119768,California
San Mateo,2021-02-17,7050,171784,1933,87136,5117,84648,0,0,5066,78037,1979,46799,5068,124836,California
San Mateo,2021-02-18,6684,178468,4623,91759,2061,86709,0,0,4444,80247,2236,49035,4446,129282,California
San Mateo,2021-02-19,7809,186277,5610,97369,2199,88908,0,0,5823,84090,1980,51015,5823,135105,California
San Mateo,2021-02-20,3730,190007,2414,99783,1316,90224,0,0,2306,84979,1417,52432,2306,137411,California
San Mateo,2021-02-21,2304,192311,1463,101246,841,91065,0,0,1259,85197,1041,53473,1259,138670,California
San Mateo,2021-02-22,4414,196725,3191,104437,1223,92288,0,0,2781,86351,1627,55100,2781,141451,California
San Mateo,2021-02-23,4285,201010,3041,107478,1244,93532,0,0,2480,87032,1799,56899,2480,143931,California
San Mateo,2021-02-24,7266,208276,3248,110726,4018,97550,0,0,4846,89463,2415,59314,4846,148777,California
San Mateo,2021-02-25,9072,217348,4001,114727,5071,102621,0,0,6008,92422,3049,62363,6008,154785,California
San Mateo,2021-02-26,9743,227091,3705,118432,6038,108659,0,0,6828,96350,2902,65265,6830,161615,California
San Mateo,2021-02-27,6679,233770,3412,121844,3266,111925,1,1,3631,96944,3043,68308,3637,165252,California
San Mateo,2021-02-28,4122,237892,2503,124347,1619,113544,0,1,2553,97934,1564,69872,2554,167806,California
San Mateo,2021-03-01,5619,243511,3511,127858,2108,115652,0,1,2778,97880,2832,72704,2778,170584,California
San Mateo,2021-03-02,5768,249279,3965,131823,1802,117454,1,2,3322,98766,2438,75142,3324,173908,California
San Mateo,2021-03-03,8269,257548,3849,135672,4419,121873,1,3,3567,97642,4692,79834,3568,177476,California
San Mateo,2021-03-04,8368,265916,3923,139595,4443,126316,2,5,3789,96872,4563,84397,3793,181269,California
San Mateo,2021-03-05,9066,274982,5973,145568,3090,129406,3,8,6406,100645,2640,87037,6413,187682,California
San Mateo,2021-03-06,7834,282816,5427,150995,2231,131637,176,184,5728,104451,2097,89134,5903,193585,California
San Mateo,2021-03-07,3465,286281,2311,153306,1087,132724,67,251,2004,105065,1457,90591,2071,195656,California
San Mateo,2021-03-08,4416,290697,2463,155769,1737,134461,216,467,3200,107273,1209,91800,3417,199073,California
San Mateo,2021-03-09,4530,295227,2109,157878,2148,136609,273,740,2992,109005,1532,93332,3264,202337,California
San Mateo,2021-03-10,6909,302136,2636,160514,3989,140598,284,1024,4561,111513,2336,95668,4844,207181,California
San Mateo,2021-03-11,9110,311246,5718,166232,2999,143597,393,1417,3699,110219,5385,101053,4091,211272,California
San Mateo,2021-03-12,10482,321728,6602,172834,3505,147102,375,1792,3492,107110,6976,108029,3867,215139,California
San Mateo,2021-03-13,8092,329820,3408,176242,3058,150160,1626,3418,3906,108463,4175,112204,5528,220667,California
San Mateo,2021-03-14,4929,334749,3298,179540,1524,151684,107,3525,2902,109451,2021,114225,3009,223676,California
San Mateo,2021-03-15,7114,341863,4571,184111,2369,154053,174,3699,3762,110041,3346,117571,3936,227612,California
San Mateo,2021-03-16,11893,353756,4354,188465,7416,161469,123,3822,4849,107987,7029,124600,4975,232587,California
San Mateo,2021-03-17,10776,364532,4353,192818,6299,167768,124,3946,4880,107122,5873,130473,5008,237595,California
San Mateo,2021-03-18,7215,371747,4020,196838,3012,170780,183,4129,4298,108688,2913,133386,4479,242074,California
San Mateo,2021-03-19,7348,379095,4709,201547,1972,172752,667,4796,3602,109218,3739,137125,4269,246343,California
San Mateo,2021-03-20,8274,387369,6432,207979,1508,174260,334,5130,5401,112094,2859,139984,5735,252078,California
San Mateo,2021-03-21,4140,391509,3118,211097,791,175051,231,5361,2341,112874,1789,141773,2569,254647,California
San Mateo,2021-03-22,5213,396722,3538,214635,1257,176308,418,5779,2860,113812,2341,144114,3279,257926,California
San Mateo,2021-03-23,9755,406477,4427,219062,5132,181440,196,5975,4648,113575,5081,149195,4844,262770,California
San Mateo,2021-03-24,9423,415900,5425,224487,3856,185296,142,6117,4099,112552,5261,154456,4238,267008,California
San Mateo,2021-03-25,9976,425876,4854,229341,4854,190150,268,6385,4395,111737,5481,159937,4666,271674,California
San Mateo,2021-03-26,11105,436981,7649,236990,3293,193443,163,6548,4439,109710,6630,166567,4603,276277,California
San Mateo,2021-03-27,10400,447381,7952,244942,2344,195787,104,6652,4670,108770,5711,172278,4771,281048,California
San Mateo,2021-03-28,4195,451576,2697,247639,1387,197174,111,6763,2088,108871,2099,174377,2200,283248,California
San Mateo,2021-03-29,5995,457571,3740,251379,2003,199177,252,7015,2845,108835,3133,177510,3097,286345,California
San Mateo,2021-03-30,7038,464609,3986,255365,2900,202077,152,7167,4453,110868,2572,180082,4605,290950,California
San Mateo,2021-03-31,7161,471770,4533,259898,2491,204568,137,7304,4058,111974,3089,183171,4195,295145,California
San Mateo,2021-04-01,10358,482128,5085,264983,4095,208663,1178,8482,5559,113944,4766,187937,6736,301881,California
San Mateo,2021-04-02,10580,492708,5052,270035,3970,212633,1558,10040,5542,116022,5020,192957,7098,308979,California
San Mateo,2021-04-03,9610,502318,5451,275486,2430,215063,1729,11769,4841,117828,4765,197722,6571,315550,California
San Mateo,2021-04-04,5372,507690,2584,278070,1543,216606,1245,13014,1697,117105,3665,201387,2942,318492,California
San Mateo,2021-04-05,8906,516596,4730,282800,2442,219048,1734,14748,3837,117617,5058,206445,5570,324062,California
San Mateo,2021-04-06,13040,529636,8158,290958,3034,222082,1848,16596,7443,121331,5585,212030,9299,333361,California
San Mateo,2021-04-07,11271,540907,5216,296174,4387,226469,1668,18264,4778,121298,6473,218503,6440,339801,California
San Mateo,2021-04-08,9966,550873,4981,301155,2433,228902,2552,20816,4422,122735,5531,224034,6968,346769,California
San Mateo,2021-04-09,11186,562059,5422,306577,3296,232198,2468,23284,5030,124087,6143,230177,7495,354264,California
San Mateo,2021-04-10,11081,573140,5643,312220,4025,236223,1413,24697,4591,123621,6468,236645,6002,360266,California
San Mateo,2021-04-11,6597,579737,3271,315491,880,237103,2446,27143,2325,124123,4266,240911,4768,365034,California
San Mateo,2021-04-12,7283,587020,4457,319948,1871,238974,955,28098,3542,124895,3726,244637,4498,369532,California
San Mateo,2021-04-13,8083,595103,5051,324999,3025,241999,7,28105,4286,125399,3792,248429,4296,373828,California
San Mateo,2021-04-14,8245,603348,5344,330343,2899,244898,2,28107,4311,125792,3924,252353,4317,378145,California
San Mateo,2021-04-15,10915,614263,7260,337603,3654,248552,1,28108,7165,129236,3724,256077,7168,385313,California
San Mateo,2021-04-16,9918,624181,6865,344468,3037,251589,16,28124,6313,131982,3589,259666,6335,391648,California
San Mateo,2021-04-17,9411,633592,6243,350711,3165,254754,3,28127,6034,134652,3369,263035,6039,397687,California
San Mateo,2021-04-18,5314,638906,2507,353218,2807,257561,0,28127,3596,136545,1709,264744,3602,401289,California
San Mateo,2021-04-19,8230,647136,5374,358592,2856,260417,0,28127,5330,138991,2891,267635,5337,406626,California
San Mateo,2021-04-20,10166,657302,5605,364197,4561,264978,0,28127,6541,141933,3609,271244,6551,413177,California
San Mateo,2021-04-21,8891,666193,5977,370174,2914,267892,0,28127,5527,144113,3354,274598,5534,418711,California
San Mateo,2021-04-22,8955,675148,6057,376231,2897,270789,1,28128,5142,145475,3786,278384,5148,423859,California
San Mateo,2021-04-23,8309,683457,5356,381587,2953,273742,0,28128,4726,146655,3561,281945,4741,428600,California
San Mateo,2021-04-24,8788,692245,6271,387858,2517,276259,0,28128,4631,147141,4149,286094,4635,433235,California
San Mateo,2021-04-25,3966,696211,2719,390577,1246,277505,1,28129,2766,148720,1194,287288,2773,436008,California
San Mateo,2021-04-26,3195,699406,2288,392865,906,278411,1,28130,1683,148903,1510,288798,1693,437701,California
Santa Barbara,2020-12-15,2,2,2,2,0,0,0,0,2,2,0,0,2,2,California
Santa Barbara,2020-12-16,2,4,2,4,0,0,0,0,2,4,0,0,2,4,California
Santa Barbara,2020-12-17,53,57,53,57,0,0,0,0,53,57,0,0,53,57,California
Santa Barbara,2020-12-18,377,434,376,433,1,1,0,0,377,434,0,0,377,434,California
Santa Barbara,2020-12-19,325,759,325,758,0,1,0,0,325,759,0,0,325,759,California
Santa Barbara,2020-12-20,235,994,235,993,0,1,0,0,235,994,0,0,235,994,California
Santa Barbara,2020-12-21,651,1645,649,1642,2,3,0,0,651,1645,0,0,651,1645,California
Santa Barbara,2020-12-22,243,1888,241,1883,2,5,0,0,243,1888,0,0,243,1888,California
Santa Barbara,2020-12-23,320,2208,202,2085,118,123,0,0,320,2208,0,0,320,2208,California
Santa Barbara,2020-12-24,87,2295,40,2125,47,170,0,0,87,2295,0,0,87,2295,California
Santa Barbara,2020-12-26,326,2621,66,2191,260,430,0,0,326,2621,0,0,326,2621,California
Santa Barbara,2020-12-27,62,2683,1,2192,61,491,0,0,62,2683,0,0,62,2683,California
Santa Barbara,2020-12-28,355,3038,222,2414,133,624,0,0,355,3038,0,0,355,3038,California
Santa Barbara,2020-12-29,554,3592,361,2775,193,817,0,0,554,3592,0,0,554,3592,California
Santa Barbara,2020-12-30,587,4179,405,3180,182,999,0,0,587,4179,0,0,587,4179,California
Santa Barbara,2020-12-31,239,4418,113,3293,126,1125,0,0,239,4418,0,0,239,4418,California
Santa Barbara,2021-01-01,108,4526,107,3400,1,1126,0,0,108,4526,0,0,108,4526,California
Santa Barbara,2021-01-02,587,5113,223,3623,364,1490,0,0,587,5113,0,0,587,5113,California
Santa Barbara,2021-01-03,23,5136,15,3638,8,1498,0,0,23,5136,0,0,23,5136,California
Santa Barbara,2021-01-04,308,5444,245,3883,63,1561,0,0,307,5443,0,0,307,5443,California
Santa Barbara,2021-01-05,751,6195,378,4261,373,1934,0,0,724,6140,27,27,724,6167,California
Santa Barbara,2021-01-06,654,6849,275,4536,379,2313,0,0,595,6677,58,85,595,6762,California
Santa Barbara,2021-01-07,1030,7879,708,5244,322,2635,0,0,525,6701,501,586,525,7287,California
Santa Barbara,2021-01-08,1201,9080,839,6083,362,2997,0,0,708,6916,493,1079,708,7995,California
Santa Barbara,2021-01-09,566,9646,293,6376,273,3270,0,0,320,6990,246,1325,320,8315,California
Santa Barbara,2021-01-10,62,9708,50,6426,12,3282,0,0,46,7020,16,1341,46,8361,California
Santa Barbara,2021-01-11,837,10545,668,7094,169,3451,0,0,614,7412,222,1563,614,8975,California
Santa Barbara,2021-01-12,1426,11971,634,7728,792,4243,0,0,1270,8526,156,1719,1270,10245,California
Santa Barbara,2021-01-13,1227,13198,281,8009,946,5189,0,0,1101,9501,126,1845,1101,11346,California
Santa Barbara,2021-01-14,1250,14448,134,8143,1116,6305,0,0,1196,10645,53,1898,1197,12543,California
Santa Barbara,2021-01-15,1800,16248,419,8562,1381,7686,0,0,1719,12284,80,1978,1719,14262,California
Santa Barbara,2021-01-16,1273,17521,203,8765,1070,8756,0,0,1234,13480,38,2016,1234,15496,California
Santa Barbara,2021-01-17,123,17644,20,8785,103,8859,0,0,120,13597,3,2019,120,15616,California
Santa Barbara,2021-01-18,1152,18796,417,9202,735,9594,0,0,967,14379,185,2204,967,16583,California
Santa Barbara,2021-01-19,1638,20434,569,9771,1069,10663,0,0,1360,15462,277,2481,1360,17943,California
Santa Barbara,2021-01-20,1997,22431,445,10216,1552,12215,0,0,1704,16874,292,2773,1704,19647,California
Santa Barbara,2021-01-21,3086,25517,1819,12035,1267,13482,0,0,2931,19651,155,2928,2932,22579,California
Santa Barbara,2021-01-22,3000,28517,1851,13886,1149,14631,0,0,2855,22364,142,3070,2855,25434,California
Santa Barbara,2021-01-23,1735,30252,1106,14992,629,15260,0,0,1225,23080,509,3579,1225,26659,California
Santa Barbara,2021-01-24,844,31096,752,15744,92,15352,0,0,835,23906,9,3588,835,27494,California
Santa Barbara,2021-01-25,1239,32335,499,16243,740,16092,0,0,1001,24669,238,3826,1001,28495,California
Santa Barbara,2021-01-26,2042,34377,466,16709,1576,17668,0,0,1655,25939,385,4211,1655,30150,California
Santa Barbara,2021-01-27,1159,35536,398,17107,761,18429,0,0,902,26586,256,4467,903,31053,California
Santa Barbara,2021-01-28,895,36431,297,17404,598,19027,0,0,681,27057,211,4678,682,31735,California
Santa Barbara,2021-01-29,1332,37763,538,17942,794,19821,0,0,980,27690,349,5027,982,32717,California
Santa Barbara,2021-01-30,1890,39653,1418,19360,472,20293,0,0,1486,28775,401,5428,1486,34203,California
Santa Barbara,2021-01-31,1456,41109,1218,20578,238,20531,0,0,1417,30153,39,5467,1417,35620,California
Santa Barbara,2021-02-01,938,42047,517,21095,421,20952,0,0,550,30315,388,5855,550,36170,California
Santa Barbara,2021-02-02,1821,43868,699,21794,1122,22074,0,0,1046,30588,773,6628,1046,37216,California
Santa Barbara,2021-02-03,1941,45809,1078,22872,863,22937,0,0,1499,31655,432,7060,1499,38715,California
Santa Barbara,2021-02-04,2776,48585,1861,24733,915,23852,0,0,2481,33846,290,7350,2481,41196,California
Santa Barbara,2021-02-05,2906,51491,2060,26793,846,24698,0,0,2263,35467,642,7992,2263,43459,California
Santa Barbara,2021-02-06,1208,52699,339,27132,869,25567,0,0,796,35851,412,8404,796,44255,California
Santa Barbara,2021-02-07,299,52998,262,27394,37,25604,0,0,264,36081,34,8438,264,44519,California
Santa Barbara,2021-02-08,955,53953,311,27705,644,26248,0,0,669,36464,286,8724,669,45188,California
Santa Barbara,2021-02-09,2439,56392,314,28019,2125,28373,0,0,1121,36276,1309,10033,1121,46309,California
Santa Barbara,2021-02-10,2760,59152,1496,29515,1264,29637,0,0,803,35130,1949,11982,803,47112,California
Santa Barbara,2021-02-11,4180,63332,2806,32321,1374,31011,0,0,624,32204,3550,15532,624,47736,California
Santa Barbara,2021-02-12,3307,66639,948,33269,2359,33370,0,0,773,30448,2529,18061,773,48509,California
Santa Barbara,2021-02-13,1237,67876,341,33610,896,34266,0,0,562,30338,672,18733,562,49071,California
Santa Barbara,2021-02-14,331,68207,34,33644,297,34563,0,0,285,30577,46,18779,285,49356,California
Santa Barbara,2021-02-15,964,69171,337,33981,627,35190,0,0,491,30599,469,19248,491,49847,California
Santa Barbara,2021-02-16,2109,71280,396,34377,1713,36903,0,0,716,29926,1389,20637,716,50563,California
Santa Barbara,2021-02-17,1436,72716,322,34699,1114,38017,0,0,521,29534,913,21550,521,51084,California
Santa Barbara,2021-02-18,3252,75968,2647,37346,605,38622,0,0,1519,29354,1699,23249,1519,52603,California
Santa Barbara,2021-02-19,3603,79571,2648,39994,955,39577,0,0,2334,30422,1266,24515,2334,54937,California
Santa Barbara,2021-02-20,2219,81790,1432,41426,787,40364,0,0,1667,31546,543,25058,1667,56604,California
Santa Barbara,2021-02-21,124,81914,97,41523,27,40391,0,0,57,31536,67,25125,57,56661,California
Santa Barbara,2021-02-22,934,82848,243,41766,691,41082,0,0,262,31132,666,25791,262,56923,California
Santa Barbara,2021-02-23,3182,86030,1044,42810,2138,43220,0,0,419,28790,2761,28552,419,57342,California
Santa Barbara,2021-02-24,3196,89226,1087,43897,2109,45329,0,0,721,27045,2466,31018,721,58063,California
Santa Barbara,2021-02-25,3452,92678,1916,45813,1536,46865,0,0,985,25571,2460,33478,986,59049,California
Santa Barbara,2021-02-26,3664,96342,2174,47987,1490,48355,0,0,1980,25874,1677,35155,1980,61029,California
Santa Barbara,2021-02-27,1527,97869,561,48548,966,49321,0,0,846,26047,675,35830,848,61877,California
Santa Barbara,2021-02-28,1082,98951,220,48768,862,50183,0,0,891,26752,187,36017,892,62769,California
Santa Barbara,2021-03-01,1623,100574,461,49229,1162,51345,0,0,1080,27300,533,36550,1081,63850,California
Santa Barbara,2021-03-02,2609,103183,411,49640,2198,53543,0,0,2115,28933,483,37033,2116,65966,California
Santa Barbara,2021-03-03,4625,107808,2096,51736,2528,56071,1,1,4033,32388,582,37615,4037,70003,California
Santa Barbara,2021-03-04,3410,111218,2281,54017,1129,57200,0,1,2857,34698,547,38162,2857,72860,California
Santa Barbara,2021-03-05,3801,115019,2152,56169,1590,58790,59,60,3079,37120,716,38878,3138,75998,California
Santa Barbara,2021-03-06,2437,117456,726,56895,1492,60282,219,279,1671,38247,762,39640,1889,77887,California
Santa Barbara,2021-03-07,557,118013,122,57017,307,60589,128,407,381,38582,175,39815,510,78397,California
Santa Barbara,2021-03-08,1570,119583,374,57391,854,61443,342,749,790,38940,774,40589,1132,79529,California
Santa Barbara,2021-03-09,2766,122349,324,57715,1672,63115,770,1519,718,38379,2045,42634,1484,81013,California
Santa Barbara,2021-03-10,2751,125100,545,58260,1160,64275,1046,2565,1034,38747,1712,44346,2080,83093,California
Santa Barbara,2021-03-11,5573,130673,3031,61291,1428,65703,1114,3679,2279,38854,3282,47628,3389,86482,California
Santa Barbara,2021-03-12,3654,134327,2095,63386,1132,66835,427,4106,2172,39977,1474,49102,2597,89079,California
Santa Barbara,2021-03-13,3471,137798,1922,65308,1340,68175,209,4315,2695,42107,775,49877,2905,91984,California
Santa Barbara,2021-03-14,776,138574,367,65675,352,68527,57,4372,458,42304,318,50195,515,92499,California
Santa Barbara,2021-03-15,2102,140676,694,66369,1117,69644,291,4663,1266,43026,833,51028,1555,94054,California
Santa Barbara,2021-03-16,3725,144401,1170,67539,2214,71858,341,5004,2742,45129,980,52008,3083,97137,California
Santa Barbara,2021-03-17,3297,147698,970,68509,1922,73780,405,5409,2307,46851,988,52996,2710,99847,California
Santa Barbara,2021-03-18,5116,152814,2796,71305,2120,75900,200,5609,3897,49741,1207,54203,4097,103944,California
Santa Barbara,2021-03-19,4435,157249,2762,74067,1341,77241,332,5941,3045,51731,1386,55589,3376,107320,California
Santa Barbara,2021-03-20,2159,159408,825,74892,1324,78565,10,5951,1324,52232,833,56422,1334,108654,California
Santa Barbara,2021-03-21,1161,160569,382,75274,750,79315,29,5980,838,52777,322,56744,867,109521,California
Santa Barbara,2021-03-22,2777,163346,1914,77188,819,80134,44,6024,2226,54502,545,57289,2270,111791,California
Santa Barbara,2021-03-23,4470,167816,2246,79434,2128,82262,96,6120,3711,57559,750,58039,3807,115598,California
Santa Barbara,2021-03-24,5383,173199,3154,82588,1496,83758,733,6853,2953,58833,2411,60450,3685,119283,California
Santa Barbara,2021-03-25,5534,178733,3278,85866,2070,85828,186,7039,2765,59029,2755,63205,2951,122234,California
Santa Barbara,2021-03-26,5071,183804,3215,89081,1558,87386,298,7337,2237,58746,2818,66023,2535,124769,California
Santa Barbara,2021-03-27,2927,186731,1222,90303,1662,89048,43,7380,1595,59055,1327,67350,1636,126405,California
Santa Barbara,2021-03-28,2777,189508,1653,91956,1096,90144,28,7408,1896,60101,878,68228,1924,128329,California
Santa Barbara,2021-03-29,4041,193549,2087,94043,1885,92029,69,7477,3236,62606,800,69028,3305,131634,California
Santa Barbara,2021-03-30,6780,200329,3501,97544,3131,95160,148,7625,4557,65100,2209,71237,4703,136337,California
Santa Barbara,2021-03-31,8625,208954,5498,103042,3063,98223,64,7689,5050,66656,3559,74796,5115,141452,California
Santa Barbara,2021-04-01,6893,215847,5083,108125,1552,99775,258,7947,4049,68130,2831,77627,4305,145757,California
Santa Barbara,2021-04-02,6595,222442,4526,112651,1477,101252,592,8539,3384,68901,3204,80831,3975,149732,California
Santa Barbara,2021-04-03,3780,226222,2100,114751,1612,102864,68,8607,2490,70172,1286,82117,2557,152289,California
Santa Barbara,2021-04-04,894,227116,442,115193,412,103276,40,8647,496,70312,396,82513,536,152825,California
Santa Barbara,2021-04-05,3437,230553,2265,117458,914,104190,258,8905,2145,71430,1286,83799,2404,155229,California
Santa Barbara,2021-04-06,5448,236001,2816,120274,2097,106287,535,9440,3335,73199,2099,85898,3868,159097,California
Santa Barbara,2021-04-07,5986,241987,3287,123561,2159,108446,540,9980,4083,75928,1892,87790,4621,163718,California
Santa Barbara,2021-04-08,7375,249362,5027,128588,635,109081,1713,11693,3411,77089,3961,91751,5122,168840,California
Santa Barbara,2021-04-09,7284,256646,4864,133452,1076,110157,1344,13037,3299,77753,3976,95727,4640,173480,California
Santa Barbara,2021-04-10,6625,263271,4599,138051,1411,111568,615,13652,4517,80781,2104,97831,5132,178612,California
Santa Barbara,2021-04-11,2660,265931,1947,139998,414,111982,299,13951,1840,82101,815,98646,2135,180747,California
Santa Barbara,2021-04-12,4446,270377,2865,142863,1027,113009,554,14505,1940,82093,2500,101146,2492,183239,California
Santa Barbara,2021-04-13,6297,276674,4136,146999,2155,115164,6,14511,2610,81024,3684,104830,2615,185854,California
Santa Barbara,2021-04-14,6739,283413,4418,151417,2319,117483,2,14513,4226,82748,2503,107333,4227,190081,California
Santa Barbara,2021-04-15,6932,290345,4093,155510,2838,120321,1,14514,3847,83524,3073,110406,3849,193930,California
Santa Barbara,2021-04-16,6373,296718,3749,159259,2613,122934,11,14525,4394,85964,1964,112370,4404,198334,California
Santa Barbara,2021-04-17,5303,302021,3872,163131,1431,124365,0,14525,4098,88865,1197,113567,4098,202432,California
Santa Barbara,2021-04-18,2120,304141,1471,164602,649,125014,0,14525,370,87489,1747,115314,371,202803,California
Santa Barbara,2021-04-19,3188,307329,2216,166818,967,125981,5,14530,996,86302,2189,117503,1002,203805,California
Santa Barbara,2021-04-20,5874,313203,3955,170773,1918,127899,1,14531,1662,83764,4200,121703,1662,205467,California
Santa Barbara,2021-04-21,5483,318686,3640,174413,1843,129742,0,14531,1759,81811,3712,125415,1759,207226,California
Santa Barbara,2021-04-22,4920,323606,2422,176835,2498,132240,0,14531,1440,79787,3465,128880,1441,208667,California
Santa Barbara,2021-04-23,5216,328822,3799,180634,1417,133657,0,14531,1724,78030,3481,132361,1724,210391,California
Santa Barbara,2021-04-24,2926,331748,1593,182227,1328,134985,5,14536,1313,77740,1608,133969,1318,211709,California
Santa Barbara,2021-04-25,1048,332796,670,182897,378,135363,0,14536,217,77128,829,134798,217,211926,California
Santa Barbara,2021-04-26,801,333597,181,183078,619,135982,1,14537,141,76611,659,135457,142,212068,California
Santa Clara,2020-12-15,65,65,65,65,0,0,0,0,65,65,0,0,65,65,California
Santa Clara,2020-12-16,136,201,136,201,0,0,0,0,136,201,0,0,136,201,California
Santa Clara,2020-12-17,391,592,391,592,0,0,0,0,391,592,0,0,391,592,California
Santa Clara,2020-12-18,1674,2266,1674,2266,0,0,0,0,1674,2266,0,0,1674,2266,California
Santa Clara,2020-12-19,2073,4339,2073,4339,0,0,0,0,2072,4338,0,0,2072,4338,California
Santa Clara,2020-12-20,1898,6237,1892,6231,6,6,0,0,1895,6233,0,0,1895,6233,California
Santa Clara,2020-12-21,2668,8905,2668,8899,0,6,0,0,2666,8899,0,0,2666,8899,California
Santa Clara,2020-12-22,3125,12030,3116,12015,9,15,0,0,3122,12021,0,0,3122,12021,California
Santa Clara,2020-12-23,3259,15289,3074,15089,185,200,0,0,3257,15278,0,0,3257,15278,California
Santa Clara,2020-12-24,1899,17188,1712,16801,187,387,0,0,1893,17170,1,1,1893,17171,California
Santa Clara,2020-12-25,343,17531,342,17143,1,388,0,0,343,17513,0,1,343,17514,California
Santa Clara,2020-12-26,1263,18794,1031,18174,232,620,0,0,1262,18775,0,1,1262,18776,California
Santa Clara,2020-12-27,648,19442,508,18682,140,760,0,0,648,19423,0,1,648,19424,California
Santa Clara,2020-12-28,2331,21773,1729,20411,602,1362,0,0,2331,21754,0,1,2331,21755,California
Santa Clara,2020-12-29,2326,24099,1466,21877,860,2222,0,0,2324,24078,0,1,2324,24079,California
Santa Clara,2020-12-30,2987,27086,1898,23775,1089,3311,0,0,2985,27061,2,3,2985,27064,California
Santa Clara,2020-12-31,1211,28297,387,24162,824,4135,0,0,1210,28270,1,4,1210,28274,California
Santa Clara,2021-01-01,139,28436,9,24171,130,4265,0,0,138,28407,1,5,138,28412,California
Santa Clara,2021-01-02,1081,29517,812,24983,269,4534,0,0,1081,29488,0,5,1081,29493,California
Santa Clara,2021-01-03,584,30101,369,25352,215,4749,0,0,579,30064,3,8,579,30072,California
Santa Clara,2021-01-04,2465,32566,1666,27018,799,5548,0,0,2463,32527,0,8,2463,32535,California
Santa Clara,2021-01-05,3057,35623,2002,29020,1055,6603,0,0,2869,35215,187,195,2875,35410,California
Santa Clara,2021-01-06,3319,38942,1954,30974,1365,7968,0,0,2744,37389,571,766,2745,38155,California
Santa Clara,2021-01-07,4212,43154,2554,33528,1658,9626,0,0,3146,39484,1056,1822,3151,41306,California
Santa Clara,2021-01-08,5840,48994,3820,37348,2020,11646,0,0,3787,41222,2049,3871,3787,45093,California
Santa Clara,2021-01-09,2970,51964,1863,39211,1107,12753,0,0,1686,41627,1284,5155,1689,46782,California
Santa Clara,2021-01-10,1952,53916,1509,40720,443,13196,0,0,740,41156,1211,6366,740,47522,California
Santa Clara,2021-01-11,5933,59849,3734,44454,2199,15395,0,0,3374,41977,2558,8924,3379,50901,California
Santa Clara,2021-01-12,6799,66648,3398,47852,3401,18796,0,0,4556,44293,2241,11165,4557,55458,California
Santa Clara,2021-01-13,7362,74010,3043,50895,4319,23115,0,0,5193,47320,2167,13332,5194,60652,California
Santa Clara,2021-01-14,8227,82237,2790,53685,5437,28552,0,0,6489,52077,1733,15065,6490,67142,California
Santa Clara,2021-01-15,9445,91682,2680,56365,6765,35317,0,0,8130,58900,1312,16377,8135,75277,California
Santa Clara,2021-01-16,4295,95977,1224,57589,3071,38388,0,0,3463,61535,828,17205,3463,78740,California
Santa Clara,2021-01-17,3214,99191,602,58191,2612,41000,0,0,2717,63755,497,17702,2717,81457,California
Santa Clara,2021-01-18,5086,104277,1149,59340,3937,44937,0,0,4534,67738,552,18254,4535,85992,California
Santa Clara,2021-01-19,8461,112738,2658,61998,5803,50740,0,0,6786,72855,1672,19926,6789,92781,California
Santa Clara,2021-01-20,7985,120723,4014,66012,3971,54711,0,0,6446,77767,1534,21460,6446,99227,California
Santa Clara,2021-01-21,8543,129266,3634,69646,4909,59620,0,0,7394,84016,1147,22607,7396,106623,California
Santa Clara,2021-01-22,8582,137848,3202,72848,5380,65000,0,0,8019,91475,562,23169,8021,114644,California
Santa Clara,2021-01-23,3780,141628,1687,74535,2093,67093,0,0,2823,93342,957,24126,2824,117468,California
Santa Clara,2021-01-24,2824,144452,1421,75956,1403,68496,0,0,2337,95195,484,24610,2337,119805,California
Santa Clara,2021-01-25,8365,152817,3780,79736,4585,73081,0,0,6309,99459,2049,26659,6313,126118,California
Santa Clara,2021-01-26,8229,161046,3760,83496,4469,77550,0,0,6118,103478,2101,28760,6120,132238,California
Santa Clara,2021-01-27,8706,169752,3824,87320,4882,82432,0,0,6785,108365,1900,30660,6787,139025,California
Santa Clara,2021-01-28,9414,179166,3770,91090,5644,88076,0,0,7466,113907,1928,32588,7470,146495,California
Santa Clara,2021-01-29,9500,188666,3935,95025,5565,93641,0,0,7336,119091,2155,34743,7339,153834,California
Santa Clara,2021-01-30,4175,192841,2069,97094,2106,95747,0,0,2967,120862,1201,35944,2972,156806,California
Santa Clara,2021-01-31,2170,195011,1302,98396,868,96615,0,0,1579,121853,588,36532,1579,158385,California
Santa Clara,2021-02-01,7828,202839,3482,101878,4346,100961,0,0,6142,126317,1679,38211,6143,164528,California
Santa Clara,2021-02-02,8386,211225,2872,104750,5514,106475,0,0,6393,130726,1987,40198,6396,170924,California
Santa Clara,2021-02-03,9191,220416,3480,108230,5711,112186,0,0,6919,135385,2266,42464,6925,177849,California
Santa Clara,2021-02-04,10883,231299,4109,112339,6774,118960,0,0,8604,141723,2269,44733,8607,186456,California
Santa Clara,2021-02-05,11903,243202,4345,116684,7558,126518,0,0,8447,146730,3441,48174,8448,194904,California
Santa Clara,2021-02-06,5174,248376,2809,119493,2365,128883,0,0,4014,149590,1156,49330,4016,198920,California
Santa Clara,2021-02-07,3470,251846,2347,121840,1123,130006,0,0,3019,152160,450,49780,3020,201940,California
Santa Clara,2021-02-08,10004,261850,3479,125319,6525,136531,0,0,7293,156757,2697,52477,7294,209234,California
Santa Clara,2021-02-09,11130,272980,3808,129127,7322,143853,0,0,7654,160948,3466,55943,7657,216891,California
Santa Clara,2021-02-10,12620,285600,4895,134022,7725,151578,0,0,6905,162153,5702,61645,6907,223798,California
Santa Clara,2021-02-11,13458,299058,4700,138722,8758,160336,0,0,7673,164056,5771,67416,7674,231472,California
Santa Clara,2021-02-12,14529,313587,4477,143199,10052,170388,0,0,7012,163572,7498,74914,7014,238486,California
Santa Clara,2021-02-13,6061,319648,1447,144646,4614,175002,0,0,2209,161937,3846,78760,2211,240697,California
Santa Clara,2021-02-14,4612,324260,1140,145786,3472,178474,0,0,1468,160264,3143,81903,1470,242167,California
Santa Clara,2021-02-15,6244,330504,2795,148581,3449,181923,0,0,2701,159428,3537,85440,2701,244868,California
Santa Clara,2021-02-16,13749,344253,3992,152573,9757,191680,0,0,6917,159530,6815,92255,6917,251785,California
Santa Clara,2021-02-17,14054,358307,5485,158058,8569,200249,0,0,7040,159579,6996,99251,7045,258830,California
Santa Clara,2021-02-18,13876,372183,8349,166407,5527,205776,0,0,7105,159945,6742,105993,7108,265938,California
Santa Clara,2021-02-19,14775,386958,9514,175921,5261,211037,0,0,8592,162373,6168,112161,8596,274534,California
Santa Clara,2021-02-20,6807,393765,5093,181014,1714,212751,0,0,3673,162921,3125,115286,3673,278207,California
Santa Clara,2021-02-21,3240,397005,2424,183438,816,213567,0,0,1163,162016,2070,117356,1165,279372,California
Santa Clara,2021-02-22,10145,407150,6077,189515,4068,217635,0,0,4735,161352,5400,122756,4736,284108,California
Santa Clara,2021-02-23,11855,419005,7697,197212,4158,221793,0,0,6728,162969,5115,127871,6732,290840,California
Santa Clara,2021-02-24,14114,433119,9086,206298,5028,226821,0,0,8739,166349,5359,133230,8739,299579,California
Santa Clara,2021-02-25,14572,447691,9224,215522,5348,232169,0,0,7867,167534,6687,139917,7872,307451,California
Santa Clara,2021-02-26,14549,462240,8432,223954,6117,238286,0,0,7999,169012,6524,146441,8002,315453,California
Santa Clara,2021-02-27,8044,470284,5489,229443,2554,240840,1,1,4452,169890,3582,150023,4460,319913,California
Santa Clara,2021-02-28,4715,474999,3068,232511,1647,242487,0,1,2204,169592,2502,152525,2204,322117,California
Santa Clara,2021-03-01,14054,489053,7967,240478,6084,248571,3,4,8693,172948,5340,157865,8696,330813,California
Santa Clara,2021-03-02,15817,504870,9380,249858,6437,255008,0,4,10185,177526,5608,163473,10186,340999,California
Santa Clara,2021-03-03,18270,523140,8897,258755,9372,264380,1,5,11326,181952,6907,170380,11333,352332,California
Santa Clara,2021-03-04,16345,539485,8912,267667,7430,271810,3,8,9531,184740,6748,177128,9536,361868,California
Santa Clara,2021-03-05,16429,555914,9118,276785,7186,278996,125,133,9117,186693,7293,184421,9246,371114,California
Santa Clara,2021-03-06,9343,565257,6263,283048,2645,281641,435,568,7039,191876,2291,186712,7474,378588,California
Santa Clara,2021-03-07,6714,571971,4406,287454,2077,283718,231,799,5350,196100,1356,188068,5580,384168,California
Santa Clara,2021-03-08,12831,584802,6680,294134,5590,289308,561,1360,8220,200287,4595,192663,8782,392950,California
Santa Clara,2021-03-09,14861,599663,6211,300345,7324,296632,1326,2686,6587,199942,8256,200919,7911,400861,California
Santa Clara,2021-03-10,14911,614574,6464,306809,6411,303043,2036,4722,6097,199267,8790,209709,8115,408976,California
Santa Clara,2021-03-11,16906,631480,7727,314536,7676,310719,1503,6225,5975,195831,10903,220612,7467,416443,California
Santa Clara,2021-03-12,17614,649094,9054,323590,6989,317708,1571,7796,5944,191700,11631,232243,7500,423943,California
Santa Clara,2021-03-13,10668,659762,6179,329769,3004,320712,1485,9281,4764,192055,5881,238124,6236,430179,California
Santa Clara,2021-03-14,6467,666229,3345,333114,1822,322534,1300,10581,3192,193279,3260,241384,4484,434663,California
Santa Clara,2021-03-15,12738,678967,6515,339629,5955,328489,268,10849,5965,192760,6753,248137,6234,440897,California
Santa Clara,2021-03-16,18107,697074,10243,349872,7657,336146,207,11056,8769,192423,9311,257448,8974,449871,California
Santa Clara,2021-03-17,19785,716859,11207,361079,8410,344556,168,11224,10213,193275,9524,266972,10376,460247,California
Santa Clara,2021-03-18,18946,735805,8856,369935,8932,353488,1158,12382,9080,193698,9812,276784,10235,470482,California
Santa Clara,2021-03-19,19134,754939,9839,379774,8297,361785,998,13380,9948,195505,9130,285914,10937,481419,California
Santa Clara,2021-03-20,11440,766379,6278,386052,4335,366120,827,14207,6721,198359,4690,290604,7544,488963,California
Santa Clara,2021-03-21,8236,774615,3716,389768,3120,369240,1400,15607,5522,202567,2705,293309,6913,495876,California
Santa Clara,2021-03-22,16222,790837,9044,398812,6834,376074,344,15951,9269,205249,6931,300240,9613,505489,California
Santa Clara,2021-03-23,19122,809959,12166,410978,6443,382517,513,16464,11229,209142,7849,308089,11742,517231,California
Santa Clara,2021-03-24,22480,832439,14485,425463,7584,390101,411,16875,14649,216415,7789,315878,15062,532293,California
Santa Clara,2021-03-25,22789,855228,13051,438514,8755,398856,983,17858,14709,224080,8017,323895,15682,547975,California
Santa Clara,2021-03-26,21770,876998,13873,452387,7514,406370,383,18241,13463,229650,8271,332166,13841,561816,California
Santa Clara,2021-03-27,15586,892584,10370,462757,4454,410824,762,19003,8407,231675,7142,339308,9167,570983,California
Santa Clara,2021-03-28,11978,904562,8280,471037,2985,413809,713,19716,6481,233390,5474,344782,7189,578172,California
Santa Clara,2021-03-29,20489,925051,12575,483612,7190,420999,724,20440,11154,235970,9295,354077,11875,590047,California
Santa Clara,2021-03-30,25439,950490,15152,498764,8355,429354,1932,22372,16273,245038,9131,363208,18199,608246,California
Santa Clara,2021-03-31,20256,970746,11751,510515,7383,436737,1122,23494,12559,251046,7665,370873,13673,621919,California
Santa Clara,2021-04-01,31343,1002089,19611,530126,8745,445482,2987,26481,19792,262322,11493,382366,22769,644688,California
Santa Clara,2021-04-02,24844,1026933,14195,544321,8537,454019,2112,28593,16212,272040,8600,390966,18318,663006,California
Santa Clara,2021-04-03,15045,1041978,9124,553445,3441,457460,2480,31073,8341,276167,6685,397651,10812,673818,California
Santa Clara,2021-04-04,7561,1049539,4005,557450,2403,459863,1153,32226,3932,277631,3621,401272,5085,678903,California
Santa Clara,2021-04-05,21470,1071009,14309,571759,4709,464572,2452,34678,13977,286589,7469,408741,16427,695330,California
Santa Clara,2021-04-06,29105,1100114,15995,587754,7701,472273,5409,40087,17423,297771,11642,420383,22824,718154,California
Santa Clara,2021-04-07,30413,1130527,15679,603433,8312,480585,6422,46509,18547,310912,11815,432198,24956,743110,California
Santa Clara,2021-04-08,28934,1159461,15941,619374,5913,486498,7080,53589,15929,320969,12934,445132,22991,766101,California
Santa Clara,2021-04-09,27501,1186962,13597,632971,6749,493247,7155,60744,13994,328643,13456,458588,21130,787231,California
Santa Clara,2021-04-10,21127,1208089,12218,645189,3721,496968,5188,65932,11301,335312,9794,468382,16463,803694,California
Santa Clara,2021-04-11,15875,1223964,9495,654684,2622,499590,3758,69690,8212,339645,7630,476012,11963,815657,California
Santa Clara,2021-04-12,26647,1250611,18763,673447,5485,505075,2399,72089,18185,351818,8409,484421,20582,836239,California
Santa Clara,2021-04-13,33508,1284119,26769,700216,6713,511788,26,72115,25949,370336,7482,491903,26000,862239,California
Santa Clara,2021-04-14,35841,1319960,27096,727312,8742,520530,3,72118,25807,386199,9974,501877,25837,888076,California
Santa Clara,2021-04-15,43016,1362976,33905,761217,9111,529641,0,72118,33366,410036,9553,511430,33390,921466,California
Santa Clara,2021-04-16,37749,1400725,26141,787358,11606,541247,2,72120,27327,427036,10353,521783,27353,948819,California
Santa Clara,2021-04-17,21393,1422118,14867,802225,6525,547772,1,72121,14893,435488,6458,528241,14910,963729,California
Santa Clara,2021-04-18,16208,1438326,10475,812700,5733,553505,0,72121,10130,439582,6046,534287,10140,973869,California
Santa Clara,2021-04-19,28070,1466396,20151,832851,7918,561423,1,72122,16926,445460,11077,545364,16955,990824,California
Santa Clara,2021-04-20,35356,1501752,21200,854051,14156,575579,0,72122,21540,453308,13720,559084,21568,1012392,California
Santa Clara,2021-04-21,35260,1537012,20355,874406,14904,590483,1,72123,22952,464055,12238,571322,22985,1035377,California
Santa Clara,2021-04-22,32058,1569070,21149,895555,10908,601391,1,72124,14829,461777,17151,588473,14873,1050250,California
Santa Clara,2021-04-23,17456,1586526,10115,905670,7341,608732,0,72124,6935,458272,10457,598930,6952,1057202,California
Santa Clara,2021-04-24,10048,1596574,6126,911796,3921,612653,1,72125,3960,456191,6060,604990,3979,1061181,California
Santa Clara,2021-04-25,6589,1603163,4295,916091,2294,614947,0,72125,2993,455612,3583,608573,3004,1064185,California
Santa Clara,2021-04-26,6764,1609927,4082,920173,2678,617625,4,72129,1888,452653,4856,613429,1897,1066082,California
Santa Cruz,2020-12-15,2,2,2,2,0,0,0,0,2,2,0,0,2,2,California
Santa Cruz,2020-12-16,57,59,57,59,0,0,0,0,57,59,0,0,57,59,California
Santa Cruz,2020-12-17,389,448,389,448,0,0,0,0,389,448,0,0,389,448,California
Santa Cruz,2020-12-18,464,912,464,912,0,0,0,0,464,912,0,0,464,912,California
Santa Cruz,2020-12-19,178,1090,177,1089,1,1,0,0,178,1090,0,0,178,1090,California
Santa Cruz,2020-12-20,95,1185,95,1184,0,1,0,0,95,1185,0,0,95,1185,California
Santa Cruz,2020-12-21,435,1620,435,1619,0,1,0,0,435,1620,0,0,435,1620,California
Santa Cruz,2020-12-22,424,2044,423,2042,1,2,0,0,424,2044,0,0,424,2044,California
Santa Cruz,2020-12-23,372,2416,329,2371,43,45,0,0,372,2416,0,0,372,2416,California
Santa Cruz,2020-12-24,125,2541,49,2420,76,121,0,0,125,2541,0,0,125,2541,California
Santa Cruz,2020-12-25,11,2552,11,2431,0,121,0,0,11,2552,0,0,11,2552,California
Santa Cruz,2020-12-26,64,2616,45,2476,19,140,0,0,64,2616,0,0,64,2616,California
Santa Cruz,2020-12-27,32,2648,27,2503,5,145,0,0,32,2648,0,0,32,2648,California
Santa Cruz,2020-12-28,485,3133,108,2611,377,522,0,0,485,3133,0,0,485,3133,California
Santa Cruz,2020-12-29,800,3933,370,2981,430,952,0,0,800,3933,0,0,800,3933,California
Santa Cruz,2020-12-30,356,4289,164,3145,192,1144,0,0,356,4289,0,0,356,4289,California
Santa Cruz,2020-12-31,313,4602,11,3156,302,1446,0,0,313,4602,0,0,313,4602,California
Santa Cruz,2021-01-01,33,4635,1,3157,32,1478,0,0,33,4635,0,0,33,4635,California
Santa Cruz,2021-01-02,71,4706,57,3214,14,1492,0,0,71,4706,0,0,71,4706,California
Santa Cruz,2021-01-03,15,4721,7,3221,8,1500,0,0,15,4721,0,0,15,4721,California
Santa Cruz,2021-01-04,281,5002,123,3344,158,1658,0,0,279,5000,0,0,279,5000,California
Santa Cruz,2021-01-05,566,5568,428,3772,138,1796,0,0,264,4962,302,302,264,5264,California
Santa Cruz,2021-01-06,802,6370,669,4441,133,1929,0,0,464,5089,337,639,464,5728,California
Santa Cruz,2021-01-07,541,6911,212,4653,329,2258,0,0,388,5325,153,792,389,6117,California
Santa Cruz,2021-01-08,932,7843,560,5213,372,2630,0,0,485,5364,447,1239,486,6603,California
Santa Cruz,2021-01-09,463,8306,123,5336,340,2970,0,0,409,5719,54,1293,409,7012,California
Santa Cruz,2021-01-10,80,8386,70,5406,10,2980,0,0,21,5681,59,1352,21,7033,California
Santa Cruz,2021-01-11,724,9110,590,5996,134,3114,0,0,191,5340,533,1885,192,7225,California
Santa Cruz,2021-01-12,736,9846,532,6528,204,3318,0,0,493,5590,243,2128,493,7718,California
Santa Cruz,2021-01-13,522,10368,228,6756,294,3612,0,0,438,5947,81,2209,438,8156,California
Santa Cruz,2021-01-14,555,10923,101,6857,454,4066,0,0,489,6370,66,2275,489,8645,California
Santa Cruz,2021-01-15,1460,12383,77,6934,1383,5449,0,0,1395,7703,64,2339,1397,10042,California
Santa Cruz,2021-01-16,426,12809,54,6988,372,5821,0,0,407,8091,19,2358,407,10449,California
Santa Cruz,2021-01-17,297,13106,41,7029,256,6077,0,0,272,8338,25,2383,272,10721,California
Santa Cruz,2021-01-18,1015,14121,105,7134,910,6987,0,0,953,9229,62,2445,953,11674,California
Santa Cruz,2021-01-19,1622,15743,524,7658,1098,8085,0,0,1269,10148,351,2796,1270,12944,California
Santa Cruz,2021-01-20,1235,16978,183,7841,1052,9137,0,0,1038,10992,194,2990,1038,13982,California
Santa Cruz,2021-01-21,1712,18690,200,8041,1512,10649,0,0,1604,12490,108,3098,1606,15588,California
Santa Cruz,2021-01-22,1796,20486,532,8573,1264,11913,0,0,1694,14086,99,3197,1695,17283,California
Santa Cruz,2021-01-23,402,20888,147,8720,255,12168,0,0,342,14369,59,3256,342,17625,California
Santa Cruz,2021-01-24,116,21004,21,8741,95,12263,0,0,98,14449,18,3274,98,17723,California
Santa Cruz,2021-01-25,1062,22066,361,9102,701,12964,0,0,551,14489,511,3785,551,18274,California
Santa Cruz,2021-01-26,1696,23762,248,9350,1448,14412,0,0,1183,15159,513,4298,1183,19457,California
Santa Cruz,2021-01-27,1653,25415,449,9799,1204,15616,0,0,1269,16046,382,4680,1269,20726,California
Santa Cruz,2021-01-28,1749,27164,293,10092,1456,17072,0,0,1472,17242,277,4957,1473,22199,California
Santa Cruz,2021-01-29,1733,28897,489,10581,1244,18316,0,0,1603,18716,129,5086,1603,23802,California
Santa Cruz,2021-01-30,1059,29956,308,10889,751,19067,0,0,926,19509,133,5219,926,24728,California
Santa Cruz,2021-01-31,221,30177,113,11002,108,19175,0,0,207,19702,14,5233,207,24935,California
Santa Cruz,2021-02-01,1233,31410,760,11762,473,19648,0,0,826,20121,407,5640,826,25761,California
Santa Cruz,2021-02-02,1010,32420,128,11890,882,20530,0,0,855,20822,154,5794,855,26616,California
Santa Cruz,2021-02-03,2237,34657,960,12850,1277,21807,0,0,1922,22433,311,6105,1922,28538,California
Santa Cruz,2021-02-04,1855,36512,773,13623,1082,22889,0,0,1518,23615,336,6441,1518,30056,California
Santa Cruz,2021-02-05,3172,39684,793,14416,2379,25268,0,0,2852,26148,319,6760,2852,32908,California
Santa Cruz,2021-02-06,2588,42272,164,14580,2424,27692,0,0,2240,28040,348,7108,2240,35148,California
Santa Cruz,2021-02-07,909,43181,122,14702,787,28479,0,0,891,28913,18,7126,891,36039,California
Santa Cruz,2021-02-08,715,43896,202,14904,513,28992,0,0,515,29229,199,7325,515,36554,California
Santa Cruz,2021-02-09,2373,46269,1056,15960,1317,30309,0,0,2110,31080,259,7584,2110,38664,California
Santa Cruz,2021-02-10,2201,48470,579,16539,1622,31931,0,0,1502,31893,690,8274,1503,40167,California
Santa Cruz,2021-02-11,1856,50326,317,16856,1539,33470,0,0,1329,32697,525,8799,1329,41496,California
Santa Cruz,2021-02-12,3225,53551,421,17277,2804,36274,0,0,1815,33112,1402,10201,1817,43313,California
Santa Cruz,2021-02-13,1710,55261,124,17401,1586,37860,0,0,1296,33994,414,10615,1296,44609,California
Santa Cruz,2021-02-14,1403,56664,70,17471,1333,39193,0,0,1139,34869,264,10879,1139,45748,California
Santa Cruz,2021-02-15,1583,58247,280,17751,1303,40496,0,0,566,34419,1017,11896,567,46315,California
Santa Cruz,2021-02-16,1697,59944,207,17958,1490,41986,0,0,538,33820,1137,13033,538,46853,California
Santa Cruz,2021-02-17,2922,62866,976,18934,1946,43932,0,0,1221,33356,1688,14721,1224,48077,California
Santa Cruz,2021-02-18,2882,65748,639,19573,2243,46175,0,0,1231,32940,1647,16368,1231,49308,California
Santa Cruz,2021-02-19,3266,69014,1145,20718,2121,48296,0,0,2009,33694,1255,17623,2009,51317,California
Santa Cruz,2021-02-20,2386,71400,1499,22217,887,49183,0,0,1892,35092,494,18117,1892,53209,California
Santa Cruz,2021-02-21,826,72226,360,22577,466,49649,0,0,700,35668,124,18241,700,53909,California
Santa Cruz,2021-02-22,1258,73484,967,23544,291,49940,0,0,535,35482,721,18962,535,54444,California
Santa Cruz,2021-02-23,2098,75582,938,24482,1160,51100,0,0,709,34803,1388,20350,709,55153,California
Santa Cruz,2021-02-24,3182,78764,1664,26146,1518,52618,0,0,1203,34031,1975,22325,1203,56356,California
Santa Cruz,2021-02-25,3239,82003,1431,27577,1808,54426,0,0,1781,34361,1451,23776,1781,58137,California
Santa Cruz,2021-02-26,2721,84724,763,28340,1958,56384,0,0,1549,34744,1168,24944,1551,59688,California
Santa Cruz,2021-02-27,2635,87359,930,29270,1705,58089,0,0,1836,35782,798,25742,1836,61524,California
Santa Cruz,2021-02-28,1296,88655,359,29629,937,59026,0,0,1084,36657,209,25951,1084,62608,California
Santa Cruz,2021-03-01,1828,90483,1255,30884,573,59599,0,0,689,36210,1136,27087,689,63297,California
Santa Cruz,2021-03-02,1528,92011,357,31241,1171,60770,0,0,854,36395,672,27759,857,64154,California
Santa Cruz,2021-03-03,2345,94356,607,31848,1738,62508,0,0,1274,36601,1068,28827,1274,65428,California
Santa Cruz,2021-03-04,3009,97365,1408,33256,1600,64108,1,1,2024,37653,974,29801,2026,67454,California
Santa Cruz,2021-03-05,2615,99980,486,33742,2111,66219,18,19,1134,37327,1478,31279,1152,68606,California
Santa Cruz,2021-03-06,3871,103851,1347,35089,2419,68638,105,124,2159,37877,1712,32991,2262,70868,California
Santa Cruz,2021-03-07,1346,105197,128,35217,1144,69782,74,198,555,37716,790,33781,629,71497,California
Santa Cruz,2021-03-08,1080,106277,219,35436,732,70514,129,327,650,38066,429,34210,779,72276,California
Santa Cruz,2021-03-09,1774,108051,240,35676,1387,71901,147,474,700,37841,1072,35282,847,73123,California
Santa Cruz,2021-03-10,3863,111914,2091,37767,1623,73524,149,623,1998,38127,1863,37145,2149,75272,California
Santa Cruz,2021-03-11,2805,114719,1218,38985,1412,74936,175,798,1549,38598,1255,38400,1726,76998,California
Santa Cruz,2021-03-12,2757,117476,891,39876,1574,76510,292,1090,909,37953,1845,40245,1200,78198,California
Santa Cruz,2021-03-13,2310,119786,1334,41210,932,77442,44,1134,1178,38046,1130,41375,1223,79421,California
Santa Cruz,2021-03-14,902,120688,215,41425,673,78115,14,1148,440,38039,460,41835,453,79874,California
Santa Cruz,2021-03-15,1353,122041,484,41909,834,78949,35,1183,582,37889,768,42603,618,80492,California
Santa Cruz,2021-03-16,2318,124359,1088,42997,1189,80138,41,1224,1343,38300,972,43575,1383,81875,California
Santa Cruz,2021-03-17,3869,128228,2234,45231,1625,81763,10,1234,2523,39494,1342,44917,2536,84411,California
Santa Cruz,2021-03-18,3868,132096,2095,47326,1653,83416,120,1354,2071,39891,1794,46711,2191,86602,California
Santa Cruz,2021-03-19,3284,135380,1325,48651,1734,85150,225,1579,1657,40151,1622,48333,1882,88484,California
Santa Cruz,2021-03-20,2168,137548,1615,50266,516,85666,37,1616,1096,40215,1069,49402,1133,89617,California
Santa Cruz,2021-03-21,826,138374,438,50704,266,85932,122,1738,444,40402,380,49782,567,90184,California
Santa Cruz,2021-03-22,1373,139747,849,51553,502,86434,22,1760,942,40939,428,50210,965,91149,California
Santa Cruz,2021-03-23,2570,142317,1444,52997,1076,87510,50,1810,1717,41855,851,51061,1767,92916,California
Santa Cruz,2021-03-24,3020,145337,2031,55028,967,88477,22,1832,2001,42863,1014,52075,2022,94938,California
Santa Cruz,2021-03-25,2642,147979,1330,56358,1277,89754,35,1867,1357,42978,1277,53352,1392,96330,California
Santa Cruz,2021-03-26,3035,151014,1828,58186,1180,90934,27,1894,2054,44085,974,54326,2081,98411,California
Santa Cruz,2021-03-27,3238,154252,2014,60200,1199,92133,25,1919,1530,43943,1698,56024,1556,99967,California
Santa Cruz,2021-03-28,927,155179,569,60769,344,92477,14,1933,493,44020,430,56454,507,100474,California
Santa Cruz,2021-03-29,1959,157138,880,61649,1011,93488,68,2001,1260,44652,696,57150,1328,101802,California
Santa Cruz,2021-03-30,2707,159845,817,62466,1727,95215,163,2164,1736,45582,969,58119,1899,103701,California
Santa Cruz,2021-03-31,4063,163908,2723,65189,1292,96507,48,2212,2086,45743,1973,60092,2134,105835,California
Santa Cruz,2021-04-01,4023,167931,2154,67343,1762,98269,107,2319,2028,45888,1990,62082,2135,107970,California
Santa Cruz,2021-04-02,3145,171076,1427,68770,1536,99805,182,2501,1739,46408,1401,63483,1921,109891,California
Santa Cruz,2021-04-03,2263,173339,1235,70005,894,100699,134,2635,891,46063,1369,64852,1024,110915,California
Santa Cruz,2021-04-04,937,174276,492,70497,390,101089,55,2690,552,46285,385,65237,607,111522,California
Santa Cruz,2021-04-05,2263,176539,798,71295,1294,102383,171,2861,1394,46982,868,66105,1565,113087,California
Santa Cruz,2021-04-06,3383,179922,1670,72965,1332,103715,381,3242,1988,47963,1385,67490,2366,115453,California
Santa Cruz,2021-04-07,4150,184072,1637,74602,2151,105866,362,3604,1865,47908,2281,69771,2226,117679,California
Santa Cruz,2021-04-08,4267,188339,2350,76952,1402,107268,515,4119,2513,49188,1744,71515,3024,120703,California
Santa Cruz,2021-04-09,3581,191920,1523,78475,1657,108925,401,4520,1980,49974,1596,73111,2382,123085,California
Santa Cruz,2021-04-10,2263,194183,1102,79577,911,109836,250,4770,1076,50115,1184,74295,1325,124410,California
Santa Cruz,2021-04-11,1001,195184,527,80104,382,110218,92,4862,487,50180,514,74809,579,124989,California
Santa Cruz,2021-04-12,2305,197489,833,80937,1038,111256,434,5296,1104,50531,1186,75995,1537,126526,California
Santa Cruz,2021-04-13,2900,200389,1461,82398,1437,112693,2,5298,1633,50904,1262,77257,1635,128161,California
Santa Cruz,2021-04-14,4603,204992,2222,84620,2381,115074,0,5298,2383,51077,2211,79468,2384,130545,California
Santa Cruz,2021-04-15,4789,209781,2979,87599,1810,116884,0,5298,3137,52572,1642,81110,3137,133682,California
Santa Cruz,2021-04-16,4425,214206,2543,90142,1880,118764,2,5300,2470,53097,1948,83058,2473,136155,California
Santa Cruz,2021-04-17,2255,216461,894,91036,1361,120125,0,5300,1496,53835,758,83816,1496,137651,California
Santa Cruz,2021-04-18,1072,217533,512,91548,560,120685,0,5300,597,53959,473,84289,597,138248,California
Santa Cruz,2021-04-19,2428,219961,1520,93068,907,121592,1,5301,1499,54532,926,85215,1499,139747,California
Santa Cruz,2021-04-20,3117,223078,1695,94763,1422,123014,0,5301,1779,54984,1328,86543,1780,141527,California
Santa Cruz,2021-04-21,4225,227303,2875,97638,1350,124364,0,5301,2367,55509,1843,88386,2368,143895,California
Santa Cruz,2021-04-22,4197,231500,2831,100469,1366,125730,0,5301,2326,55973,1863,90249,2327,146222,California
Santa Cruz,2021-04-23,2820,234320,1647,102116,1172,126902,1,5302,1245,55652,1567,91816,1246,147468,California
Santa Cruz,2021-04-24,1836,236156,900,103016,936,127838,0,5302,483,54791,1344,93160,483,147951,California
Santa Cruz,2021-04-25,840,236996,521,103537,317,128155,2,5304,347,54652,488,93648,349,148300,California
Santa Cruz,2021-04-26,633,237629,305,103842,327,128482,1,5305,109,54240,522,94170,110,148410,California
Shasta,2020-12-16,131,131,131,131,0,0,0,0,131,131,0,0,131,131,California
Shasta,2020-12-17,417,548,417,548,0,0,0,0,417,548,0,0,417,548,California
Shasta,2020-12-18,166,714,166,714,0,0,0,0,166,714,0,0,166,714,California
Shasta,2020-12-19,1,715,1,715,0,0,0,0,1,715,0,0,1,715,California
Shasta,2020-12-21,80,795,80,795,0,0,0,0,80,795,0,0,80,795,California
Shasta,2020-12-22,191,986,186,981,5,5,0,0,191,986,0,0,191,986,California
Shasta,2020-12-23,174,1160,170,1151,4,9,0,0,174,1160,0,0,174,1160,California
Shasta,2020-12-24,18,1178,18,1169,0,9,0,0,18,1178,0,0,18,1178,California
Shasta,2020-12-26,4,1182,1,1170,3,12,0,0,4,1182,0,0,4,1182,California
Shasta,2020-12-27,1,1183,0,1170,1,13,0,0,1,1183,0,0,1,1183,California
Shasta,2020-12-28,40,1223,31,1201,9,22,0,0,40,1223,0,0,40,1223,California
Shasta,2020-12-29,186,1409,185,1386,1,23,0,0,186,1409,0,0,186,1409,California
Shasta,2020-12-30,178,1587,168,1554,10,33,0,0,178,1587,0,0,178,1587,California
Shasta,2020-12-31,83,1670,2,1556,81,114,0,0,83,1670,0,0,83,1670,California
Shasta,2021-01-02,2,1672,0,1556,2,116,0,0,2,1672,0,0,2,1672,California
Shasta,2021-01-03,1,1673,1,1557,0,116,0,0,1,1673,0,0,1,1673,California
Shasta,2021-01-04,347,2020,306,1863,41,157,0,0,348,2021,0,0,348,2021,California
Shasta,2021-01-05,335,2355,314,2177,21,178,0,0,254,2194,81,81,254,2275,California
Shasta,2021-01-06,437,2792,395,2572,42,220,0,0,175,2108,261,342,175,2450,California
Shasta,2021-01-07,116,2908,35,2607,81,301,0,0,95,2182,21,363,95,2545,California
Shasta,2021-01-08,507,3415,447,3054,60,361,0,0,299,2273,208,571,299,2844,California
Shasta,2021-01-09,72,3487,63,3117,9,370,0,0,70,2341,2,573,70,2914,California
Shasta,2021-01-10,5,3492,0,3117,5,375,0,0,4,2345,1,574,5,2919,California
Shasta,2021-01-11,353,3845,185,3302,168,543,0,0,317,2626,36,610,317,3236,California
Shasta,2021-01-12,444,4289,327,3629,117,660,0,0,270,2722,174,784,270,3506,California
Shasta,2021-01-13,541,4830,268,3897,273,933,0,0,371,2923,170,954,371,3877,California
Shasta,2021-01-14,453,5283,51,3948,402,1335,0,0,435,3340,18,972,435,4312,California
Shasta,2021-01-15,638,5921,136,4084,502,1837,0,0,636,3974,2,974,636,4948,California
Shasta,2021-01-16,898,6819,54,4138,844,2681,0,0,895,4866,3,977,895,5843,California
Shasta,2021-01-17,27,6846,6,4144,21,2702,0,0,23,4885,4,981,23,5866,California
Shasta,2021-01-18,598,7444,129,4273,469,3171,0,0,590,5467,8,989,590,6456,California
Shasta,2021-01-19,1018,8462,397,4670,621,3792,0,0,870,6189,148,1137,870,7326,California
Shasta,2021-01-20,677,9139,409,5079,268,4060,0,0,493,6503,179,1316,493,7819,California
Shasta,2021-01-21,630,9769,277,5356,353,4413,0,0,607,7087,23,1339,607,8426,California
Shasta,2021-01-22,446,10215,171,5527,275,4688,0,0,440,7521,6,1345,440,8866,California
Shasta,2021-01-23,68,10283,5,5532,63,4751,0,0,67,7587,1,1346,67,8933,California
Shasta,2021-01-24,25,10308,2,5534,23,4774,0,0,24,7610,1,1347,24,8957,California
Shasta,2021-01-25,750,11058,491,6025,259,5033,0,0,464,7789,285,1632,464,9421,California
Shasta,2021-01-26,708,11766,332,6357,376,5409,0,0,475,8033,231,1863,475,9896,California
Shasta,2021-01-27,459,12225,179,6536,280,5689,0,0,410,8394,49,1912,410,10306,California
Shasta,2021-01-28,855,13080,576,7112,279,5968,0,0,633,8805,222,2134,633,10939,California
Shasta,2021-01-29,831,13911,330,7442,501,6469,0,0,641,9257,190,2324,642,11581,California
Shasta,2021-01-30,616,14527,14,7456,602,7071,0,0,607,9855,9,2333,607,12188,California
Shasta,2021-01-31,28,14555,4,7460,24,7095,0,0,26,9879,2,2335,26,12214,California
Shasta,2021-02-01,510,15065,148,7608,362,7457,0,0,386,10141,124,2459,386,12600,California
Shasta,2021-02-02,939,16004,494,8102,445,7902,0,0,848,10900,89,2548,848,13448,California
Shasta,2021-02-03,677,16681,210,8312,467,8369,0,0,481,11185,196,2744,481,13929,California
Shasta,2021-02-04,1071,17752,663,8975,408,8777,0,0,880,11875,190,2934,880,14809,California
Shasta,2021-02-05,1221,18973,163,9138,1058,9835,0,0,1032,12719,188,3122,1032,15841,California
Shasta,2021-02-06,1733,20706,41,9179,1692,11527,0,0,1710,14406,23,3145,1710,17551,California
Shasta,2021-02-07,26,20732,3,9182,23,11550,0,0,24,14428,2,3147,24,17575,California
Shasta,2021-02-08,540,21272,167,9349,373,11923,0,0,303,14494,237,3384,303,17878,California
Shasta,2021-02-09,1026,22298,651,10000,375,12298,0,0,676,14820,350,3734,676,18554,California
Shasta,2021-02-10,1085,23383,782,10782,303,12601,0,0,595,14925,491,4225,596,19150,California
Shasta,2021-02-11,784,24167,186,10968,598,13199,0,0,303,14752,476,4701,303,19453,California
Shasta,2021-02-12,1663,25830,1142,12110,521,13720,0,0,1169,15427,494,5195,1169,20622,California
Shasta,2021-02-13,1383,27213,367,12477,1016,14736,0,0,571,15185,813,6008,571,21193,California
Shasta,2021-02-14,149,27362,4,12481,145,14881,0,0,125,15286,24,6032,125,21318,California
Shasta,2021-02-15,380,27742,90,12571,290,15171,0,0,211,15328,169,6201,211,21529,California
Shasta,2021-02-16,1086,28828,515,13086,571,15742,0,0,319,14881,766,6967,319,21848,California
Shasta,2021-02-17,994,29822,438,13524,556,16298,0,0,376,14639,618,7585,376,22224,California
Shasta,2021-02-18,875,30697,442,13966,433,16731,0,0,428,14620,447,8032,428,22652,California
Shasta,2021-02-19,1329,32026,936,14902,393,17124,0,0,861,15013,468,8500,861,23513,California
Shasta,2021-02-20,802,32828,89,14991,713,17837,0,0,303,14817,499,8999,303,23816,California
Shasta,2021-02-21,31,32859,2,14993,29,17866,0,0,9,14804,22,9021,9,23825,California
Shasta,2021-02-22,348,33207,74,15067,274,18140,0,0,99,14655,248,9269,99,23924,California
Shasta,2021-02-23,801,34008,466,15533,335,18475,0,0,216,14286,585,9854,216,24140,California
Shasta,2021-02-24,885,34893,504,16037,381,18856,0,0,270,13942,614,10468,270,24410,California
Shasta,2021-02-25,480,35373,159,16196,321,19177,0,0,159,13781,320,10788,159,24569,California
Shasta,2021-02-26,791,36164,95,16291,696,19873,0,0,331,13654,458,11246,331,24900,California
Shasta,2021-02-27,831,36995,27,16318,804,20677,0,0,190,13205,639,11885,190,25090,California
Shasta,2021-02-28,176,37171,4,16322,172,20849,0,0,126,13281,50,11935,126,25216,California
Shasta,2021-03-01,555,37726,59,16381,496,21345,0,0,266,13259,288,12223,266,25482,California
Shasta,2021-03-02,952,38678,465,16846,487,21832,0,0,268,12845,682,12905,268,25750,California
Shasta,2021-03-03,659,39337,164,17010,495,22327,0,0,241,12668,418,13323,241,25991,California
Shasta,2021-03-04,2236,41573,1684,18694,552,22879,0,0,1257,12948,978,14301,1258,27249,California
Shasta,2021-03-05,1533,43106,162,18856,1342,24221,29,29,790,13023,744,15045,819,28068,California
Shasta,2021-03-06,2716,45822,386,19242,2283,26504,47,76,859,12073,1856,16901,906,28974,California
Shasta,2021-03-07,91,45913,3,19245,56,26560,32,108,37,12088,54,16955,69,29043,California
Shasta,2021-03-08,558,46471,46,19291,373,26933,139,247,145,11961,411,17366,284,29327,California
Shasta,2021-03-09,624,47095,48,19339,398,27331,178,425,249,12012,375,17741,426,29753,California
Shasta,2021-03-10,797,47892,256,19595,339,27670,202,627,132,11681,664,18405,333,30086,California
Shasta,2021-03-11,1047,48939,173,19768,628,28298,246,873,646,12172,401,18806,892,30978,California
Shasta,2021-03-12,1496,50435,835,20603,418,28716,243,1116,394,11706,1101,19907,635,31613,California
Shasta,2021-03-13,757,51192,425,21028,232,28948,100,1216,474,11997,282,20189,573,32186,California
Shasta,2021-03-14,365,51557,8,21036,335,29283,22,1238,227,12108,138,20327,249,32435,California
Shasta,2021-03-15,495,52052,34,21070,361,29644,100,1338,209,12130,286,20613,308,32743,California
Shasta,2021-03-16,1084,53136,145,21215,872,30516,67,1405,806,12725,278,20891,873,33616,California
Shasta,2021-03-17,688,53824,190,21405,440,30956,58,1463,389,12879,293,21184,447,34063,California
Shasta,2021-03-18,1073,54897,236,21641,734,31690,103,1566,799,13511,270,21454,902,34965,California
Shasta,2021-03-19,630,55527,197,21838,378,32068,55,1621,398,13733,231,21685,453,35418,California
Shasta,2021-03-20,747,56274,490,22328,243,32311,14,1635,599,14198,148,21833,613,36031,California
Shasta,2021-03-21,312,56586,297,22625,4,32315,11,1646,286,14470,25,21858,297,36328,California
Shasta,2021-03-22,343,56929,37,22662,276,32591,30,1676,201,14560,141,21999,231,36559,California
Shasta,2021-03-23,816,57745,158,22820,600,33191,58,1734,625,15057,186,22185,683,37242,California
Shasta,2021-03-24,518,58263,156,22976,325,33516,37,1771,359,15295,158,22343,396,37638,California
Shasta,2021-03-25,780,59043,194,23170,569,34085,17,1788,637,15809,140,22483,654,38292,California
Shasta,2021-03-26,1530,60573,1099,24269,401,34486,30,1818,1173,16656,357,22840,1204,39496,California
Shasta,2021-03-27,1557,62130,405,24674,316,34802,836,2654,572,17078,983,23823,1405,40901,California
Shasta,2021-03-28,404,62534,299,24973,95,34897,10,2664,302,17290,100,23923,312,41213,California
Shasta,2021-03-29,416,62950,41,25014,363,35260,12,2676,162,17211,253,24176,174,41387,California
Shasta,2021-03-30,528,63478,186,25200,335,35595,7,2683,321,17335,204,24380,328,41715,California
Shasta,2021-03-31,622,64100,208,25408,409,36004,5,2688,387,17497,230,24610,392,42107,California
Shasta,2021-04-01,780,64880,245,25653,528,36532,7,2695,553,17830,227,24837,560,42667,California
Shasta,2021-04-02,748,65628,202,25855,494,37026,52,2747,411,17959,334,25171,463,43130,California
Shasta,2021-04-03,518,66146,366,26221,133,37159,19,2766,394,18248,124,25295,413,43543,California
Shasta,2021-04-04,292,66438,178,26399,94,37253,20,2786,218,18412,74,25369,238,43781,California
Shasta,2021-04-05,439,66877,67,26466,309,37562,63,2849,253,18542,186,25555,316,44097,California
Shasta,2021-04-06,719,67596,171,26637,377,37939,171,3020,275,18545,442,25997,445,44542,California
Shasta,2021-04-07,649,68245,211,26848,275,38214,163,3183,254,18572,390,26387,417,44959,California
Shasta,2021-04-08,1053,69298,260,27108,640,38854,153,3336,229,18132,822,27209,382,45341,California
Shasta,2021-04-09,2576,71874,2060,29168,307,39161,209,3545,2015,19798,556,27765,2222,47563,California
Shasta,2021-04-10,876,72750,594,29762,154,39315,128,3673,264,19578,612,28377,392,47955,California
Shasta,2021-04-11,450,73200,396,30158,34,39349,20,3693,140,19431,307,28684,160,48115,California
Shasta,2021-04-12,332,73532,8,30166,264,39613,60,3753,96,19351,235,28919,155,48270,California
Shasta,2021-04-13,983,74515,162,30328,819,40432,2,3755,231,18832,751,29670,232,48502,California
Shasta,2021-04-14,602,75117,143,30471,457,40889,2,3757,225,18683,376,30046,227,48729,California
Shasta,2021-04-15,988,76105,258,30729,730,41619,0,3757,302,18301,684,30730,302,49031,California
Shasta,2021-04-16,2327,78432,1833,32562,494,42113,0,3757,951,18119,1376,32106,1194,50225,California
Shasta,2021-04-17,641,79073,410,32972,231,42344,0,3757,196,17870,445,32551,196,50421,California
Shasta,2021-04-18,266,79339,241,33213,25,42369,0,3757,33,17672,231,32782,33,50454,California
Shasta,2021-04-19,382,79721,31,33244,351,42720,0,3757,164,17618,218,33000,164,50618,California
Shasta,2021-04-20,923,80644,257,33501,666,43386,0,3757,296,17288,626,33626,296,50914,California
Shasta,2021-04-21,550,81194,214,33715,336,43722,0,3757,281,17300,269,33895,281,51195,California
Shasta,2021-04-22,888,82082,288,34003,600,44322,0,3757,279,16972,607,34502,279,51474,California
Shasta,2021-04-23,626,82708,265,34268,361,44683,0,3757,302,16950,324,34826,302,51776,California
Shasta,2021-04-24,302,83010,86,34354,216,44899,0,3757,76,16800,226,35052,76,51852,California
Shasta,2021-04-25,97,83107,67,34421,30,44929,0,3757,35,16773,62,35114,35,51887,California
Shasta,2021-04-26,297,83404,37,34458,259,45188,1,3758,226,16929,70,35184,226,52113,California
Sierra,2020-12-18,1,1,1,1,0,0,0,0,1,1,0,0,1,1,California
Sierra,2020-12-21,2,3,2,3,0,0,0,0,2,3,0,0,2,3,California
Sierra,2020-12-22,12,15,12,15,0,0,0,0,12,15,0,0,12,15,California
Sierra,2020-12-23,4,19,4,19,0,0,0,0,4,19,0,0,4,19,California
Sierra,2020-12-28,1,20,0,19,1,1,0,0,1,20,0,0,1,20,California
Sierra,2020-12-29,49,69,7,26,42,43,0,0,49,69,0,0,49,69,California
Sierra,2020-12-30,2,71,0,26,2,45,0,0,2,71,0,0,2,71,California
Sierra,2020-12-31,13,84,0,26,13,58,0,0,13,84,0,0,13,84,California
Sierra,2021-01-01,1,85,1,27,0,58,0,0,1,85,0,0,1,85,California
Sierra,2021-01-05,64,149,2,29,62,120,0,0,64,149,0,0,64,149,California
Sierra,2021-01-06,1,150,1,30,0,120,0,0,1,150,0,0,1,150,California
Sierra,2021-01-07,21,171,1,31,20,140,0,0,20,169,1,1,20,170,California
Sierra,2021-01-08,1,172,1,32,0,140,0,0,1,170,0,1,1,171,California
Sierra,2021-01-11,3,175,3,35,0,140,0,0,0,167,3,4,0,171,California
Sierra,2021-01-12,40,215,12,47,28,168,0,0,28,183,12,16,28,199,California
Sierra,2021-01-13,4,219,3,50,1,169,0,0,1,181,3,19,1,200,California
Sierra,2021-01-14,35,254,2,52,33,202,0,0,35,216,0,19,35,235,California
Sierra,2021-01-15,3,257,1,53,2,204,0,0,3,219,0,19,3,238,California
Sierra,2021-01-18,2,259,0,53,2,206,0,0,2,221,0,19,2,240,California
Sierra,2021-01-19,32,291,0,53,32,238,0,0,32,253,0,19,32,272,California
Sierra,2021-01-20,1,292,1,54,0,238,0,0,1,254,0,19,1,273,California
Sierra,2021-01-21,53,345,0,54,53,291,0,0,53,307,0,19,53,326,California
Sierra,2021-01-22,2,347,0,54,2,293,0,0,2,309,0,19,2,328,California
Sierra,2021-01-23,2,349,0,54,2,295,0,0,2,311,0,19,2,330,California
Sierra,2021-01-26,62,411,0,54,62,357,0,0,24,297,38,57,24,354,California
Sierra,2021-01-27,4,415,4,58,0,357,0,0,0,293,4,61,0,354,California
Sierra,2021-01-28,53,468,0,58,53,410,0,0,43,326,10,71,43,397,California
Sierra,2021-01-29,2,470,0,58,2,412,0,0,2,328,0,71,2,399,California
Sierra,2021-01-30,3,473,3,61,0,412,0,0,2,329,1,72,2,401,California
Sierra,2021-02-01,1,474,0,61,1,413,0,0,0,328,1,73,0,401,California
Sierra,2021-02-02,58,532,1,62,57,470,0,0,19,308,39,112,19,420,California
Sierra,2021-02-03,6,538,5,67,1,471,0,0,5,312,1,113,5,425,California
Sierra,2021-02-04,105,643,6,73,99,570,0,0,56,319,49,162,56,481,California
Sierra,2021-02-05,6,649,4,77,2,572,0,0,5,323,1,163,5,486,California
Sierra,2021-02-09,51,700,0,77,51,623,0,0,48,368,3,166,48,534,California
Sierra,2021-02-10,5,705,2,79,3,626,0,0,4,371,1,167,4,538,California
Sierra,2021-02-11,196,901,1,80,195,821,0,0,134,443,62,229,134,672,California
Sierra,2021-02-12,21,922,0,80,21,842,0,0,20,462,1,230,20,692,California
Sierra,2021-02-13,1,923,1,81,0,842,0,0,1,463,0,230,1,693,California
Sierra,2021-02-14,1,924,0,81,1,843,0,0,1,464,0,230,1,694,California
Sierra,2021-02-15,2,926,2,83,0,843,0,0,0,462,2,232,0,694,California
Sierra,2021-02-16,43,969,0,83,43,886,0,0,10,439,33,265,10,704,California
Sierra,2021-02-17,4,973,0,83,4,890,0,0,1,437,3,268,1,705,California
Sierra,2021-02-18,141,1114,0,83,141,1031,0,0,91,478,50,318,91,796,California
Sierra,2021-02-19,2,1116,1,84,1,1032,0,0,1,478,1,319,1,797,California
Sierra,2021-02-20,2,1118,2,86,0,1032,0,0,0,476,2,321,0,797,California
Sierra,2021-02-22,1,1119,1,87,0,1032,0,0,1,477,0,321,1,798,California
Sierra,2021-02-23,4,1123,0,87,4,1036,0,0,4,481,0,321,4,802,California
Sierra,2021-02-24,4,1127,3,90,1,1037,0,0,3,483,1,322,3,805,California
Sierra,2021-02-25,125,1252,2,92,123,1160,0,0,58,475,66,388,58,863,California
Sierra,2021-02-26,11,1263,6,98,5,1165,0,0,4,472,7,395,4,867,California
Sierra,2021-02-27,2,1265,2,100,0,1165,0,0,0,470,2,397,0,867,California
Sierra,2021-03-01,2,1267,2,102,0,1165,0,0,0,468,2,399,0,867,California
Sierra,2021-03-02,56,1323,0,102,56,1221,0,0,38,488,18,417,38,905,California
Sierra,2021-03-03,2,1325,2,104,0,1221,0,0,1,488,1,418,1,906,California
Sierra,2021-03-04,108,1433,0,104,108,1329,0,0,58,496,50,468,58,964,California
Sierra,2021-03-05,13,1446,1,105,12,1341,0,0,11,505,2,470,11,975,California
Sierra,2021-03-07,1,1447,1,106,0,1341,0,0,0,504,1,471,0,975,California
Sierra,2021-03-08,2,1449,2,108,0,1341,0,0,2,506,0,471,2,977,California
Sierra,2021-03-09,56,1505,0,108,56,1397,0,0,12,474,44,515,12,989,California
Sierra,2021-03-10,6,1511,0,108,6,1403,0,0,4,476,2,517,4,993,California
Sierra,2021-03-11,175,1686,0,108,175,1578,0,0,43,388,131,648,43,1036,California
Sierra,2021-03-12,20,1706,1,109,19,1597,0,0,0,368,20,668,0,1036,California
Sierra,2021-03-13,28,1734,0,109,28,1625,0,0,28,396,0,668,28,1064,California
Sierra,2021-03-14,1,1735,0,109,0,1625,1,1,0,396,1,669,1,1065,California
Sierra,2021-03-15,2,1737,1,110,1,1626,0,1,0,394,2,671,0,1065,California
Sierra,2021-03-16,36,1773,0,110,35,1661,1,2,23,405,13,684,24,1089,California
Sierra,2021-03-17,4,1777,3,113,1,1662,0,2,1,403,3,687,1,1090,California
Sierra,2021-03-18,158,1935,0,113,158,1820,0,2,65,375,93,780,65,1155,California
Sierra,2021-03-19,4,1939,2,115,2,1822,0,2,1,373,3,783,1,1156,California
Sierra,2021-03-20,1,1940,0,115,1,1823,0,2,1,374,0,783,1,1157,California
Sierra,2021-03-23,22,1962,0,115,22,1845,0,2,13,378,9,792,13,1170,California
Sierra,2021-03-24,3,1965,1,116,2,1847,0,2,1,377,2,794,1,1171,California
Sierra,2021-03-25,100,2065,1,117,99,1946,0,2,51,379,49,843,51,1222,California
Sierra,2021-03-26,12,2077,1,118,11,1957,0,2,9,385,3,846,9,1231,California
Sierra,2021-03-27,2,2079,1,119,1,1958,0,2,0,383,2,848,0,1231,California
Sierra,2021-03-29,1,2080,1,120,0,1958,0,2,0,382,1,849,0,1231,California
Sierra,2021-03-30,55,2135,1,121,54,2012,0,2,22,371,33,882,22,1253,California
Sierra,2021-03-31,8,2143,0,121,8,2020,0,2,8,379,0,882,8,1261,California
Sierra,2021-04-01,60,2203,2,123,58,2078,0,2,6,331,54,936,6,1267,California
Sierra,2021-04-02,3,2206,2,125,1,2079,0,2,2,332,1,937,2,1269,California
Sierra,2021-04-05,1,2207,1,126,0,2079,0,2,1,333,0,937,1,1270,California
Sierra,2021-04-06,10,2217,0,126,10,2089,0,2,0,323,10,947,0,1270,California
Sierra,2021-04-07,15,2232,3,129,6,2095,6,8,3,321,11,958,9,1279,California
Sierra,2021-04-08,54,2286,2,131,52,2147,0,8,17,301,37,995,17,1296,California
Sierra,2021-04-09,2,2288,2,133,0,2147,0,8,1,301,1,996,1,1297,California
Sierra,2021-04-10,27,2315,0,133,27,2174,0,8,0,274,27,1023,0,1297,California
Sierra,2021-04-13,46,2361,0,133,46,2220,0,8,5,238,41,1064,5,1302,California
Sierra,2021-04-14,2,2363,1,134,1,2221,0,8,2,240,0,1064,2,1304,California
Sierra,2021-04-15,49,2412,1,135,48,2269,0,8,2,195,47,1111,2,1306,California
Sierra,2021-04-16,1,2413,0,135,1,2270,0,8,1,196,0,1111,1,1307,California
Sierra,2021-04-17,2,2415,1,136,1,2271,0,8,1,196,1,1112,1,1308,California
Sierra,2021-04-19,1,2416,1,137,0,2271,0,8,0,195,1,1113,0,1308,California
Sierra,2021-04-20,34,2450,1,138,33,2304,0,8,7,175,27,1140,7,1315,California
Sierra,2021-04-21,2,2452,1,139,1,2305,0,8,1,175,1,1141,1,1316,California
Sierra,2021-04-22,64,2516,2,141,62,2367,0,8,3,118,60,1201,3,1319,California
Sierra,2021-04-23,12,2528,0,141,12,2379,0,8,4,114,8,1209,4,1323,California
Sierra,2021-04-24,4,2532,0,141,4,2383,0,8,4,118,0,1209,4,1327,California
Siskiyou,2020-12-16,2,2,2,2,0,0,0,0,2,2,0,0,2,2,California
Siskiyou,2020-12-17,4,6,4,6,0,0,0,0,4,6,0,0,4,6,California
Siskiyou,2020-12-18,2,8,2,8,0,0,0,0,2,8,0,0,2,8,California
Siskiyou,2020-12-19,4,12,4,12,0,0,0,0,4,12,0,0,4,12,California
Siskiyou,2020-12-20,1,13,1,13,0,0,0,0,1,13,0,0,1,13,California
Siskiyou,2020-12-21,132,145,132,145,0,0,0,0,132,145,0,0,132,145,California
Siskiyou,2020-12-22,159,304,159,304,0,0,0,0,159,304,0,0,159,304,California
Siskiyou,2020-12-23,142,446,142,446,0,0,0,0,142,446,0,0,142,446,California
Siskiyou,2020-12-24,5,451,5,451,0,0,0,0,5,451,0,0,5,451,California
Siskiyou,2020-12-26,2,453,0,451,2,2,0,0,2,453,0,0,2,453,California
Siskiyou,2020-12-27,2,455,0,451,2,4,0,0,2,455,0,0,2,455,California
Siskiyou,2020-12-28,3,458,1,452,2,6,0,0,3,458,0,0,3,458,California
Siskiyou,2020-12-29,6,464,2,454,4,10,0,0,6,464,0,0,6,464,California
Siskiyou,2020-12-30,98,562,3,457,95,105,0,0,98,562,0,0,98,562,California
Siskiyou,2020-12-31,12,574,0,457,12,117,0,0,12,574,0,0,12,574,California
Siskiyou,2021-01-02,1,575,1,458,0,117,0,0,1,575,0,0,1,575,California
Siskiyou,2021-01-03,1,576,0,458,1,118,0,0,1,576,0,0,1,576,California
Siskiyou,2021-01-04,130,706,3,461,127,245,0,0,130,706,0,0,130,706,California
Siskiyou,2021-01-05,117,823,4,465,113,358,0,0,116,821,1,1,116,822,California
Siskiyou,2021-01-06,59,882,6,471,53,411,0,0,55,872,4,5,55,877,California
Siskiyou,2021-01-07,177,1059,4,475,173,584,0,0,176,1047,1,6,176,1053,California
Siskiyou,2021-01-08,41,1100,3,478,38,622,0,0,39,1084,2,8,39,1092,California
Siskiyou,2021-01-09,2,1102,2,480,0,622,0,0,0,1082,2,10,0,1092,California
Siskiyou,2021-01-11,226,1328,65,545,161,783,0,0,163,1182,63,73,163,1255,California
Siskiyou,2021-01-12,322,1650,274,819,48,831,0,0,88,1037,234,307,89,1344,California
Siskiyou,2021-01-13,157,1807,137,956,20,851,0,0,23,926,134,441,23,1367,California
Siskiyou,2021-01-14,26,1833,1,957,25,876,0,0,25,950,1,442,25,1392,California
Siskiyou,2021-01-15,35,1868,3,960,32,908,0,0,35,985,0,442,35,1427,California
Siskiyou,2021-01-16,7,1875,2,962,5,913,0,0,7,992,0,442,7,1434,California
Siskiyou,2021-01-17,1,1876,1,963,0,913,0,0,0,991,1,443,0,1434,California
Siskiyou,2021-01-18,76,1952,4,967,72,985,0,0,74,1063,2,445,74,1508,California
Siskiyou,2021-01-19,21,1973,1,968,20,1005,0,0,20,1082,1,446,20,1528,California
Siskiyou,2021-01-20,47,2020,35,1003,12,1017,0,0,43,1121,4,450,43,1571,California
Siskiyou,2021-01-21,42,2062,1,1004,41,1058,0,0,42,1163,0,450,42,1613,California
Siskiyou,2021-01-22,1329,3391,1177,2181,152,1210,0,0,1329,2492,0,450,1329,2942,California
Siskiyou,2021-01-23,5,3396,1,2182,4,1214,0,0,2,2491,3,453,2,2944,California
Siskiyou,2021-01-25,182,3578,8,2190,174,1388,0,0,178,2665,4,457,178,3122,California
Siskiyou,2021-01-26,148,3726,3,2193,145,1533,0,0,140,2797,8,465,140,3262,California
Siskiyou,2021-01-27,181,3907,1,2194,180,1713,0,0,126,2868,55,520,126,3388,California
Siskiyou,2021-01-28,232,4139,118,2312,114,1827,0,0,226,3088,6,526,226,3614,California
Siskiyou,2021-01-29,248,4387,2,2314,246,2073,0,0,246,3332,2,528,246,3860,California
Siskiyou,2021-01-30,3,4390,2,2316,1,2074,0,0,3,3335,0,528,3,3863,California
Siskiyou,2021-02-01,195,4585,3,2319,192,2266,0,0,105,3350,90,618,105,3968,California
Siskiyou,2021-02-02,289,4874,45,2364,244,2510,0,0,147,3355,142,760,147,4115,California
Siskiyou,2021-02-03,313,5187,1,2365,312,2822,0,0,264,3570,49,809,264,4379,California
Siskiyou,2021-02-04,320,5507,7,2372,313,3135,0,0,200,3650,120,929,200,4579,California
Siskiyou,2021-02-05,512,6019,4,2376,508,3643,0,0,347,3832,165,1094,347,4926,California
Siskiyou,2021-02-06,15,6034,0,2376,15,3658,0,0,15,3847,0,1094,15,4941,California
Siskiyou,2021-02-07,3,6037,2,2378,1,3659,0,0,3,3850,0,1094,3,4944,California
Siskiyou,2021-02-08,221,6258,5,2383,216,3875,0,0,216,4061,5,1099,216,5160,California
Siskiyou,2021-02-09,196,6454,4,2387,192,4067,0,0,163,4191,33,1132,163,5323,California
Siskiyou,2021-02-10,370,6824,40,2427,330,4397,0,0,316,4454,53,1185,316,5639,California
Siskiyou,2021-02-11,191,7015,1,2428,190,4587,0,0,175,4613,16,1201,175,5814,California
Siskiyou,2021-02-12,1692,8707,1200,3628,492,5079,0,0,501,3923,1191,2392,501,6315,California
Siskiyou,2021-02-13,36,8743,2,3630,34,5113,0,0,32,3951,4,2396,32,6347,California
Siskiyou,2021-02-14,5,8748,1,3631,4,5117,0,0,5,3956,0,2396,5,6352,California
Siskiyou,2021-02-15,107,8855,10,3641,97,5214,0,0,105,4059,2,2398,105,6457,California
Siskiyou,2021-02-16,114,8969,2,3643,112,5326,0,0,99,4143,15,2413,99,6556,California
Siskiyou,2021-02-17,184,9153,15,3658,169,5495,0,0,170,4299,14,2427,170,6726,California
Siskiyou,2021-02-18,221,9374,89,3747,132,5627,0,0,98,4274,123,2550,98,6824,California
Siskiyou,2021-02-19,70,9444,33,3780,37,5664,0,0,34,4272,36,2586,34,6858,California
Siskiyou,2021-02-20,21,9465,3,3783,18,5682,0,0,17,4285,4,2590,17,6875,California
Siskiyou,2021-02-21,1,9466,1,3784,0,5682,0,0,1,4286,0,2590,1,6876,California
Siskiyou,2021-02-22,124,9590,1,3785,123,5805,0,0,18,4198,106,2696,18,6894,California
Siskiyou,2021-02-23,195,9785,15,3800,180,5985,0,0,51,4105,144,2840,51,6945,California
Siskiyou,2021-02-24,147,9932,4,3804,143,6128,0,0,35,4028,112,2952,35,6980,California
Siskiyou,2021-02-25,300,10232,24,3828,276,6404,0,0,154,4036,146,3098,154,7134,California
Siskiyou,2021-02-26,667,10899,9,3837,658,7062,0,0,365,4099,302,3400,365,7499,California
Siskiyou,2021-02-27,33,10932,5,3842,28,7090,0,0,28,4122,5,3405,28,7527,California
Siskiyou,2021-02-28,5,10937,4,3846,1,7091,0,0,4,4125,1,3406,4,7531,California
Siskiyou,2021-03-01,280,11217,6,3852,274,7365,0,0,50,3945,230,3636,50,7581,California
Siskiyou,2021-03-02,190,11407,1,3853,189,7554,0,0,70,3895,120,3756,70,7651,California
Siskiyou,2021-03-03,343,11750,7,3860,336,7890,0,0,153,3858,190,3946,153,7804,California
Siskiyou,2021-03-04,783,12533,611,4471,172,8062,0,0,628,4331,155,4101,628,8432,California
Siskiyou,2021-03-05,324,12857,6,4477,307,8369,11,11,104,4229,217,4318,115,8547,California
Siskiyou,2021-03-06,42,12899,2,4479,33,8402,7,18,27,4248,15,4333,34,8581,California
Siskiyou,2021-03-07,12,12911,4,4483,0,8402,8,26,3,4250,9,4342,11,8592,California
Siskiyou,2021-03-08,361,13272,31,4514,295,8697,35,61,59,4042,302,4644,94,8686,California
Siskiyou,2021-03-09,162,13434,0,4514,109,8806,53,114,56,4045,106,4750,109,8795,California
Siskiyou,2021-03-10,221,13655,7,4521,184,8990,30,144,31,3916,190,4940,61,8856,California
Siskiyou,2021-03-11,469,14124,203,4724,219,9209,47,191,270,4035,198,5138,317,9173,California
Siskiyou,2021-03-12,646,14770,141,4865,466,9675,39,230,184,3798,460,5598,223,9396,California
Siskiyou,2021-03-13,428,15198,381,5246,24,9699,23,253,382,4157,46,5644,405,9801,California
Siskiyou,2021-03-14,21,15219,1,5247,4,9703,16,269,3,4158,18,5662,19,9820,California
Siskiyou,2021-03-15,453,15672,257,5504,176,9879,20,289,321,4367,132,5794,341,10161,California
Siskiyou,2021-03-16,255,15927,32,5536,206,10085,17,306,140,4410,114,5908,157,10318,California
Siskiyou,2021-03-17,201,16128,9,5545,184,10269,8,314,34,4285,167,6075,42,10360,California
Siskiyou,2021-03-18,925,17053,787,6332,126,10395,12,326,809,4990,116,6191,821,11181,California
Siskiyou,2021-03-19,66,17119,9,6341,44,10439,13,339,20,4977,46,6237,33,11214,California
Siskiyou,2021-03-20,30,17149,7,6348,18,10457,5,344,6,4964,24,6261,11,11225,California
Siskiyou,2021-03-21,10,17159,4,6352,1,10458,5,349,4,4967,6,6267,9,11234,California
Siskiyou,2021-03-22,207,17366,21,6373,164,10622,22,371,144,5073,60,6327,166,11400,California
Siskiyou,2021-03-23,195,17561,19,6392,166,10788,10,381,141,5170,54,6381,151,11551,California
Siskiyou,2021-03-24,141,17702,48,6440,93,10881,0,381,116,5261,25,6406,116,11667,California
Siskiyou,2021-03-25,568,18270,318,6758,247,11128,3,384,398,5492,170,6576,401,12068,California
Siskiyou,2021-03-26,299,18569,32,6790,267,11395,0,384,100,5395,197,6773,100,12168,California
Siskiyou,2021-03-27,37,18606,4,6794,28,11423,5,389,9,5381,28,6801,14,12182,California
Siskiyou,2021-03-28,7,18613,7,6801,0,11423,0,389,4,5382,3,6804,4,12186,California
Siskiyou,2021-03-29,98,18711,11,6812,85,11508,2,391,47,5381,50,6854,49,12235,California
Siskiyou,2021-03-30,98,18809,3,6815,94,11602,1,392,38,5360,60,6914,39,12274,California
Siskiyou,2021-03-31,189,18998,22,6837,165,11767,2,394,50,5275,138,7052,53,12327,California
Siskiyou,2021-04-01,824,19822,668,7505,156,11923,0,394,216,4883,608,7660,216,12543,California
Siskiyou,2021-04-02,343,20165,196,7701,143,12066,4,398,64,4673,278,7938,68,12611,California
Siskiyou,2021-04-03,25,20190,4,7705,14,12080,7,405,5,4665,20,7958,12,12623,California
Siskiyou,2021-04-04,2,20192,2,7707,0,12080,0,405,1,4665,1,7959,1,12624,California
Siskiyou,2021-04-05,436,20628,330,8037,79,12159,27,432,24,4305,411,8370,51,12675,California
Siskiyou,2021-04-06,215,20843,32,8069,130,12289,53,485,122,4387,92,8462,174,12849,California
Siskiyou,2021-04-07,116,20959,11,8080,63,12352,42,527,66,4445,50,8512,108,12957,California
Siskiyou,2021-04-08,346,21305,183,8263,122,12474,41,568,60,4260,286,8798,101,13058,California
Siskiyou,2021-04-09,543,21848,377,8640,129,12603,37,605,84,3924,458,9256,122,13180,California
Siskiyou,2021-04-10,45,21893,6,8646,2,12605,37,642,6,3928,39,9295,43,13223,California
Siskiyou,2021-04-11,7,21900,5,8651,0,12605,2,644,2,3927,5,9300,4,13227,California
Siskiyou,2021-04-12,129,22029,25,8676,103,12708,1,645,49,3897,80,9380,50,13277,California
Siskiyou,2021-04-13,204,22233,36,8712,167,12875,1,646,78,3850,126,9506,79,13356,California
Siskiyou,2021-04-14,158,22391,66,8778,92,12967,0,646,86,3866,70,9576,86,13442,California
Siskiyou,2021-04-15,1115,23506,955,9733,160,13127,0,646,436,3623,679,10255,436,13878,California
Siskiyou,2021-04-16,287,23793,197,9930,90,13217,0,646,257,3853,29,10284,259,14137,California
Siskiyou,2021-04-17,12,23805,9,9939,3,13220,0,646,8,3857,4,10288,8,14145,California
Siskiyou,2021-04-18,5,23810,3,9942,2,13222,0,646,2,3856,3,10291,2,14147,California
Siskiyou,2021-04-19,125,23935,22,9964,103,13325,0,646,43,3817,82,10373,43,14190,California
Siskiyou,2021-04-20,238,24173,4,9968,234,13559,0,646,95,3769,143,10516,95,14285,California
Siskiyou,2021-04-21,93,24266,12,9980,81,13640,0,646,25,3726,68,10584,25,14310,California
Siskiyou,2021-04-22,411,24677,299,10279,112,13752,0,646,49,3413,362,10946,49,14359,California
Siskiyou,2021-04-23,146,24823,16,10295,130,13882,0,646,131,3531,13,10959,131,14490,California
Siskiyou,2021-04-24,14,24837,3,10298,11,13893,0,646,9,3535,5,10964,9,14499,California
Siskiyou,2021-04-25,2,24839,0,10298,2,13895,0,646,2,3537,0,10964,2,14501,California
Siskiyou,2021-04-26,27,24866,2,10300,25,13920,0,646,6,3522,21,10985,6,14507,California
Solano,2020-12-15,4,4,4,4,0,0,0,0,4,4,0,0,4,4,California
Solano,2020-12-16,71,75,71,75,0,0,0,0,71,75,0,0,71,75,California
Solano,2020-12-17,152,227,152,227,0,0,0,0,152,227,0,0,152,227,California
Solano,2020-12-18,445,672,444,671,1,1,0,0,445,672,0,0,445,672,California
Solano,2020-12-19,516,1188,516,1187,0,1,0,0,516,1188,0,0,516,1188,California
Solano,2020-12-20,353,1541,352,1539,1,2,0,0,353,1541,0,0,353,1541,California
Solano,2020-12-21,573,2114,571,2110,2,4,0,0,573,2114,0,0,573,2114,California
Solano,2020-12-22,662,2776,629,2739,33,37,0,0,662,2776,0,0,662,2776,California
Solano,2020-12-23,858,3634,772,3511,86,123,0,0,857,3633,0,0,857,3633,California
Solano,2020-12-24,421,4055,170,3681,251,374,0,0,421,4054,0,0,421,4054,California
Solano,2020-12-25,10,4065,2,3683,8,382,0,0,10,4064,0,0,10,4064,California
Solano,2020-12-26,175,4240,48,3731,127,509,0,0,175,4239,0,0,175,4239,California
Solano,2020-12-27,104,4344,29,3760,75,584,0,0,104,4343,0,0,104,4343,California
Solano,2020-12-28,863,5207,421,4181,442,1026,0,0,863,5206,0,0,863,5206,California
Solano,2020-12-29,891,6098,374,4555,517,1543,0,0,891,6097,0,0,891,6097,California
Solano,2020-12-30,1210,7308,599,5154,611,2154,0,0,1210,7307,0,0,1210,7307,California
Solano,2020-12-31,535,7843,135,5289,400,2554,0,0,535,7842,0,0,535,7842,California
Solano,2021-01-01,14,7857,13,5302,1,2555,0,0,14,7856,0,0,14,7856,California
Solano,2021-01-02,212,8069,164,5466,48,2603,0,0,212,8068,0,0,212,8068,California
Solano,2021-01-03,58,8127,41,5507,17,2620,0,0,53,8121,0,0,53,8121,California
Solano,2021-01-04,449,8576,245,5752,204,2824,0,0,439,8557,3,3,439,8560,California
Solano,2021-01-05,695,9271,377,6129,318,3142,0,0,541,8949,149,152,541,9101,California
Solano,2021-01-06,822,10093,436,6565,386,3528,0,0,560,9249,260,412,560,9661,California
Solano,2021-01-07,1055,11148,683,7248,372,3900,0,0,599,9395,454,866,600,10261,California
Solano,2021-01-08,1130,12278,774,8022,356,4256,0,0,538,9361,574,1440,540,10801,California
Solano,2021-01-09,885,13163,763,8785,122,4378,0,0,428,9335,454,1894,428,11229,California
Solano,2021-01-10,254,13417,194,8979,60,4438,0,0,153,9387,101,1995,153,11382,California
Solano,2021-01-11,1327,14744,1116,10095,211,4649,0,0,811,9682,516,2511,811,12193,California
Solano,2021-01-12,1560,16304,1164,11259,396,5045,0,0,1012,10148,547,3058,1013,13206,California
Solano,2021-01-13,1462,17766,1004,12263,458,5503,0,0,1202,11092,258,3316,1202,14408,California
Solano,2021-01-14,1869,19635,798,13061,1071,6574,0,0,1555,12333,314,3630,1555,15963,California
Solano,2021-01-15,1684,21319,1054,14115,630,7204,0,0,1386,13421,298,3928,1386,17349,California
Solano,2021-01-16,1290,22609,903,15018,387,7591,0,0,1115,14361,175,4103,1115,18464,California
Solano,2021-01-17,1041,23650,760,15778,281,7872,0,0,1023,15366,18,4121,1023,19487,California
Solano,2021-01-18,1407,25057,857,16635,550,8422,0,0,1288,16537,119,4240,1290,20777,California
Solano,2021-01-19,1644,26701,1336,17971,308,8730,0,0,1373,17640,270,4510,1373,22150,California
Solano,2021-01-20,2027,28728,1417,19388,610,9340,0,0,1544,18704,480,4990,1544,23694,California
Solano,2021-01-21,3144,31872,999,20387,2145,11485,0,0,2801,21163,343,5333,2802,26496,California
Solano,2021-01-22,1750,33622,842,21229,908,12393,0,0,1560,22533,190,5523,1560,28056,California
Solano,2021-01-23,732,34354,238,21467,494,12887,0,0,529,22859,204,5727,530,28586,California
Solano,2021-01-24,401,34755,60,21527,341,13228,0,0,335,23128,66,5793,335,28921,California
Solano,2021-01-25,1636,36391,622,22149,1014,14242,0,0,1087,23667,549,6342,1088,30009,California
Solano,2021-01-26,1770,38161,736,22885,1034,15276,0,0,1140,24179,629,6971,1141,31150,California
Solano,2021-01-27,1770,39931,726,23611,1044,16320,0,0,1177,24776,580,7551,1177,32327,California
Solano,2021-01-28,1900,41831,703,24314,1197,17517,0,0,1310,25498,589,8140,1311,33638,California
Solano,2021-01-29,1697,43528,782,25096,915,18432,0,0,1344,26491,351,8491,1344,34982,California
Solano,2021-01-30,710,44238,220,25316,490,18922,0,0,549,26879,161,8652,549,35531,California
Solano,2021-01-31,486,44724,394,25710,92,19014,0,0,231,26856,255,8907,232,35763,California
Solano,2021-02-01,1498,46222,979,26689,519,19533,0,0,760,26880,736,9643,760,36523,California
Solano,2021-02-02,3318,49540,1111,27800,2207,21740,0,0,2522,28610,792,10435,2522,39045,California
Solano,2021-02-03,2241,51781,1303,29103,938,22678,0,0,1163,28699,1074,11509,1163,40208,California
Solano,2021-02-04,1761,53542,907,30010,854,23532,0,0,1049,29041,707,12216,1049,41257,California
Solano,2021-02-05,3065,56607,1407,31417,1658,25190,0,0,2073,30131,983,13199,2073,43330,California
Solano,2021-02-06,3044,59651,1169,32586,1875,27065,0,0,2229,31549,811,14010,2229,45559,California
Solano,2021-02-07,848,60499,784,33370,64,27129,0,0,232,31165,616,14626,232,45791,California
Solano,2021-02-08,1712,62211,1232,34602,480,27609,0,0,681,30817,1029,15655,681,46472,California
Solano,2021-02-09,1902,64113,1471,36073,431,28040,0,0,680,30276,1221,16876,680,47152,California
Solano,2021-02-10,2257,66370,1496,37569,761,28801,0,0,829,29677,1428,18304,829,47981,California
Solano,2021-02-11,2452,68822,1445,39014,1007,29808,0,0,1172,29579,1270,19574,1172,49153,California
Solano,2021-02-12,4139,72961,1598,40612,2541,32349,0,0,2829,31105,1303,20877,2829,51982,California
Solano,2021-02-13,2818,75779,243,40855,2575,34924,0,0,2431,33152,384,21261,2431,54413,California
Solano,2021-02-14,690,76469,201,41056,489,35413,0,0,412,33288,276,21537,412,54825,California
Solano,2021-02-15,1295,77764,323,41379,972,36385,0,0,671,33336,623,22160,671,55496,California
Solano,2021-02-16,2397,80161,1231,42610,1166,37551,0,0,1629,34198,767,22927,1629,57125,California
Solano,2021-02-17,2708,82869,1222,43832,1486,39037,0,0,1916,35326,789,23716,1917,59042,California
Solano,2021-02-18,2597,85466,708,44540,1889,40926,0,0,817,34371,1773,25489,818,59860,California
Solano,2021-02-19,2213,87679,1266,45806,947,41873,0,0,1132,34428,1077,26566,1134,60994,California
Solano,2021-02-20,2546,90225,381,46187,2165,44038,0,0,2075,36031,472,27038,2075,63069,California
Solano,2021-02-21,2139,92364,1860,48047,279,44317,0,0,1856,37607,280,27318,1856,64925,California
Solano,2021-02-22,1577,93941,911,48958,666,44983,0,0,814,37660,762,28080,815,65740,California
Solano,2021-02-23,2735,96676,1001,49959,1734,46717,0,0,1862,38652,870,28950,1862,67602,California
Solano,2021-02-24,2362,99038,1133,51092,1229,47946,0,0,1332,38956,1028,29978,1332,68934,California
Solano,2021-02-25,2290,101328,1347,52439,943,48889,0,0,1261,39194,1023,31001,1261,70195,California
Solano,2021-02-26,2719,104047,1606,54045,1113,50002,0,0,1461,39403,1252,32253,1461,71656,California
Solano,2021-02-27,3643,107690,1374,55419,2268,52270,1,1,2952,41673,683,32936,2953,74609,California
Solano,2021-02-28,1353,109043,1039,56458,314,52584,0,1,1079,42481,271,33207,1079,75688,California
Solano,2021-03-01,2417,111460,1051,57509,1365,53949,1,2,1814,43698,598,33805,1815,77503,California
Solano,2021-03-02,2006,113466,1245,58754,761,54710,0,2,1232,44156,774,34579,1232,78735,California
Solano,2021-03-03,2156,115622,1207,59961,949,55659,0,2,1344,44696,804,35383,1344,80079,California
Solano,2021-03-04,4251,119873,3317,63278,932,56591,2,4,3153,46762,1092,36475,3158,83237,California
Solano,2021-03-05,4828,124701,1609,64887,3215,59806,4,8,3911,49770,907,37382,3915,87152,California
Solano,2021-03-06,3805,128506,825,65712,2941,62747,39,47,2623,51259,1173,38555,2662,89814,California
Solano,2021-03-07,3493,131999,733,66445,2750,65497,10,57,1926,51638,1558,40113,1937,91751,California
Solano,2021-03-08,1607,133606,815,67260,521,66018,271,328,1095,52494,509,40622,1365,93116,California
Solano,2021-03-09,2958,136564,1342,68602,1564,67582,52,380,2122,53829,836,41458,2171,95287,California
Solano,2021-03-10,2209,138773,1560,70162,563,68145,86,466,1110,53927,1095,42553,1193,96480,California
Solano,2021-03-11,5656,144429,1409,71571,3993,72138,254,720,4617,57759,1038,43591,4870,101350,California
Solano,2021-03-12,5771,150200,1392,72963,4206,76344,173,893,3018,58201,2749,46340,3191,104541,California
Solano,2021-03-13,4571,154771,805,73768,3682,80026,84,977,2241,58205,2323,48663,2327,106868,California
Solano,2021-03-14,3985,158756,3108,76876,424,80450,453,1430,1651,57976,2330,50993,2101,108969,California
Solano,2021-03-15,3826,162582,2273,79149,1237,81687,316,1746,2447,59367,1372,52365,2763,111732,California
Solano,2021-03-16,2872,165454,1141,80290,1496,83183,235,1981,1441,59616,1426,53791,1675,113407,California
Solano,2021-03-17,6014,171468,1483,81773,4441,87624,90,2071,4660,63017,1349,55140,4750,118157,California
Solano,2021-03-18,5001,176469,1675,83448,3289,90913,37,2108,3694,65448,1299,56439,3730,121887,California
Solano,2021-03-19,2790,179259,1880,85328,837,91750,73,2181,1514,65765,1271,57710,1588,123475,California
Solano,2021-03-20,5471,184730,1663,86991,3754,95504,54,2235,2808,65975,2652,60362,2862,126337,California
Solano,2021-03-21,1666,186396,1565,88556,77,95581,24,2259,853,66039,811,61173,875,127212,California
Solano,2021-03-22,2455,188851,1833,90389,573,96154,49,2308,1495,66626,954,62127,1541,128753,California
Solano,2021-03-23,3316,192167,1490,91879,1784,97938,42,2350,1355,66067,1956,64083,1397,130150,California
Solano,2021-03-24,2682,194849,1637,93516,1011,98949,34,2384,1267,65959,1409,65492,1301,131451,California
Solano,2021-03-25,4544,199393,3674,97190,835,99784,35,2419,2003,65461,2537,68029,2039,133490,California
Solano,2021-03-26,3034,202427,1918,99108,1080,100864,36,2455,1623,65718,1402,69431,1659,135149,California
Solano,2021-03-27,4176,206603,1147,100255,2993,103857,36,2491,1797,65178,2373,71804,1833,136982,California
Solano,2021-03-28,1410,208013,1100,101355,292,104149,18,2509,567,64925,839,72643,586,137568,California
Solano,2021-03-29,2900,210913,1497,102852,1387,105536,16,2525,1505,65059,1387,74030,1521,139089,California
Solano,2021-03-30,2793,213706,1824,104676,879,106415,90,2615,1737,65832,1054,75084,1827,140916,California
Solano,2021-03-31,2927,216633,1934,106610,835,107250,158,2773,1687,66438,1237,76321,1843,142759,California
Solano,2021-04-01,5084,221717,1688,108298,3252,110502,144,2917,3414,68338,1658,77979,3558,146317,California
Solano,2021-04-02,5942,227659,1688,109986,4088,114590,166,3083,2442,67464,3481,81460,2607,148924,California
Solano,2021-04-03,1512,229171,954,110940,406,114996,152,3235,549,67204,961,82421,701,149625,California
Solano,2021-04-04,778,229949,287,111227,190,115186,301,3536,239,67209,535,82956,540,150165,California
Solano,2021-04-05,2835,232784,1894,113121,735,115921,206,3742,1399,67379,1434,84390,1604,151769,California
Solano,2021-04-06,5394,238178,1389,114510,3515,119436,490,4232,1533,65544,3857,88247,2022,153791,California
Solano,2021-04-07,5198,243376,3880,118390,924,120360,394,4626,3006,66758,2185,90432,3399,157190,California
Solano,2021-04-08,6070,249446,1555,119945,3659,124019,856,5482,1697,64953,4353,94785,2548,159738,California
Solano,2021-04-09,5774,255220,1461,121406,3545,127564,768,6250,1411,62786,4346,99131,2179,161917,California
Solano,2021-04-10,1699,256919,944,122350,444,128008,311,6561,788,62975,910,100041,1099,163016,California
Solano,2021-04-11,1172,258091,741,123091,304,128312,127,6688,608,63149,561,100602,735,163751,California
Solano,2021-04-12,3239,261330,1665,124756,1215,129527,359,7047,1459,63191,1775,102377,1817,165568,California
Solano,2021-04-13,2518,263848,1089,125845,1428,130955,1,7048,1315,63308,1199,103576,1316,166884,California
Solano,2021-04-14,5880,269728,1738,127583,4142,135097,0,7048,1845,61131,4022,107598,1845,168729,California
Solano,2021-04-15,5081,274809,1839,129422,3242,138339,0,7048,1631,59320,3442,111040,1631,170360,California
Solano,2021-04-16,3501,278310,2418,131840,1081,139420,2,7050,2256,60340,1240,112280,2260,172620,California
Solano,2021-04-17,2815,281125,1057,132897,1758,141178,0,7050,1078,59688,1730,114010,1078,173698,California
Solano,2021-04-18,991,282116,596,133493,395,141573,0,7050,528,59754,462,114472,528,174226,California
Solano,2021-04-19,2037,284153,1143,134636,894,142467,0,7050,1126,59977,905,115377,1128,175354,California
Solano,2021-04-20,2848,287001,1688,136324,1160,143627,0,7050,1676,60483,1170,116547,1676,177030,California
Solano,2021-04-21,3244,290245,2086,138410,1158,144785,0,7050,1735,60714,1504,118051,1735,178765,California
Solano,2021-04-22,2770,293015,1381,139791,1389,146174,0,7050,1679,61307,1086,119137,1679,180444,California
Solano,2021-04-23,3175,296190,1537,141328,1638,147812,0,7050,1895,61928,1275,120412,1896,182340,California
Solano,2021-04-24,1547,297737,922,142250,623,148435,2,7052,1117,62622,425,120837,1119,183459,California
Solano,2021-04-25,1033,298770,798,143048,235,148670,0,7052,800,63198,224,121061,800,184259,California
Solano,2021-04-26,1326,300096,936,143984,390,149060,0,7052,633,63141,690,121751,633,184892,California
Sonoma,2020-12-15,4,4,4,4,0,0,0,0,4,4,0,0,4,4,California
Sonoma,2020-12-16,27,31,27,31,0,0,0,0,27,31,0,0,27,31,California
Sonoma,2020-12-17,103,134,103,134,0,0,0,0,103,134,0,0,103,134,California
Sonoma,2020-12-18,421,555,421,555,0,0,0,0,421,555,0,0,421,555,California
Sonoma,2020-12-19,111,666,110,665,1,1,0,0,111,666,0,0,111,666,California
Sonoma,2020-12-20,174,840,174,839,0,1,0,0,174,840,0,0,174,840,California
Sonoma,2020-12-21,910,1750,908,1747,2,3,0,0,909,1749,0,0,909,1749,California
Sonoma,2020-12-22,1356,3106,1264,3011,92,95,0,0,1356,3105,0,0,1356,3105,California
Sonoma,2020-12-23,1605,4711,1229,4240,376,471,0,0,1606,4711,0,0,1606,4711,California
Sonoma,2020-12-24,305,5016,101,4341,204,675,0,0,305,5016,0,0,305,5016,California
Sonoma,2020-12-25,8,5024,2,4343,6,681,0,0,8,5024,0,0,8,5024,California
Sonoma,2020-12-26,266,5290,255,4598,11,692,0,0,266,5290,0,0,266,5290,California
Sonoma,2020-12-27,93,5383,80,4678,13,705,0,0,93,5383,0,0,93,5383,California
Sonoma,2020-12-28,987,6370,552,5230,435,1140,0,0,959,6342,0,0,959,6342,California
Sonoma,2020-12-29,1129,7499,776,6006,353,1493,0,0,1095,7437,0,0,1095,7437,California
Sonoma,2020-12-30,1093,8592,479,6485,614,2107,0,0,1085,8522,0,0,1085,8522,California
Sonoma,2020-12-31,518,9110,71,6556,447,2554,0,0,519,9041,0,0,519,9041,California
Sonoma,2021-01-01,10,9120,5,6561,5,2559,0,0,10,9051,0,0,10,9051,California
Sonoma,2021-01-02,132,9252,126,6687,6,2565,0,0,132,9183,0,0,132,9183,California
Sonoma,2021-01-03,25,9277,11,6698,14,2579,0,0,25,9208,0,0,25,9208,California
Sonoma,2021-01-04,340,9617,105,6803,235,2814,0,0,339,9547,0,0,339,9547,California
Sonoma,2021-01-05,437,10054,102,6905,335,3149,0,0,413,9945,15,15,413,9960,California
Sonoma,2021-01-06,948,11002,434,7339,514,3663,0,0,836,10676,105,120,836,10796,California
Sonoma,2021-01-07,1028,12030,535,7874,493,4156,0,0,858,11365,169,289,858,11654,California
Sonoma,2021-01-08,1784,13814,1228,9102,556,4712,0,0,1313,12209,469,758,1313,12967,California
Sonoma,2021-01-09,637,14451,400,9502,237,4949,0,0,589,12750,48,806,589,13556,California
Sonoma,2021-01-10,472,14923,461,9963,11,4960,0,0,279,12836,193,999,279,13835,California
Sonoma,2021-01-11,1381,16304,1235,11198,146,5106,0,0,413,12285,964,1963,413,14248,California
Sonoma,2021-01-12,1547,17851,1294,12492,253,5359,0,0,395,11530,1150,3113,395,14643,California
Sonoma,2021-01-13,2070,19921,1426,13918,644,6003,0,0,1208,11879,859,3972,1208,15851,California
Sonoma,2021-01-14,1530,21451,808,14726,722,6725,0,0,1300,12949,230,4202,1300,17151,California
Sonoma,2021-01-15,1564,23015,634,15360,930,7655,0,0,1344,14083,211,4413,1345,18496,California
Sonoma,2021-01-16,1144,24159,615,15975,529,8184,0,0,899,14741,241,4654,899,19395,California
Sonoma,2021-01-17,668,24827,548,16523,120,8304,0,0,587,15247,81,4735,587,19982,California
Sonoma,2021-01-18,1105,25932,932,17455,173,8477,0,0,614,15371,491,5226,615,20597,California
Sonoma,2021-01-19,2093,28025,1004,18459,1089,9566,0,0,1384,16049,707,5933,1385,21982,California
Sonoma,2021-01-20,2073,30098,624,19083,1449,11015,0,0,1412,16810,652,6585,1413,23395,California
Sonoma,2021-01-21,2232,32330,619,19702,1613,12628,0,0,2013,18607,217,6802,2014,25409,California
Sonoma,2021-01-22,2725,35055,1034,20736,1691,14319,0,0,2577,21037,147,6949,2577,27986,California
Sonoma,2021-01-23,767,35822,592,21328,175,14494,0,0,660,21591,106,7055,660,28646,California
Sonoma,2021-01-24,850,36672,714,22042,136,14630,0,0,834,22409,16,7071,834,29480,California
Sonoma,2021-01-25,2171,38843,520,22562,1651,16281,0,0,1684,23606,487,7558,1684,31164,California
Sonoma,2021-01-26,2008,40851,295,22857,1713,17994,0,0,1552,24703,455,8013,1552,32716,California
Sonoma,2021-01-27,3693,44544,1277,24134,2416,20410,0,0,3120,27255,571,8584,3123,35839,California
Sonoma,2021-01-28,4113,48657,1843,25977,2270,22680,0,0,3443,30033,667,9251,3445,39284,California
Sonoma,2021-01-29,2961,51618,1408,27385,1553,24233,0,0,2129,31333,830,10081,2130,41414,California
Sonoma,2021-01-30,2578,54196,2390,29775,188,24421,0,0,2241,33241,337,10418,2245,43659,California
Sonoma,2021-01-31,776,54972,664,30439,112,24533,0,0,578,33622,197,10615,578,44237,California
Sonoma,2021-02-01,2500,57472,881,31320,1619,26152,0,0,2096,35316,402,11017,2096,46333,California
Sonoma,2021-02-02,3445,60917,1367,32687,2078,28230,0,0,2880,37633,563,11580,2880,49213,California
Sonoma,2021-02-03,4027,64944,1322,34009,2705,30935,0,0,3099,39806,926,12506,3099,52312,California
Sonoma,2021-02-04,4193,69137,1705,35714,2488,33423,0,0,3416,42447,775,13281,3416,55728,California
Sonoma,2021-02-05,4803,73940,1733,37447,3070,36493,0,0,3790,45229,1009,14290,3791,59519,California
Sonoma,2021-02-06,2654,76594,2294,39741,360,36853,0,0,2096,46768,557,14847,2096,61615,California
Sonoma,2021-02-07,1532,78126,1398,41139,134,36987,0,0,1282,47800,250,15097,1282,62897,California
Sonoma,2021-02-08,3253,81379,1033,42172,2220,39207,0,0,2673,49894,579,15676,2673,65570,California
Sonoma,2021-02-09,3552,84931,1696,43868,1856,41063,0,0,3073,52491,477,16153,3074,68644,California
Sonoma,2021-02-10,4405,89336,2360,46228,2045,43108,0,0,3372,54837,1027,17180,3373,72017,California
Sonoma,2021-02-11,5336,94672,2789,49017,2547,45655,0,0,4161,57825,1173,18353,4161,76178,California
Sonoma,2021-02-12,5625,100297,2972,51989,2653,48308,0,0,4211,60629,1410,19763,4214,80392,California
Sonoma,2021-02-13,1983,102280,1152,53141,831,49139,0,0,1205,61059,775,20538,1205,81597,California
Sonoma,2021-02-14,2316,104596,1821,54962,495,49634,0,0,1570,61884,745,21283,1570,83167,California
Sonoma,2021-02-15,2134,106730,788,55750,1346,50980,0,0,1605,62961,528,21811,1605,84772,California
Sonoma,2021-02-16,4610,111340,2048,57798,2562,53542,0,0,3362,65079,1244,23055,3362,88134,California
Sonoma,2021-02-17,5320,116660,2887,60685,2433,55975,0,0,3327,66422,1985,25040,3328,91462,California
Sonoma,2021-02-18,6780,123440,3001,63686,3779,59754,0,0,3875,67400,2897,27937,3875,95337,California
Sonoma,2021-02-19,5364,128804,1658,65344,3706,63460,0,0,3272,68586,2087,30024,3273,98610,California
Sonoma,2021-02-20,3104,131908,2823,68167,281,63741,0,0,1223,67934,1875,31899,1223,99833,California
Sonoma,2021-02-21,517,132425,413,68580,104,63845,0,0,128,67676,386,32285,128,99961,California
Sonoma,2021-02-22,2714,135139,1353,69933,1361,65206,0,0,1042,67051,1667,33952,1042,101003,California
Sonoma,2021-02-23,3094,138233,2067,72000,1027,66233,0,0,1351,66663,1739,35691,1351,102354,California
Sonoma,2021-02-24,5448,143681,2536,74536,2912,69145,0,0,2730,66682,2713,38404,2732,105086,California
Sonoma,2021-02-25,5648,149329,2227,76763,3421,72566,0,0,2974,67003,2653,41057,2974,108060,California
Sonoma,2021-02-26,6018,155347,2744,79507,3274,75840,0,0,3744,68478,2269,43326,3744,111804,California
Sonoma,2021-02-27,4000,159347,1903,81410,2097,77937,0,0,2664,69808,1334,44660,2664,114468,California
Sonoma,2021-02-28,2331,161678,1847,83257,484,78421,0,0,612,68708,1712,46372,612,115080,California
Sonoma,2021-03-01,3664,165342,1128,84385,2536,80957,0,0,1810,68674,1845,48217,1811,116891,California
Sonoma,2021-03-02,4211,169553,1462,85847,2749,83706,0,0,2479,69429,1724,49941,2479,119370,California
Sonoma,2021-03-03,4834,174387,2509,88356,2325,86031,0,0,2246,69094,2581,52522,2246,121616,California
Sonoma,2021-03-04,5683,180070,2438,90794,3245,89276,0,0,2563,68551,3106,55628,2563,124179,California
Sonoma,2021-03-05,6159,186229,2551,93345,3593,92869,15,15,2703,67827,3443,59071,2719,126898,California
Sonoma,2021-03-06,2759,188988,1207,94552,1418,94287,134,149,1896,68999,857,59928,2029,128927,California
Sonoma,2021-03-07,1681,190669,1393,95945,253,94540,35,184,356,68067,1323,61251,391,129318,California
Sonoma,2021-03-08,3880,194549,652,96597,3054,97594,174,358,2215,68799,1655,62906,2387,131705,California
Sonoma,2021-03-09,5434,199983,3001,99598,2192,99786,241,599,2681,68975,2746,65652,2922,134627,California
Sonoma,2021-03-10,5930,205913,3165,102763,2440,102226,325,924,2394,68170,3523,69175,2718,137345,California
Sonoma,2021-03-11,7492,213405,2975,105738,3696,105922,821,1745,2651,66808,4833,74008,3471,140816,California
Sonoma,2021-03-12,7388,220793,2261,107999,3765,109687,1362,3107,2103,65003,5266,79274,3461,144277,California
Sonoma,2021-03-13,3239,224032,1541,109540,1463,111150,235,3342,1845,65687,1393,80667,2077,146354,California
Sonoma,2021-03-14,1374,225406,381,109921,852,112002,141,3483,847,66150,524,81191,987,147341,California
Sonoma,2021-03-15,5214,230620,1498,111419,3331,115333,385,3868,2192,65711,3014,84205,2575,149916,California
Sonoma,2021-03-16,6261,236881,2231,113650,3798,119131,232,4100,3166,66018,3090,87295,3397,153313,California
Sonoma,2021-03-17,6732,243613,3519,117169,3033,122164,180,4280,3535,66545,3188,90483,3715,157028,California
Sonoma,2021-03-18,7097,250710,2930,120099,3557,125721,610,4890,3175,66411,3916,94399,3782,160810,California
Sonoma,2021-03-19,7472,258182,3227,123326,4014,129735,231,5121,3317,65827,4136,98535,3552,164362,California
Sonoma,2021-03-20,3629,261811,1744,125070,1054,130789,831,5952,1971,66975,1651,100186,2799,167161,California
Sonoma,2021-03-21,1376,263187,600,125670,743,131532,33,5985,1211,68056,163,100349,1244,168405,California
Sonoma,2021-03-22,4484,267671,3084,128754,1300,132832,100,6085,3541,70758,940,101289,3642,172047,California
Sonoma,2021-03-23,5788,273459,3599,132353,2113,134945,76,6161,4665,74384,1115,102404,4741,176788,California
Sonoma,2021-03-24,6584,280043,4263,136616,2256,137201,65,6226,4152,76185,2415,104819,4216,181004,California
Sonoma,2021-03-25,6965,287008,4189,140805,2671,139872,105,6331,4338,78024,2605,107424,4444,185448,California
Sonoma,2021-03-26,7260,294268,3445,144250,3727,143599,88,6419,4010,78886,3236,110660,4098,189546,California
Sonoma,2021-03-27,3785,298053,1498,145748,1926,145525,361,6780,1127,77723,2651,113311,1488,191034,California
Sonoma,2021-03-28,1502,299555,946,146694,529,146054,27,6807,944,78138,556,113867,971,192005,California
Sonoma,2021-03-29,2819,302374,1081,147775,1705,147759,33,6840,1620,78596,1195,115062,1653,193658,California
Sonoma,2021-03-30,5638,308012,3119,150894,2457,150216,62,6902,3047,79119,2586,117648,3109,196767,California
Sonoma,2021-03-31,5496,313508,3341,154235,1942,152158,213,7115,3284,80414,2203,119851,3498,200265,California
Sonoma,2021-04-01,6676,320184,3973,158208,2370,154528,333,7448,3584,81247,3079,122930,3912,204177,California
Sonoma,2021-04-02,5903,326087,3537,161745,2257,156785,109,7557,3557,82574,2340,125270,3667,207844,California
Sonoma,2021-04-03,3363,329450,1645,163390,1499,158284,219,7776,1476,82394,1875,127145,1695,209539,California
Sonoma,2021-04-04,1059,330509,689,164079,280,158564,90,7866,669,82767,386,127531,759,210298,California
Sonoma,2021-04-05,4349,334858,581,164660,3431,161995,337,8203,1790,82341,2553,130084,2127,212425,California
Sonoma,2021-04-06,6818,341676,3454,168114,2965,164960,399,8602,3958,83849,2847,132931,4355,216780,California
Sonoma,2021-04-07,6737,348413,3804,171918,2102,167062,831,9433,3270,84487,3459,136390,4097,220877,California
Sonoma,2021-04-08,7466,355879,4085,176003,2615,169677,766,10199,4073,85942,3382,139772,4837,225714,California
Sonoma,2021-04-09,6743,362622,3748,179751,2111,171788,884,11083,3458,87006,3273,143045,4337,230051,California
Sonoma,2021-04-10,3812,366434,1679,181430,1580,173368,553,11636,1109,85969,2694,145739,1657,231708,California
Sonoma,2021-04-11,1274,367708,602,182032,591,173959,81,11717,434,85646,838,146577,515,232223,California
Sonoma,2021-04-12,4931,372639,2051,184083,2400,176359,480,12197,1851,84898,3073,149650,2325,234548,California
Sonoma,2021-04-13,7777,380416,4609,188692,3166,179525,2,12199,2958,83047,4811,154461,2960,237508,California
Sonoma,2021-04-14,6347,386763,3590,192282,2738,182263,19,12218,2504,81742,3828,158289,2523,240031,California
Sonoma,2021-04-15,7047,393810,4016,196298,3031,185294,0,12218,3483,81673,3552,161841,3483,243514,California
Sonoma,2021-04-16,6774,400584,3407,199705,3366,188660,1,12219,3844,82594,2924,164765,3845,247359,California
Sonoma,2021-04-17,3064,403648,1493,201198,1571,190231,0,12219,1489,82515,1569,166334,1490,248849,California
Sonoma,2021-04-18,1199,404847,808,202006,391,190622,0,12219,368,82055,828,167162,368,249217,California
Sonoma,2021-04-19,3272,408119,1872,203878,1400,192022,0,12219,1444,81674,1825,168987,1444,250661,California
Sonoma,2021-04-20,6235,414354,3435,207313,2800,194822,0,12219,2363,80178,3860,172847,2364,253025,California
Sonoma,2021-04-21,6279,420633,4164,211477,2113,196935,2,12221,2886,79684,3381,176228,2887,255912,California
Sonoma,2021-04-22,5928,426561,4295,215772,1633,198568,0,12221,2431,78630,3485,179713,2431,258343,California
Sonoma,2021-04-23,6563,433124,4359,220131,2198,200766,6,12227,3116,78312,3441,183154,3123,261466,California
Sonoma,2021-04-24,1788,434912,928,221059,847,201613,13,12240,1031,78602,754,183908,1044,262510,California
Sonoma,2021-04-25,782,435694,537,221596,245,201858,0,12240,357,78536,423,184331,357,262867,California
Sonoma,2021-04-26,1598,437292,663,222259,932,202790,3,12243,804,78551,792,185123,807,263674,California
Stanislaus,2020-12-15,3,3,3,3,0,0,0,0,3,3,0,0,3,3,California
Stanislaus,2020-12-16,38,41,38,41,0,0,0,0,38,41,0,0,38,41,California
Stanislaus,2020-12-17,74,115,74,115,0,0,0,0,74,115,0,0,74,115,California
Stanislaus,2020-12-18,335,450,329,444,6,6,0,0,335,450,0,0,335,450,California
Stanislaus,2020-12-19,133,583,133,577,0,6,0,0,133,583,0,0,133,583,California
Stanislaus,2020-12-20,86,669,86,663,0,6,0,0,86,669,0,0,86,669,California
Stanislaus,2020-12-21,996,1665,994,1657,2,8,0,0,995,1664,0,0,995,1664,California
Stanislaus,2020-12-22,796,2461,784,2441,12,20,0,0,796,2460,0,0,796,2460,California
Stanislaus,2020-12-23,446,2907,429,2870,17,37,0,0,445,2905,0,0,445,2905,California
Stanislaus,2020-12-24,97,3004,88,2958,9,46,0,0,97,3002,0,0,97,3002,California
Stanislaus,2020-12-26,50,3054,8,2966,42,88,0,0,50,3052,0,0,50,3052,California
Stanislaus,2020-12-27,11,3065,6,2972,5,93,0,0,11,3063,0,0,11,3063,California
Stanislaus,2020-12-28,490,3555,395,3367,95,188,0,0,490,3553,0,0,490,3553,California
Stanislaus,2020-12-29,493,4048,416,3783,77,265,0,0,493,4046,0,0,493,4046,California
Stanislaus,2020-12-30,535,4583,279,4062,256,521,0,0,534,4579,1,1,534,4580,California
Stanislaus,2020-12-31,276,4859,156,4218,120,641,0,0,276,4855,0,1,276,4856,California
Stanislaus,2021-01-01,11,4870,4,4222,7,648,0,0,11,4866,0,1,11,4867,California
Stanislaus,2021-01-02,31,4901,24,4246,7,655,0,0,31,4897,0,1,31,4898,California
Stanislaus,2021-01-03,90,4991,87,4333,3,658,0,0,90,4987,0,1,90,4988,California
Stanislaus,2021-01-04,111,5102,33,4366,78,736,0,0,111,5098,0,1,111,5099,California
Stanislaus,2021-01-05,832,5934,340,4706,492,1228,0,0,809,5891,22,23,815,5914,California
Stanislaus,2021-01-06,949,6883,547,5253,402,1630,0,0,880,6706,66,89,881,6795,California
Stanislaus,2021-01-07,1074,7957,701,5954,373,2003,0,0,958,7551,114,203,959,7754,California
Stanislaus,2021-01-08,1279,9236,722,6676,557,2560,0,0,938,8155,338,541,942,8696,California
Stanislaus,2021-01-09,285,9521,141,6817,144,2704,0,0,195,8260,90,631,195,8891,California
Stanislaus,2021-01-10,48,9569,21,6838,27,2731,0,0,29,8270,19,650,29,8920,California
Stanislaus,2021-01-11,1519,11088,1243,8081,276,3007,0,0,595,7963,918,1568,611,9531,California
Stanislaus,2021-01-12,1459,12547,862,8943,597,3604,0,0,823,8161,632,2200,830,10361,California
Stanislaus,2021-01-13,1415,13962,664,9607,751,4355,0,0,1101,8955,314,2514,1108,11469,California
Stanislaus,2021-01-14,2215,16177,281,9888,1934,6289,0,0,2061,10920,152,2666,2117,13586,California
Stanislaus,2021-01-15,2797,18974,1137,11025,1660,7949,0,0,2662,13517,131,2797,2728,16314,California
Stanislaus,2021-01-16,467,19441,50,11075,417,8366,0,0,452,13957,14,2811,454,16768,California
Stanislaus,2021-01-17,243,19684,201,11276,42,8408,0,0,237,14189,5,2816,237,17005,California
Stanislaus,2021-01-18,2175,21859,1017,12293,1158,9566,0,0,1804,15687,366,3182,1864,18869,California
Stanislaus,2021-01-19,1245,23104,719,13012,526,10092,0,0,802,16049,441,3623,803,19672,California
Stanislaus,2021-01-20,995,24099,480,13492,515,10607,0,0,705,16465,289,3912,705,20377,California
Stanislaus,2021-01-21,3624,27723,2935,16427,689,11296,0,0,3319,19568,303,4215,3406,23783,California
Stanislaus,2021-01-22,1059,28782,308,16735,751,12047,0,0,1016,20549,39,4254,1020,24803,California
Stanislaus,2021-01-23,339,29121,38,16773,301,12348,0,0,283,20781,55,4309,287,25090,California
Stanislaus,2021-01-24,292,29413,100,16873,192,12540,0,0,226,20943,66,4375,228,25318,California
Stanislaus,2021-01-25,3126,32539,218,17091,2908,15448,0,0,2821,23590,305,4680,2952,28270,California
Stanislaus,2021-01-26,1710,34249,738,17829,972,16420,0,0,1291,24481,415,5095,1306,29576,California
Stanislaus,2021-01-27,1816,36065,976,18805,840,17260,0,0,1161,24996,647,5742,1162,30738,California
Stanislaus,2021-01-28,2189,38254,1496,20301,693,17953,0,0,1714,26291,467,6209,1762,32500,California
Stanislaus,2021-01-29,2421,40675,1184,21485,1237,19190,0,0,1904,27765,473,6682,1947,34447,California
Stanislaus,2021-01-30,284,40959,123,21608,161,19351,0,0,221,27934,52,6734,221,34668,California
Stanislaus,2021-01-31,364,41323,311,21919,53,19404,0,0,350,28273,11,6745,350,35018,California
Stanislaus,2021-02-01,1245,42568,545,22464,700,20104,0,0,911,28859,325,7070,911,35929,California
Stanislaus,2021-02-02,1230,43798,374,22838,856,20960,0,0,777,29196,444,7514,781,36710,California
Stanislaus,2021-02-03,2454,46252,1075,23913,1379,22339,0,0,1790,30331,660,8174,1795,38505,California
Stanislaus,2021-02-04,2075,48327,717,24630,1358,23697,0,0,1566,31400,501,8675,1570,40075,California
Stanislaus,2021-02-05,2824,51151,1453,26083,1371,25068,0,0,1590,31812,1182,9857,1594,41669,California
Stanislaus,2021-02-06,876,52027,294,26377,582,25650,0,0,686,32311,188,10045,687,42356,California
Stanislaus,2021-02-07,212,52239,188,26565,24,25674,0,0,42,32185,169,10214,43,42399,California
Stanislaus,2021-02-08,2000,54239,1306,27871,694,26368,0,0,1095,32410,873,11087,1098,43497,California
Stanislaus,2021-02-09,1821,56060,773,28644,1048,27416,0,0,1043,32694,762,11849,1046,44543,California
Stanislaus,2021-02-10,1926,57986,529,29173,1397,28813,0,0,1013,32814,895,12744,1015,45558,California
Stanislaus,2021-02-11,5344,63330,3247,32420,2097,30910,0,0,1227,30095,3950,16694,1231,46789,California
Stanislaus,2021-02-12,3277,66607,909,33329,2368,33278,0,0,1456,29786,1766,18460,1457,48246,California
Stanislaus,2021-02-13,1341,67948,648,33977,693,33971,0,0,977,30406,361,18821,981,49227,California
Stanislaus,2021-02-14,420,68368,169,34146,251,34222,0,0,353,30694,65,18886,353,49580,California
Stanislaus,2021-02-15,1788,70156,217,34363,1571,35793,0,0,580,30168,1111,19997,585,50165,California
Stanislaus,2021-02-16,1349,71505,415,34778,934,36727,0,0,575,29977,768,20765,577,50742,California
Stanislaus,2021-02-17,2719,74224,1658,36436,1061,37788,0,0,1938,31144,778,21543,1945,52687,California
Stanislaus,2021-02-18,3326,77550,1877,38313,1449,39237,0,0,1793,31486,1460,23003,1802,54489,California
Stanislaus,2021-02-19,2694,80244,1039,39352,1655,40892,0,0,1518,31869,1144,24147,1527,56016,California
Stanislaus,2021-02-20,741,80985,373,39725,368,41260,0,0,484,32109,246,24393,486,56502,California
Stanislaus,2021-02-21,871,81856,657,40382,214,41474,0,0,524,32312,332,24725,535,57037,California
Stanislaus,2021-02-22,2323,84179,1677,42059,646,42120,0,0,1630,33275,669,25394,1632,58669,California
Stanislaus,2021-02-23,3681,87860,680,42739,3001,45121,0,0,1737,33209,1809,27203,1743,60412,California
Stanislaus,2021-02-24,4133,91993,2823,45562,1310,46431,0,0,3126,35347,992,28195,3130,63542,California
Stanislaus,2021-02-25,3847,95840,2622,48184,1225,47656,0,0,3055,37630,775,28970,3058,66600,California
Stanislaus,2021-02-26,4135,99975,1190,49374,2945,50601,0,0,2802,39148,1293,30263,2811,69411,California
Stanislaus,2021-02-27,2059,102034,694,50068,1364,51965,1,1,1835,40783,201,30464,1836,71247,California
Stanislaus,2021-02-28,798,102832,256,50324,542,52507,0,1,753,41499,38,30502,754,72001,California
Stanislaus,2021-03-01,2707,105539,1583,51907,1124,53631,0,1,1594,41997,1100,31602,1598,73599,California
Stanislaus,2021-03-02,2355,107894,1400,53307,954,54585,1,2,1642,42933,707,32309,1643,75242,California
Stanislaus,2021-03-03,3683,111577,2212,55519,1469,56054,2,4,2885,45034,784,33093,2885,78127,California
Stanislaus,2021-03-04,5373,116950,3059,58578,2299,58353,15,19,4184,48061,1168,34261,4195,82322,California
Stanislaus,2021-03-05,3999,120949,1106,59684,2877,61230,16,35,3043,50178,941,35202,3058,85380,California
Stanislaus,2021-03-06,3547,124496,2202,61886,1251,62481,94,129,2698,52127,845,36047,2794,88174,California
Stanislaus,2021-03-07,840,125336,379,62265,424,62905,37,166,651,52632,182,36229,687,88861,California
Stanislaus,2021-03-08,1965,127301,842,63107,1035,63940,88,254,1310,53384,645,36874,1397,90258,California
Stanislaus,2021-03-09,2143,129444,879,63986,1172,65112,92,346,1616,54576,520,37394,1712,91970,California
Stanislaus,2021-03-10,5017,134461,2468,66454,2329,67441,220,566,3711,57227,1291,38685,3942,95912,California
Stanislaus,2021-03-11,5696,140157,3129,69583,2090,69531,477,1043,4128,60419,1415,40100,4607,100519,California
Stanislaus,2021-03-12,5730,145887,1217,70800,2600,72131,1913,2956,2913,62440,2803,42903,4824,105343,California
Stanislaus,2021-03-13,3339,149226,2148,72948,1123,73254,68,3024,2670,64519,664,43567,2743,108086,California
Stanislaus,2021-03-14,971,150197,576,73524,344,73598,51,3075,481,64566,488,44055,535,108621,California
Stanislaus,2021-03-15,3660,153857,1957,75481,1349,74947,354,3429,1599,64557,1969,46024,1960,110581,California
Stanislaus,2021-03-16,4872,158729,2431,77912,2032,76979,412,3841,3515,67141,1355,47379,3939,114520,California
Stanislaus,2021-03-17,4685,163414,2838,80750,1672,78651,175,4016,2869,68391,1801,49180,3051,117571,California
Stanislaus,2021-03-18,5389,168803,3401,84151,1922,80573,66,4082,2963,69145,2281,51461,3035,120606,California
Stanislaus,2021-03-19,5890,174693,1517,85668,2851,83424,1522,5604,3093,70988,2772,54233,4615,125221,California
Stanislaus,2021-03-20,3811,178504,2974,88642,768,84192,69,5673,3343,73938,462,54695,3412,128633,California
Stanislaus,2021-03-21,977,179481,877,89519,35,84227,65,5738,748,74523,228,54923,813,129446,California
Stanislaus,2021-03-22,2785,182266,1302,90821,757,84984,726,6464,1233,74941,1539,56462,1957,131403,California
Stanislaus,2021-03-23,3908,186174,2004,92825,1646,86630,258,6722,2796,76913,1096,57558,3068,134471,California
Stanislaus,2021-03-24,4489,190663,3185,96010,1236,87866,68,6790,2617,77768,1833,59391,2688,137159,California
Stanislaus,2021-03-25,4198,194861,2893,98903,1289,89155,16,6806,1804,77267,2322,61713,1821,138980,California
Stanislaus,2021-03-26,4664,199525,1324,100227,3265,92420,75,6881,2344,77411,2288,64001,2432,141412,California
Stanislaus,2021-03-27,4261,203786,2669,102896,1566,93986,26,6907,1370,75945,2875,66876,1409,142821,California
Stanislaus,2021-03-28,1093,204879,435,103331,554,94540,104,7011,348,75672,737,67613,464,143285,California
Stanislaus,2021-03-29,2923,207802,1794,105125,1090,95630,39,7050,1959,76719,958,68571,2005,145290,California
Stanislaus,2021-03-30,3580,211382,2021,107146,1531,97161,28,7078,2176,77533,1399,69970,2213,147503,California
Stanislaus,2021-03-31,5341,216723,3788,110934,1437,98598,116,7194,2731,77800,2596,72566,2863,150366,California
Stanislaus,2021-04-01,5604,222327,3747,114681,1768,100366,89,7283,2531,77384,3061,75627,2645,153011,California
Stanislaus,2021-04-02,4891,227218,1192,115873,3552,103918,147,7430,2168,77076,2641,78268,2333,155344,California
Stanislaus,2021-04-03,4438,231656,3209,119082,1192,105110,37,7467,2159,77024,2271,80539,2219,157563,California
Stanislaus,2021-04-04,1294,232950,462,119544,803,105913,29,7496,639,77053,650,81189,679,158242,California
Stanislaus,2021-04-05,3546,236496,2464,122008,832,106745,250,7746,2291,78352,1248,82437,2547,160789,California
Stanislaus,2021-04-06,5588,242084,4077,126085,1234,107979,277,8023,2943,78947,2632,85069,3227,164016,California
Stanislaus,2021-04-07,6262,248346,3547,129632,2300,110279,415,8438,2777,78672,3472,88541,3197,167213,California
Stanislaus,2021-04-08,5564,253910,3233,132865,1902,112181,429,8867,2677,78913,2871,91412,3112,170325,California
Stanislaus,2021-04-09,4741,258651,2047,134912,2327,114508,367,9234,2132,78835,2592,94004,2514,172839,California
Stanislaus,2021-04-10,6389,265040,3898,138810,857,115365,1634,10868,1943,77979,4428,98432,3572,176411,California
Stanislaus,2021-04-11,1498,266538,836,139646,528,115893,134,11002,651,77918,846,99278,785,177196,California
Stanislaus,2021-04-12,3473,270011,1998,141644,1100,116993,375,11377,1840,78515,1625,100903,2222,179418,California
Stanislaus,2021-04-13,5104,275115,3344,144988,1747,118740,13,11390,2869,79185,2204,103107,2874,182292,California
Stanislaus,2021-04-14,4572,279687,3192,148180,1380,120120,0,11390,2214,79078,2327,105434,2220,184512,California
Stanislaus,2021-04-15,5328,285015,3293,151473,2033,122153,2,11392,3208,80206,2084,107518,3212,187724,California
Stanislaus,2021-04-16,4187,289202,961,152434,3226,125379,0,11392,1778,79615,2371,109889,1780,189504,California
Stanislaus,2021-04-17,3092,292294,2053,154487,1039,126418,0,11392,1798,80134,1284,111173,1803,191307,California
Stanislaus,2021-04-18,519,292813,209,154696,310,126728,0,11392,397,80416,117,111290,399,191706,California
Stanislaus,2021-04-19,3421,296234,2432,157128,989,127717,0,11392,1646,80327,1743,113033,1654,193360,California
Stanislaus,2021-04-20,3925,300159,2383,159511,1542,129259,0,11392,1746,79921,2154,115187,1748,195108,California
Stanislaus,2021-04-21,3760,303919,2511,162022,1248,130507,1,11393,1623,79448,2103,117290,1630,196738,California
Stanislaus,2021-04-22,3852,307771,2369,164391,1483,131990,0,11393,1565,78796,2247,119537,1595,198333,California
Stanislaus,2021-04-23,3440,311211,809,165200,2631,134621,0,11393,1425,78314,1925,121462,1443,199776,California
Stanislaus,2021-04-24,3568,314779,2836,168036,732,135353,0,11393,1695,78179,1859,123321,1724,201500,California
Stanislaus,2021-04-25,881,315660,455,168491,426,135779,0,11393,649,78606,230,123551,657,202157,California
Stanislaus,2021-04-26,2416,318076,1728,170219,684,136463,4,11397,614,77460,1794,125345,648,202805,California
Sutter,2020-12-15,1,1,1,1,0,0,0,0,1,1,0,0,1,1,California
Sutter,2020-12-16,4,5,4,5,0,0,0,0,4,5,0,0,4,5,California
Sutter,2020-12-17,2,7,2,7,0,0,0,0,2,7,0,0,2,7,California
Sutter,2020-12-18,20,27,20,27,0,0,0,0,20,27,0,0,20,27,California
Sutter,2020-12-19,44,71,44,71,0,0,0,0,44,71,0,0,44,71,California
Sutter,2020-12-20,42,113,42,113,0,0,0,0,42,113,0,0,42,113,California
Sutter,2020-12-21,100,213,100,213,0,0,0,0,100,213,0,0,100,213,California
Sutter,2020-12-22,172,385,172,385,0,0,0,0,172,385,0,0,172,385,California
Sutter,2020-12-23,116,501,111,496,5,5,0,0,116,501,0,0,116,501,California
Sutter,2020-12-24,17,518,11,507,6,11,0,0,17,518,0,0,17,518,California
Sutter,2020-12-26,39,557,35,542,4,15,0,0,39,557,0,0,39,557,California
Sutter,2020-12-27,24,581,23,565,1,16,0,0,24,581,0,0,24,581,California
Sutter,2020-12-28,83,664,55,620,28,44,0,0,83,664,0,0,83,664,California
Sutter,2020-12-29,101,765,14,634,87,131,0,0,101,765,0,0,101,765,California
Sutter,2020-12-30,136,901,34,668,102,233,0,0,136,901,0,0,136,901,California
Sutter,2020-12-31,70,971,6,674,64,297,0,0,70,971,0,0,70,971,California
Sutter,2021-01-01,3,974,3,677,0,297,0,0,3,974,0,0,3,974,California
Sutter,2021-01-02,133,1107,131,808,2,299,0,0,133,1107,0,0,133,1107,California
Sutter,2021-01-03,1,1108,0,808,1,300,0,0,1,1108,0,0,1,1108,California
Sutter,2021-01-04,248,1356,139,947,109,409,0,0,248,1356,0,0,248,1356,California
Sutter,2021-01-05,99,1455,56,1003,43,452,0,0,97,1451,2,2,97,1453,California
Sutter,2021-01-06,205,1660,51,1054,154,606,0,0,200,1646,5,7,200,1653,California
Sutter,2021-01-07,252,1912,151,1205,101,707,0,0,243,1881,8,15,243,1896,California
Sutter,2021-01-08,147,2059,40,1245,107,814,0,0,130,1994,17,32,130,2026,California
Sutter,2021-01-09,45,2104,43,1288,2,816,0,0,4,1957,41,73,4,2030,California
Sutter,2021-01-10,394,2498,37,1325,357,1173,0,0,356,2276,37,110,356,2386,California
Sutter,2021-01-11,132,2630,114,1439,18,1191,0,0,26,2196,106,216,26,2412,California
Sutter,2021-01-12,201,2831,164,1603,37,1228,0,0,58,2111,143,359,58,2470,California
Sutter,2021-01-13,161,2992,98,1701,63,1291,0,0,71,2093,89,448,71,2541,California
Sutter,2021-01-14,144,3136,49,1750,95,1386,0,0,125,2199,19,467,125,2666,California
Sutter,2021-01-15,435,3571,132,1882,303,1689,0,0,420,2604,15,482,420,3086,California
Sutter,2021-01-16,386,3957,42,1924,344,2033,0,0,354,2927,31,513,354,3440,California
Sutter,2021-01-17,26,3983,24,1948,2,2035,0,0,10,2921,16,529,10,3450,California
Sutter,2021-01-18,116,4099,61,2009,55,2090,0,0,69,2943,47,576,69,3519,California
Sutter,2021-01-19,104,4203,43,2052,61,2151,0,0,79,2997,25,601,79,3598,California
Sutter,2021-01-20,255,4458,190,2242,65,2216,0,0,235,3212,20,621,235,3833,California
Sutter,2021-01-21,435,4893,267,2509,168,2384,0,0,416,3609,19,640,416,4249,California
Sutter,2021-01-22,268,5161,81,2590,187,2571,0,0,259,3859,9,649,259,4508,California
Sutter,2021-01-23,398,5559,40,2630,358,2929,0,0,371,4203,27,676,371,4879,California
Sutter,2021-01-24,17,5576,14,2644,3,2932,0,0,15,4216,2,678,15,4894,California
Sutter,2021-01-25,304,5880,196,2840,108,3040,0,0,151,4215,152,830,151,5045,California
Sutter,2021-01-26,243,6123,103,2943,140,3180,0,0,144,4261,98,928,144,5189,California
Sutter,2021-01-27,384,6507,254,3197,130,3310,0,0,319,4515,65,993,319,5508,California
Sutter,2021-01-28,525,7032,302,3499,223,3533,0,0,395,4781,129,1122,395,5903,California
Sutter,2021-01-29,419,7451,146,3645,273,3806,0,0,254,4870,165,1287,254,6157,California
Sutter,2021-01-30,775,8226,39,3684,736,4542,0,0,764,5623,11,1298,764,6921,California
Sutter,2021-01-31,27,8253,27,3711,0,4542,0,0,27,5650,0,1298,27,6948,California
Sutter,2021-02-01,164,8417,49,3760,115,4657,0,0,133,5752,31,1329,133,7081,California
Sutter,2021-02-02,241,8658,26,3786,215,4872,0,0,211,5933,30,1359,211,7292,California
Sutter,2021-02-03,444,9102,38,3824,406,5278,0,0,209,5907,235,1594,209,7501,California
Sutter,2021-02-04,669,9771,366,4190,303,5581,0,0,620,6478,49,1643,620,8121,California
Sutter,2021-02-05,286,10057,32,4222,254,5835,0,0,137,6466,149,1792,137,8258,California
Sutter,2021-02-06,734,10791,28,4250,706,6541,0,0,713,7158,21,1813,713,8971,California
Sutter,2021-02-07,23,10814,20,4270,3,6544,0,0,19,7173,4,1817,19,8990,California
Sutter,2021-02-08,134,10948,29,4299,105,6649,0,0,98,7235,36,1853,98,9088,California
Sutter,2021-02-09,245,11193,45,4344,200,6849,0,0,184,7358,61,1914,184,9272,California
Sutter,2021-02-10,814,12007,379,4723,435,7284,0,0,177,6899,636,2550,177,9449,California
Sutter,2021-02-11,602,12609,273,4996,329,7613,0,0,373,7043,229,2779,373,9822,California
Sutter,2021-02-12,628,13237,67,5063,561,8174,0,0,311,7037,317,3096,311,10133,California
Sutter,2021-02-13,898,14135,49,5112,849,9023,0,0,781,7701,117,3213,781,10914,California
Sutter,2021-02-14,90,14225,25,5137,65,9088,0,0,80,7771,10,3223,80,10994,California
Sutter,2021-02-15,197,14422,72,5209,125,9213,0,0,120,7814,77,3300,120,11114,California
Sutter,2021-02-16,288,14710,45,5254,243,9456,0,0,205,7937,82,3382,205,11319,California
Sutter,2021-02-17,826,15536,430,5684,396,9852,0,0,129,7369,697,4079,129,11448,California
Sutter,2021-02-18,700,16236,55,5739,645,10497,0,0,490,7650,209,4288,490,11938,California
Sutter,2021-02-19,663,16899,377,6116,286,10783,0,0,462,7913,199,4487,462,12400,California
Sutter,2021-02-20,617,17516,52,6168,565,11348,0,0,513,8323,103,4590,513,12913,California
Sutter,2021-02-21,29,17545,26,6194,3,11351,0,0,6,8306,23,4613,6,12919,California
Sutter,2021-02-22,206,17751,122,6316,84,11435,0,0,87,8274,119,4732,87,13006,California
Sutter,2021-02-23,222,17973,32,6348,190,11625,0,0,98,8248,124,4856,98,13104,California
Sutter,2021-02-24,956,18929,348,6696,608,12233,0,0,189,7671,766,5622,189,13293,California
Sutter,2021-02-25,774,19703,490,7186,284,12517,0,0,595,8090,176,5798,595,13888,California
Sutter,2021-02-26,368,20071,59,7245,309,12826,0,0,152,8028,214,6012,152,14040,California
Sutter,2021-02-27,864,20935,43,7288,821,13647,0,0,710,8582,156,6168,710,14750,California
Sutter,2021-02-28,83,21018,38,7326,45,13692,0,0,65,8629,18,6186,65,14815,California
Sutter,2021-03-01,246,21264,61,7387,185,13877,0,0,150,8683,96,6282,150,14965,California
Sutter,2021-03-02,333,21597,56,7443,277,14154,0,0,159,8669,173,6455,159,15124,California
Sutter,2021-03-03,1375,22972,504,7947,871,15025,0,0,638,8576,731,7186,638,15762,California
Sutter,2021-03-04,1254,24226,866,8813,388,15413,0,0,952,9230,298,7484,952,16714,California
Sutter,2021-03-05,337,24563,76,8889,260,15673,1,1,203,9301,133,7617,204,16918,California
Sutter,2021-03-06,1025,25588,46,8935,974,16647,5,6,863,10007,162,7779,868,17786,California
Sutter,2021-03-07,63,25651,23,8958,39,16686,1,7,43,10031,20,7799,44,17830,California
Sutter,2021-03-08,225,25876,77,9035,135,16821,13,20,157,10132,68,7867,169,17999,California
Sutter,2021-03-09,385,26261,135,9170,237,17058,13,33,182,10125,202,8069,195,18194,California
Sutter,2021-03-10,1566,27827,679,9849,826,17884,61,94,523,9669,1040,9109,584,18778,California
Sutter,2021-03-11,892,28719,439,10288,434,18318,19,113,647,10093,242,9351,666,19444,California
Sutter,2021-03-12,670,29389,108,10396,380,18698,182,295,197,10000,470,9821,377,19821,California
Sutter,2021-03-13,982,30371,749,11145,216,18914,17,312,782,10601,198,10019,799,20620,California
Sutter,2021-03-14,126,30497,20,11165,95,19009,11,323,41,10568,85,10104,52,20672,California
Sutter,2021-03-15,318,30815,66,11231,203,19212,49,372,151,10602,166,10270,200,20872,California
Sutter,2021-03-16,385,31200,85,11316,254,19466,46,418,208,10679,177,10447,254,21126,California
Sutter,2021-03-17,1496,32696,564,11880,913,20379,19,437,311,9832,1177,11624,330,21456,California
Sutter,2021-03-18,958,33654,164,12044,595,20974,199,636,570,10213,387,12011,768,22224,California
Sutter,2021-03-19,461,34115,163,12207,269,21243,29,665,282,10347,177,12188,311,22535,California
Sutter,2021-03-20,954,35069,116,12323,827,22070,11,676,866,11136,88,12276,877,23412,California
Sutter,2021-03-21,66,35135,46,12369,17,22087,3,679,37,11147,29,12305,40,23452,California
Sutter,2021-03-22,289,35424,122,12491,141,22228,26,705,213,11310,76,12381,239,23691,California
Sutter,2021-03-23,375,35799,115,12606,228,22456,32,737,252,11471,123,12504,284,23975,California
Sutter,2021-03-24,1686,37485,775,13381,841,23297,70,807,318,10505,1354,13858,388,24363,California
Sutter,2021-03-25,1040,38525,677,14058,322,23619,41,848,371,10250,667,14525,412,24775,California
Sutter,2021-03-26,484,39009,172,14230,295,23914,17,865,294,10374,187,14712,311,25086,California
Sutter,2021-03-27,936,39945,63,14293,871,24785,2,867,828,11099,105,14817,830,25916,California
Sutter,2021-03-28,126,40071,71,14364,55,24840,0,867,78,11131,46,14863,78,25994,California
Sutter,2021-03-29,422,40493,141,14505,226,25066,55,922,224,11214,196,15059,279,26273,California
Sutter,2021-03-30,474,40967,157,14662,307,25373,10,932,317,11384,157,15216,327,26600,California
Sutter,2021-03-31,1252,42219,176,14838,1059,26432,17,949,461,11080,781,15997,477,27077,California
Sutter,2021-04-01,1368,43587,724,15562,455,26887,189,1138,409,10727,952,16949,599,27676,California
Sutter,2021-04-02,508,44095,93,15655,297,27184,118,1256,200,10735,307,17256,315,27991,California
Sutter,2021-04-03,912,45007,77,15732,209,27393,626,1882,120,10691,790,18046,746,28737,California
Sutter,2021-04-04,117,45124,22,15754,89,27482,6,1888,56,10692,61,18107,62,28799,California
Sutter,2021-04-05,364,45488,142,15896,186,27668,36,1924,174,10715,187,18294,210,29009,California
Sutter,2021-04-06,501,45989,190,16086,255,27923,56,1980,268,10807,232,18526,324,29333,California
Sutter,2021-04-07,1476,47465,867,16953,534,28457,75,2055,615,10642,855,19381,690,30023,California
Sutter,2021-04-08,1025,48490,577,17530,340,28797,108,2163,563,10855,456,19837,669,30692,California
Sutter,2021-04-09,555,49045,245,17775,247,29044,63,2226,233,10831,320,20157,296,30988,California
Sutter,2021-04-10,818,49863,105,17880,87,29131,626,2852,102,10840,714,20871,723,31711,California
Sutter,2021-04-11,108,49971,26,17906,40,29171,42,2894,30,10834,78,20949,72,31783,California
Sutter,2021-04-12,336,50307,90,17996,192,29363,54,2948,136,10824,200,21149,190,31973,California
Sutter,2021-04-13,426,50733,123,18119,303,29666,0,2948,211,10822,213,21362,211,32184,California
Sutter,2021-04-14,1294,52027,158,18277,1135,30801,1,2949,214,9964,1074,22436,216,32400,California
Sutter,2021-04-15,468,52495,172,18449,296,31097,0,2949,180,9858,286,22722,180,32580,California
Sutter,2021-04-16,387,52882,115,18564,272,31369,0,2949,176,9824,210,22932,176,32756,California
Sutter,2021-04-17,572,53454,82,18646,490,31859,0,2949,500,10255,69,23001,500,33256,California
Sutter,2021-04-18,68,53522,8,18654,60,31919,0,2949,43,10274,24,23025,43,33299,California
Sutter,2021-04-19,288,53810,109,18763,179,32098,0,2949,121,10230,165,23190,121,33420,California
Sutter,2021-04-20,388,54198,134,18897,254,32352,0,2949,202,10247,185,23375,202,33622,California
Sutter,2021-04-21,1241,55439,426,19323,815,33167,0,2949,477,9969,755,24130,477,34099,California
Sutter,2021-04-22,456,55895,155,19478,301,33468,0,2949,241,9996,214,24344,241,34340,California
Sutter,2021-04-23,379,56274,105,19583,274,33742,0,2949,181,9982,195,24539,181,34521,California
Sutter,2021-04-24,262,56536,58,19641,204,33946,0,2949,142,10004,120,24659,142,34663,California
Sutter,2021-04-25,107,56643,55,19696,52,33998,0,2949,56,10011,49,24708,56,34719,California
Sutter,2021-04-26,149,56792,9,19705,138,34136,2,2951,66,9998,81,24789,68,34787,California
Tehama,2020-12-15,1,1,1,1,0,0,0,0,1,1,0,0,1,1,California
Tehama,2020-12-16,2,3,2,3,0,0,0,0,2,3,0,0,2,3,California
Tehama,2020-12-17,12,15,12,15,0,0,0,0,12,15,0,0,12,15,California
Tehama,2020-12-18,2,17,2,17,0,0,0,0,3,18,0,0,3,18,California
Tehama,2020-12-21,33,50,33,50,0,0,0,0,33,51,0,0,33,51,California
Tehama,2020-12-22,68,118,62,112,6,6,0,0,68,119,0,0,68,119,California
Tehama,2020-12-23,48,166,40,152,8,14,0,0,48,167,0,0,48,167,California
Tehama,2020-12-24,5,171,3,155,2,16,0,0,5,172,0,0,5,172,California
Tehama,2020-12-26,3,174,2,157,1,17,0,0,3,175,0,0,3,175,California
Tehama,2020-12-27,2,176,2,159,0,17,0,0,2,177,0,0,2,177,California
Tehama,2020-12-28,56,232,43,202,13,30,0,0,56,233,0,0,56,233,California
Tehama,2020-12-29,31,263,31,233,0,30,0,0,31,264,0,0,31,264,California
Tehama,2020-12-30,54,317,38,271,16,46,0,0,53,317,0,0,53,317,California
Tehama,2020-12-31,14,331,4,275,10,56,0,0,14,331,0,0,14,331,California
Tehama,2021-01-01,2,333,0,275,2,58,0,0,2,333,0,0,2,333,California
Tehama,2021-01-04,31,364,8,283,23,81,0,0,31,364,0,0,31,364,California
Tehama,2021-01-05,70,434,43,326,27,108,0,0,67,428,3,3,67,431,California
Tehama,2021-01-06,71,505,21,347,50,158,0,0,62,482,8,11,62,493,California
Tehama,2021-01-07,56,561,7,354,49,207,0,0,55,536,1,12,55,548,California
Tehama,2021-01-08,30,591,24,378,6,213,0,0,25,556,5,17,25,573,California
Tehama,2021-01-09,7,598,5,383,2,215,0,0,5,559,2,19,5,578,California
Tehama,2021-01-10,1,599,0,383,1,216,0,0,1,560,0,19,1,579,California
Tehama,2021-01-11,47,646,46,429,1,217,0,0,14,541,33,52,14,593,California
Tehama,2021-01-12,116,762,96,525,20,237,0,0,71,567,45,97,71,664,California
Tehama,2021-01-13,72,834,55,580,17,254,0,0,26,547,46,143,26,690,California
Tehama,2021-01-14,224,1058,50,630,174,428,0,0,222,767,2,145,222,912,California
Tehama,2021-01-15,246,1304,74,704,172,600,0,0,242,1005,4,149,242,1154,California
Tehama,2021-01-16,272,1576,27,731,245,845,0,0,269,1271,3,152,269,1423,California
Tehama,2021-01-17,13,1589,9,740,4,849,0,0,11,1280,2,154,11,1434,California
Tehama,2021-01-18,10,1599,6,746,4,853,0,0,5,1280,5,159,5,1439,California
Tehama,2021-01-19,288,1887,62,808,226,1079,0,0,233,1458,55,214,233,1672,California
Tehama,2021-01-20,301,2188,87,895,214,1293,0,0,251,1660,49,263,251,1923,California
Tehama,2021-01-21,214,2402,11,906,203,1496,0,0,204,1854,10,273,204,2127,California
Tehama,2021-01-22,214,2616,12,918,202,1698,0,0,211,2062,3,276,211,2338,California
Tehama,2021-01-23,261,2877,10,928,251,1949,0,0,260,2321,1,277,260,2598,California
Tehama,2021-01-25,31,2908,13,941,18,1967,0,0,14,2318,17,294,14,2612,California
Tehama,2021-01-26,325,3233,42,983,283,2250,0,0,288,2569,37,331,288,2900,California
Tehama,2021-01-27,299,3532,21,1004,278,2528,0,0,279,2828,20,351,279,3179,California
Tehama,2021-01-28,340,3872,29,1033,311,2839,0,0,325,3138,15,366,325,3504,California
Tehama,2021-01-29,321,4193,19,1052,302,3141,0,0,304,3425,17,383,304,3808,California
Tehama,2021-01-30,103,4296,2,1054,101,3242,0,0,102,3526,1,384,102,3910,California
Tehama,2021-01-31,1,4297,0,1054,1,3243,0,0,1,3527,0,384,1,3911,California
Tehama,2021-02-01,77,4374,22,1076,55,3298,0,0,36,3522,41,425,36,3947,California
Tehama,2021-02-02,343,4717,63,1139,280,3578,0,0,246,3674,94,519,246,4193,California
Tehama,2021-02-03,378,5095,12,1151,366,3944,0,0,334,3964,44,563,334,4527,California
Tehama,2021-02-04,466,5561,99,1250,367,4311,0,0,387,4273,79,642,388,4915,California
Tehama,2021-02-05,164,5725,73,1323,91,4402,0,0,105,4319,59,701,105,5020,California
Tehama,2021-02-06,28,5753,13,1336,15,4417,0,0,16,4323,12,713,16,5036,California
Tehama,2021-02-07,5,5758,4,1340,1,4418,0,0,2,4322,3,716,2,5038,California
Tehama,2021-02-08,35,5793,14,1354,21,4439,0,0,27,4341,8,724,27,5065,California
Tehama,2021-02-09,77,5870,34,1388,43,4482,0,0,43,4350,34,758,43,5108,California
Tehama,2021-02-10,233,6103,62,1450,171,4653,0,0,158,4433,75,833,158,5266,California
Tehama,2021-02-11,219,6322,16,1466,203,4856,0,0,80,4376,137,970,80,5346,California
Tehama,2021-02-12,355,6677,57,1523,298,5154,0,0,174,4369,181,1151,174,5520,California
Tehama,2021-02-13,386,7063,13,1536,373,5527,0,0,147,4277,239,1390,147,5667,California
Tehama,2021-02-14,33,7096,0,1536,33,5560,0,0,32,4308,1,1391,32,5699,California
Tehama,2021-02-15,51,7147,9,1545,42,5602,0,0,45,4347,6,1397,45,5744,California
Tehama,2021-02-16,240,7387,16,1561,224,5826,0,0,58,4223,182,1579,58,5802,California
Tehama,2021-02-17,280,7667,12,1573,268,6094,0,0,54,4051,226,1805,54,5856,California
Tehama,2021-02-18,368,8035,32,1605,336,6430,0,0,144,3971,224,2029,144,6000,California
Tehama,2021-02-19,213,8248,18,1623,195,6625,0,0,42,3842,171,2200,42,6042,California
Tehama,2021-02-20,271,8519,6,1629,265,6890,0,0,26,3623,245,2445,26,6068,California
Tehama,2021-02-22,37,8556,13,1642,24,6914,0,0,24,3634,13,2458,24,6092,California
Tehama,2021-02-23,46,8602,19,1661,27,6941,0,0,26,3640,20,2478,26,6118,California
Tehama,2021-02-24,299,8901,12,1673,287,7228,0,0,26,3393,273,2751,26,6144,California
Tehama,2021-02-25,377,9278,61,1734,316,7544,0,0,37,3090,340,3091,37,6181,California
Tehama,2021-02-26,455,9733,19,1753,436,7980,0,0,70,2775,385,3476,70,6251,California
Tehama,2021-02-27,294,10027,5,1758,289,8269,0,0,34,2549,260,3736,34,6285,California
Tehama,2021-02-28,23,10050,2,1760,21,8290,0,0,20,2566,3,3739,20,6305,California
Tehama,2021-03-01,63,10113,8,1768,55,8345,0,0,29,2561,34,3773,29,6334,California
Tehama,2021-03-02,125,10238,18,1786,107,8452,0,0,29,2494,96,3869,29,6363,California
Tehama,2021-03-03,133,10371,33,1819,100,8552,0,0,47,2455,86,3955,47,6410,California
Tehama,2021-03-04,605,10976,35,1854,570,9122,0,0,222,2300,377,4332,222,6632,California
Tehama,2021-03-05,388,11364,18,1872,370,9492,0,0,215,2343,172,4504,215,6847,California
Tehama,2021-03-06,299,11663,17,1889,282,9774,0,0,81,2208,217,4721,82,6929,California
Tehama,2021-03-07,5,11668,1,1890,4,9778,0,0,3,2210,1,4722,3,6932,California
Tehama,2021-03-08,58,11726,12,1902,31,9809,15,15,27,2222,30,4752,42,6974,California
Tehama,2021-03-09,360,12086,5,1907,336,10145,19,34,305,2491,55,4807,324,7298,California
Tehama,2021-03-10,350,12436,12,1919,317,10462,21,55,68,2299,281,5088,89,7387,California
Tehama,2021-03-11,482,12918,14,1933,422,10884,46,101,340,2543,142,5230,386,7773,California
Tehama,2021-03-12,301,13219,19,1952,217,11101,65,166,176,2659,125,5355,241,8014,California
Tehama,2021-03-13,45,13264,8,1960,31,11132,6,172,6,2632,39,5394,12,8026,California
Tehama,2021-03-14,43,13307,3,1963,29,11161,11,183,2,2604,41,5435,13,8039,California
Tehama,2021-03-15,153,13460,21,1984,112,11273,20,203,86,2643,67,5502,106,8145,California
Tehama,2021-03-16,408,13868,14,1998,356,11629,38,241,309,2892,98,5600,347,8492,California
Tehama,2021-03-17,423,14291,22,2020,369,11998,32,273,338,3179,83,5683,370,8862,California
Tehama,2021-03-18,484,14775,25,2045,435,12433,24,297,306,3333,176,5859,330,9192,California
Tehama,2021-03-19,313,15088,23,2068,277,12710,13,310,271,3575,42,5901,284,9476,California
Tehama,2021-03-20,41,15129,8,2076,31,12741,2,312,29,3594,12,5913,31,9507,California
Tehama,2021-03-21,12,15141,5,2081,7,12748,0,312,12,3606,0,5913,12,9519,California
Tehama,2021-03-22,90,15231,7,2088,66,12814,17,329,49,3631,41,5954,66,9585,California
Tehama,2021-03-23,85,15316,24,2112,54,12868,7,336,66,3685,19,5973,73,9658,California
Tehama,2021-03-24,85,15401,16,2128,66,12934,3,339,55,3713,30,6003,58,9716,California
Tehama,2021-03-25,514,15915,351,2479,150,13084,13,352,467,4147,46,6049,480,10196,California
Tehama,2021-03-26,476,16391,368,2847,96,13180,12,364,401,4485,75,6124,413,10609,California
Tehama,2021-03-27,437,16828,348,3195,68,13248,21,385,374,4818,62,6186,395,11004,California
Tehama,2021-03-28,34,16862,13,3208,21,13269,0,385,22,4828,12,6198,22,11026,California
Tehama,2021-03-29,122,16984,32,3240,90,13359,0,385,77,4861,44,6242,77,11103,California
Tehama,2021-03-30,361,17345,212,3452,147,13506,2,387,247,4996,114,6356,249,11352,California
Tehama,2021-03-31,379,17724,278,3730,98,13604,3,390,305,5231,73,6429,308,11660,California
Tehama,2021-04-01,519,18243,243,3973,270,13874,6,396,388,5494,131,6560,394,12054,California
Tehama,2021-04-02,442,18685,204,4177,232,14106,6,402,257,5572,185,6745,263,12317,California
Tehama,2021-04-03,61,18746,3,4180,53,14159,5,407,30,5576,31,6776,35,12352,California
Tehama,2021-04-04,34,18780,6,4186,27,14186,1,408,22,5587,12,6788,23,12375,California
Tehama,2021-04-05,114,18894,20,4206,68,14254,26,434,59,5617,55,6843,85,12460,California
Tehama,2021-04-06,480,19374,105,4311,324,14578,51,485,133,5454,347,7190,184,12644,California
Tehama,2021-04-07,418,19792,279,4590,95,14673,44,529,304,5689,112,7302,347,12991,California
Tehama,2021-04-08,597,20389,172,4762,387,15060,38,567,228,5587,368,7670,266,13257,California
Tehama,2021-04-09,418,20807,185,4947,201,15261,32,599,208,5619,208,7878,240,13497,California
Tehama,2021-04-10,73,20880,9,4956,37,15298,27,626,39,5651,34,7912,66,13563,California
Tehama,2021-04-11,25,20905,7,4963,7,15305,11,637,8,5653,17,7929,19,13582,California
Tehama,2021-04-12,113,21018,6,4969,88,15393,19,656,44,5647,69,7998,63,13645,California
Tehama,2021-04-13,296,21314,57,5026,239,15632,0,656,62,5475,234,8232,62,13707,California
Tehama,2021-04-14,463,21777,48,5074,415,16047,0,656,51,5114,412,8644,51,13758,California
Tehama,2021-04-15,493,22270,192,5266,301,16348,0,656,84,4789,409,9053,84,13842,California
Tehama,2021-04-16,583,22853,331,5597,252,16600,0,656,95,4403,488,9541,102,13944,California
Tehama,2021-04-17,344,23197,266,5863,78,16678,0,656,50,4161,293,9834,51,13995,California
Tehama,2021-04-18,16,23213,2,5865,14,16692,0,656,12,4169,4,9838,12,14007,California
Tehama,2021-04-19,93,23306,7,5872,86,16778,0,656,41,4158,52,9890,41,14048,California
Tehama,2021-04-20,499,23805,412,6284,87,16865,0,656,149,3961,348,10238,151,14199,California
Tehama,2021-04-21,506,24311,438,6722,67,16932,1,657,182,3819,324,10562,182,14381,California
Tehama,2021-04-22,505,24816,358,7080,147,17079,0,657,149,3613,355,10917,149,14530,California
Tehama,2021-04-23,428,25244,332,7412,96,17175,0,657,199,3584,229,11146,200,14730,California
Tehama,2021-04-24,100,25344,13,7425,87,17262,0,657,29,3542,71,11217,29,14759,California
Tehama,2021-04-25,24,25368,14,7439,10,17272,0,657,11,3540,13,11230,11,14770,California
Tehama,2021-04-26,47,25415,2,7441,45,17317,0,657,25,3543,22,11252,25,14795,California
Trinity,2020-12-17,4,4,4,4,0,0,0,0,4,4,0,0,4,4,California
Trinity,2020-12-18,2,6,2,6,0,0,0,0,2,6,0,0,2,6,California
Trinity,2020-12-21,38,44,38,44,0,0,0,0,38,44,0,0,38,44,California
Trinity,2020-12-22,5,49,5,49,0,0,0,0,5,49,0,0,5,49,California
Trinity,2020-12-23,5,54,5,54,0,0,0,0,5,54,0,0,5,54,California
Trinity,2020-12-28,30,84,30,84,0,0,0,0,30,84,0,0,30,84,California
Trinity,2020-12-29,8,92,7,91,1,1,0,0,8,92,0,0,8,92,California
Trinity,2020-12-30,10,102,8,99,2,3,0,0,10,102,0,0,10,102,California
Trinity,2020-12-31,2,104,1,100,1,4,0,0,2,104,0,0,2,104,California
Trinity,2021-01-04,27,131,0,100,27,31,0,0,26,130,0,0,26,130,California
Trinity,2021-01-05,2,133,1,101,1,32,0,0,2,132,0,0,2,132,California
Trinity,2021-01-06,23,156,4,105,19,51,0,0,19,147,4,4,19,151,California
Trinity,2021-01-08,49,205,2,107,47,98,0,0,48,193,2,6,48,199,California
Trinity,2021-01-11,39,244,38,145,1,99,0,0,2,158,37,43,2,201,California
Trinity,2021-01-12,9,253,7,152,2,101,0,0,4,157,5,48,4,205,California
Trinity,2021-01-13,7,260,4,156,3,104,0,0,4,158,3,51,4,209,California
Trinity,2021-01-14,3,263,1,157,2,106,0,0,3,161,0,51,3,212,California
Trinity,2021-01-16,4,267,0,157,4,110,0,0,4,165,0,51,4,216,California
Trinity,2021-01-18,31,298,31,188,0,110,0,0,1,136,30,81,1,217,California
Trinity,2021-01-19,95,393,14,202,81,191,0,0,81,203,14,95,81,298,California
Trinity,2021-01-20,19,412,3,205,16,207,0,0,17,218,2,97,17,315,California
Trinity,2021-01-21,17,429,7,212,10,217,0,0,17,235,0,97,17,332,California
Trinity,2021-01-22,5,434,1,213,4,221,0,0,5,240,0,97,5,337,California
Trinity,2021-01-23,7,441,3,216,4,225,0,0,7,247,0,97,7,344,California
Trinity,2021-01-25,14,455,1,217,13,238,0,0,13,259,1,98,13,357,California
Trinity,2021-01-26,10,465,1,218,9,247,0,0,9,267,1,99,9,366,California
Trinity,2021-01-27,12,477,0,218,12,259,0,0,12,279,0,99,12,378,California
Trinity,2021-01-28,13,490,3,221,10,269,0,0,10,286,3,102,10,388,California
Trinity,2021-01-29,3,493,1,222,2,271,0,0,2,287,1,103,2,390,California
Trinity,2021-01-30,12,505,11,233,1,272,0,0,12,299,0,103,12,402,California
Trinity,2021-02-01,2,507,1,234,1,273,0,0,1,299,1,104,1,403,California
Trinity,2021-02-02,13,520,3,237,10,283,0,0,13,312,0,104,13,416,California
Trinity,2021-02-03,6,526,1,238,5,288,0,0,3,312,3,107,3,419,California
Trinity,2021-02-04,36,562,32,270,4,292,0,0,34,344,2,109,34,453,California
Trinity,2021-02-05,348,910,0,270,348,640,0,0,318,632,30,139,318,771,California
Trinity,2021-02-06,209,1119,5,275,204,844,0,0,202,827,7,146,202,973,California
Trinity,2021-02-07,1,1120,0,275,1,845,0,0,1,828,0,146,1,974,California
Trinity,2021-02-08,23,1143,0,275,23,868,0,0,15,835,8,154,15,989,California
Trinity,2021-02-09,21,1164,2,277,19,887,0,0,6,826,15,169,6,995,California
Trinity,2021-02-10,123,1287,10,287,113,1000,0,0,103,909,20,189,103,1098,California
Trinity,2021-02-11,335,1622,2,289,333,1333,0,0,329,1232,6,195,329,1427,California
Trinity,2021-02-12,9,1631,6,295,3,1336,0,0,9,1241,0,195,9,1436,California
Trinity,2021-02-13,12,1643,5,300,7,1343,0,0,5,1239,7,202,5,1441,California
Trinity,2021-02-14,2,1645,2,302,0,1343,0,0,2,1241,0,202,2,1443,California
Trinity,2021-02-15,46,1691,0,302,46,1389,0,0,46,1287,0,202,46,1489,California
Trinity,2021-02-16,7,1698,2,304,5,1394,0,0,4,1288,3,205,4,1493,California
Trinity,2021-02-17,94,1792,2,306,92,1486,0,0,84,1362,10,215,84,1577,California
Trinity,2021-02-18,4,1796,0,306,4,1490,0,0,1,1360,3,218,1,1578,California
Trinity,2021-02-19,209,2005,2,308,207,1697,0,0,196,1543,13,231,196,1774,California
Trinity,2021-02-20,141,2146,14,322,127,1824,0,0,113,1628,28,259,113,1887,California
Trinity,2021-02-22,3,2149,0,322,3,1827,0,0,0,1625,3,262,0,1887,California
Trinity,2021-02-23,8,2157,4,326,4,1831,0,0,3,1623,5,267,3,1890,California
Trinity,2021-02-24,30,2187,8,334,22,1853,0,0,7,1607,23,290,7,1897,California
Trinity,2021-02-25,36,2223,23,357,13,1866,0,0,5,1581,31,321,5,1902,California
Trinity,2021-02-26,11,2234,1,358,10,1876,0,0,5,1580,6,327,5,1907,California
Trinity,2021-02-27,9,2243,7,365,2,1878,0,0,4,1579,5,332,4,1911,California
Trinity,2021-03-01,8,2251,0,365,8,1886,0,0,5,1581,3,335,5,1916,California
Trinity,2021-03-02,8,2259,3,368,5,1891,0,0,1,1575,7,342,1,1917,California
Trinity,2021-03-03,5,2264,0,368,5,1896,0,0,4,1578,1,343,4,1921,California
Trinity,2021-03-04,20,2284,15,383,5,1901,0,0,13,1584,7,350,13,1934,California
Trinity,2021-03-05,300,2584,1,384,299,2200,0,0,37,1362,259,609,37,1971,California
Trinity,2021-03-06,200,2784,7,391,193,2393,0,0,27,1216,173,782,27,1998,California
Trinity,2021-03-07,3,2787,3,394,0,2393,0,0,2,1217,1,783,2,2000,California
Trinity,2021-03-08,3,2790,0,394,2,2395,1,1,1,1217,2,785,2,2002,California
Trinity,2021-03-09,93,2883,0,394,91,2486,2,3,89,1304,4,789,91,2093,California
Trinity,2021-03-10,127,3010,3,397,121,2607,3,6,38,1256,89,878,41,2134,California
Trinity,2021-03-11,8,3018,3,400,3,2610,2,8,4,1258,4,882,6,2140,California
Trinity,2021-03-12,340,3358,5,405,329,2939,6,14,47,1018,293,1175,53,2193,California
Trinity,2021-03-13,13,3371,8,413,3,2942,2,16,8,1023,5,1180,10,2203,California
Trinity,2021-03-15,66,3437,0,413,65,3007,1,17,14,986,52,1232,15,2218,California
Trinity,2021-03-16,115,3552,7,420,108,3115,0,17,101,1073,14,1246,101,2319,California
Trinity,2021-03-17,100,3652,3,423,97,3212,0,17,26,1025,74,1320,26,2345,California
Trinity,2021-03-18,10,3662,2,425,5,3217,3,20,5,1028,5,1325,8,2353,California
Trinity,2021-03-19,367,4029,4,429,253,3470,110,130,33,837,334,1659,143,2496,California
Trinity,2021-03-20,104,4133,7,436,97,3567,0,130,69,871,35,1694,69,2565,California
Trinity,2021-03-21,3,4136,0,436,2,3569,1,131,2,873,1,1695,3,2568,California
Trinity,2021-03-22,2,4138,0,436,2,3571,0,131,2,875,0,1695,2,2570,California
Trinity,2021-03-23,95,4233,1,437,94,3665,0,131,78,936,17,1712,78,2648,California
Trinity,2021-03-24,9,4242,1,438,8,3673,0,131,9,945,0,1712,9,2657,California
Trinity,2021-03-25,106,4348,7,445,93,3766,6,137,83,1011,23,1735,89,2746,California
Trinity,2021-03-26,18,4366,5,450,13,3779,0,137,12,1017,6,1741,12,2758,California
Trinity,2021-03-27,16,4382,4,454,3,3782,9,146,5,1020,11,1752,14,2772,California
Trinity,2021-03-28,5,4387,3,457,2,3784,0,146,1,1017,4,1756,1,2773,California
Trinity,2021-03-29,4,4391,0,457,4,3788,0,146,1,1015,3,1759,1,2774,California
Trinity,2021-03-30,75,4466,4,461,71,3859,0,146,67,1074,8,1767,67,2841,California
Trinity,2021-03-31,56,4522,5,466,19,3878,32,178,21,1091,35,1802,52,2893,California
Trinity,2021-04-01,38,4560,11,477,16,3894,11,189,19,1102,19,1821,30,2923,California
Trinity,2021-04-02,163,4723,6,483,83,3977,74,263,69,1152,93,1914,143,3066,California
Trinity,2021-04-03,19,4742,14,497,5,3982,0,263,9,1151,10,1924,9,3075,California
Trinity,2021-04-04,10,4752,8,505,2,3984,0,263,10,1161,0,1924,10,3085,California
Trinity,2021-04-05,59,4811,6,511,52,4036,1,264,55,1213,4,1928,56,3141,California
Trinity,2021-04-06,110,4921,13,524,94,4130,3,267,22,1150,88,2016,25,3166,California
Trinity,2021-04-07,21,4942,12,536,4,4134,5,272,13,1160,8,2024,18,3184,California
Trinity,2021-04-08,87,5029,10,546,75,4209,2,274,50,1175,37,2061,52,3236,California
Trinity,2021-04-09,118,5147,20,566,93,4302,5,279,84,1230,34,2095,89,3325,California
Trinity,2021-04-10,11,5158,7,573,4,4306,0,279,10,1239,1,2096,10,3335,California
Trinity,2021-04-11,8,5166,5,578,1,4307,2,281,4,1241,4,2100,6,3341,California
Trinity,2021-04-12,77,5243,5,583,71,4378,1,282,64,1293,12,2112,64,3405,California
Trinity,2021-04-13,96,5339,4,587,92,4470,0,282,10,1217,86,2198,10,3415,California
Trinity,2021-04-14,10,5349,5,592,5,4475,0,282,6,1219,4,2202,6,3421,California
Trinity,2021-04-15,43,5392,10,602,33,4508,0,282,14,1204,29,2231,14,3435,California
Trinity,2021-04-16,110,5502,12,614,98,4606,0,282,41,1179,69,2300,44,3479,California
Trinity,2021-04-17,11,5513,5,619,6,4612,0,282,9,1186,2,2302,9,3488,California
Trinity,2021-04-18,1,5514,1,620,0,4612,0,282,0,1185,1,2303,0,3488,California
Trinity,2021-04-19,3,5517,0,620,3,4615,0,282,3,1188,0,2303,3,3491,California
Trinity,2021-04-20,91,5608,8,628,83,4698,0,282,19,1135,72,2375,19,3510,California
Trinity,2021-04-21,23,5631,10,638,13,4711,0,282,10,1132,13,2388,10,3520,California
Trinity,2021-04-22,92,5723,7,645,85,4796,0,282,16,1072,76,2464,16,3536,California
Trinity,2021-04-23,115,5838,6,651,109,4905,0,282,104,1165,11,2475,104,3640,California
Trinity,2021-04-24,19,5857,14,665,5,4910,0,282,8,1162,11,2486,8,3648,California
Trinity,2021-04-25,9,5866,8,673,1,4911,0,282,2,1157,7,2493,2,3650,California
Trinity,2021-04-26,38,5904,0,673,38,4949,0,282,38,1195,0,2493,38,3688,California
Tulare,2020-12-15,1,1,1,1,0,0,0,0,1,1,0,0,1,1,California
Tulare,2020-12-16,3,4,3,4,0,0,0,0,3,4,0,0,3,4,California
Tulare,2020-12-17,110,114,110,114,0,0,0,0,110,114,0,0,110,114,California
Tulare,2020-12-18,289,403,289,403,0,0,0,0,289,403,0,0,289,403,California
Tulare,2020-12-19,328,731,328,731,0,0,0,0,328,731,0,0,328,731,California
Tulare,2020-12-20,166,897,165,896,1,1,0,0,166,897,0,0,166,897,California
Tulare,2020-12-21,422,1319,422,1318,0,1,0,0,442,1339,0,0,442,1339,California
Tulare,2020-12-22,469,1788,467,1785,2,3,0,0,468,1807,0,0,468,1807,California
Tulare,2020-12-23,328,2116,320,2105,8,11,0,0,326,2133,0,0,326,2133,California
Tulare,2020-12-24,18,2134,16,2121,2,13,0,0,18,2151,0,0,18,2151,California
Tulare,2020-12-26,8,2142,7,2128,1,14,0,0,8,2159,0,0,8,2159,California
Tulare,2020-12-27,16,2158,12,2140,4,18,0,0,16,2175,0,0,16,2175,California
Tulare,2020-12-28,483,2641,471,2611,12,30,0,0,482,2657,0,0,482,2657,California
Tulare,2020-12-29,546,3187,478,3089,68,98,0,0,546,3203,0,0,546,3203,California
Tulare,2020-12-30,474,3661,435,3524,39,137,0,0,474,3677,0,0,474,3677,California
Tulare,2020-12-31,94,3755,22,3546,72,209,0,0,94,3771,0,0,94,3771,California
Tulare,2021-01-01,2,3757,1,3547,1,210,0,0,2,3773,0,0,2,3773,California
Tulare,2021-01-02,28,3785,17,3564,11,221,0,0,28,3801,0,0,28,3801,California
Tulare,2021-01-03,23,3808,9,3573,14,235,0,0,23,3824,0,0,23,3824,California
Tulare,2021-01-04,92,3900,16,3589,76,311,0,0,92,3916,0,0,92,3916,California
Tulare,2021-01-05,460,4360,278,3867,182,493,0,0,458,4372,2,2,458,4374,California
Tulare,2021-01-06,865,5225,636,4503,229,722,0,0,855,5217,10,12,855,5229,California
Tulare,2021-01-07,782,6007,584,5087,198,920,0,0,676,5787,106,118,676,5905,California
Tulare,2021-01-08,1267,7274,575,5662,692,1612,0,0,929,6379,337,455,929,6834,California
Tulare,2021-01-09,742,8016,204,5866,538,2150,0,0,554,6745,188,643,554,7388,California
Tulare,2021-01-10,50,8066,44,5910,6,2156,0,0,11,6717,39,682,11,7399,California
Tulare,2021-01-11,1266,9332,767,6677,499,2655,0,0,831,7113,435,1117,831,8230,California
Tulare,2021-01-12,1403,10735,488,7165,915,3570,0,0,996,7704,406,1523,997,9227,California
Tulare,2021-01-13,458,11193,228,7393,230,3800,0,0,383,8012,75,1598,383,9610,California
Tulare,2021-01-14,492,11685,141,7534,351,4151,0,0,466,8463,15,1613,466,10076,California
Tulare,2021-01-15,1619,13304,151,7685,1468,5619,0,0,1610,10064,9,1622,1610,11686,California
Tulare,2021-01-16,1901,15205,114,7799,1787,7406,0,0,1887,11937,14,1636,1887,13573,California
Tulare,2021-01-17,141,15346,122,7921,19,7425,0,0,131,12058,10,1646,131,13704,California
Tulare,2021-01-18,695,16041,662,8583,33,7458,0,0,295,11953,400,2046,295,13999,California
Tulare,2021-01-19,1006,17047,683,9266,323,7781,0,0,578,12103,428,2474,578,14577,California
Tulare,2021-01-20,2377,19424,564,9830,1813,9594,0,0,1991,13708,386,2860,1991,16568,California
Tulare,2021-01-21,1511,20935,150,9980,1361,10955,0,0,1485,15172,21,2881,1485,18053,California
Tulare,2021-01-22,1054,21989,185,10165,869,11824,0,0,1030,16179,23,2904,1030,19083,California
Tulare,2021-01-23,438,22427,156,10321,282,12106,0,0,417,16575,21,2925,417,19500,California
Tulare,2021-01-24,30,22457,27,10348,3,12109,0,0,28,16601,2,2927,28,19528,California
Tulare,2021-01-25,1324,23781,979,11327,345,12454,0,0,1295,17867,29,2956,1295,20823,California
Tulare,2021-01-26,1498,25279,1099,12426,399,12853,0,0,1173,18716,324,3280,1173,21996,California
Tulare,2021-01-27,1456,26735,1070,13496,386,13239,0,0,878,19016,578,3858,878,22874,California
Tulare,2021-01-28,1199,27934,768,14264,431,13670,0,0,804,19425,395,4253,804,23678,California
Tulare,2021-01-29,1129,29063,719,14983,410,14080,0,0,819,19934,310,4563,819,24497,California
Tulare,2021-01-30,1673,30736,1579,16562,94,14174,0,0,1649,21560,24,4587,1650,26147,California
Tulare,2021-01-31,51,30787,47,16609,4,14178,0,0,48,21605,3,4590,48,26195,California
Tulare,2021-02-01,1183,31970,916,17525,267,14445,0,0,831,22085,351,4941,831,27026,California
Tulare,2021-02-02,676,32646,328,17853,348,14793,0,0,445,22302,229,5170,446,27472,California
Tulare,2021-02-03,613,33259,287,18140,326,15119,0,0,336,22363,275,5445,336,27808,California
Tulare,2021-02-04,551,33810,164,18304,387,15506,0,0,266,22345,285,5730,267,28075,California
Tulare,2021-02-05,1230,35040,233,18537,997,16503,0,0,414,21945,814,6544,414,28489,California
Tulare,2021-02-06,834,35874,158,18695,676,17179,0,0,266,21645,566,7110,266,28755,California
Tulare,2021-02-07,78,35952,66,18761,12,17191,0,0,23,21613,55,7165,23,28778,California
Tulare,2021-02-08,941,36893,327,19088,614,17805,0,0,245,21165,693,7858,245,29023,California
Tulare,2021-02-09,1405,38298,327,19415,1078,18883,0,0,361,20487,1039,8897,361,29384,California
Tulare,2021-02-10,2469,40767,1986,21401,483,19366,0,0,2069,22159,397,9294,2069,31453,California
Tulare,2021-02-11,1322,42089,376,21777,946,20312,0,0,938,22713,384,9678,938,32391,California
Tulare,2021-02-12,2776,44865,576,22353,2200,22512,0,0,1214,22372,1555,11233,1214,33605,California
Tulare,2021-02-13,2479,47344,157,22510,2322,24834,0,0,666,21228,1810,13043,666,34271,California
Tulare,2021-02-14,333,47677,36,22546,297,25131,0,0,300,21495,33,13076,300,34571,California
Tulare,2021-02-15,915,48592,291,22837,624,25755,0,0,658,21897,256,13332,658,35229,California
Tulare,2021-02-16,2831,51423,1595,24432,1236,26991,0,0,1077,21221,1753,15085,1077,36306,California
Tulare,2021-02-17,2699,54122,509,24941,2190,29181,0,0,463,19453,2231,17316,463,36769,California
Tulare,2021-02-18,2299,56421,456,25397,1843,31024,0,0,632,18426,1659,18975,632,37401,California
Tulare,2021-02-19,2295,58716,855,26252,1440,32464,0,0,942,18017,1351,20326,942,38343,California
Tulare,2021-02-20,2989,61705,1892,28144,1097,33561,0,0,1267,17567,1717,22043,1267,39610,California
Tulare,2021-02-21,95,61800,91,28235,4,33565,0,0,60,17592,35,22078,60,39670,California
Tulare,2021-02-22,1105,62905,701,28936,404,33969,0,0,212,16912,892,22970,212,39882,California
Tulare,2021-02-23,1946,64851,940,29876,1006,34975,0,0,1457,17881,488,23458,1457,41339,California
Tulare,2021-02-24,2473,67324,1549,31425,924,35899,0,0,2095,19600,377,23835,2096,43435,California
Tulare,2021-02-25,3483,70807,1948,33373,1535,37434,0,0,3069,22259,410,24245,3069,46504,California
Tulare,2021-02-26,3837,74644,1879,35252,1958,39392,0,0,3375,25174,460,24705,3375,49879,California
Tulare,2021-02-27,2898,77542,1390,36642,1508,40900,0,0,2766,27819,121,24826,2766,52645,California
Tulare,2021-02-28,1304,78846,1033,37675,271,41171,0,0,1284,29085,18,24844,1284,53929,California
Tulare,2021-03-01,1737,80583,773,38448,964,42135,0,0,1553,30456,182,25026,1553,55482,California
Tulare,2021-03-02,2678,83261,1191,39639,1487,43622,0,0,2513,32807,163,25189,2514,57996,California
Tulare,2021-03-03,3822,87083,2507,42146,1315,44937,0,0,1875,32739,1945,27134,1877,59873,California
Tulare,2021-03-04,2869,89952,1293,43439,1576,46513,0,0,2553,34979,313,27447,2553,62426,California
Tulare,2021-03-05,3281,93233,1692,45131,1574,48087,15,15,2777,37273,500,27947,2794,65220,California
Tulare,2021-03-06,3058,96291,1431,46562,1568,49655,59,74,2811,39897,244,28191,2868,68088,California
Tulare,2021-03-07,1093,97384,683,47245,389,50044,21,95,1053,40931,40,28231,1074,69162,California
Tulare,2021-03-08,1664,99048,977,48222,519,50563,168,263,1351,42139,310,28541,1518,70680,California
Tulare,2021-03-09,3181,102229,2184,50406,850,51413,147,410,2785,44673,396,28937,2930,73610,California
Tulare,2021-03-10,2786,105015,1384,51790,1227,52640,175,585,2407,46882,371,29308,2580,76190,California
Tulare,2021-03-11,4134,109149,1960,53750,1873,54513,301,886,3199,49446,935,30243,3499,79689,California
Tulare,2021-03-12,4334,113483,2377,56127,1609,56122,348,1234,3066,51602,1260,31503,3416,83105,California
Tulare,2021-03-13,4005,117488,1846,57973,2054,58176,105,1339,3068,53844,931,32434,3173,86278,California
Tulare,2021-03-14,1801,119289,973,58946,609,58785,219,1558,1273,54808,527,32961,1491,87769,California
Tulare,2021-03-15,2714,122003,1596,60542,1003,59788,115,1673,1942,56096,770,33731,2058,89827,California
Tulare,2021-03-16,3420,125423,2114,62656,1229,61017,77,1750,1872,56503,1545,35276,1952,91779,California
Tulare,2021-03-17,4008,129431,2604,65260,1327,62344,77,1827,2267,57119,1735,37011,2351,94130,California
Tulare,2021-03-18,4538,133969,3296,68556,1171,63515,71,1898,2414,57487,2119,39130,2487,96617,California
Tulare,2021-03-19,5054,139023,3311,71867,1547,65062,196,2094,2713,58071,2327,41457,2911,99528,California
Tulare,2021-03-20,4397,143420,2715,74582,1310,66372,372,2466,2062,58180,2328,43785,2437,101965,California
Tulare,2021-03-21,1891,145311,1619,76201,246,66618,26,2492,965,58247,923,44708,990,102955,California
Tulare,2021-03-22,2485,147796,1697,77898,677,67295,111,2603,1666,59213,813,45521,1779,104734,California
Tulare,2021-03-23,3720,151516,2137,80035,1531,68826,52,2655,2079,59719,1631,47152,2137,106871,California
Tulare,2021-03-24,3173,154689,1967,82002,1164,69990,42,2697,1866,60327,1300,48452,1908,108779,California
Tulare,2021-03-25,3402,158091,1749,83751,1480,71470,173,2870,1676,60457,1721,50173,1851,110630,California
Tulare,2021-03-26,5137,163228,3052,86803,1976,73446,109,2979,2517,60481,2602,52775,2626,113256,California
Tulare,2021-03-27,3454,166682,1766,88569,1591,75037,97,3076,942,59018,2505,55280,1042,114298,California
Tulare,2021-03-28,1434,168116,1035,89604,368,75405,31,3107,664,58950,769,56049,701,114999,California
Tulare,2021-03-29,2863,170979,1640,91244,1111,76516,112,3219,1225,58655,1634,57683,1339,116338,California
Tulare,2021-03-30,4614,175593,2607,93851,1777,78293,230,3449,1468,57211,3139,60822,1695,118033,California
Tulare,2021-03-31,3713,179306,2169,96020,1433,79726,111,3560,1516,56651,2189,63011,1629,119662,California
Tulare,2021-04-01,4306,183612,2321,98341,1920,81646,65,3625,1503,55425,2795,65806,1569,121231,California
Tulare,2021-04-02,5145,188757,2917,101258,2111,83757,117,3742,1648,53710,3481,69287,1766,122997,California
Tulare,2021-04-03,3436,192193,2003,103261,1122,84879,311,4053,850,52322,2549,71836,1161,124158,California
Tulare,2021-04-04,1618,193811,1133,104394,478,85357,7,4060,392,51497,1224,73060,399,124557,California
Tulare,2021-04-05,3291,197102,2312,106706,716,86073,263,4323,856,50192,2425,75485,1120,125677,California
Tulare,2021-04-06,3347,200449,1464,108170,1392,87465,491,4814,929,49204,2414,77899,1426,127103,California
Tulare,2021-04-07,3734,204183,1799,109969,1516,88981,419,5233,1230,48348,2496,80395,1640,128743,California
Tulare,2021-04-08,4637,208820,2586,112555,1597,90578,454,5687,1521,47213,3108,83503,1973,130716,California
Tulare,2021-04-09,4723,213543,2921,115476,1389,91967,413,6100,1810,46531,2906,86409,2224,132940,California
Tulare,2021-04-10,3785,217328,2037,117513,1434,93401,314,6414,999,45063,2779,89188,1311,134251,California
Tulare,2021-04-11,1574,218902,1034,118547,468,93869,72,6486,595,44754,976,90164,667,134918,California
Tulare,2021-04-12,3368,222270,2104,120651,670,94539,594,7080,1085,44168,2266,92430,1680,136598,California
Tulare,2021-04-13,2392,224662,1578,122229,804,95343,10,7090,911,43618,1473,93903,923,137521,California
Tulare,2021-04-14,2807,227469,1662,123891,1145,96488,0,7090,910,42633,1895,95798,910,138431,California
Tulare,2021-04-15,3174,230643,2069,125960,1105,97593,0,7090,1435,42338,1730,97528,1435,139866,California
Tulare,2021-04-16,3609,234252,2207,128167,1402,98995,0,7090,1485,41709,2115,99643,1486,141352,California
Tulare,2021-04-17,2150,236402,1261,129428,889,99884,0,7090,1165,41893,982,100625,1166,142518,California
Tulare,2021-04-18,1503,237905,1175,130603,328,100212,0,7090,824,42039,678,101303,824,143342,California
Tulare,2021-04-19,2103,240008,1211,131814,890,101102,2,7092,897,41733,1205,102508,899,144241,California
Tulare,2021-04-20,2278,242286,1262,133076,1016,102118,0,7092,1008,41484,1257,103765,1008,145249,California
Tulare,2021-04-21,2153,244439,1304,134380,849,102967,0,7092,826,41018,1292,105057,826,146075,California
Tulare,2021-04-22,2086,246525,1166,135546,920,103887,0,7092,742,40434,1326,106383,742,146817,California
Tulare,2021-04-23,2422,248947,1535,137081,886,104773,1,7093,983,39988,1429,107812,983,147800,California
Tulare,2021-04-24,1512,250459,987,138068,523,105296,2,7095,784,40050,724,108536,786,148586,California
Tulare,2021-04-25,489,250948,372,138440,117,105413,0,7095,204,39970,284,108820,204,148790,California
Tulare,2021-04-26,927,251875,538,138978,384,105797,5,7100,393,39838,529,109349,397,149187,California
Tuolumne,2020-12-16,45,45,45,45,0,0,0,0,45,45,0,0,45,45,California
Tuolumne,2020-12-17,17,62,17,62,0,0,0,0,17,62,0,0,17,62,California
Tuolumne,2020-12-18,101,163,100,162,1,1,0,0,101,163,0,0,101,163,California
Tuolumne,2020-12-19,5,168,5,167,0,1,0,0,5,168,0,0,5,168,California
Tuolumne,2020-12-20,1,169,1,168,0,1,0,0,1,169,0,0,1,169,California
Tuolumne,2020-12-21,112,281,98,266,14,15,0,0,112,281,0,0,112,281,California
Tuolumne,2020-12-22,169,450,169,435,0,15,0,0,169,450,0,0,169,450,California
Tuolumne,2020-12-23,186,636,184,619,2,17,0,0,186,636,0,0,186,636,California
Tuolumne,2020-12-26,3,639,3,622,0,17,0,0,3,639,0,0,3,639,California
Tuolumne,2020-12-28,77,716,75,697,2,19,0,0,77,716,0,0,77,716,California
Tuolumne,2020-12-29,102,818,39,736,63,82,0,0,102,818,0,0,102,818,California
Tuolumne,2020-12-30,77,895,22,758,55,137,0,0,77,895,0,0,77,895,California
Tuolumne,2020-12-31,27,922,20,778,7,144,0,0,27,922,0,0,27,922,California
Tuolumne,2021-01-01,6,928,5,783,1,145,0,0,6,928,0,0,6,928,California
Tuolumne,2021-01-02,118,1046,115,898,3,148,0,0,118,1046,0,0,118,1046,California
Tuolumne,2021-01-03,3,1049,2,900,1,149,0,0,3,1049,0,0,3,1049,California
Tuolumne,2021-01-04,68,1117,25,925,43,192,0,0,68,1117,0,0,68,1117,California
Tuolumne,2021-01-05,91,1208,26,951,65,257,0,0,89,1204,2,2,89,1206,California
Tuolumne,2021-01-06,111,1319,51,1002,60,317,0,0,68,1229,43,45,68,1274,California
Tuolumne,2021-01-07,119,1438,62,1064,57,374,0,0,64,1238,55,100,64,1338,California
Tuolumne,2021-01-08,103,1541,79,1143,24,398,0,0,26,1189,76,176,27,1365,California
Tuolumne,2021-01-09,1,1542,0,1143,1,399,0,0,1,1190,0,176,1,1366,California
Tuolumne,2021-01-10,3,1545,1,1144,2,401,0,0,3,1193,0,176,3,1369,California
Tuolumne,2021-01-11,114,1659,88,1232,26,427,0,0,33,1145,81,257,33,1402,California
Tuolumne,2021-01-12,101,1760,85,1317,16,443,0,0,17,1078,84,341,17,1419,California
Tuolumne,2021-01-13,230,1990,125,1442,105,548,0,0,181,1211,49,390,182,1601,California
Tuolumne,2021-01-14,130,2120,90,1532,40,588,0,0,43,1168,86,476,43,1644,California
Tuolumne,2021-01-15,476,2596,74,1606,402,990,0,0,413,1520,62,538,414,2058,California
Tuolumne,2021-01-16,7,2603,3,1609,4,994,0,0,6,1525,1,539,6,2064,California
Tuolumne,2021-01-17,6,2609,3,1612,3,997,0,0,5,1530,0,539,5,2069,California
Tuolumne,2021-01-18,46,2655,38,1650,8,1005,0,0,9,1503,36,575,9,2078,California
Tuolumne,2021-01-19,473,3128,72,1722,401,1406,0,0,428,1886,45,620,428,2506,California
Tuolumne,2021-01-20,76,3204,58,1780,18,1424,0,0,24,1859,51,671,24,2530,California
Tuolumne,2021-01-21,56,3260,22,1802,34,1458,0,0,41,1885,15,686,41,2571,California
Tuolumne,2021-01-22,166,3426,16,1818,150,1608,0,0,159,2037,7,693,159,2730,California
Tuolumne,2021-01-23,664,4090,146,1964,518,2126,0,0,551,2485,113,806,561,3291,California
Tuolumne,2021-01-24,523,4613,1,1965,522,2648,0,0,519,3002,3,809,520,3811,California
Tuolumne,2021-01-25,48,4661,27,1992,21,2669,0,0,22,2999,26,835,23,3834,California
Tuolumne,2021-01-26,80,4741,68,2060,12,2681,0,0,40,3000,40,875,41,3875,California
Tuolumne,2021-01-27,60,4801,4,2064,56,2737,0,0,7,2955,52,927,7,3882,California
Tuolumne,2021-01-28,27,4828,7,2071,20,2757,0,0,18,2964,9,936,18,3900,California
Tuolumne,2021-01-29,72,4900,6,2077,66,2823,0,0,34,2960,38,974,34,3934,California
Tuolumne,2021-01-30,709,5609,552,2629,157,2980,0,0,687,3641,22,996,703,4637,California
Tuolumne,2021-01-31,8,5617,2,2631,6,2986,0,0,5,3643,3,999,5,4642,California
Tuolumne,2021-02-01,24,5641,6,2637,18,3004,0,0,21,3661,3,1002,21,4663,California
Tuolumne,2021-02-02,645,6286,36,2673,609,3613,0,0,635,4287,9,1011,635,5298,California
Tuolumne,2021-02-03,238,6524,108,2781,130,3743,0,0,85,4219,153,1164,85,5383,California
Tuolumne,2021-02-04,125,6649,13,2794,112,3855,0,0,62,4218,63,1227,62,5445,California
Tuolumne,2021-02-05,99,6748,12,2806,87,3942,0,0,36,4192,62,1289,36,5481,California
Tuolumne,2021-02-06,852,7600,580,3386,272,4214,0,0,849,5038,3,1292,849,6330,California
Tuolumne,2021-02-07,7,7607,4,3390,3,4217,0,0,3,5037,4,1296,3,6333,California
Tuolumne,2021-02-08,91,7698,40,3430,51,4268,0,0,67,5080,24,1320,67,6400,California
Tuolumne,2021-02-09,865,8563,53,3483,812,5080,0,0,827,5869,38,1358,827,7227,California
Tuolumne,2021-02-10,87,8650,15,3498,72,5152,0,0,27,5837,59,1417,27,7254,California
Tuolumne,2021-02-11,142,8792,66,3564,76,5228,0,0,75,5845,67,1484,75,7329,California
Tuolumne,2021-02-12,640,9432,19,3583,621,5849,0,0,203,5612,436,1920,203,7532,California
Tuolumne,2021-02-13,146,9578,42,3625,104,5953,0,0,115,5702,25,1945,115,7647,California
Tuolumne,2021-02-14,148,9726,12,3637,136,6089,0,0,147,5848,1,1946,147,7794,California
Tuolumne,2021-02-15,184,9910,10,3647,174,6263,0,0,175,6014,9,1955,175,7969,California
Tuolumne,2021-02-16,525,10435,17,3664,508,6771,0,0,123,5739,400,2355,125,8094,California
Tuolumne,2021-02-17,108,10543,63,3727,45,6816,0,0,63,5758,44,2399,63,8157,California
Tuolumne,2021-02-18,675,11218,26,3753,649,7465,0,0,627,6337,48,2447,627,8784,California
Tuolumne,2021-02-19,142,11360,23,3776,119,7584,0,0,43,6281,99,2546,43,8827,California
Tuolumne,2021-02-20,904,12264,342,4118,562,8146,0,0,386,6162,506,3052,387,9214,California
Tuolumne,2021-02-21,974,13238,35,4153,939,9085,0,0,471,6133,500,3552,471,9685,California
Tuolumne,2021-02-22,77,13315,56,4209,21,9106,0,0,46,6149,30,3582,46,9731,California
Tuolumne,2021-02-23,46,13361,23,4232,23,9129,0,0,25,6154,20,3602,25,9756,California
Tuolumne,2021-02-24,102,13463,58,4290,44,9173,0,0,43,6139,58,3660,43,9799,California
Tuolumne,2021-02-25,1052,14515,36,4326,1016,10189,0,0,1021,7129,31,3691,1021,10820,California
Tuolumne,2021-02-26,143,14658,10,4336,133,10322,0,0,121,7228,22,3713,121,10941,California
Tuolumne,2021-02-27,947,15605,575,4911,372,10694,0,0,247,6791,684,4397,247,11188,California
Tuolumne,2021-02-28,55,15660,4,4915,51,10745,0,0,52,6841,2,4399,52,11240,California
Tuolumne,2021-03-01,111,15771,21,4936,90,10835,0,0,76,6885,33,4432,77,11317,California
Tuolumne,2021-03-02,705,16476,73,5009,632,11467,0,0,106,6393,598,5030,106,11423,California
Tuolumne,2021-03-03,88,16564,20,5029,68,11535,0,0,64,6433,24,5054,64,11487,California
Tuolumne,2021-03-04,1165,17729,72,5101,1093,12628,0,0,1102,7472,63,5117,1102,12589,California
Tuolumne,2021-03-05,85,17814,10,5111,75,12703,0,0,48,7485,36,5153,49,12638,California
Tuolumne,2021-03-06,1051,18865,604,5715,445,13148,2,2,204,6845,846,5999,206,12844,California
Tuolumne,2021-03-07,40,18905,12,5727,14,13162,14,16,18,6855,22,6021,32,12876,California
Tuolumne,2021-03-08,196,19101,88,5815,101,13263,7,23,140,6946,56,6077,147,13023,California
Tuolumne,2021-03-09,854,19955,16,5831,827,14090,11,34,66,6238,786,6863,78,13101,California
Tuolumne,2021-03-10,74,20029,12,5843,51,14141,11,45,51,6277,23,6886,62,13163,California
Tuolumne,2021-03-11,1273,21302,34,5877,1234,15375,5,50,1250,7511,23,6909,1257,14420,California
Tuolumne,2021-03-12,297,21599,33,5910,249,15624,15,65,190,7614,105,7014,208,14628,California
Tuolumne,2021-03-13,112,21711,12,5922,100,15724,0,65,93,7689,19,7033,94,14722,California
Tuolumne,2021-03-14,142,21853,8,5930,125,15849,9,74,8,7577,134,7167,22,14744,California
Tuolumne,2021-03-15,292,22145,79,6009,211,16060,2,76,101,7496,191,7358,110,14854,California
Tuolumne,2021-03-16,804,22949,37,6046,756,16816,11,87,667,8037,137,7495,678,15532,California
Tuolumne,2021-03-17,152,23101,31,6077,108,16924,13,100,79,8056,73,7568,92,15624,California
Tuolumne,2021-03-18,946,24047,28,6105,905,17829,13,113,319,7762,627,8195,333,15957,California
Tuolumne,2021-03-19,131,24178,16,6121,83,17912,32,145,70,7804,59,8254,101,16058,California
Tuolumne,2021-03-20,89,24267,6,6127,73,17985,10,155,37,7799,51,8305,46,16104,California
Tuolumne,2021-03-21,833,25100,390,6517,434,18419,9,164,40,7057,791,9096,49,16153,California
Tuolumne,2021-03-22,163,25263,72,6589,72,18491,19,183,97,7107,66,9162,116,16269,California
Tuolumne,2021-03-23,706,25969,637,7226,55,18546,14,197,670,7754,36,9198,683,16952,California
Tuolumne,2021-03-24,107,26076,19,7245,70,18616,18,215,75,7816,31,9229,93,17045,California
Tuolumne,2021-03-25,1291,27367,23,7268,1265,19881,3,218,322,7173,968,10197,325,17370,California
Tuolumne,2021-03-26,267,27634,15,7283,229,20110,23,241,110,7159,147,10344,133,17503,California
Tuolumne,2021-03-27,577,28211,54,7337,523,20633,0,241,315,7213,262,10606,316,17819,California
Tuolumne,2021-03-28,51,28262,8,7345,43,20676,0,241,11,7187,38,10644,12,17831,California
Tuolumne,2021-03-29,200,28462,81,7426,119,20795,0,241,105,7199,93,10737,105,17936,California
Tuolumne,2021-03-30,161,28623,13,7439,147,20942,1,242,118,7276,42,10779,119,18055,California
Tuolumne,2021-03-31,90,28713,13,7452,75,21017,2,244,34,7259,55,10834,38,18093,California
Tuolumne,2021-04-01,1231,29944,27,7479,1204,22221,0,244,215,6461,1014,11848,216,18309,California
Tuolumne,2021-04-02,163,30107,12,7491,125,22346,26,270,90,6505,72,11920,116,18425,California
Tuolumne,2021-04-03,415,30522,34,7525,380,22726,1,271,230,6553,185,12105,233,18658,California
Tuolumne,2021-04-04,33,30555,2,7527,31,22757,0,271,21,6564,10,12115,21,18679,California
Tuolumne,2021-04-05,128,30683,20,7547,102,22859,6,277,56,6554,72,12187,62,18741,California
Tuolumne,2021-04-06,635,31318,508,8055,100,22959,27,304,504,6955,131,12318,532,19273,California
Tuolumne,2021-04-07,122,31440,38,8093,68,23027,16,320,44,6937,78,12396,60,19333,California
Tuolumne,2021-04-08,1416,32856,30,8123,1372,24399,14,334,233,6003,1181,13577,247,19580,California
Tuolumne,2021-04-09,269,33125,42,8165,183,24582,44,378,128,6039,138,13715,174,19754,California
Tuolumne,2021-04-10,58,33183,3,8168,33,24615,22,400,23,6050,34,13749,45,19799,California
Tuolumne,2021-04-11,16,33199,2,8170,11,24626,3,403,11,6059,5,13754,14,19813,California
Tuolumne,2021-04-12,160,33359,67,8237,87,24713,6,409,87,6085,67,13821,93,19906,California
Tuolumne,2021-04-13,782,34141,35,8272,747,25460,0,409,167,5644,608,14429,167,20073,California
Tuolumne,2021-04-14,138,34279,27,8299,111,25571,0,409,66,5642,69,14498,67,20140,California
Tuolumne,2021-04-15,336,34615,21,8320,315,25886,0,409,58,5427,273,14771,58,20198,California
Tuolumne,2021-04-16,234,34849,50,8370,184,26070,0,409,133,5465,95,14866,133,20331,California
Tuolumne,2021-04-17,46,34895,7,8377,39,26109,0,409,29,5477,17,14883,29,20360,California
Tuolumne,2021-04-18,7,34902,2,8379,5,26114,0,409,3,5476,4,14887,3,20363,California
Tuolumne,2021-04-19,167,35069,77,8456,90,26204,0,409,90,5492,74,14961,90,20453,California
Tuolumne,2021-04-20,709,35778,614,9070,95,26299,0,409,77,4943,626,15587,77,20530,California
Tuolumne,2021-04-21,104,35882,25,9095,79,26378,0,409,59,4962,40,15627,59,20589,California
Tuolumne,2021-04-22,673,36555,46,9141,627,27005,0,409,409,5117,254,15881,409,20998,California
Tuolumne,2021-04-23,150,36705,30,9171,120,27125,0,409,77,5123,71,15952,77,21075,California
Tuolumne,2021-04-24,64,36769,12,9183,52,27177,0,409,44,5147,20,15972,44,21119,California
Tuolumne,2021-04-25,20,36789,4,9187,16,27193,0,409,17,5161,3,15975,17,21136,California
Tuolumne,2021-04-26,74,36863,52,9239,22,27215,0,409,32,5152,41,16016,32,21168,California
Ventura,2020-12-15,5,5,5,5,0,0,0,0,5,5,0,0,5,5,California
Ventura,2020-12-16,72,77,72,77,0,0,0,0,72,77,0,0,72,77,California
Ventura,2020-12-17,250,327,250,327,0,0,0,0,250,327,0,0,250,327,California
Ventura,2020-12-18,1411,1738,1411,1738,0,0,0,0,1411,1738,0,0,1411,1738,California
Ventura,2020-12-19,910,2648,910,2648,0,0,0,0,910,2648,0,0,910,2648,California
Ventura,2020-12-20,429,3077,429,3077,0,0,0,0,429,3077,0,0,429,3077,California
Ventura,2020-12-21,1470,4547,1470,4547,0,0,0,0,1470,4547,0,0,1470,4547,California
Ventura,2020-12-22,1103,5650,1098,5645,5,5,0,0,1103,5650,0,0,1103,5650,California
Ventura,2020-12-23,1026,6676,979,6624,47,52,0,0,1026,6676,0,0,1026,6676,California
Ventura,2020-12-24,477,7153,379,7003,98,150,0,0,477,7153,0,0,477,7153,California
Ventura,2020-12-25,11,7164,7,7010,4,154,0,0,11,7164,0,0,11,7164,California
Ventura,2020-12-26,111,7275,90,7100,21,175,0,0,111,7275,0,0,111,7275,California
Ventura,2020-12-27,58,7333,27,7127,31,206,0,0,58,7333,0,0,58,7333,California
Ventura,2020-12-28,1068,8401,929,8056,139,345,0,0,1068,8401,0,0,1068,8401,California
Ventura,2020-12-29,1167,9568,762,8818,405,750,0,0,1167,9568,0,0,1167,9568,California
Ventura,2020-12-30,1983,11551,1518,10336,465,1215,0,0,1983,11551,0,0,1983,11551,California
Ventura,2020-12-31,479,12030,162,10498,317,1532,0,0,479,12030,0,0,479,12030,California
Ventura,2021-01-01,20,12050,5,10503,15,1547,0,0,20,12050,0,0,20,12050,California
Ventura,2021-01-02,172,12222,79,10582,93,1640,0,0,172,12222,0,0,172,12222,California
Ventura,2021-01-03,15,12237,8,10590,7,1647,0,0,15,12237,0,0,15,12237,California
Ventura,2021-01-04,1080,13317,549,11139,531,2178,0,0,1079,13316,0,0,1079,13316,California
Ventura,2021-01-05,1371,14688,775,11914,596,2774,0,0,1330,14605,41,41,1330,14646,California
Ventura,2021-01-06,2056,16744,1179,13093,877,3651,0,0,1625,15810,422,463,1627,16273,California
Ventura,2021-01-07,2068,18812,1327,14420,741,4392,0,0,1181,16106,885,1348,1181,17454,California
Ventura,2021-01-08,2198,21010,1476,15896,722,5114,0,0,905,15721,1291,2639,906,18360,California
Ventura,2021-01-09,721,21731,500,16396,221,5335,0,0,319,15638,402,3041,319,18679,California
Ventura,2021-01-10,340,22071,326,16722,14,5349,0,0,126,15550,214,3255,126,18805,California
Ventura,2021-01-11,2445,24516,1488,18210,957,6306,0,0,1492,16092,953,4208,1495,20300,California
Ventura,2021-01-12,3036,27552,1606,19816,1430,7736,0,0,2014,17084,1022,5230,2014,22314,California
Ventura,2021-01-13,2924,30476,1423,21239,1501,9237,0,0,2041,18246,880,6110,2042,24356,California
Ventura,2021-01-14,2728,33204,1058,22297,1670,10907,0,0,2283,20086,444,6554,2284,26640,California
Ventura,2021-01-15,2887,36091,969,23266,1918,12825,0,0,2675,22550,212,6766,2676,29316,California
Ventura,2021-01-16,483,36574,186,23452,297,13122,0,0,403,22873,80,6846,403,29719,California
Ventura,2021-01-17,260,36834,137,23589,123,13245,0,0,254,23121,6,6852,254,29973,California
Ventura,2021-01-18,2218,39052,1672,25261,546,13791,0,0,1668,24241,549,7401,1669,31642,California
Ventura,2021-01-19,3034,42086,2115,27376,919,14710,0,0,2143,25495,891,8292,2145,33787,California
Ventura,2021-01-20,4059,46145,3108,30484,951,15661,0,0,3023,27486,1033,9325,3024,36811,California
Ventura,2021-01-21,3836,49981,2670,33154,1166,16827,0,0,3166,29986,667,9992,3167,39978,California
Ventura,2021-01-22,3608,53589,2490,35644,1118,17945,0,0,3447,33272,161,10153,3447,43425,California
Ventura,2021-01-23,1184,54773,650,36294,534,18479,0,0,1083,34257,100,10253,1085,44510,California
Ventura,2021-01-24,451,55224,137,36431,314,18793,0,0,438,34682,13,10266,438,44948,California
Ventura,2021-01-25,3148,58372,2028,38459,1120,19913,0,0,2598,36732,549,10815,2599,47547,California
Ventura,2021-01-26,3707,62079,2201,40660,1506,21419,0,0,2711,38449,995,11810,2712,50259,California
Ventura,2021-01-27,3456,65535,1556,42216,1900,23319,0,0,2718,40432,735,12545,2718,52977,California
Ventura,2021-01-28,3854,69389,1978,44194,1876,25195,0,0,3240,43077,597,13142,3242,56219,California
Ventura,2021-01-29,4262,73651,2521,46715,1741,26936,0,0,3761,46353,488,13630,3764,59983,California
Ventura,2021-01-30,3032,76683,1962,48677,1070,28006,0,0,2863,49051,166,13796,2864,62847,California
Ventura,2021-01-31,831,77514,444,49121,387,28393,0,0,746,49712,85,13881,746,63593,California
Ventura,2021-02-01,3936,81450,2108,51229,1828,30221,0,0,3167,52114,766,14647,3168,66761,California
Ventura,2021-02-02,4399,85849,2371,53600,2028,32249,0,0,3377,54474,1018,15665,3378,70139,California
Ventura,2021-02-03,4452,90301,2089,55689,2363,34612,0,0,3441,56910,1006,16671,3442,73581,California
Ventura,2021-02-04,4769,95070,2285,57974,2484,37096,0,0,3518,59186,1244,17915,3520,77101,California
Ventura,2021-02-05,4828,99898,2310,60284,2518,39614,0,0,3338,61049,1477,19392,3340,80441,California
Ventura,2021-02-06,2833,102731,1514,61798,1319,40933,0,0,2431,63079,401,19793,2431,82872,California
Ventura,2021-02-07,710,103441,241,62039,469,41402,0,0,584,63538,126,19919,585,83457,California
Ventura,2021-02-08,3495,106936,1622,63661,1873,43275,0,0,2425,64898,1065,20984,2425,85882,California
Ventura,2021-02-09,4716,111652,1973,65634,2743,46018,0,0,2467,65119,2248,23232,2469,88351,California
Ventura,2021-02-10,4710,116362,2235,67869,2475,48493,0,0,2403,65227,2296,25528,2404,90755,California
Ventura,2021-02-11,4658,121020,1862,69731,2796,51289,0,0,2447,65473,2204,27732,2450,93205,California
Ventura,2021-02-12,6298,127318,2657,72388,3641,54930,0,0,3221,65619,3075,30807,3221,96426,California
Ventura,2021-02-13,3293,130611,1826,74214,1467,56397,0,0,1842,66016,1447,32254,1844,98270,California
Ventura,2021-02-14,1226,131837,124,74338,1102,57499,0,0,1010,66811,216,32470,1011,99281,California
Ventura,2021-02-15,3985,135822,1795,76133,2190,59689,0,0,2115,67059,1867,34337,2115,101396,California
Ventura,2021-02-16,5531,141353,2701,78834,2830,62519,0,0,3007,67549,2517,36854,3007,104403,California
Ventura,2021-02-17,5229,146582,1919,80753,3310,65829,0,0,3263,68855,1957,38811,3263,107666,California
Ventura,2021-02-18,5777,152359,1830,82583,3947,69776,0,0,3637,70361,2131,40942,3637,111303,California
Ventura,2021-02-19,6449,158808,3769,86352,2680,72456,0,0,3011,69943,3431,44373,3013,114316,California
Ventura,2021-02-20,4926,163734,3162,89514,1764,74220,0,0,2771,70564,2151,46524,2772,117088,California
Ventura,2021-02-21,1043,164777,755,90269,288,74508,0,0,428,70382,610,47134,428,117516,California
Ventura,2021-02-22,5363,170140,2407,92676,2956,77464,0,0,3449,71926,1905,49039,3449,120965,California
Ventura,2021-02-23,5923,176063,2963,95639,2960,80424,0,0,3414,72849,2493,51532,3416,124381,California
Ventura,2021-02-24,6995,183058,2608,98247,4387,84811,0,0,4248,74366,2733,54265,4250,128631,California
Ventura,2021-02-25,7485,190543,2571,100818,4914,89725,0,0,4573,76043,2898,57163,4575,133206,California
Ventura,2021-02-26,9332,199875,2760,103578,6572,96297,0,0,6158,79054,3149,60312,6160,139366,California
Ventura,2021-02-27,9984,209859,5267,108845,4717,101014,0,0,7366,83825,2603,62915,7374,146740,California
Ventura,2021-02-28,2563,212422,1630,110475,932,101946,1,1,2096,85460,461,63376,2096,148836,California
Ventura,2021-03-01,6933,219355,2806,113281,4127,106073,0,1,4620,87789,2304,65680,4633,153469,California
Ventura,2021-03-02,7466,226821,3932,117213,3533,109606,1,2,5247,90825,2211,67891,5247,158716,California
Ventura,2021-03-03,8502,235323,3890,121103,4612,114218,0,2,6064,94468,2425,70316,6068,164784,California
Ventura,2021-03-04,8051,243374,3865,124968,4186,118404,0,2,5431,97293,2607,72923,5432,170216,California
Ventura,2021-03-05,9963,253337,4797,129765,5156,123560,10,12,7078,101517,2872,75795,7096,177312,California
Ventura,2021-03-06,7233,260570,4397,134162,2683,126243,153,165,5323,105091,1904,77699,5478,182790,California
Ventura,2021-03-07,1650,262220,601,134763,948,127191,101,266,1234,106010,416,78115,1335,184125,California
Ventura,2021-03-08,6736,268956,3414,138177,3168,130359,154,420,4632,108701,2098,80213,4789,188914,California
Ventura,2021-03-09,6517,275473,2804,140981,3516,133875,197,617,3655,109705,2850,83063,3854,192768,California
Ventura,2021-03-10,6792,282265,2965,143946,3589,137464,238,855,4479,112118,2304,85367,4717,197485,California
Ventura,2021-03-11,6269,288534,2883,146829,3167,140631,219,1074,3413,112904,2845,88212,3631,201116,California
Ventura,2021-03-12,8492,297026,3032,149861,4618,145249,842,1916,4088,113447,4388,92600,4931,206047,California
Ventura,2021-03-13,6676,303702,2495,152356,3341,148590,840,2756,3752,115121,2917,95517,4591,210638,California
Ventura,2021-03-14,2130,305832,477,152833,1158,149748,495,3251,730,114948,1399,96916,1226,211864,California
Ventura,2021-03-15,6911,312743,2047,154880,3514,153262,1350,4601,2969,115347,3917,100833,4316,216180,California
Ventura,2021-03-16,7891,320634,2451,157331,4327,157589,1113,5714,3976,116530,3903,104736,5086,221266,California
Ventura,2021-03-17,7446,328080,2759,160090,4341,161930,346,6060,4452,118356,2974,107710,4800,226066,California
Ventura,2021-03-18,7211,335291,3266,163356,3792,165722,153,6213,4698,120705,2500,110210,4849,230915,California
Ventura,2021-03-19,8318,343609,3764,167120,4444,170166,110,6323,4950,122411,3352,113562,5058,235973,California
Ventura,2021-03-20,8134,351743,5241,172361,2873,173039,20,6343,3889,122096,4225,117787,3910,239883,California
Ventura,2021-03-21,2775,354518,1507,173868,897,173936,371,6714,1315,122331,1450,119237,1685,241568,California
Ventura,2021-03-22,7327,361845,3683,177551,3542,177478,102,6816,4840,124802,2473,121710,4944,246512,California
Ventura,2021-03-23,8170,370015,3874,181425,4225,181703,71,6887,4662,126050,3484,125194,4732,251244,California
Ventura,2021-03-24,8839,378854,3406,184831,5359,187062,74,6961,4411,126133,4402,129596,4485,255729,California
Ventura,2021-03-25,8774,387628,3905,188736,4769,191831,100,7061,4437,126349,4321,133917,4537,260266,California
Ventura,2021-03-26,9667,397295,3335,192071,5679,197510,653,7714,3763,124887,5877,139794,4415,264681,California
Ventura,2021-03-27,8103,405398,3899,195970,4164,201674,40,7754,2394,121631,5691,145485,2435,267116,California
Ventura,2021-03-28,2511,407909,1396,197366,1106,202780,9,7763,1376,121885,1131,146616,1385,268501,California
Ventura,2021-03-29,8446,416355,4260,201626,4142,206922,44,7807,4218,121947,4200,150816,4262,272763,California
Ventura,2021-03-30,8909,425264,4391,206017,4393,211315,125,7932,4534,122241,4363,155179,4657,277420,California
Ventura,2021-03-31,10637,435901,4806,210823,5204,216519,627,8559,4619,121487,5998,161177,5244,282664,California
Ventura,2021-04-01,10610,446511,5177,216000,4565,221084,868,9427,5381,122520,5212,166389,6245,288909,California
Ventura,2021-04-02,11371,457882,4575,220575,5548,226632,1248,10675,5362,123149,5985,172374,6614,295523,California
Ventura,2021-04-03,8005,465887,3946,224521,2927,229559,1132,11807,3365,123014,4630,177004,4495,300018,California
Ventura,2021-04-04,1710,467597,962,225483,619,230178,129,11936,1155,123748,550,177554,1284,301302,California
Ventura,2021-04-05,9204,476801,4864,230347,3285,233463,1055,12991,4683,124971,4514,182068,5737,307039,California
Ventura,2021-04-06,10793,487594,5539,235886,3794,237257,1460,14451,5545,126747,5227,187295,7003,314042,California
Ventura,2021-04-07,11221,498815,5423,241309,4329,241586,1469,15920,5116,127236,6090,193385,6579,320621,California
Ventura,2021-04-08,10191,509006,5287,246596,3979,245565,925,16845,5098,128175,5077,198462,6016,326637,California
Ventura,2021-04-09,10987,519993,4330,250926,4969,250534,1688,18533,4823,128538,6143,204605,6506,333143,California
Ventura,2021-04-10,9108,529101,3486,254412,3474,254008,2148,20681,2991,127571,6102,210707,5135,338278,California
Ventura,2021-04-11,2414,531515,864,255276,992,255000,558,21239,687,127095,1720,212427,1244,339522,California
Ventura,2021-04-12,8870,540385,4463,259739,3612,258612,795,22034,3737,126507,5115,217542,4527,344049,California
Ventura,2021-04-13,8737,549122,4437,264176,4294,262906,6,22040,3741,125295,4959,222501,3747,347796,California
Ventura,2021-04-14,8642,557764,4051,268227,4576,267482,15,22055,3364,123436,5240,227741,3381,351177,California
Ventura,2021-04-15,9223,566987,4472,272699,4744,272226,7,22062,4049,122337,5155,232896,4056,355233,California
Ventura,2021-04-16,10018,577005,4438,277137,5580,277806,0,22062,4844,122019,5164,238060,4846,360079,California
Ventura,2021-04-17,8516,585521,5290,282427,3225,281031,1,22063,4989,123493,3517,241577,4991,365070,California
Ventura,2021-04-18,2107,587628,1011,283438,1096,282127,0,22063,905,123202,1196,242773,905,365975,California
Ventura,2021-04-19,7976,595604,4823,288261,3152,285279,1,22064,4611,124465,3349,246122,4612,370587,California
Ventura,2021-04-20,9182,604786,4892,293153,4290,289569,0,22064,4328,123958,4837,250959,4330,374917,California
Ventura,2021-04-21,8757,613543,4533,297686,4222,293791,2,22066,4166,123555,4572,255531,4169,379086,California
Ventura,2021-04-22,9900,623443,5460,303146,4440,298231,0,22066,4433,122535,5453,260984,4433,383519,California
Ventura,2021-04-23,10199,633642,5269,308415,4930,303161,0,22066,5232,122826,4941,265925,5232,388751,California
Ventura,2021-04-24,9300,642942,5572,313987,3728,306889,0,22066,5633,124804,3655,269580,5633,394384,California
Ventura,2021-04-25,2154,645096,1428,315415,726,307615,0,22066,920,124493,1231,270811,920,395304,California
Ventura,2021-04-26,3419,648515,2063,317478,1334,308949,22,22088,1349,123808,2061,272872,1376,396680,California
Yolo,2020-12-15,39,39,39,39,0,0,0,0,39,39,0,0,39,39,California
Yolo,2020-12-16,78,117,78,117,0,0,0,0,78,117,0,0,78,117,California
Yolo,2020-12-17,102,219,102,219,0,0,0,0,102,219,0,0,102,219,California
Yolo,2020-12-18,210,429,210,429,0,0,0,0,210,429,0,0,210,429,California
Yolo,2020-12-19,87,516,87,516,0,0,0,0,87,516,0,0,87,516,California
Yolo,2020-12-20,101,617,101,617,0,0,0,0,101,617,0,0,101,617,California
Yolo,2020-12-21,253,870,253,870,0,0,0,0,253,870,0,0,253,870,California
Yolo,2020-12-22,382,1252,381,1251,1,1,0,0,382,1252,0,0,382,1252,California
Yolo,2020-12-23,430,1682,412,1663,18,19,0,0,430,1682,0,0,430,1682,California
Yolo,2020-12-24,150,1832,94,1757,56,75,0,0,150,1832,0,0,150,1832,California
Yolo,2020-12-25,1,1833,1,1758,0,75,0,0,1,1833,0,0,1,1833,California
Yolo,2020-12-26,75,1908,25,1783,50,125,0,0,75,1908,0,0,75,1908,California
Yolo,2020-12-27,46,1954,19,1802,27,152,0,0,46,1954,0,0,46,1954,California
Yolo,2020-12-28,345,2299,178,1980,167,319,0,0,345,2299,0,0,345,2299,California
Yolo,2020-12-29,487,2786,268,2248,219,538,0,0,487,2786,0,0,487,2786,California
Yolo,2020-12-30,622,3408,255,2503,367,905,0,0,622,3408,0,0,622,3408,California
Yolo,2020-12-31,184,3592,95,2598,89,994,0,0,184,3592,0,0,184,3592,California
Yolo,2021-01-01,57,3649,56,2654,1,995,0,0,57,3649,0,0,57,3649,California
Yolo,2021-01-02,68,3717,25,2679,43,1038,0,0,68,3717,0,0,68,3717,California
Yolo,2021-01-03,44,3761,19,2698,25,1063,0,0,44,3761,0,0,44,3761,California
Yolo,2021-01-04,193,3954,43,2741,150,1213,0,0,193,3954,0,0,193,3954,California
Yolo,2021-01-05,609,4563,235,2976,374,1587,0,0,548,4441,61,61,548,4502,California
Yolo,2021-01-06,481,5044,183,3159,298,1885,0,0,350,4660,131,192,350,4852,California
Yolo,2021-01-07,710,5754,234,3393,476,2361,0,0,520,4991,189,381,520,5372,California
Yolo,2021-01-08,631,6385,311,3704,320,2681,0,0,414,5189,216,597,414,5786,California
Yolo,2021-01-09,411,6796,68,3772,343,3024,0,0,365,5508,46,643,365,6151,California
Yolo,2021-01-10,393,7189,80,3852,313,3337,0,0,323,5761,70,713,323,6474,California
Yolo,2021-01-11,561,7750,324,4176,237,3574,0,0,292,5786,269,982,294,6768,California
Yolo,2021-01-12,481,8231,364,4540,117,3691,0,0,173,5652,308,1290,174,6942,California
Yolo,2021-01-13,768,8999,310,4850,458,4149,0,0,519,5922,249,1539,519,7461,California
Yolo,2021-01-14,374,9373,181,5031,193,4342,0,0,270,6088,104,1643,270,7731,California
Yolo,2021-01-15,624,9997,321,5352,303,4645,0,0,545,6555,79,1722,546,8277,California
Yolo,2021-01-16,738,10735,95,5447,643,5288,0,0,707,7231,31,1753,707,8984,California
Yolo,2021-01-17,186,10921,117,5564,69,5357,0,0,179,7403,7,1760,179,9163,California
Yolo,2021-01-18,478,11399,303,5867,175,5532,0,0,380,7685,98,1858,380,9543,California
Yolo,2021-01-19,553,11952,372,6239,181,5713,0,0,378,7888,175,2033,378,9921,California
Yolo,2021-01-20,659,12611,381,6620,278,5991,0,0,474,8178,184,2217,474,10395,California
Yolo,2021-01-21,646,13257,382,7002,264,6255,0,0,458,8448,188,2405,458,10853,California
Yolo,2021-01-22,745,14002,250,7252,495,6750,0,0,628,8961,115,2520,628,11481,California
Yolo,2021-01-23,613,14615,124,7376,489,7239,0,0,566,9480,47,2567,566,12047,California
Yolo,2021-01-24,207,14822,124,7500,83,7322,0,0,166,9605,41,2608,166,12213,California
Yolo,2021-01-25,727,15549,153,7653,574,7896,0,0,513,9904,214,2822,513,12726,California
Yolo,2021-01-26,817,16366,326,7979,491,8387,0,0,429,9945,388,3210,429,13155,California
Yolo,2021-01-27,554,16920,223,8202,331,8718,0,0,381,10153,173,3383,381,13536,California
Yolo,2021-01-28,1045,17965,563,8765,482,9200,0,0,922,10953,122,3505,922,14458,California
Yolo,2021-01-29,867,18832,263,9028,604,9804,0,0,785,11657,81,3586,785,15243,California
Yolo,2021-01-30,1516,20348,916,9944,600,10404,0,0,1408,12963,102,3688,1408,16651,California
Yolo,2021-01-31,249,20597,211,10155,38,10442,0,0,214,13143,34,3722,214,16865,California
Yolo,2021-02-01,842,21439,359,10514,483,10925,0,0,612,13528,227,3949,612,17477,California
Yolo,2021-02-02,1319,22758,745,11259,574,11499,0,0,929,14068,390,4339,930,18407,California
Yolo,2021-02-03,1513,24271,396,11655,1117,12616,0,0,1183,14924,327,4666,1183,19590,California
Yolo,2021-02-04,1786,26057,281,11936,1505,14121,0,0,1237,15624,538,5204,1238,20828,California
Yolo,2021-02-05,1592,27649,899,12835,693,14814,0,0,1194,16421,398,5602,1195,22023,California
Yolo,2021-02-06,1919,29568,1246,14081,673,15487,0,0,1558,17619,361,5963,1559,23582,California
Yolo,2021-02-07,517,30085,248,14329,269,15756,0,0,170,17443,346,6309,170,23752,California
Yolo,2021-02-08,946,31031,331,14660,615,16371,0,0,603,17706,340,6649,603,24355,California
Yolo,2021-02-09,860,31891,388,15048,472,16843,0,0,578,18002,282,6931,578,24933,California
Yolo,2021-02-10,1455,33346,476,15524,979,17822,0,0,818,18185,637,7568,820,25753,California
Yolo,2021-02-11,1559,34905,795,16319,764,18586,0,0,1182,18990,377,7945,1182,26935,California
Yolo,2021-02-12,1905,36810,747,17066,1158,19744,0,0,1439,19967,462,8407,1439,28374,California
Yolo,2021-02-13,2048,38858,710,17776,1338,21082,0,0,1385,20689,663,9070,1385,29759,California
Yolo,2021-02-14,567,39425,152,17928,415,21497,0,0,442,21007,124,9194,442,30201,California
Yolo,2021-02-15,528,39953,189,18117,339,21836,0,0,265,21010,263,9457,266,30467,California
Yolo,2021-02-16,1120,41073,424,18541,696,22532,0,0,808,21506,312,9769,808,31275,California
Yolo,2021-02-17,1381,42454,698,19239,683,23215,0,0,990,22105,391,10160,990,32265,California
Yolo,2021-02-18,2492,44946,811,20050,1681,24896,0,0,1729,23071,763,10923,1729,33994,California
Yolo,2021-02-19,1736,46682,743,20793,993,25889,0,0,1117,23571,617,11540,1117,35111,California
Yolo,2021-02-20,2432,49114,942,21735,1490,27379,0,0,1360,23865,1067,12607,1361,36472,California
Yolo,2021-02-21,282,49396,225,21960,57,27436,0,0,73,23730,208,12815,73,36545,California
Yolo,2021-02-22,1360,50756,599,22559,761,28197,0,0,693,23757,666,13481,693,37238,California
Yolo,2021-02-23,1120,51876,840,23399,280,28477,0,0,439,23517,679,14160,439,37677,California
Yolo,2021-02-24,2089,53965,589,23988,1500,29977,0,0,1381,24192,706,14866,1381,39058,California
Yolo,2021-02-25,1338,55303,444,24432,894,30871,0,0,873,24601,464,15330,873,39931,California
Yolo,2021-02-26,2567,57870,986,25418,1581,32452,0,0,1369,24775,1195,16525,1369,41300,California
Yolo,2021-02-27,1648,59518,765,26183,883,33335,0,0,1198,25523,450,16975,1198,42498,California
Yolo,2021-02-28,1772,61290,1489,27672,283,33618,0,0,680,25113,1090,18065,680,43178,California
Yolo,2021-03-01,1088,62378,354,28026,734,34352,0,0,658,25343,428,18493,658,43836,California
Yolo,2021-03-02,1457,63835,678,28704,779,35131,0,0,928,25742,529,19022,928,44764,California
Yolo,2021-03-03,1816,65651,611,29315,1205,36336,0,0,812,25552,1002,20024,812,45576,California
Yolo,2021-03-04,2848,68499,1406,30721,1442,37778,0,0,1540,25786,1306,21330,1540,47116,California
Yolo,2021-03-05,2337,70836,1392,32113,934,38712,11,11,1467,26395,869,22199,1478,48594,California
Yolo,2021-03-06,1472,72308,1121,33234,322,39034,29,40,839,26633,630,22829,868,49462,California
Yolo,2021-03-07,903,73211,670,33904,219,39253,14,54,770,27284,133,22962,784,50246,California
Yolo,2021-03-08,1077,74288,480,34384,554,39807,43,97,752,27755,325,23287,796,51042,California
Yolo,2021-03-09,1243,75531,669,35053,514,40321,60,157,755,28084,486,23773,815,51857,California
Yolo,2021-03-10,1784,77315,1040,36093,453,40774,291,448,743,28074,1039,24812,1029,52886,California
Yolo,2021-03-11,2278,79593,1534,37627,677,41451,67,515,1567,28999,710,25522,1635,54521,California
Yolo,2021-03-12,2886,82479,1340,38967,1467,42918,79,594,1370,28939,1508,27030,1448,55969,California
Yolo,2021-03-13,1841,84320,730,39697,934,43852,177,771,1007,29293,830,27860,1184,57153,California
Yolo,2021-03-14,1007,85327,213,39910,644,44496,150,921,526,29485,480,28340,672,57825,California
Yolo,2021-03-15,1319,86646,773,40683,370,44866,176,1097,703,29748,614,28954,877,58702,California
Yolo,2021-03-16,1864,88510,714,41397,1078,45944,72,1169,1101,30158,763,29717,1173,59875,California
Yolo,2021-03-17,2480,90990,965,42362,1443,47387,72,1241,1700,31184,777,30494,1803,61678,California
Yolo,2021-03-18,2883,93873,896,43258,1764,49151,223,1464,1173,30872,1708,32202,1396,63074,California
Yolo,2021-03-19,2037,95910,816,44074,1154,50305,67,1531,1073,31054,958,33160,1140,64214,California
Yolo,2021-03-20,2744,98654,815,44889,1888,52193,41,1572,1114,30587,1624,34784,1157,65371,California
Yolo,2021-03-21,317,98971,216,45105,93,52286,8,1580,229,30738,86,34870,237,65608,California
Yolo,2021-03-22,1387,100358,484,45589,851,53137,52,1632,914,31232,471,35341,965,66573,California
Yolo,2021-03-23,1724,102082,931,46520,737,53874,56,1688,1065,31695,658,35999,1121,67694,California
Yolo,2021-03-24,2838,104920,1385,47905,1404,55278,49,1737,1419,31754,1409,37408,1468,69162,California
Yolo,2021-03-25,2418,107338,1296,49201,1095,56373,27,1764,1156,31685,1252,38660,1183,70345,California
Yolo,2021-03-26,2382,109720,1239,50440,1124,57497,19,1783,1024,31376,1351,40011,1042,71387,California
Yolo,2021-03-27,1636,111356,455,50895,1165,58662,16,1799,755,31267,880,40891,771,72158,California
Yolo,2021-03-28,1102,112458,860,51755,224,58886,18,1817,272,30731,826,41717,290,72448,California
Yolo,2021-03-29,1997,114455,819,52574,1160,60046,18,1835,989,30734,1004,42721,1007,73455,California
Yolo,2021-03-30,2272,116727,1067,53641,1182,61228,23,1858,1191,30872,1076,43797,1214,74669,California
Yolo,2021-03-31,2332,119059,1205,54846,1091,62319,36,1894,1205,30987,1126,44923,1241,75910,California
Yolo,2021-04-01,3747,122806,1765,56611,1507,63826,475,2369,1570,30858,2174,47097,2045,77955,California
Yolo,2021-04-02,3347,126153,1481,58092,1723,65549,143,2512,2070,31800,1271,48368,2213,80168,California
Yolo,2021-04-03,1788,127941,1080,59172,493,66042,215,2727,800,31828,987,49355,1015,81183,California
Yolo,2021-04-04,385,128326,151,59323,171,66213,63,2790,143,31792,242,49597,206,81389,California
Yolo,2021-04-05,1894,130220,721,60044,1075,67288,98,2888,1011,32022,879,50476,1109,82498,California
Yolo,2021-04-06,2555,132775,1294,61338,1091,68379,170,3058,1309,32265,1237,51713,1480,83978,California
Yolo,2021-04-07,2968,135743,1512,62850,1105,69484,351,3409,1924,33502,1037,52750,2274,86252,California
Yolo,2021-04-08,2406,138149,992,63842,944,70428,470,3879,1023,33613,1380,54130,1491,87743,California
Yolo,2021-04-09,2425,140574,877,64719,1054,71482,494,4373,803,33290,1619,55749,1296,89039,California
Yolo,2021-04-10,1680,142254,790,65509,719,72201,171,4544,997,33778,679,56428,1167,90206,California
Yolo,2021-04-11,866,143120,261,65770,560,72761,45,4589,344,33647,519,56947,388,90594,California
Yolo,2021-04-12,1752,144872,515,66285,1095,73856,142,4731,1089,34218,660,57607,1231,91825,California
Yolo,2021-04-13,1931,146803,873,67158,1058,74914,0,4731,1001,34291,928,58535,1001,92826,California
Yolo,2021-04-14,2731,149534,734,67892,1997,76911,0,4731,1351,34267,1375,59910,1351,94177,California
Yolo,2021-04-15,3197,152731,1041,68933,2156,79067,0,4731,2247,35568,946,60856,2247,96424,California
Yolo,2021-04-16,2900,155631,1843,70776,1057,80124,0,4731,1831,36334,1065,61921,1831,98255,California
Yolo,2021-04-17,1513,157144,420,71196,1093,81217,0,4731,746,36318,762,62683,746,99001,California
Yolo,2021-04-18,591,157735,263,71459,328,81545,0,4731,349,36428,239,62922,349,99350,California
Yolo,2021-04-19,1666,159401,718,72177,947,82492,1,4732,770,36308,891,63813,771,100121,California
Yolo,2021-04-20,1995,161396,1008,73185,987,83479,0,4732,1076,36467,917,64730,1076,101197,California
Yolo,2021-04-21,1991,163387,1000,74185,991,84470,0,4732,1097,36673,891,65621,1097,102294,California
Yolo,2021-04-22,1734,165121,736,74921,998,85468,0,4732,903,36752,825,66446,904,103198,California
Yolo,2021-04-23,1818,166939,895,75816,923,86391,0,4732,1047,37038,763,67209,1049,104247,California
Yolo,2021-04-24,750,167689,357,76173,391,86782,2,4734,306,36909,437,67646,308,104555,California
Yolo,2021-04-25,672,168361,281,76454,391,87173,0,4734,516,37269,156,67802,516,105071,California
Yolo,2021-04-26,701,169062,252,76706,446,87619,3,4737,262,37097,437,68239,265,105336,California
Yuba,2020-12-16,4,4,4,4,0,0,0,0,4,4,0,0,4,4,California
Yuba,2020-12-17,4,8,4,8,0,0,0,0,4,8,0,0,4,8,California
Yuba,2020-12-18,8,16,8,16,0,0,0,0,8,16,0,0,8,16,California
Yuba,2020-12-19,12,28,12,28,0,0,0,0,12,28,0,0,12,28,California
Yuba,2020-12-20,20,48,20,48,0,0,0,0,20,48,0,0,20,48,California
Yuba,2020-12-21,40,88,40,88,0,0,0,0,40,88,0,0,40,88,California
Yuba,2020-12-22,86,174,86,174,0,0,0,0,86,174,0,0,86,174,California
Yuba,2020-12-23,63,237,61,235,2,2,0,0,63,237,0,0,63,237,California
Yuba,2020-12-24,20,257,10,245,10,12,0,0,20,257,0,0,20,257,California
Yuba,2020-12-26,15,272,13,258,2,14,0,0,15,272,0,0,15,272,California
Yuba,2020-12-27,15,287,15,273,0,14,0,0,15,287,0,0,15,287,California
Yuba,2020-12-28,51,338,35,308,16,30,0,0,51,338,0,0,51,338,California
Yuba,2020-12-29,75,413,10,318,65,95,0,0,75,413,0,0,75,413,California
Yuba,2020-12-30,63,476,20,338,43,138,0,0,63,476,0,0,63,476,California
Yuba,2020-12-31,36,512,6,344,30,168,0,0,36,512,0,0,36,512,California
Yuba,2021-01-02,23,535,22,366,1,169,0,0,23,535,0,0,23,535,California
Yuba,2021-01-03,10,545,6,372,4,173,0,0,10,545,0,0,10,545,California
Yuba,2021-01-04,90,635,21,393,69,242,0,0,90,635,0,0,90,635,California
Yuba,2021-01-05,68,703,36,429,32,274,0,0,67,701,1,1,67,702,California
Yuba,2021-01-06,153,856,76,505,77,351,0,0,147,842,6,7,147,849,California
Yuba,2021-01-07,75,931,19,524,56,407,0,0,72,910,4,11,72,921,California
Yuba,2021-01-08,73,1004,25,549,48,455,0,0,66,969,7,18,66,987,California
Yuba,2021-01-09,19,1023,16,565,3,458,0,0,11,972,8,26,11,998,California
Yuba,2021-01-10,117,1140,22,587,95,553,0,0,95,1045,22,48,95,1093,California
Yuba,2021-01-11,72,1212,50,637,22,575,0,0,32,1037,40,88,32,1125,California
Yuba,2021-01-12,107,1319,77,714,30,605,0,0,42,1014,65,153,42,1167,California
Yuba,2021-01-13,118,1437,71,785,47,652,0,0,54,1005,63,216,54,1221,California
Yuba,2021-01-14,109,1546,43,828,66,718,0,0,97,1090,12,228,97,1318,California
Yuba,2021-01-15,206,1752,88,916,118,836,0,0,195,1274,11,239,195,1513,California
Yuba,2021-01-16,184,1936,21,937,163,999,0,0,172,1433,13,252,172,1685,California
Yuba,2021-01-17,13,1949,9,946,4,1003,0,0,7,1434,6,258,7,1692,California
Yuba,2021-01-18,60,2009,32,978,28,1031,0,0,35,1444,25,283,35,1727,California
Yuba,2021-01-19,80,2089,29,1007,51,1082,0,0,65,1494,15,298,65,1792,California
Yuba,2021-01-20,132,2221,87,1094,45,1127,0,0,109,1580,23,321,109,1901,California
Yuba,2021-01-21,210,2431,95,1189,115,1242,0,0,202,1774,8,329,202,2103,California
Yuba,2021-01-22,103,2534,6,1195,97,1339,0,0,94,1859,9,338,94,2197,California
Yuba,2021-01-23,200,2734,7,1202,193,1532,0,0,197,2053,3,341,197,2394,California
Yuba,2021-01-24,10,2744,7,1209,3,1535,0,0,8,2059,2,343,8,2402,California
Yuba,2021-01-25,83,2827,27,1236,56,1591,0,0,52,2081,30,373,52,2454,California
Yuba,2021-01-26,148,2975,39,1275,109,1700,0,0,92,2117,56,429,92,2546,California
Yuba,2021-01-27,182,3157,128,1403,54,1754,0,0,115,2165,67,496,115,2661,California
Yuba,2021-01-28,215,3372,79,1482,136,1890,0,0,174,2298,41,537,174,2835,California
Yuba,2021-01-29,159,3531,56,1538,103,1993,0,0,112,2363,47,584,112,2947,California
Yuba,2021-01-30,410,3941,23,1561,387,2380,0,0,399,2751,11,595,399,3346,California
Yuba,2021-01-31,17,3958,12,1573,5,2385,0,0,15,2764,2,597,15,3361,California
Yuba,2021-02-01,155,4113,75,1648,80,2465,0,0,131,2873,23,620,132,3493,California
Yuba,2021-02-02,123,4236,23,1671,100,2565,0,0,101,2952,22,642,101,3594,California
Yuba,2021-02-03,225,4461,29,1700,196,2761,0,0,113,2954,111,753,113,3707,California
Yuba,2021-02-04,295,4756,120,1820,175,2936,0,0,252,3163,43,796,252,3959,California
Yuba,2021-02-05,146,4902,32,1852,114,3050,0,0,70,3157,76,872,70,4029,California
Yuba,2021-02-06,448,5350,26,1878,422,3472,0,0,440,3589,8,880,440,4469,California
Yuba,2021-02-07,18,5368,11,1889,7,3479,0,0,15,3601,3,883,15,4484,California
Yuba,2021-02-08,95,5463,35,1924,60,3539,0,0,66,3638,29,912,66,4550,California
Yuba,2021-02-09,153,5616,55,1979,98,3637,0,0,84,3653,69,981,84,4634,California
Yuba,2021-02-10,352,5968,172,2151,180,3817,0,0,114,3530,237,1218,114,4748,California
Yuba,2021-02-11,398,6366,64,2215,334,4151,0,0,302,3738,94,1312,302,5050,California
Yuba,2021-02-12,264,6630,27,2242,237,4388,0,0,151,3776,113,1425,151,5201,California
Yuba,2021-02-13,435,7065,35,2277,400,4788,0,0,387,4115,48,1473,387,5588,California
Yuba,2021-02-14,54,7119,11,2288,43,4831,0,0,49,4159,5,1478,49,5637,California
Yuba,2021-02-15,88,7207,36,2324,52,4883,0,0,69,4209,19,1497,69,5706,California
Yuba,2021-02-16,198,7405,53,2377,145,5028,0,0,140,4292,57,1554,140,5846,California
Yuba,2021-02-17,369,7774,155,2532,214,5242,0,0,98,4120,270,1824,98,5944,California
Yuba,2021-02-18,317,8091,46,2578,271,5513,0,0,194,4191,123,1947,194,6138,California
Yuba,2021-02-19,224,8315,84,2662,140,5653,0,0,141,4249,83,2030,141,6279,California
Yuba,2021-02-20,390,8705,30,2692,360,6013,0,0,336,4531,54,2084,336,6615,California
Yuba,2021-02-21,16,8721,14,2706,2,6015,0,0,6,4527,10,2094,6,6621,California
Yuba,2021-02-22,128,8849,79,2785,49,6064,0,0,38,4476,89,2183,38,6659,California
Yuba,2021-02-23,113,8962,25,2810,88,6152,0,0,46,4456,66,2249,46,6705,California
Yuba,2021-02-24,479,9441,135,2945,344,6496,0,0,106,4189,373,2622,106,6811,California
Yuba,2021-02-25,332,9773,133,3078,199,6695,0,0,204,4265,128,2750,204,7015,California
Yuba,2021-02-26,256,10029,67,3145,189,6884,0,0,143,4297,111,2861,143,7158,California
Yuba,2021-02-27,471,10500,46,3191,425,7309,0,0,382,4592,87,2948,382,7540,California
Yuba,2021-02-28,65,10565,21,3212,44,7353,0,0,44,4615,21,2969,44,7584,California
Yuba,2021-03-01,152,10717,39,3251,113,7466,0,0,76,4616,75,3044,76,7660,California
Yuba,2021-03-02,158,10875,35,3286,123,7589,0,0,78,4614,80,3124,78,7738,California
Yuba,2021-03-03,618,11493,157,3443,461,8050,0,0,198,4393,419,3543,198,7936,California
Yuba,2021-03-04,465,11958,270,3713,195,8245,0,0,324,4577,140,3683,324,8260,California
Yuba,2021-03-05,315,12273,59,3772,255,8500,1,1,248,4759,67,3750,249,8509,California
Yuba,2021-03-06,475,12748,35,3807,436,8936,4,5,369,5026,106,3856,373,8882,California
Yuba,2021-03-07,49,12797,27,3834,21,8957,1,6,33,5044,16,3872,34,8916,California
Yuba,2021-03-08,160,12957,49,3883,95,9052,16,22,101,5102,59,3931,117,9033,California
Yuba,2021-03-09,175,13132,46,3929,110,9162,19,41,83,5112,92,4023,102,9135,California
Yuba,2021-03-10,733,13865,232,4161,471,9633,30,71,229,4868,503,4526,259,9394,California
Yuba,2021-03-11,428,14293,186,4347,230,9863,12,83,295,5042,133,4659,307,9701,California
Yuba,2021-03-12,462,14755,86,4433,322,10185,54,137,149,4932,313,4972,203,9904,California
Yuba,2021-03-13,451,15206,331,4764,105,10290,15,152,357,5211,93,5065,372,10276,California
Yuba,2021-03-14,107,15313,21,4785,76,10366,10,162,46,5207,60,5125,56,10332,California
Yuba,2021-03-15,194,15507,49,4834,128,10494,17,179,99,5228,95,5220,116,10448,California
Yuba,2021-03-16,290,15797,71,4905,194,10688,25,204,177,5318,112,5332,202,10650,California
Yuba,2021-03-17,737,16534,161,5066,547,11235,29,233,191,4994,544,5876,220,10870,California
Yuba,2021-03-18,564,17098,148,5214,303,11538,113,346,342,5226,222,6098,454,11324,California
Yuba,2021-03-19,325,17423,120,5334,156,11694,49,395,186,5323,138,6236,235,11559,California
Yuba,2021-03-20,552,17975,80,5414,454,12148,18,413,472,5734,79,6315,490,12049,California
Yuba,2021-03-21,59,18034,35,5449,24,12172,0,413,47,5769,12,6327,47,12096,California
Yuba,2021-03-22,190,18224,70,5519,113,12285,7,420,148,5882,42,6369,155,12251,California
Yuba,2021-03-23,264,18488,79,5598,158,12443,27,447,178,6003,84,6453,205,12456,California
Yuba,2021-03-24,762,19250,251,5849,430,12873,81,528,185,5693,575,7028,265,12721,California
Yuba,2021-03-25,496,19746,263,6112,211,13084,22,550,246,5711,250,7278,268,12989,California
Yuba,2021-03-26,387,20133,143,6255,217,13301,27,577,221,5794,165,7443,248,13237,California
Yuba,2021-03-27,461,20594,27,6282,431,13732,3,580,407,6150,53,7496,409,13646,California
Yuba,2021-03-28,98,20692,40,6322,54,13786,4,584,37,6130,61,7557,41,13687,California
Yuba,2021-03-29,293,20985,85,6407,177,13963,31,615,181,6230,112,7669,212,13899,California
Yuba,2021-03-30,272,21257,67,6474,197,14160,8,623,191,6348,81,7750,199,14098,California
Yuba,2021-03-31,671,21928,113,6587,546,14706,12,635,246,6182,424,8174,258,14356,California
Yuba,2021-04-01,615,22543,283,6870,303,15009,29,664,283,6162,332,8506,312,14668,California
Yuba,2021-04-02,487,23030,90,6960,314,15323,83,747,181,6120,305,8811,263,14931,California
Yuba,2021-04-03,653,23683,56,7016,115,15438,482,1229,87,6124,565,9376,569,15500,California
Yuba,2021-04-04,58,23741,11,7027,41,15479,6,1235,33,6138,25,9401,39,15539,California
Yuba,2021-04-05,245,23986,79,7106,147,15626,19,1254,124,6161,119,9520,142,15681,California
Yuba,2021-04-06,351,24337,114,7220,177,15803,60,1314,168,6207,182,9702,228,15909,California
Yuba,2021-04-07,770,25107,397,7617,320,16123,53,1367,347,6186,420,10122,399,16308,California
Yuba,2021-04-08,730,25837,297,7914,171,16294,262,1629,262,6243,467,10589,524,16832,California
Yuba,2021-04-09,391,26228,170,8084,157,16451,64,1693,159,6235,231,10820,223,17055,California
Yuba,2021-04-10,593,26821,72,8156,74,16525,447,2140,70,6231,521,11341,517,17572,California
Yuba,2021-04-11,98,26919,22,8178,64,16589,12,2152,39,6223,59,11400,51,17623,California
Yuba,2021-04-12,209,27128,46,8224,135,16724,28,2180,81,6205,127,11527,109,17732,California
Yuba,2021-04-13,394,27522,100,8324,294,17018,0,2180,202,6216,191,11718,202,17934,California
Yuba,2021-04-14,690,28212,107,8431,583,17601,0,2180,117,5761,572,12290,117,18051,California
Yuba,2021-04-15,294,28506,123,8554,171,17772,0,2180,124,5715,170,12460,124,18175,California
Yuba,2021-04-16,329,28835,102,8656,227,17999,0,2180,178,5742,151,12611,178,18353,California
Yuba,2021-04-17,392,29227,55,8711,337,18336,0,2180,321,5993,70,12681,321,18674,California
Yuba,2021-04-18,51,29278,9,8720,42,18378,0,2180,24,5990,27,12708,24,18698,California
Yuba,2021-04-19,244,29522,102,8822,142,18520,0,2180,103,5952,141,12849,103,18801,California
Yuba,2021-04-20,302,29824,79,8901,223,18743,0,2180,177,6005,125,12974,178,18979,California
Yuba,2021-04-21,698,30522,283,9184,415,19158,0,2180,301,5909,397,13371,301,19280,California
Yuba,2021-04-22,294,30816,104,9288,190,19348,0,2180,157,5929,137,13508,157,19437,California
Yuba,2021-04-23,304,31120,96,9384,208,19556,0,2180,151,5927,153,13661,151,19588,California
Yuba,2021-04-24,167,31287,38,9422,129,19685,0,2180,89,5938,78,13739,89,19677,California
Yuba,2021-04-25,58,31345,20,9442,38,19723,0,2180,31,5942,27,13766,31,19708,California
Yuba,2021-04-26,125,31470,19,9461,102,19825,4,2184,61,5943,64,13830,65,19773,California
