county,administered_date,total_doses,cumulative_total_doses,pfizer_doses,cumulative_pfizer_doses,moderna_doses,cumulative_moderna_doses,jj_doses,cumulative_jj_doses,partially_vaccinated,total_partially_vaccinated,fully_vaccinated,cumulative_fully_vaccinated,at_least_one_dose,cumulative_at_least_one_dose,california_flag
All CA Counties,2020-12-15,1161,1161,1161,1161,0,0,0,0,1161,1161,0,0,1161,1161,
All CA Counties,2020-12-16,8704,9865,8704,9865,0,0,0,0,8704,9865,0,0,8704,9865,
All CA Counties,2020-12-17,26627,36492,26627,36492,0,0,0,0,26629,36494,0,0,26629,36494,
All CA Counties,2020-12-18,45354,81846,45288,81780,66,66,0,0,45354,81847,1,1,45354,81848,
All CA Counties,2020-12-19,25557,107403,25527,107307,30,96,0,0,25556,107402,1,2,25556,107404,
All CA Counties,2020-12-20,19139,126542,19107,126414,32,128,0,0,19137,126537,2,4,19137,126541,
All CA Counties,2020-12-21,49848,176390,49752,176166,96,224,0,0,49849,176384,3,7,49850,176391,
All CA Counties,2020-12-22,50234,226624,48087,224253,2147,2371,0,0,50226,226604,6,13,50226,226617,
All CA Counties,2020-12-23,50784,277408,41955,266208,8829,11200,0,0,50777,277378,6,19,50780,277397,
All CA Counties,2020-12-24,24125,301533,16362,282570,7763,18963,0,0,24120,301495,5,24,24122,301519,
All CA Counties,2020-12-25,2351,303884,2026,284596,325,19288,0,0,2351,303846,0,24,2351,303870,
All CA Counties,2020-12-26,14643,318527,9477,294073,5166,24454,0,0,14641,318485,2,26,14641,318511,
All CA Counties,2020-12-27,9475,328002,5614,299687,3861,28315,0,0,9472,327954,3,29,9472,327983,
All CA Counties,2020-12-28,46237,374239,29608,329295,16629,44944,0,0,46233,374183,4,33,46233,374216,
All CA Counties,2020-12-29,51413,425652,28624,357919,22789,67733,0,0,51406,425584,5,38,51406,425622,
All CA Counties,2020-12-30,63201,488853,35665,393584,27536,95269,0,0,63189,488767,9,47,63192,488814,
All CA Counties,2020-12-31,29661,518514,10953,404537,18708,113977,0,0,29639,518387,20,67,29640,518454,
All CA Counties,2021-01-01,4711,523225,2158,406695,2553,116530,0,0,4702,523081,8,75,4702,523156,
All CA Counties,2021-01-02,18557,541782,10263,416958,8294,124824,0,0,18551,541630,2,77,18551,541707,
All CA Counties,2021-01-03,6245,548027,3513,420471,2732,127556,0,0,6210,547827,13,90,6210,547917,
All CA Counties,2021-01-04,43714,591741,22055,442526,21659,149215,0,0,43634,591421,40,130,43634,591551,
All CA Counties,2021-01-05,56893,648634,30028,472554,26865,176080,0,0,51125,636941,5705,5835,51225,642776,
All CA Counties,2021-01-06,73814,722448,40756,513310,33058,209138,0,0,57981,679318,15647,21482,58024,700800,
All CA Counties,2021-01-07,92940,815388,52948,566258,39992,249130,0,0,61173,708965,31586,53068,61233,762033,
All CA Counties,2021-01-08,107726,923114,64835,631093,42891,292021,0,0,65529,732518,42050,95118,65603,827636,
All CA Counties,2021-01-09,44661,967775,25738,656831,18923,310944,0,0,27947,743807,16687,111805,27976,855612,
All CA Counties,2021-01-10,24480,992255,14967,671798,9513,320457,0,0,13165,745694,11297,123102,13184,868796,
All CA Counties,2021-01-11,105103,1097358,69936,741734,35167,355624,0,0,60968,762755,44086,167188,61147,929943,
All CA Counties,2021-01-12,114596,1211954,67915,809649,46681,402305,0,0,72948,794433,41536,208724,73214,1003157,
All CA Counties,2021-01-13,120012,1331966,62332,871981,57680,459985,0,0,85944,846493,33976,242700,86036,1089193,
All CA Counties,2021-01-14,125006,1456972,50084,922065,74922,534907,0,0,105181,932148,19715,262415,105370,1194563,
All CA Counties,2021-01-15,142768,1599740,52133,974198,90635,625542,0,0,127452,1044624,15216,277631,127692,1322255,
All CA Counties,2021-01-16,81114,1680854,27424,1001622,53690,679232,0,0,73464,1110523,7620,285251,73519,1395774,
All CA Counties,2021-01-17,48361,1729215,16908,1018530,31453,710685,0,0,44665,1151550,3683,288934,44710,1440484,
All CA Counties,2021-01-18,88467,1817682,46121,1064651,42346,753031,0,0,69011,1201362,19380,308314,69192,1509676,
All CA Counties,2021-01-19,142609,1960291,73460,1138111,69149,822180,0,0,111320,1281827,31186,339500,111651,1621327,
All CA Counties,2021-01-20,163922,2124213,84627,1222738,79295,901475,0,0,129591,1377611,34081,373581,129865,1751192,
All CA Counties,2021-01-21,176262,2300475,78833,1301571,97429,998904,0,0,156517,1515006,19510,393091,156905,1908097,
All CA Counties,2021-01-22,171080,2471555,69780,1371351,101300,1100204,0,0,156497,1657226,14440,407531,156660,2064757,
All CA Counties,2021-01-23,112075,2583630,49503,1420854,62572,1162776,0,0,99424,1744191,12583,420114,99548,2164305,
All CA Counties,2021-01-24,61230,2644860,29424,1450278,31806,1194582,0,0,56517,1796101,4674,424788,56584,2220889,
All CA Counties,2021-01-25,145954,2790814,65633,1515911,80321,1274903,0,0,110434,1871555,35367,460155,110821,2331710,
All CA Counties,2021-01-26,169937,2960751,83174,1599085,86763,1361666,0,0,131844,1965740,37933,498088,132118,2463828,
All CA Counties,2021-01-27,183503,3144254,87990,1687075,95513,1457179,0,0,143391,2069594,39760,537848,143614,2607442,
All CA Counties,2021-01-28,189034,3333288,86941,1774016,102093,1559272,0,0,154395,2189911,34318,572166,154635,2762077,
All CA Counties,2021-01-29,184856,3518144,88414,1862430,96442,1655714,0,0,149554,2305000,34650,606816,149739,2911816,
All CA Counties,2021-01-30,124594,3642738,55545,1917975,69049,1724763,0,0,108972,2398681,15442,622258,109123,3020939,
All CA Counties,2021-01-31,69201,3711939,38402,1956377,30799,1755562,0,0,64135,2457869,5005,627263,64193,3085132,
All CA Counties,2021-02-01,162542,3874481,75786,2032163,86756,1842318,0,0,121126,2537922,41206,668469,121259,3206391,
All CA Counties,2021-02-02,186584,4061065,78325,2110488,108259,1950577,0,0,141369,2634628,44889,713358,141595,3347986,
All CA Counties,2021-02-03,212260,4273325,95792,2206280,116468,2067045,0,0,157046,2737269,54662,768020,157303,3505289,
All CA Counties,2021-02-04,229481,4502806,100300,2306580,129181,2196226,0,0,167933,2844627,60945,828965,168303,3673592,
All CA Counties,2021-02-05,247757,4750563,106802,2413382,140955,2337181,0,0,167897,2934099,78979,907944,168451,3842043,
All CA Counties,2021-02-06,156164,4906727,75052,2488434,81112,2418293,0,0,121095,3020860,34832,942776,121593,3963636,
All CA Counties,2021-02-07,67130,4973857,43396,2531830,23734,2442027,0,0,50572,3055424,16459,959235,51023,4014659,
All CA Counties,2021-02-08,181878,5155735,89317,2621147,92561,2534588,0,0,119759,3114321,61619,1020854,120516,4135175,
All CA Counties,2021-02-09,212477,5368212,102115,2723262,110362,2644950,0,0,126929,3157685,84721,1105575,128085,4263260,
All CA Counties,2021-02-10,250582,5618794,120347,2843609,130235,2775185,0,0,137438,3184373,112230,1217805,138918,4402178,
All CA Counties,2021-02-11,267383,5886177,132065,2975674,135318,2910503,0,0,144460,3209005,121646,1339451,146278,4548456,
All CA Counties,2021-02-12,275068,6161245,120153,3095827,154915,3065418,0,0,147811,3232995,126218,1465669,150208,4698664,
All CA Counties,2021-02-13,168891,6330136,78160,3173987,90731,3156149,0,0,93059,3252599,75411,1541080,95015,4793679,
All CA Counties,2021-02-14,96193,6426329,47961,3221948,48232,3204381,0,0,51857,3261862,44142,1585222,53405,4847084,
All CA Counties,2021-02-15,143600,6569929,62887,3284835,80713,3285094,0,0,79209,3280261,63946,1649168,82345,4929429,
All CA Counties,2021-02-16,251113,6821042,118981,3403816,132132,3417226,0,0,133961,3300620,116698,1765866,137057,5066486,
All CA Counties,2021-02-17,261523,7082565,130145,3533961,131378,3548604,0,0,129694,3302371,131159,1897025,132910,5199396,
All CA Counties,2021-02-18,275755,7358320,143661,3677622,132094,3680698,0,0,132987,3297691,141911,2038936,137231,5336627,
All CA Counties,2021-02-19,257032,7615352,148856,3826478,108176,3788874,0,0,132016,3307454,124337,2163273,134100,5470727,
All CA Counties,2021-02-20,156729,7772081,100047,3926525,56682,3845556,0,0,85551,3324171,70821,2234094,87538,5558265,
All CA Counties,2021-02-21,86696,7858777,70044,3996569,16652,3862208,0,0,44479,3328294,41906,2276000,46029,5604294,
All CA Counties,2021-02-22,171558,8030335,114922,4111491,56636,3918844,0,0,84835,3328638,86212,2362212,86556,5690850,
All CA Counties,2021-02-23,234255,8264590,123584,4235075,110671,4029515,0,0,108203,3317659,125175,2487387,114196,5805046,
All CA Counties,2021-02-24,291968,8556558,147801,4382876,144167,4173682,0,0,137768,3309634,153349,2640736,145324,5950370,
All CA Counties,2021-02-25,328522,8885080,162161,4545037,166361,4340043,0,0,171457,3333487,156164,2796900,180017,6130387,
All CA Counties,2021-02-26,361048,9246128,168362,4713399,192686,4532729,0,0,200673,3382175,159275,2956175,207963,6338350,
All CA Counties,2021-02-27,255600,9501728,124117,4837516,131454,4664183,29,29,145034,3421859,109799,3065974,149483,6487833,
All CA Counties,2021-02-28,136750,9638478,81193,4918709,55544,4719727,13,42,79696,3447872,56547,3122521,82560,6570393,
All CA Counties,2021-03-01,246389,9884867,130899,5049608,115338,4835065,152,194,141754,3490113,103677,3226198,145918,6716311,
All CA Counties,2021-03-02,294132,10178999,148370,5197978,145728,4980793,34,228,176013,3555582,117472,3343670,182941,6899252,
All CA Counties,2021-03-03,337269,10516268,167931,5365909,169269,5150062,69,297,194969,3616466,141470,3485140,202354,7101606,
All CA Counties,2021-03-04,356628,10872896,180179,5546088,176351,5326413,98,395,209096,3686064,146632,3631772,216230,7317836,
All CA Counties,2021-03-05,345649,11218545,169536,5715624,174978,5501391,1135,1530,214560,3778890,130138,3761910,222964,7540800,
All CA Counties,2021-03-06,260715,11479260,133770,5849394,119031,5620422,7914,9444,161988,3855221,98237,3860147,174568,7715368,
All CA Counties,2021-03-07,132984,11612244,79059,5928453,47036,5667458,6889,16333,81215,3895476,51528,3911675,91783,7807151,
All CA Counties,2021-03-08,223115,11835359,108679,6037132,103450,5770908,10986,27319,145631,3980006,77005,3988680,161535,7968686,
All CA Counties,2021-03-09,294864,12130223,140632,6177764,138175,5909083,16057,43376,164848,4035489,129413,4118093,184896,8153582,
All CA Counties,2021-03-10,326273,12456496,162260,6340024,139405,6048488,24608,67984,176144,4090983,149332,4267425,204826,8358408,
All CA Counties,2021-03-11,380707,12837203,184183,6524207,162972,6211460,33552,101536,194639,4138327,184971,4452396,232315,8590723,
All CA Counties,2021-03-12,398797,13236000,178072,6702279,174286,6385746,46439,147975,195078,4181150,202723,4655119,245546,8836269,
All CA Counties,2021-03-13,286802,13522802,125506,6827785,130082,6515828,31214,179189,155119,4240470,131152,4786271,190472,9026741,
All CA Counties,2021-03-14,156815,13679617,83566,6911351,58122,6573950,15127,194316,78477,4258320,77971,4864242,95821,9122562,
All CA Counties,2021-03-15,292953,13972570,140046,7051397,132197,6706147,20710,215026,158367,4307078,133683,4997925,182441,9305003,
All CA Counties,2021-03-16,372899,14345469,175286,7226683,180150,6886297,17463,232489,215049,4385804,156948,5154873,235674,9540677,
All CA Counties,2021-03-17,387922,14733391,192364,7419047,176830,7063127,18728,251217,239369,4498831,147548,5302421,260575,9801252,
All CA Counties,2021-03-18,405428,15138819,207873,7626920,179158,7242285,18397,269614,239137,4593427,165030,5467451,259626,10060878,
All CA Counties,2021-03-19,414481,15553300,218253,7845173,174356,7416641,21872,291486,239154,4682288,174188,5641639,263049,10323927,
All CA Counties,2021-03-20,297478,15850778,156071,8001244,125434,7542075,15973,307459,187693,4778455,108977,5750616,205144,10529071,
All CA Counties,2021-03-21,145363,15996141,100358,8101602,37455,7579530,7550,315009,87254,4816975,57659,5808275,96179,10625250,
All CA Counties,2021-03-22,275910,16272051,160794,8262396,103868,7683398,11248,326257,178870,4914003,96124,5904399,193152,10818402,
All CA Counties,2021-03-23,360417,16632468,198929,8461325,150384,7833782,11104,337361,220398,5009106,138986,6043385,234089,11052491,
All CA Counties,2021-03-24,389953,17022421,223258,8684583,154124,7987906,12571,349932,225076,5085357,163461,6206846,239712,11292203,
All CA Counties,2021-03-25,420509,17442930,231832,8916415,173757,8161663,14920,364852,236836,5157065,182175,6389021,253883,11546086,
All CA Counties,2021-03-26,437585,17880515,233865,9150280,187501,8349164,16219,381071,234809,5209583,201329,6590350,253847,11799933,
All CA Counties,2021-03-27,315015,18195530,167170,9317450,136029,8485193,11816,392887,158266,5226276,155797,6746147,172490,11972423,
All CA Counties,2021-03-28,170352,18365882,109502,9426952,57244,8542437,3606,396493,88549,5239575,81292,6827439,94591,12067014,
All CA Counties,2021-03-29,312381,18678263,167826,9594778,135402,8677839,9153,405646,172991,5285837,138478,6965917,184740,12251754,
All CA Counties,2021-03-30,400913,19079176,203001,9797779,179569,8857408,18343,423989,224639,5355216,175344,7141261,244723,12496477,
All CA Counties,2021-03-31,428771,19507947,232826,10030605,173925,9031333,22020,446009,237598,5425877,189955,7331216,260616,12757093,
All CA Counties,2021-04-01,495074,20003021,253164,10283769,201014,9232347,40896,486905,271333,5517028,222072,7553288,313223,13070316,
All CA Counties,2021-04-02,476591,20479612,232150,10515919,200965,9433312,43476,530381,257259,5601382,217895,7771183,302249,13372565,
All CA Counties,2021-04-03,330902,20810514,168664,10684583,120620,9553932,41618,571999,164425,5642979,165732,7936915,207329,13579894,
All CA Counties,2021-04-04,132780,20943294,69288,10753871,44397,9598329,19095,591094,57821,5645553,74599,8011514,77173,13657067,
All CA Counties,2021-04-05,355862,21299156,183155,10937026,132500,9730829,40207,631301,173549,5680933,181476,8192990,216856,13873923,
All CA Counties,2021-04-06,460139,21759295,233167,11170193,161178,9892007,65794,697095,222178,5734123,236872,8429862,290062,14163985,
All CA Counties,2021-04-07,475447,22234742,246889,11417082,158269,10050276,70289,767384,230561,5792129,243768,8673630,301774,14465759,
All CA Counties,2021-04-08,502199,22736941,253340,11670422,164022,10214298,84837,852221,235675,5849573,265155,8938785,322599,14788358,
All CA Counties,2021-04-09,498228,23235169,248207,11918629,169575,10383873,80446,932667,228746,5893362,268255,9207040,312044,15100402,
All CA Counties,2021-04-10,370520,23605689,168842,12087471,127054,10510927,74624,1007291,155210,5911350,214458,9421498,232446,15332848,
All CA Counties,2021-04-11,188786,23794475,105793,12193264,48875,10559802,34118,1041409,77809,5915483,110577,9532075,114710,15447558,
All CA Counties,2021-04-12,342220,24136695,175811,12369075,128020,10687822,38389,1079798,157755,5931778,183358,9715433,199653,15647211,
All CA Counties,2021-04-13,435596,24572291,243874,12612949,190758,10878580,964,1080762,242894,5987130,191537,9906970,246889,15894100,
All CA Counties,2021-04-14,455820,25028111,255635,12868584,199891,11078471,294,1081056,237205,6011882,217275,10124245,242027,16136127,
All CA Counties,2021-04-15,496605,25524716,289305,13157889,206997,11285468,303,1081359,277392,6074866,217551,10341796,280535,16416662,
All CA Counties,2021-04-16,481226,26005942,270612,13428501,210301,11495769,313,1081672,256196,6110294,223525,10565321,258953,16675615,
All CA Counties,2021-04-17,346942,26352884,194056,13622557,152825,11648594,61,1081733,197289,6162161,148649,10713970,200516,16876131,
All CA Counties,2021-04-18,161775,26514659,104116,13726673,57641,11706235,18,1081751,82836,6169615,78440,10792410,85894,16962025,
All CA Counties,2021-04-19,323813,26838472,186135,13912808,137578,11843813,100,1081851,153000,6154830,169753,10962163,154968,17116993,
All CA Counties,2021-04-20,419667,27258139,226806,14139614,192779,12036592,82,1081933,208071,6155718,210352,11172515,211240,17328233,
All CA Counties,2021-04-21,440807,27698946,254837,14394451,185698,12222290,272,1082205,211702,6143774,227358,11399873,215414,17543647,
All CA Counties,2021-04-22,456563,28155509,262624,14657075,193855,12416145,84,1082289,203566,6099273,251396,11651269,206895,17750542,
All CA Counties,2021-04-23,448861,28604370,257906,14914981,190860,12607005,95,1082384,203497,6062452,243790,11895059,206969,17957511,
All CA Counties,2021-04-24,326599,28930969,205287,15120268,121128,12728133,184,1082568,165859,6072091,159686,12054745,169325,18126836,
All CA Counties,2021-04-25,150799,29081768,98806,15219074,51917,12780050,76,1082644,80520,6084405,69756,12124501,82070,18208906,
All CA Counties,2021-04-26,305781,29387549,177908,15396982,126315,12906365,1558,1084202,133611,6053029,171058,12295559,139682,18348588,
All CA Counties,2021-04-27,373750,29761299,207389,15604371,159712,13066077,6649,1090851,151150,5992681,221333,12516892,160985,18509573,
All CA Counties,2021-04-28,359711,30121010,207807,15812178,143954,13210031,7950,1098801,148524,5941593,209929,12726821,158841,18668414,
All CA Counties,2021-04-29,369112,30490122,214270,16026448,146882,13356913,7960,1106761,136167,5856011,231589,12958410,146007,18814421,
All CA Counties,2021-04-30,381896,30872018,220208,16246656,152708,13509621,8980,1115741,145883,5778322,234547,13192957,156858,18971279,
All CA Counties,2021-05-01,249011,31121029,158910,16405566,83971,13593592,6130,1121871,90404,5719464,157624,13350581,98766,19070045,
All CA Counties,2021-05-02,117166,31238195,81868,16487434,31408,13625000,3890,1125761,40972,5688950,75743,13426324,45229,19115274,
All CA Counties,2021-05-03,254461,31492656,156147,16643581,89518,13714518,8796,1134557,77686,5600506,175817,13602141,87373,19202647,
All CA Counties,2021-05-04,333937,31826593,205210,16848791,118896,13833414,9831,1144388,98844,5476444,233923,13836064,109861,19312508,
All CA Counties,2021-05-05,338524,32165117,212076,17060867,116350,13949764,10098,1154486,95813,5342060,241363,14077427,106979,19419487,
All CA Counties,2021-05-06,355493,32520610,233338,17294205,111601,14061365,10554,1165040,90402,5182203,263315,14340742,103458,19522945,
All CA Counties,2021-05-07,352960,32873570,221770,17515975,121291,14182656,9899,1174939,96121,5034139,255344,14596086,107280,19630225,
All CA Counties,2021-05-08,233511,33107081,148904,17664879,77633,14260289,6974,1181913,64415,4938941,168059,14764145,72861,19703086,
All CA Counties,2021-05-09,95488,33202569,72362,17737241,20137,14280426,2989,1184902,25139,4897516,69998,14834143,28573,19731659,
All CA Counties,2021-05-10,206830,33409399,118487,17855728,80451,14360877,7892,1192794,51191,4803157,154750,14988893,60391,19792050,
All CA Counties,2021-05-11,274398,33683797,156639,18012367,109087,14469964,8672,1201466,72555,4685371,200813,15189706,83027,19875077,
All CA Counties,2021-05-12,272223,33956020,158637,18171004,104455,14574419,9131,1210597,73051,4570673,198039,15387745,83341,19958418,
All CA Counties,2021-05-13,317613,34273633,204945,18375949,105245,14679664,7423,1218020,119500,4503357,196904,15584649,129588,20088006,
All CA Counties,2021-05-14,341181,34614814,218773,18594722,113487,14793151,8921,1226941,133010,4440533,206839,15791488,144015,20232021,
All CA Counties,2021-05-15,280295,34895109,195850,18790572,78432,14871583,6013,1232954,115545,4399275,163803,15955291,122545,20354566,
All CA Counties,2021-05-16,141388,35036497,108382,18898954,30054,14901637,2952,1235906,57727,4377200,83165,16038456,61090,20415656,
All CA Counties,2021-05-17,240307,35276804,158288,19057242,74600,14976237,7419,1243325,95181,4336492,144184,16182640,103476,20519132,
All CA Counties,2021-05-18,281913,35558717,171961,19229203,102544,15078781,7408,1250733,109962,4284474,170793,16353433,118775,20637907,
All CA Counties,2021-05-19,275935,35834652,172214,19401417,96153,15174934,7568,1258301,112810,4243957,162027,16515460,121510,20759417,
All CA Counties,2021-05-20,263815,36098467,157606,19559023,98063,15272997,8146,1266447,100364,4191754,162249,16677709,110046,20869463,
All CA Counties,2021-05-21,282407,36380874,173739,19732762,100711,15373708,7957,1274404,106354,4132582,174725,16852434,115553,20985016,
All CA Counties,2021-05-22,204625,36585499,135488,19868250,62907,15436615,6230,1280634,87355,4110861,116447,16968881,94726,21079742,
All CA Counties,2021-05-23,89771,36675270,62945,19931195,24128,15460743,2698,1283332,38695,4101998,50641,17019522,41778,21121520,
All CA Counties,2021-05-24,171229,36846499,100577,20031772,62328,15523071,8324,1291656,64903,4070599,105475,17124997,74076,21195596,
All CA Counties,2021-05-25,189617,37036116,111245,20143017,70328,15593399,8044,1299700,71710,4034632,116852,17241849,80885,21276481,
All CA Counties,2021-05-26,184508,37220624,106200,20249217,70449,15663848,7859,1307559,71586,4002999,111794,17353643,80161,21356642,
All CA Counties,2021-05-27,172207,37392831,98460,20347677,65249,15729097,8498,1316057,69173,3979579,102161,17455804,78741,21435383,
All CA Counties,2021-05-28,188693,37581524,108830,20456507,72741,15801838,7122,1323179,81248,3962642,106424,17562228,89487,21524870,
All CA Counties,2021-05-29,106918,37688442,65608,20522115,37482,15839320,3828,1327007,49849,3960308,56513,17618741,54179,21579049,
All CA Counties,2021-05-30,47068,37735510,31069,20553184,13541,15852861,2458,1329465,20591,3957349,26223,17644964,23264,21602313,
All CA Counties,2021-05-31,19798,37755308,11667,20564851,7157,15860018,974,1330439,6431,3951672,13196,17658160,7519,21609832,
All CA Counties,2021-06-01,168239,37923547,98162,20663013,62991,15923009,7086,1337525,59462,3911350,107755,17765915,67433,21677265,
All CA Counties,2021-06-02,142632,38066179,84362,20747375,51159,15974168,7111,1344636,53820,3885051,87887,17853802,61588,21738853,
All CA Counties,2021-06-03,170795,38236974,116820,20864195,46920,16021088,7055,1351691,51852,3826883,118076,17971878,59908,21798761,
All CA Counties,2021-06-04,199318,38436292,140388,21004583,52736,16073824,6194,1357885,59513,3755703,138722,18110600,67542,21866303,
All CA Counties,2021-06-05,157313,38593605,118756,21123339,32924,16106748,5633,1363518,43622,3693004,112903,18223503,50204,21916507,
All CA Counties,2021-06-06,63969,38657574,53894,21177233,7859,16114607,2216,1365734,17011,3666380,46661,18270164,20037,21936544,
All CA Counties,2021-06-07,136515,38794089,100245,21277478,30397,16145004,5873,1371607,40137,3617347,95755,18365919,46722,21983266,
All CA Counties,2021-06-08,158097,38952186,114777,21392255,36531,16181535,6789,1378396,46862,3561703,110321,18476240,54677,22037943,
All CA Counties,2021-06-09,152343,39104529,110831,21503086,34755,16216290,6757,1385153,42197,3502251,109314,18585554,49862,22087805,
All CA Counties,2021-06-10,146615,39251144,105558,21608644,33721,16250011,7336,1392489,42928,3450616,102946,18688500,51311,22139116,
All CA Counties,2021-06-11,158932,39410076,111665,21720309,40543,16290554,6724,1399213,49363,3398946,108659,18797159,56989,22196105,
All CA Counties,2021-06-12,114799,39524875,87007,21807316,24077,16314631,3715,1402928,32707,3354501,81531,18878690,37086,22233191,
All CA Counties,2021-06-13,44744,39569619,33358,21840674,9337,16323968,2049,1404977,11095,3334643,33400,18912090,13542,22246733,
All CA Counties,2021-06-14,115278,39684897,81968,21922642,26556,16350524,6754,1411731,37871,3303090,76788,18988878,45235,22291968,
All CA Counties,2021-06-15,131702,39816599,88949,22011591,33976,16384500,8777,1420508,43960,3269843,86880,19075758,53633,22345601,
All CA Counties,2021-06-16,120858,39937457,85137,22096728,28014,16412514,7707,1428215,41478,3241146,78623,19154381,49926,22395527,
All CA Counties,2021-06-17,114177,40051634,79153,22175881,27184,16439698,7840,1436055,40246,3216680,73183,19227564,48717,22444244,
All CA Counties,2021-06-18,128512,40180146,89074,22264955,31966,16471664,7472,1443527,45974,3189237,81645,19309209,54202,22498446,
All CA Counties,2021-06-19,76449,40256595,55565,22320520,16878,16488542,4006,1447533,28609,3175115,47248,19356457,33126,22531572,
All CA Counties,2021-06-20,30632,40287227,23075,22343595,6205,16494747,1352,1448885,11506,3169279,18911,19375368,13075,22544647,
All CA Counties,2021-06-21,71190,40358417,44635,22388230,20549,16515296,6006,1454891,36458,3177919,34343,19409711,42983,22587630,
All CA Counties,2021-06-22,100322,40458739,70075,22458305,24373,16539669,5874,1460765,39011,3162759,60707,19470418,45547,22633177,
All CA Counties,2021-06-23,93821,40552560,66275,22524580,21820,16561489,5726,1466491,38172,3152174,55075,19525493,44490,22677667,
All CA Counties,2021-06-24,90855,40643415,63475,22588055,21831,16583320,5549,1472040,36732,3141542,53478,19578971,42846,22720513,
All CA Counties,2021-06-25,105006,40748421,74376,22662431,25318,16608638,5312,1477352,42764,3128607,61603,19640574,48668,22769181,
All CA Counties,2021-06-26,67441,40815862,50879,22713310,13465,16622103,3097,1480449,27758,3120697,39319,19679893,31409,22800590,
All CA Counties,2021-06-27,31428,40847290,24168,22737478,5724,16627827,1536,1481985,13354,3117917,17896,19697789,15116,22815706,
All CA Counties,2021-06-28,71551,40918841,55429,22792907,11733,16639560,4389,1486374,31220,3114109,39878,19737667,36070,22851776,
All CA Counties,2021-06-29,83362,41002203,59170,22852077,19974,16659534,4218,1490592,34997,3106028,47852,19785519,39771,22891547,
All CA Counties,2021-06-30,78610,41080813,56452,22908529,18320,16677854,3838,1494430,35051,3102444,43020,19828539,39436,22930983,
All CA Counties,2021-07-01,73393,41154206,53018,22961547,16501,16694355,3874,1498304,32154,3098191,40796,19869335,36543,22967526,
All CA Counties,2021-07-02,83445,41237651,59754,23021301,19870,16714225,3821,1502125,36817,3093233,46094,19915429,41136,23008662,
All CA Counties,2021-07-03,45928,41283579,33552,23054853,10709,16724934,1667,1503792,20793,3091208,24796,19940225,22771,23031433,
All CA Counties,2021-07-04,3376,41286955,1958,23056811,1145,16726079,273,1504065,1482,3091151,1869,19942094,1812,23033245,
All CA Counties,2021-07-05,40467,41327422,30012,23086823,8892,16734971,1563,1505628,18743,3090264,21476,19963570,20589,23053834,
All CA Counties,2021-07-06,84310,41411732,61907,23148730,18556,16753527,3847,1509475,32301,3075573,51453,20015023,36762,23090596,
All CA Counties,2021-07-07,49627,41461359,35518,23184248,10930,16764457,3179,1512654,19930,3069762,29366,20044389,23555,23114151,
All CA and Non-CA Counties,2020-12-15,1170,1170,1170,1170,0,0,0,0,1170,1170,0,0,1170,1170,
All CA and Non-CA Counties,2020-12-16,8978,10148,8978,10148,0,0,0,0,8978,10148,0,0,8978,10148,
All CA and Non-CA Counties,2020-12-17,28216,38364,28216,38364,0,0,0,0,28216,38364,0,0,28216,38364,
All CA and Non-CA Counties,2020-12-18,47879,86243,47806,86170,73,73,0,0,47878,86241,1,1,47878,86242,
All CA and Non-CA Counties,2020-12-19,26587,112830,26556,112726,31,104,0,0,26586,112826,1,2,26586,112828,
All CA and Non-CA Counties,2020-12-20,19814,132644,19779,132505,35,139,0,0,19812,132636,2,4,19812,132640,
All CA and Non-CA Counties,2020-12-21,52021,184665,51922,184427,99,238,0,0,52018,184652,3,7,52019,184659,
All CA and Non-CA Counties,2020-12-22,52291,236956,50070,234497,2221,2459,0,0,52283,236929,6,13,52283,236942,
All CA and Non-CA Counties,2020-12-23,52310,289266,43337,277834,8973,11432,0,0,52302,289227,7,20,52305,289247,
All CA and Non-CA Counties,2020-12-24,24926,314192,16973,294807,7953,19385,0,0,24921,314145,5,25,24923,314170,
All CA and Non-CA Counties,2020-12-25,2386,316578,2056,296863,330,19715,0,0,2386,316531,0,25,2386,316556,
All CA and Non-CA Counties,2020-12-26,14948,331526,9683,306546,5265,24980,0,0,14946,331475,2,27,14946,331502,
All CA and Non-CA Counties,2020-12-27,9664,341190,5686,312232,3978,28958,0,0,9661,341133,3,30,9661,341163,
All CA and Non-CA Counties,2020-12-28,47645,388835,30505,342737,17140,46098,0,0,47640,388769,4,34,47640,388803,
All CA and Non-CA Counties,2020-12-29,52959,441794,29645,372382,23314,69412,0,0,52953,441717,5,39,52953,441756,
All CA and Non-CA Counties,2020-12-30,65130,506924,36937,409319,28193,97605,0,0,65118,506829,9,48,65121,506877,
All CA and Non-CA Counties,2020-12-31,30762,537686,11549,420868,19213,116818,0,0,30738,537547,21,69,30739,537616,
All CA and Non-CA Counties,2021-01-01,4819,542505,2187,423055,2632,119450,0,0,4810,542349,8,77,4810,542426,
All CA and Non-CA Counties,2021-01-02,18806,561311,10400,433455,8406,127856,0,0,18799,561145,3,80,18799,561225,
All CA and Non-CA Counties,2021-01-03,6430,567741,3605,437060,2825,130681,0,0,6395,567527,13,93,6395,567620,
All CA and Non-CA Counties,2021-01-04,44866,612607,22570,459630,22296,152977,0,0,44780,612266,41,134,44780,612400,
All CA and Non-CA Counties,2021-01-05,58446,671053,30853,490483,27593,180570,0,0,52483,658952,5898,6032,52584,664984,
All CA and Non-CA Counties,2021-01-06,76484,747537,42334,532817,34150,214720,0,0,59923,702546,16372,22404,59966,724950,
All CA and Non-CA Counties,2021-01-07,97112,844649,55539,588356,41573,256293,0,0,63701,733082,33227,55631,63763,788713,
All CA and Non-CA Counties,2021-01-08,112203,956852,67736,656092,44467,300760,0,0,68148,757407,43900,99531,68225,856938,
All CA and Non-CA Counties,2021-01-09,45971,1002823,26277,682369,19694,320454,0,0,28930,769354,17014,116545,28961,885899,
All CA and Non-CA Counties,2021-01-10,24796,1027619,15154,697523,9642,330096,0,0,13360,771315,11418,127963,13379,899278,
All CA and Non-CA Counties,2021-01-11,108375,1135994,71947,769470,36428,366524,0,0,62916,789001,45409,173372,63095,962373,
All CA and Non-CA Counties,2021-01-12,118496,1254490,70225,839695,48271,414795,0,0,75254,821451,43125,216497,75575,1037948,
All CA and Non-CA Counties,2021-01-13,123656,1378146,64117,903812,59539,474334,0,0,88412,874807,35152,251649,88508,1126456,
All CA and Non-CA Counties,2021-01-14,128660,1506806,51348,955160,77312,551646,0,0,108190,962843,20346,271995,108382,1234838,
All CA and Non-CA Counties,2021-01-15,146935,1653741,53134,1008294,93801,645447,0,0,131143,1078546,15680,287675,131383,1366221,
All CA and Non-CA Counties,2021-01-16,83746,1737487,27821,1036115,55925,701372,0,0,75921,1146729,7793,295468,75976,1442197,
All CA and Non-CA Counties,2021-01-17,48875,1786362,17064,1053179,31811,733183,0,0,45130,1188172,3732,299200,45175,1487372,
All CA and Non-CA Counties,2021-01-18,89714,1876076,46946,1100125,42768,775951,0,0,69801,1238319,19836,319036,69983,1557355,
All CA and Non-CA Counties,2021-01-19,146732,2022808,74826,1174951,71906,847857,0,0,114538,1321102,32089,351125,114872,1672227,
All CA and Non-CA Counties,2021-01-20,168431,2191239,86135,1261086,82296,930153,0,0,133107,1419414,35070,386195,133382,1805609,
All CA and Non-CA Counties,2021-01-21,180548,2371787,80058,1341144,100490,1030643,0,0,160226,1559955,20073,406268,160614,1966223,
All CA and Non-CA Counties,2021-01-22,175712,2547499,70913,1412057,104799,1135442,0,0,160706,1705973,14853,421121,160871,2127094,
All CA and Non-CA Counties,2021-01-23,114348,2661847,49860,1461917,64488,1199930,0,0,101523,1794866,12754,433875,101647,2228741,
All CA and Non-CA Counties,2021-01-24,61838,2723685,29683,1491600,32155,1232085,0,0,57046,1847225,4754,438629,57113,2285854,
All CA and Non-CA Counties,2021-01-25,150545,2874230,67624,1559224,82921,1315006,0,0,114145,1925521,36238,474867,114534,2400388,
All CA and Non-CA Counties,2021-01-26,176109,3050339,86195,1645419,89914,1404920,0,0,137144,2024139,38807,513674,137425,2537813,
All CA and Non-CA Counties,2021-01-27,188699,3239038,90747,1736166,97952,1502872,0,0,147929,2131881,40412,554086,148154,2685967,
All CA and Non-CA Counties,2021-01-28,194460,3433498,89929,1826095,104531,1607403,0,0,159215,2256419,34917,589003,159455,2845422,
All CA and Non-CA Counties,2021-01-29,189935,3623433,91626,1917721,98309,1705712,0,0,153817,2374960,35463,624466,154004,2999426,
All CA and Non-CA Counties,2021-01-30,129043,3752476,57977,1975698,71066,1776778,0,0,113186,2472620,15678,640144,113338,3112764,
All CA and Non-CA Counties,2021-01-31,72483,3824959,41255,2016953,31228,1808006,0,0,67355,2534969,5066,645210,67415,3180179,
All CA and Non-CA Counties,2021-02-01,168225,3993184,78460,2095413,89765,1897771,0,0,126062,2619218,41946,687156,126195,3306374,
All CA and Non-CA Counties,2021-02-02,193561,4186745,80627,2176040,112934,2010705,0,0,147596,2721414,45626,732782,147822,3454196,
All CA and Non-CA Counties,2021-02-03,219837,4406582,97965,2274005,121872,2132577,0,0,163712,2829822,55562,788344,163970,3618166,
All CA and Non-CA Counties,2021-02-04,236457,4643039,102518,2376523,133939,2266516,0,0,173862,2942078,61977,850321,174233,3792399,
All CA and Non-CA Counties,2021-02-05,254802,4897841,109214,2485737,145588,2412104,0,0,173812,3036344,80100,930421,174366,3966765,
All CA and Non-CA Counties,2021-02-06,160646,5058487,77249,2562986,83397,2495501,0,0,125097,3126640,35302,965723,125598,4092363,
All CA and Non-CA Counties,2021-02-07,69368,5127855,45238,2608224,24130,2519631,0,0,52720,3163266,16547,982270,53173,4145536,
All CA and Non-CA Counties,2021-02-08,187243,5315098,92706,2700930,94537,2614168,0,0,124013,3225317,62719,1044989,124770,4270306,
All CA and Non-CA Counties,2021-02-09,216799,5531897,104056,2804986,112743,2726911,0,0,129910,3270349,86035,1131024,131067,4401373,
All CA and Non-CA Counties,2021-02-10,256279,5788176,122337,2927323,133942,2860853,0,0,140641,3297802,114676,1245700,142129,4543502,
All CA and Non-CA Counties,2021-02-11,272391,6060567,134444,3061767,137947,2998800,0,0,148065,3324669,123034,1368734,149901,4693403,
All CA and Non-CA Counties,2021-02-12,280458,6341025,122174,3183941,158284,3157084,0,0,151290,3350249,128110,1496844,153690,4847093,
All CA and Non-CA Counties,2021-02-13,171365,6512390,78913,3262854,92452,3249536,0,0,94935,3371148,76004,1572848,96903,4943996,
All CA and Non-CA Counties,2021-02-14,97581,6609971,48394,3311248,49187,3298723,0,0,52977,3381274,44401,1617249,54527,4998523,
All CA and Non-CA Counties,2021-02-15,146312,6756283,64544,3375792,81768,3380491,0,0,80520,3399605,65328,1682577,83659,5082182,
All CA and Non-CA Counties,2021-02-16,257902,7014185,122008,3497800,135894,3516385,0,0,136599,3418474,120831,1803408,139700,5221882,
All CA and Non-CA Counties,2021-02-17,267630,7281815,133252,3631052,134378,3650763,0,0,131562,3417872,135385,1938793,134783,5356665,
All CA and Non-CA Counties,2021-02-18,282543,7564358,147616,3778668,134927,3785690,0,0,135103,3410672,146548,2085341,139348,5496013,
All CA and Non-CA Counties,2021-02-19,263170,7827528,153158,3931826,110012,3895702,0,0,134555,3419390,127923,2213264,136641,5632654,
All CA and Non-CA Counties,2021-02-20,160278,7987806,102919,4034745,57359,3953061,0,0,86845,3435153,73070,2286334,88833,5721487,
All CA and Non-CA Counties,2021-02-21,89823,8077629,72936,4107681,16887,3969948,0,0,45407,3438019,44091,2330425,46957,5768444,
All CA and Non-CA Counties,2021-02-22,175343,8252972,117702,4225383,57641,4027589,0,0,86540,3438002,88283,2418708,88266,5856710,
All CA and Non-CA Counties,2021-02-23,241215,8494187,127315,4352698,113900,4141489,0,0,110685,3425151,129545,2548253,116694,5973404,
All CA and Non-CA Counties,2021-02-24,299021,8793208,151582,4504280,147439,4288928,0,0,140311,3415215,157808,2706061,147872,6121276,
All CA and Non-CA Counties,2021-02-25,335807,9129015,165835,4670115,169972,4458900,0,0,174631,3438174,160235,2866296,183194,6304470,
All CA and Non-CA Counties,2021-02-26,368361,9497376,172285,4842400,196076,4654976,0,0,203843,3485987,163321,3029617,211134,6515604,
All CA and Non-CA Counties,2021-02-27,261270,9758646,126925,4969325,134315,4789291,30,30,146963,3523892,113510,3143127,151415,6667019,
All CA and Non-CA Counties,2021-02-28,139229,9897875,82978,5052303,56237,4845528,14,44,80525,3549094,58190,3201317,83392,6750411,
All CA and Non-CA Counties,2021-03-01,251476,10149351,134106,5186409,117217,4962745,153,197,143185,3589130,107319,3308636,147355,6897766,
All CA and Non-CA Counties,2021-03-02,300981,10450332,150923,5337332,150024,5112769,34,231,178130,3652007,122183,3430819,185060,7082826,
All CA and Non-CA Counties,2021-03-03,345314,10795646,171095,5508427,174148,5286917,71,302,197734,3710407,146724,3577543,205124,7287950,
All CA and Non-CA Counties,2021-03-04,363659,11159305,183168,5691595,180386,5467303,105,407,211505,3777831,151225,3728768,218649,7506599,
All CA and Non-CA Counties,2021-03-05,351071,11510376,172275,5863870,177646,5644949,1150,1557,217373,3870899,132732,3861500,225800,7732399,
All CA and Non-CA Counties,2021-03-06,265385,11775761,135940,5999810,121370,5766319,8075,9632,164371,3947500,100519,3962019,177120,7909519,
All CA and Non-CA Counties,2021-03-07,134742,11910503,80094,6079904,47606,5813925,7042,16674,82228,3988187,52269,4014288,92956,8002475,
All CA and Non-CA Counties,2021-03-08,226345,12136848,110581,6190485,104512,5918437,11252,27926,147894,4074317,77941,4092229,164071,8166546,
All CA and Non-CA Counties,2021-03-09,299675,12436523,143108,6333593,140179,6058616,16388,44314,167668,4130972,131392,4223621,188047,8354593,
All CA and Non-CA Counties,2021-03-10,330809,12767332,164422,6498015,141243,6199859,25144,69458,178893,4187980,151105,4374726,208113,8562706,
All CA and Non-CA Counties,2021-03-11,387058,13154390,187413,6685428,165388,6365247,34257,103715,197984,4236386,187959,4562685,236365,8799071,
All CA and Non-CA Counties,2021-03-12,405412,13559802,182049,6867477,176187,6541434,47176,150891,198663,4280522,205729,4768414,249865,9048936,
All CA and Non-CA Counties,2021-03-13,290677,13850479,127716,6995193,131274,6672708,31687,182578,157742,4341697,132393,4900807,193568,9242504,
All CA and Non-CA Counties,2021-03-14,158647,14009126,84508,7079701,58671,6731379,15468,198046,79478,4360063,78797,4979604,97163,9339667,
All CA and Non-CA Counties,2021-03-15,297083,14306209,142204,7221905,133695,6865074,21184,219230,160565,4409575,135603,5115207,185115,9524782,
All CA and Non-CA Counties,2021-03-16,380561,14686770,179728,7401633,182975,7048049,17858,237088,219267,4489484,160371,5275578,240280,9765062,
All CA and Non-CA Counties,2021-03-17,396479,15083249,197892,7599525,179478,7227527,19109,256197,244477,4604566,150983,5426561,266065,10031127,
All CA and Non-CA Counties,2021-03-18,413836,15497085,213066,7812591,181827,7409354,18943,275140,243961,4700963,168598,5595159,264995,10296122,
All CA and Non-CA Counties,2021-03-19,421912,15918997,222674,8035265,176820,7586174,22418,297558,243559,4791768,177199,5772358,268004,10564126,
All CA and Non-CA Counties,2021-03-20,302316,16221313,159254,8194519,126997,7713171,16065,313623,191368,4890558,110122,5882480,208912,10773038,
All CA and Non-CA Counties,2021-03-21,147500,16368813,101821,8296340,38042,7751213,7637,321260,88955,4930434,58090,5940570,97966,10871004,
All CA and Non-CA Counties,2021-03-22,279268,16648081,162823,8459163,105108,7856321,11337,332597,181162,5028789,97177,6037747,195532,11066536,
All CA and Non-CA Counties,2021-03-23,366609,17014690,202078,8661241,153115,8009436,11416,344013,224555,5126361,140986,6178733,238558,11305094,
All CA and Non-CA Counties,2021-03-24,397372,17412062,227062,8888303,157291,8166727,13019,357032,230164,5205830,165777,6344510,245246,11550340,
All CA and Non-CA Counties,2021-03-25,428880,17840942,235718,9124021,177717,8344444,15445,372477,242885,5281814,184474,6528984,260458,11810798,
All CA and Non-CA Counties,2021-03-26,444370,18285312,237444,9361465,190522,8534966,16404,388881,239271,5336688,203618,6732602,258492,12069290,
All CA and Non-CA Counties,2021-03-27,320647,18605959,170311,9531776,138297,8673263,12039,400920,161785,5355017,157899,6890501,176228,12245518,
All CA and Non-CA Counties,2021-03-28,173479,18779438,111166,9642942,58545,8731808,3768,404688,90556,5369376,82401,6972902,96760,12342278,
All CA and Non-CA Counties,2021-03-29,317687,19097125,170191,9813133,137994,8869802,9502,414190,176027,5416768,140735,7113637,188127,12530405,
All CA and Non-CA Counties,2021-03-30,407921,19505046,206685,10019818,182323,9052125,18913,433103,228778,5488009,178198,7291835,249439,12779844,
All CA and Non-CA Counties,2021-03-31,435253,19940299,236688,10256506,175756,9227881,22809,455912,241043,5559870,192982,7484817,264843,13044687,
All CA and Non-CA Counties,2021-04-01,502814,20443113,257795,10514301,203457,9431338,41562,497474,275806,5652897,225322,7710139,318349,13363036,
All CA and Non-CA Counties,2021-04-02,485174,20928287,236703,10751004,203845,9635183,44626,542100,261687,5738682,222037,7932176,307822,13670858,
All CA and Non-CA Counties,2021-04-03,337301,21265588,172490,10923494,122034,9757217,42777,584877,167836,5781869,168711,8100887,211898,13882756,
All CA and Non-CA Counties,2021-04-04,134631,21400219,70193,10993687,45103,9802320,19335,604212,58825,5784840,75443,8176330,78414,13961170,
All CA and Non-CA Counties,2021-04-05,360139,21760358,185232,11178919,134019,9936339,40888,645100,175576,5820687,183715,8360045,219562,14180732,
All CA and Non-CA Counties,2021-04-06,467430,22227788,237090,11416009,162891,10099230,67449,712549,225099,5874105,241218,8601263,294636,14475368,
All CA and Non-CA Counties,2021-04-07,483834,22711622,251609,11667618,160221,10259451,72004,784553,233835,5931990,248868,8850131,306753,14782121,
All CA and Non-CA Counties,2021-04-08,510580,23222202,257750,11925368,166038,10425489,86792,871345,239020,5989697,270178,9120309,327885,15110006,
All CA and Non-CA Counties,2021-04-09,505919,23728121,252154,12177522,171348,10596837,82417,953762,231711,6033703,272962,9393271,316968,15426974,
All CA and Non-CA Counties,2021-04-10,376701,24104822,171878,12349400,128334,10725171,76489,1030251,156919,6050792,218917,9612188,236006,15662980,
All CA and Non-CA Counties,2021-04-11,191691,24296513,107387,12456787,49537,10774708,34767,1065018,78798,6054649,112487,9724675,116344,15779324,
All CA and Non-CA Counties,2021-04-12,346507,24643020,178216,12635003,129332,10904040,38959,1103977,159658,6071041,185734,9910409,202126,15981450,
All CA and Non-CA Counties,2021-04-13,441556,25084576,247678,12882681,192889,11096929,989,1104966,245972,6126623,194409,10104818,249991,16231441,
All CA and Non-CA Counties,2021-04-14,461405,25545981,259205,13141886,201902,11298831,298,1105264,240272,6151939,219782,10324600,245098,16476539,
All CA and Non-CA Counties,2021-04-15,502900,26048881,293255,13435141,209335,11508166,310,1105574,280778,6215462,220405,10545005,283928,16760467,
All CA and Non-CA Counties,2021-04-16,487287,26536168,274094,13709235,212873,11721039,320,1105894,259571,6251606,226194,10771199,262338,17022805,
All CA and Non-CA Counties,2021-04-17,352579,26888747,197600,13906835,154917,11875956,62,1105956,200541,6304356,151019,10922218,203769,17226574,
All CA and Non-CA Counties,2021-04-18,164023,27052770,105404,14012239,58600,11934556,19,1105975,83946,6311791,79572,11001790,87007,17313581,
All CA and Non-CA Counties,2021-04-19,328089,27380859,188204,14200443,139784,12074340,101,1106076,155194,6297136,171821,11173611,157166,17470747,
All CA and Non-CA Counties,2021-04-20,425265,27806124,229419,14429862,195763,12270103,83,1106159,210386,6297072,213619,11387230,213555,17684302,
All CA and Non-CA Counties,2021-04-21,447590,28253714,257803,14687665,189509,12459612,278,1106437,214201,6283371,231621,11618851,217920,17902222,
All CA and Non-CA Counties,2021-04-22,463640,28717354,266288,14953953,197266,12656878,86,1106523,206174,6237027,255850,11874701,209506,18111728,
All CA and Non-CA Counties,2021-04-23,454942,29172296,261036,15214989,193810,12850688,96,1106619,206016,6199189,247330,12122031,209492,18321220,
All CA and Non-CA Counties,2021-04-24,331359,29503655,208401,15423390,122769,12973457,189,1106808,167775,6207917,162521,12284552,171249,18492469,
All CA and Non-CA Counties,2021-04-25,153076,29656731,100082,15523472,52917,13026374,77,1106885,81713,6220348,70836,12355388,83267,18575736,
All CA and Non-CA Counties,2021-04-26,310062,29966793,179841,15703313,128635,13155009,1586,1108471,135537,6188583,173401,12528789,141636,18717372,
All CA and Non-CA Counties,2021-04-27,379608,30346401,209613,15912926,162972,13317981,7023,1115494,153190,6126852,225138,12753927,163407,18880779,
All CA and Non-CA Counties,2021-04-28,364766,30711167,210002,16122928,146413,13464394,8351,1123845,150513,6075099,212978,12966905,161225,19042004,
All CA and Non-CA Counties,2021-04-29,374142,31085309,216662,16339590,149089,13613483,8391,1132236,138081,5988769,234682,13201587,148352,19190356,
All CA and Non-CA Counties,2021-04-30,386947,31472256,222676,16562266,154861,13768344,9410,1141646,147799,5910309,237667,13439254,159207,19349563,
All CA and Non-CA Counties,2021-05-01,252291,31724547,160804,16723070,84926,13853270,6561,1148207,91743,5851299,159546,13598800,100536,19450099,
All CA and Non-CA Counties,2021-05-02,119061,31843608,82984,16806054,32062,13885332,4015,1152222,41806,5820690,76797,13675597,46188,19496287,
All CA and Non-CA Counties,2021-05-03,257432,32101040,157774,16963828,90573,13975905,9085,1161307,78822,5731842,177644,13853241,88796,19585083,
All CA and Non-CA Counties,2021-05-04,338008,32439048,207423,17171251,120310,14096215,10275,1171582,100195,5606863,236632,14089873,111653,19696736,
All CA and Non-CA Counties,2021-05-05,343108,32782156,214658,17385909,117978,14214193,10472,1182054,97467,5471590,244283,14334156,109010,19805746,
All CA and Non-CA Counties,2021-05-06,360108,33142264,236176,17622085,113029,14327222,10903,1192957,92009,5310687,266316,14600472,105413,19911159,
All CA and Non-CA Counties,2021-05-07,357716,33499980,224533,17846618,122893,14450115,10290,1203247,97751,5161535,258453,14858925,109301,20020460,
All CA and Non-CA Counties,2021-05-08,236828,33736808,151151,17997769,78451,14528566,7226,1210473,65508,5065468,170274,15029199,74207,20094667,
All CA and Non-CA Counties,2021-05-09,96917,33833725,73313,18071082,20489,14549055,3115,1213588,25723,5023911,70838,15100037,29281,20123948,
All CA and Non-CA Counties,2021-05-10,209456,34043181,119712,18190794,81521,14630576,8223,1221811,52104,4929094,156454,15256491,61637,20185585,
All CA and Non-CA Counties,2021-05-11,277557,34320738,158195,18348989,110382,14740958,8980,1230791,73741,4810838,202781,15459272,84525,20270110,
All CA and Non-CA Counties,2021-05-12,275515,34596253,160235,18509224,105820,14846778,9460,1240251,74313,4695705,200064,15659336,84931,20355041,
All CA and Non-CA Counties,2021-05-13,320904,34917157,206867,18716091,106400,14953178,7637,1247888,120924,4628166,198766,15858102,131227,20486268,
All CA and Non-CA Counties,2021-05-14,344822,35261979,220837,18936928,114824,15068002,9161,1257049,134622,4565174,208861,16066963,145869,20632137,
All CA and Non-CA Counties,2021-05-15,283002,35544981,197451,19134379,79395,15147397,6156,1263205,116707,4523686,165341,16232304,123853,20755990,
All CA and Non-CA Counties,2021-05-16,143090,35688071,109484,19243863,30584,15177981,3022,1266227,58507,4501542,84085,16316389,61941,20817931,
All CA and Non-CA Counties,2021-05-17,243417,35931488,159946,19403809,75814,15253795,7657,1273884,96505,4460615,145965,16462354,105038,20922969,
All CA and Non-CA Counties,2021-05-18,285217,36216705,173637,19577446,103855,15357650,7725,1281609,111434,4408572,172610,16634964,120567,21043536,
All CA and Non-CA Counties,2021-05-19,279352,36496057,173933,19751379,97579,15455229,7840,1289449,114278,4367855,163966,16798930,123249,21166785,
All CA and Non-CA Counties,2021-05-20,267011,36763068,159385,19910764,99230,15554459,8396,1297845,101789,4315573,164005,16962935,111723,21278508,
All CA and Non-CA Counties,2021-05-21,285639,37048707,175533,20086297,101897,15656356,8209,1306054,107713,4256153,176584,17139519,117164,21395672,
All CA and Non-CA Counties,2021-05-22,207453,37256160,137337,20223634,63682,15720038,6434,1312488,88854,4234819,117764,17257283,96430,21492102,
All CA and Non-CA Counties,2021-05-23,91358,37347518,63983,20287617,24599,15744637,2776,1315264,39500,4226060,51421,17308704,42662,21534764,
All CA and Non-CA Counties,2021-05-24,173680,37521198,101754,20389371,63255,15807892,8671,1323935,65974,4194710,106844,17415548,75494,21610258,
All CA and Non-CA Counties,2021-05-25,192020,37713218,112368,20501739,71267,15879159,8385,1332320,72722,4158713,118232,17533780,82235,21692493,
All CA and Non-CA Counties,2021-05-26,186914,37900132,107315,20609054,71384,15950543,8215,1340535,72576,4127022,113199,17646979,81508,21774001,
All CA and Non-CA Counties,2021-05-27,174410,38074542,99552,20708606,66069,16016612,8789,1349324,70151,4103651,103379,17750358,80008,21854009,
All CA and Non-CA Counties,2021-05-28,191159,38265701,110073,20818679,73606,16090218,7480,1356804,82358,4086835,107772,17858130,90956,21944965,
All CA and Non-CA Counties,2021-05-29,108608,38374309,66462,20885141,37963,16128181,4183,1360987,50560,4084593,57487,17915617,55245,22000210,
All CA and Non-CA Counties,2021-05-30,47996,38422305,31638,20916779,13775,16141956,2583,1363570,21052,4081758,26685,17942302,23850,22024060,
All CA and Non-CA Counties,2021-05-31,20230,38442535,11856,20928635,7360,16149316,1014,1364584,6616,4076069,13433,17955735,7744,22031804,
All CA and Non-CA Counties,2021-06-01,170414,38612949,99310,21027945,63708,16213024,7396,1371980,60474,4035912,108912,18064647,68755,22100559,
All CA and Non-CA Counties,2021-06-02,144654,38757603,85367,21113312,51828,16264852,7459,1379439,54733,4009777,88986,18153633,62851,22163410,
All CA and Non-CA Counties,2021-06-03,172975,38930578,118020,21231332,47586,16312438,7369,1386808,52830,3951706,119270,18272903,61199,22224609,
All CA and Non-CA Counties,2021-06-04,201866,39132444,141817,21373149,53537,16365975,6512,1393320,60592,3880458,140185,18413088,68937,22293546,
All CA and Non-CA Counties,2021-06-05,159057,39291501,119971,21493120,33288,16399263,5798,1399118,44393,3817730,113869,18526957,51141,22344687,
All CA and Non-CA Counties,2021-06-06,64922,39356423,54609,21547729,8012,16407275,2301,1401419,17453,3791124,47170,18574127,20564,22365251,
All CA and Non-CA Counties,2021-06-07,138458,39494881,101300,21649029,30953,16438228,6205,1407624,40935,3742076,96899,18671026,47851,22413102,
All CA and Non-CA Counties,2021-06-08,160178,39655059,115963,21764992,37078,16475306,7137,1414761,47652,3686283,111607,18782633,55814,22468916,
All CA and Non-CA Counties,2021-06-09,154332,39809391,112023,21877015,35267,16510573,7042,1421803,42998,3626737,110492,18893125,50946,22519862,
All CA and Non-CA Counties,2021-06-10,148583,39957974,106709,21983724,34229,16544802,7645,1429448,43766,3575122,104074,18997199,52459,22572321,
All CA and Non-CA Counties,2021-06-11,161118,40119092,112923,22096647,41139,16585941,7056,1436504,50283,3523445,109919,19107118,58242,22630563,
All CA and Non-CA Counties,2021-06-12,116426,40235518,88219,22184866,24363,16610304,3844,1440348,33342,3478775,82521,19189639,37851,22668414,
All CA and Non-CA Counties,2021-06-13,45687,40281205,33999,22218865,9538,16619842,2150,1442498,11496,3458881,33938,19223577,14044,22682458,
All CA and Non-CA Counties,2021-06-14,117049,40398254,82959,22301824,27034,16646876,7056,1449554,38607,3427336,77816,19301393,46271,22728729,
All CA and Non-CA Counties,2021-06-15,133443,40531697,89909,22391733,34480,16681356,9054,1458608,44727,3394168,87845,19389238,54677,22783406,
All CA and Non-CA Counties,2021-06-16,122550,40654247,86138,22477871,28480,16709836,7932,1466540,42281,3365619,79503,19468741,50954,22834360,
All CA and Non-CA Counties,2021-06-17,116052,40770299,80194,22558065,27660,16737496,8198,1474738,41095,3341339,74204,19542945,49924,22884284,
All CA and Non-CA Counties,2021-06-18,130499,40900798,90165,22648230,32403,16769899,7931,1482669,46810,3314047,82788,19625733,55496,22939780,
All CA and Non-CA Counties,2021-06-19,77516,40978314,56271,22704501,17138,16787037,4107,1486776,29156,3300058,47761,19673494,33772,22973552,
All CA and Non-CA Counties,2021-06-20,31426,41009740,23653,22728154,6374,16793411,1399,1488175,11979,3294424,19229,19692723,13595,22987147,
All CA and Non-CA Counties,2021-06-21,72482,41082222,45287,22773441,20875,16814286,6320,1494495,37151,3303477,34937,19727660,43990,23031137,
All CA and Non-CA Counties,2021-06-22,101982,41184204,71125,22844566,24728,16839014,6129,1500624,39898,3288692,61474,19789134,46689,23077826,
All CA and Non-CA Counties,2021-06-23,95514,41279718,67202,22911768,22262,16861276,6050,1506674,38973,3278346,55960,19845094,45614,23123440,
All CA and Non-CA Counties,2021-06-24,92419,41372137,64390,22976158,22200,16883476,5829,1512503,37552,3268071,54220,19899314,43945,23167385,
All CA and Non-CA Counties,2021-06-25,106801,41478938,75404,23051562,25723,16909199,5674,1518177,43636,3255450,62520,19961834,49899,23217284,
All CA and Non-CA Counties,2021-06-26,68608,41547546,51643,23103205,13688,16922887,3277,1521454,28365,3247771,39875,20001709,32196,23249480,
All CA and Non-CA Counties,2021-06-27,32205,41579751,24773,23127978,5836,16928723,1596,1523050,13815,3245198,18209,20019918,15636,23265116,
All CA and Non-CA Counties,2021-06-28,72961,41652712,56267,23184245,12005,16940728,4689,1527739,31949,3241740,40559,20060477,37101,23302217,
All CA and Non-CA Counties,2021-06-29,84805,41737517,60053,23244298,20300,16961028,4452,1532191,35768,3233997,48517,20108994,40774,23342991,
All CA and Non-CA Counties,2021-06-30,80023,41817540,57270,23301568,18696,16979724,4057,1536248,35806,3230733,43673,20152667,40409,23383400,
All CA and Non-CA Counties,2021-07-01,74789,41892329,53831,23355399,16850,16996574,4108,1540356,32923,3226866,41412,20194079,37545,23420945,
All CA and Non-CA Counties,2021-07-02,84821,41977150,60543,23415942,20221,17016795,4057,1544413,37525,3222191,46753,20240832,42078,23463023,
All CA and Non-CA Counties,2021-07-03,46750,42023900,34144,23450086,10859,17027654,1747,1546160,21318,3220477,25090,20265922,23376,23486399,
All CA and Non-CA Counties,2021-07-04,3484,42027384,2025,23452111,1170,17028824,289,1546449,1548,3220461,1910,20267832,1894,23488293,
All CA and Non-CA Counties,2021-07-05,41485,42068869,30653,23482764,9200,17038024,1632,1548081,19349,3219842,21883,20289715,21264,23509557,
All CA and Non-CA Counties,2021-07-06,85700,42154569,62704,23545468,18868,17056892,4128,1552209,32963,3205369,52178,20341893,37705,23547262,
All CA and Non-CA Counties,2021-07-07,50880,42205449,36111,23581579,11255,17068147,3514,1555723,20510,3199800,30035,20371928,24466,23571728,
Outside California,2020-12-15,9,9,9,9,0,0,0,0,9,9,0,0,9,9,Not in California
Outside California,2020-12-16,274,283,274,283,0,0,0,0,274,283,0,0,274,283,Not in California
Outside California,2020-12-17,1587,1870,1587,1870,0,0,0,0,1587,1870,0,0,1587,1870,Not in California
Outside California,2020-12-18,2524,4394,2517,4387,7,7,0,0,2524,4394,0,0,2524,4394,Not in California
Outside California,2020-12-19,1030,5424,1029,5416,1,8,0,0,1030,5424,0,0,1030,5424,Not in California
Outside California,2020-12-20,675,6099,672,6088,3,11,0,0,675,6099,0,0,675,6099,Not in California
Outside California,2020-12-21,2169,8268,2166,8254,3,14,0,0,2169,8268,0,0,2169,8268,Not in California
Outside California,2020-12-22,2057,10325,1983,10237,74,88,0,0,2057,10325,0,0,2057,10325,Not in California
Outside California,2020-12-23,1526,11851,1382,11619,144,232,0,0,1525,11849,1,1,1525,11850,Not in California
Outside California,2020-12-24,801,12652,611,12230,190,422,0,0,801,12650,0,1,801,12651,Not in California
Outside California,2020-12-25,35,12687,30,12260,5,427,0,0,35,12685,0,1,35,12686,Not in California
Outside California,2020-12-26,305,12992,206,12466,99,526,0,0,305,12990,0,1,305,12991,Not in California
Outside California,2020-12-27,189,13181,72,12538,117,643,0,0,189,13179,0,1,189,13180,Not in California
Outside California,2020-12-28,1404,14585,893,13431,511,1154,0,0,1404,14583,0,1,1404,14584,Not in California
Outside California,2020-12-29,1540,16125,1016,14447,524,1678,0,0,1540,16123,0,1,1540,16124,Not in California
Outside California,2020-12-30,1875,18000,1218,15665,657,2335,0,0,1875,17998,0,1,1875,17999,Not in California
Outside California,2020-12-31,1100,19100,596,16261,504,2839,0,0,1099,19096,1,2,1099,19098,Not in California
Outside California,2021-01-01,108,19208,29,16290,79,2918,0,0,108,19204,0,2,108,19206,Not in California
Outside California,2021-01-02,248,19456,137,16427,111,3029,0,0,247,19450,1,3,247,19453,Not in California
Outside California,2021-01-03,185,19641,92,16519,93,3122,0,0,185,19635,0,3,185,19638,Not in California
Outside California,2021-01-04,1149,20790,512,17031,637,3759,0,0,1144,20778,1,4,1144,20782,Not in California
Outside California,2021-01-05,1553,22343,825,17856,728,4487,0,0,1358,21944,193,197,1359,22141,Not in California
Outside California,2021-01-06,2666,25009,1576,19432,1090,5577,0,0,1938,23157,725,922,1938,24079,Not in California
Outside California,2021-01-07,4100,29109,2520,21952,1580,7157,0,0,2457,23975,1641,2563,2459,26538,Not in California
Outside California,2021-01-08,4476,33585,2901,24853,1575,8732,0,0,2616,24744,1850,4413,2619,29157,Not in California
Outside California,2021-01-09,1308,34893,537,25390,771,9503,0,0,980,25399,327,4740,982,30139,Not in California
Outside California,2021-01-10,316,35209,187,25577,129,9632,0,0,195,25473,121,4861,195,30334,Not in California
Outside California,2021-01-11,3252,38461,1991,27568,1261,10893,0,0,1928,26078,1323,6184,1928,32262,Not in California
Outside California,2021-01-12,3889,42350,2300,29868,1589,12482,0,0,2297,26841,1588,7772,2351,34613,Not in California
Outside California,2021-01-13,3634,45984,1775,31643,1859,14341,0,0,2457,28126,1176,8948,2461,37074,Not in California
Outside California,2021-01-14,3651,49635,1261,32904,2390,16731,0,0,3006,30504,631,9579,3009,40083,Not in California
Outside California,2021-01-15,4160,53795,995,33899,3165,19896,0,0,3684,33724,464,10043,3684,43767,Not in California
Outside California,2021-01-16,2625,56420,390,34289,2235,22131,0,0,2450,36001,173,10216,2450,46217,Not in California
Outside California,2021-01-17,510,56930,152,34441,358,22489,0,0,461,36413,49,10265,461,46678,Not in California
Outside California,2021-01-18,1191,58121,769,35210,422,22911,0,0,736,36696,454,10719,737,47415,Not in California
Outside California,2021-01-19,4098,62219,1341,36551,2757,25668,0,0,3198,38997,900,11619,3201,50616,Not in California
Outside California,2021-01-20,4428,66647,1427,37978,3001,28669,0,0,3487,41549,936,12555,3488,54104,Not in California
Outside California,2021-01-21,4232,70879,1173,39151,3059,31728,0,0,3654,44641,562,13117,3654,57758,Not in California
Outside California,2021-01-22,4596,75475,1101,40252,3495,35223,0,0,4173,48403,413,13530,4175,61933,Not in California
Outside California,2021-01-23,2262,77737,350,40602,1912,37135,0,0,2088,50320,171,13701,2088,64021,Not in California
Outside California,2021-01-24,606,78343,257,40859,349,37484,0,0,526,50766,80,13781,526,64547,Not in California
Outside California,2021-01-25,4571,82914,1974,42833,2597,40081,0,0,3694,53594,868,14649,3696,68243,Not in California
Outside California,2021-01-26,6084,88998,2934,45767,3150,43231,0,0,5210,57938,873,15522,5217,73460,Not in California
Outside California,2021-01-27,5177,94175,2738,48505,2439,45670,0,0,4521,61811,650,16172,4523,77983,Not in California
Outside California,2021-01-28,5267,99442,2831,51336,2436,48106,0,0,4719,65992,538,16710,4719,82702,Not in California
Outside California,2021-01-29,4926,104368,3059,54395,1867,49973,0,0,4106,69288,812,17522,4108,86810,Not in California
Outside California,2021-01-30,4437,108805,2422,56817,2015,51988,0,0,4200,73255,234,17756,4201,91011,Not in California
Outside California,2021-01-31,3265,112070,2836,59653,429,52417,0,0,3202,76398,61,17817,3204,94215,Not in California
Outside California,2021-02-01,5644,117714,2637,62290,3007,55424,0,0,4915,80593,720,18537,4915,99130,Not in California
Outside California,2021-02-02,6911,124625,2237,64527,4674,60098,0,0,6168,86031,730,19267,6168,105298,Not in California
Outside California,2021-02-03,7534,132159,2131,66658,5403,65501,0,0,6635,91778,889,20156,6636,111934,Not in California
Outside California,2021-02-04,6919,139078,2166,68824,4753,70254,0,0,5879,96633,1025,21181,5880,117814,Not in California
Outside California,2021-02-05,7023,146101,2394,71218,4629,74883,0,0,5899,101417,1115,22296,5899,123713,Not in California
Outside California,2021-02-06,4465,150566,2180,73398,2285,77168,0,0,3991,104947,464,22760,3994,127707,Not in California
Outside California,2021-02-07,2229,152795,1833,75231,396,77564,0,0,2141,107004,86,22846,2143,129850,Not in California
Outside California,2021-02-08,5309,158104,3336,78567,1973,79537,0,0,4239,110184,1059,23905,4239,134089,Not in California
Outside California,2021-02-09,4301,162405,1920,80487,2381,81918,0,0,2975,111861,1299,25204,2976,137065,Not in California
Outside California,2021-02-10,5663,168068,1960,82447,3703,85621,0,0,3193,112641,2421,27625,3201,140266,Not in California
Outside California,2021-02-11,4920,172988,2292,84739,2628,88249,0,0,3561,114878,1342,28967,3579,143845,Not in California
Outside California,2021-02-12,5348,178336,1984,86723,3364,91613,0,0,3469,116490,1860,30827,3472,147317,Not in California
Outside California,2021-02-13,2462,180798,748,87471,1714,93327,0,0,1868,117781,589,31416,1880,149197,Not in California
Outside California,2021-02-14,1381,182179,431,87902,950,94277,0,0,1116,118642,257,31673,1118,150315,Not in California
Outside California,2021-02-15,2667,184846,1618,89520,1049,95326,0,0,1283,118561,1367,33040,1286,151601,Not in California
Outside California,2021-02-16,6674,191520,2922,92442,3752,99078,0,0,2605,117120,4051,37091,2610,154211,Not in California
Outside California,2021-02-17,6093,197613,3095,95537,2998,102076,0,0,1860,114768,4217,41308,1865,156076,Not in California
Outside California,2021-02-18,6678,204291,3850,99387,2828,104904,0,0,2098,112322,4545,45853,2099,158175,Not in California
Outside California,2021-02-19,5940,210231,4109,103496,1831,106735,0,0,2492,111381,3435,49288,2494,160669,Not in California
Outside California,2021-02-20,3540,213771,2866,106362,674,107409,0,0,1291,110430,2243,51531,1292,161961,Not in California
Outside California,2021-02-21,3109,216880,2874,109236,235,107644,0,0,927,109189,2168,53699,927,162888,Not in California
Outside California,2021-02-22,3767,220647,2762,111998,1005,108649,0,0,1698,108832,2060,55759,1703,164591,Not in California
Outside California,2021-02-23,6894,227541,3676,115674,3218,111867,0,0,2467,106995,4320,60079,2483,167074,Not in California
Outside California,2021-02-24,7011,234552,3747,119421,3264,115131,0,0,2529,105097,4432,64511,2534,169608,Not in California
Outside California,2021-02-25,7214,241766,3617,123038,3597,118728,0,0,3149,104225,4024,68535,3152,172760,Not in California
Outside California,2021-02-26,7274,249040,3898,126936,3376,122104,0,0,3149,103345,4030,72565,3150,175910,Not in California
Outside California,2021-02-27,5648,254688,2792,129728,2855,124959,1,1,1920,101566,3702,76267,1923,177833,Not in California
Outside California,2021-02-28,2460,257148,1772,131500,687,125646,1,2,817,100748,1638,77905,820,178653,Not in California
Outside California,2021-03-01,5043,262191,3180,134680,1862,127508,1,3,1407,98538,3623,81528,1413,180066,Not in California
Outside California,2021-03-02,6827,269018,2542,137222,4285,131793,0,3,2105,95941,4704,86232,2107,182173,Not in California
Outside California,2021-03-03,8028,277046,3151,140373,4875,136668,2,5,2754,93451,5249,91481,2759,184932,Not in California
Outside California,2021-03-04,6983,284029,2944,143317,4032,140700,7,12,2391,91289,4563,96044,2401,187333,Not in California
Outside California,2021-03-05,5398,289427,2724,146041,2659,143359,15,27,2792,91516,2588,98632,2815,190148,Not in California
Outside California,2021-03-06,4650,294077,2158,148199,2333,145692,159,186,2367,91772,2278,100910,2534,192682,Not in California
Outside California,2021-03-07,1755,295832,1034,149233,570,146262,151,337,1011,92202,739,101649,1169,193851,Not in California
Outside California,2021-03-08,3197,299029,1878,151111,1055,147317,264,601,2254,93816,911,102560,2525,196376,Not in California
Outside California,2021-03-09,4772,303801,2444,153555,2001,149318,327,928,2810,95004,1949,104509,3137,199513,Not in California
Outside California,2021-03-10,4522,308323,2151,155706,1837,151155,534,1462,2742,96517,1765,106274,3278,202791,Not in California
Outside California,2021-03-11,6320,314643,3216,158922,2413,153568,691,2153,3337,97579,2966,109240,4028,206819,Not in California
Outside California,2021-03-12,6553,321196,3929,162851,1892,155460,732,2885,3574,98925,2957,112197,4303,211122,Not in California
Outside California,2021-03-13,3859,325055,2206,165057,1184,156644,469,3354,2617,100780,1231,113428,3086,214208,Not in California
Outside California,2021-03-14,1819,326874,936,165993,544,157188,339,3693,995,101295,819,114247,1334,215542,Not in California
Outside California,2021-03-15,4094,330968,2142,168135,1480,158668,472,4165,2174,102037,1906,116153,2648,218190,Not in California
Outside California,2021-03-16,7614,338582,4420,172555,2803,161471,391,4556,4189,103207,3403,119556,4573,222763,Not in California
Outside California,2021-03-17,8518,347100,5512,178067,2626,164097,380,4936,5074,105231,3431,122987,5455,228218,Not in California
Outside California,2021-03-18,8375,355475,5173,183240,2656,166753,546,5482,4804,107024,3556,126543,5349,233567,Not in California
Outside California,2021-03-19,7402,362877,4402,187642,2454,169207,546,6028,4383,108954,3003,129546,4933,238500,Not in California
Outside California,2021-03-20,4811,367688,3170,190812,1549,170756,92,6120,3660,111572,1135,130681,3753,242253,Not in California
Outside California,2021-03-21,2121,369809,1453,192265,581,171337,87,6207,1689,112919,428,131109,1775,244028,Not in California
Outside California,2021-03-22,3326,373135,2010,194275,1228,172565,88,6295,2276,114241,1041,132150,2363,246391,Not in California
Outside California,2021-03-23,6168,379303,3139,197414,2722,175287,307,6602,4146,116705,1989,134139,4453,250844,Not in California
Outside California,2021-03-24,7397,386700,3795,201209,3154,178441,448,7050,5074,119917,2308,136447,5520,256364,Not in California
Outside California,2021-03-25,8332,395032,3860,205069,3947,182388,525,7575,6025,124183,2285,138732,6551,262915,Not in California
Outside California,2021-03-26,6751,401783,3561,208630,3010,185398,180,7755,4445,126532,2274,141006,4623,267538,Not in California
Outside California,2021-03-27,5600,407383,3126,211756,2254,187652,220,7975,3501,128164,2085,143091,3717,271255,Not in California
Outside California,2021-03-28,3107,410490,1655,213411,1290,188942,162,8137,1995,129218,1103,144194,2157,273412,Not in California
Outside California,2021-03-29,5266,415756,2344,215755,2573,191515,349,8486,3013,130338,2244,146438,3364,276776,Not in California
Outside California,2021-03-30,6967,422723,3660,219415,2737,194252,570,9056,4115,132191,2839,149277,4692,281468,Not in California
Outside California,2021-03-31,6447,429170,3840,223255,1819,196071,788,9844,3420,133376,3016,152293,4201,285669,Not in California
Outside California,2021-04-01,7713,436883,4614,227869,2436,198507,663,10507,4456,135241,3241,155534,5106,290775,Not in California
Outside California,2021-04-02,8538,445421,4531,232400,2866,201373,1141,11648,4409,136670,4116,159650,5545,296320,Not in California
Outside California,2021-04-03,6378,451799,3816,236216,1403,202776,1159,12807,3396,138255,2969,162619,4554,300874,Not in California
Outside California,2021-04-04,1836,453635,901,237117,695,203471,240,13047,995,138648,839,163458,1232,302106,Not in California
Outside California,2021-04-05,4241,457876,2055,239172,1506,204977,680,13727,2009,139113,2222,165680,2687,304793,Not in California
Outside California,2021-04-06,7267,465143,3908,243080,1705,206682,1654,15381,2909,139339,4335,170015,4561,309354,Not in California
Outside California,2021-04-07,8349,473492,4694,247774,1941,208623,1714,17095,3247,139202,5089,175104,4952,314306,Not in California
Outside California,2021-04-08,8349,481841,4389,252163,2010,210633,1950,19045,3330,139464,5004,180108,5266,319572,Not in California
Outside California,2021-04-09,7658,489499,3923,256086,1764,212397,1971,21016,2945,139672,4696,184804,4904,324476,Not in California
Outside California,2021-04-10,6170,495669,3027,259113,1279,213676,1864,22880,1704,138774,4452,189256,3554,328030,Not in California
Outside California,2021-04-11,2894,498563,1587,260700,658,214334,649,23529,984,138498,1905,191161,1629,329659,Not in California
Outside California,2021-04-12,4250,502813,2385,263085,1296,215630,569,24098,1887,138601,2353,193514,2456,332115,Not in California
Outside California,2021-04-13,5912,508725,3776,266861,2111,217741,25,24123,3060,138841,2844,196358,3084,335199,Not in California
Outside California,2021-04-14,5555,514280,3561,270422,1990,219731,4,24127,3061,139423,2483,198841,3065,338264,Not in California
Outside California,2021-04-15,6263,520543,3933,274355,2324,222055,6,24133,3375,139973,2832,201673,3382,341646,Not in California
Outside California,2021-04-16,6035,526578,3466,277821,2562,224617,7,24140,3365,140695,2653,204326,3375,345021,Not in California
Outside California,2021-04-17,5614,532192,3530,281351,2083,226700,1,24141,3244,141583,2356,206682,3244,348265,Not in California
Outside California,2021-04-18,2227,534419,1280,282631,946,227646,1,24142,1100,141566,1120,207802,1103,349368,Not in California
Outside California,2021-04-19,4241,538660,2047,284678,2193,229839,1,24143,2180,141702,2048,209850,2184,351552,Not in California
Outside California,2021-04-20,5574,544234,2598,287276,2975,232814,1,24144,2309,140762,3249,213099,2309,353861,Not in California
Outside California,2021-04-21,6743,550977,2946,290222,3791,236605,6,24150,2484,139015,4238,217337,2491,356352,Not in California
Outside California,2021-04-22,7050,558027,3645,293867,3403,240008,2,24152,2601,137184,4435,221772,2604,358956,Not in California
Outside California,2021-04-23,6050,564077,3114,296981,2935,242943,1,24153,2505,136168,3525,225297,2509,361465,Not in California
Outside California,2021-04-24,4726,568803,3089,300070,1632,244575,5,24158,1898,135254,2820,228117,1906,363371,Not in California
Outside California,2021-04-25,2257,571060,1267,301337,989,245564,1,24159,1186,135376,1068,229185,1190,364561,Not in California
Outside California,2021-04-26,4253,575313,1914,303251,2311,247875,28,24187,1915,134994,2325,231510,1943,366504,Not in California
Outside California,2021-04-27,5827,581140,2206,305457,3248,251123,373,24560,2029,133618,3786,235296,2410,368914,Not in California
Outside California,2021-04-28,5027,586167,2176,307633,2452,253575,399,24959,1981,132963,3029,238325,2374,371288,Not in California
Outside California,2021-04-29,4996,591163,2370,310003,2195,255770,431,25390,1899,132221,3072,241397,2330,373618,Not in California
Outside California,2021-04-30,5021,596184,2453,312456,2143,257913,425,25815,1900,131444,3105,244502,2328,375946,Not in California
Outside California,2021-05-01,3253,599437,1874,314330,948,258861,431,26246,1324,131288,1911,246413,1755,377701,Not in California
Outside California,2021-05-02,1880,601317,1110,315440,646,259507,124,26370,829,131196,1045,247458,953,378654,Not in California
Outside California,2021-05-03,2948,604265,1612,317052,1050,260557,286,26656,1130,130801,1810,249268,1415,380069,Not in California
Outside California,2021-05-04,4053,608318,2204,319256,1409,261966,440,27096,1346,129889,2695,251963,1783,381852,Not in California
Outside California,2021-05-05,4558,612876,2571,321827,1614,263580,373,27469,1643,129003,2905,254868,2019,383871,Not in California
Outside California,2021-05-06,4581,617457,2817,324644,1422,265002,342,27811,1596,127963,2977,257845,1937,385808,Not in California
Outside California,2021-05-07,4729,622186,2750,327394,1592,266594,387,28198,1620,126879,3091,260936,2007,387815,Not in California
Outside California,2021-05-08,3301,625487,2237,329631,814,267408,250,28448,1088,126013,2205,263141,1339,389154,Not in California
Outside California,2021-05-09,1412,626899,947,330578,343,267751,122,28570,576,125878,831,263972,696,389850,Not in California
Outside California,2021-05-10,2605,629504,1214,331792,1063,268814,328,28898,910,125430,1688,265660,1240,391090,Not in California
Outside California,2021-05-11,3139,632643,1546,333338,1289,270103,304,29202,1176,124956,1958,267618,1484,392574,Not in California
Outside California,2021-05-12,3278,635921,1590,334928,1360,271463,328,29530,1258,124525,2016,269634,1585,394159,Not in California
Outside California,2021-05-13,3273,639194,1910,336838,1154,272617,209,29739,1413,124294,1853,271487,1622,395781,Not in California
Outside California,2021-05-14,3619,642813,2047,338885,1333,273950,239,29978,1599,124122,2013,273500,1841,397622,Not in California
Outside California,2021-05-15,2685,645498,1581,340466,961,274911,143,30121,1149,123889,1528,275028,1295,398917,Not in California
Outside California,2021-05-16,1676,647174,1085,341551,522,275433,69,30190,766,123817,908,275936,836,399753,Not in California
Outside California,2021-05-17,3087,650261,1641,343192,1210,276643,236,30426,1315,123600,1768,277704,1551,401304,Not in California
Outside California,2021-05-18,3273,653534,1657,344849,1301,277944,315,30741,1455,123570,1803,279507,1773,403077,Not in California
Outside California,2021-05-19,3387,656921,1697,346546,1419,279363,271,31012,1458,123378,1920,281427,1728,404805,Not in California
Outside California,2021-05-20,3178,660099,1765,348311,1164,280527,249,31261,1415,123295,1749,283176,1666,406471,Not in California
Outside California,2021-05-21,3208,663307,1781,350092,1179,281706,248,31509,1350,123049,1844,285020,1598,408069,Not in California
Outside California,2021-05-22,2799,666106,1825,351917,771,282477,203,31712,1486,123435,1304,286324,1690,409759,Not in California
Outside California,2021-05-23,1577,667683,1031,352948,468,282945,78,31790,799,123537,776,287100,878,410637,Not in California
Outside California,2021-05-24,2442,670125,1171,354119,925,283870,346,32136,1066,123584,1365,288465,1412,412049,Not in California
Outside California,2021-05-25,2383,672508,1113,355232,935,284805,335,32471,1005,123553,1368,289833,1337,413386,Not in California
Outside California,2021-05-26,2394,674902,1106,356338,933,285738,355,32826,987,123498,1398,291231,1343,414729,Not in California
Outside California,2021-05-27,2181,677083,1077,357415,815,286553,289,33115,972,123554,1203,292434,1259,415988,Not in California
Outside California,2021-05-28,2444,679527,1231,358646,860,287413,353,33468,1098,123668,1338,293772,1452,417440,Not in California
Outside California,2021-05-29,1670,681197,836,359482,479,287892,355,33823,697,123752,968,294740,1052,418492,Not in California
Outside California,2021-05-30,922,682119,566,360048,232,288124,124,33947,459,123877,458,295198,583,419075,Not in California
Outside California,2021-05-31,431,682550,188,360236,203,288327,40,33987,185,123866,236,295434,225,419300,Not in California
Outside California,2021-06-01,2147,684697,1133,361369,710,289037,304,34291,1001,124030,1141,296575,1305,420605,Not in California
Outside California,2021-06-02,2015,686712,1001,362370,666,289703,348,34639,911,124197,1094,297669,1261,421866,Not in California
Outside California,2021-06-03,2163,688875,1184,363554,665,290368,314,34953,970,124295,1185,298854,1283,423149,Not in California
Outside California,2021-06-04,2520,691395,1411,364965,791,291159,318,35271,1064,124225,1450,300304,1380,424529,Not in California
Outside California,2021-06-05,1715,693110,1193,366158,358,291517,164,35435,755,124192,953,301257,920,425449,Not in California
Outside California,2021-06-06,925,694035,696,366854,147,291664,82,35517,431,124213,492,301749,513,425962,Not in California
Outside California,2021-06-07,1923,695958,1046,367900,548,292212,329,35846,789,124197,1133,302882,1117,427079,Not in California
Outside California,2021-06-08,2066,698024,1179,369079,542,292754,345,36191,785,124050,1276,304158,1129,428208,Not in California
Outside California,2021-06-09,1959,699983,1172,370251,503,293257,284,36475,784,123950,1166,305324,1066,429274,Not in California
Outside California,2021-06-10,1954,701937,1140,371391,505,293762,309,36784,832,123972,1120,306444,1142,430416,Not in California
Outside California,2021-06-11,2180,704117,1254,372645,595,294357,331,37115,915,123961,1258,307702,1247,431663,Not in California
Outside California,2021-06-12,1612,705729,1201,373846,282,294639,129,37244,626,123734,983,308685,756,432419,Not in California
Outside California,2021-06-13,933,706662,635,374481,197,294836,101,37345,398,123702,531,309216,499,432918,Not in California
Outside California,2021-06-14,1762,708424,983,375464,477,295313,302,37647,733,123712,1023,310239,1033,433951,Not in California
Outside California,2021-06-15,1719,710143,947,376411,495,295808,277,37924,759,123796,952,311191,1036,434987,Not in California
Outside California,2021-06-16,1686,711829,998,377409,463,296271,225,38149,798,123940,879,312070,1023,436010,Not in California
Outside California,2021-06-17,1858,713687,1030,378439,472,296743,356,38505,837,124116,1017,313087,1193,437203,Not in California
Outside California,2021-06-18,1972,715659,1080,379519,433,297176,459,38964,828,124266,1136,314223,1286,438489,Not in California
Outside California,2021-06-19,1055,716714,696,380215,259,297435,100,39064,545,124406,503,314726,643,439132,Not in California
Outside California,2021-06-20,788,717502,574,380789,168,297603,46,39110,470,124607,315,315041,516,439648,Not in California
Outside California,2021-06-21,1279,718781,643,381432,322,297925,314,39424,685,125017,589,315630,999,440647,Not in California
Outside California,2021-06-22,1643,720424,1039,382471,349,298274,255,39679,873,125381,764,316394,1128,441775,Not in California
Outside California,2021-06-23,1684,722108,923,383394,438,298712,323,40002,795,125616,882,317276,1117,442892,Not in California
Outside California,2021-06-24,1553,723661,910,384304,364,299076,279,40281,814,125971,737,318013,1092,443984,Not in California
Outside California,2021-06-25,1782,725443,1016,385320,404,299480,362,40643,864,126281,913,318926,1223,445207,Not in California
Outside California,2021-06-26,1153,726596,750,386070,223,299703,180,40823,597,126506,552,319478,777,445984,Not in California
Outside California,2021-06-27,754,727350,587,386657,109,299812,58,40881,449,126710,302,319780,506,446490,Not in California
Outside California,2021-06-28,1394,728744,825,387482,269,300081,300,41181,718,127054,676,320456,1020,447510,Not in California
Outside California,2021-06-29,1435,730179,877,388359,324,300405,234,41415,764,127386,664,321120,996,448506,Not in California
Outside California,2021-06-30,1391,731570,797,389156,375,300780,219,41634,743,127704,643,321763,961,449467,Not in California
Outside California,2021-07-01,1375,732945,793,389949,348,301128,234,41868,754,128079,612,322375,987,450454,Not in California
Outside California,2021-07-02,1368,734313,784,390733,348,301476,236,42104,703,128360,656,323031,937,451391,Not in California
Outside California,2021-07-03,814,735127,584,391317,150,301626,80,42184,521,128671,290,323321,601,451992,Not in California
Outside California,2021-07-04,106,735233,65,391382,25,301651,16,42200,66,128714,39,323360,82,452074,Not in California
Outside California,2021-07-05,993,736226,621,392003,304,301955,68,42268,589,128972,399,323759,657,452731,Not in California
Outside California,2021-07-06,1377,737603,787,392790,309,302264,281,42549,655,129189,719,324478,936,453667,Not in California
Outside California,2021-07-07,1240,738843,589,393379,316,302580,335,42884,573,129430,663,325141,904,454571,Not in California
Unknown,2020-12-17,2,2,2,2,0,0,0,0,0,0,0,0,0,0,Not in California
Unknown,2020-12-18,1,3,1,3,0,0,0,0,0,0,0,0,0,0,Not in California
Unknown,2020-12-21,4,7,4,7,0,0,0,0,0,0,0,0,0,0,Not in California
Unknown,2020-12-28,4,11,4,11,0,0,0,0,3,3,0,0,3,3,Not in California
Unknown,2020-12-29,6,17,5,16,1,1,0,0,7,10,0,0,7,10,Not in California
Unknown,2020-12-30,54,71,54,70,0,1,0,0,54,64,0,0,54,64,Not in California
Unknown,2020-12-31,1,72,0,70,1,2,0,0,0,64,0,0,0,64,Not in California
Unknown,2021-01-02,1,73,0,70,1,3,0,0,1,65,0,0,1,65,Not in California
Unknown,2021-01-04,3,76,3,73,0,3,0,0,2,67,0,0,2,67,Not in California
Unknown,2021-01-06,4,80,2,75,2,5,0,0,4,71,0,0,4,71,Not in California
Unknown,2021-01-07,72,152,71,146,1,6,0,0,71,142,0,0,71,142,Not in California
Unknown,2021-01-08,1,153,0,146,1,7,0,0,3,145,0,0,3,145,Not in California
Unknown,2021-01-09,2,155,2,148,0,7,0,0,3,148,0,0,3,148,Not in California
Unknown,2021-01-11,20,175,20,168,0,7,0,0,20,168,0,0,20,168,Not in California
Unknown,2021-01-12,11,186,10,178,1,8,0,0,9,177,1,1,10,178,Not in California
Unknown,2021-01-13,10,196,10,188,0,8,0,0,11,188,0,1,11,189,Not in California
Unknown,2021-01-14,3,199,3,191,0,8,0,0,3,191,0,1,3,192,Not in California
Unknown,2021-01-15,7,206,6,197,1,9,0,0,7,198,0,1,7,199,Not in California
Unknown,2021-01-16,7,213,7,204,0,9,0,0,7,205,0,1,7,206,Not in California
Unknown,2021-01-17,4,217,4,208,0,9,0,0,4,209,0,1,4,210,Not in California
Unknown,2021-01-18,56,273,56,264,0,9,0,0,54,261,2,3,54,264,Not in California
Unknown,2021-01-19,25,298,25,289,0,9,0,0,20,278,3,6,20,284,Not in California
Unknown,2021-01-20,81,379,81,370,0,9,0,0,29,254,53,59,29,313,Not in California
Unknown,2021-01-21,54,433,52,422,2,11,0,0,55,308,1,60,55,368,Not in California
Unknown,2021-01-22,36,469,32,454,4,15,0,0,36,344,0,60,36,404,Not in California
Unknown,2021-01-23,11,480,7,461,4,19,0,0,11,355,0,60,11,415,Not in California
Unknown,2021-01-24,2,482,2,463,0,19,0,0,3,358,0,60,3,418,Not in California
Unknown,2021-01-25,20,502,17,480,3,22,0,0,17,372,3,63,17,435,Not in California
Unknown,2021-01-26,88,590,87,567,1,23,0,0,90,461,1,64,90,525,Not in California
Unknown,2021-01-27,19,609,19,586,0,23,0,0,17,476,2,66,17,542,Not in California
Unknown,2021-01-28,159,768,157,743,2,25,0,0,101,516,61,127,101,643,Not in California
Unknown,2021-01-29,153,921,153,896,0,25,0,0,157,672,1,128,157,800,Not in California
Unknown,2021-01-30,12,933,10,906,2,27,0,0,14,684,2,130,14,814,Not in California
Unknown,2021-01-31,17,950,17,923,0,27,0,0,18,702,0,130,18,832,Not in California
Unknown,2021-02-01,39,989,37,960,2,29,0,0,21,703,20,150,21,853,Not in California
Unknown,2021-02-02,66,1055,65,1025,1,30,0,0,59,755,7,157,59,912,Not in California
Unknown,2021-02-03,43,1098,42,1067,1,31,0,0,31,775,11,168,31,943,Not in California
Unknown,2021-02-04,57,1155,52,1119,5,36,0,0,50,818,7,175,50,993,Not in California
Unknown,2021-02-05,22,1177,18,1137,4,40,0,0,16,828,6,181,16,1009,Not in California
Unknown,2021-02-06,17,1194,17,1154,0,40,0,0,11,833,6,187,11,1020,Not in California
Unknown,2021-02-07,9,1203,9,1163,0,40,0,0,7,838,2,189,7,1027,Not in California
Unknown,2021-02-08,56,1259,53,1216,3,43,0,0,15,812,41,230,15,1042,Not in California
Unknown,2021-02-09,21,1280,21,1237,0,43,0,0,6,803,15,245,6,1048,Not in California
Unknown,2021-02-10,34,1314,30,1267,4,47,0,0,10,788,25,270,10,1058,Not in California
Unknown,2021-02-11,88,1402,87,1354,1,48,0,0,44,786,46,316,44,1102,Not in California
Unknown,2021-02-12,42,1444,37,1391,5,53,0,0,10,764,32,348,10,1112,Not in California
Unknown,2021-02-13,12,1456,5,1396,7,60,0,0,8,768,4,352,8,1120,Not in California
Unknown,2021-02-14,7,1463,2,1398,5,65,0,0,4,770,2,354,4,1124,Not in California
Unknown,2021-02-15,45,1508,39,1437,6,71,0,0,28,783,15,369,28,1152,Not in California
Unknown,2021-02-16,115,1623,105,1542,10,81,0,0,33,734,82,451,33,1185,Not in California
Unknown,2021-02-17,14,1637,12,1554,2,83,0,0,8,733,9,460,8,1193,Not in California
Unknown,2021-02-18,110,1747,105,1659,5,88,0,0,18,659,92,552,18,1211,Not in California
Unknown,2021-02-19,198,1945,193,1852,5,93,0,0,47,555,151,703,47,1258,Not in California
Unknown,2021-02-20,9,1954,6,1858,3,96,0,0,3,552,6,709,3,1261,Not in California
Unknown,2021-02-21,18,1972,18,1876,0,96,0,0,1,536,17,726,1,1262,Not in California
Unknown,2021-02-22,18,1990,18,1894,0,96,0,0,7,532,11,737,7,1269,Not in California
Unknown,2021-02-23,66,2056,55,1949,11,107,0,0,15,497,50,787,15,1284,Not in California
Unknown,2021-02-24,42,2098,34,1983,8,115,0,0,14,484,27,814,14,1298,Not in California
Unknown,2021-02-25,71,2169,57,2040,14,129,0,0,25,462,47,861,25,1323,Not in California
Unknown,2021-02-26,39,2208,25,2065,14,143,0,0,21,467,16,877,21,1344,Not in California
Unknown,2021-02-27,22,2230,16,2081,6,149,0,0,9,467,9,886,9,1353,Not in California
Unknown,2021-02-28,19,2249,13,2094,6,155,0,0,12,474,5,891,12,1365,Not in California
Unknown,2021-03-01,44,2293,27,2121,17,172,0,0,24,479,19,910,24,1389,Not in California
Unknown,2021-03-02,22,2315,11,2132,11,183,0,0,12,484,7,917,12,1401,Not in California
Unknown,2021-03-03,17,2332,13,2145,4,187,0,0,11,490,5,922,11,1412,Not in California
Unknown,2021-03-04,48,2380,45,2190,3,190,0,0,18,478,30,952,18,1430,Not in California
Unknown,2021-03-05,24,2404,15,2205,9,199,0,0,21,493,6,958,21,1451,Not in California
Unknown,2021-03-06,20,2424,12,2217,6,205,2,2,16,507,4,962,18,1469,Not in California
Unknown,2021-03-07,3,2427,1,2218,0,205,2,4,2,509,2,964,4,1473,Not in California
Unknown,2021-03-08,33,2460,24,2242,7,212,2,6,9,495,25,989,11,1484,Not in California
Unknown,2021-03-09,39,2499,32,2274,3,215,4,10,10,479,30,1019,14,1498,Not in California
Unknown,2021-03-10,14,2513,11,2285,1,216,2,12,7,480,8,1027,9,1507,Not in California
Unknown,2021-03-11,31,2544,14,2299,3,219,14,26,8,480,22,1049,22,1529,Not in California
Unknown,2021-03-12,62,2606,48,2347,9,228,5,31,11,447,49,1098,16,1545,Not in California
Unknown,2021-03-13,16,2622,4,2351,8,236,4,35,6,447,10,1108,10,1555,Not in California
Unknown,2021-03-14,13,2635,6,2357,5,241,2,37,6,448,7,1115,8,1563,Not in California
Unknown,2021-03-15,36,2671,16,2373,18,259,2,39,24,460,14,1129,26,1589,Not in California
Unknown,2021-03-16,48,2719,22,2395,22,281,4,43,29,473,20,1149,33,1622,Not in California
Unknown,2021-03-17,39,2758,16,2411,22,303,1,44,34,504,4,1153,35,1657,Not in California
Unknown,2021-03-18,33,2791,20,2431,13,316,0,44,20,512,12,1165,20,1677,Not in California
Unknown,2021-03-19,29,2820,19,2450,10,326,0,44,22,526,8,1173,22,1699,Not in California
Unknown,2021-03-20,27,2847,13,2463,14,340,0,44,15,531,10,1183,15,1714,Not in California
Unknown,2021-03-21,16,2863,10,2473,6,346,0,44,12,540,3,1186,12,1726,Not in California
Unknown,2021-03-22,32,2895,19,2492,12,358,1,45,16,545,12,1198,17,1743,Not in California
Unknown,2021-03-23,24,2919,10,2502,9,367,5,50,11,550,11,1209,16,1759,Not in California
Unknown,2021-03-24,22,2941,9,2511,13,380,0,50,14,556,8,1217,14,1773,Not in California
Unknown,2021-03-25,39,2980,26,2537,13,393,0,50,24,566,14,1231,24,1797,Not in California
Unknown,2021-03-26,34,3014,18,2555,11,404,5,55,17,573,15,1246,22,1819,Not in California
Unknown,2021-03-27,32,3046,15,2570,14,418,3,58,18,577,17,1263,21,1840,Not in California
Unknown,2021-03-28,20,3066,9,2579,11,429,0,58,12,583,6,1269,12,1852,Not in California
Unknown,2021-03-29,40,3106,21,2600,19,448,0,58,23,593,13,1282,23,1875,Not in California
Unknown,2021-03-30,41,3147,24,2624,17,465,0,58,24,602,15,1297,24,1899,Not in California
Unknown,2021-03-31,35,3182,22,2646,12,477,1,59,25,617,11,1308,26,1925,Not in California
Unknown,2021-04-01,27,3209,17,2663,7,484,3,62,17,628,9,1317,20,1945,Not in California
Unknown,2021-04-02,45,3254,22,2685,14,498,9,71,19,630,26,1343,28,1973,Not in California
Unknown,2021-04-03,21,3275,10,2695,11,509,0,71,15,635,10,1353,15,1988,Not in California
Unknown,2021-04-04,15,3290,4,2699,11,520,0,71,9,639,5,1358,9,1997,Not in California
Unknown,2021-04-05,36,3326,22,2721,13,533,1,72,18,641,17,1375,19,2016,Not in California
Unknown,2021-04-06,24,3350,15,2736,8,541,1,73,12,643,11,1386,13,2029,Not in California
Unknown,2021-04-07,38,3388,26,2762,11,552,1,74,27,659,11,1397,27,2056,Not in California
Unknown,2021-04-08,32,3420,21,2783,6,558,5,79,15,660,19,1416,20,2076,Not in California
Unknown,2021-04-09,33,3453,24,2807,9,567,0,79,20,669,11,1427,20,2096,Not in California
Unknown,2021-04-10,11,3464,9,2816,1,568,1,80,5,668,7,1434,6,2102,Not in California
Unknown,2021-04-11,11,3475,7,2823,4,572,0,80,5,668,5,1439,5,2107,Not in California
Unknown,2021-04-12,37,3512,20,2843,16,588,1,81,16,662,23,1462,17,2124,Not in California
Unknown,2021-04-13,48,3560,28,2871,20,608,0,81,18,652,28,1490,18,2142,Not in California
Unknown,2021-04-14,30,3590,9,2880,21,629,0,81,6,634,24,1514,6,2148,Not in California
Unknown,2021-04-15,32,3622,17,2897,14,643,1,82,11,623,22,1536,11,2159,Not in California
Unknown,2021-04-16,26,3648,16,2913,10,653,0,82,10,617,16,1552,10,2169,Not in California
Unknown,2021-04-17,23,3671,14,2927,9,662,0,82,8,612,14,1566,9,2178,Not in California
Unknown,2021-04-18,21,3692,8,2935,13,675,0,82,10,610,12,1578,10,2188,Not in California
Unknown,2021-04-19,35,3727,22,2957,13,688,0,82,14,604,20,1598,14,2202,Not in California
Unknown,2021-04-20,24,3751,15,2972,9,697,0,82,6,592,18,1616,6,2208,Not in California
Unknown,2021-04-21,40,3791,20,2992,20,717,0,82,15,582,25,1641,15,2223,Not in California
Unknown,2021-04-22,27,3818,19,3011,8,725,0,82,7,570,19,1660,7,2230,Not in California
Unknown,2021-04-23,31,3849,16,3027,15,740,0,82,14,569,15,1675,14,2244,Not in California
Unknown,2021-04-24,34,3883,25,3052,9,749,0,82,18,572,15,1690,18,2262,Not in California
Unknown,2021-04-25,20,3903,9,3061,11,760,0,82,7,567,12,1702,7,2269,Not in California
Unknown,2021-04-26,28,3931,19,3080,9,769,0,82,11,560,18,1720,11,2280,Not in California
Unknown,2021-04-27,31,3962,18,3098,12,781,1,83,11,553,19,1739,12,2292,Not in California
Unknown,2021-04-28,28,3990,19,3117,7,788,2,85,8,543,20,1759,10,2302,Not in California
Unknown,2021-04-29,34,4024,22,3139,12,800,0,85,15,537,21,1780,15,2317,Not in California
Unknown,2021-04-30,30,4054,15,3154,10,810,5,90,16,543,15,1795,21,2338,Not in California
Unknown,2021-05-01,27,4081,20,3174,7,817,0,90,15,547,11,1806,15,2353,Not in California
Unknown,2021-05-02,15,4096,6,3180,8,825,1,91,5,544,9,1815,6,2359,Not in California
Unknown,2021-05-03,23,4119,15,3195,5,830,3,94,6,535,17,1832,8,2367,Not in California
Unknown,2021-05-04,18,4137,9,3204,5,835,4,98,5,530,14,1846,9,2376,Not in California
Unknown,2021-05-05,26,4163,11,3215,14,849,1,99,11,527,15,1861,12,2388,Not in California
Unknown,2021-05-06,34,4197,21,3236,6,855,7,106,11,521,24,1885,18,2406,Not in California
Unknown,2021-05-07,27,4224,13,3249,10,865,4,110,10,517,18,1903,14,2420,Not in California
Unknown,2021-05-08,16,4240,10,3259,4,869,2,112,5,514,10,1913,7,2427,Not in California
Unknown,2021-05-09,17,4257,4,3263,9,878,4,116,8,517,9,1922,12,2439,Not in California
Unknown,2021-05-10,21,4278,11,3274,7,885,3,119,3,507,16,1938,6,2445,Not in California
Unknown,2021-05-11,20,4298,10,3284,6,891,4,123,10,511,10,1948,14,2459,Not in California
Unknown,2021-05-12,14,4312,8,3292,5,896,1,124,4,507,9,1957,5,2464,Not in California
Unknown,2021-05-13,18,4330,12,3304,1,897,5,129,11,515,9,1966,17,2481,Not in California
Unknown,2021-05-14,22,4352,17,3321,4,901,1,130,13,519,9,1975,13,2494,Not in California
Unknown,2021-05-15,22,4374,20,3341,2,903,0,130,13,522,10,1985,13,2507,Not in California
Unknown,2021-05-16,26,4400,17,3358,8,911,1,131,14,525,12,1997,15,2522,Not in California
Unknown,2021-05-17,23,4423,17,3375,4,915,2,133,9,523,13,2010,11,2533,Not in California
Unknown,2021-05-18,31,4454,19,3394,10,925,2,135,17,528,14,2024,19,2552,Not in California
Unknown,2021-05-19,30,4484,22,3416,7,932,1,136,10,520,19,2043,11,2563,Not in California
Unknown,2021-05-20,18,4502,14,3430,3,935,1,137,10,524,7,2050,11,2574,Not in California
Unknown,2021-05-21,24,4526,13,3443,7,942,4,141,9,522,15,2065,13,2587,Not in California
Unknown,2021-05-22,29,4555,24,3467,4,946,1,142,13,523,13,2078,14,2601,Not in California
Unknown,2021-05-23,10,4565,7,3474,3,949,0,142,6,525,4,2082,6,2607,Not in California
Unknown,2021-05-24,9,4574,6,3480,2,951,1,143,5,527,4,2086,6,2613,Not in California
Unknown,2021-05-25,20,4594,10,3490,4,955,6,149,7,528,12,2098,13,2626,Not in California
Unknown,2021-05-26,12,4606,9,3499,2,957,1,150,3,525,7,2105,4,2630,Not in California
Unknown,2021-05-27,22,4628,15,3514,5,962,2,152,6,518,15,2120,8,2638,Not in California
Unknown,2021-05-28,22,4650,12,3526,5,967,5,157,12,525,10,2130,17,2655,Not in California
Unknown,2021-05-29,20,4670,18,3544,2,969,0,157,14,533,6,2136,14,2669,Not in California
Unknown,2021-05-30,6,4676,3,3547,2,971,1,158,2,532,4,2140,3,2672,Not in California
Unknown,2021-05-31,1,4677,1,3548,0,971,0,158,0,531,1,2141,0,2672,Not in California
Unknown,2021-06-01,28,4705,15,3563,7,978,6,164,11,532,16,2157,17,2689,Not in California
Unknown,2021-06-02,7,4712,4,3567,3,981,0,164,2,529,5,2162,2,2691,Not in California
Unknown,2021-06-03,17,4729,16,3583,1,982,0,164,8,528,9,2171,8,2699,Not in California
Unknown,2021-06-04,28,4757,18,3601,10,992,0,164,15,530,13,2184,15,2714,Not in California
Unknown,2021-06-05,29,4786,22,3623,6,998,1,165,16,534,13,2197,17,2731,Not in California
Unknown,2021-06-06,28,4814,19,3642,6,1004,3,168,11,531,17,2214,14,2745,Not in California
Unknown,2021-06-07,20,4834,9,3651,8,1012,3,171,9,532,11,2225,12,2757,Not in California
Unknown,2021-06-08,15,4849,7,3658,5,1017,3,174,5,530,10,2235,8,2765,Not in California
Unknown,2021-06-09,30,4879,20,3678,9,1026,1,175,17,536,12,2247,18,2783,Not in California
Unknown,2021-06-10,14,4893,11,3689,3,1029,0,175,6,534,8,2255,6,2789,Not in California
Unknown,2021-06-11,6,4899,4,3693,1,1030,1,176,5,538,2,2257,6,2795,Not in California
Unknown,2021-06-12,15,4914,11,3704,4,1034,0,176,9,540,7,2264,9,2804,Not in California
Unknown,2021-06-13,10,4924,6,3710,4,1038,0,176,3,536,7,2271,3,2807,Not in California
Unknown,2021-06-14,9,4933,8,3718,1,1039,0,176,3,534,5,2276,3,2810,Not in California
Unknown,2021-06-15,22,4955,13,3731,9,1048,0,176,8,529,13,2289,8,2818,Not in California
Unknown,2021-06-16,6,4961,3,3734,3,1051,0,176,5,533,1,2290,5,2823,Not in California
Unknown,2021-06-17,17,4978,11,3745,4,1055,2,178,12,543,4,2294,14,2837,Not in California
Unknown,2021-06-18,15,4993,11,3756,4,1059,0,178,8,544,7,2301,8,2845,Not in California
Unknown,2021-06-19,12,5005,10,3766,1,1060,1,179,2,537,10,2311,3,2848,Not in California
Unknown,2021-06-20,6,5011,4,3770,1,1061,1,180,3,538,3,2314,4,2852,Not in California
Unknown,2021-06-21,13,5024,9,3779,4,1065,0,180,8,541,5,2319,8,2860,Not in California
Unknown,2021-06-22,17,5041,11,3790,6,1071,0,180,14,552,3,2322,14,2874,Not in California
Unknown,2021-06-23,9,5050,4,3794,4,1075,1,181,6,556,3,2325,7,2881,Not in California
Unknown,2021-06-24,11,5061,5,3799,5,1080,1,182,6,558,5,2330,7,2888,Not in California
Unknown,2021-06-25,13,5074,12,3811,1,1081,0,182,8,562,4,2334,8,2896,Not in California
Unknown,2021-06-26,14,5088,14,3825,0,1081,0,182,10,568,4,2338,10,2906,Not in California
Unknown,2021-06-27,23,5111,18,3843,3,1084,2,184,12,571,11,2349,14,2920,Not in California
Unknown,2021-06-28,16,5127,13,3856,3,1087,0,184,11,577,5,2354,11,2931,Not in California
Unknown,2021-06-29,8,5135,6,3862,2,1089,0,184,7,583,1,2355,7,2938,Not in California
Unknown,2021-06-30,22,5157,21,3883,1,1090,0,184,12,585,10,2365,12,2950,Not in California
Unknown,2021-07-01,21,5178,20,3903,1,1091,0,184,15,596,4,2369,15,2965,Not in California
Unknown,2021-07-02,8,5186,5,3908,3,1094,0,184,5,598,3,2372,5,2970,Not in California
Unknown,2021-07-03,8,5194,8,3916,0,1094,0,184,4,598,4,2376,4,2974,Not in California
Unknown,2021-07-04,2,5196,2,3918,0,1094,0,184,0,596,2,2378,0,2974,Not in California
Unknown,2021-07-05,25,5221,20,3938,4,1098,1,185,17,606,8,2386,18,2992,Not in California
Unknown,2021-07-06,13,5234,10,3948,3,1101,0,185,7,607,6,2392,7,2999,Not in California
Unknown,2021-07-07,13,5247,4,3952,9,1110,0,185,7,608,6,2398,7,3006,Not in California
Alameda,2020-12-15,37,37,37,37,0,0,0,0,37,37,0,0,37,37,California
Alameda,2020-12-16,211,248,211,248,0,0,0,0,211,248,0,0,211,248,California
Alameda,2020-12-17,512,760,512,760,0,0,0,0,512,760,0,0,512,760,California
Alameda,2020-12-18,1918,2678,1917,2677,1,1,0,0,1918,2678,0,0,1918,2678,California
Alameda,2020-12-19,1431,4109,1431,4108,0,1,0,0,1431,4109,0,0,1431,4109,California
Alameda,2020-12-20,1182,5291,1181,5289,1,2,0,0,1181,5289,1,1,1181,5290,California
Alameda,2020-12-21,1851,7142,1849,7138,2,4,0,0,1850,7139,0,1,1850,7140,California
Alameda,2020-12-22,2103,9245,2049,9187,54,58,0,0,2102,9240,1,2,2102,9242,California
Alameda,2020-12-23,1937,11182,1681,10868,256,314,0,0,1937,11177,0,2,1937,11179,California
Alameda,2020-12-24,1217,12399,754,11622,463,777,0,0,1217,12394,0,2,1217,12396,California
Alameda,2020-12-25,163,12562,126,11748,37,814,0,0,163,12557,0,2,163,12559,California
Alameda,2020-12-26,862,13424,324,12072,538,1352,0,0,862,13419,0,2,862,13421,California
Alameda,2020-12-27,498,13922,257,12329,241,1593,0,0,498,13917,0,2,498,13919,California
Alameda,2020-12-28,1889,15811,966,13295,923,2516,0,0,1889,15806,0,2,1889,15808,California
Alameda,2020-12-29,2488,18299,1080,14375,1408,3924,0,0,2487,18293,0,2,2487,18295,California
Alameda,2020-12-30,3100,21399,1328,15703,1772,5696,0,0,3100,21393,0,2,3100,21395,California
Alameda,2020-12-31,1803,23202,448,16151,1355,7051,0,0,1800,23191,2,4,1800,23195,California
Alameda,2021-01-01,179,23381,76,16227,103,7154,0,0,177,23366,2,6,177,23372,California
Alameda,2021-01-02,732,24113,527,16754,205,7359,0,0,731,24097,0,6,731,24103,California
Alameda,2021-01-03,335,24448,217,16971,118,7477,0,0,332,24426,3,9,332,24435,California
Alameda,2021-01-04,1623,26071,915,17886,708,8185,0,0,1611,26026,11,20,1611,26046,California
Alameda,2021-01-05,2228,28299,1284,19170,944,9129,0,0,1974,27749,251,271,1974,28020,California
Alameda,2021-01-06,3288,31587,1817,20987,1471,10600,0,0,2410,29286,875,1146,2412,30432,California
Alameda,2021-01-07,3840,35427,2160,23147,1680,12280,0,0,2644,30748,1187,2333,2649,33081,California
Alameda,2021-01-08,4781,40208,2734,25881,2047,14327,0,0,3039,32055,1737,4070,3044,36125,California
Alameda,2021-01-09,2036,42244,1385,27266,651,14978,0,0,1170,32359,866,4936,1170,37295,California
Alameda,2021-01-10,1066,43310,840,28106,226,15204,0,0,428,32148,639,5575,428,37723,California
Alameda,2021-01-11,4687,47997,3546,31652,1141,16345,0,0,2872,33214,1813,7388,2879,40602,California
Alameda,2021-01-12,4870,52867,3284,34936,1586,17931,0,0,3463,35276,1404,8792,3466,44068,California
Alameda,2021-01-13,5081,57948,2704,37640,2377,20308,0,0,3875,37951,1202,9994,3877,47945,California
Alameda,2021-01-14,5690,63638,2814,40454,2876,23184,0,0,4788,41849,893,10887,4791,52736,California
Alameda,2021-01-15,5878,69516,2337,42791,3541,26725,0,0,5092,46166,779,11666,5096,57832,California
Alameda,2021-01-16,3006,72522,1400,44191,1606,28331,0,0,2734,48628,273,11939,2735,60567,California
Alameda,2021-01-17,1884,74406,1091,45282,793,29124,0,0,1676,50097,208,12147,1677,62244,California
Alameda,2021-01-18,3197,77603,2049,47331,1148,30272,0,0,2602,52111,590,12737,2604,64848,California
Alameda,2021-01-19,5556,83159,3334,50665,2222,32494,0,0,4355,55269,1199,13936,4357,69205,California
Alameda,2021-01-20,6939,90098,4241,54906,2698,35192,0,0,5634,59616,1291,15227,5638,74843,California
Alameda,2021-01-21,8187,98285,3769,58675,4418,39610,0,0,7329,66100,850,16077,7334,82177,California
Alameda,2021-01-22,6916,105201,2066,60741,4850,44460,0,0,5761,70716,1146,17223,5762,87939,California
Alameda,2021-01-23,3302,108503,953,61694,2349,46809,0,0,2743,72902,557,17780,2743,90682,California
Alameda,2021-01-24,2047,110550,655,62349,1392,48201,0,0,1772,74403,271,18051,1772,92454,California
Alameda,2021-01-25,5222,115772,1989,64338,3233,51434,0,0,3635,76461,1579,19630,3637,96091,California
Alameda,2021-01-26,7367,123139,2326,66664,5041,56475,0,0,5466,80036,1892,21522,5467,101558,California
Alameda,2021-01-27,6761,129900,2084,68748,4677,61152,0,0,4878,83041,1873,23395,4878,106436,California
Alameda,2021-01-28,7932,137832,2563,71311,5369,66521,0,0,5675,86477,2241,25636,5677,112113,California
Alameda,2021-01-29,8034,145866,3203,74514,4831,71352,0,0,6180,90817,1842,27478,6182,118295,California
Alameda,2021-01-30,3464,149330,1699,76213,1765,73117,0,0,2747,92852,712,28190,2747,121042,California
Alameda,2021-01-31,1937,151267,959,77172,978,74095,0,0,1695,94309,238,28428,1695,122737,California
Alameda,2021-02-01,6517,157784,3886,81058,2631,76726,0,0,4357,96517,2150,30578,4358,127095,California
Alameda,2021-02-02,7094,164878,3817,84875,3277,80003,0,0,4741,98916,2342,32920,4741,131836,California
Alameda,2021-02-03,7172,172050,3785,88660,3387,83390,0,0,4417,100590,2748,35668,4422,136258,California
Alameda,2021-02-04,9605,181655,4165,92825,5440,88830,0,0,6442,103889,3149,38817,6448,142706,California
Alameda,2021-02-05,10410,192065,5424,98249,4986,93816,0,0,6499,106491,3903,42720,6505,149211,California
Alameda,2021-02-06,7045,199110,4466,102715,2579,96395,0,0,5895,111241,1146,43866,5896,155107,California
Alameda,2021-02-07,3595,202705,2897,105612,698,97093,0,0,2647,112945,944,44810,2648,157755,California
Alameda,2021-02-08,8174,210879,5840,111452,2334,99427,0,0,5573,115931,2589,47399,5575,163330,California
Alameda,2021-02-09,9771,220650,5879,117331,3892,103319,0,0,6093,118369,3657,51056,6095,169425,California
Alameda,2021-02-10,11592,232242,6841,124172,4751,108070,0,0,6502,119808,5071,56127,6510,175935,California
Alameda,2021-02-11,14079,246321,8077,132249,6002,114072,0,0,8151,122052,5910,62037,8154,184089,California
Alameda,2021-02-12,12664,258985,5762,138011,6902,120974,0,0,7825,125067,4813,66850,7828,191917,California
Alameda,2021-02-13,7872,266857,4088,142099,3784,124758,0,0,5878,128961,1986,68836,5880,197797,California
Alameda,2021-02-14,4070,270927,2562,144661,1508,126266,0,0,2884,130668,1180,70016,2887,200684,California
Alameda,2021-02-15,5709,276636,3209,147870,2500,128766,0,0,3699,132362,2008,72024,3702,204386,California
Alameda,2021-02-16,12635,289271,7018,154888,5617,134383,0,0,9351,138451,3271,75295,9360,213746,California
Alameda,2021-02-17,14309,303580,8499,163387,5810,140193,0,0,10601,145367,3687,78982,10603,224349,California
Alameda,2021-02-18,16086,319666,10213,173600,5873,146066,0,0,11658,152616,4415,83397,11664,236013,California
Alameda,2021-02-19,18057,337723,11732,185332,6325,152391,0,0,11898,158385,6135,89532,11904,247917,California
Alameda,2021-02-20,12222,349945,9877,195209,2345,154736,0,0,9362,164899,2854,92386,9368,257285,California
Alameda,2021-02-21,7978,357923,6996,202205,982,155718,0,0,5361,167655,2606,94992,5362,262647,California
Alameda,2021-02-22,11411,369334,8426,210631,2985,158703,0,0,7156,170583,4237,99229,7165,269812,California
Alameda,2021-02-23,13552,382886,8221,218852,5331,164034,0,0,8395,173840,5145,104374,8402,278214,California
Alameda,2021-02-24,15394,398280,8656,227508,6738,170772,0,0,9945,178410,5380,109754,9950,288164,California
Alameda,2021-02-25,16375,414655,9503,237011,6872,177644,0,0,10308,182700,6026,115780,10316,298480,California
Alameda,2021-02-26,18928,433583,11070,248081,7858,185502,0,0,12004,187840,6870,122650,12010,310490,California
Alameda,2021-02-27,15330,448913,11325,259406,4003,189505,2,2,9441,191436,5850,128500,9446,319936,California
Alameda,2021-02-28,10170,459083,8477,267883,1692,191197,1,3,6584,194464,3559,132059,6587,326523,California
Alameda,2021-03-01,14194,473277,9816,277699,4366,195563,12,15,8668,197676,5475,137534,8687,335210,California
Alameda,2021-03-02,15153,488430,10888,288587,4263,199826,2,17,9902,202363,5225,142759,9912,345122,California
Alameda,2021-03-03,15964,504394,10462,299049,5499,205325,3,20,10909,208256,5024,147783,10917,356039,California
Alameda,2021-03-04,17598,521992,11285,310334,6311,211636,2,22,11066,212837,6487,154270,11068,367107,California
Alameda,2021-03-05,16416,538408,10736,321070,5670,217306,10,32,11060,218604,5310,159580,11077,378184,California
Alameda,2021-03-06,14686,553094,10325,331395,4099,221405,262,294,9697,223625,4938,164518,9959,388143,California
Alameda,2021-03-07,9997,563091,8541,339936,1240,222645,216,510,7047,227974,2917,167435,7266,395409,California
Alameda,2021-03-08,12086,575177,7512,347448,4175,226820,399,909,9021,234380,3012,170447,9418,404827,California
Alameda,2021-03-09,14836,590013,10380,357828,4016,230836,440,1349,8069,236162,6727,177174,8509,413336,California
Alameda,2021-03-10,17705,607718,12246,370074,4886,235722,573,1922,7958,234968,9713,186887,8519,421855,California
Alameda,2021-03-11,19961,627679,11689,381763,6551,242273,1721,3643,6784,230303,13144,200031,8479,430334,California
Alameda,2021-03-12,21556,649235,12598,394361,7253,249526,1705,5348,7436,225340,14086,214117,9123,439457,California
Alameda,2021-03-13,16257,665492,10411,404772,4835,254361,1011,6359,5164,220446,11056,225173,6162,445619,California
Alameda,2021-03-14,10959,676451,8063,412835,2104,256465,792,7151,3317,216923,7619,232792,4096,449715,California
Alameda,2021-03-15,14602,691053,9546,422381,4522,260987,534,7685,6188,215263,8377,241169,6717,456432,California
Alameda,2021-03-16,17420,708473,11283,433664,5590,266577,547,8232,7325,213101,10036,251205,7874,464306,California
Alameda,2021-03-17,17824,726297,10121,443785,6968,273545,735,8967,8199,212454,9575,260780,8928,473234,California
Alameda,2021-03-18,19510,745807,10681,454466,7927,281472,902,9869,8806,211492,10669,271449,9707,482941,California
Alameda,2021-03-19,19772,765579,10882,465348,7090,288562,1800,11669,7763,209087,11953,283402,9548,492489,California
Alameda,2021-03-20,15935,781514,10436,475784,4638,293200,861,12530,6378,206797,9519,292921,7229,499718,California
Alameda,2021-03-21,9348,790862,7353,483137,1438,294638,557,13087,3474,204965,5862,298783,4030,503748,California
Alameda,2021-03-22,15343,806205,10336,493473,3995,298633,1012,14099,6974,204607,8334,307117,7976,511724,California
Alameda,2021-03-23,19625,825830,11915,505388,6897,305530,813,14912,9956,205765,9614,316731,10772,522496,California
Alameda,2021-03-24,19537,845367,11816,517204,6692,312222,1029,15941,8473,204257,10997,327728,9489,531985,California
Alameda,2021-03-25,20816,866183,11597,528801,7808,320030,1411,17352,9513,203941,11225,338953,10909,542894,California
Alameda,2021-03-26,21219,887402,12797,541598,6851,326881,1571,18923,8589,201506,12576,351529,10141,553035,California
Alameda,2021-03-27,18502,905904,12629,554227,4916,331797,957,19880,7576,199160,10867,362396,8521,561556,California
Alameda,2021-03-28,10719,916623,8726,562953,1791,333588,202,20082,3480,195627,7219,369615,3686,565242,California
Alameda,2021-03-29,14937,931560,9525,572478,4413,338001,999,21081,5984,193696,8911,378526,6980,572222,California
Alameda,2021-03-30,18882,950442,9933,582411,7220,345221,1729,22810,9473,195513,9372,387898,11189,583411,California
Alameda,2021-03-31,19692,970134,10397,592808,7178,352399,2117,24927,9222,196397,10437,398335,11321,594732,California
Alameda,2021-04-01,23612,993746,10145,602953,7754,360153,5713,30640,11227,200950,12323,410658,16876,611608,California
Alameda,2021-04-02,24411,1018157,10030,612983,8481,368634,5900,36540,11855,206130,12514,423172,17694,629302,California
Alameda,2021-04-03,20517,1038674,9919,622902,5723,374357,4875,41415,10370,211219,10120,433292,15209,644511,California
Alameda,2021-04-04,10020,1048694,4010,626912,2300,376657,3710,45125,3469,211847,6529,439821,7157,651668,California
Alameda,2021-04-05,18032,1066726,7611,634523,5601,382258,4820,49945,7364,213376,10638,450459,12167,663835,California
Alameda,2021-04-06,22464,1089190,10819,645342,5767,388025,5878,55823,10229,217245,12194,462653,16063,679898,California
Alameda,2021-04-07,22805,1111995,11720,657062,5587,393612,5498,61321,11530,223024,11226,473879,17005,696903,California
Alameda,2021-04-08,25820,1137815,11670,668732,6109,399721,8041,69362,11055,227404,14681,488560,19061,715964,California
Alameda,2021-04-09,23700,1161515,10835,679567,7595,407316,5270,74632,12196,233389,11463,500023,17448,733412,California
Alameda,2021-04-10,19480,1180995,7520,687087,5720,413036,6240,80872,8279,236708,11171,511194,14490,747902,California
Alameda,2021-04-11,11111,1192106,4871,691958,2279,415315,3961,84833,4516,238584,6576,517770,8452,756354,California
Alameda,2021-04-12,18314,1210420,11878,703836,4439,419754,1997,86830,10296,242896,7974,525744,12286,768640,California
Alameda,2021-04-13,23300,1233720,14764,718600,8474,428228,62,86892,17096,253914,6147,531891,17165,785805,California
Alameda,2021-04-14,23400,1257120,15342,733942,8056,436284,2,86894,15657,261879,7699,539590,15664,801469,California
Alameda,2021-04-15,24509,1281629,15638,749580,8866,445150,5,86899,16147,269746,8294,547884,16161,817630,California
Alameda,2021-04-16,24900,1306529,14657,764237,10237,455387,6,86905,15888,276713,8942,556826,15909,833539,California
Alameda,2021-04-17,21214,1327743,14660,778897,6552,461939,2,86907,14654,284867,6517,563343,14671,848210,California
Alameda,2021-04-18,10449,1338192,8067,786964,2382,464321,0,86907,7218,288899,3195,566538,7227,855437,California
Alameda,2021-04-19,15987,1354179,9940,796904,6046,470367,1,86908,9238,291440,6707,573245,9248,864685,California
Alameda,2021-04-20,19012,1373191,11763,808667,7247,477614,2,86910,10338,293184,8615,581860,10359,875044,California
Alameda,2021-04-21,20447,1393638,12284,820951,8151,485765,12,86922,11799,296436,8580,590440,11832,886876,California
Alameda,2021-04-22,22132,1415770,14387,835338,7740,493505,5,86927,11730,297858,10339,600779,11761,898637,California
Alameda,2021-04-23,22497,1438267,14698,850036,7795,501300,4,86931,12495,300454,9932,610711,12528,911165,California
Alameda,2021-04-24,19069,1457336,14469,864505,4592,505892,8,86939,10070,301601,8947,619658,10094,921259,California
Alameda,2021-04-25,9028,1466364,7022,871527,2005,507897,1,86940,5909,304432,3090,622748,5921,927180,California
Alameda,2021-04-26,14875,1481239,10331,881858,4517,512414,27,86967,9104,307843,5732,628480,9143,936323,California
Alameda,2021-04-27,16730,1497969,9964,891822,6397,518811,369,87336,7842,307247,8831,637311,8235,944558,California
Alameda,2021-04-28,17082,1515051,10898,902720,5718,524529,466,87802,6904,304495,10139,647450,7387,951945,California
Alameda,2021-04-29,17723,1532774,10746,913466,6647,531176,330,88132,6604,300400,11053,658503,6958,958903,California
Alameda,2021-04-30,20572,1553346,12944,926410,7282,538458,346,88478,8473,297259,12006,670509,8865,967768,California
Alameda,2021-05-01,14102,1567448,9430,935840,4461,542919,211,88689,5262,293964,8796,679305,5501,973269,California
Alameda,2021-05-02,7113,1574561,4966,940806,1976,544895,171,88860,2901,292845,4194,683499,3075,976344,California
Alameda,2021-05-03,14628,1589189,10999,951805,3307,548202,322,89182,2857,284351,11706,695205,3212,979556,California
Alameda,2021-05-04,18882,1608071,13645,965450,4873,553075,364,89546,3806,273558,14999,710204,4206,983762,California
Alameda,2021-05-05,18784,1626855,13727,979177,4548,557623,509,90055,3834,263035,14884,725088,4361,988123,California
Alameda,2021-05-06,19286,1646141,14677,993854,3914,561537,695,90750,3780,252101,15423,740511,4489,992612,California
Alameda,2021-05-07,19501,1665642,13168,1007022,5913,567450,420,91170,4473,242056,14953,755464,4908,997520,California
Alameda,2021-05-08,17089,1682731,11860,1018882,5016,572466,213,91383,3265,231766,13784,769248,3494,1001014,California
Alameda,2021-05-09,8585,1691316,7029,1025911,1413,573879,143,91526,1329,226008,7234,776482,1476,1002490,California
Alameda,2021-05-10,10434,1701750,7200,1033111,2907,576786,327,91853,2508,220966,7887,784369,2845,1005335,California
Alameda,2021-05-11,15723,1717473,8622,1041733,6785,583571,316,92169,2806,211259,12867,797236,3160,1008495,California
Alameda,2021-05-12,13533,1731006,9028,1050761,4058,587629,447,92616,2714,203683,10772,808008,3196,1011691,California
Alameda,2021-05-13,18084,1749090,13010,1063771,4532,592161,542,93158,5735,197703,12297,820305,6317,1018008,California
Alameda,2021-05-14,20831,1769921,14157,1077928,6208,598369,466,93624,7064,191562,13685,833990,7544,1025552,California
Alameda,2021-05-15,17334,1787255,12654,1090582,4447,602816,233,93857,5927,186371,11356,845346,6165,1031717,California
Alameda,2021-05-16,8900,1796155,7652,1098234,1142,603958,106,93963,3140,183897,5725,851071,3251,1034968,California
Alameda,2021-05-17,13566,1809721,10118,1108352,2916,606874,532,94495,4199,179315,9326,860397,4744,1039712,California
Alameda,2021-05-18,14286,1824007,10389,1118741,3471,610345,426,94921,4986,175474,9254,869651,5413,1045125,California
Alameda,2021-05-19,14541,1838548,9975,1128716,4228,614573,338,95259,5883,173090,8607,878258,6223,1051348,California
Alameda,2021-05-20,13442,1851990,8888,1137604,4018,618591,536,95795,5748,171736,7638,885896,6284,1057632,California
Alameda,2021-05-21,15292,1867282,10055,1147659,4966,623557,271,96066,5069,166927,10154,896050,5345,1062977,California
Alameda,2021-05-22,10374,1877656,7494,1155153,2712,626269,168,96234,4196,165148,6146,902196,4367,1067344,California
Alameda,2021-05-23,5141,1882797,3961,1159114,1091,627360,89,96323,1680,163479,3439,905635,1770,1069114,California
Alameda,2021-05-24,7275,1890072,4242,1163356,2773,630133,260,96583,2827,162164,4407,910042,3092,1072206,California
Alameda,2021-05-25,8037,1898109,5196,1168552,2579,632712,262,96845,3522,161465,4479,914521,3780,1075986,California
Alameda,2021-05-26,8300,1906409,5187,1173739,2812,635524,301,97146,3580,160648,4693,919214,3876,1079862,California
Alameda,2021-05-27,8167,1914576,4882,1178621,2882,638406,403,97549,3342,159605,4783,923997,3740,1083602,California
Alameda,2021-05-28,8636,1923212,5057,1183678,3351,641757,228,97777,3600,158430,5005,929002,3830,1087432,California
Alameda,2021-05-29,4956,1928168,2999,1186677,1770,643527,187,97964,2448,158581,2486,931488,2637,1090069,California
Alameda,2021-05-30,2466,1930634,1617,1188294,760,644287,89,98053,972,158158,1484,932972,1061,1091130,California
Alameda,2021-05-31,1162,1931796,860,1189154,247,644534,55,98108,346,157759,800,933772,401,1091531,California
Alameda,2021-06-01,7122,1938918,4984,1194138,1892,646426,246,98354,2955,156819,4139,937911,3199,1094730,California
Alameda,2021-06-02,5828,1944746,3625,1197763,1979,648405,224,98578,2182,155606,3611,941522,2398,1097128,California
Alameda,2021-06-03,8487,1953233,6414,1204177,1792,650197,281,98859,2769,152972,5679,947201,3045,1100173,California
Alameda,2021-06-04,10478,1963711,7723,1211900,2513,652710,242,99101,2831,148437,7609,954810,3074,1103247,California
Alameda,2021-06-05,8104,1971815,5894,1217794,2049,654759,161,99262,1793,144111,6277,961087,1951,1105198,California
Alameda,2021-06-06,3685,1975500,3326,1221120,278,655037,81,99343,861,142239,2814,963901,942,1106140,California
Alameda,2021-06-07,5872,1981372,4284,1225404,1411,656448,177,99520,1722,140013,4125,968026,1899,1108039,California
Alameda,2021-06-08,7273,1988645,5814,1231218,1216,657664,243,99763,2099,137206,5147,973173,2340,1110379,California
Alameda,2021-06-09,7302,1995947,5968,1237186,1138,658802,196,99959,1673,133467,5602,978775,1863,1112242,California
Alameda,2021-06-10,8016,2003963,6706,1243892,1004,659806,306,100265,2132,130042,5860,984635,2435,1114677,California
Alameda,2021-06-11,8069,2012032,6186,1250078,1658,661464,225,100490,2464,127156,5578,990213,2692,1117369,California
Alameda,2021-06-12,5510,2017542,4225,1254303,1097,662561,188,100678,1367,124598,4117,994330,1559,1118928,California
Alameda,2021-06-13,2311,2019853,1762,1256065,427,662988,122,100800,662,123742,1638,995968,782,1119710,California
Alameda,2021-06-14,4587,2024440,3448,1259513,927,663915,212,101012,1546,122479,3019,998987,1756,1121466,California
Alameda,2021-06-15,6019,2030459,4373,1263886,1364,665279,282,101294,1789,120357,4192,1003179,2070,1123536,California
Alameda,2021-06-16,5163,2035622,4117,1268003,842,666121,204,101498,1530,118473,3615,1006794,1731,1125267,California
Alameda,2021-06-17,5610,2041232,4541,1272544,838,666959,231,101729,1856,116840,3722,1010516,2089,1127356,California
Alameda,2021-06-18,5940,2047172,4480,1277024,1206,668165,254,101983,1980,115138,3932,1014448,2230,1129586,California
Alameda,2021-06-19,3459,2050631,2620,1279644,680,668845,159,102142,1056,113962,2390,1016838,1214,1130800,California
Alameda,2021-06-20,1398,2052029,1166,1280810,186,669031,46,102188,518,113650,874,1017712,562,1131362,California
Alameda,2021-06-21,2715,2054744,1846,1282656,708,669739,161,102349,1388,113889,1310,1019022,1549,1132911,California
Alameda,2021-06-22,4576,2059320,3544,1286200,838,670577,194,102543,1405,112330,3156,1022178,1597,1134508,California
Alameda,2021-06-23,3503,2062823,2693,1288893,624,671201,186,102729,1179,111382,2309,1024487,1361,1135869,California
Alameda,2021-06-24,4398,2067221,3512,1292405,650,671851,236,102965,1509,110258,2867,1027354,1743,1137612,California
Alameda,2021-06-25,4613,2071834,3464,1295869,947,672798,202,103167,1709,109281,2888,1030242,1911,1139523,California
Alameda,2021-06-26,3076,2074910,2262,1298131,649,673447,165,103332,1068,108524,1989,1032231,1232,1140755,California
Alameda,2021-06-27,1301,2076211,1068,1299199,186,673633,47,103379,512,108301,782,1033013,559,1141314,California
Alameda,2021-06-28,2917,2079128,2370,1301569,350,673983,197,103576,1138,107879,1756,1034769,1334,1142648,California
Alameda,2021-06-29,3688,2082816,2951,1304520,598,674581,139,103715,1286,106918,2385,1037154,1424,1144072,California
Alameda,2021-06-30,2866,2085682,2234,1306754,499,675080,133,103848,1067,106328,1788,1038942,1198,1145270,California
Alameda,2021-07-01,3459,2089141,2727,1309481,583,675663,149,103997,1238,105513,2199,1041141,1384,1146654,California
Alameda,2021-07-02,3976,2093117,2988,1312469,820,676483,168,104165,1446,104616,2504,1043645,1607,1148261,California
Alameda,2021-07-03,2044,2095161,1492,1313961,463,676946,89,104254,801,104275,1230,1044875,889,1149150,California
Alameda,2021-07-04,95,2095256,60,1314021,30,676976,5,104259,41,104268,53,1044928,46,1149196,California
Alameda,2021-07-05,1611,2096867,1338,1315359,215,677191,58,104317,715,104153,886,1045814,771,1149967,California
Alameda,2021-07-06,3596,2100463,2895,1318254,596,677787,105,104422,1213,103110,2361,1048175,1318,1151285,California
Alameda,2021-07-07,2176,2102639,1572,1319826,462,678249,142,104564,749,102591,1409,1049584,890,1152175,California
Alpine,2020-12-18,2,2,2,2,0,0,0,0,2,2,0,0,2,2,California
Alpine,2020-12-19,2,4,2,4,0,0,0,0,2,4,0,0,2,4,California
Alpine,2020-12-21,2,6,2,6,0,0,0,0,2,6,0,0,2,6,California
Alpine,2020-12-29,1,7,0,6,1,1,0,0,1,7,0,0,1,7,California
Alpine,2020-12-30,14,21,0,6,14,15,0,0,14,21,0,0,14,21,California
Alpine,2020-12-31,1,22,0,6,1,16,0,0,1,22,0,0,1,22,California
Alpine,2021-01-01,1,23,0,6,1,17,0,0,1,23,0,0,1,23,California
Alpine,2021-01-02,1,24,1,7,0,17,0,0,1,24,0,0,1,24,California
Alpine,2021-01-04,10,34,0,7,10,27,0,0,10,34,0,0,10,34,California
Alpine,2021-01-05,9,43,1,8,8,35,0,0,9,43,0,0,9,43,California
Alpine,2021-01-06,31,74,0,8,31,66,0,0,31,74,0,0,31,74,California
Alpine,2021-01-07,8,82,0,8,8,74,0,0,8,82,0,0,8,82,California
Alpine,2021-01-08,4,86,2,10,2,76,0,0,2,82,2,2,2,84,California
Alpine,2021-01-09,2,88,2,12,0,76,0,0,0,80,2,4,0,84,California
Alpine,2021-01-11,32,120,1,13,31,107,0,0,31,110,1,5,31,115,California
Alpine,2021-01-13,35,155,0,13,35,142,0,0,35,145,0,5,35,150,California
Alpine,2021-01-14,1,156,0,13,1,143,0,0,1,146,0,5,1,151,California
Alpine,2021-01-15,1,157,0,13,1,144,0,0,1,147,0,5,1,152,California
Alpine,2021-01-18,1,158,1,14,0,144,0,0,1,148,0,5,1,153,California
Alpine,2021-01-20,21,179,0,14,21,165,0,0,21,169,0,5,21,174,California
Alpine,2021-01-21,1,180,0,14,1,166,0,0,1,170,0,5,1,175,California
Alpine,2021-01-22,33,213,0,14,33,199,0,0,33,203,0,5,33,208,California
Alpine,2021-01-23,1,214,1,15,0,199,0,0,0,202,1,6,0,208,California
Alpine,2021-01-25,16,230,0,15,16,215,0,0,16,218,0,6,16,224,California
Alpine,2021-01-26,1,231,0,15,1,216,0,0,0,217,1,7,0,224,California
Alpine,2021-01-27,1,232,1,16,0,216,0,0,0,216,1,8,0,224,California
Alpine,2021-01-28,1,233,0,16,1,217,0,0,0,215,1,9,0,224,California
Alpine,2021-01-29,1,234,0,16,1,218,0,0,1,216,0,9,1,225,California
Alpine,2021-02-01,25,259,0,16,25,243,0,0,7,205,18,27,7,232,California
Alpine,2021-02-03,34,293,0,16,34,277,0,0,10,191,24,51,10,242,California
Alpine,2021-02-04,8,301,0,16,8,285,0,0,3,189,5,56,3,245,California
Alpine,2021-02-05,32,333,1,17,31,316,0,0,12,181,20,76,12,257,California
Alpine,2021-02-07,1,334,1,18,0,316,0,0,1,182,0,76,1,258,California
Alpine,2021-02-08,32,366,0,18,32,348,0,0,4,158,28,104,4,262,California
Alpine,2021-02-10,34,400,0,18,34,382,0,0,0,124,34,138,0,262,California
Alpine,2021-02-11,6,406,0,18,6,388,0,0,3,124,3,141,3,265,California
Alpine,2021-02-12,1,407,0,18,1,389,0,0,0,123,1,142,0,265,California
Alpine,2021-02-17,23,430,0,18,23,412,0,0,3,106,20,162,3,268,California
Alpine,2021-02-18,2,432,0,18,2,414,0,0,1,106,1,163,1,269,California
Alpine,2021-02-19,34,466,1,19,33,447,0,0,2,76,32,195,2,271,California
Alpine,2021-02-22,27,493,0,19,27,474,0,0,8,65,19,214,8,279,California
Alpine,2021-02-24,1,494,1,20,0,474,0,0,1,66,0,214,1,280,California
Alpine,2021-02-25,7,501,2,22,5,479,0,0,7,73,0,214,7,287,California
Alpine,2021-02-26,30,531,1,23,29,508,0,0,29,101,1,215,29,316,California
Alpine,2021-02-27,1,532,0,23,1,509,0,0,1,102,0,215,1,317,California
Alpine,2021-03-01,36,568,0,23,36,545,0,0,26,118,10,225,26,343,California
Alpine,2021-03-03,30,598,1,24,29,574,0,0,18,124,12,237,18,361,California
Alpine,2021-03-04,10,608,0,24,10,584,0,0,10,134,0,237,10,371,California
Alpine,2021-03-05,30,638,0,24,30,614,0,0,22,148,8,245,22,393,California
Alpine,2021-03-08,31,669,0,24,31,645,0,0,29,175,2,247,29,422,California
Alpine,2021-03-10,73,742,0,24,73,718,0,0,73,248,0,247,73,495,California
Alpine,2021-03-11,35,777,0,24,35,753,0,0,31,275,4,251,31,526,California
Alpine,2021-03-12,19,796,0,24,19,772,0,0,17,290,2,253,17,543,California
Alpine,2021-03-15,21,817,1,25,20,792,0,0,20,309,1,254,20,563,California
Alpine,2021-03-17,23,840,0,25,22,814,1,1,19,325,4,258,20,583,California
Alpine,2021-03-18,38,878,3,28,35,849,0,1,34,355,4,262,34,617,California
Alpine,2021-03-19,2,880,1,29,1,850,0,1,1,355,1,263,1,618,California
Alpine,2021-03-22,24,904,0,29,24,874,0,1,15,361,9,272,15,633,California
Alpine,2021-03-24,19,923,0,29,19,893,0,1,8,358,11,283,8,641,California
Alpine,2021-03-25,34,957,0,29,33,926,1,2,27,380,6,289,28,669,California
Alpine,2021-03-27,1,958,0,29,1,927,0,2,0,379,1,290,0,669,California
Alpine,2021-03-28,1,959,1,30,0,927,0,2,1,380,0,290,1,670,California
Alpine,2021-03-29,19,978,0,30,18,945,1,3,2,366,17,307,3,673,California
Alpine,2021-04-01,18,996,0,30,18,963,0,3,8,364,10,317,8,681,California
Alpine,2021-04-02,101,1097,1,31,100,1063,0,3,46,356,54,371,46,727,California
Alpine,2021-04-05,4,1101,1,32,3,1066,0,3,0,352,4,375,0,727,California
Alpine,2021-04-06,3,1104,2,34,1,1067,0,3,2,353,1,376,2,729,California
Alpine,2021-04-07,117,1221,0,34,116,1183,1,4,30,298,86,462,31,760,California
Alpine,2021-04-08,37,1258,0,34,35,1218,2,6,10,283,27,489,12,772,California
Alpine,2021-04-09,2,1260,0,34,2,1220,0,6,2,285,0,489,2,774,California
Alpine,2021-04-14,47,1307,0,34,47,1267,0,6,10,258,37,526,10,784,California
Alpine,2021-04-15,35,1342,0,34,35,1302,0,6,3,229,32,558,3,787,California
Alpine,2021-04-16,1,1343,0,34,1,1303,0,6,1,230,0,558,1,788,California
Alpine,2021-04-19,1,1344,0,34,1,1304,0,6,1,231,0,558,1,789,California
Alpine,2021-04-21,31,1375,0,34,31,1335,0,6,15,230,16,574,15,804,California
Alpine,2021-04-22,24,1399,0,34,24,1359,0,6,1,208,23,597,1,805,California
Alpine,2021-04-24,2,1401,2,36,0,1359,0,6,0,207,2,599,1,806,California
Alpine,2021-04-25,1,1402,1,37,0,1359,0,6,0,206,1,600,0,806,California
Alpine,2021-04-27,2,1404,1,38,1,1360,0,6,1,206,1,601,1,807,California
Alpine,2021-04-28,36,1440,0,38,36,1396,0,6,6,182,30,631,6,813,California
Alpine,2021-04-29,7,1447,1,39,6,1402,0,6,1,177,6,637,1,814,California
Alpine,2021-04-30,2,1449,1,40,0,1402,1,7,1,178,1,638,2,816,California
Alpine,2021-05-02,1,1450,0,40,0,1402,1,8,0,178,1,639,1,817,California
Alpine,2021-05-05,17,1467,0,40,17,1419,0,8,4,169,13,652,4,821,California
Alpine,2021-05-06,8,1475,0,40,8,1427,0,8,0,161,8,660,0,821,California
Alpine,2021-05-07,1,1476,0,40,1,1428,0,8,0,160,1,661,0,821,California
Alpine,2021-05-10,1,1477,0,40,1,1429,0,8,1,161,0,661,1,822,California
Alpine,2021-05-12,1,1478,0,40,0,1429,1,9,0,161,1,662,1,823,California
Alpine,2021-05-13,3,1481,0,40,3,1432,0,9,0,158,3,665,0,823,California
Alpine,2021-05-17,2,1483,0,40,2,1434,0,9,1,158,1,666,1,824,California
Alpine,2021-05-18,1,1484,0,40,1,1435,0,9,1,159,0,666,1,825,California
Alpine,2021-05-19,15,1499,0,40,15,1450,0,9,0,144,15,681,0,825,California
Alpine,2021-05-20,1,1500,1,41,0,1450,0,9,0,143,1,682,0,825,California
Alpine,2021-05-21,1,1501,1,42,0,1450,0,9,0,142,1,683,0,825,California
Alpine,2021-05-25,2,1503,0,42,2,1452,0,9,0,140,2,685,0,825,California
Alpine,2021-05-27,3,1506,2,44,1,1453,0,9,3,143,0,685,3,828,California
Alpine,2021-05-28,2,1508,1,45,1,1454,0,9,2,145,0,685,2,830,California
Alpine,2021-05-29,1,1509,0,45,1,1455,0,9,1,146,0,685,1,831,California
Alpine,2021-06-02,8,1517,0,45,8,1463,0,9,1,140,7,692,1,832,California
Alpine,2021-06-04,1,1518,0,45,1,1464,0,9,1,141,0,692,1,833,California
Alpine,2021-06-07,1,1519,0,45,1,1465,0,9,0,140,1,693,0,833,California
Alpine,2021-06-10,1,1520,1,46,0,1465,0,9,1,141,0,693,1,834,California
Alpine,2021-06-15,2,1522,1,47,1,1466,0,9,0,139,2,695,0,834,California
Alpine,2021-06-18,1,1523,1,48,0,1466,0,9,0,138,1,696,0,834,California
Alpine,2021-06-19,1,1524,1,49,0,1466,0,9,0,137,1,697,0,834,California
Alpine,2021-06-25,1,1525,0,49,1,1467,0,9,0,136,1,698,0,834,California
Alpine,2021-06-29,1,1526,0,49,1,1468,0,9,1,137,0,698,1,835,California
Alpine,2021-06-30,1,1527,0,49,1,1469,0,9,0,136,1,699,0,835,California
Alpine,2021-07-01,1,1528,1,50,0,1469,0,9,0,135,1,700,0,835,California
Alpine,2021-07-06,1,1529,0,50,1,1470,0,9,1,136,0,700,1,836,California
Alpine,2021-07-07,2,1531,0,50,2,1472,0,9,2,138,0,700,2,838,California
Amador,2020-12-16,3,3,3,3,0,0,0,0,3,3,0,0,3,3,California
Amador,2020-12-17,5,8,5,8,0,0,0,0,5,8,0,0,5,8,California
Amador,2020-12-18,48,56,48,56,0,0,0,0,48,56,0,0,48,56,California
Amador,2020-12-19,16,72,16,72,0,0,0,0,16,72,0,0,16,72,California
Amador,2020-12-20,4,76,4,76,0,0,0,0,4,76,0,0,4,76,California
Amador,2020-12-21,31,107,31,107,0,0,0,0,31,107,0,0,31,107,California
Amador,2020-12-22,35,142,34,141,1,1,0,0,35,142,0,0,35,142,California
Amador,2020-12-23,41,183,39,180,2,3,0,0,41,183,0,0,41,183,California
Amador,2020-12-24,5,188,3,183,2,5,0,0,5,188,0,0,5,188,California
Amador,2020-12-26,5,193,4,187,1,6,0,0,5,193,0,0,5,193,California
Amador,2020-12-27,1,194,0,187,1,7,0,0,1,194,0,0,1,194,California
Amador,2020-12-28,30,224,26,213,4,11,0,0,30,224,0,0,30,224,California
Amador,2020-12-29,25,249,18,231,7,18,0,0,25,249,0,0,25,249,California
Amador,2020-12-30,123,372,77,308,46,64,0,0,123,372,0,0,123,372,California
Amador,2020-12-31,195,567,170,478,25,89,0,0,195,567,0,0,195,567,California
Amador,2021-01-01,2,569,0,478,2,91,0,0,2,569,0,0,2,569,California
Amador,2021-01-02,58,627,58,536,0,91,0,0,58,627,0,0,58,627,California
Amador,2021-01-03,66,693,17,553,49,140,0,0,66,693,0,0,66,693,California
Amador,2021-01-04,125,818,2,555,123,263,0,0,125,818,0,0,125,818,California
Amador,2021-01-05,33,851,3,558,30,293,0,0,32,849,1,1,32,850,California
Amador,2021-01-06,40,891,11,569,29,322,0,0,36,881,4,5,36,886,California
Amador,2021-01-07,234,1125,72,641,162,484,0,0,222,1091,12,17,222,1108,California
Amador,2021-01-08,88,1213,72,713,16,500,0,0,43,1090,45,62,44,1152,California
Amador,2021-01-09,11,1224,11,724,0,500,0,0,2,1083,9,71,2,1154,California
Amador,2021-01-10,6,1230,4,728,2,502,0,0,2,1081,4,75,2,1156,California
Amador,2021-01-11,126,1356,44,772,82,584,0,0,89,1134,37,112,90,1246,California
Amador,2021-01-12,71,1427,55,827,16,600,0,0,41,1145,30,142,41,1287,California
Amador,2021-01-13,42,1469,24,851,18,618,0,0,29,1162,12,154,29,1316,California
Amador,2021-01-14,151,1620,22,873,129,747,0,0,141,1294,10,164,142,1458,California
Amador,2021-01-15,62,1682,26,899,36,783,0,0,53,1338,9,173,53,1511,California
Amador,2021-01-16,20,1702,13,912,7,790,0,0,14,1347,6,179,15,1526,California
Amador,2021-01-17,25,1727,5,917,20,810,0,0,25,1372,0,179,25,1551,California
Amador,2021-01-18,31,1758,27,944,4,814,0,0,10,1361,21,200,10,1561,California
Amador,2021-01-19,127,1885,101,1045,26,840,0,0,82,1398,45,245,82,1643,California
Amador,2021-01-20,183,2068,32,1077,151,991,0,0,169,1554,13,258,169,1812,California
Amador,2021-01-21,263,2331,230,1307,33,1024,0,0,151,1594,112,370,152,1964,California
Amador,2021-01-22,142,2473,74,1381,68,1092,0,0,135,1722,7,377,135,2099,California
Amador,2021-01-23,60,2533,33,1414,27,1119,0,0,57,1776,3,380,57,2156,California
Amador,2021-01-24,28,2561,12,1426,16,1135,0,0,24,1796,4,384,24,2180,California
Amador,2021-01-25,60,2621,29,1455,31,1166,0,0,42,1820,18,402,42,2222,California
Amador,2021-01-26,246,2867,17,1472,229,1395,0,0,236,2046,10,412,236,2458,California
Amador,2021-01-27,307,3174,35,1507,272,1667,0,0,259,2261,45,457,260,2718,California
Amador,2021-01-28,374,3548,99,1606,275,1942,0,0,290,2468,84,541,291,3009,California
Amador,2021-01-29,107,3655,33,1639,74,2016,0,0,92,2545,15,556,92,3101,California
Amador,2021-01-30,198,3853,37,1676,161,2177,0,0,193,2733,5,561,193,3294,California
Amador,2021-01-31,34,3887,29,1705,5,2182,0,0,33,2765,1,562,33,3327,California
Amador,2021-02-01,67,3954,23,1728,44,2226,0,0,39,2776,28,590,39,3366,California
Amador,2021-02-02,216,4170,66,1794,150,2376,0,0,129,2820,85,675,129,3495,California
Amador,2021-02-03,143,4313,40,1834,103,2479,0,0,91,2860,51,726,91,3586,California
Amador,2021-02-04,253,4566,76,1910,177,2656,0,0,166,2942,86,812,168,3754,California
Amador,2021-02-05,339,4905,63,1973,276,2932,0,0,320,3244,18,830,320,4074,California
Amador,2021-02-06,125,5030,81,2054,44,2976,0,0,120,3359,5,835,120,4194,California
Amador,2021-02-07,38,5068,34,2088,4,2980,0,0,34,3390,4,839,35,4229,California
Amador,2021-02-08,92,5160,63,2151,29,3009,0,0,73,3444,19,858,73,4302,California
Amador,2021-02-09,178,5338,82,2233,96,3105,0,0,110,3486,68,926,110,4412,California
Amador,2021-02-10,985,6323,81,2314,904,4009,0,0,949,4400,35,961,949,5361,California
Amador,2021-02-11,314,6637,121,2435,193,4202,0,0,201,4490,111,1072,201,5562,California
Amador,2021-02-12,337,6974,121,2556,216,4418,0,0,262,4677,75,1147,262,5824,California
Amador,2021-02-13,182,7156,84,2640,98,4516,0,0,155,4805,27,1174,155,5979,California
Amador,2021-02-14,122,7278,54,2694,68,4584,0,0,105,4893,17,1191,105,6084,California
Amador,2021-02-15,190,7468,62,2756,128,4712,0,0,173,5050,16,1207,173,6257,California
Amador,2021-02-16,467,7935,53,2809,414,5126,0,0,426,5436,41,1248,427,6684,California
Amador,2021-02-17,266,8201,84,2893,182,5308,0,0,166,5502,100,1348,166,6850,California
Amador,2021-02-18,401,8602,101,2994,300,5608,0,0,334,5769,67,1415,334,7184,California
Amador,2021-02-19,204,8806,78,3072,126,5734,0,0,116,5797,88,1503,116,7300,California
Amador,2021-02-20,103,8909,34,3106,69,5803,0,0,67,5828,36,1539,67,7367,California
Amador,2021-02-21,55,8964,37,3143,18,5821,0,0,19,5813,34,1573,19,7386,California
Amador,2021-02-22,67,9031,26,3169,41,5862,0,0,32,5811,34,1607,32,7418,California
Amador,2021-02-23,323,9354,55,3224,268,6130,0,0,139,5767,184,1791,140,7558,California
Amador,2021-02-24,402,9756,63,3287,339,6469,0,0,264,5897,134,1925,264,7822,California
Amador,2021-02-25,533,10289,123,3410,410,6879,0,0,280,5926,251,2176,280,8102,California
Amador,2021-02-26,645,10934,82,3492,563,7442,0,0,519,6320,125,2301,519,8621,California
Amador,2021-02-27,301,11235,95,3587,206,7648,0,0,99,6220,201,2502,101,8722,California
Amador,2021-02-28,126,11361,57,3644,69,7717,0,0,62,6220,64,2566,64,8786,California
Amador,2021-03-01,202,11563,69,3713,133,7850,0,0,129,6277,73,2639,130,8916,California
Amador,2021-03-02,383,11946,64,3777,319,8169,0,0,333,6561,50,2689,334,9250,California
Amador,2021-03-03,245,12191,80,3857,165,8334,0,0,168,6654,76,2765,169,9419,California
Amador,2021-03-04,502,12693,118,3975,384,8718,0,0,396,6945,105,2870,396,9815,California
Amador,2021-03-05,518,13211,76,4051,442,9160,0,0,294,7020,222,3092,297,10112,California
Amador,2021-03-06,103,13314,50,4101,52,9212,1,1,57,7032,46,3138,58,10170,California
Amador,2021-03-07,92,13406,44,4145,48,9260,0,1,24,6988,68,3206,24,10194,California
Amador,2021-03-08,156,13562,73,4218,82,9342,1,2,92,7017,64,3270,93,10287,California
Amador,2021-03-09,378,13940,53,4271,325,9667,0,2,293,7229,81,3351,293,10580,California
Amador,2021-03-10,521,14461,77,4348,442,10109,2,4,112,6936,409,3760,116,10696,California
Amador,2021-03-11,485,14946,125,4473,350,10459,10,14,304,7073,180,3940,317,11013,California
Amador,2021-03-12,587,15533,71,4544,510,10969,6,20,343,7184,243,4183,354,11367,California
Amador,2021-03-13,120,15653,18,4562,95,11064,7,27,76,7228,44,4227,88,11455,California
Amador,2021-03-14,99,15752,18,4580,78,11142,3,30,20,7172,79,4306,23,11478,California
Amador,2021-03-15,183,15935,27,4607,149,11291,7,37,55,7107,128,4434,63,11541,California
Amador,2021-03-16,453,16388,53,4660,391,11682,9,46,139,6944,312,4746,149,11690,California
Amador,2021-03-17,386,16774,45,4705,338,12020,3,49,262,7087,122,4868,265,11955,California
Amador,2021-03-18,516,17290,101,4806,411,12431,4,53,258,7097,256,5124,266,12221,California
Amador,2021-03-19,548,17838,59,4865,474,12905,15,68,387,7344,159,5283,406,12627,California
Amador,2021-03-20,113,17951,46,4911,66,12971,1,69,48,7331,64,5347,51,12678,California
Amador,2021-03-21,52,18003,36,4947,15,12986,1,70,27,7337,24,5371,30,12708,California
Amador,2021-03-22,115,18118,34,4981,53,13039,28,98,50,7350,65,5436,78,12786,California
Amador,2021-03-23,436,18554,47,5028,382,13421,7,105,275,7473,160,5596,283,13069,California
Amador,2021-03-24,342,18896,35,5063,55,13476,252,357,35,7454,306,5902,287,13356,California
Amador,2021-03-25,615,19511,87,5150,521,13997,7,364,398,7643,216,6118,405,13761,California
Amador,2021-03-26,751,20262,45,5195,700,14697,6,370,280,7464,468,6586,289,14050,California
Amador,2021-03-27,94,20356,15,5210,77,14774,2,372,31,7436,63,6649,35,14085,California
Amador,2021-03-28,71,20427,17,5227,52,14826,2,374,13,7395,57,6706,16,14101,California
Amador,2021-03-29,185,20612,29,5256,155,14981,1,375,79,7377,103,6809,85,14186,California
Amador,2021-03-30,537,21149,29,5285,507,15488,1,376,292,7426,244,7053,293,14479,California
Amador,2021-03-31,201,21350,58,5343,138,15626,5,381,44,7320,155,7208,49,14528,California
Amador,2021-04-01,624,21974,93,5436,531,16157,0,381,268,7237,353,7561,270,14798,California
Amador,2021-04-02,617,22591,39,5475,565,16722,13,394,385,7406,231,7792,400,15198,California
Amador,2021-04-03,87,22678,25,5500,42,16764,20,414,22,7386,65,7857,45,15243,California
Amador,2021-04-04,39,22717,3,5503,30,16794,6,420,15,7383,24,7881,21,15264,California
Amador,2021-04-05,147,22864,53,5556,77,16871,17,437,49,7354,97,7978,68,15332,California
Amador,2021-04-06,504,23368,37,5593,449,17320,18,455,224,7318,278,8256,242,15574,California
Amador,2021-04-07,100,23468,34,5627,47,17367,19,474,44,7328,53,8309,63,15637,California
Amador,2021-04-08,500,23968,84,5711,394,17761,22,496,221,7294,277,8586,243,15880,California
Amador,2021-04-09,488,24456,22,5733,446,18207,20,516,212,7248,275,8861,229,16109,California
Amador,2021-04-10,52,24508,14,5747,29,18236,9,525,23,7251,29,8890,32,16141,California
Amador,2021-04-11,51,24559,25,5772,22,18258,4,529,23,7251,27,8917,27,16168,California
Amador,2021-04-12,99,24658,26,5798,63,18321,10,539,43,7248,56,8973,53,16221,California
Amador,2021-04-13,346,25004,49,5847,297,18618,0,539,66,7038,277,9250,67,16288,California
Amador,2021-04-14,280,25284,26,5873,254,18872,0,539,56,6874,221,9471,57,16345,California
Amador,2021-04-15,342,25626,78,5951,264,19136,0,539,73,6689,258,9729,73,16418,California
Amador,2021-04-16,489,26115,29,5980,460,19596,0,539,380,6961,108,9837,380,16798,California
Amador,2021-04-17,66,26181,34,6014,32,19628,0,539,30,6955,36,9873,30,16828,California
Amador,2021-04-18,33,26214,11,6025,22,19650,0,539,12,6947,20,9893,12,16840,California
Amador,2021-04-19,70,26284,28,6053,42,19692,0,539,30,6940,39,9932,32,16872,California
Amador,2021-04-20,442,26726,59,6112,383,20075,0,539,111,6729,324,10256,113,16985,California
Amador,2021-04-21,89,26815,35,6147,53,20128,1,540,44,6731,43,10299,45,17030,California
Amador,2021-04-22,521,27336,79,6226,441,20569,1,541,101,6431,402,10701,102,17132,California
Amador,2021-04-23,368,27704,47,6273,321,20890,0,541,289,6648,74,10775,291,17423,California
Amador,2021-04-24,52,27756,25,6298,27,20917,0,541,31,6659,20,10795,31,17454,California
Amador,2021-04-25,45,27801,19,6317,26,20943,0,541,29,6672,16,10811,29,17483,California
Amador,2021-04-26,96,27897,28,6345,67,21010,1,542,44,6668,51,10862,47,17530,California
Amador,2021-04-27,502,28399,45,6390,456,21466,1,543,91,6354,407,11269,93,17623,California
Amador,2021-04-28,70,28469,30,6420,37,21503,3,546,41,6369,29,11298,44,17667,California
Amador,2021-04-29,229,28698,71,6491,49,21552,109,655,67,6382,162,11460,175,17842,California
Amador,2021-04-30,347,29045,28,6519,315,21867,4,659,89,6218,258,11718,94,17936,California
Amador,2021-05-01,47,29092,15,6534,27,21894,5,664,26,6230,19,11737,31,17967,California
Amador,2021-05-02,28,29120,14,6548,11,21905,3,667,11,6228,17,11754,15,17982,California
Amador,2021-05-03,69,29189,35,6583,24,21929,10,677,28,6225,41,11795,38,18020,California
Amador,2021-05-04,467,29656,28,6611,432,22361,7,684,68,5901,399,12194,75,18095,California
Amador,2021-05-05,207,29863,153,6764,46,22407,8,692,162,6028,42,12236,169,18264,California
Amador,2021-05-06,110,29973,56,6820,49,22456,5,697,63,6051,45,12281,68,18332,California
Amador,2021-05-07,129,30102,29,6849,93,22549,7,704,67,6063,62,12343,74,18406,California
Amador,2021-05-08,43,30145,8,6857,32,22581,3,707,21,6065,22,12365,24,18430,California
Amador,2021-05-09,17,30162,1,6858,10,22591,6,713,4,6062,13,12378,10,18440,California
Amador,2021-05-10,60,30222,14,6872,43,22634,3,716,24,6053,36,12414,27,18467,California
Amador,2021-05-11,103,30325,34,6906,43,22677,26,742,45,6066,58,12472,71,18538,California
Amador,2021-05-12,72,30397,25,6931,44,22721,3,745,35,6067,37,12509,38,18576,California
Amador,2021-05-13,80,30477,40,6971,34,22755,6,751,38,6070,41,12550,44,18620,California
Amador,2021-05-14,404,30881,38,7009,361,23116,5,756,92,5858,311,12861,99,18719,California
Amador,2021-05-15,51,30932,20,7029,21,23137,10,766,23,5864,28,12889,34,18753,California
Amador,2021-05-16,41,30973,15,7044,26,23163,0,766,17,5857,24,12913,17,18770,California
Amador,2021-05-17,75,31048,22,7066,51,23214,2,768,35,5856,39,12952,38,18808,California
Amador,2021-05-18,252,31300,171,7237,46,23260,35,803,166,5972,85,13037,201,19009,California
Amador,2021-05-19,76,31376,25,7262,47,23307,4,807,35,5973,40,13077,41,19050,California
Amador,2021-05-20,90,31466,47,7309,38,23345,5,812,30,5949,59,13136,35,19085,California
Amador,2021-05-21,275,31741,29,7338,244,23589,2,814,37,5750,238,13374,39,19124,California
Amador,2021-05-22,47,31788,16,7354,26,23615,5,819,13,5735,34,13408,19,19143,California
Amador,2021-05-23,29,31817,5,7359,21,23636,3,822,5,5719,24,13432,8,19151,California
Amador,2021-05-24,91,31908,32,7391,47,23683,12,834,42,5724,49,13481,54,19205,California
Amador,2021-05-25,141,32049,89,7480,27,23710,25,859,82,5774,57,13538,107,19312,California
Amador,2021-05-26,203,32252,159,7639,37,23747,7,866,38,5654,164,13702,44,19356,California
Amador,2021-05-27,82,32334,37,7676,36,23783,9,875,30,5641,52,13754,39,19395,California
Amador,2021-05-28,69,32403,26,7702,39,23822,4,879,29,5635,39,13793,33,19428,California
Amador,2021-05-29,26,32429,2,7704,21,23843,3,882,8,5628,18,13811,11,19439,California
Amador,2021-05-30,19,32448,5,7709,8,23851,6,888,5,5625,14,13825,11,19450,California
Amador,2021-05-31,10,32458,0,7709,9,23860,1,889,2,5620,8,13833,3,19453,California
Amador,2021-06-01,97,32555,68,7777,24,23884,5,894,45,5619,51,13884,50,19503,California
Amador,2021-06-02,46,32601,16,7793,22,23906,8,902,16,5614,30,13914,25,19528,California
Amador,2021-06-03,59,32660,26,7819,28,23934,5,907,19,5599,39,13953,24,19552,California
Amador,2021-06-04,101,32761,22,7841,58,23992,21,928,20,5559,81,14034,41,19593,California
Amador,2021-06-05,41,32802,16,7857,20,24012,5,933,4,5531,37,14071,9,19602,California
Amador,2021-06-06,19,32821,9,7866,9,24021,1,934,9,5531,10,14081,10,19612,California
Amador,2021-06-07,44,32865,18,7884,22,24043,4,938,17,5525,27,14108,21,19633,California
Amador,2021-06-08,175,33040,138,8022,26,24069,11,949,55,5473,119,14227,67,19700,California
Amador,2021-06-09,49,33089,20,8042,20,24089,9,958,13,5459,36,14263,22,19722,California
Amador,2021-06-10,55,33144,23,8065,20,24109,12,970,19,5454,36,14299,31,19753,California
Amador,2021-06-11,58,33202,17,8082,36,24145,5,975,12,5425,46,14345,17,19770,California
Amador,2021-06-12,24,33226,11,8093,11,24156,2,977,9,5422,14,14359,11,19781,California
Amador,2021-06-13,9,33235,2,8095,6,24162,1,978,2,5418,7,14366,3,19784,California
Amador,2021-06-14,47,33282,24,8119,21,24183,2,980,15,5403,32,14398,17,19801,California
Amador,2021-06-15,43,33325,13,8132,18,24201,12,992,18,5408,25,14423,30,19831,California
Amador,2021-06-16,72,33397,32,8164,31,24232,9,1001,34,5413,38,14461,43,19874,California
Amador,2021-06-17,47,33444,23,8187,20,24252,4,1005,27,5425,19,14480,31,19905,California
Amador,2021-06-18,157,33601,121,8308,29,24281,7,1012,63,5401,94,14574,70,19975,California
Amador,2021-06-19,30,33631,8,8316,14,24295,8,1020,11,5402,19,14593,20,19995,California
Amador,2021-06-20,8,33639,6,8322,1,24296,1,1021,3,5401,5,14598,4,19999,California
Amador,2021-06-21,46,33685,14,8336,23,24319,9,1030,15,5394,31,14629,24,20023,California
Amador,2021-06-22,49,33734,28,8364,19,24338,2,1032,29,5405,20,14649,31,20054,California
Amador,2021-06-23,39,33773,19,8383,12,24350,8,1040,20,5414,19,14668,28,20082,California
Amador,2021-06-24,43,33816,19,8402,18,24368,6,1046,21,5420,21,14689,27,20109,California
Amador,2021-06-25,50,33866,28,8430,11,24379,11,1057,27,5436,23,14712,39,20148,California
Amador,2021-06-26,11,33877,4,8434,5,24384,2,1059,7,5441,4,14716,9,20157,California
Amador,2021-06-27,22,33899,14,8448,4,24388,4,1063,11,5445,11,14727,15,20172,California
Amador,2021-06-28,46,33945,21,8469,14,24402,11,1074,21,5452,25,14752,32,20204,California
Amador,2021-06-29,45,33990,18,8487,18,24420,9,1083,21,5458,24,14776,30,20234,California
Amador,2021-06-30,45,34035,15,8502,14,24434,16,1099,20,5468,25,14801,35,20269,California
Amador,2021-07-01,29,34064,13,8515,13,24447,3,1102,14,5470,15,14816,17,20286,California
Amador,2021-07-02,31,34095,13,8528,9,24456,9,1111,16,5480,15,14831,25,20311,California
Amador,2021-07-03,17,34112,2,8530,11,24467,4,1115,10,5487,7,14838,14,20325,California
Amador,2021-07-04,5,34117,0,8530,5,24472,0,1115,5,5492,0,14838,5,20330,California
Amador,2021-07-05,28,34145,5,8535,19,24491,4,1119,15,5498,13,14851,19,20349,California
Amador,2021-07-06,28,34173,11,8546,13,24504,4,1123,12,5498,16,14867,16,20365,California
Amador,2021-07-07,22,34195,8,8554,13,24517,1,1124,11,5499,11,14878,12,20377,California
Butte,2020-12-16,3,3,3,3,0,0,0,0,3,3,0,0,3,3,California
Butte,2020-12-17,21,24,21,24,0,0,0,0,21,24,0,0,21,24,California
Butte,2020-12-18,52,76,52,76,0,0,0,0,52,76,0,0,52,76,California
Butte,2020-12-19,7,83,7,83,0,0,0,0,7,83,0,0,7,83,California
Butte,2020-12-20,10,93,10,93,0,0,0,0,10,93,0,0,10,93,California
Butte,2020-12-21,631,724,631,724,0,0,0,0,631,724,0,0,631,724,California
Butte,2020-12-22,619,1343,617,1341,2,2,0,0,619,1343,0,0,619,1343,California
Butte,2020-12-23,877,2220,861,2202,16,18,0,0,877,2220,0,0,877,2220,California
Butte,2020-12-24,159,2379,155,2357,4,22,0,0,159,2379,0,0,159,2379,California
Butte,2020-12-26,91,2470,89,2446,2,24,0,0,91,2470,0,0,91,2470,California
Butte,2020-12-27,35,2505,34,2480,1,25,0,0,35,2505,0,0,35,2505,California
Butte,2020-12-28,279,2784,273,2753,6,31,0,0,279,2784,0,0,279,2784,California
Butte,2020-12-29,205,2989,181,2934,24,55,0,0,205,2989,0,0,205,2989,California
Butte,2020-12-30,513,3502,291,3225,222,277,0,0,513,3502,0,0,513,3502,California
Butte,2020-12-31,213,3715,18,3243,195,472,0,0,213,3715,0,0,213,3715,California
Butte,2021-01-01,15,3730,6,3249,9,481,0,0,15,3730,0,0,15,3730,California
Butte,2021-01-02,40,3770,37,3286,3,484,0,0,40,3770,0,0,40,3770,California
Butte,2021-01-03,3,3773,0,3286,3,487,0,0,3,3773,0,0,3,3773,California
Butte,2021-01-04,208,3981,175,3461,33,520,0,0,208,3981,0,0,208,3981,California
Butte,2021-01-05,198,4179,152,3613,46,566,0,0,197,4177,1,1,197,4178,California
Butte,2021-01-06,627,4806,395,4008,232,798,0,0,622,4795,5,6,623,4801,California
Butte,2021-01-07,763,5569,368,4376,395,1193,0,0,743,5518,20,26,743,5544,California
Butte,2021-01-08,673,6242,531,4907,142,1335,0,0,625,6095,48,74,625,6169,California
Butte,2021-01-09,14,6256,8,4915,6,1341,0,0,8,6097,6,80,8,6177,California
Butte,2021-01-10,19,6275,5,4920,14,1355,0,0,14,6106,5,85,14,6191,California
Butte,2021-01-11,983,7258,947,5867,36,1391,0,0,356,5838,627,712,359,6550,California
Butte,2021-01-12,701,7959,655,6522,46,1437,0,0,276,5690,425,1137,277,6827,California
Butte,2021-01-13,1569,9528,1076,7598,493,1930,0,0,726,5576,842,1979,728,7555,California
Butte,2021-01-14,1638,11166,894,8492,744,2674,0,0,1441,6821,196,2175,1441,8996,California
Butte,2021-01-15,1064,12230,819,9311,245,2919,0,0,955,7666,110,2285,955,9951,California
Butte,2021-01-16,589,12819,301,9612,288,3207,0,0,544,8165,45,2330,544,10495,California
Butte,2021-01-17,240,13059,64,9676,176,3383,0,0,202,8329,38,2368,202,10697,California
Butte,2021-01-18,347,13406,305,9981,42,3425,0,0,279,8541,67,2435,279,10976,California
Butte,2021-01-19,497,13903,434,10415,63,3488,0,0,225,8494,272,2707,225,11201,California
Butte,2021-01-20,1397,15300,710,11125,687,4175,0,0,1094,9285,303,3010,1094,12295,California
Butte,2021-01-21,1496,16796,883,12008,613,4788,0,0,1388,10566,107,3117,1388,13683,California
Butte,2021-01-22,1143,17939,482,12490,661,5449,0,0,1089,11601,54,3171,1089,14772,California
Butte,2021-01-23,128,18067,85,12575,43,5492,0,0,103,11679,25,3196,103,14875,California
Butte,2021-01-24,8,18075,6,12581,2,5494,0,0,8,11687,0,3196,8,14883,California
Butte,2021-01-25,660,18735,338,12919,322,5816,0,0,497,12021,163,3359,497,15380,California
Butte,2021-01-26,1489,20224,379,13298,1110,6926,0,0,1351,13234,138,3497,1351,16731,California
Butte,2021-01-27,2110,22334,704,14002,1406,8332,0,0,1376,13877,733,4230,1376,18107,California
Butte,2021-01-28,2271,24605,262,14264,2009,10341,0,0,1958,15523,312,4542,1958,20065,California
Butte,2021-01-29,1694,26299,489,14753,1205,11546,0,0,1313,16457,379,4921,1313,21378,California
Butte,2021-01-30,32,26331,9,14762,23,11569,0,0,30,16485,2,4923,30,21408,California
Butte,2021-01-31,17,26348,15,14777,2,11571,0,0,16,16500,1,4924,16,21424,California
Butte,2021-02-01,1763,28111,405,15182,1358,12929,0,0,1368,17477,391,5315,1368,22792,California
Butte,2021-02-02,1951,30062,363,15545,1588,14517,0,0,1647,18819,305,5620,1647,24439,California
Butte,2021-02-03,2761,32823,782,16327,1979,16496,0,0,1859,19778,900,6520,1859,26298,California
Butte,2021-02-04,2979,35802,325,16652,2654,19150,0,0,2415,21632,561,7081,2415,28713,California
Butte,2021-02-05,1284,37086,674,17326,610,19760,0,0,555,21459,729,7810,556,29269,California
Butte,2021-02-06,148,37234,104,17430,44,19804,0,0,62,21435,86,7896,62,29331,California
Butte,2021-02-07,37,37271,33,17463,4,19808,0,0,14,21426,23,7919,14,29345,California
Butte,2021-02-08,700,37971,547,18010,153,19961,0,0,239,21205,460,8379,239,29584,California
Butte,2021-02-09,974,38945,463,18473,511,20472,0,0,742,21715,232,8611,742,30326,California
Butte,2021-02-10,1710,40655,1192,19665,518,20990,0,0,655,21317,1053,9664,655,30981,California
Butte,2021-02-11,2221,42876,1361,21026,860,21850,0,0,1006,21108,1216,10880,1007,31988,California
Butte,2021-02-12,1001,43877,434,21460,567,22417,0,0,323,20754,677,11557,323,32311,California
Butte,2021-02-13,254,44131,43,21503,211,22628,0,0,153,20806,101,11658,153,32464,California
Butte,2021-02-14,165,44296,10,21513,155,22783,0,0,158,20958,7,11665,159,32623,California
Butte,2021-02-15,261,44557,49,21562,212,22995,0,0,194,21085,67,11732,194,32817,California
Butte,2021-02-16,763,45320,438,22000,325,23320,0,0,303,20928,460,12192,303,33120,California
Butte,2021-02-17,1535,46855,853,22853,682,24002,0,0,852,21099,681,12873,852,33972,California
Butte,2021-02-18,1595,48450,785,23638,810,24812,0,0,775,21053,821,13694,775,34747,California
Butte,2021-02-19,1178,49628,395,24033,783,25595,0,0,403,20688,768,14462,403,35150,California
Butte,2021-02-20,489,50117,36,24069,453,26048,0,0,126,20452,362,14824,126,35276,California
Butte,2021-02-21,20,50137,17,24086,3,26051,0,0,14,20460,6,14830,14,35290,California
Butte,2021-02-22,1563,51700,316,24402,1247,27298,0,0,396,19693,1163,15993,396,35686,California
Butte,2021-02-23,1686,53386,308,24710,1378,28676,0,0,474,18963,1204,17197,474,36160,California
Butte,2021-02-24,2220,55606,634,25344,1586,30262,0,0,768,18287,1444,18641,768,36928,California
Butte,2021-02-25,2171,57777,639,25983,1532,31794,0,0,713,17552,1449,20090,714,37642,California
Butte,2021-02-26,954,58731,320,26303,634,32428,0,0,415,17432,535,20625,415,38057,California
Butte,2021-02-27,243,58974,50,26353,193,32621,0,0,191,17573,50,20675,191,38248,California
Butte,2021-02-28,147,59121,17,26370,130,32751,0,0,139,17704,8,20683,139,38387,California
Butte,2021-03-01,1641,60762,180,26550,1460,34211,1,1,337,16743,1299,21982,338,38725,California
Butte,2021-03-02,1778,62540,202,26752,1576,35787,0,1,314,15599,1459,23441,315,39040,California
Butte,2021-03-03,2810,65350,858,27610,1952,37739,0,1,493,13781,2311,25752,493,39533,California
Butte,2021-03-04,3174,68524,691,28301,2483,40222,0,1,629,11869,2541,28293,629,40162,California
Butte,2021-03-05,1366,69890,621,28922,744,40966,1,2,742,11992,620,28913,743,40905,California
Butte,2021-03-06,252,70142,27,28949,201,41167,24,26,189,12143,62,28975,213,41118,California
Butte,2021-03-07,67,70209,3,28952,41,41208,23,49,36,12171,31,29006,59,41177,California
Butte,2021-03-08,1278,71487,133,29085,1066,42274,79,128,1106,13187,169,29175,1185,42362,California
Butte,2021-03-09,1931,73418,284,29369,1544,43818,103,231,1414,14192,512,29687,1517,43879,California
Butte,2021-03-10,2336,75754,978,30347,1257,45075,101,332,1589,15141,741,30428,1690,45569,California
Butte,2021-03-11,2825,78579,1330,31677,1367,46442,128,460,1973,16402,841,31269,2102,47671,California
Butte,2021-03-12,1166,79745,334,32011,465,46907,367,827,352,16314,807,32076,719,48390,California
Butte,2021-03-13,275,80020,70,32081,144,47051,61,888,65,16229,210,32286,125,48515,California
Butte,2021-03-14,167,80187,18,32099,107,47158,42,930,23,16151,143,32429,65,48580,California
Butte,2021-03-15,1734,81921,355,32454,1085,48243,294,1224,1138,16996,587,33016,1432,50012,California
Butte,2021-03-16,1687,83608,430,32884,1179,49422,78,1302,1095,17581,587,33603,1172,51184,California
Butte,2021-03-17,1958,85566,1354,34238,523,49945,81,1383,1105,17921,845,34448,1185,52369,California
Butte,2021-03-18,1817,87383,1468,35706,221,50166,128,1511,1012,18261,799,35247,1139,53508,California
Butte,2021-03-19,699,88082,312,36018,303,50469,84,1595,337,18330,352,35599,421,53929,California
Butte,2021-03-20,207,88289,31,36049,159,50628,17,1612,97,18334,110,35709,114,54043,California
Butte,2021-03-21,73,88362,40,36089,4,50632,29,1641,24,18340,47,35756,53,54096,California
Butte,2021-03-22,1506,89868,372,36461,1039,51671,95,1736,1237,19403,268,36024,1331,55427,California
Butte,2021-03-23,1863,91731,524,36985,1225,52896,114,1850,1507,20672,352,36376,1621,57048,California
Butte,2021-03-24,2270,94001,1272,38257,872,53768,126,1976,1702,21936,563,36939,1827,58875,California
Butte,2021-03-25,1489,95490,1201,39458,196,53964,92,2068,1018,22580,466,37405,1110,59985,California
Butte,2021-03-26,1215,96705,441,39899,527,54491,247,2315,557,22734,650,38055,804,60789,California
Butte,2021-03-27,311,97016,87,39986,200,54691,24,2339,138,22724,170,38225,160,60949,California
Butte,2021-03-28,231,97247,45,40031,178,54869,8,2347,103,22709,125,38350,110,61059,California
Butte,2021-03-29,1766,99013,383,40414,1313,56182,70,2417,1342,23702,419,38769,1412,62471,California
Butte,2021-03-30,1049,100062,479,40893,479,56661,91,2508,496,23742,547,39316,587,63058,California
Butte,2021-03-31,1787,101849,1303,42196,417,57078,67,2575,1079,24189,699,40015,1146,64204,California
Butte,2021-04-01,3345,105194,2716,44912,500,57578,129,2704,2257,25496,1079,41094,2386,66590,California
Butte,2021-04-02,1016,106210,425,45337,471,58049,120,2824,571,25749,437,41531,690,67280,California
Butte,2021-04-03,347,106557,48,45385,224,58273,75,2899,164,25805,183,41714,239,67519,California
Butte,2021-04-04,193,106750,25,45410,144,58417,24,2923,112,25862,79,41793,136,67655,California
Butte,2021-04-05,1968,108718,418,45828,1379,59796,171,3094,590,25252,1369,43162,759,68414,California
Butte,2021-04-06,2217,110935,621,46449,1175,60971,421,3515,804,25071,1404,44566,1223,69637,California
Butte,2021-04-07,3047,113982,1324,47773,1328,62299,395,3910,718,23860,2323,46889,1112,70749,California
Butte,2021-04-08,2756,116738,1202,48975,1285,63584,269,4179,458,22293,2294,49183,727,71476,California
Butte,2021-04-09,1379,118117,353,49328,543,64127,483,4662,329,22054,1046,50229,807,72283,California
Butte,2021-04-10,228,118345,48,49376,79,64206,101,4763,101,22129,126,50355,201,72484,California
Butte,2021-04-11,107,118452,44,49420,53,64259,10,4773,83,22199,23,50378,93,72577,California
Butte,2021-04-12,1415,119867,315,49735,966,65225,134,4907,236,21390,1179,51557,370,72947,California
Butte,2021-04-13,1657,121524,575,50310,1076,66301,6,4913,346,20440,1302,52859,352,73299,California
Butte,2021-04-14,2855,124379,2361,52671,494,66795,0,4913,1325,20241,1525,54384,1326,74625,California
Butte,2021-04-15,648,125027,398,53069,250,67045,0,4913,485,20569,157,54541,485,75110,California
Butte,2021-04-16,817,125844,419,53488,398,67443,0,4913,482,20719,332,54873,482,75592,California
Butte,2021-04-17,346,126190,62,53550,284,67727,0,4913,243,20860,102,54975,243,75835,California
Butte,2021-04-18,55,126245,23,53573,32,67759,0,4913,42,20889,13,54988,42,75877,California
Butte,2021-04-19,1568,127813,385,53958,1183,68942,0,4913,419,20162,1146,56134,419,76296,California
Butte,2021-04-20,2038,129851,772,54730,1266,70208,0,4913,757,19646,1273,57407,757,77053,California
Butte,2021-04-21,2112,131963,1229,55959,883,71091,0,4913,488,18517,1617,59024,488,77541,California
Butte,2021-04-22,2270,134233,1984,57943,286,71377,0,4913,624,17500,1641,60665,624,78165,California
Butte,2021-04-23,971,135204,472,58415,499,71876,0,4913,490,17510,480,61145,490,78655,California
Butte,2021-04-24,349,135553,140,58555,209,72085,0,4913,188,17537,161,61306,188,78843,California
Butte,2021-04-25,174,135727,69,58624,105,72190,0,4913,65,17493,109,61415,65,78908,California
Butte,2021-04-26,1577,137304,471,59095,1101,73291,5,4918,408,16743,1163,62578,413,79321,California
Butte,2021-04-27,1039,138343,696,59791,316,73607,27,4945,587,16912,446,63024,615,79936,California
Butte,2021-04-28,1435,139778,977,60768,433,74040,25,4970,509,16525,921,63945,534,80470,California
Butte,2021-04-29,913,140691,569,61337,319,74359,25,4995,312,16267,595,64540,337,80807,California
Butte,2021-04-30,928,141619,419,61756,488,74847,21,5016,465,16298,454,64994,485,81292,California
Butte,2021-05-01,245,141864,64,61820,159,75006,22,5038,73,16221,169,65163,92,81384,California
Butte,2021-05-02,152,142016,63,61883,76,75082,13,5051,45,16171,107,65270,57,81441,California
Butte,2021-05-03,635,142651,258,62141,346,75428,31,5082,178,15933,447,65717,209,81650,California
Butte,2021-05-04,853,143504,344,62485,477,75905,32,5114,224,15566,622,66339,255,81905,California
Butte,2021-05-05,1373,144877,1120,63605,215,76120,38,5152,291,14819,1076,67415,329,82234,California
Butte,2021-05-06,969,145846,702,64307,228,76348,39,5191,368,14629,597,68012,407,82641,California
Butte,2021-05-07,582,146428,311,64618,235,76583,36,5227,297,14680,281,68293,332,82973,California
Butte,2021-05-08,187,146615,53,64671,123,76706,11,5238,91,14687,95,68388,102,83075,California
Butte,2021-05-09,103,146718,27,64698,73,76779,3,5241,54,14695,49,68437,57,83132,California
Butte,2021-05-10,538,147256,316,65014,176,76955,46,5287,214,14634,321,68758,260,83392,California
Butte,2021-05-11,916,148172,662,65676,194,77149,60,5347,296,14373,617,69375,356,83748,California
Butte,2021-05-12,784,148956,483,66159,253,77402,48,5395,333,14308,446,69821,381,84129,California
Butte,2021-05-13,949,149905,628,66787,256,77658,65,5460,349,14131,589,70410,412,84541,California
Butte,2021-05-14,871,150776,544,67331,294,77952,33,5493,380,14055,488,70898,412,84953,California
Butte,2021-05-15,509,151285,246,67577,229,78181,34,5527,239,14060,268,71166,273,85226,California
Butte,2021-05-16,167,151452,82,67659,67,78248,18,5545,98,14108,68,71234,116,85342,California
Butte,2021-05-17,770,152222,498,68157,223,78471,49,5594,331,14052,435,71669,379,85721,California
Butte,2021-05-18,1068,153290,735,68892,284,78755,49,5643,475,13989,587,72256,524,86245,California
Butte,2021-05-19,834,154124,541,69433,249,79004,44,5687,328,13860,500,72756,371,86616,California
Butte,2021-05-20,984,155108,660,70093,214,79218,110,5797,384,13756,597,73353,493,87109,California
Butte,2021-05-21,889,155997,543,70636,320,79538,26,5823,293,13482,592,73945,318,87427,California
Butte,2021-05-22,299,156296,139,70775,145,79683,15,5838,144,13488,152,74097,158,87585,California
Butte,2021-05-23,132,156428,83,70858,48,79731,1,5839,79,13515,53,74150,80,87665,California
Butte,2021-05-24,352,156780,165,71023,138,79869,49,5888,177,13567,174,74324,226,87891,California
Butte,2021-05-25,699,157479,448,71471,214,80083,37,5925,342,13596,349,74673,378,88269,California
Butte,2021-05-26,562,158041,180,71651,359,80442,23,5948,241,13547,312,74985,263,88532,California
Butte,2021-05-27,865,158906,623,72274,224,80666,18,5966,422,13550,438,75423,441,88973,California
Butte,2021-05-28,520,159426,141,72415,300,80966,79,6045,212,13536,305,75728,291,89264,California
Butte,2021-05-29,225,159651,116,72531,97,81063,12,6057,144,13611,81,75809,156,89420,California
Butte,2021-05-30,105,159756,56,72587,49,81112,0,6057,57,13620,48,75857,57,89477,California
Butte,2021-05-31,43,159799,23,72610,18,81130,2,6059,25,13629,18,75875,27,89504,California
Butte,2021-06-01,680,160479,429,73039,214,81344,37,6096,253,13497,421,76296,289,89793,California
Butte,2021-06-02,817,161296,564,73603,208,81552,45,6141,349,13427,463,76759,393,90186,California
Butte,2021-06-03,629,161925,423,74026,189,81741,17,6158,206,13230,420,77179,223,90409,California
Butte,2021-06-04,484,162409,276,74302,180,81921,28,6186,144,13069,333,77512,172,90581,California
Butte,2021-06-05,322,162731,209,74511,93,82014,20,6206,97,12963,223,77735,117,90698,California
Butte,2021-06-06,136,162867,100,74611,34,82048,2,6208,33,12896,102,77837,35,90733,California
Butte,2021-06-07,405,163272,258,74869,116,82164,31,6239,168,12858,236,78073,198,90931,California
Butte,2021-06-08,652,163924,469,75338,164,82328,19,6258,179,12595,462,78535,199,91130,California
Butte,2021-06-09,438,164362,300,75638,119,82447,19,6277,147,12477,284,78819,166,91296,California
Butte,2021-06-10,632,164994,450,76088,150,82597,32,6309,233,12343,397,79216,263,91559,California
Butte,2021-06-11,443,165437,264,76352,158,82755,21,6330,147,12217,294,79510,168,91727,California
Butte,2021-06-12,252,165689,154,76506,88,82843,10,6340,75,12126,176,79686,85,91812,California
Butte,2021-06-13,97,165786,64,76570,30,82873,3,6343,20,12072,77,79763,23,91835,California
Butte,2021-06-14,390,166176,235,76805,135,83008,20,6363,139,11982,250,80013,160,91995,California
Butte,2021-06-15,551,166727,387,77192,138,83146,26,6389,164,11791,381,80394,190,92185,California
Butte,2021-06-16,416,167143,256,77448,116,83262,44,6433,168,11757,246,80640,212,92397,California
Butte,2021-06-17,581,167724,433,77881,121,83383,27,6460,179,11562,401,81041,206,92603,California
Butte,2021-06-18,410,168134,205,78086,152,83535,53,6513,160,11524,248,81289,210,92813,California
Butte,2021-06-19,207,168341,153,78239,49,83584,5,6518,92,11506,115,81404,97,92910,California
Butte,2021-06-20,93,168434,68,78307,25,83609,0,6518,24,11461,69,81473,24,92934,California
Butte,2021-06-21,278,168712,164,78471,92,83701,22,6540,132,11471,144,81617,154,93088,California
Butte,2021-06-22,419,169131,274,78745,121,83822,24,6564,151,11382,264,81881,175,93263,California
Butte,2021-06-23,448,169579,331,79076,92,83914,25,6589,164,11287,283,82164,188,93451,California
Butte,2021-06-24,425,170004,284,79360,108,84022,33,6622,153,11201,271,82435,185,93636,California
Butte,2021-06-25,412,170416,202,79562,187,84209,23,6645,153,11119,258,82693,176,93812,California
Butte,2021-06-26,132,170548,96,79658,34,84243,2,6647,55,11099,77,82770,57,93869,California
Butte,2021-06-27,64,170612,39,79697,24,84267,1,6648,20,11076,44,82814,21,93890,California
Butte,2021-06-28,297,170909,224,79921,54,84321,19,6667,123,11045,173,82987,142,94032,California
Butte,2021-06-29,321,171230,216,80137,92,84413,13,6680,138,11015,180,83167,150,94182,California
Butte,2021-06-30,304,171534,208,80345,80,84493,16,6696,147,11022,156,83323,163,94345,California
Butte,2021-07-01,356,171890,229,80574,107,84600,20,6716,142,10971,213,83536,162,94507,California
Butte,2021-07-02,296,172186,202,80776,68,84668,26,6742,136,10976,157,83693,162,94669,California
Butte,2021-07-03,122,172308,83,80859,37,84705,2,6744,51,10959,70,83763,53,94722,California
Butte,2021-07-04,3,172311,2,80861,1,84706,0,6744,0,10957,2,83765,0,94722,California
Butte,2021-07-05,149,172460,99,80960,40,84746,10,6754,63,10948,82,83847,73,94795,California
Butte,2021-07-06,333,172793,250,81210,68,84814,15,6769,114,10860,218,84065,130,94925,California
Butte,2021-07-07,214,173007,158,81368,49,84863,7,6776,77,10808,136,84201,84,95009,California
Calaveras,2020-12-16,10,10,10,10,0,0,0,0,10,10,0,0,10,10,California
Calaveras,2020-12-17,6,16,6,16,0,0,0,0,6,16,0,0,6,16,California
Calaveras,2020-12-18,39,55,39,55,0,0,0,0,39,55,0,0,39,55,California
Calaveras,2020-12-19,4,59,4,59,0,0,0,0,4,59,0,0,4,59,California
Calaveras,2020-12-20,4,63,4,63,0,0,0,0,4,63,0,0,4,63,California
Calaveras,2020-12-21,54,117,47,110,7,7,0,0,54,117,0,0,54,117,California
Calaveras,2020-12-22,84,201,80,190,4,11,0,0,85,202,0,0,85,202,California
Calaveras,2020-12-23,76,277,74,264,2,13,0,0,76,278,0,0,76,278,California
Calaveras,2020-12-24,2,279,2,266,0,13,0,0,2,280,0,0,2,280,California
Calaveras,2020-12-26,3,282,3,269,0,13,0,0,3,283,0,0,3,283,California
Calaveras,2020-12-27,1,283,1,270,0,13,0,0,1,284,0,0,1,284,California
Calaveras,2020-12-28,22,305,18,288,4,17,0,0,21,304,1,1,21,305,California
Calaveras,2020-12-29,160,465,138,426,22,39,0,0,160,464,0,1,160,465,California
Calaveras,2020-12-30,94,559,82,508,12,51,0,0,94,558,0,1,94,559,California
Calaveras,2020-12-31,37,596,26,534,11,62,0,0,37,595,0,1,37,596,California
Calaveras,2021-01-02,12,608,12,546,0,62,0,0,12,607,0,1,12,608,California
Calaveras,2021-01-03,10,618,4,550,6,68,0,0,10,617,0,1,10,618,California
Calaveras,2021-01-04,33,651,5,555,28,96,0,0,33,650,0,1,33,651,California
Calaveras,2021-01-05,43,694,10,565,33,129,0,0,32,676,11,12,37,688,California
Calaveras,2021-01-06,107,801,30,595,77,206,0,0,97,763,10,22,97,785,California
Calaveras,2021-01-07,108,909,28,623,80,286,0,0,93,844,13,35,94,879,California
Calaveras,2021-01-08,74,983,44,667,30,316,0,0,46,864,28,63,48,927,California
Calaveras,2021-01-09,5,988,5,672,0,316,0,0,2,863,3,66,2,929,California
Calaveras,2021-01-10,2,990,0,672,2,318,0,0,2,865,0,66,2,931,California
Calaveras,2021-01-11,66,1056,60,732,6,324,0,0,27,856,38,104,29,960,California
Calaveras,2021-01-12,89,1145,56,788,33,357,0,0,52,872,37,141,53,1013,California
Calaveras,2021-01-13,110,1255,46,834,64,421,0,0,75,913,35,176,76,1089,California
Calaveras,2021-01-14,144,1399,45,879,99,520,0,0,110,991,33,209,111,1200,California
Calaveras,2021-01-15,94,1493,28,907,66,586,0,0,74,1045,20,229,74,1274,California
Calaveras,2021-01-16,13,1506,2,909,11,597,0,0,12,1056,1,230,12,1286,California
Calaveras,2021-01-17,10,1516,2,911,8,605,0,0,9,1064,1,231,9,1295,California
Calaveras,2021-01-18,138,1654,21,932,117,722,0,0,122,1174,16,247,126,1421,California
Calaveras,2021-01-19,209,1863,177,1109,32,754,0,0,71,1110,137,384,73,1494,California
Calaveras,2021-01-20,383,2246,82,1191,301,1055,0,0,288,1322,94,478,306,1800,California
Calaveras,2021-01-21,468,2714,42,1233,426,1481,0,0,426,1724,42,520,444,2244,California
Calaveras,2021-01-22,407,3121,25,1258,382,1863,0,0,389,2109,18,538,403,2647,California
Calaveras,2021-01-23,21,3142,10,1268,11,1874,0,0,19,2126,2,540,19,2666,California
Calaveras,2021-01-24,14,3156,8,1276,6,1880,0,0,12,2136,2,542,12,2678,California
Calaveras,2021-01-25,89,3245,7,1283,82,1962,0,0,84,2215,5,547,84,2762,California
Calaveras,2021-01-26,51,3296,16,1299,35,1997,0,0,42,2248,9,556,42,2804,California
Calaveras,2021-01-27,141,3437,47,1346,94,2091,0,0,112,2332,28,584,112,2916,California
Calaveras,2021-01-28,165,3602,25,1371,140,2231,0,0,136,2446,29,613,143,3059,California
Calaveras,2021-01-29,399,4001,14,1385,385,2616,0,0,364,2791,35,648,380,3439,California
Calaveras,2021-01-30,27,4028,10,1395,17,2633,0,0,25,2816,0,648,25,3464,California
Calaveras,2021-01-31,6,4034,4,1399,2,2635,0,0,5,2820,1,649,5,3469,California
Calaveras,2021-02-01,31,4065,12,1411,19,2654,0,0,22,2833,9,658,22,3491,California
Calaveras,2021-02-02,113,4178,24,1435,89,2743,0,0,74,2874,34,692,75,3566,California
Calaveras,2021-02-03,444,4622,44,1479,400,3143,0,0,359,3151,84,776,361,3927,California
Calaveras,2021-02-04,391,5013,26,1505,365,3508,0,0,305,3373,86,862,308,4235,California
Calaveras,2021-02-05,81,5094,22,1527,59,3567,0,0,42,3377,39,901,43,4278,California
Calaveras,2021-02-06,22,5116,12,1539,10,3577,0,0,22,3399,0,901,22,4300,California
Calaveras,2021-02-07,6,5122,1,1540,5,3582,0,0,2,3399,2,903,2,4302,California
Calaveras,2021-02-08,42,5164,19,1559,23,3605,0,0,34,3427,6,909,34,4336,California
Calaveras,2021-02-09,200,5364,78,1637,122,3727,0,0,137,3504,61,970,138,4474,California
Calaveras,2021-02-10,519,5883,33,1670,486,4213,0,0,444,3882,75,1045,453,4927,California
Calaveras,2021-02-11,602,6485,91,1761,511,4724,0,0,481,4258,118,1163,494,5421,California
Calaveras,2021-02-12,579,7064,326,2087,253,4977,0,0,492,4675,85,1248,502,5923,California
Calaveras,2021-02-13,205,7269,47,2134,158,5135,0,0,188,4847,16,1264,188,6111,California
Calaveras,2021-02-14,223,7492,71,2205,152,5287,0,0,207,5040,14,1278,207,6318,California
Calaveras,2021-02-15,389,7881,25,2230,364,5651,0,0,265,5186,119,1397,265,6583,California
Calaveras,2021-02-16,272,8153,146,2376,126,5777,0,0,233,5383,39,1436,236,6819,California
Calaveras,2021-02-17,518,8671,40,2416,478,6255,0,0,205,5300,293,1729,210,7029,California
Calaveras,2021-02-18,507,9178,96,2512,411,6666,0,0,98,5014,385,2114,99,7128,California
Calaveras,2021-02-19,443,9621,43,2555,400,7066,0,0,99,4785,328,2442,99,7227,California
Calaveras,2021-02-20,59,9680,15,2570,44,7110,0,0,49,4824,10,2452,49,7276,California
Calaveras,2021-02-21,27,9707,16,2586,11,7121,0,0,20,4838,6,2458,20,7296,California
Calaveras,2021-02-22,63,9770,38,2624,25,7146,0,0,33,4841,30,2488,33,7329,California
Calaveras,2021-02-23,137,9907,49,2673,88,7234,0,0,95,4895,42,2530,96,7425,California
Calaveras,2021-02-24,102,10009,48,2721,54,7288,0,0,68,4931,32,2562,68,7493,California
Calaveras,2021-02-25,557,10566,104,2825,453,7741,0,0,355,5102,192,2754,363,7856,California
Calaveras,2021-02-26,786,11352,46,2871,740,8481,0,0,376,5095,385,3139,378,8234,California
Calaveras,2021-02-27,209,11561,26,2897,183,8664,0,0,184,5254,25,3164,184,8418,California
Calaveras,2021-02-28,96,11657,15,2912,81,8745,0,0,91,5340,5,3169,91,8509,California
Calaveras,2021-03-01,253,11910,48,2960,205,8950,0,0,155,5403,93,3262,156,8665,California
Calaveras,2021-03-02,262,12172,105,3065,157,9107,0,0,208,5562,51,3313,210,8875,California
Calaveras,2021-03-03,574,12746,109,3174,465,9572,0,0,218,5431,350,3663,219,9094,California
Calaveras,2021-03-04,756,13502,70,3244,685,10257,1,1,352,5391,394,4057,354,9448,California
Calaveras,2021-03-05,463,13965,272,3516,187,10444,4,5,146,5238,303,4360,150,9598,California
Calaveras,2021-03-06,155,14120,43,3559,106,10550,6,11,114,5318,41,4401,121,9719,California
Calaveras,2021-03-07,82,14202,33,3592,41,10591,8,19,39,5322,43,4444,47,9766,California
Calaveras,2021-03-08,168,14370,31,3623,129,10720,8,27,130,5424,36,4480,138,9904,California
Calaveras,2021-03-09,382,14752,143,3766,233,10953,6,33,35,5124,341,4821,41,9945,California
Calaveras,2021-03-10,432,15184,35,3801,394,11347,3,36,58,4822,363,5184,61,10006,California
Calaveras,2021-03-11,884,16068,441,4242,430,11777,13,49,437,4843,431,5615,452,10458,California
Calaveras,2021-03-12,430,16498,224,4466,196,11973,10,59,324,5084,103,5718,344,10802,California
Calaveras,2021-03-13,192,16690,19,4485,165,12138,8,67,139,5184,51,5769,151,10953,California
Calaveras,2021-03-14,161,16851,11,4496,149,12287,1,68,18,5066,143,5912,25,10978,California
Calaveras,2021-03-15,337,17188,50,4546,261,12548,26,94,55,4870,281,6193,85,11063,California
Calaveras,2021-03-16,701,17889,562,5108,119,12667,20,114,554,5299,145,6338,574,11637,California
Calaveras,2021-03-17,290,18179,53,5161,223,12890,14,128,52,5135,231,6569,67,11704,California
Calaveras,2021-03-18,674,18853,575,5736,83,12973,16,144,548,5577,125,6694,567,12271,California
Calaveras,2021-03-19,237,19090,52,5788,110,13083,75,219,59,5535,174,6868,132,12403,California
Calaveras,2021-03-20,83,19173,23,5811,59,13142,1,220,23,5500,60,6928,25,12428,California
Calaveras,2021-03-21,47,19220,29,5840,7,13149,11,231,9,5484,37,6965,21,12449,California
Calaveras,2021-03-22,83,19303,39,5879,23,13172,21,252,26,5474,57,7022,47,12496,California
Calaveras,2021-03-23,299,19602,205,6084,84,13256,10,262,118,5432,169,7191,127,12623,California
Calaveras,2021-03-24,135,19737,51,6135,74,13330,10,272,44,5397,89,7280,54,12677,California
Calaveras,2021-03-25,754,20491,108,6243,642,13972,4,276,452,5562,291,7571,456,13133,California
Calaveras,2021-03-26,439,20930,30,6273,402,14374,7,283,91,5321,341,7912,100,13233,California
Calaveras,2021-03-27,212,21142,21,6294,187,14561,4,287,38,5194,171,8083,44,13277,California
Calaveras,2021-03-28,112,21254,12,6306,97,14658,3,290,8,5103,103,8186,12,13289,California
Calaveras,2021-03-29,187,21441,23,6329,161,14819,3,293,60,5045,122,8308,64,13353,California
Calaveras,2021-03-30,541,21982,26,6355,498,15317,17,310,361,5244,179,8487,378,13731,California
Calaveras,2021-03-31,329,22311,144,6499,175,15492,10,320,159,5247,167,8654,170,13901,California
Calaveras,2021-04-01,696,23007,449,6948,246,15738,1,321,184,4928,508,9162,189,14090,California
Calaveras,2021-04-02,401,23408,234,7182,159,15897,8,329,116,4777,277,9439,126,14216,California
Calaveras,2021-04-03,145,23553,36,7218,105,16002,4,333,41,4718,104,9543,45,14261,California
Calaveras,2021-04-04,83,23636,27,7245,56,16058,0,333,51,4737,32,9575,51,14312,California
Calaveras,2021-04-05,212,23848,80,7325,122,16180,10,343,97,4729,115,9690,107,14419,California
Calaveras,2021-04-06,664,24512,581,7906,69,16249,14,357,115,4313,545,10235,129,14548,California
Calaveras,2021-04-07,762,25274,664,8570,61,16310,37,394,621,4832,140,10375,659,15207,California
Calaveras,2021-04-08,950,26224,857,9427,70,16380,23,417,432,4774,514,10889,456,15663,California
Calaveras,2021-04-09,158,26382,60,9487,49,16429,49,466,55,4778,99,10988,103,15766,California
Calaveras,2021-04-10,196,26578,44,9531,133,16562,19,485,150,4903,45,11033,170,15936,California
Calaveras,2021-04-11,70,26648,45,9576,23,16585,2,487,49,4933,21,11054,51,15987,California
Calaveras,2021-04-12,106,26754,46,9622,41,16626,19,506,56,4959,50,11104,76,16063,California
Calaveras,2021-04-13,427,27181,371,9993,56,16682,0,506,365,5265,61,11165,367,16430,California
Calaveras,2021-04-14,186,27367,28,10021,158,16840,0,506,136,5353,49,11214,137,16567,California
Calaveras,2021-04-15,335,27702,284,10305,51,16891,0,506,244,5511,86,11300,244,16811,California
Calaveras,2021-04-16,109,27811,32,10337,77,16968,0,506,50,5509,52,11352,50,16861,California
Calaveras,2021-04-17,333,28144,128,10465,205,17173,0,506,290,5756,43,11395,290,17151,California
Calaveras,2021-04-18,18,28162,5,10470,13,17186,0,506,11,5760,7,11402,11,17162,California
Calaveras,2021-04-19,76,28238,27,10497,49,17235,0,506,44,5774,31,11433,45,17207,California
Calaveras,2021-04-20,270,28508,93,10590,177,17412,0,506,197,5904,67,11500,197,17404,California
Calaveras,2021-04-21,219,28727,148,10738,71,17483,0,506,84,5857,132,11632,85,17489,California
Calaveras,2021-04-22,547,29274,98,10836,449,17932,0,506,143,5602,400,12032,145,17634,California
Calaveras,2021-04-23,162,29436,81,10917,81,18013,0,506,64,5571,95,12127,64,17698,California
Calaveras,2021-04-24,173,29609,38,10955,135,18148,0,506,129,5658,43,12170,130,17828,California
Calaveras,2021-04-25,43,29652,27,10982,16,18164,0,506,23,5663,20,12190,25,17853,California
Calaveras,2021-04-26,119,29771,74,11056,45,18209,0,506,35,5616,83,12273,36,17889,California
Calaveras,2021-04-27,444,30215,72,11128,359,18568,13,519,57,5304,382,12655,70,17959,California
Calaveras,2021-04-28,650,30865,580,11708,39,18607,31,550,55,4806,591,13246,93,18052,California
Calaveras,2021-04-29,519,31384,443,12151,57,18664,19,569,71,4456,444,13690,94,18146,California
Calaveras,2021-04-30,156,31540,62,12213,89,18753,5,574,71,4454,84,13774,82,18228,California
Calaveras,2021-05-01,203,31743,112,12325,88,18841,3,577,134,4528,67,13841,141,18369,California
Calaveras,2021-05-02,54,31797,37,12362,16,18857,1,578,20,4518,32,13873,22,18391,California
Calaveras,2021-05-03,95,31892,70,12432,20,18877,5,583,30,4493,64,13937,39,18430,California
Calaveras,2021-05-04,420,32312,329,12761,54,18931,37,620,45,4202,374,14311,83,18513,California
Calaveras,2021-05-05,112,32424,57,12818,23,18954,32,652,50,4223,60,14371,81,18594,California
Calaveras,2021-05-06,256,32680,194,13012,38,18992,24,676,47,4088,207,14578,72,18666,California
Calaveras,2021-05-07,89,32769,25,13037,58,19050,6,682,58,4121,31,14609,64,18730,California
Calaveras,2021-05-08,291,33060,142,13179,146,19196,3,685,90,4017,197,14806,93,18823,California
Calaveras,2021-05-09,28,33088,12,13191,13,19209,3,688,13,4018,15,14821,16,18839,California
Calaveras,2021-05-10,64,33152,29,13220,34,19243,1,689,28,4014,34,14855,30,18869,California
Calaveras,2021-05-11,136,33288,91,13311,33,19276,12,701,95,4082,40,14895,108,18977,California
Calaveras,2021-05-12,172,33460,50,13361,122,19398,0,701,53,4018,118,15013,54,19031,California
Calaveras,2021-05-13,123,33583,66,13427,42,19440,15,716,66,4045,55,15068,82,19113,California
Calaveras,2021-05-14,148,33731,92,13519,53,19493,3,719,99,4099,48,15116,102,19215,California
Calaveras,2021-05-15,267,33998,96,13615,168,19661,3,722,106,4053,155,15271,109,19324,California
Calaveras,2021-05-16,30,34028,12,13627,18,19679,0,722,14,4052,16,15287,15,19339,California
Calaveras,2021-05-17,90,34118,42,13669,41,19720,7,729,47,4065,42,15329,55,19394,California
Calaveras,2021-05-18,228,34346,62,13731,144,19864,22,751,73,4006,154,15483,95,19489,California
Calaveras,2021-05-19,151,34497,63,13794,84,19948,4,755,72,4005,78,15561,77,19566,California
Calaveras,2021-05-20,203,34700,80,13874,97,20045,26,781,66,3962,134,15695,91,19657,California
Calaveras,2021-05-21,97,34797,55,13929,38,20083,4,785,58,3985,38,15733,61,19718,California
Calaveras,2021-05-22,301,35098,160,14089,141,20224,0,785,148,3981,152,15885,148,19866,California
Calaveras,2021-05-23,32,35130,16,14105,16,20240,0,785,13,3975,19,15904,13,19879,California
Calaveras,2021-05-24,76,35206,40,14145,20,20260,16,801,32,3980,44,15948,49,19928,California
Calaveras,2021-05-25,125,35331,48,14193,60,20320,17,818,56,3984,69,16017,73,20001,California
Calaveras,2021-05-26,121,35452,87,14280,30,20350,4,822,83,4033,37,16054,86,20087,California
Calaveras,2021-05-27,86,35538,44,14324,38,20388,4,826,30,4015,53,16107,35,20122,California
Calaveras,2021-05-28,85,35623,44,14368,37,20425,4,830,39,4012,46,16153,43,20165,California
Calaveras,2021-05-29,69,35692,23,14391,41,20466,5,835,33,4015,36,16189,39,20204,California
Calaveras,2021-05-30,36,35728,14,14405,17,20483,5,840,11,4006,25,16214,16,20220,California
Calaveras,2021-05-31,5,35733,0,14405,3,20486,2,842,0,4003,5,16219,2,20222,California
Calaveras,2021-06-01,146,35879,97,14502,43,20529,6,848,44,3951,102,16321,50,20272,California
Calaveras,2021-06-02,86,35965,55,14557,27,20556,4,852,37,3943,49,16370,41,20313,California
Calaveras,2021-06-03,93,36058,55,14612,31,20587,7,859,42,3945,49,16419,51,20364,California
Calaveras,2021-06-04,139,36197,93,14705,34,20621,12,871,36,3890,103,16522,48,20412,California
Calaveras,2021-06-05,85,36282,28,14733,55,20676,2,873,34,3876,50,16572,36,20448,California
Calaveras,2021-06-06,40,36322,28,14761,9,20685,3,876,21,3881,19,16591,24,20472,California
Calaveras,2021-06-07,62,36384,45,14806,9,20694,8,884,25,3878,36,16627,33,20505,California
Calaveras,2021-06-08,125,36509,79,14885,39,20733,7,891,57,3876,66,16693,64,20569,California
Calaveras,2021-06-09,95,36604,51,14936,38,20771,6,897,30,3849,65,16758,38,20607,California
Calaveras,2021-06-10,119,36723,58,14994,52,20823,9,906,41,3823,76,16834,50,20657,California
Calaveras,2021-06-11,104,36827,59,15053,40,20863,5,911,33,3790,71,16905,38,20695,California
Calaveras,2021-06-12,63,36890,37,15090,24,20887,2,913,20,3770,43,16948,23,20718,California
Calaveras,2021-06-13,31,36921,18,15108,9,20896,4,917,8,3759,23,16971,12,20730,California
Calaveras,2021-06-14,59,36980,39,15147,16,20912,4,921,22,3750,37,17008,28,20758,California
Calaveras,2021-06-15,90,37070,55,15202,26,20938,9,930,23,3716,67,17075,33,20791,California
Calaveras,2021-06-16,179,37249,138,15340,27,20965,14,944,39,3630,139,17214,53,20844,California
Calaveras,2021-06-17,60,37309,32,15372,23,20988,5,949,24,3626,33,17247,29,20873,California
Calaveras,2021-06-18,60,37369,41,15413,15,21003,4,953,25,3620,35,17282,29,20902,California
Calaveras,2021-06-19,66,37435,23,15436,26,21029,17,970,23,3617,43,17325,40,20942,California
Calaveras,2021-06-20,6,37441,2,15438,3,21032,1,971,2,3616,4,17329,3,20945,California
Calaveras,2021-06-21,39,37480,15,15453,18,21050,6,977,24,3632,15,17344,31,20976,California
Calaveras,2021-06-22,63,37543,32,15485,29,21079,2,979,28,3630,33,17377,31,21007,California
Calaveras,2021-06-23,59,37602,34,15519,18,21097,7,986,25,3628,34,17411,32,21039,California
Calaveras,2021-06-24,62,37664,30,15549,30,21127,2,988,30,3628,32,17443,32,21071,California
Calaveras,2021-06-25,51,37715,31,15580,12,21139,8,996,21,3627,30,17473,29,21100,California
Calaveras,2021-06-26,33,37748,16,15596,15,21154,2,998,20,3637,13,17486,23,21123,California
Calaveras,2021-06-27,18,37766,16,15612,1,21155,1,999,8,3636,10,17496,9,21132,California
Calaveras,2021-06-28,42,37808,24,15636,13,21168,5,1004,18,3636,24,17520,24,21156,California
Calaveras,2021-06-29,53,37861,41,15677,9,21177,3,1007,22,3630,31,17551,25,21181,California
Calaveras,2021-06-30,39,37900,22,15699,9,21186,8,1015,18,3635,21,17572,26,21207,California
Calaveras,2021-07-01,37,37937,21,15720,11,21197,5,1020,17,3638,19,17591,22,21229,California
Calaveras,2021-07-02,39,37976,29,15749,8,21205,2,1022,23,3647,16,17607,25,21254,California
Calaveras,2021-07-03,21,37997,15,15764,5,21210,1,1023,11,3649,10,17617,12,21266,California
Calaveras,2021-07-04,3,38000,1,15765,2,21212,0,1023,3,3652,0,17617,3,21269,California
Calaveras,2021-07-05,25,38025,15,15780,7,21219,3,1026,5,3641,20,17637,9,21278,California
Calaveras,2021-07-06,62,38087,23,15803,23,21242,16,1042,29,3653,33,17670,45,21323,California
Calaveras,2021-07-07,37,38124,21,15824,13,21255,3,1045,18,3656,18,17688,21,21344,California
Colusa,2020-12-18,1,1,1,1,0,0,0,0,1,1,0,0,1,1,California
Colusa,2020-12-21,2,3,2,3,0,0,0,0,2,3,0,0,2,3,California
Colusa,2020-12-22,10,13,10,13,0,0,0,0,10,13,0,0,10,13,California
Colusa,2020-12-23,10,23,10,23,0,0,0,0,10,23,0,0,10,23,California
Colusa,2020-12-24,2,25,1,24,1,1,0,0,2,25,0,0,2,25,California
Colusa,2020-12-27,1,26,1,25,0,1,0,0,1,26,0,0,1,26,California
Colusa,2020-12-28,7,33,3,28,4,5,0,0,7,33,0,0,7,33,California
Colusa,2020-12-29,10,43,8,36,2,7,0,0,10,43,0,0,10,43,California
Colusa,2020-12-30,51,94,14,50,37,44,0,0,51,94,0,0,51,94,California
Colusa,2020-12-31,18,112,1,51,17,61,0,0,18,112,0,0,18,112,California
Colusa,2021-01-04,3,115,0,51,3,64,0,0,3,115,0,0,3,115,California
Colusa,2021-01-05,68,183,1,52,67,131,0,0,68,183,0,0,68,183,California
Colusa,2021-01-06,15,198,9,61,6,137,0,0,15,198,0,0,15,198,California
Colusa,2021-01-07,40,238,5,66,35,172,0,0,39,236,1,1,39,237,California
Colusa,2021-01-08,9,247,7,73,2,174,0,0,8,243,1,2,8,245,California
Colusa,2021-01-09,2,249,1,74,1,175,0,0,2,245,0,2,2,247,California
Colusa,2021-01-10,1,250,0,74,1,176,0,0,1,246,0,2,1,248,California
Colusa,2021-01-11,12,262,6,80,6,182,0,0,7,248,5,7,7,255,California
Colusa,2021-01-12,11,273,9,89,2,184,0,0,6,249,5,12,6,261,California
Colusa,2021-01-13,21,294,13,102,8,192,0,0,13,254,8,20,13,274,California
Colusa,2021-01-14,36,330,29,131,7,199,0,0,34,286,2,22,34,308,California
Colusa,2021-01-15,42,372,5,136,37,236,0,0,40,324,2,24,40,348,California
Colusa,2021-01-16,12,384,1,137,11,247,0,0,11,334,1,25,11,359,California
Colusa,2021-01-17,3,387,2,139,1,248,0,0,2,335,1,26,2,361,California
Colusa,2021-01-18,4,391,0,139,4,252,0,0,4,339,0,26,4,365,California
Colusa,2021-01-19,9,400,8,147,1,253,0,0,5,340,4,30,5,370,California
Colusa,2021-01-20,115,515,101,248,14,267,0,0,101,427,14,44,101,471,California
Colusa,2021-01-21,59,574,44,292,15,282,0,0,58,484,1,45,58,529,California
Colusa,2021-01-22,40,614,17,309,23,305,0,0,35,514,5,50,35,564,California
Colusa,2021-01-23,35,649,6,315,29,334,0,0,35,549,0,50,35,599,California
Colusa,2021-01-25,7,656,0,315,7,341,0,0,7,556,0,50,7,606,California
Colusa,2021-01-26,8,664,5,320,3,344,0,0,5,558,3,53,5,611,California
Colusa,2021-01-27,110,774,31,351,79,423,0,0,108,664,2,55,108,719,California
Colusa,2021-01-28,84,858,48,399,36,459,0,0,75,730,9,64,75,794,California
Colusa,2021-01-29,42,900,7,406,35,494,0,0,41,770,1,65,41,835,California
Colusa,2021-01-30,27,927,4,410,23,517,0,0,27,797,0,65,27,862,California
Colusa,2021-01-31,7,934,7,417,0,517,0,0,7,804,0,65,7,869,California
Colusa,2021-02-01,27,961,10,427,17,534,0,0,22,821,5,70,22,891,California
Colusa,2021-02-02,42,1003,8,435,34,568,0,0,36,851,6,76,36,927,California
Colusa,2021-02-03,74,1077,10,445,64,632,0,0,62,901,12,88,62,989,California
Colusa,2021-02-04,143,1220,81,526,62,694,0,0,114,986,29,117,114,1103,California
Colusa,2021-02-05,33,1253,9,535,24,718,0,0,30,1013,3,120,30,1133,California
Colusa,2021-02-06,285,1538,9,544,276,994,0,0,274,1276,11,131,274,1407,California
Colusa,2021-02-07,2,1540,1,545,1,995,0,0,0,1274,2,133,0,1407,California
Colusa,2021-02-08,40,1580,5,550,35,1030,0,0,37,1308,3,136,37,1444,California
Colusa,2021-02-09,231,1811,14,564,217,1247,0,0,176,1429,55,191,176,1620,California
Colusa,2021-02-10,118,1929,42,606,76,1323,0,0,74,1459,44,235,74,1694,California
Colusa,2021-02-11,107,2036,44,650,63,1386,0,0,80,1512,27,262,80,1774,California
Colusa,2021-02-12,117,2153,9,659,108,1494,0,0,78,1550,40,302,78,1852,California
Colusa,2021-02-13,60,2213,8,667,52,1546,0,0,52,1594,8,310,52,1904,California
Colusa,2021-02-14,20,2233,8,675,12,1558,0,0,14,1602,6,316,14,1918,California
Colusa,2021-02-15,46,2279,10,685,36,1594,0,0,39,1634,7,323,39,1957,California
Colusa,2021-02-16,69,2348,4,689,65,1659,0,0,68,1701,1,324,68,2025,California
Colusa,2021-02-17,209,2557,143,832,66,1725,0,0,62,1616,147,471,62,2087,California
Colusa,2021-02-18,139,2696,39,871,100,1825,0,0,116,1709,23,494,116,2203,California
Colusa,2021-02-19,157,2853,19,890,138,1963,0,0,131,1814,26,520,131,2334,California
Colusa,2021-02-20,32,2885,6,896,26,1989,0,0,13,1808,19,539,13,2347,California
Colusa,2021-02-21,4,2889,2,898,2,1991,0,0,2,1808,2,541,2,2349,California
Colusa,2021-02-22,45,2934,27,925,18,2009,0,0,30,1823,15,556,30,2379,California
Colusa,2021-02-23,21,2955,6,931,15,2024,0,0,17,1836,4,560,17,2396,California
Colusa,2021-02-24,308,3263,55,986,253,2277,0,0,159,1846,149,709,159,2555,California
Colusa,2021-02-25,117,3380,64,1050,53,2330,0,0,78,1885,39,748,78,2633,California
Colusa,2021-02-26,100,3480,15,1065,85,2415,0,0,60,1905,40,788,60,2693,California
Colusa,2021-02-27,57,3537,4,1069,53,2468,0,0,42,1932,15,803,42,2735,California
Colusa,2021-02-28,27,3564,15,1084,12,2480,0,0,18,1941,9,812,18,2753,California
Colusa,2021-03-01,46,3610,15,1099,31,2511,0,0,29,1953,17,829,29,2782,California
Colusa,2021-03-02,50,3660,13,1112,37,2548,0,0,26,1955,24,853,26,2808,California
Colusa,2021-03-03,253,3913,46,1158,207,2755,0,0,193,2088,60,913,193,3001,California
Colusa,2021-03-04,147,4060,60,1218,87,2842,0,0,77,2095,70,983,77,3078,California
Colusa,2021-03-05,111,4171,25,1243,77,2919,9,9,54,2101,57,1040,63,3141,California
Colusa,2021-03-06,276,4447,9,1252,267,3186,0,9,39,1903,237,1277,39,3180,California
Colusa,2021-03-07,9,4456,5,1257,4,3190,0,9,7,1908,2,1279,7,3187,California
Colusa,2021-03-08,107,4563,21,1278,51,3241,35,44,48,1933,58,1337,83,3270,California
Colusa,2021-03-09,288,4851,74,1352,191,3432,23,67,94,1856,194,1531,117,3387,California
Colusa,2021-03-10,310,5161,38,1390,236,3668,36,103,211,2004,99,1630,247,3634,California
Colusa,2021-03-11,437,5598,63,1453,353,4021,21,124,340,2266,97,1727,359,3993,California
Colusa,2021-03-12,111,5709,18,1471,80,4101,13,137,20,2208,91,1818,33,4026,California
Colusa,2021-03-13,68,5777,16,1487,43,4144,9,146,21,2191,47,1865,30,4056,California
Colusa,2021-03-14,21,5798,0,1487,19,4163,2,148,5,2183,15,1880,7,4063,California
Colusa,2021-03-15,80,5878,28,1515,44,4207,8,156,24,2159,56,1936,32,4095,California
Colusa,2021-03-16,298,6176,16,1531,236,4443,46,202,189,2285,109,2045,235,4330,California
Colusa,2021-03-17,195,6371,49,1580,146,4589,0,202,106,2302,89,2134,106,4436,California
Colusa,2021-03-18,326,6697,39,1619,216,4805,71,273,194,2436,132,2266,266,4702,California
Colusa,2021-03-19,79,6776,20,1639,57,4862,2,275,52,2463,27,2293,54,4756,California
Colusa,2021-03-20,52,6828,8,1647,43,4905,1,276,38,2488,14,2307,39,4795,California
Colusa,2021-03-21,6,6834,4,1651,2,4907,0,276,1,2484,5,2312,1,4796,California
Colusa,2021-03-22,62,6896,10,1661,43,4950,9,285,40,2511,22,2334,49,4845,California
Colusa,2021-03-23,82,6978,16,1677,64,5014,2,287,56,2543,26,2360,58,4903,California
Colusa,2021-03-24,339,7317,57,1734,276,5290,6,293,65,2339,274,2634,70,4973,California
Colusa,2021-03-25,111,7428,62,1796,44,5334,5,298,52,2337,59,2693,57,5030,California
Colusa,2021-03-26,300,7728,47,1843,249,5583,4,302,247,2535,53,2746,251,5281,California
Colusa,2021-03-27,63,7791,5,1848,58,5641,0,302,24,2520,39,2785,24,5305,California
Colusa,2021-03-28,16,7807,7,1855,9,5650,0,302,7,2518,9,2794,7,5312,California
Colusa,2021-03-29,71,7878,19,1874,46,5696,6,308,30,2513,41,2835,36,5348,California
Colusa,2021-03-30,151,8029,82,1956,67,5763,2,310,72,2508,79,2914,74,5422,California
Colusa,2021-03-31,233,8262,40,1996,193,5956,0,310,65,2406,167,3081,65,5487,California
Colusa,2021-04-01,436,8698,74,2070,307,6263,55,365,310,2645,125,3206,364,5851,California
Colusa,2021-04-02,82,8780,14,2084,54,6317,14,379,38,2653,44,3250,52,5903,California
Colusa,2021-04-03,62,8842,10,2094,29,6346,23,402,14,2641,48,3298,36,5939,California
Colusa,2021-04-04,18,8860,0,2094,8,6354,10,412,3,2639,15,3313,13,5952,California
Colusa,2021-04-05,99,8959,27,2121,56,6410,16,428,34,2624,65,3378,50,6002,California
Colusa,2021-04-06,130,9089,35,2156,45,6455,50,478,35,2614,95,3473,85,6087,California
Colusa,2021-04-07,357,9446,42,2198,292,6747,23,501,125,2532,231,3704,149,6236,California
Colusa,2021-04-08,429,9875,34,2232,367,7114,28,529,117,2368,309,4013,145,6381,California
Colusa,2021-04-09,77,9952,21,2253,32,7146,24,553,28,2371,49,4062,52,6433,California
Colusa,2021-04-10,45,9997,10,2263,14,7160,21,574,8,2363,37,4099,29,6462,California
Colusa,2021-04-11,16,10013,3,2266,11,7171,2,576,8,2365,8,4107,10,6472,California
Colusa,2021-04-12,32,10045,3,2269,29,7200,0,576,15,2363,17,4124,15,6487,California
Colusa,2021-04-13,280,10325,23,2292,257,7457,0,576,95,2274,184,4308,95,6582,California
Colusa,2021-04-14,97,10422,20,2312,77,7534,0,576,35,2247,62,4370,35,6617,California
Colusa,2021-04-15,325,10747,48,2360,277,7811,0,576,130,2182,195,4565,130,6747,California
Colusa,2021-04-16,80,10827,11,2371,69,7880,0,576,35,2173,44,4609,35,6782,California
Colusa,2021-04-17,54,10881,7,2378,47,7927,0,576,30,2179,24,4633,30,6812,California
Colusa,2021-04-18,9,10890,2,2380,7,7934,0,576,7,2184,2,4635,7,6819,California
Colusa,2021-04-19,61,10951,21,2401,40,7974,0,576,17,2157,44,4679,17,6836,California
Colusa,2021-04-20,189,11140,38,2439,151,8125,0,576,134,2236,55,4734,134,6970,California
Colusa,2021-04-21,178,11318,68,2507,110,8235,0,576,109,2276,69,4803,109,7079,California
Colusa,2021-04-22,425,11743,27,2534,397,8632,1,577,221,2294,203,5006,221,7300,California
Colusa,2021-04-23,96,11839,21,2555,75,8707,0,577,37,2272,59,5065,37,7337,California
Colusa,2021-04-24,241,12080,19,2574,221,8928,1,578,210,2451,31,5096,210,7547,California
Colusa,2021-04-25,12,12092,6,2580,6,8934,0,578,8,2455,4,5100,8,7555,California
Colusa,2021-04-26,25,12117,5,2585,19,8953,1,579,6,2443,18,5118,6,7561,California
Colusa,2021-04-27,97,12214,25,2610,68,9021,4,583,44,2438,53,5171,48,7609,California
Colusa,2021-04-28,196,12410,33,2643,160,9181,3,586,144,2534,51,5222,147,7756,California
Colusa,2021-04-29,320,12730,29,2672,287,9468,4,590,48,2316,270,5492,52,7808,California
Colusa,2021-04-30,70,12800,23,2695,47,9515,0,590,46,2338,24,5516,46,7854,California
Colusa,2021-05-01,19,12819,8,2703,8,9523,3,593,9,2340,10,5526,12,7866,California
Colusa,2021-05-02,5,12824,1,2704,3,9526,1,594,2,2340,3,5529,3,7869,California
Colusa,2021-05-03,31,12855,7,2711,24,9550,0,594,15,2339,16,5545,15,7884,California
Colusa,2021-05-04,99,12954,55,2766,43,9593,1,595,69,2379,30,5575,70,7954,California
Colusa,2021-05-05,84,13038,21,2787,62,9655,1,596,35,2366,49,5624,36,7990,California
Colusa,2021-05-06,254,13292,16,2803,236,9891,2,598,111,2336,143,5767,113,8103,California
Colusa,2021-05-07,66,13358,4,2807,58,9949,4,602,30,2334,36,5803,34,8137,California
Colusa,2021-05-08,18,13376,6,2813,12,9961,0,602,9,2334,9,5812,9,8146,California
Colusa,2021-05-09,13,13389,5,2818,5,9966,3,605,6,2336,7,5819,9,8155,California
Colusa,2021-05-10,26,13415,6,2824,20,9986,0,605,9,2328,17,5836,9,8164,California
Colusa,2021-05-11,93,13508,34,2858,59,10045,0,605,48,2331,45,5881,48,8212,California
Colusa,2021-05-12,78,13586,32,2890,42,10087,4,609,21,2299,57,5938,25,8237,California
Colusa,2021-05-13,249,13835,24,2914,224,10311,1,610,80,2211,169,6107,81,8318,California
Colusa,2021-05-14,95,13930,18,2932,62,10373,15,625,33,2198,61,6168,48,8366,California
Colusa,2021-05-15,41,13971,10,2942,29,10402,2,627,21,2201,20,6188,23,8389,California
Colusa,2021-05-16,24,13995,8,2950,9,10411,7,634,11,2206,13,6201,18,8407,California
Colusa,2021-05-17,25,14020,5,2955,18,10429,2,636,13,2209,12,6213,15,8422,California
Colusa,2021-05-18,104,14124,27,2982,75,10504,2,638,46,2199,58,6271,48,8470,California
Colusa,2021-05-19,224,14348,44,3026,160,10664,20,658,66,2127,158,6429,86,8556,California
Colusa,2021-05-20,284,14632,34,3060,246,10910,4,662,68,1983,216,6645,72,8628,California
Colusa,2021-05-21,70,14702,24,3084,44,10954,2,664,34,1983,36,6681,36,8664,California
Colusa,2021-05-22,222,14924,24,3108,197,11151,1,665,34,1830,188,6869,35,8699,California
Colusa,2021-05-23,19,14943,8,3116,7,11158,4,669,5,1825,14,6883,9,8708,California
Colusa,2021-05-24,26,14969,3,3119,18,11176,5,674,15,1834,11,6894,20,8728,California
Colusa,2021-05-25,135,15104,75,3194,58,11234,2,676,52,1805,83,6977,54,8782,California
Colusa,2021-05-26,72,15176,25,3219,47,11281,0,676,32,1797,40,7017,32,8814,California
Colusa,2021-05-27,171,15347,17,3236,154,11435,0,676,54,1734,117,7134,54,8868,California
Colusa,2021-05-28,80,15427,25,3261,54,11489,1,677,41,1737,39,7173,42,8910,California
Colusa,2021-05-29,40,15467,18,3279,18,11507,4,681,29,1759,11,7184,33,8943,California
Colusa,2021-05-30,8,15475,1,3280,2,11509,5,686,1,1758,7,7191,6,8949,California
Colusa,2021-05-31,4,15479,0,3280,4,11513,0,686,1,1756,3,7194,1,8950,California
Colusa,2021-06-01,49,15528,15,3295,33,11546,1,687,25,1758,24,7218,26,8976,California
Colusa,2021-06-02,146,15674,20,3315,124,11670,2,689,51,1717,94,7312,53,9029,California
Colusa,2021-06-03,63,15737,20,3335,42,11712,1,690,26,1710,34,7346,27,9056,California
Colusa,2021-06-04,61,15798,19,3354,38,11750,4,694,22,1697,39,7385,26,9082,California
Colusa,2021-06-05,35,15833,16,3370,18,11768,1,695,17,1697,18,7403,18,9100,California
Colusa,2021-06-06,11,15844,6,3376,4,11772,1,696,6,1699,5,7408,7,9107,California
Colusa,2021-06-07,24,15868,6,3382,18,11790,0,696,10,1695,14,7422,10,9117,California
Colusa,2021-06-08,75,15943,21,3403,54,11844,0,696,29,1678,46,7468,29,9146,California
Colusa,2021-06-09,71,16014,41,3444,30,11874,0,696,28,1663,43,7511,28,9174,California
Colusa,2021-06-10,58,16072,23,3467,31,11905,4,700,14,1637,44,7555,18,9192,California
Colusa,2021-06-11,57,16129,30,3497,27,11932,0,700,26,1632,31,7586,26,9218,California
Colusa,2021-06-12,37,16166,23,3520,14,11946,0,700,9,1613,28,7614,9,9227,California
Colusa,2021-06-13,10,16176,3,3523,5,11951,2,702,2,1609,8,7622,4,9231,California
Colusa,2021-06-14,19,16195,9,3532,10,11961,0,702,7,1604,12,7634,7,9238,California
Colusa,2021-06-15,75,16270,36,3568,38,11999,1,703,19,1568,56,7690,20,9258,California
Colusa,2021-06-16,55,16325,15,3583,39,12038,1,704,15,1544,40,7730,16,9274,California
Colusa,2021-06-17,116,16441,10,3593,105,12143,1,705,17,1463,99,7829,18,9292,California
Colusa,2021-06-18,63,16504,32,3625,27,12170,4,709,25,1454,38,7867,29,9321,California
Colusa,2021-06-19,26,16530,21,3646,4,12174,1,710,6,1441,20,7887,7,9328,California
Colusa,2021-06-20,9,16539,6,3652,3,12177,0,710,7,1446,2,7889,7,9335,California
Colusa,2021-06-21,20,16559,3,3655,16,12193,1,711,8,1443,12,7901,9,9344,California
Colusa,2021-06-22,67,16626,28,3683,34,12227,5,716,29,1440,37,7938,34,9378,California
Colusa,2021-06-23,50,16676,27,3710,22,12249,1,717,21,1433,29,7967,22,9400,California
Colusa,2021-06-24,60,16736,27,3737,31,12280,2,719,22,1419,38,8005,24,9424,California
Colusa,2021-06-25,41,16777,16,3753,25,12305,0,719,25,1428,16,8021,25,9449,California
Colusa,2021-06-26,18,16795,13,3766,5,12310,0,719,5,1420,13,8034,5,9454,California
Colusa,2021-06-27,7,16802,4,3770,3,12313,0,719,5,1423,2,8036,5,9459,California
Colusa,2021-06-28,8,16810,1,3771,6,12319,1,720,5,1426,3,8039,6,9465,California
Colusa,2021-06-29,42,16852,18,3789,20,12339,4,724,18,1425,23,8062,22,9487,California
Colusa,2021-06-30,77,16929,38,3827,38,12377,1,725,28,1406,49,8111,30,9517,California
Colusa,2021-07-01,48,16977,23,3850,24,12401,1,726,20,1399,28,8139,21,9538,California
Colusa,2021-07-02,48,17025,27,3877,21,12422,0,726,25,1401,23,8162,25,9563,California
Colusa,2021-07-03,21,17046,8,3885,13,12435,0,726,11,1402,10,8172,11,9574,California
Colusa,2021-07-04,3,17049,2,3887,1,12436,0,726,1,1401,2,8174,1,9575,California
Colusa,2021-07-05,10,17059,6,3893,4,12440,0,726,4,1399,6,8180,4,9579,California
Colusa,2021-07-06,44,17103,18,3911,25,12465,1,727,21,1400,21,8201,22,9601,California
Colusa,2021-07-07,33,17136,20,3931,12,12477,1,728,19,1406,14,8215,20,9621,California
Contra Costa,2020-12-15,19,19,19,19,0,0,0,0,19,19,0,0,19,19,California
Contra Costa,2020-12-16,527,546,527,546,0,0,0,0,527,546,0,0,527,546,California
Contra Costa,2020-12-17,1050,1596,1050,1596,0,0,0,0,1050,1596,0,0,1050,1596,California
Contra Costa,2020-12-18,1765,3361,1763,3359,2,2,0,0,1765,3361,0,0,1765,3361,California
Contra Costa,2020-12-19,1117,4478,1116,4475,1,3,0,0,1117,4478,0,0,1117,4478,California
Contra Costa,2020-12-20,602,5080,601,5076,1,4,0,0,602,5080,0,0,602,5080,California
Contra Costa,2020-12-21,1671,6751,1668,6744,3,7,0,0,1671,6751,0,0,1671,6751,California
Contra Costa,2020-12-22,1677,8428,1570,8314,107,114,0,0,1677,8428,0,0,1677,8428,California
Contra Costa,2020-12-23,1632,10060,1380,9694,252,366,0,0,1632,10060,0,0,1632,10060,California
Contra Costa,2020-12-24,657,10717,336,10030,321,687,0,0,657,10717,0,0,657,10717,California
Contra Costa,2020-12-25,41,10758,19,10049,22,709,0,0,41,10758,0,0,41,10758,California
Contra Costa,2020-12-26,654,11412,135,10184,519,1228,0,0,654,11412,0,0,654,11412,California
Contra Costa,2020-12-27,243,11655,87,10271,156,1384,0,0,243,11655,0,0,243,11655,California
Contra Costa,2020-12-28,1850,13505,870,11141,980,2364,0,0,1850,13505,0,0,1850,13505,California
Contra Costa,2020-12-29,1851,15356,827,11968,1024,3388,0,0,1851,15356,0,0,1851,15356,California
Contra Costa,2020-12-30,2415,17771,1220,13188,1195,4583,0,0,2413,17768,2,2,2414,17770,California
Contra Costa,2020-12-31,928,18699,308,13496,620,5203,0,0,927,18695,0,2,927,18697,California
Contra Costa,2021-01-01,68,18767,24,13520,44,5247,0,0,68,18763,0,2,68,18765,California
Contra Costa,2021-01-02,348,19115,179,13699,169,5416,0,0,347,19110,0,2,347,19112,California
Contra Costa,2021-01-03,182,19297,123,13822,59,5475,0,0,181,19291,0,2,181,19293,California
Contra Costa,2021-01-04,1906,21203,1248,15070,658,6133,0,0,1886,21159,18,20,1886,21179,California
Contra Costa,2021-01-05,2115,23318,1265,16335,850,6983,0,0,1829,22704,285,305,1830,23009,California
Contra Costa,2021-01-06,3312,26630,2273,18608,1039,8022,0,0,2493,24387,813,1118,2496,25505,California
Contra Costa,2021-01-07,3125,29755,2088,20696,1037,9059,0,0,1800,24866,1321,2439,1800,27305,California
Contra Costa,2021-01-08,3422,33177,2413,23109,1009,10068,0,0,1767,24986,1650,4089,1770,29075,California
Contra Costa,2021-01-09,1598,34775,1143,24252,455,10523,0,0,737,24865,860,4949,739,29814,California
Contra Costa,2021-01-10,372,35147,296,24548,76,10599,0,0,154,24801,218,5167,154,29968,California
Contra Costa,2021-01-11,3860,39007,3161,27709,699,11298,0,0,2231,25406,1629,6796,2234,32202,California
Contra Costa,2021-01-12,3967,42974,2973,30682,994,12292,0,0,2610,26664,1356,8152,2614,34816,California
Contra Costa,2021-01-13,4807,47781,3001,33683,1806,14098,0,0,3832,29526,971,9123,3833,38649,California
Contra Costa,2021-01-14,4336,52117,1573,35256,2763,16861,0,0,3946,33082,390,9513,3946,42595,California
Contra Costa,2021-01-15,5371,57488,2475,37731,2896,19757,0,0,5040,37796,330,9843,5044,47639,California
Contra Costa,2021-01-16,1753,59241,566,38297,1187,20944,0,0,1676,39395,77,9920,1676,49315,California
Contra Costa,2021-01-17,1671,60912,984,39281,687,21631,0,0,1550,40827,121,10041,1553,50868,California
Contra Costa,2021-01-18,3235,64147,1282,40563,1953,23584,0,0,2600,42800,628,10669,2601,53469,California
Contra Costa,2021-01-19,7088,71235,3172,43735,3916,27500,0,0,6077,47876,1006,11675,6082,59551,California
Contra Costa,2021-01-20,6912,78147,4313,48048,2599,30099,0,0,5661,52295,1247,12922,5666,65217,California
Contra Costa,2021-01-21,7100,85247,3159,51207,3941,34040,0,0,6364,57937,730,13652,6372,71589,California
Contra Costa,2021-01-22,6463,91710,2761,53968,3702,37742,0,0,5593,62672,861,14513,5596,77185,California
Contra Costa,2021-01-23,2057,93767,358,54326,1699,39441,0,0,1790,64199,265,14778,1792,78977,California
Contra Costa,2021-01-24,1594,95361,219,54545,1375,40816,0,0,1446,65501,148,14926,1450,80427,California
Contra Costa,2021-01-25,6726,102087,3055,57600,3671,44487,0,0,5130,69044,1591,16517,5134,85561,California
Contra Costa,2021-01-26,8192,110279,4729,62329,3463,47950,0,0,6308,73482,1876,18393,6314,91875,California
Contra Costa,2021-01-27,8252,118531,5444,67773,2808,50758,0,0,6385,78016,1855,20248,6389,98264,California
Contra Costa,2021-01-28,7513,126044,4105,71878,3408,54166,0,0,5883,82279,1624,21872,5887,104151,California
Contra Costa,2021-01-29,7538,133582,3916,75794,3622,57788,0,0,6204,87157,1328,23200,6206,110357,California
Contra Costa,2021-01-30,2149,135731,646,76440,1503,59291,0,0,1744,88504,397,23597,1744,112101,California
Contra Costa,2021-01-31,664,136395,433,76873,231,59522,0,0,568,88979,93,23690,568,112669,California
Contra Costa,2021-02-01,5867,142262,4078,80951,1789,61311,0,0,3951,91026,1908,25598,3955,116624,California
Contra Costa,2021-02-02,7646,149908,5119,86070,2527,63838,0,0,5925,95234,1718,27316,5926,122550,California
Contra Costa,2021-02-03,8330,158238,5489,91559,2841,66679,0,0,5615,98146,2704,30020,5616,128166,California
Contra Costa,2021-02-04,7538,165776,3602,95161,3936,70615,0,0,5760,102136,1775,31795,5765,133931,California
Contra Costa,2021-02-05,8500,174276,4840,100001,3660,74275,0,0,5778,105200,2714,34509,5778,139709,California
Contra Costa,2021-02-06,3498,177774,2171,102172,1327,75602,0,0,2838,107380,659,35168,2839,142548,California
Contra Costa,2021-02-07,998,178772,724,102896,274,75876,0,0,607,107597,390,35558,607,143155,California
Contra Costa,2021-02-08,5909,184681,3513,106409,2396,78272,0,0,4400,110496,1502,37060,4401,147556,California
Contra Costa,2021-02-09,8723,193404,4815,111224,3908,82180,0,0,5787,113357,2927,39987,5788,153344,California
Contra Costa,2021-02-10,8716,202120,4681,115905,4035,86215,0,0,5340,115341,3359,43346,5343,158687,California
Contra Costa,2021-02-11,9409,211529,4253,120158,5156,91371,0,0,5179,116302,4223,47569,5184,163871,California
Contra Costa,2021-02-12,10206,221735,4678,124836,5528,96899,0,0,5493,117094,4704,52273,5496,169367,California
Contra Costa,2021-02-13,4943,226678,1391,126227,3552,100451,0,0,3433,119023,1506,53779,3435,172802,California
Contra Costa,2021-02-14,2112,228790,872,127099,1240,101691,0,0,1224,119362,885,54664,1224,174026,California
Contra Costa,2021-02-15,4516,233306,2500,129599,2016,103707,0,0,2343,119543,2163,56827,2344,176370,California
Contra Costa,2021-02-16,10503,243809,4962,134561,5541,109248,0,0,4676,118407,5816,62643,4680,181050,California
Contra Costa,2021-02-17,12398,256207,6218,140779,6180,115428,0,0,5664,117355,6717,69360,5665,186715,California
Contra Costa,2021-02-18,11607,267814,6015,146794,5592,121020,0,0,5364,116492,6229,75589,5366,192081,California
Contra Costa,2021-02-19,11625,279439,7241,154035,4384,125404,0,0,5245,115377,6362,81951,5247,197328,California
Contra Costa,2021-02-20,6615,286054,2992,157027,3623,129027,0,0,4656,118096,1941,83892,4660,201988,California
Contra Costa,2021-02-21,2361,288415,1770,158797,591,129618,0,0,1580,118896,780,84672,1580,203568,California
Contra Costa,2021-02-22,7973,296388,5399,164196,2574,132192,0,0,3654,118251,4302,88974,3657,207225,California
Contra Costa,2021-02-23,12515,308903,7710,171906,4805,136997,0,0,6288,118340,6207,95181,6296,213521,California
Contra Costa,2021-02-24,10951,319854,8036,179942,2915,139912,0,0,5311,118033,5618,100799,5311,218832,California
Contra Costa,2021-02-25,12073,331927,7659,187601,4414,144326,0,0,5578,117148,6470,107269,5585,224417,California
Contra Costa,2021-02-26,11232,343159,7097,194698,4135,148461,0,0,5574,117081,5643,112912,5576,229993,California
Contra Costa,2021-02-27,6937,350096,4466,199164,2471,150932,0,0,4349,118854,2578,115490,4351,234344,California
Contra Costa,2021-02-28,4346,354442,3607,202771,738,151670,1,1,3664,121842,678,116168,3666,238010,California
Contra Costa,2021-03-01,8726,363168,6601,209372,2118,153788,7,8,5377,123895,3334,119502,5387,243397,California
Contra Costa,2021-03-02,10765,373933,6894,216266,3870,157658,1,9,5777,124703,4971,124473,5779,249176,California
Contra Costa,2021-03-03,11447,385380,7203,223469,4243,161901,1,10,6466,126209,4962,129435,6468,255644,California
Contra Costa,2021-03-04,12030,397410,7193,230662,4835,166736,2,12,6268,126735,5744,135179,6270,261914,California
Contra Costa,2021-03-05,11515,408925,6928,237590,4580,171316,7,19,6612,128470,4885,140064,6620,268534,California
Contra Costa,2021-03-06,7516,416441,4215,241805,2990,174306,311,330,4920,131119,2580,142644,5229,273763,California
Contra Costa,2021-03-07,4014,420455,2475,244280,1353,175659,186,516,3191,133674,821,143465,3376,277139,California
Contra Costa,2021-03-08,8286,428741,3938,248218,4024,179683,324,840,5554,136833,2721,146186,5880,283019,California
Contra Costa,2021-03-09,11226,439967,5951,254169,4974,184657,301,1141,5866,137657,5346,151532,6170,289189,California
Contra Costa,2021-03-10,12489,452456,6239,260408,4753,189410,1497,2638,5681,138030,6793,158325,7166,296355,California
Contra Costa,2021-03-11,12551,465007,6609,267017,5375,194785,567,3205,6403,138870,6122,164447,6962,303317,California
Contra Costa,2021-03-12,12702,477709,5235,272252,6897,201682,570,3775,6310,139376,6368,170815,6874,310191,California
Contra Costa,2021-03-13,7912,485621,3182,275434,4296,205978,434,4209,3116,138143,4775,175590,3542,313733,California
Contra Costa,2021-03-14,4444,490065,2631,278065,1326,207304,487,4696,1688,137571,2746,178336,2174,315907,California
Contra Costa,2021-03-15,9532,499597,5177,283242,3591,210895,764,5460,4674,138168,4837,183173,5434,321341,California
Contra Costa,2021-03-16,14443,514040,8613,291855,5420,216315,410,5870,7082,138325,7333,190506,7490,328831,California
Contra Costa,2021-03-17,15190,529230,10502,302357,4464,220779,224,6094,8453,140297,6710,197216,8682,337513,California
Contra Costa,2021-03-18,15539,544769,8683,311040,6375,227154,481,6575,8561,142397,6940,204156,9040,346553,California
Contra Costa,2021-03-19,15763,560532,9115,320155,5234,232388,1414,7989,8143,144354,7601,211757,9558,356111,California
Contra Costa,2021-03-20,10789,571321,6474,326629,3999,236387,316,8305,5103,144114,5659,217416,5419,361530,California
Contra Costa,2021-03-21,4604,575925,4029,330658,476,236863,99,8404,1792,143204,2800,220216,1890,363420,California
Contra Costa,2021-03-22,11726,587651,8840,339498,2626,239489,260,8664,6806,145365,4901,225117,7062,370482,California
Contra Costa,2021-03-23,15782,603433,10899,350397,4711,244200,172,8836,9043,147870,6710,231827,9215,379697,California
Contra Costa,2021-03-24,15118,618551,11785,362182,3119,247319,214,9050,9108,151220,5974,237801,9324,389021,California
Contra Costa,2021-03-25,15442,633993,12033,374215,3115,250434,294,9344,9414,154935,5989,243790,9704,398725,California
Contra Costa,2021-03-26,15149,649142,10864,385079,3882,254316,403,9747,8685,157586,6431,250221,9082,407807,California
Contra Costa,2021-03-27,10585,659727,6879,391958,3194,257510,512,10259,5610,158737,4963,255184,6114,413921,California
Contra Costa,2021-03-28,4255,663982,3039,394997,1162,258672,54,10313,1615,157779,2628,257812,1670,415591,California
Contra Costa,2021-03-29,10950,674932,8545,403542,2290,260962,115,10428,6940,160847,3990,261802,7058,422649,California
Contra Costa,2021-03-30,16862,691794,9231,412773,6273,267235,1358,11786,10387,166134,6448,268250,11735,434384,California
Contra Costa,2021-03-31,18113,709907,12668,425441,4000,271235,1445,13231,11377,172258,6685,274935,12809,447193,California
Contra Costa,2021-04-01,17644,727551,12303,437744,3947,275182,1394,14625,11409,178857,6192,281127,12791,459984,California
Contra Costa,2021-04-02,17538,745089,12904,450648,3601,278783,1033,15658,11611,185578,5915,287042,12636,472620,California
Contra Costa,2021-04-03,10903,755992,6506,457154,2846,281629,1551,17209,6214,188665,4673,291715,7760,480380,California
Contra Costa,2021-04-04,3364,759356,1333,458487,1428,283057,603,17812,849,187607,2507,294222,1449,481829,California
Contra Costa,2021-04-05,12149,771505,7913,466400,3248,286305,988,18800,6579,189620,5554,299776,7567,489396,California
Contra Costa,2021-04-06,17394,788899,12037,478437,3058,289363,2299,21099,9741,194021,7631,307407,12032,501428,California
Contra Costa,2021-04-07,18654,807553,12627,491064,3202,292565,2825,23924,10560,199368,8067,315474,13414,514842,California
Contra Costa,2021-04-08,18733,826286,12484,503548,3323,295888,2926,26850,10036,203648,8669,324143,12949,527791,California
Contra Costa,2021-04-09,18918,845204,12071,515619,4337,300225,2510,29360,10101,207465,8784,332927,12601,540392,California
Contra Costa,2021-04-10,10607,855811,3850,519469,2193,302418,4564,33924,3324,208071,7261,340188,7867,548259,California
Contra Costa,2021-04-11,3369,859180,2007,521476,695,303113,667,34591,1130,207633,2233,342421,1795,550054,California
Contra Costa,2021-04-12,12031,871211,7930,529406,3017,306130,1084,35675,5652,208012,6362,348783,6741,556795,California
Contra Costa,2021-04-13,17969,889180,11025,540431,6936,313066,8,35683,11980,214045,5960,354743,11993,568788,California
Contra Costa,2021-04-14,17791,906971,11180,551611,6610,319676,1,35684,9883,216048,7885,362628,9888,578676,California
Contra Costa,2021-04-15,17592,924563,10794,562405,6797,326473,1,35685,8152,214817,9408,372036,8177,586853,California
Contra Costa,2021-04-16,17020,941583,10592,572997,6427,332900,1,35686,7689,213212,9303,381339,7698,594551,California
Contra Costa,2021-04-17,11594,953177,6360,579357,5234,338134,0,35686,6263,214170,5312,386651,6270,600821,California
Contra Costa,2021-04-18,2936,956113,2292,581649,644,338778,0,35686,1857,214959,1068,387719,1857,602678,California
Contra Costa,2021-04-19,11522,967635,8601,590250,2921,341699,0,35686,3672,210814,7821,395540,3676,606354,California
Contra Costa,2021-04-20,17044,984679,11114,601364,5930,347629,0,35686,6451,206711,10559,406099,6456,612810,California
Contra Costa,2021-04-21,17858,1002537,14597,615961,3260,350889,1,35687,6433,201778,11375,417474,6442,619252,California
Contra Costa,2021-04-22,17383,1019920,14075,630036,3306,354195,2,35689,6148,196744,11193,428667,6159,625411,California
Contra Costa,2021-04-23,17207,1037127,13699,643735,3506,357701,2,35691,5566,190718,11603,440270,5577,630988,California
Contra Costa,2021-04-24,10967,1048094,8452,652187,2514,360215,1,35692,4212,188206,6728,446998,4216,635204,California
Contra Costa,2021-04-25,3291,1051385,2220,654407,1069,361284,2,35694,2078,189078,1212,448210,2084,637288,California
Contra Costa,2021-04-26,10136,1061521,8461,662868,1651,362935,24,35718,3069,185139,7045,455255,3106,640394,California
Contra Costa,2021-04-27,14760,1076281,10795,673663,3787,366722,178,35896,4044,178681,10689,465944,4231,644625,California
Contra Costa,2021-04-28,14347,1090628,11184,684847,2876,369598,287,36183,3857,172381,10450,476394,4150,648775,California
Contra Costa,2021-04-29,13576,1104204,10524,695371,2883,372481,169,36352,3277,165568,10265,486659,3452,652227,California
Contra Costa,2021-04-30,13848,1118052,10902,706273,2688,375169,258,36610,3204,158426,10610,497269,3468,655695,California
Contra Costa,2021-05-01,8050,1126102,5852,712125,1877,377046,321,36931,1917,154559,6106,503375,2239,657934,California
Contra Costa,2021-05-02,2337,1128439,1588,713713,669,377715,80,37011,985,154285,1339,504714,1065,658999,California
Contra Costa,2021-05-03,9134,1137573,8016,721729,943,378658,175,37186,1931,149210,7185,511899,2110,661109,California
Contra Costa,2021-05-04,14217,1151790,12279,734008,1608,380266,330,37516,2313,139980,11873,523772,2643,663752,California
Contra Costa,2021-05-05,12664,1164454,10930,744938,1531,381797,203,37719,2447,132445,10186,533958,2651,666403,California
Contra Costa,2021-05-06,10372,1174826,8621,753559,1414,383211,337,38056,1970,126384,8377,542335,2316,668719,California
Contra Costa,2021-05-07,9701,1184527,7800,761359,1677,384888,224,38280,2236,121409,7431,549766,2456,671175,California
Contra Costa,2021-05-08,5417,1189944,4102,765461,1147,386035,168,38448,1312,118804,4089,553855,1484,672659,California
Contra Costa,2021-05-09,2149,1192093,1820,767281,270,386305,59,38507,448,117620,1693,555548,509,673168,California
Contra Costa,2021-05-10,4974,1197067,3986,771267,768,387073,220,38727,1336,115557,3617,559165,1554,674722,California
Contra Costa,2021-05-11,8896,1205963,4693,775960,3964,391037,239,38966,1786,110499,7089,566254,2031,676753,California
Contra Costa,2021-05-12,9288,1215251,4791,780751,4230,395267,267,39233,1596,104704,7664,573918,1869,678622,California
Contra Costa,2021-05-13,11803,1227054,7881,788632,3735,399002,187,39420,4240,101598,7536,581454,4430,683052,California
Contra Costa,2021-05-14,12288,1239342,8214,796846,3789,402791,285,39705,5026,99674,7233,588687,5309,688361,California
Contra Costa,2021-05-15,10035,1249377,7286,804132,2631,405422,118,39823,4418,98613,5599,594286,4538,692899,California
Contra Costa,2021-05-16,2643,1252020,2322,806454,270,405692,51,39874,1222,98470,1415,595701,1272,694171,California
Contra Costa,2021-05-17,7135,1259155,5759,812213,1199,406891,177,40051,3558,98650,3556,599257,3736,697907,California
Contra Costa,2021-05-18,10252,1269407,7018,819231,3016,409907,218,40269,4442,97533,5780,605037,4663,702570,California
Contra Costa,2021-05-19,8503,1277910,6870,826101,1438,411345,195,40464,3836,96923,4646,609683,4036,706606,California
Contra Costa,2021-05-20,7203,1285113,5684,831785,1332,412677,187,40651,3327,96591,3846,613529,3514,710120,California
Contra Costa,2021-05-21,7094,1292207,5433,837218,1449,414126,212,40863,3211,96157,3854,617383,3420,713540,California
Contra Costa,2021-05-22,5146,1297353,4068,841286,899,415025,179,41042,2518,96246,2605,619988,2694,716234,California
Contra Costa,2021-05-23,1283,1298636,854,842140,371,415396,58,41100,607,96243,667,620655,664,716898,California
Contra Costa,2021-05-24,4746,1303382,3930,846070,639,416035,177,41277,2231,96153,2502,623157,2412,719310,California
Contra Costa,2021-05-25,6284,1309666,5110,851180,923,416958,251,41528,2636,95410,3629,626786,2886,722196,California
Contra Costa,2021-05-26,5635,1315301,3621,854801,1825,418783,189,41717,1940,93865,3673,630459,2128,724324,California
Contra Costa,2021-05-27,3813,1319114,2700,857501,936,419719,177,41894,1603,93447,2194,632653,1776,726100,California
Contra Costa,2021-05-28,5355,1324469,3744,861245,1440,421159,171,42065,2231,92746,3099,635752,2398,728498,California
Contra Costa,2021-05-29,3293,1327762,2145,863390,1031,422190,117,42182,1631,92843,1651,637403,1748,730246,California
Contra Costa,2021-05-30,934,1328696,590,863980,315,422505,29,42211,345,92630,587,637990,374,730620,California
Contra Costa,2021-05-31,388,1329084,268,864248,108,422613,12,42223,127,92511,257,638247,138,730758,California
Contra Costa,2021-06-01,4807,1333891,3576,867824,1085,423698,146,42369,1660,91188,3129,641376,1806,732564,California
Contra Costa,2021-06-02,3442,1337333,2439,870263,859,424557,144,42513,1408,90716,2023,643399,1551,734115,California
Contra Costa,2021-06-03,5441,1342774,4536,874799,790,425347,115,42628,1408,88212,4027,647426,1523,735638,California
Contra Costa,2021-06-04,6395,1349169,5359,880158,897,426244,139,42767,1585,85141,4792,652218,1721,737359,California
Contra Costa,2021-06-05,5217,1354386,4427,884585,678,426922,112,42879,1080,82206,4124,656342,1189,738548,California
Contra Costa,2021-06-06,1364,1355750,1191,885776,143,427065,30,42909,323,81521,1038,657380,353,738901,California
Contra Costa,2021-06-07,4942,1360692,4348,890124,494,427559,100,43009,1356,79403,3575,660955,1457,740358,California
Contra Costa,2021-06-08,6103,1366795,5264,895388,716,428275,123,43132,1416,76273,4669,665624,1539,741897,California
Contra Costa,2021-06-09,4874,1371669,4156,899544,570,428845,148,43280,1259,74082,3596,669220,1405,743302,California
Contra Costa,2021-06-10,4798,1376467,4034,903578,595,429440,169,43449,1232,71933,3550,672770,1401,744703,California
Contra Costa,2021-06-11,4852,1381319,3976,907554,677,430117,199,43648,1277,69848,3560,676330,1475,746178,California
Contra Costa,2021-06-12,3182,1384501,2700,910254,415,430532,67,43715,725,68193,2445,678775,790,746968,California
Contra Costa,2021-06-13,1150,1385651,858,911112,184,430716,108,43823,286,67729,858,679633,394,747362,California
Contra Costa,2021-06-14,3906,1389557,3302,914414,475,431191,129,43952,1129,66224,2760,682393,1255,748617,California
Contra Costa,2021-06-15,4181,1393738,3486,917900,535,431726,160,44112,1315,64843,2856,685249,1475,750092,California
Contra Costa,2021-06-16,3481,1397219,2836,920736,459,432185,186,44298,1209,63983,2253,687502,1393,751485,California
Contra Costa,2021-06-17,2770,1399989,2268,923004,377,432562,125,44423,1050,63443,1713,689215,1173,752658,California
Contra Costa,2021-06-18,3694,1403683,3041,926045,462,433024,191,44614,1327,62604,2355,691570,1516,754174,California
Contra Costa,2021-06-19,2039,1405722,1703,927748,232,433256,104,44718,575,61823,1461,693031,680,754854,California
Contra Costa,2021-06-20,790,1406512,663,928411,98,433354,29,44747,334,61733,452,693483,362,755216,California
Contra Costa,2021-06-21,1820,1408332,1381,929792,280,433634,159,44906,977,62032,835,694318,1134,756350,California
Contra Costa,2021-06-22,3042,1411374,2576,932368,325,433959,141,45047,1187,61517,1842,696160,1327,757677,California
Contra Costa,2021-06-23,2561,1413935,2128,934496,331,434290,102,45149,1028,61122,1525,697685,1130,758807,California
Contra Costa,2021-06-24,2353,1416288,1980,936476,244,434534,129,45278,944,60796,1397,699082,1071,759878,California
Contra Costa,2021-06-25,2774,1419062,2260,938736,358,434892,156,45434,1129,60443,1640,700722,1287,761165,California
Contra Costa,2021-06-26,1477,1420539,1210,939946,170,435062,97,45531,479,60023,996,701718,576,761741,California
Contra Costa,2021-06-27,691,1421230,603,940549,66,435128,22,45553,273,59902,416,702134,295,762036,California
Contra Costa,2021-06-28,2344,1423574,2022,942571,176,435304,146,45699,843,59401,1489,703623,988,763024,California
Contra Costa,2021-06-29,2534,1426108,2110,944681,293,435597,131,45830,973,58953,1549,705172,1101,764125,California
Contra Costa,2021-06-30,2182,1428290,1786,946467,295,435892,101,45931,885,58653,1284,706456,984,765109,California
Contra Costa,2021-07-01,2076,1430366,1745,948212,224,436116,107,46038,841,58379,1225,707681,951,766060,California
Contra Costa,2021-07-02,2182,1432548,1781,949993,302,436418,99,46137,907,58120,1265,708946,1006,767066,California
Contra Costa,2021-07-03,1057,1433605,865,950858,133,436551,59,46196,426,57979,625,709571,484,767550,California
Contra Costa,2021-07-04,51,1433656,18,950876,18,436569,15,46211,18,57979,33,709604,33,767583,California
Contra Costa,2021-07-05,818,1434474,672,951548,106,436675,40,46251,389,57982,426,710030,429,768012,California
Contra Costa,2021-07-06,2583,1437057,2194,953742,261,436936,128,46379,856,57254,1711,711741,983,768995,California
Contra Costa,2021-07-07,1566,1438623,1300,955042,179,437115,87,46466,598,56974,962,712703,682,769677,California
Del Norte,2020-12-21,23,23,23,23,0,0,0,0,23,23,0,0,23,23,California
Del Norte,2020-12-22,46,69,46,69,0,0,0,0,46,69,0,0,46,69,California
Del Norte,2020-12-23,59,128,48,117,11,11,0,0,57,126,0,0,57,126,California
Del Norte,2020-12-28,34,162,34,151,0,11,0,0,34,160,0,0,34,160,California
Del Norte,2020-12-29,4,166,4,155,0,11,0,0,4,164,0,0,4,164,California
Del Norte,2020-12-30,67,233,55,210,12,23,0,0,68,232,0,0,68,232,California
Del Norte,2020-12-31,16,249,13,223,3,26,0,0,16,248,0,0,16,248,California
Del Norte,2021-01-04,103,352,50,273,53,79,0,0,103,351,0,0,103,351,California
Del Norte,2021-01-05,32,384,0,273,32,111,0,0,32,383,0,0,32,383,California
Del Norte,2021-01-06,77,461,18,291,59,170,0,0,77,460,0,0,77,460,California
Del Norte,2021-01-07,21,482,1,292,20,190,0,0,21,481,0,0,21,481,California
Del Norte,2021-01-08,77,559,7,299,70,260,0,0,77,558,0,0,77,558,California
Del Norte,2021-01-11,40,599,21,320,19,279,0,0,18,555,22,22,19,577,California
Del Norte,2021-01-12,52,651,33,353,19,298,0,0,31,565,21,43,31,608,California
Del Norte,2021-01-13,86,737,40,393,46,344,0,0,53,585,33,76,53,661,California
Del Norte,2021-01-14,54,791,14,407,40,384,0,0,48,627,6,82,48,709,California
Del Norte,2021-01-15,107,898,18,425,89,473,0,0,95,710,12,94,95,804,California
Del Norte,2021-01-17,1,899,1,426,0,473,0,0,1,711,0,94,1,805,California
Del Norte,2021-01-18,2,901,0,426,2,475,0,0,2,713,0,94,2,807,California
Del Norte,2021-01-19,118,1019,56,482,62,537,0,0,76,747,42,136,76,883,California
Del Norte,2021-01-20,161,1180,86,568,75,612,0,0,98,782,63,199,98,981,California
Del Norte,2021-01-21,43,1223,40,608,3,615,0,0,32,803,11,210,32,1013,California
Del Norte,2021-01-22,19,1242,17,625,2,617,0,0,12,808,7,217,12,1025,California
Del Norte,2021-01-23,1,1243,0,625,1,618,0,0,1,809,0,217,1,1026,California
Del Norte,2021-01-24,1,1244,0,625,1,619,0,0,1,810,0,217,1,1027,California
Del Norte,2021-01-25,101,1345,83,708,18,637,0,0,56,821,45,262,56,1083,California
Del Norte,2021-01-26,18,1363,11,719,7,644,0,0,7,817,11,273,7,1090,California
Del Norte,2021-01-27,64,1427,21,740,43,687,0,0,61,875,3,276,61,1151,California
Del Norte,2021-01-28,293,1720,20,760,273,960,0,0,288,1158,5,281,288,1439,California
Del Norte,2021-01-29,64,1784,23,783,41,1001,0,0,44,1182,20,301,44,1483,California
Del Norte,2021-01-30,8,1792,1,784,7,1008,0,0,8,1190,0,301,8,1491,California
Del Norte,2021-02-01,41,1833,1,785,40,1048,0,0,26,1201,15,316,26,1517,California
Del Norte,2021-02-02,143,1976,34,819,109,1157,0,0,73,1207,68,384,74,1591,California
Del Norte,2021-02-03,129,2105,42,861,87,1244,0,0,74,1226,55,439,74,1665,California
Del Norte,2021-02-04,70,2175,28,889,42,1286,0,0,41,1237,30,469,41,1706,California
Del Norte,2021-02-05,183,2358,21,910,162,1448,0,0,118,1291,64,533,118,1824,California
Del Norte,2021-02-06,311,2669,5,915,306,1754,0,0,311,1602,0,533,311,2135,California
Del Norte,2021-02-07,2,2671,1,916,1,1755,0,0,2,1604,0,533,2,2137,California
Del Norte,2021-02-08,35,2706,1,917,34,1789,0,0,31,1631,4,537,31,2168,California
Del Norte,2021-02-09,8,2714,5,922,3,1792,0,0,2,1627,6,543,2,2170,California
Del Norte,2021-02-10,143,2857,20,942,123,1915,0,0,85,1655,57,600,85,2255,California
Del Norte,2021-02-11,178,3035,59,1001,119,2034,0,0,64,1605,114,714,64,2319,California
Del Norte,2021-02-12,123,3158,14,1015,109,2143,0,0,69,1620,54,768,69,2388,California
Del Norte,2021-02-13,2,3160,1,1016,1,2144,0,0,2,1622,0,768,2,2390,California
Del Norte,2021-02-14,3,3163,1,1017,2,2146,0,0,2,1623,1,769,2,2392,California
Del Norte,2021-02-15,5,3168,0,1017,5,2151,0,0,3,1624,2,771,3,2395,California
Del Norte,2021-02-16,131,3299,1,1018,130,2281,0,0,13,1519,118,889,13,2408,California
Del Norte,2021-02-17,93,3392,20,1038,73,2354,0,0,25,1477,67,956,25,2433,California
Del Norte,2021-02-18,77,3469,24,1062,53,2407,0,0,51,1502,26,982,51,2484,California
Del Norte,2021-02-19,43,3512,17,1079,26,2433,0,0,33,1525,10,992,33,2517,California
Del Norte,2021-02-20,9,3521,6,1085,3,2436,0,0,6,1528,3,995,6,2523,California
Del Norte,2021-02-21,1,3522,0,1085,1,2437,0,0,0,1527,1,996,0,2523,California
Del Norte,2021-02-22,2,3524,0,1085,2,2439,0,0,2,1529,0,996,2,2525,California
Del Norte,2021-02-23,111,3635,92,1177,19,2458,0,0,34,1487,76,1072,34,2559,California
Del Norte,2021-02-24,157,3792,101,1278,56,2514,0,0,82,1494,75,1147,82,2641,California
Del Norte,2021-02-25,482,4274,132,1410,350,2864,0,0,215,1444,265,1412,215,2856,California
Del Norte,2021-02-26,213,4487,176,1586,37,2901,0,0,166,1563,47,1459,166,3022,California
Del Norte,2021-02-27,149,4636,143,1729,5,2906,1,1,140,1695,9,1468,141,3163,California
Del Norte,2021-02-28,4,4640,1,1730,3,2909,0,1,3,1697,1,1469,3,3166,California
Del Norte,2021-03-01,28,4668,2,1732,26,2935,0,1,4,1678,23,1492,4,3170,California
Del Norte,2021-03-02,222,4890,142,1874,80,3015,0,1,188,1832,34,1526,188,3358,California
Del Norte,2021-03-03,177,5067,107,1981,70,3085,0,1,135,1925,42,1568,135,3493,California
Del Norte,2021-03-04,122,5189,84,2065,38,3123,0,1,92,1988,29,1597,92,3585,California
Del Norte,2021-03-05,123,5312,11,2076,112,3235,0,1,74,2013,49,1646,74,3659,California
Del Norte,2021-03-06,465,5777,77,2153,339,3574,49,50,163,1881,302,1948,170,3829,California
Del Norte,2021-03-07,2,5779,1,2154,1,3575,0,50,1,1881,1,1949,1,3830,California
Del Norte,2021-03-08,29,5808,1,2155,26,3601,2,52,6,1867,22,1971,8,3838,California
Del Norte,2021-03-09,194,6002,113,2268,78,3679,3,55,183,2042,11,1982,186,4024,California
Del Norte,2021-03-10,236,6238,96,2364,111,3790,29,84,134,2103,102,2084,163,4187,California
Del Norte,2021-03-11,151,6389,55,2419,91,3881,5,89,103,2163,48,2132,108,4295,California
Del Norte,2021-03-12,178,6567,88,2507,90,3971,0,89,124,2234,53,2185,124,4419,California
Del Norte,2021-03-13,94,6661,93,2600,1,3972,0,89,91,2322,3,2188,91,4510,California
Del Norte,2021-03-14,1,6662,0,2600,1,3973,0,89,1,2322,1,2189,1,4511,California
Del Norte,2021-03-15,38,6700,0,2600,38,4011,0,89,34,2352,4,2193,34,4545,California
Del Norte,2021-03-16,282,6982,135,2735,147,4158,0,89,258,2586,24,2217,258,4803,California
Del Norte,2021-03-17,284,7266,95,2830,187,4345,2,91,169,2642,115,2332,171,4974,California
Del Norte,2021-03-18,284,7550,107,2937,175,4520,2,93,149,2659,134,2466,151,5125,California
Del Norte,2021-03-19,270,7820,160,3097,104,4624,6,99,92,2579,178,2644,98,5223,California
Del Norte,2021-03-20,156,7976,153,3250,3,4627,0,99,15,2453,141,2785,15,5238,California
Del Norte,2021-03-21,4,7980,2,3252,2,4629,0,99,2,2453,2,2787,2,5240,California
Del Norte,2021-03-22,43,8023,3,3255,39,4668,1,100,39,2490,3,2790,40,5280,California
Del Norte,2021-03-23,335,8358,164,3419,153,4821,18,118,164,2502,169,2959,181,5461,California
Del Norte,2021-03-24,397,8755,107,3526,250,5071,40,158,228,2601,169,3128,268,5729,California
Del Norte,2021-03-25,193,8948,88,3614,105,5176,0,158,85,2579,107,3235,85,5814,California
Del Norte,2021-03-26,234,9182,113,3727,121,5297,0,158,197,2739,37,3272,197,6011,California
Del Norte,2021-03-27,107,9289,86,3813,4,5301,17,175,17,2683,90,3362,34,6045,California
Del Norte,2021-03-28,4,9293,2,3815,2,5303,0,175,1,2681,3,3365,1,6046,California
Del Norte,2021-03-29,57,9350,6,3821,34,5337,17,192,32,2705,25,3390,49,6095,California
Del Norte,2021-03-30,338,9688,119,3940,208,5545,11,203,126,2630,212,3602,137,6232,California
Del Norte,2021-03-31,356,10044,101,4041,238,5783,17,220,199,2691,155,3757,216,6448,California
Del Norte,2021-04-01,164,10208,58,4099,72,5855,34,254,69,2700,94,3851,103,6551,California
Del Norte,2021-04-02,232,10440,78,4177,105,5960,49,303,49,2616,183,4034,99,6650,California
Del Norte,2021-04-03,108,10548,83,4260,2,5962,23,326,5,2542,102,4136,28,6678,California
Del Norte,2021-04-04,4,10552,0,4260,0,5962,4,330,0,2542,4,4140,4,6682,California
Del Norte,2021-04-05,46,10598,5,4265,37,5999,4,334,39,2578,7,4147,43,6725,California
Del Norte,2021-04-06,380,10978,119,4384,223,6222,38,372,146,2533,230,4377,185,6910,California
Del Norte,2021-04-07,438,11416,115,4499,261,6483,62,434,289,2736,149,4526,352,7262,California
Del Norte,2021-04-08,229,11645,54,4553,106,6589,69,503,105,2786,124,4650,174,7436,California
Del Norte,2021-04-09,206,11851,46,4599,83,6672,77,580,99,2854,106,4756,174,7610,California
Del Norte,2021-04-10,47,11898,26,4625,4,6676,17,597,27,2878,20,4776,44,7654,California
Del Norte,2021-04-11,12,11910,3,4628,2,6678,7,604,2,2877,10,4786,9,7663,California
Del Norte,2021-04-12,27,11937,1,4629,9,6687,17,621,1,2870,25,4811,18,7681,California
Del Norte,2021-04-13,299,12236,50,4679,249,6936,0,621,155,2881,144,4955,155,7836,California
Del Norte,2021-04-14,331,12567,23,4702,308,7244,0,621,139,2833,192,5147,144,7980,California
Del Norte,2021-04-15,164,12731,31,4733,133,7377,0,621,45,2760,119,5266,46,8026,California
Del Norte,2021-04-16,163,12894,40,4773,123,7500,0,621,60,2719,102,5368,61,8087,California
Del Norte,2021-04-17,108,13002,76,4849,32,7532,0,621,102,2815,6,5374,102,8189,California
Del Norte,2021-04-18,6,13008,5,4854,1,7533,0,621,5,2819,1,5375,5,8194,California
Del Norte,2021-04-19,51,13059,6,4860,45,7578,0,621,9,2786,42,5417,9,8203,California
Del Norte,2021-04-20,209,13268,40,4900,169,7747,0,621,74,2725,135,5552,74,8277,California
Del Norte,2021-04-21,292,13560,23,4923,269,8016,0,621,67,2570,225,5777,70,8347,California
Del Norte,2021-04-22,116,13676,16,4939,100,8116,0,621,63,2580,53,5830,63,8410,California
Del Norte,2021-04-23,155,13831,22,4961,133,8249,0,621,41,2507,114,5944,41,8451,California
Del Norte,2021-04-24,25,13856,14,4975,11,8260,0,621,20,2522,5,5949,20,8471,California
Del Norte,2021-04-25,2,13858,0,4975,2,8262,0,621,2,2524,0,5949,2,8473,California
Del Norte,2021-04-26,31,13889,0,4975,31,8293,0,621,9,2511,22,5971,9,8482,California
Del Norte,2021-04-27,181,14070,21,4996,155,8448,5,626,50,2436,131,6102,56,8538,California
Del Norte,2021-04-28,351,14421,100,5096,246,8694,5,631,63,2219,286,6388,69,8607,California
Del Norte,2021-04-29,93,14514,6,5102,83,8777,4,635,26,2182,67,6455,30,8637,California
Del Norte,2021-04-30,87,14601,7,5109,70,8847,10,645,47,2199,40,6495,57,8694,California
Del Norte,2021-05-01,7,14608,2,5111,5,8852,0,645,5,2202,2,6497,5,8699,California
Del Norte,2021-05-02,8,14616,0,5111,8,8860,0,645,8,2210,0,6497,8,8707,California
Del Norte,2021-05-03,39,14655,3,5114,33,8893,3,648,2,2179,36,6533,5,8712,California
Del Norte,2021-05-04,221,14876,36,5150,180,9073,5,653,46,2055,175,6708,51,8763,California
Del Norte,2021-05-05,234,15110,20,5170,206,9279,8,661,59,1948,174,6882,67,8830,California
Del Norte,2021-05-06,113,15223,26,5196,74,9353,13,674,26,1900,87,6969,39,8869,California
Del Norte,2021-05-07,151,15374,28,5224,119,9472,4,678,31,1815,120,7089,35,8904,California
Del Norte,2021-05-08,64,15438,54,5278,8,9480,2,680,6,1765,58,7147,8,8912,California
Del Norte,2021-05-09,11,15449,4,5282,4,9484,3,683,3,1763,8,7155,6,8918,California
Del Norte,2021-05-10,25,15474,3,5285,18,9502,4,687,15,1772,10,7165,19,8937,California
Del Norte,2021-05-11,177,15651,50,5335,125,9627,2,689,34,1665,143,7308,36,8973,California
Del Norte,2021-05-12,151,15802,23,5358,118,9745,10,699,27,1579,123,7431,37,9010,California
Del Norte,2021-05-13,68,15870,30,5388,37,9782,1,700,38,1588,30,7461,39,9049,California
Del Norte,2021-05-14,76,15946,26,5414,49,9831,1,701,41,1595,35,7496,42,9091,California
Del Norte,2021-05-15,96,16042,53,5467,37,9868,6,707,53,1611,43,7539,59,9150,California
Del Norte,2021-05-16,11,16053,0,5467,11,9879,0,707,11,1622,0,7539,11,9161,California
Del Norte,2021-05-17,26,16079,3,5470,20,9899,3,710,15,1629,11,7550,18,9179,California
Del Norte,2021-05-18,129,16208,69,5539,60,9959,0,710,81,1662,48,7598,81,9260,California
Del Norte,2021-05-19,97,16305,14,5553,66,10025,17,727,35,1651,62,7660,51,9311,California
Del Norte,2021-05-20,99,16404,31,5584,65,10090,3,730,39,1634,59,7719,42,9353,California
Del Norte,2021-05-21,81,16485,34,5618,44,10134,3,733,44,1644,37,7756,47,9400,California
Del Norte,2021-05-22,24,16509,8,5626,16,10150,0,733,11,1643,12,7768,11,9411,California
Del Norte,2021-05-23,14,16523,5,5631,9,10159,0,733,7,1643,7,7775,7,9418,California
Del Norte,2021-05-24,25,16548,9,5640,16,10175,0,733,16,1650,9,7784,16,9434,California
Del Norte,2021-05-25,47,16595,5,5645,36,10211,6,739,17,1646,27,7811,23,9457,California
Del Norte,2021-05-26,117,16712,36,5681,74,10285,7,746,54,1645,62,7873,61,9518,California
Del Norte,2021-05-27,72,16784,27,5708,41,10326,4,750,34,1645,38,7911,38,9556,California
Del Norte,2021-05-28,52,16836,7,5715,37,10363,8,758,8,1617,44,7955,16,9572,California
Del Norte,2021-05-29,8,16844,0,5715,4,10367,4,762,3,1619,5,7960,7,9579,California
Del Norte,2021-05-30,6,16850,0,5715,6,10373,0,762,1,1615,5,7965,1,9580,California
Del Norte,2021-05-31,4,16854,2,5717,2,10375,0,762,3,1617,1,7966,3,9583,California
Del Norte,2021-06-01,52,16906,6,5723,39,10414,7,769,11,1594,41,8007,18,9601,California
Del Norte,2021-06-02,83,16989,11,5734,67,10481,5,774,19,1554,64,8071,24,9625,California
Del Norte,2021-06-03,62,17051,36,5770,24,10505,2,776,27,1548,35,8106,29,9654,California
Del Norte,2021-06-04,70,17121,24,5794,41,10546,5,781,20,1523,50,8156,25,9679,California
Del Norte,2021-06-05,1,17122,0,5794,1,10547,0,781,0,1522,1,8157,0,9679,California
Del Norte,2021-06-06,10,17132,4,5798,4,10551,2,783,7,1528,3,8160,9,9688,California
Del Norte,2021-06-07,42,17174,9,5807,28,10579,5,788,15,1521,27,8187,20,9708,California
Del Norte,2021-06-08,112,17286,81,5888,26,10605,5,793,33,1480,79,8266,38,9746,California
Del Norte,2021-06-09,58,17344,11,5899,40,10645,7,800,16,1461,42,8308,23,9769,California
Del Norte,2021-06-10,57,17401,27,5926,23,10668,7,807,12,1436,44,8352,19,9788,California
Del Norte,2021-06-11,59,17460,23,5949,27,10695,9,816,13,1412,46,8398,22,9810,California
Del Norte,2021-06-12,17,17477,3,5952,11,10706,3,819,2,1402,15,8413,5,9815,California
Del Norte,2021-06-13,61,17538,43,5995,13,10719,5,824,13,1372,48,8461,18,9833,California
Del Norte,2021-06-14,37,17575,15,6010,18,10737,4,828,15,1370,21,8482,19,9852,California
Del Norte,2021-06-15,38,17613,9,6019,21,10758,8,836,5,1350,33,8515,13,9865,California
Del Norte,2021-06-16,97,17710,36,6055,50,10808,11,847,22,1308,75,8590,33,9898,California
Del Norte,2021-06-17,31,17741,13,6068,15,10823,3,850,7,1294,24,8614,10,9908,California
Del Norte,2021-06-18,48,17789,22,6090,21,10844,5,855,19,1289,29,8643,24,9932,California
Del Norte,2021-06-19,11,17800,0,6090,7,10851,4,859,3,1288,8,8651,7,9939,California
Del Norte,2021-06-20,13,17813,9,6099,4,10855,0,859,8,1291,5,8656,8,9947,California
Del Norte,2021-06-21,23,17836,8,6107,10,10865,5,864,9,1291,14,8670,14,9961,California
Del Norte,2021-06-22,39,17875,9,6116,19,10884,11,875,14,1291,25,8695,25,9986,California
Del Norte,2021-06-23,68,17943,32,6148,30,10914,6,881,31,1292,36,8731,37,10023,California
Del Norte,2021-06-24,47,17990,27,6175,13,10927,7,888,17,1286,30,8761,24,10047,California
Del Norte,2021-06-25,28,18018,14,6189,12,10939,2,890,13,1286,15,8776,15,10062,California
Del Norte,2021-06-26,5,18023,0,6189,5,10944,0,890,2,1285,3,8779,2,10064,California
Del Norte,2021-06-27,9,18032,4,6193,5,10949,0,890,6,1288,3,8782,6,10070,California
Del Norte,2021-06-28,13,18045,6,6199,5,10954,2,892,7,1291,6,8788,9,10079,California
Del Norte,2021-06-29,55,18100,40,6239,12,10966,3,895,19,1277,36,8824,22,10101,California
Del Norte,2021-06-30,35,18135,17,6256,13,10979,5,900,11,1269,24,8848,16,10117,California
Del Norte,2021-07-01,22,18157,9,6265,9,10988,4,904,7,1265,15,8863,11,10128,California
Del Norte,2021-07-02,19,18176,7,6272,11,10999,1,905,6,1259,13,8876,7,10135,California
Del Norte,2021-07-03,3,18179,2,6274,1,11000,0,905,2,1260,1,8877,2,10137,California
Del Norte,2021-07-04,6,18185,5,6279,1,11001,0,905,2,1258,4,8881,2,10139,California
Del Norte,2021-07-05,10,18195,6,6285,4,11005,0,905,2,1252,8,8889,2,10141,California
Del Norte,2021-07-06,29,18224,15,6300,13,11018,1,906,16,1257,12,8901,17,10158,California
Del Norte,2021-07-07,45,18269,18,6318,22,11040,5,911,15,1247,30,8931,20,10178,California
El Dorado,2020-12-15,12,12,12,12,0,0,0,0,12,12,0,0,12,12,California
El Dorado,2020-12-16,40,52,40,52,0,0,0,0,40,52,0,0,40,52,California
El Dorado,2020-12-17,35,87,35,87,0,0,0,0,35,87,0,0,35,87,California
El Dorado,2020-12-18,263,350,263,350,0,0,0,0,263,350,0,0,263,350,California
El Dorado,2020-12-19,119,469,119,469,0,0,0,0,119,469,0,0,119,469,California
El Dorado,2020-12-20,87,556,87,556,0,0,0,0,87,556,0,0,87,556,California
El Dorado,2020-12-21,312,868,311,867,1,1,0,0,312,868,0,0,312,868,California
El Dorado,2020-12-22,242,1110,218,1085,24,25,0,0,242,1110,0,0,242,1110,California
El Dorado,2020-12-23,190,1300,141,1226,49,74,0,0,190,1300,0,0,190,1300,California
El Dorado,2020-12-24,87,1387,66,1292,21,95,0,0,87,1387,0,0,87,1387,California
El Dorado,2020-12-25,8,1395,8,1300,0,95,0,0,8,1395,0,0,8,1395,California
El Dorado,2020-12-26,45,1440,27,1327,18,113,0,0,45,1440,0,0,45,1440,California
El Dorado,2020-12-27,38,1478,34,1361,4,117,0,0,38,1478,0,0,38,1478,California
El Dorado,2020-12-28,217,1695,168,1529,49,166,0,0,217,1695,0,0,217,1695,California
El Dorado,2020-12-29,462,2157,145,1674,317,483,0,0,462,2157,0,0,462,2157,California
El Dorado,2020-12-30,510,2667,139,1813,371,854,0,0,510,2667,0,0,510,2667,California
El Dorado,2020-12-31,110,2777,69,1882,41,895,0,0,110,2777,0,0,110,2777,California
El Dorado,2021-01-01,7,2784,4,1886,3,898,0,0,7,2784,0,0,7,2784,California
El Dorado,2021-01-02,155,2939,142,2028,13,911,0,0,155,2939,0,0,155,2939,California
El Dorado,2021-01-03,96,3035,19,2047,77,988,0,0,96,3035,0,0,96,3035,California
El Dorado,2021-01-04,193,3228,62,2109,131,1119,0,0,193,3228,0,0,193,3228,California
El Dorado,2021-01-05,230,3458,74,2183,156,1275,0,0,211,3420,19,19,211,3439,California
El Dorado,2021-01-06,243,3701,169,2352,74,1349,0,0,176,3530,66,85,176,3615,California
El Dorado,2021-01-07,334,4035,137,2489,197,1546,0,0,257,3710,77,162,257,3872,California
El Dorado,2021-01-08,997,5032,516,3005,481,2027,0,0,770,4254,227,389,771,4643,California
El Dorado,2021-01-09,201,5233,162,3167,39,2066,0,0,129,4311,72,461,129,4772,California
El Dorado,2021-01-10,182,5415,133,3300,49,2115,0,0,109,4348,73,534,110,4882,California
El Dorado,2021-01-11,663,6078,294,3594,369,2484,0,0,463,4613,199,733,464,5346,California
El Dorado,2021-01-12,811,6889,427,4021,384,2868,0,0,558,4918,253,986,558,5904,California
El Dorado,2021-01-13,706,7595,301,4322,405,3273,0,0,541,5294,165,1151,541,6445,California
El Dorado,2021-01-14,807,8402,224,4546,583,3856,0,0,709,5906,97,1248,709,7154,California
El Dorado,2021-01-15,799,9201,189,4735,610,4466,0,0,725,6557,74,1322,725,7879,California
El Dorado,2021-01-16,218,9419,104,4839,114,4580,0,0,191,6721,27,1349,191,8070,California
El Dorado,2021-01-17,107,9526,50,4889,57,4637,0,0,89,6792,18,1367,89,8159,California
El Dorado,2021-01-18,427,9953,143,5032,284,4921,0,0,354,7073,73,1440,354,8513,California
El Dorado,2021-01-19,755,10708,452,5484,303,5224,0,0,604,7527,151,1591,605,9118,California
El Dorado,2021-01-20,1015,11723,693,6177,322,5546,0,0,900,8313,114,1705,900,10018,California
El Dorado,2021-01-21,1272,12995,682,6859,590,6136,0,0,1064,9210,167,1872,1064,11082,California
El Dorado,2021-01-22,1248,14243,844,7703,404,6540,0,0,1185,10333,62,1934,1185,12267,California
El Dorado,2021-01-23,885,15128,626,8329,259,6799,0,0,768,10984,117,2051,768,13035,California
El Dorado,2021-01-24,132,15260,80,8409,52,6851,0,0,112,11076,20,2071,112,13147,California
El Dorado,2021-01-25,699,15959,291,8700,408,7259,0,0,611,11599,88,2159,611,13758,California
El Dorado,2021-01-26,688,16647,372,9072,316,7575,0,0,582,12075,106,2265,582,14340,California
El Dorado,2021-01-27,1002,17649,396,9468,606,8181,0,0,663,12398,340,2605,663,15003,California
El Dorado,2021-01-28,1118,18767,455,9923,663,8844,0,0,755,12790,363,2968,755,15758,California
El Dorado,2021-01-29,1051,19818,558,10481,493,9337,0,0,756,13253,294,3262,757,16515,California
El Dorado,2021-01-30,841,20659,293,10774,548,9885,0,0,743,13899,97,3359,743,17258,California
El Dorado,2021-01-31,239,20898,215,10989,24,9909,0,0,184,14028,55,3414,184,17442,California
El Dorado,2021-02-01,806,21704,368,11357,438,10347,0,0,655,14532,151,3565,655,18097,California
El Dorado,2021-02-02,850,22554,369,11726,481,10828,0,0,686,15054,164,3729,686,18783,California
El Dorado,2021-02-03,910,23464,479,12205,431,11259,0,0,697,15538,213,3942,697,19480,California
El Dorado,2021-02-04,1258,24722,713,12918,545,11804,0,0,877,16036,379,4321,877,20357,California
El Dorado,2021-02-05,1507,26229,614,13532,893,12697,0,0,872,16310,598,4919,872,21229,California
El Dorado,2021-02-06,1089,27318,333,13865,756,13453,0,0,979,17180,110,5029,980,22209,California
El Dorado,2021-02-07,263,27581,180,14045,83,13536,0,0,197,17311,66,5095,197,22406,California
El Dorado,2021-02-08,889,28470,420,14465,469,14005,0,0,608,17640,279,5374,608,23014,California
El Dorado,2021-02-09,978,29448,549,15014,429,14434,0,0,543,17748,435,5809,543,23557,California
El Dorado,2021-02-10,1273,30721,745,15759,528,14962,0,0,671,17818,601,6410,671,24228,California
El Dorado,2021-02-11,2172,32893,897,16656,1275,16237,0,0,754,17158,1415,7825,755,24983,California
El Dorado,2021-02-12,1587,34480,833,17489,754,16991,0,0,676,16925,910,8735,677,25660,California
El Dorado,2021-02-13,1261,35741,676,18165,585,17576,0,0,660,16987,598,9333,660,26320,California
El Dorado,2021-02-14,493,36234,158,18323,335,17911,0,0,400,17294,93,9426,400,26720,California
El Dorado,2021-02-15,1179,37413,386,18709,793,18704,0,0,820,17759,359,9785,824,27544,California
El Dorado,2021-02-16,1212,38625,531,19240,681,19385,0,0,671,17891,540,10325,672,28216,California
El Dorado,2021-02-17,961,39586,425,19665,536,19921,0,0,464,17860,497,10822,466,28682,California
El Dorado,2021-02-18,2121,41707,1034,20699,1087,21008,0,0,1078,17898,1040,11862,1078,29760,California
El Dorado,2021-02-19,1240,42947,664,21363,576,21584,0,0,696,18052,542,12404,696,30456,California
El Dorado,2021-02-20,1096,44043,464,21827,632,22216,0,0,684,18331,406,12810,685,31141,California
El Dorado,2021-02-21,372,44415,239,22066,133,22349,0,0,181,18321,191,13001,181,31322,California
El Dorado,2021-02-22,920,45335,457,22523,463,22812,0,0,287,17978,630,13631,287,31609,California
El Dorado,2021-02-23,902,46237,511,23034,391,23203,0,0,366,17811,533,14164,366,31975,California
El Dorado,2021-02-24,1060,47297,460,23494,600,23803,0,0,441,17633,619,14783,441,32416,California
El Dorado,2021-02-25,1936,49233,1155,24649,781,24584,0,0,696,17102,1231,16014,700,33116,California
El Dorado,2021-02-26,2416,51649,1509,26158,907,25491,0,0,1615,17920,797,16811,1615,34731,California
El Dorado,2021-02-27,1742,53391,448,26606,1294,26785,0,0,1294,18769,445,17256,1294,36025,California
El Dorado,2021-02-28,967,54358,229,26835,738,27523,0,0,506,18816,460,17716,507,36532,California
El Dorado,2021-03-01,1170,55528,467,27302,701,28224,2,2,646,18941,523,18239,648,37180,California
El Dorado,2021-03-02,947,56475,272,27574,674,28898,1,3,498,18994,447,18686,500,37680,California
El Dorado,2021-03-03,1768,58243,474,28048,1294,30192,0,3,1206,19648,554,19240,1208,38888,California
El Dorado,2021-03-04,2537,60780,1556,29604,981,31173,0,3,1199,19516,1332,20572,1200,40088,California
El Dorado,2021-03-05,1596,62376,433,30037,1158,32331,5,8,1057,20045,533,21105,1062,41150,California
El Dorado,2021-03-06,747,63123,219,30256,495,32826,33,41,395,20123,350,21455,428,41578,California
El Dorado,2021-03-07,878,64001,198,30454,645,33471,35,76,245,19773,630,22085,280,41858,California
El Dorado,2021-03-08,1347,65348,378,30832,894,34365,75,151,862,20227,481,22566,935,42793,California
El Dorado,2021-03-09,1003,66351,231,31063,702,35067,70,221,596,20502,391,22957,666,43459,California
El Dorado,2021-03-10,977,67328,348,31411,573,35640,56,277,569,20724,402,23359,624,44083,California
El Dorado,2021-03-11,3050,70378,1851,33262,1012,36652,187,464,1291,20463,1736,25095,1475,45558,California
El Dorado,2021-03-12,1808,72186,626,33888,934,37586,248,712,749,20418,1042,26137,997,46555,California
El Dorado,2021-03-13,1140,73326,348,34236,508,38094,284,996,436,20433,702,26839,717,47272,California
El Dorado,2021-03-14,1024,74350,207,34443,705,38799,112,1108,279,20080,744,27583,391,47663,California
El Dorado,2021-03-15,1406,75756,304,34747,976,39775,126,1234,608,20021,794,28377,735,48398,California
El Dorado,2021-03-16,1232,76988,424,35171,664,40439,144,1378,561,20061,665,29042,705,49103,California
El Dorado,2021-03-17,1155,78143,361,35532,696,41135,98,1476,748,20499,406,29448,844,49947,California
El Dorado,2021-03-18,3014,81157,1784,37316,1185,42320,45,1521,1973,21487,1030,30478,2018,51965,California
El Dorado,2021-03-19,1129,82286,364,37680,613,42933,152,1673,628,21768,498,30976,779,52744,California
El Dorado,2021-03-20,1088,83374,273,37953,800,43733,15,1688,505,21717,571,31547,520,53264,California
El Dorado,2021-03-21,1095,84469,424,38377,666,44399,5,1693,907,22444,185,31732,912,54176,California
El Dorado,2021-03-22,1516,85985,495,38872,938,45337,83,1776,1187,23391,323,32055,1270,55446,California
El Dorado,2021-03-23,1160,87145,458,39330,607,45944,95,1871,735,23808,413,32468,830,56276,California
El Dorado,2021-03-24,1467,88612,633,39963,640,46584,194,2065,658,23879,781,33249,852,57128,California
El Dorado,2021-03-25,2525,91137,1690,41653,728,47312,107,2172,1368,24207,1149,34398,1477,58605,California
El Dorado,2021-03-26,1832,92969,699,42352,1021,48333,112,2284,927,24367,880,35278,1040,59645,California
El Dorado,2021-03-27,1505,94474,189,42541,1311,49644,5,2289,495,23863,1004,36282,500,60145,California
El Dorado,2021-03-28,692,95166,182,42723,498,50142,12,2301,167,23521,521,36803,179,60324,California
El Dorado,2021-03-29,1320,96486,434,43157,870,51012,16,2317,823,23867,493,37296,839,61163,California
El Dorado,2021-03-30,1371,97857,417,43574,861,51873,93,2410,682,23959,681,37977,773,61936,California
El Dorado,2021-03-31,1572,99429,589,44163,917,52790,66,2476,659,23771,910,38887,722,62658,California
El Dorado,2021-04-01,3243,102672,1773,45936,1387,54177,83,2559,1537,23690,1702,40589,1621,64279,California
El Dorado,2021-04-02,1899,104571,565,46501,1237,55414,97,2656,746,23386,1147,41736,843,65122,California
El Dorado,2021-04-03,755,105326,298,46799,336,55750,121,2777,228,23211,523,42259,348,65470,California
El Dorado,2021-04-04,272,105598,84,46883,140,55890,48,2825,97,23182,174,42433,145,65615,California
El Dorado,2021-04-05,1424,107022,422,47305,908,56798,94,2919,588,23036,827,43260,681,66296,California
El Dorado,2021-04-06,1415,108437,525,47830,670,57468,220,3139,442,22727,968,44228,659,66955,California
El Dorado,2021-04-07,1592,110029,560,48390,581,58049,451,3590,545,22676,1044,45272,993,67948,California
El Dorado,2021-04-08,2694,112723,1724,50114,732,58781,238,3828,1113,22453,1572,46844,1349,69297,California
El Dorado,2021-04-09,1447,114170,456,50570,769,59550,222,4050,569,22365,875,47719,787,70084,California
El Dorado,2021-04-10,1014,115184,227,50797,675,60225,112,4162,658,22782,352,48071,769,70853,California
El Dorado,2021-04-11,775,115959,456,51253,303,60528,16,4178,208,22440,566,48637,224,71077,California
El Dorado,2021-04-12,1292,117251,504,51757,640,61168,148,4326,561,22424,724,49361,708,71785,California
El Dorado,2021-04-13,1121,118372,609,52366,512,61680,0,4326,507,22321,610,49971,507,72292,California
El Dorado,2021-04-14,1102,119474,468,52834,633,62313,1,4327,378,21992,708,50679,379,72671,California
El Dorado,2021-04-15,2524,121998,1697,54531,827,63140,0,4327,959,21392,1560,52239,960,73631,California
El Dorado,2021-04-16,1469,123467,522,55053,947,64087,0,4327,604,21139,858,53097,605,74236,California
El Dorado,2021-04-17,1009,124476,203,55256,805,64892,1,4328,706,21545,300,53397,706,74942,California
El Dorado,2021-04-18,1209,125685,119,55375,1090,65982,0,4328,427,21193,779,54176,427,75369,California
El Dorado,2021-04-19,1740,127425,444,55819,1296,67278,0,4328,699,20857,1035,55211,699,76068,California
El Dorado,2021-04-20,1153,128578,399,56218,754,68032,0,4328,478,20666,670,55881,479,76547,California
El Dorado,2021-04-21,1241,129819,536,56754,701,68733,4,4332,638,20711,595,56476,640,77187,California
El Dorado,2021-04-22,2580,132399,1715,58469,865,69598,0,4332,1074,20284,1502,57978,1075,78262,California
El Dorado,2021-04-23,1435,133834,521,58990,914,70512,0,4332,725,20304,707,58685,727,78989,California
El Dorado,2021-04-24,1045,134879,521,59511,524,71036,0,4332,805,20871,238,58923,805,79794,California
El Dorado,2021-04-25,831,135710,449,59960,382,71418,0,4332,475,20990,356,59279,475,80269,California
El Dorado,2021-04-26,1206,136916,496,60456,693,72111,17,4349,566,20936,636,59915,582,80851,California
El Dorado,2021-04-27,1139,138055,434,60890,667,72778,38,4387,510,20862,622,60537,548,81399,California
El Dorado,2021-04-28,1085,139140,373,61263,672,73450,40,4427,441,20701,642,61179,481,81880,California
El Dorado,2021-04-29,2007,141147,1378,62641,597,74047,32,4459,600,19929,1404,62583,632,82512,California
El Dorado,2021-04-30,2153,143300,1365,64006,747,74794,41,4500,1378,20587,760,63343,1418,83930,California
El Dorado,2021-05-01,619,143919,283,64289,308,75102,28,4528,277,20557,335,63678,305,84235,California
El Dorado,2021-05-02,302,144221,215,64504,58,75160,29,4557,101,20488,198,63876,129,84364,California
El Dorado,2021-05-03,828,145049,407,64911,371,75531,50,4607,281,20277,543,64419,332,84696,California
El Dorado,2021-05-04,916,145965,462,65373,394,75925,60,4667,328,20081,584,65003,388,85084,California
El Dorado,2021-05-05,902,146867,450,65823,378,76303,74,4741,435,20125,465,65468,509,85593,California
El Dorado,2021-05-06,1140,148007,505,66328,588,76891,47,4788,486,20006,648,66116,529,86122,California
El Dorado,2021-05-07,995,149002,390,66718,546,77437,59,4847,403,19875,592,66708,461,86583,California
El Dorado,2021-05-08,675,149677,155,66873,483,77920,37,4884,207,19654,465,67173,244,86827,California
El Dorado,2021-05-09,232,149909,93,66966,112,78032,27,4911,102,19654,129,67302,129,86956,California
El Dorado,2021-05-10,828,150737,276,67242,494,78526,58,4969,241,19374,577,67879,297,87253,California
El Dorado,2021-05-11,699,151436,310,67552,327,78853,62,5031,284,19309,412,68291,347,87600,California
El Dorado,2021-05-12,656,152092,345,67897,270,79123,41,5072,251,19197,405,68696,293,87893,California
El Dorado,2021-05-13,1260,153352,796,68693,424,79547,40,5112,466,18914,788,69484,505,88398,California
El Dorado,2021-05-14,1411,154763,814,69507,513,80060,84,5196,669,18930,737,70221,753,89151,California
El Dorado,2021-05-15,909,155672,563,70070,290,80350,56,5252,322,18721,587,70808,378,89529,California
El Dorado,2021-05-16,874,156546,465,70535,383,80733,26,5278,236,18346,637,71445,262,89791,California
El Dorado,2021-05-17,1580,158126,667,71202,864,81597,49,5327,559,17936,1017,72462,607,90398,California
El Dorado,2021-05-18,1028,159154,517,71719,458,82055,53,5380,435,17832,592,73054,488,90886,California
El Dorado,2021-05-19,823,159977,335,72054,436,82491,52,5432,309,17685,507,73561,360,91246,California
El Dorado,2021-05-20,1186,161163,662,72716,449,82940,75,5507,444,17462,740,74301,517,91763,California
El Dorado,2021-05-21,2340,163503,1749,74465,549,83489,42,5549,813,16794,1523,75824,855,92618,California
El Dorado,2021-05-22,709,164212,207,74672,466,83955,36,5585,224,16570,484,76308,260,92878,California
El Dorado,2021-05-23,383,164595,134,74806,220,84175,29,5614,94,16407,286,76594,123,93001,California
El Dorado,2021-05-24,882,165477,454,75260,359,84534,69,5683,308,16212,570,77164,375,93376,California
El Dorado,2021-05-25,608,166085,254,75514,318,84852,36,5719,219,16080,386,77550,254,93630,California
El Dorado,2021-05-26,811,166896,400,75914,387,85239,24,5743,279,15853,530,78080,303,93933,California
El Dorado,2021-05-27,623,167519,244,76158,344,85583,35,5778,310,15885,312,78392,344,94277,California
El Dorado,2021-05-28,729,168248,257,76415,407,85990,65,5843,305,15833,422,78814,370,94647,California
El Dorado,2021-05-29,392,168640,112,76527,264,86254,16,5859,172,15801,220,79034,188,94835,California
El Dorado,2021-05-30,173,168813,101,76628,58,86312,14,5873,82,15807,90,79124,96,94931,California
El Dorado,2021-05-31,37,168850,12,76640,14,86326,11,5884,8,15797,29,79153,19,94950,California
El Dorado,2021-06-01,679,169529,293,76933,346,86672,40,5924,230,15621,446,79599,270,95220,California
El Dorado,2021-06-02,628,170157,300,77233,278,86950,50,5974,258,15561,368,79967,308,95528,California
El Dorado,2021-06-03,728,170885,338,77571,347,87297,43,6017,176,15228,552,80519,219,95747,California
El Dorado,2021-06-04,887,171772,527,78098,326,87623,34,6051,187,14751,698,81217,221,95968,California
El Dorado,2021-06-05,389,172161,225,78323,152,87775,12,6063,83,14541,305,81522,95,96063,California
El Dorado,2021-06-06,282,172443,196,78519,70,87845,16,6079,52,14379,229,81751,67,96130,California
El Dorado,2021-06-07,785,173228,488,79007,257,88102,40,6119,170,13982,607,82358,210,96340,California
El Dorado,2021-06-08,632,173860,383,79390,216,88318,33,6152,131,13647,498,82856,163,96503,California
El Dorado,2021-06-09,468,174328,279,79669,163,88481,26,6178,112,13429,356,83212,138,96641,California
El Dorado,2021-06-10,588,174916,365,80034,192,88673,31,6209,160,13194,426,83638,191,96832,California
El Dorado,2021-06-11,658,175574,395,80429,219,88892,44,6253,130,12841,527,84165,174,97006,California
El Dorado,2021-06-12,262,175836,154,80583,89,88981,19,6272,60,12719,201,84366,79,97085,California
El Dorado,2021-06-13,163,175999,90,80673,55,89036,18,6290,34,12643,128,84494,52,97137,California
El Dorado,2021-06-14,513,176512,360,81033,123,89159,30,6320,136,12432,377,84871,166,97303,California
El Dorado,2021-06-15,449,176961,240,81273,172,89331,37,6357,127,12277,319,85190,164,97467,California
El Dorado,2021-06-16,505,177466,357,81630,108,89439,40,6397,131,12075,373,85563,171,97638,California
El Dorado,2021-06-17,433,177899,264,81894,136,89575,33,6430,139,11955,293,85856,173,97811,California
El Dorado,2021-06-18,398,178297,253,82147,110,89685,35,6465,118,11829,279,86135,153,97964,California
El Dorado,2021-06-19,246,178543,152,82299,80,89765,14,6479,91,11780,154,86289,105,98069,California
El Dorado,2021-06-20,124,178667,90,82389,28,89793,6,6485,52,11766,72,86361,58,98127,California
El Dorado,2021-06-21,319,178986,164,82553,129,89922,26,6511,124,11723,193,86554,150,98277,California
El Dorado,2021-06-22,395,179381,259,82812,114,90036,22,6533,133,11617,261,86815,155,98432,California
El Dorado,2021-06-23,423,179804,290,83102,111,90147,22,6555,138,11494,283,87098,160,98592,California
El Dorado,2021-06-24,392,180196,242,83344,136,90283,14,6569,145,11406,247,87345,159,98751,California
El Dorado,2021-06-25,351,180547,214,83558,99,90382,38,6607,143,11384,203,87548,181,98932,California
El Dorado,2021-06-26,208,180755,122,83680,71,90453,15,6622,69,11331,138,87686,85,99017,California
El Dorado,2021-06-27,115,180870,80,83760,29,90482,6,6628,51,11324,64,87750,57,99074,California
El Dorado,2021-06-28,303,181173,214,83974,63,90545,26,6654,132,11312,170,87920,158,99232,California
El Dorado,2021-06-29,292,181465,168,84142,102,90647,22,6676,115,11274,175,88095,137,99369,California
El Dorado,2021-06-30,246,181711,175,84317,59,90706,12,6688,121,11283,124,88219,133,99502,California
El Dorado,2021-07-01,233,181944,136,84453,82,90788,15,6703,89,11242,144,88363,103,99605,California
El Dorado,2021-07-02,257,182201,162,84615,71,90859,24,6727,111,11232,145,88508,135,99740,California
El Dorado,2021-07-03,98,182299,75,84690,18,90877,5,6732,46,11231,52,88560,51,99791,California
El Dorado,2021-07-04,4,182303,0,84690,1,90878,3,6735,0,11230,4,88564,3,99794,California
El Dorado,2021-07-05,152,182455,93,84783,52,90930,7,6742,81,11246,71,88635,87,99881,California
El Dorado,2021-07-06,286,182741,182,84965,73,91003,31,6773,112,11217,172,88807,143,100024,California
El Dorado,2021-07-07,182,182923,131,85096,37,91040,14,6787,75,11200,106,88913,89,100113,California
Fresno,2020-12-15,2,2,2,2,0,0,0,0,2,2,0,0,2,2,California
Fresno,2020-12-16,124,126,124,126,0,0,0,0,124,126,0,0,124,126,California
Fresno,2020-12-17,123,249,123,249,0,0,0,0,123,249,0,0,123,249,California
Fresno,2020-12-18,350,599,350,599,0,0,0,0,350,599,0,0,350,599,California
Fresno,2020-12-19,161,760,161,760,0,0,0,0,161,760,0,0,161,760,California
Fresno,2020-12-20,256,1016,254,1014,2,2,0,0,256,1016,0,0,256,1016,California
Fresno,2020-12-21,929,1945,927,1941,2,4,0,0,958,1974,0,0,958,1974,California
Fresno,2020-12-22,907,2852,875,2816,32,36,0,0,911,2885,0,0,911,2885,California
Fresno,2020-12-23,1092,3944,1047,3863,45,81,0,0,1093,3978,0,0,1093,3978,California
Fresno,2020-12-24,590,4534,564,4427,26,107,0,0,590,4568,0,0,590,4568,California
Fresno,2020-12-25,3,4537,1,4428,2,109,0,0,3,4571,0,0,3,4571,California
Fresno,2020-12-26,723,5260,714,5142,9,118,0,0,723,5294,0,0,723,5294,California
Fresno,2020-12-27,306,5566,210,5352,96,214,0,0,306,5600,0,0,306,5600,California
Fresno,2020-12-28,1096,6662,802,6154,294,508,0,0,1097,6697,0,0,1097,6697,California
Fresno,2020-12-29,1765,8427,999,7153,766,1274,0,0,1763,8459,1,1,1763,8460,California
Fresno,2020-12-30,984,9411,443,7596,541,1815,0,0,984,9443,0,1,984,9444,California
Fresno,2020-12-31,926,10337,309,7905,617,2432,0,0,926,10369,0,1,926,10370,California
Fresno,2021-01-01,10,10347,3,7908,7,2439,0,0,10,10379,0,1,10,10380,California
Fresno,2021-01-02,1027,11374,713,8621,314,2753,0,0,1027,11406,0,1,1027,11407,California
Fresno,2021-01-03,155,11529,129,8750,26,2779,0,0,155,11561,0,1,155,11562,California
Fresno,2021-01-04,623,12152,376,9126,247,3026,0,0,623,12184,0,1,623,12185,California
Fresno,2021-01-05,786,12938,312,9438,474,3500,0,0,712,12822,74,75,712,12897,California
Fresno,2021-01-06,995,13933,351,9789,644,4144,0,0,821,13469,174,249,821,13718,California
Fresno,2021-01-07,1905,15838,918,10707,987,5131,0,0,1650,14867,255,504,1653,15371,California
Fresno,2021-01-08,1796,17634,615,11322,1181,6312,0,0,1430,15934,364,868,1431,16802,California
Fresno,2021-01-09,635,18269,390,11712,245,6557,0,0,357,16013,278,1146,357,17159,California
Fresno,2021-01-10,516,18785,486,12198,30,6587,0,0,203,15903,313,1459,203,17362,California
Fresno,2021-01-11,2230,21015,1812,14010,418,7005,0,0,1535,16747,695,2154,1539,18901,California
Fresno,2021-01-12,2539,23554,1830,15840,709,7714,0,0,1688,17584,853,3007,1690,20591,California
Fresno,2021-01-13,3571,27125,2438,18278,1133,8847,0,0,2715,19445,857,3864,2718,23309,California
Fresno,2021-01-14,4164,31289,2200,20478,1964,10811,0,0,3691,22664,472,4336,3691,27000,California
Fresno,2021-01-15,3683,34972,2542,23020,1141,11952,0,0,3323,25631,360,4696,3327,30327,California
Fresno,2021-01-16,3160,38132,2314,25334,846,12798,0,0,2690,27853,470,5166,2692,33019,California
Fresno,2021-01-17,979,39111,557,25891,422,13220,0,0,779,28432,200,5366,779,33798,California
Fresno,2021-01-18,3092,42203,2376,28267,716,13936,0,0,2435,30214,655,6021,2437,36235,California
Fresno,2021-01-19,4358,46561,2552,30819,1806,15742,0,0,3698,33256,660,6681,3702,39937,California
Fresno,2021-01-20,3058,49619,1227,32046,1831,17573,0,0,2742,35688,313,6994,2745,42682,California
Fresno,2021-01-21,4449,54068,2081,34127,2368,19941,0,0,4084,39436,342,7336,4090,46772,California
Fresno,2021-01-22,3342,57410,1358,35485,1984,21925,0,0,2954,42020,371,7707,2955,49727,California
Fresno,2021-01-23,3067,60477,1983,37468,1084,23009,0,0,2343,43645,723,8430,2348,52075,California
Fresno,2021-01-24,560,61037,379,37847,181,23190,0,0,352,43791,208,8638,354,52429,California
Fresno,2021-01-25,2448,63485,869,38716,1579,24769,0,0,1869,45084,579,9217,1872,54301,California
Fresno,2021-01-26,2097,65582,597,39313,1500,26269,0,0,1329,45648,766,9983,1330,55631,California
Fresno,2021-01-27,2418,68000,1245,40558,1173,27442,0,0,1738,46721,675,10658,1748,57379,California
Fresno,2021-01-28,4579,72579,3071,43629,1508,28950,0,0,3477,49103,1098,11756,3480,60859,California
Fresno,2021-01-29,1681,74260,951,44580,730,29680,0,0,1375,50178,301,12057,1376,62235,California
Fresno,2021-01-30,1449,75709,542,45122,907,30587,0,0,1032,50793,417,12474,1032,63267,California
Fresno,2021-01-31,227,75936,216,45338,11,30598,0,0,73,50712,154,12628,73,63340,California
Fresno,2021-02-01,3366,79302,1665,47003,1701,32299,0,0,1772,50903,1592,14220,1783,65123,California
Fresno,2021-02-02,2741,82043,556,47559,2185,34484,0,0,1577,51346,1149,15369,1592,66715,California
Fresno,2021-02-03,3583,85626,2115,49674,1468,35952,0,0,1547,50870,2024,17393,1548,68263,California
Fresno,2021-02-04,4223,89849,1908,51582,2315,38267,0,0,1929,50540,2264,19657,1934,70197,California
Fresno,2021-02-05,5379,95228,2748,54330,2631,40898,0,0,2315,49801,3058,22715,2319,72516,California
Fresno,2021-02-06,2948,98176,2053,56383,895,41793,0,0,974,48810,1966,24681,975,73491,California
Fresno,2021-02-07,470,98646,288,56671,182,41975,0,0,272,48885,197,24878,272,73763,California
Fresno,2021-02-08,4296,102942,2301,58972,1995,43970,0,0,1812,48235,2471,27349,1821,75584,California
Fresno,2021-02-09,5359,108301,2088,61060,3271,47241,0,0,3131,49224,2151,29500,3140,78724,California
Fresno,2021-02-10,3914,112215,1239,62299,2675,49916,0,0,1982,49340,1878,31378,1994,80718,California
Fresno,2021-02-11,6480,118695,2100,64399,4380,54296,0,0,3323,49530,3138,34516,3328,84046,California
Fresno,2021-02-12,5449,124144,1390,65789,4059,58355,0,0,2738,49584,2693,37209,2747,86793,California
Fresno,2021-02-13,3775,127919,1575,67364,2200,60555,0,0,2090,50006,1673,38882,2095,88888,California
Fresno,2021-02-14,1583,129502,291,67655,1292,61847,0,0,848,50123,733,39615,850,89738,California
Fresno,2021-02-15,2914,132416,274,67929,2640,64487,0,0,1803,50823,1107,40722,1807,91545,California
Fresno,2021-02-16,6770,139186,2418,70347,4352,68839,0,0,4258,52596,2491,43213,4264,95809,California
Fresno,2021-02-17,5375,144561,2477,72824,2898,71737,0,0,2987,53245,2342,45555,2991,98800,California
Fresno,2021-02-18,6946,151507,2933,75757,4013,75750,0,0,2596,51547,4305,49860,2607,101407,California
Fresno,2021-02-19,3976,155483,1132,76889,2844,78594,0,0,1842,51270,2122,51982,1845,103252,California
Fresno,2021-02-20,4647,160130,2548,79437,2099,80693,0,0,3126,52887,1515,53497,3132,106384,California
Fresno,2021-02-21,208,160338,188,79625,20,80713,0,0,136,52966,57,53554,136,106520,California
Fresno,2021-02-22,2341,162679,1049,80674,1292,82005,0,0,1273,53185,1057,54611,1276,107796,California
Fresno,2021-02-23,4739,167418,2286,82960,2453,84458,0,0,3846,56153,880,55491,3848,111644,California
Fresno,2021-02-24,4292,171710,1522,84482,2770,87228,0,0,3509,58894,771,56262,3512,115156,California
Fresno,2021-02-25,8783,180493,3780,88262,5003,92231,0,0,7271,64726,1448,57710,7280,122436,California
Fresno,2021-02-26,9134,189627,3722,91984,5412,97643,0,0,7797,71218,1311,59021,7803,130239,California
Fresno,2021-02-27,7357,196984,3166,95150,4190,101833,1,1,6636,77153,706,59727,6641,136880,California
Fresno,2021-02-28,1666,198650,540,95690,1126,102959,0,1,1572,78645,81,59808,1573,138453,California
Fresno,2021-03-01,5133,203783,1334,97024,3799,106758,0,1,3705,80944,1410,61218,3709,142162,California
Fresno,2021-03-02,9918,213701,3415,100439,6503,113261,0,1,8519,88114,1374,62592,8544,150706,California
Fresno,2021-03-03,7096,220797,1795,102234,5300,118561,1,2,6072,93290,1011,63603,6187,156893,California
Fresno,2021-03-04,10503,231300,4134,106368,6369,124930,0,2,8738,100301,1737,65340,8748,165641,California
Fresno,2021-03-05,9390,240690,3647,110015,5741,130671,2,4,8080,107281,1177,66517,8157,173798,California
Fresno,2021-03-06,7037,247727,3953,113968,2965,133636,119,123,6034,112444,995,67512,6158,179956,California
Fresno,2021-03-07,1558,249285,687,114655,790,134426,81,204,1282,113535,273,67785,1364,181320,California
Fresno,2021-03-08,5367,254652,2060,116715,3142,137568,165,369,4054,116466,1299,69084,4230,185550,California
Fresno,2021-03-09,8677,263329,3806,120521,4596,142164,275,644,4662,117446,3993,73077,4973,190523,California
Fresno,2021-03-10,6929,270258,2882,123403,3656,145820,391,1035,5410,121745,1510,74587,5809,196332,California
Fresno,2021-03-11,11637,281895,4595,127998,6491,152311,551,1586,6326,123416,5284,79871,6955,203287,California
Fresno,2021-03-12,12095,293990,5153,133151,6515,158826,427,2013,9088,130085,2986,82857,9655,212942,California
Fresno,2021-03-13,8369,302359,4075,137226,3280,162106,1014,3027,4026,130881,4320,87177,5116,218058,California
Fresno,2021-03-14,1788,304147,486,137712,1013,163119,289,3316,674,130741,1103,88280,963,219021,California
Fresno,2021-03-15,7150,311297,3181,140893,3792,166911,177,3493,4933,133853,2201,90481,5313,224334,California
Fresno,2021-03-16,10248,321545,4551,145444,5303,172214,394,3887,5427,134984,4788,95269,5919,230253,California
Fresno,2021-03-17,8758,330303,4006,149450,4049,176263,703,4590,5918,139198,2815,98084,7029,237282,California
Fresno,2021-03-18,12564,342867,6801,156251,5086,181349,677,5267,7030,141917,5483,103567,8202,245484,California
Fresno,2021-03-19,11291,354158,5965,162216,4703,186052,623,5890,6927,145516,4329,107896,7928,253412,California
Fresno,2021-03-20,7643,361801,4616,166832,2703,188755,324,6214,3754,146056,3858,111754,4398,257810,California
Fresno,2021-03-21,1869,363670,1276,168108,213,188968,380,6594,1022,146621,839,112593,1404,259214,California
Fresno,2021-03-22,5720,369390,2936,171044,2186,191154,598,7192,3811,149382,1889,114482,4650,263864,California
Fresno,2021-03-23,10652,380042,5333,176377,4819,195973,500,7692,5092,149886,5535,120017,6039,269903,California
Fresno,2021-03-24,8902,388944,3857,180234,4211,200184,834,8526,4950,151809,3914,123931,5837,275740,California
Fresno,2021-03-25,12233,401177,5691,185925,5737,205921,805,9331,4740,149992,7443,131374,5626,281366,California
Fresno,2021-03-26,12271,413448,5473,191398,6152,212073,646,9977,4405,147261,7807,139181,5076,286442,California
Fresno,2021-03-27,10139,423587,4859,196257,4195,216268,1085,11062,2925,144103,7174,146355,4016,290458,California
Fresno,2021-03-28,3425,427012,1326,197583,1406,217674,693,11755,1113,144053,2304,148659,2254,292712,California
Fresno,2021-03-29,6007,433019,2017,199600,3450,221124,540,12295,2897,144423,3081,151740,3451,296163,California
Fresno,2021-03-30,11031,444050,4280,203880,5849,226973,902,13197,3826,141980,7172,158912,4729,300892,California
Fresno,2021-03-31,9750,453800,3397,207277,5342,232315,1011,14208,3659,140600,6043,164955,4663,305555,California
Fresno,2021-04-01,12245,466045,4225,211502,7163,239478,857,15065,4046,137366,8092,173047,4858,310413,California
Fresno,2021-04-02,12141,478186,4647,216149,6694,246172,800,15865,4279,134752,7697,180744,5083,315496,California
Fresno,2021-04-03,6428,484614,3532,219681,2632,248804,264,16129,2146,132934,4264,185008,2446,317942,California
Fresno,2021-04-04,1506,486120,540,220221,920,249724,46,16175,546,132576,950,185958,592,318534,California
Fresno,2021-04-05,8365,494485,4486,224707,3076,252800,803,16978,2440,129982,5907,191865,3313,321847,California
Fresno,2021-04-06,9659,504144,4050,228757,4416,257216,1193,18171,3550,128672,6069,197934,4759,326606,California
Fresno,2021-04-07,10650,514794,5514,234271,3919,261135,1217,19388,3539,126388,7065,204999,4781,331387,California
Fresno,2021-04-08,10997,525791,5187,239458,4644,265779,1166,20554,3451,123550,7492,212491,4654,336041,California
Fresno,2021-04-09,11743,537534,5467,244925,4872,270651,1404,21958,3686,120652,8006,220497,5108,341149,California
Fresno,2021-04-10,7943,545477,5178,250103,2237,272888,528,22486,3684,120624,4238,224735,4210,345359,California
Fresno,2021-04-11,1405,546882,939,251042,374,273262,92,22578,446,120209,954,225689,539,345898,California
Fresno,2021-04-12,7584,554466,4104,255146,2546,275808,934,23512,2418,118425,5134,230823,3350,349248,California
Fresno,2021-04-13,9048,563514,4321,259467,4656,280464,71,23583,3523,116627,5486,236309,3688,352936,California
Fresno,2021-04-14,9764,573278,5814,265281,3949,284413,1,23584,3791,114538,5928,242237,3839,356775,California
Fresno,2021-04-15,8533,581811,4246,269527,4284,288697,3,23587,3199,112441,5302,247539,3205,359980,California
Fresno,2021-04-16,9633,591444,4674,274201,4957,293654,2,23589,3916,110686,5678,253217,3923,363903,California
Fresno,2021-04-17,5680,597124,3795,277996,1885,295539,0,23589,2700,110432,2956,256173,2702,366605,California
Fresno,2021-04-18,1159,598283,684,278680,475,296014,0,23589,519,110316,635,256808,519,367124,California
Fresno,2021-04-19,5811,604094,3235,281915,2573,298587,3,23592,2264,109080,3506,260314,2270,369394,California
Fresno,2021-04-20,7236,611330,3700,285615,3528,302115,8,23600,2700,107280,4508,264822,2708,372102,California
Fresno,2021-04-21,7080,618410,4202,289817,2869,304984,9,23609,2894,106042,4144,268966,2906,375008,California
Fresno,2021-04-22,6573,624983,3353,293170,3219,308203,1,23610,2414,104362,4098,273064,2418,377426,California
Fresno,2021-04-23,7347,632330,4039,297209,3291,311494,17,23627,2805,102717,4455,277519,2810,380236,California
Fresno,2021-04-24,4180,636510,2495,299704,1685,313179,0,23627,1916,102383,2250,279769,1916,382152,California
Fresno,2021-04-25,1370,637880,552,300256,815,313994,3,23630,685,102392,679,280448,688,382840,California
Fresno,2021-04-26,4328,642208,2228,302484,2055,316049,45,23675,1824,101789,2472,282920,1869,384709,California
Fresno,2021-04-27,4939,647147,2534,305018,2279,318328,126,23801,1940,100879,2975,285895,2065,386774,California
Fresno,2021-04-28,4915,652062,2809,307827,1976,320304,130,23931,2065,100249,2826,288721,2196,388970,California
Fresno,2021-04-29,4911,656973,2760,310587,2010,322314,141,24072,1879,99265,3001,291722,2017,390987,California
Fresno,2021-04-30,5535,662508,3392,313979,2009,324323,134,24206,2218,98333,3283,295005,2351,393338,California
Fresno,2021-05-01,4210,666718,3469,317448,601,324924,140,24346,1239,96760,2950,297955,1377,394715,California
Fresno,2021-05-02,1255,667973,778,318226,426,325350,51,24397,617,96801,625,298580,666,395381,California
Fresno,2021-05-03,4062,672035,2708,320934,1162,326512,192,24589,1308,95572,2724,301304,1495,396876,California
Fresno,2021-05-04,4951,676986,2614,323548,2186,328698,151,24740,1576,93953,3348,304652,1729,398605,California
Fresno,2021-05-05,5367,682353,3409,326957,1729,330427,229,24969,1689,92213,3654,308306,1914,400519,California
Fresno,2021-05-06,4491,686844,2900,329857,1487,331914,104,25073,1559,90977,2899,311205,1663,402182,California
Fresno,2021-05-07,5143,691987,3411,333268,1565,333479,167,25240,1586,89195,3531,314736,1749,403931,California
Fresno,2021-05-08,4072,696059,2655,335923,1269,334748,148,25388,1257,87812,2789,317525,1406,405337,California
Fresno,2021-05-09,723,696782,393,336316,285,335033,45,25433,349,87838,368,317893,394,405731,California
Fresno,2021-05-10,2984,699766,1590,337906,1252,336285,142,25575,932,86871,2041,319934,1074,406805,California
Fresno,2021-05-11,3903,703669,2080,339986,1725,338010,98,25673,1258,85597,2630,322564,1356,408161,California
Fresno,2021-05-12,4155,707824,2712,342698,1280,339290,163,25836,1399,84431,2728,325292,1562,409723,California
Fresno,2021-05-13,4185,712009,2448,345146,1632,340922,105,25941,1857,84106,2288,327580,1963,411686,California
Fresno,2021-05-14,5113,717122,3080,348226,1849,342771,184,26125,2154,83520,2925,330505,2339,414025,California
Fresno,2021-05-15,3640,720762,2732,350958,777,343548,131,26256,1866,83754,1761,332266,1995,416020,California
Fresno,2021-05-16,1586,722348,1086,352044,466,344014,34,26290,922,84053,658,332924,957,416977,California
Fresno,2021-05-17,4191,726539,2832,354876,1196,345210,163,26453,2223,84500,1937,334861,2384,419361,California
Fresno,2021-05-18,4130,730669,2555,357431,1419,346629,156,26609,2081,84710,2024,336885,2234,421595,California
Fresno,2021-05-19,4361,735030,2769,360200,1415,348044,177,26786,2061,84670,2277,339162,2237,423832,California
Fresno,2021-05-20,4116,739146,2456,362656,1470,349514,190,26976,1871,84503,2226,341388,2059,425891,California
Fresno,2021-05-21,4621,743767,3030,365686,1496,351010,95,27071,2073,84153,2516,343904,2166,428057,California
Fresno,2021-05-22,3949,747716,2929,368615,847,351857,173,27244,2271,84936,1660,345564,2443,430500,California
Fresno,2021-05-23,962,748678,629,369244,303,352160,30,27274,474,84961,479,346043,504,431004,California
Fresno,2021-05-24,3312,751990,2106,371350,1091,353251,115,27389,1533,84854,1755,347798,1648,432652,California
Fresno,2021-05-25,3222,755212,1931,373281,1165,354416,126,27515,1350,84471,1858,349656,1475,434127,California
Fresno,2021-05-26,3254,758466,2148,375429,999,355415,107,27622,1573,84490,1660,351316,1679,435806,California
Fresno,2021-05-27,3146,761612,1911,377340,1128,356543,107,27729,1314,84102,1810,353126,1422,437228,California
Fresno,2021-05-28,3446,765058,2215,379555,1136,357679,95,27824,1871,84519,1550,354676,1967,439195,California
Fresno,2021-05-29,2282,767340,1664,381219,548,358227,70,27894,1188,84694,1084,355760,1259,440454,California
Fresno,2021-05-30,895,768235,537,381756,322,358549,36,27930,414,84680,463,356223,449,440903,California
Fresno,2021-05-31,318,768553,158,381914,148,358697,12,27942,133,84643,180,356403,143,441046,California
Fresno,2021-06-01,3026,771579,1821,383735,1108,359805,97,28039,1143,84022,1860,358263,1239,442285,California
Fresno,2021-06-02,2664,774243,1718,385453,856,360661,90,28129,1060,83600,1574,359837,1152,443437,California
Fresno,2021-06-03,2971,777214,2035,387488,834,361495,102,28231,1113,82977,1836,361673,1213,444650,California
Fresno,2021-06-04,3245,780459,2350,389838,794,362289,101,28332,1069,81997,2151,363824,1171,445821,California
Fresno,2021-06-05,3128,783587,2314,392152,693,362982,121,28453,1225,81465,1876,365700,1344,447165,California
Fresno,2021-06-06,1183,784770,939,393091,206,363188,38,28491,347,81020,830,366530,385,447550,California
Fresno,2021-06-07,3096,787866,2431,395522,574,363762,91,28582,890,79817,2184,368714,981,448531,California
Fresno,2021-06-08,2767,790633,2038,397560,647,364409,82,28664,809,78761,1946,370660,890,449421,California
Fresno,2021-06-09,2947,793580,2199,399759,657,365066,91,28755,971,77864,1958,372618,1061,450482,California
Fresno,2021-06-10,2661,796241,1933,401692,658,365724,70,28825,920,77135,1718,374336,989,451471,California
Fresno,2021-06-11,3182,799423,2242,403934,830,366554,110,28935,1173,76447,1971,376307,1283,452754,California
Fresno,2021-06-12,2905,802328,2298,406232,442,366996,165,29100,775,75265,2117,378424,935,453689,California
Fresno,2021-06-13,716,803044,464,406696,235,367231,17,29117,195,74960,517,378941,212,453901,California
Fresno,2021-06-14,2515,805559,1832,408528,555,367786,128,29245,953,74499,1540,380481,1079,454980,California
Fresno,2021-06-15,2378,807937,1710,410238,593,368379,75,29320,938,74090,1421,381902,1012,455992,California
Fresno,2021-06-16,2638,810575,1894,412132,631,369010,113,29433,1040,73655,1586,383488,1151,457143,California
Fresno,2021-06-17,2260,812835,1578,413710,588,369598,94,29527,951,73404,1294,384782,1043,458186,California
Fresno,2021-06-18,3002,815837,2155,415865,730,370328,117,29644,1188,72913,1797,386579,1306,459492,California
Fresno,2021-06-19,1691,817528,1248,417113,366,370694,77,29721,582,72465,1105,387684,657,460149,California
Fresno,2021-06-20,501,818029,354,417467,136,370830,11,29732,192,72366,302,387986,203,460352,California
Fresno,2021-06-21,1624,819653,1085,418552,474,371304,65,29797,934,72689,676,388662,999,461351,California
Fresno,2021-06-22,2168,821821,1499,420051,559,371863,110,29907,1002,72646,1152,389814,1109,462460,California
Fresno,2021-06-23,2053,823874,1470,421521,515,372378,68,29975,1010,72694,1028,390842,1076,463536,California
Fresno,2021-06-24,2000,825874,1413,422934,511,372889,76,30051,889,72563,1095,391937,964,464500,California
Fresno,2021-06-25,2061,827935,1440,424374,540,373429,81,30132,979,72560,1063,393000,1060,465560,California
Fresno,2021-06-26,1833,829768,1421,425795,312,373741,100,30232,716,72264,1112,394112,816,466376,California
Fresno,2021-06-27,914,830682,677,426472,138,373879,99,30331,466,72382,444,394556,562,466938,California
Fresno,2021-06-28,1604,832286,1220,427692,289,374168,95,30426,708,72297,885,395441,800,467738,California
Fresno,2021-06-29,1782,834068,1181,428873,522,374690,79,30505,799,72200,974,396415,877,468615,California
Fresno,2021-06-30,1711,835779,1161,430034,460,375150,90,30595,742,72079,954,397369,833,469448,California
Fresno,2021-07-01,1580,837359,1142,431176,368,375518,70,30665,689,71958,878,398247,757,470205,California
Fresno,2021-07-02,1705,839064,1212,432388,425,375943,68,30733,810,71949,886,399133,877,471082,California
Fresno,2021-07-03,1057,840121,775,433163,254,376197,28,30761,522,71974,525,399658,550,471632,California
Fresno,2021-07-04,82,840203,26,433189,50,376247,6,30767,32,71962,50,399708,38,471670,California
Fresno,2021-07-05,990,841193,717,433906,240,376487,33,30800,439,71886,547,400255,471,472141,California
Fresno,2021-07-06,1957,843150,1419,435325,450,376937,88,30888,797,71633,1137,401392,884,473025,California
Fresno,2021-07-07,1234,844384,916,436241,258,377195,60,30948,541,71550,683,402075,600,473625,California
Glenn,2020-12-17,1,1,1,1,0,0,0,0,1,1,0,0,1,1,California
Glenn,2020-12-19,1,2,1,2,0,0,0,0,1,2,0,0,1,2,California
Glenn,2020-12-20,1,3,1,3,0,0,0,0,1,3,0,0,1,3,California
Glenn,2020-12-21,12,15,12,15,0,0,0,0,12,15,0,0,12,15,California
Glenn,2020-12-22,59,74,59,74,0,0,0,0,59,74,0,0,59,74,California
Glenn,2020-12-23,28,102,28,102,0,0,0,0,28,102,0,0,28,102,California
Glenn,2020-12-24,9,111,9,111,0,0,0,0,9,111,0,0,9,111,California
Glenn,2020-12-26,2,113,2,113,0,0,0,0,2,113,0,0,2,113,California
Glenn,2020-12-27,4,117,4,117,0,0,0,0,4,117,0,0,4,117,California
Glenn,2020-12-28,22,139,22,139,0,0,0,0,22,139,0,0,22,139,California
Glenn,2020-12-29,83,222,83,222,0,0,0,0,83,222,0,0,83,222,California
Glenn,2020-12-30,129,351,106,328,23,23,0,0,129,351,0,0,129,351,California
Glenn,2020-12-31,38,389,9,337,29,52,0,0,38,389,0,0,38,389,California
Glenn,2021-01-02,3,392,3,340,0,52,0,0,3,392,0,0,3,392,California
Glenn,2021-01-04,7,399,5,345,2,54,0,0,7,399,0,0,7,399,California
Glenn,2021-01-05,9,408,8,353,1,55,0,0,9,408,0,0,9,408,California
Glenn,2021-01-06,60,468,8,361,52,107,0,0,60,468,0,0,60,468,California
Glenn,2021-01-07,67,535,12,373,55,162,0,0,65,531,2,2,65,533,California
Glenn,2021-01-08,12,547,9,382,3,165,0,0,12,543,0,2,12,545,California
Glenn,2021-01-10,1,548,1,383,0,165,0,0,0,542,1,3,0,545,California
Glenn,2021-01-11,31,579,30,413,1,166,0,0,13,537,18,21,13,558,California
Glenn,2021-01-12,42,621,37,450,5,171,0,0,14,523,28,49,14,572,California
Glenn,2021-01-13,221,842,158,608,63,234,0,0,176,654,45,94,176,748,California
Glenn,2021-01-14,119,961,30,638,89,323,0,0,109,753,10,104,109,857,California
Glenn,2021-01-15,40,1001,33,671,7,330,0,0,35,783,5,109,35,892,California
Glenn,2021-01-16,34,1035,14,685,20,350,0,0,24,797,10,119,24,916,California
Glenn,2021-01-17,4,1039,2,687,2,352,0,0,2,797,2,121,2,918,California
Glenn,2021-01-18,18,1057,17,704,1,353,0,0,9,797,9,130,9,927,California
Glenn,2021-01-19,30,1087,20,724,10,363,0,0,13,793,17,147,13,940,California
Glenn,2021-01-20,164,1251,95,819,69,432,0,0,82,793,82,229,82,1022,California
Glenn,2021-01-21,124,1375,98,917,26,458,0,0,30,729,94,323,30,1052,California
Glenn,2021-01-22,340,1715,66,983,274,732,0,0,333,1055,7,330,333,1385,California
Glenn,2021-01-23,16,1731,9,992,7,739,0,0,13,1065,3,333,13,1398,California
Glenn,2021-01-24,2,1733,2,994,0,739,0,0,2,1067,0,333,2,1400,California
Glenn,2021-01-25,27,1760,9,1003,18,757,0,0,24,1088,3,336,24,1424,California
Glenn,2021-01-26,31,1791,14,1017,17,774,0,0,25,1107,6,342,25,1449,California
Glenn,2021-01-27,190,1981,13,1030,177,951,0,0,168,1253,22,364,168,1617,California
Glenn,2021-01-28,147,2128,8,1038,139,1090,0,0,117,1340,30,394,117,1734,California
Glenn,2021-01-29,297,2425,12,1050,285,1375,0,0,283,1609,14,408,283,2017,California
Glenn,2021-01-30,4,2429,0,1050,4,1379,0,0,4,1613,0,408,4,2021,California
Glenn,2021-01-31,1,2430,0,1050,1,1380,0,0,1,1614,0,408,1,2022,California
Glenn,2021-02-01,31,2461,11,1061,20,1400,0,0,19,1621,12,420,19,2041,California
Glenn,2021-02-02,32,2493,16,1077,16,1416,0,0,22,1633,10,430,22,2063,California
Glenn,2021-02-03,280,2773,126,1203,154,1570,0,0,134,1622,146,576,135,2198,California
Glenn,2021-02-04,83,2856,16,1219,67,1637,0,0,26,1591,57,633,26,2224,California
Glenn,2021-02-05,319,3175,24,1243,295,1932,0,0,299,1870,20,653,299,2523,California
Glenn,2021-02-06,14,3189,2,1245,12,1944,0,0,13,1882,1,654,13,2536,California
Glenn,2021-02-07,2,3191,2,1247,0,1944,0,0,2,1884,0,654,2,2538,California
Glenn,2021-02-08,22,3213,17,1264,5,1949,0,0,5,1872,17,671,5,2543,California
Glenn,2021-02-09,51,3264,20,1284,31,1980,0,0,38,1897,13,684,38,2581,California
Glenn,2021-02-10,143,3407,19,1303,124,2104,0,0,72,1898,71,755,72,2653,California
Glenn,2021-02-11,268,3675,167,1470,101,2205,0,0,184,1999,84,839,185,2838,California
Glenn,2021-02-12,419,4094,99,1569,320,2525,0,0,352,2284,67,906,352,3190,California
Glenn,2021-02-13,38,4132,9,1578,29,2554,0,0,17,2280,21,927,17,3207,California
Glenn,2021-02-14,1,4133,0,1578,1,2555,0,0,1,2281,0,927,1,3208,California
Glenn,2021-02-15,10,4143,1,1579,9,2564,0,0,8,2287,2,929,8,3216,California
Glenn,2021-02-16,44,4187,9,1588,35,2599,0,0,25,2293,19,948,25,3241,California
Glenn,2021-02-17,381,4568,14,1602,367,2966,0,0,303,2518,78,1026,303,3544,California
Glenn,2021-02-18,183,4751,148,1750,35,3001,0,0,158,2652,24,1050,158,3702,California
Glenn,2021-02-19,303,5054,17,1767,286,3287,0,0,29,2407,274,1324,29,3731,California
Glenn,2021-02-20,9,5063,0,1767,9,3296,0,0,1,2400,8,1332,1,3732,California
Glenn,2021-02-21,1,5064,1,1768,0,3296,0,0,1,2401,0,1332,1,3733,California
Glenn,2021-02-22,37,5101,17,1785,20,3316,0,0,18,2401,18,1350,18,3751,California
Glenn,2021-02-23,45,5146,12,1797,33,3349,0,0,31,2418,14,1364,31,3782,California
Glenn,2021-02-24,270,5416,48,1845,222,3571,0,0,61,2270,209,1573,61,3843,California
Glenn,2021-02-25,327,5743,211,2056,116,3687,0,0,207,2356,121,1694,207,4050,California
Glenn,2021-02-26,307,6050,26,2082,281,3968,0,0,22,2094,284,1978,22,4072,California
Glenn,2021-02-27,16,6066,6,2088,10,3978,0,0,6,2091,9,1987,6,4078,California
Glenn,2021-02-28,6,6072,3,2091,3,3981,0,0,3,2092,2,1989,3,4081,California
Glenn,2021-03-01,29,6101,6,2097,23,4004,0,0,13,2089,16,2005,13,4094,California
Glenn,2021-03-02,38,6139,7,2104,31,4035,0,0,19,2089,19,2024,19,4113,California
Glenn,2021-03-03,211,6350,37,2141,174,4209,0,0,118,2116,91,2115,118,4231,California
Glenn,2021-03-04,543,6893,198,2339,345,4554,0,0,361,2295,182,2297,361,4592,California
Glenn,2021-03-05,357,7250,49,2388,308,4862,0,0,35,2008,322,2619,35,4627,California
Glenn,2021-03-06,28,7278,4,2392,23,4885,1,1,11,2003,17,2636,12,4639,California
Glenn,2021-03-07,5,7283,0,2392,5,4890,0,1,3,2005,1,2637,3,4642,California
Glenn,2021-03-08,21,7304,3,2395,17,4907,1,2,19,2023,2,2639,20,4662,California
Glenn,2021-03-09,83,7387,12,2407,68,4975,3,5,53,2048,30,2669,55,4717,California
Glenn,2021-03-10,188,7575,80,2487,106,5081,2,7,104,2070,84,2753,106,4823,California
Glenn,2021-03-11,594,8169,180,2667,391,5472,23,30,412,2326,182,2935,438,5261,California
Glenn,2021-03-12,420,8589,14,2681,343,5815,63,93,41,2051,379,3314,104,5365,California
Glenn,2021-03-13,13,8602,1,2682,4,5819,8,101,1,2048,12,3326,9,5374,California
Glenn,2021-03-14,3,8605,1,2683,2,5821,0,101,1,2047,2,3328,1,5375,California
Glenn,2021-03-15,76,8681,15,2698,56,5877,5,106,59,2094,17,3345,64,5439,California
Glenn,2021-03-16,113,8794,34,2732,69,5946,10,116,69,2129,44,3389,79,5518,California
Glenn,2021-03-17,419,9213,99,2831,313,6259,7,123,114,1943,305,3694,119,5637,California
Glenn,2021-03-18,535,9748,230,3061,50,6309,255,378,73,1808,462,4156,327,5964,California
Glenn,2021-03-19,96,9844,16,3077,74,6383,6,384,75,1869,20,4176,81,6045,California
Glenn,2021-03-20,133,9977,2,3079,130,6513,1,385,130,1997,3,4179,131,6176,California
Glenn,2021-03-21,6,9983,5,3084,0,6513,1,386,3,1999,2,4181,4,6180,California
Glenn,2021-03-22,124,10107,55,3139,61,6574,8,394,103,2091,19,4200,111,6291,California
Glenn,2021-03-23,179,10286,67,3206,61,6635,51,445,104,2172,74,4274,155,6446,California
Glenn,2021-03-24,213,10499,103,3309,105,6740,5,450,125,2216,86,4360,130,6576,California
Glenn,2021-03-25,487,10986,246,3555,147,6887,94,544,353,2531,132,4492,447,7023,California
Glenn,2021-03-26,239,11225,37,3592,166,7053,36,580,188,2704,51,4543,224,7247,California
Glenn,2021-03-27,168,11393,22,3614,140,7193,6,586,154,2850,14,4557,160,7407,California
Glenn,2021-03-28,15,11408,10,3624,5,7198,0,586,10,2855,5,4562,10,7417,California
Glenn,2021-03-29,61,11469,20,3644,38,7236,3,589,45,2887,16,4578,48,7465,California
Glenn,2021-03-30,76,11545,43,3687,32,7268,1,590,43,2900,31,4609,44,7509,California
Glenn,2021-03-31,132,11677,35,3722,96,7364,1,591,43,2856,88,4697,44,7553,California
Glenn,2021-04-01,660,12337,193,3915,458,7822,9,600,234,2676,423,5120,243,7796,California
Glenn,2021-04-02,169,12506,25,3940,132,7954,12,612,132,2783,37,5157,144,7940,California
Glenn,2021-04-03,95,12601,4,3944,84,8038,7,619,84,2863,11,5168,91,8031,California
Glenn,2021-04-04,9,12610,3,3947,4,8042,2,621,5,2866,4,5172,7,8038,California
Glenn,2021-04-05,67,12677,26,3973,28,8070,13,634,30,2872,37,5209,43,8081,California
Glenn,2021-04-06,144,12821,52,4025,53,8123,39,673,37,2841,106,5315,75,8156,California
Glenn,2021-04-07,161,12982,47,4072,60,8183,54,727,75,2884,86,5401,129,8285,California
Glenn,2021-04-08,642,13624,188,4260,418,8601,36,763,138,2556,502,5903,174,8459,California
Glenn,2021-04-09,160,13784,57,4317,86,8687,17,780,102,2616,58,5961,118,8577,California
Glenn,2021-04-10,77,13861,1,4318,60,8747,16,796,58,2672,18,5979,74,8651,California
Glenn,2021-04-11,17,13878,8,4326,4,8751,5,801,7,2674,10,5989,12,8663,California
Glenn,2021-04-12,116,13994,26,4352,61,8812,29,830,21,2629,95,6084,50,8713,California
Glenn,2021-04-13,119,14113,64,4416,55,8867,0,830,30,2570,89,6173,30,8743,California
Glenn,2021-04-14,122,14235,46,4462,76,8943,0,830,67,2582,55,6228,67,8810,California
Glenn,2021-04-15,365,14600,276,4738,89,9032,0,830,106,2430,258,6486,106,8916,California
Glenn,2021-04-16,168,14768,41,4779,127,9159,0,830,78,2418,90,6576,78,8994,California
Glenn,2021-04-17,169,14937,17,4796,152,9311,0,830,30,2317,131,6707,30,9024,California
Glenn,2021-04-18,19,14956,6,4802,13,9324,0,830,15,2328,4,6711,15,9039,California
Glenn,2021-04-19,84,15040,17,4819,67,9391,0,830,23,2291,60,6771,23,9062,California
Glenn,2021-04-20,134,15174,90,4909,44,9435,0,830,56,2269,78,6849,56,9118,California
Glenn,2021-04-21,434,15608,331,5240,103,9538,0,830,288,2412,145,6994,288,9406,California
Glenn,2021-04-22,214,15822,54,5294,160,9698,0,830,38,2275,175,7169,38,9444,California
Glenn,2021-04-23,192,16014,36,5330,156,9854,0,830,49,2182,142,7311,49,9493,California
Glenn,2021-04-24,180,16194,32,5362,148,10002,0,830,30,2063,149,7460,30,9523,California
Glenn,2021-04-25,28,16222,17,5379,11,10013,0,830,21,2077,7,7467,21,9544,California
Glenn,2021-04-26,50,16272,14,5393,36,10049,0,830,19,2065,31,7498,19,9563,California
Glenn,2021-04-27,65,16337,50,5443,10,10059,5,835,34,2072,31,7529,38,9601,California
Glenn,2021-04-28,267,16604,188,5631,68,10127,11,846,136,2089,130,7659,147,9748,California
Glenn,2021-04-29,186,16790,27,5658,157,10284,2,848,40,1985,146,7805,42,9790,California
Glenn,2021-04-30,163,16953,42,5700,119,10403,2,850,40,1904,123,7928,42,9832,California
Glenn,2021-05-01,108,17061,13,5713,94,10497,1,851,26,1849,82,8010,27,9859,California
Glenn,2021-05-02,32,17093,14,5727,9,10506,9,860,15,1856,17,8027,24,9883,California
Glenn,2021-05-03,39,17132,24,5751,14,10520,1,861,14,1846,25,8052,15,9898,California
Glenn,2021-05-04,60,17192,36,5787,19,10539,5,866,28,1847,32,8084,33,9931,California
Glenn,2021-05-05,127,17319,39,5826,77,10616,11,877,52,1835,75,8159,63,9994,California
Glenn,2021-05-06,112,17431,42,5868,65,10681,5,882,41,1810,71,8230,46,10040,California
Glenn,2021-05-07,122,17553,36,5904,77,10758,9,891,30,1758,91,8321,39,10079,California
Glenn,2021-05-08,65,17618,12,5916,49,10807,4,895,21,1740,43,8364,25,10104,California
Glenn,2021-05-09,17,17635,11,5927,6,10813,0,895,11,1745,6,8370,11,10115,California
Glenn,2021-05-10,37,17672,15,5942,17,10830,5,900,13,1739,24,8394,18,10133,California
Glenn,2021-05-11,85,17757,60,6002,16,10846,9,909,17,1697,68,8462,26,10159,California
Glenn,2021-05-12,337,18094,254,6256,69,10915,14,923,50,1474,287,8749,64,10223,California
Glenn,2021-05-13,157,18251,58,6314,80,10995,19,942,64,1464,93,8842,83,10306,California
Glenn,2021-05-14,106,18357,24,6338,77,11072,5,947,34,1431,72,8914,39,10345,California
Glenn,2021-05-15,67,18424,40,6378,24,11096,3,950,32,1431,34,8948,34,10379,California
Glenn,2021-05-16,30,18454,17,6395,13,11109,0,950,8,1417,22,8970,8,10387,California
Glenn,2021-05-17,86,18540,61,6456,21,11130,4,954,60,1455,26,8996,64,10451,California
Glenn,2021-05-18,68,18608,50,6506,14,11144,4,958,22,1435,46,9042,26,10477,California
Glenn,2021-05-19,200,18808,118,6624,70,11214,12,970,69,1385,130,9172,80,10557,California
Glenn,2021-05-20,120,18928,79,6703,39,11253,2,972,80,1427,40,9212,82,10639,California
Glenn,2021-05-21,70,18998,26,6729,43,11296,1,973,28,1414,42,9254,29,10668,California
Glenn,2021-05-22,56,19054,24,6753,32,11328,0,973,29,1416,27,9281,29,10697,California
Glenn,2021-05-23,28,19082,16,6769,12,11340,0,973,12,1413,15,9296,12,10709,California
Glenn,2021-05-24,30,19112,11,6780,15,11355,4,977,11,1410,18,9314,15,10724,California
Glenn,2021-05-25,47,19159,35,6815,10,11365,2,979,23,1411,24,9338,25,10749,California
Glenn,2021-05-26,73,19232,14,6829,55,11420,4,983,25,1392,48,9386,29,10778,California
Glenn,2021-05-27,102,19334,63,6892,38,11458,1,984,47,1387,53,9439,48,10826,California
Glenn,2021-05-28,62,19396,18,6910,37,11495,7,991,32,1396,30,9469,39,10865,California
Glenn,2021-05-29,48,19444,11,6921,33,11528,4,995,21,1394,27,9496,25,10890,California
Glenn,2021-05-30,21,19465,13,6934,8,11536,0,995,8,1390,12,9508,8,10898,California
Glenn,2021-05-31,4,19469,0,6934,4,11540,0,995,0,1386,4,9512,0,10898,California
Glenn,2021-06-01,59,19528,34,6968,22,11562,3,998,24,1378,35,9547,27,10925,California
Glenn,2021-06-02,98,19626,49,7017,46,11608,3,1001,39,1361,59,9606,42,10967,California
Glenn,2021-06-03,74,19700,41,7058,26,11634,7,1008,18,1331,55,9661,25,10992,California
Glenn,2021-06-04,77,19777,37,7095,37,11671,3,1011,42,1341,35,9696,45,11037,California
Glenn,2021-06-05,55,19832,30,7125,22,11693,3,1014,17,1323,38,9734,20,11057,California
Glenn,2021-06-06,31,19863,27,7152,3,11696,1,1015,15,1324,15,9749,16,11073,California
Glenn,2021-06-07,68,19931,59,7211,7,11703,2,1017,13,1285,54,9803,15,11088,California
Glenn,2021-06-08,35,19966,19,7230,11,11714,5,1022,16,1287,19,9822,21,11109,California
Glenn,2021-06-09,63,20029,36,7266,20,11734,7,1029,30,1291,33,9855,37,11146,California
Glenn,2021-06-10,119,20148,88,7354,25,11759,6,1035,35,1248,84,9939,41,11187,California
Glenn,2021-06-11,89,20237,58,7412,28,11787,3,1038,25,1212,64,10003,28,11215,California
Glenn,2021-06-12,35,20272,19,7431,13,11800,3,1041,13,1206,22,10025,16,11231,California
Glenn,2021-06-13,11,20283,11,7442,0,11800,0,1041,5,1205,6,10031,5,11236,California
Glenn,2021-06-14,39,20322,26,7468,10,11810,3,1044,15,1200,23,10054,18,11254,California
Glenn,2021-06-15,49,20371,33,7501,15,11825,1,1045,22,1196,27,10081,23,11277,California
Glenn,2021-06-16,84,20455,49,7550,34,11859,1,1046,57,1229,25,10106,58,11335,California
Glenn,2021-06-17,61,20516,36,7586,21,11880,4,1050,7,1186,54,10160,11,11346,California
Glenn,2021-06-18,82,20598,44,7630,17,11897,21,1071,28,1181,54,10214,49,11395,California
Glenn,2021-06-19,42,20640,21,7651,21,11918,0,1071,24,1187,18,10232,24,11419,California
Glenn,2021-06-20,15,20655,11,7662,4,11922,0,1071,4,1180,11,10243,4,11423,California
Glenn,2021-06-21,26,20681,18,7680,6,11928,2,1073,19,1194,7,10250,21,11444,California
Glenn,2021-06-22,47,20728,32,7712,13,11941,2,1075,22,1194,24,10274,24,11468,California
Glenn,2021-06-23,54,20782,37,7749,14,11955,3,1078,28,1199,26,10300,31,11499,California
Glenn,2021-06-24,44,20826,27,7776,13,11968,4,1082,17,1193,27,10327,21,11520,California
Glenn,2021-06-25,67,20893,47,7823,19,11987,1,1083,31,1189,36,10363,32,11552,California
Glenn,2021-06-26,35,20928,20,7843,14,12001,1,1084,16,1187,19,10382,17,11569,California
Glenn,2021-06-27,17,20945,13,7856,4,12005,0,1084,4,1178,13,10395,4,11573,California
Glenn,2021-06-28,27,20972,23,7879,1,12006,3,1087,12,1177,15,10410,14,11587,California
Glenn,2021-06-29,33,21005,16,7895,12,12018,5,1092,11,1171,22,10432,16,11603,California
Glenn,2021-06-30,76,21081,51,7946,20,12038,5,1097,36,1172,40,10472,41,11644,California
Glenn,2021-07-01,56,21137,40,7986,13,12051,3,1100,16,1151,40,10512,19,11663,California
Glenn,2021-07-02,60,21197,35,8021,20,12071,5,1105,22,1141,37,10549,27,11690,California
Glenn,2021-07-03,36,21233,28,8049,7,12078,1,1106,24,1154,12,10561,25,11715,California
Glenn,2021-07-04,3,21236,2,8051,0,12078,1,1107,0,1152,3,10564,1,11716,California
Glenn,2021-07-05,20,21256,17,8068,1,12079,2,1109,6,1146,14,10578,8,11724,California
Glenn,2021-07-06,47,21303,36,8104,10,12089,1,1110,24,1148,23,10601,25,11749,California
Glenn,2021-07-07,54,21357,50,8154,4,12093,0,1110,26,1146,28,10629,26,11775,California
Humboldt,2020-12-15,3,3,3,3,0,0,0,0,3,3,0,0,3,3,California
Humboldt,2020-12-16,16,19,16,19,0,0,0,0,16,19,0,0,16,19,California
Humboldt,2020-12-17,119,138,119,138,0,0,0,0,119,138,0,0,119,138,California
Humboldt,2020-12-18,177,315,177,315,0,0,0,0,177,315,0,0,177,315,California
Humboldt,2020-12-19,10,325,10,325,0,0,0,0,10,325,0,0,10,325,California
Humboldt,2020-12-20,27,352,27,352,0,0,0,0,27,352,0,0,27,352,California
Humboldt,2020-12-21,167,519,167,519,0,0,0,0,167,519,0,0,167,519,California
Humboldt,2020-12-22,337,856,337,856,0,0,0,0,337,856,0,0,337,856,California
Humboldt,2020-12-23,322,1178,264,1120,58,58,0,0,324,1180,0,0,324,1180,California
Humboldt,2020-12-24,25,1203,2,1122,23,81,0,0,25,1205,0,0,25,1205,California
Humboldt,2020-12-25,2,1205,2,1124,0,81,0,0,2,1207,0,0,2,1207,California
Humboldt,2020-12-26,6,1211,5,1129,1,82,0,0,6,1213,0,0,6,1213,California
Humboldt,2020-12-28,208,1419,150,1279,58,140,0,0,208,1421,0,0,208,1421,California
Humboldt,2020-12-29,186,1605,125,1404,61,201,0,0,187,1608,0,0,187,1608,California
Humboldt,2020-12-30,235,1840,129,1533,106,307,0,0,235,1843,0,0,235,1843,California
Humboldt,2020-12-31,246,2086,81,1614,165,472,0,0,246,2089,0,0,246,2089,California
Humboldt,2021-01-01,3,2089,2,1616,1,473,0,0,3,2092,0,0,3,2092,California
Humboldt,2021-01-02,40,2129,2,1618,38,511,0,0,40,2132,0,0,40,2132,California
Humboldt,2021-01-04,219,2348,142,1760,77,588,0,0,220,2352,0,0,220,2352,California
Humboldt,2021-01-05,132,2480,21,1781,111,699,0,0,132,2483,1,1,132,2484,California
Humboldt,2021-01-06,314,2794,214,1995,100,799,0,0,240,2661,62,63,240,2724,California
Humboldt,2021-01-07,438,3232,326,2321,112,911,0,0,321,2881,101,164,321,3045,California
Humboldt,2021-01-08,429,3661,289,2610,140,1051,0,0,287,3032,136,300,287,3332,California
Humboldt,2021-01-09,67,3728,43,2653,24,1075,0,0,65,3096,2,302,66,3398,California
Humboldt,2021-01-10,84,3812,84,2737,0,1075,0,0,4,3020,80,382,4,3402,California
Humboldt,2021-01-11,292,4104,281,3018,11,1086,0,0,70,2872,218,600,70,3472,California
Humboldt,2021-01-12,503,4607,339,3357,164,1250,0,0,285,2961,196,796,285,3757,California
Humboldt,2021-01-13,502,5109,281,3638,221,1471,0,0,323,3109,176,972,324,4081,California
Humboldt,2021-01-14,559,5668,175,3813,384,1855,0,0,503,3557,56,1028,504,4585,California
Humboldt,2021-01-15,373,6041,28,3841,345,2200,0,0,355,3894,18,1046,355,4940,California
Humboldt,2021-01-16,169,6210,6,3847,163,2363,0,0,168,4061,1,1047,168,5108,California
Humboldt,2021-01-17,7,6217,4,3851,3,2366,0,0,7,4068,0,1047,7,5115,California
Humboldt,2021-01-18,307,6524,272,4123,35,2401,0,0,149,4059,158,1205,149,5264,California
Humboldt,2021-01-19,661,7185,402,4525,259,2660,0,0,529,4462,126,1331,529,5793,California
Humboldt,2021-01-20,952,8137,423,4948,529,3189,0,0,786,5092,158,1489,788,6581,California
Humboldt,2021-01-21,971,9108,260,5208,711,3900,0,0,928,5977,43,1532,928,7509,California
Humboldt,2021-01-22,688,9796,380,5588,308,4208,0,0,678,6646,10,1542,679,8188,California
Humboldt,2021-01-23,929,10725,283,5871,646,4854,0,0,920,7558,9,1551,921,9109,California
Humboldt,2021-01-24,228,10953,1,5872,227,5081,0,0,227,7784,1,1552,227,9336,California
Humboldt,2021-01-25,351,11304,235,6107,116,5197,0,0,153,7739,198,1750,153,9489,California
Humboldt,2021-01-26,543,11847,149,6256,394,5591,0,0,479,8154,64,1814,479,9968,California
Humboldt,2021-01-27,1273,13120,585,6841,688,6279,0,0,1199,9288,67,1881,1201,11169,California
Humboldt,2021-01-28,1465,14585,637,7478,828,7107,0,0,1322,10472,140,2021,1324,12493,California
Humboldt,2021-01-29,1164,15749,547,8025,617,7724,0,0,695,10698,469,2490,695,13188,California
Humboldt,2021-01-30,1029,16778,470,8495,559,8283,0,0,984,11638,45,2535,985,14173,California
Humboldt,2021-01-31,319,17097,317,8812,2,8285,0,0,318,11955,1,2536,318,14491,California
Humboldt,2021-02-01,320,17417,175,8987,145,8430,0,0,184,12003,136,2672,184,14675,California
Humboldt,2021-02-02,454,17871,79,9066,375,8805,0,0,349,12252,102,2774,351,15026,California
Humboldt,2021-02-03,675,18546,265,9331,410,9215,0,0,519,12615,156,2930,519,15545,California
Humboldt,2021-02-04,654,19200,262,9593,392,9607,0,0,446,12856,205,3135,446,15991,California
Humboldt,2021-02-05,830,20030,108,9701,722,10329,0,0,626,13279,203,3338,626,16617,California
Humboldt,2021-02-06,1085,21115,470,10171,615,10944,0,0,1035,14266,49,3387,1036,17653,California
Humboldt,2021-02-07,379,21494,8,10179,371,11315,0,0,374,14637,4,3391,375,18028,California
Humboldt,2021-02-08,339,21833,147,10326,192,11507,0,0,180,14659,158,3549,180,18208,California
Humboldt,2021-02-09,503,22336,228,10554,275,11782,0,0,176,14508,327,3876,176,18384,California
Humboldt,2021-02-10,565,22901,370,10924,195,11977,0,0,206,14360,354,4230,206,18590,California
Humboldt,2021-02-11,1324,24225,397,11321,927,12904,0,0,491,14024,829,5059,493,19083,California
Humboldt,2021-02-12,1174,25399,748,12069,426,13330,0,0,715,14281,458,5517,715,19798,California
Humboldt,2021-02-13,1551,26950,601,12670,950,14280,0,0,924,14581,625,6142,925,20723,California
Humboldt,2021-02-14,114,27064,5,12675,109,14389,0,0,110,14688,3,6145,110,20833,California
Humboldt,2021-02-15,296,27360,81,12756,215,14604,0,0,195,14783,100,6245,195,21028,California
Humboldt,2021-02-16,554,27914,124,12880,430,15034,0,0,252,14736,301,6546,254,21282,California
Humboldt,2021-02-17,454,28368,282,13162,172,15206,0,0,133,14549,320,6866,133,21415,California
Humboldt,2021-02-18,1029,29397,605,13767,424,15630,0,0,276,14075,750,7616,276,21691,California
Humboldt,2021-02-19,489,29886,441,14208,48,15678,0,0,92,13774,393,8009,92,21783,California
Humboldt,2021-02-20,1753,31639,1033,15241,720,16398,0,0,484,12995,1266,9275,487,22270,California
Humboldt,2021-02-21,495,32134,487,15728,8,16406,0,0,185,12871,310,9585,186,22456,California
Humboldt,2021-02-22,142,32276,96,15824,46,16452,0,0,29,12789,111,9696,29,22485,California
Humboldt,2021-02-23,187,32463,72,15896,115,16567,0,0,46,12696,139,9835,46,22531,California
Humboldt,2021-02-24,1271,33734,768,16664,503,17070,0,0,606,12639,663,10498,606,23137,California
Humboldt,2021-02-25,859,34593,324,16988,535,17605,0,0,235,12253,621,11119,235,23372,California
Humboldt,2021-02-26,2160,36753,107,17095,2053,19658,0,0,439,10978,1715,12834,440,23812,California
Humboldt,2021-02-27,1770,38523,1142,18237,628,20286,0,0,904,11022,864,13698,908,24720,California
Humboldt,2021-02-28,126,38649,11,18248,115,20401,0,0,118,11133,7,13705,118,24838,California
Humboldt,2021-03-01,259,38908,46,18294,213,20614,0,0,184,11243,74,13779,184,25022,California
Humboldt,2021-03-02,309,39217,51,18345,258,20872,0,0,168,11270,141,13920,168,25190,California
Humboldt,2021-03-03,1678,40895,1108,19453,570,21442,0,0,1227,12054,444,14364,1228,26418,California
Humboldt,2021-03-04,926,41821,114,19567,812,22254,0,0,301,11732,625,14989,303,26721,California
Humboldt,2021-03-05,951,42772,190,19757,750,23004,11,11,391,11577,557,15546,402,27123,California
Humboldt,2021-03-06,1810,44582,949,20706,812,23816,49,60,796,11409,1013,16559,845,27968,California
Humboldt,2021-03-07,388,44970,296,21002,59,23875,33,93,161,11375,227,16786,193,28161,California
Humboldt,2021-03-08,282,45252,6,21008,192,24067,84,177,181,11540,100,16886,265,28426,California
Humboldt,2021-03-09,503,45755,206,21214,147,24214,150,327,245,11678,256,17142,394,28820,California
Humboldt,2021-03-10,703,46458,474,21688,72,24286,157,484,426,11983,276,17418,581,29401,California
Humboldt,2021-03-11,1487,47945,459,22147,929,25215,99,583,656,11911,826,18244,754,30155,California
Humboldt,2021-03-12,1756,49701,1086,23233,446,25661,224,807,1055,12500,693,18937,1282,31437,California
Humboldt,2021-03-13,1600,51301,1052,24285,497,26158,51,858,681,12318,913,19850,731,32168,California
Humboldt,2021-03-14,143,51444,19,24304,116,26274,8,866,29,12241,114,19964,37,32205,California
Humboldt,2021-03-15,282,51726,52,24356,208,26482,22,888,61,12101,221,20185,81,32286,California
Humboldt,2021-03-16,638,52364,201,24557,175,26657,262,1150,262,12248,375,20560,522,32808,California
Humboldt,2021-03-17,735,53099,396,24953,231,26888,108,1258,341,12304,393,20953,449,33257,California
Humboldt,2021-03-18,1742,54841,1167,26120,532,27420,43,1301,1025,12661,711,21664,1068,34325,California
Humboldt,2021-03-19,1076,55917,61,26181,700,28120,315,1616,441,12783,633,22297,755,35080,California
Humboldt,2021-03-20,1412,57329,784,26965,614,28734,14,1630,392,12172,1018,23315,407,35487,California
Humboldt,2021-03-21,250,57579,34,26999,189,28923,27,1657,204,12356,46,23361,230,35717,California
Humboldt,2021-03-22,119,57698,15,27014,54,28977,50,1707,63,12415,54,23415,113,35830,California
Humboldt,2021-03-23,412,58110,41,27055,329,29306,42,1749,319,12684,92,23507,361,36191,California
Humboldt,2021-03-24,1415,59525,390,27445,977,30283,48,1797,1035,13394,372,23879,1082,37273,California
Humboldt,2021-03-25,1843,61368,1215,28660,565,30848,63,1860,944,13503,897,24776,1006,38279,California
Humboldt,2021-03-26,2044,63412,442,29102,1545,32393,57,1917,1596,14713,442,25218,1652,39931,California
Humboldt,2021-03-27,2125,65537,1526,30628,425,32818,174,2091,1144,15054,977,26195,1318,41249,California
Humboldt,2021-03-28,268,65805,82,30710,114,32932,72,2163,81,15022,186,26381,154,41403,California
Humboldt,2021-03-29,464,66269,124,30834,244,33176,96,2259,198,15050,265,26646,293,41696,California
Humboldt,2021-03-30,948,67217,303,31137,531,33707,114,2373,561,15342,382,27028,674,42370,California
Humboldt,2021-03-31,1888,69105,542,31679,1248,34955,98,2471,1413,16383,471,27499,1512,43882,California
Humboldt,2021-04-01,2122,71227,710,32389,1318,36273,94,2565,1483,17328,631,28130,1576,45458,California
Humboldt,2021-04-02,1727,72954,1112,33501,508,36781,107,2672,616,16946,1105,29235,723,46181,California
Humboldt,2021-04-03,1673,74627,1515,35016,143,36924,15,2687,664,16626,999,30234,679,46860,California
Humboldt,2021-04-04,482,75109,371,35387,102,37026,9,2696,400,16954,81,30315,409,47269,California
Humboldt,2021-04-05,783,75892,465,35852,270,37296,48,2744,445,17112,335,30650,493,47762,California
Humboldt,2021-04-06,849,76741,320,36172,394,37690,135,2879,589,17580,254,30904,722,48484,California
Humboldt,2021-04-07,1502,78243,1069,37241,292,37982,141,3020,996,18214,503,31407,1137,49621,California
Humboldt,2021-04-08,1762,80005,1097,38338,506,38488,159,3179,744,18101,1016,32423,903,50524,California
Humboldt,2021-04-09,1446,81451,441,38779,850,39338,155,3334,1155,19113,290,32713,1302,51826,California
Humboldt,2021-04-10,944,82395,139,38918,630,39968,175,3509,743,19830,199,32912,916,52742,California
Humboldt,2021-04-11,646,83041,139,39057,36,40004,471,3980,128,19910,518,33430,598,53340,California
Humboldt,2021-04-12,442,83483,229,39286,86,40090,127,4107,280,20156,161,33591,407,53747,California
Humboldt,2021-04-13,591,84074,324,39610,262,40352,5,4112,554,20679,35,33626,558,54305,California
Humboldt,2021-04-14,1451,85525,1048,40658,403,40755,0,4112,1333,21895,117,33743,1333,55638,California
Humboldt,2021-04-15,1835,87360,1203,41861,628,41383,4,4116,1260,22601,556,34299,1262,56900,California
Humboldt,2021-04-16,1139,88499,522,42383,617,42000,0,4116,554,22573,582,34881,554,57454,California
Humboldt,2021-04-17,1878,90377,1555,43938,323,42323,0,4116,1022,22745,850,35731,1022,58476,California
Humboldt,2021-04-18,670,91047,355,44293,314,42637,1,4117,84,22249,580,36311,84,58560,California
Humboldt,2021-04-19,208,91255,86,44379,122,42759,0,4117,92,22227,114,36425,92,58652,California
Humboldt,2021-04-20,511,91766,140,44519,371,43130,0,4117,254,22225,256,36681,254,58906,California
Humboldt,2021-04-21,1124,92890,391,44910,733,43863,0,4117,457,22025,658,37339,458,59364,California
Humboldt,2021-04-22,901,93791,538,45448,362,44225,1,4118,457,22041,441,37780,457,59821,California
Humboldt,2021-04-23,2193,95984,311,45759,1882,46107,0,4118,337,20526,1852,39632,337,60158,California
Humboldt,2021-04-24,1104,97088,885,46644,214,46321,5,4123,360,20150,741,40373,365,60523,California
Humboldt,2021-04-25,376,97464,239,46883,137,46458,0,4123,192,20160,182,40555,192,60715,California
Humboldt,2021-04-26,390,97854,270,47153,116,46574,4,4127,112,19998,276,40831,114,60829,California
Humboldt,2021-04-27,810,98664,311,47464,470,47044,29,4156,185,19589,623,41454,214,61043,California
Humboldt,2021-04-28,1607,100271,848,48312,714,47758,45,4201,423,18876,1181,42635,468,61511,California
Humboldt,2021-04-29,1792,102063,638,48950,1116,48874,38,4239,299,17725,1488,44123,337,61848,California
Humboldt,2021-04-30,1305,103368,437,49387,833,49707,35,4274,205,16870,1093,45216,238,62086,California
Humboldt,2021-05-01,485,103853,387,49774,75,49782,23,4297,300,17009,184,45400,323,62409,California
Humboldt,2021-05-02,233,104086,187,49961,37,49819,9,4306,118,17022,114,45514,127,62536,California
Humboldt,2021-05-03,618,104704,375,50336,219,50038,24,4330,102,16635,514,46028,127,62663,California
Humboldt,2021-05-04,868,105572,521,50857,302,50340,45,4375,261,16336,604,46632,305,62968,California
Humboldt,2021-05-05,1742,107314,1117,51974,567,50907,58,4433,185,15029,1548,48180,241,63209,California
Humboldt,2021-05-06,1694,109008,1075,53049,367,51274,252,4685,141,13872,1550,49730,393,63602,California
Humboldt,2021-05-07,1437,110445,316,53365,1061,52335,60,4745,238,12972,1196,50926,296,63898,California
Humboldt,2021-05-08,743,111188,147,53512,573,52908,23,4768,90,12434,651,51577,113,64011,California
Humboldt,2021-05-09,906,112094,854,54366,42,52950,10,4778,47,11632,859,52436,57,64068,California
Humboldt,2021-05-10,218,112312,37,54403,142,53092,39,4817,82,11617,136,52572,121,64189,California
Humboldt,2021-05-11,535,112847,184,54587,278,53370,73,4890,204,11564,330,52902,277,64466,California
Humboldt,2021-05-12,621,113468,142,54729,433,53803,46,4936,227,11443,393,53295,272,64738,California
Humboldt,2021-05-13,629,114097,302,55031,300,54103,27,4963,288,11419,339,53634,315,65053,California
Humboldt,2021-05-14,711,114808,142,55173,465,54568,104,5067,233,11280,475,54109,336,65389,California
Humboldt,2021-05-15,787,115595,643,55816,135,54703,9,5076,212,10927,574,54683,221,65610,California
Humboldt,2021-05-16,121,115716,54,55870,63,54766,4,5080,68,10946,53,54736,72,65682,California
Humboldt,2021-05-17,409,116125,215,56085,171,54937,23,5103,223,11007,184,54920,245,65927,California
Humboldt,2021-05-18,663,116788,325,56410,309,55246,29,5132,360,11092,303,55223,388,66315,California
Humboldt,2021-05-19,989,117777,550,56960,396,55642,43,5175,319,10786,666,55889,360,66675,California
Humboldt,2021-05-20,828,118605,607,57567,208,55850,13,5188,593,11161,232,56121,607,67282,California
Humboldt,2021-05-21,878,119483,291,57858,526,56376,61,5249,351,11046,527,56648,412,67694,California
Humboldt,2021-05-22,416,119899,321,58179,87,56463,8,5257,147,10934,267,56915,155,67849,California
Humboldt,2021-05-23,393,120292,325,58504,65,56528,3,5260,75,10694,318,57233,78,67927,California
Humboldt,2021-05-24,338,120630,174,58678,135,56663,29,5289,182,10750,155,57388,211,68138,California
Humboldt,2021-05-25,530,121160,338,59016,168,56831,24,5313,288,10823,239,57627,312,68450,California
Humboldt,2021-05-26,649,121809,311,59327,314,57145,24,5337,307,10813,341,57968,331,68781,California
Humboldt,2021-05-27,465,122274,247,59574,181,57326,37,5374,276,10937,189,58157,313,69094,California
Humboldt,2021-05-28,409,122683,192,59766,170,57496,47,5421,168,10914,238,58395,215,69309,California
Humboldt,2021-05-29,172,122855,103,59869,66,57562,3,5424,91,10927,81,58476,94,69403,California
Humboldt,2021-05-30,106,122961,45,59914,56,57618,5,5429,51,10929,54,58530,56,69459,California
Humboldt,2021-05-31,72,123033,27,59941,39,57657,6,5435,48,10959,23,58553,53,69512,California
Humboldt,2021-06-01,462,123495,266,60207,181,57838,15,5450,185,10882,277,58830,200,69712,California
Humboldt,2021-06-02,532,124027,249,60456,229,58067,54,5504,237,10881,290,59120,289,70001,California
Humboldt,2021-06-03,391,124418,226,60682,143,58210,22,5526,85,10710,278,59398,107,70108,California
Humboldt,2021-06-04,508,124926,318,61000,166,58376,24,5550,135,10539,329,59727,158,70266,California
Humboldt,2021-06-05,407,125333,312,61312,50,58426,45,5595,204,10640,148,59875,249,70515,California
Humboldt,2021-06-06,171,125504,119,61431,43,58469,9,5604,70,10624,95,59970,79,70594,California
Humboldt,2021-06-07,359,125863,216,61647,119,58588,24,5628,111,10512,247,60217,135,70729,California
Humboldt,2021-06-08,520,126383,302,61949,189,58777,29,5657,150,10322,368,60585,178,70907,California
Humboldt,2021-06-09,399,126782,204,62153,148,58925,47,5704,127,10226,270,60855,174,71081,California
Humboldt,2021-06-10,565,127347,447,62600,91,59016,27,5731,95,9880,466,61321,120,71201,California
Humboldt,2021-06-11,436,127783,244,62844,164,59180,28,5759,98,9669,337,61658,126,71327,California
Humboldt,2021-06-12,180,127963,133,62977,47,59227,0,5759,49,9588,130,61788,49,71376,California
Humboldt,2021-06-13,215,128178,148,63125,42,59269,25,5784,94,9587,119,61907,118,71494,California
Humboldt,2021-06-14,420,128598,255,63380,138,59407,27,5811,114,9423,305,62212,141,71635,California
Humboldt,2021-06-15,547,129145,372,63752,147,59554,28,5839,156,9221,385,62597,183,71818,California
Humboldt,2021-06-16,485,129630,324,64076,114,59668,47,5886,141,9074,335,62932,188,72006,California
Humboldt,2021-06-17,398,130028,261,64337,91,59759,46,5932,99,8920,299,63231,145,72151,California
Humboldt,2021-06-18,399,130427,230,64567,140,59899,29,5961,131,8817,262,63493,159,72310,California
Humboldt,2021-06-19,202,130629,136,64703,45,59944,21,5982,87,8810,114,63607,107,72417,California
Humboldt,2021-06-20,80,130709,36,64739,30,59974,14,5996,33,8812,45,63652,47,72464,California
Humboldt,2021-06-21,153,130862,71,64810,54,60028,28,6024,52,8791,101,63753,80,72544,California
Humboldt,2021-06-22,349,131211,220,65030,110,60138,19,6043,144,8750,204,63957,163,72707,California
Humboldt,2021-06-23,353,131564,248,65278,74,60212,31,6074,106,8645,240,64197,135,72842,California
Humboldt,2021-06-24,212,131776,107,65385,49,60261,56,6130,88,8668,119,64316,142,72984,California
Humboldt,2021-06-25,255,132031,144,65529,96,60357,15,6145,104,8639,148,64464,119,73103,California
Humboldt,2021-06-26,251,132282,190,65719,38,60395,23,6168,64,8539,187,64651,87,73190,California
Humboldt,2021-06-27,74,132356,51,65770,21,60416,2,6170,26,8519,48,64699,28,73218,California
Humboldt,2021-06-28,156,132512,100,65870,28,60444,28,6198,69,8529,87,64786,97,73315,California
Humboldt,2021-06-29,262,132774,156,66026,73,60517,33,6231,87,8475,173,64959,119,73434,California
Humboldt,2021-06-30,223,132997,146,66172,57,60574,20,6251,93,8460,128,65087,113,73547,California
Humboldt,2021-07-01,189,133186,112,66284,59,60633,18,6269,82,8454,105,65192,99,73646,California
Humboldt,2021-07-02,263,133449,140,66424,83,60716,40,6309,106,8444,156,65348,146,73792,California
Humboldt,2021-07-03,91,133540,62,66486,19,60735,10,6319,40,8444,50,65398,50,73842,California
Humboldt,2021-07-04,9,133549,4,66490,5,60740,0,6319,5,8445,4,65402,5,73847,California
Humboldt,2021-07-05,144,133693,98,66588,34,60774,12,6331,63,8440,80,65482,75,73922,California
Humboldt,2021-07-06,238,133931,160,66748,64,60838,14,6345,65,8346,172,65654,78,74000,California
Humboldt,2021-07-07,170,134101,108,66856,40,60878,22,6367,48,8295,121,65775,70,74070,California
Imperial,2020-12-16,1,1,1,1,0,0,0,0,1,1,0,0,1,1,California
Imperial,2020-12-17,4,5,4,5,0,0,0,0,4,5,0,0,4,5,California
Imperial,2020-12-18,13,18,13,18,0,0,0,0,13,18,0,0,13,18,California
Imperial,2020-12-20,3,21,3,21,0,0,0,0,3,21,0,0,3,21,California
Imperial,2020-12-21,184,205,184,205,0,0,0,0,184,205,0,0,184,205,California
Imperial,2020-12-22,240,445,238,443,2,2,0,0,240,445,0,0,240,445,California
Imperial,2020-12-23,212,657,211,654,1,3,0,0,212,657,0,0,212,657,California
Imperial,2020-12-24,7,664,7,661,0,3,0,0,7,664,0,0,7,664,California
Imperial,2020-12-26,3,667,1,662,2,5,0,0,3,667,0,0,3,667,California
Imperial,2020-12-27,62,729,0,662,62,67,0,0,62,729,0,0,62,729,California
Imperial,2020-12-28,217,946,115,777,102,169,0,0,217,946,0,0,217,946,California
Imperial,2020-12-29,191,1137,37,814,154,323,0,0,191,1137,0,0,191,1137,California
Imperial,2020-12-30,367,1504,51,865,316,639,0,0,367,1504,0,0,367,1504,California
Imperial,2020-12-31,199,1703,28,893,171,810,0,0,199,1703,0,0,199,1703,California
Imperial,2021-01-01,47,1750,5,898,42,852,0,0,47,1750,0,0,47,1750,California
Imperial,2021-01-02,5,1755,0,898,5,857,0,0,5,1755,0,0,5,1755,California
Imperial,2021-01-03,90,1845,0,898,90,947,0,0,90,1845,0,0,90,1845,California
Imperial,2021-01-04,87,1932,7,905,80,1027,0,0,87,1932,0,0,87,1932,California
Imperial,2021-01-05,174,2106,14,919,160,1187,0,0,174,2106,0,0,174,2106,California
Imperial,2021-01-06,192,2298,26,945,166,1353,0,0,191,2296,1,1,191,2297,California
Imperial,2021-01-07,330,2628,12,957,318,1671,0,0,325,2616,5,6,325,2622,California
Imperial,2021-01-08,195,2823,51,1008,144,1815,0,0,186,2793,9,15,186,2808,California
Imperial,2021-01-09,24,2847,21,1029,3,1818,0,0,24,2817,0,15,24,2832,California
Imperial,2021-01-10,4,2851,1,1030,3,1821,0,0,3,2819,1,16,3,2835,California
Imperial,2021-01-11,403,3254,243,1273,160,1981,0,0,176,2768,227,243,176,3011,California
Imperial,2021-01-12,576,3830,468,1741,108,2089,0,0,314,2821,261,504,314,3325,California
Imperial,2021-01-13,386,4216,135,1876,251,2340,0,0,284,3003,102,606,284,3609,California
Imperial,2021-01-14,307,4523,190,2066,117,2457,0,0,301,3299,5,611,301,3910,California
Imperial,2021-01-15,247,4770,182,2248,65,2522,0,0,239,3530,8,619,239,4149,California
Imperial,2021-01-16,94,4864,74,2322,20,2542,0,0,93,3622,1,620,93,4242,California
Imperial,2021-01-17,18,4882,5,2327,13,2555,0,0,17,3638,1,621,17,4259,California
Imperial,2021-01-18,1073,5955,401,2728,672,3227,0,0,975,4516,98,719,976,5235,California
Imperial,2021-01-19,173,6128,130,2858,43,3270,0,0,126,4595,47,766,126,5361,California
Imperial,2021-01-20,302,6430,199,3057,103,3373,0,0,263,4819,39,805,263,5624,California
Imperial,2021-01-21,436,6866,185,3242,251,3624,0,0,414,5211,22,827,414,6038,California
Imperial,2021-01-22,476,7342,188,3430,288,3912,0,0,467,5669,9,836,467,6505,California
Imperial,2021-01-23,1062,8404,291,3721,771,4683,0,0,1060,6727,2,838,1060,7565,California
Imperial,2021-01-24,24,8428,2,3723,22,4705,0,0,24,6751,0,838,24,7589,California
Imperial,2021-01-25,224,8652,10,3733,214,4919,0,0,41,6611,181,1019,41,7630,California
Imperial,2021-01-26,376,9028,181,3914,195,5114,0,0,232,6701,143,1162,233,7863,California
Imperial,2021-01-27,587,9615,164,4078,423,5537,0,0,254,6622,333,1495,254,8117,California
Imperial,2021-01-28,654,10269,165,4243,489,6026,0,0,544,7056,110,1605,544,8661,California
Imperial,2021-01-29,446,10715,298,4541,148,6174,0,0,396,7402,50,1655,396,9057,California
Imperial,2021-01-30,81,10796,39,4580,42,6216,0,0,64,7449,17,1672,64,9121,California
Imperial,2021-01-31,27,10823,4,4584,23,6239,0,0,26,7474,1,1673,26,9147,California
Imperial,2021-02-01,467,11290,69,4653,398,6637,0,0,254,7517,211,1884,254,9401,California
Imperial,2021-02-02,764,12054,83,4736,681,7318,0,0,580,7913,184,2068,580,9981,California
Imperial,2021-02-03,623,12677,180,4916,443,7761,0,0,361,8014,260,2328,361,10342,California
Imperial,2021-02-04,1936,14613,1379,6295,557,8318,0,0,1495,9070,440,2768,1496,11838,California
Imperial,2021-02-05,456,15069,255,6550,201,8519,0,0,219,9053,238,3006,221,12059,California
Imperial,2021-02-06,889,15958,849,7399,40,8559,0,0,853,9868,38,3044,853,12912,California
Imperial,2021-02-07,48,16006,16,7415,32,8591,0,0,44,9908,4,3048,44,12956,California
Imperial,2021-02-08,275,16281,45,7460,230,8821,0,0,206,10045,69,3117,206,13162,California
Imperial,2021-02-09,491,16772,154,7614,337,9158,0,0,323,10203,168,3285,326,13488,California
Imperial,2021-02-10,480,17252,60,7674,420,9578,0,0,111,9948,369,3654,114,13602,California
Imperial,2021-02-11,1083,18335,387,8061,696,10274,0,0,180,9233,898,4552,183,13785,California
Imperial,2021-02-12,2182,20517,1438,9499,744,11018,0,0,1826,10706,359,4911,1832,15617,California
Imperial,2021-02-13,110,20627,57,9556,53,11071,0,0,92,10779,21,4932,94,15711,California
Imperial,2021-02-14,50,20677,34,9590,16,11087,0,0,47,10823,3,4935,47,15758,California
Imperial,2021-02-15,146,20823,37,9627,109,11196,0,0,127,10934,19,4954,130,15888,California
Imperial,2021-02-16,523,21346,264,9891,259,11455,0,0,305,11025,218,5172,309,16197,California
Imperial,2021-02-17,462,21808,305,10196,157,11612,0,0,104,10776,358,5530,109,16306,California
Imperial,2021-02-18,681,22489,328,10524,353,11965,0,0,160,10426,520,6050,170,16476,California
Imperial,2021-02-19,793,23282,400,10924,393,12358,0,0,207,10050,585,6635,209,16685,California
Imperial,2021-02-20,1061,24343,208,11132,853,13211,0,0,337,9675,722,7357,347,17032,California
Imperial,2021-02-21,618,24961,584,11716,34,13245,0,0,610,10281,7,7364,613,17645,California
Imperial,2021-02-22,856,25817,605,12321,251,13496,0,0,790,11011,65,7429,795,18440,California
Imperial,2021-02-23,1145,26962,536,12857,609,14105,0,0,972,11824,172,7601,985,19425,California
Imperial,2021-02-24,843,27805,402,13259,441,14546,0,0,716,12429,125,7726,730,20155,California
Imperial,2021-02-25,959,28764,424,13683,535,15081,0,0,541,12576,417,8143,564,20719,California
Imperial,2021-02-26,2369,31133,1409,15092,960,16041,0,0,1856,13942,512,8655,1878,22597,California
Imperial,2021-02-27,1011,32144,924,16016,87,16128,0,0,252,13454,760,9415,272,22869,California
Imperial,2021-02-28,109,32253,90,16106,19,16147,0,0,88,13532,21,9436,99,22968,California
Imperial,2021-03-01,588,32841,358,16464,226,16373,4,4,500,13963,84,9520,515,23483,California
Imperial,2021-03-02,781,33622,301,16765,479,16852,1,5,438,14074,341,9861,452,23935,California
Imperial,2021-03-03,1001,34623,95,16860,906,17758,0,5,606,14317,391,10252,634,24569,California
Imperial,2021-03-04,835,35458,150,17010,684,18442,1,6,544,14622,289,10541,594,25163,California
Imperial,2021-03-05,3169,38627,2267,19277,902,19344,0,6,1784,15049,1389,11930,1816,26979,California
Imperial,2021-03-06,818,39445,330,19607,488,19832,0,6,722,15704,93,12023,748,27727,California
Imperial,2021-03-07,162,39607,104,19711,57,19889,1,7,108,15785,53,12076,134,27861,California
Imperial,2021-03-08,499,40106,387,20098,76,19965,36,43,406,16168,93,12169,476,28337,California
Imperial,2021-03-09,746,40852,353,20451,144,20109,249,292,447,16567,299,12468,698,29035,California
Imperial,2021-03-10,836,41688,366,20817,285,20394,185,477,369,16668,466,12934,567,29602,California
Imperial,2021-03-11,1943,43631,527,21344,1146,21540,270,747,1236,17495,703,13637,1530,31132,California
Imperial,2021-03-12,4969,48600,3489,24833,1215,22755,265,1012,3151,19121,1811,15448,3437,34569,California
Imperial,2021-03-13,1235,49835,117,24950,884,23639,234,1246,893,19934,339,15787,1152,35721,California
Imperial,2021-03-14,216,50051,60,25010,142,23781,14,1260,156,20061,59,15846,186,35907,California
Imperial,2021-03-15,781,50832,267,25277,219,24000,295,1555,416,20429,362,16208,730,36637,California
Imperial,2021-03-16,1262,52094,372,25649,380,24380,510,2065,604,20919,654,16862,1144,37781,California
Imperial,2021-03-17,1721,53815,742,26391,794,25174,185,2250,1055,21509,659,17521,1249,39030,California
Imperial,2021-03-18,1902,55717,1251,27642,566,25740,85,2335,1306,22314,591,18112,1396,40426,California
Imperial,2021-03-19,3924,59641,2864,30506,1036,26776,24,2359,1945,22314,1972,20084,1972,42398,California
Imperial,2021-03-20,1831,61472,584,31090,1229,28005,18,2377,1349,23213,474,20558,1373,43771,California
Imperial,2021-03-21,292,61764,104,31194,183,28188,5,2382,165,23264,127,20685,178,43949,California
Imperial,2021-03-22,1110,62874,400,31594,703,28891,7,2389,641,23456,467,21152,659,44608,California
Imperial,2021-03-23,1545,64419,556,32150,983,29874,6,2395,963,23852,578,21730,974,45582,California
Imperial,2021-03-24,2212,66631,636,32786,1150,31024,426,2821,1190,24454,1017,22747,1619,47201,California
Imperial,2021-03-25,3306,69937,798,33584,888,31912,1620,4441,1246,25258,2054,24801,2858,50059,California
Imperial,2021-03-26,3289,73226,1251,34835,1038,32950,1000,5441,945,24877,2331,27132,1950,52009,California
Imperial,2021-03-27,686,73912,328,35163,291,33241,67,5508,452,25168,230,27362,521,52530,California
Imperial,2021-03-28,246,74158,79,35242,160,33401,7,5515,181,25294,63,27425,189,52719,California
Imperial,2021-03-29,1600,75758,392,35634,409,33810,799,6314,331,25162,1264,28689,1132,53851,California
Imperial,2021-03-30,2206,77964,725,36359,598,34408,883,7197,687,25213,1516,30205,1567,55418,California
Imperial,2021-03-31,1636,79600,768,37127,812,35220,56,7253,1022,25679,611,30816,1077,56495,California
Imperial,2021-04-01,2190,81790,466,37593,1399,36619,325,7578,888,25599,1293,32109,1213,57708,California
Imperial,2021-04-02,2252,84042,515,38108,1602,38221,135,7713,1444,26379,799,32908,1579,59287,California
Imperial,2021-04-03,1564,85606,460,38568,1016,39237,88,7801,713,26334,848,33756,803,60090,California
Imperial,2021-04-04,111,85717,67,38635,27,39264,17,7818,33,26307,78,33834,51,60141,California
Imperial,2021-04-05,3496,89213,2348,40983,925,40189,223,8041,813,24677,2672,36506,1042,61183,California
Imperial,2021-04-06,1434,90647,572,41555,601,40790,261,8302,696,24904,733,37239,960,62143,California
Imperial,2021-04-07,2282,92929,613,42168,1234,42024,435,8737,1576,26201,709,37948,2006,64149,California
Imperial,2021-04-08,2319,95248,1122,43290,843,42867,354,9091,1084,26407,1230,39178,1436,65585,California
Imperial,2021-04-09,3570,98818,1713,45003,1062,43929,795,9886,1578,26793,1982,41160,2368,67953,California
Imperial,2021-04-10,1399,100217,227,45230,849,44778,323,10209,245,26208,1150,42310,565,68518,California
Imperial,2021-04-11,254,100471,63,45293,158,44936,33,10242,84,26158,169,42479,119,68637,California
Imperial,2021-04-12,1487,101958,807,46100,459,45395,221,10463,831,26563,648,43127,1053,69690,California
Imperial,2021-04-13,2964,104922,1920,48020,1042,46437,2,10465,2033,27676,925,44052,2038,71728,California
Imperial,2021-04-14,2077,106999,983,49003,1094,47531,0,10465,1396,28402,675,44727,1401,73129,California
Imperial,2021-04-15,2044,109043,958,49961,1086,48617,0,10465,1370,29109,669,45396,1376,74505,California
Imperial,2021-04-16,3561,112604,1823,51784,1738,50355,0,10465,2225,30015,1322,46718,2228,76733,California
Imperial,2021-04-17,1889,114493,957,52741,930,51285,2,10467,1459,31052,425,47143,1462,78195,California
Imperial,2021-04-18,273,114766,85,52826,188,51473,0,10467,91,30966,180,47323,94,78289,California
Imperial,2021-04-19,852,115618,270,53096,582,52055,0,10467,421,30964,428,47751,426,78715,California
Imperial,2021-04-20,1392,117010,553,53649,839,52894,0,10467,777,31131,613,48364,780,79495,California
Imperial,2021-04-21,1477,118487,380,54029,1096,53990,1,10468,844,31349,626,48990,844,80339,California
Imperial,2021-04-22,2506,120993,831,54860,1675,55665,0,10468,1746,32353,744,49734,1748,82087,California
Imperial,2021-04-23,2871,123864,552,55412,2319,57984,0,10468,1111,31740,1728,51462,1115,83202,California
Imperial,2021-04-24,591,124455,325,55737,266,58250,0,10468,234,31619,355,51817,234,83436,California
Imperial,2021-04-25,274,124729,104,55841,170,58420,0,10468,132,31612,139,51956,132,83568,California
Imperial,2021-04-26,1242,125971,484,56325,753,59173,5,10473,712,31806,523,52479,717,84285,California
Imperial,2021-04-27,1164,127135,371,56696,782,59955,11,10484,590,31840,568,53047,602,84887,California
Imperial,2021-04-28,1537,128672,649,57345,855,60810,33,10517,707,31757,823,53870,740,85627,California
Imperial,2021-04-29,1887,130559,865,58210,974,61784,48,10565,848,31628,1027,54897,898,86525,California
Imperial,2021-04-30,3333,133892,1689,59899,1606,63390,38,10603,1613,31570,1709,56606,1651,88176,California
Imperial,2021-05-01,369,134261,129,60028,237,63627,3,10606,195,31598,172,56778,200,88376,California
Imperial,2021-05-02,92,134353,29,60057,56,63683,7,10613,41,31596,51,56829,49,88425,California
Imperial,2021-05-03,1645,135998,546,60603,1051,64734,48,10661,368,30747,1264,58093,415,88840,California
Imperial,2021-05-04,1820,137818,971,61574,822,65556,27,10688,591,30146,1219,59312,618,89458,California
Imperial,2021-05-05,1555,139373,911,62485,624,66180,20,10708,475,29574,1068,60380,496,89954,California
Imperial,2021-05-06,1749,141122,1141,63626,566,66746,42,10750,564,29003,1179,61559,608,90562,California
Imperial,2021-05-07,2647,143769,1455,65081,1135,67881,57,10807,899,28233,1729,63288,959,91521,California
Imperial,2021-05-08,817,144586,649,65730,159,68040,9,10816,211,27854,599,63887,220,91741,California
Imperial,2021-05-09,102,144688,70,65800,31,68071,1,10817,29,27814,70,63957,30,91771,California
Imperial,2021-05-10,1182,145870,303,66103,755,68826,124,10941,361,27484,813,64770,483,92254,California
Imperial,2021-05-11,1522,147392,476,66579,1025,69851,21,10962,535,27066,979,65749,561,92815,California
Imperial,2021-05-12,904,148296,282,66861,582,70433,40,11002,342,26891,556,66305,381,93196,California
Imperial,2021-05-13,1912,150208,1259,68120,581,71014,72,11074,862,26784,1039,67344,932,94128,California
Imperial,2021-05-14,1825,152033,974,69094,789,71803,62,11136,1186,27405,627,67971,1248,95376,California
Imperial,2021-05-15,1282,153315,481,69575,779,72582,22,11158,486,27123,791,68762,509,95885,California
Imperial,2021-05-16,127,153442,87,69662,36,72618,4,11162,54,27109,72,68834,58,95943,California
Imperial,2021-05-17,1981,155423,725,70387,1205,73823,51,11213,692,26569,1283,70117,743,96686,California
Imperial,2021-05-18,1784,157207,895,71282,813,74636,76,11289,969,26808,807,70924,1046,97732,California
Imperial,2021-05-19,1365,158572,623,71905,673,75309,69,11358,635,26790,721,71645,703,98435,California
Imperial,2021-05-20,1819,160391,1040,72945,702,76011,77,11435,768,26599,1036,72681,845,99280,California
Imperial,2021-05-21,1985,162376,1242,74187,679,76690,64,11499,998,26686,975,73656,1062,100342,California
Imperial,2021-05-22,359,162735,194,74381,141,76831,24,11523,172,26702,180,73836,196,100538,California
Imperial,2021-05-23,95,162830,35,74416,51,76882,9,11532,33,26684,60,73896,42,100580,California
Imperial,2021-05-24,1284,164114,629,75045,595,77477,60,11592,529,26524,748,74644,588,101168,California
Imperial,2021-05-25,1557,165671,488,75533,1021,78498,48,11640,564,26154,983,75627,613,101781,California
Imperial,2021-05-26,1133,166804,580,76113,495,78993,58,11698,504,26091,624,76251,561,102342,California
Imperial,2021-05-27,1409,168213,754,76867,582,79575,73,11771,695,26150,709,76960,768,103110,California
Imperial,2021-05-28,1125,169338,613,77480,420,79995,92,11863,417,25964,696,77656,510,103620,California
Imperial,2021-05-29,348,169686,152,77632,155,80150,41,11904,161,25979,187,77843,202,103822,California
Imperial,2021-05-30,99,169785,30,77662,67,80217,2,11906,68,26018,31,77874,70,103892,California
Imperial,2021-05-31,80,169865,20,77682,53,80270,7,11913,36,26017,44,77918,43,103935,California
Imperial,2021-06-01,1316,171181,575,78257,622,80892,119,12032,498,25826,809,78727,618,104553,California
Imperial,2021-06-02,1203,172384,624,78881,457,81349,122,12154,602,25956,592,79319,722,105275,California
Imperial,2021-06-03,1369,173753,760,79641,471,81820,138,12292,637,26006,725,80044,775,106050,California
Imperial,2021-06-04,2499,176252,1734,81375,606,82426,159,12451,1033,25746,1451,81495,1191,107241,California
Imperial,2021-06-05,460,176712,258,81633,144,82570,58,12509,214,25777,241,81736,272,107513,California
Imperial,2021-06-06,82,176794,48,81681,22,82592,12,12521,45,25797,37,81773,57,107570,California
Imperial,2021-06-07,1014,177808,664,82345,284,82876,66,12587,484,25820,527,82300,550,108120,California
Imperial,2021-06-08,1456,179264,1048,83393,322,83198,86,12673,580,25613,871,83171,664,108784,California
Imperial,2021-06-09,1132,180396,783,84176,273,83471,76,12749,512,25587,613,83784,587,109371,California
Imperial,2021-06-10,1221,181617,793,84969,354,83825,74,12823,459,25362,757,84541,532,109903,California
Imperial,2021-06-11,1712,183329,1201,86170,443,84268,68,12891,736,25204,962,85503,804,110707,California
Imperial,2021-06-12,309,183638,141,86311,137,84405,31,12922,138,25204,169,85672,169,110876,California
Imperial,2021-06-13,85,183723,23,86334,60,84465,2,12924,54,25231,30,85702,57,110933,California
Imperial,2021-06-14,868,184591,612,86946,212,84677,44,12968,371,25153,493,86195,415,111348,California
Imperial,2021-06-15,1085,185676,753,87699,284,84961,48,13016,489,25102,589,86784,538,111886,California
Imperial,2021-06-16,1021,186697,650,88349,301,85262,70,13086,481,25118,536,87320,552,112438,California
Imperial,2021-06-17,1107,187804,780,89129,267,85529,60,13146,481,25036,621,87941,539,112977,California
Imperial,2021-06-18,1175,188979,820,89949,285,85814,70,13216,714,25370,449,88390,783,113760,California
Imperial,2021-06-19,345,189324,213,90162,117,85931,15,13231,172,25385,172,88562,187,113947,California
Imperial,2021-06-20,63,189387,30,90192,29,85960,4,13235,24,25374,39,88601,28,113975,California
Imperial,2021-06-21,677,190064,412,90604,227,86187,38,13273,415,25574,255,88856,455,114430,California
Imperial,2021-06-22,1163,191227,802,91406,311,86498,50,13323,629,25728,526,89382,680,115110,California
Imperial,2021-06-23,1138,192365,777,92183,300,86798,61,13384,617,25894,511,89893,677,115787,California
Imperial,2021-06-24,1048,193413,709,92892,291,87089,48,13432,535,25969,508,90401,583,116370,California
Imperial,2021-06-25,1415,194828,1044,93936,290,87379,81,13513,600,25847,802,91203,680,117050,California
Imperial,2021-06-26,249,195077,153,94089,87,87466,9,13522,82,25773,165,91368,91,117141,California
Imperial,2021-06-27,123,195200,60,94149,58,87524,5,13527,51,25756,72,91440,55,117196,California
Imperial,2021-06-28,642,195842,463,94612,157,87681,22,13549,334,25808,303,91743,355,117551,California
Imperial,2021-06-29,838,196680,617,95229,174,87855,47,13596,387,25796,447,92190,435,117986,California
Imperial,2021-06-30,855,197535,549,95778,281,88136,25,13621,354,25681,496,92686,381,118367,California
Imperial,2021-07-01,780,198315,554,96332,210,88346,16,13637,373,25670,400,93086,389,118756,California
Imperial,2021-07-02,905,199220,617,96949,265,88611,23,13660,384,25561,515,93601,406,119162,California
Imperial,2021-07-03,212,199432,97,97046,110,88721,5,13665,88,25533,120,93721,92,119254,California
Imperial,2021-07-04,42,199474,14,97060,25,88746,3,13668,19,25532,23,93744,22,119276,California
Imperial,2021-07-05,202,199676,90,97150,106,88852,6,13674,80,25496,121,93865,85,119361,California
Imperial,2021-07-06,899,200575,625,97775,254,89106,20,13694,345,25315,547,94412,366,119727,California
Imperial,2021-07-07,566,201141,430,98205,117,89223,19,13713,214,25201,346,94758,232,119959,California
Inyo,2020-12-19,85,85,85,85,0,0,0,0,85,85,0,0,85,85,California
Inyo,2020-12-20,58,143,58,143,0,0,0,0,58,143,0,0,58,143,California
Inyo,2020-12-21,88,231,85,228,3,3,0,0,88,231,0,0,88,231,California
Inyo,2020-12-22,105,336,105,333,0,3,0,0,105,336,0,0,105,336,California
Inyo,2020-12-23,70,406,67,400,3,6,0,0,70,406,0,0,70,406,California
Inyo,2020-12-24,15,421,15,415,0,6,0,0,15,421,0,0,15,421,California
Inyo,2020-12-25,1,422,0,415,1,7,0,0,1,422,0,0,1,422,California
Inyo,2020-12-26,74,496,74,489,0,7,0,0,74,496,0,0,74,496,California
Inyo,2020-12-28,47,543,35,524,12,19,0,0,47,543,0,0,47,543,California
Inyo,2020-12-29,19,562,19,543,0,19,0,0,19,562,0,0,19,562,California
Inyo,2020-12-30,56,618,54,597,2,21,0,0,56,618,0,0,56,618,California
Inyo,2020-12-31,29,647,0,597,29,50,0,0,29,647,0,0,29,647,California
Inyo,2021-01-01,1,648,0,597,1,51,0,0,1,648,0,0,1,648,California
Inyo,2021-01-03,1,649,0,597,1,52,0,0,1,649,0,0,1,649,California
Inyo,2021-01-04,4,653,1,598,3,55,0,0,4,653,0,0,4,653,California
Inyo,2021-01-05,34,687,0,598,34,89,0,0,34,687,0,0,34,687,California
Inyo,2021-01-06,68,755,0,598,68,157,0,0,68,755,0,0,68,755,California
Inyo,2021-01-07,31,786,1,599,30,187,0,0,31,786,0,0,31,786,California
Inyo,2021-01-08,9,795,8,607,1,188,0,0,4,786,5,5,5,791,California
Inyo,2021-01-09,87,882,86,693,1,189,0,0,1,701,86,91,1,792,California
Inyo,2021-01-10,52,934,52,745,0,189,0,0,0,649,52,143,0,792,California
Inyo,2021-01-11,97,1031,82,827,15,204,0,0,16,584,81,224,16,808,California
Inyo,2021-01-12,138,1169,117,944,21,225,0,0,28,502,110,334,28,836,California
Inyo,2021-01-13,86,1255,68,1012,18,243,0,0,21,459,65,399,22,858,California
Inyo,2021-01-14,59,1314,13,1025,46,289,0,0,49,498,10,409,49,907,California
Inyo,2021-01-15,163,1477,28,1053,135,424,0,0,163,661,0,409,163,1070,California
Inyo,2021-01-16,74,1551,73,1126,1,425,0,0,1,589,73,482,1,1071,California
Inyo,2021-01-18,57,1608,35,1161,22,447,0,0,19,570,38,520,19,1090,California
Inyo,2021-01-19,116,1724,74,1235,42,489,0,0,99,652,17,537,99,1189,California
Inyo,2021-01-20,148,1872,71,1306,77,566,0,0,93,690,55,592,93,1282,California
Inyo,2021-01-21,120,1992,57,1363,63,629,0,0,119,808,1,593,119,1401,California
Inyo,2021-01-22,63,2055,0,1363,63,692,0,0,61,867,2,595,61,1462,California
Inyo,2021-01-23,54,2109,52,1415,2,694,0,0,53,920,0,595,53,1515,California
Inyo,2021-01-25,49,2158,6,1421,43,737,0,0,37,945,12,607,37,1552,California
Inyo,2021-01-26,136,2294,55,1476,81,818,0,0,130,1069,6,613,130,1682,California
Inyo,2021-01-27,24,2318,2,1478,22,840,0,0,23,1091,1,614,23,1705,California
Inyo,2021-01-28,92,2410,2,1480,90,930,0,0,63,1125,29,643,63,1768,California
Inyo,2021-01-29,25,2435,3,1483,22,952,0,0,23,1146,2,645,23,1791,California
Inyo,2021-01-30,11,2446,1,1484,10,962,0,0,11,1157,0,645,11,1802,California
Inyo,2021-01-31,32,2478,4,1488,28,990,0,0,4,1133,28,673,4,1806,California
Inyo,2021-02-01,11,2489,10,1498,1,991,0,0,1,1124,10,683,1,1807,California
Inyo,2021-02-02,130,2619,14,1512,116,1107,0,0,104,1202,26,709,104,1911,California
Inyo,2021-02-03,118,2737,0,1512,118,1225,0,0,74,1232,44,753,74,1985,California
Inyo,2021-02-04,152,2889,34,1546,118,1343,0,0,91,1263,61,814,92,2077,California
Inyo,2021-02-05,118,3007,62,1608,56,1399,0,0,116,1377,2,816,116,2193,California
Inyo,2021-02-06,5,3012,3,1611,2,1401,0,0,3,1379,1,817,3,2196,California
Inyo,2021-02-07,4,3016,2,1613,2,1403,0,0,4,1383,0,817,4,2200,California
Inyo,2021-02-08,117,3133,7,1620,110,1513,0,0,97,1460,20,837,97,2297,California
Inyo,2021-02-09,202,3335,52,1672,150,1663,0,0,129,1516,73,910,129,2426,California
Inyo,2021-02-10,140,3475,16,1688,124,1787,0,0,107,1590,33,943,107,2533,California
Inyo,2021-02-11,222,3697,57,1745,165,1952,0,0,126,1620,96,1039,126,2659,California
Inyo,2021-02-12,302,3999,51,1796,251,2203,0,0,167,1653,134,1173,167,2826,California
Inyo,2021-02-13,59,4058,54,1850,5,2208,0,0,7,1608,52,1225,7,2833,California
Inyo,2021-02-14,2,4060,0,1850,2,2210,0,0,2,1610,0,1225,2,2835,California
Inyo,2021-02-15,29,4089,9,1859,20,2230,0,0,5,1591,24,1249,5,2840,California
Inyo,2021-02-16,183,4272,54,1913,129,2359,0,0,91,1593,89,1338,91,2931,California
Inyo,2021-02-17,38,4310,4,1917,34,2393,0,0,8,1571,30,1368,8,2939,California
Inyo,2021-02-18,122,4432,6,1923,116,2509,0,0,79,1607,43,1411,79,3018,California
Inyo,2021-02-19,53,4485,4,1927,49,2558,0,0,10,1574,43,1454,10,3028,California
Inyo,2021-02-20,513,4998,507,2434,6,2564,0,0,509,2080,3,1457,509,3537,California
Inyo,2021-02-21,446,5444,446,2880,0,2564,0,0,445,2525,0,1457,445,3982,California
Inyo,2021-02-22,62,5506,19,2899,43,2607,0,0,27,2517,35,1492,27,4009,California
Inyo,2021-02-23,203,5709,19,2918,184,2791,0,0,94,2504,107,1599,94,4103,California
Inyo,2021-02-24,119,5828,0,2918,119,2910,0,0,57,2499,62,1661,57,4160,California
Inyo,2021-02-25,133,5961,5,2923,128,3038,0,0,63,2492,70,1731,63,4223,California
Inyo,2021-02-26,105,6066,61,2984,44,3082,0,0,20,2427,85,1816,20,4243,California
Inyo,2021-02-27,14,6080,3,2987,11,3093,0,0,2,2417,12,1828,2,4245,California
Inyo,2021-02-28,3,6083,1,2988,2,3095,0,0,2,2418,1,1829,2,4247,California
Inyo,2021-03-01,19,6102,2,2990,17,3112,0,0,17,2433,2,1831,17,4264,California
Inyo,2021-03-02,197,6299,1,2991,196,3308,0,0,112,2460,85,1916,112,4376,California
Inyo,2021-03-03,87,6386,4,2995,83,3391,0,0,42,2458,44,1960,42,4418,California
Inyo,2021-03-04,127,6513,3,2998,124,3515,0,0,45,2422,81,2041,45,4463,California
Inyo,2021-03-05,145,6658,56,3054,89,3604,0,0,42,2361,103,2144,42,4505,California
Inyo,2021-03-06,30,6688,1,3055,29,3633,0,0,29,2389,1,2145,29,4534,California
Inyo,2021-03-07,7,6695,4,3059,3,3636,0,0,5,2392,2,2147,5,4539,California
Inyo,2021-03-08,184,6879,5,3064,179,3815,0,0,91,2390,93,2240,91,4630,California
Inyo,2021-03-09,191,7070,3,3067,188,4003,0,0,74,2347,117,2357,74,4704,California
Inyo,2021-03-10,71,7141,8,3075,62,4065,1,1,30,2337,41,2398,31,4735,California
Inyo,2021-03-11,206,7347,1,3076,200,4265,5,6,75,2286,131,2529,80,4815,California
Inyo,2021-03-12,179,7526,5,3081,168,4433,6,12,78,2270,100,2629,84,4899,California
Inyo,2021-03-13,584,8110,549,3630,25,4458,10,22,70,1838,512,3141,80,4979,California
Inyo,2021-03-14,441,8551,440,4070,1,4459,0,22,2,1402,438,3579,2,4981,California
Inyo,2021-03-15,51,8602,15,4085,34,4493,2,24,30,1413,21,3600,32,5013,California
Inyo,2021-03-16,164,8766,4,4089,154,4647,6,30,63,1384,99,3699,70,5083,California
Inyo,2021-03-17,108,8874,3,4092,98,4745,7,37,92,1467,16,3715,99,5182,California
Inyo,2021-03-18,185,9059,16,4108,162,4907,7,44,104,1497,81,3796,111,5293,California
Inyo,2021-03-19,47,9106,5,4113,38,4945,4,48,36,1527,10,3806,40,5333,California
Inyo,2021-03-20,20,9126,1,4114,10,4955,9,57,1,1518,19,3825,10,5343,California
Inyo,2021-03-22,59,9185,3,4117,51,5006,5,62,39,1542,20,3845,44,5387,California
Inyo,2021-03-23,195,9380,4,4121,187,5193,4,66,105,1561,90,3935,109,5496,California
Inyo,2021-03-24,141,9521,3,4124,133,5326,5,71,86,1597,55,3990,91,5587,California
Inyo,2021-03-25,330,9851,110,4234,217,5543,3,74,263,1796,67,4057,266,5853,California
Inyo,2021-03-26,92,9943,3,4237,85,5628,4,78,71,1850,21,4078,75,5928,California
Inyo,2021-03-27,53,9996,45,4282,5,5633,3,81,47,1894,6,4084,50,5978,California
Inyo,2021-03-28,4,10000,1,4283,2,5635,1,82,1,1893,3,4087,2,5980,California
Inyo,2021-03-29,109,10109,2,4285,102,5737,5,87,82,1954,26,4113,87,6067,California
Inyo,2021-03-30,221,10330,2,4287,214,5951,5,92,109,1956,112,4225,114,6181,California
Inyo,2021-03-31,150,10480,4,4291,141,6092,5,97,107,2026,43,4268,113,6294,California
Inyo,2021-04-01,166,10646,3,4294,162,6254,1,98,117,2095,49,4317,118,6412,California
Inyo,2021-04-02,80,10726,1,4295,77,6331,2,100,49,2115,31,4348,51,6463,California
Inyo,2021-04-03,93,10819,47,4342,32,6363,14,114,5,2047,86,4434,18,6481,California
Inyo,2021-04-04,5,10824,4,4346,0,6363,1,115,1,2045,4,4438,2,6483,California
Inyo,2021-04-05,117,10941,1,4347,112,6475,4,119,29,1990,88,4526,33,6516,California
Inyo,2021-04-06,237,11178,5,4352,169,6644,63,182,105,2026,132,4658,168,6684,California
Inyo,2021-04-07,204,11382,1,4353,76,6720,127,309,47,2042,158,4816,174,6858,California
Inyo,2021-04-08,182,11564,15,4368,150,6870,17,326,82,2041,100,4916,99,6957,California
Inyo,2021-04-09,126,11690,7,4375,96,6966,23,349,37,2013,88,5004,60,7017,California
Inyo,2021-04-10,42,11732,1,4376,24,6990,17,366,3,1994,39,5043,20,7037,California
Inyo,2021-04-11,1,11733,0,4376,1,6991,0,366,1,1995,0,5043,1,7038,California
Inyo,2021-04-12,79,11812,0,4376,74,7065,5,371,41,2003,38,5081,46,7084,California
Inyo,2021-04-13,124,11936,5,4381,116,7181,3,374,64,2012,58,5139,67,7151,California
Inyo,2021-04-14,130,12066,2,4383,128,7309,0,374,45,1972,85,5224,45,7196,California
Inyo,2021-04-15,274,12340,116,4499,158,7467,0,374,78,1854,196,5420,78,7274,California
Inyo,2021-04-16,48,12388,6,4505,42,7509,0,374,19,1845,28,5448,19,7293,California
Inyo,2021-04-17,2,12390,1,4506,1,7510,0,374,1,1845,1,5449,1,7294,California
Inyo,2021-04-19,133,12523,44,4550,89,7599,0,374,46,1805,86,5535,46,7340,California
Inyo,2021-04-20,163,12686,2,4552,161,7760,0,374,79,1800,84,5619,79,7419,California
Inyo,2021-04-21,113,12799,5,4557,108,7868,0,374,32,1751,81,5700,32,7451,California
Inyo,2021-04-22,195,12994,1,4558,194,8062,0,374,51,1658,144,5844,51,7502,California
Inyo,2021-04-23,95,13089,4,4562,91,8153,0,374,22,1607,73,5917,22,7524,California
Inyo,2021-04-24,310,13399,309,4871,1,8154,0,374,305,1907,5,5922,305,7829,California
Inyo,2021-04-25,135,13534,134,5005,1,8155,0,374,135,2042,0,5922,135,7964,California
Inyo,2021-04-26,92,13626,1,5006,90,8245,1,375,11,1973,81,6003,12,7976,California
Inyo,2021-04-27,184,13810,7,5013,172,8417,5,380,48,1890,136,6139,53,8029,California
Inyo,2021-04-28,121,13931,2,5015,117,8534,2,382,20,1812,100,6239,22,8051,California
Inyo,2021-04-29,171,14102,55,5070,116,8650,0,382,77,1796,93,6332,77,8128,California
Inyo,2021-04-30,82,14184,5,5075,76,8726,1,383,23,1761,59,6391,24,8152,California
Inyo,2021-05-01,12,14196,3,5078,9,8735,0,383,10,1769,2,6393,10,8162,California
Inyo,2021-05-02,7,14203,3,5081,2,8737,2,385,4,1772,3,6396,6,8168,California
Inyo,2021-05-03,38,14241,1,5082,33,8770,4,389,5,1748,33,6429,9,8177,California
Inyo,2021-05-04,123,14364,2,5084,117,8887,4,393,19,1667,104,6533,23,8200,California
Inyo,2021-05-05,37,14401,0,5084,35,8922,2,395,11,1654,26,6559,13,8213,California
Inyo,2021-05-06,94,14495,4,5088,82,9004,8,403,13,1594,81,6640,21,8234,California
Inyo,2021-05-07,50,14545,5,5093,37,9041,8,411,24,1602,24,6664,32,8266,California
Inyo,2021-05-08,11,14556,2,5095,4,9045,5,416,4,1604,7,6671,9,8275,California
Inyo,2021-05-09,1,14557,0,5095,1,9046,0,416,0,1603,1,6672,0,8275,California
Inyo,2021-05-10,70,14627,1,5096,67,9113,2,418,32,1599,39,6711,35,8310,California
Inyo,2021-05-11,88,14715,1,5097,84,9197,3,421,20,1554,68,6779,23,8333,California
Inyo,2021-05-12,42,14757,2,5099,38,9235,2,423,11,1536,31,6810,13,8346,California
Inyo,2021-05-13,75,14832,1,5100,73,9308,1,424,12,1486,63,6873,13,8359,California
Inyo,2021-05-14,28,14860,5,5105,18,9326,5,429,14,1491,14,6887,19,8378,California
Inyo,2021-05-15,379,15239,367,5472,10,9336,2,431,85,1284,294,7181,87,8465,California
Inyo,2021-05-16,200,15439,200,5672,0,9336,0,431,73,1230,127,7308,73,8538,California
Inyo,2021-05-17,63,15502,2,5674,57,9393,4,435,18,1207,45,7353,22,8560,California
Inyo,2021-05-18,84,15586,2,5676,81,9474,1,436,17,1158,67,7420,18,8578,California
Inyo,2021-05-19,46,15632,2,5678,39,9513,5,441,13,1143,33,7453,18,8596,California
Inyo,2021-05-20,146,15778,83,5761,62,9575,1,442,37,1071,110,7563,38,8634,California
Inyo,2021-05-21,49,15827,18,5779,26,9601,5,447,19,1065,30,7593,24,8658,California
Inyo,2021-05-22,25,15852,15,5794,7,9608,3,450,18,1079,7,7600,21,8679,California
Inyo,2021-05-23,2,15854,1,5795,0,9608,1,451,0,1078,2,7602,1,8680,California
Inyo,2021-05-24,33,15887,6,5801,24,9632,3,454,13,1074,20,7622,16,8696,California
Inyo,2021-05-25,82,15969,39,5840,41,9673,2,456,47,1088,35,7657,49,8745,California
Inyo,2021-05-26,44,16013,16,5856,26,9699,2,458,21,1089,22,7679,23,8768,California
Inyo,2021-05-27,39,16052,10,5866,21,9720,8,466,12,1083,26,7705,20,8788,California
Inyo,2021-05-28,26,16078,6,5872,15,9735,5,471,8,1078,18,7723,13,8801,California
Inyo,2021-05-29,16,16094,5,5877,11,9746,0,471,7,1076,9,7732,7,8808,California
Inyo,2021-05-30,2,16096,0,5877,2,9748,0,471,0,1074,2,7734,0,8808,California
Inyo,2021-06-01,54,16150,16,5893,32,9780,6,477,23,1072,31,7765,29,8837,California
Inyo,2021-06-02,11,16161,9,5902,1,9781,1,478,9,1080,2,7767,10,8847,California
Inyo,2021-06-03,25,16186,0,5902,18,9799,7,485,1,1064,24,7791,8,8855,California
Inyo,2021-06-04,32,16218,6,5908,22,9821,4,489,12,1060,20,7811,16,8871,California
Inyo,2021-06-05,17,16235,8,5916,8,9829,1,490,4,1052,13,7824,5,8876,California
Inyo,2021-06-07,51,16286,15,5931,33,9862,3,493,5,1014,46,7870,8,8884,California
Inyo,2021-06-08,51,16337,23,5954,25,9887,3,496,24,1014,27,7897,27,8911,California
Inyo,2021-06-09,111,16448,95,6049,14,9901,2,498,14,933,97,7994,16,8927,California
Inyo,2021-06-10,53,16501,39,6088,9,9910,5,503,15,915,38,8032,20,8947,California
Inyo,2021-06-11,43,16544,23,6111,18,9928,2,505,17,908,26,8058,19,8966,California
Inyo,2021-06-12,15,16559,8,6119,6,9934,1,506,5,904,10,8068,6,8972,California
Inyo,2021-06-13,1,16560,0,6119,1,9935,0,506,0,903,1,8069,0,8972,California
Inyo,2021-06-14,58,16618,27,6146,28,9963,3,509,8,864,50,8119,11,8983,California
Inyo,2021-06-15,52,16670,39,6185,9,9972,4,513,9,834,43,8162,13,8996,California
Inyo,2021-06-16,33,16703,20,6205,13,9985,0,513,7,815,26,8188,7,9003,California
Inyo,2021-06-17,23,16726,13,6218,6,9991,4,517,5,807,17,8205,9,9012,California
Inyo,2021-06-18,14,16740,5,6223,6,9997,3,520,2,800,12,8217,5,9017,California
Inyo,2021-06-19,21,16761,7,6230,13,10010,1,521,7,795,13,8230,8,9025,California
Inyo,2021-06-21,29,16790,8,6238,18,10028,3,524,13,795,16,8246,16,9041,California
Inyo,2021-06-22,50,16840,41,6279,7,10035,2,526,24,795,26,8272,26,9067,California
Inyo,2021-06-23,14,16854,6,6285,7,10042,1,527,1,784,13,8285,2,9069,California
Inyo,2021-06-24,6,16860,2,6287,3,10045,1,528,3,785,3,8288,4,9073,California
Inyo,2021-06-25,26,16886,10,6297,13,10058,3,531,12,786,14,8302,15,9088,California
Inyo,2021-06-26,12,16898,6,6303,4,10062,2,533,4,784,8,8310,6,9094,California
Inyo,2021-06-28,13,16911,11,6314,2,10064,0,533,8,787,5,8315,8,9102,California
Inyo,2021-06-29,34,16945,29,6343,5,10069,0,533,14,781,20,8335,14,9116,California
Inyo,2021-06-30,21,16966,17,6360,4,10073,0,533,7,774,14,8349,7,9123,California
Inyo,2021-07-01,13,16979,9,6369,4,10077,0,533,8,777,5,8354,8,9131,California
Inyo,2021-07-02,21,17000,9,6378,12,10089,0,533,13,782,8,8362,13,9144,California
Inyo,2021-07-03,6,17006,6,6384,0,10089,0,533,5,786,1,8363,5,9149,California
Inyo,2021-07-05,4,17010,2,6386,2,10091,0,533,0,782,4,8367,0,9149,California
Inyo,2021-07-06,24,17034,14,6400,10,10101,0,533,16,790,8,8375,16,9165,California
Inyo,2021-07-07,16,17050,8,6408,6,10107,2,535,2,780,14,8389,4,9169,California
Kern,2020-12-15,1,1,1,1,0,0,0,0,1,1,0,0,1,1,California
Kern,2020-12-16,19,20,19,20,0,0,0,0,19,20,0,0,19,20,California
Kern,2020-12-17,164,184,164,184,0,0,0,0,164,184,0,0,164,184,California
Kern,2020-12-18,327,511,327,511,0,0,0,0,327,511,0,0,327,511,California
Kern,2020-12-19,99,610,99,610,0,0,0,0,100,611,0,0,100,611,California
Kern,2020-12-20,62,672,62,672,0,0,0,0,62,673,0,0,62,673,California
Kern,2020-12-21,672,1344,671,1343,1,1,0,0,672,1345,0,0,672,1345,California
Kern,2020-12-22,533,1877,530,1873,3,4,0,0,533,1878,0,0,533,1878,California
Kern,2020-12-23,558,2435,420,2293,138,142,0,0,558,2436,0,0,558,2436,California
Kern,2020-12-24,123,2558,44,2337,79,221,0,0,123,2559,0,0,123,2559,California
Kern,2020-12-25,1,2559,1,2338,0,221,0,0,1,2560,0,0,1,2560,California
Kern,2020-12-26,35,2594,2,2340,33,254,0,0,35,2595,0,0,35,2595,California
Kern,2020-12-27,35,2629,3,2343,32,286,0,0,35,2630,0,0,35,2630,California
Kern,2020-12-28,831,3460,666,3009,165,451,0,0,831,3461,0,0,831,3461,California
Kern,2020-12-29,744,4204,451,3460,293,744,0,0,743,4203,1,1,743,4204,California
Kern,2020-12-30,1207,5411,915,4375,292,1036,0,0,1207,5410,0,1,1207,5411,California
Kern,2020-12-31,276,5687,99,4474,177,1213,0,0,276,5686,0,1,276,5687,California
Kern,2021-01-01,19,5706,10,4484,9,1222,0,0,19,5705,0,1,19,5706,California
Kern,2021-01-02,79,5785,18,4502,61,1283,0,0,79,5784,0,1,79,5785,California
Kern,2021-01-03,23,5808,4,4506,19,1302,0,0,23,5807,0,1,23,5808,California
Kern,2021-01-04,554,6362,362,4868,192,1494,0,0,554,6361,0,1,554,6362,California
Kern,2021-01-05,1135,7497,740,5608,395,1889,0,0,1123,7472,12,13,1123,7485,California
Kern,2021-01-06,1167,8664,450,6058,717,2606,0,0,1136,8577,31,44,1136,8621,California
Kern,2021-01-07,1414,10078,491,6549,923,3529,0,0,1244,9652,169,213,1244,9865,California
Kern,2021-01-08,1632,11710,773,7322,859,4388,0,0,1330,10680,303,516,1331,11196,California
Kern,2021-01-09,229,11939,79,7401,150,4538,0,0,193,10837,36,552,193,11389,California
Kern,2021-01-10,195,12134,149,7550,46,4584,0,0,154,10950,41,593,154,11543,California
Kern,2021-01-11,1560,13694,986,8536,574,5158,0,0,1003,11396,557,1150,1003,12546,California
Kern,2021-01-12,1878,15572,818,9354,1060,6218,0,0,1360,12239,518,1668,1361,13907,California
Kern,2021-01-13,1862,17434,879,10233,983,7201,0,0,1438,13253,424,2092,1438,15345,California
Kern,2021-01-14,2204,19638,655,10888,1549,8750,0,0,2158,15365,46,2138,2158,17503,California
Kern,2021-01-15,2729,22367,863,11751,1866,10616,0,0,2633,17904,95,2233,2634,20137,California
Kern,2021-01-16,675,23042,214,11965,461,11077,0,0,640,18509,35,2268,640,20777,California
Kern,2021-01-17,75,23117,7,11972,68,11145,0,0,73,18580,2,2270,73,20850,California
Kern,2021-01-18,1646,24763,658,12630,988,12133,0,0,1480,19894,166,2436,1480,22330,California
Kern,2021-01-19,1869,26632,1034,13664,835,12968,0,0,1401,20828,468,2904,1402,23732,California
Kern,2021-01-20,2738,29370,1793,15457,945,13913,0,0,1955,22007,778,3682,1957,25689,California
Kern,2021-01-21,2140,31510,875,16332,1265,15178,0,0,1942,23752,197,3879,1942,27631,California
Kern,2021-01-22,2736,34246,1315,17647,1421,16599,0,0,2454,25925,281,4160,2454,30085,California
Kern,2021-01-23,1259,35505,544,18191,715,17314,0,0,1209,27084,50,4210,1209,31294,California
Kern,2021-01-24,155,35660,12,18203,143,17457,0,0,149,27227,6,4216,149,31443,California
Kern,2021-01-25,2384,38044,1084,19287,1300,18757,0,0,1897,28640,485,4701,1898,33341,California
Kern,2021-01-26,2788,40832,1131,20418,1657,20414,0,0,1927,29707,860,5561,1927,35268,California
Kern,2021-01-27,3561,44393,1894,22312,1667,22081,0,0,2861,31871,697,6258,2861,38129,California
Kern,2021-01-28,2899,47292,1362,23674,1537,23618,0,0,2465,33910,429,6687,2468,40597,California
Kern,2021-01-29,3796,51088,1802,25476,1994,25612,0,0,3245,36607,548,7235,3245,43842,California
Kern,2021-01-30,1333,52421,499,25975,834,26446,0,0,1281,37838,50,7285,1281,45123,California
Kern,2021-01-31,400,52821,273,26248,127,26573,0,0,265,37968,135,7420,265,45388,California
Kern,2021-02-01,2582,55403,971,27219,1611,28184,0,0,1867,39125,712,8132,1869,47257,California
Kern,2021-02-02,2768,58171,806,28025,1962,30146,0,0,2058,40474,710,8842,2059,49316,California
Kern,2021-02-03,3699,61870,1555,29580,2144,32290,0,0,2713,42208,979,9821,2713,52029,California
Kern,2021-02-04,3834,65704,1457,31037,2377,34667,0,0,2594,43572,1230,11051,2594,54623,California
Kern,2021-02-05,4880,70584,1992,33029,2888,37555,0,0,3107,44925,1754,12805,3107,57730,California
Kern,2021-02-06,1749,72333,769,33798,980,38535,0,0,1514,46209,230,13035,1514,59244,California
Kern,2021-02-07,284,72617,151,33949,133,38668,0,0,266,46459,16,13051,266,59510,California
Kern,2021-02-08,2572,75189,789,34738,1783,40451,0,0,1258,46422,1296,14347,1259,60769,California
Kern,2021-02-09,3046,78235,978,35716,2068,42519,0,0,1468,46323,1567,15914,1468,62237,California
Kern,2021-02-10,3836,82071,1675,37391,2161,44680,0,0,1873,46251,1945,17859,1873,64110,California
Kern,2021-02-11,4296,86367,1541,38932,2755,47435,0,0,2231,46433,2052,19911,2234,66344,California
Kern,2021-02-12,5013,91380,1911,40843,3102,50537,0,0,2489,46413,2509,22420,2489,68833,California
Kern,2021-02-13,2020,93400,736,41579,1284,51821,0,0,1164,46724,853,23273,1164,69997,California
Kern,2021-02-14,354,93754,12,41591,342,52163,0,0,272,46915,81,23354,272,70269,California
Kern,2021-02-15,2769,96523,908,42499,1861,54024,0,0,1223,46601,1537,24891,1223,71492,California
Kern,2021-02-16,2969,99492,722,43221,2247,56271,0,0,1663,46968,1297,26188,1664,73156,California
Kern,2021-02-17,4118,103610,2100,45321,2018,58289,0,0,1941,46739,2171,28359,1942,75098,California
Kern,2021-02-18,3806,107416,1509,46830,2297,60586,0,0,1632,46209,2162,30521,1632,76730,California
Kern,2021-02-19,4249,111665,1936,48766,2313,62899,0,0,1763,45493,2479,33000,1763,78493,California
Kern,2021-02-20,2634,114299,984,49750,1650,64549,0,0,1373,45609,1257,34257,1373,79866,California
Kern,2021-02-21,278,114577,169,49919,109,64658,0,0,92,45518,184,34441,93,79959,California
Kern,2021-02-22,2783,117360,1224,51143,1559,66217,0,0,1489,45724,1283,35724,1489,81448,California
Kern,2021-02-23,3664,121024,1176,52319,2488,68705,0,0,2022,46107,1640,37364,2023,83471,California
Kern,2021-02-24,5352,126376,2355,54674,2997,71702,0,0,3170,47105,2172,39536,3170,86641,California
Kern,2021-02-25,5460,131836,2497,57171,2963,74665,0,0,3234,48136,2203,41739,3234,89875,California
Kern,2021-02-26,6980,138816,3564,60735,3416,78081,0,0,4403,49970,2571,44310,4405,94280,California
Kern,2021-02-27,3993,142809,1983,62718,2010,80091,0,0,2626,51239,1357,45667,2626,96906,California
Kern,2021-02-28,917,143726,503,63221,413,80504,1,1,693,51712,221,45888,694,97600,California
Kern,2021-03-01,4021,147747,1825,65046,2192,82696,4,5,2702,53110,1308,47196,2706,100306,California
Kern,2021-03-02,4550,152297,1420,66466,3126,85822,4,9,2995,54563,1543,48739,2996,103302,California
Kern,2021-03-03,6018,158315,2852,69318,3164,88986,2,11,3892,56346,2110,50849,3893,107195,California
Kern,2021-03-04,5713,164028,2283,71601,3425,92411,5,16,3702,58057,1994,52843,3705,110900,California
Kern,2021-03-05,6737,170765,2887,74488,3831,96242,19,35,4211,59772,2515,55358,4230,115130,California
Kern,2021-03-06,4773,175538,1927,76415,2735,98977,111,146,3480,62077,1286,56644,3591,118721,California
Kern,2021-03-07,2088,177626,1592,78007,425,99402,71,217,1873,63808,213,56857,1944,120665,California
Kern,2021-03-08,2920,180546,925,78932,1764,101166,231,448,1527,64174,1390,58247,1756,122421,California
Kern,2021-03-09,3749,184295,814,79746,2545,103711,390,838,2338,65494,1403,59650,2723,125144,California
Kern,2021-03-10,6168,190463,2569,82315,2521,106232,1078,1916,3607,67632,2545,62195,4683,129827,California
Kern,2021-03-11,6344,196807,2444,84759,2871,109103,1029,2945,3772,69867,2561,64756,4796,134623,California
Kern,2021-03-12,7873,204680,3085,87844,3434,112537,1354,4299,4331,72010,3529,68285,5672,140295,California
Kern,2021-03-13,4686,209366,2535,90379,1813,114350,338,4637,3257,74177,1422,69707,3589,143884,California
Kern,2021-03-14,2316,211682,1534,91913,536,114886,246,4883,1788,75680,527,70234,2030,145914,California
Kern,2021-03-15,4286,215968,1111,93024,2460,117346,715,5598,2179,76472,2094,72328,2886,148800,California
Kern,2021-03-16,4446,220414,1019,94043,2890,120236,537,6135,2413,77395,2020,74348,2943,151743,California
Kern,2021-03-17,7480,227894,4091,98134,2835,123071,554,6689,4464,79408,3004,77352,5017,156760,California
Kern,2021-03-18,7329,235223,3718,101852,3021,126092,590,7279,4424,81536,2882,80234,5010,161770,California
Kern,2021-03-19,9148,244371,5016,106868,3364,129456,768,8047,4701,82574,4424,84658,5462,167232,California
Kern,2021-03-20,6273,250644,3836,110704,2252,131708,185,8232,3964,84429,2295,86953,4150,171382,California
Kern,2021-03-21,3092,253736,1960,112664,246,131954,886,9118,1882,85992,1203,88156,2766,174148,California
Kern,2021-03-22,3996,257732,1570,114234,2069,134023,357,9475,1924,86219,2054,90210,2281,176429,California
Kern,2021-03-23,4755,262487,1681,115915,2874,136897,200,9675,2468,86627,2257,92467,2665,179094,California
Kern,2021-03-24,7201,269688,3685,119600,3039,139936,477,10152,3641,87202,3540,96007,4115,183209,California
Kern,2021-03-25,6803,276491,3011,122611,3457,143393,335,10487,3215,87180,3569,99576,3547,186756,California
Kern,2021-03-26,9899,286390,4431,127042,4208,147601,1260,11747,4707,87975,5171,104747,5966,192722,California
Kern,2021-03-27,5718,292108,3996,131038,1594,149195,128,11875,3447,89281,2268,107015,3574,196296,California
Kern,2021-03-28,4691,296799,4197,135235,480,149675,14,11889,2957,90520,1732,108747,2971,199267,California
Kern,2021-03-29,4260,301059,1681,136916,2301,151976,278,12167,2609,91767,1637,110384,2884,202151,California
Kern,2021-03-30,5611,306670,1877,138793,3346,155322,388,12555,3040,92625,2566,112950,3424,205575,California
Kern,2021-03-31,8460,315130,4575,143368,3228,158550,657,13212,4317,93474,4124,117074,4973,210548,California
Kern,2021-04-01,7935,323065,3886,147254,3738,162288,311,13523,4231,94337,3674,120748,4537,215085,California
Kern,2021-04-02,8471,331536,4460,151714,3400,165688,611,14134,4222,94931,4229,124977,4823,219908,California
Kern,2021-04-03,6005,337541,3674,155388,2148,167836,183,14317,2658,94432,3337,128314,2838,222746,California
Kern,2021-04-04,1341,338882,873,156261,383,168219,85,14402,472,94121,866,129180,555,223301,California
Kern,2021-04-05,5390,344272,2223,158484,2387,170606,780,15182,2902,95298,2474,131654,3651,226952,California
Kern,2021-04-06,7147,351419,2481,160965,3285,173891,1381,16563,3571,96694,3550,135204,4946,231898,California
Kern,2021-04-07,9404,360823,5484,166449,2956,176847,964,17527,4574,97420,4810,140014,5536,237434,California
Kern,2021-04-08,8682,369505,4808,171257,2958,179805,916,18443,3732,97132,4923,144937,4635,242069,California
Kern,2021-04-09,10297,379802,5151,176408,4150,183955,996,19439,4362,96579,5905,150842,5352,247421,California
Kern,2021-04-10,6606,386408,3466,179874,1891,185846,1249,20688,2141,95511,4453,155295,3385,250806,California
Kern,2021-04-11,3935,390343,2920,182794,371,186217,644,21332,1276,94779,2645,157940,1913,252719,California
Kern,2021-04-12,4427,394770,994,183788,2458,188675,975,22307,1586,94522,2816,160756,2559,255278,California
Kern,2021-04-13,4323,399093,1428,185216,2869,191544,26,22333,2134,94507,2174,162930,2159,257437,California
Kern,2021-04-14,6118,405211,3012,188228,3084,194628,22,22355,3017,94462,3083,166013,3038,260475,California
Kern,2021-04-15,5320,410531,2496,190724,2821,197449,3,22358,2520,94202,2783,168796,2523,262998,California
Kern,2021-04-16,7328,417859,3478,194202,3849,201298,1,22359,2996,92899,4303,173099,3000,265998,California
Kern,2021-04-17,6016,423875,3947,198149,2069,203367,0,22359,2110,91124,3887,176986,2112,268110,California
Kern,2021-04-18,3900,427775,3654,201803,246,203613,0,22359,942,89118,2948,179934,942,269052,California
Kern,2021-04-19,3872,431647,1749,203552,2121,205734,2,22361,1444,88156,2406,182340,1444,270496,California
Kern,2021-04-20,4491,436138,1668,205220,2821,208555,2,22363,1723,87135,2745,185085,1724,272220,California
Kern,2021-04-21,6032,442170,3268,208488,2759,211314,5,22368,2212,85560,3790,188875,2215,274435,California
Kern,2021-04-22,4890,447060,2394,210882,2496,213810,0,22368,1742,84181,3123,191998,1744,276179,California
Kern,2021-04-23,6227,453287,3092,213974,3134,216944,1,22369,1950,81898,4236,196234,1953,278132,California
Kern,2021-04-24,4024,457311,2808,216782,1205,218149,11,22380,1446,80799,2557,198791,1458,279590,California
Kern,2021-04-25,1406,458717,1118,217900,288,218437,0,22380,828,81055,572,199363,828,280418,California
Kern,2021-04-26,3906,462623,1869,219769,1986,220423,51,22431,1081,79373,2816,202179,1134,281552,California
Kern,2021-04-27,4837,467460,2366,222135,2363,222786,108,22539,1494,77644,3328,205507,1599,283151,California
Kern,2021-04-28,6427,473887,3830,225965,2474,225260,123,22662,1872,75103,4534,210041,1993,285144,California
Kern,2021-04-29,5628,479515,3168,229133,2361,227621,99,22761,1690,72978,3915,213956,1790,286934,California
Kern,2021-04-30,5713,485228,3228,232361,2326,229947,159,22920,1683,70805,4014,217970,1841,288775,California
Kern,2021-05-01,2728,487956,1933,234294,736,230683,59,22979,1088,70325,1626,219596,1146,289921,California
Kern,2021-05-02,1893,489849,1603,235897,268,230951,22,23001,691,69843,1195,220791,713,290634,California
Kern,2021-05-03,2560,492409,1033,236930,1393,232344,134,23135,790,69014,1754,222545,925,291559,California
Kern,2021-05-04,3743,496152,1356,238286,2278,234622,109,23244,1317,68028,2410,224955,1424,292983,California
Kern,2021-05-05,4234,500386,2201,240487,1881,236503,152,23396,1406,66775,2809,227764,1556,294539,California
Kern,2021-05-06,3663,504049,1684,242171,1833,238336,146,23542,1149,65578,2488,230252,1291,295830,California
Kern,2021-05-07,4649,508698,2332,244503,2141,240477,176,23718,1308,63753,3308,233560,1483,297313,California
Kern,2021-05-08,2940,511638,1852,246355,972,241449,116,23834,914,62768,2013,235573,1028,298341,California
Kern,2021-05-09,1355,512993,1181,247536,145,241594,29,23863,442,62335,904,236477,471,298812,California
Kern,2021-05-10,2319,515312,914,248450,1302,242896,103,23966,684,61505,1615,238092,785,299597,California
Kern,2021-05-11,2739,518051,986,249436,1627,244523,126,24092,991,60887,1736,239828,1118,300715,California
Kern,2021-05-12,3669,521720,1480,250916,2038,246561,151,24243,1151,59685,2502,242330,1300,302015,California
Kern,2021-05-13,3546,525266,1867,252783,1525,248086,154,24397,1646,59595,1886,244216,1796,303811,California
Kern,2021-05-14,4340,529606,2578,255361,1539,249625,223,24620,1995,59487,2325,246541,2217,306028,California
Kern,2021-05-15,2944,532550,1919,257280,937,250562,88,24708,1565,59776,1363,247904,1652,307680,California
Kern,2021-05-16,1616,534166,1386,258666,190,250752,40,24748,936,60078,674,248578,976,308656,California
Kern,2021-05-17,2340,536506,1011,259677,1182,251934,147,24895,1180,60258,1146,249724,1326,309982,California
Kern,2021-05-18,3233,539739,1500,261177,1601,253535,132,25027,1630,60427,1590,251314,1759,311741,California
Kern,2021-05-19,3844,543583,2394,263571,1321,254856,129,25156,1785,60293,2045,253359,1911,313652,California
Kern,2021-05-20,3126,546709,1698,265269,1284,256140,144,25300,1402,60136,1701,255060,1544,315196,California
Kern,2021-05-21,3652,550361,2210,267479,1307,257447,135,25435,1815,60274,1812,256872,1950,317146,California
Kern,2021-05-22,2957,553318,2301,269780,607,258054,49,25484,1397,60169,1548,258420,1443,318589,California
Kern,2021-05-23,1299,554617,1103,270883,170,258224,26,25510,679,60261,612,259032,704,319293,California
Kern,2021-05-24,1906,556523,821,271704,970,259194,115,25625,897,60270,1002,260034,1011,320304,California
Kern,2021-05-25,2405,558928,1114,272818,1202,260396,89,25714,1109,60185,1282,261316,1197,321501,California
Kern,2021-05-26,2792,561720,1614,274432,1076,261472,102,25816,1195,59899,1581,262897,1295,322796,California
Kern,2021-05-27,2420,564140,1248,275680,1068,262540,104,25920,1269,60140,1130,264027,1371,324167,California
Kern,2021-05-28,2729,566869,1385,277065,1233,263773,111,26031,1261,60057,1453,265480,1370,325537,California
Kern,2021-05-29,1907,568776,1265,278330,593,264366,49,26080,931,60074,963,266443,980,326517,California
Kern,2021-05-30,865,569641,707,279037,139,264505,19,26099,435,60105,422,266865,453,326970,California
Kern,2021-05-31,148,569789,49,279086,88,264593,11,26110,56,60082,89,266954,66,327036,California
Kern,2021-06-01,2290,572079,952,280038,1267,265860,71,26181,967,59813,1306,268260,1037,328073,California
Kern,2021-06-02,2252,574331,1303,281341,843,266703,106,26287,943,59565,1297,269557,1049,329122,California
Kern,2021-06-03,2379,576710,1339,282680,884,267587,156,26443,862,59077,1505,271062,1017,330139,California
Kern,2021-06-04,2969,579679,1926,284606,931,268518,112,26555,868,57981,2075,273137,979,331118,California
Kern,2021-06-05,2531,582210,2045,286651,452,268970,34,26589,788,57070,1733,274870,822,331940,California
Kern,2021-06-06,1233,583443,1128,287779,82,269052,23,26612,408,56681,820,275690,431,332371,California
Kern,2021-06-07,1821,585264,1133,288912,591,269643,97,26709,683,56334,1125,276815,778,333149,California
Kern,2021-06-08,2128,587392,1238,290150,818,270461,72,26781,648,55591,1462,278277,719,333868,California
Kern,2021-06-09,2628,590020,1843,291993,696,271157,89,26870,822,54707,1794,280071,910,334778,California
Kern,2021-06-10,2240,592260,1385,293378,754,271911,101,26971,785,54149,1442,281513,884,335662,California
Kern,2021-06-11,2853,595113,1914,295292,847,272758,92,27063,1069,53540,1771,283284,1162,336824,California
Kern,2021-06-12,1787,596900,1327,296619,410,273168,50,27113,530,52867,1253,284537,580,337404,California
Kern,2021-06-13,933,597833,816,297435,110,273278,7,27120,275,52494,656,285193,283,337687,California
Kern,2021-06-14,1858,599691,1131,298566,630,273908,97,27217,641,52023,1207,286400,736,338423,California
Kern,2021-06-15,2120,601811,1186,299752,856,274764,78,27295,821,51630,1292,287692,899,339322,California
Kern,2021-06-16,2081,603892,1371,301123,633,275397,77,27372,823,51287,1242,288934,899,340221,California
Kern,2021-06-17,1893,605785,1186,302309,592,275989,115,27487,907,51334,976,289910,1023,341244,California
Kern,2021-06-18,2224,608009,1394,303703,710,276699,120,27607,952,51151,1254,291164,1071,342315,California
Kern,2021-06-19,1239,609248,890,304593,314,277013,35,27642,527,51011,701,291865,561,342876,California
Kern,2021-06-20,732,609980,609,305202,103,277116,20,27662,285,50869,447,292312,305,343181,California
Kern,2021-06-21,1245,611225,667,305869,500,277616,78,27740,670,51048,567,292879,746,343927,California
Kern,2021-06-22,1656,612881,881,306750,698,278314,77,27817,673,50826,972,293851,750,344677,California
Kern,2021-06-23,1727,614608,1104,307854,545,278859,78,27895,767,50728,941,294792,843,345520,California
Kern,2021-06-24,1593,616201,983,308837,521,279380,89,27984,680,50590,906,295698,768,346288,California
Kern,2021-06-25,1803,618004,1129,309966,582,279962,92,28076,852,50593,939,296637,942,347230,California
Kern,2021-06-26,1326,619330,989,310955,305,280267,32,28108,569,50441,752,297389,600,347830,California
Kern,2021-06-27,610,619940,515,311470,81,280348,14,28122,264,50377,342,297731,278,348108,California
Kern,2021-06-28,1150,621090,764,312234,298,280646,88,28210,506,50338,631,298362,592,348700,California
Kern,2021-06-29,1398,622488,715,312949,593,281239,90,28300,608,50256,778,299140,696,349396,California
Kern,2021-06-30,1583,624071,1065,314014,439,281678,79,28379,812,50381,767,299907,892,350288,California
Kern,2021-07-01,1382,625453,880,314894,439,282117,63,28442,632,50330,746,300653,695,350983,California
Kern,2021-07-02,1743,627196,1165,316059,506,282623,72,28514,796,50265,931,301584,866,351849,California
Kern,2021-07-03,994,628190,696,316755,258,282881,40,28554,487,50290,502,302086,527,352376,California
Kern,2021-07-04,132,628322,98,316853,34,282915,0,28554,63,50285,68,302154,63,352439,California
Kern,2021-07-05,654,628976,399,317252,230,283145,25,28579,294,50248,356,302510,319,352758,California
Kern,2021-07-06,1494,630470,852,318104,562,283707,80,28659,640,50123,845,303355,720,353478,California
Kern,2021-07-07,961,631431,635,318739,277,283984,49,28708,393,50001,562,303917,440,353918,California
Kings,2020-12-16,1,1,1,1,0,0,0,0,1,1,0,0,1,1,California
Kings,2020-12-17,8,9,8,9,0,0,0,0,8,9,0,0,8,9,California
Kings,2020-12-18,12,21,12,21,0,0,0,0,12,21,0,0,12,21,California
Kings,2020-12-19,12,33,12,33,0,0,0,0,12,33,0,0,12,33,California
Kings,2020-12-20,13,46,13,46,0,0,0,0,13,46,0,0,13,46,California
Kings,2020-12-21,156,202,156,202,0,0,0,0,268,314,0,0,268,314,California
Kings,2020-12-22,140,342,140,342,0,0,0,0,137,451,0,0,137,451,California
Kings,2020-12-23,137,479,123,465,14,14,0,0,138,589,0,0,138,589,California
Kings,2020-12-24,11,490,9,474,2,16,0,0,11,600,0,0,11,600,California
Kings,2020-12-26,7,497,4,478,3,19,0,0,7,607,0,0,7,607,California
Kings,2020-12-27,4,501,4,482,0,19,0,0,4,611,0,0,4,611,California
Kings,2020-12-28,131,632,103,585,28,47,0,0,132,743,0,0,132,743,California
Kings,2020-12-29,83,715,55,640,28,75,0,0,84,827,0,0,84,827,California
Kings,2020-12-30,150,865,109,749,41,116,0,0,150,977,0,0,150,977,California
Kings,2020-12-31,45,910,6,755,39,155,0,0,45,1022,0,0,45,1022,California
Kings,2021-01-01,1,911,0,755,1,156,0,0,1,1023,0,0,1,1023,California
Kings,2021-01-02,11,922,9,764,2,158,0,0,11,1034,0,0,11,1034,California
Kings,2021-01-03,1,923,1,765,0,158,0,0,1,1035,0,0,1,1035,California
Kings,2021-01-04,112,1035,41,806,71,229,0,0,112,1147,0,0,112,1147,California
Kings,2021-01-05,195,1230,39,845,156,385,0,0,195,1342,0,0,195,1342,California
Kings,2021-01-06,278,1508,179,1024,99,484,0,0,275,1614,3,3,275,1617,California
Kings,2021-01-07,182,1690,83,1107,99,583,0,0,174,1780,8,11,174,1791,California
Kings,2021-01-08,249,1939,54,1161,195,778,0,0,229,1989,20,31,229,2020,California
Kings,2021-01-09,63,2002,9,1170,54,832,0,0,55,2036,8,39,55,2075,California
Kings,2021-01-10,15,2017,3,1173,12,844,0,0,12,2045,3,42,12,2087,California
Kings,2021-01-11,517,2534,353,1526,164,1008,0,0,276,2081,241,283,277,2364,California
Kings,2021-01-12,348,2882,252,1778,96,1104,0,0,216,2168,129,412,216,2580,California
Kings,2021-01-13,422,3304,275,2053,147,1251,0,0,331,2408,91,503,331,2911,California
Kings,2021-01-14,209,3513,29,2082,180,1431,0,0,199,2587,21,524,200,3111,California
Kings,2021-01-15,418,3931,30,2112,388,1819,0,0,406,2981,12,536,406,3517,California
Kings,2021-01-16,28,3959,9,2121,19,1838,0,0,27,3007,1,537,27,3544,California
Kings,2021-01-17,12,3971,9,2130,3,1841,0,0,10,3015,2,539,10,3554,California
Kings,2021-01-18,173,4144,41,2171,132,1973,0,0,147,3136,26,565,147,3701,California
Kings,2021-01-19,381,4525,161,2332,220,2193,0,0,252,3259,129,694,252,3953,California
Kings,2021-01-20,255,4780,162,2494,93,2286,0,0,135,3279,115,809,135,4088,California
Kings,2021-01-21,211,4991,57,2551,154,2440,0,0,194,3454,19,828,194,4282,California
Kings,2021-01-22,106,5097,17,2568,89,2529,0,0,105,3554,5,833,105,4387,California
Kings,2021-01-23,25,5122,13,2581,12,2541,0,0,19,3567,6,839,19,4406,California
Kings,2021-01-24,4,5126,4,2585,0,2541,0,0,2,3567,2,841,2,4408,California
Kings,2021-01-25,156,5282,55,2640,101,2642,0,0,93,3597,63,904,93,4501,California
Kings,2021-01-26,172,5454,52,2692,120,2762,0,0,113,3651,59,963,113,4614,California
Kings,2021-01-27,356,5810,61,2753,295,3057,0,0,252,3800,103,1066,252,4866,California
Kings,2021-01-28,361,6171,74,2827,287,3344,0,0,276,3991,85,1151,276,5142,California
Kings,2021-01-29,113,6284,27,2854,86,3430,0,0,96,4070,17,1168,96,5238,California
Kings,2021-01-30,1568,7852,28,2882,1540,4970,0,0,1564,5632,4,1172,1566,6804,California
Kings,2021-01-31,1,7853,1,2883,0,4970,0,0,1,5633,0,1172,1,6805,California
Kings,2021-02-01,241,8094,87,2970,154,5124,0,0,92,5578,147,1319,92,6897,California
Kings,2021-02-02,341,8435,109,3079,232,5356,0,0,96,5430,244,1563,96,6993,California
Kings,2021-02-03,482,8917,274,3353,208,5564,0,0,239,5427,242,1805,239,7232,California
Kings,2021-02-04,465,9382,131,3484,334,5898,0,0,228,5419,236,2041,228,7460,California
Kings,2021-02-05,338,9720,57,3541,281,6179,0,0,178,5440,157,2198,178,7638,California
Kings,2021-02-06,61,9781,10,3551,51,6230,0,0,28,5435,33,2231,28,7666,California
Kings,2021-02-07,6,9787,4,3555,2,6232,0,0,3,5435,3,2234,3,7669,California
Kings,2021-02-08,174,9961,29,3584,145,6377,0,0,67,5395,107,2341,67,7736,California
Kings,2021-02-09,257,10218,60,3644,197,6574,0,0,113,5366,142,2483,113,7849,California
Kings,2021-02-10,383,10601,113,3757,270,6844,0,0,258,5499,125,2608,258,8107,California
Kings,2021-02-11,517,11118,67,3824,450,7294,0,0,364,5711,152,2760,364,8471,California
Kings,2021-02-12,709,11827,36,3860,673,7967,0,0,352,5707,356,3116,352,8823,California
Kings,2021-02-13,241,12068,6,3866,235,8202,0,0,215,5896,26,3142,215,9038,California
Kings,2021-02-14,104,12172,4,3870,100,8302,0,0,96,5984,8,3150,96,9134,California
Kings,2021-02-15,248,12420,5,3875,243,8545,0,0,138,6013,109,3259,138,9272,California
Kings,2021-02-16,633,13053,34,3909,599,9144,0,0,357,6096,275,3534,358,9630,California
Kings,2021-02-17,441,13494,24,3933,417,9561,0,0,302,6260,139,3673,303,9933,California
Kings,2021-02-18,356,13850,22,3955,334,9895,0,0,214,6333,141,3814,214,10147,California
Kings,2021-02-19,222,14072,24,3979,198,10093,0,0,130,6374,89,3903,130,10277,California
Kings,2021-02-20,173,14245,41,4020,132,10225,0,0,135,6471,38,3941,135,10412,California
Kings,2021-02-21,3,14248,2,4022,1,10226,0,0,3,6474,0,3941,3,10415,California
Kings,2021-02-22,127,14375,21,4043,106,10332,0,0,59,6465,68,4009,59,10474,California
Kings,2021-02-23,439,14814,70,4113,369,10701,0,0,319,6664,120,4129,319,10793,California
Kings,2021-02-24,766,15580,166,4279,600,11301,0,0,532,6962,234,4363,532,11325,California
Kings,2021-02-25,830,16410,133,4412,697,11998,0,0,602,7338,226,4589,602,11927,California
Kings,2021-02-26,947,17357,136,4548,811,12809,0,0,858,8107,89,4678,858,12785,California
Kings,2021-02-27,1525,18882,66,4614,1459,14268,0,0,589,7761,935,5613,589,13374,California
Kings,2021-02-28,1207,20089,598,5212,609,14877,0,0,674,7906,531,6144,676,14050,California
Kings,2021-03-01,295,20384,89,5301,206,15083,0,0,222,8055,73,6217,222,14272,California
Kings,2021-03-02,591,20975,258,5559,333,15416,0,0,517,8500,74,6291,519,14791,California
Kings,2021-03-03,762,21737,327,5886,434,15850,1,1,536,8813,224,6515,537,15328,California
Kings,2021-03-04,849,22586,356,6242,493,16343,0,1,708,9381,141,6656,709,16037,California
Kings,2021-03-05,1196,23782,369,6611,818,17161,9,10,1043,10283,153,6809,1055,17092,California
Kings,2021-03-06,516,24298,187,6798,316,17477,13,23,486,10752,30,6839,499,17591,California
Kings,2021-03-07,385,24683,239,7037,138,17615,8,31,373,11121,12,6851,381,17972,California
Kings,2021-03-08,385,25068,98,7135,233,17848,54,85,266,11322,119,6970,320,18292,California
Kings,2021-03-09,703,25771,403,7538,245,18093,55,140,594,11864,108,7078,650,18942,California
Kings,2021-03-10,823,26594,267,7805,450,18543,106,246,574,12296,247,7325,679,19621,California
Kings,2021-03-11,1216,27810,438,8243,662,19205,116,362,761,12721,453,7778,878,20499,California
Kings,2021-03-12,1527,29337,449,8692,984,20189,94,456,985,13264,538,8316,1081,21580,California
Kings,2021-03-13,681,30018,334,9026,305,20494,42,498,557,13741,124,8440,601,22181,California
Kings,2021-03-14,675,30693,101,9127,185,20679,389,887,200,13855,475,8915,589,22770,California
Kings,2021-03-15,712,31405,267,9394,326,21005,119,1006,469,14204,242,9157,591,23361,California
Kings,2021-03-16,1169,32574,478,9872,629,21634,62,1068,750,14598,419,9576,813,24174,California
Kings,2021-03-17,1112,33686,421,10293,629,22263,62,1130,779,15114,333,9909,849,25023,California
Kings,2021-03-18,1132,34818,475,10768,434,22697,223,1353,749,15707,381,10290,974,25997,California
Kings,2021-03-19,977,35795,467,11235,419,23116,91,1444,725,16287,251,10541,831,26828,California
Kings,2021-03-20,644,36439,257,11492,355,23471,32,1476,463,16612,178,10719,503,27331,California
Kings,2021-03-21,1423,37862,1091,12583,320,23791,12,1488,863,16927,560,11279,875,28206,California
Kings,2021-03-22,450,38312,199,12782,165,23956,86,1574,266,17100,183,11462,356,28562,California
Kings,2021-03-23,1048,39360,507,13289,477,24433,64,1638,548,17218,498,11960,616,29178,California
Kings,2021-03-24,1096,40456,486,13775,587,25020,23,1661,499,17147,595,12555,524,29702,California
Kings,2021-03-25,1053,41509,471,14246,555,25575,27,1688,442,17006,609,13164,468,30170,California
Kings,2021-03-26,1414,42923,381,14627,943,26518,90,1778,438,16563,971,14135,528,30698,California
Kings,2021-03-27,644,43567,259,14886,373,26891,12,1790,154,16241,488,14623,166,30864,California
Kings,2021-03-28,674,44241,602,15488,65,26956,7,1797,389,16365,285,14908,409,31273,California
Kings,2021-03-29,472,44713,213,15701,198,27154,61,1858,258,16471,212,15120,318,31591,California
Kings,2021-03-30,964,45677,546,16247,379,27533,39,1897,431,16408,532,15652,469,32060,California
Kings,2021-03-31,912,46589,488,16735,350,27883,74,1971,420,16417,484,16136,493,32553,California
Kings,2021-04-01,924,47513,496,17231,339,28222,89,2060,354,16297,563,16699,443,32996,California
Kings,2021-04-02,1125,48638,455,17686,544,28766,126,2186,395,16093,724,17423,520,33516,California
Kings,2021-04-03,495,49133,349,18035,137,28903,9,2195,172,15958,317,17740,182,33698,California
Kings,2021-04-04,156,49289,82,18117,68,28971,6,2201,41,15891,114,17854,47,33745,California
Kings,2021-04-05,1063,50352,327,18444,481,29452,255,2456,240,15563,822,18676,494,34239,California
Kings,2021-04-06,1271,51623,502,18946,455,29907,314,2770,285,15178,983,19659,598,34837,California
Kings,2021-04-07,1381,53004,656,19602,539,30446,186,2956,335,14656,1043,20702,521,35358,California
Kings,2021-04-08,1633,54637,639,20241,741,31187,253,3209,374,14032,1251,21953,627,35985,California
Kings,2021-04-09,1242,55879,591,20832,470,31657,181,3390,236,13442,1004,22957,414,36399,California
Kings,2021-04-10,595,56474,333,21165,160,31817,102,3492,175,13300,418,23375,276,36675,California
Kings,2021-04-11,355,56829,76,21241,272,32089,7,3499,196,13346,157,23532,203,36878,California
Kings,2021-04-12,710,57539,315,21556,192,32281,203,3702,194,13229,514,24046,397,37275,California
Kings,2021-04-13,918,58457,526,22082,392,32673,0,3702,295,12908,621,24667,300,37575,California
Kings,2021-04-14,1049,59506,579,22661,470,33143,0,3702,378,12616,671,25338,379,37954,California
Kings,2021-04-15,1064,60570,525,23186,538,33681,1,3703,451,12459,609,25947,452,38406,California
Kings,2021-04-16,798,61368,365,23551,433,34114,0,3703,262,12188,534,26481,263,38669,California
Kings,2021-04-17,457,61825,243,23794,214,34328,0,3703,183,12098,273,26754,183,38852,California
Kings,2021-04-18,570,62395,246,24040,324,34652,0,3703,44,11616,526,27280,44,38896,California
Kings,2021-04-19,630,63025,387,24427,243,34895,0,3703,297,11583,330,27610,297,39193,California
Kings,2021-04-20,756,63781,462,24889,294,35189,0,3703,243,11314,512,28122,243,39436,California
Kings,2021-04-21,697,64478,353,25242,344,35533,0,3703,244,11113,445,28567,244,39680,California
Kings,2021-04-22,574,65052,292,25534,282,35815,0,3703,210,10963,361,28928,211,39891,California
Kings,2021-04-23,677,65729,298,25832,379,36194,0,3703,330,10950,343,29271,330,40221,California
Kings,2021-04-24,247,65976,179,26011,67,36261,1,3704,119,10943,127,29398,120,40341,California
Kings,2021-04-25,202,66178,183,26194,19,36280,0,3704,165,11071,37,29435,165,40506,California
Kings,2021-04-26,325,66503,176,26370,146,36426,3,3707,201,11151,124,29559,204,40710,California
Kings,2021-04-27,434,66937,196,26566,219,36645,19,3726,185,11108,247,29806,204,40914,California
Kings,2021-04-28,523,67460,263,26829,240,36885,20,3746,270,11145,253,30059,290,41204,California
Kings,2021-04-29,302,67762,125,26954,165,37050,12,3758,141,11140,158,30217,153,41357,California
Kings,2021-04-30,375,68137,167,27121,191,37241,17,3775,155,11096,216,30433,172,41529,California
Kings,2021-05-01,227,68364,166,27287,51,37292,10,3785,72,11024,154,30587,82,41611,California
Kings,2021-05-02,170,68534,148,27435,22,37314,0,3785,128,11110,42,30629,128,41739,California
Kings,2021-05-03,475,69009,252,27687,210,37524,13,3798,122,10893,352,30981,135,41874,California
Kings,2021-05-04,528,69537,272,27959,236,37760,20,3818,161,10708,366,31347,181,42055,California
Kings,2021-05-05,565,70102,300,28259,245,38005,20,3838,143,10450,421,31768,163,42218,California
Kings,2021-05-06,571,70673,290,28549,258,38263,23,3861,132,10168,437,32205,155,42373,California
Kings,2021-05-07,367,71040,211,28760,142,38405,14,3875,148,10113,217,32422,162,42535,California
Kings,2021-05-08,243,71283,178,28938,53,38458,12,3887,85,10052,157,32579,96,42631,California
Kings,2021-05-09,191,71474,63,29001,128,38586,0,3887,40,9941,151,32730,40,42671,California
Kings,2021-05-10,347,71821,269,29270,68,38654,10,3897,114,9833,231,32961,123,42794,California
Kings,2021-05-11,387,72208,239,29509,119,38773,29,3926,116,9709,270,33231,146,42940,California
Kings,2021-05-12,400,72608,163,29672,223,38996,14,3940,164,9653,234,33465,178,43118,California
Kings,2021-05-13,409,73017,167,29839,234,39230,8,3948,168,9589,240,33705,176,43294,California
Kings,2021-05-14,463,73480,316,30155,116,39346,31,3979,239,9636,223,33928,270,43564,California
Kings,2021-05-15,355,73835,256,30411,82,39428,17,3996,198,9694,157,34085,215,43779,California
Kings,2021-05-16,247,74082,221,30632,25,39453,1,3997,75,9598,172,34257,76,43855,California
Kings,2021-05-17,408,74490,324,30956,67,39520,17,4014,211,9630,196,34453,228,44083,California
Kings,2021-05-18,399,74889,284,31240,102,39622,13,4027,227,9699,172,34625,241,44324,California
Kings,2021-05-19,576,75465,283,31523,271,39893,22,4049,229,9605,345,34970,251,44575,California
Kings,2021-05-20,451,75916,237,31760,187,40080,27,4076,260,9702,191,35161,288,44863,California
Kings,2021-05-21,518,76434,262,32022,245,40325,11,4087,263,9725,251,35412,274,45137,California
Kings,2021-05-22,305,76739,246,32268,47,40372,12,4099,217,9868,86,35498,229,45366,California
Kings,2021-05-23,233,76972,225,32493,8,40380,0,4099,106,9847,127,35625,106,45472,California
Kings,2021-05-24,262,77234,175,32668,72,40452,15,4114,125,9850,137,35762,140,45612,California
Kings,2021-05-25,404,77638,267,32935,104,40556,33,4147,234,9949,168,35930,267,45879,California
Kings,2021-05-26,305,77943,126,33061,162,40718,17,4164,122,9906,182,36112,139,46018,California
Kings,2021-05-27,325,78268,176,33237,131,40849,18,4182,177,9956,145,36257,195,46213,California
Kings,2021-05-28,288,78556,140,33377,130,40979,18,4200,131,9952,153,36410,149,46362,California
Kings,2021-05-29,174,78730,101,33478,62,41041,11,4211,87,9964,86,36496,98,46460,California
Kings,2021-05-30,133,78863,116,33594,15,41056,2,4213,72,9977,61,36557,74,46534,California
Kings,2021-05-31,41,78904,22,33616,16,41072,3,4216,15,9969,26,36583,18,46552,California
Kings,2021-06-01,317,79221,187,33803,114,41186,16,4232,119,9909,194,36777,134,46686,California
Kings,2021-06-02,276,79497,125,33928,144,41330,7,4239,85,9813,188,36965,92,46778,California
Kings,2021-06-03,225,79722,126,34054,88,41418,11,4250,69,9745,148,37113,80,46858,California
Kings,2021-06-04,427,80149,284,34338,129,41547,14,4264,153,9642,270,37383,167,47025,California
Kings,2021-06-05,258,80407,224,34562,27,41574,7,4271,62,9528,183,37566,69,47094,California
Kings,2021-06-06,162,80569,154,34716,3,41577,5,4276,81,9537,77,37643,86,47180,California
Kings,2021-06-07,294,80863,226,34942,54,41631,14,4290,96,9448,198,37841,109,47289,California
Kings,2021-06-08,313,81176,240,35182,53,41684,20,4310,78,9313,233,38074,98,47387,California
Kings,2021-06-09,400,81576,267,35449,124,41808,9,4319,116,9157,281,38355,125,47512,California
Kings,2021-06-10,341,81917,223,35672,105,41913,13,4332,82,8993,259,38614,95,47607,California
Kings,2021-06-11,374,82291,281,35953,90,42003,3,4335,144,8915,225,38839,147,47754,California
Kings,2021-06-12,268,82559,220,36173,44,42047,4,4339,69,8805,183,39022,73,47827,California
Kings,2021-06-13,127,82686,118,36291,8,42055,1,4340,34,8748,92,39114,35,47862,California
Kings,2021-06-14,240,82926,172,36463,46,42101,22,4362,97,8724,143,39257,119,47981,California
Kings,2021-06-15,255,83181,182,36645,62,42163,11,4373,88,8657,166,39423,99,48080,California
Kings,2021-06-16,255,83436,131,36776,116,42279,8,4381,90,8598,158,39581,99,48179,California
Kings,2021-06-17,207,83643,110,36886,87,42366,10,4391,80,8561,127,39708,90,48269,California
Kings,2021-06-18,253,83896,174,37060,70,42436,9,4400,118,8553,135,39843,127,48396,California
Kings,2021-06-19,101,83997,69,37129,27,42463,5,4405,40,8537,61,39904,45,48441,California
Kings,2021-06-20,84,84081,69,37198,9,42472,6,4411,28,8515,56,39960,34,48475,California
Kings,2021-06-21,181,84262,97,37295,53,42525,31,4442,97,8559,84,40044,128,48603,California
Kings,2021-06-22,199,84461,128,37423,63,42588,8,4450,82,8532,117,40161,90,48693,California
Kings,2021-06-23,197,84658,94,37517,88,42676,15,4465,86,8523,110,40271,101,48794,California
Kings,2021-06-24,145,84803,68,37585,72,42748,5,4470,56,8496,88,40359,61,48855,California
Kings,2021-06-25,311,85114,219,37804,83,42831,9,4479,153,8501,157,40516,162,49017,California
Kings,2021-06-26,124,85238,82,37886,38,42869,4,4483,53,8487,71,40587,57,49074,California
Kings,2021-06-27,118,85356,111,37997,6,42875,1,4484,38,8449,77,40664,39,49113,California
Kings,2021-06-28,192,85548,138,38135,37,42912,17,4501,81,8436,111,40775,98,49211,California
Kings,2021-06-29,179,85727,133,38268,36,42948,10,4511,86,8441,91,40866,96,49307,California
Kings,2021-06-30,190,85917,117,38385,65,43013,8,4519,87,8433,103,40969,95,49402,California
Kings,2021-07-01,132,86049,89,38474,36,43049,7,4526,63,8436,67,41036,70,49472,California
Kings,2021-07-02,184,86233,119,38593,56,43105,9,4535,90,8442,93,41129,99,49571,California
Kings,2021-07-03,105,86338,84,38677,20,43125,1,4536,54,8446,51,41180,55,49626,California
Kings,2021-07-04,4,86342,0,38677,4,43129,0,4536,3,8448,1,41181,3,49629,California
Kings,2021-07-05,94,86436,56,38733,26,43155,12,4548,47,8460,47,41228,59,49688,California
Kings,2021-07-06,217,86653,159,38892,47,43202,11,4559,84,8422,133,41361,95,49783,California
Kings,2021-07-07,142,86795,80,38972,53,43255,9,4568,68,8426,73,41434,77,49860,California
Lake,2020-12-17,4,4,4,4,0,0,0,0,4,4,0,0,4,4,California
Lake,2020-12-18,50,54,50,54,0,0,0,0,50,54,0,0,50,54,California
Lake,2020-12-19,3,57,3,57,0,0,0,0,3,57,0,0,3,57,California
Lake,2020-12-20,6,63,6,63,0,0,0,0,6,63,0,0,6,63,California
Lake,2020-12-21,87,150,87,150,0,0,0,0,87,150,0,0,87,150,California
Lake,2020-12-22,63,213,60,210,3,3,0,0,63,213,0,0,63,213,California
Lake,2020-12-23,124,337,115,325,9,12,0,0,124,337,0,0,124,337,California
Lake,2020-12-24,2,339,0,325,2,14,0,0,2,339,0,0,2,339,California
Lake,2020-12-26,2,341,2,327,0,14,0,0,2,341,0,0,2,341,California
Lake,2020-12-27,2,343,2,329,0,14,0,0,2,343,0,0,2,343,California
Lake,2020-12-28,52,395,43,372,9,23,0,0,52,395,0,0,52,395,California
Lake,2020-12-29,52,447,47,419,5,28,0,0,52,447,0,0,52,447,California
Lake,2020-12-30,131,578,122,541,9,37,0,0,131,578,0,0,131,578,California
Lake,2020-12-31,67,645,64,605,3,40,0,0,67,645,0,0,67,645,California
Lake,2021-01-01,4,649,1,606,3,43,0,0,4,649,0,0,4,649,California
Lake,2021-01-02,2,651,1,607,1,44,0,0,2,651,0,0,2,651,California
Lake,2021-01-04,88,739,21,628,67,111,0,0,88,739,0,0,88,739,California
Lake,2021-01-05,120,859,59,687,61,172,0,0,118,855,2,2,118,857,California
Lake,2021-01-06,103,962,64,751,39,211,0,0,101,954,2,4,101,958,California
Lake,2021-01-07,110,1072,86,837,24,235,0,0,101,1046,9,13,101,1059,California
Lake,2021-01-08,155,1227,126,963,29,264,0,0,104,1099,51,64,104,1163,California
Lake,2021-01-09,64,1291,62,1025,2,266,0,0,60,1155,4,68,60,1223,California
Lake,2021-01-10,3,1294,3,1028,0,266,0,0,0,1152,3,71,0,1223,California
Lake,2021-01-11,189,1483,150,1178,39,305,0,0,109,1181,80,151,109,1332,California
Lake,2021-01-12,81,1564,48,1226,33,338,0,0,58,1216,23,174,58,1390,California
Lake,2021-01-13,170,1734,115,1341,55,393,0,0,110,1266,60,234,110,1500,California
Lake,2021-01-14,151,1885,48,1389,103,496,0,0,129,1373,22,256,129,1629,California
Lake,2021-01-15,221,2106,95,1484,126,622,0,0,193,1538,28,284,193,1822,California
Lake,2021-01-16,136,2242,83,1567,53,675,0,0,134,1670,2,286,134,1956,California
Lake,2021-01-17,18,2260,6,1573,12,687,0,0,12,1676,6,292,12,1968,California
Lake,2021-01-18,246,2506,227,1800,19,706,0,0,125,1680,121,413,125,2093,California
Lake,2021-01-19,318,2824,121,1921,197,903,0,0,271,1905,47,460,272,2365,California
Lake,2021-01-20,427,3251,82,2003,345,1248,0,0,362,2203,64,524,362,2727,California
Lake,2021-01-21,441,3692,50,2053,391,1639,0,0,405,2572,36,560,405,3132,California
Lake,2021-01-22,322,4014,47,2100,275,1914,0,0,285,2820,37,597,285,3417,California
Lake,2021-01-23,127,4141,6,2106,121,2035,0,0,126,2945,1,598,126,3543,California
Lake,2021-01-24,5,4146,2,2108,3,2038,0,0,5,2950,0,598,5,3548,California
Lake,2021-01-25,259,4405,96,2204,163,2201,0,0,177,3045,82,680,177,3725,California
Lake,2021-01-26,432,4837,36,2240,396,2597,0,0,408,3429,24,704,408,4133,California
Lake,2021-01-27,364,5201,40,2280,324,2921,0,0,336,3738,28,732,337,4470,California
Lake,2021-01-28,499,5700,162,2442,337,3258,0,0,367,3975,130,862,367,4837,California
Lake,2021-01-29,653,6353,101,2543,552,3810,0,0,578,4478,75,937,578,5415,California
Lake,2021-01-30,557,6910,43,2586,514,4324,0,0,551,5023,6,943,551,5966,California
Lake,2021-01-31,15,6925,9,2595,6,4330,0,0,13,5034,2,945,13,5979,California
Lake,2021-02-01,182,7107,19,2614,163,4493,0,0,167,5186,15,960,167,6146,California
Lake,2021-02-02,566,7673,154,2768,412,4905,0,0,398,5416,168,1128,398,6544,California
Lake,2021-02-03,444,8117,33,2801,411,5316,0,0,340,5652,104,1232,340,6884,California
Lake,2021-02-04,121,8238,70,2871,51,5367,0,0,71,5673,50,1282,71,6955,California
Lake,2021-02-05,381,8619,72,2943,309,5676,0,0,286,5866,93,1375,286,7241,California
Lake,2021-02-06,276,8895,42,2985,234,5910,0,0,264,6118,12,1387,264,7505,California
Lake,2021-02-07,2,8897,1,2986,1,5911,0,0,2,6120,0,1387,2,7507,California
Lake,2021-02-08,278,9175,206,3192,72,5983,0,0,158,6158,120,1507,158,7665,California
Lake,2021-02-09,345,9520,25,3217,320,6303,0,0,300,6414,44,1551,300,7965,California
Lake,2021-02-10,356,9876,54,3271,302,6605,0,0,275,6608,81,1632,275,8240,California
Lake,2021-02-11,181,10057,18,3289,163,6768,0,0,60,6547,121,1753,60,8300,California
Lake,2021-02-12,377,10434,29,3318,348,7116,0,0,287,6745,89,1842,287,8587,California
Lake,2021-02-13,252,10686,8,3326,244,7360,0,0,239,6971,13,1855,239,8826,California
Lake,2021-02-14,22,10708,5,3331,17,7377,0,0,8,6965,14,1869,8,8834,California
Lake,2021-02-15,173,10881,13,3344,160,7537,0,0,9,6811,163,2032,9,8843,California
Lake,2021-02-16,429,11310,23,3367,406,7943,0,0,178,6738,251,2283,178,9021,California
Lake,2021-02-17,354,11664,56,3423,298,8241,0,0,73,6531,280,2563,73,9094,California
Lake,2021-02-18,466,12130,73,3496,393,8634,0,0,117,6300,348,2911,117,9211,California
Lake,2021-02-19,438,12568,29,3525,409,9043,0,0,95,6052,343,3254,95,9306,California
Lake,2021-02-20,299,12867,63,3588,236,9279,0,0,252,6258,46,3300,252,9558,California
Lake,2021-02-21,7,12874,7,3595,0,9279,0,0,0,6251,7,3307,0,9558,California
Lake,2021-02-22,140,13014,22,3617,118,9397,0,0,40,6191,100,3407,40,9598,California
Lake,2021-02-23,224,13238,15,3632,209,9606,0,0,29,6025,195,3602,29,9627,California
Lake,2021-02-24,1025,14263,430,4062,595,10201,0,0,469,5939,555,4157,469,10096,California
Lake,2021-02-25,766,15029,495,4557,271,10472,0,0,500,6176,263,4420,500,10596,California
Lake,2021-02-26,1020,16049,321,4878,699,11171,0,0,362,5884,654,5074,362,10958,California
Lake,2021-02-27,409,16458,97,4975,312,11483,0,0,326,6128,82,5156,326,11284,California
Lake,2021-02-28,21,16479,12,4987,9,11492,0,0,12,6131,9,5165,12,11296,California
Lake,2021-03-01,599,17078,55,5042,544,12036,0,0,446,6424,153,5318,446,11742,California
Lake,2021-03-02,747,17825,18,5060,729,12765,0,0,287,6253,458,5776,287,12029,California
Lake,2021-03-03,369,18194,196,5256,173,12938,0,0,147,6179,221,5997,147,12176,California
Lake,2021-03-04,579,18773,506,5762,73,13011,0,0,563,6726,16,6013,563,12739,California
Lake,2021-03-05,1047,19820,52,5814,995,14006,0,0,188,6059,855,6868,188,12927,California
Lake,2021-03-06,34,19854,9,5823,24,14030,1,1,21,6068,13,6881,22,12949,California
Lake,2021-03-07,9,19863,6,5829,2,14032,1,2,5,6070,4,6885,6,12955,California
Lake,2021-03-08,341,20204,266,6095,65,14097,10,12,299,6337,42,6927,309,13264,California
Lake,2021-03-09,932,21136,44,6139,871,14968,17,29,407,6238,524,7451,425,13689,California
Lake,2021-03-10,204,21340,60,6199,131,15099,13,42,134,6316,70,7521,148,13837,California
Lake,2021-03-11,588,21928,49,6248,65,15164,474,516,46,6293,542,8063,519,14356,California
Lake,2021-03-12,854,22782,203,6451,625,15789,26,542,361,6189,491,8554,387,14743,California
Lake,2021-03-13,283,23065,22,6473,25,15814,236,778,19,6180,263,8817,254,14997,California
Lake,2021-03-14,12,23077,3,6476,9,15823,0,778,8,6184,4,8821,8,15005,California
Lake,2021-03-15,641,23718,12,6488,611,16434,18,796,481,6524,159,8980,499,15504,California
Lake,2021-03-16,1117,24835,836,7324,264,16698,17,813,380,6187,733,9713,396,15900,California
Lake,2021-03-17,251,25086,123,7447,105,16803,23,836,91,6141,160,9873,114,16014,California
Lake,2021-03-18,749,25835,375,7822,337,17140,37,873,356,6143,390,10263,392,16406,California
Lake,2021-03-19,584,26419,317,8139,248,17388,19,892,476,6531,107,10370,495,16901,California
Lake,2021-03-20,248,26667,9,8148,236,17624,3,895,31,6349,216,10586,34,16935,California
Lake,2021-03-21,15,26682,10,8158,4,17628,1,896,10,6355,5,10591,11,16946,California
Lake,2021-03-22,337,27019,256,8414,67,17695,14,910,250,6532,87,10678,264,17210,California
Lake,2021-03-23,429,27448,21,8435,394,18089,14,924,363,6844,65,10743,377,17587,California
Lake,2021-03-24,423,27871,62,8497,353,18442,8,932,325,7081,97,10840,334,17921,California
Lake,2021-03-25,673,28544,482,8979,184,18626,7,939,173,6760,500,11340,179,18100,California
Lake,2021-03-26,69,28613,34,9013,34,18660,1,940,32,6757,36,11376,33,18133,California
Lake,2021-03-27,309,28922,7,9020,299,18959,3,943,17,6487,290,11666,20,18153,California
Lake,2021-03-28,17,28939,8,9028,9,18968,0,943,9,6488,8,11674,9,18162,California
Lake,2021-03-29,995,29934,286,9314,707,19675,2,945,201,5899,792,12466,203,18365,California
Lake,2021-03-30,465,30399,313,9627,149,19824,3,948,365,6168,99,12565,368,18733,California
Lake,2021-03-31,615,31014,60,9687,555,20379,0,948,432,6427,173,12738,432,19165,California
Lake,2021-04-01,449,31463,234,9921,203,20582,12,960,187,6368,258,12996,199,19364,California
Lake,2021-04-02,224,31687,41,9962,155,20737,28,988,97,6366,127,13123,125,19489,California
Lake,2021-04-03,32,31719,6,9968,23,20760,3,991,13,6363,19,13142,16,19505,California
Lake,2021-04-04,21,31740,12,9980,7,20767,2,993,15,6374,6,13148,17,19522,California
Lake,2021-04-05,643,32383,71,10051,552,21319,20,1013,402,6557,238,13386,421,19943,California
Lake,2021-04-06,482,32865,19,10070,437,21756,26,1039,307,6716,174,13560,333,20276,California
Lake,2021-04-07,525,33390,57,10127,416,22172,52,1091,355,6955,168,13728,407,20683,California
Lake,2021-04-08,608,33998,496,10623,46,22218,66,1157,107,6630,498,14226,173,20856,California
Lake,2021-04-09,282,34280,40,10663,173,22391,69,1226,48,6516,230,14456,116,20972,California
Lake,2021-04-10,257,34537,15,10678,16,22407,226,1452,11,6507,246,14702,237,21209,California
Lake,2021-04-11,21,34558,16,10694,3,22410,2,1454,7,6502,14,14716,9,21218,California
Lake,2021-04-12,1082,35640,233,10927,815,23225,34,1488,244,5942,838,15554,278,21496,California
Lake,2021-04-13,181,35821,110,11037,71,23296,0,1488,54,5869,127,15681,54,21550,California
Lake,2021-04-14,619,36440,38,11075,581,23877,0,1488,553,6356,66,15747,553,22103,California
Lake,2021-04-15,647,37087,193,11268,454,24331,0,1488,332,6373,315,16062,332,22435,California
Lake,2021-04-16,269,37356,32,11300,237,24568,0,1488,76,6257,192,16254,76,22511,California
Lake,2021-04-17,42,37398,12,11312,30,24598,0,1488,32,6279,10,16264,32,22543,California
Lake,2021-04-18,9,37407,6,11318,3,24601,0,1488,0,6270,9,16273,0,22543,California
Lake,2021-04-19,297,37704,39,11357,258,24859,0,1488,246,6465,51,16324,246,22789,California
Lake,2021-04-20,694,38398,280,11637,414,25273,0,1488,95,5963,598,16922,96,22885,California
Lake,2021-04-21,531,38929,62,11699,469,25742,0,1488,196,5824,335,17257,196,23081,California
Lake,2021-04-22,471,39400,50,11749,421,26163,0,1488,323,6000,147,17404,323,23404,California
Lake,2021-04-23,122,39522,64,11813,58,26221,0,1488,72,6024,48,17452,72,23476,California
Lake,2021-04-24,55,39577,9,11822,46,26267,0,1488,41,6051,14,17466,41,23517,California
Lake,2021-04-25,37,39614,20,11842,17,26284,0,1488,25,6064,12,17478,25,23542,California
Lake,2021-04-26,295,39909,82,11924,212,26496,1,1489,90,5950,205,17683,91,23633,California
Lake,2021-04-27,249,40158,24,11948,207,26703,18,1507,86,5891,163,17846,104,23737,California
Lake,2021-04-28,509,40667,50,11998,444,27147,15,1522,89,5576,418,18264,103,23840,California
Lake,2021-04-29,214,40881,85,12083,113,27260,16,1538,112,5601,102,18366,127,23967,California
Lake,2021-04-30,289,41170,45,12128,213,27473,31,1569,147,5638,141,18507,178,24145,California
Lake,2021-05-01,49,41219,26,12154,21,27494,2,1571,33,5658,15,18522,35,24180,California
Lake,2021-05-02,19,41238,10,12164,8,27502,1,1572,10,5660,9,18531,11,24191,California
Lake,2021-05-03,413,41651,30,12194,347,27849,36,1608,66,5416,346,18877,102,24293,California
Lake,2021-05-04,403,42054,217,12411,138,27987,48,1656,123,5308,279,19156,171,24464,California
Lake,2021-05-05,629,42683,44,12455,573,28560,12,1668,84,4861,542,19698,95,24559,California
Lake,2021-05-06,142,42825,19,12474,94,28654,29,1697,72,4891,70,19768,100,24659,California
Lake,2021-05-07,166,42991,29,12503,117,28771,20,1717,102,4951,62,19830,122,24781,California
Lake,2021-05-08,41,43032,7,12510,34,28805,0,1717,34,4978,7,19837,34,24815,California
Lake,2021-05-09,17,43049,2,12512,10,28815,5,1722,10,4986,7,19844,15,24830,California
Lake,2021-05-10,243,43292,10,12522,206,29021,27,1749,58,4887,184,20028,85,24915,California
Lake,2021-05-11,195,43487,25,12547,153,29174,17,1766,116,4942,79,20107,134,25049,California
Lake,2021-05-12,541,44028,31,12578,490,29664,20,1786,54,4528,487,20594,73,25122,California
Lake,2021-05-13,318,44346,69,12647,235,29899,14,1800,72,4370,244,20838,86,25208,California
Lake,2021-05-14,268,44614,83,12730,167,30066,18,1818,163,4447,103,20941,180,25388,California
Lake,2021-05-15,45,44659,19,12749,23,30089,3,1821,28,4461,17,20958,31,25419,California
Lake,2021-05-16,33,44692,19,12768,13,30102,1,1822,18,4465,15,20973,19,25438,California
Lake,2021-05-17,314,45006,44,12812,255,30357,15,1837,82,4333,229,21202,97,25535,California
Lake,2021-05-18,299,45305,65,12877,215,30572,19,1856,171,4396,127,21329,190,25725,California
Lake,2021-05-19,313,45618,57,12934,241,30813,15,1871,88,4275,224,21553,103,25828,California
Lake,2021-05-20,240,45858,60,12994,169,30982,11,1882,94,4234,146,21699,105,25933,California
Lake,2021-05-21,274,46132,51,13045,199,31181,24,1906,113,4212,159,21858,137,26070,California
Lake,2021-05-22,98,46230,54,13099,41,31222,3,1909,49,4215,49,21907,52,26122,California
Lake,2021-05-23,58,46288,28,13127,29,31251,1,1910,30,4218,28,21935,31,26153,California
Lake,2021-05-24,158,46446,35,13162,109,31360,14,1924,71,4216,87,22022,85,26238,California
Lake,2021-05-25,204,46650,57,13219,136,31496,11,1935,74,4172,129,22151,85,26323,California
Lake,2021-05-26,151,46801,45,13264,95,31591,11,1946,55,4144,94,22245,66,26389,California
Lake,2021-05-27,175,46976,47,13311,114,31705,14,1960,61,4106,113,22358,75,26464,California
Lake,2021-05-28,221,47197,21,13332,163,31868,37,1997,50,4024,168,22526,86,26550,California
Lake,2021-05-29,37,47234,10,13342,21,31889,6,2003,14,4021,23,22549,20,26570,California
Lake,2021-05-30,22,47256,6,13348,14,31903,2,2005,12,4025,10,22559,14,26584,California
Lake,2021-05-31,63,47319,21,13369,40,31943,2,2007,53,4070,10,22569,55,26639,California
Lake,2021-06-01,197,47516,38,13407,150,32093,9,2016,69,4021,127,22696,78,26717,California
Lake,2021-06-02,132,47648,46,13453,74,32167,12,2028,53,4007,79,22775,65,26782,California
Lake,2021-06-03,181,47829,53,13506,109,32276,19,2047,79,4003,102,22877,98,26880,California
Lake,2021-06-04,185,48014,54,13560,115,32391,16,2063,47,3930,136,23013,63,26943,California
Lake,2021-06-05,91,48105,56,13616,27,32418,8,2071,55,3957,36,23049,63,27006,California
Lake,2021-06-06,69,48174,39,13655,30,32448,0,2071,24,3936,45,23094,24,27030,California
Lake,2021-06-07,91,48265,29,13684,54,32502,8,2079,33,3920,57,23151,41,27071,California
Lake,2021-06-08,179,48444,68,13752,99,32601,12,2091,67,3887,112,23263,79,27150,California
Lake,2021-06-09,171,48615,42,13794,125,32726,4,2095,36,3794,133,23396,40,27190,California
Lake,2021-06-10,129,48744,64,13858,52,32778,13,2108,51,3780,78,23474,64,27254,California
Lake,2021-06-11,208,48952,66,13924,119,32897,23,2131,48,3693,158,23632,71,27325,California
Lake,2021-06-12,67,49019,39,13963,22,32919,6,2137,34,3700,33,23665,40,27365,California
Lake,2021-06-13,29,49048,16,13979,13,32932,0,2137,14,3699,15,23680,14,27379,California
Lake,2021-06-14,178,49226,86,14065,79,33011,13,2150,50,3635,127,23807,63,27442,California
Lake,2021-06-15,245,49471,65,14130,162,33173,18,2168,79,3566,166,23973,97,27539,California
Lake,2021-06-16,163,49634,57,14187,91,33264,15,2183,55,3529,107,24080,70,27609,California
Lake,2021-06-17,179,49813,86,14273,83,33347,10,2193,78,3517,100,24180,88,27697,California
Lake,2021-06-18,141,49954,38,14311,93,33440,10,2203,57,3500,84,24264,67,27764,California
Lake,2021-06-19,67,50021,25,14336,42,33482,0,2203,34,3501,33,24297,34,27798,California
Lake,2021-06-20,21,50042,7,14343,12,33494,2,2205,10,3502,11,24308,12,27810,California
Lake,2021-06-21,67,50109,17,14360,43,33537,7,2212,29,3500,38,24346,36,27846,California
Lake,2021-06-22,135,50244,51,14411,74,33611,10,2222,62,3500,72,24418,72,27918,California
Lake,2021-06-23,148,50392,68,14479,56,33667,24,2246,80,3536,68,24486,104,28022,California
Lake,2021-06-24,140,50532,93,14572,34,33701,13,2259,48,3507,90,24576,61,28083,California
Lake,2021-06-25,129,50661,57,14629,63,33764,9,2268,66,3520,62,24638,75,28158,California
Lake,2021-06-26,48,50709,37,14666,11,33775,0,2268,6,3484,42,24680,6,28164,California
Lake,2021-06-27,42,50751,30,14696,12,33787,0,2268,23,3488,19,24699,23,28187,California
Lake,2021-06-28,65,50816,22,14718,22,33809,21,2289,28,3501,36,24735,49,28236,California
Lake,2021-06-29,119,50935,47,14765,68,33877,4,2293,64,3514,55,24790,68,28304,California
Lake,2021-06-30,112,51047,61,14826,47,33924,4,2297,59,3524,53,24843,63,28367,California
Lake,2021-07-01,117,51164,54,14880,59,33983,4,2301,41,3497,72,24915,45,28412,California
Lake,2021-07-02,104,51268,35,14915,59,34042,10,2311,50,3504,52,24967,59,28471,California
Lake,2021-07-03,75,51343,44,14959,31,34073,0,2311,35,3501,38,25005,35,28506,California
Lake,2021-07-04,14,51357,5,14964,9,34082,0,2311,9,3505,5,25010,9,28515,California
Lake,2021-07-05,47,51404,18,14982,29,34111,0,2311,32,3522,15,25025,32,28547,California
Lake,2021-07-06,157,51561,53,15035,99,34210,5,2316,63,3499,91,25116,68,28615,California
Lake,2021-07-07,58,51619,36,15071,20,34230,2,2318,36,3515,22,25138,38,28653,California
Lassen,2020-12-16,8,8,8,8,0,0,0,0,8,8,0,0,8,8,California
Lassen,2020-12-17,6,14,6,14,0,0,0,0,6,14,0,0,6,14,California
Lassen,2020-12-18,1,15,1,15,0,0,0,0,1,15,0,0,1,15,California
Lassen,2020-12-19,5,20,5,20,0,0,0,0,5,20,0,0,5,20,California
Lassen,2020-12-20,2,22,2,22,0,0,0,0,2,22,0,0,2,22,California
Lassen,2020-12-21,11,33,11,33,0,0,0,0,11,33,0,0,11,33,California
Lassen,2020-12-22,23,56,23,56,0,0,0,0,23,56,0,0,23,56,California
Lassen,2020-12-23,6,62,6,62,0,0,0,0,6,62,0,0,6,62,California
Lassen,2020-12-24,11,73,11,73,0,0,0,0,11,73,0,0,11,73,California
Lassen,2020-12-28,3,76,2,75,1,1,0,0,3,76,0,0,3,76,California
Lassen,2020-12-29,35,111,35,110,0,1,0,0,35,111,0,0,35,111,California
Lassen,2020-12-30,36,147,35,145,1,2,0,0,36,147,0,0,36,147,California
Lassen,2020-12-31,49,196,42,187,7,9,0,0,49,196,0,0,49,196,California
Lassen,2021-01-02,1,197,0,187,1,10,0,0,1,197,0,0,1,197,California
Lassen,2021-01-04,15,212,2,189,13,23,0,0,15,212,0,0,15,212,California
Lassen,2021-01-05,193,405,52,241,141,164,0,0,193,405,0,0,193,405,California
Lassen,2021-01-06,97,502,45,286,52,216,0,0,89,487,8,8,90,495,California
Lassen,2021-01-07,43,545,7,293,36,252,0,0,37,518,6,14,37,532,California
Lassen,2021-01-08,50,595,2,295,48,300,0,0,50,568,0,14,50,582,California
Lassen,2021-01-09,12,607,6,301,6,306,0,0,12,580,0,14,12,594,California
Lassen,2021-01-11,27,634,5,306,22,328,0,0,27,607,0,14,27,621,California
Lassen,2021-01-12,49,683,29,335,20,348,0,0,30,618,19,33,30,651,California
Lassen,2021-01-13,161,844,19,354,142,490,0,0,146,749,15,48,146,797,California
Lassen,2021-01-14,161,1005,18,372,143,633,0,0,149,886,12,60,149,946,California
Lassen,2021-01-15,32,1037,6,378,26,659,0,0,32,918,0,60,32,978,California
Lassen,2021-01-16,34,1071,33,411,1,660,0,0,34,952,0,60,34,1012,California
Lassen,2021-01-17,1,1072,0,411,1,661,0,0,1,953,0,60,1,1013,California
Lassen,2021-01-18,5,1077,2,413,3,664,0,0,4,956,1,61,4,1017,California
Lassen,2021-01-19,186,1263,36,449,150,814,0,0,158,1086,28,89,158,1175,California
Lassen,2021-01-20,187,1450,100,549,87,901,0,0,104,1122,68,157,104,1279,California
Lassen,2021-01-21,145,1595,93,642,52,953,0,0,121,1225,18,175,121,1400,California
Lassen,2021-01-22,31,1626,18,660,13,966,0,0,21,1236,10,185,21,1421,California
Lassen,2021-01-23,2,1628,0,660,2,968,0,0,2,1238,0,185,2,1423,California
Lassen,2021-01-24,1,1629,0,660,1,969,0,0,1,1239,0,185,1,1424,California
Lassen,2021-01-25,12,1641,1,661,11,980,0,0,11,1249,1,186,11,1435,California
Lassen,2021-01-26,126,1767,12,673,114,1094,0,0,122,1367,4,190,122,1557,California
Lassen,2021-01-27,89,1856,37,710,52,1146,0,0,71,1420,18,208,71,1628,California
Lassen,2021-01-28,85,1941,15,725,70,1216,0,0,84,1503,1,209,84,1712,California
Lassen,2021-01-29,23,1964,7,732,16,1232,0,0,22,1524,1,210,22,1734,California
Lassen,2021-02-01,62,2026,5,737,57,1289,0,0,37,1536,25,235,37,1771,California
Lassen,2021-02-02,177,2203,12,749,165,1454,0,0,44,1447,133,368,44,1815,California
Lassen,2021-02-03,98,2301,21,770,77,1531,0,0,50,1449,48,416,50,1865,California
Lassen,2021-02-04,113,2414,16,786,97,1628,0,0,64,1464,49,465,64,1929,California
Lassen,2021-02-05,66,2480,12,798,54,1682,0,0,24,1446,42,507,24,1953,California
Lassen,2021-02-06,69,2549,34,832,35,1717,0,0,36,1450,32,539,36,1989,California
Lassen,2021-02-07,3,2552,3,835,0,1717,0,0,3,1453,0,539,3,1992,California
Lassen,2021-02-08,44,2596,4,839,40,1757,0,0,18,1445,26,565,18,2010,California
Lassen,2021-02-09,128,2724,7,846,121,1878,0,0,49,1415,79,644,49,2059,California
Lassen,2021-02-10,182,2906,21,867,161,2039,0,0,75,1383,107,751,75,2134,California
Lassen,2021-02-11,183,3089,17,884,166,2205,0,0,80,1361,102,853,80,2214,California
Lassen,2021-02-12,43,3132,11,895,32,2237,0,0,16,1350,27,880,16,2230,California
Lassen,2021-02-13,11,3143,3,898,8,2245,0,0,9,1357,2,882,9,2239,California
Lassen,2021-02-14,13,3156,0,898,13,2258,0,0,12,1368,1,883,12,2251,California
Lassen,2021-02-15,22,3178,3,901,19,2277,0,0,17,1381,4,887,17,2268,California
Lassen,2021-02-16,193,3371,4,905,189,2466,0,0,31,1252,160,1047,31,2299,California
Lassen,2021-02-17,182,3553,94,999,88,2554,0,0,10,1090,172,1219,10,2309,California
Lassen,2021-02-18,81,3634,22,1021,59,2613,0,0,21,1051,60,1279,21,2330,California
Lassen,2021-02-19,83,3717,62,1083,21,2634,0,0,19,1006,64,1343,19,2349,California
Lassen,2021-02-20,8,3725,0,1083,8,2642,0,0,6,1010,2,1345,6,2355,California
Lassen,2021-02-21,22,3747,2,1085,20,2662,0,0,18,1024,4,1349,18,2373,California
Lassen,2021-02-22,28,3775,13,1098,15,2677,0,0,9,1014,19,1368,9,2382,California
Lassen,2021-02-23,154,3929,10,1108,144,2821,0,0,43,946,111,1479,43,2425,California
Lassen,2021-02-24,166,4095,16,1124,150,2971,0,0,107,995,58,1537,107,2532,California
Lassen,2021-02-25,160,4255,23,1147,137,3108,0,0,98,1031,62,1599,98,2630,California
Lassen,2021-02-26,75,4330,17,1164,58,3166,0,0,37,1030,38,1637,37,2667,California
Lassen,2021-02-27,8,4338,7,1171,1,3167,0,0,3,1028,5,1642,3,2670,California
Lassen,2021-02-28,6,4344,2,1173,4,3171,0,0,2,1026,4,1646,2,2672,California
Lassen,2021-03-01,43,4387,4,1177,39,3210,0,0,9,1002,33,1679,9,2681,California
Lassen,2021-03-02,109,4496,8,1185,101,3311,0,0,81,1056,27,1706,81,2762,California
Lassen,2021-03-03,169,4665,11,1196,158,3469,0,0,113,1113,56,1762,113,2875,California
Lassen,2021-03-04,150,4815,17,1213,133,3602,0,0,98,1160,51,1813,98,2973,California
Lassen,2021-03-05,49,4864,7,1220,18,3620,24,24,11,1157,38,1851,35,3008,California
Lassen,2021-03-06,55,4919,4,1224,29,3649,22,46,5,1134,50,1901,27,3035,California
Lassen,2021-03-07,58,4977,3,1227,0,3649,55,101,3,1137,55,1956,58,3093,California
Lassen,2021-03-08,88,5065,2,1229,7,3656,79,180,3,1134,85,2041,82,3175,California
Lassen,2021-03-09,137,5202,11,1240,109,3765,17,197,89,1192,48,2089,106,3281,California
Lassen,2021-03-10,173,5375,10,1250,161,3926,2,199,79,1180,93,2182,81,3362,California
Lassen,2021-03-11,184,5559,16,1266,161,4087,7,206,112,1230,69,2251,119,3481,California
Lassen,2021-03-12,35,5594,17,1283,14,4101,4,210,12,1223,23,2274,16,3497,California
Lassen,2021-03-13,48,5642,0,1283,2,4103,46,256,1,1222,47,2321,46,3543,California
Lassen,2021-03-14,14,5656,2,1285,11,4114,1,257,2,1213,12,2333,3,3546,California
Lassen,2021-03-15,37,5693,5,1290,31,4145,1,258,16,1209,21,2354,17,3563,California
Lassen,2021-03-16,93,5786,2,1292,86,4231,5,263,74,1269,19,2373,79,3642,California
Lassen,2021-03-17,1083,6869,10,1302,1068,5299,5,268,1062,2315,21,2394,1067,4709,California
Lassen,2021-03-18,94,6963,9,1311,84,5383,1,269,81,2384,13,2407,82,4791,California
Lassen,2021-03-19,19,6982,11,1322,4,5387,4,273,7,2383,12,2419,11,4802,California
Lassen,2021-03-20,29,7011,3,1325,23,5410,3,276,22,2401,7,2426,25,4827,California
Lassen,2021-03-21,34,7045,1,1326,33,5443,0,276,14,2396,19,2445,14,4841,California
Lassen,2021-03-22,59,7104,1,1327,58,5501,0,276,56,2449,3,2448,56,4897,California
Lassen,2021-03-23,120,7224,11,1338,108,5609,1,277,67,2464,53,2501,68,4965,California
Lassen,2021-03-24,212,7436,13,1351,198,5807,1,278,105,2465,105,2606,106,5071,California
Lassen,2021-03-25,155,7591,23,1374,132,5939,0,278,72,2454,83,2689,72,5143,California
Lassen,2021-03-26,77,7668,13,1387,26,5965,38,316,19,2453,57,2746,56,5199,California
Lassen,2021-03-27,21,7689,4,1391,1,5966,16,332,3,2454,18,2764,19,5218,California
Lassen,2021-03-28,18,7707,4,1395,3,5969,11,343,2,2451,16,2780,13,5231,California
Lassen,2021-03-29,53,7760,0,1395,28,5997,25,368,20,2464,32,2812,45,5276,California
Lassen,2021-03-30,200,7960,10,1405,164,6161,26,394,52,2394,148,2960,78,5354,California
Lassen,2021-03-31,147,8107,12,1417,113,6274,22,416,62,2394,84,3044,84,5438,California
Lassen,2021-04-01,167,8274,15,1432,131,6405,21,437,47,2343,119,3163,68,5506,California
Lassen,2021-04-02,30,8304,4,1436,3,6408,23,460,2,2340,28,3191,25,5531,California
Lassen,2021-04-03,12,8316,0,1436,2,6410,10,470,0,2338,12,3203,10,5541,California
Lassen,2021-04-04,7,8323,2,1438,0,6410,5,475,1,2338,6,3209,6,5547,California
Lassen,2021-04-05,22,8345,4,1442,11,6421,7,482,11,2345,11,3220,18,5565,California
Lassen,2021-04-06,182,8527,8,1450,144,6565,30,512,52,2297,130,3350,82,5647,California
Lassen,2021-04-07,135,8662,6,1456,92,6657,37,549,32,2265,103,3453,71,5718,California
Lassen,2021-04-08,169,8831,10,1466,103,6760,56,605,32,2220,133,3586,88,5806,California
Lassen,2021-04-09,53,8884,6,1472,10,6770,37,642,8,2220,44,3630,44,5850,California
Lassen,2021-04-10,10,8894,0,1472,2,6772,8,650,0,2219,9,3639,8,5858,California
Lassen,2021-04-11,6,8900,2,1474,1,6773,3,653,3,2222,3,3642,6,5864,California
Lassen,2021-04-12,32,8932,4,1478,15,6788,13,666,4,2211,28,3670,17,5881,California
Lassen,2021-04-13,129,9061,6,1484,123,6911,0,666,40,2163,88,3758,40,5921,California
Lassen,2021-04-14,987,10048,16,1500,971,7882,0,666,51,1280,934,4692,51,5972,California
Lassen,2021-04-15,147,10195,14,1514,133,8015,0,666,19,1171,128,4820,19,5991,California
Lassen,2021-04-16,14,10209,5,1519,9,8024,0,666,6,1169,8,4828,6,5997,California
Lassen,2021-04-17,24,10233,3,1522,21,8045,0,666,4,1153,20,4848,4,6001,California
Lassen,2021-04-18,5,10238,2,1524,3,8048,0,666,2,1152,3,4851,2,6003,California
Lassen,2021-04-19,35,10273,0,1524,35,8083,0,666,18,1153,17,4868,18,6021,California
Lassen,2021-04-20,137,10410,7,1531,130,8213,0,666,51,1118,86,4954,51,6072,California
Lassen,2021-04-21,167,10577,10,1541,156,8369,1,667,34,1022,131,5085,35,6107,California
Lassen,2021-04-22,102,10679,16,1557,86,8455,0,667,32,984,70,5155,32,6139,California
Lassen,2021-04-23,27,10706,1,1558,26,8481,0,667,21,999,6,5161,21,6160,California
Lassen,2021-04-24,9,10715,5,1563,4,8485,0,667,3,996,6,5167,3,6163,California
Lassen,2021-04-25,5,10720,0,1563,4,8489,1,668,3,998,2,5169,4,6167,California
Lassen,2021-04-26,44,10764,2,1565,38,8527,4,672,9,977,34,5203,13,6180,California
Lassen,2021-04-27,119,10883,9,1574,107,8634,3,675,66,993,53,5256,69,6249,California
Lassen,2021-04-28,82,10965,7,1581,73,8707,2,677,29,971,53,5309,31,6280,California
Lassen,2021-04-29,69,11034,7,1588,59,8766,3,680,24,954,44,5353,27,6307,California
Lassen,2021-04-30,15,11049,8,1596,4,8770,3,683,6,954,9,5362,9,6316,California
Lassen,2021-05-01,5,11054,0,1596,4,8774,1,684,4,958,1,5363,5,6321,California
Lassen,2021-05-02,10,11064,6,1602,4,8778,0,684,6,960,4,5367,6,6327,California
Lassen,2021-05-03,17,11081,2,1604,9,8787,6,690,2,953,15,5382,8,6335,California
Lassen,2021-05-04,73,11154,5,1609,60,8847,8,698,21,930,52,5434,29,6364,California
Lassen,2021-05-05,83,11237,4,1613,67,8914,12,710,26,912,56,5490,38,6402,California
Lassen,2021-05-06,80,11317,21,1634,37,8951,22,732,21,896,59,5549,43,6445,California
Lassen,2021-05-07,49,11366,33,1667,11,8962,5,737,41,934,8,5557,46,6491,California
Lassen,2021-05-08,11,11377,0,1667,5,8967,6,743,4,937,7,5564,10,6501,California
Lassen,2021-05-09,3,11380,1,1668,0,8967,2,745,0,936,3,5567,2,6503,California
Lassen,2021-05-10,12,11392,1,1669,8,8975,3,748,6,939,6,5573,9,6512,California
Lassen,2021-05-11,74,11466,1,1670,62,9037,11,759,20,916,54,5627,31,6543,California
Lassen,2021-05-12,44,11510,4,1674,34,9071,6,765,14,906,30,5657,20,6563,California
Lassen,2021-05-13,36,11546,10,1684,21,9092,5,770,10,895,26,5683,15,6578,California
Lassen,2021-05-14,21,11567,3,1687,10,9102,8,778,10,902,11,5694,18,6596,California
Lassen,2021-05-15,16,11583,2,1689,4,9106,10,788,4,904,12,5706,14,6610,California
Lassen,2021-05-16,7,11590,2,1691,3,9109,2,790,2,904,4,5710,4,6614,California
Lassen,2021-05-17,36,11626,4,1695,20,9129,12,802,10,900,26,5736,22,6636,California
Lassen,2021-05-18,92,11718,11,1706,68,9197,13,815,28,877,64,5800,41,6677,California
Lassen,2021-05-19,59,11777,3,1709,45,9242,11,826,7,843,51,5851,17,6694,California
Lassen,2021-05-20,33,11810,8,1717,16,9258,9,835,11,841,22,5873,20,6714,California
Lassen,2021-05-21,67,11877,33,1750,20,9278,14,849,35,858,32,5905,49,6763,California
Lassen,2021-05-22,17,11894,2,1752,7,9285,8,857,7,863,10,5915,15,6778,California
Lassen,2021-05-23,6,11900,3,1755,1,9286,2,859,0,859,6,5921,2,6780,California
Lassen,2021-05-24,13,11913,1,1756,10,9296,2,861,5,859,7,5928,7,6787,California
Lassen,2021-05-25,99,12012,6,1762,84,9380,9,870,33,835,66,5994,42,6829,California
Lassen,2021-05-26,59,12071,1,1763,42,9422,16,886,11,814,48,6042,27,6856,California
Lassen,2021-05-27,43,12114,17,1780,20,9442,6,892,12,802,30,6072,18,6874,California
Lassen,2021-05-28,74,12188,48,1828,18,9460,8,900,30,796,44,6116,38,6912,California
Lassen,2021-05-29,15,12203,1,1829,12,9472,2,902,8,799,7,6123,10,6922,California
Lassen,2021-05-30,2,12205,0,1829,1,9473,1,903,1,800,1,6124,2,6924,California
Lassen,2021-05-31,7,12212,0,1829,6,9479,1,904,1,796,6,6130,2,6926,California
Lassen,2021-06-01,45,12257,2,1831,36,9515,7,911,15,788,30,6160,22,6948,California
Lassen,2021-06-02,57,12314,2,1833,41,9556,14,925,15,776,41,6201,29,6977,California
Lassen,2021-06-03,20,12334,2,1835,9,9565,9,934,6,777,14,6215,15,6992,California
Lassen,2021-06-04,37,12371,1,1836,24,9589,12,946,12,776,25,6240,24,7016,California
Lassen,2021-06-05,14,12385,3,1839,7,9596,4,950,4,774,10,6250,8,7024,California
Lassen,2021-06-06,5,12390,0,1839,2,9598,3,953,1,774,4,6254,4,7028,California
Lassen,2021-06-07,18,12408,0,1839,9,9607,9,962,3,771,15,6269,12,7040,California
Lassen,2021-06-08,42,12450,9,1848,29,9636,4,966,15,763,27,6296,19,7059,California
Lassen,2021-06-09,18,12468,1,1849,15,9651,2,968,7,762,10,6306,9,7068,California
Lassen,2021-06-10,20,12488,10,1859,7,9658,3,971,10,765,10,6316,13,7081,California
Lassen,2021-06-11,43,12531,29,1888,14,9672,0,971,11,745,32,6348,12,7093,California
Lassen,2021-06-12,5,12536,1,1889,4,9676,0,971,1,742,4,6352,1,7094,California
Lassen,2021-06-13,3,12539,2,1891,1,9677,0,971,1,741,2,6354,1,7095,California
Lassen,2021-06-14,9,12548,1,1892,6,9683,2,973,3,741,5,6359,5,7100,California
Lassen,2021-06-15,48,12596,5,1897,38,9721,5,978,15,728,33,6392,20,7120,California
Lassen,2021-06-16,12,12608,1,1898,6,9727,5,983,7,735,5,6397,12,7132,California
Lassen,2021-06-17,23,12631,11,1909,8,9735,4,987,10,736,13,6410,14,7146,California
Lassen,2021-06-18,45,12676,19,1928,18,9753,8,995,9,717,36,6446,17,7163,California
Lassen,2021-06-19,13,12689,1,1929,10,9763,2,997,5,716,8,6454,7,7170,California
Lassen,2021-06-20,6,12695,2,1931,3,9766,1,998,5,721,1,6455,6,7176,California
Lassen,2021-06-21,14,12709,0,1931,12,9778,2,1000,4,717,10,6465,6,7182,California
Lassen,2021-06-22,36,12745,1,1932,34,9812,1,1001,19,720,17,6482,20,7202,California
Lassen,2021-06-23,17,12762,2,1934,12,9824,3,1004,5,716,12,6494,8,7210,California
Lassen,2021-06-24,26,12788,3,1937,16,9840,7,1011,14,725,12,6506,21,7231,California
Lassen,2021-06-25,21,12809,3,1940,18,9858,0,1011,12,728,9,6515,12,7243,California
Lassen,2021-06-26,6,12815,0,1940,6,9864,0,1011,1,724,5,6520,1,7244,California
Lassen,2021-06-27,1,12816,0,1940,0,9864,1,1012,0,724,1,6521,1,7245,California
Lassen,2021-06-28,13,12829,2,1942,9,9873,2,1014,9,731,4,6525,11,7256,California
Lassen,2021-06-29,30,12859,1,1943,28,9901,1,1015,8,718,22,6547,9,7265,California
Lassen,2021-06-30,29,12888,8,1951,16,9917,5,1020,14,722,15,6562,19,7284,California
Lassen,2021-07-01,26,12914,14,1965,11,9928,1,1021,16,729,10,6572,17,7301,California
Lassen,2021-07-02,28,12942,6,1971,18,9946,4,1025,11,729,15,6587,15,7316,California
Lassen,2021-07-03,5,12947,0,1971,5,9951,0,1025,3,730,2,6589,3,7319,California
Lassen,2021-07-04,1,12948,0,1971,1,9952,0,1025,1,731,0,6589,1,7320,California
Lassen,2021-07-05,9,12957,0,1971,6,9958,3,1028,2,729,7,6596,5,7325,California
Lassen,2021-07-06,26,12983,0,1971,26,9984,0,1028,11,727,13,6609,11,7336,California
Lassen,2021-07-07,13,12996,3,1974,9,9993,1,1029,5,725,8,6617,6,7342,California
Los Angeles,2020-12-15,399,399,399,399,0,0,0,0,399,399,0,0,399,399,California
Los Angeles,2020-12-16,3604,4003,3604,4003,0,0,0,0,3604,4003,0,0,3604,4003,California
Los Angeles,2020-12-17,10432,14435,10432,14435,0,0,0,0,10433,14436,0,0,10433,14436,California
Los Angeles,2020-12-18,14812,29247,14786,29221,26,26,0,0,14812,29248,0,0,14812,29248,California
Los Angeles,2020-12-19,7317,36564,7308,36529,9,35,0,0,7319,36567,0,0,7319,36567,California
Los Angeles,2020-12-20,4678,41242,4667,41196,11,46,0,0,4680,41247,0,0,4680,41247,California
Los Angeles,2020-12-21,13790,55032,13773,54969,17,63,0,0,13792,55038,1,1,13792,55039,California
Los Angeles,2020-12-22,11619,66651,11226,66195,393,456,0,0,11619,66655,2,3,11619,66658,California
Los Angeles,2020-12-23,12030,78681,10249,76444,1781,2237,0,0,12031,78686,0,3,12031,78689,California
Los Angeles,2020-12-24,7071,85752,4279,80723,2792,5029,0,0,7074,85760,0,3,7074,85763,California
Los Angeles,2020-12-25,530,86282,423,81146,107,5136,0,0,531,86291,0,3,531,86294,California
Los Angeles,2020-12-26,2554,88836,2199,83345,355,5491,0,0,2553,88842,2,5,2553,88847,California
Los Angeles,2020-12-27,1790,90626,1050,84395,740,6231,0,0,1790,90632,0,5,1790,90637,California
Los Angeles,2020-12-28,10417,101043,6452,90847,3965,10196,0,0,10414,101045,1,6,10414,101051,California
Los Angeles,2020-12-29,11706,112749,6134,96981,5572,15768,0,0,11706,112750,1,7,11706,112757,California
Los Angeles,2020-12-30,14983,127732,8143,105124,6840,22608,0,0,14982,127732,0,7,14982,127739,California
Los Angeles,2020-12-31,8070,135802,2785,107909,5285,27893,0,0,8064,135791,5,12,8064,135803,California
Los Angeles,2021-01-01,1099,136901,323,108232,776,28669,0,0,1097,136886,2,14,1097,136900,California
Los Angeles,2021-01-02,4516,141417,1687,109919,2829,31498,0,0,4515,141401,0,14,4515,141415,California
Los Angeles,2021-01-03,974,142391,231,110150,743,32241,0,0,972,142371,2,16,972,142387,California
Los Angeles,2021-01-04,12832,155223,4919,115069,7913,40154,0,0,12816,155185,2,18,12816,155203,California
Los Angeles,2021-01-05,16155,171378,7139,122208,9016,49170,0,0,14204,167477,1922,1940,14214,169417,California
Los Angeles,2021-01-06,22849,194227,12144,134352,10705,59875,0,0,17143,178992,5638,7578,17153,186570,California
Los Angeles,2021-01-07,29904,224131,16151,150503,13753,73628,0,0,18999,187149,10858,18436,19015,205585,California
Los Angeles,2021-01-08,33662,257793,18278,168781,15384,89012,0,0,21140,195807,12494,30930,21152,226737,California
Los Angeles,2021-01-09,12583,270376,7224,176005,5359,94371,0,0,7624,198483,4956,35886,7632,234369,California
Los Angeles,2021-01-10,4791,275167,3720,179725,1071,95442,0,0,2006,197705,2785,38671,2007,236376,California
Los Angeles,2021-01-11,26066,301233,16403,196128,9663,105105,0,0,15062,201787,10991,49662,15073,251449,California
Los Angeles,2021-01-12,29562,330795,16270,212398,13292,118397,0,0,19338,210929,10209,59871,19351,270800,California
Los Angeles,2021-01-13,29685,360480,15912,228310,13773,132170,0,0,20649,222566,9019,68890,20656,291456,California
Los Angeles,2021-01-14,29485,389965,12756,241066,16729,148899,0,0,23904,240921,5562,74452,23917,315373,California
Los Angeles,2021-01-15,34200,424165,12442,253508,21758,170657,0,0,30577,267913,3596,78048,30588,345961,California
Los Angeles,2021-01-16,17854,442019,5016,258524,12838,183495,0,0,16052,282179,1793,79841,16059,362020,California
Los Angeles,2021-01-17,5277,447296,2358,260882,2919,186414,0,0,5014,286933,262,80103,5016,367036,California
Los Angeles,2021-01-18,15800,463096,10168,271050,5632,192046,0,0,11045,293240,4742,84845,11049,378085,California
Los Angeles,2021-01-19,38915,502011,20696,291746,18219,210265,0,0,31040,316461,7834,92679,31055,409140,California
Los Angeles,2021-01-20,47252,549263,24763,316509,22489,232754,0,0,39577,348410,7641,100320,39590,448730,California
Los Angeles,2021-01-21,49388,598651,22691,339200,26697,259451,0,0,45023,389160,4291,104611,45041,493771,California
Los Angeles,2021-01-22,48642,647293,22495,361695,26147,285598,0,0,45108,430800,3485,108096,45125,538896,California
Los Angeles,2021-01-23,34344,681637,15821,377516,18523,304121,0,0,32228,460961,2081,110177,32242,571138,California
Los Angeles,2021-01-24,15763,697400,12186,389702,3577,307698,0,0,15200,475611,553,110730,15203,586341,California
Los Angeles,2021-01-25,39757,737157,16764,406466,22993,330691,0,0,31016,497944,8699,119429,31032,617373,California
Los Angeles,2021-01-26,49921,787078,24756,431222,25165,355856,0,0,41519,531124,8360,127789,41540,658913,California
Los Angeles,2021-01-27,51198,838276,25950,457172,25248,381104,0,0,41619,563341,9429,137218,41646,700559,California
Los Angeles,2021-01-28,49274,887550,23542,480714,25732,406836,0,0,40657,595529,8485,145703,40673,741232,California
Los Angeles,2021-01-29,50125,937675,25782,506496,24343,431179,0,0,39749,625289,10006,155709,39766,780998,California
Los Angeles,2021-01-30,30451,968126,15594,522090,14857,446036,0,0,26053,647034,4314,160023,26059,807057,California
Los Angeles,2021-01-31,12883,981009,10088,532178,2795,448831,0,0,11957,658085,910,160933,11961,819018,California
Los Angeles,2021-02-01,38856,1019865,16375,548553,22481,471312,0,0,28027,675347,10777,171710,28039,847057,California
Los Angeles,2021-02-02,45146,1065011,18079,566632,27067,498379,0,0,32601,695462,12492,184202,32607,879664,California
Los Angeles,2021-02-03,52680,1117691,19584,586216,33096,531475,0,0,37520,718088,14906,199108,37532,917196,California
Los Angeles,2021-02-04,57715,1175406,20764,606980,36951,568426,0,0,39340,739418,18024,217132,39354,956550,California
Los Angeles,2021-02-05,62089,1237495,21144,628124,40945,609371,0,0,39679,757165,21948,239080,39695,996245,California
Los Angeles,2021-02-06,35884,1273379,13489,641613,22395,631766,0,0,27268,775923,8533,247613,27291,1023536,California
Los Angeles,2021-02-07,11030,1284409,8524,650137,2506,634272,0,0,8596,782114,2413,250026,8604,1032140,California
Los Angeles,2021-02-08,47398,1331807,21871,672008,25527,659799,0,0,30910,796690,16340,266366,30916,1063056,California
Los Angeles,2021-02-09,56386,1388193,24788,696796,31598,691397,0,0,28517,797467,27752,294118,28529,1091585,California
Los Angeles,2021-02-10,67678,1455871,29607,726403,38071,729468,0,0,30526,791258,36753,330871,30544,1122129,California
Los Angeles,2021-02-11,58920,1514791,31429,757832,27491,756959,0,0,28218,789283,30203,361074,28228,1150357,California
Los Angeles,2021-02-12,60828,1575619,30148,787980,30680,787639,0,0,26529,781938,33897,394971,26552,1176909,California
Los Angeles,2021-02-13,34242,1609861,20004,807984,14238,801877,0,0,15533,778922,18604,413575,15588,1192497,California
Los Angeles,2021-02-14,22045,1631906,15053,823037,6992,808869,0,0,8833,774622,13143,426718,8843,1201340,California
Los Angeles,2021-02-15,33312,1665218,16152,839189,17160,826029,0,0,18215,777841,15013,441731,18232,1219572,California
Los Angeles,2021-02-16,64880,1730098,32974,872163,31906,857935,0,0,29922,772945,34835,476566,29939,1249511,California
Los Angeles,2021-02-17,65686,1795784,35064,907227,30622,888557,0,0,26607,760711,38856,515422,26622,1276133,California
Los Angeles,2021-02-18,69384,1865168,35288,942515,34096,922653,0,0,28790,749145,40377,555799,28811,1304944,California
Los Angeles,2021-02-19,59686,1924854,36757,979272,22929,945582,0,0,29045,747730,30480,586279,29065,1334009,California
Los Angeles,2021-02-20,33720,1958574,24546,1003818,9174,954756,0,0,16171,746458,17468,603747,16196,1350205,California
Los Angeles,2021-02-21,22812,1981386,21066,1024884,1746,956502,0,0,11422,746573,11313,615060,11428,1361633,California
Los Angeles,2021-02-22,36523,2017909,26639,1051523,9884,966386,0,0,18581,747360,17817,632877,18604,1380237,California
Los Angeles,2021-02-23,57632,2075541,24641,1076164,32991,999377,0,0,22273,734531,35131,668008,22302,1402539,California
Los Angeles,2021-02-24,67372,2142913,30129,1106293,37243,1036620,0,0,28787,725033,38322,706330,28824,1431363,California
Los Angeles,2021-02-25,75690,2218603,34703,1140996,40987,1077607,0,0,38894,727388,36574,742904,38929,1470292,California
Los Angeles,2021-02-26,85139,2303742,39446,1180442,45693,1123300,0,0,47657,737886,37207,780111,47705,1517997,California
Los Angeles,2021-02-27,61127,2364869,26801,1207243,34317,1157617,9,9,31031,739061,29901,810012,31076,1549073,California
Los Angeles,2021-02-28,27116,2391985,18674,1225917,8439,1166056,3,12,19002,750090,7993,818005,19022,1568095,California
Los Angeles,2021-03-01,57804,2449789,32762,1258679,24998,1191054,44,56,34666,761935,22900,840905,34745,1602840,California
Los Angeles,2021-03-02,78647,2528436,38147,1296826,40491,1231545,9,65,49548,782612,28916,869821,49593,1652433,California
Los Angeles,2021-03-03,86451,2614887,44333,1341159,42099,1273644,19,84,54740,805918,31489,901310,54795,1707228,California
Los Angeles,2021-03-04,92340,2707227,47277,1388436,45046,1318690,17,101,58369,830592,33751,935061,58425,1765653,California
Los Angeles,2021-03-05,91002,2798229,44885,1433321,46083,1364773,34,135,60785,861505,29979,965040,60892,1826545,California
Los Angeles,2021-03-06,67705,2865934,34523,1467844,31334,1396107,1848,1983,43596,883009,23945,988985,45449,1871994,California
Los Angeles,2021-03-07,28473,2894407,20956,1488800,5904,1402011,1613,3596,21419,899026,7012,995997,23029,1895023,California
Los Angeles,2021-03-08,54778,2949185,29553,1518353,23138,1425149,2087,5683,41302,929075,13347,1009344,43396,1938419,California
Los Angeles,2021-03-09,82237,3031422,39201,1557554,39712,1464861,3324,9007,52279,954885,29785,1039129,55595,1994014,California
Los Angeles,2021-03-10,83740,3115162,41240,1598794,37603,1502464,4897,13904,52952,982110,30579,1069708,57804,2051818,California
Los Angeles,2021-03-11,93873,3209035,46138,1644932,40973,1543437,6762,20666,54907,1004981,38743,1108451,61614,2113432,California
Los Angeles,2021-03-12,99866,3308901,45271,1690203,40660,1584097,13935,34601,58234,1035668,41386,1149837,72073,2185505,California
Los Angeles,2021-03-13,76039,3384940,35915,1726118,28123,1612220,12001,46602,45259,1062199,30649,1180486,57180,2242685,California
Los Angeles,2021-03-14,39273,3424213,26386,1752504,10326,1622546,2561,49163,23933,1073420,15251,1195737,26472,2269157,California
Los Angeles,2021-03-15,75759,3499972,37246,1789750,33044,1655590,5469,54632,45609,1094539,29919,1225656,51038,2320195,California
Los Angeles,2021-03-16,100605,3600577,44278,1834028,50443,1706033,5884,60516,64877,1129759,35478,1261134,70698,2390893,California
Los Angeles,2021-03-17,98291,3698868,44958,1878986,45002,1751035,8331,68847,65697,1171262,32349,1293483,73852,2464745,California
Los Angeles,2021-03-18,103756,3802624,49836,1928822,48332,1799367,5588,74435,65344,1204090,38074,1331557,70902,2535647,California
Los Angeles,2021-03-19,110087,3912711,57608,1986430,47676,1847043,4803,79238,67469,1233992,42307,1373864,72209,2607856,California
Los Angeles,2021-03-20,77075,3989786,37952,2024382,34513,1881556,4610,83848,52306,1266327,24558,1398422,56893,2664749,California
Los Angeles,2021-03-21,35001,4024787,26057,2050439,8037,1889593,907,84755,22377,1277120,12488,1410910,23281,2688030,California
Los Angeles,2021-03-22,71497,4096284,42148,2092587,27172,1916765,2177,86932,50004,1308106,21190,1432100,52176,2740206,California
Los Angeles,2021-03-23,97212,4193496,52814,2145401,41147,1957912,3251,90183,58480,1331383,38438,1470538,61715,2801921,California
Los Angeles,2021-03-24,105631,4299127,56196,2201597,46259,2004171,3176,93359,60422,1350117,44846,1515384,63580,2865501,California
Los Angeles,2021-03-25,111508,4410635,59935,2261532,47664,2051835,3909,97268,62196,1367224,48973,1564357,66080,2931581,California
Los Angeles,2021-03-26,115916,4526551,63545,2325077,48122,2099957,4249,101517,63674,1383197,51912,1616269,67885,2999466,California
Los Angeles,2021-03-27,83991,4610542,44146,2369223,37702,2137659,2143,103660,42752,1387154,40938,1657207,44895,3044361,California
Los Angeles,2021-03-28,42368,4652910,28734,2397957,13048,2150707,586,104246,20077,1385670,22149,1679356,20665,3065026,California
Los Angeles,2021-03-29,83570,4736480,47089,2445046,34698,2185405,1783,106029,46141,1396415,37176,1716532,47921,3112947,California
Los Angeles,2021-03-30,109721,4846201,52539,2497585,51238,2236643,5944,111973,56964,1406799,52476,1769008,62860,3175807,California
Los Angeles,2021-03-31,123279,4969480,62382,2559967,52051,2288694,8846,120819,68361,1429370,54565,1823573,77136,3252943,California
Los Angeles,2021-04-01,134256,5103736,63026,2622993,55757,2344451,15473,136292,71579,1454038,62262,1885835,86930,3339873,California
Los Angeles,2021-04-02,133239,5236975,59672,2682665,57975,2402426,15592,151884,70428,1477564,62424,1948259,85950,3425823,California
Los Angeles,2021-04-03,98975,5335950,45357,2728022,39928,2442354,13690,165574,48674,1489752,50085,1998344,62273,3488096,California
Los Angeles,2021-04-04,39336,5375286,20615,2748637,12077,2454431,6644,172218,16352,1489831,22882,2021226,22961,3511057,California
Los Angeles,2021-04-05,94680,5469966,44831,2793468,39451,2493882,10398,182616,44404,1494575,50033,2071259,54777,3565834,California
Los Angeles,2021-04-06,121948,5591914,57552,2851020,44005,2537887,20391,203007,55729,1504640,65930,2137189,75995,3641829,California
Los Angeles,2021-04-07,121416,5713330,55324,2906344,44802,2582689,21290,224297,54554,1513761,66563,2203752,75684,3717513,California
Los Angeles,2021-04-08,134001,5847331,59066,2965410,50647,2633336,24288,248585,60086,1524392,73552,2277304,84183,3801696,California
Los Angeles,2021-04-09,132891,5980222,57699,3023109,51022,2684358,24170,272755,56693,1529218,75839,2353143,80665,3882361,California
Los Angeles,2021-04-10,102220,6082442,43199,3066308,34765,2719123,24256,297011,37414,1526189,64541,2417684,61512,3943873,California
Los Angeles,2021-04-11,42021,6124463,22716,3089024,9901,2729024,9404,306415,14456,1522517,27465,2445149,23793,3967666,California
Los Angeles,2021-04-12,79893,6204356,39030,3128054,34369,2763393,6494,312909,32615,1514519,47037,2492186,39039,4006705,California
Los Angeles,2021-04-13,118640,6322996,59855,3187909,58351,2821744,434,313343,62672,1521957,55680,2547866,63118,4069823,California
Los Angeles,2021-04-14,120474,6443470,60328,3248237,60012,2881756,134,313477,65188,1532315,54967,2602833,65325,4135148,California
Los Angeles,2021-04-15,131891,6575361,71314,3319551,60379,2942135,198,313675,75312,1551455,56241,2659074,75381,4210529,California
Los Angeles,2021-04-16,132021,6707382,69730,3389281,62146,3004281,145,313820,69459,1558824,62173,2721247,69542,4280071,California
Los Angeles,2021-04-17,99833,6807215,52247,3441528,47561,3051842,25,313845,56877,1573038,42685,2763932,56899,4336970,California
Los Angeles,2021-04-18,35818,6843033,24195,3465723,11622,3063464,1,313846,19584,1576493,16138,2780070,19593,4356563,California
Los Angeles,2021-04-19,77600,6920633,40627,3506350,36955,3100419,18,313864,34811,1568783,42551,2822621,34841,4391404,California
Los Angeles,2021-04-20,105987,7026620,52561,3558911,53395,3153814,31,313895,52362,1567860,53323,2875944,52400,4443804,California
Los Angeles,2021-04-21,115086,7141706,56381,3615292,58514,3212328,191,314086,51060,1555505,63613,2939557,51258,4495062,California
Los Angeles,2021-04-22,118910,7260616,61843,3677135,57033,3269361,34,314120,52423,1541872,66103,3005660,52470,4547532,California
Los Angeles,2021-04-23,118419,7379035,65096,3742231,53300,3322661,23,314143,56463,1536770,61597,3067257,56495,4604027,California
Los Angeles,2021-04-24,90526,7469561,57515,3799746,32969,3355630,42,314185,50391,1547344,39871,3107128,50445,4654472,California
Los Angeles,2021-04-25,38009,7507570,25174,3824920,12829,3368459,6,314191,20448,1550366,17432,3124560,20454,4674926,California
Los Angeles,2021-04-26,79247,7586817,41336,3866256,37399,3405858,512,314703,39075,1550037,39914,3164474,39585,4714511,California
Los Angeles,2021-04-27,95568,7682385,46008,3912264,47562,3453420,1998,316701,37077,1530928,58173,3222647,39064,4753575,California
Los Angeles,2021-04-28,88032,7770417,42709,3954973,43215,3496635,2108,318809,34846,1515072,52804,3275451,36948,4790523,California
Los Angeles,2021-04-29,94648,7865065,47381,4002354,45052,3541687,2215,321024,34283,1491637,59928,3335379,36493,4827016,California
Los Angeles,2021-04-30,102599,7967664,50879,4053233,49256,3590943,2464,323488,37755,1467486,64352,3399731,40201,4867217,California
Los Angeles,2021-05-01,75886,8043550,42440,4095673,31887,3622830,1559,325047,28606,1450717,46926,3446657,30157,4897374,California
Los Angeles,2021-05-02,28113,8071663,18047,4113720,9324,3632154,742,325789,10178,1443827,17807,3464464,10917,4908291,California
Los Angeles,2021-05-03,62622,8134285,30424,4144144,29957,3662111,2241,328030,22767,1429253,39562,3504026,24988,4933279,California
Los Angeles,2021-05-04,88686,8222971,49451,4193595,36938,3699049,2297,330327,27690,1398556,60665,3564691,29968,4963247,California
Los Angeles,2021-05-05,91648,8314619,53675,4247270,35572,3734621,2401,332728,25439,1360558,65829,3630520,27831,4991078,California
Los Angeles,2021-05-06,98681,8413300,59703,4306973,36461,3771082,2517,335245,23618,1312023,74654,3705174,26119,5017197,California
Los Angeles,2021-05-07,98512,8511812,58347,4365320,37787,3808869,2378,337623,27180,1270625,70935,3776109,29537,5046734,California
Los Angeles,2021-05-08,66993,8578805,43976,4409296,21238,3830107,1779,339402,18623,1243005,48013,3824122,20393,5067127,California
Los Angeles,2021-05-09,24509,8603314,18833,4428129,4933,3835040,743,340145,6173,1231683,18229,3842351,6907,5074034,California
Los Angeles,2021-05-10,50814,8654128,26953,4455082,21952,3856992,1909,342054,15565,1214159,34992,3877343,17468,5091502,California
Los Angeles,2021-05-11,71549,8725677,39038,4494120,30358,3887350,2153,344207,18763,1182550,52505,3929848,20896,5112398,California
Los Angeles,2021-05-12,72736,8798413,39841,4533961,30577,3917927,2318,346525,20477,1153389,51929,3981777,22768,5135166,California
Los Angeles,2021-05-13,78482,8876895,47327,4581288,29420,3947347,1735,348260,27981,1133005,50088,4031865,29704,5164870,California
Los Angeles,2021-05-14,89876,8966771,57242,4638530,30754,3978101,1880,350140,33939,1113249,55564,4087429,35808,5200678,California
Los Angeles,2021-05-15,76630,9043401,53627,4692157,21449,3999550,1554,351694,29820,1098108,46503,4133932,31362,5232040,California
Los Angeles,2021-05-16,31035,9074436,24598,4716755,5822,4005372,615,352309,12333,1092456,18595,4152527,12943,5244983,California
Los Angeles,2021-05-17,62136,9136572,40249,4757004,20106,4025478,1781,354090,24935,1082209,36946,4189473,26699,5271682,California
Los Angeles,2021-05-18,65368,9201940,38708,4795712,24820,4050298,1840,355930,25727,1070391,39353,4228826,27535,5299217,California
Los Angeles,2021-05-19,67653,9269593,40769,4836481,25035,4075333,1849,357779,28806,1062468,38561,4267387,30638,5329855,California
Los Angeles,2021-05-20,66675,9336268,37345,4873826,27248,4102581,2082,359861,25215,1048692,41061,4308448,27285,5357140,California
Los Angeles,2021-05-21,70193,9406461,42585,4916411,25530,4128111,2078,361939,27201,1035375,42585,4351033,29268,5386408,California
Los Angeles,2021-05-22,57537,9463998,37421,4953832,18460,4146571,1656,363595,23389,1026509,33901,4384934,25035,5411443,California
Los Angeles,2021-05-23,24332,9488330,16973,4970805,6515,4153086,844,364439,10761,1024669,13441,4398375,11601,5423044,California
Los Angeles,2021-05-24,49128,9537458,27159,4997964,20112,4173198,1857,366296,18590,1014815,30284,4428659,20430,5443474,California
Los Angeles,2021-05-25,49898,9587356,28861,5026825,19260,4192458,1777,368073,19195,1005342,30436,4459095,20963,5464437,California
Los Angeles,2021-05-26,47269,9634625,26705,5053530,18709,4211167,1855,369928,19754,999742,27087,4486182,21487,5485924,California
Los Angeles,2021-05-27,45543,9680168,25468,5078998,18240,4229407,1835,371763,18810,993890,26480,4512662,20628,5506552,California
Los Angeles,2021-05-28,52448,9732616,29713,5108711,20836,4250243,1899,373662,23280,990210,28845,4541507,25165,5531717,California
Los Angeles,2021-05-29,30570,9763186,17655,5126366,11869,4262112,1046,374708,14199,989265,16177,4557684,15232,5546949,California
Los Angeles,2021-05-30,12509,9775695,8202,5134568,3572,4265684,735,375443,5791,989124,6661,4564345,6520,5553469,California
Los Angeles,2021-05-31,6057,9781752,3746,5138314,2005,4267689,306,375749,1729,986894,4262,4568607,2032,5555501,California
Los Angeles,2021-06-01,46351,9828103,25962,5164276,18817,4286506,1572,377321,17016,976473,28983,4597590,18562,5574063,California
Los Angeles,2021-06-02,38635,9866738,22336,5186612,14843,4301349,1456,378777,15115,969783,23233,4620823,16543,5590606,California
Los Angeles,2021-06-03,42877,9909615,28385,5214997,12927,4314276,1565,380342,14729,958203,27858,4648681,16278,5606884,California
Los Angeles,2021-06-04,52467,9962082,35443,5250440,15338,4329614,1686,382028,16593,940950,35508,4684189,18255,5625139,California
Los Angeles,2021-06-05,42589,10004671,30513,5280953,10691,4340305,1385,383413,12365,924651,30032,4714221,13733,5638872,California
Los Angeles,2021-06-06,14827,10019498,12239,5293192,1849,4342154,739,384152,3991,918611,10763,4724984,4723,5643595,California
Los Angeles,2021-06-07,37013,10056511,26421,5319613,9139,4351293,1453,385605,11787,906809,25023,4750007,13221,5656816,California
Los Angeles,2021-06-08,38453,10094964,26491,5346104,10368,4361661,1594,387199,12796,895833,25351,4775358,14375,5671191,California
Los Angeles,2021-06-09,39948,10134912,28215,5374319,10212,4371873,1521,388720,11770,881188,27908,4803266,13263,5684454,California
Los Angeles,2021-06-10,36683,10171595,25400,5399719,9675,4381548,1608,390328,11569,869471,24877,4828143,13160,5697614,California
Los Angeles,2021-06-11,41274,10212869,28277,5427996,11327,4392875,1670,391998,13504,857170,27460,4855603,15159,5712773,California
Los Angeles,2021-06-12,33456,10246325,24104,5452100,8134,4401009,1218,393216,10336,845761,22949,4878552,11540,5724313,California
Los Angeles,2021-06-13,11531,10257856,8257,5460357,2637,4403646,637,393853,2624,840174,8842,4887394,3255,5727568,California
Los Angeles,2021-06-14,32741,10290597,23544,5483901,7822,4411468,1375,395228,11472,831935,21065,4908459,12826,5740394,California
Los Angeles,2021-06-15,33958,10324555,22782,5506683,9469,4420937,1707,396935,11838,823694,21758,4930217,13517,5753911,California
Los Angeles,2021-06-16,32361,10356916,22366,5529049,8247,4429184,1748,398683,11382,816068,20745,4950962,13119,5767030,California
Los Angeles,2021-06-17,29719,10386635,19917,5548966,8065,4437249,1737,400420,10872,810082,18579,4969541,12593,5779623,California
Los Angeles,2021-06-18,35294,10421929,24281,5573247,9064,4446313,1949,402369,12471,802037,22445,4991986,14400,5794023,California
Los Angeles,2021-06-19,22301,10444230,15046,5588293,5886,4452199,1369,403738,8601,798518,13469,5005455,9950,5803973,California
Los Angeles,2021-06-20,8439,10452669,5944,5594237,2005,4454204,490,404228,3062,796759,5309,5010764,3550,5807523,California
Los Angeles,2021-06-21,19135,10471804,11762,5605999,6000,4460204,1373,405601,10275,799652,8742,5019506,11635,5819158,California
Los Angeles,2021-06-22,26224,10498028,17704,5623703,7007,4467211,1513,407114,10155,795427,15887,5035393,11662,5830820,California
Los Angeles,2021-06-23,24929,10522957,17154,5640857,6378,4473589,1397,408511,10009,792068,14746,5050139,11387,5842207,California
Los Angeles,2021-06-24,24728,10547685,17035,5657892,6092,4479681,1601,410112,9563,788242,14952,5065091,11126,5853333,California
Los Angeles,2021-06-25,29314,10576999,20444,5678336,7261,4486942,1609,411721,11995,784716,17110,5082201,13584,5866917,California
Los Angeles,2021-06-26,19937,10596936,14504,5692840,4417,4491359,1016,412737,8279,782446,11548,5093749,9278,5876195,California
Los Angeles,2021-06-27,8592,10605528,6254,5699094,1906,4493265,432,413169,3633,781611,4890,5098639,4055,5880250,California
Los Angeles,2021-06-28,20035,10625563,15441,5714535,3368,4496633,1226,414395,8760,780443,11145,5109784,9977,5890227,California
Los Angeles,2021-06-29,22401,10647964,15392,5729927,5946,4502579,1063,415458,9836,778923,12407,5122191,10887,5901114,California
Los Angeles,2021-06-30,22136,10670100,15632,5745559,5422,4508001,1082,416540,9980,777981,11988,5134179,11046,5912160,California
Los Angeles,2021-07-01,19919,10690019,14192,5759751,4728,4512729,999,417539,8984,777134,10818,5144997,9971,5922131,California
Los Angeles,2021-07-02,23365,10713384,16553,5776304,5710,4518439,1102,418641,10550,776110,12658,5157655,11634,5933765,California
Los Angeles,2021-07-03,13479,10726863,9529,5785833,3470,4521909,480,419121,6151,775515,7220,5164875,6625,5940390,California
Los Angeles,2021-07-04,753,10727616,389,5786222,316,4522225,48,419169,350,775519,393,5165268,397,5940787,California
Los Angeles,2021-07-05,11041,10738657,8047,5794269,2722,4524947,272,419441,5148,775124,5817,5171085,5422,5946209,California
Los Angeles,2021-07-06,23477,10762134,16894,5811163,5450,4530397,1133,420574,8994,770920,14324,5185409,10120,5956329,California
Los Angeles,2021-07-07,15256,10777390,10725,5821888,3547,4533944,984,421558,6163,769064,8990,5194399,7134,5963463,California
Madera,2020-12-16,22,22,22,22,0,0,0,0,22,22,0,0,22,22,California
Madera,2020-12-17,12,34,12,34,0,0,0,0,12,34,0,0,12,34,California
Madera,2020-12-18,61,95,61,95,0,0,0,0,61,95,0,0,61,95,California
Madera,2020-12-19,5,100,5,100,0,0,0,0,5,100,0,0,5,100,California
Madera,2020-12-20,14,114,14,114,0,0,0,0,14,114,0,0,14,114,California
Madera,2020-12-21,59,173,59,173,0,0,0,0,59,173,0,0,59,173,California
Madera,2020-12-22,97,270,95,268,2,2,0,0,97,270,0,0,97,270,California
Madera,2020-12-23,67,337,67,335,0,2,0,0,67,337,0,0,67,337,California
Madera,2020-12-24,45,382,40,375,5,7,0,0,45,382,0,0,45,382,California
Madera,2020-12-26,27,409,26,401,1,8,0,0,27,409,0,0,27,409,California
Madera,2020-12-27,30,439,12,413,18,26,0,0,30,439,0,0,30,439,California
Madera,2020-12-28,107,546,36,449,71,97,0,0,107,546,0,0,107,546,California
Madera,2020-12-29,176,722,37,486,139,236,0,0,176,722,0,0,176,722,California
Madera,2020-12-30,226,948,90,576,136,372,0,0,226,948,0,0,226,948,California
Madera,2020-12-31,203,1151,81,657,122,494,0,0,203,1151,0,0,203,1151,California
Madera,2021-01-01,2,1153,1,658,1,495,0,0,2,1153,0,0,2,1153,California
Madera,2021-01-02,89,1242,33,691,56,551,0,0,89,1242,0,0,89,1242,California
Madera,2021-01-03,4,1246,4,695,0,551,0,0,4,1246,0,0,4,1246,California
Madera,2021-01-04,130,1376,66,761,64,615,0,0,130,1376,0,0,130,1376,California
Madera,2021-01-05,281,1657,144,905,137,752,0,0,277,1649,4,4,277,1653,California
Madera,2021-01-06,184,1841,27,932,157,909,0,0,164,1793,20,24,164,1817,California
Madera,2021-01-07,400,2241,116,1048,284,1193,0,0,377,2148,23,47,378,2195,California
Madera,2021-01-08,420,2661,72,1120,348,1541,0,0,365,2460,54,101,366,2561,California
Madera,2021-01-09,38,2699,14,1134,24,1565,0,0,29,2480,9,110,29,2590,California
Madera,2021-01-10,17,2716,14,1148,3,1568,0,0,5,2473,12,122,5,2595,California
Madera,2021-01-11,238,2954,190,1338,48,1616,0,0,197,2629,41,163,197,2792,California
Madera,2021-01-12,388,3342,157,1495,231,1847,0,0,284,2809,104,267,284,3076,California
Madera,2021-01-13,184,3526,91,1586,93,1940,0,0,128,2882,56,323,129,3205,California
Madera,2021-01-14,557,4083,84,1670,473,2413,0,0,523,3371,34,357,523,3728,California
Madera,2021-01-15,599,4682,160,1830,439,2852,0,0,577,3926,22,379,577,4305,California
Madera,2021-01-16,381,5063,48,1878,333,3185,0,0,353,4251,28,407,353,4658,California
Madera,2021-01-17,334,5397,15,1893,319,3504,0,0,330,4577,4,411,330,4988,California
Madera,2021-01-18,77,5474,61,1954,16,3520,0,0,58,4617,18,429,58,5046,California
Madera,2021-01-19,566,6040,133,2087,433,3953,0,0,540,5132,26,455,541,5587,California
Madera,2021-01-20,341,6381,184,2271,157,4110,0,0,245,5282,95,550,245,5832,California
Madera,2021-01-21,291,6672,183,2454,108,4218,0,0,227,5447,62,612,227,6059,California
Madera,2021-01-22,262,6934,84,2538,178,4396,0,0,245,5675,17,629,245,6304,California
Madera,2021-01-23,101,7035,53,2591,48,4444,0,0,77,5728,24,653,77,6381,California
Madera,2021-01-24,100,7135,81,2672,19,4463,0,0,78,5784,22,675,78,6459,California
Madera,2021-01-25,266,7401,123,2795,143,4606,0,0,142,5802,124,799,142,6601,California
Madera,2021-01-26,494,7895,191,2986,303,4909,0,0,301,5912,192,991,302,6903,California
Madera,2021-01-27,755,8650,73,3059,682,5591,0,0,617,6393,138,1129,619,7522,California
Madera,2021-01-28,551,9201,112,3171,439,6030,0,0,445,6733,106,1235,446,7968,California
Madera,2021-01-29,472,9673,94,3265,378,6408,0,0,417,7095,55,1290,417,8385,California
Madera,2021-01-30,505,10178,18,3283,487,6895,0,0,451,7492,54,1344,451,8836,California
Madera,2021-01-31,8,10186,5,3288,3,6898,0,0,7,7498,1,1345,7,8843,California
Madera,2021-02-01,333,10519,148,3436,185,7083,0,0,209,7583,124,1469,209,9052,California
Madera,2021-02-02,256,10775,93,3529,163,7246,0,0,163,7655,92,1561,164,9216,California
Madera,2021-02-03,598,11373,459,3988,139,7385,0,0,479,8018,117,1678,480,9696,California
Madera,2021-02-04,398,11771,126,4114,272,7657,0,0,116,7854,281,1959,117,9813,California
Madera,2021-02-05,981,12752,300,4414,681,8338,0,0,372,7624,603,2562,373,10186,California
Madera,2021-02-06,366,13118,328,4742,38,8376,0,0,324,7907,41,2603,324,10510,California
Madera,2021-02-07,35,13153,7,4749,28,8404,0,0,30,7932,5,2608,30,10540,California
Madera,2021-02-08,384,13537,307,5056,77,8481,0,0,268,8085,115,2723,268,10808,California
Madera,2021-02-09,483,14020,118,5174,365,8846,0,0,198,8003,282,3005,200,11008,California
Madera,2021-02-10,434,14454,150,5324,284,9130,0,0,281,8133,151,3156,281,11289,California
Madera,2021-02-11,934,15388,304,5628,630,9760,0,0,399,7999,534,3690,400,11689,California
Madera,2021-02-12,851,16239,121,5749,730,10490,0,0,315,7787,530,4220,318,12007,California
Madera,2021-02-13,483,16722,45,5794,438,10928,0,0,136,7580,346,4566,139,12146,California
Madera,2021-02-14,402,17124,74,5868,328,11256,0,0,136,7451,266,4832,137,12283,California
Madera,2021-02-15,245,17369,98,5966,147,11403,0,0,176,7560,67,4899,176,12459,California
Madera,2021-02-16,778,18147,185,6151,593,11996,0,0,227,7239,549,5448,228,12687,California
Madera,2021-02-17,623,18770,285,6436,338,12334,0,0,344,7313,272,5720,346,13033,California
Madera,2021-02-18,1307,20077,544,6980,763,13097,0,0,1124,8256,182,5902,1125,14158,California
Madera,2021-02-19,870,20947,552,7532,318,13415,0,0,723,8834,146,6048,724,14882,California
Madera,2021-02-20,1080,22027,986,8518,94,13509,0,0,1003,9762,76,6124,1004,15886,California
Madera,2021-02-21,1000,23027,858,9376,142,13651,0,0,992,10747,7,6131,992,16878,California
Madera,2021-02-22,964,23991,886,10262,78,13729,0,0,902,11588,61,6192,902,17780,California
Madera,2021-02-23,770,24761,481,10743,289,14018,0,0,539,11897,230,6422,539,18319,California
Madera,2021-02-24,932,25693,302,11045,630,14648,0,0,382,11730,549,6971,382,18701,California
Madera,2021-02-25,1046,26739,317,11362,729,15377,0,0,601,11888,443,7414,601,19302,California
Madera,2021-02-26,1097,27836,201,11563,896,16273,0,0,710,12213,385,7799,710,20012,California
Madera,2021-02-27,927,28763,293,11856,634,16907,0,0,497,12286,427,8226,500,20512,California
Madera,2021-02-28,192,28955,30,11886,162,17069,0,0,186,12466,6,8232,186,20698,California
Madera,2021-03-01,379,29334,119,12005,260,17329,0,0,194,12479,182,8414,195,20893,California
Madera,2021-03-02,744,30078,349,12354,395,17724,0,0,631,13001,111,8525,633,21526,California
Madera,2021-03-03,1361,31439,728,13082,633,18357,0,0,953,13576,405,8930,980,22506,California
Madera,2021-03-04,1203,32642,525,13607,678,19035,0,0,950,14277,254,9184,955,23461,California
Madera,2021-03-05,1366,34008,422,14029,931,19966,13,13,1081,15100,283,9467,1106,24567,California
Madera,2021-03-06,818,34826,636,14665,150,20116,32,45,499,15314,318,9785,532,25099,California
Madera,2021-03-07,161,34987,28,14693,108,20224,25,70,107,15392,54,9839,132,25231,California
Madera,2021-03-08,609,35596,340,15033,209,20433,60,130,314,15472,295,10134,375,25606,California
Madera,2021-03-09,600,36196,296,15329,270,20703,34,164,409,15734,189,10323,451,26057,California
Madera,2021-03-10,1196,37392,560,15889,556,21259,80,244,757,16138,434,10757,838,26895,California
Madera,2021-03-11,1685,39077,869,16758,488,21747,328,572,769,16335,912,11669,1109,28004,California
Madera,2021-03-12,1584,40661,820,17578,609,22356,155,727,799,16535,782,12451,982,28986,California
Madera,2021-03-13,1889,42550,1328,18906,362,22718,199,926,814,16498,1069,13520,1032,30018,California
Madera,2021-03-14,585,43135,449,19355,104,22822,32,958,285,16520,295,13815,317,30335,California
Madera,2021-03-15,747,43882,231,19586,470,23292,46,1004,512,16884,231,14046,595,30930,California
Madera,2021-03-16,936,44818,529,20115,360,23652,47,1051,741,17497,192,14238,805,31735,California
Madera,2021-03-17,1465,46283,980,21095,422,24074,63,1114,907,18011,549,14787,1063,32798,California
Madera,2021-03-18,1956,48239,689,21784,1203,25277,64,1178,970,18158,979,15766,1126,33924,California
Madera,2021-03-19,1586,49825,590,22374,913,26190,83,1261,1027,18792,555,16321,1189,35113,California
Madera,2021-03-20,1177,51002,772,23146,352,26542,53,1314,583,18902,591,16912,701,35814,California
Madera,2021-03-21,1101,52103,897,24043,158,26700,46,1360,360,18574,736,17648,408,36222,California
Madera,2021-03-22,1355,53458,851,24894,440,27140,64,1424,653,18640,698,18346,764,36986,California
Madera,2021-03-23,1432,54890,877,25771,464,27604,91,1515,671,18729,758,19104,847,37833,California
Madera,2021-03-24,948,55838,509,26280,408,28012,31,1546,613,19048,330,19434,649,38482,California
Madera,2021-03-25,1168,57006,528,26808,615,28627,25,1571,643,19214,515,19949,681,39163,California
Madera,2021-03-26,1521,58527,579,27387,809,29436,133,1704,712,19258,805,20754,849,40012,California
Madera,2021-03-27,930,59457,605,27992,300,29736,25,1729,412,19182,514,21268,438,40450,California
Madera,2021-03-28,437,59894,151,28143,226,29962,60,1789,203,19307,233,21501,358,40808,California
Madera,2021-03-29,685,60579,180,28323,476,30438,29,1818,490,19639,191,21692,523,41331,California
Madera,2021-03-30,1071,61650,605,28928,437,30875,29,1847,475,19552,592,22284,505,41836,California
Madera,2021-03-31,1403,63053,544,29472,721,31596,138,1985,424,19141,973,23257,562,42398,California
Madera,2021-04-01,1393,64446,628,30100,714,32310,51,2036,480,18768,902,24159,529,42927,California
Madera,2021-04-02,1606,66052,461,30561,1086,33396,59,2095,479,18191,1116,25275,539,43466,California
Madera,2021-04-03,961,67013,763,31324,178,33574,20,2115,392,18046,567,25842,422,43888,California
Madera,2021-04-04,186,67199,65,31389,119,33693,2,2117,85,18033,101,25943,88,43976,California
Madera,2021-04-05,739,67938,253,31642,427,34120,59,2176,337,18043,400,26343,410,44386,California
Madera,2021-04-06,1704,69642,886,32528,463,34583,355,2531,528,17752,1174,27517,883,45269,California
Madera,2021-04-07,1230,70872,384,32912,696,35279,150,2681,423,17527,803,28320,578,45847,California
Madera,2021-04-08,1731,72603,670,33582,801,36080,260,2941,556,17183,1166,29486,822,46669,California
Madera,2021-04-09,1656,74259,699,34281,808,36888,149,3090,949,17582,702,30188,1101,47770,California
Madera,2021-04-10,979,75238,686,34967,225,37113,68,3158,712,18094,269,30457,781,48551,California
Madera,2021-04-11,810,76048,656,35623,75,37188,79,3237,287,17938,520,30977,364,48915,California
Madera,2021-04-12,817,76865,295,35918,447,37635,75,3312,316,17830,500,31477,392,49307,California
Madera,2021-04-13,1252,78117,618,36536,592,38227,42,3354,728,18090,519,31996,779,50086,California
Madera,2021-04-14,1400,79517,867,37403,533,38760,0,3354,576,17850,822,32818,582,50668,California
Madera,2021-04-15,1172,80689,510,37913,661,39421,1,3355,423,17538,737,33555,425,51093,California
Madera,2021-04-16,1365,82054,549,38462,816,40237,0,3355,387,16964,964,34519,390,51483,California
Madera,2021-04-17,1293,83347,1090,39552,203,40440,0,3355,774,17222,516,35035,774,52257,California
Madera,2021-04-18,259,83606,220,39772,39,40479,0,3355,88,17144,166,35201,88,52345,California
Madera,2021-04-19,819,84425,245,40017,573,41052,1,3356,285,16901,528,35729,285,52630,California
Madera,2021-04-20,908,85333,457,40474,451,41503,0,3356,236,16471,668,36397,238,52868,California
Madera,2021-04-21,904,86237,493,40967,411,41914,0,3356,303,16176,600,36997,305,53173,California
Madera,2021-04-22,1100,87337,534,41501,566,42480,0,3356,379,15839,717,37714,380,53553,California
Madera,2021-04-23,972,88309,318,41819,654,43134,0,3356,340,15552,627,38341,340,53893,California
Madera,2021-04-24,710,89019,466,42285,244,43378,0,3356,247,15341,459,38800,248,54141,California
Madera,2021-04-25,266,89285,160,42445,103,43481,3,3359,119,15321,143,38943,123,54264,California
Madera,2021-04-26,562,89847,109,42554,447,43928,6,3365,133,15034,426,39369,139,54403,California
Madera,2021-04-27,632,90479,281,42835,326,44254,25,3390,316,15063,313,39682,342,54745,California
Madera,2021-04-28,510,90989,205,43040,286,44540,19,3409,247,15067,261,39943,265,55010,California
Madera,2021-04-29,553,91542,250,43290,276,44816,27,3436,259,15067,287,40230,287,55297,California
Madera,2021-04-30,944,92486,510,43800,418,45234,16,3452,274,14694,664,40894,291,55588,California
Madera,2021-05-01,969,93455,871,44671,85,45319,13,3465,389,14517,579,41473,402,55990,California
Madera,2021-05-02,400,93855,352,45023,43,45362,5,3470,145,14412,255,41728,150,56140,California
Madera,2021-05-03,498,94353,199,45222,259,45621,40,3510,101,14159,394,42122,141,56281,California
Madera,2021-05-04,911,95264,440,45662,427,46048,44,3554,216,13724,695,42817,260,56541,California
Madera,2021-05-05,1024,96288,491,46153,473,46521,60,3614,279,13321,742,43559,339,56880,California
Madera,2021-05-06,710,96998,259,46412,419,46940,32,3646,166,12979,540,44099,198,57078,California
Madera,2021-05-07,824,97822,294,46706,509,47449,21,3667,198,12577,620,44719,218,57296,California
Madera,2021-05-08,974,98796,761,47467,202,47651,11,3678,187,11988,787,45506,198,57494,California
Madera,2021-05-09,148,98944,21,47488,116,47767,11,3689,35,11923,111,45617,46,57540,California
Madera,2021-05-10,361,99305,75,47563,274,48041,12,3701,101,11777,259,45876,113,57653,California
Madera,2021-05-11,538,99843,186,47749,343,48384,9,3710,172,11594,364,46240,181,57834,California
Madera,2021-05-12,504,100347,228,47977,240,48624,36,3746,125,11378,377,46617,161,57995,California
Madera,2021-05-13,511,100858,311,48288,168,48792,32,3778,176,11254,332,46949,208,58203,California
Madera,2021-05-14,539,101397,271,48559,244,49036,24,3802,234,11210,302,47251,258,58461,California
Madera,2021-05-15,564,101961,477,49036,78,49114,9,3811,363,11384,197,47448,371,58832,California
Madera,2021-05-16,257,102218,190,49226,35,49149,32,3843,106,11371,151,47599,138,58970,California
Madera,2021-05-17,451,102669,189,49415,234,49383,28,3871,200,11351,248,47847,228,59198,California
Madera,2021-05-18,551,103220,368,49783,159,49542,24,3895,288,11406,257,48104,312,59510,California
Madera,2021-05-19,488,103708,225,50008,241,49783,22,3917,217,11376,269,48373,239,59749,California
Madera,2021-05-20,593,104301,271,50279,285,50068,37,3954,232,11291,354,48727,269,60018,California
Madera,2021-05-21,505,104806,194,50473,284,50352,27,3981,193,11204,307,49034,220,60238,California
Madera,2021-05-22,902,105708,817,51290,73,50425,12,3993,532,11378,370,49404,544,60782,California
Madera,2021-05-23,268,105976,241,51531,17,50442,10,4003,143,11407,124,49528,153,60935,California
Madera,2021-05-24,308,106284,140,51671,127,50569,41,4044,122,11385,185,49713,163,61098,California
Madera,2021-05-25,382,106666,169,51840,181,50750,32,4076,151,11339,229,49942,183,61281,California
Madera,2021-05-26,445,107111,259,52099,164,50914,22,4098,237,11392,206,50148,259,61540,California
Madera,2021-05-27,373,107484,135,52234,200,51114,38,4136,127,11315,242,50390,165,61705,California
Madera,2021-05-28,449,107933,173,52407,248,51362,28,4164,174,11244,273,50663,202,61907,California
Madera,2021-05-29,307,108240,216,52623,73,51435,18,4182,166,11287,141,50804,184,62091,California
Madera,2021-05-30,61,108301,27,52650,30,51465,4,4186,28,11287,32,50836,32,62123,California
Madera,2021-05-31,26,108327,9,52659,13,51478,4,4190,11,11287,15,50851,15,62138,California
Madera,2021-06-01,288,108615,143,52802,122,51600,23,4213,105,11234,181,51032,128,62266,California
Madera,2021-06-02,394,109009,125,52927,246,51846,23,4236,116,11096,277,51309,139,62405,California
Madera,2021-06-03,282,109291,150,53077,117,51963,15,4251,90,11009,192,51501,105,62510,California
Madera,2021-06-04,382,109673,245,53322,126,52089,11,4262,152,10943,229,51730,163,62673,California
Madera,2021-06-05,516,110189,390,53712,113,52202,13,4275,150,10747,359,52089,163,62836,California
Madera,2021-06-06,135,110324,115,53827,13,52215,7,4282,38,10695,97,52186,45,62881,California
Madera,2021-06-07,249,110573,154,53981,74,52289,21,4303,44,10556,204,52390,65,62946,California
Madera,2021-06-08,388,110961,274,54255,93,52382,21,4324,97,10383,291,52681,118,63064,California
Madera,2021-06-09,375,111336,240,54495,108,52490,27,4351,145,10327,228,52909,172,63236,California
Madera,2021-06-10,344,111680,199,54694,129,52619,16,4367,118,10237,224,53133,134,63370,California
Madera,2021-06-11,381,112061,221,54915,128,52747,32,4399,170,10227,210,53343,200,63570,California
Madera,2021-06-12,574,112635,504,55419,54,52801,16,4415,92,9853,482,53825,108,63678,California
Madera,2021-06-13,193,112828,160,55579,28,52829,5,4420,54,9774,138,53963,59,63737,California
Madera,2021-06-14,227,113055,162,55741,42,52871,23,4443,89,9751,135,54098,112,63849,California
Madera,2021-06-15,362,113417,249,55990,80,52951,33,4476,154,9733,205,54303,187,64036,California
Madera,2021-06-16,327,113744,251,56241,62,53013,14,4490,119,9662,204,54507,133,64169,California
Madera,2021-06-17,264,114008,131,56372,124,53137,9,4499,98,9604,165,54672,107,64276,California
Madera,2021-06-18,277,114285,176,56548,77,53214,24,4523,118,9587,158,54830,141,64417,California
Madera,2021-06-19,246,114531,199,56747,39,53253,8,4531,80,9509,166,54996,88,64505,California
Madera,2021-06-20,55,114586,45,56792,3,53256,7,4538,27,9515,28,55024,34,64539,California
Madera,2021-06-21,166,114752,81,56873,60,53316,25,4563,74,9523,91,55115,99,64638,California
Madera,2021-06-22,235,114987,159,57032,58,53374,18,4581,116,9540,117,55232,134,64772,California
Madera,2021-06-23,263,115250,188,57220,65,53439,10,4591,140,9567,123,55355,150,64922,California
Madera,2021-06-24,206,115456,100,57320,84,53523,22,4613,77,9538,128,55483,99,65021,California
Madera,2021-06-25,260,115716,168,57488,68,53591,24,4637,99,9503,158,55641,123,65144,California
Madera,2021-06-26,182,115898,136,57624,34,53625,12,4649,76,9485,106,55747,88,65232,California
Madera,2021-06-27,110,116008,85,57709,21,53646,4,4653,57,9493,53,55800,61,65293,California
Madera,2021-06-28,155,116163,95,57804,41,53687,19,4672,82,9522,72,55872,101,65394,California
Madera,2021-06-29,213,116376,153,57957,43,53730,17,4689,101,9530,110,55982,118,65512,California
Madera,2021-06-30,215,116591,144,58101,64,53794,7,4696,121,9566,92,56074,128,65640,California
Madera,2021-07-01,183,116774,116,58217,43,53837,24,4720,72,9552,110,56184,96,65736,California
Madera,2021-07-02,231,117005,175,58392,42,53879,14,4734,96,9527,135,56319,110,65846,California
Madera,2021-07-03,166,117171,116,58508,41,53920,9,4743,78,9529,85,56404,87,65933,California
Madera,2021-07-04,11,117182,0,58508,7,53927,4,4747,6,9534,5,56409,10,65943,California
Madera,2021-07-05,112,117294,96,58604,9,53936,7,4754,51,9532,60,56469,58,66001,California
Madera,2021-07-06,325,117619,247,58851,52,53988,26,4780,132,9497,192,56661,157,66158,California
Madera,2021-07-07,155,117774,113,58964,30,54018,12,4792,75,9504,80,56741,87,66245,California
Marin,2020-12-15,2,2,2,2,0,0,0,0,2,2,0,0,2,2,California
Marin,2020-12-16,108,110,108,110,0,0,0,0,108,110,0,0,108,110,California
Marin,2020-12-17,275,385,275,385,0,0,0,0,275,385,0,0,275,385,California
Marin,2020-12-18,390,775,390,775,0,0,0,0,390,775,0,0,390,775,California
Marin,2020-12-19,347,1122,346,1121,1,1,0,0,347,1122,0,0,347,1122,California
Marin,2020-12-20,166,1288,165,1286,1,2,0,0,166,1288,0,0,166,1288,California
Marin,2020-12-21,239,1527,236,1522,3,5,0,0,239,1527,0,0,239,1527,California
Marin,2020-12-22,522,2049,317,1839,205,210,0,0,522,2049,0,0,522,2049,California
Marin,2020-12-23,730,2779,315,2154,415,625,0,0,730,2779,0,0,730,2779,California
Marin,2020-12-24,359,3138,158,2312,201,826,0,0,359,3138,0,0,359,3138,California
Marin,2020-12-25,26,3164,0,2312,26,852,0,0,26,3164,0,0,26,3164,California
Marin,2020-12-26,144,3308,95,2407,49,901,0,0,144,3308,0,0,144,3308,California
Marin,2020-12-27,91,3399,54,2461,37,938,0,0,91,3399,0,0,91,3399,California
Marin,2020-12-28,407,3806,99,2560,308,1246,0,0,407,3806,0,0,407,3806,California
Marin,2020-12-29,399,4205,88,2648,311,1557,0,0,399,4205,0,0,399,4205,California
Marin,2020-12-30,630,4835,390,3038,240,1797,0,0,630,4835,0,0,630,4835,California
Marin,2020-12-31,202,5037,35,3073,167,1964,0,0,201,5035,1,1,201,5036,California
Marin,2021-01-01,31,5068,14,3087,17,1981,0,0,31,5066,0,1,31,5067,California
Marin,2021-01-02,114,5182,109,3196,5,1986,0,0,114,5180,0,1,114,5181,California
Marin,2021-01-03,49,5231,31,3227,18,2004,0,0,45,5225,0,1,45,5226,California
Marin,2021-01-04,299,5530,194,3421,105,2109,0,0,298,5522,1,2,298,5524,California
Marin,2021-01-05,373,5903,225,3646,148,2257,0,0,330,5809,43,45,330,5854,California
Marin,2021-01-06,817,6720,317,3963,500,2757,0,0,638,6268,179,224,638,6492,California
Marin,2021-01-07,887,7607,502,4465,385,3142,0,0,527,6436,360,584,528,7020,California
Marin,2021-01-08,975,8582,517,4982,458,3600,0,0,583,6628,391,975,583,7603,California
Marin,2021-01-09,617,9199,222,5204,395,3995,0,0,487,6985,130,1105,487,8090,California
Marin,2021-01-10,130,9329,101,5305,29,4024,0,0,57,6969,73,1178,57,8147,California
Marin,2021-01-11,471,9800,328,5633,143,4167,0,0,250,7000,221,1399,252,8399,California
Marin,2021-01-12,938,10738,546,6179,392,4559,0,0,568,7202,366,1765,568,8967,California
Marin,2021-01-13,1175,11913,500,6679,675,5234,0,0,942,7911,233,1998,942,9909,California
Marin,2021-01-14,1073,12986,320,6999,753,5987,0,0,922,8684,149,2147,922,10831,California
Marin,2021-01-15,1165,14151,355,7354,810,6797,0,0,1033,9588,131,2278,1035,11866,California
Marin,2021-01-16,1124,15275,916,8270,208,7005,0,0,1048,10560,76,2354,1048,12914,California
Marin,2021-01-17,1228,16503,1109,9379,119,7124,0,0,1199,11734,28,2382,1202,14116,California
Marin,2021-01-18,367,16870,161,9540,206,7330,0,0,317,12001,50,2432,317,14433,California
Marin,2021-01-19,1156,18026,910,10450,246,7576,0,0,984,12814,171,2603,984,15417,California
Marin,2021-01-20,1812,19838,1220,11670,592,8168,0,0,1074,13163,726,3329,1075,16492,California
Marin,2021-01-21,1702,21540,1070,12740,632,8800,0,0,1342,14150,357,3686,1344,17836,California
Marin,2021-01-22,1720,23260,1098,13838,622,9422,0,0,1546,15523,174,3860,1547,19383,California
Marin,2021-01-23,1857,25117,1351,15189,506,9928,0,0,1766,17199,90,3950,1766,21149,California
Marin,2021-01-24,620,25737,166,15355,454,10382,0,0,586,17751,34,3984,586,21735,California
Marin,2021-01-25,1131,26868,235,15590,896,11278,0,0,692,18005,439,4423,693,22428,California
Marin,2021-01-26,1519,28387,781,16371,738,12016,0,0,1136,18759,382,4805,1136,23564,California
Marin,2021-01-27,1729,30116,890,17261,839,12855,0,0,1356,19745,371,5176,1357,24921,California
Marin,2021-01-28,2087,32203,1075,18336,1012,13867,0,0,1821,21302,265,5441,1822,26743,California
Marin,2021-01-29,2213,34416,1438,19774,775,14642,0,0,2015,23133,185,5626,2016,28759,California
Marin,2021-01-30,1719,36135,907,20681,812,15454,0,0,1640,24694,79,5705,1640,30399,California
Marin,2021-01-31,458,36593,320,21001,138,15592,0,0,431,25098,27,5732,431,30830,California
Marin,2021-02-01,1098,37691,414,21415,684,16276,0,0,896,25794,201,5933,897,31727,California
Marin,2021-02-02,1431,39122,498,21913,933,17209,0,0,762,25898,658,6591,762,32489,California
Marin,2021-02-03,1795,40917,434,22347,1361,18570,0,0,1278,26660,516,7107,1278,33767,California
Marin,2021-02-04,1593,42510,502,22849,1091,19661,0,0,987,27045,602,7709,987,34754,California
Marin,2021-02-05,2178,44688,674,23523,1504,21165,0,0,1338,27547,836,8545,1338,36092,California
Marin,2021-02-06,1429,46117,849,24372,580,21745,0,0,601,27323,825,9370,601,36693,California
Marin,2021-02-07,1303,47420,1020,25392,283,22028,0,0,498,27017,804,10174,498,37191,California
Marin,2021-02-08,1541,48961,763,26155,778,22806,0,0,734,26947,804,10978,734,37925,California
Marin,2021-02-09,1790,50751,1130,27285,660,23466,0,0,845,26847,945,11923,845,38770,California
Marin,2021-02-10,2359,53110,1505,28790,854,24320,0,0,1225,26941,1132,13055,1226,39996,California
Marin,2021-02-11,2886,55996,1656,30446,1230,25550,0,0,1456,26976,1425,14480,1460,41456,California
Marin,2021-02-12,3095,59091,1552,31998,1543,27093,0,0,1572,27029,1520,16000,1573,43029,California
Marin,2021-02-13,2345,61436,1250,33248,1095,28188,0,0,1125,26936,1218,17218,1125,44154,California
Marin,2021-02-14,824,62260,309,33557,515,28703,0,0,729,27571,95,17313,730,44884,California
Marin,2021-02-15,1232,63492,360,33917,872,29575,0,0,845,28031,386,17699,846,45730,California
Marin,2021-02-16,2484,65976,1063,34980,1421,30996,0,0,1512,28572,971,18670,1512,47242,California
Marin,2021-02-17,2118,68094,946,35926,1172,32168,0,0,1100,28657,1016,19686,1101,48343,California
Marin,2021-02-18,2446,70540,1601,37527,845,33013,0,0,1068,28353,1372,21058,1068,49411,California
Marin,2021-02-19,2805,73345,2189,39716,616,33629,0,0,1246,28057,1543,22601,1247,50658,California
Marin,2021-02-20,2660,76005,2179,41895,481,34110,0,0,1255,27916,1398,23999,1257,51915,California
Marin,2021-02-21,1354,77359,1150,43045,204,34314,0,0,951,28469,398,24397,951,52866,California
Marin,2021-02-22,1906,79265,1462,44507,444,34758,0,0,1258,29083,644,25041,1258,54124,California
Marin,2021-02-23,2977,82242,1714,46221,1263,36021,0,0,1999,30121,962,26003,2000,56124,California
Marin,2021-02-24,3626,85868,1667,47888,1959,37980,0,0,2320,31147,1295,27298,2321,58445,California
Marin,2021-02-25,4158,90026,1962,49850,2196,40176,0,0,2924,32851,1222,28520,2926,61371,California
Marin,2021-02-26,3693,93719,2011,51861,1682,41858,0,0,2662,34495,1019,29539,2663,64034,California
Marin,2021-02-27,2755,96474,1625,53486,1130,42988,0,0,1904,35556,845,30384,1906,65940,California
Marin,2021-02-28,1648,98122,927,54413,721,43709,0,0,1296,36505,347,30731,1296,67236,California
Marin,2021-03-01,2707,100829,1678,56091,1028,44737,1,1,1826,37460,872,31603,1827,69063,California
Marin,2021-03-02,2535,103364,1692,57783,842,45579,1,2,1735,38401,796,32399,1737,70800,California
Marin,2021-03-03,4357,107721,2429,60212,1924,47503,4,6,2823,39699,1529,33928,2827,73627,California
Marin,2021-03-04,3419,111140,1681,61893,1737,49240,1,7,2327,40946,1085,35013,2332,75959,California
Marin,2021-03-05,3090,114230,1182,63075,1895,51135,13,20,1807,41488,1278,36291,1820,77779,California
Marin,2021-03-06,3245,117475,2325,65400,841,51976,79,99,2666,43659,573,36864,2744,80523,California
Marin,2021-03-07,1440,118915,1180,66580,209,52185,51,150,1006,44285,429,37293,1055,81578,California
Marin,2021-03-08,1918,120833,1392,67972,399,52584,127,277,1428,45353,486,37779,1554,83132,California
Marin,2021-03-09,2240,123073,1342,69314,784,53368,114,391,1550,46327,687,38466,1661,84793,California
Marin,2021-03-10,4476,127549,2512,71826,1670,55038,294,685,3222,48593,1248,39714,3514,88307,California
Marin,2021-03-11,4599,132148,1891,73717,2571,57609,137,822,3296,50732,1294,41008,3433,91740,California
Marin,2021-03-12,4004,136152,1548,75265,2102,59711,354,1176,1562,50219,2427,43435,1914,93654,California
Marin,2021-03-13,4115,140267,2867,78132,1174,60885,74,1250,2394,50966,1714,45149,2461,96115,California
Marin,2021-03-14,2282,142549,1105,79237,1060,61945,117,1367,700,50199,1580,46729,813,96928,California
Marin,2021-03-15,3261,145810,1785,81022,1431,63376,45,1412,1200,49401,2043,48772,1245,98173,California
Marin,2021-03-16,4300,150110,2319,83341,1618,64994,363,1775,1450,48366,2846,51618,1811,99984,California
Marin,2021-03-17,4230,154340,2292,85633,1884,66878,54,1829,2042,48287,2174,53792,2095,102079,California
Marin,2021-03-18,4511,158851,2284,87917,2152,69030,75,1904,2121,48110,2370,56162,2193,104272,California
Marin,2021-03-19,4494,163345,2310,90227,1964,70994,220,2124,2323,48489,2160,58322,2539,106811,California
Marin,2021-03-20,3598,166943,1999,92226,1487,72481,112,2236,1923,48862,1663,59985,2036,108847,California
Marin,2021-03-21,1553,168496,1153,93379,377,72858,23,2259,813,48960,737,60722,835,109682,California
Marin,2021-03-22,2512,171008,2166,95545,178,73036,168,2427,916,48454,1589,62311,1083,110765,California
Marin,2021-03-23,4314,175322,2263,97808,1922,74958,129,2556,1908,48093,2398,64709,2037,112802,California
Marin,2021-03-24,4479,179801,2911,100719,1454,76412,114,2670,1807,47354,2658,67367,1919,114721,California
Marin,2021-03-25,4665,184466,2843,103562,1750,78162,72,2742,2238,47252,2410,69777,2308,117029,California
Marin,2021-03-26,4321,188787,2354,105916,1753,79915,214,2956,2394,47948,1912,71689,2608,119637,California
Marin,2021-03-27,3716,192503,2666,108582,1031,80946,19,2975,1144,46549,2561,74250,1162,120799,California
Marin,2021-03-28,2391,194894,1721,110303,664,81610,6,2981,843,45857,1541,75791,849,121648,California
Marin,2021-03-29,2704,197598,2106,112409,573,82183,25,3006,1142,45465,1559,77350,1167,122815,California
Marin,2021-03-30,4668,202266,3652,116061,982,83165,34,3040,2951,46736,1714,79064,2985,125800,California
Marin,2021-03-31,5847,208113,4141,120202,1656,84821,50,3090,2547,46045,3288,82352,2597,128397,California
Marin,2021-04-01,4471,212584,2290,122492,1920,86741,261,3351,2115,46075,2342,84694,2372,130769,California
Marin,2021-04-02,3747,216331,1855,124347,1519,88260,373,3724,2007,46713,1732,86426,2370,133139,California
Marin,2021-04-03,3873,220204,2522,126869,970,89230,381,4105,1463,46158,2398,88824,1843,134982,California
Marin,2021-04-04,1649,221853,1241,128110,207,89437,201,4306,1200,47111,447,89271,1400,136382,California
Marin,2021-04-05,2232,224085,1542,129652,313,89750,377,4683,1281,47819,947,90218,1655,138037,California
Marin,2021-04-06,4001,228086,2122,131774,1321,91071,558,5241,2216,48813,1776,91994,2770,140807,California
Marin,2021-04-07,4000,232086,2019,133793,1334,92405,647,5888,1464,48395,2526,94520,2108,142915,California
Marin,2021-04-08,5068,237154,1978,135771,2479,94884,611,6499,2309,48560,2746,97266,2911,145826,California
Marin,2021-04-09,4007,241161,1566,137337,1709,96593,732,7231,1323,47932,2679,99945,2051,147877,California
Marin,2021-04-10,3229,244390,1486,138823,1306,97899,437,7668,1452,48052,1763,101708,1883,149760,California
Marin,2021-04-11,1072,245462,815,139638,94,97993,163,7831,478,48100,592,102300,640,150400,California
Marin,2021-04-12,1755,247217,1244,140882,349,98342,162,7993,918,48348,833,103133,1081,151481,California
Marin,2021-04-13,3805,251022,2334,143216,1464,99806,7,8000,1379,47321,2413,105546,1386,152867,California
Marin,2021-04-14,4274,255296,2560,145776,1711,101517,3,8003,1752,46577,2497,108043,1753,154620,California
Marin,2021-04-15,5649,260945,3988,149764,1661,103178,0,8003,3231,47407,2402,110445,3232,157852,California
Marin,2021-04-16,4308,265253,2263,152027,2042,105220,3,8006,2094,47306,2199,112644,2098,159950,California
Marin,2021-04-17,3591,268844,2181,154208,1410,106630,0,8006,1794,47312,1790,114434,1796,161746,California
Marin,2021-04-18,3243,272087,3142,157350,101,106731,0,8006,2557,49186,683,115117,2557,164303,California
Marin,2021-04-19,2070,274157,1892,159242,177,106908,1,8007,1153,49432,909,116026,1155,165458,California
Marin,2021-04-20,3802,277959,2642,161884,1160,108068,0,8007,1484,48610,2307,118333,1485,166943,California
Marin,2021-04-21,4156,282115,3062,164946,1091,109159,3,8010,1405,47283,2733,121066,1406,168349,California
Marin,2021-04-22,4294,286409,3274,168220,1020,110179,0,8010,1503,46011,2779,123845,1507,169856,California
Marin,2021-04-23,3292,289701,1858,170078,1434,111613,0,8010,1256,45244,2024,125869,1257,171113,California
Marin,2021-04-24,2523,292224,1683,171761,839,112452,1,8011,922,44579,1589,127458,924,172037,California
Marin,2021-04-25,1385,293609,1263,173024,122,112574,0,8011,302,43806,1075,128533,302,172339,California
Marin,2021-04-26,1667,295276,1430,174454,234,112808,3,8014,410,42966,1254,129787,414,172753,California
Marin,2021-04-27,3084,298360,2222,176676,811,113619,51,8065,1010,41957,2066,131853,1057,173810,California
Marin,2021-04-28,2352,300712,1625,178301,676,114295,51,8116,740,41140,1607,133460,790,174600,California
Marin,2021-04-29,2944,303656,2020,180321,861,115156,63,8179,821,39912,2113,135573,885,175485,California
Marin,2021-04-30,1989,305645,1290,181611,612,115768,87,8266,704,39427,1276,136849,791,176276,California
Marin,2021-05-01,1840,307485,1026,182637,791,116559,23,8289,541,38700,1290,138139,563,176839,California
Marin,2021-05-02,732,308217,590,183227,113,116672,29,8318,201,38404,525,138664,229,177068,California
Marin,2021-05-03,1225,309442,995,184222,174,116846,56,8374,262,37761,960,139624,317,177385,California
Marin,2021-05-04,2966,312408,1994,186216,880,117726,92,8466,478,35852,2479,142103,570,177955,California
Marin,2021-05-05,2794,315202,2032,188248,636,118362,126,8592,452,34094,2335,144438,577,178532,California
Marin,2021-05-06,3277,318479,2538,190786,650,119012,89,8681,427,31768,2839,147277,513,179045,California
Marin,2021-05-07,2056,320535,1551,192337,419,119431,86,8767,384,30569,1666,148943,467,179512,California
Marin,2021-05-08,2506,323041,1899,194236,485,119916,122,8889,349,28892,2148,151091,471,179983,California
Marin,2021-05-09,990,324031,899,195135,72,119988,19,8908,112,28149,875,151966,132,180115,California
Marin,2021-05-10,1421,325452,1159,196294,192,120180,70,8978,205,27212,1211,153177,274,180389,California
Marin,2021-05-11,2352,327804,1870,198164,425,120605,57,9035,307,25533,2042,155219,363,180752,California
Marin,2021-05-12,1867,329671,1468,199632,330,120935,69,9104,299,24337,1562,156781,366,181118,California
Marin,2021-05-13,2684,332355,2295,201927,334,121269,55,9159,1417,24551,1257,158038,1471,182589,California
Marin,2021-05-14,2206,334561,1451,203378,655,121924,100,9259,882,24215,1317,159355,981,183570,California
Marin,2021-05-15,2760,337321,2279,205657,401,122325,80,9339,1673,24883,1085,160440,1753,185323,California
Marin,2021-05-16,1726,339047,1664,207321,54,122379,8,9347,1398,25963,326,160766,1406,186729,California
Marin,2021-05-17,2145,341192,1993,209314,109,122488,43,9390,1705,27278,433,161199,1748,188477,California
Marin,2021-05-18,1537,342729,1192,210506,290,122778,55,9445,792,27385,738,161937,845,189322,California
Marin,2021-05-19,1572,344301,1243,211749,257,123035,72,9517,772,27433,794,162731,842,190164,California
Marin,2021-05-20,1838,346139,1498,213247,254,123289,86,9603,751,27194,1077,163808,838,191002,California
Marin,2021-05-21,1475,347614,848,214095,578,123867,49,9652,438,26651,1030,164838,487,191489,California
Marin,2021-05-22,1438,349052,1088,215183,292,124159,58,9710,966,27209,466,165304,1024,192513,California
Marin,2021-05-23,486,349538,431,215614,43,124202,12,9722,226,27190,258,165562,239,192752,California
Marin,2021-05-24,671,350209,497,216111,134,124336,40,9762,351,27264,316,165878,390,193142,California
Marin,2021-05-25,1007,351216,627,216738,334,124670,46,9808,317,26942,682,166560,360,193502,California
Marin,2021-05-26,729,351945,492,217230,187,124857,50,9858,262,26792,462,167022,312,193814,California
Marin,2021-05-27,1032,352977,662,217892,291,125148,79,9937,340,26522,689,167711,419,194233,California
Marin,2021-05-28,1109,354086,722,218614,307,125455,80,10017,328,26152,777,168488,407,194640,California
Marin,2021-05-29,374,354460,217,218831,147,125602,10,10027,206,26200,168,168656,216,194856,California
Marin,2021-05-30,97,354557,57,218888,35,125637,5,10032,55,26219,41,168697,60,194916,California
Marin,2021-05-31,28,354585,14,218902,13,125650,1,10033,14,26220,14,168711,15,194931,California
Marin,2021-06-01,756,355341,549,219451,162,125812,45,10078,318,26148,434,169145,362,195293,California
Marin,2021-06-02,629,355970,477,219928,100,125912,52,10130,217,26007,408,169553,267,195560,California
Marin,2021-06-03,1501,357471,1328,221256,114,126026,59,10189,231,25029,1268,170821,290,195850,California
Marin,2021-06-04,1035,358506,862,222118,139,126165,34,10223,185,24401,845,171666,217,196067,California
Marin,2021-06-05,1931,360437,1713,223831,170,126335,48,10271,319,23164,1604,173270,367,196434,California
Marin,2021-06-06,1410,361847,1363,225194,13,126348,34,10305,154,22097,1255,174525,188,196622,California
Marin,2021-06-07,1942,363789,1825,227019,67,126415,50,10355,241,20693,1695,176220,291,196913,California
Marin,2021-06-08,981,364770,870,227889,70,126485,41,10396,231,20222,743,176963,272,197185,California
Marin,2021-06-09,745,365515,669,228558,66,126551,10,10406,137,19762,607,177570,147,197332,California
Marin,2021-06-10,883,366398,771,229329,61,126612,51,10457,177,19288,702,178272,228,197560,California
Marin,2021-06-11,698,367096,582,229911,84,126696,32,10489,151,18925,546,178818,183,197743,California
Marin,2021-06-12,924,368020,793,230704,89,126785,42,10531,153,18351,769,179587,195,197938,California
Marin,2021-06-13,417,368437,385,231089,21,126806,11,10542,65,18079,348,179935,76,198014,California
Marin,2021-06-14,874,369311,746,231835,80,126886,48,10590,213,17682,656,180591,259,198273,California
Marin,2021-06-15,554,369865,442,232277,86,126972,26,10616,174,17504,378,180969,200,198473,California
Marin,2021-06-16,493,370358,402,232679,45,127017,46,10662,160,17383,326,181295,205,198678,California
Marin,2021-06-17,557,370915,479,233158,46,127063,32,10694,193,17245,362,181657,224,198902,California
Marin,2021-06-18,495,371410,380,233538,77,127140,38,10732,172,17138,316,181973,209,199111,California
Marin,2021-06-19,364,371774,292,233830,37,127177,35,10767,144,17096,219,182192,177,199288,California
Marin,2021-06-20,114,371888,89,233919,14,127191,11,10778,48,17089,66,182258,59,199347,California
Marin,2021-06-21,350,372238,248,234167,46,127237,56,10834,139,17074,210,182468,195,199542,California
Marin,2021-06-22,450,372688,350,234517,69,127306,31,10865,138,16935,308,182776,169,199711,California
Marin,2021-06-23,358,373046,295,234812,30,127336,33,10898,119,16848,238,183014,151,199862,California
Marin,2021-06-24,395,373441,304,235116,42,127378,49,10947,132,16768,259,183273,179,200041,California
Marin,2021-06-25,378,373819,276,235392,59,127437,43,10990,171,16777,205,183478,214,200255,California
Marin,2021-06-26,322,374141,271,235663,20,127457,31,11021,116,16718,206,183684,147,200402,California
Marin,2021-06-27,209,374350,161,235824,22,127479,26,11047,68,16672,139,183823,93,200495,California
Marin,2021-06-28,394,374744,335,236159,31,127510,28,11075,134,16576,258,184081,162,200657,California
Marin,2021-06-29,434,375178,340,236499,58,127568,36,11111,152,16485,279,184360,188,200845,California
Marin,2021-06-30,265,375443,229,236728,23,127591,13,11124,113,16461,150,184510,126,200971,California
Marin,2021-07-01,257,375700,198,236926,43,127634,16,11140,102,16425,154,184664,118,201089,California
Marin,2021-07-02,368,376068,294,237220,40,127674,34,11174,147,16388,217,184881,180,201269,California
Marin,2021-07-03,273,376341,221,237441,21,127695,31,11205,115,16376,158,185039,146,201415,California
Marin,2021-07-05,115,376456,88,237529,11,127706,16,11221,40,16357,74,185113,55,201470,California
Marin,2021-07-06,374,376830,302,237831,35,127741,37,11258,130,16284,238,185351,165,201635,California
Marin,2021-07-07,156,376986,124,237955,20,127761,12,11270,54,16250,98,185449,64,201699,California
Mariposa,2020-12-17,38,38,38,38,0,0,0,0,40,40,0,0,40,40,California
Mariposa,2020-12-18,55,93,55,93,0,0,0,0,56,96,0,0,56,96,California
Mariposa,2020-12-20,2,95,2,95,0,0,0,0,2,98,0,0,2,98,California
Mariposa,2020-12-21,49,144,49,144,0,0,0,0,53,151,0,0,53,151,California
Mariposa,2020-12-22,5,149,5,149,0,0,0,0,5,156,0,0,5,156,California
Mariposa,2020-12-23,16,165,16,165,0,0,0,0,16,172,0,0,16,172,California
Mariposa,2020-12-24,1,166,0,165,1,1,0,0,0,172,1,1,1,173,California
Mariposa,2020-12-26,1,167,1,166,0,1,0,0,1,173,0,1,1,174,California
Mariposa,2020-12-27,1,168,0,166,1,2,0,0,1,174,0,1,1,175,California
Mariposa,2020-12-28,6,174,3,169,3,5,0,0,6,180,0,1,6,181,California
Mariposa,2020-12-29,33,207,3,172,30,35,0,0,33,213,0,1,33,214,California
Mariposa,2020-12-30,26,233,4,176,22,57,0,0,26,239,0,1,26,240,California
Mariposa,2020-12-31,17,250,0,176,17,74,0,0,17,256,0,1,17,257,California
Mariposa,2021-01-02,1,251,1,177,0,74,0,0,1,257,0,1,1,258,California
Mariposa,2021-01-04,9,260,2,179,7,81,0,0,9,266,0,1,9,267,California
Mariposa,2021-01-05,24,284,14,193,10,91,0,0,14,270,10,11,14,281,California
Mariposa,2021-01-06,6,290,3,196,3,94,0,0,3,270,3,14,3,284,California
Mariposa,2021-01-07,50,340,45,241,5,99,0,0,5,230,45,59,5,289,California
Mariposa,2021-01-08,110,450,80,321,30,129,0,0,34,188,76,135,34,323,California
Mariposa,2021-01-09,1,451,0,321,1,130,0,0,1,189,0,135,1,324,California
Mariposa,2021-01-11,31,482,10,331,21,151,0,0,23,204,8,143,23,347,California
Mariposa,2021-01-12,19,501,4,335,15,166,0,0,15,215,4,147,15,362,California
Mariposa,2021-01-13,22,523,4,339,18,184,0,0,19,231,3,150,19,381,California
Mariposa,2021-01-14,74,597,7,346,67,251,0,0,68,293,6,156,68,449,California
Mariposa,2021-01-15,68,665,27,373,41,292,0,0,58,341,10,166,58,507,California
Mariposa,2021-01-16,14,679,2,375,12,304,0,0,13,353,1,167,13,520,California
Mariposa,2021-01-17,3,682,1,376,2,306,0,0,2,354,1,168,2,522,California
Mariposa,2021-01-18,4,686,3,379,1,307,0,0,2,354,2,170,2,524,California
Mariposa,2021-01-19,8,694,4,383,4,311,0,0,5,357,2,172,5,529,California
Mariposa,2021-01-20,24,718,1,384,23,334,0,0,23,379,1,173,23,552,California
Mariposa,2021-01-21,66,784,8,392,58,392,0,0,62,437,4,177,62,614,California
Mariposa,2021-01-22,56,840,3,395,53,445,0,0,56,493,0,177,56,670,California
Mariposa,2021-01-23,116,956,2,397,114,559,0,0,114,605,2,179,114,784,California
Mariposa,2021-01-24,2,958,2,399,0,559,0,0,2,607,0,179,2,786,California
Mariposa,2021-01-25,4,962,1,400,3,562,0,0,0,603,4,183,0,786,California
Mariposa,2021-01-26,37,999,3,403,34,596,0,0,4,578,33,216,8,794,California
Mariposa,2021-01-27,26,1025,2,405,24,620,0,0,13,579,12,228,13,807,California
Mariposa,2021-01-28,127,1152,3,408,124,744,0,0,114,681,12,240,114,921,California
Mariposa,2021-01-29,94,1246,23,431,71,815,0,0,93,773,1,241,93,1014,California
Mariposa,2021-01-30,9,1255,1,432,8,823,0,0,8,780,1,242,8,1022,California
Mariposa,2021-01-31,1,1256,0,432,1,824,0,0,1,781,0,242,1,1023,California
Mariposa,2021-02-01,93,1349,32,464,61,885,0,0,72,832,21,263,72,1095,California
Mariposa,2021-02-02,14,1363,3,467,11,896,0,0,8,834,6,269,8,1103,California
Mariposa,2021-02-03,20,1383,1,468,19,915,0,0,13,841,6,275,13,1116,California
Mariposa,2021-02-04,98,1481,8,476,90,1005,0,0,93,931,4,279,94,1210,California
Mariposa,2021-02-05,193,1674,5,481,188,1193,0,0,166,1070,27,306,166,1376,California
Mariposa,2021-02-06,11,1685,4,485,7,1200,0,0,10,1079,1,307,10,1386,California
Mariposa,2021-02-07,1,1686,0,485,1,1201,0,0,1,1080,0,307,1,1387,California
Mariposa,2021-02-08,42,1728,2,487,40,1241,0,0,23,1084,19,326,23,1410,California
Mariposa,2021-02-09,45,1773,25,512,20,1261,0,0,39,1117,6,332,39,1449,California
Mariposa,2021-02-10,28,1801,5,517,23,1284,0,0,17,1130,10,342,23,1472,California
Mariposa,2021-02-11,378,2179,6,523,372,1656,0,0,362,1479,16,358,365,1837,California
Mariposa,2021-02-12,188,2367,8,531,180,1836,0,0,144,1579,44,402,144,1981,California
Mariposa,2021-02-13,12,2379,3,534,9,1845,0,0,10,1587,2,404,10,1991,California
Mariposa,2021-02-14,8,2387,4,538,4,1849,0,0,5,1589,3,407,5,1996,California
Mariposa,2021-02-15,9,2396,3,541,6,1855,0,0,7,1594,2,409,7,2003,California
Mariposa,2021-02-16,60,2456,36,577,24,1879,0,0,36,1607,24,433,37,2040,California
Mariposa,2021-02-17,37,2493,9,586,28,1907,0,0,27,1626,9,442,28,2068,California
Mariposa,2021-02-18,57,2550,7,593,50,1957,0,0,20,1609,37,479,20,2088,California
Mariposa,2021-02-19,83,2633,4,597,79,2036,0,0,74,1675,9,488,75,2163,California
Mariposa,2021-02-20,256,2889,4,601,252,2288,0,0,224,1869,30,518,224,2387,California
Mariposa,2021-02-21,240,3129,4,605,236,2524,0,0,238,2106,1,519,238,2625,California
Mariposa,2021-02-22,24,3153,9,614,15,2539,0,0,21,2124,3,522,21,2646,California
Mariposa,2021-02-23,43,3196,37,651,6,2545,0,0,25,2131,18,540,25,2671,California
Mariposa,2021-02-24,21,3217,3,654,18,2563,0,0,8,2127,12,552,8,2679,California
Mariposa,2021-02-25,18,3235,9,663,9,2572,0,0,12,2133,6,558,12,2691,California
Mariposa,2021-02-26,421,3656,7,670,414,2986,0,0,354,2421,67,625,355,3046,California
Mariposa,2021-02-27,172,3828,7,677,165,3151,0,0,161,2571,11,636,161,3207,California
Mariposa,2021-02-28,2,3830,1,678,1,3152,0,0,0,2569,2,638,0,3207,California
Mariposa,2021-03-01,87,3917,26,704,61,3213,0,0,18,2519,68,706,18,3225,California
Mariposa,2021-03-02,21,3938,14,718,7,3220,0,0,11,2521,9,715,11,3236,California
Mariposa,2021-03-03,72,4010,6,724,66,3286,0,0,66,2582,6,721,67,3303,California
Mariposa,2021-03-04,43,4053,10,734,33,3319,0,0,21,2582,22,743,22,3325,California
Mariposa,2021-03-05,63,4116,10,744,53,3372,0,0,40,2606,23,766,47,3372,California
Mariposa,2021-03-06,17,4133,7,751,10,3382,0,0,7,2604,10,776,8,3380,California
Mariposa,2021-03-07,1,4134,1,752,0,3382,0,0,0,2603,1,777,0,3380,California
Mariposa,2021-03-08,39,4173,4,756,24,3406,11,11,9,2593,30,807,20,3400,California
Mariposa,2021-03-09,46,4219,18,774,18,3424,10,21,14,2585,32,839,24,3424,California
Mariposa,2021-03-10,34,4253,12,786,12,3436,10,31,10,2582,23,862,20,3444,California
Mariposa,2021-03-11,471,4724,6,792,445,3881,20,51,222,2579,248,1110,245,3689,California
Mariposa,2021-03-12,255,4979,8,800,219,4100,28,79,108,2567,147,1257,135,3824,California
Mariposa,2021-03-13,36,5015,6,806,15,4115,15,94,13,2571,23,1280,27,3851,California
Mariposa,2021-03-14,18,5033,2,808,5,4120,11,105,3,2571,14,1294,14,3865,California
Mariposa,2021-03-15,78,5111,8,816,31,4151,39,144,32,2595,46,1340,70,3935,California
Mariposa,2021-03-16,82,5193,34,850,14,4165,34,178,24,2595,58,1398,58,3993,California
Mariposa,2021-03-17,73,5266,11,861,54,4219,8,186,52,2635,21,1419,61,4054,California
Mariposa,2021-03-18,66,5332,16,877,41,4260,9,195,42,2662,24,1443,51,4105,California
Mariposa,2021-03-19,340,5672,11,888,324,4584,5,200,303,2933,37,1480,308,4413,California
Mariposa,2021-03-20,426,6098,7,895,417,5001,2,202,42,2595,384,1864,46,4459,California
Mariposa,2021-03-21,15,6113,9,904,5,5006,1,203,10,2602,4,1868,11,4470,California
Mariposa,2021-03-22,38,6151,8,912,22,5028,8,211,25,2624,13,1881,35,4505,California
Mariposa,2021-03-23,55,6206,35,947,10,5038,10,221,34,2647,21,1902,44,4549,California
Mariposa,2021-03-24,57,6263,6,953,49,5087,2,223,52,2696,5,1907,54,4603,California
Mariposa,2021-03-25,77,6340,16,969,53,5140,8,231,54,2737,21,1928,62,4665,California
Mariposa,2021-03-26,490,6830,10,979,479,5619,1,232,252,2752,238,2166,253,4918,California
Mariposa,2021-03-27,223,7053,8,987,215,5834,0,232,88,2707,135,2301,90,5008,California
Mariposa,2021-03-28,5,7058,0,987,2,5836,3,235,1,2707,4,2305,4,5012,California
Mariposa,2021-03-29,20,7078,6,993,14,5850,0,235,12,2711,8,2313,12,5024,California
Mariposa,2021-03-30,37,7115,13,1006,8,5858,16,251,14,2718,23,2336,30,5054,California
Mariposa,2021-03-31,89,7204,16,1022,66,5924,7,258,68,2772,21,2357,75,5129,California
Mariposa,2021-04-01,55,7259,11,1033,35,5959,9,267,34,2794,21,2378,43,5172,California
Mariposa,2021-04-02,350,7609,13,1046,334,6293,3,270,307,3062,42,2420,310,5482,California
Mariposa,2021-04-03,11,7620,8,1054,3,6296,0,270,6,3063,5,2425,6,5488,California
Mariposa,2021-04-04,2,7622,1,1055,0,6296,1,271,0,3062,2,2427,1,5489,California
Mariposa,2021-04-05,34,7656,23,1078,7,6303,4,275,16,3065,18,2445,21,5510,California
Mariposa,2021-04-06,43,7699,21,1099,6,6309,16,291,13,3065,29,2474,29,5539,California
Mariposa,2021-04-07,99,7798,7,1106,73,6382,19,310,28,3041,71,2545,47,5586,California
Mariposa,2021-04-08,280,8078,16,1122,245,6627,19,329,145,3073,133,2678,165,5751,California
Mariposa,2021-04-09,39,8117,9,1131,15,6642,15,344,11,3071,28,2706,26,5777,California
Mariposa,2021-04-10,203,8320,4,1135,189,6831,10,354,187,3253,14,2720,196,5973,California
Mariposa,2021-04-11,124,8444,4,1139,118,6949,2,356,57,3246,67,2787,60,6033,California
Mariposa,2021-04-12,43,8487,14,1153,27,6976,2,358,14,3233,29,2816,16,6049,California
Mariposa,2021-04-13,53,8540,46,1199,7,6983,0,358,34,3248,19,2835,34,6083,California
Mariposa,2021-04-14,113,8653,9,1208,104,7087,0,358,58,3252,54,2889,58,6141,California
Mariposa,2021-04-15,58,8711,16,1224,42,7129,0,358,41,3279,14,2903,41,6182,California
Mariposa,2021-04-16,381,9092,11,1235,370,7499,0,358,106,3110,275,3178,106,6288,California
Mariposa,2021-04-17,10,9102,6,1241,4,7503,0,358,8,3116,2,3180,8,6296,California
Mariposa,2021-04-18,7,9109,0,1241,7,7510,0,358,3,3115,4,3184,3,6299,California
Mariposa,2021-04-19,58,9167,26,1267,32,7542,0,358,30,3119,26,3210,30,6329,California
Mariposa,2021-04-20,62,9229,48,1315,14,7556,0,358,37,3133,23,3233,37,6366,California
Mariposa,2021-04-21,93,9322,15,1330,78,7634,0,358,43,3127,49,3282,43,6409,California
Mariposa,2021-04-22,51,9373,11,1341,40,7674,0,358,38,3153,12,3294,38,6447,California
Mariposa,2021-04-23,316,9689,71,1412,245,7919,0,358,145,3129,171,3465,147,6594,California
Mariposa,2021-04-24,106,9795,10,1422,96,8015,0,358,43,3110,62,3527,43,6637,California
Mariposa,2021-04-26,17,9812,12,1434,5,8020,0,358,6,3105,11,3538,6,6643,California
Mariposa,2021-04-27,34,9846,17,1451,15,8035,2,360,15,3106,16,3554,17,6660,California
Mariposa,2021-04-28,73,9919,13,1464,53,8088,7,367,27,3094,46,3600,34,6694,California
Mariposa,2021-04-29,83,10002,12,1476,70,8158,1,368,78,3168,5,3605,79,6773,California
Mariposa,2021-04-30,210,10212,5,1481,200,8358,5,373,62,3087,148,3753,67,6840,California
Mariposa,2021-05-01,3,10215,2,1483,1,8359,0,373,1,3086,2,3755,1,6841,California
Mariposa,2021-05-02,3,10218,2,1485,0,8359,1,374,0,3084,3,3758,1,6842,California
Mariposa,2021-05-03,16,10234,12,1497,3,8362,1,375,7,3083,9,3767,8,6850,California
Mariposa,2021-05-04,50,10284,31,1528,15,8377,4,379,37,3111,13,3780,41,6891,California
Mariposa,2021-05-05,57,10341,9,1537,46,8423,2,381,18,3092,39,3819,20,6911,California
Mariposa,2021-05-06,57,10398,36,1573,16,8439,5,386,40,3120,17,3836,45,6956,California
Mariposa,2021-05-07,28,10426,8,1581,17,8456,3,389,13,3121,15,3851,16,6972,California
Mariposa,2021-05-08,282,10708,7,1588,275,8731,0,389,33,2907,249,4100,35,7007,California
Mariposa,2021-05-09,2,10710,1,1589,1,8732,0,389,0,2905,2,4102,0,7007,California
Mariposa,2021-05-10,20,10730,9,1598,9,8741,2,391,5,2897,15,4117,7,7014,California
Mariposa,2021-05-11,28,10758,18,1616,10,8751,0,391,21,2912,6,4123,21,7035,California
Mariposa,2021-05-12,68,10826,4,1620,58,8809,6,397,6,2862,62,4185,12,7047,California
Mariposa,2021-05-13,48,10874,8,1628,38,8847,2,399,13,2842,35,4220,15,7062,California
Mariposa,2021-05-14,249,11123,121,1749,121,8968,7,406,117,2834,132,4352,124,7186,California
Mariposa,2021-05-15,19,11142,9,1758,8,8976,2,408,11,2840,6,4358,12,7198,California
Mariposa,2021-05-16,3,11145,1,1759,1,8977,1,409,1,2840,2,4360,2,7200,California
Mariposa,2021-05-17,18,11163,7,1766,7,8984,4,413,7,2839,11,4371,10,7210,California
Mariposa,2021-05-18,63,11226,43,1809,15,8999,5,418,46,2874,16,4387,51,7261,California
Mariposa,2021-05-19,71,11297,32,1841,38,9037,1,419,52,2909,18,4405,53,7314,California
Mariposa,2021-05-20,33,11330,18,1859,13,9050,2,421,12,2902,21,4426,14,7328,California
Mariposa,2021-05-21,94,11424,9,1868,83,9133,2,423,43,2898,49,4475,45,7373,California
Mariposa,2021-05-22,49,11473,7,1875,41,9174,1,424,18,2886,31,4506,19,7392,California
Mariposa,2021-05-23,4,11477,2,1877,1,9175,1,425,2,2887,2,4508,3,7395,California
Mariposa,2021-05-24,14,11491,8,1885,4,9179,2,427,8,2891,6,4514,10,7405,California
Mariposa,2021-05-25,26,11517,16,1901,10,9189,0,427,18,2901,8,4522,18,7423,California
Mariposa,2021-05-26,35,11552,4,1905,27,9216,4,431,28,2926,7,4529,32,7455,California
Mariposa,2021-05-27,120,11672,64,1969,55,9271,1,432,62,2931,58,4587,63,7518,California
Mariposa,2021-05-28,65,11737,5,1974,56,9327,4,436,23,2916,42,4629,27,7545,California
Mariposa,2021-05-29,8,11745,2,1976,5,9332,1,437,3,2917,3,4632,4,7549,California
Mariposa,2021-05-30,1,11746,0,1976,0,9332,1,438,0,2917,1,4633,1,7550,California
Mariposa,2021-05-31,2,11748,0,1976,1,9333,1,439,0,2916,2,4635,1,7551,California
Mariposa,2021-06-01,14,11762,3,1979,11,9344,0,439,5,2912,9,4644,5,7556,California
Mariposa,2021-06-02,26,11788,14,1993,7,9351,5,444,6,2904,19,4663,11,7567,California
Mariposa,2021-06-03,20,11808,10,2003,7,9358,3,447,7,2901,13,4676,10,7577,California
Mariposa,2021-06-04,89,11897,78,2081,9,9367,2,449,26,2867,61,4737,27,7604,California
Mariposa,2021-06-05,30,11927,4,2085,24,9391,2,451,7,2853,23,4760,9,7613,California
Mariposa,2021-06-06,4,11931,3,2088,0,9391,1,452,1,2852,3,4763,2,7615,California
Mariposa,2021-06-07,9,11940,4,2092,5,9396,0,452,3,2850,5,4768,3,7618,California
Mariposa,2021-06-08,45,11985,34,2126,9,9405,2,454,13,2833,32,4800,15,7633,California
Mariposa,2021-06-09,28,12013,21,2147,2,9407,5,459,6,2822,22,4822,11,7644,California
Mariposa,2021-06-10,16,12029,8,2155,5,9412,3,462,6,2822,10,4832,10,7654,California
Mariposa,2021-06-11,43,12072,12,2167,23,9435,8,470,9,2805,34,4866,17,7671,California
Mariposa,2021-06-12,17,12089,11,2178,5,9440,1,471,3,2794,14,4880,3,7674,California
Mariposa,2021-06-13,1,12090,0,2178,0,9440,1,472,0,2794,1,4881,1,7675,California
Mariposa,2021-06-14,13,12103,4,2182,8,9448,1,473,5,2792,8,4889,6,7681,California
Mariposa,2021-06-15,24,12127,12,2194,11,9459,1,474,7,2783,17,4906,8,7689,California
Mariposa,2021-06-16,29,12156,13,2207,15,9474,1,475,8,2771,21,4927,9,7698,California
Mariposa,2021-06-17,11,12167,6,2213,5,9479,0,475,4,2768,7,4934,4,7702,California
Mariposa,2021-06-18,68,12235,49,2262,16,9495,3,478,33,2769,34,4968,35,7737,California
Mariposa,2021-06-19,18,12253,5,2267,13,9508,0,478,6,2763,12,4980,6,7743,California
Mariposa,2021-06-21,11,12264,4,2271,7,9515,0,478,7,2767,3,4983,7,7750,California
Mariposa,2021-06-22,23,12287,9,2280,11,9526,3,481,13,2773,10,4993,16,7766,California
Mariposa,2021-06-23,8,12295,2,2282,3,9529,3,484,4,2776,4,4997,7,7773,California
Mariposa,2021-06-24,11,12306,4,2286,7,9536,0,484,5,2775,6,5003,5,7778,California
Mariposa,2021-06-25,50,12356,22,2308,27,9563,1,485,17,2761,32,5035,18,7796,California
Mariposa,2021-06-26,1,12357,1,2309,0,9563,0,485,0,2760,1,5036,0,7796,California
Mariposa,2021-06-27,1,12358,0,2309,0,9563,1,486,0,2760,1,5037,1,7797,California
Mariposa,2021-06-28,1,12359,1,2310,0,9563,0,486,1,2761,0,5037,1,7798,California
Mariposa,2021-06-29,4,12363,0,2310,3,9566,1,487,2,2762,2,5039,3,7801,California
Mariposa,2021-06-30,2,12365,0,2310,1,9567,1,488,0,2761,2,5041,1,7802,California
Mariposa,2021-07-01,21,12386,17,2327,2,9569,2,490,8,2758,13,5054,10,7812,California
Mariposa,2021-07-02,1,12387,1,2328,0,9569,0,490,1,2759,0,5054,1,7813,California
Mariposa,2021-07-05,4,12391,1,2329,2,9571,1,491,1,2758,3,5057,2,7815,California
Mariposa,2021-07-06,9,12400,2,2331,2,9573,5,496,1,2756,8,5065,6,7821,California
Mariposa,2021-07-07,8,12408,6,2337,1,9574,1,497,4,2757,4,5069,5,7826,California
Mendocino,2020-12-17,70,70,70,70,0,0,0,0,70,70,0,0,70,70,California
Mendocino,2020-12-18,85,155,84,154,1,1,0,0,84,154,0,0,84,154,California
Mendocino,2020-12-19,4,159,4,158,0,1,0,0,4,158,0,0,4,158,California
Mendocino,2020-12-20,7,166,7,165,0,1,0,0,7,165,0,0,7,165,California
Mendocino,2020-12-21,238,404,238,403,0,1,0,0,77,242,0,0,77,242,California
Mendocino,2020-12-22,253,657,192,595,61,62,0,0,253,495,0,0,253,495,California
Mendocino,2020-12-23,272,929,48,643,224,286,0,0,271,766,0,0,271,766,California
Mendocino,2020-12-24,49,978,8,651,41,327,0,0,49,815,0,0,49,815,California
Mendocino,2020-12-25,1,979,0,651,1,328,0,0,1,816,0,0,1,816,California
Mendocino,2020-12-26,2,981,2,653,0,328,0,0,2,818,0,0,2,818,California
Mendocino,2020-12-27,1,982,0,653,1,329,0,0,1,819,0,0,1,819,California
Mendocino,2020-12-28,74,1056,9,662,65,394,0,0,74,893,0,0,74,893,California
Mendocino,2020-12-29,122,1178,61,723,61,455,0,0,122,1015,0,0,122,1015,California
Mendocino,2020-12-30,122,1300,69,792,53,508,0,0,122,1137,0,0,122,1137,California
Mendocino,2020-12-31,132,1432,97,889,35,543,0,0,132,1269,0,0,132,1269,California
Mendocino,2021-01-01,10,1442,7,896,3,546,0,0,10,1279,0,0,10,1279,California
Mendocino,2021-01-02,1,1443,1,897,0,546,0,0,1,1280,0,0,1,1280,California
Mendocino,2021-01-04,838,2281,18,915,820,1366,0,0,838,2118,0,0,838,2118,California
Mendocino,2021-01-05,71,2352,36,951,35,1401,0,0,58,2163,13,13,58,2176,California
Mendocino,2021-01-06,158,2510,136,1087,22,1423,0,0,148,2301,10,23,148,2324,California
Mendocino,2021-01-07,361,2871,239,1326,122,1545,0,0,298,2536,63,86,298,2622,California
Mendocino,2021-01-08,95,2966,82,1408,13,1558,0,0,41,2524,54,140,42,2664,California
Mendocino,2021-01-09,10,2976,6,1414,4,1562,0,0,8,2530,2,142,8,2672,California
Mendocino,2021-01-10,9,2985,8,1422,1,1563,0,0,2,2525,7,149,2,2674,California
Mendocino,2021-01-11,103,3088,93,1515,10,1573,0,0,45,2513,57,206,45,2719,California
Mendocino,2021-01-12,389,3477,379,1894,10,1583,0,0,272,2668,117,323,272,2991,California
Mendocino,2021-01-13,497,3974,150,2044,347,1930,0,0,451,3076,44,367,452,3443,California
Mendocino,2021-01-14,657,4631,21,2065,636,2566,0,0,648,3715,9,376,648,4091,California
Mendocino,2021-01-15,1879,6510,868,2933,1011,3577,0,0,1874,5585,5,381,1875,5966,California
Mendocino,2021-01-16,789,7299,48,2981,741,4318,0,0,787,6370,2,383,787,6753,California
Mendocino,2021-01-17,554,7853,1,2982,553,4871,0,0,553,6922,1,384,553,7306,California
Mendocino,2021-01-18,487,8340,462,3444,25,4896,0,0,475,7385,12,396,475,7781,California
Mendocino,2021-01-19,337,8677,151,3595,186,5082,0,0,159,7366,178,574,159,7940,California
Mendocino,2021-01-20,559,9236,410,4005,149,5231,0,0,452,7714,105,679,453,8393,California
Mendocino,2021-01-21,539,9775,226,4231,313,5544,0,0,352,7880,186,865,352,8745,California
Mendocino,2021-01-22,152,9927,61,4292,91,5635,0,0,112,7952,40,905,112,8857,California
Mendocino,2021-01-23,155,10082,84,4376,71,5706,0,0,149,8095,6,911,149,9006,California
Mendocino,2021-01-24,5,10087,3,4379,2,5708,0,0,5,8100,0,911,5,9011,California
Mendocino,2021-01-25,192,10279,18,4397,174,5882,0,0,122,8152,70,981,122,9133,California
Mendocino,2021-01-26,154,10433,54,4451,100,5982,0,0,95,8188,59,1040,95,9228,California
Mendocino,2021-01-27,445,10878,374,4825,71,6053,0,0,178,8106,260,1300,178,9406,California
Mendocino,2021-01-28,603,11481,541,5366,62,6115,0,0,507,8518,95,1395,507,9913,California
Mendocino,2021-01-29,392,11873,352,5718,40,6155,0,0,363,8853,29,1424,364,10277,California
Mendocino,2021-01-30,50,11923,31,5749,19,6174,0,0,43,8889,7,1431,43,10320,California
Mendocino,2021-01-31,275,12198,2,5751,273,6447,0,0,4,8622,271,1702,4,10324,California
Mendocino,2021-02-01,383,12581,54,5805,329,6776,0,0,60,8359,323,2025,60,10384,California
Mendocino,2021-02-02,747,13328,526,6331,221,6997,0,0,385,8382,362,2387,385,10769,California
Mendocino,2021-02-03,398,13726,209,6540,189,7186,0,0,226,8438,170,2557,226,10995,California
Mendocino,2021-02-04,630,14356,534,7074,96,7282,0,0,502,8812,128,2685,502,11497,California
Mendocino,2021-02-05,1307,15663,1217,8291,90,7372,0,0,588,8683,717,3402,588,12085,California
Mendocino,2021-02-06,558,16221,159,8450,399,7771,0,0,543,9211,15,3417,543,12628,California
Mendocino,2021-02-07,34,16255,30,8480,4,7775,0,0,34,9245,0,3417,34,12662,California
Mendocino,2021-02-08,753,17008,720,9200,33,7808,0,0,287,9066,466,3883,287,12949,California
Mendocino,2021-02-09,143,17151,60,9260,83,7891,0,0,89,9101,54,3937,89,13038,California
Mendocino,2021-02-10,1491,18642,925,10185,566,8457,0,0,743,9103,741,4678,743,13781,California
Mendocino,2021-02-11,1214,19856,209,10394,1005,9462,0,0,298,8485,916,5594,298,14079,California
Mendocino,2021-02-12,1459,21315,162,10556,1297,10759,0,0,658,8343,800,6394,658,14737,California
Mendocino,2021-02-13,506,21821,14,10570,492,11251,0,0,104,8051,401,6795,109,14846,California
Mendocino,2021-02-14,695,22516,4,10574,691,11942,0,0,135,7626,560,7355,135,14981,California
Mendocino,2021-02-15,336,22852,43,10617,293,12235,0,0,177,7645,158,7513,177,15158,California
Mendocino,2021-02-16,200,23052,51,10668,149,12384,0,0,128,7701,72,7585,128,15286,California
Mendocino,2021-02-17,1376,24428,1213,11881,163,12547,0,0,886,8099,488,8073,886,16172,California
Mendocino,2021-02-18,1831,26259,686,12567,1145,13692,0,0,1235,8740,594,8667,1235,17407,California
Mendocino,2021-02-19,762,27021,153,12720,609,14301,0,0,618,9216,144,8811,620,18027,California
Mendocino,2021-02-20,578,27599,550,13270,28,14329,0,0,546,9732,30,8841,546,18573,California
Mendocino,2021-02-21,327,27926,9,13279,318,14647,0,0,314,10034,12,8853,314,18887,California
Mendocino,2021-02-22,167,28093,31,13310,136,14783,0,0,71,10011,94,8947,71,18958,California
Mendocino,2021-02-23,869,28962,855,14165,14,14797,0,0,653,10450,214,9161,653,19611,California
Mendocino,2021-02-24,1865,30827,1782,15947,83,14880,0,0,1439,11471,420,9581,1441,21052,California
Mendocino,2021-02-25,1719,32546,544,16491,1175,16055,0,0,1289,12332,428,10009,1289,22341,California
Mendocino,2021-02-26,1436,33982,768,17259,668,16723,0,0,1053,13005,380,10389,1053,23394,California
Mendocino,2021-02-27,203,34185,153,17412,50,16773,0,0,78,12959,124,10513,78,23472,California
Mendocino,2021-02-28,36,34221,14,17426,22,16795,0,0,23,12969,13,10526,23,23495,California
Mendocino,2021-03-01,593,34814,547,17973,46,16841,0,0,551,13481,39,10565,551,24046,California
Mendocino,2021-03-02,76,34890,28,18001,48,16889,0,0,42,13490,33,10598,42,24088,California
Mendocino,2021-03-03,2037,36927,1334,19335,703,17592,0,0,1385,14225,650,11248,1385,25473,California
Mendocino,2021-03-04,1854,38781,152,19487,1702,19294,0,0,1633,15642,218,11466,1635,27108,California
Mendocino,2021-03-05,481,39262,417,19904,55,19349,9,9,374,15922,103,11569,383,27491,California
Mendocino,2021-03-06,250,39512,25,19929,198,19547,27,36,206,16112,43,11612,233,27724,California
Mendocino,2021-03-07,526,40038,27,19956,479,20026,20,56,138,15882,387,11999,157,27881,California
Mendocino,2021-03-08,124,40162,28,19984,59,20085,37,93,64,15925,58,12057,101,27982,California
Mendocino,2021-03-09,941,41103,598,20582,302,20387,41,134,832,16689,109,12166,873,28855,California
Mendocino,2021-03-10,1148,42251,984,21566,99,20486,65,199,266,16147,876,13042,334,29189,California
Mendocino,2021-03-11,849,43100,632,22198,162,20648,55,254,394,16144,452,13494,449,29638,California
Mendocino,2021-03-12,2069,45169,1058,23256,899,21547,112,366,1236,16665,827,14321,1348,30986,California
Mendocino,2021-03-13,705,45874,570,23826,77,21624,58,424,109,16240,592,14913,167,31153,California
Mendocino,2021-03-14,105,45979,3,23829,95,21719,7,431,12,16170,89,15002,19,31172,California
Mendocino,2021-03-15,604,46583,52,23881,493,22212,59,490,210,16047,391,15393,268,31440,California
Mendocino,2021-03-16,584,47167,389,24270,149,22361,46,536,116,15743,466,15859,162,31602,California
Mendocino,2021-03-17,1585,48752,1380,25650,57,22418,148,684,212,14745,1365,17224,367,31969,California
Mendocino,2021-03-18,1307,50059,247,25897,1023,23441,37,721,277,14037,1022,18246,314,32283,California
Mendocino,2021-03-19,1777,51836,855,26752,861,24302,61,782,321,12972,1449,19695,384,32667,California
Mendocino,2021-03-20,71,51907,11,26763,39,24341,21,803,13,12948,58,19753,34,32701,California
Mendocino,2021-03-21,8,51915,1,26764,2,24343,5,808,3,12951,5,19758,8,32709,California
Mendocino,2021-03-22,656,52571,611,27375,16,24359,29,837,146,12619,506,20264,174,32883,California
Mendocino,2021-03-23,165,52736,34,27409,101,24460,30,867,114,12712,51,20315,144,33027,California
Mendocino,2021-03-24,918,53654,843,28252,27,24487,48,915,111,12066,805,21120,159,33186,California
Mendocino,2021-03-25,2017,55671,54,28306,1943,26430,20,935,175,10423,1836,22956,193,33379,California
Mendocino,2021-03-26,548,56219,395,28701,127,26557,26,961,115,10131,432,23388,140,33519,California
Mendocino,2021-03-27,163,56382,33,28734,118,26675,12,973,83,10146,79,23467,94,33613,California
Mendocino,2021-03-28,28,56410,6,28740,18,26693,4,977,4,10131,23,23490,8,33621,California
Mendocino,2021-03-29,191,56601,99,28839,48,26741,44,1021,96,10176,95,23585,140,33761,California
Mendocino,2021-03-30,719,57320,634,29473,48,26789,37,1058,107,9711,609,24194,144,33905,California
Mendocino,2021-03-31,918,58238,280,29753,577,27366,61,1119,154,9165,761,24955,215,34120,California
Mendocino,2021-04-01,1756,59994,427,30180,1248,28614,81,1200,384,8268,1361,26316,464,34584,California
Mendocino,2021-04-02,1311,61305,1077,31257,161,28775,73,1273,158,7349,1150,27466,231,34815,California
Mendocino,2021-04-03,715,62020,14,31271,680,29455,21,1294,88,6836,622,28088,109,34924,California
Mendocino,2021-04-04,71,62091,35,31306,30,29485,6,1300,54,6879,17,28105,60,34984,California
Mendocino,2021-04-05,213,62304,141,31447,48,29533,24,1324,127,6941,86,28191,148,35132,California
Mendocino,2021-04-06,402,62706,125,31572,182,29715,95,1419,108,6851,294,28485,204,35336,California
Mendocino,2021-04-07,493,63199,181,31753,65,29780,247,1666,118,6842,372,28857,363,35699,California
Mendocino,2021-04-08,1495,64694,916,32669,464,30244,115,1781,1003,7474,485,29342,1117,36816,California
Mendocino,2021-04-09,762,65456,430,33099,171,30415,161,1942,399,7671,363,29705,560,37376,California
Mendocino,2021-04-10,406,65862,92,33191,268,30683,46,1988,98,7507,308,30013,144,37520,California
Mendocino,2021-04-11,121,65983,47,33238,19,30702,55,2043,59,7559,62,30075,114,37634,California
Mendocino,2021-04-12,624,66607,515,33753,48,30750,61,2104,409,7814,215,30290,470,38104,California
Mendocino,2021-04-13,292,66899,230,33983,62,30812,0,2104,224,7970,68,30358,224,38328,California
Mendocino,2021-04-14,524,67423,430,34413,94,30906,0,2104,420,8286,104,30462,420,38748,California
Mendocino,2021-04-15,661,68084,328,34741,333,31239,0,2104,386,8402,270,30732,386,39134,California
Mendocino,2021-04-16,127,68211,54,34795,72,31311,1,2105,78,8432,48,30780,78,39212,California
Mendocino,2021-04-17,195,68406,12,34807,183,31494,0,2105,68,8375,125,30905,68,39280,California
Mendocino,2021-04-18,15,68421,7,34814,8,31502,0,2105,8,8378,5,30910,8,39288,California
Mendocino,2021-04-19,542,68963,516,35330,25,31527,1,2106,429,8697,111,31021,430,39718,California
Mendocino,2021-04-20,431,69394,297,35627,134,31661,0,2106,269,8806,160,31181,269,39987,California
Mendocino,2021-04-21,199,69593,136,35763,62,31723,1,2107,118,8845,79,31260,118,40105,California
Mendocino,2021-04-22,489,70082,318,36081,170,31893,1,2108,314,8988,171,31431,314,40419,California
Mendocino,2021-04-23,861,70943,703,36784,158,32051,0,2108,699,9528,159,31590,699,41118,California
Mendocino,2021-04-24,110,71053,16,36800,94,32145,0,2108,102,9622,8,31598,102,41220,California
Mendocino,2021-04-25,58,71111,34,36834,20,32165,4,2112,18,9605,39,31637,22,41242,California
Mendocino,2021-04-26,310,71421,239,37073,66,32231,5,2117,202,9706,106,31743,207,41449,California
Mendocino,2021-04-27,208,71629,92,37165,89,32320,27,2144,96,9717,111,31854,122,41571,California
Mendocino,2021-04-28,224,71853,148,37313,57,32377,19,2163,126,9766,97,31951,146,41717,California
Mendocino,2021-04-29,1144,72997,839,38152,290,32667,15,2178,113,8868,1025,32976,127,41844,California
Mendocino,2021-04-30,607,73604,383,38535,214,32881,10,2188,228,8728,378,33354,238,42082,California
Mendocino,2021-05-01,481,74085,435,38970,38,32919,8,2196,375,9006,105,33459,383,42465,California
Mendocino,2021-05-02,56,74141,46,39016,7,32926,3,2199,8,8970,47,33506,11,42476,California
Mendocino,2021-05-03,146,74287,85,39101,40,32966,21,2220,42,8931,102,33608,63,42539,California
Mendocino,2021-05-04,381,74668,254,39355,95,33061,32,2252,143,8869,237,33845,175,42714,California
Mendocino,2021-05-05,879,75547,792,40147,72,33133,15,2267,223,8451,654,34499,236,42950,California
Mendocino,2021-05-06,635,76182,384,40531,229,33362,22,2289,156,8152,477,34976,178,43128,California
Mendocino,2021-05-07,189,76371,36,40567,128,33490,25,2314,121,8230,67,35043,145,43273,California
Mendocino,2021-05-08,126,76497,5,40572,120,33610,1,2315,110,8326,15,35058,111,43384,California
Mendocino,2021-05-09,22,76519,7,40579,14,33624,1,2316,5,8315,17,35075,6,43390,California
Mendocino,2021-05-10,244,76763,161,40740,78,33702,5,2321,151,8378,93,35168,156,43546,California
Mendocino,2021-05-11,279,77042,143,40883,118,33820,18,2339,130,8377,147,35315,146,43692,California
Mendocino,2021-05-12,144,77186,82,40965,53,33873,9,2348,45,8334,97,35412,54,43746,California
Mendocino,2021-05-13,1234,78420,1121,42086,96,33969,17,2365,321,7760,912,36324,338,44084,California
Mendocino,2021-05-14,721,79141,491,42577,167,34136,63,2428,247,7601,469,36793,310,44394,California
Mendocino,2021-05-15,85,79226,29,42606,52,34188,4,2432,40,7600,45,36838,44,44438,California
Mendocino,2021-05-16,117,79343,104,42710,11,34199,2,2434,99,7685,17,36855,102,44540,California
Mendocino,2021-05-17,178,79521,85,42795,77,34276,16,2450,102,7727,76,36931,118,44658,California
Mendocino,2021-05-18,246,79767,119,42914,99,34375,28,2478,108,7725,137,37068,135,44793,California
Mendocino,2021-05-19,329,80096,191,43105,117,34492,21,2499,243,7906,83,37151,264,45057,California
Mendocino,2021-05-20,296,80392,116,43221,138,34630,42,2541,103,7861,190,37341,145,45202,California
Mendocino,2021-05-21,654,81046,475,43696,164,34794,15,2556,507,8237,146,37487,522,45724,California
Mendocino,2021-05-22,785,81831,675,44371,102,34896,8,2564,240,7941,544,38031,248,45972,California
Mendocino,2021-05-23,29,81860,12,44383,10,34906,7,2571,15,7949,13,38044,21,45993,California
Mendocino,2021-05-24,129,81989,45,44428,63,34969,21,2592,61,7964,67,38111,82,46075,California
Mendocino,2021-05-25,298,82287,179,44607,89,35058,30,2622,135,7967,161,38272,164,46239,California
Mendocino,2021-05-26,324,82611,244,44851,68,35126,12,2634,131,7918,192,38464,143,46382,California
Mendocino,2021-05-27,246,82857,112,44963,112,35238,22,2656,102,7899,142,38606,123,46505,California
Mendocino,2021-05-28,238,83095,98,45061,127,35365,13,2669,153,7983,83,38689,167,46672,California
Mendocino,2021-05-29,49,83144,17,45078,27,35392,5,2674,24,7987,25,38714,29,46701,California
Mendocino,2021-05-30,15,83159,2,45080,12,35404,1,2675,10,7993,5,38719,11,46712,California
Mendocino,2021-05-31,6,83165,0,45080,5,35409,1,2676,2,7993,3,38722,3,46715,California
Mendocino,2021-06-01,312,83477,105,45185,198,35607,9,2685,83,7856,229,38951,92,46807,California
Mendocino,2021-06-02,155,83632,59,45244,88,35695,8,2693,54,7820,98,39049,62,46869,California
Mendocino,2021-06-03,558,84190,456,45700,93,35788,9,2702,124,7526,427,39476,133,47002,California
Mendocino,2021-06-04,318,84508,192,45892,103,35891,23,2725,86,7404,231,39707,109,47111,California
Mendocino,2021-06-05,227,84735,94,45986,115,36006,18,2743,74,7345,151,39858,92,47203,California
Mendocino,2021-06-06,63,84798,58,46044,2,36008,3,2746,2,7289,61,39919,5,47208,California
Mendocino,2021-06-07,148,84946,72,46116,64,36072,12,2758,58,7269,90,40009,70,47278,California
Mendocino,2021-06-08,244,85190,142,46258,88,36160,14,2772,110,7264,129,40138,124,47402,California
Mendocino,2021-06-09,310,85500,249,46507,51,36211,10,2782,106,7177,203,40341,116,47518,California
Mendocino,2021-06-10,131,85631,70,46577,45,36256,16,2798,58,7178,73,40414,74,47592,California
Mendocino,2021-06-11,749,86380,589,47166,132,36388,28,2826,123,6705,624,41038,151,47743,California
Mendocino,2021-06-12,78,86458,53,47219,19,36407,6,2832,28,6690,49,41087,34,47777,California
Mendocino,2021-06-13,29,86487,16,47235,11,36418,2,2834,15,6694,13,41100,17,47794,California
Mendocino,2021-06-14,130,86617,58,47293,53,36471,19,2853,48,6679,81,41181,66,47860,California
Mendocino,2021-06-15,260,86877,167,47460,74,36545,19,2872,84,6606,176,41357,103,47963,California
Mendocino,2021-06-16,273,87150,171,47631,80,36625,22,2894,69,6495,202,41559,91,48054,California
Mendocino,2021-06-17,169,87319,89,47720,62,36687,18,2912,55,6455,113,41672,73,48127,California
Mendocino,2021-06-18,281,87600,128,47848,123,36810,30,2942,80,6365,199,41871,109,48236,California
Mendocino,2021-06-19,76,87676,43,47891,26,36836,7,2949,17,6330,59,41930,24,48260,California
Mendocino,2021-06-20,12,87688,4,47895,4,36840,4,2953,7,6336,5,41935,11,48271,California
Mendocino,2021-06-21,100,87788,34,47929,55,36895,11,2964,43,6335,54,41989,53,48324,California
Mendocino,2021-06-22,133,87921,86,48015,34,36929,13,2977,56,6329,75,42064,69,48393,California
Mendocino,2021-06-23,227,88148,160,48175,37,36966,30,3007,101,6334,126,42190,131,48524,California
Mendocino,2021-06-24,194,88342,110,48285,70,37036,14,3021,73,6301,120,42310,87,48611,California
Mendocino,2021-06-25,184,88526,97,48382,74,37110,13,3034,71,6273,112,42422,84,48695,California
Mendocino,2021-06-26,72,88598,47,48429,21,37131,4,3038,21,6247,51,42473,25,48720,California
Mendocino,2021-06-27,23,88621,13,48442,9,37140,1,3039,13,6251,10,42483,14,48734,California
Mendocino,2021-06-28,64,88685,43,48485,11,37151,10,3049,20,6239,42,42525,30,48764,California
Mendocino,2021-06-29,152,88837,113,48598,38,37189,1,3050,44,6176,108,42633,45,48809,California
Mendocino,2021-06-30,181,89018,147,48745,27,37216,7,3057,57,6118,123,42756,65,48874,California
Mendocino,2021-07-01,114,89132,66,48811,38,37254,10,3067,65,6145,48,42804,75,48949,California
Mendocino,2021-07-02,104,89236,65,48876,30,37284,9,3076,50,6151,53,42857,59,49008,California
Mendocino,2021-07-03,36,89272,26,48902,8,37292,2,3078,17,6151,19,42876,19,49027,California
Mendocino,2021-07-04,1,89273,0,48902,1,37293,0,3078,1,6152,0,42876,1,49028,California
Mendocino,2021-07-05,37,89310,17,48919,15,37308,5,3083,15,6150,22,42898,20,49048,California
Mendocino,2021-07-06,205,89515,153,49072,39,37347,13,3096,86,6130,119,43017,99,49147,California
Mendocino,2021-07-07,55,89570,31,49103,18,37365,6,3102,21,6125,32,43049,27,49174,California
Merced,2020-12-16,3,3,3,3,0,0,0,0,3,3,0,0,3,3,California
Merced,2020-12-17,9,12,9,12,0,0,0,0,9,12,0,0,9,12,California
Merced,2020-12-18,147,159,147,159,0,0,0,0,147,159,0,0,147,159,California
Merced,2020-12-19,38,197,38,197,0,0,0,0,38,197,0,0,38,197,California
Merced,2020-12-20,18,215,18,215,0,0,0,0,18,215,0,0,18,215,California
Merced,2020-12-21,124,339,121,336,3,3,0,0,124,339,0,0,124,339,California
Merced,2020-12-22,153,492,153,489,0,3,0,0,153,492,0,0,153,492,California
Merced,2020-12-23,255,747,248,737,7,10,0,0,255,747,0,0,255,747,California
Merced,2020-12-24,72,819,72,809,0,10,0,0,72,819,0,0,72,819,California
Merced,2020-12-25,4,823,4,813,0,10,0,0,4,823,0,0,4,823,California
Merced,2020-12-26,6,829,3,816,3,13,0,0,6,829,0,0,6,829,California
Merced,2020-12-27,12,841,11,827,1,14,0,0,12,841,0,0,12,841,California
Merced,2020-12-28,123,964,98,925,25,39,0,0,123,964,0,0,123,964,California
Merced,2020-12-29,194,1158,124,1049,70,109,0,0,194,1158,0,0,194,1158,California
Merced,2020-12-30,218,1376,90,1139,128,237,0,0,218,1376,0,0,218,1376,California
Merced,2020-12-31,102,1478,33,1172,69,306,0,0,102,1478,0,0,102,1478,California
Merced,2021-01-01,6,1484,1,1173,5,311,0,0,6,1484,0,0,6,1484,California
Merced,2021-01-02,131,1615,120,1293,11,322,0,0,131,1615,0,0,131,1615,California
Merced,2021-01-03,9,1624,5,1298,4,326,0,0,9,1624,0,0,9,1624,California
Merced,2021-01-04,82,1706,42,1340,40,366,0,0,82,1706,0,0,82,1706,California
Merced,2021-01-05,330,2036,235,1575,95,461,0,0,324,2026,6,6,326,2032,California
Merced,2021-01-06,259,2295,106,1681,153,614,0,0,251,2271,8,14,253,2285,California
Merced,2021-01-07,188,2483,84,1765,104,718,0,0,175,2432,14,28,175,2460,California
Merced,2021-01-08,525,3008,392,2157,133,851,0,0,372,2652,152,180,372,2832,California
Merced,2021-01-09,22,3030,9,2166,13,864,0,0,17,2664,5,185,17,2849,California
Merced,2021-01-10,11,3041,7,2173,4,868,0,0,7,2667,4,189,7,2856,California
Merced,2021-01-11,230,3271,172,2345,58,926,0,0,101,2642,129,318,104,2960,California
Merced,2021-01-12,298,3569,173,2518,125,1051,0,0,248,2839,51,369,248,3208,California
Merced,2021-01-13,394,3963,178,2696,216,1267,0,0,239,2927,154,523,242,3450,California
Merced,2021-01-14,328,4291,205,2901,123,1390,0,0,161,2923,166,689,162,3612,California
Merced,2021-01-15,592,4883,133,3034,459,1849,0,0,553,3439,40,729,556,4168,California
Merced,2021-01-16,214,5097,130,3164,84,1933,0,0,197,3619,17,746,197,4365,California
Merced,2021-01-17,51,5148,12,3176,39,1972,0,0,49,3666,2,748,49,4414,California
Merced,2021-01-18,269,5417,130,3306,139,2111,0,0,244,3889,25,773,248,4662,California
Merced,2021-01-19,715,6132,589,3895,126,2237,0,0,541,4264,173,946,548,5210,California
Merced,2021-01-20,575,6707,468,4363,107,2344,0,0,518,4728,57,1003,521,5731,California
Merced,2021-01-21,1030,7737,654,5017,376,2720,0,0,927,5556,102,1105,930,6661,California
Merced,2021-01-22,1321,9058,697,5714,624,3344,0,0,1291,6831,29,1134,1304,7965,California
Merced,2021-01-23,336,9394,202,5916,134,3478,0,0,227,6949,109,1243,227,8192,California
Merced,2021-01-24,36,9430,15,5931,21,3499,0,0,28,6970,7,1250,28,8220,California
Merced,2021-01-25,745,10175,245,6176,500,3999,0,0,683,7593,61,1311,684,8904,California
Merced,2021-01-26,948,11123,487,6663,461,4460,0,0,692,8058,228,1539,693,9597,California
Merced,2021-01-27,1006,12129,590,7253,416,4876,0,0,833,8720,171,1710,833,10430,California
Merced,2021-01-28,1160,13289,596,7849,564,5440,0,0,1036,9635,123,1833,1038,11468,California
Merced,2021-01-29,874,14163,314,8163,560,6000,0,0,620,10016,242,2075,623,12091,California
Merced,2021-01-30,269,14432,28,8191,241,6241,0,0,252,10251,17,2092,252,12343,California
Merced,2021-01-31,49,14481,11,8202,38,6279,0,0,47,10297,1,2093,47,12390,California
Merced,2021-02-01,396,14877,51,8253,345,6624,0,0,343,10590,51,2144,344,12734,California
Merced,2021-02-02,315,15192,183,8436,132,6756,0,0,186,10651,126,2270,187,12921,California
Merced,2021-02-03,362,15554,78,8514,284,7040,0,0,180,10650,181,2451,180,13101,California
Merced,2021-02-04,390,15944,161,8675,229,7269,0,0,256,10774,133,2584,257,13358,California
Merced,2021-02-05,522,16466,179,8854,343,7612,0,0,281,10818,239,2823,283,13641,California
Merced,2021-02-06,395,16861,221,9075,174,7786,0,0,251,10929,141,2964,252,13893,California
Merced,2021-02-07,21,16882,13,9088,8,7794,0,0,14,10936,7,2971,14,13907,California
Merced,2021-02-08,290,17172,200,9288,90,7884,0,0,178,11005,110,3081,179,14086,California
Merced,2021-02-09,1228,18400,965,10253,263,8147,0,0,782,11350,438,3519,783,14869,California
Merced,2021-02-10,1908,20308,1446,11699,462,8609,0,0,1310,12072,588,4107,1310,16179,California
Merced,2021-02-11,2564,22872,2043,13742,521,9130,0,0,1843,13208,708,4815,1844,18023,California
Merced,2021-02-12,1745,24617,1028,14770,717,9847,0,0,765,13015,961,5776,768,18791,California
Merced,2021-02-13,371,24988,212,14982,159,10006,0,0,270,13191,96,5872,272,19063,California
Merced,2021-02-14,119,25107,27,15009,92,10098,0,0,97,13267,22,5894,98,19161,California
Merced,2021-02-15,280,25387,43,15052,237,10335,0,0,172,13339,101,5995,173,19334,California
Merced,2021-02-16,1239,26626,856,15908,383,10718,0,0,847,13818,372,6367,851,20185,California
Merced,2021-02-17,1913,28539,1666,17574,247,10965,0,0,1334,14601,559,6926,1342,21527,California
Merced,2021-02-18,1281,29820,874,18448,407,11372,0,0,453,14251,807,7733,457,21984,California
Merced,2021-02-19,1291,31111,439,18887,852,12224,0,0,554,14077,730,8463,556,22540,California
Merced,2021-02-20,292,31403,35,18922,257,12481,0,0,144,14075,146,8609,144,22684,California
Merced,2021-02-21,84,31487,68,18990,16,12497,0,0,31,14055,51,8660,31,22715,California
Merced,2021-02-22,852,32339,299,19289,553,13050,0,0,486,14179,364,9024,488,23203,California
Merced,2021-02-23,1119,33458,432,19721,687,13737,0,0,647,14363,466,9490,650,23853,California
Merced,2021-02-24,861,34319,310,20031,551,14288,0,0,455,14425,394,9884,456,24309,California
Merced,2021-02-25,1831,36150,912,20943,919,15207,0,0,1346,15293,481,10365,1349,25658,California
Merced,2021-02-26,2224,38374,1414,22357,810,16017,0,0,1759,16600,453,10818,1760,27418,California
Merced,2021-02-27,2635,41009,1197,23554,1438,17455,0,0,2341,18649,292,11110,2341,29759,California
Merced,2021-02-28,324,41333,76,23630,247,17702,1,1,257,18843,63,11173,257,30016,California
Merced,2021-03-01,1162,42495,286,23916,875,18577,1,2,788,19268,364,11537,789,30805,California
Merced,2021-03-02,1897,44392,1039,24955,857,19434,1,3,1486,20354,404,11941,1490,32295,California
Merced,2021-03-03,2477,46869,1971,26926,505,19939,1,4,1701,21302,755,12696,1703,33998,California
Merced,2021-03-04,3155,50024,2527,29453,626,20565,2,6,2163,22496,972,13668,2166,36164,California
Merced,2021-03-05,2363,52387,1474,30927,865,21430,24,30,1808,23788,541,14209,1833,37997,California
Merced,2021-03-06,1179,53566,669,31596,488,21918,22,52,911,24454,267,14476,933,38930,California
Merced,2021-03-07,247,53813,71,31667,144,22062,32,84,211,24661,36,14512,243,39173,California
Merced,2021-03-08,1564,55377,950,32617,547,22609,67,151,1327,25818,236,14748,1393,40566,California
Merced,2021-03-09,1891,57268,1146,33763,637,23246,108,259,1222,26488,660,15408,1330,41896,California
Merced,2021-03-10,2967,60235,1989,35752,778,24024,200,459,1637,27017,1312,16720,1841,43737,California
Merced,2021-03-11,2226,62461,839,36591,1182,25206,205,664,1235,27507,971,17691,1461,45198,California
Merced,2021-03-12,2549,65010,1113,37704,1161,26367,275,939,1656,28562,888,18579,1943,47141,California
Merced,2021-03-13,1032,66042,322,38026,468,26835,242,1181,712,29202,312,18891,952,48093,California
Merced,2021-03-14,267,66309,155,38181,82,26917,30,1211,150,29269,113,19004,180,48273,California
Merced,2021-03-15,1723,68032,671,38852,795,27712,257,1468,1187,30187,525,19529,1443,49716,California
Merced,2021-03-16,1665,69697,880,39732,558,28270,227,1695,1142,31046,511,20040,1370,51086,California
Merced,2021-03-17,2322,72019,1393,41125,748,29018,181,1876,1844,32606,466,20506,2026,53112,California
Merced,2021-03-18,2266,74285,1382,42507,734,29752,150,2026,1408,33337,840,21346,1571,54683,California
Merced,2021-03-19,2808,77093,1584,44091,1029,30781,195,2221,1403,33542,1392,22738,1597,56280,California
Merced,2021-03-20,2470,79563,1532,45623,542,31323,396,2617,969,33418,1493,24231,1369,57649,California
Merced,2021-03-21,569,80132,345,45968,211,31534,13,2630,448,33761,120,24351,463,58112,California
Merced,2021-03-22,1283,81415,641,46609,565,32099,77,2707,894,34354,380,24731,973,59085,California
Merced,2021-03-23,1979,83394,1236,47845,677,32776,66,2773,1373,35198,595,25326,1439,60524,California
Merced,2021-03-24,1728,85122,1169,49014,523,33299,36,2809,1005,35529,710,26036,1041,61565,California
Merced,2021-03-25,3629,88751,2558,51572,1048,34347,23,2832,2124,36197,1482,27518,2150,63715,California
Merced,2021-03-26,2207,90958,1345,52917,825,35172,37,2869,901,35859,1275,28793,937,64652,California
Merced,2021-03-27,3599,94557,1926,54843,1250,36422,423,3292,1568,35836,2015,30808,1992,66644,California
Merced,2021-03-28,525,95082,218,55061,300,36722,7,3299,212,35746,310,31118,220,66864,California
Merced,2021-03-29,1960,97042,890,55951,899,37621,171,3470,681,35334,1266,32384,854,67718,California
Merced,2021-03-30,2294,99336,923,56874,1312,38933,59,3529,1012,35131,1276,33660,1073,68791,California
Merced,2021-03-31,2395,101731,1488,58362,722,39655,185,3714,993,34932,1377,35037,1178,69969,California
Merced,2021-04-01,2607,104338,1063,59425,1186,40841,358,4072,1067,34832,1524,36561,1424,71393,California
Merced,2021-04-02,2483,106821,750,60175,1310,42151,423,4495,800,34407,1638,38199,1213,72606,California
Merced,2021-04-03,1098,107919,607,60782,472,42623,19,4514,667,34673,421,38620,687,73293,California
Merced,2021-04-04,374,108293,143,60925,227,42850,4,4518,141,34587,232,38852,146,73439,California
Merced,2021-04-05,1513,109806,832,61757,468,43318,213,4731,410,34118,1093,39945,624,74063,California
Merced,2021-04-06,2613,112419,1070,62827,713,44031,830,5561,892,34126,1713,41658,1721,75784,California
Merced,2021-04-07,1923,114342,1135,63962,680,44711,108,5669,593,33541,1289,42947,704,76488,California
Merced,2021-04-08,2511,116853,1356,65318,935,45646,220,5889,992,33281,1468,44415,1208,77696,California
Merced,2021-04-09,1715,118568,484,65802,653,46299,578,6467,560,33287,1133,45548,1139,78835,California
Merced,2021-04-10,987,119555,371,66173,428,46727,188,6655,178,32848,803,46351,364,79199,California
Merced,2021-04-11,489,120044,282,66455,72,46799,135,6790,148,32793,339,46690,284,79483,California
Merced,2021-04-12,1529,121573,1000,67455,405,47204,124,6914,871,33171,618,47308,996,80479,California
Merced,2021-04-13,2066,123639,1478,68933,586,47790,2,6916,936,33084,1029,48337,942,81421,California
Merced,2021-04-14,2258,125897,1399,70332,859,48649,0,6916,1047,33057,1075,49412,1048,82469,California
Merced,2021-04-15,3058,128955,1994,72326,1064,49713,0,6916,943,32127,1877,51289,947,83416,California
Merced,2021-04-16,2421,131376,1176,73502,1245,50958,0,6916,964,31742,1349,52638,964,84380,California
Merced,2021-04-17,2157,133533,1483,74985,673,51631,1,6917,663,30923,1486,54124,667,85047,California
Merced,2021-04-18,523,134056,298,75283,225,51856,0,6917,200,30828,295,54419,200,85247,California
Merced,2021-04-19,1376,135432,761,76044,615,52471,0,6917,709,30971,566,54985,709,85956,California
Merced,2021-04-20,1560,136992,797,76841,763,53234,0,6917,813,31110,674,55659,813,86769,California
Merced,2021-04-21,1660,138652,1045,77886,615,53849,0,6917,804,31175,740,56399,805,87574,California
Merced,2021-04-22,1728,140380,796,78682,932,54781,0,6917,788,31118,846,57245,789,88363,California
Merced,2021-04-23,1715,142095,732,79414,983,55764,0,6917,923,31299,743,57988,924,89287,California
Merced,2021-04-24,885,142980,707,80121,178,55942,0,6917,555,31530,324,58312,555,89842,California
Merced,2021-04-25,334,143314,193,80314,141,56083,0,6917,193,31588,136,58448,194,90036,California
Merced,2021-04-26,1294,144608,563,80877,731,56814,0,6917,648,31630,608,59056,650,90686,California
Merced,2021-04-27,1844,146452,940,81817,892,57706,12,6929,745,31359,1028,60084,757,91443,California
Merced,2021-04-28,1445,147897,727,82544,710,58416,8,6937,821,31591,598,60682,830,92273,California
Merced,2021-04-29,1512,149409,684,83228,803,59219,25,6962,717,31551,784,61466,744,93017,California
Merced,2021-04-30,1520,150929,655,83883,821,60040,44,7006,786,31655,727,62193,831,93848,California
Merced,2021-05-01,570,151499,243,84126,323,60363,4,7010,267,31629,296,62489,270,94118,California
Merced,2021-05-02,305,151804,123,84249,167,60530,15,7025,126,31593,178,62667,142,94260,California
Merced,2021-05-03,877,152681,575,84824,228,60758,74,7099,317,31430,556,63223,393,94653,California
Merced,2021-05-04,1082,153763,593,85417,437,61195,52,7151,396,31199,679,63902,448,95101,California
Merced,2021-05-05,1475,155238,966,86383,433,61628,76,7227,648,31111,812,64714,724,95825,California
Merced,2021-05-06,954,156192,510,86893,394,62022,50,7277,316,30847,630,65344,366,96191,California
Merced,2021-05-07,1183,157375,522,87415,619,62641,42,7319,461,30637,717,66061,507,96698,California
Merced,2021-05-08,451,157826,253,87668,162,62803,36,7355,218,30659,232,66293,254,96952,California
Merced,2021-05-09,215,158041,107,87775,101,62904,7,7362,96,30644,118,66411,103,97055,California
Merced,2021-05-10,728,158769,384,88159,307,63211,37,7399,201,30359,524,66935,239,97294,California
Merced,2021-05-11,1205,159974,724,88883,421,63632,60,7459,476,30172,723,67658,536,97830,California
Merced,2021-05-12,1124,161098,645,89528,437,64069,42,7501,387,29868,734,68392,430,98260,California
Merced,2021-05-13,950,162048,540,90068,368,64437,42,7543,426,29818,518,68910,468,98728,California
Merced,2021-05-14,1079,163127,664,90732,375,64812,40,7583,568,29921,505,69415,608,99336,California
Merced,2021-05-15,764,163891,580,91312,165,64977,19,7602,452,30093,301,69716,473,99809,California
Merced,2021-05-16,371,164262,254,91566,108,65085,9,7611,215,30165,153,69869,225,100034,California
Merced,2021-05-17,1109,165371,723,92289,356,65441,30,7641,543,30180,559,70428,574,100608,California
Merced,2021-05-18,1290,166661,862,93151,397,65838,31,7672,711,30351,571,70999,742,101350,California
Merced,2021-05-19,1154,167815,763,93914,384,66222,7,7679,645,30502,505,71504,656,102006,California
Merced,2021-05-20,1067,168882,564,94478,447,66669,56,7735,403,30301,662,72166,461,102467,California
Merced,2021-05-21,1202,170084,695,95173,479,67148,28,7763,486,30112,704,72870,515,102982,California
Merced,2021-05-22,775,170859,556,95729,205,67353,14,7777,461,30279,311,73181,478,103460,California
Merced,2021-05-23,358,171217,259,95988,86,67439,13,7790,235,30405,122,73303,248,103708,California
Merced,2021-05-24,635,171852,273,96261,331,67770,31,7821,233,30275,395,73698,265,103973,California
Merced,2021-05-25,776,172628,435,96696,307,68077,34,7855,391,30319,380,74078,424,104397,California
Merced,2021-05-26,1008,173636,559,97255,416,68493,33,7888,400,30147,606,74684,434,104831,California
Merced,2021-05-27,932,174568,656,97911,240,68733,36,7924,558,30372,370,75054,595,105426,California
Merced,2021-05-28,776,175344,352,98263,378,69111,46,7970,333,30317,434,75488,379,105805,California
Merced,2021-05-29,394,175738,273,98536,113,69224,8,7978,160,30255,231,75719,169,105974,California
Merced,2021-05-30,214,175952,145,98681,58,69282,11,7989,129,30310,85,75804,140,106114,California
Merced,2021-05-31,111,176063,25,98706,80,69362,6,7995,31,30270,78,75882,38,106152,California
Merced,2021-06-01,868,176931,542,99248,292,69654,34,8029,316,30074,546,76428,350,106502,California
Merced,2021-06-02,757,177688,484,99732,246,69900,27,8056,341,30033,409,76837,368,106870,California
Merced,2021-06-03,764,178452,485,100217,245,70145,34,8090,301,29911,457,77294,335,107205,California
Merced,2021-06-04,837,179289,453,100670,362,70507,22,8112,306,29716,524,77818,329,107534,California
Merced,2021-06-05,511,179800,404,101074,95,70602,12,8124,190,29602,316,78134,202,107736,California
Merced,2021-06-06,230,180030,193,101267,31,70633,6,8130,82,29542,148,78282,88,107824,California
Merced,2021-06-07,665,180695,533,101800,119,70752,13,8143,195,29282,470,78752,210,108034,California
Merced,2021-06-08,866,181561,640,102440,202,70954,24,8167,273,28991,588,79340,297,108331,California
Merced,2021-06-09,885,182446,652,103092,218,71172,15,8182,264,28661,610,79950,280,108611,California
Merced,2021-06-10,650,183096,448,103540,181,71353,21,8203,264,28567,379,80329,285,108896,California
Merced,2021-06-11,579,183675,369,103909,194,71547,16,8219,242,28493,334,80663,260,109156,California
Merced,2021-06-12,596,184271,487,104396,85,71632,24,8243,178,28279,416,81079,202,109358,California
Merced,2021-06-13,256,184527,133,104529,117,71749,6,8249,62,28153,194,81273,68,109426,California
Merced,2021-06-14,550,185077,360,104889,156,71905,34,8283,250,28141,297,81570,285,109711,California
Merced,2021-06-15,789,185866,561,105450,201,72106,27,8310,269,27926,512,82082,297,110008,California
Merced,2021-06-16,724,186590,503,105953,199,72305,22,8332,331,27896,383,82465,353,110361,California
Merced,2021-06-17,739,187329,563,106516,145,72450,31,8363,238,27672,493,82958,269,110630,California
Merced,2021-06-18,779,188108,510,107026,237,72687,32,8395,390,27712,382,83340,422,111052,California
Merced,2021-06-19,367,188475,252,107278,88,72775,27,8422,198,27770,167,83507,225,111277,California
Merced,2021-06-20,238,188713,184,107462,46,72821,8,8430,140,27821,97,83604,148,111425,California
Merced,2021-06-21,322,189035,196,107658,114,72935,12,8442,200,27912,121,83725,212,111637,California
Merced,2021-06-22,518,189553,358,108016,139,73074,21,8463,254,27924,264,83989,276,111913,California
Merced,2021-06-23,582,190135,363,108379,208,73282,11,8474,289,27939,285,84274,300,112213,California
Merced,2021-06-24,544,190679,383,108762,129,73411,32,8506,251,27934,288,84562,283,112496,California
Merced,2021-06-25,487,191166,341,109103,122,73533,24,8530,254,27985,226,84788,277,112773,California
Merced,2021-06-26,185,191351,127,109230,52,73585,6,8536,91,27991,92,84880,98,112871,California
Merced,2021-06-27,207,191558,146,109376,40,73625,21,8557,120,28046,86,84966,141,113012,California
Merced,2021-06-28,338,191896,222,109598,99,73724,17,8574,176,28080,159,85125,193,113205,California
Merced,2021-06-29,333,192229,197,109795,114,73838,22,8596,156,28082,176,85301,178,113383,California
Merced,2021-06-30,442,192671,249,110044,171,74009,22,8618,245,28156,193,85494,267,113650,California
Merced,2021-07-01,370,193041,247,110291,111,74120,12,8630,212,28224,158,85652,226,113876,California
Merced,2021-07-02,385,193426,269,110560,102,74222,14,8644,213,28283,169,85821,228,114104,California
Merced,2021-07-03,194,193620,122,110682,60,74282,12,8656,100,28303,92,85913,112,114216,California
Merced,2021-07-04,17,193637,5,110687,11,74293,1,8657,8,28303,9,85922,9,114225,California
Merced,2021-07-05,235,193872,154,110841,77,74370,4,8661,127,28326,108,86030,131,114356,California
Merced,2021-07-06,348,194220,218,111059,116,74486,14,8675,150,28297,193,86223,164,114520,California
Merced,2021-07-07,227,194447,108,111167,110,74596,9,8684,104,28289,121,86344,113,114633,California
Modoc,2020-12-16,1,1,1,1,0,0,0,0,1,1,0,0,1,1,California
Modoc,2020-12-21,99,100,99,100,0,0,0,0,99,100,0,0,99,100,California
Modoc,2020-12-22,14,114,14,114,0,0,0,0,14,114,0,0,14,114,California
Modoc,2020-12-23,4,118,4,118,0,0,0,0,4,118,0,0,4,118,California
Modoc,2020-12-24,1,119,1,119,0,0,0,0,1,119,0,0,1,119,California
Modoc,2020-12-28,2,121,2,121,0,0,0,0,2,121,0,0,2,121,California
Modoc,2020-12-29,10,131,1,122,9,9,0,0,10,131,0,0,10,131,California
Modoc,2020-12-30,7,138,0,122,7,16,0,0,7,138,0,0,7,138,California
Modoc,2021-01-02,3,141,1,123,2,18,0,0,3,141,0,0,3,141,California
Modoc,2021-01-04,8,149,0,123,8,26,0,0,8,149,0,0,8,149,California
Modoc,2021-01-05,3,152,2,125,1,27,0,0,3,152,0,0,3,152,California
Modoc,2021-01-06,3,155,2,127,1,28,0,0,2,153,1,1,2,154,California
Modoc,2021-01-07,72,227,0,127,72,100,0,0,72,225,0,1,72,226,California
Modoc,2021-01-08,105,332,0,127,105,205,0,0,105,330,0,1,105,331,California
Modoc,2021-01-10,1,333,1,128,0,205,0,0,0,329,1,2,0,331,California
Modoc,2021-01-11,90,423,81,209,9,214,0,0,19,277,71,73,19,350,California
Modoc,2021-01-12,94,517,25,234,69,283,0,0,68,319,26,99,68,418,California
Modoc,2021-01-13,24,541,4,238,20,303,0,0,22,339,2,101,22,440,California
Modoc,2021-01-14,128,669,6,244,122,425,0,0,123,457,5,106,123,563,California
Modoc,2021-01-15,6,675,1,245,5,430,0,0,6,463,0,106,6,569,California
Modoc,2021-01-16,2,677,1,246,1,431,0,0,2,465,0,106,2,571,California
Modoc,2021-01-18,3,680,1,247,2,433,0,0,3,468,0,106,3,574,California
Modoc,2021-01-19,5,685,3,250,2,435,0,0,3,469,2,108,3,577,California
Modoc,2021-01-20,11,696,1,251,10,445,0,0,11,480,0,108,11,588,California
Modoc,2021-01-21,157,853,2,253,155,600,0,0,157,637,0,108,157,745,California
Modoc,2021-01-22,2,855,0,253,2,602,0,0,2,639,0,108,2,747,California
Modoc,2021-01-25,11,866,0,253,11,613,0,0,11,650,0,108,11,758,California
Modoc,2021-01-26,65,931,1,254,64,677,0,0,65,715,0,108,65,823,California
Modoc,2021-01-27,43,974,3,257,40,717,0,0,27,726,16,124,27,850,California
Modoc,2021-01-28,146,1120,2,259,144,861,0,0,145,870,1,125,145,995,California
Modoc,2021-01-29,3,1123,1,260,2,863,0,0,3,873,0,125,3,998,California
Modoc,2021-02-01,26,1149,13,273,13,876,0,0,12,871,14,139,12,1010,California
Modoc,2021-02-02,170,1319,2,275,168,1044,0,0,167,1035,3,142,167,1177,California
Modoc,2021-02-03,18,1337,13,288,5,1049,0,0,11,1039,7,149,11,1188,California
Modoc,2021-02-04,155,1492,4,292,151,1200,0,0,27,938,128,277,27,1215,California
Modoc,2021-02-05,2,1494,2,294,0,1200,0,0,1,938,1,278,1,1216,California
Modoc,2021-02-08,9,1503,2,296,7,1207,0,0,8,945,1,279,8,1224,California
Modoc,2021-02-09,197,1700,13,309,184,1391,0,0,65,878,132,411,65,1289,California
Modoc,2021-02-10,5,1705,2,311,3,1394,0,0,4,881,1,412,4,1293,California
Modoc,2021-02-11,202,1907,3,314,199,1593,0,0,85,849,117,529,85,1378,California
Modoc,2021-02-12,4,1911,0,314,4,1597,0,0,2,849,2,531,2,1380,California
Modoc,2021-02-13,2,1913,0,314,2,1599,0,0,1,849,1,532,1,1381,California
Modoc,2021-02-16,147,2060,6,320,141,1740,0,0,141,984,6,538,141,1522,California
Modoc,2021-02-17,25,2085,2,322,23,1763,0,0,12,983,13,551,12,1534,California
Modoc,2021-02-18,187,2272,2,324,185,1948,0,0,23,845,163,714,25,1559,California
Modoc,2021-02-19,3,2275,3,327,0,1948,0,0,2,846,1,715,2,1561,California
Modoc,2021-02-20,1,2276,1,328,0,1948,0,0,0,845,1,716,0,1561,California
Modoc,2021-02-22,19,2295,9,337,10,1958,0,0,3,832,16,732,3,1564,California
Modoc,2021-02-23,20,2315,2,339,18,1976,0,0,1,814,19,751,1,1565,California
Modoc,2021-02-24,91,2406,1,340,90,2066,0,0,31,785,60,811,31,1596,California
Modoc,2021-02-25,169,2575,0,340,169,2235,0,0,12,640,157,968,12,1608,California
Modoc,2021-02-26,3,2578,0,340,3,2238,0,0,1,639,2,970,1,1609,California
Modoc,2021-02-27,4,2582,4,344,0,2238,0,0,2,639,2,972,2,1611,California
Modoc,2021-03-01,6,2588,0,344,6,2244,0,0,1,636,4,976,1,1612,California
Modoc,2021-03-02,193,2781,12,356,181,2425,0,0,26,495,167,1143,26,1638,California
Modoc,2021-03-03,12,2793,6,362,6,2431,0,0,2,487,10,1153,2,1640,California
Modoc,2021-03-04,174,2967,2,364,172,2603,0,0,147,607,27,1180,147,1787,California
Modoc,2021-03-05,3,2970,3,367,0,2603,0,0,2,608,1,1181,2,1789,California
Modoc,2021-03-06,11,2981,0,367,1,2604,10,10,1,609,10,1191,11,1800,California
Modoc,2021-03-07,8,2989,2,369,0,2604,6,16,2,611,6,1197,8,1808,California
Modoc,2021-03-08,8,2997,1,370,3,2607,4,20,1,610,6,1203,5,1813,California
Modoc,2021-03-09,127,3124,10,380,108,2715,9,29,61,614,66,1269,70,1883,California
Modoc,2021-03-10,9,3133,3,383,2,2717,4,33,4,617,5,1274,8,1891,California
Modoc,2021-03-11,207,3340,0,383,99,2816,108,141,22,562,185,1459,130,2021,California
Modoc,2021-03-12,10,3350,1,384,4,2820,5,146,4,565,6,1465,9,2030,California
Modoc,2021-03-13,6,3356,0,384,3,2823,3,149,1,564,5,1470,4,2034,California
Modoc,2021-03-15,12,3368,1,385,10,2833,1,150,10,573,2,1472,11,2045,California
Modoc,2021-03-16,174,3542,2,387,168,3001,4,154,42,486,132,1604,45,2090,California
Modoc,2021-03-17,10,3552,1,388,4,3005,5,159,2,485,8,1612,7,2097,California
Modoc,2021-03-18,66,3618,2,390,57,3062,7,166,34,494,32,1644,41,2138,California
Modoc,2021-03-19,5,3623,0,390,0,3062,5,171,0,494,5,1649,5,2143,California
Modoc,2021-03-20,5,3628,2,392,0,3062,3,174,0,492,5,1654,3,2146,California
Modoc,2021-03-21,3,3631,1,393,0,3062,2,176,1,493,2,1656,3,2149,California
Modoc,2021-03-22,17,3648,1,394,11,3073,5,181,12,505,5,1661,17,2166,California
Modoc,2021-03-23,37,3685,7,401,27,3100,3,184,28,527,9,1670,31,2197,California
Modoc,2021-03-24,29,3714,1,402,18,3118,10,194,1,510,28,1698,11,2208,California
Modoc,2021-03-25,76,3790,1,403,73,3191,2,196,44,524,32,1730,46,2254,California
Modoc,2021-03-26,7,3797,2,405,2,3193,3,199,2,524,5,1735,5,2259,California
Modoc,2021-03-27,2,3799,0,405,1,3194,1,200,1,525,1,1736,2,2261,California
Modoc,2021-03-28,2,3801,1,406,0,3194,1,201,0,524,2,1738,1,2262,California
Modoc,2021-03-29,14,3815,1,407,5,3199,8,209,5,528,9,1747,13,2275,California
Modoc,2021-03-30,54,3869,9,416,38,3237,7,216,20,521,34,1781,27,2302,California
Modoc,2021-03-31,10,3879,3,419,3,3240,4,220,4,523,6,1787,8,2310,California
Modoc,2021-04-01,167,4046,2,421,160,3400,5,225,32,425,135,1922,37,2347,California
Modoc,2021-04-02,5,4051,0,421,2,3402,3,228,1,426,3,1925,4,2351,California
Modoc,2021-04-03,5,4056,2,423,0,3402,3,231,2,428,2,1927,4,2355,California
Modoc,2021-04-05,9,4065,0,423,9,3411,0,231,9,437,0,1927,9,2364,California
Modoc,2021-04-06,24,4089,5,428,9,3420,10,241,6,435,18,1945,16,2380,California
Modoc,2021-04-07,12,4101,1,429,4,3424,7,248,3,436,9,1954,10,2390,California
Modoc,2021-04-08,95,4196,1,430,92,3516,2,250,26,395,69,2023,28,2418,California
Modoc,2021-04-09,11,4207,2,432,6,3522,3,253,2,390,9,2032,4,2422,California
Modoc,2021-04-10,5,4212,0,432,1,3523,4,257,0,389,5,2037,4,2426,California
Modoc,2021-04-11,2,4214,2,434,0,3523,0,257,1,389,1,2038,1,2427,California
Modoc,2021-04-12,14,4228,0,434,10,3533,4,261,1,383,11,2049,5,2432,California
Modoc,2021-04-13,30,4258,29,463,1,3534,0,261,21,395,9,2058,21,2453,California
Modoc,2021-04-14,2,4260,2,465,0,3534,0,261,1,395,1,2059,1,2454,California
Modoc,2021-04-15,100,4360,0,465,100,3634,0,261,27,350,72,2131,27,2481,California
Modoc,2021-04-16,4,4364,4,469,0,3634,0,261,3,352,1,2132,3,2484,California
Modoc,2021-04-17,2,4366,2,471,0,3634,0,261,2,354,0,2132,2,2486,California
Modoc,2021-04-18,1,4367,0,471,1,3635,0,261,1,355,0,2132,1,2487,California
Modoc,2021-04-19,7,4374,0,471,7,3642,0,261,2,352,5,2137,2,2489,California
Modoc,2021-04-20,26,4400,2,473,24,3666,0,261,8,342,18,2155,8,2497,California
Modoc,2021-04-21,3,4403,3,476,0,3666,0,261,1,341,2,2157,1,2498,California
Modoc,2021-04-22,94,4497,1,477,93,3759,0,261,38,323,56,2213,38,2536,California
Modoc,2021-04-23,4,4501,0,477,4,3763,0,261,3,325,1,2214,3,2539,California
Modoc,2021-04-24,2,4503,0,477,1,3764,1,262,1,326,1,2215,2,2541,California
Modoc,2021-04-25,1,4504,1,478,0,3764,0,262,1,327,0,2215,1,2542,California
Modoc,2021-04-26,7,4511,0,478,7,3771,0,262,2,324,5,2220,2,2544,California
Modoc,2021-04-27,5,4516,4,482,0,3771,1,263,0,320,5,2225,1,2545,California
Modoc,2021-04-28,7,4523,1,483,5,3776,1,264,2,318,5,2230,3,2548,California
Modoc,2021-04-29,63,4586,2,485,61,3837,0,264,22,299,41,2271,22,2570,California
Modoc,2021-04-30,4,4590,3,488,1,3838,0,264,2,299,2,2273,2,2572,California
Modoc,2021-05-01,1,4591,1,489,0,3838,0,264,0,298,1,2274,0,2572,California
Modoc,2021-05-02,4,4595,3,492,1,3839,0,264,3,300,1,2275,3,2575,California
Modoc,2021-05-03,12,4607,0,492,11,3850,1,265,2,293,10,2285,3,2578,California
Modoc,2021-05-04,11,4618,3,495,6,3856,2,267,5,294,6,2291,7,2585,California
Modoc,2021-05-05,27,4645,24,519,2,3858,1,268,8,284,19,2310,9,2594,California
Modoc,2021-05-06,54,4699,3,522,49,3907,2,270,21,274,33,2343,23,2617,California
Modoc,2021-05-07,8,4707,3,525,3,3910,2,272,2,272,6,2349,4,2621,California
Modoc,2021-05-08,3,4710,2,527,0,3910,1,273,1,272,2,2351,2,2623,California
Modoc,2021-05-09,1,4711,1,528,0,3910,0,273,0,271,1,2352,0,2623,California
Modoc,2021-05-10,2,4713,0,528,1,3911,1,274,1,272,1,2353,2,2625,California
Modoc,2021-05-11,3,4716,2,530,0,3911,1,275,0,270,3,2356,1,2626,California
Modoc,2021-05-12,2,4718,0,530,0,3911,2,277,0,270,2,2358,2,2628,California
Modoc,2021-05-13,42,4760,0,530,38,3949,4,281,14,260,28,2386,18,2646,California
Modoc,2021-05-14,8,4768,3,533,0,3949,5,286,3,263,5,2391,8,2654,California
Modoc,2021-05-15,4,4772,3,536,1,3950,0,286,4,267,0,2391,4,2658,California
Modoc,2021-05-16,2,4774,1,537,1,3951,0,286,0,265,2,2393,0,2658,California
Modoc,2021-05-17,5,4779,3,540,2,3953,0,286,4,268,1,2394,4,2662,California
Modoc,2021-05-18,23,4802,12,552,9,3962,2,288,14,275,9,2403,16,2678,California
Modoc,2021-05-19,8,4810,1,553,3,3965,4,292,4,279,4,2407,8,2686,California
Modoc,2021-05-20,59,4869,3,556,47,4012,9,301,8,245,51,2458,17,2703,California
Modoc,2021-05-21,6,4875,4,560,1,4013,1,302,1,242,5,2463,2,2705,California
Modoc,2021-05-22,2,4877,2,562,0,4013,0,302,1,242,1,2464,1,2706,California
Modoc,2021-05-23,2,4879,2,564,0,4013,0,302,0,240,2,2466,0,2706,California
Modoc,2021-05-24,4,4883,1,565,1,4014,2,304,2,242,2,2468,4,2710,California
Modoc,2021-05-25,2,4885,1,566,1,4015,0,304,1,242,1,2469,1,2711,California
Modoc,2021-05-26,36,4921,33,599,3,4018,0,304,26,259,10,2479,27,2738,California
Modoc,2021-05-27,28,4949,1,600,22,4040,5,309,6,248,22,2501,11,2749,California
Modoc,2021-05-28,8,4957,1,601,4,4044,3,312,3,249,5,2506,6,2755,California
Modoc,2021-05-29,1,4958,1,602,0,4044,0,312,0,248,1,2507,0,2755,California
Modoc,2021-05-31,1,4959,0,602,0,4044,1,313,0,248,0,2507,0,2755,California
Modoc,2021-06-01,7,4966,0,602,6,4050,1,314,2,246,5,2512,3,2758,California
Modoc,2021-06-02,8,4974,0,602,6,4056,2,316,4,248,4,2516,6,2764,California
Modoc,2021-06-03,25,4999,1,603,22,4078,2,318,4,233,21,2537,6,2770,California
Modoc,2021-06-04,5,5004,3,606,1,4079,1,319,0,229,5,2542,1,2771,California
Modoc,2021-06-05,1,5005,0,606,1,4080,0,319,0,228,1,2543,0,2771,California
Modoc,2021-06-07,4,5009,4,610,0,4080,0,319,1,226,3,2546,1,2772,California
Modoc,2021-06-08,29,5038,10,620,18,4098,1,320,18,234,11,2557,19,2791,California
Modoc,2021-06-09,3,5041,2,622,1,4099,0,320,2,235,1,2558,2,2793,California
Modoc,2021-06-10,21,5062,1,623,19,4118,1,321,7,229,14,2572,8,2801,California
Modoc,2021-06-11,4,5066,2,625,1,4119,1,322,2,230,2,2574,3,2804,California
Modoc,2021-06-12,1,5067,1,626,0,4119,0,322,0,229,1,2575,0,2804,California
Modoc,2021-06-14,4,5071,0,626,2,4121,2,324,0,227,4,2579,2,2806,California
Modoc,2021-06-15,7,5078,1,627,4,4125,2,326,4,230,3,2582,6,2812,California
Modoc,2021-06-16,41,5119,25,652,11,4136,5,331,22,240,19,2601,29,2841,California
Modoc,2021-06-17,46,5165,20,672,25,4161,1,332,27,249,19,2620,28,2869,California
Modoc,2021-06-18,5,5170,0,672,3,4164,2,334,3,252,2,2622,5,2874,California
Modoc,2021-06-19,3,5173,0,672,1,4165,2,336,1,253,2,2624,3,2877,California
Modoc,2021-06-21,1,5174,0,672,1,4166,0,336,1,254,0,2624,1,2878,California
Modoc,2021-06-22,11,5185,4,676,7,4173,0,336,9,261,2,2626,9,2887,California
Modoc,2021-06-23,6,5191,0,676,3,4176,3,339,1,260,5,2631,4,2891,California
Modoc,2021-06-24,33,5224,14,690,15,4191,4,343,22,275,11,2642,26,2917,California
Modoc,2021-06-25,7,5231,0,690,5,4196,2,345,2,274,5,2647,4,2921,California
Modoc,2021-06-28,4,5235,1,691,3,4199,0,345,3,276,1,2648,3,2924,California
Modoc,2021-06-29,8,5243,1,692,6,4205,1,346,5,279,3,2651,6,2930,California
Modoc,2021-06-30,8,5251,1,693,7,4212,0,346,5,281,3,2654,5,2935,California
Modoc,2021-07-01,23,5274,11,704,1,4213,11,357,9,287,14,2668,20,2955,California
Modoc,2021-07-02,2,5276,2,706,0,4213,0,357,0,285,2,2670,0,2955,California
Modoc,2021-07-03,3,5279,0,706,3,4216,0,357,3,288,0,2670,3,2958,California
Modoc,2021-07-06,12,5291,5,711,7,4223,0,357,7,290,5,2675,7,2965,California
Modoc,2021-07-07,2,5293,0,711,1,4224,1,358,1,291,1,2676,2,2967,California
Mono,2020-12-18,1,1,1,1,0,0,0,0,1,1,0,0,1,1,California
Mono,2020-12-19,5,6,5,6,0,0,0,0,5,6,0,0,5,6,California
Mono,2020-12-20,7,13,7,13,0,0,0,0,7,13,0,0,7,13,California
Mono,2020-12-21,24,37,17,30,7,7,0,0,24,37,0,0,24,37,California
Mono,2020-12-22,67,104,65,95,2,9,0,0,67,104,0,0,67,104,California
Mono,2020-12-23,70,174,43,138,27,36,0,0,70,174,0,0,70,174,California
Mono,2020-12-24,3,177,1,139,2,38,0,0,3,177,0,0,3,177,California
Mono,2020-12-26,3,180,3,142,0,38,0,0,3,180,0,0,3,180,California
Mono,2020-12-27,1,181,0,142,1,39,0,0,1,181,0,0,1,181,California
Mono,2020-12-28,94,275,63,205,31,70,0,0,94,275,0,0,94,275,California
Mono,2020-12-29,29,304,29,234,0,70,0,0,29,304,0,0,29,304,California
Mono,2020-12-30,77,381,36,270,41,111,0,0,77,381,0,0,77,381,California
Mono,2020-12-31,4,385,1,271,3,114,0,0,4,385,0,0,4,385,California
Mono,2021-01-01,4,389,4,275,0,114,0,0,4,389,0,0,4,389,California
Mono,2021-01-02,2,391,2,277,0,114,0,0,2,391,0,0,2,391,California
Mono,2021-01-04,2,393,0,277,2,116,0,0,2,393,0,0,2,393,California
Mono,2021-01-05,45,438,2,279,43,159,0,0,44,436,1,1,44,437,California
Mono,2021-01-06,44,482,0,279,44,203,0,0,44,480,0,1,44,481,California
Mono,2021-01-07,55,537,3,282,52,255,0,0,53,532,2,3,54,535,California
Mono,2021-01-08,2,539,1,283,1,256,0,0,1,532,1,4,1,536,California
Mono,2021-01-09,4,543,4,287,0,256,0,0,0,528,4,8,0,536,California
Mono,2021-01-10,5,548,5,292,0,256,0,0,0,523,5,13,0,536,California
Mono,2021-01-11,8,556,5,297,3,259,0,0,4,523,4,17,4,540,California
Mono,2021-01-12,283,839,75,372,208,467,0,0,219,679,63,80,219,759,California
Mono,2021-01-13,234,1073,73,445,161,628,0,0,179,803,55,135,179,938,California
Mono,2021-01-14,74,1147,72,517,2,630,0,0,73,875,1,136,73,1011,California
Mono,2021-01-15,65,1212,3,520,62,692,0,0,65,940,0,136,65,1076,California
Mono,2021-01-16,3,1215,3,523,0,692,0,0,0,937,3,139,0,1076,California
Mono,2021-01-18,64,1279,55,578,9,701,0,0,2,877,62,201,2,1078,California
Mono,2021-01-19,209,1488,206,784,3,704,0,0,171,1011,38,239,172,1250,California
Mono,2021-01-20,235,1723,201,985,34,738,0,0,173,1122,62,301,173,1423,California
Mono,2021-01-21,4,1727,4,989,0,738,0,0,4,1126,0,301,4,1427,California
Mono,2021-01-22,4,1731,0,989,4,742,0,0,4,1130,0,301,4,1431,California
Mono,2021-01-23,589,2320,589,1578,0,742,0,0,588,1717,1,302,588,2019,California
Mono,2021-01-24,1,2321,0,1578,1,743,0,0,0,1716,1,303,0,2019,California
Mono,2021-01-25,200,2521,162,1740,38,781,0,0,161,1838,39,342,161,2180,California
Mono,2021-01-26,500,3021,498,2238,2,783,0,0,494,2326,6,348,494,2674,California
Mono,2021-01-27,4,3025,0,2238,4,787,0,0,4,2330,0,348,4,2678,California
Mono,2021-01-28,6,3031,2,2240,4,791,0,0,2,2328,4,352,2,2680,California
Mono,2021-01-30,196,3227,194,2434,2,793,0,0,195,2522,1,353,195,2875,California
Mono,2021-01-31,241,3468,136,2570,105,898,0,0,137,2555,104,457,137,3012,California
Mono,2021-02-01,27,3495,27,2597,0,898,0,0,0,2528,27,484,0,3012,California
Mono,2021-02-02,5,3500,0,2597,5,903,0,0,2,2527,3,487,2,3014,California
Mono,2021-02-03,4,3504,2,2599,2,905,0,0,2,2527,2,489,2,3016,California
Mono,2021-02-04,214,3718,159,2758,55,960,0,0,91,2497,121,610,91,3107,California
Mono,2021-02-05,610,4328,604,3362,6,966,0,0,607,3101,3,613,607,3714,California
Mono,2021-02-06,134,4462,133,3495,1,967,0,0,133,3233,1,614,133,3847,California
Mono,2021-02-07,2,4464,0,3495,2,969,0,0,2,3235,0,614,2,3849,California
Mono,2021-02-08,170,4634,170,3665,0,969,0,0,15,3096,154,768,15,3864,California
Mono,2021-02-09,231,4865,6,3671,225,1194,0,0,14,2893,217,985,14,3878,California
Mono,2021-02-10,541,5406,188,3859,353,1547,0,0,198,2749,343,1328,199,4077,California
Mono,2021-02-11,8,5414,5,3864,3,1550,0,0,3,2747,5,1333,3,4080,California
Mono,2021-02-12,89,5503,21,3885,68,1618,0,0,27,2712,62,1395,27,4107,California
Mono,2021-02-13,586,6089,584,4469,2,1620,0,0,26,2179,559,1954,26,4133,California
Mono,2021-02-15,167,6256,165,4634,2,1622,0,0,2,2018,163,2117,2,4135,California
Mono,2021-02-16,520,6776,516,5150,4,1626,0,0,45,1592,472,2589,46,4181,California
Mono,2021-02-17,6,6782,1,5151,5,1631,0,0,2,1590,4,2593,2,4183,California
Mono,2021-02-18,4,6786,2,5153,2,1633,0,0,3,1592,1,2594,3,4186,California
Mono,2021-02-19,56,6842,55,5208,1,1634,0,0,56,1648,0,2594,56,4242,California
Mono,2021-02-20,4,6846,4,5212,0,1634,0,0,4,1652,0,2594,4,4246,California
Mono,2021-02-21,6,6852,6,5218,0,1634,0,0,4,1654,2,2596,4,4250,California
Mono,2021-02-22,293,7145,292,5510,1,1635,0,0,26,1414,266,2862,26,4276,California
Mono,2021-02-23,150,7295,129,5639,21,1656,0,0,25,1314,125,2987,25,4301,California
Mono,2021-02-24,11,7306,3,5642,8,1664,0,0,4,1311,7,2994,4,4305,California
Mono,2021-02-25,5,7311,2,5644,3,1667,0,0,3,1313,1,2995,3,4308,California
Mono,2021-02-26,596,7907,594,6238,2,1669,0,0,21,760,574,3569,21,4329,California
Mono,2021-02-27,137,8044,133,6371,4,1673,0,0,4,633,131,3700,4,4333,California
Mono,2021-02-28,1,8045,0,6371,0,1673,1,1,0,633,1,3701,1,4334,California
Mono,2021-03-01,3,8048,2,6373,1,1674,0,1,2,635,0,3701,2,4336,California
Mono,2021-03-02,6,8054,4,6377,2,1676,0,1,4,637,2,3703,4,4340,California
Mono,2021-03-03,113,8167,3,6380,110,1786,0,1,109,743,3,3706,109,4449,California
Mono,2021-03-04,6,8173,2,6382,4,1790,0,1,3,743,3,3709,3,4452,California
Mono,2021-03-05,37,8210,28,6410,9,1799,0,1,13,732,24,3733,13,4465,California
Mono,2021-03-06,506,8716,18,6428,488,2287,0,1,497,1223,7,3740,498,4963,California
Mono,2021-03-07,1,8717,0,6428,1,2288,0,1,0,1222,1,3741,0,4963,California
Mono,2021-03-08,528,9245,11,6439,514,2802,3,4,518,1733,10,3751,521,5484,California
Mono,2021-03-09,6,9251,2,6441,3,2805,1,5,3,1735,2,3753,4,5488,California
Mono,2021-03-10,287,9538,91,6532,193,2998,3,8,8,1470,276,4029,11,5499,California
Mono,2021-03-11,10,9548,0,6532,1,2999,9,17,0,1469,10,4039,9,5508,California
Mono,2021-03-12,6,9554,1,6533,1,3000,4,21,0,1467,6,4045,4,5512,California
Mono,2021-03-13,819,10373,381,6914,438,3438,0,21,809,2266,10,4055,809,6321,California
Mono,2021-03-14,5,10378,5,6919,0,3438,0,21,1,2263,4,4059,1,6322,California
Mono,2021-03-15,31,10409,23,6942,3,3441,5,26,14,2266,16,4075,19,6341,California
Mono,2021-03-16,16,10425,6,6948,4,3445,6,32,8,2272,8,4083,14,6355,California
Mono,2021-03-17,34,10459,6,6954,20,3465,8,40,21,2288,13,4096,29,6384,California
Mono,2021-03-18,21,10480,2,6956,11,3476,8,48,8,2291,13,4109,16,6400,California
Mono,2021-03-19,21,10501,1,6957,17,3493,3,51,17,2308,3,4112,20,6420,California
Mono,2021-03-20,5,10506,3,6960,1,3494,1,52,4,2312,1,4113,5,6425,California
Mono,2021-03-21,1,10507,1,6961,0,3494,0,52,1,2313,0,4113,1,6426,California
Mono,2021-03-22,11,10518,0,6961,6,3500,5,57,5,2317,6,4119,10,6436,California
Mono,2021-03-23,43,10561,6,6967,32,3532,5,62,17,2314,25,4144,22,6458,California
Mono,2021-03-24,14,10575,1,6968,8,3540,5,67,5,2316,9,4153,11,6469,California
Mono,2021-03-25,19,10594,3,6971,12,3552,4,71,12,2325,7,4160,16,6485,California
Mono,2021-03-26,19,10613,3,6974,11,3563,5,76,10,2332,8,4168,15,6500,California
Mono,2021-03-27,353,10966,350,7324,3,3566,0,76,325,2629,28,4196,325,6825,California
Mono,2021-03-29,10,10976,3,7327,6,3572,1,77,8,2636,2,4198,9,6834,California
Mono,2021-03-30,12,10988,0,7327,8,3580,4,81,7,2642,5,4203,11,6845,California
Mono,2021-03-31,134,11122,7,7334,126,3706,1,82,23,2556,110,4313,24,6869,California
Mono,2021-04-01,9,11131,0,7334,8,3714,1,83,4,2556,5,4318,5,6874,California
Mono,2021-04-02,19,11150,2,7336,17,3731,0,83,8,2553,11,4329,8,6882,California
Mono,2021-04-03,858,12008,369,7705,489,4220,0,83,48,1794,807,5136,48,6930,California
Mono,2021-04-04,1,12009,1,7706,0,4220,0,83,0,1793,1,5137,0,6930,California
Mono,2021-04-05,528,12537,18,7724,509,4729,1,84,35,1337,492,5629,36,6966,California
Mono,2021-04-06,19,12556,1,7725,5,4734,13,97,1,1333,18,5647,14,6980,California
Mono,2021-04-07,23,12579,2,7727,2,4736,19,116,2,1333,21,5668,21,7001,California
Mono,2021-04-08,26,12605,4,7731,3,4739,19,135,6,1338,20,5688,25,7026,California
Mono,2021-04-09,39,12644,4,7735,6,4745,29,164,9,1346,30,5718,38,7064,California
Mono,2021-04-10,452,13096,2,7737,443,5188,7,171,30,961,422,6140,37,7101,California
Mono,2021-04-11,1,13097,1,7738,0,5188,0,171,0,960,1,6141,0,7101,California
Mono,2021-04-12,6,13103,0,7738,3,5191,3,174,3,963,3,6144,6,7107,California
Mono,2021-04-13,19,13122,2,7740,16,5207,1,175,13,971,6,6150,14,7121,California
Mono,2021-04-14,26,13148,2,7742,24,5231,0,175,8,961,18,6168,8,7129,California
Mono,2021-04-15,18,13166,4,7746,14,5245,0,175,10,963,8,6176,10,7139,California
Mono,2021-04-16,18,13184,1,7747,17,5262,0,175,7,959,11,6187,7,7146,California
Mono,2021-04-17,52,13236,2,7749,50,5312,0,175,45,997,7,6194,45,7191,California
Mono,2021-04-18,1,13237,0,7749,1,5313,0,175,1,998,0,6194,1,7192,California
Mono,2021-04-19,536,13773,327,8076,209,5522,0,175,202,869,331,6525,202,7394,California
Mono,2021-04-20,15,13788,2,8078,13,5535,0,175,10,874,5,6530,10,7404,California
Mono,2021-04-21,7,13795,0,8078,7,5542,0,175,2,871,5,6535,2,7406,California
Mono,2021-04-22,25,13820,11,8089,14,5556,0,175,11,868,14,6549,11,7417,California
Mono,2021-04-23,22,13842,2,8091,20,5576,0,175,12,870,10,6559,12,7429,California
Mono,2021-04-24,35,13877,21,8112,14,5590,0,175,20,875,15,6574,20,7449,California
Mono,2021-04-25,3,13880,2,8114,1,5591,0,175,3,878,0,6574,3,7452,California
Mono,2021-04-26,12,13892,2,8116,10,5601,0,175,3,872,9,6583,3,7455,California
Mono,2021-04-27,67,13959,41,8157,19,5620,7,182,51,914,16,6599,58,7513,California
Mono,2021-04-28,62,14021,40,8197,18,5638,4,186,48,954,12,6611,52,7565,California
Mono,2021-04-29,10,14031,3,8200,4,5642,3,189,3,953,7,6618,6,7571,California
Mono,2021-04-30,19,14050,3,8203,12,5654,4,193,8,954,11,6629,12,7583,California
Mono,2021-05-01,109,14159,5,8208,104,5758,0,193,96,1038,12,6641,96,7679,California
Mono,2021-05-03,2,14161,1,8209,1,5759,0,193,1,1038,1,6642,1,7680,California
Mono,2021-05-04,19,14180,0,8209,13,5772,6,199,10,1045,9,6651,16,7696,California
Mono,2021-05-05,52,14232,8,8217,40,5812,4,203,45,1087,7,6658,49,7745,California
Mono,2021-05-06,16,14248,4,8221,11,5823,1,204,10,1092,6,6664,11,7756,California
Mono,2021-05-07,30,14278,22,8243,8,5831,0,204,25,1112,5,6669,25,7781,California
Mono,2021-05-08,53,14331,7,8250,46,5877,0,204,24,1107,29,6698,24,7805,California
Mono,2021-05-09,1,14332,1,8251,0,5877,0,204,0,1107,0,6698,0,7805,California
Mono,2021-05-10,18,14350,1,8252,13,5890,4,208,9,1111,9,6707,13,7818,California
Mono,2021-05-11,15,14365,2,8254,10,5900,3,211,5,1109,10,6717,8,7826,California
Mono,2021-05-12,12,14377,0,8254,11,5911,1,212,4,1106,8,6725,5,7831,California
Mono,2021-05-13,47,14424,31,8285,15,5926,1,213,38,1136,9,6734,39,7870,California
Mono,2021-05-14,11,14435,1,8286,9,5935,1,214,6,1138,5,6739,7,7877,California
Mono,2021-05-15,66,14501,24,8310,35,5970,7,221,19,1117,47,6786,26,7903,California
Mono,2021-05-16,6,14507,4,8314,1,5971,1,222,2,1116,4,6790,3,7906,California
Mono,2021-05-17,250,14757,34,8348,209,6180,7,229,54,983,195,6985,62,7968,California
Mono,2021-05-18,134,14891,110,8458,23,6203,1,230,87,1025,47,7032,89,8057,California
Mono,2021-05-19,119,15010,112,8570,2,6205,5,235,75,1061,44,7076,80,8137,California
Mono,2021-05-20,71,15081,56,8626,10,6215,5,240,54,1103,17,7093,59,8196,California
Mono,2021-05-21,23,15104,4,8630,16,6231,3,243,10,1103,13,7106,13,8209,California
Mono,2021-05-22,22,15126,12,8642,8,6239,2,245,16,1115,6,7112,18,8227,California
Mono,2021-05-23,2,15128,0,8642,2,6241,0,245,1,1115,1,7113,1,8228,California
Mono,2021-05-24,15,15143,1,8643,13,6254,1,246,9,1120,6,7119,11,8239,California
Mono,2021-05-25,15,15158,5,8648,10,6264,0,246,8,1121,7,7126,8,8247,California
Mono,2021-05-26,18,15176,2,8650,15,6279,1,247,7,1118,11,7137,8,8255,California
Mono,2021-05-27,8,15184,0,8650,8,6287,0,247,5,1121,2,7139,5,8260,California
Mono,2021-05-28,42,15226,28,8678,14,6301,0,247,11,1101,31,7170,11,8271,California
Mono,2021-05-29,128,15354,26,8704,99,6400,3,250,32,1040,96,7266,35,8306,California
Mono,2021-06-01,16,15370,7,8711,9,6409,0,250,9,1042,7,7273,9,8315,California
Mono,2021-06-02,47,15417,4,8715,43,6452,0,250,10,1015,37,7310,10,8325,California
Mono,2021-06-03,11,15428,1,8716,7,6459,3,253,1,1009,10,7320,4,8329,California
Mono,2021-06-04,12,15440,1,8717,10,6469,1,254,3,1004,9,7329,4,8333,California
Mono,2021-06-05,44,15484,23,8740,21,6490,0,254,5,970,39,7368,5,8338,California
Mono,2021-06-06,1,15485,0,8740,1,6491,0,254,0,969,1,7369,0,8338,California
Mono,2021-06-07,99,15584,87,8827,8,6499,4,258,12,898,87,7456,16,8354,California
Mono,2021-06-08,113,15697,103,8930,8,6507,2,260,12,811,101,7557,14,8368,California
Mono,2021-06-09,6,15703,1,8931,5,6512,0,260,1,807,5,7562,1,8369,California
Mono,2021-06-10,6,15709,0,8931,4,6516,2,262,2,807,4,7566,4,8373,California
Mono,2021-06-11,74,15783,62,8993,7,6523,5,267,6,750,68,7634,11,8384,California
Mono,2021-06-12,1,15784,1,8994,0,6523,0,267,0,749,1,7635,0,8384,California
Mono,2021-06-13,1,15785,0,8994,1,6524,0,267,1,750,0,7635,1,8385,California
Mono,2021-06-14,65,15850,30,9024,29,6553,6,273,20,731,45,7680,26,8411,California
Mono,2021-06-15,8,15858,5,9029,3,6556,0,273,4,731,4,7684,4,8415,California
Mono,2021-06-16,14,15872,5,9034,9,6565,0,273,6,729,8,7692,6,8421,California
Mono,2021-06-17,6,15878,1,9035,3,6568,2,275,2,729,4,7696,4,8425,California
Mono,2021-06-18,5,15883,3,9038,1,6569,1,276,1,728,3,7699,2,8427,California
Mono,2021-06-19,3,15886,3,9041,0,6569,0,276,3,731,0,7699,3,8430,California
Mono,2021-06-20,1,15887,0,9041,1,6570,0,276,0,730,1,7700,0,8430,California
Mono,2021-06-21,14,15901,2,9043,10,6580,2,278,3,725,10,7710,5,8435,California
Mono,2021-06-22,13,15914,2,9045,10,6590,1,279,4,722,8,7718,5,8440,California
Mono,2021-06-23,12,15926,0,9045,6,6596,6,285,2,721,10,7728,9,8449,California
Mono,2021-06-24,7,15933,0,9045,5,6601,2,287,2,720,5,7733,4,8453,California
Mono,2021-06-25,33,15966,22,9067,11,6612,0,287,7,701,26,7759,7,8460,California
Mono,2021-06-26,1,15967,1,9068,0,6612,0,287,0,700,1,7760,0,8460,California
Mono,2021-06-27,1,15968,0,9068,1,6613,0,287,1,701,0,7760,1,8461,California
Mono,2021-06-28,11,15979,7,9075,1,6614,3,290,2,697,9,7769,5,8466,California
Mono,2021-06-29,2,15981,2,9077,0,6614,0,290,2,699,0,7769,2,8468,California
Mono,2021-06-30,7,15988,1,9078,3,6617,3,293,3,701,4,7773,6,8474,California
Mono,2021-07-01,8,15996,1,9079,4,6621,3,296,2,700,6,7779,5,8479,California
Mono,2021-07-02,39,16035,35,9114,2,6623,2,298,14,691,25,7804,16,8495,California
Mono,2021-07-05,4,16039,0,9114,3,6626,1,299,3,694,1,7805,4,8499,California
Mono,2021-07-06,12,16051,3,9117,5,6631,4,303,5,696,7,7812,9,8508,California
Mono,2021-07-07,6,16057,3,9120,3,6634,0,303,1,692,5,7817,1,8509,California
Monterey,2020-12-16,6,6,6,6,0,0,0,0,6,6,0,0,6,6,California
Monterey,2020-12-17,87,93,87,93,0,0,0,0,87,93,0,0,87,93,California
Monterey,2020-12-18,489,582,489,582,0,0,0,0,489,582,0,0,489,582,California
Monterey,2020-12-19,581,1163,580,1162,1,1,0,0,580,1162,0,0,580,1162,California
Monterey,2020-12-20,421,1584,420,1582,1,2,0,0,421,1583,0,0,421,1583,California
Monterey,2020-12-21,724,2308,724,2306,0,2,0,0,724,2307,0,0,724,2307,California
Monterey,2020-12-22,536,2844,523,2829,13,15,0,0,536,2843,0,0,536,2843,California
Monterey,2020-12-23,443,3287,267,3096,176,191,0,0,443,3286,0,0,443,3286,California
Monterey,2020-12-24,84,3371,10,3106,74,265,0,0,84,3370,0,0,84,3370,California
Monterey,2020-12-25,6,3377,0,3106,6,271,0,0,6,3376,0,0,6,3376,California
Monterey,2020-12-26,92,3469,5,3111,87,358,0,0,92,3468,0,0,92,3468,California
Monterey,2020-12-27,6,3475,3,3114,3,361,0,0,6,3474,0,0,6,3474,California
Monterey,2020-12-28,477,3952,25,3139,452,813,0,0,477,3951,0,0,477,3951,California
Monterey,2020-12-29,902,4854,169,3308,733,1546,0,0,902,4853,0,0,902,4853,California
Monterey,2020-12-30,566,5420,98,3406,468,2014,0,0,566,5419,0,0,566,5419,California
Monterey,2020-12-31,33,5453,11,3417,22,2036,0,0,33,5452,0,0,33,5452,California
Monterey,2021-01-01,13,5466,3,3420,10,2046,0,0,13,5465,0,0,13,5465,California
Monterey,2021-01-02,137,5603,134,3554,3,2049,0,0,137,5602,0,0,137,5602,California
Monterey,2021-01-03,30,5633,29,3583,1,2050,0,0,30,5632,0,0,30,5632,California
Monterey,2021-01-04,412,6045,19,3602,393,2443,0,0,412,6044,0,0,412,6044,California
Monterey,2021-01-05,756,6801,328,3930,428,2871,0,0,742,6772,14,14,742,6786,California
Monterey,2021-01-06,663,7464,176,4106,487,3358,0,0,638,7385,25,39,638,7424,California
Monterey,2021-01-07,752,8216,576,4682,176,3534,0,0,424,7483,326,365,424,7848,California
Monterey,2021-01-08,1094,9310,740,5422,354,3888,0,0,395,7179,699,1064,395,8243,California
Monterey,2021-01-09,962,10272,932,6354,30,3918,0,0,311,6841,649,1713,311,8554,California
Monterey,2021-01-10,273,10545,270,6624,3,3921,0,0,9,6586,264,1977,9,8563,California
Monterey,2021-01-11,1069,11614,987,7611,82,4003,0,0,365,6247,704,2681,365,8928,California
Monterey,2021-01-12,477,12091,396,8007,81,4084,0,0,211,6194,266,2947,213,9141,California
Monterey,2021-01-13,1222,13313,595,8602,627,4711,0,0,1176,7324,46,2993,1176,10317,California
Monterey,2021-01-14,1199,14512,244,8846,955,5666,0,0,1179,8487,20,3013,1183,11500,California
Monterey,2021-01-15,1057,15569,46,8892,1011,6677,0,0,1045,9520,12,3025,1045,12545,California
Monterey,2021-01-16,365,15934,300,9192,65,6742,0,0,360,9875,5,3030,360,12905,California
Monterey,2021-01-17,314,16248,294,9486,20,6762,0,0,302,10165,12,3042,302,13207,California
Monterey,2021-01-18,400,16648,50,9536,350,7112,0,0,378,10521,22,3064,378,13585,California
Monterey,2021-01-19,585,17233,400,9936,185,7297,0,0,421,10780,162,3226,421,14006,California
Monterey,2021-01-20,544,17777,270,10206,274,7571,0,0,335,10906,209,3435,335,14341,California
Monterey,2021-01-21,872,18649,116,10322,756,8327,0,0,760,11558,112,3547,764,15105,California
Monterey,2021-01-22,1072,19721,200,10522,872,9199,0,0,1031,12548,41,3588,1031,16136,California
Monterey,2021-01-23,244,19965,175,10697,69,9268,0,0,120,12547,123,3711,122,16258,California
Monterey,2021-01-24,62,20027,38,10735,24,9292,0,0,28,12541,34,3745,28,16286,California
Monterey,2021-01-25,801,20828,176,10911,625,9917,0,0,175,12097,619,4364,175,16461,California
Monterey,2021-01-26,952,21780,231,11142,721,10638,0,0,252,11649,700,5064,252,16713,California
Monterey,2021-01-27,855,22635,300,11442,555,11193,0,0,374,11542,481,5545,374,17087,California
Monterey,2021-01-28,2030,24665,741,12183,1289,12482,0,0,1684,12883,345,5890,1686,18773,California
Monterey,2021-01-29,1284,25949,715,12898,569,13051,0,0,1166,13933,117,6007,1167,19940,California
Monterey,2021-01-30,465,26414,295,13193,170,13221,0,0,209,13886,256,6263,209,20149,California
Monterey,2021-01-31,495,26909,73,13266,422,13643,0,0,484,14360,11,6274,485,20634,California
Monterey,2021-02-01,1639,28548,1124,14390,515,14158,0,0,1071,14864,567,6841,1071,21705,California
Monterey,2021-02-02,2187,30735,478,14868,1709,15867,0,0,1573,15824,613,7454,1573,23278,California
Monterey,2021-02-03,2338,33073,1045,15913,1293,17160,0,0,1557,16604,777,8231,1557,24835,California
Monterey,2021-02-04,2818,35891,2100,18013,718,17878,0,0,2464,18719,349,8580,2464,27299,California
Monterey,2021-02-05,3682,39573,2833,20846,849,18727,0,0,3235,21512,442,9022,3235,30534,California
Monterey,2021-02-06,1101,40674,379,21225,722,19449,0,0,756,21926,342,9364,756,31290,California
Monterey,2021-02-07,319,40993,273,21498,46,19495,0,0,97,21802,221,9585,97,31387,California
Monterey,2021-02-08,524,41517,293,21791,231,19726,0,0,423,22124,101,9686,423,31810,California
Monterey,2021-02-09,881,42398,684,22475,197,19923,0,0,568,22381,311,9997,568,32378,California
Monterey,2021-02-10,2096,44494,1106,23581,990,20913,0,0,1237,22761,859,10856,1239,33617,California
Monterey,2021-02-11,2521,47015,977,24558,1544,22457,0,0,1537,23318,982,11838,1539,35156,California
Monterey,2021-02-12,2629,49644,449,25007,2180,24637,0,0,1527,23745,1101,12939,1528,36684,California
Monterey,2021-02-13,1077,50721,50,25057,1027,25664,0,0,987,24643,89,13028,987,37671,California
Monterey,2021-02-14,597,51318,74,25131,523,26187,0,0,525,25096,72,13100,525,38196,California
Monterey,2021-02-15,1385,52703,167,25298,1218,27405,0,0,977,25668,406,13506,978,39174,California
Monterey,2021-02-16,1097,53800,247,25545,850,28255,0,0,871,26313,226,13732,871,40045,California
Monterey,2021-02-17,1977,55777,1181,26726,796,29051,0,0,1659,27657,317,14049,1661,41706,California
Monterey,2021-02-18,2242,58019,1179,27905,1063,30114,0,0,910,27251,1318,15367,912,42618,California
Monterey,2021-02-19,2962,60981,1544,29449,1418,31532,0,0,1349,26991,1611,16978,1351,43969,California
Monterey,2021-02-20,1039,62020,627,30076,412,31944,0,0,976,27906,62,17040,977,44946,California
Monterey,2021-02-21,1338,63358,1307,31383,31,31975,0,0,1260,29093,74,17114,1261,46207,California
Monterey,2021-02-22,1065,64423,911,32294,154,32129,0,0,684,29399,378,17492,684,46891,California
Monterey,2021-02-23,1020,65443,650,32944,370,32499,0,0,328,29037,691,18183,329,47220,California
Monterey,2021-02-24,2574,68017,1339,34283,1235,33734,0,0,1923,30315,646,18829,1924,49144,California
Monterey,2021-02-25,4549,72566,2474,36757,2075,35809,0,0,1524,28827,3014,21843,1526,50670,California
Monterey,2021-02-26,5333,77899,3098,39855,2235,38044,0,0,2653,28804,2677,24520,2654,53324,California
Monterey,2021-02-27,1045,78944,187,40042,858,38902,0,0,834,29433,205,24725,834,54158,California
Monterey,2021-02-28,1540,80484,88,40130,1451,40353,1,1,1069,30039,464,25189,1070,55228,California
Monterey,2021-03-01,1297,81781,142,40272,1152,41505,3,4,753,30258,537,25726,756,55984,California
Monterey,2021-03-02,2823,84604,1735,42007,1088,42593,0,4,1960,31359,859,26585,1960,57944,California
Monterey,2021-03-03,3222,87826,1247,43254,1975,44568,0,4,1282,30706,1936,28521,1283,59227,California
Monterey,2021-03-04,4576,92402,1477,44731,3099,47667,0,4,2941,32020,1629,30150,2943,62170,California
Monterey,2021-03-05,3677,96079,1621,46352,1776,49443,280,284,3004,34632,672,30822,3284,65454,California
Monterey,2021-03-06,5065,101144,1069,47421,3691,53134,305,589,4158,38189,905,31727,4462,69916,California
Monterey,2021-03-07,594,101738,108,47529,181,53315,305,894,246,38389,347,32074,547,70463,California
Monterey,2021-03-08,1679,103417,328,47857,958,54273,393,1287,1127,39354,552,32626,1517,71980,California
Monterey,2021-03-09,1997,105414,699,48556,1019,55292,279,1566,1488,40610,508,33134,1764,73744,California
Monterey,2021-03-10,3190,108604,1035,49591,1669,56961,486,2052,1473,40855,1710,34844,1955,75699,California
Monterey,2021-03-11,4168,112772,1412,51003,2382,59343,374,2426,2393,41855,1766,36610,2766,78465,California
Monterey,2021-03-12,4428,117200,2047,53050,2245,61588,136,2562,2730,43023,1695,38305,2863,81328,California
Monterey,2021-03-13,5309,122509,963,54013,3999,65587,347,2909,3982,46026,1325,39630,4328,85656,California
Monterey,2021-03-14,2156,124665,1323,55336,808,66395,25,2934,503,44919,1635,41265,528,86184,California
Monterey,2021-03-15,3995,128660,1275,56611,2417,68812,303,3237,2255,45743,1735,43000,2559,88743,California
Monterey,2021-03-16,3549,132209,593,57204,2565,71377,391,3628,2117,46818,1429,44429,2504,91247,California
Monterey,2021-03-17,5825,138034,2366,59570,3201,74578,258,3886,4194,49653,1622,46051,4457,95704,California
Monterey,2021-03-18,4466,142500,2167,61737,2129,76707,170,4056,3098,51595,1363,47414,3305,99009,California
Monterey,2021-03-19,5512,148012,2579,64316,2787,79494,146,4202,4218,54669,1289,48703,4363,103372,California
Monterey,2021-03-20,3373,151385,427,64743,2253,81747,693,4895,2283,56558,1086,49789,2975,106347,California
Monterey,2021-03-21,641,152026,216,64959,415,82162,10,4905,567,57062,72,49861,576,106923,California
Monterey,2021-03-22,2504,154530,1444,66403,997,83159,63,4968,2285,59192,216,50077,2346,109269,California
Monterey,2021-03-23,4027,158557,2360,68763,1624,84783,43,5011,2547,60307,1475,51552,2590,111859,California
Monterey,2021-03-24,5136,163693,2124,70887,2693,87476,319,5330,3743,62979,1386,52938,4058,115917,California
Monterey,2021-03-25,5339,169032,1230,72117,3750,91226,359,5689,2668,63345,2662,55600,3028,118945,California
Monterey,2021-03-26,5464,174496,2615,74732,2763,93989,86,5775,2738,63458,2713,58313,2826,121771,California
Monterey,2021-03-27,4851,179347,1452,76184,3144,97133,255,6030,3127,65121,1721,60034,3384,125155,California
Monterey,2021-03-28,1128,180475,347,76531,772,97905,9,6039,631,65272,489,60523,640,125795,California
Monterey,2021-03-29,3239,183714,1419,77950,1806,99711,14,6053,2006,66072,1225,61748,2025,127820,California
Monterey,2021-03-30,4524,188238,2141,80091,2337,102048,46,6099,2775,67158,1738,63486,2824,130644,California
Monterey,2021-03-31,5310,193548,2298,82389,2214,104262,798,6897,3315,69270,1990,65476,4102,134746,California
Monterey,2021-04-01,6148,199696,2065,84454,3671,107933,412,7309,3113,69770,3019,68495,3519,138265,California
Monterey,2021-04-02,4710,204406,2190,86644,2456,110389,64,7373,3165,71458,1543,70038,3231,141496,California
Monterey,2021-04-03,5942,210348,1116,87760,3780,114169,1046,8419,1233,69028,4701,74739,2271,143767,California
Monterey,2021-04-04,765,211113,156,87916,594,114763,15,8434,493,69266,271,75010,509,144276,California
Monterey,2021-04-05,4048,215161,2499,90415,1312,116075,237,8671,1509,68476,2534,77544,1744,146020,California
Monterey,2021-04-06,3449,218610,1353,91768,1623,117698,473,9144,1185,67870,2260,79804,1654,147674,California
Monterey,2021-04-07,5658,224268,1394,93162,3743,121441,521,9665,2712,68163,2935,82739,3228,150902,California
Monterey,2021-04-08,6699,230967,3517,96679,2370,123811,812,10477,3308,68898,3386,86125,4121,155023,California
Monterey,2021-04-09,5770,236737,3436,100115,1693,125504,641,11118,2294,68356,3473,89598,2931,157954,California
Monterey,2021-04-10,10300,247037,4962,105077,3128,128632,2210,13328,5000,70272,5286,94884,7202,165156,California
Monterey,2021-04-11,5518,252555,4336,109413,574,129206,608,13936,4467,74294,1045,95929,5067,170223,California
Monterey,2021-04-12,4159,256714,1883,111296,1960,131166,316,14252,963,72515,3057,98986,1278,171501,California
Monterey,2021-04-13,3233,259947,745,112041,2482,133648,6,14258,1552,72412,1663,100649,1560,173061,California
Monterey,2021-04-14,6858,266805,3188,115229,3667,137315,3,14261,1869,69320,4965,105614,1873,174934,California
Monterey,2021-04-15,5921,272726,3911,119140,2010,139325,0,14261,3882,71196,2007,107621,3883,178817,California
Monterey,2021-04-16,4783,277509,2330,121470,2439,141764,14,14275,2135,70713,2633,110254,2150,180967,California
Monterey,2021-04-17,5855,283364,1399,122869,4456,146220,0,14275,3793,72461,2046,112300,3794,184761,California
Monterey,2021-04-18,884,284248,294,123163,590,146810,0,14275,260,72101,620,112920,260,185021,California
Monterey,2021-04-19,3621,287869,1159,124322,2462,149272,0,14275,1647,71788,1960,114880,1647,186668,California
Monterey,2021-04-20,3850,291719,1549,125871,2301,151573,0,14275,1528,71019,2298,117178,1529,188197,California
Monterey,2021-04-21,6197,297916,3375,129246,2822,154395,0,14275,2958,70781,3198,120376,2960,191157,California
Monterey,2021-04-22,4902,302818,1071,130317,3831,158226,0,14275,1999,69921,2859,123235,1999,193156,California
Monterey,2021-04-23,5750,308568,2711,133028,3038,161264,1,14276,2264,68726,3465,126700,2270,195426,California
Monterey,2021-04-24,4293,312861,584,133612,3709,164973,0,14276,1547,67545,2729,129429,1548,196974,California
Monterey,2021-04-25,1242,314103,607,134219,635,165608,0,14276,786,67885,446,129875,786,197760,California
Monterey,2021-04-26,3786,317889,2244,136463,1525,167133,17,14293,981,66104,2779,132654,998,198758,California
Monterey,2021-04-27,2884,320773,945,137408,1799,168932,140,14433,1223,65810,1656,134310,1362,200120,California
Monterey,2021-04-28,3667,324440,1402,138810,2112,171044,153,14586,2253,66811,1400,135710,2401,202521,California
Monterey,2021-04-29,4555,328995,2441,141251,2038,173082,76,14662,1668,65683,2873,138583,1745,204266,California
Monterey,2021-04-30,3245,332240,1685,142936,1485,174567,75,14737,833,64187,2402,140985,906,205172,California
Monterey,2021-05-01,5639,337879,4233,147169,1366,175933,40,14777,685,59977,4933,145918,723,205895,California
Monterey,2021-05-02,4346,342225,3922,151091,397,176330,27,14804,300,56272,4032,149950,327,206222,California
Monterey,2021-05-03,2546,344771,1566,152657,866,177196,114,14918,584,55017,1953,151903,698,206920,California
Monterey,2021-05-04,1828,346599,628,153285,1110,178306,90,15008,660,54614,1154,153057,751,207671,California
Monterey,2021-05-05,3379,349978,1242,154527,2053,180359,84,15092,1072,53475,2296,155353,1157,208828,California
Monterey,2021-05-06,4220,354198,2781,157308,1223,181582,216,15308,1122,51730,3083,158436,1338,210166,California
Monterey,2021-05-07,1974,356172,953,158261,923,182505,98,15406,705,51273,1259,159695,802,210968,California
Monterey,2021-05-08,2715,358887,1482,159743,910,183415,323,15729,964,50820,1739,161434,1286,212254,California
Monterey,2021-05-09,394,359281,113,159856,254,183669,27,15756,128,50710,265,161699,155,212409,California
Monterey,2021-05-10,2826,362107,2080,161936,699,184368,47,15803,527,48999,2287,163986,576,212985,California
Monterey,2021-05-11,1865,363972,953,162889,834,185202,78,15881,759,48744,1093,165079,838,213823,California
Monterey,2021-05-12,3927,367899,2073,164962,1771,186973,83,15964,875,46665,3038,168117,959,214782,California
Monterey,2021-05-13,2689,370588,1605,166567,1029,188002,55,16019,1537,47116,1138,169255,1589,216371,California
Monterey,2021-05-14,1871,372459,580,167147,1191,189193,100,16119,735,46825,1126,170381,835,217206,California
Monterey,2021-05-15,3389,375848,826,167973,2297,191490,266,16385,953,45618,2422,172803,1215,218421,California
Monterey,2021-05-16,985,376833,632,168605,282,191772,71,16456,284,45277,695,173498,354,218775,California
Monterey,2021-05-17,2248,379081,1341,169946,830,192602,77,16533,1069,45258,1165,174663,1146,219921,California
Monterey,2021-05-18,1758,380839,690,170636,1024,193626,44,16577,812,45178,938,175601,858,220779,California
Monterey,2021-05-19,3634,384473,2358,172994,1186,194812,90,16667,1939,45520,1689,177290,2031,222810,California
Monterey,2021-05-20,2781,387254,980,173974,1692,196504,109,16776,933,44731,1834,179124,1045,223855,California
Monterey,2021-05-21,3282,390536,1325,175299,1864,198368,93,16869,1012,43580,2255,181379,1104,224959,California
Monterey,2021-05-22,2134,392670,734,176033,1120,199488,280,17149,811,43356,1313,182692,1089,226048,California
Monterey,2021-05-23,874,393544,518,176551,340,199828,16,17165,502,43508,366,183058,518,226566,California
Monterey,2021-05-24,1737,395281,563,177114,1112,200940,62,17227,575,42989,1157,184215,638,227204,California
Monterey,2021-05-25,1436,396717,550,177664,817,201757,69,17296,570,42777,851,185066,639,227843,California
Monterey,2021-05-26,2677,399394,1031,178695,1589,203346,57,17353,1014,42201,1647,186713,1071,228914,California
Monterey,2021-05-27,2493,401887,1366,180061,1070,204416,57,17410,896,41573,1582,188295,954,229868,California
Monterey,2021-05-28,1742,403629,580,180641,1102,205518,60,17470,750,41403,981,189276,811,230679,California
Monterey,2021-05-29,988,404617,634,181275,321,205839,33,17503,403,41260,580,189856,437,231116,California
Monterey,2021-05-30,379,404996,164,181439,201,206040,14,17517,142,41180,236,190092,156,231272,California
Monterey,2021-05-31,186,405182,34,181473,143,206183,9,17526,52,41108,133,190225,61,231333,California
Monterey,2021-06-01,1720,406902,922,182395,666,206849,132,17658,529,40593,1172,191397,657,231990,California
Monterey,2021-06-02,1691,408593,979,183374,662,207511,50,17708,702,40361,983,192380,751,232741,California
Monterey,2021-06-03,2223,410816,1418,184792,770,208281,35,17743,518,39219,1694,194074,552,233293,California
Monterey,2021-06-04,1332,412148,687,185479,611,208892,34,17777,532,38992,793,194867,566,233859,California
Monterey,2021-06-05,2181,414329,856,186335,705,209597,620,18397,478,38395,1687,196554,1090,234949,California
Monterey,2021-06-06,498,414827,408,186743,81,209678,9,18406,253,38412,244,196798,261,235210,California
Monterey,2021-06-07,944,415771,487,187230,410,210088,47,18453,364,38251,570,197368,409,235619,California
Monterey,2021-06-08,1177,416948,737,187967,416,210504,24,18477,416,37939,751,198119,439,236058,California
Monterey,2021-06-09,2920,419868,2191,190158,603,211107,126,18603,641,36431,2275,200394,767,236825,California
Monterey,2021-06-10,1523,421391,933,191091,529,211636,61,18664,539,36051,978,201372,598,237423,California
Monterey,2021-06-11,1402,422793,764,191855,562,212198,76,18740,509,35749,885,202257,583,238006,California
Monterey,2021-06-12,750,423543,511,192366,224,212422,15,18755,352,35720,396,202653,367,238373,California
Monterey,2021-06-13,597,424140,462,192828,122,212544,13,18768,118,35375,475,203128,130,238503,California
Monterey,2021-06-14,1402,425542,1007,193835,361,212905,34,18802,367,34747,1029,204157,401,238904,California
Monterey,2021-06-15,1163,426705,589,194424,451,213356,123,18925,401,34519,752,204909,524,239428,California
Monterey,2021-06-16,1592,428297,1111,195535,448,213804,33,18958,408,33784,1176,206085,441,239869,California
Monterey,2021-06-17,1188,429485,688,196223,343,214147,157,19115,428,33614,755,206840,585,240454,California
Monterey,2021-06-18,1208,430693,728,196951,451,214598,29,19144,537,33516,664,207504,566,241020,California
Monterey,2021-06-19,1310,432003,1013,197964,266,214864,31,19175,492,33229,810,208314,523,241543,California
Monterey,2021-06-20,236,432239,158,198122,70,214934,8,19183,81,33164,155,208469,90,241633,California
Monterey,2021-06-21,678,432917,372,198494,271,215205,35,19218,388,33301,285,208754,422,242055,California
Monterey,2021-06-22,1534,434451,988,199482,354,215559,192,19410,503,32974,1017,209771,690,242745,California
Monterey,2021-06-23,1081,435532,723,200205,324,215883,34,19444,439,32813,633,210404,472,243217,California
Monterey,2021-06-24,867,436399,519,200724,326,216209,22,19466,418,32808,445,210849,440,243657,California
Monterey,2021-06-25,1005,437404,622,201346,367,216576,16,19482,477,32777,523,211372,492,244149,California
Monterey,2021-06-26,610,438014,444,201790,154,216730,12,19494,336,32852,271,211643,346,244495,California
Monterey,2021-06-27,352,438366,272,202062,66,216796,14,19508,99,32713,252,211895,113,244608,California
Monterey,2021-06-28,576,438942,373,202435,172,216968,31,19539,252,32677,319,212214,283,244891,California
Monterey,2021-06-29,861,439803,527,202962,250,217218,84,19623,340,32584,516,212730,423,245314,California
Monterey,2021-06-30,1039,440842,703,203665,316,217534,20,19643,425,32420,609,213339,445,245759,California
Monterey,2021-07-01,767,441609,524,204189,220,217754,23,19666,348,32377,413,213752,370,246129,California
Monterey,2021-07-02,887,442496,490,204679,357,218111,40,19706,472,32481,407,214159,511,246640,California
Monterey,2021-07-03,564,443060,431,205110,130,218241,3,19709,263,32449,298,214457,266,246906,California
Monterey,2021-07-04,33,443093,23,205133,9,218250,1,19710,22,32461,11,214468,23,246929,California
Monterey,2021-07-05,385,443478,234,205367,144,218394,7,19717,174,32433,209,214677,181,247110,California
Monterey,2021-07-06,834,444312,573,205940,237,218631,24,19741,354,32334,477,215154,378,247488,California
Monterey,2021-07-07,585,444897,372,206312,199,218830,14,19755,293,32355,286,215440,307,247795,California
Napa,2020-12-16,13,13,13,13,0,0,0,0,13,13,0,0,13,13,California
Napa,2020-12-17,46,59,46,59,0,0,0,0,46,59,0,0,46,59,California
Napa,2020-12-18,107,166,107,166,0,0,0,0,107,166,0,0,107,166,California
Napa,2020-12-19,222,388,222,388,0,0,0,0,222,388,0,0,222,388,California
Napa,2020-12-20,190,578,190,578,0,0,0,0,190,578,0,0,190,578,California
Napa,2020-12-21,315,893,315,893,0,0,0,0,316,894,0,0,316,894,California
Napa,2020-12-22,337,1230,328,1221,9,9,0,0,337,1231,0,0,337,1231,California
Napa,2020-12-23,437,1667,325,1546,112,121,0,0,437,1668,0,0,437,1668,California
Napa,2020-12-24,138,1805,77,1623,61,182,0,0,138,1806,0,0,138,1806,California
Napa,2020-12-25,1,1806,1,1624,0,182,0,0,1,1807,0,0,1,1807,California
Napa,2020-12-26,40,1846,11,1635,29,211,0,0,40,1847,0,0,40,1847,California
Napa,2020-12-27,32,1878,16,1651,16,227,0,0,32,1879,0,0,32,1879,California
Napa,2020-12-28,253,2131,185,1836,68,295,0,0,279,2158,0,0,279,2158,California
Napa,2020-12-29,274,2405,215,2051,59,354,0,0,307,2465,0,0,307,2465,California
Napa,2020-12-30,632,3037,484,2535,148,502,0,0,640,3105,0,0,640,3105,California
Napa,2020-12-31,462,3499,373,2908,89,591,0,0,462,3567,0,0,462,3567,California
Napa,2021-01-01,1,3500,1,2909,0,591,0,0,1,3568,0,0,1,3568,California
Napa,2021-01-02,95,3595,90,2999,5,596,0,0,95,3663,0,0,95,3663,California
Napa,2021-01-03,14,3609,12,3011,2,598,0,0,9,3672,0,0,9,3672,California
Napa,2021-01-04,105,3714,62,3073,43,641,0,0,105,3777,0,0,105,3777,California
Napa,2021-01-05,163,3877,86,3159,77,718,0,0,146,3899,24,24,146,3923,California
Napa,2021-01-06,466,4343,119,3278,347,1065,0,0,399,4233,65,89,399,4322,California
Napa,2021-01-07,499,4842,237,3515,262,1327,0,0,394,4523,104,193,394,4716,California
Napa,2021-01-08,443,5285,229,3744,214,1541,0,0,259,4599,183,376,259,4975,California
Napa,2021-01-09,328,5613,303,4047,25,1566,0,0,190,4651,138,514,190,5165,California
Napa,2021-01-10,185,5798,102,4149,83,1649,0,0,108,4682,77,591,108,5273,California
Napa,2021-01-11,870,6668,420,4569,450,2099,0,0,500,4813,371,962,502,5775,California
Napa,2021-01-12,1329,7997,381,4950,948,3047,0,0,1005,5494,324,1286,1005,6780,California
Napa,2021-01-13,1319,9316,269,5219,1050,4097,0,0,1154,6485,164,1450,1155,7935,California
Napa,2021-01-14,1053,10369,168,5387,885,4982,0,0,936,7306,115,1565,936,8871,California
Napa,2021-01-15,1472,11841,386,5773,1086,6068,0,0,1324,8476,155,1720,1325,10196,California
Napa,2021-01-16,361,12202,132,5905,229,6297,0,0,343,8801,18,1738,343,10539,California
Napa,2021-01-17,343,12545,178,6083,165,6462,0,0,333,9124,10,1748,333,10872,California
Napa,2021-01-18,1092,13637,197,6280,895,7357,0,0,1001,10034,91,1839,1001,11873,California
Napa,2021-01-19,1005,14642,402,6682,603,7960,0,0,766,10562,238,2077,766,12639,California
Napa,2021-01-20,835,15477,189,6871,646,8606,0,0,648,11026,185,2262,649,13288,California
Napa,2021-01-21,1571,17048,609,7480,962,9568,0,0,1118,11693,452,2714,1119,14407,California
Napa,2021-01-22,1580,18628,436,7916,1144,10712,0,0,1235,12585,344,3058,1236,15643,California
Napa,2021-01-23,397,19025,317,8233,80,10792,0,0,337,12862,60,3118,337,15980,California
Napa,2021-01-24,267,19292,189,8422,78,10870,0,0,209,13013,58,3176,209,16189,California
Napa,2021-01-25,1526,20818,232,8654,1294,12164,0,0,1437,14361,89,3265,1437,17626,California
Napa,2021-01-26,879,21697,283,8937,596,12760,0,0,784,15051,95,3360,785,18411,California
Napa,2021-01-27,632,22329,222,9159,410,13170,0,0,469,15357,164,3524,470,18881,California
Napa,2021-01-28,392,22721,175,9334,217,13387,0,0,199,15365,191,3715,199,19080,California
Napa,2021-01-29,264,22985,67,9401,197,13584,0,0,166,15433,98,3813,166,19246,California
Napa,2021-01-30,821,23806,709,10110,112,13696,0,0,652,15916,169,3982,652,19898,California
Napa,2021-01-31,693,24499,661,10771,32,13728,0,0,669,16561,24,4006,669,20567,California
Napa,2021-02-01,323,24822,113,10884,210,13938,0,0,165,16568,158,4164,165,20732,California
Napa,2021-02-02,616,25438,283,11167,333,14271,0,0,304,16563,309,4473,304,21036,California
Napa,2021-02-03,753,26191,313,11480,440,14711,0,0,435,16681,317,4790,435,21471,California
Napa,2021-02-04,788,26979,370,11850,418,15129,0,0,441,16777,345,5135,441,21912,California
Napa,2021-02-05,714,27693,312,12162,402,15531,0,0,342,16747,372,5507,342,22254,California
Napa,2021-02-06,437,28130,143,12305,294,15825,0,0,332,16975,104,5611,332,22586,California
Napa,2021-02-07,180,28310,167,12472,13,15838,0,0,72,16939,108,5719,72,22658,California
Napa,2021-02-08,841,29151,193,12665,648,16486,0,0,278,16656,561,6280,278,22936,California
Napa,2021-02-09,1090,30241,450,13115,640,17126,0,0,445,16457,644,6924,445,23381,California
Napa,2021-02-10,1741,31982,196,13311,1545,18671,0,0,455,15630,1283,8207,456,23837,California
Napa,2021-02-11,1507,33489,198,13509,1309,19980,0,0,408,14952,1086,9293,408,24245,California
Napa,2021-02-12,2200,35689,868,14377,1332,21312,0,0,697,14152,1497,10790,697,24942,California
Napa,2021-02-13,514,36203,56,14433,458,21770,0,0,320,14278,194,10984,320,25262,California
Napa,2021-02-14,354,36557,88,14521,266,22036,0,0,191,14306,163,11147,191,25453,California
Napa,2021-02-15,888,37445,186,14707,702,22738,0,0,226,13872,660,11807,226,25679,California
Napa,2021-02-16,1297,38742,602,15309,695,23433,0,0,618,13814,676,12483,618,26297,California
Napa,2021-02-17,1065,39807,536,15845,529,23962,0,0,486,13724,577,13060,487,26784,California
Napa,2021-02-18,1944,41751,497,16342,1447,25409,0,0,676,13135,1265,14325,676,27460,California
Napa,2021-02-19,1516,43267,598,16940,918,26327,0,0,682,12985,832,15157,682,28142,California
Napa,2021-02-20,879,44146,638,17578,241,26568,0,0,287,12680,592,15749,287,28429,California
Napa,2021-02-21,895,45041,827,18405,68,26636,0,0,198,12181,697,16446,198,28627,California
Napa,2021-02-22,487,45528,203,18608,284,26920,0,0,150,11994,337,16783,150,28777,California
Napa,2021-02-23,1167,46695,318,18926,849,27769,0,0,330,11487,837,17620,330,29107,California
Napa,2021-02-24,1218,47913,682,19608,536,28305,0,0,617,11505,599,18219,617,29724,California
Napa,2021-02-25,2611,50524,1261,20869,1350,29655,0,0,1885,12666,724,18943,1885,31609,California
Napa,2021-02-26,1556,52080,553,21422,1003,30658,0,0,622,12356,932,19875,622,32231,California
Napa,2021-02-27,1189,53269,424,21846,765,31423,0,0,932,13033,255,20130,932,33163,California
Napa,2021-02-28,726,53995,608,22454,118,31541,0,0,608,13525,116,20246,608,33771,California
Napa,2021-03-01,1172,55167,881,23335,291,31832,0,0,894,14143,276,20522,894,34665,California
Napa,2021-03-02,1507,56674,1051,24386,456,32288,0,0,1161,14959,345,20867,1161,35826,California
Napa,2021-03-03,1573,58247,696,25082,877,33165,0,0,1383,16153,189,21056,1383,37209,California
Napa,2021-03-04,1725,59972,793,25875,932,34097,0,0,1481,17393,241,21297,1481,38690,California
Napa,2021-03-05,1913,61885,793,26668,1116,35213,4,4,1484,18455,426,21723,1488,40178,California
Napa,2021-03-06,657,62542,289,26957,338,35551,30,34,544,18918,111,21834,574,40752,California
Napa,2021-03-07,560,63102,322,27279,199,35750,39,73,384,19166,175,22009,423,41175,California
Napa,2021-03-08,724,63826,338,27617,331,36081,55,128,546,19589,175,22184,598,41773,California
Napa,2021-03-09,1694,65520,611,28228,1035,37116,48,176,1249,20445,441,22625,1297,43070,California
Napa,2021-03-10,1503,67023,929,29157,481,37597,93,269,802,20640,697,23322,892,43962,California
Napa,2021-03-11,1890,68913,1068,30225,690,38287,132,401,986,20852,903,24225,1115,45077,California
Napa,2021-03-12,1521,70434,924,31149,501,38788,96,497,813,21054,705,24930,907,45984,California
Napa,2021-03-13,1180,71614,310,31459,845,39633,25,522,834,21569,344,25274,859,46843,California
Napa,2021-03-14,624,72238,338,31797,135,39768,151,673,208,21512,415,25689,358,47201,California
Napa,2021-03-15,962,73200,412,32209,480,40248,70,743,481,21583,479,26168,550,47751,California
Napa,2021-03-16,1859,75059,394,32603,1338,41586,127,870,1383,22623,471,26639,1511,49262,California
Napa,2021-03-17,2535,77594,1864,34467,492,42078,179,1049,1589,23446,945,27584,1768,51030,California
Napa,2021-03-18,2152,79746,958,35425,1182,43260,12,1061,1283,23877,864,28448,1295,52325,California
Napa,2021-03-19,1460,81206,889,36314,544,43804,27,1088,691,23829,766,29214,718,53043,California
Napa,2021-03-20,1017,82223,532,36846,332,44136,153,1241,390,23746,626,29840,543,53586,California
Napa,2021-03-21,727,82950,702,37548,22,44158,3,1244,233,23490,492,30332,236,53822,California
Napa,2021-03-22,1303,84253,1121,38669,170,44328,12,1256,438,23080,860,31192,450,54272,California
Napa,2021-03-23,1901,86154,1203,39872,681,45009,17,1273,1009,23218,888,32080,1026,55298,California
Napa,2021-03-24,1713,87867,947,40819,757,45766,9,1282,816,23146,896,32976,824,56122,California
Napa,2021-03-25,1935,89802,1058,41877,823,46589,54,1336,772,22815,1157,34133,826,56948,California
Napa,2021-03-26,1313,91115,840,42717,467,47056,6,1342,587,22688,720,34853,593,57541,California
Napa,2021-03-27,957,92072,437,43154,493,47549,27,1369,296,22350,661,35514,323,57864,California
Napa,2021-03-28,492,92564,382,43536,103,47652,7,1376,181,22229,309,35823,188,58052,California
Napa,2021-03-29,1199,93763,874,44410,320,47972,5,1381,727,22491,470,36293,732,58784,California
Napa,2021-03-30,2800,96563,935,45345,1860,49832,5,1386,1979,23653,822,37115,1984,60768,California
Napa,2021-03-31,1977,98540,966,46311,942,50774,69,1455,800,23346,1174,38289,867,61635,California
Napa,2021-04-01,1761,100301,848,47159,794,51568,119,1574,478,22665,1275,39564,594,62229,California
Napa,2021-04-02,1869,102170,842,48001,885,52453,142,1716,470,21881,1395,40959,611,62840,California
Napa,2021-04-03,637,102807,372,48373,207,52660,58,1774,214,21729,422,41381,270,63110,California
Napa,2021-04-04,359,103166,146,48519,154,52814,59,1833,122,21674,236,41617,181,63291,California
Napa,2021-04-05,1279,104445,758,49277,302,53116,219,2052,571,21758,705,42322,789,64080,California
Napa,2021-04-06,2271,106716,567,49844,1443,54559,261,2313,528,20805,1740,44062,787,64867,California
Napa,2021-04-07,1753,108469,708,50552,823,55382,222,2535,529,20336,1218,45280,749,65616,California
Napa,2021-04-08,1874,110343,1074,51626,423,55805,377,2912,962,20768,906,46186,1338,66954,California
Napa,2021-04-09,1552,111895,927,52553,319,56124,306,3218,680,20883,870,47056,985,67939,California
Napa,2021-04-10,1051,112946,353,52906,596,56720,102,3320,245,20427,803,47859,347,68286,California
Napa,2021-04-11,388,113334,301,53207,64,56784,23,3343,157,20376,231,48090,180,68466,California
Napa,2021-04-12,797,114131,304,53511,368,57152,125,3468,293,20288,502,48592,414,68880,California
Napa,2021-04-13,2588,116719,866,54377,1722,58874,0,3468,937,19581,1644,50236,937,69817,California
Napa,2021-04-14,2159,118878,1018,55395,1141,60015,0,3468,1052,19535,1098,51334,1052,70869,California
Napa,2021-04-15,2090,120968,534,55929,1556,61571,0,3468,897,19247,1185,52519,897,71766,California
Napa,2021-04-16,3011,123979,1644,57573,1367,62938,0,3468,2279,20799,727,53246,2279,74045,California
Napa,2021-04-17,1168,125147,276,57849,892,63830,0,3468,860,21352,307,53553,860,74905,California
Napa,2021-04-18,284,125431,190,58039,94,63924,0,3468,122,21312,162,53715,122,75027,California
Napa,2021-04-19,629,126060,340,58379,289,64213,0,3468,275,21234,353,54068,275,75302,California
Napa,2021-04-20,3075,129135,2096,60475,979,65192,0,3468,2089,22341,983,55051,2090,77392,California
Napa,2021-04-21,2984,132119,2201,62676,783,65975,0,3468,1886,23136,1092,56143,1887,79279,California
Napa,2021-04-22,1860,133979,1301,63977,558,66533,1,3469,867,23015,988,57131,867,80146,California
Napa,2021-04-23,1652,135631,1270,65247,380,66913,2,3471,1165,23697,483,57614,1165,81311,California
Napa,2021-04-24,572,136203,321,65568,251,67164,0,3471,297,23722,272,57886,297,81608,California
Napa,2021-04-25,249,136452,190,65758,59,67223,0,3471,127,23728,121,58007,127,81735,California
Napa,2021-04-26,553,137005,283,66041,270,67493,0,3471,285,23750,263,58270,285,82020,California
Napa,2021-04-27,1789,138794,469,66510,1308,68801,12,3483,594,23165,1191,59461,606,82626,California
Napa,2021-04-28,1021,139815,472,66982,532,69333,17,3500,349,22861,670,60131,366,82992,California
Napa,2021-04-29,734,140549,366,67348,349,69682,19,3519,270,22692,457,60588,288,83280,California
Napa,2021-04-30,623,141172,312,67660,247,69929,64,3583,257,22648,364,60952,320,83600,California
Napa,2021-05-01,330,141502,271,67931,48,69977,11,3594,121,22571,209,61161,132,83732,California
Napa,2021-05-02,237,141739,193,68124,38,70015,6,3600,99,22539,137,61298,105,83837,California
Napa,2021-05-03,637,142376,497,68621,104,70119,36,3636,111,22165,522,61820,148,83985,California
Napa,2021-05-04,1144,143520,728,69349,304,70423,112,3748,305,21747,835,62655,417,84402,California
Napa,2021-05-05,1040,144560,704,70053,298,70721,38,3786,262,21272,775,63430,300,84702,California
Napa,2021-05-06,722,145282,320,70373,379,71100,23,3809,371,21325,342,63772,395,85097,California
Napa,2021-05-07,1594,146876,1365,71738,166,71266,63,3872,331,20479,1239,65011,393,85490,California
Napa,2021-05-08,260,147136,167,71905,82,71348,11,3883,88,20408,170,65181,99,85589,California
Napa,2021-05-09,119,147255,87,71992,32,71380,0,3883,58,20406,60,65241,58,85647,California
Napa,2021-05-10,430,147685,146,72138,265,71645,19,3902,111,20218,318,65559,130,85777,California
Napa,2021-05-11,2192,149877,1808,73946,359,72004,25,3927,385,18826,1802,67361,410,86187,California
Napa,2021-05-12,2220,152097,1389,75335,774,72778,57,3984,311,17290,1903,69264,367,86554,California
Napa,2021-05-13,1964,154061,1248,76583,676,73454,40,4024,864,17102,1093,70357,905,87459,California
Napa,2021-05-14,1968,156029,1189,77772,693,74147,86,4110,534,16296,1427,71784,621,88080,California
Napa,2021-05-15,1079,157108,367,78139,700,74847,12,4122,258,15751,816,72600,271,88351,California
Napa,2021-05-16,245,157353,165,78304,78,74925,2,4124,73,15654,172,72772,75,88426,California
Napa,2021-05-17,892,158245,347,78651,515,75440,30,4154,305,15465,525,73297,336,88762,California
Napa,2021-05-18,1080,159325,557,79208,466,75906,57,4211,514,15475,561,73858,571,89333,California
Napa,2021-05-19,981,160306,577,79785,374,76280,30,4241,508,15543,469,74327,537,89870,California
Napa,2021-05-20,662,160968,436,80221,195,76475,31,4272,380,15675,279,74606,411,90281,California
Napa,2021-05-21,526,161494,266,80487,228,76703,32,4304,219,15621,305,74911,251,90532,California
Napa,2021-05-22,463,161957,276,80763,178,76881,9,4313,192,15552,271,75182,202,90734,California
Napa,2021-05-23,400,162357,354,81117,35,76916,11,4324,296,15755,104,75286,307,91041,California
Napa,2021-05-24,386,162743,189,81306,177,77093,20,4344,154,15700,229,75515,174,91215,California
Napa,2021-05-25,430,163173,175,81481,184,77277,71,4415,144,15630,284,75799,214,91429,California
Napa,2021-05-26,559,163732,361,81842,174,77451,24,4439,319,15736,237,76036,343,91772,California
Napa,2021-05-27,399,164131,172,82014,199,77650,28,4467,152,15669,247,76283,180,91952,California
Napa,2021-05-28,407,164538,212,82226,171,77821,24,4491,169,15626,234,76517,191,92143,California
Napa,2021-05-29,128,164666,79,82305,45,77866,4,4495,74,15651,53,76570,78,92221,California
Napa,2021-05-30,97,164763,61,82366,31,77897,5,4500,28,15617,67,76637,33,92254,California
Napa,2021-05-31,51,164814,17,82383,28,77925,6,4506,9,15590,42,76679,15,92269,California
Napa,2021-06-01,605,165419,313,82696,268,78193,24,4530,261,15536,338,77017,284,92553,California
Napa,2021-06-02,412,165831,245,82941,145,78338,22,4552,190,15527,220,77237,211,92764,California
Napa,2021-06-03,756,166587,460,83401,271,78609,25,4577,129,15056,623,77860,152,92916,California
Napa,2021-06-04,785,167372,605,84006,143,78752,37,4614,146,14602,637,78497,183,93099,California
Napa,2021-06-05,313,167685,255,84261,47,78799,11,4625,73,14448,238,78735,84,93183,California
Napa,2021-06-06,145,167830,125,84386,19,78818,1,4626,45,14395,99,78834,46,93229,California
Napa,2021-06-07,397,168227,285,84671,84,78902,28,4654,94,14215,302,79136,122,93351,California
Napa,2021-06-08,622,168849,494,85165,111,79013,17,4671,275,14163,344,79480,292,93643,California
Napa,2021-06-09,559,169408,453,85618,91,79104,15,4686,99,13819,458,79938,114,93757,California
Napa,2021-06-10,515,169923,415,86033,67,79171,33,4719,111,13559,404,80342,144,93901,California
Napa,2021-06-11,411,170334,267,86300,119,79290,25,4744,117,13408,293,80635,142,94043,California
Napa,2021-06-12,205,170539,173,86473,27,79317,5,4749,41,13291,163,80798,46,94089,California
Napa,2021-06-13,290,170829,277,86750,8,79325,5,4754,29,13064,261,81059,34,94123,California
Napa,2021-06-14,484,171313,341,87091,117,79442,26,4780,92,12791,388,81447,115,94238,California
Napa,2021-06-15,376,171689,277,87368,86,79528,13,4793,185,12799,190,81637,198,94436,California
Napa,2021-06-16,261,171950,164,87532,81,79609,16,4809,84,12726,173,81810,100,94536,California
Napa,2021-06-17,392,172342,323,87855,61,79670,8,4817,71,12484,321,82131,79,94615,California
Napa,2021-06-18,267,172609,173,88028,83,79753,11,4828,90,12410,175,82306,101,94716,California
Napa,2021-06-19,110,172719,77,88105,23,79776,10,4838,47,12406,61,82367,57,94773,California
Napa,2021-06-20,54,172773,42,88147,9,79785,3,4841,19,12393,35,82402,22,94795,California
Napa,2021-06-21,158,172931,73,88220,65,79850,20,4861,75,12405,82,82484,94,94889,California
Napa,2021-06-22,374,173305,296,88516,63,79913,15,4876,109,12265,264,82748,124,95013,California
Napa,2021-06-23,340,173645,264,88780,54,79967,22,4898,109,12168,227,82975,130,95143,California
Napa,2021-06-24,167,173812,114,88894,48,80015,5,4903,71,12150,94,83069,76,95219,California
Napa,2021-06-25,244,174056,161,89055,70,80085,13,4916,119,12162,119,83188,131,95350,California
Napa,2021-06-26,92,174148,76,89131,11,80096,5,4921,45,12165,47,83235,50,95400,California
Napa,2021-06-27,70,174218,60,89191,10,80106,0,4921,33,12161,37,83272,33,95433,California
Napa,2021-06-28,189,174407,144,89335,34,80140,11,4932,82,12147,106,83378,92,95525,California
Napa,2021-06-29,408,174815,336,89671,55,80195,17,4949,115,11987,291,83669,131,95656,California
Napa,2021-06-30,181,174996,123,89794,49,80244,9,4958,78,11972,102,83771,87,95743,California
Napa,2021-07-01,167,175163,113,89907,45,80289,9,4967,75,11964,91,83862,83,95826,California
Napa,2021-07-02,173,175336,131,90038,35,80324,7,4974,68,11935,104,83966,75,95901,California
Napa,2021-07-03,76,175412,62,90100,8,80332,6,4980,42,11950,33,83999,48,95949,California
Napa,2021-07-04,7,175419,0,90100,6,80338,1,4981,0,11944,7,84006,1,95950,California
Napa,2021-07-05,89,175508,70,90170,14,80352,5,4986,48,11956,41,84047,53,96003,California
Napa,2021-07-06,308,175816,270,90440,26,80378,12,4998,105,11870,202,84249,116,96119,California
Napa,2021-07-07,123,175939,80,90520,34,80412,9,5007,55,11866,68,84317,64,96183,California
Nevada,2020-12-16,3,3,3,3,0,0,0,0,3,3,0,0,3,3,California
Nevada,2020-12-17,6,9,6,9,0,0,0,0,6,9,0,0,6,9,California
Nevada,2020-12-18,57,66,57,66,0,0,0,0,57,66,0,0,57,66,California
Nevada,2020-12-19,55,121,55,121,0,0,0,0,55,121,0,0,55,121,California
Nevada,2020-12-20,13,134,13,134,0,0,0,0,13,134,0,0,13,134,California
Nevada,2020-12-21,69,203,69,203,0,0,0,0,69,203,0,0,69,203,California
Nevada,2020-12-22,90,293,88,291,2,2,0,0,90,293,0,0,90,293,California
Nevada,2020-12-23,232,525,202,493,30,32,0,0,232,525,0,0,232,525,California
Nevada,2020-12-24,13,538,11,504,2,34,0,0,13,538,0,0,13,538,California
Nevada,2020-12-25,3,541,3,507,0,34,0,0,3,541,0,0,3,541,California
Nevada,2020-12-26,6,547,4,511,2,36,0,0,6,547,0,0,6,547,California
Nevada,2020-12-27,89,636,89,600,0,36,0,0,89,636,0,0,89,636,California
Nevada,2020-12-28,172,808,94,694,78,114,0,0,172,808,0,0,172,808,California
Nevada,2020-12-29,100,908,74,768,26,140,0,0,100,908,0,0,100,908,California
Nevada,2020-12-30,86,994,66,834,20,160,0,0,86,994,0,0,86,994,California
Nevada,2020-12-31,38,1032,8,842,30,190,0,0,38,1032,0,0,38,1032,California
Nevada,2021-01-01,4,1036,1,843,3,193,0,0,4,1036,0,0,4,1036,California
Nevada,2021-01-02,2,1038,1,844,1,194,0,0,2,1038,0,0,2,1038,California
Nevada,2021-01-03,130,1168,125,969,5,199,0,0,130,1168,0,0,130,1168,California
Nevada,2021-01-04,72,1240,47,1016,25,224,0,0,72,1240,0,0,72,1240,California
Nevada,2021-01-05,274,1514,133,1149,141,365,0,0,273,1512,1,1,273,1513,California
Nevada,2021-01-06,91,1605,43,1192,48,413,0,0,83,1587,8,9,83,1596,California
Nevada,2021-01-07,217,1822,43,1235,174,587,0,0,210,1792,6,15,211,1807,California
Nevada,2021-01-08,222,2044,129,1364,93,680,0,0,165,1901,57,72,166,1973,California
Nevada,2021-01-09,64,2108,57,1421,7,687,0,0,14,1865,50,122,14,1987,California
Nevada,2021-01-10,19,2127,10,1431,9,696,0,0,10,1866,9,131,10,1997,California
Nevada,2021-01-11,188,2315,131,1562,57,753,0,0,60,1798,128,259,60,2057,California
Nevada,2021-01-12,600,2915,453,2015,147,900,0,0,533,2264,67,326,533,2590,California
Nevada,2021-01-13,262,3177,148,2163,114,1014,0,0,128,2258,134,460,128,2718,California
Nevada,2021-01-14,240,3417,127,2290,113,1127,0,0,223,2465,16,476,223,2941,California
Nevada,2021-01-15,403,3820,174,2464,229,1356,0,0,302,2666,101,577,302,3243,California
Nevada,2021-01-16,300,4120,16,2480,284,1640,0,0,296,2958,4,581,296,3539,California
Nevada,2021-01-17,36,4156,32,2512,4,1644,0,0,34,2990,2,583,34,3573,California
Nevada,2021-01-18,151,4307,41,2553,110,1754,0,0,141,3121,10,593,141,3714,California
Nevada,2021-01-19,250,4557,90,2643,160,1914,0,0,228,3327,22,615,228,3942,California
Nevada,2021-01-20,276,4833,166,2809,110,2024,0,0,262,3575,14,629,262,4204,California
Nevada,2021-01-21,344,5177,206,3015,138,2162,0,0,331,3893,13,642,331,4535,California
Nevada,2021-01-22,381,5558,238,3253,143,2305,0,0,351,4214,30,672,351,4886,California
Nevada,2021-01-23,182,5740,107,3360,75,2380,0,0,182,4396,0,672,182,5068,California
Nevada,2021-01-24,110,5850,102,3462,8,2388,0,0,69,4424,41,713,69,5137,California
Nevada,2021-01-25,266,6116,135,3597,131,2519,0,0,204,4566,62,775,204,5341,California
Nevada,2021-01-26,408,6524,145,3742,263,2782,0,0,303,4764,105,880,303,5644,California
Nevada,2021-01-27,429,6953,254,3996,175,2957,0,0,404,5143,25,905,404,6048,California
Nevada,2021-01-28,479,7432,326,4322,153,3110,0,0,435,5535,43,948,435,6483,California
Nevada,2021-01-29,609,8041,393,4715,216,3326,0,0,580,6088,28,976,581,7064,California
Nevada,2021-01-30,297,8338,106,4821,191,3517,0,0,294,6379,3,979,294,7358,California
Nevada,2021-01-31,104,8442,87,4908,17,3534,0,0,100,6477,3,982,101,7459,California
Nevada,2021-02-01,294,8736,72,4980,222,3756,0,0,280,6743,14,996,280,7739,California
Nevada,2021-02-02,531,9267,186,5166,345,4101,0,0,331,6874,200,1196,331,8070,California
Nevada,2021-02-03,817,10084,573,5739,244,4345,0,0,762,7582,54,1250,762,8832,California
Nevada,2021-02-04,745,10829,397,6136,348,4693,0,0,491,7820,253,1503,491,9323,California
Nevada,2021-02-05,657,11486,369,6505,288,4981,0,0,466,8097,189,1692,466,9789,California
Nevada,2021-02-06,272,11758,84,6589,188,5169,0,0,243,8311,29,1721,243,10032,California
Nevada,2021-02-07,247,12005,193,6782,54,5223,0,0,192,8448,55,1776,192,10224,California
Nevada,2021-02-08,657,12662,408,7190,249,5472,0,0,553,8899,102,1878,553,10777,California
Nevada,2021-02-09,606,13268,339,7529,267,5739,0,0,464,9221,142,2020,464,11241,California
Nevada,2021-02-10,655,13923,327,7856,328,6067,0,0,422,9412,232,2252,423,11664,California
Nevada,2021-02-11,890,14813,514,8370,376,6443,0,0,555,9634,333,2585,555,12219,California
Nevada,2021-02-12,956,15769,446,8816,510,6953,0,0,628,9937,325,2910,628,12847,California
Nevada,2021-02-13,618,16387,239,9055,379,7332,0,0,392,10108,222,3132,393,13240,California
Nevada,2021-02-14,234,16621,120,9175,114,7446,0,0,205,10284,29,3161,205,13445,California
Nevada,2021-02-15,713,17334,438,9613,275,7721,0,0,538,10647,175,3336,538,13983,California
Nevada,2021-02-16,632,17966,202,9815,430,8151,0,0,461,10938,170,3506,461,14444,California
Nevada,2021-02-17,1202,19168,777,10592,425,8576,0,0,858,11452,344,3850,858,15302,California
Nevada,2021-02-18,1025,20193,558,11150,467,9043,0,0,603,11636,419,4269,603,15905,California
Nevada,2021-02-19,1134,21327,636,11786,498,9541,0,0,761,12028,370,4639,762,16667,California
Nevada,2021-02-20,308,21635,113,11899,195,9736,0,0,180,12081,127,4766,180,16847,California
Nevada,2021-02-21,105,21740,91,11990,14,9750,0,0,15,12009,87,4853,15,16862,California
Nevada,2021-02-22,519,22259,347,12337,172,9922,0,0,368,12227,150,5003,368,17230,California
Nevada,2021-02-23,512,22771,251,12588,261,10183,0,0,227,12173,282,5285,228,17458,California
Nevada,2021-02-24,538,23309,293,12881,245,10428,0,0,261,12162,276,5561,265,17723,California
Nevada,2021-02-25,880,24189,475,13356,405,10833,0,0,441,12167,436,5997,441,18164,California
Nevada,2021-02-26,1252,25441,891,14247,361,11194,0,0,420,11758,829,6826,420,18584,California
Nevada,2021-02-27,426,25867,114,14361,312,11506,0,0,194,11720,232,7058,194,18778,California
Nevada,2021-02-28,274,26141,160,14521,114,11620,0,0,126,11699,147,7205,126,18904,California
Nevada,2021-03-01,843,26984,441,14962,402,12022,0,0,369,11598,470,7675,369,19273,California
Nevada,2021-03-02,742,27726,292,15254,450,12472,0,0,510,11881,227,7902,510,19783,California
Nevada,2021-03-03,993,28719,510,15764,482,12954,1,1,520,11931,471,8373,521,20304,California
Nevada,2021-03-04,1111,29830,624,16388,487,13441,0,1,466,11756,641,9014,466,20770,California
Nevada,2021-03-05,1187,31017,483,16871,694,14135,10,11,711,12004,473,9487,721,21491,California
Nevada,2021-03-06,365,31382,121,16992,217,14352,27,38,150,11965,215,9702,176,21667,California
Nevada,2021-03-07,216,31598,108,17100,82,14434,26,64,70,11915,146,9848,96,21763,California
Nevada,2021-03-08,831,32429,563,17663,221,14655,47,111,373,11879,457,10305,421,22184,California
Nevada,2021-03-09,794,33223,404,18067,340,14995,50,161,467,12070,325,10630,516,22700,California
Nevada,2021-03-10,1010,34233,650,18717,303,15298,57,218,340,11803,663,11293,396,23096,California
Nevada,2021-03-11,1114,35347,729,19446,361,15659,24,242,551,11824,554,11847,575,23671,California
Nevada,2021-03-12,1535,36882,727,20173,778,16437,30,272,839,11999,692,12539,867,24538,California
Nevada,2021-03-13,943,37825,58,20231,880,17317,5,277,757,12577,184,12723,762,25300,California
Nevada,2021-03-14,160,37985,20,20251,135,17452,5,282,33,12488,127,12850,38,25338,California
Nevada,2021-03-15,857,38842,467,20718,378,17830,12,294,358,12363,495,13345,370,25708,California
Nevada,2021-03-16,1006,39848,468,21186,476,18306,62,356,637,12694,367,13712,698,26406,California
Nevada,2021-03-17,1028,40876,453,21639,565,18871,10,366,582,12844,443,14155,593,26999,California
Nevada,2021-03-18,982,41858,531,22170,428,19299,23,389,474,12838,502,14657,496,27495,California
Nevada,2021-03-19,941,42799,441,22611,463,19762,37,426,361,12661,575,15232,398,27893,California
Nevada,2021-03-20,838,43637,94,22705,317,20079,427,853,243,12738,589,15821,666,28559,California
Nevada,2021-03-21,61,43698,32,22737,28,20107,1,854,33,12745,27,15848,34,28593,California
Nevada,2021-03-22,802,44500,519,23256,278,20385,5,859,529,13009,270,16118,534,29127,California
Nevada,2021-03-23,861,45361,390,23646,443,20828,28,887,616,13411,242,16360,644,29771,California
Nevada,2021-03-24,1022,46383,543,24189,472,21300,7,894,638,13677,378,16738,644,30415,California
Nevada,2021-03-25,913,47296,464,24653,424,21724,25,919,488,13767,422,17160,512,30927,California
Nevada,2021-03-26,1177,48473,447,25100,691,22415,39,958,846,14323,328,17488,884,31811,California
Nevada,2021-03-27,586,49059,72,25172,498,22913,16,974,402,14558,183,17671,418,32229,California
Nevada,2021-03-28,178,49237,54,25226,111,23024,13,987,36,14471,136,17807,49,32278,California
Nevada,2021-03-29,826,50063,502,25728,302,23326,22,1009,374,14419,447,18254,395,32673,California
Nevada,2021-03-30,1061,51124,486,26214,541,23867,34,1043,489,14378,564,18818,523,33196,California
Nevada,2021-03-31,1188,52312,666,26880,505,24372,17,1060,673,14561,506,19324,689,33885,California
Nevada,2021-04-01,1251,53563,731,27611,466,24838,54,1114,555,14483,685,20009,607,34492,California
Nevada,2021-04-02,1302,54865,662,28273,604,25442,36,1150,773,14767,525,20534,809,35301,California
Nevada,2021-04-03,290,55155,87,28360,162,25604,41,1191,83,14685,206,20740,124,35425,California
Nevada,2021-04-04,128,55283,42,28402,79,25683,7,1198,76,14716,52,20792,83,35508,California
Nevada,2021-04-05,935,56218,615,29017,300,25983,20,1218,622,15048,308,21100,640,36148,California
Nevada,2021-04-06,1077,57295,664,29681,269,26252,144,1362,435,14991,635,21735,578,36726,California
Nevada,2021-04-07,1151,58446,822,30503,246,26498,83,1445,612,15153,532,22267,694,37420,California
Nevada,2021-04-08,1285,59731,895,31398,305,26803,85,1530,710,15377,570,22837,794,38214,California
Nevada,2021-04-09,1277,61008,850,32248,360,27163,67,1597,863,15894,412,23249,929,39143,California
Nevada,2021-04-10,902,61910,81,32329,745,27908,76,1673,128,15330,768,24017,204,39347,California
Nevada,2021-04-11,112,62022,34,32363,72,27980,6,1679,36,15296,76,24093,42,39389,California
Nevada,2021-04-12,748,62770,542,32905,189,28169,17,1696,316,15202,427,24520,333,39722,California
Nevada,2021-04-13,890,63660,353,33258,537,28706,0,1696,471,15258,415,24935,471,40193,California
Nevada,2021-04-14,1059,64719,569,33827,490,29196,0,1696,540,15287,511,25446,540,40733,California
Nevada,2021-04-15,1086,65805,712,34539,374,29570,0,1696,626,15465,448,25894,626,41359,California
Nevada,2021-04-16,911,66716,693,35232,218,29788,0,1696,518,15592,391,26285,518,41877,California
Nevada,2021-04-17,202,66918,54,35286,148,29936,0,1696,87,15566,113,26398,87,41964,California
Nevada,2021-04-18,203,67121,22,35308,181,30117,0,1696,103,15569,100,26498,103,42067,California
Nevada,2021-04-19,758,67879,484,35792,274,30391,0,1696,310,15442,437,26935,310,42377,California
Nevada,2021-04-20,833,68712,334,36126,499,30890,0,1696,313,15241,514,27449,313,42690,California
Nevada,2021-04-21,938,69650,525,36651,413,31303,0,1696,270,14855,656,28105,270,42960,California
Nevada,2021-04-22,1008,70658,633,37284,375,31678,0,1696,342,14543,655,28760,343,43303,California
Nevada,2021-04-23,1259,71917,551,37835,708,32386,0,1696,401,14098,846,29606,401,43704,California
Nevada,2021-04-24,522,72439,73,37908,449,32835,0,1696,168,13914,352,29958,168,43872,California
Nevada,2021-04-25,131,72570,60,37968,66,32901,5,1701,51,13890,79,30037,55,43927,California
Nevada,2021-04-26,744,73314,561,38529,175,33076,8,1709,217,13598,517,30554,225,44152,California
Nevada,2021-04-27,820,74134,382,38911,433,33509,5,1714,412,13615,400,30954,417,44569,California
Nevada,2021-04-28,994,75128,581,39492,408,33917,5,1719,387,13407,600,31554,392,44961,California
Nevada,2021-04-29,1020,76148,710,40202,306,34223,4,1723,279,12951,739,32293,283,45244,California
Nevada,2021-04-30,1249,77397,728,40930,513,34736,8,1731,213,12138,1034,33327,221,45465,California
Nevada,2021-05-01,144,77541,63,40993,77,34813,4,1735,60,12120,82,33409,64,45529,California
Nevada,2021-05-02,59,77600,33,41026,22,34835,4,1739,20,12105,39,33448,24,45553,California
Nevada,2021-05-03,611,78211,405,41431,186,35021,20,1759,178,11873,429,33877,197,45750,California
Nevada,2021-05-04,595,78806,173,41604,404,35425,18,1777,338,11976,253,34130,356,46106,California
Nevada,2021-05-05,740,79546,382,41986,344,35769,14,1791,324,11907,407,34537,338,46444,California
Nevada,2021-05-06,806,80352,565,42551,230,35999,11,1802,198,11518,598,35135,209,46653,California
Nevada,2021-05-07,894,81246,489,43040,370,36369,35,1837,185,11034,704,35839,220,46873,California
Nevada,2021-05-08,176,81422,20,43060,136,36505,20,1857,78,11036,96,35935,98,46971,California
Nevada,2021-05-09,44,81466,8,43068,34,36539,2,1859,21,11036,23,35958,23,46994,California
Nevada,2021-05-10,391,81857,248,43316,119,36658,24,1883,78,10826,312,36270,102,47096,California
Nevada,2021-05-11,517,82374,155,43471,349,37007,13,1896,127,10585,381,36651,140,47236,California
Nevada,2021-05-12,542,82916,237,43708,294,37301,11,1907,152,10367,381,37032,163,47399,California
Nevada,2021-05-13,837,83753,555,44263,272,37573,10,1917,432,10412,397,37429,442,47841,California
Nevada,2021-05-14,792,84545,583,44846,191,37764,18,1935,443,10528,345,37774,461,48302,California
Nevada,2021-05-15,186,84731,87,44933,91,37855,8,1943,87,10525,98,37872,95,48397,California
Nevada,2021-05-16,161,84892,54,44987,107,37962,0,1943,56,10476,105,37977,56,48453,California
Nevada,2021-05-17,499,85391,319,45306,150,38112,30,1973,216,10450,272,38249,246,48699,California
Nevada,2021-05-18,420,85811,256,45562,160,38272,4,1977,221,10479,197,38446,226,48925,California
Nevada,2021-05-19,488,86299,354,45916,129,38401,5,1982,255,10515,224,38670,260,49185,California
Nevada,2021-05-20,612,86911,353,46269,247,38648,12,1994,220,10360,387,39057,232,49417,California
Nevada,2021-05-21,511,87422,327,46596,174,38822,10,2004,219,10301,288,39345,229,49646,California
Nevada,2021-05-22,244,87666,34,46630,157,38979,53,2057,92,10294,152,39497,145,49791,California
Nevada,2021-05-23,53,87719,19,46649,34,39013,0,2057,18,10278,34,39531,18,49809,California
Nevada,2021-05-24,313,88032,219,46868,80,39093,14,2071,105,10192,205,39736,119,49928,California
Nevada,2021-05-25,343,88375,84,46952,247,39340,12,2083,82,10030,256,39992,94,50022,California
Nevada,2021-05-26,455,88830,197,47149,248,39588,10,2093,135,9862,313,40305,145,50167,California
Nevada,2021-05-27,426,89256,226,47375,179,39767,21,2114,179,9819,243,40548,200,50367,California
Nevada,2021-05-28,346,89602,215,47590,108,39875,23,2137,190,9880,153,40701,214,50581,California
Nevada,2021-05-29,66,89668,12,47602,54,39929,0,2137,41,9896,25,40726,41,50622,California
Nevada,2021-05-30,37,89705,19,47621,16,39945,2,2139,25,9911,12,40738,27,50649,California
Nevada,2021-05-31,6,89711,4,47625,0,39945,2,2141,2,9911,4,40742,4,50653,California
Nevada,2021-06-01,420,90131,126,47751,276,40221,18,2159,99,9716,312,41054,117,50770,California
Nevada,2021-06-02,403,90534,165,47916,231,40452,7,2166,101,9530,294,41348,108,50878,California
Nevada,2021-06-03,563,91097,404,48320,154,40606,5,2171,98,9172,461,41809,103,50981,California
Nevada,2021-06-04,547,91644,438,48758,105,40711,4,2175,106,8846,436,42245,110,51091,California
Nevada,2021-06-05,172,91816,70,48828,100,40811,2,2177,65,8807,106,42351,67,51158,California
Nevada,2021-06-06,54,91870,40,48868,14,40825,0,2177,13,8779,41,42392,13,51171,California
Nevada,2021-06-07,270,92140,196,49064,44,40869,30,2207,60,8664,205,42597,90,51261,California
Nevada,2021-06-08,293,92433,194,49258,85,40954,14,2221,67,8528,217,42814,81,51342,California
Nevada,2021-06-09,325,92758,218,49476,100,41054,7,2228,82,8378,239,43053,89,51431,California
Nevada,2021-06-10,275,93033,176,49652,90,41144,9,2237,73,8264,195,43248,81,51512,California
Nevada,2021-06-11,325,93358,230,49882,76,41220,19,2256,74,8108,248,43496,92,51604,California
Nevada,2021-06-12,92,93450,54,49936,33,41253,5,2261,27,8075,65,43561,32,51636,California
Nevada,2021-06-13,33,93483,17,49953,15,41268,1,2262,6,8055,27,43588,7,51643,California
Nevada,2021-06-14,191,93674,137,50090,43,41311,11,2273,49,7980,135,43723,60,51703,California
Nevada,2021-06-15,170,93844,97,50187,65,41376,8,2281,67,7955,100,43823,75,51778,California
Nevada,2021-06-16,237,94081,133,50320,95,41471,9,2290,69,7872,161,43984,78,51856,California
Nevada,2021-06-17,227,94308,133,50453,80,41551,14,2304,40,7740,186,44170,54,51910,California
Nevada,2021-06-18,219,94527,152,50605,50,41601,17,2321,68,7676,149,44319,85,51995,California
Nevada,2021-06-19,70,94597,34,50639,30,41631,6,2327,29,7670,41,44360,35,52030,California
Nevada,2021-06-20,27,94624,20,50659,7,41638,0,2327,8,7660,18,44378,8,52038,California
Nevada,2021-06-21,110,94734,49,50708,54,41692,7,2334,49,7661,55,44433,56,52094,California
Nevada,2021-06-22,166,94900,97,50805,58,41750,11,2345,68,7648,92,44525,79,52173,California
Nevada,2021-06-23,213,95113,139,50944,44,41794,30,2375,87,7643,121,44646,116,52289,California
Nevada,2021-06-24,177,95290,112,51056,47,41841,18,2393,60,7610,111,44757,78,52367,California
Nevada,2021-06-25,207,95497,138,51194,48,41889,21,2414,76,7576,131,44888,97,52464,California
Nevada,2021-06-26,83,95580,61,51255,20,41909,2,2416,31,7557,52,44940,33,52497,California
Nevada,2021-06-27,29,95609,13,51268,12,41921,4,2420,7,7546,22,44962,11,52508,California
Nevada,2021-06-28,169,95778,119,51387,28,41949,22,2442,67,7541,94,45056,89,52597,California
Nevada,2021-06-29,129,95907,74,51461,43,41992,12,2454,46,7524,75,45131,58,52655,California
Nevada,2021-06-30,167,96074,127,51588,34,42026,6,2460,55,7475,109,45240,60,52715,California
Nevada,2021-07-01,124,96198,86,51674,27,42053,11,2471,54,7472,68,45308,65,52780,California
Nevada,2021-07-02,149,96347,98,51772,38,42091,13,2484,74,7491,68,45376,87,52867,California
Nevada,2021-07-03,33,96380,16,51788,11,42102,6,2490,17,7498,15,45391,22,52889,California
Nevada,2021-07-05,43,96423,27,51815,10,42112,6,2496,18,7497,25,45416,24,52913,California
Nevada,2021-07-06,147,96570,90,51905,43,42155,14,2510,53,7476,88,45504,67,52980,California
Nevada,2021-07-07,76,96646,44,51949,21,42176,11,2521,21,7460,48,45552,32,53012,California
Orange,2020-12-15,17,17,17,17,0,0,0,0,17,17,0,0,17,17,California
Orange,2020-12-16,401,418,401,418,0,0,0,0,401,418,0,0,401,418,California
Orange,2020-12-17,3775,4193,3775,4193,0,0,0,0,3774,4192,0,0,3774,4192,California
Orange,2020-12-18,5123,9316,5115,9308,8,8,0,0,5121,9312,1,1,5121,9313,California
Orange,2020-12-19,2248,11564,2241,11549,7,15,0,0,2247,11559,0,1,2247,11560,California
Orange,2020-12-20,2005,13569,2002,13551,3,18,0,0,2005,13563,1,2,2005,13565,California
Orange,2020-12-21,4272,17841,4266,17817,6,24,0,0,4272,17835,0,2,4272,17837,California
Orange,2020-12-22,4003,21844,3966,21783,37,61,0,0,4002,21837,0,2,4002,21839,California
Orange,2020-12-23,3608,25452,3238,25021,370,431,0,0,3608,25444,1,3,3608,25447,California
Orange,2020-12-24,1392,26844,1089,26110,303,734,0,0,1392,26836,0,3,1392,26839,California
Orange,2020-12-25,21,26865,16,26126,5,739,0,0,21,26857,0,3,21,26860,California
Orange,2020-12-26,999,27864,423,26549,576,1315,0,0,999,27856,0,3,999,27859,California
Orange,2020-12-27,587,28451,275,26824,312,1627,0,0,587,28443,0,3,587,28446,California
Orange,2020-12-28,3641,32092,2642,29466,999,2626,0,0,3641,32084,0,3,3641,32087,California
Orange,2020-12-29,3534,35626,2512,31978,1022,3648,0,0,3533,35616,1,4,3533,35620,California
Orange,2020-12-30,5150,40776,3554,35532,1596,5244,0,0,5150,40766,0,4,5150,40770,California
Orange,2020-12-31,1536,42312,820,36352,716,5960,0,0,1533,42296,3,7,1533,42303,California
Orange,2021-01-01,733,43045,400,36752,333,6293,0,0,731,43025,2,9,731,43034,California
Orange,2021-01-02,1374,44419,844,37596,530,6823,0,0,1371,44394,2,11,1371,44405,California
Orange,2021-01-03,593,45012,325,37921,268,7091,0,0,592,44986,0,11,592,44997,California
Orange,2021-01-04,2789,47801,1574,39495,1215,8306,0,0,2790,47775,1,12,2790,47787,California
Orange,2021-01-05,3562,51363,2321,41816,1241,9547,0,0,3146,50511,413,425,3149,50936,California
Orange,2021-01-06,5052,56415,3479,45295,1573,11120,0,0,3675,52822,1364,1789,3675,54611,California
Orange,2021-01-07,9403,65818,5253,50548,4150,15270,0,0,5750,54939,3638,5427,5755,60366,California
Orange,2021-01-08,9585,75403,5387,55935,4198,19468,0,0,5723,56814,3851,9278,5726,66092,California
Orange,2021-01-09,5073,80476,1775,57710,3298,22766,0,0,3775,59291,1298,10576,3775,69867,California
Orange,2021-01-10,4280,84756,1057,58767,3223,25989,0,0,3391,61798,888,11464,3395,73262,California
Orange,2021-01-11,9540,94296,4942,63709,4598,30587,0,0,5896,64050,3648,15112,5900,79162,California
Orange,2021-01-12,9048,103344,4859,68568,4189,34776,0,0,5552,66114,3491,18603,5555,84717,California
Orange,2021-01-13,10384,113728,4953,73521,5431,40207,0,0,7158,70057,3222,21825,7165,91882,California
Orange,2021-01-14,10170,123898,3822,77343,6348,46555,0,0,8566,77027,1602,23427,8572,100454,California
Orange,2021-01-15,10345,134243,2673,80016,7672,54227,0,0,9453,85589,898,24325,9460,109914,California
Orange,2021-01-16,8869,143112,2120,82136,6749,60976,0,0,8463,93655,402,24727,8468,118382,California
Orange,2021-01-17,8281,151393,1517,83653,6764,67740,0,0,8125,101634,156,24883,8135,126517,California
Orange,2021-01-18,9813,161206,4444,88097,5369,73109,0,0,7541,106905,2273,27156,7544,134061,California
Orange,2021-01-19,7627,168833,5474,93571,2153,75262,0,0,4978,109238,2647,29803,4980,139041,California
Orange,2021-01-20,8696,177529,6108,99679,2588,77850,0,0,5617,111786,3078,32881,5626,144667,California
Orange,2021-01-21,11375,188904,5126,104805,6249,84099,0,0,10520,121465,853,33734,10532,155199,California
Orange,2021-01-22,13987,202891,5225,110030,8762,92861,0,0,13084,133662,895,34629,13092,168291,California
Orange,2021-01-23,13329,216220,6212,116242,7117,99978,0,0,12381,145111,944,35573,12393,180684,California
Orange,2021-01-24,9954,226174,4310,120552,5644,105622,0,0,9613,154392,336,35909,9617,190301,California
Orange,2021-01-25,10583,236757,5905,126457,4678,110300,0,0,7817,159457,2757,38666,7822,198123,California
Orange,2021-01-26,12015,248772,7722,134179,4293,114593,0,0,9811,167071,2200,40866,9814,207937,California
Orange,2021-01-27,13674,262446,8031,142210,5643,120236,0,0,10893,175199,2770,43636,10898,218835,California
Orange,2021-01-28,13308,275754,7269,149479,6039,126275,0,0,11363,184642,1929,45565,11372,230207,California
Orange,2021-01-29,13842,289596,8463,157942,5379,131654,0,0,10872,192570,2947,48512,10875,241082,California
Orange,2021-01-30,13250,302846,4534,162476,8716,140370,0,0,12442,204225,791,49303,12446,253528,California
Orange,2021-01-31,13871,316717,4920,167396,8951,149321,0,0,13400,217169,464,49767,13408,266936,California
Orange,2021-02-01,15055,331772,6514,173910,8541,157862,0,0,12511,227172,2516,52283,12519,279455,California
Orange,2021-02-02,15268,347040,8009,181919,7259,165121,0,0,12743,237435,2486,54769,12749,292204,California
Orange,2021-02-03,16823,363863,12461,194380,4362,169483,0,0,13814,248332,2923,57692,13820,306024,California
Orange,2021-02-04,20200,384063,13138,207518,7062,176545,0,0,15021,258221,5141,62833,15030,321054,California
Orange,2021-02-05,21088,405151,12099,219617,8989,185534,0,0,14647,266485,6394,69227,14658,335712,California
Orange,2021-02-06,16605,421756,10900,230517,5705,191239,0,0,11271,272663,5314,74541,11492,347204,California
Orange,2021-02-07,11655,433411,8157,238674,3498,194737,0,0,7638,276472,3998,78539,7807,355011,California
Orange,2021-02-08,15296,448707,8755,247429,6541,201278,0,0,9151,279512,6116,84655,9156,364167,California
Orange,2021-02-09,17958,466665,12158,259587,5800,207078,0,0,10749,283147,7129,91784,10764,374931,California
Orange,2021-02-10,21192,487857,11272,270859,9920,216998,0,0,12816,287707,8278,100062,12838,387769,California
Orange,2021-02-11,22504,510361,11636,282495,10868,227866,0,0,12300,289978,10058,110120,12329,400098,California
Orange,2021-02-12,25262,535623,12137,294632,13125,240991,0,0,14792,294394,10398,120518,14814,414912,California
Orange,2021-02-13,22249,557872,12050,306682,10199,251190,0,0,11202,295371,10881,131399,11858,426770,California
Orange,2021-02-14,16426,574298,6678,313360,9748,260938,0,0,9686,298357,6708,138107,9694,436464,California
Orange,2021-02-15,17573,591871,7558,320918,10015,270953,0,0,9058,298971,8467,146574,9081,445545,California
Orange,2021-02-16,20323,612194,9189,330107,11134,282087,0,0,10913,300571,9353,155927,10953,456498,California
Orange,2021-02-17,18370,630564,9617,339724,8753,290840,0,0,9366,301068,8938,164865,9435,465933,California
Orange,2021-02-18,15376,645940,10062,349786,5314,296154,0,0,6927,299642,8386,173251,6960,472893,California
Orange,2021-02-19,18675,664615,11151,360937,7524,303678,0,0,7057,295174,11551,184802,7083,479976,California
Orange,2021-02-20,7740,672355,5739,366676,2001,305679,0,0,3856,295211,3848,188650,3885,483861,California
Orange,2021-02-21,4840,677195,4108,370784,732,306411,0,0,993,292410,3802,192452,1001,484862,California
Orange,2021-02-22,10330,687525,8420,379204,1910,308321,0,0,4115,290386,6166,198618,4142,489004,California
Orange,2021-02-23,14115,701640,7723,386927,6392,314713,0,0,3701,283805,10325,208943,3744,492748,California
Orange,2021-02-24,21941,723581,13251,400178,8690,323403,0,0,5540,273104,16311,225254,5610,498358,California
Orange,2021-02-25,23366,746947,12657,412835,10709,334112,0,0,8246,266368,15035,240289,8299,506657,California
Orange,2021-02-26,28442,775389,14405,427240,14037,348149,0,0,11510,261168,16780,257069,11580,518237,California
Orange,2021-02-27,25425,800814,10380,437620,15041,363190,4,4,7416,250773,17875,274944,7480,525717,California
Orange,2021-02-28,19324,820138,7500,445120,11824,375014,0,4,4904,241443,14278,289222,4948,530665,California
Orange,2021-03-01,18997,839135,8695,453815,10280,385294,22,26,7419,237468,11462,300684,7487,538152,California
Orange,2021-03-02,21808,860943,10558,464373,11246,396540,4,30,9618,235035,12118,312802,9685,547837,California
Orange,2021-03-03,21426,882369,10169,474542,11252,407792,5,35,11539,236845,9799,322601,11609,559446,California
Orange,2021-03-04,24143,906512,13843,488385,10287,418079,13,48,12334,237495,11756,334357,12406,571852,California
Orange,2021-03-05,23787,930299,12540,500925,11199,429278,48,96,14284,242476,9453,343810,14434,586286,California
Orange,2021-03-06,24518,954817,13464,514389,10164,439442,890,986,12922,244794,11541,355351,13859,600145,California
Orange,2021-03-07,16057,970874,8720,523109,6464,445906,873,1859,9117,247947,6892,362243,10045,610190,California
Orange,2021-03-08,17224,988098,7934,531043,7884,453790,1406,3265,10936,254123,6215,368458,12391,622581,California
Orange,2021-03-09,21402,1009500,9901,540944,9016,462806,2485,5750,12579,260427,8775,377233,15079,637660,California
Orange,2021-03-10,25043,1034543,12294,553238,9283,472089,3466,9216,12574,264082,12396,389629,16051,653711,California
Orange,2021-03-11,29689,1064232,16060,569298,9318,481407,4311,13527,13668,266161,15912,405541,17991,671702,California
Orange,2021-03-12,29740,1093972,14470,583768,11373,492780,3897,17424,14840,270134,14797,420338,18770,690472,California
Orange,2021-03-13,28018,1121990,10292,594060,13757,506537,3969,21393,14113,274377,13836,434174,18079,708551,California
Orange,2021-03-14,19003,1140993,8258,602318,8195,514732,2550,23943,11809,281582,7153,441327,14358,722909,California
Orange,2021-03-15,23328,1164321,10294,612612,12263,526995,771,24714,14395,287924,8829,450156,15171,738080,California
Orange,2021-03-16,26679,1191000,11308,623920,15098,542093,273,24987,17140,295919,9444,459600,17439,755519,California
Orange,2021-03-17,27608,1218608,13732,637652,13311,555404,565,25552,19561,308090,7958,467558,20129,775648,California
Orange,2021-03-18,28173,1246781,14226,651878,13642,569046,305,25857,21731,323780,6360,473918,22050,797698,California
Orange,2021-03-19,34099,1280880,18850,670728,14794,583840,455,26312,25216,340707,8757,482675,25684,823382,California
Orange,2021-03-20,26063,1306943,13758,684486,12098,595938,207,26519,22172,359281,3815,486490,22389,845771,California
Orange,2021-03-21,18793,1325736,10889,695375,7156,603094,748,27267,15852,372989,2895,489385,16603,862374,California
Orange,2021-03-22,22984,1348720,11949,707324,10711,613805,324,27591,19261,388972,3613,492998,19596,881970,California
Orange,2021-03-23,26337,1375057,13761,721085,11927,625732,649,28240,20795,404975,5448,498446,21451,903421,California
Orange,2021-03-24,29442,1404499,16501,737586,12010,637742,931,29171,22002,420592,7322,505768,22939,926360,California
Orange,2021-03-25,32695,1437194,17379,754965,14599,652341,717,29888,24143,437019,8438,514206,24865,951225,California
Orange,2021-03-26,35109,1472303,18248,773213,15993,668334,868,30756,24592,452109,10383,524589,25473,976698,California
Orange,2021-03-27,28651,1500954,13731,786944,14604,682938,316,31072,19635,463321,8909,533498,20121,996819,California
Orange,2021-03-28,25005,1525959,13012,799956,11925,694863,68,31140,18542,475653,6367,539865,18699,1015518,California
Orange,2021-03-29,26737,1552696,12269,812225,13900,708763,568,31708,17740,485177,8879,548744,18403,1033921,California
Orange,2021-03-30,31084,1583780,14069,826294,16376,725139,639,32347,20410,495664,10572,559316,21059,1054980,California
Orange,2021-03-31,37409,1621189,19621,845915,17062,742201,726,33073,23668,506486,13596,572912,24418,1079398,California
Orange,2021-04-01,40954,1662143,21494,867409,17502,759703,1958,35031,25840,519376,14906,587818,27796,1107194,California
Orange,2021-04-02,40461,1702604,20410,887819,18184,777887,1867,36898,21958,524851,18374,606192,23849,1131043,California
Orange,2021-04-03,30506,1733110,15796,903615,12929,790816,1781,38679,14100,524682,16309,622501,16140,1147183,California
Orange,2021-04-04,18519,1751629,10744,914359,6999,797815,776,39455,7985,523133,10467,632968,8918,1156101,California
Orange,2021-04-05,30351,1781980,14178,928537,12702,810517,3471,42926,13187,523374,17061,650029,17302,1173403,California
Orange,2021-04-06,33642,1815622,15756,944293,14429,824946,3457,46383,14136,521829,19393,669422,17848,1191251,California
Orange,2021-04-07,36471,1852093,20260,964553,11542,836488,4669,51052,16012,522146,20356,689778,20673,1211924,California
Orange,2021-04-08,39515,1891608,21841,986394,12107,848595,5567,56619,19014,526336,20370,710148,24560,1236484,California
Orange,2021-04-09,41383,1932991,24067,1010461,12010,860605,5306,61925,18055,526448,23215,733363,23327,1259811,California
Orange,2021-04-10,34868,1967859,18399,1028860,12162,872767,4307,66232,14305,524640,20459,753822,18651,1278462,California
Orange,2021-04-11,25875,1993734,14655,1043515,7922,880689,3298,69530,9894,521902,15920,769742,13182,1291644,California
Orange,2021-04-12,30869,2024603,15586,1059101,11630,892319,3653,73183,12116,519001,18660,788402,15759,1307403,California
Orange,2021-04-13,32917,2057520,18532,1077633,14315,906634,70,73253,15294,516852,17525,805927,15376,1322779,California
Orange,2021-04-14,35100,2092620,20589,1098222,14474,921108,37,73290,15237,512412,19733,825660,15293,1338072,California
Orange,2021-04-15,40940,2133560,24941,1123163,15983,937091,16,73306,19050,509720,21753,847413,19061,1357133,California
Orange,2021-04-16,42164,2175724,24792,1147955,17342,954433,30,73336,19051,505856,22960,870373,19096,1376229,California
Orange,2021-04-17,30696,2206420,17400,1165355,13289,967722,7,73343,13451,502231,17090,887463,13465,1389694,California
Orange,2021-04-18,22342,2228762,13615,1178970,8727,976449,0,73343,8876,497730,13382,900845,8881,1398575,California
Orange,2021-04-19,33127,2261889,18305,1197275,14819,991268,3,73346,15244,495212,17772,918617,15254,1413829,California
Orange,2021-04-20,36638,2298527,19380,1216655,17251,1008519,7,73353,18234,495163,18298,936915,18249,1432078,California
Orange,2021-04-21,42529,2341056,24931,1241586,17589,1026108,9,73362,20170,493185,22167,959082,20189,1452267,California
Orange,2021-04-22,40180,2381236,21513,1263099,18656,1044764,11,73373,16732,486650,23288,982370,16753,1469020,California
Orange,2021-04-23,41116,2422352,21610,1284709,19498,1064262,8,73381,18401,482491,22578,1004948,18419,1487439,California
Orange,2021-04-24,32153,2454505,16839,1301548,15282,1079544,32,73413,13483,477443,18567,1023515,13519,1500958,California
Orange,2021-04-25,23045,2477550,13017,1314565,10013,1089557,15,73428,9835,474172,13128,1036643,9857,1510815,California
Orange,2021-04-26,29340,2506890,14579,1329144,14562,1104119,199,73627,12700,470565,16509,1053152,12902,1523717,California
Orange,2021-04-27,31629,2538519,15000,1344144,15994,1120113,635,74262,11983,463728,19464,1072616,12627,1536344,California
Orange,2021-04-28,31508,2570027,16007,1360151,14614,1134727,887,75149,12656,458561,18709,1091325,13542,1549886,California
Orange,2021-04-29,32546,2602573,17973,1378124,13599,1148326,974,76123,11585,450286,20826,1112151,12551,1562437,California
Orange,2021-04-30,30502,2633075,17586,1395710,11968,1160294,948,77071,13019,446892,17349,1129500,13955,1576392,California
Orange,2021-05-01,23106,2656181,15825,1411535,6292,1166586,989,78060,8812,442529,14156,1143656,9793,1586185,California
Orange,2021-05-02,15474,2671655,10310,1421845,4520,1171106,644,78704,5393,438555,10005,1153661,6031,1592216,California
Orange,2021-05-03,20747,2692402,12679,1434524,7304,1178410,764,79468,6516,431706,14127,1167788,7278,1599494,California
Orange,2021-05-04,24226,2716628,14014,1448538,9288,1187698,924,80392,8267,425052,15831,1183619,9177,1608671,California
Orange,2021-05-05,25480,2742108,14470,1463008,10110,1197808,900,81292,8193,417007,17137,1200756,9092,1617763,California
Orange,2021-05-06,26943,2769051,16445,1479453,9495,1207303,1003,82295,7401,406011,19392,1220148,8396,1626159,California
Orange,2021-05-07,29533,2798584,17922,1497375,10556,1217859,1055,83350,8201,394161,21100,1241248,9250,1635409,California
Orange,2021-05-08,19187,2817771,12822,1510197,5563,1223422,802,84152,5558,387021,13493,1254741,6353,1641762,California
Orange,2021-05-09,11142,2828913,8495,1518692,2272,1225694,375,84527,2808,381922,8282,1263023,3183,1644945,California
Orange,2021-05-10,19541,2848454,12041,1530733,6714,1232408,786,85313,4310,371888,15131,1278154,5097,1650042,California
Orange,2021-05-11,22758,2871212,12870,1543603,9149,1241557,739,86052,5395,360770,17245,1295399,6127,1656169,California
Orange,2021-05-12,24110,2895322,14996,1558599,8278,1249835,836,86888,6547,350731,17419,1312818,7380,1663549,California
Orange,2021-05-13,22153,2917475,13744,1572343,7799,1257634,610,87498,8167,345642,13868,1326686,8779,1672328,California
Orange,2021-05-14,26908,2944383,17806,1590149,8248,1265882,854,88352,10469,340649,16286,1342972,11293,1683621,California
Orange,2021-05-15,20484,2964867,14794,1604943,5139,1271021,551,88903,8310,337406,12097,1355069,8854,1692475,California
Orange,2021-05-16,15595,2980462,12866,1617809,2388,1273409,341,89244,6712,335642,8813,1363882,7049,1699524,California
Orange,2021-05-17,19596,3000058,12882,1630691,6013,1279422,701,89945,6913,330636,12606,1376488,7600,1707124,California
Orange,2021-05-18,20660,3020718,12046,1642737,7943,1287365,671,90616,8009,326763,12544,1389032,8671,1715795,California
Orange,2021-05-19,22598,3043316,12947,1655684,8977,1296342,674,91290,7723,320404,14745,1403777,8386,1724181,California
Orange,2021-05-20,22615,3065931,13275,1668959,8673,1305015,667,91957,7736,314044,14759,1418536,8399,1732580,California
Orange,2021-05-21,25866,3091797,14913,1683872,10229,1315244,724,92681,8287,305604,17447,1435983,9007,1741587,California
Orange,2021-05-22,18350,3110147,12228,1696100,5574,1320818,548,93229,6992,301885,11260,1447243,7541,1749128,California
Orange,2021-05-23,10085,3120232,6972,1703072,2839,1323657,274,93503,3546,299216,6488,1453731,3819,1752947,California
Orange,2021-05-24,15705,3135937,9337,1712409,5744,1329401,624,94127,5792,295812,9813,1463544,6409,1759356,California
Orange,2021-05-25,15666,3151603,9230,1721639,5912,1335313,524,94651,5573,291930,9975,1473519,6093,1765449,California
Orange,2021-05-26,15275,3166878,8571,1730210,6205,1341518,499,95150,5619,288482,9558,1483077,6110,1771559,California
Orange,2021-05-27,14418,3181296,8681,1738891,5193,1346711,544,95694,6293,287267,8044,1491121,6829,1778388,California
Orange,2021-05-28,16848,3198144,9934,1748825,6284,1352995,630,96324,7369,285877,9377,1500498,7987,1786375,California
Orange,2021-05-29,9042,3207186,5306,1754131,3377,1356372,359,96683,4082,285416,4897,1505395,4436,1790811,California
Orange,2021-05-30,6053,3213239,3933,1758064,1839,1358211,281,96964,2181,284038,3835,1509230,2457,1793268,California
Orange,2021-05-31,1706,3214945,1059,1759123,600,1358811,47,97011,523,283448,1159,1510389,569,1793837,California
Orange,2021-06-01,13438,3228383,7808,1766931,5136,1363947,494,97505,4990,280602,8322,1518711,5476,1799313,California
Orange,2021-06-02,13047,3241430,8081,1775012,4548,1368495,418,97923,4461,277043,8431,1527142,4872,1804185,California
Orange,2021-06-03,12931,3254361,8928,1783940,3549,1372044,454,98377,4406,273438,8460,1535602,4855,1809040,California
Orange,2021-06-04,17195,3271556,12193,1796133,4424,1376468,578,98955,5253,267409,11857,1547459,5828,1814868,California
Orange,2021-06-05,12955,3284511,9778,1805911,2795,1379263,382,99337,3823,262541,9069,1556528,4201,1819069,California
Orange,2021-06-06,5380,3289891,4570,1810481,607,1379870,203,99540,1813,261013,3544,1560072,2016,1821085,California
Orange,2021-06-07,10815,3300706,7644,1818125,2704,1382574,467,100007,3317,257367,7423,1567495,3777,1824862,California
Orange,2021-06-08,12217,3312923,8798,1826923,2908,1385482,511,100518,3775,253307,8347,1575842,4287,1829149,California
Orange,2021-06-09,11786,3324709,8158,1835081,3170,1388652,458,100976,3309,248677,8392,1584234,3762,1832911,California
Orange,2021-06-10,11612,3336321,8454,1843535,2693,1391345,465,101441,3397,244382,8151,1592385,3856,1836767,California
Orange,2021-06-11,13325,3349646,9382,1852917,3447,1394792,496,101937,4296,240231,8937,1601322,4786,1841553,California
Orange,2021-06-12,9818,3359464,7517,1860434,1983,1396775,318,102255,3003,236794,6758,1608080,3321,1844874,California
Orange,2021-06-13,4079,3363543,2978,1863412,937,1397712,164,102419,1029,234972,3016,1611096,1194,1846068,California
Orange,2021-06-14,9856,3373399,7187,1870599,2209,1399921,460,102879,3251,232132,6549,1617645,3709,1849777,California
Orange,2021-06-15,10209,3383608,7359,1877958,2419,1402340,431,103310,3569,229562,6567,1624212,3997,1853774,California
Orange,2021-06-16,9575,3393183,6874,1884832,2233,1404573,468,103778,3271,227053,6243,1630455,3734,1857508,California
Orange,2021-06-17,9419,3402602,7096,1891928,1956,1406529,367,104145,3340,224745,6014,1636469,3706,1861214,California
Orange,2021-06-18,11248,3413850,8205,1900133,2545,1409074,498,104643,3893,221859,7275,1643744,4389,1865603,California
Orange,2021-06-19,6341,3420191,4715,1904848,1381,1410455,245,104888,2614,221048,3673,1647417,2862,1868465,California
Orange,2021-06-20,3074,3423265,2385,1907233,595,1411050,94,104982,1029,220140,2031,1649448,1123,1869588,California
Orange,2021-06-21,6682,3429947,4586,1911819,1658,1412708,438,105420,3579,221087,3071,1652519,4018,1873606,California
Orange,2021-06-22,7751,3437698,5725,1917544,1672,1414380,354,105774,2953,219671,4724,1657243,3308,1876914,California
Orange,2021-06-23,7402,3445100,5552,1923096,1542,1415922,308,106082,3008,218641,4344,1661587,3314,1880228,California
Orange,2021-06-24,7241,3452341,5428,1928524,1445,1417367,368,106450,3096,217998,4106,1665693,3463,1883691,California
Orange,2021-06-25,8819,3461160,6455,1934979,1983,1419350,381,106831,3384,216376,5382,1671075,3760,1887451,California
Orange,2021-06-26,5937,3467097,4539,1939518,1171,1420521,227,107058,2507,215722,3388,1674463,2734,1890185,California
Orange,2021-06-27,3446,3470543,2794,1942312,540,1421061,112,107170,1483,215377,1941,1676404,1596,1891781,California
Orange,2021-06-28,6305,3476848,5072,1947384,878,1421939,355,107525,2796,215070,3456,1679860,3149,1894930,California
Orange,2021-06-29,6346,3483194,4672,1952056,1420,1423359,254,107779,2617,214263,3679,1683539,2872,1897802,California
Orange,2021-06-30,6236,3489430,4502,1956558,1468,1424827,266,108045,2757,213883,3402,1686941,3022,1900824,California
Orange,2021-07-01,5896,3495326,4517,1961075,1142,1425969,237,108282,2708,213693,3134,1690075,2944,1903768,California
Orange,2021-07-02,7115,3502441,5300,1966375,1494,1427463,321,108603,3103,213131,3982,1694057,3420,1907188,California
Orange,2021-07-03,4060,3506501,2995,1969370,928,1428391,137,108740,1859,212961,2167,1696224,1997,1909185,California
Orange,2021-07-04,339,3506840,218,1969588,107,1428498,14,108754,145,212931,190,1696414,160,1909345,California
Orange,2021-07-05,3847,3510687,2945,1972533,768,1429266,134,108888,1826,212903,1989,1698403,1961,1911306,California
Orange,2021-07-06,6559,3517246,4857,1977390,1390,1430656,312,109200,2523,211754,3981,1702384,2832,1914138,California
Orange,2021-07-07,3838,3521084,2836,1980226,825,1431481,177,109377,1564,211246,2248,1704632,1740,1915878,California
Placer,2020-12-15,30,30,30,30,0,0,0,0,30,30,0,0,30,30,California
Placer,2020-12-16,62,92,62,92,0,0,0,0,62,92,0,0,62,92,California
Placer,2020-12-17,148,240,148,240,0,0,0,0,148,240,0,0,148,240,California
Placer,2020-12-18,428,668,428,668,0,0,0,0,428,668,0,0,428,668,California
Placer,2020-12-19,253,921,253,921,0,0,0,0,253,921,0,0,253,921,California
Placer,2020-12-20,235,1156,235,1156,0,0,0,0,235,1156,0,0,235,1156,California
Placer,2020-12-21,502,1658,500,1656,2,2,0,0,502,1658,0,0,502,1658,California
Placer,2020-12-22,681,2339,674,2330,7,9,0,0,681,2339,0,0,681,2339,California
Placer,2020-12-23,762,3101,673,3003,89,98,0,0,762,3101,0,0,762,3101,California
Placer,2020-12-24,411,3512,357,3360,54,152,0,0,411,3512,0,0,411,3512,California
Placer,2020-12-26,161,3673,116,3476,45,197,0,0,161,3673,0,0,161,3673,California
Placer,2020-12-27,184,3857,161,3637,23,220,0,0,184,3857,0,0,184,3857,California
Placer,2020-12-28,675,4532,547,4184,128,348,0,0,674,4530,1,1,674,4531,California
Placer,2020-12-29,770,5302,517,4701,253,601,0,0,770,5300,0,1,770,5301,California
Placer,2020-12-30,736,6038,461,5162,275,876,0,0,734,6034,0,1,734,6035,California
Placer,2020-12-31,548,6586,360,5522,188,1064,0,0,548,6582,0,1,548,6583,California
Placer,2021-01-01,17,6603,12,5534,5,1069,0,0,17,6599,0,1,17,6600,California
Placer,2021-01-02,187,6790,155,5689,32,1101,0,0,187,6786,0,1,187,6787,California
Placer,2021-01-03,155,6945,80,5769,75,1176,0,0,155,6941,0,1,155,6942,California
Placer,2021-01-04,625,7570,182,5951,443,1619,0,0,625,7566,0,1,625,7567,California
Placer,2021-01-05,739,8309,162,6113,577,2196,0,0,649,8127,89,90,650,8217,California
Placer,2021-01-06,766,9075,248,6361,518,2714,0,0,611,8583,155,245,611,8828,California
Placer,2021-01-07,994,10069,373,6734,621,3335,0,0,765,9120,228,473,765,9593,California
Placer,2021-01-08,1191,11260,532,7266,659,3994,0,0,797,9527,390,863,797,10390,California
Placer,2021-01-09,457,11717,321,7587,136,4130,0,0,240,9551,216,1079,240,10630,California
Placer,2021-01-10,335,12052,187,7774,148,4278,0,0,167,9550,168,1247,167,10797,California
Placer,2021-01-11,1442,13494,818,8592,624,4902,0,0,845,9799,597,1844,846,11643,California
Placer,2021-01-12,1683,15177,897,9489,786,5688,0,0,1066,10250,616,2460,1067,12710,California
Placer,2021-01-13,1661,16838,840,10329,821,6509,0,0,1228,11050,431,2891,1231,13941,California
Placer,2021-01-14,1834,18672,685,11014,1149,7658,0,0,1457,12135,374,3265,1459,15400,California
Placer,2021-01-15,1956,20628,732,11746,1224,8882,0,0,1601,13383,354,3619,1602,17002,California
Placer,2021-01-16,1513,22141,718,12464,795,9677,0,0,1391,14653,122,3741,1392,18394,California
Placer,2021-01-17,577,22718,402,12866,175,9852,0,0,438,14953,138,3879,438,18832,California
Placer,2021-01-18,987,23705,545,13411,442,10294,0,0,751,15469,236,4115,752,19584,California
Placer,2021-01-19,2632,26337,1969,15380,663,10957,0,0,2177,17192,455,4570,2178,21762,California
Placer,2021-01-20,2348,28685,1768,17148,580,11537,0,0,2008,18861,340,4910,2009,23771,California
Placer,2021-01-21,2590,31275,1138,18286,1452,12989,0,0,2184,20642,404,5314,2185,25956,California
Placer,2021-01-22,2354,33629,632,18918,1722,14711,0,0,2174,22639,178,5492,2175,28131,California
Placer,2021-01-23,1207,34836,388,19306,819,15530,0,0,1047,23527,159,5651,1047,29178,California
Placer,2021-01-24,522,35358,274,19580,248,15778,0,0,440,23886,82,5733,441,29619,California
Placer,2021-01-25,1686,37044,807,20387,879,16657,0,0,1389,24979,297,6030,1390,31009,California
Placer,2021-01-26,1891,38935,1048,21435,843,17500,0,0,1617,26323,273,6303,1617,32626,California
Placer,2021-01-27,1865,40800,1171,22606,694,18194,0,0,1614,27689,249,6552,1615,34241,California
Placer,2021-01-28,1821,42621,1123,23729,698,18892,0,0,1570,29010,249,6801,1570,35811,California
Placer,2021-01-29,1938,44559,1182,24911,756,19648,0,0,1735,30545,201,7002,1736,37547,California
Placer,2021-01-30,1747,46306,971,25882,776,20424,0,0,1626,32051,120,7122,1626,39173,California
Placer,2021-01-31,787,47093,626,26508,161,20585,0,0,716,32696,71,7193,716,39889,California
Placer,2021-02-01,2095,49188,1104,27612,991,21576,0,0,1774,34151,319,7512,1774,41663,California
Placer,2021-02-02,2416,51604,1553,29165,863,22439,0,0,1907,35552,506,8018,1907,43570,California
Placer,2021-02-03,2932,54536,1883,31048,1049,23488,0,0,2297,37219,630,8648,2297,45867,California
Placer,2021-02-04,2788,57324,1194,32242,1594,25082,0,0,1944,38325,839,9487,1945,47812,California
Placer,2021-02-05,2819,60143,1283,33525,1536,26618,0,0,1438,38406,1357,10844,1438,49250,California
Placer,2021-02-06,1999,62142,1334,34859,665,27283,0,0,1444,39296,554,11398,1444,50694,California
Placer,2021-02-07,1229,63371,913,35772,316,27599,0,0,937,39942,291,11689,937,51631,California
Placer,2021-02-08,3303,66674,1755,37527,1548,29147,0,0,1955,40576,1322,13011,1956,53587,California
Placer,2021-02-09,3582,70256,2194,39721,1388,30535,0,0,1652,40302,1926,14937,1652,55239,California
Placer,2021-02-10,3795,74051,2217,41938,1578,32113,0,0,1720,39955,2068,17005,1721,56960,California
Placer,2021-02-11,3732,77783,1920,43858,1812,33925,0,0,1581,39402,2135,19140,1582,58542,California
Placer,2021-02-12,2900,80683,1348,45206,1552,35477,0,0,1686,39912,1177,20317,1687,60229,California
Placer,2021-02-13,2627,83310,1473,46679,1154,36631,0,0,1931,41147,696,21013,1931,62160,California
Placer,2021-02-14,1100,84410,687,47366,413,37044,0,0,744,41537,354,21367,744,62904,California
Placer,2021-02-15,2264,86674,1049,48415,1215,38259,0,0,1552,42378,712,22079,1553,64457,California
Placer,2021-02-16,3610,90284,1806,50221,1804,40063,0,0,1604,41987,1996,24075,1605,66062,California
Placer,2021-02-17,3579,93863,1989,52210,1590,41653,0,0,1522,41456,2053,26128,1522,67584,California
Placer,2021-02-18,3855,97718,2081,54291,1774,43427,0,0,1643,40899,2201,28329,1644,69228,California
Placer,2021-02-19,3664,101382,1972,56263,1692,45119,0,0,1365,39978,2288,30617,1367,70595,California
Placer,2021-02-20,2109,103491,1309,57572,800,45919,0,0,946,39773,1156,31773,951,71546,California
Placer,2021-02-21,1180,104671,774,58346,406,46325,0,0,427,39450,751,32524,428,71974,California
Placer,2021-02-22,2622,107293,1835,60181,787,47112,0,0,618,38068,2000,34524,618,72592,California
Placer,2021-02-23,2715,110008,1657,61838,1058,48170,0,0,916,37186,1798,36322,916,73508,California
Placer,2021-02-24,3428,113436,1224,63062,2204,50374,0,0,1843,37459,1572,37894,1845,75353,California
Placer,2021-02-25,3800,117236,1567,64629,2233,52607,0,0,2071,37814,1719,39613,2074,77427,California
Placer,2021-02-26,4288,121524,2462,67091,1826,54433,0,0,2470,38473,1812,41425,2471,79898,California
Placer,2021-02-27,2932,124456,1535,68626,1397,55830,0,0,1514,38576,1413,42838,1516,81414,California
Placer,2021-02-28,1620,126076,879,69505,740,56570,1,1,741,38444,874,43712,742,82156,California
Placer,2021-03-01,3213,129289,2135,71640,1078,57648,0,1,1632,38506,1570,45282,1632,83788,California
Placer,2021-03-02,2930,132219,1802,73442,1128,58776,0,1,1905,39399,1012,46294,1905,85693,California
Placer,2021-03-03,3404,135623,1483,74925,1920,60696,1,2,1862,39731,1532,47826,1864,87557,California
Placer,2021-03-04,3657,139280,1466,76391,2191,62887,0,2,1899,39885,1746,49572,1900,89457,California
Placer,2021-03-05,3027,142307,1036,77427,1970,64857,21,23,1820,40524,1202,50774,1841,91298,California
Placer,2021-03-06,2451,144758,1515,78942,840,65697,96,119,944,40065,1499,52273,1040,92338,California
Placer,2021-03-07,1385,146143,773,79715,554,66251,58,177,559,39859,822,53095,616,92954,California
Placer,2021-03-08,2951,149094,1847,81562,986,67237,118,295,1663,40356,1284,54379,1781,94735,California
Placer,2021-03-09,3217,152311,1709,83271,1415,68652,93,388,1845,40925,1369,55748,1938,96673,California
Placer,2021-03-10,3319,155630,1341,84612,1872,70524,106,494,1727,41172,1586,57334,1833,98506,California
Placer,2021-03-11,3687,159317,1679,86291,1881,72405,127,621,1756,41137,1919,59253,1884,100390,California
Placer,2021-03-12,3720,163037,1498,87789,1442,73847,780,1401,1250,40711,2457,61710,2031,102421,California
Placer,2021-03-13,2220,165257,752,88541,1344,75191,124,1525,1184,40987,1031,62741,1307,103728,California
Placer,2021-03-14,1713,166970,686,89227,878,76069,149,1674,895,41215,816,63557,1044,104772,California
Placer,2021-03-15,3229,170199,1551,90778,1548,77617,130,1804,1773,41667,1452,65009,1904,106676,California
Placer,2021-03-16,3644,173843,1967,92745,1542,79159,135,1939,2315,42799,1318,66327,2450,109126,California
Placer,2021-03-17,3471,177314,1747,94492,1620,80779,104,2043,2228,43893,1239,67566,2333,111459,California
Placer,2021-03-18,4132,181446,2345,96837,1747,82526,40,2083,2869,45546,1254,68820,2907,114366,California
Placer,2021-03-19,3475,184921,2080,98917,1126,83652,269,2352,2162,46672,1302,70122,2428,116794,California
Placer,2021-03-20,2203,187124,908,99825,1196,84848,99,2451,1344,47261,853,70975,1442,118236,California
Placer,2021-03-21,1315,188439,586,100411,719,85567,10,2461,794,47548,517,71492,804,119040,California
Placer,2021-03-22,3329,191768,2133,102544,1105,86672,91,2552,2157,48629,1167,72659,2248,121288,California
Placer,2021-03-23,3593,195361,2125,104669,1380,88052,88,2640,2563,50256,1024,73683,2651,123939,California
Placer,2021-03-24,3812,199173,2008,106677,1707,89759,97,2737,1910,50385,1879,75562,2008,125947,California
Placer,2021-03-25,3882,203055,1875,108552,1906,91665,101,2838,1701,50018,2168,77730,1801,127748,California
Placer,2021-03-26,3789,206844,1674,110226,1883,93548,232,3070,1510,49497,2263,79993,1742,129490,California
Placer,2021-03-27,1641,208485,482,110708,1139,94687,20,3090,639,49160,995,80988,658,130148,California
Placer,2021-03-28,1131,209616,527,111235,594,95281,10,3100,300,48655,815,81803,310,130458,California
Placer,2021-03-29,3582,213198,2001,113236,1545,96826,36,3136,1726,48575,1845,83648,1765,132223,California
Placer,2021-03-30,3980,217178,2090,115326,1846,98672,44,3180,2076,48804,1889,85537,2118,134341,California
Placer,2021-03-31,4128,221306,1838,117164,2215,100887,75,3255,1690,48138,2429,87966,1763,136104,California
Placer,2021-04-01,3011,224317,1449,118613,1514,102401,48,3303,1673,48532,1327,89293,1721,137825,California
Placer,2021-04-02,2861,227178,1455,120068,1339,103740,67,3370,1604,48951,1249,90542,1668,139493,California
Placer,2021-04-03,1865,229043,995,121063,741,104481,129,3499,894,49009,963,91505,1021,140514,California
Placer,2021-04-04,719,229762,367,121430,299,104780,53,3552,284,48916,430,91935,337,140851,California
Placer,2021-04-05,3029,232791,1910,123340,933,105713,186,3738,1753,49587,1268,93203,1939,142790,California
Placer,2021-04-06,4327,237118,2499,125839,1526,107239,302,4040,1534,48639,2783,95986,1835,144625,California
Placer,2021-04-07,4574,241692,2612,128451,1498,108737,464,4504,2086,48704,2481,98467,2546,147171,California
Placer,2021-04-08,4745,246437,2619,131070,1582,110319,544,5048,1589,47694,3143,101610,2133,149304,California
Placer,2021-04-09,4165,250602,2281,133351,1257,111576,627,5675,1251,46669,2904,104514,1879,151183,California
Placer,2021-04-10,2118,252720,887,134238,1047,112623,184,5859,924,46584,1192,105706,1107,152290,California
Placer,2021-04-11,1393,254113,534,134772,826,113449,33,5892,444,46116,944,106650,476,152766,California
Placer,2021-04-12,4141,258254,2662,137434,1090,114539,389,6281,2469,47311,1662,108312,2857,155623,California
Placer,2021-04-13,4373,262627,3008,140442,1364,115903,1,6282,2187,47321,2179,110491,2189,157812,California
Placer,2021-04-14,4180,266807,2597,143039,1582,117485,1,6283,1857,46867,2311,112802,1857,159669,California
Placer,2021-04-15,4526,271333,2520,145559,2005,119490,1,6284,2358,47067,2159,114961,2359,162028,California
Placer,2021-04-16,3719,275052,2204,147763,1515,121005,0,6284,1448,46251,2264,117225,1448,163476,California
Placer,2021-04-17,2647,277699,855,148618,1792,122797,0,6284,1731,47072,910,118135,1731,165207,California
Placer,2021-04-18,1274,278973,302,148920,972,123769,0,6284,442,46684,830,118965,442,165649,California
Placer,2021-04-19,2969,281942,1830,150750,1139,124908,0,6284,1167,46056,1796,120761,1168,166817,California
Placer,2021-04-20,3911,285853,2557,153307,1354,126262,0,6284,2449,47053,1452,122213,2449,169266,California
Placer,2021-04-21,3823,289676,2539,155846,1283,127545,1,6285,2485,48206,1333,123546,2486,171752,California
Placer,2021-04-22,3749,293425,2335,158181,1414,128959,0,6285,1793,48049,1950,125496,1793,173545,California
Placer,2021-04-23,3585,297010,2386,160567,1198,130157,1,6286,1404,47280,2174,127670,1405,174950,California
Placer,2021-04-24,2094,299104,1268,161835,825,130982,1,6287,1226,47648,858,128528,1226,176176,California
Placer,2021-04-25,938,300042,503,162338,435,131417,0,6287,556,47822,382,128910,556,176732,California
Placer,2021-04-26,2515,302557,1360,163698,1131,132548,24,6311,1214,47767,1292,130202,1237,177969,California
Placer,2021-04-27,2797,305354,1482,165180,1265,133813,50,6361,1586,48198,1207,131409,1638,179607,California
Placer,2021-04-28,3060,308414,1914,167094,1109,134922,37,6398,1612,48410,1438,132847,1650,181257,California
Placer,2021-04-29,3446,311860,2250,169344,1143,136065,53,6451,1454,47931,1986,134833,1507,182764,California
Placer,2021-04-30,3043,314903,1849,171193,1147,137212,47,6498,1224,47390,1812,136645,1271,184035,California
Placer,2021-05-01,1345,316248,938,172131,382,137594,25,6523,616,47307,723,137368,640,184675,California
Placer,2021-05-02,737,316985,573,172704,142,137736,22,6545,332,47258,403,137771,354,185029,California
Placer,2021-05-03,1619,318604,999,173703,554,138290,66,6611,443,46596,1170,138941,508,185537,California
Placer,2021-05-04,2369,320973,1360,175063,844,139134,165,6776,877,46153,1485,140426,1042,186579,California
Placer,2021-05-05,3729,324702,2534,177597,1089,140223,106,6882,976,44493,2741,143167,1081,187660,California
Placer,2021-05-06,3115,327817,1909,179506,1130,141353,76,6958,819,43120,2268,145435,895,188555,California
Placer,2021-05-07,2839,330656,1914,181420,832,142185,93,7051,798,41983,2028,147463,891,189446,California
Placer,2021-05-08,1414,332070,740,182160,632,142817,42,7093,414,41439,998,148461,454,189900,California
Placer,2021-05-09,456,332526,223,182383,212,143029,21,7114,212,41428,244,148705,233,190133,California
Placer,2021-05-10,1928,334454,1030,183413,802,143831,96,7210,423,40447,1500,150205,519,190652,California
Placer,2021-05-11,3040,337494,2201,185614,721,144552,118,7328,656,38848,2373,152578,774,191426,California
Placer,2021-05-12,2894,340388,2004,187618,833,145385,57,7385,684,37389,2202,154780,743,192169,California
Placer,2021-05-13,2873,343261,1855,189473,970,146355,48,7433,1011,36587,1860,156640,1058,193227,California
Placer,2021-05-14,2859,346120,1875,191348,848,147203,136,7569,1376,36625,1468,158108,1506,194733,California
Placer,2021-05-15,2107,348227,1367,192715,716,147919,24,7593,936,36421,1164,159272,960,195693,California
Placer,2021-05-16,1199,349426,532,193247,648,148567,19,7612,341,35926,855,160127,360,196053,California
Placer,2021-05-17,2360,351786,1570,194817,713,149280,77,7689,1016,35679,1340,161467,1093,197146,California
Placer,2021-05-18,2516,354302,1684,196501,752,150032,80,7769,1128,35502,1384,162851,1207,198353,California
Placer,2021-05-19,2546,356848,1595,198096,905,150937,46,7815,874,34755,1667,164518,920,199273,California
Placer,2021-05-20,2545,359393,1650,199746,847,151784,48,7863,864,33995,1673,166191,913,200186,California
Placer,2021-05-21,2448,361841,1529,201275,774,152558,145,8008,1053,33804,1387,167578,1196,201382,California
Placer,2021-05-22,1614,363455,1063,202338,509,153067,42,8050,764,33765,845,168423,806,202188,California
Placer,2021-05-23,641,364096,359,202697,266,153333,16,8066,280,33701,361,168784,297,202485,California
Placer,2021-05-24,1515,365611,772,203469,606,153939,137,8203,448,33221,1065,169849,585,203070,California
Placer,2021-05-25,1797,367408,946,204415,751,154690,100,8303,641,32814,1148,170997,741,203811,California
Placer,2021-05-26,1586,368994,908,205323,639,155329,39,8342,613,32499,968,171965,653,204464,California
Placer,2021-05-27,1464,370458,722,206045,697,156026,45,8387,663,32414,793,172758,708,205172,California
Placer,2021-05-28,1708,372166,856,206901,755,156781,97,8484,725,32259,977,173735,822,205994,California
Placer,2021-05-29,754,372920,406,207307,317,157098,31,8515,379,32296,372,174107,409,206403,California
Placer,2021-05-30,343,373263,231,207538,98,157196,14,8529,211,32390,131,174238,225,206628,California
Placer,2021-05-31,148,373411,70,207608,61,157257,17,8546,30,32319,117,174355,46,206674,California
Placer,2021-06-01,1679,375090,884,208492,722,157979,73,8619,591,31899,1083,175438,663,207337,California
Placer,2021-06-02,1506,376596,759,209251,680,158659,67,8686,487,31435,1018,176456,554,207891,California
Placer,2021-06-03,1702,378298,1032,210283,611,159270,59,8745,428,30653,1268,177724,486,208377,California
Placer,2021-06-04,1865,380163,1324,211607,487,159757,54,8799,457,29764,1398,179122,509,208886,California
Placer,2021-06-05,1089,381252,772,212379,276,160033,41,8840,267,29254,818,179940,308,209194,California
Placer,2021-06-06,503,381755,362,212741,124,160157,17,8857,125,29019,377,180317,142,209336,California
Placer,2021-06-07,1052,382807,720,213461,260,160417,72,8929,224,28489,824,181141,294,209630,California
Placer,2021-06-08,1727,384534,1316,214777,362,160779,49,8978,432,27677,1292,182433,480,210110,California
Placer,2021-06-09,1170,385704,847,215624,271,161050,52,9030,257,27078,909,183342,310,210420,California
Placer,2021-06-10,1253,386957,865,216489,313,161363,75,9105,314,26530,935,184277,387,210807,California
Placer,2021-06-11,1487,388444,1071,217560,357,161720,59,9164,340,25786,1142,185419,398,211205,California
Placer,2021-06-12,1016,389460,752,218312,238,161958,26,9190,218,25234,796,186215,244,211449,California
Placer,2021-06-13,394,389854,304,218616,79,162037,11,9201,91,25034,302,186517,102,211551,California
Placer,2021-06-14,769,390623,525,219141,199,162236,45,9246,223,24758,543,187060,267,211818,California
Placer,2021-06-15,1290,391913,860,220001,367,162603,63,9309,421,24375,866,187926,483,212301,California
Placer,2021-06-16,1035,392948,749,220750,231,162834,55,9364,332,24059,702,188628,386,212687,California
Placer,2021-06-17,879,393827,607,221357,235,163069,37,9401,274,23769,601,189229,311,212998,California
Placer,2021-06-18,1153,394980,762,222119,302,163371,89,9490,377,23460,775,190004,466,213464,California
Placer,2021-06-19,610,395590,439,222558,138,163509,33,9523,237,23360,369,190373,269,213733,California
Placer,2021-06-20,282,395872,231,222789,43,163552,8,9531,106,23299,174,190547,113,213846,California
Placer,2021-06-21,490,396362,287,223076,165,163717,38,9569,234,23315,256,190803,272,214118,California
Placer,2021-06-22,879,397241,621,223697,204,163921,54,9623,262,23021,610,191413,316,214434,California
Placer,2021-06-23,841,398082,609,224306,185,164106,47,9670,385,22998,455,191868,432,214866,California
Placer,2021-06-24,818,398900,514,224820,257,164363,47,9717,311,22852,504,192372,358,215224,California
Placer,2021-06-25,935,399835,664,225484,218,164581,53,9770,386,22748,543,192915,439,215663,California
Placer,2021-06-26,541,400376,390,225874,121,164702,30,9800,238,22715,301,193216,268,215931,California
Placer,2021-06-27,249,400625,181,226055,57,164759,11,9811,117,22711,131,193347,127,216058,California
Placer,2021-06-28,488,401113,361,226416,83,164842,44,9855,209,22686,278,193625,253,216311,California
Placer,2021-06-29,827,401940,582,226998,199,165041,46,9901,321,22548,505,194130,367,216678,California
Placer,2021-06-30,598,402538,416,227414,141,165182,41,9942,258,22508,339,194469,299,216977,California
Placer,2021-07-01,550,403088,370,227784,141,165323,39,9981,223,22446,324,194793,262,217239,California
Placer,2021-07-02,664,403752,484,228268,155,165478,25,10006,284,22381,374,195167,309,217548,California
Placer,2021-07-03,303,404055,210,228478,79,165557,14,10020,144,22383,156,195323,158,217706,California
Placer,2021-07-04,16,404071,2,228480,14,165571,0,10020,6,22379,10,195333,6,217712,California
Placer,2021-07-05,392,404463,261,228741,97,165668,34,10054,165,22355,223,195556,199,217911,California
Placer,2021-07-06,822,405285,620,229361,160,165828,42,10096,300,22178,519,196075,342,218253,California
Placer,2021-07-07,395,405680,289,229650,79,165907,27,10123,154,22119,240,196315,181,218434,California
Plumas,2020-12-18,3,3,3,3,0,0,0,0,3,3,0,0,3,3,California
Plumas,2020-12-19,1,4,1,4,0,0,0,0,1,4,0,0,1,4,California
Plumas,2020-12-21,45,49,45,49,0,0,0,0,45,49,0,0,45,49,California
Plumas,2020-12-22,92,141,92,141,0,0,0,0,92,141,0,0,92,141,California
Plumas,2020-12-23,50,191,50,191,0,0,0,0,50,191,0,0,50,191,California
Plumas,2020-12-24,6,197,6,197,0,0,0,0,6,197,0,0,6,197,California
Plumas,2020-12-28,8,205,0,197,8,8,0,0,8,205,0,0,8,205,California
Plumas,2020-12-29,32,237,22,219,10,18,0,0,32,237,0,0,32,237,California
Plumas,2020-12-30,23,260,1,220,22,40,0,0,23,260,0,0,23,260,California
Plumas,2020-12-31,4,264,1,221,3,43,0,0,4,264,0,0,4,264,California
Plumas,2021-01-01,1,265,0,221,1,44,0,0,1,265,0,0,1,265,California
Plumas,2021-01-02,1,266,0,221,1,45,0,0,1,266,0,0,1,266,California
Plumas,2021-01-04,10,276,4,225,6,51,0,0,10,276,0,0,10,276,California
Plumas,2021-01-05,22,298,2,227,20,71,0,0,22,298,0,0,22,298,California
Plumas,2021-01-06,122,420,5,232,117,188,0,0,122,420,0,0,122,420,California
Plumas,2021-01-07,53,473,2,234,51,239,0,0,52,471,1,1,52,472,California
Plumas,2021-01-08,11,484,4,238,7,246,0,0,8,476,3,4,8,480,California
Plumas,2021-01-09,2,486,2,240,0,246,0,0,1,476,1,5,1,481,California
Plumas,2021-01-11,58,544,50,290,8,254,0,0,11,440,47,52,11,492,California
Plumas,2021-01-12,155,699,86,376,69,323,0,0,71,427,84,136,71,563,California
Plumas,2021-01-13,55,754,50,426,5,328,0,0,9,390,46,182,9,572,California
Plumas,2021-01-14,99,853,14,440,85,413,0,0,94,479,5,187,94,666,California
Plumas,2021-01-15,63,916,7,447,56,469,0,0,61,538,2,189,61,727,California
Plumas,2021-01-16,58,974,1,448,57,526,0,0,58,596,0,189,58,785,California
Plumas,2021-01-18,2,976,1,449,1,527,0,0,2,598,0,189,2,787,California
Plumas,2021-01-19,36,1012,5,454,31,558,0,0,32,626,4,193,32,819,California
Plumas,2021-01-20,122,1134,3,457,119,677,0,0,120,744,2,195,120,939,California
Plumas,2021-01-21,112,1246,2,459,110,787,0,0,112,856,0,195,112,1051,California
Plumas,2021-01-22,5,1251,1,460,4,791,0,0,5,861,0,195,5,1056,California
Plumas,2021-01-23,94,1345,2,462,92,883,0,0,94,955,0,195,94,1150,California
Plumas,2021-01-24,1,1346,1,463,0,883,0,0,1,956,0,195,1,1151,California
Plumas,2021-01-25,11,1357,8,471,3,886,0,0,8,961,3,198,8,1159,California
Plumas,2021-01-26,59,1416,2,473,57,943,0,0,51,1004,8,206,51,1210,California
Plumas,2021-01-27,26,1442,20,493,6,949,0,0,6,990,20,226,6,1216,California
Plumas,2021-01-28,24,1466,0,493,24,973,0,0,22,1010,2,228,22,1238,California
Plumas,2021-01-29,9,1475,3,496,6,979,0,0,8,1017,1,229,8,1246,California
Plumas,2021-01-30,11,1486,4,500,7,986,0,0,9,1024,2,231,9,1255,California
Plumas,2021-01-31,3,1489,3,503,0,986,0,0,3,1027,0,231,3,1258,California
Plumas,2021-02-01,23,1512,4,507,19,1005,0,0,15,1034,8,239,15,1273,California
Plumas,2021-02-02,24,1536,4,511,20,1025,0,0,4,1018,20,259,4,1277,California
Plumas,2021-02-03,126,1662,6,517,120,1145,0,0,12,917,113,372,12,1289,California
Plumas,2021-02-04,102,1764,8,525,94,1239,0,0,23,861,79,451,23,1312,California
Plumas,2021-02-05,25,1789,11,536,14,1253,0,0,10,856,15,466,10,1322,California
Plumas,2021-02-06,8,1797,1,537,7,1260,0,0,8,864,0,466,8,1330,California
Plumas,2021-02-08,14,1811,5,542,9,1269,0,0,2,854,12,478,2,1332,California
Plumas,2021-02-09,172,1983,2,544,170,1439,0,0,112,906,60,538,112,1444,California
Plumas,2021-02-10,88,2071,9,553,79,1518,0,0,80,979,8,546,81,1525,California
Plumas,2021-02-11,321,2392,6,559,315,1833,0,0,261,1180,60,606,261,1786,California
Plumas,2021-02-12,126,2518,4,563,122,1955,0,0,120,1294,6,612,120,1906,California
Plumas,2021-02-13,77,2595,6,569,71,2026,0,0,16,1249,61,673,16,1922,California
Plumas,2021-02-14,8,2603,5,574,3,2029,0,0,8,1257,0,673,8,1930,California
Plumas,2021-02-15,26,2629,5,579,21,2050,0,0,23,1277,3,676,23,1953,California
Plumas,2021-02-16,78,2707,4,583,74,2124,0,0,14,1227,64,740,14,1967,California
Plumas,2021-02-17,137,2844,5,588,132,2256,0,0,12,1114,125,865,12,1979,California
Plumas,2021-02-18,129,2973,6,594,123,2379,0,0,20,1026,109,974,21,2000,California
Plumas,2021-02-19,43,3016,6,600,37,2416,0,0,7,997,36,1010,7,2007,California
Plumas,2021-02-20,105,3121,7,607,98,2514,0,0,13,918,92,1102,13,2020,California
Plumas,2021-02-21,6,3127,5,612,1,2515,0,0,2,916,4,1106,2,2022,California
Plumas,2021-02-22,7,3134,3,615,4,2519,0,0,1,911,6,1112,1,2023,California
Plumas,2021-02-23,22,3156,3,618,19,2538,0,0,17,923,5,1117,17,2040,California
Plumas,2021-02-24,466,3622,8,626,458,2996,0,0,453,1363,13,1130,453,2493,California
Plumas,2021-02-25,234,3856,11,637,223,3219,0,0,170,1469,64,1194,170,2663,California
Plumas,2021-02-26,267,4123,9,646,258,3477,0,0,259,1721,8,1202,260,2923,California
Plumas,2021-02-27,42,4165,4,650,38,3515,0,0,35,1749,7,1209,35,2958,California
Plumas,2021-02-28,3,4168,0,650,3,3518,0,0,1,1748,2,1211,1,2959,California
Plumas,2021-03-01,23,4191,6,656,16,3534,1,1,12,1751,10,1221,13,2972,California
Plumas,2021-03-02,10,4201,0,656,10,3544,0,1,7,1756,2,1223,7,2979,California
Plumas,2021-03-03,156,4357,11,667,145,3689,0,1,139,1878,17,1240,139,3118,California
Plumas,2021-03-04,253,4610,8,675,245,3934,0,1,230,2085,23,1263,230,3348,California
Plumas,2021-03-05,399,5009,6,681,388,4322,5,6,387,2465,12,1275,392,3740,California
Plumas,2021-03-06,21,5030,2,683,11,4333,8,14,4,2460,17,1292,12,3752,California
Plumas,2021-03-07,13,5043,2,685,2,4335,9,23,3,2462,10,1302,12,3764,California
Plumas,2021-03-08,30,5073,3,688,3,4338,24,47,3,2463,27,1329,28,3792,California
Plumas,2021-03-09,133,5206,2,690,116,4454,15,62,18,2381,115,1444,33,3825,California
Plumas,2021-03-10,255,5461,3,693,238,4692,14,76,107,2355,147,1591,121,3946,California
Plumas,2021-03-11,178,5639,8,701,165,4857,5,81,142,2466,36,1627,147,4093,California
Plumas,2021-03-12,594,6233,4,705,303,5160,287,368,22,2203,572,2199,309,4402,California
Plumas,2021-03-13,28,6261,5,710,12,5172,11,379,7,2200,21,2220,18,4420,California
Plumas,2021-03-14,12,6273,3,713,4,5176,5,384,1,2196,10,2230,6,4426,California
Plumas,2021-03-15,32,6305,1,714,24,5200,7,391,6,2183,26,2256,13,4439,California
Plumas,2021-03-16,61,6366,3,717,57,5257,1,392,49,2222,11,2267,50,4489,California
Plumas,2021-03-17,76,6442,10,727,65,5322,1,393,59,2266,16,2283,60,4549,California
Plumas,2021-03-18,61,6503,7,734,38,5360,16,409,14,2249,47,2330,30,4579,California
Plumas,2021-03-19,165,6668,7,741,156,5516,2,411,155,2399,8,2338,158,4737,California
Plumas,2021-03-20,700,7368,4,745,695,6211,1,412,678,3058,20,2358,679,5416,California
Plumas,2021-03-21,2,7370,1,746,1,6212,0,412,1,3059,0,2358,1,5417,California
Plumas,2021-03-22,183,7553,2,748,181,6393,0,412,175,3227,7,2365,175,5592,California
Plumas,2021-03-23,28,7581,2,750,26,6419,0,412,14,3227,14,2379,14,5606,California
Plumas,2021-03-24,657,8238,6,756,650,7069,1,413,216,3005,440,2819,218,5824,California
Plumas,2021-03-25,309,8547,6,762,301,7370,2,415,166,3028,143,2962,166,5990,California
Plumas,2021-03-26,314,8861,9,771,305,7675,0,415,46,2807,267,3229,46,6036,California
Plumas,2021-03-27,14,8875,1,772,12,7687,1,416,3,2800,11,3240,4,6040,California
Plumas,2021-03-28,6,8881,3,775,2,7689,1,417,3,2801,3,3243,4,6044,California
Plumas,2021-03-29,12,8893,4,779,7,7696,1,418,4,2798,8,3251,5,6049,California
Plumas,2021-03-30,151,9044,3,782,147,7843,1,419,25,2698,126,3377,26,6075,California
Plumas,2021-03-31,297,9341,4,786,292,8135,1,420,272,2946,25,3402,273,6348,California
Plumas,2021-04-01,310,9651,12,798,297,8432,1,421,67,2773,240,3642,67,6415,California
Plumas,2021-04-02,377,10028,5,803,371,8803,1,422,31,2471,334,3976,32,6447,California
Plumas,2021-04-03,16,10044,3,806,5,8808,8,430,2,2467,14,3990,10,6457,California
Plumas,2021-04-04,3,10047,1,807,1,8809,1,431,0,2465,3,3993,1,6458,California
Plumas,2021-04-05,12,10059,4,811,7,8816,1,432,4,2463,7,4000,5,6463,California
Plumas,2021-04-06,121,10180,6,817,89,8905,26,458,14,2396,106,4106,39,6502,California
Plumas,2021-04-07,284,10464,8,825,99,9004,177,635,29,2347,255,4361,206,6708,California
Plumas,2021-04-08,150,10614,4,829,131,9135,15,650,35,2282,114,4475,49,6757,California
Plumas,2021-04-09,52,10666,10,839,24,9159,18,668,18,2283,34,4509,35,6792,California
Plumas,2021-04-10,25,10691,2,841,6,9165,17,685,5,2285,20,4529,22,6814,California
Plumas,2021-04-11,5,10696,3,844,1,9166,1,686,3,2288,1,4530,4,6818,California
Plumas,2021-04-12,13,10709,5,849,5,9171,3,689,7,2293,5,4535,10,6828,California
Plumas,2021-04-13,212,10921,5,854,207,9378,0,689,142,2365,70,4605,142,6970,California
Plumas,2021-04-14,111,11032,8,862,103,9481,0,689,56,2367,54,4659,56,7026,California
Plumas,2021-04-15,54,11086,3,865,51,9532,0,689,34,2382,19,4678,34,7060,California
Plumas,2021-04-16,142,11228,2,867,140,9672,0,689,2,2244,140,4818,2,7062,California
Plumas,2021-04-17,672,11900,2,869,670,10342,0,689,18,1611,651,5469,18,7080,California
Plumas,2021-04-18,4,11904,3,872,1,10343,0,689,1,1609,3,5472,1,7081,California
Plumas,2021-04-19,38,11942,3,875,35,10378,0,689,5,1581,33,5505,5,7086,California
Plumas,2021-04-20,43,11985,5,880,38,10416,0,689,27,1593,15,5520,27,7113,California
Plumas,2021-04-21,311,12296,5,885,305,10721,1,690,18,1318,293,5813,18,7131,California
Plumas,2021-04-22,276,12572,8,893,268,10989,0,690,126,1294,150,5963,126,7257,California
Plumas,2021-04-23,73,12645,6,899,67,11056,0,690,16,1253,57,6020,16,7273,California
Plumas,2021-04-24,171,12816,5,904,166,11222,0,690,144,1371,26,6046,144,7417,California
Plumas,2021-04-26,30,12846,4,908,26,11248,0,690,8,1358,21,6067,8,7425,California
Plumas,2021-04-27,94,12940,3,911,91,11339,0,690,57,1378,37,6104,57,7482,California
Plumas,2021-04-28,285,13225,4,915,281,11620,0,690,37,1169,246,6350,37,7519,California
Plumas,2021-04-29,172,13397,69,984,103,11723,0,690,118,1233,54,6404,118,7637,California
Plumas,2021-04-30,21,13418,10,994,11,11734,0,690,5,1222,16,6420,5,7642,California
Plumas,2021-05-01,8,13426,1,995,6,11740,1,691,1,1219,5,6425,2,7644,California
Plumas,2021-05-02,3,13429,3,998,0,11740,0,691,1,1218,2,6427,1,7645,California
Plumas,2021-05-03,20,13449,7,1005,7,11747,6,697,6,1218,12,6439,12,7657,California
Plumas,2021-05-04,33,13482,5,1010,22,11769,6,703,19,1230,13,6452,25,7682,California
Plumas,2021-05-05,49,13531,6,1016,42,11811,1,704,22,1226,27,6479,23,7705,California
Plumas,2021-05-06,61,13592,2,1018,54,11865,5,709,19,1208,42,6521,24,7729,California
Plumas,2021-05-07,22,13614,5,1023,16,11881,1,710,8,1203,14,6535,9,7738,California
Plumas,2021-05-08,6,13620,0,1023,4,11885,2,712,4,1207,2,6537,6,7744,California
Plumas,2021-05-10,51,13671,1,1024,27,11912,23,735,23,1225,28,6565,46,7790,California
Plumas,2021-05-11,164,13835,3,1027,142,12054,19,754,12,1104,152,6717,31,7821,California
Plumas,2021-05-12,100,13935,2,1029,90,12144,8,762,37,1087,62,6779,45,7866,California
Plumas,2021-05-13,36,13971,3,1032,31,12175,2,764,14,1081,22,6801,16,7882,California
Plumas,2021-05-14,20,13991,4,1036,11,12186,5,769,10,1086,10,6811,15,7897,California
Plumas,2021-05-15,10,14001,4,1040,4,12190,2,771,4,1086,6,6817,6,7903,California
Plumas,2021-05-16,2,14003,1,1041,1,12191,0,771,1,1086,1,6818,1,7904,California
Plumas,2021-05-17,14,14017,0,1041,5,12196,9,780,5,1091,9,6827,14,7918,California
Plumas,2021-05-18,44,14061,7,1048,36,12232,1,781,24,1096,20,6847,25,7943,California
Plumas,2021-05-19,47,14108,3,1051,30,12262,14,795,12,1088,35,6882,27,7970,California
Plumas,2021-05-20,191,14299,136,1187,44,12306,11,806,78,1066,111,6993,89,8059,California
Plumas,2021-05-21,29,14328,8,1195,14,12320,7,813,14,1072,15,7008,21,8080,California
Plumas,2021-05-22,137,14465,1,1196,136,12456,0,813,7,951,128,7136,7,8087,California
Plumas,2021-05-23,1,14466,1,1197,0,12456,0,813,0,950,1,7137,0,8087,California
Plumas,2021-05-24,51,14517,37,1234,13,12469,1,814,41,983,9,7146,42,8129,California
Plumas,2021-05-25,68,14585,3,1237,64,12533,1,815,15,946,53,7199,16,8145,California
Plumas,2021-05-26,41,14626,7,1244,27,12560,7,822,17,947,23,7222,24,8169,California
Plumas,2021-05-27,99,14725,25,1269,61,12621,13,835,41,944,57,7279,54,8223,California
Plumas,2021-05-28,42,14767,14,1283,26,12647,2,837,22,949,19,7298,24,8247,California
Plumas,2021-05-29,8,14775,0,1283,8,12655,0,837,6,954,2,7300,7,8254,California
Plumas,2021-05-30,1,14776,0,1283,1,12656,0,837,0,954,0,7300,0,8254,California
Plumas,2021-05-31,7,14783,0,1283,4,12660,3,840,0,952,5,7305,3,8257,California
Plumas,2021-06-01,32,14815,7,1290,20,12680,5,845,9,944,23,7328,15,8272,California
Plumas,2021-06-02,59,14874,6,1296,31,12711,22,867,10,927,49,7377,32,8304,California
Plumas,2021-06-03,66,14940,17,1313,39,12750,10,877,27,925,39,7416,37,8341,California
Plumas,2021-06-04,15,14955,3,1316,11,12761,1,878,8,929,5,7421,9,8350,California
Plumas,2021-06-05,7,14962,3,1319,4,12765,0,878,2,926,5,7426,2,8352,California
Plumas,2021-06-06,2,14964,1,1320,1,12766,0,878,0,924,2,7428,0,8352,California
Plumas,2021-06-07,37,15001,5,1325,25,12791,7,885,9,912,28,7456,16,8368,California
Plumas,2021-06-08,28,15029,9,1334,17,12808,2,887,6,898,22,7478,8,8376,California
Plumas,2021-06-09,42,15071,5,1339,34,12842,3,890,9,877,33,7511,12,8388,California
Plumas,2021-06-10,36,15107,15,1354,17,12859,4,894,12,870,23,7534,16,8404,California
Plumas,2021-06-11,25,15132,13,1367,9,12868,3,897,8,864,17,7551,11,8415,California
Plumas,2021-06-12,11,15143,3,1370,7,12875,1,898,6,866,5,7556,7,8422,California
Plumas,2021-06-13,3,15146,1,1371,2,12877,0,898,3,869,0,7556,3,8425,California
Plumas,2021-06-14,97,15243,88,1459,6,12883,3,901,13,801,84,7640,16,8441,California
Plumas,2021-06-15,29,15272,7,1466,20,12903,2,903,9,792,20,7660,11,8452,California
Plumas,2021-06-16,33,15305,11,1477,13,12916,9,912,9,786,24,7684,18,8470,California
Plumas,2021-06-17,49,15354,30,1507,15,12931,4,916,11,764,37,7721,15,8485,California
Plumas,2021-06-18,39,15393,17,1524,14,12945,8,924,13,758,26,7747,20,8505,California
Plumas,2021-06-19,9,15402,2,1526,7,12952,0,924,2,753,7,7754,2,8507,California
Plumas,2021-06-21,9,15411,4,1530,4,12956,1,925,5,755,4,7758,6,8513,California
Plumas,2021-06-22,29,15440,11,1541,16,12972,2,927,9,746,20,7778,11,8524,California
Plumas,2021-06-23,27,15467,15,1556,9,12981,3,930,15,752,12,7790,18,8542,California
Plumas,2021-06-24,30,15497,19,1575,8,12989,3,933,14,753,15,7805,16,8558,California
Plumas,2021-06-25,22,15519,9,1584,11,13000,2,935,8,751,12,7817,10,8568,California
Plumas,2021-06-26,13,15532,4,1588,8,13008,1,936,3,745,10,7827,4,8572,California
Plumas,2021-06-28,10,15542,4,1592,2,13010,4,940,2,743,8,7835,6,8578,California
Plumas,2021-06-29,24,15566,16,1608,7,13017,1,941,11,742,13,7848,12,8590,California
Plumas,2021-06-30,22,15588,9,1617,9,13026,4,945,8,740,14,7862,12,8602,California
Plumas,2021-07-01,43,15631,29,1646,10,13036,4,949,22,745,21,7883,26,8628,California
Plumas,2021-07-02,17,15648,13,1659,4,13040,0,949,4,736,13,7896,4,8632,California
Plumas,2021-07-03,1,15649,0,1659,1,13041,0,949,1,737,0,7896,1,8633,California
Plumas,2021-07-06,27,15676,17,1676,8,13049,2,951,10,732,17,7913,12,8645,California
Plumas,2021-07-07,15,15691,10,1686,4,13053,1,952,6,730,9,7922,7,8652,California
Riverside,2020-12-15,7,7,7,7,0,0,0,0,7,7,0,0,7,7,California
Riverside,2020-12-16,96,103,96,103,0,0,0,0,96,103,0,0,96,103,California
Riverside,2020-12-17,834,937,834,937,0,0,0,0,834,937,0,0,834,937,California
Riverside,2020-12-18,1781,2718,1780,2717,1,1,0,0,1781,2718,0,0,1781,2718,California
Riverside,2020-12-19,1055,3773,1052,3769,3,4,0,0,1053,3770,1,1,1053,3771,California
Riverside,2020-12-20,1114,4887,1113,4882,1,5,0,0,1114,4884,0,1,1114,4885,California
Riverside,2020-12-21,2344,7231,2342,7224,2,7,0,0,2344,7228,0,1,2344,7229,California
Riverside,2020-12-22,2298,9529,2251,9475,47,54,0,0,2297,9525,0,1,2297,9526,California
Riverside,2020-12-23,2164,11693,1820,11295,344,398,0,0,2165,11690,0,1,2165,11691,California
Riverside,2020-12-24,859,12552,654,11949,205,603,0,0,859,12549,0,1,859,12550,California
Riverside,2020-12-25,41,12593,18,11967,23,626,0,0,40,12589,0,1,40,12590,California
Riverside,2020-12-26,490,13083,270,12237,220,846,0,0,490,13079,0,1,490,13080,California
Riverside,2020-12-27,398,13481,268,12505,130,976,0,0,397,13475,1,2,397,13477,California
Riverside,2020-12-28,1712,15193,1191,13696,521,1497,0,0,1712,15187,0,2,1712,15189,California
Riverside,2020-12-29,1810,17003,1024,14720,786,2283,0,0,1810,16997,0,2,1810,16999,California
Riverside,2020-12-30,2656,19659,1725,16445,931,3214,0,0,2654,19650,1,3,2654,19653,California
Riverside,2020-12-31,1081,20740,422,16867,659,3873,0,0,1082,20731,1,4,1082,20735,California
Riverside,2021-01-01,130,20870,58,16925,72,3945,0,0,130,20861,0,4,130,20865,California
Riverside,2021-01-02,897,21767,709,17634,188,4133,0,0,897,21758,0,4,897,21762,California
Riverside,2021-01-03,364,22131,306,17940,58,4191,0,0,363,22121,0,4,363,22125,California
Riverside,2021-01-04,1308,23439,813,18753,495,4686,0,0,1307,23428,0,4,1307,23432,California
Riverside,2021-01-05,2061,25500,1415,20168,646,5332,0,0,1938,25250,116,120,1938,25370,California
Riverside,2021-01-06,2598,28098,1160,21328,1438,6770,0,0,2255,27168,337,457,2255,27625,California
Riverside,2021-01-07,2885,30983,1884,23212,1001,7771,0,0,1772,27838,1105,1562,1775,29400,California
Riverside,2021-01-08,4126,35109,2981,26193,1145,8916,0,0,2262,28241,1859,3421,2262,31662,California
Riverside,2021-01-09,2139,37248,879,27072,1260,10176,0,0,1761,29626,376,3797,1761,33423,California
Riverside,2021-01-10,1696,38944,751,27823,945,11121,0,0,1080,30090,616,4413,1080,34503,California
Riverside,2021-01-11,4630,43574,3166,30989,1464,12585,0,0,2847,31156,1781,6194,2847,37350,California
Riverside,2021-01-12,3528,47102,2786,33775,742,13327,0,0,1810,31256,1713,7907,1813,39163,California
Riverside,2021-01-13,4591,51693,3002,36777,1589,14916,0,0,2946,32561,1641,9548,2946,42109,California
Riverside,2021-01-14,5798,57491,2053,38830,3745,18661,0,0,5168,37103,628,10176,5170,47279,California
Riverside,2021-01-15,6288,63779,2108,40938,4180,22841,0,0,5952,42722,334,10510,5953,53232,California
Riverside,2021-01-16,3726,67505,1037,41975,2689,25530,0,0,3464,45925,262,10772,3465,56697,California
Riverside,2021-01-17,3665,71170,605,42580,3060,28590,0,0,3456,49174,207,10979,3456,60153,California
Riverside,2021-01-18,3865,75035,2105,44685,1760,30350,0,0,2817,50945,1047,12026,2818,62971,California
Riverside,2021-01-19,7537,82572,2679,47364,4858,35208,0,0,6390,56194,1146,13172,6395,69366,California
Riverside,2021-01-20,8474,91046,3266,50630,5208,40416,0,0,6798,61335,1663,14835,6804,76170,California
Riverside,2021-01-21,8567,99613,3575,54205,4992,45408,0,0,7860,68488,708,15543,7861,84031,California
Riverside,2021-01-22,8974,108587,3055,57260,5919,51327,0,0,8497,76512,475,16018,8499,92530,California
Riverside,2021-01-23,6077,114664,2359,59619,3718,55045,0,0,5266,80968,811,16829,5267,97797,California
Riverside,2021-01-24,3118,117782,1441,61060,1677,56722,0,0,2892,83639,222,17051,2893,100690,California
Riverside,2021-01-25,8036,125818,4595,65655,3441,60163,0,0,6865,89338,1168,18219,6867,107557,California
Riverside,2021-01-26,9237,135055,5719,71374,3518,63681,0,0,7698,95501,1536,19755,7699,115256,California
Riverside,2021-01-27,11124,146179,6419,77793,4705,68386,0,0,9475,103336,1643,21398,9478,124734,California
Riverside,2021-01-28,11723,157902,6804,84597,4919,73305,0,0,10521,112666,1194,22592,10524,135258,California
Riverside,2021-01-29,12094,169996,7301,91898,4793,78098,0,0,10695,121992,1375,23967,10701,145959,California
Riverside,2021-01-30,9188,179184,4614,96512,4574,82672,0,0,8683,130175,501,24468,8684,154643,California
Riverside,2021-01-31,5189,184373,4221,100733,968,83640,0,0,5044,135081,143,24611,5049,159692,California
Riverside,2021-02-01,11486,195859,7153,107886,4333,87973,0,0,9459,142526,2018,26629,9463,169155,California
Riverside,2021-02-02,9703,205562,4883,112769,4820,92793,0,0,8180,149203,1509,28138,8186,177341,California
Riverside,2021-02-03,12409,217971,5174,117943,7235,100028,0,0,9945,156699,2454,30592,9950,187291,California
Riverside,2021-02-04,13760,231731,6051,123994,7709,107737,0,0,11585,166128,2164,32756,11593,198884,California
Riverside,2021-02-05,14686,246417,5558,129552,9128,116865,0,0,11427,174313,3250,36006,11435,210319,California
Riverside,2021-02-06,7351,253768,4276,133828,3075,119940,0,0,5681,178339,1659,37665,5685,216004,California
Riverside,2021-02-07,2227,255995,813,134641,1414,121354,0,0,1888,179897,337,38002,1895,217899,California
Riverside,2021-02-08,12608,268603,5584,140225,7024,128378,0,0,10211,187743,2379,40381,10225,228124,California
Riverside,2021-02-09,9824,278427,4563,144788,5261,133639,0,0,7786,193529,2021,42402,7807,235931,California
Riverside,2021-02-10,12269,290696,7013,151801,5256,138895,0,0,8962,199216,3294,45696,8981,244912,California
Riverside,2021-02-11,16887,307583,9096,160897,7791,146686,0,0,12203,206796,4660,50356,12240,257152,California
Riverside,2021-02-12,18064,325647,10921,171818,7143,153829,0,0,12949,214709,5064,55420,12977,270129,California
Riverside,2021-02-13,6439,332086,2174,173992,4265,158094,0,0,3109,214534,3315,58735,3140,273269,California
Riverside,2021-02-14,5040,337126,1187,175179,3853,161947,0,0,2259,214031,2775,61510,2272,275541,California
Riverside,2021-02-15,10027,347153,5126,180305,4901,166848,0,0,5529,215095,4482,65992,5546,281087,California
Riverside,2021-02-16,16389,363542,10231,190536,6158,173006,0,0,9402,217549,6974,72966,9428,290515,California
Riverside,2021-02-17,15380,378922,8423,198959,6957,179963,0,0,7624,217489,7739,80705,7679,298194,California
Riverside,2021-02-18,15787,394709,9053,208012,6734,186697,0,0,8105,217982,7655,88360,8148,306342,California
Riverside,2021-02-19,15691,410400,8420,216432,7271,193968,0,0,7383,217117,8276,96636,7411,313753,California
Riverside,2021-02-20,8585,418985,4637,221069,3948,197916,0,0,2256,213076,6307,102943,2266,316019,California
Riverside,2021-02-21,4588,423573,4045,225114,543,198459,0,0,1297,211119,3266,106209,1309,317328,California
Riverside,2021-02-22,12880,436453,8151,233265,4729,203188,0,0,5096,208465,7762,113971,5108,322436,California
Riverside,2021-02-23,11720,448173,7949,241214,3771,206959,0,0,5673,208158,6010,119981,5703,328139,California
Riverside,2021-02-24,15435,463608,8437,249651,6998,213957,0,0,6515,205862,8868,128849,6572,334711,California
Riverside,2021-02-25,17849,481457,7640,257291,10209,224166,0,0,8232,204579,9585,138434,8302,343013,California
Riverside,2021-02-26,19007,500464,6880,264171,12127,236293,0,0,9465,204639,9471,147905,9531,352544,California
Riverside,2021-02-27,12208,512672,5649,269820,6559,242852,0,0,5806,204135,6367,154272,5863,358407,California
Riverside,2021-02-28,5006,517678,3293,273113,1713,244565,0,0,2483,204140,2509,156781,2514,360921,California
Riverside,2021-03-01,14523,532201,6192,279305,8325,252890,6,6,8527,206776,5948,162729,8584,369505,California
Riverside,2021-03-02,15614,547815,7630,286935,7983,260873,1,7,9115,209477,6469,169198,9170,378675,California
Riverside,2021-03-03,17294,565109,8562,295497,8732,269605,0,7,7530,207460,9708,178906,7691,386366,California
Riverside,2021-03-04,19047,584156,7585,303082,11458,281063,4,11,9077,206818,9919,188825,9277,395643,California
Riverside,2021-03-05,19177,603333,7720,310802,11411,292474,46,57,9458,206973,9665,198490,9820,405463,California
Riverside,2021-03-06,9649,612982,5104,315906,4060,296534,485,542,4776,207427,4856,203346,5310,410773,California
Riverside,2021-03-07,4454,617436,2815,318721,1177,297711,462,1004,2056,207594,2386,205732,2553,413326,California
Riverside,2021-03-08,12184,629620,4838,323559,6914,304625,432,1436,5423,206793,6737,212469,5936,419262,California
Riverside,2021-03-09,15031,644651,7014,330573,7505,312130,512,1948,5946,204342,9061,221530,6610,425872,California
Riverside,2021-03-10,16172,660823,8677,339250,6559,318689,936,2884,6269,201875,9856,231386,7389,433261,California
Riverside,2021-03-11,19598,680421,9584,348834,8135,326824,1879,4763,7648,199721,11906,243292,9752,443013,California
Riverside,2021-03-12,21357,701778,7996,356830,8606,335430,4755,9518,7050,197595,14260,257552,12134,455147,California
Riverside,2021-03-13,8619,710397,2581,359411,4803,340233,1235,10753,4386,199113,4206,261758,5724,460871,California
Riverside,2021-03-14,4835,715232,1667,361078,1793,342026,1375,12128,2112,199901,2706,264464,3494,464365,California
Riverside,2021-03-15,18790,734022,7920,368998,9198,351224,1672,13800,9142,201232,9600,274064,10931,475296,California
Riverside,2021-03-16,21114,755136,10278,379276,10016,361240,820,14620,11361,203818,9707,283771,12293,487589,California
Riverside,2021-03-17,21591,776727,11083,390359,9442,370682,1066,15686,12870,209150,8672,292443,14004,501593,California
Riverside,2021-03-18,23114,799841,11983,402342,9453,380135,1678,17364,12655,213100,10399,302842,14349,515942,California
Riverside,2021-03-19,24325,824166,12771,415113,10578,390713,976,18340,14112,218404,10152,312994,15456,531398,California
Riverside,2021-03-20,10938,835104,6954,422067,2773,393486,1211,19551,6969,222667,3929,316923,8192,539590,California
Riverside,2021-03-21,3928,839032,3030,425097,621,394107,277,19828,2603,224253,1301,318224,2887,542477,California
Riverside,2021-03-22,16792,855824,10014,435111,6224,400331,554,20382,10612,229304,6117,324341,11168,553645,California
Riverside,2021-03-23,18778,874602,10610,445721,7745,408076,423,20805,11925,234890,6789,331130,12375,566020,California
Riverside,2021-03-24,18893,893495,10520,456241,8251,416327,122,20927,12838,241878,5997,337127,12985,579005,California
Riverside,2021-03-25,21288,914783,11731,467972,9370,425697,187,21114,14155,249186,7051,344178,14359,593364,California
Riverside,2021-03-26,24291,939074,11998,479970,12117,437814,176,21290,15033,255265,9145,353323,15224,608588,California
Riverside,2021-03-27,9396,948470,4914,484884,3428,441242,1054,22344,4841,256641,4525,357848,5901,614489,California
Riverside,2021-03-28,4821,953291,3161,488045,1565,442807,95,22439,2852,257636,1956,359804,2951,617440,California
Riverside,2021-03-29,17757,971048,8478,496523,9152,451959,127,22566,10926,261935,6781,366585,11080,628520,California
Riverside,2021-03-30,18462,989510,9614,506137,8637,460596,211,22777,11729,267193,6688,373273,11946,640466,California
Riverside,2021-03-31,18251,1007761,8480,514617,9444,470040,327,23104,11372,272079,6826,380099,11712,652178,California
Riverside,2021-04-01,25738,1033499,12569,527186,12365,482405,804,23908,16504,280244,9147,389246,17312,669490,California
Riverside,2021-04-02,26271,1059770,14107,541293,11179,493584,985,24893,16396,288038,9809,399055,17603,687093,California
Riverside,2021-04-03,9459,1069229,5994,547287,2850,496434,615,25508,6069,291355,3368,402423,6685,693778,California
Riverside,2021-04-04,3439,1072668,2079,549366,1093,497527,267,25775,1712,291624,1713,404136,1982,695760,California
Riverside,2021-04-05,18650,1091318,9506,558872,7251,504778,1893,27668,9972,294877,8632,412768,11885,707645,California
Riverside,2021-04-06,23948,1115266,12443,571315,9334,514112,2171,29839,13340,299833,10556,423324,15512,723157,California
Riverside,2021-04-07,25063,1140329,13479,584794,9043,523155,2541,32380,13913,305194,11094,434418,16455,739612,California
Riverside,2021-04-08,27659,1167988,15245,600039,9368,532523,3046,35426,16826,314293,10758,445176,19857,759469,California
Riverside,2021-04-09,26541,1194529,15586,615625,8431,540954,2524,37950,16134,322629,10353,455529,18689,778158,California
Riverside,2021-04-10,12157,1206686,6807,622432,3925,544879,1425,39375,5317,322573,6794,462323,6738,784896,California
Riverside,2021-04-11,4692,1211378,2790,625222,1263,546142,639,40014,2197,322935,2479,464802,2841,787737,California
Riverside,2021-04-12,20282,1231660,9032,634254,8583,554725,2667,42681,10136,325641,10102,474904,12808,800545,California
Riverside,2021-04-13,20260,1251920,11342,645596,8890,563615,28,42709,11599,328658,8618,483522,11635,812180,California
Riverside,2021-04-14,22491,1274411,12406,658002,10070,573685,15,42724,11023,328323,11396,494918,11061,823241,California
Riverside,2021-04-15,22303,1296714,12617,670619,9678,583363,8,42732,11772,329656,10458,505376,11791,835032,California
Riverside,2021-04-16,25436,1322150,14690,685309,10740,594103,6,42738,11818,327939,13554,518930,11837,846869,California
Riverside,2021-04-17,10018,1332168,6610,691919,3408,597511,0,42738,5018,327995,4972,523902,5028,851897,California
Riverside,2021-04-18,4224,1336392,3142,695061,1075,598586,7,42745,1956,327718,2250,526152,1973,853870,California
Riverside,2021-04-19,19761,1356153,11742,706803,8016,606602,3,42748,7105,322237,12602,538754,7121,860991,California
Riverside,2021-04-20,19577,1375730,10552,717355,9016,615618,9,42757,7981,318689,11545,550299,7997,868988,California
Riverside,2021-04-21,20890,1396620,12351,729706,8529,624147,10,42767,8400,314701,12410,562709,8422,877410,California
Riverside,2021-04-22,23889,1420509,14110,743816,9775,633922,4,42771,8948,308797,14867,577576,8963,886373,California
Riverside,2021-04-23,23842,1444351,14164,757980,9664,643586,14,42785,9343,303740,14435,592011,9378,895751,California
Riverside,2021-04-24,10543,1454894,7328,765308,3206,646792,9,42794,4828,302907,5673,597684,4840,900591,California
Riverside,2021-04-25,4250,1459144,2823,768131,1420,648212,7,42801,2198,303081,2033,599717,2207,902798,California
Riverside,2021-04-26,17398,1476542,10949,779080,6390,654602,59,42860,5924,297652,11428,611145,5999,908797,California
Riverside,2021-04-27,18625,1495167,10699,789779,7718,662320,208,43068,6496,292283,12081,623226,6712,915509,California
Riverside,2021-04-28,16921,1512088,9231,799010,7425,669745,265,43333,5755,287212,11101,634327,6030,921539,California
Riverside,2021-04-29,19155,1531243,11815,810825,6987,676732,353,43686,5572,279627,13509,647836,5924,927463,California
Riverside,2021-04-30,20347,1551590,11864,822689,8094,684826,389,44075,6661,273053,13625,661461,7051,934514,California
Riverside,2021-05-01,6891,1558481,4942,827631,1764,686590,185,44260,2364,271106,4495,665956,2548,937062,California
Riverside,2021-05-02,3397,1561878,2220,829851,968,687558,209,44469,1096,270137,2281,668237,1312,938374,California
Riverside,2021-05-03,18066,1579944,11097,840948,6474,694032,495,44964,4180,260993,13817,682054,4673,943047,California
Riverside,2021-05-04,17777,1597721,11383,852331,5930,699962,464,45428,5007,253780,12696,694750,5483,948530,California
Riverside,2021-05-05,16354,1614075,9434,861765,6547,706509,373,45801,4726,247330,11570,706320,5120,953650,California
Riverside,2021-05-06,18358,1632433,10451,872216,7492,714001,415,46216,4710,238927,13568,719888,5165,958815,California
Riverside,2021-05-07,20790,1653223,11893,884109,8450,722451,447,46663,5529,229732,15174,735062,5979,964794,California
Riverside,2021-05-08,7110,1660333,4727,888836,2121,724572,262,46925,2658,228245,4415,739477,2928,967722,California
Riverside,2021-05-09,2502,1662835,1698,890534,650,725222,154,47079,926,227766,1567,741044,1088,968810,California
Riverside,2021-05-10,10144,1672979,5203,895737,4546,729768,395,47474,2862,223795,7233,748277,3262,972072,California
Riverside,2021-05-11,14357,1687336,8757,904494,5072,734840,528,48002,4015,218099,10255,758532,4559,976631,California
Riverside,2021-05-12,13062,1700398,6716,911210,6013,740853,333,48335,3933,213289,9076,767608,4266,980897,California
Riverside,2021-05-13,15251,1715649,9336,920546,5632,746485,283,48618,5404,209195,9794,777402,5700,986597,California
Riverside,2021-05-14,18261,1733910,11573,932119,5892,752377,796,49414,7111,206021,11079,788481,7905,994502,California
Riverside,2021-05-15,9911,1743821,7137,939256,2376,754753,398,49812,5100,206741,4777,793258,5497,999999,California
Riverside,2021-05-16,3724,1747545,2763,942019,843,755596,118,49930,1867,206882,1843,795101,1984,1001983,California
Riverside,2021-05-17,11816,1759361,7608,949627,3853,759449,355,50285,5091,205642,6691,801792,5451,1007434,California
Riverside,2021-05-18,15252,1774613,9477,959104,5416,764865,359,50644,6158,203113,9046,810838,6517,1013951,California
Riverside,2021-05-19,12237,1786850,7741,966845,4251,769116,245,50889,5896,202969,6289,817127,6145,1020096,California
Riverside,2021-05-20,11947,1798797,7506,974351,4181,773297,260,51149,5316,201966,6583,823710,5580,1025676,California
Riverside,2021-05-21,14475,1813272,8922,983273,5229,778526,324,51473,6056,199998,8350,832060,6382,1032058,California
Riverside,2021-05-22,7246,1820518,4905,988178,2144,780670,197,51670,3880,200752,3324,835384,4078,1036136,California
Riverside,2021-05-23,2755,1823273,1846,990024,832,781502,77,51747,1296,200681,1443,836827,1372,1037508,California
Riverside,2021-05-24,8881,1832154,5808,995832,2759,784261,314,52061,3966,200076,4884,841711,4279,1041787,California
Riverside,2021-05-25,9734,1841888,5796,1001628,3664,787925,274,52335,3877,198410,5819,847530,4153,1045940,California
Riverside,2021-05-26,8925,1850813,5535,1007163,3060,790985,330,52665,3898,197668,4976,852506,4234,1050174,California
Riverside,2021-05-27,8569,1859382,5129,1012292,3203,794188,237,52902,3878,197150,4639,857145,4121,1054295,California
Riverside,2021-05-28,10780,1870162,6523,1018815,3942,798130,315,53217,4963,196681,5754,862899,5285,1059580,California
Riverside,2021-05-29,5050,1875212,3435,1022250,1488,799618,127,53344,2818,197420,2208,865107,2947,1062527,California
Riverside,2021-05-30,1969,1877181,1420,1023670,481,800099,68,53412,1017,197560,945,866052,1085,1063612,California
Riverside,2021-05-31,875,1878056,497,1024167,345,800444,33,53445,334,197390,537,866589,367,1063979,California
Riverside,2021-06-01,9177,1887233,5665,1029832,3275,803719,237,53682,3446,195392,5678,872267,3680,1067659,California
Riverside,2021-06-02,7138,1894371,4350,1034182,2510,806229,278,53960,2743,194064,4351,876618,3023,1070682,California
Riverside,2021-06-03,7964,1902335,5295,1039477,2398,808627,271,54231,2728,191867,5192,881810,2995,1073677,California
Riverside,2021-06-04,10741,1913076,7657,1047134,2825,811452,259,54490,3720,188881,6967,888777,3981,1077658,California
Riverside,2021-06-05,6976,1920052,5148,1052282,1282,812734,546,55036,2188,186854,4764,893541,2737,1080395,California
Riverside,2021-06-06,2223,1922275,1888,1054170,284,813018,51,55087,684,186060,1530,895071,736,1081131,California
Riverside,2021-06-07,6940,1929215,5263,1059433,1445,814463,232,55319,2272,183928,4636,899707,2504,1083635,California
Riverside,2021-06-08,9064,1938279,6561,1065994,2229,816692,274,55593,2963,181121,6046,905753,3239,1086874,California
Riverside,2021-06-09,7756,1946035,5642,1071636,1817,818509,297,55890,2365,178436,5344,911097,2659,1089533,California
Riverside,2021-06-10,7601,1953636,5357,1076993,2009,820518,235,56125,2366,175836,5206,916303,2606,1092139,California
Riverside,2021-06-11,8890,1962526,6028,1083021,2569,823087,293,56418,3004,173306,5826,922129,3296,1095435,California
Riverside,2021-06-12,5354,1967880,3957,1086978,1269,824356,128,56546,1662,171443,3659,925788,1796,1097231,California
Riverside,2021-06-13,1797,1969677,1337,1088315,416,824772,44,56590,494,170691,1290,927078,538,1097769,California
Riverside,2021-06-14,6374,1976051,4563,1092878,1505,826277,306,56896,2097,168845,4246,931324,2400,1100169,California
Riverside,2021-06-15,7080,1983131,4831,1097709,1938,828215,311,57207,2646,167422,4385,935709,2962,1103131,California
Riverside,2021-06-16,6839,1989970,4712,1102421,1812,830027,315,57522,2408,165756,4387,940096,2721,1105852,California
Riverside,2021-06-17,6406,1996376,4486,1106907,1679,831706,241,57763,2384,164399,3988,944084,2631,1108483,California
Riverside,2021-06-18,8172,2004548,5907,1112814,1988,833694,277,58040,3335,163226,4790,948874,3617,1112100,California
Riverside,2021-06-19,4276,2008824,3278,1116092,844,834538,154,58194,1782,162696,2471,951345,1941,1114041,California
Riverside,2021-06-20,1499,2010323,1137,1117229,325,834863,37,58231,575,162394,915,952260,613,1114654,California
Riverside,2021-06-21,4257,2014580,2818,1120047,1164,836027,275,58506,2198,162826,2041,954301,2473,1117127,California
Riverside,2021-06-22,6332,2020912,4470,1124517,1611,837638,251,58757,2718,162224,3575,957876,2973,1120100,California
Riverside,2021-06-23,5554,2026466,3940,1128457,1355,838993,259,59016,2576,162116,2943,960819,2835,1122935,California
Riverside,2021-06-24,5388,2031854,3692,1132149,1454,840447,242,59258,2347,161700,3006,963825,2590,1125525,California
Riverside,2021-06-25,6810,2038664,4884,1137033,1645,842092,281,59539,2940,161088,3837,967662,3225,1128750,California
Riverside,2021-06-26,3803,2042467,2928,1139961,749,842841,126,59665,1748,160929,2033,969695,1874,1130624,California
Riverside,2021-06-27,1498,2043965,1207,1141168,246,843087,45,59710,692,160871,795,970490,737,1131361,California
Riverside,2021-06-28,4273,2048238,3329,1144497,721,843808,223,59933,2002,160858,2242,972732,2229,1133590,California
Riverside,2021-06-29,5628,2053866,4171,1148668,1280,845088,177,60110,2572,160590,3019,975751,2751,1136341,California
Riverside,2021-06-30,4973,2058839,3668,1152336,1134,846222,171,60281,2415,160685,2489,978240,2584,1138925,California
Riverside,2021-07-01,4718,2063557,3286,1155622,1129,847351,303,60584,2208,160722,2480,980720,2517,1141442,California
Riverside,2021-07-02,5735,2069292,4261,1159883,1276,848627,198,60782,2741,160707,2953,983673,2938,1144380,California
Riverside,2021-07-03,2866,2072158,2146,1162029,640,849267,80,60862,1412,160777,1423,985096,1493,1145873,California
Riverside,2021-07-04,242,2072400,139,1162168,95,849362,8,60870,96,160737,144,985240,104,1145977,California
Riverside,2021-07-05,2567,2074967,2008,1164176,500,849862,59,60929,1251,160740,1307,986547,1310,1147287,California
Riverside,2021-07-06,5457,2080424,4043,1168219,1198,851060,216,61145,2225,159994,3188,989735,2442,1149729,California
Riverside,2021-07-07,2666,2083090,1887,1170106,626,851686,153,61298,1192,159877,1464,991199,1347,1151076,California
Sacramento,2020-12-15,315,315,315,315,0,0,0,0,315,315,0,0,315,315,California
Sacramento,2020-12-16,683,998,683,998,0,0,0,0,683,998,0,0,683,998,California
Sacramento,2020-12-17,722,1720,722,1720,0,0,0,0,722,1720,0,0,722,1720,California
Sacramento,2020-12-18,1128,2848,1127,2847,1,1,0,0,1128,2848,0,0,1128,2848,California
Sacramento,2020-12-19,625,3473,625,3472,0,1,0,0,625,3473,0,0,625,3473,California
Sacramento,2020-12-20,635,4108,635,4107,0,1,0,0,635,4108,0,0,635,4108,California
Sacramento,2020-12-21,1683,5791,1683,5790,0,1,0,0,1684,5792,0,0,1684,5792,California
Sacramento,2020-12-22,2109,7900,2073,7863,36,37,0,0,2109,7901,0,0,2109,7901,California
Sacramento,2020-12-23,2271,10171,2096,9959,175,212,0,0,2271,10172,0,0,2271,10172,California
Sacramento,2020-12-24,1042,11213,830,10789,212,424,0,0,1042,11214,0,0,1042,11214,California
Sacramento,2020-12-25,3,11216,2,10791,1,425,0,0,3,11217,0,0,3,11217,California
Sacramento,2020-12-26,508,11724,289,11080,219,644,0,0,508,11725,0,0,508,11725,California
Sacramento,2020-12-27,358,12082,252,11332,106,750,0,0,358,12083,0,0,358,12083,California
Sacramento,2020-12-28,1927,14009,1342,12674,585,1335,0,0,1926,14008,1,1,1926,14009,California
Sacramento,2020-12-29,1973,15982,1200,13874,773,2108,0,0,1973,15981,0,1,1973,15982,California
Sacramento,2020-12-30,2567,18549,1460,15334,1107,3215,0,0,2568,18549,0,1,2568,18550,California
Sacramento,2020-12-31,1230,19779,695,16029,535,3750,0,0,1231,19780,0,1,1231,19781,California
Sacramento,2021-01-01,85,19864,72,16101,13,3763,0,0,85,19865,0,1,85,19866,California
Sacramento,2021-01-02,571,20435,366,16467,205,3968,0,0,571,20436,0,1,571,20437,California
Sacramento,2021-01-03,412,20847,223,16690,189,4157,0,0,412,20848,0,1,412,20849,California
Sacramento,2021-01-04,1952,22799,840,17530,1112,5269,0,0,1950,22797,1,2,1950,22799,California
Sacramento,2021-01-05,2245,25044,1011,18541,1234,6503,0,0,1862,24283,383,385,1869,24668,California
Sacramento,2021-01-06,2761,27805,1638,20179,1123,7626,0,0,1942,25413,813,1198,1943,26611,California
Sacramento,2021-01-07,2870,30675,1531,21710,1339,8965,0,0,1922,26393,942,2140,1922,28533,California
Sacramento,2021-01-08,3315,33990,2097,23807,1218,10183,0,0,2184,27451,1127,3267,2185,30718,California
Sacramento,2021-01-09,1298,35288,804,24611,494,10677,0,0,900,27955,396,3663,900,31618,California
Sacramento,2021-01-10,1252,36540,713,25324,539,11216,0,0,783,28271,468,4131,784,32402,California
Sacramento,2021-01-11,4378,40918,2969,28293,1409,12625,0,0,2429,28764,1948,6079,2441,34843,California
Sacramento,2021-01-12,4692,45610,3292,31585,1400,14025,0,0,2640,29361,2050,8129,2647,37490,California
Sacramento,2021-01-13,3865,49475,2234,33819,1631,15656,0,0,2440,30378,1424,9553,2441,39931,California
Sacramento,2021-01-14,4759,54234,2428,36247,2331,17987,0,0,3845,33311,912,10465,3845,43776,California
Sacramento,2021-01-15,4472,58706,2259,38506,2213,20200,0,0,3753,36346,719,11184,3754,47530,California
Sacramento,2021-01-16,2225,60931,1282,39788,943,21143,0,0,2005,38132,219,11403,2005,49535,California
Sacramento,2021-01-17,1686,62617,987,40775,699,21842,0,0,1500,39449,186,11589,1503,51038,California
Sacramento,2021-01-18,2820,65437,1723,42498,1097,22939,0,0,2231,41093,588,12177,2232,53270,California
Sacramento,2021-01-19,4994,70431,3025,45523,1969,24908,0,0,3751,43605,1241,13418,3753,57023,California
Sacramento,2021-01-20,4994,75425,3002,48525,1992,26900,0,0,3680,45976,1315,14733,3686,60709,California
Sacramento,2021-01-21,5263,80688,3018,51543,2245,29145,0,0,4289,49300,967,15700,4291,65000,California
Sacramento,2021-01-22,5055,85743,2688,54231,2367,31512,0,0,4751,53749,303,16003,4752,69752,California
Sacramento,2021-01-23,3871,89614,1562,55793,2309,33821,0,0,3407,56692,464,16467,3407,73159,California
Sacramento,2021-01-24,1640,91254,1024,56817,616,34437,0,0,1391,57835,249,16716,1392,74551,California
Sacramento,2021-01-25,4434,95688,2168,58985,2266,36703,0,0,2952,59307,1482,18198,2954,77505,California
Sacramento,2021-01-26,4782,100470,2178,61163,2604,39307,0,0,3565,61662,1212,19410,3567,81072,California
Sacramento,2021-01-27,5896,106366,3045,64208,2851,42158,0,0,4263,64300,1627,21037,4265,85337,California
Sacramento,2021-01-28,5490,111856,2736,66944,2754,44912,0,0,4384,67581,1104,22141,4385,89722,California
Sacramento,2021-01-29,5457,117313,2931,69875,2526,47438,0,0,4431,70994,1018,23159,4431,94153,California
Sacramento,2021-01-30,4885,122198,2201,72076,2684,50122,0,0,4452,75016,430,23589,4452,98605,California
Sacramento,2021-01-31,2418,124616,2116,74192,302,50424,0,0,2064,76730,352,23941,2066,100671,California
Sacramento,2021-02-01,5958,130574,3032,77224,2926,53350,0,0,4271,79323,1679,25620,4272,104943,California
Sacramento,2021-02-02,6958,137532,3708,80932,3250,56600,0,0,4846,82081,2090,27710,4848,109791,California
Sacramento,2021-02-03,7179,144711,3616,84548,3563,60163,0,0,5291,85498,1876,29586,5293,115084,California
Sacramento,2021-02-04,7807,152518,3687,88235,4120,64283,0,0,5540,88779,2259,31845,5540,120624,California
Sacramento,2021-02-05,7912,160430,4505,92740,3407,67690,0,0,4854,90606,3034,34879,4861,125485,California
Sacramento,2021-02-06,8855,169285,3504,96244,5351,73041,0,0,7494,96743,1359,36238,7496,132981,California
Sacramento,2021-02-07,4099,173384,2208,98452,1891,74932,0,0,2893,98437,1201,37439,2895,135876,California
Sacramento,2021-02-08,6273,179657,3253,101705,3020,77952,0,0,3918,100006,2349,39788,3918,139794,California
Sacramento,2021-02-09,6816,186473,3574,105279,3242,81194,0,0,4007,101221,2794,42582,4009,143803,California
Sacramento,2021-02-10,7775,194248,4252,109531,3523,84717,0,0,4543,102550,3215,45797,4544,148347,California
Sacramento,2021-02-11,9638,203886,5737,115268,3901,88618,0,0,5520,103969,4103,49900,5522,153869,California
Sacramento,2021-02-12,10759,214645,4174,119442,6585,95203,0,0,6432,106144,4260,54160,6435,160304,California
Sacramento,2021-02-13,8145,222790,3018,122460,5127,100330,0,0,6373,110752,1766,55926,6374,166678,California
Sacramento,2021-02-14,3258,226048,2010,124470,1248,101578,0,0,2119,111739,1137,57063,2124,168802,California
Sacramento,2021-02-15,6058,232106,2062,126532,3996,105574,0,0,4206,114107,1841,58904,4209,173011,California
Sacramento,2021-02-16,9327,241433,4237,130769,5090,110664,0,0,5362,115519,3955,62859,5367,178378,California
Sacramento,2021-02-17,8969,250402,5038,135807,3931,114595,0,0,5202,116970,3754,66613,5205,183583,California
Sacramento,2021-02-18,9686,260088,5792,141599,3894,118489,0,0,5763,118826,3911,70524,5767,189350,California
Sacramento,2021-02-19,10163,270251,6218,147817,3945,122434,0,0,5989,120667,4157,74681,5998,195348,California
Sacramento,2021-02-20,8214,278465,5844,153661,2370,124804,0,0,4794,122052,3412,78093,4797,200145,California
Sacramento,2021-02-21,4969,283434,2527,156188,2442,127246,0,0,2901,122893,2060,80153,2901,203046,California
Sacramento,2021-02-22,6539,289973,3970,160158,2569,129815,0,0,2829,122038,3688,83841,2833,205879,California
Sacramento,2021-02-23,7640,297613,4759,164917,2881,132696,0,0,3649,121721,3970,87811,3653,209532,California
Sacramento,2021-02-24,10111,307724,5570,170487,4541,137237,0,0,5450,122540,4639,92450,5458,214990,California
Sacramento,2021-02-25,11481,319205,6570,177057,4911,142148,0,0,6671,124421,4791,97241,6672,221662,California
Sacramento,2021-02-26,14583,333788,6864,183921,7719,149867,0,0,9951,129781,4597,101838,9957,231619,California
Sacramento,2021-02-27,11260,345048,6885,190806,4372,154239,3,3,8346,135247,2883,104721,8349,239968,California
Sacramento,2021-02-28,6665,351713,2351,193157,4314,158553,0,3,3121,134842,3529,108250,3124,243092,California
Sacramento,2021-03-01,8668,360381,3630,196787,5035,163588,3,6,4717,135641,3924,112174,4723,247815,California
Sacramento,2021-03-02,9416,369797,4084,200871,5331,168919,1,7,5773,137795,3623,115797,5777,253592,California
Sacramento,2021-03-03,11205,381002,5113,205984,6088,175007,4,11,6733,140085,4450,120247,6740,260332,California
Sacramento,2021-03-04,13723,394725,6337,212321,7382,182389,4,15,7611,141635,6072,126319,7622,267954,California
Sacramento,2021-03-05,10728,405453,4943,217264,5755,188144,30,45,7125,145217,3574,129893,7156,275110,California
Sacramento,2021-03-06,8173,413626,3136,220400,4913,193057,124,169,4149,145482,4007,133900,4272,279382,California
Sacramento,2021-03-07,8141,421767,2241,222641,5757,198814,143,312,3799,145089,4333,138233,3940,283322,California
Sacramento,2021-03-08,9241,431008,4337,226978,4665,203479,239,551,6000,148102,3224,141457,6237,289559,California
Sacramento,2021-03-09,9780,440788,4588,231566,4898,208377,294,845,5594,149828,4162,145619,5888,295447,California
Sacramento,2021-03-10,11882,452670,7533,239099,3993,212370,356,1201,6944,152236,4896,150515,7304,302751,California
Sacramento,2021-03-11,15234,467904,10115,249214,4287,216657,832,2033,8983,155839,6207,156722,9810,312561,California
Sacramento,2021-03-12,18103,486007,8353,257567,8879,225536,871,2904,8875,156417,9170,165892,9748,322309,California
Sacramento,2021-03-13,13662,499669,3590,261157,9642,235178,430,3334,8450,160091,5201,171093,8875,331184,California
Sacramento,2021-03-14,9480,509149,3479,264636,5365,240543,636,3970,4476,160228,4973,176066,5110,336294,California
Sacramento,2021-03-15,12302,521451,4885,269521,6752,247295,665,4635,7065,162753,5207,181273,7732,344026,California
Sacramento,2021-03-16,14179,535630,6316,275837,7208,254503,655,5290,8655,166571,5483,186756,9301,353327,California
Sacramento,2021-03-17,13886,549516,6679,282516,6575,261078,632,5922,8802,170953,5055,191811,9437,362764,California
Sacramento,2021-03-18,15838,565354,8339,290855,6894,267972,605,6527,10011,175777,5792,197603,10616,373380,California
Sacramento,2021-03-19,15728,581082,8023,298878,6312,274284,1393,7920,7924,177314,7771,205374,9308,382688,California
Sacramento,2021-03-20,13406,594488,7561,306439,5501,279785,344,8264,8499,181281,4875,210249,8842,391530,California
Sacramento,2021-03-21,5860,600348,2781,309220,3040,282825,39,8303,3364,182208,2480,212729,3407,394937,California
Sacramento,2021-03-22,9491,609839,4884,314104,3753,286578,854,9157,6260,186119,3199,215928,7110,402047,California
Sacramento,2021-03-23,11496,621335,6861,320965,3829,290407,806,9963,7353,190179,4097,220025,8157,410204,California
Sacramento,2021-03-24,11961,633296,7296,328261,4033,294440,632,10595,6725,192387,5150,225175,7358,417562,California
Sacramento,2021-03-25,14330,647626,8431,336692,5059,299499,840,11435,8508,195955,5773,230948,9341,426903,California
Sacramento,2021-03-26,18394,666020,8958,345650,8924,308423,512,11947,9149,196448,9170,240118,9663,436566,California
Sacramento,2021-03-27,10208,676228,3586,349236,6330,314753,292,12239,5574,197713,4596,244714,5861,442427,California
Sacramento,2021-03-28,6632,682860,3238,352474,3144,317897,250,12489,2661,196667,3960,248674,2914,445341,California
Sacramento,2021-03-29,11066,693926,5908,358382,4768,322665,390,12879,4952,195925,6084,254758,5342,450683,California
Sacramento,2021-03-30,11971,705897,6109,364491,5444,328109,418,13297,6035,196468,5907,260665,6450,457133,California
Sacramento,2021-03-31,13529,719426,7876,372367,5238,333347,415,13712,5582,194545,7914,268579,5991,463124,California
Sacramento,2021-04-01,17535,736961,10479,382846,6802,340149,254,13966,7346,192011,10139,278718,7605,470729,California
Sacramento,2021-04-02,17242,754203,9732,392578,6766,346915,744,14710,9038,193627,8165,286883,9781,480510,California
Sacramento,2021-04-03,10481,764684,6245,398823,3686,350601,550,15260,6419,196558,4033,290916,6964,487474,California
Sacramento,2021-04-04,3728,768412,1531,400354,1992,352593,205,15465,1447,195931,2275,293191,1648,489122,California
Sacramento,2021-04-05,12113,780525,7573,407927,3697,356290,843,16308,5379,195454,6695,299886,6218,495340,California
Sacramento,2021-04-06,15735,796260,8892,416819,5499,361789,1344,17652,6927,194948,8772,308658,8266,503606,California
Sacramento,2021-04-07,14947,811207,8054,424873,5276,367065,1617,19269,7163,195980,7736,316394,8768,512374,California
Sacramento,2021-04-08,15163,826370,6817,431690,5342,372407,3004,22273,6017,195869,9109,325503,8998,521372,California
Sacramento,2021-04-09,18394,844764,9386,441076,6779,379186,2229,24502,7469,194675,10880,336383,9686,531058,California
Sacramento,2021-04-10,13447,858211,3850,444926,8369,387555,1228,25730,5859,194178,7558,343941,7061,538119,California
Sacramento,2021-04-11,11188,869399,4376,449302,6584,394139,228,25958,3639,190522,7522,351463,3866,541985,California
Sacramento,2021-04-12,13039,882438,5072,454374,6072,400211,1895,27853,4930,189289,8040,359503,6807,548792,California
Sacramento,2021-04-13,16343,898781,9982,464356,6356,406567,5,27858,7577,188144,8731,368234,7586,556378,California
Sacramento,2021-04-14,15068,913849,8019,472375,7047,413614,2,27860,5938,184988,9098,377332,5942,562320,California
Sacramento,2021-04-15,16478,930327,8465,480840,8010,421624,3,27863,6676,181911,9758,387090,6681,569001,California
Sacramento,2021-04-16,17621,947948,9736,490576,7885,429509,0,27863,7973,180289,9597,396687,7975,576976,California
Sacramento,2021-04-17,15883,963831,6190,496766,9693,439202,0,27863,11606,187647,4253,400940,11611,588587,California
Sacramento,2021-04-18,9081,972912,3270,500036,5811,445013,0,27863,3882,186353,5178,406118,3884,592471,California
Sacramento,2021-04-19,10687,983599,5774,505810,4908,449921,5,27868,4729,185156,5933,412051,4736,597207,California
Sacramento,2021-04-20,11573,995172,7142,512952,4427,454348,4,27872,6086,185791,5460,417511,6095,603302,California
Sacramento,2021-04-21,12340,1007512,7386,520338,4952,459300,2,27874,6625,186736,5683,423194,6628,609930,California
Sacramento,2021-04-22,15259,1022771,10272,530610,4982,464282,5,27879,6997,185516,8224,431418,7004,616934,California
Sacramento,2021-04-23,16305,1039076,10353,540963,5952,470234,0,27879,7562,184376,8704,440122,7564,624498,California
Sacramento,2021-04-24,11631,1050707,7011,547974,4619,474853,1,27880,6212,185207,5383,445505,6214,630712,California
Sacramento,2021-04-25,8480,1059187,4483,552457,3997,478850,0,27880,4175,185095,4288,449793,4176,634888,California
Sacramento,2021-04-26,10835,1070022,6831,559288,3980,482830,24,27904,5152,184620,5651,455444,5176,640064,California
Sacramento,2021-04-27,12286,1082308,8087,567375,4044,486874,155,28059,6033,184591,6219,461663,6190,646254,California
Sacramento,2021-04-28,10793,1093101,6115,573490,4473,491347,205,28264,5962,185963,4798,466461,6170,652424,California
Sacramento,2021-04-29,11190,1104291,7596,581086,3290,494637,304,28568,6144,187407,5007,471468,6451,658875,California
Sacramento,2021-04-30,12757,1117048,8081,589167,4411,499048,265,28833,6033,187033,6673,478141,6299,665174,California
Sacramento,2021-05-01,7627,1124675,5481,594648,1971,501019,175,29008,2793,185202,4798,482939,2967,668141,California
Sacramento,2021-05-02,5008,1129683,4309,598957,549,501568,150,29158,2226,184823,2754,485693,2375,670516,California
Sacramento,2021-05-03,9148,1138831,7309,606266,1557,503125,282,29440,3975,183927,5149,490842,4253,674769,California
Sacramento,2021-05-04,9698,1148529,5956,612222,3432,506557,310,29750,3857,182300,5793,496635,4166,678935,California
Sacramento,2021-05-05,11374,1159903,6242,618464,4670,511227,462,30212,4650,180729,6675,503310,5104,684039,California
Sacramento,2021-05-06,11443,1171346,6398,624862,4737,515964,308,30520,4674,179280,6427,509737,4978,689017,California
Sacramento,2021-05-07,10798,1182144,6308,631170,4120,520084,370,30890,4546,178001,6196,515933,4917,693934,California
Sacramento,2021-05-08,9003,1191147,4006,635176,4766,524850,231,31121,2822,174910,6136,522069,3045,696979,California
Sacramento,2021-05-09,3290,1194437,1794,636970,1384,526234,112,31233,1204,174152,2075,524144,1317,698296,California
Sacramento,2021-05-10,8294,1202731,3873,640843,4150,530384,271,31504,2006,170175,6255,530399,2278,700574,California
Sacramento,2021-05-11,8647,1211378,5465,646308,2922,533306,260,31764,3016,167853,5598,535997,3276,703850,California
Sacramento,2021-05-12,8778,1220156,5285,651593,3236,536542,257,32021,2944,165253,5799,541796,3199,707049,California
Sacramento,2021-05-13,12031,1232187,7702,659295,4052,540594,277,32298,4564,162668,7425,549221,4840,711889,California
Sacramento,2021-05-14,12524,1244711,7097,666392,5138,545732,289,32587,5062,160614,7405,556626,5351,717240,California
Sacramento,2021-05-15,13247,1257958,8026,674418,5075,550807,146,32733,5873,159290,7339,563965,6015,723255,California
Sacramento,2021-05-16,8439,1266397,4230,678648,4096,554903,113,32846,2207,155410,6203,570168,2323,725578,California
Sacramento,2021-05-17,10482,1276879,6402,685050,3791,558694,289,33135,3921,153101,6522,576690,4213,729791,California
Sacramento,2021-05-18,9927,1286806,6220,691270,3494,562188,213,33348,3712,150855,6176,582866,3930,733721,California
Sacramento,2021-05-19,9865,1296671,6264,697534,3336,565524,265,33613,4437,150179,5384,588250,4708,738429,California
Sacramento,2021-05-20,10249,1306920,6749,704283,3239,568763,261,33874,3808,147859,6389,594639,4069,742498,California
Sacramento,2021-05-21,10734,1317654,6809,711092,3602,572365,323,34197,4449,146391,6246,600885,4778,747276,California
Sacramento,2021-05-22,7454,1325108,4608,715700,2672,575037,174,34371,3347,145838,4077,604962,3524,750800,California
Sacramento,2021-05-23,4579,1329687,3018,718718,1458,576495,103,34474,1971,145324,2589,607551,2075,752875,California
Sacramento,2021-05-24,7814,1337501,4720,723438,2764,579259,330,34804,2479,142840,5291,612842,2807,755682,California
Sacramento,2021-05-25,6716,1344217,3880,727318,2544,581803,292,35096,2376,141193,4314,617156,2667,758349,California
Sacramento,2021-05-26,8564,1352781,4728,732046,3501,585304,335,35431,2812,138633,5702,622858,3142,761491,California
Sacramento,2021-05-27,6692,1359473,3649,735695,2803,588107,240,35671,2946,138120,3699,626557,3186,764677,California
Sacramento,2021-05-28,8273,1367746,4583,740278,3315,591422,375,36046,3454,137173,4775,631332,3828,768505,California
Sacramento,2021-05-29,4439,1372185,2702,742980,1578,593000,159,36205,2235,137388,2178,633510,2393,770898,California
Sacramento,2021-05-30,1683,1373868,1066,744046,579,593579,38,36243,751,137254,924,634434,790,771688,California
Sacramento,2021-05-31,885,1374753,444,744490,428,594007,13,36256,313,137012,568,635002,326,772014,California
Sacramento,2021-06-01,6975,1381728,4178,748668,2591,596598,206,36462,2530,135343,4402,639404,2733,774747,California
Sacramento,2021-06-02,6099,1387827,3348,752016,2537,599135,214,36676,2263,134023,3795,643199,2475,777222,California
Sacramento,2021-06-03,7463,1395290,5074,757090,2204,601339,185,36861,2142,131065,5281,648480,2323,779545,California
Sacramento,2021-06-04,7081,1402371,4522,761612,2347,603686,212,37073,2208,128645,4840,653320,2420,781965,California
Sacramento,2021-06-05,6219,1408590,4561,766173,1518,605204,140,37213,1756,126106,4436,657756,1897,783862,California
Sacramento,2021-06-06,2420,1411010,1901,768074,460,605664,59,37272,787,125327,1626,659382,847,784709,California
Sacramento,2021-06-07,5580,1416590,3908,771982,1492,607156,180,37452,1553,123057,4000,663382,1730,786439,California
Sacramento,2021-06-08,5408,1421998,3685,775667,1543,608699,180,37632,1713,121286,3666,667048,1895,788334,California
Sacramento,2021-06-09,6185,1428183,4283,779950,1717,610416,185,37817,1623,118583,4510,671558,1807,790141,California
Sacramento,2021-06-10,5424,1433607,3466,783416,1747,612163,211,38028,1651,116725,3720,675278,1862,792003,California
Sacramento,2021-06-11,7559,1441166,5219,788635,2146,614309,194,38222,2046,113483,5480,680758,2238,794241,California
Sacramento,2021-06-12,4726,1445892,3061,791696,1547,615856,118,38340,1279,111453,3428,684186,1398,795639,California
Sacramento,2021-06-13,1935,1447827,1426,793122,465,616321,44,38384,396,110363,1528,685714,438,796077,California
Sacramento,2021-06-14,4316,1452143,2795,795917,1359,617680,162,38546,1344,108913,2954,688668,1504,797581,California
Sacramento,2021-06-15,4925,1457068,2964,798881,1736,619416,225,38771,1719,107667,3189,691857,1943,799524,California
Sacramento,2021-06-16,4477,1461545,3009,801890,1249,620665,219,38990,1546,106518,2906,694763,1757,801281,California
Sacramento,2021-06-17,4066,1465611,2644,804534,1256,621921,166,39156,1396,105436,2639,697402,1557,802838,California
Sacramento,2021-06-18,5127,1470738,3351,807885,1535,623456,241,39397,1739,104053,3362,700764,1979,804817,California
Sacramento,2021-06-19,3338,1474076,2265,810150,928,624384,145,39542,1189,103255,2131,702895,1333,806150,California
Sacramento,2021-06-20,1235,1475311,915,811065,292,624676,28,39570,564,103187,660,703555,592,806742,California
Sacramento,2021-06-21,2526,1477837,1338,812403,1027,625703,161,39731,1239,103311,1274,704829,1398,808140,California
Sacramento,2021-06-22,3908,1481745,2691,815094,1020,626723,197,39928,1537,102695,2345,707174,1729,809869,California
Sacramento,2021-06-23,4078,1485823,2812,817906,1057,627780,209,40137,1521,101885,2536,709710,1726,811595,California
Sacramento,2021-06-24,3475,1489298,2245,820151,1034,628814,196,40333,1386,101396,2070,711780,1581,813176,California
Sacramento,2021-06-25,4187,1493485,2830,822981,1142,629956,215,40548,1688,100817,2479,714259,1900,815076,California
Sacramento,2021-06-26,2844,1496329,2033,825014,688,630644,123,40671,1190,100494,1635,715894,1312,816388,California
Sacramento,2021-06-27,1240,1497569,913,825927,296,630940,31,40702,452,100193,784,716678,483,816871,California
Sacramento,2021-06-28,2626,1500195,1953,827880,532,631472,141,40843,1143,100011,1465,718143,1283,818154,California
Sacramento,2021-06-29,3283,1503478,2189,830069,955,632427,139,40982,1327,99552,1927,720070,1468,819622,California
Sacramento,2021-06-30,3273,1506751,2241,832310,902,633329,130,41112,1545,99520,1708,721778,1676,821298,California
Sacramento,2021-07-01,2832,1509583,1899,834209,774,634103,159,41271,1225,99314,1588,723366,1382,822680,California
Sacramento,2021-07-02,3418,1513001,2289,836498,975,635078,154,41425,1457,98981,1939,725305,1606,824286,California
Sacramento,2021-07-03,1848,1514849,1250,837748,565,635643,33,41458,793,98766,1042,726347,827,825113,California
Sacramento,2021-07-04,156,1515005,62,837810,84,635727,10,41468,66,98752,90,726437,76,825189,California
Sacramento,2021-07-05,1426,1516431,969,838779,422,636149,35,41503,702,98774,715,727152,737,825926,California
Sacramento,2021-07-06,3435,1519866,2435,841214,837,636986,163,41666,1269,98054,2144,729296,1424,827350,California
Sacramento,2021-07-07,2236,1522102,1558,842772,556,637542,122,41788,902,97755,1319,730615,1020,828370,California
San Benito,2020-12-16,29,29,29,29,0,0,0,0,29,29,0,0,29,29,California
San Benito,2020-12-17,48,77,48,77,0,0,0,0,48,77,0,0,48,77,California
San Benito,2020-12-18,72,149,72,149,0,0,0,0,72,149,0,0,72,149,California
San Benito,2020-12-19,48,197,48,197,0,0,0,0,48,197,0,0,48,197,California
San Benito,2020-12-20,24,221,24,221,0,0,0,0,24,221,0,0,24,221,California
San Benito,2020-12-21,77,298,77,298,0,0,0,0,77,298,0,0,77,298,California
San Benito,2020-12-22,101,399,101,399,0,0,0,0,101,399,0,0,101,399,California
San Benito,2020-12-23,86,485,74,473,12,12,0,0,86,485,0,0,86,485,California
San Benito,2020-12-24,13,498,5,478,8,20,0,0,13,498,0,0,13,498,California
San Benito,2020-12-25,3,501,3,481,0,20,0,0,3,501,0,0,3,501,California
San Benito,2020-12-26,13,514,4,485,9,29,0,0,13,514,0,0,13,514,California
San Benito,2020-12-27,8,522,7,492,1,30,0,0,8,522,0,0,8,522,California
San Benito,2020-12-28,66,588,36,528,30,60,0,0,66,588,0,0,66,588,California
San Benito,2020-12-29,49,637,21,549,28,88,0,0,49,637,0,0,49,637,California
San Benito,2020-12-30,59,696,37,586,22,110,0,0,59,696,0,0,59,696,California
San Benito,2020-12-31,19,715,2,588,17,127,0,0,19,715,0,0,19,715,California
San Benito,2021-01-02,24,739,23,611,1,128,0,0,24,739,0,0,24,739,California
San Benito,2021-01-03,4,743,2,613,2,130,0,0,3,742,0,0,3,742,California
San Benito,2021-01-04,61,804,23,636,38,168,0,0,61,803,0,0,61,803,California
San Benito,2021-01-05,117,921,37,673,80,248,0,0,114,914,3,3,114,917,California
San Benito,2021-01-06,102,1023,42,715,60,308,0,0,87,986,15,18,87,1004,California
San Benito,2021-01-07,106,1129,68,783,38,346,0,0,54,988,52,70,54,1058,California
San Benito,2021-01-08,180,1309,89,872,91,437,0,0,116,1040,64,134,116,1174,California
San Benito,2021-01-09,44,1353,31,903,13,450,0,0,30,1056,14,148,30,1204,California
San Benito,2021-01-10,17,1370,15,918,2,452,0,0,5,1049,12,160,5,1209,California
San Benito,2021-01-11,173,1543,108,1026,65,517,0,0,72,1020,101,261,72,1281,California
San Benito,2021-01-12,161,1704,57,1083,104,621,0,0,121,1101,40,301,121,1402,California
San Benito,2021-01-13,240,1944,68,1151,172,793,0,0,189,1239,51,352,189,1591,California
San Benito,2021-01-14,132,2076,24,1175,108,901,0,0,113,1333,19,371,113,1704,California
San Benito,2021-01-15,217,2293,20,1195,197,1098,0,0,203,1522,14,385,203,1907,California
San Benito,2021-01-16,25,2318,8,1203,17,1115,0,0,20,1537,5,390,20,1927,California
San Benito,2021-01-17,12,2330,5,1208,7,1122,0,0,9,1543,3,393,9,1936,California
San Benito,2021-01-18,37,2367,23,1231,14,1136,0,0,22,1550,15,408,22,1958,California
San Benito,2021-01-19,187,2554,81,1312,106,1242,0,0,149,1661,38,446,149,2107,California
San Benito,2021-01-20,338,2892,102,1414,236,1478,0,0,292,1908,45,491,292,2399,California
San Benito,2021-01-21,146,3038,33,1447,113,1591,0,0,120,2002,26,517,120,2519,California
San Benito,2021-01-22,236,3274,19,1466,217,1808,0,0,226,2218,10,527,226,2745,California
San Benito,2021-01-23,31,3305,17,1483,14,1822,0,0,13,2213,18,545,13,2758,California
San Benito,2021-01-24,28,3333,3,1486,25,1847,0,0,24,2233,4,549,24,2782,California
San Benito,2021-01-25,72,3405,24,1510,48,1895,0,0,24,2209,48,597,24,2806,California
San Benito,2021-01-26,138,3543,41,1551,97,1992,0,0,86,2243,52,649,86,2892,California
San Benito,2021-01-27,230,3773,69,1620,161,2153,0,0,191,2395,39,688,191,3083,California
San Benito,2021-01-28,151,3924,32,1652,119,2272,0,0,120,2485,30,718,120,3203,California
San Benito,2021-01-29,292,4216,33,1685,259,2531,0,0,267,2728,24,742,267,3470,California
San Benito,2021-01-30,52,4268,33,1718,19,2550,0,0,29,2734,23,765,29,3499,California
San Benito,2021-01-31,16,4284,5,1723,11,2561,0,0,11,2740,5,770,11,3510,California
San Benito,2021-02-01,137,4421,29,1752,108,2669,0,0,93,2789,44,814,93,3603,California
San Benito,2021-02-02,229,4650,49,1801,180,2849,0,0,139,2838,90,904,139,3742,California
San Benito,2021-02-03,341,4991,42,1843,299,3148,0,0,273,3043,68,972,273,4015,California
San Benito,2021-02-04,165,5156,22,1865,143,3291,0,0,119,3116,46,1018,119,4134,California
San Benito,2021-02-05,291,5447,39,1904,252,3543,0,0,230,3285,61,1079,230,4364,California
San Benito,2021-02-06,50,5497,9,1913,41,3584,0,0,33,3301,17,1096,33,4397,California
San Benito,2021-02-07,18,5515,9,1922,9,3593,0,0,16,3315,2,1098,16,4413,California
San Benito,2021-02-08,141,5656,18,1940,123,3716,0,0,95,3364,46,1144,95,4508,California
San Benito,2021-02-09,327,5983,64,2004,263,3979,0,0,195,3427,132,1276,195,4703,California
San Benito,2021-02-10,323,6306,89,2093,234,4213,0,0,106,3317,216,1492,106,4809,California
San Benito,2021-02-11,299,6605,33,2126,266,4479,0,0,201,3420,98,1590,201,5010,California
San Benito,2021-02-12,416,7021,32,2158,384,4863,0,0,209,3423,206,1796,209,5219,California
San Benito,2021-02-13,56,7077,7,2165,49,4912,0,0,44,3455,12,1808,44,5263,California
San Benito,2021-02-14,40,7117,5,2170,35,4947,0,0,30,3475,10,1818,30,5293,California
San Benito,2021-02-15,107,7224,9,2179,98,5045,0,0,96,3560,11,1829,96,5389,California
San Benito,2021-02-16,206,7430,11,2190,195,5240,0,0,101,3557,105,1934,102,5491,California
San Benito,2021-02-17,328,7758,29,2219,299,5539,0,0,278,3785,50,1984,278,5769,California
San Benito,2021-02-18,297,8055,39,2258,258,5797,0,0,74,3636,223,2207,74,5843,California
San Benito,2021-02-19,347,8402,47,2305,300,6097,0,0,181,3651,166,2373,181,6024,California
San Benito,2021-02-20,50,8452,28,2333,22,6119,0,0,38,3677,12,2385,38,6062,California
San Benito,2021-02-21,24,8476,9,2342,15,6134,0,0,15,3683,9,2394,15,6077,California
San Benito,2021-02-22,138,8614,37,2379,101,6235,0,0,101,3748,36,2430,101,6178,California
San Benito,2021-02-23,387,9001,97,2476,290,6525,0,0,268,3897,119,2549,268,6446,California
San Benito,2021-02-24,395,9396,74,2550,321,6846,0,0,250,4002,145,2694,250,6696,California
San Benito,2021-02-25,391,9787,63,2613,328,7174,0,0,271,4151,122,2816,271,6967,California
San Benito,2021-02-26,654,10441,77,2690,577,7751,0,0,404,4305,250,3066,404,7371,California
San Benito,2021-02-27,106,10547,41,2731,65,7816,0,0,87,4373,19,3085,87,7458,California
San Benito,2021-02-28,255,10802,31,2762,224,8040,0,0,243,4604,12,3097,243,7701,California
San Benito,2021-03-01,232,11034,61,2823,171,8211,0,0,161,4693,72,3169,161,7862,California
San Benito,2021-03-02,288,11322,95,2918,193,8404,0,0,216,4837,72,3241,216,8078,California
San Benito,2021-03-03,408,11730,64,2982,344,8748,0,0,229,4889,177,3418,229,8307,California
San Benito,2021-03-04,616,12346,126,3108,475,9223,15,15,428,5132,188,3606,431,8738,California
San Benito,2021-03-05,585,12931,307,3415,266,9489,12,27,376,5313,207,3813,388,9126,California
San Benito,2021-03-06,193,13124,69,3484,110,9599,14,41,140,5414,53,3866,154,9280,California
San Benito,2021-03-07,653,13777,603,4087,21,9620,29,70,615,6020,38,3904,644,9924,California
San Benito,2021-03-08,290,14067,66,4153,177,9797,47,117,167,6111,123,4027,214,10138,California
San Benito,2021-03-09,427,14494,82,4235,243,10040,102,219,137,6034,289,4316,212,10350,California
San Benito,2021-03-10,412,14906,121,4356,195,10235,96,315,239,6196,173,4489,335,10685,California
San Benito,2021-03-11,478,15384,126,4482,199,10434,153,468,212,6295,266,4755,365,11050,California
San Benito,2021-03-12,524,15908,124,4606,303,10737,97,565,233,6337,288,5043,330,11380,California
San Benito,2021-03-13,201,16109,99,4705,84,10821,18,583,127,6411,71,5114,145,11525,California
San Benito,2021-03-14,233,16342,40,4745,173,10994,20,603,180,6559,52,5166,200,11725,California
San Benito,2021-03-15,324,16666,98,4843,207,11201,19,622,191,6636,133,5299,210,11935,California
San Benito,2021-03-16,502,17168,218,5061,253,11454,31,653,354,6873,147,5446,384,12319,California
San Benito,2021-03-17,792,17960,479,5540,291,11745,22,675,560,7220,227,5673,574,12893,California
San Benito,2021-03-18,788,18748,526,6066,207,11952,55,730,573,7626,213,5886,619,13512,California
San Benito,2021-03-19,778,19526,402,6468,352,12304,24,754,573,8017,205,6091,596,14108,California
San Benito,2021-03-20,245,19771,147,6615,85,12389,13,767,184,8153,61,6152,197,14305,California
San Benito,2021-03-21,108,19879,56,6671,47,12436,5,772,80,8210,28,6180,85,14390,California
San Benito,2021-03-22,354,20233,173,6844,156,12592,25,797,222,8325,132,6312,247,14637,California
San Benito,2021-03-23,474,20707,197,7041,267,12859,10,807,204,8268,270,6582,213,14850,California
San Benito,2021-03-24,574,21281,303,7344,264,13123,7,814,348,8399,224,6806,355,15205,California
San Benito,2021-03-25,740,22021,441,7785,295,13418,4,818,438,8543,298,7104,442,15647,California
San Benito,2021-03-26,1017,23038,519,8304,493,13911,5,823,334,8200,682,7786,339,15986,California
San Benito,2021-03-27,338,23376,189,8493,117,14028,32,855,220,8335,117,7903,252,16238,California
San Benito,2021-03-28,734,24110,608,9101,121,14149,5,860,129,7864,605,8508,134,16372,California
San Benito,2021-03-29,345,24455,108,9209,217,14366,20,880,144,7827,200,8708,163,16535,California
San Benito,2021-03-30,581,25036,274,9483,214,14580,93,973,294,7927,287,8995,387,16922,California
San Benito,2021-03-31,595,25631,365,9848,206,14786,24,997,334,8026,259,9254,358,17280,California
San Benito,2021-04-01,955,26586,386,10234,530,15316,39,1036,565,8236,388,9642,598,17878,California
San Benito,2021-04-02,541,27127,262,10496,143,15459,136,1172,264,8360,276,9918,400,18278,California
San Benito,2021-04-03,254,27381,87,10583,103,15562,64,1236,75,8320,178,10096,138,18416,California
San Benito,2021-04-04,144,27525,109,10692,30,15592,5,1241,107,8395,37,10133,112,18528,California
San Benito,2021-04-05,353,27878,169,10861,140,15732,44,1285,142,8369,211,10344,185,18713,California
San Benito,2021-04-06,468,28346,164,11025,127,15859,177,1462,163,8403,305,10649,339,19052,California
San Benito,2021-04-07,942,29288,524,11549,227,16086,191,1653,263,8181,676,11325,454,19506,California
San Benito,2021-04-08,870,30158,437,11986,178,16264,255,1908,229,8025,640,11965,484,19990,California
San Benito,2021-04-09,854,31012,506,12492,256,16520,92,2000,298,7860,555,12520,390,20380,California
San Benito,2021-04-10,339,31351,205,12697,77,16597,57,2057,192,7962,147,12667,249,20629,California
San Benito,2021-04-11,481,31832,274,12971,172,16769,35,2092,271,8036,210,12877,284,20913,California
San Benito,2021-04-12,530,32362,285,13256,133,16902,112,2204,278,8171,251,13128,386,21299,California
San Benito,2021-04-13,761,33123,295,13551,443,17345,23,2227,527,8489,233,13361,551,21850,California
San Benito,2021-04-14,836,33959,656,14207,180,17525,0,2227,395,8450,434,13795,395,22245,California
San Benito,2021-04-15,949,34908,737,14944,211,17736,1,2228,476,8457,471,14266,478,22723,California
San Benito,2021-04-16,714,35622,373,15317,333,18069,8,2236,303,8361,408,14674,312,23035,California
San Benito,2021-04-17,322,35944,226,15543,96,18165,0,2236,130,8297,194,14868,130,23165,California
San Benito,2021-04-18,510,36454,429,15972,81,18246,0,2236,249,8287,261,15129,251,23416,California
San Benito,2021-04-19,747,37201,597,16569,150,18396,0,2236,422,8387,323,15452,423,23839,California
San Benito,2021-04-20,788,37989,419,16988,367,18763,2,2238,495,8595,288,15740,496,24335,California
San Benito,2021-04-21,973,38962,721,17709,252,19015,0,2238,525,8687,433,16173,525,24860,California
San Benito,2021-04-22,907,39869,699,18408,208,19223,0,2238,568,8924,331,16504,568,25428,California
San Benito,2021-04-23,644,40513,409,18817,234,19457,1,2239,342,9013,253,16757,342,25770,California
San Benito,2021-04-24,362,40875,202,19019,160,19617,0,2239,166,9023,156,16913,166,25936,California
San Benito,2021-04-25,204,41079,128,19147,76,19693,0,2239,95,9027,91,17004,95,26031,California
San Benito,2021-04-26,497,41576,394,19541,103,19796,0,2239,260,9111,176,17180,260,26291,California
San Benito,2021-04-27,561,42137,287,19828,267,20063,7,2246,409,9385,142,17322,416,26707,California
San Benito,2021-04-28,557,42694,393,20221,155,20218,9,2255,390,9621,162,17484,398,27105,California
San Benito,2021-04-29,635,43329,235,20456,390,20608,10,2265,255,9524,379,17863,282,27387,California
San Benito,2021-04-30,384,43713,215,20671,162,20770,7,2272,208,9565,174,18037,215,27602,California
San Benito,2021-05-01,195,43908,142,20813,44,20814,9,2281,65,9510,129,18166,74,27676,California
San Benito,2021-05-02,190,44098,160,20973,26,20840,4,2285,58,9440,132,18298,62,27738,California
San Benito,2021-05-03,360,44458,284,21257,66,20906,10,2295,86,9264,274,18572,98,27836,California
San Benito,2021-05-04,417,44875,257,21514,152,21058,8,2303,151,9158,264,18836,158,27994,California
San Benito,2021-05-05,611,45486,432,21946,163,21221,16,2319,217,9001,390,19226,233,28227,California
San Benito,2021-05-06,624,46110,497,22443,112,21333,15,2334,225,8846,395,19621,240,28467,California
San Benito,2021-05-07,454,46564,291,22734,153,21486,10,2344,174,8753,278,19899,185,28652,California
San Benito,2021-05-08,279,46843,228,22962,46,21532,5,2349,155,8789,124,20023,160,28812,California
San Benito,2021-05-09,111,46954,86,23048,22,21554,3,2352,47,8776,63,20086,50,28862,California
San Benito,2021-05-10,411,47365,322,23370,65,21619,24,2376,53,8496,358,20444,78,28940,California
San Benito,2021-05-11,837,48202,425,23795,396,22015,16,2392,191,8060,644,21088,208,29148,California
San Benito,2021-05-12,518,48720,413,24208,92,22107,13,2405,124,7805,393,21481,138,29286,California
San Benito,2021-05-13,739,49459,632,24840,90,22197,17,2422,212,7508,525,22006,228,29514,California
San Benito,2021-05-14,601,50060,445,25285,149,22346,7,2429,231,7378,368,22374,238,29752,California
San Benito,2021-05-15,227,50287,171,25456,50,22396,6,2435,126,7409,101,22475,132,29884,California
San Benito,2021-05-16,174,50461,146,25602,26,22422,2,2437,97,7431,77,22552,99,29983,California
San Benito,2021-05-17,388,50849,312,25914,67,22489,9,2446,177,7409,208,22760,186,30169,California
San Benito,2021-05-18,674,51523,356,26270,313,22802,5,2451,212,7165,462,23222,218,30387,California
San Benito,2021-05-19,571,52094,420,26690,143,22945,8,2459,230,7062,341,23563,238,30625,California
San Benito,2021-05-20,593,52687,470,27160,112,23057,11,2470,315,7111,277,23840,326,30951,California
San Benito,2021-05-21,465,53152,274,27434,175,23232,16,2486,213,7090,250,24090,229,31180,California
San Benito,2021-05-22,297,53449,225,27659,67,23299,5,2491,183,7167,112,24202,189,31369,California
San Benito,2021-05-23,100,53549,62,27721,34,23333,4,2495,37,7144,63,24265,40,31409,California
San Benito,2021-05-24,306,53855,257,27978,42,23375,7,2502,190,7225,116,24381,197,31606,California
San Benito,2021-05-25,527,54382,241,28219,279,23654,7,2509,170,7047,355,24736,177,31783,California
San Benito,2021-05-26,312,54694,196,28415,109,23763,7,2516,125,6992,186,24922,131,31914,California
San Benito,2021-05-27,408,55102,312,28727,73,23836,23,2539,151,6912,257,25179,177,32091,California
San Benito,2021-05-28,287,55389,177,28904,103,23939,7,2546,110,6853,176,25355,117,32208,California
San Benito,2021-05-29,147,55536,125,29029,20,23959,2,2548,62,6832,85,25440,64,32272,California
San Benito,2021-05-30,269,55805,252,29281,17,23976,0,2548,90,6744,178,25618,90,32362,California
San Benito,2021-05-31,100,55905,87,29368,11,23987,2,2550,43,6733,56,25674,45,32407,California
San Benito,2021-06-01,267,56172,121,29489,120,24107,26,2576,86,6664,180,25854,111,32518,California
San Benito,2021-06-02,322,56494,244,29733,76,24183,2,2578,110,6566,211,26065,113,32631,California
San Benito,2021-06-03,341,56835,290,30023,45,24228,6,2584,101,6435,238,26303,107,32738,California
San Benito,2021-06-04,272,57107,205,30228,67,24295,0,2584,86,6336,185,26488,86,32824,California
San Benito,2021-06-05,95,57202,77,30305,17,24312,1,2585,23,6289,71,26559,24,32848,California
San Benito,2021-06-06,59,57261,49,30354,7,24319,3,2588,13,6259,46,26605,16,32864,California
San Benito,2021-06-07,339,57600,299,30653,35,24354,5,2593,85,6097,252,26857,90,32954,California
San Benito,2021-06-08,309,57909,217,30870,77,24431,15,2608,94,5992,214,27071,109,33063,California
San Benito,2021-06-09,241,58150,189,31059,44,24475,8,2616,68,5895,173,27244,76,33139,California
San Benito,2021-06-10,360,58510,332,31391,21,24496,7,2623,74,5692,284,27528,81,33220,California
San Benito,2021-06-11,270,58780,229,31620,21,24517,20,2643,92,5627,177,27705,112,33332,California
San Benito,2021-06-12,160,58940,146,31766,10,24527,4,2647,49,5584,96,27801,53,33385,California
San Benito,2021-06-13,53,58993,41,31807,10,24537,2,2649,16,5572,30,27831,18,33403,California
San Benito,2021-06-14,181,59174,150,31957,26,24563,5,2654,61,5518,119,27950,65,33468,California
San Benito,2021-06-15,221,59395,128,32085,87,24650,6,2660,77,5460,142,28092,84,33552,California
San Benito,2021-06-16,213,59608,170,32255,29,24679,14,2674,72,5406,140,28232,86,33638,California
San Benito,2021-06-17,251,59859,207,32462,17,24696,27,2701,78,5339,173,28405,106,33744,California
San Benito,2021-06-18,159,60018,102,32564,50,24746,7,2708,64,5315,95,28500,71,33815,California
San Benito,2021-06-19,114,60132,108,32672,6,24752,0,2708,48,5297,66,28566,48,33863,California
San Benito,2021-06-20,38,60170,36,32708,2,24754,0,2708,18,5295,20,28586,18,33881,California
San Benito,2021-06-21,113,60283,83,32791,15,24769,15,2723,59,5315,53,28639,73,33954,California
San Benito,2021-06-22,206,60489,125,32916,60,24829,21,2744,75,5280,130,28769,95,34049,California
San Benito,2021-06-23,150,60639,113,33029,27,24856,10,2754,61,5262,89,28858,71,34120,California
San Benito,2021-06-24,191,60830,163,33192,15,24871,13,2767,81,5247,109,28967,94,34214,California
San Benito,2021-06-25,151,60981,120,33312,29,24900,2,2769,64,5227,87,29054,67,34281,California
San Benito,2021-06-26,76,61057,61,33373,14,24914,1,2770,33,5219,42,29096,34,34315,California
San Benito,2021-06-27,58,61115,51,33424,2,24916,5,2775,24,5214,34,29130,29,34344,California
San Benito,2021-06-28,123,61238,100,33524,19,24935,4,2779,51,5197,72,29202,55,34399,California
San Benito,2021-06-29,110,61348,55,33579,43,24978,12,2791,40,5179,70,29272,52,34451,California
San Benito,2021-06-30,136,61484,111,33690,18,24996,7,2798,52,5155,83,29355,59,34510,California
San Benito,2021-07-01,132,61616,103,33793,20,25016,9,2807,53,5137,78,29433,60,34570,California
San Benito,2021-07-02,131,61747,74,33867,45,25061,12,2819,54,5126,77,29510,66,34636,California
San Benito,2021-07-03,99,61846,94,33961,4,25065,1,2820,53,5134,46,29556,54,34690,California
San Benito,2021-07-04,14,61860,13,33974,1,25066,0,2820,6,5132,8,29564,6,34696,California
San Benito,2021-07-05,93,61953,80,34054,12,25078,1,2821,45,5130,48,29612,46,34742,California
San Benito,2021-07-06,119,62072,59,34113,52,25130,8,2829,46,5111,73,29685,54,34796,California
San Benito,2021-07-07,87,62159,57,34170,28,25158,2,2831,21,5070,64,29749,23,34819,California
San Bernardino,2020-12-15,13,13,13,13,0,0,0,0,13,13,0,0,13,13,California
San Bernardino,2020-12-16,114,127,114,127,0,0,0,0,114,127,0,0,114,127,California
San Bernardino,2020-12-17,2377,2504,2377,2504,0,0,0,0,2377,2504,0,0,2377,2504,California
San Bernardino,2020-12-18,3174,5678,3171,5675,3,3,0,0,3175,5679,0,0,3175,5679,California
San Bernardino,2020-12-19,1076,6754,1075,6750,1,4,0,0,1077,6756,0,0,1077,6756,California
San Bernardino,2020-12-20,1185,7939,1181,7931,4,8,0,0,1185,7941,0,0,1185,7941,California
San Bernardino,2020-12-21,2465,10404,2458,10389,7,15,0,0,2465,10406,0,0,2465,10406,California
San Bernardino,2020-12-22,2280,12684,2151,12540,129,144,0,0,2281,12687,0,0,2281,12687,California
San Bernardino,2020-12-23,2681,15365,1473,14013,1208,1352,0,0,2679,15366,0,0,2679,15366,California
San Bernardino,2020-12-24,1164,16529,584,14597,580,1932,0,0,1165,16530,1,1,1165,16531,California
San Bernardino,2020-12-25,76,16605,15,14612,61,1993,0,0,76,16606,0,1,76,16607,California
San Bernardino,2020-12-26,466,17071,255,14867,211,2204,0,0,466,17072,0,1,466,17073,California
San Bernardino,2020-12-27,351,17422,164,15031,187,2391,0,0,350,17421,1,2,350,17423,California
San Bernardino,2020-12-28,1594,19016,701,15732,893,3284,0,0,1595,19016,0,2,1595,19018,California
San Bernardino,2020-12-29,2259,21275,1048,16780,1211,4495,0,0,2259,21275,0,2,2259,21277,California
San Bernardino,2020-12-30,2932,24207,1460,18240,1472,5967,0,0,2932,24207,0,2,2932,24209,California
San Bernardino,2020-12-31,1384,25591,441,18681,943,6910,0,0,1382,25589,0,2,1382,25591,California
San Bernardino,2021-01-01,258,25849,152,18833,106,7016,0,0,257,25846,0,2,257,25848,California
San Bernardino,2021-01-02,487,26336,345,19178,142,7158,0,0,487,26333,0,2,487,26335,California
San Bernardino,2021-01-03,174,26510,88,19266,86,7244,0,0,174,26507,0,2,174,26509,California
San Bernardino,2021-01-04,2151,28661,1294,20560,857,8101,0,0,2150,28657,0,2,2150,28659,California
San Bernardino,2021-01-05,2350,31011,1463,22023,887,8988,0,0,2237,30783,111,113,2237,30896,California
San Bernardino,2021-01-06,3469,34480,2363,24386,1106,10094,0,0,2968,33257,495,608,2969,33865,California
San Bernardino,2021-01-07,5457,39937,4519,28905,938,11032,0,0,2492,32803,2946,3554,2492,36357,California
San Bernardino,2021-01-08,5403,45340,4470,33375,933,11965,0,0,2302,32009,3097,6651,2303,38660,California
San Bernardino,2021-01-09,1410,46750,1104,34479,306,12271,0,0,908,32415,502,7153,908,39568,California
San Bernardino,2021-01-10,1031,47781,601,35080,430,12701,0,0,579,32542,452,7605,579,40147,California
San Bernardino,2021-01-11,4999,52780,4086,39166,913,13614,0,0,2779,33104,2217,9822,2779,42926,California
San Bernardino,2021-01-12,4258,57038,3233,42399,1025,14639,0,0,2530,33908,1726,11548,2530,45456,California
San Bernardino,2021-01-13,4614,61652,2837,45236,1777,16416,0,0,3382,36071,1220,12768,3383,48839,California
San Bernardino,2021-01-14,4889,66541,2814,48050,2075,18491,0,0,4299,39784,586,13354,4299,53138,California
San Bernardino,2021-01-15,6006,72547,2959,51009,3047,21538,0,0,5605,45001,391,13745,5608,58746,California
San Bernardino,2021-01-16,2274,74821,1290,52299,984,22522,0,0,2130,46987,144,13889,2130,60876,California
San Bernardino,2021-01-17,1190,76011,507,52806,683,23205,0,0,1107,48013,82,13971,1108,61984,California
San Bernardino,2021-01-18,4294,80305,2632,55438,1662,24867,0,0,3663,51047,631,14602,3665,65649,California
San Bernardino,2021-01-19,6366,86671,3445,58883,2921,27788,0,0,5268,55221,1096,15698,5270,70919,California
San Bernardino,2021-01-20,6919,93590,3785,62668,3134,30922,0,0,4949,58212,1960,17658,4951,75870,California
San Bernardino,2021-01-21,6043,99633,3092,65760,2951,33873,0,0,4911,62004,1122,18780,4914,80784,California
San Bernardino,2021-01-22,6615,106248,3055,68815,3560,37433,0,0,5883,67158,730,19510,5884,86668,California
San Bernardino,2021-01-23,3138,109386,1894,70709,1244,38677,0,0,2732,69485,405,19915,2732,89400,California
San Bernardino,2021-01-24,1211,110597,462,71171,749,39426,0,0,1107,70488,104,20019,1107,90507,California
San Bernardino,2021-01-25,6968,117565,3417,74588,3551,42977,0,0,5096,73719,1868,21887,5099,95606,California
San Bernardino,2021-01-26,7210,124775,3548,78136,3662,46639,0,0,5024,76560,2185,24072,5026,100632,California
San Bernardino,2021-01-27,8668,133443,4155,82291,4513,51152,0,0,5784,79469,2875,26947,5784,106416,California
San Bernardino,2021-01-28,8682,142125,4087,86378,4595,55747,0,0,6332,83460,2341,29288,6332,112748,California
San Bernardino,2021-01-29,8231,150356,3744,90122,4487,60234,0,0,6227,87700,1988,31276,6228,118976,California
San Bernardino,2021-01-30,3093,153449,1874,91996,1219,61453,0,0,2798,90205,294,31570,2799,121775,California
San Bernardino,2021-01-31,915,154364,470,92466,445,61898,0,0,856,91003,58,31628,856,122631,California
San Bernardino,2021-02-01,7626,161990,4251,96717,3375,65273,0,0,4938,93259,2683,34311,4939,127570,California
San Bernardino,2021-02-02,10581,172571,3677,100394,6904,72177,0,0,8465,99614,2112,36423,8467,136037,California
San Bernardino,2021-02-03,9094,181665,4150,104544,4944,77121,0,0,6551,103632,2534,38957,6552,142589,California
San Bernardino,2021-02-04,10604,192269,5207,109751,5397,82518,0,0,7464,107968,3129,42086,7465,150054,California
San Bernardino,2021-02-05,11142,203411,5967,115718,5175,87693,0,0,7545,111929,3585,45671,7546,157600,California
San Bernardino,2021-02-06,5289,208700,2218,117936,3071,90764,0,0,3646,113965,1613,47284,3649,161249,California
San Bernardino,2021-02-07,859,209559,498,118434,361,91125,0,0,477,114064,379,47663,478,161727,California
San Bernardino,2021-02-08,7338,216897,3902,122336,3436,94561,0,0,5646,118020,1690,49353,5646,167373,California
San Bernardino,2021-02-09,10177,227074,5633,127969,4544,99105,0,0,6848,121819,3053,52406,6852,174225,California
San Bernardino,2021-02-10,12213,239287,6491,134460,5722,104827,0,0,8045,125709,4156,56562,8046,182271,California
San Bernardino,2021-02-11,12554,251841,7186,141646,5368,110195,0,0,7970,129126,4557,61119,7974,190245,California
San Bernardino,2021-02-12,10621,262462,5956,147602,4665,114860,0,0,5785,130142,4772,65891,5788,196033,California
San Bernardino,2021-02-13,6131,268593,4075,151677,2056,116916,0,0,3842,131718,2271,68162,3847,199880,California
San Bernardino,2021-02-14,1583,270176,669,152346,914,117830,0,0,888,131919,688,68850,889,200769,California
San Bernardino,2021-02-15,5535,275711,3014,155360,2521,120351,0,0,3080,132558,2441,71291,3080,203849,California
San Bernardino,2021-02-16,12761,288472,7458,162818,5303,125654,0,0,8031,135876,4717,76008,8035,211884,California
San Bernardino,2021-02-17,11949,300421,6536,169354,5413,131067,0,0,7193,138340,4734,80742,7198,219082,California
San Bernardino,2021-02-18,12626,313047,7646,177000,4980,136047,0,0,7788,141311,4819,85561,7790,226872,California
San Bernardino,2021-02-19,11832,324879,6061,183061,5771,141818,0,0,6982,143468,4827,90388,6984,233856,California
San Bernardino,2021-02-20,4624,329503,3545,186606,1079,142897,0,0,2074,143005,2540,92928,2077,235933,California
San Bernardino,2021-02-21,1191,330694,715,187321,476,143373,0,0,414,142643,777,93705,415,236348,California
San Bernardino,2021-02-22,9070,339764,5603,192924,3467,146840,0,0,4162,141920,4886,98591,4163,240511,California
San Bernardino,2021-02-23,9767,349531,5923,198847,3844,150684,0,0,4925,142042,4809,103400,4931,245442,California
San Bernardino,2021-02-24,12915,362446,7423,206270,5492,156176,0,0,6298,141752,6594,109994,6304,251746,California
San Bernardino,2021-02-25,13387,375833,6381,212651,7006,163182,0,0,7722,143835,5643,115637,7726,259472,California
San Bernardino,2021-02-26,13824,389657,6441,219092,7383,170565,0,0,7688,145461,6070,121707,7696,267168,California
San Bernardino,2021-02-27,6715,396372,3752,222844,2961,173526,2,2,4823,148410,1880,123587,4829,271997,California
San Bernardino,2021-02-28,1795,398167,754,223598,1041,174567,0,2,1150,148929,633,124220,1152,273149,California
San Bernardino,2021-03-01,8542,406709,4395,227993,4142,178709,5,7,3889,148210,4624,128844,3905,277054,California
San Bernardino,2021-03-02,13973,420682,5525,233518,8448,187157,0,7,6555,147394,7381,136225,6565,283619,California
San Bernardino,2021-03-03,13180,433862,6701,240219,6475,193632,4,11,6208,146668,6947,143172,6221,289840,California
San Bernardino,2021-03-04,14053,447915,6900,247119,7152,200784,1,12,6082,144812,7947,151119,6091,295931,California
San Bernardino,2021-03-05,14559,462474,7531,254650,7026,207810,2,14,7075,144464,7446,158565,7098,303029,California
San Bernardino,2021-03-06,9766,472240,5479,260129,4058,211868,229,243,4553,144049,5193,163758,4778,307807,California
San Bernardino,2021-03-07,1775,474015,1029,261158,615,212483,131,374,1081,144572,691,164449,1214,309021,California
San Bernardino,2021-03-08,8177,482192,3609,264767,4383,216866,185,559,3618,143828,4550,168999,3806,312827,California
San Bernardino,2021-03-09,13156,495348,7524,272291,5377,222243,255,814,5272,141487,7870,176869,5529,318356,California
San Bernardino,2021-03-10,14256,509604,7872,280163,5829,228072,555,1369,6346,140511,7880,184749,6904,325260,California
San Bernardino,2021-03-11,15694,525298,7268,287431,6820,234892,1606,2975,7394,141229,8277,193026,8995,334255,California
San Bernardino,2021-03-12,15650,540948,6975,294406,6622,241514,2053,5028,7335,142381,8279,201305,9431,343686,California
San Bernardino,2021-03-13,8414,549362,4582,298988,3317,244831,515,5543,4963,144425,3436,204741,5480,349166,California
San Bernardino,2021-03-14,3311,552673,1680,300668,1048,245879,583,6126,1835,145372,1466,206207,2413,351579,California
San Bernardino,2021-03-15,11443,564116,5384,306052,4026,249905,2033,8159,5388,146750,6035,212242,7413,358992,California
San Bernardino,2021-03-16,16281,580397,8061,314113,7277,257182,943,9102,9844,151138,6406,218648,10794,369786,California
San Bernardino,2021-03-17,17518,597915,8709,322822,8060,265242,749,9851,10525,155444,6967,225615,11273,381059,California
San Bernardino,2021-03-18,16794,614709,8301,331123,8101,273343,392,10243,9873,158816,6889,232504,10261,391320,California
San Bernardino,2021-03-19,17115,631824,8496,339619,8023,281366,596,10839,9767,161912,7316,239820,10412,401732,California
San Bernardino,2021-03-20,9564,641388,5985,345604,2977,284343,602,11441,5671,164314,3865,243685,6267,407999,California
San Bernardino,2021-03-21,2855,644243,2309,347913,495,284838,51,11492,2278,166081,562,244247,2329,410328,California
San Bernardino,2021-03-22,9744,653987,4601,352514,4707,289545,436,11928,7043,170886,2674,246921,7479,417807,California
San Bernardino,2021-03-23,15669,669656,8894,361408,6154,295699,621,12549,9642,175145,6001,252922,10260,428067,California
San Bernardino,2021-03-24,15224,684880,7834,369242,7082,302781,308,12857,9992,180257,5189,258111,10301,438368,California
San Bernardino,2021-03-25,17129,702009,8390,377632,8432,311213,307,13164,10744,184975,6327,264438,11045,449413,California
San Bernardino,2021-03-26,18350,720359,8712,386344,8868,320081,770,13934,10929,189288,7389,271827,11702,461115,California
San Bernardino,2021-03-27,10898,731257,7029,393373,3114,323195,755,14689,6190,191551,4683,276510,6946,468061,California
San Bernardino,2021-03-28,3652,734909,2563,395936,974,324169,115,14804,2529,193082,1113,277623,2644,470705,California
San Bernardino,2021-03-29,12076,746985,6145,402081,5529,329698,402,15206,7950,197334,4099,281722,8351,479056,California
San Bernardino,2021-03-30,17030,764015,9507,411588,6804,336502,719,15925,10522,202097,6467,288189,11230,490286,California
San Bernardino,2021-03-31,16650,780665,9374,420962,6634,343136,642,16567,10874,207871,5739,293928,11513,501799,California
San Bernardino,2021-04-01,19879,800544,10493,431455,7956,351092,1430,17997,12716,214894,7114,301042,14137,515936,California
San Bernardino,2021-04-02,18938,819482,9537,440992,8108,359200,1293,19290,11405,220134,7499,308541,12739,528675,California
San Bernardino,2021-04-03,11180,830662,6994,447986,3039,362239,1147,20437,6071,222255,5088,313629,7209,535884,California
San Bernardino,2021-04-04,2513,833175,1517,449503,744,362983,252,20689,1257,222518,1246,314875,1509,537393,California
San Bernardino,2021-04-05,11891,845066,5313,454816,4786,367769,1792,22481,6017,224490,5847,320722,7819,545212,California
San Bernardino,2021-04-06,19893,864959,11189,466005,6578,374347,2126,24607,10486,227734,9357,330079,12601,557813,California
San Bernardino,2021-04-07,21216,886175,11395,477400,7319,381666,2502,27109,11523,232087,9658,339737,14011,571824,California
San Bernardino,2021-04-08,22108,908283,11338,488738,8131,389797,2639,29748,12091,236818,9986,349723,14717,586541,California
San Bernardino,2021-04-09,21997,930280,11176,499914,8185,397982,2636,32384,11921,241321,10035,359758,14538,601079,California
San Bernardino,2021-04-10,15746,946026,8151,508065,3869,401851,3726,36110,7817,244942,7904,367662,11525,612604,California
San Bernardino,2021-04-11,4465,950491,2599,510664,896,402747,970,37080,2050,245546,2408,370070,3012,615616,California
San Bernardino,2021-04-12,13544,964035,6257,516921,5614,408361,1673,38753,6415,246526,7103,377173,8083,623699,California
San Bernardino,2021-04-13,19492,983527,11107,528028,8366,416727,19,38772,11187,249462,8273,385446,11209,634908,California
San Bernardino,2021-04-14,19549,1003076,10444,538472,9102,425829,3,38775,11010,251978,8500,393946,11016,645924,California
San Bernardino,2021-04-15,20643,1023719,11537,550009,9100,434929,6,38781,10934,253255,9664,403610,10941,656865,California
San Bernardino,2021-04-16,18908,1042627,10709,560718,8198,443127,1,38782,9260,252917,9600,413210,9262,666127,California
San Bernardino,2021-04-17,12104,1054731,7979,568697,4125,447252,0,38782,6290,253439,5768,418978,6290,672417,California
San Bernardino,2021-04-18,3245,1057976,2313,571010,932,448184,0,38782,1387,252982,1844,420822,1387,673804,California
San Bernardino,2021-04-19,12742,1070718,6811,577821,5931,454115,0,38782,4935,250145,7777,428599,4940,678744,California
San Bernardino,2021-04-20,18300,1089018,10367,588188,7930,462045,3,38785,8275,248435,9990,438589,8280,687024,California
San Bernardino,2021-04-21,19107,1108125,11232,599420,7873,469918,2,38787,8328,246059,10709,449298,8333,695357,California
San Bernardino,2021-04-22,19674,1127799,11401,610821,8269,478187,4,38791,7961,242372,11655,460953,7968,703325,California
San Bernardino,2021-04-23,18948,1146747,10992,621813,7955,486142,1,38792,8179,239842,10712,471665,8182,711507,California
San Bernardino,2021-04-24,12889,1159636,9493,631306,3394,489536,2,38794,6930,240834,5940,477605,6932,718439,California
San Bernardino,2021-04-25,3429,1163065,2241,633547,1188,490724,0,38794,1683,240791,1730,479335,1687,720126,California
San Bernardino,2021-04-26,11374,1174439,6223,639770,5061,495785,90,38884,4841,239234,6489,485824,4932,725058,California
San Bernardino,2021-04-27,16754,1191193,10171,649941,6370,502155,213,39097,6875,236490,9832,495656,7088,732146,California
San Bernardino,2021-04-28,15122,1206315,9102,659043,5741,507896,279,39376,5470,232607,9623,505279,5740,737886,California
San Bernardino,2021-04-29,16623,1222938,9703,668746,6651,514547,269,39645,5575,227440,11008,516287,5841,743727,California
San Bernardino,2021-04-30,16884,1239822,10757,679503,5847,520394,280,39925,6282,223438,10562,526849,6560,750287,California
San Bernardino,2021-05-01,10786,1250608,8427,687930,2044,522438,315,40240,3734,220440,7042,533891,4044,754331,California
San Bernardino,2021-05-02,2958,1253566,2138,690068,688,523126,132,40372,1052,219730,1892,535783,1182,755513,California
San Bernardino,2021-05-03,10074,1263640,5797,695865,3873,526999,404,40776,2903,215879,7159,542942,3308,758821,California
San Bernardino,2021-05-04,16049,1279689,9846,705711,5745,532744,458,41234,4681,209691,11324,554266,5136,763957,California
San Bernardino,2021-05-05,15761,1295450,9216,714927,6132,538876,413,41647,4454,203296,11257,565523,4862,768819,California
San Bernardino,2021-05-06,16077,1311527,9267,724194,6395,545271,415,42062,4395,196469,11635,577158,4808,773627,California
San Bernardino,2021-05-07,15709,1327236,8880,733074,6452,551723,377,42439,4672,190540,10975,588133,5046,778673,California
San Bernardino,2021-05-08,9595,1336831,6439,739513,2889,554612,267,42706,3304,187857,6254,594387,3571,782244,California
San Bernardino,2021-05-09,2079,1338910,1379,740892,609,555221,91,42797,833,187541,1240,595627,924,783168,California
San Bernardino,2021-05-10,7688,1346598,3565,744457,3805,559026,318,43115,2367,184952,5271,600898,2682,785850,California
San Bernardino,2021-05-11,12603,1359201,7088,751545,5154,564180,361,43476,4039,180834,8518,609416,4400,790250,California
San Bernardino,2021-05-12,12843,1372044,7038,758583,5486,569666,319,43795,3655,175669,9137,618553,3972,794222,California
San Bernardino,2021-05-13,13517,1385561,8208,766791,4957,574623,352,44147,5296,173136,8174,626727,5641,799863,California
San Bernardino,2021-05-14,14002,1399563,9365,776156,4298,578921,339,44486,5816,171162,8129,634856,6155,806018,California
San Bernardino,2021-05-15,11442,1411005,8523,784679,2730,581651,189,44675,4654,169244,6755,641611,4837,810855,California
San Bernardino,2021-05-16,3125,1414130,2381,787060,682,582333,62,44737,1561,169323,1544,643155,1623,812478,California
San Bernardino,2021-05-17,10106,1424236,6822,793882,2991,585324,293,45030,4489,168524,5577,648732,4778,817256,California
San Bernardino,2021-05-18,13796,1438032,9164,803046,4384,589708,248,45278,6183,167370,7581,656313,6427,823683,California
San Bernardino,2021-05-19,11572,1449604,7250,810296,3942,593650,380,45658,5223,166659,6309,662622,5598,829281,California
San Bernardino,2021-05-20,11635,1461239,6966,817262,4351,598001,318,45976,5033,165452,6558,669180,5351,834632,California
San Bernardino,2021-05-21,12620,1473859,8355,825617,3883,601884,382,46358,5351,163965,7215,676395,5728,840360,California
San Bernardino,2021-05-22,8946,1482805,6706,832323,2032,603916,208,46566,4284,163837,4616,681011,4488,844848,California
San Bernardino,2021-05-23,2451,1485256,1561,833884,798,604714,92,46658,1139,163768,1299,682310,1230,846078,California
San Bernardino,2021-05-24,6970,1492226,4465,838349,2199,606913,306,46964,3086,163331,3828,686138,3391,849469,California
San Bernardino,2021-05-25,9341,1501567,5730,844079,3354,610267,257,47221,4111,162503,5192,691330,4364,853833,California
San Bernardino,2021-05-26,8253,1509820,5240,849319,2761,613028,252,47473,3745,162031,4462,695792,3990,857823,California
San Bernardino,2021-05-27,7678,1517498,4664,853983,2776,615804,238,47711,3455,161541,4183,699975,3693,861516,California
San Bernardino,2021-05-28,8825,1526323,5486,859469,3061,618865,278,47989,4377,161792,4402,704377,4653,866169,California
San Bernardino,2021-05-29,5078,1531401,3390,862859,1569,620434,119,48108,2573,161996,2487,706864,2691,868860,California
San Bernardino,2021-05-30,1752,1533153,1240,864099,433,620867,79,48187,851,162032,893,707757,929,869789,California
San Bernardino,2021-05-31,898,1534051,571,864670,310,621177,17,48204,319,161796,573,708330,337,870126,California
San Bernardino,2021-06-01,8656,1542707,5563,870233,2846,624023,247,48451,3371,160183,5228,713558,3615,873741,California
San Bernardino,2021-06-02,6853,1549560,4312,874545,2300,626323,241,48692,2888,159377,3931,717489,3125,876866,California
San Bernardino,2021-06-03,7980,1557540,5390,879935,2391,628714,199,48891,2706,157031,5251,722740,2905,879771,California
San Bernardino,2021-06-04,9149,1566689,6188,886123,2669,631383,292,49183,3138,154498,5962,728702,3429,883200,California
San Bernardino,2021-06-05,6557,1573246,5011,891134,1420,632803,126,49309,2251,152586,4286,732988,2374,885574,California
San Bernardino,2021-06-06,2039,1575285,1703,892837,272,633075,64,49373,672,151964,1358,734346,736,886310,California
San Bernardino,2021-06-07,6314,1581599,4912,897749,1188,634263,214,49587,1972,149831,4317,738663,2184,888494,California
San Bernardino,2021-06-08,8443,1590042,6132,903881,2086,636349,225,49812,2608,146892,5766,744429,2827,891321,California
San Bernardino,2021-06-09,7025,1597067,4997,908878,1835,638184,193,50005,2274,144663,4697,749126,2468,893789,California
San Bernardino,2021-06-10,7098,1604165,5011,913889,1882,640066,205,50210,2233,142282,4818,753944,2437,896226,California
San Bernardino,2021-06-11,8069,1612234,5635,919524,2202,642268,232,50442,2916,140319,5109,759053,3146,899372,California
San Bernardino,2021-06-12,5911,1618145,4655,924179,1134,643402,122,50564,1710,137977,4176,763229,1834,901206,California
San Bernardino,2021-06-13,1497,1619642,1062,925241,364,643766,71,50635,403,137360,1090,764319,473,901679,California
San Bernardino,2021-06-14,4928,1624570,3561,928802,1147,644913,220,50855,1804,136287,3095,767414,2022,903701,California
San Bernardino,2021-06-15,7188,1631758,5079,933881,1860,646773,249,51104,2567,134528,4570,771984,2811,906512,California
San Bernardino,2021-06-16,6355,1638113,4526,938407,1608,648381,221,51325,2329,133100,3978,775962,2550,909062,California
San Bernardino,2021-06-17,5667,1643780,3980,942387,1525,649906,162,51487,2212,132056,3418,779380,2374,911436,California
San Bernardino,2021-06-18,6871,1650651,4614,947001,2017,651923,240,51727,2574,130606,4261,783641,2811,914247,California
San Bernardino,2021-06-19,4064,1654715,3035,950036,897,652820,132,51859,1746,130186,2296,785937,1876,916123,California
San Bernardino,2021-06-20,1465,1656180,1126,951162,279,653099,60,51919,584,129956,874,786811,644,916767,California
San Bernardino,2021-06-21,3602,1659782,2336,953498,1036,654135,230,52149,2014,130626,1572,788383,2242,919009,California
San Bernardino,2021-06-22,5697,1665479,3877,957375,1604,655739,216,52365,2285,129743,3386,791769,2503,921512,California
San Bernardino,2021-06-23,5062,1670541,3590,960965,1272,657011,200,52565,2130,129167,2902,794671,2326,923838,California
San Bernardino,2021-06-24,4881,1675422,3390,964355,1280,658291,211,52776,2083,128690,2766,797437,2289,926127,California
San Bernardino,2021-06-25,5842,1681264,4127,968482,1509,659800,206,52982,2544,128166,3271,800708,2747,928874,California
San Bernardino,2021-06-26,3577,1684841,2726,971208,775,660575,76,53058,1664,128013,1892,802600,1739,930613,California
San Bernardino,2021-06-27,1452,1686293,1156,972364,244,660819,52,53110,677,127973,769,803369,729,931342,California
San Bernardino,2021-06-28,3493,1689786,2754,975118,589,661408,150,53260,1712,128067,1767,805136,1861,933203,California
San Bernardino,2021-06-29,5216,1695002,3772,978890,1259,662667,185,53445,2375,127803,2818,807954,2554,935757,California
San Bernardino,2021-06-30,4598,1699600,3239,982129,1186,663853,173,53618,2295,127990,2277,810231,2464,938221,California
San Bernardino,2021-07-01,4183,1703783,3006,985135,1010,664863,167,53785,2066,128127,2096,812327,2233,940454,California
San Bernardino,2021-07-02,5131,1708914,3691,988826,1289,666152,151,53936,2424,128032,2670,814997,2575,943029,California
San Bernardino,2021-07-03,2540,1711454,1914,990740,571,666723,55,53991,1225,128012,1300,816297,1280,944309,California
San Bernardino,2021-07-04,211,1711665,145,990885,62,666785,4,53995,113,128032,97,816394,117,944426,California
San Bernardino,2021-07-05,2290,1713955,1768,992653,470,667255,52,54047,1118,128044,1158,817552,1170,945596,California
San Bernardino,2021-07-06,5042,1718997,3751,996404,1132,668387,159,54206,2199,127576,2826,820378,2358,947954,California
San Bernardino,2021-07-07,2507,1721504,1926,998330,482,668869,99,54305,1118,127417,1374,821752,1215,949169,California
San Diego,2020-12-15,121,121,121,121,0,0,0,0,121,121,0,0,121,121,California
San Diego,2020-12-16,1079,1200,1079,1200,0,0,0,0,1079,1200,0,0,1079,1200,California
San Diego,2020-12-17,2324,3524,2324,3524,0,0,0,0,2324,3524,0,0,2324,3524,California
San Diego,2020-12-18,3611,7135,3610,7134,1,1,0,0,3611,7135,0,0,3611,7135,California
San Diego,2020-12-19,2268,9403,2268,9402,0,1,0,0,2268,9403,0,0,2268,9403,California
San Diego,2020-12-20,1148,10551,1147,10549,1,2,0,0,1148,10551,0,0,1148,10551,California
San Diego,2020-12-21,3461,14012,3459,14008,2,4,0,0,3461,14012,0,0,3461,14012,California
San Diego,2020-12-22,4020,18032,3383,17391,637,641,0,0,4020,18032,0,0,4020,18032,California
San Diego,2020-12-23,3159,21191,1958,19349,1201,1842,0,0,3159,21191,0,0,3159,21191,California
San Diego,2020-12-24,2703,23894,2189,21538,514,2356,0,0,2703,23894,0,0,2703,23894,California
San Diego,2020-12-25,857,24751,856,22394,1,2357,0,0,857,24751,0,0,857,24751,California
San Diego,2020-12-26,3199,27950,2129,24523,1070,3427,0,0,3199,27950,0,0,3199,27950,California
San Diego,2020-12-27,2479,30429,1594,26117,885,4312,0,0,2478,30427,1,1,2478,30428,California
San Diego,2020-12-28,5833,36262,4156,30273,1677,5989,0,0,5833,36260,0,1,5833,36261,California
San Diego,2020-12-29,5500,41762,2945,33218,2555,8544,0,0,5500,41760,0,1,5500,41761,California
San Diego,2020-12-30,5851,47613,3048,36266,2803,11347,0,0,5851,47611,0,1,5851,47612,California
San Diego,2020-12-31,2970,50583,1031,37297,1939,13286,0,0,2970,50581,0,1,2970,50582,California
San Diego,2021-01-01,992,51575,442,37739,550,13836,0,0,992,51573,0,1,992,51574,California
San Diego,2021-01-02,3666,55241,1287,39026,2379,16215,0,0,3666,55239,0,1,3666,55240,California
San Diego,2021-01-03,833,56074,621,39647,212,16427,0,0,832,56071,0,1,832,56072,California
San Diego,2021-01-04,3649,59723,2022,41669,1627,18054,0,0,3643,59714,0,1,3643,59715,California
San Diego,2021-01-05,4302,64025,2150,43819,2152,20206,0,0,3716,62859,583,584,3728,63443,California
San Diego,2021-01-06,4841,68866,2254,46073,2587,22793,0,0,3640,65323,1180,1764,3644,67087,California
San Diego,2021-01-07,5551,74417,2932,49005,2619,25412,0,0,3437,66660,2109,3873,3446,70533,California
San Diego,2021-01-08,7807,82224,4900,53905,2907,28319,0,0,4071,67028,3720,7593,4088,74621,California
San Diego,2021-01-09,3416,85640,1906,55811,1510,29829,0,0,1893,67419,1513,9106,1904,76525,California
San Diego,2021-01-10,1847,87487,1277,57088,570,30399,0,0,758,67110,1077,10183,768,77293,California
San Diego,2021-01-11,10196,97683,5797,62885,4399,34798,0,0,6706,70351,3483,13666,6724,84017,California
San Diego,2021-01-12,11004,108687,5261,68146,5743,40541,0,0,7660,74786,3335,17001,7770,91787,California
San Diego,2021-01-13,11290,119977,4988,73134,6302,46843,0,0,8774,81082,2505,19506,8801,100588,California
San Diego,2021-01-14,11961,131938,4520,77654,7441,54284,0,0,9836,88834,2118,21624,9870,110458,California
San Diego,2021-01-15,14793,146731,5235,82889,9558,63842,0,0,12191,98500,2584,24208,12250,122708,California
San Diego,2021-01-16,10531,157262,3552,86441,6979,70821,0,0,9098,106201,1429,25637,9130,131838,California
San Diego,2021-01-17,8474,165736,2431,88872,6043,76864,0,0,7648,113042,826,26463,7667,139505,California
San Diego,2021-01-18,12664,178400,6223,95095,6441,83305,0,0,9855,120184,2778,29241,9920,149425,California
San Diego,2021-01-19,14410,192810,5625,100720,8785,92090,0,0,11316,128676,3085,32326,11577,161002,California
San Diego,2021-01-20,18076,210886,6335,107055,11741,103831,0,0,14776,140355,3280,35606,14959,175961,California
San Diego,2021-01-21,17036,227922,5747,112802,11289,115120,0,0,15667,154807,1360,36966,15812,191773,California
San Diego,2021-01-22,17214,245136,4588,117390,12626,127746,0,0,15212,168116,1989,38955,15298,207071,California
San Diego,2021-01-23,14066,259202,5197,122587,8869,136615,0,0,11804,177731,2251,41206,11866,218937,California
San Diego,2021-01-24,11573,270775,3249,125836,8324,144939,0,0,10610,187424,961,42167,10654,229591,California
San Diego,2021-01-25,11987,282762,5670,131506,6317,151256,0,0,9010,193624,2967,45134,9167,238758,California
San Diego,2021-01-26,14966,297728,7817,139323,7149,158405,0,0,11574,201999,3390,48524,11765,250523,California
San Diego,2021-01-27,20171,317899,7836,147159,12335,170740,0,0,17178,216341,2983,51507,17325,267848,California
San Diego,2021-01-28,20905,338804,7592,154751,13313,184053,0,0,18657,232849,2237,53744,18745,286593,California
San Diego,2021-01-29,19217,358021,6304,161055,12913,196966,0,0,16784,247262,2422,56166,16835,303428,California
San Diego,2021-01-30,15427,373448,3502,164557,11925,208891,0,0,12782,257515,2634,58800,12887,316315,California
San Diego,2021-01-31,14483,387931,5687,170244,8796,217687,0,0,14134,271338,345,59145,14168,330483,California
San Diego,2021-02-01,20429,408360,7434,177678,12995,230682,0,0,16937,284873,3479,62624,17014,347497,California
San Diego,2021-02-02,22496,430856,8285,185963,14211,244893,0,0,19261,301072,3225,65849,19424,366921,California
San Diego,2021-02-03,27069,457925,11548,197511,15521,260414,0,0,22841,319889,4207,70056,23024,389945,California
San Diego,2021-02-04,23766,481691,9758,207269,14008,274422,0,0,19218,334851,4533,74589,19495,409440,California
San Diego,2021-02-05,24250,505941,8602,215871,15648,290070,0,0,17835,346751,6391,80980,18291,427731,California
San Diego,2021-02-06,20399,526340,8450,224321,11949,302019,0,0,17187,360950,3209,84189,17408,445139,California
San Diego,2021-02-07,11899,538239,5307,229628,6592,308611,0,0,10055,369424,1833,86022,10307,455446,California
San Diego,2021-02-08,19793,558032,8420,238048,11373,319984,0,0,12426,375174,7353,93375,13103,468549,California
San Diego,2021-02-09,20150,578182,8242,246290,11908,331892,0,0,12969,382039,7160,100535,14025,482574,California
San Diego,2021-02-10,22609,600791,9267,255557,13342,345234,0,0,13634,388101,8925,109460,14987,497561,California
San Diego,2021-02-11,23469,624260,10083,265640,13386,358620,0,0,12554,391426,10891,120351,14216,511777,California
San Diego,2021-02-12,23274,647534,7283,272923,15991,374611,0,0,11546,393511,11710,132061,13795,525572,California
San Diego,2021-02-13,19742,667276,8960,281883,10782,385393,0,0,10742,396426,8993,141054,11908,537480,California
San Diego,2021-02-14,11023,678299,7327,289210,3696,389089,0,0,6133,399164,4886,145940,7624,545104,California
San Diego,2021-02-15,14970,693269,7562,296772,7408,396497,0,0,7583,402424,7364,153304,10624,555728,California
San Diego,2021-02-16,19006,712275,11097,307869,7909,404406,0,0,9043,404450,9950,163254,11976,567704,California
San Diego,2021-02-17,22968,735243,10736,318605,12232,416638,0,0,7845,400178,15108,178362,10836,578540,California
San Diego,2021-02-18,23288,758531,11917,330522,11371,428009,0,0,7640,396205,15636,193998,11663,590203,California
San Diego,2021-02-19,15677,774208,10906,341428,4771,432780,0,0,6375,395231,9280,203278,8306,598509,California
San Diego,2021-02-20,10078,784286,6309,347737,3769,436549,0,0,5625,398267,4451,207729,7487,605996,California
San Diego,2021-02-21,11451,795737,10044,357781,1407,437956,0,0,5027,398366,6418,214147,6517,612513,California
San Diego,2021-02-22,12383,808120,10581,368362,1802,439758,0,0,5583,398774,6793,220940,7201,619714,California
San Diego,2021-02-23,25223,833343,14105,382467,11118,450876,0,0,9225,397825,15988,236928,15039,634753,California
San Diego,2021-02-24,28632,861975,12749,395216,15883,466759,0,0,6631,389802,21980,258908,13957,648710,California
San Diego,2021-02-25,32570,894545,14470,409686,18100,484859,0,0,9797,385133,22752,281660,18083,666793,California
San Diego,2021-02-26,32710,927255,12154,421840,20556,505415,0,0,11671,382808,21005,302665,18680,685473,California
San Diego,2021-02-27,20749,948004,9373,431213,11376,516791,0,0,11098,388438,9645,312310,15275,700748,California
San Diego,2021-02-28,14926,962930,9756,440969,5170,521961,0,0,9257,394752,5667,317977,11981,712729,California
San Diego,2021-03-01,23960,986890,14136,455105,9823,531784,1,1,14516,403701,9364,327341,18313,731042,California
San Diego,2021-03-02,25828,1012718,13902,469007,11926,543710,0,1,12567,409627,13249,340590,19175,750217,California
San Diego,2021-03-03,33548,1046266,15790,484797,17755,561465,3,4,13840,410627,19683,360273,20683,770900,California
San Diego,2021-03-04,27863,1074129,13889,498686,13974,575439,0,4,12395,414219,15446,375719,19038,789938,California
San Diego,2021-03-05,28515,1102644,14678,513364,13757,589196,80,84,13314,419023,15173,390892,19977,809915,California
San Diego,2021-03-06,23055,1125699,9412,522776,12942,602138,701,785,10174,421625,12866,403758,15468,825383,California
San Diego,2021-03-07,18091,1143790,9147,531923,8296,610434,648,1433,6849,421493,11227,414985,11095,836478,California
San Diego,2021-03-08,22737,1166527,11053,542976,10769,621203,915,2348,11279,427014,11435,426420,16956,853434,California
San Diego,2021-03-09,25441,1191968,11710,554686,11974,633177,1757,4105,9959,427121,15466,441886,15573,869007,California
San Diego,2021-03-10,25095,1217063,10510,565196,12192,645369,2393,6498,9924,428262,15155,457041,16296,885303,California
San Diego,2021-03-11,28080,1245143,10795,575991,13761,659130,3524,10022,9772,427171,18283,475324,17192,902495,California
San Diego,2021-03-12,26902,1272045,9415,585406,14377,673507,3110,13132,9820,426644,17069,492393,16542,919037,California
San Diego,2021-03-13,25882,1297927,7196,592602,16927,690434,1759,14891,10009,426635,15868,508261,15859,934896,California
San Diego,2021-03-14,13694,1311621,5412,598014,7548,697982,734,15625,4769,425490,8916,517177,7771,942667,California
San Diego,2021-03-15,21771,1333392,10034,608048,10954,708936,783,16408,8966,425490,12787,529964,12787,955454,California
San Diego,2021-03-16,29554,1362946,15487,623535,13652,722588,415,16823,15612,430559,13918,543882,18987,974441,California
San Diego,2021-03-17,26408,1389354,12148,635683,13543,736131,717,17540,16966,440848,9425,553307,19714,994155,California
San Diego,2021-03-18,31120,1420474,17500,653183,12698,748829,922,18462,16936,446050,14149,567456,19351,1013506,California
San Diego,2021-03-19,30103,1450577,14272,667455,14778,763607,1053,19515,19284,456772,10799,578255,21521,1035027,California
San Diego,2021-03-20,27671,1478248,8414,675869,17483,781090,1774,21289,21328,474625,6330,584585,24183,1059210,California
San Diego,2021-03-21,16276,1494524,11865,687734,3716,784806,695,21984,7652,475677,8609,593194,9661,1068871,California
San Diego,2021-03-22,22401,1516925,13059,700793,9056,793862,286,22270,14266,484858,8121,601315,17302,1086173,California
San Diego,2021-03-23,25714,1542639,13484,714277,11944,805806,286,22556,17022,495513,8678,609993,19333,1105506,California
San Diego,2021-03-24,29292,1571931,19579,733856,9325,815131,388,22944,16986,502616,12293,622286,19396,1124902,California
San Diego,2021-03-25,30145,1602076,18142,751998,11320,826451,683,23627,17896,511066,12228,634514,20678,1145580,California
San Diego,2021-03-26,31836,1633912,17808,769806,13513,839964,515,24142,17379,517328,14431,648945,20693,1166273,California
San Diego,2021-03-27,25371,1659283,11053,780859,13937,853901,381,24523,15614,525831,9738,658683,18241,1184514,California
San Diego,2021-03-28,15258,1674541,9391,790250,5809,859710,58,24581,9306,530902,5946,664629,11017,1195531,California
San Diego,2021-03-29,26595,1701136,12848,803098,13115,872825,632,25213,16362,540112,10222,674851,19432,1214963,California
San Diego,2021-03-30,33059,1734195,17801,820899,14466,887291,792,26005,21878,553440,11166,686017,24494,1239457,California
San Diego,2021-03-31,30312,1764507,18711,839610,10893,898184,708,26713,20559,566079,9734,695751,22373,1261830,California
San Diego,2021-04-01,34132,1798639,19916,859526,12735,910919,1481,28194,23122,581010,10986,706737,25917,1287747,California
San Diego,2021-04-02,35622,1834261,20608,880134,12233,923152,2781,30975,24002,597623,11601,718338,28214,1315961,California
San Diego,2021-04-03,30739,1865000,14417,894551,11707,934859,4615,35590,19589,611891,11135,729473,25403,1341364,California
San Diego,2021-04-04,8996,1873996,5166,899717,2912,937771,918,36508,4775,613545,4215,733688,5869,1347233,California
San Diego,2021-04-05,29681,1903677,15350,915067,11606,949377,2725,39233,19233,627550,10430,744118,24435,1371668,California
San Diego,2021-04-06,38556,1942233,20292,935359,12361,961738,5903,45136,22171,641365,16365,760483,30180,1401848,California
San Diego,2021-04-07,35974,1978207,21869,957228,9556,971294,4549,49685,20241,651656,15706,776189,25997,1427845,California
San Diego,2021-04-08,35004,2013211,21264,978492,9610,980904,4130,53815,21139,665640,13844,790033,27828,1455673,California
San Diego,2021-04-09,38164,2051375,22756,1001248,10219,991123,5189,59004,20596,677209,17503,807536,29072,1484745,California
San Diego,2021-04-10,28980,2080355,11715,1012963,13265,1004388,4000,63004,14926,685102,14043,821579,21936,1506681,California
San Diego,2021-04-11,16149,2096504,9989,1022952,3864,1008252,2296,65300,7137,688528,9008,830587,12434,1519115,California
San Diego,2021-04-12,30632,2127136,12849,1035801,13506,1021758,4277,69577,17001,699849,13615,844202,24936,1544051,California
San Diego,2021-04-13,36914,2164050,17688,1053489,19191,1040949,35,69612,24472,714765,12420,856622,27336,1571387,California
San Diego,2021-04-14,32856,2196906,18828,1072317,14015,1054964,13,69625,17673,721617,15167,871789,22019,1593406,California
San Diego,2021-04-15,39282,2236188,20351,1092668,18922,1073886,9,69634,23760,732752,15497,887286,26632,1620038,California
San Diego,2021-04-16,33585,2269773,18466,1111134,15116,1089002,3,69637,19396,740396,14129,901415,21773,1641811,California
San Diego,2021-04-17,27872,2297645,13538,1124672,14334,1103336,0,69637,12288,740256,15488,916903,15348,1657159,California
San Diego,2021-04-18,14644,2312289,9093,1133765,5548,1108884,3,69640,6769,742138,7862,924765,9744,1666903,California
San Diego,2021-04-19,26573,2338862,13581,1147346,12990,1121874,2,69642,12449,742213,14103,938868,14178,1681081,California
San Diego,2021-04-20,39623,2378485,18397,1165743,21224,1143098,2,69644,20196,745963,19404,958272,23154,1704235,California
San Diego,2021-04-21,36413,2414898,22013,1187756,14400,1157498,0,69644,17522,747939,18849,977121,20825,1725060,California
San Diego,2021-04-22,44940,2459838,23305,1211061,21631,1179129,4,69648,22453,750994,22442,999563,25497,1750557,California
San Diego,2021-04-23,42725,2502563,26527,1237588,16195,1195324,3,69651,15982,743458,26705,1026268,19169,1769726,California
San Diego,2021-04-24,34913,2537476,18902,1256490,15996,1211320,15,69666,15561,742898,19311,1045579,18751,1788477,California
San Diego,2021-04-25,12636,2550112,7671,1264161,4964,1216284,1,69667,5856,743380,6768,1052347,7250,1795727,California
San Diego,2021-04-26,33506,2583618,16807,1280968,16560,1232844,139,69806,11776,737997,21707,1074054,16324,1812051,California
San Diego,2021-04-27,44810,2628428,24682,1305650,19575,1252419,553,70359,19749,736354,25015,1099069,23372,1835423,California
San Diego,2021-04-28,38474,2666902,22821,1328471,14978,1267397,675,71034,17424,735696,21006,1120075,20348,1855771,California
San Diego,2021-04-29,38328,2705230,24467,1352938,13203,1280600,658,71692,15574,730924,22717,1142792,17945,1873716,California
San Diego,2021-04-30,38275,2743505,23243,1376181,13950,1294550,1082,72774,15039,725702,23196,1165988,17974,1891690,California
San Diego,2021-05-01,24222,2767727,10678,1386859,12906,1307456,638,73412,9498,723284,14714,1180702,12296,1903986,California
San Diego,2021-05-02,10613,2778340,7434,1394293,2597,1310053,582,73994,3229,720047,7380,1188082,4143,1908129,California
San Diego,2021-05-03,25207,2803547,12396,1406689,11659,1321712,1152,75146,9255,715342,15929,1204011,11224,1919353,California
San Diego,2021-05-04,32048,2835595,17830,1424519,12940,1334652,1278,76424,11558,708815,20463,1224474,13936,1933289,California
San Diego,2021-05-05,28004,2863599,17243,1441762,9480,1344132,1281,77705,10591,704322,17390,1241864,12897,1946186,California
San Diego,2021-05-06,28536,2892135,18963,1460725,8660,1352792,913,78618,10765,700708,17741,1259605,14127,1960313,California
San Diego,2021-05-07,29734,2921869,19474,1480199,9220,1362012,1040,79658,11021,695309,18677,1278282,13278,1973591,California
San Diego,2021-05-08,23103,2944972,11103,1491302,11257,1373269,743,80401,7255,688923,15821,1294103,9435,1983026,California
San Diego,2021-05-09,7550,2952522,5670,1496972,1466,1374735,414,80815,2577,687368,4967,1299070,3412,1986438,California
San Diego,2021-05-10,21761,2974283,8658,1505630,12284,1387019,819,81634,5869,679475,15861,1314931,7968,1994406,California
San Diego,2021-05-11,28803,3003086,12230,1517860,15756,1402775,817,82451,10100,673442,18671,1333602,12638,2007044,California
San Diego,2021-05-12,23114,3026200,12645,1530505,9592,1412367,877,83328,8319,669010,14762,1348364,10330,2017374,California
San Diego,2021-05-13,31441,3057641,19074,1549579,11729,1424096,638,83966,13032,666922,18351,1366715,16263,2033637,California
San Diego,2021-05-14,30873,3088514,19813,1569392,10224,1434320,836,84802,13991,667000,16838,1383553,16916,2050553,California
San Diego,2021-05-15,26173,3114687,16476,1585868,8875,1443195,822,85624,10820,664316,15295,1398848,12611,2063164,California
San Diego,2021-05-16,13707,3128394,10228,1596096,2917,1446112,562,86186,6743,665063,6952,1405800,7699,2070863,California
San Diego,2021-05-17,21391,3149785,12973,1609069,7674,1453786,744,86930,8840,663008,12512,1418312,10457,2081320,California
San Diego,2021-05-18,34233,3184018,19400,1628469,13970,1467756,863,87793,13269,657646,20932,1439244,15570,2096890,California
San Diego,2021-05-19,28405,3212423,17821,1646290,9804,1477560,780,88573,11961,655112,16412,1455656,13878,2110768,California
San Diego,2021-05-20,34803,3247226,19250,1665540,14733,1492293,820,89393,11663,646041,23109,1478765,14038,2124806,California
San Diego,2021-05-21,27018,3274244,17166,1682706,8864,1501157,988,90381,10841,642977,16144,1494909,13080,2137886,California
San Diego,2021-05-22,21533,3295777,12415,1695121,7868,1509025,1250,91631,8987,641824,12522,1507431,11369,2149255,California
San Diego,2021-05-23,7350,3303127,5249,1700370,1793,1510818,308,91939,3479,642148,3848,1511279,4172,2153427,California
San Diego,2021-05-24,17865,3320992,9139,1709509,6815,1517633,1911,93850,6419,639912,11426,1522705,9190,2162617,California
San Diego,2021-05-25,24331,3345323,13103,1722612,9360,1526993,1868,95718,8460,635565,15842,1538547,11495,2174112,California
San Diego,2021-05-26,19129,3364452,10597,1733209,6521,1533514,2011,97729,6581,632507,12518,1551065,9460,2183572,California
San Diego,2021-05-27,20626,3385078,11956,1745165,6280,1539794,2390,100119,6935,629266,13671,1564736,10430,2194002,California
San Diego,2021-05-28,21258,3406336,13190,1758355,7359,1547153,709,100828,8361,626598,12879,1577615,10211,2204213,California
San Diego,2021-05-29,11991,3418327,7576,1765931,3924,1551077,491,101319,5153,625942,6824,1584439,6168,2210381,California
San Diego,2021-05-30,4672,3422999,3192,1769123,1102,1552179,378,101697,2003,625891,2663,1587102,2612,2212993,California
San Diego,2021-05-31,2584,3425583,1742,1770865,671,1552850,171,101868,847,625305,1730,1588832,1144,2214137,California
San Diego,2021-06-01,21268,3446851,11331,1782196,8308,1561158,1629,103497,5759,618151,15483,1604315,8329,2222466,California
San Diego,2021-06-02,17070,3463921,8814,1791010,6185,1567343,2071,105568,5471,614850,11571,1615886,8270,2230736,California
San Diego,2021-06-03,19205,3483126,12006,1803016,5398,1572741,1801,107369,5169,608850,14015,1629901,8015,2238751,California
San Diego,2021-06-04,19821,3502947,13845,1816861,5358,1578099,618,107987,5724,603025,14066,1643967,8241,2246992,California
San Diego,2021-06-05,15814,3518761,12036,1828897,2996,1581095,782,108769,4479,597952,11320,1655287,6247,2253239,California
San Diego,2021-06-06,5606,3524367,4530,1833427,765,1581860,311,109080,1582,596654,4013,1659300,2715,2255954,California
San Diego,2021-06-07,12794,3537161,8044,1841471,3402,1585262,1348,110428,3539,593058,9237,1668537,5641,2261595,California
San Diego,2021-06-08,20479,3557640,14473,1855944,4119,1589381,1887,112315,4996,585529,15470,1684007,7941,2269536,California
San Diego,2021-06-09,17041,3574681,11352,1867296,3738,1593119,1951,114266,4365,580146,12661,1696668,7278,2276814,California
San Diego,2021-06-10,17878,3592559,11868,1879164,3933,1597052,2077,116343,4365,574190,13487,1710155,7531,2284345,California
San Diego,2021-06-11,15810,3608369,10075,1889239,4384,1601436,1351,117694,4313,569322,11466,1721621,6598,2290943,California
San Diego,2021-06-12,11011,3619380,8443,1897682,2146,1603582,422,118116,3162,565725,7830,1729451,4233,2295176,California
San Diego,2021-06-13,4156,3623536,3107,1900789,844,1604426,205,118321,1003,564189,3147,1732598,1611,2296787,California
San Diego,2021-06-14,12627,3636163,7581,1908370,2855,1607281,2191,120512,3555,561539,9058,1741656,6408,2303195,California
San Diego,2021-06-15,17904,3654067,10265,1918635,4203,1611484,3436,123948,4703,557418,13192,1754848,9071,2312266,California
San Diego,2021-06-16,13960,3668027,8875,1927510,2771,1614255,2314,126262,4456,555492,9490,1764338,7564,2319830,California
San Diego,2021-06-17,14810,3682837,8492,1936002,3480,1617735,2838,129100,4187,552565,10612,1774950,7685,2327515,California
San Diego,2021-06-18,14152,3696989,8749,1944751,3575,1621310,1828,130928,4421,549899,9719,1784669,7053,2334568,California
San Diego,2021-06-19,7538,3704527,5566,1950317,1512,1622822,460,131388,2747,548873,4770,1789439,3744,2338312,California
San Diego,2021-06-20,3108,3707635,2260,1952577,649,1623471,199,131587,1150,548490,1953,1791392,1570,2339882,California
San Diego,2021-06-21,9126,3716761,5152,1957729,2430,1625901,1544,133131,3894,549249,5225,1796617,5984,2345866,California
San Diego,2021-06-22,11293,3728054,7565,1965294,2586,1628487,1142,134273,4439,548682,6847,1803464,6280,2352146,California
San Diego,2021-06-23,10825,3738879,7042,1972336,2337,1630824,1446,135719,4423,548812,6393,1809857,6523,2358669,California
San Diego,2021-06-24,10070,3748949,6540,1978876,2753,1633577,777,136496,4050,548259,6011,1815868,5458,2364127,California
San Diego,2021-06-25,10618,3759567,7387,1986263,2628,1636205,603,137099,4114,547117,6495,1822363,5353,2369480,California
San Diego,2021-06-26,6685,3766252,5243,1991506,1133,1637338,309,137408,2677,546688,3997,1826360,3568,2373048,California
San Diego,2021-06-27,3016,3769268,2309,1993815,500,1637838,207,137615,1333,546792,1680,1828040,1784,2374832,California
San Diego,2021-06-28,7208,3776476,5308,1999123,1385,1639223,515,138130,3372,547336,3831,1831871,4375,2379207,California
San Diego,2021-06-29,8794,3785270,6122,2005245,1995,1641218,677,138807,3654,547136,5126,1836997,4926,2384133,California
San Diego,2021-06-30,8226,3793496,6069,2011314,1636,1642854,521,139328,3569,547155,4644,1841641,4663,2388796,California
San Diego,2021-07-01,7286,3800782,5022,2016336,1866,1644720,398,139726,3149,547120,4126,1845767,4091,2392887,California
San Diego,2021-07-02,7508,3808290,5169,2021505,1925,1646645,414,140140,3201,546985,4287,1850054,4152,2397039,California
San Diego,2021-07-03,4182,3812472,3148,2024653,864,1647509,170,140310,1903,547106,2273,1852327,2394,2399433,California
San Diego,2021-07-04,419,3812891,279,2024932,57,1647566,83,140393,155,547136,264,1852591,294,2399727,California
San Diego,2021-07-05,3974,3816865,2852,2027784,832,1648398,290,140683,1850,547452,2119,1854710,2435,2402162,California
San Diego,2021-07-06,8337,3825202,6188,2033972,1765,1650163,384,141067,3172,546496,5156,1859866,4200,2406362,California
San Diego,2021-07-07,3348,3828550,2484,2036456,497,1650660,367,141434,1403,546795,1940,1861806,2239,2408601,California
San Francisco,2020-12-15,6,6,6,6,0,0,0,0,6,6,0,0,6,6,California
San Francisco,2020-12-16,234,240,234,240,0,0,0,0,234,240,0,0,234,240,California
San Francisco,2020-12-17,416,656,416,656,0,0,0,0,416,656,0,0,416,656,California
San Francisco,2020-12-18,907,1563,906,1562,1,1,0,0,907,1563,0,0,907,1563,California
San Francisco,2020-12-19,611,2174,611,2173,0,1,0,0,611,2174,0,0,611,2174,California
San Francisco,2020-12-20,480,2654,480,2653,0,1,0,0,480,2654,0,0,480,2654,California
San Francisco,2020-12-21,1163,3817,1163,3816,0,1,0,0,1163,3817,0,0,1163,3817,California
San Francisco,2020-12-22,1395,5212,1361,5177,34,35,0,0,1395,5212,0,0,1395,5212,California
San Francisco,2020-12-23,1354,6566,1055,6232,299,334,0,0,1354,6566,0,0,1354,6566,California
San Francisco,2020-12-24,843,7409,504,6736,339,673,0,0,843,7409,0,0,843,7409,California
San Francisco,2020-12-25,37,7446,31,6767,6,679,0,0,37,7446,0,0,37,7446,California
San Francisco,2020-12-26,250,7696,154,6921,96,775,0,0,250,7696,0,0,250,7696,California
San Francisco,2020-12-27,274,7970,60,6981,214,989,0,0,274,7970,0,0,274,7970,California
San Francisco,2020-12-28,1279,9249,693,7674,586,1575,0,0,1279,9249,0,0,1279,9249,California
San Francisco,2020-12-29,1262,10511,631,8305,631,2206,0,0,1262,10511,0,0,1262,10511,California
San Francisco,2020-12-30,1487,11998,781,9086,706,2912,0,0,1487,11998,0,0,1487,11998,California
San Francisco,2020-12-31,982,12980,415,9501,567,3479,0,0,981,12979,0,0,981,12979,California
San Francisco,2021-01-01,107,13087,79,9580,28,3507,0,0,107,13086,0,0,107,13086,California
San Francisco,2021-01-02,339,13426,303,9883,36,3543,0,0,339,13425,0,0,339,13425,California
San Francisco,2021-01-03,299,13725,105,9988,194,3737,0,0,298,13722,1,1,298,13723,California
San Francisco,2021-01-04,1846,15571,1358,11346,488,4225,0,0,1843,15562,3,4,1843,15566,California
San Francisco,2021-01-05,2239,17810,1423,12769,816,5041,0,0,2200,17725,39,43,2202,17768,California
San Francisco,2021-01-06,1876,19686,1162,13931,714,5755,0,0,1606,19064,268,311,1607,19375,California
San Francisco,2021-01-07,2080,21766,1213,15144,867,6622,0,0,1603,20193,474,785,1603,20978,California
San Francisco,2021-01-08,2335,24101,1644,16788,691,7313,0,0,1471,20805,859,1644,1471,22449,California
San Francisco,2021-01-09,1398,25499,901,17689,497,7810,0,0,887,21183,511,2155,889,23338,California
San Francisco,2021-01-10,920,26419,541,18230,379,8189,0,0,461,21186,458,2613,461,23799,California
San Francisco,2021-01-11,2511,28930,1867,20097,644,8833,0,0,1407,21489,1105,3718,1408,25207,California
San Francisco,2021-01-12,3094,32024,2060,22157,1034,9867,0,0,1900,22198,1193,4911,1902,27109,California
San Francisco,2021-01-13,2851,34875,1619,23776,1232,11099,0,0,2012,23371,839,5750,2012,29121,California
San Francisco,2021-01-14,2468,37343,1111,24887,1357,12456,0,0,1901,24705,567,6317,1901,31022,California
San Francisco,2021-01-15,2772,40115,1160,26047,1612,14068,0,0,2369,26675,401,6718,2371,33393,California
San Francisco,2021-01-16,2240,42355,937,26984,1303,15371,0,0,2071,28579,169,6887,2073,35466,California
San Francisco,2021-01-17,1940,44295,534,27518,1406,16777,0,0,1720,30080,219,7106,1720,37186,California
San Francisco,2021-01-18,1394,45689,606,28124,788,17565,0,0,1122,30932,271,7377,1123,38309,California
San Francisco,2021-01-19,2601,48290,1482,29606,1119,18684,0,0,1846,32023,755,8132,1846,40155,California
San Francisco,2021-01-20,2840,51130,1192,30798,1648,20332,0,0,2077,33341,760,8892,2078,42233,California
San Francisco,2021-01-21,3443,54573,1038,31836,2405,22737,0,0,2563,35025,879,9771,2563,44796,California
San Francisco,2021-01-22,3253,57826,678,32514,2575,25312,0,0,2805,37384,446,10217,2805,47601,California
San Francisco,2021-01-23,3118,60944,612,33126,2506,27818,0,0,2745,39758,372,10589,2746,50347,California
San Francisco,2021-01-24,2431,63375,363,33489,2068,29886,0,0,2197,41725,230,10819,2197,52544,California
San Francisco,2021-01-25,4646,68021,1836,35325,2810,32696,0,0,3055,43193,1588,12407,3056,55600,California
San Francisco,2021-01-26,4764,72785,2189,37514,2575,35271,0,0,3113,44660,1648,14055,3115,58715,California
San Francisco,2021-01-27,4385,77170,1983,39497,2402,37673,0,0,3076,46429,1307,15362,3076,61791,California
San Francisco,2021-01-28,3801,80971,1576,41073,2225,39898,0,0,2625,47886,1169,16531,2626,64417,California
San Francisco,2021-01-29,4845,85816,1765,42838,3080,42978,0,0,3515,50108,1293,17824,3515,67932,California
San Francisco,2021-01-30,3817,89633,1847,44685,1970,44948,0,0,3354,53004,462,18286,3358,71290,California
San Francisco,2021-01-31,2358,91991,820,45505,1538,46486,0,0,2207,55062,150,18436,2208,73498,California
San Francisco,2021-02-01,4004,95995,1710,47215,2294,48780,0,0,2925,56910,1078,19514,2926,76424,California
San Francisco,2021-02-02,4563,100558,1820,49035,2743,51523,0,0,2952,58257,1605,21119,2952,79376,California
San Francisco,2021-02-03,5124,105682,2407,51442,2717,54240,0,0,3795,60726,1327,22446,3796,83172,California
San Francisco,2021-02-04,5071,110753,2433,53875,2638,56878,0,0,3886,63430,1182,23628,3886,87058,California
San Francisco,2021-02-05,6009,116762,3227,57102,2782,59660,0,0,4648,66720,1359,24987,4649,91707,California
San Francisco,2021-02-06,5496,122258,3668,60770,1828,61488,0,0,4619,70496,846,25833,4622,96329,California
San Francisco,2021-02-07,4371,126629,3217,63987,1154,62642,0,0,3787,73708,579,26412,3791,100120,California
San Francisco,2021-02-08,6772,133401,4657,68644,2115,64757,0,0,5536,78027,1220,27632,5539,105659,California
San Francisco,2021-02-09,5977,139378,4019,72663,1958,66715,0,0,4416,80875,1570,29202,4418,110077,California
San Francisco,2021-02-10,6957,146335,4206,76869,2751,69466,0,0,5078,84083,1874,31076,5082,115159,California
San Francisco,2021-02-11,6777,153112,4013,80882,2764,72230,0,0,4899,87113,1872,32948,4902,120061,California
San Francisco,2021-02-12,5375,158487,2697,83579,2678,74908,0,0,3485,88707,1891,34839,3485,123546,California
San Francisco,2021-02-13,4423,162910,2593,86172,1830,76738,0,0,3066,90419,1357,36196,3069,126615,California
San Francisco,2021-02-14,3455,166365,2266,88438,1189,77927,0,0,2312,91591,1142,37338,2314,128929,California
San Francisco,2021-02-15,2802,169167,1514,89952,1288,79215,0,0,1680,92152,1119,38457,1680,130609,California
San Francisco,2021-02-16,5168,174335,2845,92797,2323,81538,0,0,3012,93022,2149,40606,3019,133628,California
San Francisco,2021-02-17,5399,179734,2653,95450,2746,84284,0,0,2970,93578,2417,43023,2973,136601,California
San Francisco,2021-02-18,5448,185182,2667,98117,2781,87065,0,0,2822,93783,2623,45646,2828,139429,California
San Francisco,2021-02-19,5736,190918,2698,100815,3038,90103,0,0,2975,94008,2751,48397,2976,142405,California
San Francisco,2021-02-20,4656,195574,2252,103067,2404,92507,0,0,1738,92839,2908,51305,1739,144144,California
San Francisco,2021-02-21,2983,198557,1572,104639,1411,93918,0,0,1321,92510,1651,52956,1322,145466,California
San Francisco,2021-02-22,5510,204067,3415,108054,2095,96013,0,0,2744,92501,2756,55712,2747,148213,California
San Francisco,2021-02-23,5928,209995,3358,111412,2570,98583,0,0,3013,92607,2907,58619,3013,151226,California
San Francisco,2021-02-24,9523,219518,5412,116824,4111,102694,0,0,5067,93236,4440,63059,5069,156295,California
San Francisco,2021-02-25,10393,229911,7257,124081,3136,105830,0,0,6638,96126,3750,66809,6640,162935,California
San Francisco,2021-02-26,12634,242545,8222,132303,4412,110242,0,0,7478,98454,5151,71960,7479,170414,California
San Francisco,2021-02-27,9517,252062,6126,138429,3390,113632,1,1,4737,98435,4758,76718,4739,175153,California
San Francisco,2021-02-28,7930,259992,5664,144093,2266,115898,0,1,3876,98266,4046,80764,3877,179030,California
San Francisco,2021-03-01,11423,271415,7700,151793,3717,119615,6,7,5576,98031,5819,86583,5584,184614,California
San Francisco,2021-03-02,10062,281477,6778,158571,3284,122899,0,7,5690,99361,4361,90944,5691,190305,California
San Francisco,2021-03-03,11436,292913,6681,165252,4754,127653,1,8,6283,100510,5138,96082,6287,196592,California
San Francisco,2021-03-04,8834,301747,5538,170790,3296,130949,0,8,4977,101644,3845,99927,4979,201571,California
San Francisco,2021-03-05,9270,311017,5664,176454,3602,134551,4,12,5806,104005,3450,103377,5811,207382,California
San Francisco,2021-03-06,7236,318253,4696,181150,2328,136879,212,224,4540,106043,2706,106083,4744,212126,California
San Francisco,2021-03-07,5543,323796,4235,185385,1153,138032,155,379,3143,106928,2409,108492,3294,215420,California
San Francisco,2021-03-08,7594,331390,5499,190884,1890,139922,205,584,5980,111465,1646,110138,6183,221603,California
San Francisco,2021-03-09,8364,339754,5536,196420,2447,142369,381,965,6095,115661,2273,112411,6469,228072,California
San Francisco,2021-03-10,11297,351051,6615,203035,4179,146548,503,1468,7038,118962,4236,116647,7537,235609,California
San Francisco,2021-03-11,10137,361188,6396,209431,2770,149318,971,2439,6637,123073,3479,120126,7590,243199,California
San Francisco,2021-03-12,10904,372092,6363,215794,3190,152508,1351,3790,6062,125658,4818,124944,7403,250602,California
San Francisco,2021-03-13,6768,378860,3946,219740,1743,154251,1079,4869,4203,128381,2555,127499,5278,255880,California
San Francisco,2021-03-14,7581,386441,4927,224667,2404,156655,250,5119,3955,128975,3606,131105,4200,260080,California
San Francisco,2021-03-15,12142,398583,9283,233950,1913,158568,946,6065,8353,134487,3772,134877,9284,269364,California
San Francisco,2021-03-16,12265,410848,8338,242288,3449,162017,478,6543,8742,140209,3499,138376,9221,278585,California
San Francisco,2021-03-17,13630,424478,8449,250737,4548,166565,633,7176,9664,146568,3933,142309,10292,288877,California
San Francisco,2021-03-18,10293,434771,7047,257784,2617,169182,629,7805,5797,148512,4471,146780,6415,295292,California
San Francisco,2021-03-19,12600,447371,9242,267026,2886,172068,472,8277,6496,149396,6075,152855,6959,302251,California
San Francisco,2021-03-20,8953,456324,6584,273610,1902,173970,467,8744,5192,151328,3728,156583,5660,307911,California
San Francisco,2021-03-21,6702,463026,6139,279749,424,174394,139,8883,3767,152313,2918,159501,3903,311814,California
San Francisco,2021-03-22,10005,473031,6973,286722,2191,176585,841,9724,5142,153445,4840,164341,5972,317786,California
San Francisco,2021-03-23,11408,484439,7596,294318,3159,179744,653,10377,6308,155329,5068,169409,6952,324738,California
San Francisco,2021-03-24,12424,496863,9519,303837,2367,182111,538,10915,6105,155687,6274,175683,6632,331370,California
San Francisco,2021-03-25,12012,508875,8769,312606,2676,184787,567,11482,5792,155899,6143,181826,6355,337725,California
San Francisco,2021-03-26,12063,520938,8356,320962,3474,188261,233,11715,5795,155689,6233,188059,6023,343748,California
San Francisco,2021-03-27,8912,529850,5919,326881,2641,190902,352,12067,3808,154770,5076,193135,4157,347905,California
San Francisco,2021-03-28,6670,536520,5325,332206,1303,192205,42,12109,2951,154068,3693,196828,2991,350896,California
San Francisco,2021-03-29,11659,548179,8020,340226,3453,195658,186,12295,4799,152225,6826,203654,4983,355879,California
San Francisco,2021-03-30,11694,559873,7321,347547,4082,199740,291,12586,5498,151843,6169,209823,5787,361666,California
San Francisco,2021-03-31,12322,572195,8195,355742,3829,203569,298,12884,4909,149665,7378,217201,5200,366866,California
San Francisco,2021-04-01,14034,586229,7433,363175,4893,208462,1708,14592,6034,149415,7956,225157,7706,374572,California
San Francisco,2021-04-02,14902,601131,6578,369753,6426,214888,1898,16490,6947,150305,7930,233087,8820,383392,California
San Francisco,2021-04-03,10615,611746,4925,374678,3861,218749,1829,18319,4811,151138,5783,238870,6616,390008,California
San Francisco,2021-04-04,9054,620800,4802,379480,2593,221342,1659,19978,3583,150913,5452,244322,5227,395235,California
San Francisco,2021-04-05,16147,636947,9849,389329,4401,225743,1897,21875,6304,149280,9812,254134,8179,403414,California
San Francisco,2021-04-06,16161,653108,9541,398870,4547,230290,2073,23948,6280,147765,9850,263984,8335,411749,California
San Francisco,2021-04-07,16902,670010,10057,408927,4603,234893,2242,26190,7006,147118,9870,273854,9223,420972,California
San Francisco,2021-04-08,14244,684254,6775,415702,3033,237926,4436,30626,4650,146599,9553,283407,9034,430006,California
San Francisco,2021-04-09,15890,700144,7685,423387,4840,242766,3365,33991,6631,147343,9222,292629,9966,439972,California
San Francisco,2021-04-10,13370,713514,5715,429102,5898,248664,1757,35748,7116,149972,6224,298853,8853,448825,California
San Francisco,2021-04-11,10072,723586,7543,436645,1350,250014,1179,36927,5203,151487,4853,303706,6368,455193,California
San Francisco,2021-04-12,10673,734259,6926,443571,2588,252602,1159,38086,4891,151768,5757,309463,6038,461231,California
San Francisco,2021-04-13,10861,745120,7365,450936,3483,256085,13,38099,5464,151882,5368,314831,5482,466713,California
San Francisco,2021-04-14,13400,758520,8068,459004,5331,261416,1,38100,6353,151233,7005,321836,6356,473069,California
San Francisco,2021-04-15,13872,772392,9602,468606,4269,265685,1,38101,8062,153526,5775,327611,8068,481137,California
San Francisco,2021-04-16,13044,785436,8761,477367,4239,269924,44,38145,7602,155766,5410,333021,7650,488787,California
San Francisco,2021-04-17,10245,795681,7379,484746,2865,272789,1,38146,7226,159996,3001,336022,7231,496018,California
San Francisco,2021-04-18,6945,802626,5373,490119,1570,274359,2,38148,4306,161688,2618,338640,4310,500328,California
San Francisco,2021-04-19,11122,813748,8308,498427,2809,277168,5,38153,7095,164791,4007,342647,7110,507438,California
San Francisco,2021-04-20,13129,826877,7900,506327,5227,282395,2,38155,8923,169544,4173,346820,8926,516364,California
San Francisco,2021-04-21,11952,838829,8751,515078,3196,285591,5,38160,7233,172098,4689,351509,7243,523607,California
San Francisco,2021-04-22,11119,849948,8280,523358,2838,288429,1,38161,6369,173760,4715,356224,6377,529984,California
San Francisco,2021-04-23,10931,860879,6406,529764,4525,292954,0,38161,6478,175826,4421,360645,6487,536471,California
San Francisco,2021-04-24,7967,868846,5473,535237,2494,295448,0,38161,4711,177312,3234,363879,4720,541191,California
San Francisco,2021-04-25,5044,873890,4337,539574,701,296149,6,38167,2944,178180,2087,365966,2955,544146,California
San Francisco,2021-04-26,8539,882429,6086,545660,2441,298590,12,38179,4258,178215,4251,370217,4286,548432,California
San Francisco,2021-04-27,8985,891414,6110,551770,2705,301295,170,38349,4485,178406,4473,374690,4664,553096,California
San Francisco,2021-04-28,9962,901376,6975,558745,2797,304092,190,38539,5225,179125,4703,379393,5422,558518,California
San Francisco,2021-04-29,9809,911185,5831,564576,3781,307873,197,38736,4822,179200,4957,384350,5032,563550,California
San Francisco,2021-04-30,11334,922519,5613,570189,5518,313391,203,38939,4227,176579,7057,391407,4436,567986,California
San Francisco,2021-05-01,7000,929519,3598,573787,3287,316678,115,39054,1699,173129,5265,396672,1815,569801,California
San Francisco,2021-05-02,5332,934851,3087,576874,2146,318824,99,39153,979,169868,4343,401015,1082,570883,California
San Francisco,2021-05-03,9704,944555,6610,583484,2930,321754,164,39317,2438,165243,7235,408250,2610,573493,California
San Francisco,2021-05-04,9852,954407,6441,589925,3160,324914,251,39568,2386,160454,7431,415681,2642,576135,California
San Francisco,2021-05-05,9266,963673,6569,596494,2385,327299,312,39880,2274,156100,6945,422626,2591,578726,California
San Francisco,2021-05-06,10970,974643,8784,605278,1713,329012,473,40353,1908,149455,9028,431654,2383,581109,California
San Francisco,2021-05-07,10311,984954,6664,611942,3376,332388,271,40624,1680,142801,8605,440259,1951,583060,California
San Francisco,2021-05-08,8909,993863,4055,615997,4724,337112,130,40754,1101,136257,7776,448035,1232,584292,California
San Francisco,2021-05-09,6736,1000599,5846,621843,806,337918,84,40838,1086,131794,5627,453662,1164,585456,California
San Francisco,2021-05-10,7389,1007988,5320,627163,1814,339732,255,41093,1007,126705,6350,460012,1261,586717,California
San Francisco,2021-05-11,8158,1016146,6025,633188,1913,341645,220,41313,1492,121789,6627,466639,1711,588428,California
San Francisco,2021-05-12,8385,1024531,6149,639337,1779,343424,457,41770,1498,116887,6854,473493,1952,590380,California
San Francisco,2021-05-13,11393,1035924,8388,647725,2779,346203,226,41996,4177,114112,7186,480679,4411,594791,California
San Francisco,2021-05-14,9590,1045514,6823,654548,2596,348799,171,42167,2988,110714,6568,487247,3170,597961,California
San Francisco,2021-05-15,8132,1053646,6447,660995,1629,350428,56,42223,3208,109081,4908,492155,3275,601236,California
San Francisco,2021-05-16,5299,1058945,4458,665453,782,351210,59,42282,2021,107906,3256,495411,2081,603317,California
San Francisco,2021-05-17,7407,1066352,5519,670972,1723,352933,165,42447,2376,105439,5011,500422,2544,605861,California
San Francisco,2021-05-18,8763,1075115,5023,675995,3565,356498,175,42622,1827,100553,6888,507310,2002,607863,California
San Francisco,2021-05-19,7495,1082610,5551,681546,1710,358208,234,42856,2151,97620,5316,512626,2383,610246,California
San Francisco,2021-05-20,6147,1088757,4122,685668,1772,359980,253,43109,1492,94743,4617,517243,1740,611986,California
San Francisco,2021-05-21,7195,1095952,4081,689749,2928,362908,186,43295,1576,90929,5571,522814,1757,613743,California
San Francisco,2021-05-22,4834,1100786,3643,693392,1100,364008,91,43386,2203,90611,2611,525425,2293,616036,California
San Francisco,2021-05-23,1934,1102720,1481,694873,378,364386,75,43461,845,90452,1079,526504,920,616956,California
San Francisco,2021-05-24,4225,1106945,3000,697873,1062,365448,163,43624,1233,88885,2965,529469,1398,618354,California
San Francisco,2021-05-25,3701,1110646,2404,700277,1075,366523,222,43846,1030,87481,2651,532120,1247,619601,California
San Francisco,2021-05-26,3959,1114605,2556,702833,1257,367780,146,43992,1045,85783,2889,535009,1191,620792,California
San Francisco,2021-05-27,3725,1118330,2149,704982,1400,369180,176,44168,1164,84574,2548,537557,1339,622131,California
San Francisco,2021-05-28,3777,1122107,2153,707135,1462,370642,162,44330,1311,83611,2435,539992,1472,623603,California
San Francisco,2021-05-29,2037,1124144,1467,708602,468,371110,102,44432,789,83269,1227,541219,885,624488,California
San Francisco,2021-05-30,974,1125118,696,709298,241,371351,37,44469,396,83128,574,541793,433,624921,California
San Francisco,2021-05-31,260,1125378,212,709510,41,371392,7,44476,88,83053,170,541963,95,625016,California
San Francisco,2021-06-01,3586,1128964,2172,711682,1226,372618,188,44664,1064,81798,2504,544467,1249,626265,California
San Francisco,2021-06-02,2466,1131430,1785,713467,558,373176,123,44787,811,81087,1640,546107,929,627194,California
San Francisco,2021-06-03,3967,1135397,2721,716188,1043,374219,203,44990,913,79164,3034,549141,1111,628305,California
San Francisco,2021-06-04,5729,1141126,4856,721044,738,374957,135,45125,1242,76084,4453,553594,1373,629678,California
San Francisco,2021-06-05,3735,1144861,3157,724201,430,375387,148,45273,874,74253,2849,556443,1018,630696,California
San Francisco,2021-06-06,2344,1147205,2193,726394,113,375500,38,45311,393,72740,1944,558387,431,631127,California
San Francisco,2021-06-07,3656,1150861,3027,729421,494,375994,135,45446,871,70978,2766,561153,1004,632131,California
San Francisco,2021-06-08,2830,1153691,2224,731645,440,376434,166,45612,794,69914,2018,563171,954,633085,California
San Francisco,2021-06-09,2319,1156010,1858,733503,324,376758,137,45749,654,69052,1651,564822,789,633874,California
San Francisco,2021-06-10,2499,1158509,1910,735413,399,377157,190,45939,752,68259,1735,566557,942,634816,California
San Francisco,2021-06-11,3158,1161667,2493,737906,500,377657,165,46104,922,67132,2211,568768,1084,635900,California
San Francisco,2021-06-12,3032,1164699,2632,740538,274,377931,126,46230,713,65664,2305,571073,837,636737,California
San Francisco,2021-06-13,922,1165621,801,741339,74,378005,47,46277,222,65238,694,571767,268,637005,California
San Francisco,2021-06-14,2510,1168131,2028,743367,330,378335,152,46429,825,64541,1671,573438,974,637979,California
San Francisco,2021-06-15,1913,1170044,1479,744846,301,378636,133,46562,673,64119,1228,574666,806,638785,California
San Francisco,2021-06-16,1871,1171915,1416,746262,260,378896,195,46757,644,63741,1210,575876,832,639617,California
San Francisco,2021-06-17,1985,1173900,1527,747789,258,379154,200,46957,646,63258,1324,577200,841,640458,California
San Francisco,2021-06-18,2347,1176247,1732,749521,440,379594,175,47132,748,62593,1584,578784,919,641377,California
San Francisco,2021-06-19,1416,1177663,1182,750703,122,379716,112,47244,434,62167,968,579752,542,641919,California
San Francisco,2021-06-20,625,1178288,533,751236,57,379773,35,47279,254,62092,364,580116,289,642208,California
San Francisco,2021-06-21,1164,1179452,865,752101,188,379961,111,47390,603,62254,550,580666,712,642920,California
San Francisco,2021-06-22,1586,1181038,1245,753346,229,380190,112,47502,549,61887,1022,581688,655,643575,California
San Francisco,2021-06-23,1486,1182524,1172,754518,174,380364,140,47642,588,61722,886,582574,721,644296,California
San Francisco,2021-06-24,1538,1184062,1126,755644,243,380607,169,47811,510,61387,1009,583583,674,644970,California
San Francisco,2021-06-25,1822,1185884,1472,757116,248,380855,102,47913,654,60994,1147,584730,754,645724,California
San Francisco,2021-06-26,1407,1187291,1255,758371,67,380922,85,47998,504,60686,893,585623,585,646309,California
San Francisco,2021-06-27,554,1187845,492,758863,34,380956,28,48026,225,60615,323,585946,252,646561,California
San Francisco,2021-06-28,1485,1189330,1278,760141,114,381070,93,48119,529,60292,944,586890,621,647182,California
San Francisco,2021-06-29,1375,1190705,1056,761197,219,381289,100,48219,494,60011,869,587759,588,647770,California
San Francisco,2021-06-30,1291,1191996,1060,762257,164,381453,67,48286,501,59793,785,588544,567,648337,California
San Francisco,2021-07-01,1180,1193176,932,763189,169,381622,79,48365,475,59649,694,589238,550,648887,California
San Francisco,2021-07-02,1512,1194688,1214,764403,228,381850,70,48435,597,59411,904,590142,666,649553,California
San Francisco,2021-07-03,891,1195579,749,765152,70,381920,72,48507,332,59257,555,590697,401,649954,California
San Francisco,2021-07-04,13,1195592,11,765163,1,381921,1,48508,5,59255,8,590705,6,649960,California
San Francisco,2021-07-05,954,1196546,837,766000,73,381994,44,48552,389,59131,555,591260,431,650391,California
San Francisco,2021-07-06,1644,1198190,1364,767364,189,382183,91,48643,521,58635,1103,592363,607,650998,California
San Francisco,2021-07-07,794,1198984,594,767958,114,382297,86,48729,267,58467,516,592879,348,651346,California
San Joaquin,2020-12-15,14,14,14,14,0,0,0,0,14,14,0,0,14,14,California
San Joaquin,2020-12-16,465,479,465,479,0,0,0,0,465,479,0,0,465,479,California
San Joaquin,2020-12-17,374,853,374,853,0,0,0,0,374,853,0,0,374,853,California
San Joaquin,2020-12-18,616,1469,608,1461,8,8,0,0,616,1469,0,0,616,1469,California
San Joaquin,2020-12-19,220,1689,216,1677,4,12,0,0,220,1689,0,0,220,1689,California
San Joaquin,2020-12-20,120,1809,118,1795,2,14,0,0,120,1809,0,0,120,1809,California
San Joaquin,2020-12-21,542,2351,538,2333,4,18,0,0,542,2351,0,0,542,2351,California
San Joaquin,2020-12-22,1000,3351,878,3211,122,140,0,0,999,3350,0,0,999,3350,California
San Joaquin,2020-12-23,991,4342,932,4143,59,199,0,0,989,4339,2,2,991,4341,California
San Joaquin,2020-12-24,222,4564,192,4335,30,229,0,0,221,4560,1,3,222,4563,California
San Joaquin,2020-12-25,17,4581,17,4352,0,229,0,0,17,4577,0,3,17,4580,California
San Joaquin,2020-12-26,103,4684,31,4383,72,301,0,0,103,4680,0,3,103,4683,California
San Joaquin,2020-12-27,46,4730,32,4415,14,315,0,0,46,4726,0,3,46,4729,California
San Joaquin,2020-12-28,631,5361,425,4840,206,521,0,0,631,5357,0,3,631,5360,California
San Joaquin,2020-12-29,803,6164,672,5512,131,652,0,0,802,6158,1,4,802,6162,California
San Joaquin,2020-12-30,1016,7180,722,6234,294,946,0,0,1014,7172,2,6,1016,7178,California
San Joaquin,2020-12-31,461,7641,205,6439,256,1202,0,0,461,7633,1,7,462,7640,California
San Joaquin,2021-01-01,25,7666,14,6453,11,1213,0,0,25,7658,0,7,25,7665,California
San Joaquin,2021-01-02,268,7934,244,6697,24,1237,0,0,268,7926,0,7,268,7933,California
San Joaquin,2021-01-03,38,7972,21,6718,17,1254,0,0,37,7962,1,8,37,7970,California
San Joaquin,2021-01-04,495,8467,353,7071,142,1396,0,0,493,8454,1,9,493,8463,California
San Joaquin,2021-01-05,1075,9542,710,7781,365,1761,0,0,829,9077,244,253,867,9330,California
San Joaquin,2021-01-06,1308,10850,785,8566,523,2284,0,0,941,9662,360,613,945,10275,California
San Joaquin,2021-01-07,1162,12012,758,9324,404,2688,0,0,799,10104,357,970,799,11074,California
San Joaquin,2021-01-08,1321,13333,922,10246,399,3087,0,0,744,10282,573,1543,751,11825,California
San Joaquin,2021-01-09,385,13718,302,10548,83,3170,0,0,251,10401,134,1677,253,12078,California
San Joaquin,2021-01-10,226,13944,117,10665,109,3279,0,0,172,10520,53,1730,172,12250,California
San Joaquin,2021-01-11,1568,15512,1339,12004,229,3508,0,0,883,10789,682,2412,951,13201,California
San Joaquin,2021-01-12,1667,17179,1169,13173,498,4006,0,0,825,10852,834,3246,897,14098,California
San Joaquin,2021-01-13,1594,18773,908,14081,686,4692,0,0,1005,11279,583,3829,1010,15108,California
San Joaquin,2021-01-14,1938,20711,991,15072,947,5639,0,0,1578,12542,334,4163,1597,16705,California
San Joaquin,2021-01-15,1652,22363,553,15625,1099,6738,0,0,1403,13738,232,4395,1428,18133,California
San Joaquin,2021-01-16,1137,23500,181,15806,956,7694,0,0,1105,14812,31,4426,1105,19238,California
San Joaquin,2021-01-17,1632,25132,138,15944,1494,9188,0,0,1588,16358,44,4470,1590,20828,California
San Joaquin,2021-01-18,749,25881,242,16186,507,9695,0,0,627,16867,118,4588,627,21455,California
San Joaquin,2021-01-19,1989,27870,898,17084,1091,10786,0,0,1299,17491,683,5271,1307,22762,California
San Joaquin,2021-01-20,2225,30095,1292,18376,933,11719,0,0,1566,18414,651,5922,1574,24336,California
San Joaquin,2021-01-21,2116,32211,902,19278,1214,12933,0,0,1717,19748,392,6314,1726,26062,California
San Joaquin,2021-01-22,2100,34311,914,20192,1186,14119,0,0,1938,21531,157,6471,1940,28002,California
San Joaquin,2021-01-23,907,35218,393,20585,514,14633,0,0,617,21863,287,6758,619,28621,California
San Joaquin,2021-01-24,368,35586,138,20723,230,14863,0,0,345,22188,20,6778,345,28966,California
San Joaquin,2021-01-25,2117,37703,1169,21892,948,15811,0,0,1523,23126,589,7367,1527,30493,California
San Joaquin,2021-01-26,2346,40049,1112,23004,1234,17045,0,0,1711,24222,623,7990,1719,32212,California
San Joaquin,2021-01-27,1827,41876,770,23774,1057,18102,0,0,1313,25033,508,8498,1319,33531,California
San Joaquin,2021-01-28,2231,44107,783,24557,1448,19550,0,0,1546,25910,678,9176,1555,35086,California
San Joaquin,2021-01-29,2311,46418,1053,25610,1258,20808,0,0,1939,27495,364,9540,1949,37035,California
San Joaquin,2021-01-30,2186,48604,355,25965,1831,22639,0,0,2002,29316,183,9723,2004,39039,California
San Joaquin,2021-01-31,1553,50157,173,26138,1380,24019,0,0,1482,30731,69,9792,1484,40523,California
San Joaquin,2021-02-01,2517,52674,1280,27418,1237,25256,0,0,1744,31705,772,10564,1746,42269,California
San Joaquin,2021-02-02,2671,55345,1179,28597,1492,26748,0,0,2049,33199,559,11123,2053,44322,California
San Joaquin,2021-02-03,3146,58491,1234,29831,1912,28660,0,0,2263,34597,875,11998,2273,46595,California
San Joaquin,2021-02-04,3605,62096,1814,31645,1791,30451,0,0,2690,36386,909,12907,2698,49293,California
San Joaquin,2021-02-05,3288,65384,1802,33447,1486,31937,0,0,2413,37966,847,13754,2427,51720,California
San Joaquin,2021-02-06,1078,66462,725,34172,353,32290,0,0,928,38748,147,13901,929,52649,California
San Joaquin,2021-02-07,623,67085,493,34665,130,32420,0,0,417,38965,201,14102,418,53067,California
San Joaquin,2021-02-08,1925,69010,1048,35713,877,33297,0,0,1550,40178,343,14445,1556,54623,California
San Joaquin,2021-02-09,2286,71296,1149,36862,1137,34434,0,0,1662,41299,544,14989,1665,56288,California
San Joaquin,2021-02-10,2771,74067,1264,38126,1507,35941,0,0,1453,41473,1281,16270,1455,57743,California
San Joaquin,2021-02-11,3053,77120,1475,39601,1578,37519,0,0,1735,41957,1259,17529,1743,59486,California
San Joaquin,2021-02-12,2985,80105,1140,40741,1845,39364,0,0,1647,42310,1298,18827,1651,61137,California
San Joaquin,2021-02-13,2145,82250,411,41152,1734,41098,0,0,867,41922,1261,20088,873,62010,California
San Joaquin,2021-02-14,1921,84171,264,41416,1657,42755,0,0,700,41435,1188,21276,701,62711,California
San Joaquin,2021-02-15,2089,86260,844,42260,1245,44000,0,0,1254,41899,794,22070,1258,63969,California
San Joaquin,2021-02-16,3356,89616,1406,43666,1950,45950,0,0,1856,42286,1479,23549,1866,65835,California
San Joaquin,2021-02-17,3582,93198,1300,44966,2282,48232,0,0,1974,42702,1562,25111,1978,67813,California
San Joaquin,2021-02-18,3553,96751,1407,46373,2146,50378,0,0,1969,43153,1524,26635,1975,69788,California
San Joaquin,2021-02-19,4398,101149,2443,48816,1955,52333,0,0,2425,43682,1897,28532,2426,72214,California
San Joaquin,2021-02-20,1611,102760,696,49512,915,53248,0,0,1078,44231,529,29061,1078,73292,California
San Joaquin,2021-02-21,704,103464,524,50036,180,53428,0,0,430,44393,270,29331,432,73724,California
San Joaquin,2021-02-22,3801,107265,2592,52628,1209,54637,0,0,2619,45881,1135,30466,2623,76347,California
San Joaquin,2021-02-23,4627,111892,2672,55300,1955,56592,0,0,2739,46812,1814,32280,2745,79092,California
San Joaquin,2021-02-24,5958,117850,3481,58781,2477,59069,0,0,4199,49307,1708,33988,4203,83295,California
San Joaquin,2021-02-25,6742,124592,4006,62787,2736,61805,0,0,4188,51035,2471,36459,4199,87494,California
San Joaquin,2021-02-26,5656,130248,2893,65680,2763,64568,0,0,3815,53071,1785,38244,3821,91315,California
San Joaquin,2021-02-27,5520,135768,1643,67323,3876,68444,1,1,2661,52951,2792,41036,2672,93987,California
San Joaquin,2021-02-28,3130,138898,1131,68454,1999,70443,0,1,2062,53982,1034,42070,2065,96052,California
San Joaquin,2021-03-01,4540,143438,1852,70306,2685,73128,3,4,2449,54410,2034,44104,2462,98514,California
San Joaquin,2021-03-02,4429,147867,1710,72016,2719,75847,0,4,2779,55630,1612,45716,2832,101346,California
San Joaquin,2021-03-03,6046,153913,3488,75504,2556,78403,2,6,4353,58333,1651,47367,4354,105700,California
San Joaquin,2021-03-04,5897,159810,2299,77803,3595,81998,3,9,3860,60191,2007,49374,3865,109565,California
San Joaquin,2021-03-05,4779,164589,1914,79717,2860,84858,5,14,3283,62042,1441,50815,3292,112857,California
San Joaquin,2021-03-06,3346,167935,2199,81916,1017,85875,130,144,2744,64327,592,51407,2877,115734,California
San Joaquin,2021-03-07,1309,169244,573,82489,634,86509,102,246,960,65042,331,51738,1046,116780,California
San Joaquin,2021-03-08,3317,172561,1292,83781,1890,88399,135,381,2149,66185,1141,52879,2284,119064,California
San Joaquin,2021-03-09,4354,176915,1879,85660,2345,90744,130,511,2757,67534,1544,54423,2893,121957,California
San Joaquin,2021-03-10,5021,181936,2543,88203,2334,93078,144,655,3507,69697,1487,55910,3650,125607,California
San Joaquin,2021-03-11,5329,187265,2476,90679,2248,95326,605,1260,3009,71015,2296,58206,3614,129221,California
San Joaquin,2021-03-12,6680,193945,3241,93920,3100,98426,339,1599,4205,73126,2437,60643,4548,133769,California
San Joaquin,2021-03-13,3254,197199,1520,95440,1608,100034,126,1725,2323,74666,918,61561,2458,136227,California
San Joaquin,2021-03-14,2182,199381,679,96119,1197,101231,306,2031,1028,74857,1147,62708,1338,137565,California
San Joaquin,2021-03-15,6181,205562,3525,99644,2248,103479,408,2439,3188,75522,2946,65654,3611,141176,California
San Joaquin,2021-03-16,7037,212599,3943,103587,2838,106317,256,2695,4104,76997,2892,68546,4367,145543,California
San Joaquin,2021-03-17,8038,220637,4746,108333,3221,109538,71,2766,4393,77889,3577,72123,4469,150012,California
San Joaquin,2021-03-18,7812,228449,4550,112883,2754,112292,508,3274,3850,78355,3897,76020,4363,154375,California
San Joaquin,2021-03-19,8122,236571,4702,117585,2876,115168,544,3818,4876,80621,3211,79231,5477,159852,California
San Joaquin,2021-03-20,3723,240294,2155,119740,1325,116493,243,4061,1832,80848,1862,81093,2089,161941,California
San Joaquin,2021-03-21,2136,242430,1512,121252,417,116910,207,4268,1152,81314,963,82056,1429,163370,California
San Joaquin,2021-03-22,4200,246630,2100,123352,1684,118594,416,4684,2473,82515,1692,83748,2893,166263,California
San Joaquin,2021-03-23,5537,252167,2705,126057,2664,121258,168,4852,3815,84818,1687,85435,3990,170253,California
San Joaquin,2021-03-24,7036,259203,4297,130354,2648,123906,91,4943,3097,84140,3872,89307,3194,173447,California
San Joaquin,2021-03-25,5779,264982,3372,133726,2361,126267,46,4989,3418,85290,2317,91624,3467,176914,California
San Joaquin,2021-03-26,6504,271486,2614,136340,3736,130003,154,5143,3346,85730,3081,94705,3521,180435,California
San Joaquin,2021-03-27,4702,276188,2643,138983,1984,131987,75,5218,1809,84760,2863,97568,1893,182328,California
San Joaquin,2021-03-28,2760,278948,1836,140819,899,132886,25,5243,1270,84696,1468,99036,1404,183732,California
San Joaquin,2021-03-29,4193,283141,2204,143023,1965,134851,24,5267,2118,84809,2045,101081,2158,185890,California
San Joaquin,2021-03-30,6446,289587,3199,146222,3154,138005,93,5360,3532,85590,2862,103943,3643,189533,California
San Joaquin,2021-03-31,6872,296459,4204,150426,2607,140612,61,5421,3485,85817,3343,107286,3570,193103,California
San Joaquin,2021-04-01,6675,303134,3026,153452,3556,144168,93,5514,2953,85246,3675,110961,3104,196207,California
San Joaquin,2021-04-02,6558,309692,2902,156354,3157,147325,499,6013,2598,84466,3909,114870,3129,199336,California
San Joaquin,2021-04-03,4228,313920,2407,158761,1496,148821,325,6338,2021,84638,2186,117056,2358,201694,California
San Joaquin,2021-04-04,2303,316223,1375,160136,722,149543,206,6544,1543,85660,747,117803,1769,203463,California
San Joaquin,2021-04-05,4991,321214,2868,163004,1883,151426,240,6784,2718,86393,2232,120035,2965,206428,California
San Joaquin,2021-04-06,7362,328576,4577,167581,2505,153931,280,7064,3454,86296,3842,123877,3745,210173,California
San Joaquin,2021-04-07,8514,337090,4596,172177,2326,156257,1592,8656,3580,86578,4898,128775,5180,215353,California
San Joaquin,2021-04-08,8972,346062,4773,176950,2032,158289,2167,10823,3390,86593,5540,134315,5555,220908,California
San Joaquin,2021-04-09,9162,355224,4411,181361,3181,161470,1570,12393,3355,85760,5770,140085,4937,225845,California
San Joaquin,2021-04-10,5267,360491,1666,183027,1690,163160,1911,14304,1789,85996,3461,143546,3697,229542,California
San Joaquin,2021-04-11,4318,364809,1785,184812,1367,164527,1166,15470,1990,86832,2314,145860,3150,232692,California
San Joaquin,2021-04-12,6230,371039,2521,187333,2156,166683,1553,17023,2449,87089,3748,149608,4005,236697,California
San Joaquin,2021-04-13,7721,378760,4416,191749,3296,169979,9,17032,4690,88799,2995,152603,4705,241402,California
San Joaquin,2021-04-14,7761,386521,3934,195683,3825,173804,2,17034,4659,90398,3073,155676,4672,246074,California
San Joaquin,2021-04-15,8047,394568,4775,200458,3272,177076,0,17034,4434,91278,3562,159238,4442,250516,California
San Joaquin,2021-04-16,7927,402495,4299,204757,3625,180701,3,17037,4763,92929,3128,162366,4779,255295,California
San Joaquin,2021-04-17,5216,407711,2837,207594,2377,183078,2,17039,3694,95135,1507,163873,3713,259008,California
San Joaquin,2021-04-18,2609,410320,1504,209098,1105,184183,0,17039,1384,95319,1206,165079,1390,260398,California
San Joaquin,2021-04-19,5338,415658,2845,211943,2492,186675,1,17040,2781,95592,2520,167599,2793,263191,California
San Joaquin,2021-04-20,6498,422156,3486,215429,3011,189686,1,17041,3051,95242,3412,171011,3062,266253,California
San Joaquin,2021-04-21,6073,428229,3462,218891,2611,192297,0,17041,3099,95439,2910,173921,3107,269360,California
San Joaquin,2021-04-22,5568,433797,3314,222205,2252,194549,2,17043,3140,96208,2390,176311,3159,272519,California
San Joaquin,2021-04-23,6223,440020,3032,225237,3190,197739,1,17044,3892,97806,2302,178613,3900,276419,California
San Joaquin,2021-04-24,5288,445308,3643,228880,1643,199382,2,17046,3435,99428,1824,180437,3446,279865,California
San Joaquin,2021-04-25,3082,448390,2597,231477,485,199867,0,17046,2048,100476,1006,181443,2054,281919,California
San Joaquin,2021-04-26,4244,452634,2740,234217,1500,201367,4,17050,2183,100628,2041,183484,2193,284112,California
San Joaquin,2021-04-27,4836,457470,2770,236987,2004,203371,62,17112,2040,99972,2766,186250,2110,286222,California
San Joaquin,2021-04-28,5876,463346,3522,240509,2274,205645,80,17192,2854,99935,2981,189231,2944,289166,California
San Joaquin,2021-04-29,5193,468539,3054,243563,2082,207727,57,17249,2621,100085,2539,191770,2689,291855,California
San Joaquin,2021-04-30,5253,473792,2594,246157,2592,210319,67,17316,2687,100308,2541,194311,2764,294619,California
San Joaquin,2021-05-01,3384,477176,1932,248089,1393,211712,59,17375,2155,101316,1217,195528,2225,296844,California
San Joaquin,2021-05-02,2312,479488,1610,249699,645,212357,57,17432,1169,101405,1138,196666,1227,298071,California
San Joaquin,2021-05-03,3428,482916,2293,251992,1055,213412,80,17512,1416,100916,1994,198660,1505,299576,California
San Joaquin,2021-05-04,5097,488013,3433,255425,1506,214918,158,17670,1859,99731,3213,201873,2028,301604,California
San Joaquin,2021-05-05,5378,493391,3724,259149,1490,216408,164,17834,2394,99348,2948,204821,2565,304169,California
San Joaquin,2021-05-06,4917,498308,3319,262468,1467,217875,131,17965,2133,98857,2766,207587,2275,306444,California
San Joaquin,2021-05-07,5359,503667,3150,265618,2056,219931,153,18118,2038,97763,3294,210881,2200,308644,California
San Joaquin,2021-05-08,3412,507079,2240,267858,1071,221002,101,18219,1286,97052,2107,212988,1396,310040,California
San Joaquin,2021-05-09,1522,508601,869,268727,583,221585,70,18289,575,96759,944,213932,651,310691,California
San Joaquin,2021-05-10,2953,511554,1565,270292,1263,222848,125,18414,945,95845,1989,215921,1075,311766,California
San Joaquin,2021-05-11,4280,515834,2234,272526,1923,224771,123,18537,1299,94336,2963,218884,1454,313220,California
San Joaquin,2021-05-12,4540,520374,2170,274696,2245,227016,125,18662,1397,92751,3119,222003,1534,314754,California
San Joaquin,2021-05-13,4896,525270,2881,277577,1925,228941,90,18752,1875,91725,3005,225008,1979,316733,California
San Joaquin,2021-05-14,5928,531198,3570,281147,2250,231191,108,18860,2439,90819,3458,228466,2552,319285,California
San Joaquin,2021-05-15,5270,536468,3142,284289,2046,233237,82,18942,1655,88976,3583,232049,1740,321025,California
San Joaquin,2021-05-16,3626,540094,2854,287143,723,233960,49,18991,1472,88366,2139,234188,1529,322554,California
San Joaquin,2021-05-17,4180,544274,2505,289648,1578,235538,97,19088,1795,87902,2366,236554,1902,324456,California
San Joaquin,2021-05-18,4015,548289,2321,291969,1579,237117,115,19203,1862,87749,2133,238687,1980,326436,California
San Joaquin,2021-05-19,4802,553091,2800,294769,1867,238984,135,19338,2027,87177,2744,241431,2172,328608,California
San Joaquin,2021-05-20,4017,557108,2408,297177,1504,240488,105,19443,1733,86760,2258,243689,1841,330449,California
San Joaquin,2021-05-21,5099,562207,2996,300173,1980,242468,123,19566,2307,86440,2759,246448,2439,332888,California
San Joaquin,2021-05-22,4067,566274,2551,302724,1421,243889,95,19661,1814,86122,2238,248686,1920,334808,California
San Joaquin,2021-05-23,2543,568817,2088,304812,411,244300,44,19705,1470,86579,1061,249747,1518,336326,California
San Joaquin,2021-05-24,3107,571924,1824,306636,1190,245490,93,19798,1450,86486,1641,251388,1548,337874,California
San Joaquin,2021-05-25,3141,575065,1955,308591,1038,246528,148,19946,1449,86415,1669,253057,1598,339472,California
San Joaquin,2021-05-26,3936,579001,2426,311017,1435,247963,75,20021,1600,85775,2319,255376,1679,341151,California
San Joaquin,2021-05-27,3148,582149,1716,312733,1347,249310,85,20106,1278,85287,1853,257229,1365,342516,California
San Joaquin,2021-05-28,3155,585304,1692,314425,1371,250681,92,20198,1464,85188,1664,258893,1565,344081,California
San Joaquin,2021-05-29,2155,587459,1191,315616,928,251609,36,20234,918,84914,1232,260125,958,345039,California
San Joaquin,2021-05-30,977,588436,523,316139,428,252037,26,20260,399,84770,572,260697,428,345467,California
San Joaquin,2021-05-31,624,589060,264,316403,353,252390,7,20267,239,84636,380,261077,246,345713,California
San Joaquin,2021-06-01,2481,591541,1497,317900,887,253277,97,20364,1181,84630,1290,262367,1284,346997,California
San Joaquin,2021-06-02,2740,594281,1620,319520,1066,254343,54,20418,1137,84237,1587,263954,1194,348191,California
San Joaquin,2021-06-03,2860,597141,1769,321289,1033,255376,58,20476,1060,83577,1782,265736,1122,349313,California
San Joaquin,2021-06-04,3156,600297,1940,323229,1111,256487,105,20581,1060,82675,2068,267804,1166,350479,California
San Joaquin,2021-06-05,2518,602815,1917,325146,535,257022,66,20647,1148,82614,1279,269083,1218,351697,California
San Joaquin,2021-06-06,1098,603913,883,326029,178,257200,37,20684,426,82424,654,269737,464,352161,California
San Joaquin,2021-06-07,2845,606758,2105,328134,699,257899,41,20725,982,81600,1855,271592,1031,353192,California
San Joaquin,2021-06-08,2779,609537,2105,330239,629,258528,45,20770,873,80632,1889,273481,921,354113,California
San Joaquin,2021-06-09,2884,612421,2013,332252,827,259355,44,20814,994,79800,1871,275352,1039,355152,California
San Joaquin,2021-06-10,2675,615096,1944,334196,665,260020,66,20880,1002,79204,1668,277020,1072,356224,California
San Joaquin,2021-06-11,2973,618069,2057,336253,799,260819,117,20997,975,78308,1989,279009,1093,357317,California
San Joaquin,2021-06-12,1860,619929,1401,337654,429,261248,30,21027,628,77762,1225,280234,679,357996,California
San Joaquin,2021-06-13,1077,621006,827,338481,202,261450,48,21075,497,77733,576,280810,547,358543,California
San Joaquin,2021-06-14,2226,623232,1497,339978,656,262106,73,21148,930,77455,1282,282092,1004,359547,California
San Joaquin,2021-06-15,2254,625486,1506,341484,671,262777,77,21225,877,77049,1363,283455,957,360504,California
San Joaquin,2021-06-16,2798,628284,2030,343514,686,263463,82,21307,909,76165,1874,285329,990,361494,California
San Joaquin,2021-06-17,2624,630908,1866,345380,695,264158,63,21370,892,75400,1720,287049,955,362449,California
San Joaquin,2021-06-18,2808,633716,1853,347233,879,265037,76,21446,1183,75049,1611,288660,1260,363709,California
San Joaquin,2021-06-19,1396,635112,868,348101,268,265305,260,21706,500,74921,889,289549,761,364470,California
San Joaquin,2021-06-20,655,635767,517,348618,112,265417,26,21732,290,74877,359,289908,315,364785,California
San Joaquin,2021-06-21,1626,637393,962,349580,555,265972,109,21841,820,75007,799,290707,929,365714,California
San Joaquin,2021-06-22,1902,639295,1254,350834,577,266549,71,21912,818,74822,1072,291779,887,366601,California
San Joaquin,2021-06-23,1980,641275,1306,352140,597,267146,77,21989,778,74494,1183,292962,855,367456,California
San Joaquin,2021-06-24,1978,643253,1348,353488,535,267681,95,22084,874,74420,1042,294004,968,368424,California
San Joaquin,2021-06-25,1723,644976,1100,354588,545,268226,78,22162,762,74308,953,294957,841,369265,California
San Joaquin,2021-06-26,1075,646051,804,355392,220,268446,51,22213,518,74327,551,295508,570,369835,California
San Joaquin,2021-06-27,568,646619,429,355821,99,268545,40,22253,263,74329,301,295809,303,370138,California
San Joaquin,2021-06-28,1450,648069,1022,356843,359,268904,69,22322,662,74303,757,296566,731,370869,California
San Joaquin,2021-06-29,1437,649506,907,357750,459,269363,71,22393,646,74236,783,297349,716,371585,California
San Joaquin,2021-06-30,1499,651005,1024,358774,404,269767,71,22464,637,74092,855,298204,711,372296,California
San Joaquin,2021-07-01,1575,652580,1092,359866,393,270160,90,22554,687,73989,878,299082,775,373071,California
San Joaquin,2021-07-02,1539,654119,1065,360931,423,270583,51,22605,712,73931,822,299904,764,373835,California
San Joaquin,2021-07-03,701,654820,510,361441,164,270747,27,22632,388,74034,312,300216,415,374250,California
San Joaquin,2021-07-04,134,654954,88,361529,33,270780,13,22645,59,74032,75,300291,73,374323,California
San Joaquin,2021-07-05,804,655758,568,362097,193,270973,43,22688,393,74059,409,300700,436,374759,California
San Joaquin,2021-07-06,1311,657069,856,362953,400,271373,55,22743,556,73936,740,301440,617,375376,California
San Joaquin,2021-07-07,884,657953,630,363583,221,271594,33,22776,423,73947,456,301896,467,375843,California
San Luis Obispo,2020-12-16,4,4,4,4,0,0,0,0,4,4,0,0,4,4,California
San Luis Obispo,2020-12-17,196,200,196,200,0,0,0,0,196,200,0,0,196,200,California
San Luis Obispo,2020-12-18,223,423,223,423,0,0,0,0,223,423,0,0,223,423,California
San Luis Obispo,2020-12-19,164,587,164,587,0,0,0,0,164,587,0,0,164,587,California
San Luis Obispo,2020-12-20,215,802,215,802,0,0,0,0,215,802,0,0,215,802,California
San Luis Obispo,2020-12-21,550,1352,549,1351,1,1,0,0,550,1352,0,0,550,1352,California
San Luis Obispo,2020-12-22,309,1661,305,1656,4,5,0,0,309,1661,0,0,309,1661,California
San Luis Obispo,2020-12-23,681,2342,367,2023,314,319,0,0,681,2342,0,0,681,2342,California
San Luis Obispo,2020-12-24,194,2536,19,2042,175,494,0,0,194,2536,0,0,194,2536,California
San Luis Obispo,2020-12-25,2,2538,1,2043,1,495,0,0,2,2538,0,0,2,2538,California
San Luis Obispo,2020-12-26,90,2628,13,2056,77,572,0,0,90,2628,0,0,90,2628,California
San Luis Obispo,2020-12-27,76,2704,0,2056,76,648,0,0,76,2704,0,0,76,2704,California
San Luis Obispo,2020-12-28,879,3583,429,2485,450,1098,0,0,879,3583,0,0,879,3583,California
San Luis Obispo,2020-12-29,904,4487,505,2990,399,1497,0,0,904,4487,0,0,904,4487,California
San Luis Obispo,2020-12-30,1172,5659,679,3669,493,1990,0,0,1172,5659,0,0,1172,5659,California
San Luis Obispo,2020-12-31,110,5769,4,3673,106,2096,0,0,110,5769,0,0,110,5769,California
San Luis Obispo,2021-01-01,19,5788,11,3684,8,2104,0,0,19,5788,0,0,19,5788,California
San Luis Obispo,2021-01-02,34,5822,8,3692,26,2130,0,0,34,5822,0,0,34,5822,California
San Luis Obispo,2021-01-03,17,5839,6,3698,11,2141,0,0,17,5839,0,0,17,5839,California
San Luis Obispo,2021-01-04,681,6520,525,4223,156,2297,0,0,681,6520,0,0,681,6520,California
San Luis Obispo,2021-01-05,978,7498,758,4981,220,2517,0,0,975,7492,3,3,975,7495,California
San Luis Obispo,2021-01-06,728,8226,482,5463,246,2763,0,0,720,8205,7,10,720,8215,California
San Luis Obispo,2021-01-07,1122,9348,946,6409,176,2939,0,0,679,8441,443,453,679,8894,California
San Luis Obispo,2021-01-08,883,10231,802,7211,81,3020,0,0,515,8589,367,820,515,9409,California
San Luis Obispo,2021-01-09,205,10436,195,7406,10,3030,0,0,28,8440,177,997,28,9437,California
San Luis Obispo,2021-01-10,12,10448,8,7414,4,3034,0,0,8,8444,4,1001,8,9445,California
San Luis Obispo,2021-01-11,562,11010,511,7925,51,3085,0,0,298,8479,263,1264,298,9743,California
San Luis Obispo,2021-01-12,614,11624,384,8309,230,3315,0,0,321,8519,293,1557,333,10076,California
San Luis Obispo,2021-01-13,889,12513,260,8569,629,3944,0,0,652,8935,236,1793,652,10728,California
San Luis Obispo,2021-01-14,725,13238,237,8806,488,4432,0,0,605,9427,113,1906,605,11333,California
San Luis Obispo,2021-01-15,729,13967,289,9095,440,4872,0,0,553,9806,174,2080,553,11886,California
San Luis Obispo,2021-01-16,109,14076,88,9183,21,4893,0,0,97,9891,12,2092,97,11983,California
San Luis Obispo,2021-01-17,63,14139,56,9239,7,4900,0,0,63,9954,0,2092,63,12046,California
San Luis Obispo,2021-01-18,1373,15512,391,9630,982,5882,0,0,1109,10799,264,2356,1109,13155,California
San Luis Obispo,2021-01-19,1583,17095,418,10048,1165,7047,0,0,1171,11559,412,2768,1172,14327,California
San Luis Obispo,2021-01-20,1898,18993,602,10650,1296,8343,0,0,1305,12274,591,3359,1306,15633,California
San Luis Obispo,2021-01-21,1580,20573,470,11120,1110,9453,0,0,1208,13115,368,3727,1209,16842,California
San Luis Obispo,2021-01-22,1524,22097,509,11629,1015,10468,0,0,1208,14009,314,4041,1208,18050,California
San Luis Obispo,2021-01-23,309,22406,290,11919,19,10487,0,0,293,14286,16,4057,293,18343,California
San Luis Obispo,2021-01-24,439,22845,232,12151,207,10694,0,0,433,14712,7,4064,433,18776,California
San Luis Obispo,2021-01-25,2076,24921,604,12755,1472,12166,0,0,1243,15122,833,4897,1243,20019,California
San Luis Obispo,2021-01-26,2009,26930,710,13465,1299,13465,0,0,1139,15391,870,5767,1139,21158,California
San Luis Obispo,2021-01-27,1609,28539,281,13746,1328,14793,0,0,1149,16080,460,6227,1149,22307,California
San Luis Obispo,2021-01-28,1495,30034,342,14088,1153,15946,0,0,1231,17048,263,6490,1231,23538,California
San Luis Obispo,2021-01-29,1751,31785,693,14781,1058,17004,0,0,1457,18211,294,6784,1457,24995,California
San Luis Obispo,2021-01-30,41,31826,19,14800,22,17026,0,0,29,18229,11,6795,29,25024,California
San Luis Obispo,2021-01-31,235,32061,19,14819,216,17242,0,0,233,18460,2,6797,233,25257,California
San Luis Obispo,2021-02-01,1710,33771,740,15559,970,18212,0,0,1405,19560,305,7102,1405,26662,California
San Luis Obispo,2021-02-02,1908,35679,682,16241,1226,19438,0,0,1528,20709,380,7482,1529,28191,California
San Luis Obispo,2021-02-03,1711,37390,728,16969,983,20421,0,0,1292,21582,419,7901,1292,29483,California
San Luis Obispo,2021-02-04,1661,39051,801,17770,860,21281,0,0,1094,22109,567,8468,1094,30577,California
San Luis Obispo,2021-02-05,1612,40663,718,18488,894,22175,0,0,1066,22629,546,9014,1066,31643,California
San Luis Obispo,2021-02-06,180,40843,109,18597,71,22246,0,0,99,22648,80,9094,99,31742,California
San Luis Obispo,2021-02-07,124,40967,79,18676,45,22291,0,0,72,22669,52,9146,73,31815,California
San Luis Obispo,2021-02-08,866,41833,473,19149,393,22684,0,0,501,22806,364,9510,501,32316,California
San Luis Obispo,2021-02-09,1129,42962,449,19598,680,23364,0,0,547,22784,569,10079,547,32863,California
San Luis Obispo,2021-02-10,1443,44405,493,20091,950,24314,0,0,528,22402,910,10989,528,33391,California
San Luis Obispo,2021-02-11,1334,45739,844,20935,490,24804,0,0,660,22390,672,11661,660,34051,California
San Luis Obispo,2021-02-12,784,46523,361,21296,423,25227,0,0,417,22440,367,12028,417,34468,California
San Luis Obispo,2021-02-13,396,46919,131,21427,265,25492,0,0,287,22619,108,12136,287,34755,California
San Luis Obispo,2021-02-14,323,47242,45,21472,278,25770,0,0,282,22861,41,12177,283,35038,California
San Luis Obispo,2021-02-15,730,47972,139,21611,591,26361,0,0,473,23079,255,12432,473,35511,California
San Luis Obispo,2021-02-16,2990,50962,1198,22809,1792,28153,0,0,1364,22818,1625,14057,1364,36875,California
San Luis Obispo,2021-02-17,2797,53759,1250,24059,1547,29700,0,0,1026,22082,1762,15819,1026,37901,California
San Luis Obispo,2021-02-18,2846,56605,1470,25529,1376,31076,0,0,1137,21520,1700,17519,1138,39039,California
San Luis Obispo,2021-02-19,1474,58079,1351,26880,123,31199,0,0,1141,22330,331,17850,1141,40180,California
San Luis Obispo,2021-02-20,260,58339,89,26969,171,31370,0,0,220,22510,40,17890,220,40400,California
San Luis Obispo,2021-02-21,58,58397,54,27023,4,31374,0,0,32,22516,26,17916,32,40432,California
San Luis Obispo,2021-02-22,2433,60830,1881,28904,552,31926,0,0,1472,23030,959,18875,1473,41905,California
San Luis Obispo,2021-02-23,1868,62698,1752,30656,116,32042,0,0,1365,23895,501,19376,1366,43271,California
San Luis Obispo,2021-02-24,2680,65378,1320,31976,1360,33402,0,0,839,22896,1838,21214,839,44110,California
San Luis Obispo,2021-02-25,2140,67518,1247,33223,893,34295,0,0,1208,23181,924,22138,1209,45319,California
San Luis Obispo,2021-02-26,2656,70174,1152,34375,1504,35799,0,0,1331,23197,1315,23453,1331,46650,California
San Luis Obispo,2021-02-27,589,70763,358,34733,231,36030,0,0,531,23671,57,23510,531,47181,California
San Luis Obispo,2021-02-28,592,71355,67,34800,525,36555,0,0,162,23405,428,23938,162,47343,California
San Luis Obispo,2021-03-01,3012,74367,1880,36680,1130,37685,2,2,2076,24548,936,24874,2079,49422,California
San Luis Obispo,2021-03-02,3069,77436,1920,38600,1149,38834,0,2,1907,25299,1157,26031,1908,51330,California
San Luis Obispo,2021-03-03,2356,79792,348,38948,2008,40842,0,2,856,24662,1494,27525,857,52187,California
San Luis Obispo,2021-03-04,2224,82016,1162,40110,1062,41904,0,2,1193,24830,1028,28553,1196,53383,California
San Luis Obispo,2021-03-05,2308,84324,1022,41132,1215,43119,71,73,1299,25205,995,29548,1370,54753,California
San Luis Obispo,2021-03-06,837,85161,312,41444,418,43537,107,180,615,25699,222,29770,716,55469,California
San Luis Obispo,2021-03-07,229,85390,34,41478,92,43629,103,283,85,25740,143,29913,184,55653,California
San Luis Obispo,2021-03-08,2741,88131,757,42235,1665,45294,319,602,1543,26407,1193,31106,1860,57513,California
San Luis Obispo,2021-03-09,2970,91101,976,43211,1746,47040,248,850,1536,26762,1430,32536,1785,59298,California
San Luis Obispo,2021-03-10,3205,94306,1242,44453,1680,48720,283,1133,1823,27488,1378,33914,2104,61402,California
San Luis Obispo,2021-03-11,3361,97667,1323,45776,1715,50435,323,1456,1811,28087,1536,35450,2135,63537,California
San Luis Obispo,2021-03-12,3220,100887,1240,47016,1642,52077,338,1794,1626,28464,1587,37037,1964,65501,California
San Luis Obispo,2021-03-13,912,101799,263,47279,539,52616,110,1904,542,28744,369,37406,649,66150,California
San Luis Obispo,2021-03-14,513,102312,55,47334,347,52963,111,2015,134,28611,378,37784,245,66395,California
San Luis Obispo,2021-03-15,3073,105385,1105,48439,1868,54831,100,2115,1533,28710,1537,39321,1636,68031,California
San Luis Obispo,2021-03-16,2860,108245,1511,49950,1239,56070,110,2225,1445,28855,1408,40729,1553,69584,California
San Luis Obispo,2021-03-17,3461,111706,1449,51399,1750,57820,262,2487,2007,29682,1441,42170,2268,71852,California
San Luis Obispo,2021-03-18,2846,114552,1451,52850,1181,59001,214,2701,1361,29778,1477,43647,1573,73425,California
San Luis Obispo,2021-03-19,2605,117157,1573,54423,709,59710,323,3024,967,29442,1628,45275,1292,74717,California
San Luis Obispo,2021-03-20,843,118000,504,54927,302,60012,37,3061,388,29413,454,45729,425,75142,California
San Luis Obispo,2021-03-21,189,118189,45,54972,140,60152,4,3065,160,29548,28,45757,163,75305,California
San Luis Obispo,2021-03-22,2771,120960,1181,56153,1542,61694,48,3113,1928,30686,838,46595,1976,77281,California
San Luis Obispo,2021-03-23,3370,124330,2241,58394,1099,62793,30,3143,2235,31821,1130,47725,2265,79546,California
San Luis Obispo,2021-03-24,3590,127920,2198,60592,1307,64100,85,3228,2677,33675,907,48632,2761,82307,California
San Luis Obispo,2021-03-25,3735,131655,2343,62935,1380,65480,12,3240,2677,35312,1051,49683,2688,84995,California
San Luis Obispo,2021-03-26,3339,134994,1820,64755,1047,66527,472,3712,1861,36174,1471,51154,2333,87328,California
San Luis Obispo,2021-03-27,1010,136004,511,65266,408,66935,91,3803,454,36166,553,51707,545,87873,California
San Luis Obispo,2021-03-28,620,136624,156,65422,408,67343,56,3859,417,36438,202,51909,474,88347,California
San Luis Obispo,2021-03-29,2638,139262,1325,66747,1180,68523,133,3992,1687,37324,935,52844,1821,90168,California
San Luis Obispo,2021-03-30,3539,142801,1941,68688,1457,69980,141,4133,2343,38618,1189,54033,2483,92651,California
San Luis Obispo,2021-03-31,3901,146702,2485,71173,1267,71247,149,4282,2508,39891,1382,55415,2655,95306,California
San Luis Obispo,2021-04-01,3916,150618,2485,73658,1313,72560,118,4400,2724,41556,1175,56590,2840,98146,California
San Luis Obispo,2021-04-02,1758,152376,690,74348,753,73313,315,4715,955,42024,800,57390,1268,99414,California
San Luis Obispo,2021-04-03,1114,153490,557,74905,430,73743,127,4842,492,42027,616,58006,619,100033,California
San Luis Obispo,2021-04-04,379,153869,133,75038,206,73949,40,4882,231,42150,148,58154,271,100304,California
San Luis Obispo,2021-04-05,3650,157519,1944,76982,1592,75541,114,4996,2040,42697,1606,59760,2153,102457,California
San Luis Obispo,2021-04-06,4181,161700,2211,79193,1646,77187,324,5320,1984,42816,2188,61948,2307,104764,California
San Luis Obispo,2021-04-07,4318,166018,2349,81542,1603,78790,366,5686,2475,43826,1827,63775,2837,107601,California
San Luis Obispo,2021-04-08,4003,170021,2193,83735,1401,80191,409,6095,2132,44506,1861,65636,2541,110142,California
San Luis Obispo,2021-04-09,3689,173710,1756,85491,1172,81363,761,6856,1506,44596,2171,67807,2261,112403,California
San Luis Obispo,2021-04-10,1703,175413,572,86063,461,81824,670,7526,501,44564,1199,69006,1167,113570,California
San Luis Obispo,2021-04-11,316,175729,64,86127,185,82009,67,7593,126,44569,188,69194,193,113763,California
San Luis Obispo,2021-04-12,3430,179159,1721,87848,1546,83555,163,7756,1417,44137,2011,71205,1579,115342,California
San Luis Obispo,2021-04-13,3792,182951,2182,90030,1609,85164,1,7757,2007,44365,1781,72986,2009,117351,California
San Luis Obispo,2021-04-14,3606,186557,2064,92094,1537,86701,5,7762,1759,44299,1829,74815,1763,119114,California
San Luis Obispo,2021-04-15,3792,190349,2468,94562,1323,88024,1,7763,2016,44563,1754,76569,2018,121132,California
San Luis Obispo,2021-04-16,3685,194034,2243,96805,1438,89462,4,7767,1773,44436,1902,78471,1775,122907,California
San Luis Obispo,2021-04-17,1101,195135,437,97242,662,90124,2,7769,712,44762,388,78859,714,123621,California
San Luis Obispo,2021-04-18,327,195462,103,97345,223,90347,1,7770,115,44669,208,79067,115,123736,California
San Luis Obispo,2021-04-19,3218,198680,1357,98702,1823,92170,38,7808,1101,43698,2111,81178,1140,124876,California
San Luis Obispo,2021-04-20,3664,202344,2039,100741,1625,93795,0,7808,1324,42693,2329,83507,1324,126200,California
San Luis Obispo,2021-04-21,4032,206376,1850,102591,2182,95977,0,7808,1624,41933,2387,85894,1627,127827,California
San Luis Obispo,2021-04-22,4634,211010,2080,104671,2554,98531,0,7808,1406,40133,3208,89102,1408,129235,California
San Luis Obispo,2021-04-23,1444,212454,838,105509,602,99133,4,7812,724,40146,716,89818,729,129964,California
San Luis Obispo,2021-04-24,1082,213536,439,105948,624,99757,19,7831,508,40092,581,90399,527,130491,California
San Luis Obispo,2021-04-25,518,214054,163,106111,355,100112,0,7831,115,39809,398,90797,115,130606,California
San Luis Obispo,2021-04-26,1083,215137,395,106506,670,100782,18,7849,398,39551,673,91470,415,131021,California
San Luis Obispo,2021-04-27,3927,219064,1992,108498,1856,102638,79,7928,1527,38765,2391,93861,1605,132626,California
San Luis Obispo,2021-04-28,3824,222888,2113,110611,1639,104277,72,8000,1334,37693,2478,96339,1406,134032,California
San Luis Obispo,2021-04-29,3737,226625,2128,112739,1540,105817,69,8069,1247,36538,2472,98811,1317,135349,California
San Luis Obispo,2021-04-30,3004,229629,1685,114424,1244,107061,75,8144,914,35459,2068,100879,989,136338,California
San Luis Obispo,2021-05-01,480,230109,165,114589,280,107341,35,8179,104,35225,372,101251,138,136476,California
San Luis Obispo,2021-05-02,168,230277,53,114642,95,107436,20,8199,43,35163,125,101376,63,136539,California
San Luis Obispo,2021-05-03,895,231172,285,114927,499,107935,111,8310,224,34828,668,102044,333,136872,California
San Luis Obispo,2021-05-04,2978,234150,1922,116849,984,108919,72,8382,874,33674,2097,104141,943,137815,California
San Luis Obispo,2021-05-05,2862,237012,1879,118728,916,109835,67,8449,674,32242,2173,106314,741,138556,California
San Luis Obispo,2021-05-06,2844,239856,1915,120643,865,110700,64,8513,719,30919,2105,108419,782,139338,California
San Luis Obispo,2021-05-07,2374,242230,1776,122419,530,111230,68,8581,598,29829,1757,110176,667,140005,California
San Luis Obispo,2021-05-08,608,242838,344,122763,240,111470,24,8605,204,29673,384,110560,228,140233,California
San Luis Obispo,2021-05-09,166,243004,42,122805,105,111575,19,8624,45,29617,120,110680,64,140297,California
San Luis Obispo,2021-05-10,736,243740,159,122964,525,112100,52,8676,158,29253,572,111252,208,140505,California
San Luis Obispo,2021-05-11,1218,244958,598,123562,545,112645,75,8751,382,28880,830,112082,457,140962,California
San Luis Obispo,2021-05-12,2512,247470,1612,125174,817,113462,83,8834,691,27851,1803,113885,774,141736,California
San Luis Obispo,2021-05-13,1181,248651,715,125889,404,113866,62,8896,488,27713,687,114572,549,142285,California
San Luis Obispo,2021-05-14,2276,250927,1651,127540,573,114439,52,8948,936,27377,1323,115895,987,143272,California
San Luis Obispo,2021-05-15,992,251919,456,127996,502,114941,34,8982,462,27347,527,116422,497,143769,California
San Luis Obispo,2021-05-16,309,252228,165,128161,138,115079,6,8988,176,27397,132,116554,182,143951,California
San Luis Obispo,2021-05-17,1691,253919,977,129138,654,115733,60,9048,668,27112,1014,117568,729,144680,California
San Luis Obispo,2021-05-18,1907,255826,1161,130299,713,116446,33,9081,722,26689,1179,118747,756,145436,California
San Luis Obispo,2021-05-19,1457,257283,623,130922,771,117217,63,9144,398,26098,1051,119798,460,145896,California
San Luis Obispo,2021-05-20,1146,258429,496,131418,613,117830,37,9181,336,25672,799,120597,373,146269,California
San Luis Obispo,2021-05-21,1111,259540,574,131992,492,118322,45,9226,508,25632,593,121190,553,146822,California
San Luis Obispo,2021-05-22,686,260226,327,132319,336,118658,23,9249,342,25660,337,121527,365,147187,California
San Luis Obispo,2021-05-23,147,260373,68,132387,73,118731,6,9255,51,25622,95,121622,57,147244,California
San Luis Obispo,2021-05-24,568,260941,263,132650,265,118996,40,9295,201,25499,364,121986,241,147485,California
San Luis Obispo,2021-05-25,881,261822,430,133080,423,119419,28,9323,346,25345,527,122513,373,147858,California
San Luis Obispo,2021-05-26,2144,263966,993,134073,1096,120515,55,9378,659,24580,1478,123991,713,148571,California
San Luis Obispo,2021-05-27,1883,265849,669,134742,1182,121697,32,9410,489,23713,1387,125378,520,149091,California
San Luis Obispo,2021-05-28,930,266779,474,135216,429,122126,27,9437,488,23788,440,125818,515,149606,California
San Luis Obispo,2021-05-29,378,267157,152,135368,215,122341,11,9448,207,23837,170,125988,219,149825,California
San Luis Obispo,2021-05-30,88,267245,35,135403,45,122386,8,9456,34,23825,53,126041,41,149866,California
San Luis Obispo,2021-05-31,42,267287,6,135409,23,122409,13,9469,16,23829,24,126065,28,149894,California
San Luis Obispo,2021-06-01,757,268044,325,135734,401,122810,31,9500,271,23649,482,126547,302,150196,California
San Luis Obispo,2021-06-02,640,268684,287,136021,311,123121,42,9542,183,23423,450,126997,224,150420,California
San Luis Obispo,2021-06-03,917,269601,454,136475,431,123552,32,9574,253,23047,661,127658,285,150705,California
San Luis Obispo,2021-06-04,2488,272089,1525,138000,921,124473,42,9616,707,22025,1769,129427,747,151452,California
San Luis Obispo,2021-06-05,667,272756,288,138288,359,124832,20,9636,324,22027,342,129769,344,151796,California
San Luis Obispo,2021-06-06,188,272944,133,138421,46,124878,9,9645,49,21946,139,129908,58,151854,California
San Luis Obispo,2021-06-07,547,273491,357,138778,149,125027,41,9686,154,21750,391,130299,195,152049,California
San Luis Obispo,2021-06-08,811,274302,527,139305,243,125270,41,9727,246,21476,561,130860,287,152336,California
San Luis Obispo,2021-06-09,639,274941,356,139661,252,125522,31,9758,186,21244,449,131309,217,152553,California
San Luis Obispo,2021-06-10,752,275693,361,140022,352,125874,39,9797,219,20971,531,131840,258,152811,California
San Luis Obispo,2021-06-11,939,276632,541,140563,362,126236,36,9833,340,20753,595,132435,377,153188,California
San Luis Obispo,2021-06-12,392,277024,268,140831,121,126357,3,9836,166,20697,225,132660,169,153357,California
San Luis Obispo,2021-06-13,162,277186,93,140924,66,126423,3,9839,44,20627,117,132777,47,153404,California
San Luis Obispo,2021-06-14,454,277640,297,141221,126,126549,31,9870,129,20463,322,133099,158,153562,California
San Luis Obispo,2021-06-15,643,278283,399,141620,206,126755,38,9908,238,20337,401,133500,275,153837,California
San Luis Obispo,2021-06-16,625,278908,365,141985,225,126980,35,9943,180,20113,438,133938,214,154051,California
San Luis Obispo,2021-06-17,597,279505,340,142325,231,127211,26,9969,195,19933,401,134339,221,154272,California
San Luis Obispo,2021-06-18,789,280294,506,142831,237,127448,46,10015,277,19749,508,134847,324,154596,California
San Luis Obispo,2021-06-19,265,280559,150,142981,101,127549,14,10029,100,19700,163,135010,114,154710,California
San Luis Obispo,2021-06-20,110,280669,73,143054,29,127578,8,10037,45,19689,64,135074,53,154763,California
San Luis Obispo,2021-06-21,351,281020,222,143276,102,127680,27,10064,154,19675,195,135269,181,154944,California
San Luis Obispo,2021-06-22,621,281641,363,143639,226,127906,32,10096,277,19642,342,135611,309,155253,California
San Luis Obispo,2021-06-23,496,282137,273,143912,203,128109,20,10116,238,19643,257,135868,258,155511,California
San Luis Obispo,2021-06-24,468,282605,262,144174,180,128289,26,10142,204,19613,260,136128,230,155741,California
San Luis Obispo,2021-06-25,527,283132,212,144386,293,128582,22,10164,209,19530,312,136440,229,155970,California
San Luis Obispo,2021-06-26,272,283404,147,144533,107,128689,18,10182,119,19513,153,136593,136,156106,California
San Luis Obispo,2021-06-27,145,283549,94,144627,47,128736,4,10186,76,19525,68,136661,80,156186,California
San Luis Obispo,2021-06-28,342,283891,245,144872,81,128817,16,10202,131,19463,208,136869,146,156332,California
San Luis Obispo,2021-06-29,482,284373,315,145187,151,128968,16,10218,203,19408,274,137143,219,156551,California
San Luis Obispo,2021-06-30,440,284813,244,145431,158,129126,38,10256,161,19329,277,137420,198,156749,California
San Luis Obispo,2021-07-01,464,285277,308,145739,141,129267,15,10271,207,19297,254,137674,222,156971,California
San Luis Obispo,2021-07-02,432,285709,207,145946,204,129471,21,10292,174,19238,254,137928,195,157166,California
San Luis Obispo,2021-07-03,422,286131,178,146124,238,129709,6,10298,120,19065,300,138228,127,157293,California
San Luis Obispo,2021-07-04,28,286159,16,146140,11,129720,1,10299,11,19060,17,138245,12,157305,California
San Luis Obispo,2021-07-05,168,286327,92,146232,65,129785,11,10310,80,19065,84,138329,89,157394,California
San Luis Obispo,2021-07-06,468,286795,294,146526,142,129927,32,10342,190,19011,276,138605,222,157616,California
San Luis Obispo,2021-07-07,215,287010,117,146643,63,129990,35,10377,84,18999,129,138734,117,157733,California
San Mateo,2020-12-15,27,27,27,27,0,0,0,0,27,27,0,0,27,27,California
San Mateo,2020-12-16,113,140,113,140,0,0,0,0,113,140,0,0,113,140,California
San Mateo,2020-12-17,172,312,172,312,0,0,0,0,172,312,0,0,172,312,California
San Mateo,2020-12-18,776,1088,774,1086,2,2,0,0,776,1088,0,0,776,1088,California
San Mateo,2020-12-19,517,1605,517,1603,0,2,0,0,517,1605,0,0,517,1605,California
San Mateo,2020-12-20,503,2108,502,2105,1,3,0,0,503,2108,0,0,503,2108,California
San Mateo,2020-12-21,1146,3254,1145,3250,1,4,0,0,1146,3254,0,0,1146,3254,California
San Mateo,2020-12-22,1524,4778,1516,4766,8,12,0,0,1523,4776,1,1,1523,4777,California
San Mateo,2020-12-23,1570,6348,1380,6146,190,202,0,0,1570,6346,0,1,1570,6347,California
San Mateo,2020-12-24,871,7219,613,6759,258,460,0,0,871,7217,0,1,871,7218,California
San Mateo,2020-12-25,113,7332,109,6868,4,464,0,0,113,7330,0,1,113,7331,California
San Mateo,2020-12-26,557,7889,416,7284,141,605,0,0,557,7887,0,1,557,7888,California
San Mateo,2020-12-27,302,8191,172,7456,130,735,0,0,302,8189,0,1,302,8190,California
San Mateo,2020-12-28,1059,9250,709,8165,350,1085,0,0,1059,9248,0,1,1059,9249,California
San Mateo,2020-12-29,1138,10388,715,8880,423,1508,0,0,1138,10386,0,1,1138,10387,California
San Mateo,2020-12-30,1269,11657,765,9645,504,2012,0,0,1269,11655,0,1,1269,11656,California
San Mateo,2020-12-31,707,12364,228,9873,479,2491,0,0,706,12360,1,2,706,12362,California
San Mateo,2021-01-01,111,12475,75,9948,36,2527,0,0,111,12471,0,2,111,12473,California
San Mateo,2021-01-02,397,12872,271,10219,126,2653,0,0,397,12868,0,2,397,12870,California
San Mateo,2021-01-03,284,13156,209,10428,75,2728,0,0,281,13146,3,5,281,13151,California
San Mateo,2021-01-04,1052,14208,678,11106,374,3102,0,0,1052,14198,0,5,1052,14203,California
San Mateo,2021-01-05,1215,15423,713,11819,502,3604,0,0,1182,15348,33,38,1183,15386,California
San Mateo,2021-01-06,1459,16882,959,12778,500,4104,0,0,1264,16421,192,230,1265,16651,California
San Mateo,2021-01-07,1464,18346,817,13595,647,4751,0,0,1155,17274,302,532,1155,17806,California
San Mateo,2021-01-08,1853,20199,1200,14795,653,5404,0,0,1139,17706,707,1239,1139,18945,California
San Mateo,2021-01-09,1177,21376,779,15574,398,5802,0,0,715,17959,462,1701,715,19660,California
San Mateo,2021-01-10,710,22086,580,16154,130,5932,0,0,269,17787,441,2142,269,19929,California
San Mateo,2021-01-11,2618,24704,1511,17665,1107,7039,0,0,1539,18249,1079,3221,1541,21470,California
San Mateo,2021-01-12,3462,28166,1942,19607,1520,8559,0,0,2235,19270,1218,4439,2239,23709,California
San Mateo,2021-01-13,3423,31589,1676,21283,1747,10306,0,0,2369,20587,1054,5493,2371,26080,California
San Mateo,2021-01-14,3809,35398,1612,22895,2197,12503,0,0,3109,23001,700,6193,3114,29194,California
San Mateo,2021-01-15,4356,39754,1740,24635,2616,15119,0,0,3807,26263,547,6740,3809,33003,California
San Mateo,2021-01-16,3089,42843,770,25405,2319,17438,0,0,2758,28693,329,7069,2759,35762,California
San Mateo,2021-01-17,1313,44156,305,25710,1008,18446,0,0,1108,29596,205,7274,1108,36870,California
San Mateo,2021-01-18,1370,45526,542,26252,828,19274,0,0,990,30209,377,7651,990,37860,California
San Mateo,2021-01-19,2806,48332,1796,28048,1010,20284,0,0,2002,31410,801,8452,2002,39862,California
San Mateo,2021-01-20,2990,51322,1729,29777,1261,21545,0,0,2137,32698,850,9302,2138,42000,California
San Mateo,2021-01-21,2935,54257,1357,31134,1578,23123,0,0,2334,34437,598,9900,2337,44337,California
San Mateo,2021-01-22,2836,57093,1146,32280,1690,24813,0,0,2530,36666,302,10202,2531,46868,California
San Mateo,2021-01-23,2886,59979,1678,33958,1208,26021,0,0,2525,38831,361,10563,2526,49394,California
San Mateo,2021-01-24,1516,61495,373,34331,1143,27164,0,0,1205,39727,310,10873,1206,50600,California
San Mateo,2021-01-25,4422,65917,3144,37475,1278,28442,0,0,3517,42347,901,11774,3521,54121,California
San Mateo,2021-01-26,4351,70268,3006,40481,1345,29787,0,0,3417,44833,932,12706,3418,57539,California
San Mateo,2021-01-27,2829,73097,1474,41955,1355,31142,0,0,1818,45647,1005,13711,1819,59358,California
San Mateo,2021-01-28,2828,75925,1376,43331,1452,32594,0,0,1974,46783,838,14549,1974,61332,California
San Mateo,2021-01-29,3018,78943,1354,44685,1664,34258,0,0,2168,48105,848,15397,2170,63502,California
San Mateo,2021-01-30,3421,82364,1488,46173,1933,36191,0,0,2956,50598,464,15861,2957,66459,California
San Mateo,2021-01-31,1695,84059,899,47072,796,36987,0,0,1532,51969,161,16022,1532,67991,California
San Mateo,2021-02-01,2967,87026,1369,48441,1598,38585,0,0,2233,53474,729,16751,2234,70225,California
San Mateo,2021-02-02,3260,90286,1753,50194,1507,40092,0,0,2211,54639,1046,17797,2211,72436,California
San Mateo,2021-02-03,5027,95313,2066,52260,2961,43053,0,0,3877,57370,1147,18944,3878,76314,California
San Mateo,2021-02-04,6253,101566,2509,54769,3744,46797,0,0,4966,61060,1280,20224,4970,81284,California
San Mateo,2021-02-05,6848,108414,2561,57330,4287,51084,0,0,5004,64238,1826,22050,5004,86288,California
San Mateo,2021-02-06,3289,111703,1914,59244,1375,52459,0,0,2629,66214,655,22705,2631,88919,California
San Mateo,2021-02-07,1908,113611,1349,60593,559,53018,0,0,1713,67734,193,22898,1713,90632,California
San Mateo,2021-02-08,5310,118921,2268,62861,3042,56060,0,0,3132,68752,2114,25012,3132,93764,California
San Mateo,2021-02-09,6190,125111,3205,66066,2985,59045,0,0,3323,69217,2858,27870,3323,97087,California
San Mateo,2021-02-10,6554,131665,3289,69355,3265,62310,0,0,3281,69244,3254,31124,3281,100368,California
San Mateo,2021-02-11,7102,138767,3597,72952,3505,65815,0,0,3774,69699,3321,34445,3776,104144,California
San Mateo,2021-02-12,6686,145453,2997,75949,3689,69504,0,0,4724,72467,1958,36403,4726,108870,California
San Mateo,2021-02-13,6227,151680,4118,80067,2109,71613,0,0,2645,71536,3576,39979,2645,111515,California
San Mateo,2021-02-14,4750,156430,3118,83185,1632,73245,0,0,1986,70767,2756,42735,1987,113502,California
San Mateo,2021-02-15,3186,159616,1458,84643,1728,74973,0,0,1797,71185,1380,44115,1798,115300,California
San Mateo,2021-02-16,7196,166812,1903,86546,5293,80266,0,0,5304,74601,1890,46005,5306,120606,California
San Mateo,2021-02-17,7126,173938,1986,88532,5140,85406,0,0,5055,77592,2065,48070,5056,125662,California
San Mateo,2021-02-18,6837,180775,4727,93259,2110,87516,0,0,4548,79859,2284,50354,4551,130213,California
San Mateo,2021-02-19,7910,188685,5658,98917,2252,89768,0,0,5856,83670,2045,52399,5856,136069,California
San Mateo,2021-02-20,3831,192516,2474,101391,1357,91125,0,0,2354,84556,1469,53868,2355,138424,California
San Mateo,2021-02-21,2702,195218,1827,103218,875,92000,0,0,1603,85068,1092,54960,1604,140028,California
San Mateo,2021-02-22,4636,199854,3366,106584,1270,93270,0,0,2901,86244,1726,56686,2902,142930,California
San Mateo,2021-02-23,4492,204346,3208,109792,1284,94554,0,0,2606,86976,1874,58560,2606,145536,California
San Mateo,2021-02-24,7518,211864,3388,113180,4130,98684,0,0,4957,89385,2549,61109,4958,150494,California
San Mateo,2021-02-25,9484,221348,4226,117406,5258,103942,0,0,6217,92355,3248,64357,6218,156712,California
San Mateo,2021-02-26,10159,231507,3922,121328,6237,110179,0,0,7030,96275,3112,67469,7032,163744,California
San Mateo,2021-02-27,6923,238430,3577,124905,3345,113524,1,1,3766,96902,3146,70615,3773,167517,California
San Mateo,2021-02-28,4470,242900,2757,127662,1713,115237,0,1,2686,97816,1773,72388,2687,170204,California
San Mateo,2021-03-01,6053,248953,3813,131475,2236,117473,4,5,2992,97768,3046,75434,2998,173202,California
San Mateo,2021-03-02,6294,255247,4466,135941,1827,119300,1,6,3622,98730,2662,78096,3624,176826,California
San Mateo,2021-03-03,8570,263817,4042,139983,4526,123826,2,8,3715,97608,4839,82935,3717,180543,California
San Mateo,2021-03-04,8601,272418,4025,144008,4572,128398,4,12,3884,96804,4694,87629,3890,184433,California
San Mateo,2021-03-05,9406,281824,6268,150276,3134,131532,4,16,6585,100597,2799,90428,6592,191025,California
San Mateo,2021-03-06,8012,289836,5566,155842,2267,133799,179,195,5871,104517,2128,92556,6048,197073,California
San Mateo,2021-03-07,3734,293570,2457,158299,1130,134929,147,342,2162,105260,1568,94124,2311,199384,California
San Mateo,2021-03-08,4571,298141,2576,160875,1758,136687,237,579,3330,107590,1234,95358,3564,202948,California
San Mateo,2021-03-09,5371,303512,2875,163750,2213,138900,283,862,3735,109978,1623,96981,4011,206959,California
San Mateo,2021-03-10,7287,310799,2957,166707,4042,142942,288,1150,4849,112688,2422,99403,5132,212091,California
San Mateo,2021-03-11,9199,319998,5766,172473,3040,145982,393,1543,3664,111240,5501,104904,4053,216144,California
San Mateo,2021-03-12,10650,330648,6707,179180,3557,149539,386,1929,3584,108165,7042,111946,3967,220111,California
San Mateo,2021-03-13,8265,338913,3537,182717,3092,152631,1636,3565,4001,109535,4248,116194,5618,225729,California
San Mateo,2021-03-14,5032,343945,3398,186115,1526,154157,108,3673,2660,109938,2364,118558,2767,228496,California
San Mateo,2021-03-15,7246,351191,4678,190793,2390,156547,178,3851,3768,110415,3469,122027,3946,232442,California
San Mateo,2021-03-16,12014,363205,4425,195218,7464,164011,125,3976,4822,108194,7171,129198,4950,237392,California
San Mateo,2021-03-17,10992,374197,4482,199700,6363,170374,147,4123,4959,107299,6001,135199,5106,242498,California
San Mateo,2021-03-18,7428,381625,4166,203866,3073,173447,189,4312,4400,108867,3019,138218,4587,247085,California
San Mateo,2021-03-19,7601,389226,4908,208774,2019,175466,674,4986,3638,109227,3951,142169,4311,251396,California
San Mateo,2021-03-20,8426,397652,6556,215330,1533,176999,337,5323,5362,111879,3046,145215,5698,257094,California
San Mateo,2021-03-21,4291,401943,3251,218581,807,177806,233,5556,2295,112418,1985,147200,2524,259618,California
San Mateo,2021-03-22,5387,407330,3670,222251,1293,179099,424,5980,2827,113125,2543,149743,3250,262868,California
San Mateo,2021-03-23,9950,417280,4582,226833,5170,184269,198,6178,4463,112331,5455,155198,4661,267529,California
San Mateo,2021-03-24,9600,426880,5551,232384,3902,188171,147,6325,4071,111094,5451,160649,4214,271743,California
San Mateo,2021-03-25,10195,437075,5013,237397,4913,193084,269,6594,4414,110106,5673,166322,4685,276428,California
San Mateo,2021-03-26,11353,448428,7798,245195,3387,196471,168,6762,4318,107602,6990,173312,4486,280914,California
San Mateo,2021-03-27,10588,459016,8103,253298,2376,198847,109,6871,4658,106457,5910,179222,4765,285679,California
San Mateo,2021-03-28,4310,463326,2786,256084,1411,200258,113,6984,1995,106265,2304,181526,2112,287791,California
San Mateo,2021-03-29,6112,469438,3794,259878,2064,202322,254,7238,2738,105902,3354,184880,2991,290782,California
San Mateo,2021-03-30,7224,476662,4108,263986,2962,205284,154,7392,3885,106617,3323,188203,4038,294820,California
San Mateo,2021-03-31,7379,484041,4655,268641,2579,207863,145,7537,3872,107146,3488,191691,4017,298837,California
San Mateo,2021-04-01,10719,494760,5290,273931,4207,212070,1222,8759,5744,109179,4921,196612,6954,305791,California
San Mateo,2021-04-02,10982,505742,5249,279180,4131,216201,1602,10361,5780,111366,5178,201790,7365,313156,California
San Mateo,2021-04-03,10041,515783,5788,284968,2474,218675,1779,12140,5118,113342,4912,206702,6888,320044,California
San Mateo,2021-04-04,5468,521251,2638,287606,1571,220246,1259,13399,1707,112556,3746,210448,2960,323004,California
San Mateo,2021-04-05,9086,530337,4830,292436,2508,222754,1748,15147,3887,112998,5179,215627,5621,328625,California
San Mateo,2021-04-06,13280,543617,8292,300728,3129,225883,1859,17006,7568,116726,5697,221324,9425,338050,California
San Mateo,2021-04-07,11541,555158,5355,306083,4485,230368,1701,18707,4904,116697,6616,227940,6587,344637,California
San Mateo,2021-04-08,10275,565433,5113,311196,2543,232911,2619,21326,4547,118137,5708,233648,7148,351785,California
San Mateo,2021-04-09,11465,576898,5587,316783,3378,236289,2500,23826,5144,119451,6316,239964,7630,359415,California
San Mateo,2021-04-10,11329,588227,5754,322537,4126,240415,1449,25275,4695,118977,6601,246565,6127,365542,California
San Mateo,2021-04-11,6660,594887,3308,325845,880,241295,2472,27747,2325,119433,4328,250893,4784,370326,California
San Mateo,2021-04-12,7435,602322,4531,330376,1929,243224,975,28722,3580,120149,3833,254726,4549,374875,California
San Mateo,2021-04-13,8307,610629,5167,335543,3129,246353,11,28733,4385,120640,3907,258633,4398,379273,California
San Mateo,2021-04-14,8440,619069,5444,340987,2995,249348,1,28734,4307,120841,4115,262748,4316,383589,California
San Mateo,2021-04-15,11299,630368,7494,348481,3803,253151,2,28736,7355,124286,3914,266662,7359,390948,California
San Mateo,2021-04-16,10161,640529,6973,355454,3171,256322,17,28753,6411,126995,3725,270387,6434,397382,California
San Mateo,2021-04-17,9867,650396,6568,362022,3297,259619,2,28755,6234,129617,3621,274008,6243,403625,California
San Mateo,2021-04-18,5736,656132,2870,364892,2866,262485,0,28755,3850,131602,1871,275879,3856,407481,California
San Mateo,2021-04-19,8535,664667,5547,370439,2988,265473,0,28755,5541,134177,2978,278857,5553,413034,California
San Mateo,2021-04-20,10864,675531,6219,376658,4644,270117,1,28756,6948,137247,3891,282748,6961,419995,California
San Mateo,2021-04-21,9914,685445,6887,383545,3025,273142,2,28758,6141,139647,3749,286497,6149,426144,California
San Mateo,2021-04-22,10195,695640,6927,390472,3267,276409,1,28759,5693,140878,4468,290965,5699,431843,California
San Mateo,2021-04-23,10008,705648,6714,397186,3294,279703,0,28759,5615,142149,4362,295327,5633,437476,California
San Mateo,2021-04-24,11306,716954,8062,405248,3244,282947,0,28759,5823,142523,5459,300786,5833,443309,California
San Mateo,2021-04-25,5573,722527,3889,409137,1682,284629,2,28761,3954,144888,1603,302389,3968,447277,California
San Mateo,2021-04-26,6922,729449,5025,414162,1889,286518,8,28769,4004,146007,2904,305293,4023,451300,California
San Mateo,2021-04-27,11615,741064,8202,422364,3258,289776,155,28924,4759,144111,6821,312114,4925,456225,California
San Mateo,2021-04-28,8216,749280,4783,427147,3227,293003,206,29130,4384,144894,3814,315928,4597,460822,California
San Mateo,2021-04-29,8453,757733,4074,431221,4207,297210,172,29302,3835,144330,4587,320515,4023,464845,California
San Mateo,2021-04-30,8479,766212,5371,436592,2949,300159,159,29461,3632,143322,4818,325333,3810,468655,California
San Mateo,2021-05-01,6236,772448,4165,440757,1953,302112,118,29579,2696,142630,3519,328852,2827,471482,California
San Mateo,2021-05-02,3198,775646,1754,442511,1373,303485,71,29650,1155,141829,2032,330884,1231,472713,California
San Mateo,2021-05-03,6091,781737,4538,447049,1407,304892,146,29796,1847,139590,4233,335117,1994,474707,California
San Mateo,2021-05-04,7680,789417,5310,452359,2198,307090,172,29968,2547,137210,5118,340235,2738,477445,California
San Mateo,2021-05-05,7182,796599,4769,457128,2252,309342,161,30129,2447,135115,4704,344939,2609,480054,California
San Mateo,2021-05-06,8940,805539,7045,464173,1719,311061,176,30305,1794,129966,7124,352063,1975,482029,California
San Mateo,2021-05-07,8422,813961,6070,470243,2068,313129,284,30589,1866,125600,6530,358593,2164,484193,California
San Mateo,2021-05-08,7020,820981,4383,474626,2396,315525,241,30830,1925,122689,5081,363674,2170,486363,California
San Mateo,2021-05-09,3154,824135,2459,477085,621,316146,74,30904,943,121507,2200,365874,1018,487381,California
San Mateo,2021-05-10,4810,828945,3501,480586,1139,317285,170,31074,738,118362,4062,369936,917,488298,California
San Mateo,2021-05-11,7267,836212,5553,486139,1586,318871,128,31202,1717,114681,5529,375465,1848,490146,California
San Mateo,2021-05-12,7070,843282,5144,491283,1710,320581,216,31418,1426,110695,5630,381095,1644,491790,California
San Mateo,2021-05-13,9756,853038,7344,498627,2315,322896,97,31515,3413,107910,6309,387404,3524,495314,California
San Mateo,2021-05-14,8578,861616,6357,504984,2105,325001,116,31631,2583,104640,5975,393379,2705,498019,California
San Mateo,2021-05-15,10649,872265,8345,513329,2202,327203,102,31733,4714,103559,5918,399297,4837,502856,California
San Mateo,2021-05-16,7297,879562,5214,518543,2012,329215,71,31804,2281,100916,4995,404292,2352,505208,California
San Mateo,2021-05-17,7205,886767,5124,523667,1972,331187,109,31913,2125,98091,5063,409355,2238,507446,California
San Mateo,2021-05-18,8561,895328,5926,529593,2537,333724,98,32011,3063,95882,5376,414731,3167,510613,California
San Mateo,2021-05-19,7932,903260,5920,535513,1891,335615,121,32132,3555,95232,4329,419060,3679,514292,California
San Mateo,2021-05-20,5782,909042,3606,539119,2042,337657,134,32266,2181,93975,3575,422635,2318,516610,California
San Mateo,2021-05-21,7023,916065,4775,543894,2103,339760,145,32411,1866,90851,5135,427770,2011,518621,California
San Mateo,2021-05-22,6367,922432,4334,548228,1966,341726,67,32478,2641,89854,3707,431477,2710,521331,California
San Mateo,2021-05-23,3105,925537,1767,549995,1249,342975,89,32567,1185,89221,1907,433384,1274,522605,California
San Mateo,2021-05-24,3677,929214,2452,552447,1076,344051,149,32716,1224,88162,2430,435814,1371,523976,California
San Mateo,2021-05-25,4788,934002,3015,555462,1593,345644,180,32896,1575,86729,3191,439005,1758,525734,California
San Mateo,2021-05-26,5726,939728,3079,558541,2528,348172,119,33015,1784,84713,3919,442924,1903,527637,California
San Mateo,2021-05-27,3783,943511,2207,560748,1476,349648,100,33115,1198,83451,2556,445480,1294,528931,California
San Mateo,2021-05-28,3509,947020,2195,562943,1229,350877,85,33200,1299,82664,2170,447650,1383,530314,California
San Mateo,2021-05-29,3233,950253,2281,565224,900,351777,52,33252,1232,81976,1971,449621,1283,531597,California
San Mateo,2021-05-30,1644,951897,1112,566336,471,352248,61,33313,646,81696,987,450608,707,532304,California
San Mateo,2021-05-31,439,952336,276,566612,155,352403,8,33321,161,81590,275,450883,169,532473,California
San Mateo,2021-06-01,3341,955677,1974,568586,1272,353675,95,33416,958,80272,2370,453253,1052,533525,California
San Mateo,2021-06-02,2771,958448,1838,570424,855,354530,78,33494,1056,79705,1699,454952,1132,534657,California
San Mateo,2021-06-03,3818,962266,2996,573420,707,355237,115,33609,823,77659,2980,457932,934,535591,California
San Mateo,2021-06-04,4129,966395,3181,576601,854,356091,94,33703,1114,75860,2994,460926,1195,536786,California
San Mateo,2021-06-05,5154,971549,4502,581103,552,356643,100,33803,951,72739,4172,465098,1051,537837,California
San Mateo,2021-06-06,2525,974074,2082,583185,382,357025,61,33864,479,71252,2023,467121,536,538373,California
San Mateo,2021-06-07,3114,977188,2612,585797,419,357444,83,33947,696,69619,2410,469531,777,539150,California
San Mateo,2021-06-08,4088,981276,3454,589251,528,357972,106,34053,969,67611,3084,472615,1076,540226,California
San Mateo,2021-06-09,4138,985414,3564,592815,504,358476,70,34123,621,64795,3504,476119,688,540914,California
San Mateo,2021-06-10,2970,988384,2404,595219,451,358927,115,34238,751,63458,2203,478322,866,541780,California
San Mateo,2021-06-11,2859,991243,2296,597515,450,359377,113,34351,918,62558,1930,480252,1030,542810,California
San Mateo,2021-06-12,3147,994390,2805,600320,261,359638,81,34432,767,61040,2366,482618,848,543658,California
San Mateo,2021-06-13,1435,995825,1080,601400,292,359930,63,34495,346,60378,1071,483689,409,544067,California
San Mateo,2021-06-14,2437,998262,2105,603505,249,360179,83,34578,692,59441,1712,485401,775,544842,California
San Mateo,2021-06-15,2263,1000525,1795,605300,347,360526,121,34699,677,58670,1568,486969,797,545639,California
San Mateo,2021-06-16,2446,1002971,2027,607327,262,360788,157,34856,702,57824,1700,488669,854,546493,California
San Mateo,2021-06-17,1951,1004922,1614,608941,249,361037,88,34944,688,57389,1211,489880,776,547269,California
San Mateo,2021-06-18,2117,1007039,1774,610715,265,361302,78,35022,612,56591,1485,491365,687,547956,California
San Mateo,2021-06-19,1784,1008823,1560,612275,163,361465,61,35083,588,56114,1124,492489,647,548603,California
San Mateo,2021-06-20,763,1009586,694,612969,58,361523,11,35094,286,55967,444,492933,297,548900,California
San Mateo,2021-06-21,1246,1010832,931,613900,240,361763,75,35169,604,56012,636,493569,681,549581,California
San Mateo,2021-06-22,1590,1012422,1286,615186,208,361971,96,35265,594,55722,979,494548,689,550270,California
San Mateo,2021-06-23,1848,1014270,1568,616754,177,362148,103,35368,619,55248,1196,495744,722,550992,California
San Mateo,2021-06-24,1464,1015734,1090,617844,273,362421,101,35469,536,54974,908,496652,634,551626,California
San Mateo,2021-06-25,1781,1017515,1480,619324,223,362644,78,35547,661,54605,1108,497760,739,552365,California
San Mateo,2021-06-26,1242,1018757,1046,620370,138,362782,58,35605,496,54428,730,498490,553,552918,California
San Mateo,2021-06-27,655,1019412,532,620902,77,362859,46,35651,290,54400,364,498854,336,553254,California
San Mateo,2021-06-28,1253,1020665,1071,621973,106,362965,76,35727,497,54229,743,499597,572,553826,California
San Mateo,2021-06-29,1427,1022092,1150,623123,196,363161,81,35808,487,53862,931,500528,564,554390,California
San Mateo,2021-06-30,1264,1023356,1036,624159,128,363289,100,35908,564,53837,688,501216,663,555053,California
San Mateo,2021-07-01,1210,1024566,1028,625187,123,363412,59,35967,488,53684,700,501916,547,555600,California
San Mateo,2021-07-02,1457,1026023,1212,626399,170,363582,75,36042,553,53419,893,502809,628,556228,California
San Mateo,2021-07-03,1058,1027081,904,627303,112,363694,42,36084,418,53251,626,503435,458,556686,California
San Mateo,2021-07-04,50,1027131,44,627347,0,363694,6,36090,24,53256,25,503460,30,556716,California
San Mateo,2021-07-05,812,1027943,681,628028,104,363798,27,36117,351,53176,455,503915,375,557091,California
San Mateo,2021-07-06,1299,1029242,1068,629096,147,363945,84,36201,512,52993,776,504691,593,557684,California
San Mateo,2021-07-07,796,1030038,631,629727,93,364038,72,36273,273,52823,515,505206,345,558029,California
Santa Barbara,2020-12-15,2,2,2,2,0,0,0,0,2,2,0,0,2,2,California
Santa Barbara,2020-12-16,2,4,2,4,0,0,0,0,2,4,0,0,2,4,California
Santa Barbara,2020-12-17,56,60,56,60,0,0,0,0,56,60,0,0,56,60,California
Santa Barbara,2020-12-18,383,443,382,442,1,1,0,0,383,443,0,0,383,443,California
Santa Barbara,2020-12-19,326,769,326,768,0,1,0,0,326,769,0,0,326,769,California
Santa Barbara,2020-12-20,235,1004,235,1003,0,1,0,0,235,1004,0,0,235,1004,California
Santa Barbara,2020-12-21,658,1662,656,1659,2,3,0,0,658,1662,0,0,658,1662,California
Santa Barbara,2020-12-22,246,1908,244,1903,2,5,0,0,246,1908,0,0,246,1908,California
Santa Barbara,2020-12-23,326,2234,208,2111,118,123,0,0,326,2234,0,0,326,2234,California
Santa Barbara,2020-12-24,88,2322,40,2151,48,171,0,0,88,2322,0,0,88,2322,California
Santa Barbara,2020-12-26,325,2647,66,2217,259,430,0,0,325,2647,0,0,325,2647,California
Santa Barbara,2020-12-27,62,2709,1,2218,61,491,0,0,62,2709,0,0,62,2709,California
Santa Barbara,2020-12-28,359,3068,226,2444,133,624,0,0,359,3068,0,0,359,3068,California
Santa Barbara,2020-12-29,562,3630,359,2803,203,827,0,0,562,3630,0,0,562,3630,California
Santa Barbara,2020-12-30,579,4209,396,3199,183,1010,0,0,579,4209,0,0,579,4209,California
Santa Barbara,2020-12-31,242,4451,114,3313,128,1138,0,0,242,4451,0,0,242,4451,California
Santa Barbara,2021-01-01,118,4569,112,3425,6,1144,0,0,118,4569,0,0,118,4569,California
Santa Barbara,2021-01-02,598,5167,232,3657,366,1510,0,0,598,5167,0,0,598,5167,California
Santa Barbara,2021-01-03,23,5190,15,3672,8,1518,0,0,23,5190,0,0,23,5190,California
Santa Barbara,2021-01-04,305,5495,242,3914,63,1581,0,0,304,5494,0,0,304,5494,California
Santa Barbara,2021-01-05,757,6252,382,4296,375,1956,0,0,729,6195,28,28,729,6223,California
Santa Barbara,2021-01-06,658,6910,276,4572,382,2338,0,0,597,6732,60,88,597,6820,California
Santa Barbara,2021-01-07,1032,7942,709,5281,323,2661,0,0,528,6760,500,588,528,7348,California
Santa Barbara,2021-01-08,1209,9151,851,6132,358,3019,0,0,713,6977,496,1084,713,8061,California
Santa Barbara,2021-01-09,562,9713,293,6425,269,3288,0,0,316,7047,246,1330,316,8377,California
Santa Barbara,2021-01-10,64,9777,51,6476,13,3301,0,0,47,7077,17,1347,47,8424,California
Santa Barbara,2021-01-11,850,10627,680,7156,170,3471,0,0,620,7468,229,1576,620,9044,California
Santa Barbara,2021-01-12,1443,12070,646,7802,797,4268,0,0,1283,8591,160,1736,1283,10327,California
Santa Barbara,2021-01-13,1223,13293,270,8072,953,5221,0,0,1096,9560,127,1863,1096,11423,California
Santa Barbara,2021-01-14,1261,14554,140,8212,1121,6342,0,0,1205,10711,55,1918,1206,12629,California
Santa Barbara,2021-01-15,1806,16360,419,8631,1387,7729,0,0,1723,12353,81,1999,1723,14352,California
Santa Barbara,2021-01-16,1277,17637,203,8834,1074,8803,0,0,1237,13551,39,2038,1237,15589,California
Santa Barbara,2021-01-17,126,17763,23,8857,103,8906,0,0,123,13671,3,2041,123,15712,California
Santa Barbara,2021-01-18,1151,18914,419,9276,732,9638,0,0,965,14450,186,2227,965,16677,California
Santa Barbara,2021-01-19,1651,20565,569,9845,1082,10720,0,0,1370,15542,278,2505,1370,18047,California
Santa Barbara,2021-01-20,2225,22790,656,10501,1569,12289,0,0,1803,16924,421,2926,1803,19850,California
Santa Barbara,2021-01-21,3200,25990,1919,12420,1281,13570,0,0,3038,19802,162,3088,3040,22890,California
Santa Barbara,2021-01-22,2947,28937,1793,14213,1154,14724,0,0,2775,22409,169,3257,2776,25666,California
Santa Barbara,2021-01-23,1740,30677,1107,15320,633,15357,0,0,1225,23120,514,3771,1225,26891,California
Santa Barbara,2021-01-24,846,31523,749,16069,97,15454,0,0,835,23945,10,3781,835,27726,California
Santa Barbara,2021-01-25,1241,32764,494,16563,747,16201,0,0,1005,24714,236,4017,1005,28731,California
Santa Barbara,2021-01-26,2050,34814,466,17029,1584,17785,0,0,1665,25996,383,4400,1665,30396,California
Santa Barbara,2021-01-27,1171,35985,398,17427,773,18558,0,0,908,26644,262,4662,910,31306,California
Santa Barbara,2021-01-28,902,36887,296,17723,606,19164,0,0,686,27118,212,4874,686,31992,California
Santa Barbara,2021-01-29,1348,38235,528,18251,820,19984,0,0,983,27742,361,5235,985,32977,California
Santa Barbara,2021-01-30,1906,40141,1418,19669,488,20472,0,0,1488,28815,415,5650,1488,34465,California
Santa Barbara,2021-01-31,1454,41595,1212,20881,242,20714,0,0,1415,30191,39,5689,1415,35880,California
Santa Barbara,2021-02-01,949,42544,518,21399,431,21145,0,0,550,30342,399,6088,550,36430,California
Santa Barbara,2021-02-02,1813,44357,682,22081,1131,22276,0,0,1046,30623,765,6853,1046,37476,California
Santa Barbara,2021-02-03,1961,46318,1079,23160,882,23158,0,0,1510,31693,440,7293,1510,38986,California
Santa Barbara,2021-02-04,2803,49121,1875,25035,928,24086,0,0,2503,33902,294,7587,2503,41489,California
Santa Barbara,2021-02-05,2927,52048,2077,27112,850,24936,0,0,2278,35534,646,8233,2278,43767,California
Santa Barbara,2021-02-06,1208,53256,341,27453,867,25803,0,0,798,35922,410,8643,798,44565,California
Santa Barbara,2021-02-07,311,53567,268,27721,43,25846,0,0,272,36157,37,8680,272,44837,California
Santa Barbara,2021-02-08,956,54523,309,28030,647,26493,0,0,666,36533,290,8970,666,45503,California
Santa Barbara,2021-02-09,2453,56976,316,28346,2137,28630,0,0,1123,36337,1319,10289,1123,46626,California
Santa Barbara,2021-02-10,2776,59752,1500,29846,1276,29906,0,0,744,35064,2018,12307,745,47371,California
Santa Barbara,2021-02-11,4213,63965,2821,32667,1392,31298,0,0,631,32127,3568,15875,631,48002,California
Santa Barbara,2021-02-12,3321,67286,949,33616,2372,33670,0,0,771,30354,2544,18419,771,48773,California
Santa Barbara,2021-02-13,1245,68531,345,33961,900,34570,0,0,565,30241,678,19097,565,49338,California
Santa Barbara,2021-02-14,337,68868,37,33998,300,34870,0,0,290,30485,47,19144,291,49629,California
Santa Barbara,2021-02-15,984,69852,349,34347,635,35505,0,0,498,30501,483,19627,499,50128,California
Santa Barbara,2021-02-16,2133,71985,407,34754,1726,37231,0,0,723,29819,1405,21032,723,50851,California
Santa Barbara,2021-02-17,1453,73438,328,35082,1125,38356,0,0,521,29416,927,21959,524,51375,California
Santa Barbara,2021-02-18,3279,76717,2670,37752,609,38965,0,0,1524,29226,1715,23674,1525,52900,California
Santa Barbara,2021-02-19,3618,80335,2655,40407,963,39928,0,0,2338,30288,1277,24951,2339,55239,California
Santa Barbara,2021-02-20,2328,82663,1523,41930,805,40733,0,0,1753,31477,565,25516,1754,56993,California
Santa Barbara,2021-02-21,145,82808,116,42046,29,40762,0,0,64,31462,79,25595,64,57057,California
Santa Barbara,2021-02-22,981,83789,268,42314,713,41475,0,0,284,31052,694,26289,284,57341,California
Santa Barbara,2021-02-23,3279,87068,1111,43425,2168,43643,0,0,438,28653,2838,29127,439,57780,California
Santa Barbara,2021-02-24,3345,90413,1154,44579,2191,45834,0,0,754,26827,2580,31707,754,58534,California
Santa Barbara,2021-02-25,3571,93984,2004,46583,1567,47401,0,0,1024,25316,2539,34246,1028,59562,California
Santa Barbara,2021-02-26,3693,97677,2184,48767,1509,48910,0,0,1988,25612,1693,35939,1989,61551,California
Santa Barbara,2021-02-27,1549,99226,569,49336,980,49890,0,0,864,25799,681,36620,868,62419,California
Santa Barbara,2021-02-28,1096,100322,223,49559,873,50763,0,0,896,26503,194,36814,898,63317,California
Santa Barbara,2021-03-01,1673,101995,491,50050,1180,51943,2,2,1111,27072,545,37359,1114,64431,California
Santa Barbara,2021-03-02,2677,104672,429,50479,2248,54191,0,2,2167,28744,497,37856,2169,66600,California
Santa Barbara,2021-03-03,4651,109323,2108,52587,2541,56732,2,4,4046,32203,594,38450,4053,70653,California
Santa Barbara,2021-03-04,3444,112767,2289,54876,1155,57887,0,4,2875,34520,560,39010,2877,73530,California
Santa Barbara,2021-03-05,3832,116599,2171,57047,1602,59489,59,63,3101,36956,725,39735,3161,76691,California
Santa Barbara,2021-03-06,2449,119048,735,57782,1494,60983,220,283,1681,38090,763,40498,1897,78588,California
Santa Barbara,2021-03-07,703,119751,124,57906,337,61320,242,525,403,38438,299,40797,647,79235,California
Santa Barbara,2021-03-08,1614,121365,384,58290,869,62189,361,886,804,38799,803,41600,1164,80399,California
Santa Barbara,2021-03-09,2804,124169,346,58636,1685,63874,773,1659,744,38255,2056,43656,1512,81911,California
Santa Barbara,2021-03-10,2774,126943,555,59191,1168,65042,1051,2710,1049,38631,1720,45376,2096,84007,California
Santa Barbara,2021-03-11,5592,132535,3034,62225,1443,66485,1115,3825,2280,38727,3292,48668,3388,87395,California
Santa Barbara,2021-03-12,3711,136246,2113,64338,1163,67648,435,4260,2181,39818,1522,50190,2613,90008,California
Santa Barbara,2021-03-13,3511,139757,1947,66285,1358,69006,206,4466,2700,41918,806,50996,2906,92914,California
Santa Barbara,2021-03-14,821,140578,401,66686,363,69369,57,4523,495,42146,325,51321,553,93467,California
Santa Barbara,2021-03-15,2125,142703,702,67388,1132,70501,291,4814,1273,42864,844,52165,1562,95029,California
Santa Barbara,2021-03-16,3736,146439,1184,68572,2209,72710,343,5157,2735,44948,995,53160,3079,98108,California
Santa Barbara,2021-03-17,3334,149773,984,69556,1945,74655,405,5562,2337,46691,994,54154,2737,100845,California
Santa Barbara,2021-03-18,5275,155048,2804,72360,2268,76923,203,5765,4036,49708,1222,55376,4239,105084,California
Santa Barbara,2021-03-19,4482,159530,2773,75133,1374,78297,335,6100,3060,51685,1417,56793,3394,108478,California
Santa Barbara,2021-03-20,2234,161764,844,75977,1367,79664,23,6123,1368,52216,862,57655,1393,109871,California
Santa Barbara,2021-03-21,1182,162946,385,76362,767,80431,30,6153,851,52771,327,57982,882,110753,California
Santa Barbara,2021-03-22,2794,165740,1924,78286,825,81256,45,6198,2225,54482,559,58541,2270,113023,California
Santa Barbara,2021-03-23,4466,170206,2253,80539,2111,83367,102,6300,3688,57502,768,59309,3788,116811,California
Santa Barbara,2021-03-24,5441,175647,3155,83694,1523,84890,763,7063,2967,58775,2451,61760,3724,120535,California
Santa Barbara,2021-03-25,5572,181219,3272,86966,2101,86991,199,7262,2778,58977,2776,64536,2978,123513,California
Santa Barbara,2021-03-26,5106,186325,3230,90196,1570,88561,306,7568,2220,58636,2867,67403,2526,126039,California
Santa Barbara,2021-03-27,2974,189299,1228,91424,1703,90264,43,7611,1624,58955,1346,68749,1665,127704,California
Santa Barbara,2021-03-28,2794,192093,1660,93084,1106,91370,28,7639,1905,60004,885,69634,1934,129638,California
Santa Barbara,2021-03-29,4048,196141,2085,95169,1891,93261,72,7711,3229,62490,815,70449,3301,132939,California
Santa Barbara,2021-03-30,6801,202942,3514,98683,3136,96397,151,7862,4528,64909,2257,72706,4676,137615,California
Santa Barbara,2021-03-31,8675,211617,5525,104208,3082,99479,68,7930,5023,66370,3630,76336,5091,142706,California
Santa Barbara,2021-04-01,7065,218682,5215,109423,1589,101068,261,8191,4168,67928,2871,79207,4429,147135,California
Santa Barbara,2021-04-02,6654,225336,4560,113983,1499,102567,595,8786,3417,68712,3227,82434,4011,151146,California
Santa Barbara,2021-04-03,3821,229157,2114,116097,1635,104202,72,8858,2519,70005,1295,83729,2588,153734,California
Santa Barbara,2021-04-04,908,230065,448,116545,419,104621,41,8899,498,70137,408,84137,540,154274,California
Santa Barbara,2021-04-05,3496,233561,2302,118847,929,105550,265,9164,2177,71270,1309,85446,2442,156716,California
Santa Barbara,2021-04-06,5510,239071,2843,121690,2113,107663,554,9718,3359,73048,2131,87577,3909,160625,California
Santa Barbara,2021-04-07,6031,245102,3291,124981,2195,109858,545,10263,4086,75740,1936,89513,4628,165253,California
Santa Barbara,2021-04-08,7432,252534,5048,130029,654,110512,1730,11993,3426,76895,3997,93510,5152,170405,California
Santa Barbara,2021-04-09,7345,259879,4888,134917,1095,111607,1362,13355,3305,77526,4029,97539,4660,175065,California
Santa Barbara,2021-04-10,6709,266588,4649,139566,1444,113051,616,13971,4559,80558,2141,99680,5173,180238,California
Santa Barbara,2021-04-11,2681,269269,1962,141528,415,113466,304,14275,1855,81891,820,100500,2153,182391,California
Santa Barbara,2021-04-12,4432,273701,2848,144376,1029,114495,555,14830,1917,81856,2506,103006,2471,184862,California
Santa Barbara,2021-04-13,6387,280088,4191,148567,2190,116685,6,14836,2661,80801,3721,106727,2666,187528,California
Santa Barbara,2021-04-14,6810,286898,4421,152988,2387,119072,2,14838,4243,82491,2556,109283,4246,191774,California
Santa Barbara,2021-04-15,7015,293913,4111,157099,2903,121975,1,14839,3776,83042,3227,112510,3778,195552,California
Santa Barbara,2021-04-16,6432,300345,3775,160874,2646,124621,11,14850,4426,85494,1984,114494,4436,199988,California
Santa Barbara,2021-04-17,5357,305702,3880,164754,1477,126098,0,14850,4096,88344,1246,115740,4096,204084,California
Santa Barbara,2021-04-18,2195,307897,1534,166288,661,126759,0,14850,381,86920,1806,117546,382,204466,California
Santa Barbara,2021-04-19,3281,311178,2262,168550,1013,127772,6,14856,1033,85720,2240,119786,1040,205506,California
Santa Barbara,2021-04-20,5971,317149,4000,172550,1970,129742,1,14857,1690,83145,4265,124051,1690,207196,California
Santa Barbara,2021-04-21,5580,322729,3692,176242,1888,131630,0,14857,1783,81152,3778,127829,1785,208981,California
Santa Barbara,2021-04-22,5147,327876,2599,178841,2547,134177,1,14858,1481,78989,3647,131476,1484,210465,California
Santa Barbara,2021-04-23,5626,333502,3893,182734,1733,135910,0,14858,1990,77358,3621,135097,1990,212455,California
Santa Barbara,2021-04-24,4425,337927,2875,185609,1545,137455,5,14863,1631,76221,2774,137871,1637,214092,California
Santa Barbara,2021-04-25,1847,339774,1184,186793,663,138118,0,14863,499,75382,1338,139209,499,214591,California
Santa Barbara,2021-04-26,3257,343031,1990,188783,1246,139364,21,14884,559,73274,2689,141898,581,215172,California
Santa Barbara,2021-04-27,3994,347025,2198,190981,1694,141058,102,14986,1178,71749,2805,144703,1280,216452,California
Santa Barbara,2021-04-28,4922,351947,2874,193855,1933,142991,115,15101,1398,69759,3507,148210,1517,217969,California
Santa Barbara,2021-04-29,5277,357224,3819,197674,1232,144223,226,15327,1437,67599,3822,152032,1662,219631,California
Santa Barbara,2021-04-30,4970,362194,3715,201389,1091,145314,164,15491,1411,65634,3539,155571,1574,221205,California
Santa Barbara,2021-05-01,5240,367434,4045,205434,1162,146476,33,15524,891,62226,4334,159905,926,222131,California
Santa Barbara,2021-05-02,1131,368565,668,206102,335,146811,128,15652,304,61833,825,160730,432,222563,California
Santa Barbara,2021-05-03,2202,370767,1474,207576,590,147401,138,15790,440,60653,1755,162485,575,223138,California
Santa Barbara,2021-05-04,3318,374085,1695,209271,1552,148953,71,15861,1148,59716,2155,164640,1218,224356,California
Santa Barbara,2021-05-05,5456,379541,3681,212952,1627,150580,148,16009,633,55690,4808,169448,782,225138,California
Santa Barbara,2021-05-06,5080,384621,3929,216881,1046,151626,105,16114,972,52676,4091,173539,1077,226215,California
Santa Barbara,2021-05-07,4662,389283,3643,220524,839,152465,180,16294,998,50203,3648,177187,1175,227390,California
Santa Barbara,2021-05-08,4305,393588,3191,223715,1016,153481,98,16392,907,47823,3386,180573,1006,228396,California
Santa Barbara,2021-05-09,699,394287,109,223824,550,154031,40,16432,461,48089,236,180809,502,228898,California
Santa Barbara,2021-05-10,1363,395650,660,224484,619,154650,84,16516,377,47566,983,181792,460,229358,California
Santa Barbara,2021-05-11,1933,397583,837,225321,800,155450,296,16812,443,46822,1480,183272,736,230094,California
Santa Barbara,2021-05-12,2086,399669,745,226066,1117,156567,224,17036,524,46022,1548,184820,748,230842,California
Santa Barbara,2021-05-13,3898,403567,2790,228856,910,157477,198,17234,1236,44807,2648,187468,1433,232275,California
Santa Barbara,2021-05-14,4155,407722,2526,231382,1535,159012,94,17328,1618,43996,2522,189990,1711,233986,California
Santa Barbara,2021-05-15,3518,411240,2559,233941,940,159952,19,17347,1842,44194,1664,191654,1862,235848,California
Santa Barbara,2021-05-16,1138,412378,522,234463,501,160453,115,17462,530,44236,603,192257,645,236493,California
Santa Barbara,2021-05-17,1640,414018,936,235399,641,161094,63,17525,862,44387,773,193030,924,237417,California
Santa Barbara,2021-05-18,1861,415879,1164,236563,603,161697,94,17619,977,44592,867,193897,1072,238489,California
Santa Barbara,2021-05-19,1770,417649,974,237537,756,162453,40,17659,808,44486,953,194850,847,239336,California
Santa Barbara,2021-05-20,1750,419399,952,238489,679,163132,119,17778,877,44623,860,195710,997,240333,California
Santa Barbara,2021-05-21,3462,422861,2341,240830,1067,164199,54,17832,1257,43745,2190,197900,1312,241645,California
Santa Barbara,2021-05-22,2468,425329,1708,242538,716,164915,44,17876,1399,44127,1062,198962,1444,243089,California
Santa Barbara,2021-05-23,768,426097,343,242881,395,165310,30,17906,418,44226,349,199311,448,243537,California
Santa Barbara,2021-05-24,1006,427103,587,243468,356,165666,63,17969,483,44254,518,199829,546,244083,California
Santa Barbara,2021-05-25,1403,428506,566,244034,768,166434,69,18038,461,43848,936,200765,530,244613,California
Santa Barbara,2021-05-26,3012,431518,1710,245744,1179,167613,123,18161,839,42650,2158,202923,960,245573,California
Santa Barbara,2021-05-27,1953,433471,1212,246956,599,168212,142,18303,825,42497,1121,204044,968,246541,California
Santa Barbara,2021-05-28,1504,434975,697,247653,655,168867,152,18455,613,42374,888,204932,765,247306,California
Santa Barbara,2021-05-29,903,435878,319,247972,547,169414,37,18492,363,42237,537,205469,400,247706,California
Santa Barbara,2021-05-30,508,436386,179,248151,230,169644,99,18591,183,42195,323,205792,281,247987,California
Santa Barbara,2021-05-31,95,436481,42,248193,43,169687,10,18601,22,42154,72,205864,31,248018,California
Santa Barbara,2021-06-01,1133,437614,592,248785,483,170170,58,18659,441,41967,686,206550,499,248517,California
Santa Barbara,2021-06-02,983,438597,584,249369,316,170486,83,18742,426,41923,552,207102,508,249025,California
Santa Barbara,2021-06-03,2059,440656,1548,250917,454,170940,57,18799,614,41155,1436,208538,668,249693,California
Santa Barbara,2021-06-04,1458,442114,670,251587,648,171588,140,18939,488,40818,961,209499,624,250317,California
Santa Barbara,2021-06-05,2910,445024,2210,253797,648,172236,52,18991,479,38927,2421,211920,530,250847,California
Santa Barbara,2021-06-06,924,445948,486,254283,419,172655,19,19010,231,38487,690,212610,250,251097,California
Santa Barbara,2021-06-07,1171,447119,832,255115,287,172942,52,19062,301,37973,867,213477,353,251450,California
Santa Barbara,2021-06-08,1111,448230,711,255826,368,173310,32,19094,290,37479,815,214292,321,251771,California
Santa Barbara,2021-06-09,1023,449253,696,256522,242,173552,85,19179,315,37175,704,214996,400,252171,California
Santa Barbara,2021-06-10,2388,451641,2073,258595,243,173795,72,19251,523,35908,1861,216857,594,252765,California
Santa Barbara,2021-06-11,1308,452949,606,259201,598,174393,104,19355,391,35492,911,217768,495,253260,California
Santa Barbara,2021-06-12,888,453837,597,259798,268,174661,23,19378,232,35098,648,218416,254,253514,California
Santa Barbara,2021-06-13,489,454326,301,260099,91,174752,97,19475,127,34962,360,218776,224,253738,California
Santa Barbara,2021-06-14,1254,455580,856,260955,322,175074,76,19551,334,34460,912,219688,410,254148,California
Santa Barbara,2021-06-15,1147,456727,756,261711,356,175430,35,19586,398,34152,741,220429,433,254581,California
Santa Barbara,2021-06-16,931,457658,646,262357,238,175668,47,19633,352,33976,573,221002,397,254978,California
Santa Barbara,2021-06-17,1873,459531,1543,263900,241,175909,89,19722,622,33438,1247,222249,709,255687,California
Santa Barbara,2021-06-18,1108,460639,714,264614,295,176204,99,19821,362,33157,742,222991,461,256148,California
Santa Barbara,2021-06-19,541,461180,364,264978,145,176349,32,19853,250,33151,288,223279,282,256430,California
Santa Barbara,2021-06-20,370,461550,211,265189,149,176498,10,19863,153,33097,216,223495,162,256592,California
Santa Barbara,2021-06-21,527,462077,264,265453,210,176708,53,19916,275,33178,247,223742,328,256920,California
Santa Barbara,2021-06-22,764,462841,495,265948,238,176946,31,19947,298,33044,462,224204,328,257248,California
Santa Barbara,2021-06-23,779,463620,564,266512,183,177129,32,19979,333,32967,441,224645,364,257612,California
Santa Barbara,2021-06-24,1354,464974,1146,267658,150,177279,58,20037,579,32834,768,225413,635,258247,California
Santa Barbara,2021-06-25,970,465944,616,268274,292,177571,62,20099,448,32825,518,225931,509,258756,California
Santa Barbara,2021-06-26,509,466453,355,268629,123,177694,31,20130,201,32749,308,226239,232,258988,California
Santa Barbara,2021-06-27,393,466846,257,268886,73,177767,63,20193,187,32797,202,226441,250,259238,California
Santa Barbara,2021-06-28,466,467312,305,269191,127,177894,34,20227,237,32839,229,226670,271,259509,California
Santa Barbara,2021-06-29,558,467870,379,269570,164,178058,15,20242,268,32837,284,226954,282,259791,California
Santa Barbara,2021-06-30,650,468520,462,270032,149,178207,39,20281,314,32863,327,227281,353,260144,California
Santa Barbara,2021-07-01,1064,469584,795,270827,120,178327,149,20430,413,32775,649,227930,561,260705,California
Santa Barbara,2021-07-02,771,470355,513,271340,203,178530,55,20485,376,32813,393,228323,431,261136,California
Santa Barbara,2021-07-03,348,470703,220,271560,118,178648,10,20495,154,32786,190,228513,163,261299,California
Santa Barbara,2021-07-04,25,470728,15,271575,10,178658,0,20495,9,32779,16,228529,9,261308,California
Santa Barbara,2021-07-05,491,471219,316,271891,156,178814,19,20514,221,32750,269,228798,240,261548,California
Santa Barbara,2021-07-06,538,471757,394,272285,121,178935,23,20537,200,32639,334,229132,223,261771,California
Santa Barbara,2021-07-07,411,472168,308,272593,74,179009,29,20566,188,32635,221,229353,217,261988,California
Santa Clara,2020-12-15,72,72,72,72,0,0,0,0,72,72,0,0,72,72,California
Santa Clara,2020-12-16,153,225,153,225,0,0,0,0,153,225,0,0,153,225,California
Santa Clara,2020-12-17,408,633,408,633,0,0,0,0,408,633,0,0,408,633,California
Santa Clara,2020-12-18,1758,2391,1758,2391,0,0,0,0,1758,2391,0,0,1758,2391,California
Santa Clara,2020-12-19,2079,4470,2079,4470,0,0,0,0,2078,4469,0,0,2078,4469,California
Santa Clara,2020-12-20,1905,6375,1904,6374,1,1,0,0,1902,6371,0,0,1902,6371,California
Santa Clara,2020-12-21,2677,9052,2677,9051,0,1,0,0,2673,9043,1,1,2673,9044,California
Santa Clara,2020-12-22,3130,12182,3123,12174,7,8,0,0,3125,12166,2,3,3125,12169,California
Santa Clara,2020-12-23,3277,15459,3087,15261,190,198,0,0,3274,15439,1,4,3274,15443,California
Santa Clara,2020-12-24,1889,17348,1698,16959,191,389,0,0,1882,17319,2,6,1882,17325,California
Santa Clara,2020-12-25,349,17697,348,17307,1,390,0,0,349,17668,0,6,349,17674,California
Santa Clara,2020-12-26,1276,18973,1041,18348,235,625,0,0,1275,18943,0,6,1275,18949,California
Santa Clara,2020-12-27,659,19632,516,18864,143,768,0,0,659,19602,0,6,659,19608,California
Santa Clara,2020-12-28,2356,21988,1744,20608,612,1380,0,0,2356,21958,0,6,2356,21964,California
Santa Clara,2020-12-29,2376,24364,1510,22118,866,2246,0,0,2374,24332,0,6,2374,24338,California
Santa Clara,2020-12-30,2997,27361,1898,24016,1099,3345,0,0,2994,27323,3,9,2994,27332,California
Santa Clara,2020-12-31,1239,28600,399,24415,840,4185,0,0,1238,28560,1,10,1238,28570,California
Santa Clara,2021-01-01,154,28754,18,24433,136,4321,0,0,152,28710,2,12,152,28722,California
Santa Clara,2021-01-02,1098,29852,819,25252,279,4600,0,0,1098,29808,0,12,1098,29820,California
Santa Clara,2021-01-03,589,30441,372,25624,217,4817,0,0,584,30389,3,15,584,30404,California
Santa Clara,2021-01-04,2486,32927,1681,27305,805,5622,0,0,2483,32872,0,15,2483,32887,California
Santa Clara,2021-01-05,3108,36035,2039,29344,1069,6691,0,0,2913,35597,194,209,2919,35806,California
Santa Clara,2021-01-06,3370,39405,1995,31339,1375,8066,0,0,2760,37755,605,814,2763,38569,California
Santa Clara,2021-01-07,4242,43647,2578,33917,1664,9730,0,0,3154,39839,1077,1891,3161,41730,California
Santa Clara,2021-01-08,5896,49543,3861,37778,2035,11765,0,0,3774,41501,2112,4003,3774,45504,California
Santa Clara,2021-01-09,3041,52584,1918,39696,1123,12888,0,0,1719,41904,1319,5322,1722,47226,California
Santa Clara,2021-01-10,1971,54555,1521,41217,450,13338,0,0,752,41439,1217,6539,752,47978,California
Santa Clara,2021-01-11,6007,60562,3799,45016,2208,15546,0,0,3406,42253,2598,9137,3412,51390,California
Santa Clara,2021-01-12,6915,67477,3509,48525,3406,18952,0,0,4574,44503,2326,11463,4576,55966,California
Santa Clara,2021-01-13,7475,74952,3141,51666,4334,23286,0,0,5221,47475,2250,13713,5222,61188,California
Santa Clara,2021-01-14,8316,83268,2870,54536,5446,28732,0,0,6515,52200,1792,15505,6517,67705,California
Santa Clara,2021-01-15,9569,92837,2776,57312,6793,35525,0,0,8161,58964,1402,16907,8166,75871,California
Santa Clara,2021-01-16,4361,97198,1259,58571,3102,38627,0,0,3500,61607,857,17764,3500,79371,California
Santa Clara,2021-01-17,3244,100442,619,59190,2625,41252,0,0,2733,63833,507,18271,2733,82104,California
Santa Clara,2021-01-18,5126,105568,1180,60370,3946,45198,0,0,4559,67826,567,18838,4560,86664,California
Santa Clara,2021-01-19,8524,114092,2706,63076,5818,51016,0,0,6820,72949,1700,20538,6823,93487,California
Santa Clara,2021-01-20,8454,122546,4454,67530,4000,55016,0,0,6881,78262,1568,22106,6881,100368,California
Santa Clara,2021-01-21,8925,131471,3951,71481,4974,59990,0,0,7638,84620,1282,23388,7640,108008,California
Santa Clara,2021-01-22,8744,140215,3312,74793,5432,65422,0,0,8162,92207,578,23966,8165,116173,California
Santa Clara,2021-01-23,3809,144024,1685,76478,2124,67546,0,0,2838,94075,971,24937,2839,119012,California
Santa Clara,2021-01-24,2852,146876,1431,77909,1421,68967,0,0,2356,95940,491,25428,2356,121368,California
Santa Clara,2021-01-25,8409,155285,3808,81717,4601,73568,0,0,6316,100173,2085,27513,6318,127686,California
Santa Clara,2021-01-26,8329,163614,3799,85516,4530,78098,0,0,6170,104199,2147,29660,6173,133859,California
Santa Clara,2021-01-27,8816,172430,3887,89403,4929,83027,0,0,6866,109137,1929,31589,6867,140726,California
Santa Clara,2021-01-28,9551,181981,3823,93226,5728,88755,0,0,7547,114706,1983,33572,7552,148278,California
Santa Clara,2021-01-29,9619,191600,3969,97195,5650,94405,0,0,7412,119925,2194,35766,7413,155691,California
Santa Clara,2021-01-30,4216,195816,2097,99292,2119,96524,0,0,2985,121689,1222,36988,2986,158677,California
Santa Clara,2021-01-31,2205,198021,1323,100615,882,97406,0,0,1595,122682,602,37590,1595,160272,California
Santa Clara,2021-02-01,7875,205896,3513,104128,4362,101768,0,0,6152,127127,1709,39299,6154,166426,California
Santa Clara,2021-02-02,8666,214562,2898,107026,5768,107536,0,0,6613,131701,2042,41341,6616,173042,California
Santa Clara,2021-02-03,9281,223843,3489,110515,5792,113328,0,0,6964,136360,2311,43652,6970,180012,California
Santa Clara,2021-02-04,11039,234882,4176,114691,6863,120191,0,0,8705,142747,2322,45974,8709,188721,California
Santa Clara,2021-02-05,12043,246925,4389,119080,7654,127845,0,0,8544,147811,3481,49455,8545,197266,California
Santa Clara,2021-02-06,5236,252161,2843,121923,2393,130238,0,0,4047,150677,1183,50638,4049,201315,California
Santa Clara,2021-02-07,3496,255657,2360,124283,1136,131374,0,0,3037,153259,456,51094,3038,204353,California
Santa Clara,2021-02-08,10097,265754,3546,127829,6551,137925,0,0,7342,157859,2743,53837,7343,211696,California
Santa Clara,2021-02-09,11240,276994,3840,131669,7400,145325,0,0,7707,162053,3517,57354,7711,219407,California
Santa Clara,2021-02-10,12807,289801,4974,136643,7833,153158,0,0,6643,162555,6144,63498,6646,226053,California
Santa Clara,2021-02-11,13654,303455,4789,141432,8865,162023,0,0,7661,164244,5974,69472,7663,233716,California
Santa Clara,2021-02-12,14709,318164,4542,145974,10167,172190,0,0,6992,163547,7691,77163,6994,240710,California
Santa Clara,2021-02-13,6179,324343,1503,147477,4676,176866,0,0,2249,161876,3922,81085,2251,242961,California
Santa Clara,2021-02-14,4658,329001,1165,148642,3493,180359,0,0,1482,160188,3172,84257,1484,244445,California
Santa Clara,2021-02-15,6335,335336,2824,151466,3511,183870,0,0,2734,159333,3590,87847,2735,247180,California
Santa Clara,2021-02-16,13919,349255,4028,155494,9891,193761,0,0,6978,159395,6917,94764,6979,254159,California
Santa Clara,2021-02-17,14169,363424,5565,161059,8604,202365,0,0,7054,159364,7091,101855,7060,261219,California
Santa Clara,2021-02-18,14364,377788,8468,169527,5896,208261,0,0,7314,159681,7001,108856,7318,268537,California
Santa Clara,2021-02-19,15036,392824,9659,179186,5377,213638,0,0,8733,162143,6278,115134,8740,277277,California
Santa Clara,2021-02-20,7076,399900,5301,184487,1775,215413,0,0,3802,162689,3257,118391,3803,281080,California
Santa Clara,2021-02-21,3444,403344,2564,187051,880,216293,0,0,1286,161839,2138,120529,1288,282368,California
Santa Clara,2021-02-22,10827,414171,6463,193514,4364,220657,0,0,5012,161071,5781,126310,5013,287381,California
Santa Clara,2021-02-23,12544,426715,8099,201613,4445,225102,0,0,7075,162708,5442,131752,7079,294460,California
Santa Clara,2021-02-24,14873,441588,9558,211171,5315,230417,0,0,9118,166093,5733,137485,9118,303578,California
Santa Clara,2021-02-25,15444,457032,9830,221001,5614,236031,0,0,8373,167443,7031,144516,8381,311959,California
Santa Clara,2021-02-26,15190,472222,8792,229793,6398,242429,0,0,8254,168818,6886,151402,8261,320220,California
Santa Clara,2021-02-27,8439,480661,5832,235625,2606,245035,1,1,4713,169841,3698,155100,4721,324941,California
Santa Clara,2021-02-28,5387,486048,3677,239302,1710,246745,0,1,2671,169814,2699,157799,2672,327613,California
Santa Clara,2021-03-01,14573,500621,8376,247678,6191,252936,6,7,9025,173323,5522,163321,9031,336644,California
Santa Clara,2021-03-02,16190,516811,9575,257253,6613,259549,2,9,10332,177829,5828,169149,10334,346978,California
Santa Clara,2021-03-03,18718,535529,9261,266514,9453,269002,4,13,11641,182444,7034,176183,11649,358627,California
Santa Clara,2021-03-04,16608,552137,9035,275549,7570,276572,3,16,9655,185248,6857,183040,9661,368288,California
Santa Clara,2021-03-05,16667,568804,9266,284815,7275,283847,126,142,9252,187247,7385,190425,9384,377672,California
Santa Clara,2021-03-06,9457,578261,6327,291142,2680,286527,450,592,7099,192450,2345,192770,7548,385220,California
Santa Clara,2021-03-07,7037,585298,4495,295637,2158,288685,384,976,5490,196785,1533,194303,5868,391088,California
Santa Clara,2021-03-08,12966,598264,6743,302380,5622,294307,601,1577,8297,201026,4652,198955,8893,399981,California
Santa Clara,2021-03-09,15323,613587,6530,308910,7461,301768,1332,2909,6906,200856,8393,207348,8223,408204,California
Santa Clara,2021-03-10,15295,628882,6709,315619,6466,308234,2120,5029,6315,200316,8941,216289,8401,416605,California
Santa Clara,2021-03-11,17156,646038,7799,323418,7849,316083,1508,6537,6072,196835,11043,227332,7562,424167,California
Santa Clara,2021-03-12,17775,663813,9135,332553,7068,323151,1572,8109,5952,192560,11769,239101,7494,431661,California
Santa Clara,2021-03-13,10884,674697,6306,338859,3072,326223,1506,9615,4840,192855,6015,245116,6310,437971,California
Santa Clara,2021-03-14,6547,681244,3405,342264,1838,328061,1304,10919,3170,193952,3356,248472,4453,442424,California
Santa Clara,2021-03-15,12864,694108,6577,348841,6009,334070,278,11197,5921,193238,6912,255384,6198,448622,California
Santa Clara,2021-03-16,18338,712446,10358,359199,7771,341841,209,11406,8751,192641,9553,264937,8956,457578,California
Santa Clara,2021-03-17,20121,732567,11435,370634,8515,350356,171,11577,10271,193287,9790,274727,10436,468014,California
Santa Clara,2021-03-18,19333,751900,9076,379710,9095,359451,1162,12739,9030,193224,10242,284969,10179,478193,California
Santa Clara,2021-03-19,19554,771454,10086,389796,8460,367911,1008,13747,9944,194642,9524,294493,10942,489135,California
Santa Clara,2021-03-20,11610,783064,6403,396199,4375,372286,832,14579,6701,197311,4859,299352,7528,496663,California
Santa Clara,2021-03-21,8374,791438,3846,400045,3130,375416,1398,15977,5351,201035,3006,302358,6730,503393,California
Santa Clara,2021-03-22,16564,808002,9230,409275,6980,382396,354,16331,9146,203149,7382,309740,9496,512889,California
Santa Clara,2021-03-23,19509,827511,12391,421666,6592,388988,526,16857,11212,206638,8243,317983,11732,524621,California
Santa Clara,2021-03-24,22826,850337,14645,436311,7763,396751,418,17275,14645,213565,8134,326117,15061,539682,California
Santa Clara,2021-03-25,23119,873456,13226,449537,8901,405652,992,18267,14818,221132,8223,334340,15790,555472,California
Santa Clara,2021-03-26,22125,895581,14072,463609,7662,413314,391,18658,13589,226613,8489,342829,13970,569442,California
Santa Clara,2021-03-27,15807,911388,10511,474120,4526,417840,770,19428,8483,228589,7273,350102,9249,578691,California
Santa Clara,2021-03-28,12086,923474,8390,482510,2979,420819,717,20145,6475,230190,5583,355685,7184,585875,California
Santa Clara,2021-03-29,20704,944178,12645,495155,7332,428151,727,20872,11198,232645,9458,365143,11913,597788,California
Santa Clara,2021-03-30,25797,969975,15288,510443,8559,436710,1950,22822,16218,241268,9529,374672,18152,615940,California
Santa Clara,2021-03-31,20635,990610,11924,522367,7571,444281,1140,23962,12546,246897,8039,382711,13668,629608,California
Santa Clara,2021-04-01,32041,1022651,19881,542248,9044,453325,3116,27078,20217,258444,11740,394451,23287,652895,California
Santa Clara,2021-04-02,25440,1048091,14399,556647,8811,462136,2230,29308,16589,268436,8799,403250,18791,671686,California
Santa Clara,2021-04-03,15386,1063477,9324,565971,3515,465651,2547,31855,8495,272591,6863,410113,11018,682704,California
Santa Clara,2021-04-04,7669,1071146,4050,570021,2442,468093,1177,33032,3964,274021,3691,413804,5121,687825,California
Santa Clara,2021-04-05,22038,1093184,14631,584652,4901,472994,2506,35538,14388,283281,7612,421416,16872,704697,California
Santa Clara,2021-04-06,29792,1122976,16384,601036,7907,480901,5501,41039,17843,294688,11890,433306,23297,727994,California
Santa Clara,2021-04-07,31066,1154042,16029,617065,8515,489416,6522,47561,18947,308057,12054,445360,25423,753417,California
Santa Clara,2021-04-08,30171,1184213,16455,633520,6064,495480,7652,55213,16416,318397,13672,459032,24012,777429,California
Santa Clara,2021-04-09,28285,1212498,13992,647512,6960,502440,7333,62546,14439,326326,13771,472803,21700,799129,California
Santa Clara,2021-04-10,21656,1234154,12481,659993,3805,506245,5370,67916,11552,333125,10061,482864,16860,815989,California
Santa Clara,2021-04-11,16109,1250263,9651,669644,2664,508909,3794,71710,8329,337478,7740,490604,12093,828082,California
Santa Clara,2021-04-12,27173,1277436,19078,688722,5585,514494,2510,74220,18469,349805,8637,499241,20964,849046,California
Santa Clara,2021-04-13,34667,1312103,27260,715982,7378,521872,29,74249,26694,368659,7893,507134,26747,875793,California
Santa Clara,2021-04-14,37222,1349325,28208,744190,9010,530882,4,74253,26378,384312,10768,517902,26421,902214,California
Santa Clara,2021-04-15,44726,1394051,34606,778796,10114,540996,6,74259,34369,408481,10232,528134,34401,936615,California
Santa Clara,2021-04-16,38916,1432967,26640,805436,12272,553268,4,74263,27812,425305,11019,539153,27843,964458,California
Santa Clara,2021-04-17,22371,1455338,15300,820736,7069,560337,2,74265,15354,433731,6950,546103,15376,979834,California
Santa Clara,2021-04-18,16957,1472295,11151,831887,5806,566143,0,74265,10601,438022,6323,552426,10614,990448,California
Santa Clara,2021-04-19,29332,1501627,21203,853090,8128,574271,1,74266,17560,443925,11693,564119,17596,1008044,California
Santa Clara,2021-04-20,38163,1539790,23513,876603,14648,588919,2,74268,23251,452428,14789,578908,23292,1031336,California
Santa Clara,2021-04-21,38193,1577983,22568,899171,15623,604542,2,74270,25013,464412,13072,591980,25056,1056392,California
Santa Clara,2021-04-22,37998,1615981,25486,924657,12511,617053,1,74271,17893,462386,19996,611976,17970,1074362,California
Santa Clara,2021-04-23,32779,1648760,20161,944818,12617,629670,1,74272,15344,460465,17326,629302,15405,1089767,California
Santa Clara,2021-04-24,21233,1669993,15498,960316,5734,635404,1,74273,12053,463450,9100,638402,12085,1101852,California
Santa Clara,2021-04-25,13607,1683600,9837,970153,3764,639168,6,74279,8686,467290,4876,643278,8716,1110568,California
Santa Clara,2021-04-26,25526,1709126,19717,989870,5749,644917,60,74339,10615,463178,14812,658090,10700,1121268,California
Santa Clara,2021-04-27,28001,1737127,19960,1009830,7653,652570,388,74727,12208,460134,15692,673782,12648,1133916,California
Santa Clara,2021-04-28,26575,1763702,19784,1029614,6352,658922,439,75166,11277,456709,15211,688993,11786,1145702,California
Santa Clara,2021-04-29,24516,1788218,17990,1047604,6124,665046,402,75568,9223,451211,15206,704199,9708,1155410,California
Santa Clara,2021-04-30,23703,1811921,16348,1063952,6986,672032,369,75937,10145,448357,13460,717659,10606,1166016,California
Santa Clara,2021-05-01,17523,1829444,14526,1078478,2731,674763,266,76203,5522,442246,11943,729602,5832,1171848,California
Santa Clara,2021-05-02,11324,1840768,9392,1087870,1698,676461,234,76437,3489,438203,7785,737387,3742,1175590,California
Santa Clara,2021-05-03,22903,1863671,19392,1107262,3076,679537,435,76872,5143,426145,17681,755068,5623,1181213,California
Santa Clara,2021-05-04,31167,1894838,24489,1131751,6134,685671,544,77416,5563,406810,25493,780561,6158,1187371,California
Santa Clara,2021-05-05,32802,1927640,25045,1156796,7213,692884,544,77960,5533,385748,27168,807729,6106,1193477,California
Santa Clara,2021-05-06,35962,1963602,30028,1186824,5459,698343,475,78435,4776,359970,31051,838780,5273,1198750,California
Santa Clara,2021-05-07,32917,1996519,26490,1213314,5937,704280,490,78925,4712,337155,28066,866846,5251,1204001,California
Santa Clara,2021-05-08,17227,2013746,14120,1227434,2681,706961,426,79351,3716,327891,13421,880267,4157,1208158,California
Santa Clara,2021-05-09,10577,2024323,9206,1236640,1185,708146,186,79537,2333,322215,8208,888475,2532,1210690,California
Santa Clara,2021-05-10,21149,2045472,16974,1253614,3771,711917,404,79941,2646,306866,18420,906895,3071,1213761,California
Santa Clara,2021-05-11,22884,2068356,17325,1270939,5114,717031,445,80386,4019,292567,18769,925664,4470,1218231,California
Santa Clara,2021-05-12,21566,2089922,15884,1286823,5157,722188,525,80911,4246,280124,17220,942884,4777,1223008,California
Santa Clara,2021-05-13,28352,2118274,22979,1309802,5071,727259,302,81213,11263,274702,16996,959880,11574,1234582,California
Santa Clara,2021-05-14,27968,2146242,19577,1329379,8001,735260,390,81603,9640,266520,18224,978104,10042,1244624,California
Santa Clara,2021-05-15,21010,2167252,16903,1346282,3826,739086,281,81884,8142,262169,12782,990886,8431,1253055,California
Santa Clara,2021-05-16,16419,2183671,13423,1359705,2821,741907,175,82059,5371,256751,10968,1001854,5550,1258605,California
Santa Clara,2021-05-17,20442,2204113,16091,1375796,3983,745890,368,82427,6864,250483,13501,1015355,7233,1265838,California
Santa Clara,2021-05-18,26196,2230309,16741,1392537,9039,754929,416,82843,7168,239175,18893,1034248,7585,1273423,California
Santa Clara,2021-05-19,24638,2254947,14419,1406956,9795,764724,424,83267,7312,229702,17216,1051464,7743,1281166,California
Santa Clara,2021-05-20,18537,2273484,12200,1419156,5886,770610,451,83718,6099,223900,12348,1063812,6546,1287712,California
Santa Clara,2021-05-21,22342,2295826,14855,1434011,6991,777601,496,84214,7383,216945,14849,1078661,7894,1295606,California
Santa Clara,2021-05-22,13013,2308839,9860,1443871,2796,780397,357,84571,5715,215789,7232,1085893,6076,1301682,California
Santa Clara,2021-05-23,8433,2317272,6278,1450149,1953,782350,202,84773,3404,214413,4984,1090877,3608,1305290,California
Santa Clara,2021-05-24,10921,2328193,7878,1458027,2594,784944,449,85222,3787,211577,7073,1097950,4237,1309527,California
Santa Clara,2021-05-25,11490,2339683,7951,1465978,3121,788065,418,85640,4400,209379,7014,1104964,4816,1314343,California
Santa Clara,2021-05-26,10441,2350124,6773,1472751,3331,791396,337,85977,3963,207304,6370,1111334,4295,1318638,California
Santa Clara,2021-05-27,9417,2359541,6009,1478760,2934,794330,474,86451,3514,205450,5836,1117170,3982,1322620,California
Santa Clara,2021-05-28,10916,2370457,7083,1485843,3403,797733,430,86881,4453,203938,6396,1123566,4884,1327504,California
Santa Clara,2021-05-29,6353,2376810,4332,1490175,1740,799473,281,87162,2707,203318,3604,1127170,2984,1330488,California
Santa Clara,2021-05-30,3865,2380675,2907,1493082,749,800222,209,87371,1831,203354,2003,1129173,2039,1332527,California
Santa Clara,2021-05-31,1099,2381774,628,1493710,362,800584,109,87480,439,203249,653,1129826,548,1333075,California
Santa Clara,2021-06-01,9079,2390853,6381,1500091,2315,802899,383,87863,3013,200651,5993,1135819,3395,1336470,California
Santa Clara,2021-06-02,7714,2398567,5539,1505630,1823,804722,352,88215,2908,199154,4748,1140567,3251,1339721,California
Santa Clara,2021-06-03,12245,2410812,10138,1515768,1740,806462,367,88582,2630,192600,9554,1150121,3000,1342721,California
Santa Clara,2021-06-04,13631,2424443,11413,1527181,1902,808364,316,88898,3283,185916,10276,1160397,3592,1346313,California
Santa Clara,2021-06-05,10517,2434960,9039,1536220,1218,809582,260,89158,2200,180109,8265,1168662,2458,1348771,California
Santa Clara,2021-06-06,6945,2441905,6191,1542411,598,810180,156,89314,1369,176107,5526,1174188,1524,1350295,California
Santa Clara,2021-06-07,9946,2451851,8381,1550792,1321,811501,244,89558,2303,171047,7604,1181792,2544,1352839,California
Santa Clara,2021-06-08,9178,2461029,7496,1558288,1412,812913,270,89828,2452,167099,6667,1188459,2719,1355558,California
Santa Clara,2021-06-09,9545,2470574,7963,1566251,1330,814243,252,90080,2263,162392,7217,1195676,2510,1358068,California
Santa Clara,2021-06-10,8325,2478899,6913,1573164,1082,815325,330,90410,2247,158940,6025,1201701,2573,1360641,California
Santa Clara,2021-06-11,10247,2489146,8702,1581866,1268,816593,277,90687,2526,154077,7667,1209368,2804,1363445,California
Santa Clara,2021-06-12,7185,2496331,5983,1587849,1036,817629,166,90853,1694,150492,5446,1214814,1861,1365306,California
Santa Clara,2021-06-13,3754,2500085,3033,1590882,608,818237,113,90966,870,148618,2857,1217671,983,1366289,California
Santa Clara,2021-06-14,5971,2506056,4826,1595708,912,819149,233,91199,1944,146799,3995,1221666,2176,1368465,California
Santa Clara,2021-06-15,7375,2513431,5971,1601679,1103,820252,301,91500,2078,143934,5246,1226912,2381,1370846,California
Santa Clara,2021-06-16,6371,2519802,5156,1606835,907,821159,308,91808,2088,142099,4232,1231144,2397,1373243,California
Santa Clara,2021-06-17,5369,2525171,4351,1611186,773,821932,245,92053,1837,140714,3463,1234607,2078,1375321,California
Santa Clara,2021-06-18,5454,2530625,4400,1615586,882,822814,172,92225,1797,139105,3577,1238184,1968,1377289,California
Santa Clara,2021-06-19,4529,2535154,3622,1619208,706,823520,201,92426,1283,137382,3207,1241391,1484,1378773,California
Santa Clara,2021-06-20,2148,2537302,1763,1620971,321,823841,64,92490,675,136668,1453,1242844,739,1379512,California
Santa Clara,2021-06-21,3704,2541006,2787,1623758,689,824530,228,92718,1809,136839,1862,1244706,2033,1381545,California
Santa Clara,2021-06-22,5099,2546105,4069,1627827,806,825336,224,92942,1711,135422,3350,1248056,1933,1383478,California
Santa Clara,2021-06-23,4484,2550589,3527,1631354,756,826092,201,93143,1611,134394,2838,1250894,1810,1385288,California
Santa Clara,2021-06-24,4365,2554954,3378,1634732,783,826875,204,93347,1612,133508,2702,1253596,1816,1387104,California
Santa Clara,2021-06-25,5528,2560482,4517,1639249,801,827676,210,93557,1898,132038,3574,1257170,2104,1389208,California
Santa Clara,2021-06-26,3686,2564168,2937,1642186,610,828286,139,93696,1336,131201,2310,1259480,1473,1390681,California
Santa Clara,2021-06-27,1988,2566156,1550,1643736,351,828637,87,93783,685,130683,1289,1260769,771,1391452,California
Santa Clara,2021-06-28,4060,2570216,3426,1647162,408,829045,226,94009,1557,129989,2474,1263243,1780,1393232,California
Santa Clara,2021-06-29,4141,2574357,3225,1650387,734,829779,182,94191,1590,129247,2514,1265757,1772,1395004,California
Santa Clara,2021-06-30,3727,2578084,2918,1653305,631,830410,178,94369,1435,128596,2266,1268023,1615,1396619,California
Santa Clara,2021-07-01,3554,2581638,2821,1656126,539,830949,194,94563,1345,127946,2188,1270211,1538,1398157,California
Santa Clara,2021-07-02,4128,2585766,3342,1659468,620,831569,166,94729,1576,127176,2514,1272725,1744,1399901,California
Santa Clara,2021-07-03,2427,2588193,1896,1661364,421,831990,110,94839,1001,126889,1399,1274124,1112,1401013,California
Santa Clara,2021-07-04,135,2588328,100,1661464,22,832012,13,94852,69,126906,65,1274189,82,1401095,California
Santa Clara,2021-07-05,2369,2590697,1955,1663419,292,832304,122,94974,955,126597,1387,1275576,1078,1402173,California
Santa Clara,2021-07-06,4129,2594826,3205,1666624,771,833075,153,95127,1394,125439,2701,1278277,1543,1403716,California
Santa Clara,2021-07-07,2784,2597610,2058,1668682,584,833659,142,95269,913,124646,1847,1280124,1054,1404770,California
Santa Cruz,2020-12-15,2,2,2,2,0,0,0,0,2,2,0,0,2,2,California
Santa Cruz,2020-12-16,57,59,57,59,0,0,0,0,57,59,0,0,57,59,California
Santa Cruz,2020-12-17,389,448,389,448,0,0,0,0,389,448,0,0,389,448,California
Santa Cruz,2020-12-18,465,913,465,913,0,0,0,0,465,913,0,0,465,913,California
Santa Cruz,2020-12-19,184,1097,183,1096,1,1,0,0,184,1097,0,0,184,1097,California
Santa Cruz,2020-12-20,93,1190,93,1189,0,1,0,0,93,1190,0,0,93,1190,California
Santa Cruz,2020-12-21,437,1627,436,1625,1,2,0,0,437,1627,0,0,437,1627,California
Santa Cruz,2020-12-22,422,2049,421,2046,1,3,0,0,422,2049,0,0,422,2049,California
Santa Cruz,2020-12-23,369,2418,325,2371,44,47,0,0,369,2418,0,0,369,2418,California
Santa Cruz,2020-12-24,123,2541,47,2418,76,123,0,0,123,2541,0,0,123,2541,California
Santa Cruz,2020-12-25,9,2550,9,2427,0,123,0,0,9,2550,0,0,9,2550,California
Santa Cruz,2020-12-26,65,2615,46,2473,19,142,0,0,65,2615,0,0,65,2615,California
Santa Cruz,2020-12-27,32,2647,27,2500,5,147,0,0,32,2647,0,0,32,2647,California
Santa Cruz,2020-12-28,483,3130,108,2608,375,522,0,0,483,3130,0,0,483,3130,California
Santa Cruz,2020-12-29,794,3924,366,2974,428,950,0,0,794,3924,0,0,794,3924,California
Santa Cruz,2020-12-30,357,4281,165,3139,192,1142,0,0,357,4281,0,0,357,4281,California
Santa Cruz,2020-12-31,311,4592,11,3150,300,1442,0,0,311,4592,0,0,311,4592,California
Santa Cruz,2021-01-01,33,4625,1,3151,32,1474,0,0,33,4625,0,0,33,4625,California
Santa Cruz,2021-01-02,68,4693,55,3206,13,1487,0,0,68,4693,0,0,68,4693,California
Santa Cruz,2021-01-03,15,4708,7,3213,8,1495,0,0,15,4708,0,0,15,4708,California
Santa Cruz,2021-01-04,281,4989,123,3336,158,1653,0,0,279,4987,0,0,279,4987,California
Santa Cruz,2021-01-05,570,5559,433,3769,137,1790,0,0,268,4953,302,302,268,5255,California
Santa Cruz,2021-01-06,801,6360,669,4438,132,1922,0,0,463,5079,337,639,463,5718,California
Santa Cruz,2021-01-07,537,6897,210,4648,327,2249,0,0,383,5309,154,793,384,6102,California
Santa Cruz,2021-01-08,940,7837,566,5214,374,2623,0,0,491,5352,449,1242,492,6594,California
Santa Cruz,2021-01-09,468,8305,128,5342,340,2963,0,0,409,5702,59,1301,409,7003,California
Santa Cruz,2021-01-10,77,8382,68,5410,9,2972,0,0,20,5665,57,1358,20,7023,California
Santa Cruz,2021-01-11,729,9111,592,6002,137,3109,0,0,195,5327,534,1892,196,7219,California
Santa Cruz,2021-01-12,733,9844,529,6531,204,3313,0,0,491,5576,242,2134,491,7710,California
Santa Cruz,2021-01-13,533,10377,234,6765,299,3612,0,0,446,5938,84,2218,446,8156,California
Santa Cruz,2021-01-14,556,10933,103,6868,453,4065,0,0,490,6362,66,2284,490,8646,California
Santa Cruz,2021-01-15,1459,12392,77,6945,1382,5447,0,0,1395,7695,64,2348,1397,10043,California
Santa Cruz,2021-01-16,423,12815,53,6998,370,5817,0,0,404,8080,19,2367,404,10447,California
Santa Cruz,2021-01-17,299,13114,41,7039,258,6075,0,0,274,8329,25,2392,274,10721,California
Santa Cruz,2021-01-18,1011,14125,101,7140,910,6985,0,0,949,9216,62,2454,949,11670,California
Santa Cruz,2021-01-19,1626,15751,524,7664,1102,8087,0,0,1275,10143,349,2803,1276,12946,California
Santa Cruz,2021-01-20,1251,17002,182,7846,1069,9156,0,0,1049,10993,199,3002,1049,13995,California
Santa Cruz,2021-01-21,1753,18755,226,8072,1527,10683,0,0,1644,12530,109,3111,1646,15641,California
Santa Cruz,2021-01-22,1803,20558,523,8595,1280,11963,0,0,1700,14131,100,3211,1701,17342,California
Santa Cruz,2021-01-23,404,20962,150,8745,254,12217,0,0,344,14416,59,3270,344,17686,California
Santa Cruz,2021-01-24,111,21073,19,8764,92,12309,0,0,94,14493,17,3287,94,17780,California
Santa Cruz,2021-01-25,1064,22137,363,9127,701,13010,0,0,553,14535,511,3798,553,18333,California
Santa Cruz,2021-01-26,1698,23835,254,9381,1444,14454,0,0,1185,15207,513,4311,1185,19518,California
Santa Cruz,2021-01-27,1676,25511,455,9836,1221,15675,0,0,1286,16105,388,4699,1286,20804,California
Santa Cruz,2021-01-28,1765,27276,291,10127,1474,17149,0,0,1487,17315,278,4977,1488,22292,California
Santa Cruz,2021-01-29,1752,29028,492,10619,1260,18409,0,0,1618,18800,133,5110,1618,23910,California
Santa Cruz,2021-01-30,1077,30105,311,10930,766,19175,0,0,942,19607,135,5245,942,24852,California
Santa Cruz,2021-01-31,222,30327,110,11040,112,19287,0,0,208,19801,14,5259,208,25060,California
Santa Cruz,2021-02-01,1232,31559,753,11793,479,19766,0,0,824,20217,408,5667,824,25884,California
Santa Cruz,2021-02-02,1021,32580,129,11922,892,20658,0,0,865,20927,155,5822,865,26749,California
Santa Cruz,2021-02-03,2237,34817,954,12876,1283,21941,0,0,1919,22533,313,6135,1919,28668,California
Santa Cruz,2021-02-04,1846,36663,757,13633,1089,23030,0,0,1502,23693,342,6477,1502,30170,California
Santa Cruz,2021-02-05,3182,39845,788,14421,2394,25424,0,0,2861,26234,320,6797,2861,33031,California
Santa Cruz,2021-02-06,2581,42426,154,14575,2427,27851,0,0,2236,28125,345,7142,2236,35267,California
Santa Cruz,2021-02-07,918,43344,123,14698,795,28646,0,0,900,29007,18,7160,900,36167,California
Santa Cruz,2021-02-08,718,44062,200,14898,518,29164,0,0,519,29328,198,7358,519,36686,California
Santa Cruz,2021-02-09,2373,46435,1055,15953,1318,30482,0,0,2106,31167,267,7625,2106,38792,California
Santa Cruz,2021-02-10,2209,48644,574,16527,1635,32117,0,0,1507,31984,691,8316,1508,40300,California
Santa Cruz,2021-02-11,1863,50507,316,16843,1547,33664,0,0,1311,32744,551,8867,1311,41611,California
Santa Cruz,2021-02-12,3247,53754,424,17267,2823,36487,0,0,1827,33162,1411,10278,1829,43440,California
Santa Cruz,2021-02-13,1733,55487,125,17392,1608,38095,0,0,1319,34068,413,10691,1319,44759,California
Santa Cruz,2021-02-14,1407,56894,68,17460,1339,39434,0,0,1145,34951,262,10953,1145,45904,California
Santa Cruz,2021-02-15,1589,58483,282,17742,1307,40741,0,0,566,34495,1023,11976,567,46471,California
Santa Cruz,2021-02-16,1717,60200,218,17960,1499,42240,0,0,542,33884,1153,13129,542,47013,California
Santa Cruz,2021-02-17,2933,63133,981,18941,1952,44192,0,0,1220,33407,1700,14829,1223,48236,California
Santa Cruz,2021-02-18,2906,66039,640,19581,2266,46458,0,0,1233,32973,1667,16496,1233,49469,California
Santa Cruz,2021-02-19,3286,69325,1156,20737,2130,48588,0,0,2012,33714,1271,17767,2012,51481,California
Santa Cruz,2021-02-20,2444,71769,1534,22271,910,49498,0,0,1912,35094,532,18299,1912,53393,California
Santa Cruz,2021-02-21,873,72642,382,22653,491,49989,0,0,739,35701,132,18431,739,54132,California
Santa Cruz,2021-02-22,1310,73952,1014,23667,296,50285,0,0,547,35488,760,19191,547,54679,California
Santa Cruz,2021-02-23,2144,76096,969,24636,1175,51460,0,0,724,34795,1417,20608,724,55403,California
Santa Cruz,2021-02-24,3298,79394,1728,26364,1570,53030,0,0,1237,33976,2056,22664,1237,56640,California
Santa Cruz,2021-02-25,3358,82752,1483,27847,1875,54905,0,0,1850,34329,1499,24163,1852,58492,California
Santa Cruz,2021-02-26,2771,85523,771,28618,2000,56905,0,0,1585,34735,1181,25344,1587,60079,California
Santa Cruz,2021-02-27,2681,88204,931,29549,1749,58654,1,1,1877,35812,801,26145,1878,61957,California
Santa Cruz,2021-02-28,1309,89513,370,29919,939,59593,0,1,1084,36674,222,26367,1084,63041,California
Santa Cruz,2021-03-01,1919,91432,1256,31175,663,60256,0,1,729,36216,1187,27554,729,63770,California
Santa Cruz,2021-03-02,1556,92988,372,31547,1184,61440,0,1,873,36410,682,28236,876,64646,California
Santa Cruz,2021-03-03,2379,95367,646,32193,1733,63173,0,1,1305,36643,1072,29308,1305,65951,California
Santa Cruz,2021-03-04,3022,98389,1417,33610,1604,64777,1,2,2031,37697,979,30287,2033,67984,California
Santa Cruz,2021-03-05,2647,101036,502,34112,2127,66904,18,20,1152,37375,1492,31779,1170,69154,California
Santa Cruz,2021-03-06,3870,104906,1346,35458,2419,69323,105,125,2158,37927,1710,33489,2262,71416,California
Santa Cruz,2021-03-07,1393,106299,131,35589,1162,70485,100,225,571,37778,820,34309,671,72087,California
Santa Cruz,2021-03-08,1123,107422,224,35813,763,71248,136,361,669,38127,454,34763,803,72890,California
Santa Cruz,2021-03-09,1828,109250,275,36088,1401,72649,152,513,729,37913,1095,35858,881,73771,California
Santa Cruz,2021-03-10,3906,113156,2104,38192,1653,74302,149,662,2017,38195,1885,37743,2167,75938,California
Santa Cruz,2021-03-11,2839,115995,1228,39420,1437,75739,174,836,1559,38652,1279,39022,1736,77674,California
Santa Cruz,2021-03-12,2791,118786,888,40308,1607,77346,296,1132,927,38013,1860,40882,1221,78895,California
Santa Cruz,2021-03-13,2348,121134,1344,41652,962,78308,42,1174,1185,38080,1160,42042,1227,80122,California
Santa Cruz,2021-03-14,915,122049,221,41873,681,78989,13,1187,439,38057,474,42516,451,80573,California
Santa Cruz,2021-03-15,1366,123415,478,42351,851,79840,37,1224,581,37895,781,43297,619,81192,California
Santa Cruz,2021-03-16,2389,125804,1150,43501,1194,81034,45,1269,1381,38316,1003,44300,1424,82616,California
Santa Cruz,2021-03-17,4075,129879,2420,45921,1644,82678,11,1280,2687,39635,1381,45681,2700,85316,California
Santa Cruz,2021-03-18,3954,133833,2133,48054,1702,84380,119,1399,2115,40032,1836,47517,2233,87549,California
Santa Cruz,2021-03-19,3468,137301,1382,49436,1862,86242,224,1623,1823,40439,1640,49157,2047,89596,California
Santa Cruz,2021-03-20,2249,139550,1648,51084,534,86776,67,1690,1104,40466,1144,50301,1171,90767,California
Santa Cruz,2021-03-21,885,140435,477,51561,282,87058,126,1816,477,40665,405,50706,604,91371,California
Santa Cruz,2021-03-22,1444,141879,882,52443,538,87596,24,1840,1009,41268,431,51137,1034,92405,California
Santa Cruz,2021-03-23,2624,144503,1475,53918,1098,88694,51,1891,1749,42196,872,52009,1800,94205,California
Santa Cruz,2021-03-24,3146,147649,2132,56050,993,89687,21,1912,2088,43253,1051,53060,2108,96313,California
Santa Cruz,2021-03-25,2683,150332,1348,57398,1298,90985,37,1949,1350,43315,1324,54384,1386,97699,California
Santa Cruz,2021-03-26,3170,153502,1834,59232,1308,92293,28,1977,2148,44475,1015,55399,2175,99874,California
Santa Cruz,2021-03-27,3244,156746,2021,61253,1196,93489,27,2004,1514,44299,1719,57118,1543,101417,California
Santa Cruz,2021-03-28,935,157681,579,61832,342,93831,14,2018,490,44362,441,57559,504,101921,California
Santa Cruz,2021-03-29,2019,159700,890,62722,1062,94893,67,2085,1277,44968,738,58297,1344,103265,California
Santa Cruz,2021-03-30,2739,162439,828,63550,1747,96640,164,2249,1738,45872,997,59294,1901,105166,California
Santa Cruz,2021-03-31,4206,166645,2848,66398,1308,97948,50,2299,2208,46138,1992,61286,2258,107424,California
Santa Cruz,2021-04-01,4090,170735,2176,68574,1803,99751,111,2410,2072,46308,2012,63298,2182,109606,California
Santa Cruz,2021-04-02,3322,174057,1432,70006,1709,101460,181,2591,1897,46965,1421,64719,2078,111684,California
Santa Cruz,2021-04-03,2278,176335,1244,71250,898,102358,136,2727,890,46605,1385,66104,1025,112709,California
Santa Cruz,2021-04-04,943,177278,492,71742,395,102753,56,2783,551,46819,392,66496,606,113315,California
Santa Cruz,2021-04-05,2281,179559,795,72537,1318,104071,168,2951,1399,47505,881,67377,1567,114882,California
Santa Cruz,2021-04-06,3437,182996,1670,74207,1384,105455,383,3334,1977,48410,1449,68826,2354,117236,California
Santa Cruz,2021-04-07,4225,187221,1668,75875,2187,107642,370,3704,1817,48191,2404,71230,2185,119421,California
Santa Cruz,2021-04-08,4328,191549,2374,78249,1430,109072,524,4228,2546,49489,1770,73000,3068,122489,California
Santa Cruz,2021-04-09,3755,195304,1528,79777,1814,110886,413,4641,2105,50364,1643,74643,2518,125007,California
Santa Cruz,2021-04-10,2306,197610,1103,80880,939,111825,264,4905,1086,50495,1216,75859,1347,126354,California
Santa Cruz,2021-04-11,1015,198625,532,81412,387,112212,96,5001,491,50557,524,76383,586,126940,California
Santa Cruz,2021-04-12,2347,200972,838,82250,1083,113295,426,5427,1122,50894,1211,77594,1548,128488,California
Santa Cruz,2021-04-13,2974,203946,1481,83731,1491,114786,2,5429,1669,51268,1297,78891,1671,130159,California
Santa Cruz,2021-04-14,4776,208722,2303,86034,2473,117259,0,5429,2303,51111,2462,81353,2305,132464,California
Santa Cruz,2021-04-15,5129,213851,3253,89287,1876,119135,0,5429,3207,52413,1907,83260,3209,135673,California
Santa Cruz,2021-04-16,4622,218473,2563,91850,2057,121192,2,5431,2497,52798,2116,85376,2501,138174,California
Santa Cruz,2021-04-17,2287,220760,911,92761,1376,122568,0,5431,1501,53516,783,86159,1501,139675,California
Santa Cruz,2021-04-18,1121,221881,554,93315,566,123134,1,5432,609,53618,508,86667,610,140285,California
Santa Cruz,2021-04-19,2610,224491,1537,94852,1072,124206,1,5433,1618,54248,988,87655,1618,141903,California
Santa Cruz,2021-04-20,3283,227774,1756,96608,1527,125733,0,5433,1856,54689,1415,89070,1856,143759,California
Santa Cruz,2021-04-21,4429,232203,2979,99587,1450,127183,0,5433,2392,55062,2019,91089,2392,146151,California
Santa Cruz,2021-04-22,4404,236607,2987,102574,1417,128600,0,5433,2457,55583,1937,93026,2458,148609,California
Santa Cruz,2021-04-23,3242,239849,1760,104334,1481,130081,1,5434,1406,55165,1825,94851,1407,150016,California
Santa Cruz,2021-04-24,2265,242114,1089,105423,1173,131254,3,5437,692,54298,1562,96413,695,150711,California
Santa Cruz,2021-04-25,1095,243209,703,106126,379,131633,13,5450,454,54131,632,97045,465,151176,California
Santa Cruz,2021-04-26,2162,245371,1077,107203,1068,132701,17,5467,909,53817,1241,98286,927,152103,California
Santa Cruz,2021-04-27,3031,248402,999,108202,1951,134652,81,5548,1518,53911,1505,99791,1599,153702,California
Santa Cruz,2021-04-28,3516,251918,1963,110165,1476,136128,77,5625,1847,54175,1657,101448,1921,155623,California
Santa Cruz,2021-04-29,3826,255744,2556,112721,1207,137335,63,5688,1346,53116,2470,103918,1411,157034,California
Santa Cruz,2021-04-30,2410,258154,1223,113944,1143,138478,44,5732,1014,52787,1388,105306,1059,158093,California
Santa Cruz,2021-05-01,1313,259467,1042,114986,238,138716,33,5765,602,52716,707,106013,636,158729,California
Santa Cruz,2021-05-02,657,260124,463,115449,168,138884,26,5791,215,52516,442,106455,242,158971,California
Santa Cruz,2021-05-03,1932,262056,997,116446,867,139751,68,5859,653,51972,1267,107722,723,159694,California
Santa Cruz,2021-05-04,2737,264793,1598,118044,1068,140819,71,5930,878,51064,1855,109577,947,160641,California
Santa Cruz,2021-05-05,2827,267620,1424,119468,1323,142142,80,6010,746,49857,2038,111615,831,161472,California
Santa Cruz,2021-05-06,3917,271537,2505,121973,1191,143333,221,6231,878,47933,3020,114635,1096,162568,California
Santa Cruz,2021-05-07,2805,274342,1302,123275,1420,144753,83,6314,437,46092,2363,116998,522,163090,California
Santa Cruz,2021-05-08,1422,275764,742,124017,652,145405,28,6342,389,45480,1031,118029,419,163509,California
Santa Cruz,2021-05-09,530,276294,338,124355,169,145574,23,6365,155,45284,374,118403,178,163687,California
Santa Cruz,2021-05-10,2118,278412,1278,125633,774,146348,66,6431,411,44063,1698,120101,477,164164,California
Santa Cruz,2021-05-11,2427,280839,1377,127010,961,147309,89,6520,644,43017,1778,121879,732,164896,California
Santa Cruz,2021-05-12,3230,284069,1408,128418,1741,149050,81,6601,556,40991,2664,124543,638,165534,California
Santa Cruz,2021-05-13,3938,288007,2663,131081,1181,150231,94,6695,1393,39940,2540,127083,1489,167023,California
Santa Cruz,2021-05-14,2998,291005,1634,132715,1324,151555,40,6735,1135,39264,1854,128937,1178,168201,California
Santa Cruz,2021-05-15,2290,293295,1324,134039,954,152509,12,6747,1111,39211,1176,130113,1123,169324,California
Santa Cruz,2021-05-16,806,294101,430,134469,354,152863,22,6769,249,38928,555,130668,272,169596,California
Santa Cruz,2021-05-17,1553,295654,802,135271,680,153543,71,6840,527,38501,1025,131693,598,170194,California
Santa Cruz,2021-05-18,2339,297993,1435,136706,880,154423,24,6864,1108,38409,1224,132917,1132,171326,California
Santa Cruz,2021-05-19,3116,301109,1874,138580,1205,155628,37,6901,1305,37948,1803,134720,1342,172668,California
Santa Cruz,2021-05-20,3400,304509,2437,141017,815,156443,148,7049,1572,37845,1823,136543,1720,174388,California
Santa Cruz,2021-05-21,1784,306293,914,141931,781,157224,89,7138,605,37366,1174,137717,695,175083,California
Santa Cruz,2021-05-22,1722,308015,1330,143261,381,157605,11,7149,599,36857,1120,138837,611,175694,California
Santa Cruz,2021-05-23,478,308493,270,143531,189,157794,19,7168,148,36697,327,139164,167,175861,California
Santa Cruz,2021-05-24,1194,309687,687,144218,428,158222,79,7247,303,36196,883,140047,382,176243,California
Santa Cruz,2021-05-25,2284,311971,1303,145521,936,159158,45,7292,460,35024,1677,141724,505,176748,California
Santa Cruz,2021-05-26,1753,313724,820,146341,888,160046,45,7337,473,34275,1267,142991,518,177266,California
Santa Cruz,2021-05-27,1323,315047,718,147059,501,160547,104,7441,443,33949,873,143864,547,177813,California
Santa Cruz,2021-05-28,847,315894,374,147433,443,160990,30,7471,357,33857,480,144344,388,178201,California
Santa Cruz,2021-05-29,596,316490,338,147771,245,161235,13,7484,320,33917,273,144617,333,178534,California
Santa Cruz,2021-05-30,243,316733,119,147890,110,161345,14,7498,92,33874,148,144765,105,178639,California
Santa Cruz,2021-05-31,144,316877,62,147952,81,161426,1,7499,45,33821,99,144864,46,178685,California
Santa Cruz,2021-06-01,950,317827,581,148533,356,161782,13,7512,343,33571,605,145469,355,179040,California
Santa Cruz,2021-06-02,901,318728,526,149059,334,162116,41,7553,338,33392,558,146027,379,179419,California
Santa Cruz,2021-06-03,2278,321006,1534,150593,706,162822,38,7591,531,32224,1737,147764,569,179988,California
Santa Cruz,2021-06-04,1062,322068,729,151322,299,163121,34,7625,245,31694,810,148574,280,180268,California
Santa Cruz,2021-06-05,1032,323100,836,152158,191,163312,5,7630,188,31047,840,149414,193,180461,California
Santa Cruz,2021-06-06,408,323508,303,152461,88,163400,17,7647,110,30879,295,149709,127,180588,California
Santa Cruz,2021-06-07,852,324360,634,153095,188,163588,30,7677,236,30529,616,150325,266,180854,California
Santa Cruz,2021-06-08,1471,325831,1173,154268,272,163860,26,7703,312,29713,1155,151480,339,181193,California
Santa Cruz,2021-06-09,1434,327265,1130,155398,287,164147,17,7720,285,28874,1142,152622,303,181496,California
Santa Cruz,2021-06-10,1961,329226,1610,157008,284,164431,67,7787,350,27683,1605,154227,414,181910,California
Santa Cruz,2021-06-11,819,330045,509,157517,275,164706,35,7822,287,27476,527,154754,320,182230,California
Santa Cruz,2021-06-12,965,331010,848,158365,111,164817,6,7828,166,26851,797,155551,172,182402,California
Santa Cruz,2021-06-13,201,331211,133,158498,46,164863,22,7850,31,26734,170,155721,53,182455,California
Santa Cruz,2021-06-14,556,331767,356,158854,165,165028,35,7885,162,26538,392,156113,196,182651,California
Santa Cruz,2021-06-15,928,332695,683,159537,223,165251,22,7907,339,26314,586,156699,362,183013,California
Santa Cruz,2021-06-16,800,333495,593,160130,173,165424,34,7941,258,26067,538,157237,291,183304,California
Santa Cruz,2021-06-17,797,334292,618,160748,140,165564,39,7980,298,25907,496,157733,336,183640,California
Santa Cruz,2021-06-18,640,334932,391,161139,219,165783,30,8010,288,25876,349,158082,318,183958,California
Santa Cruz,2021-06-19,329,335261,260,161399,63,165846,6,8016,116,25788,210,158292,122,184080,California
Santa Cruz,2021-06-20,161,335422,114,161513,29,165875,18,8034,69,25783,92,158384,87,184167,California
Santa Cruz,2021-06-21,346,335768,244,161757,83,165958,19,8053,180,25817,165,158549,199,184366,California
Santa Cruz,2021-06-22,672,336440,473,162230,169,166127,30,8083,261,25699,410,158959,292,184658,California
Santa Cruz,2021-06-23,394,336834,280,162510,104,166231,10,8093,192,25703,196,159155,200,184858,California
Santa Cruz,2021-06-24,533,337367,379,162889,111,166342,43,8136,214,25642,317,159472,256,185114,California
Santa Cruz,2021-06-25,555,337922,368,163257,157,166499,30,8166,260,25641,291,159763,290,185404,California
Santa Cruz,2021-06-26,259,338181,161,163418,89,166588,9,8175,106,25605,151,159914,115,185519,California
Santa Cruz,2021-06-27,180,338361,131,163549,19,166607,30,8205,63,25581,117,160031,93,185612,California
Santa Cruz,2021-06-28,472,338833,384,163933,76,166683,12,8217,208,25537,264,160295,220,185832,California
Santa Cruz,2021-06-29,739,339572,573,164506,137,166820,29,8246,285,25399,451,160746,313,186145,California
Santa Cruz,2021-06-30,426,339998,290,164796,112,166932,24,8270,181,25361,243,160989,205,186350,California
Santa Cruz,2021-07-01,412,340410,293,165089,107,167039,12,8282,185,25333,225,161214,197,186547,California
Santa Cruz,2021-07-02,447,340857,328,165417,102,167141,17,8299,197,25303,244,161458,214,186761,California
Santa Cruz,2021-07-03,220,341077,155,165572,61,167202,4,8303,93,25274,126,161584,97,186858,California
Santa Cruz,2021-07-04,11,341088,9,165581,1,167203,1,8304,8,25280,3,161587,9,186867,California
Santa Cruz,2021-07-05,210,341298,168,165749,40,167243,2,8306,117,25307,91,161678,118,186985,California
Santa Cruz,2021-07-06,698,341996,586,166335,97,167340,15,8321,218,25066,474,162152,233,187218,California
Santa Cruz,2021-07-07,321,342317,238,166573,74,167414,9,8330,115,24985,205,162357,124,187342,California
Shasta,2020-12-16,131,131,131,131,0,0,0,0,131,131,0,0,131,131,California
Shasta,2020-12-17,422,553,422,553,0,0,0,0,422,553,0,0,422,553,California
Shasta,2020-12-18,166,719,166,719,0,0,0,0,166,719,0,0,166,719,California
Shasta,2020-12-19,1,720,1,720,0,0,0,0,1,720,0,0,1,720,California
Shasta,2020-12-21,78,798,78,798,0,0,0,0,78,798,0,0,78,798,California
Shasta,2020-12-22,201,999,196,994,5,5,0,0,201,999,0,0,201,999,California
Shasta,2020-12-23,173,1172,169,1163,4,9,0,0,173,1172,0,0,173,1172,California
Shasta,2020-12-24,18,1190,18,1181,0,9,0,0,18,1190,0,0,18,1190,California
Shasta,2020-12-26,4,1194,1,1182,3,12,0,0,4,1194,0,0,4,1194,California
Shasta,2020-12-27,1,1195,0,1182,1,13,0,0,1,1195,0,0,1,1195,California
Shasta,2020-12-28,41,1236,31,1213,10,23,0,0,41,1236,0,0,41,1236,California
Shasta,2020-12-29,186,1422,185,1398,1,24,0,0,186,1422,0,0,186,1422,California
Shasta,2020-12-30,177,1599,167,1565,10,34,0,0,177,1599,0,0,177,1599,California
Shasta,2020-12-31,83,1682,2,1567,81,115,0,0,83,1682,0,0,83,1682,California
Shasta,2021-01-02,2,1684,0,1567,2,117,0,0,2,1684,0,0,2,1684,California
Shasta,2021-01-03,1,1685,1,1568,0,117,0,0,1,1685,0,0,1,1685,California
Shasta,2021-01-04,374,2059,308,1876,66,183,0,0,375,2060,0,0,375,2060,California
Shasta,2021-01-05,338,2397,315,2191,23,206,0,0,256,2234,82,82,256,2316,California
Shasta,2021-01-06,466,2863,395,2586,71,277,0,0,203,2175,262,344,203,2519,California
Shasta,2021-01-07,127,2990,37,2623,90,367,0,0,105,2258,22,366,105,2624,California
Shasta,2021-01-08,524,3514,447,3070,77,444,0,0,316,2366,208,574,316,2940,California
Shasta,2021-01-09,73,3587,64,3134,9,453,0,0,71,2435,2,576,71,3011,California
Shasta,2021-01-10,5,3592,0,3134,5,458,0,0,3,2438,2,578,5,3016,California
Shasta,2021-01-11,416,4008,194,3328,222,680,0,0,372,2766,44,622,372,3388,California
Shasta,2021-01-12,488,4496,332,3660,156,836,0,0,312,2903,176,798,313,3701,California
Shasta,2021-01-13,601,5097,268,3928,333,1169,0,0,431,3165,170,968,432,4133,California
Shasta,2021-01-14,504,5601,52,3980,452,1621,0,0,486,3633,18,986,486,4619,California
Shasta,2021-01-15,691,6292,136,4116,555,2176,0,0,689,4320,2,988,689,5308,California
Shasta,2021-01-16,897,7189,54,4170,843,3019,0,0,894,5211,3,991,894,6202,California
Shasta,2021-01-17,27,7216,6,4176,21,3040,0,0,23,5230,4,995,23,6225,California
Shasta,2021-01-18,598,7814,128,4304,470,3510,0,0,590,5812,8,1003,590,6815,California
Shasta,2021-01-19,1078,8892,414,4718,664,4174,0,0,929,6592,149,1152,929,7744,California
Shasta,2021-01-20,757,9649,490,5208,267,4441,0,0,572,6984,180,1332,572,8316,California
Shasta,2021-01-21,688,10337,334,5542,354,4795,0,0,666,7628,22,1354,666,8982,California
Shasta,2021-01-22,451,10788,178,5720,273,5068,0,0,445,8067,6,1360,445,9427,California
Shasta,2021-01-23,69,10857,5,5725,64,5132,0,0,67,8132,2,1362,67,9494,California
Shasta,2021-01-24,26,10883,3,5728,23,5155,0,0,25,8156,1,1363,25,9519,California
Shasta,2021-01-25,763,11646,503,6231,260,5415,0,0,472,8338,290,1653,472,9991,California
Shasta,2021-01-26,714,12360,334,6565,380,5795,0,0,477,8582,234,1887,478,10469,California
Shasta,2021-01-27,463,12823,181,6746,282,6077,0,0,413,8946,49,1936,413,10882,California
Shasta,2021-01-28,928,13751,591,7337,337,6414,0,0,706,9430,222,2158,706,11588,California
Shasta,2021-01-29,834,14585,331,7668,503,6917,0,0,644,9886,189,2347,645,12233,California
Shasta,2021-01-30,616,15201,14,7682,602,7519,0,0,606,10482,10,2357,606,12839,California
Shasta,2021-01-31,27,15228,4,7686,23,7542,0,0,25,10505,2,2359,25,12864,California
Shasta,2021-02-01,536,15764,153,7839,383,7925,0,0,389,10747,147,2506,389,13253,California
Shasta,2021-02-02,995,16759,502,8341,493,8418,0,0,902,11558,91,2597,902,14155,California
Shasta,2021-02-03,728,17487,213,8554,515,8933,0,0,492,11814,236,2833,492,14647,California
Shasta,2021-02-04,1104,18591,677,9231,427,9360,0,0,908,12529,193,3026,908,15555,California
Shasta,2021-02-05,1272,19863,169,9400,1103,10463,0,0,1060,13379,210,3236,1060,16615,California
Shasta,2021-02-06,1764,21627,40,9440,1724,12187,0,0,1739,15094,25,3261,1740,18355,California
Shasta,2021-02-07,25,21652,3,9443,22,12209,0,0,23,15115,2,3263,23,18378,California
Shasta,2021-02-08,600,22252,169,9612,431,12640,0,0,308,15132,291,3554,308,18686,California
Shasta,2021-02-09,1139,23391,669,10281,470,13110,0,0,707,15408,432,3986,708,19394,California
Shasta,2021-02-10,1129,24520,792,11073,337,13447,0,0,545,15370,583,4569,545,19939,California
Shasta,2021-02-11,894,25414,188,11261,706,14153,0,0,316,15113,573,5142,316,20255,California
Shasta,2021-02-12,1806,27220,1219,12480,587,14740,0,0,1244,15795,562,5704,1244,21499,California
Shasta,2021-02-13,1382,28602,374,12854,1008,15748,0,0,569,15553,812,6516,570,22069,California
Shasta,2021-02-14,150,28752,5,12859,145,15893,0,0,124,15651,26,6542,124,22193,California
Shasta,2021-02-15,395,29147,106,12965,289,16182,0,0,213,15682,182,6724,213,22406,California
Shasta,2021-02-16,1204,30351,523,13488,681,16863,0,0,426,15332,776,7500,426,22832,California
Shasta,2021-02-17,1038,31389,439,13927,599,17462,0,0,411,15116,627,8127,411,23243,California
Shasta,2021-02-18,973,32362,486,14413,487,17949,0,0,462,15069,510,8637,463,23706,California
Shasta,2021-02-19,1347,33709,953,15366,394,18343,0,0,873,15469,473,9110,873,24579,California
Shasta,2021-02-20,819,34528,101,15467,718,19061,0,0,320,15290,499,9609,320,24899,California
Shasta,2021-02-21,34,34562,3,15470,31,19092,0,0,12,15280,22,9631,12,24911,California
Shasta,2021-02-22,441,35003,83,15553,358,19450,0,0,185,15210,255,9886,185,25096,California
Shasta,2021-02-23,928,35931,479,16032,449,19899,0,0,331,14945,596,10482,331,25427,California
Shasta,2021-02-24,906,36837,516,16548,390,20289,0,0,284,14610,619,11101,284,25711,California
Shasta,2021-02-25,528,37365,173,16721,355,20644,0,0,144,14372,382,11483,144,25855,California
Shasta,2021-02-26,800,38165,100,16821,700,21344,0,0,337,14248,461,11944,337,26192,California
Shasta,2021-02-27,888,39053,77,16898,811,22155,0,0,241,13848,641,12585,241,26433,California
Shasta,2021-02-28,177,39230,4,16902,173,22328,0,0,128,13927,49,12634,128,26561,California
Shasta,2021-03-01,587,39817,61,16963,526,22854,0,0,296,13933,290,12924,296,26857,California
Shasta,2021-03-02,1036,40853,476,17439,560,23414,0,0,337,13573,697,13621,337,27194,California
Shasta,2021-03-03,682,41535,176,17615,506,23920,0,0,245,13382,436,14057,245,27439,California
Shasta,2021-03-04,3110,44645,2490,20105,620,24540,0,0,1789,13855,1316,15373,1789,29228,California
Shasta,2021-03-05,1942,46587,163,20268,1750,26290,29,29,800,13542,1142,16515,829,30057,California
Shasta,2021-03-06,2755,49342,385,20653,2324,28614,46,75,840,12516,1912,18427,886,30943,California
Shasta,2021-03-07,103,49445,4,20657,60,28674,39,114,40,12531,63,18490,78,31021,California
Shasta,2021-03-08,577,50022,50,20707,385,29059,142,256,158,12413,417,18907,299,31320,California
Shasta,2021-03-09,1257,51279,597,21304,482,29541,178,434,697,12729,558,19465,874,32194,California
Shasta,2021-03-10,802,52081,256,21560,345,29886,201,635,142,12411,660,20125,342,32536,California
Shasta,2021-03-11,1558,53639,472,22032,815,30701,271,906,941,13009,613,20738,1211,33747,California
Shasta,2021-03-12,1560,55199,849,22881,465,31166,246,1152,409,12513,1150,21888,654,34401,California
Shasta,2021-03-13,823,56022,426,23307,299,31465,98,1250,494,12776,327,22215,590,34991,California
Shasta,2021-03-14,1017,57039,8,23315,986,32451,23,1273,878,13540,139,22354,903,35894,California
Shasta,2021-03-15,499,57538,37,23352,363,32814,99,1372,209,13557,290,22644,307,36201,California
Shasta,2021-03-16,1147,58685,151,23503,928,33742,68,1440,858,14196,287,22931,926,37127,California
Shasta,2021-03-17,741,59426,192,23695,491,34233,58,1498,395,14312,337,23268,453,37580,California
Shasta,2021-03-18,1548,60974,589,24284,855,35088,104,1602,1114,15100,430,23698,1218,38798,California
Shasta,2021-03-19,648,61622,198,24482,394,35482,56,1658,410,15329,237,23935,466,39264,California
Shasta,2021-03-20,747,62369,488,24970,245,35727,14,1672,543,15682,204,24139,557,39821,California
Shasta,2021-03-21,313,62682,298,25268,4,35731,11,1683,285,15951,27,24166,296,40117,California
Shasta,2021-03-22,349,63031,39,25307,274,36005,36,1719,199,16038,148,24314,235,40352,California
Shasta,2021-03-23,1312,64343,652,25959,601,36606,59,1778,755,16301,551,24865,814,41166,California
Shasta,2021-03-24,614,64957,156,26115,420,37026,38,1816,367,16460,246,25111,405,41571,California
Shasta,2021-03-25,1133,66090,452,26567,660,37686,21,1837,819,16990,311,25422,841,42412,California
Shasta,2021-03-26,1839,67929,1403,27970,406,38092,30,1867,1475,18133,363,25785,1506,43918,California
Shasta,2021-03-27,1596,69525,406,28376,318,38410,872,2739,577,18560,1017,26802,1444,45362,California
Shasta,2021-03-28,409,69934,301,28677,98,38508,10,2749,302,18767,105,26907,312,45674,California
Shasta,2021-03-29,420,70354,40,28717,368,38876,12,2761,166,18693,252,27159,178,45852,California
Shasta,2021-03-30,1246,71600,770,29487,459,39335,17,2778,624,18715,619,27778,641,46493,California
Shasta,2021-03-31,619,72219,207,29694,406,39741,6,2784,383,18872,232,28010,389,46882,California
Shasta,2021-04-01,899,73118,247,29941,639,40380,13,2797,575,19138,322,28332,588,47470,California
Shasta,2021-04-02,757,73875,198,30139,504,40884,55,2852,412,19263,342,28674,467,47937,California
Shasta,2021-04-03,512,74387,361,30500,132,41016,19,2871,388,19546,124,28798,407,48344,California
Shasta,2021-04-04,294,74681,175,30675,98,41114,21,2892,218,19709,76,28874,239,48583,California
Shasta,2021-04-05,444,75125,70,30745,311,41425,63,2955,253,19834,191,29065,316,48899,California
Shasta,2021-04-06,1172,76297,487,31232,507,41932,178,3133,540,19923,628,29693,717,49616,California
Shasta,2021-04-07,662,76959,215,31447,282,42214,165,3298,258,19944,400,30093,421,50037,California
Shasta,2021-04-08,1151,78110,263,31710,732,42946,156,3454,221,19394,925,31018,375,50412,California
Shasta,2021-04-09,2602,80712,2079,33789,310,43256,213,3667,2018,21044,577,31595,2227,52639,California
Shasta,2021-04-10,885,81597,597,34386,157,43413,131,3798,245,20779,639,32234,374,53013,California
Shasta,2021-04-11,1252,82849,399,34785,833,44246,20,3818,144,19839,1104,33338,164,53177,California
Shasta,2021-04-12,344,83193,7,34792,273,44519,64,3882,98,19755,245,33583,161,53338,California
Shasta,2021-04-13,1279,84472,368,35160,909,45428,2,3884,340,19162,934,34517,341,53679,California
Shasta,2021-04-14,596,85068,143,35303,451,45879,2,3886,220,19009,375,34892,222,53901,California
Shasta,2021-04-15,1082,86150,258,35561,824,46703,0,3886,300,18532,777,35669,300,54201,California
Shasta,2021-04-16,2363,88513,1861,37422,502,47205,0,3886,951,18074,1410,37079,952,55153,California
Shasta,2021-04-17,648,89161,417,37839,231,47436,0,3886,193,17813,455,37534,194,55347,California
Shasta,2021-04-18,270,89431,244,38083,26,47462,0,3886,35,17615,233,37767,35,55382,California
Shasta,2021-04-19,387,89818,28,38111,359,47821,0,3886,168,17564,219,37986,168,55550,California
Shasta,2021-04-20,1031,90849,266,38377,765,48586,0,3886,386,17307,643,38629,386,55936,California
Shasta,2021-04-21,624,91473,228,38605,396,48982,0,3886,317,17317,307,38936,317,56253,California
Shasta,2021-04-22,968,92441,285,38890,683,49665,0,3886,299,16950,666,39602,299,56552,California
Shasta,2021-04-23,669,93110,263,39153,406,50071,0,3886,339,16960,329,39931,339,56891,California
Shasta,2021-04-24,601,93711,358,39511,242,50313,1,3887,109,16579,490,40421,109,57000,California
Shasta,2021-04-25,211,93922,181,39692,29,50342,1,3888,37,16443,174,40595,38,57038,California
Shasta,2021-04-26,505,94427,57,39749,443,50785,5,3893,356,16656,147,40742,360,57398,California
Shasta,2021-04-27,553,94980,183,39932,331,51116,39,3932,302,16748,247,40989,339,57737,California
Shasta,2021-04-28,586,95566,166,40098,387,51503,33,3965,251,16696,335,41324,283,58020,California
Shasta,2021-04-29,782,96348,121,40219,637,52140,24,3989,179,16297,602,41926,203,58223,California
Shasta,2021-04-30,2276,98624,1849,42068,395,52535,32,4021,270,14595,2004,43930,302,58525,California
Shasta,2021-05-01,233,98857,21,42089,136,52671,76,4097,104,14646,129,44059,180,58705,California
Shasta,2021-05-02,49,98906,17,42106,19,52690,13,4110,22,14654,27,44086,35,58740,California
Shasta,2021-05-03,358,99264,99,42205,233,52923,26,4136,114,14552,242,44328,140,58880,California
Shasta,2021-05-04,535,99799,201,42406,295,53218,39,4175,252,14563,280,44608,291,59171,California
Shasta,2021-05-05,452,100251,152,42558,282,53500,18,4193,207,14543,245,44853,225,59396,California
Shasta,2021-05-06,692,100943,263,42821,389,53889,40,4233,296,14490,387,45240,334,59730,California
Shasta,2021-05-07,1120,102063,742,43563,338,54227,40,4273,301,14013,818,46058,341,60071,California
Shasta,2021-05-08,176,102239,86,43649,79,54306,11,4284,104,14055,72,46130,114,60185,California
Shasta,2021-05-09,65,102304,15,43664,45,54351,5,4289,34,14063,31,46161,39,60224,California
Shasta,2021-05-10,258,102562,23,43687,186,54537,49,4338,112,14078,144,46305,159,60383,California
Shasta,2021-05-11,523,103085,160,43847,212,54749,151,4489,182,14071,340,46645,333,60716,California
Shasta,2021-05-12,398,103483,147,43994,227,54976,24,4513,133,13964,264,46909,157,60873,California
Shasta,2021-05-13,584,104067,241,44235,326,55302,17,4530,225,13849,357,47266,242,61115,California
Shasta,2021-05-14,646,104713,275,44510,345,55647,26,4556,295,13822,349,47615,322,61437,California
Shasta,2021-05-15,399,105112,130,44640,166,55813,103,4659,168,13862,230,47845,270,61707,California
Shasta,2021-05-16,222,105334,155,44795,57,55870,10,4669,163,13976,59,47904,173,61880,California
Shasta,2021-05-17,538,105872,247,45042,231,56101,60,4729,282,14063,255,48159,342,62222,California
Shasta,2021-05-18,620,106492,293,45335,302,56403,25,4754,325,14119,294,48453,350,62572,California
Shasta,2021-05-19,590,107082,278,45613,244,56647,68,4822,279,14159,307,48760,347,62919,California
Shasta,2021-05-20,570,107652,255,45868,296,56943,19,4841,264,14138,303,49063,282,63201,California
Shasta,2021-05-21,659,108311,301,46169,339,57282,19,4860,331,14163,325,49388,350,63551,California
Shasta,2021-05-22,235,108546,134,46303,93,57375,8,4868,143,14226,89,49477,152,63703,California
Shasta,2021-05-23,112,108658,47,46350,56,57431,9,4877,67,14257,45,49522,76,63779,California
Shasta,2021-05-24,547,109205,171,46521,344,57775,32,4909,191,14126,354,49876,223,64002,California
Shasta,2021-05-25,475,109680,207,46728,223,57998,45,4954,160,14019,311,50187,204,64206,California
Shasta,2021-05-26,372,110052,146,46874,201,58199,25,4979,147,13967,224,50411,172,64378,California
Shasta,2021-05-27,418,110470,152,47026,257,58456,9,4988,155,13871,260,50671,164,64542,California
Shasta,2021-05-28,441,110911,197,47223,215,58671,29,5017,204,13870,234,50905,233,64775,California
Shasta,2021-05-29,227,111138,66,47289,130,58801,31,5048,89,13850,138,51043,118,64893,California
Shasta,2021-05-30,84,111222,48,47337,34,58835,2,5050,53,13874,31,51074,55,64948,California
Shasta,2021-05-31,34,111256,8,47345,25,58860,1,5051,11,13864,22,51096,12,64960,California
Shasta,2021-06-01,523,111779,154,47499,224,59084,145,5196,133,13759,384,51480,279,65239,California
Shasta,2021-06-02,293,112072,119,47618,165,59249,9,5205,119,13715,172,51652,128,65367,California
Shasta,2021-06-03,372,112444,159,47777,204,59453,9,5214,120,13593,251,51903,129,65496,California
Shasta,2021-06-04,566,113010,281,48058,257,59710,28,5242,197,13451,367,52270,225,65721,California
Shasta,2021-06-05,261,113271,156,48214,88,59798,17,5259,79,13367,181,52451,97,65818,California
Shasta,2021-06-06,162,113433,128,48342,32,59830,2,5261,48,13303,114,52565,50,65868,California
Shasta,2021-06-07,404,113837,236,48578,151,59981,17,5278,108,13133,295,52860,125,65993,California
Shasta,2021-06-08,514,114351,308,48886,160,60141,46,5324,152,12971,359,53219,197,66190,California
Shasta,2021-06-09,483,114834,272,49158,123,60264,88,5412,111,12801,369,53588,199,66389,California
Shasta,2021-06-10,411,115245,246,49404,140,60404,25,5437,127,12675,278,53866,152,66541,California
Shasta,2021-06-11,465,115710,253,49657,175,60579,37,5474,127,12502,336,54202,163,66704,California
Shasta,2021-06-12,211,115921,138,49795,67,60646,6,5480,77,12452,133,54335,83,66787,California
Shasta,2021-06-13,90,116011,56,49851,32,60678,2,5482,26,12416,64,54399,28,66815,California
Shasta,2021-06-14,284,116295,155,50006,111,60789,18,5500,83,12317,200,54599,101,66916,California
Shasta,2021-06-15,462,116757,233,50239,113,60902,116,5616,160,12291,296,54895,270,67186,California
Shasta,2021-06-16,259,117016,153,50392,94,60996,12,5628,83,12215,171,55066,95,67281,California
Shasta,2021-06-17,282,117298,117,50509,129,61125,36,5664,98,12166,183,55249,134,67415,California
Shasta,2021-06-18,367,117665,224,50733,122,61247,21,5685,154,12129,212,55461,175,67590,California
Shasta,2021-06-19,115,117780,75,50808,38,61285,2,5687,52,12121,62,55523,54,67644,California
Shasta,2021-06-20,57,117837,36,50844,18,61303,3,5690,21,12109,36,55559,24,67668,California
Shasta,2021-06-21,202,118039,64,50908,109,61412,29,5719,81,12099,120,55679,110,67778,California
Shasta,2021-06-22,374,118413,142,51050,81,61493,151,5870,94,12062,272,55951,235,68013,California
Shasta,2021-06-23,222,118635,131,51181,74,61567,17,5887,93,12044,128,56079,110,68123,California
Shasta,2021-06-24,227,118862,137,51318,71,61638,19,5906,91,12020,134,56213,110,68233,California
Shasta,2021-06-25,298,119160,203,51521,82,61720,13,5919,123,11980,175,56388,135,68368,California
Shasta,2021-06-26,137,119297,80,51601,47,61767,10,5929,55,11964,81,56469,65,68433,California
Shasta,2021-06-27,68,119365,45,51646,19,61786,4,5933,24,11948,44,56513,28,68461,California
Shasta,2021-06-28,187,119552,121,51767,49,61835,17,5950,92,11962,95,56608,109,68570,California
Shasta,2021-06-29,267,119819,157,51924,82,61917,28,5978,99,11924,165,56773,127,68697,California
Shasta,2021-06-30,208,120027,120,52044,76,61993,12,5990,90,11910,116,56889,102,68799,California
Shasta,2021-07-01,211,120238,138,52182,62,62055,11,6001,84,11880,125,57014,95,68894,California
Shasta,2021-07-02,266,120504,171,52353,81,62136,14,6015,120,11871,143,57157,134,69028,California
Shasta,2021-07-03,117,120621,79,52432,32,62168,6,6021,51,11862,66,57223,57,69085,California
Shasta,2021-07-04,5,120626,1,52433,3,62171,1,6022,1,11860,4,57227,2,69087,California
Shasta,2021-07-05,110,120736,61,52494,39,62210,10,6032,47,11855,62,57289,57,69144,California
Shasta,2021-07-06,286,121022,164,52658,102,62312,20,6052,88,11768,195,57484,108,69252,California
Shasta,2021-07-07,114,121136,61,52719,33,62345,20,6072,40,11755,73,57557,60,69312,California
Sierra,2020-12-18,1,1,1,1,0,0,0,0,1,1,0,0,1,1,California
Sierra,2020-12-21,2,3,2,3,0,0,0,0,2,3,0,0,2,3,California
Sierra,2020-12-22,12,15,12,15,0,0,0,0,12,15,0,0,12,15,California
Sierra,2020-12-23,4,19,4,19,0,0,0,0,4,19,0,0,4,19,California
Sierra,2020-12-28,1,20,0,19,1,1,0,0,1,20,0,0,1,20,California
Sierra,2020-12-29,50,70,7,26,43,44,0,0,50,70,0,0,50,70,California
Sierra,2020-12-30,2,72,0,26,2,46,0,0,2,72,0,0,2,72,California
Sierra,2020-12-31,13,85,0,26,13,59,0,0,13,85,0,0,13,85,California
Sierra,2021-01-01,1,86,1,27,0,59,0,0,1,86,0,0,1,86,California
Sierra,2021-01-05,63,149,2,29,61,120,0,0,63,149,0,0,63,149,California
Sierra,2021-01-06,1,150,1,30,0,120,0,0,1,150,0,0,1,150,California
Sierra,2021-01-07,21,171,1,31,20,140,0,0,20,169,1,1,20,170,California
Sierra,2021-01-08,1,172,1,32,0,140,0,0,1,170,0,1,1,171,California
Sierra,2021-01-11,3,175,3,35,0,140,0,0,0,167,3,4,0,171,California
Sierra,2021-01-12,39,214,12,47,27,167,0,0,27,182,12,16,27,198,California
Sierra,2021-01-13,4,218,3,50,1,168,0,0,1,180,3,19,1,199,California
Sierra,2021-01-14,35,253,2,52,33,201,0,0,35,215,0,19,35,234,California
Sierra,2021-01-15,3,256,1,53,2,203,0,0,3,218,0,19,3,237,California
Sierra,2021-01-18,3,259,0,53,3,206,0,0,3,221,0,19,3,240,California
Sierra,2021-01-19,31,290,0,53,31,237,0,0,31,252,0,19,31,271,California
Sierra,2021-01-20,1,291,1,54,0,237,0,0,1,253,0,19,1,272,California
Sierra,2021-01-21,52,343,0,54,52,289,0,0,52,305,0,19,52,324,California
Sierra,2021-01-22,2,345,0,54,2,291,0,0,2,307,0,19,2,326,California
Sierra,2021-01-23,2,347,0,54,2,293,0,0,2,309,0,19,2,328,California
Sierra,2021-01-25,1,348,1,55,0,293,0,0,1,310,0,19,1,329,California
Sierra,2021-01-26,63,411,1,56,62,355,0,0,24,295,39,58,24,353,California
Sierra,2021-01-27,4,415,4,60,0,355,0,0,0,291,4,62,0,353,California
Sierra,2021-01-28,53,468,0,60,53,408,0,0,43,324,10,72,43,396,California
Sierra,2021-01-29,2,470,0,60,2,410,0,0,2,326,0,72,2,398,California
Sierra,2021-01-30,3,473,3,63,0,410,0,0,2,327,1,73,2,400,California
Sierra,2021-02-01,1,474,0,63,1,411,0,0,0,326,1,74,0,400,California
Sierra,2021-02-02,57,531,1,64,56,467,0,0,18,305,39,113,18,418,California
Sierra,2021-02-03,6,537,5,69,1,468,0,0,5,309,1,114,5,423,California
Sierra,2021-02-04,102,639,5,74,97,565,0,0,53,313,49,163,53,476,California
Sierra,2021-02-05,6,645,4,78,2,567,0,0,5,317,1,164,5,481,California
Sierra,2021-02-09,51,696,0,78,51,618,0,0,48,362,3,167,48,529,California
Sierra,2021-02-10,5,701,2,80,3,621,0,0,4,365,1,168,4,533,California
Sierra,2021-02-11,195,896,1,81,194,815,0,0,134,438,61,229,134,667,California
Sierra,2021-02-12,20,916,0,81,20,835,0,0,20,458,0,229,20,687,California
Sierra,2021-02-13,1,917,1,82,0,835,0,0,1,459,0,229,1,688,California
Sierra,2021-02-15,4,921,3,85,1,836,0,0,0,455,4,233,0,688,California
Sierra,2021-02-16,43,964,1,86,42,878,0,0,10,432,33,266,10,698,California
Sierra,2021-02-17,4,968,0,86,4,882,0,0,1,430,3,269,1,699,California
Sierra,2021-02-18,139,1107,0,86,139,1021,0,0,90,471,49,318,90,789,California
Sierra,2021-02-19,2,1109,1,87,1,1022,0,0,1,471,1,319,1,790,California
Sierra,2021-02-20,2,1111,2,89,0,1022,0,0,0,469,2,321,0,790,California
Sierra,2021-02-22,1,1112,1,90,0,1022,0,0,1,470,0,321,1,791,California
Sierra,2021-02-23,4,1116,0,90,4,1026,0,0,4,474,0,321,4,795,California
Sierra,2021-02-24,3,1119,2,92,1,1027,0,0,3,477,0,321,3,798,California
Sierra,2021-02-25,124,1243,2,94,122,1149,0,0,58,470,65,386,58,856,California
Sierra,2021-02-26,11,1254,6,100,5,1154,0,0,4,467,7,393,4,860,California
Sierra,2021-02-27,2,1256,2,102,0,1154,0,0,0,465,2,395,0,860,California
Sierra,2021-03-01,2,1258,2,104,0,1154,0,0,0,463,2,397,0,860,California
Sierra,2021-03-02,56,1314,0,104,56,1210,0,0,38,483,18,415,38,898,California
Sierra,2021-03-03,2,1316,2,106,0,1210,0,0,1,483,1,416,1,899,California
Sierra,2021-03-04,108,1424,0,106,108,1318,0,0,60,495,48,464,60,959,California
Sierra,2021-03-05,13,1437,1,107,12,1330,0,0,11,504,2,466,11,970,California
Sierra,2021-03-07,1,1438,1,108,0,1330,0,0,0,503,1,467,0,970,California
Sierra,2021-03-08,2,1440,2,110,0,1330,0,0,2,505,0,467,2,972,California
Sierra,2021-03-09,56,1496,0,110,56,1386,0,0,12,473,44,511,12,984,California
Sierra,2021-03-10,6,1502,0,110,6,1392,0,0,4,475,2,513,4,988,California
Sierra,2021-03-11,172,1674,0,110,172,1564,0,0,40,383,132,645,40,1028,California
Sierra,2021-03-12,20,1694,1,111,19,1583,0,0,0,363,20,665,0,1028,California
Sierra,2021-03-13,27,1721,0,111,27,1610,0,0,27,390,0,665,27,1055,California
Sierra,2021-03-14,1,1722,0,111,0,1610,1,1,0,390,1,666,1,1056,California
Sierra,2021-03-15,2,1724,1,112,0,1610,1,2,0,389,2,668,1,1057,California
Sierra,2021-03-16,35,1759,0,112,34,1644,1,3,22,399,13,681,23,1080,California
Sierra,2021-03-17,3,1762,2,114,1,1645,0,3,0,396,3,684,0,1080,California
Sierra,2021-03-18,157,1919,0,114,157,1802,0,3,65,369,92,776,65,1145,California
Sierra,2021-03-19,4,1923,2,116,2,1804,0,3,1,367,3,779,1,1146,California
Sierra,2021-03-20,1,1924,0,116,1,1805,0,3,1,368,0,779,1,1147,California
Sierra,2021-03-23,22,1946,0,116,22,1827,0,3,13,372,9,788,13,1160,California
Sierra,2021-03-24,3,1949,1,117,2,1829,0,3,1,371,2,790,1,1161,California
Sierra,2021-03-25,98,2047,0,117,98,1927,0,3,49,371,49,839,49,1210,California
Sierra,2021-03-26,12,2059,1,118,11,1938,0,3,8,375,4,843,8,1218,California
Sierra,2021-03-27,1,2060,0,118,1,1939,0,3,0,374,1,844,0,1218,California
Sierra,2021-03-29,1,2061,1,119,0,1939,0,3,0,373,1,845,0,1218,California
Sierra,2021-03-30,54,2115,1,120,53,1992,0,3,22,363,32,877,22,1240,California
Sierra,2021-03-31,8,2123,0,120,8,2000,0,3,8,371,0,877,8,1248,California
Sierra,2021-04-01,63,2186,1,121,62,2062,0,3,5,320,56,933,5,1253,California
Sierra,2021-04-02,3,2189,2,123,1,2063,0,3,2,321,1,934,2,1255,California
Sierra,2021-04-04,1,2190,0,123,1,2064,0,3,0,321,0,934,0,1255,California
Sierra,2021-04-06,11,2201,0,123,11,2075,0,3,1,312,10,944,1,1256,California
Sierra,2021-04-07,14,2215,3,126,6,2081,5,8,3,310,10,954,8,1264,California
Sierra,2021-04-08,53,2268,2,128,51,2132,0,8,16,289,37,991,16,1280,California
Sierra,2021-04-09,2,2270,2,130,0,2132,0,8,1,289,1,992,1,1281,California
Sierra,2021-04-10,27,2297,0,130,27,2159,0,8,0,262,27,1019,0,1281,California
Sierra,2021-04-13,43,2340,0,130,43,2202,0,8,5,229,38,1057,5,1286,California
Sierra,2021-04-14,1,2341,0,130,1,2203,0,8,1,230,0,1057,1,1287,California
Sierra,2021-04-15,48,2389,1,131,47,2250,0,8,2,186,46,1103,2,1289,California
Sierra,2021-04-17,2,2391,1,132,1,2251,0,8,1,186,1,1104,1,1290,California
Sierra,2021-04-18,1,2392,0,132,1,2252,0,8,0,186,0,1104,0,1290,California
Sierra,2021-04-19,1,2393,1,133,0,2252,0,8,0,185,1,1105,0,1290,California
Sierra,2021-04-20,33,2426,0,133,33,2285,0,8,7,166,26,1131,7,1297,California
Sierra,2021-04-21,2,2428,1,134,1,2286,0,8,1,166,1,1132,1,1298,California
Sierra,2021-04-22,64,2492,1,135,63,2349,0,8,5,113,58,1190,5,1303,California
Sierra,2021-04-23,13,2505,0,135,13,2362,0,8,4,108,9,1199,4,1307,California
Sierra,2021-04-24,4,2509,0,135,4,2366,0,8,4,112,0,1199,4,1311,California
Sierra,2021-04-26,1,2510,0,135,1,2367,0,8,1,113,0,1199,1,1312,California
Sierra,2021-04-27,27,2537,0,135,27,2394,0,8,4,94,23,1222,4,1316,California
Sierra,2021-04-28,10,2547,2,137,8,2402,0,8,1,86,9,1231,1,1317,California
Sierra,2021-04-29,20,2567,2,139,18,2420,0,8,14,94,6,1237,14,1331,California
Sierra,2021-04-30,4,2571,2,141,2,2422,0,8,2,94,2,1239,2,1333,California
Sierra,2021-05-01,1,2572,0,141,1,2423,0,8,0,94,0,1239,0,1333,California
Sierra,2021-05-03,1,2573,1,142,0,2423,0,8,1,95,0,1239,1,1334,California
Sierra,2021-05-04,1,2574,0,142,1,2424,0,8,0,94,1,1240,0,1334,California
Sierra,2021-05-05,23,2597,1,143,22,2446,0,8,8,87,15,1255,8,1342,California
Sierra,2021-05-06,1,2598,1,144,0,2446,0,8,0,86,1,1256,0,1342,California
Sierra,2021-05-07,1,2599,1,145,0,2446,0,8,1,87,0,1256,1,1343,California
Sierra,2021-05-08,1,2600,0,145,0,2446,1,9,0,87,1,1257,1,1344,California
Sierra,2021-05-11,11,2611,0,145,4,2450,7,16,0,83,11,1268,7,1351,California
Sierra,2021-05-12,11,2622,1,146,10,2460,0,16,8,88,3,1271,8,1359,California
Sierra,2021-05-13,3,2625,2,148,1,2461,0,16,2,89,1,1272,2,1361,California
Sierra,2021-05-14,3,2628,1,149,2,2463,0,16,3,92,0,1272,3,1364,California
Sierra,2021-05-17,1,2629,1,150,0,2463,0,16,1,93,0,1272,1,1365,California
Sierra,2021-05-18,2,2631,0,150,1,2464,1,17,0,92,2,1274,1,1366,California
Sierra,2021-05-19,6,2637,2,152,4,2468,0,17,2,90,4,1278,2,1368,California
Sierra,2021-05-20,9,2646,8,160,0,2468,1,18,8,98,1,1279,9,1377,California
Sierra,2021-05-21,4,2650,2,162,2,2470,0,18,1,96,3,1282,1,1378,California
Sierra,2021-05-22,5,2655,0,162,5,2475,0,18,1,93,4,1286,1,1379,California
Sierra,2021-05-23,1,2656,0,162,1,2476,0,18,1,94,0,1286,1,1380,California
Sierra,2021-05-24,3,2659,1,163,2,2478,0,18,2,95,1,1287,2,1382,California
Sierra,2021-05-25,3,2662,0,163,3,2481,0,18,1,94,2,1289,1,1383,California
Sierra,2021-05-26,8,2670,0,163,8,2489,0,18,4,94,4,1293,4,1387,California
Sierra,2021-05-27,9,2679,1,164,7,2496,1,19,2,90,7,1300,3,1390,California
Sierra,2021-05-28,4,2683,2,166,2,2498,0,19,2,90,2,1302,2,1392,California
Sierra,2021-05-29,2,2685,0,166,2,2500,0,19,2,92,0,1302,2,1394,California
Sierra,2021-05-30,1,2686,1,167,0,2500,0,19,1,93,0,1302,1,1395,California
Sierra,2021-06-01,1,2687,0,167,1,2501,0,19,0,92,1,1303,0,1395,California
Sierra,2021-06-02,23,2710,0,167,21,2522,2,21,0,72,22,1325,2,1397,California
Sierra,2021-06-03,3,2713,2,169,1,2523,0,21,0,69,3,1328,0,1397,California
Sierra,2021-06-04,2,2715,2,171,0,2523,0,21,1,69,1,1329,1,1398,California
Sierra,2021-06-08,1,2716,1,172,0,2523,0,21,1,70,0,1329,1,1399,California
Sierra,2021-06-09,8,2724,1,173,5,2528,2,23,0,64,8,1337,2,1401,California
Sierra,2021-06-10,8,2732,8,181,0,2528,0,23,4,64,4,1341,4,1405,California
Sierra,2021-06-11,3,2735,1,182,2,2530,0,23,0,61,3,1344,0,1405,California
Sierra,2021-06-12,1,2736,1,183,0,2530,0,23,1,62,0,1344,1,1406,California
Sierra,2021-06-13,1,2737,1,184,0,2530,0,23,0,61,1,1345,0,1406,California
Sierra,2021-06-14,6,2743,4,188,1,2531,1,24,2,60,4,1349,3,1409,California
Sierra,2021-06-15,2,2745,1,189,1,2532,0,24,1,61,0,1349,1,1410,California
Sierra,2021-06-16,6,2751,1,190,5,2537,0,24,2,59,4,1353,2,1412,California
Sierra,2021-06-17,4,2755,2,192,1,2538,1,25,2,60,2,1355,3,1415,California
Sierra,2021-06-18,2,2757,1,193,0,2538,1,26,0,59,2,1357,1,1416,California
Sierra,2021-06-21,1,2758,0,193,1,2539,0,26,0,58,1,1358,0,1416,California
Sierra,2021-06-22,5,2763,3,196,2,2541,0,26,3,59,2,1360,3,1419,California
Sierra,2021-06-23,6,2769,0,196,6,2547,0,26,2,57,4,1364,2,1421,California
Sierra,2021-06-24,6,2775,0,196,2,2549,4,30,1,57,5,1369,5,1426,California
Sierra,2021-06-27,1,2776,1,197,0,2549,0,30,1,58,0,1369,1,1427,California
Sierra,2021-06-28,1,2777,0,197,0,2549,1,31,0,58,1,1370,1,1428,California
Sierra,2021-06-30,3,2780,2,199,0,2549,1,32,1,58,2,1372,2,1430,California
Sierra,2021-07-01,3,2783,1,200,2,2551,0,32,2,59,1,1373,2,1432,California
Sierra,2021-07-02,1,2784,1,201,0,2551,0,32,0,58,1,1374,0,1432,California
Sierra,2021-07-03,1,2785,1,202,0,2551,0,32,0,57,1,1375,0,1432,California
Sierra,2021-07-06,1,2786,1,203,0,2551,0,32,0,56,1,1376,0,1432,California
Sierra,2021-07-07,3,2789,3,206,0,2551,0,32,2,57,1,1377,2,1434,California
Siskiyou,2020-12-16,2,2,2,2,0,0,0,0,2,2,0,0,2,2,California
Siskiyou,2020-12-17,4,6,4,6,0,0,0,0,4,6,0,0,4,6,California
Siskiyou,2020-12-18,2,8,2,8,0,0,0,0,2,8,0,0,2,8,California
Siskiyou,2020-12-19,4,12,4,12,0,0,0,0,4,12,0,0,4,12,California
Siskiyou,2020-12-20,1,13,1,13,0,0,0,0,1,13,0,0,1,13,California
Siskiyou,2020-12-21,132,145,132,145,0,0,0,0,132,145,0,0,132,145,California
Siskiyou,2020-12-22,158,303,158,303,0,0,0,0,158,303,0,0,158,303,California
Siskiyou,2020-12-23,144,447,144,447,0,0,0,0,144,447,0,0,144,447,California
Siskiyou,2020-12-24,5,452,5,452,0,0,0,0,5,452,0,0,5,452,California
Siskiyou,2020-12-26,2,454,0,452,2,2,0,0,2,454,0,0,2,454,California
Siskiyou,2020-12-27,2,456,0,452,2,4,0,0,2,456,0,0,2,456,California
Siskiyou,2020-12-28,4,460,2,454,2,6,0,0,4,460,0,0,4,460,California
Siskiyou,2020-12-29,6,466,2,456,4,10,0,0,6,466,0,0,6,466,California
Siskiyou,2020-12-30,101,567,4,460,97,107,0,0,101,567,0,0,101,567,California
Siskiyou,2020-12-31,12,579,0,460,12,119,0,0,12,579,0,0,12,579,California
Siskiyou,2021-01-02,1,580,1,461,0,119,0,0,1,580,0,0,1,580,California
Siskiyou,2021-01-03,1,581,0,461,1,120,0,0,1,581,0,0,1,581,California
Siskiyou,2021-01-04,132,713,3,464,129,249,0,0,132,713,0,0,132,713,California
Siskiyou,2021-01-05,116,829,4,468,112,361,0,0,114,826,2,2,115,828,California
Siskiyou,2021-01-06,61,890,6,474,55,416,0,0,57,879,4,6,57,885,California
Siskiyou,2021-01-07,176,1066,4,478,172,588,0,0,175,1053,1,7,175,1060,California
Siskiyou,2021-01-08,44,1110,3,481,41,629,0,0,42,1093,2,9,42,1102,California
Siskiyou,2021-01-09,3,1113,3,484,0,629,0,0,1,1092,2,11,1,1103,California
Siskiyou,2021-01-11,293,1406,135,619,158,787,0,0,160,1119,133,144,160,1263,California
Siskiyou,2021-01-12,254,1660,205,824,49,836,0,0,91,1048,163,307,92,1355,California
Siskiyou,2021-01-13,160,1820,139,963,21,857,0,0,23,934,137,444,23,1378,California
Siskiyou,2021-01-14,36,1856,1,964,35,892,0,0,35,968,1,445,35,1413,California
Siskiyou,2021-01-15,55,1911,3,967,52,944,0,0,55,1023,0,445,55,1468,California
Siskiyou,2021-01-16,7,1918,2,969,5,949,0,0,7,1030,0,445,7,1475,California
Siskiyou,2021-01-17,1,1919,1,970,0,949,0,0,0,1029,1,446,0,1475,California
Siskiyou,2021-01-18,75,1994,3,973,72,1021,0,0,73,1100,2,448,73,1548,California
Siskiyou,2021-01-19,41,2035,1,974,40,1061,0,0,40,1139,1,449,40,1588,California
Siskiyou,2021-01-20,68,2103,35,1009,33,1094,0,0,64,1199,4,453,64,1652,California
Siskiyou,2021-01-21,69,2172,1,1010,68,1162,0,0,69,1268,0,453,69,1721,California
Siskiyou,2021-01-22,1345,3517,1177,2187,168,1330,0,0,1345,2613,0,453,1345,3066,California
Siskiyou,2021-01-23,6,3523,2,2189,4,1334,0,0,3,2613,3,456,3,3069,California
Siskiyou,2021-01-25,209,3732,9,2198,200,1534,0,0,205,2814,4,460,205,3274,California
Siskiyou,2021-01-26,158,3890,4,2202,154,1688,0,0,149,2954,9,469,149,3423,California
Siskiyou,2021-01-27,203,4093,3,2205,200,1888,0,0,138,3028,64,533,138,3561,California
Siskiyou,2021-01-28,260,4353,118,2323,142,2030,0,0,235,3244,19,552,235,3796,California
Siskiyou,2021-01-29,272,4625,3,2326,269,2299,0,0,253,3478,19,571,253,4049,California
Siskiyou,2021-01-30,6,4631,5,2331,1,2300,0,0,6,3484,0,571,6,4055,California
Siskiyou,2021-02-01,215,4846,3,2334,212,2512,0,0,114,3497,101,672,114,4169,California
Siskiyou,2021-02-02,319,5165,46,2380,273,2785,0,0,165,3508,154,826,165,4334,California
Siskiyou,2021-02-03,334,5499,1,2381,333,3118,0,0,265,3704,69,895,265,4599,California
Siskiyou,2021-02-04,368,5867,7,2388,361,3479,0,0,227,3790,141,1036,227,4826,California
Siskiyou,2021-02-05,547,6414,4,2392,543,4022,0,0,372,3987,175,1211,372,5198,California
Siskiyou,2021-02-06,15,6429,0,2392,15,4037,0,0,15,4002,0,1211,15,5213,California
Siskiyou,2021-02-07,2,6431,1,2393,1,4038,0,0,2,4004,0,1211,2,5215,California
Siskiyou,2021-02-08,242,6673,4,2397,238,4276,0,0,217,4196,25,1236,217,5432,California
Siskiyou,2021-02-09,249,6922,4,2401,245,4521,0,0,196,4339,53,1289,196,5628,California
Siskiyou,2021-02-10,389,7311,41,2442,348,4869,0,0,319,4589,69,1358,319,5947,California
Siskiyou,2021-02-11,215,7526,1,2443,214,5083,0,0,185,4744,30,1388,185,6132,California
Siskiyou,2021-02-12,1705,9231,1199,3642,506,5589,0,0,497,4033,1208,2596,497,6629,California
Siskiyou,2021-02-13,36,9267,2,3644,34,5623,0,0,31,4059,5,2601,31,6660,California
Siskiyou,2021-02-14,6,9273,2,3646,4,5627,0,0,6,4065,0,2601,6,6666,California
Siskiyou,2021-02-15,106,9379,9,3655,97,5724,0,0,103,4165,3,2604,103,6769,California
Siskiyou,2021-02-16,137,9516,2,3657,135,5859,0,0,100,4228,37,2641,100,6869,California
Siskiyou,2021-02-17,298,9814,16,3673,282,6141,0,0,261,4452,37,2678,261,7130,California
Siskiyou,2021-02-18,272,10086,88,3761,184,6325,0,0,129,4438,143,2821,129,7259,California
Siskiyou,2021-02-19,97,10183,34,3795,63,6388,0,0,36,4415,59,2880,36,7295,California
Siskiyou,2021-02-20,23,10206,5,3800,18,6406,0,0,16,4426,7,2887,18,7313,California
Siskiyou,2021-02-21,1,10207,1,3801,0,6406,0,0,1,4427,0,2887,1,7314,California
Siskiyou,2021-02-22,218,10425,2,3803,216,6622,0,0,78,4365,140,3027,78,7392,California
Siskiyou,2021-02-23,347,10772,15,3818,332,6954,0,0,194,4406,153,3180,194,7586,California
Siskiyou,2021-02-24,173,10945,5,3823,168,7122,0,0,50,4333,123,3303,50,7636,California
Siskiyou,2021-02-25,318,11263,26,3849,292,7414,0,0,161,4338,156,3459,161,7797,California
Siskiyou,2021-02-26,681,11944,11,3860,670,8084,0,0,371,4399,310,3769,371,8168,California
Siskiyou,2021-02-27,31,11975,5,3865,26,8110,0,0,27,4422,4,3773,27,8195,California
Siskiyou,2021-02-28,4,11979,4,3869,0,8110,0,0,3,4424,1,3774,3,8198,California
Siskiyou,2021-03-01,295,12274,6,3875,289,8399,0,0,51,4231,244,4018,51,8249,California
Siskiyou,2021-03-02,211,12485,1,3876,210,8609,0,0,70,4160,141,4159,70,8319,California
Siskiyou,2021-03-03,353,12838,12,3888,341,8950,0,0,155,4117,198,4357,155,8474,California
Siskiyou,2021-03-04,833,13671,623,4511,210,9160,0,0,647,4578,186,4543,647,9121,California
Siskiyou,2021-03-05,353,14024,6,4517,336,9496,11,11,105,4449,245,4788,116,9237,California
Siskiyou,2021-03-06,43,14067,3,4520,33,9529,7,18,28,4469,15,4803,35,9272,California
Siskiyou,2021-03-07,12,14079,4,4524,0,9529,8,26,2,4469,10,4813,10,9282,California
Siskiyou,2021-03-08,439,14518,28,4552,377,9906,34,60,68,4200,371,5184,102,9384,California
Siskiyou,2021-03-09,178,14696,2,4554,122,10028,54,114,44,4164,134,5318,98,9482,California
Siskiyou,2021-03-10,281,14977,7,4561,244,10272,30,144,26,3965,255,5573,56,9538,California
Siskiyou,2021-03-11,521,15498,205,4766,269,10541,47,191,282,4056,238,5811,329,9867,California
Siskiyou,2021-03-12,697,16195,141,4907,517,11058,39,230,184,3767,511,6322,222,10089,California
Siskiyou,2021-03-13,427,16622,379,5286,25,11083,23,253,379,4121,48,6370,402,10491,California
Siskiyou,2021-03-14,19,16641,0,5286,3,11086,16,269,1,4120,18,6388,17,10508,California
Siskiyou,2021-03-15,515,17156,258,5544,193,11279,64,333,339,4347,176,6564,403,10911,California
Siskiyou,2021-03-16,257,17413,34,5578,206,11485,17,350,140,4388,116,6680,157,11068,California
Siskiyou,2021-03-17,203,17616,9,5587,186,11671,8,358,35,4263,168,6848,43,11111,California
Siskiyou,2021-03-18,928,18544,790,6377,126,11797,12,370,807,4962,120,6968,819,11930,California
Siskiyou,2021-03-19,68,18612,10,6387,45,11842,13,383,19,4945,49,7017,32,11962,California
Siskiyou,2021-03-20,29,18641,7,6394,18,11860,4,387,6,4932,23,7040,10,11972,California
Siskiyou,2021-03-21,9,18650,3,6397,1,11861,5,392,3,4934,6,7046,8,11980,California
Siskiyou,2021-03-22,207,18857,21,6418,164,12025,22,414,143,5038,61,7107,165,12145,California
Siskiyou,2021-03-23,194,19051,19,6437,166,12191,9,423,141,5134,53,7160,149,12294,California
Siskiyou,2021-03-24,144,19195,48,6485,96,12287,0,423,115,5220,29,7189,115,12409,California
Siskiyou,2021-03-25,573,19768,320,6805,250,12537,3,426,399,5448,174,7363,402,12811,California
Siskiyou,2021-03-26,307,20075,35,6840,272,12809,0,426,103,5349,202,7565,103,12914,California
Siskiyou,2021-03-27,38,20113,5,6845,28,12837,5,431,10,5336,28,7593,15,12929,California
Siskiyou,2021-03-28,8,20121,7,6852,1,12838,0,431,5,5338,3,7596,5,12934,California
Siskiyou,2021-03-29,95,20216,10,6862,83,12921,2,433,46,5337,49,7645,48,12982,California
Siskiyou,2021-03-30,100,20316,6,6868,93,13014,1,434,40,5318,60,7705,41,13023,California
Siskiyou,2021-03-31,191,20507,21,6889,167,13181,3,437,48,5230,140,7845,52,13075,California
Siskiyou,2021-04-01,829,21336,670,7559,159,13340,0,437,214,4829,615,8460,214,13289,California
Siskiyou,2021-04-02,347,21683,197,7756,146,13486,4,441,66,4620,279,8739,70,13359,California
Siskiyou,2021-04-03,26,21709,5,7761,14,13500,7,448,5,4611,21,8760,12,13371,California
Siskiyou,2021-04-04,1,21710,0,7761,1,13501,0,448,1,4612,0,8760,1,13372,California
Siskiyou,2021-04-05,438,22148,331,8092,81,13582,26,474,26,4253,411,9171,52,13424,California
Siskiyou,2021-04-06,222,22370,37,8129,132,13714,53,527,129,4343,91,9262,181,13605,California
Siskiyou,2021-04-07,118,22488,11,8140,65,13779,42,569,66,4400,52,9314,109,13714,California
Siskiyou,2021-04-08,356,22844,187,8327,127,13906,42,611,65,4216,291,9605,107,13821,California
Siskiyou,2021-04-09,547,23391,377,8704,132,14038,38,649,85,3879,461,10066,124,13945,California
Siskiyou,2021-04-10,45,23436,5,8709,3,14041,37,686,6,3883,39,10105,43,13988,California
Siskiyou,2021-04-11,7,23443,4,8713,1,14042,2,688,2,3882,5,10110,4,13992,California
Siskiyou,2021-04-12,129,23572,24,8737,103,14145,2,690,31,3817,98,10208,33,14025,California
Siskiyou,2021-04-13,207,23779,37,8774,169,14314,1,691,81,3773,126,10334,82,14107,California
Siskiyou,2021-04-14,157,23936,64,8838,93,14407,0,691,85,3788,70,10404,85,14192,California
Siskiyou,2021-04-15,1117,25053,957,9795,160,14567,0,691,438,3548,679,11083,439,14631,California
Siskiyou,2021-04-16,314,25367,219,10014,95,14662,0,691,270,3776,42,11125,270,14901,California
Siskiyou,2021-04-17,11,25378,8,10022,3,14665,0,691,7,3779,4,11129,7,14908,California
Siskiyou,2021-04-18,6,25384,3,10025,3,14668,0,691,2,3777,4,11133,2,14910,California
Siskiyou,2021-04-19,129,25513,24,10049,105,14773,0,691,47,3742,82,11215,47,14957,California
Siskiyou,2021-04-20,236,25749,5,10054,231,15004,0,691,94,3695,141,11356,94,15051,California
Siskiyou,2021-04-21,96,25845,10,10064,86,15090,0,691,26,3651,70,11426,26,15077,California
Siskiyou,2021-04-22,414,26259,301,10365,113,15203,0,691,49,3335,365,11791,49,15126,California
Siskiyou,2021-04-23,181,26440,15,10380,166,15369,0,691,159,3473,21,11812,159,15285,California
Siskiyou,2021-04-24,28,26468,4,10384,24,15393,0,691,20,3485,8,11820,20,15305,California
Siskiyou,2021-04-25,2,26470,0,10384,2,15395,0,691,2,3487,0,11820,2,15307,California
Siskiyou,2021-04-26,101,26571,4,10388,92,15487,5,696,24,3439,77,11897,29,15336,California
Siskiyou,2021-04-27,114,26685,5,10393,107,15594,2,698,87,3503,25,11922,89,15425,California
Siskiyou,2021-04-28,111,26796,8,10401,95,15689,8,706,53,3506,58,11980,61,15486,California
Siskiyou,2021-04-29,150,26946,16,10417,133,15822,1,707,30,3417,120,12100,31,15517,California
Siskiyou,2021-04-30,102,27048,20,10437,81,15903,1,708,45,3408,54,12154,45,15562,California
Siskiyou,2021-05-01,11,27059,7,10444,1,15904,3,711,7,3414,4,12158,10,15572,California
Siskiyou,2021-05-02,10,27069,4,10448,6,15910,0,711,9,3422,1,12159,9,15581,California
Siskiyou,2021-05-03,111,27180,23,10471,86,15996,2,713,46,3405,65,12224,48,15629,California
Siskiyou,2021-05-04,123,27303,7,10478,114,16110,2,715,60,3405,62,12286,62,15691,California
Siskiyou,2021-05-05,116,27419,20,10498,87,16197,9,724,39,3377,76,12362,48,15739,California
Siskiyou,2021-05-06,367,27786,296,10794,65,16262,6,730,190,3396,177,12539,196,15935,California
Siskiyou,2021-05-07,308,28094,219,11013,84,16346,5,735,31,3156,276,12815,36,15971,California
Siskiyou,2021-05-08,25,28119,4,11017,20,16366,1,736,18,3168,7,12822,19,15990,California
Siskiyou,2021-05-09,1,28120,0,11017,1,16367,0,736,0,3167,1,12823,0,15990,California
Siskiyou,2021-05-10,98,28218,67,11084,30,16397,1,737,21,3112,77,12900,22,16012,California
Siskiyou,2021-05-11,88,28306,8,11092,75,16472,5,742,52,3133,36,12936,57,16069,California
Siskiyou,2021-05-12,109,28415,4,11096,101,16573,4,746,17,3063,91,13027,21,16090,California
Siskiyou,2021-05-13,131,28546,35,11131,87,16660,9,755,38,3017,93,13120,47,16137,California
Siskiyou,2021-05-14,176,28722,82,11213,93,16753,1,756,108,3059,67,13187,109,16246,California
Siskiyou,2021-05-15,43,28765,13,11226,28,16781,2,758,36,3091,6,13193,38,16284,California
Siskiyou,2021-05-16,6,28771,2,11228,4,16785,0,758,4,3093,2,13195,4,16288,California
Siskiyou,2021-05-17,65,28836,1,11229,41,16826,23,781,11,3073,54,13249,34,16322,California
Siskiyou,2021-05-18,222,29058,83,11312,135,16961,4,785,125,3106,96,13345,129,16451,California
Siskiyou,2021-05-19,202,29260,97,11409,104,17065,1,786,168,3241,34,13379,169,16620,California
Siskiyou,2021-05-20,534,29794,430,11839,102,17167,2,788,238,3187,294,13673,240,16860,California
Siskiyou,2021-05-21,239,30033,95,11934,144,17311,0,788,109,3167,129,13802,109,16969,California
Siskiyou,2021-05-22,42,30075,19,11953,23,17334,0,788,27,3179,15,13817,27,16996,California
Siskiyou,2021-05-23,4,30079,3,11956,1,17335,0,788,2,3179,2,13819,2,16998,California
Siskiyou,2021-05-24,43,30122,3,11959,40,17375,0,788,29,3195,13,13832,29,17027,California
Siskiyou,2021-05-25,156,30278,15,11974,121,17496,20,808,49,3159,105,13937,69,17096,California
Siskiyou,2021-05-26,76,30354,19,11993,57,17553,0,808,41,3165,35,13972,41,17137,California
Siskiyou,2021-05-27,133,30487,94,12087,37,17590,2,810,57,3148,76,14048,59,17196,California
Siskiyou,2021-05-28,153,30640,58,12145,94,17684,1,811,101,3199,51,14099,102,17298,California
Siskiyou,2021-05-29,16,30656,9,12154,4,17688,3,814,5,3196,11,14110,8,17306,California
Siskiyou,2021-05-31,2,30658,1,12155,0,17688,1,815,1,3197,1,14111,2,17308,California
Siskiyou,2021-06-01,86,30744,20,12175,66,17754,0,815,29,3170,56,14167,29,17337,California
Siskiyou,2021-06-02,122,30866,33,12208,89,17843,0,815,46,3140,76,14243,46,17383,California
Siskiyou,2021-06-03,156,31022,109,12317,42,17885,5,820,40,3069,116,14359,45,17428,California
Siskiyou,2021-06-04,100,31122,76,12393,24,17909,0,820,21,3011,79,14438,21,17449,California
Siskiyou,2021-06-05,37,31159,17,12410,19,17928,1,821,15,3005,22,14460,16,17465,California
Siskiyou,2021-06-06,3,31162,2,12412,0,17928,1,822,0,3003,3,14463,1,17466,California
Siskiyou,2021-06-07,38,31200,4,12416,30,17958,4,826,26,3021,12,14475,30,17496,California
Siskiyou,2021-06-08,210,31410,94,12510,113,18071,3,829,65,2949,140,14615,68,17564,California
Siskiyou,2021-06-09,113,31523,84,12594,28,18099,1,830,31,2899,82,14697,32,17596,California
Siskiyou,2021-06-10,177,31700,145,12739,31,18130,1,831,77,2877,100,14797,78,17674,California
Siskiyou,2021-06-11,112,31812,60,12799,45,18175,7,838,23,2839,68,14865,30,17704,California
Siskiyou,2021-06-12,29,31841,6,12805,23,18198,0,838,9,2828,20,14885,9,17713,California
Siskiyou,2021-06-13,24,31865,16,12821,8,18206,0,838,2,2808,22,14907,2,17715,California
Siskiyou,2021-06-14,24,31889,4,12825,16,18222,4,842,11,2809,13,14920,14,17729,California
Siskiyou,2021-06-15,89,31978,22,12847,54,18276,13,855,32,2797,57,14977,45,17774,California
Siskiyou,2021-06-16,102,32080,23,12870,77,18353,2,857,10,2717,92,15069,12,17786,California
Siskiyou,2021-06-17,186,32266,142,13012,32,18385,12,869,40,2624,145,15214,52,17838,California
Siskiyou,2021-06-18,97,32363,62,13074,27,18412,8,877,20,2575,77,15291,28,17866,California
Siskiyou,2021-06-19,26,32389,17,13091,9,18421,0,877,12,2573,14,15305,12,17878,California
Siskiyou,2021-06-20,2,32391,1,13092,0,18421,1,878,1,2574,1,15306,2,17880,California
Siskiyou,2021-06-21,38,32429,3,13095,33,18454,2,880,5,2548,33,15339,7,17887,California
Siskiyou,2021-06-22,65,32494,24,13119,37,18491,4,884,31,2549,34,15373,35,17922,California
Siskiyou,2021-06-23,53,32547,7,13126,41,18532,5,889,11,2524,41,15414,16,17938,California
Siskiyou,2021-06-24,92,32639,51,13177,32,18564,9,898,46,2533,46,15460,55,17993,California
Siskiyou,2021-06-25,96,32735,60,13237,36,18600,0,898,65,2567,31,15491,65,18058,California
Siskiyou,2021-06-26,8,32743,3,13240,5,18605,0,898,4,2567,4,15495,4,18062,California
Siskiyou,2021-06-28,10,32753,4,13244,6,18611,0,898,5,2567,5,15500,5,18067,California
Siskiyou,2021-06-29,77,32830,52,13296,23,18634,2,900,40,2572,37,15537,42,18109,California
Siskiyou,2021-06-30,53,32883,10,13306,40,18674,3,903,13,2548,40,15577,16,18125,California
Siskiyou,2021-07-01,32,32915,20,13326,7,18681,5,908,9,2539,23,15600,14,18139,California
Siskiyou,2021-07-02,58,32973,36,13362,22,18703,0,908,40,2561,18,15618,40,18179,California
Siskiyou,2021-07-03,16,32989,5,13367,11,18714,0,908,9,2563,7,15625,9,18188,California
Siskiyou,2021-07-05,15,33004,5,13372,10,18724,0,908,4,2557,10,15635,4,18192,California
Siskiyou,2021-07-06,59,33063,14,13386,41,18765,4,912,18,2538,41,15676,22,18214,California
Siskiyou,2021-07-07,17,33080,3,13389,13,18778,1,913,6,2534,11,15687,7,18221,California
Solano,2020-12-15,4,4,4,4,0,0,0,0,4,4,0,0,4,4,California
Solano,2020-12-16,71,75,71,75,0,0,0,0,71,75,0,0,71,75,California
Solano,2020-12-17,171,246,171,246,0,0,0,0,171,246,0,0,171,246,California
Solano,2020-12-18,480,726,478,724,2,2,0,0,480,726,0,0,480,726,California
Solano,2020-12-19,522,1248,522,1246,0,2,0,0,522,1248,0,0,522,1248,California
Solano,2020-12-20,355,1603,353,1599,2,4,0,0,355,1603,0,0,355,1603,California
Solano,2020-12-21,576,2179,574,2173,2,6,0,0,576,2179,0,0,576,2179,California
Solano,2020-12-22,665,2844,631,2804,34,40,0,0,665,2844,0,0,665,2844,California
Solano,2020-12-23,862,3706,770,3574,92,132,0,0,861,3704,1,1,861,3705,California
Solano,2020-12-24,425,4131,171,3745,254,386,0,0,425,4129,0,1,425,4130,California
Solano,2020-12-25,9,4140,1,3746,8,394,0,0,9,4138,0,1,9,4139,California
Solano,2020-12-26,174,4314,47,3793,127,521,0,0,174,4312,0,1,174,4313,California
Solano,2020-12-27,106,4420,29,3822,77,598,0,0,106,4418,0,1,106,4419,California
Solano,2020-12-28,880,5300,434,4256,446,1044,0,0,880,5298,0,1,880,5299,California
Solano,2020-12-29,914,6214,376,4632,538,1582,0,0,914,6212,0,1,914,6213,California
Solano,2020-12-30,1242,7456,602,5234,640,2222,0,0,1242,7454,0,1,1242,7455,California
Solano,2020-12-31,546,8002,141,5375,405,2627,0,0,546,8000,0,1,546,8001,California
Solano,2021-01-01,14,8016,13,5388,1,2628,0,0,14,8014,0,1,14,8015,California
Solano,2021-01-02,218,8234,170,5558,48,2676,0,0,218,8232,0,1,218,8233,California
Solano,2021-01-03,56,8290,40,5598,16,2692,0,0,50,8282,0,1,50,8283,California
Solano,2021-01-04,451,8741,243,5841,208,2900,0,0,442,8722,2,3,442,8725,California
Solano,2021-01-05,735,9476,383,6224,352,3252,0,0,574,9140,156,159,574,9299,California
Solano,2021-01-06,850,10326,439,6663,411,3663,0,0,577,9446,271,430,577,9876,California
Solano,2021-01-07,1070,11396,684,7347,386,4049,0,0,594,9567,474,904,595,10471,California
Solano,2021-01-08,1155,12551,785,8132,370,4419,0,0,552,9536,585,1489,554,11025,California
Solano,2021-01-09,886,13437,762,8894,124,4543,0,0,427,9507,456,1945,427,11452,California
Solano,2021-01-10,254,13691,193,9087,61,4604,0,0,152,9557,102,2047,152,11604,California
Solano,2021-01-11,1334,15025,1121,10208,213,4817,0,0,817,9857,517,2564,817,12421,California
Solano,2021-01-12,1586,16611,1183,11391,403,5220,0,0,1028,10329,557,3121,1029,13450,California
Solano,2021-01-13,1470,18081,1006,12397,464,5684,0,0,1211,11283,257,3378,1211,14661,California
Solano,2021-01-14,1922,20003,832,13229,1090,6774,0,0,1603,12570,316,3694,1603,16264,California
Solano,2021-01-15,1722,21725,1065,14294,657,7431,0,0,1421,13690,301,3995,1421,17685,California
Solano,2021-01-16,1296,23021,905,15199,391,7822,0,0,1122,14638,174,4169,1122,18807,California
Solano,2021-01-17,1053,24074,756,15955,297,8119,0,0,1032,15650,21,4190,1033,19840,California
Solano,2021-01-18,1428,25502,856,16811,572,8691,0,0,1306,16834,122,4312,1306,21146,California
Solano,2021-01-19,1667,27169,1347,18158,320,9011,0,0,1391,17950,275,4587,1391,22537,California
Solano,2021-01-20,2068,29237,1427,19585,641,9652,0,0,1580,19045,485,5072,1580,24117,California
Solano,2021-01-21,3220,32457,1032,20617,2188,11840,0,0,2862,21551,358,5430,2864,26981,California
Solano,2021-01-22,1790,34247,858,21475,932,12772,0,0,1591,22944,199,5629,1592,28573,California
Solano,2021-01-23,743,34990,244,21719,499,13271,0,0,532,23265,212,5841,533,29106,California
Solano,2021-01-24,408,35398,63,21782,345,13616,0,0,340,23537,68,5909,340,29446,California
Solano,2021-01-25,1680,37078,632,22414,1048,14664,0,0,1119,24097,560,6469,1120,30566,California
Solano,2021-01-26,1805,38883,747,23161,1058,15722,0,0,1158,24609,647,7116,1159,31725,California
Solano,2021-01-27,1811,40694,720,23881,1091,16813,0,0,1193,25188,614,7730,1193,32918,California
Solano,2021-01-28,1984,42678,713,24594,1271,18084,0,0,1384,25974,599,8329,1385,34303,California
Solano,2021-01-29,1726,44404,778,25372,948,19032,0,0,1359,26969,364,8693,1359,35662,California
Solano,2021-01-30,929,45333,432,25804,497,19529,0,0,604,27249,325,9018,605,36267,California
Solano,2021-01-31,270,45603,178,25982,92,19621,0,0,174,27328,95,9113,174,36441,California
Solano,2021-02-01,1558,47161,1033,27015,525,20146,0,0,771,27315,784,9897,771,37212,California
Solano,2021-02-02,3385,50546,1102,28117,2283,22429,0,0,2566,29067,814,10711,2566,39778,California
Solano,2021-02-03,2276,52822,1311,29428,965,23394,0,0,1167,29128,1106,11817,1167,40945,California
Solano,2021-02-04,1816,54638,905,30333,911,24305,0,0,1083,29483,728,12545,1083,42028,California
Solano,2021-02-05,3130,57768,1423,31756,1707,26012,0,0,2113,30586,1010,13555,2113,44141,California
Solano,2021-02-06,3085,60853,1174,32930,1911,27923,0,0,2264,32033,817,14372,2264,46405,California
Solano,2021-02-07,845,61698,779,33709,66,27989,0,0,236,31661,608,14980,236,46641,California
Solano,2021-02-08,1776,63474,1245,34954,531,28520,0,0,724,31335,1050,16030,724,47365,California
Solano,2021-02-09,1960,65434,1492,36446,468,28988,0,0,701,30779,1257,17287,701,48066,California
Solano,2021-02-10,2294,67728,1508,37954,786,29774,0,0,823,30132,1470,18757,823,48889,California
Solano,2021-02-11,2548,70276,1501,39455,1047,30821,0,0,1202,29999,1335,20092,1202,50091,California
Solano,2021-02-12,4278,74554,1636,41091,2642,33463,0,0,2915,31560,1354,21446,2915,53006,California
Solano,2021-02-13,2897,77451,247,41338,2650,36113,0,0,2479,33625,414,21860,2479,55485,California
Solano,2021-02-14,733,78184,204,41542,529,36642,0,0,406,33707,325,22185,407,55892,California
Solano,2021-02-15,1273,79457,267,41809,1006,37648,0,0,654,33742,619,22804,654,56546,California
Solano,2021-02-16,2583,82040,1388,43197,1195,38843,0,0,1679,34519,903,23707,1680,58226,California
Solano,2021-02-17,3281,85321,1450,44647,1831,40674,0,0,2223,35688,1055,24762,2224,60450,California
Solano,2021-02-18,2930,88251,851,45498,2079,42753,0,0,862,34489,2061,26823,862,61312,California
Solano,2021-02-19,2499,90750,1471,46969,1028,43781,0,0,1184,34367,1308,28131,1186,62498,California
Solano,2021-02-20,2778,93528,393,47362,2385,46166,0,0,2254,36097,524,28655,2254,64752,California
Solano,2021-02-21,2342,95870,2014,49376,328,46494,0,0,2011,37782,326,28981,2011,66763,California
Solano,2021-02-22,1844,97714,1081,50457,763,47257,0,0,955,37853,885,29866,956,67719,California
Solano,2021-02-23,2990,100704,1165,51622,1825,49082,0,0,2017,38900,970,30836,2017,69736,California
Solano,2021-02-24,2584,103288,1293,52915,1291,50373,0,0,1421,39163,1159,31995,1422,71158,California
Solano,2021-02-25,2677,105965,1577,54492,1100,51473,0,0,1464,39420,1207,33202,1464,72622,California
Solano,2021-02-26,3559,109524,2278,56770,1281,52754,0,0,2106,40078,1448,34650,2106,74728,California
Solano,2021-02-27,3993,113517,1539,58309,2453,55207,1,1,3228,42553,754,35404,3229,77957,California
Solano,2021-02-28,1948,115465,1574,59883,373,55580,1,2,1616,43841,329,35733,1617,79574,California
Solano,2021-03-01,2762,118227,1230,61113,1531,57111,1,3,2083,45253,672,36405,2084,81658,California
Solano,2021-03-02,2340,120567,1415,62528,925,58036,0,3,1301,45516,1038,37443,1301,82959,California
Solano,2021-03-03,2268,122835,1275,63803,993,59029,0,3,1406,46071,852,38295,1407,84366,California
Solano,2021-03-04,4441,127276,3441,67244,998,60027,2,5,3174,47994,1256,39551,3179,87545,California
Solano,2021-03-05,4979,132255,1681,68925,3293,63320,5,10,3979,50989,989,40540,3984,91529,California
Solano,2021-03-06,3872,136127,835,69760,2996,66316,41,51,2647,52463,1214,41754,2688,94217,California
Solano,2021-03-07,3602,139729,763,70523,2813,69129,26,77,1953,52807,1636,43390,1980,96197,California
Solano,2021-03-08,2203,141932,1350,71873,581,69710,272,349,1629,54140,566,43956,1899,98096,California
Solano,2021-03-09,3245,145177,1568,73441,1622,71332,55,404,2337,55622,906,44862,2388,100484,California
Solano,2021-03-10,2443,147620,1762,75203,596,71928,85,489,1286,55839,1152,46014,1369,101853,California
Solano,2021-03-11,6055,153675,1763,76966,4042,75970,250,739,4998,60036,1052,47066,5249,107102,California
Solano,2021-03-12,6056,159731,1575,78541,4302,80272,179,918,3168,60507,2875,49941,3346,110448,California
Solano,2021-03-13,4624,164355,806,79347,3733,84005,85,1003,2239,60458,2376,52317,2327,112775,California
Solano,2021-03-14,4022,168377,3138,82485,428,84433,456,1459,1556,60006,2461,54778,2009,114784,California
Solano,2021-03-15,4040,172417,2459,84944,1254,85687,327,1786,2520,61343,1508,56286,2845,117629,California
Solano,2021-03-16,3113,175530,1323,86267,1552,87239,238,2024,1575,61624,1531,57817,1812,119441,California
Solano,2021-03-17,6524,182054,1682,87949,4747,91986,95,2119,4941,65081,1579,59396,5036,124477,California
Solano,2021-03-18,5229,187283,1858,89807,3332,95318,39,2158,3745,67390,1476,60872,3785,128262,California
Solano,2021-03-19,3596,190879,2655,92462,865,96183,76,2234,1633,67146,1954,62826,1710,129972,California
Solano,2021-03-20,5588,196467,1681,94143,3853,100036,54,2288,2618,66861,2957,65783,2672,132644,California
Solano,2021-03-21,1699,198166,1591,95734,83,100119,25,2313,376,65944,1316,67099,399,133043,California
Solano,2021-03-22,2713,200879,2058,97792,604,100723,51,2364,1569,66423,1138,68237,1617,134660,California
Solano,2021-03-23,3574,204453,1690,99482,1840,102563,44,2408,1393,65685,2174,70411,1436,136096,California
Solano,2021-03-24,2845,207298,1778,101260,1032,103595,35,2443,1361,65603,1476,71887,1394,137490,California
Solano,2021-03-25,4902,212200,4009,105269,858,104453,35,2478,2280,65302,2616,74503,2315,139805,California
Solano,2021-03-26,3254,215454,2110,107379,1106,105559,38,2516,1739,65576,1503,76006,1777,141582,California
Solano,2021-03-27,4231,219685,1162,108541,3028,108587,41,2557,1663,64717,2561,78567,1702,143284,California
Solano,2021-03-28,1425,221110,1112,109653,295,108882,18,2575,540,64394,881,79448,558,143842,California
Solano,2021-03-29,3543,224653,2044,111697,1483,110365,16,2591,1541,63965,1987,81435,1558,145400,California
Solano,2021-03-30,3059,227712,2025,113722,943,111308,91,2682,1908,64813,1150,82585,1998,147398,California
Solano,2021-03-31,3164,230876,2150,115872,854,112162,160,2842,1850,65511,1309,83894,2007,149405,California
Solano,2021-04-01,5581,236457,2110,117982,3317,115479,154,2996,3522,67142,2045,85939,3676,153081,California
Solano,2021-04-02,6638,243095,2239,120221,4230,119709,169,3165,2553,65795,4066,90005,2719,155800,California
Solano,2021-04-03,1532,244627,969,121190,410,120119,153,3318,569,65555,961,90966,721,156521,California
Solano,2021-04-04,785,245412,288,121478,193,120312,304,3622,241,65560,540,91506,545,157066,California
Solano,2021-04-05,3023,248435,2068,123546,746,121058,209,3831,1516,65779,1505,93011,1724,158790,California
Solano,2021-04-06,6072,254507,1637,125183,3944,125002,491,4322,1632,63470,4430,97441,2121,160911,California
Solano,2021-04-07,5991,260498,4642,129825,947,125949,402,4724,3400,64700,2572,100013,3802,164713,California
Solano,2021-04-08,6504,267002,1800,131625,3832,129781,872,5596,1798,62686,4674,104687,2660,167373,California
Solano,2021-04-09,6322,273324,1664,133289,3808,133589,850,6446,1522,60279,4772,109459,2365,169738,California
Solano,2021-04-10,1759,275083,966,134255,454,134043,339,6785,812,60483,945,110404,1149,170887,California
Solano,2021-04-11,1241,276324,772,135027,337,134380,132,6917,639,60655,599,111003,771,171658,California
Solano,2021-04-12,3296,279620,1704,136731,1231,135611,361,7278,1343,60410,1946,112949,1701,173359,California
Solano,2021-04-13,2574,282194,1115,137846,1458,137069,1,7279,1331,60503,1239,114188,1332,174691,California
Solano,2021-04-14,6547,288741,1966,139812,4581,141650,0,7279,1850,57666,4688,118876,1851,176542,California
Solano,2021-04-15,5748,294489,2174,141986,3573,145223,1,7280,1748,55429,3986,122862,1749,178291,California
Solano,2021-04-16,3713,298202,2600,144586,1111,146334,2,7282,2299,56325,1405,124267,2301,180592,California
Solano,2021-04-17,3291,301493,1074,145660,2217,148551,0,7282,1126,55299,2154,126421,1128,181720,California
Solano,2021-04-18,1056,302549,659,146319,397,148948,0,7282,550,55343,506,126927,550,182270,California
Solano,2021-04-19,2160,304709,1171,147490,989,149937,0,7282,1171,55534,982,127909,1173,183443,California
Solano,2021-04-20,3088,307797,1891,149381,1197,151134,0,7282,1708,55868,1374,129283,1708,185151,California
Solano,2021-04-21,3895,311692,2411,151792,1484,152618,0,7282,2041,56063,1846,131129,2041,187192,California
Solano,2021-04-22,3060,314752,1528,153320,1532,154150,0,7282,1804,56615,1252,132381,1804,188996,California
Solano,2021-04-23,4225,318977,2147,155467,2078,156228,0,7282,2539,57476,1680,134061,2541,191537,California
Solano,2021-04-24,3896,322873,2348,157815,1546,157774,2,7284,2584,58836,1226,135287,2586,194123,California
Solano,2021-04-25,1433,324306,1117,158932,316,158090,0,7284,1133,59676,293,135580,1133,195256,California
Solano,2021-04-26,2621,326927,1702,160634,915,159005,4,7288,1447,59968,1159,136739,1451,196707,California
Solano,2021-04-27,2605,329532,1309,161943,1266,160271,30,7318,1477,60359,1117,137856,1508,198215,California
Solano,2021-04-28,6083,335615,5025,166968,1012,161283,46,7364,3807,61951,2260,140116,3852,202067,California
Solano,2021-04-29,4583,340198,1476,168444,3072,164355,35,7399,2067,61547,2506,142622,2102,204169,California
Solano,2021-04-30,4176,344374,2233,170677,1802,166157,141,7540,1945,61416,2215,144837,2084,206253,California
Solano,2021-05-01,2189,346563,1684,172361,305,166462,200,7740,1298,62030,884,145721,1498,207751,California
Solano,2021-05-02,1201,347764,942,173303,234,166696,25,7765,661,62181,535,146256,686,208437,California
Solano,2021-05-03,1463,349227,1016,174319,361,167057,86,7851,602,62012,858,147114,689,209126,California
Solano,2021-05-04,1827,351054,1072,175391,689,167746,66,7917,822,61897,1003,148117,888,210014,California
Solano,2021-05-05,2285,353339,1443,176834,729,168475,113,8030,1102,61931,1179,149296,1213,211227,California
Solano,2021-05-06,1993,355332,1193,178027,591,169066,209,8239,724,61599,1257,150553,925,212152,California
Solano,2021-05-07,2837,358169,1979,180006,738,169804,120,8359,986,60859,1844,152397,1104,213256,California
Solano,2021-05-08,1486,359655,939,180945,431,170235,116,8475,573,60639,909,153306,689,213945,California
Solano,2021-05-09,451,360106,275,181220,165,170400,11,8486,175,60552,274,153580,187,214132,California
Solano,2021-05-10,1392,361498,646,181866,639,171039,107,8593,388,60048,998,154578,494,214626,California
Solano,2021-05-11,2339,363837,1211,183077,1039,172078,89,8682,680,59163,1654,156232,769,215395,California
Solano,2021-05-12,2199,366036,1267,184344,758,172836,174,8856,730,58611,1454,157686,902,216297,California
Solano,2021-05-13,3102,369138,2124,186468,766,173602,212,9068,1630,58984,1469,159155,1842,218139,California
Solano,2021-05-14,2519,371657,1706,188174,691,174293,122,9190,1060,58715,1451,160606,1182,219321,California
Solano,2021-05-15,3416,375073,2763,190937,567,174860,86,9276,1300,57995,2105,162711,1385,220706,California
Solano,2021-05-16,1540,376613,1142,192079,365,175225,33,9309,277,57044,1260,163971,309,221015,California
Solano,2021-05-17,2458,379071,1412,193491,959,176184,87,9396,863,56416,1574,165545,946,221961,California
Solano,2021-05-18,2959,382030,1639,195130,1231,177415,89,9485,1469,56496,1478,167023,1558,223519,California
Solano,2021-05-19,5780,387810,4177,199307,1472,178887,131,9616,2189,55235,3581,170604,2320,225839,California
Solano,2021-05-20,2635,390445,1581,200888,991,179878,63,9679,942,54558,1682,172286,1005,226844,California
Solano,2021-05-21,3567,394012,1876,202764,1622,181500,69,9748,1370,53809,2188,174474,1439,228283,California
Solano,2021-05-22,2741,396753,2113,204877,534,182034,94,9842,1159,53486,1575,176049,1252,229535,California
Solano,2021-05-23,1413,398166,1168,206045,220,182254,25,9867,756,53613,654,176703,781,230316,California
Solano,2021-05-24,1884,400050,1089,207134,722,182976,73,9940,636,53080,1241,177944,708,231024,California
Solano,2021-05-25,1625,401675,823,207957,744,183720,58,9998,583,52686,1034,178978,640,231664,California
Solano,2021-05-26,1898,403573,1090,209047,751,184471,57,10055,708,52267,1185,180163,766,232430,California
Solano,2021-05-27,2139,405712,950,209997,1114,185585,75,10130,884,51981,1244,181407,958,233388,California
Solano,2021-05-28,2018,407730,1023,211020,939,186524,56,10186,759,51546,1251,182658,816,234204,California
Solano,2021-05-29,656,408386,325,211345,300,186824,31,10217,303,51529,350,183008,333,234537,California
Solano,2021-05-30,325,408711,156,211501,144,186968,25,10242,115,51462,207,183215,140,234677,California
Solano,2021-05-31,128,408839,19,211520,100,187068,9,10251,25,51393,103,183318,34,234711,California
Solano,2021-06-01,1838,410677,1182,212702,578,187646,78,10329,726,51091,1107,184425,805,235516,California
Solano,2021-06-02,1829,412506,1290,213992,473,188119,66,10395,927,51186,895,185320,990,236506,California
Solano,2021-06-03,2194,414700,1735,215727,376,188495,83,10478,706,50495,1481,186801,790,237296,California
Solano,2021-06-04,1652,416352,1148,216875,438,188933,66,10544,501,49915,1147,187948,567,237863,California
Solano,2021-06-05,1420,417772,1027,217902,342,189275,51,10595,470,49492,944,188892,521,238384,California
Solano,2021-06-06,674,418446,554,218456,88,189363,32,10627,363,49576,311,189203,395,238779,California
Solano,2021-06-07,1240,419686,951,219407,227,189590,62,10689,409,49219,828,190031,471,239250,California
Solano,2021-06-08,1833,421519,1326,220733,473,190063,34,10723,486,48397,1342,191373,520,239770,California
Solano,2021-06-09,2109,423628,1797,222530,251,190314,61,10784,665,47684,1438,192811,725,240495,California
Solano,2021-06-10,1298,424926,844,223374,380,190694,74,10858,417,47302,872,193683,490,240985,California
Solano,2021-06-11,1600,426526,1271,224645,263,190957,66,10924,585,46942,1010,194693,650,241635,California
Solano,2021-06-12,1205,427731,925,225570,219,191176,61,10985,205,46215,993,195686,266,241901,California
Solano,2021-06-13,612,428343,523,226093,80,191256,9,10994,112,45837,499,196185,121,242022,California
Solano,2021-06-14,1315,429658,932,227025,349,191605,34,11028,279,45120,1028,197213,311,242333,California
Solano,2021-06-15,1468,431126,930,227955,487,192092,51,11079,603,44916,858,198071,654,242987,California
Solano,2021-06-16,1165,432291,771,228726,324,192416,70,11149,394,44614,765,198836,463,243450,California
Solano,2021-06-17,1223,433514,937,229663,217,192633,69,11218,435,44343,774,199610,503,243953,California
Solano,2021-06-18,1180,434694,876,230539,237,192870,67,11285,442,44118,733,200343,508,244461,California
Solano,2021-06-19,424,435118,295,230834,100,192970,29,11314,160,44048,259,200602,189,244650,California
Solano,2021-06-20,183,435301,140,230974,36,193006,7,11321,85,44042,98,200700,92,244742,California
Solano,2021-06-21,629,435930,404,231378,162,193168,63,11384,393,44263,235,200935,456,245198,California
Solano,2021-06-22,1156,437086,872,232250,239,193407,45,11429,420,43996,732,201667,465,245663,California
Solano,2021-06-23,1431,438517,1186,233436,174,193581,71,11500,492,43624,934,202601,562,246225,California
Solano,2021-06-24,924,439441,687,234123,171,193752,66,11566,393,43556,526,203127,458,246683,California
Solano,2021-06-25,1036,440477,723,234846,245,193997,68,11634,480,43565,538,203665,547,247230,California
Solano,2021-06-26,562,441039,432,235278,93,194090,37,11671,220,43481,340,204005,256,247486,California
Solano,2021-06-27,440,441479,383,235661,55,194145,2,11673,157,43358,282,204287,159,247645,California
Solano,2021-06-28,982,442461,812,236473,132,194277,38,11711,401,43222,575,204862,439,248084,California
Solano,2021-06-29,851,443312,651,237124,147,194424,53,11764,378,43183,469,205331,430,248514,California
Solano,2021-06-30,816,444128,599,237723,172,194596,45,11809,369,43149,447,205778,413,248927,California
Solano,2021-07-01,666,444794,492,238215,111,194707,63,11872,251,43050,413,206191,314,249241,California
Solano,2021-07-02,741,445535,562,238777,144,194851,35,11907,295,42940,440,206631,330,249571,California
Solano,2021-07-03,313,445848,210,238987,88,194939,15,11922,156,42958,153,206784,171,249742,California
Solano,2021-07-04,32,445880,3,238990,16,194955,13,11935,12,42963,20,206804,25,249767,California
Solano,2021-07-05,353,446233,247,239237,91,195046,15,11950,177,42983,172,206976,192,249959,California
Solano,2021-07-06,977,447210,768,240005,189,195235,20,11970,356,42741,618,207594,376,250335,California
Solano,2021-07-07,540,447750,377,240382,120,195355,43,12013,208,42666,326,207920,251,250586,California
Sonoma,2020-12-15,4,4,4,4,0,0,0,0,4,4,0,0,4,4,California
Sonoma,2020-12-16,27,31,27,31,0,0,0,0,27,31,0,0,27,31,California
Sonoma,2020-12-17,111,142,111,142,0,0,0,0,111,142,0,0,111,142,California
Sonoma,2020-12-18,437,579,437,579,0,0,0,0,437,579,0,0,437,579,California
Sonoma,2020-12-19,113,692,112,691,1,1,0,0,113,692,0,0,113,692,California
Sonoma,2020-12-20,177,869,177,868,0,1,0,0,177,869,0,0,177,869,California
Sonoma,2020-12-21,908,1777,906,1774,2,3,0,0,907,1776,0,0,907,1776,California
Sonoma,2020-12-22,1357,3134,1266,3040,91,94,0,0,1357,3133,0,0,1357,3133,California
Sonoma,2020-12-23,1603,4737,1227,4267,376,470,0,0,1604,4737,0,0,1604,4737,California
Sonoma,2020-12-24,310,5047,103,4370,207,677,0,0,310,5047,0,0,310,5047,California
Sonoma,2020-12-25,9,5056,2,4372,7,684,0,0,9,5056,0,0,9,5056,California
Sonoma,2020-12-26,268,5324,257,4629,11,695,0,0,268,5324,0,0,268,5324,California
Sonoma,2020-12-27,94,5418,80,4709,14,709,0,0,94,5418,0,0,94,5418,California
Sonoma,2020-12-28,978,6396,544,5253,434,1143,0,0,952,6370,0,0,952,6370,California
Sonoma,2020-12-29,1135,7531,778,6031,357,1500,0,0,1101,7471,0,0,1101,7471,California
Sonoma,2020-12-30,1099,8630,483,6514,616,2116,0,0,1091,8562,0,0,1091,8562,California
Sonoma,2020-12-31,518,9148,69,6583,449,2565,0,0,518,9080,0,0,518,9080,California
Sonoma,2021-01-01,254,9402,121,6704,133,2698,0,0,254,9334,0,0,254,9334,California
Sonoma,2021-01-02,135,9537,128,6832,7,2705,0,0,135,9469,0,0,135,9469,California
Sonoma,2021-01-03,26,9563,10,6842,16,2721,0,0,26,9495,0,0,26,9495,California
Sonoma,2021-01-04,345,9908,107,6949,238,2959,0,0,344,9839,0,0,344,9839,California
Sonoma,2021-01-05,434,10342,100,7049,334,3293,0,0,408,10231,16,16,408,10247,California
Sonoma,2021-01-06,953,11295,432,7481,521,3814,0,0,837,10958,110,126,837,11084,California
Sonoma,2021-01-07,1041,12336,538,8019,503,4317,0,0,866,11650,174,300,866,11950,California
Sonoma,2021-01-08,1812,14148,1245,9264,567,4884,0,0,1329,12498,481,781,1329,13279,California
Sonoma,2021-01-09,639,14787,399,9663,240,5124,0,0,591,13041,48,829,591,13870,California
Sonoma,2021-01-10,471,15258,460,10123,11,5135,0,0,277,13124,194,1023,277,14147,California
Sonoma,2021-01-11,1390,16648,1243,11366,147,5282,0,0,418,12575,967,1990,418,14565,California
Sonoma,2021-01-12,1556,18204,1297,12663,259,5541,0,0,404,11829,1150,3140,404,14969,California
Sonoma,2021-01-13,2046,20250,1365,14028,681,6222,0,0,1178,12143,865,4005,1179,16148,California
Sonoma,2021-01-14,1544,21794,809,14837,735,6957,0,0,1314,13227,230,4235,1314,17462,California
Sonoma,2021-01-15,1566,23360,635,15472,931,7888,0,0,1342,14357,214,4449,1344,18806,California
Sonoma,2021-01-16,1146,24506,610,16082,536,8424,0,0,899,15013,243,4692,899,19705,California
Sonoma,2021-01-17,683,25189,561,16643,122,8546,0,0,603,15536,80,4772,603,20308,California
Sonoma,2021-01-18,1107,26296,937,17580,170,8716,0,0,617,15664,490,5262,618,20926,California
Sonoma,2021-01-19,2100,28396,1003,18583,1097,9813,0,0,1389,16345,709,5971,1390,22316,California
Sonoma,2021-01-20,2189,30585,712,19295,1477,11290,0,0,1513,17193,666,6637,1514,23830,California
Sonoma,2021-01-21,2321,32906,675,19970,1646,12936,0,0,2093,19061,226,6863,2094,25924,California
Sonoma,2021-01-22,2775,35681,1054,21024,1721,14657,0,0,2622,21531,152,7015,2622,28546,California
Sonoma,2021-01-23,769,36450,590,21614,179,14836,0,0,661,22085,107,7122,661,29207,California
Sonoma,2021-01-24,852,37302,714,22328,138,14974,0,0,833,22899,19,7141,833,30040,California
Sonoma,2021-01-25,2198,39500,536,22864,1662,16636,0,0,1706,24113,492,7633,1706,31746,California
Sonoma,2021-01-26,2064,41564,307,23171,1757,18393,0,0,1596,25242,467,8100,1596,33342,California
Sonoma,2021-01-27,3745,45309,1275,24446,2470,20863,0,0,3159,27820,583,8683,3161,36503,California
Sonoma,2021-01-28,4127,49436,1834,26280,2293,23156,0,0,3436,30570,688,9371,3438,39941,California
Sonoma,2021-01-29,3022,52458,1422,27702,1600,24756,0,0,2169,31890,851,10222,2171,42112,California
Sonoma,2021-01-30,2594,55052,2398,30100,196,24952,0,0,2241,33781,351,10573,2242,44354,California
Sonoma,2021-01-31,795,55847,679,30779,116,25068,0,0,563,34113,231,10804,563,44917,California
Sonoma,2021-02-01,2498,58345,855,31634,1643,26711,0,0,2106,35833,386,11190,2106,47023,California
Sonoma,2021-02-02,3619,61964,1401,33035,2218,28929,0,0,3031,38279,585,11775,3031,50054,California
Sonoma,2021-02-03,4072,66036,1324,34359,2748,31677,0,0,3124,40459,944,12719,3124,53178,California
Sonoma,2021-02-04,4254,70290,1749,36108,2505,34182,0,0,3442,43093,809,13528,3443,56621,California
Sonoma,2021-02-05,4859,75149,1755,37863,3104,37286,0,0,3787,45814,1067,14595,3788,60409,California
Sonoma,2021-02-06,2659,77808,2291,40154,368,37654,0,0,2116,47389,541,15136,2116,62525,California
Sonoma,2021-02-07,1561,79369,1423,41577,138,37792,0,0,1294,48416,267,15403,1294,63819,California
Sonoma,2021-02-08,3293,82662,1043,42620,2250,40042,0,0,2688,50501,603,16006,2688,66507,California
Sonoma,2021-02-09,3608,86270,1724,44344,1884,41926,0,0,3117,53130,489,16495,3118,69625,California
Sonoma,2021-02-10,4594,90864,2506,46850,2088,44014,0,0,3564,55673,1022,17517,3565,73190,California
Sonoma,2021-02-11,5632,96496,3036,49886,2596,46610,0,0,4348,58742,1279,18796,4348,77538,California
Sonoma,2021-02-12,5967,102463,3286,53172,2681,49291,0,0,4505,61796,1455,20251,4509,82047,California
Sonoma,2021-02-13,2000,104463,1156,54328,844,50135,0,0,1193,62185,804,21055,1193,83240,California
Sonoma,2021-02-14,2337,106800,1835,56163,502,50637,0,0,1577,63006,756,21811,1577,84817,California
Sonoma,2021-02-15,2148,108948,795,56958,1353,51990,0,0,1598,64054,550,22361,1598,86415,California
Sonoma,2021-02-16,5007,113955,2150,59108,2857,54847,0,0,3724,66501,1279,23640,3726,90141,California
Sonoma,2021-02-17,5644,119599,2930,62038,2714,57561,0,0,3552,67978,2077,25717,3554,93695,California
Sonoma,2021-02-18,7026,126625,3175,65213,3851,61412,0,0,4016,69005,2990,28707,4017,97712,California
Sonoma,2021-02-19,5690,132315,1737,66950,3953,65365,0,0,3515,70357,2165,30872,3517,101229,California
Sonoma,2021-02-20,3153,135468,2853,69803,300,65665,0,0,1225,69662,1920,32792,1225,102454,California
Sonoma,2021-02-21,564,136032,448,70251,116,65781,0,0,148,69400,410,33202,148,102602,California
Sonoma,2021-02-22,3037,139069,1431,71682,1606,67387,0,0,1246,68869,1777,34979,1246,103848,California
Sonoma,2021-02-23,3497,142566,2145,73827,1352,68739,0,0,1635,68652,1852,36831,1635,105483,California
Sonoma,2021-02-24,5843,148409,2606,76433,3237,71976,0,0,2964,68750,2867,39698,2965,108448,California
Sonoma,2021-02-25,6093,154502,2371,78804,3722,75698,0,0,3253,69194,2809,42507,3253,111701,California
Sonoma,2021-02-26,6656,161158,2932,81736,3724,79422,0,0,4212,70974,2432,44939,4212,115913,California
Sonoma,2021-02-27,4230,165388,1960,83696,2270,81692,0,0,2834,72419,1389,46328,2834,118747,California
Sonoma,2021-02-28,2502,167890,1848,85544,653,82345,1,1,743,71416,1747,48075,744,119491,California
Sonoma,2021-03-01,4147,172037,1323,86867,2823,85168,1,2,2164,71618,1964,50039,2166,121657,California
Sonoma,2021-03-02,4448,176485,1534,88401,2912,88080,2,4,2551,72285,1886,51925,2553,124210,California
Sonoma,2021-03-03,5090,181575,2642,91043,2448,90528,0,4,2325,71863,2747,54672,2325,126535,California
Sonoma,2021-03-04,5986,187561,2690,93733,3296,93824,0,4,2575,71044,3394,58066,2575,129110,California
Sonoma,2021-03-05,6499,194060,2868,96601,3616,97440,15,19,2721,70023,3758,61824,2737,131847,California
Sonoma,2021-03-06,2810,196870,1226,97827,1445,98885,139,158,1927,71214,873,62697,2064,133911,California
Sonoma,2021-03-07,1806,198676,1399,99226,314,99199,93,251,403,70307,1401,64098,494,134405,California
Sonoma,2021-03-08,4092,202768,663,99889,3249,102448,180,431,2382,71172,1696,65794,2561,136966,California
Sonoma,2021-03-09,5630,208398,3102,102991,2258,104706,270,701,2678,71171,2936,68730,2935,139901,California
Sonoma,2021-03-10,6052,214450,3213,106204,2492,107198,347,1048,2428,70342,3601,72331,2772,142673,California
Sonoma,2021-03-11,7567,222017,3033,109237,3715,110913,819,1867,2537,68684,5008,77339,3350,146023,California
Sonoma,2021-03-12,7433,229450,2268,111505,3801,114714,1364,3231,2047,66736,5353,82692,3405,149428,California
Sonoma,2021-03-13,3463,232913,1716,113221,1507,116221,240,3471,2011,67534,1448,84140,2246,151674,California
Sonoma,2021-03-14,1398,234311,390,113611,865,117086,143,3614,850,67982,545,84685,993,152667,California
Sonoma,2021-03-15,5262,239573,1520,115131,3356,120442,386,4000,2172,67469,3069,87754,2556,155223,California
Sonoma,2021-03-16,6324,245897,2268,117399,3828,124270,228,4228,2881,67146,3430,91184,3107,158330,California
Sonoma,2021-03-17,6801,252698,3548,120947,3073,127343,180,4408,3253,67048,3529,94713,3431,161761,California
Sonoma,2021-03-18,7158,259856,2952,123899,3591,130934,615,5023,3101,66717,4041,98754,3710,165471,California
Sonoma,2021-03-19,7520,267376,3257,127156,4033,134967,230,5253,3022,65509,4464,103218,3256,168727,California
Sonoma,2021-03-20,3736,271112,1766,128922,1144,136111,826,6079,2013,66628,1712,104930,2831,171558,California
Sonoma,2021-03-21,1400,272512,613,129535,752,136863,35,6114,1209,67687,185,105115,1244,172802,California
Sonoma,2021-03-22,4588,277100,3122,132657,1367,138230,99,6213,3334,69874,1246,106361,3433,176235,California
Sonoma,2021-03-23,5877,282977,3643,136300,2161,140391,73,6286,4420,72924,1444,107805,4494,180729,California
Sonoma,2021-03-24,6842,289819,4288,140588,2479,142870,75,6361,4140,74456,2680,110485,4212,184941,California
Sonoma,2021-03-25,7144,296963,4203,144791,2829,145699,112,6473,4256,75967,2858,113343,4369,189310,California
Sonoma,2021-03-26,7484,304447,3474,148265,3913,149612,97,6570,3795,76198,3660,117003,3891,193201,California
Sonoma,2021-03-27,3860,308307,1515,149780,1982,151594,363,6933,989,74690,2857,119860,1349,194550,California
Sonoma,2021-03-28,1515,309822,950,150730,537,152131,28,6961,797,74800,714,120574,824,195374,California
Sonoma,2021-03-29,2990,312812,1107,151837,1850,153981,33,6994,1545,74943,1435,122009,1578,196952,California
Sonoma,2021-03-30,5928,318740,3232,155069,2633,156614,63,7057,3099,75286,2819,124828,3162,200114,California
Sonoma,2021-03-31,5757,324497,3419,158488,2122,158736,216,7273,3337,76437,2401,127229,3552,203666,California
Sonoma,2021-04-01,6969,331466,4070,162558,2553,161289,346,7619,3772,77376,3168,130397,4107,207773,California
Sonoma,2021-04-02,5976,337442,3580,166138,2285,163574,111,7730,3571,78666,2391,132788,3681,211454,California
Sonoma,2021-04-03,3738,341180,1825,167963,1686,165260,227,7957,1676,78518,2046,134834,1898,213352,California
Sonoma,2021-04-04,1071,342251,695,168658,285,165545,91,8048,646,78834,421,135255,737,214089,California
Sonoma,2021-04-05,4458,346709,666,169324,3445,168990,347,8395,1671,78073,2779,138034,2018,216107,California
Sonoma,2021-04-06,6937,353646,3515,172839,3010,172000,412,8807,4029,79619,2892,140926,4438,220545,California
Sonoma,2021-04-07,6865,360511,3876,176715,2141,174141,848,9655,3340,80293,3506,144432,4180,224725,California
Sonoma,2021-04-08,7686,368197,4161,180876,2748,176889,777,10432,4201,81793,3472,147904,4972,229697,California
Sonoma,2021-04-09,6863,375060,3830,184706,2141,179030,892,11324,3520,82870,3328,151232,4405,234102,California
Sonoma,2021-04-10,3922,378982,1706,186412,1655,180685,561,11885,1154,81824,2754,153986,1708,235810,California
Sonoma,2021-04-11,1295,380277,613,187025,601,181286,81,11966,442,81496,851,154837,523,236333,California
Sonoma,2021-04-12,4976,385253,2072,189097,2417,183703,487,12453,1848,80715,3109,157946,2328,238661,California
Sonoma,2021-04-13,7951,393204,4681,193778,3266,186969,4,12457,3044,78871,4891,162837,3047,241708,California
Sonoma,2021-04-14,6708,399912,3790,197568,2897,189866,21,12478,2567,77330,4127,166964,2586,244294,California
Sonoma,2021-04-15,7535,407447,4281,201849,3253,193119,1,12479,3635,77084,3882,170846,3636,247930,California
Sonoma,2021-04-16,6946,414393,3472,205321,3472,196591,2,12481,3915,77981,3021,173867,3918,251848,California
Sonoma,2021-04-17,3542,417935,1833,207154,1709,198300,0,12481,1688,77837,1833,175700,1689,253537,California
Sonoma,2021-04-18,1410,419345,1010,208164,400,198700,0,12481,538,77506,869,176569,538,254075,California
Sonoma,2021-04-19,3446,422791,1891,210055,1554,200254,1,12482,1533,77134,1906,178475,1534,255609,California
Sonoma,2021-04-20,6405,429196,3534,213589,2871,203125,0,12482,2381,75507,4010,182485,2383,257992,California
Sonoma,2021-04-21,6858,436054,4360,217949,2496,205621,2,12484,3136,74947,3697,186182,3137,261129,California
Sonoma,2021-04-22,6482,442536,4530,222479,1951,207572,1,12485,2607,73696,3858,190040,2607,263736,California
Sonoma,2021-04-23,7568,450104,4668,227147,2893,210465,7,12492,3676,73506,3874,193914,3684,267420,California
Sonoma,2021-04-24,2783,452887,1511,228658,1258,211723,14,12506,1543,73829,1234,195148,1557,268977,California
Sonoma,2021-04-25,1085,453972,788,229446,297,212020,0,12506,431,73609,651,195799,431,269408,California
Sonoma,2021-04-26,3002,456974,1437,230883,1537,213557,28,12534,1624,73893,1368,197167,1652,271060,California
Sonoma,2021-04-27,5538,462512,3740,234623,1674,215231,124,12658,2240,72969,3287,200454,2363,273423,California
Sonoma,2021-04-28,4933,467445,3234,237857,1499,216730,200,12858,2014,72279,2899,203353,2209,275632,California
Sonoma,2021-04-29,5120,472565,3605,241462,1371,218101,144,13002,1911,71142,3192,206545,2055,277687,California
Sonoma,2021-04-30,5567,478132,3632,245094,1640,219741,295,13297,1827,69540,3723,210268,2121,279808,California
Sonoma,2021-05-01,2532,480664,1792,246886,633,220374,107,13404,1197,69517,1323,211591,1300,281108,California
Sonoma,2021-05-02,874,481538,652,247538,171,220545,51,13455,557,69809,317,211908,609,281717,California
Sonoma,2021-05-03,3266,484804,1686,249224,1427,221972,153,13608,1067,68843,2183,214091,1217,282934,California
Sonoma,2021-05-04,4625,489429,2416,251640,2027,223999,182,13790,1453,67323,3149,217240,1629,284563,California
Sonoma,2021-05-05,3730,493159,2194,253834,1341,225340,195,13985,1314,66431,2399,219639,1507,286070,California
Sonoma,2021-05-06,4599,497758,2424,256258,2048,227388,127,14112,1300,64622,3233,222872,1424,287494,California
Sonoma,2021-05-07,3645,501403,2330,258588,1192,228580,123,14235,1084,63284,2545,225417,1207,288701,California
Sonoma,2021-05-08,1942,503345,1296,259884,554,229134,92,14327,682,62812,1246,226663,774,289475,California
Sonoma,2021-05-09,503,503848,286,260170,176,229310,41,14368,159,62673,339,227002,200,289675,California
Sonoma,2021-05-10,2367,506215,1042,261212,1191,230501,134,14502,294,61042,2056,229058,425,290100,California
Sonoma,2021-05-11,3605,509820,1944,263156,1539,232040,122,14624,872,59322,2714,231772,994,291094,California
Sonoma,2021-05-12,4076,513896,2497,265653,1427,233467,152,14776,847,57104,3216,234988,998,292092,California
Sonoma,2021-05-13,4972,518868,2846,268499,1995,235462,131,14907,1652,55578,3307,238295,1781,293873,California
Sonoma,2021-05-14,5850,524718,3607,272106,2106,237568,137,15044,2209,54300,3625,241920,2347,296220,California
Sonoma,2021-05-15,2988,527706,2196,274302,729,238297,63,15107,1872,55128,1107,243027,1935,298155,California
Sonoma,2021-05-16,1350,529056,1132,275434,159,238456,59,15166,996,55835,348,243375,1055,299210,California
Sonoma,2021-05-17,2448,531504,1816,277250,537,238993,95,15261,887,55260,1555,244930,980,300190,California
Sonoma,2021-05-18,4341,535845,2863,280113,1369,240362,109,15370,1463,53973,2858,247788,1571,301761,California
Sonoma,2021-05-19,3882,539727,2422,282535,1345,241707,115,15485,1485,53191,2382,250170,1600,303361,California
Sonoma,2021-05-20,3428,543155,2244,284779,1090,242797,94,15579,1330,52524,2085,252255,1418,304779,California
Sonoma,2021-05-21,4256,547411,2390,287169,1737,244534,129,15708,1499,51405,2732,254987,1613,306392,California
Sonoma,2021-05-22,2349,549760,1291,288460,1018,245552,40,15748,663,50438,1670,256657,703,307095,California
Sonoma,2021-05-23,1502,551262,1221,289681,263,245815,18,15766,772,50503,725,257382,790,307885,California
Sonoma,2021-05-24,2025,553287,1261,290942,629,246444,135,15901,663,49970,1330,258712,797,308682,California
Sonoma,2021-05-25,2943,556230,1801,292743,1055,247499,87,15988,738,48602,2191,260903,823,309505,California
Sonoma,2021-05-26,2490,558720,1737,294480,642,248141,111,16099,1002,48239,1473,262376,1110,310615,California
Sonoma,2021-05-27,2073,560793,1136,295616,840,248981,97,16196,682,47634,1381,263757,776,311391,California
Sonoma,2021-05-28,2192,562985,1129,296745,970,249951,93,16289,621,46789,1559,265316,714,312105,California
Sonoma,2021-05-29,1350,564335,921,297666,361,250312,68,16357,633,46783,707,266023,701,312806,California
Sonoma,2021-05-30,349,564684,214,297880,124,250436,11,16368,138,46727,204,266227,148,312954,California
Sonoma,2021-05-31,70,564754,26,297906,43,250479,1,16369,17,46692,53,266280,18,312972,California
Sonoma,2021-06-01,1946,566700,1115,299021,755,251234,76,16445,695,46221,1238,267518,767,313739,California
Sonoma,2021-06-02,1589,568289,973,299994,500,251734,116,16561,660,46071,924,268442,774,314513,California
Sonoma,2021-06-03,2012,570301,1386,301380,546,252280,80,16641,436,45019,1567,270009,515,315028,California
Sonoma,2021-06-04,2710,573011,2207,303587,395,252675,108,16749,511,43448,2188,272197,617,315645,California
Sonoma,2021-06-05,1818,574829,1493,305080,294,252969,31,16780,271,42209,1541,273738,302,315947,California
Sonoma,2021-06-06,1027,575856,949,306029,68,253037,10,16790,143,41481,881,274619,153,316100,California
Sonoma,2021-06-07,1488,577344,1245,307274,188,253225,55,16845,331,40715,1149,275768,383,316483,California
Sonoma,2021-06-08,1901,579245,1526,308800,327,253552,48,16893,531,39934,1358,277126,577,317060,California
Sonoma,2021-06-09,1656,580901,1366,310166,228,253780,62,16955,389,39132,1253,278379,451,317511,California
Sonoma,2021-06-10,1833,582734,1505,311671,224,254004,104,17059,553,38521,1266,279645,655,318166,California
Sonoma,2021-06-11,2000,584734,1630,313301,278,254282,92,17151,547,37714,1446,281091,639,318805,California
Sonoma,2021-06-12,1123,585857,886,314187,191,254473,46,17197,344,37333,772,281863,391,319196,California
Sonoma,2021-06-13,556,586413,467,314654,70,254543,19,17216,104,37005,450,282313,122,319318,California
Sonoma,2021-06-14,948,587361,675,315329,214,254757,59,17275,337,36799,602,282915,396,319714,California
Sonoma,2021-06-15,1848,589209,1381,316710,359,255116,108,17383,602,36273,1235,284150,709,320423,California
Sonoma,2021-06-16,1579,590788,1216,317926,262,255378,101,17484,500,35800,1072,285222,599,321022,California
Sonoma,2021-06-17,1037,591825,786,318712,171,255549,80,17564,409,35665,623,285845,488,321510,California
Sonoma,2021-06-18,1077,592902,772,319484,203,255752,102,17666,451,35599,616,286461,550,322060,California
Sonoma,2021-06-19,835,593737,690,320174,106,255858,39,17705,274,35353,558,287019,312,322372,California
Sonoma,2021-06-20,241,593978,199,320373,36,255894,6,17711,82,35285,156,287175,88,322460,California
Sonoma,2021-06-21,541,594519,308,320681,156,256050,77,17788,254,35342,273,287448,330,322790,California
Sonoma,2021-06-22,1251,595770,988,321669,171,256221,92,17880,583,35351,663,288111,672,323462,California
Sonoma,2021-06-23,1221,596991,942,322611,195,256416,84,17964,475,35171,739,288850,559,324021,California
Sonoma,2021-06-24,950,597941,633,323244,217,256633,100,18064,419,35166,523,289373,518,324539,California
Sonoma,2021-06-25,1189,599130,913,324157,196,256829,80,18144,515,35106,653,290026,593,325132,California
Sonoma,2021-06-26,689,599819,493,324650,115,256944,81,18225,331,35162,355,290381,411,325543,California
Sonoma,2021-06-27,194,600013,159,324809,24,256968,11,18236,101,35182,92,290473,112,325655,California
Sonoma,2021-06-28,708,600721,569,325378,82,257050,57,18293,309,35149,398,290871,365,326020,California
Sonoma,2021-06-29,945,601666,731,326109,164,257214,50,18343,401,35059,541,291412,451,326471,California
Sonoma,2021-06-30,885,602551,687,326796,157,257371,41,18384,384,34989,494,291906,424,326895,California
Sonoma,2021-07-01,962,603513,757,327553,135,257506,70,18454,421,34941,537,292443,489,327384,California
Sonoma,2021-07-02,761,604274,543,328096,169,257675,49,18503,358,34949,399,292842,407,327791,California
Sonoma,2021-07-03,556,604830,457,328553,75,257750,24,18527,226,34871,328,293170,250,328041,California
Sonoma,2021-07-04,23,604853,13,328566,9,257759,1,18528,15,34879,8,293178,16,328057,California
Sonoma,2021-07-05,326,605179,244,328810,59,257818,23,18551,150,34876,175,293353,172,328229,California
Sonoma,2021-07-06,1105,606284,886,329696,150,257968,69,18620,410,34666,687,294040,477,328706,California
Sonoma,2021-07-07,642,606926,505,330201,91,258059,46,18666,258,34589,381,294421,304,329010,California
Stanislaus,2020-12-15,5,5,5,5,0,0,0,0,5,5,0,0,5,5,California
Stanislaus,2020-12-16,41,46,41,46,0,0,0,0,41,46,0,0,41,46,California
Stanislaus,2020-12-17,74,120,74,120,0,0,0,0,74,120,0,0,74,120,California
Stanislaus,2020-12-18,343,463,337,457,6,6,0,0,343,463,0,0,343,463,California
Stanislaus,2020-12-19,134,597,134,591,0,6,0,0,134,597,0,0,134,597,California
Stanislaus,2020-12-20,87,684,87,678,0,6,0,0,87,684,0,0,87,684,California
Stanislaus,2020-12-21,1000,1684,999,1677,1,7,0,0,999,1683,1,1,1000,1684,California
Stanislaus,2020-12-22,796,2480,784,2461,12,19,0,0,796,2479,0,1,796,2480,California
Stanislaus,2020-12-23,450,2930,431,2892,19,38,0,0,449,2928,1,2,450,2930,California
Stanislaus,2020-12-24,98,3028,89,2981,9,47,0,0,98,3026,0,2,98,3028,California
Stanislaus,2020-12-26,53,3081,9,2990,44,91,0,0,53,3079,0,2,53,3081,California
Stanislaus,2020-12-27,11,3092,6,2996,5,96,0,0,11,3090,0,2,11,3092,California
Stanislaus,2020-12-28,490,3582,396,3392,94,190,0,0,490,3580,0,2,490,3582,California
Stanislaus,2020-12-29,500,4082,415,3807,85,275,0,0,500,4080,0,2,500,4082,California
Stanislaus,2020-12-30,539,4621,282,4089,257,532,0,0,538,4617,1,3,538,4620,California
Stanislaus,2020-12-31,283,4904,159,4248,124,656,0,0,283,4900,0,3,283,4903,California
Stanislaus,2021-01-01,18,4922,7,4255,11,667,0,0,18,4918,0,3,18,4921,California
Stanislaus,2021-01-02,34,4956,26,4281,8,675,0,0,34,4952,0,3,34,4955,California
Stanislaus,2021-01-03,90,5046,87,4368,3,678,0,0,90,5042,0,3,90,5045,California
Stanislaus,2021-01-04,234,5280,154,4522,80,758,0,0,234,5276,0,3,234,5279,California
Stanislaus,2021-01-05,855,6135,358,4880,497,1255,0,0,827,6086,27,30,837,6116,California
Stanislaus,2021-01-06,1013,7148,607,5487,406,1661,0,0,935,6953,75,105,942,7058,California
Stanislaus,2021-01-07,1086,8234,706,6193,380,2041,0,0,891,7658,190,295,895,7953,California
Stanislaus,2021-01-08,1304,9538,741,6934,563,2604,0,0,952,8269,349,644,960,8913,California
Stanislaus,2021-01-09,290,9828,144,7078,146,2750,0,0,201,8381,89,733,201,9114,California
Stanislaus,2021-01-10,49,9877,22,7100,27,2777,0,0,29,8390,20,753,29,9143,California
Stanislaus,2021-01-11,1512,11389,1227,8327,285,3062,0,0,574,8052,931,1684,593,9736,California
Stanislaus,2021-01-12,1488,12877,872,9199,616,3678,0,0,837,8259,647,2331,854,10590,California
Stanislaus,2021-01-13,1459,14336,692,9891,767,4445,0,0,1126,9070,332,2663,1143,11733,California
Stanislaus,2021-01-14,2282,16618,289,10180,1993,6438,0,0,2083,11049,196,2859,2175,13908,California
Stanislaus,2021-01-15,2864,19482,1175,11355,1689,8127,0,0,2688,13663,171,3030,2785,16693,California
Stanislaus,2021-01-16,474,19956,51,11406,423,8550,0,0,455,14102,18,3048,457,17150,California
Stanislaus,2021-01-17,244,20200,202,11608,42,8592,0,0,237,14333,6,3054,237,17387,California
Stanislaus,2021-01-18,2216,22416,1033,12641,1183,9775,0,0,1812,15832,399,3453,1898,19285,California
Stanislaus,2021-01-19,1274,23690,727,13368,547,10322,0,0,823,16209,447,3900,824,20109,California
Stanislaus,2021-01-20,1037,24727,494,13862,543,10865,0,0,741,16656,294,4194,741,20850,California
Stanislaus,2021-01-21,3742,28469,3003,16865,739,11604,0,0,3379,19810,359,4553,3513,24363,California
Stanislaus,2021-01-22,1119,29588,313,17178,806,12410,0,0,1072,20842,43,4596,1075,25438,California
Stanislaus,2021-01-23,379,29967,43,17221,336,12746,0,0,320,21105,58,4654,321,25759,California
Stanislaus,2021-01-24,315,30282,99,17320,216,12962,0,0,248,21289,67,4721,251,26010,California
Stanislaus,2021-01-25,3203,33485,233,17553,2970,15932,0,0,2845,23986,322,5043,3019,29029,California
Stanislaus,2021-01-26,1755,35240,751,18304,1004,16936,0,0,1304,24869,441,5484,1324,30353,California
Stanislaus,2021-01-27,1938,37178,1070,19374,868,17804,0,0,1218,25421,668,6152,1220,31573,California
Stanislaus,2021-01-28,2239,39417,1529,20903,710,18514,0,0,1731,26727,498,6650,1804,33377,California
Stanislaus,2021-01-29,2489,41906,1217,22120,1272,19786,0,0,1931,28214,503,7153,1990,35367,California
Stanislaus,2021-01-30,298,42204,131,22251,167,19953,0,0,230,28388,56,7209,230,35597,California
Stanislaus,2021-01-31,374,42578,319,22570,55,20008,0,0,357,28731,14,7223,357,35954,California
Stanislaus,2021-02-01,1346,43924,584,23154,762,20770,0,0,978,29357,353,7576,979,36933,California
Stanislaus,2021-02-02,1267,45191,349,23503,918,21688,0,0,824,29754,431,8007,828,37761,California
Stanislaus,2021-02-03,2679,47870,1233,24736,1446,23134,0,0,1971,31039,703,8710,1988,39749,California
Stanislaus,2021-02-04,2140,50010,719,25455,1421,24555,0,0,1613,32148,514,9224,1623,41372,California
Stanislaus,2021-02-05,2894,52904,1486,26941,1408,25963,0,0,1614,32570,1209,10433,1631,43003,California
Stanislaus,2021-02-06,893,53797,302,27243,591,26554,0,0,698,33078,192,10625,700,43703,California
Stanislaus,2021-02-07,234,54031,208,27451,26,26580,0,0,45,32939,185,10810,46,43749,California
Stanislaus,2021-02-08,2092,56123,1359,28810,733,27313,0,0,1134,33188,914,11724,1163,44912,California
Stanislaus,2021-02-09,1877,58000,793,29603,1084,28397,0,0,1067,33485,782,12506,1079,45991,California
Stanislaus,2021-02-10,1990,59990,548,30151,1442,29839,0,0,1050,33626,911,13417,1052,47043,California
Stanislaus,2021-02-11,5465,65455,3293,33444,2172,32011,0,0,1240,30921,3952,17369,1247,48290,California
Stanislaus,2021-02-12,3351,68806,928,34372,2423,34434,0,0,1472,30621,1785,19154,1485,49775,California
Stanislaus,2021-02-13,1387,70193,679,35051,708,35142,0,0,1010,31267,369,19523,1015,50790,California
Stanislaus,2021-02-14,429,70622,171,35222,258,35400,0,0,355,31551,71,19594,355,51145,California
Stanislaus,2021-02-15,1845,72467,237,35459,1608,37008,0,0,588,31009,1135,20729,593,51738,California
Stanislaus,2021-02-16,1382,73849,428,35887,954,37962,0,0,582,30807,786,21515,584,52322,California
Stanislaus,2021-02-17,2805,76654,1721,37608,1084,39046,0,0,1926,31881,870,22385,1944,54266,California
Stanislaus,2021-02-18,3417,80071,1930,39538,1487,40533,0,0,1778,32173,1538,23923,1830,56096,California
Stanislaus,2021-02-19,2833,82904,1115,40653,1718,42251,0,0,1535,32488,1243,25166,1558,57654,California
Stanislaus,2021-02-20,768,83672,388,41041,380,42631,0,0,473,32689,273,25439,474,58128,California
Stanislaus,2021-02-21,916,84588,699,41740,217,42848,0,0,535,32882,355,25794,548,58676,California
Stanislaus,2021-02-22,2392,86980,1716,43456,676,43524,0,0,1634,33781,736,26530,1635,60311,California
Stanislaus,2021-02-23,3768,90748,681,44137,3087,46611,0,0,1723,33660,1855,28385,1734,62045,California
Stanislaus,2021-02-24,4252,95000,2896,47033,1356,47967,0,0,3126,35693,1099,29484,3132,65177,California
Stanislaus,2021-02-25,4000,99000,2751,49784,1249,49216,0,0,3172,38063,806,30290,3176,68353,California
Stanislaus,2021-02-26,4260,103260,1229,51013,3031,52247,0,0,2844,39566,1353,31643,2856,71209,California
Stanislaus,2021-02-27,2105,105365,714,51727,1390,53637,1,1,1868,41230,206,31849,1870,73079,California
Stanislaus,2021-02-28,839,106204,270,51997,569,54206,0,1,781,41966,46,31895,782,73861,California
Stanislaus,2021-03-01,3148,109352,1673,53670,1470,55676,5,6,1668,42222,1428,33323,1684,75545,California
Stanislaus,2021-03-02,2435,111787,1454,55124,980,56656,1,7,1678,43164,739,34062,1681,77226,California
Stanislaus,2021-03-03,3766,115553,2270,57394,1492,58148,4,11,2931,45285,814,34876,2935,80161,California
Stanislaus,2021-03-04,5498,121051,3143,60537,2338,60486,17,28,4221,48284,1234,36110,4233,84394,California
Stanislaus,2021-03-05,4147,125198,1148,61685,2983,63469,16,44,3131,50447,983,37093,3146,87540,California
Stanislaus,2021-03-06,3612,128810,2246,63931,1272,64741,94,138,2749,52435,857,37950,2845,90385,California
Stanislaus,2021-03-07,912,129722,394,64325,441,65182,77,215,680,52966,226,38176,757,91142,California
Stanislaus,2021-03-08,2044,131766,886,65211,1061,66243,97,312,1351,53741,672,38848,1447,92589,California
Stanislaus,2021-03-09,2699,134465,1022,66233,1585,67828,92,404,1645,54442,1040,39888,1741,94330,California
Stanislaus,2021-03-10,5581,140046,2728,68961,2624,70452,229,633,3765,56657,1789,41677,4004,98334,California
Stanislaus,2021-03-11,6203,146249,3380,72341,2342,72794,481,1114,4148,59423,1867,43544,4633,102967,California
Stanislaus,2021-03-12,6327,152576,1379,73720,3019,75813,1929,3043,2941,60937,3350,46894,4864,107831,California
Stanislaus,2021-03-13,3751,156327,2343,76063,1337,77150,71,3114,2836,62943,907,47801,2913,110744,California
Stanislaus,2021-03-14,1004,157331,594,76657,355,77505,55,3169,495,62991,503,48304,551,111295,California
Stanislaus,2021-03-15,3825,161156,1993,78650,1470,78975,362,3531,1653,62939,2072,50376,2020,113315,California
Stanislaus,2021-03-16,5122,166278,2515,81165,2168,81143,439,3970,3675,65629,1421,51797,4111,117426,California
Stanislaus,2021-03-17,4956,171234,2949,84114,1828,82971,179,4149,2987,66870,1929,53726,3170,120596,California
Stanislaus,2021-03-18,5587,176821,3464,87578,2053,85024,70,4219,3051,67614,2380,56106,3124,123720,California
Stanislaus,2021-03-19,6047,182868,1591,89169,2931,87955,1525,5744,3202,69531,2803,58909,4720,128440,California
Stanislaus,2021-03-20,3883,186751,3043,92212,772,88727,68,5812,3383,72506,478,59387,3453,131893,California
Stanislaus,2021-03-21,1024,187775,913,93125,45,88772,66,5878,774,73103,243,59630,840,132733,California
Stanislaus,2021-03-22,3032,190807,1400,94525,905,89677,727,6605,1420,73674,1578,61208,2149,134882,California
Stanislaus,2021-03-23,4148,194955,2119,96644,1769,91446,260,6865,2980,75786,1147,62355,3259,138141,California
Stanislaus,2021-03-24,4732,199687,3297,99941,1356,92802,79,6944,2765,76719,1915,64270,2848,140989,California
Stanislaus,2021-03-25,4433,204120,3011,102952,1406,94208,16,6960,1960,76306,2391,66661,1978,142967,California
Stanislaus,2021-03-26,4954,209074,1422,104374,3458,97666,74,7034,2527,76531,2387,69048,2612,145579,California
Stanislaus,2021-03-27,4452,213526,2777,107151,1591,99257,84,7118,1404,74995,3029,72077,1493,147072,California
Stanislaus,2021-03-28,1122,214648,448,107599,566,99823,108,7226,323,74647,785,72862,437,147509,California
Stanislaus,2021-03-29,3190,217838,1851,109450,1299,101122,40,7266,2166,75847,1012,73874,2212,149721,California
Stanislaus,2021-03-30,3870,221708,2084,111534,1760,102882,26,7292,2392,76806,1465,75339,2424,152145,California
Stanislaus,2021-03-31,5636,227344,3884,115418,1622,104504,130,7422,2932,77192,2680,78019,3066,155211,California
Stanislaus,2021-04-01,5956,233300,3875,119293,1964,106468,117,7539,2750,76893,3174,81193,2875,158086,California
Stanislaus,2021-04-02,5215,238515,1241,120534,3805,110273,169,7708,2379,76713,2736,83929,2556,160642,California
Stanislaus,2021-04-03,4709,243224,3451,123985,1220,111493,38,7746,2257,76578,2439,86368,2304,162946,California
Stanislaus,2021-04-04,1332,244556,478,124463,824,112317,30,7776,650,76590,673,87041,685,163631,California
Stanislaus,2021-04-05,3779,248335,2566,127029,953,113270,260,8036,2450,77986,1318,88359,2714,166345,California
Stanislaus,2021-04-06,5975,254310,4245,131274,1444,114714,286,8322,3221,78760,2735,91094,3509,169854,California
Stanislaus,2021-04-07,6548,260858,3681,134955,2428,117142,439,8761,2902,78485,3623,94717,3348,173202,California
Stanislaus,2021-04-08,5890,266748,3427,138382,2016,119158,447,9208,2903,78884,2953,97670,3352,176554,California
Stanislaus,2021-04-09,5005,271753,2183,140565,2440,121598,382,9590,2286,78867,2688,100358,2671,179225,California
Stanislaus,2021-04-10,6517,278270,4001,144566,876,122474,1640,11230,1996,78003,4494,104852,3630,182855,California
Stanislaus,2021-04-11,1538,279808,861,145427,544,123018,133,11363,666,77934,869,105721,800,183655,California
Stanislaus,2021-04-12,3800,283608,2127,147554,1224,124242,449,11812,1956,78537,1812,107533,2415,186070,California
Stanislaus,2021-04-13,5415,289023,3508,151062,1893,126135,14,11826,2970,79119,2396,109929,2978,189048,California
Stanislaus,2021-04-14,4832,293855,3340,154402,1490,127625,2,11828,2351,79035,2441,112370,2357,191405,California
Stanislaus,2021-04-15,5585,299440,3390,157792,2192,129817,3,11831,3253,80014,2277,114647,3256,194661,California
Stanislaus,2021-04-16,4504,303944,1065,158857,3438,133255,1,11832,1867,79301,2583,117230,1870,196531,California
Stanislaus,2021-04-17,3177,307121,2139,160996,1038,134293,0,11832,1842,79824,1321,118551,1844,198375,California
Stanislaus,2021-04-18,618,307739,298,161294,318,134611,2,11834,433,80084,176,118727,436,198811,California
Stanislaus,2021-04-19,3646,311385,2467,163761,1177,135788,2,11836,1659,79808,1943,120670,1667,200478,California
Stanislaus,2021-04-20,4178,315563,2493,166254,1685,137473,0,11836,1773,79219,2364,123034,1775,202253,California
Stanislaus,2021-04-21,4061,319624,2685,168939,1375,138848,1,11837,1634,78485,2375,125409,1641,203894,California
Stanislaus,2021-04-22,4140,323764,2454,171393,1685,140533,1,11838,1637,77674,2453,127862,1642,205536,California
Stanislaus,2021-04-23,3842,327606,914,172307,2927,143460,1,11839,1568,77077,2172,130034,1575,207111,California
Stanislaus,2021-04-24,3891,331497,2968,175275,923,144383,0,11839,1855,76920,2017,132051,1860,208971,California
Stanislaus,2021-04-25,941,332438,484,175759,457,144840,0,11839,688,77366,246,132297,692,209663,California
Stanislaus,2021-04-26,3668,336106,2442,178201,1220,146060,6,11845,1152,76040,2489,134786,1163,210826,California
Stanislaus,2021-04-27,4307,340413,2889,181090,1370,147430,48,11893,1251,74321,3022,137808,1303,212129,California
Stanislaus,2021-04-28,4607,345020,3163,184253,1382,148812,62,11955,1951,73711,2631,140439,2021,214150,California
Stanislaus,2021-04-29,3983,349003,2442,186695,1493,150305,48,12003,1562,72934,2396,142835,1619,215769,California
Stanislaus,2021-04-30,4828,353831,2153,188848,2591,152896,84,12087,1900,72023,2903,145738,1992,217761,California
Stanislaus,2021-05-01,2735,356566,1936,190784,758,153654,41,12128,1026,71399,1699,147437,1075,218836,California
Stanislaus,2021-05-02,1090,357656,626,191410,425,154079,39,12167,523,71406,561,147998,568,219404,California
Stanislaus,2021-05-03,2579,360235,2001,193411,507,154586,71,12238,978,70874,1585,149583,1053,220457,California
Stanislaus,2021-05-04,3765,364000,2572,195983,1097,155683,96,12334,1177,69580,2573,152156,1279,221736,California
Stanislaus,2021-05-05,3445,367445,2266,198249,1103,156786,76,12410,1198,68632,2225,154381,1277,223013,California
Stanislaus,2021-05-06,3774,371219,2861,201110,789,157575,124,12534,1158,67330,2590,156971,1288,224301,California
Stanislaus,2021-05-07,2595,373814,1040,202150,1393,158968,162,12696,1108,67127,1475,158446,1272,225573,California
Stanislaus,2021-05-08,2021,375835,1405,203555,583,159551,33,12729,751,66667,1251,159697,791,226364,California
Stanislaus,2021-05-09,722,376557,347,203902,349,159900,26,12755,305,66585,414,160111,332,226696,California
Stanislaus,2021-05-10,1815,378372,1152,205054,564,160464,99,12854,491,65865,1312,161423,592,227288,California
Stanislaus,2021-05-11,2530,380902,1576,206630,794,161258,160,13014,752,65013,1769,163192,917,228205,California
Stanislaus,2021-05-12,2407,383309,1369,207999,929,162187,109,13123,935,64601,1458,164650,1046,229251,California
Stanislaus,2021-05-13,2183,385492,1289,209288,774,162961,120,13243,1037,64622,1138,165788,1159,230410,California
Stanislaus,2021-05-14,2791,388283,1261,210549,1392,164353,138,13381,1306,64605,1463,167251,1446,231856,California
Stanislaus,2021-05-15,2495,390778,1778,212327,667,165020,50,13431,1209,64597,1276,168527,1268,233124,California
Stanislaus,2021-05-16,1106,391884,747,213074,351,165371,8,13439,591,64689,511,169038,603,233727,California
Stanislaus,2021-05-17,2062,393946,1392,214466,588,165959,82,13521,996,64713,1060,170098,1084,234811,California
Stanislaus,2021-05-18,2327,396273,1609,216075,603,166562,115,13636,1206,64924,1109,171207,1320,236131,California
Stanislaus,2021-05-19,3162,399435,2171,218246,836,167398,155,13791,1383,64701,1765,172972,1542,237673,California
Stanislaus,2021-05-20,2241,401676,1217,219463,920,168318,104,13895,893,64365,1338,174310,1002,238675,California
Stanislaus,2021-05-21,2497,404173,1220,220683,1179,169497,98,13993,995,63976,1485,175795,1096,239771,California
Stanislaus,2021-05-22,2016,406189,1217,221900,728,170225,71,14064,875,63791,1132,176927,947,240718,California
Stanislaus,2021-05-23,1080,407269,708,222608,356,170581,16,14080,513,63758,562,177489,529,241247,California
Stanislaus,2021-05-24,1830,409099,1272,223880,479,171060,79,14159,726,63468,1101,178590,811,242058,California
Stanislaus,2021-05-25,1814,410913,1239,225119,475,171535,100,14259,861,63485,949,179539,966,243024,California
Stanislaus,2021-05-26,2038,412951,1269,226388,716,172251,53,14312,954,63416,1076,180615,1007,244031,California
Stanislaus,2021-05-27,1786,414737,980,227368,727,172978,79,14391,617,62956,1157,181772,697,244728,California
Stanislaus,2021-05-28,2196,416933,1038,228406,1071,174049,87,14478,944,62742,1245,183017,1031,245759,California
Stanislaus,2021-05-29,1319,418252,850,229256,428,174477,41,14519,590,62650,725,183742,633,246392,California
Stanislaus,2021-05-30,456,418708,274,229530,148,174625,34,14553,209,62651,242,183984,243,246635,California
Stanislaus,2021-05-31,259,418967,122,229652,130,174755,7,14560,97,62593,162,184146,104,246739,California
Stanislaus,2021-06-01,1689,420656,1054,230706,579,175334,56,14616,635,62239,1048,185194,694,247433,California
Stanislaus,2021-06-02,1812,422468,1150,231856,591,175925,71,14687,745,62004,1054,186248,819,248252,California
Stanislaus,2021-06-03,1395,423863,827,232683,520,176445,48,14735,513,61697,870,187118,563,248815,California
Stanislaus,2021-06-04,1917,425780,1150,233833,698,177143,69,14804,723,61306,1187,188305,796,249611,California
Stanislaus,2021-06-05,1571,427351,1221,235054,307,177450,43,14847,516,60815,1050,189355,559,250170,California
Stanislaus,2021-06-06,511,427862,419,235473,83,177533,9,14856,186,60687,324,189679,196,250366,California
Stanislaus,2021-06-07,1611,429473,1234,236707,332,177865,45,14901,602,60333,1000,190679,646,251012,California
Stanislaus,2021-06-08,1919,431392,1443,238150,398,178263,78,14979,677,59855,1233,191912,755,251767,California
Stanislaus,2021-06-09,1859,433251,1313,239463,464,178727,82,15061,634,59351,1221,193133,717,252484,California
Stanislaus,2021-06-10,1478,434729,938,240401,476,179203,64,15125,605,59157,865,193998,671,253155,California
Stanislaus,2021-06-11,1500,436229,906,241307,544,179747,50,15175,551,58825,935,194933,603,253758,California
Stanislaus,2021-06-12,1031,437260,752,242059,253,180000,26,15201,380,58589,645,195578,409,254167,California
Stanislaus,2021-06-13,544,437804,403,242462,135,180135,6,15207,174,58404,367,195945,182,254349,California
Stanislaus,2021-06-14,1358,439162,965,243427,370,180505,23,15230,493,58065,855,196800,516,254865,California
Stanislaus,2021-06-15,1583,440745,1143,244570,396,180901,44,15274,532,57597,1046,197846,578,255443,California
Stanislaus,2021-06-16,1937,442682,1393,245963,480,181381,64,15338,774,57276,1159,199005,838,256281,California
Stanislaus,2021-06-17,1151,443833,731,246694,377,181758,43,15381,539,57255,607,199612,586,256867,California
Stanislaus,2021-06-18,1309,445142,797,247491,429,182187,83,15464,520,57076,784,200396,605,257472,California
Stanislaus,2021-06-19,857,445999,629,248120,184,182371,44,15508,372,57012,481,200877,417,257889,California
Stanislaus,2021-06-20,306,446305,214,248334,86,182457,6,15514,139,56991,166,201043,145,258034,California
Stanislaus,2021-06-21,967,447272,560,248894,280,182737,127,15641,501,57161,460,201503,630,258664,California
Stanislaus,2021-06-22,1211,448483,881,249775,261,182998,69,15710,495,57020,707,202210,566,259230,California
Stanislaus,2021-06-23,1230,449713,814,250589,354,183352,62,15772,522,56897,706,202916,583,259813,California
Stanislaus,2021-06-24,944,450657,630,251219,267,183619,47,15819,479,56964,462,203378,529,260342,California
Stanislaus,2021-06-25,1107,451764,716,251935,329,183948,62,15881,469,56860,633,204011,529,260871,California
Stanislaus,2021-06-26,607,452371,460,252395,123,184071,24,15905,279,56838,326,204337,304,261175,California
Stanislaus,2021-06-27,393,452764,298,252693,85,184156,10,15915,201,56858,191,204528,211,261386,California
Stanislaus,2021-06-28,969,453733,767,253460,161,184317,41,15956,428,56788,539,205067,469,261855,California
Stanislaus,2021-06-29,880,454613,687,254147,150,184467,43,15999,357,56670,518,205585,400,262255,California
Stanislaus,2021-06-30,933,455546,637,254784,265,184732,31,16030,428,56632,499,206084,461,262716,California
Stanislaus,2021-07-01,901,456447,563,255347,301,185033,37,16067,407,56591,485,206569,444,263160,California
Stanislaus,2021-07-02,728,457175,418,255765,283,185316,27,16094,365,56626,356,206925,391,263551,California
Stanislaus,2021-07-03,394,457569,295,256060,89,185405,10,16104,207,56657,187,207112,218,263769,California
Stanislaus,2021-07-04,61,457630,29,256089,26,185431,6,16110,19,56641,41,207153,25,263794,California
Stanislaus,2021-07-05,544,458174,400,256489,141,185572,3,16113,264,56629,279,207432,267,264061,California
Stanislaus,2021-07-06,798,458972,575,257064,189,185761,34,16147,364,56597,430,207862,398,264459,California
Stanislaus,2021-07-07,658,459630,393,257457,231,185992,34,16181,245,56470,410,208272,283,264742,California
Sutter,2020-12-15,1,1,1,1,0,0,0,0,1,1,0,0,1,1,California
Sutter,2020-12-16,4,5,4,5,0,0,0,0,4,5,0,0,4,5,California
Sutter,2020-12-17,3,8,3,8,0,0,0,0,3,8,0,0,3,8,California
Sutter,2020-12-18,21,29,21,29,0,0,0,0,21,29,0,0,21,29,California
Sutter,2020-12-19,45,74,45,74,0,0,0,0,45,74,0,0,45,74,California
Sutter,2020-12-20,43,117,43,117,0,0,0,0,43,117,0,0,43,117,California
Sutter,2020-12-21,99,216,99,216,0,0,0,0,99,216,0,0,99,216,California
Sutter,2020-12-22,172,388,172,388,0,0,0,0,172,388,0,0,172,388,California
Sutter,2020-12-23,115,503,110,498,5,5,0,0,115,503,0,0,115,503,California
Sutter,2020-12-24,17,520,11,509,6,11,0,0,17,520,0,0,17,520,California
Sutter,2020-12-26,38,558,34,543,4,15,0,0,38,558,0,0,38,558,California
Sutter,2020-12-27,24,582,23,566,1,16,0,0,24,582,0,0,24,582,California
Sutter,2020-12-28,84,666,56,622,28,44,0,0,84,666,0,0,84,666,California
Sutter,2020-12-29,101,767,14,636,87,131,0,0,101,767,0,0,101,767,California
Sutter,2020-12-30,136,903,33,669,103,234,0,0,136,903,0,0,136,903,California
Sutter,2020-12-31,70,973,6,675,64,298,0,0,70,973,0,0,70,973,California
Sutter,2021-01-01,3,976,3,678,0,298,0,0,3,976,0,0,3,976,California
Sutter,2021-01-02,134,1110,132,810,2,300,0,0,134,1110,0,0,134,1110,California
Sutter,2021-01-03,1,1111,0,810,1,301,0,0,1,1111,0,0,1,1111,California
Sutter,2021-01-04,246,1357,137,947,109,410,0,0,246,1357,0,0,246,1357,California
Sutter,2021-01-05,99,1456,56,1003,43,453,0,0,96,1450,3,3,96,1453,California
Sutter,2021-01-06,205,1661,50,1053,155,608,0,0,200,1645,5,8,200,1653,California
Sutter,2021-01-07,251,1912,153,1206,98,706,0,0,241,1877,9,17,241,1894,California
Sutter,2021-01-08,150,2062,40,1246,110,816,0,0,133,1993,17,34,133,2027,California
Sutter,2021-01-09,46,2108,43,1289,3,819,0,0,5,1957,41,75,5,2032,California
Sutter,2021-01-10,394,2502,37,1326,357,1176,0,0,356,2276,37,112,356,2388,California
Sutter,2021-01-11,132,2634,115,1441,17,1193,0,0,25,2194,107,219,25,2413,California
Sutter,2021-01-12,201,2835,165,1606,36,1229,0,0,57,2107,144,363,57,2470,California
Sutter,2021-01-13,163,2998,99,1705,64,1293,0,0,73,2091,89,452,73,2543,California
Sutter,2021-01-14,148,3146,52,1757,96,1389,0,0,128,2199,20,472,128,2671,California
Sutter,2021-01-15,435,3581,130,1887,305,1694,0,0,421,2606,14,486,421,3092,California
Sutter,2021-01-16,385,3966,41,1928,344,2038,0,0,354,2930,30,516,354,3446,California
Sutter,2021-01-17,26,3992,24,1952,2,2040,0,0,10,2924,16,532,10,3456,California
Sutter,2021-01-18,117,4109,62,2014,55,2095,0,0,69,2945,48,580,69,3525,California
Sutter,2021-01-19,109,4218,43,2057,66,2161,0,0,84,3004,25,605,84,3609,California
Sutter,2021-01-20,274,4492,209,2266,65,2226,0,0,252,3234,22,627,252,3861,California
Sutter,2021-01-21,524,5016,353,2619,171,2397,0,0,506,3722,18,645,506,4367,California
Sutter,2021-01-22,239,5255,51,2670,188,2585,0,0,230,3943,9,654,230,4597,California
Sutter,2021-01-23,397,5652,39,2709,358,2943,0,0,371,4288,26,680,371,4968,California
Sutter,2021-01-24,17,5669,15,2724,2,2945,0,0,15,4301,2,682,15,4983,California
Sutter,2021-01-25,305,5974,195,2919,110,3055,0,0,149,4296,155,837,150,5133,California
Sutter,2021-01-26,252,6226,110,3029,142,3197,0,0,145,4335,106,943,145,5278,California
Sutter,2021-01-27,389,6615,257,3286,132,3329,0,0,320,4586,69,1012,320,5598,California
Sutter,2021-01-28,586,7201,361,3647,225,3554,0,0,411,4824,173,1185,411,6009,California
Sutter,2021-01-29,365,7566,88,3735,277,3831,0,0,243,4945,122,1307,243,6252,California
Sutter,2021-01-30,776,8342,38,3773,738,4569,0,0,765,5699,11,1318,765,7017,California
Sutter,2021-01-31,28,8370,27,3800,1,4570,0,0,28,5727,0,1318,28,7045,California
Sutter,2021-02-01,172,8542,53,3853,119,4689,0,0,139,5834,32,1350,139,7184,California
Sutter,2021-02-02,248,8790,28,3881,220,4909,0,0,214,6014,34,1384,214,7398,California
Sutter,2021-02-03,447,9237,39,3920,408,5317,0,0,210,5988,236,1620,210,7608,California
Sutter,2021-02-04,669,9906,365,4285,304,5621,0,0,619,6558,49,1669,619,8227,California
Sutter,2021-02-05,289,10195,33,4318,256,5877,0,0,135,6539,154,1823,135,8362,California
Sutter,2021-02-06,732,10927,28,4346,704,6581,0,0,710,7227,22,1845,710,9072,California
Sutter,2021-02-07,24,10951,20,4366,4,6585,0,0,20,7243,4,1849,20,9092,California
Sutter,2021-02-08,136,11087,31,4397,105,6690,0,0,98,7303,38,1887,98,9190,California
Sutter,2021-02-09,249,11336,46,4443,203,6893,0,0,188,7430,61,1948,188,9378,California
Sutter,2021-02-10,823,12159,385,4828,438,7331,0,0,180,6968,642,2590,180,9558,California
Sutter,2021-02-11,608,12767,275,5103,333,7664,0,0,316,6992,292,2882,316,9874,California
Sutter,2021-02-12,637,13404,69,5172,568,8232,0,0,312,6980,324,3206,312,10186,California
Sutter,2021-02-13,904,14308,48,5220,856,9088,0,0,785,7646,119,3325,785,10971,California
Sutter,2021-02-14,90,14398,25,5245,65,9153,0,0,79,7714,11,3336,79,11050,California
Sutter,2021-02-15,201,14599,72,5317,129,9282,0,0,122,7757,79,3415,122,11172,California
Sutter,2021-02-16,290,14889,44,5361,246,9528,0,0,204,7877,84,3499,204,11376,California
Sutter,2021-02-17,837,15726,436,5797,401,9929,0,0,135,7311,701,4200,135,11511,California
Sutter,2021-02-18,718,16444,58,5855,660,10589,0,0,501,7597,215,4415,501,12012,California
Sutter,2021-02-19,670,17114,379,6234,291,10880,0,0,464,7858,203,4618,464,12476,California
Sutter,2021-02-20,627,17741,56,6290,571,11451,0,0,518,8268,108,4726,518,12994,California
Sutter,2021-02-21,29,17770,28,6318,1,11452,0,0,7,8253,22,4748,7,13001,California
Sutter,2021-02-22,216,17986,126,6444,90,11542,0,0,86,8210,129,4877,86,13087,California
Sutter,2021-02-23,243,18229,36,6480,207,11749,0,0,107,8183,134,5011,107,13194,California
Sutter,2021-02-24,1019,19248,373,6853,646,12395,0,0,199,7564,818,5829,199,13393,California
Sutter,2021-02-25,836,20084,521,7374,315,12710,0,0,635,8002,197,6026,635,14028,California
Sutter,2021-02-26,394,20478,61,7435,333,13043,0,0,165,7941,226,6252,165,14193,California
Sutter,2021-02-27,868,21346,47,7482,821,13864,0,0,712,8495,158,6410,712,14905,California
Sutter,2021-02-28,89,21435,43,7525,46,13910,0,0,68,8543,20,6430,68,14973,California
Sutter,2021-03-01,250,21685,62,7587,188,14098,0,0,150,8593,100,6530,150,15123,California
Sutter,2021-03-02,342,22027,59,7646,283,14381,0,0,164,8582,175,6705,164,15287,California
Sutter,2021-03-03,1402,23429,531,8177,871,15252,0,0,660,8508,734,7439,660,15947,California
Sutter,2021-03-04,1258,24687,864,9041,394,15646,0,0,946,9147,307,7746,946,16893,California
Sutter,2021-03-05,341,25028,80,9121,260,15906,1,1,208,9223,133,7879,209,17102,California
Sutter,2021-03-06,1029,26057,46,9167,978,16884,5,6,859,9920,167,8046,864,17966,California
Sutter,2021-03-07,69,26126,23,9190,45,16929,1,7,46,9945,22,8068,47,18013,California
Sutter,2021-03-08,235,26361,81,9271,142,17071,12,19,164,10050,71,8139,176,18189,California
Sutter,2021-03-09,393,26754,138,9409,243,17314,12,31,188,10045,205,8344,200,18389,California
Sutter,2021-03-10,1575,28329,679,10088,835,18149,61,92,525,9590,1041,9385,586,18975,California
Sutter,2021-03-11,903,29232,438,10526,446,18595,19,111,653,10015,247,9632,672,19647,California
Sutter,2021-03-12,680,29912,111,10637,389,18984,180,291,203,9922,473,10105,380,20027,California
Sutter,2021-03-13,993,30905,752,11389,222,19206,19,310,781,10512,209,10314,799,20826,California
Sutter,2021-03-14,132,31037,22,11411,99,19305,11,321,45,10481,87,10401,56,20882,California
Sutter,2021-03-15,326,31363,67,11478,210,19515,49,370,155,10516,169,10570,204,21086,California
Sutter,2021-03-16,391,31754,86,11564,258,19773,47,417,212,10595,179,10749,258,21344,California
Sutter,2021-03-17,1499,33253,563,12127,914,20687,22,439,287,9706,1198,11947,309,21653,California
Sutter,2021-03-18,977,34230,183,12310,590,21277,204,643,567,10071,404,12351,769,22422,California
Sutter,2021-03-19,463,34693,166,12476,268,21545,29,672,280,10199,181,12532,309,22731,California
Sutter,2021-03-20,950,35643,118,12594,821,22366,11,683,858,10977,91,12623,869,23600,California
Sutter,2021-03-21,68,35711,47,12641,18,22384,3,686,33,10978,35,12658,36,23636,California
Sutter,2021-03-22,289,36000,120,12761,143,22527,26,712,210,11137,77,12735,236,23872,California
Sutter,2021-03-23,378,36378,114,12875,231,22758,33,745,246,11285,130,12865,278,24150,California
Sutter,2021-03-24,1684,38062,773,13648,842,23600,69,814,310,10306,1358,14223,379,24529,California
Sutter,2021-03-25,1043,39105,679,14327,321,23921,43,857,360,10031,678,14901,403,24932,California
Sutter,2021-03-26,498,39603,176,14503,305,24226,17,874,288,10133,203,15104,305,25237,California
Sutter,2021-03-27,928,40531,63,14566,863,25089,2,876,810,10832,113,15217,812,26049,California
Sutter,2021-03-28,125,40656,72,14638,53,25142,0,876,77,10863,46,15263,77,26126,California
Sutter,2021-03-29,426,41082,142,14780,228,25370,56,932,221,10937,203,15466,277,26403,California
Sutter,2021-03-30,481,41563,160,14940,311,25681,10,942,317,11101,163,15629,327,26730,California
Sutter,2021-03-31,1256,42819,177,15117,1063,26744,16,958,441,10755,802,16431,456,27186,California
Sutter,2021-04-01,1385,44204,740,15857,460,27204,185,1143,428,10421,946,17377,612,27798,California
Sutter,2021-04-02,515,44719,101,15958,296,27500,118,1261,202,10427,310,17687,316,28114,California
Sutter,2021-04-03,913,45632,78,16036,213,27713,622,1883,122,10385,785,18472,743,28857,California
Sutter,2021-04-04,118,45750,22,16058,90,27803,6,1889,54,10382,63,18535,60,28917,California
Sutter,2021-04-05,371,46121,143,16201,191,27994,37,1926,171,10393,197,18732,208,29125,California
Sutter,2021-04-06,510,46631,198,16399,256,28250,56,1982,269,10479,239,18971,325,29450,California
Sutter,2021-04-07,1482,48113,887,17286,520,28770,75,2057,602,10288,868,19839,677,30127,California
Sutter,2021-04-08,1062,49175,584,17870,363,29133,115,2172,572,10489,483,20322,684,30811,California
Sutter,2021-04-09,571,49746,250,18120,256,29389,65,2237,236,10460,330,20652,301,31112,California
Sutter,2021-04-10,830,50576,111,18231,88,29477,631,2868,111,10478,713,21365,731,31843,California
Sutter,2021-04-11,121,50697,34,18265,40,29517,47,2915,38,10479,83,21448,84,31927,California
Sutter,2021-04-12,344,51041,94,18359,196,29713,54,2969,135,10461,207,21655,189,32116,California
Sutter,2021-04-13,430,51471,125,18484,305,30018,0,2969,211,10455,217,21872,211,32327,California
Sutter,2021-04-14,1327,52798,162,18646,1164,31182,1,2970,224,9585,1095,22967,225,32552,California
Sutter,2021-04-15,542,53340,174,18820,368,31550,0,2970,218,9483,320,23287,218,32770,California
Sutter,2021-04-16,409,53749,130,18950,279,31829,0,2970,189,9455,217,23504,189,32959,California
Sutter,2021-04-17,580,54329,83,19033,497,32326,0,2970,508,9892,71,23575,508,33467,California
Sutter,2021-04-18,93,54422,33,19066,60,32386,0,2970,59,9919,32,23607,59,33526,California
Sutter,2021-04-19,295,54717,113,19179,182,32568,0,2970,122,9871,170,23777,122,33648,California
Sutter,2021-04-20,466,55183,182,19361,284,32852,0,2970,224,9856,239,24016,224,33872,California
Sutter,2021-04-21,1313,56496,503,19864,810,33662,0,2970,514,9586,784,24800,514,34386,California
Sutter,2021-04-22,530,57026,195,20059,335,33997,0,2970,259,9577,268,25068,259,34645,California
Sutter,2021-04-23,438,57464,154,20213,284,34281,0,2970,200,9543,234,25302,200,34845,California
Sutter,2021-04-24,325,57789,106,20319,218,34499,1,2971,184,9587,140,25442,184,35029,California
Sutter,2021-04-25,158,57947,75,20394,83,34582,0,2971,86,9603,70,25512,86,35115,California
Sutter,2021-04-26,322,58269,107,20501,213,34795,2,2973,136,9557,184,25696,138,35253,California
Sutter,2021-04-27,557,58826,284,20785,269,35064,4,2977,255,9518,298,25994,259,35512,California
Sutter,2021-04-28,859,59685,386,21171,465,35529,8,2985,284,9241,569,26563,292,35804,California
Sutter,2021-04-29,806,60491,166,21337,639,36168,1,2986,325,9092,475,27038,326,36130,California
Sutter,2021-04-30,394,60885,143,21480,238,36406,13,2999,173,9060,217,27255,185,36315,California
Sutter,2021-05-01,301,61186,109,21589,151,36557,41,3040,130,9063,168,27423,171,36486,California
Sutter,2021-05-02,80,61266,53,21642,25,36582,2,3042,45,9075,35,27458,47,36533,California
Sutter,2021-05-03,217,61483,109,21751,99,36681,9,3051,89,9045,128,27586,98,36631,California
Sutter,2021-05-04,558,62041,254,22005,240,36921,64,3115,228,9010,326,27912,291,36922,California
Sutter,2021-05-05,565,62606,174,22179,383,37304,8,3123,165,8789,394,28306,173,37095,California
Sutter,2021-05-06,438,63044,234,22413,183,37487,21,3144,198,8768,239,28545,218,37313,California
Sutter,2021-05-07,426,63470,160,22573,244,37731,22,3166,162,8694,258,28803,184,37497,California
Sutter,2021-05-08,241,63711,95,22668,140,37871,6,3172,115,8689,126,28929,121,37618,California
Sutter,2021-05-09,107,63818,79,22747,23,37894,5,3177,62,8711,45,28974,67,37685,California
Sutter,2021-05-10,193,64011,44,22791,131,38025,18,3195,50,8638,141,29115,68,37753,California
Sutter,2021-05-11,472,64483,238,23029,213,38238,21,3216,191,8572,276,29391,210,37963,California
Sutter,2021-05-12,466,64949,262,23291,193,38431,11,3227,157,8435,305,29696,168,38131,California
Sutter,2021-05-13,492,65441,262,23553,208,38639,22,3249,190,8346,301,29997,212,38343,California
Sutter,2021-05-14,443,65884,189,23742,238,38877,16,3265,205,8334,233,30230,221,38564,California
Sutter,2021-05-15,848,66732,316,24058,501,39378,31,3296,309,8137,537,30767,340,38904,California
Sutter,2021-05-16,173,66905,118,24176,47,39425,8,3304,93,8159,79,30846,101,39005,California
Sutter,2021-05-17,290,67195,116,24292,160,39585,14,3318,148,8182,139,30985,162,39167,California
Sutter,2021-05-18,552,67747,313,24605,235,39820,4,3322,299,8236,249,31234,303,39470,California
Sutter,2021-05-19,463,68210,264,24869,192,40012,7,3329,223,8229,237,31471,230,39700,California
Sutter,2021-05-20,460,68670,238,25107,210,40222,12,3341,214,8213,242,31713,226,39926,California
Sutter,2021-05-21,488,69158,220,25327,256,40478,12,3353,211,8160,275,31988,222,40148,California
Sutter,2021-05-22,371,69529,207,25534,161,40639,3,3356,185,8166,181,32169,187,40335,California
Sutter,2021-05-23,191,69720,95,25629,87,40726,9,3365,92,8174,93,32262,101,40436,California
Sutter,2021-05-24,240,69960,91,25720,126,40852,23,3388,96,8152,141,32403,119,40555,California
Sutter,2021-05-25,400,70360,197,25917,191,41043,12,3400,165,8100,229,32632,177,40732,California
Sutter,2021-05-26,322,70682,157,26074,156,41199,9,3409,112,8015,206,32838,121,40853,California
Sutter,2021-05-27,434,71116,117,26191,298,41497,19,3428,121,7847,308,33146,140,40993,California
Sutter,2021-05-28,340,71456,165,26356,158,41655,17,3445,168,7867,165,33311,185,41178,California
Sutter,2021-05-29,255,71711,121,26477,119,41774,15,3460,132,7896,118,33429,147,41325,California
Sutter,2021-05-30,84,71795,61,26538,20,41794,3,3463,39,7894,44,33473,42,41367,California
Sutter,2021-05-31,21,71816,3,26541,14,41808,4,3467,7,7891,14,33487,11,41378,California
Sutter,2021-06-01,311,72127,134,26675,169,41977,8,3475,114,7818,195,33682,122,41500,California
Sutter,2021-06-02,283,72410,120,26795,157,42134,6,3481,97,7741,180,33862,103,41603,California
Sutter,2021-06-03,343,72753,224,27019,109,42243,10,3491,116,7646,221,34083,126,41729,California
Sutter,2021-06-04,342,73095,198,27217,137,42380,7,3498,119,7554,218,34301,126,41855,California
Sutter,2021-06-05,439,73534,369,27586,66,42446,4,3502,153,7430,281,34582,157,42012,California
Sutter,2021-06-06,134,73668,115,27701,16,42462,3,3505,44,7389,88,34670,47,42059,California
Sutter,2021-06-07,164,73832,107,27808,48,42510,9,3514,57,7349,106,34776,66,42125,California
Sutter,2021-06-08,366,74198,206,28014,148,42658,12,3526,159,7312,208,34984,171,42296,California
Sutter,2021-06-09,369,74567,235,28249,129,42787,5,3531,128,7207,238,35222,133,42429,California
Sutter,2021-06-10,386,74953,277,28526,99,42886,10,3541,152,7139,230,35452,162,42591,California
Sutter,2021-06-11,338,75291,216,28742,116,43002,6,3547,114,7039,219,35671,119,42710,California
Sutter,2021-06-12,246,75537,172,28914,59,43061,15,3562,71,6950,175,35846,86,42796,California
Sutter,2021-06-13,83,75620,65,28979,17,43078,1,3563,22,6913,60,35906,23,42819,California
Sutter,2021-06-14,188,75808,110,29089,67,43145,11,3574,73,6883,114,36020,84,42903,California
Sutter,2021-06-15,285,76093,154,29243,118,43263,13,3587,101,6815,182,36202,114,43017,California
Sutter,2021-06-16,221,76314,142,29385,70,43333,9,3596,107,6817,114,36316,116,43133,California
Sutter,2021-06-17,284,76598,174,29559,104,43437,6,3602,123,6788,158,36474,129,43262,California
Sutter,2021-06-18,266,76864,171,29730,80,43517,15,3617,94,6728,169,36643,109,43371,California
Sutter,2021-06-19,208,77072,139,29869,65,43582,4,3621,59,6644,147,36790,63,43434,California
Sutter,2021-06-20,70,77142,49,29918,19,43601,2,3623,31,6638,39,36829,33,43467,California
Sutter,2021-06-21,113,77255,54,29972,47,43648,12,3635,51,6641,60,36889,63,43530,California
Sutter,2021-06-22,222,77477,128,30100,91,43739,3,3638,86,6596,134,37023,89,43619,California
Sutter,2021-06-23,185,77662,108,30208,69,43808,8,3646,77,6572,108,37131,84,43703,California
Sutter,2021-06-24,238,77900,161,30369,67,43875,10,3656,103,6550,135,37266,113,43816,California
Sutter,2021-06-25,225,78125,146,30515,73,43948,6,3662,89,6513,132,37398,95,43911,California
Sutter,2021-06-26,220,78345,178,30693,36,43984,6,3668,76,6454,142,37540,83,43994,California
Sutter,2021-06-27,78,78423,65,30758,12,43996,1,3669,28,6434,49,37589,29,44023,California
Sutter,2021-06-28,121,78544,75,30833,40,44036,6,3675,61,6442,59,37648,67,44090,California
Sutter,2021-06-29,235,78779,155,30988,70,44106,10,3685,84,6387,149,37797,94,44184,California
Sutter,2021-06-30,175,78954,112,31100,54,44160,9,3694,72,6369,99,37896,81,44265,California
Sutter,2021-07-01,205,79159,173,31273,25,44185,7,3701,75,6321,129,38025,81,44346,California
Sutter,2021-07-02,194,79353,130,31403,52,44237,12,3713,92,6330,95,38120,104,44450,California
Sutter,2021-07-03,115,79468,88,31491,24,44261,3,3716,40,6304,69,38189,43,44493,California
Sutter,2021-07-04,6,79474,3,31494,3,44264,0,3716,2,6303,3,38192,2,44495,California
Sutter,2021-07-05,87,79561,58,31552,19,44283,10,3726,40,6306,46,38238,49,44544,California
Sutter,2021-07-06,228,79789,135,31687,72,44355,21,3747,76,6254,149,38387,97,44641,California
Sutter,2021-07-07,110,79899,52,31739,53,44408,5,3752,31,6212,78,38465,36,44677,California
Tehama,2020-12-15,1,1,1,1,0,0,0,0,1,1,0,0,1,1,California
Tehama,2020-12-16,2,3,2,3,0,0,0,0,2,3,0,0,2,3,California
Tehama,2020-12-17,12,15,12,15,0,0,0,0,12,15,0,0,12,15,California
Tehama,2020-12-18,2,17,2,17,0,0,0,0,3,18,0,0,3,18,California
Tehama,2020-12-21,33,50,33,50,0,0,0,0,33,51,0,0,33,51,California
Tehama,2020-12-22,70,120,64,114,6,6,0,0,70,121,0,0,70,121,California
Tehama,2020-12-23,48,168,40,154,8,14,0,0,48,169,0,0,48,169,California
Tehama,2020-12-24,5,173,3,157,2,16,0,0,5,174,0,0,5,174,California
Tehama,2020-12-26,3,176,2,159,1,17,0,0,3,177,0,0,3,177,California
Tehama,2020-12-27,2,178,2,161,0,17,0,0,2,179,0,0,2,179,California
Tehama,2020-12-28,56,234,43,204,13,30,0,0,56,235,0,0,56,235,California
Tehama,2020-12-29,31,265,31,235,0,30,0,0,31,266,0,0,31,266,California
Tehama,2020-12-30,55,320,39,274,16,46,0,0,54,320,0,0,54,320,California
Tehama,2020-12-31,14,334,4,278,10,56,0,0,14,334,0,0,14,334,California
Tehama,2021-01-01,3,337,0,278,3,59,0,0,3,337,0,0,3,337,California
Tehama,2021-01-04,32,369,9,287,23,82,0,0,32,369,0,0,32,369,California
Tehama,2021-01-05,70,439,43,330,27,109,0,0,67,433,3,3,67,436,California
Tehama,2021-01-06,72,511,21,351,51,160,0,0,63,488,8,11,63,499,California
Tehama,2021-01-07,57,568,7,358,50,210,0,0,56,543,1,12,56,555,California
Tehama,2021-01-08,34,602,25,383,9,219,0,0,29,567,5,17,29,584,California
Tehama,2021-01-09,7,609,5,388,2,221,0,0,5,570,2,19,5,589,California
Tehama,2021-01-10,1,610,0,388,1,222,0,0,1,571,0,19,1,590,California
Tehama,2021-01-11,49,659,47,435,2,224,0,0,15,552,34,53,15,605,California
Tehama,2021-01-12,132,791,112,547,20,244,0,0,86,592,46,99,86,691,California
Tehama,2021-01-13,73,864,55,602,18,262,0,0,27,573,46,145,27,718,California
Tehama,2021-01-14,224,1088,51,653,173,435,0,0,222,793,2,147,222,940,California
Tehama,2021-01-15,250,1338,75,728,175,610,0,0,246,1035,4,151,246,1186,California
Tehama,2021-01-16,264,1602,19,747,245,855,0,0,261,1293,3,154,261,1447,California
Tehama,2021-01-17,7,1609,3,750,4,859,0,0,4,1294,3,157,4,1451,California
Tehama,2021-01-18,12,1621,7,757,5,864,0,0,7,1296,5,162,7,1458,California
Tehama,2021-01-19,295,1916,68,825,227,1091,0,0,240,1481,55,217,240,1698,California
Tehama,2021-01-20,303,2219,87,912,216,1307,0,0,253,1685,49,266,253,1951,California
Tehama,2021-01-21,214,2433,11,923,203,1510,0,0,204,1879,10,276,204,2155,California
Tehama,2021-01-22,224,2657,21,944,203,1713,0,0,221,2097,3,279,221,2376,California
Tehama,2021-01-23,257,2914,7,951,250,1963,0,0,256,2352,1,280,256,2632,California
Tehama,2021-01-24,2,2916,1,952,1,1964,0,0,2,2354,0,280,2,2634,California
Tehama,2021-01-25,32,2948,15,967,17,1981,0,0,14,2350,18,298,14,2648,California
Tehama,2021-01-26,322,3270,42,1009,280,2261,0,0,285,2598,37,335,285,2933,California
Tehama,2021-01-27,300,3570,21,1030,279,2540,0,0,280,2858,20,355,280,3213,California
Tehama,2021-01-28,342,3912,31,1061,311,2851,0,0,327,3170,15,370,327,3540,California
Tehama,2021-01-29,324,4236,20,1081,304,3155,0,0,306,3458,18,388,306,3846,California
Tehama,2021-01-30,102,4338,2,1083,100,3255,0,0,101,3558,1,389,101,3947,California
Tehama,2021-01-31,1,4339,0,1083,1,3256,0,0,1,3559,0,389,1,3948,California
Tehama,2021-02-01,80,4419,24,1107,56,3312,0,0,37,3553,43,432,37,3985,California
Tehama,2021-02-02,362,4781,65,1172,297,3609,0,0,263,3717,99,531,263,4248,California
Tehama,2021-02-03,410,5191,12,1184,398,4007,0,0,364,4035,46,577,364,4612,California
Tehama,2021-02-04,506,5697,99,1283,407,4414,0,0,424,4378,82,659,425,5037,California
Tehama,2021-02-05,180,5877,74,1357,106,4520,0,0,118,4434,62,721,118,5155,California
Tehama,2021-02-06,29,5906,14,1371,15,4535,0,0,17,4439,12,733,17,5172,California
Tehama,2021-02-07,6,5912,5,1376,1,4536,0,0,2,4438,3,736,2,5174,California
Tehama,2021-02-08,35,5947,13,1389,22,4558,0,0,26,4455,9,745,26,5200,California
Tehama,2021-02-09,78,6025,38,1427,40,4598,0,0,40,4457,38,783,40,5240,California
Tehama,2021-02-10,232,6257,63,1490,169,4767,0,0,156,4537,76,859,156,5396,California
Tehama,2021-02-11,220,6477,15,1505,205,4972,0,0,82,4483,136,995,82,5478,California
Tehama,2021-02-12,362,6839,65,1570,297,5269,0,0,170,4461,192,1187,170,5648,California
Tehama,2021-02-13,385,7224,14,1584,371,5640,0,0,145,4366,240,1427,145,5793,California
Tehama,2021-02-14,38,7262,2,1586,36,5676,0,0,36,4400,2,1429,36,5829,California
Tehama,2021-02-15,53,7315,10,1596,43,5719,0,0,47,4441,6,1435,47,5876,California
Tehama,2021-02-16,249,7564,16,1612,233,5952,0,0,64,4320,185,1620,64,5940,California
Tehama,2021-02-17,284,7848,12,1624,272,6224,0,0,54,4144,230,1850,54,5994,California
Tehama,2021-02-18,371,8219,32,1656,339,6563,0,0,145,4063,226,2076,145,6139,California
Tehama,2021-02-19,215,8434,18,1674,197,6760,0,0,43,3934,172,2248,43,6182,California
Tehama,2021-02-20,271,8705,7,1681,264,7024,0,0,27,3717,244,2492,27,6209,California
Tehama,2021-02-21,2,8707,1,1682,1,7025,0,0,1,3717,1,2493,1,6210,California
Tehama,2021-02-22,40,8747,16,1698,24,7049,0,0,28,3733,12,2505,28,6238,California
Tehama,2021-02-23,74,8821,22,1720,52,7101,0,0,29,3717,45,2550,29,6267,California
Tehama,2021-02-24,304,9125,13,1733,291,7392,0,0,29,3471,275,2825,29,6296,California
Tehama,2021-02-25,384,9509,64,1797,320,7712,0,0,42,3171,342,3167,42,6338,California
Tehama,2021-02-26,462,9971,19,1816,443,8155,0,0,71,2851,391,3558,71,6409,California
Tehama,2021-02-27,296,10267,5,1821,291,8446,0,0,34,2623,262,3820,34,6443,California
Tehama,2021-02-28,23,10290,2,1823,21,8467,0,0,20,2640,3,3823,20,6463,California
Tehama,2021-03-01,67,10357,8,1831,59,8526,0,0,32,2637,35,3858,32,6495,California
Tehama,2021-03-02,157,10514,18,1849,139,8665,0,0,32,2544,125,3983,32,6527,California
Tehama,2021-03-03,168,10682,33,1882,135,8800,0,0,51,2478,117,4100,51,6578,California
Tehama,2021-03-04,666,11348,39,1921,627,9427,0,0,223,2263,438,4538,223,6801,California
Tehama,2021-03-05,405,11753,20,1941,385,9812,0,0,213,2285,191,4729,213,7014,California
Tehama,2021-03-06,307,12060,16,1957,291,10103,0,0,80,2140,226,4955,81,7095,California
Tehama,2021-03-07,6,12066,1,1958,5,10108,0,0,3,2141,2,4957,3,7098,California
Tehama,2021-03-08,58,12124,12,1970,31,10139,15,15,27,2153,30,4987,42,7140,California
Tehama,2021-03-09,366,12490,7,1977,340,10479,19,34,311,2428,55,5042,330,7470,California
Tehama,2021-03-10,356,12846,17,1994,318,10797,21,55,73,2240,282,5324,94,7564,California
Tehama,2021-03-11,496,13342,18,2012,429,11226,49,104,348,2489,148,5472,397,7961,California
Tehama,2021-03-12,307,13649,20,2032,222,11448,65,169,179,2607,127,5599,245,8206,California
Tehama,2021-03-13,49,13698,8,2040,34,11482,7,176,6,2577,43,5642,13,8219,California
Tehama,2021-03-14,53,13751,3,2043,40,11522,10,186,9,2552,44,5686,19,8238,California
Tehama,2021-03-15,154,13905,22,2065,112,11634,20,206,84,2586,70,5756,104,8342,California
Tehama,2021-03-16,419,14324,14,2079,367,12001,38,244,314,2834,104,5860,352,8694,California
Tehama,2021-03-17,434,14758,22,2101,380,12381,32,276,350,3134,82,5942,382,9076,California
Tehama,2021-03-18,487,15245,26,2127,437,12818,24,300,308,3289,177,6119,332,9408,California
Tehama,2021-03-19,318,15563,22,2149,283,13101,13,313,276,3536,42,6161,289,9697,California
Tehama,2021-03-20,41,15604,8,2157,31,13132,2,315,29,3555,12,6173,31,9728,California
Tehama,2021-03-21,12,15616,5,2162,7,13139,0,315,12,3567,0,6173,12,9740,California
Tehama,2021-03-22,92,15708,8,2170,67,13206,17,332,50,3592,42,6215,67,9807,California
Tehama,2021-03-23,87,15795,28,2198,53,13259,6,338,69,3649,18,6233,75,9882,California
Tehama,2021-03-24,85,15880,16,2214,67,13326,2,340,54,3674,31,6264,56,9938,California
Tehama,2021-03-25,540,16420,364,2578,163,13489,13,353,483,4114,56,6320,496,10434,California
Tehama,2021-03-26,514,16934,403,2981,99,13588,12,365,434,4483,77,6397,446,10880,California
Tehama,2021-03-27,452,17386,356,3337,71,13659,25,390,383,4823,68,6465,408,11288,California
Tehama,2021-03-28,31,17417,10,3347,21,13680,0,390,19,4830,12,6477,19,11307,California
Tehama,2021-03-29,126,17543,32,3379,94,13774,0,390,79,4862,47,6524,79,11386,California
Tehama,2021-03-30,373,17916,221,3600,150,13924,2,392,252,4995,121,6645,254,11640,California
Tehama,2021-03-31,401,18317,298,3898,100,14024,3,395,328,5253,72,6717,330,11970,California
Tehama,2021-04-01,529,18846,247,4145,276,14300,6,401,396,5523,132,6849,402,12372,California
Tehama,2021-04-02,458,19304,216,4361,237,14537,5,406,273,5615,185,7034,277,12649,California
Tehama,2021-04-03,63,19367,4,4365,54,14591,5,411,32,5621,31,7065,37,12686,California
Tehama,2021-04-04,34,19401,7,4372,26,14617,1,412,23,5634,11,7076,24,12710,California
Tehama,2021-04-05,118,19519,21,4393,69,14686,28,440,61,5666,57,7133,89,12799,California
Tehama,2021-04-06,493,20012,109,4502,333,15019,51,491,137,5498,356,7489,188,12987,California
Tehama,2021-04-07,417,20429,284,4786,90,15109,43,534,304,5732,112,7601,346,13333,California
Tehama,2021-04-08,608,21037,174,4960,394,15503,40,574,230,5625,377,7978,270,13603,California
Tehama,2021-04-09,432,21469,194,5154,204,15707,34,608,216,5660,215,8193,250,13853,California
Tehama,2021-04-10,79,21548,9,5163,38,15745,32,640,40,5693,39,8232,72,13925,California
Tehama,2021-04-11,33,21581,7,5170,15,15760,11,651,8,5687,25,8257,19,13944,California
Tehama,2021-04-12,112,21693,6,5176,87,15847,19,670,40,5674,72,8329,59,14003,California
Tehama,2021-04-13,390,22083,66,5242,324,16171,0,670,67,5418,323,8652,67,14070,California
Tehama,2021-04-14,408,22491,54,5296,354,16525,0,670,51,5114,355,9007,51,14121,California
Tehama,2021-04-15,519,23010,193,5489,326,16851,0,670,80,4756,438,9445,80,14201,California
Tehama,2021-04-16,598,23608,342,5831,256,17107,0,670,75,4308,523,9968,75,14276,California
Tehama,2021-04-17,349,23957,269,6100,80,17187,0,670,41,4043,307,10275,42,14318,California
Tehama,2021-04-18,17,23974,3,6103,14,17201,0,670,14,4054,3,10278,14,14332,California
Tehama,2021-04-19,98,24072,8,6111,90,17291,0,670,42,4040,56,10334,42,14374,California
Tehama,2021-04-20,528,24600,436,6547,92,17383,0,670,152,3820,374,10708,154,14528,California
Tehama,2021-04-21,512,25112,434,6981,78,17461,0,670,170,3650,340,11048,170,14698,California
Tehama,2021-04-22,527,25639,367,7348,160,17621,0,670,158,3442,366,11414,158,14856,California
Tehama,2021-04-23,454,26093,351,7699,103,17724,0,670,204,3398,249,11663,205,15061,California
Tehama,2021-04-24,104,26197,18,7717,86,17810,0,670,27,3348,77,11740,27,15088,California
Tehama,2021-04-25,29,26226,18,7735,11,17821,0,670,9,3338,19,11759,9,15097,California
Tehama,2021-04-26,86,26312,12,7747,74,17895,0,670,47,3346,39,11798,47,15144,California
Tehama,2021-04-27,257,26569,209,7956,47,17942,1,671,95,3280,162,11960,96,15240,California
Tehama,2021-04-28,404,26973,324,8280,63,18005,17,688,70,3033,334,12294,87,15327,California
Tehama,2021-04-29,359,27332,172,8452,181,18186,6,694,72,2825,286,12580,78,15405,California
Tehama,2021-04-30,327,27659,240,8692,81,18267,6,700,113,2730,214,12794,119,15524,California
Tehama,2021-05-01,74,27733,4,8696,67,18334,3,703,16,2691,58,12852,19,15543,California
Tehama,2021-05-02,44,27777,22,8718,10,18344,12,715,24,2707,20,12872,36,15579,California
Tehama,2021-05-03,120,27897,40,8758,72,18416,8,723,64,2723,56,12928,72,15651,California
Tehama,2021-05-04,165,28062,60,8818,98,18514,7,730,71,2707,94,13022,78,15729,California
Tehama,2021-05-05,97,28159,26,8844,61,18575,10,740,45,2710,52,13074,55,15784,California
Tehama,2021-05-06,169,28328,94,8938,60,18635,15,755,103,2762,66,13140,118,15902,California
Tehama,2021-05-07,178,28506,73,9011,94,18729,11,766,52,2701,124,13264,63,15965,California
Tehama,2021-05-08,50,28556,6,9017,43,18772,1,767,14,2680,36,13300,15,15980,California
Tehama,2021-05-09,17,28573,4,9021,13,18785,0,767,7,2677,10,13310,7,15987,California
Tehama,2021-05-10,80,28653,8,9029,66,18851,6,773,39,2681,40,13350,44,16031,California
Tehama,2021-05-11,176,28829,117,9146,49,18900,10,783,37,2589,139,13489,47,16078,California
Tehama,2021-05-12,213,29042,133,9279,69,18969,11,794,48,2483,165,13654,59,16137,California
Tehama,2021-05-13,249,29291,168,9447,73,19042,8,802,114,2471,134,13788,122,16259,California
Tehama,2021-05-14,248,29539,134,9581,93,19135,21,823,59,2363,188,13976,80,16339,California
Tehama,2021-05-15,225,29764,135,9716,54,19189,36,859,161,2497,63,14039,197,16536,California
Tehama,2021-05-16,27,29791,7,9723,17,19206,3,862,15,2503,12,14051,18,16554,California
Tehama,2021-05-17,113,29904,29,9752,69,19275,15,877,54,2514,58,14109,69,16623,California
Tehama,2021-05-18,152,30056,78,9830,59,19334,15,892,50,2478,101,14210,65,16688,California
Tehama,2021-05-19,127,30183,54,9884,63,19397,10,902,41,2443,86,14296,51,16739,California
Tehama,2021-05-20,335,30518,242,10126,70,19467,23,925,232,2596,102,14398,255,16994,California
Tehama,2021-05-21,222,30740,99,10225,110,19577,13,938,79,2547,141,14539,92,17086,California
Tehama,2021-05-22,66,30806,32,10257,30,19607,4,942,38,2561,28,14567,42,17128,California
Tehama,2021-05-23,50,30856,25,10282,14,19621,11,953,14,2550,36,14603,25,17153,California
Tehama,2021-05-24,99,30955,31,10313,60,19681,8,961,34,2527,65,14668,42,17195,California
Tehama,2021-05-25,76,31031,19,10332,49,19730,8,969,46,2551,29,14697,53,17248,California
Tehama,2021-05-26,79,31110,31,10363,45,19775,3,972,52,2579,27,14724,55,17303,California
Tehama,2021-05-27,156,31266,98,10461,54,19829,4,976,51,2531,103,14827,55,17358,California
Tehama,2021-05-28,136,31402,37,10498,92,19921,7,983,65,2533,70,14897,72,17430,California
Tehama,2021-05-29,53,31455,8,10506,40,19961,5,988,34,2553,19,14916,39,17469,California
Tehama,2021-05-30,15,31470,5,10511,9,19970,1,989,6,2551,9,14925,7,17476,California
Tehama,2021-05-31,18,31488,2,10513,15,19985,1,990,5,2544,13,14938,6,17482,California
Tehama,2021-06-01,100,31588,18,10531,64,20049,18,1008,32,2526,68,15006,50,17532,California
Tehama,2021-06-02,88,31676,30,10561,53,20102,5,1013,32,2507,56,15062,37,17569,California
Tehama,2021-06-03,135,31811,102,10663,22,20124,11,1024,29,2441,106,15168,40,17609,California
Tehama,2021-06-04,146,31957,38,10701,94,20218,14,1038,63,2434,82,15250,75,17684,California
Tehama,2021-06-05,158,32115,128,10829,22,20240,8,1046,31,2347,126,15376,39,17723,California
Tehama,2021-06-06,15,32130,7,10836,2,20242,6,1052,2,2342,12,15388,7,17730,California
Tehama,2021-06-07,70,32200,27,10863,41,20283,2,1054,20,2314,50,15438,22,17752,California
Tehama,2021-06-08,103,32303,34,10897,60,20343,9,1063,37,2295,65,15503,46,17798,California
Tehama,2021-06-09,87,32390,43,10940,42,20385,2,1065,43,2296,44,15547,45,17843,California
Tehama,2021-06-10,267,32657,216,11156,41,20426,10,1075,37,2114,229,15776,47,17890,California
Tehama,2021-06-11,148,32805,66,11222,73,20499,9,1084,55,2088,90,15866,64,17954,California
Tehama,2021-06-12,62,32867,39,11261,23,20522,0,1084,24,2074,38,15904,24,17978,California
Tehama,2021-06-13,22,32889,6,11267,10,20532,6,1090,5,2068,17,15921,11,17989,California
Tehama,2021-06-14,93,32982,16,11283,70,20602,7,1097,27,2036,66,15987,34,18023,California
Tehama,2021-06-15,96,33078,42,11325,39,20641,15,1112,37,2030,58,16045,52,18075,California
Tehama,2021-06-16,92,33170,61,11386,28,20669,3,1115,46,2033,46,16091,49,18124,California
Tehama,2021-06-17,152,33322,108,11494,29,20698,15,1130,87,2071,63,16154,101,18225,California
Tehama,2021-06-18,108,33430,42,11536,52,20750,14,1144,36,2049,72,16226,50,18275,California
Tehama,2021-06-19,40,33470,14,11550,21,20771,5,1149,17,2048,23,16249,22,18297,California
Tehama,2021-06-20,16,33486,5,11555,10,20781,1,1150,6,2045,10,16259,7,18304,California
Tehama,2021-06-21,64,33550,19,11574,37,20818,8,1158,23,2035,41,16300,31,18335,California
Tehama,2021-06-22,81,33631,25,11599,42,20860,14,1172,34,2037,46,16346,48,18383,California
Tehama,2021-06-23,95,33726,54,11653,37,20897,4,1176,46,2038,48,16394,49,18432,California
Tehama,2021-06-24,88,33814,42,11695,38,20935,8,1184,48,2054,40,16434,56,18488,California
Tehama,2021-06-25,137,33951,75,11770,55,20990,7,1191,60,2045,76,16510,67,18555,California
Tehama,2021-06-26,46,33997,23,11793,23,21013,0,1191,22,2043,24,16534,22,18577,California
Tehama,2021-06-27,8,34005,4,11797,3,21016,1,1192,5,2046,3,16537,6,18583,California
Tehama,2021-06-28,42,34047,16,11813,21,21037,5,1197,21,2051,21,16558,26,18609,California
Tehama,2021-06-29,64,34111,23,11836,37,21074,4,1201,33,2058,30,16588,37,18646,California
Tehama,2021-06-30,89,34200,67,11903,20,21094,2,1203,47,2065,42,16630,49,18695,California
Tehama,2021-07-01,61,34261,30,11933,28,21122,3,1206,38,2083,23,16653,41,18736,California
Tehama,2021-07-02,88,34349,46,11979,40,21162,2,1208,35,2067,53,16706,37,18773,California
Tehama,2021-07-03,36,34385,17,11996,17,21179,2,1210,13,2059,23,16729,15,18788,California
Tehama,2021-07-04,5,34390,5,12001,0,21179,0,1210,2,2058,3,16732,2,18790,California
Tehama,2021-07-05,29,34419,14,12015,13,21192,2,1212,13,2057,16,16748,15,18805,California
Tehama,2021-07-06,70,34489,33,12048,31,21223,6,1218,35,2063,35,16783,41,18846,California
Tehama,2021-07-07,61,34550,54,12102,6,21229,1,1219,26,2055,35,16818,27,18873,California
Trinity,2020-12-17,4,4,4,4,0,0,0,0,4,4,0,0,4,4,California
Trinity,2020-12-18,2,6,2,6,0,0,0,0,2,6,0,0,2,6,California
Trinity,2020-12-21,38,44,38,44,0,0,0,0,38,44,0,0,38,44,California
Trinity,2020-12-22,4,48,4,48,0,0,0,0,4,48,0,0,4,48,California
Trinity,2020-12-23,6,54,5,53,1,1,0,0,6,54,0,0,6,54,California
Trinity,2020-12-28,31,85,31,84,0,1,0,0,31,85,0,0,31,85,California
Trinity,2020-12-29,8,93,7,91,1,2,0,0,8,93,0,0,8,93,California
Trinity,2020-12-30,10,103,8,99,2,4,0,0,10,103,0,0,10,103,California
Trinity,2020-12-31,2,105,1,100,1,5,0,0,2,105,0,0,2,105,California
Trinity,2021-01-04,27,132,0,100,27,32,0,0,26,131,0,0,26,131,California
Trinity,2021-01-05,3,135,1,101,2,34,0,0,3,134,0,0,3,134,California
Trinity,2021-01-06,24,159,4,105,20,54,0,0,20,150,4,4,20,154,California
Trinity,2021-01-08,49,208,2,107,47,101,0,0,48,196,2,6,48,202,California
Trinity,2021-01-11,41,249,38,145,3,104,0,0,4,163,37,43,4,206,California
Trinity,2021-01-12,9,258,6,151,3,107,0,0,4,162,5,48,4,210,California
Trinity,2021-01-13,7,265,4,155,3,110,0,0,4,163,3,51,4,214,California
Trinity,2021-01-14,4,269,1,156,3,113,0,0,4,167,0,51,4,218,California
Trinity,2021-01-15,4,273,0,156,4,117,0,0,4,171,0,51,4,222,California
Trinity,2021-01-16,4,277,0,156,4,121,0,0,4,175,0,51,4,226,California
Trinity,2021-01-18,32,309,32,188,0,121,0,0,1,145,31,82,1,227,California
Trinity,2021-01-19,35,344,14,202,21,142,0,0,21,152,14,96,21,248,California
Trinity,2021-01-20,21,365,4,206,17,159,0,0,18,167,3,99,18,266,California
Trinity,2021-01-21,17,382,7,213,10,169,0,0,17,184,0,99,17,283,California
Trinity,2021-01-22,5,387,1,214,4,173,0,0,5,189,0,99,5,288,California
Trinity,2021-01-23,7,394,3,217,4,177,0,0,7,196,0,99,7,295,California
Trinity,2021-01-25,14,408,1,218,13,190,0,0,13,208,1,100,13,308,California
Trinity,2021-01-26,12,420,1,219,11,201,0,0,11,218,1,101,11,319,California
Trinity,2021-01-27,12,432,0,219,12,213,0,0,12,230,0,101,12,331,California
Trinity,2021-01-28,12,444,2,221,10,223,0,0,9,236,3,104,9,340,California
Trinity,2021-01-29,2,446,0,221,2,225,0,0,1,236,1,105,1,341,California
Trinity,2021-01-30,12,458,11,232,1,226,0,0,12,248,0,105,12,353,California
Trinity,2021-02-01,2,460,1,233,1,227,0,0,1,248,1,106,1,354,California
Trinity,2021-02-02,15,475,3,236,12,239,0,0,14,261,1,107,14,368,California
Trinity,2021-02-03,7,482,1,237,6,245,0,0,4,262,3,110,4,372,California
Trinity,2021-02-04,42,524,32,269,10,255,0,0,35,290,7,117,35,407,California
Trinity,2021-02-05,354,878,0,269,354,609,0,0,323,582,31,148,323,730,California
Trinity,2021-02-06,208,1086,5,274,203,812,0,0,201,776,7,155,201,931,California
Trinity,2021-02-07,1,1087,0,274,1,813,0,0,1,777,0,155,1,932,California
Trinity,2021-02-08,28,1115,1,275,27,840,0,0,16,781,12,167,16,948,California
Trinity,2021-02-09,27,1142,2,277,25,865,0,0,11,776,16,183,11,959,California
Trinity,2021-02-10,121,1263,10,287,111,976,0,0,101,857,20,203,101,1060,California
Trinity,2021-02-11,337,1600,2,289,335,1311,0,0,330,1180,7,210,330,1390,California
Trinity,2021-02-12,18,1618,10,299,8,1319,0,0,14,1190,4,214,14,1404,California
Trinity,2021-02-13,13,1631,6,305,7,1326,0,0,6,1189,7,221,6,1410,California
Trinity,2021-02-14,2,1633,2,307,0,1326,0,0,2,1191,0,221,2,1412,California
Trinity,2021-02-15,46,1679,0,307,46,1372,0,0,46,1237,0,221,46,1458,California
Trinity,2021-02-16,5,1684,1,308,4,1376,0,0,3,1238,2,223,3,1461,California
Trinity,2021-02-17,94,1778,2,310,92,1468,0,0,84,1312,10,233,84,1545,California
Trinity,2021-02-18,4,1782,0,310,4,1472,0,0,1,1310,3,236,1,1546,California
Trinity,2021-02-19,306,2088,1,311,305,1777,0,0,293,1590,13,249,293,1839,California
Trinity,2021-02-20,142,2230,14,325,128,1905,0,0,114,1676,28,277,114,1953,California
Trinity,2021-02-21,1,2231,1,326,0,1905,0,0,1,1677,0,277,1,1954,California
Trinity,2021-02-22,8,2239,0,326,8,1913,0,0,5,1679,3,280,5,1959,California
Trinity,2021-02-23,12,2251,3,329,9,1922,0,0,5,1677,7,287,5,1964,California
Trinity,2021-02-24,30,2281,8,337,22,1944,0,0,7,1661,23,310,7,1971,California
Trinity,2021-02-25,36,2317,23,360,13,1957,0,0,5,1635,31,341,5,1976,California
Trinity,2021-02-26,12,2329,2,362,10,1967,0,0,6,1635,6,347,6,1982,California
Trinity,2021-02-27,12,2341,10,372,2,1969,0,0,6,1635,6,353,6,1988,California
Trinity,2021-03-01,10,2351,0,372,10,1979,0,0,5,1635,5,358,5,1993,California
Trinity,2021-03-02,9,2360,3,375,6,1985,0,0,2,1630,7,365,2,1995,California
Trinity,2021-03-03,4,2364,0,375,4,1989,0,0,3,1632,1,366,3,1998,California
Trinity,2021-03-04,24,2388,19,394,5,1994,0,0,10,1628,14,380,10,2008,California
Trinity,2021-03-05,391,2779,1,395,390,2384,0,0,120,1481,267,647,120,2128,California
Trinity,2021-03-06,200,2979,7,402,193,2577,0,0,26,1333,174,821,26,2154,California
Trinity,2021-03-07,5,2984,3,405,1,2578,1,1,3,1335,2,823,4,2158,California
Trinity,2021-03-08,5,2989,1,406,3,2581,1,2,2,1335,3,826,3,2161,California
Trinity,2021-03-09,94,3083,0,406,92,2673,2,4,88,1419,6,832,90,2251,California
Trinity,2021-03-10,125,3208,3,409,119,2792,3,7,38,1373,87,919,41,2292,California
Trinity,2021-03-11,16,3224,4,413,10,2802,2,9,5,1369,11,930,7,2299,California
Trinity,2021-03-12,397,3621,5,418,386,3188,6,15,97,1172,300,1230,103,2402,California
Trinity,2021-03-13,14,3635,8,426,4,3192,2,17,8,1176,6,1236,10,2412,California
Trinity,2021-03-14,4,3639,1,427,3,3195,0,17,3,1178,1,1237,3,2415,California
Trinity,2021-03-15,66,3705,0,427,65,3260,1,18,14,1141,52,1289,15,2430,California
Trinity,2021-03-16,116,3821,7,434,109,3369,0,18,103,1231,13,1302,103,2533,California
Trinity,2021-03-17,100,3921,3,437,97,3466,0,18,26,1183,74,1376,26,2559,California
Trinity,2021-03-18,11,3932,2,439,6,3472,3,21,5,1185,6,1382,8,2567,California
Trinity,2021-03-19,459,4391,4,443,345,3817,110,131,33,902,426,1808,143,2710,California
Trinity,2021-03-20,106,4497,7,450,99,3916,0,131,68,933,37,1845,68,2778,California
Trinity,2021-03-21,5,4502,0,450,3,3919,2,133,3,936,2,1847,5,2783,California
Trinity,2021-03-22,2,4504,0,450,2,3921,0,133,2,938,0,1847,2,2785,California
Trinity,2021-03-23,95,4599,2,452,93,4014,0,133,77,997,18,1865,77,2862,California
Trinity,2021-03-24,12,4611,1,453,11,4025,0,133,9,1003,3,1868,9,2871,California
Trinity,2021-03-25,111,4722,8,461,97,4122,6,139,85,1068,26,1894,91,2962,California
Trinity,2021-03-26,83,4805,8,469,75,4197,0,139,76,1137,7,1901,76,3038,California
Trinity,2021-03-27,20,4825,4,473,7,4204,9,148,9,1144,11,1912,18,3056,California
Trinity,2021-03-28,5,4830,3,476,2,4206,0,148,1,1141,4,1916,1,3057,California
Trinity,2021-03-29,6,4836,1,477,5,4211,0,148,2,1139,4,1920,2,3059,California
Trinity,2021-03-30,77,4913,5,482,72,4283,0,148,67,1196,10,1930,67,3126,California
Trinity,2021-03-31,56,4969,5,487,19,4302,32,180,21,1213,35,1965,52,3178,California
Trinity,2021-04-01,42,5011,11,498,20,4322,11,191,22,1226,20,1985,33,3211,California
Trinity,2021-04-02,252,5263,6,504,172,4494,74,265,80,1209,171,2156,154,3365,California
Trinity,2021-04-03,18,5281,13,517,5,4499,0,265,8,1207,10,2166,8,3373,California
Trinity,2021-04-04,10,5291,8,525,2,4501,0,265,8,1213,2,2168,8,3381,California
Trinity,2021-04-05,58,5349,6,531,51,4552,1,266,54,1264,4,2172,55,3436,California
Trinity,2021-04-06,118,5467,15,546,100,4652,3,269,29,1207,89,2261,32,3468,California
Trinity,2021-04-07,27,5494,12,558,10,4662,5,274,19,1223,8,2269,24,3492,California
Trinity,2021-04-08,89,5583,10,568,77,4739,2,276,52,1240,37,2306,54,3546,California
Trinity,2021-04-09,171,5754,21,589,146,4885,4,280,93,1259,78,2384,97,3643,California
Trinity,2021-04-10,11,5765,7,596,4,4889,0,280,10,1268,1,2385,10,3653,California
Trinity,2021-04-11,10,5775,5,601,3,4892,2,282,4,1268,6,2391,6,3659,California
Trinity,2021-04-12,77,5852,5,606,71,4963,1,283,64,1320,12,2403,64,3723,California
Trinity,2021-04-13,104,5956,5,611,99,5062,0,283,11,1238,93,2496,11,3734,California
Trinity,2021-04-14,10,5966,5,616,5,5067,0,283,6,1240,4,2500,6,3740,California
Trinity,2021-04-15,45,6011,10,626,35,5102,0,283,15,1226,29,2529,15,3755,California
Trinity,2021-04-16,153,6164,13,639,140,5242,0,283,80,1234,72,2601,80,3835,California
Trinity,2021-04-17,11,6175,5,644,6,5248,0,283,9,1241,2,2603,9,3844,California
Trinity,2021-04-18,3,6178,1,645,2,5250,0,283,0,1238,3,2606,0,3844,California
Trinity,2021-04-19,67,6245,2,647,65,5315,0,283,66,1303,1,2607,66,3910,California
Trinity,2021-04-20,94,6339,8,655,86,5401,0,283,21,1251,73,2680,21,3931,California
Trinity,2021-04-21,22,6361,9,664,13,5414,0,283,9,1247,13,2693,9,3940,California
Trinity,2021-04-22,92,6453,5,669,87,5501,0,283,14,1183,78,2771,14,3954,California
Trinity,2021-04-23,178,6631,6,675,172,5673,0,283,110,1225,68,2839,110,4064,California
Trinity,2021-04-24,25,6656,14,689,11,5684,0,283,6,1212,19,2858,6,4070,California
Trinity,2021-04-25,10,6666,9,698,1,5685,0,283,3,1209,6,2864,3,4073,California
Trinity,2021-04-26,48,6714,9,707,39,5724,0,283,40,1241,8,2872,40,4113,California
Trinity,2021-04-27,88,6802,11,718,77,5801,0,283,23,1199,65,2937,23,4136,California
Trinity,2021-04-28,32,6834,11,729,21,5822,0,283,12,1191,20,2957,12,4148,California
Trinity,2021-04-29,35,6869,13,742,22,5844,0,283,12,1180,23,2980,12,4160,California
Trinity,2021-04-30,28,6897,22,764,6,5850,0,283,8,1169,19,2999,8,4168,California
Trinity,2021-05-01,15,6912,8,772,2,5852,5,288,5,1169,10,3009,10,4178,California
Trinity,2021-05-02,8,6920,5,777,1,5853,2,290,2,1167,6,3015,4,4182,California
Trinity,2021-05-03,58,6978,13,790,44,5897,1,291,9,1129,48,3063,10,4192,California
Trinity,2021-05-04,24,7002,11,801,12,5909,1,292,8,1122,16,3079,9,4201,California
Trinity,2021-05-05,11,7013,7,808,4,5913,0,292,4,1119,7,3086,4,4205,California
Trinity,2021-05-06,73,7086,10,818,61,5974,2,294,16,1080,57,3143,18,4223,California
Trinity,2021-05-07,179,7265,12,830,133,6107,34,328,14,963,165,3308,48,4271,California
Trinity,2021-05-08,6,7271,2,832,4,6111,0,328,2,961,4,3312,2,4273,California
Trinity,2021-05-09,11,7282,8,840,3,6114,0,328,7,964,4,3316,7,4280,California
Trinity,2021-05-10,15,7297,5,845,9,6123,1,329,8,966,7,3323,9,4289,California
Trinity,2021-05-11,8,7305,4,849,4,6127,0,329,6,970,2,3325,6,4295,California
Trinity,2021-05-12,19,7324,16,865,2,6129,1,330,14,980,5,3330,15,4310,California
Trinity,2021-05-13,15,7339,10,875,4,6133,1,331,9,984,6,3336,10,4320,California
Trinity,2021-05-14,141,7480,19,894,94,6227,28,359,39,949,102,3438,67,4387,California
Trinity,2021-05-15,16,7496,11,905,4,6231,1,360,8,951,7,3445,9,4396,California
Trinity,2021-05-16,8,7504,6,911,2,6233,0,360,6,955,2,3447,6,4402,California
Trinity,2021-05-17,108,7612,20,931,86,6319,2,362,42,933,66,3513,44,4446,California
Trinity,2021-05-18,37,7649,7,938,29,6348,1,363,11,919,26,3539,12,4458,California
Trinity,2021-05-19,146,7795,17,955,100,6448,29,392,29,861,116,3655,58,4516,California
Trinity,2021-05-20,28,7823,21,976,4,6452,3,395,17,870,11,3666,20,4536,California
Trinity,2021-05-21,21,7844,12,988,9,6461,0,395,12,873,9,3675,12,4548,California
Trinity,2021-05-22,17,7861,14,1002,3,6464,0,395,13,882,4,3679,13,4561,California
Trinity,2021-05-23,6,7867,4,1006,2,6466,0,395,2,880,4,3683,2,4563,California
Trinity,2021-05-24,109,7976,12,1018,96,6562,1,396,8,789,100,3783,9,4572,California
Trinity,2021-05-25,39,8015,14,1032,25,6587,0,396,17,784,22,3805,17,4589,California
Trinity,2021-05-26,12,8027,6,1038,6,6593,0,396,4,780,8,3813,4,4593,California
Trinity,2021-05-27,31,8058,14,1052,12,6605,5,401,8,770,23,3836,13,4606,California
Trinity,2021-05-28,14,8072,10,1062,3,6608,1,402,7,771,7,3843,8,4614,California
Trinity,2021-05-29,10,8082,7,1069,2,6610,1,403,7,776,3,3846,8,4622,California
Trinity,2021-05-30,6,8088,5,1074,1,6611,0,403,0,770,6,3852,0,4622,California
Trinity,2021-05-31,4,8092,3,1077,1,6612,0,403,2,770,2,3854,2,4624,California
Trinity,2021-06-01,14,8106,7,1084,5,6617,2,405,3,765,10,3864,5,4629,California
Trinity,2021-06-02,24,8130,19,1103,3,6620,2,407,9,761,15,3879,11,4640,California
Trinity,2021-06-03,39,8169,13,1116,26,6646,0,407,13,748,26,3905,13,4653,California
Trinity,2021-06-04,45,8214,21,1137,16,6662,8,415,12,735,33,3938,20,4673,California
Trinity,2021-06-05,19,8233,18,1155,1,6663,0,415,13,742,6,3944,13,4686,California
Trinity,2021-06-06,9,8242,6,1161,2,6665,1,416,2,738,7,3951,3,4689,California
Trinity,2021-06-07,28,8270,19,1180,8,6673,1,417,12,735,16,3967,13,4702,California
Trinity,2021-06-08,15,8285,13,1193,1,6674,1,418,4,729,11,3978,5,4707,California
Trinity,2021-06-09,24,8309,14,1207,1,6675,9,427,5,724,19,3997,14,4721,California
Trinity,2021-06-10,20,8329,18,1225,2,6677,0,427,5,714,15,4012,5,4726,California
Trinity,2021-06-11,45,8374,10,1235,33,6710,2,429,14,699,31,4043,16,4742,California
Trinity,2021-06-12,9,8383,9,1244,0,6710,0,429,2,694,7,4050,2,4744,California
Trinity,2021-06-13,4,8387,4,1248,0,6710,0,429,1,692,3,4053,1,4745,California
Trinity,2021-06-14,43,8430,16,1264,27,6737,0,429,11,671,32,4085,11,4756,California
Trinity,2021-06-15,45,8475,21,1285,3,6740,21,450,9,664,36,4121,29,4785,California
Trinity,2021-06-16,10,8485,6,1291,4,6744,0,450,3,660,7,4128,3,4788,California
Trinity,2021-06-17,15,8500,12,1303,1,6745,2,452,6,660,8,4136,8,4796,California
Trinity,2021-06-18,18,8518,10,1313,6,6751,2,454,6,656,12,4148,8,4804,California
Trinity,2021-06-19,10,8528,10,1323,0,6751,0,454,2,650,8,4156,2,4806,California
Trinity,2021-06-20,3,8531,3,1326,0,6751,0,454,3,653,0,4156,3,4809,California
Trinity,2021-06-21,8,8539,6,1332,0,6751,2,456,5,657,3,4159,7,4816,California
Trinity,2021-06-22,32,8571,9,1341,13,6764,10,466,14,663,18,4177,24,4840,California
Trinity,2021-06-23,15,8586,8,1349,1,6765,6,472,2,658,13,4190,8,4848,California
Trinity,2021-06-24,24,8610,14,1363,4,6769,6,478,15,670,9,4199,21,4869,California
Trinity,2021-06-25,10,8620,10,1373,0,6769,0,478,6,672,4,4203,6,4875,California
Trinity,2021-06-26,18,8638,18,1391,0,6769,0,478,8,670,10,4213,8,4883,California
Trinity,2021-06-27,4,8642,4,1395,0,6769,0,478,0,666,4,4217,0,4883,California
Trinity,2021-06-28,11,8653,9,1404,1,6770,1,479,4,664,7,4224,5,4888,California
Trinity,2021-06-29,11,8664,5,1409,3,6773,3,482,5,666,6,4230,8,4896,California
Trinity,2021-06-30,14,8678,10,1419,1,6774,3,485,6,667,8,4238,9,4905,California
Trinity,2021-07-01,30,8708,11,1430,12,6786,7,492,10,664,20,4258,17,4922,California
Trinity,2021-07-02,24,8732,6,1436,6,6792,12,504,6,664,18,4276,18,4940,California
Trinity,2021-07-03,4,8736,1,1437,0,6792,3,507,0,663,4,4280,3,4943,California
Trinity,2021-07-04,1,8737,1,1438,0,6792,0,507,1,664,0,4280,1,4944,California
Trinity,2021-07-05,12,8749,12,1450,0,6792,0,507,5,662,7,4287,5,4949,California
Trinity,2021-07-06,12,8761,10,1460,2,6794,0,507,6,662,6,4293,6,4955,California
Trinity,2021-07-07,9,8770,8,1468,1,6795,0,507,5,663,4,4297,5,4960,California
Tulare,2020-12-15,1,1,1,1,0,0,0,0,1,1,0,0,1,1,California
Tulare,2020-12-16,4,5,4,5,0,0,0,0,4,5,0,0,4,5,California
Tulare,2020-12-17,110,115,110,115,0,0,0,0,110,115,0,0,110,115,California
Tulare,2020-12-18,290,405,289,404,1,1,0,0,290,405,0,0,290,405,California
Tulare,2020-12-19,326,731,326,730,0,1,0,0,326,731,0,0,326,731,California
Tulare,2020-12-20,165,896,165,895,0,1,0,0,165,896,0,0,165,896,California
Tulare,2020-12-21,425,1321,425,1320,0,1,0,0,445,1341,0,0,445,1341,California
Tulare,2020-12-22,470,1791,468,1788,2,3,0,0,469,1810,0,0,469,1810,California
Tulare,2020-12-23,327,2118,318,2106,9,12,0,0,325,2135,0,0,325,2135,California
Tulare,2020-12-24,18,2136,16,2122,2,14,0,0,18,2153,0,0,18,2153,California
Tulare,2020-12-26,8,2144,7,2129,1,15,0,0,8,2161,0,0,8,2161,California
Tulare,2020-12-27,16,2160,12,2141,4,19,0,0,16,2177,0,0,16,2177,California
Tulare,2020-12-28,480,2640,467,2608,13,32,0,0,479,2656,0,0,479,2656,California
Tulare,2020-12-29,550,3190,480,3088,70,102,0,0,550,3206,0,0,550,3206,California
Tulare,2020-12-30,469,3659,425,3513,44,146,0,0,469,3675,0,0,469,3675,California
Tulare,2020-12-31,100,3759,22,3535,78,224,0,0,100,3775,0,0,100,3775,California
Tulare,2021-01-01,3,3762,1,3536,2,226,0,0,3,3778,0,0,3,3778,California
Tulare,2021-01-02,32,3794,19,3555,13,239,0,0,32,3810,0,0,32,3810,California
Tulare,2021-01-03,23,3817,9,3564,14,253,0,0,23,3833,0,0,23,3833,California
Tulare,2021-01-04,93,3910,16,3580,77,330,0,0,93,3926,0,0,93,3926,California
Tulare,2021-01-05,465,4375,279,3859,186,516,0,0,463,4387,2,2,463,4389,California
Tulare,2021-01-06,864,5239,634,4493,230,746,0,0,854,5231,10,12,854,5243,California
Tulare,2021-01-07,782,6021,585,5078,197,943,0,0,674,5797,108,120,674,5917,California
Tulare,2021-01-08,1279,7300,573,5651,706,1649,0,0,942,6403,336,456,942,6859,California
Tulare,2021-01-09,806,8106,204,5855,602,2251,0,0,618,6833,188,644,618,7477,California
Tulare,2021-01-10,51,8157,43,5898,8,2259,0,0,13,6808,38,682,13,7490,California
Tulare,2021-01-11,1275,9432,772,6670,503,2762,0,0,835,7203,440,1122,835,8325,California
Tulare,2021-01-12,1451,10883,505,7175,946,3708,0,0,1039,7833,411,1533,1041,9366,California
Tulare,2021-01-13,411,11294,179,7354,232,3940,0,0,336,8094,75,1608,336,9702,California
Tulare,2021-01-14,496,11790,146,7500,350,4290,0,0,470,8549,15,1623,470,10172,California
Tulare,2021-01-15,1650,13440,156,7656,1494,5784,0,0,1641,10181,9,1632,1641,11813,California
Tulare,2021-01-16,1929,15369,115,7771,1814,7598,0,0,1915,12082,14,1646,1915,13728,California
Tulare,2021-01-17,142,15511,122,7893,20,7618,0,0,132,12204,10,1656,132,13860,California
Tulare,2021-01-18,693,16204,657,8550,36,7654,0,0,295,12101,398,2054,295,14155,California
Tulare,2021-01-19,1020,17224,690,9240,330,7984,0,0,593,12267,427,2481,593,14748,California
Tulare,2021-01-20,2481,19705,667,9907,1814,9798,0,0,2044,13920,392,2873,2045,16793,California
Tulare,2021-01-21,1619,21324,227,10134,1392,11190,0,0,1591,15489,22,2895,1591,18384,California
Tulare,2021-01-22,1092,22416,212,10346,880,12070,0,0,1062,16522,29,2924,1062,19446,California
Tulare,2021-01-23,439,22855,156,10502,283,12353,0,0,418,16919,21,2945,418,19864,California
Tulare,2021-01-24,31,22886,28,10530,3,12356,0,0,29,16946,2,2947,29,19893,California
Tulare,2021-01-25,1352,24238,987,11517,365,12721,0,0,1299,18192,53,3000,1299,21192,California
Tulare,2021-01-26,1508,25746,1102,12619,406,13127,0,0,1168,19021,339,3339,1168,22360,California
Tulare,2021-01-27,1505,27251,1072,13691,433,13560,0,0,922,19361,582,3921,922,23282,California
Tulare,2021-01-28,1221,28472,779,14470,442,14002,0,0,820,19780,401,4322,820,24102,California
Tulare,2021-01-29,1130,29602,717,15187,413,14415,0,0,820,20290,310,4632,820,24922,California
Tulare,2021-01-30,1670,31272,1575,16762,95,14510,0,0,1645,21911,25,4657,1646,26568,California
Tulare,2021-01-31,65,31337,61,16823,4,14514,0,0,61,21968,4,4661,61,26629,California
Tulare,2021-02-01,1170,32507,897,17720,273,14787,0,0,808,22415,361,5022,808,27437,California
Tulare,2021-02-02,701,33208,346,18066,355,15142,0,0,446,22609,253,5275,447,27884,California
Tulare,2021-02-03,566,33774,232,18298,334,15476,0,0,326,22735,200,5475,326,28210,California
Tulare,2021-02-04,578,34352,177,18475,401,15877,0,0,283,22725,294,5769,284,28494,California
Tulare,2021-02-05,1246,35598,240,18715,1006,16883,0,0,407,22295,837,6606,407,28901,California
Tulare,2021-02-06,836,36434,156,18871,680,17563,0,0,208,21877,626,7232,208,29109,California
Tulare,2021-02-07,85,36519,72,18943,13,17576,0,0,24,21840,61,7293,24,29133,California
Tulare,2021-02-08,946,37465,329,19272,617,18193,0,0,239,21375,704,7997,239,29372,California
Tulare,2021-02-09,1416,38881,336,19608,1080,19273,0,0,341,20646,1070,9067,341,29713,California
Tulare,2021-02-10,2487,41368,1991,21599,496,19769,0,0,2075,22312,409,9476,2075,31788,California
Tulare,2021-02-11,1344,42712,378,21977,966,20735,0,0,878,22724,466,9942,878,32666,California
Tulare,2021-02-12,2790,45502,573,22550,2217,22952,0,0,1161,22265,1620,11562,1161,33827,California
Tulare,2021-02-13,2479,47981,158,22708,2321,25273,0,0,640,21070,1835,13397,640,34467,California
Tulare,2021-02-14,339,48320,39,22747,300,25573,0,0,302,21335,37,13434,302,34769,California
Tulare,2021-02-15,923,49243,295,23042,628,26201,0,0,663,21739,259,13693,663,35432,California
Tulare,2021-02-16,2854,52097,1596,24638,1258,27459,0,0,1085,21059,1766,15459,1086,36518,California
Tulare,2021-02-17,2707,54804,517,25155,2190,29649,0,0,451,19259,2251,17710,451,36969,California
Tulare,2021-02-18,2357,57161,453,25608,1904,31553,0,0,643,18196,1706,19416,643,37612,California
Tulare,2021-02-19,2353,59514,881,26489,1472,33025,0,0,970,17788,1378,20794,970,38582,California
Tulare,2021-02-20,2999,62513,1882,28371,1117,34142,0,0,1265,17327,1726,22520,1265,39847,California
Tulare,2021-02-21,101,62614,95,28466,6,34148,0,0,50,17329,48,22568,50,39897,California
Tulare,2021-02-22,1139,63753,718,29184,421,34569,0,0,213,16618,924,23492,213,40110,California
Tulare,2021-02-23,2017,65770,970,30154,1047,35616,0,0,1483,17570,531,24023,1483,41593,California
Tulare,2021-02-24,2517,68287,1567,31721,950,36566,0,0,2126,19308,389,24412,2127,43720,California
Tulare,2021-02-25,3572,71859,2019,33740,1553,38119,0,0,3142,22027,425,24837,3144,46864,California
Tulare,2021-02-26,3890,75749,1897,35637,1993,40112,0,0,3407,24953,481,25318,3407,50271,California
Tulare,2021-02-27,3017,78766,1498,37135,1519,41631,0,0,2882,27712,123,25441,2882,53153,California
Tulare,2021-02-28,1314,80080,1039,38174,275,41906,0,0,1292,28987,17,25458,1292,54445,California
Tulare,2021-03-01,1799,81879,812,38986,986,42892,1,1,1605,30402,191,25649,1606,56051,California
Tulare,2021-03-02,2823,84702,1271,40257,1552,44444,0,1,2639,32861,181,25830,2640,58691,California
Tulare,2021-03-03,4090,88792,2734,42991,1355,45799,1,2,2132,33043,1953,27783,2135,60826,California
Tulare,2021-03-04,2995,91787,1353,44344,1642,47441,0,2,2644,35345,342,28125,2644,63470,California
Tulare,2021-03-05,3504,95291,1758,46102,1731,49172,15,17,2983,37828,518,28643,3001,66471,California
Tulare,2021-03-06,3099,98390,1447,47549,1592,50764,60,77,2842,40474,254,28897,2900,69371,California
Tulare,2021-03-07,1162,99552,712,48261,418,51182,32,109,1107,41559,54,28951,1139,70510,California
Tulare,2021-03-08,1741,101293,1009,49270,562,51744,170,279,1407,42807,328,29279,1576,72086,California
Tulare,2021-03-09,3270,104563,2247,51517,875,52619,148,427,2855,45394,414,29693,3001,75087,California
Tulare,2021-03-10,2985,107548,1404,52921,1405,54024,176,603,2577,47749,397,30090,2752,77839,California
Tulare,2021-03-11,4249,111797,2001,54922,1944,55968,304,907,3297,50399,952,31042,3602,81441,California
Tulare,2021-03-12,4424,116221,2435,57357,1635,57603,354,1261,3129,52595,1285,32327,3481,84922,California
Tulare,2021-03-13,4151,120372,1942,59299,2105,59708,104,1365,3194,54944,949,33276,3298,88220,California
Tulare,2021-03-14,1860,122232,988,60287,652,60360,220,1585,1334,55970,525,33801,1551,89771,California
Tulare,2021-03-15,2756,124988,1630,61917,1011,61371,115,1700,1972,57281,779,34580,2090,91861,California
Tulare,2021-03-16,3442,128430,2121,64038,1244,62615,77,1777,1877,57678,1560,36140,1957,93818,California
Tulare,2021-03-17,4089,132519,2668,66706,1345,63960,76,1853,2322,58325,1758,37898,2405,96223,California
Tulare,2021-03-18,4675,137194,3413,70119,1190,65150,72,1925,2447,58632,2217,40115,2524,98747,California
Tulare,2021-03-19,5143,142337,3375,73494,1550,66700,218,2143,2722,59174,2400,42515,2942,101689,California
Tulare,2021-03-20,4491,146828,2797,76291,1323,68023,371,2514,2062,59191,2419,44934,2436,104125,California
Tulare,2021-03-21,2011,148839,1723,78014,262,68285,26,2540,1064,59337,943,45877,1089,105214,California
Tulare,2021-03-22,2584,151423,1796,79810,676,68961,112,2652,1697,60268,881,46758,1812,107026,California
Tulare,2021-03-23,3801,155224,2200,82010,1549,70510,52,2704,2081,60697,1710,48468,2139,109165,California
Tulare,2021-03-24,3209,158433,1991,84001,1177,71687,41,2745,1716,60973,1482,49950,1758,110923,California
Tulare,2021-03-25,3484,161917,1811,85812,1499,73186,174,2919,1664,61001,1812,51762,1840,112763,California
Tulare,2021-03-26,5268,167185,3134,88946,2021,75207,113,3032,2534,60933,2715,54477,2647,115410,California
Tulare,2021-03-27,3543,170728,1816,90762,1630,76837,97,3129,983,59460,2552,57029,1079,116489,California
Tulare,2021-03-28,1477,172205,1071,91833,375,77212,31,3160,670,59366,805,57834,711,117200,California
Tulare,2021-03-29,2891,175096,1674,93507,1110,78322,107,3267,1225,59039,1661,59495,1334,118534,California
Tulare,2021-03-30,4928,180024,2793,96300,1902,80224,233,3500,1498,57344,3418,62913,1723,120257,California
Tulare,2021-03-31,3980,184004,2343,98643,1518,81742,119,3619,1550,56593,2421,65334,1670,121927,California
Tulare,2021-04-01,4540,188544,2459,101102,2014,83756,67,3686,1560,55252,2969,68303,1628,123555,California
Tulare,2021-04-02,5371,193915,3062,104164,2183,85939,126,3812,1553,53131,3801,72104,1680,125235,California
Tulare,2021-04-03,3639,197554,2098,106262,1166,87105,375,4187,834,51571,2767,74871,1207,126442,California
Tulare,2021-04-04,1633,199187,1145,107407,481,87586,7,4194,355,50659,1274,76145,362,126804,California
Tulare,2021-04-05,3355,202542,2341,109748,747,88333,267,4461,850,49285,2492,78637,1118,127922,California
Tulare,2021-04-06,3439,205981,1471,111219,1471,89804,497,4958,892,48138,2538,81175,1391,129313,California
Tulare,2021-04-07,3939,209920,1840,113059,1658,91462,441,5399,1176,46993,2752,83927,1607,130920,California
Tulare,2021-04-08,4798,214718,2624,115683,1714,93176,460,5859,1537,45740,3247,87174,1994,132914,California
Tulare,2021-04-09,4851,219569,2998,118681,1417,94593,436,6295,1822,44978,3021,90195,2259,135173,California
Tulare,2021-04-10,3840,223409,2069,120750,1451,96044,320,6615,930,43323,2901,93096,1246,136419,California
Tulare,2021-04-11,1586,224995,1048,121798,464,96508,74,6689,488,42790,1095,94191,562,136981,California
Tulare,2021-04-12,3426,228421,2137,123935,693,97201,596,7285,1071,42114,2344,96535,1668,138649,California
Tulare,2021-04-13,2417,230838,1599,125534,809,98010,9,7294,902,41528,1499,98034,913,139562,California
Tulare,2021-04-14,2882,233720,1704,127238,1178,99188,0,7294,912,40475,1965,99999,912,140474,California
Tulare,2021-04-15,3323,237043,2168,129406,1155,100343,0,7294,1472,40109,1838,101837,1472,141946,California
Tulare,2021-04-16,3726,240769,2250,131656,1476,101819,0,7294,1493,39383,2219,104056,1493,143439,California
Tulare,2021-04-17,2257,243026,1329,132985,928,102747,0,7294,1197,39528,1053,105109,1198,144637,California
Tulare,2021-04-18,1572,244598,1236,134221,336,103083,0,7294,827,39611,744,105853,827,145464,California
Tulare,2021-04-19,2188,246786,1272,135493,915,103998,1,7295,897,39223,1286,107139,898,146362,California
Tulare,2021-04-20,2424,249210,1391,136884,1033,105031,0,7295,1006,38828,1401,108540,1006,147368,California
Tulare,2021-04-21,2324,251534,1440,138324,884,105915,0,7295,841,38228,1442,109982,842,148210,California
Tulare,2021-04-22,2173,253707,1235,139559,938,106853,0,7295,742,37558,1412,111394,742,148952,California
Tulare,2021-04-23,2644,256351,1631,141190,1012,107865,1,7296,1030,36988,1601,112995,1031,149983,California
Tulare,2021-04-24,1647,257998,1057,142247,588,108453,2,7298,853,37054,789,113784,855,150838,California
Tulare,2021-04-25,698,258696,525,142772,173,108626,0,7298,267,36891,430,114214,267,151105,California
Tulare,2021-04-26,1557,260253,947,143719,591,109217,19,7317,655,36668,895,115109,672,151777,California
Tulare,2021-04-27,1703,261956,708,144427,957,110174,38,7355,731,36469,967,116076,768,152545,California
Tulare,2021-04-28,1751,263707,1005,145432,704,110878,42,7397,698,36160,1048,117124,739,153284,California
Tulare,2021-04-29,2044,265751,1230,146662,776,111654,38,7435,796,35757,1235,118359,832,154116,California
Tulare,2021-04-30,2468,268219,1801,148463,617,112271,50,7485,911,35169,1548,119907,960,155076,California
Tulare,2021-05-01,1420,269639,1216,149679,192,112463,12,7497,732,35235,678,120585,744,155820,California
Tulare,2021-05-02,586,270225,499,150178,71,112534,16,7513,187,35042,396,120981,203,156023,California
Tulare,2021-05-03,1623,271848,1096,151274,402,112936,125,7638,349,34248,1268,122249,474,156497,California
Tulare,2021-05-04,1576,273424,846,152120,659,113595,71,7709,630,34010,936,123185,698,157195,California
Tulare,2021-05-05,1318,274742,655,152775,574,114169,89,7798,451,33694,856,124041,540,157735,California
Tulare,2021-05-06,1994,276736,1349,154124,596,114765,49,7847,604,32966,1381,125422,653,158388,California
Tulare,2021-05-07,1858,278594,1264,155388,525,115290,69,7916,524,32232,1325,126747,591,158979,California
Tulare,2021-05-08,1244,279838,817,156205,401,115691,26,7942,533,32089,702,127449,559,159538,California
Tulare,2021-05-09,595,280433,471,156676,103,115794,21,7963,115,31751,475,127924,137,159675,California
Tulare,2021-05-10,1024,281457,590,157266,368,116162,66,8029,307,31411,713,128637,373,160048,California
Tulare,2021-05-11,1321,282778,702,157968,540,116702,79,8108,548,31273,765,129402,627,160675,California
Tulare,2021-05-12,1607,284385,1041,159009,508,117210,58,8166,434,30607,1157,130559,491,161166,California
Tulare,2021-05-13,1586,285971,1019,160028,529,117739,38,8204,723,30509,858,131417,760,161926,California
Tulare,2021-05-14,1979,287950,1286,161314,631,118370,62,8266,898,30400,1069,132486,960,162886,California
Tulare,2021-05-15,1569,289519,884,162198,638,119008,47,8313,663,30205,899,133385,704,163590,California
Tulare,2021-05-16,697,290216,558,162756,127,119135,12,8325,324,30170,371,133756,336,163926,California
Tulare,2021-05-17,1569,291785,984,163740,511,119646,74,8399,745,30174,815,134571,819,164745,California
Tulare,2021-05-18,1584,293369,860,164600,672,120318,52,8451,784,30213,795,135366,834,165579,California
Tulare,2021-05-19,1483,294852,955,165555,494,120812,34,8485,759,30290,716,136082,793,166372,California
Tulare,2021-05-20,1592,296444,1075,166630,430,121242,87,8572,761,30311,827,136909,848,167220,California
Tulare,2021-05-21,1955,298399,1426,168056,487,121729,42,8614,1063,30532,884,137793,1105,168325,California
Tulare,2021-05-22,1616,300015,1150,169206,443,122172,23,8637,609,30166,999,138792,633,168958,California
Tulare,2021-05-23,412,300427,327,169533,75,122247,10,8647,209,30183,202,138994,219,169177,California
Tulare,2021-05-24,939,301366,579,170112,300,122547,60,8707,420,30146,517,139511,480,169657,California
Tulare,2021-05-25,1186,302552,702,170814,452,122999,32,8739,505,30008,675,140186,537,170194,California
Tulare,2021-05-26,884,303436,487,171301,355,123354,42,8781,394,29957,486,140672,435,170629,California
Tulare,2021-05-27,1278,304714,807,172108,440,123794,31,8812,586,29888,688,141360,619,171248,California
Tulare,2021-05-28,1191,305905,660,172768,482,124276,49,8861,625,30002,559,141919,673,171921,California
Tulare,2021-05-29,883,306788,652,173420,211,124487,20,8881,503,30147,378,142297,523,172444,California
Tulare,2021-05-30,284,307072,206,173626,70,124557,8,8889,163,30198,120,142417,171,172615,California
Tulare,2021-05-31,132,307204,52,173678,69,124626,11,8900,55,30188,76,142493,66,172681,California
Tulare,2021-06-01,1059,308263,628,174306,400,125026,31,8931,385,29937,666,143159,415,173096,California
Tulare,2021-06-02,795,309058,466,174772,296,125322,33,8964,354,29892,430,143589,385,173481,California
Tulare,2021-06-03,1140,310198,810,175582,273,125595,57,9021,390,29608,730,144319,446,173927,California
Tulare,2021-06-04,1171,311369,833,176415,306,125901,32,9053,362,29198,804,145123,394,174321,California
Tulare,2021-06-05,886,312255,699,177114,172,126073,15,9068,303,28935,581,145704,318,174639,California
Tulare,2021-06-06,422,312677,357,177471,47,126120,18,9086,140,28812,281,145985,158,174797,California
Tulare,2021-06-07,883,313560,696,178167,152,126272,35,9121,277,28520,603,146588,311,175108,California
Tulare,2021-06-08,1049,314609,776,178943,213,126485,60,9181,351,28238,693,147281,411,175519,California
Tulare,2021-06-09,1087,315696,759,179702,292,126777,36,9217,345,27881,736,148017,379,175898,California
Tulare,2021-06-10,1102,316798,886,180588,180,126957,36,9253,381,27578,719,148736,416,176314,California
Tulare,2021-06-11,1233,318031,884,181472,314,127271,35,9288,380,27150,843,149579,415,176729,California
Tulare,2021-06-12,961,318992,747,182219,203,127474,11,9299,336,26878,619,150198,347,177076,California
Tulare,2021-06-13,316,319308,227,182446,85,127559,4,9303,91,26749,224,150422,95,177171,California
Tulare,2021-06-14,769,320077,566,183012,178,127737,25,9328,295,26600,469,150891,320,177491,California
Tulare,2021-06-15,985,321062,667,183679,288,128025,30,9358,433,26517,546,151437,463,177954,California
Tulare,2021-06-16,857,321919,581,184260,225,128250,51,9409,375,26465,479,151916,427,178381,California
Tulare,2021-06-17,1025,322944,754,185014,241,128491,30,9439,411,26295,611,152527,441,178822,California
Tulare,2021-06-18,988,323932,695,185709,256,128747,37,9476,372,26089,614,153141,408,179230,California
Tulare,2021-06-19,849,324781,678,186387,158,128905,13,9489,388,26033,457,153598,401,179631,California
Tulare,2021-06-20,249,325030,186,186573,55,128960,8,9497,74,25942,174,153772,83,179714,California
Tulare,2021-06-21,521,325551,340,186913,150,129110,31,9528,304,26060,216,153988,334,180048,California
Tulare,2021-06-22,752,326303,516,187429,212,129322,24,9552,345,26029,400,154388,369,180417,California
Tulare,2021-06-23,736,327039,501,187930,209,129531,26,9578,400,26123,332,154720,426,180843,California
Tulare,2021-06-24,845,327884,638,188568,152,129683,55,9633,421,26178,421,155141,476,181319,California
Tulare,2021-06-25,849,328733,552,189120,277,129960,20,9653,441,26236,403,155544,461,181780,California
Tulare,2021-06-26,930,329663,733,189853,172,130132,25,9678,530,26394,397,155941,555,182335,California
Tulare,2021-06-27,246,329909,183,190036,56,130188,7,9685,115,26386,130,156071,122,182457,California
Tulare,2021-06-28,578,330487,436,190472,112,130300,30,9715,291,26422,284,156355,320,182777,California
Tulare,2021-06-29,719,331206,461,190933,216,130516,42,9757,338,26427,375,156730,380,183157,California
Tulare,2021-06-30,688,331894,466,191399,191,130707,31,9788,374,26520,310,157040,403,183560,California
Tulare,2021-07-01,820,332714,617,192016,172,130879,31,9819,384,26505,429,157469,414,183974,California
Tulare,2021-07-02,719,333433,503,192519,199,131078,17,9836,377,26564,336,157805,395,184369,California
Tulare,2021-07-03,454,333887,329,192848,116,131194,9,9845,219,26562,230,158035,228,184597,California
Tulare,2021-07-04,31,333918,20,192868,10,131204,1,9846,17,26566,14,158049,18,184615,California
Tulare,2021-07-05,401,334319,292,193160,97,131301,12,9858,205,26590,193,158242,217,184832,California
Tulare,2021-07-06,755,335074,546,193706,186,131487,23,9881,323,26508,427,158669,345,185177,California
Tulare,2021-07-07,415,335489,286,193992,101,131588,28,9909,193,26512,216,158885,220,185397,California
Tuolumne,2020-12-16,48,48,48,48,0,0,0,0,48,48,0,0,48,48,California
Tuolumne,2020-12-17,18,66,18,66,0,0,0,0,18,66,0,0,18,66,California
Tuolumne,2020-12-18,101,167,100,166,1,1,0,0,101,167,0,0,101,167,California
Tuolumne,2020-12-19,5,172,5,171,0,1,0,0,5,172,0,0,5,172,California
Tuolumne,2020-12-20,2,174,2,173,0,1,0,0,2,174,0,0,2,174,California
Tuolumne,2020-12-21,115,289,101,274,14,15,0,0,115,289,0,0,115,289,California
Tuolumne,2020-12-22,173,462,173,447,0,15,0,0,173,462,0,0,173,462,California
Tuolumne,2020-12-23,185,647,183,630,2,17,0,0,185,647,0,0,185,647,California
Tuolumne,2020-12-25,1,648,1,631,0,17,0,0,1,648,0,0,1,648,California
Tuolumne,2020-12-26,2,650,2,633,0,17,0,0,2,650,0,0,2,650,California
Tuolumne,2020-12-28,75,725,73,706,2,19,0,0,75,725,0,0,75,725,California
Tuolumne,2020-12-29,102,827,38,744,64,83,0,0,102,827,0,0,102,827,California
Tuolumne,2020-12-30,77,904,22,766,55,138,0,0,77,904,0,0,77,904,California
Tuolumne,2020-12-31,28,932,21,787,7,145,0,0,28,932,0,0,28,932,California
Tuolumne,2021-01-01,6,938,5,792,1,146,0,0,6,938,0,0,6,938,California
Tuolumne,2021-01-02,119,1057,116,908,3,149,0,0,119,1057,0,0,119,1057,California
Tuolumne,2021-01-03,2,1059,2,910,0,149,0,0,2,1059,0,0,2,1059,California
Tuolumne,2021-01-04,69,1128,26,936,43,192,0,0,69,1128,0,0,69,1128,California
Tuolumne,2021-01-05,94,1222,28,964,66,258,0,0,91,1217,3,3,92,1220,California
Tuolumne,2021-01-06,132,1354,71,1035,61,319,0,0,68,1221,64,67,68,1288,California
Tuolumne,2021-01-07,121,1475,64,1099,57,376,0,0,65,1230,56,123,65,1353,California
Tuolumne,2021-01-08,107,1582,83,1182,24,400,0,0,27,1180,79,202,29,1382,California
Tuolumne,2021-01-09,2,1584,0,1182,2,402,0,0,2,1182,0,202,2,1384,California
Tuolumne,2021-01-10,3,1587,1,1183,2,404,0,0,3,1185,0,202,3,1387,California
Tuolumne,2021-01-11,117,1704,91,1274,26,430,0,0,35,1138,82,284,35,1422,California
Tuolumne,2021-01-12,103,1807,87,1361,16,446,0,0,18,1071,85,369,18,1440,California
Tuolumne,2021-01-13,231,2038,125,1486,106,552,0,0,182,1205,49,418,183,1623,California
Tuolumne,2021-01-14,148,2186,108,1594,40,592,0,0,43,1144,104,522,43,1666,California
Tuolumne,2021-01-15,474,2660,73,1667,401,993,0,0,411,1493,62,584,411,2077,California
Tuolumne,2021-01-16,7,2667,3,1670,4,997,0,0,6,1498,1,585,6,2083,California
Tuolumne,2021-01-17,8,2675,4,1674,4,1001,0,0,8,1506,0,585,8,2091,California
Tuolumne,2021-01-18,47,2722,38,1712,9,1010,0,0,10,1480,36,621,10,2101,California
Tuolumne,2021-01-19,479,3201,72,1784,407,1417,0,0,435,1871,44,665,435,2536,California
Tuolumne,2021-01-20,76,3277,58,1842,18,1435,0,0,24,1844,51,716,24,2560,California
Tuolumne,2021-01-21,59,3336,25,1867,34,1469,0,0,42,1869,17,733,42,2602,California
Tuolumne,2021-01-22,171,3507,17,1884,154,1623,0,0,163,2024,8,741,163,2765,California
Tuolumne,2021-01-23,651,4158,129,2013,522,2145,0,0,542,2473,109,850,558,3323,California
Tuolumne,2021-01-24,525,4683,2,2015,523,2668,0,0,521,2993,4,854,524,3847,California
Tuolumne,2021-01-25,51,4734,28,2043,23,2691,0,0,25,2993,26,880,26,3873,California
Tuolumne,2021-01-26,81,4815,68,2111,13,2704,0,0,40,2993,41,921,41,3914,California
Tuolumne,2021-01-27,61,4876,4,2115,57,2761,0,0,9,2951,51,972,9,3923,California
Tuolumne,2021-01-28,27,4903,6,2121,21,2782,0,0,18,2960,9,981,18,3941,California
Tuolumne,2021-01-29,74,4977,5,2126,69,2851,0,0,36,2958,38,1019,36,3977,California
Tuolumne,2021-01-30,724,5701,562,2688,162,3013,0,0,699,3651,25,1044,718,4695,California
Tuolumne,2021-01-31,9,5710,2,2690,7,3020,0,0,6,3654,3,1047,6,4701,California
Tuolumne,2021-02-01,27,5737,7,2697,20,3040,0,0,24,3675,3,1050,24,4725,California
Tuolumne,2021-02-02,656,6393,49,2746,607,3647,0,0,642,4307,11,1061,643,5368,California
Tuolumne,2021-02-03,247,6640,112,2858,135,3782,0,0,93,4246,154,1215,93,5461,California
Tuolumne,2021-02-04,127,6767,14,2872,113,3895,0,0,64,4247,63,1278,64,5525,California
Tuolumne,2021-02-05,104,6871,14,2886,90,3985,0,0,39,4222,64,1342,39,5564,California
Tuolumne,2021-02-06,872,7743,593,3479,279,4264,0,0,862,5080,10,1352,868,6432,California
Tuolumne,2021-02-07,8,7751,4,3483,4,4268,0,0,4,5080,4,1356,4,6436,California
Tuolumne,2021-02-08,95,7846,43,3526,52,4320,0,0,70,5125,25,1381,70,6506,California
Tuolumne,2021-02-09,864,8710,51,3577,813,5133,0,0,822,5905,42,1423,822,7328,California
Tuolumne,2021-02-10,97,8807,18,3595,79,5212,0,0,34,5878,61,1484,34,7362,California
Tuolumne,2021-02-11,148,8955,68,3663,80,5292,0,0,82,5894,66,1550,82,7444,California
Tuolumne,2021-02-12,652,9607,22,3685,630,5922,0,0,212,5667,439,1989,212,7656,California
Tuolumne,2021-02-13,158,9765,44,3729,114,6036,0,0,124,5757,34,2023,124,7780,California
Tuolumne,2021-02-14,152,9917,14,3743,138,6174,0,0,151,5907,1,2024,151,7931,California
Tuolumne,2021-02-15,190,10107,11,3754,179,6353,0,0,181,6079,9,2033,181,8112,California
Tuolumne,2021-02-16,533,10640,18,3772,515,6868,0,0,124,5800,405,2438,126,8238,California
Tuolumne,2021-02-17,113,10753,65,3837,48,6916,0,0,63,5814,49,2487,63,8301,California
Tuolumne,2021-02-18,689,11442,30,3867,659,7575,0,0,637,6400,52,2539,638,8939,California
Tuolumne,2021-02-19,147,11589,25,3892,122,7697,0,0,46,6345,101,2640,46,8985,California
Tuolumne,2021-02-20,915,12504,344,4236,571,8268,0,0,387,6226,510,3150,391,9376,California
Tuolumne,2021-02-21,991,13495,43,4279,948,9216,0,0,476,6197,511,3661,482,9858,California
Tuolumne,2021-02-22,82,13577,60,4339,22,9238,0,0,47,6211,33,3694,47,9905,California
Tuolumne,2021-02-23,49,13626,25,4364,24,9262,0,0,25,6213,23,3717,25,9930,California
Tuolumne,2021-02-24,104,13730,57,4421,47,9309,0,0,40,6191,63,3780,41,9971,California
Tuolumne,2021-02-25,1059,14789,36,4457,1023,10332,0,0,1024,7181,35,3815,1025,10996,California
Tuolumne,2021-02-26,154,14943,12,4469,142,10474,0,0,124,7276,30,3845,125,11121,California
Tuolumne,2021-02-27,965,15908,585,5054,380,10854,0,0,248,6832,697,4542,253,11374,California
Tuolumne,2021-02-28,56,15964,4,5058,52,10906,0,0,52,6881,3,4545,52,11426,California
Tuolumne,2021-03-01,121,16085,23,5081,97,11003,1,1,79,6921,41,4586,81,11507,California
Tuolumne,2021-03-02,715,16800,79,5160,636,11639,0,1,109,6425,605,5191,109,11616,California
Tuolumne,2021-03-03,98,16898,22,5182,76,11715,0,1,66,6460,31,5222,66,11682,California
Tuolumne,2021-03-04,1175,18073,77,5259,1098,12813,0,1,1107,7501,66,5288,1107,12789,California
Tuolumne,2021-03-05,93,18166,10,5269,83,12896,0,1,52,7514,40,5328,53,12842,California
Tuolumne,2021-03-06,1068,19234,610,5879,456,13352,2,3,200,6861,860,6188,207,13049,California
Tuolumne,2021-03-07,43,19277,13,5892,15,13367,15,18,19,6871,24,6212,34,13083,California
Tuolumne,2021-03-08,201,19478,91,5983,103,13470,7,25,142,6961,59,6271,149,13232,California
Tuolumne,2021-03-09,875,20353,19,6002,845,14315,11,36,66,6236,802,7073,77,13309,California
Tuolumne,2021-03-10,102,20455,20,6022,71,14386,11,47,54,6253,48,7121,65,13374,California
Tuolumne,2021-03-11,1308,21763,45,6067,1258,15644,5,52,1256,7464,52,7173,1263,14637,California
Tuolumne,2021-03-12,318,22081,44,6111,259,15903,15,67,191,7548,125,7298,209,14846,California
Tuolumne,2021-03-13,121,22202,12,6123,109,16012,0,67,84,7597,36,7334,85,14931,California
Tuolumne,2021-03-14,149,22351,10,6133,130,16142,9,76,7,7476,142,7476,21,14952,California
Tuolumne,2021-03-15,305,22656,83,6216,219,16361,3,79,104,7391,200,7676,115,15067,California
Tuolumne,2021-03-16,812,23468,41,6257,760,17121,11,90,672,7937,139,7815,685,15752,California
Tuolumne,2021-03-17,156,23624,33,6290,110,17231,13,103,79,7953,76,7891,92,15844,California
Tuolumne,2021-03-18,953,24577,27,6317,912,18143,14,117,316,7651,632,8523,330,16174,California
Tuolumne,2021-03-19,138,24715,19,6336,89,18232,30,147,75,7694,62,8585,105,16279,California
Tuolumne,2021-03-20,92,24807,8,6344,74,18306,10,157,36,7684,55,8640,45,16324,California
Tuolumne,2021-03-21,842,25649,394,6738,438,18744,10,167,37,6944,789,9429,49,16373,California
Tuolumne,2021-03-22,167,25816,75,6813,73,18817,19,186,97,6991,69,9498,116,16489,California
Tuolumne,2021-03-23,717,26533,641,7454,62,18879,14,200,678,7644,38,9536,691,17180,California
Tuolumne,2021-03-24,113,26646,22,7476,73,18952,18,218,78,7707,33,9569,96,17276,California
Tuolumne,2021-03-25,1303,27949,24,7500,1276,20228,3,221,325,7062,973,10542,328,17604,California
Tuolumne,2021-03-26,283,28232,19,7519,240,20468,24,245,121,7058,150,10692,146,17750,California
Tuolumne,2021-03-27,589,28821,55,7574,534,21002,0,245,318,7113,266,10958,321,18071,California
Tuolumne,2021-03-28,47,28868,6,7580,41,21043,0,245,8,7084,38,10996,9,18080,California
Tuolumne,2021-03-29,210,29078,87,7667,123,21166,0,245,111,7099,96,11092,111,18191,California
Tuolumne,2021-03-30,170,29248,13,7680,156,21322,1,246,124,7179,45,11137,125,18316,California
Tuolumne,2021-03-31,97,29345,14,7694,81,21403,2,248,40,7166,55,11192,42,18358,California
Tuolumne,2021-04-01,1254,30599,30,7724,1224,22627,0,248,229,6373,1022,12214,229,18587,California
Tuolumne,2021-04-02,171,30770,12,7736,133,22760,26,274,93,6417,75,12289,119,18706,California
Tuolumne,2021-04-03,436,31206,36,7772,398,23158,2,276,245,6475,188,12477,246,18952,California
Tuolumne,2021-04-04,35,31241,4,7776,31,23189,0,276,21,6484,12,12489,21,18973,California
Tuolumne,2021-04-05,131,31372,19,7795,105,23294,7,283,57,6474,74,12563,64,19037,California
Tuolumne,2021-04-06,655,32027,518,8313,110,23404,27,310,517,6883,137,12700,546,19583,California
Tuolumne,2021-04-07,130,32157,38,8351,75,23479,17,327,50,6870,80,12780,67,19650,California
Tuolumne,2021-04-08,1454,33611,36,8387,1403,24882,15,342,251,5938,1198,13978,266,19916,California
Tuolumne,2021-04-09,279,33890,44,8431,190,25072,45,387,133,5973,146,14124,181,20097,California
Tuolumne,2021-04-10,57,33947,2,8433,35,25107,20,407,23,5983,33,14157,43,20140,California
Tuolumne,2021-04-11,17,33964,2,8435,12,25119,3,410,12,5993,5,14162,15,20155,California
Tuolumne,2021-04-12,170,34134,66,8501,99,25218,5,415,89,6011,76,14238,94,20249,California
Tuolumne,2021-04-13,790,34924,35,8536,755,25973,0,415,171,5571,611,14849,171,20420,California
Tuolumne,2021-04-14,159,35083,32,8568,127,26100,0,415,79,5575,76,14925,80,20500,California
Tuolumne,2021-04-15,346,35429,22,8590,324,26424,0,415,61,5358,278,15203,61,20561,California
Tuolumne,2021-04-16,261,35690,56,8646,205,26629,0,415,143,5394,108,15311,144,20705,California
Tuolumne,2021-04-17,44,35734,6,8652,38,26667,0,415,28,5406,16,15327,28,20733,California
Tuolumne,2021-04-18,10,35744,3,8655,7,26674,0,415,5,5407,5,15332,6,20739,California
Tuolumne,2021-04-19,177,35921,79,8734,98,26772,0,415,97,5426,78,15410,97,20836,California
Tuolumne,2021-04-20,714,36635,618,9352,96,26868,0,415,75,4870,631,16041,75,20911,California
Tuolumne,2021-04-21,124,36759,30,9382,94,26962,0,415,66,4884,52,16093,66,20977,California
Tuolumne,2021-04-22,712,37471,46,9428,666,27628,0,415,429,5041,273,16366,430,21407,California
Tuolumne,2021-04-23,179,37650,31,9459,148,27776,0,415,82,5033,91,16457,83,21490,California
Tuolumne,2021-04-24,79,37729,18,9477,61,27837,0,415,50,5054,29,16486,50,21540,California
Tuolumne,2021-04-25,27,37756,10,9487,17,27854,0,415,24,5075,3,16489,24,21564,California
Tuolumne,2021-04-26,160,37916,56,9543,104,27958,0,415,75,5068,83,16572,76,21640,California
Tuolumne,2021-04-27,143,38059,23,9566,113,28071,7,422,65,5065,75,16647,72,21712,California
Tuolumne,2021-04-28,120,38179,24,9590,84,28155,12,434,63,5084,56,16703,75,21787,California
Tuolumne,2021-04-29,285,38464,21,9611,256,28411,8,442,57,4925,224,16927,65,21852,California
Tuolumne,2021-04-30,373,38837,26,9637,335,28746,12,454,73,4714,296,17223,85,21937,California
Tuolumne,2021-05-01,25,38862,7,9644,13,28759,5,459,16,4726,9,17232,21,21958,California
Tuolumne,2021-05-02,26,38888,3,9647,21,28780,2,461,19,4740,7,17239,21,21979,California
Tuolumne,2021-05-03,112,39000,15,9662,92,28872,5,466,38,4711,72,17311,43,22022,California
Tuolumne,2021-05-04,710,39710,601,10263,104,28976,5,471,215,4437,493,17804,219,22241,California
Tuolumne,2021-05-05,110,39820,26,10289,78,29054,6,477,58,4453,48,17852,64,22305,California
Tuolumne,2021-05-06,292,40112,15,10304,261,29315,16,493,43,4267,244,18096,58,22363,California
Tuolumne,2021-05-07,329,40441,25,10329,296,29611,8,501,63,4073,265,18361,71,22434,California
Tuolumne,2021-05-08,50,40491,6,10335,40,29651,4,505,32,4091,18,18379,36,22470,California
Tuolumne,2021-05-09,17,40508,2,10337,13,29664,2,507,3,4082,14,18393,5,22475,California
Tuolumne,2021-05-10,114,40622,45,10382,64,29728,5,512,32,4038,81,18474,37,22512,California
Tuolumne,2021-05-11,205,40827,62,10444,131,29859,12,524,56,3959,147,18621,68,22580,California
Tuolumne,2021-05-12,135,40962,24,10468,107,29966,4,528,51,3930,84,18705,55,22635,California
Tuolumne,2021-05-13,117,41079,19,10487,90,30056,8,536,73,3966,44,18749,80,22715,California
Tuolumne,2021-05-14,207,41286,75,10562,121,30177,11,547,107,3986,98,18847,118,22833,California
Tuolumne,2021-05-15,59,41345,16,10578,36,30213,7,554,20,3975,39,18886,28,22861,California
Tuolumne,2021-05-16,28,41373,8,10586,18,30231,2,556,13,3976,14,18900,15,22876,California
Tuolumne,2021-05-17,110,41483,30,10616,77,30308,3,559,47,3964,63,18963,51,22927,California
Tuolumne,2021-05-18,181,41664,57,10673,77,30385,47,606,60,3951,120,19083,107,23034,California
Tuolumne,2021-05-19,118,41782,20,10693,65,30450,33,639,46,3958,72,19155,79,23113,California
Tuolumne,2021-05-20,411,42193,21,10714,383,30833,7,646,52,3660,357,19512,59,23172,California
Tuolumne,2021-05-21,203,42396,94,10808,103,30936,6,652,118,3701,83,19595,124,23296,California
Tuolumne,2021-05-22,57,42453,18,10826,33,30969,6,658,24,3698,32,19627,29,23325,California
Tuolumne,2021-05-23,27,42480,7,10833,19,30988,1,659,10,3692,17,19644,11,23336,California
Tuolumne,2021-05-24,138,42618,43,10876,89,31077,6,665,53,3667,84,19728,59,23395,California
Tuolumne,2021-05-25,297,42915,222,11098,69,31146,6,671,111,3600,184,19912,117,23512,California
Tuolumne,2021-05-26,87,43002,23,11121,63,31209,1,672,37,3588,50,19962,38,23550,California
Tuolumne,2021-05-27,76,43078,15,11136,59,31268,2,674,31,3577,44,20006,33,23583,California
Tuolumne,2021-05-28,111,43189,51,11187,59,31327,1,675,64,3598,44,20050,65,23648,California
Tuolumne,2021-05-29,38,43227,7,11194,25,31352,6,681,17,3600,21,20071,23,23671,California
Tuolumne,2021-05-30,18,43245,1,11195,14,31366,3,684,4,3593,14,20085,7,23678,California
Tuolumne,2021-05-31,9,43254,1,11196,7,31373,1,685,1,3587,8,20093,2,23680,California
Tuolumne,2021-06-01,79,43333,22,11218,53,31426,4,689,25,3563,53,20146,29,23709,California
Tuolumne,2021-06-02,74,43407,8,11226,58,31484,8,697,23,3544,50,20196,31,23740,California
Tuolumne,2021-06-03,75,43482,25,11251,35,31519,15,712,23,3532,50,20246,38,23778,California
Tuolumne,2021-06-04,133,43615,61,11312,69,31588,3,715,38,3481,92,20338,41,23819,California
Tuolumne,2021-06-05,43,43658,11,11323,30,31618,2,717,17,3474,26,20364,19,23838,California
Tuolumne,2021-06-06,19,43677,5,11328,7,31625,7,724,4,3470,15,20379,11,23849,California
Tuolumne,2021-06-07,60,43737,14,11342,38,31663,8,732,27,3472,33,20412,35,23884,California
Tuolumne,2021-06-08,74,43811,22,11364,51,31714,1,733,27,3455,45,20457,28,23912,California
Tuolumne,2021-06-09,87,43898,45,11409,32,31746,10,743,40,3459,46,20503,50,23962,California
Tuolumne,2021-06-10,98,43996,15,11424,76,31822,7,750,27,3422,71,20574,34,23996,California
Tuolumne,2021-06-11,103,44099,48,11472,52,31874,3,753,25,3374,76,20650,28,24024,California
Tuolumne,2021-06-12,61,44160,20,11492,25,31899,16,769,18,3367,41,20691,34,24058,California
Tuolumne,2021-06-13,17,44177,2,11494,11,31910,4,773,4,3362,13,20704,8,24066,California
Tuolumne,2021-06-14,100,44277,33,11527,63,31973,4,777,52,3370,48,20752,56,24122,California
Tuolumne,2021-06-15,130,44407,82,11609,39,32012,9,786,21,3293,107,20859,30,24152,California
Tuolumne,2021-06-16,95,44502,46,11655,46,32058,3,789,53,3308,41,20900,56,24208,California
Tuolumne,2021-06-17,45,44547,10,11665,34,32092,1,790,17,3298,28,20928,18,24226,California
Tuolumne,2021-06-18,172,44719,95,11760,63,32155,14,804,61,3262,110,21038,74,24300,California
Tuolumne,2021-06-19,25,44744,9,11769,13,32168,3,807,10,3260,15,21053,13,24313,California
Tuolumne,2021-06-20,13,44757,2,11771,11,32179,0,807,10,3267,3,21056,10,24323,California
Tuolumne,2021-06-21,39,44796,3,11774,35,32214,1,808,20,3269,19,21075,21,24344,California
Tuolumne,2021-06-22,45,44841,11,11785,34,32248,0,808,22,3269,22,21097,22,24366,California
Tuolumne,2021-06-23,62,44903,5,11790,37,32285,20,828,26,3279,36,21133,46,24412,California
Tuolumne,2021-06-24,46,44949,14,11804,26,32311,6,834,17,3274,29,21162,24,24436,California
Tuolumne,2021-06-25,52,45001,28,11832,19,32330,5,839,27,3280,25,21187,31,24467,California
Tuolumne,2021-06-26,12,45013,5,11837,7,32337,0,839,7,3282,5,21192,7,24474,California
Tuolumne,2021-06-27,7,45020,2,11839,5,32342,0,839,7,3289,0,21192,7,24481,California
Tuolumne,2021-06-28,31,45051,11,11850,15,32357,5,844,21,3305,10,21202,26,24507,California
Tuolumne,2021-06-29,28,45079,10,11860,16,32373,2,846,15,3310,12,21214,17,24524,California
Tuolumne,2021-06-30,69,45148,32,11892,36,32409,1,847,18,3279,50,21264,19,24543,California
Tuolumne,2021-07-01,31,45179,10,11902,14,32423,7,854,18,3291,13,21277,25,24568,California
Tuolumne,2021-07-02,54,45233,22,11924,26,32449,6,860,38,3319,16,21293,44,24612,California
Tuolumne,2021-07-03,8,45241,4,11928,4,32453,0,860,5,3321,3,21296,5,24617,California
Tuolumne,2021-07-05,14,45255,1,11929,13,32466,0,860,7,3321,7,21303,7,24624,California
Tuolumne,2021-07-06,48,45303,11,11940,34,32500,3,863,17,3311,30,21333,20,24644,California
Tuolumne,2021-07-07,53,45356,28,11968,21,32521,4,867,25,3313,27,21360,29,24673,California
Ventura,2020-12-15,5,5,5,5,0,0,0,0,5,5,0,0,5,5,California
Ventura,2020-12-16,75,80,75,80,0,0,0,0,75,80,0,0,75,80,California
Ventura,2020-12-17,315,395,315,395,0,0,0,0,315,395,0,0,315,395,California
Ventura,2020-12-18,1599,1994,1599,1994,0,0,0,0,1599,1994,0,0,1599,1994,California
Ventura,2020-12-19,987,2981,986,2980,1,1,0,0,987,2981,0,0,987,2981,California
Ventura,2020-12-20,458,3439,458,3438,0,1,0,0,458,3439,0,0,458,3439,California
Ventura,2020-12-21,1513,4952,1513,4951,0,1,0,0,1513,4952,0,0,1513,4952,California
Ventura,2020-12-22,1160,6112,1154,6105,6,7,0,0,1160,6112,0,0,1160,6112,California
Ventura,2020-12-23,1088,7200,1038,7143,50,57,0,0,1088,7200,0,0,1088,7200,California
Ventura,2020-12-24,478,7678,378,7521,100,157,0,0,478,7678,0,0,478,7678,California
Ventura,2020-12-25,12,7690,7,7528,5,162,0,0,12,7690,0,0,12,7690,California
Ventura,2020-12-26,113,7803,92,7620,21,183,0,0,113,7803,0,0,113,7803,California
Ventura,2020-12-27,59,7862,27,7647,32,215,0,0,59,7862,0,0,59,7862,California
Ventura,2020-12-28,1093,8955,950,8597,143,358,0,0,1093,8955,0,0,1093,8955,California
Ventura,2020-12-29,1189,10144,779,9376,410,768,0,0,1189,10144,0,0,1189,10144,California
Ventura,2020-12-30,1999,12143,1532,10908,467,1235,0,0,1999,12143,0,0,1999,12143,California
Ventura,2020-12-31,487,12630,166,11074,321,1556,0,0,482,12620,5,5,482,12625,California
Ventura,2021-01-01,41,12671,19,11093,22,1578,0,0,41,12661,0,5,41,12666,California
Ventura,2021-01-02,175,12846,81,11174,94,1672,0,0,175,12836,0,5,175,12841,California
Ventura,2021-01-03,19,12865,8,11182,11,1683,0,0,19,12855,0,5,19,12860,California
Ventura,2021-01-04,1034,13899,493,11675,541,2224,0,0,1032,13887,0,5,1032,13892,California
Ventura,2021-01-05,1382,15281,784,12459,598,2822,0,0,1270,15048,109,114,1270,15162,California
Ventura,2021-01-06,2071,17352,1188,13647,883,3705,0,0,1570,16128,492,606,1572,16734,California
Ventura,2021-01-07,2085,19437,1333,14980,752,4457,0,0,1041,16131,1039,1645,1042,17776,California
Ventura,2021-01-08,2203,21640,1477,16457,726,5183,0,0,907,15746,1294,2939,909,18685,California
Ventura,2021-01-09,724,22364,503,16960,221,5404,0,0,318,15658,406,3345,318,19003,California
Ventura,2021-01-10,344,22708,327,17287,17,5421,0,0,130,15574,214,3559,130,19133,California
Ventura,2021-01-11,2463,25171,1494,18781,969,6390,0,0,1512,16139,951,4510,1516,20649,California
Ventura,2021-01-12,3057,28228,1619,20400,1438,7828,0,0,1937,16956,1120,5630,1937,22586,California
Ventura,2021-01-13,2949,31177,1435,21835,1514,9342,0,0,2039,18089,907,6537,2040,24626,California
Ventura,2021-01-14,2795,33972,1106,22941,1689,11031,0,0,2332,19960,462,6999,2333,26959,California
Ventura,2021-01-15,2902,36874,969,23910,1933,12964,0,0,2687,22433,215,7214,2688,29647,California
Ventura,2021-01-16,489,37363,188,24098,301,13265,0,0,409,22762,80,7294,409,30056,California
Ventura,2021-01-17,270,37633,140,24238,130,13395,0,0,263,23019,6,7300,263,30319,California
Ventura,2021-01-18,2224,39857,1668,25906,556,13951,0,0,1673,24143,550,7850,1674,31993,California
Ventura,2021-01-19,3068,42925,2135,28041,933,14884,0,0,2151,25380,917,8767,2154,34147,California
Ventura,2021-01-20,4182,47107,3214,31255,968,15852,0,0,3085,27373,1093,9860,3086,37233,California
Ventura,2021-01-21,3892,50999,2710,33965,1182,17034,0,0,3205,29901,679,10539,3207,40440,California
Ventura,2021-01-22,3648,54647,2511,36476,1137,18171,0,0,3480,33213,168,10707,3480,43920,California
Ventura,2021-01-23,1193,55840,652,37128,541,18712,0,0,1092,34207,100,10807,1094,45014,California
Ventura,2021-01-24,458,56298,136,37264,322,19034,0,0,445,34639,13,10820,445,45459,California
Ventura,2021-01-25,3179,59477,2040,39304,1139,20173,0,0,2618,36698,560,11380,2619,48078,California
Ventura,2021-01-26,3741,63218,2214,41518,1527,21700,0,0,2730,38422,1007,12387,2731,50809,California
Ventura,2021-01-27,3503,66721,1568,43086,1935,23635,0,0,2749,40423,750,13137,2751,53560,California
Ventura,2021-01-28,3908,70629,2007,45093,1901,25536,0,0,3282,43098,610,13747,3285,56845,California
Ventura,2021-01-29,4303,74932,2537,47630,1766,27302,0,0,3791,46391,498,14245,3791,60636,California
Ventura,2021-01-30,3050,77982,1956,49586,1094,28396,0,0,2876,49099,169,14414,2877,63513,California
Ventura,2021-01-31,837,78819,445,50031,392,28788,0,0,747,49757,89,14503,747,64260,California
Ventura,2021-02-01,3987,82806,2114,52145,1873,30661,0,0,3201,52181,779,15282,3203,67463,California
Ventura,2021-02-02,4459,87265,2384,54529,2075,32736,0,0,3417,54567,1034,16316,3420,70883,California
Ventura,2021-02-03,4482,91747,2091,56620,2391,35127,0,0,3449,56990,1028,17344,3451,74334,California
Ventura,2021-02-04,4827,96574,2306,58926,2521,37648,0,0,3539,59253,1280,18624,3543,77877,California
Ventura,2021-02-05,4921,101495,2387,61313,2534,40182,0,0,3372,61093,1535,20159,3375,81252,California
Ventura,2021-02-06,2864,104359,1522,62835,1342,41524,0,0,2457,63143,407,20566,2457,83709,California
Ventura,2021-02-07,747,105106,248,63083,499,42023,0,0,621,63639,126,20692,622,84331,California
Ventura,2021-02-08,3537,108643,1636,64719,1901,43924,0,0,2441,64993,1088,21780,2442,86773,California
Ventura,2021-02-09,4763,113406,1979,66698,2784,46708,0,0,2488,65213,2272,24052,2492,89265,California
Ventura,2021-02-10,4775,118181,2258,68956,2517,49225,0,0,2398,65249,2363,26415,2399,91664,California
Ventura,2021-02-11,4727,122908,1882,70838,2845,52070,0,0,2477,65488,2241,28656,2480,94144,California
Ventura,2021-02-12,6407,129315,2699,73537,3708,55778,0,0,3270,65628,3130,31786,3270,97414,California
Ventura,2021-02-13,3332,132647,1846,75383,1486,57264,0,0,1856,66014,1472,33258,1858,99272,California
Ventura,2021-02-14,1234,133881,125,75508,1109,58373,0,0,1014,66811,219,33477,1016,100288,California
Ventura,2021-02-15,4046,137927,1832,77340,2214,60587,0,0,2132,67036,1909,35386,2134,102422,California
Ventura,2021-02-16,5610,143537,2745,80085,2865,63452,0,0,3038,67513,2562,37948,3039,105461,California
Ventura,2021-02-17,5361,148898,1942,82027,3419,66871,0,0,3360,68882,1991,39939,3360,108821,California
Ventura,2021-02-18,5831,154729,1851,83878,3980,70851,0,0,3657,70381,2158,42097,3657,112478,California
Ventura,2021-02-19,6574,161303,3839,87717,2735,73586,0,0,3039,69898,3528,45625,3045,115523,California
Ventura,2021-02-20,5012,166315,3230,90947,1782,75368,0,0,2789,70484,2207,47832,2793,118316,California
Ventura,2021-02-21,1150,167465,846,91793,304,75672,0,0,472,70284,672,48504,472,118788,California
Ventura,2021-02-22,5722,173187,2546,94339,3176,78848,0,0,3645,71874,2057,50561,3647,122435,California
Ventura,2021-02-23,6226,179413,3090,97429,3136,81984,0,0,3560,72795,2643,53204,3564,125999,California
Ventura,2021-02-24,7273,186686,2662,100091,4611,86595,0,0,4364,74274,2887,56091,4366,130365,California
Ventura,2021-02-25,7702,194388,2607,102698,5095,91690,0,0,4619,75832,3066,59157,4624,134989,California
Ventura,2021-02-26,9531,203919,2797,105495,6734,98424,0,0,6189,78711,3314,62471,6193,141182,California
Ventura,2021-02-27,10661,214580,5303,110798,5358,103782,0,0,7976,84032,2665,65136,7986,149168,California
Ventura,2021-02-28,2583,217163,1649,112447,933,104715,1,1,2099,85657,476,65612,2101,151269,California
Ventura,2021-03-01,7193,224356,2862,115309,4328,109043,3,4,4777,88056,2394,68006,4793,156062,California
Ventura,2021-03-02,7756,232112,4050,119359,3704,112747,2,6,5431,91175,2313,70319,5432,161494,California
Ventura,2021-03-03,8720,240832,3934,123293,4783,117530,3,9,6137,94758,2561,72880,6144,167638,California
Ventura,2021-03-04,8327,249159,3893,127186,4434,121964,0,9,5611,97674,2700,75580,5616,173254,California
Ventura,2021-03-05,10114,259273,4818,132004,5284,127248,12,21,7189,101980,2908,78488,7214,180468,California
Ventura,2021-03-06,7802,267075,4404,136408,3243,130491,155,176,5811,105967,1983,80471,5970,186438,California
Ventura,2021-03-07,1720,268795,619,137027,953,131444,148,324,1252,106902,468,80939,1403,187841,California
Ventura,2021-03-08,6873,275668,3448,140475,3263,134707,162,486,4744,109693,2118,83057,4909,192750,California
Ventura,2021-03-09,6901,282569,3037,143512,3662,138369,202,688,3992,111001,2892,85949,4200,196950,California
Ventura,2021-03-10,7056,289625,3021,146533,3794,142163,241,929,4698,113597,2343,88292,4939,201889,California
Ventura,2021-03-11,6579,296204,2906,149439,3355,145518,318,1247,3580,114515,2979,91271,3897,205786,California
Ventura,2021-03-12,8765,304969,3061,152500,4856,150374,848,2095,4277,115167,4463,95734,5115,210901,California
Ventura,2021-03-13,7317,312286,2518,155018,3953,154327,846,2941,4337,117382,2966,98700,5181,216082,California
Ventura,2021-03-14,2147,314433,487,155505,1164,155491,496,3437,728,117190,1416,100116,1224,217306,California
Ventura,2021-03-15,7134,321567,2056,157561,3729,159220,1349,4786,3137,117706,3965,104081,4481,221787,California
Ventura,2021-03-16,8194,329761,2468,160029,4610,163830,1116,5902,4204,119050,3973,108054,5317,227104,California
Ventura,2021-03-17,7765,337526,2814,162843,4602,168432,349,6251,4710,121078,3032,111086,5060,232164,California
Ventura,2021-03-18,7616,345142,3314,166157,4149,172581,153,6404,5003,123635,2599,113685,5156,237320,California
Ventura,2021-03-19,8723,353865,3835,169992,4773,177354,115,6519,5281,125617,3411,117096,5393,242713,California
Ventura,2021-03-20,8935,362800,5957,175949,2955,180309,23,6542,4646,126025,4262,121358,4670,247383,California
Ventura,2021-03-21,2814,365614,1534,177483,908,181217,372,6914,1317,126227,1483,122841,1685,249068,California
Ventura,2021-03-22,7472,373086,3740,181223,3629,184846,103,7017,4906,128697,2541,125382,5011,254079,California
Ventura,2021-03-23,8291,381377,3945,185168,4274,189120,72,7089,4619,129755,3632,129014,4690,258769,California
Ventura,2021-03-24,8973,390350,3441,188609,5454,194574,78,7167,4419,129745,4511,133525,4501,263270,California
Ventura,2021-03-25,8873,399223,3934,192543,4835,199409,104,7271,4469,129939,4378,137903,4572,267842,California
Ventura,2021-03-26,10005,409228,3389,195932,5962,205371,654,7925,4007,128639,5959,143862,4659,272501,California
Ventura,2021-03-27,8807,418035,3952,199884,4812,210183,43,7968,2434,124785,6333,150195,2479,274980,California
Ventura,2021-03-28,2550,420585,1429,201313,1112,211295,9,7977,1374,124998,1170,151365,1383,276363,California
Ventura,2021-03-29,8672,429257,4331,205644,4294,215589,47,8024,4276,124958,4363,155728,4323,280686,California
Ventura,2021-03-30,9057,438314,4489,210133,4437,220026,131,8155,4402,124856,4635,160363,4533,285219,California
Ventura,2021-03-31,10882,449196,4887,215020,5366,225392,629,8784,4693,124020,6154,166517,5318,290537,California
Ventura,2021-04-01,10963,460159,5315,220335,4758,230150,890,9674,5529,125050,5383,171900,6413,296950,California
Ventura,2021-04-02,11889,472048,4674,225009,5866,236016,1349,11023,5695,125942,6154,178054,7046,303996,California
Ventura,2021-04-03,8167,480215,4046,229055,2943,238959,1178,12201,3446,125854,4703,182757,4615,308611,California
Ventura,2021-04-04,1729,481944,966,230021,628,239587,135,12336,1153,126574,568,183325,1288,309899,California
Ventura,2021-04-05,9499,491443,4891,234912,3486,243073,1122,13458,4843,127897,4639,187964,5962,315861,California
Ventura,2021-04-06,11033,502476,5587,240499,3945,247018,1501,14959,5664,129723,5339,193303,7165,323026,California
Ventura,2021-04-07,11523,513999,5416,245915,4593,251611,1514,16473,5260,130250,6241,199544,6768,329794,California
Ventura,2021-04-08,10513,524512,5310,251225,4219,255830,984,17457,5253,131242,5232,204776,6224,336018,California
Ventura,2021-04-09,11412,535924,4409,255634,5273,261103,1730,19187,4995,131569,6388,211164,6715,342733,California
Ventura,2021-04-10,9878,545802,4176,259810,3534,264637,2168,21355,3068,130010,6790,217954,5231,347964,California
Ventura,2021-04-11,2462,548264,863,260673,1021,265658,578,21933,693,129522,1757,219711,1269,349233,California
Ventura,2021-04-12,9124,557388,4544,265217,3745,269403,835,22768,3818,128884,5285,224996,4647,353880,California
Ventura,2021-04-13,8957,566345,4566,269783,4385,273788,6,22774,3782,127538,5134,230130,3788,357668,California
Ventura,2021-04-14,8910,575255,4146,273929,4749,278537,15,22789,3407,125506,5459,235589,3427,361095,California
Ventura,2021-04-15,9542,584797,4610,278539,4905,283442,27,22816,4102,124237,5399,240988,4130,365225,California
Ventura,2021-04-16,10371,595168,4581,283120,5788,289230,2,22818,4871,123644,5471,246459,4878,370103,California
Ventura,2021-04-17,9086,604254,5429,288549,3643,292873,14,22832,5283,125154,3786,250245,5296,375399,California
Ventura,2021-04-18,2236,606490,1102,289651,1134,294007,0,22832,968,124863,1260,251505,969,376368,California
Ventura,2021-04-19,8186,614676,4889,294540,3294,297301,3,22835,4697,126102,3462,254967,4701,381069,California
Ventura,2021-04-20,9604,624280,5108,299648,4491,301792,5,22840,4523,125579,5051,260018,4528,385597,California
Ventura,2021-04-21,9251,633531,4819,304467,4426,306218,6,22846,4423,125204,4803,264821,4428,390025,California
Ventura,2021-04-22,10208,643739,5589,310056,4618,310836,1,22847,4532,124088,5651,270472,4535,394560,California
Ventura,2021-04-23,11051,654790,5518,315574,5532,316368,1,22848,5490,124049,5531,276003,5492,400052,California
Ventura,2021-04-24,10589,665379,5918,321492,4671,321039,0,22848,6218,125918,4350,280353,6219,406271,California
Ventura,2021-04-25,2493,667872,1722,323214,771,321810,0,22848,1156,125741,1333,281686,1156,407427,California
Ventura,2021-04-26,8043,675915,4623,327837,3353,325163,67,22915,3345,124481,4667,286353,3407,410834,California
Ventura,2021-04-27,9229,685144,5154,332991,3846,329009,229,23144,3475,122452,5732,292085,3703,414537,California
Ventura,2021-04-28,8452,693596,4898,337889,3233,332242,321,23465,3314,120983,5106,297191,3637,418174,California
Ventura,2021-04-29,7970,701566,4299,342188,3407,335649,264,23729,2833,118972,5107,302298,3096,421270,California
Ventura,2021-04-30,9548,711114,5519,347707,3753,339402,276,24005,3936,117598,5577,307875,4203,425473,California
Ventura,2021-05-01,5163,716277,3645,351352,1410,340812,108,24113,2038,116646,3094,310969,2142,427615,California
Ventura,2021-05-02,2141,718418,1432,352784,618,341430,91,24204,1038,116680,1096,312065,1130,428745,California
Ventura,2021-05-03,6342,724760,3895,356679,2159,343589,288,24492,1981,114610,4339,316404,2269,431014,California
Ventura,2021-05-04,6455,731215,3375,360054,2781,346370,299,24791,2325,113119,4116,320520,2625,433639,California
Ventura,2021-05-05,5477,736692,3066,363120,2149,348519,262,25053,1956,111840,3489,324009,2210,435849,California
Ventura,2021-05-06,6244,742936,3221,366341,2754,351273,269,25322,1995,109878,4227,328236,2265,438114,California
Ventura,2021-05-07,6922,749858,3468,369809,3179,354452,275,25597,2356,107972,4536,332772,2630,440744,California
Ventura,2021-05-08,5421,755279,4217,374026,1046,355498,158,25755,1222,105167,4183,336955,1378,442122,California
Ventura,2021-05-09,1129,756408,820,374846,262,355760,47,25802,427,104946,694,337649,473,442595,California
Ventura,2021-05-10,6158,762566,4113,378959,1835,357595,210,26012,1384,101780,4759,342408,1593,444188,California
Ventura,2021-05-11,5360,767926,3307,382266,1828,359423,225,26237,1506,99668,3842,346250,1730,445918,California
Ventura,2021-05-12,5070,772996,2991,385257,1859,361282,220,26457,1534,97903,3519,349769,1754,447672,California
Ventura,2021-05-13,6366,779362,3857,389114,2302,363584,207,26664,2273,96311,4075,353844,2483,450155,California
Ventura,2021-05-14,7509,786871,4656,393770,2634,366218,219,26883,2833,94701,4657,358501,3047,453202,California
Ventura,2021-05-15,6754,793625,5393,399163,1274,367492,87,26970,2803,93669,3922,362423,2890,456092,California
Ventura,2021-05-16,2200,795825,1709,400872,439,367931,52,27022,1038,93601,1158,363581,1090,457182,California
Ventura,2021-05-17,5893,801718,3559,404431,2121,370052,213,27235,2401,92738,3476,367057,2613,459795,California
Ventura,2021-05-18,5426,807144,3170,407601,2076,372128,180,27415,2134,91778,3273,370330,2313,462108,California
Ventura,2021-05-19,5847,812991,3532,411133,2104,374232,211,27626,2360,90890,3455,373785,2567,464675,California
Ventura,2021-05-20,5497,818488,3052,414185,2286,376518,159,27785,2134,89848,3331,377116,2289,466964,California
Ventura,2021-05-21,7940,826428,4472,418657,3291,379809,177,27962,2559,87237,5348,382464,2737,469701,California
Ventura,2021-05-22,5666,832094,2900,421557,2691,382500,75,28037,1771,85199,3884,386348,1846,471547,California
Ventura,2021-05-23,1993,834087,1529,423086,392,382892,72,28109,745,84777,1239,387587,817,472364,California
Ventura,2021-05-24,4545,838632,2464,425550,1913,384805,168,28277,1450,83317,3075,390662,1615,473979,California
Ventura,2021-05-25,4295,842927,2229,427779,1914,386719,152,28429,1415,82021,2862,393524,1566,475545,California
Ventura,2021-05-26,4298,847225,2290,430069,1843,388562,165,28594,1654,81220,2622,396146,1821,477366,California
Ventura,2021-05-27,3876,851101,1912,431981,1836,390398,128,28722,1381,80246,2482,398628,1508,478874,California
Ventura,2021-05-28,4572,855673,2479,434460,1899,392297,194,28916,1979,79842,2571,401199,2167,481041,California
Ventura,2021-05-29,2158,857831,1351,435811,740,393037,67,28983,1045,79854,1100,402299,1112,482153,California
Ventura,2021-05-30,915,858746,585,436396,276,393313,54,29037,359,79715,551,402850,412,482565,California
Ventura,2021-05-31,257,859003,138,436534,110,393423,9,29046,61,79589,196,403046,70,482635,California
Ventura,2021-06-01,4017,863020,2284,438818,1567,394990,166,29212,1294,78350,2699,405745,1460,484095,California
Ventura,2021-06-02,2966,865986,1634,440452,1196,396186,136,29348,1006,77548,1944,407689,1142,485237,California
Ventura,2021-06-03,3248,869234,2010,442462,1083,397269,155,29503,885,76236,2351,410040,1039,486276,California
Ventura,2021-06-04,4598,873832,3026,445488,1411,398680,161,29664,1420,74653,3164,413204,1581,487857,California
Ventura,2021-06-05,3826,877658,3195,448683,567,399247,64,29728,1156,73216,2658,415862,1221,489078,California
Ventura,2021-06-06,1257,878915,1077,449760,135,399382,45,29773,285,72583,962,416824,329,489407,California
Ventura,2021-06-07,3168,882083,2356,452116,701,400083,111,29884,946,71434,2205,419029,1056,490463,California
Ventura,2021-06-08,3031,885114,1996,454112,900,400983,135,30019,885,70324,2130,421159,1020,491483,California
Ventura,2021-06-09,2942,888056,2049,456161,788,401771,105,30124,764,69028,2165,423324,869,492352,California
Ventura,2021-06-10,3039,891095,2126,458287,811,402582,102,30226,810,67722,2216,425540,910,493262,California
Ventura,2021-06-11,3479,894574,2395,460682,947,403529,137,30363,980,66349,2487,428027,1114,494376,California
Ventura,2021-06-12,2156,896730,1691,462373,419,403948,46,30409,515,65280,1630,429657,561,494937,California
Ventura,2021-06-13,1020,897750,783,463156,173,404121,64,30473,237,64802,781,430438,303,495240,California
Ventura,2021-06-14,2645,900395,1805,464961,709,404830,131,30604,816,63930,1818,432256,946,496186,California
Ventura,2021-06-15,2430,902825,1566,466527,753,405583,111,30715,847,63316,1570,433826,956,497142,California
Ventura,2021-06-16,2485,905310,1820,468347,559,406142,106,30821,826,62608,1639,435465,931,498073,California
Ventura,2021-06-17,2222,907532,1555,469902,567,406709,100,30921,818,62131,1395,436860,918,498991,California
Ventura,2021-06-18,2964,910496,2091,471993,749,407458,124,31045,977,61260,1972,438832,1101,500092,California
Ventura,2021-06-19,1376,911872,1065,473058,286,407744,25,31070,521,60962,844,439676,546,500638,California
Ventura,2021-06-20,693,912565,538,473596,114,407858,41,31111,260,60833,430,440106,301,500939,California
Ventura,2021-06-21,1684,914249,1078,474674,488,408346,118,31229,837,60950,837,440943,954,501893,California
Ventura,2021-06-22,1969,916218,1379,476053,491,408837,99,31328,736,60561,1223,442166,834,502727,California
Ventura,2021-06-23,1784,918002,1224,477277,453,409290,107,31435,739,60373,1033,443199,845,503572,California
Ventura,2021-06-24,1820,919822,1198,478475,503,409793,119,31554,723,60129,1086,444285,842,504414,California
Ventura,2021-06-25,2419,922241,1614,480089,630,410423,175,31729,879,59653,1530,445815,1054,505468,California
Ventura,2021-06-26,1553,923794,1265,481354,225,410648,63,31792,521,59212,1025,446840,584,506052,California
Ventura,2021-06-27,582,924376,453,481807,103,410751,26,31818,259,59177,320,447160,285,506337,California
Ventura,2021-06-28,1773,926149,1428,483235,246,410997,99,31917,723,58961,1038,448198,822,507159,California
Ventura,2021-06-29,1664,927813,1111,484346,462,411459,91,32008,686,58765,971,449169,775,507934,California
Ventura,2021-06-30,1580,929393,1114,485460,369,411828,97,32105,772,58830,801,449970,866,508800,California
Ventura,2021-07-01,1461,930854,1085,486545,301,412129,75,32180,628,58708,824,450794,702,509502,California
Ventura,2021-07-02,1774,932628,1211,487756,469,412598,94,32274,822,58680,944,451738,916,510418,California
Ventura,2021-07-03,891,933519,668,488424,187,412785,36,32310,444,58720,440,452178,480,510898,California
Ventura,2021-07-04,61,933580,44,488468,13,412798,4,32314,27,58717,34,452212,31,510929,California
Ventura,2021-07-05,943,934523,686,489154,191,412989,66,32380,404,58650,536,452748,469,511398,California
Ventura,2021-07-06,1482,936005,1032,490186,377,413366,73,32453,638,58525,836,453584,711,512109,California
Ventura,2021-07-07,1217,937222,851,491037,269,413635,97,32550,452,58316,758,454342,549,512658,California
Yolo,2020-12-15,39,39,39,39,0,0,0,0,39,39,0,0,39,39,California
Yolo,2020-12-16,80,119,80,119,0,0,0,0,80,119,0,0,80,119,California
Yolo,2020-12-17,107,226,107,226,0,0,0,0,107,226,0,0,107,226,California
Yolo,2020-12-18,231,457,231,457,0,0,0,0,231,457,0,0,231,457,California
Yolo,2020-12-19,87,544,87,544,0,0,0,0,87,544,0,0,87,544,California
Yolo,2020-12-20,102,646,102,646,0,0,0,0,102,646,0,0,102,646,California
Yolo,2020-12-21,253,899,253,899,0,0,0,0,253,899,0,0,253,899,California
Yolo,2020-12-22,385,1284,384,1283,1,1,0,0,385,1284,0,0,385,1284,California
Yolo,2020-12-23,438,1722,418,1701,20,21,0,0,438,1722,0,0,438,1722,California
Yolo,2020-12-24,153,1875,96,1797,57,78,0,0,153,1875,0,0,153,1875,California
Yolo,2020-12-25,1,1876,1,1798,0,78,0,0,1,1876,0,0,1,1876,California
Yolo,2020-12-26,75,1951,25,1823,50,128,0,0,75,1951,0,0,75,1951,California
Yolo,2020-12-27,46,1997,19,1842,27,155,0,0,46,1997,0,0,46,1997,California
Yolo,2020-12-28,404,2401,235,2077,169,324,0,0,404,2401,0,0,404,2401,California
Yolo,2020-12-29,492,2893,268,2345,224,548,0,0,492,2893,0,0,492,2893,California
Yolo,2020-12-30,626,3519,256,2601,370,918,0,0,626,3519,0,0,626,3519,California
Yolo,2020-12-31,183,3702,93,2694,90,1008,0,0,183,3702,0,0,183,3702,California
Yolo,2021-01-01,58,3760,56,2750,2,1010,0,0,58,3760,0,0,58,3760,California
Yolo,2021-01-02,72,3832,28,2778,44,1054,0,0,72,3832,0,0,72,3832,California
Yolo,2021-01-03,44,3876,19,2797,25,1079,0,0,44,3876,0,0,44,3876,California
Yolo,2021-01-04,192,4068,41,2838,151,1230,0,0,192,4068,0,0,192,4068,California
Yolo,2021-01-05,619,4687,238,3076,381,1611,0,0,554,4557,65,65,554,4622,California
Yolo,2021-01-06,484,5171,183,3259,301,1912,0,0,347,4767,137,202,347,4969,California
Yolo,2021-01-07,713,5884,234,3493,479,2391,0,0,520,5095,192,394,520,5489,California
Yolo,2021-01-08,631,6515,311,3804,320,2711,0,0,406,5277,224,618,406,5895,California
Yolo,2021-01-09,412,6927,73,3877,339,3050,0,0,366,5597,46,664,366,6261,California
Yolo,2021-01-10,394,7321,80,3957,314,3364,0,0,324,5851,70,734,324,6585,California
Yolo,2021-01-11,565,7886,329,4286,236,3600,0,0,290,5868,275,1009,292,6877,California
Yolo,2021-01-12,563,8449,443,4729,120,3720,0,0,194,5694,369,1378,195,7072,California
Yolo,2021-01-13,775,9224,313,5042,462,4182,0,0,522,5963,253,1631,522,7594,California
Yolo,2021-01-14,381,9605,184,5226,197,4379,0,0,277,6136,104,1735,277,7871,California
Yolo,2021-01-15,634,10239,323,5549,311,4690,0,0,551,6605,83,1818,552,8423,California
Yolo,2021-01-16,748,10987,96,5645,652,5342,0,0,717,7291,31,1849,717,9140,California
Yolo,2021-01-17,190,11177,121,5766,69,5411,0,0,183,7467,7,1856,183,9323,California
Yolo,2021-01-18,485,11662,305,6071,180,5591,0,0,333,7648,152,2008,333,9656,California
Yolo,2021-01-19,561,12223,372,6443,189,5780,0,0,384,7855,177,2185,384,10040,California
Yolo,2021-01-20,661,12884,384,6827,277,6057,0,0,470,8135,190,2375,470,10510,California
Yolo,2021-01-21,650,13534,384,7211,266,6323,0,0,461,8407,189,2564,461,10971,California
Yolo,2021-01-22,758,14292,255,7466,503,6826,0,0,640,8931,116,2680,640,11611,California
Yolo,2021-01-23,627,14919,126,7592,501,7327,0,0,577,9458,50,2730,577,12188,California
Yolo,2021-01-24,207,15126,123,7715,84,7411,0,0,166,9583,41,2771,166,12354,California
Yolo,2021-01-25,740,15866,163,7878,577,7988,0,0,519,9880,222,2993,519,12873,California
Yolo,2021-01-26,831,16697,330,8208,501,8489,0,0,434,9917,397,3390,434,13307,California
Yolo,2021-01-27,685,17382,230,8438,455,8944,0,0,402,10036,283,3673,402,13709,California
Yolo,2021-01-28,1055,18437,563,9001,492,9436,0,0,930,10842,124,3797,930,14639,California
Yolo,2021-01-29,982,19419,266,9267,716,10152,0,0,897,11655,84,3881,897,15536,California
Yolo,2021-01-30,1529,20948,923,10190,606,10758,0,0,1406,12944,117,3998,1406,16942,California
Yolo,2021-01-31,240,21188,202,10392,38,10796,0,0,211,13127,28,4026,211,17153,California
Yolo,2021-02-01,858,22046,365,10757,493,11289,0,0,621,13514,234,4260,621,17774,California
Yolo,2021-02-02,1351,23397,756,11513,595,11884,0,0,934,14032,417,4677,935,18709,California
Yolo,2021-02-03,1534,24931,400,11913,1134,13018,0,0,1192,14885,339,5016,1192,19901,California
Yolo,2021-02-04,1810,26741,281,12194,1529,14547,0,0,1255,15596,545,5561,1256,21157,California
Yolo,2021-02-05,1614,28355,918,13112,696,15243,0,0,1210,16404,403,5964,1211,22368,California
Yolo,2021-02-06,1925,30280,1253,14365,672,15915,0,0,1562,17604,363,6327,1563,23931,California
Yolo,2021-02-07,523,30803,252,14617,271,16186,0,0,172,17426,350,6677,172,24103,California
Yolo,2021-02-08,951,31754,334,14951,617,16803,0,0,605,17689,342,7019,605,24708,California
Yolo,2021-02-09,861,32615,387,15338,474,17277,0,0,573,17974,288,7307,573,25281,California
Yolo,2021-02-10,1478,34093,480,15818,998,18275,0,0,830,18158,648,7955,832,26113,California
Yolo,2021-02-11,1580,35673,808,16626,772,19047,0,0,1186,18950,394,8349,1186,27299,California
Yolo,2021-02-12,1948,37621,761,17387,1187,20234,0,0,1460,19927,484,8833,1461,28760,California
Yolo,2021-02-13,2073,39694,716,18103,1357,21591,0,0,1394,20642,679,9512,1394,30154,California
Yolo,2021-02-14,573,40267,156,18259,417,22008,0,0,448,20966,124,9636,448,30602,California
Yolo,2021-02-15,535,40802,192,18451,343,22351,0,0,266,20964,269,9905,267,30869,California
Yolo,2021-02-16,1151,41953,433,18884,718,23069,0,0,821,21456,330,10235,822,31691,California
Yolo,2021-02-17,1394,43347,703,19587,691,23760,0,0,992,22047,402,10637,993,32684,California
Yolo,2021-02-18,2512,45859,822,20409,1690,25450,0,0,1728,22993,783,11420,1729,34413,California
Yolo,2021-02-19,1764,47623,754,21163,1010,26460,0,0,1135,23501,627,12047,1135,35548,California
Yolo,2021-02-20,2573,50196,958,22121,1615,28075,0,0,1389,23712,1179,13226,1390,36938,California
Yolo,2021-02-21,326,50522,236,22357,90,28165,0,0,108,23603,217,13443,108,37046,California
Yolo,2021-02-22,1414,51936,618,22975,796,28961,0,0,708,23607,704,14147,708,37754,California
Yolo,2021-02-23,1174,53110,882,23857,292,29253,0,0,446,23327,726,14873,446,38200,California
Yolo,2021-02-24,2139,55249,612,24469,1527,30780,0,0,1400,23990,737,15610,1400,39600,California
Yolo,2021-02-25,1418,56667,503,24972,915,31695,0,0,925,24423,492,16102,925,40525,California
Yolo,2021-02-26,2689,59356,1058,26030,1631,33326,0,0,1327,24392,1358,17460,1327,41852,California
Yolo,2021-02-27,1711,61067,781,26811,930,34256,0,0,1255,25191,456,17916,1255,43107,California
Yolo,2021-02-28,1832,62899,1524,28335,308,34564,0,0,711,24784,1119,19035,712,43819,California
Yolo,2021-03-01,1158,64057,375,28710,783,35347,0,0,699,25027,456,19491,699,44518,California
Yolo,2021-03-02,1509,65566,706,29416,803,36150,0,0,959,25436,550,20041,959,45477,California
Yolo,2021-03-03,1894,67460,646,30062,1248,37398,0,0,855,25254,1037,21078,855,46332,California
Yolo,2021-03-04,3044,70504,1466,31528,1578,38976,0,0,1581,25375,1460,22538,1581,47913,California
Yolo,2021-03-05,2495,72999,1410,32938,1074,40050,11,11,1518,25928,976,23514,1529,49442,California
Yolo,2021-03-06,1490,74489,1137,34075,324,40374,29,40,847,26164,640,24154,876,50318,California
Yolo,2021-03-07,941,75430,682,34757,233,40607,26,66,787,26823,154,24308,813,51131,California
Yolo,2021-03-08,1348,76778,501,35258,803,41410,44,110,891,27302,456,24764,935,52066,California
Yolo,2021-03-09,1587,78365,690,35948,835,42245,62,172,966,27711,619,25383,1028,53094,California
Yolo,2021-03-10,2219,80584,1062,37010,865,43110,292,464,978,27737,1236,26619,1262,54356,California
Yolo,2021-03-11,2720,83304,1607,38617,1044,44154,69,533,1815,28717,904,27523,1884,56240,California
Yolo,2021-03-12,2933,86237,1361,39978,1490,45644,82,615,1378,28632,1546,29069,1461,57701,California
Yolo,2021-03-13,1962,88199,736,40714,1050,46694,176,791,1029,28906,930,29999,1204,58905,California
Yolo,2021-03-14,1071,89270,214,40928,706,47400,151,942,528,29038,541,30540,673,59578,California
Yolo,2021-03-15,1679,90949,771,41699,727,48127,181,1123,1058,29654,619,31159,1235,60813,California
Yolo,2021-03-16,2034,92983,732,42431,1230,49357,72,1195,1239,30170,795,31954,1311,62124,California
Yolo,2021-03-17,2531,95514,987,43418,1472,50829,72,1267,1730,31206,797,32751,1833,63957,California
Yolo,2021-03-18,3055,98569,1043,44461,1785,52614,227,1494,1262,30906,1789,34540,1489,65446,California
Yolo,2021-03-19,2111,100680,878,45339,1165,53779,68,1562,1092,31053,1013,35553,1160,66606,California
Yolo,2021-03-20,2785,103465,818,46157,1924,55703,43,1605,1094,30507,1685,37238,1139,67745,California
Yolo,2021-03-21,318,103783,217,46374,93,55796,8,1613,177,30552,140,37378,185,67930,California
Yolo,2021-03-22,1411,105194,496,46870,855,56651,60,1673,914,31030,495,37873,973,68903,California
Yolo,2021-03-23,1759,106953,946,47816,756,57407,57,1730,1082,31493,675,38548,1138,70041,California
Yolo,2021-03-24,2894,109847,1407,49223,1436,58843,51,1781,1398,31461,1482,40030,1450,71491,California
Yolo,2021-03-25,2545,112392,1406,50629,1110,59953,29,1810,1251,31457,1284,41314,1280,72771,California
Yolo,2021-03-26,2408,114800,1262,51891,1126,61079,20,1830,1022,31119,1379,42693,1041,73812,California
Yolo,2021-03-27,1666,116466,458,52349,1190,62269,18,1848,741,30954,924,43617,759,74571,California
Yolo,2021-03-28,1109,117575,862,53211,228,62497,19,1867,248,30363,857,44474,266,74837,California
Yolo,2021-03-29,2040,119615,827,54038,1183,63680,30,1897,969,30295,1067,45541,999,75836,California
Yolo,2021-03-30,2324,121939,1114,55152,1189,64869,21,1918,1198,30394,1121,46662,1220,77056,California
Yolo,2021-03-31,2364,124303,1230,56382,1097,65966,37,1955,1180,30428,1183,47845,1217,78273,California
Yolo,2021-04-01,3866,128169,1864,58246,1521,67487,481,2436,1597,30239,2266,50111,2077,80350,California
Yolo,2021-04-02,3409,131578,1526,59772,1736,69223,147,2583,2063,31110,1339,51450,2210,82560,California
Yolo,2021-04-03,1827,133405,1104,60876,501,69724,222,2805,808,31123,1017,52467,1030,83590,California
Yolo,2021-04-04,391,133796,157,61033,173,69897,61,2866,143,31080,247,52714,204,83794,California
Yolo,2021-04-05,1932,135728,739,61772,1093,70990,100,2966,900,31054,1027,53741,1001,84795,California
Yolo,2021-04-06,2603,138331,1323,63095,1108,72098,172,3138,1138,30908,1455,55196,1309,86104,California
Yolo,2021-04-07,3002,141333,1520,64615,1126,73224,356,3494,1747,31765,1250,56446,2107,88211,California
Yolo,2021-04-08,2436,143769,1011,65626,949,74173,476,3970,855,31514,1579,58025,1328,89539,California
Yolo,2021-04-09,2611,146380,926,66552,1103,75276,582,4552,834,31147,1774,59799,1407,90946,California
Yolo,2021-04-10,1769,148149,829,67381,757,76033,183,4735,1026,31616,739,60538,1208,92154,California
Yolo,2021-04-11,894,149043,285,67666,565,76598,44,4779,363,31494,528,61066,406,92560,California
Yolo,2021-04-12,1780,150823,527,68193,1110,77708,143,4922,788,31438,988,62054,932,93492,California
Yolo,2021-04-13,1995,152818,919,69112,1076,78784,0,4922,919,31282,1075,63129,919,94411,California
Yolo,2021-04-14,2805,155623,772,69884,2033,80817,0,4922,1370,31225,1427,64556,1370,95781,California
Yolo,2021-04-15,3366,158989,1146,71030,2220,83037,0,4922,2288,32442,1071,65627,2288,98069,California
Yolo,2021-04-16,3095,162084,1994,73024,1101,84138,0,4922,1976,33307,1111,66738,1976,100045,California
Yolo,2021-04-17,1640,163724,479,73503,1161,85299,0,4922,852,33376,783,67521,852,100897,California
Yolo,2021-04-18,646,164370,318,73821,328,85627,0,4922,361,33456,281,67802,361,101258,California
Yolo,2021-04-19,1693,166063,730,74551,962,86589,1,4923,779,33327,909,68711,780,102038,California
Yolo,2021-04-20,2080,168143,1074,75625,1006,87595,0,4923,1081,33411,997,69708,1081,103119,California
Yolo,2021-04-21,2076,170219,1060,76685,1016,88611,0,4923,1117,33575,953,70661,1117,104236,California
Yolo,2021-04-22,1994,172213,915,77600,1079,89690,0,4923,986,33560,1002,71663,987,105223,California
Yolo,2021-04-23,2660,174873,1560,79160,1100,90790,0,4923,1169,33250,1479,73142,1169,106392,California
Yolo,2021-04-24,1181,176054,648,79808,530,91320,3,4926,468,33017,704,73846,471,106863,California
Yolo,2021-04-25,951,177005,407,80215,544,91864,0,4926,728,33523,222,74068,728,107591,California
Yolo,2021-04-26,1254,178259,498,80713,753,92617,3,4929,532,33340,719,74787,536,108127,California
Yolo,2021-04-27,1566,179825,738,81451,808,93425,20,4949,607,33009,958,75745,627,108754,California
Yolo,2021-04-28,2076,181901,1028,82479,1021,94446,27,4976,749,32461,1324,77069,776,109530,California
Yolo,2021-04-29,1801,183702,853,83332,864,95310,84,5060,710,32166,1087,78156,792,110322,California
Yolo,2021-04-30,2110,185812,1089,84421,963,96273,58,5118,1042,32205,1061,79217,1100,111422,California
Yolo,2021-05-01,1290,187102,1000,85421,270,96543,20,5138,377,31691,911,80128,397,111819,California
Yolo,2021-05-02,519,187621,427,85848,69,96612,23,5161,323,31841,196,80324,346,112165,California
Yolo,2021-05-03,1133,188754,406,86254,693,97305,34,5195,301,31346,829,81153,334,112499,California
Yolo,2021-05-04,1471,190225,683,86937,764,98069,24,5219,507,30918,959,82112,531,113030,California
Yolo,2021-05-05,1596,191821,454,87391,1075,99144,67,5286,462,30320,1127,83239,529,113559,California
Yolo,2021-05-06,1531,193352,718,88109,731,99875,82,5368,497,29882,1017,84256,579,114138,California
Yolo,2021-05-07,2333,195685,1402,89511,880,100755,51,5419,466,28538,1859,86115,515,114653,California
Yolo,2021-05-08,852,196537,374,89885,422,101177,56,5475,320,28384,528,86643,374,115027,California
Yolo,2021-05-09,402,196939,172,90057,217,101394,13,5488,91,28178,310,86953,104,115131,California
Yolo,2021-05-10,1189,198128,359,90416,784,102178,46,5534,204,27444,983,87936,249,115380,California
Yolo,2021-05-11,1181,199309,697,91113,462,102640,22,5556,294,26879,881,88817,316,115696,California
Yolo,2021-05-12,1835,201144,715,91828,1087,103727,33,5589,336,25758,1493,90310,372,116068,California
Yolo,2021-05-13,2616,203760,863,92691,1698,105425,55,5644,666,24533,1946,92256,721,116789,California
Yolo,2021-05-14,2441,206201,1523,94214,887,106312,31,5675,1189,24507,1246,93502,1220,118009,California
Yolo,2021-05-15,1281,207482,733,94947,501,106813,47,5722,661,24596,619,94121,708,118717,California
Yolo,2021-05-16,1456,208938,1238,96185,211,107024,7,5729,1011,25173,441,94562,1018,119735,California
Yolo,2021-05-17,1137,210075,447,96632,672,107696,18,5747,349,24756,784,95346,367,120102,California
Yolo,2021-05-18,1802,211877,1109,97741,670,108366,23,5770,919,24822,876,96222,942,121044,California
Yolo,2021-05-19,1303,213180,587,98328,677,109043,39,5809,519,24599,781,97003,558,121602,California
Yolo,2021-05-20,1228,214408,699,99027,503,109546,26,5835,384,24171,838,97841,410,122012,California
Yolo,2021-05-21,1444,215852,930,99957,487,110033,27,5862,352,23463,1085,98926,377,122389,California
Yolo,2021-05-22,826,216678,542,100499,276,110309,8,5870,282,23218,536,99462,291,122680,California
Yolo,2021-05-23,620,217298,165,100664,439,110748,16,5886,108,22833,510,99972,125,122805,California
Yolo,2021-05-24,708,218006,351,101015,337,111085,20,5906,220,22589,485,100457,241,123046,California
Yolo,2021-05-25,884,218890,513,101528,348,111433,23,5929,343,22420,535,100992,366,123412,California
Yolo,2021-05-26,820,219710,269,101797,518,111951,33,5962,246,22129,570,101562,279,123691,California
Yolo,2021-05-27,760,220470,379,102176,330,112281,51,6013,300,22025,455,102017,351,124042,California
Yolo,2021-05-28,882,221352,402,102578,451,112732,29,6042,378,21931,499,102516,405,124447,California
Yolo,2021-05-29,600,221952,345,102923,219,112951,36,6078,273,21913,324,102840,306,124753,California
Yolo,2021-05-30,136,222088,71,102994,58,113009,7,6085,55,21896,79,102919,62,124815,California
Yolo,2021-05-31,68,222156,18,103012,48,113057,2,6087,16,21861,52,102971,17,124832,California
Yolo,2021-06-01,755,222911,326,103338,405,113462,24,6111,245,21626,504,103475,269,125101,California
Yolo,2021-06-02,758,223669,302,103640,435,113897,21,6132,230,21352,525,104000,251,125352,California
Yolo,2021-06-03,931,224600,593,104233,314,114211,24,6156,212,20873,715,104715,236,125588,California
Yolo,2021-06-04,1497,226097,1217,105450,258,114469,22,6178,380,20162,1112,105827,401,125989,California
Yolo,2021-06-05,720,226817,549,105999,154,114623,17,6195,148,19755,572,106399,165,126154,California
Yolo,2021-06-06,1112,227929,1048,107047,57,114680,7,6202,158,18967,953,107352,165,126319,California
Yolo,2021-06-07,515,228444,269,107316,226,114906,20,6222,112,18700,398,107750,131,126450,California
Yolo,2021-06-08,1043,229487,813,108129,212,115118,18,6240,198,18072,844,108594,216,126666,California
Yolo,2021-06-09,792,230279,490,108619,271,115389,31,6271,216,17747,571,109165,246,126912,California
Yolo,2021-06-10,567,230846,359,108978,175,115564,33,6304,164,17544,400,109565,197,127109,California
Yolo,2021-06-11,659,231505,451,109429,184,115748,24,6328,193,17297,464,110029,217,127326,California
Yolo,2021-06-12,483,231988,278,109707,180,115928,25,6353,143,17129,336,110365,168,127494,California
Yolo,2021-06-13,154,232142,115,109822,38,115966,1,6354,60,17098,93,110458,62,127556,California
Yolo,2021-06-14,411,232553,255,110077,123,116089,33,6387,129,16980,281,110739,163,127719,California
Yolo,2021-06-15,771,233324,399,110476,346,116435,26,6413,237,16714,529,111268,263,127982,California
Yolo,2021-06-16,474,233798,243,110719,189,116624,42,6455,168,16618,304,111572,208,128190,California
Yolo,2021-06-17,496,234294,315,111034,125,116749,56,6511,173,16526,321,111893,229,128419,California
Yolo,2021-06-18,554,234848,396,111430,136,116885,22,6533,209,16414,342,112235,230,128649,California
Yolo,2021-06-19,321,235169,205,111635,99,116984,17,6550,117,16345,203,112438,134,128783,California
Yolo,2021-06-20,114,235283,74,111709,36,117020,4,6554,62,16362,50,112488,67,128850,California
Yolo,2021-06-21,207,235490,88,111797,100,117120,19,6573,112,16400,93,112581,131,128981,California
Yolo,2021-06-22,522,236012,296,112093,206,117326,20,6593,235,16370,285,112866,255,129236,California
Yolo,2021-06-23,377,236389,213,112306,146,117472,18,6611,151,16316,223,113089,169,129405,California
Yolo,2021-06-24,398,236787,247,112553,108,117580,43,6654,175,16312,222,113311,218,129623,California
Yolo,2021-06-25,551,237338,385,112938,121,117701,45,6699,191,16192,356,113667,236,129859,California
Yolo,2021-06-26,271,237609,165,113103,82,117783,24,6723,110,16166,159,113826,133,129992,California
Yolo,2021-06-27,179,237788,142,113245,32,117815,5,6728,64,16119,115,113941,68,130060,California
Yolo,2021-06-28,255,238043,130,113375,52,117867,73,6801,108,16153,146,114087,180,130240,California
Yolo,2021-06-29,421,238464,265,113640,107,117974,49,6850,154,16092,264,114351,203,130443,California
Yolo,2021-06-30,365,238829,204,113844,134,118108,27,6877,134,16021,231,114582,160,130603,California
Yolo,2021-07-01,305,239134,171,114015,102,118210,32,6909,111,15972,191,114773,142,130745,California
Yolo,2021-07-02,343,239477,232,114247,99,118309,12,6921,140,15922,202,114975,152,130897,California
Yolo,2021-07-03,206,239683,128,114375,74,118383,4,6925,91,15902,115,115090,95,130992,California
Yolo,2021-07-04,73,239756,41,114416,27,118410,5,6930,22,15879,50,115140,27,131019,California
Yolo,2021-07-05,139,239895,84,114500,50,118460,5,6935,67,15880,71,115211,72,131091,California
Yolo,2021-07-06,359,240254,238,114738,102,118562,19,6954,135,15814,221,115432,155,131246,California
Yolo,2021-07-07,263,240517,122,114860,82,118644,59,7013,90,15790,172,115604,148,131394,California
Yuba,2020-12-16,4,4,4,4,0,0,0,0,4,4,0,0,4,4,California
Yuba,2020-12-17,4,8,4,8,0,0,0,0,4,8,0,0,4,8,California
Yuba,2020-12-18,9,17,9,17,0,0,0,0,9,17,0,0,9,17,California
Yuba,2020-12-19,12,29,12,29,0,0,0,0,12,29,0,0,12,29,California
Yuba,2020-12-20,19,48,19,48,0,0,0,0,19,48,0,0,19,48,California
Yuba,2020-12-21,41,89,41,89,0,0,0,0,41,89,0,0,41,89,California
Yuba,2020-12-22,85,174,85,174,0,0,0,0,85,174,0,0,85,174,California
Yuba,2020-12-23,65,239,63,237,2,2,0,0,65,239,0,0,65,239,California
Yuba,2020-12-24,20,259,10,247,10,12,0,0,20,259,0,0,20,259,California
Yuba,2020-12-25,1,260,1,248,0,12,0,0,1,260,0,0,1,260,California
Yuba,2020-12-26,14,274,13,261,1,13,0,0,14,274,0,0,14,274,California
Yuba,2020-12-27,15,289,15,276,0,13,0,0,15,289,0,0,15,289,California
Yuba,2020-12-28,51,340,35,311,16,29,0,0,51,340,0,0,51,340,California
Yuba,2020-12-29,74,414,10,321,64,93,0,0,74,414,0,0,74,414,California
Yuba,2020-12-30,63,477,20,341,43,136,0,0,63,477,0,0,63,477,California
Yuba,2020-12-31,39,516,6,347,33,169,0,0,39,516,0,0,39,516,California
Yuba,2021-01-02,21,537,20,367,1,170,0,0,21,537,0,0,21,537,California
Yuba,2021-01-03,10,547,6,373,4,174,0,0,10,547,0,0,10,547,California
Yuba,2021-01-04,92,639,23,396,69,243,0,0,92,639,0,0,92,639,California
Yuba,2021-01-05,71,710,39,435,32,275,0,0,70,708,1,1,70,709,California
Yuba,2021-01-06,153,863,76,511,77,352,0,0,147,849,6,7,147,856,California
Yuba,2021-01-07,74,937,18,529,56,408,0,0,71,916,4,11,71,927,California
Yuba,2021-01-08,73,1010,23,552,50,458,0,0,66,975,7,18,66,993,California
Yuba,2021-01-09,19,1029,16,568,3,461,0,0,11,978,8,26,11,1004,California
Yuba,2021-01-10,117,1146,22,590,95,556,0,0,95,1051,22,48,95,1099,California
Yuba,2021-01-11,73,1219,50,640,23,579,0,0,33,1044,40,88,33,1132,California
Yuba,2021-01-12,109,1328,78,718,31,610,0,0,44,1023,65,153,44,1176,California
Yuba,2021-01-13,119,1447,72,790,47,657,0,0,54,1013,64,217,54,1230,California
Yuba,2021-01-14,114,1561,44,834,70,727,0,0,102,1103,12,229,102,1332,California
Yuba,2021-01-15,205,1766,86,920,119,846,0,0,195,1288,10,239,195,1527,California
Yuba,2021-01-16,189,1955,22,942,167,1013,0,0,176,1450,14,253,176,1703,California
Yuba,2021-01-17,13,1968,9,951,4,1017,0,0,7,1451,6,259,7,1710,California
Yuba,2021-01-18,61,2029,32,983,29,1046,0,0,36,1462,25,284,36,1746,California
Yuba,2021-01-19,80,2109,30,1013,50,1096,0,0,65,1512,15,299,65,1811,California
Yuba,2021-01-20,133,2242,86,1099,47,1143,0,0,110,1599,23,322,110,1921,California
Yuba,2021-01-21,221,2463,103,1202,118,1261,0,0,212,1802,9,331,212,2133,California
Yuba,2021-01-22,107,2570,7,1209,100,1361,0,0,98,1891,9,340,98,2231,California
Yuba,2021-01-23,198,2768,7,1216,191,1552,0,0,196,2085,2,342,196,2427,California
Yuba,2021-01-24,10,2778,7,1223,3,1555,0,0,8,2091,2,344,8,2435,California
Yuba,2021-01-25,86,2864,30,1253,56,1611,0,0,53,2112,32,376,53,2488,California
Yuba,2021-01-26,148,3012,40,1293,108,1719,0,0,90,2144,58,434,90,2578,California
Yuba,2021-01-27,185,3197,129,1422,56,1775,0,0,118,2195,67,501,118,2696,California
Yuba,2021-01-28,228,3425,89,1511,139,1914,0,0,178,2323,50,551,178,2874,California
Yuba,2021-01-29,149,3574,45,1556,104,2018,0,0,111,2396,38,589,111,2985,California
Yuba,2021-01-30,408,3982,23,1579,385,2403,0,0,397,2782,11,600,397,3382,California
Yuba,2021-01-31,18,4000,12,1591,6,2409,0,0,16,2796,2,602,16,3398,California
Yuba,2021-02-01,155,4155,75,1666,80,2489,0,0,131,2905,23,625,132,3530,California
Yuba,2021-02-02,127,4282,22,1688,105,2594,0,0,103,2984,24,649,103,3633,California
Yuba,2021-02-03,230,4512,30,1718,200,2794,0,0,116,2987,113,762,116,3749,California
Yuba,2021-02-04,298,4810,120,1838,178,2972,0,0,253,3195,45,807,253,4002,California
Yuba,2021-02-05,148,4958,32,1870,116,3088,0,0,71,3189,77,884,71,4073,California
Yuba,2021-02-06,452,5410,26,1896,426,3514,0,0,444,3625,8,892,444,4517,California
Yuba,2021-02-07,20,5430,13,1909,7,3521,0,0,16,3637,4,896,16,4533,California
Yuba,2021-02-08,98,5528,35,1944,63,3584,0,0,66,3671,32,928,66,4599,California
Yuba,2021-02-09,156,5684,56,2000,100,3684,0,0,85,3685,71,999,85,4684,California
Yuba,2021-02-10,362,6046,176,2176,186,3870,0,0,122,3569,238,1237,122,4806,California
Yuba,2021-02-11,404,6450,67,2243,337,4207,0,0,301,3769,101,1338,301,5107,California
Yuba,2021-02-12,271,6721,28,2271,243,4450,0,0,153,3804,118,1456,153,5260,California
Yuba,2021-02-13,438,7159,36,2307,402,4852,0,0,387,4140,51,1507,387,5647,California
Yuba,2021-02-14,52,7211,10,2317,42,4894,0,0,47,4182,5,1512,47,5694,California
Yuba,2021-02-15,91,7302,36,2353,55,4949,0,0,71,4233,20,1532,71,5765,California
Yuba,2021-02-16,202,7504,55,2408,147,5096,0,0,143,4318,58,1590,143,5908,California
Yuba,2021-02-17,379,7883,158,2566,221,5317,0,0,101,4142,277,1867,101,6009,California
Yuba,2021-02-18,326,8209,49,2615,277,5594,0,0,198,4212,128,1995,198,6207,California
Yuba,2021-02-19,230,8439,82,2697,148,5742,0,0,143,4269,86,2081,143,6350,California
Yuba,2021-02-20,397,8836,30,2727,367,6109,0,0,339,4550,58,2139,339,6689,California
Yuba,2021-02-21,24,8860,14,2741,10,6119,0,0,14,4554,10,2149,14,6703,California
Yuba,2021-02-22,131,8991,82,2823,49,6168,0,0,38,4499,93,2242,38,6741,California
Yuba,2021-02-23,129,9120,28,2851,101,6269,0,0,53,4478,75,2317,54,6795,California
Yuba,2021-02-24,495,9615,142,2993,353,6622,0,0,111,4205,384,2701,111,6906,California
Yuba,2021-02-25,361,9976,144,3137,217,6839,0,0,223,4290,138,2839,223,7129,California
Yuba,2021-02-26,264,10240,70,3207,194,7033,0,0,147,4322,115,2954,147,7276,California
Yuba,2021-02-27,474,10714,47,3254,427,7460,0,0,386,4622,86,3040,386,7662,California
Yuba,2021-02-28,72,10786,23,3277,49,7509,0,0,48,4646,24,3064,48,7710,California
Yuba,2021-03-01,164,10950,43,3320,121,7630,0,0,83,4649,80,3144,83,7793,California
Yuba,2021-03-02,160,11110,36,3356,124,7754,0,0,80,4649,80,3224,80,7873,California
Yuba,2021-03-03,628,11738,159,3515,469,8223,0,0,200,4422,427,3651,200,8073,California
Yuba,2021-03-04,471,12209,274,3789,197,8420,0,0,327,4606,143,3794,327,8400,California
Yuba,2021-03-05,326,12535,60,3849,265,8685,1,1,258,4797,68,3862,259,8659,California
Yuba,2021-03-06,476,13011,35,3884,437,9122,4,5,369,5064,106,3968,373,9032,California
Yuba,2021-03-07,57,13068,28,3912,27,9149,2,7,41,5091,16,3984,43,9075,California
Yuba,2021-03-08,160,13228,48,3960,96,9245,16,23,100,5147,60,4044,116,9191,California
Yuba,2021-03-09,180,13408,48,4008,112,9357,20,43,84,5155,96,4140,104,9295,California
Yuba,2021-03-10,737,14145,234,4242,473,9830,30,73,233,4914,504,4644,263,9558,California
Yuba,2021-03-11,439,14584,198,4440,229,10059,12,85,295,5077,144,4788,307,9865,California
Yuba,2021-03-12,467,15051,87,4527,327,10386,53,138,155,4973,312,5100,208,10073,California
Yuba,2021-03-13,464,15515,338,4865,111,10497,15,153,364,5253,99,5199,379,10452,California
Yuba,2021-03-14,107,15622,20,4885,77,10574,10,163,46,5250,59,5258,56,10508,California
Yuba,2021-03-15,196,15818,50,4935,130,10704,16,179,99,5268,97,5355,115,10623,California
Yuba,2021-03-16,298,16116,74,5009,200,10904,24,203,185,5365,112,5467,209,10832,California
Yuba,2021-03-17,749,16865,165,5174,553,11457,31,234,194,5038,552,6019,225,11057,California
Yuba,2021-03-18,587,17452,161,5335,313,11770,113,347,353,5269,234,6253,465,11522,California
Yuba,2021-03-19,331,17783,119,5454,158,11928,54,401,183,5357,148,6401,236,11758,California
Yuba,2021-03-20,555,18338,81,5535,456,12384,18,419,475,5771,79,6480,493,12251,California
Yuba,2021-03-21,62,18400,36,5571,26,12410,0,419,42,5793,20,6500,42,12293,California
Yuba,2021-03-22,191,18591,70,5641,114,12524,7,426,149,5907,42,6542,156,12449,California
Yuba,2021-03-23,266,18857,79,5720,159,12683,28,454,176,6023,88,6630,204,12653,California
Yuba,2021-03-24,771,19628,254,5974,436,13119,81,535,186,5707,583,7213,267,12920,California
Yuba,2021-03-25,506,20134,270,6244,214,13333,22,557,249,5721,257,7470,271,13191,California
Yuba,2021-03-26,400,20534,143,6387,228,13561,29,586,226,5803,173,7643,255,13446,California
Yuba,2021-03-27,464,20998,28,6415,433,13994,3,589,409,6160,54,7697,411,13857,California
Yuba,2021-03-28,102,21100,42,6457,56,14050,4,593,34,6130,68,7765,38,13895,California
Yuba,2021-03-29,297,21397,87,6544,178,14228,32,625,179,6223,118,7883,211,14106,California
Yuba,2021-03-30,274,21671,70,6614,196,14424,8,633,189,6335,85,7968,197,14303,California
Yuba,2021-03-31,676,22347,114,6728,551,14975,11,644,244,6160,430,8398,255,14558,California
Yuba,2021-04-01,630,22977,291,7019,309,15284,30,674,292,6144,338,8736,322,14880,California
Yuba,2021-04-02,504,23481,96,7115,325,15609,83,757,187,6097,316,9052,269,15149,California
Yuba,2021-04-03,653,24134,55,7170,116,15725,482,1239,87,6101,565,9617,569,15718,California
Yuba,2021-04-04,59,24193,10,7180,42,15767,7,1246,31,6111,28,9645,38,15756,California
Yuba,2021-04-05,250,24443,79,7259,149,15916,22,1268,124,6132,124,9769,145,15901,California
Yuba,2021-04-06,359,24802,115,7374,183,16099,61,1329,173,6180,185,9954,233,16134,California
Yuba,2021-04-07,787,25589,408,7782,327,16426,52,1381,360,6167,424,10378,411,16545,California
Yuba,2021-04-08,753,26342,291,8073,197,16623,265,1646,280,6239,472,10850,544,17089,California
Yuba,2021-04-09,406,26748,172,8245,167,16790,67,1713,172,6245,233,11083,239,17328,California
Yuba,2021-04-10,605,27353,73,8318,82,16872,450,2163,72,6235,531,11614,521,17849,California
Yuba,2021-04-11,102,27455,24,8342,66,16938,12,2175,43,6232,58,11672,55,17904,California
Yuba,2021-04-12,212,27667,45,8387,137,17075,30,2205,79,6208,132,11804,108,18012,California
Yuba,2021-04-13,399,28066,103,8490,296,17371,0,2205,201,6212,197,12001,201,18213,California
Yuba,2021-04-14,719,28785,110,8600,609,17980,0,2205,130,5754,588,12589,130,18343,California
Yuba,2021-04-15,345,29130,135,8735,210,18190,0,2205,150,5709,195,12784,150,18493,California
Yuba,2021-04-16,341,29471,100,8835,241,18431,0,2205,181,5732,158,12942,181,18674,California
Yuba,2021-04-17,407,29878,60,8895,347,18778,0,2205,335,5996,71,13013,335,19009,California
Yuba,2021-04-18,65,29943,20,8915,45,18823,0,2205,33,5998,31,13044,33,19042,California
Yuba,2021-04-19,246,30189,102,9017,144,18967,0,2205,104,5960,142,13186,104,19146,California
Yuba,2021-04-20,341,30530,103,9120,238,19205,0,2205,187,5997,151,13337,188,19334,California
Yuba,2021-04-21,741,31271,322,9442,419,19624,0,2205,321,5898,420,13757,321,19655,California
Yuba,2021-04-22,375,31646,154,9596,221,19845,0,2205,208,5939,167,13924,208,19863,California
Yuba,2021-04-23,364,32010,127,9723,237,20082,0,2205,174,5925,188,14112,174,20037,California
Yuba,2021-04-24,217,32227,69,9792,148,20230,0,2205,123,5954,94,14206,123,20160,California
Yuba,2021-04-25,75,32302,30,9822,45,20275,0,2205,35,5949,40,14246,35,20195,California
Yuba,2021-04-26,249,32551,66,9888,179,20454,4,2209,114,5932,135,14381,118,20313,California
Yuba,2021-04-27,488,33039,172,10060,306,20760,10,2219,242,5940,244,14625,252,20565,California
Yuba,2021-04-28,449,33488,188,10248,256,21016,5,2224,155,5811,289,14914,160,20725,California
Yuba,2021-04-29,455,33943,89,10337,365,21381,1,2225,162,5682,292,15206,163,20888,California
Yuba,2021-04-30,347,34290,108,10445,209,21590,30,2255,151,5669,194,15400,181,21069,California
Yuba,2021-05-01,209,34499,92,10537,98,21688,19,2274,95,5670,113,15513,114,21183,California
Yuba,2021-05-02,70,34569,39,10576,27,21715,4,2278,38,5680,32,15545,42,21225,California
Yuba,2021-05-03,164,34733,65,10641,90,21805,9,2287,51,5629,111,15656,60,21285,California
Yuba,2021-05-04,339,35072,106,10747,212,22017,21,2308,150,5611,189,15845,171,21456,California
Yuba,2021-05-05,333,35405,96,10843,230,22247,7,2315,116,5517,217,16062,123,21579,California
Yuba,2021-05-06,303,35708,126,10969,139,22386,38,2353,102,5459,198,16260,140,21719,California
Yuba,2021-05-07,363,36071,100,11069,235,22621,28,2381,119,5362,243,16503,146,21865,California
Yuba,2021-05-08,130,36201,56,11125,71,22692,3,2384,55,5345,75,16578,58,21923,California
Yuba,2021-05-09,56,36257,25,11150,28,22720,3,2387,34,5360,22,16600,37,21960,California
Yuba,2021-05-10,174,36431,57,11207,99,22819,18,2405,54,5313,119,16719,72,22032,California
Yuba,2021-05-11,389,36820,178,11385,197,23016,14,2419,143,5225,244,16963,156,22188,California
Yuba,2021-05-12,276,37096,145,11530,123,23139,8,2427,103,5163,173,17136,111,22299,California
Yuba,2021-05-13,368,37464,199,11729,125,23264,44,2471,113,5068,252,17388,157,22456,California
Yuba,2021-05-14,368,37832,139,11868,209,23473,20,2491,154,5027,214,17602,173,22629,California
Yuba,2021-05-15,437,38269,113,11981,303,23776,21,2512,113,4838,322,17924,133,22762,California
Yuba,2021-05-16,151,38420,52,12033,90,23866,9,2521,95,4887,55,17979,104,22866,California
Yuba,2021-05-17,216,38636,89,12122,107,23973,20,2541,89,4871,125,18104,109,22975,California
Yuba,2021-05-18,394,39030,163,12285,222,24195,9,2550,165,4816,229,18333,174,23149,California
Yuba,2021-05-19,261,39291,145,12430,110,24305,6,2556,129,4819,132,18465,135,23284,California
Yuba,2021-05-20,432,39723,305,12735,115,24420,12,2568,259,4918,172,18637,271,23555,California
Yuba,2021-05-21,517,40240,272,13007,237,24657,8,2576,306,5023,209,18846,314,23869,California
Yuba,2021-05-22,229,40469,123,13130,97,24754,9,2585,95,4993,134,18980,104,23973,California
Yuba,2021-05-23,73,40542,41,13171,30,24784,2,2587,37,4997,35,19015,39,24012,California
Yuba,2021-05-24,165,40707,55,13226,93,24877,17,2604,49,4949,115,19130,67,24079,California
Yuba,2021-05-25,315,41022,109,13335,189,25066,17,2621,112,4876,201,19331,128,24207,California
Yuba,2021-05-26,232,41254,100,13435,116,25182,16,2637,85,4831,146,19477,101,24308,California
Yuba,2021-05-27,246,41500,76,13511,158,25340,12,2649,97,4793,147,19624,109,24417,California
Yuba,2021-05-28,246,41746,109,13620,130,25470,7,2656,116,4788,128,19752,123,24540,California
Yuba,2021-05-29,165,41911,67,13687,76,25546,22,2678,87,4820,77,19829,109,24649,California
Yuba,2021-05-30,52,41963,22,13709,25,25571,5,2683,21,4815,31,19860,26,24675,California
Yuba,2021-05-31,30,41993,3,13712,20,25591,7,2690,10,4812,20,19880,17,24692,California
Yuba,2021-06-01,247,42240,108,13820,132,25723,7,2697,84,4743,159,20039,90,24782,California
Yuba,2021-06-02,201,42441,82,13902,112,25835,7,2704,60,4671,140,20179,68,24850,California
Yuba,2021-06-03,179,42620,105,14007,68,25903,6,2710,63,4625,115,20294,69,24919,California
Yuba,2021-06-04,243,42863,119,14126,113,26016,11,2721,80,4553,162,20456,90,25009,California
Yuba,2021-06-05,200,43063,151,14277,43,26059,6,2727,90,4540,109,20565,96,25105,California
Yuba,2021-06-06,110,43173,94,14371,13,26072,3,2730,21,4476,88,20653,24,25129,California
Yuba,2021-06-07,115,43288,47,14418,52,26124,16,2746,36,4449,79,20732,52,25181,California
Yuba,2021-06-08,246,43534,115,14533,124,26248,7,2753,72,4356,172,20904,79,25260,California
Yuba,2021-06-09,171,43705,103,14636,62,26310,6,2759,72,4336,98,21002,78,25338,California
Yuba,2021-06-10,379,44084,302,14938,68,26378,9,2768,93,4154,284,21286,102,25440,California
Yuba,2021-06-11,329,44413,235,15173,82,26460,12,2780,65,3968,264,21550,78,25518,California
Yuba,2021-06-12,133,44546,90,15263,37,26497,6,2786,36,3913,97,21647,42,25560,California
Yuba,2021-06-13,47,44593,21,15284,23,26520,3,2789,12,3894,34,21681,15,25575,California
Yuba,2021-06-14,114,44707,54,15338,50,26570,10,2799,33,3857,80,21761,43,25618,California
Yuba,2021-06-15,241,44948,99,15437,134,26704,8,2807,90,3807,148,21909,98,25716,California
Yuba,2021-06-16,155,45103,94,15531,51,26755,10,2817,74,3813,78,21987,84,25800,California
Yuba,2021-06-17,195,45298,114,15645,69,26824,12,2829,83,3796,112,22099,95,25895,California
Yuba,2021-06-18,222,45520,110,15755,90,26914,22,2851,70,3738,150,22249,92,25987,California
Yuba,2021-06-19,139,45659,70,15825,62,26976,7,2858,36,3678,103,22352,43,26030,California
Yuba,2021-06-20,33,45692,19,15844,11,26987,3,2861,13,3674,20,22372,16,26046,California
Yuba,2021-06-21,86,45778,38,15882,39,27026,9,2870,41,3682,41,22413,49,26095,California
Yuba,2021-06-22,174,45952,73,15955,89,27115,12,2882,69,3659,103,22516,80,26175,California
Yuba,2021-06-23,127,46079,71,16026,43,27158,13,2895,52,3649,74,22590,64,26239,California
Yuba,2021-06-24,136,46215,82,16108,47,27205,7,2902,59,3638,77,22667,66,26305,California
Yuba,2021-06-25,169,46384,97,16205,63,27268,9,2911,82,3642,87,22754,91,26396,California
Yuba,2021-06-26,133,46517,106,16311,26,27294,1,2912,44,3599,88,22842,45,26441,California
Yuba,2021-06-27,66,46583,44,16355,20,27314,2,2914,36,3607,30,22872,38,26479,California
Yuba,2021-06-28,61,46644,33,16388,24,27338,4,2918,27,3604,34,22906,31,26510,California
Yuba,2021-06-29,162,46806,86,16474,67,27405,9,2927,61,3574,100,23006,70,26580,California
Yuba,2021-06-30,135,46941,77,16551,51,27456,7,2934,68,3582,67,23073,75,26655,California
Yuba,2021-07-01,117,47058,80,16631,31,27487,6,2940,43,3558,73,23146,49,26704,California
Yuba,2021-07-02,124,47182,51,16682,57,27544,16,2956,39,3528,85,23231,55,26759,California
Yuba,2021-07-03,63,47245,44,16726,19,27563,0,2956,34,3533,29,23260,34,26793,California
Yuba,2021-07-04,6,47251,3,16729,3,27566,0,2956,3,3533,3,23263,3,26796,California
Yuba,2021-07-05,65,47316,43,16772,17,27583,5,2961,35,3543,30,23293,40,26836,California
Yuba,2021-07-06,173,47489,94,16866,65,27648,14,2975,64,3518,103,23396,78,26914,California
Yuba,2021-07-07,88,47577,52,16918,32,27680,4,2979,37,3508,51,23447,41,26955,California
