county,administered_date,total_doses,cumulative_total_doses,pfizer_doses,cumulative_pfizer_doses,moderna_doses,cumulative_moderna_doses,jj_doses,cumulative_jj_doses,partially_vaccinated,total_partially_vaccinated,fully_vaccinated,cumulative_fully_vaccinated,at_least_one_dose,cumulative_at_least_one_dose,california_flag
All CA Counties,2020-12-15,1153,1153,1153,1153,0,0,0,0,1153,1153,0,0,1153,1153,
All CA Counties,2020-12-16,8451,9604,8451,9604,0,0,0,0,8451,9604,0,0,8451,9604,
All CA Counties,2020-12-17,26514,36118,26514,36118,0,0,0,0,26516,36120,0,0,26516,36120,
All CA Counties,2020-12-18,45201,81319,45143,81261,58,58,0,0,45201,81320,1,1,45201,81321,
All CA Counties,2020-12-19,25485,106804,25458,106719,27,85,0,0,25484,106803,1,2,25484,106805,
All CA Counties,2020-12-20,19113,125917,19084,125803,29,114,0,0,19112,125914,1,3,19112,125917,
All CA Counties,2020-12-21,49756,175673,49665,175468,91,205,0,0,49757,175669,3,6,49758,175675,
All CA Counties,2020-12-22,50141,225814,48004,223472,2137,2342,0,0,50135,225800,4,10,50135,225810,
All CA Counties,2020-12-23,50710,276524,41898,265370,8812,11154,0,0,50705,276504,4,14,50708,276518,
All CA Counties,2020-12-24,24096,300620,16349,281719,7747,18901,0,0,24091,300592,5,19,24093,300611,
All CA Counties,2020-12-25,2348,302968,2023,283742,325,19226,0,0,2348,302940,0,19,2348,302959,
All CA Counties,2020-12-26,14624,317592,9468,293210,5156,24382,0,0,14622,317560,2,21,14622,317581,
All CA Counties,2020-12-27,9462,327054,5605,298815,3857,28239,0,0,9459,327016,3,24,9459,327040,
All CA Counties,2020-12-28,46083,373137,29519,328334,16564,44803,0,0,46079,373092,3,27,46079,373119,
All CA Counties,2020-12-29,51310,424447,28590,356924,22720,67523,0,0,51305,424393,4,31,51305,424424,
All CA Counties,2020-12-30,63103,487550,35627,392551,27476,94999,0,0,63091,487478,9,40,63094,487518,
All CA Counties,2020-12-31,29555,517105,10928,403479,18627,113626,0,0,29536,516998,17,57,29537,517055,
All CA Counties,2021-01-01,4541,521646,2050,405529,2491,116117,0,0,4533,521524,7,64,4533,521588,
All CA Counties,2021-01-02,18519,540165,10245,415774,8274,124391,0,0,18517,540041,0,64,18517,540105,
All CA Counties,2021-01-03,6199,546364,3508,419282,2691,127082,0,0,6165,546193,13,77,6165,546270,
All CA Counties,2021-01-04,43602,589966,22011,441293,21591,148673,0,0,43522,589675,40,117,43522,589792,
All CA Counties,2021-01-05,56692,646658,29882,471175,26810,175483,0,0,51041,635221,5591,5708,51137,640929,
All CA Counties,2021-01-06,73550,720208,40593,511768,32957,208440,0,0,57843,677576,15527,21235,57882,698811,
All CA Counties,2021-01-07,92430,812638,52589,564357,39841,248281,0,0,60974,707323,31283,52518,61030,759841,
All CA Counties,2021-01-08,106984,919622,64253,628610,42731,291012,0,0,65234,731013,41609,94127,65299,825140,
All CA Counties,2021-01-09,44478,964100,25576,654186,18902,309914,0,0,27858,742305,16594,110721,27886,853026,
All CA Counties,2021-01-10,24371,988471,14880,669066,9491,319405,0,0,13117,744204,11237,121958,13136,866162,
All CA Counties,2021-01-11,104714,1093185,69654,738720,35060,354465,0,0,60750,761211,43917,165875,60924,927086,
All CA Counties,2021-01-12,113866,1207051,67405,806125,46461,400926,0,0,72453,792593,41310,207185,72692,999778,
All CA Counties,2021-01-13,119539,1326590,62031,868156,57508,458434,0,0,85540,844308,33911,241096,85626,1085404,
All CA Counties,2021-01-14,124228,1450818,49817,917973,74411,532845,0,0,104475,929311,19646,260742,104649,1190053,
All CA Counties,2021-01-15,142408,1593226,52069,970042,90339,623184,0,0,127152,1041526,15158,275900,127373,1317426,
All CA Counties,2021-01-16,80733,1673959,27456,997498,53277,676461,0,0,73107,1107090,7598,283498,73162,1390588,
All CA Counties,2021-01-17,48316,1722275,16902,1014400,31414,707875,0,0,44641,1148112,3664,287162,44686,1435274,
All CA Counties,2021-01-18,88387,1810662,46165,1060565,42222,750097,0,0,69016,1198005,19296,306458,69189,1504463,
All CA Counties,2021-01-19,142358,1953020,73816,1134381,68542,818639,0,0,111068,1278214,31194,337652,111403,1615866,
All CA Counties,2021-01-20,161189,2114209,82255,1216636,78934,897573,0,0,127402,1372322,33561,371213,127669,1743535,
All CA Counties,2021-01-21,174421,2288630,77299,1293935,97122,994695,0,0,155172,1508836,19025,390238,155539,1899074,
All CA Counties,2021-01-22,170529,2459159,69527,1363462,101002,1095697,0,0,156120,1650847,14267,404505,156278,2055352,
All CA Counties,2021-01-23,111846,2571005,49635,1413097,62211,1157908,0,0,99252,1737683,12535,417040,99371,2154723,
All CA Counties,2021-01-24,61085,2632090,29522,1442619,31563,1189471,0,0,56394,1789481,4660,421700,56458,2211181,
All CA Counties,2021-01-25,145618,2777708,65528,1508147,80090,1269561,0,0,110308,1864988,35174,456874,110681,2321862,
All CA Counties,2021-01-26,169758,2947466,83369,1591516,86389,1355950,0,0,131989,1959614,37629,494503,132255,2454117,
All CA Counties,2021-01-27,183394,3130860,88285,1679801,95109,1451059,0,0,143773,2064319,39286,533789,143991,2598108,
All CA Counties,2021-01-28,189007,3319867,87294,1767095,101713,1552772,0,0,154591,2185016,34120,567909,154817,2752925,
All CA Counties,2021-01-29,184743,3504610,88843,1855938,95900,1648672,0,0,149778,2300603,34374,602283,149961,2902886,
All CA Counties,2021-01-30,124322,3628932,56160,1912098,68162,1716834,0,0,108856,2394310,15294,617577,109001,3011887,
All CA Counties,2021-01-31,69630,3698562,39062,1951160,30568,1747402,0,0,64686,2454162,4894,622471,64746,3076633,
All CA Counties,2021-02-01,162445,3861007,76061,2027221,86384,1833786,0,0,121500,2535071,40770,663241,121679,3198312,
All CA Counties,2021-02-02,186224,4047231,78465,2105686,107759,1941545,0,0,141517,2632435,44415,707656,141779,3340091,
All CA Counties,2021-02-03,212043,4259274,96153,2201839,115890,2057435,0,0,157406,2735996,54131,761787,157692,3497783,
All CA Counties,2021-02-04,228683,4487957,100259,2302098,128424,2185859,0,0,167851,2843970,60286,822073,168260,3666043,
All CA Counties,2021-02-05,247065,4735022,106924,2409022,140141,2326000,0,0,167890,2934121,78356,900429,168507,3834550,
All CA Counties,2021-02-06,155476,4890498,75434,2484456,80042,2406042,0,0,120581,3020484,34722,935151,121085,3955635,
All CA Counties,2021-02-07,67380,4957878,43706,2528162,23674,2429716,0,0,50898,3055435,16400,951551,51351,4006986,
All CA Counties,2021-02-08,182124,5140002,89992,2618154,92132,2521848,0,0,120354,3115239,61326,1012877,121130,4128116,
All CA Counties,2021-02-09,211899,5351901,102570,2720724,109329,2631177,0,0,127066,3159111,84367,1097244,128239,4256355,
All CA Counties,2021-02-10,249489,5601390,120246,2840970,129243,2760420,0,0,138529,3189076,110129,1207373,140094,4396449,
All CA Counties,2021-02-11,266561,5867951,132067,2973037,134494,2894914,0,0,145695,3216986,119716,1327089,147626,4544075,
All CA Counties,2021-02-12,273335,6141286,119832,3092869,153503,3048417,0,0,147529,3242102,124909,1451998,150025,4694100,
All CA Counties,2021-02-13,166984,6308270,77518,3170387,89466,3137883,0,0,92136,3261809,74464,1526462,94171,4788271,
All CA Counties,2021-02-14,95692,6403962,47652,3218039,48040,3185923,0,0,51764,3271492,43753,1570215,53436,4841707,
All CA Counties,2021-02-15,142657,6546619,62581,3280620,80076,3265999,0,0,78820,3290005,63455,1633670,81968,4923675,
All CA Counties,2021-02-16,249613,6796232,118545,3399165,131068,3397067,0,0,133322,3310561,115901,1749571,136457,5060132,
All CA Counties,2021-02-17,259756,7055988,129359,3528524,130397,3527464,0,0,129117,3312815,130073,1879644,132327,5192459,
All CA Counties,2021-02-18,273693,7329681,142824,3671348,130869,3658333,0,0,132084,3308264,140869,2020513,136318,5328777,
All CA Counties,2021-02-19,254152,7583833,147414,3818762,106738,3765071,0,0,130814,3318340,122817,2143330,132893,5461670,
All CA Counties,2021-02-20,154288,7738121,98913,3917675,55375,3820446,0,0,84702,3335722,69303,2212633,86685,5548355,
All CA Counties,2021-02-21,83294,7821415,69025,3986700,14269,3834715,0,0,41752,3337741,41276,2253909,43295,5591650,
All CA Counties,2021-02-22,165515,7986930,110851,4097551,54664,3889379,0,0,82797,3339872,82379,2336288,84510,5676160,
All CA Counties,2021-02-23,227118,8214048,120209,4217760,106909,3996288,0,0,105690,3330762,120797,2457085,111687,5787847,
All CA Counties,2021-02-24,284688,8498736,144022,4361782,140666,4136954,0,0,135044,3324355,148998,2606083,142591,5930438,
All CA Counties,2021-02-25,323515,8822251,159627,4521409,163888,4300842,0,0,169341,3348799,153456,2759539,177900,6108338,
All CA Counties,2021-02-26,358183,9180434,167079,4688488,191104,4491946,0,0,199350,3397551,157881,2917420,206633,6314971,
All CA Counties,2021-02-27,254205,9434639,123854,4812342,130327,4622273,24,24,144262,3436958,109296,3026716,148703,6463674,
All CA Counties,2021-02-28,135629,9570268,81388,4893730,54230,4676503,11,35,79601,3463844,55569,3082285,82455,6546129,
All CA Counties,2021-03-01,245352,9815620,131033,5024763,114186,4790689,133,168,141204,3505886,103313,3185598,145355,6691484,
All CA Counties,2021-03-02,290705,10106325,146902,5171665,143773,4934462,30,198,175204,3573062,114947,3300545,182123,6873607,
All CA Counties,2021-03-03,335935,10442260,167360,5339025,168510,5102972,65,263,194004,3633233,141200,3441745,201371,7074978,
All CA Counties,2021-03-04,353457,10795717,178673,5517698,174688,5277660,96,359,207566,3702822,145107,3586852,214696,7289674,
All CA Counties,2021-03-05,341095,11136812,167711,5685409,172254,5449914,1130,1489,212226,3795409,128022,3714874,220609,7510283,
All CA Counties,2021-03-06,260111,11396923,133577,5818986,118677,5568591,7857,9346,161762,3871816,97911,3812785,174318,7684601,
All CA Counties,2021-03-07,128188,11525111,78733,5897719,45282,5613873,4173,13519,80329,3912328,47661,3860446,88173,7772774,
All CA Counties,2021-03-08,221142,11746253,107997,6005716,102622,5716495,10523,24042,144895,3996877,75822,3936268,160371,7933145,
All CA Counties,2021-03-09,292333,12038586,139786,6145502,136586,5853081,15961,40003,164073,4053197,127746,4064014,184066,8117211,
All CA Counties,2021-03-10,323528,12362114,161311,6306813,137693,5990774,24524,64527,175386,4109819,147438,4211452,204060,8321271,
All CA Counties,2021-03-11,377285,12739399,182420,6489233,161494,6152268,33371,97898,193838,4158756,182460,4393912,231397,8552668,
All CA Counties,2021-03-12,395959,13135358,176934,6666167,172668,6324936,46357,144255,194209,4202572,200891,4594803,244707,8797375,
All CA Counties,2021-03-13,284068,13419426,125039,6791206,127832,6452768,31197,175452,153415,4261233,130188,4724991,188849,8986224,
All CA Counties,2021-03-14,155211,13574637,83438,6874644,56654,6509422,15119,190571,78695,4281090,76209,4801200,96066,9082290,
All CA Counties,2021-03-15,291456,13866093,139403,7014047,131420,6640842,20633,211204,158447,4331343,132218,4933418,182471,9264761,
All CA Counties,2021-03-16,371144,14237237,174300,7188347,179450,6820292,17394,228598,214964,4411486,155405,5088823,235548,9500309,
All CA Counties,2021-03-17,385472,14622709,190975,7379322,175849,6996141,18648,247246,238694,4525454,145888,5234711,259856,9760165,
All CA Counties,2021-03-18,403403,15026112,206693,7586015,178384,7174525,18326,265572,238979,4621605,163282,5397993,259433,10019598,
All CA Counties,2021-03-19,412116,15438228,216942,7802957,173503,7348028,21671,287243,238869,4711968,172239,5570232,262602,10282200,
All CA Counties,2021-03-20,295684,15733912,155638,7958595,124131,7472159,15915,303158,186613,4807641,108350,5678582,204023,10486223,
All CA Counties,2021-03-21,144313,15878225,99874,8058469,36902,7509061,7537,310695,88614,4849877,55296,5733878,97532,10583755,
All CA Counties,2021-03-22,273712,16151937,159410,8217879,103067,7612128,11235,321930,177667,4946596,95223,5829101,191942,10775697,
All CA Counties,2021-03-23,359095,16511032,198086,8415965,149920,7762048,11089,333019,220412,5042951,137731,5966832,234086,11009783,
All CA Counties,2021-03-24,388218,16899250,222218,8638183,153455,7915503,12545,345564,225158,5120955,161782,6128614,239786,11249569,
All CA Counties,2021-03-25,418589,17317839,230593,8868776,173093,8088596,14903,360467,236811,5194399,180413,6309027,253857,11503426,
All CA Counties,2021-03-26,435677,17753516,233003,9101779,186552,8275148,16122,376589,234864,5248679,199544,6508571,253824,11757250,
All CA Counties,2021-03-27,313570,18067086,166787,9268566,134984,8410132,11799,388388,157647,5265316,155050,6663621,171687,11928937,
All CA Counties,2021-03-28,169515,18236601,109144,9377710,56781,8466913,3590,391978,88477,5278976,80569,6744190,94229,12023166,
All CA Counties,2021-03-29,310719,18547320,167254,9544964,134407,8601320,9058,401036,172640,5325911,137263,6881453,184198,12207364,
All CA Counties,2021-03-30,399021,18946341,202092,9747056,178674,8779994,18255,419291,224143,5396018,174042,7055495,244149,12451513,
All CA Counties,2021-03-31,426943,19373284,232253,9979309,172930,8952924,21760,441051,237258,5467458,188583,7244078,260023,12711536,
All CA Counties,2021-04-01,493035,19866319,252479,10231788,200142,9153066,40414,481465,271364,5560157,220187,7464265,312886,13024422,
All CA Counties,2021-04-02,474349,20340668,231272,10463060,199830,9352896,43247,524712,257425,5646787,215636,7679901,302266,13326688,
All CA Counties,2021-04-03,330222,20670890,168211,10631271,120460,9473356,41551,566263,164633,5689178,164896,7844797,207287,13533975,
All CA Counties,2021-04-04,132649,20803539,69195,10700466,44376,9517732,19078,585341,58059,5692193,74256,7919053,77271,13611246,
All CA Counties,2021-04-05,353862,21157401,182368,10882834,131651,9649383,39843,625184,173978,5729280,179144,8098197,216231,13827477,
All CA Counties,2021-04-06,458294,21615695,232249,11115083,160417,9809800,65628,690812,222100,5783665,235210,8333407,289595,14117072,
All CA Counties,2021-04-07,473078,22088773,245611,11360694,157343,9967143,70124,760936,230311,5843289,241761,8575168,301385,14418457,
All CA Counties,2021-04-08,500765,22589538,252535,11613229,163618,10130761,84612,845548,235554,5901659,263959,8839127,322329,14740786,
All CA Counties,2021-04-09,496021,23085559,247310,11860539,168617,10299378,80094,925642,228456,5946748,266436,9105563,311525,15052311,
All CA Counties,2021-04-10,368441,23454000,168677,12029216,125338,10424716,74426,1000068,154538,5965222,213111,9318674,231585,15283896,
All CA Counties,2021-04-11,188109,23642109,105687,12134903,48324,10473040,34098,1034166,78114,5970620,109626,9428300,115024,15398920,
All CA Counties,2021-04-12,341064,23983173,175216,12310119,127585,10600625,38263,1072429,157955,5988282,182083,9610383,199745,15598665,
All CA Counties,2021-04-13,434299,24417472,243099,12553218,190236,10790861,964,1073393,242760,6044543,190478,9800861,246739,15845404,
All CA Counties,2021-04-14,454661,24872133,254880,12808098,199487,10990348,294,1073687,237050,6070048,216353,10017214,241858,16087262,
All CA Counties,2021-04-15,494971,25367104,288347,13096445,206329,11196677,295,1073982,277374,6134478,216066,10233280,280496,16367758,
All CA Counties,2021-04-16,479590,25846694,269911,13366356,209367,11406044,312,1074294,255966,6170967,222242,10455522,258731,16626489,
All CA Counties,2021-04-17,345197,26191891,193560,13559916,151572,11557616,65,1074359,196580,6223119,147669,10603191,199821,16826310,
All CA Counties,2021-04-18,156041,26347932,99164,13659080,56859,11614475,18,1074377,80437,6231458,75151,10678342,83490,16909800,
All CA Counties,2021-04-19,320982,26668914,184585,13843665,136298,11750773,99,1074476,152252,6217974,167755,10846097,154271,17064071,
All CA Counties,2021-04-20,409741,27078655,218087,14061752,191573,11942346,81,1074557,203917,6220452,204718,11050815,207196,17271267,
All CA Counties,2021-04-21,423416,27502071,239455,14301207,183691,12126037,270,1074827,204039,6210189,217871,11268686,207608,17478875,
All CA Counties,2021-04-22,447105,27949176,254697,14555904,192331,12318368,77,1074904,199560,6166973,246096,11514782,202880,17681755,
All CA Counties,2021-04-23,439447,28388623,249855,14805759,189503,12507871,89,1074993,199292,6130983,238705,11753487,202715,17884470,
All CA Counties,2021-04-24,325514,28714137,204954,15010713,120381,12628252,179,1075172,165327,6140547,159202,11912689,168766,18053236,
All CA Counties,2021-04-25,149786,28863923,98715,15109428,50997,12679249,74,1075246,80537,6153827,68764,11981453,82044,18135280,
All CA Counties,2021-04-26,300180,29164103,173431,15282859,125211,12804460,1538,1076784,131364,6123418,167794,12149247,137385,18272665,
All CA Counties,2021-04-27,368667,29532770,203291,15486150,158748,12963208,6628,1083412,148889,6063486,218596,12367843,158664,18431329,
All CA Counties,2021-04-28,352649,29885419,201805,15687955,142920,13106128,7924,1091336,145463,6013169,206035,12573878,155718,18587047,
All CA Counties,2021-04-29,362058,30247477,208181,15896136,145942,13252070,7935,1099271,133005,5928111,227838,12801716,142780,18729827,
All CA Counties,2021-04-30,374955,30622432,214604,16110740,151410,13403480,8941,1108212,142245,5849859,231384,13033100,153132,18882959,
All CA Counties,2021-05-01,247881,30870313,158432,16269172,83391,13486871,6058,1114270,89934,5791013,157063,13190163,98217,18981176,
All CA Counties,2021-05-02,116980,30987293,81755,16350927,31342,13518213,3883,1118153,40948,5760606,75614,13265777,45207,19026383,
All CA Counties,2021-05-03,253337,31240630,155550,16506477,89031,13607244,8756,1126909,77290,5672358,175162,13440939,86914,19113297,
All CA Counties,2021-05-04,326903,31567533,199046,16705523,118061,13725305,9796,1136705,97125,5551755,228689,13669628,108086,19221383,
All CA Counties,2021-05-05,330959,31898492,205385,16910908,115513,13840818,10061,1146766,93717,5420531,235987,13905615,104763,19326146,
All CA Counties,2021-05-06,349023,32247515,227456,17138364,111020,13951838,10547,1157313,88488,5263190,258867,14164482,101526,19427672,
All CA Counties,2021-05-07,348410,32595925,218021,17356385,120513,14072351,9876,1167189,94679,5116664,252314,14416796,105788,19533460,
All CA Counties,2021-05-08,225736,32821661,142896,17499281,75960,14148311,6880,1174069,61818,5023871,162955,14579751,70162,19603622,
All CA Counties,2021-05-09,93349,32915010,70364,17569645,20014,14168325,2971,1177040,25359,4984990,67654,14647405,28773,19632395,
All CA Counties,2021-05-10,202218,33117228,115147,17684792,79232,14247557,7839,1184879,50539,4893816,150848,14798253,59674,19692069,
All CA Counties,2021-05-11,266055,33383283,149173,17833965,108273,14355830,8609,1193488,70768,4780577,194333,14992586,81094,19773163,
All CA Counties,2021-05-12,268228,33651511,155857,17989822,103262,14459092,9109,1202597,75812,4675287,191362,15183948,86072,19859235,
All CA Counties,2021-05-13,311942,33963453,200631,18190453,103922,14563014,7389,1209986,118696,4611917,192099,15376047,128729,19987964,
All CA Counties,2021-05-14,334207,34297660,213751,18404204,111622,14674636,8834,1218820,131781,4553430,201181,15577228,142694,20130658,
All CA Counties,2021-05-15,276453,34574113,192803,18597007,77693,14752329,5957,1224777,113436,4511624,162147,15739375,120341,20250999,
All CA Counties,2021-05-16,136255,34710368,104529,18701536,28799,14781128,2927,1227704,55136,4489415,80665,15820040,58456,20309455,
All CA Counties,2021-05-17,238481,34948849,156805,18858341,74271,14855399,7405,1235109,95752,4451592,141839,15961879,104016,20413471,
All CA Counties,2021-05-18,279489,35228338,170178,19028519,101913,14957312,7398,1242507,110326,4402664,168045,16129924,119117,20532588,
All CA Counties,2021-05-19,273776,35502114,171082,19199601,95150,15052462,7544,1250051,114926,4368433,157807,16287731,123576,20656164,
All CA Counties,2021-05-20,260956,35763070,155735,19355336,97107,15149569,8114,1258165,101791,4321814,158036,16445767,111417,20767581,
All CA Counties,2021-05-21,280706,36043776,172758,19528094,100000,15249569,7948,1266113,108708,4268918,170755,16616522,117859,20885440,
All CA Counties,2021-05-22,203004,36246780,134479,19662573,62285,15311854,6240,1272353,86596,4247234,115621,16732143,93937,20979377,
All CA Counties,2021-05-23,86321,36333101,60009,19722582,23623,15335477,2689,1275042,37763,4239929,48148,16780291,40843,21020220,
All CA Counties,2021-05-24,166744,36499845,96661,19819243,61811,15397288,8272,1283314,63036,4209155,102913,16883204,72139,21092359,
All CA Counties,2021-05-25,188701,36688546,110933,19930176,69787,15467075,7981,1291295,72410,4175387,115275,16998479,81507,21173866,
All CA Counties,2021-05-26,183485,36872031,105697,20035873,69977,15537052,7811,1299106,72524,4146562,109875,17108354,81050,21254916,
All CA Counties,2021-05-27,171364,37043395,98006,20133879,64880,15601932,8478,1307584,70177,4125922,100351,17208705,79711,21334627,
All CA Counties,2021-05-28,187531,37230926,108379,20242258,72090,15674022,7062,1314646,81802,4111090,104796,17313501,89964,21424591,
All CA Counties,2021-05-29,106215,37337141,65257,20307515,37182,15711204,3776,1318422,50924,4111521,54759,17368260,55190,21479781,
All CA Counties,2021-05-30,46757,37383898,30857,20338372,13451,15724655,2449,1320871,20982,4109628,25542,17393802,23649,21503430,
All CA Counties,2021-05-31,19708,37403606,11610,20349982,7123,15731778,975,1321846,6469,4104092,13094,17406896,7558,21510988,
All CA Counties,2021-06-01,167228,37570834,97747,20447729,62470,15794248,7011,1328857,62028,4069772,104237,17511133,69917,21580905,
All CA Counties,2021-06-02,141775,37712609,83852,20531581,50857,15845105,7066,1335923,54877,4046348,86014,17597147,62590,21643495,
All CA Counties,2021-06-03,169977,37882586,116370,20647951,46619,15891724,6988,1342911,53773,3992724,115380,17712527,61756,21705251,
All CA Counties,2021-06-04,197861,38080447,139526,20787477,52221,15943945,6114,1349025,61637,3927095,135206,17847733,69577,21774828,
All CA Counties,2021-06-05,156006,38236453,117802,20905279,32654,15976599,5550,1354575,44847,3868024,110386,17958119,51315,21826143,
All CA Counties,2021-06-06,63166,38299619,53246,20958525,7723,15984322,2197,1356772,18542,3845223,44340,18002459,21539,21847682,
All CA Counties,2021-06-07,135573,38435192,99596,21058121,30126,16014448,5851,1362623,40924,3798634,94057,18096516,47468,21895150,
All CA Counties,2021-06-08,157124,38592316,114240,21172361,36204,16050652,6680,1369303,47728,3745542,108522,18205038,55430,21950580,
All CA Counties,2021-06-09,151113,38743429,110012,21282373,34387,16085039,6714,1376017,42146,3687127,108185,18313223,49770,22000350,
All CA Counties,2021-06-10,145655,38889084,105037,21387410,33411,16118450,7207,1383224,43136,3636687,101815,18415038,51375,22051725,
All CA Counties,2021-06-11,157741,39046825,110903,21498313,40184,16158634,6654,1389878,49400,3586157,107470,18522508,56940,22108665,
All CA Counties,2021-06-12,113857,39160682,86307,21584620,23872,16182506,3678,1393556,32683,3542515,80645,18603153,37003,22145668,
All CA Counties,2021-06-13,44123,39204805,32829,21617449,9271,16191777,2023,1395579,11320,3523685,32572,18635725,13742,22159410,
All CA Counties,2021-06-14,114357,39319162,81416,21698865,26244,16218021,6697,1402276,39160,3495528,74614,18710339,46457,22205867,
All CA Counties,2021-06-15,131049,39450211,88602,21787467,33743,16251764,8704,1410980,44101,3463089,86123,18796462,53684,22259551,
All CA Counties,2021-06-16,119362,39569573,84116,21871583,27679,16279443,7567,1418547,41369,3435489,77269,18873731,49669,22309220,
All CA Counties,2021-06-17,111631,39681204,77699,21949282,26598,16306041,7334,1425881,39780,3412077,71134,18944865,47722,22356942,
All CA Counties,2021-06-18,125457,39806661,87176,22036458,31320,16337361,6961,1432842,45195,3385563,79411,19024276,52897,22409839,
All CA Counties,2021-06-19,74701,39881362,54582,22091040,16451,16353812,3668,1436510,28000,3371639,46094,19070370,32170,22442009,
All CA Counties,2021-06-20,30486,39911848,22957,22113997,6187,16359999,1342,1437852,11539,3365991,18737,19089107,13089,22455098,
All CA Counties,2021-06-21,68561,39980409,43199,22157196,19906,16379905,5456,1443308,35434,3374610,32764,19121871,41383,22496481,
All CA Counties,2021-06-22,49674,40030083,34864,22192060,10766,16390671,4044,1447352,18399,3366377,30985,19152856,22752,22519233,
All CA and Non-CA Counties,2020-12-15,1162,1162,1162,1162,0,0,0,0,1162,1162,0,0,1162,1162,
All CA and Non-CA Counties,2020-12-16,8724,9886,8724,9886,0,0,0,0,8724,9886,0,0,8724,9886,
All CA and Non-CA Counties,2020-12-17,28119,38005,28119,38005,0,0,0,0,28119,38005,0,0,28119,38005,
All CA and Non-CA Counties,2020-12-18,47741,85746,47676,85681,65,65,0,0,47740,85744,1,1,47740,85745,
All CA and Non-CA Counties,2020-12-19,26523,112269,26496,112177,27,92,0,0,26522,112265,1,2,26522,112267,
All CA and Non-CA Counties,2020-12-20,19791,132060,19759,131936,32,124,0,0,19790,132054,1,3,19790,132057,
All CA and Non-CA Counties,2020-12-21,51945,184005,51851,183787,94,218,0,0,51942,183994,3,6,51943,184000,
All CA and Non-CA Counties,2020-12-22,52213,236218,50001,233788,2212,2430,0,0,52207,236197,4,10,52207,236207,
All CA and Non-CA Counties,2020-12-23,52243,288461,43286,277074,8957,11387,0,0,52237,288432,5,15,52240,288447,
All CA and Non-CA Counties,2020-12-24,24901,313362,16961,294035,7940,19327,0,0,24896,313325,5,20,24898,313345,
All CA and Non-CA Counties,2020-12-25,2382,315744,2052,296087,330,19657,0,0,2382,315707,0,20,2382,315727,
All CA and Non-CA Counties,2020-12-26,14933,330677,9676,305763,5257,24914,0,0,14931,330636,2,22,14931,330658,
All CA and Non-CA Counties,2020-12-27,9652,340329,5677,311440,3975,28889,0,0,9649,340282,3,25,9649,340307,
All CA and Non-CA Counties,2020-12-28,47497,387826,30419,341859,17078,45967,0,0,47493,387772,3,28,47493,387800,
All CA and Non-CA Counties,2020-12-29,52855,440681,29610,371469,23245,69212,0,0,52850,440618,4,32,52850,440650,
All CA and Non-CA Counties,2020-12-30,65044,505725,36910,408379,28134,97346,0,0,65032,505644,9,41,65035,505685,
All CA and Non-CA Counties,2020-12-31,30659,536384,11525,419904,19134,116480,0,0,30638,536265,18,59,30639,536324,
All CA and Non-CA Counties,2021-01-01,4656,541040,2076,421980,2580,119060,0,0,4648,540906,7,66,4648,540972,
All CA and Non-CA Counties,2021-01-02,18768,559808,10381,432361,8387,127447,0,0,18765,559670,1,67,18765,559737,
All CA and Non-CA Counties,2021-01-03,6371,566179,3599,435960,2772,130219,0,0,6337,565994,13,80,6337,566074,
All CA and Non-CA Counties,2021-01-04,44747,610926,22519,458479,22228,152447,0,0,44662,610615,41,121,44662,610736,
All CA and Non-CA Counties,2021-01-05,58245,669171,30705,489184,27540,179987,0,0,52399,657327,5784,5905,52496,663232,
All CA and Non-CA Counties,2021-01-06,76226,745397,42176,531360,34050,214037,0,0,59787,700897,16256,22161,59826,723058,
All CA and Non-CA Counties,2021-01-07,96634,842031,55188,586548,41446,255483,0,0,63522,731541,32936,55097,63580,786638,
All CA and Non-CA Counties,2021-01-08,111460,953491,67151,653699,44309,299792,0,0,67838,755975,43473,98570,67907,854545,
All CA and Non-CA Counties,2021-01-09,45777,999268,26108,679807,19669,319461,0,0,28829,767913,16921,115491,28859,883404,
All CA and Non-CA Counties,2021-01-10,24671,1023939,15067,694874,9604,329065,0,0,13294,769866,11360,126851,13313,896717,
All CA and Non-CA Counties,2021-01-11,108000,1131939,71676,766550,36324,365389,0,0,62700,787486,45254,172105,62874,959591,
All CA and Non-CA Counties,2021-01-12,117716,1249655,69715,836265,48001,413390,0,0,74754,819629,42854,214959,74997,1034588,
All CA and Non-CA Counties,2021-01-13,123217,1372872,63845,900110,59372,472762,0,0,88032,872655,35096,250055,88122,1122710,
All CA and Non-CA Counties,2021-01-14,127924,1500796,51094,951204,76830,549592,0,0,107524,960076,20280,270335,107701,1230411,
All CA and Non-CA Counties,2021-01-15,146602,1647398,53077,1004281,93525,643117,0,0,130868,1075542,15623,285958,131089,1361500,
All CA and Non-CA Counties,2021-01-16,83407,1730805,27850,1032131,55557,698674,0,0,75604,1143428,7773,293731,75659,1437159,
All CA and Non-CA Counties,2021-01-17,48825,1779630,17056,1049187,31769,730443,0,0,45101,1184861,3713,297444,45146,1482305,
All CA and Non-CA Counties,2021-01-18,89606,1869236,46944,1096131,42662,773105,0,0,69779,1235063,19751,317195,69953,1552258,
All CA and Non-CA Counties,2021-01-19,146473,2015709,75157,1171288,71316,844421,0,0,114284,1317593,32092,349287,114622,1666880,
All CA and Non-CA Counties,2021-01-20,165691,2181400,83742,1255030,81949,926370,0,0,130904,1414207,34558,383845,131172,1798052,
All CA and Non-CA Counties,2021-01-21,178676,2360076,78490,1333520,100186,1026556,0,0,158848,1553833,19589,403434,159215,1957267,
All CA and Non-CA Counties,2021-01-22,175121,2535197,70647,1404167,104474,1131030,0,0,160300,1699619,14674,418108,160460,2117727,
All CA and Non-CA Counties,2021-01-23,114095,2649292,49979,1454146,64116,1195146,0,0,101335,1788372,12701,430809,101454,2219181,
All CA and Non-CA Counties,2021-01-24,61659,2710951,29759,1483905,31900,1227046,0,0,56889,1840585,4740,435549,56953,2276134,
All CA and Non-CA Counties,2021-01-25,150049,2861000,67414,1551319,82635,1309681,0,0,113870,1918790,36039,471588,114244,2390378,
All CA and Non-CA Counties,2021-01-26,175527,3036527,86093,1637412,89434,1399115,0,0,136902,2017478,38487,510075,137175,2527553,
All CA and Non-CA Counties,2021-01-27,188124,3224651,90688,1728100,97436,1496551,0,0,147867,2125647,39918,549993,148087,2675640,
All CA and Non-CA Counties,2021-01-28,193917,3418568,89841,1817941,104076,1600627,0,0,158899,2250058,34714,584707,159125,2834765,
All CA and Non-CA Counties,2021-01-29,189390,3607958,91683,1909624,97707,1698334,0,0,153630,2368706,35166,619873,153814,2988579,
All CA and Non-CA Counties,2021-01-30,128412,3736370,58254,1967878,70158,1768492,0,0,112716,2466042,15526,635399,112862,3101441,
All CA and Non-CA Counties,2021-01-31,72296,3808666,41338,2009216,30958,1799450,0,0,67297,2528451,4949,640348,67358,3168799,
All CA and Non-CA Counties,2021-02-01,167813,3976479,78470,2087686,89343,1888793,0,0,126139,2613277,41492,681840,126318,3295117,
All CA and Non-CA Counties,2021-02-02,192748,4169227,80425,2168111,112323,2001116,0,0,147317,2715726,45130,726970,147579,3442696,
All CA and Non-CA Counties,2021-02-03,219177,4388404,98028,2266139,121149,2122265,0,0,163664,2824677,55000,781970,163951,3606647,
All CA and Non-CA Counties,2021-02-04,235261,4623665,102190,2368329,133071,2255336,0,0,173415,2937216,61290,843260,173829,3780476,
All CA and Non-CA Counties,2021-02-05,253609,4877274,108897,2477226,144712,2400048,0,0,173346,3031742,79438,922698,173964,3954440,
All CA and Non-CA Counties,2021-02-06,159465,5036739,77172,2554398,82293,2482341,0,0,124111,3121187,35173,957871,124618,4079058,
All CA and Non-CA Counties,2021-02-07,69193,5105932,45132,2599530,24061,2506402,0,0,52635,3157801,16476,974347,53090,4132148,
All CA and Non-CA Counties,2021-02-08,186639,5292571,92552,2692082,94087,2600489,0,0,123813,3220019,62371,1036718,124589,4256737,
All CA and Non-CA Counties,2021-02-09,215845,5508416,104169,2796251,111676,2712165,0,0,129710,3265260,85659,1122377,130900,4387637,
All CA and Non-CA Counties,2021-02-10,254798,5763214,121896,2918147,132902,2845067,0,0,141399,3295709,112559,1234936,143008,4530645,
All CA and Non-CA Counties,2021-02-11,271095,6034309,134047,3052194,137048,2982115,0,0,148905,3325535,121029,1355965,150855,4681500,
All CA and Non-CA Counties,2021-02-12,278469,6312778,121667,3173861,156802,3138917,0,0,150826,3352128,126733,1482698,153326,4834826,
All CA and Non-CA Counties,2021-02-13,169283,6482061,78161,3252022,91122,3230039,0,0,93877,3373031,75021,1557719,95924,4930750,
All CA and Non-CA Counties,2021-02-14,96966,6579027,48001,3300023,48965,3279004,0,0,52793,3383505,43994,1601713,54468,4985218,
All CA and Non-CA Counties,2021-02-15,145088,6724115,64012,3364035,81076,3360080,0,0,80017,3402000,64674,1666387,83169,5068387,
All CA and Non-CA Counties,2021-02-16,255759,6979874,121152,3485187,134607,3494687,0,0,135837,3421458,119521,1785908,138979,5207366,
All CA and Non-CA Counties,2021-02-17,265283,7245157,131950,3617137,133333,3628020,0,0,130868,3421698,133843,1919751,134083,5341449,
All CA and Non-CA Counties,2021-02-18,279724,7524881,146115,3763252,133609,3761629,0,0,134105,3415180,144857,2064608,138339,5479788,
All CA and Non-CA Counties,2021-02-19,259588,7784469,151102,3914354,108486,3870115,0,0,133205,3424612,125854,2190462,135286,5615074,
All CA and Non-CA Counties,2021-02-20,157271,7941740,101243,4015597,56028,3926143,0,0,85930,3441472,71054,2261516,87914,5702988,
All CA and Non-CA Counties,2021-02-21,85647,8027387,71158,4086755,14489,3940632,0,0,42569,3442778,42806,2304322,44112,5747100,
All CA and Non-CA Counties,2021-02-22,168789,8196176,113184,4199939,55605,3996237,0,0,84416,3444880,84031,2388353,86133,5833233,
All CA and Non-CA Counties,2021-02-23,232859,8429035,123354,4323293,109505,4105742,0,0,108004,3434678,124216,2512569,114014,5947247,
All CA and Non-CA Counties,2021-02-24,290821,8719856,147341,4470634,143480,4249222,0,0,137486,3427032,152682,2665251,145036,6092283,
All CA and Non-CA Counties,2021-02-25,330166,9050022,162928,4633562,167238,4416460,0,0,172410,3450998,157007,2822258,180973,6273256,
All CA and Non-CA Counties,2021-02-26,364788,9414810,170477,4804039,194311,4610771,0,0,202451,3499432,161301,2983559,209735,6482991,
All CA and Non-CA Counties,2021-02-27,259332,9674142,126284,4930323,133023,4743794,25,25,146147,3537499,112525,3096084,150592,6633583,
All CA and Non-CA Counties,2021-02-28,137734,9811876,82850,5013173,54872,4798666,12,37,80402,3563890,56868,3152952,83259,6716842,
All CA and Non-CA Counties,2021-03-01,249689,10061565,133581,5146754,115974,4914640,134,171,142559,3604322,106284,3259236,146716,6863558,
All CA and Non-CA Counties,2021-03-02,297137,10358702,149130,5295884,147977,5062617,30,201,177261,3669195,119309,3378545,184182,7047740,
All CA and Non-CA Counties,2021-03-03,343621,10702323,170240,5466124,173314,5235931,67,268,196692,3727076,146183,3524728,204064,7251804,
All CA and Non-CA Counties,2021-03-04,360021,11062344,181331,5647455,178588,5414519,102,370,209880,3794755,149339,3674067,217018,7468822,
All CA and Non-CA Counties,2021-03-05,346267,11408611,170267,5817722,174856,5589375,1144,1514,214956,3887662,130455,3804522,223362,7692184,
All CA and Non-CA Counties,2021-03-06,264644,11673255,135641,5953363,120988,5710363,8015,9529,164090,3964360,100115,3904637,176813,7868997,
All CA and Non-CA Counties,2021-03-07,129704,11802959,79693,6033056,45781,5756144,4230,13759,81272,4005302,48233,3952870,89175,7958172,
All CA and Non-CA Counties,2021-03-08,224240,12027199,109854,6142910,103636,5859780,10750,24509,147088,4091401,76698,4029568,162797,8120969,
All CA and Non-CA Counties,2021-03-09,296961,12324160,142184,6285094,138528,5998308,16249,40758,166828,4148894,129616,4159184,187109,8308078,
All CA and Non-CA Counties,2021-03-10,327822,12651982,163376,6448470,139438,6137746,25008,65766,178061,4207071,149049,4308233,207226,8515304,
All CA and Non-CA Counties,2021-03-11,383359,13035341,185523,6633993,163799,6301545,34037,99803,197119,4257170,185245,4493478,235344,8750648,
All CA and Non-CA Counties,2021-03-12,402369,13437710,180814,6814807,174499,6476044,47056,146859,197757,4302381,203743,4697221,248954,8999602,
All CA and Non-CA Counties,2021-03-13,287790,13725500,127207,6942014,128941,6604985,31642,178501,155962,4362868,131356,4828577,191843,9191445,
All CA and Non-CA Counties,2021-03-14,156970,13882470,84355,7026369,57166,6662151,15449,193950,79658,4383223,77005,4905582,97360,9288805,
All CA and Non-CA Counties,2021-03-15,295461,14177931,141510,7167879,132846,6794997,21105,215055,160582,4434223,134082,5039664,185082,9473887,
All CA and Non-CA Counties,2021-03-16,378634,14556565,178649,7346528,182198,6977195,17787,232842,219140,4515620,158716,5198380,240113,9714000,
All CA and Non-CA Counties,2021-03-17,393871,14950436,196423,7542951,178418,7155613,19030,251872,243750,4631687,149228,5347608,265295,9979295,
All CA and Non-CA Counties,2021-03-18,411703,15362139,211819,7754770,181015,7336628,18869,270741,243776,4729687,166773,5514381,264773,10244068,
All CA and Non-CA Counties,2021-03-19,419408,15781547,221275,7976045,175918,7512546,22215,292956,243229,4822032,175165,5689546,267510,10511578,
All CA and Non-CA Counties,2021-03-20,300410,16081957,158764,8134809,125641,7638187,16005,308961,190215,4920289,109459,5799005,207716,10719294,
All CA and Non-CA Counties,2021-03-21,146387,16228344,101297,8236106,37464,7675651,7626,316587,90271,4963857,55710,5854715,99278,10818572,
All CA and Non-CA Counties,2021-03-22,276984,16505328,161386,8397492,104271,7779922,11327,327914,179904,5061880,96247,5950962,194270,11012842,
All CA and Non-CA Counties,2021-03-23,365168,16870496,201177,8598669,152591,7932513,11400,339314,224523,5160709,139679,6090641,238508,11251350,
All CA and Non-CA Counties,2021-03-24,395538,17266034,225964,8824633,156585,8089098,12989,352303,230205,5241936,164048,6254689,245275,11496625,
All CA and Non-CA Counties,2021-03-25,426862,17692896,234432,9059065,177001,8266099,15429,367732,242823,5319669,182662,6437351,260395,11757020,
All CA and Non-CA Counties,2021-03-26,442347,18135243,236516,9295581,189527,8455626,16304,384036,239262,5376282,201790,6639141,258403,12015423,
All CA and Non-CA Counties,2021-03-27,319118,18454361,169890,9465471,137211,8592837,12017,396053,161132,5394563,157107,6796248,175388,12190811,
All CA and Non-CA Counties,2021-03-28,172594,18626955,110788,9576259,58055,8650892,3751,399804,90462,5409281,81657,6877905,96375,12287186,
All CA and Non-CA Counties,2021-03-29,315909,18942864,169558,9745817,136950,8787842,9401,409205,175614,5457322,139474,7017379,187515,12474701,
All CA and Non-CA Counties,2021-03-30,405901,19348765,205710,9951527,181370,8969212,18821,428026,228211,5529269,176843,7194222,248790,12723491,
All CA and Non-CA Counties,2021-03-31,433287,19782052,236026,10187553,174722,9143934,22539,450565,240627,5601885,191552,7385774,264168,12987659,
All CA and Non-CA Counties,2021-04-01,500543,20282595,256964,10444517,202516,9346450,41063,491628,275708,5696414,223342,7609116,317871,13305530,
All CA and Non-CA Counties,2021-04-02,482808,20765403,235764,10680281,202650,9549100,44394,536022,261792,5784471,219719,7828835,307776,13613306,
All CA and Non-CA Counties,2021-04-03,336486,21101889,171957,10852238,121822,9670922,42707,578729,167977,5828446,167811,7996646,211786,13825092,
All CA and Non-CA Counties,2021-04-04,134432,21236321,70072,10922310,45046,9715968,19314,598043,59035,5831865,75062,8071708,78481,13903573,
All CA and Non-CA Counties,2021-04-05,358013,21594334,184372,11106682,133128,9849096,40513,638556,175959,5869437,181308,8253016,218880,14122453,
All CA and Non-CA Counties,2021-04-06,465474,22059808,236117,11342799,162082,10011178,67275,705831,224987,5924073,239489,8492505,294125,14416578,
All CA and Non-CA Counties,2021-04-07,481306,22541114,250233,11593032,159251,10170429,71822,777653,233511,5983567,246780,8739285,306274,14722852,
All CA and Non-CA Counties,2021-04-08,509024,23050138,256880,11849912,165593,10336022,86551,864204,238845,6042198,268917,9008202,327548,15050400,
All CA and Non-CA Counties,2021-04-09,503584,23553722,251184,12101096,170348,10506370,82052,946256,231363,6087505,271080,9279282,316387,15366787,
All CA and Non-CA Counties,2021-04-10,374522,23928244,171656,12272752,126585,10632955,76281,1022537,156208,6105091,217514,9496796,235100,15601887,
All CA and Non-CA Counties,2021-04-11,190960,24119204,107247,12379999,48975,10681930,34738,1057275,79082,6110217,111505,9608301,116631,15718518,
All CA and Non-CA Counties,2021-04-12,345245,24464449,177556,12557555,128872,10810802,38817,1096092,159820,6127991,184390,9792691,202164,15920682,
All CA and Non-CA Counties,2021-04-13,440143,24904592,246826,12804381,192329,11003131,988,1097080,245786,6184489,193291,9985982,249789,16170471,
All CA and Non-CA Counties,2021-04-14,460114,25364706,258365,13062746,201451,11204582,298,1097378,240040,6210533,218809,10204791,244853,16415324,
All CA and Non-CA Counties,2021-04-15,501153,25865859,292243,13354989,208608,11413190,302,1097680,280704,6275500,218866,10423657,283833,16699157,
All CA and Non-CA Counties,2021-04-16,485523,26351382,273306,13628295,211898,11625088,319,1097999,259281,6312705,224850,10648507,262055,16961212,
All CA and Non-CA Counties,2021-04-17,350735,26702117,197042,13825337,153627,11778715,66,1098065,199789,6365750,149986,10798493,203031,17164243,
All CA and Non-CA Counties,2021-04-18,158172,26860289,100358,13925695,57795,11836510,19,1098084,81455,6374003,76259,10874752,84512,17248755,
All CA and Non-CA Counties,2021-04-19,325164,27185453,186592,14112287,138472,11974982,100,1098184,154408,6360665,169769,11044521,156431,17405186,
All CA and Non-CA Counties,2021-04-20,415162,27600615,220557,14332844,194524,12169506,81,1098265,206137,6362172,207910,11252431,209417,17614603,
All CA and Non-CA Counties,2021-04-21,429871,28030486,242161,14575005,187435,12356941,275,1098540,206358,6350120,221986,11474417,209934,17824537,
All CA and Non-CA Counties,2021-04-22,453943,28484429,258190,14833195,195674,12552615,79,1098619,202070,6305141,250409,11724826,205430,18029967,
All CA and Non-CA Counties,2021-04-23,445333,28929762,252849,15086044,192394,12745009,90,1098709,201728,6268156,242139,11966965,205154,18235121,
All CA and Non-CA Counties,2021-04-24,330173,29259935,207998,15294042,121991,12867000,184,1098893,167195,6276810,161988,12128953,170642,18405763,
All CA and Non-CA Counties,2021-04-25,152016,29411951,99973,15394015,51968,12918968,75,1098968,81721,6290236,69806,12198759,83232,18488995,
All CA and Non-CA Counties,2021-04-26,304323,29716274,175258,15569273,127499,13046467,1566,1100534,133239,6259472,170052,12368811,139288,18628283,
All CA and Non-CA Counties,2021-04-27,374361,30090635,205406,15774679,161956,13208423,6999,1107533,150877,6198210,222292,12591103,161030,18789313,
All CA and Non-CA Counties,2021-04-28,357518,30448153,203883,15978562,145314,13353737,8321,1115854,147374,6147251,208980,12800083,158021,18947334,
All CA and Non-CA Counties,2021-04-29,366914,30815067,210426,16188988,148119,13501856,8369,1124223,134833,6061445,230848,13030931,145042,19092376,
All CA and Non-CA Counties,2021-04-30,379872,31194939,216969,16405957,153533,13655389,9370,1133593,144106,5982443,234427,13265358,155425,19247801,
All CA and Non-CA Counties,2021-05-01,251065,31446004,160282,16566239,84296,13739685,6487,1140080,91242,5923471,158927,13424285,99955,19347756,
All CA and Non-CA Counties,2021-05-02,118846,31564850,82851,16649090,31989,13771674,4006,1144086,41784,5892997,76640,13500925,46166,19393922,
All CA and Non-CA Counties,2021-05-03,256238,31821088,157123,16806213,90071,13861745,9044,1153130,78413,5804387,176935,13677860,88325,19482247,
All CA and Non-CA Counties,2021-05-04,330844,32151932,201157,17007370,119447,13981192,10240,1163370,98436,5682915,231311,13909171,109839,19592086,
All CA and Non-CA Counties,2021-05-05,335384,32487316,207853,17215223,117098,14098290,10433,1173803,95327,5550867,238796,14147967,106748,19698834,
All CA and Non-CA Counties,2021-05-06,353498,32840814,230195,17445418,112413,14210703,10890,1184693,90048,5392519,261777,14409744,103429,19802263,
All CA and Non-CA Counties,2021-05-07,353040,33193854,220684,17666102,122091,14332794,10265,1194958,96275,5244956,255336,14665080,107773,19910036,
All CA and Non-CA Counties,2021-05-08,228937,33422791,145043,17811145,76761,14409555,7133,1202091,62870,5151331,165093,14830173,71468,19981504,
All CA and Non-CA Counties,2021-05-09,94724,33517515,71274,17882419,20353,14429908,3097,1205188,25949,5112384,68434,14898607,29487,20010991,
All CA and Non-CA Counties,2021-05-10,204769,33722284,116313,17998732,80284,14510192,8172,1213360,51448,5020819,152483,15051090,60918,20071909,
All CA and Non-CA Counties,2021-05-11,269032,33991316,150584,18149316,109536,14619728,8912,1222272,71890,4907153,196187,15247277,82521,20154430,
All CA and Non-CA Counties,2021-05-12,271425,34262741,157389,18306705,104599,14724327,9437,1231709,77087,4801549,193278,15440555,87674,20242104,
All CA and Non-CA Counties,2021-05-13,315076,34577817,202436,18509141,105041,14829368,7599,1239308,120081,4738031,193843,15634398,130325,20372429,
All CA and Non-CA Counties,2021-05-14,337709,34915526,215714,18724855,112922,14942290,9073,1248381,133350,4679429,203106,15837504,144504,20516933,
All CA and Non-CA Counties,2021-05-15,279086,35194612,194346,18919201,78639,15020929,6101,1254482,114565,4637402,163644,16001148,121617,20638550,
All CA and Non-CA Counties,2021-05-16,137885,35332497,105572,19024773,29316,15050245,2997,1257479,55874,4615113,81554,16082702,59265,20697815,
All CA and Non-CA Counties,2021-05-17,241528,35574025,158414,19183187,75472,15125717,7642,1265121,97065,4577110,143568,16226270,105565,20803380,
All CA and Non-CA Counties,2021-05-18,282733,35856758,171812,19354999,103208,15228925,7713,1272834,111782,4528179,169822,16396092,120891,20924271,
All CA and Non-CA Counties,2021-05-19,277113,36133871,172760,19527759,96541,15325466,7812,1280646,116391,4493817,159670,16555762,125308,21049579,
All CA and Non-CA Counties,2021-05-20,264068,36397939,157456,19685215,98259,15423725,8353,1288999,103206,4447166,159725,16715487,113074,21162653,
All CA and Non-CA Counties,2021-05-21,283896,36681835,174540,19859755,101157,15524882,8199,1297198,110084,4394093,172559,16888046,119486,21282139,
All CA and Non-CA Counties,2021-05-22,205784,36887619,136317,19996072,63024,15587906,6443,1303641,88107,4372862,116883,17004929,95652,21377791,
All CA and Non-CA Counties,2021-05-23,87846,36975465,61002,20057074,24077,15611983,2767,1306408,38518,4365622,48917,17053846,41677,21419468,
All CA and Non-CA Counties,2021-05-24,169099,37144564,97763,20154837,62716,15674699,8620,1315028,64052,4334882,104243,17158089,73503,21492971,
All CA and Non-CA Counties,2021-05-25,191073,37335637,112034,20266871,70721,15745420,8318,1323346,73424,4301113,116624,17274713,82855,21575826,
All CA and Non-CA Counties,2021-05-26,185846,37521483,106783,20373654,70900,15816320,8163,1331509,73517,4272272,111237,17385950,82396,21658222,
All CA and Non-CA Counties,2021-05-27,173526,37695009,99085,20472739,65675,15881995,8766,1340275,71172,4251751,101513,17487463,80992,21739214,
All CA and Non-CA Counties,2021-05-28,189946,37884955,109588,20582327,72943,15954938,7415,1347690,82892,4237045,106114,17593577,91408,21830622,
All CA and Non-CA Counties,2021-05-29,107884,37992839,66097,20648424,37656,15992594,4131,1351821,51643,4237604,55705,17649282,56264,21886886,
All CA and Non-CA Counties,2021-05-30,47674,38040513,31419,20679843,13681,16006275,2574,1354395,21443,4235845,25994,17675276,24235,21911121,
All CA and Non-CA Counties,2021-05-31,20126,38060639,11797,20691640,7317,16013592,1012,1355407,6649,4230300,13320,17688596,7775,21918896,
All CA and Non-CA Counties,2021-06-01,169379,38230018,98874,20790514,63187,16076779,7318,1362725,63081,4196245,105332,17793928,71277,21990173,
All CA and Non-CA Counties,2021-06-02,143862,38373880,84929,20875443,51523,16128302,7410,1370135,55880,4173093,87089,17881017,63937,22054110,
All CA and Non-CA Counties,2021-06-03,172144,38546024,117575,20993018,47269,16175571,7300,1377435,54779,4119632,116534,17997551,63073,22117183,
All CA and Non-CA Counties,2021-06-04,200420,38746444,140963,21133981,53027,16228598,6430,1383865,62770,4054031,136626,18134177,71025,22188208,
All CA and Non-CA Counties,2021-06-05,157743,38904187,119021,21253002,33010,16261608,5712,1389577,45669,3995034,111297,18245474,52300,22240508,
All CA and Non-CA Counties,2021-06-06,64111,38968298,53954,21306956,7876,16269484,2281,1391858,19004,3972298,44821,18290295,22085,22262593,
All CA and Non-CA Counties,2021-06-07,137497,39105795,100634,21407590,30682,16300166,6181,1398039,41748,3925763,95156,18385451,48621,22311214,
All CA and Non-CA Counties,2021-06-08,159192,39264987,115424,21523014,36747,16336913,7021,1405060,48534,3872561,109778,18495229,56576,22367790,
All CA and Non-CA Counties,2021-06-09,153083,39418070,111197,21634211,34891,16371804,6995,1412055,42966,3814102,109329,18604558,50870,22418660,
All CA and Non-CA Counties,2021-06-10,147586,39565656,106157,21740368,33915,16405719,7514,1419569,43969,3763710,102908,18707466,52516,22471176,
All CA and Non-CA Counties,2021-06-11,159902,39725558,112146,21852514,40777,16446496,6979,1426548,50334,3713220,108690,18816156,58200,22529376,
All CA and Non-CA Counties,2021-06-12,115430,39840988,87472,21939986,24155,16470651,3803,1430351,33308,3669386,81589,18897745,37755,22567131,
All CA and Non-CA Counties,2021-06-13,45047,39886035,33454,21973440,9473,16480124,2120,1432471,11721,3650535,33091,18930836,14240,22581371,
All CA and Non-CA Counties,2021-06-14,116087,40002122,82384,22055824,26713,16506837,6990,1439461,39902,3622429,75596,19006432,47490,22628861,
All CA and Non-CA Counties,2021-06-15,132767,40134889,89551,22145375,34243,16541080,8973,1448434,44870,3590084,87067,19093499,54722,22683583,
All CA and Non-CA Counties,2021-06-16,120995,40255884,85088,22230463,28124,16569204,7783,1456217,42170,3562677,78093,19171592,50686,22734269,
All CA and Non-CA Counties,2021-06-17,113393,40369277,78668,22309131,27059,16596263,7666,1463883,40594,3539467,72079,19243671,48869,22783138,
All CA and Non-CA Counties,2021-06-18,127360,40496637,88216,22397347,31744,16628007,7400,1471283,46004,3513112,80499,19324170,54144,22837282,
All CA and Non-CA Counties,2021-06-19,75734,40572371,55273,22452620,16706,16644713,3755,1475038,28539,3499323,46584,19370754,32795,22870077,
All CA and Non-CA Counties,2021-06-20,31250,40603621,23514,22476134,6348,16651061,1388,1476426,11994,3493870,19043,19389797,13590,22883667,
All CA and Non-CA Counties,2021-06-21,69892,40673513,43907,22520041,20230,16671291,5755,1482181,36195,3502985,33328,19423125,42443,22926110,
All CA and Non-CA Counties,2021-06-22,50583,40724096,35345,22555386,10977,16682268,4261,1486442,18859,3494983,31430,19454555,23428,22949538,
Outside California,2020-12-15,9,9,9,9,0,0,0,0,9,9,0,0,9,9,Not in California
Outside California,2020-12-16,273,282,273,282,0,0,0,0,273,282,0,0,273,282,Not in California
Outside California,2020-12-17,1603,1885,1603,1885,0,0,0,0,1603,1885,0,0,1603,1885,Not in California
Outside California,2020-12-18,2539,4424,2532,4417,7,7,0,0,2539,4424,0,0,2539,4424,Not in California
Outside California,2020-12-19,1038,5462,1038,5455,0,7,0,0,1038,5462,0,0,1038,5462,Not in California
Outside California,2020-12-20,678,6140,675,6130,3,10,0,0,678,6140,0,0,678,6140,Not in California
Outside California,2020-12-21,2185,8325,2182,8312,3,13,0,0,2185,8325,0,0,2185,8325,Not in California
Outside California,2020-12-22,2072,10397,1997,10309,75,88,0,0,2072,10397,0,0,2072,10397,Not in California
Outside California,2020-12-23,1533,11930,1388,11697,145,233,0,0,1532,11928,1,1,1532,11929,Not in California
Outside California,2020-12-24,805,12735,612,12309,193,426,0,0,805,12733,0,1,805,12734,Not in California
Outside California,2020-12-25,34,12769,29,12338,5,431,0,0,34,12767,0,1,34,12768,Not in California
Outside California,2020-12-26,309,13078,208,12546,101,532,0,0,309,13076,0,1,309,13077,Not in California
Outside California,2020-12-27,190,13268,72,12618,118,650,0,0,190,13266,0,1,190,13267,Not in California
Outside California,2020-12-28,1413,14681,899,13517,514,1164,0,0,1413,14679,0,1,1413,14680,Not in California
Outside California,2020-12-29,1543,16224,1019,14536,524,1688,0,0,1543,16222,0,1,1543,16223,Not in California
Outside California,2020-12-30,1887,18111,1229,15765,658,2346,0,0,1887,18109,0,1,1887,18110,Not in California
Outside California,2020-12-31,1103,19214,597,16362,506,2852,0,0,1102,19210,1,2,1102,19212,Not in California
Outside California,2021-01-01,115,19329,26,16388,89,2941,0,0,115,19325,0,2,115,19327,Not in California
Outside California,2021-01-02,248,19577,136,16524,112,3053,0,0,247,19571,1,3,247,19574,Not in California
Outside California,2021-01-03,172,19749,91,16615,81,3134,0,0,172,19743,0,3,172,19746,Not in California
Outside California,2021-01-04,1144,20893,507,17122,637,3771,0,0,1139,20881,1,4,1139,20885,Not in California
Outside California,2021-01-05,1553,22446,823,17945,730,4501,0,0,1358,22047,193,197,1359,22244,Not in California
Outside California,2021-01-06,2672,25118,1581,19526,1091,5592,0,0,1940,23258,729,926,1940,24184,Not in California
Outside California,2021-01-07,4137,29255,2532,22058,1605,7197,0,0,2482,24089,1653,2579,2484,26668,Not in California
Outside California,2021-01-08,4476,33731,2898,24956,1578,8775,0,0,2603,24832,1864,4443,2607,29275,Not in California
Outside California,2021-01-09,1298,35029,531,25487,767,9542,0,0,970,25477,327,4770,972,30247,Not in California
Outside California,2021-01-10,300,35329,187,25674,113,9655,0,0,177,25531,123,4893,177,30424,Not in California
Outside California,2021-01-11,3267,38596,2003,27677,1264,10919,0,0,1930,26124,1337,6230,1930,32354,Not in California
Outside California,2021-01-12,3843,42439,2304,29981,1539,12458,0,0,2296,26880,1543,7773,2299,34653,Not in California
Outside California,2021-01-13,3675,46114,1811,31792,1864,14322,0,0,2489,28188,1185,8958,2493,37146,Not in California
Outside California,2021-01-14,3694,49808,1275,33067,2419,16741,0,0,3047,30604,634,9592,3050,40196,Not in California
Outside California,2021-01-15,4189,53997,1004,34071,3185,19926,0,0,3711,33850,465,10057,3711,43907,Not in California
Outside California,2021-01-16,2670,56667,390,34461,2280,22206,0,0,2493,36168,175,10232,2493,46400,Not in California
Outside California,2021-01-17,507,57174,152,34613,355,22561,0,0,458,36577,49,10281,458,46858,Not in California
Outside California,2021-01-18,1210,58384,770,35383,440,23001,0,0,754,36877,455,10736,755,47613,Not in California
Outside California,2021-01-19,4110,62494,1336,36719,2774,25775,0,0,3212,39194,898,11634,3215,50828,Not in California
Outside California,2021-01-20,4448,66942,1433,38152,3015,28790,0,0,3499,41749,945,12579,3500,54328,Not in California
Outside California,2021-01-21,4236,71178,1174,39326,3062,31852,0,0,3656,44842,563,13142,3656,57984,Not in California
Outside California,2021-01-22,4582,75760,1115,40441,3467,35319,0,0,4170,48607,407,13549,4172,62156,Not in California
Outside California,2021-01-23,2241,78001,341,40782,1900,37219,0,0,2075,50516,166,13715,2075,64231,Not in California
Outside California,2021-01-24,572,78573,235,41017,337,37556,0,0,492,50928,80,13795,492,64723,Not in California
Outside California,2021-01-25,4425,82998,1882,42899,2543,40099,0,0,3558,53624,863,14658,3559,68282,Not in California
Outside California,2021-01-26,5754,88752,2710,45609,3044,43143,0,0,4896,57670,857,15515,4903,73185,Not in California
Outside California,2021-01-27,4723,93475,2396,48005,2327,45470,0,0,4088,61129,631,16146,4090,77275,Not in California
Outside California,2021-01-28,4837,98312,2476,50481,2361,47831,0,0,4291,64885,535,16681,4291,81566,Not in California
Outside California,2021-01-29,4546,102858,2739,53220,1807,49638,0,0,3747,67842,791,17472,3748,85314,Not in California
Outside California,2021-01-30,4085,106943,2091,55311,1994,51632,0,0,3852,71464,231,17703,3853,89167,Not in California
Outside California,2021-01-31,2665,109608,2275,57586,390,52022,0,0,2609,74019,55,17758,2610,91777,Not in California
Outside California,2021-02-01,5338,114946,2380,59966,2958,54980,0,0,4625,77940,704,18462,4625,96402,Not in California
Outside California,2021-02-02,6510,121456,1947,61913,4563,59543,0,0,5790,83019,711,19173,5790,102192,Not in California
Outside California,2021-02-03,7130,128586,1871,63784,5259,64802,0,0,6256,88409,867,20040,6257,108449,Not in California
Outside California,2021-02-04,6566,135152,1923,65707,4643,69445,0,0,5556,92970,1000,21040,5561,114010,Not in California
Outside California,2021-02-05,6532,141684,1964,67671,4568,74013,0,0,5447,97339,1079,22119,5448,119458,Not in California
Outside California,2021-02-06,3986,145670,1735,69406,2251,76264,0,0,3529,100423,448,22567,3532,122990,Not in California
Outside California,2021-02-07,1812,147482,1425,70831,387,76651,0,0,1736,102085,76,22643,1738,124728,Not in California
Outside California,2021-02-08,4511,151993,2557,73388,1954,78605,0,0,3458,104501,1042,23685,3458,128186,Not in California
Outside California,2021-02-09,3945,155938,1598,74986,2347,80952,0,0,2644,105871,1291,24976,2661,130847,Not in California
Outside California,2021-02-10,5304,161242,1649,76635,3655,84607,0,0,2865,106350,2430,27406,2909,133756,Not in California
Outside California,2021-02-11,4521,165763,1968,78603,2553,87160,0,0,3208,108275,1302,28708,3227,136983,Not in California
Outside California,2021-02-12,5129,170892,1833,80436,3296,90456,0,0,3294,109751,1822,30530,3298,140281,Not in California
Outside California,2021-02-13,2295,173187,643,81079,1652,92108,0,0,1737,110943,557,31087,1749,142030,Not in California
Outside California,2021-02-14,1272,174459,348,81427,924,93032,0,0,1028,111734,240,31327,1031,143061,Not in California
Outside California,2021-02-15,2404,176863,1406,82833,998,94030,0,0,1174,111694,1217,32544,1177,144238,Not in California
Outside California,2021-02-16,6137,183000,2604,85437,3533,97563,0,0,2509,110593,3617,36161,2516,146754,Not in California
Outside California,2021-02-17,5524,188524,2590,88027,2934,100497,0,0,1749,108577,3770,39931,1754,148508,Not in California
Outside California,2021-02-18,6023,194547,3288,91315,2735,103232,0,0,2017,106610,3984,43915,2017,150525,Not in California
Outside California,2021-02-19,5310,199857,3567,94882,1743,104975,0,0,2359,106027,2944,46859,2361,152886,Not in California
Outside California,2021-02-20,2983,202840,2330,97212,653,105628,0,0,1228,105505,1751,48610,1229,154115,Not in California
Outside California,2021-02-21,2353,205193,2133,99345,220,105848,0,0,817,104792,1530,50140,817,154932,Not in California
Outside California,2021-02-22,3274,208467,2333,101678,941,106789,0,0,1619,104763,1652,51792,1623,156555,Not in California
Outside California,2021-02-23,5728,214195,3142,104820,2586,109375,0,0,2309,103673,3412,55204,2322,158877,Not in California
Outside California,2021-02-24,6123,220318,3317,108137,2806,112181,0,0,2433,102426,3683,58887,2436,161313,Not in California
Outside California,2021-02-25,6628,226946,3291,111428,3337,115518,0,0,3056,101946,3540,62427,3060,164373,Not in California
Outside California,2021-02-26,6586,233532,3390,114818,3196,118714,0,0,3094,101632,3409,65836,3095,167468,Not in California
Outside California,2021-02-27,5116,238648,2423,117241,2692,121406,1,1,1877,100285,3228,69064,1881,169349,Not in California
Outside California,2021-02-28,2098,240746,1456,118697,641,122047,1,2,796,99785,1299,70363,799,170148,Not in California
Outside California,2021-03-01,4325,245071,2546,121243,1778,123825,1,3,1349,98174,2966,73329,1355,171503,Not in California
Outside California,2021-03-02,6420,251491,2225,123468,4195,128020,0,3,2051,95870,4357,77686,2053,173556,Not in California
Outside California,2021-03-03,7682,259173,2879,126347,4801,132821,2,5,2685,93577,4983,82669,2690,176246,Not in California
Outside California,2021-03-04,6557,265730,2654,129001,3897,136718,6,11,2308,91661,4232,86901,2316,178562,Not in California
Outside California,2021-03-05,5160,270890,2552,131553,2594,139312,14,25,2719,91972,2431,89332,2742,181304,Not in California
Outside California,2021-03-06,4521,275411,2058,133611,2307,141619,156,181,2317,92252,2202,91534,2482,183786,Not in California
Outside California,2021-03-07,1516,276927,960,134571,499,142118,57,238,943,92682,572,92106,1002,184788,Not in California
Outside California,2021-03-08,3072,279999,1837,136408,1009,143127,226,464,2188,94247,855,92961,2420,187208,Not in California
Outside California,2021-03-09,4620,284619,2395,138803,1940,145067,285,749,2750,95416,1866,94827,3035,190243,Not in California
Outside California,2021-03-10,4290,288909,2064,140867,1744,146811,482,1231,2673,96970,1608,96435,3162,193405,Not in California
Outside California,2021-03-11,6054,294963,3099,143966,2303,149114,652,1883,3279,98132,2769,99204,3931,197336,Not in California
Outside California,2021-03-12,6374,301337,3852,147818,1828,150942,694,2577,3543,99548,2821,102025,4237,201573,Not in California
Outside California,2021-03-13,3714,305051,2168,149986,1105,152047,441,3018,2547,101378,1160,103185,2990,204563,Not in California
Outside California,2021-03-14,1756,306807,917,150903,510,152557,329,3347,963,101878,793,103978,1293,205856,Not in California
Outside California,2021-03-15,3989,310796,2103,153006,1416,153973,470,3817,2125,102619,1858,105836,2599,208455,Not in California
Outside California,2021-03-16,7468,318264,4346,157352,2733,156706,389,4206,4163,103865,3302,109138,4548,213003,Not in California
Outside California,2021-03-17,8375,326639,5442,162794,2552,159258,381,4587,5032,105941,3338,112476,5414,218417,Not in California
Outside California,2021-03-18,8281,334920,5117,167911,2621,161879,543,5130,4786,107784,3486,115962,5329,223746,Not in California
Outside California,2021-03-19,7280,342200,4327,172238,2409,164288,544,5674,4349,109757,2924,118886,4897,228643,Not in California
Outside California,2021-03-20,4713,346913,3119,175357,1504,165792,90,5764,3599,112343,1104,119990,3690,232333,Not in California
Outside California,2021-03-21,2067,348980,1421,176778,557,166349,89,5853,1651,113670,413,120403,1740,234073,Not in California
Outside California,2021-03-22,3251,352231,1970,178748,1190,167539,91,5944,2228,114972,1016,121419,2318,236391,Not in California
Outside California,2021-03-23,6060,358291,3090,181838,2664,170203,306,6250,4107,117446,1939,123358,4413,240804,Not in California
Outside California,2021-03-24,7308,365599,3745,185583,3119,173322,444,6694,5038,120663,2263,125621,5480,246284,Not in California
Outside California,2021-03-25,8258,373857,3834,189417,3898,177220,526,7220,6000,124943,2246,127867,6526,252810,Not in California
Outside California,2021-03-26,6653,380510,3507,192924,2969,180189,177,7397,4389,127269,2239,130106,4565,257375,Not in California
Outside California,2021-03-27,5527,386037,3093,196017,2219,182408,215,7612,3473,128910,2045,132151,3686,261061,Not in California
Outside California,2021-03-28,3072,389109,1642,197659,1269,183677,161,7773,1979,129963,1087,133238,2140,263201,Not in California
Outside California,2021-03-29,5172,394281,2298,199957,2531,186208,343,8116,2960,131059,2207,135445,3303,266504,Not in California
Outside California,2021-03-30,6865,401146,3612,203569,2687,188895,566,8682,4058,132893,2797,138242,4631,271135,Not in California
Outside California,2021-03-31,6325,407471,3763,207332,1783,190678,779,9461,3354,134059,2964,141206,4130,275265,Not in California
Outside California,2021-04-01,7494,414965,4475,211807,2370,193048,649,10110,4333,135880,3153,144359,4974,280239,Not in California
Outside California,2021-04-02,8431,423396,4482,216289,2811,195859,1138,11248,4357,137306,4065,148424,5491,285730,Not in California
Outside California,2021-04-03,6253,429649,3743,220032,1354,197213,1156,12404,3335,138887,2909,151333,4490,290220,Not in California
Outside California,2021-04-04,1776,431425,876,220908,664,197877,236,12640,970,139286,805,152138,1204,291424,Not in California
Outside California,2021-04-05,4138,435563,2001,222909,1468,199345,669,13309,1975,139770,2158,154296,2642,294066,Not in California
Outside California,2021-04-06,7171,442734,3864,226773,1661,201006,1646,14955,2881,140018,4275,158571,4523,298589,Not in California
Outside California,2021-04-07,8205,450939,4607,231380,1901,202907,1697,16652,3184,139877,5014,163585,4873,303462,Not in California
Outside California,2021-04-08,8237,459176,4333,235713,1970,204877,1934,18586,3279,140131,4948,168533,5202,308664,Not in California
Outside California,2021-04-09,7548,466724,3865,239578,1725,206602,1958,20544,2894,140339,4641,173174,4849,313513,Not in California
Outside California,2021-04-10,6077,472801,2976,242554,1247,207849,1854,22398,1669,139452,4400,177574,3513,317026,Not in California
Outside California,2021-04-11,2845,475646,1555,244109,650,208499,640,23038,965,139179,1877,179451,1604,318630,Not in California
Outside California,2021-04-12,4165,479811,2335,246444,1277,209776,553,23591,1859,139294,2297,181748,2412,321042,Not in California
Outside California,2021-04-13,5825,485636,3721,250165,2080,211856,24,23615,3019,139536,2801,184549,3043,324085,Not in California
Outside California,2021-04-14,5434,491070,3484,253649,1946,213802,4,23619,2987,140088,2440,186989,2992,327077,Not in California
Outside California,2021-04-15,6165,497235,3889,257538,2270,216072,6,23625,3321,140624,2792,189781,3328,330405,Not in California
Outside California,2021-04-16,5918,503153,3386,260924,2525,218597,7,23632,3307,141339,2601,192382,3316,333721,Not in California
Outside California,2021-04-17,5525,508678,3472,264396,2052,220649,1,23633,3204,142233,2310,194692,3204,336925,Not in California
Outside California,2021-04-18,2122,510800,1191,265587,930,221579,1,23634,1013,142147,1103,195795,1017,337942,Not in California
Outside California,2021-04-19,4169,514969,2005,267592,2163,223742,1,23635,2153,142299,2005,197800,2157,340099,Not in California
Outside California,2021-04-20,5411,520380,2467,270059,2944,226686,0,23635,2219,141336,3183,200983,2220,342319,Not in California
Outside California,2021-04-21,6429,526809,2696,272755,3728,230414,5,23640,2310,139555,4098,205081,2317,344636,Not in California
Outside California,2021-04-22,6826,533635,3488,276243,3336,233750,2,23642,2508,137799,4304,209385,2548,347184,Not in California
Outside California,2021-04-23,5869,539504,2988,279231,2880,236630,1,23643,2427,136802,3427,212812,2430,349614,Not in California
Outside California,2021-04-24,4636,544140,3028,282259,1603,238233,5,23648,1856,135891,2775,215587,1864,351478,Not in California
Outside California,2021-04-25,2220,546360,1254,283513,965,239198,1,23649,1179,136037,1037,216624,1183,352661,Not in California
Outside California,2021-04-26,4126,550486,1820,285333,2278,241476,28,23677,1869,135686,2248,218872,1897,354558,Not in California
Outside California,2021-04-27,5674,556160,2107,287440,3197,244673,370,24047,1980,134359,3684,222556,2357,356915,Not in California
Outside California,2021-04-28,4849,561009,2063,289503,2390,247063,396,24443,1906,133726,2930,225486,2297,359212,Not in California
Outside California,2021-04-29,4834,565843,2230,291733,2170,249233,434,24877,1817,132980,2997,228483,2251,361463,Not in California
Outside California,2021-04-30,4899,570742,2357,294090,2117,251350,425,25302,1851,132225,3034,231517,2279,363742,Not in California
Outside California,2021-05-01,3166,573908,1835,295925,902,252252,429,25731,1299,132098,1856,233373,1729,365471,Not in California
Outside California,2021-05-02,1858,575766,1093,297018,642,252894,123,25854,835,132036,1020,234393,958,366429,Not in California
Outside California,2021-05-03,2888,578654,1566,298584,1036,253930,286,26140,1119,131676,1765,236158,1405,367834,Not in California
Outside California,2021-05-04,3930,582584,2108,300692,1382,255312,440,26580,1310,130812,2612,238770,1748,369582,Not in California
Outside California,2021-05-05,4413,586997,2466,303158,1576,256888,371,26951,1604,129988,2802,241572,1978,371560,Not in California
Outside California,2021-05-06,4451,591448,2727,305885,1388,258276,336,27287,1554,128987,2891,244463,1890,373450,Not in California
Outside California,2021-05-07,4609,596057,2652,308537,1571,259847,386,27673,1587,127951,3009,247472,1973,375423,Not in California
Outside California,2021-05-08,3192,599249,2141,310678,800,260647,251,27924,1048,127117,2134,249606,1300,376723,Not in California
Outside California,2021-05-09,1360,600609,906,311584,332,260979,122,28046,583,127048,772,250378,703,377426,Not in California
Outside California,2021-05-10,2543,603152,1165,312749,1048,262027,330,28376,907,126657,1630,252008,1239,378665,Not in California
Outside California,2021-05-11,2968,606120,1407,314156,1261,263288,300,28676,1117,126226,1850,253858,1419,380084,Not in California
Outside California,2021-05-12,3189,609309,1528,315684,1334,264622,327,29003,1271,125910,1913,255771,1597,381681,Not in California
Outside California,2021-05-13,3122,612431,1800,317484,1117,265739,205,29208,1379,125757,1737,257508,1584,383265,Not in California
Outside California,2021-05-14,3489,615920,1953,319437,1298,267037,238,29446,1558,125632,1924,259432,1799,385064,Not in California
Outside California,2021-05-15,2625,618545,1537,320974,944,267981,144,29590,1124,125409,1494,260926,1271,386335,Not in California
Outside California,2021-05-16,1615,620160,1033,322007,513,268494,69,29659,728,125323,884,261810,798,387133,Not in California
Outside California,2021-05-17,3033,623193,1600,323607,1198,269692,235,29894,1308,125144,1721,263531,1542,388675,Not in California
Outside California,2021-05-18,3223,626416,1622,325229,1288,270980,313,30207,1442,125133,1769,265300,1758,390433,Not in California
Outside California,2021-05-19,3311,629727,1659,326888,1385,272365,267,30474,1453,125002,1850,267150,1719,392152,Not in California
Outside California,2021-05-20,3097,632824,1710,328598,1149,273514,238,30712,1407,124967,1683,268833,1648,393800,Not in California
Outside California,2021-05-21,3171,635995,1773,330371,1151,274665,247,30959,1367,124788,1793,270626,1614,395414,Not in California
Outside California,2021-05-22,2762,638757,1823,332194,737,275402,202,31161,1502,125239,1254,271880,1705,397119,Not in California
Outside California,2021-05-23,1518,640275,988,333182,452,275854,78,31239,749,125299,768,272648,828,397947,Not in California
Outside California,2021-05-24,2346,642621,1097,334279,902,276756,347,31586,1012,125333,1325,273973,1359,399306,Not in California
Outside California,2021-05-25,2356,644977,1095,335374,930,277686,331,31917,1007,125327,1341,275314,1335,400641,Not in California
Outside California,2021-05-26,2354,647331,1082,336456,921,278607,351,32268,989,125309,1359,276673,1341,401982,Not in California
Outside California,2021-05-27,2147,649478,1070,337526,791,279398,286,32554,990,125430,1153,277826,1274,403256,Not in California
Outside California,2021-05-28,2394,651872,1198,338724,848,280246,348,32902,1078,125548,1309,279135,1427,404683,Not in California
Outside California,2021-05-29,1648,653520,823,339547,470,280716,355,33257,700,125659,944,280079,1055,405738,Not in California
Outside California,2021-05-30,912,654432,558,340105,230,280946,124,33381,458,125791,450,280529,582,406320,Not in California
Outside California,2021-05-31,417,654849,186,340291,194,281140,37,33418,180,125783,225,280754,217,406537,Not in California
Outside California,2021-06-01,2131,656980,1119,341410,711,281851,301,33719,1042,126040,1086,281840,1343,407880,Not in California
Outside California,2021-06-02,2080,659060,1074,342484,662,282513,344,34063,1000,126313,1071,282911,1344,409224,Not in California
Outside California,2021-06-03,2154,661214,1192,343676,650,283163,312,34375,998,126473,1149,284060,1309,410533,Not in California
Outside California,2021-06-04,2536,663750,1423,345099,797,283960,316,34691,1121,126500,1409,285469,1436,411969,Not in California
Outside California,2021-06-05,1721,665471,1210,346309,350,284310,161,34852,809,126563,908,286377,971,412940,Not in California
Outside California,2021-06-06,923,666394,694,347003,148,284458,81,34933,454,126631,467,286844,535,413475,Not in California
Outside California,2021-06-07,1909,668303,1031,348034,549,285007,329,35262,816,126683,1092,287936,1144,414619,Not in California
Outside California,2021-06-08,2056,670359,1179,349213,539,285546,338,35600,802,126573,1249,289185,1139,415758,Not in California
Outside California,2021-06-09,1953,672312,1175,350388,497,286043,281,35881,812,126530,1135,290320,1092,416850,Not in California
Outside California,2021-06-10,1921,674233,1113,351501,501,286544,307,36188,828,126578,1088,291408,1136,417986,Not in California
Outside California,2021-06-11,2156,676389,1240,352741,592,287136,324,36512,931,126616,1218,292626,1256,419242,Not in California
Outside California,2021-06-12,1561,677950,1157,353898,279,287415,125,36637,617,126420,940,293566,744,419986,Not in California
Outside California,2021-06-13,916,678866,621,354519,198,287613,97,36734,399,126403,513,294079,496,420482,Not in California
Outside California,2021-06-14,1724,680590,963,355482,468,288081,293,37027,740,126456,978,295057,1031,421513,Not in California
Outside California,2021-06-15,1701,682291,939,356421,493,288574,269,37296,763,126555,933,295990,1032,422545,Not in California
Outside California,2021-06-16,1627,683918,969,357390,442,289016,216,37512,796,126744,823,296813,1012,423557,Not in California
Outside California,2021-06-17,1747,685665,960,358350,457,289473,330,37842,803,126936,942,297755,1134,424691,Not in California
Outside California,2021-06-18,1891,687556,1031,359381,421,289894,439,38281,804,127097,1081,298836,1242,425933,Not in California
Outside California,2021-06-19,1020,688576,680,360061,254,290148,86,38367,537,127240,479,299315,622,426555,Not in California
Outside California,2021-06-20,760,689336,554,360615,160,290308,46,38413,454,127437,303,299618,500,427055,Not in California
Outside California,2021-06-21,1223,690559,609,361224,316,290624,298,38711,659,127836,558,300176,957,428012,Not in California
Outside California,2021-06-22,909,691468,481,361705,211,290835,217,38928,460,128067,445,300621,676,428688,Not in California
Unknown,2020-12-17,2,2,2,2,0,0,0,0,0,0,0,0,0,0,Not in California
Unknown,2020-12-18,1,3,1,3,0,0,0,0,0,0,0,0,0,0,Not in California
Unknown,2020-12-21,4,7,4,7,0,0,0,0,0,0,0,0,0,0,Not in California
Unknown,2020-12-28,1,8,1,8,0,0,0,0,1,1,0,0,1,1,Not in California
Unknown,2020-12-29,2,10,1,9,1,1,0,0,2,3,0,0,2,3,Not in California
Unknown,2020-12-30,54,64,54,63,0,1,0,0,54,57,0,0,54,57,Not in California
Unknown,2020-12-31,1,65,0,63,1,2,0,0,0,57,0,0,0,57,Not in California
Unknown,2021-01-02,1,66,0,63,1,3,0,0,1,58,0,0,1,58,Not in California
Unknown,2021-01-04,1,67,1,64,0,3,0,0,1,59,0,0,1,59,Not in California
Unknown,2021-01-06,4,71,2,66,2,5,0,0,4,63,0,0,4,63,Not in California
Unknown,2021-01-07,67,138,67,133,0,5,0,0,66,129,0,0,66,129,Not in California
Unknown,2021-01-09,1,139,1,134,0,5,0,0,1,130,0,0,1,130,Not in California
Unknown,2021-01-11,19,158,19,153,0,5,0,0,20,150,0,0,20,150,Not in California
Unknown,2021-01-12,7,165,6,159,1,6,0,0,5,155,1,1,6,156,Not in California
Unknown,2021-01-13,3,168,3,162,0,6,0,0,3,158,0,1,3,159,Not in California
Unknown,2021-01-14,2,170,2,164,0,6,0,0,2,160,0,1,2,161,Not in California
Unknown,2021-01-15,5,175,4,168,1,7,0,0,5,165,0,1,5,166,Not in California
Unknown,2021-01-16,4,179,4,172,0,7,0,0,4,169,0,1,4,170,Not in California
Unknown,2021-01-17,2,181,2,174,0,7,0,0,2,171,0,1,2,172,Not in California
Unknown,2021-01-18,9,190,9,183,0,7,0,0,9,180,0,1,9,181,Not in California
Unknown,2021-01-19,5,195,5,188,0,7,0,0,4,184,0,1,4,185,Not in California
Unknown,2021-01-20,54,249,54,242,0,7,0,0,3,135,52,53,3,188,Not in California
Unknown,2021-01-21,19,268,17,259,2,9,0,0,20,154,1,54,20,208,Not in California
Unknown,2021-01-22,10,278,5,264,5,14,0,0,10,164,0,54,10,218,Not in California
Unknown,2021-01-23,8,286,3,267,5,19,0,0,8,172,0,54,8,226,Not in California
Unknown,2021-01-24,2,288,2,269,0,19,0,0,3,175,0,54,3,229,Not in California
Unknown,2021-01-25,6,294,4,273,2,21,0,0,4,177,2,56,4,233,Not in California
Unknown,2021-01-26,15,309,14,287,1,22,0,0,17,193,1,57,17,250,Not in California
Unknown,2021-01-27,7,316,7,294,0,22,0,0,6,198,1,58,6,256,Not in California
Unknown,2021-01-28,73,389,71,365,2,24,0,0,17,156,59,117,17,273,Not in California
Unknown,2021-01-29,101,490,101,466,0,24,0,0,105,260,1,118,105,378,Not in California
Unknown,2021-01-30,5,495,3,469,2,26,0,0,8,267,1,119,8,386,Not in California
Unknown,2021-01-31,1,496,1,470,0,26,0,0,2,269,0,119,2,388,Not in California
Unknown,2021-02-01,30,526,29,499,1,27,0,0,14,265,18,137,14,402,Not in California
Unknown,2021-02-02,14,540,13,512,1,28,0,0,10,271,4,141,10,412,Not in California
Unknown,2021-02-03,4,544,4,516,0,28,0,0,2,271,2,143,2,414,Not in California
Unknown,2021-02-04,12,556,8,524,4,32,0,0,8,275,4,147,8,422,Not in California
Unknown,2021-02-05,12,568,9,533,3,35,0,0,9,281,3,150,9,431,Not in California
Unknown,2021-02-06,3,571,3,536,0,35,0,0,1,279,3,153,1,432,Not in California
Unknown,2021-02-07,1,572,1,537,0,35,0,0,1,280,0,153,1,433,Not in California
Unknown,2021-02-08,4,576,3,540,1,36,0,0,1,278,3,156,1,434,Not in California
Unknown,2021-02-09,1,577,1,541,0,36,0,0,0,277,1,157,0,434,Not in California
Unknown,2021-02-10,5,582,1,542,4,40,0,0,5,282,0,157,5,439,Not in California
Unknown,2021-02-11,13,595,12,554,1,41,0,0,2,273,11,168,2,441,Not in California
Unknown,2021-02-12,5,600,2,556,3,44,0,0,3,274,2,170,3,444,Not in California
Unknown,2021-02-13,4,604,0,556,4,48,0,0,4,278,0,170,4,448,Not in California
Unknown,2021-02-14,2,606,1,557,1,49,0,0,1,278,1,171,1,449,Not in California
Unknown,2021-02-15,27,633,25,582,2,51,0,0,23,300,2,173,24,473,Not in California
Unknown,2021-02-16,9,642,3,585,6,57,0,0,6,303,3,176,6,479,Not in California
Unknown,2021-02-17,3,645,1,586,2,59,0,0,2,305,0,176,2,481,Not in California
Unknown,2021-02-18,8,653,3,589,5,64,0,0,4,305,4,180,4,485,Not in California
Unknown,2021-02-19,126,779,121,710,5,69,0,0,32,244,93,273,32,517,Not in California
Unknown,2021-02-23,13,792,3,713,10,79,0,0,5,242,7,280,5,522,Not in California
Unknown,2021-02-24,10,802,2,715,8,87,0,0,9,250,1,281,9,531,Not in California
Unknown,2021-02-25,23,825,10,725,13,100,0,0,13,252,11,292,13,544,Not in California
Unknown,2021-02-26,19,844,8,733,11,111,0,0,7,248,11,303,7,551,Not in California
Unknown,2021-02-27,11,855,7,740,4,115,0,0,8,255,1,304,8,559,Not in California
Unknown,2021-02-28,7,862,6,746,1,116,0,0,5,260,0,304,5,564,Not in California
Unknown,2021-03-01,12,874,2,748,10,126,0,0,6,261,5,309,6,570,Not in California
Unknown,2021-03-02,12,886,3,751,9,135,0,0,6,262,5,314,6,576,Not in California
Unknown,2021-03-03,4,890,1,752,3,138,0,0,3,265,0,314,3,579,Not in California
Unknown,2021-03-04,7,897,4,756,3,141,0,0,6,271,0,314,6,585,Not in California
Unknown,2021-03-05,12,909,4,760,8,149,0,0,11,280,2,316,11,596,Not in California
Unknown,2021-03-06,12,921,6,766,4,153,2,2,11,291,2,318,13,609,Not in California
Unknown,2021-03-08,26,947,20,786,5,158,1,3,5,276,21,339,6,615,Not in California
Unknown,2021-03-09,8,955,3,789,2,160,3,6,5,280,4,343,8,623,Not in California
Unknown,2021-03-10,4,959,1,790,1,161,2,8,2,281,3,346,4,627,Not in California
Unknown,2021-03-11,20,979,4,794,2,163,14,22,2,281,16,362,16,643,Not in California
Unknown,2021-03-12,36,1015,28,822,3,166,5,27,5,260,31,393,10,653,Not in California
Unknown,2021-03-13,8,1023,0,822,4,170,4,31,0,256,8,401,4,657,Not in California
Unknown,2021-03-14,3,1026,0,822,2,172,1,32,0,254,3,404,1,658,Not in California
Unknown,2021-03-15,16,1042,4,826,10,182,2,34,10,260,6,410,12,670,Not in California
Unknown,2021-03-16,22,1064,3,829,15,197,4,38,13,268,9,419,17,687,Not in California
Unknown,2021-03-17,24,1088,6,835,17,214,1,39,24,291,2,421,25,712,Not in California
Unknown,2021-03-18,19,1107,9,844,10,224,0,39,11,297,5,426,11,723,Not in California
Unknown,2021-03-19,12,1119,6,850,6,230,0,39,11,306,2,428,11,734,Not in California
Unknown,2021-03-20,13,1132,7,857,6,236,0,39,3,304,5,433,3,737,Not in California
Unknown,2021-03-21,7,1139,2,859,5,241,0,39,6,309,1,434,6,743,Not in California
Unknown,2021-03-22,21,1160,6,865,14,255,1,40,9,311,8,442,10,753,Not in California
Unknown,2021-03-23,13,1173,1,866,7,262,5,45,4,311,9,451,9,762,Not in California
Unknown,2021-03-24,12,1185,1,867,11,273,0,45,9,317,3,454,9,771,Not in California
Unknown,2021-03-25,15,1200,5,872,10,283,0,45,12,326,3,457,12,783,Not in California
Unknown,2021-03-26,17,1217,6,878,6,289,5,50,9,333,7,464,14,797,Not in California
Unknown,2021-03-27,21,1238,10,888,8,297,3,53,12,336,12,476,15,812,Not in California
Unknown,2021-03-28,7,1245,2,890,5,302,0,53,6,341,1,477,6,818,Not in California
Unknown,2021-03-29,18,1263,6,896,12,314,0,53,14,351,4,481,14,832,Not in California
Unknown,2021-03-30,15,1278,6,902,9,323,0,53,10,357,4,485,10,842,Not in California
Unknown,2021-03-31,19,1297,10,912,9,332,0,53,15,367,5,490,15,857,Not in California
Unknown,2021-04-01,14,1311,10,922,4,336,0,53,11,376,2,492,11,868,Not in California
Unknown,2021-04-02,28,1339,10,932,9,345,9,62,10,377,18,510,19,887,Not in California
Unknown,2021-04-03,11,1350,3,935,8,353,0,62,9,380,6,516,9,896,Not in California
Unknown,2021-04-04,7,1357,1,936,6,359,0,62,6,385,1,517,6,902,Not in California
Unknown,2021-04-05,13,1370,3,939,9,368,1,63,6,386,6,523,7,909,Not in California
Unknown,2021-04-06,9,1379,4,943,4,372,1,64,6,389,4,527,7,916,Not in California
Unknown,2021-04-07,23,1402,15,958,7,379,1,65,16,400,5,532,16,932,Not in California
Unknown,2021-04-08,22,1424,12,970,5,384,5,70,12,407,10,542,17,949,Not in California
Unknown,2021-04-09,15,1439,9,979,6,390,0,70,13,417,3,545,13,962,Not in California
Unknown,2021-04-10,4,1443,3,982,0,390,1,71,1,416,3,548,2,964,Not in California
Unknown,2021-04-11,6,1449,5,987,1,391,0,71,3,417,2,550,3,967,Not in California
Unknown,2021-04-12,16,1465,5,992,10,401,1,72,6,414,10,560,7,974,Not in California
Unknown,2021-04-13,19,1484,6,998,13,414,0,72,7,409,12,572,7,981,Not in California
Unknown,2021-04-14,19,1503,1,999,18,432,0,72,3,396,16,588,3,984,Not in California
Unknown,2021-04-15,17,1520,7,1006,9,441,1,73,9,397,8,596,9,993,Not in California
Unknown,2021-04-16,15,1535,9,1015,6,447,0,73,8,398,7,603,8,1001,Not in California
Unknown,2021-04-17,13,1548,10,1025,3,450,0,73,5,397,7,610,6,1007,Not in California
Unknown,2021-04-18,9,1557,3,1028,6,456,0,73,5,397,5,615,5,1012,Not in California
Unknown,2021-04-19,13,1570,2,1030,11,467,0,73,3,391,9,624,3,1015,Not in California
Unknown,2021-04-20,10,1580,3,1033,7,474,0,73,1,383,9,633,1,1016,Not in California
Unknown,2021-04-21,26,1606,10,1043,16,490,0,73,9,375,17,650,9,1025,Not in California
Unknown,2021-04-22,12,1618,5,1048,7,497,0,73,2,368,9,659,2,1027,Not in California
Unknown,2021-04-23,17,1635,6,1054,11,508,0,73,9,370,7,666,9,1036,Not in California
Unknown,2021-04-24,23,1658,16,1070,7,515,0,73,12,371,11,677,12,1048,Not in California
Unknown,2021-04-25,10,1668,4,1074,6,521,0,73,5,371,5,682,5,1053,Not in California
Unknown,2021-04-26,17,1685,7,1081,10,531,0,73,6,367,10,692,6,1059,Not in California
Unknown,2021-04-27,20,1705,8,1089,11,542,1,74,8,364,12,704,9,1068,Not in California
Unknown,2021-04-28,20,1725,15,1104,4,546,1,75,5,355,15,719,6,1074,Not in California
Unknown,2021-04-29,22,1747,15,1119,7,553,0,75,11,353,13,732,11,1085,Not in California
Unknown,2021-04-30,18,1765,8,1127,6,559,4,79,10,358,9,741,14,1099,Not in California
Unknown,2021-05-01,18,1783,15,1142,3,562,0,79,9,359,8,749,9,1108,Not in California
Unknown,2021-05-02,8,1791,3,1145,5,567,0,79,1,354,6,755,1,1109,Not in California
Unknown,2021-05-03,13,1804,7,1152,4,571,2,81,4,352,8,763,6,1115,Not in California
Unknown,2021-05-04,11,1815,3,1155,4,575,4,85,1,347,10,773,5,1120,Not in California
Unknown,2021-05-05,12,1827,2,1157,9,584,1,86,6,347,7,780,7,1127,Not in California
Unknown,2021-05-06,24,1851,12,1169,5,589,7,93,6,341,19,799,13,1140,Not in California
Unknown,2021-05-07,21,1872,11,1180,7,596,3,96,9,340,13,812,12,1152,Not in California
Unknown,2021-05-08,9,1881,6,1186,1,597,2,98,4,342,4,816,6,1158,Not in California
Unknown,2021-05-09,15,1896,4,1190,7,604,4,102,7,345,8,824,11,1169,Not in California
Unknown,2021-05-10,8,1904,1,1191,4,608,3,105,2,345,5,829,5,1174,Not in California
Unknown,2021-05-11,9,1913,4,1195,2,610,3,108,5,349,4,833,8,1182,Not in California
Unknown,2021-05-12,8,1921,4,1199,3,613,1,109,4,351,3,836,5,1187,Not in California
Unknown,2021-05-13,12,1933,5,1204,2,615,5,114,6,356,7,843,12,1199,Not in California
Unknown,2021-05-14,13,1946,10,1214,2,617,1,115,11,366,1,844,11,1210,Not in California
Unknown,2021-05-15,8,1954,6,1220,2,619,0,115,5,368,3,847,5,1215,Not in California
Unknown,2021-05-16,15,1969,10,1230,4,623,1,116,10,374,5,852,11,1226,Not in California
Unknown,2021-05-17,14,1983,9,1239,3,626,2,118,5,373,8,860,7,1233,Not in California
Unknown,2021-05-18,21,2004,12,1251,7,633,2,120,14,381,8,868,16,1249,Not in California
Unknown,2021-05-19,26,2030,19,1270,6,639,1,121,12,381,13,881,13,1262,Not in California
Unknown,2021-05-20,15,2045,11,1281,3,642,1,122,8,384,6,887,9,1271,Not in California
Unknown,2021-05-21,19,2064,9,1290,6,648,4,126,9,386,11,898,13,1284,Not in California
Unknown,2021-05-22,18,2082,15,1305,2,650,1,127,9,388,8,906,10,1294,Not in California
Unknown,2021-05-23,7,2089,5,1310,2,652,0,127,6,393,1,907,6,1300,Not in California
Unknown,2021-05-24,9,2098,5,1315,3,655,1,128,4,393,5,912,5,1305,Not in California
Unknown,2021-05-25,16,2114,6,1321,4,659,6,134,7,398,8,920,13,1318,Not in California
Unknown,2021-05-26,7,2121,4,1325,2,661,1,135,4,400,3,923,5,1323,Not in California
Unknown,2021-05-27,15,2136,9,1334,4,665,2,137,5,398,9,932,7,1330,Not in California
Unknown,2021-05-28,21,2157,11,1345,5,670,5,142,12,406,9,941,17,1347,Not in California
Unknown,2021-05-29,21,2178,17,1362,4,674,0,142,19,423,2,943,19,1366,Not in California
Unknown,2021-05-30,5,2183,4,1366,0,674,1,143,3,425,2,945,4,1370,Not in California
Unknown,2021-05-31,1,2184,1,1367,0,674,0,143,0,424,1,946,0,1370,Not in California
Unknown,2021-06-01,20,2204,8,1375,6,680,6,149,11,432,9,955,17,1387,Not in California
Unknown,2021-06-02,7,2211,3,1378,4,684,0,149,3,431,4,959,3,1390,Not in California
Unknown,2021-06-03,13,2224,13,1391,0,684,0,149,8,434,5,964,8,1398,Not in California
Unknown,2021-06-04,23,2247,14,1405,9,693,0,149,12,435,11,975,12,1410,Not in California
Unknown,2021-06-05,16,2263,9,1414,6,699,1,150,13,446,3,978,14,1424,Not in California
Unknown,2021-06-06,22,2285,14,1428,5,704,3,153,8,443,14,992,11,1435,Not in California
Unknown,2021-06-07,15,2300,7,1435,7,711,1,154,8,445,7,999,9,1444,Not in California
Unknown,2021-06-08,12,2312,5,1440,4,715,3,157,4,445,7,1006,7,1451,Not in California
Unknown,2021-06-09,17,2329,10,1450,7,722,0,157,8,444,9,1015,8,1459,Not in California
Unknown,2021-06-10,10,2339,7,1457,3,725,0,157,5,444,5,1020,5,1464,Not in California
Unknown,2021-06-11,5,2344,3,1460,1,726,1,158,3,446,2,1022,4,1468,Not in California
Unknown,2021-06-12,12,2356,8,1468,4,730,0,158,8,450,4,1026,8,1476,Not in California
Unknown,2021-06-13,8,2364,4,1472,4,734,0,158,2,446,6,1032,2,1478,Not in California
Unknown,2021-06-14,6,2370,5,1477,1,735,0,158,2,444,4,1036,2,1480,Not in California
Unknown,2021-06-15,17,2387,10,1487,7,742,0,158,6,439,11,1047,6,1486,Not in California
Unknown,2021-06-16,6,2393,3,1490,3,745,0,158,5,443,1,1048,5,1491,Not in California
Unknown,2021-06-17,15,2408,9,1499,4,749,2,160,11,453,3,1051,13,1504,Not in California
Unknown,2021-06-18,12,2420,9,1508,3,752,0,160,5,451,7,1058,5,1509,Not in California
Unknown,2021-06-19,13,2433,11,1519,1,753,1,161,2,443,11,1069,3,1512,Not in California
Unknown,2021-06-20,4,2437,3,1522,1,754,0,161,1,441,3,1072,1,1513,Not in California
Unknown,2021-06-21,108,2545,99,1621,8,762,1,162,102,538,6,1078,103,1616,Not in California
Alameda,2020-12-15,37,37,37,37,0,0,0,0,37,37,0,0,37,37,California
Alameda,2020-12-16,209,246,209,246,0,0,0,0,209,246,0,0,209,246,California
Alameda,2020-12-17,507,753,507,753,0,0,0,0,507,753,0,0,507,753,California
Alameda,2020-12-18,1889,2642,1888,2641,1,1,0,0,1889,2642,0,0,1889,2642,California
Alameda,2020-12-19,1415,4057,1415,4056,0,1,0,0,1415,4057,0,0,1415,4057,California
Alameda,2020-12-20,1166,5223,1165,5221,1,2,0,0,1165,5221,1,1,1165,5222,California
Alameda,2020-12-21,1825,7048,1823,7044,2,4,0,0,1824,7045,0,1,1824,7046,California
Alameda,2020-12-22,2073,9121,2020,9064,53,57,0,0,2072,9116,1,2,2072,9118,California
Alameda,2020-12-23,1904,11025,1651,10715,253,310,0,0,1903,11019,0,2,1903,11021,California
Alameda,2020-12-24,1205,12230,749,11464,456,766,0,0,1205,12224,0,2,1205,12226,California
Alameda,2020-12-25,158,12388,123,11587,35,801,0,0,158,12382,0,2,158,12384,California
Alameda,2020-12-26,844,13232,318,11905,526,1327,0,0,844,13226,0,2,844,13228,California
Alameda,2020-12-27,490,13722,253,12158,237,1564,0,0,490,13716,0,2,490,13718,California
Alameda,2020-12-28,1860,15582,956,13114,904,2468,0,0,1860,15576,0,2,1860,15578,California
Alameda,2020-12-29,2459,18041,1074,14188,1385,3853,0,0,2458,18034,0,2,2458,18036,California
Alameda,2020-12-30,3052,21093,1320,15508,1732,5585,0,0,3052,21086,0,2,3052,21088,California
Alameda,2020-12-31,1783,22876,447,15955,1336,6921,0,0,1781,22866,1,3,1781,22869,California
Alameda,2021-01-01,176,23052,73,16028,103,7024,0,0,174,23038,2,5,174,23043,California
Alameda,2021-01-02,724,23776,523,16551,201,7225,0,0,723,23761,0,5,723,23766,California
Alameda,2021-01-03,326,24102,213,16764,113,7338,0,0,323,24081,3,8,323,24089,California
Alameda,2021-01-04,1603,25705,909,17673,694,8032,0,0,1591,25661,11,19,1591,25680,California
Alameda,2021-01-05,2196,27901,1268,18941,928,8960,0,0,1942,27352,251,270,1942,27622,California
Alameda,2021-01-06,3236,31137,1798,20739,1438,10398,0,0,2364,28849,869,1139,2366,29988,California
Alameda,2021-01-07,3781,34918,2120,22859,1661,12059,0,0,2611,30304,1161,2300,2616,32604,California
Alameda,2021-01-08,4732,39650,2700,25559,2032,14091,0,0,3015,31613,1711,4011,3020,35624,California
Alameda,2021-01-09,2006,41656,1365,26924,641,14732,0,0,1155,31917,851,4862,1155,36779,California
Alameda,2021-01-10,1052,42708,832,27756,220,14952,0,0,424,31713,628,5490,424,37203,California
Alameda,2021-01-11,4637,47345,3509,31265,1128,16080,0,0,2844,32773,1791,7281,2851,40054,California
Alameda,2021-01-12,4834,52179,3254,34519,1580,17660,0,0,3454,34852,1378,8659,3457,43511,California
Alameda,2021-01-13,5007,57186,2648,37167,2359,20019,0,0,3816,37483,1187,9846,3818,47329,California
Alameda,2021-01-14,5619,62805,2787,39954,2832,22851,0,0,4725,41326,885,10731,4728,52057,California
Alameda,2021-01-15,5797,68602,2315,42269,3482,26333,0,0,5020,45580,770,11501,5024,57081,California
Alameda,2021-01-16,2963,71565,1387,43656,1576,27909,0,0,2699,48016,264,11765,2700,59781,California
Alameda,2021-01-17,1864,73429,1085,44741,779,28688,0,0,1658,49469,206,11971,1659,61440,California
Alameda,2021-01-18,3139,76568,2023,46764,1116,29804,0,0,2546,51430,587,12558,2548,63988,California
Alameda,2021-01-19,5478,82046,3298,50062,2180,31984,0,0,4288,54532,1188,13746,4290,68278,California
Alameda,2021-01-20,6739,88785,4078,54140,2661,34645,0,0,5450,58710,1276,15022,5454,73732,California
Alameda,2021-01-21,7789,96574,3428,57568,4361,39006,0,0,6944,64821,838,15860,6949,80681,California
Alameda,2021-01-22,6790,103364,2007,59575,4783,43789,0,0,5654,69349,1127,16987,5655,86336,California
Alameda,2021-01-23,3253,106617,946,60521,2307,46096,0,0,2705,71508,546,17533,2705,89041,California
Alameda,2021-01-24,2007,108624,654,61175,1353,47449,0,0,1738,72980,266,17799,1738,90779,California
Alameda,2021-01-25,5140,113764,1972,63147,3168,50617,0,0,3582,75013,1550,19349,3583,94362,California
Alameda,2021-01-26,7291,121055,2302,65449,4989,55606,0,0,5412,78555,1871,21220,5413,99775,California
Alameda,2021-01-27,6668,127723,2052,67501,4616,60222,0,0,4827,81553,1829,23049,4827,104602,California
Alameda,2021-01-28,7833,135556,2553,70054,5280,65502,0,0,5614,84966,2203,25252,5616,110218,California
Alameda,2021-01-29,7967,143523,3186,73240,4781,70283,0,0,6131,89274,1825,27077,6133,116351,California
Alameda,2021-01-30,3419,146942,1686,74926,1733,72016,0,0,2708,91277,705,27782,2708,119059,California
Alameda,2021-01-31,1909,148851,940,75866,969,72985,0,0,1671,92713,235,28017,1671,120730,California
Alameda,2021-02-01,6454,155305,3867,79733,2587,75572,0,0,4325,94919,2120,30137,4326,125056,California
Alameda,2021-02-02,7001,162306,3774,83507,3227,78799,0,0,4665,97257,2328,32465,4666,129722,California
Alameda,2021-02-03,7010,169316,3711,87218,3299,82098,0,0,4331,98920,2673,35138,4336,134058,California
Alameda,2021-02-04,9410,178726,4110,91328,5300,87398,0,0,6303,102134,3094,38232,6308,140366,California
Alameda,2021-02-05,10212,188938,5333,96661,4879,92277,0,0,6340,104621,3865,42097,6352,146718,California
Alameda,2021-02-06,6919,195857,4403,101064,2516,94793,0,0,5790,109283,1128,43225,5790,152508,California
Alameda,2021-02-07,3571,199428,2886,103950,685,95478,0,0,2630,110976,938,44163,2631,155139,California
Alameda,2021-02-08,8053,207481,5774,109724,2279,97757,0,0,5506,113948,2537,46700,5509,160648,California
Alameda,2021-02-09,9595,217076,5769,115493,3826,101583,0,0,5973,116312,3612,50312,5976,166624,California
Alameda,2021-02-10,11417,228493,6751,122244,4666,106249,0,0,6524,117968,4880,55192,6536,173160,California
Alameda,2021-02-11,13916,242409,8032,130276,5884,112133,0,0,8353,120789,5543,60735,8364,181524,California
Alameda,2021-02-12,12446,254855,5670,135946,6776,118909,0,0,7722,123809,4709,65444,7729,189253,California
Alameda,2021-02-13,7740,262595,4048,139994,3692,122601,0,0,5796,127668,1940,67384,5799,195052,California
Alameda,2021-02-14,4022,266617,2539,142533,1483,124084,0,0,2848,129349,1170,68554,2851,197903,California
Alameda,2021-02-15,5624,272241,3178,145711,2446,126530,0,0,3662,131053,1960,70514,3664,201567,California
Alameda,2021-02-16,12446,284687,6949,152660,5497,132027,0,0,9259,137146,3176,73690,9269,210836,California
Alameda,2021-02-17,14041,298728,8349,161009,5692,137719,0,0,10428,143980,3596,77286,10430,221266,California
Alameda,2021-02-18,15803,314531,10057,171066,5746,143465,0,0,11493,151180,4299,81585,11499,232765,California
Alameda,2021-02-19,17787,332318,11551,182617,6236,149701,0,0,11756,156932,6009,87594,11761,244526,California
Alameda,2021-02-20,11960,344278,9677,192294,2283,151984,0,0,9198,163379,2757,90351,9204,253730,California
Alameda,2021-02-21,7783,352061,6838,199132,945,152929,0,0,5286,166181,2485,92836,5287,259017,California
Alameda,2021-02-22,10899,362960,8042,207174,2857,155786,0,0,6860,169025,4025,96861,6869,265886,California
Alameda,2021-02-23,12918,375878,7876,215050,5042,160828,0,0,8050,172223,4858,101719,8056,273942,California
Alameda,2021-02-24,14762,390640,8282,223332,6480,167308,0,0,9550,176630,5149,106868,9556,283498,California
Alameda,2021-02-25,15898,406538,9216,232548,6682,173990,0,0,10058,180889,5809,112677,10068,293566,California
Alameda,2021-02-26,18529,425067,10791,243339,7738,181728,0,0,11768,185949,6714,119391,11774,305340,California
Alameda,2021-02-27,15083,440150,11138,254477,3943,185671,2,2,9330,189554,5730,125121,9335,314675,California
Alameda,2021-02-28,10059,450209,8388,262865,1670,187341,1,3,6497,192520,3534,128655,6500,321175,California
Alameda,2021-03-01,14006,464215,9678,272543,4317,191658,11,14,8549,195680,5409,134064,8569,329744,California
Alameda,2021-03-02,14927,479142,10754,283297,4172,195830,1,15,9773,200329,5133,139197,9782,339526,California
Alameda,2021-03-03,15714,494856,10303,293600,5408,201238,3,18,10764,206177,4924,144121,10772,350298,California
Alameda,2021-03-04,17328,512184,11160,304760,6166,207404,2,20,10943,210774,6348,150469,10945,361243,California
Alameda,2021-03-05,16143,528327,10611,315371,5522,212926,10,30,10921,216535,5177,155646,10938,372181,California
Alameda,2021-03-06,14491,542818,10252,325623,3974,216900,265,295,9606,221569,4838,160484,9872,382053,California
Alameda,2021-03-07,9736,552554,8511,334134,1141,218041,84,379,6955,225856,2754,163238,7041,389094,California
Alameda,2021-03-08,11890,564444,7440,341574,4072,222113,378,757,8891,232174,2949,166187,9267,398361,California
Alameda,2021-03-09,14614,579058,10295,351869,3889,226002,430,1187,7966,233954,6617,172804,8397,406758,California
Alameda,2021-03-10,17367,596425,12055,363924,4764,230766,548,1735,7830,232820,9508,182312,8374,415132,California
Alameda,2021-03-11,19671,616096,11547,375471,6417,237183,1707,3442,6654,228185,12987,195299,8352,423484,California
Alameda,2021-03-12,21263,637359,12493,387964,7073,244256,1697,5139,7308,223253,13925,209224,8993,432477,California
Alameda,2021-03-13,15978,653337,10278,398242,4697,248953,1003,6142,5029,218364,10914,220138,6025,438502,California
Alameda,2021-03-14,10841,664178,8009,406251,2055,251008,777,6919,3277,214867,7542,227680,4045,442547,California
Alameda,2021-03-15,14383,678561,9421,415672,4438,255446,524,7443,6186,213407,8167,235847,6707,449254,California
Alameda,2021-03-16,17116,695677,11148,426820,5434,260880,534,7977,7299,211475,9766,245613,7834,457088,California
Alameda,2021-03-17,17480,713157,9903,436723,6852,267732,725,8702,8095,210957,9336,254949,8818,465906,California
Alameda,2021-03-18,19162,732319,10478,447201,7792,275524,892,9594,8661,210044,10470,265419,9557,475463,California
Alameda,2021-03-19,19386,751705,10663,457864,6941,282465,1782,11376,7610,207699,11726,277145,9381,484844,California
Alameda,2021-03-20,15731,767436,10314,468178,4565,287030,852,12228,6297,205441,9400,286545,7142,491986,California
Alameda,2021-03-21,9179,776615,7213,475391,1410,288440,556,12784,3370,203569,5798,292343,3926,495912,California
Alameda,2021-03-22,14978,791593,10096,485487,3874,292314,1008,13792,6760,203141,8187,300530,7759,503671,California
Alameda,2021-03-23,19269,810862,11710,497197,6745,299059,814,14606,9771,204281,9448,309978,10588,514259,California
Alameda,2021-03-24,19218,830080,11639,508836,6555,305614,1024,15630,8366,202874,10787,320765,9380,523639,California
Alameda,2021-03-25,20480,850560,11356,520192,7713,313327,1411,17041,9323,202511,11086,331851,10723,534362,California
Alameda,2021-03-26,20877,871437,12593,532785,6718,320045,1566,18607,8368,199973,12459,344310,9921,544283,California
Alameda,2021-03-27,18304,889741,12486,545271,4865,324910,953,19560,7481,197620,10774,355084,8421,552704,California
Alameda,2021-03-28,10648,900389,8692,553963,1753,326663,203,19763,3440,194075,7189,362273,3644,556348,California
Alameda,2021-03-29,14658,915047,9392,563355,4271,330934,995,20758,5800,192048,8819,371092,6792,563140,California
Alameda,2021-03-30,18525,933572,9798,573153,7006,337940,1721,22479,9237,193743,9252,380344,10947,574087,California
Alameda,2021-03-31,19283,952855,10141,583294,7034,344974,2108,24587,8941,194468,10311,390655,11036,585123,California
Alameda,2021-04-01,23247,976102,9930,593224,7627,352601,5690,30277,10971,198875,12220,402875,16627,601750,California
Alameda,2021-04-02,24004,1000106,9821,603045,8300,360901,5883,36160,11574,203908,12389,415264,17422,619172,California
Alameda,2021-04-03,20282,1020388,9766,612811,5653,366554,4863,41023,10236,208977,10020,425284,15089,634261,California
Alameda,2021-04-04,9928,1030316,3979,616790,2247,368801,3702,44725,3445,209655,6464,431748,7142,641403,California
Alameda,2021-04-05,17784,1048100,7481,624271,5485,374286,4818,49543,7243,211198,10515,442263,12058,653461,California
Alameda,2021-04-06,22123,1070223,10608,634879,5639,379925,5876,55419,10025,215014,12060,454323,15876,669337,California
Alameda,2021-04-07,22506,1092729,11526,646405,5503,385428,5477,60896,11374,220758,11088,465411,16832,686169,California
Alameda,2021-04-08,25494,1118223,11469,657874,6006,391434,8019,68915,10881,225102,14531,479942,18875,705044,California
Alameda,2021-04-09,23340,1141563,10630,668504,7462,398896,5248,74163,12029,231099,11274,491216,17271,722315,California
Alameda,2021-04-10,19302,1160865,7492,675996,5643,404539,6167,80330,8262,234494,11014,502230,14409,736724,California
Alameda,2021-04-11,11022,1171887,4836,680832,2228,406767,3958,84288,4518,236470,6485,508715,8461,745185,California
Alameda,2021-04-12,18121,1190008,11804,692636,4343,411110,1974,86262,10298,240951,7785,516500,12266,757451,California
Alameda,2021-04-13,23125,1213133,14724,707360,8340,419450,61,86323,17115,252179,5956,522456,17184,774635,California
Alameda,2021-04-14,23252,1236385,15293,722653,7957,427407,2,86325,15699,260373,7511,529967,15705,790340,California
Alameda,2021-04-15,24201,1260586,15465,738118,8732,436139,4,86329,16109,268467,8027,537994,16121,806461,California
Alameda,2021-04-16,24552,1285138,14476,752594,10070,446209,6,86335,15831,275656,8661,546655,15850,822311,California
Alameda,2021-04-17,21027,1306165,14549,767143,6476,452685,2,86337,14586,283859,6400,553055,14603,836914,California
Alameda,2021-04-18,10070,1316235,7741,774884,2329,455014,0,86337,7004,287837,3034,556089,7012,843926,California
Alameda,2021-04-19,15692,1331927,9765,784649,5926,460940,1,86338,9159,290516,6491,562580,9170,853096,California
Alameda,2021-04-20,18216,1350143,11140,795789,7074,468014,2,86340,10040,292457,8126,570706,10067,863163,California
Alameda,2021-04-21,19173,1369316,11194,806983,7968,475982,11,86351,11251,295877,7866,578572,11286,874449,California
Alameda,2021-04-22,21379,1390695,13756,820739,7618,483600,5,86356,11424,297428,9901,588473,11452,885901,California
Alameda,2021-04-23,21750,1412445,14046,834785,7700,491300,4,86360,12262,300293,9429,597902,12294,898195,California
Alameda,2021-04-24,18912,1431357,14374,849159,4530,495830,8,86368,10047,301536,8823,606725,10066,908261,California
Alameda,2021-04-25,8977,1440334,6992,856151,1984,497814,1,86369,5891,304378,3060,609785,5902,914163,California
Alameda,2021-04-26,14383,1454717,9958,866109,4399,502213,26,86395,8974,308012,5376,615161,9010,923173,California
Alameda,2021-04-27,16228,1470945,9605,875714,6255,508468,368,86763,7702,307630,8474,623635,8092,931265,California
Alameda,2021-04-28,16404,1487349,10359,886073,5579,514047,466,87229,6670,305077,9701,633336,7148,938413,California
Alameda,2021-04-29,17133,1504482,10247,896320,6554,520601,332,87561,6397,301144,10683,644019,6750,945163,California
Alameda,2021-04-30,19985,1524467,12509,908829,7135,527736,341,87902,8280,298185,11620,655639,8661,953824,California
Alameda,2021-05-01,13961,1538428,9344,918173,4408,532144,209,88111,5238,294974,8685,664324,5474,959298,California
Alameda,2021-05-02,7068,1545496,4937,923110,1961,534105,170,88281,2883,293865,4165,668489,3056,962354,California
Alameda,2021-05-03,14563,1560059,10963,934073,3281,537386,319,88600,2846,285403,11658,680147,3196,965550,California
Alameda,2021-05-04,18374,1578433,13192,947265,4819,542205,363,88963,3680,274853,14627,694774,4077,969627,California
Alameda,2021-05-05,18331,1596764,13332,960597,4490,546695,509,89472,3717,264544,14551,709325,4242,973869,California
Alameda,2021-05-06,18682,1615446,14115,974712,3872,550567,695,90167,3677,254002,14929,724254,4387,978256,California
Alameda,2021-05-07,19189,1634635,12892,987604,5885,556452,412,90579,4402,244116,14716,738970,4830,983086,California
Alameda,2021-05-08,16468,1651103,11260,998864,4997,561449,211,90790,3100,234116,13327,752297,3327,986413,California
Alameda,2021-05-09,8527,1659630,6981,1005845,1403,562852,143,90933,1432,228623,7073,759370,1580,987993,California
Alameda,2021-05-10,10116,1669746,6927,1012772,2866,565718,323,91256,2514,223901,7569,766939,2847,990840,California
Alameda,2021-05-11,15227,1684973,8205,1020977,6708,572426,314,91570,2806,214685,12372,779311,3156,993996,California
Alameda,2021-05-12,13322,1698295,8867,1029844,4013,576439,442,92012,2979,207843,10296,789607,3454,997450,California
Alameda,2021-05-13,17667,1715962,12675,1042519,4448,580887,544,92556,5659,202124,11959,801566,6240,1003690,California
Alameda,2021-05-14,20478,1736440,13873,1056392,6141,587028,464,93020,7032,196266,13368,814934,7510,1011200,California
Alameda,2021-05-15,17038,1753478,12383,1068775,4425,591453,230,93250,5744,190999,11245,826179,5978,1017178,California
Alameda,2021-05-16,8422,1761900,7200,1075975,1126,592579,96,93346,2805,188321,5584,831763,2906,1020084,California
Alameda,2021-05-17,13418,1775318,10001,1085976,2890,595469,527,93873,4214,183912,9165,840928,4756,1024840,California
Alameda,2021-05-18,14173,1789491,10311,1096287,3440,598909,422,94295,5022,180250,9108,850036,5446,1030286,California
Alameda,2021-05-19,14435,1803926,9900,1106187,4199,603108,336,94631,6003,178210,8380,858416,6340,1036626,California
Alameda,2021-05-20,13235,1817161,8712,1114899,3988,607096,535,95166,5815,177191,7369,865785,6350,1042976,California
Alameda,2021-05-21,15252,1832413,10024,1124923,4958,612054,270,95436,5187,172657,9997,875782,5463,1048439,California
Alameda,2021-05-22,10251,1842664,7409,1132332,2674,614728,168,95604,4134,170876,6086,881868,4305,1052744,California
Alameda,2021-05-23,4942,1847606,3760,1136092,1092,615820,90,95694,1620,169286,3302,885170,1712,1054456,California
Alameda,2021-05-24,6958,1854564,3945,1140037,2760,618580,253,95947,2647,167921,4270,889440,2905,1057361,California
Alameda,2021-05-25,7987,1862551,5164,1145201,2568,621148,255,96202,3592,167404,4360,893800,3843,1061204,California
Alameda,2021-05-26,8245,1870796,5159,1150360,2787,623935,299,96501,3632,166742,4588,898388,3926,1065130,California
Alameda,2021-05-27,8132,1878928,4858,1155218,2874,626809,400,96901,3414,165875,4676,903064,3809,1068939,California
Alameda,2021-05-28,8586,1887514,5024,1160242,3338,630147,224,97125,3652,164844,4909,907973,3878,1072817,California
Alameda,2021-05-29,4919,1892433,2967,1163209,1766,631913,186,97311,2551,165238,2346,910319,2740,1075557,California
Alameda,2021-05-30,2436,1894869,1595,1164804,752,632665,89,97400,978,164855,1450,911769,1067,1076624,California
Alameda,2021-05-31,1153,1896022,854,1165658,245,632910,54,97454,346,164463,792,912561,400,1077024,California
Alameda,2021-06-01,7092,1903114,4971,1170629,1879,634789,242,97696,3083,163806,3982,916543,3325,1080349,California
Alameda,2021-06-02,5796,1908910,3605,1174234,1967,636756,224,97920,2248,162754,3516,920059,2464,1082813,California
Alameda,2021-06-03,8454,1917364,6379,1180613,1795,638551,280,98200,2940,160493,5477,925536,3216,1086029,California
Alameda,2021-06-04,10417,1927781,7669,1188282,2506,641057,242,98442,2959,156278,7417,932953,3202,1089231,California
Alameda,2021-06-05,8032,1935813,5825,1194107,2044,643101,163,98605,1907,152254,6092,939045,2068,1091299,California
Alameda,2021-06-06,3638,1939451,3283,1197390,274,643375,81,98686,1090,150885,2540,941585,1171,1092470,California
Alameda,2021-06-07,5805,1945256,4226,1201616,1404,644779,175,98861,1778,148834,4005,945590,1954,1094424,California
Alameda,2021-06-08,7235,1952491,5776,1207392,1215,645994,244,99105,2121,146109,5089,950679,2364,1096788,California
Alameda,2021-06-09,7263,1959754,5938,1213330,1130,647124,195,99300,1698,142456,5542,956221,1889,1098677,California
Alameda,2021-06-10,7972,1967726,6672,1220002,995,648119,305,99605,2151,139112,5797,962018,2453,1101130,California
Alameda,2021-06-11,8008,1975734,6142,1226144,1643,649762,223,99828,2463,136283,5519,967537,2690,1103820,California
Alameda,2021-06-12,5480,1981214,4200,1230344,1093,650855,187,100015,1375,133768,4081,971618,1566,1105386,California
Alameda,2021-06-13,2237,1983451,1693,1232037,422,651277,122,100137,634,132930,1592,973210,754,1106140,California
Alameda,2021-06-14,4545,1987996,3422,1235459,914,652191,209,100346,1675,131964,2849,976059,1883,1108023,California
Alameda,2021-06-15,6000,1993996,4356,1239815,1364,653555,280,100626,1796,129872,4167,980226,2075,1110098,California
Alameda,2021-06-16,5142,1999138,4109,1243924,828,654383,205,100831,1529,128007,3596,983822,1731,1111829,California
Alameda,2021-06-17,5541,2004679,4478,1248402,834,655217,229,101060,1820,126368,3689,987511,2050,1113879,California
Alameda,2021-06-18,5901,2010580,4453,1252855,1197,656414,251,101311,1963,124667,3914,991425,2213,1116092,California
Alameda,2021-06-19,3410,2013990,2585,1255440,668,657082,157,101468,1039,123503,2359,993784,1195,1117287,California
Alameda,2021-06-20,1396,2015386,1164,1256604,187,657269,45,101513,522,123200,869,994653,566,1117853,California
Alameda,2021-06-21,2693,2018079,1843,1258447,698,657967,152,101665,1395,123464,1283,995936,1547,1119400,California
Alameda,2021-06-22,3071,2021150,2392,1260839,519,658486,160,101825,871,122303,2191,998127,1030,1120430,California
Alpine,2020-12-18,2,2,2,2,0,0,0,0,2,2,0,0,2,2,California
Alpine,2020-12-19,2,4,2,4,0,0,0,0,2,4,0,0,2,4,California
Alpine,2020-12-21,1,5,1,5,0,0,0,0,1,5,0,0,1,5,California
Alpine,2020-12-30,14,19,0,5,14,14,0,0,14,19,0,0,14,19,California
Alpine,2020-12-31,1,20,0,5,1,15,0,0,1,20,0,0,1,20,California
Alpine,2021-01-01,1,21,0,5,1,16,0,0,1,21,0,0,1,21,California
Alpine,2021-01-02,1,22,1,6,0,16,0,0,1,22,0,0,1,22,California
Alpine,2021-01-04,10,32,0,6,10,26,0,0,10,32,0,0,10,32,California
Alpine,2021-01-05,8,40,0,6,8,34,0,0,8,40,0,0,8,40,California
Alpine,2021-01-06,31,71,0,6,31,65,0,0,31,71,0,0,31,71,California
Alpine,2021-01-07,8,79,0,6,8,73,0,0,8,79,0,0,8,79,California
Alpine,2021-01-08,4,83,2,8,2,75,0,0,2,79,2,2,2,81,California
Alpine,2021-01-09,2,85,2,10,0,75,0,0,0,77,2,4,0,81,California
Alpine,2021-01-11,32,117,1,11,31,106,0,0,31,107,1,5,31,112,California
Alpine,2021-01-13,35,152,0,11,35,141,0,0,35,142,0,5,35,147,California
Alpine,2021-01-14,1,153,0,11,1,142,0,0,1,143,0,5,1,148,California
Alpine,2021-01-15,1,154,0,11,1,143,0,0,1,144,0,5,1,149,California
Alpine,2021-01-20,21,175,0,11,21,164,0,0,21,165,0,5,21,170,California
Alpine,2021-01-21,1,176,0,11,1,165,0,0,1,166,0,5,1,171,California
Alpine,2021-01-22,33,209,0,11,33,198,0,0,33,199,0,5,33,204,California
Alpine,2021-01-23,1,210,1,12,0,198,0,0,0,198,1,6,0,204,California
Alpine,2021-01-25,16,226,0,12,16,214,0,0,16,214,0,6,16,220,California
Alpine,2021-01-28,1,227,0,12,1,215,0,0,0,213,1,7,0,220,California
Alpine,2021-01-29,1,228,0,12,1,216,0,0,1,214,0,7,1,221,California
Alpine,2021-02-01,25,253,0,12,25,241,0,0,7,203,18,25,7,228,California
Alpine,2021-02-03,34,287,0,12,34,275,0,0,10,189,24,49,10,238,California
Alpine,2021-02-04,8,295,0,12,8,283,0,0,3,187,5,54,3,241,California
Alpine,2021-02-05,30,325,0,12,30,313,0,0,11,179,19,73,11,252,California
Alpine,2021-02-08,32,357,0,12,32,345,0,0,4,155,28,101,4,256,California
Alpine,2021-02-10,34,391,0,12,34,379,0,0,0,121,34,135,0,256,California
Alpine,2021-02-11,6,397,0,12,6,385,0,0,3,121,3,138,3,259,California
Alpine,2021-02-12,1,398,0,12,1,386,0,0,0,120,1,139,0,259,California
Alpine,2021-02-17,23,421,0,12,23,409,0,0,3,103,20,159,3,262,California
Alpine,2021-02-18,2,423,0,12,2,411,0,0,1,103,1,160,1,263,California
Alpine,2021-02-19,34,457,1,13,33,444,0,0,2,73,32,192,2,265,California
Alpine,2021-02-22,27,484,0,13,27,471,0,0,8,62,19,211,8,273,California
Alpine,2021-02-25,5,489,0,13,5,476,0,0,5,67,0,211,5,278,California
Alpine,2021-02-26,30,519,1,14,29,505,0,0,29,95,1,212,29,307,California
Alpine,2021-02-27,1,520,0,14,1,506,0,0,1,96,0,212,1,308,California
Alpine,2021-03-01,36,556,0,14,36,542,0,0,26,112,10,222,26,334,California
Alpine,2021-03-03,29,585,0,14,29,571,0,0,18,119,11,233,18,352,California
Alpine,2021-03-04,11,596,1,15,10,581,0,0,11,130,0,233,11,363,California
Alpine,2021-03-05,29,625,0,15,29,610,0,0,22,145,7,240,22,385,California
Alpine,2021-03-08,31,656,0,15,31,641,0,0,29,172,2,242,29,414,California
Alpine,2021-03-10,73,729,0,15,73,714,0,0,73,245,0,242,73,487,California
Alpine,2021-03-11,35,764,0,15,35,749,0,0,31,272,4,246,31,518,California
Alpine,2021-03-12,19,783,0,15,19,768,0,0,17,287,2,248,17,535,California
Alpine,2021-03-15,20,803,0,15,20,788,0,0,19,305,1,249,19,554,California
Alpine,2021-03-17,23,826,0,15,22,810,1,1,19,321,4,253,20,574,California
Alpine,2021-03-18,35,861,0,15,35,845,0,1,34,354,1,254,34,608,California
Alpine,2021-03-19,2,863,1,16,1,846,0,1,1,354,1,255,1,609,California
Alpine,2021-03-22,24,887,0,16,24,870,0,1,15,360,9,264,15,624,California
Alpine,2021-03-24,19,906,0,16,19,889,0,1,8,357,11,275,8,632,California
Alpine,2021-03-25,35,941,1,17,33,922,1,2,27,378,7,282,28,660,California
Alpine,2021-03-27,1,942,0,17,1,923,0,2,0,377,1,283,0,660,California
Alpine,2021-03-28,1,943,1,18,0,923,0,2,1,378,0,283,1,661,California
Alpine,2021-03-29,19,962,0,18,18,941,1,3,2,364,17,300,3,664,California
Alpine,2021-04-01,18,980,0,18,18,959,0,3,8,362,10,310,8,672,California
Alpine,2021-04-02,100,1080,0,18,100,1059,0,3,45,353,54,364,45,717,California
Alpine,2021-04-05,3,1083,0,18,3,1062,0,3,0,350,3,367,0,717,California
Alpine,2021-04-06,2,1085,1,19,1,1063,0,3,1,350,1,368,1,718,California
Alpine,2021-04-07,117,1202,0,19,116,1179,1,4,30,295,86,454,31,749,California
Alpine,2021-04-08,35,1237,0,19,35,1214,0,4,10,280,25,479,10,759,California
Alpine,2021-04-09,2,1239,0,19,2,1216,0,4,2,282,0,479,2,761,California
Alpine,2021-04-14,47,1286,0,19,47,1263,0,4,10,255,37,516,10,771,California
Alpine,2021-04-15,35,1321,0,19,35,1298,0,4,3,226,32,548,3,774,California
Alpine,2021-04-19,1,1322,0,19,1,1299,0,4,1,227,0,548,1,775,California
Alpine,2021-04-21,31,1353,0,19,31,1330,0,4,15,226,16,564,15,790,California
Alpine,2021-04-22,24,1377,0,19,24,1354,0,4,1,204,23,587,1,791,California
Alpine,2021-04-25,1,1378,1,20,0,1354,0,4,0,203,1,588,0,791,California
Alpine,2021-04-27,1,1379,0,20,1,1355,0,4,1,204,0,588,1,792,California
Alpine,2021-04-28,36,1415,0,20,36,1391,0,4,6,180,30,618,6,798,California
Alpine,2021-04-29,6,1421,0,20,6,1397,0,4,0,174,6,624,0,798,California
Alpine,2021-04-30,2,1423,1,21,0,1397,1,5,1,175,1,625,2,800,California
Alpine,2021-05-02,1,1424,0,21,0,1397,1,6,0,175,1,626,1,801,California
Alpine,2021-05-05,17,1441,0,21,17,1414,0,6,4,166,13,639,4,805,California
Alpine,2021-05-06,8,1449,0,21,8,1422,0,6,0,158,8,647,0,805,California
Alpine,2021-05-07,1,1450,0,21,1,1423,0,6,0,157,1,648,0,805,California
Alpine,2021-05-10,1,1451,0,21,1,1424,0,6,1,158,0,648,1,806,California
Alpine,2021-05-12,1,1452,0,21,0,1424,1,7,0,158,1,649,1,807,California
Alpine,2021-05-13,3,1455,0,21,3,1427,0,7,0,155,3,652,0,807,California
Alpine,2021-05-17,2,1457,0,21,2,1429,0,7,1,155,1,653,1,808,California
Alpine,2021-05-18,1,1458,0,21,1,1430,0,7,1,156,0,653,1,809,California
Alpine,2021-05-19,15,1473,0,21,15,1445,0,7,0,141,15,668,0,809,California
Alpine,2021-05-21,1,1474,1,22,0,1445,0,7,0,140,1,669,0,809,California
Alpine,2021-05-25,1,1475,0,22,1,1446,0,7,0,139,1,670,0,809,California
Alpine,2021-05-27,2,1477,1,23,1,1447,0,7,2,141,0,670,2,811,California
Alpine,2021-05-28,2,1479,1,24,1,1448,0,7,2,143,0,670,2,813,California
Alpine,2021-05-29,1,1480,0,24,1,1449,0,7,1,144,0,670,1,814,California
Alpine,2021-06-02,8,1488,0,24,8,1457,0,7,1,138,7,677,1,815,California
Alpine,2021-06-04,1,1489,0,24,1,1458,0,7,1,139,0,677,1,816,California
Alpine,2021-06-07,1,1490,0,24,1,1459,0,7,0,138,1,678,0,816,California
Alpine,2021-06-10,1,1491,1,25,0,1459,0,7,1,139,0,678,1,817,California
Alpine,2021-06-15,1,1492,0,25,1,1460,0,7,0,138,1,679,0,817,California
Alpine,2021-06-18,1,1493,1,26,0,1460,0,7,0,137,1,680,0,817,California
Alpine,2021-06-19,1,1494,1,27,0,1460,0,7,0,136,1,681,0,817,California
Amador,2020-12-16,2,2,2,2,0,0,0,0,2,2,0,0,2,2,California
Amador,2020-12-17,5,7,5,7,0,0,0,0,5,7,0,0,5,7,California
Amador,2020-12-18,45,52,45,52,0,0,0,0,45,52,0,0,45,52,California
Amador,2020-12-19,16,68,16,68,0,0,0,0,16,68,0,0,16,68,California
Amador,2020-12-20,4,72,4,72,0,0,0,0,4,72,0,0,4,72,California
Amador,2020-12-21,30,102,30,102,0,0,0,0,30,102,0,0,30,102,California
Amador,2020-12-22,35,137,34,136,1,1,0,0,35,137,0,0,35,137,California
Amador,2020-12-23,40,177,39,175,1,2,0,0,40,177,0,0,40,177,California
Amador,2020-12-24,5,182,3,178,2,4,0,0,5,182,0,0,5,182,California
Amador,2020-12-26,5,187,4,182,1,5,0,0,5,187,0,0,5,187,California
Amador,2020-12-27,1,188,0,182,1,6,0,0,1,188,0,0,1,188,California
Amador,2020-12-28,31,219,27,209,4,10,0,0,31,219,0,0,31,219,California
Amador,2020-12-29,25,244,18,227,7,17,0,0,25,244,0,0,25,244,California
Amador,2020-12-30,122,366,76,303,46,63,0,0,122,366,0,0,122,366,California
Amador,2020-12-31,195,561,169,472,26,89,0,0,195,561,0,0,195,561,California
Amador,2021-01-01,2,563,0,472,2,91,0,0,2,563,0,0,2,563,California
Amador,2021-01-02,57,620,57,529,0,91,0,0,57,620,0,0,57,620,California
Amador,2021-01-03,66,686,17,546,49,140,0,0,66,686,0,0,66,686,California
Amador,2021-01-04,125,811,2,548,123,263,0,0,125,811,0,0,125,811,California
Amador,2021-01-05,33,844,3,551,30,293,0,0,32,842,1,1,32,843,California
Amador,2021-01-06,40,884,11,562,29,322,0,0,36,874,4,5,36,879,California
Amador,2021-01-07,228,1112,68,630,160,482,0,0,217,1080,11,16,217,1096,California
Amador,2021-01-08,84,1196,70,700,14,496,0,0,40,1077,44,60,41,1137,California
Amador,2021-01-09,11,1207,11,711,0,496,0,0,2,1070,9,69,2,1139,California
Amador,2021-01-10,6,1213,4,715,2,498,0,0,2,1068,4,73,2,1141,California
Amador,2021-01-11,124,1337,43,758,81,579,0,0,88,1121,36,109,89,1230,California
Amador,2021-01-12,66,1403,50,808,16,595,0,0,42,1139,24,133,42,1272,California
Amador,2021-01-13,40,1443,24,832,16,611,0,0,28,1155,12,145,28,1300,California
Amador,2021-01-14,149,1592,22,854,127,738,0,0,139,1285,10,155,140,1440,California
Amador,2021-01-15,62,1654,27,881,35,773,0,0,52,1327,10,165,52,1492,California
Amador,2021-01-16,17,1671,11,892,6,779,0,0,11,1333,6,171,12,1504,California
Amador,2021-01-17,26,1697,5,897,21,800,0,0,26,1359,0,171,26,1530,California
Amador,2021-01-18,30,1727,26,923,4,804,0,0,9,1347,21,192,9,1539,California
Amador,2021-01-19,124,1851,99,1022,25,829,0,0,81,1385,43,235,81,1620,California
Amador,2021-01-20,179,2030,30,1052,149,978,0,0,165,1537,13,248,165,1785,California
Amador,2021-01-21,259,2289,230,1282,29,1007,0,0,148,1575,111,359,149,1934,California
Amador,2021-01-22,135,2424,73,1355,62,1069,0,0,128,1696,7,366,128,2062,California
Amador,2021-01-23,54,2478,32,1387,22,1091,0,0,51,1744,3,369,51,2113,California
Amador,2021-01-24,28,2506,12,1399,16,1107,0,0,25,1766,3,372,25,2138,California
Amador,2021-01-25,59,2565,29,1428,30,1137,0,0,41,1789,18,390,41,2179,California
Amador,2021-01-26,243,2808,16,1444,227,1364,0,0,233,2012,10,400,233,2412,California
Amador,2021-01-27,302,3110,33,1477,269,1633,0,0,255,2224,44,444,256,2668,California
Amador,2021-01-28,370,3480,97,1574,273,1906,0,0,289,2433,81,525,290,2958,California
Amador,2021-01-29,99,3579,33,1607,66,1972,0,0,84,2502,15,540,84,3042,California
Amador,2021-01-30,169,3748,37,1644,132,2104,0,0,164,2661,5,545,164,3206,California
Amador,2021-01-31,33,3781,28,1672,5,2109,0,0,32,2692,1,546,32,3238,California
Amador,2021-02-01,66,3847,23,1695,43,2152,0,0,39,2704,27,573,39,3277,California
Amador,2021-02-02,214,4061,66,1761,148,2300,0,0,127,2746,85,658,127,3404,California
Amador,2021-02-03,139,4200,37,1798,102,2402,0,0,87,2782,51,709,87,3491,California
Amador,2021-02-04,249,4449,74,1872,175,2577,0,0,163,2861,86,795,165,3656,California
Amador,2021-02-05,335,4784,64,1936,271,2848,0,0,317,3161,17,812,317,3973,California
Amador,2021-02-06,98,4882,80,2016,18,2866,0,0,94,3251,4,816,94,4067,California
Amador,2021-02-07,39,4921,35,2051,4,2870,0,0,35,3283,4,820,36,4103,California
Amador,2021-02-08,91,5012,63,2114,28,2898,0,0,74,3340,17,837,74,4177,California
Amador,2021-02-09,173,5185,80,2194,93,2991,0,0,106,3379,67,904,106,4283,California
Amador,2021-02-10,980,6165,80,2274,900,3891,0,0,947,4293,33,937,947,5230,California
Amador,2021-02-11,306,6471,118,2392,188,4079,0,0,196,4381,108,1045,196,5426,California
Amador,2021-02-12,327,6798,120,2512,207,4286,0,0,254,4562,73,1118,254,5680,California
Amador,2021-02-13,165,6963,80,2592,85,4371,0,0,142,4681,23,1141,142,5822,California
Amador,2021-02-14,124,7087,54,2646,70,4441,0,0,106,4769,18,1159,106,5928,California
Amador,2021-02-15,189,7276,60,2706,129,4570,0,0,172,4925,16,1175,172,6100,California
Amador,2021-02-16,466,7742,53,2759,413,4983,0,0,427,5314,39,1214,428,6528,California
Amador,2021-02-17,264,8006,86,2845,178,5161,0,0,167,5384,97,1311,167,6695,California
Amador,2021-02-18,394,8400,97,2942,297,5458,0,0,332,5654,62,1373,332,7027,California
Amador,2021-02-19,191,8591,75,3017,116,5574,0,0,107,5677,84,1457,107,7134,California
Amador,2021-02-20,94,8685,32,3049,62,5636,0,0,65,5713,29,1486,65,7199,California
Amador,2021-02-21,45,8730,33,3082,12,5648,0,0,13,5695,31,1517,13,7212,California
Amador,2021-02-22,66,8796,26,3108,40,5688,0,0,33,5696,32,1549,33,7245,California
Amador,2021-02-23,322,9118,56,3164,266,5954,0,0,142,5659,179,1728,142,7387,California
Amador,2021-02-24,396,9514,59,3223,337,6291,0,0,264,5795,128,1856,264,7651,California
Amador,2021-02-25,529,10043,122,3345,407,6698,0,0,282,5831,246,2102,282,7933,California
Amador,2021-02-26,631,10674,80,3425,551,7249,0,0,515,6231,115,2217,515,8448,California
Amador,2021-02-27,294,10968,97,3522,197,7446,0,0,101,6142,192,2409,103,8551,California
Amador,2021-02-28,105,11073,54,3576,51,7497,0,0,60,6159,45,2454,62,8613,California
Amador,2021-03-01,199,11272,70,3646,129,7626,0,0,127,6215,72,2526,128,8741,California
Amador,2021-03-02,382,11654,61,3707,321,7947,0,0,335,6504,47,2573,336,9077,California
Amador,2021-03-03,242,11896,82,3789,160,8107,0,0,166,6596,75,2648,167,9244,California
Amador,2021-03-04,493,12389,112,3901,381,8488,0,0,394,6892,98,2746,394,9638,California
Amador,2021-03-05,512,12901,76,3977,436,8924,0,0,291,6966,219,2965,293,9931,California
Amador,2021-03-06,98,12999,46,4023,51,8975,1,1,56,6981,42,3007,57,9988,California
Amador,2021-03-07,66,13065,44,4067,22,8997,0,1,23,6961,43,3050,23,10011,California
Amador,2021-03-08,150,13215,69,4136,80,9077,1,2,90,6992,60,3110,91,10102,California
Amador,2021-03-09,373,13588,48,4184,325,9402,0,2,291,7206,78,3188,292,10394,California
Amador,2021-03-10,514,14102,77,4261,435,9837,2,4,111,6918,403,3591,115,10509,California
Amador,2021-03-11,474,14576,118,4379,345,10182,11,15,299,7057,174,3765,313,10822,California
Amador,2021-03-12,567,15143,66,4445,494,10676,7,22,340,7184,226,3991,353,11175,California
Amador,2021-03-13,116,15259,17,4462,92,10768,7,29,75,7230,41,4032,87,11262,California
Amador,2021-03-14,87,15346,17,4479,68,10836,2,31,21,7187,66,4098,23,11285,California
Amador,2021-03-15,183,15529,26,4505,150,10986,7,38,53,7118,130,4228,61,11346,California
Amador,2021-03-16,452,15981,54,4559,389,11375,9,47,139,6955,311,4539,148,11494,California
Amador,2021-03-17,385,16366,43,4602,339,11714,3,50,265,7103,120,4659,268,11762,California
Amador,2021-03-18,513,16879,102,4704,407,12121,4,54,256,7109,257,4916,263,12025,California
Amador,2021-03-19,542,17421,56,4760,469,12590,17,71,389,7368,151,5067,410,12435,California
Amador,2021-03-20,111,17532,47,4807,63,12653,1,72,46,7353,64,5131,49,12484,California
Amador,2021-03-21,51,17583,35,4842,15,12668,1,73,32,7370,18,5149,35,12519,California
Amador,2021-03-22,115,17698,34,4876,52,12720,29,102,49,7382,66,5215,78,12597,California
Amador,2021-03-23,437,18135,47,4923,383,13103,7,109,276,7506,160,5375,284,12881,California
Amador,2021-03-24,349,18484,40,4963,56,13159,253,362,39,7489,309,5684,292,13173,California
Amador,2021-03-25,610,19094,87,5050,516,13675,7,369,394,7675,215,5899,401,13574,California
Amador,2021-03-26,747,19841,43,5093,698,14373,6,375,285,7509,460,6359,294,13868,California
Amador,2021-03-27,87,19928,15,5108,70,14443,2,377,27,7480,60,6419,31,13899,California
Amador,2021-03-28,69,19997,15,5123,52,14495,2,379,12,7439,56,6475,15,13914,California
Amador,2021-03-29,182,20179,27,5150,154,14649,1,380,79,7424,101,6576,86,14000,California
Amador,2021-03-30,533,20712,25,5175,507,15156,1,381,291,7475,241,6817,292,14292,California
Amador,2021-03-31,202,20914,59,5234,138,15294,5,386,45,7370,155,6972,50,14342,California
Amador,2021-04-01,610,21524,85,5319,525,15819,0,386,261,7286,347,7319,263,14605,California
Amador,2021-04-02,607,22131,39,5358,555,16374,13,399,378,7451,228,7547,393,14998,California
Amador,2021-04-03,87,22218,25,5383,43,16417,19,418,21,7427,66,7613,42,15040,California
Amador,2021-04-04,38,22256,3,5386,29,16446,6,424,15,7425,23,7636,21,15061,California
Amador,2021-04-05,141,22397,50,5436,75,16521,16,440,48,7399,92,7728,66,15127,California
Amador,2021-04-06,504,22901,38,5474,448,16969,18,458,222,7359,280,8008,240,15367,California
Amador,2021-04-07,99,23000,33,5507,47,17016,19,477,43,7367,54,8062,62,15429,California
Amador,2021-04-08,494,23494,85,5592,388,17404,21,498,219,7334,274,8336,241,15670,California
Amador,2021-04-09,483,23977,22,5614,441,17845,20,518,215,7299,267,8603,232,15902,California
Amador,2021-04-10,51,24028,15,5629,27,17872,9,527,21,7299,30,8633,30,15932,California
Amador,2021-04-11,48,24076,24,5653,20,17892,4,531,22,7300,25,8658,26,15958,California
Amador,2021-04-12,98,24174,27,5680,62,17954,9,540,41,7293,57,8715,50,16008,California
Amador,2021-04-13,344,24518,47,5727,297,18251,0,540,65,7081,278,8993,66,16074,California
Amador,2021-04-14,283,24801,30,5757,253,18504,0,540,55,6912,225,9218,56,16130,California
Amador,2021-04-15,330,25131,75,5832,255,18759,0,540,67,6721,258,9476,67,16197,California
Amador,2021-04-16,483,25614,29,5861,454,19213,0,540,386,7011,96,9572,386,16583,California
Amador,2021-04-17,63,25677,36,5897,27,19240,0,540,27,7002,36,9608,27,16610,California
Amador,2021-04-18,30,25707,7,5904,23,19263,0,540,12,6997,18,9626,13,16623,California
Amador,2021-04-19,70,25777,28,5932,42,19305,0,540,30,6990,39,9665,32,16655,California
Amador,2021-04-20,437,26214,53,5985,384,19689,0,540,109,6780,321,9986,111,16766,California
Amador,2021-04-21,89,26303,34,6019,54,19743,1,541,43,6780,44,10030,44,16810,California
Amador,2021-04-22,492,26795,76,6095,415,20158,1,542,101,6498,384,10414,102,16912,California
Amador,2021-04-23,360,27155,47,6142,313,20471,0,542,285,6712,73,10487,287,17199,California
Amador,2021-04-24,49,27204,24,6166,25,20496,0,542,28,6720,20,10507,28,17227,California
Amador,2021-04-25,41,27245,19,6185,22,20518,0,542,29,6737,12,10519,29,17256,California
Amador,2021-04-26,91,27336,26,6211,64,20582,1,543,44,6738,46,10565,47,17303,California
Amador,2021-04-27,494,27830,40,6251,453,21035,1,544,87,6422,405,10970,89,17392,California
Amador,2021-04-28,68,27898,28,6279,36,21071,4,548,39,6436,29,10999,43,17435,California
Amador,2021-04-29,221,28119,69,6348,44,21115,108,656,65,6452,156,11155,172,17607,California
Amador,2021-04-30,336,28455,26,6374,306,21421,4,660,94,6309,242,11397,99,17706,California
Amador,2021-05-01,43,28498,15,6389,23,21444,5,665,22,6317,19,11416,27,17733,California
Amador,2021-05-02,28,28526,14,6403,11,21455,3,668,11,6315,17,11433,15,17748,California
Amador,2021-05-03,68,28594,34,6437,24,21479,10,678,28,6313,40,11473,38,17786,California
Amador,2021-05-04,464,29058,27,6464,430,21909,7,685,67,5990,397,11870,74,17860,California
Amador,2021-05-05,202,29260,152,6616,41,21950,9,694,161,6118,40,11910,168,18028,California
Amador,2021-05-06,108,29368,56,6672,47,21997,5,699,63,6143,43,11953,68,18096,California
Amador,2021-05-07,126,29494,28,6700,91,22088,7,706,67,6158,59,12012,74,18170,California
Amador,2021-05-08,41,29535,10,6710,28,22116,3,709,19,6158,22,12034,22,18192,California
Amador,2021-05-09,16,29551,1,6711,9,22125,6,715,4,6156,12,12046,10,18202,California
Amador,2021-05-10,59,29610,13,6724,43,22168,3,718,24,6148,35,12081,27,18229,California
Amador,2021-05-11,97,29707,31,6755,40,22208,26,744,44,6165,53,12134,70,18299,California
Amador,2021-05-12,68,29775,24,6779,41,22249,3,747,33,6166,35,12169,36,18335,California
Amador,2021-05-13,74,29849,41,6820,27,22276,6,753,37,6173,36,12205,43,18378,California
Amador,2021-05-14,397,30246,36,6856,357,22633,4,757,86,5955,310,12515,92,18470,California
Amador,2021-05-15,49,30295,19,6875,20,22653,10,767,23,5963,26,12541,34,18504,California
Amador,2021-05-16,37,30332,14,6889,23,22676,0,767,17,5960,20,12561,17,18521,California
Amador,2021-05-17,76,30408,23,6912,51,22727,2,769,35,5958,40,12601,38,18559,California
Amador,2021-05-18,246,30654,166,7078,45,22772,35,804,165,6078,80,12681,200,18759,California
Amador,2021-05-19,75,30729,25,7103,47,22819,3,807,35,6079,39,12720,40,18799,California
Amador,2021-05-20,85,30814,45,7148,36,22855,4,811,28,6055,56,12776,32,18831,California
Amador,2021-05-21,272,31086,29,7177,241,23096,2,813,39,5863,233,13009,41,18872,California
Amador,2021-05-22,46,31132,14,7191,27,23123,5,818,12,5847,34,13043,18,18890,California
Amador,2021-05-23,26,31158,4,7195,19,23142,3,821,5,5834,21,13064,8,18898,California
Amador,2021-05-24,90,31248,31,7226,47,23189,12,833,41,5838,49,13113,53,18951,California
Amador,2021-05-25,141,31389,89,7315,27,23216,25,858,82,5888,57,13170,107,19058,California
Amador,2021-05-26,204,31593,161,7476,36,23252,7,865,40,5771,163,13333,46,19104,California
Amador,2021-05-27,81,31674,36,7512,36,23288,9,874,30,5759,51,13384,39,19143,California
Amador,2021-05-28,69,31743,27,7539,38,23326,4,878,30,5754,39,13423,34,19177,California
Amador,2021-05-29,26,31769,2,7541,21,23347,3,881,10,5751,16,13439,13,19190,California
Amador,2021-05-30,19,31788,5,7546,8,23355,6,887,5,5748,14,13453,11,19201,California
Amador,2021-05-31,10,31798,0,7546,9,23364,1,888,2,5743,8,13461,3,19204,California
Amador,2021-06-01,93,31891,65,7611,23,23387,5,893,43,5742,49,13510,48,19252,California
Amador,2021-06-02,46,31937,16,7627,22,23409,8,901,16,5737,30,13540,25,19277,California
Amador,2021-06-03,58,31995,25,7652,28,23437,5,906,19,5723,38,13578,24,19301,California
Amador,2021-06-04,100,32095,20,7672,59,23496,21,927,23,5690,77,13655,44,19345,California
Amador,2021-06-05,38,32133,16,7688,19,23515,3,930,4,5663,34,13689,7,19352,California
Amador,2021-06-06,18,32151,8,7696,9,23524,1,931,8,5662,10,13699,9,19361,California
Amador,2021-06-07,45,32196,18,7714,22,23546,5,936,17,5656,28,13727,22,19383,California
Amador,2021-06-08,173,32369,138,7852,25,23571,10,946,54,5603,118,13845,65,19448,California
Amador,2021-06-09,48,32417,19,7871,20,23591,9,955,12,5588,36,13881,21,19469,California
Amador,2021-06-10,54,32471,22,7893,20,23611,12,967,19,5584,35,13916,31,19500,California
Amador,2021-06-11,57,32528,17,7910,35,23646,5,972,17,5566,40,13956,22,19522,California
Amador,2021-06-12,23,32551,10,7920,11,23657,2,974,8,5562,14,13970,10,19532,California
Amador,2021-06-13,9,32560,2,7922,6,23663,1,975,2,5558,7,13977,3,19535,California
Amador,2021-06-14,46,32606,23,7945,20,23683,3,978,13,5541,33,14010,16,19551,California
Amador,2021-06-15,43,32649,12,7957,19,23702,12,990,17,5544,26,14036,29,19580,California
Amador,2021-06-16,73,32722,33,7990,31,23733,9,999,34,5548,39,14075,43,19623,California
Amador,2021-06-17,47,32769,23,8013,20,23753,4,1003,27,5560,19,14094,31,19654,California
Amador,2021-06-18,156,32925,120,8133,29,23782,7,1010,62,5535,94,14188,69,19723,California
Amador,2021-06-19,31,32956,8,8141,15,23797,8,1018,11,5535,20,14208,20,19743,California
Amador,2021-06-20,8,32964,6,8147,1,23798,1,1019,3,5534,5,14213,4,19747,California
Amador,2021-06-21,45,33009,13,8160,23,23821,9,1028,15,5528,30,14243,24,19771,California
Amador,2021-06-22,14,33023,9,8169,5,23826,0,1028,7,5528,7,14250,7,19778,California
Butte,2020-12-16,3,3,3,3,0,0,0,0,3,3,0,0,3,3,California
Butte,2020-12-17,21,24,21,24,0,0,0,0,21,24,0,0,21,24,California
Butte,2020-12-18,53,77,53,77,0,0,0,0,53,77,0,0,53,77,California
Butte,2020-12-19,7,84,7,84,0,0,0,0,7,84,0,0,7,84,California
Butte,2020-12-20,10,94,10,94,0,0,0,0,10,94,0,0,10,94,California
Butte,2020-12-21,630,724,630,724,0,0,0,0,630,724,0,0,630,724,California
Butte,2020-12-22,618,1342,616,1340,2,2,0,0,618,1342,0,0,618,1342,California
Butte,2020-12-23,874,2216,858,2198,16,18,0,0,874,2216,0,0,874,2216,California
Butte,2020-12-24,158,2374,154,2352,4,22,0,0,158,2374,0,0,158,2374,California
Butte,2020-12-26,90,2464,88,2440,2,24,0,0,90,2464,0,0,90,2464,California
Butte,2020-12-27,35,2499,34,2474,1,25,0,0,35,2499,0,0,35,2499,California
Butte,2020-12-28,278,2777,272,2746,6,31,0,0,278,2777,0,0,278,2777,California
Butte,2020-12-29,201,2978,178,2924,23,54,0,0,201,2978,0,0,201,2978,California
Butte,2020-12-30,512,3490,290,3214,222,276,0,0,512,3490,0,0,512,3490,California
Butte,2020-12-31,213,3703,18,3232,195,471,0,0,213,3703,0,0,213,3703,California
Butte,2021-01-01,11,3714,3,3235,8,479,0,0,11,3714,0,0,11,3714,California
Butte,2021-01-02,40,3754,37,3272,3,482,0,0,40,3754,0,0,40,3754,California
Butte,2021-01-03,3,3757,0,3272,3,485,0,0,3,3757,0,0,3,3757,California
Butte,2021-01-04,209,3966,176,3448,33,518,0,0,209,3966,0,0,209,3966,California
Butte,2021-01-05,195,4161,152,3600,43,561,0,0,194,4159,1,1,194,4160,California
Butte,2021-01-06,625,4786,396,3996,229,790,0,0,620,4775,5,6,621,4781,California
Butte,2021-01-07,762,5548,369,4365,393,1183,0,0,742,5497,20,26,742,5523,California
Butte,2021-01-08,675,6223,533,4898,142,1325,0,0,626,6074,49,75,626,6149,California
Butte,2021-01-09,10,6233,7,4905,3,1328,0,0,5,6074,5,80,5,6154,California
Butte,2021-01-10,19,6252,5,4910,14,1342,0,0,14,6083,5,85,14,6168,California
Butte,2021-01-11,984,7236,949,5859,35,1377,0,0,356,5814,628,713,359,6527,California
Butte,2021-01-12,697,7933,653,6512,44,1421,0,0,275,5667,422,1135,275,6802,California
Butte,2021-01-13,1565,9498,1073,7585,492,1913,0,0,725,5555,839,1974,727,7529,California
Butte,2021-01-14,1640,11138,894,8479,746,2659,0,0,1443,6802,196,2170,1443,8972,California
Butte,2021-01-15,1054,12192,813,9292,241,2900,0,0,945,7638,109,2279,945,9917,California
Butte,2021-01-16,588,12780,301,9593,287,3187,0,0,544,8138,44,2323,544,10461,California
Butte,2021-01-17,236,13016,62,9655,174,3361,0,0,199,8300,37,2360,199,10660,California
Butte,2021-01-18,346,13362,304,9959,42,3403,0,0,279,8513,66,2426,279,10939,California
Butte,2021-01-19,491,13853,430,10389,61,3464,0,0,222,8466,269,2695,222,11161,California
Butte,2021-01-20,1374,15227,690,11079,684,4148,0,0,1071,9234,303,2998,1071,12232,California
Butte,2021-01-21,1478,16705,867,11946,611,4759,0,0,1371,10499,106,3104,1371,13603,California
Butte,2021-01-22,1141,17846,483,12429,658,5417,0,0,1087,11532,54,3158,1087,14690,California
Butte,2021-01-23,125,17971,85,12514,40,5457,0,0,100,11607,25,3183,100,14790,California
Butte,2021-01-24,8,17979,6,12520,2,5459,0,0,8,11615,0,3183,8,14798,California
Butte,2021-01-25,659,18638,339,12859,320,5779,0,0,495,11946,164,3347,495,15293,California
Butte,2021-01-26,1473,20111,377,13236,1096,6875,0,0,1337,13147,136,3483,1337,16630,California
Butte,2021-01-27,2104,22215,707,13943,1397,8272,0,0,1369,13782,734,4217,1369,17999,California
Butte,2021-01-28,2262,24477,256,14199,2006,10278,0,0,1950,15421,311,4528,1950,19949,California
Butte,2021-01-29,1692,26169,492,14691,1200,11478,0,0,1310,16351,380,4908,1310,21259,California
Butte,2021-01-30,28,26197,8,14699,20,11498,0,0,26,16375,2,4910,26,21285,California
Butte,2021-01-31,15,26212,13,14712,2,11500,0,0,14,16388,1,4911,14,21299,California
Butte,2021-02-01,1758,27970,406,15118,1352,12852,0,0,1364,17362,390,5301,1364,22663,California
Butte,2021-02-02,1937,29907,363,15481,1574,14426,0,0,1636,18696,302,5603,1636,24299,California
Butte,2021-02-03,2745,32652,778,16259,1967,16393,0,0,1848,19649,895,6498,1848,26147,California
Butte,2021-02-04,2961,35613,321,16580,2640,19033,0,0,2404,21498,555,7053,2404,28551,California
Butte,2021-02-05,1271,36884,666,17246,605,19638,0,0,550,21328,721,7774,551,29102,California
Butte,2021-02-06,145,37029,103,17349,42,19680,0,0,63,21309,82,7856,63,29165,California
Butte,2021-02-07,37,37066,33,17382,4,19684,0,0,14,21300,23,7879,14,29179,California
Butte,2021-02-08,700,37766,549,17931,151,19835,0,0,242,21084,458,8337,242,29421,California
Butte,2021-02-09,950,38716,459,18390,491,20326,0,0,721,21576,229,8566,721,30142,California
Butte,2021-02-10,1702,40418,1186,19576,516,20842,0,0,670,21216,1030,9596,670,30812,California
Butte,2021-02-11,2205,42623,1349,20925,856,21698,0,0,1006,21024,1199,10795,1007,31819,California
Butte,2021-02-12,1001,43624,435,21360,566,22264,0,0,327,20678,673,11468,327,32146,California
Butte,2021-02-13,245,43869,42,21402,203,22467,0,0,144,20721,101,11569,144,32290,California
Butte,2021-02-14,163,44032,9,21411,154,22621,0,0,159,20877,4,11573,160,32450,California
Butte,2021-02-15,262,44294,47,21458,215,22836,0,0,196,21007,66,11639,196,32646,California
Butte,2021-02-16,731,45025,433,21891,298,23134,0,0,276,20829,456,12095,278,32924,California
Butte,2021-02-17,1512,46537,846,22737,666,23800,0,0,839,20997,671,12766,839,33763,California
Butte,2021-02-18,1556,48093,756,23493,800,24600,0,0,750,20941,806,13572,750,34513,California
Butte,2021-02-19,1165,49258,388,23881,777,25377,0,0,398,20579,760,14332,398,34911,California
Butte,2021-02-20,476,49734,32,23913,444,25821,0,0,126,20356,349,14681,126,35037,California
Butte,2021-02-21,17,49751,15,23928,2,25823,0,0,13,20365,4,14685,13,35050,California
Butte,2021-02-22,1500,51251,293,24221,1207,27030,0,0,373,19614,1124,15809,373,35423,California
Butte,2021-02-23,1639,52890,295,24516,1344,28374,0,0,464,18909,1169,16978,464,35887,California
Butte,2021-02-24,2128,55018,594,25110,1534,29908,0,0,719,18227,1401,18379,719,36606,California
Butte,2021-02-25,2080,57098,577,25687,1503,31411,0,0,656,17466,1418,19797,657,37263,California
Butte,2021-02-26,919,58017,308,25995,611,32022,0,0,395,17341,520,20317,395,37658,California
Butte,2021-02-27,232,58249,45,26040,187,32209,0,0,184,17479,46,20363,184,37842,California
Butte,2021-02-28,141,58390,15,26055,126,32335,0,0,134,17606,7,20370,134,37976,California
Butte,2021-03-01,1638,60028,179,26234,1458,33793,1,1,334,16642,1299,21669,335,38311,California
Butte,2021-03-02,1750,61778,198,26432,1552,35345,0,1,305,15506,1441,23110,305,38616,California
Butte,2021-03-03,2791,64569,855,27287,1936,37281,0,1,482,13683,2305,25415,482,39098,California
Butte,2021-03-04,3158,67727,683,27970,2475,39756,0,1,629,11785,2527,27942,629,39727,California
Butte,2021-03-05,1350,69077,615,28585,734,40490,1,2,732,11904,614,28556,733,40460,California
Butte,2021-03-06,245,69322,23,28608,199,40689,23,25,186,12055,58,28614,209,40669,California
Butte,2021-03-07,54,69376,3,28611,34,40723,17,42,30,12078,24,28638,47,40716,California
Butte,2021-03-08,1268,70644,128,28739,1062,41785,78,120,1101,13093,164,28802,1179,41895,California
Butte,2021-03-09,1908,72552,283,29022,1523,43308,102,222,1414,14119,490,29292,1516,43411,California
Butte,2021-03-10,2316,74868,966,29988,1250,44558,100,322,1579,15066,732,30024,1679,45090,California
Butte,2021-03-11,2812,77680,1317,31305,1369,45927,126,448,1981,16353,820,30844,2107,47197,California
Butte,2021-03-12,1161,78841,332,31637,465,46392,364,812,355,16272,800,31644,719,47916,California
Butte,2021-03-13,267,79108,67,31704,139,46531,61,873,59,16183,208,31852,119,48035,California
Butte,2021-03-14,164,79272,16,31720,106,46637,42,915,21,16104,142,31994,63,48098,California
Butte,2021-03-15,1747,81019,360,32080,1091,47728,296,1211,1147,16956,591,32585,1443,49541,California
Butte,2021-03-16,1653,82672,418,32498,1156,48884,79,1290,1110,17605,539,33124,1188,50729,California
Butte,2021-03-17,1953,84625,1353,33851,519,49403,81,1371,1136,18012,809,33933,1216,51945,California
Butte,2021-03-18,1810,86435,1465,35316,218,49621,127,1498,1061,18456,743,34676,1187,53132,California
Butte,2021-03-19,691,87126,306,35622,301,49922,84,1582,342,18542,340,35016,426,53558,California
Butte,2021-03-20,205,87331,30,35652,160,50082,15,1597,97,18546,108,35124,112,53670,California
Butte,2021-03-21,68,87399,35,35687,4,50086,29,1626,21,18551,45,35169,50,53720,California
Butte,2021-03-22,1484,88883,353,36040,1037,51123,94,1720,1222,19607,260,35429,1316,55036,California
Butte,2021-03-23,1849,90732,515,36555,1221,52344,113,1833,1501,20877,344,35773,1614,56650,California
Butte,2021-03-24,2264,92996,1266,37821,872,53216,126,1959,1712,22167,547,36320,1837,58487,California
Butte,2021-03-25,1480,94476,1196,39017,192,53408,92,2051,1014,22811,462,36782,1106,59593,California
Butte,2021-03-26,1205,95681,437,39454,521,53929,247,2298,559,22979,638,37420,806,60399,California
Butte,2021-03-27,302,95983,83,39537,195,54124,24,2322,135,22972,164,37584,157,60556,California
Butte,2021-03-28,227,96210,44,39581,176,54300,7,2329,103,22960,121,37705,109,60665,California
Butte,2021-03-29,1761,97971,379,39960,1312,55612,70,2399,1342,23958,414,38119,1412,62077,California
Butte,2021-03-30,1028,98999,467,40427,471,56083,90,2489,485,23996,537,38656,575,62652,California
Butte,2021-03-31,1775,100774,1301,41728,407,56490,67,2556,1081,24457,687,39343,1148,63800,California
Butte,2021-04-01,3330,104104,2704,44432,498,56988,128,2684,2258,25779,1064,40407,2386,66186,California
Butte,2021-04-02,1002,105106,417,44849,464,57452,121,2805,565,26034,429,40836,684,66870,California
Butte,2021-04-03,342,105448,46,44895,224,57676,72,2877,163,26090,179,41015,235,67105,California
Butte,2021-04-04,191,105639,25,44920,143,57819,23,2900,113,26150,76,41091,136,67241,California
Butte,2021-04-05,1971,107610,420,45340,1380,59199,171,3071,595,25547,1367,42458,764,68005,California
Butte,2021-04-06,2210,109820,617,45957,1171,60370,422,3493,800,25366,1401,43859,1220,69225,California
Butte,2021-04-07,3033,112853,1317,47274,1324,61694,392,3885,714,24159,2313,46172,1106,70331,California
Butte,2021-04-08,2756,115609,1199,48473,1289,62983,268,4153,459,22593,2293,48465,727,71058,California
Butte,2021-04-09,1372,116981,352,48825,539,63522,481,4634,328,22357,1040,49505,804,71862,California
Butte,2021-04-10,225,117206,49,48874,75,63597,101,4735,100,22433,124,49629,200,72062,California
Butte,2021-04-11,104,117310,41,48915,53,63650,10,4745,81,22502,22,49651,91,72153,California
Butte,2021-04-12,1415,118725,315,49230,968,64618,132,4877,235,21689,1180,50831,367,72520,California
Butte,2021-04-13,1652,120377,570,49800,1076,65694,6,4883,343,20737,1302,52133,350,72870,California
Butte,2021-04-14,2855,123232,2360,52160,495,66189,0,4883,1331,20550,1519,53652,1332,74202,California
Butte,2021-04-15,637,123869,391,52551,246,66435,0,4883,483,20882,151,53803,483,74685,California
Butte,2021-04-16,815,124684,418,52969,397,66832,0,4883,481,21031,332,54135,481,75166,California
Butte,2021-04-17,342,125026,60,53029,282,67114,0,4883,238,21167,102,54237,238,75404,California
Butte,2021-04-18,46,125072,11,53040,35,67149,0,4883,40,21201,6,54243,40,75444,California
Butte,2021-04-19,1558,126630,378,53418,1180,68329,0,4883,425,20496,1130,55373,425,75869,California
Butte,2021-04-20,1988,128618,725,54143,1263,69592,0,4883,749,20014,1231,56604,749,76618,California
Butte,2021-04-21,2050,130668,1166,55309,884,70476,0,4883,466,18903,1577,58181,466,77084,California
Butte,2021-04-22,2221,132889,1939,57248,282,70758,0,4883,615,17916,1602,59783,615,77699,California
Butte,2021-04-23,933,133822,441,57689,492,71250,0,4883,480,17944,452,60235,480,78179,California
Butte,2021-04-24,346,134168,137,57826,209,71459,0,4883,190,17979,155,60390,190,78369,California
Butte,2021-04-25,173,134341,68,57894,105,71564,0,4883,64,17934,109,60499,64,78433,California
Butte,2021-04-26,1561,135902,454,58348,1101,72665,6,4889,403,17190,1153,61652,409,78842,California
Butte,2021-04-27,1018,136920,678,59026,313,72978,27,4916,584,17372,430,62082,612,79454,California
Butte,2021-04-28,1386,138306,935,59961,426,73404,25,4941,500,17015,882,62964,525,79979,California
Butte,2021-04-29,889,139195,541,60502,323,73727,25,4966,300,16757,583,63547,325,80304,California
Butte,2021-04-30,895,140090,389,60891,485,74212,21,4987,448,16785,440,63987,468,80772,California
Butte,2021-05-01,241,140331,64,60955,158,74370,19,5006,72,16707,168,64155,90,80862,California
Butte,2021-05-02,150,140481,62,61017,75,74445,13,5019,44,16658,106,64261,57,80919,California
Butte,2021-05-03,634,141115,257,61274,346,74791,31,5050,177,16419,447,64708,208,81127,California
Butte,2021-05-04,817,141932,315,61589,470,75261,32,5082,212,16063,599,65307,243,81370,California
Butte,2021-05-05,1340,143272,1091,62680,213,75474,36,5118,275,15315,1060,66367,312,81682,California
Butte,2021-05-06,935,144207,673,63353,225,75699,37,5155,359,15138,573,66940,396,82078,California
Butte,2021-05-07,559,144766,289,63642,234,75933,36,5191,285,15187,271,67211,320,82398,California
Butte,2021-05-08,167,144933,34,63676,124,76057,9,5200,87,15204,79,67290,96,82494,California
Butte,2021-05-09,92,145025,19,63695,70,76127,3,5203,49,15213,43,67333,52,82546,California
Butte,2021-05-10,516,145541,304,63999,169,76296,43,5246,212,15167,301,67634,255,82801,California
Butte,2021-05-11,869,146410,641,64640,169,76465,59,5305,277,14914,589,68223,336,83137,California
Butte,2021-05-12,763,147173,480,65120,237,76702,46,5351,342,14885,417,68640,388,83525,California
Butte,2021-05-13,912,148085,610,65730,240,76942,62,5413,333,14710,568,69208,393,83918,California
Butte,2021-05-14,826,148911,515,66245,281,77223,30,5443,357,14631,465,69673,386,84304,California
Butte,2021-05-15,479,149390,222,66467,225,77448,32,5475,222,14629,256,69929,254,84558,California
Butte,2021-05-16,167,149557,82,66549,67,77515,18,5493,98,14677,68,69997,116,84674,California
Butte,2021-05-17,754,150311,481,67030,224,77739,49,5542,325,14624,426,70423,373,85047,California
Butte,2021-05-18,1065,151376,732,67762,285,78024,48,5590,476,14565,583,71006,524,85571,California
Butte,2021-05-19,824,152200,533,68295,247,78271,44,5634,329,14447,490,71496,372,85943,California
Butte,2021-05-20,977,153177,652,68947,215,78486,110,5744,389,14361,584,72080,498,86441,California
Butte,2021-05-21,891,154068,542,69489,322,78808,27,5771,309,14117,579,72659,335,86776,California
Butte,2021-05-22,298,154366,137,69626,146,78954,15,5786,145,14126,150,72809,159,86935,California
Butte,2021-05-23,124,154490,75,69701,48,79002,1,5787,79,14161,45,72854,80,87015,California
Butte,2021-05-24,337,154827,152,69853,135,79137,50,5837,169,14213,166,73020,218,87233,California
Butte,2021-05-25,699,155526,447,70300,216,79353,36,5873,348,14253,344,73364,384,87617,California
Butte,2021-05-26,560,156086,179,70479,358,79711,23,5896,255,14234,297,73661,278,87895,California
Butte,2021-05-27,866,156952,622,71101,226,79937,18,5914,430,14252,431,74092,449,88344,California
Butte,2021-05-28,519,157471,141,71242,299,80236,79,5993,216,14247,300,74392,295,88639,California
Butte,2021-05-29,224,157695,116,71358,96,80332,12,6005,148,14331,76,74468,160,88799,California
Butte,2021-05-30,107,157802,56,71414,51,80383,0,6005,61,14346,46,74514,61,88860,California
Butte,2021-05-31,43,157845,23,71437,18,80401,2,6007,25,14355,18,74532,27,88887,California
Butte,2021-06-01,673,158518,425,71862,212,80613,36,6043,253,14229,415,74947,289,89176,California
Butte,2021-06-02,817,159335,566,72428,206,80819,45,6088,351,14162,462,75409,395,89571,California
Butte,2021-06-03,623,159958,420,72848,186,81005,17,6105,221,14001,399,75808,238,89809,California
Butte,2021-06-04,479,160437,273,73121,178,81183,28,6133,158,13873,314,76122,186,89995,California
Butte,2021-06-05,318,160755,205,73326,93,81276,20,6153,105,13787,211,76333,125,90120,California
Butte,2021-06-06,135,160890,100,73426,33,81309,2,6155,34,13723,100,76433,36,90156,California
Butte,2021-06-07,400,161290,254,73680,116,81425,30,6185,172,13698,227,76660,202,90358,California
Butte,2021-06-08,650,161940,469,74149,163,81588,18,6203,191,13460,448,77108,210,90568,California
Butte,2021-06-09,432,162372,296,74445,118,81706,18,6221,147,13346,279,77387,165,90733,California
Butte,2021-06-10,631,163003,450,74895,149,81855,32,6253,239,13225,390,77777,269,91002,California
Butte,2021-06-11,444,163447,264,75159,159,82014,21,6274,151,13105,292,78069,172,91174,California
Butte,2021-06-12,247,163694,149,75308,88,82102,10,6284,74,13017,172,78241,84,91258,California
Butte,2021-06-13,97,163791,64,75372,30,82132,3,6287,20,12963,77,78318,23,91281,California
Butte,2021-06-14,387,164178,231,75603,136,82268,20,6307,145,12888,241,78559,166,91447,California
Butte,2021-06-15,545,164723,382,75985,137,82405,26,6333,160,12696,379,78938,187,91634,California
Butte,2021-06-16,417,165140,256,76241,116,82521,45,6378,173,12671,242,79180,217,91851,California
Butte,2021-06-17,578,165718,431,76672,121,82642,26,6404,178,12476,399,79579,204,92055,California
Butte,2021-06-18,404,166122,202,76874,149,82791,53,6457,156,12436,246,79825,206,92261,California
Butte,2021-06-19,208,166330,153,77027,50,82841,5,6462,92,12417,116,79941,97,92358,California
Butte,2021-06-20,93,166423,68,77095,25,82866,0,6462,24,12372,69,80010,24,92382,California
Butte,2021-06-21,256,166679,159,77254,82,82948,15,6477,120,12373,134,80144,135,92517,California
Butte,2021-06-22,199,166878,122,77376,62,83010,15,6492,54,12301,141,80285,69,92586,California
Calaveras,2020-12-16,5,5,5,5,0,0,0,0,5,5,0,0,5,5,California
Calaveras,2020-12-17,3,8,3,8,0,0,0,0,3,8,0,0,3,8,California
Calaveras,2020-12-18,40,48,40,48,0,0,0,0,40,48,0,0,40,48,California
Calaveras,2020-12-19,3,51,3,51,0,0,0,0,3,51,0,0,3,51,California
Calaveras,2020-12-20,4,55,4,55,0,0,0,0,4,55,0,0,4,55,California
Calaveras,2020-12-21,54,109,47,102,7,7,0,0,54,109,0,0,54,109,California
Calaveras,2020-12-22,82,191,78,180,4,11,0,0,83,192,0,0,83,192,California
Calaveras,2020-12-23,76,267,74,254,2,13,0,0,76,268,0,0,76,268,California
Calaveras,2020-12-24,2,269,2,256,0,13,0,0,2,270,0,0,2,270,California
Calaveras,2020-12-26,4,273,3,259,1,14,0,0,4,274,0,0,4,274,California
Calaveras,2020-12-27,1,274,1,260,0,14,0,0,1,275,0,0,1,275,California
Calaveras,2020-12-28,22,296,17,277,5,19,0,0,21,295,1,1,21,296,California
Calaveras,2020-12-29,160,456,138,415,22,41,0,0,160,455,0,1,160,456,California
Calaveras,2020-12-30,93,549,81,496,12,53,0,0,93,548,0,1,93,549,California
Calaveras,2020-12-31,36,585,25,521,11,64,0,0,36,584,0,1,36,585,California
Calaveras,2021-01-02,11,596,11,532,0,64,0,0,11,595,0,1,11,596,California
Calaveras,2021-01-03,10,606,4,536,6,70,0,0,10,605,0,1,10,606,California
Calaveras,2021-01-04,33,639,5,541,28,98,0,0,33,638,0,1,33,639,California
Calaveras,2021-01-05,41,680,10,551,31,129,0,0,32,666,9,10,37,676,California
Calaveras,2021-01-06,107,787,30,581,77,206,0,0,97,753,10,20,97,773,California
Calaveras,2021-01-07,107,894,27,608,80,286,0,0,93,835,12,32,94,867,California
Calaveras,2021-01-08,70,964,39,647,31,317,0,0,46,859,24,56,48,915,California
Calaveras,2021-01-09,5,969,5,652,0,317,0,0,2,858,3,59,2,917,California
Calaveras,2021-01-10,2,971,0,652,2,319,0,0,2,860,0,59,2,919,California
Calaveras,2021-01-11,66,1037,60,712,6,325,0,0,27,851,38,97,29,948,California
Calaveras,2021-01-12,84,1121,52,764,32,357,0,0,51,870,33,130,52,1000,California
Calaveras,2021-01-13,108,1229,45,809,63,420,0,0,74,911,34,164,75,1075,California
Calaveras,2021-01-14,139,1368,44,853,95,515,0,0,106,986,32,196,107,1182,California
Calaveras,2021-01-15,92,1460,28,881,64,579,0,0,72,1038,20,216,72,1254,California
Calaveras,2021-01-16,13,1473,2,883,11,590,0,0,12,1049,1,217,12,1266,California
Calaveras,2021-01-17,10,1483,2,885,8,598,0,0,9,1057,1,218,9,1275,California
Calaveras,2021-01-18,131,1614,19,904,112,710,0,0,117,1164,14,232,121,1396,California
Calaveras,2021-01-19,208,1822,177,1081,31,741,0,0,70,1099,137,369,72,1468,California
Calaveras,2021-01-20,378,2200,82,1163,296,1037,0,0,287,1311,90,459,302,1770,California
Calaveras,2021-01-21,463,2663,40,1203,423,1460,0,0,424,1712,39,498,440,2210,California
Calaveras,2021-01-22,403,3066,24,1227,379,1839,0,0,389,2097,14,512,399,2609,California
Calaveras,2021-01-23,17,3083,8,1235,9,1848,0,0,16,2112,1,513,16,2625,California
Calaveras,2021-01-24,14,3097,8,1243,6,1854,0,0,12,2122,2,515,12,2637,California
Calaveras,2021-01-25,87,3184,8,1251,79,1933,0,0,81,2197,6,521,81,2718,California
Calaveras,2021-01-26,47,3231,15,1266,32,1965,0,0,38,2226,9,530,38,2756,California
Calaveras,2021-01-27,129,3360,45,1311,84,2049,0,0,100,2298,28,558,100,2856,California
Calaveras,2021-01-28,165,3525,25,1336,140,2189,0,0,139,2416,26,584,144,3000,California
Calaveras,2021-01-29,368,3893,13,1349,355,2544,0,0,335,2733,33,617,350,3350,California
Calaveras,2021-01-30,27,3920,10,1359,17,2561,0,0,25,2758,0,617,25,3375,California
Calaveras,2021-01-31,7,3927,4,1363,3,2564,0,0,6,2763,1,618,6,3381,California
Calaveras,2021-02-01,28,3955,12,1375,16,2580,0,0,19,2773,9,627,19,3400,California
Calaveras,2021-02-02,110,4065,23,1398,87,2667,0,0,71,2811,34,661,72,3472,California
Calaveras,2021-02-03,435,4500,44,1442,391,3058,0,0,350,3079,84,745,352,3824,California
Calaveras,2021-02-04,385,4885,26,1468,359,3417,0,0,300,3297,85,830,303,4127,California
Calaveras,2021-02-05,79,4964,22,1490,57,3474,0,0,41,3301,38,868,42,4169,California
Calaveras,2021-02-06,21,4985,12,1502,9,3483,0,0,21,3322,0,868,21,4190,California
Calaveras,2021-02-07,5,4990,1,1503,4,3487,0,0,2,3322,2,870,2,4192,California
Calaveras,2021-02-08,39,5029,18,1521,21,3508,0,0,31,3347,6,876,31,4223,California
Calaveras,2021-02-09,192,5221,77,1598,115,3623,0,0,130,3418,60,936,131,4354,California
Calaveras,2021-02-10,514,5735,31,1629,483,4106,0,0,441,3793,73,1009,448,4802,California
Calaveras,2021-02-11,585,6320,85,1714,500,4606,0,0,470,4161,112,1121,480,5282,California
Calaveras,2021-02-12,570,6890,325,2039,245,4851,0,0,489,4577,79,1200,495,5777,California
Calaveras,2021-02-13,200,7090,45,2084,155,5006,0,0,185,4747,15,1215,185,5962,California
Calaveras,2021-02-14,223,7313,71,2155,152,5158,0,0,207,4940,14,1229,207,6169,California
Calaveras,2021-02-15,382,7695,25,2180,357,5515,0,0,262,5086,116,1345,262,6431,California
Calaveras,2021-02-16,267,7962,143,2323,124,5639,0,0,230,5282,37,1382,233,6664,California
Calaveras,2021-02-17,511,8473,37,2360,474,6113,0,0,206,5202,290,1672,210,6874,California
Calaveras,2021-02-18,498,8971,91,2451,407,6520,0,0,95,4917,381,2053,96,6970,California
Calaveras,2021-02-19,439,9410,42,2493,397,6917,0,0,98,4687,328,2381,98,7068,California
Calaveras,2021-02-20,56,9466,15,2508,41,6958,0,0,47,4725,9,2390,47,7115,California
Calaveras,2021-02-21,25,9491,15,2523,10,6968,0,0,18,4737,6,2396,18,7133,California
Calaveras,2021-02-22,61,9552,37,2560,24,6992,0,0,32,4740,29,2425,32,7165,California
Calaveras,2021-02-23,128,9680,43,2603,85,7077,0,0,92,4797,36,2461,93,7258,California
Calaveras,2021-02-24,96,9776,47,2650,49,7126,0,0,66,4834,29,2490,66,7324,California
Calaveras,2021-02-25,552,10328,101,2751,451,7577,0,0,355,5004,191,2681,361,7685,California
Calaveras,2021-02-26,776,11104,45,2796,731,8308,0,0,411,5075,341,3022,412,8097,California
Calaveras,2021-02-27,204,11308,23,2819,181,8489,0,0,180,5231,24,3046,180,8277,California
Calaveras,2021-02-28,96,11404,15,2834,81,8570,0,0,91,5317,5,3051,91,8368,California
Calaveras,2021-03-01,240,11644,47,2881,193,8763,0,0,152,5387,83,3134,153,8521,California
Calaveras,2021-03-02,254,11898,100,2981,154,8917,0,0,206,5550,45,3179,208,8729,California
Calaveras,2021-03-03,560,12458,107,3088,453,9370,0,0,220,5436,334,3513,220,8949,California
Calaveras,2021-03-04,749,13207,72,3160,676,10046,1,1,353,5403,388,3901,355,9304,California
Calaveras,2021-03-05,455,13662,271,3431,180,10226,4,5,140,5242,305,4206,144,9448,California
Calaveras,2021-03-06,154,13816,41,3472,107,10333,6,11,114,5323,40,4246,121,9569,California
Calaveras,2021-03-07,76,13892,31,3503,38,10371,7,18,34,5322,42,4288,41,9610,California
Calaveras,2021-03-08,164,14056,28,3531,128,10499,8,26,129,5425,34,4322,137,9747,California
Calaveras,2021-03-09,361,14417,136,3667,219,10718,6,32,32,5140,323,4645,38,9785,California
Calaveras,2021-03-10,418,14835,30,3697,385,11103,3,35,59,4852,350,4995,62,9847,California
Calaveras,2021-03-11,851,15686,423,4120,415,11518,13,48,429,4886,410,5405,444,10291,California
Calaveras,2021-03-12,399,16085,212,4332,178,11696,9,57,322,5149,76,5481,339,10630,California
Calaveras,2021-03-13,178,16263,15,4347,155,11851,8,65,138,5261,39,5520,151,10781,California
Calaveras,2021-03-14,154,16417,11,4358,142,11993,1,66,16,5146,138,5658,23,10804,California
Calaveras,2021-03-15,330,16747,49,4407,256,12249,25,91,56,4958,273,5931,85,10889,California
Calaveras,2021-03-16,691,17438,554,4961,117,12366,20,111,545,5379,144,6075,565,11454,California
Calaveras,2021-03-17,280,17718,50,5011,216,12582,14,125,51,5221,224,6299,66,11520,California
Calaveras,2021-03-18,665,18383,569,5580,80,12662,16,141,548,5670,117,6416,566,12086,California
Calaveras,2021-03-19,234,18617,50,5630,110,12772,74,215,59,5630,171,6587,131,12217,California
Calaveras,2021-03-20,78,18695,22,5652,55,12827,1,216,21,5596,57,6644,23,12240,California
Calaveras,2021-03-21,46,18741,29,5681,6,12833,11,227,9,5581,36,6680,21,12261,California
Calaveras,2021-03-22,80,18821,36,5717,23,12856,21,248,25,5572,55,6735,46,12307,California
Calaveras,2021-03-23,296,19117,206,5923,80,12936,10,258,115,5528,169,6904,125,12432,California
Calaveras,2021-03-24,137,19254,53,5976,74,13010,10,268,44,5491,91,6995,54,12486,California
Calaveras,2021-03-25,746,20000,103,6079,639,13649,4,272,446,5650,291,7286,450,12936,California
Calaveras,2021-03-26,426,20426,27,6106,393,14042,6,278,87,5409,336,7622,95,13031,California
Calaveras,2021-03-27,210,20636,19,6125,187,14229,4,282,37,5282,170,7792,43,13074,California
Calaveras,2021-03-28,111,20747,11,6136,98,14327,2,284,8,5191,102,7894,11,13085,California
Calaveras,2021-03-29,180,20927,22,6158,155,14482,3,287,57,5132,120,8014,61,13146,California
Calaveras,2021-03-30,537,21464,25,6183,495,14977,17,304,359,5331,177,8191,376,13522,California
Calaveras,2021-03-31,324,21788,143,6326,171,15148,10,314,156,5330,168,8359,167,13689,California
Calaveras,2021-04-01,687,22475,445,6771,241,15389,1,315,187,5026,496,8855,192,13881,California
Calaveras,2021-04-02,391,22866,228,6999,155,15544,8,323,115,4880,270,9125,124,14005,California
Calaveras,2021-04-03,144,23010,33,7032,107,15651,4,327,40,4820,104,9229,44,14049,California
Calaveras,2021-04-04,82,23092,26,7058,56,15707,0,327,50,4838,32,9261,50,14099,California
Calaveras,2021-04-05,212,23304,81,7139,121,15828,10,337,100,4836,112,9373,110,14209,California
Calaveras,2021-04-06,654,23958,576,7715,64,15892,14,351,113,4426,537,9910,127,14336,California
Calaveras,2021-04-07,758,24716,660,8375,61,15953,37,388,620,4946,138,10048,658,14994,California
Calaveras,2021-04-08,947,25663,857,9232,69,16022,21,409,438,4900,506,10554,460,15454,California
Calaveras,2021-04-09,156,25819,59,9291,48,16070,49,458,58,4910,97,10651,107,15561,California
Calaveras,2021-04-10,193,26012,43,9334,131,16201,19,477,149,5036,43,10694,169,15730,California
Calaveras,2021-04-11,67,26079,45,9379,21,16222,1,478,49,5068,18,10712,50,15780,California
Calaveras,2021-04-12,103,26182,45,9424,40,16262,18,496,54,5092,49,10761,73,15853,California
Calaveras,2021-04-13,423,26605,368,9792,55,16317,0,496,365,5402,57,10818,367,16220,California
Calaveras,2021-04-14,182,26787,30,9822,152,16469,0,496,132,5485,50,10868,133,16353,California
Calaveras,2021-04-15,333,27120,282,10104,51,16520,0,496,247,5650,82,10950,247,16600,California
Calaveras,2021-04-16,103,27223,27,10131,76,16596,0,496,49,5650,49,10999,49,16649,California
Calaveras,2021-04-17,333,27556,128,10259,205,16801,0,496,291,5899,42,11041,291,16940,California
Calaveras,2021-04-18,18,27574,6,10265,12,16813,0,496,12,5905,6,11047,12,16952,California
Calaveras,2021-04-19,75,27649,26,10291,49,16862,0,496,45,5922,29,11076,46,16998,California
Calaveras,2021-04-20,261,27910,92,10383,169,17031,0,496,194,6051,65,11141,194,17192,California
Calaveras,2021-04-21,213,28123,143,10526,70,17101,0,496,81,6003,130,11271,82,17274,California
Calaveras,2021-04-22,544,28667,96,10622,448,17549,0,496,142,5748,399,11670,144,17418,California
Calaveras,2021-04-23,156,28823,78,10700,78,17627,0,496,64,5723,89,11759,64,17482,California
Calaveras,2021-04-24,172,28995,36,10736,136,17763,0,496,129,5811,42,11801,130,17612,California
Calaveras,2021-04-25,42,29037,28,10764,14,17777,0,496,21,5813,21,11822,23,17635,California
Calaveras,2021-04-26,116,29153,73,10837,43,17820,0,496,34,5766,82,11904,35,17670,California
Calaveras,2021-04-27,440,29593,73,10910,354,18174,13,509,57,5456,380,12284,70,17740,California
Calaveras,2021-04-28,648,30241,579,11489,38,18212,31,540,54,4956,592,12876,92,17832,California
Calaveras,2021-04-29,515,30756,443,11932,53,18265,19,559,73,4612,440,13316,96,17928,California
Calaveras,2021-04-30,151,30907,61,11993,85,18350,5,564,67,4607,83,13399,78,18006,California
Calaveras,2021-05-01,201,31108,110,12103,88,18438,3,567,134,4681,66,13465,140,18146,California
Calaveras,2021-05-02,51,31159,34,12137,16,18454,1,568,18,4670,31,13496,20,18166,California
Calaveras,2021-05-03,91,31250,67,12204,19,18473,5,573,29,4646,62,13558,38,18204,California
Calaveras,2021-05-04,416,31666,330,12534,49,18522,37,610,43,4355,372,13930,81,18285,California
Calaveras,2021-05-05,113,31779,58,12592,22,18544,33,643,49,4373,63,13993,81,18366,California
Calaveras,2021-05-06,255,32034,194,12786,37,18581,24,667,48,4240,206,14199,73,18439,California
Calaveras,2021-05-07,86,32120,22,12808,58,18639,6,673,56,4272,30,14229,62,18501,California
Calaveras,2021-05-08,291,32411,144,12952,145,18784,2,675,90,4166,198,14427,92,18593,California
Calaveras,2021-05-09,29,32440,12,12964,14,18798,3,678,13,4166,16,14443,16,18609,California
Calaveras,2021-05-10,56,32496,25,12989,30,18828,1,679,26,4166,28,14471,28,18637,California
Calaveras,2021-05-11,134,32630,88,13077,33,18861,13,692,94,4235,39,14510,108,18745,California
Calaveras,2021-05-12,168,32798,47,13124,121,18982,0,692,52,4172,115,14625,52,18797,California
Calaveras,2021-05-13,119,32917,65,13189,39,19021,15,707,63,4197,54,14679,79,18876,California
Calaveras,2021-05-14,149,33066,92,13281,54,19075,3,710,100,4252,48,14727,103,18979,California
Calaveras,2021-05-15,266,33332,93,13374,170,19245,3,713,105,4205,155,14882,108,19087,California
Calaveras,2021-05-16,29,33361,12,13386,17,19262,0,713,14,4205,15,14897,15,19102,California
Calaveras,2021-05-17,88,33449,41,13427,40,19302,7,720,46,4218,41,14938,54,19156,California
Calaveras,2021-05-18,226,33675,61,13488,143,19445,22,742,72,4159,153,15091,94,19250,California
Calaveras,2021-05-19,146,33821,59,13547,83,19528,4,746,70,4159,75,15166,75,19325,California
Calaveras,2021-05-20,203,34024,79,13626,99,19627,25,771,67,4117,133,15299,91,19416,California
Calaveras,2021-05-21,97,34121,55,13681,38,19665,4,775,58,4141,37,15336,61,19477,California
Calaveras,2021-05-22,301,34422,160,13841,141,19806,0,775,148,4137,152,15488,148,19625,California
Calaveras,2021-05-23,29,34451,14,13855,15,19821,0,775,13,4134,16,15504,13,19638,California
Calaveras,2021-05-24,75,34526,39,13894,20,19841,16,791,32,4140,43,15547,49,19687,California
Calaveras,2021-05-25,123,34649,48,13942,59,19900,16,807,57,4147,66,15613,73,19760,California
Calaveras,2021-05-26,121,34770,87,14029,30,19930,4,811,83,4196,37,15650,86,19846,California
Calaveras,2021-05-27,83,34853,43,14072,36,19966,4,815,27,4175,53,15703,32,19878,California
Calaveras,2021-05-28,82,34935,42,14114,36,20002,4,819,41,4179,41,15744,45,19923,California
Calaveras,2021-05-29,69,35004,23,14137,41,20043,5,824,33,4182,36,15780,39,19962,California
Calaveras,2021-05-30,36,35040,14,14151,17,20060,5,829,11,4173,25,15805,16,19978,California
Calaveras,2021-05-31,5,35045,0,14151,3,20063,2,831,0,4170,5,15810,2,19980,California
Calaveras,2021-06-01,144,35189,97,14248,41,20104,6,837,44,4120,100,15910,50,20030,California
Calaveras,2021-06-02,84,35273,54,14302,26,20130,4,841,36,4112,48,15958,40,20070,California
Calaveras,2021-06-03,93,35366,55,14357,31,20161,7,848,42,4114,49,16007,51,20121,California
Calaveras,2021-06-04,140,35506,94,14451,34,20195,12,860,37,4060,103,16110,49,20170,California
Calaveras,2021-06-05,84,35590,27,14478,55,20250,2,862,33,4045,50,16160,35,20205,California
Calaveras,2021-06-06,40,35630,28,14506,9,20259,3,865,21,4050,19,16179,24,20229,California
Calaveras,2021-06-07,61,35691,44,14550,9,20268,8,873,25,4048,35,16214,33,20262,California
Calaveras,2021-06-08,125,35816,79,14629,39,20307,7,880,57,4046,66,16280,64,20326,California
Calaveras,2021-06-09,93,35909,49,14678,38,20345,6,886,30,4021,63,16343,38,20364,California
Calaveras,2021-06-10,115,36024,57,14735,49,20394,9,895,41,3999,72,16415,50,20414,California
Calaveras,2021-06-11,103,36127,58,14793,40,20434,5,900,32,3965,71,16486,37,20451,California
Calaveras,2021-06-12,62,36189,36,14829,24,20458,2,902,19,3944,43,16529,22,20473,California
Calaveras,2021-06-13,31,36220,18,14847,9,20467,4,906,8,3933,23,16552,12,20485,California
Calaveras,2021-06-14,58,36278,39,14886,15,20482,4,910,22,3924,36,16588,27,20512,California
Calaveras,2021-06-15,90,36368,55,14941,26,20508,9,919,23,3890,67,16655,33,20545,California
Calaveras,2021-06-16,179,36547,138,15079,27,20535,14,933,39,3804,139,16794,53,20598,California
Calaveras,2021-06-17,58,36605,31,15110,23,20558,4,937,24,3801,31,16825,28,20626,California
Calaveras,2021-06-18,58,36663,40,15150,15,20573,3,940,24,3794,34,16859,27,20653,California
Calaveras,2021-06-19,63,36726,23,15173,26,20599,14,954,23,3791,40,16899,37,20690,California
Calaveras,2021-06-20,5,36731,2,15175,3,20602,0,954,2,3790,3,16902,2,20692,California
Calaveras,2021-06-21,37,36768,13,15188,18,20620,6,960,22,3804,15,16917,29,20721,California
Calaveras,2021-06-22,14,36782,6,15194,7,20627,1,961,5,3801,9,16926,6,20727,California
Colusa,2020-12-18,1,1,1,1,0,0,0,0,1,1,0,0,1,1,California
Colusa,2020-12-21,2,3,2,3,0,0,0,0,2,3,0,0,2,3,California
Colusa,2020-12-22,10,13,10,13,0,0,0,0,10,13,0,0,10,13,California
Colusa,2020-12-23,10,23,10,23,0,0,0,0,10,23,0,0,10,23,California
Colusa,2020-12-24,2,25,1,24,1,1,0,0,2,25,0,0,2,25,California
Colusa,2020-12-27,1,26,1,25,0,1,0,0,1,26,0,0,1,26,California
Colusa,2020-12-28,7,33,3,28,4,5,0,0,7,33,0,0,7,33,California
Colusa,2020-12-29,10,43,7,35,3,8,0,0,10,43,0,0,10,43,California
Colusa,2020-12-30,51,94,14,49,37,45,0,0,51,94,0,0,51,94,California
Colusa,2020-12-31,18,112,1,50,17,62,0,0,18,112,0,0,18,112,California
Colusa,2021-01-04,4,116,0,50,4,66,0,0,4,116,0,0,4,116,California
Colusa,2021-01-05,67,183,1,51,66,132,0,0,67,183,0,0,67,183,California
Colusa,2021-01-06,15,198,9,60,6,138,0,0,15,198,0,0,15,198,California
Colusa,2021-01-07,39,237,5,65,34,172,0,0,38,235,1,1,38,236,California
Colusa,2021-01-08,9,246,7,72,2,174,0,0,8,242,1,2,8,244,California
Colusa,2021-01-09,2,248,1,73,1,175,0,0,2,244,0,2,2,246,California
Colusa,2021-01-10,1,249,0,73,1,176,0,0,1,245,0,2,1,247,California
Colusa,2021-01-11,12,261,6,79,6,182,0,0,7,247,5,7,7,254,California
Colusa,2021-01-12,11,272,9,88,2,184,0,0,6,248,5,12,6,260,California
Colusa,2021-01-13,20,292,13,101,7,191,0,0,12,252,8,20,12,272,California
Colusa,2021-01-14,34,326,28,129,6,197,0,0,32,282,2,22,32,304,California
Colusa,2021-01-15,44,370,5,134,39,236,0,0,42,322,2,24,42,346,California
Colusa,2021-01-16,12,382,1,135,11,247,0,0,11,332,1,25,11,357,California
Colusa,2021-01-17,2,384,1,136,1,248,0,0,2,334,0,25,2,359,California
Colusa,2021-01-18,4,388,0,136,4,252,0,0,4,338,0,25,4,363,California
Colusa,2021-01-19,9,397,8,144,1,253,0,0,5,339,4,29,5,368,California
Colusa,2021-01-20,113,510,101,245,12,265,0,0,99,424,14,43,99,467,California
Colusa,2021-01-21,59,569,44,289,15,280,0,0,58,481,1,44,58,525,California
Colusa,2021-01-22,34,603,17,306,17,297,0,0,29,505,5,49,29,554,California
Colusa,2021-01-23,35,638,6,312,29,326,0,0,35,540,0,49,35,589,California
Colusa,2021-01-25,7,645,0,312,7,333,0,0,7,547,0,49,7,596,California
Colusa,2021-01-26,8,653,5,317,3,336,0,0,5,549,3,52,5,601,California
Colusa,2021-01-27,109,762,31,348,78,414,0,0,107,654,2,54,107,708,California
Colusa,2021-01-28,83,845,48,396,35,449,0,0,74,719,9,63,74,782,California
Colusa,2021-01-29,39,884,6,402,33,482,0,0,38,756,1,64,38,820,California
Colusa,2021-01-30,27,911,4,406,23,505,0,0,27,783,0,64,27,847,California
Colusa,2021-01-31,7,918,7,413,0,505,0,0,7,790,0,64,7,854,California
Colusa,2021-02-01,27,945,10,423,17,522,0,0,22,807,5,69,22,876,California
Colusa,2021-02-02,44,989,9,432,35,557,0,0,37,837,7,76,37,913,California
Colusa,2021-02-03,70,1059,11,443,59,616,0,0,59,885,11,87,59,972,California
Colusa,2021-02-04,145,1204,82,525,63,679,0,0,117,974,28,115,117,1089,California
Colusa,2021-02-05,28,1232,8,533,20,699,0,0,25,996,3,118,25,1114,California
Colusa,2021-02-06,282,1514,9,542,273,972,0,0,271,1256,11,129,271,1385,California
Colusa,2021-02-07,2,1516,1,543,1,973,0,0,0,1254,2,131,0,1385,California
Colusa,2021-02-08,40,1556,5,548,35,1008,0,0,37,1288,3,134,37,1422,California
Colusa,2021-02-09,228,1784,14,562,214,1222,0,0,175,1410,53,187,175,1597,California
Colusa,2021-02-10,113,1897,41,603,72,1294,0,0,71,1439,42,229,71,1668,California
Colusa,2021-02-11,99,1996,37,640,62,1356,0,0,73,1486,26,255,73,1741,California
Colusa,2021-02-12,119,2115,9,649,110,1466,0,0,78,1522,42,297,78,1819,California
Colusa,2021-02-13,60,2175,8,657,52,1518,0,0,52,1566,8,305,52,1871,California
Colusa,2021-02-14,21,2196,8,665,13,1531,0,0,15,1575,6,311,15,1886,California
Colusa,2021-02-15,46,2242,10,675,36,1567,0,0,39,1607,7,318,39,1925,California
Colusa,2021-02-16,67,2309,4,679,63,1630,0,0,66,1672,1,319,66,1991,California
Colusa,2021-02-17,203,2512,143,822,60,1690,0,0,58,1585,145,464,58,2049,California
Colusa,2021-02-18,138,2650,36,858,102,1792,0,0,115,1677,23,487,115,2164,California
Colusa,2021-02-19,150,2800,19,877,131,1923,0,0,130,1787,20,507,130,2294,California
Colusa,2021-02-20,27,2827,5,882,22,1945,0,0,11,1782,16,523,11,2305,California
Colusa,2021-02-21,1,2828,1,883,0,1945,0,0,0,1781,1,524,0,2305,California
Colusa,2021-02-22,43,2871,26,909,17,1962,0,0,29,1796,14,538,29,2334,California
Colusa,2021-02-23,21,2892,6,915,15,1977,0,0,17,1809,4,542,17,2351,California
Colusa,2021-02-24,304,3196,55,970,249,2226,0,0,159,1823,145,687,159,2510,California
Colusa,2021-02-25,103,3299,54,1024,49,2275,0,0,67,1854,36,723,67,2577,California
Colusa,2021-02-26,95,3394,14,1038,81,2356,0,0,59,1877,36,759,59,2636,California
Colusa,2021-02-27,55,3449,4,1042,51,2407,0,0,40,1902,15,774,40,2676,California
Colusa,2021-02-28,27,3476,15,1057,12,2419,0,0,18,1911,9,783,18,2694,California
Colusa,2021-03-01,46,3522,15,1072,31,2450,0,0,29,1923,17,800,29,2723,California
Colusa,2021-03-02,46,3568,11,1083,35,2485,0,0,23,1923,23,823,23,2746,California
Colusa,2021-03-03,246,3814,46,1129,200,2685,0,0,189,2055,57,880,189,2935,California
Colusa,2021-03-04,140,3954,59,1188,81,2766,0,0,81,2077,59,939,81,3016,California
Colusa,2021-03-05,94,4048,25,1213,60,2826,9,9,53,2098,41,980,62,3078,California
Colusa,2021-03-06,272,4320,9,1222,263,3089,0,9,38,1902,234,1214,38,3116,California
Colusa,2021-03-07,8,4328,5,1227,3,3092,0,9,6,1906,2,1216,6,3122,California
Colusa,2021-03-08,89,4417,21,1248,33,3125,35,44,45,1942,44,1260,80,3202,California
Colusa,2021-03-09,274,4691,74,1322,177,3302,23,67,85,1861,189,1449,108,3310,California
Colusa,2021-03-10,288,4979,38,1360,214,3516,36,103,203,2015,85,1534,239,3549,California
Colusa,2021-03-11,416,5395,59,1419,336,3852,21,124,333,2284,83,1617,352,3901,California
Colusa,2021-03-12,109,5504,18,1437,79,3931,12,136,20,2227,89,1706,32,3933,California
Colusa,2021-03-13,58,5562,13,1450,36,3967,9,145,16,2210,42,1748,25,3958,California
Colusa,2021-03-14,21,5583,0,1450,19,3986,2,147,7,2206,13,1761,9,3967,California
Colusa,2021-03-15,72,5655,27,1477,37,4023,8,155,15,2172,57,1818,23,3990,California
Colusa,2021-03-16,296,5951,16,1493,234,4257,46,201,189,2300,107,1925,235,4225,California
Colusa,2021-03-17,192,6143,49,1542,143,4400,0,201,107,2322,85,2010,107,4332,California
Colusa,2021-03-18,324,6467,37,1579,217,4617,70,271,201,2471,123,2133,272,4604,California
Colusa,2021-03-19,81,6548,20,1599,59,4676,2,273,55,2502,26,2159,57,4661,California
Colusa,2021-03-20,49,6597,7,1606,41,4717,1,274,36,2526,13,2172,37,4698,California
Colusa,2021-03-21,6,6603,4,1610,2,4719,0,274,3,2526,3,2175,3,4701,California
Colusa,2021-03-22,63,6666,10,1620,44,4763,9,283,41,2554,22,2197,50,4751,California
Colusa,2021-03-23,81,6747,16,1636,63,4826,2,285,55,2585,26,2223,57,4808,California
Colusa,2021-03-24,341,7088,56,1692,279,5105,6,291,67,2383,274,2497,72,4880,California
Colusa,2021-03-25,107,7195,60,1752,42,5147,5,296,49,2379,58,2555,54,4934,California
Colusa,2021-03-26,297,7492,48,1800,245,5392,4,300,244,2574,53,2608,248,5182,California
Colusa,2021-03-27,63,7555,5,1805,58,5450,0,300,25,2561,38,2646,25,5207,California
Colusa,2021-03-28,16,7571,7,1812,9,5459,0,300,8,2561,8,2654,8,5215,California
Colusa,2021-03-29,73,7644,21,1833,46,5505,6,306,33,2560,40,2694,39,5254,California
Colusa,2021-03-30,149,7793,82,1915,65,5570,2,308,71,2555,78,2772,73,5327,California
Colusa,2021-03-31,234,8027,41,1956,193,5763,0,308,70,2462,163,2935,70,5397,California
Colusa,2021-04-01,438,8465,73,2029,310,6073,55,363,315,2709,122,3057,369,5766,California
Colusa,2021-04-02,82,8547,15,2044,53,6126,14,377,38,2717,44,3101,52,5818,California
Colusa,2021-04-03,60,8607,9,2053,28,6154,23,400,14,2707,46,3147,36,5854,California
Colusa,2021-04-04,18,8625,0,2053,8,6162,10,410,3,2705,15,3162,13,5867,California
Colusa,2021-04-05,97,8722,26,2079,55,6217,16,426,39,2702,58,3220,55,5922,California
Colusa,2021-04-06,130,8852,34,2113,45,6262,51,477,43,2709,87,3307,94,6016,California
Colusa,2021-04-07,358,9210,41,2154,294,6556,23,500,132,2639,226,3533,156,6172,California
Colusa,2021-04-08,422,9632,33,2187,363,6919,26,526,120,2486,299,3832,146,6318,California
Colusa,2021-04-09,77,9709,21,2208,32,6951,24,550,28,2489,49,3881,52,6370,California
Colusa,2021-04-10,45,9754,8,2216,16,6967,21,571,13,2491,32,3913,34,6404,California
Colusa,2021-04-11,17,9771,3,2219,12,6979,2,573,8,2492,9,3922,10,6414,California
Colusa,2021-04-12,31,9802,3,2222,28,7007,0,573,24,2509,7,3929,24,6438,California
Colusa,2021-04-13,279,10081,22,2244,257,7264,0,573,94,2419,184,4113,94,6532,California
Colusa,2021-04-14,93,10174,19,2263,74,7338,0,573,31,2388,62,4175,31,6563,California
Colusa,2021-04-15,326,10500,47,2310,279,7617,0,573,134,2330,192,4367,134,6697,California
Colusa,2021-04-16,82,10582,11,2321,71,7688,0,573,36,2321,45,4412,36,6733,California
Colusa,2021-04-17,52,10634,7,2328,45,7733,0,573,30,2329,22,4434,30,6763,California
Colusa,2021-04-18,9,10643,2,2330,7,7740,0,573,7,2334,2,4436,7,6770,California
Colusa,2021-04-19,62,10705,22,2352,40,7780,0,573,16,2304,46,4482,16,6786,California
Colusa,2021-04-20,180,10885,31,2383,149,7929,0,573,130,2384,50,4532,130,6916,California
Colusa,2021-04-21,171,11056,60,2443,111,8040,0,573,111,2435,60,4592,111,7027,California
Colusa,2021-04-22,418,11474,27,2470,390,8430,1,574,218,2454,199,4791,218,7245,California
Colusa,2021-04-23,92,11566,20,2490,72,8502,0,574,36,2434,56,4847,36,7281,California
Colusa,2021-04-24,240,11806,19,2509,220,8722,1,575,209,2612,31,4878,209,7490,California
Colusa,2021-04-25,12,11818,6,2515,6,8728,0,575,8,2616,4,4882,8,7498,California
Colusa,2021-04-26,25,11843,5,2520,19,8747,1,576,6,2604,18,4900,6,7504,California
Colusa,2021-04-27,94,11937,23,2543,67,8814,4,580,44,2602,50,4950,48,7552,California
Colusa,2021-04-28,189,12126,27,2570,159,8973,3,583,139,2695,49,4999,142,7694,California
Colusa,2021-04-29,320,12446,27,2597,289,9262,4,587,47,2475,271,5270,51,7745,California
Colusa,2021-04-30,64,12510,19,2616,45,9307,0,587,42,2495,22,5292,42,7787,California
Colusa,2021-05-01,19,12529,8,2624,8,9315,3,590,9,2497,10,5302,12,7799,California
Colusa,2021-05-02,4,12533,1,2625,2,9317,1,591,2,2498,2,5304,3,7802,California
Colusa,2021-05-03,31,12564,7,2632,24,9341,0,591,15,2497,16,5320,15,7817,California
Colusa,2021-05-04,94,12658,52,2684,41,9382,1,592,67,2538,27,5347,68,7885,California
Colusa,2021-05-05,79,12737,16,2700,62,9444,1,593,34,2528,45,5392,35,7920,California
Colusa,2021-05-06,253,12990,16,2716,235,9679,2,595,110,2497,143,5535,112,8032,California
Colusa,2021-05-07,66,13056,4,2720,58,9737,4,599,30,2495,36,5571,34,8066,California
Colusa,2021-05-08,19,13075,5,2725,14,9751,0,599,9,2494,10,5581,9,8075,California
Colusa,2021-05-09,13,13088,5,2730,5,9756,3,602,6,2496,7,5588,9,8084,California
Colusa,2021-05-10,15,13103,6,2736,9,9765,0,602,6,2493,9,5597,6,8090,California
Colusa,2021-05-11,92,13195,33,2769,59,9824,0,602,50,2501,42,5639,50,8140,California
Colusa,2021-05-12,72,13267,31,2800,37,9861,4,606,20,2473,52,5691,24,8164,California
Colusa,2021-05-13,243,13510,23,2823,219,10080,1,607,77,2385,166,5857,78,8242,California
Colusa,2021-05-14,85,13595,18,2841,52,10132,15,622,33,2382,51,5908,48,8290,California
Colusa,2021-05-15,37,13632,9,2850,26,10158,2,624,19,2385,18,5926,21,8311,California
Colusa,2021-05-16,22,13654,5,2855,10,10168,7,631,9,2388,13,5939,16,8327,California
Colusa,2021-05-17,24,13678,4,2859,18,10186,2,633,12,2390,12,5951,14,8341,California
Colusa,2021-05-18,99,13777,26,2885,71,10257,2,635,46,2385,53,6004,48,8389,California
Colusa,2021-05-19,220,13997,44,2929,156,10413,20,655,69,2323,151,6155,89,8478,California
Colusa,2021-05-20,283,14280,36,2965,243,10656,4,659,70,2184,213,6368,74,8552,California
Colusa,2021-05-21,70,14350,24,2989,44,10700,2,661,35,2186,35,6403,37,8589,California
Colusa,2021-05-22,219,14569,22,3011,196,10896,1,662,31,2030,188,6591,32,8621,California
Colusa,2021-05-23,18,14587,7,3018,7,10903,4,666,5,2026,13,6604,9,8630,California
Colusa,2021-05-24,26,14613,3,3021,18,10921,5,671,15,2035,11,6615,20,8650,California
Colusa,2021-05-25,136,14749,76,3097,58,10979,2,673,54,2009,82,6697,56,8706,California
Colusa,2021-05-26,72,14821,25,3122,47,11026,0,673,33,2003,39,6736,33,8739,California
Colusa,2021-05-27,170,14991,17,3139,153,11179,0,673,54,1941,116,6852,54,8793,California
Colusa,2021-05-28,79,15070,25,3164,53,11232,1,674,40,1943,39,6891,41,8834,California
Colusa,2021-05-29,40,15110,18,3182,18,11250,4,678,29,1965,11,6902,33,8867,California
Colusa,2021-05-30,8,15118,1,3183,2,11252,5,683,1,1964,7,6909,6,8873,California
Colusa,2021-05-31,4,15122,0,3183,4,11256,0,683,1,1962,3,6912,1,8874,California
Colusa,2021-06-01,50,15172,16,3199,33,11289,1,684,26,1965,24,6936,27,8901,California
Colusa,2021-06-02,146,15318,20,3219,124,11413,2,686,52,1926,93,7029,54,8955,California
Colusa,2021-06-03,61,15379,19,3238,41,11454,1,687,26,1921,32,7061,27,8982,California
Colusa,2021-06-04,58,15437,19,3257,37,11491,2,689,21,1907,37,7098,23,9005,California
Colusa,2021-06-05,35,15472,16,3273,18,11509,1,690,18,1909,17,7115,19,9024,California
Colusa,2021-06-06,9,15481,4,3277,4,11513,1,691,6,1913,3,7118,7,9031,California
Colusa,2021-06-07,22,15503,6,3283,16,11529,0,691,12,1915,10,7128,12,9043,California
Colusa,2021-06-08,74,15577,20,3303,54,11583,0,691,29,1899,45,7173,29,9072,California
Colusa,2021-06-09,69,15646,39,3342,30,11613,0,691,28,1886,41,7214,28,9100,California
Colusa,2021-06-10,57,15703,24,3366,31,11644,2,693,14,1859,43,7257,16,9116,California
Colusa,2021-06-11,60,15763,33,3399,27,11671,0,693,29,1857,31,7288,29,9145,California
Colusa,2021-06-12,36,15799,22,3421,14,11685,0,693,9,1839,27,7315,9,9154,California
Colusa,2021-06-13,10,15809,3,3424,5,11690,2,695,2,1835,8,7323,4,9158,California
Colusa,2021-06-14,19,15828,9,3433,10,11700,0,695,7,1830,12,7335,7,9165,California
Colusa,2021-06-15,77,15905,37,3470,39,11739,1,696,19,1792,58,7393,20,9185,California
Colusa,2021-06-16,55,15960,15,3485,39,11778,1,697,15,1768,40,7433,16,9201,California
Colusa,2021-06-17,116,16076,10,3495,105,11883,1,698,16,1685,100,7533,17,9218,California
Colusa,2021-06-18,63,16139,32,3527,27,11910,4,702,25,1676,38,7571,29,9247,California
Colusa,2021-06-19,26,16165,21,3548,4,11914,1,703,6,1663,20,7591,7,9254,California
Colusa,2021-06-20,9,16174,6,3554,3,11917,0,703,7,1668,2,7593,7,9261,California
Colusa,2021-06-21,20,16194,4,3558,16,11933,0,703,9,1666,11,7604,9,9270,California
Colusa,2021-06-22,32,16226,4,3562,24,11957,4,707,13,1665,18,7622,17,9287,California
Contra Costa,2020-12-15,19,19,19,19,0,0,0,0,19,19,0,0,19,19,California
Contra Costa,2020-12-16,525,544,525,544,0,0,0,0,525,544,0,0,525,544,California
Contra Costa,2020-12-17,1054,1598,1054,1598,0,0,0,0,1054,1598,0,0,1054,1598,California
Contra Costa,2020-12-18,1790,3388,1788,3386,2,2,0,0,1790,3388,0,0,1790,3388,California
Contra Costa,2020-12-19,1137,4525,1136,4522,1,3,0,0,1137,4525,0,0,1137,4525,California
Contra Costa,2020-12-20,611,5136,610,5132,1,4,0,0,611,5136,0,0,611,5136,California
Contra Costa,2020-12-21,1690,6826,1688,6820,2,6,0,0,1690,6826,0,0,1690,6826,California
Contra Costa,2020-12-22,1699,8525,1591,8411,108,114,0,0,1699,8525,0,0,1699,8525,California
Contra Costa,2020-12-23,1651,10176,1398,9809,253,367,0,0,1651,10176,0,0,1651,10176,California
Contra Costa,2020-12-24,671,10847,344,10153,327,694,0,0,671,10847,0,0,671,10847,California
Contra Costa,2020-12-25,44,10891,20,10173,24,718,0,0,44,10891,0,0,44,10891,California
Contra Costa,2020-12-26,668,11559,138,10311,530,1248,0,0,668,11559,0,0,668,11559,California
Contra Costa,2020-12-27,247,11806,88,10399,159,1407,0,0,247,11806,0,0,247,11806,California
Contra Costa,2020-12-28,1871,13677,879,11278,992,2399,0,0,1871,13677,0,0,1871,13677,California
Contra Costa,2020-12-29,1872,15549,828,12106,1044,3443,0,0,1872,15549,0,0,1872,15549,California
Contra Costa,2020-12-30,2460,18009,1228,13334,1232,4675,0,0,2458,18006,2,2,2459,18008,California
Contra Costa,2020-12-31,939,18948,310,13644,629,5304,0,0,938,18944,0,2,938,18946,California
Contra Costa,2021-01-01,68,19016,26,13670,42,5346,0,0,68,19012,0,2,68,19014,California
Contra Costa,2021-01-02,347,19363,179,13849,168,5514,0,0,347,19359,0,2,347,19361,California
Contra Costa,2021-01-03,190,19553,129,13978,61,5575,0,0,188,19547,0,2,188,19549,California
Contra Costa,2021-01-04,1924,21477,1254,15232,670,6245,0,0,1904,21433,18,20,1904,21453,California
Contra Costa,2021-01-05,2144,23621,1280,16512,864,7109,0,0,1854,22999,289,309,1855,23308,California
Contra Costa,2021-01-06,3341,26962,2289,18801,1052,8161,0,0,2509,24686,826,1135,2513,25821,California
Contra Costa,2021-01-07,3149,30111,2104,20905,1045,9206,0,0,1809,25158,1337,2472,1809,27630,California
Contra Costa,2021-01-08,3450,33561,2440,23345,1010,10216,0,0,1776,25268,1669,4141,1779,29409,California
Contra Costa,2021-01-09,1620,35181,1161,24506,459,10675,0,0,742,25135,877,5018,744,30153,California
Contra Costa,2021-01-10,375,35556,298,24804,77,10752,0,0,157,25074,218,5236,157,30310,California
Contra Costa,2021-01-11,3888,39444,3187,27991,701,11453,0,0,2236,25661,1652,6888,2239,32549,California
Contra Costa,2021-01-12,3979,43423,2984,30975,995,12448,0,0,2611,26908,1367,8255,2614,35163,California
Contra Costa,2021-01-13,4820,48243,2984,33959,1836,14284,0,0,3843,29779,973,9228,3844,39007,California
Contra Costa,2021-01-14,4394,52637,1592,35551,2802,17086,0,0,3996,33377,398,9626,3996,43003,California
Contra Costa,2021-01-15,5436,58073,2493,38044,2943,20029,0,0,5102,38150,333,9959,5106,48109,California
Contra Costa,2021-01-16,1786,59859,586,38630,1200,21229,0,0,1703,39770,83,10042,1703,49812,California
Contra Costa,2021-01-17,1686,61545,992,39622,694,21923,0,0,1565,41217,121,10163,1568,51380,California
Contra Costa,2021-01-18,3303,64848,1316,40938,1987,23910,0,0,2664,43248,634,10797,2665,54045,California
Contra Costa,2021-01-19,7148,71996,3208,44146,3940,27850,0,0,6133,48376,1010,11807,6138,60183,California
Contra Costa,2021-01-20,6825,78821,4206,48352,2619,30469,0,0,5569,52698,1252,13059,5574,65757,California
Contra Costa,2021-01-21,7121,85942,3152,51504,3969,34438,0,0,6379,58349,736,13795,6387,72144,California
Contra Costa,2021-01-22,6528,92470,2759,54263,3769,38207,0,0,5645,63123,874,14669,5648,77792,California
Contra Costa,2021-01-23,2101,94571,367,54630,1734,39941,0,0,1826,64678,273,14942,1828,79620,California
Contra Costa,2021-01-24,1635,96206,226,54856,1409,41350,0,0,1481,66009,154,15096,1485,81105,California
Contra Costa,2021-01-25,6789,102995,3069,57925,3720,45070,0,0,5180,69586,1607,16703,5184,86289,California
Contra Costa,2021-01-26,8261,111256,4762,62687,3499,48569,0,0,6369,74076,1884,18587,6374,92663,California
Contra Costa,2021-01-27,8354,119610,5482,68169,2872,51441,0,0,6458,78654,1884,20471,6462,99125,California
Contra Costa,2021-01-28,7610,127220,4128,72297,3482,54923,0,0,5958,82970,1646,22117,5962,105087,California
Contra Costa,2021-01-29,7586,134806,3946,76243,3640,58563,0,0,6241,87873,1340,23457,6243,111330,California
Contra Costa,2021-01-30,2195,137001,668,76911,1527,60090,0,0,1788,89261,400,23857,1788,113118,California
Contra Costa,2021-01-31,688,137689,454,77365,234,60324,0,0,591,89758,94,23951,591,113709,California
Contra Costa,2021-02-01,5936,143625,4115,81480,1821,62145,0,0,4008,91849,1920,25871,4011,117720,California
Contra Costa,2021-02-02,7716,151341,5162,86642,2554,64699,0,0,5995,96126,1720,27591,5997,123717,California
Contra Costa,2021-02-03,8456,159797,5570,92212,2886,67585,0,0,5744,99169,2702,30293,5745,129462,California
Contra Costa,2021-02-04,7666,167463,3637,95849,4029,71614,0,0,5880,103269,1784,32077,5884,135346,California
Contra Costa,2021-02-05,8614,176077,4898,100747,3716,75330,0,0,5887,106440,2720,34797,5891,141237,California
Contra Costa,2021-02-06,3567,179644,2203,102950,1364,76694,0,0,2901,108677,665,35462,2902,144139,California
Contra Costa,2021-02-07,1006,180650,728,103678,278,76972,0,0,612,108897,392,35854,612,144751,California
Contra Costa,2021-02-08,5982,186632,3557,107235,2425,79397,0,0,4446,111815,1529,37383,4447,149198,California
Contra Costa,2021-02-09,8833,195465,4887,112122,3946,83343,0,0,5886,114764,2939,40322,5888,155086,California
Contra Costa,2021-02-10,8807,204272,4751,116873,4056,87399,0,0,5441,116861,3351,43673,5448,160534,California
Contra Costa,2021-02-11,9538,213810,4302,121175,5236,92635,0,0,5377,118095,4155,47828,5389,165923,California
Contra Costa,2021-02-12,10253,224063,4684,125859,5569,98204,0,0,5529,118917,4716,52544,5538,171461,California
Contra Costa,2021-02-13,4972,229035,1398,127257,3574,101778,0,0,3461,120874,1507,54051,3464,174925,California
Contra Costa,2021-02-14,2136,231171,886,128143,1250,103028,0,0,1245,121233,889,54940,1248,176173,California
Contra Costa,2021-02-15,4541,235712,2495,130638,2046,105074,0,0,2368,121441,2165,57105,2373,178546,California
Contra Costa,2021-02-16,10562,246274,4976,135614,5586,110660,0,0,4714,120319,5840,62945,4718,183264,California
Contra Costa,2021-02-17,12491,258765,6267,141881,6224,116884,0,0,5743,119330,6733,69678,5744,189008,California
Contra Costa,2021-02-18,11659,270424,6061,147942,5598,122482,0,0,5392,118468,6256,75934,5394,194402,California
Contra Costa,2021-02-19,11648,282072,7269,155211,4379,126861,0,0,5283,117403,6350,82284,5285,199687,California
Contra Costa,2021-02-20,6653,288725,3024,158235,3629,130490,0,0,4683,120137,1953,84237,4687,204374,California
Contra Costa,2021-02-21,2379,291104,1776,160011,603,131093,0,0,1592,120943,786,85023,1592,205966,California
Contra Costa,2021-02-22,7882,298986,5326,165337,2556,133649,0,0,3635,120349,4232,89255,3638,209604,California
Contra Costa,2021-02-23,12387,311373,7633,172970,4754,138403,0,0,6238,120460,6135,95390,6246,215850,California
Contra Costa,2021-02-24,10928,322301,8039,181009,2889,141292,0,0,5307,120167,5602,100992,5309,221159,California
Contra Costa,2021-02-25,12097,334398,7670,188679,4427,145719,0,0,5614,119325,6462,107454,5620,226779,California
Contra Costa,2021-02-26,11317,345715,7157,195836,4160,149879,0,0,5620,119265,5682,113136,5622,232401,California
Contra Costa,2021-02-27,7044,352759,4551,200387,2493,152372,0,0,4413,121057,2623,115759,4415,236816,California
Contra Costa,2021-02-28,4432,357191,3680,204067,751,153123,1,1,3737,124104,692,116451,3739,240555,California
Contra Costa,2021-03-01,8798,365989,6670,210737,2122,155245,6,7,5435,126200,3347,119798,5443,245998,California
Contra Costa,2021-03-02,10859,376848,6966,217703,3892,159137,1,8,5817,126993,5026,124824,5819,251817,California
Contra Costa,2021-03-03,11601,388449,7311,225014,4289,163426,1,9,6553,128514,5034,129858,6555,258372,California
Contra Costa,2021-03-04,12228,400677,7303,232317,4924,168350,1,10,6341,128989,5868,135726,6343,264715,California
Contra Costa,2021-03-05,11740,412417,7033,239350,4700,173050,7,17,6742,130759,4980,140706,6750,271465,California
Contra Costa,2021-03-06,7652,420069,4280,243630,3057,176107,315,332,4985,133404,2652,143358,5297,276762,California
Contra Costa,2021-03-07,3951,424020,2512,246142,1376,177483,63,395,3247,136012,702,144060,3310,280072,California
Contra Costa,2021-03-08,8411,432431,3985,250127,4116,181599,310,705,5660,139247,2739,146799,5974,286046,California
Contra Costa,2021-03-09,11346,443777,6025,256152,5023,186622,298,1003,5945,140103,5390,152189,6246,292292,California
Contra Costa,2021-03-10,12698,456475,6391,262543,4794,191416,1513,2516,5793,140506,6892,159081,7295,299587,California
Contra Costa,2021-03-11,12736,469211,6691,269234,5474,196890,571,3087,6517,141396,6196,165277,7086,306673,California
Contra Costa,2021-03-12,12871,482082,5310,274544,6988,203878,573,3660,6415,141942,6438,171715,6984,313657,California
Contra Costa,2021-03-13,8035,490117,3240,277784,4362,208240,433,4093,3162,140680,4852,176567,3590,317247,California
Contra Costa,2021-03-14,4536,494653,2672,280456,1362,209602,502,4595,1739,140132,2788,179355,2240,319487,California
Contra Costa,2021-03-15,9655,504308,5256,285712,3628,213230,771,5366,4767,140802,4868,184223,5538,325025,California
Contra Costa,2021-03-16,14598,518906,8705,294417,5481,218711,412,5778,7196,141033,7376,191599,7607,332632,California
Contra Costa,2021-03-17,15359,534265,10629,305046,4506,223217,224,6002,8576,143082,6756,198355,8805,341437,California
Contra Costa,2021-03-18,15664,549929,8759,313805,6417,229634,488,6490,8632,145206,6995,205350,9119,350556,California
Contra Costa,2021-03-19,15950,565879,9235,323040,5278,234912,1437,7927,8237,147189,7695,213045,9678,360234,California
Contra Costa,2021-03-20,10914,576793,6548,329588,4049,238961,317,8244,5147,146910,5742,218787,5463,365697,California
Contra Costa,2021-03-21,4700,581493,4101,333689,501,239462,98,8342,1838,145994,2851,221638,1935,367632,California
Contra Costa,2021-03-22,11863,593356,8949,342638,2652,242114,262,8604,6884,148176,4962,226600,7144,374776,California
Contra Costa,2021-03-23,15943,609299,10999,353637,4771,246885,173,8777,9169,150774,6745,233345,9343,384119,California
Contra Costa,2021-03-24,15250,624549,11907,365544,3128,250013,215,8992,9199,154173,6017,239362,9416,393535,California
Contra Costa,2021-03-25,15611,640160,12192,377736,3126,253139,293,9285,9527,157942,6046,245408,9815,403350,California
Contra Costa,2021-03-26,15302,655462,11005,388741,3889,257028,408,9693,8774,160618,6500,251908,9176,412526,California
Contra Costa,2021-03-27,10757,666219,7012,395753,3227,260255,518,10211,5717,161817,5028,256936,6227,418753,California
Contra Costa,2021-03-28,4331,670550,3083,398836,1193,261448,55,10266,1661,160875,2658,259594,1716,420469,California
Contra Costa,2021-03-29,11101,681651,8661,407497,2322,263770,118,10384,7044,164002,4038,263632,7165,427634,California
Contra Costa,2021-03-30,17080,698731,9361,416858,6355,270125,1364,11748,10536,169375,6523,270155,11896,439530,California
Contra Costa,2021-03-31,18343,717074,12884,429742,4004,274129,1455,13203,11518,175562,6778,276933,12965,452495,California
Contra Costa,2021-04-01,17893,734967,12534,442276,3954,278083,1405,14608,11597,182299,6260,283193,12997,465492,California
Contra Costa,2021-04-02,17788,752755,13105,455381,3648,281731,1035,15643,11778,189110,5997,289190,12808,478300,California
Contra Costa,2021-04-03,11051,763806,6598,461979,2892,284623,1561,17204,6323,192275,4714,293904,7879,486179,California
Contra Costa,2021-04-04,3432,767238,1348,463327,1478,286101,606,17810,862,191180,2561,296465,1466,487645,California
Contra Costa,2021-04-05,12305,779543,8002,471329,3312,289413,991,18801,6652,193185,5638,302103,7643,495288,California
Contra Costa,2021-04-06,17582,797125,12191,483520,3086,292499,2305,21106,9849,197624,7711,309814,12150,507438,California
Contra Costa,2021-04-07,18830,815955,12769,496289,3223,295722,2838,23944,10682,203052,8126,317940,13554,520992,California
Contra Costa,2021-04-08,18949,834904,12626,508915,3380,299102,2943,26887,10146,207356,8775,326715,13079,534071,California
Contra Costa,2021-04-09,19161,854065,12210,521125,4425,303527,2526,29413,10246,211235,8884,335599,12763,546834,California
Contra Costa,2021-04-10,10719,864784,3868,524993,2227,305754,4624,34037,3338,211822,7360,342959,7947,554781,California
Contra Costa,2021-04-11,3449,868233,2052,527045,722,306476,675,34712,1162,211377,2281,345240,1836,556617,California
Contra Costa,2021-04-12,12180,880413,8025,535070,3065,309541,1090,35802,5711,211733,6451,351691,6807,563424,California
Contra Costa,2021-04-13,18189,898602,11172,546242,7009,316550,8,35810,12131,217848,6029,357720,12144,575568,California
Contra Costa,2021-04-14,17991,916593,11314,557556,6676,323226,1,35811,9991,219871,7974,365694,9997,585565,California
Contra Costa,2021-04-15,17772,934365,10919,568475,6852,330078,1,35812,8235,218624,9507,375201,8260,593825,California
Contra Costa,2021-04-16,17197,951562,10716,579191,6480,336558,1,35813,7747,216960,9421,384622,7757,601582,California
Contra Costa,2021-04-17,11721,963283,6457,585648,5264,341822,0,35813,6316,217898,5385,390007,6323,607905,California
Contra Costa,2021-04-18,2847,966130,2191,587839,656,342478,0,35813,1825,218712,1012,391019,1826,609731,California
Contra Costa,2021-04-19,11605,977735,8658,596497,2947,345425,0,35813,3667,214473,7909,398928,3670,613401,California
Contra Costa,2021-04-20,17039,994774,11052,607549,5987,351412,0,35813,6438,210347,10569,409497,6443,619844,California
Contra Costa,2021-04-21,17671,1012445,14416,621965,3254,354666,1,35814,6320,205370,11307,420804,6330,626174,California
Contra Costa,2021-04-22,17398,1029843,14101,636066,3295,357961,2,35816,6139,200298,11222,432026,6150,632324,California
Contra Costa,2021-04-23,17225,1047068,13699,649765,3526,361487,0,35816,5537,194195,11650,443676,5547,637871,California
Contra Costa,2021-04-24,11115,1058183,8571,658336,2543,364030,1,35817,4255,191619,6835,450511,4259,642130,California
Contra Costa,2021-04-25,3331,1061514,2233,660569,1096,365126,2,35819,2093,192482,1236,451747,2099,644229,California
Contra Costa,2021-04-26,10126,1071640,8435,669004,1667,366793,24,35843,3049,188511,7057,458804,3086,647315,California
Contra Costa,2021-04-27,14832,1086472,10813,679817,3842,370635,177,36020,4044,181980,10763,469567,4232,651547,California
Contra Costa,2021-04-28,14389,1100861,11205,691022,2896,373531,288,36308,3863,175649,10490,480057,4159,655706,California
Contra Costa,2021-04-29,13564,1114425,10504,701526,2889,376420,171,36479,3235,168760,10300,490357,3411,659117,California
Contra Costa,2021-04-30,13911,1128336,10964,712490,2687,379107,260,36739,3159,161463,10722,501079,3425,662542,California
Contra Costa,2021-05-01,8146,1136482,5917,718407,1905,381012,324,37063,1925,157521,6191,507270,2249,664791,California
Contra Costa,2021-05-02,2383,1138865,1618,720025,683,381695,82,37145,999,157230,1372,508642,1081,665872,California
Contra Costa,2021-05-03,9193,1148058,8077,728102,937,382632,179,37324,1939,152114,7237,515879,2121,667993,California
Contra Costa,2021-05-04,14218,1162276,12277,740379,1612,384244,329,37653,2289,142831,11901,527780,2618,670611,California
Contra Costa,2021-05-05,12668,1174944,10932,751311,1534,385778,202,37855,2422,135238,10218,537998,2625,673236,California
Contra Costa,2021-05-06,10390,1185334,8632,759943,1420,387198,338,38193,1947,129111,8419,546417,2292,675528,California
Contra Costa,2021-05-07,9740,1195074,7828,767771,1685,388883,227,38420,2228,124084,7478,553895,2451,677979,California
Contra Costa,2021-05-08,5369,1200443,4042,771813,1157,390040,170,38590,1249,121402,4105,558000,1423,679402,California
Contra Costa,2021-05-09,2140,1202583,1805,773618,276,390316,59,38649,460,120250,1673,559673,521,679923,California
Contra Costa,2021-05-10,4969,1207552,3973,777591,775,391091,221,38870,1340,118202,3607,563280,1559,681482,California
Contra Costa,2021-05-11,8856,1216408,4609,782200,4009,395100,238,39108,1744,113100,7091,570371,1989,683471,California
Contra Costa,2021-05-12,9343,1225751,4819,787019,4258,399358,266,39374,1674,107406,7640,578011,1946,685417,California
Contra Costa,2021-05-13,11827,1237578,7882,794901,3758,403116,187,39561,4237,104274,7561,585572,4429,689846,California
Contra Costa,2021-05-14,12264,1249842,8186,803087,3793,406909,285,39846,5066,102451,7173,592745,5350,695196,California
Contra Costa,2021-05-15,10087,1259929,7324,810411,2644,409553,119,39965,4431,101361,5642,598387,4552,699748,California
Contra Costa,2021-05-16,2465,1262394,2157,812568,262,409815,46,40011,1097,101141,1362,599749,1142,700890,California
Contra Costa,2021-05-17,7083,1269477,5709,818277,1201,411016,173,40184,3558,101369,3505,603254,3733,704623,California
Contra Costa,2021-05-18,10304,1279781,7044,825321,3039,414055,221,40405,4484,100287,5790,609044,4708,709331,California
Contra Costa,2021-05-19,8535,1288316,6896,832217,1441,415496,198,40603,3867,99706,4649,613693,4068,713399,California
Contra Costa,2021-05-20,7184,1295500,5663,837880,1335,416831,186,40789,3370,99476,3786,617479,3556,716955,California
Contra Costa,2021-05-21,7125,1302625,5458,843338,1453,418284,214,41003,3284,99156,3815,621294,3495,720450,California
Contra Costa,2021-05-22,5137,1307762,4059,847397,896,419180,182,41185,2502,99227,2611,623905,2682,723132,California
Contra Costa,2021-05-23,1223,1308985,800,848197,367,419547,56,41241,597,99261,618,624523,652,723784,California
Contra Costa,2021-05-24,4705,1313690,3883,852080,645,420192,177,41418,2203,99154,2490,627013,2383,726167,California
Contra Costa,2021-05-25,6302,1319992,5123,857203,927,421119,252,41670,2661,98443,3623,630636,2912,729079,California
Contra Costa,2021-05-26,5659,1325651,3635,860838,1835,422954,189,41859,1968,96930,3669,634305,2156,731235,California
Contra Costa,2021-05-27,3821,1329472,2700,863538,944,423898,177,42036,1635,96565,2172,636477,1807,733042,California
Contra Costa,2021-05-28,5390,1334862,3770,867308,1446,425344,174,42210,2263,95894,3104,639581,2433,735475,California
Contra Costa,2021-05-29,3303,1338165,2152,869460,1033,426377,118,42328,1671,96061,1622,641203,1789,737264,California
Contra Costa,2021-05-30,931,1339096,590,870050,313,426690,28,42356,363,95886,566,641769,391,737655,California
Contra Costa,2021-05-31,392,1339488,270,870320,109,426799,13,42369,127,95763,262,642031,139,737794,California
Contra Costa,2021-06-01,4820,1344308,3589,873909,1086,427885,145,42514,1733,94571,3070,645101,1878,739672,California
Contra Costa,2021-06-02,3434,1347742,2430,876339,858,428743,146,42660,1402,94098,2020,647121,1547,741219,California
Contra Costa,2021-06-03,5456,1353198,4550,880889,791,429534,115,42775,1463,91690,3986,651107,1578,742797,California
Contra Costa,2021-06-04,6435,1359633,5401,886290,896,430430,138,42913,1627,88661,4791,655898,1762,744559,California
Contra Costa,2021-06-05,5211,1364844,4421,890711,678,431108,112,43025,1114,85799,4086,659984,1224,745783,California
Contra Costa,2021-06-06,1355,1366199,1184,891895,142,431250,29,43054,382,85242,968,660952,411,746194,California
Contra Costa,2021-06-07,4954,1371153,4360,896255,494,431744,100,43154,1413,83226,3530,664482,1514,747708,California
Contra Costa,2021-06-08,6116,1377269,5278,901533,715,432459,123,43277,1447,80143,4654,669136,1571,749279,California
Contra Costa,2021-06-09,4870,1382139,4151,905684,571,433030,148,43425,1257,77955,3594,672730,1406,750685,California
Contra Costa,2021-06-10,4792,1386931,4027,909711,596,433626,169,43594,1242,75832,3534,676264,1411,752096,California
Contra Costa,2021-06-11,4865,1391796,3991,913702,673,434299,201,43795,1288,73758,3561,679825,1487,753583,California
Contra Costa,2021-06-12,3176,1394972,2696,916398,413,434712,67,43862,728,72113,2438,682263,793,754376,California
Contra Costa,2021-06-13,1147,1396119,856,917254,183,434895,108,43970,292,71666,848,683111,401,754777,California
Contra Costa,2021-06-14,3893,1400012,3289,920543,474,435369,130,44100,1143,70203,2733,685844,1270,756047,California
Contra Costa,2021-06-15,4191,1404203,3496,924039,533,435902,162,44262,1321,68825,2860,688704,1482,757529,California
Contra Costa,2021-06-16,3481,1407684,2840,926879,459,436361,182,44444,1225,67994,2236,690940,1405,758934,California
Contra Costa,2021-06-17,2764,1410448,2264,929143,375,436736,125,44569,1052,67463,1705,692645,1174,760108,California
Contra Costa,2021-06-18,3678,1414126,3027,932170,460,437196,191,44760,1324,66633,2343,694988,1513,761621,California
Contra Costa,2021-06-19,2034,1416160,1700,933870,231,437427,103,44863,578,65862,1453,696441,682,762303,California
Contra Costa,2021-06-20,788,1416948,661,934531,98,437525,29,44892,334,65774,450,696891,362,762665,California
Contra Costa,2021-06-21,1788,1418736,1365,935896,269,437794,154,45046,966,66077,815,697706,1118,763783,California
Contra Costa,2021-06-22,2076,1420812,1791,937687,179,437973,106,45152,759,65630,1309,699015,862,764645,California
Del Norte,2020-12-21,22,22,22,22,0,0,0,0,22,22,0,0,22,22,California
Del Norte,2020-12-22,45,67,45,67,0,0,0,0,45,67,0,0,45,67,California
Del Norte,2020-12-23,59,126,48,115,11,11,0,0,57,124,0,0,57,124,California
Del Norte,2020-12-28,35,161,35,150,0,11,0,0,35,159,0,0,35,159,California
Del Norte,2020-12-29,4,165,4,154,0,11,0,0,4,163,0,0,4,163,California
Del Norte,2020-12-30,68,233,56,210,12,23,0,0,68,231,0,0,68,231,California
Del Norte,2020-12-31,16,249,13,223,3,26,0,0,16,247,0,0,16,247,California
Del Norte,2021-01-04,103,352,50,273,53,79,0,0,103,350,0,0,103,350,California
Del Norte,2021-01-05,31,383,0,273,31,110,0,0,31,381,0,0,31,381,California
Del Norte,2021-01-06,77,460,18,291,59,169,0,0,77,458,0,0,77,458,California
Del Norte,2021-01-07,21,481,1,292,20,189,0,0,21,479,0,0,21,479,California
Del Norte,2021-01-08,78,559,7,299,71,260,0,0,78,557,0,0,78,557,California
Del Norte,2021-01-11,39,598,20,319,19,279,0,0,18,555,21,21,19,576,California
Del Norte,2021-01-12,51,649,32,351,19,298,0,0,31,566,20,41,31,607,California
Del Norte,2021-01-13,84,733,40,391,44,342,0,0,51,584,33,74,51,658,California
Del Norte,2021-01-14,53,786,14,405,39,381,0,0,47,625,6,80,47,705,California
Del Norte,2021-01-15,107,893,18,423,89,470,0,0,95,708,12,92,95,800,California
Del Norte,2021-01-17,1,894,1,424,0,470,0,0,1,709,0,92,1,801,California
Del Norte,2021-01-18,2,896,0,424,2,472,0,0,2,711,0,92,2,803,California
Del Norte,2021-01-19,120,1016,57,481,63,535,0,0,77,745,43,135,77,880,California
Del Norte,2021-01-20,160,1176,85,566,75,610,0,0,97,779,63,198,97,977,California
Del Norte,2021-01-21,43,1219,40,606,3,613,0,0,32,800,11,209,32,1009,California
Del Norte,2021-01-22,19,1238,17,623,2,615,0,0,12,805,7,216,12,1021,California
Del Norte,2021-01-23,1,1239,0,623,1,616,0,0,1,806,0,216,1,1022,California
Del Norte,2021-01-24,1,1240,0,623,1,617,0,0,1,807,0,216,1,1023,California
Del Norte,2021-01-25,101,1341,83,706,18,635,0,0,56,818,45,261,56,1079,California
Del Norte,2021-01-26,18,1359,11,717,7,642,0,0,7,814,11,272,7,1086,California
Del Norte,2021-01-27,64,1423,21,738,43,685,0,0,61,872,3,275,61,1147,California
Del Norte,2021-01-28,293,1716,20,758,273,958,0,0,288,1155,5,280,288,1435,California
Del Norte,2021-01-29,63,1779,22,780,41,999,0,0,44,1180,19,299,44,1479,California
Del Norte,2021-01-30,8,1787,1,781,7,1006,0,0,8,1188,0,299,8,1487,California
Del Norte,2021-02-01,40,1827,1,782,39,1045,0,0,25,1198,15,314,25,1512,California
Del Norte,2021-02-02,141,1968,35,817,106,1151,0,0,73,1205,67,381,74,1586,California
Del Norte,2021-02-03,129,2097,42,859,87,1238,0,0,74,1224,55,436,74,1660,California
Del Norte,2021-02-04,69,2166,27,886,42,1280,0,0,40,1235,29,465,40,1700,California
Del Norte,2021-02-05,184,2350,22,908,162,1442,0,0,118,1288,65,530,118,1818,California
Del Norte,2021-02-06,309,2659,3,911,306,1748,0,0,309,1597,0,530,309,2127,California
Del Norte,2021-02-08,35,2694,1,912,34,1782,0,0,31,1624,4,534,31,2158,California
Del Norte,2021-02-09,8,2702,5,917,3,1785,0,0,2,1620,6,540,2,2160,California
Del Norte,2021-02-10,142,2844,20,937,122,1907,0,0,86,1651,55,595,86,2246,California
Del Norte,2021-02-11,176,3020,58,995,118,2025,0,0,63,1601,113,708,63,2309,California
Del Norte,2021-02-12,122,3142,14,1009,108,2133,0,0,68,1615,54,762,68,2377,California
Del Norte,2021-02-13,2,3144,1,1010,1,2134,0,0,2,1617,0,762,2,2379,California
Del Norte,2021-02-14,3,3147,1,1011,2,2136,0,0,2,1618,1,763,2,2381,California
Del Norte,2021-02-15,5,3152,0,1011,5,2141,0,0,3,1619,2,765,3,2384,California
Del Norte,2021-02-16,132,3284,1,1012,131,2272,0,0,13,1513,119,884,13,2397,California
Del Norte,2021-02-17,92,3376,19,1031,73,2345,0,0,24,1470,67,951,24,2421,California
Del Norte,2021-02-18,76,3452,24,1055,52,2397,0,0,50,1494,26,977,50,2471,California
Del Norte,2021-02-19,43,3495,17,1072,26,2423,0,0,33,1517,10,987,33,2504,California
Del Norte,2021-02-20,9,3504,6,1078,3,2426,0,0,6,1520,3,990,6,2510,California
Del Norte,2021-02-22,2,3506,0,1078,2,2428,0,0,2,1522,0,990,2,2512,California
Del Norte,2021-02-23,105,3611,88,1166,17,2445,0,0,29,1476,75,1065,29,2541,California
Del Norte,2021-02-24,155,3766,100,1266,55,2500,0,0,80,1481,75,1140,80,2621,California
Del Norte,2021-02-25,478,4244,131,1397,347,2847,0,0,213,1431,263,1403,213,2834,California
Del Norte,2021-02-26,211,4455,175,1572,36,2883,0,0,164,1548,47,1450,164,2998,California
Del Norte,2021-02-27,147,4602,141,1713,5,2888,1,1,140,1682,7,1457,141,3139,California
Del Norte,2021-02-28,3,4605,0,1713,3,2891,0,1,3,1685,0,1457,3,3142,California
Del Norte,2021-03-01,27,4632,2,1715,25,2916,0,1,4,1667,22,1479,4,3146,California
Del Norte,2021-03-02,223,4855,143,1858,80,2996,0,1,189,1822,34,1513,189,3335,California
Del Norte,2021-03-03,176,5031,107,1965,69,3065,0,1,134,1914,42,1555,134,3469,California
Del Norte,2021-03-04,119,5150,82,2047,37,3102,0,1,91,1978,27,1582,91,3560,California
Del Norte,2021-03-05,122,5272,11,2058,111,3213,0,1,74,2004,48,1630,74,3634,California
Del Norte,2021-03-06,464,5736,77,2135,338,3551,49,50,163,1873,301,1931,170,3804,California
Del Norte,2021-03-07,1,5737,1,2136,0,3551,0,50,1,1874,0,1931,1,3805,California
Del Norte,2021-03-08,29,5766,0,2136,27,3578,2,52,6,1860,22,1953,8,3813,California
Del Norte,2021-03-09,194,5960,113,2249,78,3656,3,55,183,2035,11,1964,186,3999,California
Del Norte,2021-03-10,234,6194,95,2344,111,3767,28,83,134,2097,100,2064,162,4161,California
Del Norte,2021-03-11,150,6344,55,2399,90,3857,5,88,102,2156,48,2112,107,4268,California
Del Norte,2021-03-12,178,6522,89,2488,89,3946,0,88,125,2228,53,2165,125,4393,California
Del Norte,2021-03-13,94,6616,93,2581,1,3947,0,88,91,2316,3,2168,91,4484,California
Del Norte,2021-03-14,1,6617,0,2581,1,3948,0,88,0,2315,1,2169,0,4484,California
Del Norte,2021-03-15,38,6655,0,2581,38,3986,0,88,34,2345,4,2173,34,4518,California
Del Norte,2021-03-16,280,6935,134,2715,146,4132,0,88,260,2585,20,2193,260,4778,California
Del Norte,2021-03-17,284,7219,95,2810,187,4319,2,90,170,2643,114,2307,172,4950,California
Del Norte,2021-03-18,284,7503,107,2917,175,4494,2,92,150,2662,133,2440,152,5102,California
Del Norte,2021-03-19,268,7771,158,3075,104,4598,6,98,92,2584,176,2616,98,5200,California
Del Norte,2021-03-20,157,7928,154,3229,3,4601,0,98,15,2457,142,2758,15,5215,California
Del Norte,2021-03-21,4,7932,2,3231,2,4603,0,98,2,2457,2,2760,2,5217,California
Del Norte,2021-03-22,42,7974,2,3233,39,4642,1,99,38,2493,3,2763,39,5256,California
Del Norte,2021-03-23,334,8308,165,3398,151,4793,18,117,163,2504,169,2932,180,5436,California
Del Norte,2021-03-24,395,8703,106,3504,249,5042,40,157,227,2603,168,3100,267,5703,California
Del Norte,2021-03-25,192,8895,88,3592,104,5146,0,157,85,2582,106,3206,85,5788,California
Del Norte,2021-03-26,232,9127,113,3705,119,5265,0,157,195,2740,37,3243,195,5983,California
Del Norte,2021-03-27,107,9234,86,3791,4,5269,17,174,17,2684,90,3333,34,6017,California
Del Norte,2021-03-28,4,9238,2,3793,2,5271,0,174,1,2682,3,3336,1,6018,California
Del Norte,2021-03-29,57,9295,6,3799,34,5305,17,191,32,2706,25,3361,49,6067,California
Del Norte,2021-03-30,338,9633,119,3918,208,5513,11,202,126,2631,212,3573,137,6204,California
Del Norte,2021-03-31,356,9989,101,4019,238,5751,17,219,200,2694,154,3727,217,6421,California
Del Norte,2021-04-01,164,10153,58,4077,72,5823,34,253,69,2703,94,3821,103,6524,California
Del Norte,2021-04-02,233,10386,79,4156,105,5928,49,302,49,2618,184,4005,99,6623,California
Del Norte,2021-04-03,108,10494,83,4239,2,5930,23,325,5,2544,102,4107,28,6651,California
Del Norte,2021-04-04,4,10498,0,4239,0,5930,4,329,0,2544,4,4111,4,6655,California
Del Norte,2021-04-05,45,10543,3,4242,38,5968,4,333,39,2581,6,4117,43,6698,California
Del Norte,2021-04-06,378,10921,119,4361,223,6191,36,369,145,2534,229,4346,182,6880,California
Del Norte,2021-04-07,437,11358,115,4476,261,6452,61,430,289,2737,148,4494,351,7231,California
Del Norte,2021-04-08,229,11587,54,4530,106,6558,69,499,105,2787,124,4618,174,7405,California
Del Norte,2021-04-09,207,11794,47,4577,83,6641,77,576,100,2856,106,4724,175,7580,California
Del Norte,2021-04-10,47,11841,26,4603,4,6645,17,593,27,2880,20,4744,44,7624,California
Del Norte,2021-04-11,10,11851,3,4606,0,6645,7,600,1,2879,9,4753,8,7632,California
Del Norte,2021-04-12,27,11878,1,4607,9,6654,17,617,1,2872,25,4778,18,7650,California
Del Norte,2021-04-13,297,12175,49,4656,248,6902,0,617,155,2885,142,4920,155,7805,California
Del Norte,2021-04-14,331,12506,23,4679,308,7210,0,617,139,2837,192,5112,144,7949,California
Del Norte,2021-04-15,164,12670,30,4709,134,7344,0,617,44,2762,120,5232,45,7994,California
Del Norte,2021-04-16,161,12831,39,4748,122,7466,0,617,59,2720,102,5334,60,8054,California
Del Norte,2021-04-17,108,12939,76,4824,32,7498,0,617,102,2816,6,5340,102,8156,California
Del Norte,2021-04-18,6,12945,5,4829,1,7499,0,617,5,2820,1,5341,5,8161,California
Del Norte,2021-04-19,51,12996,6,4835,45,7544,0,617,9,2787,42,5383,9,8170,California
Del Norte,2021-04-20,207,13203,40,4875,167,7711,0,617,73,2726,134,5517,73,8243,California
Del Norte,2021-04-21,290,13493,24,4899,266,7977,0,617,66,2571,224,5741,69,8312,California
Del Norte,2021-04-22,114,13607,15,4914,99,8076,0,617,62,2581,52,5793,62,8374,California
Del Norte,2021-04-23,151,13758,22,4936,129,8205,0,617,39,2508,112,5905,39,8413,California
Del Norte,2021-04-24,26,13784,15,4951,11,8216,0,617,21,2524,5,5910,21,8434,California
Del Norte,2021-04-25,2,13786,0,4951,2,8218,0,617,2,2526,0,5910,2,8436,California
Del Norte,2021-04-26,31,13817,0,4951,31,8249,0,617,9,2513,22,5932,9,8445,California
Del Norte,2021-04-27,180,13997,20,4971,155,8404,5,622,50,2439,130,6062,56,8501,California
Del Norte,2021-04-28,351,14348,100,5071,246,8650,5,627,63,2221,287,6349,69,8570,California
Del Norte,2021-04-29,93,14441,6,5077,83,8733,4,631,26,2184,67,6416,30,8600,California
Del Norte,2021-04-30,87,14528,7,5084,70,8803,10,641,47,2201,40,6456,57,8657,California
Del Norte,2021-05-01,7,14535,2,5086,5,8808,0,641,5,2204,2,6458,5,8662,California
Del Norte,2021-05-02,8,14543,0,5086,8,8816,0,641,8,2212,0,6458,8,8670,California
Del Norte,2021-05-03,40,14583,3,5089,34,8850,3,644,2,2180,37,6495,5,8675,California
Del Norte,2021-05-04,222,14805,36,5125,181,9031,5,649,47,2057,175,6670,52,8727,California
Del Norte,2021-05-05,235,15040,20,5145,207,9238,8,657,60,1951,174,6844,68,8795,California
Del Norte,2021-05-06,111,15151,25,5170,73,9311,13,670,25,1903,86,6930,38,8833,California
Del Norte,2021-05-07,150,15301,27,5197,119,9430,4,674,31,1819,119,7049,35,8868,California
Del Norte,2021-05-08,65,15366,55,5252,8,9438,2,676,7,1770,58,7107,9,8877,California
Del Norte,2021-05-09,9,15375,4,5256,2,9440,3,679,2,1768,7,7114,5,8882,California
Del Norte,2021-05-10,24,15399,3,5259,17,9457,4,683,14,1776,10,7124,18,8900,California
Del Norte,2021-05-11,173,15572,50,5309,121,9578,2,685,34,1673,139,7263,36,8936,California
Del Norte,2021-05-12,151,15723,24,5333,117,9695,10,695,27,1587,123,7386,37,8973,California
Del Norte,2021-05-13,68,15791,30,5363,37,9732,1,696,38,1596,30,7416,39,9012,California
Del Norte,2021-05-14,76,15867,26,5389,49,9781,1,697,41,1603,35,7451,42,9054,California
Del Norte,2021-05-15,97,15964,54,5443,37,9818,6,703,53,1618,44,7495,59,9113,California
Del Norte,2021-05-16,11,15975,0,5443,11,9829,0,703,11,1629,0,7495,11,9124,California
Del Norte,2021-05-17,26,16001,3,5446,20,9849,3,706,15,1636,11,7506,18,9142,California
Del Norte,2021-05-18,131,16132,71,5517,60,9909,0,706,83,1671,48,7554,83,9225,California
Del Norte,2021-05-19,97,16229,14,5531,66,9975,17,723,39,1668,58,7612,55,9280,California
Del Norte,2021-05-20,100,16329,33,5564,64,10039,3,726,41,1654,58,7670,44,9324,California
Del Norte,2021-05-21,81,16410,34,5598,44,10083,3,729,44,1664,37,7707,47,9371,California
Del Norte,2021-05-22,24,16434,8,5606,16,10099,0,729,11,1663,12,7719,11,9382,California
Del Norte,2021-05-23,14,16448,5,5611,9,10108,0,729,7,1663,7,7726,7,9389,California
Del Norte,2021-05-24,25,16473,9,5620,16,10124,0,729,16,1670,9,7735,16,9405,California
Del Norte,2021-05-25,44,16517,5,5625,33,10157,6,735,15,1665,26,7761,21,9426,California
Del Norte,2021-05-26,116,16633,36,5661,72,10229,8,743,52,1662,63,7824,60,9486,California
Del Norte,2021-05-27,73,16706,27,5688,42,10271,4,747,34,1661,39,7863,38,9524,California
Del Norte,2021-05-28,52,16758,7,5695,37,10308,8,755,8,1633,44,7907,16,9540,California
Del Norte,2021-05-29,8,16766,0,5695,4,10312,4,759,3,1635,5,7912,7,9547,California
Del Norte,2021-05-30,7,16773,1,5696,6,10318,0,759,2,1632,5,7917,2,9549,California
Del Norte,2021-05-31,4,16777,2,5698,2,10320,0,759,3,1634,1,7918,3,9552,California
Del Norte,2021-06-01,52,16829,7,5705,39,10359,6,765,12,1612,40,7958,18,9570,California
Del Norte,2021-06-02,84,16913,11,5716,68,10427,5,770,19,1571,65,8023,24,9594,California
Del Norte,2021-06-03,61,16974,36,5752,23,10450,2,772,27,1566,34,8057,29,9623,California
Del Norte,2021-06-04,70,17044,24,5776,41,10491,5,777,20,1541,50,8107,25,9648,California
Del Norte,2021-06-05,1,17045,0,5776,1,10492,0,777,0,1540,1,8108,0,9648,California
Del Norte,2021-06-06,11,17056,5,5781,4,10496,2,779,7,1545,4,8112,9,9657,California
Del Norte,2021-06-07,40,17096,9,5790,26,10522,5,784,15,1540,25,8137,20,9677,California
Del Norte,2021-06-08,112,17208,81,5871,26,10548,5,789,33,1499,79,8216,38,9715,California
Del Norte,2021-06-09,58,17266,11,5882,40,10588,7,796,17,1482,41,8257,24,9739,California
Del Norte,2021-06-10,57,17323,27,5909,23,10611,7,803,12,1457,44,8301,19,9758,California
Del Norte,2021-06-11,59,17382,23,5932,27,10638,9,812,14,1435,45,8346,23,9781,California
Del Norte,2021-06-12,17,17399,3,5935,11,10649,3,815,2,1425,15,8361,5,9786,California
Del Norte,2021-06-13,60,17459,43,5978,13,10662,4,819,13,1395,47,8408,17,9803,California
Del Norte,2021-06-14,37,17496,15,5993,18,10680,4,823,15,1392,22,8430,19,9822,California
Del Norte,2021-06-15,37,17533,9,6002,20,10700,8,831,4,1371,33,8463,12,9834,California
Del Norte,2021-06-16,99,17632,38,6040,50,10750,11,842,22,1327,77,8540,33,9867,California
Del Norte,2021-06-17,31,17663,13,6053,15,10765,3,845,7,1313,24,8564,10,9877,California
Del Norte,2021-06-18,48,17711,22,6075,21,10786,5,850,19,1308,29,8593,24,9901,California
Del Norte,2021-06-19,11,17722,0,6075,7,10793,4,854,3,1307,8,8601,7,9908,California
Del Norte,2021-06-20,13,17735,9,6084,4,10797,0,854,8,1310,5,8606,8,9916,California
Del Norte,2021-06-21,24,17759,9,6093,10,10807,5,859,9,1309,15,8621,14,9930,California
Del Norte,2021-06-22,21,17780,4,6097,7,10814,10,869,5,1308,16,8637,15,9945,California
El Dorado,2020-12-15,12,12,12,12,0,0,0,0,12,12,0,0,12,12,California
El Dorado,2020-12-16,40,52,40,52,0,0,0,0,40,52,0,0,40,52,California
El Dorado,2020-12-17,31,83,31,83,0,0,0,0,31,83,0,0,31,83,California
El Dorado,2020-12-18,259,342,259,342,0,0,0,0,259,342,0,0,259,342,California
El Dorado,2020-12-19,121,463,121,463,0,0,0,0,121,463,0,0,121,463,California
El Dorado,2020-12-20,85,548,85,548,0,0,0,0,85,548,0,0,85,548,California
El Dorado,2020-12-21,312,860,311,859,1,1,0,0,312,860,0,0,312,860,California
El Dorado,2020-12-22,244,1104,220,1079,24,25,0,0,244,1104,0,0,244,1104,California
El Dorado,2020-12-23,194,1298,144,1223,50,75,0,0,194,1298,0,0,194,1298,California
El Dorado,2020-12-24,83,1381,63,1286,20,95,0,0,83,1381,0,0,83,1381,California
El Dorado,2020-12-25,8,1389,8,1294,0,95,0,0,8,1389,0,0,8,1389,California
El Dorado,2020-12-26,45,1434,27,1321,18,113,0,0,45,1434,0,0,45,1434,California
El Dorado,2020-12-27,38,1472,34,1355,4,117,0,0,38,1472,0,0,38,1472,California
El Dorado,2020-12-28,215,1687,165,1520,50,167,0,0,215,1687,0,0,215,1687,California
El Dorado,2020-12-29,463,2150,144,1664,319,486,0,0,463,2150,0,0,463,2150,California
El Dorado,2020-12-30,511,2661,139,1803,372,858,0,0,511,2661,0,0,511,2661,California
El Dorado,2020-12-31,108,2769,68,1871,40,898,0,0,108,2769,0,0,108,2769,California
El Dorado,2021-01-01,6,2775,4,1875,2,900,0,0,6,2775,0,0,6,2775,California
El Dorado,2021-01-02,154,2929,142,2017,12,912,0,0,154,2929,0,0,154,2929,California
El Dorado,2021-01-03,93,3022,17,2034,76,988,0,0,93,3022,0,0,93,3022,California
El Dorado,2021-01-04,190,3212,62,2096,128,1116,0,0,190,3212,0,0,190,3212,California
El Dorado,2021-01-05,230,3442,74,2170,156,1272,0,0,213,3408,17,17,213,3425,California
El Dorado,2021-01-06,240,3682,166,2336,74,1346,0,0,176,3521,63,80,176,3601,California
El Dorado,2021-01-07,334,4016,137,2473,197,1543,0,0,257,3701,77,157,257,3858,California
El Dorado,2021-01-08,984,5000,507,2980,477,2020,0,0,765,4247,219,376,765,4623,California
El Dorado,2021-01-09,194,5194,159,3139,35,2055,0,0,124,4301,70,446,124,4747,California
El Dorado,2021-01-10,183,5377,133,3272,50,2105,0,0,110,4339,73,519,111,4858,California
El Dorado,2021-01-11,663,6040,296,3568,367,2472,0,0,462,4602,200,719,463,5321,California
El Dorado,2021-01-12,808,6848,427,3995,381,2853,0,0,557,4908,251,970,557,5878,California
El Dorado,2021-01-13,710,7558,304,4299,406,3259,0,0,541,5280,169,1139,541,6419,California
El Dorado,2021-01-14,797,8355,221,4520,576,3835,0,0,703,5889,94,1233,703,7122,California
El Dorado,2021-01-15,800,9155,187,4707,613,4448,0,0,726,6541,74,1307,726,7848,California
El Dorado,2021-01-16,178,9333,104,4811,74,4522,0,0,151,6665,27,1334,151,7999,California
El Dorado,2021-01-17,106,9439,49,4860,57,4579,0,0,89,6737,17,1351,89,8088,California
El Dorado,2021-01-18,432,9871,147,5007,285,4864,0,0,361,7027,71,1422,361,8449,California
El Dorado,2021-01-19,752,10623,450,5457,302,5166,0,0,601,7478,151,1573,602,9051,California
El Dorado,2021-01-20,1015,11638,689,6146,326,5492,0,0,902,8268,112,1685,902,9953,California
El Dorado,2021-01-21,1273,12911,680,6826,593,6085,0,0,1067,9170,165,1850,1067,11020,California
El Dorado,2021-01-22,1230,14141,829,7655,401,6486,0,0,1175,10291,54,1904,1175,12195,California
El Dorado,2021-01-23,737,14878,610,8265,127,6613,0,0,625,10804,112,2016,625,12820,California
El Dorado,2021-01-24,128,15006,78,8343,50,6663,0,0,107,10890,21,2037,107,12927,California
El Dorado,2021-01-25,703,15709,292,8635,411,7074,0,0,614,11415,89,2126,614,13541,California
El Dorado,2021-01-26,695,16404,377,9012,318,7392,0,0,586,11892,109,2235,586,14127,California
El Dorado,2021-01-27,998,17402,396,9408,602,7994,0,0,657,12207,342,2577,657,14784,California
El Dorado,2021-01-28,1113,18515,454,9862,659,8653,0,0,750,12594,363,2940,750,15534,California
El Dorado,2021-01-29,1056,19571,559,10421,497,9150,0,0,763,13066,292,3232,764,16298,California
El Dorado,2021-01-30,554,20125,298,10719,256,9406,0,0,457,13427,96,3328,457,16755,California
El Dorado,2021-01-31,236,20361,212,10931,24,9430,0,0,185,13561,51,3379,185,16940,California
El Dorado,2021-02-01,803,21164,373,11304,430,9860,0,0,655,14068,148,3527,655,17595,California
El Dorado,2021-02-02,853,22017,373,11677,480,10340,0,0,687,14589,166,3693,687,18282,California
El Dorado,2021-02-03,912,22929,483,12160,429,10769,0,0,700,15077,212,3905,700,18982,California
El Dorado,2021-02-04,1264,24193,713,12873,551,11320,0,0,882,15579,380,4285,882,19864,California
El Dorado,2021-02-05,1509,25702,613,13486,896,12216,0,0,876,15863,596,4881,880,20744,California
El Dorado,2021-02-06,636,26338,334,13820,302,12518,0,0,531,16290,105,4986,532,21276,California
El Dorado,2021-02-07,260,26598,177,13997,83,12601,0,0,192,16414,68,5054,192,21468,California
El Dorado,2021-02-08,893,27491,425,14422,468,13069,0,0,614,16749,279,5333,614,22082,California
El Dorado,2021-02-09,975,28466,549,14971,426,13495,0,0,547,16868,428,5761,547,22629,California
El Dorado,2021-02-10,1266,29732,741,15712,525,14020,0,0,666,16935,599,6360,666,23295,California
El Dorado,2021-02-11,2168,31900,900,16612,1268,15288,0,0,763,16299,1402,7762,766,24061,California
El Dorado,2021-02-12,1582,33482,825,17437,757,16045,0,0,676,16071,905,8667,677,24738,California
El Dorado,2021-02-13,974,34456,661,18098,313,16358,0,0,439,15976,534,9201,439,25177,California
El Dorado,2021-02-14,495,34951,155,18253,340,16698,0,0,402,16285,93,9294,402,25579,California
El Dorado,2021-02-15,1186,36137,386,18639,800,17498,0,0,825,16753,361,9655,829,26408,California
El Dorado,2021-02-16,1213,37350,537,19176,676,18174,0,0,673,16888,539,10194,674,27082,California
El Dorado,2021-02-17,961,38311,426,19602,535,18709,0,0,467,16861,494,10688,467,27549,California
El Dorado,2021-02-18,2112,40423,1035,20637,1077,19786,0,0,1073,16896,1038,11726,1073,28622,California
El Dorado,2021-02-19,1235,41658,662,21299,573,20359,0,0,695,17052,539,12265,695,29317,California
El Dorado,2021-02-20,951,42609,454,21753,497,20856,0,0,680,17466,266,12531,680,29997,California
El Dorado,2021-02-21,291,42900,233,21986,58,20914,0,0,104,17383,187,12718,104,30101,California
El Dorado,2021-02-22,891,43791,448,22434,443,21357,0,0,279,17051,611,13329,279,30380,California
El Dorado,2021-02-23,872,44663,491,22925,381,21738,0,0,357,16895,513,13842,357,30737,California
El Dorado,2021-02-24,1043,45706,456,23381,587,22325,0,0,434,16720,609,14451,434,31171,California
El Dorado,2021-02-25,1933,47639,1164,24545,769,23094,0,0,697,16192,1229,15680,701,31872,California
El Dorado,2021-02-26,2425,50064,1511,26056,914,24008,0,0,1628,17026,794,16474,1628,33500,California
El Dorado,2021-02-27,1709,51773,444,26500,1265,25273,0,0,1257,17834,449,16923,1257,34757,California
El Dorado,2021-02-28,662,52435,224,26724,438,25711,0,0,497,18167,165,17088,498,35255,California
El Dorado,2021-03-01,1163,53598,467,27191,694,26405,2,2,643,18293,519,17607,645,35900,California
El Dorado,2021-03-02,941,54539,274,27465,666,27071,1,3,494,18344,445,18052,496,36396,California
El Dorado,2021-03-03,1714,56253,473,27938,1241,28312,0,3,1169,18977,538,18590,1171,37567,California
El Dorado,2021-03-04,2553,58806,1568,29506,985,29297,0,3,1217,18862,1333,19923,1218,38785,California
El Dorado,2021-03-05,1607,60413,441,29947,1161,30458,5,8,1068,19402,533,20456,1073,39858,California
El Dorado,2021-03-06,747,61160,219,30166,495,30953,33,41,395,19479,351,20807,428,40286,California
El Dorado,2021-03-07,418,61578,203,30369,197,31150,18,59,257,19595,159,20966,275,40561,California
El Dorado,2021-03-08,1363,62941,377,30746,913,32063,73,132,886,20079,474,21440,958,41519,California
El Dorado,2021-03-09,1000,63941,236,30982,695,32758,69,201,595,20353,390,21830,664,42183,California
El Dorado,2021-03-10,966,64907,350,31332,559,33317,57,258,557,20564,402,22232,613,42796,California
El Dorado,2021-03-11,3064,67971,1855,33187,1022,34339,187,445,1304,20314,1738,23970,1488,44284,California
El Dorado,2021-03-12,1814,69785,632,33819,931,35270,251,696,751,20271,1045,25015,1002,45286,California
El Dorado,2021-03-13,1082,70867,352,34171,445,35715,285,981,376,20227,702,25717,658,45944,California
El Dorado,2021-03-14,801,71668,205,34376,485,36200,111,1092,281,20099,520,26237,392,46336,California
El Dorado,2021-03-15,1418,73086,304,34680,984,37184,130,1222,614,20044,800,27037,745,47081,California
El Dorado,2021-03-16,1237,74323,426,35106,665,37849,146,1368,568,20094,665,27702,715,47796,California
El Dorado,2021-03-17,1167,75490,377,35483,689,38538,101,1469,757,20541,409,28111,856,48652,California
El Dorado,2021-03-18,3044,78534,1808,37291,1194,39732,42,1511,2011,21569,1025,29136,2053,50705,California
El Dorado,2021-03-19,1127,79661,359,37650,611,40343,157,1668,625,21849,501,29637,781,51486,California
El Dorado,2021-03-20,959,80620,266,37916,678,41021,15,1683,379,21675,568,30205,394,51880,California
El Dorado,2021-03-21,1043,81663,422,38338,616,41637,5,1688,930,22499,111,30316,935,52815,California
El Dorado,2021-03-22,1510,83173,490,38828,938,42575,82,1770,1190,23456,315,30631,1272,54087,California
El Dorado,2021-03-23,1164,84337,461,39289,607,43182,96,1866,743,23887,408,31039,839,54926,California
El Dorado,2021-03-24,1473,85810,637,39926,638,43820,198,2064,666,23971,780,31819,864,55790,California
El Dorado,2021-03-25,2539,88349,1705,41631,727,44547,107,2171,1386,24319,1146,32965,1494,57284,California
El Dorado,2021-03-26,1849,90198,715,42346,1020,45567,114,2285,933,24473,893,33858,1047,58331,California
El Dorado,2021-03-27,1343,91541,189,42535,1150,46717,4,2289,318,23776,1019,34877,322,58653,California
El Dorado,2021-03-28,646,92187,188,42723,447,47164,11,2300,166,23477,476,35353,177,58830,California
El Dorado,2021-03-29,1329,93516,438,43161,875,48039,16,2316,826,23819,500,35853,842,59672,California
El Dorado,2021-03-30,1387,94903,427,43588,861,48900,99,2415,688,23913,691,36544,785,60457,California
El Dorado,2021-03-31,1572,96475,585,44173,920,49820,67,2482,690,23788,880,37424,755,61212,California
El Dorado,2021-04-01,3258,99733,1782,45955,1393,51213,83,2565,1545,23708,1709,39133,1629,62841,California
El Dorado,2021-04-02,1909,101642,568,46523,1244,52457,97,2662,751,23404,1152,40285,848,63689,California
El Dorado,2021-04-03,759,102401,302,46825,337,52794,120,2782,231,23230,525,40810,351,64040,California
El Dorado,2021-04-04,275,102676,83,46908,144,52938,48,2830,98,23200,176,40986,146,64186,California
El Dorado,2021-04-05,1442,104118,426,47334,923,53861,93,2923,593,23042,843,41829,685,64871,California
El Dorado,2021-04-06,1428,105546,534,47868,674,54535,220,3143,453,22742,970,42799,670,65541,California
El Dorado,2021-04-07,1618,107164,574,48442,589,55124,455,3598,564,22707,1051,43850,1016,66557,California
El Dorado,2021-04-08,2727,109891,1754,50196,735,55859,238,3836,1123,22471,1596,45446,1360,67917,California
El Dorado,2021-04-09,1442,111333,451,50647,771,56630,220,4056,572,22392,867,46313,788,68705,California
El Dorado,2021-04-10,828,112161,224,50871,494,57124,110,4166,480,22636,345,46658,589,69294,California
El Dorado,2021-04-11,708,112869,455,51326,237,57361,16,4182,209,22363,498,47156,225,69519,California
El Dorado,2021-04-12,1303,114172,510,51836,643,58004,150,4332,570,22357,725,47881,719,70238,California
El Dorado,2021-04-13,1132,115304,619,52455,513,58517,0,4332,514,22257,614,48495,514,70752,California
El Dorado,2021-04-14,1101,116405,473,52928,627,59144,1,4333,377,21925,710,49205,378,71130,California
El Dorado,2021-04-15,2540,118945,1711,54639,829,59973,0,4333,964,21319,1571,50776,965,72095,California
El Dorado,2021-04-16,1490,120435,527,55166,963,60936,0,4333,612,21058,874,51650,613,72708,California
El Dorado,2021-04-17,814,121249,204,55370,610,61546,0,4333,501,21249,310,51960,501,73209,California
El Dorado,2021-04-18,1054,122303,89,55459,965,62511,0,4333,415,21028,638,52598,417,73626,California
El Dorado,2021-04-19,1744,124047,441,55900,1303,63814,0,4333,697,20685,1041,53639,698,74324,California
El Dorado,2021-04-20,1116,125163,366,56266,750,64564,0,4333,457,20489,655,54294,459,74783,California
El Dorado,2021-04-21,1169,126332,470,56736,695,65259,4,4337,597,20525,564,54858,600,75383,California
El Dorado,2021-04-22,2571,128903,1695,58431,876,66135,0,4337,1071,20099,1497,56355,1071,76454,California
El Dorado,2021-04-23,1419,130322,508,58939,911,67046,0,4337,726,20136,690,57045,727,77181,California
El Dorado,2021-04-24,974,131296,521,59460,453,67499,0,4337,740,20644,232,57277,740,77921,California
El Dorado,2021-04-25,659,131955,452,59912,207,67706,0,4337,472,20929,187,57464,472,78393,California
El Dorado,2021-04-26,1197,133152,482,60394,698,68404,17,4354,561,20874,632,58096,577,78970,California
El Dorado,2021-04-27,1128,134280,420,60814,670,69074,38,4392,502,20795,619,58715,540,79510,California
El Dorado,2021-04-28,1070,135350,358,61172,672,69746,40,4432,438,20642,631,59346,478,79988,California
El Dorado,2021-04-29,1992,137342,1366,62538,594,70340,32,4464,592,19869,1397,60743,624,80612,California
El Dorado,2021-04-30,2135,139477,1346,63884,748,71088,41,4505,1369,20524,754,61497,1409,82021,California
El Dorado,2021-05-01,615,140092,280,64164,307,71395,28,4533,277,20498,331,61828,305,82326,California
El Dorado,2021-05-02,301,140393,214,64378,58,71453,29,4562,99,20426,199,62027,127,82453,California
El Dorado,2021-05-03,828,141221,404,64782,373,71826,51,4613,279,20212,545,62572,331,82784,California
El Dorado,2021-05-04,887,142108,438,65220,389,72215,60,4673,313,20015,570,63142,373,83157,California
El Dorado,2021-05-05,882,142990,436,65656,372,72587,74,4747,420,20049,460,63602,494,83651,California
El Dorado,2021-05-06,1119,144109,486,66142,584,73171,49,4796,474,19929,639,64241,519,84170,California
El Dorado,2021-05-07,983,145092,378,66520,546,73717,59,4855,396,19796,587,64828,454,84624,California
El Dorado,2021-05-08,493,145585,155,66675,301,74018,37,4892,187,19716,304,65132,224,84848,California
El Dorado,2021-05-09,223,145808,84,66759,112,74130,27,4919,104,19729,118,65250,131,84979,California
El Dorado,2021-05-10,831,146639,270,67029,502,74632,59,4978,244,19453,577,65827,301,85280,California
El Dorado,2021-05-11,688,147327,301,67330,325,74957,62,5040,297,19425,388,66215,360,85640,California
El Dorado,2021-05-12,648,147975,343,67673,263,75220,42,5082,276,19372,372,66587,319,85959,California
El Dorado,2021-05-13,1262,149237,797,68470,425,75645,40,5122,477,19109,779,67366,516,86475,California
El Dorado,2021-05-14,1425,150662,829,69299,512,76157,84,5206,689,19151,731,68097,773,87248,California
El Dorado,2021-05-15,909,151571,559,69858,292,76449,58,5264,324,18948,585,68682,382,87630,California
El Dorado,2021-05-16,668,152239,463,70321,179,76628,26,5290,233,18772,435,69117,259,87889,California
El Dorado,2021-05-17,1583,153822,670,70991,864,77492,49,5339,567,18375,1012,70129,615,88504,California
El Dorado,2021-05-18,1034,154856,524,71515,455,77947,55,5394,448,18293,585,70714,503,89007,California
El Dorado,2021-05-19,819,155675,336,71851,430,78377,53,5447,318,18169,494,71208,370,89377,California
El Dorado,2021-05-20,1190,156865,665,72516,450,78827,75,5522,454,17964,733,71941,528,89905,California
El Dorado,2021-05-21,2340,159205,1750,74266,548,79375,42,5564,825,17320,1511,73452,867,90772,California
El Dorado,2021-05-22,706,159911,204,74470,466,79841,36,5600,229,17109,476,73928,265,91037,California
El Dorado,2021-05-23,290,160201,115,74585,146,79987,29,5629,93,17036,195,74123,122,91159,California
El Dorado,2021-05-24,883,161084,454,75039,360,80347,69,5698,310,16844,569,74692,377,91536,California
El Dorado,2021-05-25,608,161692,254,75293,318,80665,36,5734,231,16736,374,75066,266,91802,California
El Dorado,2021-05-26,807,162499,396,75689,387,81052,24,5758,284,16521,523,75589,308,92110,California
El Dorado,2021-05-27,624,163123,246,75935,343,81395,35,5793,318,16568,305,75894,352,92462,California
El Dorado,2021-05-28,731,163854,253,76188,414,81809,64,5857,309,16522,419,76313,373,92835,California
El Dorado,2021-05-29,388,164242,109,76297,263,82072,16,5873,172,16494,216,76529,188,93023,California
El Dorado,2021-05-30,173,164415,101,76398,58,82130,14,5887,84,16504,88,76617,98,93121,California
El Dorado,2021-05-31,36,164451,11,76409,14,82144,11,5898,8,16495,28,76645,19,93140,California
El Dorado,2021-06-01,683,165134,295,76704,349,82493,39,5937,235,16324,445,77090,274,93414,California
El Dorado,2021-06-02,630,165764,301,77005,279,82772,50,5987,264,16273,365,77455,314,93728,California
El Dorado,2021-06-03,728,166492,339,77344,346,83118,43,6030,183,15954,545,78000,226,93954,California
El Dorado,2021-06-04,890,167382,534,77878,322,83440,34,6064,189,15478,699,78699,223,94177,California
El Dorado,2021-06-05,391,167773,225,78103,154,83594,12,6076,84,15268,306,79005,96,94273,California
El Dorado,2021-06-06,277,168050,192,78295,69,83663,16,6092,51,15109,225,79230,66,94339,California
El Dorado,2021-06-07,789,168839,489,78784,260,83923,40,6132,173,14713,609,79839,213,94552,California
El Dorado,2021-06-08,633,169472,384,79168,215,84138,34,6166,131,14378,499,80338,164,94716,California
El Dorado,2021-06-09,464,169936,277,79445,162,84300,25,6191,111,14161,353,80691,136,94852,California
El Dorado,2021-06-10,592,170528,370,79815,191,84491,31,6222,162,13926,428,81119,193,95045,California
El Dorado,2021-06-11,660,171188,396,80211,220,84711,44,6266,131,13573,528,81647,175,95220,California
El Dorado,2021-06-12,260,171448,153,80364,88,84799,19,6285,61,13455,198,81845,80,95300,California
El Dorado,2021-06-13,162,171610,89,80453,55,84854,18,6303,35,13382,126,81971,53,95353,California
El Dorado,2021-06-14,516,172126,363,80816,123,84977,30,6333,137,13170,379,82350,167,95520,California
El Dorado,2021-06-15,445,172571,236,81052,172,85149,37,6370,124,13013,318,82668,161,95681,California
El Dorado,2021-06-16,508,173079,359,81411,107,85256,42,6412,132,12812,375,83043,174,95855,California
El Dorado,2021-06-17,435,173514,269,81680,135,85391,31,6443,141,12692,293,83336,173,96028,California
El Dorado,2021-06-18,394,173908,251,81931,109,85500,34,6477,117,12567,276,83612,151,96179,California
El Dorado,2021-06-19,248,174156,154,82085,80,85580,14,6491,92,12518,155,83767,106,96285,California
El Dorado,2021-06-20,123,174279,89,82174,28,85608,6,6497,52,12505,71,83838,58,96343,California
El Dorado,2021-06-21,305,174584,157,82331,129,85737,19,6516,119,12458,185,84023,138,96481,California
El Dorado,2021-06-22,225,174809,158,82489,56,85793,11,6527,67,12379,157,84180,78,96559,California
Fresno,2020-12-15,2,2,2,2,0,0,0,0,2,2,0,0,2,2,California
Fresno,2020-12-16,125,127,125,127,0,0,0,0,125,127,0,0,125,127,California
Fresno,2020-12-17,123,250,123,250,0,0,0,0,123,250,0,0,123,250,California
Fresno,2020-12-18,349,599,349,599,0,0,0,0,349,599,0,0,349,599,California
Fresno,2020-12-19,162,761,162,761,0,0,0,0,162,761,0,0,162,761,California
Fresno,2020-12-20,258,1019,256,1017,2,2,0,0,258,1019,0,0,258,1019,California
Fresno,2020-12-21,927,1946,925,1942,2,4,0,0,956,1975,0,0,956,1975,California
Fresno,2020-12-22,908,2854,876,2818,32,36,0,0,912,2887,0,0,912,2887,California
Fresno,2020-12-23,1085,3939,1044,3862,41,77,0,0,1086,3973,0,0,1086,3973,California
Fresno,2020-12-24,592,4531,566,4428,26,103,0,0,592,4565,0,0,592,4565,California
Fresno,2020-12-25,3,4534,1,4429,2,105,0,0,3,4568,0,0,3,4568,California
Fresno,2020-12-26,724,5258,715,5144,9,114,0,0,724,5292,0,0,724,5292,California
Fresno,2020-12-27,308,5566,209,5353,99,213,0,0,308,5600,0,0,308,5600,California
Fresno,2020-12-28,1097,6663,802,6155,295,508,0,0,1097,6697,0,0,1097,6697,California
Fresno,2020-12-29,1764,8427,999,7154,765,1273,0,0,1762,8458,1,1,1762,8459,California
Fresno,2020-12-30,985,9412,446,7600,539,1812,0,0,985,9443,0,1,985,9444,California
Fresno,2020-12-31,926,10338,309,7909,617,2429,0,0,925,10368,0,1,925,10369,California
Fresno,2021-01-01,9,10347,3,7912,6,2435,0,0,9,10377,0,1,9,10378,California
Fresno,2021-01-02,1025,11372,710,8622,315,2750,0,0,1025,11402,0,1,1025,11403,California
Fresno,2021-01-03,154,11526,128,8750,26,2776,0,0,154,11556,0,1,154,11557,California
Fresno,2021-01-04,627,12153,377,9127,250,3026,0,0,627,12183,0,1,627,12184,California
Fresno,2021-01-05,783,12936,310,9437,473,3499,0,0,710,12820,73,74,710,12894,California
Fresno,2021-01-06,982,13918,343,9780,639,4138,0,0,808,13454,174,248,808,13702,California
Fresno,2021-01-07,1901,15819,916,10696,985,5123,0,0,1646,14848,255,503,1649,15351,California
Fresno,2021-01-08,1786,17605,613,11309,1173,6296,0,0,1421,15907,363,866,1422,16773,California
Fresno,2021-01-09,642,18247,392,11701,250,6546,0,0,363,15991,279,1145,363,17136,California
Fresno,2021-01-10,517,18764,487,12188,30,6576,0,0,203,15880,314,1459,203,17339,California
Fresno,2021-01-11,2226,20990,1806,13994,420,6996,0,0,1531,16720,695,2154,1535,18874,California
Fresno,2021-01-12,2530,23520,1828,15822,702,7698,0,0,1677,17544,855,3009,1679,20553,California
Fresno,2021-01-13,3569,27089,2440,18262,1129,8827,0,0,2711,19399,859,3868,2714,23267,California
Fresno,2021-01-14,4146,31235,2186,20448,1960,10787,0,0,3673,22600,472,4340,3673,26940,California
Fresno,2021-01-15,3662,34897,2537,22985,1125,11912,0,0,3303,25548,359,4699,3307,30247,California
Fresno,2021-01-16,3138,38035,2308,25293,830,12742,0,0,2668,27748,470,5169,2670,32917,California
Fresno,2021-01-17,978,39013,557,25850,421,13163,0,0,778,28326,200,5369,778,33695,California
Fresno,2021-01-18,3090,42103,2377,28227,713,13876,0,0,2431,30102,657,6026,2433,36128,California
Fresno,2021-01-19,4407,46510,2623,30850,1784,15660,0,0,3687,33073,720,6746,3691,39819,California
Fresno,2021-01-20,3024,49534,1218,32068,1806,17466,0,0,2708,35470,314,7060,2711,42530,California
Fresno,2021-01-21,4395,53929,2039,34107,2356,19822,0,0,4037,39177,336,7396,4043,46573,California
Fresno,2021-01-22,3314,57243,1350,35457,1964,21786,0,0,2928,41736,370,7766,2929,49502,California
Fresno,2021-01-23,3056,60299,1977,37434,1079,22865,0,0,2334,43354,721,8487,2339,51841,California
Fresno,2021-01-24,560,60859,377,37811,183,23048,0,0,351,43498,209,8696,353,52194,California
Fresno,2021-01-25,2431,63290,861,38672,1570,24618,0,0,1854,44778,577,9273,1857,54051,California
Fresno,2021-01-26,2088,65378,598,39270,1490,26108,0,0,1325,45343,761,10034,1326,55377,California
Fresno,2021-01-27,2304,67682,1135,40405,1169,27277,0,0,1726,46495,577,10611,1729,57106,California
Fresno,2021-01-28,4556,72238,3053,43458,1503,28780,0,0,3482,48909,1071,11682,3485,60591,California
Fresno,2021-01-29,1676,73914,953,44411,723,29503,0,0,1374,49986,298,11980,1375,61966,California
Fresno,2021-01-30,1439,75353,542,44953,897,30400,0,0,1020,50587,419,12399,1020,62986,California
Fresno,2021-01-31,227,75580,216,45169,11,30411,0,0,73,50506,154,12553,73,63059,California
Fresno,2021-02-01,3342,78922,1658,46827,1684,32095,0,0,1776,50730,1565,14118,1789,64848,California
Fresno,2021-02-02,2745,81667,562,47389,2183,34278,0,0,1596,51208,1134,15252,1612,66460,California
Fresno,2021-02-03,3574,85241,2114,49503,1460,35738,0,0,1554,50754,2011,17263,1557,68017,California
Fresno,2021-02-04,4204,89445,1902,51405,2302,38040,0,0,1922,50437,2252,19515,1935,69952,California
Fresno,2021-02-05,5346,94791,2733,54138,2613,40653,0,0,2310,49724,3031,22546,2318,72270,California
Fresno,2021-02-06,2926,97717,2037,56175,889,41542,0,0,965,48738,1953,24499,967,73237,California
Fresno,2021-02-07,470,98187,288,56463,182,41724,0,0,274,48817,195,24694,274,73511,California
Fresno,2021-02-08,4277,102464,2282,58745,1995,43719,0,0,1806,48174,2458,27152,1815,75326,California
Fresno,2021-02-09,5322,107786,2090,60835,3232,46951,0,0,3108,49154,2139,29291,3119,78445,California
Fresno,2021-02-10,3887,111673,1231,62066,2656,49607,0,0,1972,49275,1863,31154,1984,80429,California
Fresno,2021-02-11,6437,118110,2080,64146,4357,53964,0,0,3336,49534,3083,34237,3342,83771,California
Fresno,2021-02-12,5401,123511,1390,65536,4011,57975,0,0,2726,49615,2657,36894,2738,86509,California
Fresno,2021-02-13,3743,127254,1564,67100,2179,60154,0,0,2083,50059,1648,38542,2092,88601,California
Fresno,2021-02-14,1570,128824,283,67383,1287,61441,0,0,842,50178,727,39269,846,89447,California
Fresno,2021-02-15,2891,131715,268,67651,2623,64064,0,0,1797,50889,1090,40359,1801,91248,California
Fresno,2021-02-16,6688,138403,2409,70060,4279,68343,0,0,4224,52672,2447,42806,4230,95478,California
Fresno,2021-02-17,5312,143715,2443,72503,2869,71212,0,0,2980,53366,2290,45096,2984,98462,California
Fresno,2021-02-18,6849,150564,2893,75396,3956,75168,0,0,2569,51706,4240,49336,2580,101042,California
Fresno,2021-02-19,3907,154471,1097,76493,2810,77978,0,0,1826,51466,2069,51405,1829,102871,California
Fresno,2021-02-20,4515,158986,2477,78970,2038,80016,0,0,3036,53035,1473,52878,3042,105913,California
Fresno,2021-02-21,188,159174,170,79140,18,80034,0,0,124,53109,50,52928,124,106037,California
Fresno,2021-02-22,2234,161408,996,80136,1238,81272,0,0,1235,53357,989,53917,1237,107274,California
Fresno,2021-02-23,4692,166100,2273,82409,2419,83691,0,0,3808,56296,871,54788,3810,111084,California
Fresno,2021-02-24,4203,170303,1506,83915,2697,86388,0,0,3441,58988,751,55539,3443,114527,California
Fresno,2021-02-25,8699,179002,3750,87665,4949,91337,0,0,7205,64774,1428,56967,7214,121741,California
Fresno,2021-02-26,9031,188033,3704,91369,5327,96664,0,0,7714,71201,1293,58260,7720,129461,California
Fresno,2021-02-27,7275,195308,3163,94532,4111,100775,1,1,6567,77080,693,58953,6572,136033,California
Fresno,2021-02-28,1648,196956,526,95058,1122,101897,0,1,1555,78556,80,59033,1556,137589,California
Fresno,2021-03-01,5100,202056,1327,96385,3773,105670,0,1,3695,80864,1391,60424,3699,141288,California
Fresno,2021-03-02,9858,211914,3391,99776,6467,112137,0,1,8468,87993,1366,61790,8495,149783,California
Fresno,2021-03-03,7013,218927,1758,101534,5254,117391,1,2,6011,93126,988,62778,6121,155904,California
Fresno,2021-03-04,10444,229371,4125,105659,6319,123710,0,2,8702,100122,1715,64493,8711,164615,California
Fresno,2021-03-05,9337,238708,3627,109286,5708,129418,2,4,8046,107082,1162,65655,8122,172737,California
Fresno,2021-03-06,7017,245725,3960,113246,2939,132357,118,122,6018,112233,990,66645,6141,178878,California
Fresno,2021-03-07,1490,247215,676,113922,776,133133,38,160,1261,113307,226,66871,1300,180178,California
Fresno,2021-03-08,5329,252544,2055,115977,3123,136256,151,311,4040,116232,1278,68149,4203,184381,California
Fresno,2021-03-09,8641,261185,3796,119773,4574,140830,271,582,4655,117231,3964,72113,4963,189344,California
Fresno,2021-03-10,6884,268069,2856,122629,3640,144470,388,970,5385,121522,1490,73603,5781,195125,California
Fresno,2021-03-11,11593,279662,4576,127205,6471,150941,546,1516,6313,123204,5254,78857,6936,202061,California
Fresno,2021-03-12,12032,291694,5134,132339,6471,157412,427,1943,9041,129840,2971,81828,9607,211668,California
Fresno,2021-03-13,8325,300019,4055,136394,3254,160666,1016,2959,4023,130674,4281,86109,5115,216783,California
Fresno,2021-03-14,1771,301790,481,136875,1000,161666,290,3249,669,130543,1090,87199,959,217742,California
Fresno,2021-03-15,7136,308926,3169,140044,3790,165456,177,3426,4928,133650,2194,89393,5301,223043,California
Fresno,2021-03-16,10218,319144,4547,144591,5280,170736,391,3817,5414,134779,4773,94166,5902,228945,California
Fresno,2021-03-17,8729,327873,3990,148581,4030,174766,709,4526,5909,139007,2797,96963,7025,235970,California
Fresno,2021-03-18,12512,340385,6769,155350,5069,179835,674,5200,7024,141754,5440,102403,8187,244157,California
Fresno,2021-03-19,11209,351594,5926,161276,4671,184506,612,5812,6872,145306,4306,106709,7858,252015,California
Fresno,2021-03-20,7612,359206,4594,165870,2691,187197,327,6139,3760,145884,3827,110536,4405,256420,California
Fresno,2021-03-21,1836,361042,1245,167115,212,187409,379,6518,1012,146460,816,111352,1392,257812,California
Fresno,2021-03-22,5676,366718,2901,170016,2177,189586,598,7116,3797,149231,1863,113215,4634,262446,California
Fresno,2021-03-23,10653,377371,5327,175343,4818,194404,508,7624,5117,149787,5512,118727,6068,268514,California
Fresno,2021-03-24,8864,386235,3841,179184,4193,198597,830,8454,4971,151786,3856,122583,5855,274369,California
Fresno,2021-03-25,12210,398445,5689,184873,5706,204303,815,9269,4744,150014,7414,129997,5642,280011,California
Fresno,2021-03-26,12215,410660,5453,190326,6119,210422,643,9912,4439,147400,7721,137718,5107,285118,California
Fresno,2021-03-27,10046,420706,4777,195103,4184,214606,1085,10997,2962,144408,7045,144763,4053,289171,California
Fresno,2021-03-28,3426,424132,1320,196423,1409,216015,697,11694,1110,144355,2308,147071,2255,291426,California
Fresno,2021-03-29,5990,430122,2007,198430,3447,219462,536,12230,2889,144723,3072,150143,3440,294866,California
Fresno,2021-03-30,10988,441110,4267,202697,5827,225289,894,13124,3826,142313,7131,157274,4721,299587,California
Fresno,2021-03-31,9703,450813,3376,206073,5320,230609,1007,14131,3671,140997,5987,163261,4671,304258,California
Fresno,2021-04-01,12193,463006,4199,210272,7123,237732,871,15002,4039,137813,8050,171311,4866,309124,California
Fresno,2021-04-02,12066,475072,4626,214898,6660,244392,780,15782,4262,135220,7641,178952,5048,314172,California
Fresno,2021-04-03,6420,481492,3531,218429,2630,247022,259,16041,2149,133411,4252,183204,2443,316615,California
Fresno,2021-04-04,1505,482997,536,218965,924,247946,45,16086,547,133057,947,184151,593,317208,California
Fresno,2021-04-05,8335,491332,4473,223438,3056,251002,806,16892,2449,130512,5869,190020,3324,320532,California
Fresno,2021-04-06,9640,500972,4042,227480,4407,255409,1191,18083,3555,129230,6044,196064,4762,325294,California
Fresno,2021-04-07,10611,511583,5494,232974,3900,259309,1217,19300,3535,126977,7029,203093,4776,330070,California
Fresno,2021-04-08,10962,522545,5179,238153,4620,263929,1163,20463,3435,124139,7476,210569,4638,334708,California
Fresno,2021-04-09,11329,533874,5353,243506,4572,268501,1404,21867,3619,121518,7661,218230,5040,339748,California
Fresno,2021-04-10,7880,541754,5146,248652,2213,270714,521,22388,3673,121514,4196,222426,4192,343940,California
Fresno,2021-04-11,1389,543143,933,249585,365,271079,91,22479,445,121112,939,223365,537,344477,California
Fresno,2021-04-12,7565,550708,4104,253689,2533,273612,928,23407,2426,119355,5109,228474,3352,347829,California
Fresno,2021-04-13,9042,559750,4322,258011,4651,278263,69,23476,3523,117565,5480,233954,3690,351519,California
Fresno,2021-04-14,9731,569481,5802,263813,3928,282191,1,23477,3781,115489,5905,239859,3829,355348,California
Fresno,2021-04-15,8490,577971,4231,268044,4256,286447,3,23480,3192,113418,5269,245128,3198,358546,California
Fresno,2021-04-16,9606,587577,4674,272718,4930,291377,2,23482,3924,111711,5638,250766,3931,362477,California
Fresno,2021-04-17,5649,593226,3770,276488,1879,293256,0,23482,2693,111475,2932,253698,2696,365173,California
Fresno,2021-04-18,1039,594265,563,277051,476,293732,0,23482,476,111393,558,254256,476,365649,California
Fresno,2021-04-19,5605,599870,3048,280099,2554,296286,3,23485,2270,110374,3295,257551,2276,367925,California
Fresno,2021-04-20,6978,606848,3458,283557,3511,299797,9,23494,2626,108689,4327,261878,2642,370567,California
Fresno,2021-04-21,6404,613252,3544,287101,2851,302648,9,23503,2674,107682,3693,265571,2686,373253,California
Fresno,2021-04-22,6340,619592,3155,290256,3184,305832,1,23504,2311,106028,3969,269540,2315,375568,California
Fresno,2021-04-23,7109,626701,3826,294082,3266,309098,17,23521,2723,104461,4295,273835,2728,378296,California
Fresno,2021-04-24,4163,630864,2493,296575,1670,310768,0,23521,1917,104145,2233,276068,1917,380213,California
Fresno,2021-04-25,1372,632236,552,297127,817,311585,3,23524,685,104152,681,276749,688,380901,California
Fresno,2021-04-26,4239,636475,2139,299266,2055,313640,45,23569,1800,103589,2408,279157,1845,382746,California
Fresno,2021-04-27,4836,641311,2447,301713,2264,315904,125,23694,1896,102693,2916,282073,2020,384766,California
Fresno,2021-04-28,4773,646084,2668,304381,1975,317879,130,23824,1989,102052,2761,284834,2120,386886,California
Fresno,2021-04-29,4796,650880,2659,307040,2001,319880,136,23960,1812,101046,2952,287786,1946,388832,California
Fresno,2021-04-30,5420,656300,3291,310331,1997,321877,132,24092,2165,100118,3224,291010,2296,391128,California
Fresno,2021-05-01,4181,660481,3447,313778,596,322473,138,24230,1230,98552,2932,293942,1366,392494,California
Fresno,2021-05-02,1251,661732,773,314551,427,322900,51,24281,617,98597,622,294564,667,393161,California
Fresno,2021-05-03,4046,665778,2699,317250,1156,324056,191,24472,1307,97379,2711,297275,1493,394654,California
Fresno,2021-05-04,4834,670612,2500,319750,2182,326238,152,24624,1545,95817,3261,300536,1699,396353,California
Fresno,2021-05-05,5099,675711,3144,322894,1730,327968,225,24849,1588,94143,3484,304020,1810,398163,California
Fresno,2021-05-06,4127,679838,2546,325440,1478,329446,103,24952,1411,92972,2685,306705,1514,399677,California
Fresno,2021-05-07,5017,684855,3287,328727,1563,331009,167,25119,1551,91245,3442,310147,1715,401392,California
Fresno,2021-05-08,3902,688757,2490,331217,1264,332273,148,25267,1170,89855,2709,312856,1319,402711,California
Fresno,2021-05-09,672,689429,344,331561,285,332558,43,25310,333,89898,333,313189,376,403087,California
Fresno,2021-05-10,2967,692396,1581,333142,1245,333803,141,25451,923,88928,2034,315223,1064,404151,California
Fresno,2021-05-11,3747,696143,1928,335070,1726,335529,93,25544,1203,87692,2532,317755,1296,405447,California
Fresno,2021-05-12,3998,700141,2562,337632,1272,336801,164,25708,1450,86782,2524,320279,1614,407061,California
Fresno,2021-05-13,3846,703987,2129,339761,1614,338415,103,25811,1735,86548,2072,322351,1838,408899,California
Fresno,2021-05-14,5038,709025,3015,342776,1840,340255,183,25994,2146,86020,2859,325210,2331,411230,California
Fresno,2021-05-15,3580,712605,2673,345449,777,341032,130,26124,1816,86211,1754,326964,1945,413175,California
Fresno,2021-05-16,1449,714054,948,346397,467,341499,34,26158,814,86431,629,327593,849,414024,California
Fresno,2021-05-17,4171,718225,2823,349220,1189,342688,159,26317,2249,86944,1893,329486,2406,416430,California
Fresno,2021-05-18,4105,722330,2535,351755,1416,344104,154,26471,2096,87205,1986,331472,2247,418677,California
Fresno,2021-05-19,4345,726675,2762,354517,1409,345513,174,26645,2111,87278,2211,333683,2284,420961,California
Fresno,2021-05-20,4094,730769,2441,356958,1465,346978,188,26833,1911,87209,2166,335849,2097,423058,California
Fresno,2021-05-21,4562,735331,2982,359940,1487,348465,93,26926,2073,86915,2458,338307,2164,425222,California
Fresno,2021-05-22,3942,739273,2923,362863,844,349309,175,27101,2275,87712,1651,339958,2448,427670,California
Fresno,2021-05-23,906,740179,575,363438,301,349610,30,27131,465,87776,431,340389,495,428165,California
Fresno,2021-05-24,3223,743402,2023,365461,1086,350696,114,27245,1495,87680,1705,342094,1609,429774,California
Fresno,2021-05-25,3205,746607,1926,367387,1155,351851,124,27369,1369,87351,1822,343916,1493,431267,California
Fresno,2021-05-26,3243,749850,2142,369529,995,352846,106,27475,1655,87542,1568,345484,1759,433026,California
Fresno,2021-05-27,3136,752986,1911,371440,1118,353964,107,27582,1416,87371,1695,347179,1524,434550,California
Fresno,2021-05-28,3423,756409,2208,373648,1120,355084,95,27677,1895,87852,1510,348689,1991,436541,California
Fresno,2021-05-29,2283,758692,1662,375310,550,355634,71,27748,1256,88163,1017,349706,1328,437869,California
Fresno,2021-05-30,890,759582,535,375845,320,355954,35,27783,429,88183,444,350150,464,438333,California
Fresno,2021-05-31,319,759901,160,376005,147,356101,12,27795,136,88152,177,350327,146,438479,California
Fresno,2021-06-01,3010,762911,1811,377816,1104,357205,95,27890,1220,87701,1766,352093,1315,439794,California
Fresno,2021-06-02,2658,765569,1714,379530,854,358059,90,27980,1090,87344,1539,353632,1182,440976,California
Fresno,2021-06-03,2946,768515,2022,381552,822,358881,102,28082,1198,86917,1725,355357,1298,442274,California
Fresno,2021-06-04,3235,771750,2349,383901,786,359667,100,28182,1123,86053,2088,357445,1224,443498,California
Fresno,2021-06-05,3109,774859,2294,386195,694,360361,121,28303,1252,85591,1833,359278,1371,444869,California
Fresno,2021-06-06,1167,776026,929,387124,201,360562,37,28340,416,85298,746,360024,453,445322,California
Fresno,2021-06-07,3076,779102,2424,389548,563,361125,89,28429,896,84124,2159,362183,985,446307,California
Fresno,2021-06-08,2625,781727,1957,391505,600,361725,68,28497,814,83204,1802,363985,882,447189,California
Fresno,2021-06-09,2941,784668,2197,393702,653,362378,91,28588,976,82324,1946,365931,1066,448255,California
Fresno,2021-06-10,2641,787309,1919,395621,652,363030,70,28658,925,81622,1696,367627,994,449249,California
Fresno,2021-06-11,3132,790441,2198,397819,824,363854,110,28768,1168,80973,1927,369554,1278,450527,California
Fresno,2021-06-12,2895,793336,2288,400107,442,364296,165,28933,779,79809,2103,371657,939,451466,California
Fresno,2021-06-13,711,794047,459,400566,235,364531,17,28950,202,79524,504,372161,219,451685,California
Fresno,2021-06-14,2496,796543,1821,402387,547,365078,128,29078,966,79104,1512,373673,1092,452777,California
Fresno,2021-06-15,2369,798912,1702,404089,591,365669,76,29154,940,78707,1412,375085,1015,453792,California
Fresno,2021-06-16,2625,801537,1887,405976,625,366294,113,29267,1040,78285,1573,376658,1151,454943,California
Fresno,2021-06-17,2238,803775,1568,407544,579,366873,91,29358,946,78041,1279,377937,1035,455978,California
Fresno,2021-06-18,2966,806741,2123,409667,725,367598,118,29476,1201,77613,1748,379685,1320,457298,California
Fresno,2021-06-19,1688,808429,1247,410914,365,367963,76,29552,582,77167,1102,380787,656,457954,California
Fresno,2021-06-20,500,808929,354,411268,135,368098,11,29563,192,77067,303,381090,203,458157,California
Fresno,2021-06-21,1583,810512,1057,412325,464,368562,62,29625,914,77387,655,381745,975,459132,California
Fresno,2021-06-22,1065,811577,703,413028,272,368834,90,29715,485,77385,576,382321,574,459706,California
Glenn,2020-12-17,1,1,1,1,0,0,0,0,1,1,0,0,1,1,California
Glenn,2020-12-20,1,2,1,2,0,0,0,0,1,2,0,0,1,2,California
Glenn,2020-12-21,10,12,10,12,0,0,0,0,10,12,0,0,10,12,California
Glenn,2020-12-22,58,70,58,70,0,0,0,0,58,70,0,0,58,70,California
Glenn,2020-12-23,28,98,28,98,0,0,0,0,28,98,0,0,28,98,California
Glenn,2020-12-24,9,107,9,107,0,0,0,0,9,107,0,0,9,107,California
Glenn,2020-12-26,2,109,2,109,0,0,0,0,2,109,0,0,2,109,California
Glenn,2020-12-27,4,113,4,113,0,0,0,0,4,113,0,0,4,113,California
Glenn,2020-12-28,20,133,20,133,0,0,0,0,20,133,0,0,20,133,California
Glenn,2020-12-29,82,215,82,215,0,0,0,0,82,215,0,0,82,215,California
Glenn,2020-12-30,127,342,104,319,23,23,0,0,127,342,0,0,127,342,California
Glenn,2020-12-31,37,379,8,327,29,52,0,0,37,379,0,0,37,379,California
Glenn,2021-01-02,4,383,4,331,0,52,0,0,4,383,0,0,4,383,California
Glenn,2021-01-04,7,390,5,336,2,54,0,0,7,390,0,0,7,390,California
Glenn,2021-01-05,12,402,9,345,3,57,0,0,12,402,0,0,12,402,California
Glenn,2021-01-06,59,461,8,353,51,108,0,0,59,461,0,0,59,461,California
Glenn,2021-01-07,65,526,11,364,54,162,0,0,64,524,1,1,64,525,California
Glenn,2021-01-08,12,538,9,373,3,165,0,0,12,536,0,1,12,537,California
Glenn,2021-01-10,1,539,1,374,0,165,0,0,0,535,1,2,0,537,California
Glenn,2021-01-11,28,567,28,402,0,165,0,0,12,531,16,18,12,549,California
Glenn,2021-01-12,43,610,38,440,5,170,0,0,14,516,29,47,14,563,California
Glenn,2021-01-13,219,829,156,596,63,233,0,0,176,649,43,90,176,739,California
Glenn,2021-01-14,120,949,31,627,89,322,0,0,110,749,10,100,110,849,California
Glenn,2021-01-15,41,990,34,661,7,329,0,0,36,780,5,105,36,885,California
Glenn,2021-01-16,33,1023,14,675,19,348,0,0,23,793,10,115,23,908,California
Glenn,2021-01-17,5,1028,3,678,2,350,0,0,2,792,3,118,2,910,California
Glenn,2021-01-18,17,1045,16,694,1,351,0,0,9,793,8,126,9,919,California
Glenn,2021-01-19,30,1075,20,714,10,361,0,0,13,789,17,143,13,932,California
Glenn,2021-01-20,162,1237,93,807,69,430,0,0,82,791,80,223,82,1014,California
Glenn,2021-01-21,119,1356,93,900,26,456,0,0,29,730,90,313,29,1043,California
Glenn,2021-01-22,343,1699,64,964,279,735,0,0,336,1059,7,320,336,1379,California
Glenn,2021-01-23,16,1715,10,974,6,741,0,0,12,1067,4,324,12,1391,California
Glenn,2021-01-24,2,1717,2,976,0,741,0,0,2,1069,0,324,2,1393,California
Glenn,2021-01-25,27,1744,9,985,18,759,0,0,24,1090,3,327,24,1417,California
Glenn,2021-01-26,31,1775,15,1000,16,775,0,0,24,1107,7,334,24,1441,California
Glenn,2021-01-27,189,1964,12,1012,177,952,0,0,167,1252,22,356,167,1608,California
Glenn,2021-01-28,148,2112,8,1020,140,1092,0,0,118,1340,30,386,118,1726,California
Glenn,2021-01-29,300,2412,12,1032,288,1380,0,0,286,1612,14,400,286,2012,California
Glenn,2021-01-30,3,2415,0,1032,3,1383,0,0,3,1615,0,400,3,2015,California
Glenn,2021-01-31,1,2416,0,1032,1,1384,0,0,1,1616,0,400,1,2016,California
Glenn,2021-02-01,31,2447,11,1043,20,1404,0,0,19,1623,12,412,19,2035,California
Glenn,2021-02-02,31,2478,16,1059,15,1419,0,0,21,1634,10,422,21,2056,California
Glenn,2021-02-03,279,2757,126,1185,153,1572,0,0,134,1624,145,567,135,2191,California
Glenn,2021-02-04,84,2841,17,1202,67,1639,0,0,27,1594,57,624,27,2218,California
Glenn,2021-02-05,326,3167,25,1227,301,1940,0,0,305,1878,21,645,305,2523,California
Glenn,2021-02-06,18,3185,2,1229,16,1956,0,0,17,1894,1,646,17,2540,California
Glenn,2021-02-07,2,3187,2,1231,0,1956,0,0,2,1896,0,646,2,2542,California
Glenn,2021-02-08,20,3207,17,1248,3,1959,0,0,4,1884,16,662,4,2546,California
Glenn,2021-02-09,50,3257,19,1267,31,1990,0,0,35,1904,15,677,35,2581,California
Glenn,2021-02-10,136,3393,18,1285,118,2108,0,0,66,1900,70,747,66,2647,California
Glenn,2021-02-11,235,3628,134,1419,101,2209,0,0,152,1968,84,831,152,2799,California
Glenn,2021-02-12,417,4045,98,1517,319,2528,0,0,353,2257,64,895,353,3152,California
Glenn,2021-02-13,37,4082,9,1526,28,2556,0,0,17,2254,20,915,17,3169,California
Glenn,2021-02-14,1,4083,0,1526,1,2557,0,0,1,2255,0,915,1,3170,California
Glenn,2021-02-15,9,4092,0,1526,9,2566,0,0,8,2262,1,916,8,3178,California
Glenn,2021-02-16,40,4132,9,1535,31,2597,0,0,22,2266,18,934,22,3200,California
Glenn,2021-02-17,379,4511,13,1548,366,2963,0,0,303,2493,76,1010,303,3503,California
Glenn,2021-02-18,136,4647,101,1649,35,2998,0,0,112,2581,24,1034,112,3615,California
Glenn,2021-02-19,307,4954,16,1665,291,3289,0,0,28,2330,279,1313,28,3643,California
Glenn,2021-02-20,9,4963,0,1665,9,3298,0,0,1,2323,8,1321,1,3644,California
Glenn,2021-02-21,1,4964,1,1666,0,3298,0,0,1,2324,0,1321,1,3645,California
Glenn,2021-02-22,33,4997,14,1680,19,3317,0,0,16,2323,17,1338,16,3661,California
Glenn,2021-02-23,40,5037,10,1690,30,3347,0,0,28,2339,12,1350,28,3689,California
Glenn,2021-02-24,252,5289,49,1739,203,3550,0,0,45,2177,207,1557,45,3734,California
Glenn,2021-02-25,234,5523,120,1859,114,3664,0,0,120,2183,114,1671,120,3854,California
Glenn,2021-02-26,308,5831,23,1882,285,3949,0,0,20,1916,287,1958,20,3874,California
Glenn,2021-02-27,13,5844,4,1886,9,3958,0,0,5,1914,7,1965,5,3879,California
Glenn,2021-02-28,6,5850,3,1889,3,3961,0,0,3,1915,2,1967,3,3882,California
Glenn,2021-03-01,28,5878,6,1895,22,3983,0,0,12,1911,16,1983,12,3894,California
Glenn,2021-03-02,35,5913,8,1903,27,4010,0,0,17,1910,18,2001,17,3911,California
Glenn,2021-03-03,192,6105,38,1941,154,4164,0,0,101,1922,89,2090,101,4012,California
Glenn,2021-03-04,517,6622,175,2116,342,4506,0,0,370,2145,147,2237,370,4382,California
Glenn,2021-03-05,361,6983,47,2163,314,4820,0,0,34,1852,327,2564,34,4416,California
Glenn,2021-03-06,30,7013,3,2166,26,4846,1,1,9,1841,21,2585,10,4426,California
Glenn,2021-03-07,5,7018,0,2166,5,4851,0,1,3,1843,1,2586,3,4429,California
Glenn,2021-03-08,19,7037,2,2168,16,4867,1,2,17,1859,2,2588,18,4447,California
Glenn,2021-03-09,82,7119,11,2179,68,4935,3,5,53,1885,29,2617,55,4502,California
Glenn,2021-03-10,172,7291,69,2248,101,5036,2,7,95,1905,77,2694,97,4599,California
Glenn,2021-03-11,587,7878,169,2417,395,5431,23,30,457,2255,130,2824,480,5079,California
Glenn,2021-03-12,419,8297,13,2430,342,5773,64,94,41,1982,378,3202,105,5184,California
Glenn,2021-03-13,13,8310,1,2431,4,5777,8,102,1,1979,12,3214,9,5193,California
Glenn,2021-03-14,2,8312,1,2432,1,5778,0,102,0,1977,2,3216,0,5193,California
Glenn,2021-03-15,76,8388,15,2447,56,5834,5,107,61,2028,15,3231,66,5259,California
Glenn,2021-03-16,110,8498,34,2481,65,5899,11,118,69,2067,41,3272,80,5339,California
Glenn,2021-03-17,419,8917,100,2581,312,6211,7,125,117,1887,302,3574,122,5461,California
Glenn,2021-03-18,523,9440,217,2798,49,6260,257,382,143,1906,380,3954,399,5860,California
Glenn,2021-03-19,96,9536,16,2814,74,6334,6,388,75,1967,20,3974,81,5941,California
Glenn,2021-03-20,133,9669,2,2816,130,6464,1,389,130,2095,3,3977,131,6072,California
Glenn,2021-03-21,6,9675,5,2821,0,6464,1,390,3,2097,2,3979,4,6076,California
Glenn,2021-03-22,122,9797,54,2875,61,6525,7,397,103,2190,17,3996,110,6186,California
Glenn,2021-03-23,175,9972,67,2942,60,6585,48,445,104,2273,69,4065,152,6338,California
Glenn,2021-03-24,209,10181,102,3044,102,6687,5,450,134,2339,73,4138,139,6477,California
Glenn,2021-03-25,472,10653,229,3273,149,6836,94,544,346,2654,125,4263,440,6917,California
Glenn,2021-03-26,240,10893,36,3309,168,7004,36,580,190,2830,50,4313,226,7143,California
Glenn,2021-03-27,165,11058,18,3327,141,7145,6,586,154,2979,11,4324,160,7303,California
Glenn,2021-03-28,15,11073,10,3337,5,7150,0,586,10,2984,5,4329,10,7313,California
Glenn,2021-03-29,61,11134,20,3357,38,7188,3,589,47,3020,14,4343,50,7363,California
Glenn,2021-03-30,71,11205,40,3397,30,7218,1,590,42,3036,27,4370,43,7406,California
Glenn,2021-03-31,123,11328,35,3432,87,7305,1,591,54,3023,68,4438,55,7461,California
Glenn,2021-04-01,652,11980,186,3618,457,7762,9,600,244,2870,406,4844,253,7714,California
Glenn,2021-04-02,168,12148,26,3644,131,7893,11,611,133,2979,35,4879,144,7858,California
Glenn,2021-04-03,96,12244,4,3648,85,7978,7,618,85,3060,11,4890,92,7950,California
Glenn,2021-04-04,9,12253,3,3651,4,7982,2,620,5,3063,4,4894,7,7957,California
Glenn,2021-04-05,67,12320,26,3677,28,8010,13,633,30,3069,37,4931,43,8000,California
Glenn,2021-04-06,143,12463,52,3729,52,8062,39,672,36,3037,106,5037,74,8074,California
Glenn,2021-04-07,162,12625,48,3777,60,8122,54,726,75,3079,87,5124,129,8203,California
Glenn,2021-04-08,645,13270,190,3967,421,8543,34,760,137,2744,506,5630,171,8374,California
Glenn,2021-04-09,158,13428,56,4023,86,8629,16,776,101,2804,57,5687,117,8491,California
Glenn,2021-04-10,76,13504,1,4024,61,8690,14,790,59,2861,16,5703,73,8564,California
Glenn,2021-04-11,16,13520,8,4032,3,8693,5,795,7,2864,9,5712,12,8576,California
Glenn,2021-04-12,116,13636,25,4057,62,8755,29,824,21,2819,95,5807,50,8626,California
Glenn,2021-04-13,118,13754,63,4120,55,8810,0,824,30,2761,88,5895,30,8656,California
Glenn,2021-04-14,122,13876,45,4165,77,8887,0,824,69,2777,53,5948,69,8725,California
Glenn,2021-04-15,362,14238,276,4441,86,8973,0,824,122,2660,239,6187,122,8847,California
Glenn,2021-04-16,168,14406,42,4483,126,9099,0,824,79,2650,89,6276,79,8926,California
Glenn,2021-04-17,168,14574,16,4499,152,9251,0,824,29,2548,131,6407,29,8955,California
Glenn,2021-04-18,16,14590,3,4502,13,9264,0,824,13,2558,3,6410,13,8968,California
Glenn,2021-04-19,84,14674,17,4519,67,9331,0,824,23,2521,60,6470,23,8991,California
Glenn,2021-04-20,125,14799,80,4599,45,9376,0,824,52,2500,73,6543,52,9043,California
Glenn,2021-04-21,420,15219,319,4918,101,9477,0,824,287,2654,133,6676,287,9330,California
Glenn,2021-04-22,212,15431,48,4966,164,9641,0,824,33,2509,178,6854,33,9363,California
Glenn,2021-04-23,180,15611,24,4990,156,9797,0,824,41,2412,138,6992,41,9404,California
Glenn,2021-04-24,181,15792,32,5022,149,9946,0,824,31,2293,150,7142,31,9435,California
Glenn,2021-04-25,30,15822,18,5040,12,9958,0,824,22,2307,8,7150,22,9457,California
Glenn,2021-04-26,48,15870,12,5052,36,9994,0,824,19,2297,29,7179,19,9476,California
Glenn,2021-04-27,64,15934,49,5101,10,10004,5,829,32,2302,31,7210,36,9512,California
Glenn,2021-04-28,258,16192,178,5279,69,10073,11,840,129,2314,128,7338,140,9652,California
Glenn,2021-04-29,183,16375,23,5302,158,10231,2,842,36,2205,147,7485,38,9690,California
Glenn,2021-04-30,156,16531,34,5336,120,10351,2,844,37,2125,119,7604,39,9729,California
Glenn,2021-05-01,108,16639,13,5349,94,10445,1,845,25,2068,83,7687,26,9755,California
Glenn,2021-05-02,30,16669,12,5361,9,10454,9,854,15,2077,15,7702,24,9779,California
Glenn,2021-05-03,39,16708,24,5385,14,10468,1,855,14,2067,25,7727,15,9794,California
Glenn,2021-05-04,56,16764,32,5417,19,10487,5,860,28,2072,28,7755,33,9827,California
Glenn,2021-05-05,121,16885,34,5451,77,10564,10,870,51,2063,70,7825,61,9888,California
Glenn,2021-05-06,111,16996,41,5492,65,10629,5,875,41,2039,70,7895,46,9934,California
Glenn,2021-05-07,120,17116,33,5525,78,10707,9,884,30,1989,89,7984,39,9973,California
Glenn,2021-05-08,66,17182,12,5537,50,10757,4,888,21,1970,44,8028,25,9998,California
Glenn,2021-05-09,17,17199,11,5548,6,10763,0,888,13,1979,4,8032,13,10011,California
Glenn,2021-05-10,36,17235,14,5562,17,10780,5,893,13,1974,23,8055,18,10029,California
Glenn,2021-05-11,78,17313,55,5617,14,10794,9,902,16,1937,62,8117,25,10054,California
Glenn,2021-05-12,335,17648,252,5869,69,10863,14,916,52,1720,283,8400,66,10120,California
Glenn,2021-05-13,157,17805,60,5929,78,10941,19,935,69,1720,88,8488,88,10208,California
Glenn,2021-05-14,106,17911,25,5954,76,11017,5,940,39,1697,67,8555,44,10252,California
Glenn,2021-05-15,68,17979,40,5994,25,11042,3,943,35,1702,32,8587,37,10289,California
Glenn,2021-05-16,31,18010,18,6012,13,11055,0,943,9,1689,22,8609,9,10298,California
Glenn,2021-05-17,86,18096,61,6073,21,11076,4,947,60,1727,26,8635,64,10362,California
Glenn,2021-05-18,70,18166,49,6122,16,11092,5,952,22,1706,48,8683,27,10389,California
Glenn,2021-05-19,196,18362,116,6238,68,11160,12,964,74,1670,121,8804,85,10474,California
Glenn,2021-05-20,117,18479,75,6313,40,11200,2,966,82,1719,35,8839,84,10558,California
Glenn,2021-05-21,70,18549,26,6339,43,11243,1,967,30,1710,40,8879,31,10589,California
Glenn,2021-05-22,55,18604,24,6363,31,11274,0,967,28,1711,27,8906,28,10617,California
Glenn,2021-05-23,28,18632,15,6378,13,11287,0,967,12,1708,15,8921,12,10629,California
Glenn,2021-05-24,29,18661,10,6388,15,11302,4,971,10,1704,18,8939,14,10643,California
Glenn,2021-05-25,46,18707,35,6423,9,11311,2,973,23,1706,23,8962,25,10668,California
Glenn,2021-05-26,73,18780,14,6437,55,11366,4,977,25,1687,48,9010,29,10697,California
Glenn,2021-05-27,101,18881,62,6499,38,11404,1,978,47,1683,52,9062,48,10745,California
Glenn,2021-05-28,62,18943,18,6517,37,11441,7,985,32,1692,30,9092,39,10784,California
Glenn,2021-05-29,47,18990,11,6528,32,11473,4,989,21,1691,26,9118,25,10809,California
Glenn,2021-05-30,21,19011,13,6541,8,11481,0,989,8,1687,12,9130,8,10817,California
Glenn,2021-05-31,4,19015,0,6541,4,11485,0,989,0,1683,4,9134,0,10817,California
Glenn,2021-06-01,57,19072,32,6573,22,11507,3,992,25,1679,32,9166,28,10845,California
Glenn,2021-06-02,97,19169,48,6621,46,11553,3,995,38,1661,59,9225,41,10886,California
Glenn,2021-06-03,77,19246,43,6664,27,11580,7,1002,18,1629,57,9282,25,10911,California
Glenn,2021-06-04,78,19324,36,6700,37,11617,5,1007,41,1638,37,9319,46,10957,California
Glenn,2021-06-05,55,19379,30,6730,22,11639,3,1010,17,1620,38,9357,20,10977,California
Glenn,2021-06-06,31,19410,28,6758,2,11641,1,1011,15,1621,15,9372,16,10993,California
Glenn,2021-06-07,68,19478,59,6817,7,11648,2,1013,13,1582,54,9426,15,11008,California
Glenn,2021-06-08,35,19513,19,6836,11,11659,5,1018,16,1584,19,9445,21,11029,California
Glenn,2021-06-09,62,19575,34,6870,21,11680,7,1025,31,1591,31,9476,38,11067,California
Glenn,2021-06-10,116,19691,85,6955,25,11705,6,1031,34,1549,82,9558,40,11107,California
Glenn,2021-06-11,86,19777,56,7011,27,11732,3,1034,24,1514,62,9620,27,11134,California
Glenn,2021-06-12,35,19812,19,7030,13,11745,3,1037,13,1508,22,9642,16,11150,California
Glenn,2021-06-13,11,19823,11,7041,0,11745,0,1037,5,1507,6,9648,5,11155,California
Glenn,2021-06-14,40,19863,27,7068,10,11755,3,1040,17,1505,22,9670,20,11175,California
Glenn,2021-06-15,48,19911,33,7101,14,11769,1,1041,24,1506,24,9694,25,11200,California
Glenn,2021-06-16,84,19995,50,7151,33,11802,1,1042,57,1539,25,9719,58,11258,California
Glenn,2021-06-17,62,20057,36,7187,22,11824,4,1046,8,1497,54,9773,12,11270,California
Glenn,2021-06-18,82,20139,45,7232,16,11840,21,1067,28,1492,54,9827,49,11319,California
Glenn,2021-06-19,41,20180,21,7253,20,11860,0,1067,24,1499,17,9844,24,11343,California
Glenn,2021-06-20,15,20195,11,7264,4,11864,0,1067,4,1492,11,9855,4,11347,California
Glenn,2021-06-21,25,20220,17,7281,6,11870,2,1069,18,1505,7,9862,20,11367,California
Glenn,2021-06-22,25,20245,12,7293,11,11881,2,1071,11,1504,14,9876,13,11380,California
Humboldt,2020-12-15,2,2,2,2,0,0,0,0,2,2,0,0,2,2,California
Humboldt,2020-12-16,16,18,16,18,0,0,0,0,16,18,0,0,16,18,California
Humboldt,2020-12-17,117,135,117,135,0,0,0,0,117,135,0,0,117,135,California
Humboldt,2020-12-18,177,312,177,312,0,0,0,0,177,312,0,0,177,312,California
Humboldt,2020-12-19,10,322,10,322,0,0,0,0,10,322,0,0,10,322,California
Humboldt,2020-12-20,27,349,27,349,0,0,0,0,27,349,0,0,27,349,California
Humboldt,2020-12-21,166,515,166,515,0,0,0,0,166,515,0,0,166,515,California
Humboldt,2020-12-22,335,850,335,850,0,0,0,0,335,850,0,0,335,850,California
Humboldt,2020-12-23,322,1172,264,1114,58,58,0,0,324,1174,0,0,324,1174,California
Humboldt,2020-12-24,25,1197,2,1116,23,81,0,0,25,1199,0,0,25,1199,California
Humboldt,2020-12-25,2,1199,2,1118,0,81,0,0,2,1201,0,0,2,1201,California
Humboldt,2020-12-26,6,1205,5,1123,1,82,0,0,6,1207,0,0,6,1207,California
Humboldt,2020-12-28,207,1412,149,1272,58,140,0,0,207,1414,0,0,207,1414,California
Humboldt,2020-12-29,183,1595,123,1395,60,200,0,0,184,1598,0,0,184,1598,California
Humboldt,2020-12-30,231,1826,126,1521,105,305,0,0,231,1829,0,0,231,1829,California
Humboldt,2020-12-31,246,2072,81,1602,165,470,0,0,246,2075,0,0,246,2075,California
Humboldt,2021-01-01,3,2075,2,1604,1,471,0,0,3,2078,0,0,3,2078,California
Humboldt,2021-01-02,40,2115,2,1606,38,509,0,0,40,2118,0,0,40,2118,California
Humboldt,2021-01-04,218,2333,142,1748,76,585,0,0,219,2337,0,0,219,2337,California
Humboldt,2021-01-05,133,2466,21,1769,112,697,0,0,133,2469,1,1,133,2470,California
Humboldt,2021-01-06,315,2781,215,1984,100,797,0,0,242,2650,61,62,242,2712,California
Humboldt,2021-01-07,435,3216,322,2306,113,910,0,0,318,2868,100,162,318,3030,California
Humboldt,2021-01-08,426,3642,287,2593,139,1049,0,0,287,3022,133,295,287,3317,California
Humboldt,2021-01-09,67,3709,43,2636,24,1073,0,0,65,3086,2,297,66,3383,California
Humboldt,2021-01-10,84,3793,84,2720,0,1073,0,0,4,3010,80,377,4,3387,California
Humboldt,2021-01-11,291,4084,280,3000,11,1084,0,0,71,2865,216,593,71,3458,California
Humboldt,2021-01-12,502,4586,339,3339,163,1247,0,0,285,2955,195,788,285,3743,California
Humboldt,2021-01-13,499,5085,280,3619,219,1466,0,0,320,3100,176,964,321,4064,California
Humboldt,2021-01-14,550,5635,167,3786,383,1849,0,0,494,3539,56,1020,495,4559,California
Humboldt,2021-01-15,368,6003,28,3814,340,2189,0,0,351,3873,17,1037,351,4910,California
Humboldt,2021-01-16,168,6171,5,3819,163,2352,0,0,167,4039,1,1038,167,5077,California
Humboldt,2021-01-17,5,6176,4,3823,1,2353,0,0,5,4044,0,1038,5,5082,California
Humboldt,2021-01-18,305,6481,270,4093,35,2388,0,0,151,4041,154,1192,151,5233,California
Humboldt,2021-01-19,656,7137,397,4490,259,2647,0,0,527,4445,123,1315,527,5760,California
Humboldt,2021-01-20,917,8054,388,4878,529,3176,0,0,754,5046,155,1470,756,6516,California
Humboldt,2021-01-21,970,9024,261,5139,709,3885,0,0,927,5930,43,1513,927,7443,California
Humboldt,2021-01-22,690,9714,382,5521,308,4193,0,0,680,6601,10,1523,681,8124,California
Humboldt,2021-01-23,928,10642,283,5804,645,4838,0,0,919,7512,9,1532,920,9044,California
Humboldt,2021-01-24,229,10871,1,5805,228,5066,0,0,228,7739,1,1533,228,9272,California
Humboldt,2021-01-25,351,11222,234,6039,117,5183,0,0,154,7696,197,1730,154,9426,California
Humboldt,2021-01-26,544,11766,149,6188,395,5578,0,0,480,8112,64,1794,480,9906,California
Humboldt,2021-01-27,1274,13040,586,6774,688,6266,0,0,1202,9252,64,1858,1204,11110,California
Humboldt,2021-01-28,1464,14504,637,7411,827,7093,0,0,1324,10441,137,1995,1326,12436,California
Humboldt,2021-01-29,1164,15668,547,7958,617,7710,0,0,694,10665,470,2465,694,13130,California
Humboldt,2021-01-30,989,16657,468,8426,521,8231,0,0,976,11629,13,2478,977,14107,California
Humboldt,2021-01-31,317,16974,315,8741,2,8233,0,0,316,11944,1,2479,316,14423,California
Humboldt,2021-02-01,335,17309,192,8933,143,8376,0,0,185,11979,150,2629,185,14608,California
Humboldt,2021-02-02,452,17761,79,9012,373,8749,0,0,347,12226,102,2731,349,14957,California
Humboldt,2021-02-03,675,18436,266,9278,409,9158,0,0,521,12593,154,2885,521,15478,California
Humboldt,2021-02-04,653,19089,260,9538,393,9551,0,0,444,12831,206,3091,444,15922,California
Humboldt,2021-02-05,812,19901,94,9632,718,10269,0,0,625,13269,187,3278,625,16547,California
Humboldt,2021-02-06,1076,20977,466,10098,610,10879,0,0,1031,14257,44,3322,1032,17579,California
Humboldt,2021-02-07,379,21356,8,10106,371,11250,0,0,374,14628,4,3326,375,17954,California
Humboldt,2021-02-08,336,21692,145,10251,191,11441,0,0,178,14649,157,3483,178,18132,California
Humboldt,2021-02-09,503,22195,228,10479,275,11716,0,0,178,14502,325,3808,178,18310,California
Humboldt,2021-02-10,564,22759,372,10851,192,11908,0,0,234,14411,325,4133,234,18544,California
Humboldt,2021-02-11,1318,24077,397,11248,921,12829,0,0,494,14086,821,4954,496,19040,California
Humboldt,2021-02-12,1159,25236,743,11991,416,13245,0,0,708,14344,451,5405,709,19749,California
Humboldt,2021-02-13,1542,26778,597,12588,945,14190,0,0,920,14645,620,6025,921,20670,California
Humboldt,2021-02-14,111,26889,4,12592,107,14297,0,0,108,14751,2,6027,108,20778,California
Humboldt,2021-02-15,294,27183,81,12673,213,14510,0,0,193,14844,100,6127,193,20971,California
Humboldt,2021-02-16,544,27727,121,12794,423,14933,0,0,250,14802,294,6421,252,21223,California
Humboldt,2021-02-17,449,28176,277,13071,172,15105,0,0,131,14616,317,6738,131,21354,California
Humboldt,2021-02-18,1022,29198,599,13670,423,15528,0,0,271,14138,749,7487,271,21625,California
Humboldt,2021-02-19,481,29679,436,14106,45,15573,0,0,89,13839,388,7875,89,21714,California
Humboldt,2021-02-20,1724,31403,1026,15132,698,16271,0,0,483,13087,1238,9113,486,22200,California
Humboldt,2021-02-21,480,31883,472,15604,8,16279,0,0,181,12970,299,9412,182,22382,California
Humboldt,2021-02-22,138,32021,94,15698,44,16323,0,0,29,12892,107,9519,29,22411,California
Humboldt,2021-02-23,181,32202,71,15769,110,16433,0,0,44,12801,135,9654,44,22455,California
Humboldt,2021-02-24,1213,33415,741,16510,472,16905,0,0,585,12759,627,10281,585,23040,California
Humboldt,2021-02-25,834,34249,318,16828,516,17421,0,0,231,12389,601,10882,231,23271,California
Humboldt,2021-02-26,2155,36404,108,16936,2047,19468,0,0,445,11131,1704,12586,446,23717,California
Humboldt,2021-02-27,1711,38115,1091,18027,620,20088,0,0,854,11134,855,13441,858,24575,California
Humboldt,2021-02-28,126,38241,11,18038,115,20203,0,0,118,11245,7,13448,118,24693,California
Humboldt,2021-03-01,259,38500,45,18083,214,20417,0,0,186,11358,73,13521,186,24879,California
Humboldt,2021-03-02,299,38799,49,18132,250,20667,0,0,162,11383,137,13658,162,25041,California
Humboldt,2021-03-03,1669,40468,1103,19235,566,21233,0,0,1221,12164,441,14099,1222,26263,California
Humboldt,2021-03-04,924,41392,114,19349,810,22043,0,0,298,11838,626,14725,300,26563,California
Humboldt,2021-03-05,948,42340,189,19538,748,22791,11,11,387,11678,558,15283,398,26961,California
Humboldt,2021-03-06,1796,44136,939,20477,808,23599,49,60,801,11534,994,16277,850,27811,California
Humboldt,2021-03-07,366,44502,294,20771,54,23653,18,78,158,11502,208,16485,176,27987,California
Humboldt,2021-03-08,277,44779,6,20777,192,23845,79,157,181,11667,95,16580,260,28247,California
Humboldt,2021-03-09,502,45281,207,20984,147,23992,148,305,246,11806,254,16834,393,28640,California
Humboldt,2021-03-10,693,45974,468,21452,70,24062,155,460,420,12107,272,17106,573,29213,California
Humboldt,2021-03-11,1480,47454,458,21910,922,24984,100,560,651,12033,824,17930,750,29963,California
Humboldt,2021-03-12,1750,49204,1085,22995,444,25428,221,781,1054,12623,688,18618,1278,31241,California
Humboldt,2021-03-13,1584,50788,1036,24031,497,25925,51,832,670,12435,908,19526,720,31961,California
Humboldt,2021-03-14,143,50931,19,24050,116,26041,8,840,30,12360,113,19639,38,31999,California
Humboldt,2021-03-15,279,51210,51,24101,205,26246,23,863,59,12222,220,19859,82,32081,California
Humboldt,2021-03-16,634,51844,200,24301,173,26419,261,1124,259,12366,374,20233,518,32599,California
Humboldt,2021-03-17,730,52574,393,24694,229,26648,108,1232,340,12425,389,20622,448,33047,California
Humboldt,2021-03-18,1742,54316,1170,25864,529,27177,43,1275,1042,12815,696,21318,1086,34133,California
Humboldt,2021-03-19,1074,55390,61,25925,697,27874,316,1591,441,12940,631,21949,756,34889,California
Humboldt,2021-03-20,1383,56773,756,26681,613,28487,14,1605,424,12422,957,22906,439,35328,California
Humboldt,2021-03-21,251,57024,33,26714,189,28676,29,1634,206,12611,45,22951,234,35562,California
Humboldt,2021-03-22,118,57142,15,26729,53,28729,50,1684,62,12669,54,23005,112,35674,California
Humboldt,2021-03-23,412,57554,41,26770,328,29057,43,1727,318,12938,92,23097,361,36035,California
Humboldt,2021-03-24,1411,58965,386,27156,978,30035,47,1774,1036,13653,367,23464,1082,37117,California
Humboldt,2021-03-25,1842,60807,1214,28370,565,30600,63,1837,946,13768,894,24358,1009,38126,California
Humboldt,2021-03-26,2040,62847,437,28807,1545,32145,58,1895,1594,14979,440,24798,1651,39777,California
Humboldt,2021-03-27,2093,64940,1499,30306,420,32565,174,2069,1114,15292,975,25773,1288,41065,California
Humboldt,2021-03-28,268,65208,82,30388,114,32679,72,2141,81,15260,186,25959,154,41219,California
Humboldt,2021-03-29,466,65674,124,30512,246,32925,96,2237,197,15284,268,26227,292,41511,California
Humboldt,2021-03-30,943,66617,303,30815,526,33451,114,2351,557,15573,381,26608,670,42181,California
Humboldt,2021-03-31,1870,68487,522,31337,1250,34701,98,2449,1410,16627,456,27064,1510,43691,California
Humboldt,2021-04-01,2117,70604,707,32044,1317,36018,93,2542,1482,17575,627,27691,1575,45266,California
Humboldt,2021-04-02,1721,72325,1112,33156,504,36522,105,2647,617,17199,1098,28789,722,45988,California
Humboldt,2021-04-03,1666,73991,1507,34663,145,36667,14,2661,671,16899,985,29774,685,46673,California
Humboldt,2021-04-04,484,74475,371,35034,104,36771,9,2670,403,17231,80,29854,412,47085,California
Humboldt,2021-04-05,780,75255,464,35498,268,37039,48,2718,443,17388,334,30188,491,47576,California
Humboldt,2021-04-06,846,76101,318,35816,394,37433,134,2852,589,17858,251,30439,721,48297,California
Humboldt,2021-04-07,1500,77601,1068,36884,291,37724,141,2993,994,18490,503,30942,1135,49432,California
Humboldt,2021-04-08,1754,79355,1098,37982,497,38221,159,3152,741,18379,1011,31953,900,50332,California
Humboldt,2021-04-09,1441,80796,440,38422,846,39067,155,3307,1152,19391,288,32241,1300,51632,California
Humboldt,2021-04-10,937,81733,138,38560,627,39694,172,3479,740,20106,195,32436,910,52542,California
Humboldt,2021-04-11,646,82379,138,38698,36,39730,472,3951,129,20188,517,32953,599,53141,California
Humboldt,2021-04-12,441,82820,229,38927,85,39815,127,4078,279,20433,161,33114,406,53547,California
Humboldt,2021-04-13,590,83410,325,39252,261,40076,4,4082,557,20963,30,33144,560,54107,California
Humboldt,2021-04-14,1446,84856,1045,40297,401,40477,0,4082,1333,22184,112,33256,1333,55440,California
Humboldt,2021-04-15,1831,86687,1201,41498,626,41103,4,4086,1259,22892,553,33809,1261,56701,California
Humboldt,2021-04-16,1135,87822,522,42020,613,41716,0,4086,550,22860,582,34391,550,57251,California
Humboldt,2021-04-17,1864,89686,1542,43562,322,42038,0,4086,1057,23116,801,35192,1057,58308,California
Humboldt,2021-04-18,669,90355,354,43916,314,42352,1,4087,84,22621,579,35771,84,58392,California
Humboldt,2021-04-19,200,90555,83,43999,117,42469,0,4087,85,22593,113,35884,85,58477,California
Humboldt,2021-04-20,492,91047,128,44127,364,42833,0,4087,243,22588,248,36132,243,58720,California
Humboldt,2021-04-21,1097,92144,384,44511,713,43546,0,4087,436,22373,652,36784,437,59157,California
Humboldt,2021-04-22,881,93025,528,45039,352,43898,1,4088,447,22389,431,37215,447,59604,California
Humboldt,2021-04-23,2166,95191,308,45347,1858,45756,0,4088,314,20855,1848,39063,314,59918,California
Humboldt,2021-04-24,1095,96286,882,46229,208,45964,5,4093,364,20496,728,39791,369,60287,California
Humboldt,2021-04-25,375,96661,240,46469,135,46099,0,4093,193,20509,180,39971,193,60480,California
Humboldt,2021-04-26,359,97020,251,46720,104,46203,4,4097,102,20358,255,40226,104,60584,California
Humboldt,2021-04-27,760,97780,263,46983,468,46671,29,4126,152,19933,606,40832,181,60765,California
Humboldt,2021-04-28,1549,99329,798,47781,706,47377,45,4171,402,19236,1144,41976,447,61212,California
Humboldt,2021-04-29,1744,101073,595,48376,1111,48488,38,4209,295,18124,1445,43421,333,61545,California
Humboldt,2021-04-30,1252,102325,395,48771,823,49311,34,4243,193,17296,1053,44474,225,61770,California
Humboldt,2021-05-01,468,102793,386,49157,60,49371,22,4265,290,17431,177,44651,312,62082,California
Humboldt,2021-05-02,232,103025,185,49342,38,49409,9,4274,117,17443,114,44765,126,62208,California
Humboldt,2021-05-03,618,103643,375,49717,219,49628,24,4298,103,17058,513,45278,128,62336,California
Humboldt,2021-05-04,822,104465,483,50200,293,49921,46,4344,253,16790,566,45844,298,62634,California
Humboldt,2021-05-05,1689,106154,1077,51277,554,50475,58,4402,178,15520,1504,47348,234,62868,California
Humboldt,2021-05-06,1690,107844,1073,52350,364,50839,253,4655,138,14362,1549,48897,391,63259,California
Humboldt,2021-05-07,1417,109261,301,52651,1056,51895,60,4715,236,13478,1178,50075,294,63553,California
Humboldt,2021-05-08,739,110000,145,52796,571,52466,23,4738,89,12941,649,50724,112,63665,California
Humboldt,2021-05-09,910,110910,858,53654,42,52508,10,4748,47,12135,863,51587,57,63722,California
Humboldt,2021-05-10,215,111125,35,53689,142,52650,38,4786,82,12122,133,51720,120,63842,California
Humboldt,2021-05-11,500,111625,148,53837,279,52929,73,4859,187,12069,313,52033,260,64102,California
Humboldt,2021-05-12,620,112245,141,53978,433,53362,46,4905,229,11953,390,52423,274,64376,California
Humboldt,2021-05-13,591,112836,290,54268,274,53636,27,4932,272,11935,317,52740,299,64675,California
Humboldt,2021-05-14,702,113538,141,54409,457,54093,104,5036,231,11801,468,53208,334,65009,California
Humboldt,2021-05-15,781,114319,641,55050,132,54225,8,5044,209,11447,571,53779,217,65226,California
Humboldt,2021-05-16,121,114440,54,55104,63,54288,4,5048,68,11466,53,53832,72,65298,California
Humboldt,2021-05-17,408,114848,215,55319,170,54458,23,5071,228,11538,178,54010,250,65548,California
Humboldt,2021-05-18,663,115511,324,55643,310,54768,29,5100,369,11642,294,54304,398,65946,California
Humboldt,2021-05-19,988,116499,549,56192,396,55164,43,5143,355,11409,629,54933,396,66342,California
Humboldt,2021-05-20,817,117316,606,56798,198,55362,13,5156,595,11799,219,55152,609,66951,California
Humboldt,2021-05-21,876,118192,289,57087,526,55888,61,5217,372,11728,504,55656,433,67384,California
Humboldt,2021-05-22,412,118604,318,57405,86,55974,8,5225,146,11618,264,55920,154,67538,California
Humboldt,2021-05-23,391,118995,324,57729,64,56038,3,5228,73,11376,318,56238,76,67614,California
Humboldt,2021-05-24,330,119325,171,57900,130,56168,29,5257,185,11446,144,56382,214,67828,California
Humboldt,2021-05-25,530,119855,339,58239,167,56335,24,5281,291,11525,236,56618,315,68143,California
Humboldt,2021-05-26,647,120502,311,58550,312,56647,24,5305,312,11527,334,56952,336,68479,California
Humboldt,2021-05-27,464,120966,246,58796,181,56828,37,5342,280,11660,184,57136,317,68796,California
Humboldt,2021-05-28,409,121375,192,58988,170,56998,47,5389,179,11657,229,57365,226,69022,California
Humboldt,2021-05-29,171,121546,102,59090,66,57064,3,5392,98,11685,73,57438,101,69123,California
Humboldt,2021-05-30,104,121650,45,59135,54,57118,5,5397,49,11685,54,57492,54,69177,California
Humboldt,2021-05-31,72,121722,26,59161,40,57158,6,5403,48,11715,23,57515,53,69230,California
Humboldt,2021-06-01,459,122181,266,59427,178,57336,15,5418,200,11671,259,57774,215,69445,California
Humboldt,2021-06-02,532,122713,249,59676,229,57565,54,5472,242,11681,284,58058,294,69739,California
Humboldt,2021-06-03,391,123104,226,59902,143,57708,22,5494,89,11518,274,58332,111,69850,California
Humboldt,2021-06-04,505,123609,315,60217,166,57874,24,5518,133,11346,328,58660,156,70006,California
Humboldt,2021-06-05,406,124015,311,60528,50,57924,45,5563,204,11448,147,58807,249,70255,California
Humboldt,2021-06-06,168,124183,116,60644,43,57967,9,5572,69,11432,94,58901,78,70333,California
Humboldt,2021-06-07,353,124536,216,60860,113,58080,24,5596,113,11330,239,59140,137,70470,California
Humboldt,2021-06-08,523,125059,304,61164,190,58270,29,5625,156,11149,365,59505,184,70654,California
Humboldt,2021-06-09,397,125456,203,61367,147,58417,47,5672,124,11049,271,59776,171,70825,California
Humboldt,2021-06-10,561,126017,444,61811,90,58507,27,5699,98,10713,459,60235,123,70948,California
Humboldt,2021-06-11,437,126454,246,62057,163,58670,28,5727,101,10507,335,60570,129,71077,California
Humboldt,2021-06-12,176,126630,130,62187,46,58716,0,5727,48,10428,127,60697,48,71125,California
Humboldt,2021-06-13,211,126841,142,62329,43,58759,26,5753,88,10420,122,60819,114,71239,California
Humboldt,2021-06-14,414,127255,253,62582,134,58893,27,5780,115,10263,298,61117,141,71380,California
Humboldt,2021-06-15,545,127800,370,62952,147,59040,28,5808,154,10059,385,61502,181,71561,California
Humboldt,2021-06-16,483,128283,322,63274,114,59154,47,5855,140,9912,334,61836,187,71748,California
Humboldt,2021-06-17,393,128676,258,63532,89,59243,46,5901,96,9757,297,62133,142,71890,California
Humboldt,2021-06-18,382,129058,214,63746,139,59382,29,5930,116,9641,260,62393,144,72034,California
Humboldt,2021-06-19,200,129258,135,63881,44,59426,21,5951,86,9634,113,62506,106,72140,California
Humboldt,2021-06-20,79,129337,36,63917,29,59455,14,5965,34,9639,43,62549,48,72188,California
Humboldt,2021-06-21,146,129483,70,63987,49,59504,27,5992,51,9622,95,62644,78,72266,California
Humboldt,2021-06-22,172,129655,92,64079,61,59565,19,6011,64,9598,107,62751,83,72349,California
Imperial,2020-12-16,1,1,1,1,0,0,0,0,1,1,0,0,1,1,California
Imperial,2020-12-17,4,5,4,5,0,0,0,0,4,5,0,0,4,5,California
Imperial,2020-12-18,12,17,12,17,0,0,0,0,12,17,0,0,12,17,California
Imperial,2020-12-20,3,20,3,20,0,0,0,0,3,20,0,0,3,20,California
Imperial,2020-12-21,185,205,185,205,0,0,0,0,185,205,0,0,185,205,California
Imperial,2020-12-22,240,445,238,443,2,2,0,0,240,445,0,0,240,445,California
Imperial,2020-12-23,212,657,211,654,1,3,0,0,211,656,0,0,211,656,California
Imperial,2020-12-24,7,664,7,661,0,3,0,0,7,663,0,0,7,663,California
Imperial,2020-12-26,4,668,2,663,2,5,0,0,4,667,0,0,4,667,California
Imperial,2020-12-27,62,730,0,663,62,67,0,0,62,729,0,0,62,729,California
Imperial,2020-12-28,216,946,115,778,101,168,0,0,216,945,0,0,216,945,California
Imperial,2020-12-29,192,1138,37,815,155,323,0,0,192,1137,0,0,192,1137,California
Imperial,2020-12-30,368,1506,51,866,317,640,0,0,368,1505,0,0,368,1505,California
Imperial,2020-12-31,200,1706,29,895,171,811,0,0,200,1705,0,0,200,1705,California
Imperial,2021-01-01,47,1753,5,900,42,853,0,0,47,1752,0,0,47,1752,California
Imperial,2021-01-02,5,1758,0,900,5,858,0,0,5,1757,0,0,5,1757,California
Imperial,2021-01-03,90,1848,0,900,90,948,0,0,90,1847,0,0,90,1847,California
Imperial,2021-01-04,89,1937,9,909,80,1028,0,0,89,1936,0,0,89,1936,California
Imperial,2021-01-05,172,2109,14,923,158,1186,0,0,172,2108,0,0,172,2108,California
Imperial,2021-01-06,192,2301,27,950,165,1351,0,0,191,2298,1,1,191,2299,California
Imperial,2021-01-07,332,2633,14,964,318,1669,0,0,327,2620,5,6,327,2626,California
Imperial,2021-01-08,195,2828,52,1016,143,1812,0,0,186,2797,9,15,186,2812,California
Imperial,2021-01-09,24,2852,21,1037,3,1815,0,0,24,2821,0,15,24,2836,California
Imperial,2021-01-10,7,2859,1,1038,6,1821,0,0,6,2826,1,16,6,2842,California
Imperial,2021-01-11,403,3262,243,1281,160,1981,0,0,176,2775,227,243,176,3018,California
Imperial,2021-01-12,418,3680,308,1589,110,2091,0,0,156,2670,261,504,156,3174,California
Imperial,2021-01-13,387,4067,135,1724,252,2343,0,0,285,2853,102,606,285,3459,California
Imperial,2021-01-14,268,4335,150,1874,118,2461,0,0,262,3110,5,611,262,3721,California
Imperial,2021-01-15,245,4580,182,2056,63,2524,0,0,237,3339,8,619,237,3958,California
Imperial,2021-01-16,95,4675,74,2130,21,2545,0,0,94,3432,1,620,94,4052,California
Imperial,2021-01-17,18,4693,5,2135,13,2558,0,0,17,3448,1,621,17,4069,California
Imperial,2021-01-18,1074,5767,400,2535,674,3232,0,0,976,4327,98,719,977,5046,California
Imperial,2021-01-19,176,5943,132,2667,44,3276,0,0,129,4409,47,766,129,5175,California
Imperial,2021-01-20,303,6246,200,2867,103,3379,0,0,264,4634,39,805,264,5439,California
Imperial,2021-01-21,465,6711,213,3080,252,3631,0,0,441,5051,24,829,441,5880,California
Imperial,2021-01-22,481,7192,193,3273,288,3919,0,0,472,5514,9,838,472,6352,California
Imperial,2021-01-23,1067,8259,293,3566,774,4693,0,0,1065,6577,2,840,1065,7417,California
Imperial,2021-01-24,24,8283,3,3569,21,4714,0,0,23,6599,1,841,23,7440,California
Imperial,2021-01-25,225,8508,10,3579,215,4929,0,0,41,6458,182,1023,41,7481,California
Imperial,2021-01-26,391,8899,187,3766,204,5133,0,0,245,6559,145,1168,246,7727,California
Imperial,2021-01-27,601,9500,171,3937,430,5563,0,0,265,6488,336,1504,265,7992,California
Imperial,2021-01-28,660,10160,170,4107,490,6053,0,0,549,6926,111,1615,549,8541,California
Imperial,2021-01-29,462,10622,309,4416,153,6206,0,0,412,7288,50,1665,412,8953,California
Imperial,2021-01-30,88,10710,42,4458,46,6252,0,0,71,7342,17,1682,71,9024,California
Imperial,2021-01-31,29,10739,6,4464,23,6275,0,0,28,7369,1,1683,28,9052,California
Imperial,2021-02-01,468,11207,70,4534,398,6673,0,0,256,7414,211,1894,256,9308,California
Imperial,2021-02-02,754,11961,69,4603,685,7358,0,0,568,7796,186,2080,568,9876,California
Imperial,2021-02-03,497,12458,52,4655,445,7803,0,0,300,7901,196,2276,301,10177,California
Imperial,2021-02-04,1791,14249,1235,5890,556,8359,0,0,1474,9059,316,2592,1474,11651,California
Imperial,2021-02-05,471,14720,256,6146,215,8574,0,0,235,9059,237,2829,237,11888,California
Imperial,2021-02-06,889,15609,849,6995,40,8614,0,0,854,9876,37,2866,854,12742,California
Imperial,2021-02-07,50,15659,17,7012,33,8647,0,0,46,9918,4,2870,46,12788,California
Imperial,2021-02-08,293,15952,62,7074,231,8878,0,0,225,10075,68,2938,225,13013,California
Imperial,2021-02-09,528,16480,181,7255,347,9225,0,0,356,10262,172,3110,359,13372,California
Imperial,2021-02-10,496,16976,69,7324,427,9652,0,0,127,10023,369,3479,130,13502,California
Imperial,2021-02-11,1096,18072,391,7715,705,10357,0,0,190,9315,901,4380,193,13695,California
Imperial,2021-02-12,2231,20303,1476,9191,755,11112,0,0,1869,10825,365,4745,1875,15570,California
Imperial,2021-02-13,82,20385,27,9218,55,11167,0,0,64,10869,21,4766,65,15635,California
Imperial,2021-02-14,50,20435,35,9253,15,11182,0,0,47,10913,3,4769,47,15682,California
Imperial,2021-02-15,171,20606,63,9316,108,11290,0,0,130,11005,41,4810,133,15815,California
Imperial,2021-02-16,541,21147,272,9588,269,11559,0,0,322,11112,219,5029,326,16141,California
Imperial,2021-02-17,466,21613,308,9896,158,11717,0,0,109,10869,357,5386,114,16255,California
Imperial,2021-02-18,691,22304,338,10234,353,12070,0,0,167,10523,523,5909,177,16432,California
Imperial,2021-02-19,805,23109,410,10644,395,12465,0,0,215,10151,589,6498,217,16649,California
Imperial,2021-02-20,1071,24180,215,10859,856,13321,0,0,342,9776,727,7225,352,17001,California
Imperial,2021-02-21,604,24784,572,11431,32,13353,0,0,594,10364,9,7234,597,17598,California
Imperial,2021-02-22,843,25627,597,12028,246,13599,0,0,781,11088,62,7296,786,18384,California
Imperial,2021-02-23,1054,26681,459,12487,595,14194,0,0,971,11989,83,7379,984,19368,California
Imperial,2021-02-24,783,27464,320,12807,463,14657,0,0,661,12543,121,7500,675,20043,California
Imperial,2021-02-25,936,28400,374,13181,562,15219,0,0,533,12698,402,7902,557,20600,California
Imperial,2021-02-26,2367,30767,1391,14572,976,16195,0,0,1848,14050,518,8420,1870,22470,California
Imperial,2021-02-27,998,31765,906,15478,92,16287,0,0,240,13551,759,9179,260,22730,California
Imperial,2021-02-28,97,31862,77,15555,20,16307,0,0,77,13619,20,9199,88,22818,California
Imperial,2021-03-01,581,32443,343,15898,235,16542,3,3,493,14042,84,9283,507,23325,California
Imperial,2021-03-02,767,33210,278,16176,488,17030,1,4,418,14127,347,9630,432,23757,California
Imperial,2021-03-03,980,34190,74,16250,905,17935,1,5,584,14347,393,10023,613,24370,California
Imperial,2021-03-04,834,35024,126,16376,707,18642,1,6,537,14640,294,10317,587,24957,California
Imperial,2021-03-05,3190,38214,2264,18640,926,19568,0,6,1779,15037,1414,11731,1811,26768,California
Imperial,2021-03-06,742,38956,253,18893,489,20057,0,6,677,15677,62,11793,702,27470,California
Imperial,2021-03-07,125,39081,71,18964,54,20111,0,6,73,15724,51,11844,98,27568,California
Imperial,2021-03-08,491,39572,378,19342,78,20189,35,41,382,16066,109,11953,451,28019,California
Imperial,2021-03-09,751,40323,354,19696,149,20338,248,289,433,16431,318,12271,683,28702,California
Imperial,2021-03-10,752,41075,354,20050,292,20630,106,395,350,16499,401,12672,469,29171,California
Imperial,2021-03-11,1855,42930,507,20557,1159,21789,189,584,1225,17310,625,13297,1436,30607,California
Imperial,2021-03-12,4910,47840,3511,24068,1195,22984,204,788,3118,18868,1786,15083,3344,33951,California
Imperial,2021-03-13,1220,49060,101,24169,885,23869,234,1022,882,19675,335,15418,1142,35093,California
Imperial,2021-03-14,208,49268,49,24218,143,24012,16,1038,146,19791,62,15480,178,35271,California
Imperial,2021-03-15,744,50012,255,24473,224,24236,265,1303,405,20143,337,15817,689,35960,California
Imperial,2021-03-16,1202,51214,324,24797,406,24642,472,1775,582,20609,618,16435,1084,37044,California
Imperial,2021-03-17,1665,52879,724,25521,801,25443,140,1915,1042,21185,615,17050,1191,38235,California
Imperial,2021-03-18,1888,54767,1250,26771,578,26021,60,1975,1318,22004,566,17616,1385,39620,California
Imperial,2021-03-19,3827,58594,2791,29562,1033,27054,3,1978,1931,22053,1888,19504,1937,41557,California
Imperial,2021-03-20,1803,60397,564,30126,1232,28286,7,1985,1340,22950,456,19960,1353,42910,California
Imperial,2021-03-21,272,60669,84,30210,183,28469,5,1990,165,23021,107,20067,178,43088,California
Imperial,2021-03-22,1109,61778,381,30591,718,29187,10,2000,641,23212,466,20533,657,43745,California
Imperial,2021-03-23,1555,63333,527,31118,1022,30209,6,2006,959,23590,592,21125,970,44715,California
Imperial,2021-03-24,2212,65545,597,31715,1189,31398,426,2432,1190,24190,1019,22144,1619,46334,California
Imperial,2021-03-25,3262,68807,729,32444,906,32304,1627,4059,1223,24999,2033,24177,2842,49176,California
Imperial,2021-03-26,3274,72081,1201,33645,1076,33380,997,5056,945,24629,2317,26494,1947,51123,California
Imperial,2021-03-27,644,72725,289,33934,299,33679,56,5112,455,24956,186,26680,513,51636,California
Imperial,2021-03-28,227,72952,61,33995,164,33843,2,5114,182,25098,43,26723,185,51821,California
Imperial,2021-03-29,1527,74479,391,34386,411,34254,725,5839,357,25015,1167,27890,1084,52905,California
Imperial,2021-03-30,2139,76618,714,35100,610,34864,815,6654,708,25106,1429,29319,1520,54425,California
Imperial,2021-03-31,1574,78192,748,35848,820,35684,6,6660,1044,25628,527,29846,1049,55474,California
Imperial,2021-04-01,2107,80299,449,36297,1413,37097,245,6905,896,25564,1205,31051,1141,56615,California
Imperial,2021-04-02,1999,82298,502,36799,1419,38516,78,6983,1352,26354,641,31692,1431,58046,California
Imperial,2021-04-03,1553,83851,451,37250,1022,39538,80,7063,724,26334,826,32518,806,58852,California
Imperial,2021-04-04,94,83945,50,37300,27,39565,17,7080,26,26310,68,32586,44,58896,California
Imperial,2021-04-05,3432,87377,2331,39631,936,40501,165,7245,814,24688,2608,35194,986,59882,California
Imperial,2021-04-06,1367,88744,563,40194,611,41112,193,7438,712,24946,650,35844,908,60790,California
Imperial,2021-04-07,2194,90938,571,40765,1245,42357,378,7816,1572,26268,626,36470,1948,62738,California
Imperial,2021-04-08,2256,93194,1104,41869,851,43208,301,8117,1086,26487,1166,37636,1385,64123,California
Imperial,2021-04-09,3267,96461,1684,43553,963,44171,620,8737,1545,26935,1714,39350,2162,66285,California
Imperial,2021-04-10,1340,97801,213,43766,853,45024,274,9011,255,26381,1082,40432,528,66813,California
Imperial,2021-04-11,231,98032,40,43806,159,45183,32,9043,83,26352,148,40580,119,66932,California
Imperial,2021-04-12,1485,99517,800,44606,462,45645,223,9266,847,26791,632,41212,1071,68003,California
Imperial,2021-04-13,2989,102506,1928,46534,1059,46704,2,9268,2072,27955,913,42125,2077,70080,California
Imperial,2021-04-14,2104,104610,993,47527,1111,47815,0,9268,1411,28685,686,42811,1416,71496,California
Imperial,2021-04-15,2031,106641,930,48457,1101,48916,0,9268,1383,29432,642,43453,1389,72885,California
Imperial,2021-04-16,3481,110122,1812,50269,1669,50585,0,9268,2179,30326,1288,44741,2182,75067,California
Imperial,2021-04-17,1839,111961,943,51212,894,51479,2,9270,1423,31341,411,45152,1426,76493,California
Imperial,2021-04-18,271,112232,81,51293,190,51669,0,9270,95,31265,174,45326,98,76591,California
Imperial,2021-04-19,879,113111,283,51576,596,52265,0,9270,483,31359,393,45719,487,77078,California
Imperial,2021-04-20,1359,114470,556,52132,803,53068,0,9270,760,31524,598,46317,763,77841,California
Imperial,2021-04-21,1426,115896,360,52492,1065,54133,1,9271,825,31755,594,46911,825,78666,California
Imperial,2021-04-22,2390,118286,833,53325,1557,55690,0,9271,1645,32673,729,47640,1647,80313,California
Imperial,2021-04-23,2864,121150,542,53867,2322,58012,0,9271,1109,32062,1724,49364,1113,81426,California
Imperial,2021-04-24,574,121724,342,54209,232,58244,0,9271,209,31909,362,49726,209,81635,California
Imperial,2021-04-25,280,122004,107,54316,173,58417,0,9271,142,31915,136,49862,142,81777,California
Imperial,2021-04-26,1265,123269,505,54821,756,59173,4,9275,719,32098,540,50402,723,82500,California
Imperial,2021-04-27,1174,124443,396,55217,768,59941,10,9285,582,32105,586,50988,593,83093,California
Imperial,2021-04-28,1518,125961,664,55881,825,60766,29,9314,688,31998,824,51812,717,83810,California
Imperial,2021-04-29,1865,127826,878,56759,939,61705,48,9362,825,31843,1029,52841,874,84684,California
Imperial,2021-04-30,3308,131134,1703,58462,1570,63275,35,9397,1596,31775,1699,54540,1631,86315,California
Imperial,2021-05-01,354,131488,153,58615,198,63473,3,9400,167,31761,186,54726,172,86487,California
Imperial,2021-05-02,91,131579,32,58647,57,63530,2,9402,51,31775,40,54766,54,86541,California
Imperial,2021-05-03,1680,133259,571,59218,1060,64590,49,9451,389,30934,1278,56044,437,86978,California
Imperial,2021-05-04,1786,135045,982,60200,777,65367,27,9478,549,30281,1229,57273,576,87554,California
Imperial,2021-05-05,1527,136572,910,61110,596,65963,21,9499,454,29696,1061,58334,476,88030,California
Imperial,2021-05-06,1748,138320,1149,62259,557,66520,42,9541,561,29120,1181,59515,605,88635,California
Imperial,2021-05-07,2635,140955,1473,63732,1117,67637,45,9586,869,28293,1744,61259,917,89552,California
Imperial,2021-05-08,798,141753,650,64382,139,67776,9,9595,195,27901,596,61855,204,89756,California
Imperial,2021-05-09,105,141858,71,64453,33,67809,1,9596,34,27868,68,61923,35,89791,California
Imperial,2021-05-10,1180,143038,306,64759,750,68559,124,9720,351,27520,822,62745,474,90265,California
Imperial,2021-05-11,1497,144535,484,65243,994,69553,19,9739,501,27057,988,63733,525,90790,California
Imperial,2021-05-12,865,145400,274,65517,552,70105,39,9778,306,26847,554,64287,344,91134,California
Imperial,2021-05-13,1887,147287,1259,66776,556,70661,72,9850,827,26693,1052,65339,898,92032,California
Imperial,2021-05-14,1780,149067,977,67753,743,71404,60,9910,1165,27315,603,65942,1225,93257,California
Imperial,2021-05-15,1251,150318,492,68245,737,72141,22,9932,477,27047,768,66710,500,93757,California
Imperial,2021-05-16,128,150446,87,68332,37,72178,4,9936,54,27032,73,66783,58,93815,California
Imperial,2021-05-17,1990,152436,731,69063,1208,73386,51,9987,691,26482,1292,68075,742,94557,California
Imperial,2021-05-18,1713,154149,907,69970,732,74118,74,10061,931,26712,776,68851,1006,95563,California
Imperial,2021-05-19,1310,155459,615,70585,625,74743,70,10131,613,26705,689,69540,682,96245,California
Imperial,2021-05-20,1634,157093,1016,71601,551,75294,67,10198,735,26620,887,70427,802,97047,California
Imperial,2021-05-21,1944,159037,1243,72844,637,75931,64,10262,976,26703,957,71384,1040,98087,California
Imperial,2021-05-22,301,159338,193,73037,90,76021,18,10280,153,26732,142,71526,171,98258,California
Imperial,2021-05-23,93,159431,35,73072,49,76070,9,10289,33,26716,58,71584,42,98300,California
Imperial,2021-05-24,1292,160723,636,73708,596,76666,60,10349,534,26558,751,72335,593,98893,California
Imperial,2021-05-25,1477,162200,490,74198,953,77619,34,10383,532,26190,935,73270,567,99460,California
Imperial,2021-05-26,1062,163262,557,74755,455,78074,50,10433,471,26123,588,73858,521,99981,California
Imperial,2021-05-27,1331,164593,737,75492,524,78598,70,10503,656,26179,670,74528,726,100707,California
Imperial,2021-05-28,1054,165647,605,76097,376,78974,73,10576,391,25991,653,75181,465,101172,California
Imperial,2021-05-29,230,165877,128,76225,96,79070,6,10582,119,26005,111,75292,125,101297,California
Imperial,2021-05-30,96,165973,29,76254,65,79135,2,10584,65,26041,31,75323,67,101364,California
Imperial,2021-05-31,80,166053,21,76275,53,79188,6,10590,37,26041,43,75366,43,101407,California
Imperial,2021-06-01,1196,167249,556,76831,574,79762,66,10656,474,25868,714,76080,541,101948,California
Imperial,2021-06-02,1100,168349,607,77438,402,80164,91,10747,566,25993,530,76610,655,102603,California
Imperial,2021-06-03,1266,169615,745,78183,426,80590,95,10842,599,26027,660,77270,694,103297,California
Imperial,2021-06-04,2229,171844,1592,79775,532,81122,105,10947,984,25880,1235,78505,1088,104385,California
Imperial,2021-06-05,370,172214,235,80010,120,81242,15,10962,178,25885,188,78693,193,104578,California
Imperial,2021-06-06,84,172298,47,80057,25,81267,12,10974,45,25903,39,78732,57,104635,California
Imperial,2021-06-07,1010,173308,656,80713,288,81555,66,11040,491,25944,516,79248,557,105192,California
Imperial,2021-06-08,1358,174666,1029,81742,271,81826,58,11098,552,25752,802,80050,610,105802,California
Imperial,2021-06-09,1063,175729,773,82515,233,82059,57,11155,495,25743,561,80611,552,106354,California
Imperial,2021-06-10,1130,176859,773,83288,313,82372,44,11199,443,25546,683,81294,486,106840,California
Imperial,2021-06-11,1630,178489,1185,84473,401,82773,44,11243,713,25398,905,82199,757,107597,California
Imperial,2021-06-12,243,178732,127,84600,104,82877,12,11255,103,25374,139,82338,115,107712,California
Imperial,2021-06-13,86,178818,25,84625,59,82936,2,11257,57,25405,29,82367,60,107772,California
Imperial,2021-06-14,870,179688,613,85238,213,83149,44,11301,377,25337,489,82856,421,108193,California
Imperial,2021-06-15,1015,180703,745,85983,240,83389,30,11331,459,25278,549,83405,490,108683,California
Imperial,2021-06-16,920,181623,627,86610,248,83637,45,11376,455,25318,461,83866,501,109184,California
Imperial,2021-06-17,1009,182632,741,87351,227,83864,41,11417,442,25237,562,84428,481,109665,California
Imperial,2021-06-18,1062,183694,760,88111,248,84112,54,11471,664,25566,388,84816,717,110382,California
Imperial,2021-06-19,276,183970,192,88303,79,84191,5,11476,146,25588,129,84945,151,110533,California
Imperial,2021-06-20,63,184033,30,88333,29,84220,4,11480,24,25577,39,84984,28,110561,California
Imperial,2021-06-21,645,184678,384,88717,224,84444,37,11517,393,25762,247,85231,432,110993,California
Imperial,2021-06-22,831,185509,626,89343,164,84608,41,11558,441,25858,386,85617,482,111475,California
Inyo,2020-12-19,85,85,85,85,0,0,0,0,85,85,0,0,85,85,California
Inyo,2020-12-20,59,144,59,144,0,0,0,0,59,144,0,0,59,144,California
Inyo,2020-12-21,88,232,85,229,3,3,0,0,88,232,0,0,88,232,California
Inyo,2020-12-22,101,333,101,330,0,3,0,0,101,333,0,0,101,333,California
Inyo,2020-12-23,68,401,65,395,3,6,0,0,68,401,0,0,68,401,California
Inyo,2020-12-24,15,416,15,410,0,6,0,0,15,416,0,0,15,416,California
Inyo,2020-12-25,1,417,0,410,1,7,0,0,1,417,0,0,1,417,California
Inyo,2020-12-26,73,490,73,483,0,7,0,0,73,490,0,0,73,490,California
Inyo,2020-12-28,49,539,37,520,12,19,0,0,49,539,0,0,49,539,California
Inyo,2020-12-29,18,557,18,538,0,19,0,0,18,557,0,0,18,557,California
Inyo,2020-12-30,56,613,54,592,2,21,0,0,56,613,0,0,56,613,California
Inyo,2020-12-31,29,642,0,592,29,50,0,0,29,642,0,0,29,642,California
Inyo,2021-01-01,1,643,0,592,1,51,0,0,1,643,0,0,1,643,California
Inyo,2021-01-03,1,644,0,592,1,52,0,0,1,644,0,0,1,644,California
Inyo,2021-01-04,2,646,1,593,1,53,0,0,2,646,0,0,2,646,California
Inyo,2021-01-05,34,680,0,593,34,87,0,0,34,680,0,0,34,680,California
Inyo,2021-01-06,60,740,0,593,60,147,0,0,60,740,0,0,60,740,California
Inyo,2021-01-07,31,771,1,594,30,177,0,0,31,771,0,0,31,771,California
Inyo,2021-01-08,8,779,8,602,0,177,0,0,3,770,5,5,4,775,California
Inyo,2021-01-09,86,865,86,688,0,177,0,0,0,684,86,91,0,775,California
Inyo,2021-01-10,53,918,53,741,0,177,0,0,0,631,53,144,0,775,California
Inyo,2021-01-11,97,1015,82,823,15,192,0,0,16,566,81,225,16,791,California
Inyo,2021-01-12,133,1148,112,935,21,213,0,0,27,487,106,331,27,818,California
Inyo,2021-01-13,85,1233,67,1002,18,231,0,0,21,445,64,395,22,840,California
Inyo,2021-01-14,58,1291,13,1015,45,276,0,0,48,483,10,405,48,888,California
Inyo,2021-01-15,156,1447,28,1043,128,404,0,0,156,639,0,405,156,1044,California
Inyo,2021-01-16,72,1519,72,1115,0,404,0,0,0,567,72,477,0,1044,California
Inyo,2021-01-18,59,1578,37,1152,22,426,0,0,19,546,40,517,19,1063,California
Inyo,2021-01-19,108,1686,67,1219,41,467,0,0,92,622,16,533,92,1155,California
Inyo,2021-01-20,145,1831,68,1287,77,544,0,0,90,657,55,588,90,1245,California
Inyo,2021-01-21,117,1948,57,1344,60,604,0,0,116,772,1,589,116,1361,California
Inyo,2021-01-22,61,2009,0,1344,61,665,0,0,60,831,1,590,60,1421,California
Inyo,2021-01-23,44,2053,43,1387,1,666,0,0,44,875,0,590,44,1465,California
Inyo,2021-01-25,48,2101,4,1391,44,710,0,0,35,897,13,603,35,1500,California
Inyo,2021-01-26,128,2229,47,1438,81,791,0,0,122,1013,6,609,122,1622,California
Inyo,2021-01-27,24,2253,2,1440,22,813,0,0,23,1035,1,610,23,1645,California
Inyo,2021-01-28,90,2343,2,1442,88,901,0,0,61,1067,29,639,61,1706,California
Inyo,2021-01-29,24,2367,2,1444,22,923,0,0,22,1087,2,641,22,1728,California
Inyo,2021-01-30,10,2377,0,1444,10,933,0,0,10,1097,0,641,10,1738,California
Inyo,2021-01-31,23,2400,3,1447,20,953,0,0,4,1081,20,661,4,1742,California
Inyo,2021-02-01,10,2410,9,1456,1,954,0,0,0,1071,10,671,0,1742,California
Inyo,2021-02-02,130,2540,14,1470,116,1070,0,0,104,1149,26,697,104,1846,California
Inyo,2021-02-03,113,2653,0,1470,113,1183,0,0,72,1180,41,738,72,1918,California
Inyo,2021-02-04,146,2799,31,1501,115,1298,0,0,87,1209,59,797,88,2006,California
Inyo,2021-02-05,107,2906,51,1552,56,1354,0,0,105,1312,2,799,105,2111,California
Inyo,2021-02-06,2,2908,2,1554,0,1354,0,0,2,1314,0,799,2,2113,California
Inyo,2021-02-07,4,2912,2,1556,2,1356,0,0,4,1318,0,799,4,2117,California
Inyo,2021-02-08,113,3025,5,1561,108,1464,0,0,95,1395,18,817,95,2212,California
Inyo,2021-02-09,192,3217,50,1611,142,1606,0,0,124,1451,68,885,124,2336,California
Inyo,2021-02-10,140,3357,14,1625,126,1732,0,0,109,1529,31,916,109,2445,California
Inyo,2021-02-11,220,3577,56,1681,164,1896,0,0,126,1561,94,1010,126,2571,California
Inyo,2021-02-12,293,3870,50,1731,243,2139,0,0,166,1602,127,1137,168,2739,California
Inyo,2021-02-13,48,3918,44,1775,4,2143,0,0,6,1566,42,1179,6,2745,California
Inyo,2021-02-14,2,3920,0,1775,2,2145,0,0,2,1568,0,1179,2,2747,California
Inyo,2021-02-15,26,3946,7,1782,19,2164,0,0,5,1552,21,1200,5,2752,California
Inyo,2021-02-16,171,4117,43,1825,128,2292,0,0,90,1562,80,1280,90,2842,California
Inyo,2021-02-17,38,4155,4,1829,34,2326,0,0,8,1540,30,1310,8,2850,California
Inyo,2021-02-18,120,4275,6,1835,114,2440,0,0,80,1580,40,1350,80,2930,California
Inyo,2021-02-19,51,4326,4,1839,47,2487,0,0,9,1547,42,1392,9,2939,California
Inyo,2021-02-20,504,4830,499,2338,5,2492,0,0,502,2047,2,1394,502,3441,California
Inyo,2021-02-21,439,5269,439,2777,0,2492,0,0,439,2486,0,1394,439,3880,California
Inyo,2021-02-22,59,5328,17,2794,42,2534,0,0,25,2477,34,1428,25,3905,California
Inyo,2021-02-23,193,5521,17,2811,176,2710,0,0,91,2467,101,1529,91,3996,California
Inyo,2021-02-24,117,5638,0,2811,117,2827,0,0,57,2464,60,1589,57,4053,California
Inyo,2021-02-25,127,5765,2,2813,125,2952,0,0,61,2459,66,1655,61,4114,California
Inyo,2021-02-26,94,5859,50,2863,44,2996,0,0,20,2405,74,1729,20,4134,California
Inyo,2021-02-27,14,5873,3,2866,11,3007,0,0,2,2395,12,1741,2,4136,California
Inyo,2021-02-28,2,5875,1,2867,1,3008,0,0,1,2395,1,1742,1,4137,California
Inyo,2021-03-01,19,5894,2,2869,17,3025,0,0,17,2410,2,1744,17,4154,California
Inyo,2021-03-02,193,6087,0,2869,193,3218,0,0,108,2433,85,1829,108,4262,California
Inyo,2021-03-03,83,6170,2,2871,81,3299,0,0,40,2430,43,1872,40,4302,California
Inyo,2021-03-04,124,6294,2,2873,122,3421,0,0,44,2395,79,1951,44,4346,California
Inyo,2021-03-05,140,6434,54,2927,86,3507,0,0,39,2333,101,2052,39,4385,California
Inyo,2021-03-06,19,6453,1,2928,18,3525,0,0,19,2352,0,2052,19,4404,California
Inyo,2021-03-07,6,6459,3,2931,3,3528,0,0,4,2354,2,2054,4,4408,California
Inyo,2021-03-08,168,6627,5,2936,163,3691,0,0,78,2342,90,2144,78,4486,California
Inyo,2021-03-09,189,6816,2,2938,187,3878,0,0,73,2299,116,2260,73,4559,California
Inyo,2021-03-10,71,6887,7,2945,63,3941,1,1,30,2289,41,2301,31,4590,California
Inyo,2021-03-11,203,7090,1,2946,197,4138,5,6,73,2237,130,2431,78,4668,California
Inyo,2021-03-12,174,7264,3,2949,165,4303,6,12,75,2219,99,2530,81,4749,California
Inyo,2021-03-13,570,7834,538,3487,23,4326,9,21,62,1783,507,3037,71,4820,California
Inyo,2021-03-14,439,8273,438,3925,1,4327,0,21,5,1355,433,3470,5,4825,California
Inyo,2021-03-15,50,8323,14,3939,34,4361,2,23,30,1367,20,3490,32,4857,California
Inyo,2021-03-16,162,8485,3,3942,153,4514,6,29,63,1338,98,3588,69,4926,California
Inyo,2021-03-17,107,8592,2,3944,98,4612,7,36,92,1422,15,3603,99,5025,California
Inyo,2021-03-18,183,8775,15,3959,161,4773,7,43,102,1450,81,3684,109,5134,California
Inyo,2021-03-19,44,8819,3,3962,37,4810,4,47,35,1480,9,3693,39,5173,California
Inyo,2021-03-20,19,8838,1,3963,9,4819,9,56,0,1470,19,3712,9,5182,California
Inyo,2021-03-22,59,8897,3,3966,51,4870,5,61,39,1494,20,3732,44,5226,California
Inyo,2021-03-23,193,9090,3,3969,186,5056,4,65,105,1515,88,3820,109,5335,California
Inyo,2021-03-24,139,9229,2,3971,133,5189,4,69,86,1552,53,3873,90,5425,California
Inyo,2021-03-25,330,9559,108,4079,219,5408,3,72,265,1755,65,3938,268,5693,California
Inyo,2021-03-26,92,9651,3,4082,85,5493,4,76,71,1809,21,3959,75,5768,California
Inyo,2021-03-27,45,9696,37,4119,5,5498,3,79,39,1845,6,3965,42,5810,California
Inyo,2021-03-28,1,9697,0,4119,1,5499,0,79,1,1846,0,3965,1,5811,California
Inyo,2021-03-29,107,9804,2,4121,100,5599,5,84,80,1905,26,3991,85,5896,California
Inyo,2021-03-30,219,10023,1,4122,213,5812,5,89,110,1911,109,4100,115,6011,California
Inyo,2021-03-31,148,10171,3,4125,139,5951,6,95,106,1981,42,4142,112,6123,California
Inyo,2021-04-01,163,10334,2,4127,160,6111,1,96,116,2051,47,4189,117,6240,California
Inyo,2021-04-02,80,10414,1,4128,77,6188,2,98,49,2071,31,4220,51,6291,California
Inyo,2021-04-03,70,10484,36,4164,21,6209,13,111,2,2019,66,4286,14,6305,California
Inyo,2021-04-04,5,10489,4,4168,0,6209,1,112,1,2017,4,4290,2,6307,California
Inyo,2021-04-05,102,10591,1,4169,98,6307,3,115,29,1976,73,4363,32,6339,California
Inyo,2021-04-06,233,10824,3,4172,167,6474,63,178,102,2010,131,4494,165,6504,California
Inyo,2021-04-07,205,11029,1,4173,76,6550,128,306,46,2025,159,4653,174,6678,California
Inyo,2021-04-08,179,11208,15,4188,148,6698,16,322,81,2024,98,4751,97,6775,California
Inyo,2021-04-09,121,11329,4,4192,94,6792,23,345,35,1997,85,4836,58,6833,California
Inyo,2021-04-10,39,11368,1,4193,21,6813,17,362,3,1981,36,4872,20,6853,California
Inyo,2021-04-11,1,11369,0,4193,1,6814,0,362,1,1982,0,4872,1,6854,California
Inyo,2021-04-12,79,11448,0,4193,74,6888,5,367,41,1990,38,4910,46,6900,California
Inyo,2021-04-13,123,11571,5,4198,115,7003,3,370,63,1997,59,4969,66,6966,California
Inyo,2021-04-14,131,11702,2,4200,129,7132,0,370,46,1958,85,5054,46,7012,California
Inyo,2021-04-15,270,11972,115,4315,155,7287,0,370,77,1842,193,5247,77,7089,California
Inyo,2021-04-16,44,12016,3,4318,41,7328,0,370,16,1830,28,5275,16,7105,California
Inyo,2021-04-17,2,12018,1,4319,1,7329,0,370,1,1830,1,5276,1,7106,California
Inyo,2021-04-19,121,12139,36,4355,85,7414,0,370,43,1795,78,5354,43,7149,California
Inyo,2021-04-20,164,12303,2,4357,162,7576,0,370,80,1791,84,5438,80,7229,California
Inyo,2021-04-21,112,12415,3,4360,109,7685,0,370,32,1743,80,5518,32,7261,California
Inyo,2021-04-22,197,12612,1,4361,196,7881,0,370,51,1648,146,5664,51,7312,California
Inyo,2021-04-23,95,12707,4,4365,91,7972,0,370,22,1597,73,5737,22,7334,California
Inyo,2021-04-24,308,13015,307,4672,1,7973,0,370,305,1899,3,5740,305,7639,California
Inyo,2021-04-25,133,13148,132,4804,1,7974,0,370,133,2032,0,5740,133,7772,California
Inyo,2021-04-26,92,13240,2,4806,89,8063,1,371,11,1964,80,5820,12,7784,California
Inyo,2021-04-27,181,13421,5,4811,172,8235,4,375,47,1881,134,5954,51,7835,California
Inyo,2021-04-28,120,13541,2,4813,116,8351,2,377,20,1803,100,6054,22,7857,California
Inyo,2021-04-29,168,13709,54,4867,114,8465,0,377,76,1787,92,6146,76,7933,California
Inyo,2021-04-30,81,13790,4,4871,76,8541,1,378,23,1753,58,6204,24,7957,California
Inyo,2021-05-01,9,13799,2,4873,7,8548,0,378,7,1758,2,6206,7,7964,California
Inyo,2021-05-02,6,13805,2,4875,2,8550,2,380,4,1762,2,6208,6,7970,California
Inyo,2021-05-03,38,13843,1,4876,33,8583,4,384,5,1738,33,6241,9,7979,California
Inyo,2021-05-04,120,13963,2,4878,115,8698,3,387,19,1659,101,6342,22,8001,California
Inyo,2021-05-05,36,13999,0,4878,34,8732,2,389,11,1647,25,6367,13,8014,California
Inyo,2021-05-06,92,14091,3,4881,81,8813,8,397,13,1589,79,6446,21,8035,California
Inyo,2021-05-07,47,14138,2,4883,37,8850,8,405,24,1599,22,6468,32,8067,California
Inyo,2021-05-08,11,14149,2,4885,4,8854,5,410,4,1601,7,6475,9,8076,California
Inyo,2021-05-09,1,14150,0,4885,1,8855,0,410,0,1600,1,6476,0,8076,California
Inyo,2021-05-10,70,14220,1,4886,67,8922,2,412,32,1596,39,6515,35,8111,California
Inyo,2021-05-11,87,14307,1,4887,83,9005,3,415,20,1552,67,6582,23,8134,California
Inyo,2021-05-12,43,14350,1,4888,40,9045,2,417,11,1533,32,6614,13,8147,California
Inyo,2021-05-13,75,14425,1,4889,73,9118,1,418,12,1483,63,6677,13,8160,California
Inyo,2021-05-14,27,14452,5,4894,17,9135,5,423,14,1489,13,6690,19,8179,California
Inyo,2021-05-15,374,14826,362,5256,10,9145,2,425,82,1281,292,6982,84,8263,California
Inyo,2021-05-16,199,15025,199,5455,0,9145,0,425,72,1226,127,7109,72,8335,California
Inyo,2021-05-17,62,15087,3,5458,55,9200,4,429,18,1205,43,7152,22,8357,California
Inyo,2021-05-18,84,15171,2,5460,81,9281,1,430,17,1156,67,7219,18,8375,California
Inyo,2021-05-19,47,15218,2,5462,40,9321,5,435,13,1140,34,7253,18,8393,California
Inyo,2021-05-20,144,15362,81,5543,62,9383,1,436,36,1068,109,7362,37,8430,California
Inyo,2021-05-21,48,15410,18,5561,25,9408,5,441,19,1063,29,7391,24,8454,California
Inyo,2021-05-22,23,15433,13,5574,7,9415,3,444,17,1077,6,7397,20,8474,California
Inyo,2021-05-23,2,15435,1,5575,0,9415,1,445,0,1076,2,7399,1,8475,California
Inyo,2021-05-24,33,15468,6,5581,24,9439,3,448,13,1072,20,7419,16,8491,California
Inyo,2021-05-25,80,15548,38,5619,40,9479,2,450,45,1084,35,7454,47,8538,California
Inyo,2021-05-26,38,15586,10,5629,26,9505,2,452,15,1079,22,7476,17,8555,California
Inyo,2021-05-27,39,15625,10,5639,21,9526,8,460,12,1073,26,7502,20,8575,California
Inyo,2021-05-28,26,15651,6,5645,15,9541,5,465,8,1068,18,7520,13,8588,California
Inyo,2021-05-29,14,15665,5,5650,9,9550,0,465,7,1068,7,7527,7,8595,California
Inyo,2021-05-30,2,15667,0,5650,2,9552,0,465,0,1066,2,7529,0,8595,California
Inyo,2021-06-01,54,15721,16,5666,32,9584,6,471,23,1064,31,7560,29,8624,California
Inyo,2021-06-02,11,15732,9,5675,1,9585,1,472,10,1074,1,7561,11,8635,California
Inyo,2021-06-03,26,15758,0,5675,18,9603,8,480,1,1058,25,7586,9,8644,California
Inyo,2021-06-04,32,15790,6,5681,22,9625,4,484,12,1054,20,7606,16,8660,California
Inyo,2021-06-05,17,15807,8,5689,8,9633,1,485,4,1046,13,7619,5,8665,California
Inyo,2021-06-06,1,15808,1,5690,0,9633,0,485,1,1047,0,7619,1,8666,California
Inyo,2021-06-07,51,15859,15,5705,33,9666,3,488,5,1009,46,7665,8,8674,California
Inyo,2021-06-08,53,15912,25,5730,25,9691,3,491,26,1011,27,7692,29,8703,California
Inyo,2021-06-09,110,16022,94,5824,14,9705,2,493,14,931,96,7788,16,8719,California
Inyo,2021-06-10,53,16075,39,5863,9,9714,5,498,15,913,38,7826,20,8739,California
Inyo,2021-06-11,42,16117,23,5886,17,9731,2,500,16,905,26,7852,18,8757,California
Inyo,2021-06-12,14,16131,7,5893,6,9737,1,501,5,902,9,7861,6,8763,California
Inyo,2021-06-13,1,16132,0,5893,1,9738,0,501,0,901,1,7862,0,8763,California
Inyo,2021-06-14,58,16190,27,5920,28,9766,3,504,8,862,50,7912,11,8774,California
Inyo,2021-06-15,50,16240,37,5957,9,9775,4,508,8,832,42,7954,12,8786,California
Inyo,2021-06-16,31,16271,18,5975,13,9788,0,508,8,817,23,7977,8,8794,California
Inyo,2021-06-17,23,16294,13,5988,6,9794,4,512,5,809,17,7994,9,8803,California
Inyo,2021-06-18,14,16308,5,5993,6,9800,3,515,2,802,12,8006,5,8808,California
Inyo,2021-06-19,20,16328,6,5999,13,9813,1,516,7,797,13,8019,8,8816,California
Inyo,2021-06-21,29,16357,8,6007,18,9831,3,519,13,797,16,8035,16,8832,California
Inyo,2021-06-22,25,16382,23,6030,1,9832,1,520,12,797,13,8048,13,8845,California
Kern,2020-12-15,1,1,1,1,0,0,0,0,1,1,0,0,1,1,California
Kern,2020-12-16,19,20,19,20,0,0,0,0,19,20,0,0,19,20,California
Kern,2020-12-17,162,182,162,182,0,0,0,0,162,182,0,0,162,182,California
Kern,2020-12-18,323,505,323,505,0,0,0,0,323,505,0,0,323,505,California
Kern,2020-12-19,99,604,99,604,0,0,0,0,99,604,0,0,99,604,California
Kern,2020-12-20,62,666,62,666,0,0,0,0,62,666,0,0,62,666,California
Kern,2020-12-21,673,1339,672,1338,1,1,0,0,673,1339,0,0,673,1339,California
Kern,2020-12-22,529,1868,527,1865,2,3,0,0,529,1868,0,0,529,1868,California
Kern,2020-12-23,554,2422,416,2281,138,141,0,0,554,2422,0,0,554,2422,California
Kern,2020-12-24,123,2545,44,2325,79,220,0,0,123,2545,0,0,123,2545,California
Kern,2020-12-25,1,2546,1,2326,0,220,0,0,1,2546,0,0,1,2546,California
Kern,2020-12-26,34,2580,2,2328,32,252,0,0,34,2580,0,0,34,2580,California
Kern,2020-12-27,35,2615,3,2331,32,284,0,0,35,2615,0,0,35,2615,California
Kern,2020-12-28,827,3442,662,2993,165,449,0,0,827,3442,0,0,827,3442,California
Kern,2020-12-29,743,4185,450,3443,293,742,0,0,742,4183,1,1,742,4184,California
Kern,2020-12-30,1206,5391,914,4357,292,1034,0,0,1206,5389,0,1,1206,5390,California
Kern,2020-12-31,276,5667,99,4456,177,1211,0,0,276,5665,0,1,276,5666,California
Kern,2021-01-01,18,5685,9,4465,9,1220,0,0,18,5683,0,1,18,5684,California
Kern,2021-01-02,79,5764,18,4483,61,1281,0,0,79,5762,0,1,79,5763,California
Kern,2021-01-03,23,5787,4,4487,19,1300,0,0,23,5785,0,1,23,5786,California
Kern,2021-01-04,556,6343,362,4849,194,1494,0,0,556,6341,0,1,556,6342,California
Kern,2021-01-05,1133,7476,738,5587,395,1889,0,0,1121,7450,12,13,1121,7463,California
Kern,2021-01-06,1162,8638,448,6035,714,2603,0,0,1132,8552,30,43,1132,8595,California
Kern,2021-01-07,1410,10048,489,6524,921,3524,0,0,1242,9627,167,210,1242,9837,California
Kern,2021-01-08,1626,11674,767,7291,859,4383,0,0,1328,10656,299,509,1328,11165,California
Kern,2021-01-09,228,11902,78,7369,150,4533,0,0,193,10814,35,544,193,11358,California
Kern,2021-01-10,194,12096,149,7518,45,4578,0,0,153,10926,41,585,153,11511,California
Kern,2021-01-11,1563,13659,991,8509,572,5150,0,0,1002,11367,561,1146,1002,12513,California
Kern,2021-01-12,1871,15530,813,9322,1058,6208,0,0,1357,12210,514,1660,1357,13870,California
Kern,2021-01-13,1859,17389,875,10197,984,7192,0,0,1437,13225,422,2082,1437,15307,California
Kern,2021-01-14,2197,19586,649,10846,1548,8740,0,0,2151,15330,46,2128,2151,17458,California
Kern,2021-01-15,2722,22308,858,11704,1864,10604,0,0,2626,17862,95,2223,2627,20085,California
Kern,2021-01-16,674,22982,212,11916,462,11066,0,0,639,18466,35,2258,639,20724,California
Kern,2021-01-17,74,23056,7,11923,67,11133,0,0,72,18536,2,2260,72,20796,California
Kern,2021-01-18,1644,24700,655,12578,989,12122,0,0,1479,19850,165,2425,1479,22275,California
Kern,2021-01-19,1858,26558,1034,13612,824,12946,0,0,1393,20779,465,2890,1394,23669,California
Kern,2021-01-20,2619,29177,1681,15293,938,13884,0,0,1915,21997,699,3589,1917,25586,California
Kern,2021-01-21,2118,31295,870,16163,1248,15132,0,0,1923,23726,194,3783,1923,27509,California
Kern,2021-01-22,2718,34013,1303,17466,1415,16547,0,0,2438,25885,279,4062,2438,29947,California
Kern,2021-01-23,1250,35263,543,18009,707,17254,0,0,1203,27041,47,4109,1203,31150,California
Kern,2021-01-24,151,35414,10,18019,141,17395,0,0,145,27180,6,4115,145,31295,California
Kern,2021-01-25,2383,37797,1082,19101,1301,18696,0,0,1898,28595,484,4599,1899,33194,California
Kern,2021-01-26,2775,40572,1129,20230,1646,20342,0,0,1914,29649,860,5459,1914,35108,California
Kern,2021-01-27,3555,44127,1895,22125,1660,22002,0,0,2858,31813,694,6153,2858,37966,California
Kern,2021-01-28,2881,47008,1359,23484,1522,23524,0,0,2451,33841,425,6578,2453,40419,California
Kern,2021-01-29,3799,50807,1802,25286,1997,25521,0,0,3247,36539,549,7127,3247,43666,California
Kern,2021-01-30,1336,52143,501,25787,835,26356,0,0,1284,37773,50,7177,1284,44950,California
Kern,2021-01-31,401,52544,275,26062,126,26482,0,0,266,37904,135,7312,266,45216,California
Kern,2021-02-01,2596,55140,982,27044,1614,28096,0,0,1882,39076,711,8023,1883,47099,California
Kern,2021-02-02,2758,57898,799,27843,1959,30055,0,0,2055,40429,703,8726,2056,49155,California
Kern,2021-02-03,3686,61584,1554,29397,2132,32187,0,0,2712,42174,967,9693,2712,51867,California
Kern,2021-02-04,3808,65392,1448,30845,2360,34547,0,0,2589,43555,1209,10902,2590,54457,California
Kern,2021-02-05,4860,70252,1988,32833,2872,37419,0,0,3098,44910,1743,12645,3098,57555,California
Kern,2021-02-06,1743,71995,770,33603,973,38392,0,0,1515,46200,225,12870,1515,59070,California
Kern,2021-02-07,283,72278,150,33753,133,38525,0,0,265,46450,16,12886,266,59336,California
Kern,2021-02-08,2564,74842,785,34538,1779,40304,0,0,1257,46419,1289,14175,1258,60594,California
Kern,2021-02-09,3038,77880,984,35522,2054,42358,0,0,1462,46313,1568,15743,1462,62056,California
Kern,2021-02-10,3807,81687,1667,37189,2140,44498,0,0,1885,46296,1906,17649,1889,63945,California
Kern,2021-02-11,4283,85970,1538,38727,2745,47243,0,0,2229,46488,2041,19690,2233,66178,California
Kern,2021-02-12,4980,90950,1898,40625,3082,50325,0,0,2479,46482,2487,22177,2481,68659,California
Kern,2021-02-13,2005,92955,726,41351,1279,51604,0,0,1157,46793,846,23023,1157,69816,California
Kern,2021-02-14,352,93307,12,41363,340,51944,0,0,270,46982,81,23104,270,70086,California
Kern,2021-02-15,2746,96053,899,42262,1847,53791,0,0,1214,46672,1524,24628,1214,71300,California
Kern,2021-02-16,2954,99007,718,42980,2236,56027,0,0,1659,47049,1286,25914,1663,72963,California
Kern,2021-02-17,4070,103077,2074,45054,1996,58023,0,0,1923,46832,2141,28055,1924,74887,California
Kern,2021-02-18,3755,106832,1485,46539,2270,60293,0,0,1624,46335,2121,30176,1624,76511,California
Kern,2021-02-19,4184,111016,1906,48445,2278,62571,0,0,1735,45628,2442,32618,1735,78246,California
Kern,2021-02-20,2581,113597,969,49414,1612,64183,0,0,1347,45745,1230,33848,1347,79593,California
Kern,2021-02-21,269,113866,163,49577,106,64289,0,0,89,45657,178,34026,90,79683,California
Kern,2021-02-22,2673,116539,1155,50732,1518,65807,0,0,1435,45860,1232,35258,1435,81118,California
Kern,2021-02-23,3583,120122,1134,51866,2449,68256,0,0,2002,46284,1579,36837,2003,83121,California
Kern,2021-02-24,5211,125333,2289,54155,2922,71178,0,0,3103,47284,2103,38940,3103,86224,California
Kern,2021-02-25,5383,130716,2460,56615,2923,74101,0,0,3199,48317,2166,41106,3199,89423,California
Kern,2021-02-26,6935,137651,3541,60156,3394,77495,0,0,4367,50125,2561,43667,4369,93792,California
Kern,2021-02-27,3947,141598,1976,62132,1971,79466,0,0,2608,51403,1330,44997,2608,96400,California
Kern,2021-02-28,916,142514,503,62635,412,79878,1,1,696,51882,218,45215,697,97097,California
Kern,2021-03-01,4019,146533,1826,64461,2189,82067,4,5,2701,53279,1308,46523,2705,99802,California
Kern,2021-03-02,4483,151016,1409,65870,3070,85137,4,9,2951,54710,1521,48044,2952,102754,California
Kern,2021-03-03,6003,157019,2844,68714,3157,88294,2,11,3889,56501,2099,50143,3890,106644,California
Kern,2021-03-04,5695,162714,2277,70991,3413,91707,5,16,3696,58217,1983,52126,3699,110343,California
Kern,2021-03-05,6645,169359,2871,73862,3755,95462,19,35,4194,59989,2441,54567,4213,114556,California
Kern,2021-03-06,4763,174122,1929,75791,2727,98189,107,142,3484,62308,1272,55839,3591,118147,California
Kern,2021-03-07,2067,176189,1597,77388,413,98602,57,199,1866,64032,199,56038,1923,120070,California
Kern,2021-03-08,2910,179099,926,78314,1761,100363,223,422,1529,64404,1378,57416,1750,121820,California
Kern,2021-03-09,3734,182833,809,79123,2539,102902,386,808,2335,65731,1390,58806,2717,124537,California
Kern,2021-03-10,6154,188987,2568,81691,2512,105414,1074,1882,3604,67874,2534,61340,4677,129214,California
Kern,2021-03-11,6334,195321,2438,84129,2867,108281,1029,2911,3769,70112,2555,63895,4793,134007,California
Kern,2021-03-12,7858,203179,3083,87212,3419,111700,1356,4267,4327,72265,3518,67413,5671,139678,California
Kern,2021-03-13,4679,207858,2535,89747,1806,113506,338,4605,3254,74433,1418,68831,3586,143264,California
Kern,2021-03-14,2312,210170,1535,91282,534,114040,243,4848,1788,75937,524,69355,2028,145292,California
Kern,2021-03-15,4273,214443,1106,92388,2455,116495,712,5560,2199,76780,2061,71416,2904,148196,California
Kern,2021-03-16,4441,218884,1015,93403,2888,119383,538,6098,2414,77712,2014,73430,2946,151142,California
Kern,2021-03-17,7463,226347,4086,97489,2827,122210,550,6648,4488,79786,2963,76393,5037,156179,California
Kern,2021-03-18,7293,233640,3696,101185,3010,125220,587,7235,4420,81937,2852,79245,5003,161182,California
Kern,2021-03-19,9007,242647,5003,106188,3345,128565,659,7894,4726,83053,4263,83508,5379,166561,California
Kern,2021-03-20,6186,248833,3831,110019,2181,130746,174,8068,3929,84913,2244,85752,4104,170665,California
Kern,2021-03-21,3059,251892,1938,111957,238,130984,883,8951,1851,86446,1200,86952,2733,173398,California
Kern,2021-03-22,3984,255876,1565,113522,2065,133049,354,9305,1930,86693,2037,88989,2284,175682,California
Kern,2021-03-23,4741,260617,1673,115195,2869,135918,199,9504,2482,87141,2230,91219,2678,178360,California
Kern,2021-03-24,7186,267803,3679,118874,3030,138948,477,9981,3652,87752,3516,94735,4127,182487,California
Kern,2021-03-25,6794,274597,3013,121887,3450,142398,331,10312,3222,87748,3554,98289,3550,186037,California
Kern,2021-03-26,9872,284469,4412,126299,4204,146602,1256,11568,4719,88591,5131,103420,5974,192011,California
Kern,2021-03-27,5715,290184,3999,130298,1587,148189,129,11697,3450,89908,2261,105681,3578,195589,California
Kern,2021-03-28,4699,294883,4207,134505,478,148667,14,11711,2959,91145,1736,107417,2973,198562,California
Kern,2021-03-29,4260,299143,1682,136187,2301,150968,277,11988,2610,92392,1637,109054,2884,201446,California
Kern,2021-03-30,5598,304741,1870,138057,3341,154309,387,12375,3058,93300,2533,111587,3441,204887,California
Kern,2021-03-31,8419,313160,4543,142600,3228,157537,648,13023,4306,94159,4094,115681,4953,209840,California
Kern,2021-04-01,7906,321066,3875,146475,3728,161265,303,13326,4224,95029,3653,119334,4523,214363,California
Kern,2021-04-02,8463,329529,4470,150945,3384,164649,609,13935,4225,95634,4220,123554,4825,219188,California
Kern,2021-04-03,6005,335534,3675,154620,2149,166798,181,14116,2659,95135,3336,126890,2837,222025,California
Kern,2021-04-04,1340,336874,873,155493,382,167180,85,14201,475,94832,862,127752,559,222584,California
Kern,2021-04-05,5374,342248,2221,157714,2378,169558,775,14976,2897,96012,2463,130215,3643,226227,California
Kern,2021-04-06,7123,349371,2469,160183,3277,172835,1377,16353,3560,97407,3539,133754,4934,231161,California
Kern,2021-04-07,9383,358754,5475,165658,2945,175780,963,17316,4569,98141,4796,138550,5530,236691,California
Kern,2021-04-08,8661,367415,4798,170456,2950,178730,913,18229,3726,97859,4909,143459,4627,241318,California
Kern,2021-04-09,10276,377691,5142,175598,4142,182872,992,19221,4352,97303,5897,149356,5341,246659,California
Kern,2021-04-10,6603,384294,3471,179069,1883,184755,1249,20470,2141,96235,4452,153808,3384,250043,California
Kern,2021-04-11,3934,388228,2924,181993,367,185122,643,21113,1275,95502,2644,156452,1911,251954,California
Kern,2021-04-12,4422,392650,996,182989,2452,187574,974,22087,1588,95252,2810,159262,2560,254514,California
Kern,2021-04-13,4304,396954,1414,184403,2864,190438,26,22113,2117,95222,2172,161434,2142,256656,California
Kern,2021-04-14,6104,403058,3010,187413,3072,193510,22,22135,3009,95176,3076,164510,3030,259686,California
Kern,2021-04-15,5317,408375,2498,189911,2816,196326,3,22138,2528,94935,2772,167282,2531,262217,California
Kern,2021-04-16,7320,415695,3470,193381,3849,200175,1,22139,3003,93653,4289,171571,3007,265224,California
Kern,2021-04-17,6003,421698,3936,197317,2067,202242,0,22139,2154,91975,3834,175405,2156,267380,California
Kern,2021-04-18,3850,425548,3607,200924,243,202485,0,22139,954,90042,2887,178292,954,268334,California
Kern,2021-04-19,3846,429394,1735,202659,2109,204594,2,22141,1437,89093,2387,180679,1438,269772,California
Kern,2021-04-20,4402,433796,1604,204263,2796,207390,2,22143,1682,88077,2701,183380,1685,271457,California
Kern,2021-04-21,5880,439676,3159,207422,2716,210106,5,22148,2150,86525,3705,187085,2153,273610,California
Kern,2021-04-22,4825,444501,2337,209759,2488,212594,0,22148,1721,85168,3080,190165,1723,275333,California
Kern,2021-04-23,6144,450645,3028,212787,3115,215709,1,22149,1915,82897,4189,194354,1918,277251,California
Kern,2021-04-24,4018,454663,2802,215589,1205,216914,11,22160,1448,81806,2551,196905,1460,278711,California
Kern,2021-04-25,1404,456067,1116,216705,288,217202,0,22160,827,82062,571,197476,827,279538,California
Kern,2021-04-26,3864,459931,1828,218533,1984,219186,52,22212,1064,80389,2791,200267,1118,280656,California
Kern,2021-04-27,4784,464715,2316,220849,2360,221546,108,22320,1465,78655,3304,203571,1570,282226,California
Kern,2021-04-28,6319,471034,3720,224569,2475,224021,124,22444,1804,76085,4495,208066,1925,284151,California
Kern,2021-04-29,5523,476557,3067,227636,2357,226378,99,22543,1627,73937,3875,211941,1727,285878,California
Kern,2021-04-30,5599,482156,3124,230760,2316,228694,159,22702,1616,71744,3967,215908,1774,287652,California
Kern,2021-05-01,2721,484877,1933,232693,729,229423,59,22761,1085,71263,1624,217532,1143,288795,California
Kern,2021-05-02,1893,486770,1605,234298,266,229689,22,22783,693,70785,1193,218725,715,289510,California
Kern,2021-05-03,2549,489319,1032,235330,1383,231072,134,22917,786,69958,1748,220473,921,290431,California
Kern,2021-05-04,3665,492984,1308,236638,2247,233319,110,23027,1291,68999,2358,222831,1399,291830,California
Kern,2021-05-05,4166,497150,2149,238787,1865,235184,152,23179,1381,67762,2768,225599,1531,293361,California
Kern,2021-05-06,3600,500750,1632,240419,1822,237006,146,23325,1138,66603,2439,228038,1280,294641,California
Kern,2021-05-07,4623,505373,2315,242734,2133,239139,175,23500,1302,64790,3289,231327,1476,296117,California
Kern,2021-05-08,2890,508263,1822,244556,953,240092,115,23615,891,63810,1984,233311,1004,297121,California
Kern,2021-05-09,1349,509612,1175,245731,145,240237,29,23644,448,63395,892,234203,477,297598,California
Kern,2021-05-10,2270,511882,886,246617,1281,241518,103,23747,674,62593,1577,235780,775,298373,California
Kern,2021-05-11,2643,514525,922,247539,1596,243114,125,23872,957,62002,1674,237454,1083,299456,California
Kern,2021-05-12,3635,518160,1466,249005,2016,245130,153,24025,1163,60859,2457,239911,1314,300770,California
Kern,2021-05-13,3496,521656,1830,250835,1513,246643,153,24178,1627,60779,1856,241767,1776,302546,California
Kern,2021-05-14,4295,525951,2537,253372,1534,248177,224,24402,1981,60689,2294,244061,2204,304750,California
Kern,2021-05-15,2918,528869,1893,255265,937,249114,88,24490,1546,60965,1357,245418,1633,306383,California
Kern,2021-05-16,1546,530415,1323,256588,183,249297,40,24530,881,61227,659,246077,921,307304,California
Kern,2021-05-17,2324,532739,1004,257592,1175,250472,145,24675,1185,61430,1126,247203,1329,308633,California
Kern,2021-05-18,3182,535921,1467,259059,1583,252055,132,24807,1626,61647,1539,248742,1756,310389,California
Kern,2021-05-19,3831,539752,2390,261449,1312,253367,129,24936,1843,61641,1975,250717,1969,312358,California
Kern,2021-05-20,3095,542847,1682,263131,1271,254638,142,25078,1426,61559,1648,252365,1566,313924,California
Kern,2021-05-21,3641,546488,2204,265335,1302,255940,135,25213,1864,61805,1753,254118,1999,315923,California
Kern,2021-05-22,2950,549438,2298,267633,604,256544,48,25261,1417,61746,1521,255639,1462,317385,California
Kern,2021-05-23,1264,550702,1069,268702,168,256712,27,25288,664,61844,592,256231,690,318075,California
Kern,2021-05-24,1852,552554,782,269484,957,257669,113,25401,872,61854,974,257205,984,319059,California
Kern,2021-05-25,2400,554954,1111,270595,1200,258869,89,25490,1126,61808,1260,258465,1214,320273,California
Kern,2021-05-26,2791,557745,1613,272208,1074,259943,104,25594,1206,61548,1568,260033,1308,321581,California
Kern,2021-05-27,2400,560145,1233,273441,1064,261007,103,25697,1263,61798,1115,261148,1365,322946,California
Kern,2021-05-28,2729,562874,1388,274829,1230,262237,111,25808,1266,61724,1449,262597,1375,324321,California
Kern,2021-05-29,1901,564775,1262,276091,593,262830,46,25854,933,61749,954,263551,979,325300,California
Kern,2021-05-30,860,565635,704,276795,137,262967,19,25873,436,61786,417,263968,454,325754,California
Kern,2021-05-31,131,565766,40,276835,80,263047,11,25884,45,61758,83,264051,55,325809,California
Kern,2021-06-01,2288,568054,950,277785,1267,264314,71,25955,1003,61562,1269,265320,1073,326882,California
Kern,2021-06-02,2242,570296,1294,279079,842,265156,106,26061,945,61327,1286,266606,1051,327933,California
Kern,2021-06-03,2370,572666,1334,280413,881,266037,155,26216,877,60876,1482,268088,1031,328964,California
Kern,2021-06-04,2949,575615,1912,282325,928,266965,109,26325,890,59833,2041,270129,998,329962,California
Kern,2021-06-05,2529,578144,2043,284368,452,267417,34,26359,809,58965,1711,271840,843,330805,California
Kern,2021-06-06,1218,579362,1113,285481,82,267499,23,26382,433,58642,780,272620,457,331262,California
Kern,2021-06-07,1801,581163,1121,286602,586,268085,94,26476,680,58306,1108,273728,772,332034,California
Kern,2021-06-08,2118,583281,1232,287834,816,268901,70,26546,675,57625,1425,275153,744,332778,California
Kern,2021-06-09,2616,585897,1840,289674,687,269588,89,26635,823,56757,1779,276932,911,333689,California
Kern,2021-06-10,2225,588122,1379,291053,747,270335,99,26734,787,56214,1427,278359,884,334573,California
Kern,2021-06-11,2825,590947,1905,292958,831,271166,89,26823,1051,55593,1762,280121,1141,335714,California
Kern,2021-06-12,1782,592729,1327,294285,407,271573,48,26871,533,54930,1244,281365,581,336295,California
Kern,2021-06-13,908,593637,791,295076,110,271683,7,26878,263,54559,642,282007,271,336566,California
Kern,2021-06-14,1842,595479,1127,296203,624,272307,91,26969,662,54141,1169,283176,751,337317,California
Kern,2021-06-15,2105,597584,1179,297382,852,273159,74,27043,820,53758,1277,284453,894,338211,California
Kern,2021-06-16,2045,599629,1340,298722,630,273789,75,27118,796,53395,1233,285686,870,339081,California
Kern,2021-06-17,1800,601429,1127,299849,564,274353,109,27227,875,53463,917,286603,985,340066,California
Kern,2021-06-18,2141,603570,1345,301194,682,275035,114,27341,890,53232,1234,287837,1003,341069,California
Kern,2021-06-19,1199,604769,863,302057,306,275341,30,27371,509,53091,680,288517,539,341608,California
Kern,2021-06-20,706,605475,584,302641,103,275444,19,27390,263,52930,443,288960,282,341890,California
Kern,2021-06-21,1188,606663,629,303270,480,275924,79,27469,637,53101,543,289503,714,342604,California
Kern,2021-06-22,866,607529,445,303715,372,276296,49,27518,313,52922,541,290044,362,342966,California
Kings,2020-12-16,1,1,1,1,0,0,0,0,1,1,0,0,1,1,California
Kings,2020-12-17,8,9,8,9,0,0,0,0,8,9,0,0,8,9,California
Kings,2020-12-18,12,21,12,21,0,0,0,0,12,21,0,0,12,21,California
Kings,2020-12-19,12,33,12,33,0,0,0,0,12,33,0,0,12,33,California
Kings,2020-12-20,13,46,13,46,0,0,0,0,13,46,0,0,13,46,California
Kings,2020-12-21,157,203,157,203,0,0,0,0,269,315,0,0,269,315,California
Kings,2020-12-22,142,345,142,345,0,0,0,0,139,454,0,0,139,454,California
Kings,2020-12-23,137,482,123,468,14,14,0,0,138,592,0,0,138,592,California
Kings,2020-12-24,11,493,9,477,2,16,0,0,11,603,0,0,11,603,California
Kings,2020-12-26,7,500,4,481,3,19,0,0,7,610,0,0,7,610,California
Kings,2020-12-27,4,504,4,485,0,19,0,0,4,614,0,0,4,614,California
Kings,2020-12-28,131,635,103,588,28,47,0,0,132,746,0,0,132,746,California
Kings,2020-12-29,83,718,55,643,28,75,0,0,84,830,0,0,84,830,California
Kings,2020-12-30,152,870,111,754,41,116,0,0,152,982,0,0,152,982,California
Kings,2020-12-31,46,916,5,759,41,157,0,0,46,1028,0,0,46,1028,California
Kings,2021-01-01,1,917,0,759,1,158,0,0,1,1029,0,0,1,1029,California
Kings,2021-01-02,11,928,10,769,1,159,0,0,11,1040,0,0,11,1040,California
Kings,2021-01-03,1,929,1,770,0,159,0,0,1,1041,0,0,1,1041,California
Kings,2021-01-04,111,1040,41,811,70,229,0,0,111,1152,0,0,111,1152,California
Kings,2021-01-05,195,1235,40,851,155,384,0,0,195,1347,0,0,195,1347,California
Kings,2021-01-06,278,1513,181,1032,97,481,0,0,275,1619,3,3,275,1622,California
Kings,2021-01-07,182,1695,84,1116,98,579,0,0,174,1785,8,11,174,1796,California
Kings,2021-01-08,250,1945,57,1173,193,772,0,0,229,1993,21,32,229,2025,California
Kings,2021-01-09,63,2008,9,1182,54,826,0,0,55,2040,8,40,55,2080,California
Kings,2021-01-10,15,2023,3,1185,12,838,0,0,12,2049,3,43,12,2092,California
Kings,2021-01-11,516,2539,352,1537,164,1002,0,0,276,2086,240,283,277,2369,California
Kings,2021-01-12,348,2887,252,1789,96,1098,0,0,215,2171,130,413,215,2584,California
Kings,2021-01-13,417,3304,270,2059,147,1245,0,0,327,2408,90,503,327,2911,California
Kings,2021-01-14,211,3515,32,2091,179,1424,0,0,201,2589,21,524,202,3113,California
Kings,2021-01-15,420,3935,31,2122,389,1813,0,0,408,2985,12,536,408,3521,California
Kings,2021-01-16,27,3962,9,2131,18,1831,0,0,26,3010,1,537,26,3547,California
Kings,2021-01-17,11,3973,8,2139,3,1834,0,0,9,3017,2,539,9,3556,California
Kings,2021-01-18,174,4147,41,2180,133,1967,0,0,148,3139,26,565,148,3704,California
Kings,2021-01-19,383,4530,162,2342,221,2188,0,0,253,3262,130,695,253,3957,California
Kings,2021-01-20,239,4769,147,2489,92,2280,0,0,128,3284,106,801,128,4085,California
Kings,2021-01-21,212,4981,56,2545,156,2436,0,0,196,3462,18,819,196,4281,California
Kings,2021-01-22,108,5089,19,2564,89,2525,0,0,107,3564,5,824,107,4388,California
Kings,2021-01-23,27,5116,14,2578,13,2538,0,0,20,3577,7,831,20,4408,California
Kings,2021-01-24,4,5120,4,2582,0,2538,0,0,2,3577,2,833,2,4410,California
Kings,2021-01-25,133,5253,27,2609,106,2644,0,0,98,3640,35,868,98,4508,California
Kings,2021-01-26,156,5409,35,2644,121,2765,0,0,114,3712,42,910,114,4622,California
Kings,2021-01-27,332,5741,37,2681,295,3060,0,0,255,3891,76,986,255,4877,California
Kings,2021-01-28,336,6077,46,2727,290,3350,0,0,279,4113,57,1043,279,5156,California
Kings,2021-01-29,110,6187,26,2753,84,3434,0,0,93,4189,17,1060,93,5249,California
Kings,2021-01-30,1567,7754,21,2774,1546,4980,0,0,1564,5752,3,1063,1566,6815,California
Kings,2021-01-31,1,7755,1,2775,0,4980,0,0,1,5753,0,1063,1,6816,California
Kings,2021-02-01,222,7977,66,2841,156,5136,0,0,92,5717,128,1191,92,6908,California
Kings,2021-02-02,246,8223,16,2857,230,5366,0,0,95,5662,150,1341,95,7003,California
Kings,2021-02-03,404,8627,194,3051,210,5576,0,0,246,5751,157,1498,246,7249,California
Kings,2021-02-04,428,9055,101,3152,327,5903,0,0,229,5782,198,1696,229,7478,California
Kings,2021-02-05,337,9392,55,3207,282,6185,0,0,176,5800,158,1854,176,7654,California
Kings,2021-02-06,61,9453,10,3217,51,6236,0,0,28,5795,33,1887,28,7682,California
Kings,2021-02-07,6,9459,4,3221,2,6238,0,0,3,5795,3,1890,3,7685,California
Kings,2021-02-08,173,9632,29,3250,144,6382,0,0,66,5754,107,1997,66,7751,California
Kings,2021-02-09,257,9889,59,3309,198,6580,0,0,113,5725,142,2139,113,7864,California
Kings,2021-02-10,379,10268,112,3421,267,6847,0,0,261,5868,118,2257,261,8125,California
Kings,2021-02-11,484,10752,65,3486,419,7266,0,0,365,6115,118,2375,365,8490,California
Kings,2021-02-12,633,11385,37,3523,596,7862,0,0,353,6189,279,2654,353,8843,California
Kings,2021-02-13,233,11618,7,3530,226,8088,0,0,207,6370,26,2680,207,9050,California
Kings,2021-02-14,104,11722,4,3534,100,8188,0,0,96,6458,8,2688,96,9146,California
Kings,2021-02-15,253,11975,5,3539,248,8436,0,0,138,6482,114,2802,138,9284,California
Kings,2021-02-16,591,12566,35,3574,556,8992,0,0,353,6599,237,3039,354,9638,California
Kings,2021-02-17,441,13007,26,3600,415,9407,0,0,302,6764,139,3178,304,9942,California
Kings,2021-02-18,349,13356,22,3622,327,9734,0,0,218,6851,131,3309,218,10160,California
Kings,2021-02-19,213,13569,25,3647,188,9922,0,0,133,6907,77,3386,133,10293,California
Kings,2021-02-20,165,13734,31,3678,134,10056,0,0,137,7016,28,3414,137,10430,California
Kings,2021-02-21,3,13737,2,3680,1,10057,0,0,3,7019,0,3414,3,10433,California
Kings,2021-02-22,128,13865,19,3699,109,10166,0,0,56,7003,72,3486,56,10489,California
Kings,2021-02-23,438,14303,71,3770,367,10533,0,0,318,7201,120,3606,318,10807,California
Kings,2021-02-24,741,15044,155,3925,586,11119,0,0,525,7510,216,3822,525,11332,California
Kings,2021-02-25,825,15869,136,4061,689,11808,0,0,598,7883,225,4047,598,11930,California
Kings,2021-02-26,854,16723,137,4198,717,12525,0,0,780,8589,74,4121,780,12710,California
Kings,2021-02-27,1531,18254,65,4263,1466,13991,0,0,586,8231,944,5065,586,13296,California
Kings,2021-02-28,1212,19466,602,4865,610,14601,0,0,680,8383,529,5594,681,13977,California
Kings,2021-03-01,297,19763,89,4954,208,14809,0,0,226,8538,71,5665,226,14203,California
Kings,2021-03-02,596,20359,260,5214,336,15145,0,0,523,8989,73,5738,524,14727,California
Kings,2021-03-03,758,21117,328,5542,430,15575,0,0,533,9300,223,5961,534,15261,California
Kings,2021-03-04,830,21947,360,5902,470,16045,0,0,700,9871,130,6091,701,15962,California
Kings,2021-03-05,1194,23141,367,6269,817,16862,10,10,1039,10770,155,6246,1054,17016,California
Kings,2021-03-06,521,23662,189,6458,319,17181,13,23,491,11244,30,6276,504,17520,California
Kings,2021-03-07,362,24024,221,6679,137,17318,4,27,354,11594,8,6284,358,17878,California
Kings,2021-03-08,382,24406,98,6777,231,17549,53,80,267,11799,115,6399,320,18198,California
Kings,2021-03-09,691,25097,392,7169,245,17794,54,134,580,12324,110,6509,635,18833,California
Kings,2021-03-10,695,25792,178,7347,409,18203,108,242,481,12700,212,6721,588,19421,California
Kings,2021-03-11,1207,26999,436,7783,654,18857,117,359,760,13133,445,7166,878,20299,California
Kings,2021-03-12,1518,28517,460,8243,966,19823,92,451,1006,13723,510,7676,1100,21399,California
Kings,2021-03-13,672,29189,326,8569,305,20128,41,492,547,14188,125,7801,590,21989,California
Kings,2021-03-14,679,29868,105,8674,185,20313,389,881,205,14308,474,8275,594,22583,California
Kings,2021-03-15,713,30581,267,8941,328,20641,118,999,473,14662,239,8514,593,23176,California
Kings,2021-03-16,1170,31751,479,9420,630,21271,61,1060,754,15062,416,8930,816,23992,California
Kings,2021-03-17,1117,32868,426,9846,630,21901,61,1121,788,15590,329,9259,857,24849,California
Kings,2021-03-18,1143,34011,480,10326,440,22341,223,1344,751,16176,390,9649,976,25825,California
Kings,2021-03-19,980,34991,469,10795,423,22764,88,1432,730,16760,249,9898,833,26658,California
Kings,2021-03-20,646,35637,257,11052,358,23122,31,1463,468,17091,176,10074,507,27165,California
Kings,2021-03-21,1422,37059,1090,12142,319,23441,13,1476,859,17400,563,10637,872,28037,California
Kings,2021-03-22,452,37511,201,12343,164,23605,87,1563,268,17576,183,10820,359,28396,California
Kings,2021-03-23,1054,38565,511,12854,479,24084,64,1627,553,17698,499,11319,621,29017,California
Kings,2021-03-24,1105,39670,489,13343,592,24676,24,1651,508,17638,595,11914,535,29552,California
Kings,2021-03-25,1060,40730,476,13819,556,25232,28,1679,450,17507,608,12522,477,30029,California
Kings,2021-03-26,1413,42143,383,14202,944,26176,86,1765,522,17228,886,13408,607,30636,California
Kings,2021-03-27,654,42797,266,14468,376,26552,12,1777,161,16910,491,13899,173,30809,California
Kings,2021-03-28,678,43475,607,15075,64,26616,7,1784,410,17072,268,14167,430,31239,California
Kings,2021-03-29,475,43950,216,15291,198,26814,61,1845,260,17179,213,14380,320,31559,California
Kings,2021-03-30,881,44831,480,15771,360,27174,41,1886,434,17207,446,14826,474,32033,California
Kings,2021-03-31,799,45630,395,16166,332,27506,72,1958,416,17320,375,15201,488,32521,California
Kings,2021-04-01,898,46528,492,16658,317,27823,89,2047,359,17235,533,15734,448,32969,California
Kings,2021-04-02,1075,47603,460,17118,489,28312,126,2173,393,17077,676,16410,518,33487,California
Kings,2021-04-03,490,48093,343,17461,138,28450,9,2182,170,16943,314,16724,180,33667,California
Kings,2021-04-04,160,48253,86,17547,68,28518,6,2188,42,16874,117,16841,48,33715,California
Kings,2021-04-05,1069,49322,336,17883,484,29002,249,2437,242,16538,826,17667,490,34205,California
Kings,2021-04-06,1218,50540,466,18349,442,29444,310,2747,286,16204,929,18596,595,34800,California
Kings,2021-04-07,1376,51916,660,19009,528,29972,188,2935,337,15693,1036,19632,525,35325,California
Kings,2021-04-08,1634,53550,639,19648,743,30715,252,3187,376,15070,1251,20883,628,35953,California
Kings,2021-04-09,1174,54724,543,20191,448,31163,183,3370,231,14539,941,21824,410,36363,California
Kings,2021-04-10,602,55326,333,20524,163,31326,106,3476,177,14398,423,22247,282,36645,California
Kings,2021-04-11,356,55682,74,20598,275,31601,7,3483,197,14445,157,22404,204,36849,California
Kings,2021-04-12,707,56389,311,20909,192,31793,204,3687,192,14328,513,22917,396,37245,California
Kings,2021-04-13,918,57307,525,21434,393,32186,0,3687,290,13996,626,23543,294,37539,California
Kings,2021-04-14,1061,58368,581,22015,480,32666,0,3687,383,13702,678,24221,384,37923,California
Kings,2021-04-15,1067,59435,526,22541,540,33206,1,3688,456,13550,609,24830,457,38380,California
Kings,2021-04-16,804,60239,368,22909,436,33642,0,3688,265,13279,537,25367,266,38646,California
Kings,2021-04-17,475,60714,260,23169,215,33857,0,3688,196,13198,277,25644,196,38842,California
Kings,2021-04-18,571,61285,246,23415,325,34182,0,3688,42,12711,529,26173,42,38884,California
Kings,2021-04-19,543,61828,303,23718,240,34422,0,3688,294,12758,247,26420,294,39178,California
Kings,2021-04-20,751,62579,455,24173,296,34718,0,3688,240,12488,510,26930,240,39418,California
Kings,2021-04-21,651,63230,307,24480,344,35062,0,3688,223,12291,420,27350,223,39641,California
Kings,2021-04-22,562,63792,280,24760,282,35344,0,3688,206,12145,353,27703,207,39848,California
Kings,2021-04-23,678,64470,292,25052,386,35730,0,3688,327,12125,347,28050,327,40175,California
Kings,2021-04-24,248,64718,180,25232,67,35797,1,3689,120,12119,127,28177,121,40296,California
Kings,2021-04-25,200,64918,181,25413,19,35816,0,3689,164,12247,36,28213,164,40460,California
Kings,2021-04-26,316,65234,169,25582,144,35960,3,3692,198,12331,117,28330,201,40661,California
Kings,2021-04-27,427,65661,188,25770,220,36180,19,3711,181,12287,244,28574,200,40861,California
Kings,2021-04-28,517,66178,258,26028,239,36419,20,3731,270,12330,247,28821,290,41151,California
Kings,2021-04-29,293,66471,113,26141,167,36586,13,3744,135,12323,155,28976,148,41299,California
Kings,2021-04-30,370,66841,163,26304,190,36776,17,3761,154,12282,212,29188,171,41470,California
Kings,2021-05-01,229,67070,166,26470,53,36829,10,3771,73,12210,155,29343,83,41553,California
Kings,2021-05-02,169,67239,147,26617,22,36851,0,3771,127,12295,42,29385,127,41680,California
Kings,2021-05-03,477,67716,253,26870,211,37062,13,3784,123,12078,353,29738,136,41816,California
Kings,2021-05-04,518,68234,262,27132,236,37298,20,3804,160,11901,357,30095,180,41996,California
Kings,2021-05-05,548,68782,283,27415,245,37543,20,3824,133,11640,414,30509,153,42149,California
Kings,2021-05-06,551,69333,270,27685,258,37801,23,3847,125,11364,424,30933,148,42297,California
Kings,2021-05-07,365,69698,210,27895,139,37940,16,3863,146,11309,217,31150,162,42459,California
Kings,2021-05-08,232,69930,166,28061,54,37994,12,3875,73,11235,158,31308,84,42543,California
Kings,2021-05-09,190,70120,60,28121,130,38124,0,3875,40,11125,150,31458,40,42583,California
Kings,2021-05-10,340,70460,262,28383,67,38191,11,3886,112,11021,226,31684,122,42705,California
Kings,2021-05-11,385,70845,238,28621,117,38308,30,3916,119,10905,266,31950,150,42855,California
Kings,2021-05-12,401,71246,163,28784,224,38532,14,3930,172,10864,227,32177,186,43041,California
Kings,2021-05-13,397,71643,147,28931,242,38774,8,3938,155,10785,242,32419,163,43204,California
Kings,2021-05-14,466,72109,317,29248,117,38891,32,3970,244,10840,221,32640,276,43480,California
Kings,2021-05-15,353,72462,250,29498,83,38974,20,3990,195,10897,158,32798,215,43695,California
Kings,2021-05-16,248,72710,222,29720,25,38999,1,3991,76,10802,172,32970,77,43772,California
Kings,2021-05-17,404,73114,321,30041,66,39065,17,4008,215,10846,188,33158,232,44004,California
Kings,2021-05-18,398,73512,278,30319,107,39172,13,4021,226,10914,172,33330,240,44244,California
Kings,2021-05-19,580,74092,283,30602,272,39444,25,4046,231,10823,347,33677,256,44500,California
Kings,2021-05-20,449,74541,235,30837,187,39631,27,4073,266,10934,183,33860,294,44794,California
Kings,2021-05-21,520,75061,263,31100,246,39877,11,4084,266,10961,250,34110,277,45071,California
Kings,2021-05-22,305,75366,246,31346,47,39924,12,4096,217,11104,86,34196,229,45300,California
Kings,2021-05-23,228,75594,220,31566,8,39932,0,4096,105,11086,123,34319,105,45405,California
Kings,2021-05-24,249,75843,166,31732,70,40002,13,4109,120,11090,129,34448,133,45538,California
Kings,2021-05-25,408,76251,269,32001,106,40108,33,4142,238,11193,168,34616,271,45809,California
Kings,2021-05-26,305,76556,125,32126,163,40271,17,4159,129,11164,175,34791,146,45955,California
Kings,2021-05-27,330,76886,180,32306,132,40403,18,4177,182,11219,145,34936,200,46155,California
Kings,2021-05-28,286,77172,140,32446,129,40532,17,4194,138,11229,145,35081,155,46310,California
Kings,2021-05-29,173,77345,99,32545,63,40595,11,4205,91,11250,81,35162,102,46412,California
Kings,2021-05-30,130,77475,113,32658,15,40610,2,4207,71,11264,59,35221,73,46485,California
Kings,2021-05-31,42,77517,23,32681,16,40626,3,4210,15,11255,27,35248,18,46503,California
Kings,2021-06-01,315,77832,186,32867,113,40739,16,4226,121,11201,190,35438,136,46639,California
Kings,2021-06-02,275,78107,125,32992,143,40882,7,4233,86,11108,186,35624,93,46732,California
Kings,2021-06-03,226,78333,126,33118,89,40971,11,4244,82,11065,136,35760,93,46825,California
Kings,2021-06-04,427,78760,282,33400,131,41102,14,4258,156,10968,267,36027,170,46995,California
Kings,2021-06-05,254,79014,221,33621,26,41128,7,4265,63,10860,178,36205,70,47065,California
Kings,2021-06-06,161,79175,153,33774,3,41131,5,4270,80,10868,77,36282,85,47150,California
Kings,2021-06-07,291,79466,220,33994,58,41189,13,4283,95,10780,196,36478,108,47258,California
Kings,2021-06-08,312,79778,240,34234,52,41241,20,4303,85,10659,226,36704,105,47363,California
Kings,2021-06-09,399,80177,265,34499,125,41366,9,4312,117,10506,279,36983,126,47489,California
Kings,2021-06-10,342,80519,223,34722,106,41472,13,4325,85,10347,257,37240,98,47587,California
Kings,2021-06-11,372,80891,282,35004,87,41559,3,4328,143,10269,224,37464,146,47733,California
Kings,2021-06-12,268,81159,220,35224,44,41603,4,4332,69,10159,183,37647,73,47806,California
Kings,2021-06-13,127,81286,118,35342,8,41611,1,4333,35,10104,91,37738,36,47842,California
Kings,2021-06-14,238,81524,172,35514,44,41655,22,4355,99,10086,139,37877,121,47963,California
Kings,2021-06-15,255,81779,182,35696,62,41717,11,4366,90,10023,164,38041,101,48064,California
Kings,2021-06-16,254,82033,131,35827,116,41833,7,4373,91,9966,156,38197,99,48163,California
Kings,2021-06-17,209,82242,112,35939,87,41920,10,4383,81,9929,128,38325,91,48254,California
Kings,2021-06-18,249,82491,175,36114,65,41985,9,4392,119,9927,130,38455,128,48382,California
Kings,2021-06-19,101,82592,69,36183,27,42012,5,4397,40,9911,61,38516,45,48427,California
Kings,2021-06-20,84,82676,69,36252,9,42021,6,4403,28,9889,56,38572,34,48461,California
Kings,2021-06-21,173,82849,90,36342,52,42073,31,4434,91,9929,82,38654,122,48583,California
Kings,2021-06-22,67,82916,46,36388,16,42089,5,4439,20,9907,46,38700,24,48607,California
Lake,2020-12-17,4,4,4,4,0,0,0,0,4,4,0,0,4,4,California
Lake,2020-12-18,49,53,49,53,0,0,0,0,49,53,0,0,49,53,California
Lake,2020-12-19,3,56,3,56,0,0,0,0,3,56,0,0,3,56,California
Lake,2020-12-20,6,62,6,62,0,0,0,0,6,62,0,0,6,62,California
Lake,2020-12-21,87,149,87,149,0,0,0,0,87,149,0,0,87,149,California
Lake,2020-12-22,63,212,60,209,3,3,0,0,63,212,0,0,63,212,California
Lake,2020-12-23,125,337,116,325,9,12,0,0,125,337,0,0,125,337,California
Lake,2020-12-24,2,339,0,325,2,14,0,0,2,339,0,0,2,339,California
Lake,2020-12-26,2,341,2,327,0,14,0,0,2,341,0,0,2,341,California
Lake,2020-12-27,2,343,2,329,0,14,0,0,2,343,0,0,2,343,California
Lake,2020-12-28,52,395,43,372,9,23,0,0,52,395,0,0,52,395,California
Lake,2020-12-29,53,448,48,420,5,28,0,0,53,448,0,0,53,448,California
Lake,2020-12-30,132,580,125,545,7,35,0,0,132,580,0,0,132,580,California
Lake,2020-12-31,67,647,64,609,3,38,0,0,67,647,0,0,67,647,California
Lake,2021-01-01,2,649,0,609,2,40,0,0,2,649,0,0,2,649,California
Lake,2021-01-02,2,651,1,610,1,41,0,0,2,651,0,0,2,651,California
Lake,2021-01-04,90,741,21,631,69,110,0,0,90,741,0,0,90,741,California
Lake,2021-01-05,120,861,59,690,61,171,0,0,118,857,2,2,118,859,California
Lake,2021-01-06,103,964,64,754,39,210,0,0,101,956,2,4,101,960,California
Lake,2021-01-07,109,1073,85,839,24,234,0,0,100,1047,9,13,100,1060,California
Lake,2021-01-08,163,1236,134,973,29,263,0,0,112,1108,51,64,112,1172,California
Lake,2021-01-09,63,1299,61,1034,2,265,0,0,59,1163,4,68,59,1231,California
Lake,2021-01-10,3,1302,3,1037,0,265,0,0,0,1160,3,71,0,1231,California
Lake,2021-01-11,186,1488,148,1185,38,303,0,0,108,1190,78,149,108,1339,California
Lake,2021-01-12,82,1570,49,1234,33,336,0,0,58,1224,24,173,58,1397,California
Lake,2021-01-13,172,1742,116,1350,56,392,0,0,111,1274,61,234,111,1508,California
Lake,2021-01-14,147,1889,48,1398,99,491,0,0,125,1377,22,256,125,1633,California
Lake,2021-01-15,218,2107,95,1493,123,614,0,0,189,1537,29,285,189,1822,California
Lake,2021-01-16,132,2239,82,1575,50,664,0,0,130,1665,2,287,130,1952,California
Lake,2021-01-17,13,2252,6,1581,7,671,0,0,7,1666,6,293,7,1959,California
Lake,2021-01-18,244,2496,228,1809,16,687,0,0,122,1666,122,415,122,2081,California
Lake,2021-01-19,319,2815,123,1932,196,883,0,0,270,1888,49,464,271,2352,California
Lake,2021-01-20,425,3240,82,2014,343,1226,0,0,360,2184,64,528,360,2712,California
Lake,2021-01-21,437,3677,46,2060,391,1617,0,0,401,2549,36,564,401,3113,California
Lake,2021-01-22,321,3998,48,2108,273,1890,0,0,285,2798,36,600,285,3398,California
Lake,2021-01-23,123,4121,6,2114,117,2007,0,0,122,2919,1,601,122,3520,California
Lake,2021-01-24,5,4126,2,2116,3,2010,0,0,5,2924,0,601,5,3525,California
Lake,2021-01-25,255,4381,92,2208,163,2173,0,0,173,3015,82,683,173,3698,California
Lake,2021-01-26,429,4810,32,2240,397,2570,0,0,405,3396,24,707,405,4103,California
Lake,2021-01-27,363,5173,39,2279,324,2894,0,0,336,3706,27,734,337,4440,California
Lake,2021-01-28,493,5666,159,2438,334,3228,0,0,364,3941,129,863,364,4804,California
Lake,2021-01-29,661,6327,108,2546,553,3781,0,0,577,4434,84,947,577,5381,California
Lake,2021-01-30,554,6881,39,2585,515,4296,0,0,548,4976,6,953,548,5929,California
Lake,2021-01-31,12,6893,7,2592,5,4301,0,0,10,4984,2,955,10,5939,California
Lake,2021-02-01,175,7068,15,2607,160,4461,0,0,161,5131,14,969,161,6100,California
Lake,2021-02-02,565,7633,154,2761,411,4872,0,0,397,5361,168,1137,398,6498,California
Lake,2021-02-03,443,8076,32,2793,411,5283,0,0,338,5594,105,1242,338,6836,California
Lake,2021-02-04,121,8197,70,2863,51,5334,0,0,71,5615,50,1292,71,6907,California
Lake,2021-02-05,382,8579,72,2935,310,5644,0,0,288,5811,92,1384,288,7195,California
Lake,2021-02-06,276,8855,40,2975,236,5880,0,0,263,6062,13,1397,264,7459,California
Lake,2021-02-07,3,8858,2,2977,1,5881,0,0,3,6065,0,1397,3,7462,California
Lake,2021-02-08,276,9134,207,3184,69,5950,0,0,158,6105,118,1515,158,7620,California
Lake,2021-02-09,344,9478,23,3207,321,6271,0,0,300,6362,43,1558,300,7920,California
Lake,2021-02-10,351,9829,49,3256,302,6573,0,0,271,6553,80,1638,271,8191,California
Lake,2021-02-11,173,10002,17,3273,156,6729,0,0,57,6494,116,1754,57,8248,California
Lake,2021-02-12,370,10372,28,3301,342,7071,0,0,284,6693,85,1839,284,8532,California
Lake,2021-02-13,255,10627,9,3310,246,7317,0,0,245,6929,10,1849,246,8778,California
Lake,2021-02-14,14,10641,4,3314,10,7327,0,0,5,6925,9,1858,5,8783,California
Lake,2021-02-15,162,10803,7,3321,155,7482,0,0,7,6778,154,2012,7,8790,California
Lake,2021-02-16,423,11226,20,3341,403,7885,0,0,176,6708,247,2259,177,8967,California
Lake,2021-02-17,348,11574,52,3393,296,8181,0,0,70,6501,277,2536,70,9037,California
Lake,2021-02-18,459,12033,70,3463,389,8570,0,0,115,6272,344,2880,115,9152,California
Lake,2021-02-19,425,12458,24,3487,401,8971,0,0,91,6029,334,3214,91,9243,California
Lake,2021-02-20,290,12748,56,3543,234,9205,0,0,250,6240,39,3253,250,9493,California
Lake,2021-02-21,5,12753,5,3548,0,9205,0,0,0,6235,5,3258,0,9493,California
Lake,2021-02-22,133,12886,16,3564,117,9322,0,0,39,6180,94,3352,39,9532,California
Lake,2021-02-23,216,13102,17,3581,199,9521,0,0,29,6022,187,3539,29,9561,California
Lake,2021-02-24,1011,14113,431,4012,580,10101,0,0,470,5952,540,4079,470,10031,California
Lake,2021-02-25,761,14874,498,4510,263,10364,0,0,501,6196,257,4336,501,10532,California
Lake,2021-02-26,1012,15886,318,4828,694,11058,0,0,362,5911,647,4983,362,10894,California
Lake,2021-02-27,407,16293,96,4924,311,11369,0,0,327,6159,79,5062,327,11221,California
Lake,2021-02-28,15,16308,8,4932,7,11376,0,0,10,6164,5,5067,10,11231,California
Lake,2021-03-01,593,16901,54,4986,539,11915,0,0,444,6459,149,5216,444,11675,California
Lake,2021-03-02,744,17645,17,5003,727,12642,0,0,288,6292,455,5671,288,11963,California
Lake,2021-03-03,366,18011,193,5196,173,12815,0,0,147,6220,219,5890,147,12110,California
Lake,2021-03-04,576,18587,504,5700,72,12887,0,0,559,6762,17,5907,559,12669,California
Lake,2021-03-05,1052,19639,52,5752,1000,13887,0,0,187,6088,861,6768,187,12856,California
Lake,2021-03-06,34,19673,9,5761,24,13911,1,1,21,6097,13,6781,22,12878,California
Lake,2021-03-07,6,19679,4,5765,2,13913,0,1,4,6099,2,6783,4,12882,California
Lake,2021-03-08,341,20020,267,6032,64,13977,10,11,300,6368,41,6824,310,13192,California
Lake,2021-03-09,927,20947,40,6072,869,14846,18,29,403,6267,523,7347,422,13614,California
Lake,2021-03-10,198,21145,55,6127,130,14976,13,42,132,6347,66,7413,146,13760,California
Lake,2021-03-11,589,21734,47,6174,65,15041,477,519,50,6335,539,7952,527,14287,California
Lake,2021-03-12,855,22589,202,6376,627,15668,26,545,360,6228,493,8445,386,14673,California
Lake,2021-03-13,275,22864,20,6396,19,15687,236,781,14,6217,260,8705,249,14922,California
Lake,2021-03-14,10,22874,1,6397,9,15696,0,781,6,6219,4,8709,6,14928,California
Lake,2021-03-15,639,23513,9,6406,612,16308,18,799,480,6558,159,8868,498,15426,California
Lake,2021-03-16,1123,24636,842,7248,264,16572,17,816,378,6211,741,9609,394,15820,California
Lake,2021-03-17,245,24881,122,7370,101,16673,22,838,88,6164,157,9766,110,15930,California
Lake,2021-03-18,748,25629,375,7745,337,17010,36,874,355,6164,390,10156,390,16320,California
Lake,2021-03-19,583,26212,311,8056,251,17261,21,895,480,6563,102,10258,501,16821,California
Lake,2021-03-20,248,26460,7,8063,238,17499,3,898,30,6380,216,10474,33,16854,California
Lake,2021-03-21,15,26475,9,8072,5,17504,1,899,11,6388,4,10478,12,16866,California
Lake,2021-03-22,337,26812,257,8329,65,17569,15,914,249,6564,88,10566,264,17130,California
Lake,2021-03-23,433,27245,20,8349,399,17968,14,928,366,6878,66,10632,380,17510,California
Lake,2021-03-24,420,27665,58,8407,354,18322,8,936,327,7122,92,10724,336,17846,California
Lake,2021-03-25,666,28331,477,8884,183,18505,6,942,168,6797,498,11222,173,18019,California
Lake,2021-03-26,64,28395,31,8915,32,18537,1,943,29,6792,35,11257,30,18049,California
Lake,2021-03-27,307,28702,6,8921,298,18835,3,946,16,6522,289,11546,19,18068,California
Lake,2021-03-28,14,28716,7,8928,7,18842,0,946,7,6522,7,11553,7,18075,California
Lake,2021-03-29,989,29705,287,9215,700,19542,2,948,204,5945,783,12336,206,18281,California
Lake,2021-03-30,466,30171,317,9532,147,19689,2,950,369,6220,96,12432,371,18652,California
Lake,2021-03-31,619,30790,59,9591,560,20249,0,950,436,6482,174,12606,436,19088,California
Lake,2021-04-01,451,31241,237,9828,202,20451,12,962,188,6423,259,12865,200,19288,California
Lake,2021-04-02,220,31461,37,9865,155,20606,28,990,94,6419,126,12991,122,19410,California
Lake,2021-04-03,31,31492,4,9869,24,20630,3,993,11,6413,20,13011,14,19424,California
Lake,2021-04-04,19,31511,11,9880,7,20637,1,994,15,6425,4,13015,16,19440,California
Lake,2021-04-05,649,32160,72,9952,557,21194,20,1014,409,6616,237,13252,428,19868,California
Lake,2021-04-06,475,32635,17,9969,433,21627,25,1039,306,6779,168,13420,331,20199,California
Lake,2021-04-07,523,33158,55,10024,416,22043,52,1091,352,7014,169,13589,404,20603,California
Lake,2021-04-08,606,33764,492,10516,48,22091,66,1157,103,6683,500,14089,169,20772,California
Lake,2021-04-09,279,34043,39,10555,172,22263,68,1225,47,6568,229,14318,114,20886,California
Lake,2021-04-10,251,34294,12,10567,12,22275,227,1452,9,6562,242,14560,236,21122,California
Lake,2021-04-11,20,34314,15,10582,3,22278,2,1454,6,6556,14,14574,8,21130,California
Lake,2021-04-12,1085,35399,234,10816,818,23096,33,1487,246,5997,838,15412,279,21409,California
Lake,2021-04-13,178,35577,107,10923,71,23167,0,1487,52,5923,126,15538,52,21461,California
Lake,2021-04-14,614,36191,34,10957,580,23747,0,1487,554,6417,60,15598,554,22015,California
Lake,2021-04-15,642,36833,190,11147,452,24199,0,1487,331,6437,311,15909,331,22346,California
Lake,2021-04-16,266,37099,25,11172,241,24440,0,1487,71,6314,194,16103,71,22417,California
Lake,2021-04-17,40,37139,9,11181,31,24471,0,1487,29,6332,11,16114,29,22446,California
Lake,2021-04-18,8,37147,5,11186,3,24474,0,1487,0,6324,8,16122,0,22446,California
Lake,2021-04-19,300,37447,41,11227,259,24733,0,1487,251,6526,49,16171,251,22697,California
Lake,2021-04-20,703,38150,284,11511,419,25152,0,1487,96,6018,606,16777,98,22795,California
Lake,2021-04-21,533,38683,62,11573,471,25623,0,1487,196,5877,337,17114,196,22991,California
Lake,2021-04-22,464,39147,45,11618,419,26042,0,1487,320,6054,143,17257,320,23311,California
Lake,2021-04-23,117,39264,58,11676,59,26101,0,1487,69,6076,47,17304,69,23380,California
Lake,2021-04-24,53,39317,8,11684,45,26146,0,1487,39,6101,14,17318,39,23419,California
Lake,2021-04-25,36,39353,19,11703,17,26163,0,1487,24,6113,12,17330,24,23443,California
Lake,2021-04-26,292,39645,82,11785,209,26372,1,1488,88,5998,204,17534,89,23532,California
Lake,2021-04-27,246,39891,23,11808,205,26577,18,1506,85,5940,161,17695,103,23635,California
Lake,2021-04-28,514,40405,49,11857,450,27027,15,1521,92,5626,420,18115,106,23741,California
Lake,2021-04-29,208,40613,81,11938,111,27138,16,1537,110,5653,98,18213,125,23866,California
Lake,2021-04-30,286,40899,43,11981,212,27350,31,1568,147,5692,139,18352,178,24044,California
Lake,2021-05-01,50,40949,28,12009,20,27370,2,1570,35,5715,14,18366,37,24081,California
Lake,2021-05-02,17,40966,8,12017,8,27378,1,1571,9,5717,8,18374,10,24091,California
Lake,2021-05-03,416,41382,29,12046,352,27730,35,1606,65,5467,350,18724,100,24191,California
Lake,2021-05-04,405,41787,217,12263,139,27869,49,1655,125,5362,279,19003,174,24365,California
Lake,2021-05-05,625,42412,40,12303,573,28442,12,1667,82,4915,540,19543,93,24458,California
Lake,2021-05-06,141,42553,19,12322,93,28535,29,1696,72,4946,69,19612,100,24558,California
Lake,2021-05-07,162,42715,25,12347,117,28652,20,1716,104,5014,56,19668,124,24682,California
Lake,2021-05-08,41,42756,5,12352,36,28688,0,1716,36,5045,5,19673,36,24718,California
Lake,2021-05-09,17,42773,2,12354,10,28698,5,1721,10,5053,7,19680,15,24733,California
Lake,2021-05-10,248,43021,12,12366,208,28906,28,1749,59,4952,188,19868,87,24820,California
Lake,2021-05-11,194,43215,25,12391,152,29058,17,1766,115,5006,79,19947,133,24953,California
Lake,2021-05-12,541,43756,31,12422,490,29548,20,1786,55,4594,486,20433,74,25027,California
Lake,2021-05-13,314,44070,68,12490,232,29780,14,1800,73,4442,239,20672,87,25114,California
Lake,2021-05-14,267,44337,82,12572,167,29947,18,1818,163,4520,102,20774,180,25294,California
Lake,2021-05-15,44,44381,18,12590,23,29970,3,1821,28,4535,16,20790,31,25325,California
Lake,2021-05-16,31,44412,18,12608,12,29982,1,1822,17,4539,14,20804,18,25343,California
Lake,2021-05-17,315,44727,42,12650,258,30240,15,1837,83,4408,229,21033,98,25441,California
Lake,2021-05-18,301,45028,65,12715,217,30457,19,1856,174,4475,126,21159,193,25634,California
Lake,2021-05-19,313,45341,57,12772,241,30698,15,1871,88,4354,224,21383,103,25737,California
Lake,2021-05-20,237,45578,60,12832,166,30864,11,1882,93,4314,144,21527,104,25841,California
Lake,2021-05-21,272,45850,51,12883,198,31062,23,1905,113,4293,157,21684,136,25977,California
Lake,2021-05-22,98,45948,55,12938,40,31102,3,1908,49,4296,49,21733,52,26029,California
Lake,2021-05-23,57,46005,28,12966,28,31130,1,1909,29,4298,28,21761,30,26059,California
Lake,2021-05-24,159,46164,37,13003,108,31238,14,1923,72,4297,87,21848,86,26145,California
Lake,2021-05-25,204,46368,56,13059,136,31374,12,1935,74,4254,129,21977,86,26231,California
Lake,2021-05-26,150,46518,43,13102,96,31470,11,1946,55,4227,93,22070,66,26297,California
Lake,2021-05-27,175,46693,48,13150,113,31583,14,1960,61,4189,113,22183,75,26372,California
Lake,2021-05-28,225,46918,21,13171,165,31748,39,1999,51,4107,171,22354,89,26461,California
Lake,2021-05-29,37,46955,10,13181,21,31769,6,2005,14,4104,23,22377,20,26481,California
Lake,2021-05-30,22,46977,6,13187,14,31783,2,2007,12,4108,10,22387,14,26495,California
Lake,2021-05-31,63,47040,21,13208,40,31823,2,2009,53,4153,10,22397,55,26550,California
Lake,2021-06-01,196,47236,36,13244,151,31974,9,2018,68,4103,127,22524,77,26627,California
Lake,2021-06-02,132,47368,45,13289,75,32049,12,2030,54,4091,78,22602,66,26693,California
Lake,2021-06-03,183,47551,55,13344,109,32158,19,2049,79,4085,104,22706,98,26791,California
Lake,2021-06-04,181,47732,52,13396,114,32272,15,2064,45,4011,134,22840,60,26851,California
Lake,2021-06-05,93,47825,57,13453,28,32300,8,2072,55,4036,38,22878,63,26914,California
Lake,2021-06-06,67,47892,37,13490,30,32330,0,2072,23,4015,44,22922,23,26937,California
Lake,2021-06-07,88,47980,28,13518,52,32382,8,2080,30,3996,57,22979,38,26975,California
Lake,2021-06-08,181,48161,68,13586,101,32483,12,2092,68,3963,113,23092,80,27055,California
Lake,2021-06-09,174,48335,43,13629,127,32610,4,2096,38,3871,134,23226,42,27097,California
Lake,2021-06-10,126,48461,62,13691,52,32662,12,2108,50,3857,76,23302,62,27159,California
Lake,2021-06-11,208,48669,67,13758,118,32780,23,2131,48,3770,158,23460,71,27230,California
Lake,2021-06-12,68,48737,39,13797,22,32802,7,2138,34,3777,34,23494,41,27271,California
Lake,2021-06-13,28,48765,15,13812,13,32815,0,2138,13,3775,15,23509,13,27284,California
Lake,2021-06-14,178,48943,86,13898,79,32894,13,2151,49,3709,128,23637,62,27346,California
Lake,2021-06-15,243,49186,65,13963,160,33054,18,2169,77,3638,166,23803,95,27441,California
Lake,2021-06-16,161,49347,58,14021,89,33143,14,2183,55,3602,105,23908,69,27510,California
Lake,2021-06-17,178,49525,87,14108,82,33225,9,2192,80,3594,97,24005,89,27599,California
Lake,2021-06-18,128,49653,38,14146,81,33306,9,2201,49,3573,79,24084,58,27657,California
Lake,2021-06-19,67,49720,25,14171,42,33348,0,2201,34,3574,33,24117,34,27691,California
Lake,2021-06-20,21,49741,7,14178,12,33360,2,2203,10,3575,11,24128,12,27703,California
Lake,2021-06-21,67,49808,17,14195,42,33402,8,2211,28,3572,39,24167,36,27739,California
Lake,2021-06-22,81,49889,23,14218,52,33454,6,2217,37,3572,43,24210,43,27782,California
Lassen,2020-12-16,3,3,3,3,0,0,0,0,3,3,0,0,3,3,California
Lassen,2020-12-17,1,4,1,4,0,0,0,0,1,4,0,0,1,4,California
Lassen,2020-12-18,1,5,1,5,0,0,0,0,1,5,0,0,1,5,California
Lassen,2020-12-19,5,10,5,10,0,0,0,0,5,10,0,0,5,10,California
Lassen,2020-12-20,2,12,2,12,0,0,0,0,2,12,0,0,2,12,California
Lassen,2020-12-21,11,23,11,23,0,0,0,0,11,23,0,0,11,23,California
Lassen,2020-12-22,18,41,18,41,0,0,0,0,18,41,0,0,18,41,California
Lassen,2020-12-23,4,45,4,45,0,0,0,0,4,45,0,0,4,45,California
Lassen,2020-12-24,3,48,3,48,0,0,0,0,3,48,0,0,3,48,California
Lassen,2020-12-28,2,50,1,49,1,1,0,0,2,50,0,0,2,50,California
Lassen,2020-12-29,34,84,34,83,0,1,0,0,34,84,0,0,34,84,California
Lassen,2020-12-30,25,109,24,107,1,2,0,0,25,109,0,0,25,109,California
Lassen,2020-12-31,49,158,42,149,7,9,0,0,49,158,0,0,49,158,California
Lassen,2021-01-02,1,159,0,149,1,10,0,0,1,159,0,0,1,159,California
Lassen,2021-01-04,14,173,2,151,12,22,0,0,14,173,0,0,14,173,California
Lassen,2021-01-05,189,362,51,202,138,160,0,0,189,362,0,0,189,362,California
Lassen,2021-01-06,86,448,34,236,52,212,0,0,82,441,4,4,83,445,California
Lassen,2021-01-07,37,485,1,237,36,248,0,0,36,476,1,5,36,481,California
Lassen,2021-01-08,49,534,2,239,47,295,0,0,49,525,0,5,49,530,California
Lassen,2021-01-09,12,546,6,245,6,301,0,0,12,537,0,5,12,542,California
Lassen,2021-01-11,26,572,5,250,21,322,0,0,26,563,0,5,26,568,California
Lassen,2021-01-12,45,617,25,275,20,342,0,0,29,576,16,21,29,597,California
Lassen,2021-01-13,155,772,13,288,142,484,0,0,144,709,11,32,144,741,California
Lassen,2021-01-14,151,923,10,298,141,625,0,0,146,850,5,37,146,887,California
Lassen,2021-01-15,19,942,2,300,17,642,0,0,19,869,0,37,19,906,California
Lassen,2021-01-16,34,976,33,333,1,643,0,0,34,903,0,37,34,940,California
Lassen,2021-01-17,1,977,0,333,1,644,0,0,1,904,0,37,1,941,California
Lassen,2021-01-18,3,980,2,335,1,645,0,0,2,905,1,38,2,943,California
Lassen,2021-01-19,180,1160,32,367,148,793,0,0,153,1031,27,65,153,1096,California
Lassen,2021-01-20,148,1308,87,454,61,854,0,0,76,1050,57,122,76,1172,California
Lassen,2021-01-21,129,1437,86,540,43,897,0,0,105,1137,18,140,105,1277,California
Lassen,2021-01-22,28,1465,15,555,13,910,0,0,18,1145,10,150,18,1295,California
Lassen,2021-01-24,1,1466,0,555,1,911,0,0,1,1146,0,150,1,1296,California
Lassen,2021-01-25,10,1476,1,556,9,920,0,0,9,1154,1,151,9,1305,California
Lassen,2021-01-26,105,1581,1,557,104,1024,0,0,104,1257,1,152,104,1409,California
Lassen,2021-01-27,54,1635,13,570,41,1065,0,0,39,1281,15,167,39,1448,California
Lassen,2021-01-28,72,1707,6,576,66,1131,0,0,71,1351,1,168,71,1519,California
Lassen,2021-01-29,10,1717,2,578,8,1139,0,0,9,1359,1,169,9,1528,California
Lassen,2021-02-01,45,1762,2,580,43,1182,0,0,22,1358,23,192,22,1550,California
Lassen,2021-02-02,165,1927,6,586,159,1341,0,0,34,1261,131,323,34,1584,California
Lassen,2021-02-03,85,2012,13,599,72,1413,0,0,40,1256,45,368,40,1624,California
Lassen,2021-02-04,100,2112,7,606,93,1506,0,0,52,1260,48,416,52,1676,California
Lassen,2021-02-05,49,2161,4,610,45,1551,0,0,12,1235,37,453,12,1688,California
Lassen,2021-02-06,68,2229,33,643,35,1586,0,0,35,1238,32,485,35,1723,California
Lassen,2021-02-07,1,2230,1,644,0,1586,0,0,1,1239,0,485,1,1724,California
Lassen,2021-02-08,37,2267,3,647,34,1620,0,0,12,1226,25,510,12,1736,California
Lassen,2021-02-09,116,2383,2,649,114,1734,0,0,42,1194,74,584,42,1778,California
Lassen,2021-02-10,147,2530,11,660,136,1870,0,0,42,1131,105,689,42,1820,California
Lassen,2021-02-11,147,2677,6,666,141,2011,0,0,53,1091,93,782,53,1873,California
Lassen,2021-02-12,25,2702,5,671,20,2031,0,0,10,1086,15,797,10,1883,California
Lassen,2021-02-13,9,2711,1,672,8,2039,0,0,7,1091,2,799,7,1890,California
Lassen,2021-02-14,12,2723,0,672,12,2051,0,0,11,1101,1,800,11,1901,California
Lassen,2021-02-15,18,2741,2,674,16,2067,0,0,15,1114,2,802,15,1916,California
Lassen,2021-02-16,181,2922,3,677,178,2245,0,0,21,977,158,960,21,1937,California
Lassen,2021-02-17,134,3056,71,748,63,2308,0,0,5,853,129,1089,5,1942,California
Lassen,2021-02-18,56,3112,8,756,48,2356,0,0,12,821,44,1133,12,1954,California
Lassen,2021-02-19,65,3177,50,806,15,2371,0,0,12,780,53,1186,12,1966,California
Lassen,2021-02-20,7,3184,0,806,7,2378,0,0,6,785,1,1187,6,1972,California
Lassen,2021-02-21,20,3204,0,806,20,2398,0,0,17,799,3,1190,17,1989,California
Lassen,2021-02-22,20,3224,10,816,10,2408,0,0,5,789,15,1205,5,1994,California
Lassen,2021-02-23,143,3367,6,822,137,2545,0,0,43,732,100,1305,43,2037,California
Lassen,2021-02-24,127,3494,7,829,120,2665,0,0,85,776,41,1346,85,2122,California
Lassen,2021-02-25,135,3629,13,842,122,2787,0,0,86,813,49,1395,86,2208,California
Lassen,2021-02-26,59,3688,10,852,49,2836,0,0,33,820,26,1421,33,2241,California
Lassen,2021-02-27,7,3695,7,859,0,2836,0,0,3,819,4,1425,3,2244,California
Lassen,2021-02-28,4,3699,1,860,3,2839,0,0,1,817,3,1428,1,2245,California
Lassen,2021-03-01,23,3722,1,861,22,2861,0,0,5,805,17,1445,5,2250,California
Lassen,2021-03-02,98,3820,5,866,93,2954,0,0,78,864,19,1464,78,2328,California
Lassen,2021-03-03,126,3946,4,870,122,3076,0,0,81,900,45,1509,81,2409,California
Lassen,2021-03-04,143,4089,13,883,130,3206,0,0,94,946,48,1557,94,2503,California
Lassen,2021-03-05,38,4127,1,884,13,3219,24,24,6,944,32,1589,30,2533,California
Lassen,2021-03-06,53,4180,2,886,29,3248,22,46,5,923,48,1637,27,2560,California
Lassen,2021-03-07,55,4235,0,886,0,3248,55,101,0,923,55,1692,55,2615,California
Lassen,2021-03-08,84,4319,2,888,4,3252,78,179,1,919,83,1775,79,2694,California
Lassen,2021-03-09,128,4447,4,892,107,3359,17,196,82,972,46,1821,99,2793,California
Lassen,2021-03-10,119,4566,4,896,114,3473,1,197,72,999,46,1867,73,2866,California
Lassen,2021-03-11,160,4726,8,904,146,3619,6,203,93,1034,64,1931,99,2965,California
Lassen,2021-03-12,15,4741,7,911,5,3624,3,206,3,1028,12,1943,6,2971,California
Lassen,2021-03-13,48,4789,0,911,2,3626,46,252,1,1027,47,1990,46,3017,California
Lassen,2021-03-14,11,4800,0,911,10,3636,1,253,1,1019,10,2000,2,3019,California
Lassen,2021-03-15,27,4827,2,913,25,3661,0,253,12,1016,15,2015,12,3031,California
Lassen,2021-03-16,86,4913,2,915,80,3741,4,257,72,1078,14,2029,76,3107,California
Lassen,2021-03-17,1082,5995,7,922,1071,4812,4,261,1066,2132,16,2045,1070,4177,California
Lassen,2021-03-18,81,6076,6,928,74,4886,1,262,74,2200,7,2052,75,4252,California
Lassen,2021-03-19,8,6084,3,931,3,4889,2,264,2,2198,6,2058,4,4256,California
Lassen,2021-03-20,15,6099,3,934,10,4899,2,266,9,2203,6,2064,11,4267,California
Lassen,2021-03-21,33,6132,0,934,33,4932,0,266,13,2197,19,2083,13,4280,California
Lassen,2021-03-22,37,6169,1,935,36,4968,0,266,34,2228,3,2086,34,4314,California
Lassen,2021-03-23,108,6277,5,940,103,5071,0,266,57,2234,51,2137,57,4371,California
Lassen,2021-03-24,163,6440,4,944,158,5229,1,267,82,2238,79,2216,83,4454,California
Lassen,2021-03-25,139,6579,13,957,126,5355,0,267,60,2219,79,2295,60,4514,California
Lassen,2021-03-26,67,6646,4,961,26,5381,37,304,13,2215,53,2348,49,4563,California
Lassen,2021-03-27,18,6664,2,963,1,5382,15,319,2,2216,16,2364,17,4580,California
Lassen,2021-03-28,11,6675,1,964,1,5383,9,328,1,2216,10,2374,10,4590,California
Lassen,2021-03-29,52,6727,0,964,27,5410,25,353,20,2230,31,2405,45,4635,California
Lassen,2021-03-30,159,6886,3,967,133,5543,23,376,49,2192,110,2515,72,4707,California
Lassen,2021-03-31,133,7019,6,973,107,5650,20,396,52,2184,80,2595,72,4779,California
Lassen,2021-04-01,147,7166,6,979,123,5773,18,414,41,2138,105,2700,59,4838,California
Lassen,2021-04-02,24,7190,3,982,2,5775,19,433,1,2135,23,2723,20,4858,California
Lassen,2021-04-03,12,7202,0,982,2,5777,10,443,0,2133,12,2735,10,4868,California
Lassen,2021-04-04,5,7207,1,983,0,5777,4,447,1,2134,4,2739,5,4873,California
Lassen,2021-04-05,15,7222,0,983,9,5786,6,453,8,2141,7,2746,14,4887,California
Lassen,2021-04-06,162,7384,5,988,128,5914,29,482,48,2104,114,2860,77,4964,California
Lassen,2021-04-07,119,7503,5,993,86,6000,28,510,32,2079,87,2947,62,5026,California
Lassen,2021-04-08,153,7656,7,1000,97,6097,49,559,25,2030,123,3070,74,5100,California
Lassen,2021-04-09,39,7695,4,1004,4,6101,31,590,7,2036,31,3101,37,5137,California
Lassen,2021-04-10,8,7703,0,1004,2,6103,6,596,0,2035,7,3108,6,5143,California
Lassen,2021-04-11,4,7707,0,1004,1,6104,3,599,1,2036,3,3111,4,5147,California
Lassen,2021-04-12,29,7736,4,1008,12,6116,13,612,4,2028,25,3136,17,5164,California
Lassen,2021-04-13,112,7848,2,1010,110,6226,0,612,23,1963,88,3224,23,5187,California
Lassen,2021-04-14,977,8825,4,1014,973,7199,0,612,47,1081,929,4153,47,5234,California
Lassen,2021-04-15,131,8956,9,1023,122,7321,0,612,13,976,118,4271,13,5247,California
Lassen,2021-04-16,9,8965,2,1025,7,7328,0,612,5,977,4,4275,5,5252,California
Lassen,2021-04-17,9,8974,2,1027,7,7335,0,612,3,974,6,4281,3,5255,California
Lassen,2021-04-18,4,8978,1,1028,3,7338,0,612,1,972,3,4284,1,5256,California
Lassen,2021-04-19,30,9008,0,1028,30,7368,0,612,15,972,15,4299,15,5271,California
Lassen,2021-04-20,123,9131,5,1033,118,7486,0,612,43,935,80,4379,43,5314,California
Lassen,2021-04-21,126,9257,3,1036,122,7608,1,613,29,870,95,4474,30,5344,California
Lassen,2021-04-22,93,9350,12,1048,81,7689,0,613,25,827,68,4542,25,5369,California
Lassen,2021-04-23,21,9371,0,1048,21,7710,0,613,18,842,3,4545,18,5387,California
Lassen,2021-04-24,9,9380,5,1053,4,7714,0,613,3,839,6,4551,3,5390,California
Lassen,2021-04-25,5,9385,0,1053,4,7718,1,614,3,841,2,4553,4,5394,California
Lassen,2021-04-26,40,9425,1,1054,35,7753,4,618,8,822,31,4584,12,5406,California
Lassen,2021-04-27,101,9526,4,1058,94,7847,3,621,50,824,51,4635,53,5459,California
Lassen,2021-04-28,78,9604,6,1064,70,7917,2,623,27,802,51,4686,29,5488,California
Lassen,2021-04-29,57,9661,5,1069,49,7966,3,626,20,789,36,4722,23,5511,California
Lassen,2021-04-30,12,9673,7,1076,2,7968,3,629,3,786,9,4731,6,5517,California
Lassen,2021-05-01,4,9677,0,1076,3,7971,1,630,3,789,1,4732,4,5521,California
Lassen,2021-05-02,6,9683,2,1078,4,7975,0,630,4,791,2,4734,4,5525,California
Lassen,2021-05-03,15,9698,2,1080,8,7983,5,635,2,785,13,4747,7,5532,California
Lassen,2021-05-04,66,9764,2,1082,58,8041,6,641,19,763,47,4794,25,5557,California
Lassen,2021-05-05,76,9840,3,1085,62,8103,11,652,23,745,52,4846,34,5591,California
Lassen,2021-05-06,65,9905,17,1102,26,8129,22,674,17,736,48,4894,39,5630,California
Lassen,2021-05-07,48,9953,32,1134,11,8140,5,679,41,775,7,4901,46,5676,California
Lassen,2021-05-08,10,9963,0,1134,5,8145,5,684,4,778,6,4907,9,5685,California
Lassen,2021-05-09,1,9964,0,1134,0,8145,1,685,0,778,1,4908,1,5686,California
Lassen,2021-05-10,11,9975,1,1135,6,8151,4,689,4,779,7,4915,8,5694,California
Lassen,2021-05-11,51,10026,0,1135,43,8194,8,697,16,768,35,4950,24,5718,California
Lassen,2021-05-12,40,10066,2,1137,33,8227,5,702,14,761,26,4976,19,5737,California
Lassen,2021-05-13,25,10091,6,1143,14,8241,5,707,8,757,17,4993,13,5750,California
Lassen,2021-05-14,20,10111,3,1146,9,8250,8,715,11,767,9,5002,19,5769,California
Lassen,2021-05-15,15,10126,2,1148,4,8254,9,724,4,769,11,5013,13,5782,California
Lassen,2021-05-16,7,10133,2,1150,3,8257,2,726,2,769,4,5017,4,5786,California
Lassen,2021-05-17,34,10167,3,1153,19,8276,12,738,10,767,24,5041,22,5808,California
Lassen,2021-05-18,79,10246,5,1158,62,8338,12,750,23,746,56,5097,35,5843,California
Lassen,2021-05-19,50,10296,1,1159,41,8379,8,758,6,716,43,5140,13,5856,California
Lassen,2021-05-20,29,10325,5,1164,15,8394,9,767,9,714,20,5160,18,5874,California
Lassen,2021-05-21,63,10388,29,1193,20,8414,14,781,34,733,29,5189,48,5922,California
Lassen,2021-05-22,16,10404,1,1194,7,8421,8,789,6,737,10,5199,14,5936,California
Lassen,2021-05-23,3,10407,1,1195,1,8422,1,790,0,735,3,5202,1,5937,California
Lassen,2021-05-24,12,10419,1,1196,9,8431,2,792,6,738,5,5207,8,5945,California
Lassen,2021-05-25,84,10503,6,1202,69,8500,9,801,31,725,53,5260,40,5985,California
Lassen,2021-05-26,55,10558,0,1202,40,8540,15,816,11,707,44,5304,26,6011,California
Lassen,2021-05-27,41,10599,16,1218,19,8559,6,822,12,697,28,5332,18,6029,California
Lassen,2021-05-28,72,10671,46,1264,18,8577,8,830,31,695,41,5373,39,6068,California
Lassen,2021-05-29,15,10686,1,1265,12,8589,2,832,9,700,6,5379,11,6079,California
Lassen,2021-05-30,2,10688,0,1265,1,8590,1,833,1,701,1,5380,2,6081,California
Lassen,2021-05-31,7,10695,0,1265,6,8596,1,834,1,697,6,5386,2,6083,California
Lassen,2021-06-01,43,10738,1,1266,36,8632,6,840,16,692,27,5413,22,6105,California
Lassen,2021-06-02,47,10785,2,1268,32,8664,13,853,11,681,35,5448,24,6129,California
Lassen,2021-06-03,18,10803,1,1269,8,8672,9,862,5,682,13,5461,14,6143,California
Lassen,2021-06-04,35,10838,1,1270,22,8694,12,874,11,681,24,5485,23,6166,California
Lassen,2021-06-05,13,10851,3,1273,7,8701,3,877,4,679,9,5494,7,6173,California
Lassen,2021-06-06,4,10855,0,1273,1,8702,3,880,1,680,3,5497,4,6177,California
Lassen,2021-06-07,17,10872,0,1273,9,8711,8,888,3,677,14,5511,11,6188,California
Lassen,2021-06-08,33,10905,3,1276,26,8737,4,892,14,676,19,5530,18,6206,California
Lassen,2021-06-09,18,10923,1,1277,15,8752,2,894,7,675,10,5540,9,6215,California
Lassen,2021-06-10,15,10938,8,1285,5,8757,2,896,8,678,7,5547,10,6225,California
Lassen,2021-06-11,39,10977,26,1311,13,8770,0,896,11,662,28,5575,12,6237,California
Lassen,2021-06-12,5,10982,1,1312,4,8774,0,896,1,659,4,5579,1,6238,California
Lassen,2021-06-13,3,10985,2,1314,1,8775,0,896,1,658,2,5581,1,6239,California
Lassen,2021-06-14,9,10994,1,1315,6,8781,2,898,3,658,5,5586,5,6244,California
Lassen,2021-06-15,47,11041,5,1320,37,8818,5,903,15,646,32,5618,20,6264,California
Lassen,2021-06-16,11,11052,1,1321,6,8824,4,907,7,653,4,5622,11,6275,California
Lassen,2021-06-17,21,11073,9,1330,8,8832,4,911,10,656,11,5633,14,6289,California
Lassen,2021-06-18,44,11117,18,1348,18,8850,8,919,9,638,35,5668,17,6306,California
Lassen,2021-06-19,12,11129,1,1349,10,8860,1,920,5,637,7,5675,6,6312,California
Lassen,2021-06-20,5,11134,2,1351,3,8863,0,920,5,642,0,5675,5,6317,California
Lassen,2021-06-21,11,11145,0,1351,9,8872,2,922,2,637,9,5684,4,6321,California
Lassen,2021-06-22,27,11172,1,1352,25,8897,1,923,12,635,15,5699,13,6334,California
Los Angeles,2020-12-15,398,398,398,398,0,0,0,0,398,398,0,0,398,398,California
Los Angeles,2020-12-16,3592,3990,3592,3990,0,0,0,0,3592,3990,0,0,3592,3990,California
Los Angeles,2020-12-17,10430,14420,10430,14420,0,0,0,0,10431,14421,0,0,10431,14421,California
Los Angeles,2020-12-18,14819,29239,14795,29215,24,24,0,0,14818,29239,0,0,14818,29239,California
Los Angeles,2020-12-19,7316,36555,7306,36521,10,34,0,0,7319,36558,0,0,7319,36558,California
Los Angeles,2020-12-20,4678,41233,4668,41189,10,44,0,0,4680,41238,0,0,4680,41238,California
Los Angeles,2020-12-21,13792,55025,13775,54964,17,61,0,0,13792,55029,1,1,13792,55030,California
Los Angeles,2020-12-22,11609,66634,11214,66178,395,456,0,0,11608,66635,2,3,11608,66638,California
Los Angeles,2020-12-23,12039,78673,10257,76435,1782,2238,0,0,12040,78675,0,3,12040,78678,California
Los Angeles,2020-12-24,7080,85753,4285,80720,2795,5033,0,0,7083,85758,0,3,7083,85761,California
Los Angeles,2020-12-25,531,86284,424,81144,107,5140,0,0,532,86290,0,3,532,86293,California
Los Angeles,2020-12-26,2548,88832,2197,83341,351,5491,0,0,2547,88835,2,5,2547,88840,California
Los Angeles,2020-12-27,1782,90614,1042,84383,740,6231,0,0,1782,90617,0,5,1782,90622,California
Los Angeles,2020-12-28,10411,101025,6453,90836,3958,10189,0,0,10408,101024,1,6,10408,101030,California
Los Angeles,2020-12-29,11686,112711,6123,96959,5563,15752,0,0,11685,112708,1,7,11685,112715,California
Los Angeles,2020-12-30,14967,127678,8137,105096,6830,22582,0,0,14966,127674,0,7,14966,127681,California
Los Angeles,2020-12-31,8019,135697,2784,107880,5235,27817,0,0,8015,135686,3,10,8015,135696,California
Los Angeles,2021-01-01,1097,136794,320,108200,777,28594,0,0,1095,136779,2,12,1095,136791,California
Los Angeles,2021-01-02,4515,141309,1688,109888,2827,31421,0,0,4515,141294,0,12,4515,141306,California
Los Angeles,2021-01-03,978,142287,231,110119,747,32168,0,0,976,142268,2,14,976,142282,California
Los Angeles,2021-01-04,12789,155076,4902,115021,7887,40055,0,0,12773,155039,2,16,12773,155055,California
Los Angeles,2021-01-05,16170,171246,7142,122163,9028,49083,0,0,14218,167343,1922,1938,14226,169281,California
Los Angeles,2021-01-06,22843,194089,12149,134312,10694,59777,0,0,17132,178842,5643,7581,17142,186423,California
Los Angeles,2021-01-07,29657,223746,15978,150290,13679,73456,0,0,18898,187044,10712,18293,18914,205337,California
Los Angeles,2021-01-08,33326,257072,18008,168298,15318,88774,0,0,21006,195767,12293,30586,21016,226353,California
Los Angeles,2021-01-09,12478,269550,7125,175423,5353,94127,0,0,7577,198454,4898,35484,7585,233938,California
Los Angeles,2021-01-10,4719,274269,3658,179081,1061,95188,0,0,1971,197678,2748,38232,1972,235910,California
Los Angeles,2021-01-11,25986,300255,16336,195417,9650,104838,0,0,14987,201691,10986,49218,14999,250909,California
Los Angeles,2021-01-12,29531,329786,16273,211690,13258,118096,0,0,19317,210823,10198,59416,19330,270239,California
Los Angeles,2021-01-13,29498,359284,15717,227407,13781,131877,0,0,20471,222292,9009,68425,20478,290717,California
Los Angeles,2021-01-14,29454,388738,12773,240180,16681,148558,0,0,23877,240627,5555,73980,23890,314607,California
Los Angeles,2021-01-15,34114,422852,12434,252614,21680,170238,0,0,30500,267550,3587,77567,30510,345117,California
Los Angeles,2021-01-16,17751,440603,5017,257631,12734,182972,0,0,15950,281715,1792,79359,15957,361074,California
Los Angeles,2021-01-17,5282,445885,2358,259989,2924,185896,0,0,5024,286485,256,79615,5026,366100,California
Los Angeles,2021-01-18,15795,461680,10171,270160,5624,191520,0,0,11031,292768,4752,84367,11035,377135,California
Los Angeles,2021-01-19,38850,500530,20694,290854,18156,209676,0,0,30991,315957,7817,92184,31006,408141,California
Los Angeles,2021-01-20,46816,547346,24330,315184,22486,232162,0,0,39268,347724,7514,99698,39281,447422,California
Los Angeles,2021-01-21,49331,596677,22597,337781,26734,258896,0,0,44976,388435,4285,103983,44996,492418,California
Los Angeles,2021-01-22,48798,645475,22558,360339,26240,285136,0,0,45300,430303,3448,107431,45316,537734,California
Los Angeles,2021-01-23,34489,679964,15895,376234,18594,303730,0,0,32388,460635,2070,109501,32402,570136,California
Los Angeles,2021-01-24,15848,695812,12262,388496,3586,307316,0,0,15288,475375,551,110052,15291,585427,California
Los Angeles,2021-01-25,39899,735711,16837,405333,23062,330378,0,0,31190,497907,8675,118727,31207,616634,California
Los Angeles,2021-01-26,50244,785955,24997,430330,25247,355625,0,0,41940,531603,8266,126993,41962,658596,California
Los Angeles,2021-01-27,51696,837651,26328,456658,25368,380993,0,0,42207,564492,9344,136337,42233,700829,California
Los Angeles,2021-01-28,49754,887405,23896,480554,25858,406851,0,0,41166,597211,8464,144801,41183,742012,California
Los Angeles,2021-01-29,50357,937762,26030,506584,24327,431178,0,0,40159,627553,9836,154637,40178,782190,California
Los Angeles,2021-01-30,30844,968606,15976,522560,14868,446046,0,0,26503,649804,4258,158895,26509,808699,California
Los Angeles,2021-01-31,13523,982129,10712,533272,2811,448857,0,0,12604,661511,903,159798,12610,821309,California
Los Angeles,2021-02-01,39044,1021173,16669,549941,22375,471232,0,0,28381,679303,10621,170419,28413,849722,California
Los Angeles,2021-02-02,45290,1066463,18319,568260,26971,498203,0,0,32975,700036,12269,182688,33002,882724,California
Los Angeles,2021-02-03,52812,1119275,19871,588131,32941,531144,0,0,37773,723038,14792,197480,37794,920518,California
Los Angeles,2021-02-04,57729,1177004,20991,609122,36738,567882,0,0,39540,744739,17876,215356,39577,960095,California
Los Angeles,2021-02-05,62158,1239162,21448,630570,40710,608592,0,0,39916,762902,21789,237145,39952,1000047,California
Los Angeles,2021-02-06,36170,1275332,13802,644372,22368,630960,0,0,27629,782094,8461,245606,27653,1027700,California
Los Angeles,2021-02-07,11315,1286647,8813,653185,2502,633462,0,0,8904,788612,2394,248000,8912,1036612,California
Los Angeles,2021-02-08,47914,1334561,22471,675656,25443,658905,0,0,31544,803941,16228,264228,31557,1068169,California
Los Angeles,2021-02-09,56331,1390892,24968,700624,31363,690268,0,0,28696,805107,27547,291775,28713,1096882,California
Los Angeles,2021-02-10,67484,1458376,29627,730251,37857,728125,0,0,30947,799956,36147,327922,30996,1127878,California
Los Angeles,2021-02-11,58886,1517262,31515,761766,27371,755496,0,0,28481,798555,29946,357868,28545,1156423,California
Los Angeles,2021-02-12,60393,1577655,30138,791904,30255,785751,0,0,26403,791405,33611,391479,26461,1182884,California
Los Angeles,2021-02-13,34038,1611693,19860,811764,14178,799929,0,0,15485,788503,18458,409937,15556,1198440,California
Los Angeles,2021-02-14,21972,1633665,14985,826749,6987,806916,0,0,8840,784319,13067,423004,8883,1207323,California
Los Angeles,2021-02-15,33257,1666922,16218,842967,17039,823955,0,0,18153,787455,15034,438038,18170,1225493,California
Los Angeles,2021-02-16,64876,1731798,33142,876109,31734,855689,0,0,29964,782647,34804,472842,29996,1255489,California
Los Angeles,2021-02-17,65640,1797438,35120,911229,30520,886209,0,0,26569,770364,38867,511709,26584,1282073,California
Los Angeles,2021-02-18,69335,1866773,35425,946654,33910,920119,0,0,28733,758709,40408,552117,28753,1310826,California
Los Angeles,2021-02-19,59177,1925950,36604,983258,22573,942692,0,0,28778,757224,30283,582400,28798,1339624,California
Los Angeles,2021-02-20,33552,1959502,24504,1007762,9048,951740,0,0,16024,755801,17473,599873,16050,1355674,California
Los Angeles,2021-02-21,22845,1982347,21139,1028901,1706,953446,0,0,11217,755464,11560,611433,11223,1366897,California
Los Angeles,2021-02-22,35288,2017635,25732,1054633,9556,963002,0,0,18115,756514,17087,628520,18137,1385034,California
Los Angeles,2021-02-23,55632,2073267,24145,1078778,31487,994489,0,0,21735,744508,33769,662289,21763,1406797,California
Los Angeles,2021-02-24,65665,2138932,29295,1108073,36370,1030859,0,0,28212,735491,37267,699556,28250,1435047,California
Los Angeles,2021-02-25,74852,2213784,34312,1142385,40540,1071399,0,0,38429,737712,36245,735801,38466,1473513,California
Los Angeles,2021-02-26,84462,2298246,39153,1181538,45309,1116708,0,0,47229,747997,36992,772793,47277,1520790,California
Los Angeles,2021-02-27,60990,2359236,26998,1208536,33984,1150692,8,8,30994,749215,29822,802615,31040,1551830,California
Los Angeles,2021-02-28,27380,2386616,18926,1227462,8451,1159143,3,11,19032,760029,8238,810853,19052,1570882,California
Los Angeles,2021-03-01,58031,2444647,33121,1260583,24870,1184013,40,51,34534,771353,23286,834139,34610,1605492,California
Los Angeles,2021-03-02,78544,2523191,38114,1298697,40423,1224436,7,58,49433,791874,28955,863094,49476,1654968,California
Los Angeles,2021-03-03,86320,2609511,44205,1342902,42097,1266533,18,76,54620,815040,31506,894600,54672,1709640,California
Los Angeles,2021-03-04,91789,2701300,46985,1389887,44789,1311322,15,91,57974,839445,33624,928224,58029,1767669,California
Los Angeles,2021-03-05,90878,2792178,44815,1434702,46030,1357352,33,124,60683,870251,29978,958202,60784,1828453,California
Los Angeles,2021-03-06,67666,2859844,34496,1469198,31339,1388691,1831,1955,43604,891793,23911,982113,45453,1873906,California
Los Angeles,2021-03-07,27400,2887244,20858,1490056,5703,1394394,839,2794,21185,907644,6181,988294,22032,1895938,California
Los Angeles,2021-03-08,54395,2941639,29299,1519355,23119,1417513,1977,4771,41066,937482,13214,1001508,43052,1938990,California
Los Angeles,2021-03-09,81768,3023407,38869,1558224,39598,1457111,3301,8072,52006,963183,29605,1031113,55306,1994296,California
Los Angeles,2021-03-10,83453,3106860,41044,1599268,37519,1494630,4890,12962,52752,990279,30513,1061626,57609,2051905,California
Los Angeles,2021-03-11,93181,3200041,45525,1644793,40909,1535539,6747,19709,54475,1012967,38497,1100123,61185,2113090,California
Los Angeles,2021-03-12,99354,3299395,44765,1689558,40657,1576196,13932,33641,57822,1043363,41312,1141435,71708,2184798,California
Los Angeles,2021-03-13,76034,3375429,35910,1725468,28144,1604340,11980,45621,45371,1070135,30542,1171977,57314,2242112,California
Los Angeles,2021-03-14,39280,3414709,26379,1751847,10342,1614682,2559,48180,24076,1081629,15127,1187104,26621,2268733,California
Los Angeles,2021-03-15,75410,3490119,36945,1788792,33007,1647689,5458,53638,45586,1103025,29624,1216728,51020,2319753,California
Los Angeles,2021-03-16,100220,3590339,43897,1832689,50438,1698127,5885,59523,64819,1138498,35188,1251916,70661,2390414,California
Los Angeles,2021-03-17,97729,3688068,44408,1877097,44985,1743112,8336,67859,65366,1179916,32142,1284058,73560,2463974,California
Los Angeles,2021-03-18,103361,3791429,49453,1926550,48313,1791425,5595,73454,65308,1213063,37740,1321798,70887,2534861,California
Los Angeles,2021-03-19,109679,3901108,57278,1983828,47614,1839039,4787,78241,67551,1243509,41843,1363641,72289,2607150,California
Los Angeles,2021-03-20,76713,3977821,37897,2021725,34227,1873266,4589,82830,52031,1275627,24485,1388126,56603,2663753,California
Los Angeles,2021-03-21,34856,4012677,25939,2047664,8015,1881281,902,83732,22310,1286419,12419,1400545,23211,2686964,California
Los Angeles,2021-03-22,71120,4083797,41801,2089465,27144,1908425,2175,85907,49808,1317367,21031,1421576,51979,2738943,California
Los Angeles,2021-03-23,97016,4180813,52612,2142077,41160,1949585,3244,89151,58640,1341142,38096,1459672,61871,2800814,California
Los Angeles,2021-03-24,105304,4286117,55863,2197940,46268,1995853,3173,92324,60457,1360251,44508,1504180,63617,2864431,California
Los Angeles,2021-03-25,111102,4397219,59544,2257484,47646,2043499,3912,96236,62284,1377932,48499,1552679,66180,2930611,California
Los Angeles,2021-03-26,115729,4512948,63421,2320905,48067,2091566,4241,100477,63664,1394048,51759,1604438,67875,2998486,California
Los Angeles,2021-03-27,83819,4596767,44126,2365031,37554,2129120,2139,102616,42677,1398002,40864,1645302,44818,3043304,California
Los Angeles,2021-03-28,42344,4639111,28720,2393751,13039,2142159,585,103201,20092,1396561,22120,1667422,20679,3063983,California
Los Angeles,2021-03-29,83298,4722409,46827,2440578,34698,2176857,1773,104974,46166,1407591,36910,1704332,47940,3111923,California
Los Angeles,2021-03-30,109239,4831648,52081,2492659,51210,2228067,5948,110922,56951,1418416,52039,1756371,62864,3174787,California
Los Angeles,2021-03-31,123077,4954725,62168,2554827,52057,2280124,8852,119774,68397,1441257,54346,1810717,77187,3251974,California
Los Angeles,2021-04-01,133880,5088605,62616,2617443,55777,2335901,15487,135261,71647,1466448,61861,1872578,87052,3339026,California
Los Angeles,2021-04-02,132727,5221332,59151,2676594,57968,2393869,15608,150869,70452,1490537,61919,1934497,86008,3425034,California
Los Angeles,2021-04-03,99006,5320338,45357,2721951,39969,2433838,13680,164549,48715,1502772,50088,1984585,62323,3487357,California
Los Angeles,2021-04-04,39329,5359667,20594,2742545,12080,2445918,6655,171204,16383,1502918,22849,2007434,22995,3510352,California
Los Angeles,2021-04-05,94332,5453999,44593,2787138,39399,2485317,10340,181544,44478,1508031,49632,2057066,54745,3565097,California
Los Angeles,2021-04-06,121659,5575658,57272,2844410,44006,2529323,20381,201925,55665,1518226,65722,2122788,75917,3641014,California
Los Angeles,2021-04-07,120848,5696506,54774,2899184,44779,2574102,21295,223220,54521,1527854,66048,2188836,75676,3716690,California
Los Angeles,2021-04-08,133641,5830147,58731,2957915,50656,2624758,24254,247474,60087,1538812,73212,2262048,84170,3800860,California
Los Angeles,2021-04-09,132509,5962656,57412,3015327,50979,2675737,24118,271592,56663,1543907,75515,2337563,80610,3881470,California
Los Angeles,2021-04-10,102105,6064761,43144,3058471,34729,2710466,24232,295824,37345,1540845,64499,2402062,61437,3942907,California
Los Angeles,2021-04-11,42012,6106773,22698,3081169,9890,2720356,9424,305248,14459,1537201,27462,2429524,23818,3966725,California
Los Angeles,2021-04-12,79549,6186322,38808,3119977,34309,2754665,6432,311680,32556,1529364,46763,2476287,38926,4005651,California
Los Angeles,2021-04-13,118314,6304636,59469,3179446,58408,2813073,437,312117,62420,1536613,55619,2531906,62868,4068519,California
Los Angeles,2021-04-14,120146,6424782,59998,3239444,60013,2873086,135,312252,65062,1547033,54786,2586692,65206,4133725,California
Los Angeles,2021-04-15,131386,6556168,70869,3310313,60319,2933405,198,312450,75087,1566205,55986,2642678,75158,4208883,California
Los Angeles,2021-04-16,131725,6687893,69500,3379813,62079,2995484,146,312596,69404,1573732,61966,2704644,69493,4278376,California
Los Angeles,2021-04-17,99662,6787555,52157,3431970,47475,3042959,30,312626,57051,1588453,42359,2747003,57080,4335456,California
Los Angeles,2021-04-18,34563,6822118,22930,3454900,11632,3054591,1,312627,18975,1591942,15496,2762499,18985,4354441,California
Los Angeles,2021-04-19,77182,6899300,40405,3495305,36759,3091350,18,312645,34685,1584398,42277,2804776,34733,4389174,California
Los Angeles,2021-04-20,103875,7003175,50612,3545917,53233,3144583,30,312675,51523,1583922,52084,2856860,51608,4440782,California
Los Angeles,2021-04-21,111462,7114637,53126,3599043,58146,3202729,190,312865,49419,1571895,61681,2918541,49654,4490436,California
Los Angeles,2021-04-22,116804,7231441,59885,3658928,56886,3259615,33,312898,51477,1558459,64980,2983521,51544,4541980,California
Los Angeles,2021-04-23,116250,7347691,63098,3722026,53131,3312746,21,312919,55477,1553519,60450,3043971,55510,4597490,California
Los Angeles,2021-04-24,90427,7438118,57473,3779499,32912,3345658,42,312961,50477,1564344,39707,3083678,50532,4648022,California
Los Angeles,2021-04-25,38002,7476120,25158,3804657,12838,3358496,6,312967,20439,1567347,17442,3101120,20445,4668467,California
Los Angeles,2021-04-26,78185,7554305,40374,3845031,37301,3395797,510,313477,38597,1567091,39362,3140482,39106,4707573,California
Los Angeles,2021-04-27,94475,7648780,45065,3890096,47403,3443200,2007,315484,36502,1547913,57676,3198158,38498,4746071,California
Los Angeles,2021-04-28,86549,7735329,41300,3931396,43154,3486354,2095,317579,34165,1532137,52029,3250187,36253,4782324,California
Los Angeles,2021-04-29,93144,7828473,45941,3977337,44984,3531338,2219,319798,33606,1508826,59130,3309317,35819,4818143,California
Los Angeles,2021-04-30,101377,7929850,49746,4027083,49173,3580511,2458,322256,37041,1484429,63884,3373201,39487,4857630,California
Los Angeles,2021-05-01,75562,8005412,42231,4069314,31813,3612324,1518,323774,28433,1467572,46804,3420005,29947,4887577,California
Los Angeles,2021-05-02,28096,8033508,18043,4087357,9312,3621636,741,324515,10195,1460727,17782,3437787,10937,4898514,California
Los Angeles,2021-05-03,62403,8095911,30217,4117574,29948,3651584,2238,326753,22601,1446013,39536,3477323,24822,4923336,California
Los Angeles,2021-05-04,87052,8182963,47842,4165416,36909,3688493,2301,329054,27346,1416259,59387,3536710,29633,4952969,California
Los Angeles,2021-05-05,90010,8272973,52099,4217515,35521,3724014,2390,331444,25002,1378988,64654,3601364,27383,4980352,California
Los Angeles,2021-05-06,97000,8369973,58062,4275577,36415,3760429,2523,333967,23055,1330989,73563,3674927,25564,5005916,California
Los Angeles,2021-05-07,97623,8467596,57551,4333128,37692,3798121,2380,336347,26875,1289847,70372,3745299,29230,5035146,California
Los Angeles,2021-05-08,65087,8532683,42636,4375764,20756,3818877,1695,338042,17691,1262162,47066,3792365,19381,5054527,California
Los Angeles,2021-05-09,23728,8556411,18065,4393829,4921,3823798,742,338784,6018,1251302,17612,3809977,6752,5061279,California
Los Angeles,2021-05-10,49468,8605879,25979,4419808,21601,3845399,1888,340672,15003,1233954,34232,3844209,16884,5078163,California
Los Angeles,2021-05-11,69707,8675586,37344,4457152,30224,3875623,2139,342811,18282,1203199,51155,3895364,20400,5098563,California
Los Angeles,2021-05-12,71821,8747407,39088,4496240,30418,3906041,2315,345126,20920,1175821,50589,3945953,23211,5121774,California
Los Angeles,2021-05-13,77171,8824578,46153,4542393,29288,3935329,1730,346856,27775,1156310,49005,3994958,29494,5151268,California
Los Angeles,2021-05-14,87417,8911995,55307,4597700,30272,3965601,1838,348694,32995,1137056,54078,4049036,34824,5186092,California
Los Angeles,2021-05-15,75092,8987087,52528,4650228,21054,3986655,1510,350204,28886,1121510,45930,4094966,30384,5216476,California
Los Angeles,2021-05-16,30569,9017656,24172,4674400,5787,3992442,610,350814,12028,1115702,18441,4113407,12633,5229109,California
Los Angeles,2021-05-17,61922,9079578,40081,4714481,20055,4012497,1786,352600,25169,1106123,36507,4149914,26928,5256037,California
Los Angeles,2021-05-18,64936,9144514,38292,4752773,24806,4037303,1838,354438,25787,1094835,38880,4188794,27592,5283629,California
Los Angeles,2021-05-19,67432,9211946,40647,4793420,24942,4062245,1843,356281,29347,1088188,37820,4226614,31173,5314802,California
Los Angeles,2021-05-20,66138,9278084,36896,4830316,27161,4089406,2081,358362,25576,1075652,40186,4266800,27650,5342452,California
Los Angeles,2021-05-21,69951,9348035,42405,4872721,25469,4114875,2077,360439,27692,1063516,41890,4308690,29754,5372206,California
Los Angeles,2021-05-22,57100,9405135,37211,4909932,18236,4133111,1653,362092,23194,1054682,33667,4342357,24833,5397039,California
Los Angeles,2021-05-23,23497,9428632,16175,4926107,6480,4139591,842,362934,10525,1053203,12848,4355205,11369,5408408,California
Los Angeles,2021-05-24,48412,9477044,26507,4952614,20052,4159643,1853,364787,18331,1043522,29851,4385056,20170,5428578,California
Los Angeles,2021-05-25,49737,9526781,28785,4981399,19183,4178826,1769,366556,19348,1034498,30136,4415192,21112,5449690,California
Los Angeles,2021-05-26,47059,9573840,26586,5007985,18636,4197462,1837,368393,19971,1029521,26669,4441861,21692,5471382,California
Los Angeles,2021-05-27,45451,9619291,25420,5033405,18200,4215662,1831,370224,19108,1024346,26101,4467962,20926,5492308,California
Los Angeles,2021-05-28,52204,9671495,29593,5062998,20713,4236375,1898,372122,23372,1021068,28537,4496499,25259,5517567,California
Los Angeles,2021-05-29,30433,9701928,17583,5080581,11806,4248181,1044,373166,14320,1020501,15920,4512419,15353,5532920,California
Los Angeles,2021-05-30,12479,9714407,8186,5088767,3562,4251743,731,373897,5929,1020660,6495,4518914,6654,5539574,California
Los Angeles,2021-05-31,6039,9720446,3735,5092502,1999,4253742,305,374202,1738,1018456,4244,4523158,2040,5541614,California
Los Angeles,2021-06-01,46151,9766597,25887,5118389,18690,4272432,1574,375776,17674,1009545,28138,4551296,19227,5560841,California
Los Angeles,2021-06-02,38418,9805015,22169,5140558,14799,4287231,1450,377226,15332,1003493,22807,4574103,16755,5577596,California
Los Angeles,2021-06-03,42715,9847730,28280,5168838,12879,4300110,1556,378782,15206,992996,27242,4601345,16745,5594341,California
Los Angeles,2021-06-04,52190,9899920,35257,5204095,15263,4315373,1670,380452,17361,977524,34484,4635829,19012,5613353,California
Los Angeles,2021-06-05,42385,9942305,30388,5234483,10622,4325995,1375,381827,12804,962297,29391,4665220,14164,5627517,California
Los Angeles,2021-06-06,14632,9956937,12073,5246556,1826,4327821,733,382560,4103,956669,10462,4675682,4834,5632351,California
Los Angeles,2021-06-07,36831,9993768,26298,5272854,9086,4336907,1447,384007,11836,945138,24799,4700481,13268,5645619,California
Los Angeles,2021-06-08,38276,10032044,26383,5299237,10325,4347232,1568,385575,13018,934743,24967,4725448,14572,5660191,California
Los Angeles,2021-06-09,39742,10071786,28068,5327305,10159,4357391,1515,387090,11759,920260,27737,4753185,13254,5673445,California
Los Angeles,2021-06-10,36472,10108258,25235,5352540,9642,4367033,1595,388685,11545,908679,24705,4777890,13124,5686569,California
Los Angeles,2021-06-11,41030,10149288,28128,5380668,11244,4378277,1658,390343,13517,896618,27222,4805112,15161,5701730,California
Los Angeles,2021-06-12,33166,10182454,23888,5404556,8064,4386341,1214,391557,10262,885341,22741,4827853,11464,5713194,California
Los Angeles,2021-06-13,11448,10193902,8186,5412742,2627,4388968,635,392192,2727,880045,8656,4836509,3360,5716554,California
Los Angeles,2021-06-14,32339,10226241,23261,5436003,7726,4396694,1352,393544,11544,872315,20610,4857119,12880,5729434,California
Los Angeles,2021-06-15,33654,10259895,22580,5458583,9394,4406088,1680,395224,11730,864126,21573,4878692,13384,5742818,California
Los Angeles,2021-06-16,32050,10291945,22169,5480752,8176,4414264,1705,396929,11257,856510,20572,4899264,12956,5755774,California
Los Angeles,2021-06-17,28208,10320153,19071,5499823,7790,4422054,1347,398276,10544,850968,17420,4916684,11878,5767652,California
Los Angeles,2021-06-18,33488,10353641,23134,5522957,8783,4430837,1571,399847,12052,843496,21077,4937761,13605,5781257,California
Los Angeles,2021-06-19,21144,10374785,14355,5537312,5687,4436524,1102,400949,8107,839917,12772,4950533,9193,5790450,California
Los Angeles,2021-06-20,8425,10383210,5933,5543245,2004,4438528,488,401437,3074,838198,5277,4955810,3558,5794008,California
Los Angeles,2021-06-21,17922,10401132,11170,5554415,5733,4444261,1019,402456,9810,841012,8002,4963812,10816,5804824,California
Los Angeles,2021-06-22,12041,10413173,8474,5562889,2769,4447030,798,403254,4424,838703,7527,4971339,5218,5810042,California
Madera,2020-12-16,21,21,21,21,0,0,0,0,21,21,0,0,21,21,California
Madera,2020-12-17,12,33,12,33,0,0,0,0,12,33,0,0,12,33,California
Madera,2020-12-18,60,93,60,93,0,0,0,0,60,93,0,0,60,93,California
Madera,2020-12-19,5,98,5,98,0,0,0,0,5,98,0,0,5,98,California
Madera,2020-12-20,12,110,12,110,0,0,0,0,12,110,0,0,12,110,California
Madera,2020-12-21,59,169,59,169,0,0,0,0,59,169,0,0,59,169,California
Madera,2020-12-22,94,263,92,261,2,2,0,0,94,263,0,0,94,263,California
Madera,2020-12-23,67,330,67,328,0,2,0,0,67,330,0,0,67,330,California
Madera,2020-12-24,43,373,38,366,5,7,0,0,43,373,0,0,43,373,California
Madera,2020-12-26,27,400,26,392,1,8,0,0,27,400,0,0,27,400,California
Madera,2020-12-27,27,427,12,404,15,23,0,0,27,427,0,0,27,427,California
Madera,2020-12-28,107,534,36,440,71,94,0,0,107,534,0,0,107,534,California
Madera,2020-12-29,175,709,37,477,138,232,0,0,175,709,0,0,175,709,California
Madera,2020-12-30,224,933,87,564,137,369,0,0,224,933,0,0,224,933,California
Madera,2020-12-31,203,1136,80,644,123,492,0,0,203,1136,0,0,203,1136,California
Madera,2021-01-01,2,1138,1,645,1,493,0,0,2,1138,0,0,2,1138,California
Madera,2021-01-02,88,1226,33,678,55,548,0,0,88,1226,0,0,88,1226,California
Madera,2021-01-03,4,1230,4,682,0,548,0,0,4,1230,0,0,4,1230,California
Madera,2021-01-04,129,1359,66,748,63,611,0,0,129,1359,0,0,129,1359,California
Madera,2021-01-05,278,1637,143,891,135,746,0,0,274,1629,4,4,274,1633,California
Madera,2021-01-06,183,1820,26,917,157,903,0,0,164,1774,19,23,164,1797,California
Madera,2021-01-07,399,2219,117,1034,282,1185,0,0,376,2128,23,46,377,2174,California
Madera,2021-01-08,421,2640,71,1105,350,1535,0,0,366,2441,54,100,367,2541,California
Madera,2021-01-09,36,2676,14,1119,22,1557,0,0,27,2459,9,109,27,2568,California
Madera,2021-01-10,16,2692,13,1132,3,1560,0,0,5,2453,11,120,5,2573,California
Madera,2021-01-11,236,2928,189,1321,47,1607,0,0,195,2607,41,161,195,2768,California
Madera,2021-01-12,387,3315,155,1476,232,1839,0,0,285,2790,102,263,285,3053,California
Madera,2021-01-13,180,3495,90,1566,90,1929,0,0,126,2863,54,317,127,3180,California
Madera,2021-01-14,552,4047,80,1646,472,2401,0,0,520,3351,32,349,520,3700,California
Madera,2021-01-15,597,4644,156,1802,441,2842,0,0,576,3906,21,370,576,4276,California
Madera,2021-01-16,388,5032,49,1851,339,3181,0,0,360,4238,28,398,360,4636,California
Madera,2021-01-17,336,5368,15,1866,321,3502,0,0,332,4566,4,402,332,4968,California
Madera,2021-01-18,79,5447,63,1929,16,3518,0,0,60,4608,18,420,60,5028,California
Madera,2021-01-19,569,6016,131,2060,438,3956,0,0,543,5126,26,446,544,5572,California
Madera,2021-01-20,238,6254,81,2141,157,4113,0,0,209,5307,28,474,209,5781,California
Madera,2021-01-21,238,6492,128,2269,110,4223,0,0,204,5479,32,506,204,5985,California
Madera,2021-01-22,259,6751,82,2351,177,4400,0,0,243,5706,16,522,243,6228,California
Madera,2021-01-23,100,6851,54,2405,46,4446,0,0,76,5758,24,546,76,6304,California
Madera,2021-01-24,97,6948,81,2486,16,4462,0,0,78,5817,19,565,78,6382,California
Madera,2021-01-25,272,7220,126,2612,146,4608,0,0,148,5841,124,689,148,6530,California
Madera,2021-01-26,494,7714,188,2800,306,4914,0,0,302,5953,191,880,303,6833,California
Madera,2021-01-27,748,8462,63,2863,685,5599,0,0,610,6427,138,1018,612,7445,California
Madera,2021-01-28,550,9012,110,2973,440,6039,0,0,444,6766,106,1124,445,7890,California
Madera,2021-01-29,471,9483,94,3067,377,6416,0,0,416,7127,55,1179,416,8306,California
Madera,2021-01-30,505,9988,16,3083,489,6905,0,0,452,7526,53,1232,452,8758,California
Madera,2021-01-31,8,9996,5,3088,3,6908,0,0,7,7532,1,1233,7,8765,California
Madera,2021-02-01,331,10327,145,3233,186,7094,0,0,205,7611,126,1359,205,8970,California
Madera,2021-02-02,254,10581,89,3322,165,7259,0,0,161,7681,92,1451,162,9132,California
Madera,2021-02-03,599,11180,464,3786,135,7394,0,0,480,8045,117,1568,481,9613,California
Madera,2021-02-04,397,11577,128,3914,269,7663,0,0,118,7888,278,1846,121,9734,California
Madera,2021-02-05,983,12560,301,4215,682,8345,0,0,376,7664,601,2447,377,10111,California
Madera,2021-02-06,365,12925,331,4546,34,8379,0,0,325,7950,39,2486,325,10436,California
Madera,2021-02-07,34,12959,6,4552,28,8407,0,0,29,7974,5,2491,29,10465,California
Madera,2021-02-08,389,13348,313,4865,76,8483,0,0,273,8132,115,2606,273,10738,California
Madera,2021-02-09,487,13835,118,4983,369,8852,0,0,203,8057,281,2887,206,10944,California
Madera,2021-02-10,436,14271,150,5133,286,9138,0,0,332,8286,103,2990,332,11276,California
Madera,2021-02-11,935,15206,307,5440,628,9766,0,0,403,8160,530,3520,404,11680,California
Madera,2021-02-12,840,16046,114,5554,726,10492,0,0,313,7956,521,4041,317,11997,California
Madera,2021-02-13,489,16535,46,5600,443,10935,0,0,138,7749,350,4391,143,12140,California
Madera,2021-02-14,400,16935,74,5674,326,11261,0,0,136,7622,264,4655,137,12277,California
Madera,2021-02-15,246,17181,99,5773,147,11408,0,0,175,7727,70,4725,175,12452,California
Madera,2021-02-16,776,17957,177,5950,599,12007,0,0,229,7412,545,5270,230,12682,California
Madera,2021-02-17,616,18573,278,6228,338,12345,0,0,346,7497,263,5533,348,13030,California
Madera,2021-02-18,1302,19875,540,6768,762,13107,0,0,1121,8440,179,5712,1122,14152,California
Madera,2021-02-19,858,20733,540,7308,318,13425,0,0,714,9011,144,5856,715,14867,California
Madera,2021-02-20,1076,21809,987,8295,89,13514,0,0,1005,9947,70,5926,1006,15873,California
Madera,2021-02-21,965,22774,824,9119,141,13655,0,0,960,10902,5,5931,960,16833,California
Madera,2021-02-22,918,23692,839,9958,79,13734,0,0,860,11704,58,5989,860,17693,California
Madera,2021-02-23,736,24428,463,10421,273,14007,0,0,523,12015,212,6201,523,18216,California
Madera,2021-02-24,918,25346,303,10724,615,14622,0,0,385,11868,532,6733,385,18601,California
Madera,2021-02-25,1037,26383,314,11038,723,15345,0,0,602,12036,434,7167,602,19203,California
Madera,2021-02-26,1089,27472,199,11237,890,16235,0,0,703,12355,384,7551,703,19906,California
Madera,2021-02-27,934,28406,294,11531,640,16875,0,0,499,12425,432,7983,502,20408,California
Madera,2021-02-28,195,28601,28,11559,167,17042,0,0,190,12610,5,7988,190,20598,California
Madera,2021-03-01,381,28982,121,11680,260,17302,0,0,197,12625,182,8170,197,20795,California
Madera,2021-03-02,758,29740,349,12029,409,17711,0,0,645,13160,111,8281,646,21441,California
Madera,2021-03-03,1363,31103,733,12762,630,18341,0,0,954,13736,406,8687,982,22423,California
Madera,2021-03-04,1212,32315,531,13293,681,19022,0,0,957,14440,256,8943,960,23383,California
Madera,2021-03-05,1369,33684,420,13713,936,19958,13,13,1083,15263,284,9227,1107,24490,California
Madera,2021-03-06,826,34510,643,14356,151,20109,32,45,505,15481,320,9547,538,25028,California
Madera,2021-03-07,154,34664,26,14382,106,20215,22,67,105,15559,49,9596,127,25155,California
Madera,2021-03-08,604,35268,337,14719,208,20423,59,126,306,15628,298,9894,367,25522,California
Madera,2021-03-09,604,35872,298,15017,273,20696,33,159,414,15893,188,10082,453,25975,California
Madera,2021-03-10,1192,37064,558,15575,556,21252,78,237,760,16305,427,10509,839,26814,California
Madera,2021-03-11,1694,38758,876,16451,491,21743,327,564,775,16501,917,11426,1113,27927,California
Madera,2021-03-12,1583,40341,819,17270,613,22356,151,715,804,16710,776,12202,985,28912,California
Madera,2021-03-13,1892,42233,1336,18606,360,22716,196,911,820,16675,1069,13271,1034,29946,California
Madera,2021-03-14,588,42821,450,19056,105,22821,33,944,294,16711,291,13562,327,30273,California
Madera,2021-03-15,750,43571,233,19289,472,23293,45,989,517,17078,230,13792,597,30870,California
Madera,2021-03-16,938,44509,529,19818,362,23655,47,1036,748,17703,187,13979,812,31682,California
Madera,2021-03-17,1478,45987,983,20801,432,24087,63,1099,913,18217,556,14535,1070,32752,California
Madera,2021-03-18,1960,47947,684,21485,1211,25298,65,1164,977,18372,977,15512,1132,33884,California
Madera,2021-03-19,1599,49546,588,22073,928,26226,83,1247,1041,19023,554,16066,1205,35089,California
Madera,2021-03-20,1191,50737,781,22854,359,26585,51,1298,607,19164,582,16648,723,35812,California
Madera,2021-03-21,1115,51852,911,23765,155,26740,49,1347,386,18874,726,17374,436,36248,California
Madera,2021-03-22,1370,53222,863,24628,441,27181,66,1413,689,18999,678,18052,803,37051,California
Madera,2021-03-23,1428,54650,875,25503,468,27649,85,1498,681,19104,746,18798,851,37902,California
Madera,2021-03-24,954,55604,512,26015,410,28059,32,1530,611,19411,340,19138,647,38549,California
Madera,2021-03-25,1181,56785,533,26548,624,28683,24,1554,651,19579,520,19658,688,39237,California
Madera,2021-03-26,1523,58308,577,27125,811,29494,135,1689,721,19641,798,20456,860,40097,California
Madera,2021-03-27,934,59242,609,27734,302,29796,23,1712,417,19569,513,20969,441,40538,California
Madera,2021-03-28,439,59681,150,27884,229,30025,60,1772,205,19696,233,21202,360,40898,California
Madera,2021-03-29,695,60376,185,28069,480,30505,30,1802,499,20037,192,21394,533,41431,California
Madera,2021-03-30,1076,61452,607,28676,440,30945,29,1831,479,19952,594,21988,509,41940,California
Madera,2021-03-31,1396,62848,544,29220,723,31668,129,1960,426,19544,964,22952,556,42496,California
Madera,2021-04-01,1407,64255,627,29847,729,32397,51,2011,490,19176,907,23859,539,43035,California
Madera,2021-04-02,1609,65864,460,30307,1090,33487,59,2070,477,18592,1121,24980,537,43572,California
Madera,2021-04-03,964,66828,766,31073,179,33666,19,2089,393,18446,569,25549,423,43995,California
Madera,2021-04-04,186,67014,64,31137,120,33786,2,2091,85,18433,101,25650,88,44083,California
Madera,2021-04-05,737,67751,255,31392,424,34210,58,2149,341,18452,394,26044,413,44496,California
Madera,2021-04-06,1715,69466,892,32284,467,34677,356,2505,536,18167,1177,27221,892,45388,California
Madera,2021-04-07,1239,70705,389,32673,702,35379,148,2653,428,17940,808,28029,581,45969,California
Madera,2021-04-08,1734,72439,668,33341,801,36180,265,2918,558,17599,1169,29198,828,46797,California
Madera,2021-04-09,1645,74084,694,34035,805,36985,146,3064,946,18001,694,29892,1096,47893,California
Madera,2021-04-10,981,75065,687,34722,225,37210,69,3133,713,18515,269,30161,783,48676,California
Madera,2021-04-11,816,75881,663,35385,74,37284,79,3212,286,18352,526,30687,363,49039,California
Madera,2021-04-12,818,76699,294,35679,447,37731,77,3289,311,18234,507,31194,389,49428,California
Madera,2021-04-13,1255,77954,618,36297,594,38325,43,3332,729,18492,524,31718,782,50210,California
Madera,2021-04-14,1407,79361,866,37163,541,38866,0,3332,580,18252,826,32544,586,50796,California
Madera,2021-04-15,1186,80547,511,37674,674,39540,1,3333,428,17937,746,33290,431,51227,California
Madera,2021-04-16,1370,81917,542,38216,828,40368,0,3333,377,17336,980,34270,379,51606,California
Madera,2021-04-17,1303,83220,1094,39310,209,40577,0,3333,777,17589,524,34794,777,52383,California
Madera,2021-04-18,249,83469,210,39520,39,40616,0,3333,89,17520,158,34952,89,52472,California
Madera,2021-04-19,813,84282,242,39762,570,41186,1,3334,280,17273,527,35479,280,52752,California
Madera,2021-04-20,878,85160,431,40193,447,41633,0,3334,223,16846,652,36131,225,52977,California
Madera,2021-04-21,863,86023,459,40652,404,42037,0,3334,295,16576,567,36698,297,53274,California
Madera,2021-04-22,1084,87107,515,41167,569,42606,0,3334,377,16251,703,37401,378,53652,California
Madera,2021-04-23,969,88076,303,41470,666,43272,0,3334,335,15957,629,38030,335,53987,California
Madera,2021-04-24,715,88791,470,41940,245,43517,0,3334,251,15749,460,38490,252,54239,California
Madera,2021-04-25,265,89056,158,42098,104,43621,3,3337,117,15726,144,38634,121,54360,California
Madera,2021-04-26,557,89613,100,42198,451,44072,6,3343,129,15436,425,39059,135,54495,California
Madera,2021-04-27,623,90236,275,42473,323,44395,25,3368,315,15470,307,39366,341,54836,California
Madera,2021-04-28,505,90741,199,42672,287,44682,19,3387,246,15477,257,39623,264,55100,California
Madera,2021-04-29,556,91297,245,42917,283,44965,28,3415,260,15477,289,39912,289,55389,California
Madera,2021-04-30,937,92234,506,43423,414,45379,17,3432,271,15105,660,40572,288,55677,California
Madera,2021-05-01,969,93203,870,44293,85,45464,14,3446,389,14929,579,41151,403,56080,California
Madera,2021-05-02,400,93603,352,44645,43,45507,5,3451,146,14826,254,41405,151,56231,California
Madera,2021-05-03,497,94100,196,44841,261,45768,40,3491,100,14572,394,41799,140,56371,California
Madera,2021-05-04,904,95004,434,45275,426,46194,44,3535,212,14136,692,42491,256,56627,California
Madera,2021-05-05,1010,96014,478,45753,471,46665,61,3596,276,13741,732,43223,337,56964,California
Madera,2021-05-06,701,96715,246,45999,422,47087,33,3629,154,13386,542,43765,187,57151,California
Madera,2021-05-07,806,97521,277,46276,508,47595,21,3650,193,12992,607,44372,213,57364,California
Madera,2021-05-08,970,98491,758,47034,202,47797,10,3660,184,12401,785,45157,194,57558,California
Madera,2021-05-09,145,98636,20,47054,114,47911,11,3671,35,12338,109,45266,46,57604,California
Madera,2021-05-10,361,98997,74,47128,275,48186,12,3683,101,12192,259,45525,113,57717,California
Madera,2021-05-11,533,99530,182,47310,342,48528,9,3692,174,12018,357,45882,183,57900,California
Madera,2021-05-12,507,100037,230,47540,241,48769,36,3728,127,11803,378,46260,163,58063,California
Madera,2021-05-13,514,100551,309,47849,173,48942,32,3760,181,11686,330,46590,213,58276,California
Madera,2021-05-14,532,101083,267,48116,241,49183,24,3784,236,11654,293,46883,261,58537,California
Madera,2021-05-15,564,101647,479,48595,77,49260,8,3792,365,11830,197,47080,373,58910,California
Madera,2021-05-16,256,101903,187,48782,37,49297,32,3824,106,11818,150,47230,138,59048,California
Madera,2021-05-17,455,102358,192,48974,234,49531,29,3853,207,11809,245,47475,236,59284,California
Madera,2021-05-18,551,102909,368,49342,159,49690,24,3877,291,11868,256,47731,315,59599,California
Madera,2021-05-19,489,103398,224,49566,243,49933,22,3899,217,11837,270,48001,239,59838,California
Madera,2021-05-20,591,103989,270,49836,283,50216,38,3937,233,11756,352,48353,271,60109,California
Madera,2021-05-21,504,104493,192,50028,284,50500,28,3965,194,11673,305,48658,222,60331,California
Madera,2021-05-22,904,105397,819,50847,73,50573,12,3977,532,11846,371,49029,544,60875,California
Madera,2021-05-23,265,105662,238,51085,17,50590,10,3987,141,11874,123,49152,151,61026,California
Madera,2021-05-24,301,105963,135,51220,125,50715,41,4028,117,11849,183,49335,158,61184,California
Madera,2021-05-25,383,106346,169,51389,181,50896,33,4061,155,11811,226,49561,188,61372,California
Madera,2021-05-26,443,106789,258,51647,163,51059,22,4083,237,11867,203,49764,259,61631,California
Madera,2021-05-27,379,107168,136,51783,205,51264,38,4121,134,11798,241,50005,172,61803,California
Madera,2021-05-28,452,107620,174,51957,250,51514,28,4149,180,11736,270,50275,208,62011,California
Madera,2021-05-29,307,107927,216,52173,73,51587,18,4167,168,11783,139,50414,186,62197,California
Madera,2021-05-30,61,107988,27,52200,30,51617,4,4171,28,11783,32,50446,32,62229,California
Madera,2021-05-31,26,108014,9,52209,13,51630,4,4175,12,11785,14,50460,16,62245,California
Madera,2021-06-01,294,108308,149,52358,122,51752,23,4198,111,11738,181,50641,134,62379,California
Madera,2021-06-02,397,108705,127,52485,247,51999,23,4221,120,11605,276,50917,143,62522,California
Madera,2021-06-03,280,108985,149,52634,116,52115,15,4236,90,11520,190,51107,105,62627,California
Madera,2021-06-04,380,109365,244,52878,125,52240,11,4247,151,11454,228,51335,162,62789,California
Madera,2021-06-05,512,109877,386,53264,113,52353,13,4260,146,11252,361,51696,159,62948,California
Madera,2021-06-06,136,110013,116,53380,13,52366,7,4267,39,11201,97,51793,46,62994,California
Madera,2021-06-07,253,110266,158,53538,74,52440,21,4288,46,11061,207,52000,67,63061,California
Madera,2021-06-08,388,110654,274,53812,93,52533,21,4309,100,10894,288,52288,121,63182,California
Madera,2021-06-09,374,111028,237,54049,110,52643,27,4336,142,10832,231,52519,169,63351,California
Madera,2021-06-10,341,111369,196,54245,129,52772,16,4352,116,10741,223,52742,132,63483,California
Madera,2021-06-11,380,111749,220,54465,128,52900,32,4384,169,10730,210,52952,199,63682,California
Madera,2021-06-12,577,112326,507,54972,54,52954,16,4400,94,10357,483,53435,110,63792,California
Madera,2021-06-13,190,112516,156,55128,29,52983,5,4405,53,10279,136,53571,58,63850,California
Madera,2021-06-14,225,112741,161,55289,42,53025,22,4427,88,10255,134,53705,110,63960,California
Madera,2021-06-15,361,113102,250,55539,78,53103,33,4460,154,10237,205,53910,187,64147,California
Madera,2021-06-16,328,113430,251,55790,63,53166,14,4474,118,10164,205,54115,132,64279,California
Madera,2021-06-17,261,113691,130,55920,122,53288,9,4483,97,10107,163,54278,106,64385,California
Madera,2021-06-18,276,113967,176,56096,76,53364,24,4507,119,10093,156,54434,142,64527,California
Madera,2021-06-19,247,114214,200,56296,39,53403,8,4515,80,10014,167,54601,88,64615,California
Madera,2021-06-20,56,114270,46,56342,3,53406,7,4522,28,10021,28,54629,35,64650,California
Madera,2021-06-21,154,114424,71,56413,58,53464,25,4547,66,10024,88,54717,91,64741,California
Madera,2021-06-22,140,114564,94,56507,30,53494,16,4563,68,10037,71,54788,84,64825,California
Marin,2020-12-15,2,2,2,2,0,0,0,0,2,2,0,0,2,2,California
Marin,2020-12-16,110,112,110,112,0,0,0,0,110,112,0,0,110,112,California
Marin,2020-12-17,270,382,270,382,0,0,0,0,270,382,0,0,270,382,California
Marin,2020-12-18,387,769,387,769,0,0,0,0,387,769,0,0,387,769,California
Marin,2020-12-19,346,1115,345,1114,1,1,0,0,346,1115,0,0,346,1115,California
Marin,2020-12-20,165,1280,164,1278,1,2,0,0,165,1280,0,0,165,1280,California
Marin,2020-12-21,237,1517,234,1512,3,5,0,0,237,1517,0,0,237,1517,California
Marin,2020-12-22,519,2036,314,1826,205,210,0,0,519,2036,0,0,519,2036,California
Marin,2020-12-23,723,2759,312,2138,411,621,0,0,723,2759,0,0,723,2759,California
Marin,2020-12-24,355,3114,158,2296,197,818,0,0,355,3114,0,0,355,3114,California
Marin,2020-12-25,26,3140,0,2296,26,844,0,0,26,3140,0,0,26,3140,California
Marin,2020-12-26,144,3284,95,2391,49,893,0,0,144,3284,0,0,144,3284,California
Marin,2020-12-27,89,3373,53,2444,36,929,0,0,89,3373,0,0,89,3373,California
Marin,2020-12-28,405,3778,97,2541,308,1237,0,0,405,3778,0,0,405,3778,California
Marin,2020-12-29,399,4177,88,2629,311,1548,0,0,399,4177,0,0,399,4177,California
Marin,2020-12-30,629,4806,390,3019,239,1787,0,0,629,4806,0,0,629,4806,California
Marin,2020-12-31,199,5005,35,3054,164,1951,0,0,198,5003,1,1,198,5004,California
Marin,2021-01-01,29,5034,14,3068,15,1966,0,0,29,5032,0,1,29,5033,California
Marin,2021-01-02,110,5144,104,3172,6,1972,0,0,110,5142,0,1,110,5143,California
Marin,2021-01-03,49,5193,31,3203,18,1990,0,0,45,5187,0,1,45,5188,California
Marin,2021-01-04,296,5489,193,3396,103,2093,0,0,295,5481,1,2,295,5483,California
Marin,2021-01-05,365,5854,217,3613,148,2241,0,0,322,5760,43,45,322,5805,California
Marin,2021-01-06,823,6677,320,3933,503,2744,0,0,640,6217,183,228,640,6445,California
Marin,2021-01-07,881,7558,493,4426,388,3132,0,0,528,6392,353,581,528,6973,California
Marin,2021-01-08,967,8525,512,4938,455,3587,0,0,583,6592,383,964,583,7556,California
Marin,2021-01-09,620,9145,221,5159,399,3986,0,0,491,6954,129,1093,491,8047,California
Marin,2021-01-10,132,9277,103,5262,29,4015,0,0,57,6936,75,1168,57,8104,California
Marin,2021-01-11,470,9747,326,5588,144,4159,0,0,249,6966,221,1389,251,8355,California
Marin,2021-01-12,931,10678,537,6125,394,4553,0,0,566,7171,361,1750,566,8921,California
Marin,2021-01-13,1171,11849,494,6619,677,5230,0,0,938,7876,233,1983,938,9859,California
Marin,2021-01-14,1062,12911,315,6934,747,5977,0,0,913,8642,147,2130,913,10772,California
Marin,2021-01-15,1160,14071,351,7285,809,6786,0,0,1031,9547,128,2258,1033,11805,California
Marin,2021-01-16,1122,15193,914,8199,208,6994,0,0,1046,10517,76,2334,1046,12851,California
Marin,2021-01-17,1232,16425,1113,9312,119,7113,0,0,1203,11695,28,2362,1206,14057,California
Marin,2021-01-18,360,16785,159,9471,201,7314,0,0,311,11957,49,2411,311,14368,California
Marin,2021-01-19,1153,17938,909,10380,244,7558,0,0,980,12765,172,2583,980,15348,California
Marin,2021-01-20,1796,19734,1208,11588,588,8146,0,0,1065,13112,719,3302,1066,16414,California
Marin,2021-01-21,1685,21419,1065,12653,620,8766,0,0,1328,14088,354,3656,1330,17744,California
Marin,2021-01-22,1711,23130,1092,13745,619,9385,0,0,1538,15455,173,3829,1540,19284,California
Marin,2021-01-23,1855,24985,1352,15097,503,9888,0,0,1770,17140,85,3914,1770,21054,California
Marin,2021-01-24,614,25599,165,15262,449,10337,0,0,582,17690,32,3946,582,21636,California
Marin,2021-01-25,1122,26721,228,15490,894,11231,0,0,686,17941,436,4382,687,22323,California
Marin,2021-01-26,1520,28241,779,16269,741,11972,0,0,1141,18704,378,4760,1141,23464,California
Marin,2021-01-27,1721,29962,891,17160,830,12802,0,0,1355,19697,364,5124,1357,24821,California
Marin,2021-01-28,2081,32043,1071,18231,1010,13812,0,0,1817,21252,263,5387,1818,26639,California
Marin,2021-01-29,2208,34251,1436,19667,772,14584,0,0,2011,23079,185,5572,2012,28651,California
Marin,2021-01-30,1718,35969,907,20574,811,15395,0,0,1640,24642,78,5650,1641,30292,California
Marin,2021-01-31,460,36429,324,20898,136,15531,0,0,433,25048,27,5677,433,30725,California
Marin,2021-02-01,1095,37524,416,21314,679,16210,0,0,896,25747,198,5875,897,31622,California
Marin,2021-02-02,1413,38937,491,21805,922,17132,0,0,748,25841,654,6529,748,32370,California
Marin,2021-02-03,1791,40728,423,22228,1368,18500,0,0,1282,26616,507,7036,1282,33652,California
Marin,2021-02-04,1528,42256,502,22730,1026,19526,0,0,928,26949,596,7632,929,34581,California
Marin,2021-02-05,2171,44427,671,23401,1500,21026,0,0,1333,27449,834,8466,1334,35915,California
Marin,2021-02-06,1429,45856,846,24247,583,21609,0,0,604,27229,824,9290,604,36519,California
Marin,2021-02-07,1291,47147,1007,25254,284,21893,0,0,489,26918,801,10091,490,37009,California
Marin,2021-02-08,1534,48681,753,26007,781,22674,0,0,732,26851,799,10890,732,37741,California
Marin,2021-02-09,1782,50463,1123,27130,659,23333,0,0,836,26741,946,11836,836,38577,California
Marin,2021-02-10,2337,52800,1494,28624,843,24176,0,0,1217,26841,1118,12954,1218,39795,California
Marin,2021-02-11,2873,55673,1645,30269,1228,25404,0,0,1450,26878,1418,14372,1455,41250,California
Marin,2021-02-12,3063,58736,1535,31804,1528,26932,0,0,1556,26933,1504,15876,1559,42809,California
Marin,2021-02-13,2328,61064,1245,33049,1083,28015,0,0,1120,26850,1206,17082,1123,43932,California
Marin,2021-02-14,819,61883,305,33354,514,28529,0,0,726,27484,93,17175,727,44659,California
Marin,2021-02-15,1216,63099,355,33709,861,29390,0,0,839,27947,377,17552,840,45499,California
Marin,2021-02-16,2468,65567,1051,34760,1417,30807,0,0,1502,28484,965,18517,1502,47001,California
Marin,2021-02-17,2099,67666,941,35701,1158,31965,0,0,1082,28551,1015,19532,1082,48083,California
Marin,2021-02-18,2412,70078,1586,37287,826,32791,0,0,1055,28252,1354,20886,1055,49138,California
Marin,2021-02-19,2786,72864,2176,39463,610,33401,0,0,1237,27955,1535,22421,1238,50376,California
Marin,2021-02-20,2626,75490,2158,41621,468,33869,0,0,1256,27851,1362,23783,1258,51634,California
Marin,2021-02-21,1330,76820,1131,42752,199,34068,0,0,947,28419,379,24162,947,52581,California
Marin,2021-02-22,1852,78672,1424,44176,428,34496,0,0,1225,29020,624,24786,1225,53806,California
Marin,2021-02-23,2897,81569,1667,45843,1230,35726,0,0,1939,30015,945,25731,1940,55746,California
Marin,2021-02-24,3535,85104,1635,47478,1900,37626,0,0,2268,31025,1259,26990,2269,58015,California
Marin,2021-02-25,4080,89184,1928,49406,2152,39778,0,0,2883,32722,1188,28178,2885,60900,California
Marin,2021-02-26,3661,92845,1992,51398,1669,41447,0,0,2642,34358,1007,29185,2643,63543,California
Marin,2021-02-27,2731,95576,1612,53010,1119,42566,0,0,1888,35410,838,30023,1890,65433,California
Marin,2021-02-28,1647,97223,924,53934,723,43289,0,0,1303,36372,341,30364,1303,66736,California
Marin,2021-03-01,2680,99903,1668,55602,1011,44300,1,1,1805,37313,865,31229,1806,68542,California
Marin,2021-03-02,2518,102421,1690,57292,828,45128,0,1,1720,38240,794,32023,1721,70263,California
Marin,2021-03-03,4370,106791,2432,59724,1934,47062,4,5,2830,39540,1534,33557,2834,73097,California
Marin,2021-03-04,3392,110183,1662,61386,1729,48791,1,6,2375,40909,1010,34567,2379,75476,California
Marin,2021-03-05,3060,113243,1165,62551,1883,50674,12,18,1793,41452,1262,35829,1805,77281,California
Marin,2021-03-06,3232,116475,2322,64873,834,51508,76,94,2658,43618,569,36398,2735,80016,California
Marin,2021-03-07,1390,117865,1174,66047,192,51700,24,118,993,44243,392,36790,1017,81033,California
Marin,2021-03-08,1886,119751,1386,67433,384,52084,116,234,1410,45297,472,37262,1526,82559,California
Marin,2021-03-09,2220,121971,1339,68772,770,52854,111,345,1541,46271,676,37938,1650,84209,California
Marin,2021-03-10,4478,126449,2519,71291,1664,54518,295,640,3234,48562,1239,39177,3530,87739,California
Marin,2021-03-11,4597,131046,1888,73179,2575,57093,134,774,3295,50696,1295,40472,3429,91168,California
Marin,2021-03-12,3971,135017,1548,74727,2073,59166,350,1124,1558,50202,2402,42874,1908,93076,California
Marin,2021-03-13,4100,139117,2873,77600,1157,60323,70,1194,2382,50935,1714,44588,2447,95523,California
Marin,2021-03-14,2295,141412,1106,78706,1073,61396,116,1310,707,50170,1586,46174,821,96344,California
Marin,2021-03-15,3242,144654,1772,80478,1422,62818,48,1358,1204,49396,2026,48200,1252,97596,California
Marin,2021-03-16,4288,148942,2314,82792,1607,64425,367,1725,1451,48379,2833,51033,1816,99412,California
Marin,2021-03-17,4203,153145,2287,85079,1867,66292,49,1774,2047,48330,2144,53177,2095,101507,California
Marin,2021-03-18,4487,157632,2270,87349,2142,68434,75,1849,2132,48197,2337,55514,2204,103711,California
Marin,2021-03-19,4485,162117,2295,89644,1970,70404,220,2069,2335,48610,2139,57653,2552,106263,California
Marin,2021-03-20,3590,165707,1989,91633,1490,71894,111,2180,1930,49002,1650,59303,2042,108305,California
Marin,2021-03-21,1542,167249,1146,92779,374,72268,22,2202,798,49081,741,60044,820,109125,California
Marin,2021-03-22,2479,169728,2144,94923,169,72437,166,2368,896,48566,1577,61621,1062,110187,California
Marin,2021-03-23,4275,174003,2223,97146,1923,74360,129,2497,1890,48208,2377,63998,2019,112206,California
Marin,2021-03-24,4464,178467,2914,100060,1439,75799,111,2608,1808,47482,2643,66641,1917,114123,California
Marin,2021-03-25,4656,183123,2841,102901,1742,77541,73,2681,2252,47415,2390,69031,2323,116446,California
Marin,2021-03-26,4316,187439,2348,105249,1754,79295,214,2895,2404,48137,1896,70927,2618,119064,California
Marin,2021-03-27,3698,191137,2662,107911,1019,80314,17,2912,1135,46736,2552,73479,1151,120215,California
Marin,2021-03-28,2385,193522,1721,109632,658,80972,6,2918,833,46030,1545,75024,839,121054,California
Marin,2021-03-29,2687,196209,2098,111730,564,81536,25,2943,1138,45647,1546,76570,1163,122217,California
Marin,2021-03-30,4655,200864,3648,115378,974,82510,33,2976,2951,46929,1702,78272,2984,125201,California
Marin,2021-03-31,5849,206713,4149,119527,1650,84160,50,3026,2545,46232,3292,81564,2595,127796,California
Marin,2021-04-01,4451,211164,2287,121814,1912,86072,252,3278,2112,46268,2327,83891,2363,130159,California
Marin,2021-04-02,3734,214898,1860,123674,1504,87576,370,3648,1998,46900,1728,85619,2360,132519,California
Marin,2021-04-03,3858,218756,2517,126191,965,88541,376,4024,1459,46350,2387,88006,1837,134356,California
Marin,2021-04-04,1642,220398,1239,127430,202,88743,201,4225,1198,47307,442,88448,1399,135755,California
Marin,2021-04-05,2205,222603,1536,128966,295,89038,374,4599,1270,48019,930,89378,1642,137397,California
Marin,2021-04-06,3975,226578,2109,131075,1310,90348,556,5155,2210,49024,1759,91137,2764,140161,California
Marin,2021-04-07,3960,230538,1989,133064,1325,91673,646,5801,1433,48585,2517,93654,2078,142239,California
Marin,2021-04-08,5063,235601,1975,135039,2478,94151,610,6411,2307,48749,2743,96397,2907,145146,California
Marin,2021-04-09,3993,239594,1561,136600,1700,95851,732,7143,1320,48130,2668,99065,2049,147195,California
Marin,2021-04-10,3214,242808,1485,138085,1296,97147,433,7576,1449,48258,1750,100815,1878,149073,California
Marin,2021-04-11,1058,243866,807,138892,89,97236,162,7738,473,48309,583,101398,634,149707,California
Marin,2021-04-12,1733,245599,1236,140128,337,97573,160,7898,916,48572,814,102212,1077,150784,California
Marin,2021-04-13,3762,249361,2306,142434,1449,99022,7,7905,1389,47606,2362,104574,1396,152180,California
Marin,2021-04-14,4231,253592,2541,144975,1687,100709,3,7908,1731,46863,2475,107049,1732,153912,California
Marin,2021-04-15,5640,259232,3987,148962,1653,102362,0,7908,3229,47697,2396,109445,3230,157142,California
Marin,2021-04-16,4295,263527,2247,151209,2045,104407,3,7911,2091,47605,2188,111633,2096,159238,California
Marin,2021-04-17,3572,267099,2175,153384,1397,105804,0,7911,1785,47613,1780,113413,1788,161026,California
Marin,2021-04-18,3188,270287,3098,156482,90,105894,0,7911,2552,49532,633,114046,2552,163578,California
Marin,2021-04-19,2052,272339,1881,158363,170,106064,1,7912,1159,49807,886,114932,1161,164739,California
Marin,2021-04-20,3707,276046,2563,160926,1144,107208,0,7912,1461,49036,2237,117169,1466,166205,California
Marin,2021-04-21,4029,280075,2957,163883,1069,108277,3,7915,1366,47760,2645,119814,1369,167574,California
Marin,2021-04-22,4227,284302,3221,167104,1006,109283,0,7915,1487,46522,2729,122543,1491,169065,California
Marin,2021-04-23,3209,287511,1801,168905,1408,110691,0,7915,1218,45763,1978,124521,1219,170284,California
Marin,2021-04-24,2506,290017,1678,170583,828,111519,0,7915,912,45094,1581,126102,912,171196,California
Marin,2021-04-25,1374,291391,1260,171843,114,111633,0,7915,302,44333,1063,127165,302,171498,California
Marin,2021-04-26,1613,293004,1388,173231,222,111855,3,7918,385,43497,1225,128390,389,171887,California
Marin,2021-04-27,3042,296046,2200,175431,792,112647,50,7968,981,42472,2052,130442,1027,172914,California
Marin,2021-04-28,2305,298351,1587,177018,665,113312,53,8021,730,41681,1573,132015,782,173696,California
Marin,2021-04-29,2888,301239,1976,178994,850,114162,62,8083,793,40453,2084,134099,856,174552,California
Marin,2021-04-30,1953,303192,1275,180269,591,114753,87,8170,693,39982,1251,135350,780,175332,California
Marin,2021-05-01,1836,305028,1021,181290,792,115545,23,8193,545,39266,1283,136633,567,175899,California
Marin,2021-05-02,725,305753,583,181873,113,115658,29,8222,198,38971,521,137154,226,176125,California
Marin,2021-05-03,1207,306960,983,182856,167,115825,57,8279,252,38328,951,138105,308,176433,California
Marin,2021-05-04,2937,309897,1969,184825,876,116701,92,8371,476,36443,2453,140558,568,177001,California
Marin,2021-05-05,2731,312628,2004,186829,602,117303,125,8496,438,34719,2286,142844,562,177563,California
Marin,2021-05-06,3263,315891,2532,189361,643,117946,88,8584,427,32404,2827,145671,512,178075,California
Marin,2021-05-07,2033,317924,1539,190900,408,118354,86,8670,376,31213,1650,147321,459,178534,California
Marin,2021-05-08,2468,320392,1862,192762,484,118838,122,8792,339,29553,2121,149442,461,178995,California
Marin,2021-05-09,980,321372,896,193658,65,118903,19,8811,114,28824,863,150305,134,179129,California
Marin,2021-05-10,1402,322774,1148,194806,184,119087,70,8881,202,27900,1195,151500,271,179400,California
Marin,2021-05-11,2306,325080,1841,196647,409,119496,56,8937,292,26235,2012,153512,347,179747,California
Marin,2021-05-12,1842,326922,1454,198101,319,119815,69,9006,300,25065,1537,155049,367,180114,California
Marin,2021-05-13,2648,329570,2275,200376,319,120134,54,9060,1409,25296,1231,156280,1462,181576,California
Marin,2021-05-14,2200,331770,1448,201824,653,120787,99,9159,878,24956,1316,157596,976,182552,California
Marin,2021-05-15,2727,334497,2262,204086,385,121172,80,9239,1656,25622,1070,158666,1736,184288,California
Marin,2021-05-16,1645,336142,1592,205678,48,121220,5,9244,1333,26651,309,158975,1338,185626,California
Marin,2021-05-17,2131,338273,1983,207661,105,121325,43,9287,1704,27978,420,159395,1747,187373,California
Marin,2021-05-18,1529,339802,1186,208847,287,121612,56,9343,795,28099,728,160123,849,188222,California
Marin,2021-05-19,1538,341340,1245,210092,223,121835,70,9413,778,28191,754,160877,846,189068,California
Marin,2021-05-20,1810,343150,1484,211576,241,122076,85,9498,753,27981,1049,161926,839,189907,California
Marin,2021-05-21,1446,344596,841,212417,556,122632,49,9547,438,27467,1001,162927,487,190394,California
Marin,2021-05-22,1420,346016,1079,213496,284,122916,57,9604,958,28024,458,163385,1015,191409,California
Marin,2021-05-23,472,346488,418,213914,42,122958,12,9616,220,28007,250,163635,233,191642,California
Marin,2021-05-24,641,347129,490,214404,110,123068,41,9657,352,28113,286,163921,392,192034,California
Marin,2021-05-25,991,348120,623,215027,322,123390,46,9703,311,27795,673,164594,355,192389,California
Marin,2021-05-26,705,348825,481,215508,175,123565,49,9752,259,27661,442,165036,308,192697,California
Marin,2021-05-27,1028,349853,662,216170,287,123852,79,9831,344,27402,682,165718,423,193120,California
Marin,2021-05-28,1094,350947,712,216882,303,124155,79,9910,322,27033,768,166486,399,193519,California
Marin,2021-05-29,373,351320,215,217097,148,124303,10,9920,213,27096,160,166646,223,193742,California
Marin,2021-05-30,98,351418,57,217154,36,124339,5,9925,57,27118,40,166686,62,193804,California
Marin,2021-05-31,27,351445,13,217167,13,124352,1,9926,14,27120,13,166699,15,193819,California
Marin,2021-06-01,753,352198,549,217716,159,124511,45,9971,327,27067,424,167123,371,194190,California
Marin,2021-06-02,624,352822,476,218192,96,124607,52,10023,217,26931,403,167526,267,194457,California
Marin,2021-06-03,1491,354313,1320,219512,113,124720,58,10081,236,25973,1252,168778,294,194751,California
Marin,2021-06-04,1015,355328,856,220368,126,124846,33,10114,183,25360,827,169605,214,194965,California
Marin,2021-06-05,1921,357249,1706,222074,167,125013,48,10162,319,24132,1595,171200,367,195332,California
Marin,2021-06-06,1407,358656,1358,223432,15,125028,34,10196,202,23164,1204,172404,236,195568,California
Marin,2021-06-07,1941,360597,1823,225255,68,125096,50,10246,249,21776,1686,174090,298,195866,California
Marin,2021-06-08,979,361576,870,226125,68,125164,41,10287,233,21311,739,174829,274,196140,California
Marin,2021-06-09,744,362320,670,226795,65,125229,9,10296,137,20851,606,175435,146,196286,California
Marin,2021-06-10,882,363202,773,227568,60,125289,49,10345,182,20386,696,176131,231,196517,California
Marin,2021-06-11,680,363882,578,228146,70,125359,32,10377,140,20018,540,176671,172,196689,California
Marin,2021-06-12,921,364803,791,228937,89,125448,41,10418,156,19453,762,177433,197,196886,California
Marin,2021-06-13,414,365217,382,229319,20,125468,12,10430,68,19190,343,177776,80,196966,California
Marin,2021-06-14,866,366083,740,230059,79,125547,47,10477,213,18799,649,178425,258,197224,California
Marin,2021-06-15,536,366619,427,230486,84,125631,25,10502,169,18627,366,178791,194,197418,California
Marin,2021-06-16,481,367100,400,230886,37,125668,44,10546,159,18512,317,179108,202,197620,California
Marin,2021-06-17,553,367653,477,231363,45,125713,31,10577,192,18374,360,179468,222,197842,California
Marin,2021-06-18,476,368129,375,231738,68,125781,33,10610,169,18274,301,179769,201,198043,California
Marin,2021-06-19,358,368487,289,232027,35,125816,34,10644,142,18233,215,179984,174,198217,California
Marin,2021-06-20,113,368600,88,232115,14,125830,11,10655,47,18225,66,180050,58,198275,California
Marin,2021-06-21,340,368940,248,232363,46,125876,46,10701,140,18212,199,180249,186,198461,California
Marin,2021-06-22,191,369131,170,232533,4,125880,17,10718,57,18152,134,180383,74,198535,California
Mariposa,2020-12-17,38,38,38,38,0,0,0,0,40,40,0,0,40,40,California
Mariposa,2020-12-18,55,93,55,93,0,0,0,0,56,96,0,0,56,96,California
Mariposa,2020-12-20,2,95,2,95,0,0,0,0,2,98,0,0,2,98,California
Mariposa,2020-12-21,49,144,49,144,0,0,0,0,53,151,0,0,53,151,California
Mariposa,2020-12-22,6,150,6,150,0,0,0,0,6,157,0,0,6,157,California
Mariposa,2020-12-23,17,167,17,167,0,0,0,0,17,174,0,0,17,174,California
Mariposa,2020-12-24,1,168,0,167,1,1,0,0,0,174,1,1,1,175,California
Mariposa,2020-12-26,1,169,1,168,0,1,0,0,1,175,0,1,1,176,California
Mariposa,2020-12-27,1,170,0,168,1,2,0,0,1,176,0,1,1,177,California
Mariposa,2020-12-28,6,176,3,171,3,5,0,0,6,182,0,1,6,183,California
Mariposa,2020-12-29,33,209,3,174,30,35,0,0,33,215,0,1,33,216,California
Mariposa,2020-12-30,26,235,4,178,22,57,0,0,26,241,0,1,26,242,California
Mariposa,2020-12-31,17,252,0,178,17,74,0,0,17,258,0,1,17,259,California
Mariposa,2021-01-02,1,253,1,179,0,74,0,0,1,259,0,1,1,260,California
Mariposa,2021-01-04,11,264,2,181,9,83,0,0,11,270,0,1,11,271,California
Mariposa,2021-01-05,25,289,15,196,10,93,0,0,15,275,10,11,15,286,California
Mariposa,2021-01-06,8,297,5,201,3,96,0,0,5,277,3,14,5,291,California
Mariposa,2021-01-07,51,348,46,247,5,101,0,0,5,236,46,60,5,296,California
Mariposa,2021-01-08,109,457,79,326,30,131,0,0,34,195,75,135,34,330,California
Mariposa,2021-01-11,33,490,11,337,22,153,0,0,25,212,8,143,25,355,California
Mariposa,2021-01-12,19,509,4,341,15,168,0,0,15,223,4,147,15,370,California
Mariposa,2021-01-13,22,531,5,346,17,185,0,0,18,237,4,151,18,388,California
Mariposa,2021-01-14,75,606,7,353,68,253,0,0,69,300,6,157,69,457,California
Mariposa,2021-01-15,68,674,27,380,41,294,0,0,58,348,10,167,58,515,California
Mariposa,2021-01-16,14,688,2,382,12,306,0,0,13,360,1,168,13,528,California
Mariposa,2021-01-17,6,694,1,383,5,311,0,0,5,364,1,169,5,533,California
Mariposa,2021-01-18,5,699,4,387,1,312,0,0,3,365,2,171,3,536,California
Mariposa,2021-01-19,7,706,4,391,3,315,0,0,4,367,2,173,4,540,California
Mariposa,2021-01-20,23,729,1,392,22,337,0,0,22,388,1,174,22,562,California
Mariposa,2021-01-21,66,795,8,400,58,395,0,0,62,446,4,178,62,624,California
Mariposa,2021-01-22,58,853,5,405,53,448,0,0,58,504,0,178,58,682,California
Mariposa,2021-01-23,116,969,2,407,114,562,0,0,114,616,2,180,114,796,California
Mariposa,2021-01-24,2,971,2,409,0,562,0,0,2,618,0,180,2,798,California
Mariposa,2021-01-25,4,975,1,410,3,565,0,0,0,614,4,184,0,798,California
Mariposa,2021-01-26,40,1015,5,415,35,600,0,0,6,591,34,218,11,809,California
Mariposa,2021-01-27,27,1042,3,418,24,624,0,0,12,589,14,232,12,821,California
Mariposa,2021-01-28,127,1169,3,421,124,748,0,0,114,691,12,244,114,935,California
Mariposa,2021-01-29,83,1252,22,443,61,809,0,0,82,772,1,245,82,1017,California
Mariposa,2021-01-30,10,1262,1,444,9,818,0,0,9,780,1,246,9,1026,California
Mariposa,2021-02-01,92,1354,33,477,59,877,0,0,70,828,22,268,70,1096,California
Mariposa,2021-02-02,15,1369,3,480,12,889,0,0,9,831,6,274,9,1105,California
Mariposa,2021-02-03,22,1391,1,481,21,910,0,0,13,836,8,282,13,1118,California
Mariposa,2021-02-04,98,1489,8,489,90,1000,0,0,93,926,4,286,94,1212,California
Mariposa,2021-02-05,192,1681,5,494,187,1187,0,0,166,1066,26,312,166,1378,California
Mariposa,2021-02-06,11,1692,4,498,7,1194,0,0,10,1075,1,313,10,1388,California
Mariposa,2021-02-07,1,1693,0,498,1,1195,0,0,1,1076,0,313,1,1389,California
Mariposa,2021-02-08,42,1735,3,501,39,1234,0,0,22,1078,20,333,22,1411,California
Mariposa,2021-02-09,41,1776,24,525,17,1251,0,0,35,1107,6,339,35,1446,California
Mariposa,2021-02-10,30,1806,4,529,26,1277,0,0,18,1120,11,350,24,1470,California
Mariposa,2021-02-11,376,2182,5,534,371,1648,0,0,361,1469,15,365,364,1834,California
Mariposa,2021-02-12,187,2369,10,544,177,1825,0,0,140,1562,47,412,140,1974,California
Mariposa,2021-02-13,11,2380,3,547,8,1833,0,0,9,1569,2,414,9,1983,California
Mariposa,2021-02-14,12,2392,4,551,8,1841,0,0,6,1569,6,420,6,1989,California
Mariposa,2021-02-15,9,2401,3,554,6,1847,0,0,7,1574,2,422,7,1996,California
Mariposa,2021-02-16,59,2460,35,589,24,1871,0,0,35,1586,24,446,36,2032,California
Mariposa,2021-02-17,35,2495,8,597,27,1898,0,0,27,1607,7,453,28,2060,California
Mariposa,2021-02-18,60,2555,7,604,53,1951,0,0,23,1593,37,490,23,2083,California
Mariposa,2021-02-19,82,2637,3,607,79,2030,0,0,76,1663,6,496,76,2159,California
Mariposa,2021-02-20,259,2896,6,613,253,2283,0,0,227,1860,30,526,227,2386,California
Mariposa,2021-02-21,245,3141,5,618,240,2523,0,0,242,2100,2,528,242,2628,California
Mariposa,2021-02-22,25,3166,10,628,15,2538,0,0,21,2117,4,532,21,2649,California
Mariposa,2021-02-23,45,3211,38,666,7,2545,0,0,26,2124,19,551,26,2675,California
Mariposa,2021-02-24,21,3232,3,669,18,2563,0,0,8,2120,12,563,8,2683,California
Mariposa,2021-02-25,18,3250,9,678,9,2572,0,0,12,2126,6,569,12,2695,California
Mariposa,2021-02-26,430,3680,7,685,423,2995,0,0,370,2437,60,629,371,3066,California
Mariposa,2021-02-27,181,3861,6,691,175,3170,0,0,169,2594,12,641,169,3235,California
Mariposa,2021-02-28,1,3862,1,692,0,3170,0,0,0,2593,1,642,0,3235,California
Mariposa,2021-03-01,82,3944,26,718,56,3226,0,0,16,2544,65,707,16,3251,California
Mariposa,2021-03-02,19,3963,12,730,7,3233,0,0,11,2548,7,714,11,3262,California
Mariposa,2021-03-03,71,4034,5,735,66,3299,0,0,66,2610,5,719,67,3329,California
Mariposa,2021-03-04,41,4075,10,745,31,3330,0,0,20,2610,21,740,21,3350,California
Mariposa,2021-03-05,57,4132,8,753,49,3379,0,0,39,2637,18,758,45,3395,California
Mariposa,2021-03-06,19,4151,9,762,10,3389,0,0,9,2637,10,768,10,3405,California
Mariposa,2021-03-07,1,4152,1,763,0,3389,0,0,0,2636,1,769,0,3405,California
Mariposa,2021-03-08,41,4193,4,767,26,3415,11,11,11,2628,30,799,22,3427,California
Mariposa,2021-03-09,43,4236,17,784,16,3431,10,21,15,2625,28,827,25,3452,California
Mariposa,2021-03-10,33,4269,9,793,14,3445,10,31,10,2622,23,850,20,3472,California
Mariposa,2021-03-11,472,4741,7,800,445,3890,20,51,228,2630,243,1093,251,3723,California
Mariposa,2021-03-12,260,5001,8,808,224,4114,28,79,120,2637,140,1233,147,3870,California
Mariposa,2021-03-13,34,5035,8,816,11,4125,15,94,11,2639,23,1256,25,3895,California
Mariposa,2021-03-14,17,5052,2,818,4,4129,11,105,2,2637,15,1271,13,3908,California
Mariposa,2021-03-15,77,5129,8,826,31,4160,38,143,31,2660,46,1317,69,3977,California
Mariposa,2021-03-16,84,5213,34,860,15,4175,35,178,25,2661,59,1376,60,4037,California
Mariposa,2021-03-17,72,5285,9,869,55,4230,8,186,52,2701,19,1395,59,4096,California
Mariposa,2021-03-18,68,5353,15,884,44,4274,9,195,40,2722,28,1423,49,4145,California
Mariposa,2021-03-19,344,5697,12,896,325,4599,7,202,304,2994,40,1463,312,4457,California
Mariposa,2021-03-20,431,6128,5,901,424,5023,2,204,46,2658,385,1848,49,4506,California
Mariposa,2021-03-21,16,6144,8,909,7,5030,1,205,9,2662,6,1854,10,4516,California
Mariposa,2021-03-22,41,6185,10,919,23,5053,8,213,28,2687,13,1867,38,4554,California
Mariposa,2021-03-23,55,6240,35,954,10,5063,10,223,34,2710,21,1888,44,4598,California
Mariposa,2021-03-24,57,6297,6,960,49,5112,2,225,52,2759,5,1893,54,4652,California
Mariposa,2021-03-25,76,6373,15,975,53,5165,8,233,53,2799,21,1914,61,4713,California
Mariposa,2021-03-26,498,6871,9,984,488,5653,1,234,253,2808,245,2159,254,4967,California
Mariposa,2021-03-27,241,7112,10,994,231,5884,0,234,97,2763,144,2303,99,5066,California
Mariposa,2021-03-28,5,7117,0,994,2,5886,3,237,1,2763,4,2307,4,5070,California
Mariposa,2021-03-29,18,7135,5,999,13,5899,0,237,11,2767,7,2314,11,5081,California
Mariposa,2021-03-30,36,7171,13,1012,7,5906,16,253,13,2773,23,2337,29,5110,California
Mariposa,2021-03-31,92,7263,16,1028,68,5974,8,261,69,2827,23,2360,77,5187,California
Mariposa,2021-04-01,55,7318,12,1040,35,6009,8,269,35,2850,20,2380,43,5230,California
Mariposa,2021-04-02,353,7671,14,1054,336,6345,3,272,310,3121,42,2422,313,5543,California
Mariposa,2021-04-03,11,7682,8,1062,3,6348,0,272,6,3122,5,2427,6,5549,California
Mariposa,2021-04-04,2,7684,1,1063,0,6348,1,273,0,3121,2,2429,1,5550,California
Mariposa,2021-04-05,35,7719,22,1085,9,6357,4,277,16,3122,19,2448,20,5570,California
Mariposa,2021-04-06,45,7764,20,1105,9,6366,16,293,14,3122,30,2478,30,5600,California
Mariposa,2021-04-07,99,7863,7,1112,73,6439,19,312,29,3100,70,2548,48,5648,California
Mariposa,2021-04-08,286,8149,16,1128,251,6690,19,331,148,3132,136,2684,168,5816,California
Mariposa,2021-04-09,39,8188,9,1137,15,6705,15,346,10,3128,29,2713,25,5841,California
Mariposa,2021-04-10,204,8392,6,1143,188,6893,10,356,190,3315,12,2725,199,6040,California
Mariposa,2021-04-11,123,8515,3,1146,118,7011,2,358,58,3311,65,2790,61,6101,California
Mariposa,2021-04-12,42,8557,13,1159,27,7038,2,360,13,3297,29,2819,15,6116,California
Mariposa,2021-04-13,57,8614,49,1208,8,7046,0,360,35,3310,22,2841,35,6151,California
Mariposa,2021-04-14,114,8728,9,1217,105,7151,0,360,58,3313,55,2896,58,6209,California
Mariposa,2021-04-15,62,8790,19,1236,43,7194,0,360,47,3348,12,2908,47,6256,California
Mariposa,2021-04-16,383,9173,12,1248,371,7565,0,360,106,3177,277,3185,106,6362,California
Mariposa,2021-04-17,10,9183,6,1254,4,7569,0,360,7,3181,3,3188,7,6369,California
Mariposa,2021-04-18,7,9190,0,1254,7,7576,0,360,3,3180,4,3192,3,6372,California
Mariposa,2021-04-19,61,9251,28,1282,33,7609,0,360,33,3187,26,3218,33,6405,California
Mariposa,2021-04-20,61,9312,48,1330,13,7622,0,360,37,3202,22,3240,37,6442,California
Mariposa,2021-04-21,91,9403,14,1344,77,7699,0,360,42,3196,48,3288,42,6484,California
Mariposa,2021-04-22,51,9454,11,1355,40,7739,0,360,38,3222,12,3300,38,6522,California
Mariposa,2021-04-23,316,9770,71,1426,245,7984,0,360,144,3196,172,3472,146,6668,California
Mariposa,2021-04-24,110,9880,10,1436,100,8084,0,360,42,3171,67,3539,42,6710,California
Mariposa,2021-04-26,16,9896,11,1447,5,8089,0,360,5,3165,11,3550,5,6715,California
Mariposa,2021-04-27,33,9929,17,1464,14,8103,2,362,15,3167,15,3565,17,6732,California
Mariposa,2021-04-28,75,10004,14,1478,54,8157,7,369,27,3153,48,3613,34,6766,California
Mariposa,2021-04-29,84,10088,12,1490,71,8228,1,370,79,3228,5,3618,80,6846,California
Mariposa,2021-04-30,212,10300,4,1494,203,8431,5,375,62,3145,150,3768,67,6913,California
Mariposa,2021-05-01,5,10305,4,1498,1,8432,0,375,1,3142,4,3772,1,6914,California
Mariposa,2021-05-02,3,10308,2,1500,0,8432,1,376,0,3140,3,3775,1,6915,California
Mariposa,2021-05-03,15,10323,11,1511,3,8435,1,377,6,3138,9,3784,7,6922,California
Mariposa,2021-05-04,52,10375,32,1543,16,8451,4,381,37,3164,15,3799,41,6963,California
Mariposa,2021-05-05,57,10432,9,1552,46,8497,2,383,18,3145,39,3838,20,6983,California
Mariposa,2021-05-06,58,10490,38,1590,15,8512,5,388,39,3170,19,3857,44,7027,California
Mariposa,2021-05-07,28,10518,8,1598,17,8529,3,391,13,3171,15,3872,16,7043,California
Mariposa,2021-05-08,285,10803,8,1606,277,8806,0,391,32,2952,253,4125,34,7077,California
Mariposa,2021-05-09,3,10806,1,1607,2,8808,0,391,0,2949,3,4128,0,7077,California
Mariposa,2021-05-10,20,10826,9,1616,9,8817,2,393,4,2939,16,4144,6,7083,California
Mariposa,2021-05-11,28,10854,17,1633,10,8827,1,394,20,2953,7,4151,21,7104,California
Mariposa,2021-05-12,67,10921,4,1637,58,8885,5,399,6,2903,61,4212,11,7115,California
Mariposa,2021-05-13,49,10970,8,1645,39,8924,2,401,13,2882,36,4248,15,7130,California
Mariposa,2021-05-14,249,11219,121,1766,121,9045,7,408,117,2874,132,4380,124,7254,California
Mariposa,2021-05-15,19,11238,9,1775,8,9053,2,410,11,2880,6,4386,12,7266,California
Mariposa,2021-05-16,3,11241,1,1776,1,9054,1,411,1,2880,2,4388,2,7268,California
Mariposa,2021-05-17,18,11259,7,1783,7,9061,4,415,8,2881,10,4398,11,7279,California
Mariposa,2021-05-18,61,11320,41,1824,15,9076,5,420,44,2914,16,4414,49,7328,California
Mariposa,2021-05-19,71,11391,32,1856,38,9114,1,421,52,2949,18,4432,53,7381,California
Mariposa,2021-05-20,34,11425,18,1874,14,9128,2,423,13,2943,21,4453,15,7396,California
Mariposa,2021-05-21,93,11518,8,1882,83,9211,2,425,43,2940,48,4501,45,7441,California
Mariposa,2021-05-22,48,11566,7,1889,40,9251,1,426,18,2929,30,4531,19,7460,California
Mariposa,2021-05-23,3,11569,2,1891,0,9251,1,427,2,2931,1,4532,3,7463,California
Mariposa,2021-05-24,13,11582,7,1898,4,9255,2,429,8,2936,5,4537,10,7473,California
Mariposa,2021-05-25,26,11608,16,1914,10,9265,0,429,18,2946,8,4545,18,7491,California
Mariposa,2021-05-26,35,11643,4,1918,27,9292,4,433,28,2971,7,4552,32,7523,California
Mariposa,2021-05-27,119,11762,64,1982,55,9347,0,433,62,2976,57,4609,62,7585,California
Mariposa,2021-05-28,64,11826,4,1986,56,9403,4,437,23,2962,41,4650,27,7612,California
Mariposa,2021-05-29,7,11833,1,1987,5,9408,1,438,3,2964,2,4652,4,7616,California
Mariposa,2021-05-30,1,11834,0,1987,0,9408,1,439,0,2964,1,4653,1,7617,California
Mariposa,2021-05-31,2,11836,0,1987,1,9409,1,440,0,2963,2,4655,1,7618,California
Mariposa,2021-06-01,14,11850,3,1990,11,9420,0,440,5,2959,9,4664,5,7623,California
Mariposa,2021-06-02,26,11876,14,2004,7,9427,5,445,6,2951,19,4683,11,7634,California
Mariposa,2021-06-03,20,11896,10,2014,7,9434,3,448,7,2948,13,4696,10,7644,California
Mariposa,2021-06-04,90,11986,79,2093,9,9443,2,450,27,2915,61,4757,28,7672,California
Mariposa,2021-06-05,29,12015,3,2096,24,9467,2,452,7,2902,22,4779,9,7681,California
Mariposa,2021-06-06,4,12019,3,2099,0,9467,1,453,1,2901,3,4782,2,7683,California
Mariposa,2021-06-07,10,12029,5,2104,5,9472,0,453,4,2900,5,4787,4,7687,California
Mariposa,2021-06-08,46,12075,34,2138,10,9482,2,455,14,2884,32,4819,16,7703,California
Mariposa,2021-06-09,28,12103,21,2159,2,9484,5,460,6,2873,22,4841,11,7714,California
Mariposa,2021-06-10,16,12119,8,2167,5,9489,3,463,6,2873,10,4851,10,7724,California
Mariposa,2021-06-11,44,12163,13,2180,23,9512,8,471,10,2857,34,4885,18,7742,California
Mariposa,2021-06-12,17,12180,11,2191,5,9517,1,472,3,2846,14,4899,3,7745,California
Mariposa,2021-06-13,1,12181,0,2191,0,9517,1,473,0,2846,1,4900,1,7746,California
Mariposa,2021-06-14,11,12192,4,2195,6,9523,1,474,5,2846,6,4906,6,7752,California
Mariposa,2021-06-15,23,12215,11,2206,11,9534,1,475,6,2836,17,4923,7,7759,California
Mariposa,2021-06-16,28,12243,12,2218,15,9549,1,476,7,2823,21,4944,8,7767,California
Mariposa,2021-06-17,12,12255,6,2224,6,9555,0,476,4,2819,8,4952,4,7771,California
Mariposa,2021-06-18,65,12320,48,2272,16,9571,1,477,32,2820,32,4984,33,7804,California
Mariposa,2021-06-19,18,12338,5,2277,13,9584,0,477,6,2814,12,4996,6,7810,California
Mariposa,2021-06-21,12,12350,5,2282,7,9591,0,477,8,2819,3,4999,8,7818,California
Mariposa,2021-06-22,9,12359,3,2285,4,9595,2,479,7,2826,2,5001,9,7827,California
Mendocino,2020-12-17,70,70,70,70,0,0,0,0,70,70,0,0,70,70,California
Mendocino,2020-12-18,84,154,83,153,1,1,0,0,83,153,0,0,83,153,California
Mendocino,2020-12-19,3,157,3,156,0,1,0,0,3,156,0,0,3,156,California
Mendocino,2020-12-20,7,164,7,163,0,1,0,0,7,163,0,0,7,163,California
Mendocino,2020-12-21,238,402,238,401,0,1,0,0,77,240,0,0,77,240,California
Mendocino,2020-12-22,254,656,193,594,61,62,0,0,254,494,0,0,254,494,California
Mendocino,2020-12-23,270,926,47,641,223,285,0,0,269,763,0,0,269,763,California
Mendocino,2020-12-24,47,973,8,649,39,324,0,0,47,810,0,0,47,810,California
Mendocino,2020-12-25,1,974,0,649,1,325,0,0,1,811,0,0,1,811,California
Mendocino,2020-12-26,2,976,2,651,0,325,0,0,2,813,0,0,2,813,California
Mendocino,2020-12-27,1,977,0,651,1,326,0,0,1,814,0,0,1,814,California
Mendocino,2020-12-28,73,1050,8,659,65,391,0,0,73,887,0,0,73,887,California
Mendocino,2020-12-29,119,1169,59,718,60,451,0,0,119,1006,0,0,119,1006,California
Mendocino,2020-12-30,119,1288,66,784,53,504,0,0,119,1125,0,0,119,1125,California
Mendocino,2020-12-31,132,1420,97,881,35,539,0,0,132,1257,0,0,132,1257,California
Mendocino,2021-01-01,10,1430,6,887,4,543,0,0,10,1267,0,0,10,1267,California
Mendocino,2021-01-04,838,2268,18,905,820,1363,0,0,838,2105,0,0,838,2105,California
Mendocino,2021-01-05,73,2341,36,941,37,1400,0,0,60,2152,13,13,60,2165,California
Mendocino,2021-01-06,156,2497,134,1075,22,1422,0,0,147,2290,9,22,147,2312,California
Mendocino,2021-01-07,365,2862,242,1317,123,1545,0,0,302,2529,63,85,302,2614,California
Mendocino,2021-01-08,93,2955,80,1397,13,1558,0,0,40,2517,53,138,41,2655,California
Mendocino,2021-01-09,10,2965,6,1403,4,1562,0,0,8,2523,2,140,8,2663,California
Mendocino,2021-01-10,9,2974,8,1411,1,1563,0,0,2,2518,7,147,2,2665,California
Mendocino,2021-01-11,102,3076,92,1503,10,1573,0,0,44,2505,57,204,44,2709,California
Mendocino,2021-01-12,389,3465,379,1882,10,1583,0,0,271,2658,118,322,271,2980,California
Mendocino,2021-01-13,495,3960,149,2031,346,1929,0,0,450,3066,43,365,451,3431,California
Mendocino,2021-01-14,653,4613,20,2051,633,2562,0,0,644,3701,9,374,644,4075,California
Mendocino,2021-01-15,1872,6485,862,2913,1010,3572,0,0,1869,5568,3,377,1870,5945,California
Mendocino,2021-01-16,793,7278,49,2962,744,4316,0,0,791,6357,2,379,791,6736,California
Mendocino,2021-01-17,556,7834,1,2963,555,4871,0,0,555,6911,1,380,555,7291,California
Mendocino,2021-01-18,487,8321,462,3425,25,4896,0,0,477,7378,10,390,477,7768,California
Mendocino,2021-01-19,330,8651,145,3570,185,5081,0,0,156,7360,174,564,156,7924,California
Mendocino,2021-01-20,557,9208,408,3978,149,5230,0,0,450,7706,105,669,451,8375,California
Mendocino,2021-01-21,536,9744,226,4204,310,5540,0,0,351,7873,184,853,351,8726,California
Mendocino,2021-01-22,152,9896,58,4262,94,5634,0,0,113,7947,39,892,113,8839,California
Mendocino,2021-01-23,157,10053,85,4347,72,5706,0,0,151,8092,6,898,151,8990,California
Mendocino,2021-01-24,4,10057,2,4349,2,5708,0,0,4,8096,0,898,4,8994,California
Mendocino,2021-01-25,191,10248,18,4367,173,5881,0,0,121,8147,70,968,121,9115,California
Mendocino,2021-01-26,152,10400,53,4420,99,5980,0,0,94,8183,58,1026,94,9209,California
Mendocino,2021-01-27,444,10844,373,4793,71,6051,0,0,177,8100,260,1286,177,9386,California
Mendocino,2021-01-28,594,11438,530,5323,64,6115,0,0,497,8501,96,1382,497,9883,California
Mendocino,2021-01-29,390,11828,351,5674,39,6154,0,0,361,8834,29,1411,362,10245,California
Mendocino,2021-01-30,50,11878,32,5706,18,6172,0,0,44,8872,6,1417,44,10289,California
Mendocino,2021-01-31,276,12154,2,5708,274,6446,0,0,4,8604,272,1689,4,10293,California
Mendocino,2021-02-01,383,12537,53,5761,330,6776,0,0,60,8341,323,2012,60,10353,California
Mendocino,2021-02-02,741,13278,523,6284,218,6994,0,0,380,8361,361,2373,381,10734,California
Mendocino,2021-02-03,397,13675,210,6494,187,7181,0,0,225,8416,170,2543,225,10959,California
Mendocino,2021-02-04,629,14304,534,7028,95,7276,0,0,502,8792,127,2670,503,11462,California
Mendocino,2021-02-05,1309,15613,1218,8246,91,7367,0,0,587,8660,720,3390,588,12050,California
Mendocino,2021-02-06,553,16166,153,8399,400,7767,0,0,538,9183,15,3405,538,12588,California
Mendocino,2021-02-07,33,16199,29,8428,4,7771,0,0,33,9216,0,3405,33,12621,California
Mendocino,2021-02-08,747,16946,715,9143,32,7803,0,0,283,9035,464,3869,283,12904,California
Mendocino,2021-02-09,140,17086,58,9201,82,7885,0,0,88,9071,52,3921,88,12992,California
Mendocino,2021-02-10,1489,18575,925,10126,564,8449,0,0,742,9073,740,4661,742,13734,California
Mendocino,2021-02-11,1212,19787,208,10334,1004,9453,0,0,301,8463,911,5572,301,14035,California
Mendocino,2021-02-12,1460,21247,160,10494,1300,10753,0,0,660,8324,799,6371,660,14695,California
Mendocino,2021-02-13,502,21749,16,10510,486,11239,0,0,101,8032,400,6771,108,14803,California
Mendocino,2021-02-14,699,22448,4,10514,695,11934,0,0,136,7606,563,7334,137,14940,California
Mendocino,2021-02-15,331,22779,42,10556,289,12223,0,0,173,7621,158,7492,173,15113,California
Mendocino,2021-02-16,197,22976,50,10606,147,12370,0,0,127,7678,70,7562,127,15240,California
Mendocino,2021-02-17,1354,24330,1190,11796,164,12534,0,0,876,8078,476,8038,876,16116,California
Mendocino,2021-02-18,1788,26118,646,12442,1142,13676,0,0,1222,8736,564,8602,1222,17338,California
Mendocino,2021-02-19,755,26873,146,12588,609,14285,0,0,613,9208,142,8744,614,17952,California
Mendocino,2021-02-20,582,27455,556,13144,26,14311,0,0,549,9726,31,8775,549,18501,California
Mendocino,2021-02-21,324,27779,6,13150,318,14629,0,0,312,10027,11,8786,312,18813,California
Mendocino,2021-02-22,161,27940,29,13179,132,14761,0,0,69,10006,90,8876,69,18882,California
Mendocino,2021-02-23,863,28803,850,14029,13,14774,0,0,648,10441,213,9089,648,19530,California
Mendocino,2021-02-24,1855,30658,1771,15800,84,14858,0,0,1438,11469,412,9501,1440,20970,California
Mendocino,2021-02-25,1711,32369,537,16337,1174,16032,0,0,1287,12333,423,9924,1287,22257,California
Mendocino,2021-02-26,1412,33781,748,17085,664,16696,0,0,1049,13022,360,10284,1049,23306,California
Mendocino,2021-02-27,196,33977,144,17229,52,16748,0,0,76,12979,119,10403,76,23382,California
Mendocino,2021-02-28,34,34011,12,17241,22,16770,0,0,24,12993,10,10413,24,23406,California
Mendocino,2021-03-01,595,34606,552,17793,43,16813,0,0,554,13509,38,10451,554,23960,California
Mendocino,2021-03-02,72,34678,26,17819,46,16859,0,0,39,13516,32,10483,39,23999,California
Mendocino,2021-03-03,2039,36717,1338,19157,701,17560,0,0,1387,14254,649,11132,1387,25386,California
Mendocino,2021-03-04,1850,38567,148,19305,1702,19262,0,0,1632,15673,215,11347,1634,27020,California
Mendocino,2021-03-05,475,39042,416,19721,50,19312,9,9,372,15955,99,11446,381,27401,California
Mendocino,2021-03-06,248,39290,24,19745,197,19509,27,36,203,16141,44,11490,230,27631,California
Mendocino,2021-03-07,506,39796,8,19753,478,19987,20,56,117,15889,388,11878,136,27767,California
Mendocino,2021-03-08,122,39918,28,19781,57,20044,37,93,63,15932,57,11935,100,27867,California
Mendocino,2021-03-09,934,40852,599,20380,295,20339,40,133,829,16696,105,12040,869,28736,California
Mendocino,2021-03-10,1147,41999,985,21365,98,20437,64,197,271,16163,871,12911,338,29074,California
Mendocino,2021-03-11,846,42845,627,21992,165,20602,54,251,401,16176,442,13353,455,29529,California
Mendocino,2021-03-12,2068,44913,1054,23046,900,21502,114,365,1237,16702,825,14178,1351,30880,California
Mendocino,2021-03-13,704,45617,570,23616,75,21577,59,424,104,16269,596,14774,163,31043,California
Mendocino,2021-03-14,106,45723,4,23620,95,21672,7,431,12,16198,90,14864,19,31062,California
Mendocino,2021-03-15,609,46332,51,23671,499,22171,59,490,217,16084,389,15253,275,31337,California
Mendocino,2021-03-16,583,46915,388,24059,149,22320,46,536,118,15785,463,15716,164,31501,California
Mendocino,2021-03-17,1589,48504,1388,25447,52,22372,149,685,217,14793,1365,17081,373,31874,California
Mendocino,2021-03-18,1309,49813,249,25696,1023,23395,37,722,278,14084,1023,18104,314,32188,California
Mendocino,2021-03-19,1776,51589,854,26550,863,24258,59,781,331,13037,1439,19543,392,32580,California
Mendocino,2021-03-20,68,51657,9,26559,39,24297,20,801,12,13013,56,19599,32,32612,California
Mendocino,2021-03-21,9,51666,1,26560,3,24300,5,806,4,13017,5,19604,9,32621,California
Mendocino,2021-03-22,661,52327,617,27177,15,24315,29,835,146,12680,511,20115,174,32795,California
Mendocino,2021-03-23,165,52492,35,27212,100,24415,30,865,115,12775,50,20165,145,32940,California
Mendocino,2021-03-24,915,53407,844,28056,24,24439,47,912,107,12123,806,20971,154,33094,California
Mendocino,2021-03-25,2015,55422,53,28109,1942,26381,20,932,176,10484,1833,22804,194,33288,California
Mendocino,2021-03-26,545,55967,395,28504,124,26505,26,958,113,10191,431,23235,138,33426,California
Mendocino,2021-03-27,146,56113,14,28518,120,26625,12,970,81,10219,64,23299,92,33518,California
Mendocino,2021-03-28,24,56137,5,28523,15,26640,4,974,4,10208,19,23318,8,33526,California
Mendocino,2021-03-29,191,56328,99,28622,48,26688,44,1018,97,10255,94,23412,141,33667,California
Mendocino,2021-03-30,715,57043,631,29253,47,26735,37,1055,104,9787,609,24021,141,33808,California
Mendocino,2021-03-31,918,57961,283,29536,574,27309,61,1116,153,9239,762,24783,214,34022,California
Mendocino,2021-04-01,1749,59710,419,29955,1249,28558,81,1197,379,8339,1359,26142,459,34481,California
Mendocino,2021-04-02,1309,61019,1077,31032,159,28717,73,1270,157,7420,1149,27291,230,34711,California
Mendocino,2021-04-03,709,61728,10,31042,678,29395,21,1291,87,6911,617,27908,108,34819,California
Mendocino,2021-04-04,71,61799,35,31077,30,29425,6,1297,55,6956,16,27924,61,34880,California
Mendocino,2021-04-05,208,62007,140,31217,44,29469,24,1321,123,7015,85,28009,144,35024,California
Mendocino,2021-04-06,395,62402,124,31341,177,29646,94,1415,108,6930,287,28296,202,35226,California
Mendocino,2021-04-07,491,62893,179,31520,65,29711,247,1662,115,6918,373,28669,361,35587,California
Mendocino,2021-04-08,1502,64395,924,32444,464,30175,114,1776,1009,7555,486,29155,1123,36710,California
Mendocino,2021-04-09,764,65159,429,32873,173,30348,162,1938,400,7753,364,29519,562,37272,California
Mendocino,2021-04-10,409,65568,92,32965,272,30620,45,1983,99,7587,310,29829,144,37416,California
Mendocino,2021-04-11,121,65689,47,33012,19,30639,55,2038,59,7639,62,29891,114,37530,California
Mendocino,2021-04-12,620,66309,514,33526,47,30686,59,2097,405,7888,215,30106,464,37994,California
Mendocino,2021-04-13,295,66604,232,33758,63,30749,0,2097,224,8041,71,30177,224,38218,California
Mendocino,2021-04-14,519,67123,429,34187,90,30839,0,2097,423,8368,96,30273,423,38641,California
Mendocino,2021-04-15,666,67789,332,34519,334,31173,0,2097,389,8485,272,30545,389,39030,California
Mendocino,2021-04-16,124,67913,53,34572,70,31243,1,2098,77,8516,46,30591,77,39107,California
Mendocino,2021-04-17,195,68108,12,34584,183,31426,0,2098,67,8457,126,30717,67,39174,California
Mendocino,2021-04-18,16,68124,8,34592,8,31434,0,2098,8,8459,6,30723,8,39182,California
Mendocino,2021-04-19,540,68664,517,35109,22,31456,1,2099,428,8777,111,30834,429,39611,California
Mendocino,2021-04-20,423,69087,293,35402,130,31586,0,2099,268,8891,154,30988,268,39879,California
Mendocino,2021-04-21,192,69279,135,35537,56,31642,1,2100,116,8933,74,31062,116,39995,California
Mendocino,2021-04-22,483,69762,312,35849,170,31812,1,2101,313,9080,166,31228,313,40308,California
Mendocino,2021-04-23,850,70612,702,36551,148,31960,0,2101,695,9623,152,31380,695,41003,California
Mendocino,2021-04-24,107,70719,14,36565,93,32053,0,2101,100,9716,7,31387,100,41103,California
Mendocino,2021-04-25,58,70777,35,36600,19,32072,4,2105,19,9701,38,31425,23,41126,California
Mendocino,2021-04-26,309,71086,240,36840,64,32136,5,2110,202,9802,106,31531,207,41333,California
Mendocino,2021-04-27,209,71295,92,36932,90,32226,27,2137,95,9810,113,31644,121,41454,California
Mendocino,2021-04-28,224,71519,150,37082,55,32281,19,2156,129,9864,95,31739,149,41603,California
Mendocino,2021-04-29,1149,72668,844,37926,290,32571,15,2171,111,8957,1033,32772,126,41729,California
Mendocino,2021-04-30,607,73275,383,38309,215,32786,9,2180,228,8816,378,33150,237,41966,California
Mendocino,2021-05-01,473,73748,432,38741,33,32819,8,2188,367,9086,105,33255,375,42341,California
Mendocino,2021-05-02,55,73803,45,38786,7,32826,3,2191,8,9050,47,33302,11,42352,California
Mendocino,2021-05-03,145,73948,85,38871,39,32865,21,2212,43,9014,100,33402,64,42416,California
Mendocino,2021-05-04,378,74326,253,39124,92,32957,33,2245,141,8951,237,33639,174,42590,California
Mendocino,2021-05-05,879,75205,793,39917,71,33028,15,2260,221,8529,657,34296,235,42825,California
Mendocino,2021-05-06,632,75837,383,40300,227,33255,22,2282,155,8231,475,34771,177,43002,California
Mendocino,2021-05-07,185,76022,33,40333,127,33382,25,2307,120,8311,64,34835,144,43146,California
Mendocino,2021-05-08,127,76149,5,40338,121,33503,1,2308,111,8408,15,34850,112,43258,California
Mendocino,2021-05-09,23,76172,7,40345,15,33518,1,2309,6,8398,17,34867,7,43265,California
Mendocino,2021-05-10,240,76412,159,40504,76,33594,5,2314,150,8463,90,34957,155,43420,California
Mendocino,2021-05-11,279,76691,142,40646,119,33713,18,2332,130,8461,148,35105,146,43566,California
Mendocino,2021-05-12,142,76833,81,40727,53,33766,8,2340,44,8417,96,35201,52,43618,California
Mendocino,2021-05-13,1234,78067,1126,41853,91,33857,17,2357,322,7844,912,36113,339,43957,California
Mendocino,2021-05-14,718,78785,491,42344,163,34020,64,2421,246,7687,467,36580,310,44267,California
Mendocino,2021-05-15,83,78868,29,42373,50,34070,4,2425,40,7688,43,36623,44,44311,California
Mendocino,2021-05-16,116,78984,103,42476,11,34081,2,2427,98,7772,17,36640,101,44412,California
Mendocino,2021-05-17,171,79155,85,42561,70,34151,16,2443,96,7809,75,36715,112,44524,California
Mendocino,2021-05-18,244,79399,118,42679,98,34249,28,2471,106,7805,137,36852,133,44657,California
Mendocino,2021-05-19,329,79728,193,42872,115,34364,21,2492,242,7983,85,36937,263,44920,California
Mendocino,2021-05-20,293,80021,116,42988,135,34499,42,2534,106,7947,184,37121,148,45068,California
Mendocino,2021-05-21,651,80672,472,43460,164,34663,15,2549,509,8330,141,37262,524,45592,California
Mendocino,2021-05-22,783,81455,673,44133,102,34765,8,2557,240,8036,542,37804,248,45840,California
Mendocino,2021-05-23,28,81483,11,44144,10,34775,7,2564,15,8044,13,37817,21,45861,California
Mendocino,2021-05-24,127,81610,43,44187,63,34838,21,2585,60,8059,66,37883,81,45942,California
Mendocino,2021-05-25,293,81903,176,44363,88,34926,29,2614,135,8065,157,38040,163,46105,California
Mendocino,2021-05-26,324,82227,245,44608,67,34993,12,2626,132,8018,191,38231,144,46249,California
Mendocino,2021-05-27,244,82471,112,44720,110,35103,22,2648,102,8001,140,38371,123,46372,California
Mendocino,2021-05-28,234,82705,96,44816,126,35229,12,2660,153,8087,79,38450,165,46537,California
Mendocino,2021-05-29,47,82752,16,44832,26,35255,5,2665,27,8099,20,38470,32,46569,California
Mendocino,2021-05-30,15,82767,2,44834,12,35267,1,2666,10,8105,5,38475,11,46580,California
Mendocino,2021-05-31,6,82773,0,44834,5,35272,1,2667,2,8105,3,38478,3,46583,California
Mendocino,2021-06-01,311,83084,104,44938,198,35470,9,2676,84,7971,227,38705,93,46676,California
Mendocino,2021-06-02,154,83238,58,44996,88,35558,8,2684,54,7935,98,38803,62,46738,California
Mendocino,2021-06-03,558,83796,459,45455,90,35648,9,2693,123,7639,428,39231,132,46870,California
Mendocino,2021-06-04,322,84118,196,45651,103,35751,23,2716,90,7520,232,39463,113,46983,California
Mendocino,2021-06-05,226,84344,92,45743,116,35867,18,2734,72,7458,152,39615,90,47073,California
Mendocino,2021-06-06,64,84408,58,45801,3,35870,3,2737,2,7401,62,39677,5,47078,California
Mendocino,2021-06-07,147,84555,71,45872,64,35934,12,2749,58,7382,89,39766,70,47148,California
Mendocino,2021-06-08,230,84785,131,46003,87,36021,12,2761,100,7369,125,39891,112,47260,California
Mendocino,2021-06-09,311,85096,249,46252,52,36073,10,2771,107,7283,203,40094,117,47377,California
Mendocino,2021-06-10,122,85218,67,46319,45,36118,10,2781,56,7283,66,40160,66,47443,California
Mendocino,2021-06-11,698,85916,545,46864,131,36249,22,2803,95,6799,601,40761,117,47560,California
Mendocino,2021-06-12,62,85978,40,46904,17,36266,5,2808,17,6777,44,40805,22,47582,California
Mendocino,2021-06-13,29,86007,16,46920,11,36277,2,2810,15,6781,13,40818,17,47599,California
Mendocino,2021-06-14,111,86118,48,46968,44,36321,19,2829,47,6783,63,40881,65,47664,California
Mendocino,2021-06-15,259,86377,167,47135,74,36395,18,2847,83,6708,176,41057,101,47765,California
Mendocino,2021-06-16,267,86644,166,47301,79,36474,22,2869,63,6591,202,41259,85,47850,California
Mendocino,2021-06-17,168,86812,87,47388,64,36538,17,2886,53,6547,114,41373,70,47920,California
Mendocino,2021-06-18,266,87078,124,47512,112,36650,30,2916,74,6459,191,41564,103,48023,California
Mendocino,2021-06-19,75,87153,43,47555,25,36675,7,2923,17,6425,58,41622,24,48047,California
Mendocino,2021-06-20,12,87165,4,47559,4,36679,4,2927,7,6431,5,41627,11,48058,California
Mendocino,2021-06-21,99,87264,32,47591,56,36735,11,2938,45,6435,51,41678,55,48113,California
Mendocino,2021-06-22,63,87327,38,47629,18,36753,7,2945,17,6415,44,41722,24,48137,California
Merced,2020-12-16,3,3,3,3,0,0,0,0,3,3,0,0,3,3,California
Merced,2020-12-17,9,12,9,12,0,0,0,0,9,12,0,0,9,12,California
Merced,2020-12-18,144,156,144,156,0,0,0,0,144,156,0,0,144,156,California
Merced,2020-12-19,37,193,37,193,0,0,0,0,37,193,0,0,37,193,California
Merced,2020-12-20,18,211,18,211,0,0,0,0,18,211,0,0,18,211,California
Merced,2020-12-21,123,334,120,331,3,3,0,0,123,334,0,0,123,334,California
Merced,2020-12-22,154,488,154,485,0,3,0,0,154,488,0,0,154,488,California
Merced,2020-12-23,252,740,246,731,6,9,0,0,252,740,0,0,252,740,California
Merced,2020-12-24,72,812,72,803,0,9,0,0,72,812,0,0,72,812,California
Merced,2020-12-25,4,816,4,807,0,9,0,0,4,816,0,0,4,816,California
Merced,2020-12-26,6,822,3,810,3,12,0,0,6,822,0,0,6,822,California
Merced,2020-12-27,12,834,11,821,1,13,0,0,12,834,0,0,12,834,California
Merced,2020-12-28,121,955,96,917,25,38,0,0,121,955,0,0,121,955,California
Merced,2020-12-29,193,1148,122,1039,71,109,0,0,193,1148,0,0,193,1148,California
Merced,2020-12-30,216,1364,88,1127,128,237,0,0,216,1364,0,0,216,1364,California
Merced,2020-12-31,103,1467,34,1161,69,306,0,0,103,1467,0,0,103,1467,California
Merced,2021-01-01,5,1472,1,1162,4,310,0,0,5,1472,0,0,5,1472,California
Merced,2021-01-02,129,1601,118,1280,11,321,0,0,129,1601,0,0,129,1601,California
Merced,2021-01-03,9,1610,5,1285,4,325,0,0,9,1610,0,0,9,1610,California
Merced,2021-01-04,84,1694,43,1328,41,366,0,0,84,1694,0,0,84,1694,California
Merced,2021-01-05,327,2021,233,1561,94,460,0,0,321,2011,6,6,323,2017,California
Merced,2021-01-06,256,2277,104,1665,152,612,0,0,251,2257,5,11,251,2268,California
Merced,2021-01-07,186,2463,83,1748,103,715,0,0,174,2418,13,24,174,2442,California
Merced,2021-01-08,529,2992,395,2143,134,849,0,0,375,2640,153,177,375,2817,California
Merced,2021-01-09,22,3014,9,2152,13,862,0,0,17,2652,5,182,17,2834,California
Merced,2021-01-10,11,3025,7,2159,4,866,0,0,7,2655,4,186,7,2841,California
Merced,2021-01-11,229,3254,171,2330,58,924,0,0,102,2632,127,313,104,2945,California
Merced,2021-01-12,292,3546,168,2498,124,1048,0,0,244,2827,49,362,244,3189,California
Merced,2021-01-13,391,3937,176,2674,215,1263,0,0,238,2915,153,515,241,3430,California
Merced,2021-01-14,326,4263,205,2879,121,1384,0,0,159,2909,166,681,160,3590,California
Merced,2021-01-15,584,4847,129,3008,455,1839,0,0,545,3417,40,721,548,4138,California
Merced,2021-01-16,211,5058,129,3137,82,1921,0,0,194,3594,17,738,194,4332,California
Merced,2021-01-17,50,5108,12,3149,38,1959,0,0,49,3642,1,739,49,4381,California
Merced,2021-01-18,265,5373,126,3275,139,2098,0,0,243,3867,22,761,247,4628,California
Merced,2021-01-19,713,6086,589,3864,124,2222,0,0,540,4241,173,934,547,5175,California
Merced,2021-01-20,572,6658,467,4331,105,2327,0,0,515,4702,57,991,518,5693,California
Merced,2021-01-21,1018,7676,652,4983,366,2693,0,0,918,5523,100,1091,921,6614,California
Merced,2021-01-22,1313,8989,694,5677,619,3312,0,0,1285,6793,27,1118,1297,7911,California
Merced,2021-01-23,323,9312,198,5875,125,3437,0,0,216,6902,107,1225,216,8127,California
Merced,2021-01-24,37,9349,15,5890,22,3459,0,0,28,6922,8,1233,28,8155,California
Merced,2021-01-25,729,10078,241,6131,488,3947,0,0,668,7531,60,1293,669,8824,California
Merced,2021-01-26,933,11011,487,6618,446,4393,0,0,675,7977,230,1523,676,9500,California
Merced,2021-01-27,989,12000,589,7207,400,4793,0,0,817,8624,170,1693,817,10317,California
Merced,2021-01-28,1142,13142,596,7803,546,5339,0,0,1018,9521,123,1816,1020,11337,California
Merced,2021-01-29,848,13990,318,8121,530,5869,0,0,595,9878,241,2057,598,11935,California
Merced,2021-01-30,261,14251,28,8149,233,6102,0,0,243,10103,18,2075,243,12178,California
Merced,2021-01-31,47,14298,11,8160,36,6138,0,0,46,10148,1,2076,46,12224,California
Merced,2021-02-01,379,14677,52,8212,327,6465,0,0,326,10423,52,2128,327,12551,California
Merced,2021-02-02,304,14981,180,8392,124,6589,0,0,179,10481,122,2250,180,12731,California
Merced,2021-02-03,350,15331,72,8464,278,6867,0,0,170,10470,181,2431,170,12901,California
Merced,2021-02-04,372,15703,147,8611,225,7092,0,0,239,10578,132,2563,240,13141,California
Merced,2021-02-05,512,16215,170,8781,342,7434,0,0,271,10612,239,2802,273,13414,California
Merced,2021-02-06,389,16604,218,8999,171,7605,0,0,245,10717,141,2943,246,13660,California
Merced,2021-02-07,20,16624,12,9011,8,7613,0,0,13,10723,7,2950,13,13673,California
Merced,2021-02-08,283,16907,199,9210,84,7697,0,0,171,10785,110,3060,172,13845,California
Merced,2021-02-09,1215,18122,953,10163,262,7959,0,0,770,11119,437,3497,771,14616,California
Merced,2021-02-10,1874,19996,1437,11600,437,8396,0,0,1277,11809,587,4084,1277,15893,California
Merced,2021-02-11,2507,22503,2014,13614,493,8889,0,0,1816,12946,679,4763,1816,17709,California
Merced,2021-02-12,1719,24222,1020,14634,699,9588,0,0,745,12738,956,5719,748,18457,California
Merced,2021-02-13,362,24584,209,14843,153,9741,0,0,264,12910,94,5813,266,18723,California
Merced,2021-02-14,117,24701,25,14868,92,9833,0,0,95,12984,22,5835,96,18819,California
Merced,2021-02-15,274,24975,42,14910,232,10065,0,0,168,13054,99,5934,169,18988,California
Merced,2021-02-16,1216,26191,843,15753,373,10438,0,0,833,13527,364,6298,837,19825,California
Merced,2021-02-17,1890,28081,1645,17398,245,10683,0,0,1314,14290,560,6858,1323,21148,California
Merced,2021-02-18,1222,29303,823,18221,399,11082,0,0,407,13906,794,7652,410,21558,California
Merced,2021-02-19,1261,30564,412,18633,849,11931,0,0,536,13725,719,8371,538,22096,California
Merced,2021-02-20,277,30841,30,18663,247,12178,0,0,139,13728,136,8507,139,22235,California
Merced,2021-02-21,74,30915,61,18724,13,12191,0,0,28,13712,44,8551,28,22263,California
Merced,2021-02-22,832,31747,296,19020,536,12727,0,0,481,13846,349,8900,483,22746,California
Merced,2021-02-23,1086,32833,422,19442,664,13391,0,0,639,14046,441,9341,641,23387,California
Merced,2021-02-24,825,33658,306,19748,519,13910,0,0,456,14143,360,9701,457,23844,California
Merced,2021-02-25,1776,35434,884,20632,892,14802,0,0,1319,15012,453,10154,1322,25166,California
Merced,2021-02-26,2161,37595,1382,22014,779,15581,0,0,1742,16345,410,10564,1743,26909,California
Merced,2021-02-27,2611,40206,1185,23199,1426,17007,0,0,2326,18387,284,10848,2326,29235,California
Merced,2021-02-28,313,40519,73,23272,239,17246,1,1,258,18594,51,10899,258,29493,California
Merced,2021-03-01,1129,41648,282,23554,846,18092,1,2,784,19044,335,11234,785,30278,California
Merced,2021-03-02,1757,43405,910,24464,846,18938,1,3,1363,20024,386,11620,1366,31644,California
Merced,2021-03-03,2241,45646,1739,26203,501,19439,1,4,1476,20756,746,12366,1478,33122,California
Merced,2021-03-04,2904,48550,2276,28479,626,20065,2,6,1926,21725,960,13326,1929,35051,California
Merced,2021-03-05,2077,50627,1198,29677,855,20920,24,30,1533,22754,529,13855,1558,36609,California
Merced,2021-03-06,1170,51797,665,30342,483,21403,22,52,914,23435,255,14110,936,37545,California
Merced,2021-03-07,229,52026,68,30410,137,21540,24,76,201,23632,28,14138,225,37770,California
Merced,2021-03-08,1406,53432,809,31219,532,22072,65,141,1190,24671,215,14353,1254,39024,California
Merced,2021-03-09,1698,55130,1005,32224,584,22656,109,250,1097,25283,594,14947,1206,40230,California
Merced,2021-03-10,2713,57843,1877,34101,635,23291,201,451,1633,26056,1065,16012,1838,42068,California
Merced,2021-03-11,1945,59788,699,34800,1045,24336,201,652,1226,26803,702,16714,1449,43517,California
Merced,2021-03-12,2220,62008,904,35704,1041,25377,275,927,1496,27866,719,17433,1782,45299,California
Merced,2021-03-13,1008,63016,309,36013,457,25834,242,1169,705,28519,295,17728,948,46247,California
Merced,2021-03-14,250,63266,137,36150,83,25917,30,1199,149,28598,100,17828,179,46426,California
Merced,2021-03-15,1526,64792,497,36647,772,26689,257,1456,1004,29344,514,18342,1260,47686,California
Merced,2021-03-16,1474,66266,719,37366,528,27217,227,1683,978,30066,484,18826,1206,48892,California
Merced,2021-03-17,1985,68251,1082,38448,726,27943,177,1860,1525,31320,450,19276,1704,50596,California
Merced,2021-03-18,2134,70385,1260,39708,726,28669,148,2008,1393,32149,726,20002,1555,52151,California
Merced,2021-03-19,2674,73059,1459,41167,1016,29685,199,2207,1385,32454,1279,21281,1584,53735,California
Merced,2021-03-20,2454,75513,1527,42694,532,30217,395,2602,964,32333,1485,22766,1364,55099,California
Merced,2021-03-21,557,76070,344,43038,201,30418,12,2614,437,32665,119,22885,451,55550,California
Merced,2021-03-22,1263,77333,630,43668,557,30975,76,2690,886,33261,368,23253,964,56514,California
Merced,2021-03-23,1889,79222,1158,44826,666,31641,65,2755,1402,34248,479,23732,1466,57980,California
Merced,2021-03-24,1483,80705,937,45763,511,32152,35,2790,999,34806,477,24209,1035,59015,California
Merced,2021-03-25,3338,84043,2288,48051,1026,33178,24,2814,2094,35696,1231,25440,2121,61136,California
Merced,2021-03-26,1949,85992,1095,49146,819,33997,35,2849,898,35593,1036,26476,933,62069,California
Merced,2021-03-27,3579,89571,1914,51060,1242,35239,423,3272,1560,35573,2004,28480,1984,64053,California
Merced,2021-03-28,526,90097,217,51277,301,35540,8,3280,215,35488,308,28788,223,64276,California
Merced,2021-03-29,1837,91934,783,52060,885,36425,169,3449,673,35178,1155,29943,845,65121,California
Merced,2021-03-30,2153,94087,806,52866,1288,37713,59,3508,991,35074,1156,31099,1052,66173,California
Merced,2021-03-31,2157,96244,1413,54279,703,38416,41,3549,950,34878,1189,32288,993,67166,California
Merced,2021-04-01,2357,98601,1055,55334,1172,39588,130,3679,1051,34766,1293,33581,1181,68347,California
Merced,2021-04-02,2341,100942,644,55978,1291,40879,406,4085,787,34424,1536,35117,1194,69541,California
Merced,2021-04-03,1092,102034,602,56580,471,41350,19,4104,669,34700,413,35530,689,70230,California
Merced,2021-04-04,368,102402,142,56722,224,41574,2,4106,141,34619,226,35756,145,70375,California
Merced,2021-04-05,1279,103681,611,57333,454,42028,214,4320,419,34399,852,36608,632,71007,California
Merced,2021-04-06,2421,106102,898,58231,694,42722,829,5149,891,34592,1525,38133,1718,72725,California
Merced,2021-04-07,1678,107780,900,59131,670,43392,108,5257,591,34225,1068,39201,701,73426,California
Merced,2021-04-08,2454,110234,1316,60447,921,44313,217,5474,966,33951,1455,40656,1181,74607,California
Merced,2021-04-09,1708,111942,476,60923,653,44966,579,6053,566,33974,1123,41779,1146,75753,California
Merced,2021-04-10,981,112923,370,61293,424,45390,187,6240,176,33536,799,42578,361,76114,California
Merced,2021-04-11,488,113411,283,61576,71,45461,134,6374,148,33481,338,42916,283,76397,California
Merced,2021-04-12,1510,114921,989,62565,394,45855,127,6501,868,33873,604,43520,996,77393,California
Merced,2021-04-13,2045,116966,1465,64030,578,46433,2,6503,938,33802,1015,44535,944,78337,California
Merced,2021-04-14,2181,119147,1345,65375,836,47269,0,6503,1006,33769,1041,45576,1008,79345,California
Merced,2021-04-15,3026,122173,1978,67353,1048,48317,0,6503,955,32893,1837,47413,961,80306,California
Merced,2021-04-16,2387,124560,1168,68521,1219,49536,0,6503,974,32553,1314,48727,974,81280,California
Merced,2021-04-17,2106,126666,1447,69968,658,50194,1,6504,688,31835,1410,50137,692,81972,California
Merced,2021-04-18,475,127141,250,70218,225,50419,0,6504,191,31770,256,50393,191,82163,California
Merced,2021-04-19,1335,128476,751,70969,584,51003,0,6504,705,31942,534,50927,706,82869,California
Merced,2021-04-20,1484,129960,743,71712,741,51744,0,6504,803,32135,610,51537,803,83672,California
Merced,2021-04-21,1510,131470,914,72626,596,52340,0,6504,765,32269,632,52169,766,84438,California
Merced,2021-04-22,1626,133096,744,73370,882,53222,0,6504,784,32294,760,52929,785,85223,California
Merced,2021-04-23,1658,134754,690,74060,968,54190,0,6504,891,32466,720,53649,892,86115,California
Merced,2021-04-24,880,135634,703,74763,177,54367,0,6504,554,32699,321,53970,554,86669,California
Merced,2021-04-25,329,135963,189,74952,140,54507,0,6504,194,32762,131,54101,194,86863,California
Merced,2021-04-26,1224,137187,535,75487,689,55196,0,6504,641,32855,550,54651,643,87506,California
Merced,2021-04-27,1777,138964,894,76381,871,56067,12,6516,710,32580,998,55649,723,88229,California
Merced,2021-04-28,1369,140333,680,77061,681,56748,8,6524,782,32809,562,56211,791,89020,California
Merced,2021-04-29,1456,141789,641,77702,790,57538,25,6549,696,32781,751,56962,723,89743,California
Merced,2021-04-30,1460,143249,617,78319,799,58337,44,6593,752,32877,701,57663,797,90540,California
Merced,2021-05-01,563,143812,242,78561,317,58654,4,6597,262,32846,296,57959,265,90805,California
Merced,2021-05-02,297,144109,121,78682,161,58815,15,6612,131,32829,165,58124,148,90953,California
Merced,2021-05-03,846,144955,554,79236,222,59037,70,6682,303,32665,539,58663,375,91328,California
Merced,2021-05-04,1017,145972,545,79781,420,59457,52,6734,374,32452,639,59302,426,91754,California
Merced,2021-05-05,1388,147360,888,80669,424,59881,76,6810,636,32425,740,60042,713,92467,California
Merced,2021-05-06,917,148277,479,81148,388,60269,50,6860,301,32168,608,60650,351,92818,California
Merced,2021-05-07,1143,149420,499,81647,602,60871,42,6902,436,31948,701,61351,481,93299,California
Merced,2021-05-08,399,149819,202,81849,160,61031,37,6939,184,31955,214,61565,221,93520,California
Merced,2021-05-09,211,150030,104,81953,100,61131,7,6946,100,31952,110,61675,107,93627,California
Merced,2021-05-10,696,150726,357,82310,302,61433,37,6983,190,31676,504,62179,228,93855,California
Merced,2021-05-11,1148,151874,681,82991,410,61843,57,7040,440,31470,703,62882,497,94352,California
Merced,2021-05-12,1083,152957,616,83607,425,62268,42,7082,376,31185,704,63586,419,94771,California
Merced,2021-05-13,875,153832,468,84075,364,62632,43,7125,361,31080,509,64095,404,95175,California
Merced,2021-05-14,1029,154861,619,84694,370,63002,40,7165,538,31173,485,64580,578,95753,California
Merced,2021-05-15,763,155624,576,85270,168,63170,19,7184,450,31342,301,64881,470,96223,California
Merced,2021-05-16,349,155973,234,85504,107,63277,8,7192,198,31400,149,65030,207,96430,California
Merced,2021-05-17,1092,157065,711,86215,351,63628,30,7222,537,31420,548,65578,568,96998,California
Merced,2021-05-18,1276,158341,852,87067,393,64021,31,7253,725,31631,545,66123,756,97754,California
Merced,2021-05-19,1111,159452,762,87829,342,64363,7,7260,634,31802,474,66597,645,98399,California
Merced,2021-05-20,1055,160507,556,88385,443,64806,56,7316,404,31615,649,67246,462,98861,California
Merced,2021-05-21,1185,161692,680,89065,477,65283,28,7344,492,31454,682,67928,521,99382,California
Merced,2021-05-22,751,162443,537,89602,201,65484,13,7357,448,31618,300,68228,464,99846,California
Merced,2021-05-23,334,162777,233,89835,88,65572,13,7370,222,31742,111,68339,235,100081,California
Merced,2021-05-24,595,163372,247,90082,318,65890,30,7400,226,31635,364,68703,257,100338,California
Merced,2021-05-25,764,164136,432,90514,298,66188,34,7434,404,31716,356,69059,437,100775,California
Merced,2021-05-26,978,165114,555,91069,390,66578,33,7467,407,31588,569,69628,441,101216,California
Merced,2021-05-27,924,166038,652,91721,239,66817,33,7500,569,31840,351,69979,603,101819,California
Merced,2021-05-28,767,166805,347,92068,373,67190,47,7547,335,31800,423,70402,383,102202,California
Merced,2021-05-29,392,167197,271,92339,113,67303,8,7555,172,31764,217,70619,181,102383,California
Merced,2021-05-30,215,167412,146,92485,58,67361,11,7566,135,31830,80,70699,146,102529,California
Merced,2021-05-31,110,167522,24,92509,80,67441,6,7572,31,31791,77,70776,38,102567,California
Merced,2021-06-01,813,168335,491,93000,290,67731,32,7604,344,31703,464,71240,376,102943,California
Merced,2021-06-02,740,169075,478,93478,236,67967,26,7630,365,31726,368,71608,391,103334,California
Merced,2021-06-03,750,169825,477,93955,240,68207,33,7663,333,31680,411,72019,365,103699,California
Merced,2021-06-04,790,170615,445,94400,323,68530,22,7685,331,31581,453,72472,354,104053,California
Merced,2021-06-05,492,171107,388,94788,94,68624,10,7695,182,31468,305,72777,192,104245,California
Merced,2021-06-06,224,171331,188,94976,30,68654,6,7701,84,31418,140,72917,90,104335,California
Merced,2021-06-07,652,171983,520,95496,119,68773,13,7714,195,31171,457,73374,210,104545,California
Merced,2021-06-08,856,172839,633,96129,199,68972,24,7738,275,30893,577,73951,299,104844,California
Merced,2021-06-09,787,173626,652,96781,120,69092,15,7753,236,30602,542,74493,251,105095,California
Merced,2021-06-10,642,174268,444,97225,179,69271,19,7772,268,30522,367,74860,287,105382,California
Merced,2021-06-11,566,174834,355,97580,196,69467,15,7787,236,30448,327,75187,253,105635,California
Merced,2021-06-12,461,175295,357,97937,81,69548,23,7810,158,30327,302,75489,181,105816,California
Merced,2021-06-13,255,175550,134,98071,116,69664,5,7815,68,30213,187,75676,73,105889,California
Merced,2021-06-14,547,176097,360,98431,154,69818,33,7848,259,30219,287,75963,293,106182,California
Merced,2021-06-15,785,176882,556,98987,202,70020,27,7875,271,30012,506,76469,299,106481,California
Merced,2021-06-16,650,177532,431,99418,197,70217,22,7897,311,30016,329,76798,333,106814,California
Merced,2021-06-17,729,178261,552,99970,146,70363,31,7928,235,29796,486,77284,266,107080,California
Merced,2021-06-18,750,179011,493,100463,232,70595,25,7953,382,29842,361,77645,407,107487,California
Merced,2021-06-19,364,179375,250,100713,87,70682,27,7980,197,29901,165,77810,224,107711,California
Merced,2021-06-20,238,179613,184,100897,46,70728,8,7988,140,29952,97,77907,148,107859,California
Merced,2021-06-21,315,179928,191,101088,114,70842,10,7998,196,30040,118,78025,206,108065,California
Merced,2021-06-22,156,180084,92,101180,53,70895,11,8009,70,30035,86,78111,81,108146,California
Modoc,2020-12-16,2,2,2,2,0,0,0,0,2,2,0,0,2,2,California
Modoc,2020-12-21,99,101,99,101,0,0,0,0,99,101,0,0,99,101,California
Modoc,2020-12-22,14,115,14,115,0,0,0,0,14,115,0,0,14,115,California
Modoc,2020-12-23,4,119,4,119,0,0,0,0,4,119,0,0,4,119,California
Modoc,2020-12-24,1,120,1,120,0,0,0,0,1,120,0,0,1,120,California
Modoc,2020-12-28,2,122,2,122,0,0,0,0,2,122,0,0,2,122,California
Modoc,2020-12-29,9,131,1,123,8,8,0,0,9,131,0,0,9,131,California
Modoc,2020-12-30,9,140,2,125,7,15,0,0,9,140,0,0,9,140,California
Modoc,2021-01-02,3,143,1,126,2,17,0,0,3,143,0,0,3,143,California
Modoc,2021-01-04,8,151,0,126,8,25,0,0,8,151,0,0,8,151,California
Modoc,2021-01-05,3,154,2,128,1,26,0,0,3,154,0,0,3,154,California
Modoc,2021-01-06,5,159,4,132,1,27,0,0,3,155,2,2,3,157,California
Modoc,2021-01-07,72,231,0,132,72,99,0,0,72,227,0,2,72,229,California
Modoc,2021-01-08,107,338,0,132,107,206,0,0,107,334,0,2,107,336,California
Modoc,2021-01-10,1,339,1,133,0,206,0,0,0,333,1,3,0,336,California
Modoc,2021-01-11,91,430,81,214,10,216,0,0,20,282,71,74,20,356,California
Modoc,2021-01-12,94,524,25,239,69,285,0,0,68,324,26,100,68,424,California
Modoc,2021-01-13,24,548,4,243,20,305,0,0,22,344,2,102,22,446,California
Modoc,2021-01-14,129,677,6,249,123,428,0,0,124,463,5,107,124,570,California
Modoc,2021-01-15,6,683,1,250,5,433,0,0,6,469,0,107,6,576,California
Modoc,2021-01-16,2,685,1,251,1,434,0,0,2,471,0,107,2,578,California
Modoc,2021-01-18,3,688,1,252,2,436,0,0,3,474,0,107,3,581,California
Modoc,2021-01-19,4,692,3,255,1,437,0,0,2,474,2,109,2,583,California
Modoc,2021-01-20,15,707,4,259,11,448,0,0,13,485,2,111,13,596,California
Modoc,2021-01-21,160,867,2,261,158,606,0,0,160,645,0,111,160,756,California
Modoc,2021-01-22,4,871,2,263,2,608,0,0,4,649,0,111,4,760,California
Modoc,2021-01-25,12,883,0,263,12,620,0,0,12,661,0,111,12,772,California
Modoc,2021-01-26,119,1002,2,265,117,737,0,0,119,780,0,111,119,891,California
Modoc,2021-01-27,47,1049,3,268,44,781,0,0,32,797,15,126,32,923,California
Modoc,2021-01-28,148,1197,4,272,144,925,0,0,147,943,1,127,147,1070,California
Modoc,2021-01-29,4,1201,1,273,3,928,0,0,4,947,0,127,4,1074,California
Modoc,2021-02-01,27,1228,13,286,14,942,0,0,13,946,14,141,13,1087,California
Modoc,2021-02-02,176,1404,2,288,174,1116,0,0,173,1116,3,144,173,1260,California
Modoc,2021-02-03,17,1421,12,300,5,1121,0,0,10,1119,7,151,10,1270,California
Modoc,2021-02-04,160,1581,3,303,157,1278,0,0,31,1021,129,280,31,1301,California
Modoc,2021-02-05,4,1585,2,305,2,1280,0,0,2,1021,2,282,2,1303,California
Modoc,2021-02-08,11,1596,1,306,10,1290,0,0,10,1030,1,283,10,1313,California
Modoc,2021-02-09,199,1795,11,317,188,1478,0,0,66,963,133,416,66,1379,California
Modoc,2021-02-10,6,1801,3,320,3,1481,0,0,4,965,2,418,4,1383,California
Modoc,2021-02-11,200,2001,2,322,198,1679,0,0,82,929,118,536,82,1465,California
Modoc,2021-02-12,9,2010,2,324,7,1686,0,0,3,926,6,542,3,1468,California
Modoc,2021-02-13,2,2012,0,324,2,1688,0,0,1,926,1,543,1,1469,California
Modoc,2021-02-16,147,2159,6,330,141,1829,0,0,141,1061,6,549,141,1610,California
Modoc,2021-02-17,25,2184,2,332,23,1852,0,0,11,1058,14,563,11,1621,California
Modoc,2021-02-18,191,2375,4,336,187,2039,0,0,22,914,168,731,24,1645,California
Modoc,2021-02-19,3,2378,3,339,0,2039,0,0,2,915,1,732,2,1647,California
Modoc,2021-02-20,1,2379,1,340,0,2039,0,0,0,914,1,733,0,1647,California
Modoc,2021-02-22,17,2396,9,349,8,2047,0,0,3,903,14,747,3,1650,California
Modoc,2021-02-23,89,2485,2,351,87,2134,0,0,15,844,74,821,15,1665,California
Modoc,2021-02-24,95,2580,2,353,93,2227,0,0,32,813,63,884,32,1697,California
Modoc,2021-02-25,172,2752,0,353,172,2399,0,0,13,667,159,1043,13,1710,California
Modoc,2021-02-26,2,2754,0,353,2,2401,0,0,1,667,1,1044,1,1711,California
Modoc,2021-02-27,2,2756,2,355,0,2401,0,0,2,669,0,1044,2,1713,California
Modoc,2021-03-01,6,2762,0,355,6,2407,0,0,0,664,5,1049,0,1713,California
Modoc,2021-03-02,198,2960,11,366,187,2594,0,0,26,518,172,1221,26,1739,California
Modoc,2021-03-03,12,2972,6,372,6,2600,0,0,2,510,10,1231,2,1741,California
Modoc,2021-03-04,174,3146,0,372,174,2774,0,0,146,628,28,1259,146,1887,California
Modoc,2021-03-05,2,3148,1,373,1,2775,0,0,1,628,1,1260,1,1888,California
Modoc,2021-03-06,11,3159,0,373,1,2776,10,10,1,629,10,1270,11,1899,California
Modoc,2021-03-07,8,3167,2,375,0,2776,6,16,2,631,6,1276,8,1907,California
Modoc,2021-03-08,8,3175,1,376,3,2779,4,20,1,630,6,1282,5,1912,California
Modoc,2021-03-09,128,3303,10,386,109,2888,9,29,61,633,67,1349,70,1982,California
Modoc,2021-03-10,9,3312,3,389,2,2890,4,33,4,636,5,1354,8,1990,California
Modoc,2021-03-11,209,3521,1,390,99,2989,109,142,23,582,186,1540,132,2122,California
Modoc,2021-03-12,10,3531,1,391,4,2993,5,147,4,585,6,1546,9,2131,California
Modoc,2021-03-13,4,3535,0,391,1,2994,3,150,1,586,3,1549,4,2135,California
Modoc,2021-03-15,14,3549,0,391,13,3007,1,151,12,597,2,1551,13,2148,California
Modoc,2021-03-16,173,3722,1,392,168,3175,4,155,42,511,131,1682,45,2193,California
Modoc,2021-03-17,12,3734,2,394,5,3180,5,160,3,510,9,1691,8,2201,California
Modoc,2021-03-18,67,3801,2,396,58,3238,7,167,36,522,31,1722,43,2244,California
Modoc,2021-03-19,5,3806,0,396,0,3238,5,172,0,522,5,1727,5,2249,California
Modoc,2021-03-20,5,3811,2,398,0,3238,3,175,0,520,5,1732,3,2252,California
Modoc,2021-03-21,3,3814,1,399,0,3238,2,177,1,521,2,1734,3,2255,California
Modoc,2021-03-22,17,3831,1,400,11,3249,5,182,12,533,5,1739,17,2272,California
Modoc,2021-03-23,66,3897,6,406,57,3306,3,185,43,556,23,1762,46,2318,California
Modoc,2021-03-24,29,3926,1,407,18,3324,10,195,1,539,28,1790,11,2329,California
Modoc,2021-03-25,79,4005,3,410,74,3398,2,197,47,556,32,1822,49,2378,California
Modoc,2021-03-26,7,4012,3,413,1,3399,3,200,2,556,5,1827,5,2383,California
Modoc,2021-03-27,2,4014,0,413,1,3400,1,201,1,557,1,1828,2,2385,California
Modoc,2021-03-29,15,4029,1,414,6,3406,8,209,6,562,9,1837,14,2399,California
Modoc,2021-03-30,53,4082,8,422,39,3445,6,215,20,555,33,1870,26,2425,California
Modoc,2021-03-31,10,4092,3,425,3,3448,4,219,4,557,6,1876,8,2433,California
Modoc,2021-04-01,169,4261,3,428,161,3609,5,224,34,461,135,2011,39,2472,California
Modoc,2021-04-02,5,4266,0,428,2,3611,3,227,1,462,3,2014,4,2476,California
Modoc,2021-04-03,3,4269,0,428,0,3611,3,230,0,462,2,2016,2,2478,California
Modoc,2021-04-05,10,4279,0,428,9,3620,1,231,9,471,1,2017,10,2488,California
Modoc,2021-04-06,23,4302,5,433,8,3628,10,241,5,468,18,2035,15,2503,California
Modoc,2021-04-07,12,4314,1,434,4,3632,7,248,3,469,9,2044,10,2513,California
Modoc,2021-04-08,94,4408,1,435,92,3724,1,249,26,428,68,2112,27,2540,California
Modoc,2021-04-09,11,4419,2,437,6,3730,3,252,2,423,9,2121,4,2544,California
Modoc,2021-04-10,5,4424,0,437,1,3731,4,256,0,422,5,2126,4,2548,California
Modoc,2021-04-11,2,4426,2,439,0,3731,0,256,1,422,1,2127,1,2549,California
Modoc,2021-04-12,14,4440,0,439,10,3741,4,260,1,416,11,2138,5,2554,California
Modoc,2021-04-13,33,4473,29,468,4,3745,0,260,22,427,11,2149,22,2576,California
Modoc,2021-04-14,3,4476,2,470,1,3746,0,260,1,426,2,2151,1,2577,California
Modoc,2021-04-15,102,4578,0,470,102,3848,0,260,29,382,73,2224,29,2606,California
Modoc,2021-04-16,6,4584,4,474,2,3850,0,260,5,386,1,2225,5,2611,California
Modoc,2021-04-17,2,4586,2,476,0,3850,0,260,2,388,0,2225,2,2613,California
Modoc,2021-04-18,1,4587,0,476,1,3851,0,260,1,389,0,2225,1,2614,California
Modoc,2021-04-19,7,4594,0,476,7,3858,0,260,2,386,5,2230,2,2616,California
Modoc,2021-04-20,48,4642,2,478,46,3904,0,260,12,362,36,2266,12,2628,California
Modoc,2021-04-21,3,4645,3,481,0,3904,0,260,1,361,2,2268,1,2629,California
Modoc,2021-04-22,97,4742,3,484,94,3998,0,260,38,340,59,2327,38,2667,California
Modoc,2021-04-23,3,4745,0,484,3,4001,0,260,3,343,0,2327,3,2670,California
Modoc,2021-04-24,2,4747,0,484,1,4002,1,261,1,344,1,2328,2,2672,California
Modoc,2021-04-25,1,4748,1,485,0,4002,0,261,1,345,0,2328,1,2673,California
Modoc,2021-04-26,8,4756,0,485,8,4010,0,261,2,341,6,2334,2,2675,California
Modoc,2021-04-27,6,4762,5,490,0,4010,1,262,1,338,5,2339,2,2677,California
Modoc,2021-04-28,6,4768,1,491,4,4014,1,263,2,337,4,2343,3,2680,California
Modoc,2021-04-29,65,4833,0,491,65,4079,0,263,20,312,45,2388,20,2700,California
Modoc,2021-04-30,3,4836,2,493,1,4080,0,263,1,311,2,2390,1,2701,California
Modoc,2021-05-02,4,4840,3,496,1,4081,0,263,3,313,1,2391,3,2704,California
Modoc,2021-05-03,15,4855,0,496,15,4096,0,263,6,310,9,2400,6,2710,California
Modoc,2021-05-04,8,4863,2,498,4,4100,2,265,3,310,5,2405,5,2715,California
Modoc,2021-05-05,28,4891,25,523,2,4102,1,266,8,299,20,2425,9,2724,California
Modoc,2021-05-06,55,4946,3,526,50,4152,2,268,21,288,34,2459,23,2747,California
Modoc,2021-05-07,8,4954,3,529,3,4155,2,270,2,286,6,2465,4,2751,California
Modoc,2021-05-08,3,4957,2,531,0,4155,1,271,1,286,2,2467,2,2753,California
Modoc,2021-05-09,1,4958,1,532,0,4155,0,271,0,285,1,2468,0,2753,California
Modoc,2021-05-10,2,4960,0,532,1,4156,1,272,1,286,1,2469,2,2755,California
Modoc,2021-05-11,3,4963,2,534,0,4156,1,273,0,284,3,2472,1,2756,California
Modoc,2021-05-12,3,4966,0,534,0,4156,3,276,0,284,3,2475,3,2759,California
Modoc,2021-05-13,44,5010,0,534,40,4196,4,280,14,272,30,2505,18,2777,California
Modoc,2021-05-14,8,5018,3,537,0,4196,5,285,3,275,5,2510,8,2785,California
Modoc,2021-05-15,4,5022,3,540,1,4197,0,285,4,279,0,2510,4,2789,California
Modoc,2021-05-16,2,5024,1,541,1,4198,0,285,0,277,2,2512,0,2789,California
Modoc,2021-05-17,6,5030,2,543,4,4202,0,285,3,277,3,2515,3,2792,California
Modoc,2021-05-18,28,5058,12,555,14,4216,2,287,13,277,15,2530,15,2807,California
Modoc,2021-05-19,8,5066,1,556,3,4219,4,291,4,281,4,2534,8,2815,California
Modoc,2021-05-20,57,5123,2,558,46,4265,9,300,8,249,49,2583,17,2832,California
Modoc,2021-05-21,4,5127,2,560,1,4266,1,301,1,248,3,2586,2,2834,California
Modoc,2021-05-22,2,5129,2,562,0,4266,0,301,1,248,1,2587,1,2835,California
Modoc,2021-05-23,2,5131,2,564,0,4266,0,301,0,246,2,2589,0,2835,California
Modoc,2021-05-24,4,5135,1,565,1,4267,2,303,2,248,2,2591,4,2839,California
Modoc,2021-05-25,1,5136,0,565,1,4268,0,303,1,249,0,2591,1,2840,California
Modoc,2021-05-26,34,5170,31,596,3,4271,0,303,24,264,10,2601,25,2865,California
Modoc,2021-05-27,31,5201,3,599,22,4293,6,309,8,255,23,2624,14,2879,California
Modoc,2021-05-28,8,5209,1,600,4,4297,3,312,3,256,5,2629,6,2885,California
Modoc,2021-05-29,1,5210,1,601,0,4297,0,312,0,255,1,2630,0,2885,California
Modoc,2021-06-01,7,5217,0,601,6,4303,1,313,2,253,5,2635,3,2888,California
Modoc,2021-06-02,13,5230,0,601,11,4314,2,315,5,252,8,2643,7,2895,California
Modoc,2021-06-03,24,5254,1,602,21,4335,2,317,4,238,20,2663,6,2901,California
Modoc,2021-06-04,5,5259,3,605,1,4336,1,318,0,234,5,2668,1,2902,California
Modoc,2021-06-07,3,5262,3,608,0,4336,0,318,1,233,2,2670,1,2903,California
Modoc,2021-06-08,24,5286,6,614,17,4353,1,319,18,246,6,2676,19,2922,California
Modoc,2021-06-09,3,5289,2,616,1,4354,0,319,2,247,1,2677,2,2924,California
Modoc,2021-06-10,21,5310,1,617,19,4373,1,320,7,241,14,2691,8,2932,California
Modoc,2021-06-11,2,5312,1,618,1,4374,0,320,2,243,0,2691,2,2934,California
Modoc,2021-06-12,1,5313,1,619,0,4374,0,320,0,242,1,2692,0,2934,California
Modoc,2021-06-14,4,5317,0,619,2,4376,2,322,0,240,4,2696,2,2936,California
Modoc,2021-06-15,6,5323,0,619,4,4380,2,324,3,242,3,2699,5,2941,California
Modoc,2021-06-16,41,5364,25,644,11,4391,5,329,22,252,19,2718,29,2970,California
Modoc,2021-06-17,48,5412,22,666,25,4416,1,330,27,259,21,2739,28,2998,California
Modoc,2021-06-18,5,5417,0,666,3,4419,2,332,3,262,2,2741,5,3003,California
Modoc,2021-06-19,3,5420,0,666,1,4420,2,334,1,263,2,2743,3,3006,California
Modoc,2021-06-22,7,5427,0,666,7,4427,0,334,5,266,2,2745,5,3011,California
Mono,2020-12-18,1,1,1,1,0,0,0,0,1,1,0,0,1,1,California
Mono,2020-12-19,5,6,5,6,0,0,0,0,5,6,0,0,5,6,California
Mono,2020-12-20,7,13,7,13,0,0,0,0,7,13,0,0,7,13,California
Mono,2020-12-21,24,37,17,30,7,7,0,0,24,37,0,0,24,37,California
Mono,2020-12-22,68,105,67,97,1,8,0,0,68,105,0,0,68,105,California
Mono,2020-12-23,73,178,45,142,28,36,0,0,73,178,0,0,73,178,California
Mono,2020-12-24,3,181,1,143,2,38,0,0,3,181,0,0,3,181,California
Mono,2020-12-26,4,185,4,147,0,38,0,0,4,185,0,0,4,185,California
Mono,2020-12-27,1,186,0,147,1,39,0,0,1,186,0,0,1,186,California
Mono,2020-12-28,93,279,62,209,31,70,0,0,93,279,0,0,93,279,California
Mono,2020-12-29,29,308,29,238,0,70,0,0,29,308,0,0,29,308,California
Mono,2020-12-30,77,385,36,274,41,111,0,0,77,385,0,0,77,385,California
Mono,2020-12-31,4,389,1,275,3,114,0,0,4,389,0,0,4,389,California
Mono,2021-01-01,4,393,4,279,0,114,0,0,4,393,0,0,4,393,California
Mono,2021-01-02,2,395,2,281,0,114,0,0,2,395,0,0,2,395,California
Mono,2021-01-04,2,397,0,281,2,116,0,0,2,397,0,0,2,397,California
Mono,2021-01-05,45,442,2,283,43,159,0,0,44,440,1,1,44,441,California
Mono,2021-01-06,52,494,0,283,52,211,0,0,52,492,0,1,52,493,California
Mono,2021-01-07,55,549,3,286,52,263,0,0,53,544,2,3,54,547,California
Mono,2021-01-08,3,552,1,287,2,265,0,0,2,545,1,4,2,549,California
Mono,2021-01-09,4,556,4,291,0,265,0,0,0,541,4,8,0,549,California
Mono,2021-01-10,5,561,5,296,0,265,0,0,0,536,5,13,0,549,California
Mono,2021-01-11,8,569,5,301,3,268,0,0,4,536,4,17,4,553,California
Mono,2021-01-12,286,855,78,379,208,476,0,0,220,691,65,82,220,773,California
Mono,2021-01-13,237,1092,74,453,163,639,0,0,181,816,56,138,181,954,California
Mono,2021-01-14,75,1167,72,525,3,642,0,0,74,889,1,139,74,1028,California
Mono,2021-01-15,71,1238,3,528,68,710,0,0,71,960,0,139,71,1099,California
Mono,2021-01-16,5,1243,4,532,1,711,0,0,1,957,4,143,1,1100,California
Mono,2021-01-18,63,1306,54,586,9,720,0,0,2,898,61,204,2,1102,California
Mono,2021-01-19,216,1522,213,799,3,723,0,0,177,1037,39,243,178,1280,California
Mono,2021-01-20,235,1757,202,1001,33,756,0,0,174,1150,61,304,174,1454,California
Mono,2021-01-21,7,1764,4,1005,3,759,0,0,7,1157,0,304,7,1461,California
Mono,2021-01-22,5,1769,0,1005,5,764,0,0,5,1162,0,304,5,1466,California
Mono,2021-01-23,601,2370,601,1606,0,764,0,0,600,1761,1,305,600,2066,California
Mono,2021-01-24,1,2371,0,1606,1,765,0,0,0,1760,1,306,0,2066,California
Mono,2021-01-25,203,2574,166,1772,37,802,0,0,165,1887,38,344,165,2231,California
Mono,2021-01-26,510,3084,508,2280,2,804,0,0,504,2385,6,350,504,2735,California
Mono,2021-01-27,5,3089,1,2281,4,808,0,0,5,2390,0,350,5,2740,California
Mono,2021-01-28,6,3095,2,2283,4,812,0,0,2,2388,4,354,2,2742,California
Mono,2021-01-30,199,3294,197,2480,2,814,0,0,198,2585,1,355,198,2940,California
Mono,2021-01-31,252,3546,139,2619,113,927,0,0,140,2613,112,467,140,3080,California
Mono,2021-02-01,27,3573,27,2646,0,927,0,0,0,2586,27,494,0,3080,California
Mono,2021-02-02,5,3578,0,2646,5,932,0,0,2,2585,3,497,2,3082,California
Mono,2021-02-03,6,3584,2,2648,4,936,0,0,3,2585,3,500,3,3085,California
Mono,2021-02-04,214,3798,158,2806,56,992,0,0,91,2555,121,621,91,3176,California
Mono,2021-02-05,624,4422,618,3424,6,998,0,0,621,3173,3,624,621,3797,California
Mono,2021-02-06,135,4557,134,3558,1,999,0,0,134,3306,1,625,134,3931,California
Mono,2021-02-07,2,4559,0,3558,2,1001,0,0,2,3308,0,625,2,3933,California
Mono,2021-02-08,175,4734,174,3732,1,1002,0,0,16,3166,158,783,16,3949,California
Mono,2021-02-09,229,4963,8,3740,221,1223,0,0,14,2965,215,998,14,3963,California
Mono,2021-02-10,539,5502,188,3928,351,1574,0,0,192,2811,347,1345,193,4156,California
Mono,2021-02-11,9,5511,5,3933,4,1578,0,0,3,2808,6,1351,3,4159,California
Mono,2021-02-12,94,5605,22,3955,72,1650,0,0,28,2770,66,1417,28,4187,California
Mono,2021-02-13,593,6198,593,4548,0,1650,0,0,26,2230,566,1983,26,4213,California
Mono,2021-02-15,168,6366,166,4714,2,1652,0,0,2,2068,164,2147,2,4215,California
Mono,2021-02-16,525,6891,520,5234,5,1657,0,0,47,1641,475,2622,48,4263,California
Mono,2021-02-17,6,6897,2,5236,4,1661,0,0,2,1639,4,2626,2,4265,California
Mono,2021-02-18,6,6903,2,5238,4,1665,0,0,2,1637,4,2630,2,4267,California
Mono,2021-02-19,54,6957,53,5291,1,1666,0,0,54,1691,0,2630,54,4321,California
Mono,2021-02-20,6,6963,6,5297,0,1666,0,0,6,1697,0,2630,6,4327,California
Mono,2021-02-21,9,6972,9,5306,0,1666,0,0,7,1702,2,2632,7,4334,California
Mono,2021-02-22,282,7254,281,5587,1,1667,0,0,24,1469,257,2889,24,4358,California
Mono,2021-02-23,142,7396,119,5706,23,1690,0,0,26,1379,116,3005,26,4384,California
Mono,2021-02-24,12,7408,3,5709,9,1699,0,0,4,1375,8,3013,4,4388,California
Mono,2021-02-25,5,7413,2,5711,3,1702,0,0,3,1377,1,3014,3,4391,California
Mono,2021-02-26,606,8019,604,6315,2,1704,0,0,20,812,585,3599,20,4411,California
Mono,2021-02-27,138,8157,134,6449,4,1708,0,0,4,684,132,3731,4,4415,California
Mono,2021-02-28,1,8158,0,6449,0,1708,1,1,0,684,1,3732,1,4416,California
Mono,2021-03-01,3,8161,2,6451,1,1709,0,1,2,686,0,3732,2,4418,California
Mono,2021-03-02,8,8169,4,6455,4,1713,0,1,6,690,2,3734,6,4424,California
Mono,2021-03-03,114,8283,3,6458,111,1824,0,1,110,797,3,3737,110,4534,California
Mono,2021-03-04,7,8290,2,6460,5,1829,0,1,3,796,4,3741,3,4537,California
Mono,2021-03-05,41,8331,30,6490,11,1840,0,1,14,783,27,3768,14,4551,California
Mono,2021-03-06,517,8848,18,6508,499,2339,0,1,508,1285,7,3775,509,5060,California
Mono,2021-03-07,1,8849,0,6508,1,2340,0,1,0,1284,1,3776,0,5060,California
Mono,2021-03-08,550,9399,11,6519,536,2876,3,4,539,1815,11,3787,542,5602,California
Mono,2021-03-09,6,9405,2,6521,3,2879,1,5,3,1817,2,3789,4,5606,California
Mono,2021-03-10,287,9692,92,6613,192,3071,3,8,9,1554,275,4064,12,5618,California
Mono,2021-03-11,10,9702,0,6613,1,3072,9,17,0,1553,10,4074,9,5627,California
Mono,2021-03-12,6,9708,1,6614,1,3073,4,21,0,1551,6,4080,4,5631,California
Mono,2021-03-13,840,10548,399,7013,440,3513,1,22,828,2368,12,4092,829,6460,California
Mono,2021-03-14,7,10555,7,7020,0,3513,0,22,1,2363,6,4098,1,6461,California
Mono,2021-03-15,31,10586,23,7043,3,3516,5,27,14,2366,16,4114,19,6480,California
Mono,2021-03-16,17,10603,6,7049,5,3521,6,33,8,2371,9,4123,14,6494,California
Mono,2021-03-17,32,10635,4,7053,20,3541,8,41,20,2387,12,4135,28,6522,California
Mono,2021-03-18,21,10656,2,7055,11,3552,8,49,9,2392,12,4147,17,6539,California
Mono,2021-03-19,21,10677,1,7056,17,3569,3,52,17,2409,3,4150,20,6559,California
Mono,2021-03-20,5,10682,3,7059,1,3570,1,53,4,2413,1,4151,5,6564,California
Mono,2021-03-22,11,10693,0,7059,6,3576,5,58,5,2417,6,4157,10,6574,California
Mono,2021-03-23,45,10738,6,7065,34,3610,5,63,17,2411,28,4185,22,6596,California
Mono,2021-03-24,14,10752,1,7066,8,3618,5,68,5,2413,9,4194,11,6607,California
Mono,2021-03-25,19,10771,3,7069,12,3630,4,72,13,2424,6,4200,17,6624,California
Mono,2021-03-26,19,10790,3,7072,11,3641,5,77,10,2431,8,4208,15,6639,California
Mono,2021-03-27,365,11155,362,7434,3,3644,0,77,339,2744,26,4234,339,6978,California
Mono,2021-03-29,11,11166,2,7436,8,3652,1,78,9,2752,2,4236,10,6988,California
Mono,2021-03-30,14,11180,0,7436,10,3662,4,82,7,2756,7,4243,11,6999,California
Mono,2021-03-31,136,11316,8,7444,127,3789,1,83,24,2670,111,4354,25,7024,California
Mono,2021-04-01,10,11326,0,7444,10,3799,0,83,6,2672,4,4358,6,7030,California
Mono,2021-04-02,18,11344,2,7446,16,3815,0,83,8,2670,10,4368,8,7038,California
Mono,2021-04-03,888,12232,383,7829,505,4320,0,83,50,1885,835,5203,50,7088,California
Mono,2021-04-04,1,12233,1,7830,0,4320,0,83,0,1884,1,5204,0,7088,California
Mono,2021-04-05,547,12780,19,7849,527,4847,1,84,35,1409,511,5715,36,7124,California
Mono,2021-04-06,20,12800,1,7850,6,4853,13,97,2,1406,18,5733,15,7139,California
Mono,2021-04-07,23,12823,2,7852,2,4855,19,116,2,1406,21,5754,21,7160,California
Mono,2021-04-08,26,12849,4,7856,3,4858,19,135,6,1411,20,5774,25,7185,California
Mono,2021-04-09,39,12888,6,7862,4,4862,29,164,9,1419,30,5804,38,7223,California
Mono,2021-04-10,457,13345,2,7864,448,5310,7,171,31,1031,426,6230,38,7261,California
Mono,2021-04-12,6,13351,0,7864,3,5313,3,174,3,1034,3,6233,6,7267,California
Mono,2021-04-13,21,13372,3,7867,17,5330,1,175,15,1044,6,6239,16,7283,California
Mono,2021-04-14,26,13398,2,7869,24,5354,0,175,8,1034,18,6257,8,7291,California
Mono,2021-04-15,21,13419,5,7874,16,5370,0,175,11,1035,10,6267,11,7302,California
Mono,2021-04-16,18,13437,1,7875,17,5387,0,175,7,1031,11,6278,7,7309,California
Mono,2021-04-17,52,13489,2,7877,50,5437,0,175,45,1069,7,6285,45,7354,California
Mono,2021-04-18,1,13490,0,7877,1,5438,0,175,1,1070,0,6285,1,7355,California
Mono,2021-04-19,552,14042,341,8218,211,5649,0,175,205,931,345,6630,206,7561,California
Mono,2021-04-20,14,14056,2,8220,12,5661,0,175,9,935,5,6635,9,7570,California
Mono,2021-04-21,8,14064,1,8221,7,5668,0,175,2,931,6,6641,2,7572,California
Mono,2021-04-22,25,14089,11,8232,14,5682,0,175,11,928,14,6655,11,7583,California
Mono,2021-04-23,22,14111,2,8234,20,5702,0,175,12,930,10,6665,12,7595,California
Mono,2021-04-24,36,14147,22,8256,14,5716,0,175,21,936,15,6680,21,7616,California
Mono,2021-04-25,5,14152,4,8260,1,5717,0,175,5,941,0,6680,5,7621,California
Mono,2021-04-26,14,14166,2,8262,12,5729,0,175,3,933,11,6691,3,7624,California
Mono,2021-04-27,68,14234,41,8303,19,5748,8,183,51,975,17,6708,59,7683,California
Mono,2021-04-28,64,14298,40,8343,19,5767,5,188,48,1014,14,6722,53,7736,California
Mono,2021-04-29,12,14310,3,8346,6,5773,3,191,3,1011,9,6731,6,7742,California
Mono,2021-04-30,19,14329,4,8350,12,5785,3,194,8,1011,11,6742,11,7753,California
Mono,2021-05-01,112,14441,5,8355,107,5892,0,194,99,1098,12,6754,99,7852,California
Mono,2021-05-02,2,14443,2,8357,0,5892,0,194,1,1098,1,6755,1,7853,California
Mono,2021-05-03,2,14445,1,8358,1,5893,0,194,1,1098,1,6756,1,7854,California
Mono,2021-05-04,20,14465,1,8359,14,5907,5,199,10,1103,10,6766,15,7869,California
Mono,2021-05-05,52,14517,8,8367,40,5947,4,203,45,1145,7,6773,49,7918,California
Mono,2021-05-06,15,14532,3,8370,11,5958,1,204,9,1149,6,6779,10,7928,California
Mono,2021-05-07,29,14561,22,8392,7,5965,0,204,25,1170,4,6783,25,7953,California
Mono,2021-05-08,53,14614,7,8399,46,6011,0,204,23,1163,30,6813,23,7976,California
Mono,2021-05-09,1,14615,1,8400,0,6011,0,204,0,1163,0,6813,0,7976,California
Mono,2021-05-10,17,14632,1,8401,12,6023,4,208,9,1168,8,6821,13,7989,California
Mono,2021-05-11,16,14648,2,8403,11,6034,3,211,5,1165,11,6832,8,7997,California
Mono,2021-05-12,12,14660,0,8403,11,6045,1,212,4,1162,8,6840,5,8002,California
Mono,2021-05-13,47,14707,31,8434,15,6060,1,213,38,1192,9,6849,39,8041,California
Mono,2021-05-14,10,14717,1,8435,8,6068,1,214,5,1193,5,6854,6,8047,California
Mono,2021-05-15,70,14787,28,8463,35,6103,7,221,20,1170,50,6904,27,8074,California
Mono,2021-05-16,6,14793,4,8467,1,6104,1,222,2,1169,4,6908,3,8077,California
Mono,2021-05-17,251,15044,34,8501,210,6314,7,229,54,1035,196,7104,62,8139,California
Mono,2021-05-18,133,15177,110,8611,22,6336,1,230,87,1078,46,7150,89,8228,California
Mono,2021-05-19,119,15296,112,8723,2,6338,5,235,76,1116,43,7193,81,8309,California
Mono,2021-05-20,71,15367,56,8779,10,6348,5,240,54,1158,17,7210,59,8368,California
Mono,2021-05-21,24,15391,4,8783,17,6365,3,243,10,1157,14,7224,13,8381,California
Mono,2021-05-22,21,15412,11,8794,8,6373,2,245,15,1168,6,7230,17,8398,California
Mono,2021-05-23,2,15414,0,8794,2,6375,0,245,1,1168,1,7231,1,8399,California
Mono,2021-05-24,15,15429,1,8795,13,6388,1,246,8,1171,7,7238,10,8409,California
Mono,2021-05-25,16,15445,5,8800,11,6399,0,246,9,1173,7,7245,9,8418,California
Mono,2021-05-26,18,15463,2,8802,15,6414,1,247,7,1170,11,7256,8,8426,California
Mono,2021-05-27,9,15472,0,8802,9,6423,0,247,6,1174,2,7258,6,8432,California
Mono,2021-05-28,41,15513,28,8830,13,6436,0,247,10,1153,31,7289,10,8442,California
Mono,2021-05-29,131,15644,27,8857,101,6537,3,250,31,1087,100,7389,34,8476,California
Mono,2021-06-01,15,15659,7,8864,8,6545,0,250,8,1088,7,7396,8,8484,California
Mono,2021-06-02,47,15706,3,8867,44,6589,0,250,10,1061,37,7433,10,8494,California
Mono,2021-06-03,10,15716,1,8868,7,6596,2,252,1,1055,9,7442,3,8497,California
Mono,2021-06-04,13,15729,2,8870,10,6606,1,253,4,1051,9,7451,5,8502,California
Mono,2021-06-05,43,15772,23,8893,20,6626,0,253,5,1018,38,7489,5,8507,California
Mono,2021-06-06,1,15773,0,8893,1,6627,0,253,0,1017,1,7490,0,8507,California
Mono,2021-06-07,99,15872,87,8980,8,6635,4,257,12,946,87,7577,16,8523,California
Mono,2021-06-08,113,15985,103,9083,8,6643,2,259,12,859,101,7678,14,8537,California
Mono,2021-06-09,8,15993,3,9086,5,6648,0,259,1,853,7,7685,1,8538,California
Mono,2021-06-10,6,15999,0,9086,4,6652,2,261,2,853,4,7689,4,8542,California
Mono,2021-06-11,74,16073,62,9148,7,6659,5,266,7,798,67,7756,12,8554,California
Mono,2021-06-12,1,16074,1,9149,0,6659,0,266,0,797,1,7757,0,8554,California
Mono,2021-06-13,1,16075,0,9149,1,6660,0,266,1,798,0,7757,1,8555,California
Mono,2021-06-14,65,16140,30,9179,29,6689,6,272,20,779,45,7802,26,8581,California
Mono,2021-06-15,8,16148,5,9184,3,6692,0,272,4,779,4,7806,4,8585,California
Mono,2021-06-16,15,16163,6,9190,9,6701,0,272,7,778,8,7814,7,8592,California
Mono,2021-06-17,6,16169,1,9191,3,6704,2,274,2,778,4,7818,4,8596,California
Mono,2021-06-18,5,16174,3,9194,1,6705,1,275,1,777,3,7821,2,8598,California
Mono,2021-06-19,3,16177,3,9197,0,6705,0,275,3,780,0,7821,3,8601,California
Mono,2021-06-20,1,16178,0,9197,1,6706,0,275,0,779,1,7822,0,8601,California
Mono,2021-06-21,15,16193,2,9199,10,6716,3,278,3,774,11,7833,6,8607,California
Mono,2021-06-22,3,16196,0,9199,3,6719,0,278,0,771,3,7836,0,8607,California
Monterey,2020-12-16,6,6,6,6,0,0,0,0,6,6,0,0,6,6,California
Monterey,2020-12-17,90,96,90,96,0,0,0,0,90,96,0,0,90,96,California
Monterey,2020-12-18,494,590,494,590,0,0,0,0,494,590,0,0,494,590,California
Monterey,2020-12-19,582,1172,581,1171,1,1,0,0,581,1171,0,0,581,1171,California
Monterey,2020-12-20,422,1594,422,1593,0,1,0,0,422,1593,0,0,422,1593,California
Monterey,2020-12-21,726,2320,726,2319,0,1,0,0,726,2319,0,0,726,2319,California
Monterey,2020-12-22,550,2870,537,2856,13,14,0,0,550,2869,0,0,550,2869,California
Monterey,2020-12-23,446,3316,268,3124,178,192,0,0,446,3315,0,0,446,3315,California
Monterey,2020-12-24,86,3402,10,3134,76,268,0,0,86,3401,0,0,86,3401,California
Monterey,2020-12-25,6,3408,0,3134,6,274,0,0,6,3407,0,0,6,3407,California
Monterey,2020-12-26,92,3500,5,3139,87,361,0,0,92,3499,0,0,92,3499,California
Monterey,2020-12-27,7,3507,4,3143,3,364,0,0,7,3506,0,0,7,3506,California
Monterey,2020-12-28,491,3998,26,3169,465,829,0,0,491,3997,0,0,491,3997,California
Monterey,2020-12-29,918,4916,173,3342,745,1574,0,0,918,4915,0,0,918,4915,California
Monterey,2020-12-30,576,5492,101,3443,475,2049,0,0,576,5491,0,0,576,5491,California
Monterey,2020-12-31,36,5528,11,3454,25,2074,0,0,36,5527,0,0,36,5527,California
Monterey,2021-01-01,13,5541,3,3457,10,2084,0,0,13,5540,0,0,13,5540,California
Monterey,2021-01-02,138,5679,135,3592,3,2087,0,0,138,5678,0,0,138,5678,California
Monterey,2021-01-03,31,5710,30,3622,1,2088,0,0,31,5709,0,0,31,5709,California
Monterey,2021-01-04,416,6126,20,3642,396,2484,0,0,416,6125,0,0,416,6125,California
Monterey,2021-01-05,768,6894,336,3978,432,2916,0,0,754,6865,14,14,754,6879,California
Monterey,2021-01-06,672,7566,180,4158,492,3408,0,0,648,7489,24,38,648,7527,California
Monterey,2021-01-07,764,8330,581,4739,183,3591,0,0,434,7595,328,366,434,7961,California
Monterey,2021-01-08,1119,9449,751,5490,368,3959,0,0,410,7296,709,1075,410,8371,California
Monterey,2021-01-09,979,10428,939,6429,40,3999,0,0,326,6971,651,1726,326,8697,California
Monterey,2021-01-10,275,10703,273,6702,2,4001,0,0,8,6712,267,1993,8,8705,California
Monterey,2021-01-11,1083,11786,993,7695,90,4091,0,0,374,6377,709,2702,374,9079,California
Monterey,2021-01-12,492,12278,405,8100,87,4178,0,0,225,6335,267,2969,225,9304,California
Monterey,2021-01-13,1234,13512,599,8699,635,4813,0,0,1189,7479,45,3014,1189,10493,California
Monterey,2021-01-14,1142,14654,171,8870,971,5784,0,0,1121,8583,21,3035,1125,11618,California
Monterey,2021-01-15,1086,15740,46,8916,1040,6824,0,0,1074,9645,12,3047,1074,12692,California
Monterey,2021-01-16,369,16109,303,9219,66,6890,0,0,364,10004,5,3052,364,13056,California
Monterey,2021-01-17,313,16422,294,9513,19,6909,0,0,300,10291,13,3065,300,13356,California
Monterey,2021-01-18,412,16834,51,9564,361,7270,0,0,389,10657,23,3088,389,13745,California
Monterey,2021-01-19,601,17435,405,9969,196,7466,0,0,435,10928,164,3252,435,14180,California
Monterey,2021-01-20,561,17996,274,10243,287,7753,0,0,347,11061,214,3466,347,14527,California
Monterey,2021-01-21,907,18903,96,10339,811,8564,0,0,795,11748,112,3578,799,15326,California
Monterey,2021-01-22,1104,20007,208,10547,896,9460,0,0,1062,12768,42,3620,1062,16388,California
Monterey,2021-01-23,250,20257,177,10724,73,9533,0,0,125,12771,124,3744,127,16515,California
Monterey,2021-01-24,60,20317,38,10762,22,9555,0,0,26,12763,34,3778,26,16541,California
Monterey,2021-01-25,850,21167,186,10948,664,10219,0,0,208,12336,635,4413,208,16749,California
Monterey,2021-01-26,996,22163,231,11179,765,10984,0,0,283,11906,713,5126,283,17032,California
Monterey,2021-01-27,916,23079,319,11498,597,11581,0,0,429,11848,487,5613,429,17461,California
Monterey,2021-01-28,2083,25162,750,12248,1333,12914,0,0,1733,13233,350,5963,1735,19196,California
Monterey,2021-01-29,1317,26479,722,12970,595,13509,0,0,1198,14314,118,6081,1199,20395,California
Monterey,2021-01-30,491,26970,302,13272,189,13698,0,0,231,14285,260,6341,231,20626,California
Monterey,2021-01-31,514,27484,86,13358,428,14126,0,0,503,14778,11,6352,504,21130,California
Monterey,2021-02-01,1678,29162,1160,14518,518,14644,0,0,1099,15303,578,6930,1103,22233,California
Monterey,2021-02-02,2205,31367,465,14983,1740,16384,0,0,1591,16281,613,7543,1591,23824,California
Monterey,2021-02-03,2409,33776,1094,16077,1315,17699,0,0,1623,17122,782,8325,1623,25447,California
Monterey,2021-02-04,2858,36634,2120,18197,738,18437,0,0,2539,19346,315,8640,2539,27986,California
Monterey,2021-02-05,3757,40391,2886,21083,871,19308,0,0,3306,22206,446,9086,3306,31292,California
Monterey,2021-02-06,1148,41539,383,21466,765,20073,0,0,792,22645,353,9439,792,32084,California
Monterey,2021-02-07,329,41868,269,21735,60,20133,0,0,110,22536,219,9658,110,32194,California
Monterey,2021-02-08,542,42410,293,22028,249,20382,0,0,441,22876,101,9759,441,32635,California
Monterey,2021-02-09,935,43345,714,22742,221,20603,0,0,618,23179,317,10076,620,33255,California
Monterey,2021-02-10,2153,45498,1122,23864,1031,21634,0,0,1285,23598,868,10944,1287,34542,California
Monterey,2021-02-11,2556,48054,977,24841,1579,23213,0,0,1579,24205,975,11919,1582,36124,California
Monterey,2021-02-12,2663,50717,440,25281,2223,25436,0,0,1556,24658,1106,13025,1559,37683,California
Monterey,2021-02-13,1108,51825,50,25331,1058,26494,0,0,1014,25579,93,13118,1014,38697,California
Monterey,2021-02-14,636,52461,75,25406,561,27055,0,0,563,26070,73,13191,564,39261,California
Monterey,2021-02-15,1405,53866,169,25575,1236,28291,0,0,1002,26672,401,13592,1003,40264,California
Monterey,2021-02-16,1120,54986,249,25824,871,29162,0,0,890,27332,230,13822,890,41154,California
Monterey,2021-02-17,2019,57005,1195,27019,824,29986,0,0,1682,28682,334,14156,1684,42838,California
Monterey,2021-02-18,2304,59309,1187,28206,1117,31103,0,0,930,28254,1360,15516,932,43770,California
Monterey,2021-02-19,3012,62321,1560,29766,1452,32555,0,0,1383,28011,1628,17144,1385,45155,California
Monterey,2021-02-20,1121,63442,695,30461,426,32981,0,0,1055,29002,65,17209,1056,46211,California
Monterey,2021-02-21,1290,64732,1254,31715,36,33017,0,0,1208,30131,80,17289,1209,47420,California
Monterey,2021-02-22,1075,65807,908,32623,167,33184,0,0,673,30404,400,17689,673,48093,California
Monterey,2021-02-23,1025,66832,636,33259,389,33573,0,0,320,30021,704,18393,321,48414,California
Monterey,2021-02-24,2557,69389,1361,34620,1196,34769,0,0,1871,31212,681,19074,1872,50286,California
Monterey,2021-02-25,4518,73907,2472,37092,2046,36815,0,0,1530,29763,2981,22055,1532,51818,California
Monterey,2021-02-26,5381,79288,3127,40219,2254,39069,0,0,2671,29729,2707,24762,2673,54491,California
Monterey,2021-02-27,1071,80359,203,40422,868,39937,0,0,840,30343,226,24988,840,55331,California
Monterey,2021-02-28,1565,81924,87,40509,1478,41415,0,0,1092,30967,468,25456,1092,56423,California
Monterey,2021-03-01,1339,83263,179,40688,1157,42572,3,3,769,31175,564,26020,772,57195,California
Monterey,2021-03-02,2881,86144,1750,42438,1131,43703,0,3,1996,32290,881,26901,1996,59191,California
Monterey,2021-03-03,3286,89430,1255,43693,2031,45734,0,3,1321,31650,1962,28863,1322,60513,California
Monterey,2021-03-04,4722,94152,1498,45191,3224,48958,0,3,3063,33061,1654,30517,3065,63578,California
Monterey,2021-03-05,3722,97874,1638,46829,1805,50763,279,282,3040,35699,681,31198,3319,66897,California
Monterey,2021-03-06,5245,103119,1184,48013,3752,54515,309,591,4306,39377,936,32134,4614,71511,California
Monterey,2021-03-07,534,103653,105,48118,177,54692,252,843,230,39553,304,32438,480,71991,California
Monterey,2021-03-08,1687,105340,330,48448,966,55658,391,1234,1130,40515,557,32995,1519,73510,California
Monterey,2021-03-09,2054,107394,698,49146,1081,56739,275,1509,1536,41807,517,33512,1809,75319,California
Monterey,2021-03-10,3300,110694,1052,50198,1756,58495,492,2001,1528,42059,1768,35280,2020,77339,California
Monterey,2021-03-11,4252,114946,1434,51632,2439,60934,379,2380,2436,43065,1809,37089,2815,80154,California
Monterey,2021-03-12,4498,119444,2071,53703,2271,63205,156,2536,2767,44258,1728,38817,2921,83075,California
Monterey,2021-03-13,5441,124885,1042,54745,4048,67253,351,2887,4044,47257,1396,40213,4395,87470,California
Monterey,2021-03-14,2209,127094,1365,56110,819,68072,25,2912,595,46273,1604,41817,620,88090,California
Monterey,2021-03-15,4031,131125,1289,57399,2451,70523,291,3203,2301,47140,1726,43543,2593,90683,California
Monterey,2021-03-16,3605,134730,600,57999,2620,73143,385,3588,2150,48219,1453,44996,2532,93215,California
Monterey,2021-03-17,6001,140731,2458,60457,3286,76429,257,3845,4362,51211,1632,46628,4624,97839,California
Monterey,2021-03-18,4596,145327,2249,62706,2176,78605,171,4016,3189,53206,1402,48030,3397,101236,California
Monterey,2021-03-19,5603,150930,2608,65314,2830,81435,165,4181,4270,56314,1327,49357,4435,105671,California
Monterey,2021-03-20,3405,154335,442,65756,2271,83706,692,4873,2302,58209,1099,50456,2994,108665,California
Monterey,2021-03-21,663,154998,223,65979,430,84136,10,4883,583,58724,77,50533,592,109257,California
Monterey,2021-03-22,2529,157527,1469,67448,997,85133,63,4946,2302,60864,223,50756,2363,111620,California
Monterey,2021-03-23,4125,161652,2440,69888,1642,86775,43,4989,2629,62046,1490,52246,2672,114292,California
Monterey,2021-03-24,5259,166911,2221,72109,2719,89494,319,5308,3869,64845,1386,53632,4185,118477,California
Monterey,2021-03-25,5397,172308,1257,73366,3778,93272,362,5670,2711,65243,2676,56308,3074,121551,California
Monterey,2021-03-26,5568,177876,2689,76055,2801,96073,78,5748,2877,65520,2680,58988,2957,124508,California
Monterey,2021-03-27,5059,182935,1585,77640,3215,99288,259,6007,3204,67133,1852,60840,3465,127973,California
Monterey,2021-03-28,1141,184076,358,77998,774,100062,9,6016,644,67295,491,61331,653,128626,California
Monterey,2021-03-29,3281,187357,1450,79448,1817,101879,14,6030,2044,68129,1229,62560,2063,130689,California
Monterey,2021-03-30,4612,191969,2156,81604,2401,104280,55,6085,2811,69208,1790,64350,2869,133558,California
Monterey,2021-03-31,5586,197555,2514,84118,2271,106551,801,6886,3549,71515,2034,66384,4341,137899,California
Monterey,2021-04-01,6309,203864,2111,86229,3784,110335,414,7300,3172,71973,3122,69506,3580,141479,California
Monterey,2021-04-02,4810,208674,2237,88466,2497,112832,76,7376,3216,73678,1591,71097,3296,144775,California
Monterey,2021-04-03,6024,214698,1151,89617,3813,116645,1060,8436,1254,71223,4761,75858,2306,147081,California
Monterey,2021-04-04,791,215489,178,89795,600,117245,13,8449,505,71458,286,76144,521,147602,California
Monterey,2021-04-05,4068,219557,2511,92306,1318,118563,239,8688,1513,70658,2550,78694,1750,149352,California
Monterey,2021-04-06,3576,223133,1405,93711,1687,120250,484,9172,1240,70046,2333,81027,1721,151073,California
Monterey,2021-04-07,5785,228918,1444,95155,3817,124067,524,9696,2739,70269,3035,84062,3258,154331,California
Monterey,2021-04-08,6883,235801,3625,98780,2422,126489,836,10532,3416,71061,3461,87523,4253,158584,California
Monterey,2021-04-09,5864,241665,3490,102270,1722,128211,652,11184,2343,70534,3518,91041,2991,161575,California
Monterey,2021-04-10,10384,252049,5026,107296,3150,131361,2208,13392,5061,72487,5311,96352,7264,168839,California
Monterey,2021-04-11,5604,257653,4407,111703,579,131940,618,14010,4539,76578,1059,97411,5150,173989,California
Monterey,2021-04-12,4228,261881,1911,113614,1977,133917,340,14350,976,74781,3113,100524,1316,175305,California
Monterey,2021-04-13,3303,265184,775,114389,2523,136440,5,14355,1589,74681,1696,102220,1596,176901,California
Monterey,2021-04-14,7062,272246,3294,117683,3765,140205,3,14358,1926,71497,5114,107334,1930,178831,California
Monterey,2021-04-15,6051,278297,3994,121677,2057,142262,0,14358,3933,73342,2089,109423,3934,182765,California
Monterey,2021-04-16,5121,283418,2636,124313,2475,144737,10,14368,2398,73042,2709,112132,2409,185174,California
Monterey,2021-04-17,5913,289331,1426,125739,4487,149224,0,14368,3836,74818,2061,114193,3837,189011,California
Monterey,2021-04-18,879,290210,271,126010,608,149832,0,14368,251,74445,624,114817,251,189262,California
Monterey,2021-04-19,3675,293885,1191,127201,2484,152316,0,14368,1678,74136,1987,116804,1678,190940,California
Monterey,2021-04-20,3992,297877,1677,128878,2315,154631,0,14368,1643,73457,2325,119129,1646,192586,California
Monterey,2021-04-21,6224,304101,3384,132262,2840,157471,0,14368,3025,73329,3161,122290,3033,195619,California
Monterey,2021-04-22,4931,309032,1089,133351,3842,161313,0,14368,2030,72503,2856,125146,2030,197649,California
Monterey,2021-04-23,5722,314754,2668,136019,3053,164366,1,14369,2266,71338,3437,128583,2272,199921,California
Monterey,2021-04-24,4364,319118,598,136617,3766,168132,0,14369,1561,70114,2785,131368,1561,201482,California
Monterey,2021-04-25,1268,320386,632,137249,636,168768,0,14369,805,70466,453,131821,805,202287,California
Monterey,2021-04-26,3785,324171,2232,139481,1536,170304,17,14386,1003,68729,2757,134578,1020,203307,California
Monterey,2021-04-27,2938,327109,966,140447,1833,172137,139,14525,1271,68475,1663,136241,1409,204716,California
Monterey,2021-04-28,3735,330844,1440,141887,2142,174279,153,14678,2309,69521,1411,137652,2457,207173,California
Monterey,2021-04-29,4659,335503,2526,144413,2055,176334,78,14756,1707,68367,2940,140592,1786,208959,California
Monterey,2021-04-30,3250,338753,1687,146100,1489,177823,74,14830,828,66855,2412,143004,900,209859,California
Monterey,2021-05-01,5688,344441,4288,150388,1359,179182,41,14871,694,62615,4973,147977,733,210592,California
Monterey,2021-05-02,4415,348856,3984,154372,404,179586,27,14898,311,58863,4090,152067,338,210930,California
Monterey,2021-05-03,2569,351425,1589,155961,864,180450,116,15014,594,57608,1965,154032,710,211640,California
Monterey,2021-05-04,1864,353289,651,156612,1120,181570,93,15107,655,57162,1195,155227,749,212389,California
Monterey,2021-05-05,3421,356710,1263,157875,2073,183643,85,15192,1083,56006,2325,157552,1169,213558,California
Monterey,2021-05-06,4254,360964,2793,160668,1239,184882,222,15414,1151,54291,3087,160639,1372,214930,California
Monterey,2021-05-07,2088,363052,1058,161726,928,185810,102,15516,708,53728,1372,162011,809,215739,California
Monterey,2021-05-08,2648,365700,1402,163128,924,186734,322,15838,944,53301,1692,163703,1265,217004,California
Monterey,2021-05-09,410,366110,127,163255,256,186990,27,15865,145,53209,264,163967,172,217176,California
Monterey,2021-05-10,2834,368944,2085,165340,699,187689,50,15915,526,51490,2297,166264,578,217754,California
Monterey,2021-05-11,1920,370864,990,166330,849,188538,81,15996,789,51242,1119,167383,871,218625,California
Monterey,2021-05-12,3986,374850,2092,168422,1807,190345,87,16083,875,49108,3097,170480,963,219588,California
Monterey,2021-05-13,2632,377482,1546,169968,1030,191375,56,16139,1511,49564,1109,171589,1565,221153,California
Monterey,2021-05-14,1854,379336,552,170520,1201,192576,101,16240,738,49296,1107,172696,839,221992,California
Monterey,2021-05-15,3411,382747,831,171351,2313,194889,267,16507,966,48092,2432,175128,1228,223220,California
Monterey,2021-05-16,927,383674,568,171919,285,195174,74,16581,235,47714,686,175814,308,223528,California
Monterey,2021-05-17,2226,385900,1319,173238,827,196001,80,16661,1044,47668,1170,176984,1124,224652,California
Monterey,2021-05-18,1829,387729,753,173991,1029,197030,47,16708,857,47612,962,177946,906,225558,California
Monterey,2021-05-19,3712,391441,2400,176391,1221,198251,91,16799,1968,47935,1737,179683,2060,227618,California
Monterey,2021-05-20,2874,394315,1050,177441,1714,199965,110,16909,983,47154,1877,181560,1096,228714,California
Monterey,2021-05-21,3318,397633,1344,178785,1877,201842,97,17006,1042,46029,2263,183823,1138,229852,California
Monterey,2021-05-22,2146,399779,743,179528,1122,202964,281,17287,810,45791,1327,185150,1089,230941,California
Monterey,2021-05-23,852,400631,496,180024,340,203304,16,17303,489,45939,357,185507,505,231446,California
Monterey,2021-05-24,1693,402324,512,180536,1121,204425,60,17363,544,45399,1145,186652,605,232051,California
Monterey,2021-05-25,1494,403818,576,181112,846,205271,72,17435,577,45150,899,187551,650,232701,California
Monterey,2021-05-26,2740,406558,1072,182184,1612,206883,56,17491,1038,44562,1684,189235,1096,233797,California
Monterey,2021-05-27,2539,409097,1388,183572,1092,207975,59,17550,912,43924,1610,190845,972,234769,California
Monterey,2021-05-28,1752,410849,585,184157,1107,209082,60,17610,769,43783,971,191816,830,235599,California
Monterey,2021-05-29,1000,411849,644,184801,323,209405,33,17643,422,43668,571,192387,456,236055,California
Monterey,2021-05-30,385,412234,166,184967,204,209609,15,17658,148,43595,236,192623,163,236218,California
Monterey,2021-05-31,187,412421,33,185000,145,209754,9,17667,54,43525,133,192756,63,236281,California
Monterey,2021-06-01,1755,414176,945,185945,674,210428,136,17803,557,43032,1182,193938,689,236970,California
Monterey,2021-06-02,1715,415891,992,186937,674,211102,49,17852,723,42817,987,194925,772,237742,California
Monterey,2021-06-03,2266,418157,1436,188373,793,211895,37,17889,576,41748,1681,196606,612,238354,California
Monterey,2021-06-04,1349,419506,707,189080,607,212502,35,17924,564,41570,777,197383,599,238953,California
Monterey,2021-06-05,2186,421692,862,189942,704,213206,620,18544,482,40975,1689,199072,1094,240047,California
Monterey,2021-06-06,523,422215,434,190376,80,213286,9,18553,321,41103,201,199273,329,240376,California
Monterey,2021-06-07,953,423168,506,190882,402,213688,45,18598,405,41014,537,199810,448,240824,California
Monterey,2021-06-08,1229,424397,785,191667,420,214108,24,18622,433,40685,785,200595,456,241280,California
Monterey,2021-06-09,2939,427336,2210,193877,603,214711,126,18748,648,39171,2287,202882,773,242053,California
Monterey,2021-06-10,1547,428883,966,194843,518,215229,63,18811,546,38784,994,203876,607,242660,California
Monterey,2021-06-11,1427,430310,775,195618,558,215787,94,18905,516,38488,904,204780,608,243268,California
Monterey,2021-06-12,753,431063,515,196133,223,216010,15,18920,354,38461,396,205176,369,243637,California
Monterey,2021-06-13,592,431655,458,196591,122,216132,12,18932,123,38130,466,205642,135,243772,California
Monterey,2021-06-14,1399,433054,1010,197601,355,216487,34,18966,402,37575,991,206633,436,244208,California
Monterey,2021-06-15,1180,434234,605,198206,451,216938,124,19090,414,37357,756,207389,538,244746,California
Monterey,2021-06-16,1594,435828,1144,199350,418,217356,32,19122,426,36654,1160,208549,457,245203,California
Monterey,2021-06-17,1203,437031,705,200055,343,217699,155,19277,440,36490,758,209307,594,245797,California
Monterey,2021-06-18,1207,438238,732,200787,448,218147,27,19304,536,36388,665,209972,563,246360,California
Monterey,2021-06-19,1305,439543,1008,201795,266,218413,31,19335,491,36104,806,210778,522,246882,California
Monterey,2021-06-20,240,439783,161,201956,70,218483,9,19344,83,36040,157,210935,93,246975,California
Monterey,2021-06-21,664,440447,366,202322,268,218751,30,19374,383,36176,276,211211,412,247387,California
Monterey,2021-06-22,1033,441480,679,203001,169,218920,185,19559,279,35890,745,211956,459,247846,California
Napa,2020-12-16,11,11,11,11,0,0,0,0,11,11,0,0,11,11,California
Napa,2020-12-17,47,58,47,58,0,0,0,0,47,58,0,0,47,58,California
Napa,2020-12-18,103,161,103,161,0,0,0,0,103,161,0,0,103,161,California
Napa,2020-12-19,224,385,224,385,0,0,0,0,224,385,0,0,224,385,California
Napa,2020-12-20,191,576,191,576,0,0,0,0,191,576,0,0,191,576,California
Napa,2020-12-21,318,894,318,894,0,0,0,0,319,895,0,0,319,895,California
Napa,2020-12-22,339,1233,330,1224,9,9,0,0,339,1234,0,0,339,1234,California
Napa,2020-12-23,446,1679,332,1556,114,123,0,0,446,1680,0,0,446,1680,California
Napa,2020-12-24,141,1820,79,1635,62,185,0,0,141,1821,0,0,141,1821,California
Napa,2020-12-25,1,1821,1,1636,0,185,0,0,1,1822,0,0,1,1822,California
Napa,2020-12-26,39,1860,11,1647,28,213,0,0,39,1861,0,0,39,1861,California
Napa,2020-12-27,32,1892,16,1663,16,229,0,0,32,1893,0,0,32,1893,California
Napa,2020-12-28,253,2145,186,1849,67,296,0,0,280,2173,0,0,280,2173,California
Napa,2020-12-29,273,2418,219,2068,54,350,0,0,306,2479,0,0,306,2479,California
Napa,2020-12-30,640,3058,488,2556,152,502,0,0,648,3127,0,0,648,3127,California
Napa,2020-12-31,457,3515,369,2925,88,590,0,0,457,3584,0,0,457,3584,California
Napa,2021-01-01,1,3516,1,2926,0,590,0,0,1,3585,0,0,1,3585,California
Napa,2021-01-02,97,3613,92,3018,5,595,0,0,97,3682,0,0,97,3682,California
Napa,2021-01-03,13,3626,11,3029,2,597,0,0,9,3691,0,0,9,3691,California
Napa,2021-01-04,108,3734,64,3093,44,641,0,0,108,3799,0,0,108,3799,California
Napa,2021-01-05,165,3899,87,3180,78,719,0,0,149,3925,23,23,149,3948,California
Napa,2021-01-06,467,4366,115,3295,352,1071,0,0,401,4262,64,87,401,4349,California
Napa,2021-01-07,511,4877,246,3541,265,1336,0,0,400,4552,110,197,400,4749,California
Napa,2021-01-08,440,5317,224,3765,216,1552,0,0,259,4631,180,377,259,5008,California
Napa,2021-01-09,330,5647,304,4069,26,1578,0,0,191,4683,139,516,191,5199,California
Napa,2021-01-10,185,5832,102,4171,83,1661,0,0,108,4714,77,593,108,5307,California
Napa,2021-01-11,890,6722,431,4602,459,2120,0,0,511,4847,380,973,513,5820,California
Napa,2021-01-12,1338,8060,383,4985,955,3075,0,0,1014,5537,324,1297,1014,6834,California
Napa,2021-01-13,1318,9378,268,5253,1050,4125,0,0,1152,6525,165,1462,1153,7987,California
Napa,2021-01-14,1058,10436,170,5423,888,5013,0,0,941,7351,115,1577,941,8928,California
Napa,2021-01-15,1470,11906,389,5812,1081,6094,0,0,1324,8522,154,1731,1325,10253,California
Napa,2021-01-16,360,12266,136,5948,224,6318,0,0,342,8846,18,1749,342,10595,California
Napa,2021-01-17,341,12607,177,6125,164,6482,0,0,331,9167,10,1759,331,10926,California
Napa,2021-01-18,1081,13688,194,6319,887,7369,0,0,990,10066,91,1850,990,11916,California
Napa,2021-01-19,1016,14704,414,6733,602,7971,0,0,769,10589,246,2096,769,12685,California
Napa,2021-01-20,838,15542,191,6924,647,8618,0,0,648,11050,188,2284,649,13334,California
Napa,2021-01-21,1322,16864,360,7284,962,9580,0,0,1068,11866,253,2537,1069,14403,California
Napa,2021-01-22,1548,18412,414,7698,1134,10714,0,0,1220,12760,327,2864,1221,15624,California
Napa,2021-01-23,401,18813,319,8017,82,10796,0,0,338,13035,63,2927,338,15962,California
Napa,2021-01-24,266,19079,186,8203,80,10876,0,0,207,13183,59,2986,207,16169,California
Napa,2021-01-25,1530,20609,229,8432,1301,12177,0,0,1440,14533,90,3076,1440,17609,California
Napa,2021-01-26,875,21484,283,8715,592,12769,0,0,781,15221,94,3170,782,18391,California
Napa,2021-01-27,636,22120,222,8937,414,13183,0,0,472,15529,165,3335,473,18864,California
Napa,2021-01-28,397,22517,178,9115,219,13402,0,0,201,15536,194,3529,201,19065,California
Napa,2021-01-29,264,22781,64,9179,200,13602,0,0,168,15608,96,3625,168,19233,California
Napa,2021-01-30,828,23609,715,9894,113,13715,0,0,658,16096,170,3795,658,19891,California
Napa,2021-01-31,698,24307,666,10560,32,13747,0,0,674,16746,24,3819,674,20565,California
Napa,2021-02-01,326,24633,111,10671,215,13962,0,0,167,16754,159,3978,167,20732,California
Napa,2021-02-02,613,25246,281,10952,332,14294,0,0,299,16742,311,4289,299,21031,California
Napa,2021-02-03,742,25988,309,11261,433,14727,0,0,426,16853,315,4604,426,21457,California
Napa,2021-02-04,791,26779,371,11632,420,15147,0,0,440,16944,349,4953,440,21897,California
Napa,2021-02-05,717,27496,310,11942,407,15554,0,0,342,16912,375,5328,343,22240,California
Napa,2021-02-06,436,27932,143,12085,293,15847,0,0,328,17132,108,5436,328,22568,California
Napa,2021-02-07,174,28106,160,12245,14,15861,0,0,66,17090,108,5544,66,22634,California
Napa,2021-02-08,840,28946,193,12438,647,16508,0,0,272,16796,566,6110,272,22906,California
Napa,2021-02-09,1091,30037,449,12887,642,17150,0,0,441,16588,649,6759,441,23347,California
Napa,2021-02-10,1744,31781,193,13080,1551,18701,0,0,456,15764,1285,8044,461,23808,California
Napa,2021-02-11,1490,33271,185,13265,1305,20006,0,0,404,15096,1073,9117,405,24213,California
Napa,2021-02-12,2157,35428,837,14102,1320,21326,0,0,713,14375,1440,10557,719,24932,California
Napa,2021-02-13,513,35941,55,14157,458,21784,0,0,325,14512,188,10745,325,25257,California
Napa,2021-02-14,330,36271,66,14223,264,22048,0,0,169,14520,161,10906,169,25426,California
Napa,2021-02-15,887,37158,182,14405,705,22753,0,0,230,14095,655,11561,230,25656,California
Napa,2021-02-16,1290,38448,598,15003,692,23445,0,0,617,14042,671,12232,618,26274,California
Napa,2021-02-17,1040,39488,526,15529,514,23959,0,0,474,13953,564,12796,475,26749,California
Napa,2021-02-18,1892,41380,474,16003,1418,25377,0,0,650,13364,1239,14035,650,27399,California
Napa,2021-02-19,1495,42875,591,16594,904,26281,0,0,677,13225,816,14851,677,28076,California
Napa,2021-02-20,873,43748,639,17233,234,26515,0,0,281,12914,592,15443,281,28357,California
Napa,2021-02-21,898,44646,827,18060,71,26586,0,0,195,12406,703,16146,195,28552,California
Napa,2021-02-22,477,45123,198,18258,279,26865,0,0,146,12221,331,16477,146,28698,California
Napa,2021-02-23,1153,46276,307,18565,846,27711,0,0,327,11722,826,17303,327,29025,California
Napa,2021-02-24,1158,47434,628,19193,530,28241,0,0,562,11690,594,17897,562,29587,California
Napa,2021-02-25,2592,50026,1244,20437,1348,29589,0,0,1875,12849,716,18613,1875,31462,California
Napa,2021-02-26,1548,51574,544,20981,1004,30593,0,0,615,12533,931,19544,615,32077,California
Napa,2021-02-27,1162,52736,425,21406,737,31330,0,0,903,13179,257,19801,903,32980,California
Napa,2021-02-28,725,53461,605,22011,120,31450,0,0,613,13682,110,19911,613,33593,California
Napa,2021-03-01,1174,54635,878,22889,296,31746,0,0,897,14303,276,20187,897,34490,California
Napa,2021-03-02,1508,56143,1051,23940,457,32203,0,0,1165,15126,342,20529,1165,35655,California
Napa,2021-03-03,1558,57701,687,24627,871,33074,0,0,1375,16319,182,20711,1375,37030,California
Napa,2021-03-04,1728,59429,797,25424,931,34005,0,0,1485,17564,240,20951,1485,38515,California
Napa,2021-03-05,1912,61341,784,26208,1124,35129,4,4,1496,18651,413,21364,1500,40015,California
Napa,2021-03-06,661,62002,290,26498,340,35469,31,35,548,19119,111,21475,579,40594,California
Napa,2021-03-07,503,62505,294,26792,193,35662,16,51,381,19395,121,21596,397,40991,California
Napa,2021-03-08,712,63217,335,27127,324,35986,53,104,537,19812,173,21769,590,41581,California
Napa,2021-03-09,1697,64914,614,27741,1037,37023,46,150,1253,20671,440,22209,1299,42880,California
Napa,2021-03-10,1506,66420,925,28666,487,37510,94,244,803,20867,698,22907,894,43774,California
Napa,2021-03-11,1887,68307,1067,29733,687,38197,133,377,994,21100,893,23800,1126,44900,California
Napa,2021-03-12,1510,69817,927,30660,491,38688,92,469,809,21302,698,24498,900,45800,California
Napa,2021-03-13,1181,70998,309,30969,848,39536,24,493,832,21811,347,24845,856,46656,California
Napa,2021-03-14,619,71617,337,31306,132,39668,150,643,205,21752,413,25258,354,47010,California
Napa,2021-03-15,968,72585,413,31719,485,40153,70,713,482,21820,484,25742,552,47562,California
Napa,2021-03-16,1848,74433,388,32107,1333,41486,127,840,1376,22855,469,26211,1504,49066,California
Napa,2021-03-17,2491,76924,1828,33935,485,41971,178,1018,1592,23727,898,27109,1770,50836,California
Napa,2021-03-18,2139,79063,948,34883,1178,43149,13,1031,1283,24170,853,27962,1296,52132,California
Napa,2021-03-19,1449,80512,885,35768,540,43689,24,1055,696,24140,750,28712,720,52852,California
Napa,2021-03-20,1012,81524,534,36302,325,44014,153,1208,386,24055,624,29336,539,53391,California
Napa,2021-03-21,719,82243,697,36999,20,44034,2,1210,224,23787,494,29830,226,53617,California
Napa,2021-03-22,1299,83542,1121,38120,167,44201,11,1221,437,23378,857,30687,448,54065,California
Napa,2021-03-23,1898,85440,1207,39327,675,44876,16,1237,1006,23512,888,31575,1022,55087,California
Napa,2021-03-24,1699,87139,937,40264,753,45629,9,1246,811,23444,887,32462,819,55906,California
Napa,2021-03-25,1940,89079,1062,41326,824,46453,54,1300,770,23104,1164,33626,824,56730,California
Napa,2021-03-26,1318,90397,845,42171,468,46921,5,1305,590,22977,722,34348,595,57325,California
Napa,2021-03-27,929,91326,441,42612,461,47382,27,1332,300,22675,629,34977,327,57652,California
Napa,2021-03-28,489,91815,379,42991,103,47485,7,1339,179,22553,308,35285,186,57838,California
Napa,2021-03-29,1206,93021,878,43869,323,47808,5,1344,732,22817,473,35758,737,58575,California
Napa,2021-03-30,2809,95830,934,44803,1870,49678,5,1349,1980,23973,829,36587,1985,60560,California
Napa,2021-03-31,1987,97817,971,45774,947,50625,69,1418,809,23674,1175,37762,876,61436,California
Napa,2021-04-01,1759,99576,844,46618,799,51424,116,1534,485,23007,1267,39029,600,62036,California
Napa,2021-04-02,1883,101459,848,47466,893,52317,142,1676,481,22230,1399,40428,622,62658,California
Napa,2021-04-03,640,102099,371,47837,212,52529,57,1733,211,22069,428,40856,267,62925,California
Napa,2021-04-04,357,102456,145,47982,155,52684,57,1790,123,22016,233,41089,180,63105,California
Napa,2021-04-05,1274,103730,756,48738,298,52982,220,2010,569,22103,703,41792,790,63895,California
Napa,2021-04-06,2269,105999,563,49301,1444,54426,262,2272,528,21154,1738,43530,789,64684,California
Napa,2021-04-07,1760,107759,715,50016,823,55249,222,2494,537,20695,1216,44746,757,65441,California
Napa,2021-04-08,1863,109622,1067,51083,419,55668,377,2871,958,21130,899,45645,1334,66775,California
Napa,2021-04-09,1558,111180,935,52018,317,55985,306,3177,678,21235,878,46523,983,67758,California
Napa,2021-04-10,1038,112218,342,52360,594,56579,102,3279,237,20774,800,47323,339,68097,California
Napa,2021-04-11,384,112602,302,52662,60,56639,22,3301,159,20730,225,47548,181,68278,California
Napa,2021-04-12,793,113395,299,52961,369,57008,125,3426,292,20644,499,48047,413,68691,California
Napa,2021-04-13,2594,115989,870,53831,1724,58732,0,3426,945,19945,1644,49691,945,69636,California
Napa,2021-04-14,2143,118132,1009,54840,1134,59866,0,3426,1051,19912,1084,50775,1051,70687,California
Napa,2021-04-15,2059,120191,531,55371,1528,61394,0,3426,875,19609,1178,51953,875,71562,California
Napa,2021-04-16,3018,123209,1653,57024,1365,62759,0,3426,2292,21180,721,52674,2292,73854,California
Napa,2021-04-17,1162,124371,275,57299,887,63646,0,3426,856,21731,305,52979,856,74710,California
Napa,2021-04-18,270,124641,177,57476,93,63739,0,3426,120,21701,150,53129,120,74830,California
Napa,2021-04-19,616,125257,343,57819,273,64012,0,3426,269,21624,346,53475,269,75099,California
Napa,2021-04-20,3060,128317,2084,59903,976,64988,0,3426,2102,22774,956,54431,2106,77205,California
Napa,2021-04-21,2966,131283,2197,62100,769,65757,0,3426,1891,23598,1069,55500,1893,79098,California
Napa,2021-04-22,1776,133059,1250,63350,526,66283,0,3426,844,23515,927,56427,844,79942,California
Napa,2021-04-23,1644,134703,1260,64610,382,66665,2,3428,1162,24199,478,56905,1162,81104,California
Napa,2021-04-24,564,135267,316,64926,248,66913,0,3428,282,24202,279,57184,282,81386,California
Napa,2021-04-25,251,135518,192,65118,59,66972,0,3428,129,24210,121,57305,129,81515,California
Napa,2021-04-26,534,136052,281,65399,253,67225,0,3428,269,24219,260,57565,269,81784,California
Napa,2021-04-27,1778,137830,462,65861,1304,68529,12,3440,582,23621,1192,58757,594,82378,California
Napa,2021-04-28,1010,138840,464,66325,529,69058,17,3457,336,23302,672,59429,353,82731,California
Napa,2021-04-29,702,139542,349,66674,334,69392,19,3476,239,23105,454,59883,257,82988,California
Napa,2021-04-30,611,140153,308,66982,239,69631,64,3540,253,23064,357,60240,316,83304,California
Napa,2021-05-01,321,140474,265,67247,45,69676,11,3551,121,22996,200,60440,132,83436,California
Napa,2021-05-02,238,140712,194,67441,38,69714,6,3557,100,22965,137,60577,106,83542,California
Napa,2021-05-03,614,141326,491,67932,88,69802,35,3592,98,22587,512,61089,134,83676,California
Napa,2021-05-04,1132,142458,719,68651,302,70104,111,3703,302,22174,826,61915,413,84089,California
Napa,2021-05-05,1020,143478,687,69338,295,70399,38,3741,253,21701,764,62679,291,84380,California
Napa,2021-05-06,714,144192,315,69653,376,70775,23,3764,367,21754,338,63017,391,84771,California
Napa,2021-05-07,1566,145758,1342,70995,160,70935,64,3828,321,20916,1222,64239,384,85155,California
Napa,2021-05-08,252,146010,161,71156,80,71015,11,3839,87,20850,164,64403,98,85253,California
Napa,2021-05-09,109,146119,78,71234,31,71046,0,3839,52,20845,57,64460,52,85305,California
Napa,2021-05-10,415,146534,142,71376,254,71300,19,3858,102,20654,312,64772,121,85426,California
Napa,2021-05-11,2197,148731,1810,73186,362,71662,25,3883,372,19232,1819,66591,397,85823,California
Napa,2021-05-12,2215,150946,1390,74576,769,72431,56,3939,303,17684,1907,68498,359,86182,California
Napa,2021-05-13,1891,152837,1196,75772,654,73085,41,3980,819,17480,1065,69563,861,87043,California
Napa,2021-05-14,1925,154762,1156,76928,684,73769,85,4065,505,16658,1413,70976,591,87634,California
Napa,2021-05-15,1066,155828,358,77286,696,74465,12,4077,260,16128,803,71779,273,87907,California
Napa,2021-05-16,242,156070,162,77448,78,74543,2,4079,69,16026,173,71952,71,87978,California
Napa,2021-05-17,883,156953,351,77799,502,75045,30,4109,303,15842,518,72470,334,88312,California
Napa,2021-05-18,1052,158005,550,78349,445,75490,57,4166,505,15862,542,73012,562,88874,California
Napa,2021-05-19,940,158945,561,78910,349,75839,30,4196,510,15974,427,73439,539,89413,California
Napa,2021-05-20,641,159586,430,79340,180,76019,31,4227,389,16143,251,73690,420,89833,California
Napa,2021-05-21,507,160093,270,79610,205,76224,32,4259,215,16099,291,73981,247,90080,California
Napa,2021-05-22,460,160553,274,79884,177,76401,9,4268,191,16031,269,74250,201,90281,California
Napa,2021-05-23,394,160947,348,80232,35,76436,11,4279,295,16238,99,74349,306,90587,California
Napa,2021-05-24,359,161306,179,80411,160,76596,20,4299,149,16198,209,74558,169,90756,California
Napa,2021-05-25,417,161723,173,80584,173,76769,71,4370,144,16140,272,74830,214,90970,California
Napa,2021-05-26,546,162269,356,80940,164,76933,26,4396,319,16261,224,75054,345,91315,California
Napa,2021-05-27,375,162644,167,81107,180,77113,28,4424,146,16206,229,75283,174,91489,California
Napa,2021-05-28,395,163039,206,81313,165,77278,24,4448,163,16163,228,75511,185,91674,California
Napa,2021-05-29,129,163168,79,81392,46,77324,4,4452,74,16187,54,75565,78,91752,California
Napa,2021-05-30,99,163267,62,81454,32,77356,5,4457,32,16159,65,75630,37,91789,California
Napa,2021-05-31,42,163309,16,81470,19,77375,7,4464,9,16142,33,75663,16,91805,California
Napa,2021-06-01,595,163904,306,81776,265,77640,24,4488,265,16106,324,75987,288,92093,California
Napa,2021-06-02,415,164319,246,82022,147,77787,22,4510,202,16119,211,76198,224,92317,California
Napa,2021-06-03,738,165057,449,82471,264,78051,25,4535,177,15761,558,76756,200,92517,California
Napa,2021-06-04,782,165839,604,83075,140,78191,38,4573,171,15361,609,77365,209,92726,California
Napa,2021-06-05,310,166149,251,83326,47,78238,12,4585,79,15223,229,77594,91,92817,California
Napa,2021-06-06,145,166294,126,83452,18,78256,1,4586,49,15178,95,77689,50,92867,California
Napa,2021-06-07,399,166693,293,83745,78,78334,28,4614,96,14999,303,77992,124,92991,California
Napa,2021-06-08,616,167309,488,84233,111,78445,17,4631,270,14943,343,78335,287,93278,California
Napa,2021-06-09,554,167863,452,84685,87,78532,15,4646,93,14592,459,78794,108,93386,California
Napa,2021-06-10,509,168372,417,85102,62,78594,30,4676,109,14331,400,79194,139,93525,California
Napa,2021-06-11,409,168781,270,85372,117,78711,22,4698,120,14185,288,79482,142,93667,California
Napa,2021-06-12,204,168985,172,85544,27,78738,5,4703,42,14071,161,79643,47,93714,California
Napa,2021-06-13,281,169266,268,85812,8,78746,5,4708,24,13843,257,79900,29,93743,California
Napa,2021-06-14,464,169730,330,86142,108,78854,26,4734,92,13590,368,80268,115,93858,California
Napa,2021-06-15,373,170103,275,86417,85,78939,13,4747,186,13604,185,80453,199,94057,California
Napa,2021-06-16,252,170355,164,86581,75,79014,13,4760,81,13531,167,80620,94,94151,California
Napa,2021-06-17,394,170749,322,86903,64,79078,8,4768,71,13287,323,80943,79,94230,California
Napa,2021-06-18,237,170986,155,87058,72,79150,10,4778,78,13217,158,81101,88,94318,California
Napa,2021-06-19,108,171094,75,87133,23,79173,10,4788,45,13211,61,81162,55,94373,California
Napa,2021-06-20,55,171149,43,87176,9,79182,3,4791,20,13199,35,81197,23,94396,California
Napa,2021-06-21,154,171303,74,87250,63,79245,17,4808,75,13212,79,81276,92,94488,California
Napa,2021-06-22,233,171536,183,87433,42,79287,8,4816,49,13086,183,81459,57,94545,California
Nevada,2020-12-16,2,2,2,2,0,0,0,0,2,2,0,0,2,2,California
Nevada,2020-12-17,6,8,6,8,0,0,0,0,6,8,0,0,6,8,California
Nevada,2020-12-18,58,66,58,66,0,0,0,0,58,66,0,0,58,66,California
Nevada,2020-12-19,54,120,54,120,0,0,0,0,54,120,0,0,54,120,California
Nevada,2020-12-20,16,136,16,136,0,0,0,0,16,136,0,0,16,136,California
Nevada,2020-12-21,68,204,68,204,0,0,0,0,68,204,0,0,68,204,California
Nevada,2020-12-22,94,298,92,296,2,2,0,0,94,298,0,0,94,298,California
Nevada,2020-12-23,246,544,213,509,33,35,0,0,246,544,0,0,246,544,California
Nevada,2020-12-24,15,559,12,521,3,38,0,0,15,559,0,0,15,559,California
Nevada,2020-12-25,3,562,3,524,0,38,0,0,3,562,0,0,3,562,California
Nevada,2020-12-26,7,569,5,529,2,40,0,0,7,569,0,0,7,569,California
Nevada,2020-12-27,92,661,91,620,1,41,0,0,92,661,0,0,92,661,California
Nevada,2020-12-28,172,833,92,712,80,121,0,0,172,833,0,0,172,833,California
Nevada,2020-12-29,102,935,71,783,31,152,0,0,102,935,0,0,102,935,California
Nevada,2020-12-30,87,1022,65,848,22,174,0,0,87,1022,0,0,87,1022,California
Nevada,2020-12-31,44,1066,9,857,35,209,0,0,44,1066,0,0,44,1066,California
Nevada,2021-01-01,2,1068,0,857,2,211,0,0,2,1068,0,0,2,1068,California
Nevada,2021-01-02,2,1070,1,858,1,212,0,0,2,1070,0,0,2,1070,California
Nevada,2021-01-03,132,1202,127,985,5,217,0,0,132,1202,0,0,132,1202,California
Nevada,2021-01-04,73,1275,42,1027,31,248,0,0,73,1275,0,0,73,1275,California
Nevada,2021-01-05,285,1560,131,1158,154,402,0,0,284,1558,1,1,284,1559,California
Nevada,2021-01-06,93,1653,42,1200,51,453,0,0,86,1637,7,8,86,1645,California
Nevada,2021-01-07,223,1876,44,1244,179,632,0,0,214,1844,8,16,215,1860,California
Nevada,2021-01-08,235,2111,131,1375,104,736,0,0,176,1962,59,75,177,2037,California
Nevada,2021-01-09,62,2173,55,1430,7,743,0,0,14,1928,48,123,14,2051,California
Nevada,2021-01-10,22,2195,11,1441,11,754,0,0,12,1930,10,133,12,2063,California
Nevada,2021-01-11,197,2392,135,1576,62,816,0,0,67,1867,130,263,67,2130,California
Nevada,2021-01-12,605,2997,457,2033,148,964,0,0,535,2332,70,333,535,2665,California
Nevada,2021-01-13,275,3272,155,2188,120,1084,0,0,134,2325,141,474,134,2799,California
Nevada,2021-01-14,249,3521,126,2314,123,1207,0,0,231,2539,17,491,231,3030,California
Nevada,2021-01-15,413,3934,172,2486,241,1448,0,0,310,2746,103,594,310,3340,California
Nevada,2021-01-16,337,4271,19,2505,318,1766,0,0,331,3071,6,600,331,3671,California
Nevada,2021-01-17,45,4316,40,2545,5,1771,0,0,42,3110,3,603,42,3713,California
Nevada,2021-01-18,162,4478,48,2593,114,1885,0,0,149,3246,13,616,149,3862,California
Nevada,2021-01-19,264,4742,99,2692,165,2050,0,0,241,3464,23,639,241,4103,California
Nevada,2021-01-20,282,5024,166,2858,116,2166,0,0,267,3716,15,654,267,4370,California
Nevada,2021-01-21,350,5374,206,3064,144,2310,0,0,336,4038,14,668,336,4706,California
Nevada,2021-01-22,386,5760,235,3299,151,2461,0,0,353,4358,33,701,353,5059,California
Nevada,2021-01-23,192,5952,108,3407,84,2545,0,0,192,4550,0,701,192,5251,California
Nevada,2021-01-24,119,6071,107,3514,12,2557,0,0,79,4589,40,741,79,5330,California
Nevada,2021-01-25,263,6334,127,3641,136,2693,0,0,198,4722,65,806,198,5528,California
Nevada,2021-01-26,430,6764,152,3793,278,2971,0,0,322,4936,108,914,322,5850,California
Nevada,2021-01-27,452,7216,269,4062,183,3154,0,0,424,5332,28,942,424,6274,California
Nevada,2021-01-28,497,7713,336,4398,161,3315,0,0,446,5728,50,992,446,6720,California
Nevada,2021-01-29,631,8344,404,4802,227,3542,0,0,603,6305,27,1019,604,7324,California
Nevada,2021-01-30,267,8611,129,4931,138,3680,0,0,264,6566,3,1022,264,7588,California
Nevada,2021-01-31,114,8725,95,5026,19,3699,0,0,110,6674,3,1025,111,7699,California
Nevada,2021-02-01,294,9019,76,5102,218,3917,0,0,277,6934,17,1042,277,7976,California
Nevada,2021-02-02,550,9569,198,5300,352,4269,0,0,340,7064,210,1252,340,8316,California
Nevada,2021-02-03,826,10395,563,5863,263,4532,0,0,767,7773,58,1310,767,9083,California
Nevada,2021-02-04,783,11178,402,6265,381,4913,0,0,527,8045,255,1565,527,9610,California
Nevada,2021-02-05,710,11888,392,6657,318,5231,0,0,509,8356,199,1764,510,10120,California
Nevada,2021-02-06,293,12181,100,6757,193,5424,0,0,262,8587,31,1795,262,10382,California
Nevada,2021-02-07,319,12500,254,7011,65,5489,0,0,257,8782,62,1857,257,10639,California
Nevada,2021-02-08,705,13205,425,7436,280,5769,0,0,593,9263,112,1969,593,11232,California
Nevada,2021-02-09,646,13851,370,7806,276,6045,0,0,499,9615,147,2116,499,11731,California
Nevada,2021-02-10,685,14536,344,8150,341,6386,0,0,454,9839,231,2347,455,12186,California
Nevada,2021-02-11,937,15473,536,8686,401,6787,0,0,590,10084,346,2693,591,12777,California
Nevada,2021-02-12,1004,16477,462,9148,542,7329,0,0,671,10426,329,3022,671,13448,California
Nevada,2021-02-13,681,17158,272,9420,409,7738,0,0,425,10600,252,3274,426,13874,California
Nevada,2021-02-14,254,17412,138,9558,116,7854,0,0,215,10776,39,3313,215,14089,California
Nevada,2021-02-15,748,18160,455,10013,293,8147,0,0,576,11180,172,3485,576,14665,California
Nevada,2021-02-16,679,18839,236,10249,443,8590,0,0,499,11500,179,3664,499,15164,California
Nevada,2021-02-17,1236,20075,800,11049,436,9026,0,0,890,12044,346,4010,890,16054,California
Nevada,2021-02-18,1046,21121,579,11628,467,9493,0,0,621,12243,422,4432,621,16675,California
Nevada,2021-02-19,1046,22167,659,12287,387,9880,0,0,669,12538,375,4807,670,17345,California
Nevada,2021-02-20,331,22498,128,12415,203,10083,0,0,181,12570,149,4956,181,17526,California
Nevada,2021-02-21,107,22605,96,12511,11,10094,0,0,9,12484,95,5051,9,17535,California
Nevada,2021-02-22,513,23118,344,12855,169,10263,0,0,361,12694,151,5202,361,17896,California
Nevada,2021-02-23,522,23640,251,13106,271,10534,0,0,225,12626,294,5496,226,18122,California
Nevada,2021-02-24,504,24144,258,13364,246,10780,0,0,257,12642,245,5741,261,18383,California
Nevada,2021-02-25,899,25043,495,13859,404,11184,0,0,442,12629,455,6196,442,18825,California
Nevada,2021-02-26,1299,26342,897,14756,402,11586,0,0,455,12243,841,7037,455,19280,California
Nevada,2021-02-27,413,26755,129,14885,284,11870,0,0,216,12262,197,7234,216,19496,California
Nevada,2021-02-28,352,27107,217,15102,135,12005,0,0,146,12203,205,7439,146,19642,California
Nevada,2021-03-01,871,27978,459,15561,412,12417,0,0,389,12113,479,7918,389,20031,California
Nevada,2021-03-02,779,28757,317,15878,462,12879,0,0,528,12395,246,8164,528,20559,California
Nevada,2021-03-03,1032,29789,526,16404,505,13384,1,1,536,12440,493,8657,538,21097,California
Nevada,2021-03-04,1156,30945,641,17045,515,13899,0,1,483,12254,669,9326,483,21580,California
Nevada,2021-03-05,912,31857,517,17562,385,14284,10,11,404,12162,506,9832,414,21994,California
Nevada,2021-03-06,387,32244,135,17697,225,14509,27,38,152,12105,235,10067,178,22172,California
Nevada,2021-03-07,227,32471,118,17815,89,14598,20,58,73,12044,154,10221,93,22265,California
Nevada,2021-03-08,871,33342,578,18393,245,14843,48,106,386,11995,484,10705,435,22700,California
Nevada,2021-03-09,833,34175,426,18819,351,15194,56,162,468,12156,362,11067,523,23223,California
Nevada,2021-03-10,1042,35217,671,19490,313,15507,58,220,347,11871,689,11756,404,23627,California
Nevada,2021-03-11,1149,36366,742,20232,379,15886,28,248,553,11864,588,12344,581,24208,California
Nevada,2021-03-12,1246,37612,738,20970,475,16361,33,281,507,11668,735,13079,539,24747,California
Nevada,2021-03-13,311,37923,62,21032,243,16604,6,287,119,11601,190,13269,123,24870,California
Nevada,2021-03-14,165,38088,27,21059,132,16736,6,293,37,11516,128,13397,43,24913,California
Nevada,2021-03-15,883,38971,476,21535,395,17131,12,305,366,11381,513,13910,378,25291,California
Nevada,2021-03-16,1012,39983,469,22004,480,17611,63,368,647,11727,363,14273,709,26000,California
Nevada,2021-03-17,1030,41013,453,22457,567,18178,10,378,581,11873,446,14719,592,26592,California
Nevada,2021-03-18,1009,42022,548,23005,439,18617,22,400,488,11866,517,15236,510,27102,California
Nevada,2021-03-19,772,42794,454,23459,281,18898,37,437,373,11881,395,15631,410,27512,California
Nevada,2021-03-20,842,43636,96,23555,305,19203,441,878,231,11945,604,16235,668,28180,California
Nevada,2021-03-21,68,43704,35,23590,32,19235,1,879,47,11973,20,16255,48,28228,California
Nevada,2021-03-22,829,44533,534,24124,291,19526,4,883,549,12249,277,16532,553,28781,California
Nevada,2021-03-23,869,45402,403,24527,439,19965,27,910,625,12660,241,16773,652,29433,California
Nevada,2021-03-24,1039,46441,563,25090,469,20434,7,917,648,12931,383,17156,654,30087,California
Nevada,2021-03-25,931,47372,483,25573,421,20855,27,944,506,13040,423,17579,532,30619,California
Nevada,2021-03-26,1205,48577,473,26046,691,21546,41,985,842,13561,361,17940,882,31501,California
Nevada,2021-03-27,600,49177,73,26119,511,22057,16,1001,394,13766,205,18145,410,31911,California
Nevada,2021-03-28,201,49378,52,26171,136,22193,13,1014,41,13663,157,18302,54,31965,California
Nevada,2021-03-29,867,50245,520,26691,326,22519,21,1035,390,13599,474,18776,410,32375,California
Nevada,2021-03-30,1081,51326,486,27177,561,23080,34,1069,497,13554,576,19352,531,32906,California
Nevada,2021-03-31,1212,52538,672,27849,523,23603,17,1086,689,13745,514,19866,705,33611,California
Nevada,2021-04-01,1277,53815,738,28587,487,24090,52,1138,574,13676,694,20560,625,34236,California
Nevada,2021-04-02,1327,55142,666,29253,627,24717,34,1172,796,13980,526,21086,830,35066,California
Nevada,2021-04-03,306,55448,94,29347,177,24894,35,1207,90,13890,215,21301,125,35191,California
Nevada,2021-04-04,140,55588,46,29393,87,24981,7,1214,81,13919,59,21360,88,35279,California
Nevada,2021-04-05,966,56554,639,30032,305,25286,22,1236,633,14245,328,21688,654,35933,California
Nevada,2021-04-06,1099,57653,680,30712,273,25559,146,1382,455,14207,638,22326,600,36533,California
Nevada,2021-04-07,1177,58830,833,31545,255,25814,89,1471,636,14397,534,22860,724,37257,California
Nevada,2021-04-08,1320,60150,908,32453,321,26135,91,1562,723,14619,592,23452,814,38071,California
Nevada,2021-04-09,1287,61437,872,33325,340,26475,75,1637,856,15120,429,23881,930,39001,California
Nevada,2021-04-10,289,61726,85,33410,129,26604,75,1712,117,15142,171,24052,193,39194,California
Nevada,2021-04-11,107,61833,37,33447,64,26668,6,1718,40,15121,67,24119,46,39240,California
Nevada,2021-04-12,784,62617,561,34008,205,26873,18,1736,342,15044,437,24556,360,39600,California
Nevada,2021-04-13,908,63525,374,34382,534,27407,0,1736,470,15080,434,24990,470,40070,California
Nevada,2021-04-14,1084,64609,602,34984,482,27889,0,1736,543,15089,534,25524,543,40613,California
Nevada,2021-04-15,1112,65721,722,35706,390,28279,0,1736,632,15253,468,25992,632,41245,California
Nevada,2021-04-16,924,66645,712,36418,212,28491,0,1736,533,15397,389,26381,533,41778,California
Nevada,2021-04-17,200,66845,55,36473,145,28636,0,1736,84,15367,114,26495,84,41862,California
Nevada,2021-04-18,193,67038,21,36494,172,28808,0,1736,105,15384,88,26583,105,41967,California
Nevada,2021-04-19,796,67834,510,37004,286,29094,0,1736,327,15252,459,27042,327,42294,California
Nevada,2021-04-20,812,68646,321,37325,491,29585,0,1736,319,15085,486,27528,319,42613,California
Nevada,2021-04-21,933,69579,517,37842,416,30001,0,1736,291,14744,633,28161,292,42905,California
Nevada,2021-04-22,1013,70592,629,38471,384,30385,0,1736,343,14430,658,28819,344,43249,California
Nevada,2021-04-23,1238,71830,562,39033,676,31061,0,1736,403,14010,823,29642,403,43652,California
Nevada,2021-04-24,527,72357,76,39109,451,31512,0,1736,174,13833,351,29993,174,43826,California
Nevada,2021-04-25,126,72483,64,39173,57,31569,5,1741,58,13829,66,30059,62,43888,California
Nevada,2021-04-26,775,73258,590,39763,176,31745,9,1750,223,13519,542,30601,232,44120,California
Nevada,2021-04-27,842,74100,395,40158,442,32187,5,1755,423,13536,411,31012,428,44548,California
Nevada,2021-04-28,1007,75107,595,40753,407,32594,5,1760,387,13313,615,31627,392,44940,California
Nevada,2021-04-29,1039,76146,720,41473,315,32909,4,1764,298,12877,738,32365,302,45242,California
Nevada,2021-04-30,1276,77422,751,42224,515,33424,10,1774,219,12051,1055,33420,229,45471,California
Nevada,2021-05-01,155,77577,67,42291,85,33509,3,1777,69,12039,84,33504,72,45543,California
Nevada,2021-05-02,66,77643,33,42324,29,33538,4,1781,23,12023,43,33547,27,45570,California
Nevada,2021-05-03,629,78272,423,42747,188,33726,18,1799,189,11793,436,33983,206,45776,California
Nevada,2021-05-04,596,78868,177,42924,400,34126,19,1818,333,11886,259,34242,352,46128,California
Nevada,2021-05-05,755,79623,393,43317,347,34473,15,1833,325,11805,421,34663,340,46468,California
Nevada,2021-05-06,822,80445,569,43886,242,34715,11,1844,208,11419,605,35268,219,46687,California
Nevada,2021-05-07,893,81338,493,44379,364,35079,36,1880,196,10959,692,35960,232,46919,California
Nevada,2021-05-08,175,81513,22,44401,134,35213,19,1899,79,10962,95,36055,98,47017,California
Nevada,2021-05-09,43,81556,7,44408,34,35247,2,1901,19,10959,24,36079,21,47038,California
Nevada,2021-05-10,411,81967,263,44671,123,35370,25,1926,78,10730,332,36411,103,47141,California
Nevada,2021-05-11,512,82479,158,44829,336,35706,18,1944,132,10508,372,36783,150,47291,California
Nevada,2021-05-12,539,83018,245,45074,283,35989,11,1955,151,10290,380,37163,162,47453,California
Nevada,2021-05-13,855,83873,561,45635,284,36273,10,1965,437,10327,410,37573,447,47900,California
Nevada,2021-05-14,784,84657,584,46219,183,36456,17,1982,427,10418,353,37926,444,48344,California
Nevada,2021-05-15,185,84842,90,46309,89,36545,6,1988,88,10416,96,38022,94,48438,California
Nevada,2021-05-16,160,85002,52,46361,108,36653,0,1988,54,10364,106,38128,54,48492,California
Nevada,2021-05-17,504,85506,325,46686,147,36800,32,2020,214,10331,279,38407,246,48738,California
Nevada,2021-05-18,427,85933,256,46942,166,36966,5,2025,221,10353,204,38611,226,48964,California
Nevada,2021-05-19,501,86434,356,47298,140,37106,5,2030,255,10376,237,38848,260,49224,California
Nevada,2021-05-20,621,87055,362,47660,246,37352,13,2043,215,10203,401,39249,228,49452,California
Nevada,2021-05-21,521,87576,339,47999,171,37523,11,2054,226,10148,292,39541,237,49689,California
Nevada,2021-05-22,252,87828,39,48038,123,37646,90,2144,56,10098,196,39737,146,49835,California
Nevada,2021-05-23,51,87879,16,48054,35,37681,0,2144,16,10080,34,39771,16,49851,California
Nevada,2021-05-24,319,88198,223,48277,80,37761,16,2160,106,9992,210,39981,122,49973,California
Nevada,2021-05-25,349,88547,84,48361,251,38012,14,2174,87,9836,257,40238,101,50074,California
Nevada,2021-05-26,443,88990,193,48554,240,38252,10,2184,129,9668,307,40545,139,50213,California
Nevada,2021-05-27,445,89435,236,48790,187,38439,22,2206,185,9620,255,40800,207,50420,California
Nevada,2021-05-28,352,89787,218,49008,119,38558,15,2221,198,9682,151,40951,213,50633,California
Nevada,2021-05-29,68,89855,13,49021,55,38613,0,2221,40,9694,28,40979,40,50673,California
Nevada,2021-05-30,42,89897,19,49040,21,38634,2,2223,28,9710,14,40993,30,50703,California
Nevada,2021-05-31,6,89903,4,49044,0,38634,2,2225,2,9710,4,40997,4,50707,California
Nevada,2021-06-01,417,90320,127,49171,271,38905,19,2244,99,9519,309,41306,118,50825,California
Nevada,2021-06-02,404,90724,165,49336,232,39137,7,2251,105,9339,292,41598,112,50937,California
Nevada,2021-06-03,566,91290,405,49741,156,39293,5,2256,99,8981,462,42060,104,51041,California
Nevada,2021-06-04,537,91827,433,50174,100,39393,4,2260,108,8668,425,42485,112,51153,California
Nevada,2021-06-05,169,91996,68,50242,99,39492,2,2262,64,8630,104,42589,66,51219,California
Nevada,2021-06-06,56,92052,41,50283,15,39507,0,2262,15,8604,41,42630,15,51234,California
Nevada,2021-06-07,268,92320,193,50476,44,39551,31,2293,60,8492,203,42833,91,51325,California
Nevada,2021-06-08,284,92604,186,50662,86,39637,12,2305,64,8357,211,43044,76,51401,California
Nevada,2021-06-09,322,92926,215,50877,100,39737,7,2312,81,8209,236,43280,88,51489,California
Nevada,2021-06-10,280,93206,178,51055,93,39830,9,2321,74,8093,198,43478,82,51571,California
Nevada,2021-06-11,328,93534,235,51290,74,39904,19,2340,78,7942,247,43725,96,51667,California
Nevada,2021-06-12,92,93626,53,51343,34,39938,5,2345,27,7909,65,43790,32,51699,California
Nevada,2021-06-13,31,93657,16,51359,14,39952,1,2346,6,7891,25,43815,7,51706,California
Nevada,2021-06-14,192,93849,136,51495,45,39997,11,2357,51,7819,134,43949,62,51768,California
Nevada,2021-06-15,164,94013,92,51587,64,40061,8,2365,65,7796,96,44045,73,51841,California
Nevada,2021-06-16,239,94252,134,51721,97,40158,8,2373,77,7726,155,44200,85,51926,California
Nevada,2021-06-17,221,94473,134,51855,75,40233,12,2385,40,7598,180,44380,52,51978,California
Nevada,2021-06-18,221,94694,152,52007,51,40284,18,2403,69,7535,150,44530,87,52065,California
Nevada,2021-06-19,69,94763,32,52039,31,40315,6,2409,28,7528,41,44571,34,52099,California
Nevada,2021-06-20,28,94791,20,52059,7,40322,1,2410,8,7518,19,44590,9,52108,California
Nevada,2021-06-21,107,94898,51,52110,51,40373,5,2415,54,7530,47,44637,59,52167,California
Nevada,2021-06-22,101,94999,53,52163,36,40409,12,2427,36,7519,59,44696,48,52215,California
Orange,2020-12-15,16,16,16,16,0,0,0,0,16,16,0,0,16,16,California
Orange,2020-12-16,393,409,393,409,0,0,0,0,393,409,0,0,393,409,California
Orange,2020-12-17,3756,4165,3756,4165,0,0,0,0,3755,4164,0,0,3755,4164,California
Orange,2020-12-18,5092,9257,5084,9249,8,8,0,0,5090,9253,1,1,5090,9254,California
Orange,2020-12-19,2240,11497,2233,11482,7,15,0,0,2239,11492,0,1,2239,11493,California
Orange,2020-12-20,1994,13491,1991,13473,3,18,0,0,1995,13487,0,1,1995,13488,California
Orange,2020-12-21,4272,17763,4266,17739,6,24,0,0,4272,17759,0,1,4272,17760,California
Orange,2020-12-22,3984,21747,3949,21688,35,59,0,0,3984,21743,0,1,3984,21744,California
Orange,2020-12-23,3593,25340,3229,24917,364,423,0,0,3594,25337,0,1,3594,25338,California
Orange,2020-12-24,1378,26718,1081,25998,297,720,0,0,1378,26715,0,1,1378,26716,California
Orange,2020-12-25,21,26739,16,26014,5,725,0,0,21,26736,0,1,21,26737,California
Orange,2020-12-26,991,27730,419,26433,572,1297,0,0,991,27727,0,1,991,27728,California
Orange,2020-12-27,584,28314,276,26709,308,1605,0,0,584,28311,0,1,584,28312,California
Orange,2020-12-28,3614,31928,2630,29339,984,2589,0,0,3614,31925,0,1,3614,31926,California
Orange,2020-12-29,3523,35451,2506,31845,1017,3606,0,0,3522,35446,1,2,3522,35448,California
Orange,2020-12-30,5124,40575,3537,35382,1587,5193,0,0,5124,40570,0,2,5124,40572,California
Orange,2020-12-31,1526,42101,817,36199,709,5902,0,0,1523,42090,3,5,1523,42095,California
Orange,2021-01-01,687,42788,377,36576,310,6212,0,0,685,42773,2,7,685,42780,California
Orange,2021-01-02,1365,44153,843,37419,522,6734,0,0,1364,44137,0,7,1364,44144,California
Orange,2021-01-03,588,44741,326,37745,262,6996,0,0,588,44725,0,7,588,44732,California
Orange,2021-01-04,2769,47510,1572,39317,1197,8193,0,0,2770,47494,1,8,2770,47502,California
Orange,2021-01-05,3542,51052,2307,41624,1235,9428,0,0,3128,50214,411,419,3131,50633,California
Orange,2021-01-06,5034,56086,3473,45097,1561,10989,0,0,3662,52516,1360,1779,3662,54295,California
Orange,2021-01-07,9334,65420,5206,50303,4128,15117,0,0,5727,54657,3592,5371,5733,60028,California
Orange,2021-01-08,9437,74857,5271,55574,4166,19283,0,0,5665,56565,3760,9131,5668,65696,California
Orange,2021-01-09,5043,79900,1751,57325,3292,22575,0,0,3758,59038,1285,10416,3758,69454,California
Orange,2021-01-10,4260,84160,1043,58368,3217,25792,0,0,3381,61545,878,11294,3385,72839,California
Orange,2021-01-11,9490,93650,4920,63288,4570,30362,0,0,5861,63778,3631,14925,5864,78703,California
Orange,2021-01-12,9005,102655,4842,68130,4163,34525,0,0,5524,65825,3479,18404,5526,84229,California
Orange,2021-01-13,10330,112985,4936,73066,5394,39919,0,0,7115,69735,3212,21616,7122,91351,California
Orange,2021-01-14,10093,123078,3802,76868,6291,46210,0,0,8495,76640,1596,23212,8501,99852,California
Orange,2021-01-15,10308,133386,2674,79542,7634,53844,0,0,9424,85179,891,24103,9430,109282,California
Orange,2021-01-16,8809,142195,2104,81646,6705,60549,0,0,8412,93201,395,24498,8417,117699,California
Orange,2021-01-17,8266,150461,1519,83165,6747,67296,0,0,8113,101171,153,24651,8123,125822,California
Orange,2021-01-18,9778,160239,4438,87603,5340,72636,0,0,7515,106427,2262,26913,7518,133340,California
Orange,2021-01-19,7593,167832,5476,93079,2117,74753,0,0,4946,108729,2646,29559,4948,138288,California
Orange,2021-01-20,8491,176323,5934,99013,2557,77310,0,0,5429,111106,3060,32619,5437,143725,California
Orange,2021-01-21,11165,187488,4943,103956,6222,83532,0,0,10330,120616,831,33450,10341,154066,California
Orange,2021-01-22,13891,201379,5178,109134,8713,92245,0,0,13013,132767,870,34320,13021,167087,California
Orange,2021-01-23,13311,214690,6233,115367,7078,99323,0,0,12370,144208,939,35259,12380,179467,California
Orange,2021-01-24,9980,224670,4318,119685,5662,104985,0,0,9628,153491,349,35608,9632,189099,California
Orange,2021-01-25,10477,235147,5862,125547,4615,109600,0,0,7742,158512,2726,38334,7747,196846,California
Orange,2021-01-26,11954,247101,7691,133238,4263,113863,0,0,9777,166120,2172,40506,9780,206626,California
Orange,2021-01-27,13639,260740,8027,141265,5612,119475,0,0,10886,174271,2741,43247,10892,217518,California
Orange,2021-01-28,13253,273993,7251,148516,6002,125477,0,0,11335,183713,1902,45149,11344,228862,California
Orange,2021-01-29,13842,287835,8509,157025,5333,130810,0,0,10905,191704,2918,48067,10909,239771,California
Orange,2021-01-30,13237,301072,4531,161556,8706,139516,0,0,12447,203382,773,48840,12451,252222,California
Orange,2021-01-31,13881,314953,4939,166495,8942,148458,0,0,13415,216345,460,49300,13423,265645,California
Orange,2021-02-01,15051,330004,6553,173048,8498,156956,0,0,12545,226424,2479,51779,12558,278203,California
Orange,2021-02-02,15241,345245,8031,181079,7210,164166,0,0,12753,236732,2452,54231,12760,290963,California
Orange,2021-02-03,16821,362066,12502,193581,4319,168485,0,0,13836,247673,2903,57134,13844,304807,California
Orange,2021-02-04,20104,382170,13107,206688,6997,175482,0,0,14980,257573,5090,62224,14990,319797,California
Orange,2021-02-05,20994,403164,12106,218794,8888,184370,0,0,14622,265881,6326,68550,14634,334431,California
Orange,2021-02-06,16553,419717,10899,229693,5654,190024,0,0,11259,272083,5279,73829,11481,345912,California
Orange,2021-02-07,11667,431384,8173,237866,3494,193518,0,0,7660,275925,3990,77819,7832,353744,California
Orange,2021-02-08,15234,446618,8755,246621,6479,199997,0,0,9138,279015,6067,83886,9157,362901,California
Orange,2021-02-09,17923,464541,12159,258780,5764,205761,0,0,10828,282838,7021,90907,10844,373745,California
Orange,2021-02-10,21104,485645,11255,270035,9849,215610,0,0,12830,287518,8179,99086,12859,386604,California
Orange,2021-02-11,22392,508037,11637,281672,10755,226365,0,0,12538,290370,9718,108804,12570,399174,California
Orange,2021-02-12,25114,533151,12102,293774,13012,239377,0,0,14760,294872,10286,119090,14788,413962,California
Orange,2021-02-13,22096,555247,11937,305711,10159,249536,0,0,11168,295931,10769,129859,11828,425790,California
Orange,2021-02-14,16317,571564,6629,312340,9688,259224,0,0,9641,298957,6646,136505,9672,435462,California
Orange,2021-02-15,17391,588955,7475,319815,9916,269140,0,0,9000,299633,8346,144851,9022,444484,California
Orange,2021-02-16,20103,609058,9051,328866,11052,280192,0,0,10835,301294,9214,154065,10875,455359,California
Orange,2021-02-17,18130,627188,9468,338334,8662,288854,0,0,9295,301881,8777,162842,9364,464723,California
Orange,2021-02-18,15151,642339,9929,348263,5222,294076,0,0,6848,300516,8246,171088,6881,471604,California
Orange,2021-02-19,18327,660666,10954,359217,7373,301449,0,0,6957,296186,11313,182401,6983,478587,California
Orange,2021-02-20,7623,668289,5680,364897,1943,303392,0,0,3825,296269,3771,186172,3854,482441,California
Orange,2021-02-21,4645,672934,3949,368846,696,304088,0,0,963,293602,3638,189810,971,483412,California
Orange,2021-02-22,9825,682759,8001,376847,1824,305912,0,0,3975,291789,5814,195624,4001,487413,California
Orange,2021-02-23,13607,696366,7464,384311,6143,312055,0,0,3603,285503,9932,205556,3646,491059,California
Orange,2021-02-24,21417,717783,12955,397266,8462,320517,0,0,5443,275110,15905,221461,5512,496571,California
Orange,2021-02-25,23050,740833,12452,409718,10598,331115,0,0,8098,268386,14875,236336,8151,504722,California
Orange,2021-02-26,28249,769082,14306,424024,13943,345058,0,0,11407,263155,16705,253041,11474,516196,California
Orange,2021-02-27,25346,794428,10331,434355,15012,360070,3,3,7378,252752,17845,270886,7442,523638,California
Orange,2021-02-28,19298,813726,7499,441854,11799,371869,0,3,4881,243397,14279,285165,4924,528562,California
Orange,2021-03-01,18929,832655,8650,450504,10262,382131,17,20,7361,239366,11455,296620,7424,535986,California
Orange,2021-03-02,19589,852244,9467,459971,10118,392249,4,24,9546,239001,9980,306600,9615,545601,California
Orange,2021-03-03,21342,873586,10172,470143,11165,403414,5,29,11461,240737,9795,316395,11531,557132,California
Orange,2021-03-04,22885,896471,13152,483295,9719,413133,14,43,11812,241594,11031,327426,11888,569020,California
Orange,2021-03-05,21420,917891,11163,494458,10208,423341,49,92,13093,246557,8280,335706,13243,582263,California
Orange,2021-03-06,24416,942307,13417,507875,10124,433465,875,967,12882,248883,11483,347189,13809,596072,California
Orange,2021-03-07,15457,957764,8673,516548,6368,439833,416,1383,9003,251942,6412,353601,9471,605543,California
Orange,2021-03-08,17036,974800,7882,524430,7825,447658,1329,2712,10888,258139,6078,359679,12275,617818,California
Orange,2021-03-09,21360,996160,9859,534289,9008,456666,2493,5205,12569,264479,8745,368424,15085,632903,California
Orange,2021-03-10,25072,1021232,12287,546576,9298,465964,3487,8692,12615,268216,12389,380813,16126,649029,California
Orange,2021-03-11,29272,1050504,15808,562384,9201,475165,4263,12955,13506,270338,15660,396473,17782,666811,California
Orange,2021-03-12,29609,1080113,14379,576763,11326,486491,3904,16859,14826,274420,14688,411161,18770,685581,California
Orange,2021-03-13,28013,1108126,10288,587051,13743,500234,3982,20841,14129,278720,13821,424982,18121,703702,California
Orange,2021-03-14,19022,1127148,8261,595312,8204,508438,2557,23398,11855,286001,7132,432114,14413,718115,California
Orange,2021-03-15,23297,1150445,10260,605572,12271,520709,766,24164,14491,292556,8711,440825,15266,733381,California
Orange,2021-03-16,26643,1177088,11275,616847,15095,535804,273,24437,17193,300683,9364,450189,17491,750872,California
Orange,2021-03-17,27505,1204593,13679,630526,13271,549075,555,24992,19549,312921,7868,458057,20106,770978,California
Orange,2021-03-18,28043,1232636,14126,644652,13619,562694,298,25290,21721,328706,6250,464307,22035,793013,California
Orange,2021-03-19,33793,1266429,18555,663207,14784,577478,454,25744,25037,345575,8638,472945,25507,818520,California
Orange,2021-03-20,25927,1292356,13644,676851,12075,589553,208,25952,22078,364092,3779,476724,22296,840816,California
Orange,2021-03-21,18672,1311028,10807,687658,7118,596671,747,26699,15792,377791,2843,479567,16542,857358,California
Orange,2021-03-22,22847,1333875,11842,699500,10685,607356,320,27019,19194,393771,3547,483114,19527,876885,California
Orange,2021-03-23,26244,1360119,13706,713206,11893,619249,645,27664,20792,409846,5370,488484,21445,898330,California
Orange,2021-03-24,29351,1389470,16436,729642,11985,631234,930,28594,22017,425563,7236,495720,22953,921283,California
Orange,2021-03-25,32618,1422088,17342,746984,14560,645794,716,29310,24252,442273,8262,503982,24972,946255,California
Orange,2021-03-26,35051,1457139,18207,765191,15971,661765,873,30183,24883,457999,10042,514024,25768,972023,California
Orange,2021-03-27,28579,1485718,13678,778869,14584,676349,317,30500,19792,469423,8688,522712,20112,992135,California
Orange,2021-03-28,24957,1510675,12973,791842,11916,688265,68,30568,18625,481873,6249,528961,18699,1010834,California
Orange,2021-03-29,26636,1537311,12208,804050,13860,702125,568,31136,17810,491541,8715,537676,18383,1029217,California
Orange,2021-03-30,30987,1568298,14024,818074,16329,718454,634,31770,20447,502181,10442,548118,21082,1050299,California
Orange,2021-03-31,37261,1605559,19559,837633,16984,735438,718,32488,23684,513138,13448,561566,24405,1074704,California
Orange,2021-04-01,40796,1646355,21418,859051,17442,752880,1936,34424,26244,526935,14369,575935,28166,1102870,California
Orange,2021-04-02,40292,1686647,20315,879366,18132,771012,1845,36269,22703,534021,17469,593404,24555,1127425,California
Orange,2021-04-03,30437,1717084,15765,895131,12909,783921,1763,38032,14343,534118,16002,609406,16099,1143524,California
Orange,2021-04-04,18496,1735580,10735,905866,6993,790914,768,38800,8153,532754,10281,619687,8917,1152441,California
Orange,2021-04-05,30162,1765742,14109,919975,12638,803552,3415,42215,13812,533722,16253,635940,17221,1169662,California
Orange,2021-04-06,33552,1799294,15697,935672,14411,817963,3444,45659,14377,532448,19073,655013,17799,1187461,California
Orange,2021-04-07,36348,1835642,20214,955886,11497,829460,4637,50296,16019,532837,20231,675244,20620,1208081,California
Orange,2021-04-08,39392,1875034,21777,977663,12067,841527,5548,55844,19064,537212,20204,695448,24579,1232660,California
Orange,2021-04-09,41283,1916317,24006,1001669,11984,853511,5293,61137,18218,537739,22953,718401,23480,1256140,California
Orange,2021-04-10,34773,1951090,18355,1020024,12127,865638,4291,65428,14396,536128,20276,738677,18665,1274805,California
Orange,2021-04-11,25824,1976914,14634,1034658,7914,873552,3276,68704,9912,533445,15854,754531,13171,1287976,California
Orange,2021-04-12,30779,2007693,15532,1050190,11602,885154,3645,72349,12100,530579,18594,773125,15728,1303704,California
Orange,2021-04-13,32788,2040481,18467,1068657,14251,899405,70,72419,15273,528490,17434,790559,15345,1319049,California
Orange,2021-04-14,34986,2075467,20529,1089186,14421,913826,36,72455,15222,524110,19650,810209,15270,1334319,California
Orange,2021-04-15,40847,2116314,24884,1114070,15949,929775,14,72469,19013,521425,21708,831917,19023,1353342,California
Orange,2021-04-16,42023,2158337,24719,1138789,17275,947050,29,72498,19004,517587,22883,854800,19045,1372387,California
Orange,2021-04-17,30575,2188912,17304,1156093,13264,960314,7,72505,13408,513987,17022,871822,13422,1385809,California
Orange,2021-04-18,21837,2210749,13181,1169274,8656,968970,0,72505,8627,509492,13141,884963,8646,1394455,California
Orange,2021-04-19,32838,2243587,18122,1187396,14712,983682,4,72509,15102,507007,17631,902594,15146,1409601,California
Orange,2021-04-20,35691,2279278,18532,1205928,17152,1000834,7,72516,17809,507048,17788,920382,17829,1427430,California
Orange,2021-04-21,40923,2320201,23573,1229501,17341,1018175,9,72525,19412,505136,21376,941758,19464,1446894,California
Orange,2021-04-22,39366,2359567,20794,1250295,18562,1036737,10,72535,16351,498638,22870,964628,16372,1463266,California
Orange,2021-04-23,40268,2399835,20856,1271151,19404,1056141,8,72543,17968,494446,22178,986806,17986,1481252,California
Orange,2021-04-24,32055,2431890,16761,1287912,15262,1071403,32,72575,13429,489378,18532,1005338,13464,1494716,California
Orange,2021-04-25,22990,2454880,12982,1300894,9993,1081396,15,72590,9826,486131,13095,1018433,9848,1504564,California
Orange,2021-04-26,28790,2483670,14089,1314983,14505,1095901,196,72786,12475,482610,16195,1034628,12674,1517238,California
Orange,2021-04-27,31260,2514930,14682,1329665,15947,1111848,631,73417,11833,475829,19252,1053880,12471,1529709,California
Orange,2021-04-28,30951,2545881,15505,1345170,14562,1126410,884,74301,12407,470713,18406,1072286,13290,1542999,California
Orange,2021-04-29,31967,2577848,17451,1362621,13551,1139961,965,75266,11349,462522,20498,1092784,12307,1555306,California
Orange,2021-04-30,29931,2607779,17078,1379699,11906,1151867,947,76213,12729,459099,17088,1109872,13665,1568971,California
Orange,2021-05-01,22912,2630691,15713,1395412,6213,1158080,986,77199,8759,454803,14035,1123907,9739,1578710,California
Orange,2021-05-02,15420,2646111,10270,1405682,4504,1162584,646,77845,5361,450817,9987,1133894,6001,1584711,California
Orange,2021-05-03,20635,2666746,12596,1418278,7276,1169860,763,78608,6475,443986,14067,1147961,7236,1591947,California
Orange,2021-05-04,23665,2690411,13515,1431793,9237,1179097,913,79521,8155,437644,15397,1163358,9055,1601002,California
Orange,2021-05-05,24786,2715197,13852,1445645,10037,1189134,897,80418,8000,429892,16649,1180007,8897,1609899,California
Orange,2021-05-06,26510,2741707,16067,1461712,9441,1198575,1002,81420,7278,419071,19094,1199101,8273,1618172,California
Orange,2021-05-07,29028,2770735,17475,1479187,10502,1209077,1051,82471,8084,407474,20726,1219827,9129,1627301,California
Orange,2021-05-08,18647,2789382,12376,1491563,5474,1214551,797,83268,5454,400649,13067,1232894,6242,1633543,California
Orange,2021-05-09,10982,2800364,8350,1499913,2261,1216812,371,83639,2866,395819,8067,1240961,3237,1636780,California
Orange,2021-05-10,19204,2819568,11745,1511658,6681,1223493,778,84417,4345,386180,14763,1255724,5124,1641904,California
Orange,2021-05-11,22092,2841660,12262,1523920,9102,1232595,728,85145,5361,375639,16624,1272348,6083,1647987,California
Orange,2021-05-12,23892,2865552,14833,1538753,8221,1240816,838,85983,6893,366499,16870,1289218,7730,1655717,California
Orange,2021-05-13,21839,2887391,13528,1552281,7705,1248521,606,86589,8208,361794,13519,1302737,8814,1664531,California
Orange,2021-05-14,26461,2913852,17493,1569774,8123,1256644,845,87434,10570,357432,15750,1318487,11388,1675919,California
Orange,2021-05-15,20039,2933891,14487,1584261,5003,1261647,549,87983,8135,354273,11835,1330322,8676,1684595,California
Orange,2021-05-16,15186,2949077,12482,1596743,2364,1264011,340,88323,6455,352390,8676,1338998,6793,1691388,California
Orange,2021-05-17,19397,2968474,12708,1609451,5989,1270000,700,89023,6926,347600,12403,1351401,7613,1699001,California
Orange,2021-05-18,20538,2989012,11969,1621420,7899,1277899,670,89693,8097,344013,12347,1363748,8760,1707761,California
Orange,2021-05-19,22505,3011517,12881,1634301,8954,1286853,670,90363,7945,338179,14440,1378188,8606,1716367,California
Orange,2021-05-20,22362,3033879,13106,1647407,8591,1295444,665,91028,7854,332298,14399,1392587,8518,1724885,California
Orange,2021-05-21,25434,3059313,14511,1661918,10198,1305642,725,91753,8476,324648,16847,1409434,9197,1734082,California
Orange,2021-05-22,18209,3077522,12108,1674026,5558,1311200,543,92296,6910,320893,11209,1420643,7454,1741536,California
Orange,2021-05-23,9775,3087297,6704,1680730,2797,1313997,274,92570,3455,318345,6276,1426919,3728,1745264,California
Orange,2021-05-24,15373,3102670,9037,1689767,5716,1319713,620,93190,5717,315107,9567,1436486,6329,1751593,California
Orange,2021-05-25,15622,3118292,9196,1698963,5905,1325618,521,93711,5643,311398,9868,1446354,6159,1757752,California
Orange,2021-05-26,15240,3133532,8550,1707513,6191,1331809,499,94210,5717,308173,9433,1455787,6208,1763960,California
Orange,2021-05-27,14391,3147923,8667,1716180,5179,1336988,545,94755,6402,307196,7916,1463703,6939,1770899,California
Orange,2021-05-28,16772,3164695,9894,1726074,6250,1343238,628,95383,7407,305949,9272,1472975,8025,1778924,California
Orange,2021-05-29,8971,3173666,5250,1731324,3363,1346601,358,95741,4150,305689,4764,1477739,4504,1783428,California
Orange,2021-05-30,5972,3179638,3879,1735203,1819,1348420,274,96015,2161,304344,3775,1481514,2430,1785858,California
Orange,2021-05-31,1692,3181330,1047,1736250,598,1349018,47,96062,544,303804,1130,1482644,590,1786448,California
Orange,2021-06-01,13375,3194705,7769,1744019,5117,1354135,489,96551,5160,301334,8111,1490755,5641,1792089,California
Orange,2021-06-02,12986,3207691,8049,1752068,4519,1358654,418,96969,4536,297980,8302,1499057,4948,1797037,California
Orange,2021-06-03,12859,3220550,8875,1760943,3530,1362184,454,97423,4501,294636,8295,1507352,4951,1801988,California
Orange,2021-06-04,16935,3237485,11971,1772914,4384,1366568,580,98003,5325,289014,11525,1518877,5903,1807891,California
Orange,2021-06-05,12889,3250374,9724,1782638,2784,1369352,381,98384,3981,284520,8853,1527730,4359,1812250,California
Orange,2021-06-06,5323,3255697,4523,1787161,599,1369951,201,98585,1937,283293,3366,1531096,2139,1814389,California
Orange,2021-06-07,10767,3266464,7616,1794777,2686,1372637,465,99050,3460,279977,7234,1538330,3918,1818307,California
Orange,2021-06-08,12164,3278628,8762,1803539,2895,1375532,507,99557,3809,276030,8265,1546595,4318,1822625,California
Orange,2021-06-09,11702,3290330,8100,1811639,3147,1378679,455,100012,3312,271487,8305,1554900,3762,1826387,California
Orange,2021-06-10,11561,3301891,8414,1820053,2687,1381366,460,100472,3422,267285,8079,1562979,3877,1830264,California
Orange,2021-06-11,13114,3315005,9197,1829250,3423,1384789,494,100966,4285,263319,8741,1571720,4775,1835039,California
Orange,2021-06-12,9757,3324762,7470,1836720,1971,1386760,316,101282,3028,259986,6678,1578398,3345,1838384,California
Orange,2021-06-13,4027,3328789,2930,1839650,935,1387695,162,101444,1048,258251,2946,1581344,1211,1839595,California
Orange,2021-06-14,9817,3338606,7152,1846802,2209,1389904,456,101900,3362,255665,6402,1587746,3816,1843411,California
Orange,2021-06-15,10169,3348775,7326,1854128,2414,1392318,429,102329,3575,253143,6521,1594267,3999,1847410,California
Orange,2021-06-16,9519,3358294,6845,1860973,2212,1394530,462,102791,3277,250695,6183,1600450,3735,1851145,California
Orange,2021-06-17,9271,3367565,6999,1867972,1912,1396442,360,103151,3298,248441,5912,1606362,3658,1854803,California
Orange,2021-06-18,10968,3378533,7975,1875947,2520,1398962,473,103624,3819,245658,7072,1613434,4289,1859092,California
Orange,2021-06-19,6235,3384768,4667,1880614,1338,1400300,230,103854,2579,244862,3608,1617042,2812,1861904,California
Orange,2021-06-20,3061,3387829,2371,1882985,597,1400897,93,103947,1042,243993,2004,1619046,1135,1863039,California
Orange,2021-06-21,6467,3394296,4453,1887438,1588,1402485,426,104373,3480,244942,2958,1622004,3907,1866946,California
Orange,2021-06-22,2587,3396883,1765,1889203,599,1403084,223,104596,1096,244791,1469,1623473,1318,1868264,California
Placer,2020-12-15,29,29,29,29,0,0,0,0,29,29,0,0,29,29,California
Placer,2020-12-16,56,85,56,85,0,0,0,0,56,85,0,0,56,85,California
Placer,2020-12-17,149,234,149,234,0,0,0,0,149,234,0,0,149,234,California
Placer,2020-12-18,435,669,435,669,0,0,0,0,435,669,0,0,435,669,California
Placer,2020-12-19,254,923,254,923,0,0,0,0,254,923,0,0,254,923,California
Placer,2020-12-20,230,1153,230,1153,0,0,0,0,230,1153,0,0,230,1153,California
Placer,2020-12-21,508,1661,506,1659,2,2,0,0,508,1661,0,0,508,1661,California
Placer,2020-12-22,677,2338,671,2330,6,8,0,0,677,2338,0,0,677,2338,California
Placer,2020-12-23,756,3094,667,2997,89,97,0,0,756,3094,0,0,756,3094,California
Placer,2020-12-24,412,3506,360,3357,52,149,0,0,412,3506,0,0,412,3506,California
Placer,2020-12-26,166,3672,121,3478,45,194,0,0,166,3672,0,0,166,3672,California
Placer,2020-12-27,182,3854,161,3639,21,215,0,0,182,3854,0,0,182,3854,California
Placer,2020-12-28,677,4531,553,4192,124,339,0,0,677,4531,0,0,677,4531,California
Placer,2020-12-29,772,5303,525,4717,247,586,0,0,772,5303,0,0,772,5303,California
Placer,2020-12-30,735,6038,459,5176,276,862,0,0,734,6037,0,0,734,6037,California
Placer,2020-12-31,551,6589,366,5542,185,1047,0,0,551,6588,0,0,551,6588,California
Placer,2021-01-01,16,6605,12,5554,4,1051,0,0,16,6604,0,0,16,6604,California
Placer,2021-01-02,190,6795,158,5712,32,1083,0,0,190,6794,0,0,190,6794,California
Placer,2021-01-03,154,6949,77,5789,77,1160,0,0,154,6948,0,0,154,6948,California
Placer,2021-01-04,629,7578,187,5976,442,1602,0,0,629,7577,0,0,629,7577,California
Placer,2021-01-05,724,8302,160,6136,564,2166,0,0,635,8125,88,88,636,8213,California
Placer,2021-01-06,765,9067,245,6381,520,2686,0,0,615,8590,150,238,615,8828,California
Placer,2021-01-07,986,10053,371,6752,615,3301,0,0,758,9120,228,466,758,9586,California
Placer,2021-01-08,1186,11239,534,7286,652,3953,0,0,789,9515,394,860,789,10375,California
Placer,2021-01-09,459,11698,325,7611,134,4087,0,0,239,9535,219,1079,239,10614,California
Placer,2021-01-10,335,12033,186,7797,149,4236,0,0,167,9534,168,1247,167,10781,California
Placer,2021-01-11,1439,13472,815,8612,624,4860,0,0,842,9780,597,1844,843,11624,California
Placer,2021-01-12,1661,15133,873,9485,788,5648,0,0,1062,10244,598,2442,1062,12686,California
Placer,2021-01-13,1648,16781,828,10313,820,6468,0,0,1221,11043,425,2867,1224,13910,California
Placer,2021-01-14,1820,18601,695,11008,1125,7593,0,0,1434,12095,383,3250,1435,15345,California
Placer,2021-01-15,1940,20541,733,11741,1207,8800,0,0,1583,13323,356,3606,1584,16929,California
Placer,2021-01-16,1445,21986,716,12457,729,9529,0,0,1322,14523,123,3729,1323,18252,California
Placer,2021-01-17,579,22565,398,12855,181,9710,0,0,438,14820,141,3870,438,18690,California
Placer,2021-01-18,992,23557,555,13410,437,10147,0,0,748,15325,244,4114,749,19439,California
Placer,2021-01-19,2641,26198,1979,15389,662,10809,0,0,2185,17055,456,4570,2186,21625,California
Placer,2021-01-20,2312,28510,1730,17119,582,11391,0,0,1970,18684,342,4912,1971,23596,California
Placer,2021-01-21,2605,31115,1154,18273,1451,12842,0,0,2199,20479,405,5317,2200,25796,California
Placer,2021-01-22,2369,33484,654,18927,1715,14557,0,0,2193,22499,174,5491,2194,27990,California
Placer,2021-01-23,1187,34671,385,19312,802,15359,0,0,1027,23366,160,5651,1027,29017,California
Placer,2021-01-24,499,35170,251,19563,248,15607,0,0,428,23723,71,5722,428,29445,California
Placer,2021-01-25,1694,36864,817,20380,877,16484,0,0,1399,24828,295,6017,1400,30845,California
Placer,2021-01-26,1870,38734,1037,21417,833,17317,0,0,1603,26164,267,6284,1603,32448,California
Placer,2021-01-27,1831,40565,1149,22566,682,17999,0,0,1582,27500,247,6531,1583,34031,California
Placer,2021-01-28,1811,42376,1123,23689,688,18687,0,0,1565,28821,244,6775,1565,35596,California
Placer,2021-01-29,1897,44273,1172,24861,725,19412,0,0,1700,30326,196,6971,1701,37297,California
Placer,2021-01-30,1705,45978,956,25817,749,20161,0,0,1584,31790,120,7091,1584,38881,California
Placer,2021-01-31,779,46757,619,26436,160,20321,0,0,707,32426,72,7163,708,39589,California
Placer,2021-02-01,2097,48854,1098,27534,999,21320,0,0,1778,33886,318,7481,1778,41367,California
Placer,2021-02-02,2400,51254,1549,29083,851,22171,0,0,1903,35295,494,7975,1903,43270,California
Placer,2021-02-03,2940,54194,1903,30986,1037,23208,0,0,2310,36979,626,8601,2310,45580,California
Placer,2021-02-04,2734,56928,1181,32167,1553,24761,0,0,1902,38055,828,9429,1904,47484,California
Placer,2021-02-05,2701,59629,1211,33378,1490,26251,0,0,1357,38074,1339,10768,1358,48842,California
Placer,2021-02-06,1943,61572,1311,34689,632,26883,0,0,1395,38922,548,11316,1396,50238,California
Placer,2021-02-07,1162,62734,853,35542,309,27192,0,0,875,39511,286,11602,875,51113,California
Placer,2021-02-08,3289,66023,1762,37304,1527,28719,0,0,1918,40066,1364,12966,1919,53032,California
Placer,2021-02-09,3556,69579,2183,39487,1373,30092,0,0,1620,39753,1933,14899,1620,54652,California
Placer,2021-02-10,3757,73336,2207,41694,1550,31642,0,0,1737,39477,2016,16915,1740,56392,California
Placer,2021-02-11,3702,77038,1913,43607,1789,33431,0,0,1554,38899,2135,19050,1557,57949,California
Placer,2021-02-12,2841,79879,1330,44937,1511,34942,0,0,1657,39409,1148,20198,1658,59607,California
Placer,2021-02-13,2489,82368,1451,46388,1038,35980,0,0,1869,40659,620,20818,1870,61477,California
Placer,2021-02-14,1088,83456,676,47064,412,36392,0,0,737,41047,349,21167,737,62214,California
Placer,2021-02-15,2228,85684,1024,48088,1204,37596,0,0,1517,41855,711,21878,1519,63733,California
Placer,2021-02-16,3550,89234,1768,49856,1782,39378,0,0,1557,41431,1984,23862,1560,65293,California
Placer,2021-02-17,3534,92768,1954,51810,1580,40958,0,0,1497,40895,2033,25895,1497,66790,California
Placer,2021-02-18,3814,96582,2062,53872,1752,42710,0,0,1613,40318,2191,28086,1614,68404,California
Placer,2021-02-19,3626,100208,1930,55802,1696,44406,0,0,1350,39397,2272,30358,1351,69755,California
Placer,2021-02-20,2025,102233,1263,57065,762,45168,0,0,924,39230,1094,31452,927,70682,California
Placer,2021-02-21,1001,103234,735,57800,266,45434,0,0,290,38813,708,32160,291,70973,California
Placer,2021-02-22,2532,105766,1769,59569,763,46197,0,0,605,37491,1927,34087,605,71578,California
Placer,2021-02-23,2592,108358,1620,61189,972,47169,0,0,898,36696,1693,35780,898,72476,California
Placer,2021-02-24,3322,111680,1175,62364,2147,49316,0,0,1823,37030,1491,37271,1825,74301,California
Placer,2021-02-25,3727,115407,1529,63893,2198,51514,0,0,2052,37418,1667,38938,2055,76356,California
Placer,2021-02-26,4253,119660,2464,66357,1789,53303,0,0,2460,38090,1789,40727,2461,78817,California
Placer,2021-02-27,2876,122536,1527,67884,1349,54652,0,0,1483,38188,1387,42114,1485,80302,California
Placer,2021-02-28,1523,124059,827,68711,696,55348,0,0,722,38114,796,42910,722,81024,California
Placer,2021-03-01,3195,127254,2123,70834,1072,56420,0,0,1623,38173,1564,44474,1623,82647,California
Placer,2021-03-02,2889,130143,1784,72618,1105,57525,0,0,1893,39080,986,45460,1893,84540,California
Placer,2021-03-03,3373,133516,1476,74094,1897,59422,0,0,1843,39400,1524,46984,1844,86384,California
Placer,2021-03-04,3599,137115,1448,75542,2151,61573,0,0,1881,39575,1707,48691,1882,88266,California
Placer,2021-03-05,2954,140069,1009,76551,1925,63498,20,20,1789,40222,1162,49853,1809,90075,California
Placer,2021-03-06,2428,142497,1508,78059,823,64321,97,117,929,39757,1491,51344,1026,91101,California
Placer,2021-03-07,1325,143822,771,78830,514,64835,40,157,553,39581,769,52113,593,91694,California
Placer,2021-03-08,2882,146704,1816,80646,955,65790,111,268,1644,40100,1236,53349,1755,93449,California
Placer,2021-03-09,3173,149877,1699,82345,1390,67180,84,352,1845,40703,1326,54675,1929,95378,California
Placer,2021-03-10,3298,153175,1330,83675,1865,69045,103,455,1733,40980,1559,56234,1836,97214,California
Placer,2021-03-11,3640,156815,1654,85329,1859,70904,127,582,1751,40981,1879,58113,1880,99094,California
Placer,2021-03-12,3694,160509,1495,86824,1420,72324,779,1361,1261,40601,2422,60535,2042,101136,California
Placer,2021-03-13,2140,162649,750,87574,1267,73591,123,1484,1121,40829,1016,61551,1244,102380,California
Placer,2021-03-14,1662,164311,683,88257,826,74417,153,1637,901,41123,760,62311,1054,103434,California
Placer,2021-03-15,3226,167537,1553,89810,1543,75960,130,1767,1785,41602,1437,63748,1916,105350,California
Placer,2021-03-16,3618,171155,1959,91769,1524,77484,135,1902,2299,42730,1306,65054,2434,107784,California
Placer,2021-03-17,3502,174657,1769,93538,1629,79113,104,2006,2256,43848,1243,66297,2361,110145,California
Placer,2021-03-18,4127,178784,2348,95886,1740,80853,39,2045,2884,45534,1236,67533,2922,113067,California
Placer,2021-03-19,3474,182258,2080,97966,1128,81981,266,2311,2158,46648,1308,68841,2422,115489,California
Placer,2021-03-20,2185,184443,934,98900,1164,83145,87,2398,1341,47237,838,69679,1427,116916,California
Placer,2021-03-21,1269,185712,583,99483,676,83821,10,2408,882,47745,384,70063,892,117808,California
Placer,2021-03-22,3320,189032,2129,101612,1098,84919,93,2501,2154,48830,1162,71225,2247,120055,California
Placer,2021-03-23,3598,192630,2123,103735,1386,86305,89,2590,2573,50472,1020,72245,2662,122717,California
Placer,2021-03-24,3814,196444,1994,105729,1719,88024,101,2691,1928,50637,1866,74111,2031,124748,California
Placer,2021-03-25,3860,200304,1854,107583,1909,89933,97,2788,1722,50328,2127,76238,1818,126566,California
Placer,2021-03-26,3755,204059,1654,109237,1871,91804,230,3018,1503,49824,2237,78475,1733,128299,California
Placer,2021-03-27,1576,205635,470,109707,1087,92891,19,3037,605,49483,964,79439,623,128922,California
Placer,2021-03-28,1100,206735,534,110241,557,93448,9,3046,308,49013,787,80226,317,129239,California
Placer,2021-03-29,3565,210300,2002,112243,1526,94974,37,3083,1738,48972,1818,82044,1777,131016,California
Placer,2021-03-30,3985,214285,2108,114351,1833,96807,44,3127,2081,49206,1890,83934,2124,133140,California
Placer,2021-03-31,4107,218392,1835,116186,2196,99003,76,3203,1675,48531,2425,86359,1750,134890,California
Placer,2021-04-01,2974,221366,1438,117624,1487,100490,49,3252,1653,48918,1315,87674,1702,136592,California
Placer,2021-04-02,2836,224202,1477,119101,1293,101783,66,3318,1579,49311,1251,88925,1644,138236,California
Placer,2021-04-03,1839,226041,988,120089,723,102506,128,3446,886,49378,945,89870,1012,139248,California
Placer,2021-04-04,710,226751,361,120450,295,102801,54,3500,283,49292,423,90293,337,139585,California
Placer,2021-04-05,3010,229761,1903,122353,924,103725,183,3683,1747,49963,1258,91551,1929,141514,California
Placer,2021-04-06,4301,234062,2493,124846,1508,105233,300,3983,1517,49003,2776,94327,1816,143330,California
Placer,2021-04-07,4573,238635,2615,127461,1498,106731,460,4443,2067,49027,2499,96826,2523,145853,California
Placer,2021-04-08,4737,243372,2633,130094,1569,108300,535,4978,1579,47993,3146,99972,2112,147965,California
Placer,2021-04-09,4136,247508,2276,132370,1239,109539,621,5599,1238,46965,2889,102861,1861,149826,California
Placer,2021-04-10,2054,249562,903,133273,967,110506,184,5783,868,46833,1183,104044,1051,150877,California
Placer,2021-04-11,1369,250931,532,133805,807,111313,30,5813,457,46411,908,104952,486,151363,California
Placer,2021-04-12,4121,255052,2657,136462,1078,112391,386,6199,2461,47607,1651,106603,2847,154210,California
Placer,2021-04-13,4385,259437,3019,139481,1365,113756,1,6200,2217,47663,2163,108766,2219,156429,California
Placer,2021-04-14,4190,263627,2582,142063,1607,115363,1,6201,1877,47237,2303,111069,1877,158306,California
Placer,2021-04-15,4514,268141,2519,144582,1994,117357,1,6202,2361,47455,2144,113213,2362,160668,California
Placer,2021-04-16,3691,271832,2186,146768,1505,118862,0,6202,1432,46634,2253,115466,1432,162100,California
Placer,2021-04-17,2446,274278,850,147618,1596,120458,0,6202,1525,47243,916,116382,1525,163625,California
Placer,2021-04-18,1199,275477,261,147879,938,121396,0,6202,411,46868,786,117168,411,164036,California
Placer,2021-04-19,2962,278439,1821,149700,1141,122537,0,6202,1164,46240,1793,118961,1165,165201,California
Placer,2021-04-20,3849,282288,2491,152191,1358,123895,0,6202,2411,47224,1428,120389,2412,167613,California
Placer,2021-04-21,3666,285954,2395,154586,1270,125165,1,6203,2391,48345,1272,121661,2393,170006,California
Placer,2021-04-22,3668,289622,2276,156862,1392,126557,0,6203,1742,48166,1922,123583,1743,171749,California
Placer,2021-04-23,3513,293135,2321,159183,1191,127748,1,6204,1369,47399,2137,125720,1370,173119,California
Placer,2021-04-24,2082,295217,1267,160450,814,128562,1,6205,1209,47744,864,126584,1209,174328,California
Placer,2021-04-25,900,296117,499,160949,401,128963,0,6205,554,47952,346,126930,554,174882,California
Placer,2021-04-26,2480,298597,1323,162272,1134,130097,23,6228,1215,47934,1255,128185,1237,176119,California
Placer,2021-04-27,2734,301331,1433,163705,1251,131348,50,6278,1553,48361,1177,129362,1604,177723,California
Placer,2021-04-28,3012,304343,1888,165593,1088,132436,36,6314,1607,48610,1395,130757,1644,179367,California
Placer,2021-04-29,3374,307717,2195,167788,1126,133562,53,6367,1408,48111,1960,132717,1461,180828,California
Placer,2021-04-30,2969,310686,1800,169588,1120,134682,49,6416,1185,47567,1778,134495,1234,182062,California
Placer,2021-05-01,1325,312011,927,170515,371,135053,27,6443,596,47466,723,135218,622,182684,California
Placer,2021-05-02,731,312742,573,171088,136,135189,22,6465,333,47425,396,135614,355,183039,California
Placer,2021-05-03,1594,314336,978,172066,548,135737,68,6533,431,46763,1160,136774,498,183537,California
Placer,2021-05-04,2308,316644,1300,173366,845,136582,163,6696,867,46359,1434,138208,1030,184567,California
Placer,2021-05-05,3677,320321,2490,175856,1086,137668,101,6797,967,44724,2703,140911,1068,185635,California
Placer,2021-05-06,3079,323400,1890,177746,1111,138779,78,6875,799,43345,2256,143167,877,186512,California
Placer,2021-05-07,2811,326211,1900,179646,819,139598,92,6967,797,42231,2003,145170,889,187401,California
Placer,2021-05-08,1320,327531,709,180355,570,140168,41,7008,391,41733,928,146098,430,187831,California
Placer,2021-05-09,435,327966,204,180559,211,140379,20,7028,213,41744,222,146320,233,188064,California
Placer,2021-05-10,1917,329883,1025,181584,797,141176,95,7123,428,40783,1484,147804,523,188587,California
Placer,2021-05-11,2916,332799,2082,183666,720,141896,114,7237,613,39217,2293,150097,727,189314,California
Placer,2021-05-12,2890,335689,1996,185662,837,142733,57,7294,734,37861,2149,152246,793,190107,California
Placer,2021-05-13,2858,338547,1851,187513,959,143692,48,7342,1037,37126,1819,154065,1084,191191,California
Placer,2021-05-14,2832,341379,1868,189381,829,144521,135,7477,1405,37248,1412,155477,1534,192725,California
Placer,2021-05-15,2090,343469,1352,190733,714,145235,24,7501,929,37047,1154,156631,953,193678,California
Placer,2021-05-16,1014,344483,529,191262,466,145701,19,7520,350,36754,662,157293,369,194047,California
Placer,2021-05-17,2360,346843,1574,192836,713,146414,73,7593,1028,36527,1328,158621,1101,195148,California
Placer,2021-05-18,2490,349333,1679,194515,733,147147,78,7671,1134,36387,1352,159973,1212,196360,California
Placer,2021-05-19,2536,351869,1601,196116,890,148037,45,7716,894,35689,1637,161610,939,197299,California
Placer,2021-05-20,2534,354403,1642,197758,844,148881,48,7764,891,34993,1635,163245,939,198238,California
Placer,2021-05-21,2457,356860,1534,199292,776,149657,147,7911,1095,34878,1354,164599,1239,199477,California
Placer,2021-05-22,1601,358461,1058,200350,500,150157,43,7954,764,34853,832,165431,807,200284,California
Placer,2021-05-23,595,359056,332,200682,248,150405,15,7969,270,34815,325,165756,287,200571,California
Placer,2021-05-24,1480,360536,739,201421,607,151012,134,8103,427,34327,1049,166805,561,201132,California
Placer,2021-05-25,1782,362318,943,202364,743,151755,96,8199,649,33946,1126,167931,745,201877,California
Placer,2021-05-26,1577,363895,907,203271,629,152384,41,8240,616,33648,956,168887,658,202535,California
Placer,2021-05-27,1442,365337,714,203985,685,153069,43,8283,664,33585,770,169657,707,203242,California
Placer,2021-05-28,1701,367038,860,204845,743,153812,98,8381,739,33465,957,170614,837,204079,California
Placer,2021-05-29,741,367779,401,205246,309,154121,31,8412,382,33522,355,170969,412,204491,California
Placer,2021-05-30,336,368115,229,205475,93,154214,14,8426,216,33633,119,171088,230,204721,California
Placer,2021-05-31,146,368261,68,205543,61,154275,17,8443,29,33562,116,171204,45,204766,California
Placer,2021-06-01,1682,369943,885,206428,724,154999,73,8516,635,33228,1042,172246,708,205474,California
Placer,2021-06-02,1516,371459,765,207193,683,155682,68,8584,488,32757,1027,173273,556,206030,California
Placer,2021-06-03,1700,373159,1034,208227,607,156289,59,8643,433,31986,1262,174535,491,206521,California
Placer,2021-06-04,1878,375037,1333,209560,491,156780,54,8697,465,31099,1404,175939,517,207038,California
Placer,2021-06-05,1091,376128,776,210336,274,157054,41,8738,277,30607,810,176749,318,207356,California
Placer,2021-06-06,481,376609,344,210680,120,157174,17,8755,123,30390,357,177106,140,207496,California
Placer,2021-06-07,1053,377662,719,211399,262,157436,72,8827,228,29866,822,177928,298,207794,California
Placer,2021-06-08,1738,379400,1324,212723,365,157801,49,8876,437,29053,1298,179226,485,208279,California
Placer,2021-06-09,1176,380576,852,213575,270,158071,54,8930,266,28467,907,180133,321,208600,California
Placer,2021-06-10,1239,381815,860,214435,313,158384,66,8996,310,27915,926,181059,374,208974,California
Placer,2021-06-11,1484,383299,1068,215503,357,158741,59,9055,343,27180,1136,182195,401,209375,California
Placer,2021-06-12,1021,384320,760,216263,235,158976,26,9081,224,26636,795,182990,251,209626,California
Placer,2021-06-13,395,384715,304,216567,80,159056,11,9092,102,26457,292,183282,113,209739,California
Placer,2021-06-14,770,385485,526,217093,199,159255,45,9137,235,26205,531,183813,279,210018,California
Placer,2021-06-15,1299,386784,865,217958,372,159627,62,9199,441,25853,854,184667,502,210520,California
Placer,2021-06-16,1036,387820,750,218708,231,159858,55,9254,334,25540,701,185368,388,210908,California
Placer,2021-06-17,875,388695,607,219315,233,160091,35,9289,273,25250,598,185966,308,211216,California
Placer,2021-06-18,1157,389852,762,220077,304,160395,91,9380,380,24945,776,186742,471,211687,California
Placer,2021-06-19,606,390458,435,220512,137,160532,34,9414,235,24846,367,187109,268,211955,California
Placer,2021-06-20,280,390738,231,220743,43,160575,6,9420,107,24787,171,187280,112,212067,California
Placer,2021-06-21,434,391172,256,220999,155,160730,23,9443,216,24808,218,187498,239,212306,California
Placer,2021-06-22,504,391676,336,221335,125,160855,43,9486,106,24562,394,187892,148,212454,California
Plumas,2020-12-18,3,3,3,3,0,0,0,0,3,3,0,0,3,3,California
Plumas,2020-12-19,1,4,1,4,0,0,0,0,1,4,0,0,1,4,California
Plumas,2020-12-21,45,49,45,49,0,0,0,0,45,49,0,0,45,49,California
Plumas,2020-12-22,95,144,95,144,0,0,0,0,95,144,0,0,95,144,California
Plumas,2020-12-23,50,194,50,194,0,0,0,0,50,194,0,0,50,194,California
Plumas,2020-12-24,7,201,7,201,0,0,0,0,7,201,0,0,7,201,California
Plumas,2020-12-28,9,210,1,202,8,8,0,0,9,210,0,0,9,210,California
Plumas,2020-12-29,33,243,23,225,10,18,0,0,33,243,0,0,33,243,California
Plumas,2020-12-30,24,267,2,227,22,40,0,0,24,267,0,0,24,267,California
Plumas,2020-12-31,4,271,1,228,3,43,0,0,4,271,0,0,4,271,California
Plumas,2021-01-01,1,272,0,228,1,44,0,0,1,272,0,0,1,272,California
Plumas,2021-01-02,1,273,0,228,1,45,0,0,1,273,0,0,1,273,California
Plumas,2021-01-04,10,283,3,231,7,52,0,0,10,283,0,0,10,283,California
Plumas,2021-01-05,23,306,1,232,22,74,0,0,23,306,0,0,23,306,California
Plumas,2021-01-06,119,425,4,236,115,189,0,0,119,425,0,0,119,425,California
Plumas,2021-01-07,52,477,2,238,50,239,0,0,51,475,1,1,51,476,California
Plumas,2021-01-08,11,488,4,242,7,246,0,0,8,480,3,4,8,484,California
Plumas,2021-01-09,1,489,1,243,0,246,0,0,0,479,1,5,0,484,California
Plumas,2021-01-11,59,548,50,293,9,255,0,0,12,444,47,52,12,496,California
Plumas,2021-01-12,157,705,88,381,69,324,0,0,71,429,86,138,71,567,California
Plumas,2021-01-13,56,761,51,432,5,329,0,0,9,391,47,185,9,576,California
Plumas,2021-01-14,98,859,15,447,83,412,0,0,92,477,6,191,92,668,California
Plumas,2021-01-15,61,920,7,454,54,466,0,0,59,534,2,193,59,727,California
Plumas,2021-01-16,57,977,1,455,56,522,0,0,57,591,0,193,57,784,California
Plumas,2021-01-18,2,979,1,456,1,523,0,0,2,593,0,193,2,786,California
Plumas,2021-01-19,38,1017,6,462,32,555,0,0,33,621,5,198,33,819,California
Plumas,2021-01-20,140,1157,4,466,136,691,0,0,136,753,4,202,136,955,California
Plumas,2021-01-21,113,1270,2,468,111,802,0,0,113,866,0,202,113,1068,California
Plumas,2021-01-22,4,1274,1,469,3,805,0,0,4,870,0,202,4,1072,California
Plumas,2021-01-23,96,1370,2,471,94,899,0,0,96,966,0,202,96,1168,California
Plumas,2021-01-24,1,1371,1,472,0,899,0,0,1,967,0,202,1,1169,California
Plumas,2021-01-25,9,1380,6,478,3,902,0,0,7,972,2,204,7,1176,California
Plumas,2021-01-26,62,1442,2,480,60,962,0,0,54,1018,8,212,54,1230,California
Plumas,2021-01-27,27,1469,21,501,6,968,0,0,7,1005,20,232,7,1237,California
Plumas,2021-01-28,27,1496,2,503,25,993,0,0,25,1028,2,234,25,1262,California
Plumas,2021-01-29,8,1504,2,505,6,999,0,0,7,1034,1,235,7,1269,California
Plumas,2021-01-30,7,1511,3,508,4,1003,0,0,6,1039,1,236,6,1275,California
Plumas,2021-01-31,3,1514,3,511,0,1003,0,0,3,1042,0,236,3,1278,California
Plumas,2021-02-01,21,1535,3,514,18,1021,0,0,12,1045,9,245,12,1290,California
Plumas,2021-02-02,25,1560,4,518,21,1042,0,0,5,1030,20,265,5,1295,California
Plumas,2021-02-03,125,1685,8,526,117,1159,0,0,14,934,110,375,14,1309,California
Plumas,2021-02-04,102,1787,9,535,93,1252,0,0,23,878,79,454,23,1332,California
Plumas,2021-02-05,28,1815,13,548,15,1267,0,0,13,876,15,469,13,1345,California
Plumas,2021-02-06,8,1823,1,549,7,1274,0,0,8,884,0,469,8,1353,California
Plumas,2021-02-08,15,1838,5,554,10,1284,0,0,2,873,13,482,2,1355,California
Plumas,2021-02-09,173,2011,3,557,170,1454,0,0,112,924,61,543,112,1467,California
Plumas,2021-02-10,109,2120,8,565,101,1555,0,0,103,1022,6,549,104,1571,California
Plumas,2021-02-11,343,2463,5,570,338,1893,0,0,283,1245,60,609,283,1854,California
Plumas,2021-02-12,124,2587,4,574,120,2013,0,0,119,1359,5,614,119,1973,California
Plumas,2021-02-13,76,2663,7,581,69,2082,0,0,17,1317,59,673,17,1990,California
Plumas,2021-02-14,9,2672,5,586,4,2086,0,0,9,1326,0,673,9,1999,California
Plumas,2021-02-15,27,2699,5,591,22,2108,0,0,24,1347,3,676,24,2023,California
Plumas,2021-02-16,80,2779,5,596,75,2183,0,0,16,1299,64,740,16,2039,California
Plumas,2021-02-17,153,2932,5,601,148,2331,0,0,12,1170,141,881,12,2051,California
Plumas,2021-02-18,135,3067,8,609,127,2458,0,0,23,1082,112,993,24,2075,California
Plumas,2021-02-19,42,3109,6,615,36,2494,0,0,8,1056,34,1027,8,2083,California
Plumas,2021-02-20,106,3215,7,622,99,2593,0,0,13,976,93,1120,13,2096,California
Plumas,2021-02-21,5,3220,4,626,1,2594,0,0,2,975,3,1123,2,2098,California
Plumas,2021-02-22,5,3225,2,628,3,2597,0,0,1,972,4,1127,1,2099,California
Plumas,2021-02-23,27,3252,5,633,22,2619,0,0,17,979,10,1137,17,2116,California
Plumas,2021-02-24,478,3730,7,640,471,3090,0,0,465,1431,13,1150,465,2581,California
Plumas,2021-02-25,242,3972,13,653,229,3319,0,0,175,1539,67,1217,175,2756,California
Plumas,2021-02-26,267,4239,9,662,258,3577,0,0,257,1787,10,1227,258,3014,California
Plumas,2021-02-27,42,4281,4,666,38,3615,0,0,34,1813,8,1235,34,3048,California
Plumas,2021-02-28,4,4285,0,666,4,3619,0,0,4,1817,0,1235,4,3052,California
Plumas,2021-03-01,24,4309,5,671,19,3638,0,0,14,1822,9,1244,14,3066,California
Plumas,2021-03-02,11,4320,1,672,10,3648,0,0,7,1826,3,1247,7,3073,California
Plumas,2021-03-03,178,4498,9,681,169,3817,0,0,163,1974,15,1262,163,3236,California
Plumas,2021-03-04,250,4748,7,688,243,4060,0,0,230,2184,20,1282,230,3466,California
Plumas,2021-03-05,398,5146,5,693,388,4448,5,5,387,2565,11,1293,392,3858,California
Plumas,2021-03-06,21,5167,4,697,9,4457,8,13,3,2558,18,1311,11,3869,California
Plumas,2021-03-07,13,5180,2,699,2,4459,9,22,3,2560,10,1321,12,3881,California
Plumas,2021-03-08,33,5213,3,702,5,4464,25,47,5,2563,28,1349,31,3912,California
Plumas,2021-03-09,134,5347,4,706,115,4579,15,62,18,2480,116,1465,33,3945,California
Plumas,2021-03-10,301,5648,4,710,283,4862,14,76,111,2416,189,1654,125,4070,California
Plumas,2021-03-11,190,5838,10,720,175,5037,5,81,154,2539,36,1690,159,4229,California
Plumas,2021-03-12,597,6435,7,727,303,5340,287,368,24,2277,573,2263,311,4540,California
Plumas,2021-03-13,27,6462,5,732,11,5351,11,379,6,2273,21,2284,17,4557,California
Plumas,2021-03-14,13,6475,3,735,5,5356,5,384,1,2268,11,2295,6,4563,California
Plumas,2021-03-15,35,6510,2,737,26,5382,7,391,7,2254,28,2323,14,4577,California
Plumas,2021-03-16,62,6572,3,740,58,5440,1,392,49,2292,12,2335,50,4627,California
Plumas,2021-03-17,71,6643,7,747,63,5503,1,393,56,2335,14,2349,57,4684,California
Plumas,2021-03-18,62,6705,6,753,40,5543,16,409,12,2313,50,2399,28,4712,California
Plumas,2021-03-19,162,6867,4,757,156,5699,2,411,154,2464,6,2405,157,4869,California
Plumas,2021-03-20,712,7579,4,761,707,6406,1,412,690,3135,20,2425,691,5560,California
Plumas,2021-03-21,2,7581,1,762,1,6407,0,412,1,3136,0,2425,1,5561,California
Plumas,2021-03-22,202,7783,2,764,200,6607,0,412,195,3324,7,2432,195,5756,California
Plumas,2021-03-23,29,7812,2,766,26,6633,1,413,14,3324,15,2447,15,5771,California
Plumas,2021-03-24,695,8507,5,771,689,7322,1,414,237,3106,457,2904,239,6010,California
Plumas,2021-03-25,311,8818,8,779,301,7623,2,416,167,3129,144,3048,167,6177,California
Plumas,2021-03-26,315,9133,8,787,306,7929,1,417,46,2908,268,3316,47,6224,California
Plumas,2021-03-27,12,9145,1,788,10,7939,1,418,3,2903,9,3325,4,6228,California
Plumas,2021-03-28,9,9154,3,791,5,7944,1,419,4,2903,5,3330,5,6233,California
Plumas,2021-03-29,11,9165,3,794,7,7951,1,420,3,2899,8,3338,4,6237,California
Plumas,2021-03-30,184,9349,4,798,176,8127,4,424,27,2773,157,3495,31,6268,California
Plumas,2021-03-31,295,9644,3,801,290,8417,2,426,272,3024,23,3518,274,6542,California
Plumas,2021-04-01,312,9956,14,815,295,8712,3,429,64,2845,245,3763,66,6608,California
Plumas,2021-04-02,378,10334,3,818,371,9083,4,433,29,2541,337,4100,33,6641,California
Plumas,2021-04-03,13,10347,2,820,5,9088,6,439,2,2538,11,4111,8,6649,California
Plumas,2021-04-04,3,10350,1,821,1,9089,1,440,0,2536,3,4114,1,6650,California
Plumas,2021-04-05,16,10366,6,827,8,9097,2,442,4,2531,11,4125,6,6656,California
Plumas,2021-04-06,137,10503,7,834,103,9200,27,469,17,2455,120,4245,44,6700,California
Plumas,2021-04-07,294,10797,9,843,102,9302,183,652,29,2402,265,4510,212,6912,California
Plumas,2021-04-08,157,10954,3,846,134,9436,20,672,38,2340,119,4629,57,6969,California
Plumas,2021-04-09,49,11003,8,854,24,9460,17,689,17,2341,32,4661,33,7002,California
Plumas,2021-04-10,22,11025,1,855,4,9464,17,706,3,2342,19,4680,20,7022,California
Plumas,2021-04-11,4,11029,3,858,0,9464,1,707,3,2345,1,4681,4,7026,California
Plumas,2021-04-12,12,11041,4,862,5,9469,3,710,6,2348,6,4687,9,7035,California
Plumas,2021-04-13,222,11263,5,867,217,9686,0,710,156,2438,66,4753,156,7191,California
Plumas,2021-04-14,109,11372,6,873,103,9789,0,710,55,2440,53,4806,55,7246,California
Plumas,2021-04-15,55,11427,3,876,52,9841,0,710,35,2456,19,4825,35,7281,California
Plumas,2021-04-16,144,11571,3,879,141,9982,0,710,3,2318,141,4966,3,7284,California
Plumas,2021-04-17,685,12256,2,881,683,10665,0,710,19,1674,663,5629,19,7303,California
Plumas,2021-04-18,3,12259,3,884,0,10665,0,710,0,1671,3,5632,0,7303,California
Plumas,2021-04-19,38,12297,2,886,36,10701,0,710,5,1643,33,5665,5,7308,California
Plumas,2021-04-20,46,12343,5,891,41,10742,0,710,29,1656,16,5681,29,7337,California
Plumas,2021-04-21,341,12684,5,896,335,11077,1,711,16,1347,325,6006,16,7353,California
Plumas,2021-04-22,282,12966,7,903,275,11352,0,711,134,1333,148,6154,134,7487,California
Plumas,2021-04-23,72,13038,3,906,69,11421,0,711,16,1293,56,6210,16,7503,California
Plumas,2021-04-24,170,13208,4,910,166,11587,0,711,144,1412,25,6235,144,7647,California
Plumas,2021-04-26,30,13238,3,913,27,11614,0,711,8,1399,21,6256,8,7655,California
Plumas,2021-04-27,108,13346,4,917,104,11718,0,711,69,1429,39,6295,69,7724,California
Plumas,2021-04-28,288,13634,5,922,283,12001,0,711,38,1219,248,6543,38,7762,California
Plumas,2021-04-29,173,13807,68,990,105,12106,0,711,119,1284,54,6597,119,7881,California
Plumas,2021-04-30,20,13827,9,999,11,12117,0,711,5,1274,15,6612,5,7886,California
Plumas,2021-05-01,6,13833,1,1000,4,12121,1,712,1,1273,3,6615,2,7888,California
Plumas,2021-05-02,4,13837,4,1004,0,12121,0,712,2,1273,2,6617,2,7890,California
Plumas,2021-05-03,19,13856,5,1009,7,12128,7,719,5,1273,12,6629,12,7902,California
Plumas,2021-05-04,34,13890,5,1014,21,12149,8,727,19,1286,14,6643,27,7929,California
Plumas,2021-05-05,50,13940,3,1017,46,12195,1,728,24,1285,26,6669,25,7954,California
Plumas,2021-05-06,67,14007,1,1018,61,12256,5,733,21,1265,46,6715,26,7980,California
Plumas,2021-05-07,22,14029,5,1023,16,12272,1,734,8,1260,14,6729,9,7989,California
Plumas,2021-05-08,7,14036,0,1023,4,12276,3,737,4,1264,3,6732,7,7996,California
Plumas,2021-05-09,1,14037,0,1023,0,12276,1,738,0,1264,1,6733,1,7997,California
Plumas,2021-05-10,50,14087,0,1023,28,12304,22,760,24,1284,26,6759,46,8043,California
Plumas,2021-05-11,178,14265,2,1025,157,12461,19,779,14,1153,164,6923,33,8076,California
Plumas,2021-05-12,100,14365,1,1026,91,12552,8,787,36,1134,63,6986,44,8120,California
Plumas,2021-05-13,39,14404,3,1029,34,12586,2,789,14,1125,25,7011,16,8136,California
Plumas,2021-05-14,20,14424,3,1032,12,12598,5,794,9,1128,11,7022,14,8150,California
Plumas,2021-05-15,11,14435,4,1036,4,12602,3,797,4,1128,7,7029,7,8157,California
Plumas,2021-05-16,1,14436,1,1037,0,12602,0,797,1,1129,0,7029,1,8158,California
Plumas,2021-05-17,14,14450,0,1037,5,12607,9,806,4,1132,10,7039,13,8171,California
Plumas,2021-05-18,48,14498,8,1045,39,12646,1,807,26,1137,22,7061,27,8198,California
Plumas,2021-05-19,51,14549,4,1049,30,12676,17,824,13,1130,38,7099,31,8229,California
Plumas,2021-05-20,192,14741,136,1185,45,12721,11,835,80,1110,111,7210,91,8320,California
Plumas,2021-05-21,28,14769,7,1192,14,12735,7,842,13,1115,15,7225,20,8340,California
Plumas,2021-05-22,137,14906,2,1194,135,12870,0,842,7,994,128,7353,7,8347,California
Plumas,2021-05-23,2,14908,2,1196,0,12870,0,842,0,992,2,7355,0,8347,California
Plumas,2021-05-24,50,14958,36,1232,13,12883,1,843,41,1026,8,7363,42,8389,California
Plumas,2021-05-25,82,15040,3,1235,78,12961,1,844,17,979,65,7428,18,8407,California
Plumas,2021-05-26,42,15082,6,1241,28,12989,8,852,17,979,25,7453,25,8432,California
Plumas,2021-05-27,101,15183,25,1266,63,13052,13,865,41,974,59,7512,54,8486,California
Plumas,2021-05-28,41,15224,14,1280,25,13077,2,867,21,978,19,7531,23,8509,California
Plumas,2021-05-29,8,15232,0,1280,8,13085,0,867,6,983,2,7533,7,8516,California
Plumas,2021-05-30,1,15233,0,1280,1,13086,0,867,0,983,0,7533,0,8516,California
Plumas,2021-05-31,7,15240,0,1280,4,13090,3,870,0,981,5,7538,3,8519,California
Plumas,2021-06-01,34,15274,8,1288,20,13110,6,876,9,972,25,7563,16,8535,California
Plumas,2021-06-02,66,15340,5,1293,38,13148,23,899,12,953,54,7617,35,8570,California
Plumas,2021-06-03,67,15407,17,1310,40,13188,10,909,28,952,39,7656,38,8608,California
Plumas,2021-06-04,14,15421,3,1313,10,13198,1,910,8,956,5,7661,9,8617,California
Plumas,2021-06-05,7,15428,3,1316,4,13202,0,910,2,953,5,7666,2,8619,California
Plumas,2021-06-06,3,15431,1,1317,2,13204,0,910,0,950,3,7669,0,8619,California
Plumas,2021-06-07,38,15469,5,1322,25,13229,8,918,9,938,29,7698,17,8636,California
Plumas,2021-06-08,31,15500,9,1331,20,13249,2,920,8,925,23,7721,10,8646,California
Plumas,2021-06-09,42,15542,5,1336,34,13283,3,923,9,904,33,7754,12,8658,California
Plumas,2021-06-10,37,15579,15,1351,18,13301,4,927,14,899,23,7777,18,8676,California
Plumas,2021-06-11,25,15604,13,1364,9,13310,3,930,8,893,17,7794,11,8687,California
Plumas,2021-06-12,12,15616,4,1368,7,13317,1,931,6,894,6,7800,7,8694,California
Plumas,2021-06-13,3,15619,1,1369,2,13319,0,931,3,897,0,7800,3,8697,California
Plumas,2021-06-14,96,15715,88,1457,6,13325,2,933,13,829,83,7883,15,8712,California
Plumas,2021-06-15,30,15745,7,1464,21,13346,2,935,9,819,21,7904,11,8723,California
Plumas,2021-06-16,32,15777,11,1475,12,13358,9,944,8,812,24,7928,17,8740,California
Plumas,2021-06-17,50,15827,31,1506,15,13373,4,948,11,789,38,7966,15,8755,California
Plumas,2021-06-18,37,15864,15,1521,14,13387,8,956,13,785,24,7990,20,8775,California
Plumas,2021-06-19,9,15873,2,1523,7,13394,0,956,2,780,7,7997,2,8777,California
Plumas,2021-06-21,7,15880,2,1525,4,13398,1,957,4,782,3,8000,5,8782,California
Plumas,2021-06-22,15,15895,7,1532,7,13405,1,958,6,780,9,8009,7,8789,California
Riverside,2020-12-15,7,7,7,7,0,0,0,0,7,7,0,0,7,7,California
Riverside,2020-12-16,94,101,94,101,0,0,0,0,94,101,0,0,94,101,California
Riverside,2020-12-17,834,935,834,935,0,0,0,0,834,935,0,0,834,935,California
Riverside,2020-12-18,1788,2723,1787,2722,1,1,0,0,1788,2723,0,0,1788,2723,California
Riverside,2020-12-19,1058,3781,1055,3777,3,4,0,0,1056,3778,1,1,1056,3779,California
Riverside,2020-12-20,1115,4896,1114,4891,1,5,0,0,1115,4893,0,1,1115,4894,California
Riverside,2020-12-21,2327,7223,2325,7216,2,7,0,0,2327,7220,0,1,2327,7221,California
Riverside,2020-12-22,2289,9512,2242,9458,47,54,0,0,2289,9509,0,1,2289,9510,California
Riverside,2020-12-23,2159,11671,1813,11271,346,400,0,0,2160,11669,0,1,2160,11670,California
Riverside,2020-12-24,843,12514,639,11910,204,604,0,0,843,12512,0,1,843,12513,California
Riverside,2020-12-25,42,12556,18,11928,24,628,0,0,41,12553,0,1,41,12554,California
Riverside,2020-12-26,491,13047,270,12198,221,849,0,0,491,13044,0,1,491,13045,California
Riverside,2020-12-27,399,13446,270,12468,129,978,0,0,398,13441,1,2,398,13443,California
Riverside,2020-12-28,1714,15160,1195,13663,519,1497,0,0,1714,15155,0,2,1714,15157,California
Riverside,2020-12-29,1813,16973,1028,14691,785,2282,0,0,1813,16968,0,2,1813,16970,California
Riverside,2020-12-30,2657,19630,1730,16421,927,3209,0,0,2656,19623,1,3,2656,19626,California
Riverside,2020-12-31,1076,20706,419,16840,657,3866,0,0,1077,20699,1,4,1077,20703,California
Riverside,2021-01-01,134,20840,58,16898,76,3942,0,0,134,20833,0,4,134,20837,California
Riverside,2021-01-02,894,21734,707,17605,187,4129,0,0,894,21727,0,4,894,21731,California
Riverside,2021-01-03,359,22093,305,17910,54,4183,0,0,358,22085,0,4,358,22089,California
Riverside,2021-01-04,1305,23398,810,18720,495,4678,0,0,1304,23389,0,4,1304,23393,California
Riverside,2021-01-05,2054,25452,1410,20130,644,5322,0,0,1931,25203,117,121,1931,25324,California
Riverside,2021-01-06,2579,28031,1150,21280,1429,6751,0,0,2239,27108,334,455,2239,27563,California
Riverside,2021-01-07,2885,30916,1885,23165,1000,7751,0,0,1773,27777,1105,1560,1774,29337,California
Riverside,2021-01-08,4133,35049,2986,26151,1147,8898,0,0,2270,28189,1858,3418,2270,31607,California
Riverside,2021-01-09,2137,37186,877,27028,1260,10158,0,0,1762,29578,373,3791,1762,33369,California
Riverside,2021-01-10,1702,38888,751,27779,951,11109,0,0,1086,30048,616,4407,1086,34455,California
Riverside,2021-01-11,4616,43504,3149,30928,1467,12576,0,0,2847,31127,1768,6175,2847,37302,California
Riverside,2021-01-12,3509,47013,2777,33705,732,13308,0,0,1799,31224,1705,7880,1802,39104,California
Riverside,2021-01-13,4570,51583,2989,36694,1581,14889,0,0,2935,32528,1631,9511,2935,42039,California
Riverside,2021-01-14,5768,57351,2044,38738,3724,18613,0,0,5150,37064,616,10127,5152,47191,California
Riverside,2021-01-15,6242,63593,2057,40795,4185,22798,0,0,5908,42641,332,10459,5909,53100,California
Riverside,2021-01-16,3719,67312,1038,41833,2681,25479,0,0,3455,45833,264,10723,3456,56556,California
Riverside,2021-01-17,3663,70975,606,42439,3057,28536,0,0,3453,49078,208,10931,3453,60009,California
Riverside,2021-01-18,3881,74856,2122,44561,1759,30295,0,0,2827,50852,1054,11985,2828,62837,California
Riverside,2021-01-19,7546,82402,2690,47251,4856,35151,0,0,6401,56113,1145,13130,6406,69243,California
Riverside,2021-01-20,8392,90794,3186,50437,5206,40357,0,0,6698,61138,1679,14809,6704,75947,California
Riverside,2021-01-21,8507,99301,3514,53951,4993,45350,0,0,7831,68294,676,15485,7832,83779,California
Riverside,2021-01-22,8955,108256,3035,56986,5920,51270,0,0,8481,76306,471,15956,8483,92262,California
Riverside,2021-01-23,6086,114342,2372,59358,3714,54984,0,0,5273,80769,811,16767,5274,97536,California
Riverside,2021-01-24,3128,117470,1440,60798,1688,56672,0,0,2904,83452,222,16989,2905,100441,California
Riverside,2021-01-25,8044,125514,4597,65395,3447,60119,0,0,6879,89171,1162,18151,6881,107322,California
Riverside,2021-01-26,9242,134756,5734,71129,3508,63627,0,0,7712,95357,1527,19678,7713,115035,California
Riverside,2021-01-27,11141,145897,6442,77571,4699,68326,0,0,9503,103231,1632,21310,9506,124541,California
Riverside,2021-01-28,11757,157654,6841,84412,4916,73242,0,0,10559,112602,1190,22500,10561,135102,California
Riverside,2021-01-29,12117,169771,7323,91735,4794,78036,0,0,10721,121956,1372,23872,10726,145828,California
Riverside,2021-01-30,9220,178991,4649,96384,4571,82607,0,0,8719,130178,498,24370,8720,154548,California
Riverside,2021-01-31,5216,184207,4245,100629,971,83578,0,0,5076,135120,139,24509,5081,159629,California
Riverside,2021-02-01,11164,195371,6828,107457,4336,87914,0,0,9249,142469,1908,26417,9257,168886,California
Riverside,2021-02-02,9679,205050,4882,112339,4797,92711,0,0,8171,149150,1497,27914,8178,177064,California
Riverside,2021-02-03,12432,217482,5202,117541,7230,99941,0,0,9987,156712,2435,30349,9997,187061,California
Riverside,2021-02-04,13725,231207,6046,123587,7679,107620,0,0,11582,166166,2135,32484,11589,198650,California
Riverside,2021-02-05,14587,245794,5507,129094,9080,116700,0,0,11396,174392,3182,35666,11408,210058,California
Riverside,2021-02-06,7360,253154,4288,133382,3072,119772,0,0,5692,178427,1662,37328,5697,215755,California
Riverside,2021-02-07,2236,255390,819,134201,1417,121189,0,0,1898,179995,336,37664,1904,217659,California
Riverside,2021-02-08,12614,268004,5594,139795,7020,128209,0,0,10231,187872,2368,40032,10245,227904,California
Riverside,2021-02-09,9752,277756,4541,144336,5211,133420,0,0,7747,193642,1998,42030,7768,235672,California
Riverside,2021-02-10,12250,290006,7014,151350,5236,138656,0,0,9004,199431,3235,45265,9024,244696,California
Riverside,2021-02-11,16854,306860,9095,160445,7759,146415,0,0,12225,207092,4607,49872,12268,256964,California
Riverside,2021-02-12,17953,324813,10849,171294,7104,153519,0,0,12918,215050,4994,54866,12952,269916,California
Riverside,2021-02-13,6378,331191,2141,173435,4237,157756,0,0,3101,214922,3263,58129,3135,273051,California
Riverside,2021-02-14,5017,336208,1171,174606,3846,161602,0,0,2252,214432,2761,60890,2271,275322,California
Riverside,2021-02-15,9938,346146,5061,179667,4877,166479,0,0,5495,215514,4431,65321,5513,280835,California
Riverside,2021-02-16,16293,362439,10188,189855,6105,172584,0,0,9357,217971,6927,72248,9384,290219,California
Riverside,2021-02-17,15260,377699,8363,198218,6897,179481,0,0,7581,217940,7666,79914,7635,297854,California
Riverside,2021-02-18,15717,393416,9026,207244,6691,186172,0,0,8088,218465,7607,87521,8132,305986,California
Riverside,2021-02-19,15476,408892,8289,215533,7187,193359,0,0,7307,217651,8150,95671,7336,313322,California
Riverside,2021-02-20,8428,417320,4532,220065,3896,197255,0,0,2237,213724,6174,101845,2247,315569,California
Riverside,2021-02-21,4423,421743,3904,223969,519,197774,0,0,1264,211856,3143,104988,1275,316844,California
Riverside,2021-02-22,12460,434203,7819,231788,4641,202415,0,0,5139,209700,7306,112294,5150,321994,California
Riverside,2021-02-23,11352,445555,7700,239488,3652,206067,0,0,5528,209461,5797,118091,5558,327552,California
Riverside,2021-02-24,14937,460492,8132,247620,6805,212872,0,0,6325,207268,8574,126665,6381,333933,California
Riverside,2021-02-25,17592,478084,7488,255108,10104,222976,0,0,8141,206052,9426,136091,8210,342143,California
Riverside,2021-02-26,18951,497035,6843,261951,12108,235084,0,0,9450,206127,9441,145532,9516,351659,California
Riverside,2021-02-27,12209,509244,5651,267602,6558,241642,0,0,5802,205609,6377,151909,5859,357518,California
Riverside,2021-02-28,5003,514247,3291,270893,1712,243354,0,0,2477,205603,2514,154423,2508,360026,California
Riverside,2021-03-01,14503,528750,6184,277077,8314,251668,5,5,8507,208213,5956,160379,8566,368592,California
Riverside,2021-03-02,15570,544320,7623,284700,7946,259614,1,6,9113,210944,6435,166814,9166,377758,California
Riverside,2021-03-03,17280,561600,8562,293262,8718,268332,0,6,7512,208900,9717,176531,7673,385431,California
Riverside,2021-03-04,19007,580607,7575,300837,11427,279759,5,11,9045,208228,9918,186449,9246,394677,California
Riverside,2021-03-05,19091,599698,7676,308513,11369,291128,46,57,9443,208439,9597,196046,9808,404485,California
Riverside,2021-03-06,9624,609322,5108,313621,4034,295162,482,539,4781,208920,4830,200876,5311,409796,California
Riverside,2021-03-07,4331,613653,2795,316416,1147,296309,389,928,2028,209076,2294,203170,2450,412246,California
Riverside,2021-03-08,12117,625770,4822,321238,6885,303194,410,1338,5419,208309,6676,209846,5909,418155,California
Riverside,2021-03-09,14962,640732,6988,328226,7467,310661,507,1845,5932,205895,9007,218853,6593,424748,California
Riverside,2021-03-10,16133,656865,8655,336881,6542,317203,936,2781,6260,203451,9829,228682,7385,432133,California
Riverside,2021-03-11,19546,676411,9571,346452,8103,325306,1872,4653,7644,201332,11865,240547,9746,441879,California
Riverside,2021-03-12,21324,697735,7959,354411,8592,333898,4773,9426,7065,199285,14219,254766,12172,454051,California
Riverside,2021-03-13,8617,706352,2572,356983,4808,338706,1237,10663,4390,200812,4204,258970,5731,459782,California
Riverside,2021-03-14,4809,711161,1639,358622,1797,340503,1373,12036,2106,201613,2689,261659,3490,463272,California
Riverside,2021-03-15,18798,729959,7916,366538,9214,349717,1668,13704,9216,203081,9534,271193,11002,474274,California
Riverside,2021-03-16,21100,751059,10274,376812,10013,359730,813,14517,11450,205845,9613,280806,12377,486651,California
Riverside,2021-03-17,21564,772623,11051,387863,9451,369181,1062,15579,12910,211273,8615,289421,14043,500694,California
Riverside,2021-03-18,22903,795526,11955,399818,9269,378450,1679,17258,12630,215379,10221,299642,14327,515021,California
Riverside,2021-03-19,24301,819827,12765,412583,10563,389013,973,18231,14141,220761,10102,309744,15484,530505,California
Riverside,2021-03-20,10845,830672,6921,419504,2717,391730,1207,19438,6912,224992,3901,313645,8132,538637,California
Riverside,2021-03-21,3871,834543,3010,422514,583,392313,278,19716,2590,226605,1261,314906,2874,541511,California
Riverside,2021-03-22,16721,851264,9974,432488,6194,398507,553,20269,10627,231753,6035,320941,11183,552694,California
Riverside,2021-03-23,18755,870019,10601,443089,7729,406236,425,20694,11968,237445,6727,327668,12419,565113,California
Riverside,2021-03-24,18826,888845,10505,453594,8198,414434,123,20817,12876,244572,5897,333565,13024,578137,California
Riverside,2021-03-25,21237,910082,11717,465311,9341,423775,179,20996,14160,251925,7003,340568,14356,592493,California
Riverside,2021-03-26,24225,934307,11987,477298,12086,435861,152,21148,15031,258035,9089,349657,15199,607692,California
Riverside,2021-03-27,9390,943697,4908,482206,3428,439289,1054,22202,4843,259418,4520,354177,5903,613595,California
Riverside,2021-03-28,4804,948501,3154,485360,1557,440846,93,22295,2851,260425,1940,356117,2947,616542,California
Riverside,2021-03-29,17702,966203,8449,493809,9129,449975,124,22419,10917,264754,6734,362851,11063,627605,California
Riverside,2021-03-30,18426,984629,9590,503399,8629,458604,207,22626,11725,270033,6658,369509,11937,639542,California
Riverside,2021-03-31,18246,1002875,8475,511874,9451,468055,320,22946,11397,274962,6799,376308,11728,651270,California
Riverside,2021-04-01,25688,1028563,12547,524421,12348,480403,793,23739,16505,283157,9106,385414,17301,668571,California
Riverside,2021-04-02,26240,1054803,14104,538525,11157,491560,979,24718,16398,290980,9778,395192,17601,686172,California
Riverside,2021-04-03,9442,1064245,5980,544505,2845,494405,617,25335,6068,294311,3353,398545,6684,692856,California
Riverside,2021-04-04,3428,1067673,2071,546576,1093,495498,264,25599,1721,294601,1696,400241,1986,694842,California
Riverside,2021-04-05,18549,1086222,9491,556067,7181,502679,1877,27476,9956,297891,8551,408792,11841,706683,California
Riverside,2021-04-06,23890,1110112,12404,568471,9319,511998,2167,29643,13309,302832,10528,419320,15469,722152,California
Riverside,2021-04-07,25004,1135116,13472,581943,8990,520988,2542,32185,13891,308201,11064,430384,16433,738585,California
Riverside,2021-04-08,27645,1162761,15260,597203,9354,530342,3031,35216,16855,317358,10717,441101,19874,758459,California
Riverside,2021-04-09,26489,1189250,15559,612762,8424,538766,2506,37722,16135,325727,10303,451404,18672,777131,California
Riverside,2021-04-10,12118,1201368,6779,619541,3920,542686,1419,39141,5301,325671,6771,458175,6715,783846,California
Riverside,2021-04-11,4684,1206052,2786,622327,1262,543948,636,39777,2204,326048,2468,460643,2845,786691,California
Riverside,2021-04-12,20285,1226337,9023,631350,8596,552544,2666,42443,10132,328741,10112,470755,12805,799496,California
Riverside,2021-04-13,20234,1246571,11322,642672,8884,561428,28,42471,11592,331767,8602,479357,11628,811124,California
Riverside,2021-04-14,22443,1269014,12367,655039,10061,571489,15,42486,11019,331470,11354,490711,11057,822181,California
Riverside,2021-04-15,22271,1291285,12613,667652,9650,581139,8,42494,11777,332844,10422,501133,11796,833977,California
Riverside,2021-04-16,25336,1316621,14656,682308,10674,591813,6,42500,11757,331108,13517,514650,11781,845758,California
Riverside,2021-04-17,10000,1326621,6601,688909,3399,595212,0,42500,5034,331213,4939,519589,5044,850802,California
Riverside,2021-04-18,3932,1330553,2858,691767,1067,596279,7,42507,1849,331012,2066,521655,1865,852667,California
Riverside,2021-04-19,19709,1350262,11707,703474,7999,604278,3,42510,7108,325590,12551,534206,7129,859796,California
Riverside,2021-04-20,19101,1369363,10084,713558,9008,613286,9,42519,7803,322158,11253,545459,7821,867617,California
Riverside,2021-04-21,19998,1389361,11527,725085,8461,621747,10,42529,8050,318372,11877,557336,8091,875708,California
Riverside,2021-04-22,23337,1412698,13629,738714,9704,631451,4,42533,8716,312554,14550,571886,8732,884440,California
Riverside,2021-04-23,23354,1436052,13748,752462,9592,641043,14,42547,9145,307584,14149,586035,9179,893619,California
Riverside,2021-04-24,10519,1446571,7304,759766,3211,644254,4,42551,4816,306741,5666,591701,4823,898442,California
Riverside,2021-04-25,4259,1450830,2829,762595,1423,645677,7,42558,2208,306926,2032,593733,2217,900659,California
Riverside,2021-04-26,17145,1467975,10723,773318,6375,652052,47,42605,5837,301563,11263,604996,5900,906559,California
Riverside,2021-04-27,18371,1486346,10479,783797,7694,659746,198,42803,6384,296214,11939,616935,6590,913149,California
Riverside,2021-04-28,16571,1502917,8909,792706,7400,667146,262,43065,5581,291141,10926,627861,5853,919002,California
Riverside,2021-04-29,18795,1521712,11494,804200,6955,674101,346,43411,5418,283592,13311,641172,5762,924764,California
Riverside,2021-04-30,19889,1541601,11491,815691,8016,682117,382,43793,6419,276980,13415,654587,6803,931567,California
Riverside,2021-05-01,6819,1548420,4896,820587,1751,683868,172,43965,2350,275061,4441,659028,2522,934089,California
Riverside,2021-05-02,3388,1551808,2210,822797,969,684837,209,44174,1084,274076,2286,661314,1301,935390,California
Riverside,2021-05-03,18022,1569830,11070,833867,6460,691297,492,44666,4159,264929,13797,675111,4650,940040,California
Riverside,2021-05-04,17360,1587190,10999,844866,5903,697200,458,45124,4887,257881,12405,687516,5357,945397,California
Riverside,2021-05-05,15873,1603063,8975,853841,6528,703728,370,45494,4568,251595,11244,698760,4958,950355,California
Riverside,2021-05-06,17855,1620918,9983,863824,7456,711184,416,45910,4499,243269,13280,712040,4954,955309,California
Riverside,2021-05-07,20419,1641337,11618,875442,8354,719538,447,46357,5368,234115,14972,727012,5818,961127,California
Riverside,2021-05-08,6941,1648278,4569,880011,2109,721647,263,46620,2586,232651,4321,731333,2857,963984,California
Riverside,2021-05-09,2323,1650601,1529,881540,640,722287,154,46774,850,232199,1464,732797,1012,964996,California
Riverside,2021-05-10,10099,1660700,5167,886707,4546,726833,386,47160,2867,228277,7180,739977,3258,968254,California
Riverside,2021-05-11,13912,1674612,8350,895057,5043,731876,519,47679,3805,222591,10025,750002,4339,972593,California
Riverside,2021-05-12,12907,1687519,6585,901642,5990,737866,332,48011,4052,218173,8802,758804,4384,976977,California
Riverside,2021-05-13,15018,1702537,9112,910754,5629,743495,277,48288,5378,214252,9589,768393,5668,982645,California
Riverside,2021-05-14,17798,1720335,11218,921972,5788,749283,792,49080,6936,211189,10791,779184,7728,990373,California
Riverside,2021-05-15,9686,1730021,6932,928904,2355,751638,399,49479,4952,211835,4705,783889,5351,995724,California
Riverside,2021-05-16,3510,1733531,2554,931458,839,752477,117,49596,1731,211915,1766,785655,1846,997570,California
Riverside,2021-05-17,11798,1745329,7591,939049,3855,756332,352,49948,5156,210817,6610,792265,5512,1003082,California
Riverside,2021-05-18,15083,1760412,9323,948372,5407,761739,353,50301,6121,208377,8915,801180,6475,1009557,California
Riverside,2021-05-19,12190,1772602,7718,956090,4235,765974,237,50538,6024,208526,6116,807296,6265,1015822,California
Riverside,2021-05-20,11869,1784471,7437,963527,4175,770149,257,50795,5395,207757,6425,813721,5656,1021478,California
Riverside,2021-05-21,14408,1798879,8899,972426,5184,775333,325,51120,6195,206129,8150,821871,6522,1028000,California
Riverside,2021-05-22,7183,1806062,4858,977284,2129,777462,196,51316,3847,206874,3300,825171,4045,1032045,California
Riverside,2021-05-23,2583,1808645,1669,978953,837,778299,77,51393,1260,206900,1310,826481,1336,1033381,California
Riverside,2021-05-24,8626,1817271,5569,984522,2748,781047,309,51702,3833,206284,4758,831239,4142,1037523,California
Riverside,2021-05-25,9696,1826967,5782,990304,3644,784691,270,51972,3947,204796,5709,836948,4221,1041744,California
Riverside,2021-05-26,8894,1835861,5516,995820,3049,787740,329,52301,4006,204297,4839,841787,4340,1046084,California
Riverside,2021-05-27,8537,1844398,5114,1000934,3187,790927,236,52537,4033,204116,4454,846241,4273,1050357,California
Riverside,2021-05-28,10689,1855087,6504,1007438,3874,794801,311,52848,5029,203865,5598,851839,5347,1055704,California
Riverside,2021-05-29,5006,1860093,3404,1010842,1478,796279,124,52972,2849,204705,2135,853974,2975,1058679,California
Riverside,2021-05-30,1964,1862057,1416,1012258,479,796758,69,53041,1077,204971,880,854854,1146,1059825,California
Riverside,2021-05-31,873,1862930,495,1012753,345,797103,33,53074,333,204802,535,855389,366,1060191,California
Riverside,2021-06-01,9133,1872063,5646,1018399,3252,800355,235,53309,3596,203146,5485,860874,3829,1064020,California
Riverside,2021-06-02,7115,1879178,4336,1022735,2500,802855,279,53588,2869,202094,4203,865077,3151,1067171,California
Riverside,2021-06-03,7938,1887116,5292,1028027,2376,805231,270,53858,2866,200193,5033,870110,3132,1070303,California
Riverside,2021-06-04,10609,1897725,7597,1035624,2757,807988,255,54113,3883,197657,6676,876786,4140,1074443,California
Riverside,2021-06-05,6921,1904646,5104,1040728,1269,809257,548,54661,2273,195856,4625,881411,2824,1077267,California
Riverside,2021-06-06,2194,1906840,1865,1042593,278,809535,51,54712,791,195303,1396,882807,843,1078110,California
Riverside,2021-06-07,6904,1913744,5235,1047828,1438,810973,231,54943,2276,193215,4598,887405,2510,1080620,California
Riverside,2021-06-08,9023,1922767,6552,1054380,2204,813177,267,55210,3036,190588,5934,893339,3307,1083927,California
Riverside,2021-06-09,7717,1930484,5619,1059999,1801,814978,297,55507,2378,187965,5296,898635,2673,1086600,California
Riverside,2021-06-10,7563,1938047,5331,1065330,2003,816981,229,55736,2383,185428,5152,903787,2615,1089215,California
Riverside,2021-06-11,8859,1946906,6005,1071335,2565,819546,289,56025,3019,182957,5780,909567,3309,1092524,California
Riverside,2021-06-12,5293,1952199,3908,1075243,1258,820804,127,56152,1645,181117,3618,913185,1778,1094302,California
Riverside,2021-06-13,1805,1954004,1347,1076590,414,821218,44,56196,548,180464,1245,914430,592,1094894,California
Riverside,2021-06-14,6408,1960412,4605,1081195,1501,822719,302,56498,2254,178899,4117,918547,2552,1097446,California
Riverside,2021-06-15,7168,1967580,4922,1086117,1937,824656,309,56807,2764,177620,4357,922904,3078,1100524,California
Riverside,2021-06-16,6753,1974333,4642,1090759,1805,826461,306,57113,2441,176098,4269,927173,2747,1103271,California
Riverside,2021-06-17,6495,1980828,4580,1095339,1678,828139,237,57350,2527,174932,3935,931108,2769,1106040,California
Riverside,2021-06-18,8180,1989008,5943,1101282,1969,830108,268,57618,3408,173888,4725,935833,3681,1109721,California
Riverside,2021-06-19,4267,1993275,3280,1104562,833,830941,154,57772,1801,173407,2439,938272,1958,1111679,California
Riverside,2021-06-20,1506,1994781,1148,1105710,323,831264,35,57807,584,173116,911,939183,620,1112299,California
Riverside,2021-06-21,4197,1998978,2779,1108489,1158,832422,260,58067,2186,173567,1995,941178,2446,1114745,California
Riverside,2021-06-22,2998,2001976,2038,1110527,784,833206,176,58243,1109,172981,1872,943050,1286,1116031,California
Sacramento,2020-12-15,314,314,314,314,0,0,0,0,314,314,0,0,314,314,California
Sacramento,2020-12-16,646,960,646,960,0,0,0,0,646,960,0,0,646,960,California
Sacramento,2020-12-17,701,1661,701,1661,0,0,0,0,701,1661,0,0,701,1661,California
Sacramento,2020-12-18,1110,2771,1110,2771,0,0,0,0,1111,2772,0,0,1111,2772,California
Sacramento,2020-12-19,609,3380,609,3380,0,0,0,0,609,3381,0,0,609,3381,California
Sacramento,2020-12-20,637,4017,637,4017,0,0,0,0,637,4018,0,0,637,4018,California
Sacramento,2020-12-21,1668,5685,1668,5685,0,0,0,0,1669,5687,0,0,1669,5687,California
Sacramento,2020-12-22,2107,7792,2071,7756,36,36,0,0,2107,7794,0,0,2107,7794,California
Sacramento,2020-12-23,2246,10038,2073,9829,173,209,0,0,2246,10040,0,0,2246,10040,California
Sacramento,2020-12-24,1044,11082,830,10659,214,423,0,0,1044,11084,0,0,1044,11084,California
Sacramento,2020-12-25,2,11084,1,10660,1,424,0,0,2,11086,0,0,2,11086,California
Sacramento,2020-12-26,506,11590,288,10948,218,642,0,0,506,11592,0,0,506,11592,California
Sacramento,2020-12-27,356,11946,249,11197,107,749,0,0,356,11948,0,0,356,11948,California
Sacramento,2020-12-28,1896,13842,1317,12514,579,1328,0,0,1895,13842,1,1,1895,13843,California
Sacramento,2020-12-29,1970,15812,1205,13719,765,2093,0,0,1970,15812,0,1,1970,15813,California
Sacramento,2020-12-30,2554,18366,1457,15176,1097,3190,0,0,2555,18367,0,1,2555,18368,California
Sacramento,2020-12-31,1226,19592,688,15864,538,3728,0,0,1227,19594,0,1,1227,19595,California
Sacramento,2021-01-01,81,19673,70,15934,11,3739,0,0,81,19675,0,1,81,19676,California
Sacramento,2021-01-02,576,20249,370,16304,206,3945,0,0,576,20251,0,1,576,20252,California
Sacramento,2021-01-03,412,20661,224,16528,188,4133,0,0,412,20663,0,1,412,20664,California
Sacramento,2021-01-04,1936,22597,831,17359,1105,5238,0,0,1934,22596,1,2,1934,22598,California
Sacramento,2021-01-05,2213,24810,988,18347,1225,6463,0,0,1849,24088,364,366,1856,24454,California
Sacramento,2021-01-06,2724,27534,1616,19963,1108,7571,0,0,1929,25225,792,1158,1929,26383,California
Sacramento,2021-01-07,2837,30371,1513,21476,1324,8895,0,0,1907,26205,927,2085,1907,28290,California
Sacramento,2021-01-08,3281,33652,2081,23557,1200,10095,0,0,2168,27266,1109,3194,2170,30460,California
Sacramento,2021-01-09,1278,34930,799,24356,479,10574,0,0,886,27761,391,3585,886,31346,California
Sacramento,2021-01-10,1219,36149,712,25068,507,11081,0,0,751,28045,468,4053,752,32098,California
Sacramento,2021-01-11,4349,40498,2955,28023,1394,12475,0,0,2414,28537,1934,5987,2426,34524,California
Sacramento,2021-01-12,4597,45095,3214,31237,1383,13858,0,0,2609,29163,1988,7975,2614,37138,California
Sacramento,2021-01-13,3839,48934,2221,33458,1618,15476,0,0,2425,30176,1413,9388,2426,39564,California
Sacramento,2021-01-14,4621,53555,2325,35783,2296,17772,0,0,3712,32982,906,10294,3712,43276,California
Sacramento,2021-01-15,4439,57994,2254,38037,2185,19957,0,0,3725,35995,713,11007,3726,47002,California
Sacramento,2021-01-16,2088,60082,1288,39325,800,20757,0,0,1868,37644,219,11226,1868,48870,California
Sacramento,2021-01-17,1676,61758,985,40310,691,21448,0,0,1493,38957,183,11409,1496,50366,California
Sacramento,2021-01-18,2832,64590,1738,42048,1094,22542,0,0,2259,40645,572,11981,2260,52626,California
Sacramento,2021-01-19,4988,69578,3032,45080,1956,24498,0,0,3737,43133,1251,13232,3739,56365,California
Sacramento,2021-01-20,4833,74411,2855,47935,1978,26476,0,0,3605,45514,1230,14462,3611,59976,California
Sacramento,2021-01-21,5223,79634,3019,50954,2204,28680,0,0,4251,48801,966,15428,4253,64229,California
Sacramento,2021-01-22,5045,84679,2708,53662,2337,31017,0,0,4743,53244,301,15729,4744,68973,California
Sacramento,2021-01-23,3771,88450,1575,55237,2196,33213,0,0,3307,56087,464,16193,3307,72280,California
Sacramento,2021-01-24,1623,90073,1014,56251,609,33822,0,0,1380,57227,242,16435,1382,73662,California
Sacramento,2021-01-25,4401,94474,2159,58410,2242,36064,0,0,2936,58700,1465,17900,2938,76600,California
Sacramento,2021-01-26,4753,99227,2159,60569,2594,38658,0,0,3550,61051,1201,19101,3552,80152,California
Sacramento,2021-01-27,5863,105090,3051,63620,2812,41470,0,0,4239,63672,1620,20721,4241,84393,California
Sacramento,2021-01-28,5410,110500,2741,66361,2669,44139,0,0,4309,66882,1100,21821,4310,88703,California
Sacramento,2021-01-29,5419,115919,2940,69301,2479,46618,0,0,4397,70265,1014,22835,4397,93100,California
Sacramento,2021-01-30,4525,120444,2205,71506,2320,48938,0,0,4092,73927,430,23265,4092,97192,California
Sacramento,2021-01-31,2345,122789,2044,73550,301,49239,0,0,2065,75717,277,23542,2067,99259,California
Sacramento,2021-02-01,5957,128746,3040,76590,2917,52156,0,0,4268,78300,1685,25227,4268,103527,California
Sacramento,2021-02-02,7052,135798,3807,80397,3245,55401,0,0,4890,81050,2142,27369,4892,108419,California
Sacramento,2021-02-03,7159,142957,3612,84009,3547,58948,0,0,5293,84488,1857,29226,5295,113714,California
Sacramento,2021-02-04,7774,150731,3688,87697,4086,63034,0,0,5534,87791,2231,31457,5534,119248,California
Sacramento,2021-02-05,7880,158611,4494,92191,3386,66420,0,0,4936,89815,2921,34378,4945,124193,California
Sacramento,2021-02-06,8469,167080,3478,95669,4991,71411,0,0,7120,95591,1347,35725,7123,131316,California
Sacramento,2021-02-07,4069,171149,2206,97875,1863,73274,0,0,2895,97319,1169,36894,2897,134213,California
Sacramento,2021-02-08,6270,177419,3262,101137,3008,76282,0,0,3912,98878,2353,39247,3912,138125,California
Sacramento,2021-02-09,6785,184204,3553,104690,3232,79514,0,0,4012,100127,2764,42011,4013,142138,California
Sacramento,2021-02-10,7701,191905,4216,108906,3485,82999,0,0,4532,101508,3155,45166,4536,146674,California
Sacramento,2021-02-11,9615,201520,5746,114652,3869,86868,0,0,5516,102943,4084,49250,5519,152193,California
Sacramento,2021-02-12,10713,212233,4172,118824,6541,93409,0,0,6411,105120,4240,53490,6417,158610,California
Sacramento,2021-02-13,7697,219930,3000,121824,4697,98106,0,0,6098,109628,1593,55083,6101,164711,California
Sacramento,2021-02-14,3226,223156,1984,123808,1242,99348,0,0,2110,110633,1114,56197,2119,166830,California
Sacramento,2021-02-15,6000,229156,2055,125863,3945,103293,0,0,4170,112982,1824,58021,4173,171003,California
Sacramento,2021-02-16,9265,238421,4222,130085,5043,108336,0,0,5325,114380,3933,61954,5331,176334,California
Sacramento,2021-02-17,8854,247275,4997,135082,3857,112193,0,0,5146,115834,3697,65651,5151,181485,California
Sacramento,2021-02-18,9588,256863,5772,140854,3816,116009,0,0,5731,117722,3847,69498,5735,187220,California
Sacramento,2021-02-19,10085,266948,6186,147040,3899,119908,0,0,5981,119617,4093,73591,5988,193208,California
Sacramento,2021-02-20,7861,274809,5796,152836,2065,121973,0,0,4753,121271,3102,76693,4756,197964,California
Sacramento,2021-02-21,3070,277879,2431,155267,639,122612,0,0,1093,120393,1971,78664,1093,199057,California
Sacramento,2021-02-22,6317,284196,3819,159086,2498,125110,0,0,2784,119660,3521,82185,2788,201845,California
Sacramento,2021-02-23,7301,291497,4524,163610,2777,127887,0,0,3552,119484,3732,85917,3556,205401,California
Sacramento,2021-02-24,9850,301347,5428,169038,4422,132309,0,0,5391,120438,4443,90360,5397,210798,California
Sacramento,2021-02-25,11285,312632,6471,175509,4814,137123,0,0,6626,122422,4643,95003,6627,217425,California
Sacramento,2021-02-26,14437,327069,6811,182320,7626,144749,0,0,9901,127824,4505,99508,9907,227332,California
Sacramento,2021-02-27,11077,338146,6870,189190,4204,148953,3,3,8187,133150,2864,102372,8190,235522,California
Sacramento,2021-02-28,6198,344344,2329,191519,3869,152822,0,3,3105,133179,3079,105451,3108,238630,California
Sacramento,2021-03-01,8636,352980,3616,195135,5018,157840,2,5,4706,133981,3909,109360,4711,243341,California
Sacramento,2021-03-02,9325,362305,4052,199187,5272,163112,1,6,5719,136117,3588,112948,5724,249065,California
Sacramento,2021-03-03,11107,373412,5065,204252,6039,169151,3,9,6666,138368,4420,117368,6671,255736,California
Sacramento,2021-03-04,13488,386900,6195,210447,7289,176440,4,13,7495,139915,5959,123327,7506,263242,California
Sacramento,2021-03-05,10655,397555,4932,215379,5693,182133,30,43,7074,143459,3560,126887,7104,270346,California
Sacramento,2021-03-06,8121,405676,3114,218493,4885,187018,122,165,4120,143713,3987,130874,4241,274587,California
Sacramento,2021-03-07,7620,413296,2216,220709,5314,192332,90,255,3749,143684,3866,134740,3837,278424,California
Sacramento,2021-03-08,9138,422434,4281,224990,4633,196965,224,479,5969,146719,3156,137896,6191,284615,California
Sacramento,2021-03-09,9643,432077,4562,229552,4788,201753,293,772,5540,148467,4084,141980,5832,290447,California
Sacramento,2021-03-10,11784,443861,7529,237081,3901,205654,354,1126,6876,150832,4870,146850,7235,297682,California
Sacramento,2021-03-11,15054,458915,10009,247090,4221,209875,824,1950,8922,154482,6092,152942,9742,307424,California
Sacramento,2021-03-12,18085,477000,8364,255454,8857,218732,864,2814,8855,155030,9178,162120,9726,317150,California
Sacramento,2021-03-13,13038,490038,3583,259037,9024,227756,431,3245,7869,158167,5158,167278,8295,325445,California
Sacramento,2021-03-14,8410,498448,3482,262519,4306,232062,622,3867,4443,159287,3943,171221,5063,330508,California
Sacramento,2021-03-15,12235,510683,4881,267400,6705,238767,649,4516,7056,161840,5153,176374,7706,338214,California
Sacramento,2021-03-16,14033,524716,6224,273624,7155,245922,654,5170,8627,165745,5369,181743,9274,347488,California
Sacramento,2021-03-17,13820,538536,6648,280272,6537,252459,635,5805,8818,170223,4976,186719,9454,356942,California
Sacramento,2021-03-18,15753,554289,8267,288539,6891,259350,595,6400,9994,175085,5725,192444,10587,367529,California
Sacramento,2021-03-19,15681,569970,8021,296560,6284,265634,1376,7776,7927,176652,7728,200172,9295,376824,California
Sacramento,2021-03-20,12926,582896,7536,304096,5048,270682,342,8118,8040,180180,4856,205028,8384,385208,California
Sacramento,2021-03-21,5604,588500,2775,306871,2790,273472,39,8157,4869,184371,721,205749,4912,390120,California
Sacramento,2021-03-22,9384,597884,4804,311675,3729,277201,851,9008,6196,188257,3159,208908,7045,397165,California
Sacramento,2021-03-23,11416,609300,6817,318492,3795,280996,804,9812,7308,192303,4064,212972,8110,405275,California
Sacramento,2021-03-24,11873,621173,7265,325757,3978,284974,630,10442,6714,194571,5076,218048,7344,412619,California
Sacramento,2021-03-25,14188,635361,8338,334095,5013,289987,837,11279,8536,198330,5607,223655,9366,421985,California
Sacramento,2021-03-26,18313,653674,8941,343036,8860,298847,512,11791,9169,198937,9076,232731,9683,431668,California
Sacramento,2021-03-27,9687,663361,3579,346615,5820,304667,288,12079,5091,199748,4563,237294,5374,437042,California
Sacramento,2021-03-28,6529,669890,3217,349832,3062,307729,250,12329,2697,198877,3821,241115,2950,439992,California
Sacramento,2021-03-29,11062,680952,5902,355734,4768,312497,392,12721,4943,198122,6090,247205,5335,445327,California
Sacramento,2021-03-30,11853,692805,6065,361799,5383,317880,405,13126,5991,198681,5836,253041,6395,451722,California
Sacramento,2021-03-31,13446,706251,7857,369656,5181,323061,408,13534,5569,196803,7849,260890,5971,457693,California
Sacramento,2021-04-01,17488,723739,10476,380132,6776,329837,236,13770,7350,194302,10092,270982,7591,465284,California
Sacramento,2021-04-02,17141,740880,9701,389833,6699,336536,741,14511,9006,195945,8103,279085,9746,475030,California
Sacramento,2021-04-03,10452,751332,6243,396076,3660,340196,549,15060,6415,198898,4006,283091,6959,481989,California
Sacramento,2021-04-04,3724,755056,1536,397612,1987,342183,201,15261,1448,198272,2270,285361,1644,483633,California
Sacramento,2021-04-05,12043,767099,7565,405177,3646,345829,832,16093,5373,197838,6633,291994,6199,489832,California
Sacramento,2021-04-06,15664,782763,8849,414026,5475,351304,1340,17433,6937,197413,8695,300689,8270,498102,California
Sacramento,2021-04-07,14855,797618,8026,422052,5227,356531,1602,19035,7161,198512,7651,308340,8750,506852,California
Sacramento,2021-04-08,15057,812675,6775,428827,5300,361831,2982,22017,6008,198467,9014,317354,8969,515821,California
Sacramento,2021-04-09,18336,831011,9380,438207,6725,368556,2231,24248,7433,197259,10860,328214,9652,525473,California
Sacramento,2021-04-10,12880,843891,3835,442042,7826,376382,1219,25467,5344,196289,7506,335720,6536,532009,California
Sacramento,2021-04-11,10826,854717,4365,446407,6236,382618,225,25692,3865,193441,6936,342656,4088,536097,California
Sacramento,2021-04-12,13008,867725,5045,451452,6058,388676,1905,27597,4939,192263,8005,350661,6827,542924,California
Sacramento,2021-04-13,16274,883999,9957,461409,6312,394988,5,27602,7570,191170,8672,359333,7579,550503,California
Sacramento,2021-04-14,15015,899014,7984,469393,7029,402017,2,27604,5916,188022,9068,368401,5920,556423,California
Sacramento,2021-04-15,16412,915426,8433,477826,7976,409993,3,27607,6652,184958,9722,378123,6658,563081,California
Sacramento,2021-04-16,17572,932998,9711,487537,7861,417854,0,27607,7982,183397,9546,387669,7985,571066,California
Sacramento,2021-04-17,15400,948398,6169,493706,9231,427085,0,27607,11169,190363,4208,391877,11174,582240,California
Sacramento,2021-04-18,8461,956859,3072,496778,5389,432474,0,27607,3770,189463,4671,396548,3771,586011,California
Sacramento,2021-04-19,10608,967467,5733,502511,4870,437344,5,27612,4724,188335,5860,402408,4732,590743,California
Sacramento,2021-04-20,11180,978647,6778,509289,4399,441743,3,27615,5940,189067,5215,407623,5947,596690,California
Sacramento,2021-04-21,11537,990184,6680,515969,4855,446598,2,27617,6253,190066,5259,412882,6258,602948,California
Sacramento,2021-04-22,14875,1005059,9912,525881,4959,451557,4,27621,6847,188923,7996,420878,6853,609801,California
Sacramento,2021-04-23,15911,1020970,10009,535890,5902,457459,0,27621,7374,187798,8501,429379,7376,617177,California
Sacramento,2021-04-24,11326,1032296,7005,542895,4320,461779,1,27622,5928,188367,5361,434740,5930,623107,California
Sacramento,2021-04-25,8001,1040297,4474,547369,3527,465306,0,27622,4165,188712,3821,438561,4166,627273,California
Sacramento,2021-04-26,10591,1050888,6607,553976,3961,469267,23,27645,5003,188182,5556,444117,5026,632299,California
Sacramento,2021-04-27,12046,1062934,7904,561880,3989,473256,153,27798,5917,188158,6096,450213,6072,638371,California
Sacramento,2021-04-28,10499,1073433,5849,567729,4444,477700,206,28004,5833,189565,4636,454849,6043,644414,California
Sacramento,2021-04-29,10864,1084297,7304,575033,3256,480956,304,28308,5997,191038,4830,459679,6303,650717,California
Sacramento,2021-04-30,12468,1096765,7821,582854,4385,485341,262,28570,5874,190627,6548,466227,6137,656854,California
Sacramento,2021-05-01,7593,1104358,5474,588328,1944,487285,175,28745,2767,188777,4791,471018,2941,659795,California
Sacramento,2021-05-02,4997,1109355,4304,592632,542,487827,151,28896,2227,188409,2744,473762,2376,662171,California
Sacramento,2021-05-03,9115,1118470,7291,599923,1545,489372,279,29175,3969,187530,5123,478885,4244,666415,California
Sacramento,2021-05-04,9385,1127855,5709,605632,3365,492737,311,29486,3785,186067,5557,484442,4094,670509,California
Sacramento,2021-05-05,11067,1138922,5984,611616,4621,497358,462,29948,4512,184524,6510,490952,4967,675476,California
Sacramento,2021-05-06,11216,1150138,6207,617823,4701,502059,308,30256,4625,183191,6263,497215,4930,680406,California
Sacramento,2021-05-07,10628,1160766,6183,624006,4074,506133,371,30627,4468,181924,6107,503322,4840,685246,California
Sacramento,2021-05-08,8234,1169000,3813,627819,4192,510325,229,30856,2716,179383,5479,508801,2938,688184,California
Sacramento,2021-05-09,3145,1172145,1651,629470,1380,511705,114,30970,1172,178707,1962,510763,1286,689470,California
Sacramento,2021-05-10,8085,1180230,3737,633207,4076,515781,272,31242,1979,174885,6075,516838,2253,691723,California
Sacramento,2021-05-11,8284,1188514,5160,638367,2864,518645,260,31502,2886,172665,5366,522204,3146,694869,California
Sacramento,2021-05-12,8556,1197070,5149,643516,3153,521798,254,31756,3042,170480,5479,527683,3294,698163,California
Sacramento,2021-05-13,11677,1208747,7460,650976,3940,525738,277,32033,4462,168045,7173,534856,4738,702901,California
Sacramento,2021-05-14,12199,1220946,6905,657881,5004,530742,290,32323,5037,166265,7107,541963,5327,708228,California
Sacramento,2021-05-15,13091,1234037,7908,665789,5038,535780,145,32468,5797,164944,7259,549222,5938,714166,California
Sacramento,2021-05-16,7881,1241918,4136,669925,3632,539412,113,32581,2157,161515,5701,554923,2272,716438,California
Sacramento,2021-05-17,10393,1252311,6302,676227,3797,543209,294,32875,3967,159390,6390,561313,4265,720703,California
Sacramento,2021-05-18,9710,1262021,6089,682316,3410,546619,211,33086,3686,157310,5982,567295,3902,724605,California
Sacramento,2021-05-19,9752,1271773,6232,688548,3257,549876,263,33349,4517,156903,5193,572488,4786,729391,California
Sacramento,2021-05-20,10144,1281917,6672,695220,3211,553087,261,33610,3856,154785,6236,578724,4118,733509,California
Sacramento,2021-05-21,10698,1292615,6795,702015,3579,556666,324,33934,4576,153612,6079,584803,4906,738415,California
Sacramento,2021-05-22,7396,1300011,4584,706599,2640,559306,172,34106,3344,153110,4021,588824,3519,741934,California
Sacramento,2021-05-23,4189,1304200,2882,709481,1204,560510,103,34209,1935,152915,2235,591059,2040,743974,California
Sacramento,2021-05-24,7657,1311857,4574,714055,2753,563263,330,34539,2399,150428,5214,596273,2727,746701,California
Sacramento,2021-05-25,6661,1318518,3862,717917,2506,565769,293,34832,2386,148858,4247,600520,2677,749378,California
Sacramento,2021-05-26,8490,1327008,4700,722617,3460,569229,330,35162,2821,146389,5616,606136,3147,752525,California
Sacramento,2021-05-27,6662,1333670,3644,726261,2775,572004,243,35405,2968,145945,3655,609791,3211,755736,California
Sacramento,2021-05-28,8241,1341911,4579,730840,3292,575296,370,35775,3499,145110,4704,614495,3869,759605,California
Sacramento,2021-05-29,4388,1346299,2683,733523,1549,576845,156,35931,2238,145376,2127,616622,2393,761998,California
Sacramento,2021-05-30,1666,1347965,1052,734575,575,577420,39,35970,774,145305,885,617507,814,762812,California
Sacramento,2021-05-31,879,1348844,440,735015,426,577846,13,35983,312,145063,567,618074,325,763137,California
Sacramento,2021-06-01,6930,1355774,4173,739188,2550,580396,207,36190,2679,143736,4210,622284,2883,766020,California
Sacramento,2021-06-02,6081,1361855,3351,742539,2516,582912,214,36404,2320,142552,3716,626000,2532,768552,California
Sacramento,2021-06-03,7423,1369278,5059,747598,2181,585093,183,36587,2248,139846,5135,631135,2429,770981,California
Sacramento,2021-06-04,7008,1376286,4496,752094,2302,587395,210,36797,2272,137622,4706,635841,2482,773463,California
Sacramento,2021-06-05,6164,1382450,4534,756628,1490,588885,140,36937,1796,135217,4339,640180,1934,775397,California
Sacramento,2021-06-06,2356,1384806,1847,758475,453,589338,56,36993,797,134518,1553,641733,854,776251,California
Sacramento,2021-06-07,5543,1390349,3881,762356,1483,590821,179,37172,1602,132380,3915,645648,1777,778028,California
Sacramento,2021-06-08,5372,1395721,3666,766022,1528,592349,178,37350,1815,130844,3532,649180,1996,780024,California
Sacramento,2021-06-09,6156,1401877,4267,770289,1704,594053,185,37535,1637,128198,4467,653647,1821,781845,California
Sacramento,2021-06-10,5396,1407273,3457,773746,1742,595795,197,37732,1704,126455,3644,657291,1901,783746,California
Sacramento,2021-06-11,7554,1414827,5217,778963,2143,597938,194,37926,2092,123311,5428,662719,2284,786030,California
Sacramento,2021-06-12,4706,1419533,3042,782005,1546,599484,118,38044,1301,121347,3384,666103,1420,787450,California
Sacramento,2021-06-13,1908,1421441,1405,783410,463,599947,40,38084,419,120328,1477,667580,458,787908,California
Sacramento,2021-06-14,4302,1425743,2788,786198,1352,601299,162,38246,1406,119015,2879,670459,1566,789474,California
Sacramento,2021-06-15,4883,1430626,2951,789149,1710,603009,222,38468,1723,117814,3145,673604,1944,791418,California
Sacramento,2021-06-16,4464,1435090,2998,792147,1248,604257,218,38686,1576,116738,2862,676466,1786,793204,California
Sacramento,2021-06-17,4046,1439136,2630,794777,1248,605505,168,38854,1401,115688,2614,679080,1564,794768,California
Sacramento,2021-06-18,5117,1444253,3348,798125,1533,607038,236,39090,1749,114329,3343,682423,1984,796752,California
Sacramento,2021-06-19,3280,1447533,2247,800372,890,607928,143,39233,1180,113567,2084,684507,1322,798074,California
Sacramento,2021-06-20,1228,1448761,910,801282,291,608219,27,39260,560,113495,659,685166,587,798661,California
Sacramento,2021-06-21,2501,1451262,1331,802613,1013,609232,157,39417,1230,113622,1258,686424,1385,800046,California
Sacramento,2021-06-22,2235,1453497,1561,804174,520,609752,154,39571,793,113136,1430,687854,944,800990,California
San Benito,2020-12-16,29,29,29,29,0,0,0,0,29,29,0,0,29,29,California
San Benito,2020-12-17,47,76,47,76,0,0,0,0,47,76,0,0,47,76,California
San Benito,2020-12-18,74,150,74,150,0,0,0,0,74,150,0,0,74,150,California
San Benito,2020-12-19,46,196,46,196,0,0,0,0,46,196,0,0,46,196,California
San Benito,2020-12-20,23,219,23,219,0,0,0,0,23,219,0,0,23,219,California
San Benito,2020-12-21,80,299,80,299,0,0,0,0,80,299,0,0,80,299,California
San Benito,2020-12-22,102,401,102,401,0,0,0,0,102,401,0,0,102,401,California
San Benito,2020-12-23,84,485,74,475,10,10,0,0,84,485,0,0,84,485,California
San Benito,2020-12-24,12,497,5,480,7,17,0,0,12,497,0,0,12,497,California
San Benito,2020-12-25,3,500,3,483,0,17,0,0,3,500,0,0,3,500,California
San Benito,2020-12-26,12,512,4,487,8,25,0,0,12,512,0,0,12,512,California
San Benito,2020-12-27,9,521,8,495,1,26,0,0,9,521,0,0,9,521,California
San Benito,2020-12-28,64,585,37,532,27,53,0,0,64,585,0,0,64,585,California
San Benito,2020-12-29,50,635,20,552,30,83,0,0,50,635,0,0,50,635,California
San Benito,2020-12-30,60,695,38,590,22,105,0,0,60,695,0,0,60,695,California
San Benito,2020-12-31,17,712,2,592,15,120,0,0,17,712,0,0,17,712,California
San Benito,2021-01-02,23,735,22,614,1,121,0,0,23,735,0,0,23,735,California
San Benito,2021-01-03,4,739,2,616,2,123,0,0,3,738,0,0,3,738,California
San Benito,2021-01-04,61,800,24,640,37,160,0,0,61,799,0,0,61,799,California
San Benito,2021-01-05,119,919,37,677,82,242,0,0,116,912,3,3,116,915,California
San Benito,2021-01-06,104,1023,43,720,61,303,0,0,88,984,16,19,88,1003,California
San Benito,2021-01-07,105,1128,67,787,38,341,0,0,53,985,52,71,53,1056,California
San Benito,2021-01-08,184,1312,89,876,95,436,0,0,120,1041,64,135,120,1176,California
San Benito,2021-01-09,44,1356,32,908,12,448,0,0,30,1057,14,149,30,1206,California
San Benito,2021-01-10,15,1371,13,921,2,450,0,0,5,1052,10,159,5,1211,California
San Benito,2021-01-11,176,1547,110,1031,66,516,0,0,73,1022,103,262,73,1284,California
San Benito,2021-01-12,162,1709,57,1088,105,621,0,0,122,1104,40,302,122,1406,California
San Benito,2021-01-13,242,1951,69,1157,173,794,0,0,192,1246,50,352,192,1598,California
San Benito,2021-01-14,134,2085,25,1182,109,903,0,0,114,1340,20,372,114,1712,California
San Benito,2021-01-15,217,2302,21,1203,196,1099,0,0,203,1529,14,386,203,1915,California
San Benito,2021-01-16,26,2328,8,1211,18,1117,0,0,21,1545,5,391,21,1936,California
San Benito,2021-01-17,11,2339,4,1215,7,1124,0,0,9,1552,2,393,9,1945,California
San Benito,2021-01-18,35,2374,22,1237,13,1137,0,0,20,1557,15,408,20,1965,California
San Benito,2021-01-19,173,2547,78,1315,95,1232,0,0,136,1656,37,445,136,2101,California
San Benito,2021-01-20,279,2826,98,1413,181,1413,0,0,233,1844,45,490,233,2334,California
San Benito,2021-01-21,127,2953,32,1445,95,1508,0,0,103,1923,24,514,103,2437,California
San Benito,2021-01-22,239,3192,19,1464,220,1728,0,0,229,2142,10,524,229,2666,California
San Benito,2021-01-23,28,3220,15,1479,13,1741,0,0,12,2138,16,540,12,2678,California
San Benito,2021-01-24,10,3230,3,1482,7,1748,0,0,6,2140,4,544,6,2684,California
San Benito,2021-01-25,65,3295,24,1506,41,1789,0,0,19,2113,46,590,19,2703,California
San Benito,2021-01-26,139,3434,41,1547,98,1887,0,0,86,2146,53,643,86,2789,California
San Benito,2021-01-27,232,3666,70,1617,162,2049,0,0,191,2296,41,684,191,2980,California
San Benito,2021-01-28,151,3817,31,1648,120,2169,0,0,123,2392,27,711,123,3103,California
San Benito,2021-01-29,298,4115,35,1683,263,2432,0,0,272,2639,25,736,272,3375,California
San Benito,2021-01-30,53,4168,34,1717,19,2451,0,0,29,2644,24,760,29,3404,California
San Benito,2021-01-31,15,4183,4,1721,11,2462,0,0,10,2649,5,765,10,3414,California
San Benito,2021-02-01,136,4319,28,1749,108,2570,0,0,93,2699,43,808,93,3507,California
San Benito,2021-02-02,229,4548,49,1798,180,2750,0,0,137,2744,92,900,137,3644,California
San Benito,2021-02-03,343,4891,44,1842,299,3049,0,0,274,2949,69,969,274,3918,California
San Benito,2021-02-04,168,5059,25,1867,143,3192,0,0,122,3025,46,1015,122,4040,California
San Benito,2021-02-05,303,5362,44,1911,259,3451,0,0,238,3198,65,1080,238,4278,California
San Benito,2021-02-06,49,5411,8,1919,41,3492,0,0,33,3215,16,1096,33,4311,California
San Benito,2021-02-07,18,5429,8,1927,10,3502,0,0,17,3231,1,1097,17,4328,California
San Benito,2021-02-08,140,5569,15,1942,125,3627,0,0,92,3275,48,1145,92,4420,California
San Benito,2021-02-09,327,5896,62,2004,265,3892,0,0,194,3336,133,1278,194,4614,California
San Benito,2021-02-10,324,6220,89,2093,235,4127,0,0,114,3241,209,1487,114,4728,California
San Benito,2021-02-11,301,6521,32,2125,269,4396,0,0,200,3340,101,1588,200,4928,California
San Benito,2021-02-12,421,6942,30,2155,391,4787,0,0,214,3348,206,1794,214,5142,California
San Benito,2021-02-13,58,7000,6,2161,52,4839,0,0,47,3384,11,1805,47,5189,California
San Benito,2021-02-14,41,7041,5,2166,36,4875,0,0,31,3405,10,1815,31,5220,California
San Benito,2021-02-15,109,7150,10,2176,99,4974,0,0,99,3494,10,1825,99,5319,California
San Benito,2021-02-16,212,7362,11,2187,201,5175,0,0,106,3495,106,1931,107,5426,California
San Benito,2021-02-17,333,7695,31,2218,302,5477,0,0,283,3728,50,1981,283,5709,California
San Benito,2021-02-18,294,7989,39,2257,255,5732,0,0,68,3570,226,2207,68,5777,California
San Benito,2021-02-19,354,8343,50,2307,304,6036,0,0,183,3582,171,2378,183,5960,California
San Benito,2021-02-20,47,8390,24,2331,23,6059,0,0,37,3609,10,2388,37,5997,California
San Benito,2021-02-21,24,8414,11,2342,13,6072,0,0,17,3619,7,2395,17,6014,California
San Benito,2021-02-22,132,8546,32,2374,100,6172,0,0,96,3680,35,2430,96,6110,California
San Benito,2021-02-23,376,8922,94,2468,282,6454,0,0,261,3826,115,2545,261,6371,California
San Benito,2021-02-24,387,9309,72,2540,315,6769,0,0,246,3931,141,2686,246,6617,California
San Benito,2021-02-25,399,9708,70,2610,329,7098,0,0,275,4080,126,2812,275,6892,California
San Benito,2021-02-26,662,10370,76,2686,586,7684,0,0,411,4240,251,3063,411,7303,California
San Benito,2021-02-27,113,10483,45,2731,68,7752,0,0,94,4315,19,3082,94,7397,California
San Benito,2021-02-28,254,10737,30,2761,224,7976,0,0,243,4547,11,3093,243,7640,California
San Benito,2021-03-01,233,10970,60,2821,173,8149,0,0,162,4637,72,3165,162,7802,California
San Benito,2021-03-02,287,11257,95,2916,192,8341,0,0,216,4782,71,3236,216,8018,California
San Benito,2021-03-03,409,11666,63,2979,346,8687,0,0,232,4839,175,3411,232,8250,California
San Benito,2021-03-04,622,12288,128,3107,479,9166,15,15,437,5095,185,3596,441,8691,California
San Benito,2021-03-05,596,12884,312,3419,272,9438,12,27,379,5271,215,3811,391,9082,California
San Benito,2021-03-06,207,13091,75,3494,118,9556,14,41,154,5386,53,3864,168,9250,California
San Benito,2021-03-07,644,13735,599,4093,22,9578,23,64,611,5987,33,3897,634,9884,California
San Benito,2021-03-08,292,14027,68,4161,177,9755,47,111,169,6080,123,4020,216,10100,California
San Benito,2021-03-09,431,14458,87,4248,245,10000,99,210,143,6008,287,4307,215,10315,California
San Benito,2021-03-10,413,14871,121,4369,196,10196,96,306,238,6167,175,4482,334,10649,California
San Benito,2021-03-11,478,15349,125,4494,198,10394,155,461,210,6264,268,4750,365,11014,California
San Benito,2021-03-12,529,15878,123,4617,310,10704,96,557,231,6296,296,5046,328,11342,California
San Benito,2021-03-13,203,16081,101,4718,83,10787,19,576,130,6375,70,5116,149,11491,California
San Benito,2021-03-14,232,16313,39,4757,173,10960,20,596,180,6524,51,5167,200,11691,California
San Benito,2021-03-15,325,16638,98,4855,208,11168,19,615,193,6604,132,5299,212,11903,California
San Benito,2021-03-16,508,17146,221,5076,255,11423,32,647,355,6836,153,5452,385,12288,California
San Benito,2021-03-17,803,17949,482,5558,299,11722,22,669,565,7181,234,5686,579,12867,California
San Benito,2021-03-18,791,18740,534,6092,204,11926,53,722,577,7589,213,5899,621,13488,California
San Benito,2021-03-19,779,19519,405,6497,350,12276,24,746,574,7981,205,6104,597,14085,California
San Benito,2021-03-20,247,19766,152,6649,84,12360,11,757,186,8117,61,6165,197,14282,California
San Benito,2021-03-21,112,19878,59,6708,49,12409,4,761,83,8175,29,6194,87,14369,California
San Benito,2021-03-22,357,20235,176,6884,156,12565,25,786,225,8293,132,6326,250,14619,California
San Benito,2021-03-23,483,20718,203,7087,270,12835,10,796,223,8265,260,6586,232,14851,California
San Benito,2021-03-24,589,21307,312,7399,270,13105,7,803,362,8408,226,6812,369,15220,California
San Benito,2021-03-25,752,22059,447,7846,301,13406,4,807,449,8562,299,7111,453,15673,California
San Benito,2021-03-26,1032,23091,532,8378,496,13902,4,811,342,8219,689,7800,346,16019,California
San Benito,2021-03-27,352,23443,199,8577,119,14021,34,845,223,8347,129,7929,257,16276,California
San Benito,2021-03-28,731,24174,603,9180,122,14143,6,851,133,7888,598,8527,139,16415,California
San Benito,2021-03-29,346,24520,110,9290,215,14358,21,872,143,7848,203,8730,163,16578,California
San Benito,2021-03-30,597,25117,285,9575,215,14573,97,969,303,7954,294,9024,400,16978,California
San Benito,2021-03-31,609,25726,377,9952,208,14781,24,993,346,8064,260,9284,370,17348,California
San Benito,2021-04-01,966,26692,388,10340,538,15319,40,1033,570,8273,395,9679,604,17952,California
San Benito,2021-04-02,545,27237,263,10603,146,15465,136,1169,270,8405,274,9953,406,18358,California
San Benito,2021-04-03,262,27499,88,10691,109,15574,65,1234,74,8356,188,10141,139,18497,California
San Benito,2021-04-04,144,27643,107,10798,31,15605,6,1240,105,8428,39,10180,111,18608,California
San Benito,2021-04-05,364,28007,174,10972,147,15752,43,1283,152,8410,212,10392,194,18802,California
San Benito,2021-04-06,467,28474,162,11134,124,15876,181,1464,159,8441,308,10700,339,19141,California
San Benito,2021-04-07,954,29428,528,11662,234,16110,192,1656,269,8219,683,11383,461,19602,California
San Benito,2021-04-08,868,30296,432,12094,181,16291,255,1911,226,8059,641,12024,481,20083,California
San Benito,2021-04-09,856,31152,505,12599,258,16549,93,2004,297,7891,558,12582,390,20473,California
San Benito,2021-04-10,362,31514,219,12818,80,16629,63,2067,203,7998,159,12741,266,20739,California
San Benito,2021-04-11,482,31996,276,13094,171,16800,35,2102,273,8076,209,12950,287,21026,California
San Benito,2021-04-12,543,32539,288,13382,136,16936,119,2221,281,8211,261,13211,396,21422,California
San Benito,2021-04-13,755,33294,294,13676,438,17374,23,2244,522,8525,232,13443,546,21968,California
San Benito,2021-04-14,854,34148,672,14348,182,17556,0,2244,403,8483,445,13888,403,22371,California
San Benito,2021-04-15,963,35111,748,15096,214,17770,1,2245,484,8491,478,14366,486,22857,California
San Benito,2021-04-16,714,35825,371,15467,331,18101,12,2257,301,8395,410,14776,314,23171,California
San Benito,2021-04-17,326,36151,229,15696,97,18198,0,2257,133,8333,195,14971,133,23304,California
San Benito,2021-04-18,505,36656,421,16117,84,18282,0,2257,245,8320,260,15231,247,23551,California
San Benito,2021-04-19,751,37407,603,16720,148,18430,0,2257,429,8430,321,15552,431,23982,California
San Benito,2021-04-20,802,38209,426,17146,374,18804,2,2259,504,8644,293,15845,507,24489,California
San Benito,2021-04-21,968,39177,706,17852,262,19066,0,2259,529,8748,425,16270,529,25018,California
San Benito,2021-04-22,909,40086,692,18544,217,19283,0,2259,573,8993,328,16598,573,25591,California
San Benito,2021-04-23,638,40724,401,18945,236,19519,1,2260,346,9095,244,16842,346,25937,California
San Benito,2021-04-24,362,41086,200,19145,162,19681,0,2260,169,9110,154,16996,169,26106,California
San Benito,2021-04-25,205,41291,127,19272,78,19759,0,2260,94,9111,93,17089,94,26200,California
San Benito,2021-04-26,498,41789,395,19667,103,19862,0,2260,263,9200,174,17263,263,26463,California
San Benito,2021-04-27,559,42348,284,19951,267,20129,8,2268,412,9483,137,17400,420,26883,California
San Benito,2021-04-28,557,42905,392,20343,157,20286,8,2276,395,9728,157,17557,402,27285,California
San Benito,2021-04-29,635,43540,237,20580,389,20675,9,2285,258,9635,377,17934,284,27569,California
San Benito,2021-04-30,379,43919,209,20789,162,20837,8,2293,205,9676,172,18106,213,27782,California
San Benito,2021-05-01,206,44125,150,20939,47,20884,9,2302,67,9614,138,18244,76,27858,California
San Benito,2021-05-02,195,44320,166,21105,25,20909,4,2306,58,9539,137,18381,62,27920,California
San Benito,2021-05-03,368,44688,288,21393,70,20979,10,2316,92,9367,276,18657,104,28024,California
San Benito,2021-05-04,405,45093,244,21637,153,21132,8,2324,150,9271,253,18910,157,28181,California
San Benito,2021-05-05,609,45702,425,22062,167,21299,17,2341,211,9104,395,19305,228,28409,California
San Benito,2021-05-06,623,46325,493,22555,114,21413,16,2357,224,8949,395,19700,240,28649,California
San Benito,2021-05-07,456,46781,287,22842,158,21571,11,2368,178,8863,276,19976,190,28839,California
San Benito,2021-05-08,278,47059,224,23066,48,21619,6,2374,155,8901,123,20099,161,29000,California
San Benito,2021-05-09,104,47163,78,23144,23,21642,3,2377,48,8896,56,20155,51,29051,California
San Benito,2021-05-10,422,47585,332,23476,66,21708,24,2401,53,8605,369,20524,78,29129,California
San Benito,2021-05-11,827,48412,415,23891,396,22104,16,2417,184,8165,641,21165,201,29330,California
San Benito,2021-05-12,495,48907,390,24281,92,22196,13,2430,115,7915,379,21544,129,29459,California
San Benito,2021-05-13,693,49600,591,24872,91,22287,11,2441,176,7587,514,22058,186,29645,California
San Benito,2021-05-14,596,50196,441,25313,148,22435,7,2448,231,7461,364,22422,238,29883,California
San Benito,2021-05-15,230,50426,172,25485,52,22487,6,2454,127,7491,103,22525,133,30016,California
San Benito,2021-05-16,170,50596,141,25626,27,22514,2,2456,93,7509,77,22602,95,30111,California
San Benito,2021-05-17,391,50987,314,25940,67,22581,10,2466,177,7484,212,22814,187,30298,California
San Benito,2021-05-18,685,51672,362,26302,318,22899,5,2471,214,7233,471,23285,220,30518,California
San Benito,2021-05-19,579,52251,418,26720,153,23052,8,2479,231,7124,348,23633,239,30757,California
San Benito,2021-05-20,599,52850,471,27191,117,23169,11,2490,315,7167,283,23916,326,31083,California
San Benito,2021-05-21,477,53327,280,27471,180,23349,17,2507,218,7145,257,24173,235,31318,California
San Benito,2021-05-22,300,53627,225,27696,70,23419,5,2512,183,7219,115,24288,189,31507,California
San Benito,2021-05-23,92,53719,54,27750,34,23453,4,2516,34,7198,58,24346,37,31544,California
San Benito,2021-05-24,304,54023,255,28005,42,23495,7,2523,187,7275,117,24463,194,31738,California
San Benito,2021-05-25,527,54550,242,28247,278,23773,7,2530,172,7101,353,24816,179,31917,California
San Benito,2021-05-26,314,54864,194,28441,113,23886,7,2537,131,7056,182,24998,137,32054,California
San Benito,2021-05-27,412,55276,315,28756,74,23960,23,2560,153,6976,259,25257,179,32233,California
San Benito,2021-05-28,292,55568,179,28935,106,24066,7,2567,112,6916,179,25436,119,32352,California
San Benito,2021-05-29,146,55714,124,29059,20,24086,2,2569,62,6896,84,25520,64,32416,California
San Benito,2021-05-30,268,55982,253,29312,15,24101,0,2569,93,6815,174,25694,93,32509,California
San Benito,2021-05-31,101,56083,88,29400,11,24112,2,2571,44,6805,56,25750,46,32555,California
San Benito,2021-06-01,269,56352,122,29522,121,24233,26,2597,99,6760,169,25919,124,32679,California
San Benito,2021-06-02,324,56676,245,29767,77,24310,2,2599,120,6680,203,26122,123,32802,California
San Benito,2021-06-03,340,57016,290,30057,44,24354,6,2605,134,6617,203,26325,140,32942,California
San Benito,2021-06-04,272,57288,202,30259,70,24424,0,2605,88,6522,183,26508,88,33030,California
San Benito,2021-06-05,92,57380,74,30333,17,24441,1,2606,19,6470,72,26580,20,33050,California
San Benito,2021-06-06,60,57440,49,30382,8,24449,3,2609,15,6443,45,26625,18,33068,California
San Benito,2021-06-07,336,57776,297,30679,34,24483,5,2614,87,6288,247,26872,92,33160,California
San Benito,2021-06-08,310,58086,218,30897,77,24560,15,2629,98,6190,211,27083,113,33273,California
San Benito,2021-06-09,242,58328,187,31084,47,24607,8,2637,72,6100,170,27253,80,33353,California
San Benito,2021-06-10,361,58689,331,31415,23,24630,7,2644,72,5893,286,27539,79,33432,California
San Benito,2021-06-11,255,58944,229,31644,21,24651,5,2649,92,5828,162,27701,97,33529,California
San Benito,2021-06-12,159,59103,145,31789,10,24661,4,2653,50,5788,94,27795,54,33583,California
San Benito,2021-06-13,51,59154,39,31828,10,24671,2,2655,16,5778,28,27823,18,33601,California
San Benito,2021-06-14,175,59329,148,31976,24,24695,3,2658,61,5729,113,27936,64,33665,California
San Benito,2021-06-15,221,59550,128,32104,87,24782,6,2664,76,5669,143,28079,83,33748,California
San Benito,2021-06-16,211,59761,169,32273,29,24811,13,2677,72,5616,138,28217,85,33833,California
San Benito,2021-06-17,253,60014,208,32481,17,24828,28,2705,78,5548,175,28392,107,33940,California
San Benito,2021-06-18,158,60172,101,32582,50,24878,7,2712,65,5527,93,28485,72,34012,California
San Benito,2021-06-19,115,60287,109,32691,6,24884,0,2712,48,5508,67,28552,48,34060,California
San Benito,2021-06-20,38,60325,36,32727,2,24886,0,2712,18,5506,20,28572,18,34078,California
San Benito,2021-06-21,103,60428,73,32800,15,24901,15,2727,52,5522,50,28622,66,34144,California
San Benito,2021-06-22,104,60532,42,32842,47,24948,15,2742,30,5492,74,28696,44,34188,California
San Bernardino,2020-12-15,13,13,13,13,0,0,0,0,13,13,0,0,13,13,California
San Bernardino,2020-12-16,114,127,114,127,0,0,0,0,114,127,0,0,114,127,California
San Bernardino,2020-12-17,2380,2507,2380,2507,0,0,0,0,2380,2507,0,0,2380,2507,California
San Bernardino,2020-12-18,3174,5681,3171,5678,3,3,0,0,3175,5682,0,0,3175,5682,California
San Bernardino,2020-12-19,1083,6764,1082,6760,1,4,0,0,1084,6766,0,0,1084,6766,California
San Bernardino,2020-12-20,1179,7943,1176,7936,3,7,0,0,1179,7945,0,0,1179,7945,California
San Bernardino,2020-12-21,2472,10415,2466,10402,6,13,0,0,2472,10417,0,0,2472,10417,California
San Bernardino,2020-12-22,2288,12703,2158,12560,130,143,0,0,2288,12705,0,0,2288,12705,California
San Bernardino,2020-12-23,2691,15394,1482,14042,1209,1352,0,0,2690,15395,0,0,2690,15395,California
San Bernardino,2020-12-24,1171,16565,594,14636,577,1929,0,0,1171,16565,1,1,1171,16566,California
San Bernardino,2020-12-25,75,16640,15,14651,60,1989,0,0,75,16640,0,1,75,16641,California
San Bernardino,2020-12-26,465,17105,254,14905,211,2200,0,0,465,17105,0,1,465,17106,California
San Bernardino,2020-12-27,350,17455,163,15068,187,2387,0,0,349,17453,1,2,349,17455,California
San Bernardino,2020-12-28,1590,19045,720,15788,870,3257,0,0,1591,19044,0,2,1591,19046,California
San Bernardino,2020-12-29,2232,21277,1048,16836,1184,4441,0,0,2232,21276,0,2,2232,21278,California
San Bernardino,2020-12-30,2911,24188,1462,18298,1449,5890,0,0,2910,24186,0,2,2910,24188,California
San Bernardino,2020-12-31,1378,25566,442,18740,936,6826,0,0,1376,25562,0,2,1376,25564,California
San Bernardino,2021-01-01,287,25853,152,18892,135,6961,0,0,286,25848,0,2,286,25850,California
San Bernardino,2021-01-02,488,26341,346,19238,142,7103,0,0,488,26336,0,2,488,26338,California
San Bernardino,2021-01-03,140,26481,86,19324,54,7157,0,0,140,26476,0,2,140,26478,California
San Bernardino,2021-01-04,2148,28629,1300,20624,848,8005,0,0,2147,28623,0,2,2147,28625,California
San Bernardino,2021-01-05,2349,30978,1467,22091,882,8887,0,0,2238,30751,110,112,2238,30863,California
San Bernardino,2021-01-06,3474,34452,2371,24462,1103,9990,0,0,2972,33228,496,608,2973,33836,California
San Bernardino,2021-01-07,5460,39912,4526,28988,934,10924,0,0,2500,32787,2941,3549,2500,36336,California
San Bernardino,2021-01-08,5384,45296,4457,33445,927,11851,0,0,2290,31989,3089,6638,2291,38627,California
San Bernardino,2021-01-09,1406,46702,1100,34545,306,12157,0,0,905,32393,501,7139,905,39532,California
San Bernardino,2021-01-10,1024,47726,597,35142,427,12584,0,0,576,32521,448,7587,576,40108,California
San Bernardino,2021-01-11,4994,52720,4088,39230,906,13490,0,0,2767,33065,2223,9810,2767,42875,California
San Bernardino,2021-01-12,4255,56975,3225,42455,1030,14520,0,0,2519,33852,1732,11542,2519,45394,California
San Bernardino,2021-01-13,4624,61599,2880,45335,1744,16264,0,0,3380,36000,1233,12775,3381,48775,California
San Bernardino,2021-01-14,4882,66481,2883,48218,1999,18263,0,0,4286,39694,592,13367,4286,53061,California
San Bernardino,2021-01-15,6064,72545,3020,51238,3044,21307,0,0,5663,44967,393,13760,5666,58727,California
San Bernardino,2021-01-16,2278,74823,1296,52534,982,22289,0,0,2133,46955,145,13905,2133,60860,California
San Bernardino,2021-01-17,1189,76012,506,53040,683,22972,0,0,1106,47980,82,13987,1107,61967,California
San Bernardino,2021-01-18,4286,80298,2648,55688,1638,24610,0,0,3661,51018,625,14612,3663,65630,California
San Bernardino,2021-01-19,6366,86664,3729,59417,2637,27247,0,0,5268,55192,1096,15708,5270,70900,California
San Bernardino,2021-01-20,6909,93573,3792,63209,3117,30364,0,0,4939,58172,1961,17669,4941,75841,California
San Bernardino,2021-01-21,6044,99617,3108,66317,2936,33300,0,0,4915,61969,1121,18790,4918,80759,California
San Bernardino,2021-01-22,6588,106205,3084,69401,3504,36804,0,0,5859,67103,727,19517,5861,86620,California
San Bernardino,2021-01-23,3152,109357,1913,71314,1239,38043,0,0,2750,69452,401,19918,2750,89370,California
San Bernardino,2021-01-24,1215,110572,465,71779,750,38793,0,0,1110,70457,105,20023,1110,90480,California
San Bernardino,2021-01-25,6920,117492,3417,75196,3503,42296,0,0,5065,73673,1852,21875,5068,95548,California
San Bernardino,2021-01-26,7068,124560,3492,78688,3576,45872,0,0,4951,76508,2117,23992,4952,100500,California
San Bernardino,2021-01-27,8584,133144,4170,82858,4414,50286,0,0,5751,79434,2825,26817,5751,106251,California
San Bernardino,2021-01-28,8638,141782,4088,86946,4550,54836,0,0,6297,83395,2336,29153,6297,112548,California
San Bernardino,2021-01-29,8258,150040,3786,90732,4472,59308,0,0,6261,87677,1981,31134,6263,118811,California
San Bernardino,2021-01-30,3112,153152,1896,92628,1216,60524,0,0,2816,90200,294,31428,2817,121628,California
San Bernardino,2021-01-31,938,154090,491,93119,447,60971,0,0,880,91023,57,31485,880,122508,California
San Bernardino,2021-02-01,7628,161718,4261,97380,3367,64338,0,0,4970,93349,2655,34140,4981,127489,California
San Bernardino,2021-02-02,10540,172258,3676,101056,6864,71202,0,0,8449,99719,2087,36227,8457,135946,California
San Bernardino,2021-02-03,9095,181353,4176,105232,4919,76121,0,0,6566,103770,2522,38749,6573,142519,California
San Bernardino,2021-02-04,10559,191912,5184,110416,5375,81496,0,0,7446,108119,3102,41851,7451,149970,California
San Bernardino,2021-02-05,11164,203076,5996,116412,5168,86664,0,0,7549,112074,3603,45454,7558,157528,California
San Bernardino,2021-02-06,5315,208391,2233,118645,3082,89746,0,0,3674,114135,1617,47071,3678,161206,California
San Bernardino,2021-02-07,853,209244,497,119142,356,90102,0,0,476,114238,374,47445,477,161683,California
San Bernardino,2021-02-08,7337,216581,3913,123055,3424,93526,0,0,5653,118208,1683,49128,5653,167336,California
San Bernardino,2021-02-09,10208,226789,5943,128998,4265,97791,0,0,6884,121774,3322,52450,6888,174224,California
San Bernardino,2021-02-10,12177,238966,6501,135499,5676,103467,0,0,8025,125663,4142,56592,8031,182255,California
San Bernardino,2021-02-11,12547,251513,7200,142699,5347,108814,0,0,7983,129121,4538,61130,7996,190251,California
San Bernardino,2021-02-12,10553,262066,5990,148689,4563,113377,0,0,5770,130133,4765,65895,5777,196028,California
San Bernardino,2021-02-13,6101,268167,4060,152749,2041,115418,0,0,3829,131717,2256,68151,3840,199868,California
San Bernardino,2021-02-14,1571,269738,662,153411,909,116327,0,0,887,131931,677,68828,891,200759,California
San Bernardino,2021-02-15,5494,275232,3001,156412,2493,118820,0,0,3074,132598,2409,71237,3076,203835,California
San Bernardino,2021-02-16,12609,287841,7339,163751,5270,124090,0,0,7980,135966,4616,75853,7984,211819,California
San Bernardino,2021-02-17,11856,299697,6484,170235,5372,129462,0,0,7167,138469,4669,80522,7172,218991,California
San Bernardino,2021-02-18,12522,312219,7610,177845,4912,134374,0,0,7720,141404,4787,85309,7722,226713,California
San Bernardino,2021-02-19,11651,323870,5988,183833,5663,140037,0,0,6904,143583,4727,90036,6906,233619,California
San Bernardino,2021-02-20,4545,328415,3481,187314,1064,141101,0,0,2056,143158,2484,92520,2059,235678,California
San Bernardino,2021-02-21,1163,329578,702,188016,461,141562,0,0,413,142822,750,93270,414,236092,California
San Bernardino,2021-02-22,8713,338291,5367,193383,3346,144908,0,0,4062,142246,4639,97909,4063,240155,California
San Bernardino,2021-02-23,9216,347507,5477,198860,3739,148647,0,0,4660,142382,4530,102439,4666,244821,California
San Bernardino,2021-02-24,12530,360037,7203,206063,5327,153974,0,0,6195,142268,6315,108754,6201,251022,California
San Bernardino,2021-02-25,13181,373218,6330,212393,6851,160825,0,0,7684,144477,5479,114233,7688,258710,California
San Bernardino,2021-02-26,13734,386952,6404,218797,7330,168155,0,0,7666,146148,6004,120237,7675,266385,California
San Bernardino,2021-02-27,6710,393662,3761,222558,2948,171103,1,1,4828,149110,1871,122108,4833,271218,California
San Bernardino,2021-02-28,1791,395453,750,223308,1041,172144,0,1,1144,149617,639,122747,1146,272364,California
San Bernardino,2021-03-01,8511,403964,4389,227697,4118,176262,4,5,3868,148883,4617,127364,3883,276247,California
San Bernardino,2021-03-02,13948,417912,5579,233276,8369,184631,0,5,6565,148107,7351,134715,6575,282822,California
San Bernardino,2021-03-03,13155,431067,6705,239981,6447,191078,3,8,6223,147434,6908,141623,6235,289057,California
San Bernardino,2021-03-04,14048,445115,6971,246952,7076,198154,1,9,6099,145616,7926,149549,6108,295165,California
San Bernardino,2021-03-05,14519,459634,7585,254537,6932,205086,2,11,7078,145308,7408,156957,7100,302265,California
San Bernardino,2021-03-06,9786,469420,5482,260019,4079,209165,225,236,4569,144901,5199,162156,4792,307057,California
San Bernardino,2021-03-07,1690,471110,1027,261046,591,209756,72,308,1064,145416,624,162780,1139,308196,California
San Bernardino,2021-03-08,8159,479269,3611,264657,4377,214133,171,479,3633,144709,4516,167296,3809,312005,California
San Bernardino,2021-03-09,13141,492410,7500,272157,5388,219521,253,732,5297,142432,7829,175125,5552,317557,California
San Bernardino,2021-03-10,14275,506685,7879,280036,5840,225361,556,1288,6403,141548,7845,182970,6961,324518,California
San Bernardino,2021-03-11,15706,522391,7278,287314,6820,232181,1608,2896,7416,142303,8267,191237,9022,333540,California
San Bernardino,2021-03-12,15624,538015,6974,294288,6604,238785,2046,4942,7380,143561,8213,199450,9471,343011,California
San Bernardino,2021-03-13,8454,546469,4593,298881,3330,242115,531,5473,5001,145654,3442,202892,5535,348546,California
San Bernardino,2021-03-14,3327,549796,1691,300572,1052,243167,584,6057,1856,146626,1464,204356,2436,350982,California
San Bernardino,2021-03-15,11475,561271,5406,305978,4035,247202,2034,8091,5638,148471,5822,210178,7667,358649,California
San Bernardino,2021-03-16,16309,577580,8072,314050,7294,254496,943,9034,9950,153040,6331,216509,10900,369549,California
San Bernardino,2021-03-17,17522,595102,8719,322769,8056,262552,747,9781,10624,157533,6879,223388,11372,380921,California
San Bernardino,2021-03-18,16796,611898,8319,331088,8090,270642,387,10168,9923,160996,6845,230233,10308,391229,California
San Bernardino,2021-03-19,17099,628997,8486,339574,8012,278654,601,10769,9809,164195,7262,237495,10461,401690,California
San Bernardino,2021-03-20,9539,638536,6006,345580,2932,281586,601,11370,5646,166570,3866,241361,6241,407931,California
San Bernardino,2021-03-21,2833,641369,2308,347888,473,282059,52,11422,2275,168352,545,241906,2327,410258,California
San Bernardino,2021-03-22,9674,651043,4548,352436,4688,286747,438,11860,7010,173157,2643,244549,7448,417706,California
San Bernardino,2021-03-23,15663,666706,8886,361322,6154,292901,623,12483,9692,177522,5948,250497,10313,428019,California
San Bernardino,2021-03-24,15251,681957,7852,369174,7092,299993,307,12790,10071,182759,5142,255639,10379,438398,California
San Bernardino,2021-03-25,17146,699103,8394,377568,8446,308439,306,13096,10825,187615,6269,261908,11125,449523,California
San Bernardino,2021-03-26,18268,717371,8689,386257,8809,317248,770,13866,10914,191979,7322,269230,11686,461209,California
San Bernardino,2021-03-27,10921,728292,7036,393293,3125,320373,760,14626,6220,194278,4679,273909,6978,468187,California
San Bernardino,2021-03-28,3654,731946,2568,395861,972,321345,114,14740,2531,195810,1113,275022,2645,470832,California
San Bernardino,2021-03-29,11842,743788,6150,402011,5291,326636,401,15141,7985,200358,3838,278860,8386,479218,California
San Bernardino,2021-03-30,17049,760837,9510,411521,6822,333458,717,15858,10554,205163,6457,285317,11262,490480,California
San Bernardino,2021-03-31,16665,777502,9389,420910,6635,340093,641,16499,10894,210957,5738,291055,11532,502012,California
San Bernardino,2021-04-01,19922,797424,10521,431431,7970,348063,1431,17930,12768,218040,7107,298162,14190,516202,California
San Bernardino,2021-04-02,18981,816405,9568,440999,8119,356182,1294,19224,11467,223357,7485,305647,12802,529004,California
San Bernardino,2021-04-03,11215,827620,7009,448008,3061,359243,1145,20369,6102,225502,5094,310741,7239,536243,California
San Bernardino,2021-04-04,2523,830143,1519,449527,752,359995,252,20621,1271,225781,1244,311985,1523,537766,California
San Bernardino,2021-04-05,11892,842035,5331,454858,4785,364780,1776,22397,6046,227773,5823,317808,7815,545581,California
San Bernardino,2021-04-06,19889,861924,11195,466053,6569,371349,2125,24522,10487,231019,9355,327163,12601,558182,California
San Bernardino,2021-04-07,21251,883175,11410,477463,7339,378688,2502,27024,11542,235370,9677,336840,14028,572210,California
San Bernardino,2021-04-08,22158,905333,11372,488835,8147,386835,2639,29663,12140,240150,9988,346828,14768,586978,California
San Bernardino,2021-04-09,22011,927344,11203,500038,8178,395013,2630,32293,11938,244671,10033,356861,14554,601532,California
San Bernardino,2021-04-10,15820,943164,8191,508229,3888,398901,3741,36034,7847,248294,7949,364810,11572,613104,California
San Bernardino,2021-04-11,4478,947642,2604,510833,898,399799,976,37010,2046,248883,2426,367236,3015,616119,California
San Bernardino,2021-04-12,13581,961223,6270,517103,5642,405441,1669,38679,6435,249861,7121,374357,8099,624218,California
San Bernardino,2021-04-13,19553,980776,11150,528253,8384,413825,19,38698,11231,252822,8292,382649,11253,635471,California
San Bernardino,2021-04-14,19591,1000367,10468,538721,9120,422945,3,38701,11044,255359,8513,391162,11050,646521,California
San Bernardino,2021-04-15,20677,1021044,11547,550268,9124,432069,6,38707,10974,256677,9663,400825,10981,657502,California
San Bernardino,2021-04-16,18971,1040015,10752,561020,8218,440287,1,38708,9305,256365,9620,410445,9308,666810,California
San Bernardino,2021-04-17,12117,1052132,7990,569010,4127,444414,0,38708,6346,256983,5728,416173,6346,673156,California
San Bernardino,2021-04-18,2970,1055102,2044,571054,926,445340,0,38708,1320,256665,1638,417811,1320,674476,California
San Bernardino,2021-04-19,12681,1067783,6772,577826,5909,451249,0,38708,4940,253896,7715,425526,4946,679422,California
San Bernardino,2021-04-20,17902,1085685,9976,587802,7923,459172,3,38711,8143,252336,9728,435254,8168,687590,California
San Bernardino,2021-04-21,18277,1103962,10429,598231,7845,467017,3,38714,8006,250154,10208,445462,8026,695616,California
San Bernardino,2021-04-22,19319,1123281,11022,609253,8293,475310,4,38718,7853,246603,11411,456873,7860,703476,California
San Bernardino,2021-04-23,18574,1141855,10619,619872,7954,483264,1,38719,8061,244206,10461,467334,8064,711540,California
San Bernardino,2021-04-24,12917,1154772,9521,629393,3394,486658,2,38721,6939,245185,5962,473296,6941,718481,California
San Bernardino,2021-04-25,3430,1158202,2245,631638,1185,487843,0,38721,1686,245145,1728,475024,1688,720169,California
San Bernardino,2021-04-26,11178,1169380,6016,637654,5072,492915,90,38811,4776,243651,6361,481385,4867,725036,California
San Bernardino,2021-04-27,16570,1185950,9973,647627,6386,499301,211,39022,6800,240936,9726,491111,7011,732047,California
San Bernardino,2021-04-28,14777,1200727,8763,656390,5736,505037,278,39300,5290,237035,9461,500572,5560,737607,California
San Bernardino,2021-04-29,16282,1217009,9355,665745,6659,511696,268,39568,5389,231833,10856,511428,5654,743261,California
San Bernardino,2021-04-30,16627,1233636,10485,676230,5861,517557,281,39849,6115,227755,10472,521900,6394,749655,California
San Bernardino,2021-05-01,10817,1244453,8458,684688,2044,519601,315,40164,3735,224726,7075,528975,4046,753701,California
San Bernardino,2021-05-02,2954,1247407,2131,686819,692,520293,131,40295,1054,224020,1890,530865,1184,754885,California
San Bernardino,2021-05-03,10073,1257480,5783,692602,3884,524177,406,40701,2894,220155,7165,538030,3300,758185,California
San Bernardino,2021-05-04,15782,1273262,9590,702192,5737,529914,455,41156,4607,214082,11132,549162,5059,763244,California
San Bernardino,2021-05-05,15391,1288653,8865,711057,6114,536028,412,41568,4334,207814,11009,560171,4741,767985,California
San Bernardino,2021-05-06,15853,1304506,9032,720089,6408,542436,413,41981,4302,201019,11509,571680,4714,772699,California
San Bernardino,2021-05-07,15523,1320029,8722,728811,6425,548861,376,42357,4645,195215,10821,582501,5017,777716,California
San Bernardino,2021-05-08,9311,1329340,6164,734975,2877,551738,270,42627,3168,192544,6109,588610,3438,781154,California
San Bernardino,2021-05-09,1836,1331176,1135,736110,612,552350,89,42716,734,192272,1095,589705,823,781977,California
San Bernardino,2021-05-10,7550,1338726,3448,739558,3786,556136,316,43032,2316,189711,5190,594895,2629,784606,California
San Bernardino,2021-05-11,12231,1350957,6730,746288,5149,561285,352,43384,3856,185585,8335,603230,4209,788815,California
San Bernardino,2021-05-12,12755,1363712,6941,753229,5499,566784,315,43699,3768,180727,8940,612170,4082,792897,California
San Bernardino,2021-05-13,13353,1377065,8054,761283,4952,571736,347,44046,5257,178275,8050,620220,5598,798495,California
San Bernardino,2021-05-14,13759,1390824,9155,770438,4271,576007,333,44379,5780,176463,7925,628145,6113,804608,California
San Bernardino,2021-05-15,11306,1402130,8383,778821,2735,578742,188,44567,4546,174466,6725,634870,4728,809336,California
San Bernardino,2021-05-16,2795,1404925,2062,780883,671,579413,62,44629,1308,174368,1468,636338,1370,810706,California
San Bernardino,2021-05-17,10090,1415015,6801,787684,2995,582408,294,44923,4546,173695,5510,641848,4837,815543,California
San Bernardino,2021-05-18,13490,1428505,8864,796548,4377,586785,249,45172,6073,172627,7386,649234,6318,821861,California
San Bernardino,2021-05-19,11565,1440070,7230,803778,3955,590740,380,45552,5363,172200,6166,655400,5739,827600,California
San Bernardino,2021-05-20,11571,1451641,6901,810679,4353,595093,317,45869,5177,171339,6355,661755,5494,833094,California
San Bernardino,2021-05-21,12669,1464310,8398,819077,3890,598983,381,46250,5524,170149,7091,668846,5901,838995,California
San Bernardino,2021-05-22,8925,1473235,6687,825764,2029,601012,209,46459,4282,170042,4594,673440,4487,843482,California
San Bernardino,2021-05-23,2312,1475547,1428,827192,791,601803,93,46552,1101,170033,1202,674642,1193,844675,California
San Bernardino,2021-05-24,6679,1482226,4176,831368,2200,604003,303,46855,2933,169577,3692,678334,3236,847911,California
San Bernardino,2021-05-25,9335,1491561,5727,837095,3350,607353,258,47113,4165,168862,5135,683469,4420,852331,California
San Bernardino,2021-05-26,8237,1499798,5230,842325,2756,610109,251,47364,3816,168545,4379,687848,4062,856393,California
San Bernardino,2021-05-27,7656,1507454,4656,846981,2764,612873,236,47600,3520,168205,4096,691944,3756,860149,California
San Bernardino,2021-05-28,8810,1516264,5486,852467,3044,615917,280,47880,4419,168554,4348,696292,4697,864846,California
San Bernardino,2021-05-29,5059,1521323,3368,855835,1572,617489,119,47999,2655,168941,2386,698678,2773,867619,California
San Bernardino,2021-05-30,1757,1523080,1238,857073,436,617925,83,48082,908,169088,843,699521,990,868609,California
San Bernardino,2021-05-31,895,1523975,568,857641,311,618236,16,48098,323,168860,568,700089,340,868949,California
San Bernardino,2021-06-01,8645,1532620,5558,863199,2841,621077,246,48344,3528,167571,5060,705149,3771,872720,California
San Bernardino,2021-06-02,6830,1539450,4291,867490,2299,623376,240,48584,2964,166938,3833,708982,3200,875920,California
San Bernardino,2021-06-03,7952,1547402,5360,872850,2396,625772,196,48780,2769,164745,5158,714140,2965,878885,California
San Bernardino,2021-06-04,9111,1556513,6160,879010,2656,628428,295,49075,3238,162451,5827,719967,3533,882418,California
San Bernardino,2021-06-05,6529,1563042,4984,883994,1420,629848,125,49200,2356,160778,4151,724118,2478,884896,California
San Bernardino,2021-06-06,2022,1565064,1685,885679,273,630121,64,49264,848,160525,1165,725283,912,885808,California
San Bernardino,2021-06-07,6264,1571328,4875,890554,1176,631297,213,49477,2008,158512,4232,729515,2219,888027,California
San Bernardino,2021-06-08,8419,1579747,6118,896672,2088,633385,213,49690,2745,155859,5607,735122,2954,890981,California
San Bernardino,2021-06-09,6975,1586722,4969,901641,1826,635211,180,49870,2277,153669,4648,739770,2458,893439,California
San Bernardino,2021-06-10,7058,1593780,4992,906633,1868,637079,198,50068,2248,151352,4762,744532,2445,895884,California
San Bernardino,2021-06-11,8104,1601884,5692,912325,2184,639263,228,50296,2937,149395,5120,749652,3163,899047,California
San Bernardino,2021-06-12,5880,1607764,4634,916959,1124,640387,122,50418,1729,147118,4130,753782,1853,900900,California
San Bernardino,2021-06-13,1487,1609251,1058,918017,359,640746,70,50488,431,146566,1052,754834,500,901400,California
San Bernardino,2021-06-14,4893,1614144,3531,921548,1139,641885,223,50711,1902,145725,2964,757798,2123,903523,California
San Bernardino,2021-06-15,7173,1621317,5079,926627,1849,643734,245,50956,2583,144007,4541,762339,2823,906346,California
San Bernardino,2021-06-16,6345,1627662,4523,931150,1611,645345,211,51167,2347,142613,3953,766292,2559,908905,California
San Bernardino,2021-06-17,5642,1633304,3966,935116,1516,646861,160,51327,2208,141583,3397,769689,2367,911272,California
San Bernardino,2021-06-18,6886,1640190,4632,939748,2013,648874,241,51568,2597,140167,4252,773941,2836,914108,California
San Bernardino,2021-06-19,4044,1644234,3025,942773,890,649764,129,51697,1754,139782,2266,776207,1881,915989,California
San Bernardino,2021-06-20,1464,1645698,1124,943897,280,650044,60,51757,589,139563,868,777075,649,916638,California
San Bernardino,2021-06-21,3479,1649177,2248,946145,1013,651057,218,51975,1945,140209,1515,778590,2161,918799,California
San Bernardino,2021-06-22,2828,1652005,2047,948192,633,651690,148,52123,1068,139679,1746,780336,1216,920015,California
San Diego,2020-12-15,119,119,119,119,0,0,0,0,119,119,0,0,119,119,California
San Diego,2020-12-16,1073,1192,1073,1192,0,0,0,0,1073,1192,0,0,1073,1192,California
San Diego,2020-12-17,2322,3514,2322,3514,0,0,0,0,2322,3514,0,0,2322,3514,California
San Diego,2020-12-18,3605,7119,3604,7118,1,1,0,0,3605,7119,0,0,3605,7119,California
San Diego,2020-12-19,2266,9385,2266,9384,0,1,0,0,2266,9385,0,0,2266,9385,California
San Diego,2020-12-20,1147,10532,1146,10530,1,2,0,0,1147,10532,0,0,1147,10532,California
San Diego,2020-12-21,3456,13988,3454,13984,2,4,0,0,3456,13988,0,0,3456,13988,California
San Diego,2020-12-22,4020,18008,3386,17370,634,638,0,0,4020,18008,0,0,4020,18008,California
San Diego,2020-12-23,3153,21161,1956,19326,1197,1835,0,0,3153,21161,0,0,3153,21161,California
San Diego,2020-12-24,2702,23863,2188,21514,514,2349,0,0,2702,23863,0,0,2702,23863,California
San Diego,2020-12-25,856,24719,855,22369,1,2350,0,0,856,24719,0,0,856,24719,California
San Diego,2020-12-26,3195,27914,2126,24495,1069,3419,0,0,3195,27914,0,0,3195,27914,California
San Diego,2020-12-27,2480,30394,1594,26089,886,4305,0,0,2479,30392,1,1,2479,30393,California
San Diego,2020-12-28,5828,36222,4157,30246,1671,5976,0,0,5828,36220,0,1,5828,36221,California
San Diego,2020-12-29,5495,41717,2943,33189,2552,8528,0,0,5495,41715,0,1,5495,41716,California
San Diego,2020-12-30,5846,47563,3047,36236,2799,11327,0,0,5846,47561,0,1,5846,47562,California
San Diego,2020-12-31,2961,50524,1023,37259,1938,13265,0,0,2961,50522,0,1,2961,50523,California
San Diego,2021-01-01,991,51515,442,37701,549,13814,0,0,991,51513,0,1,991,51514,California
San Diego,2021-01-02,3666,55181,1287,38988,2379,16193,0,0,3666,55179,0,1,3666,55180,California
San Diego,2021-01-03,830,56011,621,39609,209,16402,0,0,829,56008,0,1,829,56009,California
San Diego,2021-01-04,3642,59653,2021,41630,1621,18023,0,0,3636,59644,0,1,3636,59645,California
San Diego,2021-01-05,4291,63944,2139,43769,2152,20175,0,0,3711,62790,577,578,3723,63368,California
San Diego,2021-01-06,4825,68769,2245,46014,2580,22755,0,0,3630,65250,1174,1752,3634,67002,California
San Diego,2021-01-07,5539,74308,2926,48940,2613,25368,0,0,3426,66576,2108,3860,3434,70436,California
San Diego,2021-01-08,7784,82092,4883,53823,2901,28269,0,0,4055,66935,3713,7573,4072,74508,California
San Diego,2021-01-09,3416,85508,1906,55729,1510,29779,0,0,1892,67324,1514,9087,1903,76411,California
San Diego,2021-01-10,1843,87351,1276,57005,567,30346,0,0,755,67013,1076,10163,765,77176,California
San Diego,2021-01-11,10186,97537,5790,62795,4396,34742,0,0,6703,70257,3476,13639,6720,83896,California
San Diego,2021-01-12,10996,108533,5255,68050,5741,40483,0,0,7652,74684,3335,16974,7762,91658,California
San Diego,2021-01-13,11280,119813,4983,73033,6297,46780,0,0,8765,80971,2504,19478,8791,100449,California
San Diego,2021-01-14,11953,131766,4514,77547,7439,54219,0,0,9831,88721,2115,21593,9865,110314,California
San Diego,2021-01-15,14780,146546,5228,82775,9552,63771,0,0,12184,98383,2578,24171,12240,122554,California
San Diego,2021-01-16,10527,157073,3547,86322,6980,70751,0,0,9098,106088,1425,25596,9130,131684,California
San Diego,2021-01-17,8470,165543,2429,88751,6041,76792,0,0,7646,112929,824,26420,7665,139349,California
San Diego,2021-01-18,12648,178191,6214,94965,6434,83226,0,0,9840,120055,2777,29197,9903,149252,California
San Diego,2021-01-19,14403,192594,5630,100595,8773,91999,0,0,11307,128540,3087,32284,11572,160824,California
San Diego,2021-01-20,18063,210657,6328,106923,11735,103734,0,0,14761,140202,3282,35566,14944,175768,California
San Diego,2021-01-21,17016,227673,5736,112659,11280,115014,0,0,15652,154643,1355,36921,15796,191564,California
San Diego,2021-01-22,17209,244882,4592,117251,12617,127631,0,0,15215,167962,1981,38902,15300,206864,California
San Diego,2021-01-23,14064,258946,5210,122461,8854,136485,0,0,11802,177575,2251,41153,11864,218728,California
San Diego,2021-01-24,11608,270554,3290,125751,8318,144803,0,0,10647,187306,959,42112,10690,229418,California
San Diego,2021-01-25,11983,282537,5675,131426,6308,151111,0,0,9010,193508,2965,45077,9167,238585,California
San Diego,2021-01-26,14956,297493,7819,139245,7137,158248,0,0,11573,201889,3381,48458,11762,250347,California
San Diego,2021-01-27,20158,317651,7832,147077,12326,170574,0,0,17170,216227,2979,51437,17317,267664,California
San Diego,2021-01-28,20891,338542,7593,154670,13298,183872,0,0,18648,232731,2232,53669,18736,286400,California
San Diego,2021-01-29,19309,357851,6402,161072,12907,196779,0,0,16880,247244,2419,56088,16932,303332,California
San Diego,2021-01-30,15511,373362,3597,164669,11914,208693,0,0,12875,257592,2627,58715,12975,316307,California
San Diego,2021-01-31,14524,387886,5736,170405,8788,217481,0,0,14177,271459,344,59059,14211,330518,California
San Diego,2021-02-01,20552,408438,7572,177977,12980,230461,0,0,17069,285134,3470,62529,17145,347663,California
San Diego,2021-02-02,22502,430940,8289,186266,14213,244674,0,0,19272,301346,3222,65751,19434,367097,California
San Diego,2021-02-03,27216,458156,11708,197974,15508,260182,0,0,22996,320325,4201,69952,23180,390277,California
San Diego,2021-02-04,23806,481962,9809,207783,13997,274179,0,0,19257,335327,4534,74486,19536,409813,California
San Diego,2021-02-05,24228,506190,8601,216384,15627,289806,0,0,17821,347218,6382,80868,18273,428086,California
San Diego,2021-02-06,20392,526582,8447,224831,11945,301751,0,0,17186,361422,3203,84071,17407,445493,California
San Diego,2021-02-07,11904,538486,5315,230146,6589,308340,0,0,10056,369892,1837,85908,10307,455800,California
San Diego,2021-02-08,19789,558275,8426,238572,11363,319703,0,0,12438,375664,7340,93248,13112,468912,California
San Diego,2021-02-09,20154,578429,8247,246819,11907,331610,0,0,12984,382550,7149,100397,14035,482947,California
San Diego,2021-02-10,22607,601036,9273,256092,13334,344944,0,0,13634,388613,8921,109318,14984,497931,California
San Diego,2021-02-11,23478,624514,10095,266187,13383,358327,0,0,12576,391973,10876,120194,14236,512167,California
San Diego,2021-02-12,23248,647762,7272,273459,15976,374303,0,0,11541,394070,11689,131883,13786,525953,California
San Diego,2021-02-13,19710,667472,8934,282393,10776,385079,0,0,10729,396993,8975,140858,11898,537851,California
San Diego,2021-02-14,10996,678468,7306,289699,3690,388769,0,0,6123,399765,4869,145727,7641,545492,California
San Diego,2021-02-15,14955,693423,7554,297253,7401,396170,0,0,7579,403037,7354,153081,10626,556118,California
San Diego,2021-02-16,18962,712385,11068,308321,7894,404064,0,0,9028,405078,9923,163004,11964,568082,California
San Diego,2021-02-17,22930,735315,10708,319029,12222,416286,0,0,7847,400845,15070,178074,10837,578919,California
San Diego,2021-02-18,23235,758550,11874,330903,11361,427647,0,0,7622,396885,15602,193676,11642,590561,California
San Diego,2021-02-19,15564,774114,10797,341700,4767,432414,0,0,6368,396006,9178,202854,8299,598860,California
San Diego,2021-02-20,9983,784097,6224,347924,3759,436173,0,0,5619,399126,4362,207216,7482,606342,California
San Diego,2021-02-21,11418,795515,10015,357939,1403,437576,0,0,5029,399259,6383,213599,6516,612858,California
San Diego,2021-02-22,12198,807713,10396,368335,1802,439378,0,0,5582,399844,6611,220210,7196,620054,California
San Diego,2021-02-23,25196,832909,14087,382422,11109,450487,0,0,9219,398915,15968,236178,15039,635093,California
San Diego,2021-02-24,28443,861352,12578,395000,15865,466352,0,0,6622,391056,21801,257979,13942,649035,California
San Diego,2021-02-25,32490,893842,14404,409404,18086,484438,0,0,9782,386439,22686,280665,18069,667104,California
San Diego,2021-02-26,32666,926508,12125,421529,20541,504979,0,0,11663,384131,20972,301637,18664,685768,California
San Diego,2021-02-27,20693,947201,9353,430882,11340,516319,0,0,11086,389786,9601,311238,15256,701024,California
San Diego,2021-02-28,14913,962114,9747,440629,5166,521485,0,0,9251,396095,5661,316899,11970,712994,California
San Diego,2021-03-01,23874,985988,14071,454700,9802,531287,1,1,14487,405072,9307,326206,18284,731278,California
San Diego,2021-03-02,25781,1011769,13880,468580,11901,543188,0,1,12545,410994,13224,339430,19146,750424,California
San Diego,2021-03-03,33497,1045266,15765,484345,17729,560917,3,4,13814,411982,19659,359089,20647,771071,California
San Diego,2021-03-04,27826,1073092,13878,498223,13948,574865,0,4,12378,415571,15427,374516,19016,790087,California
San Diego,2021-03-05,28448,1101540,14656,512879,13712,588577,80,84,13286,420376,15134,389650,19939,810026,California
San Diego,2021-03-06,23029,1124569,9400,522279,12932,601509,697,781,10163,422977,12853,402503,15454,825480,California
San Diego,2021-03-07,17917,1142486,9123,531402,8227,609736,567,1348,6806,422813,11099,413602,10935,836415,California
San Diego,2021-03-08,22697,1165183,11039,542441,10752,620488,906,2254,11260,428327,11416,425018,16930,853345,California
San Diego,2021-03-09,25404,1190587,11695,554136,11958,632446,1751,4005,9945,428439,15443,440461,15555,868900,California
San Diego,2021-03-10,25060,1215647,10500,564636,12176,644622,2384,6389,9906,429575,15138,455599,16274,885174,California
San Diego,2021-03-11,28053,1243700,10771,575407,13764,658386,3518,9907,9778,428511,18250,473849,17186,902360,California
San Diego,2021-03-12,26858,1270558,9404,584811,14361,672747,3093,13000,9825,428013,17021,490870,16523,918883,California
San Diego,2021-03-13,25866,1296424,7190,592001,16919,689666,1757,14757,10007,428010,15853,506723,15850,934733,California
San Diego,2021-03-14,13672,1310096,5402,597403,7537,697203,733,15490,4756,426857,8907,515630,7754,942487,California
San Diego,2021-03-15,21737,1331833,10017,607420,10937,708140,783,16273,8945,426845,12777,528407,12765,955252,California
San Diego,2021-03-16,29509,1361342,15460,622880,13638,721778,411,16684,15578,431886,13909,542316,18950,974202,California
San Diego,2021-03-17,26072,1387414,12130,635010,13226,735004,716,17400,16660,441890,9395,551711,19399,993601,California
San Diego,2021-03-18,31083,1418497,17481,652491,12685,747689,917,18317,16924,447097,14124,565835,19331,1012932,California
San Diego,2021-03-19,30066,1448563,14250,666741,14767,762456,1049,19366,19271,457824,10775,576610,21502,1034434,California
San Diego,2021-03-20,27565,1476128,8384,675125,17407,779863,1774,21140,21269,475662,6285,582895,24123,1058557,California
San Diego,2021-03-21,16246,1492374,11850,686975,3701,783564,695,21835,7629,476693,8603,591498,9634,1068191,California
San Diego,2021-03-22,22357,1514731,13027,700002,9045,792609,285,22120,14242,485863,8102,599600,17272,1085463,California
San Diego,2021-03-23,25680,1540411,13458,713460,11936,804545,286,22406,17008,496518,8658,608258,19313,1104776,California
San Diego,2021-03-24,29249,1569660,19547,733007,9315,813860,387,22793,16963,503613,12273,620531,19368,1124144,California
San Diego,2021-03-25,30084,1599744,18108,751115,11295,825155,681,23474,17863,512051,12200,632731,20638,1144782,California
San Diego,2021-03-26,31809,1631553,17780,768895,13514,838669,515,23989,17367,518313,14417,647148,20679,1165461,California
San Diego,2021-03-27,25345,1656898,11033,779928,13933,852602,379,24368,15606,526820,9721,656869,18228,1183689,California
San Diego,2021-03-28,14976,1671874,9170,789098,5748,858350,58,24426,9225,531822,5744,662613,10746,1194435,California
San Diego,2021-03-29,26537,1698411,12813,801911,13094,871444,630,25056,16340,541033,10186,672799,19397,1213832,California
San Diego,2021-03-30,33022,1731433,17782,819693,14449,885893,791,25847,21870,554368,11139,683938,24474,1238306,California
San Diego,2021-03-31,30243,1761676,18658,838351,10879,896772,706,26553,20513,566978,9712,693650,22322,1260628,California
San Diego,2021-04-01,34079,1795755,19895,858246,12712,909484,1472,28025,23102,581907,10955,704605,25884,1286512,California
San Diego,2021-04-02,35560,1831315,20569,878815,12216,921700,2775,30800,23978,598522,11563,716168,28178,1314690,California
San Diego,2021-04-03,30710,1862025,14396,893211,11700,933400,4614,35414,19572,612778,11123,727291,25379,1340069,California
San Diego,2021-04-04,8978,1871003,5156,898367,2904,936304,918,36332,4773,614446,4199,731490,5867,1345936,California
San Diego,2021-04-05,29552,1900555,15312,913679,11585,947889,2655,38987,19201,628432,10334,741824,24320,1370256,California
San Diego,2021-04-06,38492,1939047,20254,933933,12343,960232,5895,44882,22135,642226,16337,758161,30131,1400387,California
San Diego,2021-04-07,35570,1974617,21827,955760,9202,969434,4541,49423,20131,652685,15415,773576,25874,1426261,California
San Diego,2021-04-08,34937,2009554,21207,976967,9604,979038,4126,53549,21103,666655,13813,787389,27783,1454044,California
San Diego,2021-04-09,38090,2047644,22722,999689,10215,989253,5153,58702,20566,678201,17461,804850,29007,1483051,California
San Diego,2021-04-10,28926,2076570,11691,1011380,13248,1002501,3987,62689,14919,686120,13996,818846,21915,1504966,California
San Diego,2021-04-11,16128,2092698,9978,1021358,3855,1006356,2295,64984,7133,689554,8991,827837,12425,1517391,California
San Diego,2021-04-12,30593,2123291,12829,1034187,13490,1019846,4274,69258,16978,700863,13599,841436,24908,1542299,California
San Diego,2021-04-13,36872,2160163,17675,1051862,19162,1039008,35,69293,24451,715772,12400,853836,27309,1569608,California
San Diego,2021-04-14,32812,2192975,18793,1070655,14006,1053014,13,69306,17657,722623,15141,868977,21992,1591600,California
San Diego,2021-04-15,39222,2232197,20315,1090970,18902,1071916,5,69311,23747,733772,15452,884429,26601,1618201,California
San Diego,2021-04-16,33511,2265708,18445,1109415,15063,1086979,3,69314,19335,741369,14116,898545,21713,1639914,California
San Diego,2021-04-17,27812,2293520,13514,1122929,14298,1101277,0,69314,12267,741241,15450,913995,15322,1655236,California
San Diego,2021-04-18,14338,2307858,8805,1131734,5530,1106807,3,69317,6640,743145,7685,921680,9589,1664825,California
San Diego,2021-04-19,26491,2334349,13549,1145283,12941,1119748,1,69318,12412,743214,14059,935739,14128,1678953,California
San Diego,2021-04-20,38922,2373271,17750,1163033,21170,1140918,2,69320,19809,746883,19092,954831,22761,1701714,California
San Diego,2021-04-21,35166,2408437,20793,1183826,14373,1155291,0,69320,17116,749013,18014,972845,20144,1721858,California
San Diego,2021-04-22,44375,2452812,22781,1206607,21590,1176881,4,69324,22215,752134,22120,994965,25241,1747099,California
San Diego,2021-04-23,42045,2494857,25888,1232495,16155,1193036,2,69326,15668,744607,26345,1021310,18818,1765917,California
San Diego,2021-04-24,34758,2529615,18776,1251271,15967,1209003,15,69341,15498,744065,19222,1040532,18680,1784597,California
San Diego,2021-04-25,12624,2542239,7665,1258936,4959,1213962,0,69341,5883,744578,6729,1047261,7242,1791839,California
San Diego,2021-04-26,33116,2575355,16551,1275487,16426,1230388,139,69480,11582,739162,21515,1068776,16099,1807938,California
San Diego,2021-04-27,44511,2619866,24408,1299895,19549,1249937,554,70034,19583,737461,24886,1093662,23185,1831123,California
San Diego,2021-04-28,38072,2657938,22438,1322333,14960,1264897,674,70708,17184,736697,20850,1114512,20086,1851209,California
San Diego,2021-04-29,37920,2695858,24111,1346444,13152,1278049,657,71365,15321,731804,22563,1137075,17670,1868879,California
San Diego,2021-04-30,37900,2733758,22916,1369360,13903,1291952,1081,72446,14806,726457,23056,1160131,17709,1886588,California
San Diego,2021-05-01,24163,2757921,10649,1380009,12876,1304828,638,73084,9482,724049,14672,1174803,12264,1898852,California
San Diego,2021-05-02,10597,2768518,7424,1387433,2591,1307419,582,73666,3226,720820,7367,1182170,4138,1902990,California
San Diego,2021-05-03,25144,2793662,12368,1399801,11626,1319045,1150,74816,9236,716123,15886,1198056,11189,1914179,California
San Diego,2021-05-04,31675,2825337,17467,1417268,12930,1331975,1278,76094,11425,709689,20223,1218279,13789,1927968,California
San Diego,2021-05-05,27588,2852925,16850,1434118,9459,1341434,1279,77373,10576,705493,16990,1235269,12794,1940762,California
San Diego,2021-05-06,28213,2881138,18675,1452793,8626,1350060,912,78285,10715,702084,17470,1252739,14061,1954823,California
San Diego,2021-05-07,29544,2910682,19312,1472105,9193,1359253,1039,79324,10958,696734,18551,1271290,13201,1968024,California
San Diego,2021-05-08,22692,2933374,10709,1482814,11241,1370494,742,80066,7199,690634,15467,1286757,9367,1977391,California
San Diego,2021-05-09,7444,2940818,5586,1488400,1452,1371946,406,80472,2623,689266,4815,1291572,3447,1980838,California
San Diego,2021-05-10,21471,2962289,8393,1496793,12260,1384206,818,81290,5855,681622,15587,1307159,7943,1988781,California
San Diego,2021-05-11,28005,2990294,11485,1508278,15704,1399910,816,82106,9813,675725,18166,1325325,12269,2001050,California
San Diego,2021-05-12,22928,3013222,12471,1520749,9585,1409495,872,82978,8554,671924,14348,1339673,10547,2011597,California
San Diego,2021-05-13,31295,3044517,18948,1539697,11710,1421205,637,83615,13126,670149,18113,1357786,16338,2027935,California
San Diego,2021-05-14,30628,3075145,19589,1559286,10203,1431408,836,84451,13985,670435,16603,1374389,16889,2044824,California
San Diego,2021-05-15,26082,3101227,16408,1575694,8852,1440260,822,85273,10839,667834,15191,1389580,12590,2057414,California
San Diego,2021-05-16,13254,3114481,9966,1585660,2726,1442986,562,85835,6614,668759,6628,1396208,7553,2064967,California
San Diego,2021-05-17,21290,3135771,12921,1598581,7627,1450613,742,86577,8881,666868,12372,1408580,10481,2075448,California
San Diego,2021-05-18,34023,3169794,19231,1617812,13930,1464543,862,87439,13248,661662,20741,1429321,15535,2090983,California
San Diego,2021-05-19,28345,3198139,17780,1635592,9785,1474328,780,88219,12085,659411,16229,1445550,13978,2104961,California
San Diego,2021-05-20,34568,3232707,19102,1654694,14646,1488974,820,89039,11698,650615,22838,1468388,14042,2119003,California
San Diego,2021-05-21,26809,3259516,17128,1671822,8696,1497670,985,90024,10929,647897,15848,1484236,13130,2132133,California
San Diego,2021-05-22,21339,3280855,12272,1684094,7822,1505492,1245,91269,8869,646659,12448,1496684,11210,2143343,California
San Diego,2021-05-23,7188,3288043,5087,1689181,1793,1507285,308,91577,3431,647044,3733,1500417,4118,2147461,California
San Diego,2021-05-24,17577,3305620,8916,1698097,6757,1514042,1904,93481,6269,644769,11288,1511705,9013,2156474,California
San Diego,2021-05-25,24170,3329790,13091,1711188,9239,1523281,1840,95321,8478,640572,15663,1527368,11466,2167940,California
San Diego,2021-05-26,19101,3348891,10587,1721775,6505,1529786,2009,97330,6644,637656,12425,1539793,9509,2177449,California
San Diego,2021-05-27,20537,3369428,11937,1733712,6209,1535995,2391,99721,6944,634505,13574,1553367,10423,2187872,California
San Diego,2021-05-28,21191,3390619,13180,1746892,7303,1543298,708,100429,8423,632002,12749,1566116,10246,2198118,California
San Diego,2021-05-29,11948,3402567,7564,1754456,3895,1547193,489,100918,5182,631424,6753,1572869,6175,2204293,California
San Diego,2021-05-30,4661,3407228,3185,1757641,1098,1548291,378,101296,2027,631432,2629,1575498,2637,2206930,California
San Diego,2021-05-31,2583,3409811,1744,1759385,668,1548959,171,101467,856,630863,1721,1577219,1152,2208082,California
San Diego,2021-06-01,21205,3431016,11314,1770699,8261,1557220,1630,103097,5963,624161,15217,1592436,8515,2216597,California
San Diego,2021-06-02,16996,3448012,8743,1779442,6181,1563401,2072,105169,5506,620989,11463,1603899,8291,2224888,California
San Diego,2021-06-03,19149,3467161,11981,1791423,5369,1568770,1799,106968,5222,615139,13905,1617804,8055,2232943,California
San Diego,2021-06-04,19755,3486916,13814,1805237,5327,1574097,614,107582,5852,609609,13874,1631678,8344,2241287,California
San Diego,2021-06-05,15724,3502640,11958,1817195,2983,1577080,783,108365,4480,604597,11227,1642905,6215,2247502,California
San Diego,2021-06-06,5533,3508173,4512,1821707,710,1577790,311,108676,1725,603639,3797,1646702,2839,2250341,California
San Diego,2021-06-07,12737,3520910,8008,1829715,3380,1581170,1349,110025,3567,600125,9152,1655854,5638,2255979,California
San Diego,2021-06-08,20415,3541325,14439,1844154,4092,1585262,1884,111909,5078,592803,15324,1671178,8002,2263981,California
San Diego,2021-06-09,17013,3558338,11328,1855482,3735,1588997,1950,113859,4380,587465,12618,1683796,7280,2271261,California
San Diego,2021-06-10,17823,3576161,11843,1867325,3908,1592905,2072,115931,4389,581592,13408,1697204,7535,2278796,California
San Diego,2021-06-11,15746,3591907,10049,1877374,4350,1597255,1347,117278,4322,576774,11395,1708599,6577,2285373,California
San Diego,2021-06-12,10961,3602868,8410,1885784,2131,1599386,420,117698,3188,573262,7754,1716353,4242,2289615,California
San Diego,2021-06-13,4146,3607014,3100,1888884,841,1600227,205,117903,1042,571804,3098,1719451,1640,2291255,California
San Diego,2021-06-14,12594,3619608,7562,1896446,2841,1603068,2191,120094,3653,569365,8927,1728378,6488,2297743,California
San Diego,2021-06-15,17871,3637479,10231,1906677,4205,1607273,3435,123529,4734,565319,13127,1741505,9081,2306824,California
San Diego,2021-06-16,13916,3651395,8846,1915523,2765,1610038,2305,125834,4473,563438,9430,1750935,7549,2314373,California
San Diego,2021-06-17,14599,3665994,8433,1923956,3346,1613384,2820,128654,4116,560539,10472,1761407,7573,2321946,California
San Diego,2021-06-18,14044,3680038,8703,1932659,3522,1616906,1819,130473,4402,557910,9633,1771040,7004,2328950,California
San Diego,2021-06-19,7493,3687531,5547,1938206,1486,1618392,460,130933,2746,556906,4731,1775771,3727,2332677,California
San Diego,2021-06-20,3096,3690627,2250,1940456,649,1619041,197,131130,1162,556549,1930,1777701,1573,2334250,California
San Diego,2021-06-21,9000,3699627,5087,1945543,2394,1621435,1519,132649,3889,557372,5102,1782803,5925,2340175,California
San Diego,2021-06-22,5268,3704895,3437,1948980,880,1622315,951,133600,2235,557872,3029,1785832,3529,2343704,California
San Francisco,2020-12-15,8,8,8,8,0,0,0,0,8,8,0,0,8,8,California
San Francisco,2020-12-16,232,240,232,240,0,0,0,0,232,240,0,0,232,240,California
San Francisco,2020-12-17,417,657,417,657,0,0,0,0,417,657,0,0,417,657,California
San Francisco,2020-12-18,910,1567,909,1566,1,1,0,0,910,1567,0,0,910,1567,California
San Francisco,2020-12-19,609,2176,609,2175,0,1,0,0,609,2176,0,0,609,2176,California
San Francisco,2020-12-20,482,2658,482,2657,0,1,0,0,482,2658,0,0,482,2658,California
San Francisco,2020-12-21,1166,3824,1166,3823,0,1,0,0,1166,3824,0,0,1166,3824,California
San Francisco,2020-12-22,1411,5235,1376,5199,35,36,0,0,1411,5235,0,0,1411,5235,California
San Francisco,2020-12-23,1366,6601,1064,6263,302,338,0,0,1366,6601,0,0,1366,6601,California
San Francisco,2020-12-24,848,7449,506,6769,342,680,0,0,848,7449,0,0,848,7449,California
San Francisco,2020-12-25,37,7486,30,6799,7,687,0,0,37,7486,0,0,37,7486,California
San Francisco,2020-12-26,251,7737,154,6953,97,784,0,0,251,7737,0,0,251,7737,California
San Francisco,2020-12-27,273,8010,59,7012,214,998,0,0,273,8010,0,0,273,8010,California
San Francisco,2020-12-28,1285,9295,693,7705,592,1590,0,0,1285,9295,0,0,1285,9295,California
San Francisco,2020-12-29,1264,10559,631,8336,633,2223,0,0,1264,10559,0,0,1264,10559,California
San Francisco,2020-12-30,1492,12051,781,9117,711,2934,0,0,1492,12051,0,0,1492,12051,California
San Francisco,2020-12-31,984,13035,416,9533,568,3502,0,0,983,13034,0,0,983,13034,California
San Francisco,2021-01-01,104,13139,77,9610,27,3529,0,0,104,13138,0,0,104,13138,California
San Francisco,2021-01-02,342,13481,306,9916,36,3565,0,0,342,13480,0,0,342,13480,California
San Francisco,2021-01-03,300,13781,106,10022,194,3759,0,0,299,13778,1,1,299,13779,California
San Francisco,2021-01-04,1847,15628,1358,11380,489,4248,0,0,1844,15619,3,4,1844,15623,California
San Francisco,2021-01-05,2239,17867,1422,12802,817,5065,0,0,2200,17782,39,43,2202,17825,California
San Francisco,2021-01-06,1879,19746,1170,13972,709,5774,0,0,1608,19122,269,312,1609,19434,California
San Francisco,2021-01-07,2079,21825,1211,15183,868,6642,0,0,1603,20252,473,785,1603,21037,California
San Francisco,2021-01-08,2344,24169,1646,16829,698,7340,0,0,1478,20869,861,1646,1478,22515,California
San Francisco,2021-01-09,1405,25574,906,17735,499,7839,0,0,893,21252,512,2158,895,23410,California
San Francisco,2021-01-10,924,26498,542,18277,382,8221,0,0,465,21259,458,2616,465,23875,California
San Francisco,2021-01-11,2520,29018,1876,20153,644,8865,0,0,1413,21564,1108,3724,1413,25288,California
San Francisco,2021-01-12,3115,32133,2072,22225,1043,9908,0,0,1908,22267,1207,4931,1910,27198,California
San Francisco,2021-01-13,2857,34990,1622,23847,1235,11143,0,0,2010,23430,847,5778,2010,29208,California
San Francisco,2021-01-14,2464,37454,1115,24962,1349,12492,0,0,1895,24756,569,6347,1895,31103,California
San Francisco,2021-01-15,2771,40225,1163,26125,1608,14100,0,0,2369,26727,400,6747,2371,33474,California
San Francisco,2021-01-16,2278,42503,973,27098,1305,15405,0,0,2108,28667,170,6917,2110,35584,California
San Francisco,2021-01-17,1949,44452,537,27635,1412,16817,0,0,1730,30178,219,7136,1730,37314,California
San Francisco,2021-01-18,1396,45848,609,28244,787,17604,0,0,1127,31038,268,7404,1128,38442,California
San Francisco,2021-01-19,2603,48451,1481,29725,1122,18726,0,0,1847,32129,756,8160,1847,40289,California
San Francisco,2021-01-20,2792,51243,1140,30865,1652,20378,0,0,2027,33394,763,8923,2028,42317,California
San Francisco,2021-01-21,3358,54601,949,31814,2409,22787,0,0,2518,35073,839,9762,2518,44835,California
San Francisco,2021-01-22,3233,57834,654,32468,2579,25366,0,0,2783,37408,448,10210,2783,47618,California
San Francisco,2021-01-23,3124,60958,616,33084,2508,27874,0,0,2750,39786,373,10583,2751,50369,California
San Francisco,2021-01-24,2443,63401,367,33451,2076,29950,0,0,2208,41762,232,10815,2208,52577,California
San Francisco,2021-01-25,4663,68064,1843,35294,2820,32770,0,0,3065,43233,1595,12410,3066,55643,California
San Francisco,2021-01-26,4766,72830,2189,37483,2577,35347,0,0,3110,44692,1653,14063,3112,58755,California
San Francisco,2021-01-27,4399,77229,1992,39475,2407,37754,0,0,3087,46469,1310,15373,3087,61842,California
San Francisco,2021-01-28,3814,81043,1578,41053,2236,39990,0,0,2639,47941,1168,16541,2640,64482,California
San Francisco,2021-01-29,4782,85825,1698,42751,3084,43074,0,0,3484,50133,1292,17833,3484,67966,California
San Francisco,2021-01-30,3835,89660,1860,44611,1975,45049,0,0,3368,53039,466,18299,3372,71338,California
San Francisco,2021-01-31,2372,92032,827,45438,1545,46594,0,0,2220,55108,152,18451,2221,73559,California
San Francisco,2021-02-01,4006,96038,1714,47152,2292,48886,0,0,2925,56954,1081,19532,2927,76486,California
San Francisco,2021-02-02,4556,100594,1820,48972,2736,51622,0,0,2955,58313,1596,21128,2955,79441,California
San Francisco,2021-02-03,5119,105713,2403,51375,2716,54338,0,0,3797,60795,1320,22448,3802,83243,California
San Francisco,2021-02-04,5062,110775,2440,53815,2622,56960,0,0,3881,63497,1179,23627,3881,87124,California
San Francisco,2021-02-05,6051,116826,3280,57095,2771,59731,0,0,4689,66828,1360,24987,4691,91815,California
San Francisco,2021-02-06,5575,122401,3758,60853,1817,61548,0,0,4672,70603,900,25887,4675,96490,California
San Francisco,2021-02-07,4436,126837,3287,64140,1149,62697,0,0,3856,73885,577,26464,3859,100349,California
San Francisco,2021-02-08,6890,133727,4769,68909,2121,64818,0,0,5651,78316,1223,27687,5654,106003,California
San Francisco,2021-02-09,6049,139776,4094,73003,1955,66773,0,0,4478,81225,1571,29258,4480,110483,California
San Francisco,2021-02-10,6993,146769,4278,77281,2715,69488,0,0,5170,84587,1815,31073,5177,115660,California
San Francisco,2021-02-11,6820,153589,4066,81347,2754,72242,0,0,4978,87733,1837,32910,4983,120643,California
San Francisco,2021-02-12,5392,158981,2726,84073,2666,74908,0,0,3535,89412,1857,34767,3536,124179,California
San Francisco,2021-02-13,4435,163416,2605,86678,1830,76738,0,0,3084,91148,1351,36118,3087,127266,California
San Francisco,2021-02-14,3471,166887,2285,88963,1186,77924,0,0,2334,92351,1136,37254,2339,129605,California
San Francisco,2021-02-15,2786,169673,1511,90474,1275,79199,0,0,1675,92917,1109,38363,1675,131280,California
San Francisco,2021-02-16,5132,174805,2826,93300,2306,81505,0,0,3000,93799,2125,40488,3007,134287,California
San Francisco,2021-02-17,5351,180156,2613,95913,2738,84243,0,0,2965,94390,2376,42864,2967,137254,California
San Francisco,2021-02-18,5403,185559,2633,98546,2770,87013,0,0,2806,94609,2593,45457,2812,140066,California
San Francisco,2021-02-19,5693,191252,2672,101218,3021,90034,0,0,2955,94832,2733,48190,2956,143022,California
San Francisco,2021-02-20,4596,195848,2228,103446,2368,92402,0,0,1728,93703,2858,51048,1729,144751,California
San Francisco,2021-02-21,2907,198755,1535,104981,1372,93774,0,0,1291,93388,1607,52655,1292,146043,California
San Francisco,2021-02-22,5207,203962,3242,108223,1965,95739,0,0,2616,93426,2581,55236,2619,148662,California
San Francisco,2021-02-23,5636,209598,3215,111438,2421,98160,0,0,2880,93557,2749,57985,2880,151542,California
San Francisco,2021-02-24,9169,218767,5189,116627,3980,102140,0,0,4895,94193,4262,62247,4898,156440,California
San Francisco,2021-02-25,10091,228858,7049,123676,3042,105182,0,0,6481,97069,3607,65854,6483,162923,California
San Francisco,2021-02-26,12461,241319,8108,131784,4353,109535,0,0,7344,99300,5114,70968,7345,170268,California
San Francisco,2021-02-27,9499,250818,6132,137916,3365,112900,2,2,4713,99243,4772,75740,4715,174983,California
San Francisco,2021-02-28,8006,258824,5743,143659,2263,115163,0,2,3888,99018,4114,79854,3889,178872,California
San Francisco,2021-03-01,11531,270355,7808,151467,3718,118881,5,7,5586,98693,5918,85772,5593,184465,California
San Francisco,2021-03-02,10122,280477,6836,158303,3286,122167,0,7,5688,99960,4422,90194,5689,190154,California
San Francisco,2021-03-03,11485,291962,6736,165039,4748,126915,1,8,6267,101032,5199,95393,6271,196425,California
San Francisco,2021-03-04,8894,300856,5604,170643,3290,130205,0,8,4992,102137,3889,99282,4994,201419,California
San Francisco,2021-03-05,9305,310161,5706,176349,3595,133800,4,12,5812,104477,3477,102759,5817,207236,California
San Francisco,2021-03-06,7211,317372,4721,181070,2281,136081,209,221,4489,106439,2733,105492,4695,211931,California
San Francisco,2021-03-07,5462,322834,4264,185334,1138,137219,60,281,3133,107291,2341,107833,3193,215124,California
San Francisco,2021-03-08,7569,330403,5498,190832,1882,139101,189,470,5982,111843,1618,109451,6170,221294,California
San Francisco,2021-03-09,8367,338770,5541,196373,2451,141552,375,845,6105,116054,2264,111715,6475,227769,California
San Francisco,2021-03-10,11292,350062,6633,203006,4156,145708,503,1348,7079,119445,4191,115906,7582,235351,California
San Francisco,2021-03-11,10152,360214,6394,209400,2787,148495,971,2319,6664,123601,3470,119376,7626,242977,California
San Francisco,2021-03-12,10918,371132,6379,215779,3193,151688,1346,3665,6090,126224,4806,124182,7429,250406,California
San Francisco,2021-03-13,6766,377898,3952,219731,1731,153419,1083,4748,4196,128941,2560,126742,5277,255683,California
San Francisco,2021-03-14,7597,385495,4942,224673,2410,155829,245,4993,3984,129573,3595,130337,4227,259910,California
San Francisco,2021-03-15,12161,397656,9307,233980,1908,157737,946,5939,8429,135220,3715,134052,9362,269272,California
San Francisco,2021-03-16,12293,409949,8370,242350,3451,161188,472,6411,8836,141096,3434,137486,9310,278582,California
San Francisco,2021-03-17,13625,423574,8459,250809,4532,165720,634,7045,9761,147651,3834,141320,10389,288971,California
San Francisco,2021-03-18,10253,433827,7007,257816,2623,168343,623,7668,5833,149702,4397,145717,6448,295419,California
San Francisco,2021-03-19,12566,446393,9208,267024,2887,171230,471,8139,6549,150724,5990,151707,7012,302431,California
San Francisco,2021-03-20,8961,455354,6592,273616,1900,173130,469,8608,5195,152657,3734,155441,5667,308098,California
San Francisco,2021-03-21,6698,462052,6145,279761,417,173547,136,8744,3765,153640,2916,158357,3899,311997,California
San Francisco,2021-03-22,9921,471973,6891,286652,2181,175728,849,9593,5086,154757,4810,163167,5927,317924,California
San Francisco,2021-03-23,11412,483385,7602,294254,3155,178883,655,10248,6351,156724,5031,168198,6998,324922,California
San Francisco,2021-03-24,12445,495830,9537,303791,2369,181252,539,10787,6193,157238,6209,174407,6723,331645,California
San Francisco,2021-03-25,12037,507867,8792,312583,2678,183930,567,11354,5841,157518,6124,180531,6404,338049,California
San Francisco,2021-03-26,12073,519940,8373,320956,3466,187396,234,11588,5849,157407,6189,186720,6078,344127,California
San Francisco,2021-03-27,8866,528806,5922,326878,2591,189987,353,11941,3796,156507,5048,191768,4148,348275,California
San Francisco,2021-03-28,6690,535496,5338,332216,1310,191297,42,11983,2980,155842,3684,195452,3019,351294,California
San Francisco,2021-03-29,11675,547171,8047,340263,3443,194740,185,12168,4828,154037,6816,202268,5011,356305,California
San Francisco,2021-03-30,11700,558871,7332,347595,4077,198817,291,12459,5515,153685,6158,208426,5806,362111,California
San Francisco,2021-03-31,12339,571210,8219,355814,3820,202637,300,12759,4914,151502,7391,215817,5208,367319,California
San Francisco,2021-04-01,14038,585248,7454,363268,4880,207517,1704,14463,6026,151239,7972,223789,7709,375028,California
San Francisco,2021-04-02,14926,600174,6596,369864,6438,213955,1892,16355,6959,152134,7942,231731,8837,383865,California
San Francisco,2021-04-03,10629,610803,4931,374795,3864,217819,1834,18189,4856,153063,5753,237484,6682,390547,California
San Francisco,2021-04-04,9081,619884,4819,379614,2598,220417,1664,19853,3587,152833,5477,242961,5247,395794,California
San Francisco,2021-04-05,16115,635999,9874,389488,4347,224764,1894,21747,6268,151171,9816,252777,8154,403948,California
San Francisco,2021-04-06,16159,652158,9568,399056,4521,229285,2070,23817,6281,149662,9851,262628,8342,412290,California
San Francisco,2021-04-07,16945,669103,10078,409134,4619,233904,2248,26065,7020,149012,9899,272527,9249,421539,California
San Francisco,2021-04-08,14272,683375,6781,415915,3045,236949,4446,30511,4635,148464,9599,282126,9051,430590,California
San Francisco,2021-04-09,15928,699303,7700,423615,4851,241800,3377,33888,6619,149164,9276,291402,9976,440566,California
San Francisco,2021-04-10,13386,712689,5724,429339,5894,247694,1768,35656,7125,151807,6235,297637,8878,449444,California
San Francisco,2021-04-11,10091,722780,7558,436897,1351,249045,1182,36838,5215,153335,4862,302499,6390,455834,California
San Francisco,2021-04-12,10667,733447,6932,443829,2579,251624,1156,37994,4887,153615,5757,308256,6037,461871,California
San Francisco,2021-04-13,10901,744348,7394,451223,3495,255119,12,38006,5494,153745,5381,313637,5511,467382,California
San Francisco,2021-04-14,13419,757767,8093,459316,5325,260444,1,38007,6379,153128,7000,320637,6383,473765,California
San Francisco,2021-04-15,13913,771680,9640,468956,4272,264716,1,38008,8131,155516,5749,326386,8137,481902,California
San Francisco,2021-04-16,13094,784774,8801,477757,4249,268965,44,38052,7680,157861,5383,331769,7728,489630,California
San Francisco,2021-04-17,10259,795033,7409,485166,2849,271814,1,38053,7249,162124,2992,334761,7255,496885,California
San Francisco,2021-04-18,6683,801716,5118,490284,1563,273377,2,38055,4131,163726,2533,337294,4135,501020,California
San Francisco,2021-04-19,10977,812693,8245,498529,2727,276104,5,38060,7054,166890,3905,341199,7069,508089,California
San Francisco,2021-04-20,12464,825157,7308,505837,5154,281258,2,38062,8576,171610,3861,345060,8581,516670,California
San Francisco,2021-04-21,10678,835835,7635,513472,3038,284296,5,38067,6516,174001,4136,349196,6527,523197,California
San Francisco,2021-04-22,10527,846362,7785,521257,2741,287037,1,38068,6070,175650,4429,353625,6078,529275,California
San Francisco,2021-04-23,10408,856770,5960,527217,4448,291485,0,38068,6174,177628,4203,357828,6181,535456,California
San Francisco,2021-04-24,7978,864748,5491,532708,2487,293972,0,38068,4713,179106,3244,361072,4722,540178,California
San Francisco,2021-04-25,5057,869805,4351,537059,700,294672,6,38074,2958,179988,2087,363159,2969,543147,California
San Francisco,2021-04-26,8224,878029,5824,542883,2388,297060,12,38086,4087,179995,4108,367267,4115,547262,California
San Francisco,2021-04-27,8726,886755,5864,548747,2692,299752,170,38256,4349,180173,4351,371618,4529,551791,California
San Francisco,2021-04-28,9515,896270,6579,555326,2746,302498,190,38446,4978,180842,4506,376124,5175,556966,California
San Francisco,2021-04-29,9405,905675,5464,560790,3747,306245,194,38640,4614,180899,4765,380889,4822,561788,California
San Francisco,2021-04-30,10911,916586,5207,565997,5503,311748,201,38841,3986,178210,6880,387769,4191,565979,California
San Francisco,2021-05-01,6957,923543,3594,569591,3247,314995,116,38957,1685,174775,5237,393006,1802,567781,California
San Francisco,2021-05-02,5329,928872,3091,572682,2140,317135,98,39055,965,171488,4354,397360,1067,568848,California
San Francisco,2021-05-03,9703,938575,6616,579298,2923,320058,164,39219,2458,166902,7216,404576,2630,571478,California
San Francisco,2021-05-04,9399,947974,6017,585315,3131,323189,251,39470,2292,162376,7074,411650,2548,574026,California
San Francisco,2021-05-05,8791,956765,6144,591459,2336,325525,311,39781,2152,158250,6593,418243,2467,576493,California
San Francisco,2021-05-06,10767,967532,8605,600064,1689,327214,473,40254,1844,151680,8889,427132,2319,578812,California
San Francisco,2021-05-07,10136,977668,6498,606562,3366,330580,272,40526,1638,145117,8471,435603,1908,580720,California
San Francisco,2021-05-08,8392,986060,3578,610140,4684,335264,130,40656,970,138828,7390,442993,1101,581821,California
San Francisco,2021-05-09,6703,992763,5841,615981,779,336043,83,40739,1212,134649,5468,448461,1289,583110,California
San Francisco,2021-05-10,6999,999762,4968,620949,1779,337822,252,40991,1047,130023,5924,454385,1298,584408,California
San Francisco,2021-05-11,7419,1007181,5335,626284,1865,339687,219,41210,1450,125756,5935,460320,1668,586076,California
San Francisco,2021-05-12,8173,1015354,5973,632257,1743,341430,457,41667,1856,121779,6285,466605,2308,588384,California
San Francisco,2021-05-13,11096,1026450,8149,640406,2721,344151,226,41893,4194,119331,6874,473479,4426,592810,California
San Francisco,2021-05-14,9323,1035773,6601,647007,2549,346700,173,42066,3018,116257,6275,479754,3201,596011,California
San Francisco,2021-05-15,7953,1043726,6262,653269,1635,348335,56,42122,3115,114618,4822,484576,3183,599194,California
San Francisco,2021-05-16,4973,1048699,4191,657460,722,349057,60,42182,1843,113410,3111,487687,1903,601097,California
San Francisco,2021-05-17,7255,1055954,5403,662863,1687,350744,165,42347,2472,111287,4763,492450,2640,603737,California
San Francisco,2021-05-18,8714,1064668,4985,667848,3553,354297,176,42523,1972,106740,6695,499145,2148,605885,California
San Francisco,2021-05-19,7493,1072161,5547,673395,1711,356008,235,42758,2451,104410,5014,504159,2684,608569,California
San Francisco,2021-05-20,5962,1078123,4015,677410,1696,357704,251,43009,1643,102016,4283,508442,1889,610458,California
San Francisco,2021-05-21,7200,1085323,4074,681484,2940,360644,186,43195,1837,98718,5316,513758,2018,612476,California
San Francisco,2021-05-22,4790,1090113,3611,685095,1088,361732,91,43286,2178,98394,2592,516350,2268,614744,California
San Francisco,2021-05-23,1832,1091945,1393,686488,364,362096,75,43361,834,98316,987,517337,909,615653,California
San Francisco,2021-05-24,4047,1095992,2859,689347,1026,363122,162,43523,1198,96853,2824,520161,1361,617014,California
San Francisco,2021-05-25,3698,1099690,2411,691758,1065,364187,222,43745,1099,95588,2581,522742,1316,618330,California
San Francisco,2021-05-26,3940,1103630,2551,694309,1243,365430,146,43891,1143,94103,2774,525516,1289,619619,California
San Francisco,2021-05-27,3713,1107343,2146,696455,1390,366820,177,44068,1207,92991,2494,528010,1382,621001,California
San Francisco,2021-05-28,3777,1111120,2158,698613,1457,368277,162,44230,1350,92101,2401,530411,1511,622512,California
San Francisco,2021-05-29,2019,1113139,1459,700072,458,368735,102,44332,877,91954,1121,531532,974,623486,California
San Francisco,2021-05-30,964,1114103,692,700764,235,368970,37,44369,400,91831,560,532092,437,623923,California
San Francisco,2021-05-31,255,1114358,207,700971,41,369011,7,44376,85,91755,168,532260,92,624015,California
San Francisco,2021-06-01,3576,1117934,2159,703130,1229,370240,188,44564,1251,90883,2308,534568,1436,625451,California
San Francisco,2021-06-02,2435,1120369,1758,704888,554,370794,123,44687,898,90374,1525,536093,1016,626467,California
San Francisco,2021-06-03,3980,1124349,2731,707619,1044,371838,205,44892,1058,88730,2902,538995,1258,627725,California
San Francisco,2021-06-04,5717,1130066,4840,712459,741,372579,136,45028,1395,85967,4289,543284,1526,629251,California
San Francisco,2021-06-05,3698,1133764,3123,715582,427,373006,148,45176,958,84342,2727,546011,1102,630353,California
San Francisco,2021-06-06,2316,1136080,2167,717749,111,373117,38,45214,508,83086,1802,547813,546,630899,California
San Francisco,2021-06-07,3635,1139715,3011,720760,488,373605,136,45350,953,81508,2665,550478,1087,631986,California
San Francisco,2021-06-08,2833,1142548,2227,722987,439,374044,167,45517,844,80541,1972,552450,1005,632991,California
San Francisco,2021-06-09,2315,1144863,1853,724840,325,374369,137,45654,665,79707,1634,554084,800,633791,California
San Francisco,2021-06-10,2493,1147356,1908,726748,395,374764,190,45844,783,78982,1698,555782,973,634764,California
San Francisco,2021-06-11,3152,1150508,2491,729239,497,375261,164,46008,943,77901,2186,557968,1105,635869,California
San Francisco,2021-06-12,3035,1153543,2632,731871,274,375535,129,46137,723,76453,2298,560266,850,636719,California
San Francisco,2021-06-13,912,1154455,791,732662,74,375609,47,46184,233,76061,671,560937,279,636998,California
San Francisco,2021-06-14,2511,1156966,2036,734698,324,375933,151,46335,888,75486,1612,562549,1037,638035,California
San Francisco,2021-06-15,1897,1158863,1472,736170,292,376225,133,46468,674,75079,1214,563763,807,638842,California
San Francisco,2021-06-16,1812,1160675,1364,737534,257,376482,191,46659,634,74735,1162,564925,818,639660,California
San Francisco,2021-06-17,1974,1162649,1521,739055,257,376739,196,46855,653,74273,1306,566231,844,640504,California
San Francisco,2021-06-18,2328,1164977,1733,740788,421,377160,174,47029,752,73632,1563,567794,922,641426,California
San Francisco,2021-06-19,1394,1166371,1183,741971,102,377262,109,47138,429,73216,951,568745,535,641961,California
San Francisco,2021-06-20,625,1166996,535,742506,55,377317,35,47173,258,73148,361,569106,293,642254,California
San Francisco,2021-06-21,1147,1168143,860,743366,178,377495,109,47282,606,73331,530,569636,713,642967,California
San Francisco,2021-06-22,942,1169085,691,744057,159,377654,92,47374,294,73074,637,570273,380,643347,California
San Joaquin,2020-12-15,14,14,14,14,0,0,0,0,14,14,0,0,14,14,California
San Joaquin,2020-12-16,309,323,309,323,0,0,0,0,309,323,0,0,309,323,California
San Joaquin,2020-12-17,322,645,322,645,0,0,0,0,322,645,0,0,322,645,California
San Joaquin,2020-12-18,539,1184,535,1180,4,4,0,0,539,1184,0,0,539,1184,California
San Joaquin,2020-12-19,189,1373,189,1369,0,4,0,0,189,1373,0,0,189,1373,California
San Joaquin,2020-12-20,117,1490,115,1484,2,6,0,0,117,1490,0,0,117,1490,California
San Joaquin,2020-12-21,500,1990,499,1983,1,7,0,0,500,1990,0,0,500,1990,California
San Joaquin,2020-12-22,980,2970,859,2842,121,128,0,0,979,2969,0,0,979,2969,California
San Joaquin,2020-12-23,989,3959,932,3774,57,185,0,0,987,3956,2,2,989,3958,California
San Joaquin,2020-12-24,219,4178,190,3964,29,214,0,0,218,4174,1,3,219,4177,California
San Joaquin,2020-12-25,16,4194,16,3980,0,214,0,0,16,4190,0,3,16,4193,California
San Joaquin,2020-12-26,103,4297,31,4011,72,286,0,0,103,4293,0,3,103,4296,California
San Joaquin,2020-12-27,45,4342,32,4043,13,299,0,0,45,4338,0,3,45,4341,California
San Joaquin,2020-12-28,631,4973,426,4469,205,504,0,0,631,4969,0,3,631,4972,California
San Joaquin,2020-12-29,798,5771,668,5137,130,634,0,0,798,5767,0,3,798,5770,California
San Joaquin,2020-12-30,1015,6786,719,5856,296,930,0,0,1013,6780,2,5,1015,6785,California
San Joaquin,2020-12-31,459,7245,204,6060,255,1185,0,0,459,7239,1,6,460,7245,California
San Joaquin,2021-01-01,23,7268,13,6073,10,1195,0,0,23,7262,0,6,23,7268,California
San Joaquin,2021-01-02,268,7536,245,6318,23,1218,0,0,268,7530,0,6,268,7536,California
San Joaquin,2021-01-03,37,7573,20,6338,17,1235,0,0,36,7565,1,7,36,7572,California
San Joaquin,2021-01-04,482,8055,340,6678,142,1377,0,0,480,8044,1,8,480,8052,California
San Joaquin,2021-01-05,991,9046,655,7333,336,1713,0,0,819,8729,172,180,857,8909,California
San Joaquin,2021-01-06,1234,10280,715,8048,519,2232,0,0,928,9360,301,481,932,9841,California
San Joaquin,2021-01-07,1090,11370,689,8737,401,2633,0,0,790,9854,297,778,791,10632,California
San Joaquin,2021-01-08,1219,12589,829,9566,390,3023,0,0,721,10082,497,1275,725,11357,California
San Joaquin,2021-01-09,379,12968,300,9866,79,3102,0,0,247,10198,132,1407,248,11605,California
San Joaquin,2021-01-10,224,13192,116,9982,108,3210,0,0,171,10317,52,1459,171,11776,California
San Joaquin,2021-01-11,1539,14731,1329,11311,210,3420,0,0,871,10589,667,2126,939,12715,California
San Joaquin,2021-01-12,1496,16227,1075,12386,421,3841,0,0,705,10579,787,2913,777,13492,California
San Joaquin,2021-01-13,1548,17775,909,13295,639,4480,0,0,961,10961,584,3497,966,14458,California
San Joaquin,2021-01-14,1766,19541,977,14272,789,5269,0,0,1418,12069,327,3824,1435,15893,California
San Joaquin,2021-01-15,1551,21092,555,14827,996,6265,0,0,1308,13169,228,4052,1328,17221,California
San Joaquin,2021-01-16,1139,22231,181,15008,958,7223,0,0,1107,14245,31,4083,1107,18328,California
San Joaquin,2021-01-17,1630,23861,138,15146,1492,8715,0,0,1587,15791,43,4126,1589,19917,California
San Joaquin,2021-01-18,743,24604,240,15386,503,9218,0,0,621,16294,118,4244,621,20538,California
San Joaquin,2021-01-19,1887,26491,905,16291,982,10200,0,0,1203,16826,679,4923,1211,21749,California
San Joaquin,2021-01-20,2098,28589,1287,17578,811,11011,0,0,1449,17639,642,5565,1455,23204,California
San Joaquin,2021-01-21,1989,30578,903,18481,1086,12097,0,0,1590,18846,392,5957,1599,24803,California
San Joaquin,2021-01-22,1964,32542,899,19380,1065,13162,0,0,1823,20535,136,6093,1825,26628,California
San Joaquin,2021-01-23,901,33443,400,19780,501,13663,0,0,613,20863,287,6380,615,27243,California
San Joaquin,2021-01-24,355,33798,137,19917,218,13881,0,0,332,21175,20,6400,332,27575,California
San Joaquin,2021-01-25,2007,35805,1148,21065,859,14740,0,0,1433,22040,571,6971,1436,29011,California
San Joaquin,2021-01-26,2166,37971,1118,22183,1048,15788,0,0,1540,22968,619,7590,1547,30558,California
San Joaquin,2021-01-27,1751,39722,775,22958,976,16764,0,0,1246,23721,500,8090,1253,31811,California
San Joaquin,2021-01-28,2065,41787,778,23736,1287,18051,0,0,1400,24469,661,8751,1409,33220,California
San Joaquin,2021-01-29,2173,43960,1051,24787,1122,19173,0,0,1819,25950,348,9099,1829,35049,California
San Joaquin,2021-01-30,2178,46138,358,25145,1820,20993,0,0,1999,27773,178,9277,2001,37050,California
San Joaquin,2021-01-31,1556,47694,177,25322,1379,22372,0,0,1491,29201,64,9341,1492,38542,California
San Joaquin,2021-02-01,2517,50211,1324,26646,1193,23565,0,0,1750,30187,767,10108,1753,40295,California
San Joaquin,2021-02-02,2592,52803,1156,27802,1436,25001,0,0,1979,31618,552,10660,1983,42278,California
San Joaquin,2021-02-03,3084,55887,1214,29016,1870,26871,0,0,2210,32970,867,11527,2219,44497,California
San Joaquin,2021-02-04,3553,59440,1818,30834,1735,28606,0,0,2651,34731,896,12423,2657,47154,California
San Joaquin,2021-02-05,3181,62621,1805,32639,1376,29982,0,0,2345,36266,824,13247,2359,49513,California
San Joaquin,2021-02-06,1096,63717,746,33385,350,30332,0,0,947,37068,146,13393,948,50461,California
San Joaquin,2021-02-07,621,64338,492,33877,129,30461,0,0,416,37285,200,13593,417,50878,California
San Joaquin,2021-02-08,1793,66131,1038,34915,755,31216,0,0,1448,38417,322,13915,1454,52332,California
San Joaquin,2021-02-09,2134,68265,1158,36073,976,32192,0,0,1583,39522,481,14396,1586,53918,California
San Joaquin,2021-02-10,2590,70855,1254,37327,1336,33528,0,0,1358,39671,1210,15606,1359,55277,California
San Joaquin,2021-02-11,2932,73787,1490,38817,1442,34970,0,0,1706,40190,1194,16800,1713,56990,California
San Joaquin,2021-02-12,2839,76626,1135,39952,1704,36674,0,0,1608,40596,1208,18008,1614,58604,California
San Joaquin,2021-02-13,2121,78747,398,40350,1723,38397,0,0,852,40200,1255,19263,859,59463,California
San Joaquin,2021-02-14,1917,80664,263,40613,1654,40051,0,0,698,39712,1187,20450,699,60162,California
San Joaquin,2021-02-15,1986,82650,823,41436,1163,41214,0,0,1188,40137,767,21217,1192,61354,California
San Joaquin,2021-02-16,3178,85828,1381,42817,1797,43011,0,0,1755,40496,1407,22624,1766,63120,California
San Joaquin,2021-02-17,3298,89126,1273,44090,2025,45036,0,0,1875,40967,1409,24033,1880,65000,California
San Joaquin,2021-02-18,3369,92495,1392,45482,1977,47013,0,0,1924,41489,1408,25441,1930,66930,California
San Joaquin,2021-02-19,4294,96789,2430,47912,1864,48877,0,0,2403,42055,1837,27278,2403,69333,California
San Joaquin,2021-02-20,1578,98367,677,48589,901,49778,0,0,1075,42630,500,27778,1075,70408,California
San Joaquin,2021-02-21,682,99049,516,49105,166,49944,0,0,431,42815,248,28026,433,70841,California
San Joaquin,2021-02-22,3563,102612,2513,51618,1050,50994,0,0,2545,44375,989,29015,2549,73390,California
San Joaquin,2021-02-23,4343,106955,2644,54262,1699,52693,0,0,2674,45418,1637,30652,2680,76070,California
San Joaquin,2021-02-24,5789,112744,3440,57702,2349,55042,0,0,4157,47973,1606,32258,4161,80231,California
San Joaquin,2021-02-25,6402,119146,3963,61665,2439,57481,0,0,4129,49881,2231,34489,4139,84370,California
San Joaquin,2021-02-26,5540,124686,2868,64533,2672,60153,0,0,3799,51982,1705,36194,3806,88176,California
San Joaquin,2021-02-27,5496,130182,1638,66171,3858,64011,0,0,2658,51873,2779,38973,2670,90846,California
San Joaquin,2021-02-28,3120,133302,1130,67301,1990,66001,0,0,2055,52895,1036,40009,2058,92904,California
San Joaquin,2021-03-01,4152,137454,1830,69131,2319,68320,3,3,2351,53477,1782,41791,2364,95268,California
San Joaquin,2021-03-02,4243,141697,1687,70818,2556,70876,0,3,2666,54644,1554,43345,2721,97989,California
San Joaquin,2021-03-03,5841,147538,3467,74285,2372,73248,2,5,4213,57255,1603,44948,4214,102203,California
San Joaquin,2021-03-04,5740,153278,2278,76563,3459,76707,3,8,3752,59039,1972,46920,3756,105959,California
San Joaquin,2021-03-05,4521,157799,1911,78474,2605,79312,5,13,3134,60813,1370,48290,3144,109103,California
San Joaquin,2021-03-06,3329,161128,2191,80665,1008,80320,130,143,2741,63104,584,48874,2875,111978,California
San Joaquin,2021-03-07,1229,162357,567,81232,614,80934,48,191,942,63810,269,49143,975,112953,California
San Joaquin,2021-03-08,3153,165510,1261,82493,1768,82702,124,315,2146,65084,995,50138,2269,115222,California
San Joaquin,2021-03-09,4048,169558,1837,84330,2080,84782,131,446,2687,66566,1341,51479,2823,118045,California
San Joaquin,2021-03-10,4671,174229,2484,86814,2046,86828,141,587,3436,68924,1219,52698,3577,121622,California
San Joaquin,2021-03-11,4979,179208,2368,89182,2007,88835,604,1191,2951,70470,2013,54711,3559,125181,California
San Joaquin,2021-03-12,6329,185537,3166,92348,2825,91660,338,1529,4171,72855,2131,56842,4516,129697,California
San Joaquin,2021-03-13,3090,188627,1476,93824,1489,93149,125,1654,2290,74486,792,57634,2423,132120,California
San Joaquin,2021-03-14,2176,190803,682,94506,1191,94340,303,1957,1030,74684,1139,58773,1337,133457,California
San Joaquin,2021-03-15,6116,196919,3517,98023,2195,96535,404,2361,3196,75414,2883,61656,3613,137070,California
San Joaquin,2021-03-16,6889,203808,3923,101946,2708,99243,258,2619,4051,76918,2812,64468,4316,141386,California
San Joaquin,2021-03-17,7849,211657,4705,106651,3073,102316,71,2690,4361,77916,3442,67910,4440,145826,California
San Joaquin,2021-03-18,7686,219343,4521,111172,2658,104974,507,3197,3782,78355,3858,71768,4297,150123,California
San Joaquin,2021-03-19,7976,227319,4676,115848,2755,107729,545,3742,4813,80635,3138,74906,5418,155541,California
San Joaquin,2021-03-20,3713,231032,2146,117994,1324,109053,243,3985,1839,80882,1848,76754,2095,157636,California
San Joaquin,2021-03-21,2137,233169,1517,119511,413,109466,207,4192,1167,81372,956,77710,1446,159082,California
San Joaquin,2021-03-22,4002,237171,2050,121561,1536,111002,416,4608,2365,82540,1619,79329,2787,161869,California
San Joaquin,2021-03-23,5413,242584,2659,124220,2586,113588,168,4776,3727,84779,1662,80991,3901,165770,California
San Joaquin,2021-03-24,6875,249459,4262,128482,2522,116110,91,4867,3022,84089,3811,84802,3121,168891,California
San Joaquin,2021-03-25,5598,255057,3325,131807,2225,118335,48,4915,3310,85190,2263,87065,3364,172255,California
San Joaquin,2021-03-26,6225,261282,2579,134386,3494,121829,152,5067,3250,85667,2947,90012,3424,175679,California
San Joaquin,2021-03-27,4695,265977,2634,137020,1985,123814,76,5143,1810,84704,2859,92871,1896,177575,California
San Joaquin,2021-03-28,2751,268728,1822,138842,904,124718,25,5168,1270,84653,1461,94332,1410,178985,California
San Joaquin,2021-03-29,4073,272801,2204,141046,1845,126563,24,5192,2035,84705,2022,96354,2074,181059,California
San Joaquin,2021-03-30,6263,279064,3190,144236,2981,129544,92,5284,3445,85474,2788,99142,3557,184616,California
San Joaquin,2021-03-31,6650,285714,4187,148423,2402,131946,61,5345,3354,85646,3268,102410,3440,188056,California
San Joaquin,2021-04-01,6466,292180,3003,151426,3373,135319,90,5435,2856,85071,3583,105993,3008,191064,California
San Joaquin,2021-04-02,6386,298566,2896,154322,2995,138314,495,5930,2518,84275,3840,109833,3044,194108,California
San Joaquin,2021-04-03,4174,302740,2353,156675,1495,139809,326,6256,2014,84485,2143,111976,2353,196461,California
San Joaquin,2021-04-04,2300,305040,1372,158047,720,140529,208,6464,1547,85519,742,112718,1776,198237,California
San Joaquin,2021-04-05,4818,309858,2854,160901,1720,142249,244,6708,2657,86282,2147,114865,2910,201147,California
San Joaquin,2021-04-06,7106,316964,4562,165463,2264,144513,280,6988,3364,86233,3711,118576,3662,204809,California
San Joaquin,2021-04-07,8377,325341,4561,170024,2230,146743,1586,8574,3522,86523,4832,123408,5122,209931,California
San Joaquin,2021-04-08,8813,334154,4719,174743,1952,148695,2142,10716,3326,86534,5459,128867,5470,215401,California
San Joaquin,2021-04-09,8995,343149,4374,179117,3053,151748,1568,12284,3312,85774,5658,134525,4898,220299,California
San Joaquin,2021-04-10,5267,348416,1667,180784,1687,153435,1913,14197,1799,86028,3456,137981,3710,224009,California
San Joaquin,2021-04-11,4309,352725,1778,182562,1365,154800,1166,15363,1985,86862,2311,140292,3145,227154,California
San Joaquin,2021-04-12,6093,358818,2469,185031,2073,156873,1551,16914,2420,87188,3650,143942,3976,231130,California
San Joaquin,2021-04-13,7570,366388,4379,189410,3182,160055,9,16923,4666,88988,2881,146823,4681,235811,California
San Joaquin,2021-04-14,7663,374051,3902,193312,3759,163814,2,16925,4634,90631,3006,149829,4649,240460,California
San Joaquin,2021-04-15,7941,381992,4723,198035,3218,167032,0,16925,4458,91650,3449,153278,4468,244928,California
San Joaquin,2021-04-16,7849,389841,4264,202299,3582,170614,3,16928,4769,93384,3050,156328,4784,249712,California
San Joaquin,2021-04-17,5210,395051,2824,205123,2384,172998,2,16930,3699,95604,1499,157827,3719,253431,California
San Joaquin,2021-04-18,2507,397558,1399,206522,1108,174106,0,16930,1337,95795,1154,158981,1345,254776,California
San Joaquin,2021-04-19,5222,402780,2825,209347,2397,176503,0,16930,2781,96174,2414,161395,2793,257569,California
San Joaquin,2021-04-20,6273,409053,3315,212662,2958,179461,0,16930,2966,95875,3277,164672,2978,260547,California
San Joaquin,2021-04-21,5692,414745,3159,215821,2533,181994,0,16930,2941,96127,2697,167369,2949,263496,California
San Joaquin,2021-04-22,5341,420086,3162,218983,2177,184171,2,16932,3088,97011,2223,169592,3107,266603,California
San Joaquin,2021-04-23,5968,426054,2855,221838,3112,187283,1,16933,3771,98614,2176,171768,3779,270382,California
San Joaquin,2021-04-24,5293,431347,3642,225480,1649,188932,2,16935,3449,100255,1816,173584,3457,273839,California
San Joaquin,2021-04-25,3081,434428,2594,228074,487,189419,0,16935,2046,101297,1011,174595,2053,275892,California
San Joaquin,2021-04-26,4073,438501,2667,230741,1402,190821,4,16939,2175,101598,1885,176480,2186,278078,California
San Joaquin,2021-04-27,4647,443148,2682,233423,1903,192724,62,17001,1979,101001,2646,179126,2049,280127,California
San Joaquin,2021-04-28,5599,448747,3373,236796,2146,194870,80,17081,2780,101083,2789,181915,2871,282998,California
San Joaquin,2021-04-29,4932,453679,2886,239682,1989,196859,57,17138,2533,101307,2378,184293,2602,285600,California
San Joaquin,2021-04-30,5006,458685,2448,242130,2491,199350,67,17205,2589,101576,2398,186691,2667,288267,California
San Joaquin,2021-05-01,3365,462050,1921,244051,1386,200736,58,17263,2144,102581,1211,187902,2216,290483,California
San Joaquin,2021-05-02,2314,464364,1607,245658,650,201386,57,17320,1180,102689,1130,189032,1238,291721,California
San Joaquin,2021-05-03,3342,467706,2265,247923,1003,202389,74,17394,1408,102262,1917,190949,1490,293211,California
San Joaquin,2021-05-04,4868,472574,3305,251228,1407,203796,156,17550,1790,101161,3058,194007,1957,295168,California
San Joaquin,2021-05-05,5119,477693,3554,254782,1402,205198,163,17713,2292,100826,2797,196804,2462,297630,California
San Joaquin,2021-05-06,4683,482376,3138,257920,1415,206613,130,17843,2038,100379,2628,199432,2181,299811,California
San Joaquin,2021-05-07,5141,487517,2968,260888,2020,208633,153,17996,1917,99257,3202,202634,2080,301891,California
San Joaquin,2021-05-08,3285,490802,2112,263000,1071,209704,102,18098,1214,98527,2055,204689,1325,303216,California
San Joaquin,2021-05-09,1491,492293,854,263854,567,210271,70,18168,592,98299,896,205585,668,303884,California
San Joaquin,2021-05-10,2822,495115,1484,265338,1213,211484,125,18293,932,97489,1872,207457,1062,304946,California
San Joaquin,2021-05-11,4207,499322,2217,267555,1869,213353,121,18414,1344,96140,2846,210303,1497,306443,California
San Joaquin,2021-05-12,4408,503730,2105,269660,2177,215530,126,18540,1465,94820,2925,213228,1605,308048,California
San Joaquin,2021-05-13,4775,508505,2792,272452,1894,217424,89,18629,1863,93891,2896,216124,1967,310015,California
San Joaquin,2021-05-14,5766,514271,3432,275884,2225,219649,109,18738,2435,93141,3302,219426,2552,312567,California
San Joaquin,2021-05-15,5249,519520,3124,279008,2045,221694,80,18818,1652,91311,3566,222992,1736,314303,California
San Joaquin,2021-05-16,3574,523094,2796,281804,729,222423,49,18867,1437,90681,2124,225116,1494,315797,California
San Joaquin,2021-05-17,4145,527239,2479,284283,1569,223992,97,18964,1794,90247,2335,227451,1901,317698,California
San Joaquin,2021-05-18,3962,531201,2284,286567,1559,225551,119,19083,1888,90195,2058,229509,2006,319704,California
San Joaquin,2021-05-19,4772,535973,2770,289337,1867,227418,135,19218,2107,89812,2634,232143,2251,321955,California
San Joaquin,2021-05-20,3949,539922,2363,291700,1482,228900,104,19322,1776,89544,2152,234295,1884,323839,California
San Joaquin,2021-05-21,4964,544886,2888,294588,1953,230853,123,19445,2280,89301,2656,236951,2413,326252,California
San Joaquin,2021-05-22,4011,548897,2499,297087,1418,232271,94,19539,1800,89007,2198,239149,1904,328156,California
San Joaquin,2021-05-23,2390,551287,1937,299024,409,232680,44,19583,1408,89492,971,240120,1456,329612,California
San Joaquin,2021-05-24,2961,554248,1690,300714,1178,233858,93,19676,1380,89405,1565,241685,1478,331090,California
San Joaquin,2021-05-25,3095,557343,1926,302640,1019,234877,150,19826,1471,89419,1606,243291,1620,332710,California
San Joaquin,2021-05-26,3874,561217,2386,305026,1413,236290,75,19901,1619,88878,2240,245531,1699,334409,California
San Joaquin,2021-05-27,2926,564143,1500,306526,1342,237632,84,19985,1146,88348,1763,247294,1233,335642,California
San Joaquin,2021-05-28,3097,567240,1656,308182,1351,238983,90,20075,1467,88309,1606,248900,1567,337209,California
San Joaquin,2021-05-29,2153,569393,1192,309374,925,239908,36,20111,976,88153,1173,250073,1017,338226,California
San Joaquin,2021-05-30,974,570367,521,309895,427,240335,26,20137,410,88033,559,250632,439,338665,California
San Joaquin,2021-05-31,621,570988,259,310154,355,240690,7,20144,238,87899,379,251011,245,338910,California
San Joaquin,2021-06-01,2438,573426,1476,311630,866,241556,96,20240,1171,87915,1258,252269,1274,340184,California
San Joaquin,2021-06-02,2715,576141,1605,313235,1056,242612,54,20294,1153,87580,1545,253814,1210,341394,California
San Joaquin,2021-06-03,2821,578962,1742,314977,1024,243636,55,20349,1089,87012,1717,255531,1149,342543,California
San Joaquin,2021-06-04,3136,582098,1926,316903,1102,244738,108,20457,1096,86202,2013,257544,1203,343746,California
San Joaquin,2021-06-05,2340,584438,1788,318691,495,245233,57,20514,1084,86184,1164,258708,1146,344892,California
San Joaquin,2021-06-06,1069,585507,858,319549,177,245410,34,20548,434,86036,616,259324,468,345360,California
San Joaquin,2021-06-07,2798,588305,2078,321627,679,246089,41,20589,981,85258,1810,261134,1032,346392,California
San Joaquin,2021-06-08,2747,591052,2083,323710,619,246708,45,20634,873,84319,1860,262994,921,347313,California
San Joaquin,2021-06-09,2836,593888,1972,325682,820,247528,44,20678,956,83460,1862,264856,1003,348316,California
San Joaquin,2021-06-10,2635,596523,1912,327594,656,248184,67,20745,1000,82899,1630,266486,1069,349385,California
San Joaquin,2021-06-11,2839,599362,1938,329532,788,248972,113,20858,961,82105,1869,268355,1075,350460,California
San Joaquin,2021-06-12,1826,601188,1366,330898,429,249401,31,20889,614,81553,1206,269561,654,351114,California
San Joaquin,2021-06-13,949,602137,716,331614,192,249593,41,20930,431,81513,514,270075,474,351588,California
San Joaquin,2021-06-14,2190,604327,1475,333089,643,250236,72,21002,973,81352,1208,271283,1047,352635,California
San Joaquin,2021-06-15,2241,606568,1495,334584,668,250904,78,21080,872,80950,1357,272640,955,353590,California
San Joaquin,2021-06-16,2475,609043,1713,336297,680,251584,82,21162,892,80358,1568,274208,976,354566,California
San Joaquin,2021-06-17,2392,611435,1644,337941,691,252275,57,21219,877,79793,1500,275708,935,355501,California
San Joaquin,2021-06-18,2641,614076,1703,339644,875,253150,63,21282,1042,79311,1589,277297,1107,356608,California
San Joaquin,2021-06-19,1374,615450,856,340500,267,253417,251,21533,487,79171,880,278177,740,357348,California
San Joaquin,2021-06-20,631,616081,493,340993,112,253529,26,21559,280,79130,346,278523,305,357653,California
San Joaquin,2021-06-21,1601,617682,946,341939,547,254076,108,21667,821,79284,775,279298,929,358582,California
San Joaquin,2021-06-22,717,618399,417,342356,262,254338,38,21705,343,79297,368,279666,381,358963,California
San Luis Obispo,2020-12-16,4,4,4,4,0,0,0,0,4,4,0,0,4,4,California
San Luis Obispo,2020-12-17,196,200,196,200,0,0,0,0,196,200,0,0,196,200,California
San Luis Obispo,2020-12-18,225,425,225,425,0,0,0,0,225,425,0,0,225,425,California
San Luis Obispo,2020-12-19,165,590,165,590,0,0,0,0,165,590,0,0,165,590,California
San Luis Obispo,2020-12-20,216,806,216,806,0,0,0,0,216,806,0,0,216,806,California
San Luis Obispo,2020-12-21,550,1356,549,1355,1,1,0,0,550,1356,0,0,550,1356,California
San Luis Obispo,2020-12-22,309,1665,305,1660,4,5,0,0,309,1665,0,0,309,1665,California
San Luis Obispo,2020-12-23,680,2345,366,2026,314,319,0,0,680,2345,0,0,680,2345,California
San Luis Obispo,2020-12-24,194,2539,19,2045,175,494,0,0,194,2539,0,0,194,2539,California
San Luis Obispo,2020-12-25,2,2541,1,2046,1,495,0,0,2,2541,0,0,2,2541,California
San Luis Obispo,2020-12-26,91,2632,13,2059,78,573,0,0,91,2632,0,0,91,2632,California
San Luis Obispo,2020-12-27,76,2708,0,2059,76,649,0,0,76,2708,0,0,76,2708,California
San Luis Obispo,2020-12-28,881,3589,432,2491,449,1098,0,0,881,3589,0,0,881,3589,California
San Luis Obispo,2020-12-29,904,4493,503,2994,401,1499,0,0,904,4493,0,0,904,4493,California
San Luis Obispo,2020-12-30,1174,5667,680,3674,494,1993,0,0,1174,5667,0,0,1174,5667,California
San Luis Obispo,2020-12-31,108,5775,4,3678,104,2097,0,0,108,5775,0,0,108,5775,California
San Luis Obispo,2021-01-01,17,5792,10,3688,7,2104,0,0,17,5792,0,0,17,5792,California
San Luis Obispo,2021-01-02,34,5826,8,3696,26,2130,0,0,34,5826,0,0,34,5826,California
San Luis Obispo,2021-01-03,17,5843,6,3702,11,2141,0,0,17,5843,0,0,17,5843,California
San Luis Obispo,2021-01-04,681,6524,524,4226,157,2298,0,0,681,6524,0,0,681,6524,California
San Luis Obispo,2021-01-05,975,7499,753,4979,222,2520,0,0,972,7493,3,3,972,7496,California
San Luis Obispo,2021-01-06,727,8226,480,5459,247,2767,0,0,719,8205,7,10,719,8215,California
San Luis Obispo,2021-01-07,1128,9354,950,6409,178,2945,0,0,684,8445,444,454,684,8899,California
San Luis Obispo,2021-01-08,882,10236,804,7213,78,3023,0,0,512,8588,369,823,512,9411,California
San Luis Obispo,2021-01-09,206,10442,196,7409,10,3033,0,0,28,8438,178,1001,28,9439,California
San Luis Obispo,2021-01-10,12,10454,8,7417,4,3037,0,0,8,8442,4,1005,8,9447,California
San Luis Obispo,2021-01-11,561,11015,510,7927,51,3088,0,0,299,8480,261,1266,299,9746,California
San Luis Obispo,2021-01-12,599,11614,382,8309,217,3305,0,0,319,8519,280,1546,319,10065,California
San Luis Obispo,2021-01-13,886,12500,258,8567,628,3933,0,0,649,8933,235,1781,649,10714,California
San Luis Obispo,2021-01-14,729,13229,239,8806,490,4423,0,0,607,9427,113,1894,607,11321,California
San Luis Obispo,2021-01-15,734,13963,292,9098,442,4865,0,0,555,9808,174,2068,555,11876,California
San Luis Obispo,2021-01-16,100,14063,81,9179,19,4884,0,0,94,9896,6,2074,94,11970,California
San Luis Obispo,2021-01-17,63,14126,56,9235,7,4891,0,0,63,9959,0,2074,63,12033,California
San Luis Obispo,2021-01-18,1373,15499,390,9625,983,5874,0,0,1108,10802,265,2339,1108,13141,California
San Luis Obispo,2021-01-19,1574,17073,415,10040,1159,7033,0,0,1167,11563,407,2746,1168,14309,California
San Luis Obispo,2021-01-20,1893,18966,602,10642,1291,8324,0,0,1300,12273,591,3337,1301,15610,California
San Luis Obispo,2021-01-21,1577,20543,470,11112,1107,9431,0,0,1205,13111,368,3705,1206,16816,California
San Luis Obispo,2021-01-22,1523,22066,508,11620,1015,10446,0,0,1207,14004,314,4019,1207,18023,California
San Luis Obispo,2021-01-23,318,22384,299,11919,19,10465,0,0,302,14290,16,4035,302,18325,California
San Luis Obispo,2021-01-24,251,22635,243,12162,8,10473,0,0,245,14529,6,4041,245,18570,California
San Luis Obispo,2021-01-25,2077,24712,602,12764,1475,11948,0,0,1247,14946,830,4871,1247,19817,California
San Luis Obispo,2021-01-26,2006,26718,701,13465,1305,13253,0,0,1142,15224,864,5735,1142,20959,California
San Luis Obispo,2021-01-27,1620,28338,294,13759,1326,14579,0,0,1162,15928,458,6193,1162,22121,California
San Luis Obispo,2021-01-28,1501,29839,343,14102,1158,15737,0,0,1235,16899,264,6457,1235,23356,California
San Luis Obispo,2021-01-29,1752,31591,688,14790,1064,16801,0,0,1464,18075,288,6745,1464,24820,California
San Luis Obispo,2021-01-30,39,31630,18,14808,21,16822,0,0,28,18093,10,6755,28,24848,California
San Luis Obispo,2021-01-31,29,31659,19,14827,10,16832,0,0,27,18118,2,6757,27,24875,California
San Luis Obispo,2021-02-01,1715,33374,745,15572,970,17802,0,0,1407,19218,307,7064,1407,26282,California
San Luis Obispo,2021-02-02,1901,35275,680,16252,1221,19023,0,0,1526,20370,375,7439,1527,27809,California
San Luis Obispo,2021-02-03,1721,36996,731,16983,990,20013,0,0,1304,21257,417,7856,1304,29113,California
San Luis Obispo,2021-02-04,1669,38665,803,17786,866,20879,0,0,1099,21786,570,8426,1099,30212,California
San Luis Obispo,2021-02-05,1607,40272,716,18502,891,21770,0,0,1063,22305,545,8971,1064,31276,California
San Luis Obispo,2021-02-06,178,40450,108,18610,70,21840,0,0,98,22323,80,9051,98,31374,California
San Luis Obispo,2021-02-07,123,40573,78,18688,45,21885,0,0,72,22345,51,9102,73,31447,California
San Luis Obispo,2021-02-08,863,41436,473,19161,390,22275,0,0,503,22489,359,9461,503,31950,California
San Luis Obispo,2021-02-09,1131,42567,450,19611,681,22956,0,0,547,22465,578,10039,554,32504,California
San Luis Obispo,2021-02-10,1443,44010,491,20102,952,23908,0,0,528,22083,913,10952,531,33035,California
San Luis Obispo,2021-02-11,1339,45349,849,20951,490,24398,0,0,659,22064,678,11630,659,33694,California
San Luis Obispo,2021-02-12,792,46141,369,21320,423,24821,0,0,419,22110,373,12003,419,34113,California
San Luis Obispo,2021-02-13,394,46535,131,21451,263,25084,0,0,286,22289,107,12110,286,34399,California
San Luis Obispo,2021-02-14,320,46855,42,21493,278,25362,0,0,283,22537,37,12147,285,34684,California
San Luis Obispo,2021-02-15,730,47585,140,21633,590,25952,0,0,476,22760,253,12400,476,35160,California
San Luis Obispo,2021-02-16,2974,50559,1198,22831,1776,27728,0,0,1366,22518,1608,14008,1366,36526,California
San Luis Obispo,2021-02-17,2789,53348,1253,24084,1536,29264,0,0,1028,21792,1754,15762,1028,37554,California
San Luis Obispo,2021-02-18,2825,56173,1460,25544,1365,30629,0,0,1132,21241,1684,17446,1133,38687,California
San Luis Obispo,2021-02-19,1468,57641,1347,26891,121,30750,0,0,1138,22051,328,17774,1138,39825,California
San Luis Obispo,2021-02-20,257,57898,81,26972,176,30926,0,0,219,22232,38,17812,219,40044,California
San Luis Obispo,2021-02-21,57,57955,53,27025,4,30930,0,0,32,22239,25,17837,32,40076,California
San Luis Obispo,2021-02-22,2424,60379,1874,28899,550,31480,0,0,1475,22767,948,18785,1476,41552,California
San Luis Obispo,2021-02-23,1861,62240,1746,30645,115,31595,0,0,1366,23640,494,19279,1367,42919,California
San Luis Obispo,2021-02-24,2643,64883,1301,31946,1342,32937,0,0,837,22674,1803,21082,837,43756,California
San Luis Obispo,2021-02-25,2137,67020,1244,33190,893,33830,0,0,1208,22960,923,22005,1209,44965,California
San Luis Obispo,2021-02-26,2654,69674,1151,34341,1503,35333,0,0,1329,22974,1315,23320,1329,46294,California
San Luis Obispo,2021-02-27,585,70259,355,34696,230,35563,0,0,530,23449,55,23375,530,46824,California
San Luis Obispo,2021-02-28,195,70454,67,34763,128,35691,0,0,161,23577,33,23408,161,46985,California
San Luis Obispo,2021-03-01,3016,73470,1883,36646,1131,36822,2,2,2082,24728,934,24342,2085,49070,California
San Luis Obispo,2021-03-02,3045,76515,1913,38559,1132,37954,0,2,1889,25467,1151,25493,1890,50960,California
San Luis Obispo,2021-03-03,2355,78870,344,38903,2011,39965,0,2,855,24830,1493,26986,856,51816,California
San Luis Obispo,2021-03-04,2201,81071,1164,40067,1037,41002,0,2,1186,25006,1012,27998,1188,53004,California
San Luis Obispo,2021-03-05,2309,83380,1023,41090,1216,42218,70,72,1300,25381,995,28993,1370,54374,California
San Luis Obispo,2021-03-06,844,84224,311,41401,425,42643,108,180,621,25881,223,29216,723,55097,California
San Luis Obispo,2021-03-07,202,84426,31,41432,85,42728,86,266,72,25910,129,29345,158,55255,California
San Luis Obispo,2021-03-08,2741,87167,758,42190,1666,44394,317,583,1543,26577,1193,30538,1860,57115,California
San Luis Obispo,2021-03-09,2957,90124,972,43162,1737,46131,248,831,1524,26921,1429,31967,1773,58888,California
San Luis Obispo,2021-03-10,3204,93328,1240,44402,1680,47811,284,1115,1817,27640,1382,33349,2101,60989,California
San Luis Obispo,2021-03-11,3300,96628,1272,45674,1706,49517,322,1437,1805,28283,1484,34833,2127,63116,California
San Luis Obispo,2021-03-12,3257,99885,1278,46952,1640,51157,339,1776,1622,28619,1629,36462,1965,65081,California
San Luis Obispo,2021-03-13,801,100686,263,47215,430,51587,108,1884,430,28787,370,36832,538,65619,California
San Luis Obispo,2021-03-14,513,101199,53,47268,350,51937,110,1994,134,28653,378,37210,244,65863,California
San Luis Obispo,2021-03-15,3065,104264,1104,48372,1862,53799,99,2093,1528,28749,1534,38744,1630,67493,California
San Luis Obispo,2021-03-16,2862,107126,1512,49884,1239,55038,111,2204,1438,28880,1417,40161,1548,69041,California
San Luis Obispo,2021-03-17,3458,110584,1448,51332,1747,56785,263,2467,2010,29715,1437,41598,2272,71313,California
San Luis Obispo,2021-03-18,2829,113413,1451,52783,1164,57949,214,2681,1354,29814,1468,43066,1567,72880,California
San Luis Obispo,2021-03-19,2605,116018,1576,54359,707,58656,322,3003,964,29470,1632,44698,1288,74168,California
San Luis Obispo,2021-03-20,842,116860,503,54862,302,58958,37,3040,386,29438,455,45153,423,74591,California
San Luis Obispo,2021-03-21,188,117048,45,54907,139,59097,4,3044,158,29570,29,45182,161,74752,California
San Luis Obispo,2021-03-22,2709,119757,1171,56078,1490,60587,48,3092,1875,30663,830,46012,1923,76675,California
San Luis Obispo,2021-03-23,3397,123154,2218,58296,1149,61736,30,3122,2277,31855,1115,47127,2307,78982,California
San Luis Obispo,2021-03-24,3574,126728,2188,60484,1300,63036,86,3208,2659,33690,909,48036,2744,81726,California
San Luis Obispo,2021-03-25,3702,130430,2322,62806,1368,64404,12,3220,2651,35306,1046,49082,2662,84388,California
San Luis Obispo,2021-03-26,3266,133696,1808,64614,1025,65429,433,3653,1829,36136,1432,50514,2262,86650,California
San Luis Obispo,2021-03-27,991,134687,504,65118,396,65825,91,3744,450,36138,539,51053,541,87191,California
San Luis Obispo,2021-03-28,450,135137,154,65272,240,66065,56,3800,248,36241,201,51254,304,87495,California
San Luis Obispo,2021-03-29,2630,137767,1321,66593,1176,67241,133,3933,1683,37126,932,52186,1817,89312,California
San Luis Obispo,2021-03-30,3530,141297,1938,68531,1451,68692,141,4074,2342,38427,1181,53367,2482,91794,California
San Luis Obispo,2021-03-31,3896,145193,2480,71011,1269,69961,147,4221,2506,39700,1379,54746,2652,94446,California
San Luis Obispo,2021-04-01,3904,149097,2474,73485,1312,71273,118,4339,2722,41370,1168,55914,2838,97284,California
San Luis Obispo,2021-04-02,1755,150852,686,74171,753,72026,316,4655,951,41832,802,56716,1264,98548,California
San Luis Obispo,2021-04-03,1114,151966,555,74726,432,72458,127,4782,493,41835,617,57333,620,99168,California
San Luis Obispo,2021-04-04,391,152357,135,74861,216,72674,40,4822,242,41968,149,57482,282,99450,California
San Luis Obispo,2021-04-05,3619,155976,1942,76803,1566,74240,111,4933,2019,42501,1596,59078,2129,101579,California
San Luis Obispo,2021-04-06,4145,160121,2192,78995,1627,75867,326,5259,1969,42628,2167,61245,2294,103873,California
San Luis Obispo,2021-04-07,4292,164413,2352,81347,1574,77441,366,5625,2461,43636,1816,63061,2824,106697,California
San Luis Obispo,2021-04-08,4022,168435,2201,83548,1414,78855,407,6032,2147,44325,1866,64927,2555,109252,California
San Luis Obispo,2021-04-09,3694,172129,1760,85308,1175,80030,759,6791,1513,44422,2169,67096,2266,111518,California
San Luis Obispo,2021-04-10,1599,173728,571,85879,357,80387,671,7462,498,44487,1100,68196,1165,112683,California
San Luis Obispo,2021-04-11,315,174043,62,85941,186,80573,67,7529,124,44489,189,68385,191,112874,California
San Luis Obispo,2021-04-12,3419,177462,1717,87658,1540,82113,162,7691,1420,44073,1997,70382,1581,114455,California
San Luis Obispo,2021-04-13,3700,181162,2143,89801,1556,83669,1,7692,1988,44355,1708,72090,1990,116445,California
San Luis Obispo,2021-04-14,3607,184769,2060,91861,1542,85211,5,7697,1767,44301,1823,73913,1769,118214,California
San Luis Obispo,2021-04-15,3763,188532,2442,94303,1320,86531,1,7698,2028,44617,1714,75627,2030,120244,California
San Luis Obispo,2021-04-16,3690,192222,2250,96553,1436,87967,4,7702,1778,44495,1903,77530,1781,122025,California
San Luis Obispo,2021-04-17,1098,193320,434,96987,662,88629,2,7704,713,44826,384,77914,715,122740,California
San Luis Obispo,2021-04-18,324,193644,101,97088,222,88851,1,7705,113,44732,207,78121,113,122853,California
San Luis Obispo,2021-04-19,3213,196857,1359,98447,1816,90667,38,7743,1101,43769,2106,80227,1143,123996,California
San Luis Obispo,2021-04-20,3641,200498,2026,100473,1615,92282,0,7743,1335,42808,2296,82523,1335,125331,California
San Luis Obispo,2021-04-21,3989,204487,1836,102309,2153,94435,0,7743,1586,42014,2383,84906,1589,126920,California
San Luis Obispo,2021-04-22,4597,209084,2070,104379,2527,96962,0,7743,1415,40267,3164,88070,1417,128337,California
San Luis Obispo,2021-04-23,1410,210494,821,105200,585,97547,4,7747,700,40266,706,88776,705,129042,California
San Luis Obispo,2021-04-24,1082,211576,439,105639,624,98171,19,7766,509,40214,580,89356,528,129570,California
San Luis Obispo,2021-04-25,348,211924,162,105801,186,98357,0,7766,112,40093,233,89589,112,129682,California
San Luis Obispo,2021-04-26,1084,213008,397,106198,669,99026,18,7784,395,39828,677,90266,412,130094,California
San Luis Obispo,2021-04-27,3929,216937,1989,108187,1860,100886,80,7864,1543,39072,2378,92644,1622,131716,California
San Luis Obispo,2021-04-28,3816,220753,2102,110289,1642,102528,72,7936,1360,38060,2444,95088,1432,133148,California
San Luis Obispo,2021-04-29,3723,224476,2124,112413,1533,104061,66,8002,1254,36928,2453,97541,1321,134469,California
San Luis Obispo,2021-04-30,2986,227462,1673,114086,1239,105300,74,8076,921,35874,2047,99588,993,135462,California
San Luis Obispo,2021-05-01,471,227933,162,114248,274,105574,35,8111,98,35637,369,99957,132,135594,California
San Luis Obispo,2021-05-02,174,228107,54,114302,100,105674,20,8131,43,35569,131,100088,63,135657,California
San Luis Obispo,2021-05-03,894,229001,287,114589,498,106172,109,8240,225,35234,667,100755,332,135989,California
San Luis Obispo,2021-05-04,2956,231957,1910,116499,975,107147,71,8311,869,34091,2080,102835,937,136926,California
San Luis Obispo,2021-05-05,2819,234776,1861,118360,892,108039,66,8377,680,32711,2127,104962,747,137673,California
San Luis Obispo,2021-05-06,2834,237610,1911,120271,860,108899,63,8440,723,31403,2094,107056,786,138459,California
San Luis Obispo,2021-05-07,2343,239953,1766,122037,510,109409,67,8507,605,30359,1717,108773,673,139132,California
San Luis Obispo,2021-05-08,568,240521,333,122370,211,109620,24,8531,192,30218,357,109130,216,139348,California
San Luis Obispo,2021-05-09,163,240684,40,122410,104,109724,19,8550,45,30165,117,109247,64,139412,California
San Luis Obispo,2021-05-10,727,241411,155,122565,521,110245,51,8601,154,29800,568,109815,203,139615,California
San Luis Obispo,2021-05-11,1185,242596,593,123158,517,110762,75,8676,360,29416,819,110634,435,140050,California
San Luis Obispo,2021-05-12,2448,245044,1605,124763,760,111522,83,8759,673,28414,1758,112392,756,140806,California
San Luis Obispo,2021-05-13,1145,246189,715,125478,368,111890,62,8821,476,28288,663,113055,537,141343,California
San Luis Obispo,2021-05-14,2247,248436,1640,127118,555,112445,52,8873,926,27962,1303,114358,977,142320,California
San Luis Obispo,2021-05-15,986,249422,454,127572,498,112943,34,8907,463,27939,521,114879,498,142818,California
San Luis Obispo,2021-05-16,307,249729,164,127736,137,113080,6,8913,174,27987,132,115011,180,142998,California
San Luis Obispo,2021-05-17,1688,251417,976,128712,652,113732,60,8973,668,27705,1011,116022,729,143727,California
San Luis Obispo,2021-05-18,1896,253313,1160,129872,706,114438,30,9003,725,27296,1165,117187,756,144483,California
San Luis Obispo,2021-05-19,1453,254766,625,130497,765,115203,63,9066,409,26729,1038,118225,471,144954,California
San Luis Obispo,2021-05-20,1143,255909,504,131001,602,115805,37,9103,344,26322,788,119013,381,145335,California
San Luis Obispo,2021-05-21,1077,256986,573,131574,463,116268,41,9144,507,26310,560,119573,548,145883,California
San Luis Obispo,2021-05-22,670,257656,325,131899,323,116591,22,9166,331,26331,332,119905,353,146236,California
San Luis Obispo,2021-05-23,146,257802,68,131967,72,116663,6,9172,51,26294,94,119999,57,146293,California
San Luis Obispo,2021-05-24,563,258365,263,132230,266,116929,34,9206,203,26173,358,120357,237,146530,California
San Luis Obispo,2021-05-25,874,259239,430,132660,417,117346,27,9233,349,26031,517,120874,375,146905,California
San Luis Obispo,2021-05-26,2144,261383,989,133649,1099,118445,56,9289,668,25284,1470,122344,723,147628,California
San Luis Obispo,2021-05-27,1881,263264,669,134318,1179,119624,33,9322,489,24418,1387,123731,521,148149,California
San Luis Obispo,2021-05-28,895,264159,465,134783,409,120033,21,9343,477,24500,416,124147,498,148647,California
San Luis Obispo,2021-05-29,376,264535,151,134934,214,120247,11,9354,212,24561,163,124310,224,148871,California
San Luis Obispo,2021-05-30,88,264623,35,134969,45,120292,8,9362,34,24549,53,124363,41,148912,California
San Luis Obispo,2021-05-31,41,264664,5,134974,23,120315,13,9375,16,24553,24,124387,28,148940,California
San Luis Obispo,2021-06-01,750,265414,326,135300,393,120708,31,9406,269,24376,477,124864,300,149240,California
San Luis Obispo,2021-06-02,632,266046,287,135587,304,121012,41,9447,186,24162,440,125304,226,149466,California
San Luis Obispo,2021-06-03,917,266963,453,136040,432,121444,32,9479,253,23786,661,125965,285,149751,California
San Luis Obispo,2021-06-04,2472,269435,1522,137562,910,122354,40,9519,701,22766,1759,127724,739,150490,California
San Luis Obispo,2021-06-05,659,270094,286,137848,352,122706,21,9540,322,22772,337,128061,343,150833,California
San Luis Obispo,2021-06-06,185,270279,132,137980,44,122750,9,9549,46,22688,139,128200,55,150888,California
San Luis Obispo,2021-06-07,549,270828,358,138338,150,122900,41,9590,156,22494,391,128591,197,151085,California
San Luis Obispo,2021-06-08,784,271612,526,138864,217,123117,41,9631,245,22245,535,129126,286,151371,California
San Luis Obispo,2021-06-09,621,272233,353,139217,237,123354,31,9662,185,22027,434,129560,216,151587,California
San Luis Obispo,2021-06-10,757,272990,365,139582,353,123707,39,9701,236,21783,519,130079,275,151862,California
San Luis Obispo,2021-06-11,928,273918,542,140124,350,124057,36,9737,345,21586,579,130658,382,152244,California
San Luis Obispo,2021-06-12,391,274309,267,140391,121,124178,3,9740,167,21533,223,130881,170,152414,California
San Luis Obispo,2021-06-13,159,274468,91,140482,65,124243,3,9743,42,21461,117,130998,45,152459,California
San Luis Obispo,2021-06-14,455,274923,298,140780,126,124369,31,9774,130,21298,322,131320,159,152618,California
San Luis Obispo,2021-06-15,638,275561,396,141176,204,124573,38,9812,237,21175,397,131717,274,152892,California
San Luis Obispo,2021-06-16,601,276162,361,141537,210,124783,30,9842,180,20971,414,132131,210,153102,California
San Luis Obispo,2021-06-17,597,276759,340,141877,232,125015,25,9867,199,20798,397,132528,224,153326,California
San Luis Obispo,2021-06-18,726,277485,461,142338,220,125235,45,9912,264,20649,459,132987,310,153636,California
San Luis Obispo,2021-06-19,225,277710,110,142448,101,125336,14,9926,84,20608,139,133126,98,153734,California
San Luis Obispo,2021-06-20,110,277820,72,142520,30,125366,8,9934,45,20597,64,133190,53,153787,California
San Luis Obispo,2021-06-21,346,278166,221,142741,101,125467,24,9958,153,20584,190,133380,177,153964,California
San Luis Obispo,2021-06-22,193,278359,129,142870,60,125527,4,9962,78,20552,114,133494,82,154046,California
San Mateo,2020-12-15,27,27,27,27,0,0,0,0,27,27,0,0,27,27,California
San Mateo,2020-12-16,110,137,110,137,0,0,0,0,110,137,0,0,110,137,California
San Mateo,2020-12-17,171,308,171,308,0,0,0,0,171,308,0,0,171,308,California
San Mateo,2020-12-18,772,1080,770,1078,2,2,0,0,772,1080,0,0,772,1080,California
San Mateo,2020-12-19,505,1585,505,1583,0,2,0,0,505,1585,0,0,505,1585,California
San Mateo,2020-12-20,504,2089,503,2086,1,3,0,0,504,2089,0,0,504,2089,California
San Mateo,2020-12-21,1139,3228,1138,3224,1,4,0,0,1139,3228,0,0,1139,3228,California
San Mateo,2020-12-22,1515,4743,1507,4731,8,12,0,0,1514,4742,0,0,1514,4742,California
San Mateo,2020-12-23,1554,6297,1366,6097,188,200,0,0,1554,6296,0,0,1554,6296,California
San Mateo,2020-12-24,859,7156,607,6704,252,452,0,0,859,7155,0,0,859,7155,California
San Mateo,2020-12-25,117,7273,114,6818,3,455,0,0,117,7272,0,0,117,7272,California
San Mateo,2020-12-26,560,7833,417,7235,143,598,0,0,560,7832,0,0,560,7832,California
San Mateo,2020-12-27,307,8140,176,7411,131,729,0,0,307,8139,0,0,307,8139,California
San Mateo,2020-12-28,1050,9190,709,8120,341,1070,0,0,1050,9189,0,0,1050,9189,California
San Mateo,2020-12-29,1131,10321,714,8834,417,1487,0,0,1131,10320,0,0,1131,10320,California
San Mateo,2020-12-30,1266,11587,764,9598,502,1989,0,0,1266,11586,0,0,1266,11586,California
San Mateo,2020-12-31,709,12296,230,9828,479,2468,0,0,708,12293,1,1,708,12294,California
San Mateo,2021-01-01,112,12408,76,9904,36,2504,0,0,112,12405,0,1,112,12406,California
San Mateo,2021-01-02,394,12802,267,10171,127,2631,0,0,394,12799,0,1,394,12800,California
San Mateo,2021-01-03,285,13087,210,10381,75,2706,0,0,282,13078,3,4,282,13082,California
San Mateo,2021-01-04,1044,14131,674,11055,370,3076,0,0,1044,14122,0,4,1044,14126,California
San Mateo,2021-01-05,1212,15343,715,11770,497,3573,0,0,1180,15271,32,36,1181,15307,California
San Mateo,2021-01-06,1450,16793,955,12725,495,4068,0,0,1260,16345,187,223,1261,16568,California
San Mateo,2021-01-07,1456,18249,817,13542,639,4707,0,0,1148,17192,301,524,1148,17716,California
San Mateo,2021-01-08,1856,20105,1206,14748,650,5357,0,0,1146,17634,704,1228,1146,18862,California
San Mateo,2021-01-09,1171,21276,772,15520,399,5756,0,0,715,17893,456,1684,715,19577,California
San Mateo,2021-01-10,703,21979,577,16097,126,5882,0,0,262,17714,441,2125,262,19839,California
San Mateo,2021-01-11,2595,24574,1488,17585,1107,6989,0,0,1530,18180,1066,3191,1532,21371,California
San Mateo,2021-01-12,3438,28012,1927,19512,1511,8500,0,0,2219,19193,1210,4401,2223,23594,California
San Mateo,2021-01-13,3411,31423,1666,21178,1745,10245,0,0,2366,20516,1045,5446,2368,25962,California
San Mateo,2021-01-14,3791,35214,1604,22782,2187,12432,0,0,3098,22926,693,6139,3103,29065,California
San Mateo,2021-01-15,4340,39554,1731,24513,2609,15041,0,0,3792,26174,546,6685,3794,32859,California
San Mateo,2021-01-16,3093,42647,771,25284,2322,17363,0,0,2762,28607,330,7015,2763,35622,California
San Mateo,2021-01-17,1311,43958,309,25593,1002,18365,0,0,1102,29500,209,7224,1102,36724,California
San Mateo,2021-01-18,1359,45317,536,26129,823,19188,0,0,979,30102,377,7601,979,37703,California
San Mateo,2021-01-19,2795,48112,1793,27922,1002,20190,0,0,1991,31292,801,8402,1991,39694,California
San Mateo,2021-01-20,2799,50911,1549,29471,1250,21440,0,0,1949,32395,847,9249,1950,41644,California
San Mateo,2021-01-21,2855,53766,1294,30765,1561,23001,0,0,2269,34083,584,9833,2272,43916,California
San Mateo,2021-01-22,2812,56578,1149,31914,1663,24664,0,0,2519,36312,291,10124,2520,46436,California
San Mateo,2021-01-23,2870,59448,1673,33587,1197,25861,0,0,2509,38461,361,10485,2510,48946,California
San Mateo,2021-01-24,1505,60953,373,33960,1132,26993,0,0,1196,39350,308,10793,1197,50143,California
San Mateo,2021-01-25,4391,65344,3132,37092,1259,28252,0,0,3495,41956,893,11686,3499,53642,California
San Mateo,2021-01-26,4321,69665,3008,40100,1313,29565,0,0,3388,44414,931,12617,3389,57031,California
San Mateo,2021-01-27,2812,72477,1478,41578,1334,30899,0,0,1799,45207,1007,13624,1800,58831,California
San Mateo,2021-01-28,2809,75286,1363,42941,1446,32345,0,0,1950,46312,845,14469,1950,60781,California
San Mateo,2021-01-29,3009,78295,1369,44310,1640,33985,0,0,2153,47614,853,15322,2155,62936,California
San Mateo,2021-01-30,3491,81786,1487,45797,2004,35989,0,0,3033,50191,457,15779,3034,65970,California
San Mateo,2021-01-31,1675,83461,896,46693,779,36768,0,0,1513,51544,160,15939,1513,67483,California
San Mateo,2021-02-01,2931,86392,1357,48050,1574,38342,0,0,2212,53043,715,16654,2214,69697,California
San Mateo,2021-02-02,3203,89595,1732,49782,1471,39813,0,0,2169,54182,1030,17684,2169,71866,California
San Mateo,2021-02-03,5014,94609,2064,51846,2950,42763,0,0,3874,56920,1137,18821,3875,75741,California
San Mateo,2021-02-04,6197,100806,2506,54352,3691,46454,0,0,4919,60570,1273,20094,4923,80664,California
San Mateo,2021-02-05,6793,107599,2549,56901,4244,50698,0,0,4969,63734,1806,21900,4970,85634,California
San Mateo,2021-02-06,3267,110866,1913,58814,1354,52052,0,0,2607,65685,658,22558,2609,88243,California
San Mateo,2021-02-07,1886,112752,1344,60158,542,52594,0,0,1697,67193,189,22747,1697,89940,California
San Mateo,2021-02-08,5287,118039,2270,62428,3017,55611,0,0,3115,68200,2108,24855,3115,93055,California
San Mateo,2021-02-09,6148,124187,3203,65631,2945,58556,0,0,3312,68684,2830,27685,3314,96369,California
San Mateo,2021-02-10,6537,130724,3285,68916,3252,61808,0,0,3437,69033,3089,30774,3438,99807,California
San Mateo,2021-02-11,7055,137779,3586,72502,3469,65277,0,0,3798,69595,3248,34022,3810,103617,California
San Mateo,2021-02-12,6648,144427,3000,75502,3648,68925,0,0,4712,72384,1931,35953,4720,108337,California
San Mateo,2021-02-13,6119,150546,4031,79533,2088,71013,0,0,2635,71548,3479,39432,2643,110980,California
San Mateo,2021-02-14,4648,155194,3036,82569,1612,72625,0,0,1985,70881,2657,42089,1990,112970,California
San Mateo,2021-02-15,3128,158322,1439,84008,1689,74314,0,0,1764,71288,1358,43447,1765,114735,California
San Mateo,2021-02-16,7126,165448,1880,85888,5246,79560,0,0,5261,74688,1863,45310,5263,119998,California
San Mateo,2021-02-17,7054,172502,1936,87824,5118,84678,0,0,5026,77695,2021,47331,5028,125026,California
San Mateo,2021-02-18,6646,179148,4588,92412,2058,86736,0,0,4411,79878,2231,49562,4414,129440,California
San Mateo,2021-02-19,7783,186931,5598,98010,2185,88921,0,0,5767,83636,2009,51571,5767,135207,California
San Mateo,2021-02-20,3783,190714,2424,100434,1359,90280,0,0,2350,84560,1426,52997,2350,137557,California
San Mateo,2021-02-21,2621,193335,1785,102219,836,91116,0,0,1565,85077,1049,54046,1566,139123,California
San Mateo,2021-02-22,4446,197781,3238,105457,1208,92324,0,0,2814,86266,1626,55672,2815,141938,California
San Mateo,2021-02-23,4338,202119,3123,108580,1215,93539,0,0,2534,87005,1795,57467,2534,144472,California
San Mateo,2021-02-24,7355,209474,3309,111889,4046,97585,0,0,4885,89430,2461,59928,4886,149358,California
San Mateo,2021-02-25,9276,218750,4126,116015,5150,102735,0,0,6119,92410,3140,63068,6120,155478,California
San Mateo,2021-02-26,10007,228757,3859,119874,6148,108883,0,0,6937,96296,3055,66123,6941,162419,California
San Mateo,2021-02-27,6963,235720,3555,123429,3408,112291,0,0,3730,96807,3226,69349,3737,166156,California
San Mateo,2021-02-28,4430,240150,2740,126169,1690,113981,0,0,2661,97708,1761,71110,2662,168818,California
San Mateo,2021-03-01,5994,246144,3792,129961,2199,116180,3,3,2960,97654,3019,74129,2965,171783,California
San Mateo,2021-03-02,6203,252347,4415,134376,1787,117967,1,4,3570,98601,2625,76754,3572,175355,California
San Mateo,2021-03-03,8481,260828,3990,138366,4489,122456,2,6,3655,97445,4813,81567,3657,179012,California
San Mateo,2021-03-04,8523,269351,4005,142371,4514,126970,4,10,3831,96613,4669,86236,3837,182849,California
San Mateo,2021-03-05,9338,278689,6239,148610,3095,130065,4,14,6538,100378,2779,89015,6544,189393,California
San Mateo,2021-03-06,7962,286651,5557,154167,2230,132295,175,189,5842,104285,2109,91124,6016,195409,California
San Mateo,2021-03-07,3573,290224,2443,156610,1060,133355,70,259,2100,104988,1469,92593,2172,197581,California
San Mateo,2021-03-08,4494,294718,2546,159156,1729,135084,219,478,3285,107288,1202,93795,3502,201083,California
San Mateo,2021-03-09,5391,300109,2845,162001,2271,137355,275,753,3803,109787,1576,95371,4075,205158,California
San Mateo,2021-03-10,7207,307316,2914,164915,4007,141362,286,1039,4816,112512,2375,97746,5100,210258,California
San Mateo,2021-03-11,9098,316414,5724,170639,2985,144347,389,1428,3699,111229,5367,103113,4084,214342,California
San Mateo,2021-03-12,10559,326973,6676,177315,3499,147846,384,1812,3568,108209,6971,110084,3951,218293,California
San Mateo,2021-03-13,8225,335198,3489,180804,3102,150948,1634,3446,3991,109603,4221,114305,5615,223908,California
San Mateo,2021-03-14,4979,340177,3371,184175,1504,152452,104,3550,2641,110018,2330,116635,2745,226653,California
San Mateo,2021-03-15,7153,347330,4626,188801,2352,154804,175,3725,3742,110532,3404,120039,3918,230571,California
San Mateo,2021-03-16,11935,359265,4379,193180,7433,162237,123,3848,4787,108315,7129,127168,4912,235483,California
San Mateo,2021-03-17,10848,370113,4409,197589,6294,168531,145,3993,4854,107351,5964,133132,5000,240483,California
San Mateo,2021-03-18,7270,377383,4099,201688,2986,171517,185,4178,4297,108867,2965,136097,4481,244964,California
San Mateo,2021-03-19,7465,384848,4850,206538,1943,173460,672,4850,3578,109241,3876,139973,4250,249214,California
San Mateo,2021-03-20,8483,393331,6554,213092,1594,175054,335,5185,5421,111952,3044,143017,5755,254969,California
San Mateo,2021-03-21,4235,397566,3227,216319,781,175835,227,5412,2275,112502,1949,144966,2499,257468,California
San Mateo,2021-03-22,5240,402806,3580,219899,1243,177078,417,5829,2746,113186,2478,147444,3162,260630,California
San Mateo,2021-03-23,9846,412652,4529,224428,5124,182202,193,6022,4424,112413,5390,152834,4617,265247,California
San Mateo,2021-03-24,9484,422136,5463,229891,3879,186081,142,6164,4043,111228,5367,158201,4182,269429,California
San Mateo,2021-03-25,10151,432287,4950,234841,4891,190972,310,6474,4399,110293,5647,163848,4712,274141,California
San Mateo,2021-03-26,11263,443550,7768,242609,3327,194299,168,6642,4280,107801,6941,170789,4449,278590,California
San Mateo,2021-03-27,10616,454166,8152,250761,2359,196658,105,6747,4724,106756,5873,176662,4828,283418,California
San Mateo,2021-03-28,4246,458412,2764,253525,1372,198030,110,6857,1979,106590,2257,178919,2091,285509,California
San Mateo,2021-03-29,6013,464425,3741,257266,2019,200049,253,7110,2677,106204,3316,182235,2930,288439,California
San Mateo,2021-03-30,7138,471563,4062,261328,2923,202972,153,7263,3833,106902,3288,185523,3986,292425,California
San Mateo,2021-03-31,7275,478838,4592,265920,2539,205511,144,7407,3810,107409,3447,188970,3954,296379,California
San Mateo,2021-04-01,10614,489452,5246,271166,4162,209673,1206,8613,5703,109453,4861,193831,6905,303284,California
San Mateo,2021-04-02,10881,500333,5185,276351,4035,213708,1661,10274,5664,111575,5194,199025,7316,310600,California
San Mateo,2021-04-03,10023,510356,5720,282071,2465,216173,1838,12112,5075,113548,4939,203964,6912,317512,California
San Mateo,2021-04-04,5429,515785,2610,284681,1566,217739,1253,13365,1692,112769,3721,207685,2942,320454,California
San Mateo,2021-04-05,8937,524722,4760,289441,2452,220191,1725,15090,3822,113214,5097,212782,5542,325996,California
San Mateo,2021-04-06,13292,538014,8241,297682,3196,223387,1855,16945,7518,116833,5758,218540,9377,335373,California
San Mateo,2021-04-07,11376,549390,5243,302925,4446,227833,1687,18632,4821,116799,6534,225074,6500,341873,California
San Mateo,2021-04-08,10174,559564,5035,307960,2534,230367,2605,21237,4506,118247,5649,230723,7097,348970,California
San Mateo,2021-04-09,11350,570914,5535,313495,3334,233701,2481,23718,5090,119553,6257,236980,7563,356533,California
San Mateo,2021-04-10,11350,582264,5750,319245,4151,237852,1449,25167,4685,119046,6634,243614,6127,362660,California
San Mateo,2021-04-11,6673,588937,3293,322538,871,238723,2509,27676,2305,119495,4361,247975,4810,367470,California
San Mateo,2021-04-12,7331,596268,4459,326997,1891,240614,981,28657,3547,120257,3762,251737,4524,371994,California
San Mateo,2021-04-13,8237,604505,5126,332123,3100,243714,11,28668,4387,120818,3838,255575,4399,376393,California
San Mateo,2021-04-14,8400,612905,5461,337584,2938,246652,1,28669,4339,121122,4043,259618,4347,380740,California
San Mateo,2021-04-15,11258,624163,7479,345063,3777,250429,2,28671,7400,124695,3830,263448,7403,388143,California
San Mateo,2021-04-16,10027,634190,6926,351989,3085,253514,16,28687,6368,127450,3636,267084,6391,394534,California
San Mateo,2021-04-17,9926,644116,6605,358594,3319,256833,2,28689,6200,129943,3715,270799,6208,400742,California
San Mateo,2021-04-18,5492,649608,2629,361223,2863,259696,0,28689,3706,131883,1772,272571,3712,404454,California
San Mateo,2021-04-19,8383,657991,5466,366689,2917,262613,0,28689,5474,134476,2893,275464,5486,409940,California
San Mateo,2021-04-20,10351,668342,5783,372472,4567,267180,1,28690,6644,137447,3684,279148,6655,416595,California
San Mateo,2021-04-21,9056,677398,6114,378586,2940,270120,2,28692,5614,139650,3419,282567,5622,422217,California
San Mateo,2021-04-22,9697,687095,6494,385080,3202,273322,1,28693,5392,140782,4269,286836,5401,427618,California
San Mateo,2021-04-23,9473,696568,6257,391337,3216,276538,0,28693,5342,142036,4104,290940,5358,432976,California
San Mateo,2021-04-24,11309,707877,8046,399383,3263,279801,0,28693,5846,142451,5439,296379,5854,438830,California
San Mateo,2021-04-25,5540,713417,3848,403231,1690,281491,2,28695,3960,144856,1564,297943,3969,442799,California
San Mateo,2021-04-26,6651,720068,4806,408037,1837,283328,8,28703,3887,146013,2751,300694,3908,446707,California
San Mateo,2021-04-27,11369,731437,7996,416033,3218,286546,155,28858,4647,144131,6688,307382,4806,451513,California
San Mateo,2021-04-28,7866,739303,4492,420525,3169,289715,205,29063,4216,144920,3636,311018,4425,455938,California
San Mateo,2021-04-29,8102,747405,3747,424272,4183,293898,172,29235,3673,144378,4400,315418,3858,459796,California
San Mateo,2021-04-30,8050,755455,5061,429333,2836,296734,153,29388,3412,143348,4612,320030,3582,463378,California
San Mateo,2021-05-01,6165,761620,4133,433466,1915,298649,117,29505,2686,142702,3460,323490,2814,466192,California
San Mateo,2021-05-02,3189,764809,1739,435205,1380,300029,70,29575,1158,141913,2022,325512,1233,467425,California
San Mateo,2021-05-03,6015,770824,4485,439690,1386,301415,144,29719,1837,139726,4169,329681,1982,469407,California
San Mateo,2021-05-04,7339,778163,4998,444688,2168,303583,173,29892,2488,137561,4837,334518,2672,472079,California
San Mateo,2021-05-05,6908,785071,4529,449217,2221,305804,158,30050,2389,135621,4489,339007,2549,474628,California
San Mateo,2021-05-06,8665,793736,6766,455983,1722,307526,177,30227,1750,130656,6895,345902,1930,476558,California
San Mateo,2021-05-07,8211,801947,5867,461850,2057,309583,287,30514,1831,126431,6355,352257,2130,478688,California
San Mateo,2021-05-08,6642,808589,4009,465859,2393,311976,240,30754,1843,123732,4786,357043,2087,480775,California
San Mateo,2021-05-09,3138,811727,2440,468299,624,312600,74,30828,1063,122805,2065,359108,1138,481913,California
San Mateo,2021-05-10,4629,816356,3331,471630,1127,313727,171,30999,754,119873,3865,362973,933,482846,California
San Mateo,2021-05-11,6738,823094,5045,476675,1564,315291,129,31128,1735,116750,4989,367962,1866,484712,California
San Mateo,2021-05-12,6945,830039,5054,481729,1676,316967,215,31343,1801,113639,5129,373091,2018,486730,California
San Mateo,2021-05-13,9647,839686,7217,488946,2334,319301,96,31439,3568,111271,6045,379136,3677,490407,California
San Mateo,2021-05-14,8404,848090,6236,495182,2055,321356,113,31552,2710,108425,5676,384812,2830,493237,California
San Mateo,2021-05-15,10406,858496,8119,503301,2186,323542,101,31653,4561,107275,5832,390644,4682,497919,California
San Mateo,2021-05-16,7170,865666,5098,508399,2003,325545,69,31722,2185,104565,4965,395609,2255,500174,California
San Mateo,2021-05-17,7076,872742,5011,513410,1955,327500,110,31832,2149,101916,4912,400521,2263,502437,California
San Mateo,2021-05-18,8468,881210,5852,519262,2519,330019,97,31929,3110,99898,5231,405752,3213,505650,California
San Mateo,2021-05-19,7897,889107,5910,525172,1864,331883,123,32052,3707,99588,4142,409894,3832,509482,California
San Mateo,2021-05-20,5635,894742,3469,528641,2031,333914,135,32187,2263,98640,3348,413242,2400,511882,California
San Mateo,2021-05-21,6986,901728,4761,533402,2081,335995,144,32331,2038,95895,4927,418169,2182,514064,California
San Mateo,2021-05-22,6380,908108,4339,537741,1973,337968,68,32399,2639,94883,3721,421890,2709,516773,California
San Mateo,2021-05-23,3027,911135,1678,539419,1260,339228,89,32488,1178,94314,1836,423726,1267,518040,California
San Mateo,2021-05-24,3462,914597,2243,541662,1070,340298,149,32637,1124,93265,2320,426046,1271,519311,California
San Mateo,2021-05-25,4765,919362,3002,544664,1584,341882,179,32816,1594,91891,3150,429196,1776,521087,California
San Mateo,2021-05-26,5700,925062,3069,547733,2513,344395,118,32934,1812,89954,3867,433063,1930,523017,California
San Mateo,2021-05-27,3769,928831,2193,549926,1477,345872,99,33033,1239,88784,2505,435568,1335,524352,California
San Mateo,2021-05-28,3481,932312,2190,552116,1206,347078,85,33118,1331,88090,2109,437677,1415,525767,California
San Mateo,2021-05-29,3226,935538,2292,554408,882,347960,52,33170,1317,87576,1883,439560,1369,527136,California
San Mateo,2021-05-30,1633,937171,1098,555506,474,348434,61,33231,645,87303,979,440539,706,527842,California
San Mateo,2021-05-31,442,937613,278,555784,155,348589,9,33240,165,87202,275,440814,174,528016,California
San Mateo,2021-06-01,3318,940931,1968,557752,1253,349842,97,33337,1046,86085,2259,443073,1142,529158,California
San Mateo,2021-06-02,2763,943694,1830,559582,854,350696,79,33416,1113,85640,1635,444708,1190,530348,California
San Mateo,2021-06-03,3814,947508,2997,562579,702,351398,115,33531,879,83708,2922,447630,990,531338,California
San Mateo,2021-06-04,4114,951622,3165,565744,853,352251,96,33627,1184,82065,2910,450540,1267,532605,California
San Mateo,2021-06-05,5153,956775,4510,570254,544,352795,99,33726,1098,79237,4025,454565,1197,533802,California
San Mateo,2021-06-06,2495,959270,2055,572309,379,353174,61,33787,542,77905,1932,456497,600,534402,California
San Mateo,2021-06-07,3106,962376,2604,574913,419,353593,83,33870,789,76465,2310,458807,870,535272,California
San Mateo,2021-06-08,4078,966454,3443,578356,531,354124,104,33974,1008,74543,3035,461842,1113,536385,California
San Mateo,2021-06-09,4145,970599,3566,581922,508,354632,71,34045,628,71735,3505,465347,697,537082,California
San Mateo,2021-06-10,2976,973575,2410,584332,450,355082,116,34161,779,70447,2183,467530,895,537977,California
San Mateo,2021-06-11,2842,976417,2282,586614,448,355530,112,34273,918,69562,1915,469445,1030,539007,California
San Mateo,2021-06-12,3159,979576,2820,589434,259,355789,80,34353,779,68054,2367,471812,859,539866,California
San Mateo,2021-06-13,1429,981005,1079,590513,288,356077,62,34415,360,67419,1057,472869,422,540288,California
San Mateo,2021-06-14,2414,983419,2090,592603,242,356319,82,34497,784,66685,1600,474469,866,541154,California
San Mateo,2021-06-15,2245,985664,1785,594388,341,356660,119,34616,684,65944,1544,476013,803,541957,California
San Mateo,2021-06-16,2430,988094,2016,596404,263,356923,151,34767,711,65126,1676,477689,858,542815,California
San Mateo,2021-06-17,1951,990045,1623,598027,247,357170,81,34848,706,64717,1196,478885,787,543602,California
San Mateo,2021-06-18,2111,992156,1772,599799,263,357433,76,34924,619,63935,1473,480358,691,544293,California
San Mateo,2021-06-19,1785,993941,1570,601369,157,357590,58,34982,596,63470,1119,481477,654,544947,California
San Mateo,2021-06-20,771,994712,700,602069,60,357650,11,34993,290,63324,447,481924,301,545248,California
San Mateo,2021-06-21,1216,995928,911,602980,236,357886,69,35062,593,63371,617,482541,664,545912,California
San Mateo,2021-06-22,828,996756,667,603647,83,357969,78,35140,323,63267,504,483045,400,546312,California
Santa Barbara,2020-12-15,2,2,2,2,0,0,0,0,2,2,0,0,2,2,California
Santa Barbara,2020-12-16,2,4,2,4,0,0,0,0,2,4,0,0,2,4,California
Santa Barbara,2020-12-17,56,60,56,60,0,0,0,0,56,60,0,0,56,60,California
Santa Barbara,2020-12-18,382,442,381,441,1,1,0,0,382,442,0,0,382,442,California
Santa Barbara,2020-12-19,325,767,325,766,0,1,0,0,325,767,0,0,325,767,California
Santa Barbara,2020-12-20,235,1002,235,1001,0,1,0,0,235,1002,0,0,235,1002,California
Santa Barbara,2020-12-21,656,1658,654,1655,2,3,0,0,656,1658,0,0,656,1658,California
Santa Barbara,2020-12-22,247,1905,245,1900,2,5,0,0,247,1905,0,0,247,1905,California
Santa Barbara,2020-12-23,324,2229,206,2106,118,123,0,0,324,2229,0,0,324,2229,California
Santa Barbara,2020-12-24,88,2317,40,2146,48,171,0,0,88,2317,0,0,88,2317,California
Santa Barbara,2020-12-26,325,2642,66,2212,259,430,0,0,325,2642,0,0,325,2642,California
Santa Barbara,2020-12-27,62,2704,1,2213,61,491,0,0,62,2704,0,0,62,2704,California
Santa Barbara,2020-12-28,357,3061,224,2437,133,624,0,0,357,3061,0,0,357,3061,California
Santa Barbara,2020-12-29,561,3622,359,2796,202,826,0,0,561,3622,0,0,561,3622,California
Santa Barbara,2020-12-30,582,4204,399,3195,183,1009,0,0,582,4204,0,0,582,4204,California
Santa Barbara,2020-12-31,242,4446,115,3310,127,1136,0,0,242,4446,0,0,242,4446,California
Santa Barbara,2021-01-01,117,4563,111,3421,6,1142,0,0,117,4563,0,0,117,4563,California
Santa Barbara,2021-01-02,598,5161,232,3653,366,1508,0,0,598,5161,0,0,598,5161,California
Santa Barbara,2021-01-03,23,5184,15,3668,8,1516,0,0,23,5184,0,0,23,5184,California
Santa Barbara,2021-01-04,305,5489,242,3910,63,1579,0,0,304,5488,0,0,304,5488,California
Santa Barbara,2021-01-05,754,6243,380,4290,374,1953,0,0,726,6186,28,28,726,6214,California
Santa Barbara,2021-01-06,657,6900,276,4566,381,2334,0,0,596,6722,60,88,596,6810,California
Santa Barbara,2021-01-07,1032,7932,709,5275,323,2657,0,0,528,6750,500,588,528,7338,California
Santa Barbara,2021-01-08,1204,9136,847,6122,357,3014,0,0,709,6964,495,1083,709,8047,California
Santa Barbara,2021-01-09,566,9702,294,6416,272,3286,0,0,320,7038,246,1329,320,8367,California
Santa Barbara,2021-01-10,64,9766,51,6467,13,3299,0,0,47,7068,17,1346,47,8414,California
Santa Barbara,2021-01-11,845,10611,677,7144,168,3467,0,0,617,7458,227,1573,617,9031,California
Santa Barbara,2021-01-12,1442,12053,647,7791,795,4262,0,0,1282,8580,160,1733,1282,10313,California
Santa Barbara,2021-01-13,1220,13273,269,8060,951,5213,0,0,1094,9548,126,1859,1094,11407,California
Santa Barbara,2021-01-14,1258,14531,139,8199,1119,6332,0,0,1202,10696,55,1914,1203,12610,California
Santa Barbara,2021-01-15,1812,16343,429,8628,1383,7715,0,0,1729,12344,81,1995,1729,14339,California
Santa Barbara,2021-01-16,1280,17623,203,8831,1077,8792,0,0,1240,13545,39,2034,1240,15579,California
Santa Barbara,2021-01-17,127,17750,24,8855,103,8895,0,0,124,13666,3,2037,124,15703,California
Santa Barbara,2021-01-18,1156,18906,420,9275,736,9631,0,0,970,14450,186,2223,970,16673,California
Santa Barbara,2021-01-19,1645,20551,571,9846,1074,10705,0,0,1364,15536,278,2501,1364,18037,California
Santa Barbara,2021-01-20,2118,22669,549,10395,1569,12274,0,0,1760,16939,357,2858,1760,19797,California
Santa Barbara,2021-01-21,3209,25878,1924,12319,1285,13559,0,0,3049,19829,160,3018,3050,22847,California
Santa Barbara,2021-01-22,2939,28817,1784,14103,1155,14714,0,0,2776,22446,160,3178,2777,25624,California
Santa Barbara,2021-01-23,1731,30548,1100,15203,631,15345,0,0,1215,23146,515,3693,1215,26839,California
Santa Barbara,2021-01-24,844,31392,752,15955,92,15437,0,0,834,23970,10,3703,834,27673,California
Santa Barbara,2021-01-25,1240,32632,495,16450,745,16182,0,0,1005,24740,235,3938,1005,28678,California
Santa Barbara,2021-01-26,2093,34725,509,16959,1584,17766,0,0,1710,26069,381,4319,1710,30388,California
Santa Barbara,2021-01-27,1174,35899,404,17363,770,18536,0,0,912,26722,261,4580,914,31302,California
Santa Barbara,2021-01-28,896,36795,297,17660,599,19135,0,0,683,27195,210,4790,683,31985,California
Santa Barbara,2021-01-29,1351,38146,531,18191,820,19955,0,0,988,27826,359,5149,990,32975,California
Santa Barbara,2021-01-30,1913,40059,1424,19615,489,20444,0,0,1496,28908,414,5563,1496,34471,California
Santa Barbara,2021-01-31,1457,41516,1217,20832,240,20684,0,0,1418,30287,39,5602,1418,35889,California
Santa Barbara,2021-02-01,951,42467,524,21356,427,21111,0,0,552,30440,399,6001,552,36441,California
Santa Barbara,2021-02-02,1815,44282,683,22039,1132,22243,0,0,1045,30717,768,6769,1045,37486,California
Santa Barbara,2021-02-03,1961,46243,1085,23124,876,23119,0,0,1514,31796,436,7205,1515,39001,California
Santa Barbara,2021-02-04,2795,49038,1869,24993,926,24045,0,0,2497,34001,292,7497,2497,41498,California
Santa Barbara,2021-02-05,2926,51964,2082,27075,844,24889,0,0,2277,35631,647,8144,2277,43775,California
Santa Barbara,2021-02-06,1203,53167,340,27415,863,25752,0,0,794,36016,409,8553,794,44569,California
Santa Barbara,2021-02-07,309,53476,267,27682,42,25794,0,0,271,36250,37,8590,271,44840,California
Santa Barbara,2021-02-08,956,54432,310,27992,646,26440,0,0,667,36628,289,8879,667,45507,California
Santa Barbara,2021-02-09,2438,56870,312,28304,2126,28566,0,0,1118,36437,1310,10189,1119,46626,California
Santa Barbara,2021-02-10,2767,59637,1499,29803,1268,29834,0,0,773,35229,1983,12172,775,47401,California
Santa Barbara,2021-02-11,4199,63836,2816,32619,1383,31217,0,0,633,32308,3554,15726,633,48034,California
Santa Barbara,2021-02-12,3309,67145,948,33567,2361,33578,0,0,779,30563,2524,18250,779,48813,California
Santa Barbara,2021-02-13,1232,68377,339,33906,893,34471,0,0,561,30455,669,18919,561,49374,California
Santa Barbara,2021-02-14,340,68717,44,33950,296,34767,0,0,290,30697,50,18969,292,49666,California
Santa Barbara,2021-02-15,970,69687,340,34290,630,35397,0,0,494,30719,473,19442,495,50161,California
Santa Barbara,2021-02-16,2170,71857,455,34745,1715,37112,0,0,730,30013,1436,20878,730,50891,California
Santa Barbara,2021-02-17,1442,73299,322,35067,1120,38232,0,0,521,29620,917,21795,524,51415,California
Santa Barbara,2021-02-18,3263,76562,2657,37724,606,38838,0,0,1525,29444,1702,23497,1526,52941,California
Santa Barbara,2021-02-19,3585,80147,2633,40357,952,39790,0,0,2320,30503,1262,24759,2321,55262,California
Santa Barbara,2021-02-20,2233,82380,1448,41805,785,40575,0,0,1672,31624,551,25310,1672,56934,California
Santa Barbara,2021-02-21,139,82519,110,41915,29,40604,0,0,62,31611,75,25385,62,56996,California
Santa Barbara,2021-02-22,935,83454,245,42160,690,41294,0,0,272,31222,661,26046,272,57268,California
Santa Barbara,2021-02-23,3198,86652,1050,43210,2148,43442,0,0,425,28879,2769,28815,426,57694,California
Santa Barbara,2021-02-24,3225,89877,1102,44312,2123,45565,0,0,724,27111,2492,31307,724,58418,California
Santa Barbara,2021-02-25,3467,93344,1922,46234,1545,47110,0,0,993,25642,2466,33773,997,59415,California
Santa Barbara,2021-02-26,3670,97014,2178,48412,1492,48602,0,0,1972,25925,1690,35463,1973,61388,California
Santa Barbara,2021-02-27,1541,98555,563,48975,978,49580,0,0,860,26113,677,36140,865,62253,California
Santa Barbara,2021-02-28,1088,99643,223,49198,865,50445,0,0,895,26823,187,36327,897,63150,California
Santa Barbara,2021-03-01,1661,101304,482,49680,1177,51622,2,2,1101,27384,543,36870,1104,64254,California
Santa Barbara,2021-03-02,2666,103970,422,50102,2244,53866,0,2,2163,29059,490,37360,2165,66419,California
Santa Barbara,2021-03-03,4654,108624,2102,52204,2550,56416,2,4,4053,32528,591,37951,4060,70479,California
Santa Barbara,2021-03-04,3438,112062,2289,54493,1149,57565,0,4,2873,34848,555,38506,2875,73354,California
Santa Barbara,2021-03-05,3827,115889,2169,56662,1599,59164,59,63,3096,37278,726,39232,3156,76510,California
Santa Barbara,2021-03-06,2439,118328,731,57393,1488,60652,220,283,1672,38405,762,39994,1889,78399,California
Santa Barbara,2021-03-07,565,118893,123,57516,312,60964,130,413,384,38740,180,40174,515,78914,California
Santa Barbara,2021-03-08,1580,120473,378,57894,859,61823,343,756,796,39101,778,40952,1139,80053,California
Santa Barbara,2021-03-09,2814,123287,353,58247,1688,63511,773,1529,742,38545,2069,43021,1513,81566,California
Santa Barbara,2021-03-10,2785,126072,556,58803,1167,64678,1062,2591,1048,38923,1731,44752,2109,83675,California
Santa Barbara,2021-03-11,5595,131667,3039,61842,1438,66116,1118,3709,2279,39011,3302,48054,3390,87065,California
Santa Barbara,2021-03-12,3702,135369,2107,63949,1161,67277,434,4143,2187,40122,1507,49561,2618,89683,California
Santa Barbara,2021-03-13,3502,138871,1941,65890,1353,68630,208,4351,2700,42230,800,50361,2908,92591,California
Santa Barbara,2021-03-14,809,139680,394,66284,360,68990,55,4406,487,42453,321,50682,544,93135,California
Santa Barbara,2021-03-15,2120,141800,700,66984,1128,70118,292,4698,1271,43173,841,51523,1561,94696,California
Santa Barbara,2021-03-16,3736,145536,1181,68165,2213,72331,342,5040,2744,45273,987,52510,3087,97783,California
Santa Barbara,2021-03-17,3331,148867,981,69146,1946,74277,404,5444,2337,47019,991,53501,2737,100520,California
Santa Barbara,2021-03-18,5236,154103,2801,71947,2233,76510,202,5646,4009,50019,1211,54712,4211,104731,California
Santa Barbara,2021-03-19,4450,158553,2774,74721,1343,77853,333,5979,3058,52021,1388,56100,3390,108121,California
Santa Barbara,2021-03-20,2190,160743,840,75561,1333,79186,17,5996,1337,52527,850,56950,1356,109477,California
Santa Barbara,2021-03-21,1173,161916,385,75946,757,79943,31,6027,843,53075,327,57277,875,110352,California
Santa Barbara,2021-03-22,2784,164700,1920,77866,820,80763,44,6071,2222,54789,553,57830,2267,112619,California
Santa Barbara,2021-03-23,4478,169178,2259,80125,2118,82881,101,6172,3704,57829,764,58594,3804,116423,California
Santa Barbara,2021-03-24,5424,174602,3151,83276,1516,84397,757,6929,2970,59121,2431,61025,3723,120146,California
Santa Barbara,2021-03-25,5570,180172,3274,86550,2102,86499,194,7123,2787,59338,2764,63789,2981,123127,California
Santa Barbara,2021-03-26,5097,185269,3230,89780,1568,88067,299,7422,2248,59055,2831,66620,2548,125675,California
Santa Barbara,2021-03-27,2966,188235,1228,91008,1695,89762,43,7465,1628,59390,1334,67954,1669,127344,California
Santa Barbara,2021-03-28,2785,191020,1658,92666,1099,90861,28,7493,1895,60428,886,68840,1924,129268,California
Santa Barbara,2021-03-29,4044,195064,2086,94752,1888,92749,70,7563,3230,62918,810,69650,3300,132568,California
Santa Barbara,2021-03-30,6807,201871,3511,98263,3145,95894,151,7714,4538,65350,2254,71904,4686,137254,California
Santa Barbara,2021-03-31,8705,210576,5540,103803,3099,98993,66,7780,5045,66823,3638,75542,5111,142365,California
Santa Barbara,2021-04-01,7064,217640,5222,109025,1581,100574,261,8041,4182,68405,2860,78402,4442,146807,California
Santa Barbara,2021-04-02,6661,224301,4570,113595,1497,102071,594,8635,3430,69205,3223,81625,4023,150830,California
Santa Barbara,2021-04-03,3814,228115,2115,115710,1631,103702,68,8703,2520,70504,1287,82912,2586,153416,California
Santa Barbara,2021-04-04,901,229016,444,116154,417,104119,40,8743,498,70641,401,83313,538,153954,California
Santa Barbara,2021-04-05,3473,232489,2296,118450,919,105038,258,9001,2174,71783,1290,84603,2432,156386,California
Santa Barbara,2021-04-06,5496,237985,2835,121285,2121,107159,540,9541,3365,73571,2115,86718,3903,160289,California
Santa Barbara,2021-04-07,6036,244021,3295,124580,2198,109357,543,10084,4096,76278,1931,88649,4638,164927,California
Santa Barbara,2021-04-08,7428,251449,5053,129633,646,110003,1729,11813,3433,77448,3988,92637,5158,170085,California
Santa Barbara,2021-04-09,7351,258800,4888,134521,1097,111100,1366,13179,3313,78092,4028,96665,4672,174757,California
Santa Barbara,2021-04-10,6735,265535,4674,139195,1445,112545,616,13795,4587,81155,2139,98804,5202,179959,California
Santa Barbara,2021-04-11,2688,268223,1973,141168,412,112957,303,14098,1862,82495,820,99624,2160,182119,California
Santa Barbara,2021-04-12,4424,272647,2848,144016,1022,113979,554,14652,1916,82463,2501,102125,2469,184588,California
Santa Barbara,2021-04-13,6396,279043,4195,148211,2195,116174,6,14658,2661,81399,3730,105855,2666,187254,California
Santa Barbara,2021-04-14,6825,285868,4431,152642,2392,118566,2,14660,4251,83090,2563,108418,4254,191508,California
Santa Barbara,2021-04-15,7037,292905,4131,156773,2905,121471,1,14661,3826,83720,3198,111616,3828,195336,California
Santa Barbara,2021-04-16,6443,299348,3791,160564,2641,124112,11,14672,4438,86182,1986,113602,4448,199784,California
Santa Barbara,2021-04-17,5382,304730,3910,164474,1472,125584,0,14672,4149,89113,1218,114820,4149,203933,California
Santa Barbara,2021-04-18,2183,306913,1521,165995,662,126246,0,14672,382,87701,1795,116615,383,204316,California
Santa Barbara,2021-04-19,3275,310188,2263,168258,1006,127252,6,14678,1040,86524,2227,118842,1050,205366,California
Santa Barbara,2021-04-20,5921,316109,3970,172228,1950,129202,1,14679,1676,83974,4229,123071,1679,207045,California
Santa Barbara,2021-04-21,5502,321611,3645,175873,1857,131059,0,14679,1748,81987,3740,126811,1753,208798,California
Santa Barbara,2021-04-22,5097,326708,2556,178429,2540,133599,1,14680,1457,79824,3624,130435,1461,210259,California
Santa Barbara,2021-04-23,5585,332293,3877,182306,1708,135307,0,14680,1961,78176,3609,134044,1961,212220,California
Santa Barbara,2021-04-24,4432,336725,2878,185184,1549,136856,5,14685,1634,77037,2779,136823,1640,213860,California
Santa Barbara,2021-04-25,1841,338566,1187,186371,654,137510,0,14685,498,76201,1334,138157,498,214358,California
Santa Barbara,2021-04-26,3247,341813,1977,188348,1249,138759,21,14706,560,74103,2680,140837,582,214940,California
Santa Barbara,2021-04-27,3970,345783,2172,190520,1695,140454,103,14809,1174,72594,2786,143623,1277,216217,California
Santa Barbara,2021-04-28,4919,350702,2868,193388,1934,142388,117,14926,1398,70607,3506,147129,1519,217736,California
Santa Barbara,2021-04-29,5258,355960,3804,197192,1227,143615,227,15153,1440,68470,3802,150931,1665,219401,California
Santa Barbara,2021-04-30,4951,360911,3700,200892,1087,144702,164,15317,1407,66513,3527,154458,1570,220971,California
Santa Barbara,2021-05-01,5272,366183,4080,204972,1158,145860,34,15351,895,63082,4362,158820,931,221902,California
Santa Barbara,2021-05-02,1135,367318,668,205640,339,146199,128,15479,308,62692,826,159646,436,222338,California
Santa Barbara,2021-05-03,2202,369520,1475,207115,588,146787,139,15618,439,61512,1756,161402,576,222914,California
Santa Barbara,2021-05-04,3297,372817,1669,208784,1556,148343,72,15690,1149,60597,2135,163537,1220,224134,California
Santa Barbara,2021-05-05,5440,378257,3675,212459,1618,149961,147,15837,623,56566,4803,168340,772,224906,California
Santa Barbara,2021-05-06,5053,383310,3915,216374,1034,150995,104,15941,961,53555,4076,172416,1065,225971,California
Santa Barbara,2021-05-07,4673,387983,3662,220036,831,151826,180,16121,998,51069,3661,176077,1175,227146,California
Santa Barbara,2021-05-08,4254,392237,3167,223203,989,152815,98,16219,889,48705,3352,179429,988,228134,California
Santa Barbara,2021-05-09,700,392937,111,223314,549,153364,40,16259,466,48979,233,179662,507,228641,California
Santa Barbara,2021-05-10,1324,394261,627,223941,614,153978,83,16342,362,48463,960,180622,444,229085,California
Santa Barbara,2021-05-11,1875,396136,788,224729,793,154771,294,16636,425,47737,1442,182064,716,229801,California
Santa Barbara,2021-05-12,2034,398170,738,225467,1072,155843,224,16860,517,46972,1506,183570,741,230542,California
Santa Barbara,2021-05-13,3876,402046,2787,228254,893,156736,196,17056,1241,45785,2624,186194,1437,231979,California
Santa Barbara,2021-05-14,4142,406188,2521,230775,1527,158263,94,17150,1624,44999,2503,188697,1717,233696,California
Santa Barbara,2021-05-15,3523,409711,2566,233341,938,159201,19,17169,1843,45193,1669,190366,1863,235559,California
Santa Barbara,2021-05-16,1067,410778,466,233807,486,159687,115,17284,468,45182,594,190960,583,236142,California
Santa Barbara,2021-05-17,1639,412417,933,234740,643,160330,63,17347,866,45343,767,191727,928,237070,California
Santa Barbara,2021-05-18,1844,414261,1163,235903,585,160915,96,17443,970,45552,858,192585,1067,238137,California
Santa Barbara,2021-05-19,1766,416027,975,236878,751,161666,40,17483,820,45473,938,193523,859,238996,California
Santa Barbara,2021-05-20,1718,417745,941,237819,659,162325,118,17601,865,45615,841,194364,983,239979,California
Santa Barbara,2021-05-21,3466,421211,2347,240166,1065,163390,54,17655,1275,44769,2176,196540,1330,241309,California
Santa Barbara,2021-05-22,2465,423676,1706,241872,715,164105,44,17699,1392,45140,1066,197606,1437,242746,California
Santa Barbara,2021-05-23,751,424427,328,242200,393,164498,30,17729,410,45240,340,197946,440,243186,California
Santa Barbara,2021-05-24,1004,425431,588,242788,353,164851,63,17792,483,45270,516,198462,546,243732,California
Santa Barbara,2021-05-25,1401,426832,568,243356,764,165615,69,17861,459,44862,936,199398,528,244260,California
Santa Barbara,2021-05-26,3009,429841,1710,245066,1178,166793,121,17982,834,43656,2160,201558,954,245214,California
Santa Barbara,2021-05-27,1953,431794,1211,246277,599,167392,143,18125,826,43506,1120,202678,970,246184,California
Santa Barbara,2021-05-28,1500,433294,695,246972,653,168045,152,18277,611,43384,886,203564,764,246948,California
Santa Barbara,2021-05-29,901,434195,318,247290,546,168591,37,18314,371,43265,527,204091,408,247356,California
Santa Barbara,2021-05-30,499,434694,179,247469,223,168814,97,18411,186,43236,311,204402,282,247638,California
Santa Barbara,2021-05-31,95,434789,43,247512,42,168856,10,18421,23,43197,71,204473,32,247670,California
Santa Barbara,2021-06-01,1127,435916,591,248103,478,169334,58,18479,461,43056,660,205133,519,248189,California
Santa Barbara,2021-06-02,983,436899,587,248690,313,169647,83,18562,434,43027,545,205678,516,248705,California
Santa Barbara,2021-06-03,2056,438955,1546,250236,453,170100,57,18619,618,42268,1432,207110,673,249378,California
Santa Barbara,2021-06-04,1453,440408,665,250901,647,170747,141,18760,485,41932,959,208069,623,250001,California
Santa Barbara,2021-06-05,2924,443332,2212,253113,660,171407,52,18812,500,40071,2412,210481,551,250552,California
Santa Barbara,2021-06-06,909,444241,480,253593,410,171817,19,18831,258,39700,648,211129,277,250829,California
Santa Barbara,2021-06-07,1160,445401,830,254423,282,172099,48,18879,303,39196,855,211984,351,251180,California
Santa Barbara,2021-06-08,1106,446507,714,255137,360,172459,32,18911,294,38715,806,212790,325,251505,California
Santa Barbara,2021-06-09,1024,447531,695,255832,245,172704,84,18995,330,38438,691,213481,414,251919,California
Santa Barbara,2021-06-10,2385,449916,2071,257903,243,172947,71,19066,528,37183,1854,215335,599,252518,California
Santa Barbara,2021-06-11,1304,451220,605,258508,595,173542,104,19170,389,36768,908,216243,493,253011,California
Santa Barbara,2021-06-12,883,452103,596,259104,264,173806,23,19193,233,36381,642,216885,255,253266,California
Santa Barbara,2021-06-13,482,452585,294,259398,91,173897,97,19290,125,36248,355,217240,222,253488,California
Santa Barbara,2021-06-14,1255,453840,856,260254,323,174220,76,19366,339,35756,907,218147,415,253903,California
Santa Barbara,2021-06-15,1128,454968,752,261006,341,174561,35,19401,395,35460,726,218873,430,254333,California
Santa Barbara,2021-06-16,929,455897,645,261651,237,174798,47,19448,353,35288,570,219443,398,254731,California
Santa Barbara,2021-06-17,1877,457774,1546,263197,242,175040,89,19537,623,34750,1250,220693,712,255443,California
Santa Barbara,2021-06-18,1097,458871,711,263908,289,175329,97,19634,360,34474,733,221426,457,255900,California
Santa Barbara,2021-06-19,540,459411,363,264271,145,175474,32,19666,250,34469,287,221713,282,256182,California
Santa Barbara,2021-06-20,366,459777,212,264483,144,175618,10,19676,153,34419,212,221925,162,256344,California
Santa Barbara,2021-06-21,511,460288,258,264741,207,175825,46,19722,269,34496,238,222163,315,256659,California
Santa Barbara,2021-06-22,310,460598,171,264912,111,175936,28,19750,101,34417,207,222370,128,256787,California
Santa Clara,2020-12-15,69,69,69,69,0,0,0,0,69,69,0,0,69,69,California
Santa Clara,2020-12-16,154,223,154,223,0,0,0,0,154,223,0,0,154,223,California
Santa Clara,2020-12-17,414,637,414,637,0,0,0,0,414,637,0,0,414,637,California
Santa Clara,2020-12-18,1766,2403,1766,2403,0,0,0,0,1766,2403,0,0,1766,2403,California
Santa Clara,2020-12-19,2095,4498,2095,4498,0,0,0,0,2094,4497,0,0,2094,4497,California
Santa Clara,2020-12-20,1909,6407,1908,6406,1,1,0,0,1906,6403,0,0,1906,6403,California
Santa Clara,2020-12-21,2676,9083,2676,9082,0,1,0,0,2674,9076,1,1,2674,9077,California
Santa Clara,2020-12-22,3128,12211,3121,12203,7,8,0,0,3125,12200,1,2,3125,12202,California
Santa Clara,2020-12-23,3298,15509,3103,15306,195,203,0,0,3297,15497,0,2,3297,15499,California
Santa Clara,2020-12-24,1904,17413,1708,17014,196,399,0,0,1898,17393,2,4,1898,17397,California
Santa Clara,2020-12-25,349,17762,348,17362,1,400,0,0,349,17742,0,4,349,17746,California
Santa Clara,2020-12-26,1280,19042,1042,18404,238,638,0,0,1279,19021,0,4,1279,19025,California
Santa Clara,2020-12-27,654,19696,511,18915,143,781,0,0,654,19675,0,4,654,19679,California
Santa Clara,2020-12-28,2365,22061,1743,20658,622,1403,0,0,2365,22040,0,4,2365,22044,California
Santa Clara,2020-12-29,2381,24442,1507,22165,874,2277,0,0,2381,24421,0,4,2381,24425,California
Santa Clara,2020-12-30,3012,27454,1900,24065,1112,3389,0,0,3009,27427,3,7,3009,27434,California
Santa Clara,2020-12-31,1236,28690,394,24459,842,4231,0,0,1235,28661,1,8,1235,28669,California
Santa Clara,2021-01-01,149,28839,13,24472,136,4367,0,0,148,28808,1,9,148,28817,California
Santa Clara,2021-01-02,1102,29941,825,25297,277,4644,0,0,1102,29910,0,9,1102,29919,California
Santa Clara,2021-01-03,588,30529,369,25666,219,4863,0,0,583,30490,3,12,583,30502,California
Santa Clara,2021-01-04,2493,33022,1684,27350,809,5672,0,0,2490,32980,0,12,2490,32992,California
Santa Clara,2021-01-05,3109,36131,2037,29387,1072,6744,0,0,2915,35708,193,205,2921,35913,California
Santa Clara,2021-01-06,3383,39514,2003,31390,1380,8124,0,0,2765,37862,613,818,2767,38680,California
Santa Clara,2021-01-07,4254,43768,2578,33968,1676,9800,0,0,3157,39939,1086,1904,3163,41843,California
Santa Clara,2021-01-08,5901,49669,3859,37827,2042,11842,0,0,3773,41591,2121,4025,3773,45616,California
Santa Clara,2021-01-09,3034,52703,1910,39737,1124,12966,0,0,1704,41971,1327,5352,1707,47323,California
Santa Clara,2021-01-10,1984,54687,1529,41266,455,13421,0,0,761,41510,1222,6574,761,48084,California
Santa Clara,2021-01-11,5992,60679,3787,45053,2205,15626,0,0,3393,42312,2596,9170,3398,51482,California
Santa Clara,2021-01-12,6904,67583,3496,48549,3408,19034,0,0,4571,44565,2319,11489,4572,56054,California
Santa Clara,2021-01-13,7491,75074,3137,51686,4354,23388,0,0,5237,47554,2250,13739,5239,61293,California
Santa Clara,2021-01-14,8340,83414,2867,54553,5473,28861,0,0,6535,52294,1797,15536,6537,67830,California
Santa Clara,2021-01-15,9617,93031,2775,57328,6842,35703,0,0,8206,59100,1405,16941,8211,76041,California
Santa Clara,2021-01-16,4364,97395,1262,58590,3102,38805,0,0,3503,61746,857,17798,3503,79544,California
Santa Clara,2021-01-17,3248,100643,609,59199,2639,41444,0,0,2745,63991,500,18298,2745,82289,California
Santa Clara,2021-01-18,5161,105804,1188,60387,3973,45417,0,0,4595,68021,566,18864,4596,86885,California
Santa Clara,2021-01-19,8564,114368,2708,63095,5856,51273,0,0,6864,73191,1697,20561,6867,93752,California
Santa Clara,2021-01-20,8179,122547,4164,67259,4015,55288,0,0,6617,78251,1557,22118,6617,100369,California
Santa Clara,2021-01-21,8826,131373,3835,71094,4991,60279,0,0,7600,84630,1223,23341,7602,107971,California
Santa Clara,2021-01-22,8723,140096,3259,74353,5464,65743,0,0,8139,92190,582,23923,8142,116113,California
Santa Clara,2021-01-23,3845,143941,1707,76060,2138,67881,0,0,2864,94075,980,24903,2865,118978,California
Santa Clara,2021-01-24,2863,146804,1429,77489,1434,69315,0,0,2372,95959,488,25391,2372,121350,California
Santa Clara,2021-01-25,8455,155259,3819,81308,4636,73951,0,0,6356,100226,2091,27482,6358,127708,California
Santa Clara,2021-01-26,8419,163678,3848,85156,4571,78522,0,0,6259,104338,2150,29632,6262,133970,California
Santa Clara,2021-01-27,8861,172539,3909,89065,4952,83474,0,0,6913,109323,1929,31561,6914,140884,California
Santa Clara,2021-01-28,9653,182192,3899,92964,5754,89228,0,0,7651,114997,1982,33543,7656,148540,California
Santa Clara,2021-01-29,9644,191836,3969,96933,5675,94903,0,0,7443,120252,2190,35733,7445,155985,California
Santa Clara,2021-01-30,4133,195969,2088,99021,2045,96948,0,0,2907,121941,1219,36952,2908,158893,California
Santa Clara,2021-01-31,2204,198173,1309,100330,895,97843,0,0,1600,122942,599,37551,1600,160493,California
Santa Clara,2021-02-01,7924,206097,3531,103861,4393,102236,0,0,6207,127443,1709,39260,6210,166703,California
Santa Clara,2021-02-02,8710,214807,2919,106780,5791,108027,0,0,6671,132086,2032,41292,6675,173378,California
Santa Clara,2021-02-03,9327,224134,3526,110306,5801,113828,0,0,7015,136804,2303,43595,7021,180399,California
Santa Clara,2021-02-04,11115,235249,4204,114510,6911,120739,0,0,8792,143288,2313,45908,8797,189196,California
Santa Clara,2021-02-05,12052,247301,4380,118890,7672,128411,0,0,8562,148379,3475,49383,8566,197762,California
Santa Clara,2021-02-06,5280,252581,2863,121753,2417,130828,0,0,4093,151291,1183,50566,4095,201857,California
Santa Clara,2021-02-07,3520,256101,2364,124117,1156,131984,0,0,3061,153895,458,51024,3062,204919,California
Santa Clara,2021-02-08,10124,266225,3548,127665,6576,138560,0,0,7388,158563,2722,53746,7390,212309,California
Santa Clara,2021-02-09,11263,277488,3853,131518,7410,145970,0,0,7737,162794,3512,57258,7743,220052,California
Santa Clara,2021-02-10,12794,290282,4985,136503,7809,153779,0,0,6908,163842,5874,63132,6922,226974,California
Santa Clara,2021-02-11,13730,304012,4816,141319,8914,162693,0,0,7798,165730,5917,69049,7805,234779,California
Santa Clara,2021-02-12,14764,318776,4533,145852,10231,172924,0,0,7097,165192,7645,76694,7107,241886,California
Santa Clara,2021-02-13,6155,324931,1487,147339,4668,177592,0,0,2245,163549,3902,80596,2259,244145,California
Santa Clara,2021-02-14,4662,329593,1160,148499,3502,181094,0,0,1499,161895,3161,83757,1507,245652,California
Santa Clara,2021-02-15,6329,335922,2812,151311,3517,184611,0,0,2737,161048,3585,87342,2738,248390,California
Santa Clara,2021-02-16,13927,349849,4069,155380,9858,194469,0,0,6976,161092,6936,94278,6980,255370,California
Santa Clara,2021-02-17,14183,364032,5553,160933,8630,203099,0,0,7078,161088,7088,101366,7084,262454,California
Santa Clara,2021-02-18,14404,378436,8514,169447,5890,208989,0,0,7328,161385,7035,108401,7332,269786,California
Santa Clara,2021-02-19,15027,393463,9627,179074,5400,214389,0,0,8752,163886,6258,114659,8759,278545,California
Santa Clara,2021-02-20,6978,400441,5225,184299,1753,216142,0,0,3754,164428,3213,117872,3755,282300,California
Santa Clara,2021-02-21,3415,403856,2526,186825,889,217031,0,0,1268,163560,2138,120010,1270,283570,California
Santa Clara,2021-02-22,10420,414276,6232,193057,4188,221219,0,0,4852,162857,5556,125566,4853,288423,California
Santa Clara,2021-02-23,12121,426397,7843,200900,4278,225497,0,0,6844,164444,5262,130828,6849,295272,California
Santa Clara,2021-02-24,14372,440769,9279,210179,5093,230590,0,0,8887,167863,5468,136296,8887,304159,California
Santa Clara,2021-02-25,15193,455962,9691,219870,5502,236092,0,0,8271,169245,6896,143192,8278,312437,California
Santa Clara,2021-02-26,15100,471062,8744,228614,6356,242448,0,0,8234,170649,6837,150029,8241,320678,California
Santa Clara,2021-02-27,8278,479340,5760,234374,2517,244965,1,1,4668,171726,3599,153628,4676,325354,California
Santa Clara,2021-02-28,5433,484773,3707,238081,1726,246691,0,1,2692,171690,2729,156357,2693,328047,California
Santa Clara,2021-03-01,14679,499452,8448,246529,6225,252916,6,7,9109,175256,5549,161906,9115,337162,California
Santa Clara,2021-03-02,16263,515715,9612,256141,6650,259566,1,8,10368,179755,5871,167777,10370,347532,California
Santa Clara,2021-03-03,18829,534544,9350,265491,9475,269041,4,12,11723,184416,7070,174847,11731,359263,California
Santa Clara,2021-03-04,16704,551248,9108,274599,7593,276634,3,15,9723,187247,6899,181746,9730,368993,California
Santa Clara,2021-03-05,16742,567990,9312,283911,7304,283938,126,141,9299,189257,7421,189167,9431,378424,California
Santa Clara,2021-03-06,9540,577530,6358,290269,2729,286667,453,594,7145,194473,2383,191550,7599,386023,California
Santa Clara,2021-03-07,6896,584426,4500,294769,2151,288818,245,839,5476,198781,1411,192961,5719,391742,California
Santa Clara,2021-03-08,13030,597456,6788,301557,5664,294482,578,1417,8364,203074,4648,197609,8941,400683,California
Santa Clara,2021-03-09,15309,612765,6569,308126,7400,301882,1340,2757,6842,202801,8448,206057,8175,408858,California
Santa Clara,2021-03-10,15228,627993,6644,314770,6458,308340,2126,4883,6252,202205,8947,215004,8351,417209,California
Santa Clara,2021-03-11,17216,645209,7822,322592,7881,316221,1513,6396,6112,198742,11072,226076,7609,424818,California
Santa Clara,2021-03-12,17867,663076,9159,331751,7127,323348,1581,7977,6002,194481,11820,237896,7559,432377,California
Santa Clara,2021-03-13,10827,673903,6276,338027,3046,326394,1505,9482,4776,194711,6027,243923,6257,438634,California
Santa Clara,2021-03-14,6582,680485,3405,341432,1864,328258,1313,10795,3183,195815,3380,247303,4484,443118,California
Santa Clara,2021-03-15,12931,693416,6604,348036,6047,334305,280,11075,6000,195191,6905,254208,6281,449399,California
Santa Clara,2021-03-16,18372,711788,10397,358433,7767,342072,208,11283,8895,194843,9449,263657,9101,458500,California
Santa Clara,2021-03-17,20142,731930,11425,369858,8548,350620,169,11452,10382,195681,9707,273364,10545,469045,California
Santa Clara,2021-03-18,19349,751279,9071,378929,9097,359717,1181,12633,9081,195724,10212,283576,10255,479300,California
Santa Clara,2021-03-19,19561,770840,10073,389002,8476,368193,1012,13645,9979,197185,9520,293096,10981,490281,California
Santa Clara,2021-03-20,11526,782366,6378,395380,4312,372505,836,14481,6688,199900,4807,297903,7522,497803,California
Santa Clara,2021-03-21,8419,790785,3839,399219,3173,375678,1407,15888,5380,203650,3023,300926,6773,504576,California
Santa Clara,2021-03-22,16485,807270,9219,408438,6910,382588,356,16244,9055,205653,7404,308330,9407,513983,California
Santa Clara,2021-03-23,19458,826728,12408,420846,6524,389112,526,16770,11205,209179,8201,316531,11727,525710,California
Santa Clara,2021-03-24,22755,849483,14664,435510,7673,396785,418,17188,14585,216057,8126,324657,15004,540714,California
Santa Clara,2021-03-25,23071,872554,13250,448760,8866,405651,955,18143,14796,223585,8207,332864,15735,556449,California
Santa Clara,2021-03-26,22091,894645,14050,462810,7647,413298,394,18537,13535,228989,8518,341382,13922,570371,California
Santa Clara,2021-03-27,15787,910432,10479,473289,4536,417834,772,19309,8422,230861,7317,348699,9189,579560,California
Santa Clara,2021-03-28,12160,922592,8425,481714,3020,420854,715,20024,6526,232490,5607,354306,7236,586796,California
Santa Clara,2021-03-29,20731,943323,12708,494422,7295,428149,728,20752,11171,234866,9515,363821,11891,598687,California
Santa Clara,2021-03-30,25847,969170,15350,509772,8539,436688,1958,22710,16230,243465,9572,373393,18171,616858,California
Santa Clara,2021-03-31,20651,989821,12009,521781,7505,444193,1137,23847,12622,249226,7982,381375,13743,630601,California
Santa Clara,2021-04-01,32028,1021849,19973,541754,8972,453165,3083,26930,20188,260697,11767,393142,23238,653839,California
Santa Clara,2021-04-02,25382,1047231,14505,556259,8742,461907,2135,29065,16607,270695,8730,401872,18728,672567,California
Santa Clara,2021-04-03,15390,1062621,9341,565600,3562,465469,2487,31552,8587,274971,6780,408652,11056,683623,California
Santa Clara,2021-04-04,7710,1070331,4079,569679,2454,467923,1177,32729,4003,276447,3695,412347,5171,688794,California
Santa Clara,2021-04-05,22067,1092398,14691,584370,4880,472803,2496,35225,14415,285723,7623,419970,16899,705693,California
Santa Clara,2021-04-06,29739,1122137,16426,600796,7804,480607,5509,40734,17886,297287,11800,431770,23364,729057,California
Santa Clara,2021-04-07,31134,1153271,16044,616840,8534,489141,6556,47290,18993,310712,12082,443852,25507,754564,California
Santa Clara,2021-04-08,30219,1183490,16529,633369,6026,495167,7664,54954,16461,321107,13682,457534,24077,778641,California
Santa Clara,2021-04-09,28314,1211804,14001,647370,6974,502141,7339,62293,14454,329063,13790,471324,21746,800387,California
Santa Clara,2021-04-10,21619,1233423,12504,659874,3775,505916,5340,67633,11574,335915,10009,481333,16861,817248,California
Santa Clara,2021-04-11,16109,1249532,9666,669540,2689,508605,3754,71387,8364,340299,7710,489043,12094,829342,California
Santa Clara,2021-04-12,27192,1276724,19099,688639,5615,514220,2478,73865,18503,352640,8626,497669,20967,850309,California
Santa Clara,2021-04-13,34570,1311294,27149,715788,7390,521610,31,73896,26599,371396,7894,505563,26650,876959,California
Santa Clara,2021-04-14,37112,1348406,28059,743847,9049,530659,4,73900,26321,387035,10719,516282,26358,903317,California
Santa Clara,2021-04-15,44614,1393020,34544,778391,10065,540724,5,73905,34357,411276,10141,526423,34382,937699,California
Santa Clara,2021-04-16,38826,1431846,26557,804948,12265,552989,4,73909,27807,428175,10939,537362,27838,965537,California
Santa Clara,2021-04-17,22218,1454064,15164,820112,7052,560041,2,73911,15322,436685,6834,544196,15344,980881,California
Santa Clara,2021-04-18,16619,1470683,10794,830906,5825,565866,0,73911,10381,440878,6204,550400,10397,991278,California
Santa Clara,2021-04-19,29014,1499697,20956,851862,8057,573923,1,73912,17373,446715,11568,561968,17405,1008683,California
Santa Clara,2021-04-20,37255,1536952,22617,874479,14636,588559,2,73914,22736,455079,14406,576374,22770,1031453,California
Santa Clara,2021-04-21,37018,1573970,21453,895932,15563,604122,2,73916,24460,467117,12464,588838,24502,1055955,California
Santa Clara,2021-04-22,37353,1611323,24904,920836,12448,616570,1,73917,17635,465199,19619,608457,17701,1073656,California
Santa Clara,2021-04-23,32180,1643503,19566,940402,12613,629183,1,73918,15060,463300,17015,625472,15116,1088772,California
Santa Clara,2021-04-24,21194,1664697,15516,955918,5677,634860,1,73919,11992,466198,9125,634597,12023,1100795,California
Santa Clara,2021-04-25,13646,1678343,9886,965804,3754,638614,6,73925,8689,470004,4913,639510,8719,1109514,California
Santa Clara,2021-04-26,25027,1703370,19291,985095,5677,644291,59,73984,10376,465912,14551,654061,10459,1119973,California
Santa Clara,2021-04-27,27596,1730966,19598,1004693,7615,651906,383,74367,12017,462870,15486,669547,12444,1132417,California
Santa Clara,2021-04-28,26070,1757036,19314,1024007,6316,658222,440,74807,11063,459511,14922,684469,11563,1143980,California
Santa Clara,2021-04-29,23993,1781029,17568,1041575,6025,664247,400,75207,8986,454039,14930,699399,9458,1153438,California
Santa Clara,2021-04-30,23095,1804124,15797,1057372,6931,671178,367,75574,9782,451043,13224,712623,10228,1163666,California
Santa Clara,2021-05-01,17518,1821642,14550,1071922,2707,673885,261,75835,5468,444816,11999,724622,5772,1169438,California
Santa Clara,2021-05-02,11319,1832961,9395,1081317,1691,675576,233,76068,3488,440772,7787,732409,3743,1173181,California
Santa Clara,2021-05-03,22893,1855854,19418,1100735,3041,678617,434,76502,5139,428706,17676,750085,5610,1178791,California
Santa Clara,2021-05-04,30535,1886389,23858,1124593,6133,684750,544,77046,5477,409818,24954,775039,6066,1184857,California
Santa Clara,2021-05-05,32138,1918527,24374,1148967,7216,691966,548,77594,5415,389181,26626,801665,5989,1190846,California
Santa Clara,2021-05-06,35449,1953976,29543,1178510,5433,697399,473,78067,4684,363727,30633,832298,5179,1196025,California
Santa Clara,2021-05-07,32596,1986572,26201,1204711,5903,703302,492,78559,4633,341065,27828,860126,5166,1201191,California
Santa Clara,2021-05-08,16500,2003072,13421,1218132,2656,705958,423,78982,3472,332037,12940,873066,3912,1205103,California
Santa Clara,2021-05-09,10502,2013574,9135,1227267,1180,707138,187,79169,2458,326689,8006,881072,2658,1207761,California
Santa Clara,2021-05-10,20860,2034434,16694,1243961,3758,710896,408,79577,2735,311808,18044,899116,3163,1210924,California
Santa Clara,2021-05-11,22186,2056620,16628,1260589,5114,716010,444,80021,3997,298155,18100,917216,4447,1215371,California
Santa Clara,2021-05-12,21380,2078000,15704,1276293,5150,721160,526,80547,4533,286467,16754,933970,5066,1220437,California
Santa Clara,2021-05-13,28083,2106083,22746,1299039,5031,726191,306,80853,11269,281319,16730,950700,11582,1232019,California
Santa Clara,2021-05-14,27762,2133845,19368,1318407,8007,734198,387,81240,9786,273626,17881,968581,10188,1242207,California
Santa Clara,2021-05-15,20934,2154779,16797,1335204,3855,738053,282,81522,8096,269259,12753,981334,8386,1250593,California
Santa Clara,2021-05-16,16132,2170911,13128,1348332,2827,740880,177,81699,5234,263856,10817,992151,5414,1256007,California
Santa Clara,2021-05-17,20220,2191131,15898,1364230,3958,744838,364,82063,6909,257892,13239,1005390,7275,1263282,California
Santa Clara,2021-05-18,26158,2217289,16681,1380911,9061,753899,416,82479,7314,246917,18706,1024096,7731,1271013,California
Santa Clara,2021-05-19,24640,2241929,14394,1395305,9823,763722,423,82902,7510,237838,17019,1041115,7940,1278953,California
Santa Clara,2021-05-20,18385,2260314,12061,1407366,5875,769597,449,83351,6198,232381,12100,1053215,6643,1285596,California
Santa Clara,2021-05-21,22319,2282633,14825,1422191,6996,776593,498,83849,7667,226017,14543,1067758,8179,1293775,California
Santa Clara,2021-05-22,12861,2295494,9738,1431929,2774,779367,349,84198,5619,224813,7177,1074935,5973,1299748,California
Santa Clara,2021-05-23,8157,2303651,6032,1437961,1924,781291,201,84399,3263,223432,4848,1079783,3467,1303215,California
Santa Clara,2021-05-24,10289,2313940,7290,1445251,2545,783836,454,84853,3550,220760,6677,1086460,4005,1307220,California
Santa Clara,2021-05-25,11491,2325431,7970,1453221,3102,786938,419,85272,4476,218712,6941,1093401,4893,1312113,California
Santa Clara,2021-05-26,10390,2335821,6740,1459961,3316,790254,334,85606,4012,216776,6276,1099677,4340,1316453,California
Santa Clara,2021-05-27,9376,2345197,6011,1465972,2893,793147,472,86078,3603,215139,5706,1105383,4069,1320522,California
Santa Clara,2021-05-28,10881,2356078,7069,1473041,3387,796534,425,86503,4505,213760,6311,1111694,4932,1325454,California
Santa Clara,2021-05-29,6303,2362381,4305,1477346,1716,798250,282,86785,2894,213562,3370,1115064,3172,1328626,California
Santa Clara,2021-05-30,3809,2366190,2864,1480210,735,798985,210,86995,1823,213636,1958,1117022,2032,1330658,California
Santa Clara,2021-05-31,1093,2367283,628,1480838,356,799341,109,87104,440,213538,647,1117669,549,1331207,California
Santa Clara,2021-06-01,9051,2376334,6373,1487211,2296,801637,382,87486,3286,211508,5696,1123365,3666,1334873,California
Santa Clara,2021-06-02,7649,2383983,5517,1492728,1780,803417,352,87838,2967,210191,4627,1127992,3310,1338183,California
Santa Clara,2021-06-03,12227,2396210,10125,1502853,1733,805150,369,88207,2772,203936,9399,1137391,3144,1341327,California
Santa Clara,2021-06-04,13588,2409798,11398,1514251,1874,807024,316,88523,3403,197525,10123,1147514,3712,1345039,California
Santa Clara,2021-06-05,10471,2420269,9017,1523268,1197,808221,257,88780,2235,191830,8185,1155699,2490,1347529,California
Santa Clara,2021-06-06,6877,2427146,6127,1529395,596,808817,154,88934,1425,188010,5398,1161097,1578,1349107,California
Santa Clara,2021-06-07,9916,2437062,8365,1537760,1310,810127,241,89175,2405,183178,7476,1168573,2644,1351751,California
Santa Clara,2021-06-08,9163,2446225,7495,1545255,1398,811525,270,89445,2499,179339,6605,1175178,2766,1354517,California
Santa Clara,2021-06-09,9475,2455700,7919,1553174,1305,812830,251,89696,2259,174688,7156,1182334,2505,1357022,California
Santa Clara,2021-06-10,8297,2463997,6893,1560067,1078,813908,326,90022,2275,171316,5970,1188304,2598,1359620,California
Santa Clara,2021-06-11,10195,2474192,8662,1568729,1254,815162,279,90301,2521,166491,7625,1195929,2800,1362420,California
Santa Clara,2021-06-12,7131,2481323,5943,1574672,1023,816185,165,90466,1700,162968,5388,1201317,1865,1364285,California
Santa Clara,2021-06-13,3656,2484979,2952,1577624,594,816779,110,90576,872,161189,2763,1204080,984,1365269,California
Santa Clara,2021-06-14,5922,2490901,4812,1582436,883,817662,227,90803,2108,159743,3781,1207861,2335,1367604,California
Santa Clara,2021-06-15,7354,2498255,5964,1588400,1088,818750,302,91105,2090,156919,5218,1213079,2394,1369998,California
Santa Clara,2021-06-16,6359,2504614,5150,1593550,898,819648,311,91416,2110,155138,4203,1217282,2422,1372420,California
Santa Clara,2021-06-17,5340,2509954,4329,1597879,770,820418,241,91657,1834,153776,3433,1220715,2071,1374491,California
Santa Clara,2021-06-18,5445,2515399,4396,1602275,872,821290,177,91834,1806,152199,3559,1224274,1982,1376473,California
Santa Clara,2021-06-19,4495,2519894,3596,1605871,701,821991,198,92032,1283,150503,3177,1227451,1481,1377954,California
Santa Clara,2021-06-20,2130,2522024,1749,1607620,317,822308,64,92096,682,149816,1433,1228884,746,1378700,California
Santa Clara,2021-06-21,3609,2525633,2711,1610331,665,822973,233,92329,1764,149994,1816,1230700,1994,1380694,California
Santa Clara,2021-06-22,2931,2528564,2291,1612622,463,823436,177,92506,966,149194,1941,1232641,1141,1381835,California
Santa Cruz,2020-12-15,2,2,2,2,0,0,0,0,2,2,0,0,2,2,California
Santa Cruz,2020-12-16,55,57,55,57,0,0,0,0,55,57,0,0,55,57,California
Santa Cruz,2020-12-17,380,437,380,437,0,0,0,0,380,437,0,0,380,437,California
Santa Cruz,2020-12-18,445,882,445,882,0,0,0,0,445,882,0,0,445,882,California
Santa Cruz,2020-12-19,168,1050,167,1049,1,1,0,0,168,1050,0,0,168,1050,California
Santa Cruz,2020-12-20,89,1139,89,1138,0,1,0,0,89,1139,0,0,89,1139,California
Santa Cruz,2020-12-21,428,1567,427,1565,1,2,0,0,428,1567,0,0,428,1567,California
Santa Cruz,2020-12-22,401,1968,400,1965,1,3,0,0,401,1968,0,0,401,1968,California
Santa Cruz,2020-12-23,343,2311,305,2270,38,41,0,0,343,2311,0,0,343,2311,California
Santa Cruz,2020-12-24,117,2428,44,2314,73,114,0,0,117,2428,0,0,117,2428,California
Santa Cruz,2020-12-25,7,2435,7,2321,0,114,0,0,7,2435,0,0,7,2435,California
Santa Cruz,2020-12-26,59,2494,42,2363,17,131,0,0,59,2494,0,0,59,2494,California
Santa Cruz,2020-12-27,30,2524,25,2388,5,136,0,0,30,2524,0,0,30,2524,California
Santa Cruz,2020-12-28,460,2984,102,2490,358,494,0,0,460,2984,0,0,460,2984,California
Santa Cruz,2020-12-29,766,3750,357,2847,409,903,0,0,766,3750,0,0,766,3750,California
Santa Cruz,2020-12-30,331,4081,157,3004,174,1077,0,0,331,4081,0,0,331,4081,California
Santa Cruz,2020-12-31,303,4384,10,3014,293,1370,0,0,303,4384,0,0,303,4384,California
Santa Cruz,2021-01-01,33,4417,1,3015,32,1402,0,0,33,4417,0,0,33,4417,California
Santa Cruz,2021-01-02,63,4480,50,3065,13,1415,0,0,63,4480,0,0,63,4480,California
Santa Cruz,2021-01-03,14,4494,6,3071,8,1423,0,0,14,4494,0,0,14,4494,California
Santa Cruz,2021-01-04,271,4765,120,3191,151,1574,0,0,269,4763,0,0,269,4763,California
Santa Cruz,2021-01-05,549,5314,423,3614,126,1700,0,0,251,4716,298,298,251,5014,California
Santa Cruz,2021-01-06,776,6090,649,4263,127,1827,0,0,449,4839,326,624,449,5463,California
Santa Cruz,2021-01-07,509,6599,196,4459,313,2140,0,0,362,5055,147,771,363,5826,California
Santa Cruz,2021-01-08,893,7492,542,5001,351,2491,0,0,464,5091,429,1200,465,6291,California
Santa Cruz,2021-01-09,439,7931,113,5114,326,2817,0,0,391,5434,48,1248,391,6682,California
Santa Cruz,2021-01-10,68,7999,60,5174,8,2825,0,0,18,5402,50,1298,18,6700,California
Santa Cruz,2021-01-11,694,8693,569,5743,125,2950,0,0,177,5063,517,1815,178,6878,California
Santa Cruz,2021-01-12,693,9386,509,6252,184,3134,0,0,456,5282,237,2052,456,7334,California
Santa Cruz,2021-01-13,479,9865,219,6471,260,3394,0,0,399,5604,77,2129,399,7733,California
Santa Cruz,2021-01-14,504,10369,96,6567,408,3802,0,0,445,5990,59,2188,445,8178,California
Santa Cruz,2021-01-15,1389,11758,71,6638,1318,5120,0,0,1328,7259,61,2249,1330,9508,California
Santa Cruz,2021-01-16,403,12161,45,6683,358,5478,0,0,387,7630,16,2265,387,9895,California
Santa Cruz,2021-01-17,288,12449,40,6723,248,5726,0,0,264,7870,24,2289,264,10159,California
Santa Cruz,2021-01-18,968,13417,93,6816,875,6601,0,0,911,8724,57,2346,911,11070,California
Santa Cruz,2021-01-19,1581,14998,508,7324,1073,7674,0,0,1243,9632,336,2682,1244,12314,California
Santa Cruz,2021-01-20,1203,16201,166,7490,1037,8711,0,0,1012,10456,188,2870,1012,13326,California
Santa Cruz,2021-01-21,1629,17830,186,7676,1443,10154,0,0,1527,11883,102,2972,1529,14855,California
Santa Cruz,2021-01-22,1723,19553,505,8181,1218,11372,0,0,1621,13406,99,3071,1622,16477,California
Santa Cruz,2021-01-23,376,19929,132,8313,244,11616,0,0,324,13678,52,3123,324,16801,California
Santa Cruz,2021-01-24,104,20033,16,8329,88,11704,0,0,87,13748,17,3140,87,16888,California
Santa Cruz,2021-01-25,1003,21036,351,8680,652,12356,0,0,515,13775,488,3628,515,17403,California
Santa Cruz,2021-01-26,1615,22651,235,8915,1380,13736,0,0,1127,14414,488,4116,1127,18530,California
Santa Cruz,2021-01-27,1596,24247,431,9346,1165,14901,0,0,1223,15266,371,4487,1223,19753,California
Santa Cruz,2021-01-28,1685,25932,273,9619,1412,16313,0,0,1418,16418,267,4754,1419,21172,California
Santa Cruz,2021-01-29,1683,27615,474,10093,1209,17522,0,0,1561,17858,121,4875,1561,22733,California
Santa Cruz,2021-01-30,1044,28659,304,10397,740,18262,0,0,912,18638,132,5007,912,23645,California
Santa Cruz,2021-01-31,212,28871,109,10506,103,18365,0,0,198,18822,14,5021,198,23843,California
Santa Cruz,2021-02-01,1179,30050,725,11231,454,18819,0,0,792,19227,387,5408,792,24635,California
Santa Cruz,2021-02-02,934,30984,113,11344,821,19640,0,0,791,19878,141,5549,792,25427,California
Santa Cruz,2021-02-03,2132,33116,901,12245,1231,20871,0,0,1833,21415,296,5845,1833,27260,California
Santa Cruz,2021-02-04,1753,34869,730,12975,1023,21894,0,0,1427,22518,325,6170,1428,28688,California
Santa Cruz,2021-02-05,3022,37891,720,13695,2302,24196,0,0,2727,24951,294,6464,2727,31415,California
Santa Cruz,2021-02-06,2491,40382,138,13833,2353,26549,0,0,2162,26784,329,6793,2162,33577,California
Santa Cruz,2021-02-07,883,41265,118,13951,765,27314,0,0,865,27631,18,6811,865,34442,California
Santa Cruz,2021-02-08,649,41914,180,14131,469,27783,0,0,470,27923,178,6989,470,34912,California
Santa Cruz,2021-02-09,2267,44181,1017,15148,1250,29033,0,0,2019,29694,248,7237,2019,36931,California
Santa Cruz,2021-02-10,2066,46247,532,15680,1534,30567,0,0,1411,30464,644,7881,1414,38345,California
Santa Cruz,2021-02-11,1723,47970,281,15961,1442,32009,0,0,1254,31252,467,8348,1255,39600,California
Santa Cruz,2021-02-12,3057,51027,399,16360,2658,34667,0,0,1713,31635,1335,9683,1718,41318,California
Santa Cruz,2021-02-13,1635,52662,116,16476,1519,36186,0,0,1244,32488,391,10074,1244,42562,California
Santa Cruz,2021-02-14,1349,54011,66,16542,1283,37469,0,0,1096,33331,253,10327,1096,43658,California
Santa Cruz,2021-02-15,1505,55516,265,16807,1240,38709,0,0,522,32871,983,11310,523,44181,California
Santa Cruz,2021-02-16,1619,57135,193,17000,1426,40135,0,0,488,32252,1109,12419,490,44671,California
Santa Cruz,2021-02-17,2787,59922,926,17926,1861,41996,0,0,1134,31749,1640,14059,1137,45808,California
Santa Cruz,2021-02-18,2746,62668,595,18521,2151,44147,0,0,1174,31355,1568,15627,1174,46982,California
Santa Cruz,2021-02-19,3119,65787,1086,19607,2033,46180,0,0,1920,32079,1196,16823,1920,48902,California
Santa Cruz,2021-02-20,2260,68047,1415,21022,845,47025,0,0,1774,33367,486,17309,1774,50676,California
Santa Cruz,2021-02-21,801,68848,345,21367,456,47481,0,0,674,33916,125,17434,674,51350,California
Santa Cruz,2021-02-22,1141,69989,882,22249,259,47740,0,0,484,33745,655,18089,484,51834,California
Santa Cruz,2021-02-23,1991,71980,883,23132,1108,48848,0,0,665,33085,1325,19414,665,52499,California
Santa Cruz,2021-02-24,3053,75033,1591,24723,1462,50310,0,0,1151,32339,1897,21311,1151,53650,California
Santa Cruz,2021-02-25,3077,78110,1338,26061,1739,52049,0,0,1703,32678,1366,22677,1705,55355,California
Santa Cruz,2021-02-26,2605,80715,696,26757,1909,53958,0,0,1483,33045,1117,23794,1484,56839,California
Santa Cruz,2021-02-27,2555,83270,888,27645,1667,55625,0,0,1787,34066,766,24560,1787,58626,California
Santa Cruz,2021-02-28,1247,84517,350,27995,897,56522,0,0,1049,34920,195,24755,1049,59675,California
Santa Cruz,2021-03-01,1800,86317,1184,29179,616,57138,0,0,652,34425,1147,25902,652,60327,California
Santa Cruz,2021-03-02,1413,87730,324,29503,1089,58227,0,0,787,34590,625,26527,790,61117,California
Santa Cruz,2021-03-03,2218,89948,585,30088,1633,59860,0,0,1204,34783,1011,27538,1204,62321,California
Santa Cruz,2021-03-04,2792,92740,1344,31432,1447,61307,1,1,1867,35738,914,28452,1869,64190,California
Santa Cruz,2021-03-05,2513,95253,438,31870,2058,63365,17,18,1078,35401,1432,29884,1095,65285,California
Santa Cruz,2021-03-06,3614,98867,1192,33062,2323,65688,99,117,1964,35814,1650,31534,2063,67348,California
Santa Cruz,2021-03-07,1308,100175,115,33177,1124,66812,69,186,537,35651,769,32303,606,67954,California
Santa Cruz,2021-03-08,1031,101206,201,33378,703,67515,127,313,621,35987,410,32713,746,68700,California
Santa Cruz,2021-03-09,1657,102863,231,33609,1284,68799,142,455,643,35761,1011,33724,785,69485,California
Santa Cruz,2021-03-10,3703,106566,2045,35654,1521,70320,137,592,1929,36057,1772,35496,2068,71553,California
Santa Cruz,2021-03-11,2690,109256,1179,36833,1345,71665,166,758,1506,36549,1183,36679,1675,73228,California
Santa Cruz,2021-03-12,2602,111858,834,37667,1497,73162,271,1029,876,35973,1722,38401,1146,74374,California
Santa Cruz,2021-03-13,2155,114013,1247,38914,872,74034,36,1065,1104,36067,1048,39449,1142,75516,California
Santa Cruz,2021-03-14,838,114851,177,39091,648,74682,13,1078,405,36053,431,39880,417,75933,California
Santa Cruz,2021-03-15,1242,116093,438,39529,773,75455,31,1109,540,35927,698,40578,572,76505,California
Santa Cruz,2021-03-16,2187,118280,1047,40576,1098,76553,42,1151,1264,36313,918,41496,1304,77809,California
Santa Cruz,2021-03-17,3767,122047,2258,42834,1499,78052,10,1161,2475,37515,1286,42782,2488,80297,California
Santa Cruz,2021-03-18,3674,125721,1974,44808,1588,79640,112,1273,1953,37862,1718,44500,2065,82362,California
Santa Cruz,2021-03-19,3223,128944,1276,46084,1743,81383,204,1477,1688,38223,1531,46031,1892,84254,California
Santa Cruz,2021-03-20,2147,131091,1592,47676,490,81873,65,1542,1049,38240,1097,47128,1114,85368,California
Santa Cruz,2021-03-21,800,131891,435,48111,243,82116,122,1664,423,38411,375,47503,546,85914,California
Santa Cruz,2021-03-22,1250,133141,764,48875,464,82580,22,1686,880,38946,367,47870,902,86816,California
Santa Cruz,2021-03-23,2429,135570,1345,50220,1035,83615,49,1735,1616,39800,811,48681,1665,88481,California
Santa Cruz,2021-03-24,2893,138463,1968,52188,905,84520,20,1755,1900,40732,987,49668,1919,90400,California
Santa Cruz,2021-03-25,2487,140950,1250,53438,1205,85725,32,1787,1253,40787,1230,50898,1285,91685,California
Santa Cruz,2021-03-26,2921,143871,1687,55125,1209,86934,25,1812,2001,41899,913,51811,2025,93710,California
Santa Cruz,2021-03-27,2968,146839,1832,56957,1113,88047,23,1835,1399,41763,1559,53370,1423,95133,California
Santa Cruz,2021-03-28,868,147707,529,57486,325,88372,14,1849,445,41803,419,53789,459,95592,California
Santa Cruz,2021-03-29,1865,149572,808,58294,990,89362,67,1916,1182,42372,680,54469,1249,96841,California
Santa Cruz,2021-03-30,2498,152070,738,59032,1612,90974,148,2064,1608,43240,888,55357,1756,98597,California
Santa Cruz,2021-03-31,3944,156014,2689,61721,1212,92186,43,2107,2052,43446,1889,57246,2095,100692,California
Santa Cruz,2021-04-01,3784,159798,2050,63771,1629,93815,105,2212,1918,43610,1859,59105,2023,102715,California
Santa Cruz,2021-04-02,3100,162898,1311,65082,1624,95439,165,2377,1740,44158,1357,60462,1905,104620,California
Santa Cruz,2021-04-03,2112,165010,1168,66250,829,96268,115,2492,822,43806,1288,61750,936,105556,California
Santa Cruz,2021-04-04,886,165896,459,66709,373,96641,54,2546,520,44014,366,62116,574,106130,California
Santa Cruz,2021-04-05,2147,168043,716,67425,1271,97912,160,2706,1322,44673,824,62940,1483,107613,California
Santa Cruz,2021-04-06,3183,171226,1551,68976,1275,99187,357,3063,1858,45567,1315,64255,2209,109822,California
Santa Cruz,2021-04-07,3906,175132,1526,70502,2045,101232,335,3398,1676,45350,2227,66482,2010,111832,California
Santa Cruz,2021-04-08,4003,179135,2172,72674,1354,102586,477,3875,2352,46534,1643,68125,2827,114659,California
Santa Cruz,2021-04-09,3546,182681,1424,74098,1746,104332,376,4251,1996,47364,1543,69668,2373,117032,California
Santa Cruz,2021-04-10,2090,184771,985,75083,885,105217,220,4471,970,47437,1116,70784,1189,118221,California
Santa Cruz,2021-04-11,892,185663,444,75527,364,105581,84,4555,404,47437,488,71272,488,118709,California
Santa Cruz,2021-04-12,2165,187828,746,76273,1029,106610,390,4945,1040,47756,1111,72383,1430,120139,California
Santa Cruz,2021-04-13,2754,190582,1361,77634,1392,108002,1,4946,1560,48132,1185,73568,1561,121700,California
Santa Cruz,2021-04-14,4408,194990,2088,79722,2320,110322,0,4946,2150,48036,2248,75816,2152,123852,California
Santa Cruz,2021-04-15,4808,199798,3043,82765,1765,112087,0,4946,3059,49360,1735,77551,3059,126911,California
Santa Cruz,2021-04-16,4222,204020,2288,85053,1932,114019,2,4948,2275,49698,1940,79491,2278,129189,California
Santa Cruz,2021-04-17,2123,206143,838,85891,1285,115304,0,4948,1396,50375,724,80215,1401,130590,California
Santa Cruz,2021-04-18,983,207126,469,86360,513,115817,1,4949,557,50510,423,80638,558,131148,California
Santa Cruz,2021-04-19,2412,209538,1416,87776,995,116812,1,4950,1534,51169,875,81513,1534,132682,California
Santa Cruz,2021-04-20,2960,212498,1539,89315,1421,118233,0,4950,1720,51661,1229,82742,1721,134403,California
Santa Cruz,2021-04-21,3931,216429,2624,91939,1307,119540,0,4950,2115,51979,1798,84540,2116,136519,California
Santa Cruz,2021-04-22,4071,220500,2759,94698,1312,120852,0,4950,2291,52500,1771,86311,2292,138811,California
Santa Cruz,2021-04-23,2990,223490,1603,96301,1386,122238,1,4951,1305,52130,1675,87986,1305,140116,California
Santa Cruz,2021-04-24,2116,225606,1029,97330,1084,123322,3,4954,661,51348,1446,89432,664,140780,California
Santa Cruz,2021-04-25,1026,226632,650,97980,364,123686,12,4966,413,51167,605,90037,424,141204,California
Santa Cruz,2021-04-26,1967,228599,936,98916,1015,124701,16,4982,823,50873,1134,91171,840,142044,California
Santa Cruz,2021-04-27,2812,231411,881,99797,1851,126552,80,5062,1404,50955,1400,92571,1482,143526,California
Santa Cruz,2021-04-28,3259,234670,1797,101594,1388,127940,74,5136,1717,51212,1531,94102,1788,145314,California
Santa Cruz,2021-04-29,3544,238214,2354,103948,1131,129071,59,5195,1249,50234,2286,96388,1308,146622,California
Santa Cruz,2021-04-30,2246,240460,1128,105076,1076,130147,42,5237,959,49956,1280,97668,1002,147624,California
Santa Cruz,2021-05-01,1192,241652,944,106020,217,130364,31,5268,585,49968,604,98272,616,148240,California
Santa Cruz,2021-05-02,557,242209,386,106406,146,130510,25,5293,199,49835,358,98630,225,148465,California
Santa Cruz,2021-05-03,1810,244019,908,107314,839,131349,63,5356,629,49358,1170,99800,693,149158,California
Santa Cruz,2021-05-04,2526,246545,1453,108767,1007,132356,66,5422,838,48575,1685,101485,902,150060,California
Santa Cruz,2021-05-05,2599,249144,1269,110036,1251,133607,79,5501,689,47476,1871,103356,772,150832,California
Santa Cruz,2021-05-06,3670,252814,2328,112364,1131,134738,211,5712,828,45687,2825,106181,1036,151868,California
Santa Cruz,2021-05-07,2551,255365,1103,113467,1371,136109,77,5789,413,44047,2132,108313,492,152360,California
Santa Cruz,2021-05-08,1282,256647,625,114092,629,136738,28,5817,359,43511,923,109236,387,152747,California
Santa Cruz,2021-05-09,493,257140,310,114402,161,136899,22,5839,153,43348,338,109574,175,152922,California
Santa Cruz,2021-05-10,1956,259096,1152,115554,746,137645,58,5897,393,42244,1555,111129,451,153373,California
Santa Cruz,2021-05-11,2268,261364,1263,116817,922,138567,83,5980,621,41304,1643,112772,703,154076,California
Santa Cruz,2021-05-12,2984,264348,1238,118055,1670,140237,76,6056,538,39481,2438,115210,615,154691,California
Santa Cruz,2021-05-13,3745,268093,2506,120561,1149,141386,90,6146,1334,38500,2407,117617,1426,156117,California
Santa Cruz,2021-05-14,2809,270902,1514,122075,1258,142644,37,6183,1065,37866,1737,119354,1103,157220,California
Santa Cruz,2021-05-15,2193,273095,1274,123349,908,143552,11,6194,1075,37837,1115,120469,1086,158306,California
Santa Cruz,2021-05-16,686,273781,338,123687,329,143881,19,6213,207,37586,478,120947,227,158533,California
Santa Cruz,2021-05-17,1445,275226,724,124411,654,144535,67,6280,505,37219,939,121886,572,159105,California
Santa Cruz,2021-05-18,2170,277396,1317,125728,830,145365,23,6303,1064,37205,1101,122987,1087,160192,California
Santa Cruz,2021-05-19,2951,280347,1790,127518,1126,146491,35,6338,1292,36881,1651,124638,1327,161519,California
Santa Cruz,2021-05-20,3249,283596,2325,129843,778,147269,146,6484,1537,36858,1706,126344,1683,163202,California
Santa Cruz,2021-05-21,1681,285277,861,130704,739,148008,81,6565,592,36448,1083,127427,673,163875,California
Santa Cruz,2021-05-22,1686,286963,1303,132007,373,148381,10,6575,586,35949,1096,128523,597,164472,California
Santa Cruz,2021-05-23,444,287407,245,132252,180,148561,19,6594,141,35808,301,128824,160,164632,California
Santa Cruz,2021-05-24,1110,288517,634,132886,401,148962,75,6669,290,35361,812,129636,365,164997,California
Santa Cruz,2021-05-25,2189,290706,1259,134145,887,149849,43,6712,448,34254,1597,131233,490,165487,California
Santa Cruz,2021-05-26,1649,292355,764,134909,842,150691,43,6755,461,33581,1177,132410,504,165991,California
Santa Cruz,2021-05-27,1255,293610,682,135591,473,151164,100,6855,443,33318,806,133216,543,166534,California
Santa Cruz,2021-05-28,814,294424,358,135949,426,151590,30,6885,353,33249,453,133669,384,166918,California
Santa Cruz,2021-05-29,568,294992,321,136270,238,151828,9,6894,326,33343,241,133910,335,167253,California
Santa Cruz,2021-05-30,228,295220,113,136383,103,151931,12,6906,91,33311,134,134044,102,167355,California
Santa Cruz,2021-05-31,143,295363,62,136445,80,152011,1,6907,45,33260,97,134141,46,167401,California
Santa Cruz,2021-06-01,881,296244,544,136989,330,152341,7,6914,327,33042,552,134693,334,167735,California
Santa Cruz,2021-06-02,861,297105,506,137495,316,152657,39,6953,342,32909,514,135207,381,168116,California
Santa Cruz,2021-06-03,2190,299295,1485,138980,668,153325,37,6990,521,31808,1659,136866,558,168674,California
Santa Cruz,2021-06-04,1007,300302,686,139666,290,153615,31,7021,242,31324,758,137624,274,168948,California
Santa Cruz,2021-06-05,971,301273,788,140454,178,153793,5,7026,174,30709,794,138418,179,169127,California
Santa Cruz,2021-06-06,362,301635,259,140713,86,153879,17,7043,113,30593,246,138664,130,169257,California
Santa Cruz,2021-06-07,794,302429,584,141297,180,154059,30,7073,215,30260,578,139242,245,169502,California
Santa Cruz,2021-06-08,1396,303825,1113,142410,258,154317,25,7098,296,29485,1097,140339,322,169824,California
Santa Cruz,2021-06-09,1391,305216,1096,143506,278,154595,17,7115,274,28667,1110,141449,292,170116,California
Santa Cruz,2021-06-10,1910,307126,1567,145073,279,154874,64,7179,337,27497,1568,143017,398,170514,California
Santa Cruz,2021-06-11,794,307920,491,145564,272,155146,31,7210,276,27290,512,143529,305,170819,California
Santa Cruz,2021-06-12,955,308875,838,146402,111,155257,6,7216,161,26665,792,144321,167,170986,California
Santa Cruz,2021-06-13,189,309064,126,146528,44,155301,19,7235,28,26551,161,144482,47,171033,California
Santa Cruz,2021-06-14,543,309607,349,146877,161,155462,33,7268,163,26369,377,144859,195,171228,California
Santa Cruz,2021-06-15,886,310493,648,147525,220,155682,18,7286,320,26144,564,145423,339,171567,California
Santa Cruz,2021-06-16,747,311240,544,148069,171,155853,32,7318,222,25876,521,145944,253,171820,California
Santa Cruz,2021-06-17,754,311994,587,148656,132,155985,35,7353,282,25722,470,146414,316,172136,California
Santa Cruz,2021-06-18,605,312599,377,149033,200,156185,28,7381,266,25681,335,146749,294,172430,California
Santa Cruz,2021-06-19,320,312919,254,149287,62,156247,4,7385,114,25596,203,146952,118,172548,California
Santa Cruz,2021-06-20,154,313073,109,149396,28,156275,17,7402,66,25591,88,147040,83,172631,California
Santa Cruz,2021-06-21,329,313402,238,149634,79,156354,12,7414,171,25618,156,147196,183,172814,California
Santa Cruz,2021-06-22,327,313729,247,149881,56,156410,24,7438,122,25560,204,147400,146,172960,California
Shasta,2020-12-15,1,1,1,1,0,0,0,0,1,1,0,0,1,1,California
Shasta,2020-12-16,132,133,132,133,0,0,0,0,132,133,0,0,132,133,California
Shasta,2020-12-17,417,550,417,550,0,0,0,0,417,550,0,0,417,550,California
Shasta,2020-12-18,163,713,163,713,0,0,0,0,163,713,0,0,163,713,California
Shasta,2020-12-19,1,714,1,714,0,0,0,0,1,714,0,0,1,714,California
Shasta,2020-12-21,68,782,68,782,0,0,0,0,68,782,0,0,68,782,California
Shasta,2020-12-22,184,966,179,961,5,5,0,0,184,966,0,0,184,966,California
Shasta,2020-12-23,168,1134,164,1125,4,9,0,0,168,1134,0,0,168,1134,California
Shasta,2020-12-24,25,1159,25,1150,0,9,0,0,25,1159,0,0,25,1159,California
Shasta,2020-12-26,4,1163,1,1151,3,12,0,0,4,1163,0,0,4,1163,California
Shasta,2020-12-27,2,1165,1,1152,1,13,0,0,2,1165,0,0,2,1165,California
Shasta,2020-12-28,37,1202,28,1180,9,22,0,0,37,1202,0,0,37,1202,California
Shasta,2020-12-29,176,1378,175,1355,1,23,0,0,176,1378,0,0,176,1378,California
Shasta,2020-12-30,179,1557,171,1526,8,31,0,0,179,1557,0,0,179,1557,California
Shasta,2020-12-31,81,1638,2,1528,79,110,0,0,81,1638,0,0,81,1638,California
Shasta,2021-01-02,2,1640,0,1528,2,112,0,0,2,1640,0,0,2,1640,California
Shasta,2021-01-03,1,1641,1,1529,0,112,0,0,1,1641,0,0,1,1641,California
Shasta,2021-01-04,357,1998,299,1828,58,170,0,0,358,1999,0,0,358,1999,California
Shasta,2021-01-05,334,2332,312,2140,22,192,0,0,255,2175,79,79,255,2254,California
Shasta,2021-01-06,459,2791,389,2529,70,262,0,0,200,2116,259,338,200,2454,California
Shasta,2021-01-07,128,2919,43,2572,85,347,0,0,101,2190,27,365,101,2555,California
Shasta,2021-01-08,515,3434,440,3012,75,422,0,0,310,2295,205,570,310,2865,California
Shasta,2021-01-09,73,3507,64,3076,9,431,0,0,70,2362,3,573,70,2935,California
Shasta,2021-01-10,5,3512,0,3076,5,436,0,0,3,2365,2,575,5,2940,California
Shasta,2021-01-11,394,3906,179,3255,215,651,0,0,364,2699,30,605,364,3304,California
Shasta,2021-01-12,472,4378,315,3570,157,808,0,0,308,2843,164,769,308,3612,California
Shasta,2021-01-13,594,4972,268,3838,326,1134,0,0,425,3100,168,937,425,4037,California
Shasta,2021-01-14,491,5463,58,3896,433,1567,0,0,467,3543,24,961,467,4504,California
Shasta,2021-01-15,655,6118,136,4032,519,2086,0,0,654,4196,1,962,654,5158,California
Shasta,2021-01-16,886,7004,53,4085,833,2919,0,0,883,5076,3,965,883,6041,California
Shasta,2021-01-17,27,7031,6,4091,21,2940,0,0,23,5095,4,969,23,6064,California
Shasta,2021-01-18,596,7627,128,4219,468,3408,0,0,589,5677,7,976,589,6653,California
Shasta,2021-01-19,1051,8678,394,4613,657,4065,0,0,909,6444,142,1118,909,7562,California
Shasta,2021-01-20,664,9342,414,5027,250,4315,0,0,478,6741,181,1299,478,8040,California
Shasta,2021-01-21,617,9959,282,5309,335,4650,0,0,596,7316,21,1320,596,8636,California
Shasta,2021-01-22,428,10387,176,5485,252,4902,0,0,422,7732,6,1326,422,9058,California
Shasta,2021-01-23,57,10444,5,5490,52,4954,0,0,56,7787,1,1327,56,9114,California
Shasta,2021-01-24,23,10467,2,5492,21,4975,0,0,22,7808,1,1328,22,9136,California
Shasta,2021-01-25,735,11202,482,5974,253,5228,0,0,455,7984,279,1607,455,9591,California
Shasta,2021-01-26,692,11894,339,6313,353,5581,0,0,457,8208,233,1840,457,10048,California
Shasta,2021-01-27,449,12343,197,6510,252,5833,0,0,400,8560,48,1888,400,10448,California
Shasta,2021-01-28,861,13204,571,7081,290,6123,0,0,647,8993,214,2102,647,11095,California
Shasta,2021-01-29,804,14008,325,7406,479,6602,0,0,618,9426,186,2288,619,11714,California
Shasta,2021-01-30,602,14610,14,7420,588,7190,0,0,592,10008,10,2298,592,12306,California
Shasta,2021-01-31,27,14637,4,7424,23,7213,0,0,25,10031,2,2300,25,12331,California
Shasta,2021-02-01,533,15170,149,7573,384,7597,0,0,394,10286,139,2439,394,12725,California
Shasta,2021-02-02,978,16148,497,8070,481,8078,0,0,887,11084,89,2528,887,13612,California
Shasta,2021-02-03,692,16840,216,8286,476,8554,0,0,460,11312,232,2760,460,14072,California
Shasta,2021-02-04,1075,17915,683,8969,392,8946,0,0,887,12012,187,2947,887,14959,California
Shasta,2021-02-05,1250,19165,168,9137,1082,10028,0,0,1042,12847,207,3154,1042,16001,California
Shasta,2021-02-06,1724,20889,39,9176,1685,11713,0,0,1701,14525,23,3177,1701,17702,California
Shasta,2021-02-07,25,20914,3,9179,22,11735,0,0,23,14546,2,3179,23,17725,California
Shasta,2021-02-08,590,21504,168,9347,422,12157,0,0,307,14570,283,3462,307,18032,California
Shasta,2021-02-09,1114,22618,639,9986,475,12632,0,0,727,14911,387,3849,728,18760,California
Shasta,2021-02-10,1119,23737,797,10783,322,12954,0,0,598,14988,522,4371,599,19359,California
Shasta,2021-02-11,869,24606,184,10967,685,13639,0,0,353,14832,511,4882,355,19714,California
Shasta,2021-02-12,1751,26357,1201,12168,550,14189,0,0,1221,15523,530,5412,1221,20935,California
Shasta,2021-02-13,1344,27701,363,12531,981,15170,0,0,546,15271,799,6211,547,21482,California
Shasta,2021-02-14,146,27847,4,12535,142,15312,0,0,123,15371,23,6234,123,21605,California
Shasta,2021-02-15,376,28223,98,12633,278,15590,0,0,209,15413,167,6401,209,21814,California
Shasta,2021-02-16,1188,29411,513,13146,675,16265,0,0,421,15068,766,7167,421,22235,California
Shasta,2021-02-17,1030,30441,459,13605,571,16836,0,0,418,14874,612,7779,418,22653,California
Shasta,2021-02-18,939,31380,475,14080,464,17300,0,0,456,14848,483,8262,457,23110,California
Shasta,2021-02-19,1325,32705,945,15025,380,17680,0,0,869,15261,456,8718,869,23979,California
Shasta,2021-02-20,783,33488,88,15113,695,18375,0,0,295,15068,488,9206,295,24274,California
Shasta,2021-02-21,29,33517,3,15116,26,18401,0,0,9,15057,20,9226,9,24283,California
Shasta,2021-02-22,428,33945,79,15195,349,18750,0,0,181,14992,246,9472,181,24464,California
Shasta,2021-02-23,903,34848,466,15661,437,19187,0,0,323,14735,580,10052,323,24787,California
Shasta,2021-02-24,853,35701,499,16160,354,19541,0,0,265,14413,587,10639,265,25052,California
Shasta,2021-02-25,519,36220,188,16348,331,19872,0,0,174,14243,344,10983,174,25226,California
Shasta,2021-02-26,771,36991,103,16451,668,20540,0,0,337,14147,433,11416,337,25563,California
Shasta,2021-02-27,790,37781,26,16477,764,21304,0,0,185,13729,603,12019,185,25748,California
Shasta,2021-02-28,178,37959,4,16481,174,21478,0,0,129,13809,49,12068,129,25877,California
Shasta,2021-03-01,593,38552,59,16540,534,22012,0,0,298,13813,294,12362,298,26175,California
Shasta,2021-03-02,1019,39571,470,17010,549,22561,0,0,335,13465,683,13045,335,26510,California
Shasta,2021-03-03,675,40246,181,17191,494,23055,0,0,241,13272,434,13479,241,26751,California
Shasta,2021-03-04,2950,43196,2388,19579,562,23617,0,0,1704,13734,1243,14722,1705,28456,California
Shasta,2021-03-05,1532,44728,160,19739,1343,24960,29,29,777,13784,756,15478,806,29262,California
Shasta,2021-03-06,2687,47415,379,20118,2264,27224,44,73,844,12831,1841,17319,888,30150,California
Shasta,2021-03-07,92,47507,4,20122,56,27280,32,105,38,12847,54,17373,70,30220,California
Shasta,2021-03-08,565,48072,55,20177,373,27653,137,242,155,12731,408,17781,292,30512,California
Shasta,2021-03-09,1214,49286,589,20766,451,28104,174,416,660,13011,553,18334,833,31345,California
Shasta,2021-03-10,791,50077,254,21020,335,28439,202,618,141,12703,649,18983,341,31686,California
Shasta,2021-03-11,1507,51584,467,21487,784,29223,256,874,907,13269,597,19580,1163,32849,California
Shasta,2021-03-12,1536,53120,848,22335,447,29670,241,1115,399,12771,1136,20716,638,33487,California
Shasta,2021-03-13,747,53867,423,22758,225,29895,99,1214,473,13068,273,20989,570,34057,California
Shasta,2021-03-14,1002,54869,8,22766,972,30867,22,1236,866,13822,136,21125,890,34947,California
Shasta,2021-03-15,483,55352,39,22805,351,31218,93,1329,208,13847,275,21400,300,35247,California
Shasta,2021-03-16,1112,56464,143,22948,900,32118,69,1398,830,14464,282,21682,899,36146,California
Shasta,2021-03-17,706,57170,180,23128,467,32585,59,1457,369,14563,329,22011,428,36574,California
Shasta,2021-03-18,1514,58684,587,23715,826,33411,101,1558,1086,15326,424,22435,1187,37761,California
Shasta,2021-03-19,627,59311,204,23919,366,33777,57,1615,387,15531,239,22674,444,38205,California
Shasta,2021-03-20,728,60039,480,24399,237,34014,11,1626,588,15990,140,22814,599,38804,California
Shasta,2021-03-21,313,60352,298,24697,4,34018,11,1637,286,16261,26,22840,297,39101,California
Shasta,2021-03-22,336,60688,34,24731,267,34285,35,1672,194,16349,141,22981,229,39330,California
Shasta,2021-03-23,1306,61994,651,25382,596,34881,59,1731,760,16627,541,23522,819,40149,California
Shasta,2021-03-24,610,62604,164,25546,410,35291,36,1767,370,16794,239,23761,406,40555,California
Shasta,2021-03-25,1095,63699,414,25960,660,35951,21,1788,777,17277,316,24077,799,41354,California
Shasta,2021-03-26,1778,65477,1356,27316,392,36343,30,1818,1421,18372,357,24434,1452,42806,California
Shasta,2021-03-27,1523,67000,359,27675,304,36647,860,2678,523,18753,998,25432,1379,44185,California
Shasta,2021-03-28,399,67399,296,27971,93,36740,10,2688,298,18962,99,25531,308,44493,California
Shasta,2021-03-29,416,67815,40,28011,365,37105,11,2699,162,18882,253,25784,173,44666,California
Shasta,2021-03-30,1201,69016,743,28754,441,37546,17,2716,597,18895,601,26385,614,45280,California
Shasta,2021-03-31,611,69627,200,28954,404,37950,7,2723,368,19031,239,26624,375,45655,California
Shasta,2021-04-01,865,70492,226,29180,626,38576,13,2736,544,19269,319,26943,557,46212,California
Shasta,2021-04-02,713,71205,172,29352,488,39064,53,2789,382,19375,329,27272,435,46647,California
Shasta,2021-04-03,500,71705,358,29710,126,39190,16,2805,381,19653,119,27391,397,47044,California
Shasta,2021-04-04,286,71991,172,29882,94,39284,20,2825,213,19813,73,27464,233,47277,California
Shasta,2021-04-05,427,72418,66,29948,307,39591,54,2879,249,19938,178,27642,303,47580,California
Shasta,2021-04-06,1111,73529,479,30427,465,40056,167,3046,533,20064,573,28215,699,48279,California
Shasta,2021-04-07,623,74152,187,30614,280,40336,156,3202,234,20068,385,28600,389,48668,California
Shasta,2021-04-08,1116,75268,256,30870,704,41040,156,3358,202,19514,911,29511,357,49025,California
Shasta,2021-04-09,2548,77816,2043,32913,299,41339,206,3564,1982,21139,559,30070,2184,51209,California
Shasta,2021-04-10,859,78675,577,33490,154,41493,128,3692,256,20919,602,30672,382,51591,California
Shasta,2021-04-11,1233,79908,392,33882,821,42314,20,3712,139,19988,1090,31762,159,51750,California
Shasta,2021-04-12,332,80240,8,33890,265,42579,59,3771,94,19903,237,31999,152,51902,California
Shasta,2021-04-13,1243,81483,360,34250,881,43460,2,3773,336,19338,902,32901,337,52239,California
Shasta,2021-04-14,573,82056,149,34399,422,43882,2,3775,218,19204,354,33255,220,52459,California
Shasta,2021-04-15,1052,83108,249,34648,802,44684,1,3776,302,18761,745,34000,302,52761,California
Shasta,2021-04-16,2267,85375,1799,36447,468,45152,0,3776,929,18354,1336,35336,929,53690,California
Shasta,2021-04-17,606,85981,385,36832,221,45373,0,3776,178,18105,428,35764,179,53869,California
Shasta,2021-04-18,264,86245,238,37070,26,45399,0,3776,33,17909,229,35993,33,53902,California
Shasta,2021-04-19,372,86617,29,37099,343,45742,0,3776,159,17855,213,36206,159,54061,California
Shasta,2021-04-20,962,87579,209,37308,753,46495,0,3776,357,17610,603,36809,358,54419,California
Shasta,2021-04-21,569,88148,191,37499,378,46873,0,3776,296,17633,273,37082,296,54715,California
Shasta,2021-04-22,925,89073,255,37754,670,47543,0,3776,295,17300,628,37710,295,55010,California
Shasta,2021-04-23,617,89690,237,37991,380,47923,0,3776,314,17312,302,38012,314,55324,California
Shasta,2021-04-24,588,90278,354,38345,233,48156,1,3777,107,16940,479,38491,107,55431,California
Shasta,2021-04-25,206,90484,176,38521,29,48185,1,3778,36,16807,170,38661,37,55468,California
Shasta,2021-04-26,490,90974,52,38573,433,48618,5,3783,348,17019,140,38801,352,55820,California
Shasta,2021-04-27,526,91500,167,38740,321,48939,38,3821,295,17121,228,39029,330,56150,California
Shasta,2021-04-28,554,92054,133,38873,390,49329,31,3852,248,17093,306,39335,278,56428,California
Shasta,2021-04-29,743,92797,102,38975,619,49948,22,3874,176,16725,566,39901,198,56626,California
Shasta,2021-04-30,2215,95012,1799,40774,386,50334,30,3904,252,15045,1962,41863,282,56908,California
Shasta,2021-05-01,213,95225,19,40793,122,50456,72,3976,92,15088,121,41984,164,57072,California
Shasta,2021-05-02,44,95269,14,40807,17,50473,13,3989,19,15095,25,42009,32,57104,California
Shasta,2021-05-03,347,95616,94,40901,230,50703,23,4012,110,14992,236,42245,133,57237,California
Shasta,2021-05-04,515,96131,190,41091,288,50991,37,4049,247,15011,265,42510,284,57521,California
Shasta,2021-05-05,424,96555,137,41228,271,51262,16,4065,196,14995,228,42738,212,57733,California
Shasta,2021-05-06,676,97231,257,41485,385,51647,34,4099,285,14930,382,43120,317,58050,California
Shasta,2021-05-07,1085,98316,719,42204,328,51975,38,4137,294,14472,790,43910,332,58382,California
Shasta,2021-05-08,160,98476,79,42283,71,52046,10,4147,93,14507,67,43977,102,58484,California
Shasta,2021-05-09,63,98539,14,42297,44,52090,5,4152,33,14515,30,44007,38,58522,California
Shasta,2021-05-10,249,98788,20,42317,182,52272,47,4199,109,14531,137,44144,153,58675,California
Shasta,2021-05-11,490,99278,138,42455,207,52479,145,4344,178,14543,311,44455,323,58998,California
Shasta,2021-05-12,386,99664,140,42595,223,52702,23,4367,128,14437,257,44712,151,59149,California
Shasta,2021-05-13,575,100239,239,42834,322,53024,14,4381,222,14322,351,45063,236,59385,California
Shasta,2021-05-14,631,100870,266,43100,340,53364,25,4406,291,14300,339,45402,317,59702,California
Shasta,2021-05-15,373,101243,116,43216,158,53522,99,4505,153,14332,219,45621,251,59953,California
Shasta,2021-05-16,219,101462,154,43370,55,53577,10,4515,160,14443,59,45680,170,60123,California
Shasta,2021-05-17,523,101985,242,43612,223,53800,58,4573,278,14535,244,45924,336,60459,California
Shasta,2021-05-18,606,102591,292,43904,290,54090,24,4597,327,14607,279,46203,351,60810,California
Shasta,2021-05-19,578,103169,271,44175,240,54330,67,4664,279,14658,295,46498,346,61156,California
Shasta,2021-05-20,555,103724,247,44422,289,54619,19,4683,258,14640,294,46792,276,61432,California
Shasta,2021-05-21,631,104355,282,44704,330,54949,19,4702,339,14708,290,47082,358,61790,California
Shasta,2021-05-22,230,104585,129,44833,92,55041,9,4711,142,14773,86,47168,151,61941,California
Shasta,2021-05-23,109,104694,48,44881,55,55096,6,4717,68,14806,41,47209,74,62015,California
Shasta,2021-05-24,521,105215,160,45041,331,55427,30,4747,185,14686,335,47544,215,62230,California
Shasta,2021-05-25,459,105674,196,45237,218,55645,45,4792,158,14591,297,47841,202,62432,California
Shasta,2021-05-26,369,106043,142,45379,202,55847,25,4817,146,14540,222,48063,171,62603,California
Shasta,2021-05-27,409,106452,151,45530,249,56096,9,4826,155,14453,251,48314,164,62767,California
Shasta,2021-05-28,431,106883,196,45726,208,56304,27,4853,202,14456,226,48540,229,62996,California
Shasta,2021-05-29,219,107102,60,45786,128,56432,31,4884,90,14446,129,48669,119,63115,California
Shasta,2021-05-30,84,107186,49,45835,33,56465,2,4886,56,14476,28,48697,58,63173,California
Shasta,2021-05-31,34,107220,8,45843,25,56490,1,4887,11,14466,22,48719,12,63185,California
Shasta,2021-06-01,519,107739,152,45995,224,56714,143,5030,134,14366,378,49097,278,63463,California
Shasta,2021-06-02,289,108028,117,46112,163,56877,9,5039,119,14326,168,49265,128,63591,California
Shasta,2021-06-03,360,108388,155,46267,198,57075,7,5046,116,14206,243,49508,123,63714,California
Shasta,2021-06-04,556,108944,277,46544,253,57328,26,5072,197,14071,358,49866,223,63937,California
Shasta,2021-06-05,246,109190,142,46686,86,57414,18,5090,82,14009,163,50029,101,64038,California
Shasta,2021-06-06,160,109350,126,46812,32,57446,2,5092,48,13947,112,50141,50,64088,California
Shasta,2021-06-07,394,109744,230,47042,147,57593,17,5109,106,13783,287,50428,123,64211,California
Shasta,2021-06-08,496,110240,299,47341,152,57745,45,5154,145,13623,349,50777,189,64400,California
Shasta,2021-06-09,471,110711,267,47608,118,57863,86,5240,110,13460,358,51135,195,64595,California
Shasta,2021-06-10,403,111114,238,47846,140,58003,25,5265,126,13340,271,51406,151,64746,California
Shasta,2021-06-11,447,111561,249,48095,160,58163,38,5303,121,13174,324,51730,158,64904,California
Shasta,2021-06-12,205,111766,134,48229,65,58228,6,5309,73,13121,132,51862,79,64983,California
Shasta,2021-06-13,88,111854,55,48284,31,58259,2,5311,25,13085,63,51925,27,65010,California
Shasta,2021-06-14,277,112131,151,48435,109,58368,17,5328,80,12986,196,52121,97,65107,California
Shasta,2021-06-15,442,112573,222,48657,111,58479,109,5437,154,12960,283,52404,257,65364,California
Shasta,2021-06-16,255,112828,147,48804,95,58574,13,5450,82,12886,169,52573,95,65459,California
Shasta,2021-06-17,287,113115,122,48926,130,58704,35,5485,101,12837,185,52758,136,65595,California
Shasta,2021-06-18,348,113463,223,49149,105,58809,20,5505,146,12802,201,52959,166,65761,California
Shasta,2021-06-19,114,113577,74,49223,38,58847,2,5507,53,12797,60,53019,55,65816,California
Shasta,2021-06-20,57,113634,35,49258,18,58865,4,5511,21,12786,36,53055,25,65841,California
Shasta,2021-06-21,201,113835,72,49330,105,58970,24,5535,82,12775,117,53172,106,65947,California
Shasta,2021-06-22,92,113927,49,49379,16,58986,27,5562,22,12755,69,53241,49,65996,California
Sierra,2020-12-18,1,1,1,1,0,0,0,0,1,1,0,0,1,1,California
Sierra,2020-12-21,2,3,2,3,0,0,0,0,2,3,0,0,2,3,California
Sierra,2020-12-22,12,15,12,15,0,0,0,0,12,15,0,0,12,15,California
Sierra,2020-12-23,4,19,4,19,0,0,0,0,4,19,0,0,4,19,California
Sierra,2020-12-28,1,20,0,19,1,1,0,0,1,20,0,0,1,20,California
Sierra,2020-12-29,49,69,7,26,42,43,0,0,49,69,0,0,49,69,California
Sierra,2020-12-30,2,71,0,26,2,45,0,0,2,71,0,0,2,71,California
Sierra,2020-12-31,13,84,0,26,13,58,0,0,13,84,0,0,13,84,California
Sierra,2021-01-01,1,85,1,27,0,58,0,0,1,85,0,0,1,85,California
Sierra,2021-01-05,64,149,2,29,62,120,0,0,64,149,0,0,64,149,California
Sierra,2021-01-06,1,150,1,30,0,120,0,0,1,150,0,0,1,150,California
Sierra,2021-01-07,20,170,1,31,19,139,0,0,19,168,1,1,19,169,California
Sierra,2021-01-11,3,173,3,34,0,139,0,0,0,165,3,4,0,169,California
Sierra,2021-01-12,38,211,12,46,26,165,0,0,26,179,12,16,26,195,California
Sierra,2021-01-13,3,214,3,49,0,165,0,0,0,176,3,19,0,195,California
Sierra,2021-01-14,35,249,2,51,33,198,0,0,35,211,0,19,35,230,California
Sierra,2021-01-15,3,252,1,52,2,200,0,0,3,214,0,19,3,233,California
Sierra,2021-01-18,3,255,0,52,3,203,0,0,3,217,0,19,3,236,California
Sierra,2021-01-19,35,290,0,52,35,238,0,0,35,252,0,19,35,271,California
Sierra,2021-01-21,53,343,0,52,53,291,0,0,53,305,0,19,53,324,California
Sierra,2021-01-22,2,345,0,52,2,293,0,0,2,307,0,19,2,326,California
Sierra,2021-01-23,2,347,0,52,2,295,0,0,2,309,0,19,2,328,California
Sierra,2021-01-25,1,348,1,53,0,295,0,0,1,310,0,19,1,329,California
Sierra,2021-01-26,62,410,1,54,61,356,0,0,24,296,38,57,24,353,California
Sierra,2021-01-27,4,414,4,58,0,356,0,0,0,292,4,61,0,353,California
Sierra,2021-01-28,53,467,0,58,53,409,0,0,43,325,10,71,43,396,California
Sierra,2021-01-29,1,468,0,58,1,410,0,0,1,326,0,71,1,397,California
Sierra,2021-01-30,2,470,2,60,0,410,0,0,2,328,0,71,2,399,California
Sierra,2021-02-01,1,471,0,60,1,411,0,0,0,327,1,72,0,399,California
Sierra,2021-02-02,60,531,1,61,59,470,0,0,22,311,38,110,22,421,California
Sierra,2021-02-03,5,536,5,66,0,470,0,0,5,316,0,110,5,426,California
Sierra,2021-02-04,99,635,2,68,97,567,0,0,50,317,49,159,50,476,California
Sierra,2021-02-05,5,640,3,71,2,569,0,0,4,320,1,160,4,480,California
Sierra,2021-02-09,56,696,0,71,56,625,0,0,52,368,4,164,52,532,California
Sierra,2021-02-10,2,698,0,71,2,627,0,0,2,370,0,164,2,534,California
Sierra,2021-02-11,194,892,1,72,193,820,0,0,134,444,60,224,134,668,California
Sierra,2021-02-12,20,912,0,72,20,840,0,0,20,464,0,224,20,688,California
Sierra,2021-02-15,2,914,2,74,0,840,0,0,0,462,2,226,0,688,California
Sierra,2021-02-16,47,961,1,75,46,886,0,0,10,435,37,263,10,698,California
Sierra,2021-02-17,4,965,0,75,4,890,0,0,1,433,3,266,1,699,California
Sierra,2021-02-18,144,1109,0,75,144,1034,0,0,94,477,50,316,94,793,California
Sierra,2021-02-19,1,1110,0,75,1,1035,0,0,0,476,1,317,0,793,California
Sierra,2021-02-20,3,1113,2,77,1,1036,0,0,1,475,2,319,1,794,California
Sierra,2021-02-23,5,1118,0,77,5,1041,0,0,5,480,0,319,5,799,California
Sierra,2021-02-24,1,1119,0,77,1,1042,0,0,1,481,0,319,1,800,California
Sierra,2021-02-25,124,1243,1,78,123,1165,0,0,59,476,64,383,59,859,California
Sierra,2021-02-26,11,1254,6,84,5,1170,0,0,4,473,7,390,4,863,California
Sierra,2021-03-01,1,1255,1,85,0,1170,0,0,0,472,1,391,0,863,California
Sierra,2021-03-02,60,1315,0,85,60,1230,0,0,40,492,20,411,40,903,California
Sierra,2021-03-03,1,1316,1,86,0,1230,0,0,0,491,1,412,0,903,California
Sierra,2021-03-04,108,1424,0,86,108,1338,0,0,60,503,48,460,60,963,California
Sierra,2021-03-05,12,1436,0,86,12,1350,0,0,10,511,2,462,10,973,California
Sierra,2021-03-08,1,1437,1,87,0,1350,0,0,1,512,0,462,1,974,California
Sierra,2021-03-09,59,1496,0,87,59,1409,0,0,11,475,48,510,11,985,California
Sierra,2021-03-10,6,1502,0,87,6,1415,0,0,4,477,2,512,4,989,California
Sierra,2021-03-11,176,1678,1,88,175,1590,0,0,44,389,132,644,44,1033,California
Sierra,2021-03-12,19,1697,0,88,19,1609,0,0,0,370,19,663,0,1033,California
Sierra,2021-03-13,27,1724,0,88,27,1636,0,0,27,397,0,663,27,1060,California
Sierra,2021-03-15,2,1726,0,88,0,1636,2,2,0,397,2,665,2,1062,California
Sierra,2021-03-16,37,1763,0,88,36,1672,1,3,22,405,15,680,23,1085,California
Sierra,2021-03-17,1,1764,0,88,1,1673,0,3,0,404,1,681,0,1085,California
Sierra,2021-03-18,161,1925,0,88,161,1834,0,3,65,373,96,777,65,1150,California
Sierra,2021-03-19,3,1928,1,89,2,1836,0,3,0,370,3,780,0,1150,California
Sierra,2021-03-20,2,1930,0,89,2,1838,0,3,1,370,1,781,1,1151,California
Sierra,2021-03-23,23,1953,0,89,23,1861,0,3,13,373,10,791,13,1164,California
Sierra,2021-03-24,2,1955,0,89,2,1863,0,3,1,373,1,792,1,1165,California
Sierra,2021-03-25,99,2054,1,90,98,1961,0,3,50,374,49,841,50,1215,California
Sierra,2021-03-26,11,2065,0,90,11,1972,0,3,8,379,3,844,8,1223,California
Sierra,2021-03-27,1,2066,0,90,1,1973,0,3,0,378,1,845,0,1223,California
Sierra,2021-03-29,1,2067,1,91,0,1973,0,3,0,377,1,846,0,1223,California
Sierra,2021-03-30,60,2127,0,91,60,2033,0,3,26,369,34,880,26,1249,California
Sierra,2021-03-31,8,2135,0,91,8,2041,0,3,8,377,0,880,8,1257,California
Sierra,2021-04-01,63,2198,1,92,62,2103,0,3,5,326,56,936,5,1262,California
Sierra,2021-04-02,2,2200,1,93,1,2104,0,3,2,328,0,936,2,1264,California
Sierra,2021-04-04,1,2201,0,93,1,2105,0,3,0,328,0,936,0,1264,California
Sierra,2021-04-06,11,2212,0,93,11,2116,0,3,1,319,10,946,1,1265,California
Sierra,2021-04-07,13,2225,2,95,6,2122,5,8,2,316,10,956,7,1272,California
Sierra,2021-04-08,52,2277,2,97,50,2172,0,8,16,296,36,992,16,1288,California
Sierra,2021-04-09,1,2278,1,98,0,2172,0,8,1,297,0,992,1,1289,California
Sierra,2021-04-10,27,2305,0,98,27,2199,0,8,0,270,27,1019,0,1289,California
Sierra,2021-04-12,1,2306,0,98,0,2199,1,9,0,270,1,1020,1,1290,California
Sierra,2021-04-13,45,2351,0,98,45,2244,0,9,5,235,40,1060,5,1295,California
Sierra,2021-04-14,1,2352,0,98,1,2245,0,9,1,236,0,1060,1,1296,California
Sierra,2021-04-15,49,2401,2,100,47,2292,0,9,2,191,47,1107,2,1298,California
Sierra,2021-04-17,2,2403,1,101,1,2293,0,9,1,191,1,1108,1,1299,California
Sierra,2021-04-18,1,2404,0,101,1,2294,0,9,0,191,0,1108,0,1299,California
Sierra,2021-04-19,1,2405,0,101,1,2295,0,9,1,192,0,1108,1,1300,California
Sierra,2021-04-20,34,2439,2,103,32,2327,0,9,6,170,28,1136,6,1306,California
Sierra,2021-04-21,2,2441,1,104,1,2328,0,9,1,170,1,1137,1,1307,California
Sierra,2021-04-22,64,2505,1,105,63,2391,0,9,5,117,58,1195,5,1312,California
Sierra,2021-04-23,12,2517,0,105,12,2403,0,9,4,113,8,1203,4,1316,California
Sierra,2021-04-24,4,2521,0,105,4,2407,0,9,4,117,0,1203,4,1320,California
Sierra,2021-04-26,1,2522,0,105,1,2408,0,9,1,118,0,1203,1,1321,California
Sierra,2021-04-27,31,2553,0,105,31,2439,0,9,4,95,27,1230,4,1325,California
Sierra,2021-04-28,10,2563,2,107,8,2447,0,9,2,89,8,1238,2,1327,California
Sierra,2021-04-29,20,2583,2,109,18,2465,0,9,14,97,6,1244,14,1341,California
Sierra,2021-04-30,3,2586,1,110,2,2467,0,9,1,96,2,1246,1,1342,California
Sierra,2021-05-01,1,2587,0,110,1,2468,0,9,0,96,0,1246,0,1342,California
Sierra,2021-05-03,1,2588,1,111,0,2468,0,9,1,97,0,1246,1,1343,California
Sierra,2021-05-04,3,2591,1,112,1,2469,1,10,1,97,2,1248,2,1345,California
Sierra,2021-05-05,23,2614,1,113,22,2491,0,10,8,90,15,1263,8,1353,California
Sierra,2021-05-06,1,2615,1,114,0,2491,0,10,0,89,1,1264,0,1353,California
Sierra,2021-05-08,1,2616,0,114,0,2491,1,11,0,89,1,1265,1,1354,California
Sierra,2021-05-11,11,2627,0,114,4,2495,7,18,0,85,11,1276,7,1361,California
Sierra,2021-05-12,12,2639,1,115,11,2506,0,18,9,91,3,1279,9,1370,California
Sierra,2021-05-13,3,2642,2,117,1,2507,0,18,2,92,1,1280,2,1372,California
Sierra,2021-05-14,3,2645,1,118,2,2509,0,18,3,95,0,1280,3,1375,California
Sierra,2021-05-15,1,2646,0,118,0,2509,1,19,0,95,1,1281,1,1376,California
Sierra,2021-05-17,1,2647,1,119,0,2509,0,19,1,96,0,1281,1,1377,California
Sierra,2021-05-18,1,2648,0,119,0,2509,1,20,0,96,1,1282,1,1378,California
Sierra,2021-05-19,7,2655,3,122,4,2513,0,20,2,93,5,1287,2,1380,California
Sierra,2021-05-20,9,2664,8,130,0,2513,1,21,8,101,1,1288,9,1389,California
Sierra,2021-05-21,3,2667,1,131,2,2515,0,21,1,100,2,1290,1,1390,California
Sierra,2021-05-22,4,2671,0,131,4,2519,0,21,0,96,4,1294,0,1390,California
Sierra,2021-05-23,1,2672,0,131,1,2520,0,21,1,97,0,1294,1,1391,California
Sierra,2021-05-24,3,2675,1,132,2,2522,0,21,2,98,1,1295,2,1393,California
Sierra,2021-05-25,4,2679,1,133,3,2525,0,21,1,96,3,1298,1,1394,California
Sierra,2021-05-26,8,2687,0,133,8,2533,0,21,4,96,4,1302,4,1398,California
Sierra,2021-05-27,9,2696,1,134,7,2540,1,22,2,92,7,1309,3,1401,California
Sierra,2021-05-28,3,2699,1,135,2,2542,0,22,2,93,1,1310,2,1403,California
Sierra,2021-05-29,2,2701,0,135,2,2544,0,22,2,95,0,1310,2,1405,California
Sierra,2021-05-30,1,2702,1,136,0,2544,0,22,1,96,0,1310,1,1406,California
Sierra,2021-06-01,1,2703,0,136,1,2545,0,22,0,95,1,1311,0,1406,California
Sierra,2021-06-02,23,2726,0,136,21,2566,2,24,0,75,22,1333,2,1408,California
Sierra,2021-06-03,3,2729,2,138,1,2567,0,24,0,72,3,1336,0,1408,California
Sierra,2021-06-04,2,2731,2,140,0,2567,0,24,1,72,1,1337,1,1409,California
Sierra,2021-06-08,1,2732,1,141,0,2567,0,24,1,73,0,1337,1,1410,California
Sierra,2021-06-09,9,2741,1,142,6,2573,2,26,0,66,9,1346,2,1412,California
Sierra,2021-06-10,8,2749,8,150,0,2573,0,26,4,66,4,1350,4,1416,California
Sierra,2021-06-11,3,2752,1,151,2,2575,0,26,0,63,3,1353,0,1416,California
Sierra,2021-06-12,1,2753,1,152,0,2575,0,26,1,64,0,1353,1,1417,California
Sierra,2021-06-13,1,2754,1,153,0,2575,0,26,0,63,1,1354,0,1417,California
Sierra,2021-06-14,6,2760,4,157,1,2576,1,27,2,62,4,1358,3,1420,California
Sierra,2021-06-15,1,2761,0,157,1,2577,0,27,0,62,0,1358,0,1420,California
Sierra,2021-06-16,6,2767,1,158,5,2582,0,27,2,60,4,1362,2,1422,California
Sierra,2021-06-17,5,2772,2,160,1,2583,2,29,2,61,3,1365,4,1426,California
Sierra,2021-06-18,2,2774,1,161,0,2583,1,30,0,60,2,1367,1,1427,California
Sierra,2021-06-21,1,2775,0,161,1,2584,0,30,0,59,1,1368,0,1427,California
Sierra,2021-06-22,1,2776,0,161,1,2585,0,30,0,58,1,1369,0,1427,California
Siskiyou,2020-12-16,2,2,2,2,0,0,0,0,2,2,0,0,2,2,California
Siskiyou,2020-12-17,4,6,4,6,0,0,0,0,4,6,0,0,4,6,California
Siskiyou,2020-12-18,2,8,2,8,0,0,0,0,2,8,0,0,2,8,California
Siskiyou,2020-12-19,4,12,4,12,0,0,0,0,4,12,0,0,4,12,California
Siskiyou,2020-12-20,1,13,1,13,0,0,0,0,1,13,0,0,1,13,California
Siskiyou,2020-12-21,131,144,131,144,0,0,0,0,131,144,0,0,131,144,California
Siskiyou,2020-12-22,159,303,159,303,0,0,0,0,159,303,0,0,159,303,California
Siskiyou,2020-12-23,142,445,142,445,0,0,0,0,142,445,0,0,142,445,California
Siskiyou,2020-12-24,5,450,5,450,0,0,0,0,5,450,0,0,5,450,California
Siskiyou,2020-12-26,2,452,0,450,2,2,0,0,2,452,0,0,2,452,California
Siskiyou,2020-12-27,2,454,0,450,2,4,0,0,2,454,0,0,2,454,California
Siskiyou,2020-12-28,4,458,2,452,2,6,0,0,4,458,0,0,4,458,California
Siskiyou,2020-12-29,6,464,2,454,4,10,0,0,6,464,0,0,6,464,California
Siskiyou,2020-12-30,100,564,3,457,97,107,0,0,100,564,0,0,100,564,California
Siskiyou,2020-12-31,12,576,0,457,12,119,0,0,12,576,0,0,12,576,California
Siskiyou,2021-01-02,1,577,1,458,0,119,0,0,1,577,0,0,1,577,California
Siskiyou,2021-01-03,1,578,0,458,1,120,0,0,1,578,0,0,1,578,California
Siskiyou,2021-01-04,130,708,3,461,127,247,0,0,130,708,0,0,130,708,California
Siskiyou,2021-01-05,119,827,4,465,115,362,0,0,117,824,2,2,118,826,California
Siskiyou,2021-01-06,60,887,7,472,53,415,0,0,56,876,4,6,56,882,California
Siskiyou,2021-01-07,176,1063,4,476,172,587,0,0,175,1050,1,7,175,1057,California
Siskiyou,2021-01-08,39,1102,3,479,36,623,0,0,37,1085,2,9,37,1094,California
Siskiyou,2021-01-09,3,1105,3,482,0,623,0,0,1,1084,2,11,1,1095,California
Siskiyou,2021-01-11,224,1329,64,546,160,783,0,0,162,1184,62,73,162,1257,California
Siskiyou,2021-01-12,324,1653,274,820,50,833,0,0,91,1043,233,306,92,1349,California
Siskiyou,2021-01-13,158,1811,137,957,21,854,0,0,23,931,135,441,23,1372,California
Siskiyou,2021-01-14,35,1846,1,958,34,888,0,0,34,964,1,442,34,1406,California
Siskiyou,2021-01-15,55,1901,3,961,52,940,0,0,55,1019,0,442,55,1461,California
Siskiyou,2021-01-16,7,1908,2,963,5,945,0,0,7,1026,0,442,7,1468,California
Siskiyou,2021-01-17,1,1909,1,964,0,945,0,0,0,1025,1,443,0,1468,California
Siskiyou,2021-01-18,76,1985,4,968,72,1017,0,0,73,1095,3,446,73,1541,California
Siskiyou,2021-01-19,41,2026,1,969,40,1057,0,0,40,1134,1,447,40,1581,California
Siskiyou,2021-01-20,68,2094,35,1004,33,1090,0,0,64,1194,4,451,64,1645,California
Siskiyou,2021-01-21,66,2160,1,1005,65,1155,0,0,66,1260,0,451,66,1711,California
Siskiyou,2021-01-22,1339,3499,1172,2177,167,1322,0,0,1339,2599,0,451,1339,3050,California
Siskiyou,2021-01-23,6,3505,2,2179,4,1326,0,0,3,2599,3,454,3,3053,California
Siskiyou,2021-01-25,208,3713,8,2187,200,1526,0,0,204,2799,4,458,204,3257,California
Siskiyou,2021-01-26,98,3811,3,2190,95,1621,0,0,89,2879,9,467,89,3346,California
Siskiyou,2021-01-27,199,4010,3,2193,196,1817,0,0,134,2949,64,531,134,3480,California
Siskiyou,2021-01-28,260,4270,118,2311,142,1959,0,0,235,3165,19,550,235,3715,California
Siskiyou,2021-01-29,272,4542,3,2314,269,2228,0,0,253,3399,19,569,253,3968,California
Siskiyou,2021-01-30,6,4548,5,2319,1,2229,0,0,6,3405,0,569,6,3974,California
Siskiyou,2021-02-01,214,4762,3,2322,211,2440,0,0,114,3419,100,669,114,4088,California
Siskiyou,2021-02-02,311,5073,45,2367,266,2706,0,0,158,3424,153,822,158,4246,California
Siskiyou,2021-02-03,336,5409,1,2368,335,3041,0,0,265,3618,71,893,265,4511,California
Siskiyou,2021-02-04,358,5767,7,2375,351,3392,0,0,220,3700,138,1031,220,4731,California
Siskiyou,2021-02-05,543,6310,4,2379,539,3931,0,0,369,3895,174,1205,369,5100,California
Siskiyou,2021-02-06,15,6325,0,2379,15,3946,0,0,15,3910,0,1205,15,5115,California
Siskiyou,2021-02-07,2,6327,1,2380,1,3947,0,0,2,3912,0,1205,2,5117,California
Siskiyou,2021-02-08,237,6564,4,2384,233,4180,0,0,212,4099,25,1230,212,5329,California
Siskiyou,2021-02-09,242,6806,2,2386,240,4420,0,0,189,4235,53,1283,189,5518,California
Siskiyou,2021-02-10,388,7194,41,2427,347,4767,0,0,318,4484,69,1352,318,5836,California
Siskiyou,2021-02-11,215,7409,1,2428,214,4981,0,0,186,4641,29,1381,186,6022,California
Siskiyou,2021-02-12,1703,9112,1198,3626,505,5486,0,0,500,3938,1203,2584,500,6522,California
Siskiyou,2021-02-13,37,9149,2,3628,35,5521,0,0,32,3965,5,2589,32,6554,California
Siskiyou,2021-02-14,6,9155,2,3630,4,5525,0,0,6,3971,0,2589,6,6560,California
Siskiyou,2021-02-15,98,9253,1,3631,97,5622,0,0,96,4065,2,2591,96,6656,California
Siskiyou,2021-02-16,136,9389,2,3633,134,5756,0,0,100,4129,36,2627,100,6756,California
Siskiyou,2021-02-17,285,9674,4,3637,281,6037,0,0,249,4342,36,2663,249,7005,California
Siskiyou,2021-02-18,269,9943,88,3725,181,6218,0,0,127,4327,142,2805,127,7132,California
Siskiyou,2021-02-19,96,10039,34,3759,62,6280,0,0,35,4303,59,2864,35,7167,California
Siskiyou,2021-02-20,23,10062,5,3764,18,6298,0,0,16,4314,7,2871,18,7185,California
Siskiyou,2021-02-21,1,10063,1,3765,0,6298,0,0,1,4315,0,2871,1,7186,California
Siskiyou,2021-02-22,208,10271,2,3767,206,6504,0,0,76,4259,132,3003,76,7262,California
Siskiyou,2021-02-23,269,10540,15,3782,254,6758,0,0,179,4348,90,3093,179,7441,California
Siskiyou,2021-02-24,171,10711,5,3787,166,6924,0,0,49,4275,122,3215,49,7490,California
Siskiyou,2021-02-25,298,11009,14,3801,284,7208,0,0,144,4266,153,3368,144,7634,California
Siskiyou,2021-02-26,668,11677,7,3808,661,7869,0,0,364,4326,304,3672,364,7998,California
Siskiyou,2021-02-27,32,11709,5,3813,27,7896,0,0,28,4350,4,3676,28,8026,California
Siskiyou,2021-02-28,3,11712,3,3816,0,7896,0,0,2,4351,1,3677,2,8028,California
Siskiyou,2021-03-01,290,12002,5,3821,285,8181,0,0,49,4159,241,3918,49,8077,California
Siskiyou,2021-03-02,203,12205,1,3822,202,8383,0,0,69,4094,134,4052,69,8146,California
Siskiyou,2021-03-03,347,12552,11,3833,336,8719,0,0,153,4053,194,4246,153,8299,California
Siskiyou,2021-03-04,818,13370,617,4450,201,8920,0,0,641,4517,177,4423,641,8940,California
Siskiyou,2021-03-05,347,13717,5,4455,331,9251,11,11,107,4398,237,4660,118,9058,California
Siskiyou,2021-03-06,42,13759,3,4458,32,9283,7,18,27,4417,15,4675,34,9092,California
Siskiyou,2021-03-07,11,13770,3,4461,0,9283,8,26,1,4416,10,4685,9,9101,California
Siskiyou,2021-03-08,358,14128,21,4482,303,9586,34,60,67,4226,291,4976,101,9202,California
Siskiyou,2021-03-09,175,14303,2,4484,118,9704,55,115,42,4190,133,5109,97,9299,California
Siskiyou,2021-03-10,217,14520,6,4490,182,9886,29,144,24,4050,193,5302,53,9352,California
Siskiyou,2021-03-11,491,15011,205,4695,240,10126,46,190,282,4170,208,5510,328,9680,California
Siskiyou,2021-03-12,653,15664,141,4836,473,10599,39,229,184,3926,467,5977,223,9903,California
Siskiyou,2021-03-13,428,16092,379,5215,26,10625,23,252,379,4279,49,6026,402,10305,California
Siskiyou,2021-03-14,19,16111,0,5215,3,10628,16,268,1,4278,18,6044,17,10322,California
Siskiyou,2021-03-15,494,16605,258,5473,173,10801,63,331,319,4485,175,6219,382,10704,California
Siskiyou,2021-03-16,258,16863,34,5507,208,11009,16,347,141,4526,116,6335,157,10861,California
Siskiyou,2021-03-17,200,17063,8,5515,184,11193,8,355,33,4400,167,6502,41,10902,California
Siskiyou,2021-03-18,920,17983,782,6297,126,11319,12,367,804,5100,116,6618,816,11718,California
Siskiyou,2021-03-19,62,18045,5,6302,44,11363,13,380,18,5087,44,6662,31,11749,California
Siskiyou,2021-03-20,29,18074,7,6309,18,11381,4,384,6,5074,23,6685,10,11759,California
Siskiyou,2021-03-21,9,18083,3,6312,1,11382,5,389,4,5078,5,6690,9,11768,California
Siskiyou,2021-03-22,207,18290,18,6330,166,11548,23,412,144,5185,60,6750,167,11935,California
Siskiyou,2021-03-23,160,18450,19,6349,132,11680,9,421,121,5275,39,6789,129,12064,California
Siskiyou,2021-03-24,142,18592,47,6396,95,11775,0,421,115,5363,27,6816,115,12179,California
Siskiyou,2021-03-25,560,19152,312,6708,245,12020,3,424,391,5588,169,6985,394,12573,California
Siskiyou,2021-03-26,302,19454,34,6742,268,12288,0,424,103,5494,197,7182,103,12676,California
Siskiyou,2021-03-27,38,19492,6,6748,27,12315,5,429,10,5481,28,7210,15,12691,California
Siskiyou,2021-03-28,7,19499,6,6754,1,12316,0,429,5,5484,2,7212,5,12696,California
Siskiyou,2021-03-29,93,19592,10,6764,81,12397,2,431,43,5479,50,7262,45,12741,California
Siskiyou,2021-03-30,102,19694,6,6770,95,12492,1,432,41,5460,61,7323,42,12783,California
Siskiyou,2021-03-31,176,19870,8,6778,165,12657,3,435,48,5387,125,7448,52,12835,California
Siskiyou,2021-04-01,824,20694,666,7444,158,12815,0,435,213,4989,611,8059,213,13048,California
Siskiyou,2021-04-02,347,21041,197,7641,146,12961,4,439,65,4778,280,8339,69,13117,California
Siskiyou,2021-04-03,26,21067,5,7646,14,12975,7,446,5,4769,21,8360,12,13129,California
Siskiyou,2021-04-04,1,21068,0,7646,1,12976,0,446,1,4770,0,8360,1,13130,California
Siskiyou,2021-04-05,437,21505,332,7978,80,13056,25,471,27,4413,409,8769,52,13182,California
Siskiyou,2021-04-06,217,21722,36,8014,128,13184,53,524,124,4498,91,8860,176,13358,California
Siskiyou,2021-04-07,114,21836,11,8025,62,13246,41,565,64,4554,50,8910,106,13464,California
Siskiyou,2021-04-08,340,22176,172,8197,125,13371,43,608,63,4383,277,9187,106,13570,California
Siskiyou,2021-04-09,546,22722,378,8575,130,13501,38,646,85,4047,460,9647,124,13694,California
Siskiyou,2021-04-10,46,22768,6,8581,3,13504,37,683,7,4052,39,9686,44,13738,California
Siskiyou,2021-04-11,6,22774,4,8585,1,13505,1,684,1,4049,5,9691,2,13740,California
Siskiyou,2021-04-12,126,22900,22,8607,103,13608,1,685,48,4020,78,9769,49,13789,California
Siskiyou,2021-04-13,204,23104,36,8643,167,13775,1,686,81,3979,123,9892,82,13871,California
Siskiyou,2021-04-14,156,23260,64,8707,92,13867,0,686,85,3995,69,9961,85,13956,California
Siskiyou,2021-04-15,1112,24372,954,9661,158,14025,0,686,434,3752,678,10639,435,14391,California
Siskiyou,2021-04-16,301,24673,210,9871,91,14116,0,686,268,3988,32,10671,268,14659,California
Siskiyou,2021-04-17,11,24684,8,9879,3,14119,0,686,6,3989,5,10676,6,14665,California
Siskiyou,2021-04-18,5,24689,3,9882,2,14121,0,686,1,3986,4,10680,1,14666,California
Siskiyou,2021-04-19,129,24818,24,9906,105,14226,0,686,46,3949,83,10763,46,14712,California
Siskiyou,2021-04-20,209,25027,4,9910,205,14431,0,686,88,3917,120,10883,88,14800,California
Siskiyou,2021-04-21,95,25122,10,9920,85,14516,0,686,26,3874,69,10952,26,14826,California
Siskiyou,2021-04-22,403,25525,293,10213,110,14626,0,686,48,3567,355,11307,48,14874,California
Siskiyou,2021-04-23,179,25704,14,10227,165,14791,0,686,157,3703,21,11328,157,15031,California
Siskiyou,2021-04-24,27,25731,4,10231,23,14814,0,686,20,3716,7,11335,20,15051,California
Siskiyou,2021-04-25,2,25733,0,10231,2,14816,0,686,2,3718,0,11335,2,15053,California
Siskiyou,2021-04-26,100,25833,5,10236,90,14906,5,691,26,3675,74,11409,31,15084,California
Siskiyou,2021-04-27,114,25947,4,10240,108,15014,2,693,86,3737,26,11435,88,15172,California
Siskiyou,2021-04-28,110,26057,7,10247,95,15109,8,701,53,3741,57,11492,61,15233,California
Siskiyou,2021-04-29,147,26204,15,10262,131,15240,1,702,30,3655,117,11609,31,15264,California
Siskiyou,2021-04-30,103,26307,22,10284,80,15320,1,703,44,3643,56,11665,44,15308,California
Siskiyou,2021-05-01,11,26318,7,10291,1,15321,3,706,7,3649,4,11669,10,15318,California
Siskiyou,2021-05-02,10,26328,4,10295,6,15327,0,706,8,3655,2,11671,8,15326,California
Siskiyou,2021-05-03,103,26431,23,10318,78,15405,2,708,42,3638,61,11732,44,15370,California
Siskiyou,2021-05-04,119,26550,6,10324,111,15516,2,710,60,3642,58,11790,62,15432,California
Siskiyou,2021-05-05,114,26664,19,10343,86,15602,9,719,39,3616,74,11864,48,15480,California
Siskiyou,2021-05-06,364,27028,295,10638,63,15665,6,725,190,3638,174,12038,196,15676,California
Siskiyou,2021-05-07,307,27335,219,10857,83,15748,5,730,31,3399,275,12313,36,15712,California
Siskiyou,2021-05-08,24,27359,3,10860,20,15768,1,731,18,3412,6,12319,19,15731,California
Siskiyou,2021-05-09,1,27360,0,10860,1,15769,0,731,0,3411,1,12320,0,15731,California
Siskiyou,2021-05-10,98,27458,67,10927,30,15799,1,732,22,3358,76,12396,23,15754,California
Siskiyou,2021-05-11,87,27545,8,10935,74,15873,5,737,51,3378,36,12432,56,15810,California
Siskiyou,2021-05-12,57,27602,4,10939,48,15921,5,742,16,3358,41,12473,21,15831,California
Siskiyou,2021-05-13,81,27683,34,10973,38,15959,9,751,37,3360,44,12517,46,15877,California
Siskiyou,2021-05-14,176,27859,82,11055,93,16052,1,752,108,3402,67,12584,109,15986,California
Siskiyou,2021-05-15,43,27902,13,11068,28,16080,2,754,36,3434,6,12590,38,16024,California
Siskiyou,2021-05-16,6,27908,2,11070,4,16084,0,754,4,3436,2,12592,4,16028,California
Siskiyou,2021-05-17,63,27971,2,11072,38,16122,23,777,11,3418,52,12644,34,16062,California
Siskiyou,2021-05-18,214,28185,82,11154,128,16250,4,781,123,3455,90,12734,127,16189,California
Siskiyou,2021-05-19,155,28340,97,11251,57,16307,1,782,125,3551,30,12764,126,16315,California
Siskiyou,2021-05-20,530,28870,427,11678,101,16408,2,784,236,3496,293,13057,238,16553,California
Siskiyou,2021-05-21,197,29067,95,11773,102,16510,0,784,109,3518,87,13144,109,16662,California
Siskiyou,2021-05-22,41,29108,19,11792,22,16532,0,784,26,3529,15,13159,26,16688,California
Siskiyou,2021-05-23,4,29112,3,11795,1,16533,0,784,2,3529,2,13161,2,16690,California
Siskiyou,2021-05-24,19,29131,3,11798,16,16549,0,784,5,3521,13,13174,5,16695,California
Siskiyou,2021-05-25,156,29287,16,11814,120,16669,20,804,50,3487,104,13278,70,16765,California
Siskiyou,2021-05-26,76,29363,19,11833,57,16726,0,804,41,3493,35,13313,41,16806,California
Siskiyou,2021-05-27,130,29493,92,11925,37,16763,1,805,55,3474,75,13388,56,16862,California
Siskiyou,2021-05-28,153,29646,58,11983,94,16857,1,806,102,3527,50,13438,103,16965,California
Siskiyou,2021-05-29,16,29662,9,11992,4,16861,3,809,5,3524,11,13449,8,16973,California
Siskiyou,2021-05-31,2,29664,1,11993,0,16861,1,810,1,3525,1,13450,2,16975,California
Siskiyou,2021-06-01,86,29750,20,12013,66,16927,0,810,29,3498,56,13506,29,17004,California
Siskiyou,2021-06-02,118,29868,35,12048,83,17010,0,810,44,3468,74,13580,44,17048,California
Siskiyou,2021-06-03,150,30018,103,12151,42,17052,5,815,34,3391,116,13696,39,17087,California
Siskiyou,2021-06-04,99,30117,76,12227,23,17075,0,815,20,3332,79,13775,20,17107,California
Siskiyou,2021-06-05,37,30154,17,12244,19,17094,1,816,15,3326,22,13797,16,17123,California
Siskiyou,2021-06-06,3,30157,2,12246,0,17094,1,817,0,3324,3,13800,1,17124,California
Siskiyou,2021-06-07,38,30195,4,12250,30,17124,4,821,26,3342,12,13812,30,17154,California
Siskiyou,2021-06-08,209,30404,92,12342,114,17238,3,824,65,3271,139,13951,68,17222,California
Siskiyou,2021-06-09,112,30516,83,12425,28,17266,1,825,30,3220,82,14033,31,17253,California
Siskiyou,2021-06-10,175,30691,143,12568,31,17297,1,826,77,3200,98,14131,78,17331,California
Siskiyou,2021-06-11,111,30802,59,12627,45,17342,7,833,22,3161,68,14199,29,17360,California
Siskiyou,2021-06-12,29,30831,6,12633,23,17365,0,833,9,3150,20,14219,9,17369,California
Siskiyou,2021-06-13,24,30855,16,12649,8,17373,0,833,2,3130,22,14241,2,17371,California
Siskiyou,2021-06-14,24,30879,4,12653,16,17389,4,837,11,3131,13,14254,14,17385,California
Siskiyou,2021-06-15,89,30968,22,12675,54,17443,13,850,33,3121,56,14310,46,17431,California
Siskiyou,2021-06-16,102,31070,23,12698,77,17520,2,852,49,3119,53,14363,51,17482,California
Siskiyou,2021-06-17,183,31253,140,12838,31,17551,12,864,39,3027,143,14506,51,17533,California
Siskiyou,2021-06-18,97,31350,62,12900,27,17578,8,872,20,2978,77,14583,28,17561,California
Siskiyou,2021-06-19,26,31376,17,12917,9,17587,0,872,12,2976,14,14597,12,17573,California
Siskiyou,2021-06-20,2,31378,1,12918,0,17587,1,873,1,2977,1,14598,2,17575,California
Siskiyou,2021-06-21,37,31415,3,12921,33,17620,1,874,27,2995,10,14608,28,17603,California
Siskiyou,2021-06-22,26,31441,9,12930,13,17633,4,878,12,2997,14,14622,16,17619,California
Solano,2020-12-15,4,4,4,4,0,0,0,0,4,4,0,0,4,4,California
Solano,2020-12-16,70,74,70,74,0,0,0,0,70,74,0,0,70,74,California
Solano,2020-12-17,168,242,168,242,0,0,0,0,168,242,0,0,168,242,California
Solano,2020-12-18,473,715,472,714,1,1,0,0,473,715,0,0,473,715,California
Solano,2020-12-19,521,1236,521,1235,0,1,0,0,521,1236,0,0,521,1236,California
Solano,2020-12-20,350,1586,348,1583,2,3,0,0,350,1586,0,0,350,1586,California
Solano,2020-12-21,577,2163,575,2158,2,5,0,0,577,2163,0,0,577,2163,California
Solano,2020-12-22,658,2821,626,2784,32,37,0,0,658,2821,0,0,658,2821,California
Solano,2020-12-23,854,3675,761,3545,93,130,0,0,853,3673,1,1,853,3674,California
Solano,2020-12-24,413,4088,163,3708,250,380,0,0,413,4086,0,1,413,4087,California
Solano,2020-12-25,9,4097,1,3709,8,388,0,0,9,4095,0,1,9,4096,California
Solano,2020-12-26,171,4268,45,3754,126,514,0,0,171,4266,0,1,171,4267,California
Solano,2020-12-27,107,4375,29,3783,78,592,0,0,107,4373,0,1,107,4374,California
Solano,2020-12-28,875,5250,424,4207,451,1043,0,0,875,5248,0,1,875,5249,California
Solano,2020-12-29,912,6162,373,4580,539,1582,0,0,912,6160,0,1,912,6161,California
Solano,2020-12-30,1233,7395,595,5175,638,2220,0,0,1233,7393,0,1,1233,7394,California
Solano,2020-12-31,542,7937,140,5315,402,2622,0,0,542,7935,0,1,542,7936,California
Solano,2021-01-01,15,7952,14,5329,1,2623,0,0,15,7950,0,1,15,7951,California
Solano,2021-01-02,214,8166,165,5494,49,2672,0,0,214,8164,0,1,214,8165,California
Solano,2021-01-03,57,8223,41,5535,16,2688,0,0,51,8215,0,1,51,8216,California
Solano,2021-01-04,447,8670,240,5775,207,2895,0,0,438,8651,2,3,438,8654,California
Solano,2021-01-05,727,9397,378,6153,349,3244,0,0,566,9061,156,159,566,9220,California
Solano,2021-01-06,842,10239,433,6586,409,3653,0,0,574,9369,266,425,574,9794,California
Solano,2021-01-07,1059,11298,671,7257,388,4041,0,0,592,9497,465,890,593,10387,California
Solano,2021-01-08,1146,12444,779,8036,367,4408,0,0,547,9465,581,1471,549,10936,California
Solano,2021-01-09,899,13343,768,8804,131,4539,0,0,440,9449,456,1927,440,11376,California
Solano,2021-01-10,262,13605,192,8996,70,4609,0,0,162,9511,100,2027,162,11538,California
Solano,2021-01-11,1340,14945,1124,10120,216,4825,0,0,821,9813,519,2546,821,12359,California
Solano,2021-01-12,1563,16508,1162,11282,401,5226,0,0,1022,10296,540,3086,1023,13382,California
Solano,2021-01-13,1472,17980,1003,12285,469,5695,0,0,1216,11258,254,3340,1216,14598,California
Solano,2021-01-14,1902,19882,810,13095,1092,6787,0,0,1592,12541,309,3649,1592,16190,California
Solano,2021-01-15,1713,21595,1058,14153,655,7442,0,0,1416,13660,297,3946,1416,17606,California
Solano,2021-01-16,1300,22895,909,15062,391,7833,0,0,1129,14618,171,4117,1129,18735,California
Solano,2021-01-17,1053,23948,758,15820,295,8128,0,0,1033,15632,20,4137,1034,19769,California
Solano,2021-01-18,1426,25374,855,16675,571,8699,0,0,1308,16823,118,4255,1309,21078,California
Solano,2021-01-19,1662,27036,1343,18018,319,9018,0,0,1395,17952,266,4521,1395,22473,California
Solano,2021-01-20,2058,29094,1430,19448,628,9646,0,0,1569,19035,486,5007,1569,24042,California
Solano,2021-01-21,3237,32331,1028,20476,2209,11855,0,0,2886,21571,351,5358,2887,26929,California
Solano,2021-01-22,1793,34124,854,21330,939,12794,0,0,1596,22972,196,5554,1597,28526,California
Solano,2021-01-23,736,34860,241,21571,495,13289,0,0,532,23300,205,5759,533,29059,California
Solano,2021-01-24,406,35266,63,21634,343,13632,0,0,336,23566,70,5829,336,29395,California
Solano,2021-01-25,1687,36953,633,22267,1054,14686,0,0,1125,24131,561,6390,1126,30521,California
Solano,2021-01-26,1815,38768,747,23014,1068,15754,0,0,1169,24655,646,7036,1170,31691,California
Solano,2021-01-27,1819,40587,728,23742,1091,16845,0,0,1200,25240,615,7651,1200,32891,California
Solano,2021-01-28,1961,42548,706,24448,1255,18100,0,0,1374,26029,586,8237,1375,34266,California
Solano,2021-01-29,1731,44279,792,25240,939,19039,0,0,1366,27033,362,8599,1366,35632,California
Solano,2021-01-30,943,45222,436,25676,507,19546,0,0,614,27319,329,8928,615,36247,California
Solano,2021-01-31,269,45491,180,25856,89,19635,0,0,173,27396,96,9024,173,36420,California
Solano,2021-02-01,1564,47055,1036,26892,528,20163,0,0,780,27396,780,9804,780,37200,California
Solano,2021-02-02,3383,50438,1094,27986,2289,22452,0,0,2571,29159,808,10612,2571,39771,California
Solano,2021-02-03,2283,52721,1316,29302,967,23419,0,0,1181,29241,1099,11711,1181,40952,California
Solano,2021-02-04,1818,54539,905,30207,913,24332,0,0,1082,29592,731,12442,1082,42034,California
Solano,2021-02-05,3129,57668,1419,31626,1710,26042,0,0,2118,30706,1004,13446,2118,44152,California
Solano,2021-02-06,3099,60767,1174,32800,1925,27967,0,0,2269,32149,826,14272,2269,46421,California
Solano,2021-02-07,855,61622,781,33581,74,28041,0,0,235,31765,619,14891,235,46656,California
Solano,2021-02-08,1769,63391,1235,34816,534,28575,0,0,723,31444,1044,15935,723,47379,California
Solano,2021-02-09,1955,65346,1494,36310,461,29036,0,0,694,30878,1260,17195,694,48073,California
Solano,2021-02-10,2280,67626,1502,37812,778,29814,0,0,827,30253,1452,18647,827,48900,California
Solano,2021-02-11,2535,70161,1494,39306,1041,30855,0,0,1192,30113,1332,19979,1192,50092,California
Solano,2021-02-12,4286,74447,1637,40943,2649,33504,0,0,2930,31695,1349,21328,2931,53023,California
Solano,2021-02-13,2874,77321,244,41187,2630,36134,0,0,2461,33747,409,21737,2461,55484,California
Solano,2021-02-14,729,78050,204,41391,525,36659,0,0,406,33834,321,22058,408,55892,California
Solano,2021-02-15,1265,79315,263,41654,1002,37661,0,0,648,33865,617,22675,648,56540,California
Solano,2021-02-16,2569,81884,1386,43040,1183,38844,0,0,1671,34641,897,23572,1673,58213,California
Solano,2021-02-17,3261,85145,1449,44489,1812,40656,0,0,2212,35808,1046,24618,2213,60426,California
Solano,2021-02-18,2920,88065,839,45328,2081,42737,0,0,853,34600,2061,26679,853,61279,California
Solano,2021-02-19,2484,90549,1455,46783,1029,43766,0,0,1174,34471,1305,27984,1176,62455,California
Solano,2021-02-20,2753,93302,388,47171,2365,46131,0,0,2239,36195,515,28499,2239,64694,California
Solano,2021-02-21,2334,95636,2013,49184,321,46452,0,0,2011,37888,318,28817,2011,66705,California
Solano,2021-02-22,1809,97445,1060,50244,749,47201,0,0,941,37965,865,29682,942,67647,California
Solano,2021-02-23,2975,100420,1147,51391,1828,49029,0,0,2023,39039,949,30631,2023,69670,California
Solano,2021-02-24,2547,102967,1266,52657,1281,50310,0,0,1413,39322,1131,31762,1414,71084,California
Solano,2021-02-25,2603,105570,1571,54228,1032,51342,0,0,1434,39592,1164,32926,1434,72518,California
Solano,2021-02-26,3546,109116,2271,56499,1275,52617,0,0,2100,40251,1441,34367,2100,74618,California
Solano,2021-02-27,4003,113119,1539,58038,2463,55080,1,1,3236,42729,759,35126,3237,77855,California
Solano,2021-02-28,1932,115051,1562,59600,369,55449,1,2,1607,44016,321,35447,1608,79463,California
Solano,2021-03-01,2747,117798,1226,60826,1520,56969,1,3,2075,45427,665,36112,2076,81539,California
Solano,2021-03-02,2304,120102,1412,62238,892,57861,0,3,1300,45724,1003,37115,1300,82839,California
Solano,2021-03-03,2265,122367,1268,63506,997,58858,0,3,1399,46267,857,37972,1400,84239,California
Solano,2021-03-04,4388,126755,3435,66941,951,59809,2,5,3158,48210,1220,39192,3163,87402,California
Solano,2021-03-05,4965,131720,1687,68628,3273,63082,5,10,3987,51234,968,40160,3992,91394,California
Solano,2021-03-06,3876,135596,829,69457,3007,66089,40,50,2657,52724,1207,41367,2697,94091,California
Solano,2021-03-07,3612,139208,760,70217,2842,68931,10,60,1973,53082,1626,42993,1984,96075,California
Solano,2021-03-08,2147,141355,1354,71571,524,69455,269,329,1616,54442,523,43516,1883,97958,California
Solano,2021-03-09,3233,144588,1569,73140,1610,71065,54,383,2335,55930,897,44413,2385,100343,California
Solano,2021-03-10,2422,147010,1759,74899,578,71643,85,468,1274,56145,1143,45556,1358,101701,California
Solano,2021-03-11,6043,153053,1757,76656,4034,75677,252,720,5000,60359,1039,46595,5253,106954,California
Solano,2021-03-12,6057,159110,1567,78223,4312,79989,178,898,3169,60824,2882,49477,3347,110301,California
Solano,2021-03-13,4610,163720,812,79035,3717,83706,81,979,2250,60804,2353,51830,2333,112634,California
Solano,2021-03-14,4032,167752,3146,82181,416,84122,470,1449,1542,60328,2485,54315,2009,114643,California
Solano,2021-03-15,4032,171784,2461,84642,1239,85361,332,1781,2512,61659,1511,55826,2842,117485,California
Solano,2021-03-16,3072,174856,1313,85955,1525,86886,234,2015,1549,61922,1519,57345,1782,119267,California
Solano,2021-03-17,6522,181378,1674,87629,4753,91639,95,2110,4961,65420,1558,58903,5056,124323,California
Solano,2021-03-18,5245,186623,1855,89484,3350,94989,40,2150,3763,67750,1474,60377,3804,128127,California
Solano,2021-03-19,3593,190216,2652,92136,866,95855,75,2225,1632,67505,1953,62330,1708,129835,California
Solano,2021-03-20,5614,195830,1686,93822,3877,99732,51,2276,2648,67247,2957,65287,2699,132534,California
Solano,2021-03-21,1683,197513,1582,95404,76,99808,25,2301,373,66337,1306,66593,396,132930,California
Solano,2021-03-22,2691,200204,2048,97452,594,100402,49,2350,1557,66813,1127,67720,1603,134533,California
Solano,2021-03-23,3597,203801,1695,99147,1856,102258,46,2396,1401,66069,2190,69910,1446,135979,California
Solano,2021-03-24,2829,206630,1770,100917,1025,103283,34,2430,1354,65988,1467,71377,1386,137365,California
Solano,2021-03-25,4886,211516,4007,104924,844,104127,35,2465,2276,65693,2605,73982,2310,139675,California
Solano,2021-03-26,3251,214767,2119,107043,1094,105221,38,2503,1745,65981,1496,75478,1784,141459,California
Solano,2021-03-27,4221,218988,1150,108193,3034,108255,37,2540,1658,65117,2557,78035,1693,143152,California
Solano,2021-03-28,1426,220414,1117,109310,292,108547,17,2557,541,64794,881,78916,558,143710,California
Solano,2021-03-29,3537,223951,2048,111358,1471,110018,18,2575,1544,64377,1980,80896,1563,145273,California
Solano,2021-03-30,3055,227006,2019,113377,935,110953,101,2676,1898,65220,1155,82051,1998,147271,California
Solano,2021-03-31,3140,230146,2139,115516,843,111796,158,2834,1836,65909,1301,83352,1990,149261,California
Solano,2021-04-01,5571,235717,2112,117628,3308,115104,151,2985,3519,67540,2039,85391,3670,152931,California
Solano,2021-04-02,6638,242355,2222,119850,4250,119354,166,3151,2541,66164,4081,89472,2705,155636,California
Solano,2021-04-03,1527,243882,971,120821,404,119758,152,3303,565,65920,960,90432,716,156352,California
Solano,2021-04-04,779,244661,287,121108,188,119946,304,3607,237,65923,538,90970,541,156893,California
Solano,2021-04-05,2991,247652,2052,123160,730,120676,209,3816,1514,66169,1475,92445,1721,158614,California
Solano,2021-04-06,6100,253752,1639,124799,3975,124651,486,4302,1649,63860,4442,96887,2133,160747,California
Solano,2021-04-07,5993,259745,4638,129437,953,125604,402,4704,3418,65122,2556,99443,3818,164565,California
Solano,2021-04-08,6495,266240,1787,131224,3834,129438,874,5578,1803,63130,4662,104105,2670,167235,California
Solano,2021-04-09,6323,272563,1664,132888,3802,133240,857,6435,1523,60729,4777,108882,2376,169611,California
Solano,2021-04-10,1762,274325,971,133859,454,133694,337,6772,813,60930,948,109830,1149,170760,California
Solano,2021-04-11,1197,275522,770,134629,325,134019,102,6874,644,61126,550,110380,746,171506,California
Solano,2021-04-12,3287,278809,1704,136333,1218,135237,365,7239,1355,60916,1927,112307,1717,173223,California
Solano,2021-04-13,2546,281355,1107,137440,1438,136675,1,7240,1328,61030,1215,113522,1329,174552,California
Solano,2021-04-14,6547,287902,1959,139399,4588,141263,0,7240,1847,58186,4692,118214,1848,176400,California
Solano,2021-04-15,5751,293653,2167,141566,3583,144846,1,7241,1746,55943,3991,122205,1748,178148,California
Solano,2021-04-16,3712,297365,2616,144182,1094,145940,2,7243,2295,56831,1409,123614,2297,180445,California
Solano,2021-04-17,3286,300651,1067,145249,2219,148159,0,7243,1121,55800,2154,125768,1123,181568,California
Solano,2021-04-18,1000,301651,612,145861,388,148547,0,7243,526,55853,473,126241,526,182094,California
Solano,2021-04-19,2144,303795,1158,147019,986,149533,0,7243,1165,56047,973,127214,1167,183261,California
Solano,2021-04-20,3028,306823,1839,148858,1189,150722,0,7243,1675,56377,1347,128561,1677,184938,California
Solano,2021-04-21,3815,310638,2329,151187,1486,152208,0,7243,2011,56594,1795,130356,2012,186950,California
Solano,2021-04-22,3006,313644,1487,152674,1519,153727,0,7243,1790,57171,1213,131569,1790,188740,California
Solano,2021-04-23,4156,317800,2093,154767,2063,155790,0,7243,2510,58043,1640,133209,2512,191252,California
Solano,2021-04-24,3894,321694,2345,157112,1547,157337,2,7245,2586,59409,1222,134431,2588,193840,California
Solano,2021-04-25,1433,323127,1115,158227,318,157655,0,7245,1135,60253,291,134722,1135,194975,California
Solano,2021-04-26,2582,325709,1667,159894,911,158566,4,7249,1425,60538,1144,135866,1429,196404,California
Solano,2021-04-27,2584,328293,1282,161176,1272,159838,30,7279,1461,60918,1112,136978,1492,197896,California
Solano,2021-04-28,6056,334349,5006,166182,1004,160842,46,7325,3788,62496,2256,139234,3834,201730,California
Solano,2021-04-29,4543,338892,1443,167625,3066,163908,34,7359,2049,62092,2487,141721,2083,203813,California
Solano,2021-04-30,4113,343005,2179,169804,1792,165700,142,7501,1896,61929,2201,143922,2038,205851,California
Solano,2021-05-01,2181,345186,1679,171483,301,166001,201,7702,1292,62538,884,144806,1493,207344,California
Solano,2021-05-02,1210,346396,954,172437,230,166231,26,7728,670,62699,535,145341,696,208040,California
Solano,2021-05-03,1463,347859,1016,173453,360,166591,87,7815,598,62522,863,146204,686,208726,California
Solano,2021-05-04,1801,349660,1042,174495,693,167284,66,7881,810,62408,990,147194,876,209602,California
Solano,2021-05-05,2280,351940,1423,175918,742,168026,115,7996,1091,62427,1185,148379,1204,210806,California
Solano,2021-05-06,2003,353943,1193,177111,599,168625,211,8207,735,62110,1256,149635,939,211745,California
Solano,2021-05-07,2834,356777,1977,179088,739,169364,118,8325,982,61364,1844,151479,1098,212843,California
Solano,2021-05-08,1442,358219,900,179988,427,169791,115,8440,545,61131,893,152372,660,213503,California
Solano,2021-05-09,441,358660,264,180252,166,169957,11,8451,176,61057,262,152634,188,213691,California
Solano,2021-05-10,1328,359988,608,180860,614,170571,106,8557,391,60621,932,153566,496,214187,California
Solano,2021-05-11,2260,362248,1136,181996,1035,171606,89,8646,636,59727,1619,155185,725,214912,California
Solano,2021-05-12,2120,364368,1197,183193,747,172353,176,8822,697,59188,1409,156594,870,215782,California
Solano,2021-05-13,3034,367402,2078,185271,745,173098,211,9033,1601,59570,1430,158024,1812,217594,California
Solano,2021-05-14,2409,369811,1627,186898,661,173759,121,9154,1008,59307,1392,159416,1129,218723,California
Solano,2021-05-15,3394,373205,2748,189646,561,174320,85,9239,1289,58587,2093,161509,1373,220096,California
Solano,2021-05-16,1492,374697,1094,190740,366,174686,32,9271,246,57621,1243,162752,277,220373,California
Solano,2021-05-17,2444,377141,1392,192132,966,175652,86,9357,868,57015,1556,164308,950,221323,California
Solano,2021-05-18,2916,380057,1614,193746,1213,176865,89,9446,1459,57119,1444,165752,1548,222871,California
Solano,2021-05-19,5228,385285,3665,197411,1434,178299,129,9575,2012,56054,3206,168958,2141,225012,California
Solano,2021-05-20,2609,387894,1568,198979,977,179276,64,9639,952,55422,1648,170606,1016,226028,California
Solano,2021-05-21,3537,391431,1858,200837,1612,180888,67,9706,1388,54738,2139,172745,1455,227483,California
Solano,2021-05-22,2734,394165,2106,202943,534,181422,94,9800,1156,54417,1570,174315,1249,228732,California
Solano,2021-05-23,1384,395549,1141,204084,220,181642,23,9823,742,54543,639,174954,765,229497,California
Solano,2021-05-24,1830,397379,1035,205119,723,182365,72,9895,610,54010,1214,176168,681,230178,California
Solano,2021-05-25,1628,399007,817,205936,750,183115,61,9956,589,53628,1031,177199,649,230827,California
Solano,2021-05-26,1883,400890,1083,207019,745,183860,55,10011,709,53224,1169,178368,765,231592,California
Solano,2021-05-27,2143,403033,950,207969,1116,184976,77,10088,889,52946,1243,179611,965,232557,California
Solano,2021-05-28,2026,405059,1034,209003,936,185912,56,10144,767,52519,1251,180862,824,233381,California
Solano,2021-05-29,649,405708,321,209324,298,186210,30,10174,322,52545,325,181187,351,233732,California
Solano,2021-05-30,321,406029,153,209477,143,186353,25,10199,119,52490,199,181386,144,233876,California
Solano,2021-05-31,127,406156,18,209495,100,186453,9,10208,24,52420,103,181489,33,233909,California
Solano,2021-06-01,1830,407986,1176,210671,577,187030,77,10285,760,52193,1065,182554,838,234747,California
Solano,2021-06-02,1826,409812,1285,211956,476,187506,65,10350,956,52348,863,183417,1018,235765,California
Solano,2021-06-03,2201,412013,1731,213687,386,187892,84,10434,736,51710,1459,184876,821,236586,California
Solano,2021-06-04,1654,413667,1149,214836,440,188332,65,10499,551,51227,1099,185975,616,237202,California
Solano,2021-06-05,1405,415072,1012,215848,342,188674,51,10550,470,50819,929,186904,521,237723,California
Solano,2021-06-06,668,415740,550,216398,86,188760,32,10582,380,50944,287,187191,412,238135,California
Solano,2021-06-07,1231,416971,940,217338,228,188988,63,10645,410,50600,817,188008,473,238608,California
Solano,2021-06-08,1833,418804,1325,218663,474,189462,34,10679,499,49804,1329,189337,533,239141,California
Solano,2021-06-09,1857,420661,1546,220209,250,189712,61,10740,603,49219,1248,190585,663,239804,California
Solano,2021-06-10,1211,421872,839,221048,305,190017,67,10807,394,48871,809,191394,461,240265,California
Solano,2021-06-11,1596,423468,1266,222314,264,190281,66,10873,595,48534,997,192391,660,240925,California
Solano,2021-06-12,1201,424669,924,223238,217,190498,60,10933,209,47818,985,193376,269,241194,California
Solano,2021-06-13,607,425276,518,223756,80,190578,9,10942,118,47456,489,193865,127,241321,California
Solano,2021-06-14,1307,426583,925,224681,348,190926,34,10976,311,46811,988,194853,343,241664,California
Solano,2021-06-15,1475,428058,932,225613,492,191418,51,11027,612,46618,856,195709,663,242327,California
Solano,2021-06-16,1152,429210,765,226378,316,191734,71,11098,398,46337,749,196458,468,242795,California
Solano,2021-06-17,1228,430438,937,227315,222,191956,69,11167,440,46074,771,197229,508,243303,California
Solano,2021-06-18,1175,431613,873,228188,237,192193,65,11232,439,45847,731,197960,504,243807,California
Solano,2021-06-19,421,432034,295,228483,101,192294,25,11257,162,45779,255,198215,187,243994,California
Solano,2021-06-20,181,432215,138,228621,36,192330,7,11264,84,45773,97,198312,91,244085,California
Solano,2021-06-21,620,432835,398,229019,159,192489,63,11327,394,46005,225,198537,457,244542,California
Solano,2021-06-22,741,433576,550,229569,162,192651,29,11356,240,45774,500,199037,269,244811,California
Sonoma,2020-12-15,4,4,4,4,0,0,0,0,4,4,0,0,4,4,California
Sonoma,2020-12-16,27,31,27,31,0,0,0,0,27,31,0,0,27,31,California
Sonoma,2020-12-17,112,143,112,143,0,0,0,0,112,143,0,0,112,143,California
Sonoma,2020-12-18,440,583,440,583,0,0,0,0,440,583,0,0,440,583,California
Sonoma,2020-12-19,114,697,113,696,1,1,0,0,114,697,0,0,114,697,California
Sonoma,2020-12-20,177,874,177,873,0,1,0,0,177,874,0,0,177,874,California
Sonoma,2020-12-21,911,1785,909,1782,2,3,0,0,910,1784,0,0,910,1784,California
Sonoma,2020-12-22,1359,3144,1269,3051,90,93,0,0,1359,3143,0,0,1359,3143,California
Sonoma,2020-12-23,1607,4751,1233,4284,374,467,0,0,1608,4751,0,0,1608,4751,California
Sonoma,2020-12-24,313,5064,103,4387,210,677,0,0,313,5064,0,0,313,5064,California
Sonoma,2020-12-25,8,5072,1,4388,7,684,0,0,8,5072,0,0,8,5072,California
Sonoma,2020-12-26,265,5337,256,4644,9,693,0,0,265,5337,0,0,265,5337,California
Sonoma,2020-12-27,96,5433,81,4725,15,708,0,0,96,5433,0,0,96,5433,California
Sonoma,2020-12-28,980,6413,545,5270,435,1143,0,0,953,6386,0,0,953,6386,California
Sonoma,2020-12-29,1136,7549,783,6053,353,1496,0,0,1102,7488,0,0,1102,7488,California
Sonoma,2020-12-30,1088,8637,477,6530,611,2107,0,0,1080,8568,0,0,1080,8568,California
Sonoma,2020-12-31,523,9160,69,6599,454,2561,0,0,524,9092,0,0,524,9092,California
Sonoma,2021-01-01,139,9299,62,6661,77,2638,0,0,139,9231,0,0,139,9231,California
Sonoma,2021-01-02,135,9434,128,6789,7,2645,0,0,135,9366,0,0,135,9366,California
Sonoma,2021-01-03,25,9459,10,6799,15,2660,0,0,25,9391,0,0,25,9391,California
Sonoma,2021-01-04,340,9799,104,6903,236,2896,0,0,339,9730,0,0,339,9730,California
Sonoma,2021-01-05,431,10230,99,7002,332,3228,0,0,405,10119,16,16,405,10135,California
Sonoma,2021-01-06,946,11176,430,7432,516,3744,0,0,834,10847,106,122,834,10969,California
Sonoma,2021-01-07,1039,12215,542,7974,497,4241,0,0,860,11529,178,300,860,11829,California
Sonoma,2021-01-08,1803,14018,1244,9218,559,4800,0,0,1314,12356,487,787,1314,13143,California
Sonoma,2021-01-09,642,14660,403,9621,239,5039,0,0,595,12904,47,834,595,13738,California
Sonoma,2021-01-10,475,15135,463,10084,12,5051,0,0,277,12983,198,1032,277,14015,California
Sonoma,2021-01-11,1390,16525,1244,11328,146,5197,0,0,415,12428,970,2002,415,14430,California
Sonoma,2021-01-12,1546,18071,1292,12620,254,5451,0,0,395,11674,1149,3151,395,14825,California
Sonoma,2021-01-13,2049,20120,1369,13989,680,6131,0,0,1182,11993,864,4015,1183,16008,California
Sonoma,2021-01-14,1540,21660,806,14795,734,6865,0,0,1311,13075,229,4244,1311,17319,California
Sonoma,2021-01-15,1563,23223,628,15423,935,7800,0,0,1338,14200,215,4459,1340,18659,California
Sonoma,2021-01-16,1153,24376,620,16043,533,8333,0,0,906,14863,243,4702,906,19565,California
Sonoma,2021-01-17,676,25052,554,16597,122,8455,0,0,596,15379,80,4782,596,20161,California
Sonoma,2021-01-18,1104,26156,934,17531,170,8625,0,0,618,15512,486,5268,619,20780,California
Sonoma,2021-01-19,2098,28254,999,18530,1099,9724,0,0,1385,16187,711,5979,1386,22166,California
Sonoma,2021-01-20,2111,30365,633,19163,1478,11202,0,0,1438,16963,663,6642,1439,23605,California
Sonoma,2021-01-21,2303,32668,645,19808,1658,12860,0,0,2077,18817,224,6866,2078,25683,California
Sonoma,2021-01-22,2763,35431,1054,20862,1709,14569,0,0,2613,21281,149,7015,2613,28296,California
Sonoma,2021-01-23,766,36197,593,21455,173,14742,0,0,656,21828,109,7124,656,28952,California
Sonoma,2021-01-24,852,37049,719,22174,133,14875,0,0,834,22644,18,7142,834,29786,California
Sonoma,2021-01-25,2182,39231,518,22692,1664,16539,0,0,1691,23844,491,7633,1691,31477,California
Sonoma,2021-01-26,2063,41294,305,22997,1758,18297,0,0,1602,24986,460,8093,1602,33079,California
Sonoma,2021-01-27,3762,45056,1286,24283,2476,20773,0,0,3184,27596,576,8669,3186,36265,California
Sonoma,2021-01-28,4158,49214,1856,26139,2302,23075,0,0,3471,30385,684,9353,3473,39738,California
Sonoma,2021-01-29,3029,52243,1428,27567,1601,24676,0,0,2177,31714,850,10203,2179,41917,California
Sonoma,2021-01-30,2596,54839,2402,29969,194,24870,0,0,2248,33616,347,10550,2249,44166,California
Sonoma,2021-01-31,802,55641,687,30656,115,24985,0,0,574,33963,227,10777,574,44740,California
Sonoma,2021-02-01,2505,58146,862,31518,1643,26628,0,0,2118,35697,384,11161,2118,46858,California
Sonoma,2021-02-02,3615,61761,1404,32922,2211,28839,0,0,3031,38148,581,11742,3032,49890,California
Sonoma,2021-02-03,4069,65830,1336,34258,2733,31572,0,0,3125,40334,940,12682,3126,53016,California
Sonoma,2021-02-04,4232,70062,1730,35988,2502,34074,0,0,3433,42971,797,13479,3434,56450,California
Sonoma,2021-02-05,4847,74909,1755,37743,3092,37166,0,0,3802,45740,1040,14519,3809,60259,California
Sonoma,2021-02-06,2688,77597,2324,40067,364,37530,0,0,2151,47355,536,15055,2151,62410,California
Sonoma,2021-02-07,1558,79155,1421,41488,137,37667,0,0,1302,48401,256,15311,1302,63712,California
Sonoma,2021-02-08,3277,82432,1037,42525,2240,39907,0,0,2683,50491,593,15904,2683,66395,California
Sonoma,2021-02-09,3592,86024,1706,44231,1886,41793,0,0,3112,53126,478,16382,3113,69508,California
Sonoma,2021-02-10,4575,90599,2502,46733,2073,43866,0,0,3565,55688,1004,17386,3566,73074,California
Sonoma,2021-02-11,5625,96224,3042,49775,2583,46449,0,0,4430,58927,1192,18578,4431,77505,California
Sonoma,2021-02-12,5972,102196,3287,53062,2685,49134,0,0,4521,62007,1447,20025,4527,82032,California
Sonoma,2021-02-13,2002,104198,1162,54224,840,49974,0,0,1198,62410,801,20826,1204,83236,California
Sonoma,2021-02-14,2339,106537,1841,56065,498,50472,0,0,1594,63264,741,21567,1595,84831,California
Sonoma,2021-02-15,2142,108679,790,56855,1352,51824,0,0,1599,64320,543,22110,1599,86430,California
Sonoma,2021-02-16,4937,113616,2074,58929,2863,54687,0,0,3659,66708,1274,23384,3662,90092,California
Sonoma,2021-02-17,5639,119255,2929,61858,2710,57397,0,0,3592,68266,2037,25421,3595,93687,California
Sonoma,2021-02-18,7007,126262,3166,65024,3841,61238,0,0,4041,69358,2950,28371,4042,97729,California
Sonoma,2021-02-19,5588,131850,1682,66706,3906,65144,0,0,3453,70685,2128,30499,3455,101184,California
Sonoma,2021-02-20,3127,134977,2837,69543,290,65434,0,0,1216,69997,1904,32403,1216,102400,California
Sonoma,2021-02-21,535,135512,422,69965,113,65547,0,0,136,69740,393,32796,136,102536,California
Sonoma,2021-02-22,2966,138478,1405,71370,1561,67108,0,0,1230,69243,1727,34523,1230,103766,California
Sonoma,2021-02-23,3467,141945,2137,73507,1330,68438,0,0,1625,69031,1837,36360,1625,105391,California
Sonoma,2021-02-24,5763,147708,2601,76108,3162,71600,0,0,2958,69195,2795,39155,2959,108350,California
Sonoma,2021-02-25,6026,153734,2352,78460,3674,75274,0,0,3244,69681,2758,41913,3244,111594,California
Sonoma,2021-02-26,6669,160403,2947,81407,3722,78996,0,0,4236,71493,2424,44337,4236,115830,California
Sonoma,2021-02-27,4297,164700,1987,83394,2310,81306,0,0,2893,72985,1401,45738,2893,118723,California
Sonoma,2021-02-28,2510,167210,1858,85252,651,81957,1,1,753,71991,1748,47486,754,119477,California
Sonoma,2021-03-01,4143,171353,1314,86566,2828,84785,1,2,2174,72211,1956,49442,2176,121653,California
Sonoma,2021-03-02,4449,175802,1528,88094,2918,87703,3,5,2576,72926,1864,51306,2579,124232,California
Sonoma,2021-03-03,5089,180891,2651,90745,2438,90141,0,5,2338,72523,2741,54047,2338,126570,California
Sonoma,2021-03-04,6000,186891,2692,93437,3308,93449,0,5,2603,71743,3383,57430,2603,129173,California
Sonoma,2021-03-05,6516,193407,2881,96318,3620,97069,15,20,2741,70744,3756,61186,2757,131930,California
Sonoma,2021-03-06,2810,196217,1235,97553,1438,98507,137,157,1928,71933,875,62061,2064,133994,California
Sonoma,2021-03-07,1759,197976,1428,98981,295,98802,36,193,396,71005,1360,63421,432,134426,California
Sonoma,2021-03-08,4097,202073,661,99642,3260,102062,176,369,2404,71902,1681,65102,2578,137004,California
Sonoma,2021-03-09,5647,207720,3106,102748,2272,104334,269,638,2772,72068,2862,67964,3028,140032,California
Sonoma,2021-03-10,6045,213765,3202,105950,2492,106826,351,989,2434,71255,3596,71560,2783,142815,California
Sonoma,2021-03-11,7578,221343,3042,108992,3711,110537,825,1814,2569,69653,4994,76554,3392,146207,California
Sonoma,2021-03-12,7433,228776,2259,111251,3801,114338,1373,3187,2098,67809,5310,81864,3466,149673,California
Sonoma,2021-03-13,3434,232210,1694,112945,1497,115835,243,3430,2010,68635,1422,83286,2248,151921,California
Sonoma,2021-03-14,1378,233588,378,113323,858,116693,142,3572,843,69088,532,83818,985,152906,California
Sonoma,2021-03-15,5258,238846,1523,114846,3348,120041,387,3959,2175,68580,3068,86886,2560,155466,California
Sonoma,2021-03-16,6326,245172,2267,117113,3826,123867,233,4192,2905,68303,3413,90299,3136,158602,California
Sonoma,2021-03-17,6843,252015,3584,120697,3075,126942,184,4376,3298,68253,3530,93829,3480,162082,California
Sonoma,2021-03-18,7177,259192,2956,123653,3604,130546,617,4993,3126,67951,4040,97869,3738,165820,California
Sonoma,2021-03-19,7540,266732,3272,126925,4039,134585,229,5222,3058,66783,4460,102329,3292,169112,California
Sonoma,2021-03-20,3733,270465,1759,128684,1141,135726,833,6055,2017,67919,1709,104038,2845,171957,California
Sonoma,2021-03-21,1390,271855,598,129282,757,136483,35,6090,1206,68983,177,104215,1241,173198,California
Sonoma,2021-03-22,4591,276446,3126,132408,1364,137847,101,6191,3346,71191,1239,105454,3447,176645,California
Sonoma,2021-03-23,5882,282328,3644,136052,2165,140012,73,6264,4435,74262,1437,106891,4508,181153,California
Sonoma,2021-03-24,6868,289196,4312,140364,2483,142495,73,6337,4196,75879,2651,109542,4268,185421,California
Sonoma,2021-03-25,7158,296354,4213,144577,2834,145329,111,6448,4300,77462,2830,112372,4413,189834,California
Sonoma,2021-03-26,7480,303834,3481,148058,3907,149236,92,6540,3826,77750,3629,116001,3917,193751,California
Sonoma,2021-03-27,3924,307758,1514,149572,2041,151277,369,6909,1005,76213,2908,118909,1371,195122,California
Sonoma,2021-03-28,1513,309271,947,150519,538,151815,28,6937,801,76333,708,119617,828,195950,California
Sonoma,2021-03-29,2981,312252,1106,151625,1842,153657,33,6970,1532,76459,1439,121056,1565,197515,California
Sonoma,2021-03-30,5906,318158,3243,154868,2600,156257,63,7033,3067,76760,2829,123885,3130,200645,California
Sonoma,2021-03-31,5637,323795,3410,158278,2010,158267,217,7250,3257,77869,2365,126250,3474,204119,California
Sonoma,2021-04-01,6973,330768,4081,162359,2545,160812,347,7597,3779,78818,3167,129417,4116,208235,California
Sonoma,2021-04-02,5972,336740,3571,165930,2292,163104,109,7706,3587,80139,2374,131791,3695,211930,California
Sonoma,2021-04-03,3655,340395,1820,167750,1610,164714,225,7931,1608,79935,2034,133825,1830,213760,California
Sonoma,2021-04-04,1072,341467,697,168447,284,164998,91,8022,655,80269,412,134237,746,214506,California
Sonoma,2021-04-05,4455,345922,649,169096,3458,168456,348,8370,1670,79510,2777,137014,2018,216524,California
Sonoma,2021-04-06,6963,352885,3522,172618,3033,171489,408,8778,4048,81065,2899,139913,4454,220978,California
Sonoma,2021-04-07,6882,359767,3887,176505,2152,173641,843,9621,3353,81740,3513,143426,4188,225166,California
Sonoma,2021-04-08,7684,367451,4161,180666,2749,176390,774,10395,4214,83264,3459,146885,4983,230149,California
Sonoma,2021-04-09,6872,374323,3828,184494,2149,178539,895,11290,3539,84372,3319,150204,4427,234576,California
Sonoma,2021-04-10,3931,378254,1709,186203,1663,180202,559,11849,1160,83325,2759,152963,1712,236288,California
Sonoma,2021-04-11,1282,379536,608,186811,593,180795,81,11930,440,83005,841,153804,521,236809,California
Sonoma,2021-04-12,4987,384523,2074,188885,2425,183220,488,12418,1857,82228,3115,156919,2338,239147,California
Sonoma,2021-04-13,7944,392467,4673,193558,3267,186487,4,12422,3049,80398,4882,161801,3052,242199,California
Sonoma,2021-04-14,6680,399147,3807,197365,2852,189339,21,12443,2573,78898,4092,165893,2592,244791,California
Sonoma,2021-04-15,7510,406657,4287,201652,3223,192562,0,12443,3674,78753,3820,169713,3675,248466,California
Sonoma,2021-04-16,6887,413544,3463,205115,3422,195984,2,12445,3905,79691,2970,172683,3908,252374,California
Sonoma,2021-04-17,3521,417065,1825,206940,1696,197680,0,12445,1682,79554,1820,174503,1683,254057,California
Sonoma,2021-04-18,1364,418429,972,207912,392,198072,0,12445,528,79247,835,175338,528,254585,California
Sonoma,2021-04-19,3337,421766,1893,209805,1443,199515,1,12446,1462,78840,1870,177208,1463,256048,California
Sonoma,2021-04-20,6360,428126,3521,213326,2838,202353,1,12447,2373,77248,3974,181182,2382,258430,California
Sonoma,2021-04-21,6713,434839,4286,217612,2425,204778,2,12449,3090,76741,3600,184782,3093,261523,California
Sonoma,2021-04-22,6318,441157,4499,222111,1819,206597,0,12449,2537,75514,3764,188546,2537,264060,California
Sonoma,2021-04-23,7452,448609,4637,226748,2809,209406,6,12455,3639,75361,3799,192345,3646,267706,California
Sonoma,2021-04-24,2778,451387,1505,228253,1258,210664,15,12470,1547,75697,1226,193571,1562,269268,California
Sonoma,2021-04-25,1088,452475,793,229046,295,210959,0,12470,429,75470,656,194227,429,269697,California
Sonoma,2021-04-26,2935,455410,1405,230451,1502,212461,28,12498,1615,75801,1312,195539,1643,271340,California
Sonoma,2021-04-27,5501,460911,3735,234186,1642,214103,124,12622,2254,74943,3235,198774,2377,273717,California
Sonoma,2021-04-28,4917,465828,3242,237428,1477,215580,198,12820,2095,74426,2805,201579,2288,276005,California
Sonoma,2021-04-29,5112,470940,3600,241028,1367,216947,145,12965,1928,73327,3172,204751,2073,278078,California
Sonoma,2021-04-30,5470,476410,3630,244658,1545,218492,295,13260,1819,71806,3634,208385,2113,280191,California
Sonoma,2021-05-01,2491,478901,1789,246447,597,219089,105,13365,1239,71902,1244,209629,1340,281531,California
Sonoma,2021-05-02,872,479773,650,247097,171,219260,51,13416,555,72192,317,209946,607,282138,California
Sonoma,2021-05-03,3200,482973,1693,248790,1361,220621,146,13562,1057,71261,2132,212078,1201,283339,California
Sonoma,2021-05-04,4603,487576,2410,251200,2014,222635,179,13741,1455,69766,3124,215202,1629,284968,California
Sonoma,2021-05-05,3686,491262,2184,253384,1308,223943,194,13935,1313,68912,2359,217561,1505,286473,California
Sonoma,2021-05-06,4574,495836,2414,255798,2034,225977,126,14061,1300,67126,3209,220770,1423,287896,California
Sonoma,2021-05-07,3613,499449,2324,258122,1166,227143,123,14184,1089,65826,2512,223282,1212,289108,California
Sonoma,2021-05-08,1878,501327,1273,259395,513,227656,92,14276,668,65387,1199,224481,760,289868,California
Sonoma,2021-05-09,503,501830,289,259684,173,227829,41,14317,160,65250,338,224819,201,290069,California
Sonoma,2021-05-10,2321,504151,1041,260725,1147,228976,133,14450,289,63653,2016,226835,419,290488,California
Sonoma,2021-05-11,3575,507726,1929,262654,1522,230498,124,14574,882,61984,2675,229510,1006,291494,California
Sonoma,2021-05-12,4036,511762,2502,265156,1382,231880,152,14726,844,59800,3179,232689,995,292489,California
Sonoma,2021-05-13,4947,516709,2838,267994,1979,233859,130,14856,1658,58309,3277,235966,1786,294275,California
Sonoma,2021-05-14,5798,522507,3602,271596,2059,235918,137,14993,2205,57073,3579,239545,2343,296618,California
Sonoma,2021-05-15,2930,525437,2153,273749,715,236633,62,15055,1848,57909,1074,240619,1910,298528,California
Sonoma,2021-05-16,1308,526745,1091,274840,158,236791,59,15114,972,58608,332,240951,1031,299559,California
Sonoma,2021-05-17,2444,529189,1818,276658,531,237322,95,15209,899,58060,1540,242491,992,300551,California
Sonoma,2021-05-18,4336,533525,2861,279519,1366,238688,109,15318,1471,56793,2846,245337,1579,302130,California
Sonoma,2021-05-19,3759,537284,2419,281938,1225,239913,115,15433,1492,56149,2251,247588,1607,303737,California
Sonoma,2021-05-20,3385,540669,2251,284189,1039,240952,95,15528,1337,55540,2035,249623,1426,305163,California
Sonoma,2021-05-21,4217,544886,2399,286588,1688,242640,130,15658,1506,54472,2689,252312,1621,306784,California
Sonoma,2021-05-22,2345,547231,1287,287875,1019,243659,39,15697,673,53524,1660,253972,712,307496,California
Sonoma,2021-05-23,1487,548718,1217,289092,253,243912,17,15714,775,53611,706,254678,793,308289,California
Sonoma,2021-05-24,1969,550687,1250,290342,588,244500,131,15845,644,53090,1296,255974,775,309064,California
Sonoma,2021-05-25,2930,553617,1805,292147,1038,245538,87,15932,743,51747,2172,258146,829,309893,California
Sonoma,2021-05-26,2478,556095,1732,293879,637,246175,109,16041,997,51381,1469,259615,1103,310996,California
Sonoma,2021-05-27,2089,558184,1141,295020,851,247026,97,16138,700,50796,1380,260995,795,311791,California
Sonoma,2021-05-28,2149,560333,1129,296149,927,247953,93,16231,618,49988,1519,262514,711,312502,California
Sonoma,2021-05-29,1343,561676,918,297067,357,248310,68,16299,649,50022,683,263197,717,313219,California
Sonoma,2021-05-30,345,562021,211,297278,122,248432,12,16311,137,49967,203,263400,148,313367,California
Sonoma,2021-05-31,70,562091,26,297304,43,248475,1,16312,17,49932,53,263453,18,313385,California
Sonoma,2021-06-01,1942,564033,1116,298420,749,249224,77,16389,710,49496,1219,264672,783,314168,California
Sonoma,2021-06-02,1579,565612,970,299390,495,249719,114,16503,666,49367,908,265580,779,314947,California
Sonoma,2021-06-03,2000,567612,1392,300782,529,250248,79,16582,443,48340,1548,267128,521,315468,California
Sonoma,2021-06-04,2698,570310,2205,302987,386,250634,107,16689,523,46803,2166,269294,629,316097,California
Sonoma,2021-06-05,1818,572128,1495,304482,292,250926,31,16720,300,45621,1513,270807,331,316428,California
Sonoma,2021-06-06,1011,573139,935,305417,67,250993,9,16729,157,44936,851,271658,166,316594,California
Sonoma,2021-06-07,1472,574611,1243,306660,175,251168,54,16783,333,44189,1131,272789,384,316978,California
Sonoma,2021-06-08,1893,576504,1525,308185,322,251490,46,16829,530,43413,1351,274140,575,317553,California
Sonoma,2021-06-09,1637,578141,1357,309542,219,251709,61,16890,389,42628,1235,275375,450,318003,California
Sonoma,2021-06-10,1835,579976,1507,311049,223,251932,105,16995,563,42035,1259,276634,666,318669,California
Sonoma,2021-06-11,1983,581959,1630,312679,263,252195,90,17085,544,41237,1432,278066,634,319303,California
Sonoma,2021-06-12,1129,583088,890,313569,192,252387,47,17132,357,40877,765,278831,405,319708,California
Sonoma,2021-06-13,553,583641,465,314034,70,252457,18,17150,105,40552,448,279279,123,319831,California
Sonoma,2021-06-14,942,584583,676,314710,207,252664,59,17209,344,40364,591,279870,403,320234,California
Sonoma,2021-06-15,1837,586420,1381,316091,349,253013,107,17316,608,39857,1221,281091,714,320948,California
Sonoma,2021-06-16,1563,587983,1212,317303,251,253264,100,17416,506,39409,1052,282143,604,321552,California
Sonoma,2021-06-17,1027,589010,784,318087,168,253432,75,17491,406,39272,617,282760,480,322032,California
Sonoma,2021-06-18,1061,590071,772,318859,193,253625,96,17587,451,39216,600,283360,544,322576,California
Sonoma,2021-06-19,830,590901,687,319546,106,253731,37,17624,274,38973,553,283913,310,322886,California
Sonoma,2021-06-20,243,591144,199,319745,37,253768,7,17631,83,38906,157,284070,90,322976,California
Sonoma,2021-06-21,520,591664,308,320053,145,253913,67,17698,258,38978,252,284322,324,323300,California
Sonoma,2021-06-22,913,592577,744,320797,91,254004,78,17776,416,38977,492,284814,491,323791,California
Stanislaus,2020-12-15,5,5,5,5,0,0,0,0,5,5,0,0,5,5,California
Stanislaus,2020-12-16,37,42,37,42,0,0,0,0,37,42,0,0,37,42,California
Stanislaus,2020-12-17,74,116,74,116,0,0,0,0,74,116,0,0,74,116,California
Stanislaus,2020-12-18,342,458,336,452,6,6,0,0,342,458,0,0,342,458,California
Stanislaus,2020-12-19,130,588,130,582,0,6,0,0,130,588,0,0,130,588,California
Stanislaus,2020-12-20,88,676,88,670,0,6,0,0,88,676,0,0,88,676,California
Stanislaus,2020-12-21,997,1673,996,1666,1,7,0,0,996,1672,1,1,997,1673,California
Stanislaus,2020-12-22,793,2466,781,2447,12,19,0,0,793,2465,0,1,793,2466,California
Stanislaus,2020-12-23,448,2914,429,2876,19,38,0,0,447,2912,1,2,448,2914,California
Stanislaus,2020-12-24,96,3010,88,2964,8,46,0,0,96,3008,0,2,96,3010,California
Stanislaus,2020-12-26,53,3063,9,2973,44,90,0,0,53,3061,0,2,53,3063,California
Stanislaus,2020-12-27,11,3074,6,2979,5,95,0,0,11,3072,0,2,11,3074,California
Stanislaus,2020-12-28,487,3561,395,3374,92,187,0,0,487,3559,0,2,487,3561,California
Stanislaus,2020-12-29,498,4059,415,3789,83,270,0,0,498,4057,0,2,498,4059,California
Stanislaus,2020-12-30,534,4593,281,4070,253,523,0,0,533,4589,1,3,533,4592,California
Stanislaus,2020-12-31,282,4875,159,4229,123,646,0,0,282,4871,0,3,282,4874,California
Stanislaus,2021-01-01,16,4891,7,4236,9,655,0,0,16,4887,0,3,16,4890,California
Stanislaus,2021-01-02,33,4924,25,4261,8,663,0,0,33,4920,0,3,33,4923,California
Stanislaus,2021-01-03,90,5014,87,4348,3,666,0,0,90,5010,0,3,90,5013,California
Stanislaus,2021-01-04,230,5244,152,4500,78,744,0,0,230,5240,0,3,230,5243,California
Stanislaus,2021-01-05,842,6086,349,4849,493,1237,0,0,816,6039,25,28,824,6067,California
Stanislaus,2021-01-06,1005,7091,601,5450,404,1641,0,0,928,6899,74,102,934,7001,California
Stanislaus,2021-01-07,1079,8170,706,6156,373,2014,0,0,886,7600,188,290,889,7890,California
Stanislaus,2021-01-08,1274,9444,719,6875,555,2569,0,0,929,8194,342,632,936,8826,California
Stanislaus,2021-01-09,289,9733,141,7016,148,2717,0,0,201,8307,88,720,201,9027,California
Stanislaus,2021-01-10,47,9780,20,7036,27,2744,0,0,28,8316,19,739,28,9055,California
Stanislaus,2021-01-11,1499,11279,1214,8250,285,3029,0,0,573,7987,920,1659,591,9646,California
Stanislaus,2021-01-12,1478,12757,870,9120,608,3637,0,0,829,8185,645,2304,843,10489,California
Stanislaus,2021-01-13,1449,14206,688,9808,761,4398,0,0,1125,8999,323,2627,1137,11626,California
Stanislaus,2021-01-14,2246,16452,285,10093,1961,6359,0,0,2064,10964,179,2806,2144,13770,California
Stanislaus,2021-01-15,2824,19276,1158,11251,1666,8025,0,0,2664,13559,156,2962,2751,16521,California
Stanislaus,2021-01-16,473,19749,50,11301,423,8448,0,0,454,13997,18,2980,456,16977,California
Stanislaus,2021-01-17,243,19992,202,11503,41,8489,0,0,236,14227,6,2986,236,17213,California
Stanislaus,2021-01-18,2188,22180,1021,12524,1167,9656,0,0,1791,15705,392,3378,1870,19083,California
Stanislaus,2021-01-19,1256,23436,723,13247,533,10189,0,0,805,16064,447,3825,806,19889,California
Stanislaus,2021-01-20,1013,24449,489,13736,524,10713,0,0,718,16488,294,4119,718,20607,California
Stanislaus,2021-01-21,3697,28146,2981,16717,716,11429,0,0,3356,19624,337,4456,3473,24080,California
Stanislaus,2021-01-22,1100,29246,309,17026,791,12220,0,0,1056,20643,40,4496,1059,25139,California
Stanislaus,2021-01-23,357,29603,41,17067,316,12536,0,0,299,20886,57,4553,300,25439,California
Stanislaus,2021-01-24,303,29906,100,17167,203,12739,0,0,237,21059,66,4619,239,25678,California
Stanislaus,2021-01-25,3163,33069,228,17395,2935,15674,0,0,2822,23737,305,4924,2983,28661,California
Stanislaus,2021-01-26,1734,34803,749,18144,985,16659,0,0,1296,24620,431,5355,1314,29975,California
Stanislaus,2021-01-27,1896,36699,1054,19198,842,17501,0,0,1189,25153,658,6013,1191,31166,California
Stanislaus,2021-01-28,2213,38912,1515,20713,698,18199,0,0,1718,26449,486,6499,1782,32948,California
Stanislaus,2021-01-29,2459,41371,1205,21918,1254,19453,0,0,1918,27926,494,6993,1971,34919,California
Stanislaus,2021-01-30,296,41667,134,22052,162,19615,0,0,230,28101,55,7048,230,35149,California
Stanislaus,2021-01-31,368,42035,313,22365,55,19670,0,0,354,28444,11,7059,354,35503,California
Stanislaus,2021-02-01,1295,43330,582,22947,713,20383,0,0,936,29034,347,7406,937,36440,California
Stanislaus,2021-02-02,1210,44540,345,23292,865,21248,0,0,772,29382,427,7833,775,37215,California
Stanislaus,2021-02-03,2619,47159,1237,24529,1382,22630,0,0,1918,30620,696,8529,1934,39149,California
Stanislaus,2021-02-04,2094,49253,713,25242,1381,24011,0,0,1580,31708,500,9029,1588,40737,California
Stanislaus,2021-02-05,2853,52106,1470,26712,1383,25394,0,0,1592,32119,1195,10224,1606,42343,California
Stanislaus,2021-02-06,886,52992,299,27011,587,25981,0,0,693,32623,191,10415,695,43038,California
Stanislaus,2021-02-07,230,53222,205,27216,25,26006,0,0,41,32479,186,10601,42,43080,California
Stanislaus,2021-02-08,2043,55265,1337,28553,706,26712,0,0,1101,32708,900,11501,1129,44209,California
Stanislaus,2021-02-09,1847,57112,786,29339,1061,27773,0,0,1049,32996,772,12273,1060,45269,California
Stanislaus,2021-02-10,1946,59058,536,29875,1410,29183,0,0,1018,33112,904,13177,1020,46289,California
Stanislaus,2021-02-11,5408,64466,3275,33150,2133,31316,0,0,1230,30408,3941,17118,1237,47526,California
Stanislaus,2021-02-12,3304,67770,916,34066,2388,33704,0,0,1454,30106,1766,18884,1464,48990,California
Stanislaus,2021-02-13,1354,69124,651,34717,703,34407,0,0,983,30731,364,19248,989,49979,California
Stanislaus,2021-02-14,416,69540,167,34884,249,34656,0,0,347,31014,67,19315,350,50329,California
Stanislaus,2021-02-15,1816,71356,229,35113,1587,36243,0,0,577,30473,1122,20437,581,50910,California
Stanislaus,2021-02-16,1362,72718,422,35535,940,37183,0,0,578,30281,772,21209,580,51490,California
Stanislaus,2021-02-17,2767,75485,1696,37231,1071,38254,0,0,1925,31383,836,22045,1938,53428,California
Stanislaus,2021-02-18,3370,78855,1905,39136,1465,39719,0,0,1771,31693,1507,23552,1817,55245,California
Stanislaus,2021-02-19,2774,81629,1077,40213,1697,41416,0,0,1514,32020,1211,24763,1538,56783,California
Stanislaus,2021-02-20,751,82380,382,40595,369,41785,0,0,475,32240,256,25019,476,57259,California
Stanislaus,2021-02-21,906,83286,692,41287,214,41999,0,0,542,32455,339,25358,554,57813,California
Stanislaus,2021-02-22,2349,85635,1696,42983,653,42652,0,0,1632,33392,696,26054,1633,59446,California
Stanislaus,2021-02-23,3746,89381,679,43662,3067,45719,0,0,1738,33305,1837,27891,1750,61196,California
Stanislaus,2021-02-24,4189,93570,2858,46520,1331,47050,0,0,3115,35373,1050,28941,3118,64314,California
Stanislaus,2021-02-25,3961,97531,2720,49240,1241,48291,0,0,3154,37743,787,29728,3157,67471,California
Stanislaus,2021-02-26,4216,101747,1210,50450,3006,51297,0,0,2834,39266,1324,31052,2847,70318,California
Stanislaus,2021-02-27,2092,103839,712,51162,1379,52676,1,1,1859,40923,204,31256,1861,72179,California
Stanislaus,2021-02-28,826,104665,260,51422,566,53242,0,1,775,41660,39,31295,776,72955,California
Stanislaus,2021-03-01,2796,107461,1644,53066,1147,54389,5,6,1638,42204,1112,32407,1656,74611,California
Stanislaus,2021-03-02,2398,109859,1428,54494,969,55358,1,7,1658,43141,724,33131,1661,76272,California
Stanislaus,2021-03-03,3716,113575,2232,56726,1480,56838,4,11,2903,45252,795,33926,2906,79178,California
Stanislaus,2021-03-04,5442,119017,3109,59835,2317,59155,16,27,4187,48232,1219,35145,4199,83377,California
Stanislaus,2021-03-05,4088,123105,1120,60955,2952,62107,16,43,3088,50364,971,36116,3103,86480,California
Stanislaus,2021-03-06,3584,126689,2234,63189,1257,63364,93,136,2729,52337,851,36967,2824,89304,California
Stanislaus,2021-03-07,855,127544,388,63577,431,63795,36,172,667,52857,183,37150,703,90007,California
Stanislaus,2021-03-08,1993,129537,862,64439,1042,64837,89,261,1327,53627,646,37796,1416,91423,California
Stanislaus,2021-03-09,2179,131716,902,65341,1185,66022,92,353,1630,54817,537,38333,1727,93150,California
Stanislaus,2021-03-10,5074,136790,2507,67848,2341,68363,226,579,3735,57473,1318,39651,3974,97124,California
Stanislaus,2021-03-11,5715,142505,3141,70989,2098,70461,476,1055,4115,60644,1425,41076,4596,101720,California
Stanislaus,2021-03-12,5775,148280,1229,72218,2619,73080,1927,2982,2909,62639,2838,43914,4833,106553,California
Stanislaus,2021-03-13,3401,151681,2181,74399,1149,74229,71,3053,2700,64723,694,44608,2778,109331,California
Stanislaus,2021-03-14,985,152666,592,74991,341,74570,52,3105,486,64767,496,45104,540,109871,California
Stanislaus,2021-03-15,3689,156355,1975,76966,1353,75923,361,3466,1605,64753,1987,47091,1973,111844,California
Stanislaus,2021-03-16,4977,161332,2466,79432,2075,77998,436,3902,3560,67354,1394,48485,3995,115839,California
Stanislaus,2021-03-17,4727,166059,2853,82285,1696,79694,178,4080,2877,68601,1813,50298,3060,118899,California
Stanislaus,2021-03-18,5431,171490,3422,85707,1942,81636,67,4147,2931,69259,2345,52643,3003,121902,California
Stanislaus,2021-03-19,5925,177415,1542,87249,2863,84499,1520,5667,3109,71109,2774,55417,4624,126526,California
Stanislaus,2021-03-20,3868,181283,3035,90284,765,85264,68,5735,3374,74082,470,55887,3443,129969,California
Stanislaus,2021-03-21,1014,182297,909,91193,41,85305,64,5799,770,74679,237,56124,834,130803,California
Stanislaus,2021-03-22,2817,185114,1324,92517,769,86074,724,6523,1233,75085,1554,57678,1960,132763,California
Stanislaus,2021-03-23,3944,189058,2024,94541,1662,87736,258,6781,2805,77047,1121,58799,3083,135846,California
Stanislaus,2021-03-24,4573,193631,3223,97764,1272,89008,78,6859,2644,77891,1881,60680,2725,138571,California
Stanislaus,2021-03-25,4251,197882,2925,100689,1312,90320,14,6873,1818,77371,2354,63034,1834,140405,California
Stanislaus,2021-03-26,4768,202650,1336,102025,3358,93678,74,6947,2390,77504,2344,65378,2477,142882,California
Stanislaus,2021-03-27,4410,207060,2752,104777,1574,95252,84,7031,1382,75968,3010,68388,1474,144356,California
Stanislaus,2021-03-28,1105,208165,438,105215,559,95811,108,7139,318,75626,774,69162,432,144788,California
Stanislaus,2021-03-29,2969,211134,1822,107037,1108,96919,39,7178,1978,76668,981,70143,2023,146811,California
Stanislaus,2021-03-30,3679,214813,2065,109102,1588,98507,26,7204,2230,77492,1438,71581,2262,149073,California
Stanislaus,2021-03-31,5443,220256,3856,112958,1468,99975,119,7323,2784,77761,2638,74219,2907,151980,California
Stanislaus,2021-04-01,5739,225995,3843,116801,1806,101781,90,7413,2628,77405,3084,77303,2728,154708,California
Stanislaus,2021-04-02,5023,231018,1211,118012,3656,105437,156,7569,2243,77128,2687,79990,2410,157118,California
Stanislaus,2021-04-03,4548,235566,3306,121318,1206,106643,36,7605,2246,77131,2292,82282,2295,159413,California
Stanislaus,2021-04-04,1330,236896,474,121792,826,107469,30,7635,652,77148,669,82951,686,160099,California
Stanislaus,2021-04-05,3636,240532,2530,124322,857,108326,249,7884,2359,78494,1267,84218,2613,162712,California
Stanislaus,2021-04-06,5756,246288,4178,128500,1303,109629,275,8159,3078,79190,2663,86881,3359,166071,California
Stanislaus,2021-04-07,6356,252644,3600,132100,2327,111956,429,8588,2830,78949,3508,90389,3267,169338,California
Stanislaus,2021-04-08,5693,258337,3331,135431,1926,113882,436,9024,2779,79276,2890,93279,3217,172555,California
Stanislaus,2021-04-09,4826,263163,2107,137538,2343,116225,376,9400,2184,79233,2617,95896,2574,175129,California
Stanislaus,2021-04-10,6508,269671,3994,141532,875,117100,1639,11039,1999,78382,4483,100379,3632,178761,California
Stanislaus,2021-04-11,1521,271192,851,142383,539,117639,131,11170,669,78334,849,101228,801,179562,California
Stanislaus,2021-04-12,3597,274789,2047,144430,1105,118744,445,11615,1876,78965,1699,102927,2330,181892,California
Stanislaus,2021-04-13,5202,279991,3424,147854,1764,120508,14,11629,2918,79650,2241,105168,2926,184818,California
Stanislaus,2021-04-14,4695,284686,3286,151140,1407,121915,2,11631,2296,79590,2363,107531,2303,187121,California
Stanislaus,2021-04-15,5394,290080,3323,154463,2068,123983,3,11634,3234,80712,2116,109647,3238,190359,California
Stanislaus,2021-04-16,4328,294408,991,155454,3336,127319,1,11635,1818,80069,2464,112111,1821,192180,California
Stanislaus,2021-04-17,3167,297575,2130,157584,1037,128356,0,11635,1841,80600,1313,113424,1844,194024,California
Stanislaus,2021-04-18,539,298114,222,157806,315,128671,2,11637,412,80895,120,113544,415,194439,California
Stanislaus,2021-04-19,3465,301579,2449,160255,1014,129685,2,11639,1641,80754,1789,115333,1648,196087,California
Stanislaus,2021-04-20,3980,305559,2419,162674,1561,131246,0,11639,1737,80281,2212,117545,1739,197826,California
Stanislaus,2021-04-21,3833,309392,2559,165233,1273,132519,1,11640,1595,79686,2197,119742,1602,199428,California
Stanislaus,2021-04-22,3961,313353,2414,167647,1547,134066,0,11640,1581,78938,2333,122075,1585,201013,California
Stanislaus,2021-04-23,3596,316949,842,168489,2753,136819,1,11641,1466,78375,2037,124112,1474,202487,California
Stanislaus,2021-04-24,3800,320749,2946,171435,854,137673,0,11641,1798,78194,1984,126096,1803,204290,California
Stanislaus,2021-04-25,938,321687,482,171917,456,138129,0,11641,689,78644,243,126339,693,204983,California
Stanislaus,2021-04-26,3362,325049,2360,174277,996,139125,6,11647,1052,77419,2288,128627,1063,206046,California
Stanislaus,2021-04-27,4038,329087,2802,177079,1188,140313,48,11695,1173,75806,2838,131465,1225,207271,California
Stanislaus,2021-04-28,4270,333357,3030,180109,1178,141491,62,11757,1844,75315,2406,133871,1915,209186,California
Stanislaus,2021-04-29,3636,336993,2259,182368,1329,142820,48,11805,1448,74647,2174,136045,1506,210692,California
Stanislaus,2021-04-30,4513,341506,2047,184415,2381,145201,85,11890,1783,73808,2715,138760,1876,212568,California
Stanislaus,2021-05-01,2714,344220,1928,186343,745,145946,41,11931,1019,73190,1686,140446,1068,213636,California
Stanislaus,2021-05-02,1081,345301,617,186960,426,146372,38,11969,523,73205,552,140998,567,214203,California
Stanislaus,2021-05-03,2418,347719,1929,188889,416,146788,73,12042,911,72698,1494,142492,987,215190,California
Stanislaus,2021-05-04,3471,351190,2469,191358,912,147700,90,12132,1064,71467,2394,144886,1163,216353,California
Stanislaus,2021-05-05,3200,354390,2139,193497,986,148686,75,12207,1090,70545,2090,146976,1168,217521,California
Stanislaus,2021-05-06,3519,357909,2696,196193,699,149385,124,12331,1056,69291,2440,149416,1186,218707,California
Stanislaus,2021-05-07,2320,360229,885,197078,1273,150658,162,12493,946,69039,1362,150778,1110,219817,California
Stanislaus,2021-05-08,1961,362190,1345,198423,583,151241,33,12526,714,68563,1230,152008,754,220571,California
Stanislaus,2021-05-09,714,362904,343,198766,345,151586,26,12552,308,68494,404,152412,335,220906,California
Stanislaus,2021-05-10,1687,364591,1142,199908,449,152035,96,12648,455,67827,1220,153632,553,221459,California
Stanislaus,2021-05-11,2377,366968,1505,201413,714,152749,158,12806,678,66981,1687,155319,841,222300,California
Stanislaus,2021-05-12,2274,369242,1330,202743,835,153584,109,12915,902,66637,1358,156677,1014,223314,California
Stanislaus,2021-05-13,2008,371250,1156,203899,735,154319,117,13032,914,66585,1085,157762,1033,224347,California
Stanislaus,2021-05-14,2620,373870,1164,205063,1318,155637,138,13170,1207,66538,1394,159156,1347,225694,California
Stanislaus,2021-05-15,2482,376352,1768,206831,664,156301,50,13220,1204,66533,1268,160424,1263,226957,California
Stanislaus,2021-05-16,1025,377377,667,207498,350,156651,8,13228,559,66641,463,160887,571,227528,California
Stanislaus,2021-05-17,1932,379309,1295,208793,556,157207,81,13309,925,66653,1001,161888,1013,228541,California
Stanislaus,2021-05-18,2204,381513,1502,210295,588,157795,114,13423,1146,66865,1047,162935,1259,229800,California
Stanislaus,2021-05-19,3031,384544,2071,212366,806,158601,154,13577,1354,66713,1665,164600,1513,231313,California
Stanislaus,2021-05-20,2112,386656,1136,213502,872,159473,104,13681,865,66451,1236,165836,974,232287,California
Stanislaus,2021-05-21,2337,388993,1132,214634,1108,160581,97,13778,958,66146,1363,167199,1058,233345,California
Stanislaus,2021-05-22,1942,390935,1202,215836,671,161252,69,13847,866,66013,1069,168268,936,234281,California
Stanislaus,2021-05-23,1033,391968,666,216502,352,161604,15,13862,490,65980,538,168806,505,234786,California
Stanislaus,2021-05-24,1581,393549,1087,217589,419,162023,75,13937,611,65705,968,169774,693,235479,California
Stanislaus,2021-05-25,1701,395250,1166,218755,437,162460,98,14035,830,65769,867,170641,931,236410,California
Stanislaus,2021-05-26,1896,397146,1189,219944,656,163116,51,14086,907,65747,981,171622,959,237369,California
Stanislaus,2021-05-27,1720,398866,950,220894,695,163811,75,14161,646,65404,1064,172686,721,238090,California
Stanislaus,2021-05-28,1958,400824,892,221786,987,164798,79,14240,861,65252,1092,173778,940,239030,California
Stanislaus,2021-05-29,1311,402135,845,222631,425,165223,41,14281,613,65214,694,174472,656,239686,California
Stanislaus,2021-05-30,453,402588,272,222903,147,165370,34,14315,213,65225,236,174708,247,239933,California
Stanislaus,2021-05-31,259,402847,122,223025,130,165500,7,14322,97,65168,161,174869,104,240037,California
Stanislaus,2021-06-01,1546,404393,976,224001,518,166018,52,14374,621,64925,919,175788,676,240713,California
Stanislaus,2021-06-02,1716,406109,1094,225095,556,166574,66,14440,745,64776,962,176750,813,241526,California
Stanislaus,2021-06-03,1308,407417,773,225868,489,167063,46,14486,524,64578,771,177521,573,242099,California
Stanislaus,2021-06-04,1894,409311,1136,227004,688,167751,70,14556,719,64213,1164,178685,799,242898,California
Stanislaus,2021-06-05,1372,410683,1048,228052,298,168049,26,14582,474,63823,891,179576,501,243399,California
Stanislaus,2021-06-06,502,411185,412,228464,82,168131,8,14590,204,63739,298,179874,214,243613,California
Stanislaus,2021-06-07,1404,412589,1079,229543,280,168411,45,14635,546,63481,850,180724,592,244205,California
Stanislaus,2021-06-08,1806,414395,1361,230904,372,168783,73,14708,654,63070,1139,181863,728,244933,California
Stanislaus,2021-06-09,1754,416149,1237,232141,436,169219,81,14789,587,62576,1163,183026,669,245602,California
Stanislaus,2021-06-10,1362,417511,861,233002,441,169660,60,14849,569,62423,783,183809,630,246232,California
Stanislaus,2021-06-11,1429,418940,838,233840,540,170200,51,14900,540,62146,874,184683,597,246829,California
Stanislaus,2021-06-12,1010,419950,732,234572,255,170455,23,14923,375,61921,628,185311,403,247232,California
Stanislaus,2021-06-13,528,420478,387,234959,135,170590,6,14929,175,61755,350,185661,184,247416,California
Stanislaus,2021-06-14,1232,421710,894,235853,317,170907,21,14950,509,61571,715,186376,531,247947,California
Stanislaus,2021-06-15,1564,423274,1124,236977,397,171304,43,14993,537,61130,1023,187399,582,248529,California
Stanislaus,2021-06-16,1774,425048,1278,238255,430,171734,66,15059,702,60832,1069,188468,771,249300,California
Stanislaus,2021-06-17,1125,426173,708,238963,373,172107,44,15103,525,60808,595,189063,571,249871,California
Stanislaus,2021-06-18,1290,427463,776,239739,435,172542,79,15182,515,60635,769,189832,596,250467,California
Stanislaus,2021-06-19,848,428311,622,240361,182,172724,44,15226,370,60576,474,190306,415,250882,California
Stanislaus,2021-06-20,304,428615,212,240573,86,172810,6,15232,141,60560,163,190469,147,251029,California
Stanislaus,2021-06-21,850,429465,490,241063,236,173046,124,15356,428,60698,417,190886,555,251584,California
Stanislaus,2021-06-22,406,429871,272,241335,90,173136,44,15400,155,60647,250,191136,199,251783,California
Sutter,2020-12-15,1,1,1,1,0,0,0,0,1,1,0,0,1,1,California
Sutter,2020-12-16,4,5,4,5,0,0,0,0,4,5,0,0,4,5,California
Sutter,2020-12-17,3,8,3,8,0,0,0,0,3,8,0,0,3,8,California
Sutter,2020-12-18,21,29,21,29,0,0,0,0,21,29,0,0,21,29,California
Sutter,2020-12-19,46,75,46,75,0,0,0,0,46,75,0,0,46,75,California
Sutter,2020-12-20,43,118,43,118,0,0,0,0,43,118,0,0,43,118,California
Sutter,2020-12-21,100,218,100,218,0,0,0,0,100,218,0,0,100,218,California
Sutter,2020-12-22,171,389,171,389,0,0,0,0,171,389,0,0,171,389,California
Sutter,2020-12-23,116,505,111,500,5,5,0,0,116,505,0,0,116,505,California
Sutter,2020-12-24,17,522,11,511,6,11,0,0,17,522,0,0,17,522,California
Sutter,2020-12-26,38,560,34,545,4,15,0,0,38,560,0,0,38,560,California
Sutter,2020-12-27,24,584,23,568,1,16,0,0,24,584,0,0,24,584,California
Sutter,2020-12-28,84,668,56,624,28,44,0,0,84,668,0,0,84,668,California
Sutter,2020-12-29,103,771,14,638,89,133,0,0,103,771,0,0,103,771,California
Sutter,2020-12-30,137,908,33,671,104,237,0,0,137,908,0,0,137,908,California
Sutter,2020-12-31,69,977,6,677,63,300,0,0,69,977,0,0,69,977,California
Sutter,2021-01-01,3,980,3,680,0,300,0,0,3,980,0,0,3,980,California
Sutter,2021-01-02,131,1111,129,809,2,302,0,0,131,1111,0,0,131,1111,California
Sutter,2021-01-03,1,1112,0,809,1,303,0,0,1,1112,0,0,1,1112,California
Sutter,2021-01-04,245,1357,137,946,108,411,0,0,245,1357,0,0,245,1357,California
Sutter,2021-01-05,100,1457,56,1002,44,455,0,0,97,1451,3,3,97,1454,California
Sutter,2021-01-06,204,1661,50,1052,154,609,0,0,199,1645,5,8,199,1653,California
Sutter,2021-01-07,255,1916,152,1204,103,712,0,0,246,1882,9,17,246,1899,California
Sutter,2021-01-08,150,2066,41,1245,109,821,0,0,132,1996,18,35,132,2031,California
Sutter,2021-01-09,45,2111,44,1289,1,822,0,0,3,1957,42,77,3,2034,California
Sutter,2021-01-10,396,2507,37,1326,359,1181,0,0,358,2278,37,114,358,2392,California
Sutter,2021-01-11,132,2639,116,1442,16,1197,0,0,24,2194,108,222,24,2416,California
Sutter,2021-01-12,200,2839,163,1605,37,1234,0,0,58,2110,142,364,58,2474,California
Sutter,2021-01-13,163,3002,100,1705,63,1297,0,0,72,2092,90,454,72,2546,California
Sutter,2021-01-14,147,3149,51,1756,96,1393,0,0,127,2199,20,474,127,2673,California
Sutter,2021-01-15,438,3587,131,1887,307,1700,0,0,423,2607,15,489,423,3096,California
Sutter,2021-01-16,388,3975,42,1929,346,2046,0,0,358,2935,30,519,358,3454,California
Sutter,2021-01-17,28,4003,25,1954,3,2049,0,0,12,2931,16,535,12,3466,California
Sutter,2021-01-18,121,4124,64,2018,57,2106,0,0,72,2954,49,584,72,3538,California
Sutter,2021-01-19,107,4231,42,2060,65,2171,0,0,83,3013,24,608,83,3621,California
Sutter,2021-01-20,271,4502,208,2268,63,2234,0,0,251,3244,20,628,251,3872,California
Sutter,2021-01-21,494,4996,322,2590,172,2406,0,0,476,3702,18,646,476,4348,California
Sutter,2021-01-22,245,5241,54,2644,191,2597,0,0,235,3928,9,655,235,4583,California
Sutter,2021-01-23,398,5639,39,2683,359,2956,0,0,372,4274,26,681,372,4955,California
Sutter,2021-01-24,16,5655,14,2697,2,2958,0,0,14,4286,2,683,14,4969,California
Sutter,2021-01-25,308,5963,195,2892,113,3071,0,0,152,4284,155,838,153,5122,California
Sutter,2021-01-26,249,6212,107,2999,142,3213,0,0,143,4322,105,943,143,5265,California
Sutter,2021-01-27,389,6601,256,3255,133,3346,0,0,322,4577,67,1010,322,5587,California
Sutter,2021-01-28,586,7187,359,3614,227,3573,0,0,412,4818,171,1181,412,5999,California
Sutter,2021-01-29,367,7554,87,3701,280,3853,0,0,245,4941,122,1303,245,6244,California
Sutter,2021-01-30,786,8340,38,3739,748,4601,0,0,775,5705,11,1314,775,7019,California
Sutter,2021-01-31,27,8367,26,3765,1,4602,0,0,27,5732,0,1314,27,7046,California
Sutter,2021-02-01,169,8536,51,3816,118,4720,0,0,137,5838,31,1345,137,7183,California
Sutter,2021-02-02,245,8781,25,3841,220,4940,0,0,211,6015,34,1379,211,7394,California
Sutter,2021-02-03,444,9225,38,3879,406,5346,0,0,211,5994,232,1611,211,7605,California
Sutter,2021-02-04,679,9904,365,4244,314,5660,0,0,625,6566,53,1664,625,8230,California
Sutter,2021-02-05,291,10195,32,4276,259,5919,0,0,140,6555,151,1815,140,8370,California
Sutter,2021-02-06,741,10936,30,4306,711,6630,0,0,721,7256,20,1835,721,9091,California
Sutter,2021-02-07,22,10958,18,4324,4,6634,0,0,17,7268,5,1840,17,9108,California
Sutter,2021-02-08,132,11090,29,4353,103,6737,0,0,99,7334,33,1873,99,9207,California
Sutter,2021-02-09,247,11337,45,4398,202,6939,0,0,185,7457,62,1935,185,9392,California
Sutter,2021-02-10,823,12160,385,4783,438,7377,0,0,179,6994,643,2578,180,9572,California
Sutter,2021-02-11,605,12765,271,5054,334,7711,0,0,345,7080,260,2838,346,9918,California
Sutter,2021-02-12,644,13409,69,5123,575,8286,0,0,316,7070,327,3165,317,10235,California
Sutter,2021-02-13,910,14319,48,5171,862,9148,0,0,794,7748,116,3281,794,11029,California
Sutter,2021-02-14,99,14418,26,5197,73,9221,0,0,87,7823,12,3293,87,11116,California
Sutter,2021-02-15,202,14620,70,5267,132,9353,0,0,121,7863,81,3374,121,11237,California
Sutter,2021-02-16,292,14912,45,5312,247,9600,0,0,207,7987,84,3458,208,11445,California
Sutter,2021-02-17,827,15739,430,5742,397,9997,0,0,132,7425,694,4152,132,11577,California
Sutter,2021-02-18,711,16450,59,5801,652,10649,0,0,495,7705,215,4367,495,12072,California
Sutter,2021-02-19,668,17118,379,6180,289,10938,0,0,462,7963,204,4571,462,12534,California
Sutter,2021-02-20,622,17740,56,6236,566,11504,0,0,519,8380,102,4673,519,13053,California
Sutter,2021-02-21,29,17769,26,6262,3,11507,0,0,9,8369,20,4693,9,13062,California
Sutter,2021-02-22,209,17978,122,6384,87,11594,0,0,88,8336,121,4814,88,13150,California
Sutter,2021-02-23,222,18200,32,6416,190,11784,0,0,96,8307,125,4939,96,13246,California
Sutter,2021-02-24,977,19177,349,6765,628,12412,0,0,198,7727,778,5717,198,13444,California
Sutter,2021-02-25,791,19968,501,7266,290,12702,0,0,607,8154,180,5897,607,14051,California
Sutter,2021-02-26,381,20349,61,7327,320,13022,0,0,157,8089,222,6119,157,14208,California
Sutter,2021-02-27,880,21229,48,7375,832,13854,0,0,713,8635,167,6286,713,14921,California
Sutter,2021-02-28,87,21316,43,7418,44,13898,0,0,68,8685,18,6304,68,14989,California
Sutter,2021-03-01,251,21567,62,7480,189,14087,0,0,153,8740,98,6402,153,15142,California
Sutter,2021-03-02,338,21905,59,7539,279,14366,0,0,162,8728,174,6576,162,15304,California
Sutter,2021-03-03,1407,23312,533,8072,874,15240,0,0,662,8651,739,7315,662,15966,California
Sutter,2021-03-04,1260,24572,862,8934,398,15638,0,0,945,9286,310,7625,945,16911,California
Sutter,2021-03-05,342,24914,81,9015,260,15898,1,1,209,9363,133,7758,210,17121,California
Sutter,2021-03-06,1029,25943,49,9064,975,16873,5,6,858,10057,169,7927,863,17984,California
Sutter,2021-03-07,64,26007,22,9086,41,16914,1,7,42,10078,22,7949,43,18027,California
Sutter,2021-03-08,226,26233,77,9163,137,17051,12,19,159,10182,67,8016,171,18198,California
Sutter,2021-03-09,393,26626,143,9306,238,17289,12,31,191,10183,202,8218,203,18401,California
Sutter,2021-03-10,1586,28212,685,9991,837,18126,64,95,528,9722,1053,9271,592,18993,California
Sutter,2021-03-11,897,29109,445,10436,435,18561,17,112,649,10143,245,9516,666,19659,California
Sutter,2021-03-12,684,29793,111,10547,391,18952,182,294,200,10042,481,9997,380,20039,California
Sutter,2021-03-13,1001,30794,755,11302,228,19180,18,312,787,10634,212,10209,804,20843,California
Sutter,2021-03-14,139,30933,22,11324,106,19286,11,323,46,10598,93,10302,57,20900,California
Sutter,2021-03-15,330,31263,68,11392,213,19499,49,372,156,10631,172,10474,205,21105,California
Sutter,2021-03-16,393,31656,84,11476,262,19761,47,419,213,10710,180,10654,259,21364,California
Sutter,2021-03-17,1501,33157,563,12039,916,20677,22,441,311,9862,1180,11834,332,21696,California
Sutter,2021-03-18,975,34132,176,12215,597,21274,202,643,569,10230,401,12235,769,22465,California
Sutter,2021-03-19,464,34596,165,12380,269,21543,30,673,283,10363,179,12414,312,22777,California
Sutter,2021-03-20,948,35544,116,12496,821,22364,11,684,857,11141,90,12504,868,23645,California
Sutter,2021-03-21,71,35615,49,12545,19,22383,3,687,32,11137,39,12543,35,23680,California
Sutter,2021-03-22,288,35903,118,12663,143,22526,27,714,210,11297,77,12620,237,23917,California
Sutter,2021-03-23,376,36279,115,12778,227,22753,34,748,252,11459,123,12743,285,24202,California
Sutter,2021-03-24,1694,37973,774,13552,850,23603,70,818,316,10483,1362,14105,386,24588,California
Sutter,2021-03-25,1052,39025,684,14236,324,23927,44,862,371,10220,678,14783,415,25003,California
Sutter,2021-03-26,499,39524,179,14415,304,24231,16,878,293,10327,202,14985,309,25312,California
Sutter,2021-03-27,928,40452,62,14477,864,25095,2,880,816,11038,107,15092,818,26130,California
Sutter,2021-03-28,123,40575,71,14548,52,25147,0,880,77,11071,44,15136,77,26207,California
Sutter,2021-03-29,423,40998,140,14688,227,25374,56,936,221,11148,200,15336,277,26484,California
Sutter,2021-03-30,481,41479,163,14851,308,25682,10,946,318,11313,163,15499,328,26812,California
Sutter,2021-03-31,1257,42736,180,15031,1062,26744,15,961,443,10969,801,16300,457,27269,California
Sutter,2021-04-01,1389,44125,742,15773,459,27203,188,1149,429,10636,949,17249,616,27885,California
Sutter,2021-04-02,520,44645,103,15876,299,27502,118,1267,206,10644,312,17561,320,28205,California
Sutter,2021-04-03,918,45563,79,15955,212,27714,627,1894,124,10604,790,18351,750,28955,California
Sutter,2021-04-04,117,45680,22,15977,89,27803,6,1900,54,10601,63,18414,60,29015,California
Sutter,2021-04-05,371,46051,145,16122,189,27992,37,1937,177,10624,191,18605,214,29229,California
Sutter,2021-04-06,515,46566,200,16322,259,28251,56,1993,275,10717,238,18843,331,29560,California
Sutter,2021-04-07,1486,48052,887,17209,523,28774,76,2069,610,10537,866,19709,686,30246,California
Sutter,2021-04-08,1055,49107,582,17791,358,29132,115,2184,581,10761,469,20178,693,30939,California
Sutter,2021-04-09,574,49681,249,18040,260,29392,65,2249,241,10738,329,20507,306,31245,California
Sutter,2021-04-10,836,50517,109,18149,97,29489,630,2879,116,10760,715,21222,737,31982,California
Sutter,2021-04-11,119,50636,32,18181,41,29530,46,2925,38,10762,81,21303,83,32065,California
Sutter,2021-04-12,346,50982,94,18275,199,29729,53,2978,141,10753,203,21506,194,32259,California
Sutter,2021-04-13,436,51418,127,18402,309,30038,0,2978,215,10749,219,21725,215,32474,California
Sutter,2021-04-14,1329,52747,159,18561,1169,31207,1,2979,227,9883,1094,22819,228,32702,California
Sutter,2021-04-15,540,53287,172,18733,368,31575,0,2979,215,9777,321,23140,215,32917,California
Sutter,2021-04-16,408,53695,127,18860,281,31856,0,2979,190,9751,216,23356,190,33107,California
Sutter,2021-04-17,581,54276,84,18944,497,32353,0,2979,511,10193,69,23425,511,33618,California
Sutter,2021-04-18,72,54348,12,18956,60,32413,0,2979,44,10211,26,23451,44,33662,California
Sutter,2021-04-19,291,54639,109,19065,182,32595,0,2979,121,10164,168,23619,121,33783,California
Sutter,2021-04-20,417,55056,136,19201,281,32876,0,2979,205,10159,212,23831,207,33990,California
Sutter,2021-04-21,1247,56303,429,19630,818,33694,0,2979,482,9889,752,24583,482,34472,California
Sutter,2021-04-22,503,56806,163,19793,340,34034,0,2979,254,9897,246,24829,254,34726,California
Sutter,2021-04-23,401,57207,118,19911,283,34317,0,2979,187,9873,211,25040,187,34913,California
Sutter,2021-04-24,332,57539,109,20020,222,34539,1,2980,189,9920,142,25182,189,35102,California
Sutter,2021-04-25,159,57698,76,20096,83,34622,0,2980,87,9937,70,25252,87,35189,California
Sutter,2021-04-26,304,58002,89,20185,213,34835,2,2982,132,9901,170,25422,134,35323,California
Sutter,2021-04-27,540,58542,265,20450,271,35106,4,2986,251,9872,284,25706,255,35578,California
Sutter,2021-04-28,813,59355,340,20790,465,35571,8,2994,254,9582,552,26258,262,35840,California
Sutter,2021-04-29,777,60132,138,20928,638,36209,1,2995,311,9432,462,26720,312,36152,California
Sutter,2021-04-30,362,60494,110,21038,239,36448,13,3008,146,9377,213,26933,158,36310,California
Sutter,2021-05-01,298,60792,107,21145,151,36599,40,3048,129,9380,166,27099,169,36479,California
Sutter,2021-05-02,83,60875,54,21199,27,36626,2,3050,47,9393,36,27135,49,36528,California
Sutter,2021-05-03,222,61097,111,21310,100,36726,11,3061,89,9360,133,27268,100,36628,California
Sutter,2021-05-04,543,61640,238,21548,241,36967,64,3125,226,9335,314,27582,289,36917,California
Sutter,2021-05-05,535,62175,143,21691,384,37351,8,3133,156,9126,373,27955,164,37081,California
Sutter,2021-05-06,426,62601,228,21919,180,37531,18,3151,191,9100,234,28189,208,37289,California
Sutter,2021-05-07,414,63015,144,22063,249,37780,21,3172,153,9016,258,28447,174,37463,California
Sutter,2021-05-08,198,63213,51,22114,142,37922,5,3177,107,9037,91,28538,112,37575,California
Sutter,2021-05-09,81,63294,53,22167,23,37945,5,3182,55,9071,26,28564,60,37635,California
Sutter,2021-05-10,191,63485,43,22210,130,38075,18,3200,49,8998,140,28704,67,37702,California
Sutter,2021-05-11,449,63934,218,22428,210,38285,21,3221,184,8941,260,28964,203,37905,California
Sutter,2021-05-12,443,64377,242,22670,190,38475,11,3232,161,8835,278,29242,172,38077,California
Sutter,2021-05-13,489,64866,263,22933,204,38679,22,3254,203,8776,284,29526,225,38302,California
Sutter,2021-05-14,439,65305,187,23120,236,38915,16,3270,214,8786,220,29746,230,38532,California
Sutter,2021-05-15,843,66148,309,23429,503,39418,31,3301,307,8589,535,30281,338,38870,California
Sutter,2021-05-16,141,66289,83,23512,50,39468,8,3309,75,8607,65,30346,83,38953,California
Sutter,2021-05-17,293,66582,116,23628,163,39631,14,3323,155,8639,137,30483,169,39122,California
Sutter,2021-05-18,547,67129,315,23943,227,39858,5,3328,299,8698,245,30728,304,39426,California
Sutter,2021-05-19,466,67595,268,24211,191,40049,7,3335,247,8736,216,30944,254,39680,California
Sutter,2021-05-20,461,68056,240,24451,209,40258,12,3347,226,8743,231,31175,238,39918,California
Sutter,2021-05-21,493,68549,222,24673,259,40517,12,3359,236,8736,254,31429,247,40165,California
Sutter,2021-05-22,368,68917,202,24875,163,40680,3,3362,184,8743,179,31608,186,40351,California
Sutter,2021-05-23,181,69098,85,24960,87,40767,9,3371,92,8761,83,31691,101,40452,California
Sutter,2021-05-24,238,69336,87,25047,128,40895,23,3394,99,8746,137,31828,122,40574,California
Sutter,2021-05-25,402,69738,197,25244,192,41087,13,3407,167,8696,229,32057,179,40753,California
Sutter,2021-05-26,319,70057,156,25400,154,41241,9,3416,118,8627,196,32253,127,40880,California
Sutter,2021-05-27,435,70492,116,25516,299,41540,20,3436,126,8468,305,32558,146,41026,California
Sutter,2021-05-28,339,70831,164,25680,158,41698,17,3453,179,8509,155,32713,196,41222,California
Sutter,2021-05-29,252,71083,118,25798,119,41817,15,3468,139,8554,109,32822,154,41376,California
Sutter,2021-05-30,86,71169,61,25859,22,41839,3,3471,49,8570,36,32858,52,41428,California
Sutter,2021-05-31,19,71188,2,25861,13,41852,4,3475,5,8565,14,32872,9,41437,California
Sutter,2021-06-01,310,71498,132,25993,170,42022,8,3483,128,8520,181,33053,136,41573,California
Sutter,2021-06-02,282,71780,120,26113,156,42178,6,3489,111,8472,165,33218,117,41690,California
Sutter,2021-06-03,338,72118,224,26337,105,42283,9,3498,116,8381,216,33434,125,41815,California
Sutter,2021-06-04,338,72456,196,26533,135,42418,7,3505,120,8294,214,33648,127,41942,California
Sutter,2021-06-05,438,72894,368,26901,66,42484,4,3509,156,8177,277,33925,160,42102,California
Sutter,2021-06-06,138,73032,119,27020,16,42500,3,3512,58,8160,78,34003,61,42163,California
Sutter,2021-06-07,161,73193,104,27124,48,42548,9,3521,56,8121,104,34107,65,42228,California
Sutter,2021-06-08,369,73562,207,27331,149,42697,13,3534,159,8085,208,34315,172,42400,California
Sutter,2021-06-09,367,73929,234,27565,128,42825,5,3539,129,7983,236,34551,134,42534,California
Sutter,2021-06-10,382,74311,276,27841,97,42922,9,3548,151,7915,228,34779,160,42694,California
Sutter,2021-06-11,339,74650,218,28059,115,43037,6,3554,115,7815,220,34999,120,42814,California
Sutter,2021-06-12,238,74888,167,28226,56,43093,15,3569,68,7728,170,35169,83,42897,California
Sutter,2021-06-13,83,74971,65,28291,17,43110,1,3570,24,7695,58,35227,25,42922,California
Sutter,2021-06-14,189,75160,111,28402,68,43178,10,3580,75,7668,112,35339,85,43007,California
Sutter,2021-06-15,283,75443,152,28554,118,43296,13,3593,104,7608,177,35516,117,43124,California
Sutter,2021-06-16,222,75665,143,28697,70,43366,9,3602,108,7611,114,35630,117,43241,California
Sutter,2021-06-17,281,75946,171,28868,104,43470,6,3608,121,7580,158,35788,127,43368,California
Sutter,2021-06-18,263,76209,169,29037,79,43549,15,3623,92,7520,167,35955,107,43475,California
Sutter,2021-06-19,208,76417,139,29176,65,43614,4,3627,60,7438,146,36101,64,43539,California
Sutter,2021-06-20,70,76487,49,29225,19,43633,2,3629,31,7432,39,36140,33,43572,California
Sutter,2021-06-21,111,76598,55,29280,46,43679,10,3639,51,7435,58,36198,61,43633,California
Sutter,2021-06-22,104,76702,39,29319,62,43741,3,3642,44,7423,59,36257,47,43680,California
Tehama,2020-12-16,5,5,5,5,0,0,0,0,5,5,0,0,5,5,California
Tehama,2020-12-17,21,26,21,26,0,0,0,0,21,26,0,0,21,26,California
Tehama,2020-12-18,5,31,5,31,0,0,0,0,6,32,0,0,6,32,California
Tehama,2020-12-21,45,76,45,76,0,0,0,0,45,77,0,0,45,77,California
Tehama,2020-12-22,80,156,74,150,6,6,0,0,80,157,0,0,80,157,California
Tehama,2020-12-23,55,211,47,197,8,14,0,0,55,212,0,0,55,212,California
Tehama,2020-12-24,5,216,3,200,2,16,0,0,5,217,0,0,5,217,California
Tehama,2020-12-26,4,220,3,203,1,17,0,0,4,221,0,0,4,221,California
Tehama,2020-12-27,2,222,2,205,0,17,0,0,2,223,0,0,2,223,California
Tehama,2020-12-28,59,281,46,251,13,30,0,0,59,282,0,0,59,282,California
Tehama,2020-12-29,42,323,42,293,0,30,0,0,42,324,0,0,42,324,California
Tehama,2020-12-30,62,385,44,337,18,48,0,0,61,385,0,0,61,385,California
Tehama,2020-12-31,16,401,5,342,11,59,0,0,16,401,0,0,16,401,California
Tehama,2021-01-01,2,403,0,342,2,61,0,0,2,403,0,0,2,403,California
Tehama,2021-01-04,49,452,17,359,32,93,0,0,49,452,0,0,49,452,California
Tehama,2021-01-05,75,527,47,406,28,121,0,0,69,515,6,6,69,521,California
Tehama,2021-01-06,87,614,34,440,53,174,0,0,71,572,14,20,71,592,California
Tehama,2021-01-07,62,676,7,447,55,229,0,0,61,632,1,21,61,653,California
Tehama,2021-01-08,42,718,31,478,11,240,0,0,34,658,8,29,34,687,California
Tehama,2021-01-09,7,725,5,483,2,242,0,0,6,663,1,30,6,693,California
Tehama,2021-01-10,1,726,0,483,1,243,0,0,1,664,0,30,1,694,California
Tehama,2021-01-11,63,789,54,537,9,252,0,0,23,647,40,70,23,717,California
Tehama,2021-01-12,151,940,131,668,20,272,0,0,93,682,58,128,93,810,California
Tehama,2021-01-13,88,1028,62,730,26,298,0,0,36,666,52,180,36,846,California
Tehama,2021-01-14,244,1272,51,781,193,491,0,0,242,906,2,182,242,1088,California
Tehama,2021-01-15,293,1565,76,857,217,708,0,0,289,1191,4,186,289,1377,California
Tehama,2021-01-16,275,1840,20,877,255,963,0,0,272,1460,3,189,272,1649,California
Tehama,2021-01-17,6,1846,2,879,4,967,0,0,4,1462,2,191,4,1653,California
Tehama,2021-01-18,14,1860,7,886,7,974,0,0,8,1464,6,197,8,1661,California
Tehama,2021-01-19,311,2171,77,963,234,1208,0,0,248,1649,63,260,248,1909,California
Tehama,2021-01-20,347,2518,105,1068,242,1450,0,0,289,1881,57,317,289,2198,California
Tehama,2021-01-21,248,2766,20,1088,228,1678,0,0,232,2097,16,333,232,2430,California
Tehama,2021-01-22,248,3014,22,1110,226,1904,0,0,245,2339,3,336,245,2675,California
Tehama,2021-01-23,271,3285,7,1117,264,2168,0,0,270,2608,1,337,270,2945,California
Tehama,2021-01-24,3,3288,1,1118,2,2170,0,0,3,2611,0,337,3,2948,California
Tehama,2021-01-25,48,3336,22,1140,26,2196,0,0,23,2609,25,362,23,2971,California
Tehama,2021-01-26,361,3697,47,1187,314,2510,0,0,323,2894,38,400,323,3294,California
Tehama,2021-01-27,345,4042,24,1211,321,2831,0,0,322,3193,23,423,322,3616,California
Tehama,2021-01-28,378,4420,42,1253,336,3167,0,0,355,3525,23,446,355,3971,California
Tehama,2021-01-29,360,4780,25,1278,335,3502,0,0,340,3845,20,466,340,4311,California
Tehama,2021-01-30,115,4895,2,1280,113,3615,0,0,114,3958,1,467,114,4425,California
Tehama,2021-01-31,1,4896,0,1280,1,3616,0,0,1,3959,0,467,1,4426,California
Tehama,2021-02-01,88,4984,22,1302,66,3682,0,0,39,3949,49,516,39,4465,California
Tehama,2021-02-02,379,5363,72,1374,307,3989,0,0,279,4129,100,616,280,4745,California
Tehama,2021-02-03,446,5809,16,1390,430,4419,0,0,392,4467,54,670,392,5137,California
Tehama,2021-02-04,548,6357,106,1496,442,4861,0,0,460,4840,88,758,461,5598,California
Tehama,2021-02-05,204,6561,75,1571,129,4990,0,0,139,4914,65,823,139,5737,California
Tehama,2021-02-06,47,6608,16,1587,31,5021,0,0,35,4937,12,835,35,5772,California
Tehama,2021-02-07,5,6613,4,1591,1,5022,0,0,2,4936,3,838,2,5774,California
Tehama,2021-02-08,49,6662,14,1605,35,5057,0,0,32,4951,17,855,32,5806,California
Tehama,2021-02-09,98,6760,49,1654,49,5106,0,0,55,4963,43,898,55,5861,California
Tehama,2021-02-10,263,7023,73,1727,190,5296,0,0,168,5036,95,993,168,6029,California
Tehama,2021-02-11,246,7269,18,1745,228,5524,0,0,93,4978,151,1144,93,6122,California
Tehama,2021-02-12,419,7688,81,1826,338,5862,0,0,194,4947,225,1369,194,6316,California
Tehama,2021-02-13,415,8103,19,1845,396,6258,0,0,162,4857,253,1622,163,6479,California
Tehama,2021-02-14,38,8141,2,1847,36,6294,0,0,35,4889,3,1625,35,6514,California
Tehama,2021-02-15,63,8204,10,1857,53,6347,0,0,55,4936,8,1633,55,6569,California
Tehama,2021-02-16,263,8467,23,1880,240,6587,0,0,72,4817,191,1824,72,6641,California
Tehama,2021-02-17,329,8796,21,1901,308,6895,0,0,65,4618,264,2088,65,6706,California
Tehama,2021-02-18,395,9191,37,1938,358,7253,0,0,149,4521,246,2334,149,6855,California
Tehama,2021-02-19,244,9435,31,1969,213,7466,0,0,52,4381,192,2526,52,6907,California
Tehama,2021-02-20,290,9725,8,1977,282,7748,0,0,33,4157,257,2783,33,6940,California
Tehama,2021-02-21,4,9729,1,1978,3,7751,0,0,2,4157,2,2785,2,6942,California
Tehama,2021-02-22,49,9778,17,1995,32,7783,0,0,29,4166,20,2805,29,6971,California
Tehama,2021-02-23,61,9839,24,2019,37,7820,0,0,30,4165,31,2836,30,7001,California
Tehama,2021-02-24,356,10195,28,2047,328,8148,0,0,39,3887,317,3153,39,7040,California
Tehama,2021-02-25,410,10605,60,2107,350,8498,0,0,44,3565,366,3519,44,7084,California
Tehama,2021-02-26,504,11109,21,2128,483,8981,0,0,79,3219,425,3944,79,7163,California
Tehama,2021-02-27,332,11441,6,2134,326,9307,0,0,38,2964,293,4237,38,7201,California
Tehama,2021-02-28,21,11462,2,2136,19,9326,0,0,18,2979,3,4240,18,7219,California
Tehama,2021-03-01,68,11530,7,2143,61,9387,0,0,32,2975,36,4276,32,7251,California
Tehama,2021-03-02,171,11701,22,2165,149,9536,0,0,38,2881,132,4408,38,7289,California
Tehama,2021-03-03,174,11875,32,2197,142,9678,0,0,56,2819,118,4526,56,7345,California
Tehama,2021-03-04,744,12619,65,2262,679,10357,0,0,261,2604,476,5002,261,7606,California
Tehama,2021-03-05,437,13056,25,2287,412,10769,0,0,226,2620,210,5212,226,7832,California
Tehama,2021-03-06,360,13416,19,2306,338,11107,3,3,90,2445,269,5481,94,7926,California
Tehama,2021-03-07,6,13422,1,2307,5,11112,0,3,4,2448,1,5482,4,7930,California
Tehama,2021-03-08,71,13493,11,2318,43,11155,17,20,28,2451,42,5524,45,7975,California
Tehama,2021-03-09,412,13905,17,2335,372,11527,23,43,350,2762,62,5586,373,8348,California
Tehama,2021-03-10,378,14283,23,2358,332,11859,23,66,76,2560,301,5887,99,8447,California
Tehama,2021-03-11,556,14839,27,2385,465,12324,64,130,388,2844,168,6055,452,8899,California
Tehama,2021-03-12,348,15187,30,2415,245,12569,73,203,198,2966,149,6204,271,9170,California
Tehama,2021-03-13,62,15249,11,2426,42,12611,9,212,10,2933,52,6256,19,9189,California
Tehama,2021-03-14,64,15313,2,2428,53,12664,9,221,22,2922,42,6298,31,9220,California
Tehama,2021-03-15,173,15486,23,2451,123,12787,27,248,87,2950,86,6384,114,9334,California
Tehama,2021-03-16,452,15938,19,2470,395,13182,38,286,343,3223,108,6492,381,9715,California
Tehama,2021-03-17,473,16411,33,2503,409,13591,31,317,384,3551,87,6579,415,10130,California
Tehama,2021-03-18,538,16949,38,2541,473,14064,27,344,353,3748,183,6762,380,10510,California
Tehama,2021-03-19,348,17297,26,2567,309,14373,13,357,305,4023,43,6805,318,10828,California
Tehama,2021-03-20,58,17355,17,2584,36,14409,5,362,40,4050,18,6823,45,10873,California
Tehama,2021-03-21,12,17367,5,2589,7,14416,0,362,12,4062,0,6823,12,10885,California
Tehama,2021-03-22,105,17472,10,2599,78,14494,17,379,60,4094,45,6868,77,10962,California
Tehama,2021-03-23,104,17576,35,2634,62,14556,7,386,76,4149,28,6896,83,11045,California
Tehama,2021-03-24,98,17674,17,2651,77,14633,4,390,63,4181,35,6931,67,11112,California
Tehama,2021-03-25,572,18246,397,3048,162,14795,13,403,522,4667,49,6980,535,11647,California
Tehama,2021-03-26,581,18827,457,3505,111,14906,13,416,492,5086,86,7066,505,12152,California
Tehama,2021-03-27,528,19355,408,3913,84,14990,36,452,444,5483,83,7149,480,12632,California
Tehama,2021-03-28,41,19396,16,3929,25,15015,0,452,25,5492,16,7165,25,12657,California
Tehama,2021-03-29,131,19527,30,3959,99,15114,2,454,83,5529,47,7212,84,12741,California
Tehama,2021-03-30,431,19958,254,4213,175,15289,2,456,285,5670,146,7358,287,13028,California
Tehama,2021-03-31,425,20383,318,4531,104,15393,3,459,343,5934,81,7439,345,13373,California
Tehama,2021-04-01,568,20951,274,4805,289,15682,5,464,425,6222,142,7581,430,13803,California
Tehama,2021-04-02,500,21451,240,5045,251,15933,9,473,303,6336,197,7778,311,14114,California
Tehama,2021-04-03,77,21528,10,5055,59,15992,8,481,39,6345,38,7816,47,14161,California
Tehama,2021-04-04,41,21569,9,5064,29,16021,3,484,27,6361,14,7830,30,14191,California
Tehama,2021-04-05,131,21700,22,5086,75,16096,34,518,65,6394,66,7896,99,14290,California
Tehama,2021-04-06,555,22255,120,5206,373,16469,62,580,149,6199,406,8302,211,14501,California
Tehama,2021-04-07,457,22712,310,5516,94,16563,53,633,328,6450,128,8430,379,14880,California
Tehama,2021-04-08,663,23375,196,5712,425,16988,42,675,249,6328,413,8843,291,15171,California
Tehama,2021-04-09,495,23870,233,5945,220,17208,42,717,251,6378,243,9086,293,15464,California
Tehama,2021-04-10,103,23973,27,5972,42,17250,34,751,53,6415,50,9136,87,15551,California
Tehama,2021-04-11,49,24022,11,5983,27,17277,11,762,11,6399,38,9174,22,15573,California
Tehama,2021-04-12,121,24143,6,5989,92,17369,23,785,44,6389,77,9251,67,15640,California
Tehama,2021-04-13,425,24568,75,6064,350,17719,0,785,70,6104,355,9606,70,15710,California
Tehama,2021-04-14,442,25010,58,6122,384,18103,0,785,53,5770,387,9993,53,15763,California
Tehama,2021-04-15,561,25571,208,6330,353,18456,0,785,84,5377,477,10470,84,15847,California
Tehama,2021-04-16,686,26257,399,6729,287,18743,0,785,93,4877,593,11063,93,15940,California
Tehama,2021-04-17,392,26649,300,7029,92,18835,0,785,55,4597,336,11399,56,15996,California
Tehama,2021-04-18,21,26670,7,7036,14,18849,0,785,14,4604,7,11406,14,16010,California
Tehama,2021-04-19,109,26779,7,7043,102,18951,0,785,47,4589,62,11468,47,16057,California
Tehama,2021-04-20,591,27370,490,7533,101,19052,0,785,174,4352,414,11882,177,16234,California
Tehama,2021-04-21,543,27913,460,7993,83,19135,0,785,176,4163,365,12247,176,16410,California
Tehama,2021-04-22,563,28476,394,8387,169,19304,0,785,157,3917,403,12650,157,16567,California
Tehama,2021-04-23,490,28966,377,8764,113,19417,0,785,214,3857,275,12925,215,16782,California
Tehama,2021-04-24,118,29084,23,8787,95,19512,0,785,27,3793,91,13016,27,16809,California
Tehama,2021-04-25,31,29115,20,8807,11,19523,0,785,9,3781,21,13037,9,16818,California
Tehama,2021-04-26,97,29212,12,8819,85,19608,0,785,54,3792,43,13080,54,16872,California
Tehama,2021-04-27,279,29491,221,9040,55,19663,3,788,106,3728,173,13253,109,16981,California
Tehama,2021-04-28,427,29918,348,9388,59,19722,20,808,74,3469,352,13605,93,17074,California
Tehama,2021-04-29,399,30317,188,9576,203,19925,8,816,77,3233,321,13926,85,17159,California
Tehama,2021-04-30,383,30700,285,9861,91,20016,7,823,131,3119,252,14178,138,17297,California
Tehama,2021-05-01,80,30780,4,9865,69,20085,7,830,16,3078,64,14242,23,17320,California
Tehama,2021-05-02,47,30827,25,9890,10,20095,12,842,27,3097,20,14262,39,17359,California
Tehama,2021-05-03,128,30955,41,9931,76,20171,11,853,66,3112,62,14324,77,17436,California
Tehama,2021-05-04,173,31128,59,9990,105,20276,9,862,73,3094,100,14424,82,17518,California
Tehama,2021-05-05,94,31222,25,10015,58,20334,11,873,41,3093,53,14477,52,17570,California
Tehama,2021-05-06,184,31406,99,10114,66,20400,19,892,113,3154,71,14548,132,17702,California
Tehama,2021-05-07,197,31603,85,10199,100,20500,12,904,55,3081,140,14688,67,17769,California
Tehama,2021-05-08,57,31660,9,10208,46,20546,2,906,17,3060,40,14728,19,17788,California
Tehama,2021-05-09,19,31679,5,10213,14,20560,0,906,9,3059,10,14738,9,17797,California
Tehama,2021-05-10,86,31765,6,10219,71,20631,9,915,40,3062,45,14783,48,17845,California
Tehama,2021-05-11,197,31962,138,10357,43,20674,16,931,35,2951,162,14945,51,17896,California
Tehama,2021-05-12,221,32183,139,10496,72,20746,10,941,52,2845,168,15113,62,17958,California
Tehama,2021-05-13,256,32439,169,10665,76,20822,11,952,115,2831,140,15253,126,18084,California
Tehama,2021-05-14,261,32700,144,10809,96,20918,21,973,64,2720,196,15449,85,18169,California
Tehama,2021-05-15,246,32946,144,10953,61,20979,41,1014,171,2858,74,15523,212,18381,California
Tehama,2021-05-16,30,32976,8,10961,19,20998,3,1017,18,2867,12,15535,21,18402,California
Tehama,2021-05-17,129,33105,35,10996,77,21075,17,1034,63,2882,65,15600,80,18482,California
Tehama,2021-05-18,161,33266,83,11079,62,21137,16,1050,49,2837,110,15710,65,18547,California
Tehama,2021-05-19,139,33405,63,11142,65,21202,11,1061,49,2807,90,15800,60,18607,California
Tehama,2021-05-20,350,33755,256,11398,71,21273,23,1084,247,2975,102,15902,270,18877,California
Tehama,2021-05-21,246,34001,116,11514,117,21390,13,1097,84,2913,159,16061,97,18974,California
Tehama,2021-05-22,69,34070,35,11549,30,21420,4,1101,41,2930,28,16089,45,19019,California
Tehama,2021-05-23,53,34123,24,11573,15,21435,14,1115,13,2917,40,16129,27,19046,California
Tehama,2021-05-24,106,34229,32,11605,65,21500,9,1124,32,2884,74,16203,41,19087,California
Tehama,2021-05-25,84,34313,22,11627,54,21554,8,1132,48,2904,35,16238,55,19142,California
Tehama,2021-05-26,84,34397,34,11661,47,21601,3,1135,56,2936,27,16265,59,19201,California
Tehama,2021-05-27,168,34565,102,11763,62,21663,4,1139,55,2884,111,16376,59,19260,California
Tehama,2021-05-28,146,34711,38,11801,99,21762,9,1148,68,2884,77,16453,77,19337,California
Tehama,2021-05-29,56,34767,9,11810,42,21804,5,1153,36,2905,20,16473,41,19378,California
Tehama,2021-05-30,14,34781,3,11813,10,21814,1,1154,6,2904,8,16481,7,19385,California
Tehama,2021-05-31,18,34799,2,11815,15,21829,1,1155,5,2897,13,16494,6,19391,California
Tehama,2021-06-01,106,34905,20,11835,66,21895,20,1175,35,2881,71,16565,55,19446,California
Tehama,2021-06-02,95,35000,32,11867,58,21953,5,1180,40,2871,55,16620,45,19491,California
Tehama,2021-06-03,145,35145,103,11970,29,21982,13,1193,32,2803,113,16733,45,19536,California
Tehama,2021-06-04,156,35301,41,12011,99,22081,16,1209,66,2794,89,16822,80,19616,California
Tehama,2021-06-05,167,35468,135,12146,24,22105,8,1217,30,2696,136,16958,38,19654,California
Tehama,2021-06-06,16,35484,9,12155,2,22107,5,1222,3,2691,13,16971,8,19662,California
Tehama,2021-06-07,77,35561,31,12186,44,22151,2,1224,21,2658,56,17027,23,19685,California
Tehama,2021-06-08,111,35672,34,12220,67,22218,10,1234,46,2651,63,17090,56,19741,California
Tehama,2021-06-09,99,35771,50,12270,46,22264,3,1237,45,2645,54,17144,48,19789,California
Tehama,2021-06-10,277,36048,226,12496,41,22305,10,1247,39,2457,237,17381,49,19838,California
Tehama,2021-06-11,153,36201,71,12567,73,22378,9,1256,58,2432,92,17473,67,19905,California
Tehama,2021-06-12,66,36267,41,12608,25,22403,0,1256,27,2420,39,17512,27,19932,California
Tehama,2021-06-13,23,36290,6,12614,11,22414,6,1262,5,2413,18,17530,11,19943,California
Tehama,2021-06-14,94,36384,19,12633,71,22485,4,1266,30,2383,64,17594,34,19977,California
Tehama,2021-06-15,104,36488,47,12680,39,22524,18,1284,41,2380,62,17656,59,20036,California
Tehama,2021-06-16,96,36584,65,12745,28,22552,3,1287,49,2385,47,17703,52,20088,California
Tehama,2021-06-17,152,36736,107,12852,29,22581,16,1303,86,2422,64,17767,101,20189,California
Tehama,2021-06-18,109,36845,43,12895,51,22632,15,1318,37,2402,72,17839,52,20241,California
Tehama,2021-06-19,39,36884,15,12910,21,22653,3,1321,18,2402,21,17860,21,20262,California
Tehama,2021-06-20,16,36900,5,12915,10,22663,1,1322,6,2399,10,17870,7,20269,California
Tehama,2021-06-21,57,36957,12,12927,38,22701,7,1329,21,2391,36,17906,28,20297,California
Tehama,2021-06-22,51,37008,17,12944,24,22725,10,1339,17,2384,34,17940,27,20324,California
Trinity,2020-12-17,4,4,4,4,0,0,0,0,4,4,0,0,4,4,California
Trinity,2020-12-18,2,6,2,6,0,0,0,0,2,6,0,0,2,6,California
Trinity,2020-12-21,39,45,39,45,0,0,0,0,39,45,0,0,39,45,California
Trinity,2020-12-22,4,49,4,49,0,0,0,0,4,49,0,0,4,49,California
Trinity,2020-12-23,6,55,5,54,1,1,0,0,6,55,0,0,6,55,California
Trinity,2020-12-28,30,85,30,84,0,1,0,0,30,85,0,0,30,85,California
Trinity,2020-12-29,8,93,7,91,1,2,0,0,8,93,0,0,8,93,California
Trinity,2020-12-30,10,103,8,99,2,4,0,0,10,103,0,0,10,103,California
Trinity,2020-12-31,2,105,1,100,1,5,0,0,2,105,0,0,2,105,California
Trinity,2021-01-04,28,133,0,100,28,33,0,0,27,132,0,0,27,132,California
Trinity,2021-01-05,2,135,1,101,1,34,0,0,2,134,0,0,2,134,California
Trinity,2021-01-06,24,159,4,105,20,54,0,0,20,150,4,4,20,154,California
Trinity,2021-01-08,49,208,2,107,47,101,0,0,48,196,2,6,48,202,California
Trinity,2021-01-11,41,249,38,145,3,104,0,0,4,163,37,43,4,206,California
Trinity,2021-01-12,10,259,6,151,4,108,0,0,5,163,5,48,5,211,California
Trinity,2021-01-13,7,266,4,155,3,111,0,0,4,164,3,51,4,215,California
Trinity,2021-01-14,4,270,1,156,3,114,0,0,4,168,0,51,4,219,California
Trinity,2021-01-15,5,275,0,156,5,119,0,0,5,173,0,51,5,224,California
Trinity,2021-01-16,2,277,0,156,2,121,0,0,2,175,0,51,2,226,California
Trinity,2021-01-18,30,307,30,186,0,121,0,0,0,145,30,81,0,226,California
Trinity,2021-01-19,35,342,15,201,20,141,0,0,21,152,14,95,21,247,California
Trinity,2021-01-20,20,362,3,204,17,158,0,0,17,166,3,98,17,264,California
Trinity,2021-01-21,17,379,7,211,10,168,0,0,17,183,0,98,17,281,California
Trinity,2021-01-22,5,384,1,212,4,172,0,0,5,188,0,98,5,286,California
Trinity,2021-01-23,7,391,3,215,4,176,0,0,7,195,0,98,7,293,California
Trinity,2021-01-25,14,405,1,216,13,189,0,0,13,207,1,99,13,306,California
Trinity,2021-01-26,10,415,1,217,9,198,0,0,9,215,1,100,9,315,California
Trinity,2021-01-27,12,427,0,217,12,210,0,0,12,227,0,100,12,327,California
Trinity,2021-01-28,13,440,3,220,10,220,0,0,10,234,3,103,10,337,California
Trinity,2021-01-29,2,442,0,220,2,222,0,0,1,234,1,104,1,338,California
Trinity,2021-01-30,12,454,11,231,1,223,0,0,12,246,0,104,12,350,California
Trinity,2021-02-01,2,456,1,232,1,224,0,0,1,246,1,105,1,351,California
Trinity,2021-02-02,15,471,3,235,12,236,0,0,14,259,1,106,14,365,California
Trinity,2021-02-03,6,477,1,236,5,241,0,0,4,261,2,108,4,369,California
Trinity,2021-02-04,41,518,32,268,9,250,0,0,34,288,7,115,34,403,California
Trinity,2021-02-05,353,871,0,268,353,603,0,0,322,579,31,146,322,725,California
Trinity,2021-02-06,211,1082,5,273,206,809,0,0,204,776,7,153,204,929,California
Trinity,2021-02-07,1,1083,0,273,1,810,0,0,1,777,0,153,1,930,California
Trinity,2021-02-08,28,1111,1,274,27,837,0,0,16,781,12,165,16,946,California
Trinity,2021-02-09,27,1138,2,276,25,862,0,0,10,774,17,182,10,956,California
Trinity,2021-02-10,122,1260,10,286,112,974,0,0,102,856,20,202,102,1058,California
Trinity,2021-02-11,338,1598,2,288,336,1310,0,0,331,1180,7,209,331,1389,California
Trinity,2021-02-12,19,1617,10,298,9,1319,0,0,14,1189,5,214,14,1403,California
Trinity,2021-02-13,11,1628,6,304,5,1324,0,0,6,1190,5,219,6,1409,California
Trinity,2021-02-14,2,1630,2,306,0,1324,0,0,2,1192,0,219,2,1411,California
Trinity,2021-02-15,47,1677,0,306,47,1371,0,0,47,1239,0,219,47,1458,California
Trinity,2021-02-16,5,1682,1,307,4,1375,0,0,3,1240,2,221,3,1461,California
Trinity,2021-02-17,94,1776,2,309,92,1467,0,0,84,1314,10,231,84,1545,California
Trinity,2021-02-18,3,1779,0,309,3,1470,0,0,1,1313,2,233,1,1546,California
Trinity,2021-02-19,309,2088,2,311,307,1777,0,0,295,1594,14,247,295,1841,California
Trinity,2021-02-20,143,2231,14,325,129,1906,0,0,115,1681,28,275,115,1956,California
Trinity,2021-02-21,1,2232,1,326,0,1906,0,0,1,1682,0,275,1,1957,California
Trinity,2021-02-22,8,2240,0,326,8,1914,0,0,5,1684,3,278,5,1962,California
Trinity,2021-02-23,10,2250,3,329,7,1921,0,0,5,1684,5,283,5,1967,California
Trinity,2021-02-24,30,2280,8,337,22,1943,0,0,7,1668,23,306,7,1974,California
Trinity,2021-02-25,37,2317,23,360,14,1957,0,0,5,1641,32,338,5,1979,California
Trinity,2021-02-26,11,2328,1,361,10,1967,0,0,5,1640,6,344,5,1984,California
Trinity,2021-02-27,10,2338,8,369,2,1969,0,0,4,1638,6,350,4,1988,California
Trinity,2021-03-01,10,2348,0,369,10,1979,0,0,5,1638,5,355,5,1993,California
Trinity,2021-03-02,9,2357,3,372,6,1985,0,0,2,1633,7,362,2,1995,California
Trinity,2021-03-03,5,2362,0,372,5,1990,0,0,4,1636,1,363,4,1999,California
Trinity,2021-03-04,23,2385,19,391,4,1994,0,0,10,1633,13,376,10,2009,California
Trinity,2021-03-05,388,2773,1,392,387,2381,0,0,120,1489,264,640,120,2129,California
Trinity,2021-03-06,203,2976,7,399,196,2577,0,0,27,1340,176,816,27,2156,California
Trinity,2021-03-07,4,2980,3,402,1,2578,0,0,3,1342,1,817,3,2159,California
Trinity,2021-03-08,4,2984,0,402,3,2581,1,1,1,1341,3,820,2,2161,California
Trinity,2021-03-09,99,3083,1,403,96,2677,2,3,93,1430,6,826,95,2256,California
Trinity,2021-03-10,126,3209,3,406,120,2797,3,6,38,1383,88,914,41,2297,California
Trinity,2021-03-11,16,3225,4,410,10,2807,2,8,5,1379,11,925,7,2304,California
Trinity,2021-03-12,399,3624,5,415,388,3195,6,14,97,1180,302,1227,103,2407,California
Trinity,2021-03-13,12,3636,7,422,3,3198,2,16,7,1184,5,1232,9,2416,California
Trinity,2021-03-14,4,3640,1,423,3,3201,0,16,3,1186,1,1233,3,2419,California
Trinity,2021-03-15,68,3708,0,423,67,3268,1,17,15,1149,53,1286,16,2435,California
Trinity,2021-03-16,117,3825,7,430,110,3378,0,17,104,1240,13,1299,104,2539,California
Trinity,2021-03-17,100,3925,3,433,97,3475,0,17,26,1192,74,1373,26,2565,California
Trinity,2021-03-18,10,3935,1,434,6,3481,3,20,4,1193,6,1379,7,2572,California
Trinity,2021-03-19,463,4398,4,438,349,3830,110,130,36,912,427,1806,146,2718,California
Trinity,2021-03-20,109,4507,7,445,102,3932,0,130,72,948,36,1842,72,2790,California
Trinity,2021-03-21,4,4511,0,445,3,3935,1,131,3,951,1,1843,4,2794,California
Trinity,2021-03-22,2,4513,0,445,2,3937,0,131,2,953,0,1843,2,2796,California
Trinity,2021-03-23,95,4608,2,447,93,4030,0,131,78,1014,17,1860,78,2874,California
Trinity,2021-03-24,12,4620,1,448,11,4041,0,131,9,1020,3,1863,9,2883,California
Trinity,2021-03-25,111,4731,8,456,97,4138,6,137,85,1085,26,1889,91,2974,California
Trinity,2021-03-26,84,4815,8,464,76,4214,0,137,77,1155,7,1896,77,3051,California
Trinity,2021-03-27,20,4835,4,468,7,4221,9,146,9,1162,11,1907,18,3069,California
Trinity,2021-03-28,5,4840,3,471,2,4223,0,146,1,1159,4,1911,1,3070,California
Trinity,2021-03-29,5,4845,0,471,5,4228,0,146,2,1158,3,1914,2,3072,California
Trinity,2021-03-30,77,4922,6,477,71,4299,0,146,66,1213,11,1925,66,3138,California
Trinity,2021-03-31,56,4978,5,482,18,4317,33,179,20,1229,36,1961,52,3190,California
Trinity,2021-04-01,40,5018,10,492,19,4336,11,190,21,1242,19,1980,32,3222,California
Trinity,2021-04-02,258,5276,5,497,178,4514,75,265,85,1230,172,2152,160,3382,California
Trinity,2021-04-03,17,5293,12,509,5,4519,0,265,7,1227,10,2162,7,3389,California
Trinity,2021-04-04,10,5303,8,517,2,4521,0,265,8,1233,2,2164,8,3397,California
Trinity,2021-04-05,60,5363,6,523,51,4572,3,268,54,1284,6,2170,57,3454,California
Trinity,2021-04-06,122,5485,15,538,104,4676,3,271,29,1223,93,2263,32,3486,California
Trinity,2021-04-07,26,5511,11,549,10,4686,5,276,19,1240,7,2270,24,3510,California
Trinity,2021-04-08,90,5601,11,560,77,4763,2,278,53,1258,37,2307,55,3565,California
Trinity,2021-04-09,167,5768,17,577,146,4909,4,282,89,1273,78,2385,93,3658,California
Trinity,2021-04-10,12,5780,7,584,5,4914,0,282,11,1283,1,2386,11,3669,California
Trinity,2021-04-11,10,5790,5,589,3,4917,2,284,4,1283,6,2392,6,3675,California
Trinity,2021-04-12,78,5868,5,594,72,4989,1,285,64,1334,13,2405,64,3739,California
Trinity,2021-04-13,105,5973,5,599,100,5089,0,285,11,1251,94,2499,11,3750,California
Trinity,2021-04-14,10,5983,5,604,5,5094,0,285,6,1253,4,2503,6,3756,California
Trinity,2021-04-15,45,6028,10,614,35,5129,0,285,15,1239,29,2532,15,3771,California
Trinity,2021-04-16,159,6187,13,627,146,5275,0,285,84,1249,74,2606,84,3855,California
Trinity,2021-04-17,11,6198,5,632,6,5281,0,285,9,1256,2,2608,9,3864,California
Trinity,2021-04-18,3,6201,1,633,2,5283,0,285,0,1253,3,2611,0,3864,California
Trinity,2021-04-19,67,6268,2,635,65,5348,0,285,66,1318,1,2612,66,3930,California
Trinity,2021-04-20,93,6361,8,643,85,5433,0,285,21,1267,72,2684,21,3951,California
Trinity,2021-04-21,22,6383,9,652,13,5446,0,285,9,1263,13,2697,9,3960,California
Trinity,2021-04-22,92,6475,5,657,87,5533,0,285,14,1199,78,2775,14,3974,California
Trinity,2021-04-23,183,6658,6,663,177,5710,0,285,114,1244,69,2844,114,4088,California
Trinity,2021-04-24,24,6682,13,676,11,5721,0,285,7,1234,17,2861,7,4095,California
Trinity,2021-04-25,10,6692,9,685,1,5722,0,285,3,1231,6,2867,3,4098,California
Trinity,2021-04-26,48,6740,9,694,39,5761,0,285,40,1263,8,2875,40,4138,California
Trinity,2021-04-27,87,6827,12,706,75,5836,0,285,24,1224,63,2938,24,4162,California
Trinity,2021-04-28,33,6860,11,717,22,5858,0,285,12,1215,21,2959,12,4174,California
Trinity,2021-04-29,34,6894,13,730,21,5879,0,285,12,1205,22,2981,12,4186,California
Trinity,2021-04-30,25,6919,20,750,5,5884,0,285,10,1201,14,2995,10,4196,California
Trinity,2021-05-01,15,6934,8,758,2,5886,5,290,5,1201,10,3005,10,4206,California
Trinity,2021-05-02,8,6942,5,763,1,5887,2,292,2,1199,6,3011,4,4210,California
Trinity,2021-05-03,58,7000,13,776,44,5931,1,293,9,1161,48,3059,10,4220,California
Trinity,2021-05-04,28,7028,11,787,16,5947,1,294,8,1150,20,3079,9,4229,California
Trinity,2021-05-05,11,7039,7,794,4,5951,0,294,4,1147,7,3086,4,4233,California
Trinity,2021-05-06,76,7115,11,805,62,6013,3,297,16,1106,60,3146,19,4252,California
Trinity,2021-05-07,181,7296,12,817,135,6148,34,331,14,987,167,3313,48,4300,California
Trinity,2021-05-08,7,7303,2,819,5,6153,0,331,2,984,5,3318,2,4302,California
Trinity,2021-05-09,11,7314,8,827,3,6156,0,331,7,987,4,3322,7,4309,California
Trinity,2021-05-10,14,7328,4,831,9,6165,1,332,7,988,7,3329,8,4317,California
Trinity,2021-05-11,8,7336,4,835,4,6169,0,332,6,992,2,3331,6,4323,California
Trinity,2021-05-12,19,7355,16,851,2,6171,1,333,14,1002,5,3336,15,4338,California
Trinity,2021-05-13,15,7370,10,861,4,6175,1,334,9,1006,6,3342,10,4348,California
Trinity,2021-05-14,144,7514,19,880,97,6272,28,362,39,968,105,3447,67,4415,California
Trinity,2021-05-15,16,7530,11,891,4,6276,1,363,7,968,8,3455,8,4423,California
Trinity,2021-05-16,8,7538,6,897,2,6278,0,363,6,972,2,3457,6,4429,California
Trinity,2021-05-17,108,7646,20,917,86,6364,2,365,42,950,66,3523,44,4473,California
Trinity,2021-05-18,38,7684,8,925,29,6393,1,366,11,935,27,3550,12,4485,California
Trinity,2021-05-19,149,7833,17,942,103,6496,29,395,29,874,119,3669,58,4543,California
Trinity,2021-05-20,28,7861,21,963,4,6500,3,398,17,883,11,3680,20,4563,California
Trinity,2021-05-21,22,7883,14,977,8,6508,0,398,12,885,10,3690,12,4575,California
Trinity,2021-05-22,17,7900,14,991,3,6511,0,398,13,894,4,3694,13,4588,California
Trinity,2021-05-23,6,7906,4,995,2,6513,0,398,2,892,4,3698,2,4590,California
Trinity,2021-05-24,109,8015,12,1007,96,6609,1,399,8,801,100,3798,9,4599,California
Trinity,2021-05-25,39,8054,14,1021,25,6634,0,399,17,796,22,3820,17,4616,California
Trinity,2021-05-26,12,8066,6,1027,6,6640,0,399,4,792,8,3828,4,4620,California
Trinity,2021-05-27,30,8096,13,1040,12,6652,5,404,7,781,23,3851,12,4632,California
Trinity,2021-05-28,14,8110,10,1050,3,6655,1,405,7,782,7,3858,8,4640,California
Trinity,2021-05-29,10,8120,7,1057,2,6657,1,406,7,787,3,3861,8,4648,California
Trinity,2021-05-30,6,8126,5,1062,1,6658,0,406,0,781,6,3867,0,4648,California
Trinity,2021-05-31,4,8130,3,1065,1,6659,0,406,2,781,2,3869,2,4650,California
Trinity,2021-06-01,16,8146,9,1074,5,6664,2,408,5,778,10,3879,7,4657,California
Trinity,2021-06-02,24,8170,19,1093,3,6667,2,410,9,774,15,3894,11,4668,California
Trinity,2021-06-03,39,8209,13,1106,26,6693,0,410,13,761,26,3920,13,4681,California
Trinity,2021-06-04,45,8254,21,1127,16,6709,8,418,12,748,33,3953,20,4701,California
Trinity,2021-06-05,19,8273,18,1145,1,6710,0,418,13,755,6,3959,13,4714,California
Trinity,2021-06-06,9,8282,6,1151,2,6712,1,419,2,751,7,3966,3,4717,California
Trinity,2021-06-07,28,8310,19,1170,8,6720,1,420,12,748,16,3982,13,4730,California
Trinity,2021-06-08,15,8325,13,1183,1,6721,1,421,4,742,11,3993,5,4735,California
Trinity,2021-06-09,24,8349,14,1197,1,6722,9,430,5,737,19,4012,14,4749,California
Trinity,2021-06-10,21,8370,19,1216,2,6724,0,430,6,728,15,4027,6,4755,California
Trinity,2021-06-11,45,8415,10,1226,33,6757,2,432,14,713,31,4058,16,4771,California
Trinity,2021-06-12,9,8424,9,1235,0,6757,0,432,2,708,7,4065,2,4773,California
Trinity,2021-06-13,4,8428,4,1239,0,6757,0,432,1,706,3,4068,1,4774,California
Trinity,2021-06-14,43,8471,16,1255,27,6784,0,432,11,685,32,4100,11,4785,California
Trinity,2021-06-15,45,8516,21,1276,3,6787,21,453,9,678,36,4136,29,4814,California
Trinity,2021-06-16,10,8526,6,1282,4,6791,0,453,3,674,7,4143,3,4817,California
Trinity,2021-06-17,16,8542,13,1295,1,6792,2,455,6,673,9,4152,8,4825,California
Trinity,2021-06-18,18,8560,10,1305,6,6798,2,457,6,669,12,4164,8,4833,California
Trinity,2021-06-19,10,8570,10,1315,0,6798,0,457,2,663,8,4172,2,4835,California
Trinity,2021-06-20,3,8573,3,1318,0,6798,0,457,3,666,0,4172,3,4838,California
Trinity,2021-06-21,9,8582,6,1324,1,6799,2,459,6,671,3,4175,8,4846,California
Trinity,2021-06-22,6,8588,5,1329,0,6799,1,460,3,672,3,4178,4,4850,California
Tulare,2020-12-15,1,1,1,1,0,0,0,0,1,1,0,0,1,1,California
Tulare,2020-12-16,4,5,4,5,0,0,0,0,4,5,0,0,4,5,California
Tulare,2020-12-17,110,115,110,115,0,0,0,0,110,115,0,0,110,115,California
Tulare,2020-12-18,289,404,288,403,1,1,0,0,289,404,0,0,289,404,California
Tulare,2020-12-19,325,729,325,728,0,1,0,0,325,729,0,0,325,729,California
Tulare,2020-12-20,165,894,165,893,0,1,0,0,165,894,0,0,165,894,California
Tulare,2020-12-21,424,1318,424,1317,0,1,0,0,444,1338,0,0,444,1338,California
Tulare,2020-12-22,473,1791,472,1789,1,2,0,0,472,1810,0,0,472,1810,California
Tulare,2020-12-23,327,2118,319,2108,8,10,0,0,325,2135,0,0,325,2135,California
Tulare,2020-12-24,18,2136,16,2124,2,12,0,0,18,2153,0,0,18,2153,California
Tulare,2020-12-26,7,2143,6,2130,1,13,0,0,7,2160,0,0,7,2160,California
Tulare,2020-12-27,16,2159,12,2142,4,17,0,0,16,2176,0,0,16,2176,California
Tulare,2020-12-28,483,2642,470,2612,13,30,0,0,482,2658,0,0,482,2658,California
Tulare,2020-12-29,549,3191,477,3089,72,102,0,0,549,3207,0,0,549,3207,California
Tulare,2020-12-30,469,3660,425,3514,44,146,0,0,469,3676,0,0,469,3676,California
Tulare,2020-12-31,102,3762,24,3538,78,224,0,0,102,3778,0,0,102,3778,California
Tulare,2021-01-01,4,3766,1,3539,3,227,0,0,4,3782,0,0,4,3782,California
Tulare,2021-01-02,33,3799,20,3559,13,240,0,0,33,3815,0,0,33,3815,California
Tulare,2021-01-03,23,3822,9,3568,14,254,0,0,23,3838,0,0,23,3838,California
Tulare,2021-01-04,93,3915,16,3584,77,331,0,0,93,3931,0,0,93,3931,California
Tulare,2021-01-05,469,4384,279,3863,190,521,0,0,467,4396,2,2,467,4398,California
Tulare,2021-01-06,869,5253,634,4497,235,756,0,0,859,5245,10,12,859,5257,California
Tulare,2021-01-07,787,6040,590,5087,197,953,0,0,678,5814,109,121,678,5935,California
Tulare,2021-01-08,1297,7337,572,5659,725,1678,0,0,961,6440,335,456,961,6896,California
Tulare,2021-01-09,804,8141,203,5862,601,2279,0,0,616,6868,188,644,616,7512,California
Tulare,2021-01-10,51,8192,44,5906,7,2286,0,0,13,6843,38,682,13,7525,California
Tulare,2021-01-11,1279,9471,775,6681,504,2790,0,0,840,7244,439,1121,840,8365,California
Tulare,2021-01-12,1461,10932,510,7191,951,3741,0,0,1047,7879,413,1534,1048,9413,California
Tulare,2021-01-13,426,11358,197,7388,229,3970,0,0,352,8157,74,1608,352,9765,California
Tulare,2021-01-14,499,11857,146,7534,353,4323,0,0,473,8615,15,1623,473,10238,California
Tulare,2021-01-15,1707,13564,161,7695,1546,5869,0,0,1697,10302,10,1633,1697,11935,California
Tulare,2021-01-16,1942,15506,122,7817,1820,7689,0,0,1928,12216,14,1647,1928,13863,California
Tulare,2021-01-17,142,15648,122,7939,20,7709,0,0,132,12338,10,1657,132,13995,California
Tulare,2021-01-18,697,16345,661,8600,36,7745,0,0,297,12235,400,2057,297,14292,California
Tulare,2021-01-19,1028,17373,693,9293,335,8080,0,0,601,12409,427,2484,601,14893,California
Tulare,2021-01-20,2445,19818,612,9905,1833,9913,0,0,2032,14054,387,2871,2032,16925,California
Tulare,2021-01-21,1597,21415,188,10093,1409,11322,0,0,1569,15601,22,2893,1569,18494,California
Tulare,2021-01-22,1079,22494,191,10284,888,12210,0,0,1051,16625,27,2920,1051,19545,California
Tulare,2021-01-23,445,22939,157,10441,288,12498,0,0,424,17028,21,2941,424,19969,California
Tulare,2021-01-24,30,22969,27,10468,3,12501,0,0,28,17054,2,2943,28,19997,California
Tulare,2021-01-25,1359,24328,989,11457,370,12871,0,0,1308,18311,51,2994,1308,21305,California
Tulare,2021-01-26,1517,25845,1102,12559,415,13286,0,0,1177,19149,339,3333,1177,22482,California
Tulare,2021-01-27,1504,27349,1075,13634,429,13715,0,0,924,19494,579,3912,924,23406,California
Tulare,2021-01-28,1220,28569,777,14411,443,14158,0,0,819,19912,401,4313,819,24225,California
Tulare,2021-01-29,1137,29706,725,15136,412,14570,0,0,825,20425,312,4625,825,25050,California
Tulare,2021-01-30,1691,31397,1596,16732,95,14665,0,0,1668,22071,23,4648,1669,26719,California
Tulare,2021-01-31,69,31466,64,16796,5,14670,0,0,66,22134,3,4651,66,26785,California
Tulare,2021-02-01,1202,32668,921,17717,281,14951,0,0,837,22607,364,5015,837,27622,California
Tulare,2021-02-02,707,33375,352,18069,355,15306,0,0,460,22823,245,5260,461,28083,California
Tulare,2021-02-03,575,33950,240,18309,335,15641,0,0,330,22928,225,5485,330,28413,California
Tulare,2021-02-04,577,34527,171,18480,406,16047,0,0,286,22925,290,5775,287,28700,California
Tulare,2021-02-05,1244,35771,236,18716,1008,17055,0,0,404,22491,838,6613,404,29104,California
Tulare,2021-02-06,844,36615,165,18881,679,17734,0,0,208,22065,634,7247,208,29312,California
Tulare,2021-02-07,84,36699,71,18952,13,17747,0,0,23,22027,61,7308,23,29335,California
Tulare,2021-02-08,952,37651,333,19285,619,18366,0,0,241,21559,709,8017,241,29576,California
Tulare,2021-02-09,1438,39089,336,19621,1102,19468,0,0,358,20843,1074,9091,358,29934,California
Tulare,2021-02-10,2496,41585,1999,21620,497,19965,0,0,2096,22541,399,9490,2097,32031,California
Tulare,2021-02-11,1347,42932,383,22003,964,20929,0,0,919,23032,428,9918,919,32950,California
Tulare,2021-02-12,2802,45734,574,22577,2228,23157,0,0,1194,22625,1601,11519,1194,34144,California
Tulare,2021-02-13,2483,48217,158,22735,2325,25482,0,0,640,21426,1839,13358,640,34784,California
Tulare,2021-02-14,342,48559,39,22774,303,25785,0,0,305,21694,37,13395,305,35089,California
Tulare,2021-02-15,923,49482,292,23066,631,26416,0,0,660,22092,262,13657,660,35749,California
Tulare,2021-02-16,2864,52346,1606,24672,1258,27674,0,0,1095,21421,1767,15424,1096,36845,California
Tulare,2021-02-17,2734,55080,519,25191,2215,29889,0,0,465,19624,2262,17686,465,37310,California
Tulare,2021-02-18,2356,57436,451,25642,1905,31794,0,0,651,18579,1696,19382,651,37961,California
Tulare,2021-02-19,2345,59781,882,26524,1463,33257,0,0,966,18168,1377,20759,966,38927,California
Tulare,2021-02-20,3012,62793,1902,28426,1110,34367,0,0,1271,17703,1736,22495,1271,40198,California
Tulare,2021-02-21,96,62889,93,28519,3,34370,0,0,48,17704,47,22542,48,40246,California
Tulare,2021-02-22,1116,64005,706,29225,410,34780,0,0,215,17019,900,23442,215,40461,California
Tulare,2021-02-23,1974,65979,953,30178,1021,35801,0,0,1473,17993,499,23941,1473,41934,California
Tulare,2021-02-24,2501,68480,1556,31734,945,36746,0,0,2125,19744,375,24316,2126,44060,California
Tulare,2021-02-25,3551,72031,1997,33731,1554,38300,0,0,3130,22459,417,24733,3132,47192,California
Tulare,2021-02-26,3900,75931,1914,35645,1986,40286,0,0,3422,25405,476,25209,3422,50614,California
Tulare,2021-02-27,3028,78959,1514,37159,1514,41800,0,0,2892,28173,124,25333,2892,53506,California
Tulare,2021-02-28,1318,80277,1045,38204,273,42073,0,0,1296,29451,18,25351,1296,54802,California
Tulare,2021-03-01,1807,82084,807,39011,1000,43073,0,0,1609,30864,196,25547,1609,56411,California
Tulare,2021-03-02,2840,84924,1281,40292,1559,44632,0,0,2665,33357,173,25720,2666,59077,California
Tulare,2021-03-03,4135,89059,2765,43057,1369,46001,1,1,2169,33568,1963,27683,2174,61251,California
Tulare,2021-03-04,3012,92071,1357,44414,1655,47656,0,1,2666,35893,341,28024,2666,63917,California
Tulare,2021-03-05,3536,95607,1777,46191,1744,49400,15,16,3015,38409,518,28542,3034,66951,California
Tulare,2021-03-06,3107,98714,1451,47642,1596,50996,60,76,2852,41067,252,28794,2910,69861,California
Tulare,2021-03-07,1144,99858,708,48350,415,51411,21,97,1103,42151,40,28834,1124,70985,California
Tulare,2021-03-08,1741,101599,1011,49361,561,51972,169,266,1408,43399,328,29162,1576,72561,California
Tulare,2021-03-09,3297,104896,2257,51618,889,52861,151,417,2865,45983,431,29593,3015,75576,California
Tulare,2021-03-10,3003,107899,1418,53036,1410,54271,175,592,2594,48351,399,29992,2767,78343,California
Tulare,2021-03-11,4274,112173,2009,55045,1957,56228,308,900,3312,51010,962,30954,3621,81964,California
Tulare,2021-03-12,4471,116644,2441,57486,1672,57900,358,1258,3173,53251,1290,32244,3531,85495,California
Tulare,2021-03-13,4193,120837,1963,59449,2125,60025,105,1363,3234,55638,953,33197,3340,88835,California
Tulare,2021-03-14,1866,122703,990,60439,656,60681,220,1583,1336,56662,529,33726,1553,90388,California
Tulare,2021-03-15,2777,125480,1650,62089,1010,61691,117,1700,1998,58004,775,34501,2117,92505,California
Tulare,2021-03-16,3474,128954,2126,64215,1268,62959,80,1780,1901,58420,1569,36070,1985,94490,California
Tulare,2021-03-17,4106,133060,2674,66889,1357,64316,75,1855,2343,59087,1757,37827,2424,96914,California
Tulare,2021-03-18,4702,137762,3433,70322,1196,65512,73,1928,2488,59450,2204,40031,2567,99481,California
Tulare,2021-03-19,5161,142923,3404,73726,1559,67071,198,2126,2753,60015,2388,42419,2953,102434,California
Tulare,2021-03-20,4529,147452,2825,76551,1331,68402,373,2499,2082,60035,2439,44858,2459,104893,California
Tulare,2021-03-21,2018,149470,1728,78279,263,68665,27,2526,1067,60181,947,45805,1093,105986,California
Tulare,2021-03-22,2584,152054,1791,80070,680,69345,113,2639,1697,61112,881,46686,1812,107798,California
Tulare,2021-03-23,3809,155863,2202,82272,1556,70901,51,2690,2093,61558,1705,48391,2151,109949,California
Tulare,2021-03-24,3227,159090,1999,84271,1186,72087,42,2732,1727,61836,1492,49883,1770,111719,California
Tulare,2021-03-25,3507,162597,1826,86097,1517,73604,164,2896,1683,61869,1816,51699,1849,113568,California
Tulare,2021-03-26,5304,167901,3166,89263,2025,75629,113,3009,2559,61813,2728,54427,2672,116240,California
Tulare,2021-03-27,3560,171461,1824,91087,1636,77265,100,3109,996,60353,2555,56982,1095,117335,California
Tulare,2021-03-28,1479,172940,1074,92161,374,77639,31,3140,678,60273,799,57781,719,118054,California
Tulare,2021-03-29,2898,175838,1680,93841,1110,78749,108,3248,1232,59953,1662,59443,1342,119396,California
Tulare,2021-03-30,4962,180800,2813,96654,1915,80664,234,3482,1516,58259,3436,62879,1742,121138,California
Tulare,2021-03-31,4013,184813,2370,99024,1528,82192,115,3597,1559,57488,2446,65325,1675,122813,California
Tulare,2021-04-01,4569,189382,2475,101499,2022,84214,72,3669,1562,56126,2997,68322,1635,124448,California
Tulare,2021-04-02,5394,194776,3079,104578,2201,86415,114,3783,1566,53995,3812,72134,1681,126129,California
Tulare,2021-04-03,3649,198425,2110,106688,1163,87578,376,4159,838,52434,2773,74907,1212,127341,California
Tulare,2021-04-04,1637,200062,1150,107838,480,88058,7,4166,359,51526,1274,76181,366,127707,California
Tulare,2021-04-05,3378,203440,2354,110192,753,88811,271,4437,852,50137,2513,78694,1124,128831,California
Tulare,2021-04-06,3459,206899,1477,111669,1481,90292,501,4938,900,48989,2551,81245,1403,130234,California
Tulare,2021-04-07,3936,210835,1861,113530,1638,91930,437,5375,1186,47863,2740,83985,1614,131848,California
Tulare,2021-04-08,4839,215674,2644,116174,1730,93660,465,5840,1526,46550,3300,87285,1987,133835,California
Tulare,2021-04-09,4880,220554,3010,119184,1427,95087,443,6283,1829,45780,3043,90328,2273,136108,California
Tulare,2021-04-10,3885,224439,2097,121281,1467,96554,321,6604,950,44121,2926,93254,1267,137375,California
Tulare,2021-04-11,1594,226033,1055,122336,465,97019,74,6678,492,43587,1100,94354,566,137941,California
Tulare,2021-04-12,3439,229472,2144,124480,696,97715,599,7277,1072,42902,2357,96711,1672,139613,California
Tulare,2021-04-13,2432,231904,1606,126086,816,98531,10,7287,907,42307,1514,98225,919,140532,California
Tulare,2021-04-14,2904,234808,1710,127796,1194,99725,0,7287,918,41244,1981,100206,918,141450,California
Tulare,2021-04-15,3352,238160,2182,129978,1170,100895,0,7287,1491,40887,1848,102054,1491,142941,California
Tulare,2021-04-16,3731,241891,2256,132234,1475,102370,0,7287,1492,40153,2226,104280,1492,144433,California
Tulare,2021-04-17,2265,244156,1334,133568,931,103301,0,7287,1201,40296,1059,105339,1202,145635,California
Tulare,2021-04-18,1554,245710,1215,134783,339,103640,0,7287,828,40399,725,106064,828,146463,California
Tulare,2021-04-19,2167,247877,1247,136030,919,104559,1,7288,913,40064,1249,107313,914,147377,California
Tulare,2021-04-20,2364,250241,1332,137362,1032,105591,0,7288,991,39697,1359,108672,992,148369,California
Tulare,2021-04-21,2225,252466,1344,138706,881,106472,0,7288,819,39151,1367,110039,821,149190,California
Tulare,2021-04-22,2135,254601,1188,139894,947,107419,0,7288,733,38501,1383,111422,733,149923,California
Tulare,2021-04-23,2603,257204,1593,141487,1009,108428,1,7289,1024,37959,1567,112989,1025,150948,California
Tulare,2021-04-24,1651,258855,1056,142543,593,109021,2,7291,855,38025,791,113780,857,151805,California
Tulare,2021-04-25,703,259558,529,143072,174,109195,0,7291,270,37862,433,114213,270,152075,California
Tulare,2021-04-26,1531,261089,920,143992,592,109787,19,7310,642,37639,882,115095,659,152734,California
Tulare,2021-04-27,1677,262766,680,144672,958,110745,39,7349,715,37433,959,116054,753,153487,California
Tulare,2021-04-28,1719,264485,978,145650,699,111444,42,7391,674,37108,1040,117094,715,154202,California
Tulare,2021-04-29,2020,266505,1206,146856,774,112218,40,7431,782,36702,1226,118320,820,155022,California
Tulare,2021-04-30,2449,268954,1781,148637,618,112836,50,7481,902,36114,1539,119859,951,155973,California
Tulare,2021-05-01,1435,270389,1236,149873,187,113023,12,7493,734,36169,691,120550,746,156719,California
Tulare,2021-05-02,592,270981,504,150377,71,113094,17,7510,190,35976,399,120949,206,156925,California
Tulare,2021-05-03,1627,272608,1100,151477,402,113496,125,7635,350,35181,1270,122219,475,157400,California
Tulare,2021-05-04,1569,274177,842,152319,657,114153,70,7705,630,34948,930,123149,697,158097,California
Tulare,2021-05-05,1288,275465,623,152942,574,114727,91,7796,447,34656,830,123979,538,158635,California
Tulare,2021-05-06,1977,277442,1333,154275,594,115321,50,7846,592,33921,1377,125356,642,159277,California
Tulare,2021-05-07,1843,279285,1251,155526,524,115845,68,7914,523,33199,1312,126668,590,159867,California
Tulare,2021-05-08,1236,280521,810,156336,401,116246,25,7939,527,33049,702,127370,552,160419,California
Tulare,2021-05-09,595,281116,470,156806,104,116350,21,7960,117,32715,473,127843,139,160558,California
Tulare,2021-05-10,1026,282142,593,157399,368,116718,65,8025,311,32380,711,128554,376,160934,California
Tulare,2021-05-11,1261,283403,639,158038,538,117256,84,8109,525,32260,729,129283,609,161543,California
Tulare,2021-05-12,1585,284988,1019,159057,509,117765,57,8166,434,31614,1136,130419,490,162033,California
Tulare,2021-05-13,1561,286549,988,160045,533,118298,40,8206,698,31492,859,131278,737,162770,California
Tulare,2021-05-14,1941,288490,1249,161294,628,118926,64,8270,868,31363,1060,132338,931,163701,California
Tulare,2021-05-15,1571,290061,885,162179,639,119565,47,8317,670,31181,893,133231,711,164412,California
Tulare,2021-05-16,700,290761,559,162738,129,119694,12,8329,326,31147,372,133603,338,164750,California
Tulare,2021-05-17,1547,292308,959,163697,515,120209,73,8402,737,31154,803,134406,810,165560,California
Tulare,2021-05-18,1589,293897,863,164560,671,120880,55,8457,799,31221,785,135191,852,166412,California
Tulare,2021-05-19,1481,295378,956,165516,492,121372,33,8490,773,31326,701,135892,806,167218,California
Tulare,2021-05-20,1594,296972,1077,166593,430,121802,87,8577,772,31366,818,136710,858,168076,California
Tulare,2021-05-21,1950,298922,1424,168017,484,122286,42,8619,1065,31596,877,137587,1107,169183,California
Tulare,2021-05-22,1610,300532,1151,169168,436,122722,23,8642,605,31228,997,138584,629,169812,California
Tulare,2021-05-23,401,300933,318,169486,74,122796,9,8651,205,31248,194,138778,214,170026,California
Tulare,2021-05-24,915,301848,554,170040,299,123095,62,8713,407,31211,506,139284,469,170495,California
Tulare,2021-05-25,1188,303036,709,170749,447,123542,32,8745,506,31073,676,139960,538,171033,California
Tulare,2021-05-26,886,303922,492,171241,352,123894,42,8787,404,31041,477,140437,445,171478,California
Tulare,2021-05-27,1278,305200,809,172050,438,124332,31,8818,596,30991,679,141116,629,172107,California
Tulare,2021-05-28,1184,306384,659,172709,476,124808,49,8867,630,31121,548,141664,678,172785,California
Tulare,2021-05-29,873,307257,646,173355,208,125016,19,8886,502,31273,369,142033,521,173306,California
Tulare,2021-05-30,285,307542,207,173562,70,125086,8,8894,165,31328,118,142151,173,173479,California
Tulare,2021-05-31,130,307672,50,173612,69,125155,11,8905,54,31318,75,142226,65,173544,California
Tulare,2021-06-01,1054,308726,627,174239,396,125551,31,8936,403,31108,643,142869,433,173977,California
Tulare,2021-06-02,797,309523,469,174708,295,125846,33,8969,365,31083,421,143290,396,174373,California
Tulare,2021-06-03,1146,310669,814,175522,274,126120,58,9027,424,30862,702,143992,481,174854,California
Tulare,2021-06-04,1171,311840,834,176356,305,126425,32,9059,393,30513,774,144766,425,175279,California
Tulare,2021-06-05,877,312717,697,177053,165,126590,15,9074,301,30256,573,145339,316,175595,California
Tulare,2021-06-06,420,313137,355,177408,46,126636,19,9093,138,30132,281,145620,157,175752,California
Tulare,2021-06-07,887,314024,696,178104,153,126789,38,9131,288,29861,596,146216,325,176077,California
Tulare,2021-06-08,1053,315077,776,178880,214,127003,63,9194,354,29584,694,146910,417,176494,California
Tulare,2021-06-09,1082,316159,757,179637,289,127292,36,9230,345,29231,732,147642,379,176873,California
Tulare,2021-06-10,1106,317265,890,180527,180,127472,36,9266,386,28934,718,148360,421,177294,California
Tulare,2021-06-11,1231,318496,883,181410,313,127785,35,9301,383,28514,838,149198,418,177712,California
Tulare,2021-06-12,953,319449,740,182150,202,127987,11,9312,329,28236,618,149816,340,178052,California
Tulare,2021-06-13,310,319759,222,182372,85,128072,3,9315,92,28114,217,150033,95,178147,California
Tulare,2021-06-14,773,320532,566,182938,179,128251,28,9343,300,27974,468,150501,328,178475,California
Tulare,2021-06-15,984,321516,665,183603,289,128540,30,9373,435,27897,542,151043,465,178940,California
Tulare,2021-06-16,833,322349,572,184175,223,128763,38,9411,369,27844,461,151504,408,179348,California
Tulare,2021-06-17,962,323311,705,184880,238,129001,19,9430,368,27640,591,152095,387,179735,California
Tulare,2021-06-18,957,324268,669,185549,257,129258,31,9461,353,27421,602,152697,383,180118,California
Tulare,2021-06-19,850,325118,679,186228,158,129416,13,9474,390,27368,456,153153,403,180521,California
Tulare,2021-06-20,250,325368,187,186415,55,129471,8,9482,75,27277,175,153328,84,180605,California
Tulare,2021-06-21,487,325855,318,186733,142,129613,27,9509,279,27376,207,153535,306,180911,California
Tulare,2021-06-22,247,326102,146,186879,81,129694,20,9529,100,27351,145,153680,120,181031,California
Tuolumne,2020-12-16,47,47,47,47,0,0,0,0,47,47,0,0,47,47,California
Tuolumne,2020-12-17,17,64,17,64,0,0,0,0,17,64,0,0,17,64,California
Tuolumne,2020-12-18,101,165,100,164,1,1,0,0,101,165,0,0,101,165,California
Tuolumne,2020-12-19,4,169,4,168,0,1,0,0,4,169,0,0,4,169,California
Tuolumne,2020-12-20,2,171,2,170,0,1,0,0,2,171,0,0,2,171,California
Tuolumne,2020-12-21,116,287,102,272,14,15,0,0,116,287,0,0,116,287,California
Tuolumne,2020-12-22,170,457,170,442,0,15,0,0,170,457,0,0,170,457,California
Tuolumne,2020-12-23,184,641,182,624,2,17,0,0,184,641,0,0,184,641,California
Tuolumne,2020-12-25,1,642,1,625,0,17,0,0,1,642,0,0,1,642,California
Tuolumne,2020-12-26,2,644,2,627,0,17,0,0,2,644,0,0,2,644,California
Tuolumne,2020-12-28,76,720,74,701,2,19,0,0,76,720,0,0,76,720,California
Tuolumne,2020-12-29,103,823,39,740,64,83,0,0,103,823,0,0,103,823,California
Tuolumne,2020-12-30,79,902,22,762,57,140,0,0,79,902,0,0,79,902,California
Tuolumne,2020-12-31,27,929,20,782,7,147,0,0,27,929,0,0,27,929,California
Tuolumne,2021-01-01,6,935,5,787,1,148,0,0,6,935,0,0,6,935,California
Tuolumne,2021-01-02,118,1053,116,903,2,150,0,0,118,1053,0,0,118,1053,California
Tuolumne,2021-01-03,2,1055,2,905,0,150,0,0,2,1055,0,0,2,1055,California
Tuolumne,2021-01-04,69,1124,26,931,43,193,0,0,69,1124,0,0,69,1124,California
Tuolumne,2021-01-05,94,1218,27,958,67,260,0,0,91,1213,3,3,92,1216,California
Tuolumne,2021-01-06,132,1350,71,1029,61,321,0,0,68,1217,64,67,68,1284,California
Tuolumne,2021-01-07,119,1469,62,1091,57,378,0,0,65,1228,54,121,65,1349,California
Tuolumne,2021-01-08,105,1574,82,1173,23,401,0,0,26,1177,78,199,27,1376,California
Tuolumne,2021-01-09,2,1576,0,1173,2,403,0,0,2,1179,0,199,2,1378,California
Tuolumne,2021-01-10,3,1579,1,1174,2,405,0,0,3,1182,0,199,3,1381,California
Tuolumne,2021-01-11,115,1694,89,1263,26,431,0,0,35,1137,80,279,35,1416,California
Tuolumne,2021-01-12,101,1795,85,1348,16,447,0,0,18,1072,83,362,18,1434,California
Tuolumne,2021-01-13,231,2026,125,1473,106,553,0,0,182,1206,49,411,183,1617,California
Tuolumne,2021-01-14,148,2174,108,1581,40,593,0,0,43,1145,104,515,43,1660,California
Tuolumne,2021-01-15,478,2652,76,1657,402,995,0,0,415,1499,62,577,416,2076,California
Tuolumne,2021-01-16,7,2659,3,1660,4,999,0,0,6,1504,1,578,6,2082,California
Tuolumne,2021-01-17,8,2667,4,1664,4,1003,0,0,8,1512,0,578,8,2090,California
Tuolumne,2021-01-18,46,2713,38,1702,8,1011,0,0,9,1485,36,614,9,2099,California
Tuolumne,2021-01-19,479,3192,75,1777,404,1415,0,0,433,1872,46,660,433,2532,California
Tuolumne,2021-01-20,76,3268,58,1835,18,1433,0,0,24,1845,51,711,24,2556,California
Tuolumne,2021-01-21,58,3326,24,1859,34,1467,0,0,42,1871,16,727,42,2598,California
Tuolumne,2021-01-22,170,3496,17,1876,153,1620,0,0,162,2025,8,735,162,2760,California
Tuolumne,2021-01-23,653,4149,134,2010,519,2139,0,0,546,2477,107,842,559,3319,California
Tuolumne,2021-01-24,523,4672,2,2012,521,2660,0,0,520,2996,3,845,522,3841,California
Tuolumne,2021-01-25,50,4722,28,2040,22,2682,0,0,24,2995,26,871,25,3866,California
Tuolumne,2021-01-26,80,4802,68,2108,12,2694,0,0,40,2995,40,911,40,3906,California
Tuolumne,2021-01-27,61,4863,4,2112,57,2751,0,0,8,2951,52,963,8,3914,California
Tuolumne,2021-01-28,26,4889,6,2118,20,2771,0,0,17,2959,9,972,17,3931,California
Tuolumne,2021-01-29,70,4959,5,2123,65,2836,0,0,32,2953,38,1010,32,3963,California
Tuolumne,2021-01-30,712,5671,554,2677,158,2994,0,0,690,3638,22,1032,707,4670,California
Tuolumne,2021-01-31,8,5679,2,2679,6,3000,0,0,5,3640,3,1035,5,4675,California
Tuolumne,2021-02-01,27,5706,7,2686,20,3020,0,0,24,3661,3,1038,24,4699,California
Tuolumne,2021-02-02,654,6360,46,2732,608,3628,0,0,640,4290,11,1049,640,5339,California
Tuolumne,2021-02-03,244,6604,113,2845,131,3759,0,0,89,4224,155,1204,89,5428,California
Tuolumne,2021-02-04,123,6727,13,2858,110,3869,0,0,61,4223,62,1266,61,5489,California
Tuolumne,2021-02-05,101,6828,14,2872,87,3956,0,0,34,4191,66,1332,34,5523,California
Tuolumne,2021-02-06,858,7686,582,3454,276,4232,0,0,849,5037,9,1341,855,6378,California
Tuolumne,2021-02-07,8,7694,4,3458,4,4236,0,0,4,5037,4,1345,4,6382,California
Tuolumne,2021-02-08,92,7786,41,3499,51,4287,0,0,68,5081,24,1369,68,6450,California
Tuolumne,2021-02-09,864,8650,51,3550,813,5100,0,0,821,5859,43,1412,821,7271,California
Tuolumne,2021-02-10,94,8744,18,3568,76,5176,0,0,31,5829,61,1473,31,7302,California
Tuolumne,2021-02-11,143,8887,68,3636,75,5251,0,0,78,5842,65,1538,78,7380,California
Tuolumne,2021-02-12,651,9538,20,3656,631,5882,0,0,209,5610,441,1979,209,7589,California
Tuolumne,2021-02-13,152,9690,41,3697,111,5993,0,0,121,5701,30,2009,121,7710,California
Tuolumne,2021-02-14,153,9843,14,3711,139,6132,0,0,151,5850,2,2011,151,7861,California
Tuolumne,2021-02-15,190,10033,11,3722,179,6311,0,0,181,6022,9,2020,181,8042,California
Tuolumne,2021-02-16,530,10563,18,3740,512,6823,0,0,122,5742,404,2424,124,8166,California
Tuolumne,2021-02-17,110,10673,62,3802,48,6871,0,0,60,5753,49,2473,60,8226,California
Tuolumne,2021-02-18,685,11358,27,3829,658,7529,0,0,633,6335,52,2525,634,8860,California
Tuolumne,2021-02-19,142,11500,22,3851,120,7649,0,0,42,6277,100,2625,42,8902,California
Tuolumne,2021-02-20,907,12407,342,4193,565,8214,0,0,384,6156,508,3133,387,9289,California
Tuolumne,2021-02-21,983,13390,42,4235,941,9155,0,0,472,6124,508,3641,476,9765,California
Tuolumne,2021-02-22,79,13469,57,4292,22,9177,0,0,45,6136,33,3674,45,9810,California
Tuolumne,2021-02-23,47,13516,24,4316,23,9200,0,0,24,6138,22,3696,24,9834,California
Tuolumne,2021-02-24,105,13621,58,4374,47,9247,0,0,42,6119,62,3758,43,9877,California
Tuolumne,2021-02-25,1053,14674,34,4408,1019,10266,0,0,1020,7107,33,3791,1021,10898,California
Tuolumne,2021-02-26,152,14826,12,4420,140,10406,0,0,126,7208,26,3817,127,11025,California
Tuolumne,2021-02-27,958,15784,581,5001,377,10783,0,0,251,6773,689,4506,254,11279,California
Tuolumne,2021-02-28,56,15840,4,5005,52,10835,0,0,52,6822,3,4509,52,11331,California
Tuolumne,2021-03-01,115,15955,21,5026,93,10928,1,1,78,6866,36,4545,80,11411,California
Tuolumne,2021-03-02,709,16664,74,5100,635,11563,0,1,106,6369,603,5148,106,11517,California
Tuolumne,2021-03-03,93,16757,19,5119,74,11637,0,1,66,6409,26,5174,66,11583,California
Tuolumne,2021-03-04,1176,17933,76,5195,1100,12737,0,1,1109,7452,66,5240,1109,12692,California
Tuolumne,2021-03-05,91,18024,10,5205,81,12818,0,1,53,7469,37,5277,54,12746,California
Tuolumne,2021-03-06,1062,19086,606,5811,454,13272,2,3,205,6831,850,6127,212,12958,California
Tuolumne,2021-03-07,40,19126,12,5823,14,13286,14,17,18,6841,22,6149,32,12990,California
Tuolumne,2021-03-08,198,19324,90,5913,101,13387,7,24,140,6930,58,6207,147,13137,California
Tuolumne,2021-03-09,858,20182,15,5928,832,14219,11,35,66,6221,786,6993,77,13214,California
Tuolumne,2021-03-10,78,20260,11,5939,56,14275,11,46,54,6262,24,7017,65,13279,California
Tuolumne,2021-03-11,1286,21546,39,5978,1241,15516,6,52,1257,7498,29,7046,1265,14544,California
Tuolumne,2021-03-12,300,21846,34,6012,251,15767,15,67,189,7596,109,7155,207,14751,California
Tuolumne,2021-03-13,113,21959,13,6025,100,15867,0,67,82,7649,30,7185,83,14834,California
Tuolumne,2021-03-14,149,22108,10,6035,130,15997,9,76,7,7528,142,7327,21,14855,California
Tuolumne,2021-03-15,303,22411,82,6117,218,16215,3,79,104,7445,198,7525,115,14970,California
Tuolumne,2021-03-16,806,23217,40,6157,755,16970,11,90,669,7990,136,7661,681,15651,California
Tuolumne,2021-03-17,153,23370,33,6190,107,17077,13,103,79,8009,73,7734,92,15743,California
Tuolumne,2021-03-18,950,24320,28,6218,909,17986,13,116,316,7709,629,8363,329,16072,California
Tuolumne,2021-03-19,134,24454,17,6235,87,18073,30,146,73,7752,60,8423,103,16175,California
Tuolumne,2021-03-20,95,24549,8,6243,77,18150,10,156,41,7749,53,8476,50,16225,California
Tuolumne,2021-03-21,837,25386,393,6636,434,18584,10,166,41,7018,783,9259,52,16277,California
Tuolumne,2021-03-22,163,25549,73,6709,71,18655,19,185,96,7068,66,9325,116,16393,California
Tuolumne,2021-03-23,713,26262,638,7347,61,18716,14,199,675,7719,37,9362,688,17081,California
Tuolumne,2021-03-24,109,26371,20,7367,71,18787,18,217,75,7779,33,9395,93,17174,California
Tuolumne,2021-03-25,1301,27672,24,7391,1274,20061,3,220,326,7136,972,10367,329,17503,California
Tuolumne,2021-03-26,277,27949,17,7408,236,20297,24,244,115,7126,150,10517,140,17643,California
Tuolumne,2021-03-27,581,28530,54,7462,527,20824,0,244,315,7180,264,10781,318,17961,California
Tuolumne,2021-03-28,46,28576,5,7467,41,20865,0,244,7,7150,38,10819,8,17969,California
Tuolumne,2021-03-29,208,28784,84,7551,124,20989,0,244,110,7165,95,10914,110,18079,California
Tuolumne,2021-03-30,160,28944,8,7559,151,21140,1,245,117,7241,42,10956,118,18197,California
Tuolumne,2021-03-31,94,29038,13,7572,79,21219,2,247,37,7225,55,11011,39,18236,California
Tuolumne,2021-04-01,1253,30291,29,7601,1224,22443,0,247,228,6431,1022,12033,228,18464,California
Tuolumne,2021-04-02,167,30458,9,7610,132,22575,26,273,90,6473,74,12107,116,18580,California
Tuolumne,2021-04-03,427,30885,34,7644,392,22967,1,274,238,6525,186,12293,238,18818,California
Tuolumne,2021-04-04,34,30919,4,7648,30,22997,0,274,21,6535,11,12304,21,18839,California
Tuolumne,2021-04-05,133,31052,19,7667,107,23104,7,281,59,6527,74,12378,66,18905,California
Tuolumne,2021-04-06,653,31705,517,8184,109,23213,27,308,517,6937,135,12513,545,19450,California
Tuolumne,2021-04-07,128,31833,37,8221,75,23288,16,324,50,6925,78,12591,66,19516,California
Tuolumne,2021-04-08,1450,33283,35,8256,1400,24688,15,339,248,5991,1197,13788,263,19779,California
Tuolumne,2021-04-09,274,33557,42,8298,189,24877,43,382,133,6030,141,13929,180,19959,California
Tuolumne,2021-04-10,54,33611,2,8300,32,24909,20,402,22,6041,31,13960,42,20001,California
Tuolumne,2021-04-11,18,33629,3,8303,12,24921,3,405,12,6050,6,13966,15,20016,California
Tuolumne,2021-04-12,173,33802,66,8369,102,25023,5,410,90,6067,78,14044,95,20111,California
Tuolumne,2021-04-13,788,34590,35,8404,753,25776,0,410,171,5630,608,14652,171,20282,California
Tuolumne,2021-04-14,157,34747,30,8434,127,25903,0,410,79,5636,74,14726,80,20362,California
Tuolumne,2021-04-15,344,35091,21,8455,323,26226,0,410,60,5419,277,15003,60,20422,California
Tuolumne,2021-04-16,256,35347,52,8507,204,26430,0,410,143,5459,104,15107,144,20566,California
Tuolumne,2021-04-17,44,35391,5,8512,39,26469,0,410,27,5469,17,15124,27,20593,California
Tuolumne,2021-04-18,9,35400,2,8514,7,26476,0,410,5,5471,4,15128,6,20599,California
Tuolumne,2021-04-19,177,35577,79,8593,98,26574,0,410,99,5494,76,15204,99,20698,California
Tuolumne,2021-04-20,710,36287,616,9209,94,26668,0,410,74,4940,628,15832,74,20772,California
Tuolumne,2021-04-21,118,36405,25,9234,93,26761,0,410,62,4952,50,15882,62,20834,California
Tuolumne,2021-04-22,710,37115,45,9279,665,27426,0,410,429,5110,272,16154,430,21264,California
Tuolumne,2021-04-23,172,37287,29,9308,143,27569,0,410,81,5104,88,16242,82,21346,California
Tuolumne,2021-04-24,77,37364,16,9324,61,27630,0,410,49,5125,28,16270,49,21395,California
Tuolumne,2021-04-25,25,37389,9,9333,16,27646,0,410,22,5144,3,16273,22,21417,California
Tuolumne,2021-04-26,156,37545,56,9389,100,27746,0,410,73,5136,82,16355,74,21491,California
Tuolumne,2021-04-27,138,37683,21,9410,110,27856,7,417,63,5134,72,16427,70,21561,California
Tuolumne,2021-04-28,113,37796,21,9431,81,27937,11,428,60,5153,52,16479,71,21632,California
Tuolumne,2021-04-29,278,38074,15,9446,255,28192,8,436,54,4995,220,16699,62,21694,California
Tuolumne,2021-04-30,367,38441,23,9469,332,28524,12,448,72,4788,291,16990,84,21778,California
Tuolumne,2021-05-01,25,38466,7,9476,13,28537,5,453,16,4800,9,16999,21,21799,California
Tuolumne,2021-05-02,26,38492,3,9479,21,28558,2,455,19,4814,7,17006,21,21820,California
Tuolumne,2021-05-03,111,38603,14,9493,92,28650,5,460,36,4782,73,17079,41,21861,California
Tuolumne,2021-05-04,709,39312,601,10094,104,28754,4,464,215,4508,492,17571,218,22079,California
Tuolumne,2021-05-05,111,39423,27,10121,78,28832,6,470,59,4524,49,17620,65,22144,California
Tuolumne,2021-05-06,289,39712,13,10134,260,29092,16,486,42,4339,242,17862,57,22201,California
Tuolumne,2021-05-07,329,40041,26,10160,295,29387,8,494,71,4161,257,18119,79,22280,California
Tuolumne,2021-05-08,47,40088,6,10166,37,29424,4,498,32,4182,15,18134,36,22316,California
Tuolumne,2021-05-09,17,40105,2,10168,13,29437,2,500,3,4173,14,18148,5,22321,California
Tuolumne,2021-05-10,113,40218,44,10212,63,29500,6,506,32,4131,80,18228,38,22359,California
Tuolumne,2021-05-11,202,40420,62,10274,128,29628,12,518,55,4052,146,18374,67,22426,California
Tuolumne,2021-05-12,131,40551,20,10294,107,29735,4,522,50,4025,81,18455,54,22480,California
Tuolumne,2021-05-13,116,40667,18,10312,90,29825,8,530,72,4060,44,18499,79,22559,California
Tuolumne,2021-05-14,206,40873,76,10388,120,29945,10,540,107,4080,97,18596,117,22676,California
Tuolumne,2021-05-15,57,40930,14,10402,36,29981,7,547,19,4069,38,18634,27,22703,California
Tuolumne,2021-05-16,26,40956,8,10410,16,29997,2,549,13,4071,13,18647,15,22718,California
Tuolumne,2021-05-17,110,41066,30,10440,77,30074,3,552,47,4059,63,18710,51,22769,California
Tuolumne,2021-05-18,177,41243,53,10493,77,30151,47,599,58,4046,118,18828,105,22874,California
Tuolumne,2021-05-19,118,41361,20,10513,65,30216,33,632,46,4054,71,18899,79,22953,California
Tuolumne,2021-05-20,407,41768,19,10532,382,30598,6,638,53,3761,352,19251,59,23012,California
Tuolumne,2021-05-21,198,41966,92,10624,101,30699,5,643,119,3808,77,19328,124,23136,California
Tuolumne,2021-05-22,58,42024,18,10642,34,30733,6,649,25,3806,32,19360,30,23166,California
Tuolumne,2021-05-23,27,42051,7,10649,19,30752,1,650,10,3800,17,19377,11,23177,California
Tuolumne,2021-05-24,134,42185,41,10690,87,30839,6,656,51,3775,82,19459,57,23234,California
Tuolumne,2021-05-25,295,42480,221,10911,68,30907,6,662,111,3709,183,19642,117,23351,California
Tuolumne,2021-05-26,88,42568,24,10935,62,30969,2,664,37,3697,51,19693,39,23390,California
Tuolumne,2021-05-27,75,42643,13,10948,59,31028,3,667,30,3686,44,19737,33,23423,California
Tuolumne,2021-05-28,112,42755,53,11001,58,31086,1,668,65,3707,45,19782,66,23489,California
Tuolumne,2021-05-29,38,42793,7,11008,25,31111,6,674,17,3709,21,19803,23,23512,California
Tuolumne,2021-05-30,18,42811,1,11009,14,31125,3,677,4,3702,14,19817,7,23519,California
Tuolumne,2021-05-31,10,42821,2,11011,7,31132,1,678,2,3697,8,19825,3,23522,California
Tuolumne,2021-06-01,75,42896,20,11031,52,31184,3,681,22,3670,52,19877,25,23547,California
Tuolumne,2021-06-02,73,42969,7,11038,58,31242,8,689,23,3652,49,19926,31,23578,California
Tuolumne,2021-06-03,76,43045,25,11063,36,31278,15,704,23,3638,52,19978,38,23616,California
Tuolumne,2021-06-04,132,43177,62,11125,67,31345,3,707,38,3587,92,20070,41,23657,California
Tuolumne,2021-06-05,40,43217,10,11135,28,31373,2,709,16,3581,24,20094,18,23675,California
Tuolumne,2021-06-06,18,43235,4,11139,7,31380,7,716,4,3578,14,20108,11,23686,California
Tuolumne,2021-06-07,59,43294,14,11153,37,31417,8,724,26,3579,33,20141,34,23720,California
Tuolumne,2021-06-08,73,43367,22,11175,50,31467,1,725,27,3563,44,20185,28,23748,California
Tuolumne,2021-06-09,87,43454,45,11220,32,31499,10,735,40,3567,46,20231,50,23798,California
Tuolumne,2021-06-10,97,43551,14,11234,76,31575,7,742,26,3529,71,20302,33,23831,California
Tuolumne,2021-06-11,101,43652,47,11281,51,31626,3,745,25,3482,75,20377,28,23859,California
Tuolumne,2021-06-12,61,43713,20,11301,25,31651,16,761,18,3475,41,20418,34,23893,California
Tuolumne,2021-06-13,17,43730,2,11303,10,31661,5,766,3,3469,14,20432,8,23901,California
Tuolumne,2021-06-14,99,43829,32,11335,63,31724,4,770,52,3478,47,20479,56,23957,California
Tuolumne,2021-06-15,130,43959,82,11417,39,31763,9,779,21,3401,107,20586,30,23987,California
Tuolumne,2021-06-16,95,44054,46,11463,46,31809,3,782,54,3418,40,20626,57,24044,California
Tuolumne,2021-06-17,44,44098,10,11473,33,31842,1,783,17,3409,27,20653,18,24062,California
Tuolumne,2021-06-18,170,44268,95,11568,61,31903,14,797,60,3373,109,20762,73,24135,California
Tuolumne,2021-06-19,26,44294,9,11577,14,31917,3,800,10,3370,16,20778,13,24148,California
Tuolumne,2021-06-20,13,44307,2,11579,11,31928,0,800,10,3377,3,20781,10,24158,California
Tuolumne,2021-06-21,38,44345,4,11583,33,31961,1,801,19,3378,19,20800,20,24178,California
Tuolumne,2021-06-22,16,44361,5,11588,11,31972,0,801,9,3380,7,20807,9,24187,California
Ventura,2020-12-15,5,5,5,5,0,0,0,0,5,5,0,0,5,5,California
Ventura,2020-12-16,74,79,74,79,0,0,0,0,74,79,0,0,74,79,California
Ventura,2020-12-17,315,394,315,394,0,0,0,0,315,394,0,0,315,394,California
Ventura,2020-12-18,1597,1991,1597,1991,0,0,0,0,1597,1991,0,0,1597,1991,California
Ventura,2020-12-19,979,2970,978,2969,1,1,0,0,979,2970,0,0,979,2970,California
Ventura,2020-12-20,458,3428,458,3427,0,1,0,0,458,3428,0,0,458,3428,California
Ventura,2020-12-21,1505,4933,1505,4932,0,1,0,0,1505,4933,0,0,1505,4933,California
Ventura,2020-12-22,1158,6091,1153,6085,5,6,0,0,1158,6091,0,0,1158,6091,California
Ventura,2020-12-23,1085,7176,1034,7119,51,57,0,0,1085,7176,0,0,1085,7176,California
Ventura,2020-12-24,475,7651,377,7496,98,155,0,0,475,7651,0,0,475,7651,California
Ventura,2020-12-25,12,7663,7,7503,5,160,0,0,12,7663,0,0,12,7663,California
Ventura,2020-12-26,116,7779,95,7598,21,181,0,0,116,7779,0,0,116,7779,California
Ventura,2020-12-27,61,7840,29,7627,32,213,0,0,61,7840,0,0,61,7840,California
Ventura,2020-12-28,1090,8930,949,8576,141,354,0,0,1090,8930,0,0,1090,8930,California
Ventura,2020-12-29,1186,10116,779,9355,407,761,0,0,1186,10116,0,0,1186,10116,California
Ventura,2020-12-30,1993,12109,1529,10884,464,1225,0,0,1993,12109,0,0,1993,12109,California
Ventura,2020-12-31,481,12590,163,11047,318,1543,0,0,476,12580,5,5,476,12585,California
Ventura,2021-01-01,38,12628,15,11062,23,1566,0,0,38,12618,0,5,38,12623,California
Ventura,2021-01-02,170,12798,77,11139,93,1659,0,0,170,12788,0,5,170,12793,California
Ventura,2021-01-03,20,12818,8,11147,12,1671,0,0,20,12808,0,5,20,12813,California
Ventura,2021-01-04,1038,13856,495,11642,543,2214,0,0,1036,13844,0,5,1036,13849,California
Ventura,2021-01-05,1380,15236,783,12425,597,2811,0,0,1269,15005,108,113,1269,15118,California
Ventura,2021-01-06,2043,17279,1169,13594,874,3685,0,0,1555,16083,479,592,1557,16675,California
Ventura,2021-01-07,2070,19349,1325,14919,745,4430,0,0,1034,16087,1031,1623,1035,17710,California
Ventura,2021-01-08,2205,21554,1481,16400,724,5154,0,0,908,15701,1295,2918,909,18619,California
Ventura,2021-01-09,714,22268,494,16894,220,5374,0,0,314,15615,400,3318,314,18933,California
Ventura,2021-01-10,344,22612,327,17221,17,5391,0,0,130,15531,214,3532,130,19063,California
Ventura,2021-01-11,2437,25049,1486,18707,951,6342,0,0,1485,16068,952,4484,1489,20552,California
Ventura,2021-01-12,3035,28084,1613,20320,1422,7764,0,0,1918,16869,1117,5601,1918,22470,California
Ventura,2021-01-13,2934,31018,1440,21760,1494,9258,0,0,2018,17975,913,6514,2019,24489,California
Ventura,2021-01-14,2774,33792,1099,22859,1675,10933,0,0,2316,19835,457,6971,2317,26806,California
Ventura,2021-01-15,2888,36680,968,23827,1920,12853,0,0,2670,22288,218,7189,2671,29477,California
Ventura,2021-01-16,480,37160,187,24014,293,13146,0,0,401,22610,79,7268,401,29878,California
Ventura,2021-01-17,264,37424,142,24156,122,13268,0,0,255,22857,8,7276,255,30133,California
Ventura,2021-01-18,2221,39645,1678,25834,543,13811,0,0,1671,23980,549,7825,1672,31805,California
Ventura,2021-01-19,3053,42698,2130,27964,923,14734,0,0,2144,25218,909,8734,2147,33952,California
Ventura,2021-01-20,4101,46799,3160,31124,941,15675,0,0,3038,27197,1060,9794,3039,36991,California
Ventura,2021-01-21,3851,50650,2700,33824,1151,16826,0,0,3168,29692,675,10469,3170,40161,California
Ventura,2021-01-22,3566,54216,2459,36283,1107,17933,0,0,3399,32924,167,10636,3399,43560,California
Ventura,2021-01-23,1150,55366,636,36919,514,18447,0,0,1053,33883,96,10732,1055,44615,California
Ventura,2021-01-24,437,55803,124,37043,313,18760,0,0,424,34294,13,10745,424,45039,California
Ventura,2021-01-25,3117,58920,2015,39058,1102,19862,0,0,2563,36305,553,11298,2564,47603,California
Ventura,2021-01-26,3675,62595,2205,41263,1470,21332,0,0,2668,37970,1003,12301,2668,50271,California
Ventura,2021-01-27,3426,66021,1544,42807,1882,23214,0,0,2674,39897,749,13050,2676,52947,California
Ventura,2021-01-28,3830,69851,1987,44794,1843,25057,0,0,3209,42501,606,13656,3210,56157,California
Ventura,2021-01-29,4271,74122,2532,47326,1739,26796,0,0,3769,45782,488,14144,3769,59926,California
Ventura,2021-01-30,3036,77158,1977,49303,1059,27855,0,0,2868,48487,164,14308,2869,62795,California
Ventura,2021-01-31,798,77956,417,49720,381,28236,0,0,709,49108,88,14396,709,63504,California
Ventura,2021-02-01,3971,81927,2119,51839,1852,30088,0,0,3191,51530,772,15168,3194,66698,California
Ventura,2021-02-02,4389,86316,2342,54181,2047,32135,0,0,3356,53860,1029,16197,3359,70057,California
Ventura,2021-02-03,4426,90742,2081,56262,2345,34480,0,0,3413,56266,1008,17205,3414,73471,California
Ventura,2021-02-04,4784,95526,2288,58550,2496,36976,0,0,3504,58502,1273,18478,3509,76980,California
Ventura,2021-02-05,4882,100408,2373,60923,2509,39485,0,0,3339,60313,1531,20009,3342,80322,California
Ventura,2021-02-06,2820,103228,1507,62430,1313,40798,0,0,2419,62332,400,20409,2419,82741,California
Ventura,2021-02-07,716,103944,231,62661,485,41283,0,0,588,62793,128,20537,589,83330,California
Ventura,2021-02-08,3525,107469,1640,64301,1885,43168,0,0,2430,64134,1090,21627,2431,85761,California
Ventura,2021-02-09,4695,112164,1965,66266,2730,45898,0,0,2454,64353,2238,23865,2457,88218,California
Ventura,2021-02-10,4681,116845,2216,68482,2465,48363,0,0,2371,64429,2298,26163,2374,90592,California
Ventura,2021-02-11,4654,121499,1858,70340,2796,51159,0,0,2444,64674,2203,28366,2448,93040,California
Ventura,2021-02-12,6290,127789,2647,72987,3643,54802,0,0,3233,64859,3050,31416,3235,96275,California
Ventura,2021-02-13,3269,131058,1818,74805,1451,56253,0,0,1826,65250,1439,32855,1830,98105,California
Ventura,2021-02-14,1194,132252,113,74918,1081,57334,0,0,997,66052,197,33052,999,99104,California
Ventura,2021-02-15,3971,136223,1789,76707,2182,59516,0,0,2105,66297,1863,34915,2108,101212,California
Ventura,2021-02-16,5519,141742,2692,79399,2827,62343,0,0,2996,66781,2513,37428,2997,104209,California
Ventura,2021-02-17,5257,146999,1893,81292,3364,65707,0,0,3325,68183,1923,39351,3325,107534,California
Ventura,2021-02-18,5748,152747,1812,83104,3936,69643,0,0,3639,69727,2095,41446,3639,111173,California
Ventura,2021-02-19,6454,159201,3751,86855,2703,72346,0,0,2997,69279,3451,44897,3003,114176,California
Ventura,2021-02-20,4918,164119,3167,90022,1751,74097,0,0,2745,69864,2164,47061,2749,116925,California
Ventura,2021-02-21,1065,165184,784,90806,281,74378,0,0,447,69698,613,47674,447,117372,California
Ventura,2021-02-22,5407,170591,2414,93220,2993,77371,0,0,3466,71234,1932,49606,3468,120840,California
Ventura,2021-02-23,5912,176503,2930,96150,2982,80353,0,0,3413,72171,2480,52086,3417,124257,California
Ventura,2021-02-24,7043,183546,2606,98756,4437,84790,0,0,4255,73657,2771,54857,4257,128514,California
Ventura,2021-02-25,7534,191080,2554,101310,4980,89770,0,0,4579,75299,2942,57799,4584,133098,California
Ventura,2021-02-26,9412,200492,2763,104073,6649,96419,0,0,6170,78256,3217,61016,6174,139272,California
Ventura,2021-02-27,10547,211039,5275,109348,5272,101691,0,0,7949,83634,2581,63597,7959,147231,California
Ventura,2021-02-28,2513,213552,1612,110960,900,102591,1,1,2064,85259,440,64037,2065,149296,California
Ventura,2021-03-01,7131,220683,2835,113795,4293,106884,3,4,4731,87626,2380,66417,4747,154043,California
Ventura,2021-03-02,7705,228388,4036,117831,3667,110551,2,6,5398,90729,2296,68713,5399,159442,California
Ventura,2021-03-03,8651,237039,3912,121743,4736,115287,3,9,6103,94312,2528,71241,6111,165553,California
Ventura,2021-03-04,8283,245322,3871,125614,4412,119699,0,9,5598,97247,2668,73909,5603,171156,California
Ventura,2021-03-05,10066,255388,4815,130429,5240,124939,11,20,7176,101573,2874,76783,7200,178356,California
Ventura,2021-03-06,7722,263110,4393,134822,3177,128116,152,172,5762,105540,1951,78734,5918,184274,California
Ventura,2021-03-07,1658,264768,614,135436,942,129058,102,274,1241,106469,417,79151,1346,185620,California
Ventura,2021-03-08,6837,271605,3445,138881,3238,132296,154,428,4730,109258,2099,81250,4888,190508,California
Ventura,2021-03-09,6827,278432,3017,141898,3621,135917,189,617,3964,110568,2850,84100,4160,194668,California
Ventura,2021-03-10,7026,285458,3018,144916,3768,139685,240,857,4706,113209,2304,86404,4945,199613,California
Ventura,2021-03-11,6542,292000,2889,147805,3341,143026,312,1169,3567,114129,2958,89362,3878,203491,California
Ventura,2021-03-12,8715,300715,3040,150845,4833,147859,842,2011,4277,114828,4418,93780,5117,208608,California
Ventura,2021-03-13,7266,307981,2501,153346,3932,151791,833,2844,4337,117077,2920,96700,5169,213777,California
Ventura,2021-03-14,2096,310077,467,153813,1130,152921,499,3343,705,116892,1390,98090,1205,214982,California
Ventura,2021-03-15,7087,317164,2032,155845,3704,156625,1351,4694,3142,117459,3920,102010,4487,219469,California
Ventura,2021-03-16,8152,325316,2456,158301,4582,161207,1114,5808,4220,118872,3919,105929,5332,224801,California
Ventura,2021-03-17,7697,333013,2793,161094,4562,165769,342,6150,4694,120927,2982,108911,5037,229838,California
Ventura,2021-03-18,7537,340550,3276,164370,4114,169883,147,6297,4959,123469,2565,111476,5107,234945,California
Ventura,2021-03-19,8657,349207,3799,168169,4746,174629,112,6409,5241,125430,3390,114866,5351,240296,California
Ventura,2021-03-20,8863,358070,5920,174089,2918,177547,25,6434,4604,125825,4235,119101,4630,244926,California
Ventura,2021-03-21,2785,360855,1521,175610,892,178439,372,6806,1308,126038,1463,120564,1676,246602,California
Ventura,2021-03-22,7400,368255,3675,179285,3623,182062,102,6908,4881,128524,2499,123063,4985,251587,California
Ventura,2021-03-23,8233,376488,3922,183207,4239,186301,72,6980,4621,129632,3583,126646,4691,256278,California
Ventura,2021-03-24,8946,385434,3420,186627,5450,191751,76,7056,4484,129764,4431,131077,4563,260841,California
Ventura,2021-03-25,8805,394239,3900,190527,4804,196555,101,7157,4453,129986,4331,135408,4553,265394,California
Ventura,2021-03-26,9960,404199,3363,193890,5941,202496,656,7813,4001,128713,5928,141336,4655,270049,California
Ventura,2021-03-27,8731,412930,3921,197811,4771,207267,39,7852,2406,124874,6285,147621,2446,272495,California
Ventura,2021-03-28,2500,415430,1409,199220,1083,208350,8,7860,1348,125084,1146,148767,1356,273851,California
Ventura,2021-03-29,8613,424043,4314,203534,4253,212603,46,7906,4258,125064,4324,153091,4304,278155,California
Ventura,2021-03-30,8985,433028,4459,207993,4398,217001,128,8034,4370,124963,4599,157690,4498,282653,California
Ventura,2021-03-31,10810,443838,4853,212846,5331,222332,626,8660,4677,124157,6106,163796,5300,287953,California
Ventura,2021-04-01,10873,454711,5269,218115,4730,227062,874,9534,5476,125151,5351,169147,6345,294298,California
Ventura,2021-04-02,11800,466511,4628,222743,5837,232899,1335,10869,5653,126028,6113,175260,6990,301288,California
Ventura,2021-04-03,8082,474593,4021,226764,2881,235780,1180,12049,3411,125953,4659,179919,4584,305872,California
Ventura,2021-04-04,1708,476301,958,227722,615,236395,135,12184,1141,126668,561,180480,1276,307148,California
Ventura,2021-04-05,9411,485712,4842,232564,3457,239852,1112,13296,4799,127977,4599,185079,5908,313056,California
Ventura,2021-04-06,10965,496677,5568,238132,3906,243758,1491,14787,5651,129831,5286,190365,7140,320196,California
Ventura,2021-04-07,11467,508144,5393,243525,4579,248337,1495,16282,5243,130359,6203,196568,6731,326927,California
Ventura,2021-04-08,10451,518595,5275,248800,4197,252534,979,17261,5223,131349,5203,201771,6193,333120,California
Ventura,2021-04-09,11355,529950,4359,253159,5266,257800,1730,18991,4969,131678,6361,208132,6690,339810,California
Ventura,2021-04-10,9845,539795,4155,257314,3528,261328,2162,21153,3059,130127,6767,214899,5216,345026,California
Ventura,2021-04-11,2428,542223,849,258163,1005,262333,574,21727,677,129636,1740,216639,1249,346275,California
Ventura,2021-04-12,9068,551291,4499,262662,3734,266067,835,22562,3804,129024,5246,221885,4634,350909,California
Ventura,2021-04-13,8919,560210,4539,267201,4374,270441,6,22568,3771,127691,5110,226995,3777,354686,California
Ventura,2021-04-14,8865,569075,4125,271326,4725,275166,15,22583,3408,125703,5418,232413,3430,358116,California
Ventura,2021-04-15,9472,578547,4593,275919,4852,280018,27,22610,4099,124494,5336,237749,4127,362243,California
Ventura,2021-04-16,10239,588786,4491,280410,5746,285764,2,22612,4806,123898,5409,243158,4813,367056,California
Ventura,2021-04-17,9026,597812,5393,285803,3619,289383,14,22626,5264,125433,3745,246903,5280,372336,California
Ventura,2021-04-18,2133,599945,1011,286814,1122,290505,0,22626,917,125143,1208,248111,918,373254,California
Ventura,2021-04-19,8128,608073,4848,291662,3277,293782,3,22629,4696,126437,3406,251517,4700,377954,California
Ventura,2021-04-20,9400,617473,4965,296627,4430,298212,5,22634,4437,125943,4938,256455,4444,382398,California
Ventura,2021-04-21,9020,626493,4613,301240,4402,302614,5,22639,4327,125601,4677,261132,4335,386733,California
Ventura,2021-04-22,10071,636564,5483,306723,4588,307202,0,22639,4502,124557,5548,266680,4504,391237,California
Ventura,2021-04-23,10883,647447,5375,312098,5507,312709,1,22640,5428,124561,5426,272106,5430,396667,California
Ventura,2021-04-24,10524,657971,5885,317983,4639,317348,0,22640,6193,126442,4313,276419,6194,402861,California
Ventura,2021-04-25,2470,660441,1714,319697,756,318104,0,22640,1159,126293,1308,277727,1159,404020,California
Ventura,2021-04-26,7929,668370,4525,324222,3337,321441,67,22707,3309,125075,4589,282316,3371,407391,California
Ventura,2021-04-27,9138,677508,5088,329310,3826,325267,224,22931,3440,123058,5680,287996,3663,411054,California
Ventura,2021-04-28,8343,685851,4825,334135,3200,328467,318,23249,3271,121602,5046,293042,3590,414644,California
Ventura,2021-04-29,7869,693720,4218,338353,3388,331855,263,23512,2790,119603,5051,298093,3052,417696,California
Ventura,2021-04-30,9428,703148,5427,343780,3728,335583,273,23785,3897,118266,5496,303589,4159,421855,California
Ventura,2021-05-01,5102,708250,3614,347394,1384,336967,104,23889,2021,117334,3056,306645,2124,423979,California
Ventura,2021-05-02,2119,710369,1423,348817,606,337573,90,23979,1024,117360,1089,307734,1115,425094,California
Ventura,2021-05-03,6280,716649,3864,352681,2137,339710,279,24258,1974,115327,4286,312020,2253,427347,California
Ventura,2021-05-04,6341,722990,3297,355978,2752,342462,292,24550,2296,113886,4030,316050,2589,429936,California
Ventura,2021-05-05,5364,728354,2978,358956,2128,344590,258,24808,1928,112658,3408,319458,2180,432116,California
Ventura,2021-05-06,6210,734564,3200,362156,2744,347334,266,25074,1996,110727,4194,323652,2263,434379,California
Ventura,2021-05-07,6803,741367,3356,365512,3176,350510,271,25345,2342,108907,4432,328084,2612,436991,California
Ventura,2021-05-08,5350,746717,4154,369666,1036,351546,160,25505,1215,106160,4120,332204,1373,438364,California
Ventura,2021-05-09,1032,747749,727,370393,259,351805,46,25551,386,105952,639,332843,431,438795,California
Ventura,2021-05-10,6124,753873,4076,374469,1836,353641,212,25763,1387,102826,4724,337567,1598,440393,California
Ventura,2021-05-11,5317,759190,3274,377743,1818,355459,225,25988,1534,100813,3771,341338,1758,442151,California
Ventura,2021-05-12,4972,764162,2893,380636,1859,357318,220,26208,1537,99151,3419,344757,1757,443908,California
Ventura,2021-05-13,6254,770416,3747,384383,2298,359616,209,26417,2219,97563,4019,348776,2431,446339,California
Ventura,2021-05-14,7304,777720,4469,388852,2628,362244,207,26624,2746,95974,4540,353316,2951,449290,California
Ventura,2021-05-15,6703,784423,5357,394209,1263,363507,83,26707,2785,94949,3894,357210,2869,452159,California
Ventura,2021-05-16,2172,786595,1680,395889,439,363946,53,26760,1021,94877,1146,358356,1074,453233,California
Ventura,2021-05-17,5877,792472,3547,399436,2115,366061,215,26975,2419,94071,3440,361796,2634,455867,California
Ventura,2021-05-18,5395,797867,3160,402596,2055,368116,180,27155,2146,93165,3231,365027,2325,458192,California
Ventura,2021-05-19,5834,803701,3521,406117,2102,370218,211,27366,2385,92335,3422,368449,2592,460784,California
Ventura,2021-05-20,5462,809163,3025,409142,2281,372499,156,27522,2152,91358,3281,371730,2304,463088,California
Ventura,2021-05-21,7920,817083,4460,413602,3283,375782,177,27699,2590,88828,5298,377028,2768,465856,California
Ventura,2021-05-22,5615,822698,2860,416462,2680,378462,75,27774,1760,86818,3845,380873,1835,467691,California
Ventura,2021-05-23,1934,824632,1476,417938,387,378849,71,27845,726,86415,1201,382074,798,468489,California
Ventura,2021-05-24,4528,829160,2449,420387,1912,380761,167,28012,1444,84957,3066,385140,1608,470097,California
Ventura,2021-05-25,4289,833449,2226,422613,1911,382672,152,28164,1422,83681,2849,387989,1573,471670,California
Ventura,2021-05-26,4266,837715,2275,424888,1828,384500,163,28327,1658,82913,2589,390578,1821,473491,California
Ventura,2021-05-27,3852,841567,1897,426785,1827,386327,128,28455,1375,81953,2462,393040,1502,474993,California
Ventura,2021-05-28,4559,846126,2475,429260,1890,388217,194,28649,1979,81560,2561,395601,2168,477161,California
Ventura,2021-05-29,2138,848264,1342,430602,729,388946,67,28716,1041,81582,1086,396687,1108,478269,California
Ventura,2021-05-30,900,849164,577,431179,270,389216,53,28769,369,81476,528,397215,422,478691,California
Ventura,2021-05-31,257,849421,137,431316,110,389326,10,28779,61,81351,196,397411,71,478762,California
Ventura,2021-06-01,3982,853403,2271,433587,1547,390873,164,28943,1303,80159,2659,400070,1467,480229,California
Ventura,2021-06-02,2951,856354,1623,435210,1192,392065,136,29079,1022,79402,1915,401985,1158,481387,California
Ventura,2021-06-03,3235,859589,1997,437207,1084,393149,154,29233,920,78172,2303,404288,1073,482460,California
Ventura,2021-06-04,4576,864165,3006,440213,1409,394558,161,29394,1479,76729,3082,407370,1639,484099,California
Ventura,2021-06-05,3802,867967,3173,443386,566,395124,63,29457,1164,75330,2626,409996,1227,485326,California
Ventura,2021-06-06,1239,869206,1058,444444,136,395260,45,29502,289,74723,940,410936,333,485659,California
Ventura,2021-06-07,3157,872363,2348,446792,699,395959,110,29612,955,73600,2187,413123,1064,486723,California
Ventura,2021-06-08,3010,875373,1985,448777,895,396854,130,29742,883,72498,2115,415238,1013,487736,California
Ventura,2021-06-09,2942,878315,2043,450820,789,397643,110,29852,764,71206,2165,417403,873,488609,California
Ventura,2021-06-10,3022,881337,2113,452933,807,398450,102,29954,813,69922,2197,419600,913,489522,California
Ventura,2021-06-11,3458,884795,2376,455309,946,399396,136,30090,980,68567,2468,422068,1113,490635,California
Ventura,2021-06-12,2134,886929,1679,456988,412,399808,43,30133,510,67503,1617,423685,553,491188,California
Ventura,2021-06-13,1006,887935,771,457759,171,399979,64,30197,236,67036,769,424454,302,491490,California
Ventura,2021-06-14,2637,890572,1799,459558,708,400687,130,30327,817,66174,1808,426262,946,492436,California
Ventura,2021-06-15,2421,892993,1563,461121,749,401436,109,30436,844,65561,1564,427826,951,493387,California
Ventura,2021-06-16,2486,895479,1822,462943,559,401995,105,30541,832,64862,1635,429461,936,494323,California
Ventura,2021-06-17,2205,897684,1548,464491,561,402556,96,30637,813,64387,1384,430845,909,495232,California
Ventura,2021-06-18,2930,900614,2086,466577,729,403285,115,30752,974,63534,1941,432786,1088,496320,California
Ventura,2021-06-19,1360,901974,1052,467629,282,403567,26,30778,516,63242,834,433620,542,496862,California
Ventura,2021-06-20,664,902638,516,468145,106,403673,42,30820,253,63129,408,434028,295,497157,California
Ventura,2021-06-21,1586,904224,989,469134,484,404157,113,30933,757,63180,818,434846,869,498026,California
Ventura,2021-06-22,1086,905310,741,469875,267,404424,78,31011,334,62843,748,435594,411,498437,California
Yolo,2020-12-15,39,39,39,39,0,0,0,0,39,39,0,0,39,39,California
Yolo,2020-12-16,78,117,78,117,0,0,0,0,78,117,0,0,78,117,California
Yolo,2020-12-17,107,224,107,224,0,0,0,0,107,224,0,0,107,224,California
Yolo,2020-12-18,231,455,231,455,0,0,0,0,231,455,0,0,231,455,California
Yolo,2020-12-19,87,542,87,542,0,0,0,0,87,542,0,0,87,542,California
Yolo,2020-12-20,104,646,104,646,0,0,0,0,104,646,0,0,104,646,California
Yolo,2020-12-21,253,899,253,899,0,0,0,0,253,899,0,0,253,899,California
Yolo,2020-12-22,383,1282,382,1281,1,1,0,0,383,1282,0,0,383,1282,California
Yolo,2020-12-23,437,1719,417,1698,20,21,0,0,437,1719,0,0,437,1719,California
Yolo,2020-12-24,153,1872,94,1792,59,80,0,0,153,1872,0,0,153,1872,California
Yolo,2020-12-25,1,1873,1,1793,0,80,0,0,1,1873,0,0,1,1873,California
Yolo,2020-12-26,75,1948,25,1818,50,130,0,0,75,1948,0,0,75,1948,California
Yolo,2020-12-27,47,1995,20,1838,27,157,0,0,47,1995,0,0,47,1995,California
Yolo,2020-12-28,352,2347,180,2018,172,329,0,0,352,2347,0,0,352,2347,California
Yolo,2020-12-29,492,2839,268,2286,224,553,0,0,492,2839,0,0,492,2839,California
Yolo,2020-12-30,633,3472,263,2549,370,923,0,0,633,3472,0,0,633,3472,California
Yolo,2020-12-31,187,3659,94,2643,93,1016,0,0,187,3659,0,0,187,3659,California
Yolo,2021-01-01,57,3716,55,2698,2,1018,0,0,57,3716,0,0,57,3716,California
Yolo,2021-01-02,69,3785,26,2724,43,1061,0,0,69,3785,0,0,69,3785,California
Yolo,2021-01-03,45,3830,19,2743,26,1087,0,0,45,3830,0,0,45,3830,California
Yolo,2021-01-04,192,4022,41,2784,151,1238,0,0,192,4022,0,0,192,4022,California
Yolo,2021-01-05,618,4640,238,3022,380,1618,0,0,556,4516,62,62,556,4578,California
Yolo,2021-01-06,487,5127,183,3205,304,1922,0,0,347,4723,140,202,347,4925,California
Yolo,2021-01-07,718,5845,233,3438,485,2407,0,0,527,5060,190,392,527,5452,California
Yolo,2021-01-08,634,6479,311,3749,323,2730,0,0,409,5245,224,616,409,5861,California
Yolo,2021-01-09,422,6901,69,3818,353,3083,0,0,376,5575,46,662,376,6237,California
Yolo,2021-01-10,408,7309,79,3897,329,3412,0,0,338,5843,70,732,338,6575,California
Yolo,2021-01-11,563,7872,329,4226,234,3646,0,0,287,5856,276,1008,289,6864,California
Yolo,2021-01-12,486,8358,368,4594,118,3764,0,0,176,5723,310,1318,177,7041,California
Yolo,2021-01-13,767,9125,311,4905,456,4220,0,0,517,5990,250,1568,517,7558,California
Yolo,2021-01-14,380,9505,183,5088,197,4417,0,0,277,6164,103,1671,277,7835,California
Yolo,2021-01-15,634,10139,325,5413,309,4726,0,0,552,6635,82,1753,553,8388,California
Yolo,2021-01-16,748,10887,90,5503,658,5384,0,0,717,7321,31,1784,717,9105,California
Yolo,2021-01-17,188,11075,119,5622,69,5453,0,0,181,7495,7,1791,181,9286,California
Yolo,2021-01-18,485,11560,306,5928,179,5632,0,0,380,7770,105,1896,380,9666,California
Yolo,2021-01-19,553,12113,368,6296,185,5817,0,0,379,7975,174,2070,379,10045,California
Yolo,2021-01-20,659,12772,380,6676,279,6096,0,0,470,8257,188,2258,470,10515,California
Yolo,2021-01-21,649,13421,386,7062,263,6359,0,0,464,8536,185,2443,464,10979,California
Yolo,2021-01-22,755,14176,252,7314,503,6862,0,0,638,9059,115,2558,638,11617,California
Yolo,2021-01-23,615,14791,123,7437,492,7354,0,0,568,9580,47,2605,568,12185,California
Yolo,2021-01-24,208,14999,123,7560,85,7439,0,0,167,9706,41,2646,167,12352,California
Yolo,2021-01-25,731,15730,159,7719,572,8011,0,0,506,9987,225,2871,506,12858,California
Yolo,2021-01-26,827,16557,328,8047,499,8510,0,0,432,10024,395,3266,432,13290,California
Yolo,2021-01-27,548,17105,216,8263,332,8842,0,0,371,10218,177,3443,371,13661,California
Yolo,2021-01-28,1051,18156,564,8827,487,9329,0,0,924,11015,127,3570,924,14585,California
Yolo,2021-01-29,894,19050,260,9087,634,9963,0,0,807,11736,86,3656,807,15392,California
Yolo,2021-01-30,1524,20574,927,10014,597,10560,0,0,1404,13026,114,3770,1404,16796,California
Yolo,2021-01-31,239,20813,201,10215,38,10598,0,0,210,13208,28,3798,210,17006,California
Yolo,2021-02-01,853,21666,362,10577,491,11089,0,0,618,13595,231,4029,618,17624,California
Yolo,2021-02-02,1346,23012,757,11334,589,11678,0,0,934,14118,412,4441,935,18559,California
Yolo,2021-02-03,1524,24536,397,11731,1127,12805,0,0,1180,14957,341,4782,1180,19739,California
Yolo,2021-02-04,1793,26329,282,12013,1511,14316,0,0,1233,15642,549,5331,1234,20973,California
Yolo,2021-02-05,1605,27934,913,12926,692,15008,0,0,1200,16439,404,5735,1201,22174,California
Yolo,2021-02-06,1952,29886,1269,14195,683,15691,0,0,1579,17646,373,6108,1580,23754,California
Yolo,2021-02-07,530,30416,246,14441,284,15975,0,0,167,17451,362,6470,167,23921,California
Yolo,2021-02-08,943,31359,329,14770,614,16589,0,0,604,17719,336,6806,604,24525,California
Yolo,2021-02-09,855,32214,384,15154,471,17060,0,0,571,18006,284,7090,571,25096,California
Yolo,2021-02-10,1464,33678,476,15630,988,18048,0,0,830,18204,634,7724,832,25928,California
Yolo,2021-02-11,1577,35255,813,16443,764,18812,0,0,1181,18989,396,8120,1181,27109,California
Yolo,2021-02-12,1921,37176,760,17203,1161,19973,0,0,1440,19953,477,8597,1441,28550,California
Yolo,2021-02-13,2060,39236,711,17914,1349,21322,0,0,1380,20653,680,9277,1380,29930,California
Yolo,2021-02-14,562,39798,153,18067,409,21731,0,0,437,20967,124,9401,438,30368,California
Yolo,2021-02-15,549,40347,209,18276,340,22071,0,0,278,20975,271,9672,279,30647,California
Yolo,2021-02-16,1129,41476,423,18699,706,22777,0,0,806,21459,323,9995,807,31454,California
Yolo,2021-02-17,1387,42863,704,19403,683,23460,0,0,994,22060,393,10388,994,32448,California
Yolo,2021-02-18,2480,45343,804,20207,1676,25136,0,0,1712,23006,767,11155,1713,34161,California
Yolo,2021-02-19,1749,47092,745,20952,1004,26140,0,0,1127,23513,620,11775,1127,35288,California
Yolo,2021-02-20,2463,49555,958,21910,1505,27645,0,0,1376,23809,1081,12856,1377,36665,California
Yolo,2021-02-21,286,49841,225,22135,61,27706,0,0,74,23672,211,13067,74,36739,California
Yolo,2021-02-22,1368,51209,597,22732,771,28477,0,0,697,23699,670,13737,697,37436,California
Yolo,2021-02-23,1131,52340,850,23582,281,28758,0,0,433,23435,697,14434,433,37869,California
Yolo,2021-02-24,2083,54423,593,24175,1490,30248,0,0,1383,24120,698,15132,1383,39252,California
Yolo,2021-02-25,1388,55811,485,24660,903,31151,0,0,917,24567,470,15602,917,40169,California
Yolo,2021-02-26,2623,58434,1034,25694,1589,32740,0,0,1380,24707,1240,16842,1380,41549,California
Yolo,2021-02-27,1688,60122,788,26482,900,33640,0,0,1237,25493,451,17293,1237,42786,California
Yolo,2021-02-28,1843,61965,1543,28025,300,33940,0,0,720,25093,1121,18414,721,43507,California
Yolo,2021-03-01,1137,63102,372,28397,765,34705,0,0,685,25328,450,18864,685,44192,California
Yolo,2021-03-02,1481,64583,699,29096,782,35487,0,0,949,25745,532,19396,949,45141,California
Yolo,2021-03-03,1870,66453,649,29745,1221,36708,0,0,846,25569,1022,20418,846,45987,California
Yolo,2021-03-04,2918,69371,1475,31220,1443,38151,0,0,1567,25788,1348,21766,1567,47554,California
Yolo,2021-03-05,2354,71725,1407,32627,936,39087,11,11,1463,26373,889,22655,1474,49028,California
Yolo,2021-03-06,1502,73227,1153,33780,321,39408,28,39,862,26625,638,23293,890,49918,California
Yolo,2021-03-07,912,74139,681,34461,217,39625,14,53,779,27285,133,23426,793,50711,California
Yolo,2021-03-08,1111,75250,500,34961,568,40193,43,96,764,27749,344,23770,808,51519,California
Yolo,2021-03-09,1269,76519,678,35639,528,40721,63,159,780,28105,487,24257,843,52362,California
Yolo,2021-03-10,1836,78355,1071,36710,473,41194,292,451,761,28081,1070,25327,1046,53408,California
Yolo,2021-03-11,2333,80688,1603,38313,665,41859,65,516,1602,29019,730,26057,1668,55076,California
Yolo,2021-03-12,2910,83598,1355,39668,1474,43333,81,597,1375,28949,1527,27584,1457,56533,California
Yolo,2021-03-13,1843,85441,727,40395,940,44273,176,773,998,29281,842,28426,1174,57707,California
Yolo,2021-03-14,1012,86453,205,40600,658,44931,149,922,538,29489,473,28899,681,58388,California
Yolo,2021-03-15,1321,87774,770,41370,367,45298,184,1106,711,29773,608,29507,892,59280,California
Yolo,2021-03-16,1889,89663,724,42094,1092,46390,73,1179,1123,30202,766,30273,1195,60475,California
Yolo,2021-03-17,2512,92175,990,43084,1448,47838,74,1253,1719,31237,790,31063,1825,62300,California
Yolo,2021-03-18,3034,95209,1039,44123,1773,49611,222,1475,1263,30955,1767,32830,1485,63785,California
Yolo,2021-03-19,2092,97301,869,44992,1154,50765,69,1544,1082,31103,1003,33833,1151,64936,California
Yolo,2021-03-20,2773,100074,822,45814,1907,52672,44,1588,1086,30553,1682,35515,1132,66068,California
Yolo,2021-03-21,313,100387,212,46026,93,52765,8,1596,205,30659,107,35622,213,66281,California
Yolo,2021-03-22,1404,101791,485,46511,859,53624,60,1656,916,31149,485,36107,975,67256,California
Yolo,2021-03-23,1749,103540,949,47460,743,54367,57,1713,1078,31613,670,36777,1134,68390,California
Yolo,2021-03-24,2870,106410,1405,48865,1415,55782,50,1763,1392,31591,1465,38242,1443,69833,California
Yolo,2021-03-25,2551,108961,1420,50285,1103,56885,28,1791,1257,31593,1283,39525,1285,71118,California
Yolo,2021-03-26,2387,111348,1254,51539,1113,57998,20,1811,1017,31266,1363,40888,1036,72154,California
Yolo,2021-03-27,1660,113008,465,52004,1177,59175,18,1829,748,31121,911,41799,766,72920,California
Yolo,2021-03-28,1109,114117,866,52870,224,59399,19,1848,251,30536,854,42653,269,73189,California
Yolo,2021-03-29,2014,116131,814,53684,1170,60569,30,1878,961,30478,1049,43702,991,74180,California
Yolo,2021-03-30,2271,118402,1083,54767,1170,61739,18,1896,1161,30553,1105,44807,1180,75360,California
Yolo,2021-03-31,2356,120758,1233,56000,1086,62825,37,1933,1171,30577,1184,45991,1208,76568,California
Yolo,2021-04-01,3850,124608,1861,57861,1514,64339,475,2408,1607,30418,2240,48231,2081,78649,California
Yolo,2021-04-02,3386,127994,1516,59377,1723,66062,147,2555,2105,31395,1275,49506,2252,80901,California
Yolo,2021-04-03,1827,129821,1102,60479,506,66568,219,2774,816,31420,1010,50516,1035,81936,California
Yolo,2021-04-04,393,130214,155,60634,176,66744,62,2836,145,31379,248,50764,207,82143,California
Yolo,2021-04-05,1929,132143,744,61378,1085,67829,100,2936,1022,31600,902,51666,1123,83266,California
Yolo,2021-04-06,2584,134727,1324,62702,1088,68917,172,3108,1299,31797,1275,52941,1472,84738,California
Yolo,2021-04-07,2986,137713,1529,64231,1102,70019,355,3463,1922,33020,1058,53999,2281,87019,California
Yolo,2021-04-08,2420,140133,1002,65233,943,70962,475,3938,1024,33123,1393,55392,1496,88515,California
Yolo,2021-04-09,2578,142711,922,66155,1093,72055,563,4501,855,32814,1719,57111,1410,89925,California
Yolo,2021-04-10,1757,144468,823,66978,750,72805,184,4685,1038,33319,716,57827,1221,91146,California
Yolo,2021-04-11,935,145403,287,67265,576,73381,72,4757,373,33204,559,58386,444,91590,California
Yolo,2021-04-12,1776,147179,524,67789,1109,74490,143,4900,1105,33785,668,59054,1249,92839,California
Yolo,2021-04-13,1988,149167,917,68706,1071,75561,0,4900,1043,33884,944,59998,1043,93882,California
Yolo,2021-04-14,2808,151975,769,69475,2039,77600,0,4900,1391,33864,1411,61409,1391,95273,California
Yolo,2021-04-15,3353,155328,1138,70613,2215,79815,0,4900,2301,35119,1046,62455,2301,97574,California
Yolo,2021-04-16,3068,158396,1984,72597,1084,80899,0,4900,1968,35995,1093,63548,1969,99543,California
Yolo,2021-04-17,1606,160002,472,73069,1134,82033,0,4900,838,36068,765,64313,838,100381,California
Yolo,2021-04-18,632,160634,306,73375,326,82359,0,4900,352,36144,276,64589,352,100733,California
Yolo,2021-04-19,1674,162308,716,74091,957,83316,1,4901,771,36018,898,65487,772,101505,California
Yolo,2021-04-20,2013,164321,1017,75108,996,84312,0,4901,1084,36175,927,66414,1084,102589,California
Yolo,2021-04-21,1985,166306,988,76096,997,85309,0,4901,1082,36358,899,67313,1082,103671,California
Yolo,2021-04-22,1934,168240,874,76970,1060,86369,0,4901,960,36351,969,68282,962,104633,California
Yolo,2021-04-23,2613,170853,1533,78503,1080,87449,0,4901,1154,36058,1448,69730,1155,105788,California
Yolo,2021-04-24,1162,172015,642,79145,517,87966,3,4904,455,35817,699,70429,458,106246,California
Yolo,2021-04-25,948,172963,406,79551,542,88508,0,4904,726,36322,221,70650,726,106972,California
Yolo,2021-04-26,1238,174201,493,80044,742,89250,3,4907,528,36146,708,71358,532,107504,California
Yolo,2021-04-27,1542,175743,723,80767,800,90050,19,4926,603,35831,939,72297,624,108128,California
Yolo,2021-04-28,2035,177778,1006,81773,1002,91052,27,4953,733,35293,1298,73595,760,108888,California
Yolo,2021-04-29,1748,179526,812,82585,853,91905,83,5036,692,35014,1052,74647,773,109661,California
Yolo,2021-04-30,2009,181535,996,83581,956,92861,57,5093,964,34995,1039,75686,1020,110681,California
Yolo,2021-05-01,1282,182817,994,84575,268,93129,20,5113,372,34478,909,76595,392,111073,California
Yolo,2021-05-02,522,183339,430,85005,69,93198,23,5136,323,34626,199,76794,347,111420,California
Yolo,2021-05-03,1117,184456,404,85409,680,93878,33,5169,296,34135,819,77613,328,111748,California
Yolo,2021-05-04,1441,185897,666,86075,751,94629,24,5193,497,33716,940,78553,521,112269,California
Yolo,2021-05-05,1552,187449,427,86502,1060,95689,65,5258,450,33136,1095,79648,515,112784,California
Yolo,2021-05-06,1493,188942,692,87194,721,96410,80,5338,484,32703,997,80645,564,113348,California
Yolo,2021-05-07,2306,191248,1390,88584,865,97275,51,5389,459,31372,1839,82484,508,113856,California
Yolo,2021-05-08,845,192093,362,88946,426,97701,57,5446,315,31215,527,83011,370,114226,California
Yolo,2021-05-09,393,192486,162,89108,218,97919,13,5459,87,31010,305,83316,100,114326,California
Yolo,2021-05-10,904,193390,354,89462,505,98424,45,5504,152,30456,750,84066,196,114522,California
Yolo,2021-05-11,1144,194534,663,90125,459,98883,22,5526,277,29892,863,84929,299,114821,California
Yolo,2021-05-12,1573,196107,702,90827,838,99721,33,5559,315,28988,1255,86184,351,115172,California
Yolo,2021-05-13,2175,198282,849,91676,1270,100991,56,5615,644,28161,1527,87711,700,115872,California
Yolo,2021-05-14,2034,200316,1518,93194,485,101476,31,5646,1159,28479,872,88583,1190,117062,California
Yolo,2021-05-15,1245,201561,707,93901,491,101967,47,5693,646,28573,599,89182,693,117755,California
Yolo,2021-05-16,1410,202971,1201,95102,202,102169,7,5700,991,29157,414,89596,998,118753,California
Yolo,2021-05-17,1084,204055,397,95499,668,102837,19,5719,314,28724,766,90362,333,119086,California
Yolo,2021-05-18,1692,205747,1110,96609,562,103399,20,5739,915,28887,772,91134,935,120021,California
Yolo,2021-05-19,1002,206749,579,97188,384,103783,39,5778,486,28898,514,91648,525,120546,California
Yolo,2021-05-20,1090,207839,691,97879,373,104156,26,5804,388,28616,696,92344,414,120960,California
Yolo,2021-05-21,1439,209278,933,98812,479,104635,27,5831,374,27956,1059,93403,399,121359,California
Yolo,2021-05-22,816,210094,537,99349,271,104906,8,5839,279,27712,532,93935,288,121647,California
Yolo,2021-05-23,616,210710,163,99512,436,105342,17,5856,107,27329,508,94443,125,121772,California
Yolo,2021-05-24,698,211408,341,99853,337,105679,20,5876,217,27088,479,94922,238,122010,California
Yolo,2021-05-25,874,212282,506,100359,346,106025,22,5898,342,26925,527,95449,364,122374,California
Yolo,2021-05-26,807,213089,267,100626,508,106533,32,5930,256,26666,547,95996,288,122662,California
Yolo,2021-05-27,754,213843,379,101005,327,106860,48,5978,304,26572,446,96442,352,123014,California
Yolo,2021-05-28,871,214714,395,101400,446,107306,30,6008,379,26492,488,96930,408,123422,California
Yolo,2021-05-29,592,215306,342,101742,213,107519,37,6045,273,26483,317,97247,308,123730,California
Yolo,2021-05-30,134,215440,69,101811,58,107577,7,6052,54,26466,78,97325,61,123791,California
Yolo,2021-05-31,71,215511,19,101830,48,107625,4,6056,17,26432,54,97379,20,123811,California
Yolo,2021-06-01,748,216259,323,102153,399,108024,26,6082,256,26228,486,97865,282,124093,California
Yolo,2021-06-02,755,217014,301,102454,433,108457,21,6103,235,25967,517,98382,256,124349,California
Yolo,2021-06-03,912,217926,587,103041,302,108759,23,6126,217,25515,692,99074,240,124589,California
Yolo,2021-06-04,1492,219418,1217,104258,252,109011,23,6149,380,24809,1108,100182,402,124991,California
Yolo,2021-06-05,725,220143,553,104811,155,109166,17,6166,168,24437,557,100739,185,125176,California
Yolo,2021-06-06,1115,221258,1051,105862,56,109222,8,6174,176,23683,938,101677,184,125360,California
Yolo,2021-06-07,520,221778,271,106133,228,109450,21,6195,175,23537,341,102018,195,125555,California
Yolo,2021-06-08,1037,222815,806,106939,212,109662,19,6214,199,22918,837,102855,218,125773,California
Yolo,2021-06-09,781,223596,485,107424,266,109928,30,6244,260,22689,518,103373,289,126062,California
Yolo,2021-06-10,570,224166,364,107788,174,110102,32,6276,169,22491,399,103772,201,126263,California
Yolo,2021-06-11,655,224821,444,108232,187,110289,24,6300,197,22256,456,104228,221,126484,California
Yolo,2021-06-12,479,225300,276,108508,178,110467,25,6325,147,22098,330,104558,172,126656,California
Yolo,2021-06-13,154,225454,115,108623,38,110505,1,6326,63,22072,90,104648,64,126720,California
Yolo,2021-06-14,407,225861,252,108875,123,110628,32,6358,137,21973,269,104917,170,126890,California
Yolo,2021-06-15,776,226637,403,109278,346,110974,27,6385,299,21825,474,105391,326,127216,California
Yolo,2021-06-16,468,227105,239,109517,187,111161,42,6427,164,21727,302,105693,204,127420,California
Yolo,2021-06-17,498,227603,316,109833,126,111287,56,6483,173,21633,323,106016,229,127649,California
Yolo,2021-06-18,550,228153,393,110226,136,111423,21,6504,208,21522,339,106355,228,127877,California
Yolo,2021-06-19,318,228471,205,110431,97,111520,16,6520,115,21450,203,106558,131,128008,California
Yolo,2021-06-20,114,228585,74,110505,36,111556,4,6524,63,21468,49,106607,67,128075,California
Yolo,2021-06-21,194,228779,87,110592,95,111651,12,6536,108,21503,85,106692,120,128195,California
Yolo,2021-06-22,322,229101,182,110774,128,111779,12,6548,158,21509,164,106856,170,128365,California
Yuba,2020-12-16,4,4,4,4,0,0,0,0,4,4,0,0,4,4,California
Yuba,2020-12-17,4,8,4,8,0,0,0,0,4,8,0,0,4,8,California
Yuba,2020-12-18,7,15,7,15,0,0,0,0,7,15,0,0,7,15,California
Yuba,2020-12-19,12,27,12,27,0,0,0,0,12,27,0,0,12,27,California
Yuba,2020-12-20,19,46,19,46,0,0,0,0,19,46,0,0,19,46,California
Yuba,2020-12-21,42,88,42,88,0,0,0,0,42,88,0,0,42,88,California
Yuba,2020-12-22,83,171,83,171,0,0,0,0,83,171,0,0,83,171,California
Yuba,2020-12-23,65,236,63,234,2,2,0,0,65,236,0,0,65,236,California
Yuba,2020-12-24,21,257,11,245,10,12,0,0,21,257,0,0,21,257,California
Yuba,2020-12-25,1,258,1,246,0,12,0,0,1,258,0,0,1,258,California
Yuba,2020-12-26,14,272,13,259,1,13,0,0,14,272,0,0,14,272,California
Yuba,2020-12-27,15,287,15,274,0,13,0,0,15,287,0,0,15,287,California
Yuba,2020-12-28,50,337,34,308,16,29,0,0,50,337,0,0,50,337,California
Yuba,2020-12-29,75,412,10,318,65,94,0,0,75,412,0,0,75,412,California
Yuba,2020-12-30,66,478,21,339,45,139,0,0,66,478,0,0,66,478,California
Yuba,2020-12-31,39,517,6,345,33,172,0,0,39,517,0,0,39,517,California
Yuba,2021-01-02,23,540,22,367,1,173,0,0,23,540,0,0,23,540,California
Yuba,2021-01-03,10,550,6,373,4,177,0,0,10,550,0,0,10,550,California
Yuba,2021-01-04,92,642,23,396,69,246,0,0,92,642,0,0,92,642,California
Yuba,2021-01-05,73,715,39,435,34,280,0,0,72,713,1,1,72,714,California
Yuba,2021-01-06,154,869,76,511,78,358,0,0,148,855,6,7,148,862,California
Yuba,2021-01-07,77,946,20,531,57,415,0,0,73,924,4,11,73,935,California
Yuba,2021-01-08,76,1022,24,555,52,467,0,0,70,988,6,17,70,1005,California
Yuba,2021-01-09,18,1040,16,571,2,469,0,0,10,990,8,25,10,1015,California
Yuba,2021-01-10,115,1155,22,593,93,562,0,0,93,1061,22,47,93,1108,California
Yuba,2021-01-11,73,1228,50,643,23,585,0,0,33,1054,40,87,33,1141,California
Yuba,2021-01-12,106,1334,76,719,30,615,0,0,44,1036,62,149,44,1185,California
Yuba,2021-01-13,121,1455,73,792,48,663,0,0,54,1024,66,215,54,1239,California
Yuba,2021-01-14,113,1568,43,835,70,733,0,0,101,1113,12,227,101,1340,California
Yuba,2021-01-15,202,1770,87,922,115,848,0,0,191,1293,11,238,191,1531,California
Yuba,2021-01-16,184,1954,20,942,164,1012,0,0,171,1451,13,251,171,1702,California
Yuba,2021-01-17,13,1967,9,951,4,1016,0,0,7,1452,6,257,7,1709,California
Yuba,2021-01-18,61,2028,31,982,30,1046,0,0,37,1465,24,281,37,1746,California
Yuba,2021-01-19,82,2110,32,1014,50,1096,0,0,66,1515,16,297,66,1812,California
Yuba,2021-01-20,136,2246,87,1101,49,1145,0,0,113,1605,23,320,113,1925,California
Yuba,2021-01-21,223,2469,100,1201,123,1268,0,0,214,1810,9,329,214,2139,California
Yuba,2021-01-22,104,2573,6,1207,98,1366,0,0,95,1896,9,338,95,2234,California
Yuba,2021-01-23,204,2777,7,1214,197,1563,0,0,202,2096,2,340,202,2436,California
Yuba,2021-01-24,10,2787,7,1221,3,1566,0,0,8,2102,2,342,8,2444,California
Yuba,2021-01-25,87,2874,31,1252,56,1622,0,0,54,2124,32,374,54,2498,California
Yuba,2021-01-26,149,3023,41,1293,108,1730,0,0,91,2157,58,432,91,2589,California
Yuba,2021-01-27,187,3210,131,1424,56,1786,0,0,117,2204,70,502,117,2706,California
Yuba,2021-01-28,227,3437,92,1516,135,1921,0,0,174,2325,53,555,174,2880,California
Yuba,2021-01-29,154,3591,47,1563,107,2028,0,0,113,2397,41,596,113,2993,California
Yuba,2021-01-30,412,4003,24,1587,388,2416,0,0,401,2787,11,607,401,3394,California
Yuba,2021-01-31,18,4021,12,1599,6,2422,0,0,16,2801,2,609,16,3410,California
Yuba,2021-02-01,155,4176,76,1675,79,2501,0,0,131,2910,23,632,132,3542,California
Yuba,2021-02-02,125,4301,21,1696,104,2605,0,0,101,2988,24,656,102,3644,California
Yuba,2021-02-03,228,4529,29,1725,199,2804,0,0,118,2997,109,765,118,3762,California
Yuba,2021-02-04,295,4824,118,1843,177,2981,0,0,249,3200,46,811,249,4011,California
Yuba,2021-02-05,152,4976,33,1876,119,3100,0,0,73,3194,79,890,73,4084,California
Yuba,2021-02-06,447,5423,23,1899,424,3524,0,0,440,3627,7,897,440,4524,California
Yuba,2021-02-07,21,5444,15,1914,6,3530,0,0,17,3640,4,901,17,4541,California
Yuba,2021-02-08,101,5545,37,1951,64,3594,0,0,69,3677,32,933,69,4610,California
Yuba,2021-02-09,161,5706,61,2012,100,3694,0,0,90,3696,71,1004,90,4700,California
Yuba,2021-02-10,358,6064,173,2185,185,3879,0,0,123,3585,234,1238,123,4823,California
Yuba,2021-02-11,402,6466,66,2251,336,4215,0,0,302,3789,98,1336,302,5125,California
Yuba,2021-02-12,266,6732,26,2277,240,4455,0,0,151,3826,115,1451,152,5277,California
Yuba,2021-02-13,438,7170,36,2313,402,4857,0,0,387,4162,51,1502,387,5664,California
Yuba,2021-02-14,52,7222,10,2323,42,4899,0,0,47,4204,5,1507,47,5711,California
Yuba,2021-02-15,91,7313,38,2361,53,4952,0,0,71,4255,20,1527,71,5782,California
Yuba,2021-02-16,202,7515,52,2413,150,5102,0,0,143,4340,58,1585,143,5925,California
Yuba,2021-02-17,383,7898,157,2570,226,5328,0,0,101,4160,281,1866,101,6026,California
Yuba,2021-02-18,321,8219,50,2620,271,5599,0,0,194,4227,127,1993,194,6220,California
Yuba,2021-02-19,220,8439,77,2697,143,5742,0,0,136,4279,84,2077,136,6356,California
Yuba,2021-02-20,394,8833,31,2728,363,6105,0,0,338,4561,56,2133,338,6694,California
Yuba,2021-02-21,17,8850,14,2742,3,6108,0,0,7,4558,10,2143,7,6701,California
Yuba,2021-02-22,129,8979,79,2821,50,6158,0,0,40,4510,88,2231,40,6741,California
Yuba,2021-02-23,119,9098,28,2849,91,6249,0,0,51,4495,67,2298,52,6793,California
Yuba,2021-02-24,484,9582,139,2988,345,6594,0,0,104,4219,380,2678,104,6897,California
Yuba,2021-02-25,342,9924,134,3122,208,6802,0,0,217,4311,125,2803,217,7114,California
Yuba,2021-02-26,264,10188,70,3192,194,6996,0,0,148,4345,114,2917,148,7262,California
Yuba,2021-02-27,464,10652,46,3238,418,7414,0,0,384,4649,80,2997,384,7646,California
Yuba,2021-02-28,75,10727,23,3261,52,7466,0,0,53,4680,22,3019,53,7699,California
Yuba,2021-03-01,162,10889,46,3307,116,7582,0,0,83,4685,78,3097,83,7782,California
Yuba,2021-03-02,167,11056,41,3348,126,7708,0,0,84,4686,83,3180,84,7866,California
Yuba,2021-03-03,634,11690,158,3506,476,8184,0,0,201,4455,432,3612,201,8067,California
Yuba,2021-03-04,477,12167,275,3781,202,8386,0,0,332,4643,144,3756,332,8399,California
Yuba,2021-03-05,323,12490,59,3840,263,8649,1,1,256,4833,67,3823,257,8656,California
Yuba,2021-03-06,476,12966,32,3872,440,9089,4,5,370,5102,105,3928,374,9030,California
Yuba,2021-03-07,54,13020,30,3902,23,9112,1,6,40,5129,14,3942,41,9071,California
Yuba,2021-03-08,163,13183,52,3954,95,9207,16,22,100,5182,63,4005,116,9187,California
Yuba,2021-03-09,180,13363,46,4000,114,9321,20,42,85,5192,95,4100,105,9292,California
Yuba,2021-03-10,742,14105,237,4237,475,9796,30,72,239,4958,503,4603,269,9561,California
Yuba,2021-03-11,443,14548,196,4433,234,10030,13,85,297,5122,146,4749,310,9871,California
Yuba,2021-03-12,467,15015,84,4517,328,10358,55,140,156,5022,311,5060,211,10082,California
Yuba,2021-03-13,464,15479,342,4859,107,10465,15,155,364,5302,99,5159,379,10461,California
Yuba,2021-03-14,108,15587,20,4879,79,10544,9,164,48,5300,59,5218,57,10518,California
Yuba,2021-03-15,199,15786,55,4934,129,10673,15,179,106,5328,93,5311,121,10639,California
Yuba,2021-03-16,312,16098,78,5012,209,10882,25,204,195,5432,116,5427,220,10859,California
Yuba,2021-03-17,750,16848,166,5178,554,11436,30,234,198,5111,549,5976,228,11087,California
Yuba,2021-03-18,589,17437,157,5335,317,11753,115,349,362,5360,227,6203,476,11563,California
Yuba,2021-03-19,330,17767,118,5453,160,11913,52,401,187,5456,142,6345,238,11801,California
Yuba,2021-03-20,562,18329,82,5535,461,12374,19,420,479,5872,82,6427,498,12299,California
Yuba,2021-03-21,66,18395,40,5575,26,12400,0,420,51,5908,15,6442,51,12350,California
Yuba,2021-03-22,199,18594,73,5648,118,12518,8,428,154,6025,45,6487,162,12512,California
Yuba,2021-03-23,275,18869,81,5729,166,12684,28,456,186,6152,87,6574,214,12726,California
Yuba,2021-03-24,768,19637,256,5985,431,13115,81,537,190,5847,576,7150,271,12997,California
Yuba,2021-03-25,520,20157,273,6258,224,13339,23,560,259,5868,261,7411,282,13279,California
Yuba,2021-03-26,402,20559,141,6399,230,13569,31,591,229,5956,172,7583,260,13539,California
Yuba,2021-03-27,461,21020,29,6428,429,13998,3,594,408,6314,52,7635,410,13949,California
Yuba,2021-03-28,106,21126,44,6472,58,14056,4,598,35,6282,71,7706,39,13988,California
Yuba,2021-03-29,305,21431,90,6562,183,14239,32,630,185,6379,120,7826,217,14205,California
Yuba,2021-03-30,281,21712,72,6634,201,14440,8,638,192,6490,89,7915,200,14405,California
Yuba,2021-03-31,688,22400,116,6750,560,15000,12,650,243,6302,443,8358,255,14660,California
Yuba,2021-04-01,633,23033,295,7045,310,15310,28,678,292,6281,341,8699,320,14980,California
Yuba,2021-04-02,517,23550,101,7146,331,15641,85,763,196,6241,320,9019,280,15260,California
Yuba,2021-04-03,666,24216,57,7203,118,15759,491,1254,88,6243,577,9596,579,15839,California
Yuba,2021-04-04,60,24276,11,7214,42,15801,7,1261,31,6252,29,9625,38,15877,California
Yuba,2021-04-05,255,24531,88,7302,145,15946,22,1283,127,6274,126,9751,148,16025,California
Yuba,2021-04-06,356,24887,116,7418,179,16125,61,1344,169,6317,186,9937,229,16254,California
Yuba,2021-04-07,795,25682,413,7831,327,16452,55,1399,360,6299,432,10369,414,16668,California
Yuba,2021-04-08,766,26448,298,8129,199,16651,269,1668,285,6372,480,10849,553,17221,California
Yuba,2021-04-09,413,26861,173,8302,172,16823,68,1736,176,6380,236,11085,244,17465,California
Yuba,2021-04-10,602,27463,72,8374,79,16902,451,2187,70,6370,530,11615,520,17985,California
Yuba,2021-04-11,108,27571,28,8402,68,16970,12,2199,46,6367,61,11676,58,18043,California
Yuba,2021-04-12,216,27787,47,8449,136,17106,33,2232,79,6343,136,11812,112,18155,California
Yuba,2021-04-13,409,28196,107,8556,302,17408,0,2232,203,6341,205,12017,203,18358,California
Yuba,2021-04-14,719,28915,109,8665,610,18018,0,2232,127,5878,590,12607,127,18485,California
Yuba,2021-04-15,351,29266,133,8798,218,18236,0,2232,153,5833,198,12805,153,18638,California
Yuba,2021-04-16,348,29614,101,8899,247,18483,0,2232,184,5855,162,12967,184,18822,California
Yuba,2021-04-17,416,30030,61,8960,355,18838,0,2232,343,6126,72,13039,343,19165,California
Yuba,2021-04-18,58,30088,10,8970,48,18886,0,2232,27,6123,30,13069,27,19192,California
Yuba,2021-04-19,252,30340,106,9076,146,19032,0,2232,103,6077,149,13218,103,19295,California
Yuba,2021-04-20,327,30667,82,9158,245,19277,0,2232,182,6116,144,13362,183,19478,California
Yuba,2021-04-21,700,31367,282,9440,418,19695,0,2232,295,6006,405,13767,295,19773,California
Yuba,2021-04-22,364,31731,139,9579,225,19920,0,2232,202,6046,162,13929,202,19975,California
Yuba,2021-04-23,360,32091,117,9696,243,20163,0,2232,167,6022,191,14120,167,20142,California
Yuba,2021-04-24,221,32312,69,9765,152,20315,0,2232,124,6049,97,14217,124,20266,California
Yuba,2021-04-25,73,32385,30,9795,43,20358,0,2232,36,6048,37,14254,36,20302,California
Yuba,2021-04-26,241,32626,58,9853,179,20537,4,2236,109,6029,132,14386,113,20415,California
Yuba,2021-04-27,485,33111,167,10020,308,20845,10,2246,243,6042,240,14626,253,20668,California
Yuba,2021-04-28,442,33553,178,10198,259,21104,5,2251,154,5919,282,14908,159,20827,California
Yuba,2021-04-29,441,33994,73,10271,367,21471,1,2252,151,5782,289,15197,152,20979,California
Yuba,2021-04-30,332,34326,92,10363,210,21681,30,2282,137,5756,193,15390,167,21146,California
Yuba,2021-05-01,211,34537,95,10458,97,21778,19,2301,97,5759,113,15503,116,21262,California
Yuba,2021-05-02,73,34610,42,10500,27,21805,4,2305,38,5766,35,15538,42,21304,California
Yuba,2021-05-03,165,34775,66,10566,91,21896,8,2313,53,5717,110,15648,61,21365,California
Yuba,2021-05-04,329,35104,95,10661,212,22108,22,2335,149,5708,180,15828,171,21536,California
Yuba,2021-05-05,317,35421,78,10739,232,22340,7,2342,115,5628,202,16030,122,21658,California
Yuba,2021-05-06,277,35698,100,10839,138,22478,39,2381,91,5575,183,16213,130,21788,California
Yuba,2021-05-07,360,36058,95,10934,237,22715,28,2409,116,5474,244,16457,143,21931,California
Yuba,2021-05-08,108,36166,31,10965,71,22786,6,2415,47,5466,61,16518,53,21984,California
Yuba,2021-05-09,54,36220,24,10989,27,22813,3,2418,39,5493,15,16533,42,22026,California
Yuba,2021-05-10,172,36392,55,11044,99,22912,18,2436,54,5448,117,16650,72,22098,California
Yuba,2021-05-11,387,36779,176,11220,198,23110,13,2449,147,5369,238,16888,159,22257,California
Yuba,2021-05-12,273,37052,142,11362,123,23233,8,2457,115,5334,158,17046,123,22380,California
Yuba,2021-05-13,366,37418,195,11557,128,23361,43,2500,120,5254,243,17289,163,22543,California
Yuba,2021-05-14,368,37786,137,11694,210,23571,21,2521,159,5224,209,17498,179,22722,California
Yuba,2021-05-15,440,38226,109,11803,309,23880,22,2543,108,5023,330,17828,129,22851,California
Yuba,2021-05-16,142,38368,44,11847,89,23969,9,2552,87,5065,54,17882,96,22947,California
Yuba,2021-05-17,218,38586,91,11938,107,24076,20,2572,94,5057,122,18004,114,23061,California
Yuba,2021-05-18,394,38980,163,12101,222,24298,9,2581,169,5010,225,18229,178,23239,California
Yuba,2021-05-19,258,39238,142,12243,110,24408,6,2587,132,5022,126,18355,138,23377,California
Yuba,2021-05-20,426,39664,298,12541,116,24524,12,2599,267,5142,159,18514,279,23656,California
Yuba,2021-05-21,514,40178,270,12811,237,24761,7,2606,315,5267,197,18711,322,23978,California
Yuba,2021-05-22,231,40409,125,12936,95,24856,11,2617,92,5231,139,18850,103,24081,California
Yuba,2021-05-23,64,40473,31,12967,31,24887,2,2619,33,5235,31,18881,35,24116,California
Yuba,2021-05-24,154,40627,47,13014,90,24977,17,2636,44,5187,109,18990,61,24177,California
Yuba,2021-05-25,318,40945,110,13124,191,25168,17,2653,115,5117,201,19191,131,24308,California
Yuba,2021-05-26,239,41184,103,13227,120,25288,16,2669,93,5081,145,19336,109,24417,California
Yuba,2021-05-27,248,41432,75,13302,161,25449,12,2681,110,5068,135,19471,122,24539,California
Yuba,2021-05-28,245,41677,110,13412,129,25578,6,2687,120,5071,123,19594,126,24665,California
Yuba,2021-05-29,166,41843,68,13480,76,25654,22,2709,95,5118,70,19664,117,24782,California
Yuba,2021-05-30,51,41894,21,13501,25,25679,5,2714,21,5114,30,19694,26,24808,California
Yuba,2021-05-31,31,41925,3,13504,21,25700,7,2721,11,5112,20,19714,18,24826,California
Yuba,2021-06-01,249,42174,106,13610,136,25836,7,2728,87,5047,158,19872,93,24919,California
Yuba,2021-06-02,203,42377,81,13691,115,25951,7,2735,64,4981,138,20010,72,24991,California
Yuba,2021-06-03,176,42553,102,13793,69,26020,5,2740,63,4937,112,20122,68,25059,California
Yuba,2021-06-04,245,42798,121,13914,115,26135,9,2749,81,4863,164,20286,90,25149,California
Yuba,2021-06-05,198,42996,149,14063,43,26178,6,2755,92,4856,105,20391,98,25247,California
Yuba,2021-06-06,106,43102,90,14153,13,26191,3,2758,23,4800,82,20473,26,25273,California
Yuba,2021-06-07,117,43219,49,14202,52,26243,16,2774,38,4775,79,20552,54,25327,California
Yuba,2021-06-08,242,43461,110,14312,123,26366,9,2783,71,4686,169,20721,80,25407,California
Yuba,2021-06-09,172,43633,103,14415,62,26428,7,2790,74,4670,97,20818,81,25488,California
Yuba,2021-06-10,377,44010,303,14718,69,26497,5,2795,96,4492,279,21097,101,25589,California
Yuba,2021-06-11,330,44340,236,14954,82,26579,12,2807,65,4305,265,21362,78,25667,California
Yuba,2021-06-12,131,44471,90,15044,35,26614,6,2813,36,4252,95,21457,42,25709,California
Yuba,2021-06-13,46,44517,22,15066,22,26636,2,2815,16,4240,30,21487,18,25727,California
Yuba,2021-06-14,113,44630,53,15119,49,26685,11,2826,36,4211,76,21563,47,25774,California
Yuba,2021-06-15,240,44870,98,15217,134,26819,8,2834,91,4164,146,21709,99,25873,California
Yuba,2021-06-16,158,45028,96,15313,51,26870,11,2845,75,4170,80,21789,86,25959,California
Yuba,2021-06-17,196,45224,115,15428,70,26940,11,2856,84,4153,112,21901,95,26054,California
Yuba,2021-06-18,220,45444,109,15537,90,27030,21,2877,69,4094,149,22050,90,26144,California
Yuba,2021-06-19,139,45583,70,15607,62,27092,7,2884,36,4034,103,22153,43,26187,California
Yuba,2021-06-20,33,45616,19,15626,11,27103,3,2887,13,4030,20,22173,16,26203,California
Yuba,2021-06-21,86,45702,38,15664,40,27143,8,2895,43,4040,40,22213,50,26253,California
Yuba,2021-06-22,88,45790,16,15680,63,27206,9,2904,31,4024,56,22269,40,26293,California
