county,administered_date,total_doses,cumulative_total_doses,pfizer_doses,cumulative_pfizer_doses,moderna_doses,cumulative_moderna_doses,jj_doses,cumulative_jj_doses,partially_vaccinated,total_partially_vaccinated,fully_vaccinated,cumulative_fully_vaccinated,at_least_one_dose,cumulative_at_least_one_dose,california_flag
All CA Counties,2020-12-15,1129,1129,1129,1129,0,0,0,0,1129,1129,0,0,1129,1129,
All CA Counties,2020-12-16,8240,9369,8240,9369,0,0,0,0,8240,9369,0,0,8240,9369,
All CA Counties,2020-12-17,25723,35092,25723,35092,0,0,0,0,25758,35127,0,0,25758,35127,
All CA Counties,2020-12-18,43855,78947,43775,78867,80,80,0,0,43905,79031,1,1,43905,79032,
All CA Counties,2020-12-19,25236,104183,25215,104082,21,101,0,0,25235,104265,1,2,25235,104267,
All CA Counties,2020-12-20,18940,123123,18911,122993,29,130,0,0,18939,123203,1,3,18939,123206,
All CA Counties,2020-12-21,49633,172756,49549,172542,84,214,0,0,49673,172875,1,4,49673,172879,
All CA Counties,2020-12-22,49938,222694,47795,220337,2143,2357,0,0,49936,222810,1,5,49936,222815,
All CA Counties,2020-12-23,50265,272959,41577,261914,8688,11045,0,0,50261,273071,0,5,50261,273076,
All CA Counties,2020-12-24,23991,296950,16307,278221,7684,18729,0,0,23988,297058,1,6,23988,297064,
All CA Counties,2020-12-25,2327,299277,2008,280229,319,19048,0,0,2326,299383,1,7,2326,299390,
All CA Counties,2020-12-26,14591,313868,9425,289654,5166,24214,0,0,14589,313971,1,8,14589,313979,
All CA Counties,2020-12-27,9375,323243,5558,295212,3817,28031,0,0,9374,323344,1,9,9374,323353,
All CA Counties,2020-12-28,45610,368853,29248,324460,16362,44393,0,0,45607,368948,3,12,45607,368960,
All CA Counties,2020-12-29,51038,419891,28568,353028,22470,66863,0,0,51034,419979,3,15,51034,419994,
All CA Counties,2020-12-30,62887,482778,35640,388668,27247,94110,0,0,62881,482857,3,18,62881,482875,
All CA Counties,2020-12-31,29179,511957,10745,399413,18434,112544,0,0,29171,512023,5,23,29171,512046,
All CA Counties,2021-01-01,3734,515691,1641,401054,2093,114637,0,0,3731,515753,1,24,3731,515777,
All CA Counties,2021-01-02,18369,534060,10196,411250,8173,122810,0,0,18368,534121,0,24,18368,534145,
All CA Counties,2021-01-03,6097,540157,3457,414707,2640,125450,0,0,6068,540177,12,36,6068,540213,
All CA Counties,2021-01-04,43235,583392,21877,436584,21358,146808,0,0,43158,583292,43,79,43158,583371,
All CA Counties,2021-01-05,56175,639567,29617,466201,26558,173366,0,0,50669,628606,5438,5517,50752,634123,
All CA Counties,2021-01-06,72865,712432,40333,506534,32532,205898,0,0,57560,671078,15116,20633,57588,691711,
All CA Counties,2021-01-07,91555,803987,52108,558642,39447,245345,0,0,61139,702005,30255,50888,61182,752893,
All CA Counties,2021-01-08,106105,910092,64074,622716,42031,287376,0,0,64993,726071,40980,91868,65046,817939,
All CA Counties,2021-01-09,43529,953621,25012,647728,18517,305893,0,0,27454,737491,16055,107923,27475,845414,
All CA Counties,2021-01-10,24170,977791,14792,662520,9378,315271,0,0,12966,739284,11188,119111,12981,858395,
All CA Counties,2021-01-11,103919,1081710,69193,731713,34726,349997,0,0,60268,756034,43613,162724,60363,918758,
All CA Counties,2021-01-12,112399,1194109,66381,798094,46018,396015,0,0,71451,786831,40871,203595,71668,990426,
All CA Counties,2021-01-13,118304,1312413,61276,859370,57028,453043,0,0,84732,838154,33481,237076,84804,1075230,
All CA Counties,2021-01-14,122774,1435187,49248,908618,73526,526569,0,0,103292,922205,19370,256446,103421,1178651,
All CA Counties,2021-01-15,141398,1576585,51995,960613,89403,615972,0,0,126420,1033919,14873,271319,126587,1305238,
All CA Counties,2021-01-16,80337,1656922,27334,987947,53003,668975,0,0,72834,1099322,7478,278797,72881,1378119,
All CA Counties,2021-01-17,47996,1704918,16734,1004681,31262,700237,0,0,44384,1140141,3607,282404,44426,1422545,
All CA Counties,2021-01-18,87584,1792502,45542,1050223,42042,742279,0,0,68482,1189746,19025,301429,68630,1491175,
All CA Counties,2021-01-19,140711,1933213,73253,1123476,67458,809737,0,0,109682,1268802,30937,332366,109993,1601168,
All CA Counties,2021-01-20,157708,2090921,80002,1203478,77706,887443,0,0,124639,1360778,32895,365261,124871,1726039,
All CA Counties,2021-01-21,171748,2262669,76016,1279494,95732,983175,0,0,152951,1495432,18599,383860,153253,1879292,
All CA Counties,2021-01-22,168362,2431031,68633,1348127,99729,1082904,0,0,154232,1635811,14005,397865,154384,2033676,
All CA Counties,2021-01-23,110829,2541860,49296,1397423,61533,1144437,0,0,98356,1721857,12419,410284,98465,2132141,
All CA Counties,2021-01-24,60666,2602526,29353,1426776,31313,1175750,0,0,56065,1773399,4574,414858,56116,2188257,
All CA Counties,2021-01-25,143479,2746005,64722,1491498,78757,1254507,0,0,108923,1848206,34457,449315,109264,2297521,
All CA Counties,2021-01-26,167014,2913019,82039,1573537,84975,1339482,0,0,130061,1941754,36811,486126,130359,2427880,
All CA Counties,2021-01-27,178169,3091188,87239,1660776,90930,1430412,0,0,139477,2043116,38304,524430,139666,2567546,
All CA Counties,2021-01-28,185960,3277148,85519,1746295,100441,1530853,0,0,152311,2162250,33358,557788,152492,2720038,
All CA Counties,2021-01-29,182004,3459152,87601,1833896,94403,1625256,0,0,147808,2276566,33636,591424,147952,2867990,
All CA Counties,2021-01-30,122686,3581838,54962,1888858,67724,1692980,0,0,107822,2369810,14707,606131,107951,2975941,
All CA Counties,2021-01-31,69071,3650909,38818,1927676,30253,1723233,0,0,64081,2428985,4947,611078,64122,3040063,
All CA Counties,2021-02-01,157605,3808514,72588,2000264,85017,1808250,0,0,119697,2511026,37778,648856,119819,3159882,
All CA Counties,2021-02-02,184451,3992965,79238,2079502,105213,1913463,0,0,138944,2605016,45166,694022,139156,3299038,
All CA Counties,2021-02-03,209509,4202474,94707,2174209,114802,2028265,0,0,156097,2708387,52949,746971,156320,3455358,
All CA Counties,2021-02-04,226693,4429167,99644,2273853,127049,2155314,0,0,166519,2815591,59650,806621,166854,3622212,
All CA Counties,2021-02-05,244660,4673827,105946,2379799,138714,2294028,0,0,166673,2905581,77237,883858,167227,3789439,
All CA Counties,2021-02-06,154298,4828125,74535,2454334,79763,2373791,0,0,119804,2991548,34331,918189,120298,3909737,
All CA Counties,2021-02-07,66445,4894570,42935,2497269,23510,2397301,0,0,50135,3025903,16225,934414,50580,3960317,
All CA Counties,2021-02-08,179462,5074032,88086,2585355,91376,2488677,0,0,118724,3085043,60306,994720,119446,4079763,
All CA Counties,2021-02-09,209398,5283430,101345,2686700,108053,2596730,0,0,125743,3128674,83249,1077969,126880,4206643,
All CA Counties,2021-02-10,246864,5530294,119292,2805992,127572,2724302,0,0,137813,3159672,108261,1186230,139259,4345902,
All CA Counties,2021-02-11,261137,5791431,129145,2935137,131992,2856294,0,0,143497,3188264,116671,1302901,145263,4491165,
All CA Counties,2021-02-12,270264,6061695,118532,3053669,151732,3008026,0,0,146548,3214124,123012,1425913,148872,4640037,
All CA Counties,2021-02-13,166121,6227816,76983,3130652,89138,3097164,0,0,91841,3234038,73883,1499796,93797,4733834,
All CA Counties,2021-02-14,94941,6322757,47342,3177994,47599,3144763,0,0,51494,3243907,43311,1543107,53180,4787014,
All CA Counties,2021-02-15,141050,6463807,62036,3240030,79014,3223777,0,0,78286,3262968,62439,1605546,81500,4868514,
All CA Counties,2021-02-16,246262,6710069,117287,3357317,128975,3352752,0,0,132203,3284949,113736,1719282,135717,5004231,
All CA Counties,2021-02-17,255956,6966025,127735,3485052,128221,3480973,0,0,128148,3289491,127346,1846628,131888,5136119,
All CA Counties,2021-02-18,269120,7235145,140382,3625434,128738,3609711,0,0,130839,3287482,137606,1984234,135597,5271716,
All CA Counties,2021-02-19,249482,7484627,144850,3770284,104632,3714343,0,0,129786,3300201,119283,2103517,132002,5403718,
All CA Counties,2021-02-20,150424,7635051,96592,3866876,53832,3768175,0,0,83248,3318802,66970,2170487,85571,5489289,
All CA Counties,2021-02-21,71480,7706531,57647,3924523,13833,3782008,0,0,35298,3320496,36002,2206489,37696,5526985,
All CA Counties,2021-02-22,162223,7868754,109171,4033694,53052,3835060,0,0,81785,3324678,80165,2286654,84347,5611332,
All CA Counties,2021-02-23,220346,8089100,116406,4150100,103940,3939000,0,0,102675,3317242,117189,2403843,109753,5721085,
All CA Counties,2021-02-24,279926,8369026,141407,4291507,138519,4077519,0,0,134203,3314990,145179,2549022,142927,5864012,
All CA Counties,2021-02-25,314123,8683149,154323,4445830,159800,4237319,0,0,164776,3340583,148736,2697758,174329,6038341,
All CA Counties,2021-02-26,348178,9031327,162672,4608502,185506,4422825,0,0,195247,3391026,152148,2849906,202591,6240932,
All CA Counties,2021-02-27,245546,9276873,117182,4725684,128349,4551174,15,15,139235,3429075,105806,2955712,143855,6384787,
All CA Counties,2021-02-28,129008,9405881,76973,4802657,52034,4603208,1,16,75696,3455631,53014,3008726,79570,6464357,
All CA Counties,2021-03-01,234655,9640536,124300,4926957,110331,4713539,24,40,135587,3497647,98540,3107266,140556,6604913,
All CA Counties,2021-03-02,265425,9905961,129626,5056583,135788,4849327,11,51,160484,3561525,104542,3211808,168420,6773333,
All CA Counties,2021-03-03,320761,10226722,158426,5215009,162306,5011633,29,80,183082,3615810,137098,3348906,191383,6964716,
All CA Counties,2021-03-04,334801,10561523,168002,5383011,166720,5178353,79,159,197581,3684447,136637,3485543,205274,7169990,
All CA Counties,2021-03-05,324908,10886431,158169,5541180,165651,5344004,1088,1247,201942,3773330,122271,3607814,211154,7381144,
All CA Counties,2021-03-06,247729,11134160,127429,5668609,112601,5456605,7699,8946,154099,3847382,93316,3701130,167368,7548512,
All CA Counties,2021-03-07,123314,11257474,75062,5743671,44265,5500870,3987,12933,76686,3887111,46490,3747620,86219,7634731,
All CA Counties,2021-03-08,210373,11467847,101583,5845254,98591,5599461,10199,23132,137481,3967182,72607,3820227,152678,7787409,
All CA Counties,2021-03-09,259328,11727175,111990,5957244,131676,5731137,15662,38794,140457,4011088,118483,3938710,162389,7949798,
All CA Counties,2021-03-10,307920,12035095,150743,6107987,133948,5865085,23229,62023,167093,4067143,140341,4079051,196396,8146194,
All CA Counties,2021-03-11,364024,12399119,175977,6283964,156798,6021883,31249,93272,188494,4118093,174759,4253810,225709,8371903,
All CA Counties,2021-03-12,383011,12782130,170666,6454630,167133,6189016,45212,138484,187453,4159921,194915,4448725,236743,8608646,
All CA Counties,2021-03-13,273500,13055630,120248,6574878,122795,6311811,30457,168941,148012,4217588,125140,4573865,182807,8791453,
All CA Counties,2021-03-14,150794,13206424,80976,6655854,55075,6366886,14743,183684,81175,4246536,69400,4643265,98348,8889801,
All CA Counties,2021-03-15,286130,13492554,136376,6792230,129495,6496381,20259,203943,156089,4298744,129469,4772734,181677,9071478,
All CA Counties,2021-03-16,364178,13856732,171194,6963424,175997,6672378,16987,220930,213116,4384046,150447,4923181,235749,9307227,
All CA Counties,2021-03-17,376279,14233011,187162,7150586,171248,6843626,17869,238799,233647,4496959,141997,5065178,254910,9562137,
All CA Counties,2021-03-18,388248,14621259,199042,7349628,171596,7015222,17610,256409,231831,4596660,155531,5220709,255232,9817369,
All CA Counties,2021-03-19,399287,15020546,209377,7559005,168737,7183959,21173,277582,234233,4690614,164258,5384967,258212,10075581,
All CA Counties,2021-03-20,287447,15307993,150798,7709803,121313,7305272,15336,292918,184732,4790788,102158,5487125,202332,10277913,
All CA Counties,2021-03-21,140651,15448644,96880,7806683,36400,7341672,7371,300289,88983,4839928,51437,5538562,100577,10378490,
All CA Counties,2021-03-22,266456,15715100,155665,7962348,100001,7441673,10790,311079,176569,4942915,89325,5627887,192312,10570802,
All CA Counties,2021-03-23,349232,16064332,191840,8154188,146799,7588472,10593,321672,226535,5063308,121965,5749852,242358,10813160,
All CA Counties,2021-03-24,378392,16442724,217592,8371780,148906,7737378,11894,333566,224303,5151520,153168,5903020,241380,11054540,
All CA Counties,2021-03-25,404207,16846931,222384,8594164,167931,7905309,13892,347458,233875,5234214,169278,6072298,251972,11306512,
All CA Counties,2021-03-26,421645,17268576,224625,8818789,181367,8086676,15653,363111,233859,5301967,186793,6259091,254546,11561058,
All CA Counties,2021-03-27,303692,17572268,161073,8979862,131422,8218098,11197,374308,156321,5325049,146720,6405811,169802,11730860,
All CA Counties,2021-03-28,165045,17737313,105643,9085505,55778,8273876,3624,377932,90631,5347099,74121,6479932,96171,11827031,
All CA Counties,2021-03-29,301027,18038340,162828,9248333,129873,8403749,8326,386258,172863,5405655,127567,6607499,186123,12013154,
All CA Counties,2021-03-30,388644,18426984,196665,9444998,175547,8579296,16432,402690,239812,5516969,148247,6755746,259561,12272715,
All CA Counties,2021-03-31,416263,18843247,226595,9671593,168797,8748093,20871,423561,242604,5608704,172893,6928639,264628,12537343,
All CA Counties,2021-04-01,474659,19317906,242733,9914326,193728,8941821,38198,461759,267135,5710187,206680,7135319,308163,12845506,
All CA Counties,2021-04-02,455883,19773789,222421,10136747,192660,9134481,40802,502561,251916,5801822,202958,7338277,294593,13140099,
All CA Counties,2021-04-03,318668,20092457,161740,10298487,117676,9252157,39252,541813,162753,5850073,155406,7493683,203657,13343756,
All CA Counties,2021-04-04,128180,20220637,66588,10365075,43872,9296029,17720,559533,57091,5854237,70909,7564592,75073,13418829,
All CA Counties,2021-04-05,341683,20562320,177130,10542205,126412,9422441,38141,597674,172676,5899400,168535,7733127,213698,13632527,
All CA Counties,2021-04-06,442380,21004700,224434,10766639,154810,9577251,63136,660810,217463,5959033,224163,7957290,283796,13916323,
All CA Counties,2021-04-07,453790,21458490,235721,11002360,152211,9729462,65858,726668,223756,6022149,229271,8186561,292387,14208710,
All CA Counties,2021-04-08,471818,21930308,239580,11241940,153428,9882890,78810,805478,225342,6083741,245576,8432137,307168,14515878,
All CA Counties,2021-04-09,422040,22352348,205849,11447789,148108,10030998,68083,873561,196918,6128498,224319,8656456,269076,14784954,
All CA Counties,2021-04-10,316410,22668758,145128,11592917,105293,10136291,65989,939550,131970,6146304,183928,8840384,201734,14986688,
All CA Counties,2021-04-11,175573,22844331,97382,11690299,46406,10182697,31785,971335,73224,6152135,102092,8942476,107923,15094611,
All CA Counties,2021-04-12,262386,23106717,125260,11815559,107695,10290392,29431,1000766,125455,6173617,136229,9078705,157711,15252322,
All CA Counties,2021-04-13,206101,23312818,103947,11919506,101825,10392217,329,1001095,117729,6205586,87939,9166644,119908,15372230,
All CA and Non-CA Counties,2020-12-15,1136,1136,1136,1136,0,0,0,0,1136,1136,0,0,1136,1136,
All CA and Non-CA Counties,2020-12-16,8373,9509,8373,9509,0,0,0,0,8373,9509,0,0,8373,9509,
All CA and Non-CA Counties,2020-12-17,27291,36800,27291,36800,0,0,0,0,27291,36800,0,0,27291,36800,
All CA and Non-CA Counties,2020-12-18,46284,83084,46200,83000,84,84,0,0,46283,83082,1,1,46283,83083,
All CA and Non-CA Counties,2020-12-19,26299,109383,26277,109277,22,106,0,0,26298,109379,1,2,26298,109381,
All CA and Non-CA Counties,2020-12-20,19608,128991,19577,128854,31,137,0,0,19607,128985,1,3,19607,128988,
All CA and Non-CA Counties,2020-12-21,51739,180730,51654,180508,85,222,0,0,51737,180721,1,4,51737,180725,
All CA and Non-CA Counties,2020-12-22,51867,232597,49690,230198,2177,2399,0,0,51865,232585,1,5,51865,232590,
All CA and Non-CA Counties,2020-12-23,51688,284285,42883,273081,8805,11204,0,0,51684,284269,0,5,51684,284274,
All CA and Non-CA Counties,2020-12-24,24793,309078,16917,289998,7876,19080,0,0,24790,309058,1,6,24790,309064,
All CA and Non-CA Counties,2020-12-25,2359,311437,2036,292034,323,19403,0,0,2358,311415,1,7,2358,311422,
All CA and Non-CA Counties,2020-12-26,14899,326336,9629,301663,5270,24673,0,0,14897,326311,1,8,14897,326319,
All CA and Non-CA Counties,2020-12-27,9562,335898,5630,307293,3932,28605,0,0,9561,335871,1,9,9561,335880,
All CA and Non-CA Counties,2020-12-28,47005,382903,30129,337422,16876,45481,0,0,47002,382870,3,12,47002,382882,
All CA and Non-CA Counties,2020-12-29,52492,435395,29497,366919,22995,68476,0,0,52488,435355,3,15,52488,435370,
All CA and Non-CA Counties,2020-12-30,64794,500189,36890,403809,27904,96380,0,0,64787,500139,3,18,64787,500157,
All CA and Non-CA Counties,2020-12-31,30249,530438,11330,415139,18919,115299,0,0,30239,530372,6,24,30239,530396,
All CA and Non-CA Counties,2021-01-01,3844,534282,1663,416802,2181,117480,0,0,3841,534212,1,25,3841,534237,
All CA and Non-CA Counties,2021-01-02,18609,552891,10328,427130,8281,125761,0,0,18607,552818,1,26,18607,552844,
All CA and Non-CA Counties,2021-01-03,6269,559160,3549,430679,2720,128481,0,0,6240,559046,12,38,6240,559084,
All CA and Non-CA Counties,2021-01-04,44363,603523,22383,453062,21980,150461,0,0,44280,603283,43,81,44280,603364,
All CA and Non-CA Counties,2021-01-05,57616,661139,30367,483429,27249,177710,0,0,51974,649768,5572,5653,52057,655421,
All CA and Non-CA Counties,2021-01-06,75475,736614,41885,525314,33590,211300,0,0,59475,693454,15817,21470,59503,714924,
All CA and Non-CA Counties,2021-01-07,95754,832368,54723,580037,41031,252331,0,0,63668,725243,31924,53394,63713,778637,
All CA and Non-CA Counties,2021-01-08,110401,942769,66795,646832,43606,295937,0,0,67530,750099,42730,96124,67586,846223,
All CA and Non-CA Counties,2021-01-09,44860,987629,25545,672377,19315,315252,0,0,28457,762197,16382,112506,28480,874703,
All CA and Non-CA Counties,2021-01-10,24471,1012100,14970,687347,9501,324753,0,0,13148,764053,11307,123813,13163,887866,
All CA and Non-CA Counties,2021-01-11,107175,1119275,71177,758524,35998,360751,0,0,62202,781415,44935,168748,62297,950163,
All CA and Non-CA Counties,2021-01-12,116176,1235451,68641,827165,47535,408286,0,0,73746,813033,42347,211095,73965,1024128,
All CA and Non-CA Counties,2021-01-13,121816,1357267,63011,890176,58805,467091,0,0,87153,865679,34580,245675,87226,1111354,
All CA and Non-CA Counties,2021-01-14,126413,1483680,50494,940670,75919,543010,0,0,106317,952143,19982,265657,106446,1217800,
All CA and Non-CA Counties,2021-01-15,145396,1629076,52914,993584,92482,635492,0,0,129986,1066995,15302,280959,130154,1347954,
All CA and Non-CA Counties,2021-01-16,82873,1711949,27694,1021278,55179,690671,0,0,75196,1134589,7649,288608,75243,1423197,
All CA and Non-CA Counties,2021-01-17,48447,1760396,16883,1038161,31564,722235,0,0,44785,1175760,3656,292264,44827,1468024,
All CA and Non-CA Counties,2021-01-18,88724,1849120,46331,1084492,42393,764628,0,0,69165,1225593,19481,311745,69314,1537338,
All CA and Non-CA Counties,2021-01-19,144701,1993821,74570,1159062,70131,834759,0,0,112827,1306951,31782,343527,113140,1650478,
All CA and Non-CA Counties,2021-01-20,162074,2155895,81419,1240481,80655,915414,0,0,128073,1401435,33824,377351,128308,1778786,
All CA and Non-CA Counties,2021-01-21,175732,2331627,77056,1317537,98676,1014090,0,0,156420,1539057,19100,396451,156722,1935508,
All CA and Non-CA Counties,2021-01-22,172783,2504410,69661,1387198,103122,1117212,0,0,158258,1683074,14394,410845,158411,2093919,
All CA and Non-CA Counties,2021-01-23,113049,2617459,49631,1436829,63418,1180630,0,0,100409,1771008,12584,423429,100518,2194437,
All CA and Non-CA Counties,2021-01-24,61274,2678733,29603,1466432,31671,1212301,0,0,56595,1823001,4653,428082,56646,2251083,
All CA and Non-CA Counties,2021-01-25,147803,2826536,66636,1533068,81167,1293468,0,0,112409,1900446,35309,463391,112754,2363837,
All CA and Non-CA Counties,2021-01-26,172947,2999483,84980,1618048,87967,1381435,0,0,135205,1998337,37622,501013,135513,2499350,
All CA and Non-CA Counties,2021-01-27,182772,3182255,89846,1707894,92926,1474361,0,0,143538,2103198,38867,539880,143728,2643078,
All CA and Non-CA Counties,2021-01-28,190986,3373241,88339,1796233,102647,1577008,0,0,156857,2226379,33857,573737,157038,2800116,
All CA and Non-CA Counties,2021-01-29,186680,3559921,90599,1886832,96081,1673089,0,0,151778,2343948,34354,608091,151923,2952039,
All CA and Non-CA Counties,2021-01-30,126787,3686708,57284,1944116,69503,1742592,0,0,111706,2440854,14929,623020,111835,3063874,
All CA and Non-CA Counties,2021-01-31,72270,3758978,41612,1985728,30658,1773250,0,0,67228,2503124,4999,628019,67269,3131143,
All CA and Non-CA Counties,2021-02-01,162972,3921950,75088,2060816,87884,1861134,0,0,124409,2589219,38436,666455,124531,3255674,
All CA and Non-CA Counties,2021-02-02,191171,4113121,81393,2142209,109778,1970912,0,0,144965,2688539,45857,712312,145177,3400851,
All CA and Non-CA Counties,2021-02-03,216690,4329811,96744,2238953,119946,2090858,0,0,162456,2797458,53761,766073,162680,3563531,
All CA and Non-CA Counties,2021-02-04,233359,4563170,101763,2340716,131596,2222454,0,0,172236,2909442,60587,826660,172571,3736102,
All CA and Non-CA Counties,2021-02-05,251193,4814363,108022,2448738,143171,2365625,0,0,172220,3003986,78230,904890,172774,3908876,
All CA and Non-CA Counties,2021-02-06,158583,4972946,76701,2525439,81882,2447507,0,0,123656,3093383,34758,939648,124155,4033031,
All CA and Non-CA Counties,2021-02-07,68633,5041579,44734,2570173,23899,2471406,0,0,52242,3129766,16306,955954,52689,4085720,
All CA and Non-CA Counties,2021-02-08,184659,5226238,91388,2661561,93271,2564677,0,0,122853,3191983,61358,1017312,123575,4209295,
All CA and Non-CA Counties,2021-02-09,213549,5439787,103222,2764783,110327,2675004,0,0,128584,3237176,84544,1101856,129737,4339032,
All CA and Non-CA Counties,2021-02-10,252177,5691964,121098,2885881,131079,2806083,0,0,140756,3268799,110623,1212479,142246,4481278,
All CA and Non-CA Counties,2021-02-11,265445,5957409,131092,3016973,134353,2940436,0,0,146649,3299413,117819,1330298,148433,4629711,
All CA and Non-CA Counties,2021-02-12,274939,6232348,120181,3137154,154758,3095194,0,0,149605,3326718,124628,1454926,151933,4781644,
All CA and Non-CA Counties,2021-02-13,168339,6400687,77584,3214738,90755,3185949,0,0,93628,3347997,74315,1529241,95594,4877238,
All CA and Non-CA Counties,2021-02-14,96307,6496994,47748,3262486,48559,3234508,0,0,52625,3358769,43541,1572782,54313,4931551,
All CA and Non-CA Counties,2021-02-15,143518,6640512,63550,3326036,79968,3314476,0,0,79445,3377701,63730,1636512,82662,5014213,
All CA and Non-CA Counties,2021-02-16,252558,6893070,120176,3446212,132382,3446858,0,0,134725,3398442,117502,1754014,138243,5152456,
All CA and Non-CA Counties,2021-02-17,261599,7154669,130518,3576730,131081,3577939,0,0,129815,3400686,131315,1885329,133559,5286015,
All CA and Non-CA Counties,2021-02-18,275178,7429847,143946,3720676,131232,3709171,0,0,132659,3396271,141833,2027162,137418,5423433,
All CA and Non-CA Counties,2021-02-19,254654,7684501,148476,3869152,106178,3815349,0,0,131712,3407675,122525,2149687,133929,5557362,
All CA and Non-CA Counties,2021-02-20,153522,7838023,99191,3968343,54331,3869680,0,0,84326,3425340,68985,2218672,86650,5644012,
All CA and Non-CA Counties,2021-02-21,73289,7911312,59249,4027592,14040,3883720,0,0,35915,3426463,37190,2255862,38313,5682325,
All CA and Non-CA Counties,2021-02-22,164914,8076226,111043,4138635,53871,3937591,0,0,82717,3429823,81923,2337785,85283,5767608,
All CA and Non-CA Counties,2021-02-23,225360,8301586,118907,4257542,106453,4044044,0,0,104197,3420437,120676,2458461,111290,5878898,
All CA and Non-CA Counties,2021-02-24,285103,8586689,143950,4401492,141153,4185197,0,0,135669,3415949,148885,2607346,144397,6023295,
All CA and Non-CA Counties,2021-02-25,319841,8906530,156810,4558302,163031,4348228,0,0,166814,3439925,152397,2759743,176373,6199668,
All CA and Non-CA Counties,2021-02-26,354054,9260584,165607,4723909,188447,4536675,0,0,197643,3489368,155546,2915289,204989,6404657,
All CA and Non-CA Counties,2021-02-27,250020,9510604,119407,4843316,130597,4667272,16,16,140442,3525371,109062,3024351,145065,6549722,
All CA and Non-CA Counties,2021-02-28,131398,9642002,78747,4922063,52650,4719922,1,17,76461,3551072,54635,3078986,80336,6630058,
All CA and Non-CA Counties,2021-03-01,239103,9881105,127223,5049286,111856,4831778,24,41,136691,3590859,101877,3180863,141664,6771722,
All CA and Non-CA Counties,2021-03-02,271230,10152335,131455,5180741,139764,4971542,11,52,162093,3652148,108741,3289604,170030,6941752,
All CA and Non-CA Counties,2021-03-03,327537,10479872,160614,5341355,166893,5138435,30,82,184847,3703186,142116,3431720,193154,7134906,
All CA and Non-CA Counties,2021-03-04,340746,10820618,170280,5511635,170386,5308821,80,162,199375,3769503,140755,3572475,207072,7341978,
All CA and Non-CA Counties,2021-03-05,329103,11149721,159949,5671584,168055,5476876,1099,1261,204005,3858320,124419,3696894,213236,7555214,
All CA and Non-CA Counties,2021-03-06,251657,11401378,129086,5800670,114716,5591592,7855,9116,155972,3932369,95360,3792254,169409,7724623,
All CA and Non-CA Counties,2021-03-07,124810,11526188,76029,5876699,44741,5636333,4040,13156,77562,3972410,47108,3839362,87149,7811772,
All CA and Non-CA Counties,2021-03-08,212997,11739185,103108,5979807,99441,5735774,10448,23604,139317,4053814,73364,3912726,154768,7966540,
All CA and Non-CA Counties,2021-03-09,263188,12002373,113826,6093633,133386,5869160,15976,39580,142623,4098509,120175,4032901,164870,8131410,
All CA and Non-CA Counties,2021-03-10,311424,12313797,152136,6245769,135569,6004729,23719,63299,169072,4155529,141852,4174753,198872,8330282,
All CA and Non-CA Counties,2021-03-11,369500,12683297,178632,6424401,158938,6163667,31930,95229,191355,4207409,177372,4352125,229252,8559534,
All CA and Non-CA Counties,2021-03-12,388326,13071623,173565,6597966,168845,6332512,45916,141145,190362,4250449,197316,4549441,240356,8799890,
All CA and Non-CA Counties,2021-03-13,276870,13348493,122107,6720073,123838,6456350,30925,172070,150255,4309710,126259,4675700,185520,8985410,
All CA and Non-CA Counties,2021-03-14,152681,13501174,81894,6801967,55711,6512061,15076,187146,82303,4339361,70159,4745859,99810,9085220,
All CA and Non-CA Counties,2021-03-15,289282,13790456,137747,6939714,130888,6642949,20647,207793,157951,4392535,130758,4876617,183932,9269152,
All CA and Non-CA Counties,2021-03-16,370304,14160760,174293,7114007,178680,6821629,17331,225124,216656,4479138,153029,5029646,239632,9508784,
All CA and Non-CA Counties,2021-03-17,382683,14543443,190669,7304676,173799,6995428,18215,243339,237570,4593842,144476,5174122,259180,9767964,
All CA and Non-CA Counties,2021-03-18,394874,14938317,202726,7507402,174024,7169452,18124,261463,235951,4695684,158022,5332144,259864,10027828,
All CA and Non-CA Counties,2021-03-19,405004,15343321,212587,7719989,170712,7340164,21705,283168,237790,4791570,166419,5498563,262305,10290133,
All CA and Non-CA Counties,2021-03-20,291182,15634503,153330,7873319,122437,7462601,15415,298583,187764,4894156,102857,5601420,205443,10495576,
All CA and Non-CA Counties,2021-03-21,142388,15776891,98077,7971396,36851,7499452,7460,306043,90331,4944346,51825,5653245,102015,10597591,
All CA and Non-CA Counties,2021-03-22,269151,16046042,157156,8128552,101131,7600583,10864,316907,178353,5048285,90231,5743476,194170,10791761,
All CA and Non-CA Counties,2021-03-23,354760,16400802,194505,8323057,149393,7749976,10862,327769,230408,5171176,123609,5867085,246500,11038261,
All CA and Non-CA Counties,2021-03-24,384693,16785495,220554,8543611,151831,7901807,12308,340077,229104,5263106,154662,6021747,246592,11284853,
All CA and Non-CA Counties,2021-03-25,411435,17196930,225396,8769007,171662,8073469,14377,354454,239470,5350258,170901,6192648,258053,11542906,
All CA and Non-CA Counties,2021-03-26,427631,17624561,227723,8996730,184082,8257551,15826,370280,238105,5420702,188520,6381168,258964,11801870,
All CA and Non-CA Counties,2021-03-27,307902,17932463,163543,9160273,133121,8390672,11238,381518,159281,5445540,147962,6529130,172800,11974670,
All CA and Non-CA Counties,2021-03-28,167566,18100029,106899,9267172,56969,8447641,3698,385216,92288,5468463,74979,6604109,97902,12072572,
All CA and Non-CA Counties,2021-03-29,305464,18405493,164758,9431930,132125,8579766,8581,393797,175615,5528345,129249,6733358,189131,12261703,
All CA and Non-CA Counties,2021-03-30,394663,18800156,199699,9631629,178000,8757766,16964,410761,243576,5641720,150491,6883849,263866,12525569,
All CA and Non-CA Counties,2021-03-31,421604,19221760,229595,9861224,170398,8928164,21611,432372,245812,5735272,175023,7058872,268575,12794144,
All CA and Non-CA Counties,2021-04-01,480812,19702572,246168,10107392,195821,9123985,38823,471195,270810,5838581,209153,7268025,312462,13106606,
All CA and Non-CA Counties,2021-04-02,463304,20165876,226373,10333765,195051,9319036,41880,513075,255978,5932004,206312,7474337,299735,13406341,
All CA and Non-CA Counties,2021-04-03,324404,20490280,165092,10498857,118904,9437940,40408,553483,165797,5981769,158092,7632429,207857,13614198,
All CA and Non-CA Counties,2021-04-04,129799,20620079,67409,10566266,44441,9482381,17949,571432,57984,5986331,71633,7704062,76195,13690393,
All CA and Non-CA Counties,2021-04-05,345426,20965505,179077,10745343,127658,9610039,38691,610123,174571,6032097,170378,7874440,216144,13906537,
All CA and Non-CA Counties,2021-04-06,448948,21414453,227712,10973055,156609,9766648,64627,674750,220316,6092366,227865,8102305,288134,14194671,
All CA and Non-CA Counties,2021-04-07,461689,21876142,239746,11212801,154230,9920878,67713,742463,227237,6156403,233677,8335982,297714,14492385,
All CA and Non-CA Counties,2021-04-08,479885,22356027,243615,11456416,155377,10076255,80893,823356,228929,6219189,250044,8586026,312830,14805215,
All CA and Non-CA Counties,2021-04-09,428723,22784750,209192,11665608,149581,10225836,69950,893306,199706,6264714,228209,8814235,273734,15078949,
All CA and Non-CA Counties,2021-04-10,322509,23107259,148266,11813874,106279,10332115,67964,961270,133940,6282344,188049,9002284,205679,15284628,
All CA and Non-CA Counties,2021-04-11,178579,23285838,99012,11912886,47030,10379145,32537,993807,74457,6288398,103864,9106148,109918,15394546,
All CA and Non-CA Counties,2021-04-12,265558,23551396,126960,12039846,108864,10488009,29734,1023541,127185,6310479,137667,9243815,159748,15554294,
All CA and Non-CA Counties,2021-04-13,208727,23760123,105438,12145284,102939,10590948,350,1023891,118978,6342346,89312,9333127,121179,15675473,
Outside California,2020-12-15,7,7,7,7,0,0,0,0,7,7,0,0,7,7,Not in California
Outside California,2020-12-16,133,140,133,140,0,0,0,0,133,140,0,0,133,140,Not in California
Outside California,2020-12-17,1532,1672,1532,1672,0,0,0,0,1532,1672,0,0,1532,1672,Not in California
Outside California,2020-12-18,2368,4040,2364,4036,4,4,0,0,2367,4039,0,0,2367,4039,Not in California
Outside California,2020-12-19,981,5021,980,5016,1,5,0,0,981,5020,0,0,981,5020,Not in California
Outside California,2020-12-20,643,5664,641,5657,2,7,0,0,643,5663,0,0,643,5663,Not in California
Outside California,2020-12-21,2065,7729,2064,7721,1,8,0,0,2064,7727,0,0,2064,7727,Not in California
Outside California,2020-12-22,1926,9655,1892,9613,34,42,0,0,1926,9653,0,0,1926,9653,Not in California
Outside California,2020-12-23,1423,11078,1306,10919,117,159,0,0,1423,11076,0,0,1423,11076,Not in California
Outside California,2020-12-24,802,11880,610,11529,192,351,0,0,802,11878,0,0,802,11878,Not in California
Outside California,2020-12-25,32,11912,28,11557,4,355,0,0,32,11910,0,0,32,11910,Not in California
Outside California,2020-12-26,307,12219,203,11760,104,459,0,0,307,12217,0,0,307,12217,Not in California
Outside California,2020-12-27,187,12406,72,11832,115,574,0,0,187,12404,0,0,187,12404,Not in California
Outside California,2020-12-28,1391,13797,877,12709,514,1088,0,0,1391,13795,0,0,1391,13795,Not in California
Outside California,2020-12-29,1451,15248,926,13635,525,1613,0,0,1451,15246,0,0,1451,15246,Not in California
Outside California,2020-12-30,1849,17097,1195,14830,654,2267,0,0,1850,17096,0,0,1850,17096,Not in California
Outside California,2020-12-31,1067,18164,585,15415,482,2749,0,0,1067,18162,1,1,1067,18163,Not in California
Outside California,2021-01-01,110,18274,22,15437,88,2837,0,0,110,18272,0,1,110,18273,Not in California
Outside California,2021-01-02,239,18513,132,15569,107,2944,0,0,238,18509,1,2,238,18511,Not in California
Outside California,2021-01-03,172,18685,92,15661,80,3024,0,0,172,18681,0,2,172,18683,Not in California
Outside California,2021-01-04,1125,19810,503,16164,622,3646,0,0,1120,19801,0,2,1120,19803,Not in California
Outside California,2021-01-05,1439,21249,750,16914,689,4335,0,0,1303,20970,134,136,1303,21106,Not in California
Outside California,2021-01-06,2579,23828,1523,18437,1056,5391,0,0,1909,22202,677,813,1909,23015,Not in California
Outside California,2021-01-07,4087,27915,2506,20943,1581,6972,0,0,2457,23032,1629,2442,2459,25474,Not in California
Outside California,2021-01-08,4272,32187,2700,23643,1572,8544,0,0,2533,23839,1729,4171,2536,28010,Not in California
Outside California,2021-01-09,1328,33515,531,24174,797,9341,0,0,999,24513,327,4498,1001,29011,Not in California
Outside California,2021-01-10,301,33816,178,24352,123,9464,0,0,182,24576,119,4617,182,29193,Not in California
Outside California,2021-01-11,3234,37050,1962,26314,1272,10736,0,0,1916,25173,1319,5936,1916,31109,Not in California
Outside California,2021-01-12,3766,40816,2251,28565,1515,12251,0,0,2286,25985,1475,7411,2287,33396,Not in California
Outside California,2021-01-13,3501,44317,1724,30289,1777,14028,0,0,2407,27294,1099,8510,2408,35804,Not in California
Outside California,2021-01-14,3635,47952,1243,31532,2392,16420,0,0,3021,29703,612,9122,3021,38825,Not in California
Outside California,2021-01-15,3994,51946,916,32448,3078,19498,0,0,3561,32836,429,9551,3562,42387,Not in California
Outside California,2021-01-16,2529,54475,353,32801,2176,21674,0,0,2356,35022,170,9721,2356,44743,Not in California
Outside California,2021-01-17,448,54923,146,32947,302,21976,0,0,398,35371,49,9770,398,45141,Not in California
Outside California,2021-01-18,1083,56006,732,33679,351,22327,0,0,628,35546,454,10224,629,45770,Not in California
Outside California,2021-01-19,3964,59970,1292,34971,2672,24999,0,0,3121,37825,844,11068,3123,48893,Not in California
Outside California,2021-01-20,4287,64257,1338,36309,2949,27948,0,0,3407,40358,877,11945,3410,52303,Not in California
Outside California,2021-01-21,3924,68181,982,37291,2942,30890,0,0,3407,43264,501,12446,3407,55710,Not in California
Outside California,2021-01-22,4380,72561,993,38284,3387,34277,0,0,3986,46862,389,12835,3987,59697,Not in California
Outside California,2021-01-23,2207,74768,328,38612,1879,36156,0,0,2041,48738,165,13000,2041,61738,Not in California
Outside California,2021-01-24,606,75374,248,38860,358,36514,0,0,527,49186,79,13079,527,62265,Not in California
Outside California,2021-01-25,4304,79678,1896,40756,2408,38922,0,0,3469,51810,849,13928,3473,65738,Not in California
Outside California,2021-01-26,5838,85516,2846,43602,2992,41914,0,0,5046,56055,811,14739,5056,70794,Not in California
Outside California,2021-01-27,4586,90102,2590,46192,1996,43910,0,0,4045,59539,562,15301,4046,74840,Not in California
Outside California,2021-01-28,4871,94973,2668,48860,2203,46113,0,0,4447,63546,440,15741,4447,79287,Not in California
Outside California,2021-01-29,4527,99500,2850,51710,1677,47790,0,0,3816,66646,717,16458,3817,83104,Not in California
Outside California,2021-01-30,4091,103591,2314,54024,1777,49567,0,0,3871,70296,221,16679,3871,86975,Not in California
Outside California,2021-01-31,3182,106773,2777,56801,405,49972,0,0,3130,73375,51,16730,3130,90105,Not in California
Outside California,2021-02-01,5330,112103,2465,59266,2865,52837,0,0,4690,77424,641,17371,4690,94795,Not in California
Outside California,2021-02-02,6650,118753,2087,61353,4563,57400,0,0,5958,82697,685,18056,5958,100753,Not in California
Outside California,2021-02-03,7131,125884,1990,63343,5141,62541,0,0,6321,88218,801,18857,6322,107075,Not in California
Outside California,2021-02-04,6604,132488,2062,65405,4542,67083,0,0,5660,92946,932,19789,5660,112735,Not in California
Outside California,2021-02-05,6515,139003,2065,67470,4450,71533,0,0,5533,97493,986,20775,5533,118268,Not in California
Outside California,2021-02-06,4266,143269,2152,69622,2114,73647,0,0,3837,100913,420,21195,3840,122108,Not in California
Outside California,2021-02-07,2180,145449,1791,71413,389,74036,0,0,2101,102937,79,21274,2103,124211,Not in California
Outside California,2021-02-08,5142,150591,3250,74663,1892,75928,0,0,4116,106043,1010,22284,4116,128327,Not in California
Outside California,2021-02-09,4128,154719,1855,76518,2273,78201,0,0,2836,107618,1277,23561,2852,131179,Not in California
Outside California,2021-02-10,5276,159995,1774,78292,3502,81703,0,0,2932,108258,2336,25897,2976,134155,Not in California
Outside California,2021-02-11,4215,164210,1855,80147,2360,84063,0,0,3109,110288,1097,26994,3127,137282,Not in California
Outside California,2021-02-12,4627,168837,1611,81758,3016,87079,0,0,3037,111746,1583,28577,3041,140323,Not in California
Outside California,2021-02-13,2204,171041,598,82356,1606,88685,0,0,1771,113096,431,29008,1781,142104,Not in California
Outside California,2021-02-14,1358,172399,405,82761,953,89638,0,0,1125,113994,229,29237,1127,143231,Not in California
Outside California,2021-02-15,2426,174825,1478,84239,948,90586,0,0,1130,113847,1280,30517,1133,144364,Not in California
Outside California,2021-02-16,6191,181016,2793,87032,3398,93984,0,0,2491,112650,3692,34209,2495,146859,Not in California
Outside California,2021-02-17,5633,186649,2775,89807,2858,96842,0,0,1661,110351,3964,38173,1665,148524,Not in California
Outside California,2021-02-18,5952,192601,3463,93270,2489,99331,0,0,1801,108013,4140,42313,1802,150326,Not in California
Outside California,2021-02-19,4972,197573,3432,96702,1540,100871,0,0,1866,106777,3103,45416,1867,152193,Not in California
Outside California,2021-02-20,3086,200659,2594,99296,492,101363,0,0,1073,105841,2010,47426,1074,153267,Not in California
Outside California,2021-02-21,1786,202445,1579,100875,207,101570,0,0,609,105277,1173,48599,609,153876,Not in California
Outside California,2021-02-22,2679,205124,1860,102735,819,102389,0,0,925,104453,1753,50352,929,154805,Not in California
Outside California,2021-02-23,4951,210075,2450,105185,2501,104890,0,0,1507,102535,3439,53791,1521,156326,Not in California
Outside California,2021-02-24,5133,215208,2507,107692,2626,107516,0,0,1452,100315,3676,57467,1456,157782,Not in California
Outside California,2021-02-25,5641,220849,2426,110118,3215,110731,0,0,2011,98721,3611,61078,2017,159799,Not in California
Outside California,2021-02-26,5834,226683,2909,113027,2925,113656,0,0,2369,97707,3385,64463,2371,162170,Not in California
Outside California,2021-02-27,4446,231129,2212,115239,2233,115889,1,1,1187,95649,3248,67711,1190,163360,Not in California
Outside California,2021-02-28,2373,233502,1761,117000,612,116501,0,1,755,94789,1616,69327,756,164116,Not in California
Outside California,2021-03-01,4405,237907,2898,119898,1507,118008,0,1,1080,92555,3318,72645,1084,165200,Not in California
Outside California,2021-03-02,5788,243695,1823,121721,3965,121973,0,1,1600,89963,4193,76838,1601,166801,Not in California
Outside California,2021-03-03,6758,250453,2179,123900,4578,126551,1,2,1752,86708,5013,81851,1758,168559,Not in California
Outside California,2021-03-04,5890,256343,2227,126127,3662,130213,1,3,1769,84394,4087,85938,1773,170332,Not in California
Outside California,2021-03-05,4166,260509,1767,127894,2388,132601,11,14,2029,84300,2142,88080,2048,172380,Not in California
Outside California,2021-03-06,3896,264405,1647,129541,2095,134696,154,168,1851,84283,2034,90114,2017,174397,Not in California
Outside California,2021-03-07,1487,265892,966,130507,468,135164,53,221,871,84593,615,90729,925,175322,Not in California
Outside California,2021-03-08,2590,268482,1501,132008,842,136006,247,468,1827,85941,731,91460,2079,177401,Not in California
Outside California,2021-03-09,3821,272303,1804,133812,1707,137713,310,778,2154,86744,1662,93122,2465,179866,Not in California
Outside California,2021-03-10,3495,275798,1387,135199,1620,139333,488,1266,1973,87706,1506,94628,2468,182334,Not in California
Outside California,2021-03-11,5435,281233,2642,137841,2129,141462,664,1930,2844,88626,2589,97217,3509,185843,Not in California
Outside California,2021-03-12,5217,286450,2843,140684,1686,143148,688,2618,2881,89865,2330,99547,3569,189412,Not in California
Outside California,2021-03-13,3323,289773,1855,142539,1008,144156,460,3078,2216,91443,1100,100647,2678,192090,Not in California
Outside California,2021-03-14,1824,291597,899,143438,597,144753,328,3406,1083,92114,741,101388,1412,193502,Not in California
Outside California,2021-03-15,3122,294719,1359,144797,1377,146130,386,3792,1842,93071,1276,102664,2233,195735,Not in California
Outside California,2021-03-16,6066,300785,3078,147875,2647,148777,341,4133,3499,94346,2564,105228,3839,199574,Not in California
Outside California,2021-03-17,6359,307144,3495,151370,2519,151296,345,4478,3881,96098,2475,107703,4227,203801,Not in California
Outside California,2021-03-18,6581,313725,3662,155032,2405,153701,514,4992,4089,98221,2478,110181,4601,208402,Not in California
Outside California,2021-03-19,5688,319413,3189,158221,1967,155668,532,5524,3536,100143,2150,112331,4072,212474,Not in California
Outside California,2021-03-20,3707,323120,2519,160740,1109,156777,79,5603,3014,102548,688,113019,3093,215567,Not in California
Outside California,2021-03-21,1716,324836,1181,161921,446,157223,89,5692,1330,103583,385,113404,1420,216987,Not in California
Outside California,2021-03-22,2666,327502,1475,163396,1118,158341,73,5765,1765,104527,894,114298,1838,218825,Not in California
Outside California,2021-03-23,5503,333005,2655,166051,2584,160925,264,6029,3859,107017,1633,115931,4123,222948,Not in California
Outside California,2021-03-24,6277,339282,2955,169006,2908,163833,414,6443,4782,110721,1489,117420,5193,228141,Not in California
Outside California,2021-03-25,7183,346465,2982,171988,3716,167549,485,6928,5563,115160,1610,119030,6049,234190,Not in California
Outside California,2021-03-26,5950,352415,3081,175069,2701,170250,168,7096,4226,117842,1711,120741,4393,238583,Not in California
Outside California,2021-03-27,4174,356589,2459,177528,1674,171924,41,7137,2943,119600,1223,121964,2981,241564,Not in California
Outside California,2021-03-28,2505,359094,1248,178776,1183,173107,74,7211,1645,120465,854,122818,1719,243283,Not in California
Outside California,2021-03-29,4387,363481,1900,180676,2232,175339,255,7466,2715,121767,1669,124487,2971,246254,Not in California
Outside California,2021-03-30,5974,369455,3004,183680,2438,177777,532,7998,3731,123807,2232,126719,4272,250526,Not in California
Outside California,2021-03-31,5294,374749,2967,186647,1587,179364,740,8738,3171,125597,2120,128839,3910,254436,Not in California
Outside California,2021-04-01,6120,380869,3415,190062,2080,181444,625,9363,3647,127400,2468,131307,4271,258707,Not in California
Outside California,2021-04-02,7355,388224,3934,193996,2354,183798,1067,10430,4031,129181,3319,134626,5100,263807,Not in California
Outside California,2021-04-03,5710,393934,3335,197331,1219,185017,1156,11586,3028,130689,2676,137302,4184,267991,Not in California
Outside California,2021-04-04,1601,395535,814,198145,558,185575,229,11815,881,131080,719,138021,1110,269101,Not in California
Outside California,2021-04-05,3540,399075,1782,199927,1233,186808,525,12340,1732,131535,1804,139825,2259,271360,Not in California
Outside California,2021-04-06,6167,405242,3045,202972,1667,188475,1455,13795,2511,131851,3644,143469,3960,275320,Not in California
Outside California,2021-04-07,7465,412707,3754,206726,1903,190378,1808,15603,3109,132414,4345,147814,4908,280228,Not in California
Outside California,2021-04-08,7654,420361,3782,210508,1844,192222,2028,17631,3246,133284,4396,152210,5266,285494,Not in California
Outside California,2021-04-09,6335,426696,3118,213626,1387,193609,1830,19461,2486,133759,3844,156054,4319,289813,Not in California
Outside California,2021-04-10,5858,432554,2960,216586,963,194572,1935,21396,1790,133423,4061,160115,3725,293538,Not in California
Outside California,2021-04-11,2706,435260,1488,218074,514,195086,704,22100,1013,133457,1693,161808,1727,295265,Not in California
Outside California,2021-04-12,2825,438085,1493,219567,1045,196131,287,22387,1434,133795,1387,163195,1725,296990,Not in California
Outside California,2021-04-13,2626,440711,1491,221058,1114,197245,21,22408,1249,133693,1373,164568,1271,298261,Not in California
Unknown,2020-12-17,36,36,36,36,0,0,0,0,1,1,0,0,1,1,Not in California
Unknown,2020-12-18,61,97,61,97,0,0,0,0,11,12,0,0,11,12,Not in California
Unknown,2020-12-19,82,179,82,179,0,0,0,0,82,94,0,0,82,94,Not in California
Unknown,2020-12-20,25,204,25,204,0,0,0,0,25,119,0,0,25,119,Not in California
Unknown,2020-12-21,41,245,41,245,0,0,0,0,0,119,0,0,0,119,Not in California
Unknown,2020-12-22,3,248,3,248,0,0,0,0,3,122,0,0,3,122,Not in California
Unknown,2020-12-26,1,249,1,249,0,0,0,0,1,123,0,0,1,123,Not in California
Unknown,2020-12-28,4,253,4,253,0,0,0,0,4,127,0,0,4,127,Not in California
Unknown,2020-12-29,3,256,3,256,0,0,0,0,3,130,0,0,3,130,Not in California
Unknown,2020-12-30,58,314,55,311,3,3,0,0,56,186,0,0,56,186,Not in California
Unknown,2020-12-31,3,317,0,311,3,6,0,0,1,187,0,0,1,187,Not in California
Unknown,2021-01-02,1,318,0,311,1,7,0,0,1,188,0,0,1,188,Not in California
Unknown,2021-01-04,3,321,3,314,0,7,0,0,2,190,0,0,2,190,Not in California
Unknown,2021-01-05,2,323,0,314,2,9,0,0,2,192,0,0,2,192,Not in California
Unknown,2021-01-06,31,354,29,343,2,11,0,0,6,174,24,24,6,198,Not in California
Unknown,2021-01-07,112,466,109,452,3,14,0,0,72,206,40,64,72,270,Not in California
Unknown,2021-01-08,24,490,21,473,3,17,0,0,4,189,21,85,4,274,Not in California
Unknown,2021-01-09,3,493,2,475,1,18,0,0,4,193,0,85,4,278,Not in California
Unknown,2021-01-11,22,515,22,497,0,18,0,0,18,208,3,88,18,296,Not in California
Unknown,2021-01-12,11,526,9,506,2,20,0,0,9,217,1,89,10,306,Not in California
Unknown,2021-01-13,11,537,11,517,0,20,0,0,14,231,0,89,14,320,Not in California
Unknown,2021-01-14,4,541,3,520,1,21,0,0,4,235,0,89,4,324,Not in California
Unknown,2021-01-15,4,545,3,523,1,22,0,0,5,240,0,89,5,329,Not in California
Unknown,2021-01-16,7,552,7,530,0,22,0,0,6,245,1,90,6,335,Not in California
Unknown,2021-01-17,3,555,3,533,0,22,0,0,3,248,0,90,3,338,Not in California
Unknown,2021-01-18,57,612,57,590,0,22,0,0,55,301,2,92,55,393,Not in California
Unknown,2021-01-19,26,638,25,615,1,23,0,0,24,324,1,93,24,417,Not in California
Unknown,2021-01-20,79,717,79,694,0,23,0,0,27,299,52,145,27,444,Not in California
Unknown,2021-01-21,60,777,58,752,2,25,0,0,62,361,0,145,62,506,Not in California
Unknown,2021-01-22,41,818,35,787,6,31,0,0,40,401,0,145,40,546,Not in California
Unknown,2021-01-23,13,831,7,794,6,37,0,0,12,413,0,145,12,558,Not in California
Unknown,2021-01-24,2,833,2,796,0,37,0,0,3,416,0,145,3,561,Not in California
Unknown,2021-01-25,20,853,18,814,2,39,0,0,17,430,3,148,17,578,Not in California
Unknown,2021-01-26,95,948,95,909,0,39,0,0,98,528,0,148,98,676,Not in California
Unknown,2021-01-27,17,965,17,926,0,39,0,0,16,543,1,149,16,692,Not in California
Unknown,2021-01-28,155,1120,152,1078,3,42,0,0,99,583,59,208,99,791,Not in California
Unknown,2021-01-29,149,1269,148,1226,1,43,0,0,154,736,1,209,154,945,Not in California
Unknown,2021-01-30,10,1279,8,1234,2,45,0,0,13,748,1,210,13,958,Not in California
Unknown,2021-01-31,17,1296,17,1251,0,45,0,0,17,764,1,211,17,975,Not in California
Unknown,2021-02-01,37,1333,35,1286,2,47,0,0,22,769,17,228,22,997,Not in California
Unknown,2021-02-02,70,1403,68,1354,2,49,0,0,63,826,6,234,63,1060,Not in California
Unknown,2021-02-03,50,1453,47,1401,3,52,0,0,38,853,11,245,38,1098,Not in California
Unknown,2021-02-04,62,1515,57,1458,5,57,0,0,57,905,5,250,57,1155,Not in California
Unknown,2021-02-05,18,1533,11,1469,7,64,0,0,14,912,7,257,14,1169,Not in California
Unknown,2021-02-06,19,1552,14,1483,5,69,0,0,15,922,7,264,17,1186,Not in California
Unknown,2021-02-07,8,1560,8,1491,0,69,0,0,6,926,2,266,6,1192,Not in California
Unknown,2021-02-08,55,1615,52,1543,3,72,0,0,13,897,42,308,13,1205,Not in California
Unknown,2021-02-09,23,1638,22,1565,1,73,0,0,5,884,18,326,5,1210,Not in California
Unknown,2021-02-10,37,1675,32,1597,5,78,0,0,11,869,26,352,11,1221,Not in California
Unknown,2021-02-11,93,1768,92,1689,1,79,0,0,43,861,51,403,43,1264,Not in California
Unknown,2021-02-12,48,1816,38,1727,10,89,0,0,20,848,33,436,20,1284,Not in California
Unknown,2021-02-13,14,1830,3,1730,11,100,0,0,16,863,1,437,16,1300,Not in California
Unknown,2021-02-14,8,1838,1,1731,7,107,0,0,6,868,1,438,6,1306,Not in California
Unknown,2021-02-15,42,1880,36,1767,6,113,0,0,29,886,11,449,29,1335,Not in California
Unknown,2021-02-16,105,1985,96,1863,9,122,0,0,31,843,74,523,31,1366,Not in California
Unknown,2021-02-17,10,1995,8,1871,2,124,0,0,6,844,5,528,6,1372,Not in California
Unknown,2021-02-18,106,2101,101,1972,5,129,0,0,19,776,87,615,19,1391,Not in California
Unknown,2021-02-19,200,2301,194,2166,6,135,0,0,60,697,139,754,60,1451,Not in California
Unknown,2021-02-20,12,2313,5,2171,7,142,0,0,5,697,5,759,5,1456,Not in California
Unknown,2021-02-21,23,2336,23,2194,0,142,0,0,8,690,15,774,8,1464,Not in California
Unknown,2021-02-22,12,2348,12,2206,0,142,0,0,7,692,5,779,7,1471,Not in California
Unknown,2021-02-23,63,2411,51,2257,12,154,0,0,15,660,48,827,16,1487,Not in California
Unknown,2021-02-24,44,2455,36,2293,8,162,0,0,14,644,30,857,14,1501,Not in California
Unknown,2021-02-25,77,2532,61,2354,16,178,0,0,27,621,50,907,27,1528,Not in California
Unknown,2021-02-26,42,2574,26,2380,16,194,0,0,27,635,13,920,27,1555,Not in California
Unknown,2021-02-27,28,2602,13,2393,15,209,0,0,20,647,8,928,20,1575,Not in California
Unknown,2021-02-28,17,2619,13,2406,4,213,0,0,10,652,5,933,10,1585,Not in California
Unknown,2021-03-01,43,2662,25,2431,18,231,0,0,24,657,19,952,24,1609,Not in California
Unknown,2021-03-02,17,2679,6,2437,11,242,0,0,9,660,6,958,9,1618,Not in California
Unknown,2021-03-03,18,2697,9,2446,9,251,0,0,13,668,5,963,13,1631,Not in California
Unknown,2021-03-04,55,2752,51,2497,4,255,0,0,25,662,31,994,25,1656,Not in California
Unknown,2021-03-05,29,2781,13,2510,16,271,0,0,34,690,6,1000,34,1690,Not in California
Unknown,2021-03-06,32,2813,10,2520,20,291,2,2,22,704,10,1010,24,1714,Not in California
Unknown,2021-03-07,9,2822,1,2521,8,299,0,2,5,706,3,1013,5,1719,Not in California
Unknown,2021-03-08,34,2856,24,2545,8,307,2,4,9,691,26,1039,11,1730,Not in California
Unknown,2021-03-09,39,2895,32,2577,3,310,4,8,12,677,30,1069,16,1746,Not in California
Unknown,2021-03-10,9,2904,6,2583,1,311,2,10,6,680,5,1074,8,1754,Not in California
Unknown,2021-03-11,41,2945,13,2596,11,322,17,27,17,690,24,1098,34,1788,Not in California
Unknown,2021-03-12,98,3043,56,2652,26,348,16,43,28,663,71,1169,44,1832,Not in California
Unknown,2021-03-13,47,3090,4,2656,35,383,8,51,27,679,19,1188,35,1867,Not in California
Unknown,2021-03-14,63,3153,19,2675,39,422,5,56,45,711,18,1206,50,1917,Not in California
Unknown,2021-03-15,30,3183,12,2687,16,438,2,58,20,720,13,1219,22,1939,Not in California
Unknown,2021-03-16,60,3243,21,2708,36,474,3,61,41,746,18,1237,44,1983,Not in California
Unknown,2021-03-17,45,3288,12,2720,32,506,1,62,42,785,4,1241,43,2026,Not in California
Unknown,2021-03-18,45,3333,22,2742,23,529,0,62,31,803,13,1254,31,2057,Not in California
Unknown,2021-03-19,29,3362,21,2763,8,537,0,62,21,813,11,1265,21,2078,Not in California
Unknown,2021-03-20,28,3390,13,2776,15,552,0,62,18,820,11,1276,18,2096,Not in California
Unknown,2021-03-21,21,3411,16,2792,5,557,0,62,18,835,3,1279,18,2114,Not in California
Unknown,2021-03-22,29,3440,16,2808,12,569,1,63,19,843,12,1291,20,2134,Not in California
Unknown,2021-03-23,25,3465,10,2818,10,579,5,68,14,851,11,1302,19,2153,Not in California
Unknown,2021-03-24,24,3489,7,2825,17,596,0,68,19,865,5,1307,19,2172,Not in California
Unknown,2021-03-25,45,3534,30,2855,15,611,0,68,32,884,13,1320,32,2204,Not in California
Unknown,2021-03-26,36,3570,17,2872,14,625,5,73,20,893,16,1336,25,2229,Not in California
Unknown,2021-03-27,36,3606,11,2883,25,650,0,73,17,891,19,1355,17,2246,Not in California
Unknown,2021-03-28,16,3622,8,2891,8,658,0,73,12,899,4,1359,12,2258,Not in California
Unknown,2021-03-29,50,3672,30,2921,20,678,0,73,37,923,13,1372,37,2295,Not in California
Unknown,2021-03-30,45,3717,30,2951,15,693,0,73,33,944,12,1384,33,2328,Not in California
Unknown,2021-03-31,47,3764,33,2984,14,707,0,73,37,971,10,1394,37,2365,Not in California
Unknown,2021-04-01,33,3797,20,3004,13,720,0,73,28,994,5,1399,28,2393,Not in California
Unknown,2021-04-02,66,3863,18,3022,37,757,11,84,31,1001,35,1434,42,2435,Not in California
Unknown,2021-04-03,26,3889,17,3039,9,766,0,84,16,1007,10,1444,16,2451,Not in California
Unknown,2021-04-04,18,3907,7,3046,11,777,0,84,12,1014,5,1449,12,2463,Not in California
Unknown,2021-04-05,203,4110,165,3211,13,790,25,109,163,1162,39,1488,187,2650,Not in California
Unknown,2021-04-06,401,4511,233,3444,132,922,36,145,342,1482,58,1546,378,3028,Not in California
Unknown,2021-04-07,434,4945,271,3715,116,1038,47,192,372,1840,61,1607,419,3447,Not in California
Unknown,2021-04-08,413,5358,253,3968,105,1143,55,247,341,2164,72,1679,396,3843,Not in California
Unknown,2021-04-09,348,5706,225,4193,86,1229,37,284,302,2457,46,1725,339,4182,Not in California
Unknown,2021-04-10,241,5947,178,4371,23,1252,40,324,180,2617,60,1785,220,4402,Not in California
Unknown,2021-04-11,300,6247,142,4513,110,1362,48,372,220,2806,79,1864,268,4670,Not in California
Unknown,2021-04-12,347,6594,207,4720,124,1486,16,388,296,3067,51,1915,312,4982,Not in California
Alameda,2020-12-15,36,36,36,36,0,0,0,0,36,36,0,0,36,36,California
Alameda,2020-12-16,201,237,201,237,0,0,0,0,201,237,0,0,201,237,California
Alameda,2020-12-17,396,633,396,633,0,0,0,0,396,633,0,0,396,633,California
Alameda,2020-12-18,1767,2400,1766,2399,1,1,0,0,1767,2400,0,0,1767,2400,California
Alameda,2020-12-19,1358,3758,1358,3757,0,1,0,0,1358,3758,0,0,1358,3758,California
Alameda,2020-12-20,1157,4915,1156,4913,1,2,0,0,1156,4913,1,1,1156,4914,California
Alameda,2020-12-21,1856,6771,1855,6768,1,3,0,0,1855,6768,0,1,1855,6769,California
Alameda,2020-12-22,2093,8864,2042,8810,51,54,0,0,2093,8861,0,1,2093,8862,California
Alameda,2020-12-23,1926,10790,1671,10481,255,309,0,0,1926,10787,0,1,1926,10788,California
Alameda,2020-12-24,1218,12008,759,11240,459,768,0,0,1218,12005,0,1,1218,12006,California
Alameda,2020-12-25,166,12174,129,11369,37,805,0,0,166,12171,0,1,166,12172,California
Alameda,2020-12-26,867,13041,323,11692,544,1349,0,0,867,13038,0,1,867,13039,California
Alameda,2020-12-27,500,13541,256,11948,244,1593,0,0,500,13538,0,1,500,13539,California
Alameda,2020-12-28,1875,15416,949,12897,926,2519,0,0,1875,15413,0,1,1875,15414,California
Alameda,2020-12-29,2420,17836,1019,13916,1401,3920,0,0,2419,17832,0,1,2419,17833,California
Alameda,2020-12-30,3124,20960,1361,15277,1763,5683,0,0,3126,20958,0,1,3126,20959,California
Alameda,2020-12-31,1784,22744,439,15716,1345,7028,0,0,1783,22740,1,2,1783,22742,California
Alameda,2021-01-01,168,22912,68,15784,100,7128,0,0,168,22908,0,2,168,22910,California
Alameda,2021-01-02,717,23629,520,16304,197,7325,0,0,716,23624,0,2,716,23626,California
Alameda,2021-01-03,340,23969,219,16523,121,7446,0,0,337,23958,3,5,337,23963,California
Alameda,2021-01-04,1650,25619,946,17469,704,8150,0,0,1638,25585,11,16,1638,25601,California
Alameda,2021-01-05,2199,27818,1264,18733,935,9085,0,0,1962,27313,234,250,1962,27563,California
Alameda,2021-01-06,3226,31044,1764,20497,1462,10547,0,0,2414,28920,809,1059,2416,29979,California
Alameda,2021-01-07,3742,34786,2099,22596,1643,12190,0,0,2654,30499,1079,2138,2658,32637,California
Alameda,2021-01-08,4722,39508,2695,25291,2027,14217,0,0,3102,31990,1615,3753,3106,35743,California
Alameda,2021-01-09,2032,41540,1390,26681,642,14859,0,0,1168,32294,864,4617,1168,36911,California
Alameda,2021-01-10,1057,42597,839,27520,218,15077,0,0,422,32080,636,5253,422,37333,California
Alameda,2021-01-11,4626,47223,3498,31018,1128,16205,0,0,2841,33142,1785,7038,2847,40180,California
Alameda,2021-01-12,4816,52039,3242,34260,1574,17779,0,0,3427,35183,1388,8426,3429,43609,California
Alameda,2021-01-13,5013,57052,2651,36911,2362,20141,0,0,3836,37847,1173,9599,3837,47446,California
Alameda,2021-01-14,5602,62654,2738,39649,2864,23005,0,0,4714,41684,879,10478,4716,52162,California
Alameda,2021-01-15,5818,68472,2308,41957,3510,26515,0,0,5056,45988,755,11233,5059,57221,California
Alameda,2021-01-16,3010,71482,1414,43371,1596,28111,0,0,2739,48457,271,11504,2740,59961,California
Alameda,2021-01-17,1864,73346,1079,44450,785,28896,0,0,1659,49913,204,11708,1660,61621,California
Alameda,2021-01-18,3188,76534,2048,46498,1140,30036,0,0,2600,51934,584,12292,2605,64226,California
Alameda,2021-01-19,5511,82045,3327,49825,2184,32220,0,0,4327,55081,1182,13474,4329,68555,California
Alameda,2021-01-20,6619,88664,4026,53851,2593,34813,0,0,5325,59128,1282,14756,5329,73884,California
Alameda,2021-01-21,7728,96392,3383,57234,4345,39158,0,0,6902,65213,820,15576,6905,80789,California
Alameda,2021-01-22,6898,103290,2029,59263,4869,44027,0,0,5760,69844,1131,16707,5762,86551,California
Alameda,2021-01-23,3277,106567,941,60204,2336,46363,0,0,2727,72022,551,17258,2729,89280,California
Alameda,2021-01-24,2050,108617,657,60861,1393,47756,0,0,1773,73522,273,17531,1773,91053,California
Alameda,2021-01-25,5215,113832,1989,62850,3226,50982,0,0,3632,75579,1575,19106,3632,94685,California
Alameda,2021-01-26,7231,121063,2270,65120,4961,55943,0,0,5374,79112,1850,20956,5383,100068,California
Alameda,2021-01-27,6664,127727,2078,67198,4586,60529,0,0,4824,82107,1829,22785,4824,104892,California
Alameda,2021-01-28,7815,135542,2498,69696,5317,65846,0,0,5613,85534,2187,24972,5614,110506,California
Alameda,2021-01-29,7892,143434,3176,72872,4716,70562,0,0,6071,89794,1812,26784,6072,116578,California
Alameda,2021-01-30,3405,146839,1663,74535,1742,72304,0,0,2706,91806,694,27478,2706,119284,California
Alameda,2021-01-31,1902,148741,963,75498,939,73243,0,0,1661,93228,239,27717,1661,120945,California
Alameda,2021-02-01,5943,154684,3348,78846,2595,75838,0,0,4310,95912,1627,29344,4311,125256,California
Alameda,2021-02-02,7442,162126,4237,83083,3205,79043,0,0,4657,97796,2774,32118,4658,129914,California
Alameda,2021-02-03,7071,169197,3726,86809,3345,82388,0,0,4404,99545,2661,34779,4410,134324,California
Alameda,2021-02-04,9476,178673,4130,90939,5346,87734,0,0,6436,102963,3023,37802,6441,140765,California
Alameda,2021-02-05,10310,188983,5384,96323,4926,92660,0,0,6450,105566,3854,41656,6457,147222,California
Alameda,2021-02-06,6994,195977,4436,100759,2558,95218,0,0,5874,110321,1120,42776,5875,153097,California
Alameda,2021-02-07,3583,199560,2896,103655,687,95905,0,0,2647,112037,933,43709,2649,155746,California
Alameda,2021-02-08,8077,207637,5777,109432,2300,98205,0,0,5539,115050,2528,46237,5541,161287,California
Alameda,2021-02-09,9694,217331,5853,115285,3841,102046,0,0,6048,117461,3639,49876,6050,167337,California
Alameda,2021-02-10,11437,228768,6766,122051,4671,106717,0,0,6631,119311,4789,54665,6639,173976,California
Alameda,2021-02-11,13829,242597,7903,129954,5926,112643,0,0,8371,122241,5445,60110,8375,182351,California
Alameda,2021-02-12,12493,255090,5683,135637,6810,119453,0,0,7743,125251,4735,64845,7745,190096,California
Alameda,2021-02-13,7792,262882,4060,139697,3732,123185,0,0,5834,129133,1954,66799,5836,195932,California
Alameda,2021-02-14,4018,266900,2535,142232,1483,124668,0,0,2861,130842,1154,67953,2863,198795,California
Alameda,2021-02-15,5700,272600,3219,145451,2481,127149,0,0,3694,132539,2004,69957,3701,202496,California
Alameda,2021-02-16,12502,285102,6942,152393,5560,132709,0,0,9309,138669,3184,73141,9314,211810,California
Alameda,2021-02-17,14085,299187,8342,160735,5743,138452,0,0,10476,145556,3591,76732,10478,222288,California
Alameda,2021-02-18,15827,315014,10050,170785,5777,144229,0,0,11509,152752,4315,81047,11511,233799,California
Alameda,2021-02-19,17608,332622,11424,182209,6184,150413,0,0,11679,158525,5907,86954,11680,245479,California
Alameda,2021-02-20,11839,344461,9597,191806,2242,152655,0,0,9139,164972,2697,89651,9144,254623,California
Alameda,2021-02-21,6164,350625,5237,197043,927,153582,0,0,3711,166241,2444,92095,3713,258336,California
Alameda,2021-02-22,10671,361296,7901,204944,2770,156352,0,0,6721,169035,3937,96032,6731,265067,California
Alameda,2021-02-23,12681,373977,7703,212647,4978,161330,0,0,7893,172155,4779,100811,7899,272966,California
Alameda,2021-02-24,14633,388610,8194,220841,6439,167769,0,0,9490,176564,5086,105897,9495,282461,California
Alameda,2021-02-25,15583,404193,9121,229962,6462,174231,0,0,9935,180890,5616,111513,9942,292403,California
Alameda,2021-02-26,18053,422246,10613,240575,7440,181671,0,0,11692,186268,6320,117833,11698,304101,California
Alameda,2021-02-27,14675,436921,10795,251370,3878,185549,2,2,9088,189794,5565,123398,9091,313192,California
Alameda,2021-02-28,9130,446051,7692,259062,1438,186987,0,2,6063,192810,3048,126446,6064,319256,California
Alameda,2021-03-01,13190,459241,9168,268230,4021,191008,1,3,8189,196044,4961,131407,8195,327451,California
Alameda,2021-03-02,13695,472936,9530,277760,4165,195173,0,3,8805,199985,4871,136278,8812,336263,California
Alameda,2021-03-03,15090,488026,9796,287556,5293,200466,1,4,10268,205460,4796,141074,10271,346534,California
Alameda,2021-03-04,17205,505231,11009,298565,6195,206661,1,5,10833,209956,6338,147412,10834,357368,California
Alameda,2021-03-05,15783,521014,10204,308769,5572,212233,7,12,10591,215405,5154,152566,10603,367971,California
Alameda,2021-03-06,14181,535195,9930,318699,3992,216225,259,271,9316,220160,4821,157387,9576,377547,California
Alameda,2021-03-07,9250,544445,8052,326751,1118,217343,80,351,6535,224087,2690,160077,6617,384164,California
Alameda,2021-03-08,11558,556003,7133,333884,4065,221408,360,711,8619,230180,2885,162962,8978,393142,California
Alameda,2021-03-09,11249,567252,6947,340831,3875,225283,427,1138,6227,231846,4991,167953,6657,399799,California
Alameda,2021-03-10,16568,583820,11275,352106,4746,230029,547,1685,7500,230845,9046,176999,8045,407844,California
Alameda,2021-03-11,19668,603488,11504,363610,6480,236509,1684,3369,6722,226329,12922,189921,8406,416250,California
Alameda,2021-03-12,20909,624397,12188,375798,7101,243610,1620,4989,7398,221848,13492,203413,9011,425261,California
Alameda,2021-03-13,15692,640089,10056,385854,4671,248281,965,5954,5049,217250,10608,214021,6010,431271,California
Alameda,2021-03-14,10657,650746,7797,393651,2077,250358,783,6737,4663,216713,5978,219999,5441,436712,California
Alameda,2021-03-15,14250,664996,9309,402960,4426,254784,515,7252,6332,215667,7890,227889,6844,443556,California
Alameda,2021-03-16,17036,682032,11063,414023,5453,260237,520,7772,7488,214174,9502,237391,8009,451565,California
Alameda,2021-03-17,17259,699291,9725,423748,6844,267081,690,8462,8092,213818,9139,246530,8783,460348,California
Alameda,2021-03-18,18937,718228,10292,434040,7770,274851,875,9337,8686,213156,10225,256755,9563,469911,California
Alameda,2021-03-19,18968,737196,10275,444315,6904,281755,1789,11126,7579,211172,11346,268101,9362,479273,California
Alameda,2021-03-20,15526,752722,10148,454463,4561,286316,817,11943,6484,209456,9016,277117,7300,486573,California
Alameda,2021-03-21,8997,761719,7063,461526,1405,287721,529,12472,3738,208474,5250,282367,4268,490841,California
Alameda,2021-03-22,14799,776518,9968,471494,3855,291576,976,13448,7146,208960,7636,290003,8122,498963,California
Alameda,2021-03-23,18977,795495,11416,482910,6767,298343,794,14242,10668,212156,8271,298274,11467,510430,California
Alameda,2021-03-24,18830,814325,11317,494227,6527,304870,986,15228,8547,211455,10227,308501,9526,519956,California
Alameda,2021-03-25,20200,834525,11129,505356,7696,312566,1375,16603,9499,211679,10640,319141,10864,530820,California
Alameda,2021-03-26,20557,855082,12303,517659,6727,319293,1527,18130,8808,210300,11706,330847,10327,541147,California
Alameda,2021-03-27,18090,873172,12276,529935,4856,324149,958,19088,7797,208790,10249,341096,8739,549886,California
Alameda,2021-03-28,10405,883577,8433,538368,1771,325920,201,19289,3832,206265,6564,347660,4039,553925,California
Alameda,2021-03-29,14536,898113,9253,547621,4292,330212,991,20280,6264,205274,8244,355904,7253,561178,California
Alameda,2021-03-30,18307,916420,9627,557248,7035,337247,1645,21925,10803,210240,7480,363384,12446,573624,California
Alameda,2021-03-31,19104,935524,10029,567277,7023,344270,2052,23977,9569,212349,9509,372893,11618,585242,California
Alameda,2021-04-01,22848,958372,9900,577177,7498,351768,5450,29427,10953,216881,11871,384764,16403,601645,California
Alameda,2021-04-02,23416,981788,9768,586945,8205,359973,5443,34870,11508,221942,11882,396646,16943,618588,California
Alameda,2021-04-03,20017,1001805,9707,596652,5643,365616,4667,39537,10278,227167,9722,406368,14947,633535,California
Alameda,2021-04-04,9645,1011450,3891,600543,2274,367890,3480,43017,3470,227946,6167,412535,6946,640481,California
Alameda,2021-04-05,17590,1029040,7364,607907,5500,373390,4726,47743,7151,229400,10423,422958,11877,652358,California
Alameda,2021-04-06,21999,1051039,10539,618446,5673,379063,5787,53530,10052,233323,11914,434872,15837,668195,California
Alameda,2021-04-07,22315,1073354,11369,629815,5452,384515,5494,59024,11334,239195,10953,445825,16825,685020,California
Alameda,2021-04-08,24909,1098263,11308,641123,5808,390323,7793,66817,10714,243571,14131,459956,18507,703527,California
Alameda,2021-04-09,20789,1119052,9422,650545,7027,397350,4340,71157,11091,249330,9675,469631,15434,718961,California
Alameda,2021-04-10,16519,1135571,5866,656411,4975,402325,5678,76835,6514,251529,9990,479621,12189,731150,California
Alameda,2021-04-11,9891,1145462,3881,660292,2228,404553,3782,80617,3891,253213,5986,485607,7670,738820,California
Alameda,2021-04-12,12202,1157664,6464,666756,4063,408616,1675,82292,5753,254222,6418,492025,7427,746247,California
Alameda,2021-04-13,11918,1169582,5878,672634,6028,414644,12,82304,8389,259122,3507,495532,8407,754654,California
Alpine,2020-12-18,2,2,2,2,0,0,0,0,2,2,0,0,2,2,California
Alpine,2020-12-19,2,4,2,4,0,0,0,0,2,4,0,0,2,4,California
Alpine,2020-12-21,2,6,2,6,0,0,0,0,2,6,0,0,2,6,California
Alpine,2020-12-30,15,21,0,6,15,15,0,0,15,21,0,0,15,21,California
Alpine,2020-12-31,1,22,0,6,1,16,0,0,1,22,0,0,1,22,California
Alpine,2021-01-01,1,23,0,6,1,17,0,0,1,23,0,0,1,23,California
Alpine,2021-01-02,1,24,1,7,0,17,0,0,1,24,0,0,1,24,California
Alpine,2021-01-04,10,34,0,7,10,27,0,0,10,34,0,0,10,34,California
Alpine,2021-01-05,9,43,1,8,8,35,0,0,9,43,0,0,9,43,California
Alpine,2021-01-06,31,74,0,8,31,66,0,0,31,74,0,0,31,74,California
Alpine,2021-01-07,8,82,0,8,8,74,0,0,8,82,0,0,8,82,California
Alpine,2021-01-08,4,86,2,10,2,76,0,0,2,82,2,2,2,84,California
Alpine,2021-01-09,2,88,2,12,0,76,0,0,0,80,2,4,0,84,California
Alpine,2021-01-11,32,120,1,13,31,107,0,0,31,110,1,5,31,115,California
Alpine,2021-01-13,35,155,0,13,35,142,0,0,35,145,0,5,35,150,California
Alpine,2021-01-14,2,157,0,13,2,144,0,0,2,147,0,5,2,152,California
Alpine,2021-01-15,1,158,0,13,1,145,0,0,1,148,0,5,1,153,California
Alpine,2021-01-20,21,179,0,13,21,166,0,0,21,169,0,5,21,174,California
Alpine,2021-01-21,1,180,0,13,1,167,0,0,1,170,0,5,1,175,California
Alpine,2021-01-22,32,212,0,13,32,199,0,0,32,202,0,5,32,207,California
Alpine,2021-01-23,1,213,1,14,0,199,0,0,0,201,1,6,0,207,California
Alpine,2021-01-25,16,229,0,14,16,215,0,0,16,217,0,6,16,223,California
Alpine,2021-01-27,1,230,1,15,0,215,0,0,0,216,1,7,0,223,California
Alpine,2021-01-28,12,242,0,15,12,227,0,0,11,226,1,8,11,234,California
Alpine,2021-01-29,1,243,0,15,1,228,0,0,1,227,0,8,1,235,California
Alpine,2021-02-01,26,269,0,15,26,254,0,0,7,215,19,27,7,242,California
Alpine,2021-02-03,34,303,0,15,34,288,0,0,10,201,24,51,10,252,California
Alpine,2021-02-04,9,312,0,15,9,297,0,0,4,200,5,56,4,256,California
Alpine,2021-02-05,31,343,0,15,31,328,0,0,12,193,19,75,12,268,California
Alpine,2021-02-06,1,344,1,16,0,328,0,0,1,194,0,75,1,269,California
Alpine,2021-02-07,1,345,1,17,0,328,0,0,1,195,0,75,1,270,California
Alpine,2021-02-08,32,377,0,17,32,360,0,0,4,171,28,103,4,274,California
Alpine,2021-02-10,34,411,0,17,34,394,0,0,0,137,34,137,0,274,California
Alpine,2021-02-11,6,417,0,17,6,400,0,0,3,137,3,140,3,277,California
Alpine,2021-02-12,1,418,0,17,1,401,0,0,0,136,1,141,0,277,California
Alpine,2021-02-17,23,441,0,17,23,424,0,0,3,119,20,161,3,280,California
Alpine,2021-02-18,2,443,0,17,2,426,0,0,1,119,1,162,1,281,California
Alpine,2021-02-19,34,477,1,18,33,459,0,0,2,89,32,194,2,283,California
Alpine,2021-02-22,28,505,0,18,28,487,0,0,9,79,19,213,9,292,California
Alpine,2021-02-24,1,506,1,19,0,487,0,0,1,80,0,213,1,293,California
Alpine,2021-02-25,17,523,1,20,16,503,0,0,6,75,11,224,6,299,California
Alpine,2021-02-26,29,552,1,21,28,531,0,0,28,102,1,225,28,327,California
Alpine,2021-03-01,35,587,0,21,35,566,0,0,25,117,10,235,25,352,California
Alpine,2021-03-02,1,588,1,22,0,566,0,0,0,116,1,236,0,352,California
Alpine,2021-03-03,30,618,1,23,29,595,0,0,18,122,12,248,18,370,California
Alpine,2021-03-04,13,631,1,24,12,607,0,0,12,133,1,249,12,382,California
Alpine,2021-03-05,30,661,0,24,30,637,0,0,22,147,8,257,22,404,California
Alpine,2021-03-08,32,693,0,24,32,669,0,0,30,175,2,259,30,434,California
Alpine,2021-03-10,76,769,0,24,76,745,0,0,76,251,0,259,76,510,California
Alpine,2021-03-11,36,805,0,24,36,781,0,0,32,279,4,263,32,542,California
Alpine,2021-03-12,21,826,0,24,21,802,0,0,19,296,2,265,19,561,California
Alpine,2021-03-15,21,847,1,25,20,822,0,0,20,315,1,266,20,581,California
Alpine,2021-03-17,22,869,0,25,21,843,1,1,18,330,4,270,19,600,California
Alpine,2021-03-18,40,909,3,28,37,880,0,1,37,364,3,273,37,637,California
Alpine,2021-03-19,2,911,1,29,1,881,0,1,1,364,1,274,1,638,California
Alpine,2021-03-22,25,936,0,29,25,906,0,1,15,369,10,284,15,653,California
Alpine,2021-03-24,19,955,0,29,19,925,0,1,9,368,10,294,9,662,California
Alpine,2021-03-25,38,993,1,30,36,961,1,2,31,393,7,301,32,694,California
Alpine,2021-03-28,1,994,1,31,0,961,0,2,1,394,0,301,1,695,California
Alpine,2021-03-29,20,1014,0,31,19,980,1,3,3,381,17,318,4,699,California
Alpine,2021-04-01,18,1032,0,31,18,998,0,3,8,379,10,328,8,707,California
Alpine,2021-04-02,101,1133,1,32,100,1098,0,3,47,373,53,381,47,754,California
Alpine,2021-04-05,4,1137,1,33,3,1101,0,3,0,369,4,385,0,754,California
Alpine,2021-04-06,3,1140,2,35,1,1102,0,3,2,370,1,386,2,756,California
Alpine,2021-04-07,120,1260,0,35,119,1221,1,4,29,310,90,476,30,786,California
Alpine,2021-04-08,42,1302,0,35,42,1263,0,4,15,298,27,503,15,801,California
Alpine,2021-04-09,1,1303,0,35,1,1264,0,4,0,297,1,504,0,801,California
Amador,2020-12-16,2,2,2,2,0,0,0,0,2,2,0,0,2,2,California
Amador,2020-12-17,5,7,5,7,0,0,0,0,5,7,0,0,5,7,California
Amador,2020-12-18,44,51,44,51,0,0,0,0,44,51,0,0,44,51,California
Amador,2020-12-19,17,68,17,68,0,0,0,0,17,68,0,0,17,68,California
Amador,2020-12-20,4,72,4,72,0,0,0,0,4,72,0,0,4,72,California
Amador,2020-12-21,33,105,33,105,0,0,0,0,33,105,0,0,33,105,California
Amador,2020-12-22,35,140,34,139,1,1,0,0,35,140,0,0,35,140,California
Amador,2020-12-23,39,179,38,177,1,2,0,0,39,179,0,0,39,179,California
Amador,2020-12-24,5,184,3,180,2,4,0,0,5,184,0,0,5,184,California
Amador,2020-12-26,6,190,5,185,1,5,0,0,6,190,0,0,6,190,California
Amador,2020-12-27,1,191,0,185,1,6,0,0,1,191,0,0,1,191,California
Amador,2020-12-28,31,222,27,212,4,10,0,0,31,222,0,0,31,222,California
Amador,2020-12-29,26,248,19,231,7,17,0,0,26,248,0,0,26,248,California
Amador,2020-12-30,123,371,77,308,46,63,0,0,123,371,0,0,123,371,California
Amador,2020-12-31,193,564,168,476,25,88,0,0,193,564,0,0,193,564,California
Amador,2021-01-01,1,565,0,476,1,89,0,0,1,565,0,0,1,565,California
Amador,2021-01-02,56,621,56,532,0,89,0,0,56,621,0,0,56,621,California
Amador,2021-01-03,65,686,17,549,48,137,0,0,65,686,0,0,65,686,California
Amador,2021-01-04,125,811,1,550,124,261,0,0,124,809,1,1,124,810,California
Amador,2021-01-05,33,844,3,553,30,291,0,0,31,839,2,3,32,842,California
Amador,2021-01-06,40,884,10,563,30,321,0,0,36,871,4,7,36,878,California
Amador,2021-01-07,227,1111,68,631,159,480,0,0,215,1074,12,19,215,1093,California
Amador,2021-01-08,84,1195,70,701,14,494,0,0,40,1071,44,63,41,1134,California
Amador,2021-01-09,11,1206,11,712,0,494,0,0,2,1064,9,72,2,1136,California
Amador,2021-01-10,7,1213,5,717,2,496,0,0,3,1063,4,76,3,1139,California
Amador,2021-01-11,124,1337,44,761,80,576,0,0,89,1117,35,111,89,1228,California
Amador,2021-01-12,62,1399,48,809,14,590,0,0,39,1133,23,134,39,1267,California
Amador,2021-01-13,39,1438,24,833,15,605,0,0,26,1146,13,147,26,1293,California
Amador,2021-01-14,146,1584,20,853,126,731,0,0,136,1272,10,157,136,1429,California
Amador,2021-01-15,54,1638,23,876,31,762,0,0,47,1312,7,164,47,1476,California
Amador,2021-01-16,19,1657,12,888,7,769,0,0,13,1320,6,170,14,1490,California
Amador,2021-01-17,25,1682,5,893,20,789,0,0,25,1345,0,170,25,1515,California
Amador,2021-01-18,31,1713,27,920,4,793,0,0,9,1332,22,192,9,1524,California
Amador,2021-01-19,120,1833,97,1017,23,816,0,0,76,1364,44,236,76,1600,California
Amador,2021-01-20,182,2015,33,1050,149,965,0,0,166,1515,15,251,166,1766,California
Amador,2021-01-21,253,2268,222,1272,31,996,0,0,144,1550,109,360,144,1910,California
Amador,2021-01-22,132,2400,71,1343,61,1057,0,0,126,1670,6,366,126,2036,California
Amador,2021-01-23,52,2452,32,1375,20,1077,0,0,50,1718,2,368,50,2086,California
Amador,2021-01-24,28,2480,12,1387,16,1093,0,0,25,1740,3,371,25,2111,California
Amador,2021-01-25,58,2538,28,1415,30,1123,0,0,41,1764,17,388,41,2152,California
Amador,2021-01-26,243,2781,16,1431,227,1350,0,0,233,1987,10,398,233,2385,California
Amador,2021-01-27,295,3076,29,1460,266,1616,0,0,248,2191,45,443,249,2634,California
Amador,2021-01-28,345,3421,76,1536,269,1885,0,0,284,2415,61,504,285,2919,California
Amador,2021-01-29,95,3516,30,1566,65,1950,0,0,80,2480,15,519,80,2999,California
Amador,2021-01-30,166,3682,32,1598,134,2084,0,0,161,2636,5,524,161,3160,California
Amador,2021-01-31,32,3714,28,1626,4,2088,0,0,31,2666,1,525,31,3191,California
Amador,2021-02-01,63,3777,23,1649,40,2128,0,0,36,2675,27,552,36,3227,California
Amador,2021-02-02,215,3992,65,1714,150,2278,0,0,127,2718,84,636,127,3354,California
Amador,2021-02-03,141,4133,38,1752,103,2381,0,0,90,2758,50,686,90,3444,California
Amador,2021-02-04,247,4380,71,1823,176,2557,0,0,162,2837,85,771,164,3608,California
Amador,2021-02-05,328,4708,61,1884,267,2824,0,0,313,3135,15,786,313,3921,California
Amador,2021-02-06,98,4806,79,1963,19,2843,0,0,94,3225,4,790,94,4015,California
Amador,2021-02-07,38,4844,35,1998,3,2846,0,0,35,3257,3,793,35,4050,California
Amador,2021-02-08,91,4935,63,2061,28,2874,0,0,73,3312,18,811,73,4123,California
Amador,2021-02-09,171,5106,82,2143,89,2963,0,0,108,3357,63,874,108,4231,California
Amador,2021-02-10,713,5819,78,2221,635,3598,0,0,680,4004,33,907,680,4911,California
Amador,2021-02-11,304,6123,118,2339,186,3784,0,0,199,4099,104,1011,199,5110,California
Amador,2021-02-12,321,6444,117,2456,204,3988,0,0,250,4278,71,1082,250,5360,California
Amador,2021-02-13,164,6608,81,2537,83,4071,0,0,138,4390,26,1108,138,5498,California
Amador,2021-02-14,123,6731,54,2591,69,4140,0,0,106,4479,17,1125,106,5604,California
Amador,2021-02-15,186,6917,59,2650,127,4267,0,0,169,4632,16,1141,169,5773,California
Amador,2021-02-16,408,7325,51,2701,357,4624,0,0,371,4967,37,1178,372,6145,California
Amador,2021-02-17,258,7583,80,2781,178,4802,0,0,163,5035,95,1273,163,6308,California
Amador,2021-02-18,398,7981,98,2879,300,5102,0,0,336,5310,62,1335,337,6645,California
Amador,2021-02-19,191,8172,76,2955,115,5217,0,0,110,5339,81,1416,110,6755,California
Amador,2021-02-20,91,8263,29,2984,62,5279,0,0,64,5376,27,1443,64,6819,California
Amador,2021-02-21,45,8308,34,3018,11,5290,0,0,15,5361,30,1473,15,6834,California
Amador,2021-02-22,63,8371,24,3042,39,5329,0,0,32,5363,30,1503,32,6866,California
Amador,2021-02-23,317,8688,55,3097,262,5591,0,0,138,5323,179,1682,139,7005,California
Amador,2021-02-24,396,9084,55,3152,341,5932,0,0,268,5467,124,1806,268,7273,California
Amador,2021-02-25,517,9601,110,3262,407,6339,0,0,280,5511,236,2042,280,7553,California
Amador,2021-02-26,608,10209,75,3337,533,6872,0,0,503,5910,105,2147,504,8057,California
Amador,2021-02-27,288,10497,90,3427,198,7070,0,0,102,5829,185,2332,104,8161,California
Amador,2021-02-28,101,10598,52,3479,49,7119,0,0,55,5842,46,2378,59,8220,California
Amador,2021-03-01,193,10791,66,3545,127,7246,0,0,124,5898,69,2447,125,8345,California
Amador,2021-03-02,385,11176,61,3606,324,7570,0,0,335,6184,50,2497,336,8681,California
Amador,2021-03-03,243,11419,78,3684,165,7735,0,0,168,6279,74,2571,169,8850,California
Amador,2021-03-04,498,11917,116,3800,382,8117,0,0,396,6573,102,2673,396,9246,California
Amador,2021-03-05,514,12431,75,3875,439,8556,0,0,298,6658,215,2888,300,9546,California
Amador,2021-03-06,100,12531,45,3920,54,8610,1,1,55,6669,45,2933,56,9602,California
Amador,2021-03-07,62,12593,42,3962,20,8630,0,1,19,6645,43,2976,19,9621,California
Amador,2021-03-08,154,12747,70,4032,83,8713,1,2,93,6678,61,3037,94,9715,California
Amador,2021-03-09,371,13118,47,4079,324,9037,0,2,312,6934,56,3093,312,10027,California
Amador,2021-03-10,511,13629,74,4153,436,9473,1,3,248,6922,263,3356,251,10278,California
Amador,2021-03-11,473,14102,113,4266,349,9822,11,14,330,7123,143,3499,344,10622,California
Amador,2021-03-12,563,14665,64,4330,491,10313,8,22,350,7274,212,3711,363,10985,California
Amador,2021-03-13,103,14768,17,4347,79,10392,7,29,68,7318,35,3746,79,11064,California
Amador,2021-03-14,88,14856,18,4365,67,10459,3,32,20,7273,68,3814,23,11087,California
Amador,2021-03-15,184,15040,23,4388,148,10607,13,45,54,7212,130,3944,69,11156,California
Amador,2021-03-16,456,15496,55,4443,391,10998,10,55,193,7154,261,4205,203,11359,California
Amador,2021-03-17,192,15688,40,4483,149,11147,3,58,120,7206,72,4277,124,11483,California
Amador,2021-03-18,474,16162,97,4580,373,11520,4,62,255,7249,218,4495,261,11744,California
Amador,2021-03-19,545,16707,57,4637,471,11991,17,79,397,7520,146,4641,417,12161,California
Amador,2021-03-20,110,16817,47,4684,62,12053,1,80,46,7506,63,4704,49,12210,California
Amador,2021-03-21,48,16865,34,4718,13,12066,1,81,31,7524,16,4720,34,12244,California
Amador,2021-03-22,114,16979,34,4752,51,12117,29,110,49,7537,65,4785,78,12322,California
Amador,2021-03-23,440,17419,47,4799,385,12502,8,118,283,7673,155,4940,291,12613,California
Amador,2021-03-24,348,17767,37,4836,58,12560,253,371,40,7659,307,5247,293,12906,California
Amador,2021-03-25,600,18367,79,4915,515,13075,6,377,391,7848,208,5455,397,13303,California
Amador,2021-03-26,741,19108,40,4955,696,13771,5,382,291,7698,449,5904,299,13602,California
Amador,2021-03-27,90,19198,14,4969,74,13845,2,384,27,7666,63,5967,31,13633,California
Amador,2021-03-28,68,19266,15,4984,51,13896,2,386,14,7629,54,6021,17,13650,California
Amador,2021-03-29,185,19451,27,5011,157,14053,1,387,82,7615,101,6122,87,13737,California
Amador,2021-03-30,537,19988,26,5037,510,14563,1,388,300,7680,236,6358,301,14038,California
Amador,2021-03-31,211,20199,59,5096,147,14710,5,393,48,7570,163,6521,53,14091,California
Amador,2021-04-01,614,20813,85,5181,529,15239,0,393,268,7496,344,6865,270,14361,California
Amador,2021-04-02,608,21421,32,5213,564,15803,12,405,384,7671,222,7087,397,14758,California
Amador,2021-04-03,82,21503,19,5232,43,15846,20,425,20,7650,62,7149,41,14799,California
Amador,2021-04-04,38,21541,2,5234,30,15876,6,431,15,7648,23,7172,21,14820,California
Amador,2021-04-05,141,21682,44,5278,80,15956,17,448,45,7615,96,7268,63,14883,California
Amador,2021-04-06,505,22187,37,5315,449,16405,19,467,224,7579,279,7547,243,15126,California
Amador,2021-04-07,105,22292,33,5348,53,16458,19,486,45,7584,59,7606,64,15190,California
Amador,2021-04-08,458,22750,41,5389,396,16854,21,507,197,7542,261,7867,219,15409,California
Amador,2021-04-09,478,23228,19,5408,443,17297,16,523,215,7509,262,8129,229,15638,California
Amador,2021-04-10,50,23278,15,5423,24,17321,11,534,23,7516,27,8156,34,15672,California
Amador,2021-04-11,47,23325,22,5445,21,17342,4,538,23,7519,24,8180,27,15699,California
Amador,2021-04-12,92,23417,24,5469,61,17403,7,545,41,7516,51,8231,48,15747,California
Amador,2021-04-13,54,23471,30,5499,24,17427,0,545,18,7498,36,8267,18,15765,California
Butte,2020-12-16,3,3,3,3,0,0,0,0,3,3,0,0,3,3,California
Butte,2020-12-17,21,24,21,24,0,0,0,0,21,24,0,0,21,24,California
Butte,2020-12-18,50,74,50,74,0,0,0,0,50,74,0,0,50,74,California
Butte,2020-12-19,7,81,7,81,0,0,0,0,7,81,0,0,7,81,California
Butte,2020-12-20,10,91,10,91,0,0,0,0,10,91,0,0,10,91,California
Butte,2020-12-21,634,725,634,725,0,0,0,0,634,725,0,0,634,725,California
Butte,2020-12-22,618,1343,616,1341,2,2,0,0,618,1343,0,0,618,1343,California
Butte,2020-12-23,870,2213,854,2195,16,18,0,0,870,2213,0,0,870,2213,California
Butte,2020-12-24,160,2373,157,2352,3,21,0,0,160,2373,0,0,160,2373,California
Butte,2020-12-26,93,2466,91,2443,2,23,0,0,93,2466,0,0,93,2466,California
Butte,2020-12-27,35,2501,34,2477,1,24,0,0,35,2501,0,0,35,2501,California
Butte,2020-12-28,279,2780,273,2750,6,30,0,0,279,2780,0,0,279,2780,California
Butte,2020-12-29,206,2986,182,2932,24,54,0,0,206,2986,0,0,206,2986,California
Butte,2020-12-30,501,3487,290,3222,211,265,0,0,501,3487,0,0,501,3487,California
Butte,2020-12-31,212,3699,18,3240,194,459,0,0,212,3699,0,0,212,3699,California
Butte,2021-01-01,8,3707,1,3241,7,466,0,0,8,3707,0,0,8,3707,California
Butte,2021-01-02,37,3744,36,3277,1,467,0,0,37,3744,0,0,37,3744,California
Butte,2021-01-03,4,3748,1,3278,3,470,0,0,4,3748,0,0,4,3748,California
Butte,2021-01-04,208,3956,174,3452,34,504,0,0,208,3956,0,0,208,3956,California
Butte,2021-01-05,194,4150,150,3602,44,548,0,0,193,4148,1,1,193,4149,California
Butte,2021-01-06,623,4773,396,3998,227,775,0,0,618,4762,5,6,619,4768,California
Butte,2021-01-07,759,5532,369,4367,390,1165,0,0,739,5481,20,26,739,5507,California
Butte,2021-01-08,570,6102,529,4896,41,1206,0,0,524,5959,46,72,524,6031,California
Butte,2021-01-09,12,6114,7,4903,5,1211,0,0,7,5961,5,77,7,6038,California
Butte,2021-01-10,19,6133,5,4908,14,1225,0,0,14,5970,5,82,14,6052,California
Butte,2021-01-11,987,7120,951,5859,36,1261,0,0,358,5702,629,711,361,6413,California
Butte,2021-01-12,696,7816,651,6510,45,1306,0,0,273,5552,423,1134,273,6686,California
Butte,2021-01-13,1451,9267,956,7466,495,1801,0,0,616,5335,835,1969,618,7304,California
Butte,2021-01-14,1637,10904,896,8362,741,2542,0,0,1440,6579,196,2165,1440,8744,California
Butte,2021-01-15,1170,12074,926,9288,244,2786,0,0,1060,7528,111,2276,1060,9804,California
Butte,2021-01-16,585,12659,300,9588,285,3071,0,0,540,8023,45,2321,540,10344,California
Butte,2021-01-17,239,12898,64,9652,175,3246,0,0,202,8188,37,2358,202,10546,California
Butte,2021-01-18,343,13241,303,9955,40,3286,0,0,274,8394,68,2426,274,10820,California
Butte,2021-01-19,491,13732,428,10383,63,3349,0,0,217,8337,274,2700,217,11037,California
Butte,2021-01-20,1346,15078,664,11047,682,4031,0,0,1045,9081,301,3001,1045,12082,California
Butte,2021-01-21,1473,16551,865,11912,608,4639,0,0,1367,10343,105,3106,1367,13449,California
Butte,2021-01-22,991,17542,333,12245,658,5297,0,0,938,11228,53,3159,938,14387,California
Butte,2021-01-23,125,17667,82,12327,43,5340,0,0,100,11303,25,3184,100,14487,California
Butte,2021-01-24,8,17675,6,12333,2,5342,0,0,8,11311,0,3184,8,14495,California
Butte,2021-01-25,653,18328,336,12669,317,5659,0,0,490,11638,163,3347,490,14985,California
Butte,2021-01-26,1464,19792,376,13045,1088,6747,0,0,1328,12830,136,3483,1328,16313,California
Butte,2021-01-27,2079,21871,705,13750,1374,8121,0,0,1363,13478,715,4198,1363,17676,California
Butte,2021-01-28,2259,24130,258,14008,2001,10122,0,0,1949,15118,309,4507,1949,19625,California
Butte,2021-01-29,1673,25803,487,14495,1186,11308,0,0,1294,16034,378,4885,1294,20919,California
Butte,2021-01-30,31,25834,9,14504,22,11330,0,0,28,16059,3,4888,28,20947,California
Butte,2021-01-31,17,25851,15,14519,2,11332,0,0,16,16074,1,4889,16,20963,California
Butte,2021-02-01,1746,27597,406,14925,1340,12672,0,0,1359,17048,385,5274,1359,22322,California
Butte,2021-02-02,1931,29528,362,15287,1569,14241,0,0,1627,18370,305,5579,1627,23949,California
Butte,2021-02-03,2733,32261,772,16059,1961,16202,0,0,1844,19327,887,6466,1844,25793,California
Butte,2021-02-04,2956,35217,325,16384,2631,18833,0,0,2401,21175,553,7019,2401,28194,California
Butte,2021-02-05,1165,36382,662,17046,503,19336,0,0,536,21083,629,7648,537,28731,California
Butte,2021-02-06,144,36526,102,17148,42,19378,0,0,62,21063,82,7730,62,28793,California
Butte,2021-02-07,38,36564,34,17182,4,19382,0,0,14,21053,24,7754,14,28807,California
Butte,2021-02-08,688,37252,539,17721,149,19531,0,0,237,20839,451,8205,237,29044,California
Butte,2021-02-09,948,38200,455,18176,493,20024,0,0,722,21335,226,8431,722,29766,California
Butte,2021-02-10,1706,39906,1189,19365,517,20541,0,0,697,21024,1008,9439,697,30463,California
Butte,2021-02-11,2197,42103,1347,20712,850,21391,0,0,1003,20833,1194,10633,1003,31466,California
Butte,2021-02-12,864,42967,299,21011,565,21956,0,0,317,20604,546,11179,317,31783,California
Butte,2021-02-13,250,43217,45,21056,205,22161,0,0,148,20650,102,11281,148,31931,California
Butte,2021-02-14,160,43377,9,21065,151,22312,0,0,155,20800,5,11286,155,32086,California
Butte,2021-02-15,260,43637,47,21112,213,22525,0,0,198,20936,62,11348,198,32284,California
Butte,2021-02-16,731,44368,428,21540,303,22828,0,0,274,20753,457,11805,274,32558,California
Butte,2021-02-17,1513,45881,846,22386,667,23495,0,0,840,20922,671,12476,840,33398,California
Butte,2021-02-18,1550,47431,759,23145,791,24286,0,0,745,20862,805,13281,745,34143,California
Butte,2021-02-19,1164,48595,387,23532,777,25063,0,0,400,20503,759,14040,400,34543,California
Butte,2021-02-20,473,49068,28,23560,445,25508,0,0,120,20271,352,14392,120,34663,California
Butte,2021-02-21,15,49083,13,23573,2,25510,0,0,11,20278,4,14396,11,34674,California
Butte,2021-02-22,1493,50576,296,23869,1197,26707,0,0,385,19556,1107,15503,385,35059,California
Butte,2021-02-23,1632,52208,298,24167,1334,28041,0,0,462,18853,1165,16668,462,35521,California
Butte,2021-02-24,2129,54337,596,24763,1533,29574,0,0,728,18188,1393,18061,728,36249,California
Butte,2021-02-25,2074,56411,577,25340,1497,31071,0,0,656,17430,1415,19476,657,36906,California
Butte,2021-02-26,921,57332,311,25651,610,31681,0,0,399,17310,519,19995,399,37305,California
Butte,2021-02-27,233,57565,47,25698,186,31867,0,0,186,17451,45,20040,186,37491,California
Butte,2021-02-28,140,57705,17,25715,123,31990,0,0,131,17573,9,20049,131,37622,California
Butte,2021-03-01,1619,59324,176,25891,1442,33432,1,1,326,16608,1292,21341,327,37949,California
Butte,2021-03-02,1731,61055,191,26082,1540,34972,0,1,302,15484,1426,22767,302,38251,California
Butte,2021-03-03,2757,63812,832,26914,1925,36897,0,1,472,13672,2284,25051,472,38723,California
Butte,2021-03-04,3118,66930,659,27573,2459,39356,0,1,609,11773,2508,27559,609,39332,California
Butte,2021-03-05,1325,68255,602,28175,722,40078,1,2,720,11892,602,28161,721,40053,California
Butte,2021-03-06,244,68499,27,28202,194,40272,23,25,184,12040,59,28220,207,40260,California
Butte,2021-03-07,56,68555,3,28205,36,40308,17,42,30,12061,26,28246,47,40307,California
Butte,2021-03-08,1262,69817,127,28332,1058,41366,77,119,1099,13076,161,28407,1176,41483,California
Butte,2021-03-09,1892,71709,276,28608,1513,42879,103,222,1408,14104,483,28890,1511,42994,California
Butte,2021-03-10,2318,74027,965,29573,1253,44132,100,322,1581,15052,732,29622,1680,44674,California
Butte,2021-03-11,2797,76824,1308,30881,1365,45497,124,446,1977,16343,810,30432,2101,46775,California
Butte,2021-03-12,1127,77951,323,31204,458,45955,346,792,354,16276,767,31199,700,47475,California
Butte,2021-03-13,242,78193,69,31273,126,46081,47,839,63,16207,179,31378,110,47585,California
Butte,2021-03-14,159,78352,15,31288,102,46183,42,881,21,16132,138,31516,63,47648,California
Butte,2021-03-15,1715,80067,359,31647,1062,47245,294,1175,1125,16962,588,32104,1418,49066,California
Butte,2021-03-16,1627,81694,415,32062,1134,48379,78,1253,1085,17585,539,32643,1162,50228,California
Butte,2021-03-17,1939,83633,1351,33413,507,48886,81,1334,1121,17975,811,33454,1201,51429,California
Butte,2021-03-18,1795,85428,1451,34864,213,49099,131,1465,1051,18417,739,34193,1181,52610,California
Butte,2021-03-19,692,86120,311,35175,297,49396,84,1549,342,18499,344,34537,426,53036,California
Butte,2021-03-20,206,86326,33,35208,157,49553,16,1565,94,18498,111,34648,110,53146,California
Butte,2021-03-21,57,86383,25,35233,3,49556,29,1594,15,18500,42,34690,44,53190,California
Butte,2021-03-22,1458,87841,352,35585,1012,50568,94,1688,1194,19527,261,34951,1288,54478,California
Butte,2021-03-23,1795,89636,488,36073,1193,51761,114,1802,1454,20755,340,35291,1568,56046,California
Butte,2021-03-24,2236,91872,1255,37328,855,52616,126,1928,1693,22035,538,35829,1818,57864,California
Butte,2021-03-25,1457,93329,1178,38506,190,52806,89,2017,997,22664,457,36286,1086,58950,California
Butte,2021-03-26,1199,94528,434,38940,519,53325,246,2263,559,22836,633,36919,805,59755,California
Butte,2021-03-27,300,94828,84,39024,192,53517,24,2287,133,22828,164,37083,156,59911,California
Butte,2021-03-28,223,95051,43,39067,172,53689,8,2295,99,22813,121,37204,106,60017,California
Butte,2021-03-29,1718,96769,379,39446,1269,54958,70,2365,1307,23782,408,37612,1377,61394,California
Butte,2021-03-30,1030,97799,465,39911,473,55431,92,2457,492,23832,534,38146,584,61978,California
Butte,2021-03-31,1771,99570,1300,41211,405,55836,66,2523,1091,24313,676,38822,1157,63135,California
Butte,2021-04-01,3276,102846,2660,43871,489,56325,127,2650,2209,25588,1062,39884,2337,65472,California
Butte,2021-04-02,994,103840,413,44284,463,56788,118,2768,564,25848,421,40305,681,66153,California
Butte,2021-04-03,342,104182,46,44330,222,57010,74,2842,164,25908,178,40483,238,66391,California
Butte,2021-04-04,185,104367,22,44352,140,57150,23,2865,108,25963,76,40559,131,66522,California
Butte,2021-04-05,1938,106305,413,44765,1368,58518,157,3022,600,25387,1332,41891,756,67278,California
Butte,2021-04-06,2154,108459,607,45372,1141,59659,406,3428,773,25190,1374,43265,1177,68455,California
Butte,2021-04-07,2938,111397,1261,46633,1299,60958,378,3806,654,23941,2281,45546,1032,69487,California
Butte,2021-04-08,2693,114090,1164,47797,1267,62225,262,4068,420,22357,2266,47812,682,70169,California
Butte,2021-04-09,1179,115269,319,48116,469,62694,391,4459,295,22161,881,48693,685,70854,California
Butte,2021-04-10,205,115474,46,48162,63,62757,96,4555,88,22229,115,48808,183,71037,California
Butte,2021-04-11,88,115562,39,48201,40,62797,9,4564,69,22290,17,48825,78,71115,California
Butte,2021-04-12,527,116089,286,48487,151,62948,90,4654,199,22252,327,49152,289,71404,California
Butte,2021-04-13,602,116691,455,48942,142,63090,5,4659,163,21982,438,49590,168,71572,California
Calaveras,2020-12-16,5,5,5,5,0,0,0,0,5,5,0,0,5,5,California
Calaveras,2020-12-17,3,8,3,8,0,0,0,0,3,8,0,0,3,8,California
Calaveras,2020-12-18,38,46,38,46,0,0,0,0,38,46,0,0,38,46,California
Calaveras,2020-12-19,3,49,3,49,0,0,0,0,3,49,0,0,3,49,California
Calaveras,2020-12-20,3,52,3,52,0,0,0,0,3,52,0,0,3,52,California
Calaveras,2020-12-21,55,107,48,100,7,7,0,0,55,107,0,0,55,107,California
Calaveras,2020-12-22,80,187,76,176,4,11,0,0,81,188,0,0,81,188,California
Calaveras,2020-12-23,76,263,74,250,2,13,0,0,85,273,0,0,85,273,California
Calaveras,2020-12-24,2,265,2,252,0,13,0,0,2,275,0,0,2,275,California
Calaveras,2020-12-26,3,268,3,255,0,13,0,0,3,278,0,0,3,278,California
Calaveras,2020-12-28,22,290,18,273,4,17,0,0,21,298,1,1,21,299,California
Calaveras,2020-12-29,166,456,147,420,19,36,0,0,166,464,0,1,166,465,California
Calaveras,2020-12-30,94,550,82,502,12,48,0,0,94,558,0,1,94,559,California
Calaveras,2020-12-31,35,585,25,527,10,58,0,0,35,593,0,1,35,594,California
Calaveras,2021-01-02,11,596,11,538,0,58,0,0,11,604,0,1,11,605,California
Calaveras,2021-01-03,8,604,3,541,5,63,0,0,8,612,0,1,8,613,California
Calaveras,2021-01-04,33,637,5,546,28,91,0,0,33,645,0,1,33,646,California
Calaveras,2021-01-05,41,678,10,556,31,122,0,0,35,677,8,9,40,686,California
Calaveras,2021-01-06,109,787,30,586,79,201,0,0,99,766,10,19,99,785,California
Calaveras,2021-01-07,106,893,27,613,79,280,0,0,94,850,11,30,95,880,California
Calaveras,2021-01-08,69,962,38,651,31,311,0,0,46,874,23,53,47,927,California
Calaveras,2021-01-09,5,967,5,656,0,311,0,0,2,873,3,56,2,929,California
Calaveras,2021-01-10,2,969,0,656,2,313,0,0,2,875,0,56,2,931,California
Calaveras,2021-01-11,65,1034,59,715,6,319,0,0,28,868,36,92,29,960,California
Calaveras,2021-01-12,86,1120,53,768,33,352,0,0,53,889,33,125,54,1014,California
Calaveras,2021-01-13,107,1227,43,811,64,416,0,0,74,931,33,158,75,1089,California
Calaveras,2021-01-14,135,1362,40,851,95,511,0,0,102,1001,32,190,102,1191,California
Calaveras,2021-01-15,113,1475,51,902,62,573,0,0,87,1062,26,216,87,1278,California
Calaveras,2021-01-16,12,1487,2,904,10,583,0,0,11,1072,1,217,11,1289,California
Calaveras,2021-01-17,10,1497,1,905,9,592,0,0,10,1082,0,217,10,1299,California
Calaveras,2021-01-18,132,1629,20,925,112,704,0,0,119,1191,13,230,122,1421,California
Calaveras,2021-01-19,202,1831,172,1097,30,734,0,0,62,1115,138,368,62,1483,California
Calaveras,2021-01-20,392,2223,79,1176,313,1047,0,0,308,1348,83,451,316,1799,California
Calaveras,2021-01-21,462,2685,39,1215,423,1470,0,0,435,1762,27,478,441,2240,California
Calaveras,2021-01-22,430,3115,22,1237,408,1878,0,0,420,2179,10,488,427,2667,California
Calaveras,2021-01-23,22,3137,10,1247,12,1890,0,0,18,2193,4,492,18,2685,California
Calaveras,2021-01-24,14,3151,8,1255,6,1896,0,0,12,2203,2,494,12,2697,California
Calaveras,2021-01-25,121,3272,7,1262,114,2010,0,0,116,2314,5,499,116,2813,California
Calaveras,2021-01-26,49,3321,18,1280,31,2041,0,0,38,2341,11,510,38,2851,California
Calaveras,2021-01-27,161,3482,44,1324,117,2158,0,0,134,2449,26,536,134,2985,California
Calaveras,2021-01-28,164,3646,22,1346,142,2300,0,0,140,2568,24,560,143,3128,California
Calaveras,2021-01-29,444,4090,33,1379,411,2711,0,0,422,2976,22,582,430,3558,California
Calaveras,2021-01-30,28,4118,10,1389,18,2729,0,0,26,3002,0,582,26,3584,California
Calaveras,2021-01-31,4,4122,2,1391,2,2731,0,0,3,3004,1,583,3,3587,California
Calaveras,2021-02-01,53,4175,41,1432,12,2743,0,0,34,3019,19,602,34,3621,California
Calaveras,2021-02-02,110,4285,24,1456,86,2829,0,0,72,3058,34,636,73,3694,California
Calaveras,2021-02-03,440,4725,44,1500,396,3225,0,0,356,3332,83,719,357,4051,California
Calaveras,2021-02-04,376,5101,23,1523,353,3578,0,0,295,3546,81,800,295,4346,California
Calaveras,2021-02-05,80,5181,23,1546,57,3635,0,0,41,3549,39,839,42,4388,California
Calaveras,2021-02-06,22,5203,13,1559,9,3644,0,0,22,3571,0,839,22,4410,California
Calaveras,2021-02-07,4,5207,1,1560,3,3647,0,0,2,3571,2,841,2,4412,California
Calaveras,2021-02-08,39,5246,18,1578,21,3668,0,0,31,3596,6,847,31,4443,California
Calaveras,2021-02-09,208,5454,92,1670,116,3784,0,0,147,3688,55,902,147,4590,California
Calaveras,2021-02-10,506,5960,28,1698,478,4262,0,0,440,4063,66,968,441,5031,California
Calaveras,2021-02-11,578,6538,75,1773,503,4765,0,0,471,4430,105,1073,472,5503,California
Calaveras,2021-02-12,565,7103,323,2096,242,5007,0,0,492,4851,72,1145,493,5996,California
Calaveras,2021-02-13,192,7295,37,2133,155,5162,0,0,177,5013,15,1160,177,6173,California
Calaveras,2021-02-14,215,7510,71,2204,144,5306,0,0,201,5200,14,1174,201,6374,California
Calaveras,2021-02-15,378,7888,21,2225,357,5663,0,0,261,5347,114,1288,261,6635,California
Calaveras,2021-02-16,299,8187,173,2398,126,5789,0,0,242,5532,57,1345,242,6877,California
Calaveras,2021-02-17,524,8711,35,2433,489,6278,0,0,210,5436,307,1652,211,7088,California
Calaveras,2021-02-18,496,9207,89,2522,407,6685,0,0,98,5146,388,2040,98,7186,California
Calaveras,2021-02-19,438,9645,43,2565,395,7080,0,0,97,4911,332,2372,97,7283,California
Calaveras,2021-02-20,58,9703,14,2579,44,7124,0,0,47,4947,11,2383,47,7330,California
Calaveras,2021-02-21,20,9723,12,2591,8,7132,0,0,18,4963,2,2385,18,7348,California
Calaveras,2021-02-22,64,9787,40,2631,24,7156,0,0,34,4967,30,2415,34,7382,California
Calaveras,2021-02-23,150,9937,68,2699,82,7238,0,0,101,5020,49,2464,102,7484,California
Calaveras,2021-02-24,96,10033,46,2745,50,7288,0,0,66,5056,30,2494,66,7550,California
Calaveras,2021-02-25,550,10583,97,2842,453,7741,0,0,360,5229,187,2681,360,7910,California
Calaveras,2021-02-26,717,11300,45,2887,672,8413,0,0,370,5269,332,3013,372,8282,California
Calaveras,2021-02-27,202,11502,21,2908,181,8594,0,0,178,5423,24,3037,178,8460,California
Calaveras,2021-02-28,95,11597,15,2923,80,8674,0,0,91,5510,4,3041,91,8551,California
Calaveras,2021-03-01,274,11871,59,2982,215,8889,0,0,147,5532,126,3167,148,8699,California
Calaveras,2021-03-02,241,12112,91,3073,150,9039,0,0,201,5695,39,3206,202,8901,California
Calaveras,2021-03-03,499,12611,101,3174,398,9437,0,0,206,5610,291,3497,206,9107,California
Calaveras,2021-03-04,760,13371,59,3233,700,10137,1,1,346,5549,410,3907,349,9456,California
Calaveras,2021-03-05,457,13828,269,3502,183,10320,5,6,143,5385,312,4219,148,9604,California
Calaveras,2021-03-06,155,13983,43,3545,106,10426,6,12,121,5478,34,4253,127,9731,California
Calaveras,2021-03-07,76,14059,32,3577,36,10462,8,20,34,5479,42,4295,43,9774,California
Calaveras,2021-03-08,157,14216,25,3602,125,10587,7,27,124,5578,32,4327,131,9905,California
Calaveras,2021-03-09,374,14590,150,3752,218,10805,6,33,38,5289,333,4660,44,9949,California
Calaveras,2021-03-10,412,15002,24,3776,385,11190,3,36,54,4990,356,5016,57,10006,California
Calaveras,2021-03-11,838,15840,411,4187,414,11604,13,49,424,5015,412,5428,437,10443,California
Calaveras,2021-03-12,384,16224,210,4397,164,11768,10,59,317,5278,67,5495,330,10773,California
Calaveras,2021-03-13,164,16388,16,4413,140,11908,8,67,133,5390,31,5526,143,10916,California
Calaveras,2021-03-14,151,16539,10,4423,140,12048,1,68,18,5283,133,5659,26,10942,California
Calaveras,2021-03-15,328,16867,47,4470,255,12303,26,94,51,5087,277,5936,81,11023,California
Calaveras,2021-03-16,707,17574,570,5040,117,12420,20,114,553,5507,153,6089,573,11596,California
Calaveras,2021-03-17,276,17850,51,5091,212,12632,13,127,49,5345,225,6314,63,11659,California
Calaveras,2021-03-18,663,18513,568,5659,80,12712,15,142,548,5795,115,6429,565,12224,California
Calaveras,2021-03-19,228,18741,47,5706,108,12820,73,215,55,5753,170,6599,128,12352,California
Calaveras,2021-03-20,81,18822,21,5727,59,12879,1,216,26,5726,55,6654,28,12380,California
Calaveras,2021-03-21,48,18870,31,5758,6,12885,11,227,13,5715,35,6689,24,12404,California
Calaveras,2021-03-22,79,18949,36,5794,22,12907,21,248,27,5711,52,6741,48,12452,California
Calaveras,2021-03-23,303,19252,218,6012,75,12982,10,258,124,5672,173,6914,134,12586,California
Calaveras,2021-03-24,132,19384,49,6061,73,13055,10,268,47,5644,85,6999,57,12643,California
Calaveras,2021-03-25,735,20119,100,6161,632,13687,3,271,444,5803,288,7287,447,13090,California
Calaveras,2021-03-26,422,20541,25,6186,391,14078,6,277,87,5566,332,7619,95,13185,California
Calaveras,2021-03-27,210,20751,18,6204,188,14266,4,281,37,5440,170,7789,44,13229,California
Calaveras,2021-03-28,108,20859,11,6215,95,14361,2,283,8,5352,99,7888,11,13240,California
Calaveras,2021-03-29,175,21034,22,6237,151,14512,2,285,59,5300,115,8003,63,13303,California
Calaveras,2021-03-30,528,21562,31,6268,481,14993,16,301,365,5519,163,8166,382,13685,California
Calaveras,2021-03-31,324,21886,144,6412,170,15163,10,311,163,5531,161,8327,173,13858,California
Calaveras,2021-04-01,676,22562,437,6849,238,15401,1,312,187,5233,488,8815,190,14048,California
Calaveras,2021-04-02,392,22954,230,7079,154,15555,8,320,115,5082,275,9090,124,14172,California
Calaveras,2021-04-03,140,23094,29,7108,107,15662,4,324,38,5022,102,9192,42,14214,California
Calaveras,2021-04-04,78,23172,25,7133,53,15715,0,324,50,5044,28,9220,50,14264,California
Calaveras,2021-04-05,215,23387,88,7221,119,15834,8,332,100,5038,115,9335,109,14373,California
Calaveras,2021-04-06,636,24023,563,7784,60,15894,13,345,96,4610,537,9872,109,14482,California
Calaveras,2021-04-07,742,24765,647,8431,62,15956,33,378,610,5122,132,10004,644,15126,California
Calaveras,2021-04-08,915,25680,830,9261,65,16021,20,398,418,5066,496,10500,440,15566,California
Calaveras,2021-04-09,128,25808,40,9301,46,16067,42,440,43,5066,85,10585,85,15651,California
Calaveras,2021-04-10,180,25988,34,9335,130,16197,16,456,141,5185,39,10624,158,15809,California
Calaveras,2021-04-11,65,26053,41,9376,23,16220,1,457,44,5209,21,10645,45,15854,California
Calaveras,2021-04-12,81,26134,36,9412,30,16250,15,472,45,5234,36,10681,61,15915,California
Calaveras,2021-04-13,324,26458,305,9717,19,16269,0,472,296,5504,26,10707,296,16211,California
Colusa,2020-12-18,1,1,1,1,0,0,0,0,1,1,0,0,1,1,California
Colusa,2020-12-21,2,3,2,3,0,0,0,0,2,3,0,0,2,3,California
Colusa,2020-12-22,10,13,10,13,0,0,0,0,10,13,0,0,10,13,California
Colusa,2020-12-23,10,23,10,23,0,0,0,0,10,23,0,0,10,23,California
Colusa,2020-12-24,2,25,1,24,1,1,0,0,2,25,0,0,2,25,California
Colusa,2020-12-27,1,26,1,25,0,1,0,0,1,26,0,0,1,26,California
Colusa,2020-12-28,7,33,3,28,4,5,0,0,7,33,0,0,7,33,California
Colusa,2020-12-29,10,43,7,35,3,8,0,0,10,43,0,0,10,43,California
Colusa,2020-12-30,50,93,13,48,37,45,0,0,50,93,0,0,50,93,California
Colusa,2020-12-31,18,111,1,49,17,62,0,0,18,111,0,0,18,111,California
Colusa,2021-01-04,4,115,0,49,4,66,0,0,4,115,0,0,4,115,California
Colusa,2021-01-05,67,182,1,50,66,132,0,0,67,182,0,0,67,182,California
Colusa,2021-01-06,15,197,9,59,6,138,0,0,15,197,0,0,15,197,California
Colusa,2021-01-07,38,235,4,63,34,172,0,0,37,233,1,1,37,234,California
Colusa,2021-01-08,9,244,7,70,2,174,0,0,8,240,1,2,8,242,California
Colusa,2021-01-09,2,246,1,71,1,175,0,0,2,242,0,2,2,244,California
Colusa,2021-01-10,1,247,0,71,1,176,0,0,1,243,0,2,1,245,California
Colusa,2021-01-11,12,259,6,77,6,182,0,0,7,245,5,7,7,252,California
Colusa,2021-01-12,11,270,9,86,2,184,0,0,6,246,5,12,6,258,California
Colusa,2021-01-13,21,291,13,99,8,192,0,0,13,251,8,20,13,271,California
Colusa,2021-01-14,35,326,28,127,7,199,0,0,33,282,2,22,33,304,California
Colusa,2021-01-15,41,367,5,132,36,235,0,0,39,319,2,24,39,343,California
Colusa,2021-01-16,12,379,1,133,11,246,0,0,11,329,1,25,11,354,California
Colusa,2021-01-17,3,382,2,135,1,247,0,0,2,330,1,26,2,356,California
Colusa,2021-01-18,4,386,0,135,4,251,0,0,4,334,0,26,4,360,California
Colusa,2021-01-19,9,395,8,143,1,252,0,0,5,335,4,30,5,365,California
Colusa,2021-01-20,115,510,101,244,14,266,0,0,102,424,13,43,102,467,California
Colusa,2021-01-21,56,566,41,285,15,281,0,0,55,478,1,44,55,522,California
Colusa,2021-01-22,40,606,17,302,23,304,0,0,35,508,5,49,35,557,California
Colusa,2021-01-23,35,641,6,308,29,333,0,0,35,543,0,49,35,592,California
Colusa,2021-01-25,7,648,0,308,7,340,0,0,7,550,0,49,7,599,California
Colusa,2021-01-26,8,656,5,313,3,343,0,0,5,552,3,52,5,604,California
Colusa,2021-01-27,107,763,31,344,76,419,0,0,105,655,2,54,105,709,California
Colusa,2021-01-28,78,841,45,389,33,452,0,0,72,721,6,60,72,781,California
Colusa,2021-01-29,40,881,7,396,33,485,0,0,39,759,1,61,39,820,California
Colusa,2021-01-30,27,908,4,400,23,508,0,0,27,786,0,61,27,847,California
Colusa,2021-01-31,7,915,7,407,0,508,0,0,7,793,0,61,7,854,California
Colusa,2021-02-01,27,942,10,417,17,525,0,0,22,810,5,66,22,876,California
Colusa,2021-02-02,42,984,8,425,34,559,0,0,36,840,6,72,36,912,California
Colusa,2021-02-03,69,1053,10,435,59,618,0,0,59,889,10,82,59,971,California
Colusa,2021-02-04,143,1196,81,516,62,680,0,0,115,976,28,110,115,1086,California
Colusa,2021-02-05,32,1228,8,524,24,704,0,0,29,1002,3,113,29,1115,California
Colusa,2021-02-06,284,1512,8,532,276,980,0,0,273,1264,11,124,273,1388,California
Colusa,2021-02-07,2,1514,1,533,1,981,0,0,0,1262,2,126,0,1388,California
Colusa,2021-02-08,40,1554,5,538,35,1016,0,0,37,1296,3,129,37,1425,California
Colusa,2021-02-09,231,1785,14,552,217,1233,0,0,176,1417,55,184,176,1601,California
Colusa,2021-02-10,116,1901,41,593,75,1308,0,0,73,1447,43,227,73,1674,California
Colusa,2021-02-11,97,1998,36,629,61,1369,0,0,72,1494,25,252,72,1746,California
Colusa,2021-02-12,118,2116,9,638,109,1478,0,0,80,1535,39,291,80,1826,California
Colusa,2021-02-13,60,2176,8,646,52,1530,0,0,52,1579,8,299,52,1878,California
Colusa,2021-02-14,20,2196,8,654,12,1542,0,0,14,1587,6,305,14,1892,California
Colusa,2021-02-15,45,2241,10,664,35,1577,0,0,38,1618,7,312,38,1930,California
Colusa,2021-02-16,67,2308,4,668,63,1640,0,0,66,1683,1,313,66,1996,California
Colusa,2021-02-17,206,2514,143,811,63,1703,0,0,60,1597,146,459,60,2056,California
Colusa,2021-02-18,135,2649,35,846,100,1803,0,0,112,1686,23,482,112,2168,California
Colusa,2021-02-19,155,2804,19,865,136,1939,0,0,129,1789,26,508,129,2297,California
Colusa,2021-02-20,28,2832,6,871,22,1961,0,0,12,1785,16,524,12,2309,California
Colusa,2021-02-21,1,2833,1,872,0,1961,0,0,0,1784,1,525,0,2309,California
Colusa,2021-02-22,43,2876,26,898,17,1978,0,0,29,1799,14,539,29,2338,California
Colusa,2021-02-23,21,2897,5,903,16,1994,0,0,17,1812,4,543,17,2355,California
Colusa,2021-02-24,300,3197,54,957,246,2240,0,0,158,1828,142,685,158,2513,California
Colusa,2021-02-25,100,3297,54,1011,46,2286,0,0,65,1858,35,720,65,2578,California
Colusa,2021-02-26,96,3393,12,1023,84,2370,0,0,58,1878,38,758,58,2636,California
Colusa,2021-02-27,55,3448,4,1027,51,2421,0,0,40,1903,15,773,40,2676,California
Colusa,2021-02-28,25,3473,13,1040,12,2433,0,0,17,1912,8,781,17,2693,California
Colusa,2021-03-01,46,3519,15,1055,31,2464,0,0,29,1924,17,798,29,2722,California
Colusa,2021-03-02,47,3566,13,1068,34,2498,0,0,24,1925,23,821,24,2746,California
Colusa,2021-03-03,237,3803,38,1106,199,2697,0,0,180,2048,57,878,180,2926,California
Colusa,2021-03-04,136,3939,58,1164,78,2775,0,0,80,2072,56,934,80,3006,California
Colusa,2021-03-05,98,4037,25,1189,64,2839,9,9,53,2089,45,979,62,3068,California
Colusa,2021-03-06,274,4311,9,1198,265,3104,0,9,37,1889,237,1216,37,3105,California
Colusa,2021-03-07,8,4319,5,1203,3,3107,0,9,6,1893,2,1218,6,3111,California
Colusa,2021-03-08,88,4407,20,1223,33,3140,35,44,44,1928,44,1262,79,3190,California
Colusa,2021-03-09,272,4679,70,1293,179,3319,23,67,83,1845,189,1451,106,3296,California
Colusa,2021-03-10,287,4966,35,1328,216,3535,36,103,201,1996,86,1537,237,3533,California
Colusa,2021-03-11,414,5380,58,1386,335,3870,21,124,332,2266,82,1619,352,3885,California
Colusa,2021-03-12,106,5486,18,1404,75,3945,13,137,20,2213,86,1705,33,3918,California
Colusa,2021-03-13,59,5545,15,1419,35,3980,9,146,17,2197,42,1747,26,3944,California
Colusa,2021-03-14,21,5566,0,1419,19,3999,2,148,7,2193,13,1760,9,3953,California
Colusa,2021-03-15,68,5634,26,1445,34,4033,8,156,13,2159,55,1815,21,3974,California
Colusa,2021-03-16,273,5907,14,1459,213,4246,46,202,166,2264,107,1922,212,4186,California
Colusa,2021-03-17,194,6101,48,1507,146,4392,0,202,110,2290,84,2006,110,4296,California
Colusa,2021-03-18,319,6420,33,1540,215,4607,71,273,196,2434,123,2129,267,4563,California
Colusa,2021-03-19,74,6494,17,1557,55,4662,2,275,51,2464,23,2152,53,4616,California
Colusa,2021-03-20,48,6542,7,1564,40,4702,1,276,35,2487,13,2165,36,4652,California
Colusa,2021-03-21,6,6548,4,1568,2,4704,0,276,4,2489,2,2167,4,4656,California
Colusa,2021-03-22,63,6611,10,1578,44,4748,9,285,41,2517,22,2189,50,4706,California
Colusa,2021-03-23,81,6692,16,1594,63,4811,2,287,54,2546,27,2216,56,4762,California
Colusa,2021-03-24,334,7026,56,1650,272,5083,6,293,69,2355,265,2481,74,4836,California
Colusa,2021-03-25,107,7133,59,1709,43,5126,5,298,50,2353,57,2538,55,4891,California
Colusa,2021-03-26,298,7431,47,1756,247,5373,4,302,245,2549,53,2591,249,5140,California
Colusa,2021-03-27,62,7493,5,1761,57,5430,0,302,24,2535,38,2629,24,5164,California
Colusa,2021-03-28,15,7508,6,1767,9,5439,0,302,7,2534,8,2637,7,5171,California
Colusa,2021-03-29,68,7576,19,1786,44,5483,5,307,30,2531,38,2675,35,5206,California
Colusa,2021-03-30,145,7721,77,1863,66,5549,2,309,76,2540,69,2744,78,5284,California
Colusa,2021-03-31,226,7947,35,1898,191,5740,0,309,72,2459,153,2897,72,5356,California
Colusa,2021-04-01,421,8368,64,1962,302,6042,55,364,300,2694,120,3017,355,5711,California
Colusa,2021-04-02,81,8449,14,1976,54,6096,13,377,39,2704,42,3059,52,5763,California
Colusa,2021-04-03,61,8510,9,1985,29,6125,23,400,14,2694,47,3106,37,5800,California
Colusa,2021-04-04,18,8528,0,1985,8,6133,10,410,3,2692,15,3121,13,5813,California
Colusa,2021-04-05,97,8625,25,2010,57,6190,15,425,40,2690,57,3178,55,5868,California
Colusa,2021-04-06,124,8749,34,2044,42,6232,48,473,40,2694,84,3262,88,5956,California
Colusa,2021-04-07,351,9100,40,2084,291,6523,20,493,133,2631,218,3480,155,6111,California
Colusa,2021-04-08,421,9521,34,2118,361,6884,26,519,120,2480,298,3778,147,6258,California
Colusa,2021-04-09,67,9588,15,2133,32,6916,20,539,26,2485,41,3819,46,6304,California
Colusa,2021-04-10,42,9630,8,2141,15,6931,19,558,11,2484,31,3850,30,6334,California
Colusa,2021-04-11,14,9644,2,2143,12,6943,0,558,7,2484,7,3857,7,6341,California
Colusa,2021-04-12,27,9671,3,2146,24,6967,0,558,23,2503,4,3861,23,6364,California
Colusa,2021-04-13,53,9724,11,2157,42,7009,0,558,26,2502,27,3888,26,6390,California
Contra Costa,2020-12-15,19,19,19,19,0,0,0,0,19,19,0,0,19,19,California
Contra Costa,2020-12-16,523,542,523,542,0,0,0,0,523,542,0,0,523,542,California
Contra Costa,2020-12-17,908,1450,908,1450,0,0,0,0,908,1450,0,0,908,1450,California
Contra Costa,2020-12-18,1590,3040,1589,3039,1,1,0,0,1590,3040,0,0,1590,3040,California
Contra Costa,2020-12-19,1100,4140,1099,4138,1,2,0,0,1100,4140,0,0,1100,4140,California
Contra Costa,2020-12-20,582,4722,581,4719,1,3,0,0,582,4722,0,0,582,4722,California
Contra Costa,2020-12-21,1651,6373,1649,6368,2,5,0,0,1651,6373,0,0,1651,6373,California
Contra Costa,2020-12-22,1669,8042,1564,7932,105,110,0,0,1669,8042,0,0,1669,8042,California
Contra Costa,2020-12-23,1576,9618,1330,9262,246,356,0,0,1576,9618,0,0,1576,9618,California
Contra Costa,2020-12-24,653,10271,335,9597,318,674,0,0,653,10271,0,0,653,10271,California
Contra Costa,2020-12-25,38,10309,16,9613,22,696,0,0,38,10309,0,0,38,10309,California
Contra Costa,2020-12-26,639,10948,130,9743,509,1205,0,0,639,10948,0,0,639,10948,California
Contra Costa,2020-12-27,240,11188,86,9829,154,1359,0,0,240,11188,0,0,240,11188,California
Contra Costa,2020-12-28,1827,13015,861,10690,966,2325,0,0,1827,13015,0,0,1827,13015,California
Contra Costa,2020-12-29,1823,14838,823,11513,1000,3325,0,0,1823,14838,0,0,1823,14838,California
Contra Costa,2020-12-30,2384,17222,1208,12721,1176,4501,0,0,2383,17221,0,0,2383,17221,California
Contra Costa,2020-12-31,911,18133,307,13028,604,5105,0,0,910,18131,0,0,910,18131,California
Contra Costa,2021-01-01,57,18190,23,13051,34,5139,0,0,57,18188,0,0,57,18188,California
Contra Costa,2021-01-02,332,18522,172,13223,160,5299,0,0,332,18520,0,0,332,18520,California
Contra Costa,2021-01-03,174,18696,116,13339,58,5357,0,0,173,18693,0,0,173,18693,California
Contra Costa,2021-01-04,1894,20590,1245,14584,649,6006,0,0,1873,20547,19,19,1873,20566,California
Contra Costa,2021-01-05,2095,22685,1255,15839,840,6846,0,0,1836,22126,258,277,1837,22403,California
Contra Costa,2021-01-06,3264,25949,2240,18079,1024,7870,0,0,2506,23882,753,1030,2509,24912,California
Contra Costa,2021-01-07,3089,29038,2057,20136,1032,8902,0,0,1879,24554,1207,2237,1879,26791,California
Contra Costa,2021-01-08,3364,32402,2377,22513,987,9889,0,0,1805,24809,1553,3790,1808,28599,California
Contra Costa,2021-01-09,1583,33985,1132,23645,451,10340,0,0,749,24726,833,4623,750,29349,California
Contra Costa,2021-01-10,361,34346,288,23933,73,10413,0,0,150,24665,211,4834,150,29499,California
Contra Costa,2021-01-11,3833,38179,3118,27051,715,11128,0,0,2230,25294,1603,6437,2232,31731,California
Contra Costa,2021-01-12,3906,42085,2930,29981,976,12104,0,0,2582,26554,1324,7761,2584,34315,California
Contra Costa,2021-01-13,4664,46749,2880,32861,1784,13888,0,0,3732,29358,928,8689,3732,38047,California
Contra Costa,2021-01-14,4294,51043,1552,34413,2742,16630,0,0,3912,32888,382,9071,3912,41959,California
Contra Costa,2021-01-15,5315,56358,2451,36864,2864,19494,0,0,4993,37565,321,9392,4998,46957,California
Contra Costa,2021-01-16,1703,58061,545,37409,1158,20652,0,0,1629,39120,74,9466,1629,48586,California
Contra Costa,2021-01-17,1631,59692,971,38380,660,21312,0,0,1509,40510,122,9588,1512,50098,California
Contra Costa,2021-01-18,3180,62872,1249,39629,1931,23243,0,0,2557,42451,617,10205,2558,52656,California
Contra Costa,2021-01-19,7052,69924,3151,42780,3901,27144,0,0,6050,47508,999,11204,6056,58712,California
Contra Costa,2021-01-20,6588,76512,4036,46816,2552,29696,0,0,5363,51654,1221,12425,5367,64079,California
Contra Costa,2021-01-21,6948,83460,3084,49900,3864,33560,0,0,6227,57172,716,13141,6234,70313,California
Contra Costa,2021-01-22,6356,89816,2697,52597,3659,37219,0,0,5500,61829,846,13987,5503,75816,California
Contra Costa,2021-01-23,2023,91839,358,52955,1665,38884,0,0,1766,63342,255,14242,1768,77584,California
Contra Costa,2021-01-24,1575,93414,214,53169,1361,40245,0,0,1431,64633,144,14386,1435,79019,California
Contra Costa,2021-01-25,6639,100053,3011,56180,3628,43873,0,0,5082,68163,1555,15941,5085,84104,California
Contra Costa,2021-01-26,8041,108094,4658,60838,3383,47256,0,0,6215,72561,1819,17760,6217,90321,California
Contra Costa,2021-01-27,8220,116314,5483,66321,2737,49993,0,0,6329,77090,1804,19564,6333,96654,California
Contra Costa,2021-01-28,7379,123693,4053,70374,3326,53319,0,0,5788,81297,1585,21149,5792,102446,California
Contra Costa,2021-01-29,7418,131111,3877,74251,3541,56860,0,0,6116,86116,1300,22449,6119,108565,California
Contra Costa,2021-01-30,2080,133191,596,74847,1484,58344,0,0,1714,87471,359,22808,1714,110279,California
Contra Costa,2021-01-31,702,133893,483,75330,219,58563,0,0,575,87922,124,22932,575,110854,California
Contra Costa,2021-02-01,5506,139399,3757,79087,1749,60312,0,0,3881,90186,1620,24552,3884,114738,California
Contra Costa,2021-02-02,7743,147142,5274,84361,2469,62781,0,0,5895,94236,1846,26398,5896,120634,California
Contra Costa,2021-02-03,8261,155403,5456,89817,2805,65586,0,0,5630,97246,2621,29019,5631,126265,California
Contra Costa,2021-02-04,7441,162844,3532,93349,3909,69495,0,0,5726,101262,1712,30731,5728,131993,California
Contra Costa,2021-02-05,8422,171266,4823,98172,3599,73094,0,0,5724,104295,2692,33423,5725,137718,California
Contra Costa,2021-02-06,3460,174726,2149,100321,1311,74405,0,0,2813,106463,646,34069,2814,140532,California
Contra Costa,2021-02-07,976,175702,704,101025,272,74677,0,0,602,106692,373,34442,602,141134,California
Contra Costa,2021-02-08,5787,181489,3430,104455,2357,77034,0,0,4315,109541,1467,35909,4316,145450,California
Contra Costa,2021-02-09,8624,190113,4751,109206,3873,80907,0,0,5750,112424,2869,38778,5752,151202,California
Contra Costa,2021-02-10,8590,198703,4635,113841,3955,84862,0,0,5397,114646,3179,41957,5401,156603,California
Contra Costa,2021-02-11,9207,207910,4191,118032,5016,89878,0,0,5248,115945,3953,45910,5252,161855,California
Contra Costa,2021-02-12,10056,217966,4606,122638,5450,95328,0,0,5457,116813,4592,50502,5460,167315,California
Contra Costa,2021-02-13,4860,222826,1356,123994,3504,98832,0,0,3398,118753,1459,51961,3399,170714,California
Contra Costa,2021-02-14,2078,224904,860,124854,1218,100050,0,0,1219,119114,858,52819,1219,171933,California
Contra Costa,2021-02-15,4431,229335,2459,127313,1972,102022,0,0,2345,119381,2080,54899,2347,174280,California
Contra Costa,2021-02-16,10392,239727,4896,132209,5496,107518,0,0,4634,118268,5751,60650,4638,178918,California
Contra Costa,2021-02-17,12254,251981,6111,138320,6143,113661,0,0,5618,117264,6622,67272,5618,184536,California
Contra Costa,2021-02-18,11431,263412,5943,144263,5488,119149,0,0,5308,116462,6112,73384,5310,189846,California
Contra Costa,2021-02-19,11382,274794,7096,151359,4286,123435,0,0,5166,115428,6202,79586,5168,195014,California
Contra Costa,2021-02-20,6435,281229,2885,154244,3550,126985,0,0,4565,118141,1854,81440,4567,199581,California
Contra Costa,2021-02-21,1790,283019,1244,155488,546,127531,0,0,1081,118514,708,82148,1081,200662,California
Contra Costa,2021-02-22,7523,290542,5092,160580,2431,129962,0,0,3460,117921,4055,86203,3462,204124,California
Contra Costa,2021-02-23,11861,302403,7231,167811,4630,134592,0,0,5903,117883,5945,92148,5907,210031,California
Contra Costa,2021-02-24,10452,312855,7666,175477,2786,137378,0,0,5035,117519,5401,97549,5037,215068,California
Contra Costa,2021-02-25,11428,324283,7196,182673,4232,141610,0,0,5187,116488,6222,103771,5191,220259,California
Contra Costa,2021-02-26,10670,334953,6728,189401,3942,145552,0,0,5286,116405,5370,109141,5287,225546,California
Contra Costa,2021-02-27,6595,341548,4192,193593,2403,147955,0,0,4096,118009,2493,111634,4097,229643,California
Contra Costa,2021-02-28,3777,345325,3112,196705,665,148620,0,0,3184,120604,590,112224,3185,232828,California
Contra Costa,2021-03-01,8069,353394,6068,202773,2000,150620,1,1,4960,122469,3098,115322,4963,237791,California
Contra Costa,2021-03-02,10078,363472,6291,209064,3786,154406,1,2,5224,122855,4839,120161,5225,243016,California
Contra Costa,2021-03-03,10919,374391,6836,215900,4082,158488,1,3,6037,124027,4867,125028,6039,249055,California
Contra Costa,2021-03-04,11842,386233,7058,222958,4784,163272,0,3,6130,124463,5694,130722,6130,255185,California
Contra Costa,2021-03-05,11188,397421,6648,229606,4536,167808,4,7,6362,126016,4813,135535,6366,261551,California
Contra Costa,2021-03-06,7250,404671,3982,233588,2961,170769,307,314,4686,128454,2554,138089,4992,266543,California
Contra Costa,2021-03-07,3597,408268,2252,235840,1286,172055,59,373,2926,130769,670,138759,2985,269528,California
Contra Costa,2021-03-08,8026,416294,3743,239583,3980,176035,303,676,5355,133772,2659,141418,5662,275190,California
Contra Costa,2021-03-09,10138,426432,4974,244557,4870,180905,294,970,5017,133968,5115,146533,5311,280501,California
Contra Costa,2021-03-10,12073,438505,5939,250496,4649,185554,1485,2455,5454,134291,6612,153145,6935,287436,California
Contra Costa,2021-03-11,12401,450906,6525,257021,5325,190879,551,3006,6331,135124,6051,159196,6884,294320,California
Contra Costa,2021-03-12,12440,463346,5091,262112,6824,197703,525,3531,6233,135690,6192,165388,6758,301078,California
Contra Costa,2021-03-13,7665,471011,3035,265147,4220,201923,410,3941,3041,134528,4608,169996,3446,304524,California
Contra Costa,2021-03-14,4322,475333,2530,267677,1312,203235,480,4421,2065,134821,2252,172248,2545,307069,California
Contra Costa,2021-03-15,9364,484697,5044,272721,3568,206803,752,5173,4750,135724,4600,176848,5503,312572,California
Contra Costa,2021-03-16,14238,498935,8459,281180,5385,212188,394,5567,7277,136451,6944,183792,7671,320243,California
Contra Costa,2021-03-17,14951,513886,10332,291512,4410,216598,209,5776,8565,138863,6367,190159,8779,329022,California
Contra Costa,2021-03-18,15332,529218,8523,300035,6330,222928,479,6255,8783,141600,6524,196683,9261,338283,California
Contra Costa,2021-03-19,15465,544683,8865,308900,5210,228138,1390,7645,8295,144129,7158,203841,9687,347970,California
Contra Costa,2021-03-20,10572,555255,6315,315215,3956,232094,301,7946,5212,144296,5345,209186,5512,353482,California
Contra Costa,2021-03-21,4440,559695,3885,319100,470,232564,85,8031,2093,144132,2342,211528,2178,355660,California
Contra Costa,2021-03-22,11491,571186,8656,327756,2587,235151,248,8279,7073,147045,4407,215935,7320,362980,California
Contra Costa,2021-03-23,15582,586768,10732,338488,4681,239832,169,8448,9529,150717,6029,221964,9701,372681,California
Contra Costa,2021-03-24,14886,601654,11624,350112,3050,242882,212,8660,9189,154447,5673,227637,9403,382084,California
Contra Costa,2021-03-25,15145,616799,11805,361917,3067,245949,273,8933,9366,158343,5743,233380,9639,391723,California
Contra Costa,2021-03-26,14875,631674,10671,372588,3809,249758,395,9328,8799,161477,6057,239437,9191,400914,California
Contra Costa,2021-03-27,10395,642069,6728,379316,3158,252916,509,9837,5769,163134,4618,244055,6275,407189,California
Contra Costa,2021-03-28,4108,646177,2913,382229,1142,254058,53,9890,1771,162630,2328,246383,1824,409013,California
Contra Costa,2021-03-29,10821,656998,8459,390688,2248,256306,114,10004,7098,166134,3709,250092,7213,416226,California
Contra Costa,2021-03-30,16702,673700,9112,399800,6251,262557,1339,11343,11072,172929,5615,255707,12410,428636,California
Contra Costa,2021-03-31,17908,691608,12555,412355,3916,266473,1437,12780,11621,179733,6257,261964,13061,441697,California
Contra Costa,2021-04-01,17400,709008,12197,424552,3840,270313,1363,14143,11373,186459,6011,267975,12737,454434,California
Contra Costa,2021-04-02,17307,726315,12804,437356,3508,273821,995,15138,11580,193319,5717,273692,12577,467011,California
Contra Costa,2021-04-03,10765,737080,6428,443784,2810,276631,1527,16665,6207,196507,4546,278238,7734,474745,California
Contra Costa,2021-04-04,3229,740309,1251,445035,1416,278047,562,17227,851,195546,2374,280612,1413,476158,California
Contra Costa,2021-04-05,11995,752304,7862,452897,3210,281257,923,18150,6597,197680,5387,285999,7521,483679,California
Contra Costa,2021-04-06,16830,769134,11638,464535,2990,284247,2202,20352,9420,201910,7394,293393,11624,495303,California
Contra Costa,2021-04-07,17388,786522,11636,476171,3152,287399,2600,22952,9687,206551,7685,301078,12326,507629,California
Contra Costa,2021-04-08,17485,804007,11513,487684,3243,290642,2729,25681,9160,210125,8308,309386,11882,519511,California
Contra Costa,2021-04-09,16689,820696,10573,498257,4014,294656,2102,27783,8785,213129,7883,317269,10887,530398,California
Contra Costa,2021-04-10,8439,829135,3110,501367,1838,296494,3491,31274,2622,213434,5802,323071,6107,536505,California
Contra Costa,2021-04-11,3316,832451,1970,503337,712,297206,634,31908,1181,213123,2129,325200,1818,538323,California
Contra Costa,2021-04-12,10084,842535,6471,509808,2765,299971,848,32756,4661,213223,5413,330613,5513,543836,California
Contra Costa,2021-04-13,13377,855912,8037,517845,5336,305307,4,32760,8978,217823,4386,334999,8986,552822,California
Del Norte,2020-12-21,23,23,23,23,0,0,0,0,23,23,0,0,23,23,California
Del Norte,2020-12-22,46,69,46,69,0,0,0,0,46,69,0,0,46,69,California
Del Norte,2020-12-23,58,127,48,117,10,10,0,0,57,126,0,0,57,126,California
Del Norte,2020-12-28,34,161,34,151,0,10,0,0,34,160,0,0,34,160,California
Del Norte,2020-12-29,4,165,4,155,0,10,0,0,4,164,0,0,4,164,California
Del Norte,2020-12-30,67,232,55,210,12,22,0,0,68,232,0,0,68,232,California
Del Norte,2020-12-31,16,248,13,223,3,25,0,0,16,248,0,0,16,248,California
Del Norte,2021-01-04,102,350,49,272,53,78,0,0,102,350,0,0,102,350,California
Del Norte,2021-01-05,33,383,0,272,33,111,0,0,33,383,0,0,33,383,California
Del Norte,2021-01-06,77,460,18,290,59,170,0,0,77,460,0,0,77,460,California
Del Norte,2021-01-07,21,481,1,291,20,190,0,0,21,481,0,0,21,481,California
Del Norte,2021-01-08,77,558,7,298,70,260,0,0,77,558,0,0,77,558,California
Del Norte,2021-01-11,40,598,21,319,19,279,0,0,18,555,22,22,19,577,California
Del Norte,2021-01-12,50,648,32,351,18,297,0,0,29,563,21,43,29,606,California
Del Norte,2021-01-13,85,733,40,391,45,342,0,0,52,582,33,76,52,658,California
Del Norte,2021-01-14,52,785,14,405,38,380,0,0,46,622,6,82,46,704,California
Del Norte,2021-01-15,107,892,18,423,89,469,0,0,95,705,12,94,95,799,California
Del Norte,2021-01-17,1,893,1,424,0,469,0,0,1,706,0,94,1,800,California
Del Norte,2021-01-18,2,895,0,424,2,471,0,0,2,708,0,94,2,802,California
Del Norte,2021-01-19,119,1014,56,480,63,534,0,0,77,743,42,136,77,879,California
Del Norte,2021-01-20,158,1172,84,564,74,608,0,0,96,777,62,198,96,975,California
Del Norte,2021-01-21,43,1215,40,604,3,611,0,0,32,798,11,209,32,1007,California
Del Norte,2021-01-22,19,1234,16,620,3,614,0,0,12,803,7,216,12,1019,California
Del Norte,2021-01-23,1,1235,0,620,1,615,0,0,1,804,0,216,1,1020,California
Del Norte,2021-01-24,1,1236,0,620,1,616,0,0,1,805,0,216,1,1021,California
Del Norte,2021-01-25,97,1333,79,699,18,634,0,0,53,814,44,260,53,1074,California
Del Norte,2021-01-26,18,1351,11,710,7,641,0,0,7,810,11,271,7,1081,California
Del Norte,2021-01-27,64,1415,21,731,43,684,0,0,61,868,3,274,61,1142,California
Del Norte,2021-01-28,291,1706,20,751,271,955,0,0,287,1151,4,278,287,1429,California
Del Norte,2021-01-29,51,1757,19,770,32,987,0,0,41,1182,10,288,41,1470,California
Del Norte,2021-01-30,8,1765,1,771,7,994,0,0,8,1190,0,288,8,1478,California
Del Norte,2021-02-01,41,1806,1,772,40,1034,0,0,26,1201,15,303,26,1504,California
Del Norte,2021-02-02,142,1948,34,806,108,1142,0,0,73,1206,68,371,73,1577,California
Del Norte,2021-02-03,125,2073,40,846,85,1227,0,0,71,1223,54,425,71,1648,California
Del Norte,2021-02-04,71,2144,29,875,42,1269,0,0,41,1234,30,455,41,1689,California
Del Norte,2021-02-05,181,2325,22,897,159,1428,0,0,118,1290,62,517,118,1807,California
Del Norte,2021-02-06,310,2635,6,903,304,1732,0,0,310,1600,0,517,310,2117,California
Del Norte,2021-02-07,2,2637,1,904,1,1733,0,0,2,1602,0,517,2,2119,California
Del Norte,2021-02-08,36,2673,1,905,35,1768,0,0,32,1630,4,521,32,2151,California
Del Norte,2021-02-09,8,2681,5,910,3,1771,0,0,2,1626,6,527,2,2153,California
Del Norte,2021-02-10,143,2824,20,930,123,1894,0,0,86,1656,56,583,86,2239,California
Del Norte,2021-02-11,175,2999,58,988,117,2011,0,0,63,1607,112,695,63,2302,California
Del Norte,2021-02-12,120,3119,14,1002,106,2117,0,0,66,1619,54,749,66,2368,California
Del Norte,2021-02-13,2,3121,1,1003,1,2118,0,0,2,1621,0,749,2,2370,California
Del Norte,2021-02-14,3,3124,1,1004,2,2120,0,0,2,1622,1,750,2,2372,California
Del Norte,2021-02-15,4,3128,0,1004,4,2124,0,0,2,1622,2,752,2,2374,California
Del Norte,2021-02-16,132,3260,1,1005,131,2255,0,0,13,1516,119,871,13,2387,California
Del Norte,2021-02-17,91,3351,20,1025,71,2326,0,0,24,1473,67,938,24,2411,California
Del Norte,2021-02-18,77,3428,24,1049,53,2379,0,0,51,1498,26,964,51,2462,California
Del Norte,2021-02-19,43,3471,17,1066,26,2405,0,0,33,1521,10,974,33,2495,California
Del Norte,2021-02-20,9,3480,6,1072,3,2408,0,0,7,1526,2,976,7,2502,California
Del Norte,2021-02-22,2,3482,0,1072,2,2410,0,0,2,1528,0,976,2,2504,California
Del Norte,2021-02-23,102,3584,84,1156,18,2428,0,0,31,1488,71,1047,31,2535,California
Del Norte,2021-02-24,152,3736,98,1254,54,2482,0,0,79,1494,73,1120,79,2614,California
Del Norte,2021-02-25,473,4209,130,1384,343,2825,0,0,210,1442,262,1382,210,2824,California
Del Norte,2021-02-26,212,4421,176,1560,36,2861,0,0,166,1562,46,1428,166,2990,California
Del Norte,2021-02-27,151,4572,145,1705,5,2866,1,1,141,1694,10,1438,142,3132,California
Del Norte,2021-02-28,4,4576,1,1706,3,2869,0,1,3,1696,1,1439,3,3135,California
Del Norte,2021-03-01,27,4603,2,1708,25,2894,0,1,4,1677,23,1462,4,3139,California
Del Norte,2021-03-02,218,4821,140,1848,78,2972,0,1,185,1829,33,1495,185,3324,California
Del Norte,2021-03-03,158,4979,90,1938,68,3040,0,1,117,1905,41,1536,117,3441,California
Del Norte,2021-03-04,120,5099,83,2021,37,3077,0,1,91,1968,28,1564,91,3532,California
Del Norte,2021-03-05,92,5191,9,2030,83,3160,0,1,44,1964,48,1612,44,3576,California
Del Norte,2021-03-06,435,5626,75,2105,310,3470,50,51,155,1846,280,1892,162,3738,California
Del Norte,2021-03-07,2,5628,1,2106,1,3471,0,51,1,1846,1,1893,1,3739,California
Del Norte,2021-03-08,28,5656,1,2107,25,3496,2,53,5,1830,23,1916,7,3746,California
Del Norte,2021-03-09,193,5849,112,2219,78,3574,3,56,182,2004,11,1927,185,3931,California
Del Norte,2021-03-10,218,6067,97,2316,93,3667,28,84,132,2078,86,2013,160,4091,California
Del Norte,2021-03-11,146,6213,55,2371,91,3758,0,84,102,2137,43,2056,102,4193,California
Del Norte,2021-03-12,178,6391,91,2462,87,3845,0,84,126,2211,52,2108,126,4319,California
Del Norte,2021-03-13,95,6486,94,2556,1,3846,0,84,91,2298,4,2112,91,4410,California
Del Norte,2021-03-14,1,6487,0,2556,1,3847,0,84,1,2298,1,2113,1,4411,California
Del Norte,2021-03-15,39,6526,0,2556,38,3885,1,85,34,2328,5,2118,35,4446,California
Del Norte,2021-03-16,276,6802,135,2691,141,4026,0,85,255,2562,21,2139,255,4701,California
Del Norte,2021-03-17,284,7086,97,2788,185,4211,2,87,170,2620,114,2253,172,4873,California
Del Norte,2021-03-18,287,7373,109,2897,175,4386,3,90,151,2639,135,2388,154,5027,California
Del Norte,2021-03-19,264,7637,158,3055,100,4486,6,96,90,2561,174,2562,96,5123,California
Del Norte,2021-03-20,158,7795,156,3211,2,4488,0,96,16,2435,142,2704,16,5139,California
Del Norte,2021-03-21,4,7799,2,3213,2,4490,0,96,2,2435,2,2706,2,5141,California
Del Norte,2021-03-22,41,7840,2,3215,38,4528,1,97,38,2471,3,2709,39,5180,California
Del Norte,2021-03-23,329,8169,162,3377,149,4677,18,115,159,2480,168,2877,177,5357,California
Del Norte,2021-03-24,392,8561,107,3484,244,4921,41,156,238,2605,154,3031,279,5636,California
Del Norte,2021-03-25,194,8755,90,3574,104,5025,0,156,87,2586,106,3137,87,5723,California
Del Norte,2021-03-26,227,8982,108,3682,119,5144,0,156,194,2747,33,3170,194,5917,California
Del Norte,2021-03-27,108,9090,87,3769,4,5148,17,173,19,2694,89,3259,36,5953,California
Del Norte,2021-03-28,4,9094,2,3771,2,5150,0,173,1,2692,3,3262,1,5954,California
Del Norte,2021-03-29,57,9151,6,3777,34,5184,17,190,32,2716,25,3287,49,6003,California
Del Norte,2021-03-30,334,9485,118,3895,205,5389,11,201,128,2649,206,3493,139,6142,California
Del Norte,2021-03-31,346,9831,100,3995,229,5618,17,218,190,2702,154,3647,207,6349,California
Del Norte,2021-04-01,165,9996,60,4055,71,5689,34,252,70,2712,94,3741,104,6453,California
Del Norte,2021-04-02,232,10228,80,4135,104,5793,48,300,76,2681,156,3897,125,6578,California
Del Norte,2021-04-03,103,10331,82,4217,2,5795,19,319,4,2606,98,3995,23,6601,California
Del Norte,2021-04-04,4,10335,0,4217,0,5795,4,323,0,2606,4,3999,4,6605,California
Del Norte,2021-04-05,53,10388,5,4222,44,5839,4,327,46,2649,7,4006,50,6655,California
Del Norte,2021-04-06,376,10764,122,4344,220,6059,34,361,147,2608,223,4229,182,6837,California
Del Norte,2021-04-07,410,11174,107,4451,247,6306,56,417,275,2804,135,4364,331,7168,California
Del Norte,2021-04-08,232,11406,54,4505,111,6417,67,484,110,2859,122,4486,177,7345,California
Del Norte,2021-04-09,178,11584,33,4538,74,6491,71,555,87,2925,90,4576,156,7501,California
Del Norte,2021-04-10,45,11629,32,4570,5,6496,8,563,33,2954,12,4588,41,7542,California
Del Norte,2021-04-11,14,11643,4,4574,1,6497,9,572,2,2953,12,4600,11,7553,California
Del Norte,2021-04-12,28,11671,2,4576,11,6508,15,587,4,2949,23,4623,19,7572,California
Del Norte,2021-04-13,50,11721,1,4577,49,6557,0,587,23,2945,27,4650,23,7595,California
El Dorado,2020-12-15,12,12,12,12,0,0,0,0,12,12,0,0,12,12,California
El Dorado,2020-12-16,40,52,40,52,0,0,0,0,40,52,0,0,40,52,California
El Dorado,2020-12-17,30,82,30,82,0,0,0,0,30,82,0,0,30,82,California
El Dorado,2020-12-18,236,318,236,318,0,0,0,0,236,318,0,0,236,318,California
El Dorado,2020-12-19,116,434,116,434,0,0,0,0,116,434,0,0,116,434,California
El Dorado,2020-12-20,85,519,85,519,0,0,0,0,85,519,0,0,85,519,California
El Dorado,2020-12-21,306,825,305,824,1,1,0,0,306,825,0,0,306,825,California
El Dorado,2020-12-22,239,1064,215,1039,24,25,0,0,239,1064,0,0,239,1064,California
El Dorado,2020-12-23,189,1253,139,1178,50,75,0,0,189,1253,0,0,189,1253,California
El Dorado,2020-12-24,86,1339,65,1243,21,96,0,0,86,1339,0,0,86,1339,California
El Dorado,2020-12-25,8,1347,8,1251,0,96,0,0,8,1347,0,0,8,1347,California
El Dorado,2020-12-26,43,1390,25,1276,18,114,0,0,43,1390,0,0,43,1390,California
El Dorado,2020-12-27,37,1427,33,1309,4,118,0,0,37,1427,0,0,37,1427,California
El Dorado,2020-12-28,217,1644,170,1479,47,165,0,0,217,1644,0,0,217,1644,California
El Dorado,2020-12-29,454,2098,140,1619,314,479,0,0,454,2098,0,0,454,2098,California
El Dorado,2020-12-30,504,2602,136,1755,368,847,0,0,504,2602,0,0,504,2602,California
El Dorado,2020-12-31,108,2710,68,1823,40,887,0,0,108,2710,0,0,108,2710,California
El Dorado,2021-01-01,6,2716,4,1827,2,889,0,0,6,2716,0,0,6,2716,California
El Dorado,2021-01-02,151,2867,140,1967,11,900,0,0,151,2867,0,0,151,2867,California
El Dorado,2021-01-03,90,2957,16,1983,74,974,0,0,90,2957,0,0,90,2957,California
El Dorado,2021-01-04,190,3147,63,2046,127,1101,0,0,190,3147,0,0,190,3147,California
El Dorado,2021-01-05,202,3349,48,2094,154,1255,0,0,186,3317,16,16,186,3333,California
El Dorado,2021-01-06,261,3610,188,2282,73,1328,0,0,198,3452,63,79,198,3531,California
El Dorado,2021-01-07,326,3936,134,2416,192,1520,0,0,256,3638,70,149,256,3787,California
El Dorado,2021-01-08,970,4906,500,2916,470,1990,0,0,767,4203,203,352,768,4555,California
El Dorado,2021-01-09,192,5098,156,3072,36,2026,0,0,124,4259,68,420,124,4679,California
El Dorado,2021-01-10,180,5278,129,3201,51,2077,0,0,111,4301,69,489,111,4790,California
El Dorado,2021-01-11,657,5935,292,3493,365,2442,0,0,459,4563,197,686,459,5249,California
El Dorado,2021-01-12,689,6624,418,3911,271,2713,0,0,441,4756,248,934,441,5690,California
El Dorado,2021-01-13,694,7318,295,4206,399,3112,0,0,535,5132,159,1093,535,6225,California
El Dorado,2021-01-14,678,7996,217,4423,461,3573,0,0,583,5620,95,1188,583,6808,California
El Dorado,2021-01-15,674,8670,184,4607,490,4063,0,0,602,6150,72,1260,602,7410,California
El Dorado,2021-01-16,171,8841,103,4710,68,4131,0,0,144,6267,27,1287,144,7554,California
El Dorado,2021-01-17,98,8939,46,4756,52,4183,0,0,81,6331,17,1304,81,7635,California
El Dorado,2021-01-18,418,9357,138,4894,280,4463,0,0,350,6613,68,1372,350,7985,California
El Dorado,2021-01-19,636,9993,351,5245,285,4748,0,0,487,6952,149,1521,488,8473,California
El Dorado,2021-01-20,1010,11003,685,5930,325,5073,0,0,898,7739,111,1632,898,9371,California
El Dorado,2021-01-21,1151,12154,569,6499,582,5655,0,0,945,8519,165,1797,945,10316,California
El Dorado,2021-01-22,1090,13244,703,7202,387,6042,0,0,1039,9508,50,1847,1039,11355,California
El Dorado,2021-01-23,737,13981,618,7820,119,6161,0,0,626,10023,111,1958,626,11981,California
El Dorado,2021-01-24,126,14107,76,7896,50,6211,0,0,107,10111,19,1977,107,12088,California
El Dorado,2021-01-25,609,14716,203,8099,406,6617,0,0,520,10542,89,2066,520,12608,California
El Dorado,2021-01-26,669,15385,361,8460,308,6925,0,0,566,11006,103,2169,567,13175,California
El Dorado,2021-01-27,925,16310,331,8791,594,7519,0,0,591,11262,335,2504,591,13766,California
El Dorado,2021-01-28,1096,17406,448,9239,648,8167,0,0,739,11644,357,2861,739,14505,California
El Dorado,2021-01-29,965,18371,487,9726,478,8645,0,0,736,12153,228,3089,737,15242,California
El Dorado,2021-01-30,612,18983,361,10087,251,8896,0,0,451,12443,161,3250,451,15693,California
El Dorado,2021-01-31,207,19190,186,10273,21,8917,0,0,178,12592,29,3279,178,15871,California
El Dorado,2021-02-01,786,19976,368,10641,418,9335,0,0,642,13091,143,3422,642,16513,California
El Dorado,2021-02-02,822,20798,363,11004,459,9794,0,0,664,13597,158,3580,664,17177,California
El Dorado,2021-02-03,896,21694,474,11478,422,10216,0,0,685,14071,211,3791,685,17862,California
El Dorado,2021-02-04,1263,22957,720,12198,543,10759,0,0,870,14548,393,4184,870,18732,California
El Dorado,2021-02-05,1475,24432,596,12794,879,11638,0,0,865,14838,575,4759,865,19597,California
El Dorado,2021-02-06,638,25070,334,13128,304,11942,0,0,530,15261,108,4867,531,20128,California
El Dorado,2021-02-07,256,25326,176,13304,80,12022,0,0,192,15389,64,4931,192,20320,California
El Dorado,2021-02-08,878,26204,416,13720,462,12484,0,0,605,15721,273,5204,605,20925,California
El Dorado,2021-02-09,903,27107,488,14208,415,12899,0,0,482,15782,421,5625,482,21407,California
El Dorado,2021-02-10,1237,28344,727,14935,510,13409,0,0,646,15838,590,6215,646,22053,California
El Dorado,2021-02-11,2124,30468,879,15814,1245,14654,0,0,953,15622,1170,7385,954,23007,California
El Dorado,2021-02-12,1557,32025,822,16636,735,15389,0,0,676,15418,881,8266,677,23684,California
El Dorado,2021-02-13,975,33000,669,17305,306,15695,0,0,429,15304,543,8809,429,24113,California
El Dorado,2021-02-14,480,33480,153,17458,327,16022,0,0,397,15618,83,8892,397,24510,California
El Dorado,2021-02-15,1181,34661,387,17845,794,16816,0,0,827,16094,354,9246,830,25340,California
El Dorado,2021-02-16,1171,35832,527,18372,644,17460,0,0,666,16257,504,9750,667,26007,California
El Dorado,2021-02-17,899,36731,371,18743,528,17988,0,0,421,16202,478,10228,423,26430,California
El Dorado,2021-02-18,2074,38805,1005,19748,1069,19057,0,0,1350,16829,723,10951,1350,27780,California
El Dorado,2021-02-19,1156,39961,599,20347,557,19614,0,0,645,16966,511,11462,648,28428,California
El Dorado,2021-02-20,912,40873,434,20781,478,20092,0,0,664,17388,242,11704,664,29092,California
El Dorado,2021-02-21,280,41153,224,21005,56,20148,0,0,100,17309,179,11883,100,29192,California
El Dorado,2021-02-22,862,42015,436,21441,426,20574,0,0,278,17005,583,12466,279,29471,California
El Dorado,2021-02-23,813,42828,470,21911,343,20917,0,0,332,16857,480,12946,332,29803,California
El Dorado,2021-02-24,992,43820,439,22350,553,21470,0,0,400,16666,592,13538,401,30204,California
El Dorado,2021-02-25,1595,45415,880,23230,715,22185,0,0,692,16462,897,14435,693,30897,California
El Dorado,2021-02-26,2325,47740,1483,24713,842,23027,0,0,1570,17279,753,15188,1570,32467,California
El Dorado,2021-02-27,1645,49385,436,25149,1209,24236,0,0,1205,18047,437,15625,1205,33672,California
El Dorado,2021-02-28,568,49953,204,25353,364,24600,0,0,417,18314,151,15776,418,34090,California
El Dorado,2021-03-01,1094,51047,449,25802,645,25245,0,0,601,18423,492,16268,601,34691,California
El Dorado,2021-03-02,876,51923,261,26063,615,25860,0,0,451,18451,423,16691,451,35142,California
El Dorado,2021-03-03,1620,53543,447,26510,1173,27033,0,0,1101,19042,512,17203,1103,36245,California
El Dorado,2021-03-04,2461,56004,1531,28041,930,27963,0,0,1193,18970,1265,18468,1193,37438,California
El Dorado,2021-03-05,1554,57558,421,28462,1128,29091,5,5,1027,19480,522,18990,1032,38470,California
El Dorado,2021-03-06,722,58280,204,28666,485,29576,33,38,379,19549,343,19333,412,38882,California
El Dorado,2021-03-07,396,58676,197,28863,181,29757,18,56,233,19639,161,19494,251,39133,California
El Dorado,2021-03-08,1316,59992,364,29227,881,30638,71,127,845,20087,468,19962,916,40049,California
El Dorado,2021-03-09,944,60936,225,29452,652,31290,67,194,557,20334,377,20339,624,40673,California
El Dorado,2021-03-10,916,61852,342,29794,519,31809,55,249,529,20535,383,20722,584,41257,California
El Dorado,2021-03-11,2977,64829,1826,31620,971,32780,180,429,1367,20483,1598,22320,1546,42803,California
El Dorado,2021-03-12,1733,66562,619,32239,871,33651,243,672,720,20447,999,23319,963,43766,California
El Dorado,2021-03-13,1029,67591,341,32580,408,34059,280,952,356,20410,671,23990,634,44400,California
El Dorado,2021-03-14,777,68368,209,32789,455,34514,113,1065,261,20268,516,24506,374,44774,California
El Dorado,2021-03-15,1365,69733,297,33086,941,35455,127,1192,579,20192,782,25288,706,45480,California
El Dorado,2021-03-16,1177,70910,401,33487,632,36087,144,1336,539,20243,632,25920,683,46163,California
El Dorado,2021-03-17,1064,71974,352,33839,617,36704,95,1431,682,20636,382,26302,775,46938,California
El Dorado,2021-03-18,2918,74892,1743,35582,1131,37835,44,1475,1936,21640,976,27278,1980,48918,California
El Dorado,2021-03-19,1075,75967,356,35938,575,38410,144,1619,604,21918,471,27749,749,49667,California
El Dorado,2021-03-20,923,76890,261,36199,645,39055,17,1636,351,21725,561,28310,368,50035,California
El Dorado,2021-03-21,1021,77911,415,36614,601,39656,5,1641,935,22580,85,28395,940,50975,California
El Dorado,2021-03-22,1474,79385,486,37100,907,40563,81,1722,1178,23547,292,28687,1259,52234,California
El Dorado,2021-03-23,1085,80470,451,37551,543,41106,91,1813,700,23961,377,29064,791,53025,California
El Dorado,2021-03-24,1404,81874,625,38176,585,41691,194,2007,674,24110,719,29783,868,53893,California
El Dorado,2021-03-25,2451,84325,1660,39836,688,42379,103,2110,1369,24506,1076,30859,1472,55365,California
El Dorado,2021-03-26,1755,86080,680,40516,966,43345,109,2219,937,24748,804,31663,1046,56411,California
El Dorado,2021-03-27,1287,87367,185,40701,1098,44443,4,2223,319,24109,962,32625,323,56734,California
El Dorado,2021-03-28,612,87979,183,40884,419,44862,10,2233,196,23902,413,33038,206,56940,California
El Dorado,2021-03-29,1303,89282,433,41317,856,45718,14,2247,834,24284,466,33504,848,57788,California
El Dorado,2021-03-30,1324,90606,411,41728,823,46541,90,2337,688,24430,631,34135,777,58565,California
El Dorado,2021-03-31,1524,92130,576,42304,885,47426,63,2400,712,24395,809,34944,774,59339,California
El Dorado,2021-04-01,3188,95318,1746,44050,1359,48785,83,2483,1532,24358,1654,36598,1617,60956,California
El Dorado,2021-04-02,1846,97164,556,44606,1197,49982,93,2576,742,24093,1100,37698,835,61791,California
El Dorado,2021-04-03,731,97895,281,44887,331,50313,119,2695,217,23915,514,38212,336,62127,California
El Dorado,2021-04-04,264,98159,83,44970,134,50447,47,2742,94,23887,169,38381,141,62268,California
El Dorado,2021-04-05,1405,99564,427,45397,891,51338,87,2829,593,23758,809,39190,680,62948,California
El Dorado,2021-04-06,1366,100930,494,45891,661,51999,211,3040,433,23470,931,40121,643,63591,California
El Dorado,2021-04-07,1511,102441,543,46434,548,52547,420,3460,529,23437,980,41101,947,64538,California
El Dorado,2021-04-08,2559,105000,1652,48086,672,53219,235,3695,1027,23173,1526,42627,1262,65800,California
El Dorado,2021-04-09,1098,106098,375,48461,540,53759,183,3878,432,23122,665,43292,614,66414,California
El Dorado,2021-04-10,666,106764,183,48644,381,54140,102,3980,369,23298,295,43587,471,66885,California
El Dorado,2021-04-11,677,107441,442,49086,219,54359,16,3996,190,23017,487,44074,206,67091,California
El Dorado,2021-04-12,1095,108536,446,49532,535,54894,114,4110,487,23015,603,44677,601,67692,California
El Dorado,2021-04-13,574,109110,333,49865,241,55135,0,4110,241,22927,329,45006,241,67933,California
Fresno,2020-12-15,2,2,2,2,0,0,0,0,2,2,0,0,2,2,California
Fresno,2020-12-16,121,123,121,123,0,0,0,0,121,123,0,0,121,123,California
Fresno,2020-12-17,120,243,120,243,0,0,0,0,120,243,0,0,120,243,California
Fresno,2020-12-18,345,588,345,588,0,0,0,0,345,588,0,0,345,588,California
Fresno,2020-12-19,157,745,157,745,0,0,0,0,157,745,0,0,157,745,California
Fresno,2020-12-20,255,1000,253,998,2,2,0,0,255,1000,0,0,255,1000,California
Fresno,2020-12-21,924,1924,923,1921,1,3,0,0,956,1956,0,0,956,1956,California
Fresno,2020-12-22,901,2825,872,2793,29,32,0,0,905,2861,0,0,905,2861,California
Fresno,2020-12-23,1084,3909,1049,3842,35,67,0,0,1085,3946,0,0,1085,3946,California
Fresno,2020-12-24,581,4490,562,4404,19,86,0,0,581,4527,0,0,581,4527,California
Fresno,2020-12-25,2,4492,1,4405,1,87,0,0,2,4529,0,0,2,4529,California
Fresno,2020-12-26,720,5212,712,5117,8,95,0,0,720,5249,0,0,720,5249,California
Fresno,2020-12-27,298,5510,204,5321,94,189,0,0,298,5547,0,0,298,5547,California
Fresno,2020-12-28,1061,6571,774,6095,287,476,0,0,1061,6608,0,0,1061,6608,California
Fresno,2020-12-29,1770,8341,1040,7135,730,1206,0,0,1768,8375,1,1,1768,8376,California
Fresno,2020-12-30,978,9319,477,7612,501,1707,0,0,978,9353,0,1,978,9354,California
Fresno,2020-12-31,893,10212,310,7922,583,2290,0,0,892,10245,0,1,892,10246,California
Fresno,2021-01-01,9,10221,3,7925,6,2296,0,0,9,10254,0,1,9,10255,California
Fresno,2021-01-02,1030,11251,717,8642,313,2609,0,0,1030,11284,0,1,1030,11285,California
Fresno,2021-01-03,154,11405,129,8771,25,2634,0,0,154,11438,0,1,154,11439,California
Fresno,2021-01-04,606,12011,373,9144,233,2867,0,0,606,12044,0,1,606,12045,California
Fresno,2021-01-05,776,12787,311,9455,465,3332,0,0,702,12672,74,75,702,12747,California
Fresno,2021-01-06,970,13757,345,9800,625,3957,0,0,798,13298,172,247,798,13545,California
Fresno,2021-01-07,1882,15639,914,10714,968,4925,0,0,1629,14677,253,500,1632,15177,California
Fresno,2021-01-08,1778,17417,616,11330,1162,6087,0,0,1412,15725,364,864,1412,16589,California
Fresno,2021-01-09,629,18046,387,11717,242,6329,0,0,355,15806,274,1138,355,16944,California
Fresno,2021-01-10,515,18561,485,12202,30,6359,0,0,202,15695,313,1451,202,17146,California
Fresno,2021-01-11,2145,20706,1741,13943,404,6763,0,0,1452,16457,693,2144,1455,18601,California
Fresno,2021-01-12,2509,23215,1816,15759,693,7456,0,0,1662,17272,849,2993,1664,20265,California
Fresno,2021-01-13,3526,26741,2414,18173,1112,8568,0,0,2670,19088,856,3849,2672,22937,California
Fresno,2021-01-14,4138,30879,2199,20372,1939,10507,0,0,3667,22285,470,4319,3667,26604,California
Fresno,2021-01-15,3626,34505,2519,22891,1107,11614,0,0,3270,25202,356,4675,3273,29877,California
Fresno,2021-01-16,3135,37640,2293,25184,842,12456,0,0,2672,27413,462,5137,2673,32550,California
Fresno,2021-01-17,975,38615,553,25737,422,12878,0,0,777,27992,198,5335,777,33327,California
Fresno,2021-01-18,3074,41689,2366,28103,708,13586,0,0,2411,29744,661,5996,2413,35740,California
Fresno,2021-01-19,4317,46006,2547,30650,1770,15356,0,0,3669,32768,648,6644,3672,39412,California
Fresno,2021-01-20,2990,48996,1183,31833,1807,17163,0,0,2693,35166,298,6942,2696,42108,California
Fresno,2021-01-21,4347,53343,2002,33835,2345,19508,0,0,4000,38842,329,7271,4005,46113,California
Fresno,2021-01-22,3304,56647,1343,35178,1961,21469,0,0,2917,41390,370,7641,2918,49031,California
Fresno,2021-01-23,3030,59677,1958,37136,1072,22541,0,0,2307,42983,722,8363,2315,51346,California
Fresno,2021-01-24,548,60225,372,37508,176,22717,0,0,345,43128,203,8566,348,51694,California
Fresno,2021-01-25,2334,62559,861,38369,1473,24190,0,0,1848,44494,486,9052,1852,53546,California
Fresno,2021-01-26,2010,64569,582,38951,1428,25618,0,0,1309,45105,699,9751,1310,54856,California
Fresno,2021-01-27,2246,66815,1162,40113,1084,26702,0,0,1727,46317,518,10269,1730,56586,California
Fresno,2021-01-28,4453,71268,3028,43141,1425,28127,0,0,3449,48769,1000,11269,3452,60038,California
Fresno,2021-01-29,1697,72965,984,44125,713,28840,0,0,1399,49874,295,11564,1400,61438,California
Fresno,2021-01-30,1436,74401,545,44670,891,29731,0,0,1022,50482,414,11978,1022,62460,California
Fresno,2021-01-31,226,74627,217,44887,9,29740,0,0,72,50400,154,12132,72,62532,California
Fresno,2021-02-01,3318,77945,1657,46544,1661,31401,0,0,1808,50717,1509,13641,1826,64358,California
Fresno,2021-02-02,2720,80665,553,47097,2167,33568,0,0,1595,51214,1111,14752,1608,65966,California
Fresno,2021-02-03,3499,84164,2063,49160,1436,35004,0,0,1516,50762,1969,16721,1517,67483,California
Fresno,2021-02-04,4198,88362,1901,51061,2297,37301,0,0,1930,50459,2238,18959,1935,69418,California
Fresno,2021-02-05,5200,93562,2599,53660,2601,39902,0,0,2184,49635,3010,21969,2186,71604,California
Fresno,2021-02-06,2930,96492,2044,55704,886,40788,0,0,973,48657,1953,23922,975,72579,California
Fresno,2021-02-07,466,96958,286,55990,180,40968,0,0,272,48736,193,24115,272,72851,California
Fresno,2021-02-08,4274,101232,2295,58285,1979,42947,0,0,1811,48117,2439,26554,1820,74671,California
Fresno,2021-02-09,5327,106559,2084,60369,3243,46190,0,0,3118,49109,2134,28688,3126,77797,California
Fresno,2021-02-10,3862,110421,1234,61603,2628,48818,0,0,1979,49270,1828,30516,1989,79786,California
Fresno,2021-02-11,6445,116866,2091,63694,4354,53172,0,0,3389,49621,3042,33558,3393,83179,California
Fresno,2021-02-12,5369,122235,1380,65074,3989,57161,0,0,2749,49773,2603,36161,2755,85934,California
Fresno,2021-02-13,3722,125957,1543,66617,2179,59340,0,0,2074,50216,1636,37797,2079,88013,California
Fresno,2021-02-14,1561,127518,281,66898,1280,60620,0,0,850,50357,710,38507,851,88864,California
Fresno,2021-02-15,2881,130399,270,67168,2611,63231,0,0,1777,51038,1100,39607,1781,90645,California
Fresno,2021-02-16,6676,137075,2402,69570,4274,67505,0,0,4248,52881,2411,42018,4254,94899,California
Fresno,2021-02-17,5321,142396,2448,72018,2873,70378,0,0,2977,53562,2300,44318,2981,97880,California
Fresno,2021-02-18,6849,149245,2902,74920,3947,74325,0,0,2573,51919,4227,48545,2584,100464,California
Fresno,2021-02-19,3828,153073,1096,76016,2732,77057,0,0,1829,51762,1989,50534,1832,102296,California
Fresno,2021-02-20,4533,157606,2497,78513,2036,79093,0,0,3062,53364,1465,51999,3067,105363,California
Fresno,2021-02-21,186,157792,170,78683,16,79109,0,0,127,53445,46,52045,127,105490,California
Fresno,2021-02-22,2221,160013,998,79681,1223,80332,0,0,1225,53687,990,53035,1232,106722,California
Fresno,2021-02-23,3857,163870,1454,81135,2403,82735,0,0,3004,55847,846,53881,3006,109728,California
Fresno,2021-02-24,4160,168030,1489,82624,2671,85406,0,0,3420,58541,730,54611,3424,113152,California
Fresno,2021-02-25,7448,175478,2497,85121,4951,90357,0,0,6002,63167,1381,55992,6007,119159,California
Fresno,2021-02-26,8272,183750,3008,88129,5264,95621,0,0,7000,68921,1251,57243,7005,126164,California
Fresno,2021-02-27,6271,190021,2188,90317,4083,99704,0,0,5589,73843,673,57916,5595,131759,California
Fresno,2021-02-28,1626,191647,527,90844,1099,100803,0,0,1544,75316,71,57987,1544,133303,California
Fresno,2021-03-01,4877,196524,1283,92127,3594,104397,0,0,3587,77631,1280,59267,3595,136898,California
Fresno,2021-03-02,8380,204904,2291,94418,6089,110486,0,0,7025,83347,1332,60599,7048,143946,California
Fresno,2021-03-03,6552,211456,1564,95982,4987,115473,1,1,5536,87994,1004,61603,5651,149597,California
Fresno,2021-03-04,8390,219846,2504,98486,5886,121359,0,1,6889,93415,1476,63079,6897,156494,California
Fresno,2021-03-05,7846,227692,2680,101166,5164,126523,2,3,6838,99454,876,63955,6915,163409,California
Fresno,2021-03-06,6429,234121,3528,104694,2784,129307,117,120,5494,104138,931,64886,5615,169024,California
Fresno,2021-03-07,1419,235540,625,105319,761,130068,33,153,1197,105147,221,65107,1230,170254,California
Fresno,2021-03-08,4853,240393,1826,107145,2874,132942,153,306,3683,107830,1163,66270,3846,174100,California
Fresno,2021-03-09,6781,247174,2310,109455,4204,137146,267,573,3867,109106,2894,69164,4170,178270,California
Fresno,2021-03-10,6565,253739,2702,112157,3477,140623,386,959,5181,113309,1373,70537,5576,183846,California
Fresno,2021-03-11,11191,264930,4499,116656,6130,146753,562,1521,6188,115164,4970,75507,6825,190671,California
Fresno,2021-03-12,11357,276287,4880,121536,6036,152789,441,1962,8426,121255,2915,78422,9006,199677,California
Fresno,2021-03-13,8035,284322,3881,125417,3142,155931,1012,2974,3866,122057,4149,82571,4951,204628,California
Fresno,2021-03-14,1727,286049,461,125878,987,156918,279,3253,648,121910,1073,83644,926,205554,California
Fresno,2021-03-15,6817,292866,2917,128795,3730,160648,170,3423,4667,124793,2138,85782,5021,210575,California
Fresno,2021-03-16,9993,302859,4390,133185,5213,165861,390,3813,6128,127569,3840,89622,6616,217191,California
Fresno,2021-03-17,8402,311261,3863,137048,3846,169707,693,4506,5637,131533,2747,92369,6711,223902,California
Fresno,2021-03-18,12111,323372,6543,143591,4938,174645,630,5136,7934,136378,4140,96509,8985,232887,California
Fresno,2021-03-19,10821,334193,5595,149186,4612,179257,614,5750,7386,141261,3410,99919,8293,241180,California
Fresno,2021-03-20,7312,341505,4381,153567,2620,181877,311,6061,4486,143518,2810,102729,5067,246247,California
Fresno,2021-03-21,1766,343271,1196,154763,198,182075,372,6433,960,144049,802,103531,1333,247580,California
Fresno,2021-03-22,5591,348862,2877,157640,2120,184195,594,7027,3801,146870,1772,105303,4593,252173,California
Fresno,2021-03-23,10568,359430,5228,162868,4849,189044,491,7518,6133,149506,4415,109718,7051,259224,California
Fresno,2021-03-24,8580,368010,3626,166494,4125,193169,829,8347,4747,151334,3801,113519,5629,264853,California
Fresno,2021-03-25,11978,379988,5550,172044,5646,198815,782,9129,6151,152555,5795,119314,7016,271869,California
Fresno,2021-03-26,11833,391821,5298,177342,5894,204709,641,9770,5264,151958,6524,125838,5927,277796,California
Fresno,2021-03-27,9347,401168,4121,181463,4141,208850,1085,10855,2936,149607,6379,132217,4028,281824,California
Fresno,2021-03-28,3248,404416,1186,182649,1391,210241,671,11526,1291,149879,1949,134166,2221,284045,California
Fresno,2021-03-29,5996,410412,1980,184629,3475,213716,541,12067,2922,150301,3054,137220,3476,287521,California
Fresno,2021-03-30,10669,421081,4179,188808,5620,219336,870,12937,4465,149456,6182,143402,5337,292858,California
Fresno,2021-03-31,9155,430236,3307,192115,4873,224209,975,13912,3876,149069,5241,148643,4854,297712,California
Fresno,2021-04-01,11179,441415,4036,196151,6294,230503,849,14761,3891,146551,7215,155858,4697,302409,California
Fresno,2021-04-02,11170,452585,4381,200532,6023,236526,766,15527,4179,144662,6842,162700,4953,307362,California
Fresno,2021-04-03,6128,458713,3374,203906,2508,239034,246,15773,2224,143281,3888,166588,2507,309869,California
Fresno,2021-04-04,1482,460195,529,204435,911,239945,42,15815,563,142973,913,167501,605,310474,California
Fresno,2021-04-05,8048,468243,4355,208790,2921,242866,772,16587,2486,140750,5552,173053,3329,313803,California
Fresno,2021-04-06,9252,477495,3842,212632,4263,247129,1147,17734,3497,139682,5726,178779,4658,318461,California
Fresno,2021-04-07,9956,487451,5175,217807,3649,250778,1132,18866,3433,137786,6492,185271,4596,323057,California
Fresno,2021-04-08,10509,497960,5017,222824,4363,255141,1129,19995,3338,135166,7130,192401,4510,327567,California
Fresno,2021-04-09,9056,507016,4143,226967,3682,258823,1231,21226,2884,133174,6132,198533,4140,331707,California
Fresno,2021-04-10,6656,513672,4131,231098,2083,260906,442,21668,3130,133224,3521,202054,3571,335278,California
Fresno,2021-04-11,1337,515009,884,231982,364,261270,89,21757,436,132853,894,202948,523,335801,California
Fresno,2021-04-12,5527,520536,3082,235064,1946,263216,499,22256,1777,131396,3733,206681,2276,338077,California
Fresno,2021-04-13,2486,523022,800,235864,1669,264885,17,22273,918,130864,1561,208242,1029,339106,California
Glenn,2020-12-17,1,1,1,1,0,0,0,0,1,1,0,0,1,1,California
Glenn,2020-12-19,1,2,1,2,0,0,0,0,1,2,0,0,1,2,California
Glenn,2020-12-20,1,3,1,3,0,0,0,0,1,3,0,0,1,3,California
Glenn,2020-12-21,11,14,11,14,0,0,0,0,11,14,0,0,11,14,California
Glenn,2020-12-22,59,73,59,73,0,0,0,0,59,73,0,0,59,73,California
Glenn,2020-12-23,26,99,26,99,0,0,0,0,26,99,0,0,26,99,California
Glenn,2020-12-24,9,108,9,108,0,0,0,0,9,108,0,0,9,108,California
Glenn,2020-12-26,2,110,2,110,0,0,0,0,2,110,0,0,2,110,California
Glenn,2020-12-27,4,114,4,114,0,0,0,0,4,114,0,0,4,114,California
Glenn,2020-12-28,21,135,21,135,0,0,0,0,21,135,0,0,21,135,California
Glenn,2020-12-29,82,217,82,217,0,0,0,0,82,217,0,0,82,217,California
Glenn,2020-12-30,128,345,106,323,22,22,0,0,128,345,0,0,128,345,California
Glenn,2020-12-31,38,383,9,332,29,51,0,0,38,383,0,0,38,383,California
Glenn,2021-01-02,2,385,2,334,0,51,0,0,2,385,0,0,2,385,California
Glenn,2021-01-04,7,392,5,339,2,53,0,0,7,392,0,0,7,392,California
Glenn,2021-01-05,9,401,8,347,1,54,0,0,9,401,0,0,9,401,California
Glenn,2021-01-06,61,462,9,356,52,106,0,0,61,462,0,0,61,462,California
Glenn,2021-01-07,66,528,12,368,54,160,0,0,64,524,2,2,64,526,California
Glenn,2021-01-08,11,539,9,377,2,162,0,0,11,535,0,2,11,537,California
Glenn,2021-01-10,1,540,1,378,0,162,0,0,0,534,1,3,0,537,California
Glenn,2021-01-11,30,570,30,408,0,162,0,0,12,528,18,21,12,549,California
Glenn,2021-01-12,42,612,37,445,5,167,0,0,14,514,28,49,14,563,California
Glenn,2021-01-13,152,764,87,532,65,232,0,0,109,580,43,92,109,672,California
Glenn,2021-01-14,184,948,96,628,88,320,0,0,174,744,10,102,174,846,California
Glenn,2021-01-15,42,990,34,662,8,328,0,0,37,776,5,107,37,883,California
Glenn,2021-01-16,34,1024,14,676,20,348,0,0,24,790,10,117,24,907,California
Glenn,2021-01-17,4,1028,2,678,2,350,0,0,2,790,2,119,2,909,California
Glenn,2021-01-18,17,1045,16,694,1,351,0,0,9,791,8,127,9,918,California
Glenn,2021-01-19,30,1075,20,714,10,361,0,0,13,787,17,144,13,931,California
Glenn,2021-01-20,163,1238,94,808,69,430,0,0,82,788,81,225,82,1013,California
Glenn,2021-01-21,124,1362,98,906,26,456,0,0,30,724,94,319,30,1043,California
Glenn,2021-01-22,337,1699,63,969,274,730,0,0,330,1047,7,326,330,1373,California
Glenn,2021-01-23,14,1713,7,976,7,737,0,0,12,1057,2,328,12,1385,California
Glenn,2021-01-24,2,1715,2,978,0,737,0,0,2,1059,0,328,2,1387,California
Glenn,2021-01-25,27,1742,9,987,18,755,0,0,24,1080,3,331,24,1411,California
Glenn,2021-01-26,29,1771,13,1000,16,771,0,0,23,1097,6,337,23,1434,California
Glenn,2021-01-27,188,1959,14,1014,174,945,0,0,166,1241,22,359,166,1600,California
Glenn,2021-01-28,146,2105,8,1022,138,1083,0,0,116,1327,30,389,116,1716,California
Glenn,2021-01-29,297,2402,12,1034,285,1368,0,0,283,1596,14,403,283,1999,California
Glenn,2021-01-30,5,2407,0,1034,5,1373,0,0,5,1601,0,403,5,2004,California
Glenn,2021-01-31,1,2408,0,1034,1,1374,0,0,1,1602,0,403,1,2005,California
Glenn,2021-02-01,28,2436,10,1044,18,1392,0,0,16,1606,12,415,16,2021,California
Glenn,2021-02-02,28,2464,13,1057,15,1407,0,0,19,1616,9,424,19,2040,California
Glenn,2021-02-03,207,2671,58,1115,149,1556,0,0,112,1633,95,519,112,2152,California
Glenn,2021-02-04,149,2820,84,1199,65,1621,0,0,45,1574,104,623,45,2197,California
Glenn,2021-02-05,320,3140,24,1223,296,1917,0,0,301,1856,19,642,301,2498,California
Glenn,2021-02-06,14,3154,2,1225,12,1929,0,0,13,1868,1,643,13,2511,California
Glenn,2021-02-07,2,3156,2,1227,0,1929,0,0,2,1870,0,643,2,2513,California
Glenn,2021-02-08,21,3177,17,1244,4,1933,0,0,4,1857,17,660,4,2517,California
Glenn,2021-02-09,49,3226,20,1264,29,1962,0,0,36,1880,13,673,36,2553,California
Glenn,2021-02-10,138,3364,19,1283,119,2081,0,0,64,1870,74,747,64,2617,California
Glenn,2021-02-11,231,3595,132,1415,99,2180,0,0,149,1937,82,829,149,2766,California
Glenn,2021-02-12,420,4015,99,1514,321,2501,0,0,356,2229,64,893,356,3122,California
Glenn,2021-02-13,34,4049,7,1521,27,2528,0,0,16,2227,18,911,16,3138,California
Glenn,2021-02-14,1,4050,0,1521,1,2529,0,0,1,2228,0,911,1,3139,California
Glenn,2021-02-15,8,4058,0,1521,8,2537,0,0,8,2236,0,911,8,3147,California
Glenn,2021-02-16,39,4097,9,1530,30,2567,0,0,21,2239,18,929,21,3168,California
Glenn,2021-02-17,379,4476,15,1545,364,2931,0,0,301,2462,78,1007,301,3469,California
Glenn,2021-02-18,134,4610,99,1644,35,2966,0,0,110,2548,24,1031,110,3579,California
Glenn,2021-02-19,304,4914,17,1661,287,3253,0,0,30,2304,274,1305,30,3609,California
Glenn,2021-02-20,8,4922,0,1661,8,3261,0,0,0,2296,8,1313,0,3609,California
Glenn,2021-02-22,33,4955,14,1675,19,3280,0,0,17,2297,16,1329,17,3626,California
Glenn,2021-02-23,40,4995,10,1685,30,3310,0,0,28,2313,12,1341,28,3654,California
Glenn,2021-02-24,222,5217,16,1701,206,3516,0,0,48,2187,174,1515,48,3702,California
Glenn,2021-02-25,262,5479,148,1849,114,3630,0,0,118,2161,144,1659,118,3820,California
Glenn,2021-02-26,305,5784,24,1873,281,3911,0,0,20,1897,284,1943,20,3840,California
Glenn,2021-02-27,15,5799,5,1878,10,3921,0,0,5,1893,9,1952,5,3845,California
Glenn,2021-02-28,6,5805,3,1881,3,3924,0,0,3,1894,2,1954,3,3848,California
Glenn,2021-03-01,28,5833,6,1887,22,3946,0,0,12,1890,16,1970,12,3860,California
Glenn,2021-03-02,35,5868,7,1894,28,3974,0,0,17,1889,18,1988,17,3877,California
Glenn,2021-03-03,190,6058,34,1928,156,4130,0,0,98,1896,91,2079,98,3975,California
Glenn,2021-03-04,520,6578,175,2103,345,4475,0,0,376,2128,144,2223,376,4351,California
Glenn,2021-03-05,356,6934,47,2150,309,4784,0,0,34,1840,322,2545,34,4385,California
Glenn,2021-03-06,26,6960,3,2153,22,4806,1,1,9,1833,17,2562,10,4395,California
Glenn,2021-03-07,5,6965,0,2153,5,4811,0,1,3,1835,1,2563,3,4398,California
Glenn,2021-03-08,20,6985,2,2155,17,4828,1,2,18,1852,2,2565,19,4417,California
Glenn,2021-03-09,74,7059,11,2166,60,4888,3,5,50,1880,24,2589,52,4469,California
Glenn,2021-03-10,171,7230,68,2234,101,4989,2,7,95,1901,76,2665,97,4566,California
Glenn,2021-03-11,584,7814,169,2403,391,5380,24,31,454,2249,130,2795,478,5044,California
Glenn,2021-03-12,415,8229,14,2417,340,5720,61,92,39,1973,376,3171,100,5144,California
Glenn,2021-03-13,11,8240,2,2419,1,5721,8,100,1,1972,10,3181,9,5153,California
Glenn,2021-03-14,3,8243,1,2420,2,5723,0,100,2,1973,1,3182,2,5155,California
Glenn,2021-03-15,75,8318,15,2435,55,5778,5,105,60,2023,15,3197,65,5220,California
Glenn,2021-03-16,104,8422,32,2467,61,5839,11,116,63,2056,41,3238,74,5294,California
Glenn,2021-03-17,413,8835,97,2564,309,6148,7,123,111,1871,302,3540,117,5411,California
Glenn,2021-03-18,519,9354,215,2779,49,6197,255,378,144,1895,375,3915,399,5810,California
Glenn,2021-03-19,91,9445,16,2795,69,6266,6,384,70,1951,20,3935,76,5886,California
Glenn,2021-03-20,120,9565,1,2796,118,6384,1,385,118,2068,2,3937,119,6005,California
Glenn,2021-03-21,6,9571,5,2801,0,6384,1,386,3,2070,2,3939,4,6009,California
Glenn,2021-03-22,116,9687,53,2854,55,6439,8,394,96,2156,18,3957,104,6113,California
Glenn,2021-03-23,168,9855,67,2921,50,6489,51,445,95,2230,72,4029,146,6259,California
Glenn,2021-03-24,204,10059,99,3020,100,6589,5,450,133,2298,70,4099,138,6397,California
Glenn,2021-03-25,455,10514,230,3250,131,6720,94,544,326,2590,128,4227,420,6817,California
Glenn,2021-03-26,225,10739,34,3284,155,6875,36,580,175,2751,50,4277,211,7028,California
Glenn,2021-03-27,152,10891,21,3305,126,7001,5,585,142,2888,10,4287,147,7175,California
Glenn,2021-03-28,15,10906,10,3315,5,7006,0,585,10,2893,5,4292,10,7185,California
Glenn,2021-03-29,58,10964,19,3334,36,7042,3,588,44,2926,14,4306,47,7232,California
Glenn,2021-03-30,73,11037,41,3375,31,7073,1,589,43,2941,29,4335,44,7276,California
Glenn,2021-03-31,125,11162,36,3411,88,7161,1,590,55,2927,70,4405,56,7332,California
Glenn,2021-04-01,641,11803,186,3597,446,7607,9,599,231,2758,409,4814,240,7572,California
Glenn,2021-04-02,158,11961,25,3622,121,7728,12,611,122,2856,36,4850,134,7706,California
Glenn,2021-04-03,90,12051,4,3626,79,7807,7,618,79,2931,11,4861,86,7792,California
Glenn,2021-04-04,8,12059,3,3629,3,7810,2,620,4,2933,4,4865,6,7798,California
Glenn,2021-04-05,63,12122,23,3652,27,7837,13,633,26,2935,37,4902,39,7837,California
Glenn,2021-04-06,141,12263,49,3701,50,7887,42,675,36,2908,104,5006,77,7914,California
Glenn,2021-04-07,153,12416,45,3746,53,7940,55,730,72,2954,81,5087,127,8041,California
Glenn,2021-04-08,614,13030,191,3937,392,8332,31,761,140,2652,473,5560,171,8212,California
Glenn,2021-04-09,140,13170,49,3986,71,8403,20,781,87,2706,53,5613,107,8319,California
Glenn,2021-04-10,73,13243,3,3989,61,8464,9,790,63,2768,10,5623,72,8391,California
Glenn,2021-04-11,21,13264,10,3999,5,8469,6,796,9,2772,11,5634,15,8406,California
Glenn,2021-04-12,66,13330,22,4021,14,8483,30,826,12,2760,54,5688,42,8448,California
Glenn,2021-04-13,56,13386,47,4068,9,8492,0,826,19,2742,37,5725,19,8467,California
Humboldt,2020-12-15,2,2,2,2,0,0,0,0,2,2,0,0,2,2,California
Humboldt,2020-12-16,15,17,15,17,0,0,0,0,15,17,0,0,15,17,California
Humboldt,2020-12-17,116,133,116,133,0,0,0,0,116,133,0,0,116,133,California
Humboldt,2020-12-18,175,308,175,308,0,0,0,0,175,308,0,0,175,308,California
Humboldt,2020-12-19,10,318,10,318,0,0,0,0,10,318,0,0,10,318,California
Humboldt,2020-12-20,28,346,28,346,0,0,0,0,28,346,0,0,28,346,California
Humboldt,2020-12-21,165,511,165,511,0,0,0,0,165,511,0,0,165,511,California
Humboldt,2020-12-22,291,802,291,802,0,0,0,0,291,802,0,0,291,802,California
Humboldt,2020-12-23,309,1111,261,1063,48,48,0,0,310,1112,0,0,310,1112,California
Humboldt,2020-12-24,25,1136,2,1065,23,71,0,0,25,1137,0,0,25,1137,California
Humboldt,2020-12-25,2,1138,2,1067,0,71,0,0,2,1139,0,0,2,1139,California
Humboldt,2020-12-26,6,1144,5,1072,1,72,0,0,6,1145,0,0,6,1145,California
Humboldt,2020-12-28,153,1297,144,1216,9,81,0,0,153,1298,0,0,153,1298,California
Humboldt,2020-12-29,165,1462,122,1338,43,124,0,0,165,1463,0,0,165,1463,California
Humboldt,2020-12-30,223,1685,124,1462,99,223,0,0,223,1686,0,0,223,1686,California
Humboldt,2020-12-31,241,1926,79,1541,162,385,0,0,241,1927,0,0,241,1927,California
Humboldt,2021-01-01,2,1928,1,1542,1,386,0,0,2,1929,0,0,2,1929,California
Humboldt,2021-01-02,39,1967,1,1543,38,424,0,0,39,1968,0,0,39,1968,California
Humboldt,2021-01-04,213,2180,140,1683,73,497,0,0,214,2182,0,0,214,2182,California
Humboldt,2021-01-05,126,2306,18,1701,108,605,0,0,125,2306,1,1,125,2307,California
Humboldt,2021-01-06,301,2607,203,1904,98,703,0,0,229,2474,61,62,229,2536,California
Humboldt,2021-01-07,419,3026,306,2210,113,816,0,0,307,2684,97,159,307,2843,California
Humboldt,2021-01-08,417,3443,279,2489,138,954,0,0,283,2837,130,289,283,3126,California
Humboldt,2021-01-09,69,3512,45,2534,24,978,0,0,66,2901,3,292,67,3193,California
Humboldt,2021-01-10,84,3596,84,2618,0,978,0,0,4,2825,80,372,4,3197,California
Humboldt,2021-01-11,288,3884,277,2895,11,989,0,0,74,2689,210,582,74,3271,California
Humboldt,2021-01-12,479,4363,316,3211,163,1152,0,0,297,2826,160,742,297,3568,California
Humboldt,2021-01-13,476,4839,273,3484,203,1355,0,0,300,2954,173,915,301,3869,California
Humboldt,2021-01-14,518,5357,161,3645,357,1712,0,0,462,3361,56,971,463,4332,California
Humboldt,2021-01-15,374,5731,40,3685,334,2046,0,0,356,3700,17,988,356,4688,California
Humboldt,2021-01-16,169,5900,6,3691,163,2209,0,0,168,3867,1,989,168,4856,California
Humboldt,2021-01-17,6,5906,4,3695,2,2211,0,0,6,3873,0,989,6,4862,California
Humboldt,2021-01-18,291,6197,256,3951,35,2246,0,0,142,3866,149,1138,142,5004,California
Humboldt,2021-01-19,616,6813,371,4322,245,2491,0,0,490,4236,120,1258,490,5494,California
Humboldt,2021-01-20,909,7722,399,4721,510,3001,0,0,762,4862,138,1396,764,6258,California
Humboldt,2021-01-21,954,8676,260,4981,694,3695,0,0,913,5734,41,1437,913,7171,California
Humboldt,2021-01-22,674,9350,375,5356,299,3994,0,0,666,6392,8,1445,666,7837,California
Humboldt,2021-01-23,797,10147,269,5625,528,4522,0,0,788,7172,9,1454,789,8626,California
Humboldt,2021-01-24,224,10371,1,5626,223,4745,0,0,224,7396,0,1454,224,8850,California
Humboldt,2021-01-25,302,10673,232,5858,70,4815,0,0,148,7390,154,1608,148,8998,California
Humboldt,2021-01-26,523,11196,141,5999,382,5197,0,0,476,7819,47,1655,476,9474,California
Humboldt,2021-01-27,1253,12449,585,6584,668,5865,0,0,1189,8951,57,1712,1189,10663,California
Humboldt,2021-01-28,1444,13893,626,7210,818,6683,0,0,1308,10128,133,1845,1310,11973,California
Humboldt,2021-01-29,1126,15019,542,7752,584,7267,0,0,709,10421,417,2262,710,12683,California
Humboldt,2021-01-30,970,15989,458,8210,512,7779,0,0,959,11370,11,2273,960,13643,California
Humboldt,2021-01-31,308,16297,307,8517,1,7780,0,0,307,11676,1,2274,307,13950,California
Humboldt,2021-02-01,331,16628,191,8708,140,7920,0,0,189,11724,141,2415,189,14139,California
Humboldt,2021-02-02,439,17067,73,8781,366,8286,0,0,337,11963,100,2515,339,14478,California
Humboldt,2021-02-03,646,17713,258,9039,388,8674,0,0,498,12313,148,2663,498,14976,California
Humboldt,2021-02-04,638,18351,261,9300,377,9051,0,0,442,12562,193,2856,442,15418,California
Humboldt,2021-02-05,807,19158,95,9395,712,9763,0,0,624,13003,183,3039,624,16042,California
Humboldt,2021-02-06,1053,20211,442,9837,611,10374,0,0,1012,13976,40,3079,1013,17055,California
Humboldt,2021-02-07,377,20588,7,9844,370,10744,0,0,373,14346,4,3083,374,17429,California
Humboldt,2021-02-08,322,20910,141,9985,181,10925,0,0,182,14389,139,3222,182,17611,California
Humboldt,2021-02-09,491,21401,217,10202,274,11199,0,0,176,14250,315,3537,176,17787,California
Humboldt,2021-02-10,559,21960,367,10569,192,11391,0,0,231,14158,323,3860,231,18018,California
Humboldt,2021-02-11,1289,23249,391,10960,898,12289,0,0,510,13892,776,4636,510,18528,California
Humboldt,2021-02-12,1142,24391,732,11692,410,12699,0,0,704,14158,438,5074,704,19232,California
Humboldt,2021-02-13,1494,25885,550,12242,944,13643,0,0,909,14484,583,5657,909,20141,California
Humboldt,2021-02-14,113,25998,5,12247,108,13751,0,0,110,14592,2,5659,110,20251,California
Humboldt,2021-02-15,291,26289,77,12324,214,13965,0,0,194,14689,97,5756,194,20445,California
Humboldt,2021-02-16,532,26821,117,12441,415,14380,0,0,250,14658,282,6038,251,20696,California
Humboldt,2021-02-17,448,27269,279,12720,169,14549,0,0,136,14482,312,6350,136,20832,California
Humboldt,2021-02-18,966,28235,595,13315,371,14920,0,0,230,13977,735,7085,230,21062,California
Humboldt,2021-02-19,475,28710,434,13749,41,14961,0,0,89,13683,383,7468,89,21151,California
Humboldt,2021-02-20,1580,30290,975,14724,605,15566,0,0,474,13056,1103,8571,476,21627,California
Humboldt,2021-02-21,477,30767,469,15193,8,15574,0,0,186,12953,290,8861,187,21814,California
Humboldt,2021-02-22,125,30892,91,15284,34,15608,0,0,26,12882,97,8958,26,21840,California
Humboldt,2021-02-23,169,31061,69,15353,100,15708,0,0,39,12793,128,9086,39,21879,California
Humboldt,2021-02-24,1143,32204,685,16038,458,16166,0,0,567,12785,575,9661,567,22446,California
Humboldt,2021-02-25,828,33032,315,16353,513,16679,0,0,226,12411,600,10261,226,22672,California
Humboldt,2021-02-26,2140,35172,106,16459,2034,18713,0,0,454,11185,1681,11942,455,23127,California
Humboldt,2021-02-27,1686,36858,1071,17530,615,19328,0,0,868,11241,816,12758,872,23999,California
Humboldt,2021-02-28,122,36980,12,17542,110,19438,0,0,116,11351,6,12764,116,24115,California
Humboldt,2021-03-01,254,37234,46,17588,208,19646,0,0,178,11453,76,12840,178,24293,California
Humboldt,2021-03-02,283,37517,48,17636,234,19880,1,1,153,11477,130,12970,154,24447,California
Humboldt,2021-03-03,1625,39142,1095,18731,530,20410,0,1,1205,12269,414,13384,1206,25653,California
Humboldt,2021-03-04,878,40020,107,18838,771,21181,0,1,263,11919,615,13999,265,25918,California
Humboldt,2021-03-05,921,40941,179,19017,731,21912,11,12,372,11757,545,14544,383,26301,California
Humboldt,2021-03-06,1681,42622,834,19851,799,22711,48,60,705,11535,975,15519,753,27054,California
Humboldt,2021-03-07,363,42985,295,20146,50,22761,18,78,157,11504,206,15725,175,27229,California
Humboldt,2021-03-08,254,43239,7,20153,169,22930,78,156,161,11650,93,15818,239,27468,California
Humboldt,2021-03-09,452,43691,200,20353,108,23038,144,300,211,11766,239,16057,355,27823,California
Humboldt,2021-03-10,681,44372,464,20817,64,23102,153,453,412,12061,268,16325,563,28386,California
Humboldt,2021-03-11,1325,45697,459,21276,765,23867,101,554,510,11857,814,17139,610,28996,California
Humboldt,2021-03-12,1716,47413,1083,22359,419,24286,214,768,1040,12445,668,17807,1256,30252,California
Humboldt,2021-03-13,1560,48973,1021,23380,488,24774,51,819,679,12300,875,18682,730,30982,California
Humboldt,2021-03-14,139,49112,18,23398,111,24885,10,829,25,12221,114,18796,35,31017,California
Humboldt,2021-03-15,265,49377,50,23448,195,25080,20,849,49,12074,216,19012,69,31086,California
Humboldt,2021-03-16,631,50008,201,23649,170,25250,260,1109,257,12217,373,19385,516,31602,California
Humboldt,2021-03-17,726,50734,397,24046,221,25471,108,1217,333,12266,392,19777,441,32043,California
Humboldt,2021-03-18,1719,52453,1164,25210,513,25984,42,1259,1036,12666,678,20455,1078,33121,California
Humboldt,2021-03-19,1071,53524,58,25268,699,26683,314,1573,439,12791,628,21083,753,33874,California
Humboldt,2021-03-20,1373,54897,752,26020,608,27291,13,1586,429,12292,942,22025,443,34317,California
Humboldt,2021-03-21,243,55140,31,26051,184,27475,28,1614,197,12471,46,22071,225,34542,California
Humboldt,2021-03-22,110,55250,16,26067,45,27520,49,1663,55,12521,54,22125,104,34646,California
Humboldt,2021-03-23,404,55654,39,26106,322,27842,43,1706,315,12792,87,22212,358,35004,California
Humboldt,2021-03-24,1408,57062,385,26491,976,28818,47,1753,1034,13504,367,22579,1079,36083,California
Humboldt,2021-03-25,1770,58832,1170,27661,537,29355,63,1816,889,13577,879,23458,952,37035,California
Humboldt,2021-03-26,2023,60855,424,28085,1543,30898,56,1872,1583,14782,434,23892,1639,38674,California
Humboldt,2021-03-27,1903,62758,1419,29504,316,31214,168,2040,1043,15136,857,24749,1211,39885,California
Humboldt,2021-03-28,262,63020,79,29583,112,31326,71,2111,84,15113,178,24927,155,40040,California
Humboldt,2021-03-29,464,63484,123,29706,246,31572,95,2206,198,15140,265,25192,292,40332,California
Humboldt,2021-03-30,930,64414,300,30006,517,32089,113,2319,559,15445,367,25559,672,41004,California
Humboldt,2021-03-31,1841,66255,510,30516,1235,33324,96,2415,1405,16513,434,25993,1502,42506,California
Humboldt,2021-04-01,2076,68331,688,31204,1300,34624,88,2503,1476,17483,594,26587,1564,44070,California
Humboldt,2021-04-02,1676,70007,1093,32297,481,35105,102,2605,596,17107,1074,27661,698,44768,California
Humboldt,2021-04-03,1640,71647,1487,33784,137,35242,16,2621,666,16825,964,28625,682,45450,California
Humboldt,2021-04-04,468,72115,359,34143,100,35342,9,2630,397,17160,71,28696,406,45856,California
Humboldt,2021-04-05,686,72801,428,34571,215,35557,43,2673,379,17276,306,29002,422,46278,California
Humboldt,2021-04-06,740,73541,257,34828,356,35913,127,2800,512,17690,224,29226,638,46916,California
Humboldt,2021-04-07,1271,74812,923,35751,231,36144,117,2917,807,18152,462,29688,924,47840,California
Humboldt,2021-04-08,1426,76238,953,36704,360,36504,113,3030,610,18061,814,30502,723,48563,California
Humboldt,2021-04-09,1002,77240,309,37013,561,37065,132,3162,770,18727,231,30733,897,49460,California
Humboldt,2021-04-10,900,78140,123,37136,620,37685,157,3319,719,19421,181,30914,875,50335,California
Humboldt,2021-04-11,584,78724,133,37269,27,37712,424,3743,115,19491,468,31382,538,50873,California
Humboldt,2021-04-12,313,79037,192,37461,69,37781,52,3795,243,19716,70,31452,295,51168,California
Humboldt,2021-04-13,255,79292,60,37521,192,37973,3,3798,239,19941,16,31468,241,51409,California
Imperial,2020-12-16,1,1,1,1,0,0,0,0,1,1,0,0,1,1,California
Imperial,2020-12-17,4,5,4,5,0,0,0,0,4,5,0,0,4,5,California
Imperial,2020-12-18,11,16,11,16,0,0,0,0,11,16,0,0,11,16,California
Imperial,2020-12-20,2,18,2,18,0,0,0,0,2,18,0,0,2,18,California
Imperial,2020-12-21,186,204,186,204,0,0,0,0,186,204,0,0,186,204,California
Imperial,2020-12-22,241,445,239,443,2,2,0,0,241,445,0,0,241,445,California
Imperial,2020-12-23,211,656,210,653,1,3,0,0,210,655,0,0,210,655,California
Imperial,2020-12-24,5,661,5,658,0,3,0,0,5,660,0,0,5,660,California
Imperial,2020-12-26,1,662,0,658,1,4,0,0,1,661,0,0,1,661,California
Imperial,2020-12-27,62,724,0,658,62,66,0,0,62,723,0,0,62,723,California
Imperial,2020-12-28,214,938,114,772,100,166,0,0,214,937,0,0,214,937,California
Imperial,2020-12-29,189,1127,36,808,153,319,0,0,189,1126,0,0,189,1126,California
Imperial,2020-12-30,366,1493,50,858,316,635,0,0,366,1492,0,0,366,1492,California
Imperial,2020-12-31,197,1690,26,884,171,806,0,0,197,1689,0,0,197,1689,California
Imperial,2021-01-01,46,1736,5,889,41,847,0,0,46,1735,0,0,46,1735,California
Imperial,2021-01-02,4,1740,0,889,4,851,0,0,4,1739,0,0,4,1739,California
Imperial,2021-01-03,90,1830,0,889,90,941,0,0,90,1829,0,0,90,1829,California
Imperial,2021-01-04,85,1915,5,894,80,1021,0,0,85,1914,0,0,85,1914,California
Imperial,2021-01-05,172,2087,13,907,159,1180,0,0,172,2086,0,0,172,2086,California
Imperial,2021-01-06,190,2277,25,932,165,1345,0,0,189,2274,1,1,189,2275,California
Imperial,2021-01-07,319,2596,9,941,310,1655,0,0,316,2587,3,4,316,2591,California
Imperial,2021-01-08,190,2786,50,991,140,1795,0,0,181,2759,9,13,181,2772,California
Imperial,2021-01-09,24,2810,21,1012,3,1798,0,0,24,2783,0,13,24,2796,California
Imperial,2021-01-10,1,2811,0,1012,1,1799,0,0,1,2784,0,13,1,2797,California
Imperial,2021-01-11,402,3213,244,1256,158,1957,0,0,174,2730,228,241,174,2971,California
Imperial,2021-01-12,404,3617,301,1557,103,2060,0,0,142,2611,261,502,142,3113,California
Imperial,2021-01-13,380,3997,132,1689,248,2308,0,0,281,2793,99,601,281,3394,California
Imperial,2021-01-14,259,4256,151,1840,108,2416,0,0,253,3041,5,606,253,3647,California
Imperial,2021-01-15,239,4495,182,2022,57,2473,0,0,232,3266,7,613,232,3879,California
Imperial,2021-01-16,76,4571,72,2094,4,2477,0,0,75,3340,1,614,75,3954,California
Imperial,2021-01-17,8,4579,2,2096,6,2483,0,0,8,3348,0,614,8,3962,California
Imperial,2021-01-18,1057,5636,402,2498,655,3138,0,0,958,4208,99,713,959,4921,California
Imperial,2021-01-19,164,5800,128,2626,36,3174,0,0,117,4278,47,760,117,5038,California
Imperial,2021-01-20,290,6090,194,2820,96,3270,0,0,252,4492,38,798,252,5290,California
Imperial,2021-01-21,414,6504,183,3003,231,3501,0,0,394,4866,20,818,394,5684,California
Imperial,2021-01-22,456,6960,189,3192,267,3768,0,0,447,5304,9,827,447,6131,California
Imperial,2021-01-23,1041,8001,290,3482,751,4519,0,0,1040,6343,1,828,1040,7171,California
Imperial,2021-01-24,10,8011,3,3485,7,4526,0,0,10,6353,0,828,10,7181,California
Imperial,2021-01-25,213,8224,5,3490,208,4734,0,0,34,6209,178,1006,34,7215,California
Imperial,2021-01-26,359,8583,184,3674,175,4909,0,0,216,6282,143,1149,216,7431,California
Imperial,2021-01-27,570,9153,162,3836,408,5317,0,0,237,6186,333,1482,237,7668,California
Imperial,2021-01-28,632,9785,159,3995,473,5790,0,0,525,6604,107,1589,525,8193,California
Imperial,2021-01-29,421,10206,295,4290,126,5916,0,0,371,6925,50,1639,371,8564,California
Imperial,2021-01-30,55,10261,30,4320,25,5941,0,0,38,6946,17,1656,38,8602,California
Imperial,2021-01-31,16,10277,6,4326,10,5951,0,0,15,6960,1,1657,15,8617,California
Imperial,2021-02-01,418,10695,53,4379,365,6316,0,0,208,6959,209,1866,208,8825,California
Imperial,2021-02-02,677,11372,54,4433,623,6939,0,0,496,7274,181,2047,496,9321,California
Imperial,2021-02-03,456,11828,47,4480,409,7348,0,0,263,7345,192,2239,263,9584,California
Imperial,2021-02-04,1715,13543,1196,5676,519,7867,0,0,1402,8435,312,2551,1402,10986,California
Imperial,2021-02-05,389,13932,241,5917,148,8015,0,0,153,8354,234,2785,153,11139,California
Imperial,2021-02-06,861,14793,838,6755,23,8038,0,0,824,9142,36,2821,824,11963,California
Imperial,2021-02-07,21,14814,9,6764,12,8050,0,0,20,9161,1,2822,20,11983,California
Imperial,2021-02-08,251,15065,42,6806,209,8259,0,0,183,9276,68,2890,183,12166,California
Imperial,2021-02-09,461,15526,145,6951,316,8575,0,0,304,9423,157,3047,304,12470,California
Imperial,2021-02-10,383,15909,54,7005,329,8904,0,0,94,9229,289,3336,95,12565,California
Imperial,2021-02-11,460,16369,257,7262,203,9107,0,0,89,8947,371,3707,89,12654,California
Imperial,2021-02-12,2115,18484,1405,8667,710,9817,0,0,1763,10359,351,4058,1763,14417,California
Imperial,2021-02-13,41,18525,18,8685,23,9840,0,0,34,10387,7,4065,35,14452,California
Imperial,2021-02-14,22,18547,11,8696,11,9851,0,0,20,10405,2,4067,20,14472,California
Imperial,2021-02-15,29,18576,10,8706,19,9870,0,0,22,10420,7,4074,22,14494,California
Imperial,2021-02-16,513,19089,266,8972,247,10117,0,0,293,10493,220,4294,293,14787,California
Imperial,2021-02-17,439,19528,285,9257,154,10271,0,0,84,10222,355,4649,84,14871,California
Imperial,2021-02-18,646,20174,308,9565,338,10609,0,0,141,9860,503,5152,141,15012,California
Imperial,2021-02-19,765,20939,381,9946,384,10993,0,0,192,9480,572,5724,192,15204,California
Imperial,2021-02-20,1040,21979,192,10138,848,11841,0,0,326,9095,713,6437,328,15532,California
Imperial,2021-02-21,589,22568,555,10693,34,11875,0,0,578,9663,10,6447,578,16110,California
Imperial,2021-02-22,809,23377,569,11262,240,12115,0,0,759,10372,50,6497,759,16869,California
Imperial,2021-02-23,935,24312,372,11634,563,12678,0,0,885,11207,50,6547,885,17754,California
Imperial,2021-02-24,700,25012,285,11919,415,13093,0,0,603,11714,96,6643,603,18357,California
Imperial,2021-02-25,814,25826,338,12257,476,13569,0,0,449,11804,364,7007,454,18811,California
Imperial,2021-02-26,1742,27568,1351,13608,391,13960,0,0,1569,13202,171,7178,1569,20380,California
Imperial,2021-02-27,857,28425,809,14417,48,14008,0,0,119,12584,738,7916,120,20500,California
Imperial,2021-02-28,29,28454,19,14436,10,14018,0,0,20,12595,9,7925,20,20520,California
Imperial,2021-03-01,488,28942,290,14726,198,14216,0,0,425,12960,61,7986,426,20946,California
Imperial,2021-03-02,670,29612,245,14971,425,14641,0,0,383,13058,287,8273,385,21331,California
Imperial,2021-03-03,911,30523,36,15007,874,15515,1,1,542,13246,366,8639,554,21885,California
Imperial,2021-03-04,743,31266,75,15082,668,16183,0,1,484,13502,257,8896,513,22398,California
Imperial,2021-03-05,2566,33832,1937,17019,629,16812,0,1,1243,13427,1320,10216,1245,23643,California
Imperial,2021-03-06,686,34518,236,17255,450,17262,0,1,645,14038,38,10254,649,24292,California
Imperial,2021-03-07,73,34591,41,17296,32,17294,0,1,53,14072,20,10274,54,24346,California
Imperial,2021-03-08,409,35000,328,17624,48,17342,33,34,359,14414,50,10324,392,24738,California
Imperial,2021-03-09,680,35680,310,17934,122,17464,248,282,395,14772,285,10609,643,25381,California
Imperial,2021-03-10,676,36356,309,18243,263,17727,104,386,311,14824,364,10973,416,25797,California
Imperial,2021-03-11,1783,38139,477,18720,1113,18840,193,579,1185,15614,598,11571,1388,27185,California
Imperial,2021-03-12,3696,41835,2538,21258,974,19814,184,763,2107,16322,1584,13155,2292,29477,California
Imperial,2021-03-13,1132,42967,89,21347,819,20633,224,987,849,17116,281,13436,1075,30552,California
Imperial,2021-03-14,172,43139,32,21379,128,20761,12,999,141,17239,31,13467,154,30706,California
Imperial,2021-03-15,672,43811,216,21595,197,20958,259,1258,377,17581,294,13761,636,31342,California
Imperial,2021-03-16,1065,44876,275,21870,337,21295,453,1711,528,18027,535,14296,981,32323,California
Imperial,2021-03-17,1547,46423,664,22534,747,22042,136,1847,971,18562,573,14869,1108,33431,California
Imperial,2021-03-18,1776,48199,1174,23708,542,22584,60,1907,1246,19343,528,15397,1309,34740,California
Imperial,2021-03-19,3337,51536,2443,26151,890,23474,4,1911,1501,19020,1829,17226,1506,36246,California
Imperial,2021-03-20,860,52396,551,26702,304,23778,5,1916,417,19008,440,17666,428,36674,California
Imperial,2021-03-21,215,52611,33,26735,178,23956,4,1920,157,19115,58,17724,165,36839,California
Imperial,2021-03-22,1022,53633,316,27051,699,24655,7,1927,603,19308,418,18142,611,37450,California
Imperial,2021-03-23,1379,55012,406,27457,967,25622,6,1933,884,19707,493,18635,892,38342,California
Imperial,2021-03-24,1866,56878,540,27997,900,26522,426,2359,899,20066,966,19601,1325,39667,California
Imperial,2021-03-25,2725,59603,496,28493,870,27392,1359,3718,995,20690,1729,21330,2353,42020,California
Imperial,2021-03-26,2430,62033,834,29327,726,28118,870,4588,760,20657,1664,22994,1631,43651,California
Imperial,2021-03-27,572,62605,262,29589,259,28377,51,4639,414,20967,155,23149,465,44116,California
Imperial,2021-03-28,206,62811,50,29639,154,28531,2,4641,170,21103,36,23185,172,44288,California
Imperial,2021-03-29,1152,63963,346,29985,389,28920,417,5058,313,20997,837,24022,731,45019,California
Imperial,2021-03-30,1402,65365,678,30663,588,29508,136,5194,673,21079,729,24751,811,45830,California
Imperial,2021-03-31,1532,66897,716,31379,809,30317,7,5201,1023,21601,508,25259,1030,46860,California
Imperial,2021-04-01,1721,68618,394,31773,1086,31403,241,5442,801,21727,916,26175,1042,47902,California
Imperial,2021-04-02,1234,69852,445,32218,716,32119,73,5515,721,22009,511,26686,793,48695,California
Imperial,2021-04-03,1454,71306,405,32623,1004,33123,45,5560,684,21972,766,27452,729,49424,California
Imperial,2021-04-04,82,71388,39,32662,27,33150,16,5576,24,21954,58,27510,40,49464,California
Imperial,2021-04-05,1776,73164,999,33661,721,33871,56,5632,334,20911,1434,28944,391,49855,California
Imperial,2021-04-06,1211,74375,514,34175,544,34415,153,5785,658,21174,550,29494,813,50668,California
Imperial,2021-04-07,2023,76398,540,34715,1136,35551,347,6132,1468,22439,551,30045,1816,52484,California
Imperial,2021-04-08,2021,78419,1075,35790,671,36222,275,6407,983,22663,1035,31080,1259,53743,California
Imperial,2021-04-09,1595,80014,498,36288,607,36829,490,6897,669,22899,924,32004,1160,54903,California
Imperial,2021-04-10,1104,81118,176,36464,677,37506,251,7148,165,22377,936,32940,414,55317,California
Imperial,2021-04-11,198,81316,27,36491,137,37643,34,7182,56,22325,142,33082,90,55407,California
Imperial,2021-04-12,761,82077,298,36789,310,37953,153,7335,258,22237,501,33583,413,55820,California
Imperial,2021-04-13,731,82808,571,37360,159,38112,1,7336,586,22681,143,33726,587,56407,California
Inyo,2020-12-19,85,85,85,85,0,0,0,0,85,85,0,0,85,85,California
Inyo,2020-12-20,58,143,58,143,0,0,0,0,58,143,0,0,58,143,California
Inyo,2020-12-21,88,231,85,228,3,3,0,0,88,231,0,0,88,231,California
Inyo,2020-12-22,105,336,105,333,0,3,0,0,105,336,0,0,105,336,California
Inyo,2020-12-23,70,406,67,400,3,6,0,0,70,406,0,0,70,406,California
Inyo,2020-12-24,16,422,16,416,0,6,0,0,16,422,0,0,16,422,California
Inyo,2020-12-25,1,423,0,416,1,7,0,0,1,423,0,0,1,423,California
Inyo,2020-12-26,74,497,74,490,0,7,0,0,74,497,0,0,74,497,California
Inyo,2020-12-28,48,545,36,526,12,19,0,0,48,545,0,0,48,545,California
Inyo,2020-12-29,20,565,20,546,0,19,0,0,20,565,0,0,20,565,California
Inyo,2020-12-30,56,621,54,600,2,21,0,0,56,621,0,0,56,621,California
Inyo,2020-12-31,29,650,0,600,29,50,0,0,29,650,0,0,29,650,California
Inyo,2021-01-01,1,651,0,600,1,51,0,0,1,651,0,0,1,651,California
Inyo,2021-01-03,1,652,0,600,1,52,0,0,1,652,0,0,1,652,California
Inyo,2021-01-04,1,653,1,601,0,52,0,0,1,653,0,0,1,653,California
Inyo,2021-01-05,34,687,0,601,34,86,0,0,34,687,0,0,34,687,California
Inyo,2021-01-06,68,755,0,601,68,154,0,0,68,755,0,0,68,755,California
Inyo,2021-01-07,31,786,1,602,30,184,0,0,31,786,0,0,31,786,California
Inyo,2021-01-08,9,795,8,610,1,185,0,0,4,786,5,5,5,791,California
Inyo,2021-01-09,87,882,86,696,1,186,0,0,1,701,86,91,1,792,California
Inyo,2021-01-10,52,934,52,748,0,186,0,0,0,649,52,143,0,792,California
Inyo,2021-01-11,97,1031,82,830,15,201,0,0,16,584,81,224,16,808,California
Inyo,2021-01-12,139,1170,118,948,21,222,0,0,28,501,111,335,28,836,California
Inyo,2021-01-13,86,1256,68,1016,18,240,0,0,21,458,65,400,22,858,California
Inyo,2021-01-14,59,1315,13,1029,46,286,0,0,49,497,10,410,49,907,California
Inyo,2021-01-15,162,1477,28,1057,134,420,0,0,162,659,0,410,162,1069,California
Inyo,2021-01-16,74,1551,73,1130,1,421,0,0,1,587,73,483,1,1070,California
Inyo,2021-01-18,58,1609,36,1166,22,443,0,0,19,567,39,522,19,1089,California
Inyo,2021-01-19,116,1725,73,1239,43,486,0,0,100,651,16,538,100,1189,California
Inyo,2021-01-20,144,1869,69,1308,75,561,0,0,90,687,54,592,90,1279,California
Inyo,2021-01-21,120,1989,57,1365,63,624,0,0,119,805,1,593,119,1398,California
Inyo,2021-01-22,62,2051,0,1365,62,686,0,0,61,865,1,594,61,1459,California
Inyo,2021-01-23,52,2103,52,1417,0,686,0,0,52,917,0,594,52,1511,California
Inyo,2021-01-25,49,2152,6,1423,43,729,0,0,37,942,12,606,37,1548,California
Inyo,2021-01-26,135,2287,53,1476,82,811,0,0,129,1065,6,612,129,1677,California
Inyo,2021-01-27,23,2310,2,1478,21,832,0,0,22,1086,1,613,22,1699,California
Inyo,2021-01-28,92,2402,2,1480,90,922,0,0,63,1120,29,642,63,1762,California
Inyo,2021-01-29,25,2427,3,1483,22,944,0,0,23,1141,2,644,23,1785,California
Inyo,2021-01-30,11,2438,1,1484,10,954,0,0,11,1152,0,644,11,1796,California
Inyo,2021-01-31,32,2470,4,1488,28,982,0,0,4,1128,28,672,4,1800,California
Inyo,2021-02-01,11,2481,9,1497,2,984,0,0,1,1119,10,682,1,1801,California
Inyo,2021-02-02,129,2610,14,1511,115,1099,0,0,103,1196,26,708,103,1904,California
Inyo,2021-02-03,116,2726,0,1511,116,1215,0,0,74,1228,42,750,74,1978,California
Inyo,2021-02-04,149,2875,31,1542,118,1333,0,0,90,1259,59,809,90,2068,California
Inyo,2021-02-05,118,2993,62,1604,56,1389,0,0,116,1373,2,811,116,2184,California
Inyo,2021-02-06,4,2997,2,1606,2,1391,0,0,3,1375,1,812,3,2187,California
Inyo,2021-02-07,4,3001,2,1608,2,1393,0,0,4,1379,0,812,4,2191,California
Inyo,2021-02-08,117,3118,7,1615,110,1503,0,0,97,1456,20,832,97,2288,California
Inyo,2021-02-09,193,3311,51,1666,142,1645,0,0,122,1507,71,903,122,2410,California
Inyo,2021-02-10,143,3454,17,1683,126,1771,0,0,109,1582,34,937,109,2519,California
Inyo,2021-02-11,219,3673,56,1739,163,1934,0,0,125,1613,94,1031,125,2644,California
Inyo,2021-02-12,299,3972,52,1791,247,2181,0,0,168,1650,131,1162,168,2812,California
Inyo,2021-02-13,60,4032,55,1846,5,2186,0,0,8,1606,52,1214,8,2820,California
Inyo,2021-02-14,1,4033,0,1846,1,2187,0,0,1,1607,0,1214,1,2821,California
Inyo,2021-02-15,29,4062,9,1855,20,2207,0,0,5,1588,24,1238,5,2826,California
Inyo,2021-02-16,180,4242,49,1904,131,2338,0,0,93,1594,87,1325,93,2919,California
Inyo,2021-02-17,37,4279,4,1908,33,2371,0,0,7,1571,30,1355,7,2926,California
Inyo,2021-02-18,121,4400,5,1913,116,2487,0,0,78,1606,43,1398,78,3004,California
Inyo,2021-02-19,52,4452,4,1917,48,2535,0,0,9,1572,43,1441,9,3013,California
Inyo,2021-02-20,503,4955,499,2416,4,2539,0,0,501,2071,2,1443,501,3514,California
Inyo,2021-02-21,267,5222,267,2683,0,2539,0,0,267,2338,0,1443,267,3781,California
Inyo,2021-02-22,61,5283,19,2702,42,2581,0,0,27,2331,34,1477,27,3808,California
Inyo,2021-02-23,197,5480,20,2722,177,2758,0,0,94,2323,102,1579,94,3902,California
Inyo,2021-02-24,116,5596,0,2722,116,2874,0,0,57,2321,59,1638,57,3959,California
Inyo,2021-02-25,131,5727,3,2725,128,3002,0,0,63,2316,68,1706,63,4022,California
Inyo,2021-02-26,104,5831,61,2786,43,3045,0,0,19,2250,85,1791,19,4041,California
Inyo,2021-02-27,15,5846,4,2790,11,3056,0,0,3,2241,12,1803,3,4044,California
Inyo,2021-02-28,3,5849,1,2791,2,3058,0,0,2,2242,1,1804,2,4046,California
Inyo,2021-03-01,20,5869,2,2793,18,3076,0,0,17,2256,3,1807,17,4063,California
Inyo,2021-03-02,191,6060,1,2794,190,3266,0,0,108,2281,83,1890,108,4171,California
Inyo,2021-03-03,83,6143,2,2796,81,3347,0,0,40,2278,43,1933,40,4211,California
Inyo,2021-03-04,128,6271,4,2800,124,3471,0,0,46,2242,82,2015,46,4257,California
Inyo,2021-03-05,142,6413,57,2857,85,3556,0,0,38,2176,104,2119,38,4295,California
Inyo,2021-03-06,31,6444,1,2858,30,3586,0,0,30,2205,1,2120,30,4325,California
Inyo,2021-03-07,7,6451,4,2862,3,3589,0,0,5,2208,2,2122,5,4330,California
Inyo,2021-03-08,181,6632,5,2867,176,3765,0,0,91,2209,90,2212,91,4421,California
Inyo,2021-03-09,185,6817,2,2869,183,3948,0,0,70,2164,115,2327,70,4491,California
Inyo,2021-03-10,70,6887,8,2877,61,4009,1,1,30,2155,40,2367,31,4522,California
Inyo,2021-03-11,203,7090,1,2878,197,4206,5,6,73,2104,129,2496,78,4600,California
Inyo,2021-03-12,173,7263,4,2882,164,4370,5,11,75,2086,98,2594,80,4680,California
Inyo,2021-03-13,575,7838,540,3422,25,4395,10,21,77,1676,497,3091,87,4767,California
Inyo,2021-03-14,431,8269,429,3851,2,4397,0,21,168,1582,262,3353,168,4935,California
Inyo,2021-03-15,51,8320,15,3866,34,4431,2,23,30,1593,21,3374,32,4967,California
Inyo,2021-03-16,163,8483,3,3869,154,4585,6,29,62,1561,100,3474,68,5035,California
Inyo,2021-03-17,107,8590,3,3872,97,4682,7,36,92,1645,15,3489,99,5134,California
Inyo,2021-03-18,182,8772,14,3886,161,4843,7,43,102,1674,80,3569,109,5243,California
Inyo,2021-03-19,45,8817,3,3889,38,4881,4,47,35,1703,10,3579,39,5282,California
Inyo,2021-03-20,21,8838,1,3890,11,4892,9,56,2,1695,19,3598,11,5293,California
Inyo,2021-03-22,60,8898,2,3892,53,4945,5,61,40,1720,20,3618,45,5338,California
Inyo,2021-03-23,193,9091,4,3896,185,5130,4,65,103,1737,90,3708,107,5445,California
Inyo,2021-03-24,139,9230,3,3899,132,5262,4,69,86,1774,53,3761,90,5535,California
Inyo,2021-03-25,324,9554,104,4003,216,5478,4,73,259,1972,65,3826,263,5798,California
Inyo,2021-03-26,90,9644,2,4005,84,5562,4,77,70,2026,20,3846,74,5872,California
Inyo,2021-03-27,51,9695,44,4049,4,5566,3,80,45,2068,6,3852,48,5920,California
Inyo,2021-03-28,4,9699,1,4050,2,5568,1,81,1,2067,3,3855,2,5922,California
Inyo,2021-03-29,109,9808,2,4052,102,5670,5,86,82,2128,26,3881,87,6009,California
Inyo,2021-03-30,209,10017,3,4055,201,5871,5,91,102,2128,107,3988,107,6116,California
Inyo,2021-03-31,145,10162,4,4059,136,6007,5,96,104,2196,41,4029,109,6225,California
Inyo,2021-04-01,165,10327,5,4064,159,6166,1,97,116,2264,49,4078,117,6342,California
Inyo,2021-04-02,81,10408,1,4065,78,6244,2,99,52,2289,29,4107,54,6396,California
Inyo,2021-04-03,94,10502,46,4111,34,6278,14,113,6,2222,86,4193,19,6415,California
Inyo,2021-04-04,5,10507,4,4115,0,6278,1,114,1,2220,4,4197,2,6417,California
Inyo,2021-04-05,117,10624,1,4116,112,6390,4,118,29,2165,88,4285,33,6450,California
Inyo,2021-04-06,226,10850,4,4120,158,6548,64,182,95,2193,131,4416,159,6609,California
Inyo,2021-04-07,195,11045,2,4122,68,6616,125,307,40,2203,155,4571,165,6774,California
Inyo,2021-04-08,172,11217,16,4138,141,6757,15,322,78,2202,94,4665,93,6867,California
Inyo,2021-04-09,96,11313,7,4145,68,6825,21,343,32,2191,64,4729,53,6920,California
Inyo,2021-04-10,45,11358,1,4146,24,6849,20,363,3,2172,42,4771,23,6943,California
Inyo,2021-04-11,2,11360,0,4146,2,6851,0,363,2,2174,0,4771,2,6945,California
Inyo,2021-04-12,80,11440,1,4147,74,6925,5,368,42,2183,38,4809,47,6992,California
Inyo,2021-04-13,30,11470,3,4150,27,6952,0,368,2,2157,28,4837,2,6994,California
Kern,2020-12-15,1,1,1,1,0,0,0,0,1,1,0,0,1,1,California
Kern,2020-12-16,19,20,19,20,0,0,0,0,19,20,0,0,19,20,California
Kern,2020-12-17,164,184,164,184,0,0,0,0,164,184,0,0,164,184,California
Kern,2020-12-18,319,503,319,503,0,0,0,0,319,503,0,0,319,503,California
Kern,2020-12-19,98,601,98,601,0,0,0,0,99,602,0,0,99,602,California
Kern,2020-12-20,61,662,61,662,0,0,0,0,61,663,0,0,61,663,California
Kern,2020-12-21,670,1332,669,1331,1,1,0,0,670,1333,0,0,670,1333,California
Kern,2020-12-22,530,1862,527,1858,3,4,0,0,530,1863,0,0,530,1863,California
Kern,2020-12-23,557,2419,418,2276,139,143,0,0,557,2420,0,0,557,2420,California
Kern,2020-12-24,122,2541,43,2319,79,222,0,0,122,2542,0,0,122,2542,California
Kern,2020-12-25,1,2542,1,2320,0,222,0,0,1,2543,0,0,1,2543,California
Kern,2020-12-26,33,2575,1,2321,32,254,0,0,33,2576,0,0,33,2576,California
Kern,2020-12-27,35,2610,3,2324,32,286,0,0,35,2611,0,0,35,2611,California
Kern,2020-12-28,824,3434,660,2984,164,450,0,0,824,3435,0,0,824,3435,California
Kern,2020-12-29,745,4179,452,3436,293,743,0,0,745,4180,0,0,745,4180,California
Kern,2020-12-30,1199,5378,908,4344,291,1034,0,0,1199,5379,0,0,1199,5379,California
Kern,2020-12-31,277,5655,98,4442,179,1213,0,0,277,5656,0,0,277,5656,California
Kern,2021-01-01,10,5665,6,4448,4,1217,0,0,10,5666,0,0,10,5666,California
Kern,2021-01-02,77,5742,18,4466,59,1276,0,0,77,5743,0,0,77,5743,California
Kern,2021-01-03,23,5765,4,4470,19,1295,0,0,23,5766,0,0,23,5766,California
Kern,2021-01-04,552,6317,359,4829,193,1488,0,0,552,6318,0,0,552,6318,California
Kern,2021-01-05,1129,7446,735,5564,394,1882,0,0,1117,7423,12,12,1117,7435,California
Kern,2021-01-06,1167,8613,455,6019,712,2594,0,0,1136,8528,31,43,1136,8571,California
Kern,2021-01-07,1404,10017,493,6512,911,3505,0,0,1235,9595,168,211,1235,9806,California
Kern,2021-01-08,1627,11644,766,7278,861,4366,0,0,1331,10629,298,509,1332,11138,California
Kern,2021-01-09,225,11869,76,7354,149,4515,0,0,191,10786,34,543,191,11329,California
Kern,2021-01-10,193,12062,147,7501,46,4561,0,0,152,10897,41,584,152,11481,California
Kern,2021-01-11,1551,13613,981,8482,570,5131,0,0,998,11342,553,1137,998,12479,California
Kern,2021-01-12,1870,15483,810,9292,1060,6191,0,0,1360,12192,510,1647,1360,13839,California
Kern,2021-01-13,1856,17339,867,10159,989,7180,0,0,1434,13204,422,2069,1434,15273,California
Kern,2021-01-14,2179,19518,645,10804,1534,8714,0,0,2134,15292,46,2115,2134,17407,California
Kern,2021-01-15,2703,22221,858,11662,1845,10559,0,0,2605,17803,95,2210,2606,20013,California
Kern,2021-01-16,669,22890,212,11874,457,11016,0,0,635,18404,34,2244,635,20648,California
Kern,2021-01-17,72,22962,7,11881,65,11081,0,0,70,18472,2,2246,70,20718,California
Kern,2021-01-18,1642,24604,658,12539,984,12065,0,0,1473,19776,169,2415,1473,22191,California
Kern,2021-01-19,1847,26451,1027,13566,820,12885,0,0,1380,20689,467,2882,1380,23571,California
Kern,2021-01-20,2443,28894,1510,15076,933,13818,0,0,1818,21889,620,3502,1820,25391,California
Kern,2021-01-21,2161,31055,917,15993,1244,15062,0,0,1967,23663,193,3695,1967,27358,California
Kern,2021-01-22,2709,33764,1291,17284,1418,16480,0,0,2433,25822,274,3969,2433,29791,California
Kern,2021-01-23,1247,35011,534,17818,713,17193,0,0,1201,26977,46,4015,1201,30992,California
Kern,2021-01-24,159,35170,19,17837,140,17333,0,0,154,27126,5,4020,154,31146,California
Kern,2021-01-25,2378,37548,1082,18919,1296,18629,0,0,1896,28542,481,4501,1897,33043,California
Kern,2021-01-26,2750,40298,1114,20033,1636,20265,0,0,1899,29591,850,5351,1899,34942,California
Kern,2021-01-27,3551,43849,1896,21929,1655,21920,0,0,2854,31750,695,6046,2854,37796,California
Kern,2021-01-28,2854,46703,1346,23275,1508,23428,0,0,2424,33751,426,6472,2427,40223,California
Kern,2021-01-29,3767,50470,1799,25074,1968,25396,0,0,3228,36443,536,7008,3228,43451,California
Kern,2021-01-30,1321,51791,496,25570,825,26221,0,0,1274,37672,45,7053,1274,44725,California
Kern,2021-01-31,404,52195,277,25847,127,26348,0,0,269,37806,135,7188,269,44994,California
Kern,2021-02-01,2403,54598,812,26659,1591,27939,0,0,1855,39117,545,7733,1856,46850,California
Kern,2021-02-02,2918,57516,972,27631,1946,29885,0,0,2056,40312,862,8595,2057,48907,California
Kern,2021-02-03,3653,61169,1549,29180,2104,31989,0,0,2687,42040,959,9554,2687,51594,California
Kern,2021-02-04,3797,64966,1448,30628,2349,34338,0,0,2583,43420,1203,10757,2583,54177,California
Kern,2021-02-05,4847,69813,1990,32618,2857,37195,0,0,3089,44770,1739,12496,3089,57266,California
Kern,2021-02-06,1734,71547,765,33383,969,38164,0,0,1511,46061,220,12716,1511,58777,California
Kern,2021-02-07,284,71831,151,33534,133,38297,0,0,268,46315,14,12730,268,59045,California
Kern,2021-02-08,2559,74390,788,34322,1771,40068,0,0,1257,46288,1284,14014,1257,60302,California
Kern,2021-02-09,3022,77412,982,35304,2040,42108,0,0,1464,46202,1551,15565,1465,61767,California
Kern,2021-02-10,3781,81193,1654,36958,2127,44235,0,0,1894,46226,1871,17436,1895,63662,California
Kern,2021-02-11,4253,85446,1537,38495,2716,46951,0,0,2230,46446,2010,19446,2230,65892,California
Kern,2021-02-12,4948,90394,1891,40386,3057,50008,0,0,2480,46472,2454,21900,2480,68372,California
Kern,2021-02-13,2007,92401,725,41111,1282,51290,0,0,1166,46799,839,22739,1166,69538,California
Kern,2021-02-14,350,92751,13,41124,337,51627,0,0,269,46988,80,22819,269,69807,California
Kern,2021-02-15,2732,95483,886,42010,1846,53473,0,0,1206,46677,1518,24337,1207,71014,California
Kern,2021-02-16,2946,98429,719,42729,2227,55700,0,0,1661,47064,1275,25612,1662,72676,California
Kern,2021-02-17,4055,102484,2070,44799,1985,57685,0,0,1926,46868,2123,27735,1927,74603,California
Kern,2021-02-18,3748,106232,1473,46272,2275,59960,0,0,1621,46375,2114,29849,1621,76224,California
Kern,2021-02-19,4195,110427,1917,48189,2278,62238,0,0,1739,45666,2449,32298,1740,77964,California
Kern,2021-02-20,2572,112999,969,49158,1603,63841,0,0,1339,45775,1230,33528,1339,79303,California
Kern,2021-02-21,246,113245,140,49298,106,63947,0,0,85,45702,159,33687,86,79389,California
Kern,2021-02-22,2654,115899,1146,50444,1508,65455,0,0,1428,45909,1221,34908,1428,80817,California
Kern,2021-02-23,3533,119432,1115,51559,2418,67873,0,0,1976,46330,1555,36463,1976,82793,California
Kern,2021-02-24,5153,124585,2263,53822,2890,70763,0,0,3073,47327,2076,38539,3073,85866,California
Kern,2021-02-25,5346,129931,2442,56264,2904,73667,0,0,3171,48341,2157,40696,3171,89037,California
Kern,2021-02-26,6876,136807,3514,59778,3362,77029,0,0,4354,50179,2517,43213,4355,93392,California
Kern,2021-02-27,3848,140655,1888,61666,1960,78989,0,0,2514,51367,1326,44539,2514,95906,California
Kern,2021-02-28,905,141560,496,62162,409,79398,0,0,689,51842,214,44753,689,96595,California
Kern,2021-03-01,3972,145532,1802,63964,2170,81568,0,0,2684,53244,1282,46035,2684,99279,California
Kern,2021-03-02,4353,149885,1367,65331,2985,84553,1,1,2854,54608,1490,47525,2854,102133,California
Kern,2021-03-03,5731,155616,2665,67996,3066,87619,0,1,3654,56201,2062,49587,3655,105788,California
Kern,2021-03-04,5505,161121,2121,70117,3382,91001,2,3,3517,57744,1975,51562,3518,109306,California
Kern,2021-03-05,6438,167559,2654,72771,3767,94768,17,20,4024,59378,2407,53969,4041,113347,California
Kern,2021-03-06,4657,172216,1888,74659,2671,97439,98,118,3399,61626,1249,55218,3497,116844,California
Kern,2021-03-07,2036,174252,1582,76241,408,97847,46,164,1848,63333,187,55405,1894,118738,California
Kern,2021-03-08,2793,177045,850,77091,1731,99578,212,376,1449,63651,1341,56746,1659,120397,California
Kern,2021-03-09,3574,180619,760,77851,2431,102009,383,759,2183,64828,1387,58133,2564,122961,California
Kern,2021-03-10,6013,186632,2459,80310,2484,104493,1070,1829,3498,66892,2504,60637,4568,127529,California
Kern,2021-03-11,6257,192889,2395,82705,2847,107340,1015,2844,3723,69105,2523,63160,4736,132265,California
Kern,2021-03-12,7607,200496,2903,85608,3360,110700,1344,4188,4128,71100,3469,66629,5464,137729,California
Kern,2021-03-13,4379,204875,2293,87901,1750,112450,336,4524,2979,73014,1395,68024,3309,141038,California
Kern,2021-03-14,2261,207136,1408,89309,610,113060,243,4767,1741,74478,517,68541,1981,143019,California
Kern,2021-03-15,4219,211355,1068,90377,2440,115500,711,5478,2162,75302,2047,70588,2871,145890,California
Kern,2021-03-16,4303,215658,997,91374,2777,118277,529,6007,2311,76157,1982,72570,2837,148727,California
Kern,2021-03-17,7177,222835,3782,95156,2855,121132,540,6547,4266,78062,2899,75469,4804,153531,California
Kern,2021-03-18,6920,229755,3357,98513,2988,124120,575,7122,4104,79941,2798,78267,4677,158208,California
Kern,2021-03-19,8591,238346,4661,103174,3282,127402,648,7770,4428,80864,4151,82418,5074,163282,California
Kern,2021-03-20,5882,244228,3549,106723,2160,129562,173,7943,3787,82740,2085,84503,3961,167243,California
Kern,2021-03-21,2856,247084,1738,108461,241,129803,877,8820,1686,84139,1165,85668,2564,169807,California
Kern,2021-03-22,3902,250986,1519,109980,2026,131829,357,9177,1890,84381,2005,87673,2247,172054,California
Kern,2021-03-23,4603,255589,1637,111617,2786,134615,180,9357,2442,84871,2131,89804,2621,174675,California
Kern,2021-03-24,6944,262533,3493,115110,2982,137597,469,9826,3644,85697,3286,93090,4112,178787,California
Kern,2021-03-25,6571,269104,2863,117973,3387,140984,321,10147,3285,86031,3272,96362,3606,182393,California
Kern,2021-03-26,9382,278486,4132,122105,3999,144983,1251,11398,4657,87236,4704,101066,5909,188302,California
Kern,2021-03-27,5421,283907,3725,125830,1574,146557,122,11520,3316,88578,2096,103162,3438,191740,California
Kern,2021-03-28,4203,288110,3720,129550,469,147026,14,11534,2659,89714,1537,104699,2673,194413,California
Kern,2021-03-29,4166,292276,1622,131172,2264,149290,280,11814,2604,91048,1549,106248,2883,197296,California
Kern,2021-03-30,5416,297692,1802,132974,3308,152598,306,12120,3076,92095,2333,108581,3380,200676,California
Kern,2021-03-31,8075,305767,4238,137212,3192,155790,645,12765,4292,93265,3767,112348,4937,205613,California
Kern,2021-04-01,7565,313332,3625,140837,3644,159434,296,13061,4095,94200,3453,115801,4388,210001,California
Kern,2021-04-02,8092,321424,4176,145013,3309,162743,607,13668,4078,94883,3998,119799,4681,214682,California
Kern,2021-04-03,5645,327069,3359,148372,2104,164847,182,13850,2586,94602,3048,122847,2767,217449,California
Kern,2021-04-04,1225,328294,768,149140,373,165220,84,13934,448,94359,775,123622,532,217981,California
Kern,2021-04-05,5275,333569,2168,151308,2349,167569,758,14692,2845,95542,2418,126040,3601,221582,California
Kern,2021-04-06,6511,340080,2365,153673,2980,170549,1166,15858,3497,97206,2999,129039,4663,226245,California
Kern,2021-04-07,9174,349254,5360,159033,2870,173419,944,16802,4612,98218,4544,133583,5556,231801,California
Kern,2021-04-08,8474,357728,4698,163731,2880,176299,896,17698,3873,98407,4575,138158,4764,236565,California
Kern,2021-04-09,8234,365962,4188,167919,3198,179497,848,18546,3591,98214,4629,142787,4436,241001,California
Kern,2021-04-10,6281,372243,3375,171294,1706,181203,1200,19746,2239,97615,4034,146821,3435,244436,California
Kern,2021-04-11,3618,375861,2785,174079,345,181548,488,20234,1397,97287,2210,149031,1882,246318,California
Kern,2021-04-12,3220,379081,764,174843,1977,183525,479,20713,1225,97009,1982,151013,1704,248022,California
Kern,2021-04-13,1889,380970,398,175241,1489,185014,2,20715,882,96895,999,152012,885,248907,California
Kings,2020-12-16,1,1,1,1,0,0,0,0,1,1,0,0,1,1,California
Kings,2020-12-17,8,9,8,9,0,0,0,0,8,9,0,0,8,9,California
Kings,2020-12-18,12,21,12,21,0,0,0,0,12,21,0,0,12,21,California
Kings,2020-12-19,11,32,11,32,0,0,0,0,11,32,0,0,11,32,California
Kings,2020-12-20,13,45,13,45,0,0,0,0,13,45,0,0,13,45,California
Kings,2020-12-21,155,200,155,200,0,0,0,0,271,316,0,0,271,316,California
Kings,2020-12-22,143,343,143,343,0,0,0,0,140,456,0,0,140,456,California
Kings,2020-12-23,134,477,122,465,12,12,0,0,135,591,0,0,135,591,California
Kings,2020-12-24,11,488,9,474,2,14,0,0,11,602,0,0,11,602,California
Kings,2020-12-26,7,495,4,478,3,17,0,0,7,609,0,0,7,609,California
Kings,2020-12-27,4,499,4,482,0,17,0,0,4,613,0,0,4,613,California
Kings,2020-12-28,131,630,103,585,28,45,0,0,132,745,0,0,132,745,California
Kings,2020-12-29,78,708,51,636,27,72,0,0,79,824,0,0,79,824,California
Kings,2020-12-30,147,855,108,744,39,111,0,0,147,971,0,0,147,971,California
Kings,2020-12-31,43,898,6,750,37,148,0,0,43,1014,0,0,43,1014,California
Kings,2021-01-01,1,899,0,750,1,149,0,0,1,1015,0,0,1,1015,California
Kings,2021-01-02,10,909,9,759,1,150,0,0,10,1025,0,0,10,1025,California
Kings,2021-01-04,113,1022,42,801,71,221,0,0,113,1138,0,0,113,1138,California
Kings,2021-01-05,197,1219,39,840,158,379,0,0,197,1335,0,0,197,1335,California
Kings,2021-01-06,276,1495,177,1017,99,478,0,0,273,1605,3,3,273,1608,California
Kings,2021-01-07,178,1673,81,1098,97,575,0,0,170,1767,8,11,170,1778,California
Kings,2021-01-08,247,1920,54,1152,193,768,0,0,228,1976,19,30,228,2006,California
Kings,2021-01-09,63,1983,9,1161,54,822,0,0,55,2023,8,38,55,2061,California
Kings,2021-01-10,15,1998,3,1164,12,834,0,0,12,2032,3,41,12,2073,California
Kings,2021-01-11,518,2516,356,1520,162,996,0,0,274,2063,244,285,275,2348,California
Kings,2021-01-12,349,2865,252,1772,97,1093,0,0,215,2147,131,416,215,2563,California
Kings,2021-01-13,414,3279,267,2039,147,1240,0,0,323,2379,91,507,323,2886,California
Kings,2021-01-14,208,3487,31,2070,177,1417,0,0,198,2557,21,528,199,3085,California
Kings,2021-01-15,414,3901,28,2098,386,1803,0,0,402,2947,12,540,402,3487,California
Kings,2021-01-16,31,3932,12,2110,19,1822,0,0,30,2976,1,541,30,3517,California
Kings,2021-01-17,8,3940,5,2115,3,1825,0,0,6,2980,2,543,6,3523,California
Kings,2021-01-18,172,4112,40,2155,132,1957,0,0,146,3100,26,569,146,3669,California
Kings,2021-01-19,376,4488,158,2313,218,2175,0,0,248,3220,128,697,248,3917,California
Kings,2021-01-20,225,4713,135,2448,90,2265,0,0,120,3239,101,798,120,4037,California
Kings,2021-01-21,186,4899,32,2480,154,2419,0,0,172,3395,16,814,172,4209,California
Kings,2021-01-22,125,5024,38,2518,87,2506,0,0,125,3515,5,819,125,4334,California
Kings,2021-01-23,26,5050,14,2532,12,2518,0,0,20,3529,6,825,20,4354,California
Kings,2021-01-24,4,5054,4,2536,0,2518,0,0,2,3529,2,827,2,4356,California
Kings,2021-01-25,124,5178,26,2562,98,2616,0,0,90,3585,34,861,90,4446,California
Kings,2021-01-26,153,5331,34,2596,119,2735,0,0,114,3660,39,900,114,4560,California
Kings,2021-01-27,318,5649,34,2630,284,3019,0,0,248,3839,69,969,248,4808,California
Kings,2021-01-28,324,5973,46,2676,278,3297,0,0,271,4057,53,1022,271,5079,California
Kings,2021-01-29,86,6059,26,2702,60,3357,0,0,69,4109,17,1039,69,5148,California
Kings,2021-01-30,1556,7615,31,2733,1525,4882,0,0,1553,5661,3,1042,1555,6703,California
Kings,2021-02-01,199,7814,64,2797,135,5017,0,0,71,5606,126,1168,71,6774,California
Kings,2021-02-02,226,8040,14,2811,212,5229,0,0,81,5543,144,1312,81,6855,California
Kings,2021-02-03,356,8396,192,3003,164,5393,0,0,202,5592,153,1465,202,7057,California
Kings,2021-02-04,392,8788,97,3100,295,5688,0,0,197,5595,194,1659,197,7254,California
Kings,2021-02-05,254,9042,12,3112,242,5930,0,0,100,5543,152,1811,100,7354,California
Kings,2021-02-06,60,9102,10,3122,50,5980,0,0,27,5537,33,1844,27,7381,California
Kings,2021-02-07,5,9107,3,3125,2,5982,0,0,3,5538,2,1846,3,7384,California
Kings,2021-02-08,169,9276,29,3154,140,6122,0,0,68,5505,101,1947,68,7452,California
Kings,2021-02-09,253,9529,57,3211,196,6318,0,0,110,5474,141,2088,110,7562,California
Kings,2021-02-10,286,9815,112,3323,174,6492,0,0,173,5534,113,2201,173,7735,California
Kings,2021-02-11,429,10244,65,3388,364,6856,0,0,318,5742,110,2311,318,8053,California
Kings,2021-02-12,610,10854,36,3424,574,7430,0,0,341,5814,269,2580,341,8394,California
Kings,2021-02-13,102,10956,6,3430,96,7526,0,0,77,5866,25,2605,77,8471,California
Kings,2021-02-14,102,11058,4,3434,98,7624,0,0,94,5952,8,2613,94,8565,California
Kings,2021-02-15,246,11304,5,3439,241,7865,0,0,137,5981,108,2721,137,8702,California
Kings,2021-02-16,483,11787,32,3471,451,8316,0,0,250,5999,232,2953,250,8952,California
Kings,2021-02-17,378,12165,22,3493,356,8672,0,0,241,6104,137,3090,242,9194,California
Kings,2021-02-18,154,12319,23,3516,131,8803,0,0,99,6149,55,3145,100,9294,California
Kings,2021-02-19,157,12476,22,3538,135,8938,0,0,101,6197,53,3198,101,9395,California
Kings,2021-02-20,171,12647,40,3578,131,9069,0,0,134,6294,37,3235,134,9529,California
Kings,2021-02-21,2,12649,1,3579,1,9070,0,0,2,6296,0,3235,2,9531,California
Kings,2021-02-22,110,12759,19,3598,91,9161,0,0,51,6288,59,3294,51,9582,California
Kings,2021-02-23,291,13050,69,3667,222,9383,0,0,174,6345,117,3411,174,9756,California
Kings,2021-02-24,590,13640,152,3819,438,9821,0,0,378,6511,212,3623,378,10134,California
Kings,2021-02-25,662,14302,112,3931,550,10371,0,0,443,6737,217,3840,443,10577,California
Kings,2021-02-26,655,14957,130,4061,525,10896,0,0,592,7267,62,3902,592,11169,California
Kings,2021-02-27,1498,16455,62,4123,1436,12332,0,0,565,6900,932,4834,565,11734,California
Kings,2021-02-28,1170,17625,595,4718,575,12907,0,0,672,7077,495,5329,672,12406,California
Kings,2021-03-01,256,17881,77,4795,179,13086,0,0,212,7245,44,5373,212,12618,California
Kings,2021-03-02,466,18347,204,4999,262,13348,0,0,417,7614,49,5422,418,13036,California
Kings,2021-03-03,609,18956,293,5292,316,13664,0,0,424,7854,184,5606,424,13460,California
Kings,2021-03-04,709,19665,341,5633,368,14032,0,0,615,8376,94,5700,616,14076,California
Kings,2021-03-05,1002,20667,349,5982,644,14676,9,9,886,9156,116,5816,896,14972,California
Kings,2021-03-06,508,21175,183,6165,312,14988,13,22,479,9619,29,5845,492,15464,California
Kings,2021-03-07,363,21538,222,6387,137,15125,4,26,355,9970,8,5853,359,15823,California
Kings,2021-03-08,349,21887,96,6483,200,15325,53,79,240,10153,109,5962,292,16115,California
Kings,2021-03-09,471,22358,196,6679,220,15545,55,134,366,10470,105,6067,422,16537,California
Kings,2021-03-10,496,22854,121,6800,284,15829,91,225,315,10695,180,6247,405,16942,California
Kings,2021-03-11,1007,23861,307,7107,590,16419,110,335,603,11006,402,6649,713,17655,California
Kings,2021-03-12,1257,25118,383,7490,781,17200,93,428,873,11591,383,7032,968,18623,California
Kings,2021-03-13,660,25778,331,7821,285,17485,44,472,541,12058,119,7151,586,19209,California
Kings,2021-03-14,667,26445,102,7923,183,17668,382,854,200,12173,467,7618,582,19791,California
Kings,2021-03-15,605,27050,174,8097,316,17984,115,969,369,12424,235,7853,486,20277,California
Kings,2021-03-16,1040,28090,438,8535,541,18525,61,1030,706,12857,334,8187,767,21044,California
Kings,2021-03-17,1083,29173,417,8952,605,19130,61,1091,769,13380,314,8501,837,21881,California
Kings,2021-03-18,1085,30258,465,9417,400,19530,220,1311,756,14031,328,8829,979,22860,California
Kings,2021-03-19,927,31185,468,9885,374,19904,85,1396,709,14620,218,9047,807,23667,California
Kings,2021-03-20,623,31808,253,10138,340,20244,30,1426,451,14938,170,9217,488,24155,California
Kings,2021-03-21,1396,33204,1088,11226,297,20541,11,1437,842,15237,554,9771,853,25008,California
Kings,2021-03-22,446,33650,201,11427,162,20703,83,1520,274,15426,172,9943,361,25369,California
Kings,2021-03-23,883,34533,488,11915,336,21039,59,1579,570,15747,311,10254,632,26001,California
Kings,2021-03-24,906,35439,467,12382,416,21455,23,1602,503,15874,401,10655,528,26529,California
Kings,2021-03-25,877,36316,442,12824,409,21864,26,1628,439,15903,436,11091,465,26994,California
Kings,2021-03-26,1281,37597,376,13200,820,22684,85,1713,529,15770,747,11838,614,27608,California
Kings,2021-03-27,616,38213,246,13446,358,23042,12,1725,172,15512,442,12280,184,27792,California
Kings,2021-03-28,539,38752,468,13914,64,23106,7,1732,337,15662,202,12482,352,28144,California
Kings,2021-03-29,451,39203,196,14110,195,23301,60,1792,246,15764,203,12685,305,28449,California
Kings,2021-03-30,822,40025,450,14560,334,23635,38,1830,454,15889,367,13052,492,28941,California
Kings,2021-03-31,712,40737,369,14929,278,23913,65,1895,417,16081,290,13342,482,29423,California
Kings,2021-04-01,746,41483,372,15301,294,24207,80,1975,340,16101,400,13742,420,29843,California
Kings,2021-04-02,965,42448,418,15719,426,24633,121,2096,428,16116,533,14275,548,30391,California
Kings,2021-04-03,468,42916,326,16045,136,24769,6,2102,158,15978,304,14579,166,30557,California
Kings,2021-04-04,156,43072,82,16127,68,24837,6,2108,44,15917,111,14690,50,30607,California
Kings,2021-04-05,1038,44110,321,16448,467,25304,250,2358,257,15644,780,15470,507,31114,California
Kings,2021-04-06,1149,45259,427,16875,418,25722,304,2662,278,15357,868,16338,581,31695,California
Kings,2021-04-07,1337,46596,639,17514,512,26234,186,2848,414,15036,921,17259,600,32295,California
Kings,2021-04-08,1556,48152,607,18121,707,26941,242,3090,364,14460,1182,18441,606,32901,California
Kings,2021-04-09,855,49007,384,18505,315,27256,156,3246,168,14097,686,19127,323,33224,California
Kings,2021-04-10,574,49581,320,18825,152,27408,102,3348,169,13965,403,19530,271,33495,California
Kings,2021-04-11,315,49896,77,18902,233,27641,5,3353,187,14029,128,19658,192,33687,California
Kings,2021-04-12,353,50249,125,19027,161,27802,67,3420,61,13867,291,19949,129,33816,California
Kings,2021-04-13,147,50396,28,19055,119,27921,0,3420,47,13818,100,20049,51,33867,California
Lake,2020-12-17,4,4,4,4,0,0,0,0,4,4,0,0,4,4,California
Lake,2020-12-18,51,55,51,55,0,0,0,0,51,55,0,0,51,55,California
Lake,2020-12-19,3,58,3,58,0,0,0,0,3,58,0,0,3,58,California
Lake,2020-12-20,6,64,6,64,0,0,0,0,6,64,0,0,6,64,California
Lake,2020-12-21,86,150,86,150,0,0,0,0,86,150,0,0,86,150,California
Lake,2020-12-22,63,213,60,210,3,3,0,0,63,213,0,0,63,213,California
Lake,2020-12-23,123,336,114,324,9,12,0,0,123,336,0,0,123,336,California
Lake,2020-12-24,2,338,0,324,2,14,0,0,2,338,0,0,2,338,California
Lake,2020-12-26,2,340,2,326,0,14,0,0,2,340,0,0,2,340,California
Lake,2020-12-27,2,342,2,328,0,14,0,0,2,342,0,0,2,342,California
Lake,2020-12-28,52,394,43,371,9,23,0,0,52,394,0,0,52,394,California
Lake,2020-12-29,49,443,44,415,5,28,0,0,49,443,0,0,49,443,California
Lake,2020-12-30,123,566,116,531,7,35,0,0,123,566,0,0,123,566,California
Lake,2020-12-31,67,633,64,595,3,38,0,0,67,633,0,0,67,633,California
Lake,2021-01-01,1,634,0,595,1,39,0,0,1,634,0,0,1,634,California
Lake,2021-01-02,2,636,1,596,1,40,0,0,2,636,0,0,2,636,California
Lake,2021-01-04,86,722,21,617,65,105,0,0,86,722,0,0,86,722,California
Lake,2021-01-05,119,841,59,676,60,165,0,0,117,837,2,2,117,839,California
Lake,2021-01-06,105,946,65,741,40,205,0,0,103,938,2,4,103,942,California
Lake,2021-01-07,103,1049,82,823,21,226,0,0,94,1023,9,13,94,1036,California
Lake,2021-01-08,152,1201,124,947,28,254,0,0,100,1071,52,65,100,1136,California
Lake,2021-01-09,62,1263,60,1007,2,256,0,0,58,1125,4,69,58,1194,California
Lake,2021-01-10,3,1266,3,1010,0,256,0,0,0,1122,3,72,0,1194,California
Lake,2021-01-11,193,1459,152,1162,41,297,0,0,113,1155,80,152,113,1307,California
Lake,2021-01-12,80,1539,48,1210,32,329,0,0,56,1187,24,176,56,1363,California
Lake,2021-01-13,164,1703,112,1322,52,381,0,0,107,1237,57,233,107,1470,California
Lake,2021-01-14,146,1849,46,1368,100,481,0,0,124,1339,22,255,124,1594,California
Lake,2021-01-15,216,2065,92,1460,124,605,0,0,189,1501,27,282,189,1783,California
Lake,2021-01-16,137,2202,83,1543,54,659,0,0,135,1634,2,284,135,1918,California
Lake,2021-01-17,18,2220,6,1549,12,671,0,0,12,1640,6,290,12,1930,California
Lake,2021-01-18,245,2465,224,1773,21,692,0,0,127,1649,118,408,127,2057,California
Lake,2021-01-19,311,2776,117,1890,194,886,0,0,266,1871,45,453,267,2324,California
Lake,2021-01-20,419,3195,79,1969,340,1226,0,0,356,2165,62,515,356,2680,California
Lake,2021-01-21,432,3627,49,2018,383,1609,0,0,397,2527,35,550,397,3077,California
Lake,2021-01-22,315,3942,45,2063,270,1879,0,0,279,2770,36,586,279,3356,California
Lake,2021-01-23,122,4064,5,2068,117,1996,0,0,121,2890,1,587,121,3477,California
Lake,2021-01-24,4,4068,1,2069,3,1999,0,0,4,2894,0,587,4,3481,California
Lake,2021-01-25,256,4324,95,2164,161,2160,0,0,175,2988,81,668,175,3656,California
Lake,2021-01-26,427,4751,35,2199,392,2552,0,0,404,3369,23,691,404,4060,California
Lake,2021-01-27,355,5106,39,2238,316,2868,0,0,328,3671,27,718,329,4389,California
Lake,2021-01-28,499,5605,160,2398,339,3207,0,0,371,3914,128,846,371,4760,California
Lake,2021-01-29,636,6241,83,2481,553,3760,0,0,576,4430,60,906,576,5336,California
Lake,2021-01-30,557,6798,45,2526,512,4272,0,0,550,4974,6,912,550,5886,California
Lake,2021-01-31,13,6811,8,2534,5,4277,0,0,12,4985,1,913,12,5898,California
Lake,2021-02-01,179,6990,18,2552,161,4438,0,0,166,5138,13,926,166,6064,California
Lake,2021-02-02,564,7554,154,2706,410,4848,0,0,398,5370,166,1092,398,6462,California
Lake,2021-02-03,443,7997,33,2739,410,5258,0,0,339,5605,104,1196,339,6801,California
Lake,2021-02-04,118,8115,68,2807,50,5308,0,0,72,5631,46,1242,72,6873,California
Lake,2021-02-05,377,8492,68,2875,309,5617,0,0,288,5832,87,1329,288,7161,California
Lake,2021-02-06,279,8771,42,2917,237,5854,0,0,267,6087,12,1341,267,7428,California
Lake,2021-02-07,2,8773,1,2918,1,5855,0,0,2,6089,0,1341,2,7430,California
Lake,2021-02-08,279,9052,206,3124,73,5928,0,0,160,6130,119,1460,160,7590,California
Lake,2021-02-09,346,9398,25,3149,321,6249,0,0,302,6389,43,1503,302,7892,California
Lake,2021-02-10,352,9750,54,3203,298,6547,0,0,276,6589,76,1579,276,8168,California
Lake,2021-02-11,166,9916,17,3220,149,6696,0,0,55,6533,111,1690,55,8223,California
Lake,2021-02-12,373,10289,28,3248,345,7041,0,0,287,6734,86,1776,287,8510,California
Lake,2021-02-13,248,10537,9,3257,239,7280,0,0,237,6960,11,1787,237,8747,California
Lake,2021-02-14,19,10556,4,3261,15,7295,0,0,6,6953,13,1800,6,8753,California
Lake,2021-02-15,171,10727,13,3274,158,7453,0,0,8,6799,162,1962,8,8761,California
Lake,2021-02-16,418,11145,20,3294,398,7851,0,0,173,6727,245,2207,173,8934,California
Lake,2021-02-17,349,11494,51,3345,298,8149,0,0,69,6517,279,2486,69,9003,California
Lake,2021-02-18,456,11950,69,3414,387,8536,0,0,114,6290,342,2828,115,9118,California
Lake,2021-02-19,413,12363,25,3439,388,8924,0,0,89,6055,324,3152,89,9207,California
Lake,2021-02-20,295,12658,60,3499,235,9159,0,0,252,6265,42,3194,252,9459,California
Lake,2021-02-21,6,12664,6,3505,0,9159,0,0,0,6259,6,3200,0,9459,California
Lake,2021-02-22,138,12802,23,3528,115,9274,0,0,43,6207,95,3295,43,9502,California
Lake,2021-02-23,212,13014,15,3543,197,9471,0,0,26,6047,186,3481,26,9528,California
Lake,2021-02-24,955,13969,378,3921,577,10048,0,0,418,5929,536,4017,418,9946,California
Lake,2021-02-25,731,14700,462,4383,269,10317,0,0,472,6144,257,4274,472,10418,California
Lake,2021-02-26,991,15691,303,4686,688,11005,0,0,346,5848,642,4916,346,10764,California
Lake,2021-02-27,409,16100,97,4783,312,11317,0,0,326,6091,83,4999,326,11090,California
Lake,2021-02-28,19,16119,13,4796,6,11323,0,0,10,6092,9,5008,10,11100,California
Lake,2021-03-01,594,16713,52,4848,542,11865,0,0,442,6382,152,5160,442,11542,California
Lake,2021-03-02,744,17457,18,4866,726,12591,0,0,290,6218,454,5614,290,11832,California
Lake,2021-03-03,357,17814,196,5062,161,12752,0,0,133,6127,224,5838,133,11965,California
Lake,2021-03-04,576,18390,508,5570,68,12820,0,0,562,6675,14,5852,562,12527,California
Lake,2021-03-05,1037,19427,38,5608,999,13819,0,0,174,5990,859,6711,174,12701,California
Lake,2021-03-06,36,19463,11,5619,24,13843,1,1,21,5997,15,6726,22,12723,California
Lake,2021-03-07,7,19470,5,5624,2,13845,0,1,4,5998,3,6729,4,12727,California
Lake,2021-03-08,339,19809,268,5892,62,13907,9,10,299,6266,40,6769,308,13035,California
Lake,2021-03-09,917,20726,27,5919,873,14780,17,27,394,6155,522,7291,411,13446,California
Lake,2021-03-10,202,20928,58,5977,131,14911,13,40,135,6236,67,7358,148,13594,California
Lake,2021-03-11,588,21516,47,6024,65,14976,476,516,52,6228,536,7894,528,14122,California
Lake,2021-03-12,856,22372,205,6229,627,15603,24,540,366,6129,489,8383,390,14512,California
Lake,2021-03-13,276,22648,22,6251,17,15620,237,777,16,6122,259,8642,252,14764,California
Lake,2021-03-14,12,22660,2,6253,10,15630,0,777,7,6124,5,8647,7,14771,California
Lake,2021-03-15,642,23302,14,6267,610,16240,18,795,483,6466,159,8806,501,15272,California
Lake,2021-03-16,1105,24407,829,7096,259,16499,17,812,448,6277,653,9459,464,15736,California
Lake,2021-03-17,245,24652,119,7215,104,16603,22,834,88,6230,157,9616,110,15846,California
Lake,2021-03-18,748,25400,368,7583,343,16946,37,871,374,6267,373,9989,410,16256,California
Lake,2021-03-19,587,25987,321,7904,246,17192,20,891,486,6673,100,10089,506,16762,California
Lake,2021-03-20,249,26236,8,7912,238,17430,3,894,30,6489,217,10306,33,16795,California
Lake,2021-03-21,17,26253,11,7923,5,17435,1,895,12,6497,5,10311,13,16808,California
Lake,2021-03-22,318,26571,239,8162,65,17500,14,909,233,6659,85,10396,247,17055,California
Lake,2021-03-23,412,26983,18,8180,381,17881,13,922,351,6963,60,10456,364,17419,California
Lake,2021-03-24,412,27395,60,8240,344,18225,8,930,316,7193,95,10551,325,17744,California
Lake,2021-03-25,657,28052,469,8709,182,18407,6,936,174,6890,483,11034,180,17924,California
Lake,2021-03-26,71,28123,33,8742,37,18444,1,937,49,6918,22,11056,50,17974,California
Lake,2021-03-27,309,28432,7,8749,299,18743,3,940,18,6650,289,11345,21,17995,California
Lake,2021-03-28,14,28446,5,8754,9,18752,0,940,8,6652,6,11351,8,18003,California
Lake,2021-03-29,899,29345,269,9023,628,19380,2,942,193,6143,704,12055,195,18198,California
Lake,2021-03-30,449,29794,303,9326,144,19524,2,944,364,6424,85,12140,366,18564,California
Lake,2021-03-31,579,30373,61,9387,518,20042,0,944,416,6685,155,12295,416,18980,California
Lake,2021-04-01,426,30799,224,9611,190,20232,12,956,178,6630,245,12540,190,19170,California
Lake,2021-04-02,224,31023,42,9653,154,20386,28,984,102,6638,122,12662,130,19300,California
Lake,2021-04-03,31,31054,8,9661,20,20406,3,987,11,6632,20,12682,14,19314,California
Lake,2021-04-04,19,31073,10,9671,7,20413,2,989,14,6643,5,12687,16,19330,California
Lake,2021-04-05,635,31708,68,9739,546,20959,21,1010,395,6821,237,12924,415,19745,California
Lake,2021-04-06,473,32181,22,9761,424,21383,27,1037,303,6983,168,13092,330,20075,California
Lake,2021-04-07,503,32684,54,9815,406,21789,43,1080,344,7212,158,13250,387,20462,California
Lake,2021-04-08,582,33266,475,10290,48,21837,59,1139,95,6881,485,13735,154,20616,California
Lake,2021-04-09,277,33543,43,10333,169,22006,65,1204,49,6770,225,13960,114,20730,California
Lake,2021-04-10,234,33777,16,10349,8,22014,210,1414,13,6772,221,14181,223,20953,California
Lake,2021-04-11,29,33806,20,10369,5,22019,4,1418,13,6773,16,14197,17,20970,California
Lake,2021-04-12,123,33929,21,10390,75,22094,27,1445,57,6791,66,14263,84,21054,California
Lake,2021-04-13,112,34041,82,10472,29,22123,1,1446,21,6722,91,14354,22,21076,California
Lassen,2020-12-16,8,8,8,8,0,0,0,0,8,8,0,0,8,8,California
Lassen,2020-12-17,6,14,6,14,0,0,0,0,6,14,0,0,6,14,California
Lassen,2020-12-18,1,15,1,15,0,0,0,0,1,15,0,0,1,15,California
Lassen,2020-12-19,5,20,5,20,0,0,0,0,5,20,0,0,5,20,California
Lassen,2020-12-20,2,22,2,22,0,0,0,0,2,22,0,0,2,22,California
Lassen,2020-12-21,11,33,11,33,0,0,0,0,11,33,0,0,11,33,California
Lassen,2020-12-22,23,56,23,56,0,0,0,0,23,56,0,0,23,56,California
Lassen,2020-12-23,6,62,6,62,0,0,0,0,6,62,0,0,6,62,California
Lassen,2020-12-24,11,73,11,73,0,0,0,0,11,73,0,0,11,73,California
Lassen,2020-12-28,3,76,2,75,1,1,0,0,3,76,0,0,3,76,California
Lassen,2020-12-29,35,111,35,110,0,1,0,0,35,111,0,0,35,111,California
Lassen,2020-12-30,37,148,36,146,1,2,0,0,37,148,0,0,37,148,California
Lassen,2020-12-31,49,197,42,188,7,9,0,0,49,197,0,0,49,197,California
Lassen,2021-01-02,1,198,0,188,1,10,0,0,1,198,0,0,1,198,California
Lassen,2021-01-04,15,213,1,189,14,24,0,0,15,213,0,0,15,213,California
Lassen,2021-01-05,194,407,53,242,141,165,0,0,194,407,0,0,194,407,California
Lassen,2021-01-06,95,502,43,285,52,217,0,0,87,487,8,8,88,495,California
Lassen,2021-01-07,43,545,7,292,36,253,0,0,37,518,6,14,37,532,California
Lassen,2021-01-08,50,595,2,294,48,301,0,0,50,568,0,14,50,582,California
Lassen,2021-01-09,12,607,6,300,6,307,0,0,12,580,0,14,12,594,California
Lassen,2021-01-11,27,634,5,305,22,329,0,0,27,607,0,14,27,621,California
Lassen,2021-01-12,49,683,29,334,20,349,0,0,30,618,19,33,30,651,California
Lassen,2021-01-13,161,844,18,352,143,492,0,0,146,749,15,48,146,797,California
Lassen,2021-01-14,163,1007,18,370,145,637,0,0,151,888,12,60,151,948,California
Lassen,2021-01-15,33,1040,6,376,27,664,0,0,33,921,0,60,33,981,California
Lassen,2021-01-16,34,1074,33,409,1,665,0,0,34,955,0,60,34,1015,California
Lassen,2021-01-17,1,1075,0,409,1,666,0,0,1,956,0,60,1,1016,California
Lassen,2021-01-18,5,1080,2,411,3,669,0,0,4,959,1,61,4,1020,California
Lassen,2021-01-19,185,1265,36,447,149,818,0,0,157,1088,28,89,157,1177,California
Lassen,2021-01-20,188,1453,100,547,88,906,0,0,104,1123,69,158,104,1281,California
Lassen,2021-01-21,145,1598,94,641,51,957,0,0,120,1224,19,177,120,1401,California
Lassen,2021-01-22,31,1629,18,659,13,970,0,0,21,1235,10,187,21,1422,California
Lassen,2021-01-23,1,1630,0,659,1,971,0,0,1,1236,0,187,1,1423,California
Lassen,2021-01-24,1,1631,0,659,1,972,0,0,1,1237,0,187,1,1424,California
Lassen,2021-01-25,11,1642,0,659,11,983,0,0,11,1248,0,187,11,1435,California
Lassen,2021-01-26,126,1768,12,671,114,1097,0,0,123,1367,4,191,123,1558,California
Lassen,2021-01-27,82,1850,30,701,52,1149,0,0,67,1419,15,206,67,1625,California
Lassen,2021-01-28,85,1935,14,715,71,1220,0,0,84,1502,1,207,84,1709,California
Lassen,2021-01-29,23,1958,7,722,16,1236,0,0,22,1523,1,208,22,1731,California
Lassen,2021-02-01,62,2020,4,726,58,1294,0,0,36,1533,26,234,36,1767,California
Lassen,2021-02-02,178,2198,12,738,166,1460,0,0,44,1443,134,368,44,1811,California
Lassen,2021-02-03,96,2294,21,759,75,1535,0,0,51,1449,45,413,51,1862,California
Lassen,2021-02-04,112,2406,15,774,97,1632,0,0,63,1463,49,462,63,1925,California
Lassen,2021-02-05,65,2471,12,786,53,1685,0,0,23,1444,42,504,23,1948,California
Lassen,2021-02-06,69,2540,34,820,35,1720,0,0,36,1448,32,536,36,1984,California
Lassen,2021-02-07,1,2541,1,821,0,1720,0,0,1,1449,0,536,1,1985,California
Lassen,2021-02-08,43,2584,4,825,39,1759,0,0,18,1442,25,561,18,2003,California
Lassen,2021-02-09,128,2712,8,833,120,1879,0,0,49,1412,79,640,49,2052,California
Lassen,2021-02-10,182,2894,20,853,162,2041,0,0,75,1380,107,747,75,2127,California
Lassen,2021-02-11,183,3077,16,869,167,2208,0,0,79,1356,103,850,79,2206,California
Lassen,2021-02-12,43,3120,12,881,31,2239,0,0,15,1343,28,878,15,2221,California
Lassen,2021-02-13,11,3131,3,884,8,2247,0,0,9,1350,2,880,9,2230,California
Lassen,2021-02-14,13,3144,0,884,13,2260,0,0,12,1361,1,881,12,2242,California
Lassen,2021-02-15,20,3164,1,885,19,2279,0,0,16,1373,4,885,16,2258,California
Lassen,2021-02-16,193,3357,4,889,189,2468,0,0,32,1246,159,1044,32,2290,California
Lassen,2021-02-17,184,3541,94,983,90,2558,0,0,11,1084,173,1217,11,2301,California
Lassen,2021-02-18,79,3620,22,1005,57,2615,0,0,20,1045,59,1276,20,2321,California
Lassen,2021-02-19,82,3702,62,1067,20,2635,0,0,18,999,64,1340,18,2339,California
Lassen,2021-02-20,7,3709,0,1067,7,2642,0,0,5,1002,2,1342,5,2344,California
Lassen,2021-02-21,22,3731,2,1069,20,2662,0,0,18,1016,4,1346,18,2362,California
Lassen,2021-02-22,23,3754,8,1077,15,2677,0,0,5,1003,18,1364,5,2367,California
Lassen,2021-02-23,152,3906,9,1086,143,2820,0,0,41,933,111,1475,41,2408,California
Lassen,2021-02-24,165,4071,16,1102,149,2969,0,0,107,983,57,1532,107,2515,California
Lassen,2021-02-25,156,4227,19,1121,137,3106,0,0,99,1025,57,1589,99,2614,California
Lassen,2021-02-26,74,4301,16,1137,58,3164,0,0,37,1025,37,1626,37,2651,California
Lassen,2021-02-27,7,4308,7,1144,0,3164,0,0,3,1024,4,1630,3,2654,California
Lassen,2021-02-28,6,4314,1,1145,5,3169,0,0,3,1024,3,1633,3,2657,California
Lassen,2021-03-01,40,4354,4,1149,36,3205,0,0,7,998,33,1666,7,2664,California
Lassen,2021-03-02,103,4457,6,1155,97,3302,0,0,78,1051,25,1691,78,2742,California
Lassen,2021-03-03,168,4625,12,1167,156,3458,0,0,111,1105,57,1748,111,2853,California
Lassen,2021-03-04,147,4772,14,1181,133,3591,0,0,98,1155,48,1796,98,2951,California
Lassen,2021-03-05,47,4819,7,1188,17,3608,23,23,11,1153,36,1832,34,2985,California
Lassen,2021-03-06,51,4870,4,1192,28,3636,19,42,4,1129,47,1879,23,3008,California
Lassen,2021-03-07,56,4926,1,1193,0,3636,55,97,1,1130,55,1934,56,3064,California
Lassen,2021-03-08,89,5015,1,1194,8,3644,80,177,3,1128,85,2019,83,3147,California
Lassen,2021-03-09,136,5151,11,1205,108,3752,17,194,89,1187,47,2066,106,3253,California
Lassen,2021-03-10,172,5323,10,1215,161,3913,1,195,79,1174,93,2159,80,3333,California
Lassen,2021-03-11,185,5508,16,1231,162,4075,7,202,113,1225,69,2228,120,3453,California
Lassen,2021-03-12,34,5542,18,1249,12,4087,4,206,12,1219,22,2250,16,3469,California
Lassen,2021-03-13,49,5591,0,1249,3,4090,46,252,1,1217,48,2298,46,3515,California
Lassen,2021-03-14,14,5605,2,1251,11,4101,1,253,2,1208,12,2310,3,3518,California
Lassen,2021-03-15,31,5636,0,1251,31,4132,0,253,15,1207,16,2326,15,3533,California
Lassen,2021-03-16,91,5727,2,1253,83,4215,6,259,73,1268,18,2344,79,3612,California
Lassen,2021-03-17,1080,6807,8,1261,1067,5282,5,264,1061,2316,18,2362,1066,4678,California
Lassen,2021-03-18,96,6903,10,1271,85,5367,1,265,82,2385,14,2376,83,4761,California
Lassen,2021-03-19,17,6920,11,1282,2,5369,4,269,7,2386,10,2386,11,4772,California
Lassen,2021-03-20,31,6951,3,1285,25,5394,3,272,25,2408,6,2392,28,4800,California
Lassen,2021-03-21,34,6985,0,1285,34,5428,0,272,14,2403,19,2411,14,4814,California
Lassen,2021-03-22,55,7040,0,1285,55,5483,0,272,52,2452,3,2414,52,4866,California
Lassen,2021-03-23,119,7159,9,1294,109,5592,1,273,69,2472,50,2464,70,4936,California
Lassen,2021-03-24,210,7369,12,1306,198,5790,0,273,106,2475,103,2567,106,5042,California
Lassen,2021-03-25,150,7519,21,1327,129,5919,0,273,68,2461,82,2649,68,5110,California
Lassen,2021-03-26,76,7595,12,1339,25,5944,39,312,17,2458,59,2708,56,5166,California
Lassen,2021-03-27,19,7614,3,1342,1,5945,15,327,3,2460,16,2724,18,5184,California
Lassen,2021-03-28,18,7632,3,1345,5,5950,10,337,4,2460,14,2738,14,5198,California
Lassen,2021-03-29,52,7684,1,1346,26,5976,25,362,21,2475,31,2769,46,5244,California
Lassen,2021-03-30,197,7881,9,1355,163,6139,25,387,50,2403,147,2916,75,5319,California
Lassen,2021-03-31,146,8027,12,1367,112,6251,22,409,62,2403,84,3000,84,5403,California
Lassen,2021-04-01,166,8193,16,1383,131,6382,19,428,49,2355,116,3116,68,5471,California
Lassen,2021-04-02,27,8220,3,1386,3,6385,21,449,1,2351,26,3142,22,5493,California
Lassen,2021-04-03,12,8232,0,1386,2,6387,10,459,0,2349,12,3154,10,5503,California
Lassen,2021-04-04,7,8239,2,1388,0,6387,5,464,1,2349,6,3160,6,5509,California
Lassen,2021-04-05,25,8264,5,1393,12,6399,8,472,12,2357,12,3172,20,5529,California
Lassen,2021-04-06,179,8443,7,1400,142,6541,30,502,49,2306,130,3302,79,5608,California
Lassen,2021-04-07,135,8578,7,1407,92,6633,36,538,35,2277,100,3402,71,5679,California
Lassen,2021-04-08,159,8737,8,1415,101,6734,50,588,29,2230,126,3528,79,5758,California
Lassen,2021-04-09,40,8777,3,1418,8,6742,29,617,3,2224,36,3564,30,5788,California
Lassen,2021-04-10,9,8786,0,1418,2,6744,7,624,1,2224,8,3572,8,5796,California
Lassen,2021-04-11,7,8793,2,1420,0,6744,5,629,2,2226,5,3577,7,5803,California
Lassen,2021-04-12,23,8816,2,1422,7,6751,14,643,2,2221,21,3598,16,5819,California
Lassen,2021-04-13,53,8869,3,1425,50,6801,0,643,10,2189,42,3640,10,5829,California
Los Angeles,2020-12-15,392,392,392,392,0,0,0,0,392,392,0,0,392,392,California
Los Angeles,2020-12-16,3360,3752,3360,3752,0,0,0,0,3360,3752,0,0,3360,3752,California
Los Angeles,2020-12-17,10228,13980,10228,13980,0,0,0,0,10229,13981,0,0,10229,13981,California
Los Angeles,2020-12-18,14500,28480,14478,28458,22,22,0,0,14500,28481,0,0,14500,28481,California
Los Angeles,2020-12-19,7215,35695,7208,35666,7,29,0,0,7216,35697,0,0,7216,35697,California
Los Angeles,2020-12-20,4574,40269,4567,40233,7,36,0,0,4576,40273,0,0,4576,40273,California
Los Angeles,2020-12-21,13665,53934,13653,53886,12,48,0,0,13666,53938,1,1,13666,53939,California
Los Angeles,2020-12-22,11495,65429,11116,65002,379,427,0,0,11496,65433,1,2,11496,65435,California
Los Angeles,2020-12-23,11866,77295,10110,75112,1756,2183,0,0,11867,77300,0,2,11867,77302,California
Los Angeles,2020-12-24,7005,84300,4239,79351,2766,4949,0,0,7008,84308,0,2,7008,84310,California
Los Angeles,2020-12-25,521,84821,416,79767,105,5054,0,0,521,84829,0,2,521,84831,California
Los Angeles,2020-12-26,2524,87345,2179,81946,345,5399,0,0,2524,87352,1,3,2524,87355,California
Los Angeles,2020-12-27,1751,89096,1021,82967,730,6129,0,0,1751,89103,0,3,1751,89106,California
Los Angeles,2020-12-28,10252,99348,6354,89321,3898,10027,0,0,10250,99352,1,4,10250,99356,California
Los Angeles,2020-12-29,11572,110920,6057,95378,5515,15542,0,0,11574,110926,0,4,11574,110930,California
Los Angeles,2020-12-30,14841,125761,8077,103455,6764,22306,0,0,14840,125766,0,4,14840,125770,California
Los Angeles,2020-12-31,7893,133654,2742,106197,5151,27457,0,0,7891,133656,1,5,7891,133661,California
Los Angeles,2021-01-01,945,134599,250,106447,695,28152,0,0,945,134601,0,5,945,134606,California
Los Angeles,2021-01-02,4433,139032,1648,108095,2785,30937,0,0,4433,139034,0,5,4433,139039,California
Los Angeles,2021-01-03,918,139950,203,108298,715,31652,0,0,917,139950,1,6,917,139956,California
Los Angeles,2021-01-04,12644,152594,4838,113136,7806,39458,0,0,12630,152577,3,9,12630,152586,California
Los Angeles,2021-01-05,15975,168569,7061,120197,8914,48372,0,0,14069,164774,1873,1882,14070,166656,California
Los Angeles,2021-01-06,22462,191031,12034,132231,10428,58800,0,0,16884,176156,5509,7391,16891,183547,California
Los Angeles,2021-01-07,29306,220337,15781,148012,13525,72325,0,0,18825,184556,10435,17826,18835,202382,California
Los Angeles,2021-01-08,32993,253330,17856,165868,15137,87462,0,0,20803,193202,12165,29991,20811,223193,California
Los Angeles,2021-01-09,12323,265653,7050,172918,5273,92735,0,0,7466,195818,4856,34847,7472,230665,California
Los Angeles,2021-01-10,4643,270296,3626,176544,1017,93752,0,0,1917,195010,2726,37573,1918,232583,California
Los Angeles,2021-01-11,25716,296012,16206,192750,9510,103262,0,0,14803,198916,10903,48476,14809,247392,California
Los Angeles,2021-01-12,29126,325138,16032,208782,13094,116356,0,0,19023,207862,10085,58561,19031,266423,California
Los Angeles,2021-01-13,29189,354327,15592,224374,13597,129953,0,0,20263,219222,8908,67469,20268,286691,California
Los Angeles,2021-01-14,29191,383518,12690,237064,16501,146454,0,0,23700,237458,5473,72942,23709,310400,California
Los Angeles,2021-01-15,33690,417208,12321,249385,21369,167823,0,0,30132,264067,3533,76475,30142,340542,California
Los Angeles,2021-01-16,17501,434709,4953,254338,12548,180371,0,0,15725,278029,1768,78243,15730,356272,California
Los Angeles,2021-01-17,5170,439879,2291,256629,2879,183250,0,0,4926,282714,243,78486,4928,361200,California
Los Angeles,2021-01-18,15551,455430,10044,266673,5507,188757,0,0,10852,288880,4687,83173,10853,372053,California
Los Angeles,2021-01-19,38372,493802,20520,287193,17852,206609,0,0,30608,311773,7723,90896,30616,402669,California
Los Angeles,2021-01-20,45484,539286,23692,310885,21792,228401,0,0,38003,342333,7451,98347,38011,440680,California
Los Angeles,2021-01-21,48447,587733,22326,333211,26121,254522,0,0,44208,382376,4177,102524,44220,484900,California
Los Angeles,2021-01-22,47565,635298,22175,355386,25390,279912,0,0,44170,423201,3352,105876,44177,529077,California
Los Angeles,2021-01-23,33865,669163,15660,371046,18205,298117,0,0,31830,453034,2006,107882,31839,560916,California
Los Angeles,2021-01-24,15666,684829,12156,383202,3510,301627,0,0,15121,467617,539,108421,15122,576038,California
Los Angeles,2021-01-25,38530,723359,16348,399550,22182,323809,0,0,30100,489342,8401,116822,30126,606164,California
Los Angeles,2021-01-26,49004,772363,24304,423854,24700,348509,0,0,40877,522156,8094,124916,40908,647072,California
Los Angeles,2021-01-27,48162,820525,25672,449526,22490,370999,0,0,39035,552219,8994,133910,39057,686129,California
Los Angeles,2021-01-28,48308,868833,22994,472520,25314,396313,0,0,39984,584007,8210,142120,39998,726127,California
Los Angeles,2021-01-29,49030,917863,25279,497799,23751,420064,0,0,39047,613434,9632,151752,39059,765186,California
Los Angeles,2021-01-30,29890,947753,15346,513145,14544,434608,0,0,25781,635183,4035,155787,25784,790970,California
Los Angeles,2021-01-31,12955,960708,10333,523478,2622,437230,0,0,12044,646330,900,156687,12047,803017,California
Los Angeles,2021-02-01,37827,998535,16085,539563,21742,458972,0,0,27621,663783,10177,166864,27630,830647,California
Los Angeles,2021-02-02,44041,1042576,17818,557381,26223,485195,0,0,31914,683611,12090,178954,31918,862565,California
Los Angeles,2021-02-03,51914,1094490,19423,576804,32491,517686,0,0,37279,706494,14402,193356,37285,899850,California
Los Angeles,2021-02-04,57026,1151516,20630,597434,36396,554082,0,0,39027,727838,17694,211050,39038,938888,California
Los Angeles,2021-02-05,60910,1212426,20942,618376,39968,594050,0,0,39144,745648,21352,232402,39162,978050,California
Los Angeles,2021-02-06,35376,1247802,13241,631617,22135,616185,0,0,26993,764351,8311,240713,27014,1005064,California
Los Angeles,2021-02-07,10755,1258557,8346,639963,2409,618594,0,0,8388,770394,2351,243064,8394,1013458,California
Los Angeles,2021-02-08,46576,1305133,21406,661369,25170,643764,0,0,30487,784925,15959,259023,30490,1043948,California
Los Angeles,2021-02-09,55614,1360747,24541,685910,31073,674837,0,0,28347,786080,27210,286233,28365,1072313,California
Los Angeles,2021-02-10,66704,1427451,29314,715224,37390,712227,0,0,30928,781618,35408,321641,30946,1103259,California
Los Angeles,2021-02-11,57760,1485211,30765,745989,26995,739222,0,0,27921,780142,29409,351050,27933,1131192,California
Los Angeles,2021-02-12,59348,1544559,29736,775725,29612,768834,0,0,25935,773010,33084,384134,25952,1157144,California
Los Angeles,2021-02-13,33747,1578306,19594,795319,14153,782987,0,0,15467,770321,18201,402335,15512,1172656,California
Los Angeles,2021-02-14,21848,1600154,14951,810270,6897,789884,0,0,8774,766082,13016,415351,8777,1181433,California
Los Angeles,2021-02-15,32299,1632453,15784,826054,16515,806399,0,0,17745,769339,14498,429849,17755,1199188,California
Los Angeles,2021-02-16,63746,1696199,32401,858455,31345,837744,0,0,29847,765377,33820,463669,29858,1229046,California
Los Angeles,2021-02-17,63768,1759967,34138,892593,29630,867374,0,0,26322,754422,37283,500952,26328,1255374,California
Los Angeles,2021-02-18,67947,1827914,34579,927172,33368,900742,0,0,28578,743886,39125,540077,28589,1283963,California
Los Angeles,2021-02-19,56818,1884732,34908,962080,21910,922652,0,0,28300,743774,28429,568506,28317,1312280,California
Los Angeles,2021-02-20,31979,1916711,23743,985823,8236,930888,0,0,15639,743118,16306,584812,15650,1327930,California
Los Angeles,2021-02-21,16429,1933140,14798,1000621,1631,932519,0,0,8416,743557,7986,592798,8425,1336355,California
Los Angeles,2021-02-22,34012,1967152,24837,1025458,9175,941694,0,0,17623,744869,16324,609122,17636,1353991,California
Los Angeles,2021-02-23,53154,2020306,22593,1048051,30561,972255,0,0,21021,733877,32041,641163,21049,1375040,California
Los Angeles,2021-02-24,63601,2083907,27906,1075957,35695,1007950,0,0,27949,726354,35499,676662,27976,1403016,California
Los Angeles,2021-02-25,72839,2156746,33379,1109336,39460,1047410,0,0,38300,730274,34396,711058,38316,1441332,California
Los Angeles,2021-02-26,82360,2239106,38409,1147745,43951,1091361,0,0,47239,742636,34906,745964,47268,1488600,California
Los Angeles,2021-02-27,58350,2297456,24787,1172532,33560,1124921,3,3,29851,744147,28367,774331,29878,1518478,California
Los Angeles,2021-02-28,26679,2324135,18413,1190945,8266,1133187,0,3,18826,755194,7783,782114,18830,1537308,California
Los Angeles,2021-03-01,55073,2379208,30732,1221677,24331,1157518,10,13,33364,767005,21579,803693,33390,1570698,California
Los Angeles,2021-03-02,70051,2449259,30982,1252659,39067,1196585,2,15,42834,782739,27111,830804,42845,1613543,California
Los Angeles,2021-03-03,80771,2530030,40464,1293123,40302,1236887,5,20,50513,803165,30115,860919,50541,1664084,California
Los Angeles,2021-03-04,88215,2618245,45463,1338586,42743,1279630,9,29,55600,826330,32456,893375,55621,1719705,California
Los Angeles,2021-03-05,86753,2704998,42161,1380747,44571,1324201,21,50,57931,855652,28660,922035,57982,1777687,California
Los Angeles,2021-03-06,65341,2770339,32702,1413449,30837,1355038,1802,1852,41991,876235,23227,945262,43810,1821497,California
Los Angeles,2021-03-07,25470,2795809,19194,1432643,5492,1360530,784,2636,19646,890859,5806,951068,20430,1841927,California
Los Angeles,2021-03-08,50940,2846749,26431,1459074,22575,1383105,1934,4570,38323,918585,12533,963601,40259,1882186,California
Los Angeles,2021-03-09,67958,2914707,25671,1484745,39023,1422128,3264,7834,40635,935288,27192,990793,43895,1926081,California
Los Angeles,2021-03-10,78211,2992918,36890,1521635,36703,1458831,4618,12452,49146,960086,28936,1019729,53734,1979815,California
Los Angeles,2021-03-11,90695,3083613,44099,1565734,40390,1499221,6206,18658,53333,982388,37211,1056940,59513,2039328,California
Los Angeles,2021-03-12,95459,3179072,42390,1608124,39497,1538718,13572,32230,55625,1011873,39678,1096618,69163,2108491,California
Los Angeles,2021-03-13,72126,3251198,33383,1641507,26913,1565631,11830,44060,43023,1037696,29010,1125628,54833,2163324,California
Los Angeles,2021-03-14,37756,3288954,25254,1666761,10096,1575727,2406,46466,25350,1053086,12354,1137982,27744,2191068,California
Los Angeles,2021-03-15,73177,3362131,35375,1702136,32497,1608224,5305,51771,44719,1074796,28307,1166289,50017,2241085,California
Los Angeles,2021-03-16,97302,3459433,41869,1744005,49723,1657947,5710,57481,63455,1110264,33681,1199970,69149,2310234,California
Los Angeles,2021-03-17,94182,3553615,42384,1786389,43863,1701810,7935,65416,63359,1150876,30659,1230629,71271,2381505,California
Los Angeles,2021-03-18,97252,3650867,46277,1832666,45841,1747651,5134,70550,61874,1182735,35141,1265770,67000,2448505,California
Los Angeles,2021-03-19,104343,3755210,54274,1886940,45500,1793151,4569,75119,64865,1212921,39251,1305021,69437,2517942,California
Los Angeles,2021-03-20,73870,3829080,35933,1922873,33694,1826845,4243,79362,51349,1246133,22375,1327396,55587,2573529,California
Los Angeles,2021-03-21,33384,3862464,24657,1947530,7887,1834732,840,80202,21717,1257096,11592,1338988,22555,2596084,California
Los Angeles,2021-03-22,67438,3929902,39987,1987517,25499,1860231,1952,82154,48118,1288034,19131,1358119,50069,2646153,California
Los Angeles,2021-03-23,92590,4022492,49999,2037516,39687,1899918,2904,85058,61875,1322297,30514,1388633,64777,2710930,California
Los Angeles,2021-03-24,101251,4123743,53777,2091293,44627,1944545,2847,87905,60310,1344761,40688,1429321,63152,2774082,California
Los Angeles,2021-03-25,105837,4229580,56587,2147880,45702,1990247,3548,91453,60882,1364462,44721,1474042,64422,2838504,California
Los Angeles,2021-03-26,110991,4340571,60594,2208474,46324,2036571,4073,95526,63564,1384864,47224,1521266,67626,2906130,California
Los Angeles,2021-03-27,80337,4420908,42026,2250500,36221,2072792,2090,97616,41996,1390815,38137,1559403,44088,2950218,California
Los Angeles,2021-03-28,40552,4461460,27153,2277653,12817,2085609,582,98198,20651,1392216,19832,1579235,21233,2971451,California
Los Angeles,2021-03-29,80597,4542057,45514,2323167,33503,2119112,1580,99778,46354,1406052,34097,1613332,47933,3019384,California
Los Angeles,2021-03-30,105594,4647651,49426,2372593,50475,2169587,5693,105471,65231,1436770,40196,1653528,70914,3090298,California
Los Angeles,2021-03-31,118728,4766379,59564,2432157,50691,2220278,8473,113944,70418,1467541,48098,1701626,78869,3169167,California
Los Angeles,2021-04-01,128212,4894591,59219,2491376,54275,2274553,14718,128662,70748,1495731,57247,1758873,85437,3254604,California
Los Angeles,2021-04-02,126419,5021010,55624,2547000,56048,2330601,14747,143409,68378,1521083,57779,1816652,83131,3337735,California
Los Angeles,2021-04-03,94145,5115155,42301,2589301,38891,2369492,12953,156362,47181,1534368,46827,1863479,60112,3397847,California
Los Angeles,2021-04-04,37686,5152841,19709,2609010,11971,2381463,6006,162368,16209,1535145,21425,1884904,22202,3420049,California
Los Angeles,2021-04-05,89792,5242633,43541,2652551,36445,2417908,9806,172174,44194,1543685,45453,1930357,53993,3474042,California
Los Angeles,2021-04-06,118217,5360850,55679,2708230,42812,2460720,19726,191900,55061,1555497,62917,1993274,74729,3548771,California
Los Angeles,2021-04-07,117206,5478056,53615,2761845,43862,2504582,19729,211629,54553,1567282,62445,2055719,74230,3623001,California
Los Angeles,2021-04-08,126514,5604570,56487,2818332,47142,2551724,22885,234514,58071,1579951,68218,2123937,80887,3703888,California
Los Angeles,2021-04-09,108797,5713367,44388,2862720,44876,2596600,19533,254047,47076,1584987,61508,2185445,66544,3770432,California
Los Angeles,2021-04-10,86608,5799975,37340,2900060,27598,2624198,21670,275717,30766,1581700,55686,2241131,52399,3822831,California
Los Angeles,2021-04-11,39590,5839565,21442,2921502,9551,2633749,8597,284314,14097,1578933,25441,2266572,22674,3845505,California
Los Angeles,2021-04-12,53410,5892975,21289,2942791,27489,2661238,4632,288946,24901,1580062,28381,2294953,29510,3875015,California
Los Angeles,2021-04-13,46183,5939158,19703,2962494,26415,2687653,65,289011,23744,1581536,22342,2317295,23816,3898831,California
Madera,2020-12-16,22,22,22,22,0,0,0,0,22,22,0,0,22,22,California
Madera,2020-12-17,13,35,13,35,0,0,0,0,13,35,0,0,13,35,California
Madera,2020-12-18,61,96,61,96,0,0,0,0,61,96,0,0,61,96,California
Madera,2020-12-19,5,101,5,101,0,0,0,0,5,101,0,0,5,101,California
Madera,2020-12-20,14,115,14,115,0,0,0,0,14,115,0,0,14,115,California
Madera,2020-12-21,60,175,60,175,0,0,0,0,60,175,0,0,60,175,California
Madera,2020-12-22,98,273,96,271,2,2,0,0,98,273,0,0,98,273,California
Madera,2020-12-23,69,342,69,340,0,2,0,0,69,342,0,0,69,342,California
Madera,2020-12-24,44,386,39,379,5,7,0,0,44,386,0,0,44,386,California
Madera,2020-12-26,28,414,26,405,2,9,0,0,28,414,0,0,28,414,California
Madera,2020-12-27,30,444,12,417,18,27,0,0,30,444,0,0,30,444,California
Madera,2020-12-28,105,549,36,453,69,96,0,0,105,549,0,0,105,549,California
Madera,2020-12-29,173,722,40,493,133,229,0,0,173,722,0,0,173,722,California
Madera,2020-12-30,217,939,86,579,131,360,0,0,217,939,0,0,217,939,California
Madera,2020-12-31,202,1141,80,659,122,482,0,0,202,1141,0,0,202,1141,California
Madera,2021-01-02,85,1226,30,689,55,537,0,0,85,1226,0,0,85,1226,California
Madera,2021-01-03,5,1231,5,694,0,537,0,0,5,1231,0,0,5,1231,California
Madera,2021-01-04,128,1359,64,758,64,601,0,0,128,1359,0,0,128,1359,California
Madera,2021-01-05,278,1637,142,900,136,737,0,0,274,1629,4,4,274,1633,California
Madera,2021-01-06,183,1820,27,927,156,893,0,0,163,1772,20,24,163,1796,California
Madera,2021-01-07,375,2195,93,1020,282,1175,0,0,353,2103,22,46,353,2149,California
Madera,2021-01-08,417,2612,72,1092,345,1520,0,0,362,2412,54,100,363,2512,California
Madera,2021-01-09,37,2649,14,1106,23,1543,0,0,28,2431,9,109,28,2540,California
Madera,2021-01-10,17,2666,14,1120,3,1546,0,0,5,2424,12,121,5,2545,California
Madera,2021-01-11,230,2896,182,1302,48,1594,0,0,187,2568,43,164,187,2732,California
Madera,2021-01-12,392,3288,159,1461,233,1827,0,0,285,2746,107,271,285,3017,California
Madera,2021-01-13,186,3474,92,1553,94,1921,0,0,129,2819,57,328,130,3147,California
Madera,2021-01-14,555,4029,82,1635,473,2394,0,0,521,3306,34,362,521,3668,California
Madera,2021-01-15,596,4625,158,1793,438,2832,0,0,576,3862,20,382,576,4244,California
Madera,2021-01-16,379,5004,47,1840,332,3164,0,0,350,4183,29,411,350,4594,California
Madera,2021-01-17,334,5338,14,1854,320,3484,0,0,330,4509,4,415,330,4924,California
Madera,2021-01-18,75,5413,59,1913,16,3500,0,0,56,4547,18,433,56,4980,California
Madera,2021-01-19,565,5978,130,2043,435,3935,0,0,538,5059,27,460,539,5519,California
Madera,2021-01-20,234,6212,80,2123,154,4089,0,0,206,5238,27,487,206,5725,California
Madera,2021-01-21,236,6448,129,2252,107,4196,0,0,203,5410,31,518,203,5928,California
Madera,2021-01-22,255,6703,83,2335,172,4368,0,0,242,5639,13,531,242,6170,California
Madera,2021-01-23,100,6803,52,2387,48,4416,0,0,76,5691,24,555,76,6246,California
Madera,2021-01-24,101,6904,82,2469,19,4435,0,0,78,5746,23,578,78,6324,California
Madera,2021-01-25,252,7156,121,2590,131,4566,0,0,140,5774,112,690,140,6464,California
Madera,2021-01-26,480,7636,188,2778,292,4858,0,0,292,5881,187,877,294,6758,California
Madera,2021-01-27,735,8371,63,2841,672,5530,0,0,600,6347,135,1012,601,7359,California
Madera,2021-01-28,536,8907,103,2944,433,5963,0,0,432,6675,104,1116,432,7791,California
Madera,2021-01-29,466,9373,95,3039,371,6334,0,0,410,7029,56,1172,410,8201,California
Madera,2021-01-30,503,9876,15,3054,488,6822,0,0,449,7424,54,1226,449,8650,California
Madera,2021-01-31,9,9885,6,3060,3,6825,0,0,8,7431,1,1227,8,8658,California
Madera,2021-02-01,257,10142,73,3133,184,7009,0,0,199,7572,58,1285,199,8857,California
Madera,2021-02-02,249,10391,86,3219,163,7172,0,0,160,7644,88,1373,160,9017,California
Madera,2021-02-03,590,10981,457,3676,133,7305,0,0,472,8001,116,1489,473,9490,California
Madera,2021-02-04,384,11365,120,3796,264,7569,0,0,110,7839,273,1762,111,9601,California
Madera,2021-02-05,967,12332,293,4089,674,8243,0,0,361,7600,601,2363,362,9963,California
Madera,2021-02-06,359,12691,324,4413,35,8278,0,0,320,7882,38,2401,320,10283,California
Madera,2021-02-07,35,12726,7,4420,28,8306,0,0,30,7907,5,2406,30,10313,California
Madera,2021-02-08,382,13108,306,4726,76,8382,0,0,269,8064,112,2518,269,10582,California
Madera,2021-02-09,474,13582,115,4841,359,8741,0,0,194,7982,277,2795,195,10777,California
Madera,2021-02-10,429,14011,149,4990,280,9021,0,0,323,8199,106,2901,323,11100,California
Madera,2021-02-11,931,14942,303,5293,628,9649,0,0,403,8076,527,3428,404,11504,California
Madera,2021-02-12,838,15780,118,5411,720,10369,0,0,306,7859,526,3954,309,11813,California
Madera,2021-02-13,484,16264,44,5455,440,10809,0,0,140,7658,343,4297,142,11955,California
Madera,2021-02-14,398,16662,75,5530,323,11132,0,0,135,7531,263,4560,136,12091,California
Madera,2021-02-15,240,16902,97,5627,143,11275,0,0,175,7642,64,4624,175,12266,California
Madera,2021-02-16,773,17675,183,5810,590,11865,0,0,229,7331,541,5165,230,12496,California
Madera,2021-02-17,609,18284,273,6083,336,12201,0,0,339,7407,265,5430,341,12837,California
Madera,2021-02-18,1291,19575,535,6618,756,12957,0,0,1116,8350,175,5605,1118,13955,California
Madera,2021-02-19,861,20436,546,7164,315,13272,0,0,719,8929,142,5747,721,14676,California
Madera,2021-02-20,1074,21510,983,8147,91,13363,0,0,1003,9863,70,5817,1004,15680,California
Madera,2021-02-21,961,22471,818,8965,143,13506,0,0,955,10812,6,5823,955,16635,California
Madera,2021-02-22,907,23378,831,9796,76,13582,0,0,853,11611,54,5877,853,17488,California
Madera,2021-02-23,768,24146,496,10292,272,13854,0,0,550,11944,217,6094,550,18038,California
Madera,2021-02-24,906,25052,301,10593,605,14459,0,0,378,11794,528,6622,378,18416,California
Madera,2021-02-25,1019,26071,307,10900,712,15171,0,0,590,11958,426,7048,590,19006,California
Madera,2021-02-26,1069,27140,186,11086,883,16054,0,0,696,12282,372,7420,696,19702,California
Madera,2021-02-27,868,28008,244,11330,624,16678,0,0,448,12316,417,7837,451,20153,California
Madera,2021-02-28,187,28195,29,11359,158,16836,0,0,181,12491,6,7843,181,20334,California
Madera,2021-03-01,367,28562,116,11475,251,17087,0,0,189,12503,177,8020,189,20523,California
Madera,2021-03-02,645,29207,267,11742,378,17465,0,0,534,12927,111,8131,535,21058,California
Madera,2021-03-03,1292,30499,691,12433,601,18066,0,0,894,13450,395,8526,918,21976,California
Madera,2021-03-04,1159,31658,502,12935,657,18723,0,0,918,14129,242,8768,921,22897,California
Madera,2021-03-05,1316,32974,401,13336,903,19626,12,12,1057,14952,257,9025,1080,23977,California
Madera,2021-03-06,803,33777,623,13959,148,19774,32,44,483,15148,320,9345,516,24493,California
Madera,2021-03-07,153,33930,27,13986,104,19878,22,66,103,15223,50,9395,125,24618,California
Madera,2021-03-08,579,34509,321,14307,200,20078,58,124,289,15282,290,9685,349,24967,California
Madera,2021-03-09,436,34945,157,14464,246,20324,33,157,273,15435,161,9846,314,25281,California
Madera,2021-03-10,1128,36073,505,14969,546,20870,77,234,702,15794,421,10267,780,26061,California
Madera,2021-03-11,1648,37721,839,15808,478,21348,331,565,752,15994,894,11161,1094,27155,California
Madera,2021-03-12,1513,39234,775,16583,585,21933,153,718,748,16157,764,11925,927,28082,California
Madera,2021-03-13,1800,41034,1271,17854,331,22264,198,916,740,16054,1058,12983,955,29037,California
Madera,2021-03-14,580,41614,447,18301,101,22365,32,948,294,16096,284,13267,326,29363,California
Madera,2021-03-15,718,42332,210,18511,463,22828,45,993,498,16447,218,13485,569,29932,California
Madera,2021-03-16,816,43148,422,18933,347,23175,47,1040,638,16974,176,13661,703,30635,California
Madera,2021-03-17,1407,44555,930,19863,416,23591,61,1101,854,17434,545,14206,1005,31640,California
Madera,2021-03-18,1861,46416,644,20507,1157,24748,60,1161,905,17532,951,15157,1049,32689,California
Madera,2021-03-19,1494,47910,586,21093,824,25572,84,1245,966,18121,525,15682,1114,33803,California
Madera,2021-03-20,1120,49030,763,21856,308,25880,49,1294,574,18245,545,16227,669,34472,California
Madera,2021-03-21,1064,50094,865,22721,154,26034,45,1339,351,17932,710,16937,397,34869,California
Madera,2021-03-22,1350,51444,850,23571,432,26466,68,1407,679,18053,668,17605,789,35658,California
Madera,2021-03-23,1395,52839,841,24412,463,26929,91,1498,739,18311,654,18259,912,36570,California
Madera,2021-03-24,893,53732,463,24875,399,27328,31,1529,594,18641,298,18557,628,37198,California
Madera,2021-03-25,1114,54846,488,25363,602,27930,24,1553,638,18850,466,19023,675,37873,California
Madera,2021-03-26,1426,56272,508,25871,787,28717,131,1684,673,18908,749,19772,807,38680,California
Madera,2021-03-27,826,57098,527,26398,278,28995,21,1705,373,18853,449,20221,394,39074,California
Madera,2021-03-28,418,57516,136,26534,222,29217,60,1765,230,19008,187,20408,342,39416,California
Madera,2021-03-29,680,58196,179,26713,474,29691,27,1792,493,19348,184,20592,524,39940,California
Madera,2021-03-30,1013,59209,558,27271,422,30113,33,1825,557,19485,454,21046,591,40531,California
Madera,2021-03-31,1291,60500,483,27754,694,30807,114,1939,454,19222,833,21879,570,41101,California
Madera,2021-04-01,1219,61719,531,28285,639,31446,49,1988,435,18926,779,22658,483,41584,California
Madera,2021-04-02,1494,63213,408,28693,1029,32475,57,2045,457,18413,1028,23686,515,42099,California
Madera,2021-04-03,871,64084,680,29373,170,32645,21,2066,378,18328,492,24178,407,42506,California
Madera,2021-04-04,184,64268,65,29438,117,32762,2,2068,85,18316,99,24277,87,42593,California
Madera,2021-04-05,725,64993,248,29686,420,33182,57,2125,335,18333,389,24666,406,42999,California
Madera,2021-04-06,1676,66669,871,30557,456,33638,349,2474,630,18269,1044,25710,980,43979,California
Madera,2021-04-07,1185,67854,370,30927,675,34313,140,2614,465,18162,716,26426,609,44588,California
Madera,2021-04-08,1682,69536,668,31595,764,35077,250,2864,575,17893,1101,27527,832,45420,California
Madera,2021-04-09,1475,71011,638,32233,704,35781,133,2997,872,18303,597,28124,1007,46427,California
Madera,2021-04-10,910,71921,643,32876,207,35988,60,3057,679,18813,231,28355,741,47168,California
Madera,2021-04-11,744,72665,610,33486,66,36054,68,3125,281,18701,461,28816,349,47517,California
Madera,2021-04-12,696,73361,268,33754,383,36437,45,3170,278,18610,418,29234,327,47844,California
Madera,2021-04-13,426,73787,98,33852,288,36725,40,3210,162,18562,262,29496,214,48058,California
Marin,2020-12-15,2,2,2,2,0,0,0,0,2,2,0,0,2,2,California
Marin,2020-12-16,107,109,107,109,0,0,0,0,107,109,0,0,107,109,California
Marin,2020-12-17,260,369,260,369,0,0,0,0,260,369,0,0,260,369,California
Marin,2020-12-18,370,739,370,739,0,0,0,0,370,739,0,0,370,739,California
Marin,2020-12-19,349,1088,348,1087,1,1,0,0,349,1088,0,0,349,1088,California
Marin,2020-12-20,167,1255,166,1253,1,2,0,0,167,1255,0,0,167,1255,California
Marin,2020-12-21,238,1493,235,1488,3,5,0,0,238,1493,0,0,238,1493,California
Marin,2020-12-22,521,2014,318,1806,203,208,0,0,521,2014,0,0,521,2014,California
Marin,2020-12-23,732,2746,324,2130,408,616,0,0,732,2746,0,0,732,2746,California
Marin,2020-12-24,358,3104,160,2290,198,814,0,0,358,3104,0,0,358,3104,California
Marin,2020-12-25,27,3131,0,2290,27,841,0,0,27,3131,0,0,27,3131,California
Marin,2020-12-26,142,3273,93,2383,49,890,0,0,142,3273,0,0,142,3273,California
Marin,2020-12-27,93,3366,56,2439,37,927,0,0,93,3366,0,0,93,3366,California
Marin,2020-12-28,408,3774,99,2538,309,1236,0,0,408,3774,0,0,408,3774,California
Marin,2020-12-29,400,4174,88,2626,312,1548,0,0,400,4174,0,0,400,4174,California
Marin,2020-12-30,624,4798,388,3014,236,1784,0,0,624,4798,0,0,624,4798,California
Marin,2020-12-31,198,4996,33,3047,165,1949,0,0,198,4996,0,0,198,4996,California
Marin,2021-01-01,11,5007,5,3052,6,1955,0,0,11,5007,0,0,11,5007,California
Marin,2021-01-02,103,5110,97,3149,6,1961,0,0,103,5110,0,0,103,5110,California
Marin,2021-01-03,54,5164,36,3185,18,1979,0,0,51,5161,0,0,51,5161,California
Marin,2021-01-04,291,5455,188,3373,103,2082,0,0,290,5450,1,1,290,5451,California
Marin,2021-01-05,366,5821,223,3596,143,2225,0,0,323,5730,43,44,323,5774,California
Marin,2021-01-06,819,6640,317,3913,502,2727,0,0,643,6197,176,220,643,6417,California
Marin,2021-01-07,893,7533,503,4416,390,3117,0,0,545,6394,348,568,545,6962,California
Marin,2021-01-08,969,8502,513,4929,456,3573,0,0,594,6614,374,942,594,7556,California
Marin,2021-01-09,618,9120,222,5151,396,3969,0,0,487,6970,131,1073,487,8043,California
Marin,2021-01-10,128,9248,99,5250,29,3998,0,0,54,6950,74,1147,54,8097,California
Marin,2021-01-11,468,9716,327,5577,141,4139,0,0,250,6983,218,1365,251,8348,California
Marin,2021-01-12,939,10655,541,6118,398,4537,0,0,567,7181,369,1734,567,8915,California
Marin,2021-01-13,1177,11832,501,6619,676,5213,0,0,938,7880,239,1973,938,9853,California
Marin,2021-01-14,1067,12899,319,6938,748,5961,0,0,917,8649,148,2121,917,10770,California
Marin,2021-01-15,1153,14052,354,7292,799,6760,0,0,1023,9544,129,2250,1024,11794,California
Marin,2021-01-16,1109,15161,907,8199,202,6962,0,0,1034,10503,75,2325,1034,12828,California
Marin,2021-01-17,1235,16396,1116,9315,119,7081,0,0,1207,11686,27,2352,1210,14038,California
Marin,2021-01-18,361,16757,159,9474,202,7283,0,0,310,11945,51,2403,310,14348,California
Marin,2021-01-19,1154,17911,913,10387,241,7524,0,0,982,12757,171,2574,983,15331,California
Marin,2021-01-20,1783,19694,1204,11591,579,8103,0,0,1054,13093,718,3292,1054,16385,California
Marin,2021-01-21,1682,21376,1062,12653,620,8723,0,0,1330,14076,349,3641,1332,17717,California
Marin,2021-01-22,1694,23070,1085,13738,609,9332,0,0,1529,15440,165,3806,1529,19246,California
Marin,2021-01-23,1842,24912,1341,15079,501,9833,0,0,1758,17115,83,3889,1758,21004,California
Marin,2021-01-24,611,25523,164,15243,447,10280,0,0,579,17662,32,3921,579,21583,California
Marin,2021-01-25,1120,26643,225,15468,895,11175,0,0,687,17918,432,4353,688,22271,California
Marin,2021-01-26,1498,28141,779,16247,719,11894,0,0,1122,18665,375,4728,1122,23393,California
Marin,2021-01-27,1695,29836,868,17115,827,12721,0,0,1344,19661,349,5077,1345,24738,California
Marin,2021-01-28,2068,31904,1062,18177,1006,13727,0,0,1802,21199,265,5342,1803,26541,California
Marin,2021-01-29,2181,34085,1434,19611,747,14474,0,0,1980,22990,190,5532,1981,28522,California
Marin,2021-01-30,1714,35799,899,20510,815,15289,0,0,1636,24549,78,5610,1637,30159,California
Marin,2021-01-31,451,36250,314,20824,137,15426,0,0,426,24950,25,5635,426,30585,California
Marin,2021-02-01,1087,37337,417,21241,670,16096,0,0,887,25638,200,5835,888,31473,California
Marin,2021-02-02,1354,38691,464,21705,890,16986,0,0,726,25746,618,6453,726,32199,California
Marin,2021-02-03,1778,40469,427,22132,1351,18337,0,0,1252,26474,524,6977,1252,33451,California
Marin,2021-02-04,1538,42007,515,22647,1023,19360,0,0,935,26809,600,7577,935,34386,California
Marin,2021-02-05,2172,44179,679,23326,1493,20853,0,0,1333,27307,835,8412,1333,35719,California
Marin,2021-02-06,1426,45605,851,24177,575,21428,0,0,603,27089,822,9234,604,36323,California
Marin,2021-02-07,1287,46892,1005,25182,282,21710,0,0,487,26777,799,10033,487,36810,California
Marin,2021-02-08,1516,48408,754,25936,762,22472,0,0,724,26712,790,10823,725,37535,California
Marin,2021-02-09,1780,50188,1122,27058,658,23130,0,0,834,26600,946,11769,834,38369,California
Marin,2021-02-10,2334,52522,1488,28546,846,23976,0,0,1220,26709,1112,12881,1221,39590,California
Marin,2021-02-11,2860,55382,1643,30189,1217,25193,0,0,1450,26756,1405,14286,1452,41042,California
Marin,2021-02-12,3058,58440,1538,31727,1520,26713,0,0,1564,26828,1492,15778,1564,42606,California
Marin,2021-02-13,2334,60774,1243,32970,1091,27804,0,0,1129,26754,1203,16981,1129,43735,California
Marin,2021-02-14,810,61584,301,33271,509,28313,0,0,718,27381,92,17073,719,44454,California
Marin,2021-02-15,1209,62793,354,33625,855,29168,0,0,831,27835,377,17450,831,45285,California
Marin,2021-02-16,2461,65254,1056,34681,1405,30573,0,0,1503,28381,957,18407,1503,46788,California
Marin,2021-02-17,2083,67337,929,35610,1154,31727,0,0,1083,28466,999,19406,1084,47872,California
Marin,2021-02-18,2412,69749,1577,37187,835,32562,0,0,1062,28179,1349,20755,1062,48934,California
Marin,2021-02-19,2748,72497,2148,39335,600,33162,0,0,1215,27873,1522,22277,1216,50150,California
Marin,2021-02-20,2563,75060,2109,41444,454,33616,0,0,1215,27744,1344,23621,1215,51365,California
Marin,2021-02-21,1281,76341,1089,42533,192,33808,0,0,907,28281,370,23991,907,52272,California
Marin,2021-02-22,1817,78158,1402,43935,415,34223,0,0,1211,28887,605,24596,1211,53483,California
Marin,2021-02-23,2827,80985,1613,45548,1214,35437,0,0,1905,29879,914,25510,1906,55389,California
Marin,2021-02-24,3498,84483,1600,47148,1898,37335,0,0,2248,30885,1243,26753,2249,57638,California
Marin,2021-02-25,3922,88405,1809,48957,2113,39448,0,0,2765,32501,1150,27903,2766,60404,California
Marin,2021-02-26,3477,91882,1877,50834,1600,41048,0,0,2530,34095,936,28839,2530,62934,California
Marin,2021-02-27,2608,94490,1493,52327,1115,42163,0,0,1776,35044,829,29668,1778,64712,California
Marin,2021-02-28,1378,95868,918,53245,460,42623,0,0,1044,35756,332,30000,1044,65756,California
Marin,2021-03-01,2466,98334,1529,54774,937,43560,0,0,1656,36606,806,30806,1656,67412,California
Marin,2021-03-02,2424,100758,1591,56365,832,44392,1,1,1681,37548,740,31546,1682,69094,California
Marin,2021-03-03,4252,105010,2371,58736,1880,46272,1,2,2744,38790,1503,33049,2745,71839,California
Marin,2021-03-04,3328,108338,1638,60374,1689,47961,1,3,2324,40121,997,34046,2328,74167,California
Marin,2021-03-05,3014,111352,1123,61497,1879,49840,12,15,1770,40662,1241,35287,1782,75949,California
Marin,2021-03-06,3219,114571,2313,63810,827,50667,79,94,2647,42820,567,35854,2725,78674,California
Marin,2021-03-07,1368,115939,1153,64963,192,50859,23,117,982,43442,383,36237,1005,79679,California
Marin,2021-03-08,1862,117801,1364,66327,386,51245,112,229,1403,44501,456,36693,1515,81194,California
Marin,2021-03-09,2098,119899,1215,67542,777,52022,106,335,1429,45368,668,37361,1535,82729,California
Marin,2021-03-10,4401,124300,2457,69999,1662,53684,282,617,3179,47610,1219,38580,3461,86190,California
Marin,2021-03-11,4544,128844,1861,71860,2553,56237,130,747,3264,49731,1273,39853,3394,89584,California
Marin,2021-03-12,3927,132771,1526,73386,2051,58288,350,1097,1544,49251,2373,42226,1893,91477,California
Marin,2021-03-13,4054,136825,2849,76235,1137,59425,68,1165,2408,50077,1645,43871,2471,93948,California
Marin,2021-03-14,2274,139099,1096,77331,1062,60487,116,1281,730,49380,1543,45414,846,94794,California
Marin,2021-03-15,3210,142309,1759,79090,1404,61891,47,1328,1206,48637,1995,47409,1252,96046,California
Marin,2021-03-16,4299,146608,2314,81404,1621,63512,364,1692,1524,47753,2772,50181,1888,97934,California
Marin,2021-03-17,4113,150721,2246,83650,1823,65335,44,1736,2000,47694,2103,52284,2044,99978,California
Marin,2021-03-18,4449,155170,2239,85889,2138,67473,72,1808,2219,47768,2216,54500,2290,102268,California
Marin,2021-03-19,4425,159595,2269,88158,1939,69412,217,2025,2406,48379,2012,56512,2623,104891,California
Marin,2021-03-20,3574,163169,1978,90136,1481,70893,115,2140,2034,48995,1534,58046,2150,107041,California
Marin,2021-03-21,1525,164694,1123,91259,377,71270,25,2165,792,49081,731,58777,817,107858,California
Marin,2021-03-22,2462,167156,2127,93386,170,71440,165,2330,991,48770,1467,60244,1156,109014,California
Marin,2021-03-23,4225,171381,2184,95570,1912,73352,129,2459,1939,48558,2280,62524,2068,111082,California
Marin,2021-03-24,4397,175778,2885,98455,1408,74760,104,2563,1790,47854,2597,65121,1893,112975,California
Marin,2021-03-25,4609,180387,2813,101268,1727,76487,69,2632,2252,47829,2344,67465,2319,115294,California
Marin,2021-03-26,4269,184656,2312,103580,1743,78230,214,2846,2409,48607,1845,69310,2623,117917,California
Marin,2021-03-27,3677,188333,2642,106222,1018,79248,17,2863,1141,47240,2525,71835,1158,119075,California
Marin,2021-03-28,2373,190706,1721,107943,646,79894,6,2869,1100,47078,1268,73103,1106,120181,California
Marin,2021-03-29,2674,193380,2082,110025,567,80461,25,2894,1180,46792,1491,74594,1205,121386,California
Marin,2021-03-30,4646,198026,3646,113671,967,81428,33,2927,3062,48305,1582,76176,3095,124481,California
Marin,2021-03-31,5768,203794,4092,117763,1627,83055,49,2976,2591,47778,3167,79343,2640,127121,California
Marin,2021-04-01,4374,208168,2258,120021,1871,84926,245,3221,2110,47875,2258,81601,2355,129476,California
Marin,2021-04-02,3662,211830,1812,121833,1490,86416,360,3581,1954,48488,1701,83302,2314,131790,California
Marin,2021-04-03,3822,215652,2514,124347,944,87360,364,3945,1466,47972,2346,85648,1830,133620,California
Marin,2021-04-04,1625,217277,1225,125572,202,87562,198,4143,1190,48927,433,86081,1388,135008,California
Marin,2021-04-05,2181,219458,1517,127089,293,87855,371,4514,1258,49633,921,87002,1627,136635,California
Marin,2021-04-06,3902,223360,2065,129154,1288,89143,549,5063,2168,50619,1728,88730,2714,139349,California
Marin,2021-04-07,3909,227269,1989,131143,1299,90442,621,5684,1440,50218,2462,91192,2061,141410,California
Marin,2021-04-08,4939,232208,1948,133091,2402,92844,589,6273,2242,50358,2687,93879,2827,144237,California
Marin,2021-04-09,3386,235594,1204,134295,1550,94394,632,6905,1120,49850,2259,96138,1751,145988,California
Marin,2021-04-10,2853,238447,1363,135658,1072,95466,418,7323,1277,49976,1568,97706,1694,147682,California
Marin,2021-04-11,1023,239470,767,136425,96,95562,160,7483,454,50021,568,98274,613,148295,California
Marin,2021-04-12,1394,240864,940,137365,338,95900,116,7599,778,50302,614,98888,895,149190,California
Marin,2021-04-13,1664,242528,1033,138398,624,96524,7,7606,850,50347,812,99700,857,150047,California
Mariposa,2020-12-17,3,3,3,3,0,0,0,0,38,38,0,0,38,38,California
Mariposa,2020-12-18,5,8,5,8,0,0,0,0,56,94,0,0,56,94,California
Mariposa,2020-12-20,2,10,2,10,0,0,0,0,2,96,0,0,2,96,California
Mariposa,2020-12-21,3,13,3,13,0,0,0,0,45,141,0,0,45,141,California
Mariposa,2020-12-22,2,15,2,15,0,0,0,0,2,143,0,0,2,143,California
Mariposa,2020-12-23,10,25,10,25,0,0,0,0,1,144,0,0,1,144,California
Mariposa,2020-12-24,1,26,0,25,1,1,0,0,0,144,0,0,0,144,California
Mariposa,2020-12-26,1,27,1,26,0,1,0,0,1,145,0,0,1,145,California
Mariposa,2020-12-27,1,28,0,26,1,2,0,0,1,146,0,0,1,146,California
Mariposa,2020-12-28,4,32,2,28,2,4,0,0,4,150,0,0,4,150,California
Mariposa,2020-12-29,33,65,1,29,32,36,0,0,33,183,0,0,33,183,California
Mariposa,2020-12-30,21,86,0,29,21,57,0,0,20,203,0,0,20,203,California
Mariposa,2020-12-31,22,108,0,29,22,79,0,0,22,225,0,0,22,225,California
Mariposa,2021-01-04,9,117,1,30,8,87,0,0,9,234,0,0,9,234,California
Mariposa,2021-01-05,24,141,14,44,10,97,0,0,12,236,10,10,12,246,California
Mariposa,2021-01-06,5,146,3,47,2,99,0,0,2,235,3,13,2,248,California
Mariposa,2021-01-07,49,195,47,94,2,101,0,0,2,190,47,60,2,250,California
Mariposa,2021-01-08,109,304,81,175,28,129,0,0,33,147,76,136,33,283,California
Mariposa,2021-01-09,1,305,0,175,1,130,0,0,1,148,0,136,1,284,California
Mariposa,2021-01-11,24,329,3,178,21,151,0,0,22,168,2,138,22,306,California
Mariposa,2021-01-12,21,350,3,181,18,169,0,0,18,183,3,141,18,324,California
Mariposa,2021-01-13,22,372,1,182,21,190,0,0,21,203,1,142,21,345,California
Mariposa,2021-01-14,94,466,1,183,93,283,0,0,94,297,0,142,94,439,California
Mariposa,2021-01-15,47,513,2,185,45,328,0,0,45,340,2,144,45,484,California
Mariposa,2021-01-16,19,532,2,187,17,345,0,0,18,357,1,145,18,502,California
Mariposa,2021-01-17,2,534,0,187,2,347,0,0,2,359,0,145,2,504,California
Mariposa,2021-01-18,2,536,2,189,0,347,0,0,1,359,1,146,1,505,California
Mariposa,2021-01-19,1,537,0,189,1,348,0,0,1,360,0,146,1,506,California
Mariposa,2021-01-20,26,563,0,189,26,374,0,0,26,386,0,146,26,532,California
Mariposa,2021-01-21,87,650,1,190,86,460,0,0,87,473,0,146,87,619,California
Mariposa,2021-01-22,77,727,1,191,76,536,0,0,77,550,0,146,77,696,California
Mariposa,2021-01-23,125,852,0,191,125,661,0,0,123,673,0,146,123,819,California
Mariposa,2021-01-25,3,855,1,192,2,663,0,0,0,670,3,149,0,819,California
Mariposa,2021-01-26,32,887,2,194,30,693,0,0,3,648,29,178,7,826,California
Mariposa,2021-01-27,34,921,1,195,33,726,0,0,26,666,8,186,26,852,California
Mariposa,2021-01-28,149,1070,2,197,147,873,0,0,135,788,13,199,135,987,California
Mariposa,2021-01-29,58,1128,0,197,58,931,0,0,58,846,0,199,58,1045,California
Mariposa,2021-01-30,3,1131,1,198,2,933,0,0,2,847,1,200,2,1047,California
Mariposa,2021-01-31,1,1132,0,198,1,934,0,0,1,848,0,200,1,1048,California
Mariposa,2021-02-01,55,1187,0,198,55,989,0,0,48,889,7,207,48,1096,California
Mariposa,2021-02-02,8,1195,0,198,8,997,0,0,2,885,6,213,2,1098,California
Mariposa,2021-02-03,26,1221,1,199,25,1022,0,0,22,903,4,217,22,1120,California
Mariposa,2021-02-04,115,1336,7,206,108,1130,0,0,108,1008,4,221,109,1229,California
Mariposa,2021-02-05,239,1575,4,210,235,1365,0,0,217,1203,22,243,217,1446,California
Mariposa,2021-02-06,2,1577,1,211,1,1366,0,0,1,1203,1,244,1,1447,California
Mariposa,2021-02-08,39,1616,1,212,38,1404,0,0,20,1204,19,263,20,1467,California
Mariposa,2021-02-09,11,1627,3,215,8,1412,0,0,6,1205,5,268,6,1473,California
Mariposa,2021-02-10,17,1644,1,216,16,1428,0,0,9,1212,8,276,15,1488,California
Mariposa,2021-02-11,378,2022,4,220,374,1802,0,0,367,1572,9,285,369,1857,California
Mariposa,2021-02-12,174,2196,1,221,173,1975,0,0,130,1658,44,329,130,1987,California
Mariposa,2021-02-13,5,2201,3,224,2,1977,0,0,4,1661,1,330,4,1991,California
Mariposa,2021-02-14,5,2206,2,226,3,1980,0,0,4,1664,1,331,4,1995,California
Mariposa,2021-02-15,8,2214,2,228,6,1986,0,0,7,1670,1,332,7,2002,California
Mariposa,2021-02-16,20,2234,2,230,18,2004,0,0,19,1688,1,333,19,2021,California
Mariposa,2021-02-17,19,2253,1,231,18,2022,0,0,15,1700,3,336,15,2036,California
Mariposa,2021-02-18,55,2308,2,233,53,2075,0,0,12,1669,43,379,12,2048,California
Mariposa,2021-02-19,75,2383,0,233,75,2150,0,0,74,1742,1,380,74,2122,California
Mariposa,2021-02-20,253,2636,4,237,249,2399,0,0,221,1932,31,411,221,2343,California
Mariposa,2021-02-21,231,2867,2,239,229,2628,0,0,230,2161,1,412,230,2573,California
Mariposa,2021-02-22,14,2881,2,241,12,2640,0,0,14,2175,0,412,14,2587,California
Mariposa,2021-02-23,5,2886,2,243,3,2643,0,0,4,2178,1,413,4,2591,California
Mariposa,2021-02-24,18,2904,1,244,17,2660,0,0,2,2164,16,429,2,2593,California
Mariposa,2021-02-25,5,2909,3,247,2,2662,0,0,2,2163,3,432,2,2595,California
Mariposa,2021-02-26,408,3317,2,249,406,3068,0,0,352,2459,56,488,352,2947,California
Mariposa,2021-02-27,154,3471,3,252,151,3219,0,0,151,2607,3,491,151,3098,California
Mariposa,2021-02-28,2,3473,1,253,1,3220,0,0,0,2605,2,493,0,3098,California
Mariposa,2021-03-01,54,3527,1,254,53,3273,0,0,6,2563,48,541,6,3104,California
Mariposa,2021-03-02,6,3533,5,259,1,3274,0,0,3,2563,3,544,3,3107,California
Mariposa,2021-03-03,68,3601,1,260,67,3341,0,0,66,2627,2,546,66,3173,California
Mariposa,2021-03-04,15,3616,5,265,10,3351,0,0,8,2628,7,553,8,3181,California
Mariposa,2021-03-05,40,3656,6,271,34,3385,0,0,33,2658,7,560,37,3218,California
Mariposa,2021-03-06,4,3660,2,273,2,3387,0,0,4,2662,0,560,4,3222,California
Mariposa,2021-03-08,35,3695,3,276,21,3408,11,11,6,2650,29,589,17,3239,California
Mariposa,2021-03-09,24,3719,2,278,12,3420,10,21,9,2654,15,604,19,3258,California
Mariposa,2021-03-10,14,3733,1,279,3,3423,10,31,2,2654,12,616,12,3270,California
Mariposa,2021-03-11,456,4189,6,285,432,3855,18,49,220,2660,235,851,241,3511,California
Mariposa,2021-03-12,242,4431,3,288,210,4065,29,78,108,2663,134,985,137,3648,California
Mariposa,2021-03-13,26,4457,3,291,8,4073,15,93,7,2666,19,1004,22,3670,California
Mariposa,2021-03-14,16,4473,1,292,4,4077,11,104,2,2665,14,1018,13,3683,California
Mariposa,2021-03-15,75,4548,6,298,31,4108,38,142,31,2690,44,1062,69,3752,California
Mariposa,2021-03-16,42,4590,4,302,4,4112,34,176,5,2692,37,1099,39,3791,California
Mariposa,2021-03-17,53,4643,4,306,43,4155,6,182,45,2736,8,1107,52,3843,California
Mariposa,2021-03-18,45,4688,5,311,31,4186,9,191,33,2766,12,1119,42,3885,California
Mariposa,2021-03-19,331,5019,4,315,318,4504,9,200,297,3038,34,1153,306,4191,California
Mariposa,2021-03-20,419,5438,4,319,414,4918,1,201,46,2714,373,1526,49,4240,California
Mariposa,2021-03-21,8,5446,7,326,0,4918,1,202,5,2717,3,1529,6,4246,California
Mariposa,2021-03-22,33,5479,3,329,19,4937,11,213,21,2738,12,1541,33,4279,California
Mariposa,2021-03-23,21,5500,3,332,4,4941,14,227,3,2737,18,1559,17,4296,California
Mariposa,2021-03-24,49,5549,1,333,46,4987,2,229,47,2784,2,1561,49,4345,California
Mariposa,2021-03-25,58,5607,7,340,43,5030,8,237,46,2826,12,1573,54,4399,California
Mariposa,2021-03-26,471,6078,7,347,462,5492,2,239,243,2843,228,1801,245,4644,California
Mariposa,2021-03-27,214,6292,3,350,211,5703,0,239,85,2800,129,1930,86,4730,California
Mariposa,2021-03-28,4,6296,0,350,1,5704,3,242,0,2799,4,1934,3,4733,California
Mariposa,2021-03-29,12,6308,2,352,10,5714,0,242,7,2801,5,1939,7,4740,California
Mariposa,2021-03-30,19,6327,1,353,2,5716,16,258,1,2800,18,1957,17,4757,California
Mariposa,2021-03-31,71,6398,5,358,65,5781,1,259,61,2852,10,1967,62,4819,California
Mariposa,2021-04-01,7,6405,2,360,4,5785,1,260,3,2852,4,1971,4,4823,California
Mariposa,2021-04-02,32,6437,4,364,27,5812,1,261,9,2839,23,1994,10,4833,California
Mariposa,2021-04-03,5,6442,3,367,2,5814,0,261,3,2840,2,1996,3,4836,California
Mariposa,2021-04-04,2,6444,1,368,0,5814,1,262,0,2839,2,1998,1,4837,California
Mariposa,2021-04-05,13,6457,9,377,2,5816,2,264,6,2840,7,2005,8,4845,California
Mariposa,2021-04-06,23,6480,8,385,1,5817,14,278,1,2834,21,2026,15,4860,California
Mariposa,2021-04-07,25,6505,3,388,6,5823,16,294,1,2827,24,2050,17,4877,California
Mariposa,2021-04-08,34,6539,8,396,7,5830,19,313,9,2830,25,2075,28,4905,California
Mariposa,2021-04-09,25,6564,7,403,6,5836,12,325,6,2829,19,2094,18,4923,California
Mariposa,2021-04-10,10,6574,1,404,1,5837,8,333,1,2828,9,2103,8,4931,California
Mariposa,2021-04-11,7,6581,5,409,2,5839,0,333,2,2825,5,2108,2,4933,California
Mariposa,2021-04-12,29,6610,5,414,22,5861,2,335,3,2804,26,2134,5,4938,California
Mariposa,2021-04-13,2,6612,0,414,2,5863,0,335,1,2804,1,2135,1,4939,California
Mendocino,2020-12-17,70,70,70,70,0,0,0,0,70,70,0,0,70,70,California
Mendocino,2020-12-18,85,155,84,154,1,1,0,0,84,154,0,0,84,154,California
Mendocino,2020-12-19,4,159,4,158,0,1,0,0,4,158,0,0,4,158,California
Mendocino,2020-12-20,7,166,7,165,0,1,0,0,7,165,0,0,7,165,California
Mendocino,2020-12-21,245,411,245,410,0,1,0,0,77,242,0,0,77,242,California
Mendocino,2020-12-22,250,661,189,599,61,62,0,0,250,492,0,0,250,492,California
Mendocino,2020-12-23,270,931,47,646,223,285,0,0,269,761,0,0,269,761,California
Mendocino,2020-12-24,49,980,8,654,41,326,0,0,49,810,0,0,49,810,California
Mendocino,2020-12-25,1,981,0,654,1,327,0,0,1,811,0,0,1,811,California
Mendocino,2020-12-26,2,983,2,656,0,327,0,0,2,813,0,0,2,813,California
Mendocino,2020-12-27,1,984,0,656,1,328,0,0,1,814,0,0,1,814,California
Mendocino,2020-12-28,73,1057,8,664,65,393,0,0,73,887,0,0,73,887,California
Mendocino,2020-12-29,121,1178,61,725,60,453,0,0,121,1008,0,0,121,1008,California
Mendocino,2020-12-30,123,1301,68,793,55,508,0,0,123,1131,0,0,123,1131,California
Mendocino,2020-12-31,130,1431,95,888,35,543,0,0,130,1261,0,0,130,1261,California
Mendocino,2021-01-01,4,1435,2,890,2,545,0,0,4,1265,0,0,4,1265,California
Mendocino,2021-01-02,1,1436,1,891,0,545,0,0,1,1266,0,0,1,1266,California
Mendocino,2021-01-04,841,2277,19,910,822,1367,0,0,841,2107,0,0,841,2107,California
Mendocino,2021-01-05,71,2348,35,945,36,1403,0,0,58,2152,13,13,58,2165,California
Mendocino,2021-01-06,151,2499,129,1074,22,1425,0,0,141,2283,10,23,141,2306,California
Mendocino,2021-01-07,358,2857,237,1311,121,1546,0,0,295,2515,63,86,295,2601,California
Mendocino,2021-01-08,95,2952,82,1393,13,1559,0,0,41,2503,54,140,42,2643,California
Mendocino,2021-01-09,10,2962,6,1399,4,1563,0,0,8,2509,2,142,8,2651,California
Mendocino,2021-01-10,8,2970,8,1407,0,1563,0,0,1,2503,7,149,1,2652,California
Mendocino,2021-01-11,101,3071,92,1499,9,1572,0,0,43,2489,57,206,43,2695,California
Mendocino,2021-01-12,386,3457,376,1875,10,1582,0,0,270,2643,116,322,270,2965,California
Mendocino,2021-01-13,480,3937,144,2019,336,1918,0,0,440,3046,38,360,441,3406,California
Mendocino,2021-01-14,634,4571,20,2039,614,2532,0,0,625,3662,9,369,625,4031,California
Mendocino,2021-01-15,1857,6428,859,2898,998,3530,0,0,1853,5511,4,373,1853,5884,California
Mendocino,2021-01-16,791,7219,50,2948,741,4271,0,0,789,6298,2,375,789,6673,California
Mendocino,2021-01-17,554,7773,1,2949,553,4824,0,0,553,6850,1,376,553,7226,California
Mendocino,2021-01-18,488,8261,463,3412,25,4849,0,0,476,7314,12,388,476,7702,California
Mendocino,2021-01-19,331,8592,146,3558,185,5034,0,0,155,7293,176,564,155,7857,California
Mendocino,2021-01-20,552,9144,405,3963,147,5181,0,0,446,7636,104,668,447,8304,California
Mendocino,2021-01-21,534,9678,222,4185,312,5493,0,0,350,7803,183,851,350,8654,California
Mendocino,2021-01-22,149,9827,58,4243,91,5584,0,0,110,7874,39,890,110,8764,California
Mendocino,2021-01-23,155,9982,83,4326,72,5656,0,0,149,8017,6,896,149,8913,California
Mendocino,2021-01-24,5,9987,3,4329,2,5658,0,0,5,8022,0,896,5,8918,California
Mendocino,2021-01-25,191,10178,18,4347,173,5831,0,0,121,8073,70,966,121,9039,California
Mendocino,2021-01-26,155,10333,57,4404,98,5929,0,0,95,8108,60,1026,95,9134,California
Mendocino,2021-01-27,433,10766,363,4767,70,5999,0,0,173,8028,253,1279,173,9307,California
Mendocino,2021-01-28,584,11350,520,5287,64,6063,0,0,491,8426,93,1372,491,9798,California
Mendocino,2021-01-29,388,11738,348,5635,40,6103,0,0,359,8757,29,1401,360,10158,California
Mendocino,2021-01-30,48,11786,30,5665,18,6121,0,0,41,8791,7,1408,41,10199,California
Mendocino,2021-01-31,274,12060,2,5667,272,6393,0,0,3,8523,271,1679,3,10202,California
Mendocino,2021-02-01,378,12438,50,5717,328,6721,0,0,56,8257,322,2001,56,10258,California
Mendocino,2021-02-02,720,13158,501,6218,219,6940,0,0,362,8261,358,2359,362,10620,California
Mendocino,2021-02-03,391,13549,205,6423,186,7126,0,0,221,8314,168,2527,221,10841,California
Mendocino,2021-02-04,626,14175,530,6953,96,7222,0,0,502,8692,124,2651,502,11343,California
Mendocino,2021-02-05,1300,15475,1212,8165,88,7310,0,0,585,8563,714,3365,585,11928,California
Mendocino,2021-02-06,557,16032,157,8322,400,7710,0,0,542,9090,15,3380,542,12470,California
Mendocino,2021-02-07,31,16063,27,8349,4,7714,0,0,31,9121,0,3380,31,12501,California
Mendocino,2021-02-08,745,16808,714,9063,31,7745,0,0,284,8944,461,3841,284,12785,California
Mendocino,2021-02-09,141,16949,58,9121,83,7828,0,0,89,8981,52,3893,89,12874,California
Mendocino,2021-02-10,1479,18428,921,10042,558,8386,0,0,742,8995,731,4624,745,13619,California
Mendocino,2021-02-11,1133,19561,209,10251,924,9310,0,0,285,8432,848,5472,285,13904,California
Mendocino,2021-02-12,1401,20962,157,10408,1244,10554,0,0,636,8304,764,6236,636,14540,California
Mendocino,2021-02-13,495,21457,12,10420,483,11037,0,0,102,8018,393,6629,107,14647,California
Mendocino,2021-02-14,697,22154,3,10423,694,11731,0,0,136,7593,561,7190,136,14783,California
Mendocino,2021-02-15,327,22481,43,10466,284,12015,0,0,172,7610,155,7345,172,14955,California
Mendocino,2021-02-16,199,22680,50,10516,149,12164,0,0,131,7673,68,7413,131,15086,California
Mendocino,2021-02-17,1349,24029,1187,11703,162,12326,0,0,877,8080,470,7883,877,15963,California
Mendocino,2021-02-18,1778,25807,637,12340,1141,13467,0,0,1213,8728,565,8448,1213,17176,California
Mendocino,2021-02-19,747,26554,145,12485,602,14069,0,0,608,9197,139,8587,608,17784,California
Mendocino,2021-02-20,572,27126,546,13031,26,14095,0,0,542,9711,28,8615,542,18326,California
Mendocino,2021-02-21,326,27452,5,13036,321,14416,0,0,314,10014,11,8626,314,18640,California
Mendocino,2021-02-22,162,27614,30,13066,132,14548,0,0,71,9995,90,8716,71,18711,California
Mendocino,2021-02-23,669,28283,657,13723,12,14560,0,0,610,10547,58,8774,610,19321,California
Mendocino,2021-02-24,1837,30120,1758,15481,79,14639,0,0,1429,11573,405,9179,1431,20752,California
Mendocino,2021-02-25,1703,31823,532,16013,1171,15810,0,0,1285,12441,417,9596,1285,22037,California
Mendocino,2021-02-26,1399,33222,746,16759,653,16463,0,0,1037,13118,360,9956,1037,23074,California
Mendocino,2021-02-27,197,33419,150,16909,47,16510,0,0,76,13074,120,10076,76,23150,California
Mendocino,2021-02-28,33,33452,11,16920,22,16532,0,0,23,13087,10,10086,23,23173,California
Mendocino,2021-03-01,577,34029,534,17454,43,16575,0,0,540,13590,37,10123,540,23713,California
Mendocino,2021-03-02,70,34099,24,17478,46,16621,0,0,41,13603,28,10151,41,23754,California
Mendocino,2021-03-03,1691,35790,1323,18801,368,16989,0,0,1061,14035,629,10780,1061,24815,California
Mendocino,2021-03-04,1765,37555,146,18947,1619,18608,0,0,1548,15369,215,10995,1549,26364,California
Mendocino,2021-03-05,207,37762,144,19091,54,18662,9,9,116,15405,89,11084,125,26489,California
Mendocino,2021-03-06,241,38003,20,19111,196,18858,25,34,201,15592,39,11123,226,26715,California
Mendocino,2021-03-07,502,38505,6,19117,476,19334,20,54,116,15342,385,11508,135,26850,California
Mendocino,2021-03-08,124,38629,29,19146,59,19393,36,90,64,15384,58,11566,100,26950,California
Mendocino,2021-03-09,441,39070,224,19370,176,19569,41,131,346,15676,95,11661,387,27337,California
Mendocino,2021-03-10,1107,40177,979,20349,62,19631,66,197,266,15172,839,12500,335,27672,California
Mendocino,2021-03-11,819,40996,609,20958,157,19788,53,250,398,15204,419,12919,451,28123,California
Mendocino,2021-03-12,1999,42995,1026,21984,879,20667,94,344,1209,15723,784,13703,1303,29426,California
Mendocino,2021-03-13,648,43643,524,22508,67,20734,57,401,97,15330,547,14250,154,29580,California
Mendocino,2021-03-14,104,43747,2,22510,95,20829,7,408,11,15257,91,14341,18,29598,California
Mendocino,2021-03-15,597,44344,52,22562,488,21317,57,465,211,15140,385,14726,268,29866,California
Mendocino,2021-03-16,572,44916,374,22936,153,21470,45,510,141,14897,429,15155,186,30052,California
Mendocino,2021-03-17,1559,46475,1357,24293,55,21525,147,657,213,13920,1344,16499,367,30419,California
Mendocino,2021-03-18,1303,47778,246,24539,1019,22544,38,695,283,13228,1012,17511,320,30739,California
Mendocino,2021-03-19,1756,49534,857,25396,838,23382,61,756,336,12211,1416,18927,399,31138,California
Mendocino,2021-03-20,71,49605,12,25408,38,23420,21,777,15,12191,56,18983,36,31174,California
Mendocino,2021-03-21,9,49614,1,25409,3,23423,5,782,4,12195,5,18988,9,31183,California
Mendocino,2021-03-22,627,50241,583,25992,15,23438,29,811,148,11895,476,19464,176,31359,California
Mendocino,2021-03-23,167,50408,34,26026,103,23541,30,841,117,11992,50,19514,147,31506,California
Mendocino,2021-03-24,900,51308,828,26854,25,23566,47,888,115,11371,783,20297,162,31668,California
Mendocino,2021-03-25,1974,53282,51,26905,1904,25470,19,907,165,9749,1805,22102,183,31851,California
Mendocino,2021-03-26,507,53789,360,27265,123,25593,24,931,329,9924,178,22280,353,32204,California
Mendocino,2021-03-27,141,53930,12,27277,118,25711,11,942,83,9960,57,22337,93,32297,California
Mendocino,2021-03-28,26,53956,5,27282,17,25728,4,946,4,9946,22,22359,8,32305,California
Mendocino,2021-03-29,187,54143,98,27380,47,25775,42,988,96,9993,91,22450,138,32443,California
Mendocino,2021-03-30,684,54827,599,27979,48,25823,37,1025,421,10189,262,22712,458,32901,California
Mendocino,2021-03-31,863,55690,271,28250,533,26356,59,1084,415,10217,446,23158,474,33375,California
Mendocino,2021-04-01,1671,57361,395,28645,1200,27556,76,1160,379,9386,1285,24443,454,33829,California
Mendocino,2021-04-02,1282,58643,1054,29699,155,27711,73,1233,223,8626,1056,25499,296,34125,California
Mendocino,2021-04-03,706,59349,7,29706,678,28389,21,1254,88,8121,614,26113,109,34234,California
Mendocino,2021-04-04,68,59417,33,29739,29,28418,6,1260,53,8165,15,26128,59,34293,California
Mendocino,2021-04-05,198,59615,134,29873,41,28459,23,1283,124,8236,74,26202,145,34438,California
Mendocino,2021-04-06,377,59992,120,29993,180,28639,77,1360,107,8150,270,26472,184,34622,California
Mendocino,2021-04-07,456,60448,165,30158,69,28708,222,1582,119,8155,336,26808,341,34963,California
Mendocino,2021-04-08,1448,61896,887,31045,459,29167,102,1684,975,8766,467,27275,1078,36041,California
Mendocino,2021-04-09,712,62608,400,31445,160,29327,152,1836,370,8947,341,27616,522,36563,California
Mendocino,2021-04-10,147,62755,94,31539,7,29334,46,1882,90,9026,57,27673,136,36699,California
Mendocino,2021-04-11,113,62868,43,31582,18,29352,52,1934,53,9072,59,27732,105,36804,California
Mendocino,2021-04-12,140,63008,57,31639,40,29392,43,1977,70,9115,70,27802,113,36917,California
Mendocino,2021-04-13,56,63064,18,31657,38,29430,0,1977,16,9092,39,27841,16,36933,California
Merced,2020-12-16,3,3,3,3,0,0,0,0,3,3,0,0,3,3,California
Merced,2020-12-17,5,8,5,8,0,0,0,0,5,8,0,0,5,8,California
Merced,2020-12-18,144,152,144,152,0,0,0,0,144,152,0,0,144,152,California
Merced,2020-12-19,39,191,39,191,0,0,0,0,39,191,0,0,39,191,California
Merced,2020-12-20,17,208,17,208,0,0,0,0,17,208,0,0,17,208,California
Merced,2020-12-21,129,337,126,334,3,3,0,0,129,337,0,0,129,337,California
Merced,2020-12-22,162,499,162,496,0,3,0,0,162,499,0,0,162,499,California
Merced,2020-12-23,305,804,290,786,15,18,0,0,305,804,0,0,305,804,California
Merced,2020-12-24,71,875,71,857,0,18,0,0,71,875,0,0,71,875,California
Merced,2020-12-25,5,880,5,862,0,18,0,0,5,880,0,0,5,880,California
Merced,2020-12-26,7,887,4,866,3,21,0,0,7,887,0,0,7,887,California
Merced,2020-12-27,12,899,11,877,1,22,0,0,12,899,0,0,12,899,California
Merced,2020-12-28,124,1023,100,977,24,46,0,0,124,1023,0,0,124,1023,California
Merced,2020-12-29,189,1212,135,1112,54,100,0,0,189,1212,0,0,189,1212,California
Merced,2020-12-30,239,1451,93,1205,146,246,0,0,238,1450,0,0,238,1450,California
Merced,2020-12-31,126,1577,39,1244,87,333,0,0,123,1573,0,0,123,1573,California
Merced,2021-01-01,1,1578,0,1244,1,334,0,0,1,1574,0,0,1,1574,California
Merced,2021-01-02,128,1706,117,1361,11,345,0,0,129,1703,0,0,129,1703,California
Merced,2021-01-03,9,1715,5,1366,4,349,0,0,9,1712,0,0,9,1712,California
Merced,2021-01-04,84,1799,41,1407,43,392,0,0,84,1796,0,0,84,1796,California
Merced,2021-01-05,320,2119,231,1638,89,481,0,0,321,2113,6,6,323,2119,California
Merced,2021-01-06,271,2390,97,1735,174,655,0,0,266,2373,6,12,266,2385,California
Merced,2021-01-07,191,2581,79,1814,112,767,0,0,191,2553,11,23,191,2576,California
Merced,2021-01-08,542,3123,400,2214,142,909,0,0,398,2801,150,173,398,2974,California
Merced,2021-01-09,23,3146,10,2224,13,922,0,0,17,2812,6,179,17,2991,California
Merced,2021-01-10,10,3156,6,2230,4,926,0,0,6,2814,4,183,6,2997,California
Merced,2021-01-11,245,3401,169,2399,76,1002,0,0,118,2807,126,309,119,3116,California
Merced,2021-01-12,311,3712,161,2560,150,1152,0,0,258,3009,56,365,258,3374,California
Merced,2021-01-13,450,4162,232,2792,218,1370,0,0,237,3041,207,572,239,3613,California
Merced,2021-01-14,353,4515,213,3005,140,1510,0,0,182,3055,170,742,184,3797,California
Merced,2021-01-15,683,5198,148,3153,535,2045,0,0,660,3678,39,781,662,4459,California
Merced,2021-01-16,242,5440,151,3304,91,2136,0,0,237,3910,5,786,237,4696,California
Merced,2021-01-17,48,5488,11,3315,37,2173,0,0,47,3956,1,787,47,4743,California
Merced,2021-01-18,329,5817,155,3470,174,2347,0,0,307,4244,22,809,310,5053,California
Merced,2021-01-19,731,6548,582,4052,149,2496,0,0,549,4615,182,991,553,5606,California
Merced,2021-01-20,593,7141,484,4536,109,2605,0,0,529,5082,64,1055,531,6137,California
Merced,2021-01-21,1056,8197,686,5222,370,2975,0,0,954,5936,103,1158,957,7094,California
Merced,2021-01-22,1391,9588,709,5931,682,3657,0,0,1367,7289,26,1184,1379,8473,California
Merced,2021-01-23,306,9894,184,6115,122,3779,0,0,203,7387,105,1289,203,8676,California
Merced,2021-01-24,32,9926,15,6130,17,3796,0,0,23,7402,8,1297,23,8699,California
Merced,2021-01-25,780,10706,270,6400,510,4306,0,0,703,8046,59,1356,703,9402,California
Merced,2021-01-26,944,11650,480,6880,464,4770,0,0,688,8526,209,1565,689,10091,California
Merced,2021-01-27,1029,12679,583,7463,446,5216,0,0,840,9204,162,1727,840,10931,California
Merced,2021-01-28,1202,13881,586,8049,616,5832,0,0,1044,10115,134,1861,1045,11976,California
Merced,2021-01-29,907,14788,339,8388,568,6400,0,0,650,10524,244,2105,653,12629,California
Merced,2021-01-30,286,15074,27,8415,259,6659,0,0,270,10778,16,2121,270,12899,California
Merced,2021-01-31,47,15121,10,8425,37,6696,0,0,46,10823,1,2122,46,12945,California
Merced,2021-02-01,374,15495,51,8476,323,7019,0,0,323,11096,50,2172,323,13268,California
Merced,2021-02-02,291,15786,180,8656,111,7130,0,0,172,11152,117,2289,173,13441,California
Merced,2021-02-03,393,16179,69,8725,324,7454,0,0,198,11155,195,2484,198,13639,California
Merced,2021-02-04,429,16608,158,8883,271,7725,0,0,273,11276,153,2637,274,13913,California
Merced,2021-02-05,623,17231,214,9097,409,8134,0,0,322,11312,288,2925,324,14237,California
Merced,2021-02-06,443,17674,248,9345,195,8329,0,0,270,11412,171,3096,271,14508,California
Merced,2021-02-07,20,17694,12,9357,8,8337,0,0,13,11418,7,3103,13,14521,California
Merced,2021-02-08,320,18014,218,9575,102,8439,0,0,180,11462,137,3240,181,14702,California
Merced,2021-02-09,1278,19292,963,10538,315,8754,0,0,805,11812,456,3696,806,15508,California
Merced,2021-02-10,1920,21212,1433,11971,487,9241,0,0,1335,12569,578,4274,1335,16843,California
Merced,2021-02-11,2608,23820,2041,14012,567,9808,0,0,1857,13681,745,5019,1857,18700,California
Merced,2021-02-12,1890,25710,1060,15072,830,10638,0,0,837,13478,1041,6060,838,19538,California
Merced,2021-02-13,363,26073,202,15274,161,10799,0,0,267,13651,96,6156,269,19807,California
Merced,2021-02-14,117,26190,27,15301,90,10889,0,0,95,13725,22,6178,96,19903,California
Merced,2021-02-15,273,26463,41,15342,232,11121,0,0,169,13796,99,6277,170,20073,California
Merced,2021-02-16,1288,27751,862,16204,426,11547,0,0,862,14255,406,6683,865,20938,California
Merced,2021-02-17,1945,29696,1676,17880,269,11816,0,0,1368,15060,565,7248,1370,22308,California
Merced,2021-02-18,1313,31009,854,18734,459,12275,0,0,457,14688,829,8077,457,22765,California
Merced,2021-02-19,1323,32332,439,19173,884,13159,0,0,574,14521,743,8820,576,23341,California
Merced,2021-02-20,274,32606,32,19205,242,13401,0,0,142,14532,131,8951,142,23483,California
Merced,2021-02-21,73,32679,58,19263,15,13416,0,0,29,14517,44,8995,29,23512,California
Merced,2021-02-22,921,33600,373,19636,548,13964,0,0,576,14749,344,9339,576,24088,California
Merced,2021-02-23,1181,34781,487,20123,694,14658,0,0,734,15040,443,9782,734,24822,California
Merced,2021-02-24,849,35630,301,20424,548,15206,0,0,465,15130,375,10157,465,25287,California
Merced,2021-02-25,1924,37554,964,21388,960,16166,0,0,1448,16117,462,10619,1449,26736,California
Merced,2021-02-26,2351,39905,1504,22892,847,17013,0,0,1925,17615,428,11047,1926,28662,California
Merced,2021-02-27,2877,42782,1291,24183,1586,18599,0,0,2567,19876,306,11353,2567,31229,California
Merced,2021-02-28,332,43114,70,24253,262,18861,0,0,287,20119,44,11397,287,31516,California
Merced,2021-03-01,1185,44299,276,24529,909,19770,0,0,856,20649,326,11723,856,32372,California
Merced,2021-03-02,1807,46106,916,25445,891,20661,0,0,1405,21668,386,12109,1405,33777,California
Merced,2021-03-03,2362,48468,1823,27268,538,21199,1,1,1566,22474,762,12871,1568,35345,California
Merced,2021-03-04,3102,51570,2438,29706,662,21861,2,3,2209,23712,973,13844,2211,37556,California
Merced,2021-03-05,2484,54054,1537,31243,924,22785,23,26,1870,25021,585,14429,1894,39450,California
Merced,2021-03-06,1261,55315,726,31969,514,23299,21,47,986,25751,277,14706,1007,40457,California
Merced,2021-03-07,280,55595,61,32030,194,23493,25,72,251,25998,29,14735,276,40733,California
Merced,2021-03-08,1257,56852,624,32654,568,24061,65,137,1047,26899,210,14945,1111,41844,California
Merced,2021-03-09,1717,58569,1038,33692,566,24627,113,250,1154,27607,560,15505,1268,43112,California
Merced,2021-03-10,2905,61474,2018,35710,673,25300,214,464,1824,28570,1080,16585,2043,45155,California
Merced,2021-03-11,1954,63428,662,36372,1088,26388,204,668,1392,29638,553,17138,1621,46776,California
Merced,2021-03-12,2482,65910,1130,37502,1087,27475,265,933,1721,30875,760,17898,1997,48773,California
Merced,2021-03-13,764,66674,365,37867,157,27632,242,1175,457,31274,301,18199,700,49473,California
Merced,2021-03-14,246,66920,136,38003,80,27712,30,1205,148,31356,97,18296,179,49652,California
Merced,2021-03-15,1567,68487,526,38529,776,28488,265,1470,1040,32139,521,18817,1304,50956,California
Merced,2021-03-16,1603,70090,832,39361,548,29036,223,1693,1088,32967,483,19300,1311,52267,California
Merced,2021-03-17,2241,72331,1289,40650,771,29807,181,1874,1772,34468,454,19754,1955,54222,California
Merced,2021-03-18,2112,74443,1207,41857,747,30554,158,2032,1457,35447,647,20401,1626,55848,California
Merced,2021-03-19,3137,77580,1866,43723,1078,31632,193,2225,1728,35978,1394,21795,1925,57773,California
Merced,2021-03-20,2612,80192,1713,45436,535,32167,364,2589,1175,36088,1432,23227,1542,59315,California
Merced,2021-03-21,673,80865,341,45777,319,32486,13,2602,554,36539,119,23346,570,59885,California
Merced,2021-03-22,1118,81983,481,46258,553,33039,84,2686,731,36975,380,23726,816,60701,California
Merced,2021-03-23,1935,83918,1174,47432,697,33736,64,2750,1476,38053,463,24189,1541,62242,California
Merced,2021-03-24,1406,85324,841,48273,521,34257,44,2794,1050,38799,347,24536,1093,63335,California
Merced,2021-03-25,3541,88865,2460,50733,1059,35316,22,2816,2124,39538,1410,25946,2149,65484,California
Merced,2021-03-26,2163,91028,1282,52015,852,36168,29,2845,937,39287,1217,27163,966,66450,California
Merced,2021-03-27,2809,93837,1393,53408,1349,37517,67,2912,1036,38624,1766,28929,1103,67553,California
Merced,2021-03-28,574,94411,206,53614,361,37878,7,2919,252,38563,322,29251,261,67814,California
Merced,2021-03-29,1648,96059,454,54068,947,38825,247,3166,660,38491,983,30234,911,68725,California
Merced,2021-03-30,2291,98350,856,54924,1377,40202,58,3224,1043,38349,1243,31477,1101,69826,California
Merced,2021-03-31,2396,100746,1652,56576,711,40913,33,3257,1050,38100,1333,32810,1084,70910,California
Merced,2021-04-01,2250,102996,1084,57660,1060,41973,106,3363,822,37607,1423,34233,930,71840,California
Merced,2021-04-02,2629,105625,749,58409,1456,43429,424,3787,971,37362,1643,35876,1398,73238,California
Merced,2021-04-03,896,106521,402,58811,484,43913,10,3797,458,37394,437,36313,469,73707,California
Merced,2021-04-04,457,106978,140,58951,314,44227,3,3800,195,37333,261,36574,200,73907,California
Merced,2021-04-05,1294,108272,519,59470,487,44714,288,4088,406,37140,887,37461,694,74601,California
Merced,2021-04-06,2347,110619,708,60178,730,45444,909,4997,761,37227,1585,39046,1672,76273,California
Merced,2021-04-07,1422,112041,615,60793,677,46121,130,5127,479,36906,935,39981,614,76887,California
Merced,2021-04-08,1388,113429,594,61387,619,46740,175,5302,567,36853,797,40778,744,77631,California
Merced,2021-04-09,1765,115194,499,61886,602,47342,664,5966,516,36802,1234,42012,1183,78814,California
Merced,2021-04-10,718,115912,375,62261,135,47477,208,6174,126,36548,588,42600,334,79148,California
Merced,2021-04-11,445,116357,240,62501,67,47544,138,6312,116,36475,327,42927,254,79402,California
Merced,2021-04-12,927,117284,554,63055,256,47800,117,6429,566,36829,330,43257,684,80086,California
Merced,2021-04-13,842,118126,528,63583,311,48111,3,6432,486,36967,354,43611,492,80578,California
Modoc,2020-12-16,1,1,1,1,0,0,0,0,1,1,0,0,1,1,California
Modoc,2020-12-21,100,101,100,101,0,0,0,0,100,101,0,0,100,101,California
Modoc,2020-12-22,14,115,14,115,0,0,0,0,14,115,0,0,14,115,California
Modoc,2020-12-23,4,119,4,119,0,0,0,0,4,119,0,0,4,119,California
Modoc,2020-12-24,1,120,1,120,0,0,0,0,1,120,0,0,1,120,California
Modoc,2020-12-28,2,122,2,122,0,0,0,0,2,122,0,0,2,122,California
Modoc,2020-12-29,10,132,1,123,9,9,0,0,10,132,0,0,10,132,California
Modoc,2020-12-30,7,139,0,123,7,16,0,0,7,139,0,0,7,139,California
Modoc,2021-01-02,2,141,0,123,2,18,0,0,2,141,0,0,2,141,California
Modoc,2021-01-04,8,149,0,123,8,26,0,0,8,149,0,0,8,149,California
Modoc,2021-01-05,2,151,1,124,1,27,0,0,2,151,0,0,2,151,California
Modoc,2021-01-06,3,154,2,126,1,28,0,0,2,152,1,1,2,153,California
Modoc,2021-01-07,72,226,0,126,72,100,0,0,72,224,0,1,72,225,California
Modoc,2021-01-08,105,331,0,126,105,205,0,0,105,329,0,1,105,330,California
Modoc,2021-01-10,1,332,1,127,0,205,0,0,0,328,1,2,0,330,California
Modoc,2021-01-11,92,424,83,210,9,214,0,0,19,274,73,75,19,349,California
Modoc,2021-01-12,94,518,25,235,69,283,0,0,68,316,26,101,68,417,California
Modoc,2021-01-13,24,542,4,239,20,303,0,0,22,336,2,103,22,439,California
Modoc,2021-01-14,129,671,6,245,123,426,0,0,124,455,5,108,124,563,California
Modoc,2021-01-15,6,677,1,246,5,431,0,0,6,461,0,108,6,569,California
Modoc,2021-01-16,1,678,1,247,0,431,0,0,1,462,0,108,1,570,California
Modoc,2021-01-18,1,679,1,248,0,431,0,0,1,463,0,108,1,571,California
Modoc,2021-01-19,5,684,3,251,2,433,0,0,3,464,2,110,3,574,California
Modoc,2021-01-20,11,695,1,252,10,443,0,0,11,475,0,110,11,585,California
Modoc,2021-01-21,158,853,2,254,156,599,0,0,158,633,0,110,158,743,California
Modoc,2021-01-22,2,855,0,254,2,601,0,0,2,635,0,110,2,745,California
Modoc,2021-01-25,11,866,0,254,11,612,0,0,11,646,0,110,11,756,California
Modoc,2021-01-26,65,931,1,255,64,676,0,0,65,711,0,110,65,821,California
Modoc,2021-01-27,41,972,2,257,39,715,0,0,25,720,16,126,25,846,California
Modoc,2021-01-28,144,1116,1,258,143,858,0,0,144,864,0,126,144,990,California
Modoc,2021-01-29,3,1119,1,259,2,860,0,0,3,867,0,126,3,993,California
Modoc,2021-02-01,25,1144,12,271,13,873,0,0,11,864,14,140,11,1004,California
Modoc,2021-02-02,170,1314,2,273,168,1041,0,0,167,1028,3,143,167,1171,California
Modoc,2021-02-03,18,1332,13,286,5,1046,0,0,11,1032,7,150,11,1182,California
Modoc,2021-02-04,155,1487,4,290,151,1197,0,0,27,931,128,278,27,1209,California
Modoc,2021-02-05,4,1491,3,293,1,1198,0,0,3,933,1,279,3,1212,California
Modoc,2021-02-08,9,1500,2,295,7,1205,0,0,8,940,1,280,8,1220,California
Modoc,2021-02-09,197,1697,13,308,184,1389,0,0,66,875,131,411,66,1286,California
Modoc,2021-02-10,5,1702,2,310,3,1392,0,0,4,878,1,412,4,1290,California
Modoc,2021-02-11,201,1903,3,313,198,1590,0,0,83,843,118,530,83,1373,California
Modoc,2021-02-12,5,1908,1,314,4,1594,0,0,3,844,2,532,3,1376,California
Modoc,2021-02-13,1,1909,0,314,1,1595,0,0,1,845,0,532,1,1377,California
Modoc,2021-02-16,147,2056,6,320,141,1736,0,0,143,984,4,536,143,1520,California
Modoc,2021-02-17,24,2080,1,321,23,1759,0,0,12,984,12,548,12,1532,California
Modoc,2021-02-18,189,2269,2,323,187,1946,0,0,25,847,163,711,26,1558,California
Modoc,2021-02-19,2,2271,2,325,0,1946,0,0,2,849,0,711,2,1560,California
Modoc,2021-02-20,1,2272,1,326,0,1946,0,0,1,850,0,711,1,1561,California
Modoc,2021-02-22,16,2288,8,334,8,1954,0,0,3,840,13,724,3,1564,California
Modoc,2021-02-23,21,2309,3,337,18,1972,0,0,1,821,20,744,1,1565,California
Modoc,2021-02-24,90,2399,1,338,89,2061,0,0,30,791,60,804,30,1595,California
Modoc,2021-02-25,168,2567,0,338,168,2229,0,0,12,647,156,960,12,1607,California
Modoc,2021-02-26,3,2570,0,338,3,2232,0,0,1,646,2,962,1,1608,California
Modoc,2021-02-27,5,2575,5,343,0,2232,0,0,2,645,3,965,2,1610,California
Modoc,2021-03-01,4,2579,0,343,4,2236,0,0,0,641,4,969,0,1610,California
Modoc,2021-03-02,193,2772,12,355,181,2417,0,0,26,500,167,1136,26,1636,California
Modoc,2021-03-03,12,2784,6,361,6,2423,0,0,2,492,10,1146,2,1638,California
Modoc,2021-03-04,175,2959,2,363,173,2596,0,0,148,613,27,1173,148,1786,California
Modoc,2021-03-05,4,2963,3,366,1,2597,0,0,2,613,2,1175,2,1788,California
Modoc,2021-03-06,10,2973,0,366,0,2597,10,10,0,613,10,1185,10,1798,California
Modoc,2021-03-07,6,2979,1,367,0,2597,5,15,1,614,5,1190,6,1804,California
Modoc,2021-03-08,7,2986,1,368,2,2599,4,19,1,613,6,1196,5,1809,California
Modoc,2021-03-09,127,3113,10,378,109,2708,8,27,61,616,66,1262,69,1878,California
Modoc,2021-03-10,9,3122,3,381,2,2710,4,31,4,619,5,1267,8,1886,California
Modoc,2021-03-11,206,3328,0,381,99,2809,107,138,22,564,184,1451,129,2015,California
Modoc,2021-03-12,10,3338,1,382,4,2813,5,143,4,567,6,1457,9,2024,California
Modoc,2021-03-13,4,3342,0,382,1,2814,3,146,1,568,3,1460,4,2028,California
Modoc,2021-03-15,12,3354,1,383,10,2824,1,147,10,577,2,1462,11,2039,California
Modoc,2021-03-16,173,3527,1,384,168,2992,4,151,42,491,131,1593,45,2084,California
Modoc,2021-03-17,10,3537,1,385,4,2996,5,156,2,490,8,1601,7,2091,California
Modoc,2021-03-18,66,3603,1,386,58,3054,7,163,34,499,32,1633,41,2132,California
Modoc,2021-03-19,5,3608,0,386,0,3054,5,168,0,499,5,1638,5,2137,California
Modoc,2021-03-20,6,3614,2,388,1,3055,3,171,1,498,5,1643,4,2141,California
Modoc,2021-03-21,4,3618,1,389,1,3056,2,173,2,500,2,1645,4,2145,California
Modoc,2021-03-22,18,3636,1,390,11,3067,6,179,12,512,6,1651,18,2163,California
Modoc,2021-03-23,32,3668,4,394,25,3092,3,182,24,531,8,1659,27,2190,California
Modoc,2021-03-24,29,3697,1,395,18,3110,10,192,2,516,27,1686,12,2202,California
Modoc,2021-03-25,64,3761,1,396,61,3171,2,194,32,518,32,1718,34,2236,California
Modoc,2021-03-26,7,3768,2,398,2,3173,3,197,2,518,5,1723,5,2241,California
Modoc,2021-03-27,2,3770,0,398,1,3174,1,198,1,519,1,1724,2,2243,California
Modoc,2021-03-28,2,3772,1,399,0,3174,1,199,0,518,2,1726,1,2244,California
Modoc,2021-03-29,14,3786,1,400,5,3179,8,207,5,522,9,1735,13,2257,California
Modoc,2021-03-30,56,3842,11,411,39,3218,6,213,23,518,33,1768,29,2286,California
Modoc,2021-03-31,9,3851,3,414,2,3220,4,217,3,519,6,1774,7,2293,California
Modoc,2021-04-01,170,4021,3,417,162,3382,5,222,35,424,135,1909,40,2333,California
Modoc,2021-04-02,5,4026,0,417,2,3384,3,225,1,425,3,1912,4,2337,California
Modoc,2021-04-03,4,4030,2,419,0,3384,2,227,2,427,2,1914,4,2341,California
Modoc,2021-04-05,9,4039,0,419,9,3393,0,227,9,436,0,1914,9,2350,California
Modoc,2021-04-06,22,4061,5,424,7,3400,10,237,4,432,18,1932,14,2364,California
Modoc,2021-04-07,11,4072,1,425,3,3403,7,244,2,432,9,1941,9,2373,California
Modoc,2021-04-08,96,4168,1,426,93,3496,2,246,26,390,70,2011,28,2401,California
Modoc,2021-04-09,12,4180,1,427,8,3504,3,249,4,388,8,2019,6,2407,California
Modoc,2021-04-10,5,4185,0,427,0,3504,5,254,0,388,5,2024,5,2412,California
Modoc,2021-04-11,4,4189,2,429,0,3504,2,256,1,388,3,2027,3,2415,California
Modoc,2021-04-12,15,4204,1,430,9,3513,5,261,1,382,12,2039,6,2421,California
Modoc,2021-04-13,27,4231,26,456,1,3514,0,261,21,398,5,2044,21,2442,California
Mono,2020-12-18,1,1,1,1,0,0,0,0,1,1,0,0,1,1,California
Mono,2020-12-19,5,6,5,6,0,0,0,0,5,6,0,0,5,6,California
Mono,2020-12-20,7,13,7,13,0,0,0,0,7,13,0,0,7,13,California
Mono,2020-12-21,24,37,17,30,7,7,0,0,24,37,0,0,24,37,California
Mono,2020-12-22,65,102,64,94,1,8,0,0,65,102,0,0,65,102,California
Mono,2020-12-23,70,172,42,136,28,36,0,0,70,172,0,0,70,172,California
Mono,2020-12-24,3,175,1,137,2,38,0,0,3,175,0,0,3,175,California
Mono,2020-12-26,3,178,3,140,0,38,0,0,3,178,0,0,3,178,California
Mono,2020-12-28,94,272,63,203,31,69,0,0,94,272,0,0,94,272,California
Mono,2020-12-29,29,301,29,232,0,69,0,0,29,301,0,0,29,301,California
Mono,2020-12-30,76,377,35,267,41,110,0,0,76,377,0,0,76,377,California
Mono,2020-12-31,4,381,1,268,3,113,0,0,4,381,0,0,4,381,California
Mono,2021-01-01,4,385,4,272,0,113,0,0,4,385,0,0,4,385,California
Mono,2021-01-02,1,386,1,273,0,113,0,0,1,386,0,0,1,386,California
Mono,2021-01-04,1,387,0,273,1,114,0,0,1,387,0,0,1,387,California
Mono,2021-01-05,45,432,2,275,43,157,0,0,44,430,1,1,44,431,California
Mono,2021-01-06,44,476,0,275,44,201,0,0,44,474,0,1,44,475,California
Mono,2021-01-07,55,531,3,278,52,253,0,0,54,527,1,2,54,529,California
Mono,2021-01-08,2,533,1,279,1,254,0,0,1,527,1,3,1,530,California
Mono,2021-01-09,4,537,4,283,0,254,0,0,0,523,4,7,0,530,California
Mono,2021-01-10,5,542,5,288,0,254,0,0,0,518,5,12,0,530,California
Mono,2021-01-11,7,549,4,292,3,257,0,0,3,517,4,16,3,533,California
Mono,2021-01-12,283,832,75,367,208,465,0,0,219,673,63,79,219,752,California
Mono,2021-01-13,233,1065,73,440,160,625,0,0,178,796,55,134,178,930,California
Mono,2021-01-14,73,1138,71,511,2,627,0,0,73,869,0,134,73,1003,California
Mono,2021-01-15,60,1198,2,513,58,685,0,0,60,929,0,134,60,1063,California
Mono,2021-01-16,4,1202,3,516,1,686,0,0,1,927,3,137,1,1064,California
Mono,2021-01-18,63,1265,54,570,9,695,0,0,2,868,61,198,2,1066,California
Mono,2021-01-19,209,1474,207,777,2,697,0,0,171,1002,38,236,172,1238,California
Mono,2021-01-20,231,1705,200,977,31,728,0,0,170,1111,61,297,170,1408,California
Mono,2021-01-21,3,1708,3,980,0,728,0,0,3,1114,0,297,3,1411,California
Mono,2021-01-22,4,1712,0,980,4,732,0,0,4,1118,0,297,4,1415,California
Mono,2021-01-23,598,2310,598,1578,0,732,0,0,598,1716,0,297,598,2013,California
Mono,2021-01-25,205,2515,167,1745,38,770,0,0,166,1843,39,336,166,2179,California
Mono,2021-01-26,511,3026,509,2254,2,772,0,0,506,2344,5,341,506,2685,California
Mono,2021-01-27,5,3031,1,2255,4,776,0,0,5,2349,0,341,5,2690,California
Mono,2021-01-28,7,3038,3,2258,4,780,0,0,3,2348,4,345,3,2693,California
Mono,2021-01-30,201,3239,199,2457,2,782,0,0,201,2549,0,345,201,2894,California
Mono,2021-01-31,243,3482,138,2595,105,887,0,0,139,2584,104,449,139,3033,California
Mono,2021-02-01,27,3509,27,2622,0,887,0,0,0,2557,27,476,0,3033,California
Mono,2021-02-02,5,3514,0,2622,5,892,0,0,2,2556,3,479,2,3035,California
Mono,2021-02-03,3,3517,1,2623,2,894,0,0,1,2555,2,481,1,3036,California
Mono,2021-02-04,211,3728,158,2781,53,947,0,0,90,2524,121,602,90,3126,California
Mono,2021-02-05,623,4351,617,3398,6,953,0,0,620,3141,3,605,620,3746,California
Mono,2021-02-06,140,4491,139,3537,1,954,0,0,138,3277,2,607,138,3884,California
Mono,2021-02-07,2,4493,0,3537,2,956,0,0,2,3279,0,607,2,3886,California
Mono,2021-02-08,172,4665,172,3709,0,956,0,0,15,3138,156,763,15,3901,California
Mono,2021-02-09,226,4891,5,3714,221,1177,0,0,14,2940,212,975,14,3915,California
Mono,2021-02-10,538,5429,187,3901,351,1528,0,0,196,2794,342,1317,196,4111,California
Mono,2021-02-11,6,5435,4,3905,2,1530,0,0,1,2790,5,1322,1,4112,California
Mono,2021-02-12,84,5519,20,3925,64,1594,0,0,26,2758,58,1380,26,4138,California
Mono,2021-02-13,589,6108,589,4514,0,1594,0,0,25,2219,564,1944,25,4163,California
Mono,2021-02-15,168,6276,166,4680,2,1596,0,0,3,2059,163,2107,3,4166,California
Mono,2021-02-16,520,6796,517,5197,3,1599,0,0,44,1629,474,2581,44,4210,California
Mono,2021-02-17,5,6801,1,5198,4,1603,0,0,1,1626,4,2585,1,4211,California
Mono,2021-02-18,2,6803,2,5200,0,1603,0,0,1,1626,1,2586,1,4212,California
Mono,2021-02-19,54,6857,53,5253,1,1604,0,0,54,1680,0,2586,54,4266,California
Mono,2021-02-20,4,6861,4,5257,0,1604,0,0,4,1684,0,2586,4,4270,California
Mono,2021-02-21,3,6864,3,5260,0,1604,0,0,3,1687,0,2586,3,4273,California
Mono,2021-02-22,285,7149,284,5544,1,1605,0,0,24,1451,260,2846,24,4297,California
Mono,2021-02-23,135,7284,115,5659,20,1625,0,0,22,1360,113,2959,22,4319,California
Mono,2021-02-24,7,7291,2,5661,5,1630,0,0,2,1357,5,2964,2,4321,California
Mono,2021-02-25,5,7296,2,5663,3,1633,0,0,3,1359,1,2965,3,4324,California
Mono,2021-02-26,603,7899,602,6265,1,1634,0,0,20,797,582,3547,20,4344,California
Mono,2021-02-27,142,8041,138,6403,4,1638,0,0,4,666,135,3682,4,4348,California
Mono,2021-03-01,2,8043,2,6405,0,1638,0,0,1,667,0,3682,1,4349,California
Mono,2021-03-02,5,8048,3,6408,2,1640,0,0,3,668,2,3684,3,4352,California
Mono,2021-03-03,81,8129,2,6410,79,1719,0,0,78,744,2,3686,78,4430,California
Mono,2021-03-04,4,8133,0,6410,4,1723,0,0,2,744,2,3688,2,4432,California
Mono,2021-03-05,37,8170,27,6437,10,1733,0,0,14,735,23,3711,14,4446,California
Mono,2021-03-06,510,8680,16,6453,494,2227,0,0,504,1234,5,3716,504,4950,California
Mono,2021-03-07,1,8681,0,6453,1,2228,0,0,0,1233,1,3717,0,4950,California
Mono,2021-03-08,544,9225,11,6464,530,2758,3,3,535,1762,9,3726,538,5488,California
Mono,2021-03-09,7,9232,2,6466,4,2762,1,4,4,1765,2,3728,5,5493,California
Mono,2021-03-10,286,9518,91,6557,192,2954,3,7,10,1503,275,4003,13,5506,California
Mono,2021-03-11,10,9528,0,6557,1,2955,9,16,0,1502,10,4013,9,5515,California
Mono,2021-03-12,6,9534,1,6558,1,2956,4,20,0,1500,6,4019,4,5519,California
Mono,2021-03-13,828,10362,392,6950,436,3392,0,20,820,2312,8,4027,820,6339,California
Mono,2021-03-14,4,10366,4,6954,0,3392,0,20,1,2310,3,4030,1,6340,California
Mono,2021-03-15,29,10395,23,6977,1,3393,5,25,13,2312,16,4046,18,6358,California
Mono,2021-03-16,16,10411,6,6983,4,3397,6,31,8,2318,8,4054,14,6372,California
Mono,2021-03-17,33,10444,4,6987,21,3418,8,39,22,2337,11,4065,30,6402,California
Mono,2021-03-18,19,10463,2,6989,9,3427,8,47,8,2342,11,4076,16,6418,California
Mono,2021-03-19,23,10486,1,6990,18,3445,4,51,18,2360,4,4080,22,6440,California
Mono,2021-03-20,5,10491,4,6994,0,3445,1,52,4,2364,1,4081,5,6445,California
Mono,2021-03-21,1,10492,1,6995,0,3445,0,52,1,2365,0,4081,1,6446,California
Mono,2021-03-22,11,10503,0,6995,6,3451,5,57,5,2369,6,4087,10,6456,California
Mono,2021-03-23,42,10545,5,7000,32,3483,5,62,19,2370,23,4110,24,6480,California
Mono,2021-03-24,12,10557,1,7001,6,3489,5,67,6,2375,6,4116,11,6491,California
Mono,2021-03-25,18,10575,2,7003,12,3501,4,71,12,2385,6,4122,16,6507,California
Mono,2021-03-26,21,10596,3,7006,13,3514,5,76,12,2394,8,4130,17,6524,California
Mono,2021-03-27,354,10950,351,7357,3,3517,0,76,329,2698,25,4155,329,6853,California
Mono,2021-03-28,1,10951,1,7358,0,3517,0,76,1,2699,0,4155,1,6854,California
Mono,2021-03-29,11,10962,4,7362,6,3523,1,77,10,2709,1,4156,11,6865,California
Mono,2021-03-30,15,10977,0,7362,11,3534,4,81,10,2718,5,4161,14,6879,California
Mono,2021-03-31,123,11100,7,7369,115,3649,1,82,46,2689,76,4237,47,6926,California
Mono,2021-04-01,8,11108,0,7369,7,3656,1,83,3,2688,5,4242,4,6930,California
Mono,2021-04-02,17,11125,2,7371,15,3671,0,83,6,2683,11,4253,6,6936,California
Mono,2021-04-03,850,11975,367,7738,483,4154,0,83,35,1904,814,5067,35,6971,California
Mono,2021-04-05,535,12510,17,7755,517,4671,1,84,32,1436,501,5568,33,7004,California
Mono,2021-04-06,25,12535,4,7759,9,4680,12,96,7,1437,18,5586,19,7023,California
Mono,2021-04-07,23,12558,9,7768,3,4683,11,107,10,1445,13,5599,21,7044,California
Mono,2021-04-08,21,12579,4,7772,1,4684,16,123,4,1448,17,5616,20,7064,California
Mono,2021-04-09,28,12607,4,7776,2,4686,22,145,3,1448,25,5641,25,7089,California
Mono,2021-04-10,442,13049,3,7779,433,5119,6,151,27,1066,415,6056,33,7122,California
Mono,2021-04-11,1,13050,1,7780,0,5119,0,151,0,1065,1,6057,0,7122,California
Mono,2021-04-12,9,13059,2,7782,4,5123,3,154,4,1067,5,6062,7,7129,California
Mono,2021-04-13,2,13061,2,7784,0,5123,0,154,0,1065,2,6064,0,7129,California
Monterey,2020-12-16,4,4,4,4,0,0,0,0,4,4,0,0,4,4,California
Monterey,2020-12-17,82,86,82,86,0,0,0,0,82,86,0,0,82,86,California
Monterey,2020-12-18,481,567,481,567,0,0,0,0,481,567,0,0,481,567,California
Monterey,2020-12-19,579,1146,579,1146,0,0,0,0,579,1146,0,0,579,1146,California
Monterey,2020-12-20,422,1568,422,1568,0,0,0,0,422,1568,0,0,422,1568,California
Monterey,2020-12-21,720,2288,720,2288,0,0,0,0,720,2288,0,0,720,2288,California
Monterey,2020-12-22,533,2821,520,2808,13,13,0,0,533,2821,0,0,533,2821,California
Monterey,2020-12-23,435,3256,259,3067,176,189,0,0,435,3256,0,0,435,3256,California
Monterey,2020-12-24,84,3340,10,3077,74,263,0,0,84,3340,0,0,84,3340,California
Monterey,2020-12-25,6,3346,0,3077,6,269,0,0,6,3346,0,0,6,3346,California
Monterey,2020-12-26,92,3438,5,3082,87,356,0,0,92,3438,0,0,92,3438,California
Monterey,2020-12-27,7,3445,4,3086,3,359,0,0,7,3445,0,0,7,3445,California
Monterey,2020-12-28,477,3922,25,3111,452,811,0,0,477,3922,0,0,477,3922,California
Monterey,2020-12-29,899,4821,167,3278,732,1543,0,0,899,4821,0,0,899,4821,California
Monterey,2020-12-30,568,5389,98,3376,470,2013,0,0,568,5389,0,0,568,5389,California
Monterey,2020-12-31,35,5424,11,3387,24,2037,0,0,35,5424,0,0,35,5424,California
Monterey,2021-01-01,11,5435,2,3389,9,2046,0,0,11,5435,0,0,11,5435,California
Monterey,2021-01-02,137,5572,134,3523,3,2049,0,0,137,5572,0,0,137,5572,California
Monterey,2021-01-03,30,5602,29,3552,1,2050,0,0,30,5602,0,0,30,5602,California
Monterey,2021-01-04,410,6012,18,3570,392,2442,0,0,410,6012,0,0,410,6012,California
Monterey,2021-01-05,750,6762,326,3896,424,2866,0,0,736,6734,14,14,736,6748,California
Monterey,2021-01-06,655,7417,172,4068,483,3349,0,0,633,7345,22,36,633,7381,California
Monterey,2021-01-07,743,8160,570,4638,173,3522,0,0,420,7444,321,357,420,7801,California
Monterey,2021-01-08,1085,9245,733,5371,352,3874,0,0,393,7145,692,1049,393,8194,California
Monterey,2021-01-09,963,10208,935,6306,28,3902,0,0,313,6808,650,1699,313,8507,California
Monterey,2021-01-10,272,10480,269,6575,3,3905,0,0,7,6550,265,1964,7,8514,California
Monterey,2021-01-11,1064,11544,984,7559,80,3985,0,0,361,6208,703,2667,361,8875,California
Monterey,2021-01-12,463,12007,387,7946,76,4061,0,0,202,6149,261,2928,202,9077,California
Monterey,2021-01-13,1217,13224,590,8536,627,4688,0,0,1173,7278,44,2972,1173,10250,California
Monterey,2021-01-14,1046,14270,93,8629,953,5641,0,0,1028,8291,18,2990,1031,11281,California
Monterey,2021-01-15,1042,15312,43,8672,999,6640,0,0,1029,9307,13,3003,1029,12310,California
Monterey,2021-01-16,359,15671,296,8968,63,6703,0,0,354,9656,5,3008,354,12664,California
Monterey,2021-01-17,312,15983,290,9258,22,6725,0,0,299,9942,13,3021,299,12963,California
Monterey,2021-01-18,401,16384,50,9308,351,7076,0,0,380,10301,21,3042,380,13343,California
Monterey,2021-01-19,574,16958,394,9702,180,7256,0,0,416,10561,156,3198,416,13759,California
Monterey,2021-01-20,530,17488,268,9970,262,7518,0,0,324,10679,206,3404,324,14083,California
Monterey,2021-01-21,839,18327,92,10062,747,8265,0,0,729,11302,110,3514,733,14816,California
Monterey,2021-01-22,1046,19373,191,10253,855,9120,0,0,1007,12270,39,3553,1007,15823,California
Monterey,2021-01-23,240,19613,174,10427,66,9186,0,0,117,12266,122,3675,118,15941,California
Monterey,2021-01-24,56,19669,38,10465,18,9204,0,0,22,12254,34,3709,22,15963,California
Monterey,2021-01-25,781,20450,173,10638,608,9812,0,0,154,11788,620,4329,154,16117,California
Monterey,2021-01-26,923,21373,221,10859,702,10514,0,0,233,11331,690,5019,233,16350,California
Monterey,2021-01-27,858,22231,307,11166,551,11065,0,0,376,11225,482,5501,376,16726,California
Monterey,2021-01-28,2004,24235,734,11900,1270,12335,0,0,1663,12549,341,5842,1665,18391,California
Monterey,2021-01-29,1224,25459,704,12604,520,12855,0,0,1109,13545,114,5956,1110,19501,California
Monterey,2021-01-30,432,25891,285,12889,147,13002,0,0,181,13475,251,6207,181,19682,California
Monterey,2021-01-31,491,26382,69,12958,422,13424,0,0,482,13949,9,6216,483,20165,California
Monterey,2021-02-01,1657,28039,1144,14102,513,13937,0,0,1096,14485,560,6776,1096,21261,California
Monterey,2021-02-02,2144,30183,454,14556,1690,15627,0,0,1538,15417,606,7382,1538,22799,California
Monterey,2021-02-03,2328,32511,1046,15602,1282,16909,0,0,1553,16199,771,8153,1553,24352,California
Monterey,2021-02-04,2700,35211,2021,17623,679,17588,0,0,2439,18379,259,8412,2439,26791,California
Monterey,2021-02-05,3636,38847,2819,20442,817,18405,0,0,3206,21160,425,8837,3206,29997,California
Monterey,2021-02-06,1096,39943,379,20821,717,19122,0,0,755,21576,339,9176,755,30752,California
Monterey,2021-02-07,316,40259,272,21093,44,19166,0,0,95,21450,221,9397,95,30847,California
Monterey,2021-02-08,513,40772,288,21381,225,19391,0,0,428,21793,85,9482,428,31275,California
Monterey,2021-02-09,856,41628,673,22054,183,19574,0,0,546,22031,310,9792,548,31823,California
Monterey,2021-02-10,2010,43638,1042,23096,968,20542,0,0,1161,22343,849,10641,1161,32984,California
Monterey,2021-02-11,2488,46126,963,24059,1525,22067,0,0,1536,22931,950,11591,1538,34522,California
Monterey,2021-02-12,2582,48708,426,24485,2156,24223,0,0,1522,23394,1059,12650,1522,36044,California
Monterey,2021-02-13,1070,49778,49,24534,1021,25244,0,0,979,24282,91,12741,979,37023,California
Monterey,2021-02-14,585,50363,73,24607,512,25756,0,0,511,24719,74,12815,511,37534,California
Monterey,2021-02-15,1346,51709,140,24747,1206,26962,0,0,975,25325,370,13185,976,38510,California
Monterey,2021-02-16,1086,52795,241,24988,845,27807,0,0,866,25971,220,13405,866,39376,California
Monterey,2021-02-17,1932,54727,1160,26148,772,28579,0,0,1634,27312,296,13701,1637,41013,California
Monterey,2021-02-18,2219,56946,1174,27322,1045,29624,0,0,905,26916,1304,15005,908,41921,California
Monterey,2021-02-19,2928,59874,1529,28851,1399,31023,0,0,1340,26668,1588,16593,1340,43261,California
Monterey,2021-02-20,1001,60875,602,29453,399,31422,0,0,949,27566,51,16644,949,44210,California
Monterey,2021-02-21,1235,62110,1207,30660,28,31450,0,0,1169,28670,65,16709,1169,45379,California
Monterey,2021-02-22,971,63081,841,31501,130,31580,0,0,639,28978,331,17040,639,46018,California
Monterey,2021-02-23,946,64027,614,32115,332,31912,0,0,298,28630,647,17687,299,46317,California
Monterey,2021-02-24,2453,66480,1310,33425,1143,33055,0,0,1845,29872,604,18291,1846,48163,California
Monterey,2021-02-25,4340,70820,2394,35819,1946,35001,0,0,1448,28436,2885,21176,1449,49612,California
Monterey,2021-02-26,5241,76061,3080,38899,2161,37162,0,0,2620,28440,2617,23793,2621,52233,California
Monterey,2021-02-27,991,77052,181,39080,810,37972,0,0,803,29059,184,23977,803,53036,California
Monterey,2021-02-28,1524,78576,81,39161,1443,39415,0,0,1065,29669,455,24432,1065,54101,California
Monterey,2021-03-01,1272,79848,136,39297,1133,40548,3,3,741,29884,529,24961,744,54845,California
Monterey,2021-03-02,2717,82565,1713,41010,1004,41552,0,3,1873,30917,840,25801,1873,56718,California
Monterey,2021-03-03,3149,85714,1229,42239,1920,43472,0,3,1260,30291,1887,27688,1261,57979,California
Monterey,2021-03-04,4535,90249,1462,43701,3073,46545,0,3,2974,31708,1557,29245,2974,60953,California
Monterey,2021-03-05,3248,93497,1419,45120,1555,48100,274,277,2623,33981,624,29869,2897,63850,California
Monterey,2021-03-06,4970,98467,1064,46184,3623,51723,283,560,4085,37467,883,30752,4369,68219,California
Monterey,2021-03-07,519,98986,107,46291,166,51889,246,806,230,37653,289,31041,475,68694,California
Monterey,2021-03-08,1611,100597,323,46614,938,52827,350,1156,1111,38612,500,31541,1459,70153,California
Monterey,2021-03-09,1896,102493,673,47287,948,53775,275,1431,1411,39813,483,32024,1684,71837,California
Monterey,2021-03-10,2907,105400,869,48156,1554,55329,484,1915,1358,40111,1544,33568,1842,73679,California
Monterey,2021-03-11,4096,109496,1403,49559,2326,57655,367,2282,2341,41071,1748,35316,2708,76387,California
Monterey,2021-03-12,4209,113705,2006,51565,2097,59752,106,2388,2596,42160,1612,36928,2701,79088,California
Monterey,2021-03-13,5036,118741,960,52525,3730,63482,346,2734,3767,45004,1269,38197,4113,83201,California
Monterey,2021-03-14,2132,120873,1325,53850,783,64265,24,2758,576,44058,1546,39743,600,83801,California
Monterey,2021-03-15,3929,124802,1262,55112,2377,66642,290,3048,2245,44913,1679,41422,2534,86335,California
Monterey,2021-03-16,3452,128254,566,55678,2514,69156,372,3420,2055,45943,1396,42818,2426,88761,California
Monterey,2021-03-17,5642,133896,2305,57983,3088,72244,249,3669,4071,48706,1563,44381,4326,93087,California
Monterey,2021-03-18,4308,138204,2145,60128,1995,74239,168,3837,2987,50584,1316,45697,3194,96281,California
Monterey,2021-03-19,5321,143525,2542,62670,2637,76876,142,3979,4074,53558,1242,46939,4216,100497,California
Monterey,2021-03-20,3204,146729,418,63088,2092,78968,694,4673,2127,55308,1071,48010,2821,103318,California
Monterey,2021-03-21,618,147347,198,63286,413,79381,7,4680,553,55804,64,48074,560,103878,California
Monterey,2021-03-22,2435,149782,1422,64708,952,80333,61,4741,2242,57916,190,48264,2302,106180,California
Monterey,2021-03-23,3961,153743,2345,67053,1574,81907,42,4783,2508,59018,1448,49712,2550,108730,California
Monterey,2021-03-24,4920,158663,2059,69112,2552,84459,309,5092,3607,61625,1309,51021,3916,112646,California
Monterey,2021-03-25,5137,163800,1202,70314,3578,88037,357,5449,2587,62029,2541,53562,2945,115591,California
Monterey,2021-03-26,5281,169081,2596,72910,2619,90656,66,5515,2846,62517,2426,55988,2914,118505,California
Monterey,2021-03-27,4629,173710,1412,74322,2961,93617,256,5771,2923,63995,1701,57689,3179,121684,California
Monterey,2021-03-28,1102,174812,337,74659,757,94374,8,5779,626,64158,471,58160,634,122318,California
Monterey,2021-03-29,3192,178004,1432,76091,1746,96120,14,5793,1979,64948,1206,59366,1996,124314,California
Monterey,2021-03-30,4431,182435,2133,78224,2260,98380,38,5831,2750,66070,1670,61036,2792,127106,California
Monterey,2021-03-31,5274,187709,2373,80597,2109,100489,792,6623,3344,68281,1926,62962,4137,131243,California
Monterey,2021-04-01,6021,193730,2069,82666,3548,104037,404,7027,3034,68745,2973,65935,3437,134680,California
Monterey,2021-04-02,4672,198402,2255,84921,2359,106396,58,7085,3302,70741,1366,67301,3362,138042,California
Monterey,2021-04-03,5207,203609,1114,86035,3509,109905,584,7669,1202,68533,3994,71295,1786,139828,California
Monterey,2021-04-04,758,204367,162,86197,583,110488,13,7682,493,68776,265,71560,508,140336,California
Monterey,2021-04-05,4014,208381,2508,88705,1278,111766,228,7910,1538,68072,2471,74031,1767,142103,California
Monterey,2021-04-06,3011,211392,1318,90023,1282,113048,411,8321,1107,67691,1897,75928,1516,143619,California
Monterey,2021-04-07,5324,216716,1400,91423,3474,116522,450,8771,2617,68064,2694,78622,3067,146686,California
Monterey,2021-04-08,6154,222870,3375,94798,2082,118604,697,9468,3090,68794,3057,81679,3787,150473,California
Monterey,2021-04-09,5059,227929,3119,97917,1374,119978,566,10034,2002,68309,3051,84730,2566,153039,California
Monterey,2021-04-10,8330,236259,4631,102548,1885,121863,1814,11848,4604,71008,3721,88451,6420,159459,California
Monterey,2021-04-11,5167,241426,4037,106585,552,122415,578,12426,4171,74766,991,89442,4749,164208,California
Monterey,2021-04-12,3554,244980,1712,108297,1704,124119,138,12564,724,72925,2701,92143,860,165068,California
Monterey,2021-04-13,1608,246588,174,108471,1430,125549,4,12568,895,73114,710,92853,899,165967,California
Napa,2020-12-16,12,12,12,12,0,0,0,0,12,12,0,0,12,12,California
Napa,2020-12-17,44,56,44,56,0,0,0,0,44,56,0,0,44,56,California
Napa,2020-12-18,102,158,102,158,0,0,0,0,102,158,0,0,102,158,California
Napa,2020-12-19,221,379,221,379,0,0,0,0,221,379,0,0,221,379,California
Napa,2020-12-20,189,568,189,568,0,0,0,0,189,568,0,0,189,568,California
Napa,2020-12-21,309,877,309,877,0,0,0,0,310,878,0,0,310,878,California
Napa,2020-12-22,338,1215,329,1206,9,9,0,0,338,1216,0,0,338,1216,California
Napa,2020-12-23,429,1644,320,1526,109,118,0,0,429,1645,0,0,429,1645,California
Napa,2020-12-24,138,1782,77,1603,61,179,0,0,138,1783,0,0,138,1783,California
Napa,2020-12-25,1,1783,1,1604,0,179,0,0,1,1784,0,0,1,1784,California
Napa,2020-12-26,39,1822,11,1615,28,207,0,0,39,1823,0,0,39,1823,California
Napa,2020-12-27,32,1854,16,1631,16,223,0,0,32,1855,0,0,32,1855,California
Napa,2020-12-28,249,2103,184,1815,65,288,0,0,277,2132,0,0,277,2132,California
Napa,2020-12-29,275,2378,216,2031,59,347,0,0,309,2441,0,0,309,2441,California
Napa,2020-12-30,630,3008,486,2517,144,491,0,0,638,3079,0,0,638,3079,California
Napa,2020-12-31,461,3469,373,2890,88,579,0,0,461,3540,0,0,461,3540,California
Napa,2021-01-01,1,3470,1,2891,0,579,0,0,1,3541,0,0,1,3541,California
Napa,2021-01-02,97,3567,92,2983,5,584,0,0,97,3638,0,0,97,3638,California
Napa,2021-01-03,13,3580,11,2994,2,586,0,0,9,3647,0,0,9,3647,California
Napa,2021-01-04,107,3687,64,3058,43,629,0,0,107,3754,0,0,107,3754,California
Napa,2021-01-05,155,3842,85,3143,70,699,0,0,138,3868,24,24,138,3892,California
Napa,2021-01-06,456,4298,114,3257,342,1041,0,0,392,4198,62,86,392,4284,California
Napa,2021-01-07,485,4783,222,3479,263,1304,0,0,385,4484,99,185,385,4669,California
Napa,2021-01-08,442,5225,227,3706,215,1519,0,0,262,4567,179,364,262,4931,California
Napa,2021-01-09,325,5550,299,4005,26,1545,0,0,188,4618,137,501,188,5119,California
Napa,2021-01-10,184,5734,101,4106,83,1628,0,0,109,4652,75,576,109,5228,California
Napa,2021-01-11,878,6612,422,4528,456,2084,0,0,506,4787,373,949,508,5736,California
Napa,2021-01-12,1309,7921,370,4898,939,3023,0,0,994,5466,315,1264,994,6730,California
Napa,2021-01-13,1310,9231,264,5162,1046,4069,0,0,1148,6454,161,1425,1149,7879,California
Napa,2021-01-14,1048,10279,171,5333,877,4946,0,0,932,7272,114,1539,932,8811,California
Napa,2021-01-15,1450,11729,382,5715,1068,6014,0,0,1302,8419,156,1695,1303,10114,California
Napa,2021-01-16,354,12083,133,5848,221,6235,0,0,336,8737,18,1713,336,10450,California
Napa,2021-01-17,339,12422,175,6023,164,6399,0,0,329,9056,10,1723,329,10779,California
Napa,2021-01-18,1081,13503,196,6219,885,7284,0,0,990,9955,91,1814,990,11769,California
Napa,2021-01-19,1009,14512,406,6625,603,7887,0,0,766,10479,242,2056,766,12535,California
Napa,2021-01-20,825,15337,185,6810,640,8527,0,0,643,10942,180,2236,643,13178,California
Napa,2021-01-21,1332,16669,373,7183,959,9486,0,0,1077,11766,254,2490,1078,14256,California
Napa,2021-01-22,1538,18207,411,7594,1127,10613,0,0,1211,12652,326,2816,1212,15468,California
Napa,2021-01-23,396,18603,316,7910,80,10693,0,0,335,12926,61,2877,335,15803,California
Napa,2021-01-24,265,18868,189,8099,76,10769,0,0,207,13075,58,2935,207,16010,California
Napa,2021-01-25,1523,20391,231,8330,1292,12061,0,0,1433,14418,90,3025,1433,17443,California
Napa,2021-01-26,878,21269,283,8613,595,12656,0,0,784,15109,94,3119,785,18228,California
Napa,2021-01-27,623,21892,219,8832,404,13060,0,0,468,15422,155,3274,468,18696,California
Napa,2021-01-28,378,22270,166,8998,212,13272,0,0,199,15443,178,3452,199,18895,California
Napa,2021-01-29,252,22522,64,9062,188,13460,0,0,157,15505,95,3547,157,19052,California
Napa,2021-01-30,804,23326,695,9757,109,13569,0,0,640,15981,164,3711,640,19692,California
Napa,2021-01-31,656,23982,626,10383,30,13599,0,0,630,16585,26,3737,630,20322,California
Napa,2021-02-01,312,24294,108,10491,204,13803,0,0,160,16593,152,3889,160,20482,California
Napa,2021-02-02,589,24883,280,10771,309,14112,0,0,288,16582,299,4188,288,20770,California
Napa,2021-02-03,735,25618,309,11080,426,14538,0,0,424,16695,311,4499,424,21194,California
Napa,2021-02-04,790,26408,374,11454,416,14954,0,0,442,16791,346,4845,442,21636,California
Napa,2021-02-05,703,27111,312,11766,391,15345,0,0,337,16762,366,5211,337,21973,California
Napa,2021-02-06,431,27542,144,11910,287,15632,0,0,327,16985,104,5315,327,22300,California
Napa,2021-02-07,173,27715,160,12070,13,15645,0,0,70,16952,103,5418,70,22370,California
Napa,2021-02-08,830,28545,190,12260,640,16285,0,0,269,16663,558,5976,269,22639,California
Napa,2021-02-09,1072,29617,440,12700,632,16917,0,0,432,16455,640,6616,432,23071,California
Napa,2021-02-10,1713,31330,189,12889,1524,18441,0,0,447,15640,1263,7879,448,23519,California
Napa,2021-02-11,1494,32824,194,13083,1300,19741,0,0,410,14979,1072,8951,411,23930,California
Napa,2021-02-12,2153,34977,835,13918,1318,21059,0,0,719,14267,1431,10382,719,24649,California
Napa,2021-02-13,492,35469,51,13969,441,21500,0,0,311,14398,181,10563,312,24961,California
Napa,2021-02-14,356,35825,91,14060,265,21765,0,0,195,14434,161,10724,197,25158,California
Napa,2021-02-15,873,36698,183,14243,690,22455,0,0,221,14005,650,11374,221,25379,California
Napa,2021-02-16,1285,37983,598,14841,687,23142,0,0,612,13945,672,12046,612,25991,California
Napa,2021-02-17,1047,39030,531,15372,516,23658,0,0,481,13861,565,12611,481,26472,California
Napa,2021-02-18,1897,40927,485,15857,1412,25070,0,0,661,13289,1233,13844,661,27133,California
Napa,2021-02-19,1479,42406,586,16443,893,25963,0,0,679,13169,799,14643,679,27812,California
Napa,2021-02-20,817,43223,593,17036,224,26187,0,0,270,12892,547,15190,270,28082,California
Napa,2021-02-21,797,44020,736,17772,61,26248,0,0,195,12485,602,15792,195,28277,California
Napa,2021-02-22,439,44459,184,17956,255,26503,0,0,136,12318,303,16095,136,28413,California
Napa,2021-02-23,1124,45583,301,18257,823,27326,0,0,307,11808,817,16912,307,28720,California
Napa,2021-02-24,1160,46743,641,18898,519,27845,0,0,573,11797,585,17497,574,29294,California
Napa,2021-02-25,2537,49280,1210,20108,1327,29172,0,0,1823,12908,713,18210,1824,31118,California
Napa,2021-02-26,1498,50778,522,20630,976,30148,0,0,586,12584,910,19120,586,31704,California
Napa,2021-02-27,1098,51876,361,20991,737,30885,0,0,846,13180,250,19370,846,32550,California
Napa,2021-02-28,560,52436,459,21450,101,30986,0,0,461,13544,97,19467,461,33011,California
Napa,2021-03-01,1095,53531,813,22263,282,31268,0,0,829,14108,265,19732,829,33840,California
Napa,2021-03-02,1480,55011,1024,23287,456,31724,0,0,1147,14923,332,20064,1147,34987,California
Napa,2021-03-03,1520,56531,679,23966,841,32565,0,0,1343,16090,176,20240,1343,36330,California
Napa,2021-03-04,1702,58233,777,24743,925,33490,0,0,1464,17319,235,20475,1464,37794,California
Napa,2021-03-05,1892,60125,783,25526,1105,34595,4,4,1478,18389,412,20887,1482,39276,California
Napa,2021-03-06,626,60751,280,25806,316,34911,30,34,518,18831,106,20993,548,39824,California
Napa,2021-03-07,517,61268,320,26126,182,35093,15,49,365,19059,152,21145,380,40204,California
Napa,2021-03-08,690,61958,319,26445,319,35412,52,101,516,19455,172,21317,568,40772,California
Napa,2021-03-09,1632,63590,570,27015,1016,36428,46,147,1203,20278,426,21743,1249,42021,California
Napa,2021-03-10,1468,65058,913,27928,463,36891,92,239,774,20452,692,22435,866,42887,California
Napa,2021-03-11,1815,66873,1037,28965,652,37543,126,365,922,20609,891,23326,1048,43935,California
Napa,2021-03-12,1488,68361,905,29870,489,38032,94,459,792,20799,695,24021,885,44820,California
Napa,2021-03-13,1149,69510,299,30169,826,38858,24,483,822,21320,325,24346,846,45666,California
Napa,2021-03-14,608,70118,329,30498,130,38988,149,632,226,21314,381,24727,375,46041,California
Napa,2021-03-15,941,71059,402,30900,471,39459,68,700,476,21395,463,25190,544,46585,California
Napa,2021-03-16,1808,72867,389,31289,1293,40752,126,826,1348,22414,456,25646,1475,48060,California
Napa,2021-03-17,2465,75332,1841,33130,445,41197,179,1005,1564,23256,901,26547,1743,49803,California
Napa,2021-03-18,2100,77432,913,34043,1177,42374,10,1015,1290,23748,808,27355,1300,51103,California
Napa,2021-03-19,1431,78863,860,34903,544,42918,27,1042,713,23773,715,28070,740,51843,California
Napa,2021-03-20,994,79857,530,35433,311,43229,153,1195,422,23777,571,28641,575,52418,California
Napa,2021-03-21,705,80562,683,36116,20,43249,2,1197,355,23785,349,28990,357,52775,California
Napa,2021-03-22,1078,81640,900,37016,167,43416,11,1208,476,23673,599,29589,487,53262,California
Napa,2021-03-23,1502,83142,813,37829,672,44088,17,1225,999,24188,501,30090,1016,54278,California
Napa,2021-03-24,1685,84827,932,38761,745,44833,8,1233,811,24134,873,30963,819,55097,California
Napa,2021-03-25,1602,86429,1044,39805,504,45337,54,1287,742,24071,859,31822,796,55893,California
Napa,2021-03-26,1243,87672,807,40612,430,45767,6,1293,549,23935,691,32513,555,56448,California
Napa,2021-03-27,945,88617,434,41046,484,46251,27,1320,314,23645,631,33144,341,56789,California
Napa,2021-03-28,481,89098,372,41418,103,46354,6,1326,182,23535,299,33443,189,56978,California
Napa,2021-03-29,1158,90256,856,42274,297,46651,5,1331,710,23803,447,33890,715,57693,California
Napa,2021-03-30,2364,92620,928,43202,1433,48084,3,1334,1585,24612,779,34669,1588,59281,California
Napa,2021-03-31,1954,94574,955,44157,930,49014,69,1403,819,24365,1133,35802,886,60167,California
Napa,2021-04-01,1700,96274,812,44969,773,49787,115,1518,468,23721,1228,37030,584,60751,California
Napa,2021-04-02,1795,98069,811,45780,842,50629,142,1660,452,22976,1339,38369,594,61345,California
Napa,2021-04-03,625,98694,362,46142,203,50832,60,1720,213,22837,412,38781,273,61618,California
Napa,2021-04-04,347,99041,139,46281,150,50982,58,1778,119,22786,228,39009,177,61795,California
Napa,2021-04-05,1264,100305,760,47041,285,51267,219,1997,573,22888,690,39699,792,62587,California
Napa,2021-04-06,1597,101902,558,47599,785,52052,254,2251,519,22586,1075,40774,773,63360,California
Napa,2021-04-07,1703,103605,680,48279,795,52847,228,2479,509,22132,1190,41964,736,64096,California
Napa,2021-04-08,1689,105294,995,49274,330,53177,364,2843,890,22590,795,42759,1253,65349,California
Napa,2021-04-09,1278,106572,784,50058,248,53425,246,3089,563,22686,712,43471,808,66157,California
Napa,2021-04-10,786,107358,328,50386,364,53789,94,3183,227,22449,558,44029,321,66478,California
Napa,2021-04-11,379,107737,294,50680,62,53851,23,3206,158,22409,221,44250,181,66659,California
Napa,2021-04-12,643,108380,256,50936,283,54134,104,3310,249,22368,392,44642,351,67010,California
Napa,2021-04-13,459,108839,193,51129,266,54400,0,3310,196,22302,262,44904,196,67206,California
Nevada,2020-12-16,3,3,3,3,0,0,0,0,3,3,0,0,3,3,California
Nevada,2020-12-17,6,9,6,9,0,0,0,0,6,9,0,0,6,9,California
Nevada,2020-12-18,51,60,51,60,0,0,0,0,51,60,0,0,51,60,California
Nevada,2020-12-19,55,115,55,115,0,0,0,0,55,115,0,0,55,115,California
Nevada,2020-12-20,12,127,12,127,0,0,0,0,12,127,0,0,12,127,California
Nevada,2020-12-21,69,196,69,196,0,0,0,0,69,196,0,0,69,196,California
Nevada,2020-12-22,91,287,89,285,2,2,0,0,91,287,0,0,91,287,California
Nevada,2020-12-23,234,521,202,487,32,34,0,0,234,521,0,0,234,521,California
Nevada,2020-12-24,13,534,11,498,2,36,0,0,13,534,0,0,13,534,California
Nevada,2020-12-25,2,536,2,500,0,36,0,0,2,536,0,0,2,536,California
Nevada,2020-12-26,6,542,4,504,2,38,0,0,6,542,0,0,6,542,California
Nevada,2020-12-27,88,630,88,592,0,38,0,0,88,630,0,0,88,630,California
Nevada,2020-12-28,170,800,93,685,77,115,0,0,170,800,0,0,170,800,California
Nevada,2020-12-29,100,900,74,759,26,141,0,0,100,900,0,0,100,900,California
Nevada,2020-12-30,85,985,66,825,19,160,0,0,85,985,0,0,85,985,California
Nevada,2020-12-31,39,1024,9,834,30,190,0,0,39,1024,0,0,39,1024,California
Nevada,2021-01-01,1,1025,0,834,1,191,0,0,1,1025,0,0,1,1025,California
Nevada,2021-01-02,1,1026,1,835,0,191,0,0,1,1026,0,0,1,1026,California
Nevada,2021-01-03,129,1155,126,961,3,194,0,0,129,1155,0,0,129,1155,California
Nevada,2021-01-04,71,1226,47,1008,24,218,0,0,71,1226,0,0,71,1226,California
Nevada,2021-01-05,272,1498,130,1138,142,360,0,0,271,1496,1,1,271,1497,California
Nevada,2021-01-06,91,1589,43,1181,48,408,0,0,83,1571,8,9,83,1580,California
Nevada,2021-01-07,215,1804,43,1224,172,580,0,0,208,1774,6,15,209,1789,California
Nevada,2021-01-08,220,2024,126,1350,94,674,0,0,169,1892,51,66,169,1958,California
Nevada,2021-01-09,63,2087,56,1406,7,681,0,0,15,1859,48,114,15,1973,California
Nevada,2021-01-10,17,2104,9,1415,8,689,0,0,9,1860,8,122,9,1982,California
Nevada,2021-01-11,185,2289,131,1546,54,743,0,0,57,1789,128,250,57,2039,California
Nevada,2021-01-12,599,2888,453,1999,146,889,0,0,533,2256,66,316,533,2572,California
Nevada,2021-01-13,259,3147,146,2145,113,1002,0,0,124,2245,135,451,124,2696,California
Nevada,2021-01-14,232,3379,124,2269,108,1110,0,0,214,2442,17,468,214,2910,California
Nevada,2021-01-15,392,3771,168,2437,224,1334,0,0,294,2638,98,566,294,3204,California
Nevada,2021-01-16,295,4066,15,2452,280,1614,0,0,291,2925,4,570,291,3495,California
Nevada,2021-01-17,35,4101,31,2483,4,1618,0,0,33,2956,2,572,33,3528,California
Nevada,2021-01-18,148,4249,40,2523,108,1726,0,0,139,3086,9,581,139,3667,California
Nevada,2021-01-19,234,4483,85,2608,149,1875,0,0,215,3282,19,600,215,3882,California
Nevada,2021-01-20,258,4741,153,2761,105,1980,0,0,245,3514,13,613,245,4127,California
Nevada,2021-01-21,336,5077,207,2968,129,2109,0,0,323,3824,13,626,323,4450,California
Nevada,2021-01-22,342,5419,209,3177,133,2242,0,0,311,4104,31,657,311,4761,California
Nevada,2021-01-23,176,5595,104,3281,72,2314,0,0,176,4280,0,657,176,4937,California
Nevada,2021-01-24,105,5700,98,3379,7,2321,0,0,66,4307,39,696,66,5003,California
Nevada,2021-01-25,264,5964,136,3515,128,2449,0,0,203,4449,61,757,203,5206,California
Nevada,2021-01-26,398,6362,141,3656,257,2706,0,0,297,4645,101,858,297,5503,California
Nevada,2021-01-27,409,6771,242,3898,167,2873,0,0,385,5006,24,882,385,5888,California
Nevada,2021-01-28,459,7230,312,4210,147,3020,0,0,417,5382,41,923,417,6305,California
Nevada,2021-01-29,594,7824,389,4599,205,3225,0,0,571,5931,23,946,572,6877,California
Nevada,2021-01-30,230,8054,103,4702,127,3352,0,0,227,6155,3,949,227,7104,California
Nevada,2021-01-31,103,8157,87,4789,16,3368,0,0,103,6258,0,949,103,7207,California
Nevada,2021-02-01,291,8448,71,4860,220,3588,0,0,277,6521,14,963,277,7484,California
Nevada,2021-02-02,510,8958,171,5031,339,3927,0,0,321,6653,189,1152,321,7805,California
Nevada,2021-02-03,807,9765,569,5600,238,4165,0,0,755,7357,51,1203,755,8560,California
Nevada,2021-02-04,742,10507,393,5993,349,4514,0,0,494,7604,247,1450,494,9054,California
Nevada,2021-02-05,640,11147,362,6355,278,4792,0,0,453,7872,185,1635,453,9507,California
Nevada,2021-02-06,269,11416,83,6438,186,4978,0,0,242,8087,27,1662,242,9749,California
Nevada,2021-02-07,244,11660,191,6629,53,5031,0,0,190,8223,54,1716,190,9939,California
Nevada,2021-02-08,650,12310,407,7036,243,5274,0,0,551,8675,99,1815,551,10490,California
Nevada,2021-02-09,602,12912,338,7374,264,5538,0,0,464,9001,138,1953,464,10954,California
Nevada,2021-02-10,647,13559,323,7697,324,5862,0,0,418,9191,229,2182,419,11373,California
Nevada,2021-02-11,867,14426,501,8198,366,6228,0,0,539,9403,327,2509,539,11912,California
Nevada,2021-02-12,925,15351,433,8631,492,6720,0,0,611,9701,313,2822,611,12523,California
Nevada,2021-02-13,592,15943,233,8864,359,7079,0,0,386,9886,202,3024,387,12910,California
Nevada,2021-02-14,228,16171,119,8983,109,7188,0,0,200,10058,28,3052,200,13110,California
Nevada,2021-02-15,702,16873,437,9420,265,7453,0,0,534,10424,168,3220,534,13644,California
Nevada,2021-02-16,611,17484,197,9617,414,7867,0,0,451,10716,159,3379,451,14095,California
Nevada,2021-02-17,1177,18661,761,10378,416,8283,0,0,860,11259,317,3696,860,14955,California
Nevada,2021-02-18,996,19657,545,10923,451,8734,0,0,600,11464,395,4091,600,15555,California
Nevada,2021-02-19,1002,20659,627,11550,375,9109,0,0,650,11763,352,4443,651,16206,California
Nevada,2021-02-20,294,20953,103,11653,191,9300,0,0,172,11814,121,4564,172,16378,California
Nevada,2021-02-21,89,21042,84,11737,5,9305,0,0,9,11743,80,4644,9,16387,California
Nevada,2021-02-22,491,21533,326,12063,165,9470,0,0,347,11947,143,4787,347,16734,California
Nevada,2021-02-23,458,21991,211,12274,247,9717,0,0,206,11904,249,5036,206,16940,California
Nevada,2021-02-24,471,22462,234,12508,237,9954,0,0,249,11933,222,5258,251,17191,California
Nevada,2021-02-25,856,23318,465,12973,391,10345,0,0,429,11937,425,5683,429,17620,California
Nevada,2021-02-26,1231,24549,881,13854,350,10695,0,0,409,11527,819,6502,409,18029,California
Nevada,2021-02-27,350,24899,109,13963,241,10936,0,0,180,11537,170,6672,180,18209,California
Nevada,2021-02-28,263,25162,152,14115,111,11047,0,0,122,11518,141,6813,122,18331,California
Nevada,2021-03-01,813,25975,419,14534,394,11441,0,0,348,11402,464,7277,348,18679,California
Nevada,2021-03-02,698,26673,258,14792,440,11881,0,0,476,11660,218,7495,476,19155,California
Nevada,2021-03-03,941,27614,485,15277,456,12337,0,0,474,11668,466,7961,474,19629,California
Nevada,2021-03-04,1093,28707,611,15888,482,12819,0,0,459,11496,631,8592,459,20088,California
Nevada,2021-03-05,809,29516,450,16338,349,13168,10,10,354,11407,453,9045,364,20452,California
Nevada,2021-03-06,350,29866,116,16454,208,13376,26,36,139,11361,211,9256,165,20617,California
Nevada,2021-03-07,208,30074,110,16564,78,13454,20,56,66,11304,142,9398,85,20702,California
Nevada,2021-03-08,801,30875,538,17102,218,13672,45,101,355,11260,445,9843,401,21103,California
Nevada,2021-03-09,655,31530,312,17414,293,13965,50,151,358,11372,295,10138,407,21510,California
Nevada,2021-03-10,951,32481,602,18016,292,14257,57,208,317,11115,631,10769,374,21884,California
Nevada,2021-03-11,1086,33567,715,18731,346,14603,25,233,535,11131,544,11313,560,22444,California
Nevada,2021-03-12,1179,34746,724,19455,424,15027,31,264,506,10995,672,11985,536,22980,California
Nevada,2021-03-13,255,35001,50,19505,200,15227,5,269,91,10927,163,12148,95,23075,California
Nevada,2021-03-14,153,35154,22,19527,126,15353,5,274,31,10841,122,12270,36,23111,California
Nevada,2021-03-15,837,35991,451,19978,374,15727,12,286,355,10728,480,12750,367,23478,California
Nevada,2021-03-16,993,36984,464,20442,468,16195,61,347,645,11087,347,13097,706,24184,California
Nevada,2021-03-17,1007,37991,444,20886,553,16748,10,357,579,11251,425,13522,589,24773,California
Nevada,2021-03-18,963,38954,526,21412,414,17162,23,380,475,11265,484,14006,498,25271,California
Nevada,2021-03-19,743,39697,436,21848,276,17438,31,411,349,11252,393,14399,380,25651,California
Nevada,2021-03-20,816,40513,92,21940,303,17741,421,832,233,11326,577,14976,651,26302,California
Nevada,2021-03-21,58,40571,31,21971,26,17767,1,833,41,11351,17,14993,42,26344,California
Nevada,2021-03-22,800,41371,515,22486,280,18047,5,838,544,11646,254,15247,549,26893,California
Nevada,2021-03-23,850,42221,384,22870,440,18487,26,864,642,12109,205,15452,668,27561,California
Nevada,2021-03-24,1013,43234,538,23408,468,18955,7,871,647,12401,362,15814,654,28215,California
Nevada,2021-03-25,888,44122,448,23856,414,19369,26,897,488,12513,400,16214,512,28727,California
Nevada,2021-03-26,1137,45259,431,24287,670,20039,36,933,828,13071,306,16520,864,29591,California
Nevada,2021-03-27,558,45817,69,24356,473,20512,16,949,383,13295,175,16695,399,29990,California
Nevada,2021-03-28,178,45995,58,24414,107,20619,13,962,44,13219,133,16828,57,30047,California
Nevada,2021-03-29,819,46814,503,24917,294,20913,22,984,393,13210,424,17252,415,30462,California
Nevada,2021-03-30,1039,47853,473,25390,532,21445,34,1018,540,13291,493,17745,574,31036,California
Nevada,2021-03-31,1173,49026,666,26056,490,21935,17,1035,717,13578,447,18192,734,31770,California
Nevada,2021-04-01,1226,50252,717,26773,456,22391,53,1088,553,13515,669,18861,606,32376,California
Nevada,2021-04-02,1272,51524,649,27422,587,22978,36,1124,764,13810,505,19366,800,33176,California
Nevada,2021-04-03,283,51807,86,27508,159,23137,38,1162,80,13725,203,19569,118,33294,California
Nevada,2021-04-04,127,51934,42,27550,78,23215,7,1169,78,13761,49,19618,85,33379,California
Nevada,2021-04-05,912,52846,590,28140,301,23516,21,1190,603,14079,306,19924,624,34003,California
Nevada,2021-04-06,1057,53903,663,28803,255,23771,139,1329,466,14098,586,20510,605,34608,California
Nevada,2021-04-07,1107,55010,791,29594,239,24010,77,1406,580,14235,519,21029,656,35264,California
Nevada,2021-04-08,1165,56175,810,30404,285,24295,70,1476,650,14443,512,21541,720,35984,California
Nevada,2021-04-09,972,57147,637,31041,282,24577,53,1529,676,14876,296,21837,729,36713,California
Nevada,2021-04-10,226,57373,74,31115,86,24663,66,1595,100,14917,125,21962,166,36879,California
Nevada,2021-04-11,103,57476,43,31158,59,24722,1,1596,47,14909,56,22018,48,36927,California
Nevada,2021-04-12,442,57918,273,31431,164,24886,5,1601,181,14836,259,22277,186,37113,California
Nevada,2021-04-13,320,58238,46,31477,274,25160,0,1601,159,14836,159,22436,159,37272,California
Orange,2020-12-15,16,16,16,16,0,0,0,0,16,16,0,0,16,16,California
Orange,2020-12-16,367,383,367,383,0,0,0,0,367,383,0,0,367,383,California
Orange,2020-12-17,3715,4098,3715,4098,0,0,0,0,3714,4097,0,0,3714,4097,California
Orange,2020-12-18,5030,9128,5023,9121,7,7,0,0,5029,9126,0,0,5029,9126,California
Orange,2020-12-19,2224,11352,2217,11338,7,14,0,0,2223,11349,0,0,2223,11349,California
Orange,2020-12-20,1970,13322,1968,13306,2,16,0,0,1971,13320,0,0,1971,13320,California
Orange,2020-12-21,4240,17562,4234,17540,6,22,0,0,4240,17560,0,0,4240,17560,California
Orange,2020-12-22,3972,21534,3939,21479,33,55,0,0,3972,21532,0,0,3972,21532,California
Orange,2020-12-23,3550,25084,3197,24676,353,408,0,0,3552,25084,0,0,3552,25084,California
Orange,2020-12-24,1372,26456,1076,25752,296,704,0,0,1372,26456,0,0,1372,26456,California
Orange,2020-12-25,17,26473,12,25764,5,709,0,0,17,26473,0,0,17,26473,California
Orange,2020-12-26,1018,27491,421,26185,597,1306,0,0,1018,27491,0,0,1018,27491,California
Orange,2020-12-27,580,28071,274,26459,306,1612,0,0,580,28071,0,0,580,28071,California
Orange,2020-12-28,3530,31601,2562,29021,968,2580,0,0,3530,31601,0,0,3530,31601,California
Orange,2020-12-29,3561,35162,2564,31585,997,3577,0,0,3560,35160,1,1,3560,35161,California
Orange,2020-12-30,5115,40277,3552,35137,1563,5140,0,0,5115,40275,0,1,5115,40276,California
Orange,2020-12-31,1454,41731,757,35894,697,5837,0,0,1454,41729,0,1,1454,41730,California
Orange,2021-01-01,447,42178,247,36141,200,6037,0,0,446,42174,1,2,446,42176,California
Orange,2021-01-02,1397,43575,893,37034,504,6541,0,0,1397,43571,0,2,1397,43573,California
Orange,2021-01-03,564,44139,313,37347,251,6792,0,0,564,44135,0,2,564,44137,California
Orange,2021-01-04,2709,46848,1556,38903,1153,7945,0,0,2710,46844,1,3,2710,46847,California
Orange,2021-01-05,3499,50347,2285,41188,1214,9159,0,0,3087,49529,405,408,3090,49937,California
Orange,2021-01-06,4971,55318,3456,44644,1515,10674,0,0,3602,51775,1356,1764,3602,53539,California
Orange,2021-01-07,9228,64546,5144,49788,4084,14758,0,0,5668,53901,3547,5311,5673,59212,California
Orange,2021-01-08,9367,73913,5229,55017,4138,18896,0,0,5631,55808,3726,9037,5633,64845,California
Orange,2021-01-09,4980,78893,1730,56747,3250,22146,0,0,3704,58236,1276,10313,3704,68549,California
Orange,2021-01-10,4227,83120,1039,57786,3188,25334,0,0,3348,60710,878,11191,3352,71901,California
Orange,2021-01-11,9406,92526,4875,62661,4531,29865,0,0,5804,62910,3605,14796,5805,77706,California
Orange,2021-01-12,8767,101293,4707,67368,4060,33925,0,0,5312,64769,3453,18249,5312,83018,California
Orange,2021-01-13,10203,111496,4881,72249,5322,39247,0,0,7014,68605,3185,21434,7021,90039,California
Orange,2021-01-14,9937,121433,3762,76011,6175,45422,0,0,8353,75381,1582,23016,8358,98397,California
Orange,2021-01-15,10136,131569,2615,78626,7521,52943,0,0,9264,83771,879,23895,9269,107666,California
Orange,2021-01-16,8692,140261,2090,80716,6602,59545,0,0,8307,91697,385,24280,8311,115977,California
Orange,2021-01-17,8147,148408,1486,82202,6661,66206,0,0,8002,99563,145,24425,8011,123988,California
Orange,2021-01-18,9739,158147,4453,86655,5286,71492,0,0,7499,104821,2243,26668,7501,131489,California
Orange,2021-01-19,7458,165605,5407,92062,2051,73543,0,0,4834,107032,2624,29292,4835,136324,California
Orange,2021-01-20,8243,173848,5799,97861,2444,75987,0,0,5195,109185,3049,32341,5202,141526,California
Orange,2021-01-21,10824,184672,4801,102662,6023,82010,0,0,10036,118442,787,33128,10044,151570,California
Orange,2021-01-22,13554,198226,5070,107732,8484,90494,0,0,12729,130363,817,33945,12738,164308,California
Orange,2021-01-23,13093,211319,6165,113897,6928,97422,0,0,12126,141532,965,34910,12134,176442,California
Orange,2021-01-24,9798,221117,4280,118177,5518,102940,0,0,9483,150705,313,35223,9486,185928,California
Orange,2021-01-25,10401,231518,5837,124014,4564,107504,0,0,7694,155703,2702,37925,7700,193628,California
Orange,2021-01-26,11832,243350,7686,131700,4146,111650,0,0,9697,163275,2132,40057,9704,203332,California
Orange,2021-01-27,13352,256702,7976,139676,5376,117026,0,0,10687,171312,2654,42711,10691,214023,California
Orange,2021-01-28,12965,269667,7156,146832,5809,122835,0,0,11123,180611,1831,44542,11130,225153,California
Orange,2021-01-29,13542,283209,8390,155222,5152,127987,0,0,10700,188487,2830,47372,10706,235859,California
Orange,2021-01-30,12909,296118,4439,159661,8470,136457,0,0,12190,199974,705,48077,12192,248051,California
Orange,2021-01-31,13707,309825,4941,164602,8766,145223,0,0,13279,212834,423,48500,13283,261334,California
Orange,2021-02-01,13956,323781,5738,170340,8218,153441,0,0,11987,222873,1952,50452,11991,273325,California
Orange,2021-02-02,15360,339141,8353,178693,7007,160448,0,0,12627,232880,2623,53075,12630,285955,California
Orange,2021-02-03,16680,355821,12539,191232,4141,164589,0,0,13688,243657,2916,55991,13693,299648,California
Orange,2021-02-04,19764,375585,12925,204157,6839,171428,0,0,14699,253330,5033,61024,14706,314354,California
Orange,2021-02-05,20709,396294,11988,216145,8721,180149,0,0,14454,261570,6217,67241,14457,328811,California
Orange,2021-02-06,16308,412602,10779,226924,5529,185678,0,0,11063,267622,5229,72470,11281,340092,California
Orange,2021-02-07,11517,424119,8100,235024,3417,189095,0,0,7547,271385,3955,76425,7718,347810,California
Orange,2021-02-08,14766,438885,8442,243466,6324,195419,0,0,8803,274253,5937,82362,8805,356615,California
Orange,2021-02-09,17585,456470,11989,255455,5596,201015,0,0,10716,278176,6797,89159,10720,367335,California
Orange,2021-02-10,20840,477310,11144,266599,9696,210711,0,0,12645,282726,8102,97261,12652,379987,California
Orange,2021-02-11,21936,499246,11364,277963,10572,221283,0,0,12349,285632,9462,106723,12368,392355,California
Orange,2021-02-12,24696,523942,11874,289837,12822,234105,0,0,14607,290208,10036,116759,14612,406967,California
Orange,2021-02-13,21969,545911,11890,301727,10079,244184,0,0,11122,291328,10646,127405,11766,418733,California
Orange,2021-02-14,16144,562055,6553,308280,9591,253775,0,0,9529,294267,6591,133996,9530,428263,California
Orange,2021-02-15,17188,579243,7374,315654,9814,263589,0,0,8868,294865,8280,142276,8878,437141,California
Orange,2021-02-16,19871,599114,8952,324606,10919,274508,0,0,10704,296467,9129,151405,10731,447872,California
Orange,2021-02-17,17758,616872,9309,333915,8449,282957,0,0,9162,297104,8557,159962,9194,457066,California
Orange,2021-02-18,14835,631707,9816,343731,5019,287976,0,0,6776,295874,8016,167978,6786,463852,California
Orange,2021-02-19,17801,649508,10711,354442,7090,295066,0,0,6876,291881,10881,178859,6888,470740,California
Orange,2021-02-20,7369,656877,5554,359996,1815,296881,0,0,3733,292006,3618,182477,3743,474483,California
Orange,2021-02-21,4303,661180,3628,363624,675,297556,0,0,769,289275,3504,185981,773,475256,California
Orange,2021-02-22,9565,670745,7821,371445,1744,299300,0,0,3878,287503,5664,191645,3892,479148,California
Orange,2021-02-23,13187,683932,7206,378651,5981,305281,0,0,3476,281338,9658,201303,3493,482641,California
Orange,2021-02-24,21013,704945,12727,391378,8286,313567,0,0,5356,271113,15601,216904,5376,488017,California
Orange,2021-02-25,22497,727442,12187,403565,10310,323877,0,0,7950,264594,14487,231391,7968,495985,California
Orange,2021-02-26,27542,754984,13948,417513,13594,337471,0,0,11081,259341,16360,247751,11107,507092,California
Orange,2021-02-27,24887,779871,10037,427550,14848,352319,2,2,7224,249011,17575,265326,7245,514337,California
Orange,2021-02-28,18959,798830,7327,434877,11632,363951,0,2,4781,239718,14094,279420,4801,519138,California
Orange,2021-03-01,18216,817046,8296,443173,9918,373869,2,4,7023,235622,11133,290553,7037,526175,California
Orange,2021-03-02,14746,831792,7148,450321,7597,381466,1,5,8646,238226,6068,296621,8672,534847,California
Orange,2021-03-03,19614,851406,9118,459439,10494,391960,2,7,10384,239464,9168,305789,10406,545253,California
Orange,2021-03-04,20956,872362,12120,471559,8824,400784,12,19,11061,240700,9861,315650,11097,556350,California
Orange,2021-03-05,19296,891658,9941,481500,9312,410096,43,62,11967,245467,7297,322947,12064,568414,California
Orange,2021-03-06,20063,911721,11279,492779,7926,418022,858,920,10155,246616,9887,332834,11036,579450,California
Orange,2021-03-07,14690,926411,8267,501046,6050,424072,373,1293,8564,249475,6096,338930,8955,588405,California
Orange,2021-03-08,16023,942434,7341,508387,7426,431498,1256,2549,10313,255402,5674,344604,11601,600006,California
Orange,2021-03-09,19481,961915,8467,516854,8591,440089,2423,4972,11195,260772,8252,352856,13622,613628,California
Orange,2021-03-10,23730,985645,11639,528493,8951,449040,3140,8112,11997,264221,11687,364543,15136,628764,California
Orange,2021-03-11,28526,1014171,15555,544048,8939,457979,4032,12144,13268,266344,15178,379721,17301,646065,California
Orange,2021-03-12,28753,1042924,14080,558128,10918,468897,3755,15899,14488,270408,14202,393923,18266,664331,California
Orange,2021-03-13,27197,1070121,10033,568161,13271,482168,3893,19792,13734,274614,13425,407348,17631,681962,California
Orange,2021-03-14,18663,1088784,8119,576280,8029,490197,2515,22307,11788,282066,6849,414197,14301,696263,California
Orange,2021-03-15,22779,1111563,10048,586328,11981,502178,750,23057,14202,288490,8524,422721,14948,711211,California
Orange,2021-03-16,26141,1137704,11034,597362,14888,517066,219,23276,17002,296648,9071,431792,17229,728440,California
Orange,2021-03-17,26983,1164687,13454,610816,13060,530126,469,23745,19286,308765,7642,439434,19759,748199,California
Orange,2021-03-18,27458,1192145,13824,624640,13367,543493,267,24012,21428,324488,5976,445410,21699,769898,California
Orange,2021-03-19,33000,1225145,18105,642745,14472,557965,423,24435,24629,341275,8278,453688,25065,794963,California
Orange,2021-03-20,25480,1250625,13417,656162,11860,569825,203,24638,21820,359695,3603,457291,22023,816986,California
Orange,2021-03-21,18226,1268851,10578,666740,6921,576746,727,25365,15501,373220,2703,459994,16228,833214,California
Orange,2021-03-22,22465,1291316,11605,678345,10540,587286,320,25685,19042,389228,3361,463355,19369,852583,California
Orange,2021-03-23,25693,1317009,13337,691682,11730,599016,626,26311,20691,405610,4938,468293,21320,873903,California
Orange,2021-03-24,28771,1345780,16052,707734,11839,610855,880,27191,21956,421689,6755,475048,22834,896737,California
Orange,2021-03-25,31579,1377359,16744,724478,14182,625037,653,27844,23996,438822,7518,482566,24651,921388,California
Orange,2021-03-26,34219,1411578,17675,742153,15700,640737,844,28688,24863,455259,9270,491836,25707,947095,California
Orange,2021-03-27,28246,1439824,13497,755650,14435,655172,314,29002,20299,467993,7881,499717,20615,967710,California
Orange,2021-03-28,24507,1464331,12666,768316,11774,666946,67,29069,18541,480685,5919,505636,18611,986321,California
Orange,2021-03-29,26190,1490521,11977,780293,13667,680613,546,29615,17860,490831,8263,513899,18409,1004730,California
Orange,2021-03-30,30368,1520889,13752,794045,16236,696849,380,29995,21554,504005,8761,522660,21935,1026665,California
Orange,2021-03-31,36437,1557326,19055,813100,16805,713654,577,30572,24136,516495,12228,534888,24718,1051383,California
Orange,2021-04-01,38829,1596155,20466,833566,16861,730515,1502,32074,25927,531083,12838,547726,27426,1078809,California
Orange,2021-04-02,38822,1634977,19443,853009,17748,748263,1631,33705,22810,539601,15933,563659,24451,1103260,California
Orange,2021-04-03,29477,1664454,15372,868381,12503,760766,1602,35307,15666,543115,13754,577413,17268,1120528,California
Orange,2021-04-04,18059,1682513,10558,878939,6863,767629,638,35945,8127,541982,9897,587310,8764,1129292,California
Orange,2021-04-05,29187,1711700,13828,892767,12153,779782,3206,39151,13814,543672,15326,602636,17016,1146308,California
Orange,2021-04-06,32612,1744312,15101,907868,14208,793990,3303,42454,14167,542752,18380,621016,17460,1163768,California
Orange,2021-04-07,35073,1779385,19539,927407,11172,805162,4362,46816,15647,543385,19357,640373,19990,1183758,California
Orange,2021-04-08,37153,1816538,20450,947857,11447,816609,5256,52072,18086,547701,18999,659372,23315,1207073,California
Orange,2021-04-09,35555,1852093,20330,968187,10746,827355,4479,56551,15503,547679,19992,679364,19970,1227043,California
Orange,2021-04-10,29498,1881591,15739,983926,10079,837434,3680,60231,12285,546492,17140,696504,15953,1242996,California
Orange,2021-04-11,24773,1906364,13949,997875,7679,845113,3145,63376,9495,543885,15235,711739,12628,1255624,California
Orange,2021-04-12,24603,1930967,12005,1009880,9842,854955,2756,66132,9688,541452,14864,726603,12431,1268055,California
Orange,2021-04-13,17012,1947979,8710,1018590,8263,863218,39,66171,7875,540263,9103,735706,7914,1275969,California
Placer,2020-12-15,29,29,29,29,0,0,0,0,29,29,0,0,29,29,California
Placer,2020-12-16,53,82,53,82,0,0,0,0,53,82,0,0,53,82,California
Placer,2020-12-17,139,221,139,221,0,0,0,0,139,221,0,0,139,221,California
Placer,2020-12-18,330,551,330,551,0,0,0,0,330,551,0,0,330,551,California
Placer,2020-12-19,251,802,251,802,0,0,0,0,251,802,0,0,251,802,California
Placer,2020-12-20,234,1036,234,1036,0,0,0,0,234,1036,0,0,234,1036,California
Placer,2020-12-21,493,1529,492,1528,1,1,0,0,493,1529,0,0,493,1529,California
Placer,2020-12-22,676,2205,669,2197,7,8,0,0,676,2205,0,0,676,2205,California
Placer,2020-12-23,742,2947,657,2854,85,93,0,0,742,2947,0,0,742,2947,California
Placer,2020-12-24,398,3345,346,3200,52,145,0,0,398,3345,0,0,398,3345,California
Placer,2020-12-26,158,3503,113,3313,45,190,0,0,158,3503,0,0,158,3503,California
Placer,2020-12-27,186,3689,163,3476,23,213,0,0,186,3689,0,0,186,3689,California
Placer,2020-12-28,665,4354,538,4014,127,340,0,0,665,4354,0,0,665,4354,California
Placer,2020-12-29,760,5114,512,4526,248,588,0,0,760,5114,0,0,760,5114,California
Placer,2020-12-30,730,5844,454,4980,276,864,0,0,728,5842,0,0,728,5842,California
Placer,2020-12-31,528,6372,343,5323,185,1049,0,0,528,6370,0,0,528,6370,California
Placer,2021-01-01,14,6386,10,5333,4,1053,0,0,14,6384,0,0,14,6384,California
Placer,2021-01-02,184,6570,152,5485,32,1085,0,0,184,6568,0,0,184,6568,California
Placer,2021-01-03,155,6725,79,5564,76,1161,0,0,155,6723,0,0,155,6723,California
Placer,2021-01-04,618,7343,178,5742,440,1601,0,0,618,7341,0,0,618,7341,California
Placer,2021-01-05,722,8065,159,5901,563,2164,0,0,639,7899,82,82,640,7981,California
Placer,2021-01-06,756,8821,243,6144,513,2677,0,0,615,8373,141,223,615,8596,California
Placer,2021-01-07,981,9802,366,6510,615,3292,0,0,776,8944,205,428,776,9372,California
Placer,2021-01-08,1181,10983,527,7037,654,3946,0,0,855,9476,323,751,855,10227,California
Placer,2021-01-09,448,11431,320,7357,128,4074,0,0,232,9493,215,966,232,10459,California
Placer,2021-01-10,329,11760,186,7543,143,4217,0,0,164,9492,165,1131,164,10623,California
Placer,2021-01-11,1423,13183,807,8350,616,4833,0,0,835,9740,588,1719,836,11459,California
Placer,2021-01-12,1643,14826,871,9221,772,5605,0,0,1040,10177,603,2322,1040,12499,California
Placer,2021-01-13,1626,16452,818,10039,808,6413,0,0,1207,10969,417,2739,1209,13708,California
Placer,2021-01-14,1736,18188,653,10692,1083,7496,0,0,1380,11997,353,3092,1381,15089,California
Placer,2021-01-15,1906,20094,722,11414,1184,8680,0,0,1554,13201,351,3443,1555,16644,California
Placer,2021-01-16,1469,21563,719,12133,750,9430,0,0,1348,14429,121,3564,1349,17993,California
Placer,2021-01-17,559,22122,394,12527,165,9595,0,0,427,14724,132,3696,427,18420,California
Placer,2021-01-18,975,23097,538,13065,437,10032,0,0,746,15242,229,3925,747,19167,California
Placer,2021-01-19,2557,25654,1946,15011,611,10643,0,0,2106,16897,451,4376,2106,21273,California
Placer,2021-01-20,2239,27893,1691,16702,548,11191,0,0,1911,18481,328,4704,1912,23185,California
Placer,2021-01-21,2529,30422,1114,17816,1415,12606,0,0,2135,20224,393,5097,2136,25321,California
Placer,2021-01-22,2275,32697,589,18405,1686,14292,0,0,2102,22156,171,5268,2103,27424,California
Placer,2021-01-23,1189,33886,380,18785,809,15101,0,0,1034,23035,155,5423,1034,28458,California
Placer,2021-01-24,508,34394,265,19050,243,15344,0,0,433,23394,75,5498,434,28892,California
Placer,2021-01-25,1647,36041,798,19848,849,16193,0,0,1361,24470,286,5784,1362,30254,California
Placer,2021-01-26,1826,37867,1023,20871,803,16996,0,0,1563,25770,263,6047,1563,31817,California
Placer,2021-01-27,1814,39681,1155,22026,659,17655,0,0,1571,27101,241,6288,1572,33389,California
Placer,2021-01-28,1777,41458,1107,23133,670,18325,0,0,1530,28386,245,6533,1530,34919,California
Placer,2021-01-29,1855,43313,1164,24297,691,19016,0,0,1664,29862,190,6723,1666,36585,California
Placer,2021-01-30,1723,45036,970,25267,753,19769,0,0,1604,31348,118,6841,1604,38189,California
Placer,2021-01-31,779,45815,622,25889,157,19926,0,0,710,31990,69,6910,711,38900,California
Placer,2021-02-01,2064,47879,1086,26975,978,20904,0,0,1748,33422,316,7226,1748,40648,California
Placer,2021-02-02,2364,50243,1535,28510,829,21733,0,0,1882,34825,479,7705,1882,42530,California
Placer,2021-02-03,2906,53149,1871,30381,1035,22768,0,0,2289,36501,613,8318,2289,44819,California
Placer,2021-02-04,2752,55901,1185,31566,1567,24335,0,0,1933,37619,816,9134,1934,46753,California
Placer,2021-02-05,2725,58626,1201,32767,1524,25859,0,0,1398,37695,1322,10456,1398,48151,California
Placer,2021-02-06,1934,60560,1298,34065,636,26495,0,0,1387,38535,547,11003,1387,49538,California
Placer,2021-02-07,1215,61775,906,34971,309,26804,0,0,938,39197,276,11279,938,50476,California
Placer,2021-02-08,3298,65073,1766,36737,1532,28336,0,0,1979,39866,1311,12590,1980,52456,California
Placer,2021-02-09,3533,68606,2164,38901,1369,29705,0,0,1630,39595,1901,14491,1630,54086,California
Placer,2021-02-10,3740,72346,2186,41087,1554,31259,0,0,1745,39350,1992,16483,1747,55833,California
Placer,2021-02-11,3618,75964,1893,42980,1725,32984,0,0,1582,38905,2028,18511,1583,57416,California
Placer,2021-02-12,2753,78717,1316,44296,1437,34421,0,0,1665,39500,1071,19582,1666,59082,California
Placer,2021-02-13,2530,81247,1487,45783,1043,35464,0,0,1879,40728,651,20233,1879,60961,California
Placer,2021-02-14,1074,82321,675,46458,399,35863,0,0,734,41125,337,20570,734,61695,California
Placer,2021-02-15,2173,84494,1041,47499,1132,36995,0,0,1520,41992,654,21224,1521,63216,California
Placer,2021-02-16,3509,88003,1779,49278,1730,38725,0,0,1576,41645,1924,23148,1577,64793,California
Placer,2021-02-17,3486,91489,1958,51236,1528,40253,0,0,1489,41141,1993,25141,1489,66282,California
Placer,2021-02-18,3659,95148,1990,53226,1669,41922,0,0,1557,40610,2092,27233,1561,67843,California
Placer,2021-02-19,3533,98681,1904,55130,1629,43551,0,0,1312,39706,2217,29450,1313,69156,California
Placer,2021-02-20,1963,100644,1223,56353,740,44291,0,0,881,39513,1077,30527,884,70040,California
Placer,2021-02-21,950,101594,726,57079,224,44515,0,0,260,39087,687,31214,261,70301,California
Placer,2021-02-22,2486,104080,1764,58843,722,45237,0,0,601,37804,1884,33098,601,70902,California
Placer,2021-02-23,2501,106581,1560,60403,941,46178,0,0,867,37038,1633,34731,867,71769,California
Placer,2021-02-24,3228,109809,1171,61574,2057,48235,0,0,1780,37382,1438,36169,1782,73551,California
Placer,2021-02-25,3442,113251,1420,62994,2022,50257,0,0,1829,37606,1606,37775,1830,75381,California
Placer,2021-02-26,4055,117306,2372,65366,1683,51940,0,0,2335,38226,1715,39490,2335,77716,California
Placer,2021-02-27,2808,120114,1486,66852,1322,53262,0,0,1450,38327,1352,40842,1453,79169,California
Placer,2021-02-28,1381,121495,789,67641,592,53854,0,0,572,38095,804,41646,572,79741,California
Placer,2021-03-01,2970,124465,1981,69622,989,54843,0,0,1524,38178,1441,43087,1524,81265,California
Placer,2021-03-02,2818,127283,1754,71376,1064,55907,0,0,1851,39068,962,44049,1852,83117,California
Placer,2021-03-03,3218,130501,1381,72757,1837,57744,0,0,1748,39353,1464,45513,1749,84866,California
Placer,2021-03-04,3528,134029,1424,74181,2104,59848,0,0,1841,39520,1675,47188,1842,86708,California
Placer,2021-03-05,2958,136987,1015,75196,1921,61769,22,22,1788,40162,1168,48356,1810,88518,California
Placer,2021-03-06,2352,139339,1453,76649,812,62581,87,109,889,39682,1456,49812,976,89494,California
Placer,2021-03-07,1289,140628,751,77400,499,63080,39,148,522,39478,764,50576,560,90054,California
Placer,2021-03-08,2875,143503,1827,79227,936,64016,112,260,1642,40000,1232,51808,1754,91808,California
Placer,2021-03-09,3117,146620,1672,80899,1356,65372,89,349,1772,40519,1342,53150,1861,93669,California
Placer,2021-03-10,3245,149865,1308,82207,1831,67203,106,455,1694,40772,1546,54696,1799,95468,California
Placer,2021-03-11,3507,153372,1567,83774,1815,69018,125,580,1686,40770,1815,56511,1813,97281,California
Placer,2021-03-12,3602,156974,1474,85248,1354,70372,774,1354,1210,40366,2389,58900,1985,99266,California
Placer,2021-03-13,2059,159033,730,85978,1216,71588,113,1467,1120,40664,936,59836,1234,100500,California
Placer,2021-03-14,1619,160652,668,86646,803,72391,148,1615,878,40948,741,60577,1025,101525,California
Placer,2021-03-15,3151,163803,1520,88166,1500,73891,131,1746,1747,41425,1403,61980,1880,103405,California
Placer,2021-03-16,3527,167330,1899,90065,1495,75386,133,1879,2264,42568,1255,63235,2398,105803,California
Placer,2021-03-17,3395,170725,1728,91793,1567,76953,100,1979,2203,43685,1188,64423,2305,108108,California
Placer,2021-03-18,3943,174668,2204,93997,1702,78655,37,2016,2820,45424,1118,65541,2857,110965,California
Placer,2021-03-19,3410,178078,2071,96068,1078,79733,261,2277,2183,46649,1218,66759,2443,113408,California
Placer,2021-03-20,2132,180210,896,96964,1138,80871,98,2375,1305,47228,823,67582,1402,114810,California
Placer,2021-03-21,1241,181451,567,97531,665,81536,9,2384,951,47901,287,67869,960,115770,California
Placer,2021-03-22,3253,184704,2086,99617,1080,82616,87,2471,2188,49116,1061,68930,2276,118046,California
Placer,2021-03-23,3479,188183,2077,101694,1311,83927,91,2562,2498,50730,976,69906,2590,120636,California
Placer,2021-03-24,3742,191925,1990,103684,1655,85582,97,2659,1955,51007,1775,71681,2052,122688,California
Placer,2021-03-25,3748,195673,1791,105475,1860,87442,97,2756,1726,50815,2014,73695,1822,124510,California
Placer,2021-03-26,3711,199384,1648,107123,1832,89274,231,2987,1575,50495,2126,75821,1806,126316,California
Placer,2021-03-27,1589,200973,470,107593,1099,90373,20,3007,659,50250,924,76745,679,126995,California
Placer,2021-03-28,1077,202050,514,108107,553,90926,10,3017,369,49926,703,77448,379,127374,California
Placer,2021-03-29,3546,205596,1989,110096,1525,92451,32,3049,1734,49892,1801,79249,1767,129141,California
Placer,2021-03-30,3968,209564,2099,112195,1826,94277,43,3092,2112,50203,1843,81092,2154,131295,California
Placer,2021-03-31,4043,213607,1823,114018,2146,96423,74,3166,1711,49661,2326,83418,1784,133079,California
Placer,2021-04-01,2852,216459,1363,115381,1445,97868,44,3210,1595,50046,1254,84672,1639,134718,California
Placer,2021-04-02,2756,219215,1431,116812,1263,99131,62,3272,1552,50462,1198,85870,1614,136332,California
Placer,2021-04-03,1845,221060,976,117788,740,99871,129,3401,889,50531,948,86818,1017,137349,California
Placer,2021-04-04,702,221762,355,118143,294,100165,53,3454,279,50441,422,87240,332,137681,California
Placer,2021-04-05,2954,224716,1879,120022,917,101082,158,3612,1738,51124,1213,88453,1896,139577,California
Placer,2021-04-06,4115,228831,2367,122389,1477,102559,271,3883,1464,50213,2646,91099,1735,141312,California
Placer,2021-04-07,4298,233129,2478,124867,1395,103954,425,4308,1943,50229,2351,93450,2367,143679,California
Placer,2021-04-08,4462,237591,2466,127333,1482,105436,514,4822,1522,49334,2929,96379,2034,145713,California
Placer,2021-04-09,3496,241087,1956,129289,1014,106450,526,5348,992,48352,2500,98879,1518,147231,California
Placer,2021-04-10,1674,242761,711,130000,798,107248,165,5513,685,48216,986,99865,850,148081,California
Placer,2021-04-11,1295,244056,501,130501,765,108013,29,5542,418,47787,875,100740,446,148527,California
Placer,2021-04-12,3448,247504,2303,132804,873,108886,272,5814,2071,48759,1370,102110,2342,150869,California
Placer,2021-04-13,3114,250618,2237,135041,877,109763,0,5814,1376,48399,1736,103846,1376,152245,California
Plumas,2020-12-18,4,4,4,4,0,0,0,0,4,4,0,0,4,4,California
Plumas,2020-12-19,1,5,1,5,0,0,0,0,1,5,0,0,1,5,California
Plumas,2020-12-21,45,50,45,50,0,0,0,0,45,50,0,0,45,50,California
Plumas,2020-12-22,92,142,92,142,0,0,0,0,92,142,0,0,92,142,California
Plumas,2020-12-23,50,192,50,192,0,0,0,0,50,192,0,0,50,192,California
Plumas,2020-12-24,6,198,6,198,0,0,0,0,6,198,0,0,6,198,California
Plumas,2020-12-28,8,206,0,198,8,8,0,0,8,206,0,0,8,206,California
Plumas,2020-12-29,32,238,22,220,10,18,0,0,32,238,0,0,32,238,California
Plumas,2020-12-30,22,260,1,221,21,39,0,0,22,260,0,0,22,260,California
Plumas,2020-12-31,4,264,1,222,3,42,0,0,4,264,0,0,4,264,California
Plumas,2021-01-04,10,274,4,226,6,48,0,0,10,274,0,0,10,274,California
Plumas,2021-01-05,22,296,2,228,20,68,0,0,22,296,0,0,22,296,California
Plumas,2021-01-06,125,421,6,234,119,187,0,0,125,421,0,0,125,421,California
Plumas,2021-01-07,54,475,2,236,52,239,0,0,53,473,1,1,53,474,California
Plumas,2021-01-08,12,487,5,241,7,246,0,0,8,477,4,5,8,482,California
Plumas,2021-01-09,2,489,2,243,0,246,0,0,1,477,1,6,1,483,California
Plumas,2021-01-11,59,548,50,293,9,255,0,0,12,442,47,53,12,495,California
Plumas,2021-01-12,156,704,86,379,70,325,0,0,72,430,84,137,72,567,California
Plumas,2021-01-13,55,759,50,429,5,330,0,0,9,393,46,183,9,576,California
Plumas,2021-01-14,96,855,14,443,82,412,0,0,91,479,5,188,91,667,California
Plumas,2021-01-15,63,918,7,450,56,468,0,0,61,538,2,190,61,728,California
Plumas,2021-01-16,58,976,1,451,57,525,0,0,58,596,0,190,58,786,California
Plumas,2021-01-18,2,978,1,452,1,526,0,0,2,598,0,190,2,788,California
Plumas,2021-01-19,36,1014,5,457,31,557,0,0,32,626,4,194,32,820,California
Plumas,2021-01-20,121,1135,3,460,118,675,0,0,119,743,2,196,119,939,California
Plumas,2021-01-21,113,1248,2,462,111,786,0,0,113,856,0,196,113,1052,California
Plumas,2021-01-22,4,1252,0,462,4,790,0,0,4,860,0,196,4,1056,California
Plumas,2021-01-23,92,1344,1,463,91,881,0,0,92,952,0,196,92,1148,California
Plumas,2021-01-24,1,1345,1,464,0,881,0,0,1,953,0,196,1,1149,California
Plumas,2021-01-25,8,1353,5,469,3,884,0,0,5,955,3,199,5,1154,California
Plumas,2021-01-26,60,1413,2,471,58,942,0,0,51,998,8,207,51,1205,California
Plumas,2021-01-27,25,1438,20,491,5,947,0,0,5,983,20,227,5,1210,California
Plumas,2021-01-28,23,1461,0,491,23,970,0,0,21,1002,2,229,21,1231,California
Plumas,2021-01-29,7,1468,2,493,5,975,0,0,6,1007,1,230,6,1237,California
Plumas,2021-01-30,8,1476,4,497,4,979,0,0,7,1013,1,231,7,1244,California
Plumas,2021-01-31,3,1479,3,500,0,979,0,0,3,1016,0,231,3,1247,California
Plumas,2021-02-01,15,1494,2,502,13,992,0,0,7,1015,8,239,7,1254,California
Plumas,2021-02-02,20,1514,1,503,19,1011,0,0,1,997,19,258,1,1255,California
Plumas,2021-02-03,128,1642,8,511,120,1131,0,0,13,896,114,372,13,1268,California
Plumas,2021-02-04,102,1744,8,519,94,1225,0,0,23,840,79,451,23,1291,California
Plumas,2021-02-05,25,1769,12,531,13,1238,0,0,10,835,15,466,10,1301,California
Plumas,2021-02-06,7,1776,0,531,7,1245,0,0,7,842,0,466,7,1308,California
Plumas,2021-02-08,16,1792,8,539,8,1253,0,0,4,834,12,478,4,1312,California
Plumas,2021-02-09,172,1964,1,540,171,1424,0,0,112,886,60,538,112,1424,California
Plumas,2021-02-10,90,2054,9,549,81,1505,0,0,82,960,8,546,82,1506,California
Plumas,2021-02-11,322,2376,7,556,315,1820,0,0,263,1164,59,605,263,1769,California
Plumas,2021-02-12,123,2499,3,559,120,1940,0,0,119,1279,4,609,119,1888,California
Plumas,2021-02-13,72,2571,3,562,69,2009,0,0,13,1233,59,668,13,1901,California
Plumas,2021-02-14,7,2578,4,566,3,2012,0,0,7,1240,0,668,7,1908,California
Plumas,2021-02-15,26,2604,3,569,23,2035,0,0,25,1264,1,669,25,1933,California
Plumas,2021-02-16,76,2680,4,573,72,2107,0,0,15,1218,61,730,15,1948,California
Plumas,2021-02-17,136,2816,5,578,131,2238,0,0,11,1104,125,855,11,1959,California
Plumas,2021-02-18,126,2942,6,584,120,2358,0,0,17,1012,109,964,17,1976,California
Plumas,2021-02-19,41,2983,4,588,37,2395,0,0,6,983,35,999,6,1982,California
Plumas,2021-02-20,103,3086,6,594,97,2492,0,0,11,902,92,1091,11,1993,California
Plumas,2021-02-21,6,3092,5,599,1,2493,0,0,2,900,4,1095,2,1995,California
Plumas,2021-02-22,3,3095,1,600,2,2495,0,0,0,897,3,1098,0,1995,California
Plumas,2021-02-23,24,3119,4,604,20,2515,0,0,16,905,8,1106,16,2011,California
Plumas,2021-02-24,455,3574,6,610,449,2964,0,0,443,1336,12,1118,443,2454,California
Plumas,2021-02-25,230,3804,9,619,221,3185,0,0,170,1446,60,1178,170,2624,California
Plumas,2021-02-26,263,4067,8,627,255,3440,0,0,256,1696,7,1185,257,2881,California
Plumas,2021-02-27,40,4107,4,631,36,3476,0,0,33,1722,7,1192,33,2914,California
Plumas,2021-03-01,13,4120,4,635,9,3485,0,0,7,1724,5,1197,7,2921,California
Plumas,2021-03-02,9,4129,0,635,9,3494,0,0,6,1727,3,1200,6,2927,California
Plumas,2021-03-03,153,4282,10,645,143,3637,0,0,137,1848,16,1216,137,3064,California
Plumas,2021-03-04,250,4532,10,655,240,3877,0,0,228,2054,22,1238,228,3292,California
Plumas,2021-03-05,396,4928,6,661,385,4262,5,5,385,2433,11,1249,390,3682,California
Plumas,2021-03-06,16,4944,1,662,7,4269,8,13,3,2431,13,1262,11,3693,California
Plumas,2021-03-07,13,4957,2,664,2,4271,9,22,3,2433,10,1272,12,3705,California
Plumas,2021-03-08,29,4986,3,667,2,4273,24,46,3,2434,26,1298,27,3732,California
Plumas,2021-03-09,133,5119,1,668,117,4390,15,61,17,2350,116,1414,32,3764,California
Plumas,2021-03-10,254,5373,3,671,237,4627,14,75,106,2322,148,1562,120,3884,California
Plumas,2021-03-11,180,5553,8,679,167,4794,5,80,145,2437,35,1597,150,4034,California
Plumas,2021-03-12,594,6147,2,681,305,5099,287,367,23,2176,571,2168,310,4344,California
Plumas,2021-03-13,23,6170,4,685,8,5107,11,378,4,2172,19,2187,15,4359,California
Plumas,2021-03-14,11,6181,2,687,4,5111,5,383,1,2169,9,2196,6,4365,California
Plumas,2021-03-15,31,6212,1,688,25,5136,5,388,6,2155,25,2221,11,4376,California
Plumas,2021-03-16,57,6269,2,690,54,5190,1,389,47,2193,10,2231,48,4424,California
Plumas,2021-03-17,74,6343,10,700,63,5253,1,390,60,2240,14,2245,61,4485,California
Plumas,2021-03-18,53,6396,6,706,30,5283,17,407,6,2216,47,2292,23,4508,California
Plumas,2021-03-19,162,6558,5,711,155,5438,2,409,153,2365,7,2299,156,4664,California
Plumas,2021-03-20,673,7231,4,715,668,6106,1,410,652,3001,17,2316,653,5317,California
Plumas,2021-03-21,2,7233,1,716,1,6107,0,410,1,3002,0,2316,1,5318,California
Plumas,2021-03-22,180,7413,2,718,178,6285,0,410,173,3168,7,2323,173,5491,California
Plumas,2021-03-23,27,7440,2,720,25,6310,0,410,13,3167,14,2337,13,5504,California
Plumas,2021-03-24,646,8086,7,727,638,6948,1,411,216,2954,430,2767,217,5721,California
Plumas,2021-03-25,189,8275,5,732,182,7130,2,413,52,2869,137,2904,52,5773,California
Plumas,2021-03-26,308,8583,9,741,299,7429,0,413,46,2654,261,3165,46,5819,California
Plumas,2021-03-27,11,8594,1,742,9,7438,1,414,2,2648,9,3174,3,5822,California
Plumas,2021-03-28,5,8599,3,745,1,7439,1,415,3,2650,2,3176,4,5826,California
Plumas,2021-03-29,13,8612,4,749,8,7447,1,416,5,2648,8,3184,6,5832,California
Plumas,2021-03-30,150,8762,3,752,146,7593,1,417,24,2547,126,3310,25,5857,California
Plumas,2021-03-31,277,9039,2,754,274,7867,1,418,258,2787,19,3329,259,6116,California
Plumas,2021-04-01,290,9329,12,766,278,8145,0,418,59,2616,230,3559,59,6175,California
Plumas,2021-04-02,371,9700,4,770,366,8511,1,419,26,2310,333,3892,27,6202,California
Plumas,2021-04-03,14,9714,1,771,5,8516,8,427,2,2308,12,3904,10,6212,California
Plumas,2021-04-04,3,9717,1,772,1,8517,1,428,0,2306,3,3907,1,6213,California
Plumas,2021-04-05,14,9731,3,775,10,8527,1,429,7,2307,7,3914,8,6221,California
Plumas,2021-04-06,116,9847,5,780,83,8610,28,457,12,2239,103,4017,35,6256,California
Plumas,2021-04-07,283,10130,10,790,99,8709,174,631,29,2188,254,4271,203,6459,California
Plumas,2021-04-08,148,10278,1,791,131,8840,16,647,33,2122,114,4385,48,6507,California
Plumas,2021-04-09,41,10319,5,796,23,8863,13,660,16,2126,25,4410,29,6536,California
Plumas,2021-04-10,20,10339,2,798,4,8867,14,674,3,2126,17,4427,17,6553,California
Plumas,2021-04-11,3,10342,2,800,0,8867,1,675,2,2128,1,4428,3,6556,California
Plumas,2021-04-12,5,10347,2,802,2,8869,1,676,4,2132,1,4429,5,6561,California
Plumas,2021-04-13,19,10366,4,806,15,8884,0,676,3,2119,16,4445,3,6564,California
Riverside,2020-12-15,4,4,4,4,0,0,0,0,4,4,0,0,4,4,California
Riverside,2020-12-16,63,67,63,67,0,0,0,0,63,67,0,0,63,67,California
Riverside,2020-12-17,805,872,805,872,0,0,0,0,805,872,0,0,805,872,California
Riverside,2020-12-18,1723,2595,1721,2593,2,2,0,0,1723,2595,0,0,1723,2595,California
Riverside,2020-12-19,1022,3617,1020,3613,2,4,0,0,1020,3614,1,1,1020,3615,California
Riverside,2020-12-20,1084,4701,1083,4696,1,5,0,0,1084,4698,0,1,1084,4699,California
Riverside,2020-12-21,2271,6972,2269,6965,2,7,0,0,2271,6969,0,1,2271,6970,California
Riverside,2020-12-22,2248,9220,2209,9174,39,46,0,0,2247,9216,0,1,2247,9217,California
Riverside,2020-12-23,2122,11342,1786,10960,336,382,0,0,2123,11339,0,1,2123,11340,California
Riverside,2020-12-24,826,12168,624,11584,202,584,0,0,826,12165,0,1,826,12166,California
Riverside,2020-12-25,28,12196,5,11589,23,607,0,0,28,12193,0,1,28,12194,California
Riverside,2020-12-26,400,12596,257,11846,143,750,0,0,400,12593,0,1,400,12594,California
Riverside,2020-12-27,361,12957,243,12089,118,868,0,0,361,12954,0,1,361,12955,California
Riverside,2020-12-28,1620,14577,1122,13211,498,1366,0,0,1620,14574,0,1,1620,14575,California
Riverside,2020-12-29,1738,16315,972,14183,766,2132,0,0,1738,16312,0,1,1738,16313,California
Riverside,2020-12-30,2569,18884,1681,15864,888,3020,0,0,2568,18880,0,1,2568,18881,California
Riverside,2020-12-31,1021,19905,395,16259,626,3646,0,0,1023,19903,0,1,1023,19904,California
Riverside,2021-01-01,104,20009,40,16299,64,3710,0,0,104,20007,0,1,104,20008,California
Riverside,2021-01-02,829,20838,691,16990,138,3848,0,0,829,20836,0,1,829,20837,California
Riverside,2021-01-03,346,21184,299,17289,47,3895,0,0,345,21181,0,1,345,21182,California
Riverside,2021-01-04,1257,22441,793,18082,464,4359,0,0,1257,22438,0,1,1257,22439,California
Riverside,2021-01-05,1981,24422,1365,19447,616,4975,0,0,1883,24230,91,92,1883,24322,California
Riverside,2021-01-06,2470,26892,1100,20547,1370,6345,0,0,2165,26094,301,393,2165,26487,California
Riverside,2021-01-07,2763,29655,1812,22359,951,7296,0,0,1701,26740,1058,1451,1704,28191,California
Riverside,2021-01-08,4034,33689,2931,25290,1103,8399,0,0,2228,27166,1802,3253,2228,30419,California
Riverside,2021-01-09,2070,35759,844,26134,1226,9625,0,0,1725,28547,344,3597,1725,32144,California
Riverside,2021-01-10,1660,37419,731,26865,929,10554,0,0,1058,29003,602,4199,1058,33202,California
Riverside,2021-01-11,4510,41929,3088,29953,1422,11976,0,0,2782,30060,1726,5925,2783,35985,California
Riverside,2021-01-12,3395,45324,2725,32678,670,12646,0,0,1709,30088,1681,7606,1709,37694,California
Riverside,2021-01-13,4380,49704,2867,35545,1513,14159,0,0,2778,31267,1599,9205,2778,40472,California
Riverside,2021-01-14,5449,55153,1861,37406,3588,17747,0,0,4864,35546,585,9790,4864,45336,California
Riverside,2021-01-15,6142,61295,2093,39499,4049,21796,0,0,5856,41117,285,10075,5856,51192,California
Riverside,2021-01-16,3603,64898,1015,40514,2588,24384,0,0,3358,44231,245,10320,3359,54551,California
Riverside,2021-01-17,3594,68492,582,41096,3012,27396,0,0,3399,47436,194,10514,3399,57950,California
Riverside,2021-01-18,3713,72205,2016,43112,1697,29093,0,0,2708,49139,1005,11519,2708,60658,California
Riverside,2021-01-19,7395,79600,2636,45748,4759,33852,0,0,6276,54298,1119,12638,6278,66936,California
Riverside,2021-01-20,7953,87553,2867,48615,5086,38938,0,0,6474,59305,1470,14108,6477,73413,California
Riverside,2021-01-21,8192,95745,3362,51977,4830,43768,0,0,7578,66268,615,14723,7578,80991,California
Riverside,2021-01-22,8696,104441,2964,54941,5732,49500,0,0,8270,74113,425,15148,8270,89261,California
Riverside,2021-01-23,5925,110366,2397,57338,3528,53028,0,0,5197,78583,728,15876,5198,94459,California
Riverside,2021-01-24,3033,113399,1433,58771,1600,54628,0,0,2820,81194,210,16086,2821,97280,California
Riverside,2021-01-25,7873,121272,4537,63308,3336,57964,0,0,6751,86826,1120,17206,6752,104032,California
Riverside,2021-01-26,9089,130361,5716,69024,3373,61337,0,0,7580,92903,1507,18713,7584,111616,California
Riverside,2021-01-27,10493,140854,6169,75193,4324,65661,0,0,8983,100382,1507,20220,8986,120602,California
Riverside,2021-01-28,11380,152234,6691,81884,4689,70350,0,0,10229,109469,1143,21363,10230,130832,California
Riverside,2021-01-29,11835,164069,7222,89106,4613,74963,0,0,10468,118601,1340,22703,10472,141304,California
Riverside,2021-01-30,9040,173109,4601,93707,4439,79402,0,0,8581,126727,456,23159,8582,149886,California
Riverside,2021-01-31,5148,178257,4246,97953,902,80304,0,0,5020,131623,127,23286,5023,154909,California
Riverside,2021-02-01,10818,189075,6677,104630,4141,84445,0,0,9044,138901,1768,25054,9046,163955,California
Riverside,2021-02-02,9375,198450,4769,109399,4606,89051,0,0,7899,145333,1469,26523,7901,171856,California
Riverside,2021-02-03,11993,210443,4973,114372,7020,96071,0,0,9765,152881,2217,28740,9765,181621,California
Riverside,2021-02-04,13542,223985,6045,120417,7497,103568,0,0,11457,162262,2078,30818,11459,193080,California
Riverside,2021-02-05,14318,238303,5396,125813,8922,112490,0,0,11283,170524,3027,33845,11289,204369,California
Riverside,2021-02-06,7253,245556,4282,130095,2971,115461,0,0,5620,174521,1626,35471,5623,209992,California
Riverside,2021-02-07,2158,247714,786,130881,1372,116833,0,0,1843,176051,314,35785,1844,211836,California
Riverside,2021-02-08,12435,260149,5524,136405,6911,123744,0,0,10154,183946,2264,38049,10159,221995,California
Riverside,2021-02-09,9636,269785,4517,140922,5119,128863,0,0,7725,189774,1903,39952,7731,229726,California
Riverside,2021-02-10,12008,281793,6980,147902,5028,133891,0,0,8904,195594,3092,43044,8912,238638,California
Riverside,2021-02-11,16477,298270,8980,156882,7497,141388,0,0,12110,203374,4345,47389,12125,250763,California
Riverside,2021-02-12,17642,315912,10801,167683,6841,148229,0,0,12809,211402,4791,52180,12819,263582,California
Riverside,2021-02-13,6300,322212,2110,169793,4190,152419,0,0,3072,211291,3210,55390,3099,266681,California
Riverside,2021-02-14,4925,327137,1122,170915,3803,156222,0,0,2175,210721,2746,58136,2176,268857,California
Riverside,2021-02-15,9809,336946,4998,175913,4811,161033,0,0,5405,211736,4397,62533,5412,274269,California
Riverside,2021-02-16,16102,353048,10108,186021,5994,167027,0,0,9249,214146,6847,69380,9257,283526,California
Riverside,2021-02-17,14982,368030,8181,194202,6801,173828,0,0,7555,214296,7415,76795,7565,291091,California
Riverside,2021-02-18,15450,383480,8923,203125,6527,180355,0,0,8054,214984,7379,84174,8067,299158,California
Riverside,2021-02-19,15224,398704,8204,211329,7020,187375,0,0,7208,214204,7996,92170,7216,306374,California
Riverside,2021-02-20,8050,406754,4249,215578,3801,191176,0,0,2089,210349,5947,98117,2092,308466,California
Riverside,2021-02-21,3392,410146,2882,218460,510,191686,0,0,1024,209017,2358,100475,1026,309492,California
Riverside,2021-02-22,12279,422425,7704,226164,4575,196261,0,0,5091,206939,7174,107649,5096,314588,California
Riverside,2021-02-23,10987,433412,7480,233644,3507,199768,0,0,5351,206683,5612,113261,5356,319944,California
Riverside,2021-02-24,14699,448111,8024,241668,6675,206443,0,0,6409,204856,8252,121513,6425,326369,California
Riverside,2021-02-25,17107,465218,7266,248934,9841,216284,0,0,7975,203742,9112,130625,7998,334367,California
Riverside,2021-02-26,18221,483439,6671,255605,11550,227834,0,0,9098,203803,9068,139693,9129,343496,California
Riverside,2021-02-27,11325,494764,4897,260502,6428,234262,0,0,5662,203860,5631,145324,5688,349184,California
Riverside,2021-02-28,4605,499369,2940,263442,1665,235927,0,0,2377,204026,2219,147543,2385,351569,California
Riverside,2021-03-01,14236,513605,6060,269502,8175,244102,1,1,8404,206655,5805,153348,8434,360003,California
Riverside,2021-03-02,14823,528428,7232,276734,7590,251692,1,2,8801,209481,6002,159350,8828,368831,California
Riverside,2021-03-03,16525,544953,8134,284868,8391,260083,0,2,7052,207231,9427,168777,7177,376008,California
Riverside,2021-03-04,16398,561351,5963,290831,10431,270514,4,6,7954,206932,8401,177178,8102,384110,California
Riverside,2021-03-05,17426,578777,6862,297693,10521,281035,43,49,8743,207356,8635,185813,9059,393169,California
Riverside,2021-03-06,9045,587822,4694,302387,3878,284913,473,522,4600,208027,4432,190245,5103,398272,California
Riverside,2021-03-07,4166,591988,2697,305084,1084,285997,385,907,1961,208182,2197,192442,2352,400624,California
Riverside,2021-03-08,10269,602257,4651,309735,5220,291217,398,1305,4369,207096,5883,198325,4797,405421,California
Riverside,2021-03-09,12779,615036,6011,315746,6315,297532,453,1758,5209,205321,7555,205880,5780,411201,California
Riverside,2021-03-10,13367,628403,6682,322428,5874,303406,811,2569,5537,204017,7800,213680,6496,417697,California
Riverside,2021-03-11,17152,645555,8491,330919,6974,310380,1687,4256,6837,202462,10286,223966,8731,426428,California
Riverside,2021-03-12,20895,666450,7834,338753,8401,318781,4660,8916,7016,200619,13850,237816,12007,438435,California
Riverside,2021-03-13,8029,674479,2447,341200,4435,323216,1147,10063,4193,202215,3824,241640,5420,443855,California
Riverside,2021-03-14,4531,679010,1581,342781,1663,324879,1287,11350,2014,203006,2507,244147,3298,447153,California
Riverside,2021-03-15,18532,697542,7812,350593,9051,333930,1669,13019,9081,204442,9416,253563,10852,458005,California
Riverside,2021-03-16,20821,718363,10087,360680,9921,343851,813,13832,11344,207252,9441,263004,12251,470256,California
Riverside,2021-03-17,21135,739498,10826,371506,9263,353114,1046,14878,12678,212612,8425,271429,13785,484041,California
Riverside,2021-03-18,22461,761959,11675,383181,9136,362250,1650,16528,12467,216786,9952,281381,14126,498167,California
Riverside,2021-03-19,23882,785841,12526,395707,10412,372662,944,17472,13943,222145,9891,291272,15250,513417,California
Riverside,2021-03-20,10510,796351,6806,402513,2547,375209,1157,18629,6750,226319,3735,295007,7909,521326,California
Riverside,2021-03-21,3650,800001,2851,405364,547,375756,252,18881,2504,227943,1134,296141,2758,524084,California
Riverside,2021-03-22,16562,816563,9876,415240,6130,381886,556,19437,10571,233116,5953,302094,11126,535210,California
Riverside,2021-03-23,18495,835058,10465,425705,7609,389495,421,19858,11994,239095,6453,308547,12432,547642,California
Riverside,2021-03-24,18585,853643,10368,436073,8100,397595,117,19975,12866,246407,5679,314226,12991,560633,California
Riverside,2021-03-25,20972,874615,11600,447673,9195,406790,177,20152,14257,254191,6654,320880,14438,575071,California
Riverside,2021-03-26,23997,898612,11853,459526,11974,418764,170,20322,15096,260647,8816,329696,15272,590343,California
Riverside,2021-03-27,9187,907799,4811,464337,3323,422087,1053,21375,4729,261988,4442,334138,5783,596126,California
Riverside,2021-03-28,4707,912506,3102,467439,1514,423601,91,21466,2836,263053,1863,336001,2928,599054,California
Riverside,2021-03-29,15559,928065,7898,475337,7546,431147,115,21581,10037,267717,5498,341499,10162,609216,California
Riverside,2021-03-30,18234,946299,9498,484835,8535,439682,201,21782,11906,273530,6298,347797,12111,621327,California
Riverside,2021-03-31,17958,964257,8362,493197,9295,448977,301,22083,11694,279316,6218,354015,12004,633331,California
Riverside,2021-04-01,25151,989408,12320,505517,12100,461077,731,22814,16795,288538,8306,362321,17528,650859,California
Riverside,2021-04-02,25731,1015139,13847,519364,10958,472035,926,23740,16361,296733,9321,371642,17516,668375,California
Riverside,2021-04-03,9080,1024219,5755,525119,2767,474802,558,24298,5922,300067,3145,374787,6479,674854,California
Riverside,2021-04-04,3285,1027504,1997,527116,1073,475875,215,24513,1711,300423,1570,376357,1926,676780,California
Riverside,2021-04-05,17950,1045454,9249,536365,6883,482758,1818,26331,10456,305231,7468,383825,12276,689056,California
Riverside,2021-04-06,22840,1068294,11751,548116,9067,491825,2022,28353,12733,309921,10061,393886,14751,703807,California
Riverside,2021-04-07,23207,1091501,12419,560535,8488,500313,2300,30653,13295,315647,9871,403757,15597,719404,California
Riverside,2021-04-08,25410,1116911,13787,574322,8864,509177,2759,33412,15724,324484,9636,413393,18473,737877,California
Riverside,2021-04-09,23200,1140111,13736,588058,7300,516477,2164,35576,14163,331840,8992,422385,16348,754225,California
Riverside,2021-04-10,10206,1150317,5634,593692,3351,519828,1221,36797,4362,331616,5806,428191,5582,759807,California
Riverside,2021-04-11,4373,1154690,2557,596249,1272,521100,544,37341,2111,332018,2252,430443,2654,762461,California
Riverside,2021-04-12,16743,1171433,7437,603686,7249,528349,2057,39398,8648,334655,8066,438509,10703,773164,California
Riverside,2021-04-13,10642,1182075,5151,608837,5473,533822,18,39416,6080,336218,4536,443045,6099,779263,California
Sacramento,2020-12-15,314,314,314,314,0,0,0,0,314,314,0,0,314,314,California
Sacramento,2020-12-16,645,959,645,959,0,0,0,0,645,959,0,0,645,959,California
Sacramento,2020-12-17,645,1604,645,1604,0,0,0,0,645,1604,0,0,645,1604,California
Sacramento,2020-12-18,972,2576,969,2573,3,3,0,0,972,2576,0,0,972,2576,California
Sacramento,2020-12-19,613,3189,613,3186,0,3,0,0,613,3189,0,0,613,3189,California
Sacramento,2020-12-20,633,3822,633,3819,0,3,0,0,633,3822,0,0,633,3822,California
Sacramento,2020-12-21,1677,5499,1676,5495,1,4,0,0,1678,5500,0,0,1678,5500,California
Sacramento,2020-12-22,2092,7591,2062,7557,30,34,0,0,2092,7592,0,0,2092,7592,California
Sacramento,2020-12-23,2245,9836,2080,9637,165,199,0,0,2245,9837,0,0,2245,9837,California
Sacramento,2020-12-24,1046,10882,834,10471,212,411,0,0,1046,10883,0,0,1046,10883,California
Sacramento,2020-12-25,1,10883,0,10471,1,412,0,0,1,10884,0,0,1,10884,California
Sacramento,2020-12-26,508,11391,291,10762,217,629,0,0,508,11392,0,0,508,11392,California
Sacramento,2020-12-27,350,11741,247,11009,103,732,0,0,350,11742,0,0,350,11742,California
Sacramento,2020-12-28,1900,13641,1320,12329,580,1312,0,0,1899,13640,1,1,1899,13641,California
Sacramento,2020-12-29,1950,15591,1187,13516,763,2075,0,0,1950,15590,0,1,1950,15591,California
Sacramento,2020-12-30,2565,18156,1464,14980,1101,3176,0,0,2566,18156,0,1,2566,18157,California
Sacramento,2020-12-31,1226,19382,694,15674,532,3708,0,0,1226,19382,0,1,1226,19383,California
Sacramento,2021-01-01,69,19451,60,15734,9,3717,0,0,69,19451,0,1,69,19452,California
Sacramento,2021-01-02,565,20016,363,16097,202,3919,0,0,565,20016,0,1,565,20017,California
Sacramento,2021-01-03,410,20426,221,16318,189,4108,0,0,410,20426,0,1,410,20427,California
Sacramento,2021-01-04,1960,22386,846,17164,1114,5222,0,0,1958,22383,1,2,1958,22385,California
Sacramento,2021-01-05,2209,24595,984,18148,1225,6447,0,0,1855,23891,354,356,1862,24247,California
Sacramento,2021-01-06,2729,27324,1624,19772,1105,7552,0,0,1953,25071,773,1129,1953,26200,California
Sacramento,2021-01-07,2832,30156,1507,21279,1325,8877,0,0,1973,26188,856,1985,1973,28173,California
Sacramento,2021-01-08,3285,33441,2089,23368,1196,10073,0,0,2248,27404,1033,3018,2249,30422,California
Sacramento,2021-01-09,1288,34729,797,24165,491,10564,0,0,898,27914,388,3406,898,31320,California
Sacramento,2021-01-10,1245,35974,712,24877,533,11097,0,0,772,28215,472,3878,773,32093,California
Sacramento,2021-01-11,4339,40313,2947,27824,1392,12489,0,0,2412,28703,1926,5804,2414,34507,California
Sacramento,2021-01-12,4416,44729,3033,30857,1383,13872,0,0,2451,29194,1964,7768,2455,36962,California
Sacramento,2021-01-13,3770,48499,2160,33017,1610,15482,0,0,2360,30147,1409,9177,2362,39324,California
Sacramento,2021-01-14,4591,53090,2359,35376,2232,17714,0,0,3668,32896,919,10096,3668,42992,California
Sacramento,2021-01-15,4399,57489,2261,37637,2138,19852,0,0,3678,35855,720,10816,3679,46671,California
Sacramento,2021-01-16,2091,59580,1291,38928,800,20652,0,0,1874,37512,217,11033,1874,48545,California
Sacramento,2021-01-17,1633,61213,951,39879,682,21334,0,0,1456,38793,177,11210,1458,50003,California
Sacramento,2021-01-18,2856,64069,1764,41643,1092,22426,0,0,2331,40601,524,11734,2332,52335,California
Sacramento,2021-01-19,4613,68682,3053,44696,1560,23986,0,0,3349,42687,1264,12998,3350,55685,California
Sacramento,2021-01-20,4760,73442,2818,47514,1942,25928,0,0,3548,45026,1214,14212,3553,59238,California
Sacramento,2021-01-21,5173,78615,2980,50494,2193,28121,0,0,4212,48284,955,15167,4213,63451,California
Sacramento,2021-01-22,4967,83582,2646,53140,2321,30442,0,0,4662,52643,304,15471,4663,68114,California
Sacramento,2021-01-23,3725,87307,1559,54699,2166,32608,0,0,3270,55458,455,15926,3270,71384,California
Sacramento,2021-01-24,1563,88870,979,55678,584,33192,0,0,1325,56546,238,16164,1326,72710,California
Sacramento,2021-01-25,4347,93217,2110,57788,2237,35429,0,0,2930,58061,1417,17581,2932,75642,California
Sacramento,2021-01-26,4698,97915,2129,59917,2569,37998,0,0,3498,60364,1198,18779,3501,79143,California
Sacramento,2021-01-27,5785,103700,3044,62961,2741,40739,0,0,4183,62950,1599,20378,4185,83328,California
Sacramento,2021-01-28,5345,109045,2707,65668,2638,43377,0,0,4248,66103,1096,21474,4249,87577,California
Sacramento,2021-01-29,5375,114420,2926,68594,2449,45826,0,0,4358,69453,1008,22482,4358,91935,California
Sacramento,2021-01-30,4499,118919,2196,70790,2303,48129,0,0,4065,73086,432,22914,4065,96000,California
Sacramento,2021-01-31,2289,121208,1995,72785,294,48423,0,0,2017,74835,270,23184,2019,98019,California
Sacramento,2021-02-01,5897,127105,3009,75794,2888,51311,0,0,4242,77424,1653,24837,4242,102261,California
Sacramento,2021-02-02,6846,133951,3756,79550,3090,54401,0,0,4770,80136,2060,26897,4772,107033,California
Sacramento,2021-02-03,7077,141028,3545,83095,3532,57933,0,0,5223,83516,1845,28742,5225,112258,California
Sacramento,2021-02-04,7684,148712,3619,86714,4065,61998,0,0,5479,86800,2195,30937,5479,117737,California
Sacramento,2021-02-05,7709,156421,4362,91076,3347,65345,0,0,4807,88731,2879,33816,4810,122547,California
Sacramento,2021-02-06,8409,164830,3437,94513,4972,70317,0,0,7077,94482,1328,35144,7079,129626,California
Sacramento,2021-02-07,4033,168863,2151,96664,1882,72199,0,0,2816,96090,1209,36353,2817,132443,California
Sacramento,2021-02-08,6184,175047,3195,99859,2989,75188,0,0,3874,97660,2305,38658,3875,136318,California
Sacramento,2021-02-09,6713,181760,3501,103360,3212,78400,0,0,3923,98804,2781,41439,3925,140243,California
Sacramento,2021-02-10,7643,189403,4174,107534,3469,81869,0,0,4531,100238,3099,44538,4533,144776,California
Sacramento,2021-02-11,8770,198173,4975,112509,3795,85664,0,0,4796,101074,3962,48500,4798,149574,California
Sacramento,2021-02-12,10543,208716,4132,116641,6411,92075,0,0,6364,103301,4140,52640,6367,155941,California
Sacramento,2021-02-13,7584,216300,2984,119625,4600,96675,0,0,6005,107728,1578,54218,6005,161946,California
Sacramento,2021-02-14,3089,219389,1917,121542,1172,97847,0,0,2059,108763,1028,55246,2063,164009,California
Sacramento,2021-02-15,5936,225325,2032,123574,3904,101751,0,0,4144,111124,1785,57031,4146,168155,California
Sacramento,2021-02-16,8841,234166,4193,127767,4648,106399,0,0,5266,112827,3568,60599,5271,173426,California
Sacramento,2021-02-17,8788,242954,4966,132733,3822,110221,0,0,5120,114292,3656,64255,5121,178547,California
Sacramento,2021-02-18,8810,251764,5043,137776,3767,113988,0,0,5072,115637,3732,67987,5077,183624,California
Sacramento,2021-02-19,9972,261736,6120,143896,3852,117840,0,0,5898,117478,4061,72048,5902,189526,California
Sacramento,2021-02-20,7334,269070,5352,149248,1982,119822,0,0,4292,118736,3035,75083,4293,193819,California
Sacramento,2021-02-21,2868,271938,2287,151535,581,120403,0,0,994,117863,1868,76951,995,194814,California
Sacramento,2021-02-22,6141,278079,3720,155255,2421,122824,0,0,2663,117061,3470,80421,2668,197482,California
Sacramento,2021-02-23,7089,285168,4408,159663,2681,125505,0,0,3464,116918,3610,84031,3467,200949,California
Sacramento,2021-02-24,9561,294729,5270,164933,4291,129796,0,0,5237,117850,4310,88341,5242,206191,California
Sacramento,2021-02-25,9967,304696,5373,170306,4594,134390,0,0,5505,118907,4448,92789,5505,211696,California
Sacramento,2021-02-26,13847,318543,6446,176752,7401,141791,0,0,9525,124144,4292,97081,9529,221225,California
Sacramento,2021-02-27,10764,329307,6697,183449,4064,145855,3,3,7919,129239,2828,99909,7923,229148,California
Sacramento,2021-02-28,5533,334840,2176,185625,3357,149212,0,3,2555,128832,2964,102873,2557,231705,California
Sacramento,2021-03-01,7934,342774,3413,189038,4521,153733,0,3,4266,129453,3647,106520,4268,235973,California
Sacramento,2021-03-02,8769,351543,3984,193022,4784,158517,1,4,5478,131657,3277,109797,5481,241454,California
Sacramento,2021-03-03,10605,362148,4884,197906,5719,164236,2,6,6231,133535,4357,114154,6235,247689,California
Sacramento,2021-03-04,12235,374383,5073,202979,7158,171394,4,10,7050,135441,5155,119309,7061,254750,California
Sacramento,2021-03-05,10480,384863,4857,207836,5594,176988,29,39,6955,138920,3506,122815,6985,261735,California
Sacramento,2021-03-06,8001,392864,3081,210917,4797,181785,123,162,4033,139124,3951,126766,4155,265890,California
Sacramento,2021-03-07,7531,400395,2180,213097,5268,187053,83,245,3695,139068,3833,130599,3777,269667,California
Sacramento,2021-03-08,9048,409443,4218,217315,4606,191659,224,469,5929,142111,3108,133707,6151,275818,California
Sacramento,2021-03-09,9448,418891,4499,221814,4681,196340,268,737,5417,143782,4015,137722,5686,281504,California
Sacramento,2021-03-10,11556,430447,7460,229274,3769,200109,327,1064,6745,146073,4783,142505,7074,288578,California
Sacramento,2021-03-11,13749,444196,8822,238096,4152,204261,775,1839,8162,149462,5547,148052,8936,297514,California
Sacramento,2021-03-12,17077,461273,8249,246345,8008,212269,820,2659,8074,149414,8952,157004,8904,306418,California
Sacramento,2021-03-13,12728,474001,3542,249887,8772,221041,414,3073,8021,153156,4695,161699,8437,314855,California
Sacramento,2021-03-14,8215,482216,3441,253328,4148,225189,626,3699,4360,154309,3832,165531,4985,319840,California
Sacramento,2021-03-15,11970,494186,4790,258118,6544,231733,636,4335,6931,156858,5019,170550,7568,327408,California
Sacramento,2021-03-16,13761,507947,6180,264298,6943,238676,638,4973,8461,160688,5267,175817,9097,336505,California
Sacramento,2021-03-17,13380,521327,6531,270829,6241,244917,608,5581,8604,165147,4751,180568,9210,345715,California
Sacramento,2021-03-18,13747,535074,6511,277340,6676,251593,560,6141,9066,170119,4652,185220,9624,355339,California
Sacramento,2021-03-19,14767,549841,7409,284749,5996,257589,1362,7503,7403,171539,7345,192565,8765,364104,California
Sacramento,2021-03-20,12667,562508,7518,292267,4809,262398,340,7843,7973,175182,4671,197236,8314,372418,California
Sacramento,2021-03-21,5529,568037,2748,295015,2742,265140,39,7882,4892,179489,626,197862,4933,377351,California
Sacramento,2021-03-22,9204,577241,4753,299768,3685,268825,766,8648,6225,183530,2952,200814,6993,384344,California
Sacramento,2021-03-23,11137,588378,6694,306462,3635,272460,808,9456,7170,187578,3930,204744,7978,392322,California
Sacramento,2021-03-24,11579,599957,7198,313660,3751,276211,630,10086,6678,190025,4864,209608,7311,399633,California
Sacramento,2021-03-25,12279,612236,6720,320380,4755,280966,804,10890,7112,192805,5135,214743,7915,407548,California
Sacramento,2021-03-26,17325,629561,8249,328629,8590,289556,486,11376,8436,192900,8830,223573,8925,416473,California
Sacramento,2021-03-27,9495,639056,3537,332166,5674,295230,284,11660,5124,193963,4344,227917,5407,421880,California
Sacramento,2021-03-28,6392,645448,3205,335371,2940,298170,247,11907,3052,193936,3330,231247,3303,425183,California
Sacramento,2021-03-29,10695,656143,5870,341241,4628,302798,197,12104,5139,193744,5531,236778,5339,430522,California
Sacramento,2021-03-30,11519,667662,6034,347275,5172,307970,313,12417,6028,194614,5470,242248,6340,436862,California
Sacramento,2021-03-31,13150,680812,7796,355071,4962,312932,392,12809,5698,193274,7427,249675,6087,442949,California
Sacramento,2021-04-01,15304,696116,8638,363709,6447,319379,219,13028,5795,189812,9483,259158,6021,448970,California
Sacramento,2021-04-02,15792,711908,8614,372323,6489,325868,689,13717,7920,190581,7843,267001,8612,457582,California
Sacramento,2021-04-03,10323,722231,6154,378477,3620,329488,549,14266,6391,193610,3908,270909,6937,464519,California
Sacramento,2021-04-04,3601,725832,1486,379963,1929,331417,186,14452,1400,192996,2197,273106,1583,466102,California
Sacramento,2021-04-05,11917,737749,7484,387447,3619,335036,814,15266,5341,192595,6552,279658,6151,472253,California
Sacramento,2021-04-06,15189,752938,8578,396025,5328,340364,1283,16549,6681,192084,8476,288134,7965,480218,California
Sacramento,2021-04-07,14205,767143,7622,403647,5061,345425,1522,18071,6844,193117,7324,295458,8357,488575,California
Sacramento,2021-04-08,14307,781450,6424,410071,5018,350443,2865,20936,5734,193166,8545,304003,8594,497169,California
Sacramento,2021-04-09,14146,795596,6990,417061,5147,355590,2009,22945,5499,192052,8617,312620,7503,504672,California
Sacramento,2021-04-10,9924,805520,2717,419778,6306,361896,901,23846,3943,190930,5961,318581,4839,509511,California
Sacramento,2021-04-11,9335,814855,3005,422783,6091,367987,239,24085,2501,186855,6815,325396,2740,512251,California
Sacramento,2021-04-12,11667,826522,4596,427379,5321,373308,1750,25835,4300,185569,7329,332725,6043,518294,California
Sacramento,2021-04-13,9281,835803,4862,432241,4417,377725,2,25837,3075,182458,6188,338913,3077,521371,California
San Benito,2020-12-16,2,2,2,2,0,0,0,0,2,2,0,0,2,2,California
San Benito,2020-12-17,8,10,8,10,0,0,0,0,8,10,0,0,8,10,California
San Benito,2020-12-18,32,42,32,42,0,0,0,0,32,42,0,0,32,42,California
San Benito,2020-12-19,47,89,47,89,0,0,0,0,47,89,0,0,47,89,California
San Benito,2020-12-20,22,111,21,110,1,1,0,0,22,111,0,0,22,111,California
San Benito,2020-12-21,48,159,48,158,0,1,0,0,48,159,0,0,48,159,California
San Benito,2020-12-22,65,224,65,223,0,1,0,0,65,224,0,0,65,224,California
San Benito,2020-12-23,48,272,36,259,12,13,0,0,48,272,0,0,48,272,California
San Benito,2020-12-24,12,284,4,263,8,21,0,0,12,284,0,0,12,284,California
San Benito,2020-12-25,4,288,4,267,0,21,0,0,4,288,0,0,4,288,California
San Benito,2020-12-26,13,301,4,271,9,30,0,0,13,301,0,0,13,301,California
San Benito,2020-12-27,8,309,7,278,1,31,0,0,8,309,0,0,8,309,California
San Benito,2020-12-28,63,372,36,314,27,58,0,0,63,372,0,0,63,372,California
San Benito,2020-12-29,49,421,20,334,29,87,0,0,49,421,0,0,49,421,California
San Benito,2020-12-30,60,481,37,371,23,110,0,0,60,481,0,0,60,481,California
San Benito,2020-12-31,19,500,2,373,17,127,0,0,19,500,0,0,19,500,California
San Benito,2021-01-02,24,524,23,396,1,128,0,0,24,524,0,0,24,524,California
San Benito,2021-01-03,3,527,1,397,2,130,0,0,3,527,0,0,3,527,California
San Benito,2021-01-04,62,589,23,420,39,169,0,0,62,589,0,0,62,589,California
San Benito,2021-01-05,118,707,36,456,82,251,0,0,115,701,3,3,115,704,California
San Benito,2021-01-06,97,804,42,498,55,306,0,0,83,770,14,17,83,787,California
San Benito,2021-01-07,80,884,43,541,37,343,0,0,52,794,28,45,52,839,California
San Benito,2021-01-08,130,1014,67,608,63,406,0,0,87,838,43,88,87,926,California
San Benito,2021-01-09,44,1058,31,639,13,419,0,0,30,854,14,102,30,956,California
San Benito,2021-01-10,15,1073,13,652,2,421,0,0,5,849,10,112,5,961,California
San Benito,2021-01-11,102,1175,59,711,43,464,0,0,49,845,53,165,49,1010,California
San Benito,2021-01-12,155,1330,52,763,103,567,0,0,119,928,36,201,119,1129,California
San Benito,2021-01-13,190,1520,35,798,155,722,0,0,163,1064,27,228,163,1292,California
San Benito,2021-01-14,114,1634,23,821,91,813,0,0,97,1144,17,245,97,1389,California
San Benito,2021-01-15,213,1847,21,842,192,1005,0,0,199,1329,14,259,199,1588,California
San Benito,2021-01-16,27,1874,9,851,18,1023,0,0,21,1344,6,265,21,1609,California
San Benito,2021-01-17,10,1884,5,856,5,1028,0,0,7,1348,3,268,7,1616,California
San Benito,2021-01-18,36,1920,23,879,13,1041,0,0,21,1354,15,283,21,1637,California
San Benito,2021-01-19,150,2070,63,942,87,1128,0,0,124,1452,26,309,124,1761,California
San Benito,2021-01-20,260,2330,80,1022,180,1308,0,0,214,1621,45,354,214,1975,California
San Benito,2021-01-21,124,2454,31,1053,93,1401,0,0,100,1697,24,378,100,2075,California
San Benito,2021-01-22,231,2685,19,1072,212,1613,0,0,221,1908,10,388,221,2296,California
San Benito,2021-01-23,30,2715,16,1088,14,1627,0,0,13,1904,17,405,13,2309,California
San Benito,2021-01-24,11,2726,3,1091,8,1635,0,0,7,1907,4,409,7,2316,California
San Benito,2021-01-25,67,2793,25,1116,42,1677,0,0,22,1884,45,454,22,2338,California
San Benito,2021-01-26,134,2927,41,1157,93,1770,0,0,81,1912,53,507,81,2419,California
San Benito,2021-01-27,231,3158,69,1226,162,1932,0,0,190,2061,41,548,190,2609,California
San Benito,2021-01-28,156,3314,32,1258,124,2056,0,0,124,2154,31,579,124,2733,California
San Benito,2021-01-29,285,3599,32,1290,253,2309,0,0,261,2392,23,602,261,2994,California
San Benito,2021-01-30,49,3648,31,1321,18,2327,0,0,27,2397,22,624,27,3021,California
San Benito,2021-01-31,17,3665,5,1326,12,2339,0,0,12,2404,5,629,12,3033,California
San Benito,2021-02-01,133,3798,28,1354,105,2444,0,0,89,2449,44,673,89,3122,California
San Benito,2021-02-02,224,4022,48,1402,176,2620,0,0,134,2493,90,763,134,3256,California
San Benito,2021-02-03,336,4358,41,1443,295,2915,0,0,272,2701,64,827,272,3528,California
San Benito,2021-02-04,160,4518,24,1467,136,3051,0,0,116,2773,44,871,116,3644,California
San Benito,2021-02-05,289,4807,40,1507,249,3300,0,0,227,2938,62,933,227,3871,California
San Benito,2021-02-06,49,4856,9,1516,40,3340,0,0,32,2953,17,950,32,3903,California
San Benito,2021-02-07,15,4871,7,1523,8,3348,0,0,14,2966,1,951,14,3917,California
San Benito,2021-02-08,137,5008,15,1538,122,3470,0,0,91,3011,46,997,91,4008,California
San Benito,2021-02-09,326,5334,64,1602,262,3732,0,0,195,3075,131,1128,195,4203,California
San Benito,2021-02-10,318,5652,88,1690,230,3962,0,0,124,3005,194,1322,124,4327,California
San Benito,2021-02-11,293,5945,31,1721,262,4224,0,0,195,3102,98,1420,195,4522,California
San Benito,2021-02-12,411,6356,30,1751,381,4605,0,0,207,3106,203,1623,207,4729,California
San Benito,2021-02-13,57,6413,8,1759,49,4654,0,0,43,3135,14,1637,43,4772,California
San Benito,2021-02-14,40,6453,5,1764,35,4689,0,0,30,3155,10,1647,30,4802,California
San Benito,2021-02-15,106,6559,9,1773,97,4786,0,0,95,3239,11,1658,95,4897,California
San Benito,2021-02-16,203,6762,11,1784,192,4978,0,0,103,3242,100,1758,103,5000,California
San Benito,2021-02-17,327,7089,30,1814,297,5275,0,0,279,3473,48,1806,279,5279,California
San Benito,2021-02-18,291,7380,38,1852,253,5528,0,0,70,3322,221,2027,70,5349,California
San Benito,2021-02-19,325,7705,45,1897,280,5808,0,0,158,3313,167,2194,158,5507,California
San Benito,2021-02-20,45,7750,26,1923,19,5827,0,0,36,3340,9,2203,36,5543,California
San Benito,2021-02-21,23,7773,8,1931,15,5842,0,0,14,3345,9,2212,14,5557,California
San Benito,2021-02-22,131,7904,36,1967,95,5937,0,0,97,3409,33,2245,97,5654,California
San Benito,2021-02-23,374,8278,92,2059,282,6219,0,0,263,3561,111,2356,263,5917,California
San Benito,2021-02-24,372,8650,62,2121,310,6529,0,0,235,3659,137,2493,235,6152,California
San Benito,2021-02-25,391,9041,63,2184,328,6857,0,0,270,3806,123,2616,270,6422,California
San Benito,2021-02-26,640,9681,73,2257,567,7424,0,0,398,3962,242,2858,398,6820,California
San Benito,2021-02-27,98,9779,36,2293,62,7486,0,0,83,4030,15,2873,83,6903,California
San Benito,2021-02-28,244,10023,23,2316,221,7707,0,0,235,4256,9,2882,235,7138,California
San Benito,2021-03-01,224,10247,59,2375,165,7872,0,0,155,4341,70,2952,155,7293,California
San Benito,2021-03-02,256,10503,75,2450,181,8053,0,0,188,4461,68,3020,188,7481,California
San Benito,2021-03-03,382,10885,55,2505,327,8380,0,0,208,4497,172,3192,208,7689,California
San Benito,2021-03-04,600,11485,122,2627,464,8844,14,14,422,4745,178,3370,426,8115,California
San Benito,2021-03-05,582,12067,305,2932,264,9108,13,27,373,4923,208,3578,386,8501,California
San Benito,2021-03-06,188,12255,64,2996,110,9218,14,41,137,5023,51,3629,151,8652,California
San Benito,2021-03-07,646,12901,602,3598,22,9240,22,63,614,5627,32,3661,636,9288,California
San Benito,2021-03-08,282,13183,65,3663,174,9414,43,106,165,5718,117,3778,208,9496,California
San Benito,2021-03-09,419,13602,85,3748,235,9649,99,205,135,5643,281,4059,206,9702,California
San Benito,2021-03-10,401,14003,114,3862,193,9842,94,299,232,5800,169,4228,326,10028,California
San Benito,2021-03-11,468,14471,120,3982,197,10039,151,450,210,5903,258,4486,361,10389,California
San Benito,2021-03-12,505,14976,116,4098,296,10335,93,543,228,5950,275,4761,322,10711,California
San Benito,2021-03-13,200,15176,100,4198,82,10417,18,561,128,6026,70,4831,146,10857,California
San Benito,2021-03-14,230,15406,40,4238,170,10587,20,581,178,6173,51,4882,198,11055,California
San Benito,2021-03-15,323,15729,99,4337,205,10792,19,600,189,6247,134,5016,208,11263,California
San Benito,2021-03-16,479,16208,217,4554,231,11023,31,631,339,6476,140,5156,369,11632,California
San Benito,2021-03-17,772,16980,473,5027,277,11300,22,653,553,6829,214,5370,567,12199,California
San Benito,2021-03-18,775,17755,522,5549,197,11497,56,709,564,7231,209,5579,611,12810,California
San Benito,2021-03-19,765,18520,402,5951,340,11837,23,732,588,7666,176,5755,611,13421,California
San Benito,2021-03-20,235,18755,146,6097,77,11914,12,744,179,7801,56,5811,191,13612,California
San Benito,2021-03-21,104,18859,53,6150,46,11960,5,749,77,7856,27,5838,82,13694,California
San Benito,2021-03-22,328,19187,170,6320,133,12093,25,774,226,8005,102,5940,251,13945,California
San Benito,2021-03-23,474,19661,198,6518,266,12359,10,784,222,7984,252,6192,231,14176,California
San Benito,2021-03-24,549,20210,306,6824,236,12595,7,791,358,8157,191,6383,364,14540,California
San Benito,2021-03-25,708,20918,412,7236,292,12887,4,795,415,8284,292,6675,419,14959,California
San Benito,2021-03-26,992,21910,515,7751,474,13361,3,798,327,7950,664,7339,330,15289,California
San Benito,2021-03-27,321,22231,179,7930,109,13470,33,831,206,8075,114,7453,239,15528,California
San Benito,2021-03-28,691,22922,571,8501,115,13585,5,836,127,7643,564,8017,132,15660,California
San Benito,2021-03-29,345,23267,110,8611,215,13800,20,856,150,7617,195,8212,169,15829,California
San Benito,2021-03-30,565,23832,264,8875,210,14010,91,947,286,7715,279,8491,377,16206,California
San Benito,2021-03-31,573,24405,352,9227,197,14207,24,971,329,7826,242,8733,353,16559,California
San Benito,2021-04-01,929,25334,371,9598,520,14727,38,1009,559,8053,369,9102,596,17155,California
San Benito,2021-04-02,537,25871,261,9859,141,14868,135,1144,265,8181,272,9374,400,17555,California
San Benito,2021-04-03,245,26116,90,9949,104,14972,51,1195,79,8145,166,9540,130,17685,California
San Benito,2021-04-04,146,26262,110,10059,30,15002,6,1201,108,8221,38,9578,114,17799,California
San Benito,2021-04-05,347,26609,166,10225,140,15142,41,1242,140,8194,207,9785,180,17979,California
San Benito,2021-04-06,332,26941,156,10381,123,15265,53,1295,164,8243,168,9953,217,18196,California
San Benito,2021-04-07,804,27745,519,10900,221,15486,64,1359,262,8028,541,10494,326,18522,California
San Benito,2021-04-08,674,28419,413,11313,174,15660,87,1446,209,7860,464,10958,296,18818,California
San Benito,2021-04-09,724,29143,419,11732,224,15884,81,1527,235,7687,489,11447,316,19134,California
San Benito,2021-04-10,295,29438,203,11935,54,15938,38,1565,187,7804,107,11554,224,19358,California
San Benito,2021-04-11,407,29845,229,12164,168,16106,10,1575,208,7823,199,11753,218,19576,California
San Benito,2021-04-12,396,30241,178,12342,126,16232,92,1667,174,7869,220,11973,266,19842,California
San Benito,2021-04-13,434,30675,65,12407,369,16601,0,1667,315,8065,119,12092,315,20157,California
San Bernardino,2020-12-15,13,13,13,13,0,0,0,0,13,13,0,0,13,13,California
San Bernardino,2020-12-16,107,120,107,120,0,0,0,0,107,120,0,0,107,120,California
San Bernardino,2020-12-17,2347,2467,2347,2467,0,0,0,0,2347,2467,0,0,2347,2467,California
San Bernardino,2020-12-18,3142,5609,3139,5606,3,3,0,0,3143,5610,0,0,3143,5610,California
San Bernardino,2020-12-19,1066,6675,1065,6671,1,4,0,0,1067,6677,0,0,1067,6677,California
San Bernardino,2020-12-20,1172,7847,1171,7842,1,5,0,0,1172,7849,0,0,1172,7849,California
San Bernardino,2020-12-21,2454,10301,2449,10291,5,10,0,0,2454,10303,0,0,2454,10303,California
San Bernardino,2020-12-22,2268,12569,2143,12434,125,135,0,0,2269,12572,0,0,2269,12572,California
San Bernardino,2020-12-23,2644,15213,1453,13887,1191,1326,0,0,2643,15215,0,0,2643,15215,California
San Bernardino,2020-12-24,1159,16372,585,14472,574,1900,0,0,1161,16376,0,0,1161,16376,California
San Bernardino,2020-12-25,74,16446,14,14486,60,1960,0,0,74,16450,0,0,74,16450,California
San Bernardino,2020-12-26,461,16907,253,14739,208,2168,0,0,461,16911,0,0,461,16911,California
San Bernardino,2020-12-27,343,17250,160,14899,183,2351,0,0,343,17254,0,0,343,17254,California
San Bernardino,2020-12-28,1560,18810,710,15609,850,3201,0,0,1561,18815,0,0,1561,18815,California
San Bernardino,2020-12-29,2207,21017,1041,16650,1166,4367,0,0,2206,21020,1,1,2206,21021,California
San Bernardino,2020-12-30,2889,23906,1459,18109,1430,5797,0,0,2890,23910,0,1,2890,23911,California
San Bernardino,2020-12-31,1353,25259,439,18548,914,6711,0,0,1351,25261,0,1,1351,25262,California
San Bernardino,2021-01-01,277,25536,148,18696,129,6840,0,0,276,25537,0,1,276,25538,California
San Bernardino,2021-01-02,476,26012,339,19035,137,6977,0,0,476,26013,0,1,476,26014,California
San Bernardino,2021-01-03,135,26147,85,19120,50,7027,0,0,135,26148,0,1,135,26149,California
San Bernardino,2021-01-04,2117,28264,1287,20407,830,7857,0,0,2116,28264,0,1,2116,28265,California
San Bernardino,2021-01-05,2330,30594,1460,21867,870,8727,0,0,2216,30370,110,111,2216,30481,California
San Bernardino,2021-01-06,3423,34017,2352,24219,1071,9798,0,0,2932,32818,485,596,2933,33414,California
San Bernardino,2021-01-07,5399,39416,4492,28711,907,10705,0,0,2473,32384,2907,3503,2473,35887,California
San Bernardino,2021-01-08,5353,44769,4440,33151,913,11618,0,0,2280,31598,3067,6570,2281,38168,California
San Bernardino,2021-01-09,1399,46168,1100,34251,299,11917,0,0,903,32005,496,7066,903,39071,California
San Bernardino,2021-01-10,1020,47188,598,34849,422,12339,0,0,573,32131,447,7513,573,39644,California
San Bernardino,2021-01-11,4984,52172,4082,38931,902,13241,0,0,2769,32688,2212,9725,2769,42413,California
San Bernardino,2021-01-12,4228,56400,3222,42153,1006,14247,0,0,2514,33489,1713,11438,2514,44927,California
San Bernardino,2021-01-13,4552,60952,2847,45000,1705,15952,0,0,3329,35609,1210,12648,3330,48257,California
San Bernardino,2021-01-14,4743,65695,2774,47774,1969,17921,0,0,4161,39192,578,13226,4161,52418,California
San Bernardino,2021-01-15,5969,71664,2974,50748,2995,20916,0,0,5574,44384,385,13611,5577,57995,California
San Bernardino,2021-01-16,2254,73918,1288,52036,966,21882,0,0,2113,46356,141,13752,2113,60108,California
San Bernardino,2021-01-17,1186,75104,515,52551,671,22553,0,0,1096,47365,89,13841,1098,61206,California
San Bernardino,2021-01-18,4264,79368,2636,55187,1628,24181,0,0,3646,50396,617,14458,3648,64854,California
San Bernardino,2021-01-19,6295,85663,3706,58893,2589,26770,0,0,5206,54519,1087,15545,5210,70064,California
San Bernardino,2021-01-20,6795,92458,3726,62619,3069,29839,0,0,4868,57470,1919,17464,4870,74934,California
San Bernardino,2021-01-21,5982,98440,3075,65694,2907,32746,0,0,4868,61235,1105,18569,4870,79804,California
San Bernardino,2021-01-22,6499,104939,3037,68731,3462,36208,0,0,5778,66295,719,19288,5779,85583,California
San Bernardino,2021-01-23,3100,108039,1887,70618,1213,37421,0,0,2713,68622,386,19674,2713,88296,California
San Bernardino,2021-01-24,1193,109232,461,71079,732,38153,0,0,1094,69617,99,19773,1094,89390,California
San Bernardino,2021-01-25,6860,116092,3397,74476,3463,41616,0,0,5017,72796,1841,21614,5020,94410,California
San Bernardino,2021-01-26,7090,123182,3565,78041,3525,45141,0,0,5003,75720,2087,23701,5011,99421,California
San Bernardino,2021-01-27,8258,131440,4101,82142,4157,49298,0,0,5570,78612,2678,26379,5570,104991,California
San Bernardino,2021-01-28,8531,139971,4042,86184,4489,53787,0,0,6229,82543,2298,28677,6229,111220,California
San Bernardino,2021-01-29,8129,148100,3732,89916,4397,58184,0,0,6181,86790,1935,30612,6182,117402,California
San Bernardino,2021-01-30,3079,151179,1895,91811,1184,59368,0,0,2796,89304,282,30894,2796,120198,California
San Bernardino,2021-01-31,923,152102,493,92304,430,59798,0,0,869,90120,53,30947,869,121067,California
San Bernardino,2021-02-01,7523,159625,4224,96528,3299,63097,0,0,4903,92406,2617,33564,4903,125970,California
San Bernardino,2021-02-02,10369,169994,3647,100175,6722,69819,0,0,8319,98679,2047,35611,8320,134290,California
San Bernardino,2021-02-03,8957,178951,4142,104317,4815,74634,0,0,6478,102687,2471,38082,6479,140769,California
San Bernardino,2021-02-04,10508,189459,5202,109519,5306,79940,0,0,7445,107080,3052,41134,7445,148214,California
San Bernardino,2021-02-05,10948,200407,5903,115422,5045,84985,0,0,7435,111015,3502,44636,7437,155651,California
San Bernardino,2021-02-06,5247,205654,2207,117629,3040,88025,0,0,3616,113028,1606,46242,3619,159270,California
San Bernardino,2021-02-07,844,206498,493,118122,351,88376,0,0,467,113122,374,46616,468,159738,California
San Bernardino,2021-02-08,7262,213760,3868,121990,3394,91770,0,0,5599,117062,1659,48275,5599,165337,California
San Bernardino,2021-02-09,9887,223647,5814,127804,4073,95843,0,0,6668,120519,3216,51491,6673,172010,California
San Bernardino,2021-02-10,11991,235638,6529,134333,5462,101305,0,0,7835,124210,4145,55636,7836,179846,California
San Bernardino,2021-02-11,12245,247883,7046,141379,5199,106504,0,0,7815,127621,4408,60044,7819,187665,California
San Bernardino,2021-02-12,10329,258212,5918,147297,4411,110915,0,0,5679,128666,4636,64680,5681,193346,California
San Bernardino,2021-02-13,5999,264211,3986,151283,2013,112928,0,0,3765,130220,2218,66898,3772,197118,California
San Bernardino,2021-02-14,1542,265753,648,151931,894,113822,0,0,866,130418,668,67566,866,197984,California
San Bernardino,2021-02-15,5452,271205,2993,154924,2459,116281,0,0,3054,131089,2384,69950,3055,201039,California
San Bernardino,2021-02-16,12577,283782,7371,162295,5206,121487,0,0,7970,134467,4594,74544,7972,209011,California
San Bernardino,2021-02-17,11776,295558,6454,168749,5322,126809,0,0,7166,137039,4595,79139,7167,216178,California
San Bernardino,2021-02-18,12451,308009,7585,176334,4866,131675,0,0,7715,140041,4720,83859,7722,223900,California
San Bernardino,2021-02-19,11456,319465,5894,182228,5562,137237,0,0,6780,142165,4657,88516,6781,230681,California
San Bernardino,2021-02-20,4495,323960,3456,185684,1039,138276,0,0,2045,141763,2448,90964,2046,232727,California
San Bernardino,2021-02-21,1019,324979,560,186244,459,138735,0,0,319,141384,698,91662,319,233046,California
San Bernardino,2021-02-22,8484,333463,5194,191438,3290,142025,0,0,4025,140961,4449,96111,4026,237072,California
San Bernardino,2021-02-23,8818,342281,5175,196613,3643,145668,0,0,4522,141215,4268,100379,4522,241594,California
San Bernardino,2021-02-24,11989,354270,6843,203456,5146,150814,0,0,6063,141378,5902,106281,6065,247659,California
San Bernardino,2021-02-25,12887,367157,6249,209705,6638,157452,0,0,7509,143529,5362,111643,7513,255172,California
San Bernardino,2021-02-26,13328,380485,6382,216087,6946,164398,0,0,7506,145273,5763,117406,7507,262679,California
San Bernardino,2021-02-27,6585,387070,3661,219748,2924,167322,0,0,4772,148242,1805,119211,4774,267453,California
San Bernardino,2021-02-28,1731,388801,707,220455,1024,168346,0,0,1119,148755,607,119818,1120,268573,California
San Bernardino,2021-03-01,8364,397165,4308,224763,4055,172401,1,1,3825,148071,4518,124336,3834,272407,California
San Bernardino,2021-03-02,13488,410653,5322,230085,8166,180567,0,1,6413,147438,7048,131384,6415,278822,California
San Bernardino,2021-03-03,12398,423051,6281,236366,6116,186683,1,2,5711,146483,6671,138055,5716,284538,California
San Bernardino,2021-03-04,12729,435780,6477,242843,6251,192934,1,3,5760,145295,6951,145006,5763,290301,California
San Bernardino,2021-03-05,13334,449114,6702,249545,6631,199565,1,4,6780,145566,6527,151533,6798,297099,California
San Bernardino,2021-03-06,9475,458589,5261,254806,3999,203564,215,219,4421,145161,5041,156574,4636,301735,California
San Bernardino,2021-03-07,1539,460128,925,255731,559,204123,55,274,986,145651,551,157125,1041,302776,California
San Bernardino,2021-03-08,7228,467356,3104,258835,3963,208086,161,435,3463,145517,3761,160886,3627,306403,California
San Bernardino,2021-03-09,11898,479254,6544,265379,5117,213203,237,672,4776,143421,7110,167996,5014,311417,California
San Bernardino,2021-03-10,13291,492545,7249,272628,5650,218853,392,1064,6138,142829,7128,175124,6536,317953,California
San Bernardino,2021-03-11,13647,506192,6444,279072,6416,225269,787,1851,7157,144305,6470,181594,7946,325899,California
San Bernardino,2021-03-12,15088,521280,6734,285806,6358,231627,1996,3847,7234,145755,7828,189422,9278,335177,California
San Bernardino,2021-03-13,8113,529393,4460,290266,3159,234786,494,4341,4825,147792,3283,192705,5320,340497,California
San Bernardino,2021-03-14,3161,532554,1587,291853,1010,235796,564,4905,1804,148807,1352,194057,2367,342864,California
San Bernardino,2021-03-15,11242,543796,5302,297155,3941,239737,1999,6904,5514,150599,5719,199776,7511,350375,California
San Bernardino,2021-03-16,15971,559767,7894,305049,7135,246872,942,7846,9752,155093,6197,205973,10691,361066,California
San Bernardino,2021-03-17,16748,576515,8438,313487,7565,254437,745,8591,10063,159234,6669,212642,10810,371876,California
San Bernardino,2021-03-18,16219,592734,8050,321537,7786,262223,383,8974,9531,162488,6661,219303,9915,381791,California
San Bernardino,2021-03-19,16610,609344,8176,329713,7850,270073,584,9558,9516,165572,7070,226373,10154,391945,California
San Bernardino,2021-03-20,9358,618702,5903,335616,2872,272945,583,10141,5569,167959,3763,230136,6150,398095,California
San Bernardino,2021-03-21,2736,621438,2233,337849,456,273401,47,10188,2217,169715,508,230644,2264,400359,California
San Bernardino,2021-03-22,9544,630982,4482,342331,4629,278030,433,10621,6935,174491,2593,233237,7369,407728,California
San Bernardino,2021-03-23,15273,646255,8658,350989,5995,284025,620,11241,9541,178938,5712,238949,10159,417887,California
San Bernardino,2021-03-24,14848,661103,7703,358692,6847,290872,298,11539,9933,184284,4886,243835,10232,428119,California
San Bernardino,2021-03-25,16608,677711,8165,366857,8154,299026,289,11828,10567,189137,6000,249835,10853,438972,California
San Bernardino,2021-03-26,17780,695491,8540,375397,8484,307510,756,12584,10851,193848,6900,256735,11611,450583,California
San Bernardino,2021-03-27,10662,706153,6872,382269,3044,310554,746,13330,6118,196183,4529,261264,6864,457447,California
San Bernardino,2021-03-28,3501,709654,2463,384732,928,311482,110,13440,2470,197737,1026,262290,2580,460027,California
San Bernardino,2021-03-29,11250,720904,5941,390673,4912,316394,397,13837,7637,202169,3602,265892,8034,468061,California
San Bernardino,2021-03-30,16727,737631,9388,400061,6633,323027,706,14543,10812,207799,5885,271777,11515,479576,California
San Bernardino,2021-03-31,16061,753692,9064,409125,6392,329419,605,15148,10858,214077,5183,276960,11461,491037,California
San Bernardino,2021-04-01,19344,773036,10247,419372,7759,337178,1338,16486,12664,221424,6652,283612,13999,505036,California
San Bernardino,2021-04-02,18231,791267,9077,428449,7892,345070,1262,17748,11065,226651,7141,290753,12368,517404,California
San Bernardino,2021-04-03,10827,802094,6755,435204,2950,348020,1122,18870,5947,228849,4868,295621,7066,524470,California
San Bernardino,2021-04-04,2404,804498,1445,436649,717,348737,242,19112,1226,229141,1176,296797,1468,525938,California
San Bernardino,2021-04-05,11538,816036,5191,441840,4662,353399,1685,20797,5981,231265,5538,302335,7662,533600,California
San Bernardino,2021-04-06,19046,835082,10652,452492,6465,359864,1929,22726,10179,234534,8835,311170,12104,545704,California
San Bernardino,2021-04-07,20018,855100,10503,462995,7142,367006,2373,25099,10899,238706,9092,320262,13264,558968,California
San Bernardino,2021-04-08,20864,875964,10491,473486,7866,374872,2507,27606,11483,243341,9352,329614,13987,572955,California
San Bernardino,2021-04-09,18855,894819,9293,482779,7302,382174,2260,29866,10333,247435,8493,338107,12587,585542,California
San Bernardino,2021-04-10,14019,908838,7422,490201,3294,385468,3303,33169,7019,250766,6986,345093,10317,595859,California
San Bernardino,2021-04-11,4218,913056,2451,492652,911,386379,856,34025,2002,251414,2207,347300,2855,598714,California
San Bernardino,2021-04-12,10460,923516,4409,497061,4768,391147,1283,35308,4761,251767,5688,352988,6041,604755,California
San Bernardino,2021-04-13,7627,931143,3588,500649,4034,395181,5,35313,3722,251597,3895,356883,3725,608480,California
San Diego,2020-12-15,119,119,119,119,0,0,0,0,119,119,0,0,119,119,California
San Diego,2020-12-16,1101,1220,1101,1220,0,0,0,0,1101,1220,0,0,1101,1220,California
San Diego,2020-12-17,2348,3568,2348,3568,0,0,0,0,2348,3568,0,0,2348,3568,California
San Diego,2020-12-18,3671,7239,3670,7238,1,1,0,0,3671,7239,0,0,3671,7239,California
San Diego,2020-12-19,2310,9549,2310,9548,0,1,0,0,2310,9549,0,0,2310,9549,California
San Diego,2020-12-20,1185,10734,1183,10731,2,3,0,0,1185,10734,0,0,1185,10734,California
San Diego,2020-12-21,3520,14254,3519,14250,1,4,0,0,3520,14254,0,0,3520,14254,California
San Diego,2020-12-22,4055,18309,3412,17662,643,647,0,0,4055,18309,0,0,4055,18309,California
San Diego,2020-12-23,3176,21485,1974,19636,1202,1849,0,0,3176,21485,0,0,3176,21485,California
San Diego,2020-12-24,2733,24218,2217,21853,516,2365,0,0,2733,24218,0,0,2733,24218,California
San Diego,2020-12-25,875,25093,874,22727,1,2366,0,0,874,25091,1,1,874,25092,California
San Diego,2020-12-26,3294,28387,2144,24871,1150,3516,0,0,3293,28384,0,1,3293,28385,California
San Diego,2020-12-27,2508,30895,1618,26489,890,4406,0,0,2507,30890,1,2,2507,30892,California
San Diego,2020-12-28,5900,36795,4212,30701,1688,6094,0,0,5900,36790,0,2,5900,36792,California
San Diego,2020-12-29,5588,42383,3014,33715,2574,8668,0,0,5588,42378,0,2,5588,42380,California
San Diego,2020-12-30,5942,48325,3100,36815,2842,11510,0,0,5942,48320,0,2,5942,48322,California
San Diego,2020-12-31,2984,51309,1005,37820,1979,13489,0,0,2983,51302,1,3,2983,51305,California
San Diego,2021-01-01,1006,52315,452,38272,554,14043,0,0,1005,52307,0,3,1005,52310,California
San Diego,2021-01-02,3762,56077,1321,39593,2441,16484,0,0,3762,56069,0,3,3762,56072,California
San Diego,2021-01-03,859,56936,632,40225,227,16711,0,0,858,56927,0,3,858,56930,California
San Diego,2021-01-04,3700,60636,2052,42277,1648,18359,0,0,3693,60620,0,3,3693,60623,California
San Diego,2021-01-05,4307,64943,2122,44399,2185,20544,0,0,3690,63710,613,616,3703,64326,California
San Diego,2021-01-06,4945,69888,2299,46698,2646,23190,0,0,3710,66212,1212,1828,3714,68040,California
San Diego,2021-01-07,5610,75498,2984,49682,2626,25816,0,0,3455,67525,2148,3976,3461,71501,California
San Diego,2021-01-08,7721,83219,4960,54642,2761,28577,0,0,3935,67706,3769,7745,3950,75451,California
San Diego,2021-01-09,2956,86175,1554,56196,1402,29979,0,0,1788,68345,1157,8902,1796,77247,California
San Diego,2021-01-10,1881,88056,1292,57488,589,30568,0,0,780,68044,1089,9991,788,78035,California
San Diego,2021-01-11,10325,98381,5859,63347,4466,35034,0,0,6800,71340,3518,13509,6814,84849,California
San Diego,2021-01-12,11198,109579,5316,68663,5882,40916,0,0,7826,75917,3363,16872,7940,92789,California
San Diego,2021-01-13,11475,121054,5024,73687,6451,47367,0,0,8930,82338,2532,19404,8953,101742,California
San Diego,2021-01-14,12360,133414,4750,78437,7610,54977,0,0,10194,90409,2157,21561,10228,111970,California
San Diego,2021-01-15,15115,148529,5353,83790,9762,64739,0,0,12471,100308,2624,24185,12523,124493,California
San Diego,2021-01-16,10765,159294,3595,87385,7170,71909,0,0,9320,108219,1440,25625,9351,133844,California
San Diego,2021-01-17,8681,167975,2500,89885,6181,78090,0,0,7843,115242,838,26463,7861,141705,California
San Diego,2021-01-18,12497,180472,5943,95828,6554,84644,0,0,9666,122170,2792,29255,9720,151425,California
San Diego,2021-01-19,14744,195216,5820,101648,8924,93568,0,0,11619,130936,3111,32366,11877,163302,California
San Diego,2021-01-20,18325,213541,6387,108035,11938,105506,0,0,15035,142870,3271,35637,15205,178507,California
San Diego,2021-01-21,17402,230943,5899,113934,11503,117009,0,0,16013,157649,1378,37015,16157,194664,California
San Diego,2021-01-22,17677,248620,4754,118688,12923,129932,0,0,15623,171327,2041,39056,15719,210383,California
San Diego,2021-01-23,14471,263091,5269,123957,9202,139134,0,0,12110,181144,2348,41404,12165,222548,California
San Diego,2021-01-24,11907,274998,3356,127313,8551,147685,0,0,10932,191137,973,42377,10966,233514,California
San Diego,2021-01-25,12210,287208,5741,133054,6469,154154,0,0,9198,197479,3005,45382,9347,242861,California
San Diego,2021-01-26,14906,302114,7612,140666,7294,161448,0,0,11633,206028,3268,48650,11817,254678,California
San Diego,2021-01-27,20697,322811,8056,148722,12641,174089,0,0,17615,220708,3068,51718,17748,272426,California
San Diego,2021-01-28,21249,344060,7597,156319,13652,187741,0,0,18991,237527,2248,53966,19067,291493,California
San Diego,2021-01-29,19659,363719,6420,162739,13239,200980,0,0,17239,252396,2410,56376,17279,308772,California
San Diego,2021-01-30,15896,379615,3669,166408,12227,213207,0,0,13223,263050,2664,59040,13318,322090,California
San Diego,2021-01-31,14800,394415,5762,172170,9038,222245,0,0,14445,277168,351,59391,14469,336559,California
San Diego,2021-02-01,20524,414939,7238,179408,13286,235531,0,0,17335,291404,3175,62566,17411,353970,California
San Diego,2021-02-02,23199,438138,8691,188099,14508,250039,0,0,19669,307719,3520,66086,19835,373805,California
San Diego,2021-02-03,27455,465593,11570,199669,15885,265924,0,0,23284,327031,4153,70239,23465,397270,California
San Diego,2021-02-04,24360,489953,10011,209680,14349,280273,0,0,19662,342293,4680,74919,19942,417212,California
San Diego,2021-02-05,24987,514940,8949,218629,16038,296311,0,0,18443,354703,6521,81440,18931,436143,California
San Diego,2021-02-06,20768,535708,8545,227174,12223,308534,0,0,17570,369303,3192,84632,17792,453935,California
San Diego,2021-02-07,12129,547837,5377,232551,6752,315286,0,0,10263,377973,1846,86478,10516,464451,California
San Diego,2021-02-08,20104,567941,8528,241079,11576,326862,0,0,12692,383958,7394,93872,13379,477830,California
San Diego,2021-02-09,20392,588333,8236,249315,12156,339018,0,0,13198,391049,7174,101046,14265,492095,California
San Diego,2021-02-10,22979,611312,9358,258673,13621,352639,0,0,13882,397232,9054,110100,15237,507332,California
San Diego,2021-02-11,23769,635081,10135,268808,13634,366273,0,0,12731,400624,11012,121112,14404,521736,California
San Diego,2021-02-12,23833,658914,7457,276265,16376,382649,0,0,11928,402918,11886,132998,14180,535916,California
San Diego,2021-02-13,20023,678937,9012,285277,11011,393660,0,0,10896,405890,9119,142117,12091,548007,California
San Diego,2021-02-14,11189,690126,7433,292710,3756,397416,0,0,6339,409045,4846,146963,8001,556008,California
San Diego,2021-02-15,15188,705314,7682,300392,7506,404922,0,0,7846,412721,7322,154285,10998,567006,California
San Diego,2021-02-16,19285,724599,11253,311645,8032,412954,0,0,9241,415341,10033,164318,12653,579659,California
San Diego,2021-02-17,23387,747986,10978,322623,12409,425363,0,0,8154,411915,15224,179542,11798,591457,California
San Diego,2021-02-18,23564,771550,12016,334639,11548,436911,0,0,7797,408609,15760,195302,12454,603911,California
San Diego,2021-02-19,15901,787451,10915,345554,4986,441897,0,0,6634,408130,9248,204550,8769,612680,California
San Diego,2021-02-20,10254,797705,6358,351912,3896,445793,0,0,5818,411786,4433,208983,8089,620769,California
San Diego,2021-02-21,11526,809231,10114,362026,1412,447205,0,0,5201,413048,6300,215283,7562,628331,California
San Diego,2021-02-22,12440,821671,10580,372606,1860,449065,0,0,5806,414711,6629,221912,8292,636623,California
San Diego,2021-02-23,25905,847576,14525,387131,11380,460445,0,0,9681,415161,16219,238131,16669,653292,California
San Diego,2021-02-24,28940,876516,12756,399887,16184,476629,0,0,6871,408601,22049,260180,15489,668781,California
San Diego,2021-02-25,33172,909688,14699,414586,18473,495102,0,0,10161,405211,22992,283172,19602,688383,California
San Diego,2021-02-26,33443,943131,12390,426976,21053,516155,0,0,12177,403338,21239,304411,19366,707749,California
San Diego,2021-02-27,21246,964377,9674,436650,11572,527727,0,0,11460,409487,9782,314193,15931,723680,California
San Diego,2021-02-28,15237,979614,9936,446586,5301,533028,0,0,9491,417058,5744,319937,13315,736995,California
San Diego,2021-03-01,24153,1003767,14231,460817,9920,542948,2,2,14669,427143,9411,329348,19496,756491,California
San Diego,2021-03-02,26054,1029821,13978,474795,12076,555024,0,2,12719,434290,13329,342677,20476,776967,California
San Diego,2021-03-03,33922,1063743,15862,490657,18057,573081,3,5,14031,436372,19878,362555,21960,798927,California
San Diego,2021-03-04,28250,1091993,14050,504707,14200,587281,0,5,12634,440784,15596,378151,20008,818935,California
San Diego,2021-03-05,28869,1120862,14804,519511,13983,601264,82,87,13477,446589,15381,393532,21186,840121,California
San Diego,2021-03-06,23249,1144111,9510,529021,13036,614300,703,790,10282,450162,12959,406491,16532,856653,California
San Diego,2021-03-07,18195,1162306,9294,538315,8333,622633,568,1358,6912,451899,11278,417769,13015,869668,California
San Diego,2021-03-08,22946,1185252,11161,549476,10901,633534,884,2242,11411,457592,11525,429294,17218,886886,California
San Diego,2021-03-09,25729,1210981,11937,561413,12054,645588,1738,3980,10062,459880,15655,444949,17943,904829,California
San Diego,2021-03-10,25177,1236158,10725,572138,12084,657672,2368,6348,9854,462730,15315,460264,18165,922994,California
San Diego,2021-03-11,28558,1264716,10980,583118,13995,671667,3583,9931,9987,463408,18553,478817,19231,942225,California
San Diego,2021-03-12,26931,1291647,9413,592531,14405,686072,3113,13044,9925,462987,16993,495810,16572,958797,California
San Diego,2021-03-13,25788,1317435,7254,599785,16935,703007,1599,14643,9991,462983,15790,511600,15786,974583,California
San Diego,2021-03-14,13687,1331122,5348,605133,7605,710612,734,15377,4772,462026,8910,520510,7953,982536,California
San Diego,2021-03-15,21895,1353017,10155,615288,10973,721585,767,16144,9017,463954,12864,533374,14792,997328,California
San Diego,2021-03-16,29770,1382787,15713,631001,13669,735254,388,16532,15613,471268,14137,547511,21451,1018779,California
San Diego,2021-03-17,26148,1408935,12182,643183,13263,748517,703,17235,16658,481986,9479,556990,20197,1038976,California
San Diego,2021-03-18,31264,1440199,17707,660890,12662,761179,895,18130,16864,490596,14382,571372,22992,1061968,California
San Diego,2021-03-19,30088,1470287,14284,675174,14827,776006,977,19107,19216,501883,10856,582228,22143,1084111,California
San Diego,2021-03-20,27701,1497988,8347,683521,17564,793570,1790,20897,21294,520485,6399,588627,25001,1109112,California
San Diego,2021-03-21,16467,1514455,11993,695514,3758,797328,716,21613,7687,524291,8772,597399,12578,1121690,California
San Diego,2021-03-22,22393,1536848,13087,708601,9067,806395,239,21852,14255,535352,8129,605528,19190,1140880,California
San Diego,2021-03-23,25819,1562667,13620,722221,11938,818333,261,22113,17046,548572,8760,614288,21980,1162860,California
San Diego,2021-03-24,29434,1592101,19680,741901,9391,827724,363,22476,17071,558778,12354,626642,22560,1185420,California
San Diego,2021-03-25,30147,1622248,18152,760053,11337,839061,658,23134,17883,569189,12255,638897,22666,1208086,California
San Diego,2021-03-26,31928,1654176,17772,777825,13610,852671,546,23680,17441,577704,14457,653354,22972,1231058,California
San Diego,2021-03-27,24938,1679114,10973,788798,13571,866242,394,24074,15248,585939,9675,663029,17910,1248968,California
San Diego,2021-03-28,14838,1693952,9164,797962,5618,871860,56,24130,9130,590893,5701,668730,10655,1259623,California
San Diego,2021-03-29,26412,1720364,12715,810677,13100,884960,597,24727,16267,602476,10138,678868,21721,1281344,California
San Diego,2021-03-30,33072,1753436,17838,828515,14466,899426,768,25495,21935,617352,11122,689990,25998,1307342,California
San Diego,2021-03-31,30073,1783509,18659,847174,10779,910205,635,26130,20473,630008,9580,699570,22236,1329578,California
San Diego,2021-04-01,33850,1817359,19930,867104,12571,922776,1349,27479,23002,646353,10825,710395,27170,1356748,California
San Diego,2021-04-02,35352,1852711,20577,887681,12229,935005,2546,30025,24066,663223,11267,721662,28137,1384885,California
San Diego,2021-04-03,30595,1883306,14373,902054,11748,946753,4474,34499,19666,678045,10916,732578,25738,1410623,California
San Diego,2021-04-04,8883,1892189,5057,907111,2927,949680,899,35398,4692,679716,4186,736764,5857,1416480,California
San Diego,2021-04-05,29562,1921751,15362,922473,11669,961349,2531,37929,19401,694305,10149,746913,24738,1441218,California
San Diego,2021-04-06,38327,1960078,20089,942562,12410,973759,5828,43757,22159,709378,16157,763070,31230,1472448,California
San Diego,2021-04-07,35063,1995141,21622,964184,9043,982802,4398,48155,19971,721502,15052,778122,27176,1499624,California
San Diego,2021-04-08,34396,2029537,20825,985009,9636,992438,3935,52090,20977,736154,13391,791513,28043,1527667,California
San Diego,2021-04-09,37202,2066739,22262,1007271,9993,1002431,4947,57037,20454,749006,16670,808183,29522,1557189,California
San Diego,2021-04-10,27439,2094178,10957,1018228,12625,1015056,3857,60894,14430,758162,12998,821181,22154,1579343,California
San Diego,2021-04-11,15258,2109436,9237,1027465,3831,1018887,2190,63084,7197,762458,8059,829240,12355,1591698,California
San Diego,2021-04-12,28445,2137881,11573,1039038,12636,1031523,4236,67320,16527,774184,11898,841138,23624,1615322,California
San Diego,2021-04-13,18640,2156521,7849,1046887,10760,1042283,31,67351,15872,788998,2766,843904,17580,1632902,California
San Francisco,2020-12-15,7,7,7,7,0,0,0,0,7,7,0,0,7,7,California
San Francisco,2020-12-16,229,236,229,236,0,0,0,0,229,236,0,0,229,236,California
San Francisco,2020-12-17,395,631,395,631,0,0,0,0,395,631,0,0,395,631,California
San Francisco,2020-12-18,878,1509,877,1508,1,1,0,0,878,1509,0,0,878,1509,California
San Francisco,2020-12-19,601,2110,601,2109,0,1,0,0,601,2110,0,0,601,2110,California
San Francisco,2020-12-20,484,2594,484,2593,0,1,0,0,484,2594,0,0,484,2594,California
San Francisco,2020-12-21,1163,3757,1163,3756,0,1,0,0,1163,3757,0,0,1163,3757,California
San Francisco,2020-12-22,1400,5157,1366,5122,34,35,0,0,1400,5157,0,0,1400,5157,California
San Francisco,2020-12-23,1329,6486,1040,6162,289,324,0,0,1329,6486,0,0,1329,6486,California
San Francisco,2020-12-24,838,7324,502,6664,336,660,0,0,838,7324,0,0,838,7324,California
San Francisco,2020-12-25,33,7357,28,6692,5,665,0,0,33,7357,0,0,33,7357,California
San Francisco,2020-12-26,245,7602,151,6843,94,759,0,0,245,7602,0,0,245,7602,California
San Francisco,2020-12-27,273,7875,60,6903,213,972,0,0,273,7875,0,0,273,7875,California
San Francisco,2020-12-28,1269,9144,686,7589,583,1555,0,0,1269,9144,0,0,1269,9144,California
San Francisco,2020-12-29,1245,10389,622,8211,623,2178,0,0,1245,10389,0,0,1245,10389,California
San Francisco,2020-12-30,1481,11870,777,8988,704,2882,0,0,1481,11870,0,0,1481,11870,California
San Francisco,2020-12-31,962,12832,410,9398,552,3434,0,0,961,12831,0,0,961,12831,California
San Francisco,2021-01-01,68,12900,60,9458,8,3442,0,0,68,12899,0,0,68,12899,California
San Francisco,2021-01-02,333,13233,302,9760,31,3473,0,0,333,13232,0,0,333,13232,California
San Francisco,2021-01-03,293,13526,101,9861,192,3665,0,0,292,13523,1,1,292,13524,California
San Francisco,2021-01-04,1835,15361,1355,11216,480,4145,0,0,1832,15352,3,4,1832,15356,California
San Francisco,2021-01-05,2232,17593,1414,12630,818,4963,0,0,2197,17516,35,39,2199,17555,California
San Francisco,2021-01-06,1872,19465,1165,13795,707,5670,0,0,1607,18861,263,302,1608,19163,California
San Francisco,2021-01-07,2063,21528,1202,14997,861,6531,0,0,1608,20017,452,754,1608,20771,California
San Francisco,2021-01-08,2330,23858,1634,16631,696,7227,0,0,1492,20676,833,1587,1492,22263,California
San Francisco,2021-01-09,1387,25245,892,17523,495,7722,0,0,884,21059,503,2090,886,23149,California
San Francisco,2021-01-10,920,26165,542,18065,378,8100,0,0,460,21060,459,2549,460,23609,California
San Francisco,2021-01-11,2504,28669,1873,19938,631,8731,0,0,1403,21361,1102,3651,1403,25012,California
San Francisco,2021-01-12,3084,31753,2056,21994,1028,9759,0,0,1891,22060,1193,4844,1892,26904,California
San Francisco,2021-01-13,2814,34567,1598,23592,1216,10975,0,0,1986,23219,827,5671,1986,28890,California
San Francisco,2021-01-14,2428,36995,1093,24685,1335,12310,0,0,1869,24530,559,6230,1870,30760,California
San Francisco,2021-01-15,2737,39732,1144,25829,1593,13903,0,0,2346,26489,389,6619,2348,33108,California
San Francisco,2021-01-16,2246,41978,965,26794,1281,15184,0,0,2082,28407,164,6783,2082,35190,California
San Francisco,2021-01-17,1918,43896,532,27326,1386,16570,0,0,1703,29895,215,6998,1703,36893,California
San Francisco,2021-01-18,1375,45271,590,27916,785,17355,0,0,1111,30745,263,7261,1113,38006,California
San Francisco,2021-01-19,2567,47838,1471,29387,1096,18451,0,0,1824,31826,743,8004,1824,39830,California
San Francisco,2021-01-20,2699,50537,1083,30470,1616,20067,0,0,1953,33037,743,8747,1954,41784,California
San Francisco,2021-01-21,3288,53825,928,31398,2360,22427,0,0,2467,34685,819,9566,2467,44251,California
San Francisco,2021-01-22,3165,56990,630,32028,2535,24962,0,0,2725,36972,438,10004,2725,46976,California
San Francisco,2021-01-23,3089,60079,608,32636,2481,27443,0,0,2722,39329,366,10370,2723,49699,California
San Francisco,2021-01-24,2423,62502,359,32995,2064,29507,0,0,2196,41301,224,10594,2196,51895,California
San Francisco,2021-01-25,4569,67071,1777,34772,2792,32299,0,0,3027,42789,1540,12134,3028,54923,California
San Francisco,2021-01-26,4649,71720,2126,36898,2523,34822,0,0,3059,44266,1587,13721,3064,57987,California
San Francisco,2021-01-27,4418,76138,2078,38976,2340,37162,0,0,3069,45990,1345,15066,3069,61056,California
San Francisco,2021-01-28,3750,79888,1554,40530,2196,39358,0,0,2584,47413,1161,16227,2584,63640,California
San Francisco,2021-01-29,4712,84600,1678,42208,3034,42392,0,0,3443,49594,1262,17489,3443,67083,California
San Francisco,2021-01-30,3767,88367,1838,44046,1929,44321,0,0,3324,52479,442,17931,3327,70410,California
San Francisco,2021-01-31,2346,90713,820,44866,1526,45847,0,0,2195,54525,150,18081,2196,72606,California
San Francisco,2021-02-01,3776,94489,1516,46382,2260,48107,0,0,2878,56506,898,18979,2879,75485,California
San Francisco,2021-02-02,4641,99130,1959,48341,2682,50789,0,0,2877,57625,1758,20737,2877,78362,California
San Francisco,2021-02-03,5049,104179,2365,50706,2684,53473,0,0,3752,60083,1295,22032,3753,82115,California
San Francisco,2021-02-04,5015,109194,2432,53138,2583,56056,0,0,3853,62776,1160,23192,3853,85968,California
San Francisco,2021-02-05,5917,115111,3193,56331,2724,58780,0,0,4585,66033,1329,24521,4586,90554,California
San Francisco,2021-02-06,5460,120571,3644,59975,1816,60596,0,0,4560,69698,898,25419,4563,95117,California
San Francisco,2021-02-07,4321,124892,3173,63148,1148,61744,0,0,3746,72873,574,25993,3749,98866,California
San Francisco,2021-02-08,6683,131575,4602,67750,2081,63825,0,0,5478,77165,1188,27181,5480,104346,California
San Francisco,2021-02-09,5914,137489,3984,71734,1930,65755,0,0,4361,79977,1550,28731,4362,108708,California
San Francisco,2021-02-10,6829,144318,4167,75901,2662,68417,0,0,5066,83291,1755,30486,5069,113777,California
San Francisco,2021-02-11,6677,150995,3954,79855,2723,71140,0,0,4869,86355,1806,32292,4870,118647,California
San Francisco,2021-02-12,5299,156294,2660,82515,2639,73779,0,0,3474,88005,1824,34116,3474,122121,California
San Francisco,2021-02-13,4350,160644,2548,85063,1802,75581,0,0,3028,89713,1322,35438,3030,125151,California
San Francisco,2021-02-14,3412,164056,2237,87300,1175,76756,0,0,2292,90887,1119,36557,2293,127444,California
San Francisco,2021-02-15,2766,166822,1503,88803,1263,78019,0,0,1675,91473,1089,37646,1675,129119,California
San Francisco,2021-02-16,4972,171794,2720,91523,2252,80271,0,0,2953,92419,2013,39659,2959,132078,California
San Francisco,2021-02-17,5392,177186,2679,94202,2713,82984,0,0,2955,92948,2428,42087,2957,135035,California
San Francisco,2021-02-18,5364,182550,2624,96826,2740,85724,0,0,2807,93202,2556,44643,2810,137845,California
San Francisco,2021-02-19,5617,188167,2639,99465,2978,88702,0,0,2924,93441,2687,47330,2926,140771,California
San Francisco,2021-02-20,4509,192676,2170,101635,2339,91041,0,0,1699,92339,2802,50132,1700,142471,California
San Francisco,2021-02-21,2729,195405,1360,102995,1369,92410,0,0,1135,91885,1590,51722,1136,143607,California
San Francisco,2021-02-22,5082,200487,3164,106159,1918,94328,0,0,2552,91918,2522,54244,2555,146162,California
San Francisco,2021-02-23,5429,205916,3072,109231,2357,96685,0,0,2757,92008,2667,56911,2757,148919,California
San Francisco,2021-02-24,8948,214864,5066,114297,3882,100567,0,0,4772,92615,4167,61078,4774,153693,California
San Francisco,2021-02-25,9722,224586,6841,121138,2881,103448,0,0,6278,95452,3443,64521,6280,159973,California
San Francisco,2021-02-26,11883,236469,7720,128858,4163,107611,0,0,7040,97652,4846,69367,7046,167019,California
San Francisco,2021-02-27,8860,245329,5634,134492,3225,110836,1,1,4492,97789,4357,73724,4494,171513,California
San Francisco,2021-02-28,7691,253020,5519,140011,2172,113008,0,1,3829,97758,3861,77585,3830,175343,California
San Francisco,2021-03-01,10622,263642,7130,147141,3492,116500,0,1,5135,97425,5471,83056,5138,180481,California
San Francisco,2021-03-02,8796,272438,5609,152750,3187,119687,0,1,5105,98846,3685,86741,5106,185587,California
San Francisco,2021-03-03,10757,283195,6147,158897,4609,124296,1,2,5790,99683,4957,91698,5794,191381,California
San Francisco,2021-03-04,8577,291772,5398,164295,3179,127475,0,2,4839,100791,3731,95429,4839,196220,California
San Francisco,2021-03-05,8598,300370,5095,169390,3501,130976,2,4,5404,103014,3184,98613,5407,201627,California
San Francisco,2021-03-06,6836,307206,4403,173793,2226,133202,207,211,4197,104763,2652,101265,4401,206028,California
San Francisco,2021-03-07,5100,312306,3967,177760,1077,134279,56,267,2870,105445,2244,103509,2926,208954,California
San Francisco,2021-03-08,7083,319389,5134,182894,1766,136045,183,450,5545,109603,1571,105080,5729,214683,California
San Francisco,2021-03-09,6663,326052,3903,186797,2386,138431,374,824,4546,112394,2124,107204,4915,219598,California
San Francisco,2021-03-10,10304,336356,5852,192649,3958,142389,494,1318,6288,115181,3996,111200,6783,226381,California
San Francisco,2021-03-11,9933,346289,6317,198966,2668,145057,948,2266,6507,119220,3411,114611,7450,233831,California
San Francisco,2021-03-12,10646,356935,6211,205177,3138,148195,1297,3563,5924,121742,4697,119308,7219,241050,California
San Francisco,2021-03-13,6517,363452,3815,208992,1657,149852,1045,4608,4054,124383,2456,121764,5097,246147,California
San Francisco,2021-03-14,7467,370919,4838,213830,2395,152247,234,4842,4036,125233,3420,125184,4270,250417,California
San Francisco,2021-03-15,11894,382813,9062,222892,1900,154147,932,5774,8244,130765,3637,128821,9169,259586,California
San Francisco,2021-03-16,12011,394824,8155,231047,3401,157548,455,6229,8737,136696,3259,132080,9190,268776,California
San Francisco,2021-03-17,13155,407979,8113,239160,4502,162050,540,6769,9522,143148,3606,135686,10058,278834,California
San Francisco,2021-03-18,9882,417861,6720,245880,2543,164593,619,7388,5620,145149,4236,139922,6237,285071,California
San Francisco,2021-03-19,11983,429844,8697,254577,2822,167415,464,7852,6391,146432,5571,145493,6854,291925,California
San Francisco,2021-03-20,8656,438500,6392,260969,1808,169223,456,8308,5155,148572,3472,148965,5612,297537,California
San Francisco,2021-03-21,6435,444935,5886,266855,415,169638,134,8442,3682,149645,2743,151708,3816,301353,California
San Francisco,2021-03-22,9653,454588,6816,273671,1996,171634,841,9283,5087,151027,4544,156252,5926,307279,California
San Francisco,2021-03-23,11113,465701,7346,281017,3120,174754,647,9930,6711,154010,4372,160624,7355,314634,California
San Francisco,2021-03-24,12211,477912,9367,290384,2309,177063,535,10465,6344,155055,5831,166455,6876,321510,California
San Francisco,2021-03-25,11716,489628,8617,299001,2547,179610,552,11017,5899,155746,5757,172212,6448,327958,California
San Francisco,2021-03-26,11795,501423,8165,307166,3402,183012,228,11245,6106,156417,5660,177872,6331,334289,California
San Francisco,2021-03-27,8589,510012,5728,312894,2519,185531,342,11587,3904,155994,4669,182541,4246,338535,California
San Francisco,2021-03-28,6541,516553,5222,318116,1278,186809,41,11628,3154,155818,3369,185910,3193,341728,California
San Francisco,2021-03-29,11355,527908,7871,325987,3302,190111,182,11810,5160,154988,6172,192082,5342,347070,California
San Francisco,2021-03-30,11457,539365,7153,333140,4012,194123,292,12102,6880,157606,4554,196636,7172,354242,California
San Francisco,2021-03-31,12073,551438,8009,341149,3770,197893,294,12396,5705,157262,6338,202974,5994,360236,California
San Francisco,2021-04-01,13622,565060,7246,348395,4743,202636,1633,14029,5946,157195,7644,210618,7577,367813,California
San Francisco,2021-04-02,14523,579583,6404,354799,6319,208955,1800,15829,6877,158245,7626,218244,8676,376489,California
San Francisco,2021-04-03,10212,589795,4751,359550,3687,212642,1774,17603,4688,159193,5512,223756,6460,382949,California
San Francisco,2021-04-04,8853,598648,4665,364215,2579,215221,1609,19212,3522,159005,5321,229077,5133,388082,California
San Francisco,2021-04-05,15794,614442,9667,373882,4256,219477,1871,21083,6320,157744,9449,238526,8188,396270,California
San Francisco,2021-04-06,15924,630366,9387,383269,4424,223901,2113,23196,6270,156490,9634,248160,8380,404650,California
San Francisco,2021-04-07,16559,646925,9922,393191,4347,228248,2290,25486,6927,156085,9610,257770,9205,413855,California
San Francisco,2021-04-08,14104,661029,6696,399887,2973,231221,4435,29921,4728,155881,9350,267120,9146,423001,California
San Francisco,2021-04-09,13917,674946,6419,406306,4483,235704,3015,32936,6196,157387,7694,274814,9200,432201,California
San Francisco,2021-04-10,11807,686753,5116,411422,5123,240827,1568,34504,6220,159603,5564,280378,7780,439981,California
San Francisco,2021-04-11,9545,696298,7088,418510,1303,242130,1154,35658,4900,161019,4637,285015,6053,446034,California
San Francisco,2021-04-12,7870,704168,4406,422916,2389,244519,1075,36733,3773,161793,4070,289085,4844,450878,California
San Francisco,2021-04-13,6189,710357,3272,426188,2906,247425,11,36744,3283,162197,2890,291975,3294,454172,California
San Joaquin,2020-12-15,12,12,12,12,0,0,0,0,12,12,0,0,12,12,California
San Joaquin,2020-12-16,438,450,438,450,0,0,0,0,438,450,0,0,438,450,California
San Joaquin,2020-12-17,385,835,385,835,0,0,0,0,385,835,0,0,385,835,California
San Joaquin,2020-12-18,573,1408,547,1382,26,26,0,0,573,1408,0,0,573,1408,California
San Joaquin,2020-12-19,200,1608,200,1582,0,26,0,0,200,1608,0,0,200,1608,California
San Joaquin,2020-12-20,114,1722,113,1695,1,27,0,0,114,1722,0,0,114,1722,California
San Joaquin,2020-12-21,554,2276,550,2245,4,31,0,0,554,2276,0,0,554,2276,California
San Joaquin,2020-12-22,1055,3331,896,3141,159,190,0,0,1054,3330,0,0,1054,3330,California
San Joaquin,2020-12-23,1025,4356,958,4099,67,257,0,0,1023,4353,0,0,1023,4353,California
San Joaquin,2020-12-24,221,4577,193,4292,28,285,0,0,220,4573,0,0,220,4573,California
San Joaquin,2020-12-25,14,4591,14,4306,0,285,0,0,14,4587,0,0,14,4587,California
San Joaquin,2020-12-26,101,4692,29,4335,72,357,0,0,101,4688,0,0,101,4688,California
San Joaquin,2020-12-27,40,4732,29,4364,11,368,0,0,40,4728,0,0,40,4728,California
San Joaquin,2020-12-28,649,5381,443,4807,206,574,0,0,649,5377,0,0,649,5377,California
San Joaquin,2020-12-29,877,6258,741,5548,136,710,0,0,877,6254,0,0,877,6254,California
San Joaquin,2020-12-30,1055,7313,748,6296,307,1017,0,0,1054,7308,0,0,1054,7308,California
San Joaquin,2020-12-31,449,7762,200,6496,249,1266,0,0,450,7758,0,0,450,7758,California
San Joaquin,2021-01-01,17,7779,10,6506,7,1273,0,0,17,7775,0,0,17,7775,California
San Joaquin,2021-01-02,254,8033,233,6739,21,1294,0,0,253,8028,0,0,253,8028,California
San Joaquin,2021-01-03,37,8070,19,6758,18,1312,0,0,36,8063,1,1,36,8064,California
San Joaquin,2021-01-04,483,8553,341,7099,142,1454,0,0,480,8543,0,1,480,8544,California
San Joaquin,2021-01-05,1043,9596,712,7811,331,1785,0,0,821,9177,223,224,857,9401,California
San Joaquin,2021-01-06,1308,10904,788,8599,520,2305,0,0,941,9761,360,584,944,10345,California
San Joaquin,2021-01-07,1132,12036,723,9322,409,2714,0,0,808,10250,320,904,809,11154,California
San Joaquin,2021-01-08,1337,13373,946,10268,391,3105,0,0,804,10526,529,1433,805,11959,California
San Joaquin,2021-01-09,378,13751,301,10569,77,3182,0,0,248,10644,130,1563,248,12207,California
San Joaquin,2021-01-10,221,13972,114,10683,107,3289,0,0,169,10761,52,1615,169,12376,California
San Joaquin,2021-01-11,1582,15554,1377,12060,205,3494,0,0,902,11011,679,2294,929,13305,California
San Joaquin,2021-01-12,1514,17068,1073,13133,441,3935,0,0,699,10968,811,3105,768,14073,California
San Joaquin,2021-01-13,1538,18606,850,13983,688,4623,0,0,1008,11451,531,3636,1014,15087,California
San Joaquin,2021-01-14,1633,20239,905,14888,728,5351,0,0,1272,12400,330,3966,1279,16366,California
San Joaquin,2021-01-15,1598,21837,669,15557,929,6280,0,0,1356,13536,222,4188,1358,17724,California
San Joaquin,2021-01-16,1172,23009,191,15748,981,7261,0,0,1147,14658,25,4213,1147,18871,California
San Joaquin,2021-01-17,1651,24660,129,15877,1522,8783,0,0,1616,16241,35,4248,1618,20489,California
San Joaquin,2021-01-18,764,25424,234,16111,530,9313,0,0,647,16775,113,4361,647,21136,California
San Joaquin,2021-01-19,1898,27322,891,17002,1007,10320,0,0,1194,17274,700,5061,1199,22335,California
San Joaquin,2021-01-20,2151,29473,1321,18323,830,11150,0,0,1467,18064,682,5743,1472,23807,California
San Joaquin,2021-01-21,2049,31522,942,19265,1107,12257,0,0,1624,19275,418,6161,1629,25436,California
San Joaquin,2021-01-22,2033,33555,967,20232,1066,13323,0,0,1891,21030,139,6300,1894,27330,California
San Joaquin,2021-01-23,931,34486,401,20633,530,13853,0,0,654,21410,276,6576,656,27986,California
San Joaquin,2021-01-24,333,34819,131,20764,202,14055,0,0,314,21707,17,6593,314,28300,California
San Joaquin,2021-01-25,2042,36861,1174,21938,868,14923,0,0,1465,22601,575,7168,1469,29769,California
San Joaquin,2021-01-26,2221,39082,1165,23103,1056,15979,0,0,1579,23545,639,7807,1583,31352,California
San Joaquin,2021-01-27,1812,40894,823,23926,989,16968,0,0,1299,24340,510,8317,1305,32657,California
San Joaquin,2021-01-28,2146,43040,858,24784,1288,18256,0,0,1459,25117,685,9002,1462,34119,California
San Joaquin,2021-01-29,2256,45296,1139,25923,1117,19373,0,0,1883,26639,368,9370,1890,36009,California
San Joaquin,2021-01-30,2398,47694,344,26267,2054,21427,0,0,2208,28678,171,9541,2210,38219,California
San Joaquin,2021-01-31,1570,49264,176,26443,1394,22821,0,0,1500,30124,55,9596,1501,39720,California
San Joaquin,2021-02-01,2618,51882,1412,27855,1206,24027,0,0,1849,31208,767,10363,1851,41571,California
San Joaquin,2021-02-02,2689,54571,1240,29095,1449,25476,0,0,2058,32697,573,10936,2062,43633,California
San Joaquin,2021-02-03,3177,57748,1308,30403,1869,27345,0,0,2288,34104,885,11821,2292,45925,California
San Joaquin,2021-02-04,3541,61289,1805,32208,1736,29081,0,0,2731,36029,808,12629,2733,48658,California
San Joaquin,2021-02-05,3361,64650,1962,34170,1399,30480,0,0,2493,37660,865,13494,2496,51154,California
San Joaquin,2021-02-06,1138,65788,791,34961,347,30827,0,0,965,38456,171,13665,967,52121,California
San Joaquin,2021-02-07,608,66396,483,35444,125,30952,0,0,411,38678,190,13855,412,52533,California
San Joaquin,2021-02-08,1821,68217,1059,36503,762,31714,0,0,1495,39869,308,14163,1499,54032,California
San Joaquin,2021-02-09,2151,70368,1172,37675,979,32693,0,0,1630,41043,457,14620,1631,55663,California
San Joaquin,2021-02-10,2682,73050,1303,38978,1379,34072,0,0,1391,41171,1263,15883,1391,57054,California
San Joaquin,2021-02-11,2968,76018,1561,40539,1407,35479,0,0,1791,41807,1160,17043,1796,58850,California
San Joaquin,2021-02-12,2851,78869,1196,41735,1655,37134,0,0,1689,42341,1159,18202,1693,60543,California
San Joaquin,2021-02-13,2126,80995,399,42134,1727,38861,0,0,852,41934,1265,19467,858,61401,California
San Joaquin,2021-02-14,1891,82886,258,42392,1633,40494,0,0,682,41425,1192,20659,683,62084,California
San Joaquin,2021-02-15,1971,84857,828,43220,1143,41637,0,0,1199,41878,750,21409,1203,63287,California
San Joaquin,2021-02-16,3190,88047,1454,44674,1736,43373,0,0,1739,42182,1441,22850,1745,65032,California
San Joaquin,2021-02-17,3406,91453,1367,46041,2039,45412,0,0,1940,42674,1452,24302,1944,66976,California
San Joaquin,2021-02-18,3517,94970,1494,47535,2023,47435,0,0,2013,43213,1480,25782,2019,68995,California
San Joaquin,2021-02-19,4697,99667,2779,50314,1918,49353,0,0,2820,44191,1843,27625,2821,71816,California
San Joaquin,2021-02-20,1663,101330,643,50957,1020,50373,0,0,1156,44841,506,28131,1156,72972,California
San Joaquin,2021-02-21,627,101957,471,51428,156,50529,0,0,402,45018,226,28357,403,73375,California
San Joaquin,2021-02-22,4126,106083,3050,54478,1076,51605,0,0,3081,47087,1017,29374,3086,76461,California
San Joaquin,2021-02-23,4884,110967,3277,57755,1607,53212,0,0,3281,48794,1580,30954,3287,79748,California
San Joaquin,2021-02-24,6701,117668,4291,62046,2410,55622,0,0,5013,52141,1670,32624,5017,84765,California
San Joaquin,2021-02-25,7164,124832,4779,66825,2385,58007,0,0,4880,54773,2258,34882,4890,89655,California
San Joaquin,2021-02-26,6009,130841,3371,70196,2638,60645,0,0,4245,57290,1736,36618,4253,93908,California
San Joaquin,2021-02-27,5597,136438,1609,71805,3988,64633,0,0,2642,57031,2916,39534,2657,96565,California
San Joaquin,2021-02-28,3024,139462,1083,72888,1941,66574,0,0,1993,58009,1018,40552,1996,98561,California
San Joaquin,2021-03-01,4132,143594,1811,74699,2321,68895,0,0,2324,58549,1794,42346,2334,100895,California
San Joaquin,2021-03-02,4195,147789,1681,76380,2514,71409,0,0,2610,59648,1571,43917,2670,103565,California
San Joaquin,2021-03-03,6236,154025,3928,80308,2306,73715,2,2,4600,62630,1618,45535,4600,108165,California
San Joaquin,2021-03-04,5299,159324,2468,82776,2829,76544,2,4,3223,63874,1987,47522,3231,111396,California
San Joaquin,2021-03-05,4507,163831,1959,84735,2546,79090,2,6,3077,65535,1421,48943,3082,114478,California
San Joaquin,2021-03-06,3587,167418,2460,87195,998,80088,129,135,3001,68082,586,49529,3133,117611,California
San Joaquin,2021-03-07,1220,168638,548,87743,629,80717,43,178,947,68800,258,49787,976,118587,California
San Joaquin,2021-03-08,3131,171769,1248,88991,1762,82479,121,299,2115,70025,1010,50797,2235,120822,California
San Joaquin,2021-03-09,4133,175902,1866,90857,2140,84619,127,426,2727,71485,1395,52192,2855,123677,California
San Joaquin,2021-03-10,4924,180826,2668,93525,2118,86737,138,564,3652,74014,1261,53453,3790,127467,California
San Joaquin,2021-03-11,5060,185886,2435,95960,2035,88772,590,1154,2951,75456,2103,55556,3545,131012,California
San Joaquin,2021-03-12,6655,192541,3533,99493,2800,91572,322,1476,4230,77601,2408,57964,4553,135565,California
San Joaquin,2021-03-13,3146,195687,1571,101064,1451,93023,124,1600,2397,79386,741,58705,2526,138091,California
San Joaquin,2021-03-14,2144,197831,667,101731,1177,94200,300,1900,1043,79634,1099,59804,1347,139438,California
San Joaquin,2021-03-15,6645,204476,4091,105822,2157,96357,397,2297,3321,80058,3308,63112,3732,143170,California
San Joaquin,2021-03-16,7688,212164,4729,110551,2711,99068,248,2545,4309,81257,3368,66480,4567,147737,California
San Joaquin,2021-03-17,8892,221056,5816,116367,3002,102070,74,2619,4703,81874,4171,70651,4788,152525,California
San Joaquin,2021-03-18,8551,229607,5418,121785,2627,104697,506,3125,3902,81669,4617,75268,4412,156937,California
San Joaquin,2021-03-19,8532,238139,5146,126931,2845,107542,541,3666,4940,83616,3580,78848,5527,162464,California
San Joaquin,2021-03-20,3784,241923,2111,129042,1433,108975,240,3906,1876,83851,1894,80742,2129,164593,California
San Joaquin,2021-03-21,2315,244238,1681,130723,428,109403,206,4112,1413,84617,897,81639,1663,166256,California
San Joaquin,2021-03-22,4309,248547,2355,133078,1540,110943,414,4526,2697,86132,1602,83241,3117,169373,California
San Joaquin,2021-03-23,5586,254133,2858,135936,2563,113506,165,4691,3952,88637,1615,84856,4120,173493,California
San Joaquin,2021-03-24,7489,261622,4850,140786,2553,116059,86,4777,3233,87724,4240,89096,3327,176820,California
San Joaquin,2021-03-25,5834,267456,3553,144339,2240,118299,41,4818,3583,89123,2231,91327,3630,180450,California
San Joaquin,2021-03-26,6316,273772,2639,146978,3531,121830,146,4964,3360,89723,2927,94254,3527,183977,California
San Joaquin,2021-03-27,5075,278847,2903,149881,2131,123961,41,5005,2069,88857,2989,97243,2123,186100,California
San Joaquin,2021-03-28,3002,281849,2087,151968,890,124851,25,5030,1607,89194,1382,98625,1719,187819,California
San Joaquin,2021-03-29,4140,285989,2297,154265,1821,126672,22,5052,2179,89473,1950,100575,2229,190048,California
San Joaquin,2021-03-30,6391,292380,3388,157653,2968,129640,35,5087,3754,90667,2621,103196,3815,193863,California
San Joaquin,2021-03-31,6829,299209,4353,162006,2418,132058,58,5145,3559,91053,3258,106454,3644,197507,California
San Joaquin,2021-04-01,6618,305827,3227,165233,3315,135373,76,5221,3688,91960,2923,109377,3830,201337,California
San Joaquin,2021-04-02,6335,312162,2856,168089,2989,138362,490,5711,2549,91274,3766,113143,3080,204417,California
San Joaquin,2021-04-03,4069,316231,2277,170366,1485,139847,307,6018,1907,91350,2149,115292,2225,206642,California
San Joaquin,2021-04-04,1751,317982,850,171216,717,140564,184,6202,1077,91943,670,115962,1263,207905,California
San Joaquin,2021-04-05,4106,322088,2510,173726,1456,142020,140,6342,2355,92707,1746,117708,2510,210415,California
San Joaquin,2021-04-06,7126,329214,4645,178371,2240,144260,241,6583,3512,92873,3602,121310,3768,214183,California
San Joaquin,2021-04-07,8157,337371,4490,182861,2278,146538,1389,7972,3641,93416,4506,125816,5049,219232,California
San Joaquin,2021-04-08,7939,345310,4013,186874,1966,148504,1960,9932,3104,93665,4822,130638,5071,224303,California
San Joaquin,2021-04-09,6877,352187,2370,189244,3126,151630,1381,11313,2769,93740,4096,134734,4171,228474,California
San Joaquin,2021-04-10,5161,357348,1535,190779,1810,153440,1816,13129,1797,93997,3361,138095,3618,232092,California
San Joaquin,2021-04-11,4172,361520,1589,192368,1498,154938,1085,14214,1781,94479,2384,140479,2866,234958,California
San Joaquin,2021-04-12,4357,365877,1363,193731,1877,156815,1117,15331,1461,94183,2887,143366,2591,237549,California
San Joaquin,2021-04-13,3445,369322,1567,195298,1875,158690,3,15334,2104,94962,1333,144699,2112,239661,California
San Luis Obispo,2020-12-16,4,4,4,4,0,0,0,0,4,4,0,0,4,4,California
San Luis Obispo,2020-12-17,196,200,196,200,0,0,0,0,196,200,0,0,196,200,California
San Luis Obispo,2020-12-18,224,424,224,424,0,0,0,0,224,424,0,0,224,424,California
San Luis Obispo,2020-12-19,162,586,162,586,0,0,0,0,162,586,0,0,162,586,California
San Luis Obispo,2020-12-20,215,801,215,801,0,0,0,0,215,801,0,0,215,801,California
San Luis Obispo,2020-12-21,550,1351,550,1351,0,0,0,0,550,1351,0,0,550,1351,California
San Luis Obispo,2020-12-22,307,1658,303,1654,4,4,0,0,307,1658,0,0,307,1658,California
San Luis Obispo,2020-12-23,681,2339,368,2022,313,317,0,0,681,2339,0,0,681,2339,California
San Luis Obispo,2020-12-24,195,2534,19,2041,176,493,0,0,195,2534,0,0,195,2534,California
San Luis Obispo,2020-12-25,2,2536,1,2042,1,494,0,0,2,2536,0,0,2,2536,California
San Luis Obispo,2020-12-26,90,2626,12,2054,78,572,0,0,90,2626,0,0,90,2626,California
San Luis Obispo,2020-12-27,76,2702,0,2054,76,648,0,0,76,2702,0,0,76,2702,California
San Luis Obispo,2020-12-28,879,3581,430,2484,449,1097,0,0,879,3581,0,0,879,3581,California
San Luis Obispo,2020-12-29,903,4484,502,2986,401,1498,0,0,903,4484,0,0,903,4484,California
San Luis Obispo,2020-12-30,1174,5658,681,3667,493,1991,0,0,1174,5658,0,0,1174,5658,California
San Luis Obispo,2020-12-31,106,5764,4,3671,102,2093,0,0,106,5764,0,0,106,5764,California
San Luis Obispo,2021-01-01,12,5776,8,3679,4,2097,0,0,12,5776,0,0,12,5776,California
San Luis Obispo,2021-01-02,33,5809,8,3687,25,2122,0,0,33,5809,0,0,33,5809,California
San Luis Obispo,2021-01-03,16,5825,6,3693,10,2132,0,0,16,5825,0,0,16,5825,California
San Luis Obispo,2021-01-04,676,6501,524,4217,152,2284,0,0,676,6501,0,0,676,6501,California
San Luis Obispo,2021-01-05,976,7477,758,4975,218,2502,0,0,974,7473,2,2,974,7475,California
San Luis Obispo,2021-01-06,727,8204,482,5457,245,2747,0,0,719,8185,7,9,719,8194,California
San Luis Obispo,2021-01-07,1128,9332,950,6407,178,2925,0,0,686,8429,442,451,686,8880,California
San Luis Obispo,2021-01-08,881,10213,805,7212,76,3001,0,0,512,8573,368,819,512,9392,California
San Luis Obispo,2021-01-09,205,10418,196,7408,9,3010,0,0,28,8424,177,996,28,9420,California
San Luis Obispo,2021-01-10,12,10430,8,7416,4,3014,0,0,8,8428,4,1000,8,9428,California
San Luis Obispo,2021-01-11,524,10954,474,7890,50,3064,0,0,263,8431,260,1260,263,9691,California
San Luis Obispo,2021-01-12,598,11552,380,8270,218,3282,0,0,320,8473,278,1538,320,10011,California
San Luis Obispo,2021-01-13,880,12432,253,8523,627,3909,0,0,642,8879,236,1774,642,10653,California
San Luis Obispo,2021-01-14,729,13161,243,8766,486,4395,0,0,604,9371,112,1886,604,11257,California
San Luis Obispo,2021-01-15,730,13891,288,9054,442,4837,0,0,554,9754,171,2057,554,11811,California
San Luis Obispo,2021-01-16,99,13990,81,9135,18,4855,0,0,94,9843,5,2062,94,11905,California
San Luis Obispo,2021-01-17,66,14056,60,9195,6,4861,0,0,66,9909,0,2062,66,11971,California
San Luis Obispo,2021-01-18,1372,15428,389,9584,983,5844,0,0,1110,10757,262,2324,1110,13081,California
San Luis Obispo,2021-01-19,1584,17012,418,10002,1166,7010,0,0,1177,11527,407,2731,1177,14258,California
San Luis Obispo,2021-01-20,1880,18892,595,10597,1285,8295,0,0,1290,12230,588,3319,1291,15549,California
San Luis Obispo,2021-01-21,1571,20463,466,11063,1105,9400,0,0,1197,13058,370,3689,1198,16747,California
San Luis Obispo,2021-01-22,1520,21983,508,11571,1012,10412,0,0,1205,13950,313,4002,1205,17952,California
San Luis Obispo,2021-01-23,310,22293,292,11863,18,10430,0,0,294,14228,16,4018,294,18246,California
San Luis Obispo,2021-01-24,243,22536,236,12099,7,10437,0,0,237,14459,6,4024,237,18483,California
San Luis Obispo,2021-01-25,2071,24607,606,12705,1465,11902,0,0,1243,14874,828,4852,1243,19726,California
San Luis Obispo,2021-01-26,2004,26611,703,13408,1301,13203,0,0,1137,15145,866,5718,1137,20863,California
San Luis Obispo,2021-01-27,1611,28222,282,13690,1329,14532,0,0,1149,15832,462,6180,1149,22012,California
San Luis Obispo,2021-01-28,1477,29699,334,14024,1143,15675,0,0,1216,16788,260,6440,1216,23228,California
San Luis Obispo,2021-01-29,1731,31430,677,14701,1054,16729,0,0,1447,17951,284,6724,1447,24675,California
San Luis Obispo,2021-01-30,37,31467,18,14719,19,16748,0,0,26,17967,10,6734,26,24701,California
San Luis Obispo,2021-01-31,26,31493,20,14739,6,16754,0,0,23,17987,3,6737,23,24724,California
San Luis Obispo,2021-02-01,1664,33157,703,15442,961,17715,0,0,1395,19114,268,7005,1395,26119,California
San Luis Obispo,2021-02-02,1893,35050,675,16117,1218,18933,0,0,1519,20259,374,7379,1519,27638,California
San Luis Obispo,2021-02-03,1700,36750,727,16844,973,19906,0,0,1288,21135,412,7791,1288,28926,California
San Luis Obispo,2021-02-04,1654,38404,799,17643,855,20761,0,0,1088,21657,566,8357,1088,30014,California
San Luis Obispo,2021-02-05,1601,40005,718,18361,883,21644,0,0,1058,22172,544,8901,1059,31073,California
San Luis Obispo,2021-02-06,160,40165,93,18454,67,21711,0,0,94,22200,66,8967,94,31167,California
San Luis Obispo,2021-02-07,143,40308,98,18552,45,21756,0,0,73,22204,70,9037,74,31241,California
San Luis Obispo,2021-02-08,853,41161,469,19021,384,22140,0,0,495,22342,357,9394,495,31736,California
San Luis Obispo,2021-02-09,1124,42285,448,19469,676,22816,0,0,542,22315,576,9970,549,32285,California
San Luis Obispo,2021-02-10,1422,43707,484,19953,938,23754,0,0,519,21937,900,10870,522,32807,California
San Luis Obispo,2021-02-11,1331,45038,843,20796,488,24242,0,0,655,21919,673,11543,655,33462,California
San Luis Obispo,2021-02-12,781,45819,362,21158,419,24661,0,0,413,21963,369,11912,413,33875,California
San Luis Obispo,2021-02-13,386,46205,124,21282,262,24923,0,0,280,22138,105,12017,280,34155,California
San Luis Obispo,2021-02-14,316,46521,42,21324,274,25197,0,0,279,22381,37,12054,280,34435,California
San Luis Obispo,2021-02-15,722,47243,137,21461,585,25782,0,0,466,22594,253,12307,466,34901,California
San Luis Obispo,2021-02-16,2960,50203,1193,22654,1767,27549,0,0,1358,22356,1596,13903,1358,36259,California
San Luis Obispo,2021-02-17,2771,52974,1237,23891,1534,29083,0,0,1029,21651,1734,15637,1029,37288,California
San Luis Obispo,2021-02-18,2809,55783,1445,25336,1364,30447,0,0,1120,21091,1681,17318,1121,38409,California
San Luis Obispo,2021-02-19,1451,57234,1332,26668,119,30566,0,0,1130,21901,320,17638,1130,39539,California
San Luis Obispo,2021-02-20,245,57479,77,26745,168,30734,0,0,210,22076,35,17673,210,39749,California
San Luis Obispo,2021-02-21,47,57526,44,26789,3,30737,0,0,28,22085,19,17692,28,39777,California
San Luis Obispo,2021-02-22,2402,59928,1858,28647,544,31281,0,0,1461,22606,941,18633,1462,41239,California
San Luis Obispo,2021-02-23,1854,61782,1740,30387,114,31395,0,0,1366,23485,487,19120,1366,42605,California
San Luis Obispo,2021-02-24,2641,64423,1297,31684,1344,32739,0,0,834,22514,1805,20925,834,43439,California
San Luis Obispo,2021-02-25,2118,66541,1235,32919,883,33622,0,0,1200,22804,911,21836,1201,44640,California
San Luis Obispo,2021-02-26,2612,69153,1133,34052,1479,35101,0,0,1307,22810,1301,23137,1307,45947,California
San Luis Obispo,2021-02-27,566,69719,343,34395,223,35324,0,0,519,23282,47,23184,519,46466,California
San Luis Obispo,2021-02-28,195,69914,72,34467,123,35447,0,0,162,23415,29,23213,162,46628,California
San Luis Obispo,2021-03-01,2950,72864,1837,36304,1112,36559,1,1,2032,24531,918,24131,2034,48662,California
San Luis Obispo,2021-03-02,2943,75807,1854,38158,1089,37648,0,1,1826,25243,1115,25246,1827,50489,California
San Luis Obispo,2021-03-03,2238,78045,324,38482,1914,39562,0,1,796,24604,1436,26682,797,51286,California
San Luis Obispo,2021-03-04,2156,80201,1138,39620,1018,40580,0,1,1159,24770,995,27677,1161,52447,California
San Luis Obispo,2021-03-05,2286,82487,1012,40632,1204,41784,70,71,1283,25134,989,28666,1353,53800,California
San Luis Obispo,2021-03-06,822,83309,305,40937,415,42199,102,173,609,25626,213,28879,705,54505,California
San Luis Obispo,2021-03-07,198,83507,31,40968,83,42282,84,257,69,25652,128,29007,154,54659,California
San Luis Obispo,2021-03-08,2720,86227,751,41719,1655,43937,314,571,1537,26322,1181,30188,1851,56510,California
San Luis Obispo,2021-03-09,2906,89133,952,42671,1718,45655,236,807,1504,26665,1398,31586,1741,58251,California
San Luis Obispo,2021-03-10,3166,92299,1240,43911,1656,47311,270,1077,1802,27376,1361,32947,2072,60323,California
San Luis Obispo,2021-03-11,3041,95340,1264,45175,1477,48788,300,1377,1665,27969,1371,34318,1964,62287,California
San Luis Obispo,2021-03-12,3100,98440,1277,46452,1480,50268,343,1720,1516,28254,1577,35895,1862,64149,California
San Luis Obispo,2021-03-13,752,99192,254,46706,390,50658,108,1828,422,28453,330,36225,529,64678,California
San Luis Obispo,2021-03-14,511,99703,55,46761,345,51003,111,1939,137,28328,373,36598,248,64926,California
San Luis Obispo,2021-03-15,3047,102750,1098,47859,1852,52855,97,2036,1528,28437,1516,38114,1625,66551,California
San Luis Obispo,2021-03-16,2818,105568,1500,49359,1219,54074,99,2135,1437,28597,1375,39489,1535,68086,California
San Luis Obispo,2021-03-17,3393,108961,1450,50809,1683,55757,260,2395,1955,29379,1433,40922,2215,70301,California
San Luis Obispo,2021-03-18,2694,111655,1438,52247,1062,56819,194,2589,1249,29379,1443,42365,1443,71744,California
San Luis Obispo,2021-03-19,2559,114214,1563,53810,674,57493,322,2911,940,29027,1616,43981,1264,73008,California
San Luis Obispo,2021-03-20,825,115039,494,54304,295,57788,36,2947,378,28995,446,44427,414,73422,California
San Luis Obispo,2021-03-21,180,115219,42,54346,135,57923,3,2950,152,29122,28,44455,155,73577,California
San Luis Obispo,2021-03-22,2675,117894,1170,55516,1458,59381,47,2997,1861,30220,810,45265,1908,75485,California
San Luis Obispo,2021-03-23,3355,121249,2213,57729,1124,60505,18,3015,2263,31414,1087,46352,2281,77766,California
San Luis Obispo,2021-03-24,3397,124646,2082,59811,1245,61750,70,3085,2557,33205,836,47188,2627,80393,California
San Luis Obispo,2021-03-25,3574,128220,2279,62090,1284,63034,11,3096,2566,34775,1007,48195,2577,82970,California
San Luis Obispo,2021-03-26,3108,131328,1754,63844,932,63966,422,3518,1734,35560,1370,49565,2155,85125,California
San Luis Obispo,2021-03-27,985,132313,503,64347,386,64352,96,3614,445,35563,538,50103,541,85666,California
San Luis Obispo,2021-03-28,442,132755,152,64499,234,64586,56,3670,244,35665,198,50301,300,85966,California
San Luis Obispo,2021-03-29,2575,135330,1273,65772,1168,65754,134,3804,1657,36549,907,51208,1791,87757,California
San Luis Obispo,2021-03-30,3495,138825,1908,67680,1444,67198,143,3947,2349,37896,1143,52351,2490,90247,California
San Luis Obispo,2021-03-31,3805,142630,2444,70124,1216,68414,145,4092,2463,39171,1333,53684,2608,92855,California
San Luis Obispo,2021-04-01,3777,146407,2412,72536,1281,69695,84,4176,2680,40845,1089,54773,2763,95618,California
San Luis Obispo,2021-04-02,1698,148105,679,73215,717,70412,302,4478,915,41279,783,55556,1217,96835,California
San Luis Obispo,2021-04-03,1077,149182,551,73766,408,70820,118,4596,475,41275,597,56153,593,97428,California
San Luis Obispo,2021-04-04,377,149559,130,73896,208,71028,39,4635,231,41399,146,56299,270,97698,California
San Luis Obispo,2021-04-05,3566,153125,1945,75841,1520,72548,101,4736,2046,42026,1519,57818,2146,99844,California
San Luis Obispo,2021-04-06,3981,157106,2148,77989,1544,74092,289,5025,1953,42249,2020,59838,2243,102087,California
San Luis Obispo,2021-04-07,4075,161181,2213,80202,1589,75681,273,5298,2393,43242,1671,61509,2664,104751,California
San Luis Obispo,2021-04-08,3777,164958,2065,82267,1347,77028,365,5663,2062,43961,1708,63217,2427,107178,California
San Luis Obispo,2021-04-09,3140,168098,1445,83712,1056,78084,639,6302,1352,44170,1780,64997,1989,109167,California
San Luis Obispo,2021-04-10,1395,169493,528,84240,301,78385,566,6868,440,44219,950,65947,999,110166,California
San Luis Obispo,2021-04-11,332,169825,98,84338,179,78564,55,6923,159,44261,172,66119,214,110380,California
San Luis Obispo,2021-04-12,2606,172431,1350,85688,1128,79692,128,7051,1182,44153,1422,67541,1314,111694,California
San Luis Obispo,2021-04-13,470,172901,56,85744,410,80102,4,7055,269,44225,197,67738,269,111963,California
San Mateo,2020-12-15,25,25,25,25,0,0,0,0,25,25,0,0,25,25,California
San Mateo,2020-12-16,109,134,109,134,0,0,0,0,109,134,0,0,109,134,California
San Mateo,2020-12-17,162,296,162,296,0,0,0,0,162,296,0,0,162,296,California
San Mateo,2020-12-18,741,1037,739,1035,2,2,0,0,740,1035,1,1,740,1036,California
San Mateo,2020-12-19,508,1545,508,1543,0,2,0,0,508,1543,0,1,508,1544,California
San Mateo,2020-12-20,508,2053,507,2050,1,3,0,0,508,2051,0,1,508,2052,California
San Mateo,2020-12-21,1151,3204,1151,3201,0,3,0,0,1151,3202,0,1,1151,3203,California
San Mateo,2020-12-22,1513,4717,1506,4707,7,10,0,0,1513,4715,0,1,1513,4716,California
San Mateo,2020-12-23,1573,6290,1387,6094,186,196,0,0,1573,6288,0,1,1573,6289,California
San Mateo,2020-12-24,867,7157,610,6704,257,453,0,0,867,7155,0,1,867,7156,California
San Mateo,2020-12-25,114,7271,110,6814,4,457,0,0,114,7269,0,1,114,7270,California
San Mateo,2020-12-26,560,7831,417,7231,143,600,0,0,560,7829,0,1,560,7830,California
San Mateo,2020-12-27,305,8136,175,7406,130,730,0,0,305,8134,0,1,305,8135,California
San Mateo,2020-12-28,1048,9184,702,8108,346,1076,0,0,1048,9182,0,1,1048,9183,California
San Mateo,2020-12-29,1125,10309,704,8812,421,1497,0,0,1125,10307,0,1,1125,10308,California
San Mateo,2020-12-30,1265,11574,763,9575,502,1999,0,0,1265,11572,0,1,1265,11573,California
San Mateo,2020-12-31,718,12292,233,9808,485,2484,0,0,717,12288,1,2,717,12290,California
San Mateo,2021-01-01,35,12327,30,9838,5,2489,0,0,35,12323,0,2,35,12325,California
San Mateo,2021-01-02,397,12724,268,10106,129,2618,0,0,397,12720,0,2,397,12722,California
San Mateo,2021-01-03,283,13007,208,10314,75,2693,0,0,280,12997,3,5,280,13002,California
San Mateo,2021-01-04,1054,14061,681,10995,373,3066,0,0,1054,14051,0,5,1054,14056,California
San Mateo,2021-01-05,1194,15255,703,11698,491,3557,0,0,1166,15190,28,33,1167,15223,California
San Mateo,2021-01-06,1445,16700,948,12646,497,4054,0,0,1266,16281,176,209,1267,16490,California
San Mateo,2021-01-07,1449,18149,805,13451,644,4698,0,0,1162,17164,280,489,1163,17653,California
San Mateo,2021-01-08,1834,19983,1188,14639,646,5344,0,0,1136,17610,691,1180,1137,18790,California
San Mateo,2021-01-09,1174,21157,773,15412,401,5745,0,0,720,17876,454,1634,720,19510,California
San Mateo,2021-01-10,697,21854,569,15981,128,5873,0,0,262,17703,435,2069,262,19772,California
San Mateo,2021-01-11,2580,24434,1477,17458,1103,6976,0,0,1522,18167,1059,3128,1523,21295,California
San Mateo,2021-01-12,3276,27710,1771,19229,1505,8481,0,0,2095,19085,1179,4307,2097,23392,California
San Mateo,2021-01-13,3466,31176,1748,20977,1718,10199,0,0,2434,20490,1032,5339,2437,25829,California
San Mateo,2021-01-14,3774,34950,1581,22558,2193,12392,0,0,3089,22900,685,6024,3095,28924,California
San Mateo,2021-01-15,4328,39278,1709,24267,2619,15011,0,0,3801,26177,525,6549,3802,32726,California
San Mateo,2021-01-16,3072,42350,774,25041,2298,17309,0,0,2753,28611,319,6868,2753,35479,California
San Mateo,2021-01-17,1309,43659,309,25350,1000,18309,0,0,1101,29504,208,7076,1101,36580,California
San Mateo,2021-01-18,1361,45020,530,25880,831,19140,0,0,988,30126,370,7446,992,37572,California
San Mateo,2021-01-19,2797,47817,1782,27662,1015,20155,0,0,2008,31347,787,8233,2008,39580,California
San Mateo,2021-01-20,2656,50473,1405,29067,1251,21406,0,0,1809,32313,844,9077,1810,41390,California
San Mateo,2021-01-21,2820,53293,1280,30347,1540,22946,0,0,2239,33975,580,9657,2242,43632,California
San Mateo,2021-01-22,2794,56087,1130,31477,1664,24610,0,0,2495,36174,297,9954,2496,46128,California
San Mateo,2021-01-23,2880,58967,1686,33163,1194,25804,0,0,2519,38333,361,10315,2520,48648,California
San Mateo,2021-01-24,1521,60488,374,33537,1147,26951,0,0,1211,39235,309,10624,1211,49859,California
San Mateo,2021-01-25,4426,64914,3147,36684,1279,28230,0,0,3533,41879,891,11515,3535,53394,California
San Mateo,2021-01-26,4284,69198,2979,39663,1305,29535,0,0,3384,44364,899,12414,3384,56778,California
San Mateo,2021-01-27,2773,71971,1457,41120,1316,30851,0,0,1783,45164,984,13398,1784,58562,California
San Mateo,2021-01-28,2781,74752,1342,42462,1439,32290,0,0,1936,46270,830,14228,1936,60498,California
San Mateo,2021-01-29,2967,77719,1327,43789,1640,33930,0,0,2138,47585,826,15054,2141,62639,California
San Mateo,2021-01-30,3368,81087,1470,45259,1898,35828,0,0,2912,50043,455,15509,2913,65552,California
San Mateo,2021-01-31,1684,82771,898,46157,786,36614,0,0,1522,51405,160,15669,1522,67074,California
San Mateo,2021-02-01,2919,85690,1341,47498,1578,38192,0,0,2213,52916,703,16372,2214,69288,California
San Mateo,2021-02-02,3156,88846,1723,49221,1433,39625,0,0,2147,54057,1006,17378,2147,71435,California
San Mateo,2021-02-03,4871,93717,1942,51163,2929,42554,0,0,3822,56834,1046,18424,3823,75258,California
San Mateo,2021-02-04,6275,99992,2582,53745,3693,46247,0,0,4919,60406,1350,19774,4922,80180,California
San Mateo,2021-02-05,6778,106770,2549,56294,4229,50476,0,0,4953,63552,1808,21582,4954,85134,California
San Mateo,2021-02-06,3281,110051,1919,58213,1362,51838,0,0,2619,65515,661,22243,2624,87758,California
San Mateo,2021-02-07,1894,111945,1341,59554,553,52391,0,0,1707,67036,187,22430,1708,89466,California
San Mateo,2021-02-08,5271,117216,2241,61795,3030,55421,0,0,3100,68028,2108,24538,3100,92566,California
San Mateo,2021-02-09,6167,123383,3218,65013,2949,58370,0,0,3333,68531,2830,27368,3333,95899,California
San Mateo,2021-02-10,6485,129868,3271,68284,3214,61584,0,0,3534,69123,2942,30310,3534,99433,California
San Mateo,2021-02-11,7017,136885,3563,71847,3454,65038,0,0,3807,69731,3202,33512,3810,103243,California
San Mateo,2021-02-12,6612,143497,2950,74797,3662,68700,0,0,4706,72538,1902,35414,4709,107952,California
San Mateo,2021-02-13,6079,149576,3987,78784,2092,70792,0,0,2637,71737,3438,38852,2637,110589,California
San Mateo,2021-02-14,4628,154204,3015,81799,1613,72405,0,0,1977,71067,2648,41500,1978,112567,California
San Mateo,2021-02-15,3157,157361,1455,83254,1702,74107,0,0,1785,71484,1369,42869,1786,114353,California
San Mateo,2021-02-16,7138,164499,1866,85120,5272,79379,0,0,5274,74899,1863,44732,5278,119631,California
San Mateo,2021-02-17,7045,171544,1929,87049,5116,84495,0,0,5061,77983,1979,46711,5063,124694,California
San Mateo,2021-02-18,6672,178216,4620,91669,2052,86547,0,0,4437,80190,2232,48943,4439,129133,California
San Mateo,2021-02-19,7807,186023,5605,97274,2202,88749,0,0,5822,84034,1979,50922,5823,134956,California
San Mateo,2021-02-20,3728,189751,2411,99685,1317,90066,0,0,2309,84930,1413,52335,2309,137265,California
San Mateo,2021-02-21,2292,192043,1452,101137,840,90906,0,0,1248,85139,1040,53375,1249,138514,California
San Mateo,2021-02-22,4407,196450,3185,104322,1222,92128,0,0,2780,86299,1621,54996,2781,141295,California
San Mateo,2021-02-23,4281,200731,3042,107364,1239,93367,0,0,2485,86993,1791,56787,2485,143780,California
San Mateo,2021-02-24,7271,208002,3249,110613,4022,97389,0,0,4853,89433,2413,59200,4853,148633,California
San Mateo,2021-02-25,9043,217045,3998,114611,5045,102434,0,0,6002,92409,3026,62226,6002,154635,California
San Mateo,2021-02-26,9733,226778,3698,118309,6035,108469,0,0,6819,96327,2902,65128,6820,161455,California
San Mateo,2021-02-27,6677,233455,3410,121719,3266,111735,1,1,3630,96922,3042,68170,3637,165092,California
San Mateo,2021-02-28,4118,237573,2496,124215,1622,113357,0,1,2552,97913,1562,69732,2553,167645,California
San Mateo,2021-03-01,5615,243188,3508,127723,2107,115464,0,1,2775,97857,2831,72563,2775,170420,California
San Mateo,2021-03-02,5723,248911,3944,131667,1778,117242,1,2,3294,98734,2419,74982,3296,173716,California
San Mateo,2021-03-03,8163,257074,3827,135494,4335,121577,1,3,3483,97547,4671,79653,3484,177200,California
San Mateo,2021-03-04,8333,265407,3921,139415,4410,125987,2,5,3777,96787,4542,84195,3782,180982,California
San Mateo,2021-03-05,9044,274451,5971,145386,3070,129057,3,8,6392,100554,2632,86827,6399,187381,California
San Mateo,2021-03-06,7805,282256,5406,150792,2223,131280,176,184,5704,104339,2094,88921,5879,193260,California
San Mateo,2021-03-07,3439,285695,2285,153077,1087,132367,67,251,1980,104930,1456,90377,2047,195307,California
San Mateo,2021-03-08,4370,290065,2440,155517,1731,134098,199,450,3172,107110,1192,91569,3372,198679,California
San Mateo,2021-03-09,4501,294566,2101,157618,2129,136227,271,721,2968,108823,1526,93095,3239,201918,California
San Mateo,2021-03-10,6929,301495,2629,160247,4017,140244,283,1004,4594,111376,2323,95418,4876,206794,California
San Mateo,2021-03-11,9106,310601,5704,165951,3023,143267,379,1383,3723,110119,5358,100776,4101,210895,California
San Mateo,2021-03-12,10405,321006,6576,172527,3465,146732,364,1747,3472,107034,6922,107698,3837,214732,California
San Mateo,2021-03-13,8013,329019,3395,175922,2993,149725,1625,3372,3871,108392,4134,111832,5492,220224,California
San Mateo,2021-03-14,4910,333929,3295,179217,1508,151233,107,3479,2906,109405,1999,113831,3012,223236,California
San Mateo,2021-03-15,7093,341022,4559,183776,2360,153593,174,3653,3753,109997,3335,117166,3927,227163,California
San Mateo,2021-03-16,11844,352866,4336,188112,7386,160979,122,3775,4815,107925,7012,124178,4940,232103,California
San Mateo,2021-03-17,10721,363587,4347,192459,6250,167229,124,3899,4830,107014,5869,130047,4958,237061,California
San Mateo,2021-03-18,7156,370743,3998,196457,2974,170203,184,4083,4248,108541,2905,132952,4432,241493,California
San Mateo,2021-03-19,7318,378061,4699,201156,1955,172158,664,4747,3584,109063,3727,136679,4249,245742,California
San Mateo,2021-03-20,8213,386274,6406,207562,1474,173632,333,5080,5349,111896,2849,139528,5682,251424,California
San Mateo,2021-03-21,4126,390400,3120,210682,774,174406,232,5312,2329,112664,1788,141316,2556,253980,California
San Mateo,2021-03-22,5170,395570,3520,214202,1231,175637,419,5731,2822,113569,2336,143652,3241,257221,California
San Mateo,2021-03-23,9722,405292,4416,218618,5112,180749,194,5925,4632,113329,5067,148719,4827,262048,California
San Mateo,2021-03-24,9387,414679,5408,224026,3839,184588,140,6065,4102,112339,5231,153950,4241,266289,California
San Mateo,2021-03-25,9867,424546,4819,228845,4795,189383,253,6318,4336,111498,5432,159382,4591,270880,California
San Mateo,2021-03-26,11058,435604,7625,236470,3271,192654,162,6480,4400,109437,6623,166005,4562,275442,California
San Mateo,2021-03-27,10345,445949,7905,244375,2334,194988,106,6586,4628,108471,5697,171702,4731,280173,California
San Mateo,2021-03-28,4187,450136,2701,247076,1375,196363,111,6697,2089,108582,2090,173792,2201,282374,California
San Mateo,2021-03-29,5973,456109,3722,250798,2001,198364,250,6947,2828,108532,3128,176920,3078,285452,California
San Mateo,2021-03-30,7009,463118,3965,254763,2895,201259,149,7096,4455,110595,2542,179462,4605,290057,California
San Mateo,2021-03-31,7146,470264,4523,259286,2486,203745,137,7233,4094,111786,3040,182502,4231,294288,California
San Mateo,2021-04-01,10310,480574,5043,264329,4089,207834,1178,8411,5548,113782,4729,187231,6725,301013,California
San Mateo,2021-04-02,10543,491117,5029,269358,3952,211786,1562,9973,5546,115911,4979,192210,7108,308121,California
San Mateo,2021-04-03,9545,500662,5411,274769,2414,214200,1720,11693,4802,117700,4735,196945,6524,314645,California
San Mateo,2021-04-04,5283,505945,2539,277308,1539,215739,1205,12898,1657,116946,3616,200561,2862,317507,California
San Mateo,2021-04-05,8849,514794,4695,282003,2428,218167,1726,14624,3815,117462,5025,205586,5541,323048,California
San Mateo,2021-04-06,12706,527500,7772,289775,3061,221228,1873,16497,7102,120847,5593,211179,8978,332026,California
San Mateo,2021-04-07,11366,538866,5217,294992,4458,225686,1691,18188,4846,120876,6504,217683,6533,338559,California
San Mateo,2021-04-08,9702,548568,4763,299755,2389,228075,2550,20738,4255,122243,5432,223115,6799,345358,California
San Mateo,2021-04-09,9988,558556,4711,304466,3118,231193,2159,22897,4569,123565,5404,228519,6726,352084,California
San Mateo,2021-04-10,9863,568419,5000,309466,3497,234690,1366,24263,3944,122969,5906,234425,5310,357394,California
San Mateo,2021-04-11,6398,574817,3171,312637,900,235590,2327,26590,2295,123488,4101,238526,4620,362014,California
San Mateo,2021-04-12,5939,580756,3238,315875,1817,237407,884,27474,3035,124520,2887,241413,3919,365933,California
San Mateo,2021-04-13,4176,584932,2229,318104,1941,239348,6,27480,2273,124900,1901,243314,2281,368214,California
Santa Barbara,2020-12-15,2,2,2,2,0,0,0,0,2,2,0,0,2,2,California
Santa Barbara,2020-12-16,2,4,2,4,0,0,0,0,2,4,0,0,2,4,California
Santa Barbara,2020-12-17,53,57,53,57,0,0,0,0,53,57,0,0,53,57,California
Santa Barbara,2020-12-18,378,435,377,434,1,1,0,0,378,435,0,0,378,435,California
Santa Barbara,2020-12-19,325,760,325,759,0,1,0,0,325,760,0,0,325,760,California
Santa Barbara,2020-12-20,235,995,235,994,0,1,0,0,235,995,0,0,235,995,California
Santa Barbara,2020-12-21,651,1646,649,1643,2,3,0,0,651,1646,0,0,651,1646,California
Santa Barbara,2020-12-22,243,1889,241,1884,2,5,0,0,243,1889,0,0,243,1889,California
Santa Barbara,2020-12-23,320,2209,202,2086,118,123,0,0,320,2209,0,0,320,2209,California
Santa Barbara,2020-12-24,87,2296,40,2126,47,170,0,0,87,2296,0,0,87,2296,California
Santa Barbara,2020-12-26,326,2622,66,2192,260,430,0,0,326,2622,0,0,326,2622,California
Santa Barbara,2020-12-27,62,2684,1,2193,61,491,0,0,62,2684,0,0,62,2684,California
Santa Barbara,2020-12-28,353,3037,220,2413,133,624,0,0,353,3037,0,0,353,3037,California
Santa Barbara,2020-12-29,552,3589,360,2773,192,816,0,0,552,3589,0,0,552,3589,California
Santa Barbara,2020-12-30,584,4173,404,3177,180,996,0,0,584,4173,0,0,584,4173,California
Santa Barbara,2020-12-31,238,4411,112,3289,126,1122,0,0,238,4411,0,0,238,4411,California
Santa Barbara,2021-01-01,108,4519,107,3396,1,1123,0,0,108,4519,0,0,108,4519,California
Santa Barbara,2021-01-02,586,5105,223,3619,363,1486,0,0,586,5105,0,0,586,5105,California
Santa Barbara,2021-01-03,23,5128,15,3634,8,1494,0,0,23,5128,0,0,23,5128,California
Santa Barbara,2021-01-04,307,5435,244,3878,63,1557,0,0,306,5434,0,0,306,5434,California
Santa Barbara,2021-01-05,751,6186,378,4256,373,1930,0,0,724,6131,27,27,724,6158,California
Santa Barbara,2021-01-06,654,6840,274,4530,380,2310,0,0,595,6668,58,85,595,6753,California
Santa Barbara,2021-01-07,1029,7869,706,5236,323,2633,0,0,524,6691,501,586,524,7277,California
Santa Barbara,2021-01-08,1203,9072,840,6076,363,2996,0,0,709,6906,494,1080,709,7986,California
Santa Barbara,2021-01-09,567,9639,293,6369,274,3270,0,0,321,6981,246,1326,321,8307,California
Santa Barbara,2021-01-10,62,9701,50,6419,12,3282,0,0,46,7011,16,1342,46,8353,California
Santa Barbara,2021-01-11,837,10538,668,7087,169,3451,0,0,614,7403,222,1564,614,8967,California
Santa Barbara,2021-01-12,1427,11965,634,7721,793,4244,0,0,1271,8518,156,1720,1271,10238,California
Santa Barbara,2021-01-13,1226,13191,280,8001,946,5190,0,0,1100,9492,126,1846,1100,11338,California
Santa Barbara,2021-01-14,1247,14438,134,8135,1113,6303,0,0,1193,10633,53,1899,1194,12532,California
Santa Barbara,2021-01-15,1798,16236,418,8553,1380,7683,0,0,1718,12272,79,1978,1718,14250,California
Santa Barbara,2021-01-16,1273,17509,202,8755,1071,8754,0,0,1234,13468,38,2016,1234,15484,California
Santa Barbara,2021-01-17,123,17632,20,8775,103,8857,0,0,120,13585,3,2019,120,15604,California
Santa Barbara,2021-01-18,1147,18779,417,9192,730,9587,0,0,962,14362,185,2204,962,16566,California
Santa Barbara,2021-01-19,1635,20414,566,9758,1069,10656,0,0,1356,15440,278,2482,1356,17922,California
Santa Barbara,2021-01-20,1986,22400,444,10202,1542,12198,0,0,1694,16843,291,2773,1694,19616,California
Santa Barbara,2021-01-21,3085,25485,1817,12019,1268,13466,0,0,2930,19619,155,2928,2931,22547,California
Santa Barbara,2021-01-22,2999,28484,1851,13870,1148,14614,0,0,2854,22331,142,3070,2854,25401,California
Santa Barbara,2021-01-23,1735,30219,1107,14977,628,15242,0,0,1226,23049,508,3578,1226,26627,California
Santa Barbara,2021-01-24,844,31063,753,15730,91,15333,0,0,836,23877,8,3586,836,27463,California
Santa Barbara,2021-01-25,1235,32298,496,16226,739,16072,0,0,999,24640,236,3822,999,28462,California
Santa Barbara,2021-01-26,2037,34335,462,16688,1575,17647,0,0,1652,25910,383,4205,1653,30115,California
Santa Barbara,2021-01-27,1154,35489,398,17086,756,18403,0,0,899,26556,254,4459,900,31015,California
Santa Barbara,2021-01-28,888,36377,293,17379,595,18998,0,0,677,27025,208,4667,677,31692,California
Santa Barbara,2021-01-29,1333,37710,539,17918,794,19792,0,0,980,27657,350,5017,982,32674,California
Santa Barbara,2021-01-30,1889,39599,1418,19336,471,20263,0,0,1485,28742,401,5418,1486,34160,California
Santa Barbara,2021-01-31,1459,41058,1221,20557,238,20501,0,0,1420,30123,39,5457,1420,35580,California
Santa Barbara,2021-02-01,933,41991,517,21074,416,20917,0,0,546,30282,387,5844,546,36126,California
Santa Barbara,2021-02-02,1813,43804,697,21771,1116,22033,0,0,1038,30547,773,6617,1038,37164,California
Santa Barbara,2021-02-03,1941,45745,1076,22847,865,22898,0,0,1500,31616,431,7048,1500,38664,California
Santa Barbara,2021-02-04,2775,48520,1860,24707,915,23813,0,0,2480,33806,290,7338,2480,41144,California
Santa Barbara,2021-02-05,2906,51426,2060,26767,846,24659,0,0,2262,35425,643,7981,2262,43406,California
Santa Barbara,2021-02-06,1208,52634,339,27106,869,25528,0,0,797,35811,411,8392,797,44203,California
Santa Barbara,2021-02-07,298,52932,262,27368,36,25564,0,0,264,36042,33,8425,264,44467,California
Santa Barbara,2021-02-08,956,53888,312,27680,644,26208,0,0,670,36426,286,8711,670,45137,California
Santa Barbara,2021-02-09,2443,56331,315,27995,2128,28336,0,0,1123,36238,1311,10022,1123,46260,California
Santa Barbara,2021-02-10,2757,59088,1494,29489,1263,29599,0,0,800,35089,1949,11971,800,47060,California
Santa Barbara,2021-02-11,4174,63262,2803,32292,1371,30970,0,0,617,32154,3552,15523,617,47677,California
Santa Barbara,2021-02-12,3303,66565,947,33239,2356,33326,0,0,769,30394,2529,18052,769,48446,California
Santa Barbara,2021-02-13,1238,67803,341,33580,897,34223,0,0,563,30285,672,18724,563,49009,California
Santa Barbara,2021-02-14,330,68133,34,33614,296,34519,0,0,284,30523,46,18770,284,49293,California
Santa Barbara,2021-02-15,962,69095,338,33952,624,35143,0,0,490,30545,468,19238,490,49783,California
Santa Barbara,2021-02-16,2110,71205,395,34347,1715,36858,0,0,719,29877,1387,20625,719,50502,California
Santa Barbara,2021-02-17,1430,72635,316,34663,1114,37972,0,0,515,29479,913,21538,515,51017,California
Santa Barbara,2021-02-18,3250,75885,2646,37309,604,38576,0,0,1520,29303,1696,23234,1520,52537,California
Santa Barbara,2021-02-19,3603,79488,2649,39958,954,39530,0,0,2334,30371,1266,24500,2334,54871,California
Santa Barbara,2021-02-20,2219,81707,1432,41390,787,40317,0,0,1667,31495,543,25043,1667,56538,California
Santa Barbara,2021-02-21,126,81833,99,41489,27,40344,0,0,58,31485,68,25111,58,56596,California
Santa Barbara,2021-02-22,935,82768,243,41732,692,41036,0,0,261,31079,667,25778,261,56857,California
Santa Barbara,2021-02-23,3178,85946,1043,42775,2135,43171,0,0,423,28750,2753,28531,424,57281,California
Santa Barbara,2021-02-24,3188,89134,1088,43863,2100,45271,0,0,719,27009,2460,30991,719,58000,California
Santa Barbara,2021-02-25,3448,92582,1913,45776,1535,46806,0,0,984,25537,2457,33448,985,58985,California
Santa Barbara,2021-02-26,3654,96236,2169,47945,1485,48291,0,0,1975,25839,1673,35121,1975,60960,California
Santa Barbara,2021-02-27,1526,97762,561,48506,965,49256,0,0,847,26014,674,35795,849,61809,California
Santa Barbara,2021-02-28,1077,98839,216,48722,861,50117,0,0,887,26716,186,35981,888,62697,California
Santa Barbara,2021-03-01,1612,100451,456,49178,1156,51273,0,0,1076,27260,533,36514,1077,63774,California
Santa Barbara,2021-03-02,2513,102964,397,49575,2116,53389,0,0,2028,28814,475,36989,2029,65803,California
Santa Barbara,2021-03-03,4589,107553,2088,51663,2499,55888,2,2,3998,32235,581,37570,4002,69805,California
Santa Barbara,2021-03-04,3391,110944,2270,53933,1121,57009,0,2,2844,34538,541,38111,2844,72649,California
Santa Barbara,2021-03-05,3796,114740,2146,56079,1591,58600,59,61,3077,36961,713,38824,3136,75785,California
Santa Barbara,2021-03-06,2423,117163,718,56797,1492,60092,213,274,1667,38086,754,39578,1879,77664,California
Santa Barbara,2021-03-07,559,117722,122,56919,308,60400,129,403,382,38422,176,39754,512,78176,California
Santa Barbara,2021-03-08,1568,119290,370,57289,856,61256,342,745,789,38779,773,40527,1130,79306,California
Santa Barbara,2021-03-09,2765,122055,322,57611,1674,62930,769,1514,719,38220,2044,42571,1485,80791,California
Santa Barbara,2021-03-10,2747,124802,540,58151,1160,64090,1047,2561,1031,38586,1712,44283,2078,82869,California
Santa Barbara,2021-03-11,5548,130350,3027,61178,1419,65509,1102,3663,2266,38682,3270,47553,3366,86235,California
Santa Barbara,2021-03-12,3603,133953,2084,63262,1103,66612,416,4079,2167,39836,1429,48982,2583,88818,California
Santa Barbara,2021-03-13,3432,137385,1908,65170,1319,67931,205,4284,2686,41984,744,49726,2892,91710,California
Santa Barbara,2021-03-14,762,138147,360,65530,345,68276,57,4341,447,42173,315,50041,504,92214,California
Santa Barbara,2021-03-15,2091,140238,689,66219,1113,69389,289,4630,1258,42887,831,50872,1545,93759,California
Santa Barbara,2021-03-16,3714,143952,1165,67384,2208,71597,341,4971,2731,44979,980,51852,3072,96831,California
Santa Barbara,2021-03-17,3270,147222,965,68349,1905,73502,400,5371,2285,46680,983,52835,2684,99515,California
Santa Barbara,2021-03-18,4318,151540,2781,71130,1337,74839,200,5571,3120,48812,1188,54023,3320,102835,California
Santa Barbara,2021-03-19,4415,155955,2755,73885,1329,76168,331,5902,3023,50781,1386,55409,3355,106190,California
Santa Barbara,2021-03-20,2146,158101,819,74704,1318,77486,9,5911,1312,51270,832,56241,1321,107511,California
Santa Barbara,2021-03-21,1143,159244,375,75079,739,78225,29,5940,821,51800,320,56561,850,108361,California
Santa Barbara,2021-03-22,2761,162005,1903,76982,815,79040,43,5983,2213,53514,542,57103,2256,110617,California
Santa Barbara,2021-03-23,4447,166452,2236,79218,2114,81154,97,6080,3691,56554,747,57850,3787,114404,California
Santa Barbara,2021-03-24,5361,171813,3138,82356,1490,82644,733,6813,2939,57822,2403,60253,3671,118075,California
Santa Barbara,2021-03-25,5479,177292,3259,85615,2039,84683,181,6994,2730,57998,2735,62988,2911,120986,California
Santa Barbara,2021-03-26,5060,182352,3215,88830,1548,86231,297,7291,2225,57702,2818,65806,2522,123508,California
Santa Barbara,2021-03-27,2925,185277,1220,90050,1663,87894,42,7333,1598,58019,1322,67128,1639,125147,California
Santa Barbara,2021-03-28,2763,188040,1650,91700,1085,88979,28,7361,1883,59053,877,68005,1911,127058,California
Santa Barbara,2021-03-29,4040,192080,2089,93789,1882,90861,69,7430,3237,61561,798,68803,3306,130364,California
Santa Barbara,2021-03-30,6774,198854,3501,97290,3126,93987,147,7577,4556,64059,2204,71007,4702,135066,California
Santa Barbara,2021-03-31,8619,207473,5492,102782,3063,97050,64,7641,5083,65686,3521,74528,5148,140214,California
Santa Barbara,2021-04-01,6881,214354,5078,107860,1547,98597,256,7897,4051,67174,2817,77345,4305,144519,California
Santa Barbara,2021-04-02,6592,220946,4532,112392,1472,100069,588,8485,3392,67960,3193,80538,3979,148498,California
Santa Barbara,2021-04-03,3787,224733,2101,114493,1616,101685,70,8555,2494,69234,1289,81827,2563,151061,California
Santa Barbara,2021-04-04,892,225625,441,114934,413,102098,38,8593,494,69371,395,82222,532,151593,California
Santa Barbara,2021-04-05,3433,229058,2264,117198,911,103009,258,8851,2149,70498,1280,83502,2407,154000,California
Santa Barbara,2021-04-06,5159,234217,2747,119945,1889,104898,523,9374,3138,72149,2006,85508,3657,157657,California
Santa Barbara,2021-04-07,5690,239907,3084,123029,2069,106967,537,9911,3819,74629,1861,87369,4341,161998,California
Santa Barbara,2021-04-08,7053,246960,4803,127832,646,107613,1604,11515,3209,75600,3840,91209,4811,166809,California
Santa Barbara,2021-04-09,6636,253596,4464,132296,924,108537,1248,12763,2950,76117,3679,94888,4196,171005,California
Santa Barbara,2021-04-10,5767,259363,3895,136191,1302,109839,570,13333,3811,78546,1947,96835,4376,175381,California
Santa Barbara,2021-04-11,2439,261802,1768,137959,397,110236,274,13607,1659,79700,777,97612,1931,177312,California
Santa Barbara,2021-04-12,3726,265528,2365,140324,977,111213,384,13991,1501,79365,2218,99830,1883,179195,California
Santa Barbara,2021-04-13,3261,268789,2877,143201,373,111586,11,14002,1398,78923,1848,101678,1406,180601,California
Santa Clara,2020-12-15,64,64,64,64,0,0,0,0,64,64,0,0,64,64,California
Santa Clara,2020-12-16,135,199,135,199,0,0,0,0,135,199,0,0,135,199,California
Santa Clara,2020-12-17,388,587,388,587,0,0,0,0,388,587,0,0,388,587,California
Santa Clara,2020-12-18,1669,2256,1669,2256,0,0,0,0,1669,2256,0,0,1669,2256,California
Santa Clara,2020-12-19,2073,4329,2073,4329,0,0,0,0,2072,4328,0,0,2072,4328,California
Santa Clara,2020-12-20,1898,6227,1892,6221,6,6,0,0,1895,6223,0,0,1895,6223,California
Santa Clara,2020-12-21,2670,8897,2670,8891,0,6,0,0,2668,8891,0,0,2668,8891,California
Santa Clara,2020-12-22,3126,12023,3117,12008,9,15,0,0,3123,12014,0,0,3123,12014,California
Santa Clara,2020-12-23,3256,15279,3071,15079,185,200,0,0,3254,15268,0,0,3254,15268,California
Santa Clara,2020-12-24,1898,17177,1711,16790,187,387,0,0,1892,17159,1,1,1892,17160,California
Santa Clara,2020-12-25,343,17520,342,17132,1,388,0,0,343,17502,0,1,343,17503,California
Santa Clara,2020-12-26,1263,18783,1031,18163,232,620,0,0,1262,18764,0,1,1262,18765,California
Santa Clara,2020-12-27,646,19429,507,18670,139,759,0,0,646,19410,0,1,646,19411,California
Santa Clara,2020-12-28,2333,21762,1730,20400,603,1362,0,0,2333,21743,0,1,2333,21744,California
Santa Clara,2020-12-29,2325,24087,1464,21864,861,2223,0,0,2323,24066,0,1,2323,24067,California
Santa Clara,2020-12-30,2989,27076,1899,23763,1090,3313,0,0,2987,27051,2,3,2987,27054,California
Santa Clara,2020-12-31,1207,28283,389,24152,818,4131,0,0,1206,28256,1,4,1206,28260,California
Santa Clara,2021-01-01,137,28420,7,24159,130,4261,0,0,137,28393,0,4,137,28397,California
Santa Clara,2021-01-02,1081,29501,813,24972,268,4529,0,0,1081,29474,0,4,1081,29478,California
Santa Clara,2021-01-03,585,30086,370,25342,215,4744,0,0,580,30051,3,7,580,30058,California
Santa Clara,2021-01-04,2465,32551,1664,27006,801,5545,0,0,2463,32514,0,7,2463,32521,California
Santa Clara,2021-01-05,3057,35608,2002,29008,1055,6600,0,0,2870,35202,186,193,2874,35395,California
Santa Clara,2021-01-06,3314,38922,1953,30961,1361,7961,0,0,2740,37373,570,763,2741,38136,California
Santa Clara,2021-01-07,4215,43137,2553,33514,1662,9623,0,0,3152,39477,1053,1816,3157,41293,California
Santa Clara,2021-01-08,5840,48977,3820,37334,2020,11643,0,0,3788,41217,2048,3864,3788,45081,California
Santa Clara,2021-01-09,2966,51943,1860,39194,1106,12749,0,0,1685,41623,1281,5145,1687,46768,California
Santa Clara,2021-01-10,1951,53894,1506,40700,445,13194,0,0,741,41155,1209,6354,741,47509,California
Santa Clara,2021-01-11,5933,59827,3730,44430,2203,15397,0,0,3373,41974,2559,8913,3378,50887,California
Santa Clara,2021-01-12,6792,66619,3394,47824,3398,18795,0,0,4552,44289,2238,11151,4553,55440,California
Santa Clara,2021-01-13,7358,73977,3035,50859,4323,23118,0,0,5191,47317,2164,13315,5192,60632,California
Santa Clara,2021-01-14,8226,82203,2790,53649,5436,28554,0,0,6487,52071,1734,15049,6488,67120,California
Santa Clara,2021-01-15,9447,91650,2682,56331,6765,35319,0,0,8134,58899,1310,16359,8138,75258,California
Santa Clara,2021-01-16,4282,95932,1214,57545,3068,38387,0,0,3450,61522,827,17186,3450,78708,California
Santa Clara,2021-01-17,3211,99143,600,58145,2611,40998,0,0,2715,63741,496,17682,2715,81423,California
Santa Clara,2021-01-18,5090,104233,1150,59295,3940,44938,0,0,4537,67726,553,18235,4538,85961,California
Santa Clara,2021-01-19,8446,112679,2649,61944,5797,50735,0,0,6773,72836,1670,19905,6780,92741,California
Santa Clara,2021-01-20,7987,120666,4014,65958,3973,54708,0,0,6449,77752,1533,21438,6449,99190,California
Santa Clara,2021-01-21,8538,129204,3629,69587,4909,59617,0,0,7389,83996,1147,22585,7391,106581,California
Santa Clara,2021-01-22,8574,137778,3201,72788,5373,64990,0,0,8009,91443,564,23149,8011,114592,California
Santa Clara,2021-01-23,3779,141557,1685,74473,2094,67084,0,0,2822,93309,957,24106,2823,117415,California
Santa Clara,2021-01-24,2821,144378,1420,75893,1401,68485,0,0,2334,95158,485,24591,2334,119749,California
Santa Clara,2021-01-25,8358,152736,3776,79669,4582,73067,0,0,6304,99419,2047,26638,6308,126057,California
Santa Clara,2021-01-26,8233,160969,3760,83429,4473,77540,0,0,6125,103453,2098,28736,6132,132189,California
Santa Clara,2021-01-27,8666,169635,3799,87228,4867,82407,0,0,6753,108315,1892,30628,6754,138943,California
Santa Clara,2021-01-28,9411,179046,3766,90994,5645,88052,0,0,7463,113854,1928,32556,7467,146410,California
Santa Clara,2021-01-29,9469,188515,3918,94912,5551,93603,0,0,7311,119016,2150,34706,7312,153722,California
Santa Clara,2021-01-30,4160,192675,2057,96969,2103,95706,0,0,2959,120779,1197,35903,2960,156682,California
Santa Clara,2021-01-31,2165,194840,1301,98270,864,96570,0,0,1576,121769,586,36489,1576,158258,California
Santa Clara,2021-02-01,7828,202668,3480,101750,4348,100918,0,0,6141,126230,1681,38170,6142,164400,California
Santa Clara,2021-02-02,8070,210738,2867,104617,5203,106121,0,0,6086,130339,1980,40150,6089,170489,California
Santa Clara,2021-02-03,9192,219930,3482,108099,5710,111831,0,0,6926,135010,2261,42411,6932,177421,California
Santa Clara,2021-02-04,10552,230482,4106,112205,6446,118277,0,0,8276,141022,2267,44678,8279,185700,California
Santa Clara,2021-02-05,11895,242377,4335,116540,7560,125837,0,0,8440,146027,3440,48118,8445,194145,California
Santa Clara,2021-02-06,5162,247539,2800,119340,2362,128199,0,0,4007,148884,1152,49270,4009,198154,California
Santa Clara,2021-02-07,3471,251010,2346,121686,1125,129324,0,0,3021,151458,448,49718,3022,201176,California
Santa Clara,2021-02-08,9998,261008,3473,125159,6525,135849,0,0,7289,156053,2695,52413,7290,208466,California
Santa Clara,2021-02-09,10768,271776,3802,128961,6966,142815,0,0,7299,159896,3459,55872,7302,215768,California
Santa Clara,2021-02-10,12620,284396,4890,133851,7730,150545,0,0,6901,161093,5707,61579,6904,222672,California
Santa Clara,2021-02-11,13156,297552,4630,138481,8526,159071,0,0,7422,162797,5719,67298,7423,230095,California
Santa Clara,2021-02-12,14519,312071,4474,142955,10045,169116,0,0,7012,162323,7490,74788,7016,237111,California
Santa Clara,2021-02-13,6065,318136,1445,144400,4620,173736,0,0,2212,160689,3848,78636,2214,239325,California
Santa Clara,2021-02-14,4614,322750,1138,145538,3476,177212,0,0,1476,159030,3137,81773,1478,240803,California
Santa Clara,2021-02-15,6232,328982,2783,148321,3449,180661,0,0,2696,158196,3530,85303,2696,243499,California
Santa Clara,2021-02-16,13569,342551,3984,152305,9585,190246,0,0,6743,158134,6810,92113,6748,250247,California
Santa Clara,2021-02-17,14048,356599,5485,157790,8563,198809,0,0,7040,158190,6991,99104,7047,257294,California
Santa Clara,2021-02-18,13684,370283,8340,166130,5344,204153,0,0,7003,158537,6659,105763,7006,264300,California
Santa Clara,2021-02-19,14671,384954,9514,175644,5157,209310,0,0,8498,160881,6159,111922,8503,272803,California
Santa Clara,2021-02-20,6807,391761,5094,180738,1713,211023,0,0,3674,161430,3125,115047,3674,276477,California
Santa Clara,2021-02-21,3234,394995,2420,183158,814,211837,0,0,1161,160527,2066,117113,1163,277640,California
Santa Clara,2021-02-22,10127,405122,6070,189228,4057,215894,0,0,4729,159872,5388,122501,4733,282373,California
Santa Clara,2021-02-23,11818,416940,7686,196914,4132,220026,0,0,6696,161462,5111,127612,6701,289074,California
Santa Clara,2021-02-24,14088,431028,9081,205995,5007,225033,0,0,8724,164839,5349,132961,8726,297800,California
Santa Clara,2021-02-25,14063,445091,9215,215210,4848,229881,0,0,7651,166101,6394,139355,7656,305456,California
Santa Clara,2021-02-26,14535,459626,8426,223636,6109,235990,0,0,7998,167601,6511,145866,8011,313467,California
Santa Clara,2021-02-27,8032,467658,5486,229122,2545,238535,1,1,4442,168472,3580,149446,4451,317918,California
Santa Clara,2021-02-28,4704,472362,3056,232178,1648,240183,0,1,2200,168177,2496,151942,2201,320119,California
Santa Clara,2021-03-01,14029,486391,7952,240130,6076,246259,1,2,8676,171519,5335,157277,8677,328796,California
Santa Clara,2021-03-02,13711,500102,8209,248339,5502,251761,0,2,9159,176146,4533,161810,9160,337956,California
Santa Clara,2021-03-03,17912,518014,8848,257187,9063,260824,1,3,10998,180274,6877,168687,11005,348961,California
Santa Clara,2021-03-04,15679,533693,8888,266075,6788,267612,3,6,9216,183067,6427,175114,9220,358181,California
Santa Clara,2021-03-05,16167,549860,9108,275183,6934,274546,125,131,8870,184786,7279,182393,8998,367179,California
Santa Clara,2021-03-06,9319,559179,6259,281442,2625,277171,435,566,7039,189990,2268,184661,7472,374651,California
Santa Clara,2021-03-07,6700,565879,4392,285834,2078,279249,230,796,5343,194214,1349,186010,5573,380224,California
Santa Clara,2021-03-08,12816,578695,6667,292501,5598,284847,551,1347,8217,198398,4585,190595,8769,388993,California
Santa Clara,2021-03-09,14269,592964,6202,298703,6738,291585,1329,2676,6249,197971,8003,198598,7576,396569,California
Santa Clara,2021-03-10,14777,607741,6460,305163,6396,297981,1921,4597,6068,197265,8686,207284,7980,404549,California
Santa Clara,2021-03-11,16395,624136,7697,312860,7223,305204,1475,6072,5672,193708,10698,217982,7141,411690,California
Santa Clara,2021-03-12,17434,641570,8994,321854,6900,312104,1540,7612,5879,189604,11518,229500,7414,419104,California
Santa Clara,2021-03-13,10484,652054,6073,327927,2939,315043,1472,9084,4618,189844,5844,235344,6084,425188,California
Santa Clara,2021-03-14,6460,658514,3332,331259,1826,316869,1302,10386,3184,191064,3262,238606,4482,429670,California
Santa Clara,2021-03-15,12677,671191,6443,337702,5967,322836,267,10653,5912,190499,6745,245351,6180,435850,California
Santa Clara,2021-03-16,17373,688564,10234,347936,6933,329769,206,10859,8360,190072,8991,254342,8564,444414,California
Santa Clara,2021-03-17,19570,708134,11196,359132,8211,337980,163,11022,10091,190892,9433,263775,10253,454667,California
Santa Clara,2021-03-18,18072,726206,8844,367976,8071,346051,1157,12179,8375,190774,9649,273424,9531,464198,California
Santa Clara,2021-03-19,18739,744945,9778,377754,7964,354015,997,13176,9729,192538,8956,282380,10720,474918,California
Santa Clara,2021-03-20,11418,756363,6262,384016,4327,358342,829,14005,6707,195388,4683,287063,7533,482451,California
Santa Clara,2021-03-21,8223,764586,3702,387718,3121,361463,1400,15405,5508,199588,2705,289768,6905,489356,California
Santa Clara,2021-03-22,15952,780538,9014,396732,6595,368058,343,15748,9129,202261,6799,296567,9472,498828,California
Santa Clara,2021-03-23,19014,799552,12113,408845,6392,374450,509,16257,11433,206664,7539,304106,11942,510770,California
Santa Clara,2021-03-24,21886,821438,14383,423228,7181,381631,322,16579,14352,213845,7495,311601,14676,525446,California
Santa Clara,2021-03-25,22547,843985,12903,436131,8672,390303,972,17551,14651,221627,7836,319437,15618,541064,California
Santa Clara,2021-03-26,21562,865547,13808,449939,7370,397673,384,17935,13305,227085,8226,327663,13684,554748,California
Santa Clara,2021-03-27,15221,880768,10024,459963,4434,402107,763,18698,8061,228778,7130,334793,8823,563571,California
Santa Clara,2021-03-28,11947,892715,8257,468220,2973,405080,717,19415,6463,230496,5463,340256,7181,570752,California
Santa Clara,2021-03-29,20344,913059,12461,480681,7159,412239,724,20139,11110,233132,9196,349452,11832,582584,California
Santa Clara,2021-03-30,25241,938300,15129,495810,8338,420577,1774,21913,16568,242836,8637,358089,18341,600925,California
Santa Clara,2021-03-31,20107,958407,11727,507537,7288,427865,1092,23005,12749,249342,7329,365418,13835,614760,California
Santa Clara,2021-04-01,31218,989625,19560,527097,8695,436560,2963,25968,19952,261042,11210,376628,22910,637670,California
Santa Clara,2021-04-02,24798,1014423,14151,541248,8553,445113,2094,28062,16426,271219,8339,384967,18516,656186,California
Santa Clara,2021-04-03,14977,1029400,9103,550351,3434,448547,2440,30502,8345,275389,6612,391579,10782,666968,California
Santa Clara,2021-04-04,7512,1036912,3991,554342,2405,450952,1116,31618,3918,276837,3585,395164,5033,672001,California
Santa Clara,2021-04-05,21299,1058211,14173,568515,4710,455662,2416,34034,13853,285684,7420,402584,16267,688268,California
Santa Clara,2021-04-06,28405,1086616,15515,584030,7686,463348,5204,39238,17250,297011,11117,413701,22444,710712,California
Santa Clara,2021-04-07,29063,1115679,15208,599238,7852,471200,6003,45241,17665,309315,11354,425055,23658,734370,California
Santa Clara,2021-04-08,27051,1142730,15541,614779,5562,476762,5948,51189,15560,319384,11425,436480,21494,755864,California
Santa Clara,2021-04-09,25114,1167844,12284,627063,6497,483259,6333,57522,13014,326670,12054,448534,19340,775204,California
Santa Clara,2021-04-10,17232,1185076,9787,636850,3286,486545,4159,61681,9223,332049,7985,456519,13364,788568,California
Santa Clara,2021-04-11,15062,1200138,8754,645604,2645,489190,3663,65344,7579,335827,7461,463980,11239,799807,California
Santa Clara,2021-04-12,23559,1223697,16400,662004,5219,494409,1940,67284,16222,346690,7298,471278,18161,817968,California
Santa Clara,2021-04-13,18356,1242053,13302,675306,5046,499455,8,67292,14331,357061,3987,475265,14358,832326,California
Santa Cruz,2020-12-15,2,2,2,2,0,0,0,0,2,2,0,0,2,2,California
Santa Cruz,2020-12-16,57,59,57,59,0,0,0,0,57,59,0,0,57,59,California
Santa Cruz,2020-12-17,389,448,389,448,0,0,0,0,389,448,0,0,389,448,California
Santa Cruz,2020-12-18,465,913,465,913,0,0,0,0,465,913,0,0,465,913,California
Santa Cruz,2020-12-19,178,1091,177,1090,1,1,0,0,178,1091,0,0,178,1091,California
Santa Cruz,2020-12-20,95,1186,95,1185,0,1,0,0,95,1186,0,0,95,1186,California
Santa Cruz,2020-12-21,433,1619,433,1618,0,1,0,0,433,1619,0,0,433,1619,California
Santa Cruz,2020-12-22,424,2043,423,2041,1,2,0,0,424,2043,0,0,424,2043,California
Santa Cruz,2020-12-23,370,2413,328,2369,42,44,0,0,370,2413,0,0,370,2413,California
Santa Cruz,2020-12-24,125,2538,50,2419,75,119,0,0,125,2538,0,0,125,2538,California
Santa Cruz,2020-12-25,11,2549,11,2430,0,119,0,0,11,2549,0,0,11,2549,California
Santa Cruz,2020-12-26,64,2613,45,2475,19,138,0,0,64,2613,0,0,64,2613,California
Santa Cruz,2020-12-27,32,2645,27,2502,5,143,0,0,32,2645,0,0,32,2645,California
Santa Cruz,2020-12-28,484,3129,108,2610,376,519,0,0,484,3129,0,0,484,3129,California
Santa Cruz,2020-12-29,797,3926,370,2980,427,946,0,0,797,3926,0,0,797,3926,California
Santa Cruz,2020-12-30,356,4282,164,3144,192,1138,0,0,356,4282,0,0,356,4282,California
Santa Cruz,2020-12-31,312,4594,11,3155,301,1439,0,0,312,4594,0,0,312,4594,California
Santa Cruz,2021-01-01,32,4626,0,3155,32,1471,0,0,32,4626,0,0,32,4626,California
Santa Cruz,2021-01-02,71,4697,57,3212,14,1485,0,0,71,4697,0,0,71,4697,California
Santa Cruz,2021-01-03,15,4712,7,3219,8,1493,0,0,15,4712,0,0,15,4712,California
Santa Cruz,2021-01-04,281,4993,123,3342,158,1651,0,0,279,4991,0,0,279,4991,California
Santa Cruz,2021-01-05,566,5559,428,3770,138,1789,0,0,264,4953,302,302,264,5255,California
Santa Cruz,2021-01-06,803,6362,670,4440,133,1922,0,0,465,5081,337,639,465,5720,California
Santa Cruz,2021-01-07,539,6901,212,4652,327,2249,0,0,386,5315,153,792,387,6107,California
Santa Cruz,2021-01-08,935,7836,561,5213,374,2623,0,0,487,5355,448,1240,488,6595,California
Santa Cruz,2021-01-09,463,8299,123,5336,340,2963,0,0,409,5710,54,1294,409,7004,California
Santa Cruz,2021-01-10,80,8379,70,5406,10,2973,0,0,21,5672,59,1353,21,7025,California
Santa Cruz,2021-01-11,722,9101,587,5993,135,3108,0,0,192,5334,530,1883,192,7217,California
Santa Cruz,2021-01-12,736,9837,532,6525,204,3312,0,0,493,5584,243,2126,493,7710,California
Santa Cruz,2021-01-13,521,10358,228,6753,293,3605,0,0,437,5940,81,2207,437,8147,California
Santa Cruz,2021-01-14,553,10911,101,6854,452,4057,0,0,487,6361,66,2273,487,8634,California
Santa Cruz,2021-01-15,1458,12369,77,6931,1381,5438,0,0,1394,7693,63,2336,1395,10029,California
Santa Cruz,2021-01-16,427,12796,54,6985,373,5811,0,0,408,8082,19,2355,408,10437,California
Santa Cruz,2021-01-17,297,13093,41,7026,256,6067,0,0,272,8329,25,2380,272,10709,California
Santa Cruz,2021-01-18,1016,14109,105,7131,911,6978,0,0,954,9221,62,2442,954,11663,California
Santa Cruz,2021-01-19,1623,15732,524,7655,1099,8077,0,0,1270,10141,351,2793,1271,12934,California
Santa Cruz,2021-01-20,1235,16967,184,7839,1051,9128,0,0,1038,10985,194,2987,1038,13972,California
Santa Cruz,2021-01-21,1707,18674,200,8039,1507,10635,0,0,1602,12482,106,3093,1603,15575,California
Santa Cruz,2021-01-22,1795,20469,531,8570,1264,11899,0,0,1695,14081,97,3190,1696,17271,California
Santa Cruz,2021-01-23,401,20870,146,8716,255,12154,0,0,341,14363,59,3249,341,17612,California
Santa Cruz,2021-01-24,115,20985,20,8736,95,12249,0,0,97,14442,18,3267,97,17709,California
Santa Cruz,2021-01-25,1058,22043,359,9095,699,12948,0,0,548,14480,510,3777,548,18257,California
Santa Cruz,2021-01-26,1688,23731,246,9341,1442,14390,0,0,1177,15146,511,4288,1177,19434,California
Santa Cruz,2021-01-27,1647,25378,445,9786,1202,15592,0,0,1264,16029,381,4669,1264,20698,California
Santa Cruz,2021-01-28,1746,27124,292,10078,1454,17046,0,0,1470,17224,276,4945,1471,22169,California
Santa Cruz,2021-01-29,1736,28860,490,10568,1246,18292,0,0,1606,18701,129,5074,1606,23775,California
Santa Cruz,2021-01-30,1060,29920,308,10876,752,19044,0,0,927,19495,133,5207,927,24702,California
Santa Cruz,2021-01-31,217,30137,111,10987,106,19150,0,0,203,19684,14,5221,203,24905,California
Santa Cruz,2021-02-01,1232,31369,759,11746,473,19623,0,0,826,20104,406,5627,826,25731,California
Santa Cruz,2021-02-02,1005,32374,127,11873,878,20501,0,0,850,20800,154,5781,850,26581,California
Santa Cruz,2021-02-03,2227,34601,953,12826,1274,21775,0,0,1912,22401,311,6092,1912,28493,California
Santa Cruz,2021-02-04,1840,36441,770,13596,1070,22845,0,0,1503,23568,336,6428,1503,29996,California
Santa Cruz,2021-02-05,3173,39614,794,14390,2379,25224,0,0,2853,26102,319,6747,2853,32849,California
Santa Cruz,2021-02-06,2584,42198,164,14554,2420,27644,0,0,2236,27990,348,7095,2236,35085,California
Santa Cruz,2021-02-07,907,43105,121,14675,786,28430,0,0,889,28861,18,7113,889,35974,California
Santa Cruz,2021-02-08,717,43822,204,14879,513,28943,0,0,517,29179,199,7312,517,36491,California
Santa Cruz,2021-02-09,2373,46195,1057,15936,1316,30259,0,0,2108,31026,261,7573,2108,38599,California
Santa Cruz,2021-02-10,2200,48395,580,16516,1620,31879,0,0,1500,31837,690,8263,1501,40100,California
Santa Cruz,2021-02-11,1852,50247,316,16832,1536,33415,0,0,1327,32641,523,8786,1327,41427,California
Santa Cruz,2021-02-12,3218,53465,422,17254,2796,36211,0,0,1813,33059,1397,10183,1815,43242,California
Santa Cruz,2021-02-13,1710,55175,123,17377,1587,37798,0,0,1297,33943,413,10596,1297,44539,California
Santa Cruz,2021-02-14,1402,56577,69,17446,1333,39131,0,0,1139,34819,263,10859,1139,45678,California
Santa Cruz,2021-02-15,1583,58160,279,17725,1304,40435,0,0,566,34369,1017,11876,567,46245,California
Santa Cruz,2021-02-16,1693,59853,202,17927,1491,41926,0,0,536,33769,1136,13012,536,46781,California
Santa Cruz,2021-02-17,2918,62771,974,18901,1944,43870,0,0,1221,33309,1684,14696,1224,48005,California
Santa Cruz,2021-02-18,2880,65651,638,19539,2242,46112,0,0,1231,32894,1646,16342,1231,49236,California
Santa Cruz,2021-02-19,3264,68915,1144,20683,2120,48232,0,0,2009,33649,1254,17596,2009,51245,California
Santa Cruz,2021-02-20,2383,71298,1498,22181,885,49117,0,0,1890,35046,493,18089,1890,53135,California
Santa Cruz,2021-02-21,823,72121,357,22538,466,49583,0,0,699,35623,122,18211,699,53834,California
Santa Cruz,2021-02-22,1252,73373,969,23507,283,49866,0,0,536,35445,714,18925,536,54370,California
Santa Cruz,2021-02-23,2095,75468,938,24445,1157,51023,0,0,710,34771,1384,20309,710,55080,California
Santa Cruz,2021-02-24,3179,78647,1660,26105,1519,52542,0,0,1206,34008,1969,22278,1206,56286,California
Santa Cruz,2021-02-25,3236,81883,1432,27537,1804,54346,0,0,1781,34341,1448,23726,1781,58067,California
Santa Cruz,2021-02-26,2717,84600,758,28295,1959,56305,0,0,1544,34719,1169,24895,1547,59614,California
Santa Cruz,2021-02-27,2639,87239,931,29226,1708,58013,0,0,1839,35759,799,25694,1839,61453,California
Santa Cruz,2021-02-28,1295,88534,359,29585,936,58949,0,0,1085,36637,207,25901,1085,62538,California
Santa Cruz,2021-03-01,1828,90362,1252,30837,576,59525,0,0,687,36186,1138,27039,687,63225,California
Santa Cruz,2021-03-02,1507,91869,339,31176,1168,60693,0,0,837,36358,668,27707,840,64065,California
Santa Cruz,2021-03-03,2316,94185,597,31773,1719,62412,0,0,1250,36545,1063,28770,1250,65315,California
Santa Cruz,2021-03-04,2999,97184,1403,33176,1595,64007,1,1,2028,37613,962,29732,2030,67345,California
Santa Cruz,2021-03-05,2603,99787,480,33656,2105,66112,18,19,1124,37279,1476,31208,1142,68487,California
Santa Cruz,2021-03-06,3864,103651,1346,35002,2415,68527,103,122,2159,37835,1705,32913,2261,70748,California
Santa Cruz,2021-03-07,1342,104993,127,35129,1140,69667,75,197,551,37671,790,33703,626,71374,California
Santa Cruz,2021-03-08,1067,106060,217,35346,732,70399,118,315,650,38023,416,34119,768,72142,California
Santa Cruz,2021-03-09,1763,107823,234,35580,1382,71781,147,462,697,37804,1063,35182,844,72986,California
Santa Cruz,2021-03-10,3851,111674,2086,37666,1617,73398,148,610,1993,38092,1856,37038,2144,75130,California
Santa Cruz,2021-03-11,2792,114466,1215,38881,1410,74808,167,777,1545,38560,1246,38284,1714,76844,California
Santa Cruz,2021-03-12,2736,117202,887,39768,1562,76370,287,1064,904,37921,1829,40113,1190,78034,California
Santa Cruz,2021-03-13,2273,119475,1321,41089,907,77277,45,1109,1154,38003,1118,41231,1200,79234,California
Santa Cruz,2021-03-14,896,120371,214,41303,668,77945,14,1123,437,37997,456,41687,450,79684,California
Santa Cruz,2021-03-15,1344,121715,474,41777,835,78780,35,1158,575,37841,767,42454,611,80295,California
Santa Cruz,2021-03-16,2313,124028,1089,42866,1184,79964,40,1198,1339,38248,971,43425,1378,81673,California
Santa Cruz,2021-03-17,3859,127887,2233,45099,1616,81580,10,1208,2514,39434,1341,44766,2527,84200,California
Santa Cruz,2021-03-18,3859,131746,2095,47194,1645,83225,119,1327,2068,39833,1788,46554,2187,86387,California
Santa Cruz,2021-03-19,3276,135022,1323,48517,1728,84953,225,1552,1654,40095,1617,48171,1879,88266,California
Santa Cruz,2021-03-20,2168,137190,1617,50134,514,85467,37,1589,1097,40161,1068,49239,1134,89400,California
Santa Cruz,2021-03-21,823,138013,436,50570,266,85733,121,1710,442,40346,379,49618,564,89964,California
Santa Cruz,2021-03-22,1361,139374,845,51415,494,86227,22,1732,940,40891,418,50036,963,90927,California
Santa Cruz,2021-03-23,2555,141929,1436,52851,1069,87296,50,1782,1719,41826,834,50870,1769,92696,California
Santa Cruz,2021-03-24,2998,144927,2008,54859,968,88264,22,1804,1985,42824,1008,51878,2006,94702,California
Santa Cruz,2021-03-25,2610,147537,1327,56186,1250,89514,33,1837,1355,42965,1247,53125,1388,96090,California
Santa Cruz,2021-03-26,3033,150570,1821,58007,1185,90699,27,1864,2061,44088,965,54090,2088,98178,California
Santa Cruz,2021-03-27,3214,153784,2011,60018,1178,91877,25,1889,1508,43926,1696,55786,1534,99712,California
Santa Cruz,2021-03-28,921,154705,567,60585,341,92218,13,1902,488,44000,428,56214,502,100214,California
Santa Cruz,2021-03-29,1951,156656,872,61457,1011,93229,68,1970,1248,44620,696,56910,1316,101530,California
Santa Cruz,2021-03-30,2704,159360,819,62276,1725,94954,160,2130,1739,45556,963,57873,1899,103429,California
Santa Cruz,2021-03-31,4061,163421,2722,64998,1289,96243,50,2180,2102,45753,1955,59828,2152,105581,California
Santa Cruz,2021-04-01,4017,167438,2150,67148,1761,98004,106,2286,2029,45904,1983,61811,2134,107715,California
Santa Cruz,2021-04-02,3152,170590,1434,68582,1538,99542,180,2466,1755,46447,1392,63203,1935,109650,California
Santa Cruz,2021-04-03,2238,172828,1233,69815,890,100432,115,2581,892,46110,1343,64546,1006,110656,California
Santa Cruz,2021-04-04,939,173767,493,70308,391,100823,55,2636,556,46338,383,64929,611,111267,California
Santa Cruz,2021-04-05,2257,176024,811,71119,1293,102116,153,2789,1410,47055,846,65775,1563,112830,California
Santa Cruz,2021-04-06,3373,179397,1675,72794,1346,103462,352,3141,2013,48068,1352,67127,2365,115195,California
Santa Cruz,2021-04-07,4121,183518,1633,74427,2152,105614,336,3477,1879,48043,2240,69367,2215,117410,California
Santa Cruz,2021-04-08,4175,187693,2335,76762,1384,106998,456,3933,2487,49306,1679,71046,2942,120352,California
Santa Cruz,2021-04-09,3283,190976,1374,78136,1573,108571,336,4269,1846,50059,1430,72476,2183,122535,California
Santa Cruz,2021-04-10,1972,192948,1019,79155,744,109315,209,4478,979,50255,990,73466,1186,123721,California
Santa Cruz,2021-04-11,999,193947,529,79684,382,109697,88,4566,493,50330,506,73972,581,124302,California
Santa Cruz,2021-04-12,2007,195954,622,80306,968,110665,417,4983,895,50543,1098,75070,1311,125613,California
Santa Cruz,2021-04-13,1958,197912,823,81129,1134,111799,1,4984,1177,50942,779,75849,1178,126791,California
Shasta,2020-12-16,131,131,131,131,0,0,0,0,131,131,0,0,131,131,California
Shasta,2020-12-17,417,548,417,548,0,0,0,0,417,548,0,0,417,548,California
Shasta,2020-12-18,166,714,166,714,0,0,0,0,166,714,0,0,166,714,California
Shasta,2020-12-19,1,715,1,715,0,0,0,0,1,715,0,0,1,715,California
Shasta,2020-12-21,80,795,80,795,0,0,0,0,80,795,0,0,80,795,California
Shasta,2020-12-22,191,986,186,981,5,5,0,0,191,986,0,0,191,986,California
Shasta,2020-12-23,174,1160,170,1151,4,9,0,0,174,1160,0,0,174,1160,California
Shasta,2020-12-24,18,1178,18,1169,0,9,0,0,18,1178,0,0,18,1178,California
Shasta,2020-12-26,4,1182,1,1170,3,12,0,0,4,1182,0,0,4,1182,California
Shasta,2020-12-27,1,1183,0,1170,1,13,0,0,1,1183,0,0,1,1183,California
Shasta,2020-12-28,40,1223,31,1201,9,22,0,0,40,1223,0,0,40,1223,California
Shasta,2020-12-29,186,1409,185,1386,1,23,0,0,186,1409,0,0,186,1409,California
Shasta,2020-12-30,178,1587,168,1554,10,33,0,0,178,1587,0,0,178,1587,California
Shasta,2020-12-31,83,1670,2,1556,81,114,0,0,83,1670,0,0,83,1670,California
Shasta,2021-01-02,2,1672,0,1556,2,116,0,0,2,1672,0,0,2,1672,California
Shasta,2021-01-03,1,1673,1,1557,0,116,0,0,1,1673,0,0,1,1673,California
Shasta,2021-01-04,346,2019,306,1863,40,156,0,0,347,2020,0,0,347,2020,California
Shasta,2021-01-05,335,2354,314,2177,21,177,0,0,254,2193,81,81,254,2274,California
Shasta,2021-01-06,437,2791,395,2572,42,219,0,0,175,2107,261,342,175,2449,California
Shasta,2021-01-07,116,2907,35,2607,81,300,0,0,95,2181,21,363,95,2544,California
Shasta,2021-01-08,507,3414,447,3054,60,360,0,0,299,2272,208,571,299,2843,California
Shasta,2021-01-09,72,3486,63,3117,9,369,0,0,70,2340,2,573,70,2913,California
Shasta,2021-01-10,5,3491,0,3117,5,374,0,0,4,2344,1,574,5,2918,California
Shasta,2021-01-11,353,3844,185,3302,168,542,0,0,317,2625,36,610,317,3235,California
Shasta,2021-01-12,452,4296,327,3629,125,667,0,0,278,2729,174,784,278,3513,California
Shasta,2021-01-13,541,4837,268,3897,273,940,0,0,371,2930,170,954,371,3884,California
Shasta,2021-01-14,447,5284,51,3948,396,1336,0,0,429,3341,18,972,429,4313,California
Shasta,2021-01-15,634,5918,136,4084,498,1834,0,0,632,3971,2,974,632,4945,California
Shasta,2021-01-16,899,6817,55,4139,844,2678,0,0,896,4864,3,977,896,5841,California
Shasta,2021-01-17,27,6844,6,4145,21,2699,0,0,23,4883,4,981,23,5864,California
Shasta,2021-01-18,600,7444,130,4275,470,3169,0,0,592,5467,8,989,592,6456,California
Shasta,2021-01-19,1018,8462,397,4672,621,3790,0,0,870,6189,148,1137,870,7326,California
Shasta,2021-01-20,676,9138,408,5080,268,4058,0,0,493,6503,179,1316,493,7819,California
Shasta,2021-01-21,629,9767,277,5357,352,4410,0,0,606,7086,23,1339,606,8425,California
Shasta,2021-01-22,445,10212,171,5528,274,4684,0,0,439,7519,6,1345,439,8864,California
Shasta,2021-01-23,68,10280,5,5533,63,4747,0,0,67,7585,1,1346,67,8931,California
Shasta,2021-01-24,25,10305,2,5535,23,4770,0,0,24,7608,1,1347,24,8955,California
Shasta,2021-01-25,749,11054,491,6026,258,5028,0,0,463,7786,285,1632,463,9418,California
Shasta,2021-01-26,707,11761,331,6357,376,5404,0,0,474,8029,231,1863,474,9892,California
Shasta,2021-01-27,459,12220,179,6536,280,5684,0,0,410,8390,49,1912,410,10302,California
Shasta,2021-01-28,854,13074,576,7112,278,5962,0,0,632,8800,222,2134,632,10934,California
Shasta,2021-01-29,831,13905,331,7443,500,6462,0,0,641,9252,190,2324,642,11576,California
Shasta,2021-01-30,618,14523,14,7457,604,7066,0,0,609,9852,9,2333,609,12185,California
Shasta,2021-01-31,28,14551,4,7461,24,7090,0,0,26,9876,2,2335,26,12211,California
Shasta,2021-02-01,502,15053,141,7602,361,7451,0,0,383,10140,119,2454,383,12594,California
Shasta,2021-02-02,937,15990,493,8095,444,7895,0,0,846,10897,89,2543,846,13440,California
Shasta,2021-02-03,676,16666,210,8305,466,8361,0,0,480,11181,196,2739,480,13920,California
Shasta,2021-02-04,1069,17735,663,8968,406,8767,0,0,878,11869,190,2929,878,14798,California
Shasta,2021-02-05,1213,18948,163,9131,1050,9817,0,0,1024,12705,188,3117,1024,15822,California
Shasta,2021-02-06,1729,20677,42,9173,1687,11504,0,0,1704,14385,24,3141,1704,17526,California
Shasta,2021-02-07,25,20702,2,9175,23,11527,0,0,23,14406,2,3143,23,17549,California
Shasta,2021-02-08,541,21243,168,9343,373,11900,0,0,303,14471,238,3381,303,17852,California
Shasta,2021-02-09,1026,22269,651,9994,375,12275,0,0,676,14797,350,3731,676,18528,California
Shasta,2021-02-10,1083,23352,782,10776,301,12576,0,0,593,14900,491,4222,594,19122,California
Shasta,2021-02-11,785,24137,187,10963,598,13174,0,0,304,14728,476,4698,304,19426,California
Shasta,2021-02-12,1663,25800,1144,12107,519,13693,0,0,1170,15405,493,5191,1170,20596,California
Shasta,2021-02-13,1384,27184,368,12475,1016,14709,0,0,572,15164,813,6004,572,21168,California
Shasta,2021-02-14,148,27332,4,12479,144,14853,0,0,124,15264,24,6028,124,21292,California
Shasta,2021-02-15,381,27713,91,12570,290,15143,0,0,212,15307,169,6197,212,21504,California
Shasta,2021-02-16,1084,28797,512,13082,572,15715,0,0,319,14862,764,6961,319,21823,California
Shasta,2021-02-17,994,29791,438,13520,556,16271,0,0,376,14620,618,7579,376,22199,California
Shasta,2021-02-18,875,30666,441,13961,434,16705,0,0,428,14601,447,8026,428,22627,California
Shasta,2021-02-19,1326,31992,934,14895,392,17097,0,0,859,14993,467,8493,859,23486,California
Shasta,2021-02-20,799,32791,87,14982,712,17809,0,0,300,14794,499,8992,300,23786,California
Shasta,2021-02-21,31,32822,2,14984,29,17838,0,0,9,14781,22,9014,9,23795,California
Shasta,2021-02-22,348,33170,74,15058,274,18112,0,0,102,14637,246,9260,102,23897,California
Shasta,2021-02-23,801,33971,466,15524,335,18447,0,0,217,14270,584,9844,217,24114,California
Shasta,2021-02-24,882,34853,504,16028,378,18825,0,0,268,13925,613,10457,268,24382,California
Shasta,2021-02-25,477,35330,157,16185,320,19145,0,0,157,13763,319,10776,157,24539,California
Shasta,2021-02-26,788,36118,91,16276,697,19842,0,0,327,13631,459,11235,327,24866,California
Shasta,2021-02-27,824,36942,27,16303,797,20639,0,0,185,13179,637,11872,185,25051,California
Shasta,2021-02-28,177,37119,4,16307,173,20812,0,0,127,13256,50,11922,127,25178,California
Shasta,2021-03-01,558,37677,60,16367,498,21310,0,0,267,13233,290,12212,267,25445,California
Shasta,2021-03-02,930,38607,465,16832,465,21775,0,0,267,12839,661,12873,267,25712,California
Shasta,2021-03-03,630,39237,145,16977,485,22260,0,0,223,12655,407,13280,223,25935,California
Shasta,2021-03-04,1052,40289,504,17481,548,22808,0,0,646,12897,405,13685,647,26582,California
Shasta,2021-03-05,979,41268,161,17642,789,23597,29,29,322,12590,658,14343,351,26933,California
Shasta,2021-03-06,841,42109,387,18029,407,24004,47,76,206,12208,635,14978,253,27186,California
Shasta,2021-03-07,90,42199,3,18032,55,24059,32,108,36,12222,54,15032,68,27254,California
Shasta,2021-03-08,558,42757,46,18078,373,24432,139,247,145,12095,411,15443,284,27538,California
Shasta,2021-03-09,605,43362,45,18123,382,24814,178,425,232,12132,373,15816,410,27948,California
Shasta,2021-03-10,797,44159,259,18382,335,25149,203,628,134,11805,662,16478,335,28283,California
Shasta,2021-03-11,1045,45204,175,18557,626,25775,244,872,645,12294,400,16878,889,29172,California
Shasta,2021-03-12,809,46013,160,18717,406,26181,243,1115,293,12313,515,17393,534,29706,California
Shasta,2021-03-13,742,46755,423,19140,219,26400,100,1215,474,12619,267,17660,573,30279,California
Shasta,2021-03-14,364,47119,8,19148,334,26734,22,1237,227,12731,137,17797,249,30528,California
Shasta,2021-03-15,493,47612,34,19182,359,27093,100,1337,206,12750,286,18083,305,30833,California
Shasta,2021-03-16,1077,48689,144,19326,866,27959,67,1404,798,13336,279,18362,865,31698,California
Shasta,2021-03-17,692,49381,195,19521,439,28398,58,1462,393,13494,293,18655,451,32149,California
Shasta,2021-03-18,1072,50453,237,19758,732,29130,103,1565,799,14127,269,18924,902,33051,California
Shasta,2021-03-19,625,51078,192,19950,377,29507,56,1621,395,14349,229,19153,451,33502,California
Shasta,2021-03-20,745,51823,488,20438,243,29750,14,1635,598,14814,147,19300,612,34114,California
Shasta,2021-03-21,312,52135,296,20734,4,29754,12,1647,286,15086,26,19326,298,34412,California
Shasta,2021-03-22,342,52477,36,20770,276,30030,30,1677,200,15175,141,19467,230,34642,California
Shasta,2021-03-23,817,53294,156,20926,603,30633,58,1735,626,15673,186,19653,684,35326,California
Shasta,2021-03-24,512,53806,155,21081,320,30953,37,1772,363,15925,148,19801,400,35726,California
Shasta,2021-03-25,762,54568,186,21267,559,31512,17,1789,622,16426,138,19939,639,36365,California
Shasta,2021-03-26,685,55253,259,21526,396,31908,30,1819,331,16434,354,20293,362,36727,California
Shasta,2021-03-27,1556,56809,404,21930,315,32223,837,2656,572,16857,982,21275,1405,38132,California
Shasta,2021-03-28,405,57214,299,22229,96,32319,10,2666,302,17068,101,21376,312,38444,California
Shasta,2021-03-29,415,57629,41,22270,362,32681,12,2678,162,16990,252,21628,174,38618,California
Shasta,2021-03-30,527,58156,185,22455,335,33016,7,2685,321,17115,203,21831,328,38946,California
Shasta,2021-03-31,623,58779,209,22664,409,33425,5,2690,395,17292,223,22054,400,39346,California
Shasta,2021-04-01,778,59557,246,22910,526,33951,6,2696,551,17623,227,22281,558,39904,California
Shasta,2021-04-02,746,60303,202,23112,493,34444,51,2747,414,17758,330,22611,465,40369,California
Shasta,2021-04-03,520,60823,368,23480,133,34577,19,2766,397,18051,123,22734,416,40785,California
Shasta,2021-04-04,290,61113,177,23657,93,34670,20,2786,217,18215,73,22807,237,41022,California
Shasta,2021-04-05,422,61535,56,23713,305,34975,61,2847,254,18362,168,22975,315,41337,California
Shasta,2021-04-06,713,62248,175,23888,374,35349,164,3011,296,18406,416,23391,460,41797,California
Shasta,2021-04-07,663,62911,223,24111,285,35634,155,3166,277,18457,380,23771,431,42228,California
Shasta,2021-04-08,1054,63965,267,24378,633,36267,154,3320,231,18021,820,24591,384,42612,California
Shasta,2021-04-09,1754,65719,1277,25655,291,36558,186,3506,1265,18984,486,25077,1449,44061,California
Shasta,2021-04-10,832,66551,586,26241,132,36690,114,3620,251,18768,581,25658,365,44426,California
Shasta,2021-04-11,447,66998,395,26636,33,36723,19,3639,139,18621,305,25963,158,44584,California
Shasta,2021-04-12,252,67250,15,26651,187,36910,50,3689,64,18547,188,26151,114,44698,California
Shasta,2021-04-13,231,67481,20,26671,211,37121,0,3689,31,18378,200,26351,31,44729,California
Sierra,2020-12-18,1,1,1,1,0,0,0,0,1,1,0,0,1,1,California
Sierra,2020-12-21,2,3,2,3,0,0,0,0,2,3,0,0,2,3,California
Sierra,2020-12-22,12,15,12,15,0,0,0,0,12,15,0,0,12,15,California
Sierra,2020-12-23,4,19,4,19,0,0,0,0,4,19,0,0,4,19,California
Sierra,2020-12-28,1,20,0,19,1,1,0,0,1,20,0,0,1,20,California
Sierra,2020-12-29,49,69,7,26,42,43,0,0,49,69,0,0,49,69,California
Sierra,2020-12-30,2,71,0,26,2,45,0,0,2,71,0,0,2,71,California
Sierra,2020-12-31,13,84,0,26,13,58,0,0,13,84,0,0,13,84,California
Sierra,2021-01-01,1,85,1,27,0,58,0,0,1,85,0,0,1,85,California
Sierra,2021-01-05,65,150,3,30,62,120,0,0,65,150,0,0,65,150,California
Sierra,2021-01-06,1,151,1,31,0,120,0,0,1,151,0,0,1,151,California
Sierra,2021-01-07,20,171,1,32,19,139,0,0,19,169,1,1,19,170,California
Sierra,2021-01-08,1,172,1,33,0,139,0,0,1,170,0,1,1,171,California
Sierra,2021-01-11,3,175,3,36,0,139,0,0,0,167,3,4,0,171,California
Sierra,2021-01-12,39,214,12,48,27,166,0,0,27,182,12,16,27,198,California
Sierra,2021-01-13,4,218,3,51,1,167,0,0,1,180,3,19,1,199,California
Sierra,2021-01-14,35,253,2,53,33,200,0,0,35,215,0,19,35,234,California
Sierra,2021-01-15,2,255,1,54,1,201,0,0,2,217,0,19,2,236,California
Sierra,2021-01-18,2,257,0,54,2,203,0,0,2,219,0,19,2,238,California
Sierra,2021-01-19,32,289,0,54,32,235,0,0,32,251,0,19,32,270,California
Sierra,2021-01-20,1,290,1,55,0,235,0,0,1,252,0,19,1,271,California
Sierra,2021-01-21,54,344,0,55,54,289,0,0,54,306,0,19,54,325,California
Sierra,2021-01-22,2,346,0,55,2,291,0,0,2,308,0,19,2,327,California
Sierra,2021-01-23,2,348,0,55,2,293,0,0,2,310,0,19,2,329,California
Sierra,2021-01-26,62,410,0,55,62,355,0,0,24,296,38,57,24,353,California
Sierra,2021-01-27,4,414,4,59,0,355,0,0,0,292,4,61,0,353,California
Sierra,2021-01-28,53,467,0,59,53,408,0,0,43,325,10,71,43,396,California
Sierra,2021-01-29,2,469,0,59,2,410,0,0,2,327,0,71,2,398,California
Sierra,2021-01-30,3,472,3,62,0,410,0,0,2,328,1,72,2,400,California
Sierra,2021-02-01,1,473,0,62,1,411,0,0,0,327,1,73,0,400,California
Sierra,2021-02-02,57,530,0,62,57,468,0,0,18,306,39,112,18,418,California
Sierra,2021-02-03,6,536,5,67,1,469,0,0,5,310,1,113,5,423,California
Sierra,2021-02-04,105,641,6,73,99,568,0,0,57,319,48,161,57,480,California
Sierra,2021-02-05,6,647,4,77,2,570,0,0,5,323,1,162,5,485,California
Sierra,2021-02-09,51,698,0,77,51,621,0,0,49,370,2,164,49,534,California
Sierra,2021-02-10,5,703,2,79,3,624,0,0,4,373,1,165,4,538,California
Sierra,2021-02-11,196,899,1,80,195,819,0,0,134,445,62,227,134,672,California
Sierra,2021-02-12,21,920,0,80,21,840,0,0,20,464,1,228,20,692,California
Sierra,2021-02-13,1,921,1,81,0,840,0,0,1,465,0,228,1,693,California
Sierra,2021-02-14,1,922,0,81,1,841,0,0,1,466,0,228,1,694,California
Sierra,2021-02-15,2,924,2,83,0,841,0,0,0,464,2,230,0,694,California
Sierra,2021-02-16,43,967,0,83,43,884,0,0,10,441,33,263,10,704,California
Sierra,2021-02-17,3,970,0,83,3,887,0,0,1,440,2,265,1,705,California
Sierra,2021-02-18,143,1113,0,83,143,1030,0,0,92,481,51,316,92,797,California
Sierra,2021-02-19,2,1115,1,84,1,1031,0,0,1,481,1,317,1,798,California
Sierra,2021-02-20,2,1117,2,86,0,1031,0,0,0,479,2,319,0,798,California
Sierra,2021-02-22,1,1118,1,87,0,1031,0,0,1,480,0,319,1,799,California
Sierra,2021-02-23,4,1122,0,87,4,1035,0,0,4,484,0,319,4,803,California
Sierra,2021-02-24,5,1127,3,90,2,1037,0,0,4,487,1,320,4,807,California
Sierra,2021-02-25,124,1251,1,91,123,1160,0,0,58,480,65,385,58,865,California
Sierra,2021-02-26,10,1261,6,97,4,1164,0,0,4,478,6,391,4,869,California
Sierra,2021-02-27,2,1263,2,99,0,1164,0,0,0,476,2,393,0,869,California
Sierra,2021-03-01,2,1265,2,101,0,1164,0,0,0,474,2,395,0,869,California
Sierra,2021-03-02,56,1321,0,101,56,1220,0,0,38,494,18,413,38,907,California
Sierra,2021-03-03,2,1323,2,103,0,1220,0,0,1,494,1,414,1,908,California
Sierra,2021-03-04,108,1431,0,103,108,1328,0,0,57,500,51,465,57,965,California
Sierra,2021-03-05,13,1444,1,104,12,1340,0,0,11,509,2,467,11,976,California
Sierra,2021-03-07,1,1445,1,105,0,1340,0,0,0,508,1,468,0,976,California
Sierra,2021-03-08,2,1447,2,107,0,1340,0,0,2,510,0,468,2,978,California
Sierra,2021-03-09,56,1503,0,107,56,1396,0,0,11,476,45,513,11,989,California
Sierra,2021-03-10,6,1509,0,107,6,1402,0,0,4,478,2,515,4,993,California
Sierra,2021-03-11,176,1685,0,107,176,1578,0,0,44,391,131,646,44,1037,California
Sierra,2021-03-12,20,1705,1,108,19,1597,0,0,0,371,20,666,0,1037,California
Sierra,2021-03-13,28,1733,0,108,28,1625,0,0,28,399,0,666,28,1065,California
Sierra,2021-03-14,1,1734,0,108,0,1625,1,1,0,399,1,667,1,1066,California
Sierra,2021-03-15,2,1736,1,109,1,1626,0,1,0,397,2,669,0,1066,California
Sierra,2021-03-16,37,1773,0,109,36,1662,1,2,24,409,13,682,25,1091,California
Sierra,2021-03-17,4,1777,3,112,1,1663,0,2,1,407,3,685,1,1092,California
Sierra,2021-03-18,160,1937,0,112,160,1823,0,2,66,379,94,779,66,1158,California
Sierra,2021-03-19,4,1941,2,114,2,1825,0,2,1,377,3,782,1,1159,California
Sierra,2021-03-20,1,1942,0,114,1,1826,0,2,1,378,0,782,1,1160,California
Sierra,2021-03-23,24,1966,0,114,24,1850,0,2,15,384,9,791,15,1175,California
Sierra,2021-03-24,2,1968,1,115,1,1851,0,2,0,382,2,793,0,1175,California
Sierra,2021-03-25,90,2058,0,115,90,1941,0,2,46,384,44,837,46,1221,California
Sierra,2021-03-26,13,2071,1,116,12,1953,0,2,10,391,3,840,10,1231,California
Sierra,2021-03-27,2,2073,1,117,1,1954,0,2,0,389,2,842,0,1231,California
Sierra,2021-03-29,1,2074,1,118,0,1954,0,2,0,388,1,843,0,1231,California
Sierra,2021-03-30,54,2128,0,118,54,2008,0,2,21,376,33,876,21,1252,California
Sierra,2021-03-31,8,2136,0,118,8,2016,0,2,8,384,0,876,8,1260,California
Sierra,2021-04-01,60,2196,2,120,58,2074,0,2,6,336,54,930,6,1266,California
Sierra,2021-04-02,3,2199,2,122,1,2075,0,2,2,337,1,931,2,1268,California
Sierra,2021-04-05,1,2200,1,123,0,2075,0,2,0,336,1,932,0,1268,California
Sierra,2021-04-06,10,2210,0,123,10,2085,0,2,0,326,10,942,0,1268,California
Sierra,2021-04-07,12,2222,1,124,5,2090,6,8,2,324,10,952,8,1276,California
Sierra,2021-04-08,53,2275,1,125,52,2142,0,8,16,303,37,989,16,1292,California
Sierra,2021-04-09,2,2277,2,127,0,2142,0,8,1,303,1,990,1,1293,California
Sierra,2021-04-10,28,2305,1,128,27,2169,0,8,1,277,27,1017,1,1294,California
Sierra,2021-04-12,1,2306,0,128,1,2170,0,8,0,276,1,1018,0,1294,California
Sierra,2021-04-13,1,2307,0,128,1,2171,0,8,1,277,0,1018,1,1295,California
Siskiyou,2020-12-16,2,2,2,2,0,0,0,0,2,2,0,0,2,2,California
Siskiyou,2020-12-17,4,6,4,6,0,0,0,0,4,6,0,0,4,6,California
Siskiyou,2020-12-18,2,8,2,8,0,0,0,0,2,8,0,0,2,8,California
Siskiyou,2020-12-19,4,12,4,12,0,0,0,0,4,12,0,0,4,12,California
Siskiyou,2020-12-20,1,13,1,13,0,0,0,0,1,13,0,0,1,13,California
Siskiyou,2020-12-21,132,145,132,145,0,0,0,0,132,145,0,0,132,145,California
Siskiyou,2020-12-22,159,304,159,304,0,0,0,0,159,304,0,0,159,304,California
Siskiyou,2020-12-23,142,446,142,446,0,0,0,0,142,446,0,0,142,446,California
Siskiyou,2020-12-24,5,451,5,451,0,0,0,0,5,451,0,0,5,451,California
Siskiyou,2020-12-26,2,453,0,451,2,2,0,0,2,453,0,0,2,453,California
Siskiyou,2020-12-27,2,455,0,451,2,4,0,0,2,455,0,0,2,455,California
Siskiyou,2020-12-28,3,458,1,452,2,6,0,0,3,458,0,0,3,458,California
Siskiyou,2020-12-29,6,464,2,454,4,10,0,0,6,464,0,0,6,464,California
Siskiyou,2020-12-30,98,562,3,457,95,105,0,0,98,562,0,0,98,562,California
Siskiyou,2020-12-31,12,574,0,457,12,117,0,0,12,574,0,0,12,574,California
Siskiyou,2021-01-02,1,575,1,458,0,117,0,0,1,575,0,0,1,575,California
Siskiyou,2021-01-03,1,576,0,458,1,118,0,0,1,576,0,0,1,576,California
Siskiyou,2021-01-04,130,706,3,461,127,245,0,0,130,706,0,0,130,706,California
Siskiyou,2021-01-05,117,823,4,465,113,358,0,0,116,821,1,1,116,822,California
Siskiyou,2021-01-06,60,883,6,471,54,412,0,0,56,873,4,5,56,878,California
Siskiyou,2021-01-07,175,1058,3,474,172,584,0,0,174,1046,1,6,174,1052,California
Siskiyou,2021-01-08,41,1099,3,477,38,622,0,0,39,1083,2,8,39,1091,California
Siskiyou,2021-01-09,2,1101,2,479,0,622,0,0,0,1081,2,10,0,1091,California
Siskiyou,2021-01-11,226,1327,65,544,161,783,0,0,163,1181,63,73,163,1254,California
Siskiyou,2021-01-12,320,1647,273,817,47,830,0,0,87,1035,233,306,87,1341,California
Siskiyou,2021-01-13,157,1804,137,954,20,850,0,0,23,924,134,440,23,1364,California
Siskiyou,2021-01-14,26,1830,1,955,25,875,0,0,25,948,1,441,25,1389,California
Siskiyou,2021-01-15,35,1865,3,958,32,907,0,0,35,983,0,441,35,1424,California
Siskiyou,2021-01-16,7,1872,2,960,5,912,0,0,7,990,0,441,7,1431,California
Siskiyou,2021-01-17,1,1873,1,961,0,912,0,0,0,989,1,442,0,1431,California
Siskiyou,2021-01-18,75,1948,4,965,71,983,0,0,73,1060,2,444,73,1504,California
Siskiyou,2021-01-19,21,1969,1,966,20,1003,0,0,20,1079,1,445,20,1524,California
Siskiyou,2021-01-20,47,2016,35,1001,12,1015,0,0,43,1118,4,449,43,1567,California
Siskiyou,2021-01-21,42,2058,1,1002,41,1056,0,0,42,1160,0,449,42,1609,California
Siskiyou,2021-01-22,1331,3389,1179,2181,152,1208,0,0,1331,2491,0,449,1331,2940,California
Siskiyou,2021-01-23,5,3394,1,2182,4,1212,0,0,2,2490,3,452,2,2942,California
Siskiyou,2021-01-25,182,3576,8,2190,174,1386,0,0,178,2664,4,456,178,3120,California
Siskiyou,2021-01-26,148,3724,3,2193,145,1531,0,0,140,2796,8,464,140,3260,California
Siskiyou,2021-01-27,179,3903,0,2193,179,1710,0,0,125,2867,54,518,125,3385,California
Siskiyou,2021-01-28,232,4135,118,2311,114,1824,0,0,226,3087,6,524,226,3611,California
Siskiyou,2021-01-29,248,4383,2,2313,246,2070,0,0,246,3331,2,526,246,3857,California
Siskiyou,2021-01-30,3,4386,2,2315,1,2071,0,0,3,3334,0,526,3,3860,California
Siskiyou,2021-02-01,195,4581,3,2318,192,2263,0,0,105,3349,90,616,105,3965,California
Siskiyou,2021-02-02,288,4869,44,2362,244,2507,0,0,147,3355,141,757,147,4112,California
Siskiyou,2021-02-03,313,5182,1,2363,312,2819,0,0,264,3570,49,806,264,4376,California
Siskiyou,2021-02-04,318,5500,7,2370,311,3130,0,0,199,3650,119,925,199,4575,California
Siskiyou,2021-02-05,511,6011,4,2374,507,3637,0,0,346,3831,165,1090,346,4921,California
Siskiyou,2021-02-06,15,6026,0,2374,15,3652,0,0,15,3846,0,1090,15,4936,California
Siskiyou,2021-02-07,3,6029,2,2376,1,3653,0,0,3,3849,0,1090,3,4939,California
Siskiyou,2021-02-08,221,6250,5,2381,216,3869,0,0,216,4060,5,1095,216,5155,California
Siskiyou,2021-02-09,194,6444,3,2384,191,4060,0,0,161,4188,33,1128,161,5316,California
Siskiyou,2021-02-10,370,6814,40,2424,330,4390,0,0,316,4451,53,1181,316,5632,California
Siskiyou,2021-02-11,191,7005,1,2425,190,4580,0,0,175,4610,16,1197,175,5807,California
Siskiyou,2021-02-12,1693,8698,1201,3626,492,5072,0,0,500,3917,1193,2390,500,6307,California
Siskiyou,2021-02-13,36,8734,2,3628,34,5106,0,0,32,3945,4,2394,32,6339,California
Siskiyou,2021-02-14,5,8739,1,3629,4,5110,0,0,5,3950,0,2394,5,6344,California
Siskiyou,2021-02-15,108,8847,10,3639,98,5208,0,0,106,4054,2,2396,106,6450,California
Siskiyou,2021-02-16,114,8961,2,3641,112,5320,0,0,99,4138,15,2411,99,6549,California
Siskiyou,2021-02-17,183,9144,15,3656,168,5488,0,0,169,4293,14,2425,169,6718,California
Siskiyou,2021-02-18,221,9365,89,3745,132,5620,0,0,98,4268,123,2548,98,6816,California
Siskiyou,2021-02-19,70,9435,33,3778,37,5657,0,0,34,4266,36,2584,34,6850,California
Siskiyou,2021-02-20,21,9456,3,3781,18,5675,0,0,17,4279,4,2588,17,6867,California
Siskiyou,2021-02-21,2,9458,2,3783,0,5675,0,0,2,4281,0,2588,2,6869,California
Siskiyou,2021-02-22,124,9582,1,3784,123,5798,0,0,18,4193,106,2694,18,6887,California
Siskiyou,2021-02-23,195,9777,15,3799,180,5978,0,0,51,4100,144,2838,51,6938,California
Siskiyou,2021-02-24,146,9923,4,3803,142,6120,0,0,34,4022,112,2950,34,6972,California
Siskiyou,2021-02-25,300,10223,24,3827,276,6396,0,0,154,4030,146,3096,154,7126,California
Siskiyou,2021-02-26,667,10890,9,3836,658,7054,0,0,365,4093,302,3398,365,7491,California
Siskiyou,2021-02-27,32,10922,5,3841,27,7081,0,0,27,4115,5,3403,27,7518,California
Siskiyou,2021-02-28,4,10926,4,3845,0,7081,0,0,3,4117,1,3404,3,7521,California
Siskiyou,2021-03-01,279,11205,5,3850,274,7355,0,0,49,3936,230,3634,49,7570,California
Siskiyou,2021-03-02,190,11395,1,3851,189,7544,0,0,71,3888,119,3753,71,7641,California
Siskiyou,2021-03-03,343,11738,7,3858,336,7880,0,0,153,3851,190,3943,153,7794,California
Siskiyou,2021-03-04,771,12509,600,4458,171,8051,0,0,620,4320,151,4094,620,8414,California
Siskiyou,2021-03-05,321,12830,6,4464,304,8355,11,11,102,4217,216,4310,113,8527,California
Siskiyou,2021-03-06,35,12865,2,4466,27,8382,6,17,26,4240,9,4319,32,8559,California
Siskiyou,2021-03-07,12,12877,4,4470,0,8382,8,25,3,4242,9,4328,11,8570,California
Siskiyou,2021-03-08,359,13236,31,4501,293,8675,35,60,57,4032,302,4630,92,8662,California
Siskiyou,2021-03-09,161,13397,0,4501,108,8783,53,113,56,4036,105,4735,109,8771,California
Siskiyou,2021-03-10,221,13618,7,4508,183,8966,31,144,32,3909,189,4924,62,8833,California
Siskiyou,2021-03-11,468,14086,202,4710,219,9185,47,191,269,4027,198,5122,316,9149,California
Siskiyou,2021-03-12,627,14713,127,4837,461,9646,39,230,178,3797,447,5569,217,9366,California
Siskiyou,2021-03-13,423,15136,379,5216,21,9667,23,253,380,4157,43,5612,403,9769,California
Siskiyou,2021-03-14,23,15159,2,5218,5,9672,16,269,3,4156,20,5632,19,9788,California
Siskiyou,2021-03-15,453,15612,256,5474,177,9849,20,289,320,4363,133,5765,340,10128,California
Siskiyou,2021-03-16,260,15872,37,5511,206,10055,17,306,145,4411,114,5879,162,10290,California
Siskiyou,2021-03-17,196,16068,6,5517,182,10237,8,314,30,4283,166,6045,38,10328,California
Siskiyou,2021-03-18,926,16994,789,6306,125,10362,12,326,810,4989,116,6161,822,11150,California
Siskiyou,2021-03-19,66,17060,9,6315,44,10406,13,339,20,4976,46,6207,33,11183,California
Siskiyou,2021-03-20,30,17090,7,6322,18,10424,5,344,6,4963,24,6231,11,11194,California
Siskiyou,2021-03-21,9,17099,3,6325,1,10425,5,349,3,4965,6,6237,8,11202,California
Siskiyou,2021-03-22,205,17304,19,6344,164,10589,22,371,142,5069,60,6297,164,11366,California
Siskiyou,2021-03-23,190,17494,19,6363,161,10750,10,381,136,5161,54,6351,146,11512,California
Siskiyou,2021-03-24,143,17637,51,6414,92,10842,0,381,119,5256,24,6375,119,11631,California
Siskiyou,2021-03-25,542,18179,292,6706,247,11089,3,384,372,5461,170,6545,375,12006,California
Siskiyou,2021-03-26,294,18473,27,6733,267,11356,0,384,95,5359,197,6742,95,12101,California
Siskiyou,2021-03-27,37,18510,4,6737,28,11384,5,389,9,5345,28,6770,14,12115,California
Siskiyou,2021-03-28,6,18516,6,6743,0,11384,0,389,4,5347,2,6772,4,12119,California
Siskiyou,2021-03-29,105,18621,11,6754,92,11476,2,391,47,5347,49,6821,49,12168,California
Siskiyou,2021-03-30,99,18720,3,6757,95,11571,1,392,38,5325,61,6882,39,12207,California
Siskiyou,2021-03-31,188,18908,22,6779,164,11735,2,394,50,5241,137,7019,53,12260,California
Siskiyou,2021-04-01,817,19725,670,7449,147,11882,0,394,209,4842,608,7627,209,12469,California
Siskiyou,2021-04-02,343,20068,196,7645,143,12025,4,398,64,4633,277,7904,68,12537,California
Siskiyou,2021-04-03,25,20093,4,7649,14,12039,7,405,5,4625,20,7924,12,12549,California
Siskiyou,2021-04-04,2,20095,2,7651,0,12039,0,405,1,4625,1,7925,1,12550,California
Siskiyou,2021-04-05,431,20526,326,7977,79,12118,26,431,27,4274,404,8329,53,12603,California
Siskiyou,2021-04-06,206,20732,36,8013,127,12245,43,474,121,4353,85,8414,164,12767,California
Siskiyou,2021-04-07,106,20838,11,8024,60,12305,35,509,65,4412,41,8455,100,12867,California
Siskiyou,2021-04-08,313,21151,184,8208,86,12391,43,552,52,4246,261,8716,95,12962,California
Siskiyou,2021-04-09,521,21672,370,8578,120,12511,31,583,75,3909,444,9160,107,13069,California
Siskiyou,2021-04-10,41,21713,4,8582,1,12512,36,619,3,3910,38,9198,39,13108,California
Siskiyou,2021-04-11,5,21718,3,8585,0,12512,2,621,1,3909,4,9202,3,13111,California
Siskiyou,2021-04-12,112,21830,15,8600,97,12609,0,621,44,3885,68,9270,44,13155,California
Siskiyou,2021-04-13,127,21957,1,8601,126,12735,0,621,37,3833,89,9359,37,13192,California
Solano,2020-12-15,4,4,4,4,0,0,0,0,4,4,0,0,4,4,California
Solano,2020-12-16,71,75,71,75,0,0,0,0,71,75,0,0,71,75,California
Solano,2020-12-17,151,226,151,226,0,0,0,0,151,226,0,0,151,226,California
Solano,2020-12-18,448,674,447,673,1,1,0,0,448,674,0,0,448,674,California
Solano,2020-12-19,516,1190,516,1189,0,1,0,0,516,1190,0,0,516,1190,California
Solano,2020-12-20,353,1543,352,1541,1,2,0,0,353,1543,0,0,353,1543,California
Solano,2020-12-21,572,2115,570,2111,2,4,0,0,572,2115,0,0,572,2115,California
Solano,2020-12-22,662,2777,629,2740,33,37,0,0,662,2777,0,0,662,2777,California
Solano,2020-12-23,856,3633,771,3511,85,122,0,0,855,3632,0,0,855,3632,California
Solano,2020-12-24,420,4053,169,3680,251,373,0,0,420,4052,0,0,420,4052,California
Solano,2020-12-25,10,4063,2,3682,8,381,0,0,10,4062,0,0,10,4062,California
Solano,2020-12-26,175,4238,48,3730,127,508,0,0,175,4237,0,0,175,4237,California
Solano,2020-12-27,104,4342,29,3759,75,583,0,0,104,4341,0,0,104,4341,California
Solano,2020-12-28,861,5203,421,4180,440,1023,0,0,861,5202,0,0,861,5202,California
Solano,2020-12-29,889,6092,374,4554,515,1538,0,0,889,6091,0,0,889,6091,California
Solano,2020-12-30,1208,7300,598,5152,610,2148,0,0,1208,7299,0,0,1208,7299,California
Solano,2020-12-31,533,7833,135,5287,398,2546,0,0,533,7832,0,0,533,7832,California
Solano,2021-01-01,13,7846,12,5299,1,2547,0,0,13,7845,0,0,13,7845,California
Solano,2021-01-02,212,8058,164,5463,48,2595,0,0,212,8057,0,0,212,8057,California
Solano,2021-01-03,57,8115,40,5503,17,2612,0,0,52,8109,0,0,52,8109,California
Solano,2021-01-04,451,8566,246,5749,205,2817,0,0,441,8547,3,3,441,8550,California
Solano,2021-01-05,693,9259,376,6125,317,3134,0,0,539,8937,149,152,539,9089,California
Solano,2021-01-06,822,10081,436,6561,386,3520,0,0,560,9237,260,412,560,9649,California
Solano,2021-01-07,1047,11128,696,7257,351,3871,0,0,591,9375,454,866,592,10241,California
Solano,2021-01-08,1116,12244,774,8031,342,4213,0,0,523,9325,575,1441,525,10766,California
Solano,2021-01-09,885,13129,763,8794,122,4335,0,0,428,9299,454,1895,428,11194,California
Solano,2021-01-10,253,13382,193,8987,60,4395,0,0,152,9350,101,1996,152,11346,California
Solano,2021-01-11,1322,14704,1109,10096,213,4608,0,0,807,9642,515,2511,807,12153,California
Solano,2021-01-12,1556,16260,1160,11256,396,5004,0,0,1009,10106,546,3057,1010,13163,California
Solano,2021-01-13,1427,17687,1000,12256,427,5431,0,0,1167,11015,258,3315,1167,14330,California
Solano,2021-01-14,1849,19536,795,13051,1054,6485,0,0,1536,12238,313,3628,1536,15866,California
Solano,2021-01-15,1684,21220,1057,14108,627,7112,0,0,1386,13326,298,3926,1386,17252,California
Solano,2021-01-16,1290,22510,905,15013,385,7497,0,0,1115,14266,175,4101,1115,18367,California
Solano,2021-01-17,1041,23551,760,15773,281,7778,0,0,1024,15273,17,4118,1024,19391,California
Solano,2021-01-18,1405,24956,856,16629,549,8327,0,0,1287,16445,118,4236,1290,20681,California
Solano,2021-01-19,1641,26597,1337,17966,304,8631,0,0,1370,17545,270,4506,1370,22051,California
Solano,2021-01-20,2027,28624,1420,19386,607,9238,0,0,1545,18611,479,4985,1545,23596,California
Solano,2021-01-21,3105,31729,1000,20386,2105,11343,0,0,2762,21031,343,5328,2763,26359,California
Solano,2021-01-22,1749,33478,842,21228,907,12250,0,0,1559,22400,190,5518,1559,27918,California
Solano,2021-01-23,729,34207,236,21464,493,12743,0,0,526,22723,204,5722,527,28445,California
Solano,2021-01-24,379,34586,60,21524,319,13062,0,0,313,22970,66,5788,313,28758,California
Solano,2021-01-25,1616,36202,620,22144,996,14058,0,0,1069,23493,547,6335,1070,29828,California
Solano,2021-01-26,1675,37877,737,22881,938,14996,0,0,1046,23913,628,6963,1048,30876,California
Solano,2021-01-27,1765,39642,727,23608,1038,16034,0,0,1176,24513,576,7539,1176,32052,California
Solano,2021-01-28,1841,41483,715,24323,1126,17160,0,0,1238,25150,602,8141,1239,33291,California
Solano,2021-01-29,1646,43129,781,25104,865,18025,0,0,1294,26094,350,8491,1294,34585,California
Solano,2021-01-30,712,43841,222,25326,490,18515,0,0,551,26484,161,8652,551,35136,California
Solano,2021-01-31,485,44326,393,25719,92,18607,0,0,230,26460,255,8907,231,35367,California
Solano,2021-02-01,1473,45799,974,26693,499,19106,0,0,739,26466,733,9640,739,36106,California
Solano,2021-02-02,3294,49093,1103,27796,2191,21297,0,0,2503,28182,787,10427,2503,38609,California
Solano,2021-02-03,2223,51316,1300,29096,923,22220,0,0,1149,28261,1070,11497,1149,39758,California
Solano,2021-02-04,1755,53071,905,30001,850,23070,0,0,1044,28599,706,12203,1044,40802,California
Solano,2021-02-05,3048,56119,1407,31408,1641,24711,0,0,2057,29674,982,13185,2057,42859,California
Solano,2021-02-06,3021,59140,1169,32577,1852,26563,0,0,2209,31075,809,13994,2210,45069,California
Solano,2021-02-07,848,59988,786,33363,62,26625,0,0,230,30687,618,14612,230,45299,California
Solano,2021-02-08,1706,61694,1232,34595,474,27099,0,0,676,30335,1028,15640,676,45975,California
Solano,2021-02-09,1893,63587,1469,36064,424,27523,0,0,674,29792,1218,16858,675,46650,California
Solano,2021-02-10,2248,65835,1498,37562,750,28273,0,0,826,29196,1422,18280,826,47476,California
Solano,2021-02-11,2389,68224,1439,39001,950,29223,0,0,1120,29057,1259,19539,1120,48596,California
Solano,2021-02-12,4086,72310,1594,40595,2492,31715,0,0,2778,30534,1301,20840,2778,51374,California
Solano,2021-02-13,2813,75123,240,40835,2573,34288,0,0,2432,32588,378,21218,2432,53806,California
Solano,2021-02-14,688,75811,201,41036,487,34775,0,0,412,32726,274,21492,412,54218,California
Solano,2021-02-15,1291,77102,322,41358,969,35744,0,0,670,32777,619,22111,670,54888,California
Solano,2021-02-16,2386,79488,1225,42583,1161,36905,0,0,1622,33636,763,22874,1622,56510,California
Solano,2021-02-17,2695,82183,1218,43801,1477,38382,0,0,1906,34757,786,23660,1907,58417,California
Solano,2021-02-18,2569,84752,697,44498,1872,40254,0,0,807,33810,1755,25415,808,59225,California
Solano,2021-02-19,2206,86958,1263,45761,943,41197,0,0,1125,33860,1077,26492,1127,60352,California
Solano,2021-02-20,2542,89500,381,46142,2161,43358,0,0,2074,35465,469,26961,2074,62426,California
Solano,2021-02-21,2142,91642,1860,48002,282,43640,0,0,1857,37040,282,27243,1857,64283,California
Solano,2021-02-22,1577,93219,912,48914,665,44305,0,0,816,37098,759,28002,817,65100,California
Solano,2021-02-23,2485,95704,968,49882,1517,45822,0,0,1637,37892,845,28847,1639,66739,California
Solano,2021-02-24,2327,98031,1131,51013,1196,47018,0,0,1299,38165,1026,29873,1299,68038,California
Solano,2021-02-25,2282,100313,1345,52358,937,47955,0,0,1257,38403,1019,30892,1257,69295,California
Solano,2021-02-26,2626,102939,1522,53880,1104,49059,0,0,1376,38533,1246,32138,1376,70671,California
Solano,2021-02-27,3636,106575,1371,55251,2265,51324,0,0,2947,40797,683,32821,2947,73618,California
Solano,2021-02-28,1353,107928,1038,56289,315,51639,0,0,1081,41609,269,33090,1081,74699,California
Solano,2021-03-01,2206,110134,1058,57347,1148,52787,0,0,1600,42608,601,33691,1600,76299,California
Solano,2021-03-02,1936,112070,1228,58575,708,53495,0,0,1203,43078,733,34424,1203,77502,California
Solano,2021-03-03,2093,114163,1181,59756,912,54407,0,0,1291,43575,794,35218,1291,78793,California
Solano,2021-03-04,4200,118363,3277,63033,921,55328,2,2,3117,45619,1078,36296,3122,81915,California
Solano,2021-03-05,4682,123045,1601,64634,3078,58406,3,5,3775,48500,897,37193,3778,85693,California
Solano,2021-03-06,3743,126788,822,65456,2882,61288,39,44,2577,49959,1157,38350,2616,88309,California
Solano,2021-03-07,3472,130260,736,66192,2726,64014,10,54,1925,50358,1537,39887,1936,90245,California
Solano,2021-03-08,1590,131850,812,67004,506,64520,272,326,1086,51214,501,40388,1357,91602,California
Solano,2021-03-09,2897,134747,1332,68336,1513,66033,52,378,2074,52514,823,41211,2123,93725,California
Solano,2021-03-10,2190,136937,1553,69889,552,66585,85,463,1096,52603,1091,42302,1180,94905,California
Solano,2021-03-11,5511,142448,1401,71290,3855,70440,255,718,4526,56400,984,43286,4781,99686,California
Solano,2021-03-12,5724,148172,1383,72673,4176,74616,165,883,3004,56852,2716,46002,3168,102854,California
Solano,2021-03-13,4546,152718,799,73472,3665,78281,82,965,2226,56850,2314,48316,2312,105166,California
Solano,2021-03-14,3988,156706,3110,76582,425,78706,453,1418,1659,56634,2325,50641,2109,107275,California
Solano,2021-03-15,3758,160464,2235,78817,1207,79913,316,1734,2403,58004,1349,51990,2719,109994,California
Solano,2021-03-16,2852,163316,1134,79951,1483,81396,235,1969,1435,58261,1412,53402,1669,111663,California
Solano,2021-03-17,5927,169243,1476,81427,4361,85757,90,2059,4582,61592,1341,54743,4672,116335,California
Solano,2021-03-18,5000,174243,1676,83103,3287,89044,37,2096,3694,64026,1297,56040,3731,120066,California
Solano,2021-03-19,2620,176863,1790,84893,757,89801,73,2169,1436,64356,1180,57220,1510,121576,California
Solano,2021-03-20,5452,182315,1668,86561,3731,93532,53,2222,2797,64561,2645,59865,2850,124426,California
Solano,2021-03-21,1663,183978,1569,88130,70,93602,24,2246,851,64623,811,60676,873,125299,California
Solano,2021-03-22,2388,186366,1776,89906,563,94165,49,2295,1433,65153,949,61625,1479,126778,California
Solano,2021-03-23,3321,189687,1495,91401,1784,95949,42,2337,1515,64908,1802,63427,1557,128335,California
Solano,2021-03-24,2653,192340,1635,93036,984,96933,34,2371,1265,64825,1382,64809,1299,129634,California
Solano,2021-03-25,4535,196875,3666,96702,833,97766,36,2407,2020,64372,2510,67319,2057,131691,California
Solano,2021-03-26,2769,199644,1668,98370,1064,98830,37,2444,1498,64643,1264,68583,1535,133226,California
Solano,2021-03-27,4172,203816,1152,99522,2984,101814,36,2480,1797,64107,2369,70952,1833,135059,California
Solano,2021-03-28,1349,205165,1103,100625,228,102042,18,2498,553,63888,791,71743,572,135631,California
Solano,2021-03-29,2760,207925,1491,102116,1253,103295,16,2514,1547,64243,1208,72951,1563,137194,California
Solano,2021-03-30,2774,210699,1824,103940,864,104159,86,2600,1739,65035,1033,73984,1825,139019,California
Solano,2021-03-31,2857,213556,1921,105861,783,104942,153,2753,1658,65648,1196,75180,1809,140828,California
Solano,2021-04-01,5062,218618,1677,107538,3239,108181,146,2899,3401,67548,1647,76827,3547,144375,California
Solano,2021-04-02,5513,224131,1672,109210,3680,111861,161,3060,2423,67054,3078,79905,2584,146959,California
Solano,2021-04-03,1510,225641,959,110169,399,112260,152,3212,568,66834,940,80845,720,147679,California
Solano,2021-04-04,773,226414,286,110455,187,112447,300,3512,237,66839,532,81377,537,148216,California
Solano,2021-04-05,2814,229228,1887,112342,731,113178,196,3708,1412,67045,1401,82778,1607,149823,California
Solano,2021-04-06,5169,234397,1391,113733,3297,116475,481,4189,1518,65396,3647,86425,1998,151821,California
Solano,2021-04-07,5019,239416,3689,117422,928,117403,402,4591,2884,66556,2129,88554,3289,155110,California
Solano,2021-04-08,5404,244820,1537,118959,2999,120402,868,5459,1600,65231,3788,92342,2463,157573,California
Solano,2021-04-09,4534,249354,1409,120368,2447,122849,678,6137,1164,63714,3358,95700,1841,159414,California
Solano,2021-04-10,1450,250804,823,121191,315,123164,312,6449,626,63829,822,96522,937,160351,California
Solano,2021-04-11,1120,251924,742,121933,297,123461,81,6530,599,63991,518,97040,680,161031,California
Solano,2021-04-12,2605,254529,1442,123375,922,124383,241,6771,1258,64147,1343,98383,1499,162530,California
Solano,2021-04-13,1487,256016,645,124020,841,125224,1,6772,883,64430,601,98984,884,163414,California
Sonoma,2020-12-15,4,4,4,4,0,0,0,0,4,4,0,0,4,4,California
Sonoma,2020-12-16,27,31,27,31,0,0,0,0,27,31,0,0,27,31,California
Sonoma,2020-12-17,102,133,102,133,0,0,0,0,102,133,0,0,102,133,California
Sonoma,2020-12-18,421,554,421,554,0,0,0,0,421,554,0,0,421,554,California
Sonoma,2020-12-19,111,665,110,664,1,1,0,0,111,665,0,0,111,665,California
Sonoma,2020-12-20,174,839,174,838,0,1,0,0,174,839,0,0,174,839,California
Sonoma,2020-12-21,911,1750,909,1747,2,3,0,0,910,1749,0,0,910,1749,California
Sonoma,2020-12-22,1357,3107,1265,3012,92,95,0,0,1357,3106,0,0,1357,3106,California
Sonoma,2020-12-23,1602,4709,1228,4240,374,469,0,0,1603,4709,0,0,1603,4709,California
Sonoma,2020-12-24,305,5014,101,4341,204,673,0,0,305,5014,0,0,305,5014,California
Sonoma,2020-12-25,8,5022,2,4343,6,679,0,0,8,5022,0,0,8,5022,California
Sonoma,2020-12-26,266,5288,255,4598,11,690,0,0,266,5288,0,0,266,5288,California
Sonoma,2020-12-27,93,5381,80,4678,13,703,0,0,93,5381,0,0,93,5381,California
Sonoma,2020-12-28,991,6372,554,5232,437,1140,0,0,963,6344,0,0,963,6344,California
Sonoma,2020-12-29,1129,7501,776,6008,353,1493,0,0,1095,7439,0,0,1095,7439,California
Sonoma,2020-12-30,1092,8593,478,6486,614,2107,0,0,1084,8523,0,0,1084,8523,California
Sonoma,2020-12-31,517,9110,71,6557,446,2553,0,0,518,9041,0,0,518,9041,California
Sonoma,2021-01-01,10,9120,5,6562,5,2558,0,0,10,9051,0,0,10,9051,California
Sonoma,2021-01-02,132,9252,126,6688,6,2564,0,0,132,9183,0,0,132,9183,California
Sonoma,2021-01-03,25,9277,11,6699,14,2578,0,0,25,9208,0,0,25,9208,California
Sonoma,2021-01-04,341,9618,105,6804,236,2814,0,0,340,9548,0,0,340,9548,California
Sonoma,2021-01-05,440,10058,103,6907,337,3151,0,0,416,9949,15,15,416,9964,California
Sonoma,2021-01-06,946,11004,431,7338,515,3666,0,0,833,10677,105,120,833,10797,California
Sonoma,2021-01-07,1023,12027,531,7869,492,4158,0,0,853,11361,169,289,853,11650,California
Sonoma,2021-01-08,1783,13810,1227,9096,556,4714,0,0,1313,12206,468,757,1313,12963,California
Sonoma,2021-01-09,637,14447,401,9497,236,4950,0,0,589,12747,48,805,589,13552,California
Sonoma,2021-01-10,473,14920,462,9959,11,4961,0,0,280,12834,193,998,280,13832,California
Sonoma,2021-01-11,1382,16302,1236,11195,146,5107,0,0,413,12282,965,1963,413,14245,California
Sonoma,2021-01-12,1546,17848,1293,12488,253,5360,0,0,395,11528,1149,3112,395,14640,California
Sonoma,2021-01-13,2066,19914,1424,13912,642,6002,0,0,1203,11871,860,3972,1203,15843,California
Sonoma,2021-01-14,1530,21444,808,14720,722,6724,0,0,1300,12941,230,4202,1300,17143,California
Sonoma,2021-01-15,1562,23006,634,15354,928,7652,0,0,1342,14073,211,4413,1343,18486,California
Sonoma,2021-01-16,1142,24148,613,15967,529,8181,0,0,897,14729,241,4654,897,19383,California
Sonoma,2021-01-17,667,24815,548,16515,119,8300,0,0,586,15234,81,4735,586,19969,California
Sonoma,2021-01-18,1105,25920,932,17447,173,8473,0,0,614,15358,491,5226,615,20584,California
Sonoma,2021-01-19,2094,28014,1006,18453,1088,9561,0,0,1384,16035,708,5934,1385,21969,California
Sonoma,2021-01-20,2073,30087,623,19076,1450,11011,0,0,1415,16802,649,6583,1416,23385,California
Sonoma,2021-01-21,2227,32314,618,19694,1609,12620,0,0,2008,18594,217,6800,2009,25394,California
Sonoma,2021-01-22,2725,35039,1033,20727,1692,14312,0,0,2577,21024,147,6947,2577,27971,California
Sonoma,2021-01-23,765,35804,593,21320,172,14484,0,0,658,21576,106,7053,658,28629,California
Sonoma,2021-01-24,828,36632,694,22014,134,14618,0,0,813,22374,15,7068,813,29442,California
Sonoma,2021-01-25,2170,38802,519,22533,1651,16269,0,0,1682,23568,488,7556,1682,31124,California
Sonoma,2021-01-26,2004,40806,295,22828,1709,17978,0,0,1548,24661,455,8011,1548,32672,California
Sonoma,2021-01-27,3686,44492,1273,24101,2413,20391,0,0,3114,27208,570,8581,3117,35789,California
Sonoma,2021-01-28,4090,48582,1822,25923,2268,22659,0,0,3426,29974,661,9242,3427,39216,California
Sonoma,2021-01-29,2956,51538,1403,27326,1553,24212,0,0,2128,31277,826,10068,2129,41345,California
Sonoma,2021-01-30,2569,54107,2382,29708,187,24399,0,0,2235,33179,334,10402,2236,43581,California
Sonoma,2021-01-31,775,54882,663,30371,112,24511,0,0,577,33559,197,10599,577,44158,California
Sonoma,2021-02-01,2491,57373,872,31243,1619,26130,0,0,2090,35250,399,10998,2090,46248,California
Sonoma,2021-02-02,3442,60815,1363,32606,2079,28209,0,0,2876,37562,564,11562,2876,49124,California
Sonoma,2021-02-03,4023,64838,1319,33925,2704,30913,0,0,3100,39741,921,12483,3100,52224,California
Sonoma,2021-02-04,4183,69021,1703,35628,2480,33393,0,0,3408,42376,773,13256,3408,55632,California
Sonoma,2021-02-05,4794,73815,1732,37360,3062,36455,0,0,3782,45151,1008,14264,3783,59415,California
Sonoma,2021-02-06,2647,76462,2289,39649,358,36813,0,0,2090,46686,556,14820,2091,61506,California
Sonoma,2021-02-07,1525,77987,1391,41040,134,36947,0,0,1277,47715,248,15068,1277,62783,California
Sonoma,2021-02-08,3247,81234,1029,42069,2218,39165,0,0,2668,49805,578,15646,2668,65451,California
Sonoma,2021-02-09,3547,84781,1694,43763,1853,41018,0,0,3069,52398,476,16122,3069,68520,California
Sonoma,2021-02-10,4400,89181,2357,46120,2043,43061,0,0,3368,54741,1026,17148,3369,71889,California
Sonoma,2021-02-11,5328,94509,2786,48906,2542,45603,0,0,4157,57729,1169,18317,4157,76046,California
Sonoma,2021-02-12,5628,100137,2971,51877,2657,48260,0,0,4215,60537,1409,19726,4217,80263,California
Sonoma,2021-02-13,1982,102119,1152,53029,830,49090,0,0,1205,60969,774,20500,1206,81469,California
Sonoma,2021-02-14,2303,104422,1807,54836,496,49586,0,0,1582,61831,720,21220,1582,83051,California
Sonoma,2021-02-15,2132,106554,785,55621,1347,50933,0,0,1607,62914,524,21744,1607,84658,California
Sonoma,2021-02-16,4609,111163,2047,57668,2562,53495,0,0,3361,65031,1244,22988,3361,88019,California
Sonoma,2021-02-17,5314,116477,2881,60549,2433,55928,0,0,3329,66386,1975,24963,3330,91349,California
Sonoma,2021-02-18,6759,123236,2986,63535,3773,59701,0,0,3872,67380,2879,27842,3873,95222,California
Sonoma,2021-02-19,5353,128589,1650,65185,3703,63404,0,0,3265,68563,2083,29925,3266,98488,California
Sonoma,2021-02-20,3097,131686,2819,68004,278,63682,0,0,1218,67908,1873,31798,1218,99706,California
Sonoma,2021-02-21,514,132200,410,68414,104,63786,0,0,129,67655,382,32180,129,99835,California
Sonoma,2021-02-22,2704,134904,1347,69761,1357,65143,0,0,1040,67036,1659,33839,1040,100875,California
Sonoma,2021-02-23,3073,137977,2048,71809,1025,66168,0,0,1347,66662,1722,35561,1348,102223,California
Sonoma,2021-02-24,5450,143427,2532,74341,2918,69086,0,0,2733,66685,2712,38273,2735,104958,California
Sonoma,2021-02-25,5638,149065,2221,76562,3417,72503,0,0,2968,67004,2649,40922,2968,107926,California
Sonoma,2021-02-26,5999,155064,2732,79294,3267,75770,0,0,3730,68470,2264,43186,3730,111656,California
Sonoma,2021-02-27,3996,159060,1900,81194,2096,77866,0,0,2666,69808,1328,44514,2666,114322,California
Sonoma,2021-02-28,2323,161383,1841,83035,482,78348,0,0,610,68711,1707,46221,610,114932,California
Sonoma,2021-03-01,3654,165037,1121,84156,2533,80881,0,0,1810,68686,1836,48057,1811,116743,California
Sonoma,2021-03-02,4199,169236,1451,85607,2748,83629,0,0,2476,69447,1715,49772,2476,119219,California
Sonoma,2021-03-03,4766,174002,2496,88103,2270,85899,0,0,2187,69062,2572,52344,2187,121406,California
Sonoma,2021-03-04,5671,179673,2433,90536,3238,89137,0,0,2560,68525,3097,55441,2560,123966,California
Sonoma,2021-03-05,6142,185815,2545,93081,3582,92719,15,15,2703,67817,3427,58868,2719,126685,California
Sonoma,2021-03-06,2744,188559,1203,94284,1410,94129,131,146,1890,68988,849,59717,2020,128705,California
Sonoma,2021-03-07,1670,190229,1387,95671,250,94379,33,179,354,68061,1314,61031,387,129092,California
Sonoma,2021-03-08,3881,194110,651,96322,3054,97433,176,355,2218,68800,1653,62684,2392,131484,California
Sonoma,2021-03-09,5397,199507,2995,99317,2162,99595,240,595,2656,68961,2735,65419,2896,134380,California
Sonoma,2021-03-10,5926,205433,3163,102480,2439,102034,324,919,2395,68163,3517,68936,2719,137099,California
Sonoma,2021-03-11,7456,212889,2969,105449,3678,105712,809,1728,2631,66786,4817,73753,3440,140539,California
Sonoma,2021-03-12,7339,220228,2249,107698,3740,109452,1350,3078,2092,64995,5229,78982,3438,143977,California
Sonoma,2021-03-13,3191,223419,1539,109237,1421,110873,231,3309,1823,65680,1367,80349,2052,146029,California
Sonoma,2021-03-14,1372,224791,382,109619,849,111722,141,3450,845,66141,524,80873,985,147014,California
Sonoma,2021-03-15,5207,229998,1486,111105,3336,115058,385,3835,2192,65710,3007,83880,2576,149590,California
Sonoma,2021-03-16,6245,236243,2218,113323,3795,118853,232,4067,3159,66018,3081,86961,3389,152979,California
Sonoma,2021-03-17,6724,242967,3514,116837,3031,121884,179,4246,3541,66565,3174,90135,3721,156700,California
Sonoma,2021-03-18,7061,250028,2917,119754,3534,125418,610,4856,3153,66423,3902,94037,3760,160460,California
Sonoma,2021-03-19,7442,257470,3211,122965,4000,129418,231,5087,3304,65842,4120,98157,3539,163999,California
Sonoma,2021-03-20,3623,261093,1739,124704,1054,130472,830,5917,1967,66990,1649,99806,2797,166796,California
Sonoma,2021-03-21,1372,262465,603,125307,736,131208,33,5950,1207,68068,162,99968,1240,168036,California
Sonoma,2021-03-22,4477,266942,3081,128388,1296,132504,100,6050,3536,70767,938,100906,3637,171673,California
Sonoma,2021-03-23,5764,272706,3583,131971,2106,134610,75,6125,4644,74376,1111,102017,4720,176393,California
Sonoma,2021-03-24,6574,279280,4258,136229,2251,136861,65,6190,4153,76188,2405,104422,4217,180610,California
Sonoma,2021-03-25,6878,286158,4133,140362,2642,139503,103,6293,4274,77983,2582,107004,4377,184987,California
Sonoma,2021-03-26,7220,293378,3423,143785,3710,143213,87,6380,3987,78839,3219,110223,4075,189062,California
Sonoma,2021-03-27,3773,297151,1491,145276,1920,145133,362,6742,1123,77678,2645,112868,1484,190546,California
Sonoma,2021-03-28,1497,298648,943,146219,527,145660,27,6769,944,78097,552,113420,971,191517,California
Sonoma,2021-03-29,2823,301471,1085,147304,1705,147365,33,6802,1616,78546,1200,114620,1649,193166,California
Sonoma,2021-03-30,5629,307100,3111,150415,2457,149822,61,6863,3042,79069,2581,117201,3104,196270,California
Sonoma,2021-03-31,5477,312577,3327,153742,1937,151759,213,7076,3308,80431,2159,119360,3521,199791,California
Sonoma,2021-04-01,6657,319234,3963,157705,2365,154124,329,7405,3585,81282,3059,122419,3910,203701,California
Sonoma,2021-04-02,5889,325123,3535,161240,2246,156370,108,7513,3563,82632,2322,124741,3672,207373,California
Sonoma,2021-04-03,3357,328480,1641,162881,1497,157867,219,7732,1480,82465,1866,126607,1699,209072,California
Sonoma,2021-04-04,1050,329530,681,163562,279,158146,90,7822,665,82836,384,126991,755,209827,California
Sonoma,2021-04-05,4328,333858,577,164139,3429,161575,322,8144,1790,82416,2532,129523,2112,211939,California
Sonoma,2021-04-06,6744,340602,3435,167574,2917,164492,392,8536,3930,83935,2802,132325,4321,216260,California
Sonoma,2021-04-07,6713,347315,3810,171384,2083,166575,820,9356,3260,84565,3446,135771,4076,220336,California
Sonoma,2021-04-08,7370,354685,4081,175465,2530,169105,759,10115,4002,85966,3358,139129,4759,225095,California
Sonoma,2021-04-09,6183,360868,3419,178884,1992,171097,772,10887,3175,86911,2996,142125,3941,229036,California
Sonoma,2021-04-10,3368,364236,1587,180471,1218,172315,563,11450,1045,86196,2318,144443,1603,230639,California
Sonoma,2021-04-11,1259,365495,595,181066,589,172904,75,11525,431,85875,827,145270,506,231145,California
Sonoma,2021-04-12,4347,369842,1653,182719,2238,175142,456,11981,1477,84936,2865,148135,1926,233071,California
Sonoma,2021-04-13,4352,374194,2428,185147,1922,177064,2,11983,1387,83364,2961,151096,1389,234460,California
Stanislaus,2020-12-15,2,2,2,2,0,0,0,0,2,2,0,0,2,2,California
Stanislaus,2020-12-16,37,39,37,39,0,0,0,0,37,39,0,0,37,39,California
Stanislaus,2020-12-17,73,112,73,112,0,0,0,0,73,112,0,0,73,112,California
Stanislaus,2020-12-18,428,540,421,533,7,7,0,0,428,540,0,0,428,540,California
Stanislaus,2020-12-19,191,731,191,724,0,7,0,0,191,731,0,0,191,731,California
Stanislaus,2020-12-20,125,856,125,849,0,7,0,0,125,856,0,0,125,856,California
Stanislaus,2020-12-21,1124,1980,1121,1970,3,10,0,0,1123,1979,0,0,1123,1979,California
Stanislaus,2020-12-22,849,2829,837,2807,12,22,0,0,849,2828,0,0,849,2828,California
Stanislaus,2020-12-23,460,3289,443,3250,17,39,0,0,459,3287,0,0,459,3287,California
Stanislaus,2020-12-24,97,3386,88,3338,9,48,0,0,97,3384,0,0,97,3384,California
Stanislaus,2020-12-26,50,3436,8,3346,42,90,0,0,50,3434,0,0,50,3434,California
Stanislaus,2020-12-27,10,3446,5,3351,5,95,0,0,10,3444,0,0,10,3444,California
Stanislaus,2020-12-28,501,3947,405,3756,96,191,0,0,501,3945,0,0,501,3945,California
Stanislaus,2020-12-29,504,4451,429,4185,75,266,0,0,504,4449,0,0,504,4449,California
Stanislaus,2020-12-30,539,4990,283,4468,256,522,0,0,539,4987,1,1,539,4988,California
Stanislaus,2020-12-31,314,5304,171,4639,143,665,0,0,316,5303,0,1,316,5304,California
Stanislaus,2021-01-01,9,5313,2,4641,7,672,0,0,9,5312,0,1,9,5313,California
Stanislaus,2021-01-02,31,5344,24,4665,7,679,0,0,31,5343,0,1,31,5344,California
Stanislaus,2021-01-03,88,5432,85,4750,3,682,0,0,88,5431,0,1,88,5432,California
Stanislaus,2021-01-04,117,5549,33,4783,84,766,0,0,120,5551,0,1,120,5552,California
Stanislaus,2021-01-05,854,6403,337,5120,517,1283,0,0,823,6357,23,24,829,6381,California
Stanislaus,2021-01-06,978,7381,547,5667,431,1714,0,0,903,7197,64,88,904,7285,California
Stanislaus,2021-01-07,1103,8484,712,6379,391,2105,0,0,977,8062,113,201,978,8263,California
Stanislaus,2021-01-08,1319,9803,754,7133,565,2670,0,0,947,8647,366,567,951,9214,California
Stanislaus,2021-01-09,284,10087,141,7274,143,2813,0,0,194,8751,90,657,194,9408,California
Stanislaus,2021-01-10,48,10135,21,7295,27,2840,0,0,29,8761,19,676,29,9437,California
Stanislaus,2021-01-11,1551,11686,1265,8560,286,3126,0,0,606,8441,940,1616,620,10057,California
Stanislaus,2021-01-12,1492,13178,889,9449,603,3729,0,0,831,8622,657,2273,838,10895,California
Stanislaus,2021-01-13,1442,14620,677,10126,765,4494,0,0,1115,9418,326,2599,1122,12017,California
Stanislaus,2021-01-14,2214,16834,280,10406,1934,6428,0,0,2063,11386,149,2748,2117,14134,California
Stanislaus,2021-01-15,2884,19718,1143,11549,1741,8169,0,0,2729,14048,133,2881,2795,16929,California
Stanislaus,2021-01-16,564,20282,49,11598,515,8684,0,0,549,14585,14,2895,551,17480,California
Stanislaus,2021-01-17,241,20523,200,11798,41,8725,0,0,236,14816,5,2900,236,17716,California
Stanislaus,2021-01-18,2178,22701,1018,12816,1160,9885,0,0,1808,16317,367,3267,1868,19584,California
Stanislaus,2021-01-19,1271,23972,738,13554,533,10418,0,0,810,16670,458,3725,811,20395,California
Stanislaus,2021-01-20,994,24966,480,14034,514,10932,0,0,702,17081,291,4016,702,21097,California
Stanislaus,2021-01-21,3672,28638,2957,16991,715,11647,0,0,3355,20208,315,4331,3442,24539,California
Stanislaus,2021-01-22,1092,29730,308,17299,784,12431,0,0,1049,21222,39,4370,1053,25592,California
Stanislaus,2021-01-23,342,30072,38,17337,304,12735,0,0,288,21460,54,4424,292,25884,California
Stanislaus,2021-01-24,289,30361,99,17436,190,12925,0,0,223,21619,66,4490,225,26109,California
Stanislaus,2021-01-25,3144,33505,218,17654,2926,15851,0,0,2841,24286,304,4794,2971,29080,California
Stanislaus,2021-01-26,1731,35236,737,18391,994,16845,0,0,1313,25200,414,5208,1328,30408,California
Stanislaus,2021-01-27,1829,37065,972,19363,857,17702,0,0,1172,25724,649,5857,1173,31581,California
Stanislaus,2021-01-28,2248,39313,1496,20859,752,18454,0,0,1758,27053,479,6336,1808,33389,California
Stanislaus,2021-01-29,2477,41790,1198,22057,1279,19733,0,0,1947,28560,482,6818,1989,35378,California
Stanislaus,2021-01-30,297,42087,121,22178,176,19909,0,0,247,28755,52,6870,247,35625,California
Stanislaus,2021-01-31,364,42451,311,22489,53,19962,0,0,363,29108,10,6880,363,35988,California
Stanislaus,2021-02-01,1261,43712,540,23029,721,20683,0,0,921,29702,327,7207,921,36909,California
Stanislaus,2021-02-02,1246,44958,373,23402,873,21556,0,0,792,30054,444,7651,796,37705,California
Stanislaus,2021-02-03,2491,47449,1072,24474,1419,22975,0,0,1816,31204,671,8322,1821,39526,California
Stanislaus,2021-02-04,2095,49544,716,25190,1379,24354,0,0,1585,32289,504,8826,1589,41115,California
Stanislaus,2021-02-05,2843,52387,1450,26640,1393,25747,0,0,1606,32712,1187,10013,1610,42725,California
Stanislaus,2021-02-06,1009,53396,287,26927,722,26469,0,0,821,33347,187,10200,822,43547,California
Stanislaus,2021-02-07,211,53607,187,27114,24,26493,0,0,41,33220,169,10369,42,43589,California
Stanislaus,2021-02-08,2018,55625,1308,28422,710,27203,0,0,1116,33462,876,11245,1118,44707,California
Stanislaus,2021-02-09,1866,57491,787,29209,1079,28282,0,0,1095,33792,768,12013,1098,45805,California
Stanislaus,2021-02-10,1978,59469,563,29772,1415,29697,0,0,1060,33953,901,12914,1062,46867,California
Stanislaus,2021-02-11,5527,64996,3407,33179,2120,31817,0,0,1404,31398,3963,16877,1408,48275,California
Stanislaus,2021-02-12,3527,68523,1102,34281,2425,34242,0,0,1662,31244,1817,18694,1663,49938,California
Stanislaus,2021-02-13,1532,70055,744,35025,788,35030,0,0,1085,31888,446,19140,1090,51028,California
Stanislaus,2021-02-14,420,70475,169,35194,251,35281,0,0,355,32178,65,19205,355,51383,California
Stanislaus,2021-02-15,1842,72317,254,35448,1588,36869,0,0,630,31698,1115,20320,635,52018,California
Stanislaus,2021-02-16,1384,73701,412,35860,972,37841,0,0,612,31545,767,21087,614,52632,California
Stanislaus,2021-02-17,2741,76442,1660,37520,1081,38922,0,0,1973,32754,771,21858,1980,54612,California
Stanislaus,2021-02-18,3385,79827,1874,39394,1511,40433,0,0,1835,33116,1481,23339,1843,56455,California
Stanislaus,2021-02-19,2778,82605,1043,40437,1735,42168,0,0,1567,33507,1185,24524,1576,58031,California
Stanislaus,2021-02-20,753,83358,369,40806,384,42552,0,0,497,33758,247,24771,498,58529,California
Stanislaus,2021-02-21,866,84224,654,41460,212,42764,0,0,525,33966,328,25099,536,59065,California
Stanislaus,2021-02-22,2366,86590,1674,43134,692,43456,0,0,1659,34942,685,25784,1661,60726,California
Stanislaus,2021-02-23,3699,90289,679,43813,3020,46476,0,0,1751,34880,1817,27601,1755,62481,California
Stanislaus,2021-02-24,4200,94489,2854,46667,1346,47822,0,0,3194,37084,993,28594,3197,65678,California
Stanislaus,2021-02-25,3923,98412,2642,49309,1281,49103,0,0,3123,39423,787,29381,3126,68804,California
Stanislaus,2021-02-26,4235,102647,1213,50522,3022,52125,0,0,2873,40980,1325,30706,2882,71686,California
Stanislaus,2021-02-27,2214,104861,698,51220,1515,53640,1,1,1962,42714,229,30935,1963,73649,California
Stanislaus,2021-02-28,814,105675,264,51484,550,54190,0,1,765,43436,44,30979,766,74415,California
Stanislaus,2021-03-01,2778,108453,1593,53077,1185,55375,0,1,1649,43974,1115,32094,1653,76068,California
Stanislaus,2021-03-02,2400,110853,1421,54498,979,56354,0,1,1665,44908,731,32825,1665,77733,California
Stanislaus,2021-03-03,3757,114610,2254,56752,1500,57854,3,4,2909,46977,840,33665,2909,80642,California
Stanislaus,2021-03-04,5577,120187,3222,59974,2337,60191,18,22,4243,49915,1317,34982,4255,84897,California
Stanislaus,2021-03-05,4269,124456,1307,61281,2945,63136,17,39,3145,51963,1113,36095,3161,88058,California
Stanislaus,2021-03-06,3764,128220,2267,63548,1404,64540,93,132,2743,53779,1021,37116,2837,90895,California
Stanislaus,2021-03-07,842,129062,384,63932,421,64961,37,169,652,54283,184,37300,688,91583,California
Stanislaus,2021-03-08,2055,131117,922,64854,1045,66006,88,257,1324,54972,723,38023,1412,92995,California
Stanislaus,2021-03-09,2258,133375,945,65799,1220,67226,93,350,1698,56213,552,38575,1793,94788,California
Stanislaus,2021-03-10,5089,138464,2509,68308,2359,69585,221,571,3767,58904,1310,39885,4001,98789,California
Stanislaus,2021-03-11,5811,144275,3156,71464,2174,71759,481,1052,4228,62185,1430,41315,4711,103500,California
Stanislaus,2021-03-12,5788,150063,1224,72688,2630,74389,1934,2986,2934,64212,2841,44156,4868,108368,California
Stanislaus,2021-03-13,3447,153510,2147,74835,1233,75622,67,3053,2780,66397,667,44823,2852,111220,California
Stanislaus,2021-03-14,970,154480,578,75413,340,75962,52,3105,485,66453,484,45307,540,111760,California
Stanislaus,2021-03-15,3755,158235,1971,77384,1408,77370,376,3481,1662,66494,2004,47311,2045,113805,California
Stanislaus,2021-03-16,4968,163203,2432,79816,2094,79464,442,3923,3576,69110,1401,48712,4017,117822,California
Stanislaus,2021-03-17,4930,168133,2996,82812,1752,81216,182,4105,3091,70556,1833,50545,3279,121101,California
Stanislaus,2021-03-18,5718,173851,3538,86350,2113,83329,67,4172,3271,71585,2314,52859,3343,124444,California
Stanislaus,2021-03-19,6366,180217,1743,88093,3094,86423,1529,5701,3478,73734,2859,55718,5008,129452,California
Stanislaus,2021-03-20,3996,184213,2955,91048,971,87394,70,5771,3521,76857,469,56187,3592,133044,California
Stanislaus,2021-03-21,989,185202,890,91938,34,87428,65,5836,756,77443,233,56420,819,133863,California
Stanislaus,2021-03-22,2847,188049,1334,93272,786,88214,727,6563,1257,77849,1578,57998,1984,135847,California
Stanislaus,2021-03-23,3951,192000,2006,95278,1683,89897,262,6825,2821,79827,1119,59117,3097,138944,California
Stanislaus,2021-03-24,4544,196544,3192,98470,1284,91181,68,6893,2653,80698,1852,60969,2723,141667,California
Stanislaus,2021-03-25,4426,200970,3026,101496,1383,92564,17,6910,1976,80314,2378,63347,1994,143661,California
Stanislaus,2021-03-26,4791,205761,1385,102881,3331,95895,75,6985,2431,80500,2332,65679,2518,146179,California
Stanislaus,2021-03-27,4403,210164,2705,105586,1675,97570,23,7008,1362,78873,3026,68705,1399,147578,California
Stanislaus,2021-03-28,1183,211347,444,106030,552,98122,187,7195,349,78594,829,69534,550,148128,California
Stanislaus,2021-03-29,3024,214371,1810,107840,1176,99298,38,7233,2027,79675,991,70525,2072,150200,California
Stanislaus,2021-03-30,3676,218047,2070,109910,1577,100875,29,7262,2251,80544,1420,71945,2289,152489,California
Stanislaus,2021-03-31,5483,223530,3858,113768,1487,102362,138,7400,2792,80811,2679,74624,2946,155435,California
Stanislaus,2021-04-01,5795,229325,3809,117577,1897,104259,89,7489,2667,80476,3117,77741,2782,158217,California
Stanislaus,2021-04-02,5061,234386,1265,118842,3635,107894,161,7650,2280,80233,2702,80443,2459,160676,California
Stanislaus,2021-04-03,4511,238897,3239,122081,1235,109129,37,7687,2209,80211,2295,82738,2273,162949,California
Stanislaus,2021-04-04,1310,240207,483,122564,805,109934,22,7709,658,80252,649,83387,690,163639,California
Stanislaus,2021-04-05,3692,243899,2503,125067,881,110815,308,8017,2365,81607,1324,84711,2679,166318,California
Stanislaus,2021-04-06,5681,249580,4103,129170,1297,112112,281,8298,3000,82235,2672,87383,3300,169618,California
Stanislaus,2021-04-07,6020,255600,3341,132511,2278,114390,401,8699,2542,81728,3467,90850,2960,172578,California
Stanislaus,2021-04-08,5485,261085,3173,135684,1848,116238,464,9163,2620,81968,2856,93706,3096,175674,California
Stanislaus,2021-04-09,4493,265578,1890,137574,2225,118463,378,9541,1968,81824,2512,96218,2368,178042,California
Stanislaus,2021-04-10,6447,272025,3813,141387,969,119432,1665,11206,1928,80942,4507,100725,3625,181667,California
Stanislaus,2021-04-11,1390,273415,737,142124,526,119958,127,11333,595,80871,794,101519,723,182390,California
Stanislaus,2021-04-12,3256,276671,1782,143906,1133,121091,341,11674,1752,81472,1499,103018,2100,184490,California
Stanislaus,2021-04-13,4080,280751,2525,146431,1542,122633,13,11687,2302,82059,1750,104768,2337,186827,California
Sutter,2020-12-15,1,1,1,1,0,0,0,0,1,1,0,0,1,1,California
Sutter,2020-12-16,4,5,4,5,0,0,0,0,4,5,0,0,4,5,California
Sutter,2020-12-17,2,7,2,7,0,0,0,0,2,7,0,0,2,7,California
Sutter,2020-12-18,20,27,20,27,0,0,0,0,20,27,0,0,20,27,California
Sutter,2020-12-19,44,71,44,71,0,0,0,0,44,71,0,0,44,71,California
Sutter,2020-12-20,42,113,42,113,0,0,0,0,42,113,0,0,42,113,California
Sutter,2020-12-21,100,213,100,213,0,0,0,0,100,213,0,0,100,213,California
Sutter,2020-12-22,172,385,172,385,0,0,0,0,172,385,0,0,172,385,California
Sutter,2020-12-23,114,499,110,495,4,4,0,0,114,499,0,0,114,499,California
Sutter,2020-12-24,17,516,11,506,6,10,0,0,17,516,0,0,17,516,California
Sutter,2020-12-26,39,555,35,541,4,14,0,0,39,555,0,0,39,555,California
Sutter,2020-12-27,24,579,23,564,1,15,0,0,24,579,0,0,24,579,California
Sutter,2020-12-28,83,662,55,619,28,43,0,0,83,662,0,0,83,662,California
Sutter,2020-12-29,100,762,14,633,86,129,0,0,100,762,0,0,100,762,California
Sutter,2020-12-30,136,898,34,667,102,231,0,0,136,898,0,0,136,898,California
Sutter,2020-12-31,70,968,6,673,64,295,0,0,70,968,0,0,70,968,California
Sutter,2021-01-01,3,971,3,676,0,295,0,0,3,971,0,0,3,971,California
Sutter,2021-01-02,133,1104,131,807,2,297,0,0,133,1104,0,0,133,1104,California
Sutter,2021-01-03,1,1105,0,807,1,298,0,0,1,1105,0,0,1,1105,California
Sutter,2021-01-04,249,1354,140,947,109,407,0,0,249,1354,0,0,249,1354,California
Sutter,2021-01-05,99,1453,56,1003,43,450,0,0,97,1449,2,2,97,1451,California
Sutter,2021-01-06,205,1658,51,1054,154,604,0,0,200,1644,5,7,200,1651,California
Sutter,2021-01-07,253,1911,151,1205,102,706,0,0,244,1880,8,15,244,1895,California
Sutter,2021-01-08,146,2057,40,1245,106,812,0,0,129,1992,17,32,129,2024,California
Sutter,2021-01-09,44,2101,43,1288,1,813,0,0,3,1954,41,73,3,2027,California
Sutter,2021-01-10,397,2498,37,1325,360,1173,0,0,359,2276,37,110,359,2386,California
Sutter,2021-01-11,132,2630,114,1439,18,1191,0,0,26,2196,106,216,26,2412,California
Sutter,2021-01-12,200,2830,163,1602,37,1228,0,0,57,2110,143,359,57,2469,California
Sutter,2021-01-13,160,2990,98,1700,62,1290,0,0,72,2094,88,447,72,2541,California
Sutter,2021-01-14,144,3134,49,1749,95,1385,0,0,125,2200,19,466,125,2666,California
Sutter,2021-01-15,432,3566,130,1879,302,1687,0,0,417,2602,15,481,417,3083,California
Sutter,2021-01-16,387,3953,42,1921,345,2032,0,0,355,2926,31,512,355,3438,California
Sutter,2021-01-17,25,3978,23,1944,2,2034,0,0,9,2919,16,528,9,3447,California
Sutter,2021-01-18,116,4094,61,2005,55,2089,0,0,69,2941,47,575,69,3516,California
Sutter,2021-01-19,102,4196,42,2047,60,2149,0,0,77,2993,25,600,77,3593,California
Sutter,2021-01-20,255,4451,191,2238,64,2213,0,0,235,3208,20,620,235,3828,California
Sutter,2021-01-21,436,4887,267,2505,169,2382,0,0,417,3606,19,639,417,4245,California
Sutter,2021-01-22,269,5156,82,2587,187,2569,0,0,260,3857,9,648,260,4505,California
Sutter,2021-01-23,396,5552,40,2627,356,2925,0,0,370,4201,26,674,370,4875,California
Sutter,2021-01-24,17,5569,14,2641,3,2928,0,0,15,4214,2,676,15,4890,California
Sutter,2021-01-25,303,5872,196,2837,107,3035,0,0,150,4212,152,828,150,5040,California
Sutter,2021-01-26,245,6117,104,2941,141,3176,0,0,147,4262,97,925,147,5187,California
Sutter,2021-01-27,384,6501,254,3195,130,3306,0,0,319,4516,65,990,319,5506,California
Sutter,2021-01-28,521,7022,299,3494,222,3528,0,0,392,4779,129,1119,392,5898,California
Sutter,2021-01-29,416,7438,144,3638,272,3800,0,0,252,4867,164,1283,252,6150,California
Sutter,2021-01-30,775,8213,38,3676,737,4537,0,0,764,5620,11,1294,764,6914,California
Sutter,2021-01-31,27,8240,27,3703,0,4537,0,0,27,5647,0,1294,27,6941,California
Sutter,2021-02-01,162,8402,47,3750,115,4652,0,0,131,5747,31,1325,131,7072,California
Sutter,2021-02-02,241,8643,26,3776,215,4867,0,0,211,5928,30,1355,211,7283,California
Sutter,2021-02-03,444,9087,38,3814,406,5273,0,0,209,5902,235,1590,209,7492,California
Sutter,2021-02-04,668,9755,365,4179,303,5576,0,0,618,6470,50,1640,618,8110,California
Sutter,2021-02-05,284,10039,31,4210,253,5829,0,0,134,6454,150,1790,134,8244,California
Sutter,2021-02-06,735,10774,27,4237,708,6537,0,0,716,7151,19,1809,716,8960,California
Sutter,2021-02-07,22,10796,19,4256,3,6540,0,0,19,7167,3,1812,19,8979,California
Sutter,2021-02-08,133,10929,28,4284,105,6645,0,0,97,7228,36,1848,97,9076,California
Sutter,2021-02-09,246,11175,45,4329,201,6846,0,0,185,7352,61,1909,185,9261,California
Sutter,2021-02-10,801,11976,380,4709,421,7267,0,0,175,6902,625,2534,175,9436,California
Sutter,2021-02-11,602,12578,273,4982,329,7596,0,0,373,7046,229,2763,373,9809,California
Sutter,2021-02-12,625,13203,67,5049,558,8154,0,0,309,7039,316,3079,309,10118,California
Sutter,2021-02-13,899,14102,49,5098,850,9004,0,0,783,7706,116,3195,783,10901,California
Sutter,2021-02-14,90,14192,24,5122,66,9070,0,0,80,7776,10,3205,80,10981,California
Sutter,2021-02-15,196,14388,70,5192,126,9196,0,0,121,7822,75,3280,121,11102,California
Sutter,2021-02-16,287,14675,44,5236,243,9439,0,0,204,7944,82,3362,204,11306,California
Sutter,2021-02-17,826,15501,431,5667,395,9834,0,0,126,7370,700,4062,126,11432,California
Sutter,2021-02-18,695,16196,50,5717,645,10479,0,0,485,7646,209,4271,485,11917,California
Sutter,2021-02-19,661,16857,377,6094,284,10763,0,0,461,7909,198,4469,461,12378,California
Sutter,2021-02-20,615,17472,52,6146,563,11326,0,0,513,8320,102,4571,513,12891,California
Sutter,2021-02-21,29,17501,26,6172,3,11329,0,0,6,8303,23,4594,6,12897,California
Sutter,2021-02-22,207,17708,123,6295,84,11413,0,0,87,8270,120,4714,87,12984,California
Sutter,2021-02-23,220,17928,32,6327,188,11601,0,0,97,8244,123,4837,97,13081,California
Sutter,2021-02-24,955,18883,348,6675,607,12208,0,0,188,7666,766,5603,188,13269,California
Sutter,2021-02-25,768,19651,487,7162,281,12489,0,0,591,8083,174,5777,591,13860,California
Sutter,2021-02-26,365,20016,58,7220,307,12796,0,0,151,8022,212,5989,151,14011,California
Sutter,2021-02-27,864,20880,43,7263,821,13617,0,0,708,8573,157,6146,708,14719,California
Sutter,2021-02-28,82,20962,37,7300,45,13662,0,0,65,8621,17,6163,65,14784,California
Sutter,2021-03-01,245,21207,60,7360,185,13847,0,0,149,8674,96,6259,149,14933,California
Sutter,2021-03-02,333,21540,56,7416,277,14124,0,0,160,8662,172,6431,160,15093,California
Sutter,2021-03-03,1371,22911,502,7918,869,14993,0,0,634,8565,731,7162,634,15727,California
Sutter,2021-03-04,1249,24160,860,8778,389,15382,0,0,952,9224,293,7455,952,16679,California
Sutter,2021-03-05,331,24491,74,8852,256,15638,1,1,197,9289,133,7588,198,16877,California
Sutter,2021-03-06,1017,25508,43,8895,969,16607,5,6,856,9989,161,7749,861,17738,California
Sutter,2021-03-07,62,25570,23,8918,38,16645,1,7,42,10012,20,7769,43,17781,California
Sutter,2021-03-08,224,25794,76,8994,135,16780,13,20,157,10115,67,7836,170,17951,California
Sutter,2021-03-09,381,26175,133,9127,235,17015,13,33,178,10104,202,8038,191,18142,California
Sutter,2021-03-10,1564,27739,680,9807,823,17838,61,94,520,9644,1041,9079,581,18723,California
Sutter,2021-03-11,891,28630,437,10244,435,18273,19,113,646,10066,243,9322,665,19388,California
Sutter,2021-03-12,658,29288,108,10352,368,18641,182,295,193,9976,463,9785,373,19761,California
Sutter,2021-03-13,976,30264,749,11101,210,18851,17,312,781,10581,193,9978,798,20559,California
Sutter,2021-03-14,127,30391,20,11121,96,18947,11,323,41,10547,86,10064,52,20611,California
Sutter,2021-03-15,318,30709,68,11189,201,19148,49,372,150,10579,167,10231,199,20810,California
Sutter,2021-03-16,384,31093,86,11275,252,19400,46,418,207,10655,177,10408,253,21063,California
Sutter,2021-03-17,1480,32573,554,11829,907,20307,19,437,306,9814,1166,11574,325,21388,California
Sutter,2021-03-18,958,33531,165,11994,595,20902,198,635,572,10198,385,11959,769,22157,California
Sutter,2021-03-19,455,33986,158,12152,268,21170,29,664,278,10331,174,12133,307,22464,California
Sutter,2021-03-20,946,34932,115,12267,820,21990,11,675,859,11114,87,12220,870,23334,California
Sutter,2021-03-21,63,34995,45,12312,15,22005,3,678,34,11122,29,12249,37,23371,California
Sutter,2021-03-22,286,35281,119,12431,141,22146,26,704,210,11282,76,12325,236,23607,California
Sutter,2021-03-23,349,35630,117,12548,200,22346,32,736,236,11437,113,12438,268,23875,California
Sutter,2021-03-24,1625,37255,719,13267,837,23183,69,805,312,10517,1301,13739,381,24256,California
Sutter,2021-03-25,1013,38268,671,13938,301,23484,41,846,351,10249,660,14399,392,24648,California
Sutter,2021-03-26,481,38749,171,14109,293,23777,17,863,292,10372,186,14585,309,24957,California
Sutter,2021-03-27,931,39680,64,14173,865,24642,2,865,822,11091,105,14690,824,25781,California
Sutter,2021-03-28,126,39806,72,14245,54,24696,0,865,80,11126,45,14735,80,25861,California
Sutter,2021-03-29,421,40227,140,14385,226,24922,55,920,225,11211,195,14930,280,26141,California
Sutter,2021-03-30,474,40701,159,14544,306,25228,9,929,319,11384,155,15085,328,26469,California
Sutter,2021-03-31,1234,41935,174,14718,1043,26271,17,946,457,11089,768,15853,473,26942,California
Sutter,2021-04-01,1364,43299,723,15441,454,26725,187,1133,407,10733,951,16804,595,27537,California
Sutter,2021-04-02,489,43788,94,15535,293,27018,102,1235,202,10748,286,17090,301,27838,California
Sutter,2021-04-03,914,44702,75,15610,209,27227,630,1865,119,10704,793,17883,749,28587,California
Sutter,2021-04-04,116,44818,21,15631,89,27316,6,1871,56,10706,60,17943,62,28649,California
Sutter,2021-04-05,360,45178,140,15771,185,27501,35,1906,170,10724,187,18130,205,28854,California
Sutter,2021-04-06,475,45653,184,15955,233,27734,58,1964,245,10798,229,18359,303,29157,California
Sutter,2021-04-07,1397,47050,844,16799,487,28221,66,2030,565,10601,828,19187,631,29788,California
Sutter,2021-04-08,1004,48054,557,17356,336,28557,111,2141,538,10789,459,19646,647,30435,California
Sutter,2021-04-09,457,48511,212,17568,192,28749,53,2194,186,10760,268,19914,239,30674,California
Sutter,2021-04-10,750,49261,93,17661,88,28837,569,2763,100,10780,648,20562,668,31342,California
Sutter,2021-04-11,95,49356,21,17682,37,28874,37,2800,27,10776,68,20630,64,31406,California
Sutter,2021-04-12,292,49648,89,17771,168,29042,35,2835,123,10765,168,20798,157,31563,California
Sutter,2021-04-13,192,49840,25,17796,167,29209,0,2835,108,10792,81,20879,108,31671,California
Tehama,2020-12-15,1,1,1,1,0,0,0,0,1,1,0,0,1,1,California
Tehama,2020-12-16,2,3,2,3,0,0,0,0,2,3,0,0,2,3,California
Tehama,2020-12-17,12,15,12,15,0,0,0,0,12,15,0,0,12,15,California
Tehama,2020-12-18,2,17,2,17,0,0,0,0,3,18,0,0,3,18,California
Tehama,2020-12-21,33,50,33,50,0,0,0,0,33,51,0,0,33,51,California
Tehama,2020-12-22,68,118,62,112,6,6,0,0,68,119,0,0,68,119,California
Tehama,2020-12-23,48,166,40,152,8,14,0,0,48,167,0,0,48,167,California
Tehama,2020-12-24,5,171,3,155,2,16,0,0,5,172,0,0,5,172,California
Tehama,2020-12-26,3,174,2,157,1,17,0,0,3,175,0,0,3,175,California
Tehama,2020-12-27,2,176,2,159,0,17,0,0,2,177,0,0,2,177,California
Tehama,2020-12-28,56,232,43,202,13,30,0,0,56,233,0,0,56,233,California
Tehama,2020-12-29,31,263,31,233,0,30,0,0,31,264,0,0,31,264,California
Tehama,2020-12-30,54,317,38,271,16,46,0,0,53,317,0,0,53,317,California
Tehama,2020-12-31,14,331,4,275,10,56,0,0,14,331,0,0,14,331,California
Tehama,2021-01-01,2,333,0,275,2,58,0,0,2,333,0,0,2,333,California
Tehama,2021-01-04,31,364,8,283,23,81,0,0,31,364,0,0,31,364,California
Tehama,2021-01-05,71,435,44,327,27,108,0,0,68,429,3,3,68,432,California
Tehama,2021-01-06,71,506,21,348,50,158,0,0,62,483,8,11,62,494,California
Tehama,2021-01-07,56,562,7,355,49,207,0,0,55,537,1,12,55,549,California
Tehama,2021-01-08,30,592,24,379,6,213,0,0,25,557,5,17,25,574,California
Tehama,2021-01-09,7,599,5,384,2,215,0,0,5,560,2,19,5,579,California
Tehama,2021-01-10,1,600,0,384,1,216,0,0,1,561,0,19,1,580,California
Tehama,2021-01-11,47,647,46,430,1,217,0,0,14,542,33,52,14,594,California
Tehama,2021-01-12,115,762,95,525,20,237,0,0,70,567,45,97,70,664,California
Tehama,2021-01-13,72,834,55,580,17,254,0,0,26,547,46,143,26,690,California
Tehama,2021-01-14,224,1058,50,630,174,428,0,0,222,767,2,145,222,912,California
Tehama,2021-01-15,246,1304,74,704,172,600,0,0,242,1005,4,149,242,1154,California
Tehama,2021-01-16,274,1578,27,731,247,847,0,0,271,1273,3,152,271,1425,California
Tehama,2021-01-17,13,1591,9,740,4,851,0,0,11,1282,2,154,11,1436,California
Tehama,2021-01-18,10,1601,6,746,4,855,0,0,5,1282,5,159,5,1441,California
Tehama,2021-01-19,287,1888,61,807,226,1081,0,0,232,1459,55,214,232,1673,California
Tehama,2021-01-20,302,2190,87,894,215,1296,0,0,252,1662,49,263,252,1925,California
Tehama,2021-01-21,214,2404,11,905,203,1499,0,0,204,1856,10,273,204,2129,California
Tehama,2021-01-22,214,2618,12,917,202,1701,0,0,211,2064,3,276,211,2340,California
Tehama,2021-01-23,263,2881,10,927,253,1954,0,0,262,2325,1,277,262,2602,California
Tehama,2021-01-25,30,2911,13,940,17,1971,0,0,13,2321,17,294,13,2615,California
Tehama,2021-01-26,324,3235,42,982,282,2253,0,0,287,2571,37,331,287,2902,California
Tehama,2021-01-27,299,3534,21,1003,278,2531,0,0,279,2830,20,351,279,3181,California
Tehama,2021-01-28,340,3874,29,1032,311,2842,0,0,325,3140,15,366,325,3506,California
Tehama,2021-01-29,321,4195,19,1051,302,3144,0,0,304,3427,17,383,304,3810,California
Tehama,2021-01-30,103,4298,2,1053,101,3245,0,0,102,3528,1,384,102,3912,California
Tehama,2021-01-31,1,4299,0,1053,1,3246,0,0,1,3529,0,384,1,3913,California
Tehama,2021-02-01,77,4376,22,1075,55,3301,0,0,36,3524,41,425,36,3949,California
Tehama,2021-02-02,338,4714,63,1138,275,3576,0,0,241,3671,94,519,241,4190,California
Tehama,2021-02-03,371,5085,12,1150,359,3935,0,0,327,3954,44,563,327,4517,California
Tehama,2021-02-04,460,5545,99,1249,361,4296,0,0,381,4257,79,642,382,4899,California
Tehama,2021-02-05,161,5706,73,1322,88,4384,0,0,102,4300,59,701,102,5001,California
Tehama,2021-02-06,28,5734,13,1335,15,4399,0,0,16,4304,12,713,16,5017,California
Tehama,2021-02-07,5,5739,4,1339,1,4400,0,0,2,4303,3,716,2,5019,California
Tehama,2021-02-08,35,5774,14,1353,21,4421,0,0,27,4322,8,724,27,5046,California
Tehama,2021-02-09,76,5850,33,1386,43,4464,0,0,42,4330,34,758,42,5088,California
Tehama,2021-02-10,232,6082,61,1447,171,4635,0,0,158,4414,74,832,158,5246,California
Tehama,2021-02-11,219,6301,16,1463,203,4838,0,0,80,4357,137,969,80,5326,California
Tehama,2021-02-12,354,6655,57,1520,297,5135,0,0,173,4349,181,1150,173,5499,California
Tehama,2021-02-13,388,7043,13,1533,375,5510,0,0,147,4255,241,1391,147,5646,California
Tehama,2021-02-14,34,7077,0,1533,34,5544,0,0,33,4287,1,1392,33,5679,California
Tehama,2021-02-15,51,7128,9,1542,42,5586,0,0,45,4326,6,1398,45,5724,California
Tehama,2021-02-16,240,7368,16,1558,224,5810,0,0,58,4202,182,1580,58,5782,California
Tehama,2021-02-17,279,7647,11,1569,268,6078,0,0,53,4029,226,1806,53,5835,California
Tehama,2021-02-18,370,8017,33,1602,337,6415,0,0,146,3951,224,2030,146,5981,California
Tehama,2021-02-19,214,8231,19,1621,195,6610,0,0,43,3823,171,2201,43,6024,California
Tehama,2021-02-20,273,8504,6,1627,267,6877,0,0,26,3602,247,2448,26,6050,California
Tehama,2021-02-22,36,8540,13,1640,23,6900,0,0,24,3614,12,2460,24,6074,California
Tehama,2021-02-23,46,8586,19,1659,27,6927,0,0,26,3620,20,2480,26,6100,California
Tehama,2021-02-24,299,8885,12,1671,287,7214,0,0,26,3373,273,2753,26,6126,California
Tehama,2021-02-25,377,9262,61,1732,316,7530,0,0,37,3070,340,3093,37,6163,California
Tehama,2021-02-26,455,9717,19,1751,436,7966,0,0,70,2755,385,3478,70,6233,California
Tehama,2021-02-27,294,10011,5,1756,289,8255,0,0,34,2529,260,3738,34,6267,California
Tehama,2021-02-28,23,10034,2,1758,21,8276,0,0,20,2546,3,3741,20,6287,California
Tehama,2021-03-01,62,10096,8,1766,54,8330,0,0,28,2540,34,3775,28,6315,California
Tehama,2021-03-02,113,10209,17,1783,96,8426,0,0,29,2485,84,3859,29,6344,California
Tehama,2021-03-03,122,10331,34,1817,88,8514,0,0,47,2457,75,3934,47,6391,California
Tehama,2021-03-04,581,10912,22,1839,559,9073,0,0,218,2318,357,4291,218,6609,California
Tehama,2021-03-05,383,11295,18,1857,365,9438,0,0,214,2364,168,4459,214,6823,California
Tehama,2021-03-06,295,11590,17,1874,278,9716,0,0,80,2231,214,4673,81,6904,California
Tehama,2021-03-07,5,11595,1,1875,4,9720,0,0,3,2233,1,4674,3,6907,California
Tehama,2021-03-08,56,11651,12,1887,29,9749,15,15,25,2243,30,4704,40,6947,California
Tehama,2021-03-09,312,11963,5,1892,288,10037,19,34,257,2464,55,4759,276,7223,California
Tehama,2021-03-10,348,12311,11,1903,316,10353,21,55,67,2272,280,5039,88,7311,California
Tehama,2021-03-11,480,12791,15,1918,419,10772,46,101,337,2512,143,5182,383,7694,California
Tehama,2021-03-12,283,13074,16,1934,202,10974,65,166,165,2624,118,5300,230,7924,California
Tehama,2021-03-13,43,13117,8,1942,29,11003,6,172,6,2599,37,5337,12,7936,California
Tehama,2021-03-14,44,13161,3,1945,30,11033,11,183,2,2570,42,5379,13,7949,California
Tehama,2021-03-15,154,13315,21,1966,113,11146,20,203,87,2610,67,5446,107,8056,California
Tehama,2021-03-16,398,13713,14,1980,346,11492,38,241,299,2849,98,5544,337,8393,California
Tehama,2021-03-17,416,14129,23,2003,361,11853,32,273,331,3129,83,5627,363,8756,California
Tehama,2021-03-18,478,14607,24,2027,430,12283,24,297,300,3277,176,5803,324,9080,California
Tehama,2021-03-19,301,14908,23,2050,265,12548,13,310,259,3507,42,5845,272,9352,California
Tehama,2021-03-20,40,14948,8,2058,30,12578,2,312,28,3525,12,5857,30,9382,California
Tehama,2021-03-21,12,14960,5,2063,7,12585,0,312,12,3537,0,5857,12,9394,California
Tehama,2021-03-22,90,15050,7,2070,66,12651,17,329,49,3562,41,5898,66,9460,California
Tehama,2021-03-23,84,15134,23,2093,54,12705,7,336,65,3615,19,5917,72,9532,California
Tehama,2021-03-24,82,15216,15,2108,64,12769,3,339,53,3642,29,5946,56,9588,California
Tehama,2021-03-25,501,15717,340,2448,148,12917,13,352,454,4063,47,5993,468,10056,California
Tehama,2021-03-26,460,16177,352,2800,96,13013,12,364,385,4385,75,6068,397,10453,California
Tehama,2021-03-27,436,16613,347,3147,68,13081,21,385,373,4717,62,6130,394,10847,California
Tehama,2021-03-28,34,16647,13,3160,21,13102,0,385,22,4727,12,6142,22,10869,California
Tehama,2021-03-29,120,16767,30,3190,90,13192,0,385,76,4760,43,6185,76,10945,California
Tehama,2021-03-30,354,17121,206,3396,146,13338,2,387,240,4888,114,6299,242,11187,California
Tehama,2021-03-31,377,17498,276,3672,98,13436,3,390,304,5123,72,6371,307,11494,California
Tehama,2021-04-01,512,18010,237,3909,269,13705,6,396,382,5381,130,6501,388,11882,California
Tehama,2021-04-02,442,18452,204,4113,232,13937,6,402,257,5459,185,6686,263,12145,California
Tehama,2021-04-03,61,18513,3,4116,53,13990,5,407,30,5463,31,6717,35,12180,California
Tehama,2021-04-04,34,18547,6,4122,27,14017,1,408,22,5474,12,6729,23,12203,California
Tehama,2021-04-05,113,18660,19,4141,68,14085,26,434,58,5503,55,6784,84,12287,California
Tehama,2021-04-06,477,19137,100,4241,324,14409,53,487,171,5421,306,7090,224,12511,California
Tehama,2021-04-07,418,19555,281,4522,94,14503,43,530,309,5666,107,7197,352,12863,California
Tehama,2021-04-08,599,20154,172,4694,387,14890,40,570,231,5570,367,7564,271,13134,California
Tehama,2021-04-09,375,20529,167,4861,182,15072,26,596,193,5609,180,7744,219,13353,California
Tehama,2021-04-10,78,20607,12,4873,38,15110,28,624,43,5645,35,7779,71,13424,California
Tehama,2021-04-11,24,20631,8,4881,5,15115,11,635,8,5648,16,7795,19,13443,California
Tehama,2021-04-12,76,20707,9,4890,55,15170,12,647,34,5652,42,7837,46,13489,California
Tehama,2021-04-13,136,20843,15,4905,120,15290,1,648,18,5553,118,7955,19,13508,California
Trinity,2020-12-17,4,4,4,4,0,0,0,0,4,4,0,0,4,4,California
Trinity,2020-12-18,2,6,2,6,0,0,0,0,2,6,0,0,2,6,California
Trinity,2020-12-21,38,44,38,44,0,0,0,0,38,44,0,0,38,44,California
Trinity,2020-12-22,5,49,5,49,0,0,0,0,5,49,0,0,5,49,California
Trinity,2020-12-23,5,54,5,54,0,0,0,0,5,54,0,0,5,54,California
Trinity,2020-12-28,30,84,30,84,0,0,0,0,30,84,0,0,30,84,California
Trinity,2020-12-29,8,92,7,91,1,1,0,0,8,92,0,0,8,92,California
Trinity,2020-12-30,10,102,8,99,2,3,0,0,10,102,0,0,10,102,California
Trinity,2020-12-31,2,104,1,100,1,4,0,0,2,104,0,0,2,104,California
Trinity,2021-01-04,27,131,1,101,26,30,0,0,26,130,0,0,26,130,California
Trinity,2021-01-05,2,133,1,102,1,31,0,0,2,132,0,0,2,132,California
Trinity,2021-01-06,23,156,4,106,19,50,0,0,19,147,4,4,19,151,California
Trinity,2021-01-08,49,205,2,108,47,97,0,0,48,193,2,6,48,199,California
Trinity,2021-01-11,39,244,38,146,1,98,0,0,2,158,37,43,2,201,California
Trinity,2021-01-12,9,253,7,153,2,100,0,0,4,157,5,48,4,205,California
Trinity,2021-01-13,7,260,4,157,3,103,0,0,4,158,3,51,4,209,California
Trinity,2021-01-14,4,264,1,158,3,106,0,0,4,162,0,51,4,213,California
Trinity,2021-01-16,4,268,0,158,4,110,0,0,4,166,0,51,4,217,California
Trinity,2021-01-18,31,299,31,189,0,110,0,0,1,137,30,81,1,218,California
Trinity,2021-01-19,31,330,14,203,17,127,0,0,17,140,14,95,17,235,California
Trinity,2021-01-20,20,350,4,207,16,143,0,0,17,155,2,97,17,252,California
Trinity,2021-01-21,17,367,7,214,10,153,0,0,17,172,0,97,17,269,California
Trinity,2021-01-22,5,372,1,215,4,157,0,0,5,177,0,97,5,274,California
Trinity,2021-01-23,7,379,3,218,4,161,0,0,7,184,0,97,7,281,California
Trinity,2021-01-25,14,393,1,219,13,174,0,0,13,196,1,98,13,294,California
Trinity,2021-01-26,10,403,1,220,9,183,0,0,9,204,1,99,9,303,California
Trinity,2021-01-27,12,415,0,220,12,195,0,0,12,216,0,99,12,315,California
Trinity,2021-01-28,13,428,3,223,10,205,0,0,10,223,3,102,10,325,California
Trinity,2021-01-29,3,431,1,224,2,207,0,0,2,224,1,103,2,327,California
Trinity,2021-01-30,12,443,11,235,1,208,0,0,12,236,0,103,12,339,California
Trinity,2021-02-01,2,445,1,236,1,209,0,0,1,236,1,104,1,340,California
Trinity,2021-02-02,13,458,3,239,10,219,0,0,12,247,1,105,12,352,California
Trinity,2021-02-03,6,464,1,240,5,224,0,0,3,247,3,108,3,355,California
Trinity,2021-02-04,36,500,32,272,4,228,0,0,34,279,2,110,34,389,California
Trinity,2021-02-05,348,848,0,272,348,576,0,0,318,567,30,140,318,707,California
Trinity,2021-02-06,209,1057,5,277,204,780,0,0,202,762,7,147,202,909,California
Trinity,2021-02-07,1,1058,0,277,1,781,0,0,1,763,0,147,1,910,California
Trinity,2021-02-08,23,1081,0,277,23,804,0,0,15,770,8,155,15,925,California
Trinity,2021-02-09,21,1102,2,279,19,823,0,0,6,761,15,170,6,931,California
Trinity,2021-02-10,123,1225,10,289,113,936,0,0,103,844,20,190,103,1034,California
Trinity,2021-02-11,334,1559,2,291,332,1268,0,0,328,1166,6,196,328,1362,California
Trinity,2021-02-12,9,1568,6,297,3,1271,0,0,9,1175,0,196,9,1371,California
Trinity,2021-02-13,12,1580,5,302,7,1278,0,0,5,1173,7,203,5,1376,California
Trinity,2021-02-14,2,1582,2,304,0,1278,0,0,2,1175,0,203,2,1378,California
Trinity,2021-02-15,46,1628,0,304,46,1324,0,0,46,1221,0,203,46,1424,California
Trinity,2021-02-16,7,1635,2,306,5,1329,0,0,4,1222,3,206,4,1428,California
Trinity,2021-02-17,94,1729,2,308,92,1421,0,0,84,1296,10,216,84,1512,California
Trinity,2021-02-18,5,1734,0,308,5,1426,0,0,1,1294,3,219,1,1513,California
Trinity,2021-02-19,211,1945,3,311,208,1634,0,0,198,1479,13,232,198,1711,California
Trinity,2021-02-20,143,2088,14,325,129,1763,0,0,115,1566,28,260,115,1826,California
Trinity,2021-02-22,3,2091,0,325,3,1766,0,0,0,1563,3,263,0,1826,California
Trinity,2021-02-23,8,2099,4,329,4,1770,0,0,3,1561,5,268,3,1829,California
Trinity,2021-02-24,30,2129,8,337,22,1792,0,0,7,1545,23,291,7,1836,California
Trinity,2021-02-25,36,2165,23,360,13,1805,0,0,5,1519,31,322,5,1841,California
Trinity,2021-02-26,11,2176,1,361,10,1815,0,0,5,1518,6,328,5,1846,California
Trinity,2021-02-27,9,2185,7,368,2,1817,0,0,4,1517,5,333,4,1850,California
Trinity,2021-03-01,8,2193,0,368,8,1825,0,0,5,1519,3,336,5,1855,California
Trinity,2021-03-02,8,2201,3,371,5,1830,0,0,1,1513,7,343,1,1856,California
Trinity,2021-03-03,5,2206,0,371,5,1835,0,0,4,1516,1,344,4,1860,California
Trinity,2021-03-04,15,2221,10,381,5,1840,0,0,13,1527,2,346,13,1873,California
Trinity,2021-03-05,284,2505,1,382,283,2123,0,0,32,1312,247,593,32,1905,California
Trinity,2021-03-06,185,2690,6,388,179,2302,0,0,20,1167,165,758,20,1925,California
Trinity,2021-03-07,3,2693,3,391,0,2302,0,0,2,1168,1,759,2,1927,California
Trinity,2021-03-08,3,2696,0,391,2,2304,1,1,1,1168,2,761,2,1929,California
Trinity,2021-03-09,93,2789,0,391,91,2395,2,3,89,1255,4,765,91,2020,California
Trinity,2021-03-10,127,2916,3,394,121,2516,3,6,38,1207,89,854,41,2061,California
Trinity,2021-03-11,7,2923,3,397,2,2518,2,8,3,1208,4,858,5,2066,California
Trinity,2021-03-12,334,3257,3,400,326,2844,5,13,45,969,289,1147,50,2116,California
Trinity,2021-03-13,12,3269,7,407,3,2847,2,15,7,973,5,1152,9,2125,California
Trinity,2021-03-15,67,3336,0,407,66,2913,1,16,15,937,52,1204,16,2141,California
Trinity,2021-03-16,114,3450,6,413,108,3021,0,16,100,1023,14,1218,100,2241,California
Trinity,2021-03-17,100,3550,3,416,97,3118,0,16,26,975,74,1292,26,2267,California
Trinity,2021-03-18,10,3560,2,418,5,3123,3,19,5,978,5,1297,8,2275,California
Trinity,2021-03-19,359,3919,6,424,246,3369,107,126,29,784,330,1627,136,2411,California
Trinity,2021-03-20,104,4023,6,430,98,3467,0,126,67,814,37,1664,67,2478,California
Trinity,2021-03-21,4,4027,0,430,2,3469,2,128,2,816,2,1666,4,2482,California
Trinity,2021-03-22,2,4029,0,430,2,3471,0,128,2,818,0,1666,2,2484,California
Trinity,2021-03-23,96,4125,1,431,95,3566,0,128,79,880,17,1683,79,2563,California
Trinity,2021-03-24,9,4134,1,432,8,3574,0,128,9,889,0,1683,9,2572,California
Trinity,2021-03-25,105,4239,6,438,93,3667,6,134,82,954,23,1706,88,2660,California
Trinity,2021-03-26,15,4254,2,440,13,3680,0,134,9,957,6,1712,9,2669,California
Trinity,2021-03-27,15,4269,3,443,3,3683,9,143,5,961,10,1722,14,2683,California
Trinity,2021-03-28,6,4275,4,447,2,3685,0,143,1,957,5,1727,1,2684,California
Trinity,2021-03-29,4,4279,0,447,4,3689,0,143,1,955,3,1730,1,2685,California
Trinity,2021-03-30,75,4354,4,451,71,3760,0,143,67,1014,8,1738,67,2752,California
Trinity,2021-03-31,56,4410,5,456,19,3779,32,175,21,1031,35,1773,52,2804,California
Trinity,2021-04-01,38,4448,11,467,16,3795,11,186,19,1042,19,1792,30,2834,California
Trinity,2021-04-02,164,4612,6,473,84,3879,74,260,71,1095,92,1884,145,2979,California
Trinity,2021-04-03,19,4631,14,487,5,3884,0,260,9,1094,10,1894,9,2988,California
Trinity,2021-04-04,10,4641,8,495,2,3886,0,260,10,1104,0,1894,10,2998,California
Trinity,2021-04-05,59,4700,7,502,51,3937,1,261,55,1156,4,1898,56,3054,California
Trinity,2021-04-06,106,4806,10,512,93,4030,3,264,19,1091,87,1985,22,3076,California
Trinity,2021-04-07,19,4825,10,522,4,4034,5,269,13,1103,6,1991,18,3094,California
Trinity,2021-04-08,91,4916,13,535,76,4110,2,271,54,1123,36,2027,56,3150,California
Trinity,2021-04-09,56,4972,16,551,36,4146,4,275,38,1147,18,2045,42,3192,California
Trinity,2021-04-10,11,4983,4,555,5,4151,2,277,8,1154,3,2048,10,3202,California
Trinity,2021-04-11,6,4989,3,558,1,4152,2,279,3,1156,3,2051,5,3207,California
Trinity,2021-04-12,77,5066,5,563,71,4223,1,280,64,1208,12,2063,64,3271,California
Trinity,2021-04-13,6,5072,1,564,5,4228,0,280,3,1208,3,2066,3,3274,California
Tulare,2020-12-16,3,3,3,3,0,0,0,0,3,3,0,0,3,3,California
Tulare,2020-12-17,110,113,110,113,0,0,0,0,110,113,0,0,110,113,California
Tulare,2020-12-18,290,403,290,403,0,0,0,0,290,403,0,0,290,403,California
Tulare,2020-12-19,327,730,327,730,0,0,0,0,327,730,0,0,327,730,California
Tulare,2020-12-20,167,897,166,896,1,1,0,0,167,897,0,0,167,897,California
Tulare,2020-12-21,422,1319,422,1318,0,1,0,0,442,1339,0,0,442,1339,California
Tulare,2020-12-22,470,1789,468,1786,2,3,0,0,469,1808,0,0,469,1808,California
Tulare,2020-12-23,328,2117,320,2106,8,11,0,0,326,2134,0,0,326,2134,California
Tulare,2020-12-24,18,2135,16,2122,2,13,0,0,18,2152,0,0,18,2152,California
Tulare,2020-12-26,8,2143,7,2129,1,14,0,0,8,2160,0,0,8,2160,California
Tulare,2020-12-27,16,2159,12,2141,4,18,0,0,16,2176,0,0,16,2176,California
Tulare,2020-12-28,484,2643,472,2613,12,30,0,0,483,2659,0,0,483,2659,California
Tulare,2020-12-29,544,3187,477,3090,67,97,0,0,544,3203,0,0,544,3203,California
Tulare,2020-12-30,473,3660,434,3524,39,136,0,0,473,3676,0,0,473,3676,California
Tulare,2020-12-31,94,3754,22,3546,72,208,0,0,94,3770,0,0,94,3770,California
Tulare,2021-01-01,1,3755,0,3546,1,209,0,0,1,3771,0,0,1,3771,California
Tulare,2021-01-02,28,3783,18,3564,10,219,0,0,28,3799,0,0,28,3799,California
Tulare,2021-01-03,22,3805,9,3573,13,232,0,0,22,3821,0,0,22,3821,California
Tulare,2021-01-04,91,3896,16,3589,75,307,0,0,91,3912,0,0,91,3912,California
Tulare,2021-01-05,460,4356,278,3867,182,489,0,0,458,4368,2,2,458,4370,California
Tulare,2021-01-06,865,5221,636,4503,229,718,0,0,855,5213,10,12,855,5225,California
Tulare,2021-01-07,783,6004,585,5088,198,916,0,0,677,5784,106,118,677,5902,California
Tulare,2021-01-08,1263,7267,574,5662,689,1605,0,0,925,6372,337,455,925,6827,California
Tulare,2021-01-09,741,8008,203,5865,538,2143,0,0,554,6739,187,642,554,7381,California
Tulare,2021-01-10,49,8057,43,5908,6,2149,0,0,10,6710,39,681,10,7391,California
Tulare,2021-01-11,1202,9259,765,6673,437,2586,0,0,767,7042,435,1116,767,8158,California
Tulare,2021-01-12,1400,10659,487,7160,913,3499,0,0,993,7629,407,1523,994,9152,California
Tulare,2021-01-13,457,11116,227,7387,230,3729,0,0,383,7938,74,1597,383,9535,California
Tulare,2021-01-14,491,11607,141,7528,350,4079,0,0,465,8388,15,1612,465,10000,California
Tulare,2021-01-15,1617,13224,149,7677,1468,5547,0,0,1608,9987,9,1621,1608,11608,California
Tulare,2021-01-16,1899,15123,114,7791,1785,7332,0,0,1885,11858,14,1635,1885,13493,California
Tulare,2021-01-17,140,15263,121,7912,19,7351,0,0,130,11978,10,1645,130,13623,California
Tulare,2021-01-18,695,15958,662,8574,33,7384,0,0,295,11873,400,2045,295,13918,California
Tulare,2021-01-19,1005,16963,682,9256,323,7707,0,0,578,12024,427,2472,578,14496,California
Tulare,2021-01-20,2375,19338,563,9819,1812,9519,0,0,1990,13629,385,2857,1990,16486,California
Tulare,2021-01-21,1507,20845,150,9969,1357,10876,0,0,1481,15089,21,2878,1481,17967,California
Tulare,2021-01-22,1053,21898,186,10155,867,11743,0,0,1029,16095,23,2901,1029,18996,California
Tulare,2021-01-23,437,22335,156,10311,281,12024,0,0,416,16490,21,2922,416,19412,California
Tulare,2021-01-24,30,22365,27,10338,3,12027,0,0,28,16516,2,2924,28,19440,California
Tulare,2021-01-25,1325,23690,980,11318,345,12372,0,0,1296,17783,29,2953,1296,20736,California
Tulare,2021-01-26,1496,25186,1098,12416,398,12770,0,0,1173,18634,322,3275,1173,21909,California
Tulare,2021-01-27,1456,26642,1070,13486,386,13156,0,0,878,18934,578,3853,878,22787,California
Tulare,2021-01-28,1197,27839,768,14254,429,13585,0,0,801,19339,396,4249,801,23588,California
Tulare,2021-01-29,1128,28967,719,14973,409,13994,0,0,818,19847,310,4559,818,24406,California
Tulare,2021-01-30,1671,30638,1578,16551,93,14087,0,0,1647,21471,24,4583,1648,26054,California
Tulare,2021-01-31,51,30689,47,16598,4,14091,0,0,48,21516,3,4586,48,26102,California
Tulare,2021-02-01,1173,31862,907,17505,266,14357,0,0,824,21992,348,4934,824,26926,California
Tulare,2021-02-02,674,32536,327,17832,347,14704,0,0,443,22207,229,5163,444,27370,California
Tulare,2021-02-03,609,33145,285,18117,324,15028,0,0,334,22268,273,5436,334,27704,California
Tulare,2021-02-04,551,33696,165,18282,386,15414,0,0,266,22250,285,5721,267,27971,California
Tulare,2021-02-05,1228,34924,230,18512,998,16412,0,0,416,21856,810,6531,416,28387,California
Tulare,2021-02-06,835,35759,156,18668,679,17091,0,0,270,21564,563,7094,271,28658,California
Tulare,2021-02-07,78,35837,65,18733,13,17104,0,0,24,21534,54,7148,24,28682,California
Tulare,2021-02-08,946,36783,333,19066,613,17717,0,0,306,21203,637,7785,306,28988,California
Tulare,2021-02-09,1403,38186,325,19391,1078,18795,0,0,359,20523,1039,8824,359,29347,California
Tulare,2021-02-10,2470,40656,1987,21378,483,19278,0,0,2071,22198,396,9220,2071,31418,California
Tulare,2021-02-11,1322,41978,376,21754,946,20224,0,0,937,22750,385,9605,937,32355,California
Tulare,2021-02-12,2779,44757,578,22332,2201,22425,0,0,1218,22414,1554,11159,1218,33573,California
Tulare,2021-02-13,2477,47234,157,22489,2320,24745,0,0,666,21272,1808,12967,666,34239,California
Tulare,2021-02-14,329,47563,36,22525,293,25038,0,0,296,21535,33,13000,296,34535,California
Tulare,2021-02-15,913,48476,291,22816,622,25660,0,0,656,21935,256,13256,656,35191,California
Tulare,2021-02-16,2830,51306,1596,24412,1234,26894,0,0,1081,21267,1749,15005,1081,36272,California
Tulare,2021-02-17,2696,54002,509,24921,2187,29081,0,0,462,19500,2229,17234,462,36734,California
Tulare,2021-02-18,2302,56304,457,25378,1845,30926,0,0,640,18486,1654,18888,640,37374,California
Tulare,2021-02-19,2295,58599,855,26233,1440,32366,0,0,945,18083,1348,20236,945,38319,California
Tulare,2021-02-20,2988,61587,1891,28124,1097,33463,0,0,1267,17634,1716,21952,1267,39586,California
Tulare,2021-02-21,87,61674,83,28207,4,33467,0,0,52,17651,35,21987,52,39638,California
Tulare,2021-02-22,1107,62781,703,28910,404,33871,0,0,219,16983,887,22874,219,39857,California
Tulare,2021-02-23,1943,64724,939,29849,1004,34875,0,0,1457,17955,485,23359,1457,41314,California
Tulare,2021-02-24,2471,67195,1545,31394,926,35801,0,0,2091,19668,379,23738,2092,43406,California
Tulare,2021-02-25,3487,70682,1949,33343,1538,37339,0,0,3070,22325,413,24151,3070,46476,California
Tulare,2021-02-26,3836,74518,1878,35221,1958,39297,0,0,3377,25246,457,24608,3378,49854,California
Tulare,2021-02-27,2892,77410,1386,36607,1506,40803,0,0,2762,27889,119,24727,2762,52616,California
Tulare,2021-02-28,1305,78715,1033,37640,272,41075,0,0,1285,29157,17,24744,1285,53901,California
Tulare,2021-03-01,1737,80452,771,38411,966,42041,0,0,1553,30528,182,24926,1553,55454,California
Tulare,2021-03-02,2669,83121,1185,39596,1484,43525,0,0,2506,32874,161,25087,2507,57961,California
Tulare,2021-03-03,3771,86892,2478,42074,1293,44818,0,0,1827,32760,1943,27030,1829,59790,California
Tulare,2021-03-04,2855,89747,1287,43361,1568,46386,0,0,2544,34996,308,27338,2544,62334,California
Tulare,2021-03-05,3274,93021,1688,45049,1571,47957,15,15,2772,37286,499,27837,2789,65123,California
Tulare,2021-03-06,3048,96069,1424,46473,1565,49522,59,74,2798,39894,247,28084,2855,67978,California
Tulare,2021-03-07,1087,97156,680,47153,387,49909,20,94,1048,40923,39,28123,1068,69046,California
Tulare,2021-03-08,1663,98819,980,48133,515,50424,168,262,1351,42131,310,28433,1518,70564,California
Tulare,2021-03-09,2694,101513,1708,49841,839,51263,147,409,2320,44224,373,28806,2466,73030,California
Tulare,2021-03-10,2776,104289,1380,51221,1221,52484,175,584,2400,46429,368,29174,2573,75603,California
Tulare,2021-03-11,4108,108397,1949,53170,1859,54343,300,884,3170,48967,932,30106,3470,79073,California
Tulare,2021-03-12,4277,112674,2342,55512,1591,55934,344,1228,3033,51113,1233,31339,3379,82452,California
Tulare,2021-03-13,3965,116639,1831,57343,2028,57962,106,1334,3066,53390,894,32233,3171,85623,California
Tulare,2021-03-14,1796,118435,972,58315,605,58567,219,1553,1272,54357,523,32756,1490,87113,California
Tulare,2021-03-15,2689,121124,1577,59892,997,59564,115,1668,1919,55624,768,33524,2035,89148,California
Tulare,2021-03-16,3395,124519,2103,61995,1215,60779,77,1745,1854,56020,1538,35062,1934,91082,California
Tulare,2021-03-17,3958,128477,2588,64583,1293,62072,77,1822,2225,56602,1727,36789,2309,93391,California
Tulare,2021-03-18,4463,132940,3257,67840,1135,63207,71,1893,2362,56943,2094,38883,2435,95826,California
Tulare,2021-03-19,4984,137924,3257,71097,1531,64738,196,2089,2663,57497,2307,41190,2861,98687,California
Tulare,2021-03-20,4268,142192,2613,73710,1284,66022,371,2460,1985,57580,2276,43466,2359,101046,California
Tulare,2021-03-21,1860,144052,1588,75298,246,66268,26,2486,956,57661,901,44367,982,102028,California
Tulare,2021-03-22,2467,146519,1693,76991,663,66931,111,2597,1649,58612,811,45178,1762,103790,California
Tulare,2021-03-23,3637,150156,2057,79048,1530,68461,50,2647,2016,59074,1610,46788,2072,105862,California
Tulare,2021-03-24,3088,153244,1898,80946,1148,69609,42,2689,1819,59672,1263,48051,1861,107723,California
Tulare,2021-03-25,3367,156611,1729,82675,1469,71078,169,2858,1649,59780,1712,49763,1820,109543,California
Tulare,2021-03-26,5072,161683,3000,85675,1962,73040,110,2968,2469,59774,2585,52348,2579,112122,California
Tulare,2021-03-27,3400,165083,1727,87402,1576,74616,97,3065,928,58334,2464,54812,1024,113146,California
Tulare,2021-03-28,1415,166498,1022,88424,362,74978,31,3096,658,58273,756,55568,695,113841,California
Tulare,2021-03-29,2838,169336,1620,90044,1106,76084,112,3208,1211,57975,1623,57191,1325,115166,California
Tulare,2021-03-30,4525,173861,2575,92619,1720,77804,230,3438,1802,57287,2716,59907,2028,117194,California
Tulare,2021-03-31,3708,177569,2165,94784,1433,79237,110,3548,1543,56785,2157,62064,1655,118849,California
Tulare,2021-04-01,4294,181863,2320,97104,1910,81147,64,3612,1505,55571,2784,64848,1570,120419,California
Tulare,2021-04-02,5136,186999,2917,100021,2101,83248,118,3730,1661,53892,3459,68307,1780,122199,California
Tulare,2021-04-03,3425,190424,2002,102023,1112,84360,311,4041,854,52525,2532,70839,1165,123364,California
Tulare,2021-04-04,1576,192000,1115,103138,454,84814,7,4048,381,51720,1193,72032,388,123752,California
Tulare,2021-04-05,3275,195275,2299,105437,718,85532,258,4306,865,50445,2398,74430,1123,124875,California
Tulare,2021-04-06,3213,198488,1462,106899,1269,86801,482,4788,931,49585,2277,76707,1417,126292,California
Tulare,2021-04-07,3730,202218,1794,108693,1529,88330,407,5195,1235,48731,2489,79196,1635,127927,California
Tulare,2021-04-08,4450,206668,2547,111240,1447,89777,456,5651,1498,47737,2946,82142,1952,129879,California
Tulare,2021-04-09,3938,210606,2476,113716,1085,90862,377,6028,1559,47302,2372,84514,1937,131816,California
Tulare,2021-04-10,3575,214181,1865,115581,1390,92252,320,6348,963,45976,2607,87121,1281,133097,California
Tulare,2021-04-11,1520,215701,988,116569,459,92711,73,6421,568,45667,949,88070,640,133737,California
Tulare,2021-04-12,2052,217753,1376,117945,482,93193,194,6615,782,45385,1258,89328,976,134713,California
Tulare,2021-04-13,576,218329,240,118185,331,93524,5,6620,243,45307,329,89657,251,134964,California
Tuolumne,2020-12-16,46,46,46,46,0,0,0,0,46,46,0,0,46,46,California
Tuolumne,2020-12-17,22,68,22,68,0,0,0,0,22,68,0,0,22,68,California
Tuolumne,2020-12-18,174,242,173,241,1,1,0,0,174,242,0,0,174,242,California
Tuolumne,2020-12-19,7,249,7,248,0,1,0,0,7,249,0,0,7,249,California
Tuolumne,2020-12-20,1,250,1,249,0,1,0,0,1,250,0,0,1,250,California
Tuolumne,2020-12-21,116,366,102,351,14,15,0,0,116,366,0,0,116,366,California
Tuolumne,2020-12-22,169,535,169,520,0,15,0,0,169,535,0,0,169,535,California
Tuolumne,2020-12-23,193,728,191,711,2,17,0,0,193,728,0,0,193,728,California
Tuolumne,2020-12-26,3,731,3,714,0,17,0,0,3,731,0,0,3,731,California
Tuolumne,2020-12-28,78,809,77,791,1,18,0,0,78,809,0,0,78,809,California
Tuolumne,2020-12-29,111,920,40,831,71,89,0,0,111,920,0,0,111,920,California
Tuolumne,2020-12-30,82,1002,22,853,60,149,0,0,82,1002,0,0,82,1002,California
Tuolumne,2020-12-31,27,1029,20,873,7,156,0,0,27,1029,0,0,27,1029,California
Tuolumne,2021-01-01,6,1035,5,878,1,157,0,0,6,1035,0,0,6,1035,California
Tuolumne,2021-01-02,118,1153,115,993,3,160,0,0,118,1153,0,0,118,1153,California
Tuolumne,2021-01-03,3,1156,2,995,1,161,0,0,3,1156,0,0,3,1156,California
Tuolumne,2021-01-04,70,1226,27,1022,43,204,0,0,70,1226,0,0,70,1226,California
Tuolumne,2021-01-05,95,1321,26,1048,69,273,0,0,93,1317,2,2,93,1319,California
Tuolumne,2021-01-06,112,1433,52,1100,60,333,0,0,68,1341,44,46,68,1387,California
Tuolumne,2021-01-07,119,1552,61,1161,58,391,0,0,65,1352,54,100,65,1452,California
Tuolumne,2021-01-08,178,1730,153,1314,25,416,0,0,27,1231,150,250,29,1481,California
Tuolumne,2021-01-09,2,1732,1,1315,1,417,0,0,1,1232,1,251,2,1483,California
Tuolumne,2021-01-10,3,1735,1,1316,2,419,0,0,3,1235,0,251,3,1486,California
Tuolumne,2021-01-11,116,1851,90,1406,26,445,0,0,33,1185,83,334,33,1519,California
Tuolumne,2021-01-12,103,1954,87,1493,16,461,0,0,17,1117,86,420,18,1537,California
Tuolumne,2021-01-13,239,2193,129,1622,110,571,0,0,185,1249,54,474,186,1723,California
Tuolumne,2021-01-14,128,2321,91,1713,37,608,0,0,41,1204,86,560,41,1764,California
Tuolumne,2021-01-15,475,2796,72,1785,403,1011,0,0,412,1555,62,622,413,2177,California
Tuolumne,2021-01-16,7,2803,3,1788,4,1015,0,0,6,1560,1,623,6,2183,California
Tuolumne,2021-01-17,5,2808,2,1790,3,1018,0,0,5,1565,0,623,5,2188,California
Tuolumne,2021-01-18,46,2854,38,1828,8,1026,0,0,8,1536,37,660,8,2196,California
Tuolumne,2021-01-19,474,3328,72,1900,402,1428,0,0,430,1922,44,704,430,2626,California
Tuolumne,2021-01-20,77,3405,60,1960,17,1445,0,0,24,1893,53,757,24,2650,California
Tuolumne,2021-01-21,56,3461,22,1982,34,1479,0,0,41,1919,15,772,41,2691,California
Tuolumne,2021-01-22,181,3642,13,1995,168,1647,0,0,175,2088,6,778,175,2866,California
Tuolumne,2021-01-23,664,4306,146,2141,518,2165,0,0,551,2536,113,891,561,3427,California
Tuolumne,2021-01-24,523,4829,1,2142,522,2687,0,0,519,3053,3,894,520,3947,California
Tuolumne,2021-01-25,48,4877,27,2169,21,2708,0,0,22,3050,26,920,23,3970,California
Tuolumne,2021-01-26,80,4957,68,2237,12,2720,0,0,40,3051,40,960,41,4011,California
Tuolumne,2021-01-27,61,5018,4,2241,57,2777,0,0,7,3005,53,1013,7,4018,California
Tuolumne,2021-01-28,27,5045,7,2248,20,2797,0,0,18,3014,9,1022,18,4036,California
Tuolumne,2021-01-29,70,5115,6,2254,64,2861,0,0,32,3008,38,1060,32,4068,California
Tuolumne,2021-01-30,710,5825,552,2806,158,3019,0,0,691,3693,19,1079,704,4772,California
Tuolumne,2021-01-31,8,5833,2,2808,6,3025,0,0,5,3695,3,1082,5,4777,California
Tuolumne,2021-02-01,24,5857,6,2814,18,3043,0,0,21,3713,3,1085,21,4798,California
Tuolumne,2021-02-02,648,6505,36,2850,612,3655,0,0,638,4342,9,1094,638,5436,California
Tuolumne,2021-02-03,239,6744,108,2958,131,3786,0,0,85,4273,154,1248,85,5521,California
Tuolumne,2021-02-04,125,6869,13,2971,112,3898,0,0,64,4274,63,1311,64,5585,California
Tuolumne,2021-02-05,100,6969,12,2983,88,3986,0,0,36,4247,63,1374,36,5621,California
Tuolumne,2021-02-06,854,7823,582,3565,272,4258,0,0,851,5095,3,1377,851,6472,California
Tuolumne,2021-02-07,7,7830,4,3569,3,4261,0,0,3,5094,4,1381,3,6475,California
Tuolumne,2021-02-08,90,7920,39,3608,51,4312,0,0,67,5138,23,1404,67,6542,California
Tuolumne,2021-02-09,866,8786,48,3656,818,5130,0,0,829,5930,37,1441,829,7371,California
Tuolumne,2021-02-10,88,8874,14,3670,74,5204,0,0,26,5896,60,1501,26,7397,California
Tuolumne,2021-02-11,138,9012,65,3735,73,5277,0,0,75,5908,63,1564,75,7472,California
Tuolumne,2021-02-12,640,9652,13,3748,627,5904,0,0,201,5672,438,2002,202,7674,California
Tuolumne,2021-02-13,146,9798,41,3789,105,6009,0,0,115,5762,25,2027,115,7789,California
Tuolumne,2021-02-14,148,9946,12,3801,136,6145,0,0,147,5908,1,2028,147,7936,California
Tuolumne,2021-02-15,184,10130,10,3811,174,6319,0,0,175,6074,9,2037,175,8111,California
Tuolumne,2021-02-16,525,10655,17,3828,508,6827,0,0,122,5797,401,2438,124,8235,California
Tuolumne,2021-02-17,109,10764,63,3891,46,6873,0,0,63,5815,45,2483,63,8298,California
Tuolumne,2021-02-18,680,11444,22,3913,658,7531,0,0,632,6399,48,2531,632,8930,California
Tuolumne,2021-02-19,132,11576,21,3934,111,7642,0,0,43,6353,89,2620,43,8973,California
Tuolumne,2021-02-20,904,12480,341,4275,563,8205,0,0,386,6234,506,3126,387,9360,California
Tuolumne,2021-02-21,974,13454,32,4307,942,9147,0,0,472,6207,499,3625,472,9832,California
Tuolumne,2021-02-22,79,13533,57,4364,22,9169,0,0,48,6225,30,3655,48,9880,California
Tuolumne,2021-02-23,46,13579,23,4387,23,9192,0,0,25,6230,20,3675,25,9905,California
Tuolumne,2021-02-24,89,13668,58,4445,31,9223,0,0,42,6226,46,3721,42,9947,California
Tuolumne,2021-02-25,1054,14722,31,4476,1023,10246,0,0,1023,7218,31,3752,1023,10970,California
Tuolumne,2021-02-26,140,14862,9,4485,131,10377,0,0,120,7318,20,3772,120,11090,California
Tuolumne,2021-02-27,948,15810,574,5059,374,10751,0,0,247,6877,688,4460,247,11337,California
Tuolumne,2021-02-28,55,15865,4,5063,51,10802,0,0,52,6927,2,4462,52,11389,California
Tuolumne,2021-03-01,106,15971,19,5082,87,10889,0,0,72,6967,33,4495,73,11462,California
Tuolumne,2021-03-02,708,16679,73,5155,635,11524,0,0,107,6473,601,5096,107,11569,California
Tuolumne,2021-03-03,87,16766,19,5174,68,11592,0,0,64,6514,23,5119,64,11633,California
Tuolumne,2021-03-04,1168,17934,68,5242,1100,12692,0,0,1105,7556,63,5182,1105,12738,California
Tuolumne,2021-03-05,82,18016,9,5251,73,12765,0,0,47,7570,34,5216,48,12786,California
Tuolumne,2021-03-06,1052,19068,604,5855,446,13211,2,2,204,6929,847,6063,206,12992,California
Tuolumne,2021-03-07,40,19108,12,5867,14,13225,14,16,18,6939,22,6085,32,13024,California
Tuolumne,2021-03-08,211,19319,88,5955,116,13341,7,23,156,7046,56,6141,163,13187,California
Tuolumne,2021-03-09,861,20180,11,5966,839,14180,11,34,76,6349,784,6925,87,13274,California
Tuolumne,2021-03-10,85,20265,13,5979,61,14241,11,45,61,6397,24,6949,72,13346,California
Tuolumne,2021-03-11,1277,21542,31,6010,1242,15483,4,49,1254,7634,23,6972,1260,14606,California
Tuolumne,2021-03-12,295,21837,30,6040,250,15733,15,64,190,7739,103,7075,208,14814,California
Tuolumne,2021-03-13,96,21933,11,6051,85,15818,0,64,79,7802,17,7092,80,14894,California
Tuolumne,2021-03-14,140,22073,8,6059,123,15941,9,73,8,7692,132,7224,22,14916,California
Tuolumne,2021-03-15,308,22381,79,6138,227,16168,2,75,115,7623,193,7417,124,15040,California
Tuolumne,2021-03-16,811,23192,39,6177,761,16929,11,86,676,8175,136,7553,688,15728,California
Tuolumne,2021-03-17,157,23349,30,6207,112,17041,15,101,82,8197,74,7627,96,15824,California
Tuolumne,2021-03-18,961,24310,23,6230,922,17963,16,117,328,7909,633,8260,345,16169,California
Tuolumne,2021-03-19,141,24451,14,6244,94,18057,33,150,79,7960,60,8320,111,16280,California
Tuolumne,2021-03-20,89,24540,6,6250,73,18130,10,160,36,7953,52,8372,45,16325,California
Tuolumne,2021-03-21,834,25374,389,6639,436,18566,9,169,42,7214,790,9162,51,16376,California
Tuolumne,2021-03-22,172,25546,71,6710,82,18648,19,188,106,7273,66,9228,125,16501,California
Tuolumne,2021-03-23,722,26268,636,7346,72,18720,14,202,685,7934,37,9265,698,17199,California
Tuolumne,2021-03-24,117,26385,17,7363,82,18802,18,220,86,8008,30,9295,104,17303,California
Tuolumne,2021-03-25,1292,27677,17,7380,1272,20074,3,223,322,7364,969,10264,325,17628,California
Tuolumne,2021-03-26,285,27962,11,7391,251,20325,23,246,131,7383,135,10399,154,17782,California
Tuolumne,2021-03-27,578,28540,52,7443,526,20851,0,246,317,7440,261,10660,318,18100,California
Tuolumne,2021-03-28,50,28590,7,7450,43,20894,0,246,10,7413,38,10698,11,18111,California
Tuolumne,2021-03-29,229,28819,80,7530,149,21043,0,246,120,7442,91,10789,120,18231,California
Tuolumne,2021-03-30,168,28987,12,7542,155,21198,1,247,125,7526,42,10831,126,18357,California
Tuolumne,2021-03-31,96,29083,13,7555,81,21279,2,249,40,7515,55,10886,44,18401,California
Tuolumne,2021-04-01,1250,30333,22,7577,1228,22507,0,249,233,6733,1016,11902,234,18635,California
Tuolumne,2021-04-02,176,30509,11,7588,139,22646,26,275,104,6791,72,11974,130,18765,California
Tuolumne,2021-04-03,414,30923,32,7620,382,23028,0,275,231,6841,183,12157,233,18998,California
Tuolumne,2021-04-04,32,30955,0,7620,32,23060,0,275,21,6852,10,12167,21,19019,California
Tuolumne,2021-04-05,144,31099,18,7638,120,23180,6,281,62,6838,82,12249,68,19087,California
Tuolumne,2021-04-06,653,31752,510,8148,117,23297,26,307,519,7250,134,12383,546,19633,California
Tuolumne,2021-04-07,130,31882,35,8183,78,23375,17,324,48,7233,82,12465,65,19698,California
Tuolumne,2021-04-08,1398,33280,22,8205,1362,24737,14,338,239,6329,1157,13622,253,19951,California
Tuolumne,2021-04-09,258,33538,33,8238,183,24920,42,380,125,6366,131,13753,168,20119,California
Tuolumne,2021-04-10,51,33589,2,8240,24,24944,25,405,15,6371,35,13788,40,20159,California
Tuolumne,2021-04-11,19,33608,3,8243,13,24957,3,408,13,6381,6,13794,16,20175,California
Tuolumne,2021-04-12,86,33694,6,8249,75,25032,5,413,48,6402,32,13826,53,20228,California
Tuolumne,2021-04-13,292,33986,19,8268,273,25305,0,413,56,6229,229,14055,56,20284,California
Ventura,2020-12-15,5,5,5,5,0,0,0,0,5,5,0,0,5,5,California
Ventura,2020-12-16,72,77,72,77,0,0,0,0,72,77,0,0,72,77,California
Ventura,2020-12-17,249,326,249,326,0,0,0,0,249,326,0,0,249,326,California
Ventura,2020-12-18,1410,1736,1410,1736,0,0,0,0,1410,1736,0,0,1410,1736,California
Ventura,2020-12-19,911,2647,911,2647,0,0,0,0,911,2647,0,0,911,2647,California
Ventura,2020-12-20,430,3077,430,3077,0,0,0,0,430,3077,0,0,430,3077,California
Ventura,2020-12-21,1470,4547,1470,4547,0,0,0,0,1470,4547,0,0,1470,4547,California
Ventura,2020-12-22,1105,5652,1100,5647,5,5,0,0,1105,5652,0,0,1105,5652,California
Ventura,2020-12-23,1026,6678,979,6626,47,52,0,0,1026,6678,0,0,1026,6678,California
Ventura,2020-12-24,477,7155,379,7005,98,150,0,0,477,7155,0,0,477,7155,California
Ventura,2020-12-25,11,7166,7,7012,4,154,0,0,11,7166,0,0,11,7166,California
Ventura,2020-12-26,110,7276,89,7101,21,175,0,0,110,7276,0,0,110,7276,California
Ventura,2020-12-27,58,7334,27,7128,31,206,0,0,58,7334,0,0,58,7334,California
Ventura,2020-12-28,1067,8401,929,8057,138,344,0,0,1067,8401,0,0,1067,8401,California
Ventura,2020-12-29,1167,9568,761,8818,406,750,0,0,1167,9568,0,0,1167,9568,California
Ventura,2020-12-30,1984,11552,1517,10335,467,1217,0,0,1984,11552,0,0,1984,11552,California
Ventura,2020-12-31,478,12030,162,10497,316,1533,0,0,478,12030,0,0,478,12030,California
Ventura,2021-01-01,18,12048,4,10501,14,1547,0,0,18,12048,0,0,18,12048,California
Ventura,2021-01-02,171,12219,79,10580,92,1639,0,0,171,12219,0,0,171,12219,California
Ventura,2021-01-03,15,12234,8,10588,7,1646,0,0,15,12234,0,0,15,12234,California
Ventura,2021-01-04,1077,13311,547,11135,530,2176,0,0,1076,13310,0,0,1076,13310,California
Ventura,2021-01-05,1372,14683,777,11912,595,2771,0,0,1332,14602,40,40,1332,14642,California
Ventura,2021-01-06,2055,16738,1178,13090,877,3648,0,0,1624,15806,422,462,1626,16268,California
Ventura,2021-01-07,2071,18809,1330,14420,741,4389,0,0,1184,16105,885,1347,1184,17452,California
Ventura,2021-01-08,2199,21008,1476,15896,723,5112,0,0,906,15721,1291,2638,907,18359,California
Ventura,2021-01-09,722,21730,501,16397,221,5333,0,0,319,15637,403,3041,319,18678,California
Ventura,2021-01-10,336,22066,324,16721,12,5345,0,0,122,15545,214,3255,122,18800,California
Ventura,2021-01-11,2447,24513,1490,18211,957,6302,0,0,1494,16088,953,4208,1496,20296,California
Ventura,2021-01-12,3033,27546,1603,19814,1430,7732,0,0,2011,17077,1022,5230,2011,22307,California
Ventura,2021-01-13,2926,30472,1421,21235,1505,9237,0,0,2043,18240,881,6111,2044,24351,California
Ventura,2021-01-14,2726,33198,1057,22292,1669,10906,0,0,2281,20078,444,6555,2282,26633,California
Ventura,2021-01-15,2882,36080,963,23255,1919,12825,0,0,2670,22537,212,6767,2671,29304,California
Ventura,2021-01-16,485,36565,186,23441,299,13124,0,0,404,22860,81,6848,404,29708,California
Ventura,2021-01-17,260,36825,137,23578,123,13247,0,0,254,23108,6,6854,254,29962,California
Ventura,2021-01-18,2218,39043,1672,25250,546,13793,0,0,1668,24228,549,7403,1669,31631,California
Ventura,2021-01-19,3030,42073,2114,27364,916,14709,0,0,2138,25476,892,8295,2140,33771,California
Ventura,2021-01-20,4054,46127,3104,30468,950,15659,0,0,3019,27464,1032,9327,3020,36791,California
Ventura,2021-01-21,3829,49956,2666,33134,1163,16822,0,0,3160,29959,666,9993,3161,39952,California
Ventura,2021-01-22,3600,53556,2481,35615,1119,17941,0,0,3439,33237,161,10154,3439,43391,California
Ventura,2021-01-23,1183,54739,649,36264,534,18475,0,0,1082,34221,100,10254,1084,44475,California
Ventura,2021-01-24,450,55189,135,36399,315,18790,0,0,437,34645,13,10267,437,44912,California
Ventura,2021-01-25,3144,58333,2025,38424,1119,19909,0,0,2595,36692,548,10815,2595,47507,California
Ventura,2021-01-26,3696,62029,2195,40619,1501,21410,0,0,2701,38404,994,11809,2706,50213,California
Ventura,2021-01-27,3439,65468,1546,42165,1893,23303,0,0,2701,40370,735,12544,2701,52914,California
Ventura,2021-01-28,3851,69319,1979,44144,1872,25175,0,0,3237,43011,597,13141,3238,56152,California
Ventura,2021-01-29,4233,73552,2505,46649,1728,26903,0,0,3739,46268,482,13623,3739,59891,California
Ventura,2021-01-30,3027,76579,1957,48606,1070,27973,0,0,2858,48961,166,13789,2859,62750,California
Ventura,2021-01-31,833,77412,447,49053,386,28359,0,0,749,49626,84,13873,749,63499,California
Ventura,2021-02-01,3924,81336,2104,51157,1820,30179,0,0,3159,52023,763,14636,3160,66659,California
Ventura,2021-02-02,4401,85737,2369,53526,2032,32211,0,0,3380,54387,1017,15653,3381,70040,California
Ventura,2021-02-03,4455,90192,2089,55615,2366,34577,0,0,3447,56832,1003,16656,3448,73488,California
Ventura,2021-02-04,4753,94945,2274,57889,2479,37056,0,0,3506,59100,1240,17896,3508,76996,California
Ventura,2021-02-05,4828,99773,2311,60200,2517,39573,0,0,3336,60959,1479,19375,3338,80334,California
Ventura,2021-02-06,2830,102603,1513,61713,1317,40890,0,0,2430,62989,400,19775,2430,82764,California
Ventura,2021-02-07,708,103311,241,61954,467,41357,0,0,583,63448,125,19900,584,83348,California
Ventura,2021-02-08,3496,106807,1622,63576,1874,43231,0,0,2428,64813,1063,20963,2428,85776,California
Ventura,2021-02-09,4712,111519,1969,65545,2743,45974,0,0,2466,65036,2245,23208,2468,88244,California
Ventura,2021-02-10,4701,116220,2232,67777,2469,48443,0,0,2397,65140,2294,25502,2398,90642,California
Ventura,2021-02-11,4648,120868,1855,69632,2793,51236,0,0,2440,65383,2201,27703,2444,93086,California
Ventura,2021-02-12,6288,127156,2649,72281,3639,54875,0,0,3216,65529,3070,30773,3216,96302,California
Ventura,2021-02-13,3290,130446,1826,74107,1464,56339,0,0,1840,65925,1446,32219,1842,98144,California
Ventura,2021-02-14,1225,131671,123,74230,1102,57441,0,0,1010,66721,215,32434,1011,99155,California
Ventura,2021-02-15,3985,135656,1794,76024,2191,59632,0,0,2115,66969,1867,34301,2115,101270,California
Ventura,2021-02-16,5525,141181,2697,78721,2828,62460,0,0,3012,67474,2507,36808,3012,104282,California
Ventura,2021-02-17,5222,146403,1913,80634,3309,65769,0,0,3263,68786,1951,38759,3263,107545,California
Ventura,2021-02-18,5769,152172,1827,82461,3942,69711,0,0,3631,70291,2128,40887,3633,111178,California
Ventura,2021-02-19,6434,158606,3763,86224,2671,72382,0,0,3003,69871,3424,44311,3004,114182,California
Ventura,2021-02-20,4917,163523,3158,89382,1759,74141,0,0,2763,70487,2150,46461,2766,116948,California
Ventura,2021-02-21,1038,164561,751,90133,287,74428,0,0,426,70305,608,47069,426,117374,California
Ventura,2021-02-22,5363,169924,2408,92541,2955,77383,0,0,3450,71851,1904,48973,3450,120824,California
Ventura,2021-02-23,5919,175843,2963,95504,2956,80339,0,0,3416,72781,2488,51461,3418,124242,California
Ventura,2021-02-24,6983,182826,2602,98106,4381,84720,0,0,4244,74300,2726,54187,4245,128487,California
Ventura,2021-02-25,7467,190293,2563,100669,4904,89624,0,0,4571,75988,2884,57071,4572,133059,California
Ventura,2021-02-26,9329,199622,2758,103427,6571,96195,0,0,6169,79022,3138,60209,6172,139231,California
Ventura,2021-02-27,9975,209597,5263,108690,4712,100907,0,0,7364,83797,2596,62805,7371,146602,California
Ventura,2021-02-28,2555,212152,1630,110320,924,101831,1,1,2094,85434,457,63262,2094,148696,California
Ventura,2021-03-01,6912,219064,2793,113113,4119,105950,0,1,4604,87753,2299,65561,4618,153314,California
Ventura,2021-03-02,7359,226423,3923,117036,3435,109385,1,2,5142,90686,2209,67770,5142,158456,California
Ventura,2021-03-03,8454,234877,3879,120915,4575,113960,0,2,6025,94297,2417,70187,6028,164484,California
Ventura,2021-03-04,8026,242903,3859,124774,4167,118127,0,2,5417,97117,2598,72785,5418,169902,California
Ventura,2021-03-05,9959,252862,4793,129567,5156,123283,10,12,7085,101358,2861,75646,7102,177004,California
Ventura,2021-03-06,7215,260077,4392,133959,2669,125952,154,166,5319,104937,1894,77540,5473,182477,California
Ventura,2021-03-07,1650,261727,603,134562,946,126898,101,267,1234,105856,416,77956,1335,183812,California
Ventura,2021-03-08,6723,268450,3411,137973,3160,130058,152,419,4627,108545,2093,80049,4782,188594,California
Ventura,2021-03-09,6498,274948,2804,140777,3498,133556,196,615,3645,109546,2842,82891,3843,192437,California
Ventura,2021-03-10,6751,281699,2963,143740,3550,137106,238,853,4465,111972,2277,85168,4703,197140,California
Ventura,2021-03-11,6233,287932,2871,146611,3154,140260,208,1061,3403,112762,2821,87989,3611,200751,California
Ventura,2021-03-12,8413,296345,3015,149626,4563,144823,835,1896,4060,113323,4336,92325,4897,205648,California
Ventura,2021-03-13,6577,302922,2468,152094,3272,148095,837,2733,3716,115019,2856,95181,4552,210200,California
Ventura,2021-03-14,2112,305034,467,152561,1151,149246,494,3227,721,114846,1390,96571,1217,211417,California
Ventura,2021-03-15,6897,311931,2042,154603,3508,152754,1347,4574,2965,115246,3912,100483,4312,215729,California
Ventura,2021-03-16,7834,319765,2438,157041,4286,157040,1110,5684,3935,116406,3883,104366,5043,220772,California
Ventura,2021-03-17,7329,327094,2740,159781,4244,161284,345,6029,4388,118213,2926,107292,4733,225505,California
Ventura,2021-03-18,7154,334248,3254,163035,3748,165032,152,6181,4655,120530,2488,109780,4805,230310,California
Ventura,2021-03-19,8261,342509,3748,166783,4403,169435,110,6291,4921,122235,3324,113104,5029,235339,California
Ventura,2021-03-20,8100,350609,5225,172008,2855,172290,20,6311,3871,121918,4209,117313,3892,239231,California
Ventura,2021-03-21,2755,353364,1503,173511,883,173173,369,6680,1306,122150,1443,118756,1675,240906,California
Ventura,2021-03-22,7267,360631,3659,177170,3506,176679,102,6782,4795,124588,2459,121215,4897,245803,California
Ventura,2021-03-23,8080,368711,3858,181028,4158,180837,64,6846,4619,125828,3442,124657,4682,250485,California
Ventura,2021-03-24,8771,377482,3386,184414,5311,186148,74,6920,4366,125892,4377,129034,4441,254926,California
Ventura,2021-03-25,8683,386165,3886,188300,4732,190880,65,6985,4404,126097,4264,133298,4469,259395,California
Ventura,2021-03-26,9623,395788,3315,191615,5657,196537,651,7636,3744,124635,5856,139154,4394,263789,California
Ventura,2021-03-27,8079,403867,3897,195512,4143,200680,39,7675,2379,121371,5684,144838,2420,266209,California
Ventura,2021-03-28,2491,406358,1386,196898,1096,201776,9,7684,1362,121614,1128,145966,1371,267580,California
Ventura,2021-03-29,8408,414766,4255,201153,4108,205884,45,7729,4201,121678,4182,150148,4246,271826,California
Ventura,2021-03-30,8850,423616,4380,205533,4347,210231,123,7852,4567,122094,4273,154421,4689,276515,California
Ventura,2021-03-31,10573,434189,4801,210334,5150,215381,622,8474,4613,121387,5942,160363,5235,281750,California
Ventura,2021-04-01,10545,444734,5163,215497,4522,219903,860,9334,5364,122442,5165,165528,6220,287970,California
Ventura,2021-04-02,11235,455969,4563,220060,5454,225357,1218,10552,5291,123036,5920,171448,6514,294484,California
Ventura,2021-04-03,7958,463927,3926,223986,2927,228284,1105,11657,3349,122891,4599,176047,4454,298938,California
Ventura,2021-04-04,1695,465622,948,224934,620,228904,127,11784,1146,123619,545,176592,1273,300211,California
Ventura,2021-04-05,9093,474715,4829,229763,3275,232179,989,12773,4642,124804,4444,181036,5629,305840,California
Ventura,2021-04-06,10710,485425,5516,235279,3802,235981,1392,14165,5538,126579,5155,186191,6930,312770,California
Ventura,2021-04-07,11160,496585,5405,240684,4321,240302,1434,15599,5107,127078,6037,192228,6536,319306,California
Ventura,2021-04-08,10067,506652,5285,245969,3947,244249,835,16434,5100,128054,4954,197182,5930,325236,California
Ventura,2021-04-09,9385,516037,3494,249463,4592,248841,1299,17733,3980,127938,5391,202573,5275,330511,California
Ventura,2021-04-10,8899,524936,3466,252929,3325,252166,2108,19841,2993,127143,5893,208466,5098,335609,California
Ventura,2021-04-11,2365,527301,854,253783,974,253140,537,20378,677,126674,1681,210147,1212,336821,California
Ventura,2021-04-12,5860,533161,2489,256272,3110,256250,261,20639,1936,124958,3910,214057,2194,339015,California
Ventura,2021-04-13,4214,537375,2018,258290,2192,258442,4,20643,1393,123568,2787,216844,1397,340412,California
Yolo,2020-12-15,39,39,39,39,0,0,0,0,39,39,0,0,39,39,California
Yolo,2020-12-16,78,117,78,117,0,0,0,0,78,117,0,0,78,117,California
Yolo,2020-12-17,101,218,101,218,0,0,0,0,101,218,0,0,101,218,California
Yolo,2020-12-18,209,427,209,427,0,0,0,0,209,427,0,0,209,427,California
Yolo,2020-12-19,86,513,86,513,0,0,0,0,86,513,0,0,86,513,California
Yolo,2020-12-20,100,613,100,613,0,0,0,0,100,613,0,0,100,613,California
Yolo,2020-12-21,253,866,253,866,0,0,0,0,253,866,0,0,253,866,California
Yolo,2020-12-22,382,1248,381,1247,1,1,0,0,382,1248,0,0,382,1248,California
Yolo,2020-12-23,431,1679,412,1659,19,20,0,0,431,1679,0,0,431,1679,California
Yolo,2020-12-24,151,1830,94,1753,57,77,0,0,151,1830,0,0,151,1830,California
Yolo,2020-12-25,1,1831,1,1754,0,77,0,0,1,1831,0,0,1,1831,California
Yolo,2020-12-26,75,1906,25,1779,50,127,0,0,75,1906,0,0,75,1906,California
Yolo,2020-12-27,46,1952,19,1798,27,154,0,0,46,1952,0,0,46,1952,California
Yolo,2020-12-28,346,2298,178,1976,168,322,0,0,346,2298,0,0,346,2298,California
Yolo,2020-12-29,485,2783,268,2244,217,539,0,0,485,2783,0,0,485,2783,California
Yolo,2020-12-30,621,3404,254,2498,367,906,0,0,621,3404,0,0,621,3404,California
Yolo,2020-12-31,183,3587,94,2592,89,995,0,0,183,3587,0,0,183,3587,California
Yolo,2021-01-01,56,3643,55,2647,1,996,0,0,56,3643,0,0,56,3643,California
Yolo,2021-01-02,68,3711,25,2672,43,1039,0,0,68,3711,0,0,68,3711,California
Yolo,2021-01-03,43,3754,19,2691,24,1063,0,0,43,3754,0,0,43,3754,California
Yolo,2021-01-04,193,3947,43,2734,150,1213,0,0,193,3947,0,0,193,3947,California
Yolo,2021-01-05,610,4557,236,2970,374,1587,0,0,549,4435,61,61,549,4496,California
Yolo,2021-01-06,480,5037,183,3153,297,1884,0,0,349,4653,131,192,349,4845,California
Yolo,2021-01-07,710,5747,234,3387,476,2360,0,0,521,4986,188,380,521,5366,California
Yolo,2021-01-08,628,6375,308,3695,320,2680,0,0,413,5185,214,594,413,5779,California
Yolo,2021-01-09,410,6785,67,3762,343,3023,0,0,365,5505,45,639,365,6144,California
Yolo,2021-01-10,392,7177,80,3842,312,3335,0,0,322,5757,70,709,322,6466,California
Yolo,2021-01-11,559,7736,323,4165,236,3571,0,0,291,5780,268,977,291,6757,California
Yolo,2021-01-12,480,8216,362,4527,118,3689,0,0,173,5647,307,1284,174,6931,California
Yolo,2021-01-13,763,8979,309,4836,454,4143,0,0,514,5912,249,1533,514,7445,California
Yolo,2021-01-14,374,9353,181,5017,193,4336,0,0,270,6078,104,1637,270,7715,California
Yolo,2021-01-15,622,9975,321,5338,301,4637,0,0,544,6544,78,1715,544,8259,California
Yolo,2021-01-16,739,10714,95,5433,644,5281,0,0,708,7221,31,1746,708,8967,California
Yolo,2021-01-17,186,10900,117,5550,69,5350,0,0,179,7393,7,1753,179,9146,California
Yolo,2021-01-18,477,11377,303,5853,174,5524,0,0,379,7674,98,1851,379,9525,California
Yolo,2021-01-19,540,11917,370,6223,170,5694,0,0,366,7866,174,2025,366,9891,California
Yolo,2021-01-20,656,12573,379,6602,277,5971,0,0,472,8155,183,2208,472,10363,California
Yolo,2021-01-21,643,13216,380,6982,263,6234,0,0,456,8424,187,2395,456,10819,California
Yolo,2021-01-22,746,13962,250,7232,496,6730,0,0,628,8936,116,2511,628,11447,California
Yolo,2021-01-23,613,14575,124,7356,489,7219,0,0,566,9455,47,2558,566,12013,California
Yolo,2021-01-24,207,14782,124,7480,83,7302,0,0,166,9580,41,2599,166,12179,California
Yolo,2021-01-25,730,15512,153,7633,577,7879,0,0,514,9879,216,2815,515,12694,California
Yolo,2021-01-26,813,16325,326,7959,487,8366,0,0,426,9918,387,3202,426,13120,California
Yolo,2021-01-27,552,16877,221,8180,331,8697,0,0,379,10124,173,3375,379,13499,California
Yolo,2021-01-28,1046,17923,565,8745,481,9178,0,0,923,10925,122,3497,923,14422,California
Yolo,2021-01-29,863,18786,260,9005,603,9781,0,0,782,11627,80,3577,782,15204,California
Yolo,2021-01-30,1516,20302,917,9922,599,10380,0,0,1408,12933,102,3679,1408,16612,California
Yolo,2021-01-31,248,20550,210,10132,38,10418,0,0,213,13112,34,3713,213,16825,California
Yolo,2021-02-01,838,21388,358,10490,480,10898,0,0,610,13497,225,3938,610,17435,California
Yolo,2021-02-02,1318,22706,745,11235,573,11471,0,0,928,14036,390,4328,929,18364,California
Yolo,2021-02-03,1513,24219,395,11630,1118,12589,0,0,1185,14896,325,4653,1185,19549,California
Yolo,2021-02-04,1790,26009,280,11910,1510,14099,0,0,1241,15600,538,5191,1242,20791,California
Yolo,2021-02-05,1590,27599,896,12806,694,14793,0,0,1192,16395,398,5589,1193,21984,California
Yolo,2021-02-06,1917,29516,1245,14051,672,15465,0,0,1555,17589,362,5951,1556,23540,California
Yolo,2021-02-07,516,30032,248,14299,268,15733,0,0,169,17412,346,6297,169,23709,California
Yolo,2021-02-08,954,30986,331,14630,623,16356,0,0,611,17683,340,6637,611,24320,California
Yolo,2021-02-09,852,31838,382,15012,470,16826,0,0,572,17975,280,6917,572,24892,California
Yolo,2021-02-10,1450,33288,473,15485,977,17803,0,0,816,18159,633,7550,817,25709,California
Yolo,2021-02-11,1538,34826,774,16259,764,18567,0,0,1161,18943,377,7927,1161,26870,California
Yolo,2021-02-12,1901,36727,748,17007,1153,19720,0,0,1438,19921,460,8387,1438,28308,California
Yolo,2021-02-13,2051,38778,710,17717,1341,21061,0,0,1387,20644,664,9051,1387,29695,California
Yolo,2021-02-14,569,39347,152,17869,417,21478,0,0,444,20964,124,9175,444,30139,California
Yolo,2021-02-15,524,39871,187,18056,337,21815,0,0,262,20965,262,9437,263,30402,California
Yolo,2021-02-16,1115,40986,426,18482,689,22504,0,0,809,21468,306,9743,809,31211,California
Yolo,2021-02-17,1380,42366,697,19179,683,23187,0,0,989,22066,391,10134,989,32200,California
Yolo,2021-02-18,2438,44804,758,19937,1680,24867,0,0,1676,22980,762,10896,1676,33876,California
Yolo,2021-02-19,1734,46538,742,20679,992,25859,0,0,1120,23488,612,11508,1120,34996,California
Yolo,2021-02-20,2429,48967,939,21618,1490,27349,0,0,1358,23780,1066,12574,1358,36354,California
Yolo,2021-02-21,281,49248,225,21843,56,27405,0,0,74,23648,206,12780,74,36428,California
Yolo,2021-02-22,1362,50610,600,22443,762,28167,0,0,693,23674,668,13448,694,37122,California
Yolo,2021-02-23,1118,51728,838,23281,280,28447,0,0,438,23434,678,14126,438,37560,California
Yolo,2021-02-24,2094,53822,591,23872,1503,29950,0,0,1387,24116,705,14831,1387,38947,California
Yolo,2021-02-25,1339,55161,441,24313,898,30848,0,0,875,24528,463,15294,875,39822,California
Yolo,2021-02-26,2552,57713,978,25291,1574,32422,0,0,1358,24695,1191,16485,1358,41180,California
Yolo,2021-02-27,1647,59360,765,26056,882,33304,0,0,1198,25444,449,16934,1198,42378,California
Yolo,2021-02-28,1774,61134,1489,27545,285,33589,0,0,683,25038,1089,18023,683,43061,California
Yolo,2021-03-01,1075,62209,351,27896,724,34313,0,0,649,25263,424,18447,649,43710,California
Yolo,2021-03-02,1429,63638,681,28577,748,35061,0,0,908,25650,521,18968,908,44618,California
Yolo,2021-03-03,1801,65439,599,29176,1202,36263,0,0,797,25445,1002,19970,797,45415,California
Yolo,2021-03-04,2843,68282,1399,30575,1444,37707,0,0,1536,25676,1305,21275,1536,46951,California
Yolo,2021-03-05,2333,70615,1388,31963,934,38641,11,11,1465,26285,867,22142,1476,48427,California
Yolo,2021-03-06,1463,72078,1122,33085,312,38953,29,40,832,26517,629,22771,861,49288,California
Yolo,2021-03-07,902,72980,670,33755,218,39171,14,54,769,27167,133,22904,783,50071,California
Yolo,2021-03-08,1077,74057,476,34231,559,39730,42,96,746,27625,330,23234,788,50859,California
Yolo,2021-03-09,1240,75297,667,34898,513,40243,60,156,755,27957,483,23717,815,51674,California
Yolo,2021-03-10,1776,77073,1038,35936,448,40691,290,446,741,27949,1034,24751,1026,52700,California
Yolo,2021-03-11,2268,79341,1536,37472,669,41360,63,509,1564,28874,703,25454,1628,54328,California
Yolo,2021-03-12,2878,82219,1340,38812,1461,42821,77,586,1371,28820,1501,26955,1447,55775,California
Yolo,2021-03-13,1834,84053,730,39542,928,43749,176,762,1008,29181,823,27778,1184,56959,California
Yolo,2021-03-14,1006,85059,208,39750,649,44398,149,911,520,29365,485,28263,669,57628,California
Yolo,2021-03-15,1318,86377,772,40522,371,44769,175,1086,704,29631,612,28875,878,58506,California
Yolo,2021-03-16,1864,88241,718,41240,1073,45842,73,1159,1101,30042,763,29638,1174,59680,California
Yolo,2021-03-17,2473,90714,962,42202,1439,47281,72,1231,1725,31094,745,30383,1797,61477,California
Yolo,2021-03-18,2875,93589,886,43088,1765,49046,224,1455,1164,30772,1710,32093,1388,62865,California
Yolo,2021-03-19,2026,95615,809,43897,1149,50195,68,1523,1067,30954,953,33046,1135,64000,California
Yolo,2021-03-20,2746,98361,814,44711,1891,52086,41,1564,1117,30491,1623,34669,1160,65160,California
Yolo,2021-03-21,316,98677,218,44929,90,52176,8,1572,227,30638,88,34757,235,65395,California
Yolo,2021-03-22,1380,100057,480,45409,848,53024,52,1624,907,31125,471,35228,958,66353,California
Yolo,2021-03-23,1726,101783,929,46338,741,53765,56,1680,1066,31588,659,35887,1122,67475,California
Yolo,2021-03-24,2837,104620,1404,47742,1384,55149,49,1729,1422,31654,1405,37292,1471,68946,California
Yolo,2021-03-25,2397,107017,1274,49016,1096,56245,27,1756,1148,31589,1240,38532,1175,70121,California
Yolo,2021-03-26,2362,109379,1226,50242,1117,57362,19,1775,1015,31283,1339,39871,1033,71154,California
Yolo,2021-03-27,1625,111004,451,50693,1158,58520,16,1791,753,31181,871,40742,769,71923,California
Yolo,2021-03-28,1098,112102,859,51552,221,58741,18,1809,269,30643,825,41567,287,72210,California
Yolo,2021-03-29,1978,114080,810,52362,1154,59895,14,1823,984,30651,990,42557,998,73208,California
Yolo,2021-03-30,2269,116349,1067,53429,1177,61072,25,1848,1198,30808,1066,43623,1223,74431,California
Yolo,2021-03-31,2327,118676,1206,54635,1086,62158,35,1883,1219,30955,1107,44730,1254,75685,California
Yolo,2021-04-01,3740,122416,1761,56396,1506,63664,473,2356,1573,30837,2164,46894,2046,77731,California
Yolo,2021-04-02,3095,125511,1477,57873,1557,65221,61,2417,2029,31867,1060,47954,2090,79821,California
Yolo,2021-04-03,1775,127286,1071,58944,490,65711,214,2631,789,31885,985,48939,1003,80824,California
Yolo,2021-04-04,379,127665,147,59091,170,65881,62,2693,139,31846,240,49179,201,81025,California
Yolo,2021-04-05,1899,129564,723,59814,1080,66961,96,2789,1018,32083,877,50056,1114,82139,California
Yolo,2021-04-06,2522,132086,1291,61105,1065,68026,166,2955,1280,32298,1232,51288,1447,83586,California
Yolo,2021-04-07,2674,134760,1394,62499,1042,69068,238,3193,1766,33400,901,52189,2003,85589,California
Yolo,2021-04-08,2257,137017,969,63468,863,69931,425,3618,944,33458,1310,53499,1368,86957,California
Yolo,2021-04-09,2154,139171,773,64241,959,70890,422,4040,713,33153,1439,54938,1134,88091,California
Yolo,2021-04-10,999,140170,259,64500,579,71469,161,4201,417,33151,579,55517,577,88668,California
Yolo,2021-04-11,820,140990,261,64761,538,72007,21,4222,322,33002,492,56009,343,89011,California
Yolo,2021-04-12,1509,142499,494,65255,894,72901,121,4343,917,33451,589,56598,1038,90049,California
Yolo,2021-04-13,1296,143795,509,65764,787,73688,0,4343,627,33409,669,57267,627,90676,California
Yuba,2020-12-16,4,4,4,4,0,0,0,0,4,4,0,0,4,4,California
Yuba,2020-12-17,4,8,4,8,0,0,0,0,4,8,0,0,4,8,California
Yuba,2020-12-18,8,16,8,16,0,0,0,0,8,16,0,0,8,16,California
Yuba,2020-12-19,12,28,12,28,0,0,0,0,12,28,0,0,12,28,California
Yuba,2020-12-20,20,48,20,48,0,0,0,0,20,48,0,0,20,48,California
Yuba,2020-12-21,40,88,40,88,0,0,0,0,40,88,0,0,40,88,California
Yuba,2020-12-22,86,174,86,174,0,0,0,0,86,174,0,0,86,174,California
Yuba,2020-12-23,63,237,61,235,2,2,0,0,63,237,0,0,63,237,California
Yuba,2020-12-24,20,257,10,245,10,12,0,0,20,257,0,0,20,257,California
Yuba,2020-12-26,15,272,13,258,2,14,0,0,15,272,0,0,15,272,California
Yuba,2020-12-27,15,287,15,273,0,14,0,0,15,287,0,0,15,287,California
Yuba,2020-12-28,51,338,35,308,16,30,0,0,51,338,0,0,51,338,California
Yuba,2020-12-29,77,415,10,318,67,97,0,0,77,415,0,0,77,415,California
Yuba,2020-12-30,64,479,21,339,43,140,0,0,64,479,0,0,64,479,California
Yuba,2020-12-31,36,515,6,345,30,170,0,0,36,515,0,0,36,515,California
Yuba,2021-01-02,23,538,22,367,1,171,0,0,23,538,0,0,23,538,California
Yuba,2021-01-03,10,548,6,373,4,175,0,0,10,548,0,0,10,548,California
Yuba,2021-01-04,90,638,21,394,69,244,0,0,90,638,0,0,90,638,California
Yuba,2021-01-05,68,706,36,430,32,276,0,0,67,704,1,1,67,705,California
Yuba,2021-01-06,152,858,75,505,77,353,0,0,146,844,6,7,146,851,California
Yuba,2021-01-07,74,932,19,524,55,408,0,0,71,911,4,11,71,922,California
Yuba,2021-01-08,73,1005,25,549,48,456,0,0,66,970,7,18,66,988,California
Yuba,2021-01-09,19,1024,16,565,3,459,0,0,11,973,8,26,11,999,California
Yuba,2021-01-10,117,1141,22,587,95,554,0,0,95,1046,22,48,95,1094,California
Yuba,2021-01-11,73,1214,50,637,23,577,0,0,33,1039,40,88,33,1127,California
Yuba,2021-01-12,109,1323,79,716,30,607,0,0,44,1018,65,153,44,1171,California
Yuba,2021-01-13,118,1441,71,787,47,654,0,0,54,1009,63,216,54,1225,California
Yuba,2021-01-14,109,1550,43,830,66,720,0,0,97,1094,12,228,97,1322,California
Yuba,2021-01-15,206,1756,88,918,118,838,0,0,195,1278,11,239,195,1517,California
Yuba,2021-01-16,185,1941,21,939,164,1002,0,0,173,1438,13,252,173,1690,California
Yuba,2021-01-17,13,1954,9,948,4,1006,0,0,7,1439,6,258,7,1697,California
Yuba,2021-01-18,60,2014,32,980,28,1034,0,0,35,1449,25,283,35,1732,California
Yuba,2021-01-19,80,2094,29,1009,51,1085,0,0,65,1499,15,298,65,1797,California
Yuba,2021-01-20,132,2226,87,1096,45,1130,0,0,109,1585,23,321,109,1906,California
Yuba,2021-01-21,212,2438,96,1192,116,1246,0,0,203,1779,9,330,203,2109,California
Yuba,2021-01-22,103,2541,6,1198,97,1343,0,0,94,1864,9,339,94,2203,California
Yuba,2021-01-23,199,2740,7,1205,192,1535,0,0,196,2057,3,342,196,2399,California
Yuba,2021-01-24,9,2749,6,1211,3,1538,0,0,7,2062,2,344,7,2406,California
Yuba,2021-01-25,83,2832,27,1238,56,1594,0,0,52,2084,30,374,52,2458,California
Yuba,2021-01-26,149,2981,39,1277,110,1704,0,0,93,2121,56,430,93,2551,California
Yuba,2021-01-27,182,3163,128,1405,54,1758,0,0,115,2169,67,497,115,2666,California
Yuba,2021-01-28,215,3378,79,1484,136,1894,0,0,174,2302,41,538,174,2840,California
Yuba,2021-01-29,159,3537,56,1540,103,1997,0,0,112,2367,47,585,112,2952,California
Yuba,2021-01-30,409,3946,23,1563,386,2383,0,0,398,2754,11,596,398,3350,California
Yuba,2021-01-31,17,3963,12,1575,5,2388,0,0,15,2767,2,598,15,3365,California
Yuba,2021-02-01,152,4115,73,1648,79,2467,0,0,129,2875,22,620,130,3495,California
Yuba,2021-02-02,123,4238,23,1671,100,2567,0,0,101,2954,22,642,101,3596,California
Yuba,2021-02-03,226,4464,29,1700,197,2764,0,0,114,2957,111,753,114,3710,California
Yuba,2021-02-04,295,4759,121,1821,174,2938,0,0,253,3168,42,795,253,3963,California
Yuba,2021-02-05,147,4906,32,1853,115,3053,0,0,71,3163,76,871,71,4034,California
Yuba,2021-02-06,447,5353,26,1879,421,3474,0,0,439,3594,8,879,439,4473,California
Yuba,2021-02-07,18,5371,11,1890,7,3481,0,0,15,3606,3,882,15,4488,California
Yuba,2021-02-08,96,5467,35,1925,61,3542,0,0,66,3642,30,912,66,4554,California
Yuba,2021-02-09,153,5620,55,1980,98,3640,0,0,84,3657,69,981,84,4638,California
Yuba,2021-02-10,347,5967,172,2152,175,3815,0,0,113,3537,233,1214,113,4751,California
Yuba,2021-02-11,397,6364,63,2215,334,4149,0,0,301,3744,94,1308,301,5052,California
Yuba,2021-02-12,265,6629,27,2242,238,4387,0,0,152,3783,113,1421,152,5204,California
Yuba,2021-02-13,436,7065,35,2277,401,4788,0,0,388,4123,48,1469,388,5592,California
Yuba,2021-02-14,53,7118,10,2287,43,4831,0,0,49,4168,4,1473,49,5641,California
Yuba,2021-02-15,87,7205,36,2323,51,4882,0,0,68,4217,19,1492,68,5709,California
Yuba,2021-02-16,199,7404,53,2376,146,5028,0,0,141,4301,57,1549,141,5850,California
Yuba,2021-02-17,369,7773,155,2531,214,5242,0,0,98,4128,271,1820,98,5948,California
Yuba,2021-02-18,305,8078,33,2564,272,5514,0,0,181,4185,124,1944,181,6129,California
Yuba,2021-02-19,224,8302,84,2648,140,5654,0,0,141,4243,83,2027,141,6270,California
Yuba,2021-02-20,388,8690,30,2678,358,6012,0,0,335,4525,53,2080,335,6605,California
Yuba,2021-02-21,16,8706,14,2692,2,6014,0,0,6,4521,10,2090,6,6611,California
Yuba,2021-02-22,128,8834,79,2771,49,6063,0,0,39,4472,88,2178,39,6650,California
Yuba,2021-02-23,114,8948,25,2796,89,6152,0,0,46,4451,67,2245,46,6696,California
Yuba,2021-02-24,477,9425,136,2932,341,6493,0,0,105,4184,372,2617,105,6801,California
Yuba,2021-02-25,331,9756,132,3064,199,6692,0,0,203,4259,128,2745,203,7004,California
Yuba,2021-02-26,253,10009,67,3131,186,6878,0,0,140,4288,111,2856,140,7144,California
Yuba,2021-02-27,473,10482,47,3178,426,7304,0,0,385,4586,87,2943,385,7529,California
Yuba,2021-02-28,65,10547,21,3199,44,7348,0,0,44,4609,21,2964,44,7573,California
Yuba,2021-03-01,151,10698,38,3237,113,7461,0,0,75,4609,75,3039,75,7648,California
Yuba,2021-03-02,151,10849,35,3272,116,7577,0,0,75,4608,76,3115,75,7723,California
Yuba,2021-03-03,613,11462,156,3428,457,8034,0,0,192,4380,420,3535,192,7915,California
Yuba,2021-03-04,463,11925,269,3697,194,8228,0,0,323,4564,139,3674,323,8238,California
Yuba,2021-03-05,314,12239,59,3756,254,8482,1,1,249,4749,65,3739,250,8488,California
Yuba,2021-03-06,481,12720,35,3791,442,8924,4,5,375,5022,106,3845,379,8867,California
Yuba,2021-03-07,51,12771,27,3818,23,8947,1,6,34,5040,17,3862,35,8902,California
Yuba,2021-03-08,158,12929,49,3867,93,9040,16,22,99,5096,59,3921,115,9017,California
Yuba,2021-03-09,177,13106,47,3914,111,9151,19,41,85,5108,92,4013,104,9121,California
Yuba,2021-03-10,733,13839,231,4145,472,9623,30,71,229,4864,503,4516,259,9380,California
Yuba,2021-03-11,429,14268,185,4330,232,9855,12,83,296,5039,133,4649,308,9688,California
Yuba,2021-03-12,456,14724,85,4415,318,10173,53,136,149,4934,307,4956,202,9890,California
Yuba,2021-03-13,450,15174,332,4747,103,10276,15,151,360,5220,89,5045,375,10265,California
Yuba,2021-03-14,109,15283,21,4768,78,10354,10,161,48,5218,60,5105,58,10323,California
Yuba,2021-03-15,194,15477,49,4817,128,10482,17,178,99,5239,95,5200,116,10439,California
Yuba,2021-03-16,290,15767,71,4888,194,10676,25,203,176,5327,113,5313,201,10640,California
Yuba,2021-03-17,725,16492,159,5047,537,11213,29,232,185,5003,538,5851,214,10854,California
Yuba,2021-03-18,561,17053,147,5194,301,11514,113,345,338,5231,223,6074,451,11305,California
Yuba,2021-03-19,322,17375,118,5312,155,11669,49,394,184,5327,137,6211,233,11538,California
Yuba,2021-03-20,555,17930,80,5392,457,12126,18,412,474,5739,80,6291,492,12030,California
Yuba,2021-03-21,59,17989,36,5428,23,12149,0,412,47,5774,12,6303,47,12077,California
Yuba,2021-03-22,189,18178,70,5498,112,12261,7,419,147,5886,42,6345,154,12231,California
Yuba,2021-03-23,241,18419,79,5577,135,12396,27,446,162,5997,78,6423,189,12420,California
Yuba,2021-03-24,747,19166,239,5816,427,12823,81,527,185,5703,560,6983,266,12686,California
Yuba,2021-03-25,483,19649,263,6079,198,13021,22,549,239,5720,244,7227,261,12947,California
Yuba,2021-03-26,382,20031,142,6221,214,13235,26,575,220,5805,161,7388,246,13193,California
Yuba,2021-03-27,458,20489,27,6248,429,13664,2,577,405,6159,53,7441,407,13600,California
Yuba,2021-03-28,100,20589,42,6290,54,13718,4,581,38,6139,62,7503,42,13642,California
Yuba,2021-03-29,291,20880,84,6374,176,13894,31,612,179,6237,112,7615,210,13852,California
Yuba,2021-03-30,270,21150,67,6441,195,14089,8,620,191,6357,79,7694,199,14051,California
Yuba,2021-03-31,670,21820,113,6554,545,14634,12,632,250,6200,419,8113,262,14313,California
Yuba,2021-04-01,606,22426,281,6835,296,14930,29,661,276,6175,330,8443,305,14618,California
Yuba,2021-04-02,475,22901,88,6923,306,15236,81,742,179,6140,295,8738,260,14878,California
Yuba,2021-04-03,651,23552,55,6978,115,15351,481,1223,86,6143,564,9302,567,15445,California
Yuba,2021-04-04,56,23608,10,6988,40,15391,6,1229,31,6155,25,9327,37,15482,California
Yuba,2021-04-05,241,23849,78,7066,143,15534,20,1249,119,6173,120,9447,138,15620,California
Yuba,2021-04-06,321,24170,111,7177,157,15691,53,1302,155,6216,165,9612,208,15828,California
Yuba,2021-04-07,749,24919,385,7562,309,16000,55,1357,327,6177,420,10032,381,16209,California
Yuba,2021-04-08,701,25620,286,7848,165,16165,250,1607,254,6235,446,10478,504,16713,California
Yuba,2021-04-09,345,25965,152,8000,141,16306,52,1659,150,6242,195,10673,202,16915,California
Yuba,2021-04-10,552,26517,57,8057,56,16362,439,2098,49,6229,501,11174,488,17403,California
Yuba,2021-04-11,95,26612,21,8078,66,16428,8,2106,37,6216,58,11232,45,17448,California
Yuba,2021-04-12,169,26781,42,8120,105,16533,22,2128,69,6208,99,11331,91,17539,California
Yuba,2021-04-13,187,26968,46,8166,141,16674,0,2128,99,6220,87,11418,99,17638,California
