county,administered_date,total_doses,cumulative_total_doses,pfizer_doses,cumulative_pfizer_doses,moderna_doses,cumulative_moderna_doses,jj_doses,cumulative_jj_doses,partially_vaccinated,total_partially_vaccinated,fully_vaccinated,cumulative_fully_vaccinated,at_least_one_dose,cumulative_at_least_one_dose,california_flag
All CA Counties,2020-12-15,1134,1134,1134,1134,0,0,0,0,1134,1134,0,0,1134,1134,
All CA Counties,2020-12-16,8120,9254,8120,9254,0,0,0,0,8120,9254,0,0,8120,9254,
All CA Counties,2020-12-17,25720,34974,25720,34974,0,0,0,0,25722,34976,0,0,25722,34976,
All CA Counties,2020-12-18,43751,78725,43697,78671,54,54,0,0,43752,78728,0,0,43752,78728,
All CA Counties,2020-12-19,25205,103930,25182,103853,23,77,0,0,25204,103931,1,1,25204,103932,
All CA Counties,2020-12-20,18946,122876,18913,122766,33,110,0,0,18945,122875,1,2,18945,122877,
All CA Counties,2020-12-21,49544,172420,49462,172228,82,192,0,0,49547,172421,1,3,49547,172424,
All CA Counties,2020-12-22,49861,222281,47748,219976,2113,2305,0,0,49859,222279,1,4,49859,222283,
All CA Counties,2020-12-23,50261,272542,41552,261528,8709,11014,0,0,50257,272536,0,4,50257,272540,
All CA Counties,2020-12-24,24021,296563,16323,277851,7698,18712,0,0,24018,296553,1,5,24018,296558,
All CA Counties,2020-12-25,2334,298897,2013,279864,321,19033,0,0,2334,298887,0,5,2334,298892,
All CA Counties,2020-12-26,14609,313506,9436,289300,5173,24206,0,0,14608,313494,1,6,14608,313500,
All CA Counties,2020-12-27,9389,322895,5566,294866,3823,28029,0,0,9388,322881,1,7,9388,322888,
All CA Counties,2020-12-28,45660,368555,29277,324143,16383,44412,0,0,45658,368536,3,10,45658,368546,
All CA Counties,2020-12-29,51037,419592,28517,352660,22520,66932,0,0,51033,419566,3,13,51033,419579,
All CA Counties,2020-12-30,62947,482539,35649,388309,27298,94230,0,0,62941,482504,3,16,62941,482520,
All CA Counties,2020-12-31,29297,511836,10845,399154,18452,112682,0,0,29289,511788,5,21,29289,511809,
All CA Counties,2021-01-01,4013,515849,1774,400928,2239,114921,0,0,4009,515794,3,24,4009,515818,
All CA Counties,2021-01-02,18474,534323,10249,411177,8225,123146,0,0,18473,534267,0,24,18473,534291,
All CA Counties,2021-01-03,6152,540475,3482,414659,2670,125816,0,0,6123,540378,12,36,6123,540414,
All CA Counties,2021-01-04,43522,583997,22073,436732,21449,147265,0,0,43443,583778,43,79,43443,583857,
All CA Counties,2021-01-05,56332,640329,29653,466385,26679,173944,0,0,50895,629379,5381,5460,50982,634839,
All CA Counties,2021-01-06,73236,713565,40443,506828,32793,206737,0,0,57944,672236,15115,20575,57972,692811,
All CA Counties,2021-01-07,91784,805349,52181,559009,39603,246340,0,0,61260,703182,30360,50935,61306,754117,
All CA Counties,2021-01-08,106440,911789,63973,622982,42467,288807,0,0,65388,727709,40920,91855,65447,819564,
All CA Counties,2021-01-09,44176,955965,25449,648431,18727,307534,0,0,27695,738970,16459,108314,27720,847284,
All CA Counties,2021-01-10,24272,980237,14830,663261,9442,316976,0,0,13052,740835,11204,119518,13069,860353,
All CA Counties,2021-01-11,104219,1084456,69345,732606,34874,351850,0,0,60503,757827,43677,163195,60669,921022,
All CA Counties,2021-01-12,112561,1197017,66465,799071,46096,397946,0,0,71620,788810,40862,204057,71845,992867,
All CA Counties,2021-01-13,118635,1315652,61465,860536,57170,455116,0,0,85010,840357,33539,237596,85086,1077953,
All CA Counties,2021-01-14,123350,1439002,49521,910057,73829,528945,0,0,103830,924915,19418,257014,103976,1181929,
All CA Counties,2021-01-15,141705,1580707,52071,962128,89634,618579,0,0,126705,1036900,14908,271922,126893,1308822,
All CA Counties,2021-01-16,80353,1661060,27384,989512,52969,671548,0,0,72827,1102275,7500,279422,72875,1381697,
All CA Counties,2021-01-17,48047,1709107,16785,1006297,31262,702810,0,0,44416,1143113,3623,283045,44461,1426158,
All CA Counties,2021-01-18,87671,1796778,45621,1051918,42050,744860,0,0,68526,1192734,19065,302110,68686,1494844,
All CA Counties,2021-01-19,141552,1938330,73405,1125323,68147,813007,0,0,110477,1272541,30983,333093,110790,1605634,
All CA Counties,2021-01-20,159209,2097539,81299,1206622,77910,890917,0,0,125782,1365355,33214,366307,126028,1731662,
All CA Counties,2021-01-21,172786,2270325,76704,1283326,96082,986999,0,0,153791,1500682,18792,385099,154119,1885781,
All CA Counties,2021-01-22,168962,2439287,69041,1352367,99921,1086920,0,0,154732,1641478,14100,399199,154896,2040677,
All CA Counties,2021-01-23,111039,2550326,49439,1401806,61600,1148520,0,0,98487,1727586,12493,411692,98601,2139278,
All CA Counties,2021-01-24,60901,2611227,29485,1431291,31416,1179936,0,0,56268,1779305,4602,416294,56321,2195599,
All CA Counties,2021-01-25,143911,2755138,64926,1496217,78985,1258921,0,0,109211,1854282,34580,450874,109557,2305156,
All CA Counties,2021-01-26,167711,2922849,82405,1578622,85306,1344227,0,0,130570,1948092,37014,487888,130824,2435980,
All CA Counties,2021-01-27,179672,3102521,87978,1666600,91694,1435921,0,0,140480,2049983,38790,526678,140681,2576661,
All CA Counties,2021-01-28,186941,3289462,86066,1752666,100875,1536796,0,0,153105,2169727,33551,560229,153295,2729956,
All CA Counties,2021-01-29,182677,3472139,87974,1840640,94703,1631499,0,0,148292,2284348,33821,594050,148442,2878398,
All CA Counties,2021-01-30,122727,3594866,55147,1895787,67580,1699079,0,0,107732,2377384,14833,608883,107869,2986267,
All CA Counties,2021-01-31,69202,3664068,38912,1934699,30290,1729369,0,0,64136,2436550,5019,613902,64185,3050452,
All CA Counties,2021-02-01,158235,3822303,72914,2007613,85321,1814690,0,0,120085,2518758,38006,651908,120214,3170666,
All CA Counties,2021-02-02,185755,4008058,79482,2087095,106273,1920963,0,0,140000,2613572,45403,697311,140217,3310883,
All CA Counties,2021-02-03,210032,4218090,95002,2182097,115030,2035993,0,0,156049,2716366,53487,750798,156281,3467164,
All CA Counties,2021-02-04,227551,4445641,99890,2281987,127661,2163654,0,0,166968,2823638,60041,810839,167313,3634477,
All CA Counties,2021-02-05,245395,4691036,106299,2388286,139096,2302750,0,0,166831,2913155,77812,888651,167329,3801806,
All CA Counties,2021-02-06,154479,4845515,74702,2462988,79777,2382527,0,0,119813,2998954,34499,923150,120298,3922104,
All CA Counties,2021-02-07,66650,4912165,43089,2506077,23561,2406088,0,0,50239,3033315,16325,939475,50686,3972790,
All CA Counties,2021-02-08,180005,5092170,88376,2594453,91629,2497717,0,0,118868,3092221,60682,1000157,119588,4092378,
All CA Counties,2021-02-09,210421,5302591,101673,2696126,108748,2606465,0,0,126304,3135979,83675,1083832,127433,4219811,
All CA Counties,2021-02-10,247867,5550458,119691,2815817,128176,2734641,0,0,137712,3165820,109326,1193158,139167,4358978,
All CA Counties,2021-02-11,263687,5814145,130658,2946475,133029,2867670,0,0,144759,3194472,117872,1311030,146524,4505502,
All CA Counties,2021-02-12,271303,6085448,118912,3065387,152391,3020061,0,0,146626,3219566,123867,1434897,148961,4654463,
All CA Counties,2021-02-13,166388,6251836,77061,3142448,89327,3109388,0,0,92002,3239538,73968,1508865,93940,4748403,
All CA Counties,2021-02-14,95227,6347063,47459,3189907,47768,3157156,0,0,51583,3249164,43492,1552357,53118,4801521,
All CA Counties,2021-02-15,141638,6488701,62300,3252207,79338,3236494,0,0,78384,3267774,62889,1615246,81499,4883020,
All CA Counties,2021-02-16,247942,6736643,117626,3369833,130316,3366810,0,0,132927,3289104,114658,1729904,135988,5019008,
All CA Counties,2021-02-17,257551,6994194,128177,3498010,129374,3496184,0,0,128371,3291976,128680,1858584,131552,5150560,
All CA Counties,2021-02-18,271530,7265724,141715,3639725,129815,3625999,0,0,131837,3288952,139030,1997614,136006,5286566,
All CA Counties,2021-02-19,251550,7517274,145991,3785716,105559,3731558,0,0,130046,3300021,121033,2118647,132102,5418668,
All CA Counties,2021-02-20,151785,7669059,97164,3882880,54621,3786179,0,0,83471,3317382,68067,2186714,85428,5504096,
All CA Counties,2021-02-21,73268,7742327,59295,3942175,13973,3800152,0,0,35827,3317523,37213,2223927,37354,5541450,
All CA Counties,2021-02-22,162811,7905138,109204,4051379,53607,3853759,0,0,81651,3320026,80840,2304767,83343,5624793,
All CA Counties,2021-02-23,221891,8127029,116625,4168004,105266,3959025,0,0,103027,3310693,118313,2423080,108980,5733773,
All CA Counties,2021-02-24,281001,8408030,141817,4309821,139184,4098209,0,0,134036,3305878,146365,2569445,141550,5875323,
All CA Counties,2021-02-25,315847,8723877,154375,4464196,161472,4259681,0,0,165045,3329249,150155,2719600,173526,6048849,
All CA Counties,2021-02-26,350083,9073960,163190,4627386,186893,4446574,0,0,195990,3379228,153226,2872826,203205,6252054,
All CA Counties,2021-02-27,246584,9320544,118263,4745649,128303,4574877,18,18,139341,3416293,106673,2979499,143738,6395792,
All CA Counties,2021-02-28,129972,9450516,77686,4823335,52283,4627160,3,21,76004,3441559,53571,3033070,78837,6474629,
All CA Counties,2021-03-01,236580,9687096,125461,4948796,111061,4738221,58,79,136882,3483417,99045,3132115,140903,6615532,
All CA Counties,2021-03-02,275473,9962569,134056,5082852,141400,4879621,17,96,163994,3543263,111014,3243129,170860,6786392,
All CA Counties,2021-03-03,327302,10289871,161678,5244530,165582,5045203,42,138,187976,3599842,138689,3381818,195268,6981660,
All CA Counties,2021-03-04,346488,10636359,174418,5418948,171985,5217188,85,223,203044,3667215,142735,3524553,210108,7191768,
All CA Counties,2021-03-05,331572,10967931,161140,5580088,169322,5386510,1110,1333,205333,3755376,125480,3650033,213641,7405409,
All CA Counties,2021-03-06,255432,11223363,130265,5710353,117376,5503886,7791,9124,158293,3829379,96752,3746785,170755,7576164,
All CA Counties,2021-03-07,124193,11347556,75511,5785864,44628,5548514,4054,13178,77198,3867464,46823,3793608,84908,7661072,
All CA Counties,2021-03-08,215198,11562754,103536,5889400,101296,5649810,10366,23544,140287,3948510,74556,3868164,155602,7816674,
All CA Counties,2021-03-09,266622,11829376,115768,6005168,135062,5784872,15792,39336,143965,3990102,122218,3990382,163810,7980484,
All CA Counties,2021-03-10,313519,12142895,153822,6158990,135413,5920285,24284,63620,168385,4042401,144528,4134910,196827,8177311,
All CA Counties,2021-03-11,372650,12515545,179760,6338750,159677,6079962,33213,96833,191582,4091232,180189,4315099,229020,8406331,
All CA Counties,2021-03-12,388352,12903897,172880,6511630,169483,6249445,45989,142822,189642,4132917,197975,4513074,239660,8645991,
All CA Counties,2021-03-13,278501,13182398,121879,6633509,125664,6375109,30958,173780,150202,4190458,127881,4640955,185422,8831413,
All CA Counties,2021-03-14,152572,13334970,81431,6714940,56274,6431383,14867,188647,82274,4219828,70039,4710994,99409,8930822,
All CA Counties,2021-03-15,287512,13622482,136862,6851802,130293,6561676,20357,209004,157136,4271005,129690,4840684,180867,9111689,
All CA Counties,2021-03-16,366910,13989392,171815,7023617,177986,6739662,17109,226113,214806,4354701,151411,4992095,235107,9346796,
All CA Counties,2021-03-17,378936,14368328,187175,7210792,173429,6913091,18332,244445,235299,4467968,142893,5134988,256160,9602956,
All CA Counties,2021-03-18,394386,14762714,200464,7411256,176195,7089286,17727,262172,236718,4567831,156656,5291644,256519,9859475,
All CA Counties,2021-03-19,403616,15166330,211042,7622298,171234,7260520,21340,283512,236596,4661624,166110,5457754,259903,10119378,
All CA Counties,2021-03-20,289857,15456187,151970,7774268,122209,7382729,15678,299190,186192,4761866,103062,5560816,203304,10322682,
All CA Counties,2021-03-21,141274,15597461,97205,7871473,36684,7419413,7385,306575,89197,4808024,51769,5612585,97927,10420609,
All CA Counties,2021-03-22,270022,15867483,156868,8028341,102220,7521633,10934,317509,178538,4909682,90809,5703394,192467,10613076,
All CA Counties,2021-03-23,353603,16221086,193854,8222195,148931,7670564,10818,328327,227575,5025440,125191,5828585,240949,10854025,
All CA Counties,2021-03-24,383001,16604087,219218,8441413,151638,7822202,12145,340472,225785,5109377,156083,5984668,240020,11094045,
All CA Counties,2021-03-25,410699,17014786,225504,8666917,170826,7993028,14369,354841,236777,5189952,172726,6157394,253301,11347346,
All CA Counties,2021-03-26,427172,17441958,227937,8894854,183465,8176493,15770,370611,236393,5255272,189674,6347068,254994,11602340,
All CA Counties,2021-03-27,307348,17749306,163054,9057908,132953,8309446,11341,381952,158339,5278906,148263,6495331,171897,11774237,
All CA Counties,2021-03-28,166038,17915344,105976,9163884,56494,8365940,3568,385520,90920,5300560,74735,6570066,96389,11870626,
All CA Counties,2021-03-29,306400,18221744,165179,9329063,132678,8498618,8543,394063,174628,5355103,131099,6701165,185642,12056268,
All CA Counties,2021-03-30,393719,18615463,198964,9528027,177102,8675720,17653,411716,239675,5460859,153346,6854511,259102,12315370,
All CA Counties,2021-03-31,419531,19034994,228001,9756028,170332,8846052,21198,432914,241099,5546609,177569,7032080,263319,12578689,
All CA Counties,2021-04-01,481432,19516426,245940,10001968,196527,9042579,38965,471879,266865,5640100,213518,7245598,307009,12885698,
All CA Counties,2021-04-02,464037,19980463,226401,10228369,195866,9238445,41770,513649,253828,5728242,209115,7454713,297257,13182955,
All CA Counties,2021-04-03,323485,20303948,164198,10392567,118970,9357415,40317,553966,162593,5771987,160322,7615035,204067,13387022,
All CA Counties,2021-04-04,131444,20435392,68560,10461127,43992,9401407,18892,572858,58667,5777163,72526,7687561,77702,13464724,
All CA Counties,2021-04-05,348720,20784112,179723,10640850,129967,9531374,39030,611888,173688,5817865,174448,7862009,215150,13679874,
All CA Counties,2021-04-06,453340,21237452,230210,10871060,158254,9689628,64876,676764,221692,5875533,230824,8092833,288492,13968366,
All CA Counties,2021-04-07,466386,21703838,242586,11113646,154688,9844316,69112,745876,229110,5938358,236443,8329276,299268,14267634,
All CA Counties,2021-04-08,492712,22196550,249063,11362709,160342,10004658,83307,829183,233415,5999072,258274,8587550,318988,14586622,
All CA Counties,2021-04-09,483458,22680008,240445,11603154,164262,10168920,78751,907934,224263,6046878,258264,8845814,306070,14892692,
All CA Counties,2021-04-10,361048,23041056,165444,11768598,122789,10291709,72815,980749,152898,6067789,207501,9053315,228412,15121104,
All CA Counties,2021-04-11,184487,23225543,102982,11871580,47648,10339357,33857,1014606,76439,6073161,107743,9161058,113115,15234219,
All CA Counties,2021-04-12,335965,23561508,172840,12044420,125690,10465047,37435,1052041,156813,6092611,178304,9339362,197754,15431973,
All CA Counties,2021-04-13,426270,23987778,237778,12282198,187576,10652623,916,1052957,237983,6147092,187398,9526760,241879,15673852,
All CA Counties,2021-04-14,444058,24431836,249691,12531889,194098,10846721,269,1053226,233561,6175905,209456,9736216,238269,15912121,
All CA Counties,2021-04-15,483139,24914975,281698,12813587,201212,11047933,229,1053455,272383,6241821,209465,9945681,275381,16187502,
All CA Counties,2021-04-16,466561,25381536,263095,13076682,203163,11251096,303,1053758,250160,6279345,215313,10160994,252837,16440339,
All CA Counties,2021-04-17,332587,25714123,186964,13263646,145583,11396679,40,1053798,188302,6327173,143607,10304601,191435,16631774,
All CA Counties,2021-04-18,151486,25865609,95955,13359601,55517,11452196,14,1053812,78938,6336901,72199,10376800,81927,16713701,
All CA Counties,2021-04-19,314312,26179921,181644,13541245,132586,11584782,82,1053894,149197,6323685,164340,10541140,151124,16864825,
All CA Counties,2021-04-20,401997,26581918,213985,13755230,187962,11772744,50,1053944,200770,6327213,200315,10741455,203843,17068668,
All CA Counties,2021-04-21,415249,26997167,235616,13990846,179381,11952125,252,1054196,200535,6317541,213503,10954958,203831,17272499,
All CA Counties,2021-04-22,438132,27435299,249069,14239915,188991,12141116,72,1054268,196851,6277544,240052,11195010,200055,17472554,
All CA Counties,2021-04-23,430328,27865627,245733,14485648,184514,12325630,81,1054349,195915,6243591,233199,11428209,199246,17671800,
All CA Counties,2021-04-24,318967,28184594,202159,14687807,116651,12442281,157,1054506,162646,6254131,155458,11583667,165998,17837798,
All CA Counties,2021-04-25,148064,28332658,97728,14785535,50275,12492556,61,1054567,79556,6267026,68121,11651788,81016,17918814,
All CA Counties,2021-04-26,268269,28600927,156892,14942427,109968,12602524,1409,1055976,116133,6237537,151328,11803116,121839,18040653,
All CA Counties,2021-04-27,336302,28937229,185961,15128388,145017,12747541,5324,1061300,135031,6180581,200280,12003396,143324,18183977,
All CA Counties,2021-04-28,344005,29281234,197504,15325892,138796,12886337,7705,1069005,140089,6127660,202988,12206384,150067,18334044,
All CA Counties,2021-04-29,352026,29633260,203445,15529337,140854,13027191,7727,1076732,126895,6039975,224122,12430506,136437,18470481,
All CA Counties,2021-04-30,363955,29997215,208965,15738302,146363,13173554,8627,1085359,138156,5963896,224748,12655254,148669,18619150,
All CA Counties,2021-05-01,243927,30241142,156265,15894567,81781,13255335,5881,1091240,89378,5907475,153889,12809143,97468,18716618,
All CA Counties,2021-05-02,114995,30356137,80091,15974658,31092,13286427,3812,1095052,40584,5878186,74051,12883194,44762,18761380,
All CA Counties,2021-05-03,245910,30602047,150996,16125654,86361,13372788,8553,1103605,74467,5791379,170696,13053890,83889,18845269,
All CA Counties,2021-05-04,320652,30922699,195813,16321467,115345,13488133,9494,1113099,94397,5671113,225304,13279194,105038,18950307,
All CA Counties,2021-05-05,303062,31225761,193600,16515067,99782,13587915,9680,1122779,85336,5550405,216690,13495884,95982,19046289,
All CA Counties,2021-05-06,317746,31543507,212729,16727796,94970,13682885,10047,1132826,79998,5406216,236641,13732525,92452,19138741,
All CA Counties,2021-05-07,308779,31852286,197924,16925720,101490,13784375,9365,1142191,84618,5278402,223023,13955548,95209,19233950,
All CA Counties,2021-05-08,199215,32051501,125774,17051494,67148,13851523,6293,1148484,55031,5197828,143290,14098838,62716,19296666,
All CA Counties,2021-05-09,83777,32135278,62271,17113765,18618,13870141,2888,1151372,23773,5165154,59605,14158443,26931,19323597,
All CA Counties,2021-05-10,105007,32240285,60994,17174759,40958,13911099,3055,1154427,23979,5112430,80537,14238980,27813,19351410,
All CA and Non-CA Counties,2020-12-15,1141,1141,1141,1141,0,0,0,0,1141,1141,0,0,1141,1141,
All CA and Non-CA Counties,2020-12-16,8385,9526,8385,9526,0,0,0,0,8385,9526,0,0,8385,9526,
All CA and Non-CA Counties,2020-12-17,27322,36848,27322,36848,0,0,0,0,27322,36848,0,0,27322,36848,
All CA and Non-CA Counties,2020-12-18,46316,83164,46255,83103,61,61,0,0,46316,83164,0,0,46316,83164,
All CA and Non-CA Counties,2020-12-19,26325,109489,26301,109404,24,85,0,0,26324,109487,1,1,26324,109488,
All CA and Non-CA Counties,2020-12-20,19645,129134,19609,129013,36,121,0,0,19644,129130,1,2,19644,129132,
All CA and Non-CA Counties,2020-12-21,51734,180868,51649,180662,85,206,0,0,51732,180861,1,3,51732,180864,
All CA and Non-CA Counties,2020-12-22,51926,232794,49739,230401,2187,2393,0,0,51924,232784,1,4,51924,232788,
All CA and Non-CA Counties,2020-12-23,51778,284572,42935,273336,8843,11236,0,0,51774,284558,0,4,51774,284562,
All CA and Non-CA Counties,2020-12-24,24824,309396,16934,290270,7890,19126,0,0,24821,309378,1,5,24821,309383,
All CA and Non-CA Counties,2020-12-25,2367,311763,2042,292312,325,19451,0,0,2367,311745,0,5,2367,311750,
All CA and Non-CA Counties,2020-12-26,14916,326679,9640,301952,5276,24727,0,0,14915,326659,1,6,14915,326665,
All CA and Non-CA Counties,2020-12-27,9578,336257,5639,307591,3939,28666,0,0,9577,336235,1,7,9577,336242,
All CA and Non-CA Counties,2020-12-28,47076,383333,30174,337765,16902,45568,0,0,47073,383305,3,10,47073,383315,
All CA and Non-CA Counties,2020-12-29,52588,435921,29536,367301,23052,68620,0,0,52584,435886,3,13,52584,435899,
All CA and Non-CA Counties,2020-12-30,64927,500848,36935,404236,27992,96612,0,0,64919,500802,3,16,64919,500818,
All CA and Non-CA Counties,2020-12-31,30417,531265,11444,415680,18973,115585,0,0,30407,531203,6,22,30407,531225,
All CA and Non-CA Counties,2021-01-01,4124,535389,1797,417477,2327,117912,0,0,4120,535320,3,25,4120,535345,
All CA and Non-CA Counties,2021-01-02,18712,554101,10380,427857,8332,126244,0,0,18710,554029,1,26,18710,554055,
All CA and Non-CA Counties,2021-01-03,6322,560423,3572,431429,2750,128994,0,0,6293,560310,12,38,6293,560348,
All CA and Non-CA Counties,2021-01-04,44670,605093,22588,454017,22082,151076,0,0,44586,604853,43,81,44586,604934,
All CA and Non-CA Counties,2021-01-05,57873,662966,30465,484482,27408,178484,0,0,52246,651616,5570,5651,52333,657267,
All CA and Non-CA Counties,2021-01-06,75971,738937,42066,526548,33905,212389,0,0,59923,695700,15867,21518,59951,717218,
All CA and Non-CA Counties,2021-01-07,96037,834974,54824,581372,41213,253602,0,0,63821,727519,32050,53568,63869,781087,
All CA and Non-CA Counties,2021-01-08,110984,945958,66918,648290,44066,297668,0,0,68032,752803,42810,96378,68094,849181,
All CA and Non-CA Counties,2021-01-09,45495,991453,25977,674267,19518,317186,0,0,28690,764737,16783,113161,28717,877898,
All CA and Non-CA Counties,2021-01-10,24573,1016026,15010,689277,9563,326749,0,0,13234,766665,11323,124484,13251,891149,
All CA and Non-CA Counties,2021-01-11,107546,1123572,71378,760655,36168,362917,0,0,62494,784313,45012,169496,62660,953809,
All CA and Non-CA Counties,2021-01-12,116448,1240020,68784,829439,47664,410581,0,0,73964,816104,42400,211896,74191,1028000,
All CA and Non-CA Counties,2021-01-13,122335,1362355,63281,892720,59054,469635,0,0,87536,869004,34715,246611,87615,1115615,
All CA and Non-CA Counties,2021-01-14,127093,1489448,50798,943518,76295,545930,0,0,106934,956042,20044,266655,107082,1222697,
All CA and Non-CA Counties,2021-01-15,145972,1635420,53068,996586,92904,638834,0,0,130505,1071373,15362,282017,130693,1353390,
All CA and Non-CA Counties,2021-01-16,83054,1718474,27771,1024357,55283,694117,0,0,75359,1139113,7667,289684,75407,1428797,
All CA and Non-CA Counties,2021-01-17,48545,1767019,16937,1041294,31608,725725,0,0,44865,1180351,3672,293356,44910,1473707,
All CA and Non-CA Counties,2021-01-18,88920,1855939,46442,1087736,42478,768203,0,0,69317,1230307,19522,312878,69478,1543185,
All CA and Non-CA Counties,2021-01-19,145608,2001547,74745,1162481,70863,839066,0,0,113639,1312386,31876,344754,113955,1657140,
All CA and Non-CA Counties,2021-01-20,163676,2165223,82786,1245267,80890,919956,0,0,129265,1407702,34196,378950,129512,1786652,
All CA and Non-CA Counties,2021-01-21,176969,2342192,77879,1323146,99090,1019046,0,0,157412,1546101,19341,398291,157740,1944392,
All CA and Non-CA Counties,2021-01-22,173617,2515809,70149,1393295,103468,1122514,0,0,158993,1690769,14490,412781,159158,2103550,
All CA and Non-CA Counties,2021-01-23,113298,2629107,49774,1443069,63524,1186038,0,0,100585,1778814,12654,425435,100699,2204249,
All CA and Non-CA Counties,2021-01-24,61507,2690614,29732,1472801,31775,1217813,0,0,56797,1830984,4680,430115,56850,2261099,
All CA and Non-CA Counties,2021-01-25,148388,2839002,66897,1539698,81491,1299304,0,0,112821,1908709,35443,465558,113168,2374267,
All CA and Non-CA Counties,2021-01-26,173753,3012755,85391,1625089,88362,1387666,0,0,135768,2006878,37860,503418,136029,2510296,
All CA and Non-CA Counties,2021-01-27,184507,3197262,90668,1715757,93839,1481505,0,0,144700,2112379,39401,542819,144902,2655198,
All CA and Non-CA Counties,2021-01-28,192388,3389650,89101,1804858,103287,1584792,0,0,157967,2236408,34128,576947,158157,2813355,
All CA and Non-CA Counties,2021-01-29,187768,3577418,91219,1896077,96549,1681341,0,0,152601,2354558,34603,611550,152753,2966108,
All CA and Non-CA Counties,2021-01-30,127246,3704664,57620,1953697,69626,1750967,0,0,112026,2451663,15059,626609,112164,3078272,
All CA and Non-CA Counties,2021-01-31,72387,3777051,41677,1995374,30710,1781677,0,0,67263,2513899,5077,631686,67313,3145585,
All CA and Non-CA Counties,2021-02-01,163740,3940791,75506,2070880,88234,1869911,0,0,124884,2600206,38706,670392,125013,3270598,
All CA and Non-CA Counties,2021-02-02,192582,4133373,81714,2152594,110868,1980779,0,0,146100,2700401,46122,716514,146317,3416915,
All CA and Non-CA Counties,2021-02-03,217402,4350775,97131,2249725,120271,2101050,0,0,162541,2808819,54356,770870,162774,3579689,
All CA and Non-CA Counties,2021-02-04,234405,4585180,102118,2351843,132287,2233337,0,0,172828,2920967,61026,831896,173174,3752863,
All CA and Non-CA Counties,2021-02-05,252214,4837394,108527,2460370,143687,2377024,0,0,172583,3015170,78878,910774,173081,3925944,
All CA and Non-CA Counties,2021-02-06,158944,4996338,76882,2537252,82062,2459086,0,0,123812,3104511,34959,945733,124300,4050244,
All CA and Non-CA Counties,2021-02-07,68907,5065245,44960,2582212,23947,2483033,0,0,52417,3140973,16404,962137,52866,4103110,
All CA and Non-CA Counties,2021-02-08,185454,5250699,91859,2674071,93595,2576628,0,0,123221,3203146,61768,1023905,123941,4227051,
All CA and Non-CA Counties,2021-02-09,214779,5465478,103656,2777727,111123,2687751,0,0,129339,3248641,84987,1108892,130482,4357533,
All CA and Non-CA Counties,2021-02-10,253466,5718944,121619,2899346,131847,2819598,0,0,140847,3279203,111782,1220674,142344,4499877,
All CA and Non-CA Counties,2021-02-11,268495,5987439,132892,3032238,135603,2955201,0,0,148218,3309990,119213,1339887,150000,4649877,
All CA and Non-CA Counties,2021-02-12,276547,6263986,120865,3153103,155682,3110883,0,0,150035,3336665,125699,1465586,152374,4802251,
All CA and Non-CA Counties,2021-02-13,168802,6432788,77759,3230862,91043,3201926,0,0,93873,3357974,74514,1540100,95823,4898074,
All CA and Non-CA Counties,2021-02-14,96559,6529347,47859,3278721,48700,3250626,0,0,52673,3368454,43730,1583830,54210,4952284,
All CA and Non-CA Counties,2021-02-15,144186,6673533,63846,3342567,80340,3330966,0,0,79611,3386989,64195,1648025,82730,5035014,
All CA and Non-CA Counties,2021-02-16,254473,6928006,120605,3463172,133868,3464834,0,0,135569,3407088,118536,1766561,138635,5173649,
All CA and Non-CA Counties,2021-02-17,263448,7191454,131117,3594289,132331,3597165,0,0,130202,3407735,132740,1899301,133387,5307036,
All CA and Non-CA Counties,2021-02-18,278016,7469470,145502,3739791,132514,3729679,0,0,133892,3402353,143444,2042745,138062,5445098,
All CA and Non-CA Counties,2021-02-19,257459,7726929,150142,3889933,107317,3836996,0,0,132508,3412443,124475,2167220,134565,5579663,
All CA and Non-CA Counties,2021-02-20,155108,7882037,99826,3989759,55282,3892278,0,0,84677,3428900,70178,2237398,86635,5666298,
All CA and Non-CA Counties,2021-02-21,75096,7957133,60907,4050666,14189,3906467,0,0,36460,3428483,38404,2275802,37987,5704285,
All CA and Non-CA Counties,2021-02-22,166276,8123409,111740,4162406,54536,3961003,0,0,83275,3430776,82679,2358481,84972,5789257,
All CA and Non-CA Counties,2021-02-23,227789,8351198,119905,4282311,107884,4068887,0,0,105345,3420202,121886,2480367,111312,5900569,
All CA and Non-CA Counties,2021-02-24,287362,8638560,145324,4427635,142038,4210925,0,0,136529,3414022,150228,2630595,144048,6044617,
All CA and Non-CA Counties,2021-02-25,322813,8961373,157919,4585554,164894,4375819,0,0,168192,3436756,153943,2784538,176677,6221294,
All CA and Non-CA Counties,2021-02-26,356922,9318295,166820,4752374,190102,4565921,0,0,199182,3486360,156794,2941332,206398,6427692,
All CA and Non-CA Counties,2021-02-27,251923,9570218,120853,4873227,131051,4696972,19,19,141217,3521853,110125,3051457,145618,6573310,
All CA and Non-CA Counties,2021-02-28,132414,9702632,79467,4952694,52943,4749915,4,23,76808,3546291,55205,3106662,79643,6652953,
All CA and Non-CA Counties,2021-03-01,241343,9943975,128413,5081107,112871,4862786,59,82,138211,3586058,102471,3209133,142238,6795191,
All CA and Non-CA Counties,2021-03-02,281675,10225650,136069,5217176,145589,5008375,17,99,165882,3643492,115316,3324449,172750,6967941,
All CA and Non-CA Counties,2021-03-03,335060,10560710,164641,5381817,170375,5178750,44,143,190574,3697528,143836,3468285,197872,7165813,
All CA and Non-CA Counties,2021-03-04,353264,10913974,177303,5559120,175872,5354622,89,232,205403,3762864,147137,3615422,212473,7378286,
All CA and Non-CA Counties,2021-03-05,336629,11250603,163592,5722712,171913,5526535,1124,1356,207941,3851205,127929,3743351,216270,7594556,
All CA and Non-CA Counties,2021-03-06,260037,11510640,132386,5855098,119703,5646238,7948,9304,160630,3925444,99018,3842369,173257,7767813,
All CA and Non-CA Counties,2021-03-07,125744,11636384,76490,5931588,45147,5691385,4107,13411,78127,3963892,47443,3889812,85891,7853704,
All CA and Non-CA Counties,2021-03-08,218210,11854594,105284,6036872,102314,5793699,10612,24023,142393,4046418,75435,3965247,157961,8011665,
All CA and Non-CA Counties,2021-03-09,270929,12125523,117811,6154683,137001,5930700,16117,40140,146401,4088903,124086,4089333,166571,8178236,
All CA and Non-CA Counties,2021-03-10,317721,12443244,155754,6310437,137175,6067875,24792,64932,170926,4142604,146182,4235515,199883,8378119,
All CA and Non-CA Counties,2021-03-11,378796,12822040,182877,6493314,162016,6229891,33903,98835,194889,4192602,183020,4418535,233018,8611137,
All CA and Non-CA Counties,2021-03-12,394758,13216798,176713,6670027,171325,6401216,46720,145555,193142,4235623,200871,4619406,243892,8855029,
All CA and Non-CA Counties,2021-03-13,282238,13499036,124024,6794051,126791,6528007,31423,176978,152794,4295085,129020,4748426,188482,9043511,
All CA and Non-CA Counties,2021-03-14,154338,13653374,82331,6876382,56814,6584821,15193,192171,83320,4325107,70760,4819186,100782,9144293,
All CA and Non-CA Counties,2021-03-15,291459,13944833,138892,7015274,131766,6716587,20801,212972,159227,4376971,131543,4950729,183407,9327700,
All CA and Non-CA Counties,2021-03-16,374414,14319247,176174,7191448,180759,6897346,17481,230453,219015,4461953,154703,5105432,239685,9567385,
All CA and Non-CA Counties,2021-03-17,387317,14706564,192564,7384012,176054,7073400,18699,249152,240353,4577322,146213,5251645,261582,9828967,
All CA and Non-CA Counties,2021-03-18,402557,15109121,205474,7589486,178833,7252233,18250,267402,241466,4679041,160071,5411716,261790,10090757,
All CA and Non-CA Counties,2021-03-19,410896,15520017,215352,7804838,173665,7425898,21879,289281,240993,4774890,168993,5580709,264842,10355599,
All CA and Non-CA Counties,2021-03-20,294566,15814583,155045,7959883,123757,7549655,15764,305045,189812,4877757,104143,5684852,207010,10562609,
All CA and Non-CA Counties,2021-03-21,143293,15957876,98568,8058451,37253,7586908,7472,312517,90817,4925227,52165,5737017,99635,10662244,
All CA and Non-CA Counties,2021-03-22,273273,16231149,158820,8217271,103431,7690339,11022,323539,180784,5028225,91803,5828820,194801,10857045,
All CA and Non-CA Counties,2021-03-23,359611,16590760,196913,8414184,151602,7841941,11096,334635,231790,5146698,126970,5955790,245443,11102488,
All CA and Non-CA Counties,2021-03-24,390262,16981022,222945,8637129,154749,7996690,12568,347203,230880,5233992,158242,6114032,245536,11348024,
All CA and Non-CA Counties,2021-03-25,418926,17399948,229353,8866482,174717,8171407,14856,362059,242836,5318957,174882,6288914,259847,11607871,
All CA and Non-CA Counties,2021-03-26,433779,17833727,231412,9097894,186420,8357827,15947,378006,240891,5386868,191757,6480671,259668,11867539,
All CA and Non-CA Counties,2021-03-27,312642,18146369,166074,9263968,135128,8492955,11440,389446,161753,5412136,150140,6630811,175408,12042947,
All CA and Non-CA Counties,2021-03-28,169067,18315436,107577,9371545,57764,8550719,3726,393172,92949,5434983,75729,6706540,98576,12141523,
All CA and Non-CA Counties,2021-03-29,311447,18626883,167399,9538944,135173,8685892,8875,402047,177644,5490847,133127,6839667,188991,12330514,
All CA and Non-CA Counties,2021-03-30,400499,19027382,202530,9741474,179773,8865665,18196,420243,243887,5598807,155905,6995572,263865,12594379,
All CA and Non-CA Counties,2021-03-31,425761,19453143,231737,9973211,172064,9037729,21960,442203,244607,5686106,180287,7175859,267586,12861965,
All CA and Non-CA Counties,2021-04-01,488814,19941957,250370,10223581,198858,9236587,39586,481789,271175,5781454,216585,7392444,311933,13173898,
All CA and Non-CA Counties,2021-04-02,472174,20414131,230592,10454173,198680,9435267,42902,524691,258180,5871299,212894,7605338,302739,13476637,
All CA and Non-CA Counties,2021-04-03,329557,20743688,167806,10621979,120287,9555554,41464,566155,165778,5916494,163204,7768542,208399,13685036,
All CA and Non-CA Counties,2021-04-04,133220,20876908,69426,10691405,44666,9600220,19128,585283,59660,5922115,73309,7841851,78930,13763966,
All CA and Non-CA Counties,2021-04-05,352685,21229593,181650,10873055,131354,9731574,39681,624964,175617,5963364,176482,8018333,217731,13981697,
All CA and Non-CA Counties,2021-04-06,460068,21689661,233778,11106833,159857,9891431,66433,691397,224436,6021351,234802,8253135,292789,14274486,
All CA and Non-CA Counties,2021-04-07,474128,22163789,246908,11353741,156444,10047875,70776,762173,232268,6084402,241028,8494163,304079,14578565,
All CA and Non-CA Counties,2021-04-08,500536,22664325,253115,11606856,162210,10210085,85211,847384,236609,6145574,262907,8757070,324079,14902644,
All CA and Non-CA Counties,2021-04-09,490736,23155061,244119,11850975,165953,10376038,80664,928048,227181,6193854,262623,9019693,310903,15213547,
All CA and Non-CA Counties,2021-04-10,367086,23522147,168497,12019472,123929,10499967,74660,1002708,154630,6214019,211820,9231513,231985,15445532,
All CA and Non-CA Counties,2021-04-11,187304,23709451,104503,12123975,48311,10548278,34490,1037198,77456,6219243,109542,9341055,114766,15560298,
All CA and Non-CA Counties,2021-04-12,339864,24049315,174943,12298918,126955,10675233,37966,1075164,158585,6238866,180433,9521488,200056,15760354,
All CA and Non-CA Counties,2021-04-13,431814,24481129,241279,12540197,189595,10864828,940,1076104,240764,6293385,190165,9711653,244684,16005038,
All CA and Non-CA Counties,2021-04-14,449234,24930363,252877,12793074,196085,11060913,272,1076376,236402,6322700,211798,9923451,241113,16246151,
All CA and Non-CA Counties,2021-04-15,489017,25419380,285247,13078321,203534,11264447,236,1076612,275563,6389150,212119,10135570,278569,16524720,
All CA and Non-CA Counties,2021-04-16,472446,25891826,266484,13344805,205652,11470099,310,1076922,253549,6427565,217819,10353389,256234,16780954,
All CA and Non-CA Counties,2021-04-17,337725,26229551,189983,13534788,147701,11617800,41,1076963,191223,6476100,145822,10499211,194357,16975311,
All CA and Non-CA Counties,2021-04-18,153567,26383118,97106,13631894,56446,11674246,15,1076978,79929,6485733,73287,10572498,82920,17058231,
All CA and Non-CA Counties,2021-04-19,318471,26701589,183622,13815516,134766,11809012,83,1077061,151376,6472730,166309,10738807,153306,17211537,
All CA and Non-CA Counties,2021-04-20,407462,27109051,216531,14032047,190881,11999893,50,1077111,203101,6475462,203442,10942249,206174,17417711,
All CA and Non-CA Counties,2021-04-21,421810,27530861,238482,14270529,183074,12182967,254,1077365,203047,6464271,217537,11159786,206346,17624057,
All CA and Non-CA Counties,2021-04-22,445246,27976107,252906,14523435,192265,12375232,75,1077440,199745,6422961,244263,11404049,202953,17827010,
All CA and Non-CA Counties,2021-04-23,436469,28412576,248966,14772401,187421,12562653,82,1077522,198679,6388412,236562,11640611,202013,18029023,
All CA and Non-CA Counties,2021-04-24,323915,28736491,205616,14978017,118138,12680791,161,1077683,164908,6398540,158139,11798750,168267,18197290,
All CA and Non-CA Counties,2021-04-25,150248,28886739,99028,15077045,51157,12731948,63,1077746,80701,6411548,69157,11867907,82165,18279455,
All CA and Non-CA Counties,2021-04-26,271828,29158567,158461,15235506,111936,12843884,1431,1079177,117746,6381755,153267,12021174,123474,18402929,
All CA and Non-CA Counties,2021-04-27,341401,29499968,187697,15423203,148091,12991975,5613,1084790,136974,6323887,203429,12224603,145561,18548490,
All CA and Non-CA Counties,2021-04-28,348933,29848901,199634,15622837,141197,13133172,8102,1092892,142118,6270506,205876,12430479,152495,18700985,
All CA and Non-CA Counties,2021-04-29,356960,30205861,205716,15828553,143087,13276259,8157,1101049,128886,6182319,227046,12657525,138859,18839844,
All CA and Non-CA Counties,2021-04-30,368863,30574724,211355,16039908,148464,13424723,9044,1110093,140109,6105666,227693,12885218,151040,18990884,
All CA and Non-CA Counties,2021-05-01,247103,30821827,158114,16198022,82675,13507398,6314,1116407,90691,6049134,155745,13040963,99213,19090097,
All CA and Non-CA Counties,2021-05-02,116865,30938692,81173,16279195,31755,13539153,3937,1120344,41448,6019830,75055,13116018,45751,19135848,
All CA and Non-CA Counties,2021-05-03,248949,31187641,152739,16431934,87360,13626513,8850,1129194,75791,5932932,172407,13288425,85509,19221357,
All CA and Non-CA Counties,2021-05-04,324921,31512562,198163,16630097,116788,13743301,9970,1139164,96218,5812521,227745,13516170,107334,19328691,
All CA and Non-CA Counties,2021-05-05,307721,31820283,196341,16826438,101292,13844593,10088,1149252,87379,5691659,219297,13735467,98435,19427126,
All CA and Non-CA Counties,2021-05-06,322583,32142866,215803,17042241,96348,13940941,10432,1159684,82191,5547415,239276,13974743,95032,19522158,
All CA and Non-CA Counties,2021-05-07,313713,32456579,200805,17243046,103106,14044047,9802,1169486,86782,5419440,225783,14200526,97808,19619966,
All CA and Non-CA Counties,2021-05-08,202816,32659395,128167,17371213,68084,14112131,6565,1176051,56766,5339074,145093,14345619,64727,19684693,
All CA and Non-CA Counties,2021-05-09,85267,32744662,63252,17434465,18992,14131123,3023,1179074,24529,5306578,60317,14405936,27821,19712514,
All CA and Non-CA Counties,2021-05-10,106427,32851089,61590,17496055,41594,14172717,3243,1182317,24533,5253745,81388,14487324,28555,19741069,
Outside California,2020-12-15,7,7,7,7,0,0,0,0,7,7,0,0,7,7,Not in California
Outside California,2020-12-16,265,272,265,272,0,0,0,0,265,272,0,0,265,272,Not in California
Outside California,2020-12-17,1600,1872,1600,1872,0,0,0,0,1600,1872,0,0,1600,1872,Not in California
Outside California,2020-12-18,2556,4428,2549,4421,7,7,0,0,2556,4428,0,0,2556,4428,Not in California
Outside California,2020-12-19,1039,5467,1038,5459,1,8,0,0,1039,5467,0,0,1039,5467,Not in California
Outside California,2020-12-20,675,6142,672,6131,3,11,0,0,675,6142,0,0,675,6142,Not in California
Outside California,2020-12-21,2185,8327,2182,8313,3,14,0,0,2185,8327,0,0,2185,8327,Not in California
Outside California,2020-12-22,2061,10388,1987,10300,74,88,0,0,2061,10388,0,0,2061,10388,Not in California
Outside California,2020-12-23,1517,11905,1383,11683,134,222,0,0,1517,11905,0,0,1517,11905,Not in California
Outside California,2020-12-24,803,12708,611,12294,192,414,0,0,803,12708,0,0,803,12708,Not in California
Outside California,2020-12-25,33,12741,29,12323,4,418,0,0,33,12741,0,0,33,12741,Not in California
Outside California,2020-12-26,306,13047,203,12526,103,521,0,0,306,13047,0,0,306,13047,Not in California
Outside California,2020-12-27,189,13236,73,12599,116,637,0,0,189,13236,0,0,189,13236,Not in California
Outside California,2020-12-28,1412,14648,893,13492,519,1156,0,0,1412,14648,0,0,1412,14648,Not in California
Outside California,2020-12-29,1548,16196,1016,14508,532,1688,0,0,1548,16196,0,0,1548,16196,Not in California
Outside California,2020-12-30,1921,18117,1230,15738,691,2379,0,0,1921,18117,0,0,1921,18117,Not in California
Outside California,2020-12-31,1118,19235,599,16337,519,2898,0,0,1117,19233,1,1,1117,19234,Not in California
Outside California,2021-01-01,111,19346,23,16360,88,2986,0,0,111,19344,0,1,111,19345,Not in California
Outside California,2021-01-02,237,19583,131,16491,106,3092,0,0,236,19579,1,2,236,19581,Not in California
Outside California,2021-01-03,170,19753,90,16581,80,3172,0,0,170,19749,0,2,170,19751,Not in California
Outside California,2021-01-04,1145,20898,512,17093,633,3805,0,0,1141,20890,0,2,1141,20892,Not in California
Outside California,2021-01-05,1540,22438,812,17905,728,4533,0,0,1349,22050,189,191,1349,22241,Not in California
Outside California,2021-01-06,2705,25143,1595,19500,1110,5643,0,0,1973,23294,729,920,1973,24214,Not in California
Outside California,2021-01-07,4143,29286,2536,22036,1607,7250,0,0,2489,24133,1652,2572,2491,26705,Not in California
Outside California,2021-01-08,4518,33804,2924,24960,1594,8844,0,0,2639,24906,1869,4441,2642,29347,Not in California
Outside California,2021-01-09,1316,35120,526,25486,790,9634,0,0,991,25575,324,4765,993,30340,Not in California
Outside California,2021-01-10,301,35421,180,25666,121,9755,0,0,182,25638,119,4884,182,30522,Not in California
Outside California,2021-01-11,3304,38725,2010,27676,1294,11049,0,0,1973,26280,1331,6215,1973,32495,Not in California
Outside California,2021-01-12,3877,42602,2311,29987,1566,12615,0,0,2336,27080,1537,7752,2337,34832,Not in California
Outside California,2021-01-13,3689,46291,1805,31792,1884,14499,0,0,2513,28420,1176,8928,2516,37348,Not in California
Outside California,2021-01-14,3739,50030,1274,33066,2465,16964,0,0,3100,30896,626,9554,3102,40450,Not in California
Outside California,2021-01-15,4262,54292,993,34059,3269,20233,0,0,3795,34237,454,10008,3795,44245,Not in California
Outside California,2021-01-16,2694,56986,380,34439,2314,22547,0,0,2526,36597,166,10174,2526,46771,Not in California
Outside California,2021-01-17,495,57481,149,34588,346,22893,0,0,446,36994,49,10223,446,47217,Not in California
Outside California,2021-01-18,1195,58676,767,35355,428,23321,0,0,739,37279,455,10678,740,47957,Not in California
Outside California,2021-01-19,4033,62709,1318,36673,2715,26036,0,0,3141,39531,892,11570,3144,51101,Not in California
Outside California,2021-01-20,4388,67097,1408,38081,2980,29016,0,0,3455,42057,930,12500,3456,54557,Not in California
Outside California,2021-01-21,4123,71220,1117,39198,3006,32022,0,0,3560,45069,548,13048,3560,58117,Not in California
Outside California,2021-01-22,4619,75839,1077,40275,3542,35564,0,0,4225,48905,390,13438,4226,62343,Not in California
Outside California,2021-01-23,2248,78087,330,40605,1918,37482,0,0,2087,50831,161,13599,2087,64430,Not in California
Outside California,2021-01-24,604,78691,245,40850,359,37841,0,0,526,51279,78,13677,526,64956,Not in California
Outside California,2021-01-25,4456,83147,1953,42803,2503,40344,0,0,3593,54013,860,14537,3594,68550,Not in California
Outside California,2021-01-26,5944,89091,2892,45695,3052,43396,0,0,5097,58271,846,15383,5104,73654,Not in California
Outside California,2021-01-27,4818,93909,2673,48368,2145,45541,0,0,4204,61866,610,15993,4205,77859,Not in California
Outside California,2021-01-28,5292,99201,2883,51251,2409,47950,0,0,4764,66113,517,16510,4764,82623,Not in California
Outside California,2021-01-29,4944,104145,3099,54350,1845,49795,0,0,4158,69492,781,17291,4160,86783,Not in California
Outside California,2021-01-30,4509,108654,2465,56815,2044,51839,0,0,4281,73549,225,17516,4282,91065,Not in California
Outside California,2021-01-31,3169,111823,2749,59564,420,52259,0,0,3111,76604,57,17573,3112,94177,Not in California
Outside California,2021-02-01,5469,117292,2558,62122,2911,55170,0,0,4778,80699,683,18256,4778,98955,Not in California
Outside California,2021-02-02,6757,124049,2164,64286,4593,59763,0,0,6037,86023,713,18969,6037,104992,Not in California
Outside California,2021-02-03,7320,131369,2083,66369,5237,65000,0,0,6453,91619,858,19827,6454,111446,Not in California
Outside California,2021-02-04,6793,138162,2172,68541,4621,69621,0,0,5804,96444,980,20807,5805,117251,Not in California
Outside California,2021-02-05,6797,144959,2213,70754,4584,74205,0,0,5734,101119,1059,21866,5734,122985,Not in California
Outside California,2021-02-06,4446,149405,2166,72920,2280,76485,0,0,3984,104653,453,22319,3987,126972,Not in California
Outside California,2021-02-07,2249,151654,1863,74783,386,76871,0,0,2172,106750,77,22396,2174,129146,Not in California
Outside California,2021-02-08,5396,157050,3433,78216,1963,78834,0,0,4339,110042,1047,23443,4339,133485,Not in California
Outside California,2021-02-09,4339,161389,1965,80181,2374,81208,0,0,3031,111790,1297,24740,3045,136530,Not in California
Outside California,2021-02-10,5564,166953,1898,82079,3666,84874,0,0,3126,112528,2430,27170,3168,139698,Not in California
Outside California,2021-02-11,4715,171668,2142,84221,2573,87447,0,0,3416,114671,1290,28460,3433,143131,Not in California
Outside California,2021-02-12,5202,176870,1919,86140,3283,90730,0,0,3392,116264,1803,30263,3396,146527,Not in California
Outside California,2021-02-13,2399,179269,695,86835,1704,92434,0,0,1854,117585,545,30808,1866,148393,Not in California
Outside California,2021-02-14,1325,180594,399,87234,926,93360,0,0,1085,118435,237,31045,1087,149480,Not in California
Outside California,2021-02-15,2505,183099,1509,88743,996,94356,0,0,1199,118345,1293,32338,1203,150683,Not in California
Outside California,2021-02-16,6427,189526,2884,91627,3543,97899,0,0,2611,117156,3805,36143,2616,153299,Not in California
Outside California,2021-02-17,5887,195413,2932,94559,2955,100854,0,0,1827,114932,4055,40198,1831,155130,Not in California
Outside California,2021-02-18,6381,201794,3687,98246,2694,103548,0,0,2036,112641,4328,44526,2037,157167,Not in California
Outside California,2021-02-19,5713,207507,3961,102207,1752,105300,0,0,2403,111740,3305,47831,2404,159571,Not in California
Outside California,2021-02-20,3311,210818,2657,104864,654,105954,0,0,1201,110836,2106,49937,1202,160773,Not in California
Outside California,2021-02-21,1810,212628,1594,106458,216,106170,0,0,629,110288,1177,51114,629,161402,Not in California
Outside California,2021-02-22,3456,216084,2527,108985,929,107099,0,0,1618,110075,1836,52950,1623,163025,Not in California
Outside California,2021-02-23,5835,221919,3229,112214,2606,109705,0,0,2303,108866,3526,56476,2317,165342,Not in California
Outside California,2021-02-24,6318,228237,3472,115686,2846,112551,0,0,2479,107516,3834,60310,2484,167826,Not in California
Outside California,2021-02-25,6890,235127,3484,119170,3406,115957,0,0,3120,106901,3739,64049,3124,170950,Not in California
Outside California,2021-02-26,6799,241926,3605,122775,3194,119151,0,0,3168,106517,3553,67602,3169,174119,Not in California
Outside California,2021-02-27,5311,247237,2575,125350,2735,121886,1,1,1856,104933,3444,71046,1860,175979,Not in California
Outside California,2021-02-28,2425,249662,1768,127118,656,122542,1,2,794,104100,1629,72675,796,176775,Not in California
Outside California,2021-03-01,4718,254380,2925,130043,1792,124334,1,3,1305,102005,3406,76081,1311,178086,Not in California
Outside California,2021-03-02,6183,260563,2006,132049,4177,128511,0,3,1876,99586,4297,80378,1878,179964,Not in California
Outside California,2021-03-03,7745,268308,2956,135005,4787,133298,2,5,2589,97037,5144,85522,2595,182559,Not in California
Outside California,2021-03-04,6723,275031,2836,137841,3883,137181,4,9,2337,95009,4371,89893,2343,184902,Not in California
Outside California,2021-03-05,5024,280055,2437,140278,2573,139754,14,23,2573,95160,2443,92336,2594,187496,Not in California
Outside California,2021-03-06,4573,284628,2110,142388,2308,142062,155,178,2314,95380,2257,94593,2477,189973,Not in California
Outside California,2021-03-07,1541,286169,978,143366,510,142572,53,231,923,95740,617,95210,977,190950,Not in California
Outside California,2021-03-08,2980,289149,1725,145091,1011,143583,244,475,2097,97234,854,96064,2348,193298,Not in California
Outside California,2021-03-09,4268,293417,2011,147102,1936,145519,321,796,2426,98143,1838,97902,2747,196045,Not in California
Outside California,2021-03-10,4193,297610,1926,149028,1761,147280,506,1302,2536,99543,1649,99551,3049,199094,Not in California
Outside California,2021-03-11,6109,303719,3104,152132,2329,149609,676,1978,3293,100703,2810,102361,3970,203064,Not in California
Outside California,2021-03-12,6324,310043,3777,155909,1821,151430,726,2704,3485,102083,2832,105193,4212,207276,Not in California
Outside California,2021-03-13,3713,313756,2141,158050,1111,152541,461,3165,2583,104007,1123,106316,3047,210323,Not in California
Outside California,2021-03-14,1749,315505,891,158941,534,153075,324,3489,1039,104661,710,107026,1364,211687,Not in California
Outside California,2021-03-15,3917,319422,2019,160960,1456,154531,442,3931,2071,105339,1840,108866,2518,214205,Not in California
Outside California,2021-03-16,7440,326862,4337,165297,2735,157266,368,4299,4165,106596,3273,112139,4530,218735,Not in California
Outside California,2021-03-17,8334,335196,5375,170672,2593,159859,366,4665,5014,108661,3316,115455,5381,224116,Not in California
Outside California,2021-03-18,8131,343327,4990,175662,2618,162477,523,5188,4720,110501,3403,118858,5243,229359,Not in California
Outside California,2021-03-19,7251,350578,4291,179953,2421,164898,539,5727,4373,112541,2875,121733,4915,234274,Not in California
Outside California,2021-03-20,4675,355253,3060,183013,1529,166427,86,5813,3600,115159,1068,122801,3686,237960,Not in California
Outside California,2021-03-21,1996,357249,1346,184359,563,166990,87,5900,1601,116455,393,123194,1689,239649,Not in California
Outside California,2021-03-22,3215,360464,1933,186292,1195,168185,87,5987,2227,117787,982,124176,2314,241963,Not in California
Outside California,2021-03-23,5985,366449,3050,189342,2662,170847,273,6260,4204,120497,1768,125944,4478,246441,Not in California
Outside California,2021-03-24,7235,373684,3718,193060,3094,173941,423,6683,5074,123838,2154,128098,5495,251936,Not in California
Outside California,2021-03-25,8179,381863,3815,196875,3877,177818,487,7170,6026,128209,2142,130240,6513,258449,Not in California
Outside California,2021-03-26,6570,388433,3455,200330,2943,180761,172,7342,4478,130791,2067,132307,4649,263098,Not in California
Outside California,2021-03-27,5255,393688,3007,203337,2149,182910,99,7441,3389,132420,1857,134164,3486,266584,Not in California
Outside California,2021-03-28,3013,396701,1592,204929,1263,184173,158,7599,2018,133606,990,135154,2176,268760,Not in California
Outside California,2021-03-29,5009,401710,2203,207132,2475,186648,331,7930,2991,134913,2016,137170,3323,272083,Not in California
Outside California,2021-03-30,6738,408448,3541,210673,2654,189302,543,8473,4184,137104,2544,139714,4735,276818,Not in California
Outside California,2021-03-31,6194,414642,3714,214387,1718,191020,762,9235,3483,138640,2706,142420,4242,281060,Not in California
Outside California,2021-04-01,7354,421996,4416,218803,2317,193337,621,9856,4286,140479,3061,145481,4900,285960,Not in California
Outside California,2021-04-02,8075,430071,4175,222978,2777,196114,1123,10979,4324,142179,3745,149226,5445,291405,Not in California
Outside California,2021-04-03,6053,436124,3599,226577,1307,197421,1147,12126,3175,143629,2872,152098,4322,295727,Not in California
Outside California,2021-04-04,1760,437884,862,227439,662,198083,236,12362,982,144068,778,152876,1217,296944,Not in California
Outside California,2021-04-05,3930,441814,1906,229345,1374,199457,650,13012,1907,144607,2019,154895,2558,299502,Not in California
Outside California,2021-04-06,6692,448506,3550,232895,1586,201043,1556,14568,2720,144920,3959,158854,4272,303774,Not in California
Outside California,2021-04-07,7704,456210,4297,237192,1743,202786,1664,16232,3119,145115,4577,163431,4772,308546,Not in California
Outside California,2021-04-08,7787,463997,4030,241222,1857,204643,1900,18132,3168,145565,4611,168042,5061,313607,Not in California
Outside California,2021-04-09,7237,471234,3649,244871,1675,206318,1913,20045,2886,146021,4345,172387,4801,318408,Not in California
Outside California,2021-04-10,6028,477262,3044,247915,1139,207457,1845,21890,1712,145262,4312,176699,3553,321961,Not in California
Outside California,2021-04-11,2803,480065,1511,249426,659,208116,633,22523,1011,145117,1790,178489,1645,323606,Not in California
Outside California,2021-04-12,3859,483924,2080,251506,1249,209365,530,23053,1747,145287,2106,180595,2276,325882,Not in California
Outside California,2021-04-13,5475,489399,3475,254981,1976,211341,24,23077,2743,145328,2726,183321,2767,328649,Not in California
Outside California,2021-04-14,5142,494541,3176,258157,1963,213304,3,23080,2821,145836,2316,185637,2824,331473,Not in California
Outside California,2021-04-15,5835,500376,3531,261688,2298,215602,6,23086,3160,146378,2625,188262,3167,334640,Not in California
Outside California,2021-04-16,5832,506208,3350,265038,2475,218077,7,23093,3340,147241,2485,190747,3348,337988,Not in California
Outside California,2021-04-17,5111,511319,3004,268042,2106,220183,1,23094,2907,147951,2197,192944,2907,340895,Not in California
Outside California,2021-04-18,2062,513381,1144,269186,917,221100,1,23095,981,147858,1076,194020,983,341878,Not in California
Outside California,2021-04-19,4123,517504,1956,271142,2166,223266,1,23096,2162,148072,1951,195971,2165,344043,Not in California
Outside California,2021-04-20,5440,522944,2532,273674,2908,226174,0,23096,2326,147291,3107,199078,2326,346369,Not in California
Outside California,2021-04-21,6523,529467,2850,276524,3671,229845,2,23098,2500,145786,4008,203086,2503,348872,Not in California
Outside California,2021-04-22,7091,536558,3823,280347,3265,233110,3,23101,2889,144486,4193,207279,2893,351765,Not in California
Outside California,2021-04-23,6107,542665,3218,283565,2888,235998,1,23102,2744,143883,3350,210629,2747,354512,Not in California
Outside California,2021-04-24,4910,547575,3434,286999,1472,237470,4,23106,2234,143453,2671,213300,2241,356753,Not in California
Outside California,2021-04-25,2161,549736,1291,288290,868,238338,2,23108,1133,143565,1025,214325,1137,357890,Not in California
Outside California,2021-04-26,3540,553276,1557,289847,1961,240299,22,23130,1607,143268,1926,216251,1629,359519,Not in California
Outside California,2021-04-27,5075,558351,1727,291574,3059,243358,289,23419,1936,142366,3132,219383,2230,361749,Not in California
Outside California,2021-04-28,4883,563234,2093,293667,2394,245752,396,23815,2010,141912,2862,222245,2408,364157,Not in California
Outside California,2021-04-29,4898,568132,2250,295917,2218,247970,430,24245,1977,141418,2902,225147,2408,366565,Not in California
Outside California,2021-04-30,4879,573011,2376,298293,2089,250059,414,24659,1937,140838,2932,228079,2352,368917,Not in California
Outside California,2021-05-01,3142,576153,1823,300116,887,250946,432,25091,1293,140720,1842,229921,1724,370641,Not in California
Outside California,2021-05-02,1856,578009,1075,301191,657,251603,124,25215,858,140706,996,230917,982,371623,Not in California
Outside California,2021-05-03,2819,580828,1586,302777,958,252561,275,25490,1158,140481,1657,232574,1432,373055,Not in California
Outside California,2021-05-04,3982,584810,2186,304963,1361,253922,435,25925,1606,140151,2370,234944,2040,375095,Not in California
Outside California,2021-05-05,4349,589159,2563,307526,1418,255340,368,26293,1803,139786,2537,237481,2172,377267,Not in California
Outside California,2021-05-06,4533,593692,2905,310431,1276,256616,352,26645,1961,139537,2564,240045,2315,379582,Not in California
Outside California,2021-05-07,4601,598293,2694,313125,1514,258130,393,27038,1915,139167,2676,242721,2306,381888,Not in California
Outside California,2021-05-08,3336,601629,2240,315365,853,258983,243,27281,1519,139177,1756,244477,1766,383654,Not in California
Outside California,2021-05-09,1263,602892,826,316191,324,259307,113,27394,570,139188,671,245148,682,384336,Not in California
Outside California,2021-05-10,1420,604312,596,316787,636,259943,188,27582,554,139079,851,245999,742,385078,Not in California
Unknown,2020-12-17,2,2,2,2,0,0,0,0,0,0,0,0,0,0,Not in California
Unknown,2020-12-18,9,11,9,11,0,0,0,0,8,8,0,0,8,8,Not in California
Unknown,2020-12-19,81,92,81,92,0,0,0,0,81,89,0,0,81,89,Not in California
Unknown,2020-12-20,24,116,24,116,0,0,0,0,24,113,0,0,24,113,Not in California
Unknown,2020-12-21,5,121,5,121,0,0,0,0,0,113,0,0,0,113,Not in California
Unknown,2020-12-22,4,125,4,125,0,0,0,0,4,117,0,0,4,117,Not in California
Unknown,2020-12-26,1,126,1,126,0,0,0,0,1,118,0,0,1,118,Not in California
Unknown,2020-12-28,4,130,4,130,0,0,0,0,3,121,0,0,3,121,Not in California
Unknown,2020-12-29,3,133,3,133,0,0,0,0,3,124,0,0,3,124,Not in California
Unknown,2020-12-30,59,192,56,189,3,3,0,0,57,181,0,0,57,181,Not in California
Unknown,2020-12-31,2,194,0,189,2,5,0,0,1,182,0,0,1,182,Not in California
Unknown,2021-01-02,1,195,0,189,1,6,0,0,1,183,0,0,1,183,Not in California
Unknown,2021-01-04,3,198,3,192,0,6,0,0,2,185,0,0,2,185,Not in California
Unknown,2021-01-05,1,199,0,192,1,7,0,0,2,187,0,0,2,187,Not in California
Unknown,2021-01-06,30,229,28,220,2,9,0,0,6,170,23,23,6,193,Not in California
Unknown,2021-01-07,110,339,107,327,3,12,0,0,72,204,38,61,72,265,Not in California
Unknown,2021-01-08,26,365,21,348,5,17,0,0,5,188,21,82,5,270,Not in California
Unknown,2021-01-09,3,368,2,350,1,18,0,0,4,192,0,82,4,274,Not in California
Unknown,2021-01-11,23,391,23,373,0,18,0,0,18,206,4,86,18,292,Not in California
Unknown,2021-01-12,10,401,8,381,2,20,0,0,8,214,1,87,9,301,Not in California
Unknown,2021-01-13,11,412,11,392,0,20,0,0,13,227,0,87,13,314,Not in California
Unknown,2021-01-14,4,416,3,395,1,21,0,0,4,231,0,87,4,318,Not in California
Unknown,2021-01-15,5,421,4,399,1,22,0,0,5,236,0,87,5,323,Not in California
Unknown,2021-01-16,7,428,7,406,0,22,0,0,6,241,1,88,6,329,Not in California
Unknown,2021-01-17,3,431,3,409,0,22,0,0,3,244,0,88,3,332,Not in California
Unknown,2021-01-18,54,485,54,463,0,22,0,0,52,294,2,90,52,384,Not in California
Unknown,2021-01-19,23,508,22,485,1,23,0,0,21,314,1,91,21,405,Not in California
Unknown,2021-01-20,79,587,79,564,0,23,0,0,28,290,52,143,28,433,Not in California
Unknown,2021-01-21,60,647,58,622,2,25,0,0,61,350,1,144,61,494,Not in California
Unknown,2021-01-22,36,683,31,653,5,30,0,0,36,386,0,144,36,530,Not in California
Unknown,2021-01-23,11,694,5,658,6,36,0,0,11,397,0,144,11,541,Not in California
Unknown,2021-01-24,2,696,2,660,0,36,0,0,3,400,0,144,3,544,Not in California
Unknown,2021-01-25,21,717,18,678,3,39,0,0,17,414,3,147,17,561,Not in California
Unknown,2021-01-26,98,815,94,772,4,43,0,0,101,515,0,147,101,662,Not in California
Unknown,2021-01-27,17,832,17,789,0,43,0,0,16,530,1,148,16,678,Not in California
Unknown,2021-01-28,155,987,152,941,3,46,0,0,98,568,60,208,98,776,Not in California
Unknown,2021-01-29,147,1134,146,1087,1,47,0,0,151,718,1,209,151,927,Not in California
Unknown,2021-01-30,10,1144,8,1095,2,49,0,0,13,730,1,210,13,940,Not in California
Unknown,2021-01-31,16,1160,16,1111,0,49,0,0,16,745,1,211,16,956,Not in California
Unknown,2021-02-01,36,1196,34,1145,2,51,0,0,21,749,17,228,21,977,Not in California
Unknown,2021-02-02,70,1266,68,1213,2,53,0,0,63,806,6,234,63,1040,Not in California
Unknown,2021-02-03,50,1316,46,1259,4,57,0,0,39,834,11,245,39,1079,Not in California
Unknown,2021-02-04,61,1377,56,1315,5,62,0,0,56,885,5,250,56,1135,Not in California
Unknown,2021-02-05,22,1399,15,1330,7,69,0,0,18,896,7,257,18,1153,Not in California
Unknown,2021-02-06,19,1418,14,1344,5,74,0,0,15,904,7,264,15,1168,Not in California
Unknown,2021-02-07,8,1426,8,1352,0,74,0,0,6,908,2,266,6,1174,Not in California
Unknown,2021-02-08,53,1479,50,1402,3,77,0,0,14,883,39,305,14,1188,Not in California
Unknown,2021-02-09,19,1498,18,1420,1,78,0,0,4,872,15,320,4,1192,Not in California
Unknown,2021-02-10,35,1533,30,1450,5,83,0,0,9,855,26,346,9,1201,Not in California
Unknown,2021-02-11,93,1626,92,1542,1,84,0,0,43,847,51,397,43,1244,Not in California
Unknown,2021-02-12,42,1668,34,1576,8,92,0,0,17,835,29,426,17,1261,Not in California
Unknown,2021-02-13,15,1683,3,1579,12,104,0,0,17,851,1,427,17,1278,Not in California
Unknown,2021-02-14,7,1690,1,1580,6,110,0,0,5,855,1,428,5,1283,Not in California
Unknown,2021-02-15,43,1733,37,1617,6,116,0,0,28,870,13,441,28,1311,Not in California
Unknown,2021-02-16,104,1837,95,1712,9,125,0,0,31,828,73,514,31,1342,Not in California
Unknown,2021-02-17,10,1847,8,1720,2,127,0,0,4,827,5,519,4,1346,Not in California
Unknown,2021-02-18,105,1952,100,1820,5,132,0,0,19,760,86,605,19,1365,Not in California
Unknown,2021-02-19,196,2148,190,2010,6,138,0,0,59,682,137,742,59,1424,Not in California
Unknown,2021-02-20,12,2160,5,2015,7,145,0,0,5,682,5,747,5,1429,Not in California
Unknown,2021-02-21,18,2178,18,2033,0,145,0,0,4,672,14,761,4,1433,Not in California
Unknown,2021-02-22,9,2187,9,2042,0,145,0,0,6,675,3,764,6,1439,Not in California
Unknown,2021-02-23,63,2250,51,2093,12,157,0,0,15,643,47,811,15,1454,Not in California
Unknown,2021-02-24,43,2293,35,2128,8,165,0,0,14,628,29,840,14,1468,Not in California
Unknown,2021-02-25,76,2369,60,2188,16,181,0,0,27,606,49,889,27,1495,Not in California
Unknown,2021-02-26,40,2409,25,2213,15,196,0,0,24,615,15,904,24,1519,Not in California
Unknown,2021-02-27,28,2437,15,2228,13,209,0,0,20,627,8,912,20,1539,Not in California
Unknown,2021-02-28,17,2454,13,2241,4,213,0,0,10,632,5,917,10,1549,Not in California
Unknown,2021-03-01,45,2499,27,2268,18,231,0,0,24,636,20,937,24,1573,Not in California
Unknown,2021-03-02,19,2518,7,2275,12,243,0,0,12,643,5,942,12,1585,Not in California
Unknown,2021-03-03,13,2531,7,2282,6,249,0,0,9,649,3,945,9,1594,Not in California
Unknown,2021-03-04,53,2584,49,2331,4,253,0,0,22,640,31,976,22,1616,Not in California
Unknown,2021-03-05,33,2617,15,2346,18,271,0,0,35,669,6,982,35,1651,Not in California
Unknown,2021-03-06,32,2649,11,2357,19,290,2,2,23,685,9,991,25,1676,Not in California
Unknown,2021-03-07,10,2659,1,2358,9,299,0,2,6,688,3,994,6,1682,Not in California
Unknown,2021-03-08,32,2691,23,2381,7,306,2,4,9,674,25,1019,11,1693,Not in California
Unknown,2021-03-09,39,2730,32,2413,3,309,4,8,10,658,30,1049,14,1707,Not in California
Unknown,2021-03-10,9,2739,6,2419,1,310,2,10,5,660,5,1054,7,1714,Not in California
Unknown,2021-03-11,37,2776,13,2432,10,320,14,24,14,667,21,1075,28,1742,Not in California
Unknown,2021-03-12,82,2858,56,2488,21,341,5,29,15,623,64,1139,20,1762,Not in California
Unknown,2021-03-13,24,2882,4,2492,16,357,4,33,9,620,16,1155,13,1775,Not in California
Unknown,2021-03-14,17,2899,9,2501,6,363,2,35,7,618,11,1166,9,1784,Not in California
Unknown,2021-03-15,30,2929,11,2512,17,380,2,37,20,627,13,1179,22,1806,Not in California
Unknown,2021-03-16,64,2993,22,2534,38,418,4,41,44,656,19,1198,48,1854,Not in California
Unknown,2021-03-17,47,3040,14,2548,32,450,1,42,40,693,4,1202,41,1895,Not in California
Unknown,2021-03-18,40,3080,20,2568,20,470,0,42,28,709,12,1214,28,1923,Not in California
Unknown,2021-03-19,29,3109,19,2587,10,480,0,42,24,725,8,1222,24,1947,Not in California
Unknown,2021-03-20,34,3143,15,2602,19,499,0,42,20,732,13,1235,20,1967,Not in California
Unknown,2021-03-21,23,3166,17,2619,6,505,0,42,19,748,3,1238,19,1986,Not in California
Unknown,2021-03-22,36,3202,19,2638,16,521,1,43,19,756,12,1250,20,2006,Not in California
Unknown,2021-03-23,23,3225,9,2647,9,530,5,48,11,761,11,1261,16,2022,Not in California
Unknown,2021-03-24,26,3251,9,2656,17,547,0,48,21,777,5,1266,21,2043,Not in California
Unknown,2021-03-25,48,3299,34,2690,14,561,0,48,33,796,14,1280,33,2076,Not in California
Unknown,2021-03-26,37,3336,20,2710,12,573,5,53,20,805,16,1296,25,2101,Not in California
Unknown,2021-03-27,39,3375,13,2723,26,599,0,53,25,810,20,1316,25,2126,Not in California
Unknown,2021-03-28,16,3391,9,2732,7,606,0,53,11,817,4,1320,11,2137,Not in California
Unknown,2021-03-29,38,3429,17,2749,20,626,1,54,25,831,12,1332,26,2163,Not in California
Unknown,2021-03-30,42,3471,25,2774,17,643,0,54,28,844,15,1347,28,2191,Not in California
Unknown,2021-03-31,36,3507,22,2796,14,657,0,54,25,857,12,1359,25,2216,Not in California
Unknown,2021-04-01,28,3535,14,2810,14,671,0,54,24,875,6,1365,24,2240,Not in California
Unknown,2021-04-02,62,3597,16,2826,37,708,9,63,28,878,34,1399,37,2277,Not in California
Unknown,2021-04-03,19,3616,9,2835,10,718,0,63,10,878,10,1409,10,2287,Not in California
Unknown,2021-04-04,16,3632,4,2839,12,730,0,63,11,884,5,1414,11,2298,Not in California
Unknown,2021-04-05,35,3667,21,2860,13,743,1,64,22,892,15,1429,23,2321,Not in California
Unknown,2021-04-06,36,3703,18,2878,17,760,1,65,24,898,19,1448,25,2346,Not in California
Unknown,2021-04-07,38,3741,25,2903,13,773,0,65,39,929,8,1456,39,2385,Not in California
Unknown,2021-04-08,37,3778,22,2925,11,784,4,69,26,937,22,1478,30,2415,Not in California
Unknown,2021-04-09,41,3819,25,2950,16,800,0,69,32,955,14,1492,32,2447,Not in California
Unknown,2021-04-10,10,3829,9,2959,1,801,0,69,20,968,7,1499,20,2467,Not in California
Unknown,2021-04-11,14,3843,10,2969,4,805,0,69,6,965,9,1508,6,2473,Not in California
Unknown,2021-04-12,40,3883,23,2992,16,821,1,70,25,968,23,1531,26,2499,Not in California
Unknown,2021-04-13,69,3952,26,3018,43,864,0,70,38,965,41,1572,38,2537,Not in California
Unknown,2021-04-14,34,3986,10,3028,24,888,0,70,20,959,26,1598,20,2557,Not in California
Unknown,2021-04-15,43,4029,18,3046,24,912,1,71,20,951,29,1627,21,2578,Not in California
Unknown,2021-04-16,53,4082,39,3085,14,926,0,71,49,979,21,1648,49,2627,Not in California
Unknown,2021-04-17,27,4109,15,3100,12,938,0,71,14,976,18,1666,15,2642,Not in California
Unknown,2021-04-18,19,4128,7,3107,12,950,0,71,10,974,12,1678,10,2652,Not in California
Unknown,2021-04-19,36,4164,22,3129,14,964,0,71,17,973,18,1696,17,2669,Not in California
Unknown,2021-04-20,25,4189,14,3143,11,975,0,71,5,958,20,1716,5,2674,Not in California
Unknown,2021-04-21,38,4227,16,3159,22,997,0,71,12,944,26,1742,12,2686,Not in California
Unknown,2021-04-22,23,4250,14,3173,9,1006,0,71,5,931,18,1760,5,2691,Not in California
Unknown,2021-04-23,34,4284,15,3188,19,1025,0,71,20,938,13,1773,20,2711,Not in California
Unknown,2021-04-24,38,4322,23,3211,15,1040,0,71,28,956,10,1783,28,2739,Not in California
Unknown,2021-04-25,23,4345,9,3220,14,1054,0,71,12,957,11,1794,12,2751,Not in California
Unknown,2021-04-26,19,4364,12,3232,7,1061,0,71,6,950,13,1807,6,2757,Not in California
Unknown,2021-04-27,24,4388,9,3241,15,1076,0,71,7,940,17,1824,7,2764,Not in California
Unknown,2021-04-28,45,4433,37,3278,7,1083,1,72,19,934,26,1850,20,2784,Not in California
Unknown,2021-04-29,36,4469,21,3299,15,1098,0,72,14,926,22,1872,14,2798,Not in California
Unknown,2021-04-30,29,4498,14,3313,12,1110,3,75,16,932,13,1885,19,2817,Not in California
Unknown,2021-05-01,34,4532,26,3339,7,1117,1,76,20,939,14,1899,21,2838,Not in California
Unknown,2021-05-02,14,4546,7,3346,6,1123,1,77,6,938,8,1907,7,2845,Not in California
Unknown,2021-05-03,220,4766,157,3503,41,1164,22,99,166,1072,54,1961,188,3033,Not in California
Unknown,2021-05-04,287,5053,164,3667,82,1246,41,140,215,1257,71,2032,256,3289,Not in California
Unknown,2021-05-05,310,5363,178,3845,92,1338,40,180,240,1468,70,2102,281,3570,Not in California
Unknown,2021-05-06,304,5667,169,4014,102,1440,33,213,232,1662,71,2173,265,3835,Not in California
Unknown,2021-05-07,333,6000,187,4201,102,1542,44,257,249,1871,84,2257,293,4128,Not in California
Unknown,2021-05-08,265,6265,153,4354,83,1625,29,286,216,2069,47,2304,245,4373,Not in California
Unknown,2021-05-09,227,6492,155,4509,50,1675,22,308,186,2236,41,2345,208,4581,Not in California
Alameda,2020-12-15,36,36,36,36,0,0,0,0,36,36,0,0,36,36,California
Alameda,2020-12-16,206,242,206,242,0,0,0,0,206,242,0,0,206,242,California
Alameda,2020-12-17,396,638,396,638,0,0,0,0,396,638,0,0,396,638,California
Alameda,2020-12-18,1773,2411,1773,2411,0,0,0,0,1773,2411,0,0,1773,2411,California
Alameda,2020-12-19,1352,3763,1352,3763,0,0,0,0,1352,3763,0,0,1352,3763,California
Alameda,2020-12-20,1162,4925,1161,4924,1,1,0,0,1161,4923,1,1,1161,4924,California
Alameda,2020-12-21,1861,6786,1859,6783,2,3,0,0,1860,6783,0,1,1860,6784,California
Alameda,2020-12-22,2100,8886,2047,8830,53,56,0,0,2100,8883,0,1,2100,8884,California
Alameda,2020-12-23,1943,10829,1685,10515,258,314,0,0,1944,10827,0,1,1944,10828,California
Alameda,2020-12-24,1219,12048,759,11274,460,774,0,0,1219,12046,0,1,1219,12047,California
Alameda,2020-12-25,165,12213,128,11402,37,811,0,0,165,12211,0,1,165,12212,California
Alameda,2020-12-26,870,13083,326,11728,544,1355,0,0,870,13081,0,1,870,13082,California
Alameda,2020-12-27,498,13581,256,11984,242,1597,0,0,498,13579,0,1,498,13580,California
Alameda,2020-12-28,1885,15466,959,12943,926,2523,0,0,1885,15464,0,1,1885,15465,California
Alameda,2020-12-29,2431,17897,1025,13968,1406,3929,0,0,2430,17894,0,1,2430,17895,California
Alameda,2020-12-30,3131,21028,1365,15333,1766,5695,0,0,3133,21027,0,1,3133,21028,California
Alameda,2020-12-31,1796,22824,443,15776,1353,7048,0,0,1794,22820,1,2,1794,22822,California
Alameda,2021-01-01,172,22996,70,15846,102,7150,0,0,171,22990,1,3,171,22993,California
Alameda,2021-01-02,725,23721,524,16370,201,7351,0,0,724,23714,0,3,724,23717,California
Alameda,2021-01-03,343,24064,222,16592,121,7472,0,0,340,24051,3,6,340,24057,California
Alameda,2021-01-04,1648,25712,943,17535,705,8177,0,0,1636,25676,11,17,1636,25693,California
Alameda,2021-01-05,2204,27916,1265,18800,939,9116,0,0,1968,27411,233,250,1968,27661,California
Alameda,2021-01-06,3248,31164,1781,20581,1467,10583,0,0,2428,29024,817,1067,2430,30091,California
Alameda,2021-01-07,3776,34940,2113,22694,1663,12246,0,0,2687,30635,1080,2147,2691,32782,California
Alameda,2021-01-08,4736,39676,2703,25397,2033,14279,0,0,3108,32123,1624,3771,3112,35894,California
Alameda,2021-01-09,2034,41710,1388,26785,646,14925,0,0,1173,32435,861,4632,1173,37067,California
Alameda,2021-01-10,1068,42778,846,27631,222,15147,0,0,428,32222,641,5273,428,37495,California
Alameda,2021-01-11,4648,47426,3514,31145,1134,16281,0,0,2855,33292,1792,7065,2862,40357,California
Alameda,2021-01-12,4830,52256,3250,34395,1580,17861,0,0,3438,35342,1391,8456,3441,43798,California
Alameda,2021-01-13,5045,57301,2665,37060,2380,20241,0,0,3856,38014,1185,9641,3857,47655,California
Alameda,2021-01-14,5638,62939,2772,39832,2866,23107,0,0,4752,41891,878,10519,4755,52410,California
Alameda,2021-01-15,5841,68780,2314,42146,3527,26634,0,0,5074,46208,761,11280,5078,57488,California
Alameda,2021-01-16,3007,71787,1409,43555,1598,28232,0,0,2738,48678,269,11549,2739,60227,California
Alameda,2021-01-17,1869,73656,1083,44638,786,29018,0,0,1662,50135,206,11755,1663,61890,California
Alameda,2021-01-18,3199,76855,2054,46692,1145,30163,0,0,2604,52153,591,12346,2609,64499,California
Alameda,2021-01-19,5527,82382,3331,50023,2196,32359,0,0,4335,55300,1190,13536,4337,68836,California
Alameda,2021-01-20,6778,89160,4110,54133,2668,35027,0,0,5481,59501,1284,14820,5485,74321,California
Alameda,2021-01-21,7779,96939,3406,57539,4373,39400,0,0,6942,65617,831,15651,6947,81268,California
Alameda,2021-01-22,6849,103788,2038,59577,4811,44211,0,0,5710,70197,1132,16783,5712,86980,California
Alameda,2021-01-23,3288,107076,946,60523,2342,46553,0,0,2734,72379,554,17337,2736,89716,California
Alameda,2021-01-24,2051,109127,655,61178,1396,47949,0,0,1775,73882,272,17609,1775,91491,California
Alameda,2021-01-25,5220,114347,1984,63162,3236,51185,0,0,3634,75939,1578,19187,3635,95126,California
Alameda,2021-01-26,7251,121598,2289,65451,4962,56147,0,0,5390,79476,1854,21041,5391,100517,California
Alameda,2021-01-27,6669,128267,2076,67527,4593,60740,0,0,4820,82461,1835,22876,4820,105337,California
Alameda,2021-01-28,7897,136164,2548,70075,5349,66089,0,0,5656,85893,2225,25101,5657,110994,California
Alameda,2021-01-29,7926,144090,3183,73258,4743,70832,0,0,6104,90186,1812,26913,6105,117099,California
Alameda,2021-01-30,3423,147513,1675,74933,1748,72580,0,0,2717,92203,700,27613,2717,119816,California
Alameda,2021-01-31,1906,149419,965,75898,941,73521,0,0,1662,93624,241,27854,1662,121478,California
Alameda,2021-02-01,5972,155391,3367,79265,2605,76126,0,0,4330,96319,1636,29490,4331,125809,California
Alameda,2021-02-02,7471,162862,4255,83520,3216,79342,0,0,4676,98210,2785,32275,4676,130485,California
Alameda,2021-02-03,7084,169946,3730,87250,3354,82696,0,0,4404,99945,2674,34949,4409,134894,California
Alameda,2021-02-04,9521,179467,4129,91379,5392,88088,0,0,6431,103310,3071,38020,6436,141330,California
Alameda,2021-02-05,10340,189807,5396,96775,4944,93032,0,0,6467,105916,3867,41887,6473,147803,California
Alameda,2021-02-06,6997,196804,4436,101211,2561,95593,0,0,5874,110667,1123,43010,5874,153677,California
Alameda,2021-02-07,3585,200389,2895,104106,690,96283,0,0,2642,112370,940,43950,2643,156320,California
Alameda,2021-02-08,8100,208489,5789,109895,2311,98594,0,0,5543,115369,2546,46496,5545,161865,California
Alameda,2021-02-09,9719,218208,5863,115758,3856,102450,0,0,6070,117798,3643,50139,6072,167937,California
Alameda,2021-02-10,11468,229676,6781,122539,4687,107137,0,0,6571,119498,4879,55018,6579,174516,California
Alameda,2021-02-11,13940,243616,7990,130529,5950,113087,0,0,8375,122329,5547,60565,8378,182894,California
Alameda,2021-02-12,12542,256158,5698,136227,6844,119931,0,0,7760,125324,4768,65333,7763,190657,California
Alameda,2021-02-13,7818,263976,4069,140296,3749,123680,0,0,5853,129219,1960,67293,5855,196512,California
Alameda,2021-02-14,4033,268009,2537,142833,1496,125176,0,0,2871,130934,1159,68452,2874,199386,California
Alameda,2021-02-15,5715,273724,3225,146058,2490,127666,0,0,3701,132628,2010,70462,3704,203090,California
Alameda,2021-02-16,12536,286260,6956,153014,5580,133246,0,0,9319,138745,3207,73669,9324,212414,California
Alameda,2021-02-17,14114,300374,8357,161371,5757,139003,0,0,10485,145621,3611,77280,10487,222901,California
Alameda,2021-02-18,15869,316243,10068,171439,5801,144804,0,0,11517,152799,4345,81625,11523,234424,California
Alameda,2021-02-19,17662,333905,11453,182892,6209,151013,0,0,11702,158567,5938,87563,11706,246130,California
Alameda,2021-02-20,11867,345772,9614,192506,2253,153266,0,0,9145,165000,2718,90281,9151,255281,California
Alameda,2021-02-21,6245,352017,5313,197819,932,154198,0,0,3766,166298,2468,92749,3766,259047,California
Alameda,2021-02-22,10715,362732,7931,205750,2784,156982,0,0,6750,169106,3951,96700,6759,265806,California
Alameda,2021-02-23,12737,375469,7733,213483,5004,161986,0,0,7923,172231,4805,101505,7930,273736,California
Alameda,2021-02-24,14669,390138,8217,221700,6452,168438,0,0,9511,176650,5097,106602,9516,283252,California
Alameda,2021-02-25,15638,405776,9130,230830,6508,174946,0,0,9959,180968,5647,112249,9965,293217,California
Alameda,2021-02-26,18111,423887,10644,241474,7467,182413,0,0,11711,186324,6359,118608,11715,304932,California
Alameda,2021-02-27,14728,438615,10831,252305,3895,186308,2,2,9121,189864,5585,124193,9125,314057,California
Alameda,2021-02-28,9164,447779,7722,260027,1442,187750,0,2,6081,192885,3061,127254,6082,320139,California
Alameda,2021-03-01,13278,461057,9225,269252,4048,191798,5,7,8229,196121,5004,132258,8240,328379,California
Alameda,2021-03-02,13845,474902,9624,278876,4220,196018,1,8,8893,200089,4933,137191,8901,337280,California
Alameda,2021-03-03,15415,490317,10010,288886,5404,201422,1,9,10500,205707,4887,142078,10505,347785,California
Alameda,2021-03-04,17326,507643,11078,299964,6246,207668,2,11,10888,210194,6403,148481,10890,358675,California
Alameda,2021-03-05,15872,523515,10247,310211,5616,213284,9,20,10643,215663,5189,153670,10658,369333,California
Alameda,2021-03-06,14264,537779,9984,320195,4018,217302,262,282,9366,220438,4855,158525,9630,378963,California
Alameda,2021-03-07,9357,547136,8135,328330,1141,218443,81,363,6581,224354,2748,161273,6664,385627,California
Alameda,2021-03-08,11672,558808,7183,335513,4110,222553,379,742,8666,230443,2956,164229,9045,394672,California
Alameda,2021-03-09,11410,570218,7049,342562,3933,226486,428,1170,6297,232090,5080,169309,6727,401399,California
Alameda,2021-03-10,16681,586899,11331,353893,4792,231278,558,1728,7555,231098,9101,178410,8109,409508,California
Alameda,2021-03-11,19776,606675,11564,365457,6506,237784,1706,3434,6768,226591,12978,191388,8471,417979,California
Alameda,2021-03-12,21158,627833,12321,377778,7184,244968,1653,5087,7470,222041,13665,205053,9115,427094,California
Alameda,2021-03-13,15847,643680,10104,387882,4757,249725,986,6073,5110,217433,10702,215755,6094,433188,California
Alameda,2021-03-14,10704,654384,7820,395702,2099,251824,785,6858,4649,216821,6038,221793,5426,438614,California
Alameda,2021-03-15,14316,668700,9328,405030,4471,256295,517,7375,6371,215789,7916,229709,6884,445498,California
Alameda,2021-03-16,17182,685882,11121,416151,5528,261823,533,7908,7571,214334,9560,239269,8105,453603,California
Alameda,2021-03-17,17387,703269,9792,425943,6901,268724,694,8602,8182,214039,9170,248439,8875,462478,California
Alameda,2021-03-18,19067,722336,10337,436280,7854,276578,876,9478,8778,213436,10261,258700,9658,472136,California
Alameda,2021-03-19,19124,741460,10356,446636,6983,283561,1785,11263,7653,211445,11423,270123,9432,481568,California
Alameda,2021-03-20,15636,757096,10202,456838,4611,288172,823,12086,6542,209742,9065,279188,7362,488930,California
Alameda,2021-03-21,9063,766159,7104,463942,1426,289598,533,12619,3776,208775,5277,284465,4310,493240,California
Alameda,2021-03-22,14899,781058,10013,473955,3909,293507,977,13596,7176,209228,7698,292163,8151,501391,California
Alameda,2021-03-23,19127,800185,11519,485474,6816,300323,792,14388,10736,212413,8348,300511,11533,512924,California
Alameda,2021-03-24,19018,819203,11452,496926,6574,306897,992,15380,8588,211617,10367,310878,9571,522495,California
Alameda,2021-03-25,20361,839564,11246,508172,7735,314632,1380,16760,9563,211817,10731,321609,10931,533426,California
Alameda,2021-03-26,20688,860252,12388,520560,6766,321398,1534,18294,8872,210442,11771,333380,10396,543822,California
Alameda,2021-03-27,18201,878453,12345,532905,4896,326294,960,19254,7855,208938,10300,343680,8796,552618,California
Alameda,2021-03-28,10432,888885,8450,541355,1779,328073,203,19457,3832,206393,6587,350267,4042,556660,California
Alameda,2021-03-29,14605,903490,9294,550649,4314,332387,997,20454,6284,205386,8287,358554,7280,563940,California
Alameda,2021-03-30,18462,921952,9686,560335,7080,339467,1696,22150,10836,210315,7597,366151,12526,576466,California
Alameda,2021-03-31,19230,941182,10126,570461,7039,346506,2065,24215,9537,212240,9670,375821,11595,588061,California
Alameda,2021-04-01,23046,964228,9970,580431,7583,354089,5493,29708,11008,216726,12004,387825,16490,604551,California
Alameda,2021-04-02,23813,988041,9900,590331,8236,362325,5677,35385,11584,221777,12194,400019,17245,621796,California
Alameda,2021-04-03,20105,1008146,9735,600066,5677,368002,4693,40078,10302,226983,9785,409804,14991,636787,California
Alameda,2021-04-04,9928,1018074,3963,604029,2283,370285,3682,43760,3514,227771,6402,416206,7190,643977,California
Alameda,2021-04-05,17783,1035857,7499,611528,5514,375799,4770,48530,7266,229304,10499,426705,12032,656009,California
Alameda,2021-04-06,22161,1058018,10698,622226,5643,381442,5820,54350,10101,233187,12027,438732,15910,671919,California
Alameda,2021-04-07,22469,1080487,11536,633762,5498,386940,5435,59785,11419,239023,11009,449741,16845,688764,California
Alameda,2021-04-08,25396,1105883,11486,645248,5954,392894,7956,67741,10847,243335,14480,464221,18792,707556,California
Alameda,2021-04-09,23256,1129139,10598,655846,7453,400347,5205,72946,12008,249328,11220,475441,17213,724769,California
Alameda,2021-04-10,18829,1147968,7415,663261,5593,405940,5821,78767,8179,252687,10627,486068,13986,738755,California
Alameda,2021-04-11,10976,1158944,4774,668035,2269,408209,3933,82700,4482,254616,6476,492544,8405,747160,California
Alameda,2021-04-12,17835,1176779,11710,679745,4295,412504,1830,84530,10118,258875,7685,500229,11944,759104,California
Alameda,2021-04-13,22980,1199759,14577,694322,8348,420852,55,84585,16923,269853,6011,506240,16989,776093,California
Alameda,2021-04-14,23115,1222874,15296,709618,7818,428670,1,84586,15693,278163,7391,513631,15701,791794,California
Alameda,2021-04-15,24087,1246961,15391,725009,8694,437364,2,84588,16013,286165,8020,521651,16022,807816,California
Alameda,2021-04-16,24344,1271305,14384,739393,9955,447319,5,84593,15700,293286,8594,530245,15715,823531,California
Alameda,2021-04-17,20730,1292035,14298,753691,6432,453751,0,84593,14278,301160,6418,536663,14292,837823,California
Alameda,2021-04-18,9890,1301925,7554,761245,2336,456087,0,84593,6853,305007,3011,539674,6858,844681,California
Alameda,2021-04-19,15575,1317500,9650,770895,5924,462011,1,84594,9017,307506,6528,546202,9027,853708,California
Alameda,2021-04-20,18078,1335578,11038,781933,7039,469050,1,84595,9892,309272,8147,554349,9913,863621,California
Alameda,2021-04-21,19102,1354680,11188,793121,7906,476956,8,84603,11136,312519,7916,562265,11163,874784,California
Alameda,2021-04-22,21293,1375973,13718,806839,7572,484528,3,84606,11312,313926,9934,572199,11341,886125,California
Alameda,2021-04-23,21503,1397476,14029,820868,7472,492000,2,84608,12047,316595,9405,581604,12074,898199,California
Alameda,2021-04-24,18955,1416431,14384,835252,4564,496564,7,84615,10020,317733,8899,590503,10037,908236,California
Alameda,2021-04-25,8786,1425217,6846,842098,1940,498504,0,84615,5704,320379,3068,593571,5714,913950,California
Alameda,2021-04-26,13183,1438400,9129,851227,4032,502536,22,84637,8227,323707,4929,598500,8257,922207,California
Alameda,2021-04-27,15108,1453508,8894,860121,5909,508445,305,84942,7119,323211,7944,606444,7448,929655,California
Alameda,2021-04-28,15936,1469444,10136,870257,5335,513780,465,85407,6207,320197,9700,616144,6686,936341,California
Alameda,2021-04-29,16626,1486070,10013,880270,6290,520070,323,85730,5942,315843,10640,626784,6286,942627,California
Alameda,2021-04-30,19373,1505443,11964,892234,7072,527142,337,86067,7836,312584,11467,638251,8208,950835,California
Alameda,2021-05-01,13941,1519384,9299,901533,4438,531580,204,86271,5180,309266,8734,646985,5416,956251,California
Alameda,2021-05-02,7036,1526420,4895,906428,1970,533550,171,86442,2864,308151,4155,651140,3040,959291,California
Alameda,2021-05-03,14359,1540779,10872,917300,3174,536724,313,86755,2815,299803,11507,662647,3159,962450,California
Alameda,2021-05-04,18191,1558970,13037,930337,4790,541514,364,87119,3613,289291,14516,677163,4004,966454,California
Alameda,2021-05-05,18316,1577286,13311,943648,4496,546010,509,87628,3746,279049,14511,691674,4269,970723,California
Alameda,2021-05-06,18301,1595587,13838,957486,3809,549819,654,88282,3591,268665,14643,706317,4259,974982,California
Alameda,2021-05-07,18773,1614360,12555,970041,5813,555632,405,88687,4365,259105,14344,720661,4784,979766,California
Alameda,2021-05-08,16029,1630389,10917,980958,4897,560529,215,88902,3009,249359,12982,733643,3236,983002,California
Alameda,2021-05-09,8208,1638597,6677,987635,1386,561915,145,89047,1429,244177,6763,740406,1581,984583,California
Alameda,2021-05-10,5318,1643915,2966,990601,2247,564162,105,89152,1827,242636,3476,743882,1935,986518,California
Alpine,2020-12-18,2,2,2,2,0,0,0,0,2,2,0,0,2,2,California
Alpine,2020-12-19,2,4,2,4,0,0,0,0,2,4,0,0,2,4,California
Alpine,2020-12-21,2,6,2,6,0,0,0,0,2,6,0,0,2,6,California
Alpine,2020-12-30,14,20,0,6,14,14,0,0,14,20,0,0,14,20,California
Alpine,2020-12-31,1,21,0,6,1,15,0,0,1,21,0,0,1,21,California
Alpine,2021-01-01,1,22,0,6,1,16,0,0,1,22,0,0,1,22,California
Alpine,2021-01-02,1,23,1,7,0,16,0,0,1,23,0,0,1,23,California
Alpine,2021-01-04,10,33,0,7,10,26,0,0,10,33,0,0,10,33,California
Alpine,2021-01-05,9,42,1,8,8,34,0,0,9,42,0,0,9,42,California
Alpine,2021-01-06,31,73,0,8,31,65,0,0,31,73,0,0,31,73,California
Alpine,2021-01-07,8,81,0,8,8,73,0,0,8,81,0,0,8,81,California
Alpine,2021-01-08,4,85,2,10,2,75,0,0,2,81,2,2,2,83,California
Alpine,2021-01-09,2,87,2,12,0,75,0,0,0,79,2,4,0,83,California
Alpine,2021-01-11,32,119,1,13,31,106,0,0,31,109,1,5,31,114,California
Alpine,2021-01-13,35,154,0,13,35,141,0,0,35,144,0,5,35,149,California
Alpine,2021-01-14,1,155,0,13,1,142,0,0,1,145,0,5,1,150,California
Alpine,2021-01-15,1,156,0,13,1,143,0,0,1,146,0,5,1,151,California
Alpine,2021-01-20,21,177,0,13,21,164,0,0,21,167,0,5,21,172,California
Alpine,2021-01-21,1,178,0,13,1,165,0,0,1,168,0,5,1,173,California
Alpine,2021-01-22,32,210,0,13,32,197,0,0,32,200,0,5,32,205,California
Alpine,2021-01-23,1,211,1,14,0,197,0,0,0,199,1,6,0,205,California
Alpine,2021-01-25,16,227,0,14,16,213,0,0,16,215,0,6,16,221,California
Alpine,2021-01-27,1,228,1,15,0,213,0,0,0,214,1,7,0,221,California
Alpine,2021-01-28,1,229,0,15,1,214,0,0,0,213,1,8,0,221,California
Alpine,2021-01-29,1,230,0,15,1,215,0,0,1,214,0,8,1,222,California
Alpine,2021-02-01,25,255,0,15,25,240,0,0,7,203,18,26,7,229,California
Alpine,2021-02-03,34,289,0,15,34,274,0,0,10,189,24,50,10,239,California
Alpine,2021-02-04,8,297,0,15,8,282,0,0,3,187,5,55,3,242,California
Alpine,2021-02-05,31,328,0,15,31,313,0,0,12,180,19,74,12,254,California
Alpine,2021-02-06,1,329,1,16,0,313,0,0,1,181,0,74,1,255,California
Alpine,2021-02-07,1,330,1,17,0,313,0,0,1,182,0,74,1,256,California
Alpine,2021-02-08,32,362,0,17,32,345,0,0,4,158,28,102,4,260,California
Alpine,2021-02-10,34,396,0,17,34,379,0,0,0,124,34,136,0,260,California
Alpine,2021-02-11,6,402,0,17,6,385,0,0,3,124,3,139,3,263,California
Alpine,2021-02-12,1,403,0,17,1,386,0,0,0,123,1,140,0,263,California
Alpine,2021-02-17,23,426,0,17,23,409,0,0,3,106,20,160,3,266,California
Alpine,2021-02-18,2,428,0,17,2,411,0,0,1,106,1,161,1,267,California
Alpine,2021-02-19,34,462,1,18,33,444,0,0,2,76,32,193,2,269,California
Alpine,2021-02-22,27,489,0,18,27,471,0,0,8,65,19,212,8,277,California
Alpine,2021-02-24,1,490,1,19,0,471,0,0,1,66,0,212,1,278,California
Alpine,2021-02-25,6,496,1,20,5,476,0,0,6,72,0,212,6,284,California
Alpine,2021-02-26,30,526,1,21,29,505,0,0,29,100,1,213,29,313,California
Alpine,2021-02-27,1,527,0,21,1,506,0,0,1,101,0,213,1,314,California
Alpine,2021-03-01,36,563,0,21,36,542,0,0,26,117,10,223,26,340,California
Alpine,2021-03-02,1,564,1,22,0,542,0,0,0,116,1,224,0,340,California
Alpine,2021-03-03,30,594,1,23,29,571,0,0,18,122,12,236,18,358,California
Alpine,2021-03-04,11,605,1,24,10,581,0,0,11,133,0,236,11,369,California
Alpine,2021-03-05,30,635,0,24,30,611,0,0,22,147,8,244,22,391,California
Alpine,2021-03-08,31,666,0,24,31,642,0,0,29,174,2,246,29,420,California
Alpine,2021-03-10,73,739,0,24,73,715,0,0,73,247,0,246,73,493,California
Alpine,2021-03-11,36,775,0,24,36,751,0,0,32,275,4,250,32,525,California
Alpine,2021-03-12,19,794,0,24,19,770,0,0,17,290,2,252,17,542,California
Alpine,2021-03-15,21,815,1,25,20,790,0,0,20,309,1,253,20,562,California
Alpine,2021-03-17,23,838,0,25,22,812,1,1,19,325,4,257,20,582,California
Alpine,2021-03-18,38,876,3,28,35,847,0,1,35,357,3,260,35,617,California
Alpine,2021-03-19,2,878,1,29,1,848,0,1,1,357,1,261,1,618,California
Alpine,2021-03-22,24,902,0,29,24,872,0,1,15,363,9,270,15,633,California
Alpine,2021-03-24,19,921,0,29,19,891,0,1,8,360,11,281,8,641,California
Alpine,2021-03-25,35,956,1,30,33,924,1,2,28,382,7,288,29,670,California
Alpine,2021-03-27,1,957,0,30,1,925,0,2,0,381,1,289,0,670,California
Alpine,2021-03-28,1,958,1,31,0,925,0,2,1,382,0,289,1,671,California
Alpine,2021-03-29,19,977,0,31,18,943,1,3,2,368,17,306,3,674,California
Alpine,2021-04-01,18,995,0,31,18,961,0,3,8,366,10,316,8,682,California
Alpine,2021-04-02,101,1096,1,32,100,1061,0,3,46,358,54,370,46,728,California
Alpine,2021-04-05,4,1100,1,33,3,1064,0,3,0,354,4,374,0,728,California
Alpine,2021-04-06,3,1103,2,35,1,1065,0,3,2,355,1,375,2,730,California
Alpine,2021-04-07,117,1220,0,35,116,1181,1,4,30,300,86,461,31,761,California
Alpine,2021-04-08,38,1258,0,35,36,1217,2,6,10,284,28,489,12,773,California
Alpine,2021-04-09,1,1259,0,35,1,1218,0,6,1,285,0,489,1,774,California
Alpine,2021-04-14,47,1306,0,35,47,1265,0,6,10,258,37,526,10,784,California
Alpine,2021-04-15,35,1341,0,35,35,1300,0,6,3,229,32,558,3,787,California
Alpine,2021-04-16,1,1342,0,35,1,1301,0,6,1,230,0,558,1,788,California
Alpine,2021-04-19,1,1343,0,35,1,1302,0,6,1,231,0,558,1,789,California
Alpine,2021-04-21,31,1374,0,35,31,1333,0,6,15,230,16,574,15,804,California
Alpine,2021-04-22,24,1398,0,35,24,1357,0,6,1,208,23,597,1,805,California
Alpine,2021-04-24,2,1400,2,37,0,1357,0,6,0,207,2,599,1,806,California
Alpine,2021-04-25,1,1401,1,38,0,1357,0,6,0,206,1,600,0,806,California
Alpine,2021-04-27,2,1403,1,39,1,1358,0,6,1,206,1,601,1,807,California
Alpine,2021-04-28,36,1439,0,39,36,1394,0,6,6,182,30,631,6,813,California
Alpine,2021-04-29,7,1446,1,40,6,1400,0,6,1,177,6,637,1,814,California
Alpine,2021-04-30,2,1448,1,41,0,1400,1,7,1,178,1,638,2,816,California
Alpine,2021-05-02,1,1449,0,41,0,1400,1,8,0,178,1,639,1,817,California
Alpine,2021-05-05,17,1466,0,41,17,1417,0,8,4,169,13,652,4,821,California
Alpine,2021-05-06,7,1473,0,41,7,1424,0,8,0,162,7,659,0,821,California
Alpine,2021-05-07,1,1474,0,41,1,1425,0,8,0,161,1,660,0,821,California
Amador,2020-12-16,2,2,2,2,0,0,0,0,2,2,0,0,2,2,California
Amador,2020-12-17,5,7,5,7,0,0,0,0,5,7,0,0,5,7,California
Amador,2020-12-18,45,52,45,52,0,0,0,0,45,52,0,0,45,52,California
Amador,2020-12-19,17,69,17,69,0,0,0,0,17,69,0,0,17,69,California
Amador,2020-12-20,4,73,4,73,0,0,0,0,4,73,0,0,4,73,California
Amador,2020-12-21,31,104,31,104,0,0,0,0,31,104,0,0,31,104,California
Amador,2020-12-22,35,139,34,138,1,1,0,0,35,139,0,0,35,139,California
Amador,2020-12-23,39,178,38,176,1,2,0,0,39,178,0,0,39,178,California
Amador,2020-12-24,5,183,3,179,2,4,0,0,5,183,0,0,5,183,California
Amador,2020-12-26,5,188,4,183,1,5,0,0,5,188,0,0,5,188,California
Amador,2020-12-27,1,189,0,183,1,6,0,0,1,189,0,0,1,189,California
Amador,2020-12-28,31,220,27,210,4,10,0,0,31,220,0,0,31,220,California
Amador,2020-12-29,26,246,19,229,7,17,0,0,26,246,0,0,26,246,California
Amador,2020-12-30,124,370,78,307,46,63,0,0,124,370,0,0,124,370,California
Amador,2020-12-31,191,561,166,473,25,88,0,0,191,561,0,0,191,561,California
Amador,2021-01-01,2,563,0,473,2,90,0,0,2,563,0,0,2,563,California
Amador,2021-01-02,56,619,56,529,0,90,0,0,56,619,0,0,56,619,California
Amador,2021-01-03,65,684,17,546,48,138,0,0,65,684,0,0,65,684,California
Amador,2021-01-04,124,808,1,547,123,261,0,0,124,808,0,0,124,808,California
Amador,2021-01-05,33,841,3,550,30,291,0,0,31,838,2,2,32,840,California
Amador,2021-01-06,40,881,10,560,30,321,0,0,36,870,4,6,36,876,California
Amador,2021-01-07,230,1111,69,629,161,482,0,0,218,1076,12,18,218,1094,California
Amador,2021-01-08,84,1195,70,699,14,496,0,0,40,1073,44,62,41,1135,California
Amador,2021-01-09,11,1206,11,710,0,496,0,0,2,1066,9,71,2,1137,California
Amador,2021-01-10,6,1212,4,714,2,498,0,0,2,1064,4,75,2,1139,California
Amador,2021-01-11,124,1336,44,758,80,578,0,0,87,1115,37,112,88,1227,California
Amador,2021-01-12,64,1400,49,807,15,593,0,0,40,1131,24,136,40,1267,California
Amador,2021-01-13,38,1438,23,830,15,608,0,0,26,1145,12,148,26,1293,California
Amador,2021-01-14,146,1584,20,850,126,734,0,0,136,1271,10,158,136,1429,California
Amador,2021-01-15,55,1639,24,874,31,765,0,0,48,1312,7,165,48,1477,California
Amador,2021-01-16,19,1658,12,886,7,772,0,0,13,1320,6,171,14,1491,California
Amador,2021-01-17,26,1684,6,892,20,792,0,0,26,1346,0,171,26,1517,California
Amador,2021-01-18,32,1716,28,920,4,796,0,0,10,1334,22,193,10,1527,California
Amador,2021-01-19,121,1837,96,1016,25,821,0,0,77,1367,44,237,77,1604,California
Amador,2021-01-20,184,2021,34,1050,150,971,0,0,168,1520,15,252,168,1772,California
Amador,2021-01-21,255,2276,224,1274,31,1002,0,0,145,1556,110,362,146,1918,California
Amador,2021-01-22,135,2411,73,1347,62,1064,0,0,128,1677,7,369,128,2046,California
Amador,2021-01-23,52,2463,32,1379,20,1084,0,0,50,1725,2,371,50,2096,California
Amador,2021-01-24,28,2491,12,1391,16,1100,0,0,25,1747,3,374,25,2121,California
Amador,2021-01-25,59,2550,28,1419,31,1131,0,0,42,1772,17,391,42,2163,California
Amador,2021-01-26,245,2795,17,1436,228,1359,0,0,235,1997,10,401,235,2398,California
Amador,2021-01-27,298,3093,31,1467,267,1626,0,0,251,2204,45,446,252,2650,California
Amador,2021-01-28,347,3440,77,1544,270,1896,0,0,286,2430,61,507,287,2937,California
Amador,2021-01-29,96,3536,31,1575,65,1961,0,0,81,2496,15,522,81,3018,California
Amador,2021-01-30,168,3704,35,1610,133,2094,0,0,163,2654,5,527,163,3181,California
Amador,2021-01-31,32,3736,28,1638,4,2098,0,0,31,2684,1,528,31,3212,California
Amador,2021-02-01,63,3799,23,1661,40,2138,0,0,36,2693,27,555,36,3248,California
Amador,2021-02-02,212,4011,63,1724,149,2287,0,0,126,2736,83,638,126,3374,California
Amador,2021-02-03,141,4152,38,1762,103,2390,0,0,90,2776,50,688,90,3464,California
Amador,2021-02-04,250,4402,74,1836,176,2566,0,0,164,2856,86,774,166,3630,California
Amador,2021-02-05,331,4733,63,1899,268,2834,0,0,315,3155,16,790,315,3945,California
Amador,2021-02-06,99,4832,80,1979,19,2853,0,0,95,3246,4,794,95,4040,California
Amador,2021-02-07,39,4871,35,2014,4,2857,0,0,35,3278,4,798,36,4076,California
Amador,2021-02-08,90,4961,62,2076,28,2885,0,0,73,3334,17,815,73,4149,California
Amador,2021-02-09,175,5136,83,2159,92,2977,0,0,110,3379,65,880,110,4259,California
Amador,2021-02-10,978,6114,80,2239,898,3875,0,0,945,4291,33,913,945,5204,California
Amador,2021-02-11,307,6421,119,2358,188,4063,0,0,201,4388,104,1017,201,5405,California
Amador,2021-02-12,327,6748,120,2478,207,4270,0,0,254,4569,73,1090,254,5659,California
Amador,2021-02-13,165,6913,81,2559,84,4354,0,0,139,4682,26,1116,139,5798,California
Amador,2021-02-14,123,7036,54,2613,69,4423,0,0,106,4771,17,1133,106,5904,California
Amador,2021-02-15,185,7221,60,2673,125,4548,0,0,168,4923,16,1149,168,6072,California
Amador,2021-02-16,464,7685,53,2726,411,4959,0,0,425,5310,39,1188,426,6498,California
Amador,2021-02-17,261,7946,82,2808,179,5138,0,0,165,5379,96,1284,165,6663,California
Amador,2021-02-18,398,8344,99,2907,299,5437,0,0,336,5654,62,1346,337,7000,California
Amador,2021-02-19,195,8539,77,2984,118,5555,0,0,112,5683,83,1429,112,7112,California
Amador,2021-02-20,94,8633,32,3016,62,5617,0,0,66,5721,28,1457,66,7178,California
Amador,2021-02-21,45,8678,34,3050,11,5628,0,0,15,5706,30,1487,15,7193,California
Amador,2021-02-22,65,8743,26,3076,39,5667,0,0,32,5706,32,1519,32,7225,California
Amador,2021-02-23,320,9063,54,3130,266,5933,0,0,140,5667,180,1699,141,7366,California
Amador,2021-02-24,394,9457,57,3187,337,6270,0,0,263,5803,127,1826,263,7629,California
Amador,2021-02-25,522,9979,117,3304,405,6675,0,0,280,5842,241,2067,280,7909,California
Amador,2021-02-26,612,10591,75,3379,537,7212,0,0,505,6241,107,2174,506,8415,California
Amador,2021-02-27,293,10884,93,3472,200,7412,0,0,103,6157,189,2363,105,8520,California
Amador,2021-02-28,102,10986,51,3523,51,7463,0,0,56,6169,46,2409,58,8578,California
Amador,2021-03-01,188,11174,66,3589,122,7585,0,0,119,6220,69,2478,120,8698,California
Amador,2021-03-02,379,11553,62,3651,317,7902,0,0,329,6500,50,2528,330,9028,California
Amador,2021-03-03,242,11795,79,3730,163,8065,0,0,167,6594,74,2602,168,9196,California
Amador,2021-03-04,496,12291,116,3846,380,8445,0,0,393,6885,102,2704,393,9589,California
Amador,2021-03-05,511,12802,77,3923,434,8879,0,0,293,6963,217,2921,295,9884,California
Amador,2021-03-06,99,12901,45,3968,53,8932,1,1,54,6973,45,2966,55,9939,California
Amador,2021-03-07,63,12964,42,4010,21,8953,0,1,20,6950,43,3009,20,9959,California
Amador,2021-03-08,152,13116,71,4081,80,9033,1,2,91,6981,61,3070,92,10051,California
Amador,2021-03-09,370,13486,50,4131,320,9353,0,2,292,7198,75,3145,292,10343,California
Amador,2021-03-10,511,13997,76,4207,433,9786,2,4,111,6912,400,3545,114,10457,California
Amador,2021-03-11,472,14469,116,4323,345,10131,11,15,299,7053,172,3717,313,10770,California
Amador,2021-03-12,568,15037,65,4388,495,10626,8,23,337,7173,230,3947,350,11120,California
Amador,2021-03-13,114,15151,18,4406,89,10715,7,30,74,7218,40,3987,85,11205,California
Amador,2021-03-14,89,15240,19,4425,67,10782,3,33,21,7174,68,4055,24,11229,California
Amador,2021-03-15,176,15416,25,4450,144,10926,7,40,53,7113,123,4178,62,11291,California
Amador,2021-03-16,448,15864,54,4504,384,11310,10,50,138,6953,308,4486,148,11439,California
Amador,2021-03-17,193,16057,43,4547,147,11457,3,53,116,6996,77,4563,120,11559,California
Amador,2021-03-18,476,16533,98,4645,374,11831,4,57,249,7027,227,4790,258,11817,California
Amador,2021-03-19,540,17073,56,4701,467,12298,17,74,391,7291,147,4937,411,12228,California
Amador,2021-03-20,110,17183,45,4746,64,12362,1,75,46,7277,63,5000,49,12277,California
Amador,2021-03-21,48,17231,36,4782,11,12373,1,76,31,7295,16,5016,34,12311,California
Amador,2021-03-22,113,17344,32,4814,52,12425,29,105,49,7309,64,5080,78,12389,California
Amador,2021-03-23,433,17777,47,4861,378,12803,8,113,276,7437,156,5236,284,12673,California
Amador,2021-03-24,342,18119,35,4896,54,12857,253,366,34,7417,307,5543,287,12960,California
Amador,2021-03-25,602,18721,81,4977,515,13372,6,372,391,7604,210,5753,397,13357,California
Amador,2021-03-26,741,19462,45,5022,690,14062,6,378,282,7438,457,6210,291,13648,California
Amador,2021-03-27,91,19553,15,5037,74,14136,2,380,27,7405,64,6274,31,13679,California
Amador,2021-03-28,67,19620,14,5051,51,14187,2,382,13,7368,53,6327,16,13695,California
Amador,2021-03-29,180,19800,26,5077,153,14340,1,383,81,7358,97,6424,87,13782,California
Amador,2021-03-30,532,20332,28,5105,503,14843,1,384,295,7418,236,6660,296,14078,California
Amador,2021-03-31,199,20531,56,5161,138,14981,5,389,43,7310,156,6816,48,14126,California
Amador,2021-04-01,614,21145,88,5249,526,15507,0,389,264,7228,348,7164,266,14392,California
Amador,2021-04-02,604,21749,36,5285,556,16063,12,401,383,7404,220,7384,396,14788,California
Amador,2021-04-03,83,21832,19,5304,44,16107,20,421,20,7383,63,7447,42,14830,California
Amador,2021-04-04,38,21870,3,5307,29,16136,6,427,15,7381,23,7470,21,14851,California
Amador,2021-04-05,143,22013,52,5359,74,16210,17,444,48,7354,94,7564,67,14918,California
Amador,2021-04-06,501,22514,37,5396,445,16655,19,463,221,7316,278,7842,240,15158,California
Amador,2021-04-07,99,22613,34,5430,46,16701,19,482,43,7324,54,7896,62,15220,California
Amador,2021-04-08,494,23107,84,5514,389,17090,21,503,221,7294,272,8168,242,15462,California
Amador,2021-04-09,481,23588,21,5535,441,17531,19,522,212,7255,268,8436,229,15691,California
Amador,2021-04-10,50,23638,14,5549,27,17558,9,531,22,7258,28,8464,31,15722,California
Amador,2021-04-11,49,23687,24,5573,21,17579,4,535,23,7259,26,8490,27,15749,California
Amador,2021-04-12,96,23783,24,5597,62,17641,10,545,40,7253,56,8546,50,15799,California
Amador,2021-04-13,344,24127,50,5647,294,17935,0,545,68,7046,275,8821,68,15867,California
Amador,2021-04-14,276,24403,26,5673,250,18185,0,545,175,7121,100,8921,175,16042,California
Amador,2021-04-15,329,24732,72,5745,257,18442,0,545,73,6943,251,9172,73,16115,California
Amador,2021-04-16,482,25214,29,5774,453,18895,0,545,384,7231,96,9268,384,16499,California
Amador,2021-04-17,61,25275,35,5809,26,18921,0,545,27,7224,34,9302,27,16526,California
Amador,2021-04-18,25,25300,5,5814,20,18941,0,545,11,7221,14,9316,11,16537,California
Amador,2021-04-19,69,25369,27,5841,42,18983,0,545,31,7217,37,9353,33,16570,California
Amador,2021-04-20,436,25805,54,5895,382,19365,0,545,111,7012,318,9671,113,16683,California
Amador,2021-04-21,86,25891,34,5929,52,19417,0,545,44,7015,41,9712,44,16727,California
Amador,2021-04-22,492,26383,73,6002,418,19835,1,546,104,6739,381,10093,105,16832,California
Amador,2021-04-23,356,26739,44,6046,312,20147,0,546,286,6958,69,10162,288,17120,California
Amador,2021-04-24,45,26784,23,6069,22,20169,0,546,25,6963,20,10182,25,17145,California
Amador,2021-04-25,37,26821,19,6088,18,20187,0,546,25,6976,12,10194,25,17170,California
Amador,2021-04-26,80,26901,25,6113,54,20241,1,547,39,6976,40,10234,40,17210,California
Amador,2021-04-27,482,27383,36,6149,446,20687,0,547,81,6659,399,10633,82,17292,California
Amador,2021-04-28,66,27449,28,6177,34,20721,4,551,38,6673,28,10661,42,17334,California
Amador,2021-04-29,218,27667,66,6243,44,20765,108,659,61,6684,157,10818,168,17502,California
Amador,2021-04-30,336,28003,26,6269,306,21071,4,663,95,6542,241,11059,99,17601,California
Amador,2021-05-01,43,28046,17,6286,22,21093,4,667,23,6551,18,11077,27,17628,California
Amador,2021-05-02,26,28072,14,6300,9,21102,3,670,9,6547,17,11094,13,17641,California
Amador,2021-05-03,66,28138,32,6332,24,21126,10,680,27,6545,39,11133,37,17678,California
Amador,2021-05-04,462,28600,23,6355,434,21560,5,685,68,6224,394,11527,73,17751,California
Amador,2021-05-05,199,28799,154,6509,37,21597,8,693,162,6357,37,11564,170,17921,California
Amador,2021-05-06,107,28906,54,6563,48,21645,5,698,63,6382,43,11607,68,17989,California
Amador,2021-05-07,126,29032,29,6592,90,21735,7,705,67,6397,59,11666,74,18063,California
Amador,2021-05-08,41,29073,7,6599,30,21765,4,709,18,6396,23,11689,22,18085,California
Amador,2021-05-09,16,29089,0,6599,10,21775,6,715,5,6396,11,11700,11,18096,California
Amador,2021-05-10,36,29125,14,6613,22,21797,0,715,19,6398,17,11717,19,18115,California
Butte,2020-12-16,3,3,3,3,0,0,0,0,3,3,0,0,3,3,California
Butte,2020-12-17,21,24,21,24,0,0,0,0,21,24,0,0,21,24,California
Butte,2020-12-18,50,74,50,74,0,0,0,0,50,74,0,0,50,74,California
Butte,2020-12-19,7,81,7,81,0,0,0,0,7,81,0,0,7,81,California
Butte,2020-12-20,10,91,10,91,0,0,0,0,10,91,0,0,10,91,California
Butte,2020-12-21,634,725,634,725,0,0,0,0,634,725,0,0,634,725,California
Butte,2020-12-22,618,1343,616,1341,2,2,0,0,618,1343,0,0,618,1343,California
Butte,2020-12-23,869,2212,853,2194,16,18,0,0,869,2212,0,0,869,2212,California
Butte,2020-12-24,159,2371,155,2349,4,22,0,0,159,2371,0,0,159,2371,California
Butte,2020-12-26,93,2464,91,2440,2,24,0,0,93,2464,0,0,93,2464,California
Butte,2020-12-27,35,2499,34,2474,1,25,0,0,35,2499,0,0,35,2499,California
Butte,2020-12-28,279,2778,273,2747,6,31,0,0,279,2778,0,0,279,2778,California
Butte,2020-12-29,203,2981,179,2926,24,55,0,0,203,2981,0,0,203,2981,California
Butte,2020-12-30,513,3494,291,3217,222,277,0,0,513,3494,0,0,513,3494,California
Butte,2020-12-31,211,3705,18,3235,193,470,0,0,211,3705,0,0,211,3705,California
Butte,2021-01-01,8,3713,1,3236,7,477,0,0,8,3713,0,0,8,3713,California
Butte,2021-01-02,41,3754,38,3274,3,480,0,0,41,3754,0,0,41,3754,California
Butte,2021-01-03,4,3758,1,3275,3,483,0,0,4,3758,0,0,4,3758,California
Butte,2021-01-04,208,3966,175,3450,33,516,0,0,208,3966,0,0,208,3966,California
Butte,2021-01-05,196,4162,151,3601,45,561,0,0,195,4160,1,1,195,4161,California
Butte,2021-01-06,623,4785,397,3998,226,787,0,0,618,4774,5,6,619,4780,California
Butte,2021-01-07,761,5546,369,4367,392,1179,0,0,741,5495,20,26,741,5521,California
Butte,2021-01-08,668,6214,529,4896,139,1318,0,0,622,6071,46,72,622,6143,California
Butte,2021-01-09,12,6226,7,4903,5,1323,0,0,7,6073,5,77,7,6150,California
Butte,2021-01-10,19,6245,5,4908,14,1337,0,0,14,6082,5,82,14,6164,California
Butte,2021-01-11,985,7230,949,5857,36,1373,0,0,357,5814,628,710,360,6524,California
Butte,2021-01-12,698,7928,653,6510,45,1418,0,0,274,5664,424,1134,274,6798,California
Butte,2021-01-13,1449,9377,955,7465,494,1912,0,0,615,5447,834,1968,617,7415,California
Butte,2021-01-14,1635,11012,894,8359,741,2653,0,0,1439,6691,195,2163,1439,8854,California
Butte,2021-01-15,1167,12179,925,9284,242,2895,0,0,1058,7639,110,2273,1058,9912,California
Butte,2021-01-16,586,12765,300,9584,286,3181,0,0,541,8135,45,2318,541,10453,California
Butte,2021-01-17,239,13004,64,9648,175,3356,0,0,202,8300,37,2355,202,10655,California
Butte,2021-01-18,344,13348,302,9950,42,3398,0,0,276,8509,67,2422,276,10931,California
Butte,2021-01-19,498,13846,433,10383,65,3463,0,0,225,8461,273,2695,225,11156,California
Butte,2021-01-20,1369,15215,688,11071,681,4144,0,0,1066,9224,303,2998,1066,12222,California
Butte,2021-01-21,1474,16689,866,11937,608,4752,0,0,1366,10483,107,3105,1366,13588,California
Butte,2021-01-22,1135,17824,476,12413,659,5411,0,0,1082,11512,53,3158,1082,14670,California
Butte,2021-01-23,129,17953,87,12500,42,5453,0,0,103,11589,26,3184,103,14773,California
Butte,2021-01-24,9,17962,7,12507,2,5455,0,0,9,11598,0,3184,9,14782,California
Butte,2021-01-25,655,18617,335,12842,320,5775,0,0,492,11927,163,3347,492,15274,California
Butte,2021-01-26,1468,20085,377,13219,1091,6866,0,0,1331,13121,137,3484,1331,16605,California
Butte,2021-01-27,2091,22176,705,13924,1386,8252,0,0,1362,13755,728,4212,1362,17967,California
Butte,2021-01-28,2260,24436,260,14184,2000,10252,0,0,1950,15396,309,4521,1950,19917,California
Butte,2021-01-29,1686,26122,487,14671,1199,11451,0,0,1307,16325,378,4899,1307,21224,California
Butte,2021-01-30,32,26154,9,14680,23,11474,0,0,29,16351,3,4902,29,21253,California
Butte,2021-01-31,16,26170,14,14694,2,11476,0,0,15,16365,1,4903,15,21268,California
Butte,2021-02-01,1749,27919,406,15100,1343,12819,0,0,1361,17340,386,5289,1361,22629,California
Butte,2021-02-02,1931,29850,363,15463,1568,14387,0,0,1628,18664,304,5593,1628,24257,California
Butte,2021-02-03,2732,32582,771,16234,1961,16348,0,0,1842,19618,888,6481,1842,26099,California
Butte,2021-02-04,2958,35540,327,16561,2631,18979,0,0,2402,21466,554,7035,2402,28501,California
Butte,2021-02-05,1264,36804,662,17223,602,19581,0,0,548,21299,716,7751,549,29050,California
Butte,2021-02-06,144,36948,103,17326,41,19622,0,0,62,21279,82,7833,62,29112,California
Butte,2021-02-07,37,36985,33,17359,4,19626,0,0,13,21268,24,7857,13,29125,California
Butte,2021-02-08,691,37676,542,17901,149,19775,0,0,238,21053,453,8310,238,29363,California
Butte,2021-02-09,953,38629,459,18360,494,20269,0,0,723,21546,230,8540,723,30086,California
Butte,2021-02-10,1706,40335,1190,19550,516,20785,0,0,675,21192,1029,9569,675,30761,California
Butte,2021-02-11,2202,42537,1349,20899,853,21638,0,0,1006,21002,1196,10765,1006,31767,California
Butte,2021-02-12,1001,43538,433,21332,568,22206,0,0,330,20662,670,11435,330,32097,California
Butte,2021-02-13,252,43790,44,21376,208,22414,0,0,150,20710,102,11537,150,32247,California
Butte,2021-02-14,161,43951,9,21385,152,22566,0,0,156,20861,5,11542,156,32403,California
Butte,2021-02-15,263,44214,47,21432,216,22782,0,0,198,20994,65,11607,198,32601,California
Butte,2021-02-16,734,44948,433,21865,301,23083,0,0,275,20809,460,12067,275,32876,California
Butte,2021-02-17,1515,46463,848,22713,667,23750,0,0,842,20980,671,12738,842,33718,California
Butte,2021-02-18,1554,48017,760,23473,794,24544,0,0,747,20920,807,13545,747,34465,California
Butte,2021-02-19,1166,49183,387,23860,779,25323,0,0,401,20563,758,14303,401,34866,California
Butte,2021-02-20,475,49658,29,23889,446,25769,0,0,122,20333,352,14655,122,34988,California
Butte,2021-02-21,16,49674,14,23903,2,25771,0,0,11,20339,5,14660,11,34999,California
Butte,2021-02-22,1498,51172,296,24199,1202,26973,0,0,380,19604,1115,15775,380,35379,California
Butte,2021-02-23,1633,52805,297,24496,1336,28309,0,0,463,18902,1165,16940,463,35842,California
Butte,2021-02-24,2135,54940,596,25092,1539,29848,0,0,728,18231,1399,18339,728,36570,California
Butte,2021-02-25,2073,57013,575,25667,1498,31346,0,0,651,17466,1417,19756,652,37222,California
Butte,2021-02-26,921,57934,311,25978,610,31956,0,0,398,17344,520,20276,398,37620,California
Butte,2021-02-27,235,58169,48,26026,187,32143,0,0,186,17483,47,20323,186,37806,California
Butte,2021-02-28,140,58309,16,26042,124,32267,0,0,132,17607,8,20331,132,37938,California
Butte,2021-03-01,1628,59937,178,26220,1449,33716,1,1,328,16639,1297,21628,329,38267,California
Butte,2021-03-02,1742,61679,196,26416,1546,35262,0,1,309,15519,1429,23057,309,38576,California
Butte,2021-03-03,2783,64462,848,27264,1935,37197,0,1,482,13701,2300,25357,482,39058,California
Butte,2021-03-04,3141,67603,678,27942,2463,39660,0,1,622,11805,2518,27875,622,39680,California
Butte,2021-03-05,1349,68952,617,28559,731,40391,1,2,736,11932,610,28485,737,40417,California
Butte,2021-03-06,247,69199,27,28586,197,40588,23,25,186,12081,60,28545,209,40626,California
Butte,2021-03-07,55,69254,3,28589,35,40623,17,42,30,12103,25,28570,47,40673,California
Butte,2021-03-08,1265,70519,129,28718,1059,41682,77,119,1100,13118,162,28732,1177,41850,California
Butte,2021-03-09,1900,72419,279,28997,1518,43200,103,222,1413,14149,485,29217,1516,43366,California
Butte,2021-03-10,2320,74739,965,29962,1255,44455,100,322,1579,15091,736,29953,1678,45044,California
Butte,2021-03-11,2806,77545,1313,31275,1367,45822,126,448,1981,16384,814,30767,2107,47151,California
Butte,2021-03-12,1144,78689,329,31604,466,46288,349,797,355,16305,783,31550,704,47855,California
Butte,2021-03-13,253,78942,67,31671,137,46425,49,846,64,16228,189,31739,112,47967,California
Butte,2021-03-14,161,79103,15,31686,104,46529,42,888,21,16152,139,31878,63,48030,California
Butte,2021-03-15,1718,80821,359,32045,1066,47595,293,1181,1125,16982,588,32466,1418,49448,California
Butte,2021-03-16,1630,82451,417,32462,1135,48730,78,1259,1090,17612,537,33003,1167,50615,California
Butte,2021-03-17,1952,84403,1358,33820,513,49243,81,1340,1134,18016,810,33813,1214,51829,California
Butte,2021-03-18,1800,86203,1457,35277,214,49457,129,1469,1061,18472,733,34546,1189,53018,California
Butte,2021-03-19,698,86901,312,35589,302,49759,84,1553,345,18557,344,34890,429,53447,California
Butte,2021-03-20,205,87106,32,35621,157,49916,16,1569,93,18554,112,35002,109,53556,California
Butte,2021-03-21,58,87164,27,35648,2,49918,29,1598,15,18555,43,35045,44,53600,California
Butte,2021-03-22,1461,88625,353,36001,1014,50932,94,1692,1196,19582,263,35308,1290,54890,California
Butte,2021-03-23,1805,90430,493,36494,1198,52130,114,1806,1455,20804,347,35655,1569,56459,California
Butte,2021-03-24,2247,92677,1266,37760,855,52985,126,1932,1701,22088,542,36197,1826,58285,California
Butte,2021-03-25,1486,94163,1202,38962,192,53177,92,2024,1021,22740,461,36658,1113,59398,California
Butte,2021-03-26,1212,95375,442,39404,524,53701,246,2270,567,22916,637,37295,813,60211,California
Butte,2021-03-27,299,95674,83,39487,192,53893,24,2294,132,22906,164,37459,154,60365,California
Butte,2021-03-28,226,95900,43,39530,175,54068,8,2302,101,22892,122,37581,108,60473,California
Butte,2021-03-29,1721,97621,381,39911,1270,55338,70,2372,1306,23858,410,37991,1376,61849,California
Butte,2021-03-30,1041,98662,471,40382,480,55818,90,2462,498,23909,537,38528,588,62437,California
Butte,2021-03-31,1776,100438,1304,41686,405,56223,67,2529,1087,24380,683,39211,1154,63591,California
Butte,2021-04-01,3275,103713,2663,44349,485,56708,127,2656,2207,25652,1063,40274,2335,65926,California
Butte,2021-04-02,997,104710,417,44766,460,57168,120,2776,558,25897,431,40705,676,66602,California
Butte,2021-04-03,345,105055,46,44812,224,57392,75,2851,166,25959,179,40884,241,66843,California
Butte,2021-04-04,184,105239,23,44835,138,57530,23,2874,106,26012,76,40960,129,66972,California
Butte,2021-04-05,1957,107196,421,45256,1366,58896,170,3044,598,25427,1352,42312,767,67739,California
Butte,2021-04-06,2188,109384,617,45873,1151,60047,420,3464,790,25243,1392,43704,1208,68947,California
Butte,2021-04-07,3006,112390,1312,47185,1302,61349,392,3856,696,24027,2304,46008,1088,70035,California
Butte,2021-04-08,2723,115113,1189,48374,1269,62618,265,4121,440,22452,2280,48288,705,70740,California
Butte,2021-04-09,1364,116477,346,48720,538,63156,480,4601,326,22220,1035,49323,803,71543,California
Butte,2021-04-10,217,116694,47,48767,74,63230,96,4697,96,22291,120,49443,191,71734,California
Butte,2021-04-11,103,116797,42,48809,51,63281,10,4707,79,22358,22,49465,89,71823,California
Butte,2021-04-12,1408,118205,316,49125,959,64240,133,4840,254,21591,1154,50619,387,72210,California
Butte,2021-04-13,1635,119840,569,49694,1060,65300,6,4846,346,20662,1282,51901,353,72563,California
Butte,2021-04-14,2829,122669,2339,52033,490,65790,0,4846,1313,20465,1511,53412,1314,73877,California
Butte,2021-04-15,634,123303,390,52423,244,66034,0,4846,480,20794,151,53563,480,74357,California
Butte,2021-04-16,807,124110,414,52837,393,66427,0,4846,473,20936,331,53894,473,74830,California
Butte,2021-04-17,338,124448,61,52898,277,66704,0,4846,236,21072,100,53994,236,75066,California
Butte,2021-04-18,38,124486,8,52906,30,66734,0,4846,34,21102,4,53998,34,75100,California
Butte,2021-04-19,1558,126044,380,53286,1178,67912,0,4846,447,20442,1107,55105,447,75547,California
Butte,2021-04-20,1969,128013,717,54003,1252,69164,0,4846,777,20033,1186,56291,777,76324,California
Butte,2021-04-21,2049,130062,1165,55168,884,70048,0,4846,480,18950,1563,57854,480,76804,California
Butte,2021-04-22,2187,132249,1909,57077,278,70326,0,4846,613,17993,1570,59424,613,77417,California
Butte,2021-04-23,937,133186,437,57514,500,70826,0,4846,488,18033,448,59872,488,77905,California
Butte,2021-04-24,345,133531,138,57652,207,71033,0,4846,191,18070,154,60026,191,78096,California
Butte,2021-04-25,171,133702,67,57719,104,71137,0,4846,63,18025,108,60134,63,78159,California
Butte,2021-04-26,1467,135169,408,58127,1054,72191,5,4851,409,17384,1055,61189,414,78573,California
Butte,2021-04-27,904,136073,613,58740,263,72454,28,4879,546,17604,354,61543,574,79147,California
Butte,2021-04-28,1391,137464,935,59675,432,72886,24,4903,498,17238,888,62431,522,79669,California
Butte,2021-04-29,874,138338,538,60213,311,73197,25,4928,294,16981,576,63007,319,79988,California
Butte,2021-04-30,886,139224,383,60596,483,73680,20,4948,451,17020,431,63438,470,80458,California
Butte,2021-05-01,239,139463,64,60660,156,73836,19,4967,72,16945,166,63604,91,80549,California
Butte,2021-05-02,146,139609,60,60720,73,73909,13,4980,42,16896,104,63708,55,80604,California
Butte,2021-05-03,606,140215,247,60967,326,74235,33,5013,152,16637,444,64152,185,80789,California
Butte,2021-05-04,809,141024,308,61275,467,74702,34,5047,205,16277,598,64750,238,81027,California
Butte,2021-05-05,1333,142357,1090,62365,206,74908,37,5084,272,15529,1057,65807,309,81336,California
Butte,2021-05-06,904,143261,643,63008,218,75126,43,5127,341,15354,559,66366,384,81720,California
Butte,2021-05-07,571,143832,298,63306,235,75361,38,5165,290,15404,278,66644,328,82048,California
Butte,2021-05-08,165,143997,31,63337,123,75484,11,5176,87,15425,77,66721,98,82146,California
Butte,2021-05-09,85,144082,16,63353,66,75550,3,5179,42,15427,43,66764,45,82191,California
Butte,2021-05-10,406,144488,287,63640,97,75647,22,5201,165,15377,237,67001,187,82378,California
Calaveras,2020-12-16,5,5,5,5,0,0,0,0,5,5,0,0,5,5,California
Calaveras,2020-12-17,3,8,3,8,0,0,0,0,3,8,0,0,3,8,California
Calaveras,2020-12-18,38,46,38,46,0,0,0,0,38,46,0,0,38,46,California
Calaveras,2020-12-19,3,49,3,49,0,0,0,0,3,49,0,0,3,49,California
Calaveras,2020-12-20,3,52,3,52,0,0,0,0,3,52,0,0,3,52,California
Calaveras,2020-12-21,55,107,48,100,7,7,0,0,55,107,0,0,55,107,California
Calaveras,2020-12-22,82,189,78,178,4,11,0,0,83,190,0,0,83,190,California
Calaveras,2020-12-23,76,265,74,252,2,13,0,0,76,266,0,0,76,266,California
Calaveras,2020-12-24,2,267,2,254,0,13,0,0,2,268,0,0,2,268,California
Calaveras,2020-12-26,3,270,3,257,0,13,0,0,3,271,0,0,3,271,California
Calaveras,2020-12-28,22,292,18,275,4,17,0,0,21,291,1,1,21,292,California
Calaveras,2020-12-29,167,459,147,422,20,37,0,0,167,458,0,1,167,459,California
Calaveras,2020-12-30,93,552,81,503,12,49,0,0,93,551,0,1,93,552,California
Calaveras,2020-12-31,35,587,25,528,10,59,0,0,35,586,0,1,35,587,California
Calaveras,2021-01-02,11,598,11,539,0,59,0,0,11,597,0,1,11,598,California
Calaveras,2021-01-03,10,608,4,543,6,65,0,0,10,607,0,1,10,608,California
Calaveras,2021-01-04,33,641,5,548,28,93,0,0,33,640,0,1,33,641,California
Calaveras,2021-01-05,40,681,9,557,31,124,0,0,32,669,8,9,37,678,California
Calaveras,2021-01-06,107,788,30,587,77,201,0,0,97,756,10,19,97,775,California
Calaveras,2021-01-07,105,893,26,613,79,280,0,0,92,838,11,30,93,868,California
Calaveras,2021-01-08,68,961,38,651,30,310,0,0,45,861,23,53,46,914,California
Calaveras,2021-01-09,5,966,5,656,0,310,0,0,2,860,3,56,2,916,California
Calaveras,2021-01-10,2,968,0,656,2,312,0,0,2,862,0,56,2,918,California
Calaveras,2021-01-11,65,1033,59,715,6,318,0,0,27,854,37,93,29,947,California
Calaveras,2021-01-12,85,1118,52,767,33,351,0,0,52,874,33,126,53,1000,California
Calaveras,2021-01-13,109,1227,44,811,65,416,0,0,75,916,34,160,76,1076,California
Calaveras,2021-01-14,138,1365,41,852,97,513,0,0,105,990,32,192,106,1182,California
Calaveras,2021-01-15,91,1456,29,881,62,575,0,0,71,1041,20,212,71,1253,California
Calaveras,2021-01-16,13,1469,2,883,11,586,0,0,12,1052,1,213,12,1265,California
Calaveras,2021-01-17,9,1478,1,884,8,594,0,0,9,1061,0,213,9,1274,California
Calaveras,2021-01-18,132,1610,19,903,113,707,0,0,119,1170,13,226,122,1396,California
Calaveras,2021-01-19,203,1813,173,1076,30,737,0,0,62,1093,140,366,63,1459,California
Calaveras,2021-01-20,376,2189,82,1158,294,1031,0,0,290,1308,85,451,300,1759,California
Calaveras,2021-01-21,462,2651,40,1198,422,1453,0,0,434,1720,28,479,440,2199,California
Calaveras,2021-01-22,401,3052,23,1221,378,1831,0,0,390,2107,11,490,398,2597,California
Calaveras,2021-01-23,22,3074,10,1231,12,1843,0,0,18,2121,4,494,18,2615,California
Calaveras,2021-01-24,13,3087,8,1239,5,1848,0,0,11,2130,2,496,11,2626,California
Calaveras,2021-01-25,85,3172,8,1247,77,1925,0,0,80,2205,5,501,80,2706,California
Calaveras,2021-01-26,47,3219,15,1262,32,1957,0,0,39,2236,8,509,39,2745,California
Calaveras,2021-01-27,133,3352,43,1305,90,2047,0,0,105,2314,27,536,105,2850,California
Calaveras,2021-01-28,164,3516,24,1329,140,2187,0,0,141,2435,23,559,144,2994,California
Calaveras,2021-01-29,386,3902,13,1342,373,2560,0,0,361,2780,25,584,370,3364,California
Calaveras,2021-01-30,27,3929,10,1352,17,2577,0,0,25,2805,0,584,25,3389,California
Calaveras,2021-01-31,6,3935,4,1356,2,2579,0,0,5,2809,1,585,5,3394,California
Calaveras,2021-02-01,24,3959,11,1367,13,2592,0,0,17,2819,7,592,17,3411,California
Calaveras,2021-02-02,109,4068,22,1389,87,2679,0,0,71,2857,34,626,72,3483,California
Calaveras,2021-02-03,429,4497,42,1431,387,3066,0,0,346,3122,82,708,347,3830,California
Calaveras,2021-02-04,379,4876,24,1455,355,3421,0,0,295,3335,84,792,297,4127,California
Calaveras,2021-02-05,78,4954,22,1477,56,3477,0,0,40,3338,38,830,41,4168,California
Calaveras,2021-02-06,21,4975,12,1489,9,3486,0,0,21,3359,0,830,21,4189,California
Calaveras,2021-02-07,4,4979,1,1490,3,3489,0,0,2,3359,2,832,2,4191,California
Calaveras,2021-02-08,38,5017,17,1507,21,3510,0,0,30,3383,6,838,30,4221,California
Calaveras,2021-02-09,193,5210,77,1584,116,3626,0,0,131,3459,56,894,132,4353,California
Calaveras,2021-02-10,513,5723,31,1615,482,4108,0,0,442,3834,71,965,446,4799,California
Calaveras,2021-02-11,583,6306,81,1696,502,4610,0,0,473,4203,107,1072,476,5275,California
Calaveras,2021-02-12,570,6876,325,2021,245,4855,0,0,494,4625,74,1146,496,5771,California
Calaveras,2021-02-13,193,7069,37,2058,156,5011,0,0,178,4788,15,1161,178,5949,California
Calaveras,2021-02-14,221,7290,71,2129,150,5161,0,0,206,4980,14,1175,206,6155,California
Calaveras,2021-02-15,383,7673,23,2152,360,5521,0,0,263,5126,117,1292,263,6418,California
Calaveras,2021-02-16,267,7940,143,2295,124,5645,0,0,231,5321,36,1328,231,6649,California
Calaveras,2021-02-17,509,8449,38,2333,471,6116,0,0,211,5244,289,1617,212,6861,California
Calaveras,2021-02-18,499,8948,91,2424,408,6524,0,0,99,4954,389,2006,99,6960,California
Calaveras,2021-02-19,440,9388,43,2467,397,6921,0,0,98,4720,332,2338,98,7058,California
Calaveras,2021-02-20,59,9447,15,2482,44,6965,0,0,48,4757,11,2349,48,7106,California
Calaveras,2021-02-21,23,9470,14,2496,9,6974,0,0,19,4772,4,2353,19,7125,California
Calaveras,2021-02-22,62,9532,38,2534,24,6998,0,0,33,4776,29,2382,33,7158,California
Calaveras,2021-02-23,125,9657,40,2574,85,7083,0,0,89,4830,36,2418,90,7248,California
Calaveras,2021-02-24,96,9753,47,2621,49,7132,0,0,66,4867,29,2447,66,7314,California
Calaveras,2021-02-25,550,10303,99,2720,451,7583,0,0,359,5039,187,2634,359,7673,California
Calaveras,2021-02-26,705,11008,46,2766,659,8242,0,0,369,5090,320,2954,371,8044,California
Calaveras,2021-02-27,205,11213,22,2788,183,8425,0,0,181,5247,24,2978,181,8225,California
Calaveras,2021-02-28,99,11312,16,2804,83,8508,0,0,93,5335,5,2983,93,8318,California
Calaveras,2021-03-01,226,11538,40,2844,186,8694,0,0,146,5404,78,3061,147,8465,California
Calaveras,2021-03-02,247,11785,96,2940,151,8845,0,0,201,5563,43,3104,202,8667,California
Calaveras,2021-03-03,510,12295,103,3043,407,9252,0,0,213,5484,292,3396,213,8880,California
Calaveras,2021-03-04,739,13034,64,3107,674,9926,1,1,351,5456,380,3776,352,9232,California
Calaveras,2021-03-05,456,13490,271,3378,181,10107,4,5,141,5290,311,4087,145,9377,California
Calaveras,2021-03-06,155,13645,42,3420,107,10214,6,11,122,5385,33,4120,128,9505,California
Calaveras,2021-03-07,75,13720,32,3452,36,10250,7,18,34,5385,41,4161,41,9546,California
Calaveras,2021-03-08,161,13881,26,3478,127,10377,8,26,127,5487,33,4194,135,9681,California
Calaveras,2021-03-09,360,14241,136,3614,218,10595,6,32,32,5200,325,4519,38,9719,California
Calaveras,2021-03-10,417,14658,29,3643,385,10980,3,35,57,4905,355,4874,60,9779,California
Calaveras,2021-03-11,845,15503,418,4061,414,11394,13,48,429,4935,412,5286,442,10221,California
Calaveras,2021-03-12,399,15902,212,4273,177,11571,10,58,325,5203,73,5359,341,10562,California
Calaveras,2021-03-13,176,16078,16,4289,152,11723,8,66,142,5322,33,5392,152,10714,California
Calaveras,2021-03-14,155,16233,10,4299,144,11867,1,67,17,5209,138,5530,25,10739,California
Calaveras,2021-03-15,332,16565,49,4348,257,12124,26,93,53,5014,278,5808,83,10822,California
Calaveras,2021-03-16,685,17250,550,4898,115,12239,20,113,545,5441,138,5946,565,11387,California
Calaveras,2021-03-17,279,17529,52,4950,213,12452,14,127,51,5281,226,6172,66,11453,California
Calaveras,2021-03-18,665,18194,570,5520,80,12532,15,142,550,5733,115,6287,567,12020,California
Calaveras,2021-03-19,231,18425,50,5570,107,12639,74,216,56,5691,171,6458,129,12149,California
Calaveras,2021-03-20,80,18505,21,5591,58,12697,1,217,23,5659,57,6515,25,12174,California
Calaveras,2021-03-21,48,18553,31,5622,6,12703,11,228,12,5646,36,6551,23,12197,California
Calaveras,2021-03-22,79,18632,36,5658,22,12725,21,249,25,5638,54,6605,46,12243,California
Calaveras,2021-03-23,292,18924,204,5862,78,12803,10,259,114,5592,170,6775,124,12367,California
Calaveras,2021-03-24,132,19056,50,5912,72,12875,10,269,43,5557,88,6863,53,12420,California
Calaveras,2021-03-25,739,19795,100,6012,636,13511,3,272,446,5716,290,7153,449,12869,California
Calaveras,2021-03-26,426,20221,28,6040,392,13903,6,278,89,5479,334,7487,97,12966,California
Calaveras,2021-03-27,212,20433,19,6059,189,14092,4,282,37,5350,172,7659,43,13009,California
Calaveras,2021-03-28,112,20545,12,6071,98,14190,2,284,8,5258,103,7762,11,13020,California
Calaveras,2021-03-29,176,20721,22,6093,151,14341,3,287,57,5202,117,7879,61,13081,California
Calaveras,2021-03-30,531,21252,24,6117,490,14831,17,304,355,5399,175,8054,372,13453,California
Calaveras,2021-03-31,322,21574,140,6257,172,15003,10,314,156,5400,166,8220,167,13620,California
Calaveras,2021-04-01,682,22256,440,6697,241,15244,1,315,184,5091,497,8717,188,13808,California
Calaveras,2021-04-02,394,22650,231,6928,155,15399,8,323,118,4945,273,8990,127,13935,California
Calaveras,2021-04-03,144,22794,33,6961,107,15506,4,327,39,4883,105,9095,43,13978,California
Calaveras,2021-04-04,78,22872,25,6986,53,15559,0,327,50,4905,28,9123,50,14028,California
Calaveras,2021-04-05,208,23080,79,7065,120,15679,9,336,99,4905,109,9232,109,14137,California
Calaveras,2021-04-06,650,23730,573,7638,64,15743,13,349,111,4493,536,9768,124,14261,California
Calaveras,2021-04-07,755,24485,657,8295,62,15805,36,385,618,5011,137,9905,655,14916,California
Calaveras,2021-04-08,944,25429,854,9149,69,15874,21,406,435,4962,507,10412,458,15374,California
Calaveras,2021-04-09,153,25582,57,9206,48,15922,48,454,56,4971,96,10508,105,15479,California
Calaveras,2021-04-10,188,25770,42,9248,128,16050,18,472,147,5096,41,10549,166,15645,California
Calaveras,2021-04-11,69,25839,44,9292,23,16073,2,474,48,5125,21,10570,50,15695,California
Calaveras,2021-04-12,103,25942,46,9338,38,16111,19,493,54,5150,49,10619,74,15769,California
Calaveras,2021-04-13,422,26364,367,9705,55,16166,0,493,363,5458,57,10676,365,16134,California
Calaveras,2021-04-14,181,26545,28,9733,153,16319,0,493,135,5548,46,10722,136,16270,California
Calaveras,2021-04-15,336,26881,287,10020,49,16368,0,493,253,5721,80,10802,253,16523,California
Calaveras,2021-04-16,98,26979,24,10044,74,16442,0,493,46,5719,48,10850,46,16569,California
Calaveras,2021-04-17,330,27309,128,10172,202,16644,0,493,288,5966,41,10891,288,16857,California
Calaveras,2021-04-18,18,27327,5,10177,13,16657,0,493,11,5970,7,10898,11,16868,California
Calaveras,2021-04-19,67,27394,25,10202,42,16699,0,493,40,5985,26,10924,41,16909,California
Calaveras,2021-04-20,258,27652,92,10294,166,16865,0,493,193,6115,63,10987,193,17102,California
Calaveras,2021-04-21,211,27863,143,10437,68,16933,0,493,84,6075,125,11112,85,17187,California
Calaveras,2021-04-22,539,28402,93,10530,446,17379,0,493,143,5826,395,11507,146,17333,California
Calaveras,2021-04-23,158,28560,80,10610,78,17457,0,493,65,5800,91,11598,65,17398,California
Calaveras,2021-04-24,172,28732,36,10646,136,17593,0,493,129,5888,42,11640,130,17528,California
Calaveras,2021-04-25,43,28775,28,10674,15,17608,0,493,22,5891,21,11661,24,17552,California
Calaveras,2021-04-26,93,28868,59,10733,34,17642,0,493,27,5853,66,11727,28,17580,California
Calaveras,2021-04-27,422,29290,58,10791,350,17992,14,507,59,5565,361,12088,73,17653,California
Calaveras,2021-04-28,641,29931,573,11364,37,18029,31,538,52,5068,589,12677,92,17745,California
Calaveras,2021-04-29,508,30439,439,11803,50,18079,19,557,74,4733,433,13110,98,17843,California
Calaveras,2021-04-30,148,30587,60,11863,83,18162,5,562,67,4730,81,13191,78,17921,California
Calaveras,2021-05-01,197,30784,109,11972,86,18248,2,564,130,4800,66,13257,136,18057,California
Calaveras,2021-05-02,52,30836,34,12006,17,18265,1,565,20,4791,31,13288,22,18079,California
Calaveras,2021-05-03,90,30926,68,12074,17,18282,5,570,28,4765,62,13350,36,18115,California
Calaveras,2021-05-04,411,31337,327,12401,47,18329,37,607,40,4473,370,13720,78,18193,California
Calaveras,2021-05-05,107,31444,54,12455,22,18351,31,638,44,4486,62,13782,75,18268,California
Calaveras,2021-05-06,253,31697,195,12650,34,18385,24,662,44,4348,208,13990,70,18338,California
Calaveras,2021-05-07,81,31778,23,12673,52,18437,6,668,53,4379,28,14018,59,18397,California
Calaveras,2021-05-08,285,32063,139,12812,145,18582,1,669,88,4273,195,14213,89,18486,California
Calaveras,2021-05-09,26,32089,11,12823,12,18594,3,672,10,4270,16,14229,13,18499,California
Calaveras,2021-05-10,26,32115,11,12834,14,18608,1,673,12,4270,13,14242,13,18512,California
Colusa,2020-12-18,1,1,1,1,0,0,0,0,1,1,0,0,1,1,California
Colusa,2020-12-21,2,3,2,3,0,0,0,0,2,3,0,0,2,3,California
Colusa,2020-12-22,10,13,10,13,0,0,0,0,10,13,0,0,10,13,California
Colusa,2020-12-23,10,23,10,23,0,0,0,0,10,23,0,0,10,23,California
Colusa,2020-12-24,2,25,1,24,1,1,0,0,2,25,0,0,2,25,California
Colusa,2020-12-27,1,26,1,25,0,1,0,0,1,26,0,0,1,26,California
Colusa,2020-12-28,7,33,3,28,4,5,0,0,7,33,0,0,7,33,California
Colusa,2020-12-29,11,44,8,36,3,8,0,0,11,44,0,0,11,44,California
Colusa,2020-12-30,50,94,13,49,37,45,0,0,50,94,0,0,50,94,California
Colusa,2020-12-31,18,112,1,50,17,62,0,0,18,112,0,0,18,112,California
Colusa,2021-01-04,4,116,0,50,4,66,0,0,4,116,0,0,4,116,California
Colusa,2021-01-05,67,183,1,51,66,132,0,0,67,183,0,0,67,183,California
Colusa,2021-01-06,15,198,9,60,6,138,0,0,15,198,0,0,15,198,California
Colusa,2021-01-07,38,236,4,64,34,172,0,0,37,234,1,1,37,235,California
Colusa,2021-01-08,9,245,7,71,2,174,0,0,8,241,1,2,8,243,California
Colusa,2021-01-09,2,247,1,72,1,175,0,0,2,243,0,2,2,245,California
Colusa,2021-01-10,1,248,0,72,1,176,0,0,1,244,0,2,1,246,California
Colusa,2021-01-11,12,260,6,78,6,182,0,0,7,246,5,7,7,253,California
Colusa,2021-01-12,11,271,9,87,2,184,0,0,6,247,5,12,6,259,California
Colusa,2021-01-13,21,292,13,100,8,192,0,0,13,252,8,20,13,272,California
Colusa,2021-01-14,35,327,28,128,7,199,0,0,33,283,2,22,33,305,California
Colusa,2021-01-15,41,368,5,133,36,235,0,0,39,320,2,24,39,344,California
Colusa,2021-01-16,12,380,1,134,11,246,0,0,11,330,1,25,11,355,California
Colusa,2021-01-17,3,383,2,136,1,247,0,0,2,331,1,26,2,357,California
Colusa,2021-01-18,4,387,0,136,4,251,0,0,4,335,0,26,4,361,California
Colusa,2021-01-19,9,396,8,144,1,252,0,0,5,336,4,30,5,366,California
Colusa,2021-01-20,115,511,101,245,14,266,0,0,102,425,13,43,102,468,California
Colusa,2021-01-21,56,567,41,286,15,281,0,0,55,479,1,44,55,523,California
Colusa,2021-01-22,40,607,17,303,23,304,0,0,35,509,5,49,35,558,California
Colusa,2021-01-23,35,642,6,309,29,333,0,0,35,544,0,49,35,593,California
Colusa,2021-01-25,7,649,0,309,7,340,0,0,7,551,0,49,7,600,California
Colusa,2021-01-26,8,657,5,314,3,343,0,0,5,553,3,52,5,605,California
Colusa,2021-01-27,109,766,31,345,78,421,0,0,107,658,2,54,107,712,California
Colusa,2021-01-28,79,845,46,391,33,454,0,0,72,723,7,61,72,784,California
Colusa,2021-01-29,41,886,7,398,34,488,0,0,40,762,1,62,40,824,California
Colusa,2021-01-30,27,913,4,402,23,511,0,0,27,789,0,62,27,851,California
Colusa,2021-01-31,7,920,7,409,0,511,0,0,7,796,0,62,7,858,California
Colusa,2021-02-01,27,947,10,419,17,528,0,0,22,813,5,67,22,880,California
Colusa,2021-02-02,42,989,8,427,34,562,0,0,36,843,6,73,36,916,California
Colusa,2021-02-03,69,1058,10,437,59,621,0,0,59,892,10,83,59,975,California
Colusa,2021-02-04,143,1201,81,518,62,683,0,0,115,979,28,111,115,1090,California
Colusa,2021-02-05,32,1233,8,526,24,707,0,0,29,1005,3,114,29,1119,California
Colusa,2021-02-06,284,1517,8,534,276,983,0,0,273,1267,11,125,273,1392,California
Colusa,2021-02-07,2,1519,1,535,1,984,0,0,0,1265,2,127,0,1392,California
Colusa,2021-02-08,40,1559,5,540,35,1019,0,0,37,1299,3,130,37,1429,California
Colusa,2021-02-09,231,1790,14,554,217,1236,0,0,176,1420,55,185,176,1605,California
Colusa,2021-02-10,116,1906,41,595,75,1311,0,0,73,1450,43,228,73,1678,California
Colusa,2021-02-11,97,2003,36,631,61,1372,0,0,72,1497,25,253,72,1750,California
Colusa,2021-02-12,117,2120,9,640,108,1480,0,0,79,1537,39,292,79,1829,California
Colusa,2021-02-13,60,2180,8,648,52,1532,0,0,52,1581,8,300,52,1881,California
Colusa,2021-02-14,20,2200,8,656,12,1544,0,0,14,1589,6,306,14,1895,California
Colusa,2021-02-15,45,2245,10,666,35,1579,0,0,38,1620,7,313,38,1933,California
Colusa,2021-02-16,67,2312,4,670,63,1642,0,0,66,1685,1,314,66,1999,California
Colusa,2021-02-17,206,2518,143,813,63,1705,0,0,60,1599,146,460,60,2059,California
Colusa,2021-02-18,135,2653,35,848,100,1805,0,0,112,1688,23,483,112,2171,California
Colusa,2021-02-19,155,2808,19,867,136,1941,0,0,129,1791,26,509,129,2300,California
Colusa,2021-02-20,28,2836,6,873,22,1963,0,0,12,1787,16,525,12,2312,California
Colusa,2021-02-21,1,2837,1,874,0,1963,0,0,0,1786,1,526,0,2312,California
Colusa,2021-02-22,43,2880,26,900,17,1980,0,0,29,1801,14,540,29,2341,California
Colusa,2021-02-23,22,2902,6,906,16,1996,0,0,18,1815,4,544,18,2359,California
Colusa,2021-02-24,300,3202,54,960,246,2242,0,0,158,1831,142,686,158,2517,California
Colusa,2021-02-25,102,3304,55,1015,47,2289,0,0,66,1861,36,722,66,2583,California
Colusa,2021-02-26,99,3403,14,1029,85,2374,0,0,60,1882,39,761,60,2643,California
Colusa,2021-02-27,55,3458,4,1033,51,2425,0,0,40,1907,15,776,40,2683,California
Colusa,2021-02-28,26,3484,14,1047,12,2437,0,0,18,1917,8,784,18,2701,California
Colusa,2021-03-01,46,3530,15,1062,31,2468,0,0,29,1929,17,801,29,2730,California
Colusa,2021-03-02,49,3579,13,1075,36,2504,0,0,26,1932,23,824,26,2756,California
Colusa,2021-03-03,242,3821,43,1118,199,2703,0,0,185,2060,57,881,185,2941,California
Colusa,2021-03-04,138,3959,58,1176,80,2783,0,0,80,2082,58,939,80,3021,California
Colusa,2021-03-05,98,4057,25,1201,64,2847,9,9,53,2099,45,984,62,3083,California
Colusa,2021-03-06,274,4331,9,1210,265,3112,0,9,37,1899,237,1221,37,3120,California
Colusa,2021-03-07,8,4339,5,1215,3,3115,0,9,6,1903,2,1223,6,3126,California
Colusa,2021-03-08,89,4428,21,1236,33,3148,35,44,45,1939,44,1267,80,3206,California
Colusa,2021-03-09,274,4702,72,1308,179,3327,23,67,83,1854,191,1458,106,3312,California
Colusa,2021-03-10,289,4991,37,1345,216,3543,36,103,203,2007,86,1544,239,3551,California
Colusa,2021-03-11,420,5411,60,1405,339,3882,21,124,339,2284,81,1625,358,3909,California
Colusa,2021-03-12,109,5520,18,1423,78,3960,13,137,19,2226,90,1715,32,3941,California
Colusa,2021-03-13,61,5581,16,1439,36,3996,9,146,18,2210,43,1758,27,3968,California
Colusa,2021-03-14,20,5601,0,1439,18,4014,2,148,6,2205,13,1771,8,3976,California
Colusa,2021-03-15,69,5670,26,1465,35,4049,8,156,14,2172,55,1826,22,3998,California
Colusa,2021-03-16,296,5966,16,1481,234,4283,46,202,189,2300,107,1933,235,4233,California
Colusa,2021-03-17,195,6161,49,1530,146,4429,0,202,111,2327,84,2017,111,4344,California
Colusa,2021-03-18,320,6481,33,1563,216,4645,71,273,197,2472,123,2140,268,4612,California
Colusa,2021-03-19,78,6559,20,1583,56,4701,2,275,53,2502,25,2165,55,4667,California
Colusa,2021-03-20,49,6608,7,1590,41,4742,1,276,36,2526,13,2178,37,4704,California
Colusa,2021-03-21,6,6614,4,1594,2,4744,0,276,4,2528,2,2180,4,4708,California
Colusa,2021-03-22,62,6676,10,1604,43,4787,9,285,40,2555,22,2202,49,4757,California
Colusa,2021-03-23,81,6757,16,1620,63,4850,2,287,54,2584,27,2229,56,4813,California
Colusa,2021-03-24,337,7094,57,1677,274,5124,6,293,69,2390,268,2497,74,4887,California
Colusa,2021-03-25,109,7203,60,1737,44,5168,5,298,52,2390,57,2554,57,4944,California
Colusa,2021-03-26,298,7501,47,1784,247,5415,4,302,245,2586,53,2607,249,5193,California
Colusa,2021-03-27,63,7564,5,1789,58,5473,0,302,25,2573,38,2645,25,5218,California
Colusa,2021-03-28,15,7579,6,1795,9,5482,0,302,7,2572,8,2653,7,5225,California
Colusa,2021-03-29,71,7650,20,1815,45,5527,6,308,31,2569,40,2693,37,5262,California
Colusa,2021-03-30,147,7797,78,1893,67,5594,2,310,75,2574,72,2765,77,5339,California
Colusa,2021-03-31,234,8031,42,1935,192,5786,0,310,74,2489,159,2924,74,5413,California
Colusa,2021-04-01,426,8457,67,2002,305,6091,54,364,304,2725,121,3045,357,5770,California
Colusa,2021-04-02,81,8538,12,2014,55,6146,14,378,37,2732,44,3089,51,5821,California
Colusa,2021-04-03,61,8599,10,2024,28,6174,23,401,13,2720,48,3137,36,5857,California
Colusa,2021-04-04,18,8617,0,2024,8,6182,10,411,3,2718,15,3152,13,5870,California
Colusa,2021-04-05,95,8712,25,2049,55,6237,15,426,39,2716,56,3208,54,5924,California
Colusa,2021-04-06,128,8840,33,2082,45,6282,50,476,43,2724,85,3293,93,6017,California
Colusa,2021-04-07,358,9198,40,2122,295,6577,23,499,132,2654,226,3519,156,6173,California
Colusa,2021-04-08,428,9626,35,2157,366,6943,27,526,122,2500,303,3822,149,6322,California
Colusa,2021-04-09,77,9703,21,2178,33,6976,23,549,29,2504,48,3870,52,6374,California
Colusa,2021-04-10,44,9747,9,2187,15,6991,20,569,12,2504,32,3902,32,6406,California
Colusa,2021-04-11,15,9762,2,2189,11,7002,2,571,7,2505,8,3910,9,6415,California
Colusa,2021-04-12,31,9793,3,2192,28,7030,0,571,24,2522,7,3917,24,6439,California
Colusa,2021-04-13,278,10071,23,2215,255,7285,0,571,93,2431,184,4101,93,6532,California
Colusa,2021-04-14,94,10165,19,2234,75,7360,0,571,33,2403,61,4162,33,6565,California
Colusa,2021-04-15,318,10483,42,2276,276,7636,0,571,130,2345,188,4350,130,6695,California
Colusa,2021-04-16,80,10563,11,2287,69,7705,0,571,36,2338,43,4393,36,6731,California
Colusa,2021-04-17,53,10616,7,2294,46,7751,0,571,31,2347,22,4415,31,6762,California
Colusa,2021-04-18,9,10625,2,2296,7,7758,0,571,7,2352,2,4417,7,6769,California
Colusa,2021-04-19,61,10686,22,2318,39,7797,0,571,17,2325,44,4461,17,6786,California
Colusa,2021-04-20,176,10862,32,2350,144,7941,0,571,128,2405,48,4509,128,6914,California
Colusa,2021-04-21,170,11032,59,2409,111,8052,0,571,110,2455,60,4569,110,7024,California
Colusa,2021-04-22,417,11449,26,2435,390,8442,1,572,214,2467,202,4771,214,7238,California
Colusa,2021-04-23,91,11540,17,2452,74,8516,0,572,37,2450,54,4825,37,7275,California
Colusa,2021-04-24,237,11777,19,2471,217,8733,1,573,204,2622,33,4858,205,7480,California
Colusa,2021-04-25,11,11788,5,2476,6,8739,0,573,8,2627,3,4861,8,7488,California
Colusa,2021-04-26,22,11810,4,2480,17,8756,1,574,6,2618,15,4876,6,7494,California
Colusa,2021-04-27,92,11902,21,2501,67,8823,4,578,43,2616,49,4925,47,7541,California
Colusa,2021-04-28,188,12090,27,2528,158,8981,3,581,138,2708,49,4974,141,7682,California
Colusa,2021-04-29,314,12404,23,2551,287,9268,4,585,46,2492,266,5240,50,7732,California
Colusa,2021-04-30,65,12469,18,2569,47,9315,0,585,41,2509,24,5264,41,7773,California
Colusa,2021-05-01,19,12488,8,2577,8,9323,3,588,9,2511,10,5274,12,7785,California
Colusa,2021-05-02,3,12491,0,2577,2,9325,1,589,2,2513,1,5275,3,7788,California
Colusa,2021-05-03,21,12512,7,2584,14,9339,0,589,6,2504,15,5290,6,7794,California
Colusa,2021-05-04,86,12598,44,2628,41,9380,1,590,63,2545,23,5313,64,7858,California
Colusa,2021-05-05,64,12662,14,2642,49,9429,1,591,29,2540,35,5348,30,7888,California
Colusa,2021-05-06,246,12908,14,2656,229,9658,3,594,102,2501,144,5492,105,7993,California
Colusa,2021-05-07,69,12977,4,2660,61,9719,4,598,29,2494,40,5532,33,8026,California
Colusa,2021-05-08,18,12995,5,2665,13,9732,0,598,9,2494,9,5541,9,8035,California
Colusa,2021-05-09,11,13006,3,2668,5,9737,3,601,4,2494,7,5548,7,8042,California
Colusa,2021-05-10,13,13019,4,2672,9,9746,0,601,6,2493,7,5555,6,8048,California
Contra Costa,2020-12-15,18,18,18,18,0,0,0,0,18,18,0,0,18,18,California
Contra Costa,2020-12-16,522,540,522,540,0,0,0,0,522,540,0,0,522,540,California
Contra Costa,2020-12-17,908,1448,908,1448,0,0,0,0,908,1448,0,0,908,1448,California
Contra Costa,2020-12-18,1591,3039,1590,3038,1,1,0,0,1591,3039,0,0,1591,3039,California
Contra Costa,2020-12-19,1103,4142,1102,4140,1,2,0,0,1103,4142,0,0,1103,4142,California
Contra Costa,2020-12-20,584,4726,583,4723,1,3,0,0,584,4726,0,0,584,4726,California
Contra Costa,2020-12-21,1653,6379,1651,6374,2,5,0,0,1653,6379,0,0,1653,6379,California
Contra Costa,2020-12-22,1667,8046,1563,7937,104,109,0,0,1667,8046,0,0,1667,8046,California
Contra Costa,2020-12-23,1589,9635,1341,9278,248,357,0,0,1589,9635,0,0,1589,9635,California
Contra Costa,2020-12-24,655,10290,336,9614,319,676,0,0,655,10290,0,0,655,10290,California
Contra Costa,2020-12-25,39,10329,17,9631,22,698,0,0,39,10329,0,0,39,10329,California
Contra Costa,2020-12-26,641,10970,131,9762,510,1208,0,0,641,10970,0,0,641,10970,California
Contra Costa,2020-12-27,240,11210,87,9849,153,1361,0,0,240,11210,0,0,240,11210,California
Contra Costa,2020-12-28,1832,13042,862,10711,970,2331,0,0,1832,13042,0,0,1832,13042,California
Contra Costa,2020-12-29,1830,14872,824,11535,1006,3337,0,0,1830,14872,0,0,1830,14872,California
Contra Costa,2020-12-30,2392,17264,1214,12749,1178,4515,0,0,2391,17263,0,0,2391,17263,California
Contra Costa,2020-12-31,915,18179,308,13057,607,5122,0,0,914,18177,0,0,914,18177,California
Contra Costa,2021-01-01,60,18239,23,13080,37,5159,0,0,60,18237,0,0,60,18237,California
Contra Costa,2021-01-02,335,18574,173,13253,162,5321,0,0,335,18572,0,0,335,18572,California
Contra Costa,2021-01-03,175,18749,117,13370,58,5379,0,0,174,18746,0,0,174,18746,California
Contra Costa,2021-01-04,1904,20653,1251,14621,653,6032,0,0,1883,20610,19,19,1883,20629,California
Contra Costa,2021-01-05,2105,22758,1259,15880,846,6878,0,0,1846,22199,258,277,1847,22476,California
Contra Costa,2021-01-06,3278,26036,2246,18126,1032,7910,0,0,2518,23966,754,1031,2521,24997,California
Contra Costa,2021-01-07,3092,29128,2059,20185,1033,8943,0,0,1881,24639,1208,2239,1881,26878,California
Contra Costa,2021-01-08,3381,32509,2390,22575,991,9934,0,0,1819,24904,1557,3796,1822,28700,California
Contra Costa,2021-01-09,1585,34094,1133,23708,452,10386,0,0,748,24818,836,4632,750,29450,California
Contra Costa,2021-01-10,362,34456,286,23994,76,10462,0,0,153,24762,209,4841,153,29603,California
Contra Costa,2021-01-11,3837,38293,3145,27139,692,11154,0,0,2233,25394,1604,6445,2236,31839,California
Contra Costa,2021-01-12,3907,42200,2932,30071,975,12129,0,0,2580,26650,1327,7772,2583,34422,California
Contra Costa,2021-01-13,4707,46907,2916,32987,1791,13920,0,0,3764,29476,939,8711,3765,38187,California
Contra Costa,2021-01-14,4304,51211,1554,34541,2750,16670,0,0,3922,33016,382,9093,3922,42109,California
Contra Costa,2021-01-15,5335,56546,2460,37001,2875,19545,0,0,5012,37710,322,9415,5016,47125,California
Contra Costa,2021-01-16,1719,58265,554,37555,1165,20710,0,0,1644,39279,75,9490,1644,48769,California
Contra Costa,2021-01-17,1636,59901,974,38529,662,21372,0,0,1513,40672,123,9613,1516,50285,California
Contra Costa,2021-01-18,3203,63104,1261,39790,1942,23314,0,0,2579,42634,618,10231,2580,52865,California
Contra Costa,2021-01-19,7067,70171,3162,42952,3905,27219,0,0,6063,47701,1001,11232,6068,58933,California
Contra Costa,2021-01-20,6662,76833,4102,47054,2560,29779,0,0,5429,51906,1229,12461,5434,64367,California
Contra Costa,2021-01-21,6977,83810,3112,50166,3865,33644,0,0,6250,57442,722,13183,6258,70625,California
Contra Costa,2021-01-22,6367,90177,2705,52871,3662,37306,0,0,5510,62107,848,14031,5513,76138,California
Contra Costa,2021-01-23,2029,92206,363,53234,1666,38972,0,0,1771,63624,256,14287,1773,77911,California
Contra Costa,2021-01-24,1581,93787,218,53452,1363,40335,0,0,1436,64919,145,14432,1440,79351,California
Contra Costa,2021-01-25,6655,100442,3017,56469,3638,43973,0,0,5092,68453,1561,15993,5095,84446,California
Contra Costa,2021-01-26,8091,108533,4689,61158,3402,47375,0,0,6247,72868,1836,17829,6251,90697,California
Contra Costa,2021-01-27,8247,116780,5505,66663,2742,50117,0,0,6342,77390,1824,19653,6346,97043,California
Contra Costa,2021-01-28,7446,124226,4085,70748,3361,53478,0,0,5839,81632,1601,21254,5843,102886,California
Contra Costa,2021-01-29,7440,131666,3890,74638,3550,57028,0,0,6127,86453,1309,22563,6130,109016,California
Contra Costa,2021-01-30,2083,133749,597,75235,1486,58514,0,0,1717,87811,359,22922,1717,110733,California
Contra Costa,2021-01-31,698,134447,479,75714,219,58733,0,0,572,88260,123,23045,572,111305,California
Contra Costa,2021-02-01,5524,139971,3764,79478,1760,60493,0,0,3893,90530,1626,24671,3896,115201,California
Contra Costa,2021-02-02,7759,147730,5272,84750,2487,62980,0,0,5906,94586,1851,26522,5907,121108,California
Contra Costa,2021-02-03,8272,156002,5463,90213,2809,65789,0,0,5612,97551,2648,29170,5613,126721,California
Contra Costa,2021-02-04,7438,163440,3534,93747,3904,69693,0,0,5710,101540,1724,30894,5713,132434,California
Contra Costa,2021-02-05,8430,171870,4824,98571,3606,73299,0,0,5718,104553,2705,33599,5718,138152,California
Contra Costa,2021-02-06,3471,175341,2156,100727,1315,74614,0,0,2818,106720,652,34251,2819,140971,California
Contra Costa,2021-02-07,981,176322,710,101437,271,74885,0,0,604,106948,376,34627,604,141575,California
Contra Costa,2021-02-08,5815,182137,3441,104878,2374,77259,0,0,4334,109807,1476,36103,4335,145910,California
Contra Costa,2021-02-09,8664,190801,4779,109657,3885,81144,0,0,5768,112685,2891,38994,5769,151679,California
Contra Costa,2021-02-10,8632,199433,4647,114304,3985,85129,0,0,5357,114786,3260,42254,5361,157040,California
Contra Costa,2021-02-11,9309,208742,4215,118519,5094,90223,0,0,5265,116018,4038,46292,5270,162310,California
Contra Costa,2021-02-12,10071,218813,4612,123131,5459,95682,0,0,5454,116865,4610,50902,5457,167767,California
Contra Costa,2021-02-13,4879,223692,1366,124497,3513,99195,0,0,3399,118788,1477,52379,3400,171167,California
Contra Costa,2021-02-14,2087,225779,865,125362,1222,100417,0,0,1225,119153,860,53239,1225,172392,California
Contra Costa,2021-02-15,4455,230234,2468,127830,1987,102404,0,0,2348,119402,2100,55339,2349,174741,California
Contra Costa,2021-02-16,10416,240650,4909,132739,5507,107911,0,0,4642,118282,5766,61105,4646,179387,California
Contra Costa,2021-02-17,12281,252931,6136,138875,6145,114056,0,0,5628,117273,6638,67743,5629,185016,California
Contra Costa,2021-02-18,11470,264401,5969,144844,5501,119557,0,0,5320,116456,6139,73882,5322,190338,California
Contra Costa,2021-02-19,11406,275807,7107,151951,4299,123856,0,0,5175,115418,6214,80096,5176,195514,California
Contra Costa,2021-02-20,6445,282252,2894,154845,3551,127407,0,0,4566,118123,1863,81959,4568,200082,California
Contra Costa,2021-02-21,1813,284065,1264,156109,549,127956,0,0,1094,118499,718,82677,1094,201176,California
Contra Costa,2021-02-22,7537,291602,5100,161209,2437,130393,0,0,3459,117894,4066,86743,3461,204637,California
Contra Costa,2021-02-23,11910,303512,7256,168465,4654,135047,0,0,5928,117858,5968,92711,5932,210569,California
Contra Costa,2021-02-24,10486,313998,7684,176149,2802,137849,0,0,5055,117501,5414,98125,5057,215626,California
Contra Costa,2021-02-25,11466,325464,7208,183357,4258,142107,0,0,5203,116465,6243,104368,5207,220833,California
Contra Costa,2021-02-26,10705,336169,6755,190112,3950,146057,0,0,5307,116390,5383,109751,5308,226141,California
Contra Costa,2021-02-27,6626,342795,4212,194324,2414,148471,0,0,4115,118002,2504,112255,4116,230257,California
Contra Costa,2021-02-28,3790,346585,3121,197445,669,149140,0,0,3192,120600,595,112850,3193,233450,California
Contra Costa,2021-03-01,8101,354686,6084,203529,2012,151152,5,5,4975,122472,3110,115960,4982,238432,California
Contra Costa,2021-03-02,10148,364834,6323,209852,3824,154976,1,6,5255,122851,4877,120837,5256,243688,California
Contra Costa,2021-03-03,11167,376001,6985,216837,4181,159157,1,7,6249,124198,4904,125741,6251,249939,California
Contra Costa,2021-03-04,11885,387886,7099,223936,4786,163943,0,7,6156,124644,5710,131451,6156,256095,California
Contra Costa,2021-03-05,11237,399123,6669,230605,4562,168505,6,13,6399,126226,4823,136274,6405,262500,California
Contra Costa,2021-03-06,7298,406421,4011,234616,2977,171482,310,323,4719,128686,2567,138841,5027,267527,California
Contra Costa,2021-03-07,3631,410052,2275,236891,1294,172776,62,385,2956,131030,674,139515,3018,270545,California
Contra Costa,2021-03-08,8061,418113,3765,240656,3992,176768,304,689,5371,134030,2679,142194,5679,276224,California
Contra Costa,2021-03-09,10219,428332,5017,245673,4907,181675,295,984,5052,134218,5159,147353,5347,281571,California
Contra Costa,2021-03-10,12149,440481,5968,251641,4685,186360,1496,2480,5476,134519,6662,154015,6963,288534,California
Contra Costa,2021-03-11,12468,452949,6565,258206,5341,191701,562,3042,6362,135360,6084,160099,6925,295459,California
Contra Costa,2021-03-12,12542,465491,5151,263357,6847,198548,544,3586,6268,135911,6259,166358,6810,302269,California
Contra Costa,2021-03-13,7761,473252,3074,266431,4263,202811,424,4010,3078,134741,4666,171024,3496,305765,California
Contra Costa,2021-03-14,4347,477599,2546,268977,1317,204128,484,4494,2067,135019,2272,173296,2550,308315,California
Contra Costa,2021-03-15,9380,486979,5059,274036,3568,207696,753,5247,4752,135912,4612,177908,5505,313820,California
Contra Costa,2021-03-16,14254,501233,8465,282501,5393,213089,396,5643,7265,136606,6967,184875,7661,321481,California
Contra Costa,2021-03-17,14996,516229,10343,292844,4439,217528,214,5857,8579,139009,6396,191271,8799,330280,California
Contra Costa,2021-03-18,15359,531588,8533,301377,6346,223874,480,6337,8786,141729,6544,197815,9264,339544,California
Contra Costa,2021-03-19,15501,547089,8906,310283,5205,229079,1390,7727,8301,144239,7186,205001,9696,349240,California
Contra Costa,2021-03-20,10615,557704,6339,316622,3973,233052,303,8030,5242,144428,5357,210358,5546,354786,California
Contra Costa,2021-03-21,4440,562144,3888,320510,465,233517,87,8117,2082,144245,2351,212709,2168,356954,California
Contra Costa,2021-03-22,11526,573670,8687,329197,2590,236107,249,8366,7089,147157,4425,217134,7337,364291,California
Contra Costa,2021-03-23,15594,589264,10739,339936,4685,240792,170,8536,9500,150763,6067,223201,9673,373964,California
Contra Costa,2021-03-24,14978,604242,11680,351616,3086,243878,212,8748,9205,154441,5741,228942,9419,383383,California
Contra Costa,2021-03-25,15256,619498,11883,363499,3089,246967,284,9032,9418,158340,5801,234743,9700,393083,California
Contra Costa,2021-03-26,14932,634430,10700,374199,3837,250804,395,9427,8814,161452,6092,240835,9204,402287,California
Contra Costa,2021-03-27,10424,644854,6746,380945,3168,253972,510,9937,5767,163075,4647,245482,6270,408557,California
Contra Costa,2021-03-28,4128,648982,2924,383869,1152,255124,52,9989,1768,162545,2350,247832,1820,410377,California
Contra Costa,2021-03-29,10824,659806,8446,392315,2263,257387,115,10104,7073,165999,3736,251568,7190,417567,California
Contra Costa,2021-03-30,16721,676527,9124,401439,6245,263632,1352,11456,11030,172705,5676,257244,12382,429949,California
Contra Costa,2021-03-31,17940,694467,12554,413993,3946,267578,1440,12896,11523,179281,6384,263628,12960,442909,California
Contra Costa,2021-04-01,17402,711869,12181,426174,3859,271437,1362,14258,11329,185919,6051,269679,12689,455598,California
Contra Costa,2021-04-02,17384,729253,12831,439005,3548,274985,1005,15263,11558,192666,5815,275494,12562,468160,California
Contra Costa,2021-04-03,10744,739997,6409,445414,2801,277786,1534,16797,6152,195772,4579,280073,7685,475845,California
Contra Costa,2021-04-04,3315,743312,1311,446725,1409,279195,595,17392,888,194835,2419,282492,1482,477327,California
Contra Costa,2021-04-05,12040,755352,7855,454580,3210,282405,975,18367,6569,196922,5457,287949,7544,484871,California
Contra Costa,2021-04-06,17282,772634,11984,466564,3016,285421,2282,20649,9752,201445,7510,295459,12033,496904,California
Contra Costa,2021-04-07,18445,791079,12480,479044,3160,288581,2805,23454,10462,206785,7963,303422,13303,510207,California
Contra Costa,2021-04-08,18600,809679,12400,491444,3288,291869,2912,26366,9985,211082,8587,312009,12884,523091,California
Contra Costa,2021-04-09,18658,828337,11916,503360,4268,296137,2474,28840,9967,214854,8665,320674,12437,535528,California
Contra Costa,2021-04-10,10497,838834,3798,507158,2154,298291,4545,33385,3283,215470,7199,327873,7815,543343,California
Contra Costa,2021-04-11,3312,842146,1976,509134,683,298974,653,34038,1117,215051,2189,330062,1770,545113,California
Contra Costa,2021-04-12,11847,853993,7842,516976,2964,301938,1041,35079,5591,215444,6243,336305,6636,551749,California
Contra Costa,2021-04-13,17774,871767,10866,527842,6903,308841,5,35084,11871,221443,5883,342188,11882,563631,California
Contra Costa,2021-04-14,17521,889288,10987,538829,6533,315374,1,35085,9695,223336,7806,349994,9699,573330,California
Contra Costa,2021-04-15,17483,906771,10720,549549,6762,322136,1,35086,8120,222142,9334,359328,8140,581470,California
Contra Costa,2021-04-16,16851,923622,10528,560077,6322,328458,1,35087,7608,220537,9219,368547,7614,589084,California
Contra Costa,2021-04-17,11405,935027,6268,566345,5137,333595,0,35087,6119,221388,5273,373820,6124,595208,California
Contra Costa,2021-04-18,2729,937756,2110,568455,619,334214,0,35087,1776,222219,945,374765,1776,596984,California
Contra Costa,2021-04-19,11329,949085,8473,576928,2856,337070,0,35087,3544,218006,7759,382524,3546,600530,California
Contra Costa,2021-04-20,16608,965693,10789,587717,5819,342889,0,35087,6235,213898,10347,392871,6239,606769,California
Contra Costa,2021-04-21,17284,982977,14109,601826,3175,346064,0,35087,6150,208956,11100,403971,6158,612927,California
Contra Costa,2021-04-22,17120,1000097,13867,615693,3252,349316,1,35088,6069,204017,11019,414990,6080,619007,California
Contra Costa,2021-04-23,16933,1017030,13475,629168,3458,352774,0,35088,5469,198063,11430,426420,5476,624483,California
Contra Costa,2021-04-24,10881,1027911,8417,637585,2464,355238,0,35088,4164,195534,6697,433117,4168,628651,California
Contra Costa,2021-04-25,3223,1031134,2174,639759,1047,356285,2,35090,2033,196385,1187,434304,2038,630689,California
Contra Costa,2021-04-26,9530,1040664,8084,647843,1422,357707,24,35114,2795,192495,6719,441023,2829,633518,California
Contra Costa,2021-04-27,14120,1054784,10414,658257,3556,361263,150,35264,3786,186127,10314,451337,3946,637464,California
Contra Costa,2021-04-28,13832,1068616,10758,669015,2786,364049,288,35552,3467,179554,10332,461669,3759,641223,California
Contra Costa,2021-04-29,12990,1081606,10055,679070,2765,366814,170,35722,2827,172419,10137,471806,3002,644225,California
Contra Costa,2021-04-30,13622,1095228,10745,689815,2627,369441,250,35972,3085,165244,10514,482320,3339,647564,California
Contra Costa,2021-05-01,7992,1103220,5842,695657,1834,371275,316,36288,1910,161409,6062,488382,2227,649791,California
Contra Costa,2021-05-02,2318,1105538,1577,697234,662,371937,79,36367,985,161150,1323,489705,1064,650855,California
Contra Costa,2021-05-03,9110,1114648,8024,705258,920,372857,166,36533,1943,156112,7152,496857,2114,652969,California
Contra Costa,2021-05-04,14012,1128660,12109,717367,1580,374437,323,36856,2276,146999,11712,508569,2599,655568,California
Contra Costa,2021-05-05,12482,1141142,10772,728139,1502,375939,208,37064,2406,139563,10050,518619,2614,658182,California
Contra Costa,2021-05-06,10229,1151371,8499,736638,1391,377330,339,37403,1916,133535,8289,526908,2261,660443,California
Contra Costa,2021-05-07,9568,1160939,7690,744328,1647,378977,231,37634,2186,128599,7350,534258,2414,662857,California
Contra Costa,2021-05-08,5220,1166159,3941,748269,1111,380088,168,37802,1210,125990,3989,538247,1380,664237,California
Contra Costa,2021-05-09,2096,1168255,1772,750041,263,380351,61,37863,447,124859,1641,539888,510,664747,California
Contra Costa,2021-05-10,4003,1172258,3483,753524,418,380769,102,37965,995,122969,2988,542876,1098,665845,California
Del Norte,2020-12-21,23,23,23,23,0,0,0,0,23,23,0,0,23,23,California
Del Norte,2020-12-22,46,69,46,69,0,0,0,0,46,69,0,0,46,69,California
Del Norte,2020-12-23,58,127,48,117,10,10,0,0,56,125,0,0,56,125,California
Del Norte,2020-12-28,34,161,34,151,0,10,0,0,34,159,0,0,34,159,California
Del Norte,2020-12-29,4,165,4,155,0,10,0,0,4,163,0,0,4,163,California
Del Norte,2020-12-30,67,232,55,210,12,22,0,0,68,231,0,0,68,231,California
Del Norte,2020-12-31,16,248,13,223,3,25,0,0,16,247,0,0,16,247,California
Del Norte,2021-01-04,102,350,49,272,53,78,0,0,102,349,0,0,102,349,California
Del Norte,2021-01-05,32,382,0,272,32,110,0,0,32,381,0,0,32,381,California
Del Norte,2021-01-06,77,459,18,290,59,169,0,0,77,458,0,0,77,458,California
Del Norte,2021-01-07,21,480,1,291,20,189,0,0,21,479,0,0,21,479,California
Del Norte,2021-01-08,78,558,7,298,71,260,0,0,78,557,0,0,78,557,California
Del Norte,2021-01-11,40,598,21,319,19,279,0,0,18,554,22,22,19,576,California
Del Norte,2021-01-12,51,649,32,351,19,298,0,0,30,563,21,43,30,606,California
Del Norte,2021-01-13,86,735,40,391,46,344,0,0,53,583,33,76,53,659,California
Del Norte,2021-01-14,52,787,14,405,38,382,0,0,46,623,6,82,46,705,California
Del Norte,2021-01-15,107,894,18,423,89,471,0,0,95,706,12,94,95,800,California
Del Norte,2021-01-17,1,895,1,424,0,471,0,0,1,707,0,94,1,801,California
Del Norte,2021-01-18,2,897,0,424,2,473,0,0,2,709,0,94,2,803,California
Del Norte,2021-01-19,119,1016,56,480,63,536,0,0,77,744,42,136,77,880,California
Del Norte,2021-01-20,158,1174,84,564,74,610,0,0,96,778,62,198,96,976,California
Del Norte,2021-01-21,43,1217,40,604,3,613,0,0,32,799,11,209,32,1008,California
Del Norte,2021-01-22,20,1237,17,621,3,616,0,0,13,805,7,216,13,1021,California
Del Norte,2021-01-23,1,1238,0,621,1,617,0,0,1,806,0,216,1,1022,California
Del Norte,2021-01-24,1,1239,0,621,1,618,0,0,1,807,0,216,1,1023,California
Del Norte,2021-01-25,100,1339,82,703,18,636,0,0,56,819,44,260,56,1079,California
Del Norte,2021-01-26,18,1357,11,714,7,643,0,0,7,815,11,271,7,1086,California
Del Norte,2021-01-27,64,1421,21,735,43,686,0,0,61,873,3,274,61,1147,California
Del Norte,2021-01-28,291,1712,20,755,271,957,0,0,286,1154,5,279,286,1433,California
Del Norte,2021-01-29,55,1767,21,776,34,991,0,0,44,1187,11,290,44,1477,California
Del Norte,2021-01-30,8,1775,1,777,7,998,0,0,8,1195,0,290,8,1485,California
Del Norte,2021-02-01,41,1816,1,778,40,1038,0,0,26,1206,15,305,26,1511,California
Del Norte,2021-02-02,142,1958,34,812,108,1146,0,0,73,1211,68,373,73,1584,California
Del Norte,2021-02-03,126,2084,40,852,86,1232,0,0,71,1227,55,428,71,1655,California
Del Norte,2021-02-04,71,2155,29,881,42,1274,0,0,42,1240,29,457,42,1697,California
Del Norte,2021-02-05,184,2339,22,903,162,1436,0,0,119,1295,64,521,119,1816,California
Del Norte,2021-02-06,312,2651,6,909,306,1742,0,0,312,1607,0,521,312,2128,California
Del Norte,2021-02-07,2,2653,1,910,1,1743,0,0,2,1609,0,521,2,2130,California
Del Norte,2021-02-08,36,2689,1,911,35,1778,0,0,32,1637,4,525,32,2162,California
Del Norte,2021-02-09,8,2697,5,916,3,1781,0,0,2,1633,6,531,2,2164,California
Del Norte,2021-02-10,143,2840,20,936,123,1904,0,0,86,1663,56,587,86,2250,California
Del Norte,2021-02-11,177,3017,59,995,118,2022,0,0,64,1614,113,700,64,2314,California
Del Norte,2021-02-12,121,3138,14,1009,107,2129,0,0,67,1627,54,754,67,2381,California
Del Norte,2021-02-13,2,3140,1,1010,1,2130,0,0,2,1629,0,754,2,2383,California
Del Norte,2021-02-14,3,3143,1,1011,2,2132,0,0,2,1630,1,755,2,2385,California
Del Norte,2021-02-15,4,3147,0,1011,4,2136,0,0,2,1630,2,757,2,2387,California
Del Norte,2021-02-16,132,3279,1,1012,131,2267,0,0,13,1524,119,876,13,2400,California
Del Norte,2021-02-17,91,3370,20,1032,71,2338,0,0,24,1481,67,943,24,2424,California
Del Norte,2021-02-18,77,3447,24,1056,53,2391,0,0,51,1506,26,969,51,2475,California
Del Norte,2021-02-19,43,3490,17,1073,26,2417,0,0,33,1529,10,979,33,2508,California
Del Norte,2021-02-20,8,3498,5,1078,3,2420,0,0,6,1533,2,981,6,2514,California
Del Norte,2021-02-22,2,3500,0,1078,2,2422,0,0,2,1535,0,981,2,2516,California
Del Norte,2021-02-23,107,3607,89,1167,18,2440,0,0,31,1491,76,1057,32,2548,California
Del Norte,2021-02-24,152,3759,98,1265,54,2494,0,0,79,1497,73,1130,79,2627,California
Del Norte,2021-02-25,476,4235,131,1396,345,2839,0,0,213,1449,261,1391,213,2840,California
Del Norte,2021-02-26,212,4447,176,1572,36,2875,0,0,166,1569,46,1437,166,3006,California
Del Norte,2021-02-27,152,4599,145,1717,6,2881,1,1,141,1700,11,1448,142,3148,California
Del Norte,2021-02-28,4,4603,1,1718,3,2884,0,1,3,1702,1,1449,3,3151,California
Del Norte,2021-03-01,28,4631,2,1720,26,2910,0,1,4,1682,24,1473,4,3155,California
Del Norte,2021-03-02,220,4851,141,1861,79,2989,0,1,187,1836,33,1506,187,3342,California
Del Norte,2021-03-03,167,5018,99,1960,68,3057,0,1,126,1921,41,1547,126,3468,California
Del Norte,2021-03-04,120,5138,83,2043,37,3094,0,1,91,1984,28,1575,91,3559,California
Del Norte,2021-03-05,119,5257,9,2052,110,3204,0,1,71,2007,48,1623,71,3630,California
Del Norte,2021-03-06,466,5723,78,2130,338,3542,50,51,164,1876,302,1925,171,3801,California
Del Norte,2021-03-07,2,5725,1,2131,1,3543,0,51,1,1876,1,1926,1,3802,California
Del Norte,2021-03-08,28,5753,1,2132,25,3568,2,53,5,1860,23,1949,7,3809,California
Del Norte,2021-03-09,193,5946,112,2244,78,3646,3,56,182,2034,11,1960,185,3994,California
Del Norte,2021-03-10,233,6179,96,2340,109,3755,28,84,134,2097,99,2059,162,4156,California
Del Norte,2021-03-11,151,6330,55,2395,91,3846,5,89,103,2157,48,2107,108,4264,California
Del Norte,2021-03-12,178,6508,89,2484,89,3935,0,89,125,2229,53,2160,125,4389,California
Del Norte,2021-03-13,94,6602,93,2577,1,3936,0,89,91,2317,3,2163,91,4480,California
Del Norte,2021-03-14,1,6603,0,2577,1,3937,0,89,1,2317,1,2164,1,4481,California
Del Norte,2021-03-15,38,6641,0,2577,38,3975,0,89,34,2347,4,2168,34,4515,California
Del Norte,2021-03-16,280,6921,135,2712,145,4120,0,89,259,2585,21,2189,259,4774,California
Del Norte,2021-03-17,282,7203,95,2807,185,4305,2,91,168,2641,114,2303,170,4944,California
Del Norte,2021-03-18,285,7488,107,2914,175,4480,3,94,149,2658,135,2438,152,5096,California
Del Norte,2021-03-19,266,7754,159,3073,101,4581,6,100,91,2580,175,2613,97,5193,California
Del Norte,2021-03-20,157,7911,154,3227,3,4584,0,100,15,2453,142,2755,15,5208,California
Del Norte,2021-03-21,4,7915,2,3229,2,4586,0,100,2,2453,2,2757,2,5210,California
Del Norte,2021-03-22,43,7958,3,3232,39,4625,1,101,39,2490,3,2760,40,5250,California
Del Norte,2021-03-23,335,8293,164,3396,153,4778,18,119,165,2504,168,2928,182,5432,California
Del Norte,2021-03-24,397,8690,107,3503,249,5027,41,160,236,2620,161,3089,277,5709,California
Del Norte,2021-03-25,192,8882,89,3592,103,5130,0,160,84,2597,107,3196,84,5793,California
Del Norte,2021-03-26,232,9114,112,3704,120,5250,0,160,198,2761,34,3230,198,5991,California
Del Norte,2021-03-27,108,9222,87,3791,4,5254,17,177,17,2704,91,3321,34,6025,California
Del Norte,2021-03-28,4,9226,2,3793,2,5256,0,177,1,2702,3,3324,1,6026,California
Del Norte,2021-03-29,57,9283,6,3799,34,5290,17,194,32,2726,25,3349,49,6075,California
Del Norte,2021-03-30,339,9622,118,3917,210,5500,11,205,128,2654,211,3560,139,6214,California
Del Norte,2021-03-31,352,9974,99,4016,236,5736,17,222,197,2715,153,3713,214,6428,California
Del Norte,2021-04-01,164,10138,58,4074,72,5808,34,256,69,2724,94,3807,103,6531,California
Del Norte,2021-04-02,230,10368,78,4152,103,5911,49,305,47,2638,183,3990,97,6628,California
Del Norte,2021-04-03,106,10474,82,4234,2,5913,22,327,4,2563,101,4091,26,6654,California
Del Norte,2021-04-04,4,10478,0,4234,0,5913,4,331,0,2563,4,4095,4,6658,California
Del Norte,2021-04-05,46,10524,5,4239,37,5950,4,335,39,2599,7,4102,43,6701,California
Del Norte,2021-04-06,378,10902,119,4358,222,6172,37,372,145,2553,229,4331,183,6884,California
Del Norte,2021-04-07,430,11332,114,4472,255,6427,61,433,283,2751,146,4477,344,7228,California
Del Norte,2021-04-08,233,11565,54,4526,111,6538,68,501,111,2808,122,4599,179,7407,California
Del Norte,2021-04-09,205,11770,47,4573,81,6619,77,578,98,2875,106,4705,173,7580,California
Del Norte,2021-04-10,47,11817,26,4599,4,6623,17,595,27,2899,20,4725,44,7624,California
Del Norte,2021-04-11,12,11829,3,4602,2,6625,7,602,2,2898,10,4735,9,7633,California
Del Norte,2021-04-12,28,11857,1,4603,9,6634,18,620,1,2891,26,4761,19,7652,California
Del Norte,2021-04-13,297,12154,49,4652,248,6882,0,620,155,2904,142,4903,155,7807,California
Del Norte,2021-04-14,326,12480,23,4675,303,7185,0,620,137,2857,189,5092,142,7949,California
Del Norte,2021-04-15,163,12643,30,4705,133,7318,0,620,44,2783,119,5211,45,7994,California
Del Norte,2021-04-16,160,12803,39,4744,121,7439,0,620,58,2740,102,5313,59,8053,California
Del Norte,2021-04-17,101,12904,69,4813,32,7471,0,620,96,2831,5,5318,96,8149,California
Del Norte,2021-04-18,4,12908,3,4816,1,7472,0,620,3,2833,1,5319,3,8152,California
Del Norte,2021-04-19,50,12958,6,4822,44,7516,0,620,8,2799,42,5361,8,8160,California
Del Norte,2021-04-20,209,13167,40,4862,169,7685,0,620,74,2738,135,5496,74,8234,California
Del Norte,2021-04-21,287,13454,22,4884,265,7950,0,620,63,2580,224,5720,66,8300,California
Del Norte,2021-04-22,114,13568,15,4899,99,8049,0,620,62,2590,52,5772,62,8362,California
Del Norte,2021-04-23,151,13719,20,4919,131,8180,0,620,39,2517,112,5884,39,8401,California
Del Norte,2021-04-24,25,13744,14,4933,11,8191,0,620,20,2532,5,5889,20,8421,California
Del Norte,2021-04-25,2,13746,0,4933,2,8193,0,620,2,2534,0,5889,2,8423,California
Del Norte,2021-04-26,29,13775,0,4933,29,8222,0,620,7,2519,22,5911,7,8430,California
Del Norte,2021-04-27,175,13950,19,4952,151,8373,5,625,49,2447,126,6037,54,8484,California
Del Norte,2021-04-28,351,14301,101,5053,245,8618,5,630,63,2230,286,6323,69,8553,California
Del Norte,2021-04-29,92,14393,5,5058,83,8701,4,634,26,2194,66,6389,30,8583,California
Del Norte,2021-04-30,83,14476,6,5064,67,8768,10,644,44,2209,39,6428,54,8637,California
Del Norte,2021-05-01,8,14484,3,5067,5,8773,0,644,6,2213,2,6430,6,8643,California
Del Norte,2021-05-02,8,14492,0,5067,8,8781,0,644,8,2221,0,6430,8,8651,California
Del Norte,2021-05-03,40,14532,3,5070,34,8815,3,647,2,2189,37,6467,5,8656,California
Del Norte,2021-05-04,214,14746,36,5106,173,8988,5,652,44,2068,170,6637,49,8705,California
Del Norte,2021-05-05,232,14978,19,5125,205,9193,8,660,58,1963,174,6811,69,8774,California
Del Norte,2021-05-06,114,15092,24,5149,77,9270,13,673,30,1922,84,6895,43,8817,California
Del Norte,2021-05-07,141,15233,26,5175,111,9381,4,677,29,1843,112,7007,33,8850,California
Del Norte,2021-05-08,66,15299,56,5231,8,9389,2,679,9,1797,57,7064,11,8861,California
Del Norte,2021-05-09,9,15308,3,5234,3,9392,3,682,2,1795,7,7071,5,8866,California
Del Norte,2021-05-10,22,15330,0,5234,20,9412,2,684,10,1795,12,7083,12,8878,California
El Dorado,2020-12-15,12,12,12,12,0,0,0,0,12,12,0,0,12,12,California
El Dorado,2020-12-16,40,52,40,52,0,0,0,0,40,52,0,0,40,52,California
El Dorado,2020-12-17,31,83,31,83,0,0,0,0,31,83,0,0,31,83,California
El Dorado,2020-12-18,236,319,236,319,0,0,0,0,236,319,0,0,236,319,California
El Dorado,2020-12-19,116,435,116,435,0,0,0,0,116,435,0,0,116,435,California
El Dorado,2020-12-20,85,520,85,520,0,0,0,0,85,520,0,0,85,520,California
El Dorado,2020-12-21,309,829,308,828,1,1,0,0,309,829,0,0,309,829,California
El Dorado,2020-12-22,238,1067,214,1042,24,25,0,0,238,1067,0,0,238,1067,California
El Dorado,2020-12-23,189,1256,140,1182,49,74,0,0,189,1256,0,0,189,1256,California
El Dorado,2020-12-24,87,1343,66,1248,21,95,0,0,87,1343,0,0,87,1343,California
El Dorado,2020-12-25,8,1351,8,1256,0,95,0,0,8,1351,0,0,8,1351,California
El Dorado,2020-12-26,44,1395,26,1282,18,113,0,0,44,1395,0,0,44,1395,California
El Dorado,2020-12-27,37,1432,33,1315,4,117,0,0,37,1432,0,0,37,1432,California
El Dorado,2020-12-28,215,1647,168,1483,47,164,0,0,215,1647,0,0,215,1647,California
El Dorado,2020-12-29,459,2106,142,1625,317,481,0,0,459,2106,0,0,459,2106,California
El Dorado,2020-12-30,507,2613,136,1761,371,852,0,0,507,2613,0,0,507,2613,California
El Dorado,2020-12-31,110,2723,70,1831,40,892,0,0,110,2723,0,0,110,2723,California
El Dorado,2021-01-01,7,2730,4,1835,3,895,0,0,7,2730,0,0,7,2730,California
El Dorado,2021-01-02,153,2883,141,1976,12,907,0,0,153,2883,0,0,153,2883,California
El Dorado,2021-01-03,92,2975,17,1993,75,982,0,0,92,2975,0,0,92,2975,California
El Dorado,2021-01-04,189,3164,62,2055,127,1109,0,0,189,3164,0,0,189,3164,California
El Dorado,2021-01-05,207,3371,51,2106,156,1265,0,0,191,3339,16,16,191,3355,California
El Dorado,2021-01-06,261,3632,189,2295,72,1337,0,0,197,3472,64,80,197,3552,California
El Dorado,2021-01-07,330,3962,136,2431,194,1531,0,0,259,3660,71,151,259,3811,California
El Dorado,2021-01-08,976,4938,501,2932,475,2006,0,0,773,4231,203,354,774,4585,California
El Dorado,2021-01-09,194,5132,157,3089,37,2043,0,0,126,4289,68,422,126,4711,California
El Dorado,2021-01-10,180,5312,129,3218,51,2094,0,0,110,4330,70,492,111,4822,California
El Dorado,2021-01-11,659,5971,293,3511,366,2460,0,0,459,4591,199,691,460,5282,California
El Dorado,2021-01-12,695,6666,422,3933,273,2733,0,0,446,4788,249,940,446,5728,California
El Dorado,2021-01-13,701,7367,296,4229,405,3138,0,0,540,5167,161,1101,540,6268,California
El Dorado,2021-01-14,693,8060,219,4448,474,3612,0,0,598,5670,95,1196,598,6866,California
El Dorado,2021-01-15,684,8744,185,4633,499,4111,0,0,612,6210,72,1268,612,7478,California
El Dorado,2021-01-16,173,8917,104,4737,69,4180,0,0,146,6329,27,1295,146,7624,California
El Dorado,2021-01-17,100,9017,47,4784,53,4233,0,0,83,6395,17,1312,83,7707,California
El Dorado,2021-01-18,421,9438,138,4922,283,4516,0,0,353,6680,68,1380,353,8060,California
El Dorado,2021-01-19,654,10092,354,5276,300,4816,0,0,504,7035,150,1530,505,8565,California
El Dorado,2021-01-20,1011,11103,686,5962,325,5141,0,0,900,7825,110,1640,900,9465,California
El Dorado,2021-01-21,1160,12263,575,6537,585,5726,0,0,953,8612,166,1806,953,10418,California
El Dorado,2021-01-22,1103,13366,711,7248,392,6118,0,0,1049,9608,53,1859,1049,11467,California
El Dorado,2021-01-23,737,14103,617,7865,120,6238,0,0,626,10123,111,1970,626,12093,California
El Dorado,2021-01-24,126,14229,76,7941,50,6288,0,0,107,10211,19,1989,107,12200,California
El Dorado,2021-01-25,612,14841,206,8147,406,6694,0,0,524,10647,88,2077,524,12724,California
El Dorado,2021-01-26,676,15517,365,8512,311,7005,0,0,571,11114,105,2182,572,13296,California
El Dorado,2021-01-27,981,16498,382,8894,599,7604,0,0,644,11420,338,2520,644,13940,California
El Dorado,2021-01-28,1106,17604,453,9347,653,8257,0,0,745,11804,361,2881,745,14685,California
El Dorado,2021-01-29,976,18580,490,9837,486,8743,0,0,746,12322,229,3110,747,15432,California
El Dorado,2021-01-30,610,19190,359,10196,251,8994,0,0,450,12612,160,3270,450,15882,California
El Dorado,2021-01-31,209,19399,188,10384,21,9015,0,0,180,12763,29,3299,180,16062,California
El Dorado,2021-02-01,799,20198,368,10752,431,9446,0,0,655,13275,143,3442,655,16717,California
El Dorado,2021-02-02,837,21035,367,11119,470,9916,0,0,676,13790,161,3603,676,17393,California
El Dorado,2021-02-03,900,21935,476,11595,424,10340,0,0,687,14264,213,3816,687,18080,California
El Dorado,2021-02-04,1267,23202,723,12318,544,10884,0,0,871,14740,395,4211,871,18951,California
El Dorado,2021-02-05,1484,24686,598,12916,886,11770,0,0,868,15027,581,4792,868,19819,California
El Dorado,2021-02-06,639,25325,334,13250,305,12075,0,0,530,15449,109,4901,531,20350,California
El Dorado,2021-02-07,257,25582,177,13427,80,12155,0,0,193,15578,64,4965,193,20543,California
El Dorado,2021-02-08,881,26463,417,13844,464,12619,0,0,607,15911,274,5239,607,21150,California
El Dorado,2021-02-09,909,27372,487,14331,422,13041,0,0,487,15976,422,5661,487,21637,California
El Dorado,2021-02-10,1246,28618,727,15058,519,13560,0,0,654,16039,591,6252,654,22291,California
El Dorado,2021-02-11,2153,30771,891,15949,1262,14822,0,0,961,15812,1189,7441,962,23253,California
El Dorado,2021-02-12,1572,32343,825,16774,747,15569,0,0,679,15600,892,8333,680,23933,California
El Dorado,2021-02-13,978,33321,669,17443,309,15878,0,0,434,15493,541,8874,434,24367,California
El Dorado,2021-02-14,484,33805,154,17597,330,16208,0,0,398,15805,86,8960,398,24765,California
El Dorado,2021-02-15,1184,34989,387,17984,797,17005,0,0,824,16272,360,9320,827,25592,California
El Dorado,2021-02-16,1202,36191,530,18514,672,17677,0,0,677,16426,524,9844,678,26270,California
El Dorado,2021-02-17,905,37096,374,18888,531,18208,0,0,418,16359,487,10331,420,26690,California
El Dorado,2021-02-18,2085,39181,1012,19900,1073,19281,0,0,1347,16969,737,11068,1347,28037,California
El Dorado,2021-02-19,1168,40349,604,20504,564,19845,0,0,649,17100,518,11586,649,28686,California
El Dorado,2021-02-20,918,41267,435,20939,483,20328,0,0,669,17526,243,11829,669,29355,California
El Dorado,2021-02-21,282,41549,225,21164,57,20385,0,0,99,17443,182,12011,99,29454,California
El Dorado,2021-02-22,869,42418,435,21599,434,20819,0,0,283,17141,585,12596,283,29737,California
El Dorado,2021-02-23,844,43262,472,22071,372,21191,0,0,348,16994,495,13091,348,30085,California
El Dorado,2021-02-24,1028,44290,439,22510,589,21780,0,0,429,16825,599,13690,430,30515,California
El Dorado,2021-02-25,1638,45928,888,23398,750,22530,0,0,707,16609,925,14615,709,31224,California
El Dorado,2021-02-26,2354,48282,1482,24880,872,23402,0,0,1589,17435,763,15378,1589,32813,California
El Dorado,2021-02-27,1659,49941,439,25319,1220,24622,0,0,1220,18219,436,15814,1220,34033,California
El Dorado,2021-02-28,589,50530,203,25522,386,25008,0,0,437,18505,152,15966,438,34471,California
El Dorado,2021-03-01,1140,51670,453,25975,686,25694,1,1,627,18621,512,16478,628,35099,California
El Dorado,2021-03-02,899,52569,266,26241,633,26327,0,1,460,18644,437,16915,460,35559,California
El Dorado,2021-03-03,1679,54248,463,26704,1216,27543,0,1,1152,19278,520,17435,1154,36713,California
El Dorado,2021-03-04,2514,56762,1551,28255,963,28506,0,1,1221,19209,1290,18725,1221,37934,California
El Dorado,2021-03-05,1574,58336,422,28677,1147,29653,5,6,1042,19729,527,19252,1047,38981,California
El Dorado,2021-03-06,740,59076,211,28888,494,30147,35,41,392,19808,348,19600,427,39408,California
El Dorado,2021-03-07,405,59481,198,29086,189,30336,18,59,241,19905,162,19762,259,39667,California
El Dorado,2021-03-08,1327,60808,364,29450,891,31227,72,131,857,20366,467,20229,928,40595,California
El Dorado,2021-03-09,977,61785,225,29675,685,31912,67,198,579,20629,383,20612,646,41241,California
El Dorado,2021-03-10,945,62730,344,30019,545,32457,56,254,546,20837,393,21005,601,41842,California
El Dorado,2021-03-11,3005,65735,1828,31847,995,33452,182,436,1368,20768,1618,22623,1549,43391,California
El Dorado,2021-03-12,1778,67513,619,32466,913,34365,246,682,741,20735,1020,23643,987,44378,California
El Dorado,2021-03-13,1063,68576,344,32810,436,34801,283,965,375,20706,685,24328,656,45034,California
El Dorado,2021-03-14,793,69369,208,33018,473,35274,112,1077,280,20585,513,24841,392,45426,California
El Dorado,2021-03-15,1403,70772,303,33321,974,36248,126,1203,614,20541,785,25626,741,46167,California
El Dorado,2021-03-16,1211,71983,407,33728,660,36908,144,1347,568,20616,637,26263,712,46879,California
El Dorado,2021-03-17,1090,73073,350,34078,646,37554,94,1441,705,21030,385,26648,799,47678,California
El Dorado,2021-03-18,2972,76045,1750,35828,1177,38731,45,1486,1982,22075,982,27630,2027,49705,California
El Dorado,2021-03-19,1105,77150,363,36191,598,39329,144,1630,630,22374,475,28105,774,50479,California
El Dorado,2021-03-20,945,78095,268,36459,660,39989,17,1647,367,22191,567,28672,384,50863,California
El Dorado,2021-03-21,1026,79121,419,36878,602,40591,5,1652,936,23044,88,28760,941,51804,California
El Dorado,2021-03-22,1502,80623,489,37367,930,41521,83,1735,1190,24010,307,29067,1273,53077,California
El Dorado,2021-03-23,1144,81767,449,37816,602,42123,93,1828,733,24436,400,29467,826,53903,California
El Dorado,2021-03-24,1452,83219,620,38436,636,42759,196,2024,660,24528,764,30231,856,54759,California
El Dorado,2021-03-25,2481,85700,1671,40107,707,43466,103,2127,1363,24882,1112,31343,1466,56225,California
El Dorado,2021-03-26,1812,87512,694,40801,1009,44475,109,2236,946,25093,845,32188,1056,57281,California
El Dorado,2021-03-27,1312,88824,189,40990,1119,45594,4,2240,335,24461,971,33159,339,57620,California
El Dorado,2021-03-28,621,89445,182,41172,430,46024,9,2249,203,24258,415,33574,212,57832,California
El Dorado,2021-03-29,1313,90758,431,41603,866,46890,16,2265,824,24612,486,34060,840,58672,California
El Dorado,2021-03-30,1360,92118,411,42014,857,47747,92,2357,704,24758,649,34709,795,59467,California
El Dorado,2021-03-31,1558,93676,582,42596,913,48660,63,2420,703,24669,853,35562,764,60231,California
El Dorado,2021-04-01,3206,96882,1748,44344,1376,50036,82,2502,1518,24584,1686,37248,1601,61832,California
El Dorado,2021-04-02,1879,98761,557,44901,1227,51263,95,2597,753,24309,1123,38371,848,62680,California
El Dorado,2021-04-03,746,99507,292,45193,333,51596,121,2718,227,24139,517,38888,347,63027,California
El Dorado,2021-04-04,270,99777,85,45278,138,51734,47,2765,97,24111,172,39060,144,63171,California
El Dorado,2021-04-05,1424,101201,425,45703,905,52639,94,2859,595,23975,824,39884,688,63859,California
El Dorado,2021-04-06,1414,102615,522,46225,669,53308,223,3082,453,23691,958,40842,674,64533,California
El Dorado,2021-04-07,1578,104193,554,46779,577,53885,447,3529,558,23676,1017,41859,1002,65535,California
El Dorado,2021-04-08,2660,106853,1715,48494,710,54595,235,3764,1109,23476,1542,43401,1342,66877,California
El Dorado,2021-04-09,1416,108269,444,48938,752,55347,220,3984,565,23410,848,44249,782,67659,California
El Dorado,2021-04-10,820,109089,220,49158,491,55838,109,4093,477,23654,341,44590,585,68244,California
El Dorado,2021-04-11,697,109786,452,49610,229,56067,16,4109,205,23385,490,45080,221,68465,California
El Dorado,2021-04-12,1276,111062,495,50105,633,56700,148,4257,558,23379,711,45791,705,69170,California
El Dorado,2021-04-13,1114,112176,609,50714,505,57205,0,4257,507,23283,603,46394,507,69677,California
El Dorado,2021-04-14,1085,113261,457,51171,627,57832,1,4258,385,22982,687,47081,386,70063,California
El Dorado,2021-04-15,2491,115752,1673,52844,818,58650,0,4258,968,22431,1520,48601,969,71032,California
El Dorado,2021-04-16,1461,117213,515,53359,946,59596,0,4258,608,22192,848,49449,609,71641,California
El Dorado,2021-04-17,769,117982,196,53555,573,60169,0,4258,487,22399,280,49729,487,72128,California
El Dorado,2021-04-18,969,118951,81,53636,888,61057,0,4258,401,22233,567,50296,401,72529,California
El Dorado,2021-04-19,1702,120653,436,54072,1266,62323,0,4258,692,21921,1004,51300,692,73221,California
El Dorado,2021-04-20,1106,121759,356,54428,750,63073,0,4258,457,21734,644,51944,457,73678,California
El Dorado,2021-04-21,1152,122911,464,54892,684,63757,4,4262,588,21766,557,52501,589,74267,California
El Dorado,2021-04-22,2527,125438,1662,56554,865,64622,0,4262,1069,21378,1457,53958,1069,75336,California
El Dorado,2021-04-23,1394,126832,495,57049,899,65521,0,4262,716,21420,675,54633,717,76053,California
El Dorado,2021-04-24,961,127793,511,57560,450,65971,0,4262,730,21921,229,54862,730,76783,California
El Dorado,2021-04-25,612,128405,433,57993,179,66150,0,4262,441,22191,171,55033,441,77224,California
El Dorado,2021-04-26,1028,129433,429,58422,583,66733,16,4278,500,22180,527,55560,516,77740,California
El Dorado,2021-04-27,949,130382,357,58779,564,67297,28,4306,438,22140,506,56066,466,78206,California
El Dorado,2021-04-28,1030,131412,346,59125,644,67941,40,4346,401,21953,628,56694,441,78647,California
El Dorado,2021-04-29,1913,133325,1291,60416,590,68531,32,4378,524,21122,1387,58081,556,79203,California
El Dorado,2021-04-30,2109,135434,1325,61741,744,69275,40,4418,1357,21776,742,58823,1396,80599,California
El Dorado,2021-05-01,616,136050,283,62024,306,69581,27,4445,281,21756,328,59151,308,80907,California
El Dorado,2021-05-02,297,136347,212,62236,57,69638,28,4473,101,21691,193,59344,128,81035,California
El Dorado,2021-05-03,809,137156,396,62632,366,70004,47,4520,272,21476,535,59879,320,81355,California
El Dorado,2021-05-04,877,138033,436,63068,382,70386,59,4579,301,21263,573,60452,360,81715,California
El Dorado,2021-05-05,829,138862,387,63455,372,70758,70,4649,376,21258,451,60903,446,82161,California
El Dorado,2021-05-06,1063,139925,459,63914,560,71318,44,4693,427,21091,634,61537,467,82628,California
El Dorado,2021-05-07,948,140873,378,64292,517,71835,53,4746,380,20956,568,62105,433,83061,California
El Dorado,2021-05-08,453,141326,144,64436,271,72106,38,4784,166,20875,285,62390,204,83265,California
El Dorado,2021-05-09,201,141527,77,64513,97,72203,27,4811,89,20880,111,62501,116,83381,California
El Dorado,2021-05-10,523,142050,222,64735,289,72492,12,4823,121,20622,391,62892,133,83514,California
Fresno,2020-12-15,2,2,2,2,0,0,0,0,2,2,0,0,2,2,California
Fresno,2020-12-16,121,123,121,123,0,0,0,0,121,123,0,0,121,123,California
Fresno,2020-12-17,121,244,121,244,0,0,0,0,121,244,0,0,121,244,California
Fresno,2020-12-18,344,588,344,588,0,0,0,0,344,588,0,0,344,588,California
Fresno,2020-12-19,158,746,158,746,0,0,0,0,158,746,0,0,158,746,California
Fresno,2020-12-20,258,1004,256,1002,2,2,0,0,258,1004,0,0,258,1004,California
Fresno,2020-12-21,925,1929,924,1926,1,3,0,0,956,1960,0,0,956,1960,California
Fresno,2020-12-22,901,2830,872,2798,29,32,0,0,905,2865,0,0,905,2865,California
Fresno,2020-12-23,1087,3917,1046,3844,41,73,0,0,1088,3953,0,0,1088,3953,California
Fresno,2020-12-24,582,4499,563,4407,19,92,0,0,582,4535,0,0,582,4535,California
Fresno,2020-12-25,2,4501,1,4408,1,93,0,0,2,4537,0,0,2,4537,California
Fresno,2020-12-26,723,5224,714,5122,9,102,0,0,723,5260,0,0,723,5260,California
Fresno,2020-12-27,300,5524,204,5326,96,198,0,0,300,5560,0,0,300,5560,California
Fresno,2020-12-28,1063,6587,775,6101,288,486,0,0,1064,6624,0,0,1064,6624,California
Fresno,2020-12-29,1772,8359,1038,7139,734,1220,0,0,1770,8393,1,1,1770,8394,California
Fresno,2020-12-30,982,9341,479,7618,503,1723,0,0,982,9375,0,1,982,9376,California
Fresno,2020-12-31,897,10238,310,7928,587,2310,0,0,896,10271,0,1,896,10272,California
Fresno,2021-01-01,9,10247,3,7931,6,2316,0,0,9,10280,0,1,9,10281,California
Fresno,2021-01-02,1030,11277,717,8648,313,2629,0,0,1030,11310,0,1,1030,11311,California
Fresno,2021-01-03,153,11430,128,8776,25,2654,0,0,153,11463,0,1,153,11464,California
Fresno,2021-01-04,618,12048,376,9152,242,2896,0,0,618,12081,0,1,618,12082,California
Fresno,2021-01-05,780,12828,313,9465,467,3363,0,0,706,12713,74,75,706,12788,California
Fresno,2021-01-06,975,13803,346,9811,629,3992,0,0,803,13344,172,247,803,13591,California
Fresno,2021-01-07,1888,15691,916,10727,972,4964,0,0,1634,14727,254,501,1637,15228,California
Fresno,2021-01-08,1786,17477,613,11340,1173,6137,0,0,1423,15789,361,862,1423,16651,California
Fresno,2021-01-09,629,18106,387,11727,242,6379,0,0,354,15868,275,1137,354,17005,California
Fresno,2021-01-10,517,18623,487,12214,30,6409,0,0,204,15759,313,1450,204,17209,California
Fresno,2021-01-11,2156,20779,1749,13963,407,6816,0,0,1463,16532,693,2143,1466,18675,California
Fresno,2021-01-12,2524,23303,1826,15789,698,7514,0,0,1677,17362,849,2992,1679,20354,California
Fresno,2021-01-13,3537,26840,2421,18210,1116,8630,0,0,2681,19189,856,3848,2683,23037,California
Fresno,2021-01-14,4157,30997,2202,20412,1955,10585,0,0,3686,22405,470,4318,3686,26723,California
Fresno,2021-01-15,3648,34645,2531,22943,1117,11702,0,0,3291,25343,357,4675,3295,30018,California
Fresno,2021-01-16,3153,37798,2310,25253,843,12545,0,0,2688,27568,464,5139,2689,32707,California
Fresno,2021-01-17,977,38775,556,25809,421,12966,0,0,779,28149,198,5337,779,33486,California
Fresno,2021-01-18,3076,41851,2369,28178,707,13673,0,0,2411,29899,663,6000,2413,35899,California
Fresno,2021-01-19,4331,46182,2542,30720,1789,15462,0,0,3680,32932,651,6651,3684,39583,California
Fresno,2021-01-20,3004,49186,1193,31913,1811,17273,0,0,2698,35330,303,6954,2701,42284,California
Fresno,2021-01-21,4378,53564,2025,33938,2353,19626,0,0,4029,39034,330,7284,4034,46318,California
Fresno,2021-01-22,3313,56877,1348,35286,1965,21591,0,0,2924,41587,372,7656,2925,49243,California
Fresno,2021-01-23,3043,59920,1970,37256,1073,22664,0,0,2320,43192,722,8378,2327,51570,California
Fresno,2021-01-24,553,60473,373,37629,180,22844,0,0,348,43338,205,8583,351,51921,California
Fresno,2021-01-25,2344,62817,865,38494,1479,24323,0,0,1855,44708,489,9072,1859,53780,California
Fresno,2021-01-26,2022,64839,584,39078,1438,25761,0,0,1314,45317,706,9778,1315,55095,California
Fresno,2021-01-27,2275,67114,1164,40242,1111,26872,0,0,1753,46552,521,10299,1756,56851,California
Fresno,2021-01-28,4499,71613,3058,43300,1441,28313,0,0,3477,49014,1018,11317,3480,60331,California
Fresno,2021-01-29,1706,73319,983,44283,723,29036,0,0,1409,50130,294,11611,1410,61741,California
Fresno,2021-01-30,1451,74770,551,44834,900,29936,0,0,1034,50747,417,12028,1034,62775,California
Fresno,2021-01-31,226,74996,217,45051,9,29945,0,0,72,50665,154,12182,72,62847,California
Fresno,2021-02-01,3338,78334,1667,46718,1671,31616,0,0,1823,50992,1514,13696,1841,64688,California
Fresno,2021-02-02,2717,81051,551,47269,2166,33782,0,0,1582,51470,1120,14816,1598,66286,California
Fresno,2021-02-03,3542,84593,2091,49360,1451,35233,0,0,1530,51004,1997,16813,1531,67817,California
Fresno,2021-02-04,4199,88792,1899,51259,2300,37533,0,0,1929,50698,2240,19053,1934,69751,California
Fresno,2021-02-05,5332,94124,2724,53983,2608,40141,0,0,2307,49989,3020,22073,2311,72062,California
Fresno,2021-02-06,2937,97061,2049,56032,888,41029,0,0,978,49012,1956,24029,979,73041,California
Fresno,2021-02-07,470,97531,289,56321,181,41210,0,0,275,49093,194,24223,275,73316,California
Fresno,2021-02-08,4276,101807,2292,58613,1984,43194,0,0,1812,48474,2440,26663,1821,75137,California
Fresno,2021-02-09,5330,107137,2084,60697,3246,46440,0,0,3118,49464,2137,28800,3127,78264,California
Fresno,2021-02-10,3883,111020,1236,61933,2647,49087,0,0,1990,49628,1838,30638,2002,80266,California
Fresno,2021-02-11,6458,117478,2097,64030,4361,53448,0,0,3365,49920,3078,33716,3370,83636,California
Fresno,2021-02-12,5387,122865,1384,65414,4003,57451,0,0,2742,50044,2625,36341,2749,86385,California
Fresno,2021-02-13,3737,126602,1548,66962,2189,59640,0,0,2083,50491,1642,37983,2089,88474,California
Fresno,2021-02-14,1562,128164,282,67244,1280,60920,0,0,848,50627,714,38697,850,89324,California
Fresno,2021-02-15,2891,131055,272,67516,2619,63539,0,0,1786,51316,1101,39798,1790,91114,California
Fresno,2021-02-16,6693,137748,2406,69922,4287,67826,0,0,4251,53149,2424,42222,4257,95371,California
Fresno,2021-02-17,5340,143088,2454,72376,2886,70712,0,0,2987,53833,2308,44530,2992,98363,California
Fresno,2021-02-18,6863,149951,2906,75282,3957,74669,0,0,2574,52177,4240,48770,2584,100947,California
Fresno,2021-02-19,3838,153789,1103,76385,2735,77404,0,0,1833,52018,1995,50765,1836,102783,California
Fresno,2021-02-20,4537,158326,2501,78886,2036,79440,0,0,3056,53606,1474,52239,3062,105845,California
Fresno,2021-02-21,191,158517,172,79058,19,79459,0,0,129,53686,49,52288,129,105974,California
Fresno,2021-02-22,2232,160749,1002,80060,1230,80689,0,0,1226,53917,997,53285,1228,107202,California
Fresno,2021-02-23,3904,164653,1494,81554,2410,83099,0,0,3042,56110,851,54136,3044,110246,California
Fresno,2021-02-24,4186,168839,1500,83054,2686,85785,0,0,3437,58811,737,54873,3438,113684,California
Fresno,2021-02-25,7513,176352,2548,85602,4965,90750,0,0,6051,63470,1399,56272,6058,119742,California
Fresno,2021-02-26,8357,184709,3057,88659,5300,96050,0,0,7067,69275,1268,57540,7073,126815,California
Fresno,2021-02-27,6315,191024,2221,90880,4094,100144,0,0,5621,74216,681,58221,5622,132437,California
Fresno,2021-02-28,1651,192675,535,91415,1116,101260,0,0,1561,75701,77,58298,1562,133999,California
Fresno,2021-03-01,4941,197616,1310,92725,3631,104891,0,0,3628,78030,1303,59601,3632,137631,California
Fresno,2021-03-02,8670,206286,2323,95048,6347,111238,0,0,7299,84005,1347,60948,7322,144953,California
Fresno,2021-03-03,6884,213170,1691,96739,5192,116430,1,1,5871,88990,1001,61949,5986,150939,California
Fresno,2021-03-04,8653,221823,2547,99286,6106,122536,0,1,7123,94617,1504,63453,7131,158070,California
Fresno,2021-03-05,8056,229879,2716,102002,5338,127874,2,3,7031,100833,892,64345,7108,165178,California
Fresno,2021-03-06,6481,236360,3548,105550,2815,130689,118,121,5528,105536,947,65292,5650,170828,California
Fresno,2021-03-07,1480,237840,679,106229,766,131455,35,156,1251,106596,227,65519,1287,172115,California
Fresno,2021-03-08,5078,242918,2019,108248,2906,134361,153,309,3899,109489,1170,66689,4063,176178,California
Fresno,2021-03-09,7189,250107,2431,110679,4488,138849,270,579,3996,110615,3175,69864,4301,180479,California
Fresno,2021-03-10,6646,256753,2762,113441,3491,142340,393,972,5241,114864,1395,71259,5644,186123,California
Fresno,2021-03-11,11455,268208,4558,117999,6331,148671,566,1538,6211,116517,5200,76459,6853,192976,California
Fresno,2021-03-12,11648,279856,4993,122992,6202,154873,453,1991,8650,122780,2981,79440,9244,202220,California
Fresno,2021-03-13,8178,288034,3905,126897,3242,158115,1031,3022,3921,123569,4235,83675,5024,207244,California
Fresno,2021-03-14,1766,289800,473,127370,1003,159118,290,3312,665,123433,1090,84765,954,208198,California
Fresno,2021-03-15,7036,296836,3104,130474,3761,162879,171,3483,4872,126513,2149,86914,5229,213427,California
Fresno,2021-03-16,10103,306939,4430,134904,5278,168157,395,3878,6071,129075,4000,90914,6562,219989,California
Fresno,2021-03-17,8606,315545,3883,138787,4029,172186,694,4572,5825,133215,2760,93674,6900,226889,California
Fresno,2021-03-18,12277,327822,6580,145367,5066,177252,631,5203,8014,138069,4216,97890,9070,235959,California
Fresno,2021-03-19,10895,338717,5637,151004,4644,181896,614,5817,7401,142913,3466,101356,8310,244269,California
Fresno,2021-03-20,7385,346102,4425,155429,2648,184544,312,6129,4511,145160,2851,104207,5098,249367,California
Fresno,2021-03-21,1777,347879,1204,156633,202,184746,371,6500,962,145682,811,105018,1333,250700,California
Fresno,2021-03-22,5649,353528,2890,159523,2164,186910,595,7095,3851,148546,1782,106800,4646,255346,California
Fresno,2021-03-23,10531,364059,5238,164761,4800,191710,493,7588,6051,151059,4459,111259,6972,262318,California
Fresno,2021-03-24,8610,372669,3632,168393,4150,195860,828,8416,4735,152833,3841,115100,5615,267933,California
Fresno,2021-03-25,12058,384727,5577,173970,5699,201559,782,9198,6177,154033,5839,120939,7039,274972,California
Fresno,2021-03-26,12022,396749,5331,179301,6048,207607,643,9841,5276,153274,6697,127636,5938,280910,California
Fresno,2021-03-27,9377,406126,4137,183438,4157,211764,1083,10924,2938,150898,6403,134039,4027,284937,California
Fresno,2021-03-28,3280,409406,1196,184634,1397,213161,687,11611,1255,151100,2017,136056,2219,287156,California
Fresno,2021-03-29,5992,415398,1980,186614,3469,216630,543,12154,2891,151469,3077,139133,3446,290602,California
Fresno,2021-03-30,10784,426182,4215,190829,5684,222314,885,13039,4453,150501,6305,145438,5337,295939,California
Fresno,2021-03-31,9261,435443,3324,194153,4954,227268,983,14022,3785,149829,5437,150875,4765,300704,California
Fresno,2021-04-01,11682,447125,4073,198226,6754,234022,855,14877,3928,146911,7659,158534,4741,305445,California
Fresno,2021-04-02,11591,458716,4404,202630,6400,240422,787,15664,4207,144681,7231,165765,5001,310446,California
Fresno,2021-04-03,6186,464902,3375,206005,2559,242981,252,15916,2213,143225,3959,169724,2503,312949,California
Fresno,2021-04-04,1489,466391,533,206538,912,243893,44,15960,560,142909,920,170644,604,313553,California
Fresno,2021-04-05,8290,474681,4467,211005,3027,246920,796,16756,2528,140552,5750,176394,3393,316946,California
Fresno,2021-04-06,9539,484220,4015,215020,4352,251272,1172,17928,3604,139441,5903,182297,4792,321738,California
Fresno,2021-04-07,10305,494525,5311,220331,3807,255079,1187,19115,3555,137495,6715,189012,4769,326507,California
Fresno,2021-04-08,10808,505333,5128,225459,4540,259619,1140,20255,3508,134928,7257,196269,4690,331197,California
Fresno,2021-04-09,10697,516030,5113,230572,4216,263835,1368,21623,3597,132855,7061,203330,4988,336185,California
Fresno,2021-04-10,7838,523868,5146,235718,2171,266006,521,22144,3716,132989,4102,207432,4236,340421,California
Fresno,2021-04-11,1388,525256,928,236646,371,266377,89,22233,448,132592,935,208367,538,340959,California
Fresno,2021-04-12,7130,532386,3769,240415,2457,268834,904,23137,2324,131040,4780,213147,3228,344187,California
Fresno,2021-04-13,8893,541279,4229,244644,4594,273428,70,23207,3488,129319,5370,218517,3649,347836,California
Fresno,2021-04-14,8839,550118,5146,249790,3692,277120,1,23208,3614,127801,5179,223696,3661,351497,California
Fresno,2021-04-15,7831,557949,3642,253432,4186,281306,3,23211,3049,126102,4754,228450,3055,354552,California
Fresno,2021-04-16,8940,566889,4247,257679,4691,285997,2,23213,3830,124868,5071,233521,3837,358389,California
Fresno,2021-04-17,5568,572457,3731,261410,1837,287834,0,23213,2711,124740,2841,236362,2713,361102,California
Fresno,2021-04-18,1020,573477,553,261963,467,288301,0,23213,475,124673,542,236904,475,361577,California
Fresno,2021-04-19,5405,578882,2917,264880,2484,290785,4,23217,2172,123652,3200,240104,2179,363756,California
Fresno,2021-04-20,6811,585693,3312,268192,3491,294276,8,23225,2536,121946,4251,244355,2545,366301,California
Fresno,2021-04-21,6255,591948,3407,271599,2840,297116,8,23233,2584,120896,3646,248001,2596,368897,California
Fresno,2021-04-22,6316,598264,3133,274732,3182,300298,1,23234,2329,119291,3938,251939,2333,371230,California
Fresno,2021-04-23,7005,605269,3761,278493,3225,303523,19,23253,2711,117754,4255,256194,2718,373948,California
Fresno,2021-04-24,4153,609422,2481,280974,1672,305195,0,23253,1956,117526,2184,258378,1956,375904,California
Fresno,2021-04-25,1379,610801,567,281541,810,306005,2,23255,691,117534,684,259062,692,376596,California
Fresno,2021-04-26,3775,614576,1846,283387,1890,307895,39,23294,1598,117014,2155,261217,1635,378231,California
Fresno,2021-04-27,4395,618971,2181,285568,2107,310002,107,23401,1722,116189,2654,263871,1829,380060,California
Fresno,2021-04-28,4696,623667,2624,288192,1947,311949,125,23526,1926,115489,2751,266622,2051,382111,California
Fresno,2021-04-29,4712,628379,2643,290835,1935,313884,134,23660,1734,114408,2949,269571,1868,383979,California
Fresno,2021-04-30,5282,633661,3218,294053,1935,315819,129,23789,2091,113467,3160,272731,2219,386198,California
Fresno,2021-05-01,4177,637838,3464,297517,576,316395,137,23926,1215,111869,2949,275680,1351,387549,California
Fresno,2021-05-02,1245,639083,777,298294,418,316813,50,23976,606,111895,629,276309,655,388204,California
Fresno,2021-05-03,3924,643007,2640,300934,1106,317919,178,24154,1286,110739,2616,278925,1460,389664,California
Fresno,2021-05-04,4644,647651,2345,303279,2156,320075,143,24297,1494,109248,3130,282055,1639,391303,California
Fresno,2021-05-05,4706,652357,2797,306076,1688,321763,221,24518,1439,107658,3243,285298,1653,392956,California
Fresno,2021-05-06,3860,656217,2308,308384,1448,323211,104,24622,1280,106492,2551,287849,1385,394341,California
Fresno,2021-05-07,4940,661157,3262,311646,1524,324735,154,24776,1525,104780,3391,291240,1679,396020,California
Fresno,2021-05-08,3773,664930,2469,314115,1161,325896,143,24919,1073,103319,2683,293923,1222,397242,California
Fresno,2021-05-09,680,665610,361,314476,274,326170,45,24964,326,103339,350,294273,370,397612,California
Fresno,2021-05-10,1655,667265,967,315443,611,326781,77,25041,541,102850,1107,295380,618,398230,California
Glenn,2020-12-17,1,1,1,1,0,0,0,0,1,1,0,0,1,1,California
Glenn,2020-12-19,1,2,1,2,0,0,0,0,1,2,0,0,1,2,California
Glenn,2020-12-20,1,3,1,3,0,0,0,0,1,3,0,0,1,3,California
Glenn,2020-12-21,11,14,11,14,0,0,0,0,11,14,0,0,11,14,California
Glenn,2020-12-22,59,73,59,73,0,0,0,0,59,73,0,0,59,73,California
Glenn,2020-12-23,27,100,27,100,0,0,0,0,27,100,0,0,27,100,California
Glenn,2020-12-24,9,109,9,109,0,0,0,0,9,109,0,0,9,109,California
Glenn,2020-12-26,2,111,2,111,0,0,0,0,2,111,0,0,2,111,California
Glenn,2020-12-27,4,115,4,115,0,0,0,0,4,115,0,0,4,115,California
Glenn,2020-12-28,21,136,21,136,0,0,0,0,21,136,0,0,21,136,California
Glenn,2020-12-29,82,218,82,218,0,0,0,0,82,218,0,0,82,218,California
Glenn,2020-12-30,129,347,106,324,23,23,0,0,129,347,0,0,129,347,California
Glenn,2020-12-31,38,385,9,333,29,52,0,0,38,385,0,0,38,385,California
Glenn,2021-01-02,2,387,2,335,0,52,0,0,2,387,0,0,2,387,California
Glenn,2021-01-04,7,394,5,340,2,54,0,0,7,394,0,0,7,394,California
Glenn,2021-01-05,9,403,8,348,1,55,0,0,9,403,0,0,9,403,California
Glenn,2021-01-06,60,463,8,356,52,107,0,0,60,463,0,0,60,463,California
Glenn,2021-01-07,67,530,12,368,55,162,0,0,65,526,2,2,65,528,California
Glenn,2021-01-08,12,542,9,377,3,165,0,0,12,538,0,2,12,540,California
Glenn,2021-01-10,1,543,1,378,0,165,0,0,0,537,1,3,0,540,California
Glenn,2021-01-11,30,573,30,408,0,165,0,0,12,531,18,21,12,552,California
Glenn,2021-01-12,42,615,37,445,5,170,0,0,14,517,28,49,14,566,California
Glenn,2021-01-13,154,769,89,534,65,235,0,0,110,583,44,93,110,676,California
Glenn,2021-01-14,185,954,96,630,89,324,0,0,175,748,10,103,175,851,California
Glenn,2021-01-15,42,996,34,664,8,332,0,0,37,780,5,108,37,888,California
Glenn,2021-01-16,34,1030,14,678,20,352,0,0,24,794,10,118,24,912,California
Glenn,2021-01-17,4,1034,2,680,2,354,0,0,2,794,2,120,2,914,California
Glenn,2021-01-18,17,1051,16,696,1,355,0,0,9,795,8,128,9,923,California
Glenn,2021-01-19,31,1082,20,716,11,366,0,0,14,792,17,145,14,937,California
Glenn,2021-01-20,163,1245,94,810,69,435,0,0,82,793,81,226,82,1019,California
Glenn,2021-01-21,124,1369,98,908,26,461,0,0,30,729,94,320,30,1049,California
Glenn,2021-01-22,339,1708,65,973,274,735,0,0,332,1054,7,327,332,1381,California
Glenn,2021-01-23,14,1722,7,980,7,742,0,0,12,1064,2,329,12,1393,California
Glenn,2021-01-24,2,1724,2,982,0,742,0,0,2,1066,0,329,2,1395,California
Glenn,2021-01-25,27,1751,9,991,18,760,0,0,24,1087,3,332,24,1419,California
Glenn,2021-01-26,29,1780,13,1004,16,776,0,0,23,1104,6,338,23,1442,California
Glenn,2021-01-27,188,1968,13,1017,175,951,0,0,166,1248,22,360,166,1608,California
Glenn,2021-01-28,146,2114,8,1025,138,1089,0,0,116,1334,30,390,116,1724,California
Glenn,2021-01-29,296,2410,12,1037,284,1373,0,0,282,1602,14,404,282,2006,California
Glenn,2021-01-30,4,2414,0,1037,4,1377,0,0,4,1606,0,404,4,2010,California
Glenn,2021-01-31,1,2415,0,1037,1,1378,0,0,1,1607,0,404,1,2011,California
Glenn,2021-02-01,28,2443,10,1047,18,1396,0,0,16,1611,12,416,16,2027,California
Glenn,2021-02-02,28,2471,13,1060,15,1411,0,0,19,1621,9,425,19,2046,California
Glenn,2021-02-03,207,2678,58,1118,149,1560,0,0,111,1637,96,521,112,2158,California
Glenn,2021-02-04,150,2828,84,1202,66,1626,0,0,45,1577,105,626,45,2203,California
Glenn,2021-02-05,319,3147,24,1226,295,1921,0,0,299,1856,20,646,299,2502,California
Glenn,2021-02-06,14,3161,2,1228,12,1933,0,0,13,1868,1,647,13,2515,California
Glenn,2021-02-07,2,3163,2,1230,0,1933,0,0,2,1870,0,647,2,2517,California
Glenn,2021-02-08,21,3184,17,1247,4,1937,0,0,4,1857,17,664,4,2521,California
Glenn,2021-02-09,49,3233,20,1267,29,1966,0,0,36,1880,13,677,36,2557,California
Glenn,2021-02-10,139,3372,19,1286,120,2086,0,0,65,1871,74,751,65,2622,California
Glenn,2021-02-11,233,3605,133,1419,100,2186,0,0,150,1938,83,834,150,2772,California
Glenn,2021-02-12,420,4025,99,1518,321,2507,0,0,354,2226,66,900,354,3126,California
Glenn,2021-02-13,34,4059,7,1525,27,2534,0,0,16,2224,18,918,16,3142,California
Glenn,2021-02-14,1,4060,0,1525,1,2535,0,0,1,2225,0,918,1,3143,California
Glenn,2021-02-15,8,4068,0,1525,8,2543,0,0,8,2233,0,918,8,3151,California
Glenn,2021-02-16,39,4107,9,1534,30,2573,0,0,21,2236,18,936,21,3172,California
Glenn,2021-02-17,380,4487,15,1549,365,2938,0,0,302,2460,78,1014,302,3474,California
Glenn,2021-02-18,135,4622,100,1649,35,2973,0,0,111,2547,24,1038,111,3585,California
Glenn,2021-02-19,303,4925,17,1666,286,3259,0,0,29,2302,274,1312,29,3614,California
Glenn,2021-02-20,8,4933,0,1666,8,3267,0,0,0,2294,8,1320,0,3614,California
Glenn,2021-02-22,33,4966,14,1680,19,3286,0,0,17,2295,16,1336,17,3631,California
Glenn,2021-02-23,40,5006,10,1690,30,3316,0,0,28,2311,12,1348,28,3659,California
Glenn,2021-02-24,221,5227,15,1705,206,3522,0,0,47,2184,174,1522,47,3706,California
Glenn,2021-02-25,262,5489,148,1853,114,3636,0,0,118,2158,144,1666,118,3824,California
Glenn,2021-02-26,304,5793,24,1877,280,3916,0,0,20,1895,283,1949,20,3844,California
Glenn,2021-02-27,15,5808,5,1882,10,3926,0,0,5,1891,9,1958,5,3849,California
Glenn,2021-02-28,6,5814,3,1885,3,3929,0,0,3,1892,2,1960,3,3852,California
Glenn,2021-03-01,28,5842,6,1891,22,3951,0,0,12,1888,16,1976,12,3864,California
Glenn,2021-03-02,35,5877,7,1898,28,3979,0,0,17,1887,18,1994,17,3881,California
Glenn,2021-03-03,192,6069,37,1935,155,4134,0,0,101,1899,89,2083,101,3982,California
Glenn,2021-03-04,520,6589,175,2110,345,4479,0,0,374,2127,146,2229,374,4356,California
Glenn,2021-03-05,356,6945,48,2158,308,4787,0,0,35,1841,321,2550,35,4391,California
Glenn,2021-03-06,26,6971,3,2161,22,4809,1,1,9,1834,17,2567,10,4401,California
Glenn,2021-03-07,5,6976,0,2161,5,4814,0,1,3,1836,1,2568,3,4404,California
Glenn,2021-03-08,20,6996,2,2163,17,4831,1,2,18,1853,2,2570,19,4423,California
Glenn,2021-03-09,82,7078,11,2174,68,4899,3,5,54,1881,28,2598,56,4479,California
Glenn,2021-03-10,172,7250,68,2242,102,5001,2,7,95,1901,77,2675,97,4576,California
Glenn,2021-03-11,584,7834,170,2412,391,5392,23,30,454,2248,130,2805,477,5053,California
Glenn,2021-03-12,418,8252,14,2426,342,5734,62,92,41,1974,377,3182,103,5156,California
Glenn,2021-03-13,12,8264,1,2427,3,5737,8,100,1,1972,11,3193,9,5165,California
Glenn,2021-03-14,3,8267,1,2428,2,5739,0,100,2,1973,1,3194,2,5167,California
Glenn,2021-03-15,75,8342,15,2443,55,5794,5,105,60,2023,15,3209,65,5232,California
Glenn,2021-03-16,106,8448,33,2476,62,5856,11,116,65,2058,41,3250,76,5308,California
Glenn,2021-03-17,417,8865,97,2573,313,6169,7,123,116,1878,301,3551,121,5429,California
Glenn,2021-03-18,521,9386,215,2788,50,6219,256,379,145,1902,376,3927,400,5829,California
Glenn,2021-03-19,92,9478,16,2804,70,6289,6,385,71,1959,20,3947,77,5906,California
Glenn,2021-03-20,121,9599,1,2805,119,6408,1,386,119,2077,2,3949,120,6026,California
Glenn,2021-03-21,6,9605,5,2810,0,6408,1,387,3,2079,2,3951,4,6030,California
Glenn,2021-03-22,117,9722,54,2864,55,6463,8,395,97,2166,18,3969,105,6135,California
Glenn,2021-03-23,173,9895,66,2930,56,6519,51,446,100,2245,72,4041,151,6286,California
Glenn,2021-03-24,205,10100,99,3029,101,6620,5,451,133,2312,71,4112,138,6424,California
Glenn,2021-03-25,457,10557,227,3256,136,6756,94,545,329,2608,127,4239,423,6847,California
Glenn,2021-03-26,228,10785,36,3292,156,6912,36,581,177,2770,51,4290,213,7060,California
Glenn,2021-03-27,151,10936,22,3314,124,7036,5,586,141,2906,10,4300,146,7206,California
Glenn,2021-03-28,15,10951,10,3324,5,7041,0,586,10,2911,5,4305,10,7216,California
Glenn,2021-03-29,60,11011,20,3344,37,7078,3,589,46,2946,14,4319,49,7265,California
Glenn,2021-03-30,74,11085,42,3386,31,7109,1,590,42,2959,30,4349,43,7308,California
Glenn,2021-03-31,125,11210,35,3421,89,7198,1,591,54,2944,70,4419,55,7363,California
Glenn,2021-04-01,640,11850,183,3604,448,7646,9,600,229,2773,409,4828,238,7601,California
Glenn,2021-04-02,158,12008,25,3629,121,7767,12,612,122,2871,36,4864,134,7735,California
Glenn,2021-04-03,91,12099,4,3633,80,7847,7,619,80,2947,11,4875,87,7822,California
Glenn,2021-04-04,8,12107,3,3636,3,7850,2,621,4,2949,4,4879,6,7828,California
Glenn,2021-04-05,65,12172,25,3661,27,7877,13,634,28,2953,37,4916,41,7869,California
Glenn,2021-04-06,144,12316,52,3713,53,7930,39,673,38,2924,105,5021,76,7945,California
Glenn,2021-04-07,158,12474,46,3759,58,7988,54,727,72,2964,86,5107,126,8071,California
Glenn,2021-04-08,640,13114,189,3948,417,8405,34,761,138,2636,500,5607,172,8243,California
Glenn,2021-04-09,156,13270,57,4005,83,8488,16,777,100,2696,56,5663,116,8359,California
Glenn,2021-04-10,75,13345,1,4006,63,8551,11,788,62,2757,12,5675,73,8432,California
Glenn,2021-04-11,17,13362,8,4014,4,8555,5,793,7,2759,10,5685,12,8444,California
Glenn,2021-04-12,114,13476,25,4039,60,8615,29,822,20,2714,94,5779,49,8493,California
Glenn,2021-04-13,118,13594,63,4102,55,8670,0,822,31,2659,86,5865,31,8524,California
Glenn,2021-04-14,122,13716,47,4149,75,8745,0,822,68,2673,54,5919,68,8592,California
Glenn,2021-04-15,361,14077,275,4424,86,8831,0,822,124,2560,237,6156,124,8716,California
Glenn,2021-04-16,164,14241,40,4464,124,8955,0,822,79,2554,85,6241,79,8795,California
Glenn,2021-04-17,165,14406,17,4481,148,9103,0,822,35,2466,123,6364,35,8830,California
Glenn,2021-04-18,16,14422,3,4484,13,9116,0,822,13,2476,3,6367,13,8843,California
Glenn,2021-04-19,82,14504,17,4501,65,9181,0,822,27,2449,54,6421,27,8870,California
Glenn,2021-04-20,125,14629,81,4582,44,9225,0,822,56,2436,69,6490,56,8926,California
Glenn,2021-04-21,410,15039,307,4889,103,9328,0,822,284,2594,126,6616,284,9210,California
Glenn,2021-04-22,205,15244,45,4934,160,9488,0,822,43,2476,161,6777,43,9253,California
Glenn,2021-04-23,178,15422,24,4958,154,9642,0,822,48,2395,129,6906,48,9301,California
Glenn,2021-04-24,179,15601,32,4990,147,9789,0,822,44,2304,135,7041,44,9345,California
Glenn,2021-04-25,28,15629,16,5006,12,9801,0,822,21,2318,7,7048,21,9366,California
Glenn,2021-04-26,44,15673,9,5015,35,9836,0,822,18,2310,26,7074,18,9384,California
Glenn,2021-04-27,52,15725,39,5054,8,9844,5,827,24,2311,27,7101,28,9412,California
Glenn,2021-04-28,255,15980,177,5231,67,9911,11,838,127,2321,128,7229,138,9550,California
Glenn,2021-04-29,182,16162,23,5254,157,10068,2,840,44,2229,138,7367,46,9596,California
Glenn,2021-04-30,155,16317,34,5288,119,10187,2,842,45,2166,110,7477,47,9643,California
Glenn,2021-05-01,108,16425,13,5301,94,10281,1,843,30,2119,78,7555,31,9674,California
Glenn,2021-05-02,30,16455,12,5313,9,10290,9,852,15,2128,15,7570,24,9698,California
Glenn,2021-05-03,36,16491,23,5336,12,10302,1,853,14,2121,22,7592,15,9713,California
Glenn,2021-05-04,56,16547,32,5368,19,10321,5,858,27,2124,29,7621,32,9745,California
Glenn,2021-05-05,123,16670,35,5403,78,10399,10,868,53,2117,70,7691,63,9808,California
Glenn,2021-05-06,105,16775,42,5445,58,10457,5,873,40,2097,65,7756,45,9853,California
Glenn,2021-05-07,122,16897,33,5478,80,10537,9,882,33,2051,88,7844,42,9895,California
Glenn,2021-05-08,66,16963,11,5489,51,10588,4,886,20,2030,45,7889,24,9919,California
Glenn,2021-05-09,16,16979,11,5500,5,10593,0,886,12,2038,4,7893,12,9931,California
Glenn,2021-05-10,20,16999,5,5505,12,10605,3,889,8,2037,12,7905,11,9942,California
Humboldt,2020-12-15,2,2,2,2,0,0,0,0,2,2,0,0,2,2,California
Humboldt,2020-12-16,15,17,15,17,0,0,0,0,15,17,0,0,15,17,California
Humboldt,2020-12-17,117,134,117,134,0,0,0,0,117,134,0,0,117,134,California
Humboldt,2020-12-18,177,311,177,311,0,0,0,0,177,311,0,0,177,311,California
Humboldt,2020-12-19,10,321,10,321,0,0,0,0,10,321,0,0,10,321,California
Humboldt,2020-12-20,28,349,28,349,0,0,0,0,28,349,0,0,28,349,California
Humboldt,2020-12-21,166,515,166,515,0,0,0,0,166,515,0,0,166,515,California
Humboldt,2020-12-22,296,811,296,811,0,0,0,0,296,811,0,0,296,811,California
Humboldt,2020-12-23,310,1121,262,1073,48,48,0,0,312,1123,0,0,312,1123,California
Humboldt,2020-12-24,25,1146,2,1075,23,71,0,0,25,1148,0,0,25,1148,California
Humboldt,2020-12-25,2,1148,2,1077,0,71,0,0,2,1150,0,0,2,1150,California
Humboldt,2020-12-26,6,1154,5,1082,1,72,0,0,6,1156,0,0,6,1156,California
Humboldt,2020-12-28,156,1310,145,1227,11,83,0,0,156,1312,0,0,156,1312,California
Humboldt,2020-12-29,171,1481,124,1351,47,130,0,0,171,1483,0,0,171,1483,California
Humboldt,2020-12-30,223,1704,124,1475,99,229,0,0,223,1706,0,0,223,1706,California
Humboldt,2020-12-31,242,1946,79,1554,163,392,0,0,242,1948,0,0,242,1948,California
Humboldt,2021-01-01,2,1948,1,1555,1,393,0,0,2,1950,0,0,2,1950,California
Humboldt,2021-01-02,38,1986,1,1556,37,430,0,0,38,1988,0,0,38,1988,California
Humboldt,2021-01-04,217,2203,142,1698,75,505,0,0,218,2206,0,0,218,2206,California
Humboldt,2021-01-05,129,2332,18,1716,111,616,0,0,128,2333,1,1,128,2334,California
Humboldt,2021-01-06,302,2634,204,1920,98,714,0,0,229,2501,61,62,229,2563,California
Humboldt,2021-01-07,419,3053,307,2227,112,826,0,0,305,2707,99,161,305,2868,California
Humboldt,2021-01-08,419,3472,280,2507,139,965,0,0,284,2860,131,292,284,3152,California
Humboldt,2021-01-09,69,3541,45,2552,24,989,0,0,66,2924,3,295,67,3219,California
Humboldt,2021-01-10,84,3625,84,2636,0,989,0,0,4,2848,80,375,4,3223,California
Humboldt,2021-01-11,288,3913,277,2913,11,1000,0,0,72,2708,212,587,72,3295,California
Humboldt,2021-01-12,482,4395,319,3232,163,1163,0,0,298,2844,162,749,298,3593,California
Humboldt,2021-01-13,481,4876,275,3507,206,1369,0,0,304,2975,174,923,305,3898,California
Humboldt,2021-01-14,521,5397,164,3671,357,1726,0,0,465,3385,56,979,466,4364,California
Humboldt,2021-01-15,374,5771,39,3710,335,2061,0,0,357,3725,17,996,357,4721,California
Humboldt,2021-01-16,170,5941,6,3716,164,2225,0,0,169,3893,1,997,169,4890,California
Humboldt,2021-01-17,6,5947,4,3720,2,2227,0,0,6,3899,0,997,6,4896,California
Humboldt,2021-01-18,294,6241,259,3979,35,2262,0,0,144,3893,150,1147,144,5040,California
Humboldt,2021-01-19,625,6866,372,4351,253,2515,0,0,498,4270,121,1268,498,5538,California
Humboldt,2021-01-20,914,7780,404,4755,510,3025,0,0,766,4898,140,1408,768,6306,California
Humboldt,2021-01-21,958,8738,260,5015,698,3723,0,0,916,5772,42,1450,916,7222,California
Humboldt,2021-01-22,676,9414,376,5391,300,4023,0,0,668,6432,8,1458,668,7890,California
Humboldt,2021-01-23,812,10226,272,5663,540,4563,0,0,803,7227,9,1467,804,8694,California
Humboldt,2021-01-24,226,10452,1,5664,225,4788,0,0,225,7451,1,1468,225,8919,California
Humboldt,2021-01-25,304,10756,233,5897,71,4859,0,0,149,7445,155,1623,149,9068,California
Humboldt,2021-01-26,526,11282,141,6038,385,5244,0,0,476,7871,50,1673,476,9544,California
Humboldt,2021-01-27,1260,12542,587,6625,673,5917,0,0,1194,9008,59,1732,1196,10740,California
Humboldt,2021-01-28,1456,13998,634,7259,822,6739,0,0,1320,10197,133,1865,1322,12062,California
Humboldt,2021-01-29,1131,15129,546,7805,585,7324,0,0,707,10481,424,2289,708,12770,California
Humboldt,2021-01-30,974,16103,457,8262,517,7841,0,0,961,11430,13,2302,962,13732,California
Humboldt,2021-01-31,312,16415,311,8573,1,7842,0,0,311,11740,1,2303,311,14043,California
Humboldt,2021-02-01,333,16748,192,8765,141,7983,0,0,189,11786,143,2446,189,14232,California
Humboldt,2021-02-02,444,17192,74,8839,370,8353,0,0,339,12025,102,2548,341,14573,California
Humboldt,2021-02-03,655,17847,257,9096,398,8751,0,0,505,12380,150,2698,505,15078,California
Humboldt,2021-02-04,638,18485,262,9358,376,9127,0,0,441,12627,194,2892,441,15519,California
Humboldt,2021-02-05,811,19296,94,9452,717,9844,0,0,625,13066,186,3078,625,16144,California
Humboldt,2021-02-06,1057,20353,445,9897,612,10456,0,0,1016,14043,40,3118,1017,17161,California
Humboldt,2021-02-07,379,20732,9,9906,370,10826,0,0,374,14414,4,3122,375,17536,California
Humboldt,2021-02-08,325,21057,142,10048,183,11009,0,0,184,14458,140,3262,184,17720,California
Humboldt,2021-02-09,494,21551,220,10268,274,11283,0,0,179,14322,315,3577,179,17899,California
Humboldt,2021-02-10,563,22114,370,10638,193,11476,0,0,232,14228,326,3903,232,18131,California
Humboldt,2021-02-11,1295,23409,394,11032,901,12377,0,0,509,13954,783,4686,509,18640,California
Humboldt,2021-02-12,1147,24556,736,11768,411,12788,0,0,707,14221,440,5126,707,19347,California
Humboldt,2021-02-13,1504,26060,556,12324,948,13736,0,0,915,14549,587,5713,915,20262,California
Humboldt,2021-02-14,112,26172,5,12329,107,13843,0,0,109,14656,2,5715,109,20371,California
Humboldt,2021-02-15,292,26464,78,12407,214,14057,0,0,195,14754,97,5812,195,20566,California
Humboldt,2021-02-16,534,26998,118,12525,416,14473,0,0,253,14727,281,6093,254,20820,California
Humboldt,2021-02-17,453,27451,281,12806,172,14645,0,0,137,14549,315,6408,137,20957,California
Humboldt,2021-02-18,969,28420,596,13402,373,15018,0,0,229,14040,738,7146,229,21186,California
Humboldt,2021-02-19,476,28896,434,13836,42,15060,0,0,89,13745,384,7530,89,21275,California
Humboldt,2021-02-20,1589,30485,979,14815,610,15670,0,0,473,13107,1113,8643,475,21750,California
Humboldt,2021-02-21,479,30964,471,15286,8,15678,0,0,183,12995,296,8939,184,21934,California
Humboldt,2021-02-22,127,31091,92,15378,35,15713,0,0,28,12926,97,9036,28,21962,California
Humboldt,2021-02-23,173,31264,70,15448,103,15816,0,0,40,12835,131,9167,40,22002,California
Humboldt,2021-02-24,1164,32428,705,16153,459,16275,0,0,586,12844,577,9744,586,22588,California
Humboldt,2021-02-25,831,33259,316,16469,515,16790,0,0,228,12471,601,10345,228,22816,California
Humboldt,2021-02-26,2144,35403,106,16575,2038,18828,0,0,450,11234,1688,12033,451,23267,California
Humboldt,2021-02-27,1693,37096,1075,17650,618,19446,0,0,869,11285,822,12855,873,24140,California
Humboldt,2021-02-28,121,37217,11,17661,110,19556,0,0,117,11398,4,12859,117,24257,California
Humboldt,2021-03-01,258,37475,47,17708,211,19767,0,0,183,11506,75,12934,183,24440,California
Humboldt,2021-03-02,286,37761,48,17756,238,20005,0,0,156,11532,130,13064,156,24596,California
Humboldt,2021-03-03,1654,39415,1097,18853,557,20562,0,0,1223,12332,424,13488,1224,25820,California
Humboldt,2021-03-04,889,40304,112,18965,777,21339,0,0,270,11985,619,14107,272,26092,California
Humboldt,2021-03-05,936,41240,183,19148,742,22081,11,11,380,11824,552,14659,391,26483,California
Humboldt,2021-03-06,1698,42938,840,19988,809,22890,49,60,712,11600,985,15644,761,27244,California
Humboldt,2021-03-07,364,43302,296,20284,50,22940,18,78,157,11568,207,15851,175,27419,California
Humboldt,2021-03-08,262,43564,7,20291,177,23117,78,156,168,11720,94,15945,246,27665,California
Humboldt,2021-03-09,478,44042,203,20494,128,23245,147,303,230,11851,246,16191,377,28042,California
Humboldt,2021-03-10,688,44730,466,20960,69,23314,153,456,419,12153,268,16459,570,28612,California
Humboldt,2021-03-11,1445,46175,463,21423,883,24197,99,555,627,12062,816,17275,725,29337,California
Humboldt,2021-03-12,1746,47921,1082,22505,442,24639,222,777,1053,12655,685,17960,1278,30615,California
Humboldt,2021-03-13,1569,49490,1021,23526,496,25135,52,829,678,12500,885,18845,730,31345,California
Humboldt,2021-03-14,142,49632,18,23544,115,25250,9,838,28,12423,114,18959,37,31382,California
Humboldt,2021-03-15,275,49907,51,23595,204,25454,20,858,59,12286,216,19175,79,31461,California
Humboldt,2021-03-16,633,50540,200,23795,173,25627,260,1118,259,12430,373,19548,517,31978,California
Humboldt,2021-03-17,731,51271,397,24192,226,25853,108,1226,338,12484,392,19940,446,32424,California
Humboldt,2021-03-18,1733,53004,1164,25356,526,26379,43,1269,1040,12879,688,20628,1083,33507,California
Humboldt,2021-03-19,1073,54077,58,25414,701,27080,314,1583,439,13000,631,21259,752,34259,California
Humboldt,2021-03-20,1375,55452,751,26165,611,27691,13,1596,428,12497,945,22204,442,34701,California
Humboldt,2021-03-21,247,55699,33,26198,185,27876,29,1625,200,12679,47,22251,229,34930,California
Humboldt,2021-03-22,114,55813,15,26213,49,27925,50,1675,57,12731,55,22306,107,35037,California
Humboldt,2021-03-23,411,56224,41,26254,327,28252,43,1718,320,13005,89,22395,363,35400,California
Humboldt,2021-03-24,1414,57638,389,26643,977,29229,48,1766,1037,13719,369,22764,1083,36483,California
Humboldt,2021-03-25,1831,59469,1206,27849,563,29792,62,1828,945,13842,884,23648,1007,37490,California
Humboldt,2021-03-26,2036,61505,437,28286,1543,31335,56,1884,1595,15056,436,24084,1650,39140,California
Humboldt,2021-03-27,1936,63441,1437,29723,330,31665,169,2053,1066,15425,866,24950,1235,40375,California
Humboldt,2021-03-28,267,63708,81,29804,115,31780,71,2124,85,15400,182,25132,157,40532,California
Humboldt,2021-03-29,467,64175,126,29930,246,32026,95,2219,198,15424,268,25400,292,40824,California
Humboldt,2021-03-30,937,65112,304,30234,520,32546,113,2332,563,15729,370,25770,675,41499,California
Humboldt,2021-03-31,1849,66961,518,30752,1235,33781,96,2428,1397,16775,449,26219,1495,42994,California
Humboldt,2021-04-01,2093,69054,702,31454,1300,35081,91,2519,1478,17736,608,26827,1569,44563,California
Humboldt,2021-04-02,1691,70745,1099,32553,488,35569,104,2623,603,17361,1082,27909,707,45270,California
Humboldt,2021-04-03,1654,72399,1496,34049,142,35711,16,2639,661,17055,983,28892,677,45947,California
Humboldt,2021-04-04,479,72878,369,34418,101,35812,9,2648,405,17396,74,28966,415,46362,California
Humboldt,2021-04-05,760,73638,456,34874,256,36068,48,2696,438,17562,320,29286,486,46848,California
Humboldt,2021-04-06,834,74472,316,35190,384,36452,134,2830,585,18036,243,29529,717,47565,California
Humboldt,2021-04-07,1489,75961,1057,36247,293,36745,139,2969,986,18660,501,30030,1125,48690,California
Humboldt,2021-04-08,1723,77684,1085,37332,480,37225,158,3127,732,18560,990,31020,890,49580,California
Humboldt,2021-04-09,1423,79107,432,37764,838,38063,153,3280,1140,19564,282,31302,1286,50866,California
Humboldt,2021-04-10,926,80033,135,37899,616,38679,175,3455,728,20269,196,31498,901,51767,California
Humboldt,2021-04-11,636,80669,137,38036,33,38712,466,3921,126,20350,510,32008,591,52358,California
Humboldt,2021-04-12,431,81100,224,38260,83,38795,124,4045,275,20593,156,32164,399,52757,California
Humboldt,2021-04-13,581,81681,321,38581,257,39052,3,4048,546,21110,31,32195,548,53305,California
Humboldt,2021-04-14,1420,83101,1030,39611,390,39442,0,4048,1309,22309,110,32305,1309,54614,California
Humboldt,2021-04-15,1809,84910,1194,40805,611,40053,4,4052,1242,23004,549,32854,1244,55858,California
Humboldt,2021-04-16,1119,86029,514,41319,605,40658,0,4052,537,22962,579,33433,537,56395,California
Humboldt,2021-04-17,1595,87624,1274,42593,321,40979,0,4052,1010,23393,579,34012,1010,57405,California
Humboldt,2021-04-18,505,88129,341,42934,164,41143,0,4052,93,23078,408,34420,93,57498,California
Humboldt,2021-04-19,186,88315,83,43017,103,41246,0,4052,71,23036,113,34533,71,57569,California
Humboldt,2021-04-20,476,88791,133,43150,343,41589,0,4052,234,23029,241,34774,234,57803,California
Humboldt,2021-04-21,1080,89871,374,43524,706,42295,0,4052,426,22812,644,35418,427,58230,California
Humboldt,2021-04-22,850,90721,498,44022,350,42645,2,4054,429,22822,419,35837,429,58659,California
Humboldt,2021-04-23,2146,92867,298,44320,1848,44493,0,4054,314,21307,1829,37666,314,58973,California
Humboldt,2021-04-24,1011,93878,875,45195,131,44624,5,4059,349,21001,660,38326,354,59327,California
Humboldt,2021-04-25,373,94251,238,45433,135,44759,0,4059,193,21017,177,38503,193,59520,California
Humboldt,2021-04-26,265,94516,186,45619,76,44835,3,4062,79,20913,184,38687,80,59600,California
Humboldt,2021-04-27,635,95151,192,45811,425,45260,18,4080,126,20550,507,39194,144,59744,California
Humboldt,2021-04-28,1520,96671,788,46599,688,45948,44,4124,394,19864,1124,40318,438,60182,California
Humboldt,2021-04-29,1710,98381,568,47167,1104,47052,38,4162,268,18732,1438,41756,306,60488,California
Humboldt,2021-04-30,1227,99608,384,47551,810,47862,33,4195,194,17930,1027,42783,225,60713,California
Humboldt,2021-05-01,457,100065,378,47929,57,47919,22,4217,284,18064,172,42955,306,61019,California
Humboldt,2021-05-02,227,100292,182,48111,36,47955,9,4226,113,18074,113,43068,123,61142,California
Humboldt,2021-05-03,600,100892,371,48482,206,48161,23,4249,94,17687,504,43572,117,61259,California
Humboldt,2021-05-04,797,101689,476,48958,279,48440,42,4291,241,17416,553,44125,282,61541,California
Humboldt,2021-05-05,1685,103374,1083,50041,545,48985,57,4348,180,16153,1498,45623,235,61776,California
Humboldt,2021-05-06,1625,104999,1042,51083,337,49322,246,4594,123,15023,1499,47122,369,62145,California
Humboldt,2021-05-07,1407,106406,303,51386,1048,50370,56,4650,233,14138,1172,48294,287,62432,California
Humboldt,2021-05-08,692,107098,105,51491,566,50936,21,4671,82,13632,609,48903,103,62535,California
Humboldt,2021-05-09,901,107999,852,52343,40,50976,9,4680,43,12826,858,49761,52,62587,California
Humboldt,2021-05-10,84,108083,9,52352,57,51033,18,4698,39,12838,45,49806,57,62644,California
Imperial,2020-12-16,1,1,1,1,0,0,0,0,1,1,0,0,1,1,California
Imperial,2020-12-17,4,5,4,5,0,0,0,0,4,5,0,0,4,5,California
Imperial,2020-12-18,12,17,12,17,0,0,0,0,12,17,0,0,12,17,California
Imperial,2020-12-20,2,19,2,19,0,0,0,0,2,19,0,0,2,19,California
Imperial,2020-12-21,186,205,186,205,0,0,0,0,186,205,0,0,186,205,California
Imperial,2020-12-22,241,446,239,444,2,2,0,0,241,446,0,0,241,446,California
Imperial,2020-12-23,210,656,209,653,1,3,0,0,209,655,0,0,209,655,California
Imperial,2020-12-24,5,661,5,658,0,3,0,0,5,660,0,0,5,660,California
Imperial,2020-12-26,1,662,0,658,1,4,0,0,1,661,0,0,1,661,California
Imperial,2020-12-27,62,724,0,658,62,66,0,0,62,723,0,0,62,723,California
Imperial,2020-12-28,214,938,114,772,100,166,0,0,214,937,0,0,214,937,California
Imperial,2020-12-29,189,1127,36,808,153,319,0,0,189,1126,0,0,189,1126,California
Imperial,2020-12-30,366,1493,50,858,316,635,0,0,366,1492,0,0,366,1492,California
Imperial,2020-12-31,197,1690,26,884,171,806,0,0,197,1689,0,0,197,1689,California
Imperial,2021-01-01,47,1737,5,889,42,848,0,0,47,1736,0,0,47,1736,California
Imperial,2021-01-02,4,1741,0,889,4,852,0,0,4,1740,0,0,4,1740,California
Imperial,2021-01-03,90,1831,0,889,90,942,0,0,90,1830,0,0,90,1830,California
Imperial,2021-01-04,85,1916,5,894,80,1022,0,0,85,1915,0,0,85,1915,California
Imperial,2021-01-05,173,2089,14,908,159,1181,0,0,173,2088,0,0,173,2088,California
Imperial,2021-01-06,190,2279,25,933,165,1346,0,0,189,2276,1,1,189,2277,California
Imperial,2021-01-07,319,2598,9,942,310,1656,0,0,316,2589,3,4,316,2593,California
Imperial,2021-01-08,192,2790,52,994,140,1796,0,0,182,2761,10,14,182,2775,California
Imperial,2021-01-09,24,2814,21,1015,3,1799,0,0,24,2785,0,14,24,2799,California
Imperial,2021-01-10,1,2815,0,1015,1,1800,0,0,1,2786,0,14,1,2800,California
Imperial,2021-01-11,402,3217,243,1258,159,1959,0,0,174,2732,228,242,174,2974,California
Imperial,2021-01-12,404,3621,302,1560,102,2061,0,0,142,2613,261,503,142,3116,California
Imperial,2021-01-13,379,4000,132,1692,247,2308,0,0,280,2794,99,602,280,3396,California
Imperial,2021-01-14,260,4260,151,1843,109,2417,0,0,254,3043,5,607,254,3650,California
Imperial,2021-01-15,241,4501,182,2025,59,2476,0,0,234,3270,7,614,234,3884,California
Imperial,2021-01-16,77,4578,73,2098,4,2480,0,0,76,3345,1,615,76,3960,California
Imperial,2021-01-17,10,4588,2,2100,8,2488,0,0,10,3355,0,615,10,3970,California
Imperial,2021-01-18,1053,5641,399,2499,654,3142,0,0,955,4213,98,713,956,4926,California
Imperial,2021-01-19,165,5806,129,2628,36,3178,0,0,118,4284,47,760,118,5044,California
Imperial,2021-01-20,292,6098,195,2823,97,3275,0,0,254,4500,38,798,254,5298,California
Imperial,2021-01-21,415,6513,183,3006,232,3507,0,0,395,4875,20,818,395,5693,California
Imperial,2021-01-22,457,6970,189,3195,268,3775,0,0,448,5314,9,827,448,6141,California
Imperial,2021-01-23,1041,8011,290,3485,751,4526,0,0,1040,6353,1,828,1040,7181,California
Imperial,2021-01-24,11,8022,4,3489,7,4533,0,0,11,6364,0,828,11,7192,California
Imperial,2021-01-25,213,8235,5,3494,208,4741,0,0,34,6220,178,1006,34,7226,California
Imperial,2021-01-26,360,8595,185,3679,175,4916,0,0,217,6294,143,1149,217,7443,California
Imperial,2021-01-27,570,9165,162,3841,408,5324,0,0,237,6198,333,1482,237,7680,California
Imperial,2021-01-28,632,9797,159,4000,473,5797,0,0,525,6616,107,1589,525,8205,California
Imperial,2021-01-29,424,10221,296,4296,128,5925,0,0,374,6940,50,1639,374,8579,California
Imperial,2021-01-30,56,10277,31,4327,25,5950,0,0,39,6962,17,1656,39,8618,California
Imperial,2021-01-31,17,10294,7,4334,10,5960,0,0,16,6977,1,1657,16,8634,California
Imperial,2021-02-01,420,10714,54,4388,366,6326,0,0,209,6977,209,1866,209,8843,California
Imperial,2021-02-02,680,11394,54,4442,626,6952,0,0,499,7295,181,2047,499,9342,California
Imperial,2021-02-03,457,11851,48,4490,409,7361,0,0,264,7367,192,2239,264,9606,California
Imperial,2021-02-04,1723,13574,1203,5693,520,7881,0,0,1408,8462,313,2552,1408,11014,California
Imperial,2021-02-05,389,13963,241,5934,148,8029,0,0,152,8379,235,2787,152,11166,California
Imperial,2021-02-06,861,14824,838,6772,23,8052,0,0,824,9167,36,2823,824,11990,California
Imperial,2021-02-07,21,14845,9,6781,12,8064,0,0,20,9186,1,2824,20,12010,California
Imperial,2021-02-08,250,15095,42,6823,208,8272,0,0,182,9300,68,2892,182,12192,California
Imperial,2021-02-09,462,15557,146,6969,316,8588,0,0,304,9446,158,3050,304,12496,California
Imperial,2021-02-10,385,15942,56,7025,329,8917,0,0,95,9252,290,3340,96,12592,California
Imperial,2021-02-11,465,16407,259,7284,206,9123,0,0,89,8965,376,3716,89,12681,California
Imperial,2021-02-12,2130,18537,1411,8695,719,9842,0,0,1778,10392,351,4067,1778,14459,California
Imperial,2021-02-13,42,18579,18,8713,24,9866,0,0,34,10419,8,4075,35,14494,California
Imperial,2021-02-14,24,18603,12,8725,12,9878,0,0,21,10437,3,4078,21,14515,California
Imperial,2021-02-15,30,18633,10,8735,20,9898,0,0,23,10453,7,4085,23,14538,California
Imperial,2021-02-16,514,19147,267,9002,247,10145,0,0,293,10525,221,4306,293,14831,California
Imperial,2021-02-17,439,19586,285,9287,154,10299,0,0,83,10252,356,4662,83,14914,California
Imperial,2021-02-18,646,20232,308,9595,338,10637,0,0,140,9888,504,5166,140,15054,California
Imperial,2021-02-19,767,20999,382,9977,385,11022,0,0,192,9506,574,5740,192,15246,California
Imperial,2021-02-20,1039,22038,191,10168,848,11870,0,0,325,9120,713,6453,327,15573,California
Imperial,2021-02-21,588,22626,554,10722,34,11904,0,0,577,9687,10,6463,577,16150,California
Imperial,2021-02-22,807,23433,567,11289,240,12144,0,0,758,10396,49,6512,758,16908,California
Imperial,2021-02-23,960,24393,395,11684,565,12709,0,0,907,11250,53,6565,907,17815,California
Imperial,2021-02-24,700,25093,285,11969,415,13124,0,0,603,11757,96,6661,603,18418,California
Imperial,2021-02-25,817,25910,338,12307,479,13603,0,0,451,11848,365,7026,456,18874,California
Imperial,2021-02-26,1745,27655,1351,13658,394,13997,0,0,1570,13246,173,7199,1571,20445,California
Imperial,2021-02-27,860,28515,811,14469,49,14046,0,0,121,12629,739,7938,122,20567,California
Imperial,2021-02-28,31,28546,20,14489,11,14057,0,0,21,12640,10,7948,21,20588,California
Imperial,2021-03-01,494,29040,295,14784,198,14255,1,1,428,13006,64,8012,430,21018,California
Imperial,2021-03-02,674,29714,247,15031,427,14682,0,1,385,13105,288,8300,387,21405,California
Imperial,2021-03-03,927,30641,49,15080,877,15559,1,2,558,13309,366,8666,570,21975,California
Imperial,2021-03-04,746,31387,76,15156,669,16228,1,3,485,13565,259,8925,515,22490,California
Imperial,2021-03-05,2572,33959,1939,17095,633,16861,0,3,1247,13492,1322,10247,1249,23739,California
Imperial,2021-03-06,690,34649,238,17333,452,17313,0,3,649,14107,38,10285,653,24392,California
Imperial,2021-03-07,75,34724,41,17374,34,17347,0,3,54,14141,21,10306,55,24447,California
Imperial,2021-03-08,415,35139,331,17705,49,17396,35,38,362,14486,52,10358,397,24844,California
Imperial,2021-03-09,681,35820,310,18015,125,17521,246,284,398,14846,283,10641,643,25487,California
Imperial,2021-03-10,684,36504,313,18328,267,17788,104,388,320,14908,363,11004,425,25912,California
Imperial,2021-03-11,1786,38290,477,18805,1117,18905,192,580,1184,15694,601,11605,1387,27299,California
Imperial,2021-03-12,3702,41992,2539,21344,977,19882,186,766,2103,16386,1597,13202,2289,29588,California
Imperial,2021-03-13,1143,43135,92,21436,828,20710,223,989,857,17185,284,13486,1083,30671,California
Imperial,2021-03-14,169,43304,31,21467,126,20836,12,1001,139,17307,30,13516,152,30823,California
Imperial,2021-03-15,671,43975,214,21681,198,21034,259,1260,374,17645,295,13811,633,31456,California
Imperial,2021-03-16,1070,45045,275,21956,341,21375,454,1714,534,18097,534,14345,986,32442,California
Imperial,2021-03-17,1571,46616,689,22645,745,22120,137,1851,992,18651,576,14921,1130,33572,California
Imperial,2021-03-18,1779,48395,1176,23821,543,22663,60,1911,1251,19438,526,15447,1313,34885,California
Imperial,2021-03-19,3338,51733,2446,26267,888,23551,4,1915,1501,19115,1829,17276,1506,36391,California
Imperial,2021-03-20,864,52597,550,26817,309,23860,5,1920,420,19106,440,17716,431,36822,California
Imperial,2021-03-21,217,52814,35,26852,178,24038,4,1924,159,19215,58,17774,167,36989,California
Imperial,2021-03-22,1046,53860,339,27191,700,24738,7,1931,622,19423,423,18197,631,37620,California
Imperial,2021-03-23,1390,55250,411,27602,972,25710,7,1938,890,19825,497,18694,899,38519,California
Imperial,2021-03-24,1870,57120,542,28144,901,26611,427,2365,899,20182,968,19662,1325,39844,California
Imperial,2021-03-25,2908,60028,506,28650,884,27495,1518,3883,1018,20824,1886,21548,2528,42372,California
Imperial,2021-03-26,2488,62516,881,29531,736,28231,871,4754,776,20767,1705,23253,1648,44020,California
Imperial,2021-03-27,596,63112,282,29813,262,28493,52,4806,436,21098,157,23410,488,44508,California
Imperial,2021-03-28,209,63321,51,29864,156,28649,2,4808,171,21234,37,23447,173,44681,California
Imperial,2021-03-29,1213,64534,348,30212,391,29040,474,5282,317,21132,894,24341,792,45473,California
Imperial,2021-03-30,1819,66353,675,30887,592,29632,552,5834,675,21216,1144,25485,1228,46701,California
Imperial,2021-03-31,1522,67875,712,31599,805,30437,5,5839,1005,21710,515,26000,1009,47710,California
Imperial,2021-04-01,1912,69787,399,31998,1271,31708,242,6081,832,21709,1074,27074,1073,48783,California
Imperial,2021-04-02,1264,71051,450,32448,740,32448,74,6155,749,22018,513,27587,822,49605,California
Imperial,2021-04-03,1494,72545,407,32855,1008,33456,79,6234,686,21978,805,28392,765,50370,California
Imperial,2021-04-04,84,72629,40,32895,28,33484,16,6250,25,21960,59,28451,41,50411,California
Imperial,2021-04-05,2112,74741,1281,34176,764,34248,67,6317,402,20727,1703,30154,470,50881,California
Imperial,2021-04-06,1294,76035,526,34702,579,34827,189,6506,681,20988,610,30764,871,51752,California
Imperial,2021-04-07,2148,78183,549,35251,1223,36050,376,6882,1538,22295,607,31371,1914,53666,California
Imperial,2021-04-08,2184,80367,1070,36321,820,36870,294,7176,1076,22558,1105,32476,1368,55034,California
Imperial,2021-04-09,2146,82513,634,36955,896,37766,616,7792,836,22703,1306,33782,1451,56485,California
Imperial,2021-04-10,1276,83789,184,37139,821,38587,271,8063,215,22128,1059,34841,484,56969,California
Imperial,2021-04-11,218,84007,30,37169,156,38743,32,8095,75,22092,143,34984,107,57076,California
Imperial,2021-04-12,1407,85414,761,37930,430,39173,216,8311,793,22493,610,35594,1011,58087,California
Imperial,2021-04-13,2355,87769,1512,39442,841,40014,2,8313,1671,23485,680,36274,1672,59759,California
Imperial,2021-04-14,2008,89777,940,40382,1068,41082,0,8313,1420,24323,583,36857,1421,61180,California
Imperial,2021-04-15,1967,91744,908,41290,1059,42141,0,8313,1379,25120,584,37441,1381,62561,California
Imperial,2021-04-16,2296,94040,1171,42461,1125,43266,0,8313,1398,25626,892,38333,1398,63959,California
Imperial,2021-04-17,1807,95847,926,43387,879,44145,2,8315,1424,26675,378,38711,1427,65386,California
Imperial,2021-04-18,250,96097,69,43456,181,44326,0,8315,90,26606,159,38870,90,65476,California
Imperial,2021-04-19,825,96922,263,43719,562,44888,0,8315,486,26758,338,39208,490,65966,California
Imperial,2021-04-20,1300,98222,513,44232,787,45675,0,8315,760,26981,537,39745,760,66726,California
Imperial,2021-04-21,1347,99569,324,44556,1023,46698,0,8315,807,27251,537,40282,807,67533,California
Imperial,2021-04-22,2008,101577,772,45328,1236,47934,0,8315,1411,28075,589,40871,1413,68946,California
Imperial,2021-04-23,1579,103156,400,45728,1179,49113,0,8315,860,28236,703,41574,864,69810,California
Imperial,2021-04-24,528,103684,313,46041,215,49328,0,8315,203,28116,323,41897,203,70013,California
Imperial,2021-04-25,263,103947,96,46137,167,49495,0,8315,135,28124,127,42024,135,70148,California
Imperial,2021-04-26,984,104931,435,46572,546,50041,3,8318,652,28448,331,42355,655,70803,California
Imperial,2021-04-27,919,105850,338,46910,573,50614,8,8326,475,28487,444,42799,483,71286,California
Imperial,2021-04-28,1303,107153,595,47505,682,51296,26,8352,628,28470,671,43470,654,71940,California
Imperial,2021-04-29,1736,108889,843,48348,846,52142,47,8399,790,28369,939,44409,838,72778,California
Imperial,2021-04-30,1420,110309,728,49076,662,52804,30,8429,1022,29028,393,44802,1052,73830,California
Imperial,2021-05-01,302,110611,116,49192,184,52988,2,8431,154,29037,148,44950,157,73987,California
Imperial,2021-05-02,82,110693,24,49216,56,53044,2,8433,53,29064,29,44979,56,74043,California
Imperial,2021-05-03,1558,112251,546,49762,965,54009,47,8480,355,28271,1196,46175,403,74446,California
Imperial,2021-05-04,1521,113772,781,50543,718,54727,22,8502,497,27771,1020,47195,520,74966,California
Imperial,2021-05-05,1462,115234,885,51428,557,55284,20,8522,441,27221,1012,48207,462,75428,California
Imperial,2021-05-06,1555,116789,1097,52525,430,55714,28,8550,576,26852,973,49180,604,76032,California
Imperial,2021-05-07,1444,118233,898,53423,509,56223,37,8587,601,26652,838,50018,638,76670,California
Imperial,2021-05-08,272,118505,145,53568,119,56342,8,8595,131,26655,136,50154,139,76809,California
Imperial,2021-05-09,94,118599,60,53628,33,56375,1,8596,33,26630,59,50213,34,76843,California
Imperial,2021-05-10,215,118814,81,53709,112,56487,22,8618,104,26648,108,50321,126,76969,California
Inyo,2020-12-19,85,85,85,85,0,0,0,0,85,85,0,0,85,85,California
Inyo,2020-12-20,58,143,58,143,0,0,0,0,58,143,0,0,58,143,California
Inyo,2020-12-21,88,231,85,228,3,3,0,0,88,231,0,0,88,231,California
Inyo,2020-12-22,105,336,105,333,0,3,0,0,105,336,0,0,105,336,California
Inyo,2020-12-23,70,406,67,400,3,6,0,0,70,406,0,0,70,406,California
Inyo,2020-12-24,16,422,16,416,0,6,0,0,16,422,0,0,16,422,California
Inyo,2020-12-25,1,423,0,416,1,7,0,0,1,423,0,0,1,423,California
Inyo,2020-12-26,74,497,74,490,0,7,0,0,74,497,0,0,74,497,California
Inyo,2020-12-28,48,545,36,526,12,19,0,0,48,545,0,0,48,545,California
Inyo,2020-12-29,19,564,19,545,0,19,0,0,19,564,0,0,19,564,California
Inyo,2020-12-30,56,620,54,599,2,21,0,0,56,620,0,0,56,620,California
Inyo,2020-12-31,29,649,0,599,29,50,0,0,29,649,0,0,29,649,California
Inyo,2021-01-01,1,650,0,599,1,51,0,0,1,650,0,0,1,650,California
Inyo,2021-01-03,1,651,0,599,1,52,0,0,1,651,0,0,1,651,California
Inyo,2021-01-04,2,653,1,600,1,53,0,0,2,653,0,0,2,653,California
Inyo,2021-01-05,34,687,0,600,34,87,0,0,34,687,0,0,34,687,California
Inyo,2021-01-06,68,755,0,600,68,155,0,0,68,755,0,0,68,755,California
Inyo,2021-01-07,31,786,1,601,30,185,0,0,31,786,0,0,31,786,California
Inyo,2021-01-08,9,795,8,609,1,186,0,0,4,786,5,5,5,791,California
Inyo,2021-01-09,87,882,86,695,1,187,0,0,1,701,86,91,1,792,California
Inyo,2021-01-10,52,934,52,747,0,187,0,0,0,649,52,143,0,792,California
Inyo,2021-01-11,97,1031,82,829,15,202,0,0,16,584,81,224,16,808,California
Inyo,2021-01-12,139,1170,118,947,21,223,0,0,28,501,111,335,28,836,California
Inyo,2021-01-13,86,1256,68,1015,18,241,0,0,21,458,65,400,22,858,California
Inyo,2021-01-14,59,1315,13,1028,46,287,0,0,49,497,10,410,49,907,California
Inyo,2021-01-15,163,1478,28,1056,135,422,0,0,163,660,0,410,163,1070,California
Inyo,2021-01-16,74,1552,73,1129,1,423,0,0,1,588,73,483,1,1071,California
Inyo,2021-01-18,58,1610,36,1165,22,445,0,0,19,568,39,522,19,1090,California
Inyo,2021-01-19,115,1725,72,1237,43,488,0,0,98,649,17,539,98,1188,California
Inyo,2021-01-20,147,1872,71,1308,76,564,0,0,93,688,54,593,93,1281,California
Inyo,2021-01-21,121,1993,57,1365,64,628,0,0,120,807,1,594,120,1401,California
Inyo,2021-01-22,62,2055,0,1365,62,690,0,0,61,867,1,595,61,1462,California
Inyo,2021-01-23,52,2107,52,1417,0,690,0,0,52,919,0,595,52,1514,California
Inyo,2021-01-25,49,2156,6,1423,43,733,0,0,37,944,12,607,37,1551,California
Inyo,2021-01-26,135,2291,54,1477,81,814,0,0,129,1067,6,613,129,1680,California
Inyo,2021-01-27,24,2315,2,1479,22,836,0,0,23,1089,1,614,23,1703,California
Inyo,2021-01-28,92,2407,2,1481,90,926,0,0,63,1123,29,643,63,1766,California
Inyo,2021-01-29,25,2432,3,1484,22,948,0,0,23,1144,2,645,23,1789,California
Inyo,2021-01-30,11,2443,1,1485,10,958,0,0,11,1155,0,645,11,1800,California
Inyo,2021-01-31,32,2475,4,1489,28,986,0,0,4,1131,28,673,4,1804,California
Inyo,2021-02-01,11,2486,9,1498,2,988,0,0,1,1122,10,683,1,1805,California
Inyo,2021-02-02,130,2616,14,1512,116,1104,0,0,104,1200,26,709,104,1909,California
Inyo,2021-02-03,116,2732,0,1512,116,1220,0,0,74,1232,42,751,74,1983,California
Inyo,2021-02-04,149,2881,31,1543,118,1338,0,0,90,1263,59,810,90,2073,California
Inyo,2021-02-05,118,2999,62,1605,56,1394,0,0,116,1377,2,812,116,2189,California
Inyo,2021-02-06,4,3003,2,1607,2,1396,0,0,3,1379,1,813,3,2192,California
Inyo,2021-02-07,4,3007,2,1609,2,1398,0,0,4,1383,0,813,4,2196,California
Inyo,2021-02-08,117,3124,7,1616,110,1508,0,0,97,1460,20,833,97,2293,California
Inyo,2021-02-09,194,3318,51,1667,143,1651,0,0,123,1512,71,904,123,2416,California
Inyo,2021-02-10,143,3461,18,1685,125,1776,0,0,109,1587,34,938,109,2525,California
Inyo,2021-02-11,220,3681,56,1741,164,1940,0,0,126,1619,94,1032,126,2651,California
Inyo,2021-02-12,299,3980,51,1792,248,2188,0,0,167,1654,132,1164,167,2818,California
Inyo,2021-02-13,60,4040,55,1847,5,2193,0,0,8,1610,52,1216,8,2826,California
Inyo,2021-02-14,1,4041,0,1847,1,2194,0,0,1,1611,0,1216,1,2827,California
Inyo,2021-02-15,29,4070,9,1856,20,2214,0,0,5,1592,24,1240,5,2832,California
Inyo,2021-02-16,180,4250,50,1906,130,2344,0,0,92,1597,87,1327,92,2924,California
Inyo,2021-02-17,38,4288,4,1910,34,2378,0,0,8,1575,30,1357,8,2932,California
Inyo,2021-02-18,123,4411,6,1916,117,2495,0,0,79,1610,44,1401,79,3011,California
Inyo,2021-02-19,52,4463,4,1920,48,2543,0,0,9,1576,43,1444,9,3020,California
Inyo,2021-02-20,504,4967,500,2420,4,2547,0,0,502,2076,2,1446,502,3522,California
Inyo,2021-02-21,267,5234,267,2687,0,2547,0,0,267,2343,0,1446,267,3789,California
Inyo,2021-02-22,61,5295,19,2706,42,2589,0,0,27,2336,34,1480,27,3816,California
Inyo,2021-02-23,198,5493,20,2726,178,2767,0,0,94,2327,103,1583,94,3910,California
Inyo,2021-02-24,118,5611,0,2726,118,2885,0,0,57,2323,61,1644,57,3967,California
Inyo,2021-02-25,130,5741,3,2729,127,3012,0,0,62,2317,68,1712,62,4029,California
Inyo,2021-02-26,104,5845,61,2790,43,3055,0,0,19,2251,85,1797,19,4048,California
Inyo,2021-02-27,15,5860,4,2794,11,3066,0,0,3,2242,12,1809,3,4051,California
Inyo,2021-02-28,3,5863,1,2795,2,3068,0,0,2,2243,1,1810,2,4053,California
Inyo,2021-03-01,20,5883,2,2797,18,3086,0,0,17,2257,3,1813,17,4070,California
Inyo,2021-03-02,196,6079,1,2798,195,3281,0,0,111,2283,85,1898,111,4181,California
Inyo,2021-03-03,83,6162,2,2800,81,3362,0,0,40,2280,43,1941,40,4221,California
Inyo,2021-03-04,128,6290,4,2804,124,3486,0,0,46,2244,82,2023,46,4267,California
Inyo,2021-03-05,141,6431,56,2860,85,3571,0,0,38,2179,103,2126,38,4305,California
Inyo,2021-03-06,31,6462,1,2861,30,3601,0,0,30,2208,1,2127,30,4335,California
Inyo,2021-03-07,7,6469,4,2865,3,3604,0,0,5,2211,2,2129,5,4340,California
Inyo,2021-03-08,182,6651,5,2870,177,3781,0,0,91,2211,91,2220,91,4431,California
Inyo,2021-03-09,187,6838,2,2872,185,3966,0,0,71,2166,116,2336,71,4502,California
Inyo,2021-03-10,70,6908,8,2880,61,4027,1,1,30,2157,40,2376,31,4533,California
Inyo,2021-03-11,203,7111,1,2881,197,4224,5,6,73,2105,130,2506,78,4611,California
Inyo,2021-03-12,175,7286,4,2885,166,4390,5,11,77,2089,98,2604,82,4693,California
Inyo,2021-03-13,576,7862,541,3426,25,4415,10,21,77,1678,498,3102,87,4780,California
Inyo,2021-03-14,431,8293,430,3856,1,4416,0,21,168,1584,262,3364,168,4948,California
Inyo,2021-03-15,51,8344,15,3871,34,4450,2,23,30,1595,21,3385,32,4980,California
Inyo,2021-03-16,163,8507,4,3875,153,4603,6,29,63,1565,99,3484,69,5049,California
Inyo,2021-03-17,108,8615,3,3878,98,4701,7,36,92,1648,16,3500,99,5148,California
Inyo,2021-03-18,184,8799,15,3893,162,4863,7,43,103,1677,81,3581,110,5258,California
Inyo,2021-03-19,46,8845,4,3897,38,4901,4,47,36,1707,10,3591,40,5298,California
Inyo,2021-03-20,20,8865,1,3898,10,4911,9,56,1,1698,19,3610,10,5308,California
Inyo,2021-03-22,59,8924,2,3900,52,4963,5,61,39,1722,20,3630,44,5352,California
Inyo,2021-03-23,194,9118,4,3904,186,5149,4,65,104,1740,90,3720,108,5460,California
Inyo,2021-03-24,140,9258,3,3907,133,5282,4,69,87,1778,53,3773,91,5551,California
Inyo,2021-03-25,325,9583,104,4011,217,5499,4,73,259,1975,66,3839,263,5814,California
Inyo,2021-03-26,91,9674,3,4014,84,5583,4,77,71,2030,20,3859,75,5889,California
Inyo,2021-03-27,52,9726,44,4058,5,5588,3,80,46,2073,6,3865,49,5938,California
Inyo,2021-03-28,4,9730,1,4059,2,5590,1,81,1,2072,3,3868,2,5940,California
Inyo,2021-03-29,109,9839,2,4061,102,5692,5,86,82,2133,26,3894,87,6027,California
Inyo,2021-03-30,211,10050,2,4063,204,5896,5,91,101,2129,110,4004,106,6133,California
Inyo,2021-03-31,148,10198,4,4067,139,6035,5,96,107,2200,41,4045,112,6245,California
Inyo,2021-04-01,164,10362,4,4071,159,6194,1,97,115,2267,49,4094,116,6361,California
Inyo,2021-04-02,80,10442,1,4072,77,6271,2,99,51,2291,29,4123,53,6414,California
Inyo,2021-04-03,94,10536,47,4119,33,6304,14,113,6,2224,86,4209,19,6433,California
Inyo,2021-04-04,5,10541,4,4123,0,6304,1,114,1,2222,4,4213,2,6435,California
Inyo,2021-04-05,117,10658,1,4124,112,6416,4,118,29,2167,88,4301,33,6468,California
Inyo,2021-04-06,236,10894,6,4130,167,6583,63,181,105,2204,131,4432,168,6636,California
Inyo,2021-04-07,200,11094,2,4132,72,6655,126,307,45,2219,156,4588,171,6807,California
Inyo,2021-04-08,177,11271,15,4147,145,6800,17,324,80,2219,97,4685,97,6904,California
Inyo,2021-04-09,125,11396,7,4154,95,6895,23,347,38,2194,86,4771,61,6965,California
Inyo,2021-04-10,42,11438,1,4155,24,6919,17,364,3,2175,39,4810,20,6985,California
Inyo,2021-04-11,1,11439,0,4155,1,6920,0,364,1,2176,0,4810,1,6986,California
Inyo,2021-04-12,80,11519,0,4155,75,6995,5,369,41,2183,39,4849,46,7032,California
Inyo,2021-04-13,119,11638,3,4158,113,7108,3,372,61,2190,57,4906,64,7096,California
Inyo,2021-04-14,121,11759,1,4159,120,7228,0,372,37,2143,84,4990,37,7133,California
Inyo,2021-04-15,273,12032,114,4273,159,7387,0,372,83,2036,190,5180,83,7216,California
Inyo,2021-04-16,49,12081,6,4279,43,7430,0,372,21,2029,28,5208,21,7237,California
Inyo,2021-04-17,2,12083,1,4280,1,7431,0,372,1,2029,1,5209,1,7238,California
Inyo,2021-04-19,130,12213,43,4323,87,7518,0,372,44,1987,86,5295,44,7282,California
Inyo,2021-04-20,164,12377,3,4326,161,7679,0,372,81,1985,83,5378,81,7363,California
Inyo,2021-04-21,113,12490,4,4330,109,7788,0,372,32,1936,81,5459,32,7395,California
Inyo,2021-04-22,196,12686,1,4331,195,7983,0,372,52,1844,144,5603,52,7447,California
Inyo,2021-04-23,95,12781,4,4335,91,8074,0,372,22,1793,73,5676,22,7469,California
Inyo,2021-04-24,310,13091,309,4644,1,8075,0,372,305,2093,5,5681,305,7774,California
Inyo,2021-04-25,136,13227,135,4779,1,8076,0,372,136,2229,0,5681,136,7910,California
Inyo,2021-04-26,67,13294,0,4779,66,8142,1,373,8,2179,59,5740,9,7919,California
Inyo,2021-04-27,163,13457,7,4786,151,8293,5,378,47,2115,116,5856,52,7971,California
Inyo,2021-04-28,121,13578,2,4788,117,8410,2,380,20,2036,101,5957,22,7993,California
Inyo,2021-04-29,172,13750,56,4844,116,8526,0,380,79,2023,92,6049,79,8072,California
Inyo,2021-04-30,85,13835,5,4849,79,8605,1,381,24,1987,61,6110,25,8097,California
Inyo,2021-05-01,11,13846,3,4852,8,8613,0,381,9,1994,2,6112,9,8106,California
Inyo,2021-05-02,7,13853,3,4855,2,8615,2,383,4,1997,3,6115,6,8112,California
Inyo,2021-05-03,38,13891,1,4856,33,8648,4,387,5,1973,33,6148,9,8121,California
Inyo,2021-05-04,122,14013,1,4857,115,8763,6,393,22,1901,100,6248,28,8149,California
Inyo,2021-05-05,34,14047,0,4857,32,8795,2,395,11,1891,23,6271,13,8162,California
Inyo,2021-05-06,93,14140,6,4863,78,8873,9,404,12,1831,81,6352,21,8183,California
Inyo,2021-05-07,45,14185,3,4866,34,8907,8,412,20,1835,24,6376,28,8211,California
Inyo,2021-05-08,14,14199,3,4869,6,8913,5,417,7,1840,7,6383,12,8223,California
Inyo,2021-05-09,1,14200,0,4869,1,8914,0,417,0,1839,1,6384,0,8223,California
Inyo,2021-05-10,37,14237,1,4870,34,8948,2,419,13,1831,24,6408,16,8239,California
Kern,2020-12-15,1,1,1,1,0,0,0,0,1,1,0,0,1,1,California
Kern,2020-12-16,18,19,18,19,0,0,0,0,18,19,0,0,18,19,California
Kern,2020-12-17,163,182,163,182,0,0,0,0,163,182,0,0,163,182,California
Kern,2020-12-18,322,504,322,504,0,0,0,0,322,504,0,0,322,504,California
Kern,2020-12-19,98,602,98,602,0,0,0,0,99,603,0,0,99,603,California
Kern,2020-12-20,61,663,61,663,0,0,0,0,61,664,0,0,61,664,California
Kern,2020-12-21,671,1334,670,1333,1,1,0,0,671,1335,0,0,671,1335,California
Kern,2020-12-22,531,1865,528,1861,3,4,0,0,531,1866,0,0,531,1866,California
Kern,2020-12-23,556,2421,418,2279,138,142,0,0,556,2422,0,0,556,2422,California
Kern,2020-12-24,122,2543,43,2322,79,221,0,0,122,2544,0,0,122,2544,California
Kern,2020-12-25,1,2544,1,2323,0,221,0,0,1,2545,0,0,1,2545,California
Kern,2020-12-26,33,2577,1,2324,32,253,0,0,33,2578,0,0,33,2578,California
Kern,2020-12-27,35,2612,3,2327,32,285,0,0,35,2613,0,0,35,2613,California
Kern,2020-12-28,825,3437,661,2988,164,449,0,0,825,3438,0,0,825,3438,California
Kern,2020-12-29,745,4182,452,3440,293,742,0,0,744,4181,1,1,744,4182,California
Kern,2020-12-30,1203,5385,910,4350,293,1035,0,0,1203,5384,0,1,1203,5385,California
Kern,2020-12-31,277,5662,99,4449,178,1213,0,0,277,5661,0,1,277,5662,California
Kern,2021-01-01,13,5675,6,4455,7,1220,0,0,13,5674,0,1,13,5675,California
Kern,2021-01-02,78,5753,18,4473,60,1280,0,0,78,5752,0,1,78,5753,California
Kern,2021-01-03,23,5776,4,4477,19,1299,0,0,23,5775,0,1,23,5776,California
Kern,2021-01-04,554,6330,360,4837,194,1493,0,0,554,6329,0,1,554,6330,California
Kern,2021-01-05,1134,7464,739,5576,395,1888,0,0,1122,7439,12,13,1122,7452,California
Kern,2021-01-06,1167,8631,456,6032,711,2599,0,0,1137,8546,30,43,1137,8589,California
Kern,2021-01-07,1406,10037,493,6525,913,3512,0,0,1238,9617,167,210,1238,9827,California
Kern,2021-01-08,1628,11665,768,7293,860,4372,0,0,1330,10649,299,509,1331,11158,California
Kern,2021-01-09,226,11891,77,7370,149,4521,0,0,192,10807,34,543,192,11350,California
Kern,2021-01-10,195,12086,148,7518,47,4568,0,0,154,10920,41,584,154,11504,California
Kern,2021-01-11,1556,13642,984,8502,572,5140,0,0,1001,11366,555,1139,1001,12505,California
Kern,2021-01-12,1868,15510,810,9312,1058,6198,0,0,1357,12212,511,1650,1357,13862,California
Kern,2021-01-13,1853,17363,870,10182,983,7181,0,0,1432,13223,421,2071,1432,15294,California
Kern,2021-01-14,2184,19547,645,10827,1539,8720,0,0,2139,15316,46,2117,2139,17433,California
Kern,2021-01-15,2706,22253,858,11685,1848,10568,0,0,2609,17831,95,2212,2610,20043,California
Kern,2021-01-16,671,22924,213,11898,458,11026,0,0,636,18432,35,2247,636,20679,California
Kern,2021-01-17,73,22997,7,11905,66,11092,0,0,71,18501,2,2249,71,20750,California
Kern,2021-01-18,1645,24642,659,12564,986,12078,0,0,1477,19810,168,2417,1477,22227,California
Kern,2021-01-19,1853,26495,1034,13598,819,12897,0,0,1386,20730,467,2884,1387,23614,California
Kern,2021-01-20,2554,29049,1619,15217,935,13832,0,0,1853,21889,696,3580,1855,25469,California
Kern,2021-01-21,2168,31217,922,16139,1246,15078,0,0,1972,23666,195,3775,1972,27441,California
Kern,2021-01-22,2712,33929,1293,17432,1419,16497,0,0,2435,25825,276,4051,2435,29876,California
Kern,2021-01-23,1245,35174,535,17967,710,17207,0,0,1199,26978,46,4097,1199,31075,California
Kern,2021-01-24,160,35334,18,17985,142,17349,0,0,154,27126,6,4103,154,31229,California
Kern,2021-01-25,2385,37719,1086,19071,1299,18648,0,0,1901,28545,483,4586,1902,33131,California
Kern,2021-01-26,2769,40488,1128,20199,1641,20289,0,0,1911,29599,857,5443,1911,35042,California
Kern,2021-01-27,3558,44046,1901,22100,1657,21946,0,0,2858,31760,697,6140,2858,37900,California
Kern,2021-01-28,2862,46908,1353,23453,1509,23455,0,0,2429,33764,428,6568,2432,40332,California
Kern,2021-01-29,3771,50679,1805,25258,1966,25421,0,0,3227,36450,541,7109,3227,43559,California
Kern,2021-01-30,1325,52004,497,25755,828,26249,0,0,1277,37681,46,7155,1277,44836,California
Kern,2021-01-31,403,52407,276,26031,127,26376,0,0,268,37814,135,7290,268,45104,California
Kern,2021-02-01,2409,54816,818,26849,1591,27967,0,0,1858,39125,548,7838,1859,46963,California
Kern,2021-02-02,2922,57738,973,27822,1949,29916,0,0,2060,40324,862,8700,2061,49024,California
Kern,2021-02-03,3657,61395,1548,29370,2109,32025,0,0,2688,42050,962,9662,2688,51712,California
Kern,2021-02-04,3803,65198,1452,30822,2351,34376,0,0,2588,43434,1204,10866,2588,54300,California
Kern,2021-02-05,4847,70045,1988,32810,2859,37235,0,0,3088,44782,1740,12606,3088,57388,California
Kern,2021-02-06,1734,71779,766,33576,968,38203,0,0,1510,46071,221,12827,1510,58898,California
Kern,2021-02-07,283,72062,151,33727,132,38335,0,0,267,46324,14,12841,267,59165,California
Kern,2021-02-08,2562,74624,788,34515,1774,40109,0,0,1253,46287,1291,14132,1254,60419,California
Kern,2021-02-09,3039,77663,988,35503,2051,42160,0,0,1468,46192,1563,15695,1468,61887,California
Kern,2021-02-10,3784,81447,1657,37160,2127,44287,0,0,1870,46165,1898,17593,1871,63758,California
Kern,2021-02-11,4257,85704,1536,38696,2721,47008,0,0,2224,46370,2020,19613,2225,65983,California
Kern,2021-02-12,4951,90655,1892,40588,3059,50067,0,0,2478,46389,2459,22072,2478,68461,California
Kern,2021-02-13,2009,92664,727,41315,1282,51349,0,0,1166,46714,841,22913,1166,69627,California
Kern,2021-02-14,351,93015,12,41327,339,51688,0,0,270,46904,80,22993,270,69897,California
Kern,2021-02-15,2736,95751,889,42216,1847,53535,0,0,1204,46585,1523,24516,1204,71101,California
Kern,2021-02-16,2944,98695,720,42936,2224,55759,0,0,1655,46962,1279,25795,1656,72757,California
Kern,2021-02-17,4068,102763,2077,45013,1991,57750,0,0,1928,46756,2135,27930,1929,74686,California
Kern,2021-02-18,3751,106514,1481,46494,2270,60020,0,0,1616,46250,2122,30052,1616,76302,California
Kern,2021-02-19,4197,110711,1916,48410,2281,62301,0,0,1737,45535,2452,32504,1737,78039,California
Kern,2021-02-20,2570,113281,967,49377,1603,63904,0,0,1339,45646,1228,33732,1339,79378,California
Kern,2021-02-21,249,113530,143,49520,106,64010,0,0,86,45571,161,33893,86,79464,California
Kern,2021-02-22,2657,116187,1148,50668,1509,65519,0,0,1424,45767,1228,35121,1424,80888,California
Kern,2021-02-23,3542,119729,1121,51789,2421,67940,0,0,1975,46178,1565,36686,1976,82864,California
Kern,2021-02-24,5165,124894,2268,54057,2897,70837,0,0,3079,47175,2082,38768,3079,85943,California
Kern,2021-02-25,5357,130251,2449,56506,2908,73745,0,0,3179,48195,2159,40927,3179,89122,California
Kern,2021-02-26,6885,137136,3519,60025,3366,77111,0,0,4359,50036,2519,43446,4360,93482,California
Kern,2021-02-27,3855,140991,1895,61920,1960,79071,0,0,2519,51226,1329,44775,2519,96001,California
Kern,2021-02-28,908,141899,498,62418,409,79480,1,1,689,51699,217,44992,690,96691,California
Kern,2021-03-01,3991,145890,1808,64226,2180,81660,3,4,2692,53103,1291,46283,2695,99386,California
Kern,2021-03-02,4374,150264,1376,65602,2997,84657,1,5,2868,54476,1495,47778,2868,102254,California
Kern,2021-03-03,5802,156066,2700,68302,3102,87759,0,5,3715,56120,2073,49851,3717,105971,California
Kern,2021-03-04,5553,161619,2161,70463,3389,91148,3,8,3558,57699,1981,51832,3560,109531,California
Kern,2021-03-05,6466,168085,2667,73130,3781,94929,18,26,4042,59343,2416,54248,4060,113591,California
Kern,2021-03-06,4714,172799,1912,75042,2701,97630,101,127,3446,61629,1260,55508,3546,117137,California
Kern,2021-03-07,2045,174844,1585,76627,411,98041,49,176,1854,63342,190,55698,1903,119040,California
Kern,2021-03-08,2814,177658,856,77483,1745,99786,213,389,1469,63680,1342,57040,1680,120720,California
Kern,2021-03-09,3633,181291,789,78272,2461,102247,383,772,2239,64912,1388,58428,2620,123340,California
Kern,2021-03-10,6025,187316,2468,80740,2487,104734,1070,1842,3505,66977,2509,60937,4574,127914,California
Kern,2021-03-11,6287,193603,2409,83149,2852,107586,1026,2868,3731,69187,2545,63482,4755,132669,California
Kern,2021-03-12,7664,201267,2923,86072,3389,110975,1352,4220,4156,71191,3495,66977,5499,138168,California
Kern,2021-03-13,4429,205696,2303,88375,1791,112766,335,4555,3011,73119,1412,68389,3340,141508,California
Kern,2021-03-14,2185,207881,1412,89787,534,113300,239,4794,1670,74511,515,68904,1907,143415,California
Kern,2021-03-15,4247,212128,1088,90875,2446,115746,713,5507,2182,75347,2054,70958,2890,146305,California
Kern,2021-03-16,4332,216460,1008,91883,2796,118542,528,6035,2331,76211,1992,72950,2856,149161,California
Kern,2021-03-17,7235,223695,3805,95688,2874,121416,556,6591,4299,78140,2925,75875,4854,154015,California
Kern,2021-03-18,6987,230682,3405,99093,3002,124418,580,7171,4159,80067,2808,78683,4735,158750,California
Kern,2021-03-19,8746,239428,4767,103860,3331,127749,648,7819,4547,81072,4185,82868,5190,163940,California
Kern,2021-03-20,5938,245366,3593,107453,2171,129920,174,7993,3814,82946,2115,84983,3989,167929,California
Kern,2021-03-21,2865,248231,1752,109205,236,130156,877,8870,1683,84329,1176,86159,2559,170488,California
Kern,2021-03-22,3945,252176,1543,110748,2046,132202,356,9226,1921,84592,2013,88172,2276,172764,California
Kern,2021-03-23,4698,256874,1654,112402,2846,135048,198,9424,2492,85102,2178,90350,2688,175452,California
Kern,2021-03-24,6997,263871,3508,115910,3017,138065,472,9896,3668,85925,3315,93665,4138,179590,California
Kern,2021-03-25,6630,270501,2883,118793,3418,141483,329,10225,3265,86169,3347,97012,3591,183181,California
Kern,2021-03-26,9595,280096,4152,122945,4189,145672,1254,11479,4749,87340,4830,101842,6001,189182,California
Kern,2021-03-27,5439,285535,3742,126687,1569,147241,128,11607,3302,88634,2135,103977,3429,192611,California
Kern,2021-03-28,4322,289857,3835,130522,473,147714,14,11621,2768,89863,1553,105530,2782,195393,California
Kern,2021-03-29,4202,294059,1636,132158,2288,150002,278,11899,2616,91179,1575,107105,2891,198284,California
Kern,2021-03-30,5536,299595,1826,133984,3325,153327,385,12284,3080,92190,2452,109557,3463,201747,California
Kern,2021-03-31,8119,307714,4280,138264,3194,156521,645,12929,4289,93303,3819,113376,4932,206679,California
Kern,2021-04-01,7607,315321,3636,141900,3674,160195,297,13226,4101,94205,3492,116868,4394,211073,California
Kern,2021-04-02,8136,323457,4185,146085,3348,163543,603,13829,4077,94836,4044,120912,4675,215748,California
Kern,2021-04-03,5674,329131,3385,149470,2107,165650,182,14011,2587,94523,3080,123992,2767,218515,California
Kern,2021-04-04,1327,330458,865,150335,378,166028,84,14095,545,94372,780,124772,629,219144,California
Kern,2021-04-05,5326,335784,2194,152529,2364,168392,768,14863,2886,95570,2431,127203,3629,222773,California
Kern,2021-04-06,6987,342771,2455,154984,3227,171619,1305,16168,3603,97112,3363,130566,4905,227678,California
Kern,2021-04-07,9230,352001,5356,160340,2919,174538,955,17123,4628,98108,4586,135152,5582,233260,California
Kern,2021-04-08,8546,360547,4710,165050,2934,177472,902,18025,3888,98258,4635,139787,4785,238045,California
Kern,2021-04-09,10088,370635,5090,170140,4017,181489,981,19006,4453,98077,5612,145399,5431,243476,California
Kern,2021-04-10,6517,377152,3423,173563,1855,183344,1239,20245,2289,97379,4219,149618,3521,246997,California
Kern,2021-04-11,3760,380912,2884,176447,358,183702,518,20763,1428,97001,2321,151939,1943,248940,California
Kern,2021-04-12,4364,385276,979,177426,2416,186118,969,21732,1567,96754,2781,154720,2534,251474,California
Kern,2021-04-13,4268,389544,1409,178835,2834,188952,25,21757,2124,96771,2133,156853,2150,253624,California
Kern,2021-04-14,6029,395573,2964,181799,3043,191995,22,21779,3070,96918,2944,159797,3091,256715,California
Kern,2021-04-15,5247,400820,2468,184267,2777,194772,2,21781,2528,96745,2703,162500,2530,259245,California
Kern,2021-04-16,7235,408055,3433,187700,3801,198573,1,21782,3079,95691,4135,166635,3081,262326,California
Kern,2021-04-17,5884,413939,3844,191544,2040,200613,0,21782,2247,94314,3625,170260,2248,264574,California
Kern,2021-04-18,3655,417594,3418,194962,237,200850,0,21782,1055,92776,2593,172853,1055,265629,California
Kern,2021-04-19,3796,421390,1723,196685,2072,202922,1,21783,1439,91877,2338,175191,1439,267068,California
Kern,2021-04-20,4298,425688,1537,198222,2760,205682,1,21784,1659,90910,2628,177819,1661,268729,California
Kern,2021-04-21,5852,431540,3122,201344,2725,208407,5,21789,2251,89583,3582,181401,2255,270984,California
Kern,2021-04-22,4777,436317,2308,203652,2469,210876,0,21789,1769,88367,2986,184387,1770,272754,California
Kern,2021-04-23,6048,442365,2940,206592,3107,213983,1,21790,2004,86362,4011,188398,2006,274760,California
Kern,2021-04-24,3929,446294,2730,209322,1189,215172,10,21800,1481,85420,2433,190831,1491,276251,California
Kern,2021-04-25,1341,447635,1063,210385,278,215450,0,21800,772,85628,564,191395,772,277023,California
Kern,2021-04-26,3647,451282,1750,212135,1845,217295,52,21852,1005,84054,2632,194027,1058,278081,California
Kern,2021-04-27,4500,455782,2183,214318,2216,219511,101,21953,1351,82367,3136,197163,1449,279530,California
Kern,2021-04-28,6246,462028,3673,217991,2450,221961,123,22076,1831,79915,4403,201566,1951,281481,California
Kern,2021-04-29,5501,467529,3057,221048,2344,224305,100,22176,1673,77881,3808,205374,1774,283255,California
Kern,2021-04-30,5570,473099,3120,224168,2292,226597,158,22334,1619,75720,3937,209311,1776,285031,California
Kern,2021-05-01,2571,475670,1798,225966,714,227311,59,22393,959,75131,1606,210917,1017,286048,California
Kern,2021-05-02,1886,477556,1601,227567,263,227574,22,22415,695,74662,1186,212103,717,286765,California
Kern,2021-05-03,2416,479972,946,228513,1340,228914,130,22545,746,73884,1656,213759,878,287643,California
Kern,2021-05-04,3524,483496,1234,229747,2181,231095,109,22654,1230,72944,2276,216035,1336,288979,California
Kern,2021-05-05,3877,487373,2107,231854,1623,232718,147,22801,1264,71757,2597,218632,1410,290389,California
Kern,2021-05-06,3244,490617,1561,233415,1554,234272,129,22930,1010,70680,2215,220847,1138,291527,California
Kern,2021-05-07,4225,494842,2257,235672,1802,236074,166,23096,1171,68982,3030,223877,1332,292859,California
Kern,2021-05-08,2796,497638,1763,237435,923,236997,110,23206,873,68053,1912,225789,983,293842,California
Kern,2021-05-09,1288,498926,1114,238549,146,237143,28,23234,447,67693,835,226624,475,294317,California
Kern,2021-05-10,1347,500273,695,239244,585,237728,67,23301,378,67180,956,227580,443,294760,California
Kings,2020-12-16,1,1,1,1,0,0,0,0,1,1,0,0,1,1,California
Kings,2020-12-17,8,9,8,9,0,0,0,0,8,9,0,0,8,9,California
Kings,2020-12-18,12,21,12,21,0,0,0,0,12,21,0,0,12,21,California
Kings,2020-12-19,11,32,11,32,0,0,0,0,11,32,0,0,11,32,California
Kings,2020-12-20,13,45,13,45,0,0,0,0,13,45,0,0,13,45,California
Kings,2020-12-21,156,201,156,201,0,0,0,0,269,314,0,0,269,314,California
Kings,2020-12-22,143,344,143,344,0,0,0,0,140,454,0,0,140,454,California
Kings,2020-12-23,135,479,123,467,12,12,0,0,136,590,0,0,136,590,California
Kings,2020-12-24,11,490,9,476,2,14,0,0,11,601,0,0,11,601,California
Kings,2020-12-26,7,497,4,480,3,17,0,0,7,608,0,0,7,608,California
Kings,2020-12-27,4,501,4,484,0,17,0,0,4,612,0,0,4,612,California
Kings,2020-12-28,131,632,103,587,28,45,0,0,132,744,0,0,132,744,California
Kings,2020-12-29,78,710,51,638,27,72,0,0,79,823,0,0,79,823,California
Kings,2020-12-30,148,858,109,747,39,111,0,0,148,971,0,0,148,971,California
Kings,2020-12-31,45,903,6,753,39,150,0,0,45,1016,0,0,45,1016,California
Kings,2021-01-01,1,904,0,753,1,151,0,0,1,1017,0,0,1,1017,California
Kings,2021-01-02,10,914,9,762,1,152,0,0,10,1027,0,0,10,1027,California
Kings,2021-01-04,112,1026,42,804,70,222,0,0,112,1139,0,0,112,1139,California
Kings,2021-01-05,196,1222,39,843,157,379,0,0,196,1335,0,0,196,1335,California
Kings,2021-01-06,277,1499,178,1021,99,478,0,0,274,1606,3,3,274,1609,California
Kings,2021-01-07,178,1677,81,1102,97,575,0,0,170,1768,8,11,170,1779,California
Kings,2021-01-08,247,1924,54,1156,193,768,0,0,228,1977,19,30,228,2007,California
Kings,2021-01-09,63,1987,9,1165,54,822,0,0,55,2024,8,38,55,2062,California
Kings,2021-01-10,15,2002,3,1168,12,834,0,0,12,2033,3,41,12,2074,California
Kings,2021-01-11,518,2520,354,1522,164,998,0,0,276,2068,242,283,277,2351,California
Kings,2021-01-12,350,2870,253,1775,97,1095,0,0,216,2153,131,414,216,2567,California
Kings,2021-01-13,415,3285,268,2043,147,1242,0,0,323,2384,92,506,323,2890,California
Kings,2021-01-14,209,3494,31,2074,178,1420,0,0,199,2563,21,527,200,3090,California
Kings,2021-01-15,417,3911,29,2103,388,1808,0,0,405,2956,12,539,405,3495,California
Kings,2021-01-16,31,3942,12,2115,19,1827,0,0,30,2985,1,540,30,3525,California
Kings,2021-01-17,9,3951,6,2121,3,1830,0,0,7,2990,2,542,7,3532,California
Kings,2021-01-18,172,4123,40,2161,132,1962,0,0,146,3110,26,568,146,3678,California
Kings,2021-01-19,376,4499,158,2319,218,2180,0,0,248,3230,128,696,248,3926,California
Kings,2021-01-20,235,4734,144,2463,91,2271,0,0,125,3250,105,801,125,4051,California
Kings,2021-01-21,190,4924,35,2498,155,2426,0,0,174,3406,18,819,174,4225,California
Kings,2021-01-22,126,5050,40,2538,86,2512,0,0,126,3527,5,824,126,4351,California
Kings,2021-01-23,26,5076,14,2552,12,2524,0,0,20,3541,6,830,20,4371,California
Kings,2021-01-24,4,5080,4,2556,0,2524,0,0,2,3541,2,832,2,4373,California
Kings,2021-01-25,124,5204,26,2582,98,2622,0,0,90,3597,34,866,90,4463,California
Kings,2021-01-26,154,5358,35,2617,119,2741,0,0,115,3673,39,905,115,4578,California
Kings,2021-01-27,319,5677,34,2651,285,3026,0,0,249,3853,69,974,249,4827,California
Kings,2021-01-28,326,6003,46,2697,280,3306,0,0,271,4069,55,1029,271,5098,California
Kings,2021-01-29,86,6089,26,2723,60,3366,0,0,69,4121,17,1046,69,5167,California
Kings,2021-01-30,1556,7645,31,2754,1525,4891,0,0,1553,5673,3,1049,1555,6722,California
Kings,2021-02-01,199,7844,64,2818,135,5026,0,0,72,5620,125,1174,72,6794,California
Kings,2021-02-02,226,8070,14,2832,212,5238,0,0,82,5559,143,1317,82,6876,California
Kings,2021-02-03,357,8427,191,3023,166,5404,0,0,203,5609,153,1470,203,7079,California
Kings,2021-02-04,395,8822,98,3121,297,5701,0,0,198,5611,196,1666,198,7277,California
Kings,2021-02-05,257,9079,14,3135,243,5944,0,0,101,5558,154,1820,101,7378,California
Kings,2021-02-06,61,9140,10,3145,51,5995,0,0,28,5553,33,1853,28,7406,California
Kings,2021-02-07,5,9145,3,3148,2,5997,0,0,3,5554,2,1855,3,7409,California
Kings,2021-02-08,170,9315,29,3177,141,6138,0,0,68,5520,102,1957,68,7477,California
Kings,2021-02-09,253,9568,57,3234,196,6334,0,0,110,5489,141,2098,110,7587,California
Kings,2021-02-10,285,9853,112,3346,173,6507,0,0,169,5542,116,2214,169,7756,California
Kings,2021-02-11,430,10283,65,3411,365,6872,0,0,316,5745,113,2327,316,8072,California
Kings,2021-02-12,623,10906,36,3447,587,7459,0,0,347,5817,275,2602,347,8419,California
Kings,2021-02-13,104,11010,6,3453,98,7557,0,0,78,5869,26,2628,78,8497,California
Kings,2021-02-14,102,11112,4,3457,98,7655,0,0,94,5955,8,2636,94,8591,California
Kings,2021-02-15,246,11358,5,3462,241,7896,0,0,137,5984,108,2744,137,8728,California
Kings,2021-02-16,485,11843,33,3495,452,8348,0,0,250,6000,234,2978,250,8978,California
Kings,2021-02-17,380,12223,23,3518,357,8705,0,0,243,6107,137,3115,244,9222,California
Kings,2021-02-18,155,12378,23,3541,132,8837,0,0,98,6148,57,3172,98,9320,California
Kings,2021-02-19,158,12536,23,3564,135,8972,0,0,102,6197,53,3225,102,9422,California
Kings,2021-02-20,171,12707,40,3604,131,9103,0,0,134,6294,37,3262,134,9556,California
Kings,2021-02-21,3,12710,2,3606,1,9104,0,0,3,6297,0,3262,3,9559,California
Kings,2021-02-22,110,12820,19,3625,91,9195,0,0,51,6289,59,3321,51,9610,California
Kings,2021-02-23,296,13116,69,3694,227,9422,0,0,179,6351,117,3438,179,9789,California
Kings,2021-02-24,592,13708,154,3848,438,9860,0,0,380,6519,212,3650,380,10169,California
Kings,2021-02-25,666,14374,115,3963,551,10411,0,0,448,6751,216,3866,448,10617,California
Kings,2021-02-26,657,15031,129,4092,528,10939,0,0,594,7283,62,3928,594,11211,California
Kings,2021-02-27,1498,16529,62,4154,1436,12375,0,0,564,6914,933,4861,564,11775,California
Kings,2021-02-28,1172,17701,597,4751,575,12950,0,0,674,7093,495,5356,674,12449,California
Kings,2021-03-01,259,17960,79,4830,180,13130,0,0,214,7262,45,5401,214,12663,California
Kings,2021-03-02,474,18434,207,5037,267,13397,0,0,423,7635,51,5452,424,13087,California
Kings,2021-03-03,628,19062,304,5341,324,13721,0,0,439,7886,188,5640,439,13526,California
Kings,2021-03-04,718,19780,343,5684,375,14096,0,0,622,8413,96,5736,623,14149,California
Kings,2021-03-05,1059,20839,349,6033,701,14797,9,9,942,9249,116,5852,952,15101,California
Kings,2021-03-06,511,21350,184,6217,314,15111,13,22,481,9713,30,5882,494,15595,California
Kings,2021-03-07,366,21716,225,6442,137,15248,4,26,358,10067,8,5890,362,15957,California
Kings,2021-03-08,369,22085,96,6538,220,15468,53,79,261,10272,108,5998,313,16270,California
Kings,2021-03-09,523,22608,238,6776,230,15698,55,134,416,10638,106,6104,472,16742,California
Kings,2021-03-10,506,23114,125,6901,290,15988,91,225,322,10867,183,6287,412,17154,California
Kings,2021-03-11,1021,24135,305,7206,606,16594,110,335,616,11190,403,6690,726,17880,California
Kings,2021-03-12,1341,25476,424,7630,823,17417,94,429,940,11826,400,7090,1036,18916,California
Kings,2021-03-13,671,26147,332,7962,295,17712,44,473,545,12290,126,7216,590,19506,California
Kings,2021-03-14,671,26818,101,8063,184,17896,386,859,200,12405,471,7687,586,20092,California
Kings,2021-03-15,687,27505,250,8313,322,18218,115,974,451,12738,235,7922,568,20660,California
Kings,2021-03-16,1039,28544,438,8751,540,18758,61,1035,703,13166,336,8258,764,21424,California
Kings,2021-03-17,1089,29633,417,9168,611,19369,61,1096,770,13685,319,8577,838,22262,California
Kings,2021-03-18,1101,30734,467,9635,412,19781,222,1318,769,14348,331,8908,994,23256,California
Kings,2021-03-19,949,31683,468,10103,396,20177,85,1403,732,14961,217,9125,830,24086,California
Kings,2021-03-20,624,32307,255,10358,338,20515,31,1434,450,15277,172,9297,488,24574,California
Kings,2021-03-21,1400,33707,1085,11443,304,20819,11,1445,846,15580,554,9851,857,25431,California
Kings,2021-03-22,450,34157,203,11646,164,20983,83,1528,277,15771,173,10024,364,25795,California
Kings,2021-03-23,899,35056,493,12139,343,21326,63,1591,575,16090,322,10346,641,26436,California
Kings,2021-03-24,922,35978,478,12617,421,21747,23,1614,511,16217,409,10755,536,26972,California
Kings,2021-03-25,891,36869,445,13062,420,22167,26,1640,446,16246,443,11198,472,27444,California
Kings,2021-03-26,1281,38150,373,13435,823,22990,85,1725,529,16112,747,11945,613,28057,California
Kings,2021-03-27,616,38766,245,13680,359,23349,12,1737,169,15848,445,12390,181,28238,California
Kings,2021-03-28,548,39314,477,14157,64,23413,7,1744,342,15999,206,12596,357,28595,California
Kings,2021-03-29,456,39770,201,14358,195,23608,60,1804,250,16104,204,12800,309,28904,California
Kings,2021-03-30,842,40612,462,14820,342,23950,38,1842,422,16145,419,13219,460,29364,California
Kings,2021-03-31,724,41336,374,15194,286,24236,64,1906,415,16322,302,13521,479,29843,California
Kings,2021-04-01,754,42090,380,15574,294,24530,80,1986,342,16338,406,13927,422,30265,California
Kings,2021-04-02,982,43072,428,16002,432,24962,122,2108,388,16258,589,14516,509,30774,California
Kings,2021-04-03,473,43545,329,16331,136,25098,8,2116,161,16122,306,14822,170,30944,California
Kings,2021-04-04,156,43701,82,16413,68,25166,6,2122,43,16059,112,14934,49,30993,California
Kings,2021-04-05,1047,44748,323,16736,474,25640,250,2372,235,15733,810,15744,484,31477,California
Kings,2021-04-06,1180,45928,447,17183,426,26066,307,2679,289,15440,888,16632,595,32072,California
Kings,2021-04-07,1341,47269,640,17823,514,26580,187,2866,413,15115,925,17557,600,32672,California
Kings,2021-04-08,1593,48862,628,18451,714,27294,251,3117,363,14506,1223,18780,614,33286,California
Kings,2021-04-09,1106,49968,521,18972,410,27704,175,3292,238,14050,866,19646,410,33696,California
Kings,2021-04-10,592,50560,329,19301,161,27865,102,3394,180,13921,411,20057,282,33978,California
Kings,2021-04-11,327,50887,74,19375,247,28112,6,3400,195,13990,132,20189,201,34179,California
Kings,2021-04-12,697,51584,311,19686,186,28298,200,3600,190,13874,506,20695,390,34569,California
Kings,2021-04-13,881,52465,508,20194,373,28671,0,3600,282,13563,598,21293,287,34856,California
Kings,2021-04-14,1023,53488,565,20759,458,29129,0,3600,372,13285,651,21944,373,35229,California
Kings,2021-04-15,1048,54536,518,21277,529,29658,1,3601,468,13175,579,22523,469,35698,California
Kings,2021-04-16,764,55300,359,21636,405,30063,0,3601,266,12944,497,23020,266,35964,California
Kings,2021-04-17,455,55755,242,21878,213,30276,0,3601,198,12886,256,23276,198,36162,California
Kings,2021-04-18,551,56306,239,22117,312,30588,0,3601,70,12475,481,23757,70,36232,California
Kings,2021-04-19,523,56829,287,22404,236,30824,0,3601,284,12522,237,23994,284,36516,California
Kings,2021-04-20,732,57561,443,22847,289,31113,0,3601,245,12281,486,24480,245,36761,California
Kings,2021-04-21,633,58194,305,23152,328,31441,0,3601,219,12091,409,24889,219,36980,California
Kings,2021-04-22,550,58744,275,23427,275,31716,0,3601,201,11948,345,25234,202,37182,California
Kings,2021-04-23,662,59406,290,23717,372,32088,0,3601,328,11945,331,25565,328,37510,California
Kings,2021-04-24,244,59650,178,23895,65,32153,1,3602,120,11943,123,25688,121,37631,California
Kings,2021-04-25,195,59845,176,24071,19,32172,0,3602,159,12066,36,25724,159,37790,California
Kings,2021-04-26,286,60131,147,24218,136,32308,3,3605,180,12144,105,25829,183,37973,California
Kings,2021-04-27,395,60526,174,24392,202,32510,19,3624,164,12097,230,26059,183,38156,California
Kings,2021-04-28,504,61030,254,24646,230,32740,20,3644,264,12141,240,26299,284,38440,California
Kings,2021-04-29,285,61315,112,24758,162,32902,11,3655,133,12135,150,26449,144,38584,California
Kings,2021-04-30,362,61677,163,24921,182,33084,17,3672,152,12097,207,26656,169,38753,California
Kings,2021-05-01,228,61905,166,25087,52,33136,10,3682,73,12027,153,26809,83,38836,California
Kings,2021-05-02,167,62072,145,25232,22,33158,0,3682,126,12112,41,26850,126,38962,California
Kings,2021-05-03,473,62545,254,25486,205,33363,14,3696,123,11900,349,27199,137,39099,California
Kings,2021-05-04,511,63056,258,25744,232,33595,21,3717,161,11733,349,27548,182,39281,California
Kings,2021-05-05,533,63589,277,26021,233,33828,23,3740,136,11495,397,27945,159,39440,California
Kings,2021-05-06,533,64122,267,26288,243,34071,23,3763,123,11233,408,28353,146,39586,California
Kings,2021-05-07,361,64483,212,26500,136,34207,13,3776,149,11185,210,28563,162,39748,California
Kings,2021-05-08,226,64709,166,26666,50,34257,10,3786,72,11113,154,28717,82,39830,California
Kings,2021-05-09,189,64898,57,26723,131,34388,1,3787,39,11003,150,28867,40,39870,California
Kings,2021-05-10,265,65163,206,26929,52,34440,7,3794,97,10938,168,29035,103,39973,California
Lake,2020-12-17,4,4,4,4,0,0,0,0,4,4,0,0,4,4,California
Lake,2020-12-18,51,55,51,55,0,0,0,0,51,55,0,0,51,55,California
Lake,2020-12-19,3,58,3,58,0,0,0,0,3,58,0,0,3,58,California
Lake,2020-12-20,6,64,6,64,0,0,0,0,6,64,0,0,6,64,California
Lake,2020-12-21,86,150,86,150,0,0,0,0,86,150,0,0,86,150,California
Lake,2020-12-22,63,213,60,210,3,3,0,0,63,213,0,0,63,213,California
Lake,2020-12-23,123,336,114,324,9,12,0,0,123,336,0,0,123,336,California
Lake,2020-12-24,2,338,0,324,2,14,0,0,2,338,0,0,2,338,California
Lake,2020-12-26,2,340,2,326,0,14,0,0,2,340,0,0,2,340,California
Lake,2020-12-27,2,342,2,328,0,14,0,0,2,342,0,0,2,342,California
Lake,2020-12-28,52,394,43,371,9,23,0,0,52,394,0,0,52,394,California
Lake,2020-12-29,50,444,45,416,5,28,0,0,50,444,0,0,50,444,California
Lake,2020-12-30,125,569,118,534,7,35,0,0,125,569,0,0,125,569,California
Lake,2020-12-31,67,636,64,598,3,38,0,0,67,636,0,0,67,636,California
Lake,2021-01-01,1,637,0,598,1,39,0,0,1,637,0,0,1,637,California
Lake,2021-01-02,2,639,1,599,1,40,0,0,2,639,0,0,2,639,California
Lake,2021-01-04,87,726,21,620,66,106,0,0,87,726,0,0,87,726,California
Lake,2021-01-05,120,846,59,679,61,167,0,0,118,842,2,2,118,844,California
Lake,2021-01-06,105,951,65,744,40,207,0,0,103,943,2,4,103,947,California
Lake,2021-01-07,107,1058,84,828,23,230,0,0,98,1032,9,13,98,1045,California
Lake,2021-01-08,152,1210,124,952,28,258,0,0,100,1080,52,65,100,1145,California
Lake,2021-01-09,63,1273,61,1013,2,260,0,0,59,1135,4,69,59,1204,California
Lake,2021-01-10,3,1276,3,1016,0,260,0,0,0,1132,3,72,0,1204,California
Lake,2021-01-11,192,1468,151,1167,41,301,0,0,112,1164,80,152,112,1316,California
Lake,2021-01-12,81,1549,48,1215,33,334,0,0,57,1197,24,176,57,1373,California
Lake,2021-01-13,164,1713,112,1327,52,386,0,0,107,1247,57,233,107,1480,California
Lake,2021-01-14,147,1860,46,1373,101,487,0,0,125,1350,22,255,125,1605,California
Lake,2021-01-15,215,2075,92,1465,123,610,0,0,188,1511,27,282,188,1793,California
Lake,2021-01-16,134,2209,81,1546,53,663,0,0,132,1641,2,284,132,1925,California
Lake,2021-01-17,18,2227,6,1552,12,675,0,0,12,1647,6,290,12,1937,California
Lake,2021-01-18,246,2473,226,1778,20,695,0,0,126,1653,120,410,126,2063,California
Lake,2021-01-19,311,2784,117,1895,194,889,0,0,266,1875,45,455,267,2330,California
Lake,2021-01-20,422,3206,80,1975,342,1231,0,0,358,2170,63,518,358,2688,California
Lake,2021-01-21,433,3639,49,2024,384,1615,0,0,398,2533,35,553,398,3086,California
Lake,2021-01-22,318,3957,46,2070,272,1887,0,0,282,2779,36,589,282,3368,California
Lake,2021-01-23,122,4079,5,2075,117,2004,0,0,121,2899,1,590,121,3489,California
Lake,2021-01-24,5,4084,2,2077,3,2007,0,0,5,2904,0,590,5,3494,California
Lake,2021-01-25,257,4341,95,2172,162,2169,0,0,176,2999,81,671,176,3670,California
Lake,2021-01-26,428,4769,36,2208,392,2561,0,0,405,3381,23,694,405,4075,California
Lake,2021-01-27,359,5128,41,2249,318,2879,0,0,331,3685,28,722,332,4407,California
Lake,2021-01-28,498,5626,161,2410,337,3216,0,0,369,3925,129,851,369,4776,California
Lake,2021-01-29,636,6262,83,2493,553,3769,0,0,576,4441,60,911,576,5352,California
Lake,2021-01-30,555,6817,44,2537,511,4280,0,0,549,4984,6,917,549,5901,California
Lake,2021-01-31,14,6831,8,2545,6,4286,0,0,12,4994,2,919,12,5913,California
Lake,2021-02-01,179,7010,18,2563,161,4447,0,0,166,5147,13,932,166,6079,California
Lake,2021-02-02,564,7574,151,2714,413,4860,0,0,398,5379,166,1098,398,6477,California
Lake,2021-02-03,445,8019,33,2747,412,5272,0,0,340,5614,105,1203,340,6817,California
Lake,2021-02-04,120,8139,69,2816,51,5323,0,0,73,5640,47,1250,73,6890,California
Lake,2021-02-05,379,8518,70,2886,309,5632,0,0,288,5839,89,1339,288,7178,California
Lake,2021-02-06,276,8794,41,2927,235,5867,0,0,265,6093,11,1350,265,7443,California
Lake,2021-02-07,2,8796,1,2928,1,5868,0,0,2,6095,0,1350,2,7445,California
Lake,2021-02-08,278,9074,206,3134,72,5940,0,0,159,6135,119,1469,159,7604,California
Lake,2021-02-09,345,9419,25,3159,320,6260,0,0,301,6393,43,1512,301,7905,California
Lake,2021-02-10,351,9770,54,3213,297,6557,0,0,274,6590,77,1589,274,8179,California
Lake,2021-02-11,169,9939,18,3231,151,6708,0,0,56,6533,113,1702,56,8235,California
Lake,2021-02-12,376,10315,29,3260,347,7055,0,0,289,6736,86,1788,289,8524,California
Lake,2021-02-13,246,10561,7,3267,239,7294,0,0,235,6960,11,1799,235,8759,California
Lake,2021-02-14,20,10581,5,3272,15,7309,0,0,6,6952,14,1813,6,8765,California
Lake,2021-02-15,172,10753,13,3285,159,7468,0,0,8,6797,163,1976,8,8773,California
Lake,2021-02-16,423,11176,23,3308,400,7868,0,0,176,6726,247,2223,176,8949,California
Lake,2021-02-17,351,11527,54,3362,297,8165,0,0,70,6516,280,2503,70,9019,California
Lake,2021-02-18,458,11985,69,3431,389,8554,0,0,114,6286,344,2847,114,9133,California
Lake,2021-02-19,418,12403,25,3456,393,8947,0,0,93,6054,325,3172,93,9226,California
Lake,2021-02-20,294,12697,60,3516,234,9181,0,0,251,6263,42,3214,251,9477,California
Lake,2021-02-21,6,12703,6,3522,0,9181,0,0,0,6257,6,3220,0,9477,California
Lake,2021-02-22,140,12843,23,3545,117,9298,0,0,43,6203,97,3317,43,9520,California
Lake,2021-02-23,213,13056,14,3559,199,9497,0,0,28,6046,185,3502,28,9548,California
Lake,2021-02-24,955,14011,377,3936,578,10075,0,0,416,5924,538,4040,416,9964,California
Lake,2021-02-25,731,14742,464,4400,267,10342,0,0,472,6139,257,4297,472,10436,California
Lake,2021-02-26,995,15737,304,4704,691,11033,0,0,350,5847,642,4939,350,10786,California
Lake,2021-02-27,411,16148,98,4802,313,11346,0,0,328,6092,83,5022,328,11114,California
Lake,2021-02-28,18,16166,12,4814,6,11352,0,0,10,6094,8,5030,10,11124,California
Lake,2021-03-01,596,16762,53,4867,543,11895,0,0,443,6384,153,5183,443,11567,California
Lake,2021-03-02,746,17508,18,4885,728,12623,0,0,290,6217,457,5640,290,11857,California
Lake,2021-03-03,359,17867,196,5081,163,12786,0,0,135,6128,224,5864,135,11992,California
Lake,2021-03-04,578,18445,510,5591,68,12854,0,0,562,6674,16,5880,562,12554,California
Lake,2021-03-05,1037,19482,40,5631,997,13851,0,0,174,5989,859,6739,174,12728,California
Lake,2021-03-06,34,19516,9,5640,24,13875,1,1,21,5998,13,6752,22,12750,California
Lake,2021-03-07,7,19523,5,5645,2,13877,0,1,4,5999,3,6755,4,12754,California
Lake,2021-03-08,339,19862,267,5912,63,13940,9,10,299,6267,40,6795,308,13062,California
Lake,2021-03-09,915,20777,29,5941,869,14809,17,27,393,6156,521,7316,410,13472,California
Lake,2021-03-10,203,20980,60,6001,130,14939,13,40,135,6236,68,7384,148,13620,California
Lake,2021-03-11,583,21563,47,6048,62,15001,474,514,48,6223,535,7919,522,14142,California
Lake,2021-03-12,853,22416,203,6251,626,15627,24,538,363,6121,489,8408,387,14529,California
Lake,2021-03-13,277,22693,21,6272,20,15647,236,774,16,6112,260,8668,251,14780,California
Lake,2021-03-14,11,22704,2,6274,9,15656,0,774,7,6115,4,8672,7,14787,California
Lake,2021-03-15,642,23346,14,6288,611,16267,17,791,483,6456,159,8831,500,15287,California
Lake,2021-03-16,1113,24459,834,7122,262,16529,17,808,446,6255,663,9494,462,15749,California
Lake,2021-03-17,246,24705,121,7243,103,16632,22,830,90,6211,156,9650,112,15861,California
Lake,2021-03-18,748,25453,373,7616,338,16970,37,867,372,6244,375,10025,408,16269,California
Lake,2021-03-19,580,26033,313,7929,247,17217,20,887,473,6631,106,10131,493,16762,California
Lake,2021-03-20,248,26281,8,7937,237,17454,3,890,29,6446,217,10348,32,16794,California
Lake,2021-03-21,16,26297,11,7948,4,17458,1,891,11,6453,5,10353,12,16806,California
Lake,2021-03-22,324,26621,244,8192,66,17524,14,905,238,6619,86,10439,252,17058,California
Lake,2021-03-23,417,27038,19,8211,385,17909,13,918,353,6922,63,10502,366,17424,California
Lake,2021-03-24,413,27451,61,8272,344,18253,8,926,317,7153,95,10597,326,17750,California
Lake,2021-03-25,659,28110,470,8742,183,18436,6,932,174,6848,485,11082,180,17930,California
Lake,2021-03-26,69,28179,33,8775,35,18471,1,933,45,6870,24,11106,46,17976,California
Lake,2021-03-27,309,28488,7,8782,299,18770,3,936,17,6600,290,11396,20,17996,California
Lake,2021-03-28,17,28505,8,8790,9,18779,0,936,11,6605,6,11402,11,18007,California
Lake,2021-03-29,899,29404,268,9058,629,19408,2,938,193,6096,704,12106,195,18202,California
Lake,2021-03-30,453,29857,304,9362,147,19555,2,940,367,6380,85,12191,369,18571,California
Lake,2021-03-31,583,30440,60,9422,523,20078,0,940,418,6641,157,12348,418,18989,California
Lake,2021-04-01,422,30862,219,9641,191,20269,12,952,177,6588,242,12590,189,19178,California
Lake,2021-04-02,220,31082,40,9681,152,20421,28,980,97,6590,123,12713,125,19303,California
Lake,2021-04-03,30,31112,6,9687,21,20442,3,983,11,6585,19,12732,14,19317,California
Lake,2021-04-04,20,31132,11,9698,7,20449,2,985,15,6597,5,12737,17,19334,California
Lake,2021-04-05,638,31770,70,9768,549,20998,19,1004,399,6778,236,12973,417,19751,California
Lake,2021-04-06,473,32243,16,9784,431,21429,26,1030,300,6932,172,13145,326,20077,California
Lake,2021-04-07,512,32755,50,9834,411,21840,51,1081,345,7163,165,13310,396,20473,California
Lake,2021-04-08,599,33354,486,10320,46,21886,67,1148,103,6840,493,13803,170,20643,California
Lake,2021-04-09,279,33633,39,10359,172,22058,68,1216,46,6724,230,14033,114,20757,California
Lake,2021-04-10,253,33886,15,10374,14,22072,224,1440,11,6717,242,14275,235,20992,California
Lake,2021-04-11,22,33908,17,10391,3,22075,2,1442,7,6711,15,14290,9,21001,California
Lake,2021-04-12,1068,34976,231,10622,804,22879,33,1475,248,6173,819,15109,281,21282,California
Lake,2021-04-13,180,35156,110,10732,70,22949,0,1475,54,6101,126,15235,54,21336,California
Lake,2021-04-14,608,35764,37,10769,571,23520,0,1475,547,6587,61,15296,547,21883,California
Lake,2021-04-15,640,36404,193,10962,447,23967,0,1475,332,6611,308,15604,332,22215,California
Lake,2021-04-16,259,36663,25,10987,233,24200,1,1476,69,6492,189,15793,70,22285,California
Lake,2021-04-17,39,36702,11,10998,28,24228,0,1476,29,6511,10,15803,29,22314,California
Lake,2021-04-18,8,36710,5,11003,3,24231,0,1476,0,6503,8,15811,0,22314,California
Lake,2021-04-19,295,37005,39,11042,256,24487,0,1476,245,6698,50,15861,245,22559,California
Lake,2021-04-20,692,37697,278,11320,414,24901,0,1476,113,6234,578,16439,114,22673,California
Lake,2021-04-21,532,38229,64,11384,468,25369,0,1476,204,6110,328,16767,204,22877,California
Lake,2021-04-22,461,38690,50,11434,411,25780,0,1476,314,6278,146,16913,314,23191,California
Lake,2021-04-23,113,38803,57,11491,56,25836,0,1476,67,6299,46,16959,67,23258,California
Lake,2021-04-24,53,38856,9,11500,44,25880,0,1476,39,6324,14,16973,39,23297,California
Lake,2021-04-25,36,38892,19,11519,17,25897,0,1476,23,6334,13,16986,23,23320,California
Lake,2021-04-26,277,39169,74,11593,202,26099,1,1477,80,6218,197,17183,81,23401,California
Lake,2021-04-27,238,39407,21,11614,199,26298,18,1495,80,6158,158,17341,98,23499,California
Lake,2021-04-28,506,39913,46,11660,445,26743,15,1510,118,5904,386,17727,132,23631,California
Lake,2021-04-29,210,40123,81,11741,113,26856,16,1526,117,5944,93,17820,133,23764,California
Lake,2021-04-30,287,40410,46,11787,210,27066,31,1557,148,5984,139,17959,179,23943,California
Lake,2021-05-01,47,40457,26,11813,19,27085,2,1559,33,6005,14,17973,35,23978,California
Lake,2021-05-02,18,40475,9,11822,8,27093,1,1560,9,6006,9,17982,10,23988,California
Lake,2021-05-03,410,40885,27,11849,347,27440,36,1596,64,5761,345,18327,100,24088,California
Lake,2021-05-04,407,41292,217,12066,142,27582,48,1644,126,5655,280,18607,174,24262,California
Lake,2021-05-05,633,41925,49,12115,574,28156,10,1654,92,5217,539,19146,101,24363,California
Lake,2021-05-06,141,42066,20,12135,90,28246,31,1685,69,5244,72,19218,99,24462,California
Lake,2021-05-07,164,42230,25,12160,119,28365,20,1705,106,5315,55,19273,126,24588,California
Lake,2021-05-08,42,42272,8,12168,33,28398,1,1706,33,5340,9,19282,34,24622,California
Lake,2021-05-09,17,42289,3,12171,11,28409,3,1709,12,5350,5,19287,15,24637,California
Lake,2021-05-10,207,42496,10,12181,177,28586,20,1729,44,5251,163,19450,64,24701,California
Lassen,2020-12-16,8,8,8,8,0,0,0,0,8,8,0,0,8,8,California
Lassen,2020-12-17,6,14,6,14,0,0,0,0,6,14,0,0,6,14,California
Lassen,2020-12-18,1,15,1,15,0,0,0,0,1,15,0,0,1,15,California
Lassen,2020-12-19,5,20,5,20,0,0,0,0,5,20,0,0,5,20,California
Lassen,2020-12-20,2,22,2,22,0,0,0,0,2,22,0,0,2,22,California
Lassen,2020-12-21,11,33,11,33,0,0,0,0,11,33,0,0,11,33,California
Lassen,2020-12-22,23,56,23,56,0,0,0,0,23,56,0,0,23,56,California
Lassen,2020-12-23,6,62,6,62,0,0,0,0,6,62,0,0,6,62,California
Lassen,2020-12-24,11,73,11,73,0,0,0,0,11,73,0,0,11,73,California
Lassen,2020-12-28,3,76,2,75,1,1,0,0,3,76,0,0,3,76,California
Lassen,2020-12-29,35,111,35,110,0,1,0,0,35,111,0,0,35,111,California
Lassen,2020-12-30,37,148,36,146,1,2,0,0,37,148,0,0,37,148,California
Lassen,2020-12-31,49,197,42,188,7,9,0,0,49,197,0,0,49,197,California
Lassen,2021-01-02,1,198,0,188,1,10,0,0,1,198,0,0,1,198,California
Lassen,2021-01-04,15,213,1,189,14,24,0,0,15,213,0,0,15,213,California
Lassen,2021-01-05,194,407,53,242,141,165,0,0,194,407,0,0,194,407,California
Lassen,2021-01-06,95,502,44,286,51,216,0,0,87,487,8,8,88,495,California
Lassen,2021-01-07,43,545,7,293,36,252,0,0,37,518,6,14,37,532,California
Lassen,2021-01-08,50,595,2,295,48,300,0,0,50,568,0,14,50,582,California
Lassen,2021-01-09,12,607,6,301,6,306,0,0,12,580,0,14,12,594,California
Lassen,2021-01-11,27,634,5,306,22,328,0,0,27,607,0,14,27,621,California
Lassen,2021-01-12,49,683,29,335,20,348,0,0,30,618,19,33,30,651,California
Lassen,2021-01-13,161,844,18,353,143,491,0,0,146,749,15,48,146,797,California
Lassen,2021-01-14,163,1007,18,371,145,636,0,0,151,888,12,60,151,948,California
Lassen,2021-01-15,33,1040,6,377,27,663,0,0,33,921,0,60,33,981,California
Lassen,2021-01-16,34,1074,33,410,1,664,0,0,34,955,0,60,34,1015,California
Lassen,2021-01-17,1,1075,0,410,1,665,0,0,1,956,0,60,1,1016,California
Lassen,2021-01-18,5,1080,2,412,3,668,0,0,4,959,1,61,4,1020,California
Lassen,2021-01-19,185,1265,36,448,149,817,0,0,157,1088,28,89,157,1177,California
Lassen,2021-01-20,189,1454,101,549,88,905,0,0,105,1124,69,158,105,1282,California
Lassen,2021-01-21,145,1599,93,642,52,957,0,0,121,1227,18,176,121,1403,California
Lassen,2021-01-22,31,1630,18,660,13,970,0,0,21,1238,10,186,21,1424,California
Lassen,2021-01-23,2,1632,0,660,2,972,0,0,2,1240,0,186,2,1426,California
Lassen,2021-01-24,1,1633,0,660,1,973,0,0,1,1241,0,186,1,1427,California
Lassen,2021-01-25,11,1644,0,660,11,984,0,0,11,1252,0,186,11,1438,California
Lassen,2021-01-26,126,1770,12,672,114,1098,0,0,122,1370,4,190,122,1560,California
Lassen,2021-01-27,87,1857,35,707,52,1150,0,0,69,1421,18,208,69,1629,California
Lassen,2021-01-28,86,1943,15,722,71,1221,0,0,85,1505,1,209,85,1714,California
Lassen,2021-01-29,23,1966,7,729,16,1237,0,0,22,1526,1,210,22,1736,California
Lassen,2021-02-01,62,2028,4,733,58,1295,0,0,36,1536,26,236,36,1772,California
Lassen,2021-02-02,177,2205,12,745,165,1460,0,0,44,1447,133,369,44,1816,California
Lassen,2021-02-03,96,2301,21,766,75,1535,0,0,51,1453,45,414,51,1867,California
Lassen,2021-02-04,112,2413,15,781,97,1632,0,0,63,1467,49,463,63,1930,California
Lassen,2021-02-05,65,2478,12,793,53,1685,0,0,23,1448,42,505,23,1953,California
Lassen,2021-02-06,69,2547,34,827,35,1720,0,0,36,1452,32,537,36,1989,California
Lassen,2021-02-07,2,2549,2,829,0,1720,0,0,2,1454,0,537,2,1991,California
Lassen,2021-02-08,44,2593,4,833,40,1760,0,0,18,1446,26,563,18,2009,California
Lassen,2021-02-09,129,2722,8,841,121,1881,0,0,50,1417,79,642,50,2059,California
Lassen,2021-02-10,184,2906,21,862,163,2044,0,0,76,1385,108,750,76,2135,California
Lassen,2021-02-11,184,3090,16,878,168,2212,0,0,80,1362,103,853,80,2215,California
Lassen,2021-02-12,42,3132,11,889,31,2243,0,0,14,1348,28,881,14,2229,California
Lassen,2021-02-13,12,3144,3,892,9,2252,0,0,10,1356,2,883,10,2239,California
Lassen,2021-02-14,13,3157,0,892,13,2265,0,0,12,1367,1,884,12,2251,California
Lassen,2021-02-15,21,3178,2,894,19,2284,0,0,17,1380,4,888,17,2268,California
Lassen,2021-02-16,192,3370,4,898,188,2472,0,0,31,1252,159,1047,31,2299,California
Lassen,2021-02-17,183,3553,94,992,89,2561,0,0,10,1089,173,1220,10,2309,California
Lassen,2021-02-18,80,3633,22,1014,58,2619,0,0,20,1049,60,1280,20,2329,California
Lassen,2021-02-19,82,3715,62,1076,20,2639,0,0,18,1003,64,1344,18,2347,California
Lassen,2021-02-20,8,3723,0,1076,8,2647,0,0,6,1007,2,1346,6,2353,California
Lassen,2021-02-21,22,3745,2,1078,20,2667,0,0,18,1021,4,1350,18,2371,California
Lassen,2021-02-22,25,3770,10,1088,15,2682,0,0,6,1008,19,1369,6,2377,California
Lassen,2021-02-23,153,3923,10,1098,143,2825,0,0,41,937,112,1481,41,2418,California
Lassen,2021-02-24,165,4088,16,1114,149,2974,0,0,107,987,57,1538,107,2525,California
Lassen,2021-02-25,156,4244,19,1133,137,3111,0,0,99,1029,57,1595,99,2624,California
Lassen,2021-02-26,73,4317,16,1149,57,3168,0,0,36,1028,37,1632,36,2660,California
Lassen,2021-02-27,8,4325,7,1156,1,3169,0,0,3,1026,5,1637,3,2663,California
Lassen,2021-02-28,6,4331,1,1157,5,3174,0,0,3,1026,3,1640,3,2666,California
Lassen,2021-03-01,42,4373,4,1161,38,3212,0,0,8,1001,33,1673,8,2674,California
Lassen,2021-03-02,106,4479,8,1169,98,3310,0,0,80,1055,26,1699,80,2754,California
Lassen,2021-03-03,170,4649,12,1181,158,3468,0,0,113,1111,57,1756,113,2867,California
Lassen,2021-03-04,150,4799,17,1198,133,3601,0,0,100,1162,49,1805,100,2967,California
Lassen,2021-03-05,47,4846,7,1205,17,3618,23,23,11,1160,36,1841,34,3001,California
Lassen,2021-03-06,55,4901,4,1209,29,3647,22,45,5,1137,50,1891,27,3028,California
Lassen,2021-03-07,56,4957,1,1210,0,3647,55,100,1,1138,55,1946,56,3084,California
Lassen,2021-03-08,90,5047,2,1212,8,3655,80,180,3,1135,86,2032,83,3167,California
Lassen,2021-03-09,137,5184,11,1223,109,3764,17,197,88,1192,49,2081,106,3273,California
Lassen,2021-03-10,175,5359,10,1233,163,3927,2,199,79,1178,95,2176,81,3354,California
Lassen,2021-03-11,185,5544,16,1249,162,4089,7,206,113,1229,69,2245,120,3474,California
Lassen,2021-03-12,35,5579,18,1267,13,4102,4,210,12,1222,23,2268,16,3490,California
Lassen,2021-03-13,49,5628,0,1267,3,4105,46,256,1,1220,48,2316,46,3536,California
Lassen,2021-03-14,14,5642,2,1269,11,4116,1,257,2,1211,12,2328,3,3539,California
Lassen,2021-03-15,33,5675,2,1271,31,4147,0,257,16,1210,17,2345,16,3555,California
Lassen,2021-03-16,93,5768,2,1273,85,4232,6,263,74,1271,19,2364,80,3635,California
Lassen,2021-03-17,1083,6851,9,1282,1069,5301,5,268,1064,2321,19,2383,1069,4704,California
Lassen,2021-03-18,95,6946,9,1291,85,5386,1,269,81,2389,14,2397,82,4786,California
Lassen,2021-03-19,17,6963,11,1302,2,5388,4,273,7,2390,10,2407,11,4797,California
Lassen,2021-03-20,29,6992,3,1305,23,5411,3,276,22,2408,7,2414,25,4822,California
Lassen,2021-03-21,34,7026,0,1305,34,5445,0,276,14,2403,19,2433,14,4836,California
Lassen,2021-03-22,57,7083,1,1306,56,5501,0,276,54,2454,3,2436,54,4890,California
Lassen,2021-03-23,119,7202,11,1317,107,5608,1,277,67,2470,52,2488,68,4958,California
Lassen,2021-03-24,213,7415,13,1330,199,5807,1,278,107,2473,105,2593,108,5066,California
Lassen,2021-03-25,153,7568,22,1352,131,5938,0,278,70,2460,83,2676,70,5136,California
Lassen,2021-03-26,78,7646,13,1365,26,5964,39,317,19,2459,58,2734,57,5193,California
Lassen,2021-03-27,20,7666,4,1369,1,5965,15,332,3,2460,17,2751,18,5211,California
Lassen,2021-03-28,18,7684,3,1372,5,5970,10,342,4,2460,14,2765,14,5225,California
Lassen,2021-03-29,52,7736,0,1372,27,5997,25,367,20,2474,31,2796,45,5270,California
Lassen,2021-03-30,198,7934,10,1382,163,6160,25,392,51,2403,147,2943,76,5346,California
Lassen,2021-03-31,146,8080,12,1394,112,6272,22,414,62,2403,84,3027,84,5430,California
Lassen,2021-04-01,165,8245,15,1409,131,6403,19,433,48,2354,116,3143,67,5497,California
Lassen,2021-04-02,29,8274,4,1413,3,6406,22,455,2,2351,27,3170,24,5521,California
Lassen,2021-04-03,12,8286,0,1413,2,6408,10,465,0,2349,12,3182,10,5531,California
Lassen,2021-04-04,7,8293,2,1415,0,6408,5,470,1,2349,6,3188,6,5537,California
Lassen,2021-04-05,23,8316,4,1419,12,6420,7,477,11,2356,11,3199,18,5555,California
Lassen,2021-04-06,184,8500,9,1428,145,6565,30,507,53,2308,131,3330,83,5638,California
Lassen,2021-04-07,135,8635,6,1434,92,6657,37,544,32,2276,103,3433,71,5709,California
Lassen,2021-04-08,170,8805,9,1443,105,6762,56,600,34,2234,132,3565,90,5799,California
Lassen,2021-04-09,52,8857,6,1449,11,6773,35,635,9,2235,42,3607,43,5842,California
Lassen,2021-04-10,9,8866,0,1449,2,6775,7,642,0,2234,8,3615,7,5849,California
Lassen,2021-04-11,5,8871,2,1451,0,6775,3,645,2,2236,3,3618,5,5854,California
Lassen,2021-04-12,31,8902,3,1454,15,6790,13,658,3,2224,28,3646,16,5870,California
Lassen,2021-04-13,129,9031,6,1460,123,6913,0,658,40,2176,88,3734,40,5910,California
Lassen,2021-04-14,987,10018,16,1476,971,7884,0,658,51,1292,935,4669,51,5961,California
Lassen,2021-04-15,147,10165,14,1490,133,8017,0,658,19,1183,128,4797,19,5980,California
Lassen,2021-04-16,11,10176,4,1494,7,8024,0,658,5,1182,6,4803,5,5985,California
Lassen,2021-04-17,24,10200,3,1497,21,8045,0,658,4,1166,20,4823,4,5989,California
Lassen,2021-04-18,5,10205,2,1499,3,8048,0,658,2,1165,3,4826,2,5991,California
Lassen,2021-04-19,33,10238,0,1499,33,8081,0,658,17,1166,16,4842,17,6008,California
Lassen,2021-04-20,138,10376,7,1506,131,8212,0,658,52,1132,86,4928,52,6060,California
Lassen,2021-04-21,163,10539,10,1516,153,8365,0,658,32,1035,129,5057,32,6092,California
Lassen,2021-04-22,102,10641,16,1532,86,8451,0,658,33,999,69,5126,33,6125,California
Lassen,2021-04-23,28,10669,3,1535,25,8476,0,658,22,1015,6,5132,22,6147,California
Lassen,2021-04-24,10,10679,6,1541,4,8480,0,658,4,1013,6,5138,4,6151,California
Lassen,2021-04-25,5,10684,0,1541,4,8484,1,659,3,1015,2,5140,4,6155,California
Lassen,2021-04-26,40,10724,1,1542,35,8519,4,663,7,993,33,5173,11,6166,California
Lassen,2021-04-27,121,10845,10,1552,108,8627,3,666,69,1013,52,5225,72,6238,California
Lassen,2021-04-28,84,10929,8,1560,74,8701,2,668,31,993,53,5278,33,6271,California
Lassen,2021-04-29,67,10996,7,1567,57,8758,3,671,22,974,44,5322,25,6296,California
Lassen,2021-04-30,11,11007,7,1574,1,8759,3,674,3,972,8,5330,6,6302,California
Lassen,2021-05-01,3,11010,0,1574,2,8761,1,675,2,974,1,5331,3,6305,California
Lassen,2021-05-02,12,11022,8,1582,4,8765,0,675,8,978,4,5335,8,6313,California
Lassen,2021-05-03,18,11040,1,1583,11,8776,6,681,4,974,14,5349,10,6323,California
Lassen,2021-05-04,75,11115,4,1587,63,8839,8,689,23,953,52,5401,31,6354,California
Lassen,2021-05-05,79,11194,4,1591,65,8904,10,699,24,933,54,5455,34,6388,California
Lassen,2021-05-06,85,11279,20,1611,43,8947,22,721,23,916,62,5517,45,6433,California
Lassen,2021-05-07,45,11324,31,1642,10,8957,4,725,38,951,7,5524,42,6475,California
Lassen,2021-05-08,8,11332,0,1642,4,8961,4,729,3,953,5,5529,7,6482,California
Lassen,2021-05-09,2,11334,0,1642,0,8961,2,731,0,953,2,5531,2,6484,California
Lassen,2021-05-10,7,11341,0,1642,5,8966,2,733,3,954,4,5535,5,6489,California
Los Angeles,2020-12-15,392,392,392,392,0,0,0,0,392,392,0,0,392,392,California
Los Angeles,2020-12-16,3364,3756,3364,3756,0,0,0,0,3364,3756,0,0,3364,3756,California
Los Angeles,2020-12-17,10234,13990,10234,13990,0,0,0,0,10235,13991,0,0,10235,13991,California
Los Angeles,2020-12-18,14519,28509,14495,28485,24,24,0,0,14519,28510,0,0,14519,28510,California
Los Angeles,2020-12-19,7226,35735,7218,35703,8,32,0,0,7227,35737,0,0,7227,35737,California
Los Angeles,2020-12-20,4594,40329,4586,40289,8,40,0,0,4596,40333,0,0,4596,40333,California
Los Angeles,2020-12-21,13690,54019,13675,53964,15,55,0,0,13690,54022,1,1,13690,54023,California
Los Angeles,2020-12-22,11524,65543,11144,65108,380,435,0,0,11525,65546,1,2,11525,65548,California
Los Angeles,2020-12-23,11885,77428,10130,75238,1755,2190,0,0,11886,77432,0,2,11886,77434,California
Los Angeles,2020-12-24,7019,84447,4252,79490,2767,4957,0,0,7022,84454,0,2,7022,84456,California
Los Angeles,2020-12-25,525,84972,419,79909,106,5063,0,0,525,84979,0,2,525,84981,California
Los Angeles,2020-12-26,2523,87495,2179,82088,344,5407,0,0,2523,87501,1,3,2523,87504,California
Los Angeles,2020-12-27,1756,89251,1027,83115,729,6136,0,0,1756,89257,0,3,1756,89260,California
Los Angeles,2020-12-28,10284,99535,6381,89496,3903,10039,0,0,10282,99538,1,4,10282,99542,California
Los Angeles,2020-12-29,11597,111132,6076,95572,5521,15560,0,0,11599,111137,0,4,11599,111141,California
Los Angeles,2020-12-30,14863,125995,8087,103659,6776,22336,0,0,14862,125999,0,4,14862,126003,California
Los Angeles,2020-12-31,7931,133926,2754,106413,5177,27513,0,0,7928,133925,2,6,7928,133931,California
Los Angeles,2021-01-01,1004,134930,272,106685,732,28245,0,0,1004,134929,0,6,1004,134935,California
Los Angeles,2021-01-02,4462,139392,1657,108342,2805,31050,0,0,4462,139391,0,6,4462,139397,California
Los Angeles,2021-01-03,948,140340,213,108555,735,31785,0,0,947,140337,1,7,947,140344,California
Los Angeles,2021-01-04,12707,153047,4883,113438,7824,39609,0,0,12693,153027,3,10,12693,153037,California
Los Angeles,2021-01-05,16045,169092,7084,120522,8961,48570,0,0,14144,165300,1874,1884,14147,167184,California
Los Angeles,2021-01-06,22677,191769,12080,132602,10597,59167,0,0,17083,176864,5526,7410,17090,184274,California
Los Angeles,2021-01-07,29367,221136,15812,148414,13555,72722,0,0,18856,185268,10466,17876,18870,203144,California
Los Angeles,2021-01-08,33112,254248,17899,166313,15213,87935,0,0,20890,193971,12195,30071,20898,224042,California
Los Angeles,2021-01-09,12365,266613,7074,173387,5291,93226,0,0,7501,196616,4862,34933,7507,231549,California
Los Angeles,2021-01-10,4678,271291,3631,177018,1047,94273,0,0,1946,195831,2732,37665,1947,233496,California
Los Angeles,2021-01-11,25802,297093,16252,193270,9550,103823,0,0,14868,199784,10923,48588,14876,248372,California
Los Angeles,2021-01-12,29228,326321,16081,209351,13147,116970,0,0,19094,208774,10116,58704,19106,267478,California
Los Angeles,2021-01-13,29275,355596,15639,224990,13636,130606,0,0,20329,220179,8928,67632,20333,287811,California
Los Angeles,2021-01-14,29253,384849,12723,237713,16530,147136,0,0,23747,238449,5487,73119,23757,311568,California
Los Angeles,2021-01-15,33814,418663,12368,250081,21446,168582,0,0,30240,265148,3549,76668,30248,341816,California
Los Angeles,2021-01-16,17558,436221,4964,255045,12594,181176,0,0,15782,279166,1768,78436,15786,357602,California
Los Angeles,2021-01-17,5192,441413,2311,257356,2881,184057,0,0,4947,283871,244,78680,4949,362551,California
Los Angeles,2021-01-18,15587,457000,10065,267421,5522,189579,0,0,10881,290060,4694,83374,10883,373434,California
Los Angeles,2021-01-19,38458,495458,20574,287995,17884,207463,0,0,30662,312977,7755,91129,30672,404106,California
Los Angeles,2021-01-20,45770,541228,23918,311913,21852,229315,0,0,38285,343817,7455,98584,38295,442401,California
Los Angeles,2021-01-21,48725,589953,22456,334369,26269,255584,0,0,44453,384074,4210,102794,44467,486868,California
Los Angeles,2021-01-22,47885,637838,22235,356604,25650,281234,0,0,44467,425178,3373,106167,44477,531345,California
Los Angeles,2021-01-23,33974,671812,15714,372318,18260,299494,0,0,31920,455089,2021,108188,31932,563277,California
Los Angeles,2021-01-24,15737,687549,12213,384531,3524,303018,0,0,15189,469739,540,108728,15190,578467,California
Los Angeles,2021-01-25,38776,726325,16461,400992,22315,325333,0,0,30275,491558,8472,117200,30291,608758,California
Los Angeles,2021-01-26,49274,775599,24473,425465,24801,350134,0,0,41084,524506,8155,125355,41103,649861,California
Los Angeles,2021-01-27,48551,824150,25837,451302,22714,372848,0,0,39311,554731,9105,134460,39330,689191,California
Los Angeles,2021-01-28,48620,872770,23121,474423,25499,398347,0,0,40200,586647,8298,142758,40214,729405,California
Los Angeles,2021-01-29,49275,922045,25415,499838,23860,422207,0,0,39218,616177,9703,152461,39233,768638,California
Los Angeles,2021-01-30,30002,952047,15408,515246,14594,436801,0,0,25851,637958,4074,156535,25855,794493,California
Los Angeles,2021-01-31,13022,965069,10383,525629,2639,439440,0,0,12093,649139,916,157451,12097,806590,California
Los Angeles,2021-02-01,38059,1003128,16215,541844,21844,461284,0,0,27779,666680,10248,167699,27789,834379,California
Los Angeles,2021-02-02,44237,1047365,17901,559745,26336,487620,0,0,32053,686593,12143,179842,32056,866435,California
Los Angeles,2021-02-03,52139,1099504,19570,579315,32569,520189,0,0,37254,709206,14647,194489,37260,903695,California
Los Angeles,2021-02-04,57181,1156685,20708,600023,36473,556662,0,0,39073,730493,17800,212289,39087,942782,California
Los Angeles,2021-02-05,61202,1217887,21057,621080,40145,596807,0,0,39285,748286,21499,233788,39292,982074,California
Los Angeles,2021-02-06,35504,1253391,13305,634385,22199,619006,0,0,27069,767015,8362,242150,27091,1009165,California
Los Angeles,2021-02-07,10819,1264210,8398,642783,2421,621427,0,0,8419,773055,2385,244535,8425,1017590,California
Los Angeles,2021-02-08,46737,1310947,21509,664292,25228,646655,0,0,30573,787602,16028,260563,30575,1048165,California
Los Angeles,2021-02-09,55762,1366709,24596,688888,31166,677821,0,0,28373,788667,27315,287878,28380,1076545,California
Los Angeles,2021-02-10,66908,1433617,29412,718300,37496,715317,0,0,30834,783811,35699,323577,30843,1107388,California
Los Angeles,2021-02-11,57990,1491607,30858,749158,27132,742449,0,0,27998,782263,29550,353127,28002,1135390,California
Los Angeles,2021-02-12,59516,1551123,29785,778943,29731,772180,0,0,25962,775025,33216,386343,25978,1161368,California
Los Angeles,2021-02-13,33782,1584905,19607,798550,14175,786355,0,0,15453,772272,18244,404587,15491,1176859,California
Los Angeles,2021-02-14,21881,1606786,14969,813519,6912,793267,0,0,8780,768014,13041,417628,8783,1185642,California
Los Angeles,2021-02-15,32439,1639225,15857,829376,16582,809849,0,0,17792,771228,14584,432212,17798,1203440,California
Los Angeles,2021-02-16,63979,1703204,32505,861881,31474,841323,0,0,29843,767034,34049,466261,29855,1233295,California
Los Angeles,2021-02-17,64460,1767664,34286,896167,30174,871497,0,0,26396,755545,37892,504153,26403,1259698,California
Los Angeles,2021-02-18,68269,1835933,34689,930856,33580,905077,0,0,28578,744617,39516,543669,28588,1288286,California
Los Angeles,2021-02-19,58061,1893994,35873,966729,22188,927265,0,0,28461,743591,29502,573171,28476,1316762,California
Los Angeles,2021-02-20,32753,1926747,23820,990549,8933,936198,0,0,15736,742362,16973,590144,15744,1332506,California
Los Angeles,2021-02-21,16755,1943502,15100,1005649,1655,937853,0,0,8521,742688,8198,598342,8524,1341030,California
Los Angeles,2021-02-22,34325,1977827,24983,1030632,9342,947195,0,0,17741,743929,16511,614853,17752,1358782,California
Los Angeles,2021-02-23,53683,2031510,22789,1053421,30894,978089,0,0,21151,732667,32425,647278,21163,1379945,California
Los Angeles,2021-02-24,64285,2095795,28410,1081831,35875,1013964,0,0,28321,725210,35796,683074,28339,1408284,California
Los Angeles,2021-02-25,73557,2169352,33760,1115591,39797,1053761,0,0,38587,728995,34814,717888,38599,1446883,California
Los Angeles,2021-02-26,82828,2252180,38605,1154196,44223,1097984,0,0,47359,741143,35239,753127,47387,1494270,California
Los Angeles,2021-02-27,58698,2310878,25022,1179218,33672,1131656,4,4,30002,742618,28554,781681,30029,1524299,California
Los Angeles,2021-02-28,26824,2337702,18509,1197727,8314,1139970,1,5,18861,753624,7863,789544,18869,1543168,California
Los Angeles,2021-03-01,55641,2393343,31183,1228910,24440,1164410,18,23,33739,765653,21743,811287,33772,1576940,California
Los Angeles,2021-03-02,71028,2464371,31515,1260425,39511,1203921,2,25,43416,781592,27490,838777,43429,1620369,California
Los Angeles,2021-03-03,82775,2547146,41625,1302050,41140,1245061,10,35,52039,803082,30581,869358,52071,1672440,California
Los Angeles,2021-03-04,89659,2636805,45767,1347817,43881,1288942,11,46,56577,826785,32903,902261,56606,1729046,California
Los Angeles,2021-03-05,87676,2724481,42662,1390479,44987,1333929,27,73,58427,856200,29072,931333,58487,1787533,California
Los Angeles,2021-03-06,66200,2790681,33274,1423753,31111,1365040,1815,1888,42640,877241,23419,954752,44460,1831993,California
Los Angeles,2021-03-07,25700,2816381,19316,1443069,5583,1370623,801,2689,19815,891995,5860,960612,20614,1852607,California
Los Angeles,2021-03-08,51384,2867765,26686,1469755,22752,1393375,1946,4635,38628,919907,12659,973271,40571,1893178,California
Los Angeles,2021-03-09,68967,2936732,26465,1496220,39228,1432603,3274,7909,41220,936795,27598,1000869,44486,1937664,California
Los Angeles,2021-03-10,79198,3015930,37347,1533567,36981,1469584,4870,12779,49624,961834,29418,1030287,54457,1992121,California
Los Angeles,2021-03-11,92263,3108193,44980,1578547,40610,1510194,6673,19452,54025,984432,38063,1068350,60661,2052782,California
Los Angeles,2021-03-12,97145,3205338,43225,1621772,40094,1550288,13826,33278,56497,1014241,40466,1108816,70275,2123057,California
Los Angeles,2021-03-13,74029,3279367,34464,1656236,27668,1577956,11897,45175,43997,1040167,29926,1138742,55852,2178909,California
Los Angeles,2021-03-14,38091,3317458,25416,1681652,10214,1588170,2461,47636,25502,1055582,12526,1151268,27941,2206850,California
Los Angeles,2021-03-15,73492,3390950,35542,1717194,32618,1620788,5332,52968,44853,1077291,28456,1179724,50165,2257015,California
Los Angeles,2021-03-16,98467,3489417,42633,1759827,50067,1670855,5767,58735,64369,1113473,33917,1213641,70099,2327114,California
Los Angeles,2021-03-17,95425,3584842,42963,1802790,44259,1715114,8203,66938,64161,1154654,31074,1244715,72255,2399369,California
Los Angeles,2021-03-18,100005,3684847,47370,1850160,47449,1762563,5186,72124,63807,1187704,35933,1280648,68983,2468352,California
Los Angeles,2021-03-19,106481,3791328,55137,1905297,46674,1809237,4670,76794,66192,1218489,40030,1320678,70815,2539167,California
Los Angeles,2021-03-20,75027,3866355,36595,1941892,33921,1843158,4511,81305,51994,1252110,22868,1343546,56489,2595656,California
Los Angeles,2021-03-21,33572,3899927,24779,1966671,7949,1851107,844,82149,21799,1263086,11666,1355212,22642,2618298,California
Los Angeles,2021-03-22,69138,3969065,40278,2006949,26858,1877965,2002,84151,49318,1294821,19582,1374794,51317,2669615,California
Los Angeles,2021-03-23,94851,4063916,50862,2057811,40932,1918897,3057,87208,62868,1328986,31748,1406542,65913,2735528,California
Los Angeles,2021-03-24,103494,4167410,54712,2112523,45832,1964729,2950,90158,61457,1351637,41745,1448287,64396,2799924,California
Los Angeles,2021-03-25,108544,4275954,57972,2170495,46883,2011612,3689,93847,62357,1371745,45922,1494209,66030,2865954,California
Los Angeles,2021-03-26,112364,4388318,61382,2231877,46879,2058491,4103,97950,64009,1391730,48104,1542313,68089,2934043,California
Los Angeles,2021-03-27,82024,4470342,42967,2274844,36930,2095421,2127,100077,42916,1397896,38876,1581189,45042,2979085,California
Los Angeles,2021-03-28,40872,4511214,27337,2302181,12952,2108373,583,100660,20774,1399250,20003,1601192,21357,3000442,California
Los Angeles,2021-03-29,81417,4592631,45927,2348108,33890,2142263,1600,102260,46679,1412968,34556,1635748,48274,3048716,California
Los Angeles,2021-03-30,106962,4699593,50405,2398513,50810,2193073,5747,108007,65592,1443121,41158,1676906,71311,3120027,California
Los Angeles,2021-03-31,119879,4819472,60227,2458740,51143,2244216,8509,116516,70162,1472280,49469,1726375,78628,3198655,California
Los Angeles,2021-04-01,130345,4949817,60894,2519634,54659,2298875,14792,131308,70950,1498831,59130,1785505,85681,3284336,California
Los Angeles,2021-04-02,128090,5077907,56552,2576186,56666,2355541,14872,146180,68948,1523781,58845,1844350,83795,3368131,California
Los Angeles,2021-04-03,96315,5174222,43819,2620005,39454,2394995,13042,159222,47984,1536590,48167,1892517,60976,3429107,California
Los Angeles,2021-04-04,38929,5213151,20350,2640355,11987,2406982,6592,165814,16689,1537666,22173,1914690,23249,3452356,California
Los Angeles,2021-04-05,93065,5306216,44007,2684362,38935,2445917,10123,175937,44823,1544489,48069,1962759,54892,3507248,California
Los Angeles,2021-04-06,120036,5426252,56486,2740848,43402,2489319,20148,196085,55760,1556241,64052,2026811,75804,3583052,California
Los Angeles,2021-04-07,118632,5544884,53978,2794826,43741,2533060,20913,216998,54281,1567212,64127,2090938,75098,3658150,California
Los Angeles,2021-04-08,131230,5676114,57796,2852622,49546,2582606,23888,240886,59867,1579743,71103,2162041,83634,3741784,California
Los Angeles,2021-04-09,129486,5805600,56039,2908661,49758,2632364,23689,264575,56185,1586454,73040,2235081,79751,3821535,California
Los Angeles,2021-04-10,100594,5906194,42739,2951400,34005,2666369,23850,288425,37332,1584488,63052,2298133,61086,3882621,California
Los Angeles,2021-04-11,41563,5947757,22469,2973869,9586,2675955,9508,297933,14474,1581404,27022,2325155,23938,3906559,California
Los Angeles,2021-04-12,78281,6026038,38345,3012214,33669,2709624,6267,304200,32655,1574831,45445,2370600,38872,3945431,California
Los Angeles,2021-04-13,116703,6142741,58758,3070972,57526,2767150,419,304619,61828,1582418,54665,2425265,62252,4007683,California
Los Angeles,2021-04-14,116686,6259427,58773,3129745,57785,2824935,128,304747,63480,1593047,52972,2478237,63601,4071284,California
Los Angeles,2021-04-15,127364,6386791,69161,3198906,58034,2882969,169,304916,72900,1611767,54223,2532460,72943,4144227,California
Los Angeles,2021-04-16,127860,6514651,68103,3267009,59616,2942585,141,305057,67642,1619511,59971,2592431,67715,4211942,California
Los Angeles,2021-04-17,96549,6611200,50605,3317614,45919,2988504,25,305082,54978,1633123,41389,2633820,55001,4266943,California
Los Angeles,2021-04-18,33751,6644951,22385,3339999,11365,2999869,1,305083,18656,1636753,15032,2648852,18662,4285605,California
Los Angeles,2021-04-19,74285,6719236,39490,3379489,34785,3034654,10,305093,33280,1629198,40853,2689705,33298,4318903,California
Los Angeles,2021-04-20,100858,6820094,49430,3428919,51410,3086064,18,305111,50132,1628832,50517,2740222,50151,4369054,California
Los Angeles,2021-04-21,108421,6928515,52112,3481031,56121,3142185,188,305299,48198,1617260,59960,2800182,48388,4417442,California
Los Angeles,2021-04-22,114135,7042650,58883,3539914,55218,3197403,34,305333,50110,1603655,63754,2863936,50149,4467591,California
Los Angeles,2021-04-23,112938,7155588,61938,3601852,50984,3248387,16,305349,53832,1598658,58847,2922783,53850,4521441,California
Los Angeles,2021-04-24,87460,7243048,56234,3658086,31200,3279587,26,305375,48799,1609031,38458,2961241,48831,4570272,California
Los Angeles,2021-04-25,37736,7280784,25079,3683165,12653,3292240,4,305379,20411,1612211,17236,2978477,20416,4590688,California
Los Angeles,2021-04-26,66845,7347629,35894,3719059,30505,3322745,446,305825,33103,1612181,33573,3012050,33543,4624231,California
Los Angeles,2021-04-27,83896,7431525,40245,3759304,41976,3364721,1675,307500,31849,1593884,51812,3063862,33515,4657746,California
Los Angeles,2021-04-28,84120,7515645,40720,3800024,41389,3406110,2011,309511,32799,1577622,51065,3114927,34803,4692549,California
Los Angeles,2021-04-29,90384,7606029,45264,3845288,43019,3449129,2101,311612,32084,1553825,57983,3172910,34186,4726735,California
Los Angeles,2021-04-30,98038,7704067,48682,3893970,46994,3496123,2362,313974,35747,1529968,61953,3234863,38096,4764831,California
Los Angeles,2021-05-01,74545,7778612,41993,3935963,31063,3527186,1489,315463,28214,1513555,46113,3280976,29700,4794531,California
Los Angeles,2021-05-02,27893,7806505,17897,3953860,9262,3536448,734,316197,10100,1506702,17685,3298661,10832,4805363,California
Los Angeles,2021-05-03,59795,7866300,29342,3983202,28304,3564752,2149,318346,20941,1491133,38649,3337310,23080,4828443,California
Los Angeles,2021-05-04,83989,7950289,46378,4029580,35438,3600190,2173,320519,25638,1460854,58083,3395393,27804,4856247,California
Los Angeles,2021-05-05,74677,8024966,46332,4075912,26106,3626296,2239,322758,20876,1430421,53536,3448929,23103,4879350,California
Los Angeles,2021-05-06,81689,8106655,51612,4127524,27701,3653997,2376,325134,19762,1390930,61610,3510539,22119,4901469,California
Los Angeles,2021-05-07,80709,8187364,50592,4178116,27901,3681898,2216,327350,22175,1357058,58253,3568792,24381,4925850,California
Los Angeles,2021-05-08,55652,8243016,38300,4216416,15762,3697660,1590,328940,14959,1333320,40279,3609071,16541,4942391,California
Los Angeles,2021-05-09,22257,8265273,17303,4233719,4232,3701892,722,329662,5858,1323694,16203,3625274,6577,4948968,California
Los Angeles,2021-05-10,21416,8286689,13696,4247415,6901,3708793,819,330481,6002,1315285,15228,3640502,6819,4955787,California
Madera,2020-12-16,22,22,22,22,0,0,0,0,22,22,0,0,22,22,California
Madera,2020-12-17,13,35,13,35,0,0,0,0,13,35,0,0,13,35,California
Madera,2020-12-18,60,95,60,95,0,0,0,0,60,95,0,0,60,95,California
Madera,2020-12-19,5,100,5,100,0,0,0,0,5,100,0,0,5,100,California
Madera,2020-12-20,14,114,14,114,0,0,0,0,14,114,0,0,14,114,California
Madera,2020-12-21,60,174,60,174,0,0,0,0,60,174,0,0,60,174,California
Madera,2020-12-22,97,271,95,269,2,2,0,0,97,271,0,0,97,271,California
Madera,2020-12-23,67,338,67,336,0,2,0,0,67,338,0,0,67,338,California
Madera,2020-12-24,45,383,40,376,5,7,0,0,45,383,0,0,45,383,California
Madera,2020-12-26,28,411,26,402,2,9,0,0,28,411,0,0,28,411,California
Madera,2020-12-27,30,441,12,414,18,27,0,0,30,441,0,0,30,441,California
Madera,2020-12-28,107,548,37,451,70,97,0,0,107,548,0,0,107,548,California
Madera,2020-12-29,175,723,40,491,135,232,0,0,175,723,0,0,175,723,California
Madera,2020-12-30,218,941,86,577,132,364,0,0,218,941,0,0,218,941,California
Madera,2020-12-31,201,1142,80,657,121,485,0,0,201,1142,0,0,201,1142,California
Madera,2021-01-01,1,1143,1,658,0,485,0,0,1,1143,0,0,1,1143,California
Madera,2021-01-02,89,1232,33,691,56,541,0,0,89,1232,0,0,89,1232,California
Madera,2021-01-03,5,1237,5,696,0,541,0,0,5,1237,0,0,5,1237,California
Madera,2021-01-04,129,1366,65,761,64,605,0,0,129,1366,0,0,129,1366,California
Madera,2021-01-05,279,1645,143,904,136,741,0,0,275,1637,4,4,275,1641,California
Madera,2021-01-06,184,1829,27,931,157,898,0,0,164,1781,20,24,164,1805,California
Madera,2021-01-07,396,2225,113,1044,283,1181,0,0,374,2133,22,46,374,2179,California
Madera,2021-01-08,418,2643,72,1116,346,1527,0,0,363,2443,54,100,364,2543,California
Madera,2021-01-09,37,2680,14,1130,23,1550,0,0,28,2462,9,109,28,2571,California
Madera,2021-01-10,17,2697,14,1144,3,1553,0,0,5,2455,12,121,5,2576,California
Madera,2021-01-11,237,2934,189,1333,48,1601,0,0,195,2608,42,163,195,2771,California
Madera,2021-01-12,390,3324,157,1490,233,1834,0,0,284,2786,106,269,284,3055,California
Madera,2021-01-13,185,3509,91,1581,94,1928,0,0,129,2860,56,325,130,3185,California
Madera,2021-01-14,554,4063,82,1663,472,2400,0,0,520,3346,34,359,520,3705,California
Madera,2021-01-15,600,4663,160,1823,440,2840,0,0,579,3904,21,380,579,4284,California
Madera,2021-01-16,382,5045,47,1870,335,3175,0,0,353,4228,29,409,353,4637,California
Madera,2021-01-17,335,5380,15,1885,320,3495,0,0,331,4555,4,413,331,4968,California
Madera,2021-01-18,77,5457,61,1946,16,3511,0,0,58,4595,18,431,58,5026,California
Madera,2021-01-19,572,6029,135,2081,437,3948,0,0,545,5114,27,458,546,5572,California
Madera,2021-01-20,235,6264,80,2161,155,4103,0,0,207,5294,27,485,207,5779,California
Madera,2021-01-21,238,6502,131,2292,107,4210,0,0,205,5468,31,516,205,5984,California
Madera,2021-01-22,257,6759,83,2375,174,4384,0,0,243,5697,14,530,243,6227,California
Madera,2021-01-23,100,6859,52,2427,48,4432,0,0,76,5749,24,554,76,6303,California
Madera,2021-01-24,101,6960,82,2509,19,4451,0,0,78,5804,23,577,78,6381,California
Madera,2021-01-25,255,7215,124,2633,131,4582,0,0,141,5831,114,691,141,6522,California
Madera,2021-01-26,483,7698,189,2822,294,4876,0,0,294,5938,188,879,295,6817,California
Madera,2021-01-27,737,8435,63,2885,674,5550,0,0,600,6403,137,1016,602,7419,California
Madera,2021-01-28,541,8976,106,2991,435,5985,0,0,438,6738,103,1119,438,7857,California
Madera,2021-01-29,468,9444,95,3086,373,6358,0,0,412,7094,56,1175,412,8269,California
Madera,2021-01-30,505,9949,16,3102,489,6847,0,0,451,7491,54,1229,451,8720,California
Madera,2021-01-31,9,9958,6,3108,3,6850,0,0,8,7498,1,1230,8,8728,California
Madera,2021-02-01,257,10215,73,3181,184,7034,0,0,197,7635,60,1290,197,8925,California
Madera,2021-02-02,251,10466,87,3268,164,7198,0,0,161,7708,89,1379,162,9087,California
Madera,2021-02-03,594,11060,460,3728,134,7332,0,0,475,8067,117,1496,476,9563,California
Madera,2021-02-04,389,11449,121,3849,268,7600,0,0,112,7904,276,1772,113,9676,California
Madera,2021-02-05,975,12424,297,4146,678,8278,0,0,369,7673,601,2373,370,10046,California
Madera,2021-02-06,359,12783,324,4470,35,8313,0,0,320,7955,38,2411,320,10366,California
Madera,2021-02-07,35,12818,7,4477,28,8341,0,0,30,7980,5,2416,30,10396,California
Madera,2021-02-08,384,13202,308,4785,76,8417,0,0,270,8137,113,2529,270,10666,California
Madera,2021-02-09,480,13682,119,4904,361,8778,0,0,198,8057,279,2808,199,10865,California
Madera,2021-02-10,431,14113,149,5053,282,9060,0,0,325,8276,106,2914,325,11190,California
Madera,2021-02-11,935,15048,307,5360,628,9688,0,0,406,8155,528,3442,407,11597,California
Madera,2021-02-12,844,15892,120,5480,724,10412,0,0,311,7942,527,3969,314,11911,California
Madera,2021-02-13,485,16377,44,5524,441,10853,0,0,139,7738,345,4314,141,12052,California
Madera,2021-02-14,399,16776,75,5599,324,11177,0,0,137,7614,262,4576,138,12190,California
Madera,2021-02-15,244,17020,98,5697,146,11323,0,0,175,7721,68,4644,175,12365,California
Madera,2021-02-16,775,17795,183,5880,592,11915,0,0,229,7407,544,5188,230,12595,California
Madera,2021-02-17,609,18404,274,6154,335,12250,0,0,339,7483,265,5453,341,12936,California
Madera,2021-02-18,1299,19703,540,6694,759,13009,0,0,1121,8427,178,5631,1122,14058,California
Madera,2021-02-19,861,20564,545,7239,316,13325,0,0,719,9005,142,5773,720,14778,California
Madera,2021-02-20,1070,21634,979,8218,91,13416,0,0,999,9935,70,5843,1000,15778,California
Madera,2021-02-21,962,22596,819,9037,143,13559,0,0,957,10887,5,5848,957,16735,California
Madera,2021-02-22,908,23504,832,9869,76,13635,0,0,854,11687,54,5902,854,17589,California
Madera,2021-02-23,770,24274,497,10366,273,13908,0,0,550,12018,219,6121,550,18139,California
Madera,2021-02-24,906,25180,299,10665,607,14515,0,0,377,11867,528,6649,377,18516,California
Madera,2021-02-25,1017,26197,306,10971,711,15226,0,0,587,12026,428,7077,587,19103,California
Madera,2021-02-26,1074,27271,185,11156,889,16115,0,0,698,12350,374,7451,698,19801,California
Madera,2021-02-27,872,28143,245,11401,627,16742,0,0,449,12382,420,7871,452,20253,California
Madera,2021-02-28,189,28332,29,11430,160,16902,0,0,183,12559,6,7877,183,20436,California
Madera,2021-03-01,373,28705,119,11549,254,17156,0,0,193,12574,178,8055,193,20629,California
Madera,2021-03-02,653,29358,268,11817,385,17541,0,0,541,13004,112,8167,542,21171,California
Madera,2021-03-03,1329,30687,707,12524,622,18163,0,0,927,13556,399,8566,951,22122,California
Madera,2021-03-04,1179,31866,506,13030,673,18836,0,0,934,14247,246,8812,937,23059,California
Madera,2021-03-05,1328,33194,407,13437,908,19744,13,13,1063,15071,263,9075,1087,24146,California
Madera,2021-03-06,802,33996,621,14058,149,19893,32,45,484,15270,318,9393,517,24663,California
Madera,2021-03-07,153,34149,27,14085,104,19997,22,67,103,15345,50,9443,125,24788,California
Madera,2021-03-08,597,34746,336,14421,202,20199,59,126,304,15417,293,9736,365,25153,California
Madera,2021-03-09,457,35203,160,14581,263,20462,34,160,279,15562,176,9912,321,25474,California
Madera,2021-03-10,1137,36340,513,15094,547,21009,77,237,709,15925,424,10336,787,26261,California
Madera,2021-03-11,1660,38000,844,15938,484,21493,332,569,749,16108,909,11245,1092,27353,California
Madera,2021-03-12,1531,39531,779,16717,597,22090,155,724,753,16265,776,12021,933,28286,California
Madera,2021-03-13,1811,41342,1268,17985,345,22435,198,922,745,16160,1064,13085,959,29245,California
Madera,2021-03-14,582,41924,448,18433,101,22536,33,955,293,16199,287,13372,326,29571,California
Madera,2021-03-15,734,42658,217,18650,470,23006,47,1002,510,16560,221,13593,582,30153,California
Madera,2021-03-16,825,43483,422,19072,356,23362,47,1049,642,17086,180,13773,706,30859,California
Madera,2021-03-17,1413,44896,932,20004,419,23781,62,1111,861,17555,544,14317,1013,31872,California
Madera,2021-03-18,1874,46770,649,20653,1165,24946,60,1171,911,17654,956,15273,1055,32927,California
Madera,2021-03-19,1521,48291,587,21240,850,25796,84,1255,987,18262,528,15801,1136,34063,California
Madera,2021-03-20,1130,49421,772,22012,307,26103,51,1306,580,18393,548,16349,679,34742,California
Madera,2021-03-21,1073,50494,872,22884,156,26259,45,1351,357,18083,713,17062,403,35145,California
Madera,2021-03-22,1359,51853,851,23735,440,26699,68,1419,686,18209,670,17732,796,35941,California
Madera,2021-03-23,1397,53250,840,24575,466,27165,91,1510,736,18459,659,18391,909,36850,California
Madera,2021-03-24,906,54156,470,25045,405,27570,31,1541,601,18792,303,18694,636,37486,California
Madera,2021-03-25,1126,55282,491,25536,611,28181,24,1565,647,19008,468,19162,684,38170,California
Madera,2021-03-26,1439,56721,510,26046,797,28978,132,1697,673,19056,760,19922,808,38978,California
Madera,2021-03-27,830,57551,530,26576,279,29257,21,1718,373,19000,451,20373,395,39373,California
Madera,2021-03-28,419,57970,136,26712,222,29479,61,1779,229,19154,189,20562,343,39716,California
Madera,2021-03-29,679,58649,179,26891,473,29952,27,1806,488,19485,188,20750,519,40235,California
Madera,2021-03-30,1016,59665,561,27452,423,30375,32,1838,556,19617,457,21207,589,40824,California
Madera,2021-03-31,1321,60986,489,27941,697,31072,135,1973,446,19330,869,22076,582,41406,California
Madera,2021-04-01,1247,62233,538,28479,659,31731,50,2023,440,19016,802,22878,488,41894,California
Madera,2021-04-02,1538,63771,409,28888,1070,32801,59,2082,472,18493,1055,23933,532,42426,California
Madera,2021-04-03,874,64645,683,29571,171,32972,20,2102,382,18414,490,24423,411,42837,California
Madera,2021-04-04,184,64829,65,29636,117,33089,2,2104,85,18402,99,24522,87,42924,California
Madera,2021-04-05,734,65563,255,29891,421,33510,58,2162,340,18421,393,24915,412,43336,California
Madera,2021-04-06,1692,67255,879,30770,464,33974,349,2511,634,18347,1056,25971,982,44318,California
Madera,2021-04-07,1199,68454,371,31141,679,34653,149,2660,456,18217,740,26711,610,44928,California
Madera,2021-04-08,1696,70150,655,31796,785,35438,256,2916,567,17924,1122,27833,829,45757,California
Madera,2021-04-09,1611,71761,673,32469,790,36228,148,3064,940,18350,665,28498,1091,46848,California
Madera,2021-04-10,954,72715,679,33148,208,36436,67,3131,709,18881,246,28744,777,47625,California
Madera,2021-04-11,786,73501,638,33786,69,36505,79,3210,296,18766,487,29231,372,47997,California
Madera,2021-04-12,778,74279,265,34051,435,36940,78,3288,301,18669,477,29708,380,48377,California
Madera,2021-04-13,1233,75512,608,34659,584,37524,41,3329,726,18941,505,30213,777,49154,California
Madera,2021-04-14,1361,76873,838,35497,523,38047,0,3329,580,18744,783,30996,586,49740,California
Madera,2021-04-15,1122,77995,470,35967,651,38698,1,3330,447,18529,664,31660,449,50189,California
Madera,2021-04-16,1281,79276,519,36486,762,39460,0,3330,443,18146,827,32487,444,50633,California
Madera,2021-04-17,1263,80539,1064,37550,199,39659,0,3330,825,18533,438,32925,825,51458,California
Madera,2021-04-18,244,80783,207,37757,37,39696,0,3330,99,18488,144,33069,99,51557,California
Madera,2021-04-19,798,81581,232,37989,565,40261,1,3331,270,18237,522,33591,271,51828,California
Madera,2021-04-20,865,82446,423,38412,442,40703,0,3331,237,17851,625,34216,239,52067,California
Madera,2021-04-21,854,83300,447,38859,407,41110,0,3331,296,17594,555,34771,298,52365,California
Madera,2021-04-22,1059,84359,510,39369,549,41659,0,3331,393,17326,662,35433,394,52759,California
Madera,2021-04-23,959,85318,304,39673,654,42313,1,3332,345,17063,609,36042,346,53105,California
Madera,2021-04-24,703,86021,464,40137,239,42552,0,3332,283,16931,416,36458,284,53389,California
Madera,2021-04-25,264,86285,160,40297,101,42653,3,3335,118,16910,143,36601,122,53511,California
Madera,2021-04-26,504,86789,89,40386,409,43062,6,3341,103,16619,400,37001,109,53620,California
Madera,2021-04-27,556,87345,257,40643,278,43340,21,3362,297,16680,258,37259,319,53939,California
Madera,2021-04-28,474,87819,197,40840,258,43598,19,3381,236,16698,236,37495,254,54193,California
Madera,2021-04-29,516,88335,240,41080,249,43847,27,3408,251,16718,258,37753,278,54471,California
Madera,2021-04-30,906,89241,505,41585,385,44232,16,3424,255,16342,647,38400,271,54742,California
Madera,2021-05-01,956,90197,864,42449,79,44311,13,3437,388,16175,568,38968,401,55143,California
Madera,2021-05-02,398,90595,350,42799,44,44355,4,3441,149,16079,249,39217,153,55296,California
Madera,2021-05-03,501,91096,200,42999,260,44615,41,3482,99,15820,399,39616,140,55436,California
Madera,2021-05-04,874,91970,429,43428,403,45018,42,3524,211,15410,663,40279,253,55689,California
Madera,2021-05-05,993,92963,477,43905,457,45475,59,3583,276,15031,715,40994,336,56025,California
Madera,2021-05-06,692,93655,240,44145,418,45893,34,3617,156,14690,531,41525,190,56215,California
Madera,2021-05-07,801,94456,275,44420,504,46397,22,3639,193,14303,601,42126,214,56429,California
Madera,2021-05-08,960,95416,755,45175,196,46593,9,3648,187,13728,771,42897,196,56625,California
Madera,2021-05-09,121,95537,16,45191,94,46687,11,3659,28,13675,92,42989,39,56664,California
Madera,2021-05-10,267,95804,51,45242,213,46900,3,3662,74,13560,192,43181,77,56741,California
Marin,2020-12-15,2,2,2,2,0,0,0,0,2,2,0,0,2,2,California
Marin,2020-12-16,107,109,107,109,0,0,0,0,107,109,0,0,107,109,California
Marin,2020-12-17,260,369,260,369,0,0,0,0,260,369,0,0,260,369,California
Marin,2020-12-18,373,742,373,742,0,0,0,0,373,742,0,0,373,742,California
Marin,2020-12-19,349,1091,348,1090,1,1,0,0,349,1091,0,0,349,1091,California
Marin,2020-12-20,167,1258,166,1256,1,2,0,0,167,1258,0,0,167,1258,California
Marin,2020-12-21,238,1496,235,1491,3,5,0,0,238,1496,0,0,238,1496,California
Marin,2020-12-22,521,2017,317,1808,204,209,0,0,521,2017,0,0,521,2017,California
Marin,2020-12-23,730,2747,321,2129,409,618,0,0,730,2747,0,0,730,2747,California
Marin,2020-12-24,357,3104,159,2288,198,816,0,0,357,3104,0,0,357,3104,California
Marin,2020-12-25,27,3131,0,2288,27,843,0,0,27,3131,0,0,27,3131,California
Marin,2020-12-26,143,3274,93,2381,50,893,0,0,143,3274,0,0,143,3274,California
Marin,2020-12-27,92,3366,55,2436,37,930,0,0,92,3366,0,0,92,3366,California
Marin,2020-12-28,408,3774,99,2535,309,1239,0,0,408,3774,0,0,408,3774,California
Marin,2020-12-29,402,4176,88,2623,314,1553,0,0,402,4176,0,0,402,4176,California
Marin,2020-12-30,626,4802,388,3011,238,1791,0,0,626,4802,0,0,626,4802,California
Marin,2020-12-31,197,4999,34,3045,163,1954,0,0,197,4999,0,0,197,4999,California
Marin,2021-01-01,16,5015,6,3051,10,1964,0,0,16,5015,0,0,16,5015,California
Marin,2021-01-02,108,5123,102,3153,6,1970,0,0,108,5123,0,0,108,5123,California
Marin,2021-01-03,54,5177,36,3189,18,1988,0,0,51,5174,0,0,51,5174,California
Marin,2021-01-04,296,5473,192,3381,104,2092,0,0,295,5468,1,1,295,5469,California
Marin,2021-01-05,369,5842,222,3603,147,2239,0,0,326,5751,43,44,326,5795,California
Marin,2021-01-06,819,6661,318,3921,501,2740,0,0,641,6214,178,222,641,6436,California
Marin,2021-01-07,890,7551,502,4423,388,3128,0,0,544,6412,346,568,544,6980,California
Marin,2021-01-08,971,8522,515,4938,456,3584,0,0,594,6630,376,944,594,7574,California
Marin,2021-01-09,619,9141,224,5162,395,3979,0,0,487,6985,132,1076,487,8061,California
Marin,2021-01-10,129,9270,100,5262,29,4008,0,0,55,6966,74,1150,55,8116,California
Marin,2021-01-11,468,9738,326,5588,142,4150,0,0,248,6996,220,1370,250,8366,California
Marin,2021-01-12,935,10673,538,6126,397,4547,0,0,568,7200,364,1734,568,8934,California
Marin,2021-01-13,1175,11848,498,6624,677,5224,0,0,937,7899,238,1972,937,9871,California
Marin,2021-01-14,1068,12916,318,6942,750,5974,0,0,918,8669,148,2120,918,10789,California
Marin,2021-01-15,1155,14071,354,7296,801,6775,0,0,1025,9566,129,2249,1026,11815,California
Marin,2021-01-16,1120,15191,914,8210,206,6981,0,0,1046,10538,74,2323,1046,12861,California
Marin,2021-01-17,1232,16423,1113,9323,119,7100,0,0,1203,11716,28,2351,1206,14067,California
Marin,2021-01-18,360,16783,159,9482,201,7301,0,0,309,11974,51,2402,309,14376,California
Marin,2021-01-19,1156,17939,914,10396,242,7543,0,0,984,12787,171,2573,984,15360,California
Marin,2021-01-20,1790,19729,1208,11604,582,8125,0,0,1060,13128,719,3292,1060,16420,California
Marin,2021-01-21,1685,21414,1062,12666,623,8748,0,0,1332,14112,350,3642,1334,17754,California
Marin,2021-01-22,1701,23115,1089,13755,612,9360,0,0,1533,15477,168,3810,1533,19287,California
Marin,2021-01-23,1843,24958,1341,15096,502,9862,0,0,1754,17143,88,3898,1754,21041,California
Marin,2021-01-24,615,25573,166,15262,449,10311,0,0,583,17694,32,3930,583,21624,California
Marin,2021-01-25,1128,26701,229,15491,899,11210,0,0,693,17953,435,4365,694,22318,California
Marin,2021-01-26,1505,28206,783,16274,722,11932,0,0,1130,18709,374,4739,1130,23448,California
Marin,2021-01-27,1714,29920,886,17160,828,12760,0,0,1352,19702,360,5099,1353,24801,California
Marin,2021-01-28,2079,31999,1070,18230,1009,13769,0,0,1815,21255,263,5362,1816,26617,California
Marin,2021-01-29,2195,34194,1446,19676,749,14518,0,0,1991,23055,192,5554,1992,28609,California
Marin,2021-01-30,1721,35915,906,20582,815,15333,0,0,1642,24619,79,5633,1643,30252,California
Marin,2021-01-31,456,36371,319,20901,137,15470,0,0,430,25023,26,5659,430,30682,California
Marin,2021-02-01,1090,37461,416,21317,674,16144,0,0,891,25716,199,5858,892,31574,California
Marin,2021-02-02,1353,38814,463,21780,890,17034,0,0,724,25821,619,6477,724,32298,California
Marin,2021-02-03,1782,40596,429,22209,1353,18387,0,0,1257,26554,524,7001,1257,33555,California
Marin,2021-02-04,1540,42136,513,22722,1027,19414,0,0,937,26891,600,7601,937,34492,California
Marin,2021-02-05,2179,44315,683,23405,1496,20910,0,0,1341,27398,834,8435,1341,35833,California
Marin,2021-02-06,1426,45741,850,24255,576,21486,0,0,604,27181,821,9256,604,36437,California
Marin,2021-02-07,1289,47030,1008,25263,281,21767,0,0,488,26869,800,10056,488,36925,California
Marin,2021-02-08,1521,48551,754,26017,767,22534,0,0,726,26802,793,10849,726,37651,California
Marin,2021-02-09,1783,50334,1122,27139,661,23195,0,0,835,26689,948,11797,835,38486,California
Marin,2021-02-10,2337,52671,1491,28630,846,24041,0,0,1217,26789,1118,12915,1218,39704,California
Marin,2021-02-11,2871,55542,1644,30274,1227,25268,0,0,1454,26835,1411,14326,1457,41161,California
Marin,2021-02-12,3063,58605,1540,31814,1523,26791,0,0,1563,26901,1497,15823,1563,42724,California
Marin,2021-02-13,2336,60941,1243,33057,1093,27884,0,0,1129,26825,1205,17028,1129,43853,California
Marin,2021-02-14,811,61752,302,33359,509,28393,0,0,718,27451,93,17121,719,44572,California
Marin,2021-02-15,1215,62967,355,33714,860,29253,0,0,835,27908,379,17500,836,45408,California
Marin,2021-02-16,2464,65431,1057,34771,1407,30660,0,0,1503,28451,960,18460,1503,46911,California
Marin,2021-02-17,2099,67530,942,35713,1157,31817,0,0,1086,28527,1011,19471,1087,47998,California
Marin,2021-02-18,2417,69947,1581,37294,836,32653,0,0,1059,28229,1357,20828,1059,49057,California
Marin,2021-02-19,2762,72709,2157,39451,605,33258,0,0,1220,27920,1530,22358,1221,50278,California
Marin,2021-02-20,2565,75274,2112,41563,453,33711,0,0,1216,27795,1342,23700,1217,51495,California
Marin,2021-02-21,1284,76558,1091,42654,193,33904,0,0,909,28333,371,24071,909,52404,California
Marin,2021-02-22,1827,78385,1407,44061,420,34324,0,0,1215,28938,610,24681,1215,53619,California
Marin,2021-02-23,2836,81221,1616,45677,1220,35544,0,0,1908,29929,918,25599,1909,55528,California
Marin,2021-02-24,3510,84731,1609,47286,1901,37445,0,0,2250,30927,1253,26852,2251,57779,California
Marin,2021-02-25,3932,88663,1810,49096,2122,39567,0,0,2774,32551,1151,28003,2775,60554,California
Marin,2021-02-26,3494,92157,1890,50986,1604,41171,0,0,2535,34140,947,28950,2536,63090,California
Marin,2021-02-27,2610,94767,1495,52481,1115,42286,0,0,1776,35087,831,29781,1778,64868,California
Marin,2021-02-28,1380,96147,919,53400,461,42747,0,0,1043,35796,334,30115,1043,65911,California
Marin,2021-03-01,2491,98638,1546,54946,945,43692,0,0,1674,36659,811,30926,1674,67585,California
Marin,2021-03-02,2446,101084,1609,56555,836,44528,1,1,1693,37603,750,31676,1694,69279,California
Marin,2021-03-03,4319,105403,2400,58955,1915,46443,4,5,2797,38887,1517,33193,2801,72080,California
Marin,2021-03-04,3348,108751,1652,60607,1695,48138,1,6,2335,40220,1006,34199,2339,74419,California
Marin,2021-03-05,3035,111786,1139,61746,1884,50022,12,18,1780,40760,1252,35451,1792,76211,California
Marin,2021-03-06,3227,115013,2314,64060,835,50857,78,96,2653,42921,569,36020,2730,78941,California
Marin,2021-03-07,1370,116383,1152,65212,194,51051,24,120,980,43539,386,36406,1004,79945,California
Marin,2021-03-08,1874,118257,1369,66581,388,51439,117,237,1408,44601,463,36869,1525,81470,California
Marin,2021-03-09,2100,120357,1219,67800,774,52213,107,344,1427,45464,671,37540,1534,83004,California
Marin,2021-03-10,4399,124756,2459,70259,1659,53872,281,625,3172,47696,1223,38763,3455,86459,California
Marin,2021-03-11,4566,129322,1875,72134,2556,56428,135,760,3272,49816,1287,40050,3407,89866,California
Marin,2021-03-12,3977,133299,1538,73672,2083,58511,356,1116,1566,49338,2400,42450,1922,91788,California
Marin,2021-03-13,4092,137391,2856,76528,1164,59675,72,1188,2418,50151,1672,44122,2485,94273,California
Marin,2021-03-14,2274,139665,1097,77625,1060,60735,117,1305,727,49449,1545,45667,843,95116,California
Marin,2021-03-15,3231,142896,1764,79389,1419,62154,48,1353,1219,48714,2001,47668,1266,96382,California
Marin,2021-03-16,4301,147197,2315,81704,1622,63776,364,1717,1525,47828,2773,50441,1887,98269,California
Marin,2021-03-17,4178,151375,2267,83971,1867,65643,44,1761,2057,47818,2110,52551,2100,100369,California
Marin,2021-03-18,4478,155853,2253,86224,2150,67793,75,1836,2244,47916,2218,54769,2316,102685,California
Marin,2021-03-19,4467,160320,2282,88506,1966,69759,219,2055,2429,48533,2029,56798,2646,105331,California
Marin,2021-03-20,3574,163894,1980,90486,1480,71239,114,2169,2032,49145,1535,58333,2147,107478,California
Marin,2021-03-21,1536,165430,1131,91617,380,71619,25,2194,800,49236,734,59067,825,108303,California
Marin,2021-03-22,2470,167900,2136,93753,169,71788,165,2359,994,48924,1471,60538,1159,109462,California
Marin,2021-03-23,4242,172142,2195,95948,1917,73705,130,2489,1932,48682,2304,62842,2062,111524,California
Marin,2021-03-24,4418,176560,2898,98846,1416,75121,104,2593,1798,47973,2609,65451,1900,113424,California
Marin,2021-03-25,4641,181201,2836,101682,1737,76858,68,2661,2266,47943,2362,67813,2332,115756,California
Marin,2021-03-26,4286,185487,2326,104008,1746,78604,214,2875,2419,48726,1850,69663,2633,118389,California
Marin,2021-03-27,3692,189179,2650,106658,1023,79627,19,2894,1145,47352,2537,72200,1163,119552,California
Marin,2021-03-28,2379,191558,1718,108376,655,80282,6,2900,1104,47193,1269,73469,1110,120662,California
Marin,2021-03-29,2686,194244,2092,110468,569,80851,25,2925,1185,46904,1499,74968,1210,121872,California
Marin,2021-03-30,4654,198898,3644,114112,977,81828,33,2958,3056,48398,1595,76563,3089,124961,California
Marin,2021-03-31,5796,204694,4106,118218,1641,83469,49,3007,2577,47816,3208,79771,2626,127587,California
Marin,2021-04-01,4394,209088,2269,120487,1874,85343,251,3258,2116,47911,2270,82041,2365,129952,California
Marin,2021-04-02,3694,212782,1833,122320,1498,86841,363,3621,1976,48535,1711,83752,2335,132287,California
Marin,2021-04-03,3836,216618,2519,124839,949,87790,368,3989,1466,48010,2359,86111,1834,134121,California
Marin,2021-04-04,1636,218254,1230,126069,202,87992,204,4193,1194,48968,440,86551,1398,135519,California
Marin,2021-04-05,2197,220451,1526,127595,300,88292,371,4564,1269,49683,923,87474,1638,137157,California
Marin,2021-04-06,3948,224399,2110,129705,1288,89580,550,5114,2194,50675,1749,89223,2741,139898,California
Marin,2021-04-07,3914,228313,1981,131686,1294,90874,639,5753,1428,50263,2479,91702,2067,141965,California
Marin,2021-04-08,5003,233316,1957,133643,2439,93313,607,6360,2287,50439,2708,94410,2884,144849,California
Marin,2021-04-09,3953,237269,1540,135183,1687,95000,726,7086,1303,49819,2645,97055,2025,146874,California
Marin,2021-04-10,3185,240454,1462,136645,1290,96290,433,7519,1436,49947,1739,98794,1867,148741,California
Marin,2021-04-11,1059,241513,804,137449,93,96383,162,7681,476,50002,582,99376,637,149378,California
Marin,2021-04-12,1737,243250,1237,138686,340,96723,160,7841,926,50281,808,100184,1087,150465,California
Marin,2021-04-13,3706,246956,2267,140953,1432,98155,7,7848,1342,49276,2354,102538,1349,151814,California
Marin,2021-04-14,4147,251103,2475,143428,1670,99825,2,7850,1701,48539,2439,104977,1702,153516,California
Marin,2021-04-15,5554,256657,3933,147361,1621,101446,0,7850,3182,49363,2359,107336,3183,156699,California
Marin,2021-04-16,4240,260897,2234,149595,2003,103449,3,7853,2061,49260,2167,109503,2064,158763,California
Marin,2021-04-17,3520,264417,2151,151746,1369,104818,0,7853,1759,49263,1756,111259,1759,160522,California
Marin,2021-04-18,3196,267613,3094,154840,102,104920,0,7853,2560,51190,633,111892,2560,163082,California
Marin,2021-04-19,2016,269629,1848,156688,168,105088,0,7853,1160,51499,853,112745,1162,164244,California
Marin,2021-04-20,3689,273318,2551,159239,1138,106226,0,7853,1476,50767,2208,114953,1476,165720,California
Marin,2021-04-21,3996,277314,2937,162176,1056,107282,3,7856,1371,49528,2611,117564,1372,167092,California
Marin,2021-04-22,4206,281520,3205,165381,1001,108283,0,7856,1482,48297,2716,120280,1485,168577,California
Marin,2021-04-23,3222,284742,1824,167205,1398,109681,0,7856,1235,47551,1982,122262,1236,169813,California
Marin,2021-04-24,2518,287260,1691,168896,826,110507,1,7857,925,46893,1584,123846,926,170739,California
Marin,2021-04-25,1388,288648,1271,170167,117,110624,0,7857,312,46135,1070,124916,312,171051,California
Marin,2021-04-26,1511,290159,1320,171487,188,110812,3,7860,336,45301,1174,126090,340,171391,California
Marin,2021-04-27,2917,293076,2134,173621,745,111557,38,7898,939,44306,1968,128058,973,172364,California
Marin,2021-04-28,2277,295353,1567,175188,663,112220,47,7945,711,43500,1563,129621,757,173121,California
Marin,2021-04-29,2873,298226,1967,177155,844,113064,62,8007,791,42278,2075,131696,853,173974,California
Marin,2021-04-30,1945,300171,1269,178424,588,113652,88,8095,694,41816,1244,132940,782,174756,California
Marin,2021-05-01,1806,301977,1003,179427,780,114432,23,8118,525,41091,1273,134213,548,175304,California
Marin,2021-05-02,724,302701,587,180014,108,114540,29,8147,202,40803,518,134731,230,175534,California
Marin,2021-05-03,1212,303913,988,181002,170,114710,54,8201,264,40175,945,135676,317,175851,California
Marin,2021-05-04,2923,306836,1965,182967,868,115578,90,8291,477,38302,2440,138116,567,176418,California
Marin,2021-05-05,2677,309513,1966,184933,597,116175,114,8405,433,36610,2239,140355,547,176965,California
Marin,2021-05-06,3227,312740,2523,187456,622,116797,82,8487,423,34318,2797,143152,505,177470,California
Marin,2021-05-07,1971,314711,1510,188966,388,117185,73,8560,371,33167,1594,144746,443,177913,California
Marin,2021-05-08,2467,317178,1855,190821,493,117678,119,8679,348,31522,2112,146858,467,178380,California
Marin,2021-05-09,980,318158,900,191721,60,117738,20,8699,115,30794,863,147721,135,178515,California
Marin,2021-05-10,891,319049,795,192516,89,117827,7,8706,132,30174,759,148480,139,178654,California
Mariposa,2020-12-17,37,37,37,37,0,0,0,0,39,39,0,0,39,39,California
Mariposa,2020-12-18,56,93,56,93,0,0,0,0,57,96,0,0,57,96,California
Mariposa,2020-12-20,2,95,2,95,0,0,0,0,2,98,0,0,2,98,California
Mariposa,2020-12-21,47,142,47,142,0,0,0,0,52,150,0,0,52,150,California
Mariposa,2020-12-22,5,147,5,147,0,0,0,0,5,155,0,0,5,155,California
Mariposa,2020-12-23,17,164,17,164,0,0,0,0,17,172,0,0,17,172,California
Mariposa,2020-12-24,1,165,0,164,1,1,0,0,0,172,0,0,0,172,California
Mariposa,2020-12-26,1,166,1,165,0,1,0,0,1,173,0,0,1,173,California
Mariposa,2020-12-27,1,167,0,165,1,2,0,0,1,174,0,0,1,174,California
Mariposa,2020-12-28,6,173,3,168,3,5,0,0,6,180,0,0,6,180,California
Mariposa,2020-12-29,33,206,3,171,30,35,0,0,33,213,0,0,33,213,California
Mariposa,2020-12-30,25,231,4,175,21,56,0,0,25,238,0,0,25,238,California
Mariposa,2020-12-31,16,247,0,175,16,72,0,0,16,254,0,0,16,254,California
Mariposa,2021-01-02,1,248,1,176,0,72,0,0,1,255,0,0,1,255,California
Mariposa,2021-01-04,8,256,1,177,7,79,0,0,8,263,0,0,8,263,California
Mariposa,2021-01-05,24,280,14,191,10,89,0,0,14,267,10,10,14,277,California
Mariposa,2021-01-06,6,286,3,194,3,92,0,0,3,267,3,13,3,280,California
Mariposa,2021-01-07,52,338,47,241,5,97,0,0,5,225,47,60,5,285,California
Mariposa,2021-01-08,108,446,79,320,29,126,0,0,33,183,75,135,33,318,California
Mariposa,2021-01-09,1,447,0,320,1,127,0,0,1,184,0,135,1,319,California
Mariposa,2021-01-11,31,478,10,330,21,148,0,0,23,199,8,143,23,342,California
Mariposa,2021-01-12,19,497,4,334,15,163,0,0,15,210,4,147,15,357,California
Mariposa,2021-01-13,21,518,4,338,17,180,0,0,18,225,3,150,18,375,California
Mariposa,2021-01-14,73,591,7,345,66,246,0,0,67,286,6,156,67,442,California
Mariposa,2021-01-15,66,657,26,371,40,286,0,0,56,332,10,166,56,498,California
Mariposa,2021-01-16,14,671,2,373,12,298,0,0,13,344,1,167,13,511,California
Mariposa,2021-01-17,2,673,0,373,2,300,0,0,2,346,0,167,2,513,California
Mariposa,2021-01-18,3,676,3,376,0,300,0,0,1,345,2,169,1,514,California
Mariposa,2021-01-19,8,684,4,380,4,304,0,0,5,348,2,171,5,519,California
Mariposa,2021-01-20,23,707,1,381,22,326,0,0,22,369,1,172,22,541,California
Mariposa,2021-01-21,64,771,7,388,57,383,0,0,60,425,4,176,60,601,California
Mariposa,2021-01-22,56,827,2,390,54,437,0,0,56,481,0,176,56,657,California
Mariposa,2021-01-23,116,943,2,392,114,551,0,0,115,595,1,177,115,772,California
Mariposa,2021-01-24,2,945,2,394,0,551,0,0,2,597,0,177,2,774,California
Mariposa,2021-01-25,4,949,1,395,3,554,0,0,0,593,4,181,0,774,California
Mariposa,2021-01-26,36,985,4,399,32,586,0,0,4,569,32,213,8,782,California
Mariposa,2021-01-27,22,1007,1,400,21,607,0,0,13,573,9,222,13,795,California
Mariposa,2021-01-28,126,1133,3,403,123,730,0,0,113,674,12,234,113,908,California
Mariposa,2021-01-29,84,1217,22,425,62,792,0,0,83,756,1,235,83,991,California
Mariposa,2021-01-30,9,1226,1,426,8,800,0,0,8,763,1,236,8,999,California
Mariposa,2021-01-31,1,1227,0,426,1,801,0,0,1,764,0,236,1,1000,California
Mariposa,2021-02-01,87,1314,30,456,57,858,0,0,66,809,21,257,66,1066,California
Mariposa,2021-02-02,15,1329,3,459,12,870,0,0,9,812,6,263,9,1075,California
Mariposa,2021-02-03,20,1349,1,460,19,889,0,0,14,820,6,269,14,1089,California
Mariposa,2021-02-04,96,1445,8,468,88,977,0,0,91,908,4,273,92,1181,California
Mariposa,2021-02-05,189,1634,5,473,184,1161,0,0,163,1045,26,299,163,1344,California
Mariposa,2021-02-06,11,1645,4,477,7,1168,0,0,10,1054,1,300,10,1354,California
Mariposa,2021-02-07,1,1646,0,477,1,1169,0,0,1,1055,0,300,1,1355,California
Mariposa,2021-02-08,40,1686,2,479,38,1207,0,0,21,1057,19,319,21,1376,California
Mariposa,2021-02-09,43,1729,25,504,18,1225,0,0,37,1088,6,325,37,1413,California
Mariposa,2021-02-10,28,1757,5,509,23,1248,0,0,17,1101,10,335,23,1436,California
Mariposa,2021-02-11,375,2132,5,514,370,1618,0,0,361,1451,14,349,364,1800,California
Mariposa,2021-02-12,184,2316,8,522,176,1794,0,0,141,1549,43,392,141,1941,California
Mariposa,2021-02-13,11,2327,3,525,8,1802,0,0,9,1556,2,394,9,1950,California
Mariposa,2021-02-14,8,2335,4,529,4,1806,0,0,5,1558,3,397,5,1955,California
Mariposa,2021-02-15,9,2344,3,532,6,1812,0,0,7,1563,2,399,7,1962,California
Mariposa,2021-02-16,57,2401,34,566,23,1835,0,0,34,1574,23,422,34,1996,California
Mariposa,2021-02-17,36,2437,8,574,28,1863,0,0,27,1594,8,430,28,2024,California
Mariposa,2021-02-18,56,2493,7,581,49,1912,0,0,20,1578,36,466,20,2044,California
Mariposa,2021-02-19,82,2575,3,584,79,1991,0,0,77,1650,5,471,77,2121,California
Mariposa,2021-02-20,252,2827,4,588,248,2239,0,0,222,1843,29,500,222,2343,California
Mariposa,2021-02-21,236,3063,3,591,233,2472,0,0,235,2077,1,501,235,2578,California
Mariposa,2021-02-22,23,3086,7,598,16,2488,0,0,21,2096,2,503,21,2599,California
Mariposa,2021-02-23,42,3128,36,634,6,2494,0,0,25,2104,17,520,25,2624,California
Mariposa,2021-02-24,20,3148,3,637,17,2511,0,0,8,2101,11,531,8,2632,California
Mariposa,2021-02-25,17,3165,8,645,9,2520,0,0,11,2106,6,537,11,2643,California
Mariposa,2021-02-26,421,3586,7,652,414,2934,0,0,360,2406,61,598,361,3004,California
Mariposa,2021-02-27,171,3757,5,657,166,3100,0,0,160,2555,11,609,160,3164,California
Mariposa,2021-02-28,2,3759,1,658,1,3101,0,0,0,2553,2,611,0,3164,California
Mariposa,2021-03-01,82,3841,26,684,56,3157,0,0,17,2506,64,675,17,3181,California
Mariposa,2021-03-02,21,3862,14,698,7,3164,0,0,11,2508,9,684,11,3192,California
Mariposa,2021-03-03,70,3932,5,703,65,3229,0,0,66,2571,4,688,67,3259,California
Mariposa,2021-03-04,36,3968,8,711,28,3257,0,0,20,2576,16,704,21,3280,California
Mariposa,2021-03-05,54,4022,9,720,45,3302,0,0,38,2603,16,720,43,3323,California
Mariposa,2021-03-06,15,4037,6,726,9,3311,0,0,7,2602,8,728,7,3330,California
Mariposa,2021-03-07,1,4038,1,727,0,3311,0,0,0,2601,1,729,0,3330,California
Mariposa,2021-03-08,38,4076,4,731,23,3334,11,11,9,2592,29,758,20,3350,California
Mariposa,2021-03-09,45,4121,18,749,17,3351,10,21,14,2585,31,789,24,3374,California
Mariposa,2021-03-10,29,4150,9,758,10,3361,10,31,9,2584,20,809,19,3393,California
Mariposa,2021-03-11,466,4616,6,764,442,3803,18,49,224,2588,241,1050,245,3638,California
Mariposa,2021-03-12,254,4870,8,772,219,4022,27,76,114,2588,140,1190,140,3778,California
Mariposa,2021-03-13,32,4902,6,778,11,4033,15,91,11,2592,21,1211,25,3803,California
Mariposa,2021-03-14,17,4919,2,780,4,4037,11,102,3,2592,14,1225,14,3817,California
Mariposa,2021-03-15,76,4995,7,787,31,4068,38,140,31,2616,45,1270,69,3886,California
Mariposa,2021-03-16,82,5077,32,819,15,4083,35,175,24,2617,58,1328,59,3945,California
Mariposa,2021-03-17,71,5148,10,829,53,4136,8,183,51,2657,19,1347,59,4004,California
Mariposa,2021-03-18,66,5214,15,844,41,4177,10,193,41,2683,25,1372,51,4055,California
Mariposa,2021-03-19,338,5552,11,855,322,4499,5,198,303,2956,35,1407,308,4363,California
Mariposa,2021-03-20,426,5978,5,860,419,4918,2,200,46,2625,380,1787,49,4412,California
Mariposa,2021-03-21,14,5992,8,868,5,4923,1,201,9,2631,4,1791,10,4422,California
Mariposa,2021-03-22,36,6028,7,875,21,4944,8,209,24,2652,12,1803,33,4455,California
Mariposa,2021-03-23,53,6081,33,908,10,4954,10,219,32,2673,21,1824,42,4497,California
Mariposa,2021-03-24,55,6136,5,913,48,5002,2,221,50,2720,5,1829,52,4549,California
Mariposa,2021-03-25,73,6209,15,928,50,5052,8,229,53,2761,20,1849,61,4610,California
Mariposa,2021-03-26,486,6695,9,937,476,5528,1,230,250,2776,236,2085,251,4861,California
Mariposa,2021-03-27,225,6920,8,945,217,5745,0,230,90,2733,135,2220,92,4953,California
Mariposa,2021-03-28,5,6925,0,945,2,5747,3,233,1,2733,4,2224,4,4957,California
Mariposa,2021-03-29,19,6944,6,951,13,5760,0,233,12,2738,7,2231,12,4969,California
Mariposa,2021-03-30,36,6980,13,964,7,5767,16,249,13,2744,23,2254,29,4998,California
Mariposa,2021-03-31,91,7071,16,980,68,5835,7,256,71,2802,20,2274,78,5076,California
Mariposa,2021-04-01,51,7122,9,989,34,5869,8,264,31,2821,20,2294,39,5115,California
Mariposa,2021-04-02,347,7469,11,1000,334,6203,2,266,307,3091,39,2333,309,5424,California
Mariposa,2021-04-03,10,7479,7,1007,3,6206,0,266,5,3091,5,2338,5,5429,California
Mariposa,2021-04-04,2,7481,1,1008,0,6206,1,267,0,3090,2,2340,1,5430,California
Mariposa,2021-04-05,31,7512,23,1031,5,6211,3,270,15,3092,16,2356,18,5448,California
Mariposa,2021-04-06,44,7556,20,1051,8,6219,16,286,14,3093,29,2385,30,5478,California
Mariposa,2021-04-07,97,7653,6,1057,72,6291,19,305,28,3071,69,2454,47,5525,California
Mariposa,2021-04-08,275,7928,13,1070,243,6534,19,324,140,3098,133,2587,160,5685,California
Mariposa,2021-04-09,34,7962,9,1079,13,6547,12,336,10,3096,24,2611,22,5707,California
Mariposa,2021-04-10,202,8164,3,1082,189,6736,10,346,188,3280,13,2624,197,5904,California
Mariposa,2021-04-11,115,8279,4,1086,109,6845,2,348,48,3264,67,2691,51,5955,California
Mariposa,2021-04-12,38,8317,12,1098,24,6869,2,350,9,3246,29,2720,11,5966,California
Mariposa,2021-04-13,53,8370,45,1143,8,6877,0,350,34,3261,19,2739,34,6000,California
Mariposa,2021-04-14,112,8482,7,1150,105,6982,0,350,58,3266,53,2792,58,6058,California
Mariposa,2021-04-15,55,8537,17,1167,38,7020,0,350,40,3294,12,2804,40,6098,California
Mariposa,2021-04-16,381,8918,11,1178,370,7390,0,350,106,3125,275,3079,106,6204,California
Mariposa,2021-04-17,11,8929,6,1184,5,7395,0,350,8,3130,3,3082,8,6212,California
Mariposa,2021-04-18,6,8935,0,1184,6,7401,0,350,3,3130,3,3085,3,6215,California
Mariposa,2021-04-19,54,8989,23,1207,31,7432,0,350,27,3132,25,3110,27,6242,California
Mariposa,2021-04-20,62,9051,49,1256,13,7445,0,350,39,3151,20,3130,39,6281,California
Mariposa,2021-04-21,88,9139,12,1268,76,7521,0,350,40,3144,47,3177,40,6321,California
Mariposa,2021-04-22,44,9183,8,1276,36,7557,0,350,36,3173,7,3184,36,6357,California
Mariposa,2021-04-23,314,9497,69,1345,245,7802,0,350,145,3150,169,3353,146,6503,California
Mariposa,2021-04-24,105,9602,10,1355,95,7897,0,350,42,3130,62,3415,42,6545,California
Mariposa,2021-04-26,12,9614,9,1364,3,7900,0,350,2,3122,10,3425,2,6547,California
Mariposa,2021-04-27,29,9643,15,1379,13,7913,1,351,14,3126,11,3436,15,6562,California
Mariposa,2021-04-28,68,9711,13,1392,53,7966,2,353,28,3116,40,3476,30,6592,California
Mariposa,2021-04-29,42,9753,12,1404,29,7995,1,354,37,3149,5,3481,38,6630,California
Mariposa,2021-04-30,50,9803,4,1408,41,8036,5,359,39,3182,11,3492,44,6674,California
Mariposa,2021-05-01,1,9804,1,1409,0,8036,0,359,0,3181,1,3493,0,6674,California
Mariposa,2021-05-02,3,9807,2,1411,0,8036,1,360,0,3179,3,3496,1,6675,California
Mariposa,2021-05-03,15,9822,12,1423,2,8038,1,361,7,3180,7,3503,8,6683,California
Mariposa,2021-05-04,50,9872,31,1454,15,8053,4,365,36,3206,14,3517,40,6723,California
Mariposa,2021-05-05,54,9926,8,1462,44,8097,2,367,19,3192,35,3552,21,6744,California
Mariposa,2021-05-06,55,9981,33,1495,16,8113,6,373,36,3215,19,3571,42,6786,California
Mariposa,2021-05-07,25,10006,8,1503,14,8127,3,376,15,3223,10,3581,18,6804,California
Mariposa,2021-05-08,27,10033,4,1507,23,8150,0,376,23,3242,4,3585,23,6827,California
Mariposa,2021-05-09,2,10035,1,1508,1,8151,0,376,0,3240,2,3587,0,6827,California
Mariposa,2021-05-10,6,10041,4,1512,1,8152,1,377,1,3237,5,3592,2,6829,California
Mendocino,2020-12-17,70,70,70,70,0,0,0,0,70,70,0,0,70,70,California
Mendocino,2020-12-18,85,155,84,154,1,1,0,0,84,154,0,0,84,154,California
Mendocino,2020-12-19,4,159,4,158,0,1,0,0,4,158,0,0,4,158,California
Mendocino,2020-12-20,7,166,7,165,0,1,0,0,7,165,0,0,7,165,California
Mendocino,2020-12-21,241,407,241,406,0,1,0,0,77,242,0,0,77,242,California
Mendocino,2020-12-22,251,658,190,596,61,62,0,0,251,493,0,0,251,493,California
Mendocino,2020-12-23,270,928,47,643,223,285,0,0,269,762,0,0,269,762,California
Mendocino,2020-12-24,49,977,8,651,41,326,0,0,49,811,0,0,49,811,California
Mendocino,2020-12-25,1,978,0,651,1,327,0,0,1,812,0,0,1,812,California
Mendocino,2020-12-26,2,980,2,653,0,327,0,0,2,814,0,0,2,814,California
Mendocino,2020-12-27,1,981,0,653,1,328,0,0,1,815,0,0,1,815,California
Mendocino,2020-12-28,74,1055,9,662,65,393,0,0,74,889,0,0,74,889,California
Mendocino,2020-12-29,122,1177,61,723,61,454,0,0,122,1011,0,0,122,1011,California
Mendocino,2020-12-30,123,1300,68,791,55,509,0,0,123,1134,0,0,123,1134,California
Mendocino,2020-12-31,132,1432,97,888,35,544,0,0,132,1266,0,0,132,1266,California
Mendocino,2021-01-01,8,1440,6,894,2,546,0,0,8,1274,0,0,8,1274,California
Mendocino,2021-01-04,840,2280,19,913,821,1367,0,0,840,2114,0,0,840,2114,California
Mendocino,2021-01-05,71,2351,35,948,36,1403,0,0,58,2159,13,13,58,2172,California
Mendocino,2021-01-06,155,2506,133,1081,22,1425,0,0,145,2294,10,23,145,2317,California
Mendocino,2021-01-07,358,2864,238,1319,120,1545,0,0,295,2526,63,86,295,2612,California
Mendocino,2021-01-08,95,2959,82,1401,13,1558,0,0,41,2514,54,140,42,2654,California
Mendocino,2021-01-09,10,2969,6,1407,4,1562,0,0,8,2520,2,142,8,2662,California
Mendocino,2021-01-10,8,2977,8,1415,0,1562,0,0,1,2514,7,149,1,2663,California
Mendocino,2021-01-11,101,3078,92,1507,9,1571,0,0,43,2500,57,206,43,2706,California
Mendocino,2021-01-12,385,3463,375,1882,10,1581,0,0,269,2653,116,322,269,2975,California
Mendocino,2021-01-13,484,3947,145,2027,339,1920,0,0,442,3056,40,362,443,3418,California
Mendocino,2021-01-14,636,4583,20,2047,616,2536,0,0,627,3674,9,371,627,4045,California
Mendocino,2021-01-15,1857,6440,859,2906,998,3534,0,0,1852,5522,5,376,1853,5898,California
Mendocino,2021-01-16,791,7231,50,2956,741,4275,0,0,789,6309,2,378,789,6687,California
Mendocino,2021-01-17,553,7784,1,2957,552,4827,0,0,552,6860,1,379,552,7239,California
Mendocino,2021-01-18,488,8272,463,3420,25,4852,0,0,476,7324,12,391,476,7715,California
Mendocino,2021-01-19,334,8606,148,3568,186,5038,0,0,158,7306,176,567,158,7873,California
Mendocino,2021-01-20,553,9159,406,3974,147,5185,0,0,447,7650,104,671,448,8321,California
Mendocino,2021-01-21,537,9696,224,4198,313,5498,0,0,351,7816,185,856,351,8672,California
Mendocino,2021-01-22,149,9845,58,4256,91,5589,0,0,110,7887,39,895,110,8782,California
Mendocino,2021-01-23,155,10000,83,4339,72,5661,0,0,149,8030,6,901,149,8931,California
Mendocino,2021-01-24,5,10005,3,4342,2,5663,0,0,5,8035,0,901,5,8936,California
Mendocino,2021-01-25,191,10196,18,4360,173,5836,0,0,121,8086,70,971,121,9057,California
Mendocino,2021-01-26,155,10351,55,4415,100,5936,0,0,95,8121,60,1031,95,9152,California
Mendocino,2021-01-27,439,10790,369,4784,70,6006,0,0,174,8037,258,1289,174,9326,California
Mendocino,2021-01-28,590,11380,526,5310,64,6070,0,0,495,8438,94,1383,495,9821,California
Mendocino,2021-01-29,392,11772,351,5661,41,6111,0,0,363,8773,29,1412,364,10185,California
Mendocino,2021-01-30,49,11821,31,5692,18,6129,0,0,42,8808,7,1419,42,10227,California
Mendocino,2021-01-31,273,12094,2,5694,271,6400,0,0,3,8541,270,1689,3,10230,California
Mendocino,2021-02-01,381,12475,52,5746,329,6729,0,0,59,8278,322,2011,59,10289,California
Mendocino,2021-02-02,723,13198,503,6249,220,6949,0,0,364,8283,359,2370,364,10653,California
Mendocino,2021-02-03,390,13588,205,6454,185,7134,0,0,221,8337,167,2537,221,10874,California
Mendocino,2021-02-04,624,14212,529,6983,95,7229,0,0,500,8713,124,2661,500,11374,California
Mendocino,2021-02-05,1300,15512,1212,8195,88,7317,0,0,583,8581,715,3376,583,11957,California
Mendocino,2021-02-06,559,16071,158,8353,401,7718,0,0,544,9110,15,3391,544,12501,California
Mendocino,2021-02-07,32,16103,28,8381,4,7722,0,0,32,9142,0,3391,32,12533,California
Mendocino,2021-02-08,747,16850,715,9096,32,7754,0,0,285,8965,462,3853,285,12818,California
Mendocino,2021-02-09,141,16991,58,9154,83,7837,0,0,89,9002,52,3905,89,12907,California
Mendocino,2021-02-10,1485,18476,923,10077,562,8399,0,0,742,9010,736,4641,744,13651,California
Mendocino,2021-02-11,1134,19610,208,10285,926,9325,0,0,280,8436,854,5495,280,13931,California
Mendocino,2021-02-12,1405,21015,162,10447,1243,10568,0,0,640,8312,764,6259,640,14571,California
Mendocino,2021-02-13,496,21511,12,10459,484,11052,0,0,103,8028,392,6651,108,14679,California
Mendocino,2021-02-14,693,22204,3,10462,690,11742,0,0,134,7603,559,7210,134,14813,California
Mendocino,2021-02-15,330,22534,42,10504,288,12030,0,0,175,7623,155,7365,175,14988,California
Mendocino,2021-02-16,201,22735,51,10555,150,12180,0,0,130,7682,71,7436,130,15118,California
Mendocino,2021-02-17,1353,24088,1191,11746,162,12342,0,0,878,8087,473,7909,878,15996,California
Mendocino,2021-02-18,1781,25869,640,12386,1141,13483,0,0,1215,8737,565,8474,1215,17211,California
Mendocino,2021-02-19,750,26619,146,12532,604,14087,0,0,611,9209,139,8613,611,17822,California
Mendocino,2021-02-20,571,27190,545,13077,26,14113,0,0,540,9720,29,8642,540,18362,California
Mendocino,2021-02-21,325,27515,6,13083,319,14432,0,0,313,10022,11,8653,313,18675,California
Mendocino,2021-02-22,162,27677,30,13113,132,14564,0,0,69,10000,91,8744,69,18744,California
Mendocino,2021-02-23,677,28354,664,13777,13,14577,0,0,613,10551,62,8806,613,19357,California
Mendocino,2021-02-24,1839,30193,1759,15536,80,14657,0,0,1430,11579,404,9210,1432,20789,California
Mendocino,2021-02-25,1703,31896,531,16067,1172,15829,0,0,1284,12445,418,9628,1284,22073,California
Mendocino,2021-02-26,1402,33298,748,16815,654,16483,0,0,1039,13123,361,9989,1039,23112,California
Mendocino,2021-02-27,199,33497,151,16966,48,16531,0,0,76,13077,122,10111,76,23188,California
Mendocino,2021-02-28,35,33532,13,16979,22,16553,0,0,24,13090,11,10122,24,23212,California
Mendocino,2021-03-01,578,34110,534,17513,44,16597,0,0,539,13592,37,10159,539,23751,California
Mendocino,2021-03-02,73,34183,26,17539,47,16644,0,0,41,13602,31,10190,41,23792,California
Mendocino,2021-03-03,1715,35898,1330,18869,385,17029,0,0,1082,14053,631,10821,1082,24874,California
Mendocino,2021-03-04,1767,37665,147,19016,1620,18649,0,0,1550,15389,215,11036,1551,26425,California
Mendocino,2021-03-05,211,37876,150,19166,52,18701,9,9,119,15427,90,11126,128,26553,California
Mendocino,2021-03-06,244,38120,21,19187,198,18899,25,34,203,15615,40,11166,228,26781,California
Mendocino,2021-03-07,505,38625,8,19195,477,19376,20,54,118,15366,386,11552,137,26918,California
Mendocino,2021-03-08,124,38749,30,19225,58,19434,36,90,64,15408,58,11610,100,27018,California
Mendocino,2021-03-09,572,39321,232,19457,299,19733,41,131,474,15825,98,11708,515,27533,California
Mendocino,2021-03-10,1110,40431,980,20437,65,19798,65,196,268,15322,839,12547,336,27869,California
Mendocino,2021-03-11,825,41256,612,21049,160,19958,53,249,395,15343,427,12974,448,28317,California
Mendocino,2021-03-12,2020,43276,1031,22080,894,20852,95,344,1213,15851,800,13774,1308,29625,California
Mendocino,2021-03-13,654,43930,524,22604,73,20925,57,401,97,15452,553,14327,154,29779,California
Mendocino,2021-03-14,104,44034,2,22606,95,21020,7,408,11,15381,89,14416,18,29797,California
Mendocino,2021-03-15,597,44631,50,22656,489,21509,58,466,208,15258,388,14804,265,30062,California
Mendocino,2021-03-16,569,45200,373,23029,151,21660,45,511,138,15012,429,15233,183,30245,California
Mendocino,2021-03-17,1563,46763,1359,24388,56,21716,148,659,214,14035,1346,16579,369,30614,California
Mendocino,2021-03-18,1306,48069,247,24635,1021,22737,38,697,284,13342,1014,17593,321,30935,California
Mendocino,2021-03-19,1756,49825,856,25491,839,23576,61,758,332,12317,1420,19013,395,31330,California
Mendocino,2021-03-20,68,49893,10,25501,37,23613,21,779,12,12294,56,19069,33,31363,California
Mendocino,2021-03-21,8,49901,1,25502,2,23615,5,784,3,12297,5,19074,8,31371,California
Mendocino,2021-03-22,624,50525,580,26082,15,23630,29,813,146,11997,474,19548,174,31545,California
Mendocino,2021-03-23,165,50690,33,26115,102,23732,30,843,115,12092,50,19598,145,31690,California
Mendocino,2021-03-24,911,51601,840,26955,24,23756,47,890,114,11458,795,20393,161,31851,California
Mendocino,2021-03-25,1987,53588,50,27005,1917,25673,20,910,174,9841,1809,22202,192,32043,California
Mendocino,2021-03-26,509,54097,359,27364,125,25798,25,935,325,10007,184,22386,350,32393,California
Mendocino,2021-03-27,143,54240,13,27377,118,25916,12,947,81,10038,61,22447,92,32485,California
Mendocino,2021-03-28,25,54265,5,27382,16,25932,4,951,3,10024,21,22468,7,32492,California
Mendocino,2021-03-29,187,54452,99,27481,46,25978,42,993,96,10071,91,22559,138,32630,California
Mendocino,2021-03-30,683,55135,598,28079,48,26026,37,1030,411,10248,271,22830,448,33078,California
Mendocino,2021-03-31,869,56004,272,28351,537,26563,60,1090,405,10251,462,23292,465,33543,California
Mendocino,2021-04-01,1708,57712,399,28750,1231,27794,78,1168,384,9396,1316,24608,461,34004,California
Mendocino,2021-04-02,1284,58996,1056,29806,155,27949,73,1241,223,8635,1057,25665,296,34300,California
Mendocino,2021-04-03,703,59699,7,29813,675,28624,21,1262,82,8121,617,26282,103,34403,California
Mendocino,2021-04-04,69,59768,34,29847,29,28653,6,1268,54,8166,15,26297,60,34463,California
Mendocino,2021-04-05,211,59979,142,29989,45,28698,24,1292,131,8238,80,26377,152,34615,California
Mendocino,2021-04-06,396,60375,121,30110,180,28878,95,1387,107,8151,289,26666,202,34817,California
Mendocino,2021-04-07,485,60860,177,30287,63,28941,245,1632,120,8152,363,27029,364,35181,California
Mendocino,2021-04-08,1488,62348,911,31198,462,29403,115,1747,998,8782,483,27512,1113,36294,California
Mendocino,2021-04-09,758,63106,425,31623,172,29575,161,1908,397,8980,360,27872,558,36852,California
Mendocino,2021-04-10,404,63510,91,31714,267,29842,46,1954,100,8822,304,28176,146,36998,California
Mendocino,2021-04-11,121,63631,47,31761,18,29860,56,2010,58,8873,63,28239,114,37112,California
Mendocino,2021-04-12,619,64250,513,32274,46,29906,60,2070,413,9140,206,28445,473,37585,California
Mendocino,2021-04-13,288,64538,225,32499,63,29969,0,2070,221,9294,67,28512,221,37806,California
Mendocino,2021-04-14,513,65051,424,32923,89,30058,0,2070,412,9605,101,28613,412,38218,California
Mendocino,2021-04-15,656,65707,326,33249,330,30388,0,2070,395,9743,257,28870,395,38613,California
Mendocino,2021-04-16,124,65831,51,33300,72,30460,1,2071,76,9773,47,28917,77,38690,California
Mendocino,2021-04-17,198,66029,12,33312,186,30646,0,2071,70,9717,126,29043,70,38760,California
Mendocino,2021-04-18,7,66036,2,33314,5,30651,0,2071,4,9718,3,29046,4,38764,California
Mendocino,2021-04-19,531,66567,506,33820,24,30675,1,2072,433,10055,97,29143,434,39198,California
Mendocino,2021-04-20,410,66977,283,34103,127,30802,0,2072,261,10167,149,29292,261,39459,California
Mendocino,2021-04-21,183,67160,124,34227,58,30860,1,2073,114,10213,68,29360,114,39573,California
Mendocino,2021-04-22,485,67645,309,34536,175,31035,1,2074,320,10370,163,29523,320,39893,California
Mendocino,2021-04-23,840,68485,699,35235,141,31176,0,2074,688,10908,150,29673,688,40581,California
Mendocino,2021-04-24,101,68586,14,35249,87,31263,0,2074,94,10995,7,29680,94,40675,California
Mendocino,2021-04-25,52,68638,28,35277,20,31283,4,2078,18,10983,34,29714,22,40697,California
Mendocino,2021-04-26,272,68910,209,35486,58,31341,5,2083,189,11095,82,29796,194,40891,California
Mendocino,2021-04-27,174,69084,67,35553,83,31424,24,2107,90,11125,83,29879,113,41004,California
Mendocino,2021-04-28,215,69299,147,35700,53,31477,15,2122,126,11177,89,29968,141,41145,California
Mendocino,2021-04-29,1135,70434,839,36539,282,31759,14,2136,106,10270,1027,30995,120,41265,California
Mendocino,2021-04-30,607,71041,386,36925,211,31970,10,2146,229,10131,378,31373,239,41504,California
Mendocino,2021-05-01,470,71511,434,37359,30,32000,6,2152,366,10400,103,31476,372,41876,California
Mendocino,2021-05-02,56,71567,47,37406,6,32006,3,2155,9,10366,46,31522,12,41888,California
Mendocino,2021-05-03,135,71702,76,37482,38,32044,21,2176,40,10333,94,31616,61,41949,California
Mendocino,2021-05-04,362,72064,253,37735,86,32130,23,2199,134,10263,227,31843,157,42106,California
Mendocino,2021-05-05,867,72931,783,38518,67,32197,17,2216,217,9848,648,32491,233,42339,California
Mendocino,2021-05-06,625,73556,382,38900,222,32419,21,2237,149,9545,473,32964,170,42509,California
Mendocino,2021-05-07,169,73725,31,38931,114,32533,24,2261,107,9615,61,33025,131,42640,California
Mendocino,2021-05-08,122,73847,4,38935,116,32649,2,2263,106,9708,15,33040,108,42748,California
Mendocino,2021-05-09,20,73867,6,38941,13,32662,1,2264,4,9697,16,33056,5,42753,California
Mendocino,2021-05-10,162,74029,145,39086,14,32676,3,2267,81,9700,81,33137,84,42837,California
Merced,2020-12-16,3,3,3,3,0,0,0,0,3,3,0,0,3,3,California
Merced,2020-12-17,5,8,5,8,0,0,0,0,5,8,0,0,5,8,California
Merced,2020-12-18,143,151,143,151,0,0,0,0,143,151,0,0,143,151,California
Merced,2020-12-19,39,190,39,190,0,0,0,0,39,190,0,0,39,190,California
Merced,2020-12-20,17,207,17,207,0,0,0,0,17,207,0,0,17,207,California
Merced,2020-12-21,125,332,122,329,3,3,0,0,125,332,0,0,125,332,California
Merced,2020-12-22,152,484,152,481,0,3,0,0,152,484,0,0,152,484,California
Merced,2020-12-23,248,732,242,723,6,9,0,0,248,732,0,0,248,732,California
Merced,2020-12-24,72,804,72,795,0,9,0,0,72,804,0,0,72,804,California
Merced,2020-12-25,4,808,4,799,0,9,0,0,4,808,0,0,4,808,California
Merced,2020-12-26,6,814,3,802,3,12,0,0,6,814,0,0,6,814,California
Merced,2020-12-27,12,826,11,813,1,13,0,0,12,826,0,0,12,826,California
Merced,2020-12-28,123,949,98,911,25,38,0,0,123,949,0,0,123,949,California
Merced,2020-12-29,180,1129,124,1035,56,94,0,0,180,1129,0,0,180,1129,California
Merced,2020-12-30,214,1343,89,1124,125,219,0,0,214,1343,0,0,214,1343,California
Merced,2020-12-31,103,1446,34,1158,69,288,0,0,103,1446,0,0,103,1446,California
Merced,2021-01-01,3,1449,0,1158,3,291,0,0,3,1449,0,0,3,1449,California
Merced,2021-01-02,128,1577,117,1275,11,302,0,0,128,1577,0,0,128,1577,California
Merced,2021-01-03,9,1586,5,1280,4,306,0,0,9,1586,0,0,9,1586,California
Merced,2021-01-04,80,1666,42,1322,38,344,0,0,80,1666,0,0,80,1666,California
Merced,2021-01-05,320,1986,231,1553,89,433,0,0,314,1976,6,6,316,1982,California
Merced,2021-01-06,254,2240,103,1656,151,584,0,0,248,2218,6,12,248,2230,California
Merced,2021-01-07,184,2424,80,1736,104,688,0,0,174,2381,11,23,174,2404,California
Merced,2021-01-08,527,2951,393,2129,134,822,0,0,376,2607,150,173,376,2780,California
Merced,2021-01-09,23,2974,10,2139,13,835,0,0,17,2618,6,179,17,2797,California
Merced,2021-01-10,11,2985,7,2146,4,839,0,0,7,2621,4,183,7,2804,California
Merced,2021-01-11,225,3210,167,2313,58,897,0,0,101,2600,124,307,103,2907,California
Merced,2021-01-12,280,3490,157,2470,123,1020,0,0,230,2779,51,358,230,3137,California
Merced,2021-01-13,372,3862,173,2643,199,1219,0,0,221,2852,151,509,224,3361,California
Merced,2021-01-14,325,4187,201,2844,124,1343,0,0,160,2849,164,673,161,3522,California
Merced,2021-01-15,578,4765,127,2971,451,1794,0,0,540,3352,39,712,542,4064,California
Merced,2021-01-16,203,4968,122,3093,81,1875,0,0,198,3545,5,717,198,4262,California
Merced,2021-01-17,49,5017,12,3105,37,1912,0,0,48,3592,1,718,48,4310,California
Merced,2021-01-18,260,5277,126,3231,134,2046,0,0,238,3811,22,740,241,4551,California
Merced,2021-01-19,709,5986,585,3816,124,2170,0,0,538,4182,171,911,542,5093,California
Merced,2021-01-20,571,6557,466,4282,105,2275,0,0,514,4642,57,968,517,5610,California
Merced,2021-01-21,1006,7563,646,4928,360,2635,0,0,907,5453,99,1067,910,6520,California
Merced,2021-01-22,1305,8868,686,5614,619,3254,0,0,1278,6716,27,1094,1290,7810,California
Merced,2021-01-23,307,9175,185,5799,122,3376,0,0,202,6813,105,1199,202,8012,California
Merced,2021-01-24,32,9207,14,5813,18,3394,0,0,23,6828,8,1207,23,8035,California
Merced,2021-01-25,726,9933,240,6053,486,3880,0,0,667,7438,58,1265,668,8703,California
Merced,2021-01-26,912,10845,483,6536,429,4309,0,0,671,7896,214,1479,672,9375,California
Merced,2021-01-27,976,11821,582,7118,394,4703,0,0,809,8540,165,1644,809,10184,California
Merced,2021-01-28,1138,12959,592,7710,546,5249,0,0,1016,9435,122,1766,1017,11201,California
Merced,2021-01-29,845,13804,321,8031,524,5773,0,0,600,9799,238,2004,602,11803,California
Merced,2021-01-30,259,14063,27,8058,232,6005,0,0,243,10026,16,2020,243,12046,California
Merced,2021-01-31,46,14109,10,8068,36,6041,0,0,45,10070,1,2021,45,12091,California
Merced,2021-02-01,373,14482,52,8120,321,6362,0,0,325,10349,47,2068,326,12417,California
Merced,2021-02-02,293,14775,181,8301,112,6474,0,0,174,10407,117,2185,175,12592,California
Merced,2021-02-03,349,15124,71,8372,278,6752,0,0,168,10394,181,2366,168,12760,California
Merced,2021-02-04,371,15495,146,8518,225,6977,0,0,240,10505,130,2496,241,13001,California
Merced,2021-02-05,513,16008,173,8691,340,7317,0,0,272,10539,240,2736,274,13275,California
Merced,2021-02-06,388,16396,219,8910,169,7486,0,0,245,10643,142,2878,246,13521,California
Merced,2021-02-07,21,16417,13,8923,8,7494,0,0,14,10650,7,2885,14,13535,California
Merced,2021-02-08,278,16695,196,9119,82,7576,0,0,169,10712,108,2993,170,13705,California
Merced,2021-02-09,1213,17908,953,10072,260,7836,0,0,772,11052,433,3426,773,14478,California
Merced,2021-02-10,1852,19760,1431,11503,421,8257,0,0,1273,11756,569,3995,1273,15751,California
Merced,2021-02-11,2502,22262,2006,13509,496,8753,0,0,1815,12893,678,4673,1815,17566,California
Merced,2021-02-12,1713,23975,1012,14521,701,9454,0,0,745,12681,959,5632,747,18313,California
Merced,2021-02-13,360,24335,205,14726,155,9609,0,0,262,12848,97,5729,264,18577,California
Merced,2021-02-14,117,24452,26,14752,91,9700,0,0,96,12924,21,5750,97,18674,California
Merced,2021-02-15,274,24726,40,14792,234,9934,0,0,170,12997,98,5848,171,18845,California
Merced,2021-02-16,1211,25937,842,15634,369,10303,0,0,837,13480,356,6204,839,19684,California
Merced,2021-02-17,1874,27811,1629,17263,245,10548,0,0,1313,14248,548,6752,1316,21000,California
Merced,2021-02-18,1208,29019,818,18081,390,10938,0,0,405,13871,782,7534,405,21405,California
Merced,2021-02-19,1262,30281,413,18494,849,11787,0,0,537,13691,719,8253,539,21944,California
Merced,2021-02-20,276,30557,31,18525,245,12032,0,0,142,13701,132,8385,142,22086,California
Merced,2021-02-21,76,30633,62,18587,14,12046,0,0,32,13689,44,8429,32,22118,California
Merced,2021-02-22,830,31463,293,18880,537,12583,0,0,482,13825,346,8775,482,22600,California
Merced,2021-02-23,1080,32543,421,19301,659,13242,0,0,638,14026,437,9212,638,23238,California
Merced,2021-02-24,815,33358,303,19604,512,13754,0,0,445,14111,361,9573,446,23684,California
Merced,2021-02-25,1756,35114,865,20469,891,14645,0,0,1305,14970,448,10021,1307,24991,California
Merced,2021-02-26,2148,37262,1375,21844,773,15418,0,0,1736,16297,410,10431,1737,26728,California
Merced,2021-02-27,2526,39788,1102,22946,1424,16842,0,0,2241,18254,284,10715,2241,28969,California
Merced,2021-02-28,306,40094,71,23017,235,17077,0,0,251,18454,51,10766,251,29220,California
Merced,2021-03-01,1113,41207,279,23296,834,17911,0,0,774,18897,331,11097,774,29994,California
Merced,2021-03-02,1746,42953,903,24199,842,18753,1,1,1358,19877,379,11476,1359,31353,California
Merced,2021-03-03,2211,45164,1727,25926,483,19236,1,2,1456,20596,738,12214,1457,32810,California
Merced,2021-03-04,2880,48044,2267,28193,611,19847,2,4,1910,21556,953,13167,1913,34723,California
Merced,2021-03-05,2064,50108,1193,29386,847,20694,24,28,1528,22585,524,13691,1553,36276,California
Merced,2021-03-06,1166,51274,662,30048,482,21176,22,50,910,23262,255,13946,932,37208,California
Merced,2021-03-07,229,51503,65,30113,139,21315,25,75,200,23458,29,13975,225,37433,California
Merced,2021-03-08,1350,52853,752,30865,533,21848,65,140,1139,24451,210,14185,1203,38636,California
Merced,2021-03-09,1690,54543,996,31861,587,22435,107,247,1098,25070,587,14772,1206,39842,California
Merced,2021-03-10,2686,57229,1861,33722,625,23060,200,447,1616,25834,1056,15828,1820,41662,California
Merced,2021-03-11,1933,59162,687,34409,1041,24101,205,652,1218,26578,701,16529,1445,43107,California
Merced,2021-03-12,2193,61355,898,35307,1028,25129,267,919,1480,27628,709,17238,1759,44866,California
Merced,2021-03-13,720,62075,309,35616,168,25297,243,1162,412,27984,300,17538,656,45522,California
Merced,2021-03-14,249,62324,136,35752,83,25380,30,1192,149,28065,99,17637,180,45702,California
Merced,2021-03-15,1501,63825,493,36245,753,26133,255,1447,983,28791,511,18148,1237,46939,California
Merced,2021-03-16,1431,65256,686,36931,519,26652,226,1673,948,29490,474,18622,1173,48112,California
Merced,2021-03-17,1959,67215,1057,37988,724,27376,178,1851,1511,30741,440,19062,1691,49803,California
Merced,2021-03-18,2033,69248,1166,39154,720,28096,147,1998,1386,31651,637,19699,1547,51350,California
Merced,2021-03-19,2660,71908,1448,40602,1019,29115,193,2191,1383,31962,1266,20965,1577,52927,California
Merced,2021-03-20,2413,74321,1485,42087,533,29648,395,2586,957,31865,1453,22418,1356,54283,California
Merced,2021-03-21,556,74877,343,42430,200,29848,13,2599,437,32198,119,22537,452,54735,California
Merced,2021-03-22,1261,76138,628,43058,557,30405,76,2675,887,32796,367,22904,965,55700,California
Merced,2021-03-23,1823,77961,1099,44157,660,31065,64,2739,1346,33734,473,23377,1411,57111,California
Merced,2021-03-24,1410,79371,877,45034,498,31563,35,2774,933,34231,472,23849,969,58080,California
Merced,2021-03-25,3300,82671,2268,47302,1011,32574,21,2795,2079,35121,1213,25062,2103,60183,California
Merced,2021-03-26,1931,84602,1084,48386,813,33387,34,2829,891,35013,1032,26094,924,61107,California
Merced,2021-03-27,3061,87663,1771,50157,1200,34587,90,2919,1387,34828,1663,27757,1478,62585,California
Merced,2021-03-28,516,88179,213,50370,296,34883,7,2926,213,34748,301,28058,221,62806,California
Merced,2021-03-29,1745,89924,706,51076,874,35757,165,3091,665,34508,1074,29132,834,63640,California
Merced,2021-03-30,2138,92062,798,51874,1281,37038,59,3150,987,34408,1147,30279,1047,64687,California
Merced,2021-03-31,2122,94184,1399,53273,685,37723,38,3188,951,34242,1156,31435,990,65677,California
Merced,2021-04-01,2176,96360,1017,54290,1035,38758,124,3312,997,34191,1174,32609,1123,66800,California
Merced,2021-04-02,2327,98687,635,54925,1289,40047,403,3715,780,33845,1530,34139,1184,67984,California
Merced,2021-04-03,902,99589,425,55350,464,40511,13,3728,494,33949,404,34543,508,68492,California
Merced,2021-04-04,369,99958,143,55493,222,40733,4,3732,141,33869,227,34770,147,68639,California
Merced,2021-04-05,1258,101216,598,56091,449,41182,211,3943,415,33656,838,35608,625,69264,California
Merced,2021-04-06,2412,103628,890,56981,696,41878,826,4769,898,33869,1510,37118,1723,70987,California
Merced,2021-04-07,1648,105276,885,57866,656,42534,107,4876,584,33511,1051,38169,693,71680,California
Merced,2021-04-08,2248,107524,1145,59011,888,43422,215,5091,790,33085,1429,39598,1003,72683,California
Merced,2021-04-09,1674,109198,473,59484,626,44048,575,5666,560,33124,1098,40696,1137,73820,California
Merced,2021-04-10,692,109890,362,59846,142,44190,188,5854,174,32971,513,41209,360,74180,California
Merced,2021-04-11,486,110376,280,60126,72,44262,134,5988,146,32914,338,41547,281,74461,California
Merced,2021-04-12,1416,111792,927,61053,366,44628,123,6111,814,33284,567,42114,937,75398,California
Merced,2021-04-13,2020,113812,1446,62499,571,45199,3,6114,933,33221,1002,43116,939,76337,California
Merced,2021-04-14,2037,115849,1207,63706,830,46029,0,6114,901,33119,1005,44121,903,77240,California
Merced,2021-04-15,3007,118856,1971,65677,1036,47065,0,6114,955,32251,1827,45948,959,78199,California
Merced,2021-04-16,2352,121208,1146,66823,1206,48271,0,6114,960,31916,1295,47243,960,79159,California
Merced,2021-04-17,1452,122660,805,67628,647,48918,0,6114,376,31222,1071,48314,377,79536,California
Merced,2021-04-18,467,123127,248,67876,219,49137,0,6114,191,31164,249,48563,191,79727,California
Merced,2021-04-19,1320,124447,740,68616,580,49717,0,6114,702,31342,524,49087,702,80429,California
Merced,2021-04-20,1408,125855,732,69348,676,50393,0,6114,785,31575,553,49640,786,81215,California
Merced,2021-04-21,1462,127317,879,70227,583,50976,0,6114,749,31722,602,50242,749,81964,California
Merced,2021-04-22,1600,128917,737,70964,863,51839,0,6114,774,31751,745,50987,774,82738,California
Merced,2021-04-23,1626,130543,666,71630,960,52799,0,6114,882,31936,698,51685,883,83621,California
Merced,2021-04-24,566,131109,397,72027,169,52968,0,6114,388,32151,174,51859,389,84010,California
Merced,2021-04-25,324,131433,185,72212,139,53107,0,6114,191,32211,131,51990,191,84201,California
Merced,2021-04-26,1118,132551,456,72668,662,53769,0,6114,584,32296,501,52491,586,84787,California
Merced,2021-04-27,1473,134024,622,73290,841,54610,10,6124,610,32119,798,53289,621,85408,California
Merced,2021-04-28,1359,135383,673,73963,677,55287,9,6133,779,32348,560,53849,789,86197,California
Merced,2021-04-29,1317,136700,517,74480,775,56062,25,6158,635,32334,675,54524,661,86858,California
Merced,2021-04-30,1372,138072,557,75037,773,56835,42,6200,681,32370,688,55212,724,87582,California
Merced,2021-05-01,556,138628,241,75278,311,57146,4,6204,258,32337,295,55507,262,87844,California
Merced,2021-05-02,291,138919,117,75395,159,57305,15,6219,128,32318,163,55670,144,87988,California
Merced,2021-05-03,767,139686,527,75922,194,57499,46,6265,268,32157,496,56166,335,88323,California
Merced,2021-05-04,989,140675,534,76456,402,57901,53,6318,349,31922,636,56802,401,88724,California
Merced,2021-05-05,1130,141805,703,77159,354,58255,73,6391,469,31813,652,57454,543,89267,California
Merced,2021-05-06,884,142689,457,77616,378,58633,49,6440,293,31568,587,58041,342,89609,California
Merced,2021-05-07,729,143418,231,77847,460,59093,38,6478,293,31466,434,58475,332,89941,California
Merced,2021-05-08,380,143798,194,78041,150,59243,36,6514,171,31466,207,58682,207,90148,California
Merced,2021-05-09,204,144002,100,78141,97,59340,7,6521,95,31459,109,58791,102,90250,California
Merced,2021-05-10,342,144344,193,78334,133,59473,16,6537,84,31301,258,59049,100,90350,California
Modoc,2020-12-16,1,1,1,1,0,0,0,0,1,1,0,0,1,1,California
Modoc,2020-12-21,99,100,99,100,0,0,0,0,99,100,0,0,99,100,California
Modoc,2020-12-22,14,114,14,114,0,0,0,0,14,114,0,0,14,114,California
Modoc,2020-12-23,4,118,4,118,0,0,0,0,4,118,0,0,4,118,California
Modoc,2020-12-24,1,119,1,119,0,0,0,0,1,119,0,0,1,119,California
Modoc,2020-12-28,2,121,2,121,0,0,0,0,2,121,0,0,2,121,California
Modoc,2020-12-29,10,131,1,122,9,9,0,0,10,131,0,0,10,131,California
Modoc,2020-12-30,7,138,0,122,7,16,0,0,7,138,0,0,7,138,California
Modoc,2021-01-02,2,140,0,122,2,18,0,0,2,140,0,0,2,140,California
Modoc,2021-01-04,8,148,0,122,8,26,0,0,8,148,0,0,8,148,California
Modoc,2021-01-05,2,150,1,123,1,27,0,0,2,150,0,0,2,150,California
Modoc,2021-01-06,3,153,2,125,1,28,0,0,2,151,1,1,2,152,California
Modoc,2021-01-07,72,225,0,125,72,100,0,0,72,223,0,1,72,224,California
Modoc,2021-01-08,105,330,0,125,105,205,0,0,105,328,0,1,105,329,California
Modoc,2021-01-10,1,331,1,126,0,205,0,0,0,327,1,2,0,329,California
Modoc,2021-01-11,90,421,81,207,9,214,0,0,19,275,71,73,19,348,California
Modoc,2021-01-12,94,515,25,232,69,283,0,0,68,317,26,99,68,416,California
Modoc,2021-01-13,24,539,4,236,20,303,0,0,22,337,2,101,22,438,California
Modoc,2021-01-14,129,668,6,242,123,426,0,0,124,456,5,106,124,562,California
Modoc,2021-01-15,6,674,1,243,5,431,0,0,6,462,0,106,6,568,California
Modoc,2021-01-16,1,675,1,244,0,431,0,0,1,463,0,106,1,569,California
Modoc,2021-01-18,1,676,1,245,0,431,0,0,1,464,0,106,1,570,California
Modoc,2021-01-19,5,681,3,248,2,433,0,0,3,465,2,108,3,573,California
Modoc,2021-01-20,11,692,1,249,10,443,0,0,11,476,0,108,11,584,California
Modoc,2021-01-21,157,849,2,251,155,598,0,0,157,633,0,108,157,741,California
Modoc,2021-01-22,2,851,0,251,2,600,0,0,2,635,0,108,2,743,California
Modoc,2021-01-25,11,862,0,251,11,611,0,0,11,646,0,108,11,754,California
Modoc,2021-01-26,65,927,1,252,64,675,0,0,65,711,0,108,65,819,California
Modoc,2021-01-27,41,968,2,254,39,714,0,0,25,720,16,124,25,844,California
Modoc,2021-01-28,144,1112,1,255,143,857,0,0,144,864,0,124,144,988,California
Modoc,2021-01-29,3,1115,1,256,2,859,0,0,3,867,0,124,3,991,California
Modoc,2021-02-01,26,1141,13,269,13,872,0,0,12,865,14,138,12,1003,California
Modoc,2021-02-02,170,1311,2,271,168,1040,0,0,167,1029,3,141,167,1170,California
Modoc,2021-02-03,18,1329,13,284,5,1045,0,0,11,1033,7,148,11,1181,California
Modoc,2021-02-04,155,1484,4,288,151,1196,0,0,27,932,128,276,27,1208,California
Modoc,2021-02-05,4,1488,3,291,1,1197,0,0,3,934,1,277,3,1211,California
Modoc,2021-02-08,9,1497,2,293,7,1204,0,0,8,941,1,278,8,1219,California
Modoc,2021-02-09,197,1694,13,306,184,1388,0,0,65,874,132,410,65,1284,California
Modoc,2021-02-10,5,1699,2,308,3,1391,0,0,4,877,1,411,4,1288,California
Modoc,2021-02-11,201,1900,3,311,198,1589,0,0,83,842,118,529,83,1371,California
Modoc,2021-02-12,4,1904,0,311,4,1593,0,0,2,842,2,531,2,1373,California
Modoc,2021-02-13,1,1905,0,311,1,1594,0,0,1,843,0,531,1,1374,California
Modoc,2021-02-16,147,2052,6,317,141,1735,0,0,143,982,4,535,143,1517,California
Modoc,2021-02-17,24,2076,1,318,23,1758,0,0,12,982,12,547,12,1529,California
Modoc,2021-02-18,188,2264,2,320,186,1944,0,0,25,846,162,709,26,1555,California
Modoc,2021-02-19,2,2266,2,322,0,1944,0,0,2,848,0,709,2,1557,California
Modoc,2021-02-20,1,2267,1,323,0,1944,0,0,0,847,1,710,0,1557,California
Modoc,2021-02-22,17,2284,9,332,8,1952,0,0,3,836,14,724,3,1560,California
Modoc,2021-02-23,20,2304,2,334,18,1970,0,0,1,818,19,743,1,1561,California
Modoc,2021-02-24,90,2394,1,335,89,2059,0,0,30,788,60,803,30,1591,California
Modoc,2021-02-25,169,2563,1,336,168,2227,0,0,13,645,156,959,13,1604,California
Modoc,2021-02-26,3,2566,0,336,3,2230,0,0,1,644,2,961,1,1605,California
Modoc,2021-02-27,5,2571,5,341,0,2230,0,0,2,643,3,964,2,1607,California
Modoc,2021-03-01,5,2576,0,341,5,2235,0,0,0,639,4,968,0,1607,California
Modoc,2021-03-02,193,2769,12,353,181,2416,0,0,26,498,167,1135,26,1633,California
Modoc,2021-03-03,12,2781,6,359,6,2422,0,0,2,490,10,1145,2,1635,California
Modoc,2021-03-04,175,2956,2,361,173,2595,0,0,148,611,27,1172,148,1783,California
Modoc,2021-03-05,4,2960,3,364,1,2596,0,0,2,611,2,1174,2,1785,California
Modoc,2021-03-06,11,2971,0,364,1,2597,10,10,1,612,10,1184,11,1796,California
Modoc,2021-03-07,6,2977,1,365,0,2597,5,15,1,613,5,1189,6,1802,California
Modoc,2021-03-08,8,2985,1,366,3,2600,4,19,1,612,6,1195,5,1807,California
Modoc,2021-03-09,126,3111,10,376,108,2708,8,27,61,616,65,1260,69,1876,California
Modoc,2021-03-10,9,3120,3,379,2,2710,4,31,4,619,5,1265,8,1884,California
Modoc,2021-03-11,207,3327,0,379,99,2809,108,139,22,564,185,1450,130,2014,California
Modoc,2021-03-12,10,3337,1,380,4,2813,5,144,4,567,6,1456,9,2023,California
Modoc,2021-03-13,4,3341,0,380,1,2814,3,147,1,568,3,1459,4,2027,California
Modoc,2021-03-15,12,3353,1,381,10,2824,1,148,10,577,2,1461,11,2038,California
Modoc,2021-03-16,173,3526,1,382,168,2992,4,152,42,491,131,1592,45,2083,California
Modoc,2021-03-17,10,3536,1,383,4,2996,5,157,2,490,8,1600,7,2090,California
Modoc,2021-03-18,67,3603,2,385,58,3054,7,164,35,500,32,1632,42,2132,California
Modoc,2021-03-19,5,3608,0,385,0,3054,5,169,0,500,5,1637,5,2137,California
Modoc,2021-03-20,6,3614,2,387,1,3055,3,172,1,499,5,1642,4,2141,California
Modoc,2021-03-21,4,3618,1,388,1,3056,2,174,2,501,2,1644,4,2145,California
Modoc,2021-03-22,18,3636,1,389,11,3067,6,180,12,513,6,1650,18,2163,California
Modoc,2021-03-23,37,3673,7,396,27,3094,3,183,28,535,9,1659,31,2194,California
Modoc,2021-03-24,29,3702,1,397,18,3112,10,193,2,520,27,1686,12,2206,California
Modoc,2021-03-25,77,3779,1,398,74,3186,2,195,45,535,32,1718,47,2253,California
Modoc,2021-03-26,7,3786,2,400,2,3188,3,198,2,535,5,1723,5,2258,California
Modoc,2021-03-27,2,3788,0,400,1,3189,1,199,1,536,1,1724,2,2260,California
Modoc,2021-03-28,2,3790,1,401,0,3189,1,200,0,535,2,1726,1,2261,California
Modoc,2021-03-29,14,3804,1,402,5,3194,8,208,5,539,9,1735,13,2274,California
Modoc,2021-03-30,55,3859,10,412,38,3232,7,215,21,533,34,1769,28,2302,California
Modoc,2021-03-31,9,3868,3,415,2,3234,4,219,3,534,6,1775,7,2309,California
Modoc,2021-04-01,167,4035,2,417,160,3394,5,224,32,436,135,1910,37,2346,California
Modoc,2021-04-02,5,4040,0,417,2,3396,3,227,1,437,3,1913,4,2350,California
Modoc,2021-04-03,5,4045,2,419,0,3396,3,230,2,439,2,1915,4,2354,California
Modoc,2021-04-05,9,4054,0,419,9,3405,0,230,9,448,0,1915,9,2363,California
Modoc,2021-04-06,24,4078,5,424,9,3414,10,240,6,446,18,1933,16,2379,California
Modoc,2021-04-07,12,4090,1,425,4,3418,7,247,3,447,9,1942,10,2389,California
Modoc,2021-04-08,97,4187,1,426,93,3511,3,250,26,405,71,2013,29,2418,California
Modoc,2021-04-09,11,4198,2,428,6,3517,3,253,2,400,9,2022,4,2422,California
Modoc,2021-04-10,5,4203,0,428,1,3518,4,257,0,399,5,2027,4,2426,California
Modoc,2021-04-11,2,4205,2,430,0,3518,0,257,1,399,1,2028,1,2427,California
Modoc,2021-04-12,15,4220,1,431,10,3528,4,261,2,394,11,2039,6,2433,California
Modoc,2021-04-13,30,4250,29,460,1,3529,0,261,21,406,9,2048,21,2454,California
Modoc,2021-04-14,2,4252,2,462,0,3529,0,261,1,406,1,2049,1,2455,California
Modoc,2021-04-15,100,4352,0,462,100,3629,0,261,27,360,73,2122,27,2482,California
Modoc,2021-04-16,4,4356,4,466,0,3629,0,261,3,362,1,2123,3,2485,California
Modoc,2021-04-17,3,4359,2,468,1,3630,0,261,2,363,1,2124,2,2487,California
Modoc,2021-04-18,1,4360,0,468,1,3631,0,261,1,364,0,2124,1,2488,California
Modoc,2021-04-19,7,4367,1,469,6,3637,0,261,2,361,5,2129,2,2490,California
Modoc,2021-04-20,27,4394,2,471,25,3662,0,261,9,352,18,2147,9,2499,California
Modoc,2021-04-21,3,4397,3,474,0,3662,0,261,1,351,2,2149,1,2500,California
Modoc,2021-04-22,98,4495,4,478,94,3756,0,261,41,335,57,2206,41,2541,California
Modoc,2021-04-23,5,4500,1,479,4,3760,0,261,4,338,1,2207,4,2545,California
Modoc,2021-04-24,3,4503,1,480,1,3761,1,262,2,340,1,2208,3,2548,California
Modoc,2021-04-25,1,4504,1,481,0,3761,0,262,1,341,0,2208,1,2549,California
Modoc,2021-04-26,8,4512,1,482,7,3768,0,262,3,339,5,2213,3,2552,California
Modoc,2021-04-27,6,4518,4,486,1,3769,1,263,1,336,5,2218,2,2554,California
Modoc,2021-04-28,5,4523,1,487,3,3772,1,264,1,334,4,2222,2,2556,California
Modoc,2021-04-29,65,4588,2,489,63,3835,0,264,24,317,41,2263,24,2580,California
Modoc,2021-04-30,5,4593,4,493,1,3836,0,264,3,318,2,2265,3,2583,California
Modoc,2021-05-01,1,4594,1,494,0,3836,0,264,0,317,1,2266,0,2583,California
Modoc,2021-05-02,4,4598,3,497,1,3837,0,264,3,319,1,2267,3,2586,California
Modoc,2021-05-03,10,4608,0,497,9,3846,1,265,0,310,10,2277,1,2587,California
Modoc,2021-05-04,11,4619,3,500,6,3852,2,267,5,311,6,2283,7,2594,California
Modoc,2021-05-05,27,4646,24,524,2,3854,1,268,8,301,19,2302,9,2603,California
Modoc,2021-05-06,53,4699,4,528,47,3901,2,270,20,290,33,2335,22,2625,California
Modoc,2021-05-07,7,4706,3,531,2,3903,2,272,1,287,6,2341,3,2628,California
Modoc,2021-05-08,2,4708,1,532,0,3903,1,273,0,286,2,2343,1,2629,California
Modoc,2021-05-09,1,4709,1,533,0,3903,0,273,0,285,1,2344,0,2629,California
Modoc,2021-05-10,1,4710,1,534,0,3903,0,273,0,284,1,2345,0,2629,California
Mono,2020-12-18,1,1,1,1,0,0,0,0,1,1,0,0,1,1,California
Mono,2020-12-19,5,6,5,6,0,0,0,0,5,6,0,0,5,6,California
Mono,2020-12-20,7,13,7,13,0,0,0,0,7,13,0,0,7,13,California
Mono,2020-12-21,24,37,17,30,7,7,0,0,24,37,0,0,24,37,California
Mono,2020-12-22,66,103,65,95,1,8,0,0,66,103,0,0,66,103,California
Mono,2020-12-23,70,173,42,137,28,36,0,0,70,173,0,0,70,173,California
Mono,2020-12-24,3,176,1,138,2,38,0,0,3,176,0,0,3,176,California
Mono,2020-12-26,3,179,3,141,0,38,0,0,3,179,0,0,3,179,California
Mono,2020-12-28,94,273,63,204,31,69,0,0,94,273,0,0,94,273,California
Mono,2020-12-29,29,302,29,233,0,69,0,0,29,302,0,0,29,302,California
Mono,2020-12-30,77,379,36,269,41,110,0,0,77,379,0,0,77,379,California
Mono,2020-12-31,4,383,1,270,3,113,0,0,4,383,0,0,4,383,California
Mono,2021-01-01,4,387,4,274,0,113,0,0,4,387,0,0,4,387,California
Mono,2021-01-02,2,389,2,276,0,113,0,0,2,389,0,0,2,389,California
Mono,2021-01-04,1,390,0,276,1,114,0,0,1,390,0,0,1,390,California
Mono,2021-01-05,45,435,2,278,43,157,0,0,44,433,1,1,44,434,California
Mono,2021-01-06,44,479,0,278,44,201,0,0,44,477,0,1,44,478,California
Mono,2021-01-07,55,534,3,281,52,253,0,0,54,530,1,2,54,532,California
Mono,2021-01-08,2,536,1,282,1,254,0,0,1,530,1,3,1,533,California
Mono,2021-01-09,4,540,4,286,0,254,0,0,0,526,4,7,0,533,California
Mono,2021-01-10,5,545,5,291,0,254,0,0,0,521,5,12,0,533,California
Mono,2021-01-11,8,553,5,296,3,257,0,0,4,521,4,16,4,537,California
Mono,2021-01-12,282,835,75,371,207,464,0,0,218,676,63,79,218,755,California
Mono,2021-01-13,233,1068,73,444,160,624,0,0,178,799,55,134,178,933,California
Mono,2021-01-14,73,1141,71,515,2,626,0,0,73,872,0,134,73,1006,California
Mono,2021-01-15,62,1203,2,517,60,686,0,0,62,934,0,134,62,1068,California
Mono,2021-01-16,4,1207,3,520,1,687,0,0,1,932,3,137,1,1069,California
Mono,2021-01-18,64,1271,55,575,9,696,0,0,2,872,62,199,2,1071,California
Mono,2021-01-19,210,1481,208,783,2,698,0,0,172,1007,38,237,173,1244,California
Mono,2021-01-20,231,1712,199,982,32,730,0,0,170,1116,61,298,170,1414,California
Mono,2021-01-21,3,1715,3,985,0,730,0,0,3,1119,0,298,3,1417,California
Mono,2021-01-22,4,1719,0,985,4,734,0,0,4,1123,0,298,4,1421,California
Mono,2021-01-23,595,2314,595,1580,0,734,0,0,594,1716,1,299,594,2015,California
Mono,2021-01-25,203,2517,165,1745,38,772,0,0,164,1841,39,338,164,2179,California
Mono,2021-01-26,505,3022,503,2248,2,774,0,0,499,2334,6,344,499,2678,California
Mono,2021-01-27,5,3027,1,2249,4,778,0,0,5,2339,0,344,5,2683,California
Mono,2021-01-28,6,3033,2,2251,4,782,0,0,2,2337,4,348,2,2685,California
Mono,2021-01-30,202,3235,200,2451,2,784,0,0,201,2537,1,349,201,2886,California
Mono,2021-01-31,243,3478,138,2589,105,889,0,0,139,2572,104,453,139,3025,California
Mono,2021-02-01,27,3505,27,2616,0,889,0,0,0,2545,27,480,0,3025,California
Mono,2021-02-02,5,3510,0,2616,5,894,0,0,2,2544,3,483,2,3027,California
Mono,2021-02-03,4,3514,2,2618,2,896,0,0,2,2544,2,485,2,3029,California
Mono,2021-02-04,211,3725,158,2776,53,949,0,0,90,2513,121,606,90,3119,California
Mono,2021-02-05,616,4341,610,3386,6,955,0,0,613,3123,3,609,613,3732,California
Mono,2021-02-06,139,4480,138,3524,1,956,0,0,138,3260,1,610,138,3870,California
Mono,2021-02-07,2,4482,0,3524,2,958,0,0,2,3262,0,610,2,3872,California
Mono,2021-02-08,172,4654,172,3696,0,958,0,0,15,3121,156,766,15,3887,California
Mono,2021-02-09,226,4880,6,3702,220,1178,0,0,14,2923,212,978,14,3901,California
Mono,2021-02-10,538,5418,187,3889,351,1529,0,0,195,2776,343,1321,196,4097,California
Mono,2021-02-11,7,5425,4,3893,3,1532,0,0,2,2773,5,1326,2,4099,California
Mono,2021-02-12,84,5509,20,3913,64,1596,0,0,26,2741,58,1384,26,4125,California
Mono,2021-02-13,586,6095,586,4499,0,1596,0,0,25,2206,560,1944,25,4150,California
Mono,2021-02-15,167,6262,165,4664,2,1598,0,0,3,2047,162,2106,3,4153,California
Mono,2021-02-16,516,6778,513,5177,3,1601,0,0,45,1624,468,2574,45,4198,California
Mono,2021-02-17,6,6784,1,5178,5,1606,0,0,1,1620,5,2579,1,4199,California
Mono,2021-02-18,3,6787,2,5180,1,1607,0,0,2,1621,1,2580,2,4201,California
Mono,2021-02-19,54,6841,53,5233,1,1608,0,0,54,1675,0,2580,54,4255,California
Mono,2021-02-20,4,6845,4,5237,0,1608,0,0,4,1679,0,2580,4,4259,California
Mono,2021-02-21,5,6850,5,5242,0,1608,0,0,3,1680,2,2582,3,4262,California
Mono,2021-02-22,285,7135,284,5526,1,1609,0,0,24,1444,260,2842,24,4286,California
Mono,2021-02-23,135,7270,115,5641,20,1629,0,0,22,1353,113,2955,22,4308,California
Mono,2021-02-24,8,7278,3,5644,5,1634,0,0,2,1349,6,2961,2,4310,California
Mono,2021-02-25,5,7283,2,5646,3,1637,0,0,3,1351,1,2962,3,4313,California
Mono,2021-02-26,597,7880,595,6241,2,1639,0,0,21,797,575,3537,21,4334,California
Mono,2021-02-27,141,8021,137,6378,4,1643,0,0,4,666,135,3672,4,4338,California
Mono,2021-03-01,2,8023,2,6380,0,1643,0,0,1,667,0,3672,1,4339,California
Mono,2021-03-02,5,8028,3,6383,2,1645,0,0,3,668,2,3674,3,4342,California
Mono,2021-03-03,82,8110,2,6385,80,1725,0,0,79,745,2,3676,79,4421,California
Mono,2021-03-04,5,8115,1,6386,4,1729,0,0,3,746,2,3678,3,4424,California
Mono,2021-03-05,37,8152,27,6413,10,1739,0,0,14,737,23,3701,14,4438,California
Mono,2021-03-06,508,8660,17,6430,491,2230,0,0,500,1232,6,3707,501,4939,California
Mono,2021-03-07,1,8661,0,6430,1,2231,0,0,0,1231,1,3708,0,4939,California
Mono,2021-03-08,539,9200,11,6441,525,2756,3,3,530,1755,9,3717,533,5472,California
Mono,2021-03-09,6,9206,2,6443,3,2759,1,4,3,1757,2,3719,4,5476,California
Mono,2021-03-10,286,9492,90,6533,193,2952,3,7,9,1494,275,3994,12,5488,California
Mono,2021-03-11,10,9502,0,6533,1,2953,9,16,0,1493,10,4004,9,5497,California
Mono,2021-03-12,7,9509,1,6534,1,2954,5,21,0,1491,7,4011,5,5502,California
Mono,2021-03-13,823,10332,386,6920,437,3391,0,21,815,2298,8,4019,815,6317,California
Mono,2021-03-14,4,10336,4,6924,0,3391,0,21,1,2296,3,4022,1,6318,California
Mono,2021-03-15,29,10365,23,6947,1,3392,5,26,12,2297,16,4038,17,6335,California
Mono,2021-03-16,16,10381,6,6953,4,3396,6,32,8,2303,8,4046,14,6349,California
Mono,2021-03-17,34,10415,5,6958,21,3417,8,40,22,2321,12,4058,30,6379,California
Mono,2021-03-18,21,10436,2,6960,11,3428,8,48,9,2326,12,4070,17,6396,California
Mono,2021-03-19,21,10457,1,6961,17,3445,3,51,17,2343,3,4073,20,6416,California
Mono,2021-03-20,5,10462,3,6964,1,3446,1,52,4,2347,1,4074,5,6421,California
Mono,2021-03-21,1,10463,1,6965,0,3446,0,52,1,2348,0,4074,1,6422,California
Mono,2021-03-22,11,10474,0,6965,6,3452,5,57,5,2352,6,4080,10,6432,California
Mono,2021-03-23,41,10515,5,6970,31,3483,5,62,18,2352,23,4103,23,6455,California
Mono,2021-03-24,11,10526,1,6971,5,3488,5,67,5,2356,6,4109,10,6465,California
Mono,2021-03-25,19,10545,3,6974,12,3500,4,71,12,2365,7,4116,16,6481,California
Mono,2021-03-26,19,10564,3,6977,11,3511,5,76,10,2372,8,4124,15,6496,California
Mono,2021-03-27,350,10914,347,7324,3,3514,0,76,324,2670,26,4150,324,6820,California
Mono,2021-03-28,1,10915,1,7325,0,3514,0,76,1,2671,0,4150,1,6821,California
Mono,2021-03-29,10,10925,3,7328,6,3520,1,77,8,2678,2,4152,9,6830,California
Mono,2021-03-30,12,10937,0,7328,8,3528,4,81,7,2684,5,4157,11,6841,California
Mono,2021-03-31,126,11063,7,7335,118,3646,1,82,47,2654,78,4235,48,6889,California
Mono,2021-04-01,8,11071,0,7335,7,3653,1,83,3,2653,5,4240,4,6893,California
Mono,2021-04-02,18,11089,2,7337,16,3669,0,83,7,2649,11,4251,7,6900,California
Mono,2021-04-03,846,11935,365,7702,481,4150,0,83,34,1873,810,5061,34,6934,California
Mono,2021-04-05,529,12464,17,7719,511,4661,1,84,30,1406,498,5559,31,6965,California
Mono,2021-04-06,20,12484,2,7721,5,4666,13,97,2,1403,18,5577,15,6980,California
Mono,2021-04-07,25,12509,3,7724,3,4669,19,116,4,1405,21,5598,23,7003,California
Mono,2021-04-08,22,12531,3,7727,2,4671,17,133,4,1408,18,5616,21,7024,California
Mono,2021-04-09,37,12568,4,7731,4,4675,29,162,7,1414,30,5646,36,7060,California
Mono,2021-04-10,446,13014,2,7733,437,5112,7,169,28,1031,418,6064,35,7095,California
Mono,2021-04-11,1,13015,1,7734,0,5112,0,169,0,1030,1,6065,0,7095,California
Mono,2021-04-12,6,13021,0,7734,3,5115,3,172,3,1033,3,6068,6,7101,California
Mono,2021-04-13,18,13039,2,7736,15,5130,1,173,12,1040,6,6074,13,7114,California
Mono,2021-04-14,26,13065,1,7737,25,5155,0,173,7,1028,19,6093,7,7121,California
Mono,2021-04-15,18,13083,3,7740,15,5170,0,173,9,1028,9,6102,9,7130,California
Mono,2021-04-16,14,13097,1,7741,13,5183,0,173,5,1024,9,6111,5,7135,California
Mono,2021-04-17,51,13148,2,7743,49,5232,0,173,44,1061,7,6118,44,7179,California
Mono,2021-04-18,2,13150,1,7744,1,5233,0,173,2,1063,0,6118,2,7181,California
Mono,2021-04-19,527,13677,319,8063,208,5441,0,173,201,940,324,6442,201,7382,California
Mono,2021-04-20,17,13694,2,8065,15,5456,0,173,12,947,5,6447,12,7394,California
Mono,2021-04-21,9,13703,1,8066,8,5464,0,173,4,946,5,6452,4,7398,California
Mono,2021-04-22,27,13730,13,8079,14,5478,0,173,13,945,14,6466,13,7411,California
Mono,2021-04-23,21,13751,2,8081,19,5497,0,173,11,946,10,6476,11,7422,California
Mono,2021-04-24,34,13785,20,8101,14,5511,0,173,19,950,15,6491,19,7441,California
Mono,2021-04-25,3,13788,2,8103,1,5512,0,173,3,953,0,6491,3,7444,California
Mono,2021-04-26,8,13796,1,8104,7,5519,0,173,2,949,6,6497,2,7446,California
Mono,2021-04-27,63,13859,40,8144,18,5537,5,178,49,989,14,6511,54,7500,California
Mono,2021-04-28,63,13922,41,8185,18,5555,4,182,48,1028,13,6524,52,7552,California
Mono,2021-04-29,8,13930,1,8186,4,5559,3,185,2,1027,6,6530,5,7557,California
Mono,2021-04-30,15,13945,3,8189,9,5568,3,188,8,1031,7,6537,11,7568,California
Mono,2021-05-01,110,14055,4,8193,106,5674,0,188,98,1117,12,6549,98,7666,California
Mono,2021-05-03,2,14057,0,8193,1,5675,1,189,0,1116,2,6551,1,7667,California
Mono,2021-05-04,23,14080,1,8194,16,5691,6,195,14,1127,9,6560,20,7687,California
Mono,2021-05-05,52,14132,8,8202,41,5732,3,198,45,1168,7,6567,48,7735,California
Mono,2021-05-06,13,14145,4,8206,8,5740,1,199,8,1172,5,6572,9,7744,California
Mono,2021-05-07,28,14173,22,8228,6,5746,0,199,24,1192,4,6576,24,7768,California
Mono,2021-05-08,50,14223,5,8233,45,5791,0,199,21,1184,29,6605,21,7789,California
Mono,2021-05-09,4,14227,1,8234,3,5794,0,199,4,1188,0,6605,4,7793,California
Mono,2021-05-10,2,14229,0,8234,2,5796,0,199,2,1190,0,6605,2,7795,California
Monterey,2020-12-16,4,4,4,4,0,0,0,0,4,4,0,0,4,4,California
Monterey,2020-12-17,83,87,83,87,0,0,0,0,83,87,0,0,83,87,California
Monterey,2020-12-18,482,569,482,569,0,0,0,0,482,569,0,0,482,569,California
Monterey,2020-12-19,581,1150,581,1150,0,0,0,0,581,1150,0,0,581,1150,California
Monterey,2020-12-20,422,1572,422,1572,0,0,0,0,422,1572,0,0,422,1572,California
Monterey,2020-12-21,719,2291,719,2291,0,0,0,0,719,2291,0,0,719,2291,California
Monterey,2020-12-22,533,2824,520,2811,13,13,0,0,533,2824,0,0,533,2824,California
Monterey,2020-12-23,437,3261,262,3073,175,188,0,0,437,3261,0,0,437,3261,California
Monterey,2020-12-24,84,3345,10,3083,74,262,0,0,84,3345,0,0,84,3345,California
Monterey,2020-12-25,6,3351,0,3083,6,268,0,0,6,3351,0,0,6,3351,California
Monterey,2020-12-26,92,3443,5,3088,87,355,0,0,92,3443,0,0,92,3443,California
Monterey,2020-12-27,7,3450,4,3092,3,358,0,0,7,3450,0,0,7,3450,California
Monterey,2020-12-28,475,3925,25,3117,450,808,0,0,475,3925,0,0,475,3925,California
Monterey,2020-12-29,898,4823,167,3284,731,1539,0,0,898,4823,0,0,898,4823,California
Monterey,2020-12-30,568,5391,98,3382,470,2009,0,0,568,5391,0,0,568,5391,California
Monterey,2020-12-31,33,5424,11,3393,22,2031,0,0,33,5424,0,0,33,5424,California
Monterey,2021-01-01,12,5436,2,3395,10,2041,0,0,12,5436,0,0,12,5436,California
Monterey,2021-01-02,137,5573,134,3529,3,2044,0,0,137,5573,0,0,137,5573,California
Monterey,2021-01-03,30,5603,29,3558,1,2045,0,0,30,5603,0,0,30,5603,California
Monterey,2021-01-04,411,6014,18,3576,393,2438,0,0,411,6014,0,0,411,6014,California
Monterey,2021-01-05,752,6766,327,3903,425,2863,0,0,738,6738,14,14,738,6752,California
Monterey,2021-01-06,656,7422,172,4075,484,3347,0,0,634,7350,22,36,634,7386,California
Monterey,2021-01-07,746,8168,572,4647,174,3521,0,0,422,7450,322,358,422,7808,California
Monterey,2021-01-08,1087,9255,734,5381,353,3874,0,0,394,7151,693,1051,394,8202,California
Monterey,2021-01-09,965,10220,937,6318,28,3902,0,0,313,6812,652,1703,313,8515,California
Monterey,2021-01-10,274,10494,271,6589,3,3905,0,0,9,6556,265,1968,9,8524,California
Monterey,2021-01-11,1065,11559,985,7574,80,3985,0,0,362,6215,703,2671,362,8886,California
Monterey,2021-01-12,464,12023,387,7961,77,4062,0,0,203,6157,261,2932,203,9089,California
Monterey,2021-01-13,1217,13240,593,8554,624,4686,0,0,1171,7282,46,2978,1171,10260,California
Monterey,2021-01-14,1119,14359,165,8719,954,5640,0,0,1101,8368,18,2996,1104,11364,California
Monterey,2021-01-15,1045,15404,44,8763,1001,6641,0,0,1032,9387,13,3009,1032,12396,California
Monterey,2021-01-16,363,15767,300,9063,63,6704,0,0,358,9740,5,3014,358,12754,California
Monterey,2021-01-17,309,16076,288,9351,21,6725,0,0,296,10023,13,3027,296,13050,California
Monterey,2021-01-18,401,16477,50,9401,351,7076,0,0,380,10382,21,3048,380,13430,California
Monterey,2021-01-19,578,17055,396,9797,182,7258,0,0,419,10644,157,3205,419,13849,California
Monterey,2021-01-20,532,17587,270,10067,262,7520,0,0,326,10764,206,3411,326,14175,California
Monterey,2021-01-21,840,18427,92,10159,748,8268,0,0,730,11388,110,3521,734,14909,California
Monterey,2021-01-22,1050,19477,193,10352,857,9125,0,0,1011,12360,39,3560,1011,15920,California
Monterey,2021-01-23,240,19717,174,10526,66,9191,0,0,117,12356,122,3682,118,16038,California
Monterey,2021-01-24,56,19773,38,10564,18,9209,0,0,22,12344,34,3716,22,16060,California
Monterey,2021-01-25,782,20555,173,10737,609,9818,0,0,157,11883,618,4334,157,16217,California
Monterey,2021-01-26,928,21483,224,10961,704,10522,0,0,236,11427,692,5026,236,16453,California
Monterey,2021-01-27,857,22340,308,11269,549,11071,0,0,378,11326,479,5505,378,16831,California
Monterey,2021-01-28,2021,24361,737,12006,1284,12355,0,0,1681,12669,340,5845,1683,18514,California
Monterey,2021-01-29,1229,25590,707,12713,522,12877,0,0,1112,13666,116,5961,1113,19627,California
Monterey,2021-01-30,442,26032,295,13008,147,13024,0,0,185,13594,257,6218,185,19812,California
Monterey,2021-01-31,493,26525,71,13079,422,13446,0,0,483,14068,10,6228,484,20296,California
Monterey,2021-02-01,1651,28176,1139,14218,512,13958,0,0,1088,14594,562,6790,1088,21384,California
Monterey,2021-02-02,2160,30336,463,14681,1697,15655,0,0,1553,15541,606,7396,1553,22937,California
Monterey,2021-02-03,2327,32663,1045,15726,1282,16937,0,0,1552,16322,771,8167,1552,24489,California
Monterey,2021-02-04,2771,35434,2087,17813,684,17621,0,0,2462,18477,307,8474,2462,26951,California
Monterey,2021-02-05,3640,39074,2819,20632,821,18442,0,0,3206,21254,429,8903,3206,30157,California
Monterey,2021-02-06,1096,40170,379,21011,717,19159,0,0,754,21668,340,9243,754,30911,California
Monterey,2021-02-07,315,40485,270,21281,45,19204,0,0,96,21545,219,9462,96,31007,California
Monterey,2021-02-08,515,41000,290,21571,225,19429,0,0,426,21882,89,9551,426,31433,California
Monterey,2021-02-09,862,41862,674,22245,188,19617,0,0,552,22126,310,9861,554,31987,California
Monterey,2021-02-10,2083,43945,1113,23358,970,20587,0,0,1233,22510,850,10711,1234,33221,California
Monterey,2021-02-11,2498,46443,970,24328,1528,22115,0,0,1544,23104,952,11663,1546,34767,California
Monterey,2021-02-12,2586,49029,428,24756,2158,24273,0,0,1518,23556,1067,12730,1519,36286,California
Monterey,2021-02-13,1068,50097,50,24806,1018,25291,0,0,977,24442,91,12821,977,37263,California
Monterey,2021-02-14,591,50688,73,24879,518,25809,0,0,518,24887,73,12894,518,37781,California
Monterey,2021-02-15,1367,52055,160,25039,1207,27016,0,0,982,25487,383,13277,983,38764,California
Monterey,2021-02-16,1090,53145,244,25283,846,27862,0,0,866,26129,224,13501,866,39630,California
Monterey,2021-02-17,1937,55082,1164,26447,773,28635,0,0,1639,27474,296,13797,1641,41271,California
Monterey,2021-02-18,2226,57308,1177,27624,1049,29684,0,0,909,27082,1303,15100,911,42182,California
Monterey,2021-02-19,2938,60246,1534,29158,1404,31088,0,0,1346,26838,1591,16691,1347,43529,California
Monterey,2021-02-20,1007,61253,607,29765,400,31488,0,0,952,27736,54,16745,952,44481,California
Monterey,2021-02-21,1240,62493,1212,30977,28,31516,0,0,1170,28838,68,16813,1170,45651,California
Monterey,2021-02-22,976,63469,843,31820,133,31649,0,0,643,29150,331,17144,643,46294,California
Monterey,2021-02-23,953,64422,621,32441,332,31981,0,0,302,28803,650,17794,303,46597,California
Monterey,2021-02-24,2463,66885,1315,33756,1148,33129,0,0,1851,30048,607,18401,1852,48449,California
Monterey,2021-02-25,4401,71286,2411,36167,1990,35119,0,0,1471,28597,2923,21324,1472,49921,California
Monterey,2021-02-26,5246,76532,3080,39247,2166,37285,0,0,2625,28605,2618,23942,2626,52547,California
Monterey,2021-02-27,996,77528,182,39429,814,38099,0,0,805,29224,186,24128,805,53352,California
Monterey,2021-02-28,1528,79056,81,39510,1447,39546,0,0,1066,29833,457,24585,1066,54418,California
Monterey,2021-03-01,1281,80337,139,39649,1139,40685,3,3,744,30048,533,25118,748,55166,California
Monterey,2021-03-02,2730,83067,1721,41370,1009,41694,0,3,1878,31078,848,25966,1878,57044,California
Monterey,2021-03-03,3199,86266,1241,42611,1958,43652,0,3,1261,30404,1936,27902,1262,58306,California
Monterey,2021-03-04,4550,90816,1468,44079,3082,46734,0,3,2951,31760,1595,29497,2951,61257,California
Monterey,2021-03-05,3589,94405,1623,45702,1689,48423,277,280,2957,34363,631,30128,3234,64491,California
Monterey,2021-03-06,5035,99440,1067,46769,3665,52088,303,583,4131,37894,901,31029,4432,68923,California
Monterey,2021-03-07,520,99960,108,46877,167,52255,245,828,233,38083,287,31316,476,69399,California
Monterey,2021-03-08,1658,101618,326,47203,943,53198,389,1217,1119,39050,539,31855,1506,70905,California
Monterey,2021-03-09,1906,103524,678,47881,952,54150,276,1493,1417,40253,488,32343,1691,72596,California
Monterey,2021-03-10,3122,106646,1022,48903,1612,55762,488,1981,1418,40460,1698,34041,1905,74501,California
Monterey,2021-03-11,4102,110748,1403,50306,2326,58088,373,2354,2342,41422,1753,35794,2715,77216,California
Monterey,2021-03-12,4317,115065,2047,52353,2135,60223,135,2489,2634,42510,1680,37474,2768,79984,California
Monterey,2021-03-13,5241,120306,960,53313,3934,64157,347,2836,3934,45485,1307,38781,4282,84266,California
Monterey,2021-03-14,2147,122453,1325,54638,797,64954,25,2861,576,44527,1559,40340,601,84867,California
Monterey,2021-03-15,3939,126392,1265,55903,2385,67339,289,3150,2254,45388,1681,42021,2542,87409,California
Monterey,2021-03-16,3491,129883,573,56476,2543,69882,375,3525,2080,46429,1410,43431,2451,89860,California
Monterey,2021-03-17,5706,135589,2336,58812,3117,72999,253,3778,4111,49210,1588,45019,4369,94229,California
Monterey,2021-03-18,4353,139942,2153,60965,2033,75032,167,3945,2999,51066,1348,46367,3204,97433,California
Monterey,2021-03-19,5391,145333,2557,63522,2691,77723,143,4088,4118,54060,1268,47635,4262,101695,California
Monterey,2021-03-20,3310,148643,420,63942,2195,79918,695,4783,2232,55912,1075,48710,2927,104622,California
Monterey,2021-03-21,624,149267,201,64143,415,80333,8,4791,557,56411,65,48775,564,105186,California
Monterey,2021-03-22,2459,151726,1434,65577,963,81296,62,4853,2250,58516,205,48980,2310,107496,California
Monterey,2021-03-23,3972,155698,2350,67927,1579,82875,43,4896,2517,59625,1450,50430,2559,110055,California
Monterey,2021-03-24,4985,160683,2088,70015,2588,85463,309,5205,3630,62211,1351,51781,3937,113992,California
Monterey,2021-03-25,5211,165894,1210,71225,3644,89107,357,5562,2587,62540,2617,54398,2946,116938,California
Monterey,2021-03-26,5293,171187,2603,73828,2624,91731,66,5628,2654,62632,2630,57028,2722,119660,California
Monterey,2021-03-27,4761,175948,1419,75247,3086,94817,256,5884,3050,64230,1708,58736,3306,122966,California
Monterey,2021-03-28,1106,177054,333,75580,764,95581,9,5893,623,64384,478,59214,632,123598,California
Monterey,2021-03-29,3168,180222,1404,76984,1750,97331,14,5907,1952,65144,1209,60423,1969,125567,California
Monterey,2021-03-30,4437,184659,2131,79115,2263,99594,43,5950,2751,66266,1676,62099,2798,128365,California
Monterey,2021-03-31,5286,189945,2378,81493,2119,101713,789,6739,3340,68443,1943,64042,4120,132485,California
Monterey,2021-04-01,6018,195963,2059,83552,3552,105265,407,7146,3011,68864,2993,67035,3414,135899,California
Monterey,2021-04-02,4666,200629,2241,85793,2364,107629,61,7207,3170,70603,1495,68530,3234,139133,California
Monterey,2021-04-03,5767,206396,1106,86899,3640,111269,1021,8228,1182,68232,4569,73099,2198,141331,California
Monterey,2021-04-04,753,207149,156,87055,583,111852,14,8242,485,68465,268,73367,501,141832,California
Monterey,2021-04-05,3972,211121,2464,89519,1280,113132,228,8470,1462,67649,2505,75872,1689,143521,California
Monterey,2021-04-06,3340,214461,1321,90840,1548,114680,471,8941,1119,67018,2219,78091,1588,145109,California
Monterey,2021-04-07,5485,219946,1366,92206,3608,118288,511,9452,2644,67339,2830,80921,3151,148260,California
Monterey,2021-04-08,6466,226412,3447,95653,2217,120505,802,10254,3168,68018,3292,84213,3971,152231,California
Monterey,2021-04-09,5501,231913,3350,99003,1520,122025,631,10885,2218,67586,3280,87493,2848,155079,California
Monterey,2021-04-10,10012,241925,4872,103875,2993,125018,2147,13032,4888,69502,5116,92609,7032,162111,California
Monterey,2021-04-11,5413,247338,4246,108121,566,125584,601,13633,4371,73435,1036,93645,4969,167080,California
Monterey,2021-04-12,4055,251393,1843,109964,1902,127486,310,13943,905,71638,3012,96657,1215,168295,California
Monterey,2021-04-13,3120,254513,717,110681,2398,129884,5,13948,1492,71529,1607,98264,1498,169793,California
Monterey,2021-04-14,6560,261073,3110,113791,3448,133332,2,13950,1796,68576,4751,103015,1798,171591,California
Monterey,2021-04-15,5740,266813,3885,117676,1855,135187,0,13950,3824,70514,1886,104901,3824,175415,California
Monterey,2021-04-16,4663,271476,2390,120066,2259,137446,14,13964,2173,70222,2479,107380,2187,177602,California
Monterey,2021-04-17,5505,276981,1339,121405,4166,141612,0,13964,3683,72097,1808,109188,3683,181285,California
Monterey,2021-04-18,834,277815,253,121658,581,142193,0,13964,235,71737,595,109783,235,181520,California
Monterey,2021-04-19,3666,281481,1283,122941,2383,144576,0,13964,1751,71581,1907,111690,1751,183271,California
Monterey,2021-04-20,3749,285230,1568,124509,2181,146757,0,13964,1544,70942,2184,113874,1545,184816,California
Monterey,2021-04-21,5775,291005,3151,127660,2624,149381,0,13964,2832,70868,2908,116782,2834,187650,California
Monterey,2021-04-22,4690,295695,1007,128667,3683,153064,0,13964,1946,70107,2707,119489,1946,189596,California
Monterey,2021-04-23,5621,301316,2625,131292,2995,156059,1,13965,2208,68924,3395,122884,2212,191808,California
Monterey,2021-04-24,4131,305447,582,131874,3549,159608,0,13965,1530,67884,2570,125454,1530,193338,California
Monterey,2021-04-25,1230,306677,602,132476,628,160236,0,13965,786,68235,435,125889,786,194124,California
Monterey,2021-04-26,3401,310078,2143,134619,1241,161477,17,13982,858,66592,2518,128407,875,194999,California
Monterey,2021-04-27,2499,312577,864,135483,1518,162995,117,14099,1091,66397,1402,129809,1207,196206,California
Monterey,2021-04-28,3491,316068,1356,136839,1997,164992,138,14237,2170,67394,1308,131117,2305,198511,California
Monterey,2021-04-29,4376,320444,2404,139243,1896,166888,76,14313,1631,66367,2735,133852,1708,200219,California
Monterey,2021-04-30,3074,323518,1653,140896,1345,168233,76,14389,760,64895,2306,136158,834,201053,California
Monterey,2021-05-01,5603,329121,4229,145125,1334,169567,40,14429,680,60705,4908,141066,718,201771,California
Monterey,2021-05-02,4349,333470,3925,149050,397,169964,27,14456,325,57045,4012,145078,352,202123,California
Monterey,2021-05-03,2520,335990,1564,150614,839,170803,117,14573,582,55817,1927,147005,699,202822,California
Monterey,2021-05-04,1721,337711,589,151203,1043,171846,89,14662,623,55446,1084,148089,713,203535,California
Monterey,2021-05-05,3174,340885,1181,152384,1908,173754,85,14747,1021,54410,2142,150231,1106,204641,California
Monterey,2021-05-06,4042,344927,2692,155076,1139,174893,211,14958,1100,52792,2929,153160,1311,205952,California
Monterey,2021-05-07,1892,346819,925,156001,873,175766,94,15052,679,52357,1206,154366,771,206723,California
Monterey,2021-05-08,2212,349031,1333,157334,618,176384,261,15313,752,51916,1451,155817,1010,207733,California
Monterey,2021-05-09,382,349413,110,157444,247,176631,25,15338,132,51824,249,156066,157,207890,California
Monterey,2021-05-10,2024,351437,1684,159128,324,176955,16,15354,162,50147,1856,157922,179,208069,California
Napa,2020-12-16,12,12,12,12,0,0,0,0,12,12,0,0,12,12,California
Napa,2020-12-17,44,56,44,56,0,0,0,0,44,56,0,0,44,56,California
Napa,2020-12-18,101,157,101,157,0,0,0,0,101,157,0,0,101,157,California
Napa,2020-12-19,221,378,221,378,0,0,0,0,221,378,0,0,221,378,California
Napa,2020-12-20,189,567,189,567,0,0,0,0,189,567,0,0,189,567,California
Napa,2020-12-21,311,878,311,878,0,0,0,0,312,879,0,0,312,879,California
Napa,2020-12-22,340,1218,331,1209,9,9,0,0,340,1219,0,0,340,1219,California
Napa,2020-12-23,428,1646,318,1527,110,119,0,0,428,1647,0,0,428,1647,California
Napa,2020-12-24,139,1785,78,1605,61,180,0,0,139,1786,0,0,139,1786,California
Napa,2020-12-25,1,1786,1,1606,0,180,0,0,1,1787,0,0,1,1787,California
Napa,2020-12-26,39,1825,11,1617,28,208,0,0,39,1826,0,0,39,1826,California
Napa,2020-12-27,32,1857,16,1633,16,224,0,0,32,1858,0,0,32,1858,California
Napa,2020-12-28,251,2108,185,1818,66,290,0,0,280,2138,0,0,280,2138,California
Napa,2020-12-29,273,2381,214,2032,59,349,0,0,307,2445,0,0,307,2445,California
Napa,2020-12-30,628,3009,485,2517,143,492,0,0,636,3081,0,0,636,3081,California
Napa,2020-12-31,459,3468,371,2888,88,580,0,0,459,3540,0,0,459,3540,California
Napa,2021-01-01,1,3469,1,2889,0,580,0,0,1,3541,0,0,1,3541,California
Napa,2021-01-02,98,3567,93,2982,5,585,0,0,98,3639,0,0,98,3639,California
Napa,2021-01-03,13,3580,11,2993,2,587,0,0,9,3648,0,0,9,3648,California
Napa,2021-01-04,106,3686,64,3057,42,629,0,0,106,3754,0,0,106,3754,California
Napa,2021-01-05,162,3848,85,3142,77,706,0,0,145,3875,24,24,145,3899,California
Napa,2021-01-06,460,4308,115,3257,345,1051,0,0,396,4209,62,86,396,4295,California
Napa,2021-01-07,499,4807,235,3492,264,1315,0,0,398,4507,100,186,398,4693,California
Napa,2021-01-08,443,5250,227,3719,216,1531,0,0,262,4589,180,366,262,4955,California
Napa,2021-01-09,325,5575,300,4019,25,1556,0,0,189,4642,136,502,189,5144,California
Napa,2021-01-10,186,5761,103,4122,83,1639,0,0,109,4674,77,579,109,5253,California
Napa,2021-01-11,883,6644,426,4548,457,2096,0,0,510,4812,374,953,512,5765,California
Napa,2021-01-12,1312,7956,370,4918,942,3038,0,0,997,5494,315,1268,997,6762,California
Napa,2021-01-13,1311,9267,264,5182,1047,4085,0,0,1149,6483,161,1429,1150,7912,California
Napa,2021-01-14,1053,10320,173,5355,880,4965,0,0,935,7302,116,1545,935,8847,California
Napa,2021-01-15,1456,11776,384,5739,1072,6037,0,0,1308,8455,156,1701,1309,10156,California
Napa,2021-01-16,357,12133,134,5873,223,6260,0,0,339,8776,18,1719,339,10495,California
Napa,2021-01-17,341,12474,176,6049,165,6425,0,0,331,9097,10,1729,331,10826,California
Napa,2021-01-18,1081,13555,197,6246,884,7309,0,0,990,9996,91,1820,990,11816,California
Napa,2021-01-19,1009,14564,404,6650,605,7914,0,0,768,10524,240,2060,768,12584,California
Napa,2021-01-20,826,15390,185,6835,641,8555,0,0,643,10986,181,2241,643,13227,California
Napa,2021-01-21,1336,16726,374,7209,962,9517,0,0,1081,11814,254,2495,1082,14309,California
Napa,2021-01-22,1541,18267,412,7621,1129,10646,0,0,1214,12703,326,2821,1215,15524,California
Napa,2021-01-23,398,18665,318,7939,80,10726,0,0,336,12977,62,2883,336,15860,California
Napa,2021-01-24,265,18930,188,8127,77,10803,0,0,208,13128,57,2940,208,16068,California
Napa,2021-01-25,1521,20451,231,8358,1290,12093,0,0,1431,14469,90,3030,1431,17499,California
Napa,2021-01-26,882,21333,286,8644,596,12689,0,0,788,15164,94,3124,789,18288,California
Napa,2021-01-27,627,21960,221,8865,406,13095,0,0,471,15480,156,3280,472,18760,California
Napa,2021-01-28,389,22349,176,9041,213,13308,0,0,197,15487,190,3470,197,18957,California
Napa,2021-01-29,256,22605,65,9106,191,13499,0,0,161,15553,95,3565,161,19118,California
Napa,2021-01-30,804,23409,695,9801,109,13608,0,0,640,16029,164,3729,640,19758,California
Napa,2021-01-31,656,24065,625,10426,31,13639,0,0,630,16633,26,3755,630,20388,California
Napa,2021-02-01,315,24380,110,10536,205,13844,0,0,163,16644,152,3907,163,20551,California
Napa,2021-02-02,608,24988,281,10817,327,14171,0,0,298,16635,307,4214,298,20849,California
Napa,2021-02-03,746,25734,310,11127,436,14607,0,0,431,16752,314,4528,431,21280,California
Napa,2021-02-04,789,26523,373,11500,416,15023,0,0,441,16847,346,4874,441,21721,California
Napa,2021-02-05,711,27234,311,11811,400,15423,0,0,343,16822,368,5242,343,22064,California
Napa,2021-02-06,434,27668,146,11957,288,15711,0,0,328,17044,106,5348,328,22392,California
Napa,2021-02-07,176,27844,163,12120,13,15724,0,0,71,17010,105,5453,71,22463,California
Napa,2021-02-08,837,28681,191,12311,646,16370,0,0,274,16724,560,6013,274,22737,California
Napa,2021-02-09,1079,29760,444,12755,635,17005,0,0,438,16521,641,6654,438,23175,California
Napa,2021-02-10,1719,31479,193,12948,1526,18531,0,0,452,15710,1264,7918,453,23628,California
Napa,2021-02-11,1495,32974,195,13143,1300,19831,0,0,407,15042,1075,8993,407,24035,California
Napa,2021-02-12,2165,35139,842,13985,1323,21154,0,0,725,14330,1437,10430,725,24760,California
Napa,2021-02-13,499,35638,52,14037,447,21601,0,0,313,14457,186,10616,313,25073,California
Napa,2021-02-14,356,35994,89,14126,267,21868,0,0,194,14489,162,10778,194,25267,California
Napa,2021-02-15,876,36870,183,14309,693,22561,0,0,221,14057,653,11431,221,25488,California
Napa,2021-02-16,1288,38158,597,14906,691,23252,0,0,612,13994,675,12106,612,26100,California
Napa,2021-02-17,1050,39208,533,15439,517,23769,0,0,480,13906,568,12674,480,26580,California
Napa,2021-02-18,1901,41109,485,15924,1416,25185,0,0,659,13326,1239,13913,659,27239,California
Napa,2021-02-19,1483,42592,588,16512,895,26080,0,0,677,13198,805,14718,677,27916,California
Napa,2021-02-20,823,43415,597,17109,226,26306,0,0,275,12925,548,15266,275,28191,California
Napa,2021-02-21,799,44214,736,17845,63,26369,0,0,197,12520,602,15868,197,28388,California
Napa,2021-02-22,444,44658,187,18032,257,26626,0,0,138,12352,306,16174,138,28526,California
Napa,2021-02-23,1125,45783,301,18333,824,27450,0,0,308,11843,817,16991,308,28834,California
Napa,2021-02-24,1164,46947,644,18977,520,27970,0,0,576,11833,586,17577,576,29410,California
Napa,2021-02-25,2553,49500,1222,20199,1331,29301,0,0,1843,12967,709,18286,1843,31253,California
Napa,2021-02-26,1508,51008,529,20728,979,30280,0,0,594,12649,912,19198,594,31847,California
Napa,2021-02-27,1119,52127,379,21107,740,31020,0,0,867,13266,250,19448,867,32714,California
Napa,2021-02-28,560,52687,459,21566,101,31121,0,0,461,13630,97,19545,461,33175,California
Napa,2021-03-01,1102,53789,816,22382,286,31407,0,0,832,14193,269,19814,832,34007,California
Napa,2021-03-02,1484,55273,1025,23407,459,31866,0,0,1142,14994,341,20155,1142,35149,California
Napa,2021-03-03,1554,56827,690,24097,864,32730,0,0,1370,16181,183,20338,1370,36519,California
Napa,2021-03-04,1708,58535,784,24881,924,33654,0,0,1470,17416,235,20573,1470,37989,California
Napa,2021-03-05,1895,60430,788,25669,1103,34757,4,4,1476,18479,417,20990,1480,39469,California
Napa,2021-03-06,648,61078,281,25950,336,35093,31,35,535,18934,111,21101,566,40035,California
Napa,2021-03-07,520,61598,318,26268,187,35280,15,50,370,19169,150,21251,385,40420,California
Napa,2021-03-08,706,62304,330,26598,323,35603,53,103,529,19576,175,21426,582,41002,California
Napa,2021-03-09,1633,63937,571,27169,1016,36619,46,149,1201,20394,429,21855,1247,42249,California
Napa,2021-03-10,1479,65416,917,28086,468,37087,94,243,777,20566,698,22553,870,43119,California
Napa,2021-03-11,1875,67291,1058,29144,688,37775,129,372,984,20788,891,23444,1113,44232,California
Napa,2021-03-12,1505,68796,914,30058,495,38270,96,468,801,20982,702,24146,896,45128,California
Napa,2021-03-13,1165,69961,300,30358,840,39110,25,493,827,21498,336,24482,852,45980,California
Napa,2021-03-14,613,70574,331,30689,134,39244,148,641,229,21491,383,24865,376,46356,California
Napa,2021-03-15,949,71523,408,31097,472,39716,69,710,480,21573,467,25332,549,46905,California
Napa,2021-03-16,1838,73361,388,31485,1324,41040,126,836,1377,22620,457,25789,1504,48409,California
Napa,2021-03-17,2498,75859,1849,33334,470,41510,179,1015,1588,23477,910,26699,1767,50176,California
Napa,2021-03-18,2105,77964,918,34252,1177,42687,10,1025,1283,23950,820,27519,1293,51469,California
Napa,2021-03-19,1444,79408,872,35124,544,43231,28,1053,711,23959,730,28249,739,52208,California
Napa,2021-03-20,1005,80413,529,35653,323,43554,153,1206,431,23970,573,28822,584,52792,California
Napa,2021-03-21,701,81114,680,36333,19,43573,2,1208,349,23970,351,29173,351,53143,California
Napa,2021-03-22,1291,82405,1115,37448,165,43738,11,1219,490,23675,796,29969,501,53644,California
Napa,2021-03-23,1516,83921,825,38273,674,44412,17,1236,1001,24181,512,30481,1018,54662,California
Napa,2021-03-24,1706,85627,945,39218,752,45164,9,1245,819,24123,886,31367,828,55490,California
Napa,2021-03-25,1634,87261,1048,40266,532,45696,54,1299,746,24039,885,32252,801,56291,California
Napa,2021-03-26,1298,88559,831,41097,461,46157,6,1305,592,23935,702,32954,598,56889,California
Napa,2021-03-27,947,89506,432,41529,488,46645,27,1332,315,23645,632,33586,342,57231,California
Napa,2021-03-28,483,89989,373,41902,103,46748,7,1339,184,23538,298,33884,191,57422,California
Napa,2021-03-29,1193,91182,870,42772,318,47066,5,1344,733,23817,459,34343,738,58160,California
Napa,2021-03-30,2542,93724,929,43701,1609,48675,4,1348,1756,24791,786,35129,1760,59920,California
Napa,2021-03-31,1962,95686,957,44658,936,49611,69,1417,800,24499,1159,36288,867,60787,California
Napa,2021-04-01,1730,97416,830,45488,784,50395,116,1533,469,23828,1255,37543,584,61371,California
Napa,2021-04-02,1832,99248,822,46310,868,51263,142,1675,457,23055,1372,38915,599,61970,California
Napa,2021-04-03,623,99871,360,46670,204,51467,59,1734,209,22908,414,39329,267,62237,California
Napa,2021-04-04,354,100225,144,46814,152,51619,58,1792,125,22863,228,39557,183,62420,California
Napa,2021-04-05,1264,101489,755,47569,291,51910,218,2010,574,22966,689,40246,792,63212,California
Napa,2021-04-06,2221,103710,560,48129,1406,53316,255,2265,527,22057,1691,41937,782,63994,California
Napa,2021-04-07,1721,105431,701,48830,799,54115,221,2486,521,21603,1195,43132,741,64735,California
Napa,2021-04-08,1839,107270,1050,49880,419,54534,370,2856,950,22036,885,44017,1318,66053,California
Napa,2021-04-09,1529,108799,918,50798,309,54843,302,3158,675,22160,852,44869,976,67029,California
Napa,2021-04-10,1030,109829,346,51144,584,55427,100,3258,239,21708,790,45659,338,67367,California
Napa,2021-04-11,384,110213,299,51443,62,55489,23,3281,155,21657,229,45888,178,67545,California
Napa,2021-04-12,784,110997,301,51744,359,55848,124,3405,292,21579,491,46379,413,67958,California
Napa,2021-04-13,2520,113517,841,52585,1679,57527,0,3405,918,20900,1597,47976,918,68876,California
Napa,2021-04-14,2062,115579,978,53563,1084,58611,0,3405,1006,20858,1048,49024,1006,69882,California
Napa,2021-04-15,1815,117394,525,54088,1290,59901,0,3405,871,20790,939,49963,871,70753,California
Napa,2021-04-16,2900,120294,1571,55659,1329,61230,0,3405,2187,22266,711,50674,2187,72940,California
Napa,2021-04-17,1124,121418,266,55925,858,62088,0,3405,828,22798,296,50970,828,73768,California
Napa,2021-04-18,263,121681,171,56096,92,62180,0,3405,118,22772,144,51114,118,73886,California
Napa,2021-04-19,609,122290,339,56435,270,62450,0,3405,266,22696,342,51456,266,74152,California
Napa,2021-04-20,3038,125328,2065,58500,973,63423,0,3405,2088,23836,949,52405,2089,76241,California
Napa,2021-04-21,2907,128235,2149,60649,758,64181,0,3405,1855,24645,1047,53452,1856,78097,California
Napa,2021-04-22,1625,129860,1127,61776,498,64679,0,3405,834,24692,787,54239,834,78931,California
Napa,2021-04-23,1623,131483,1246,63022,375,65054,2,3407,1152,25377,467,54706,1152,80083,California
Napa,2021-04-24,544,132027,314,63336,230,65284,0,3407,284,25404,257,54963,284,80367,California
Napa,2021-04-25,248,132275,191,63527,57,65341,0,3407,129,25415,118,55081,129,80496,California
Napa,2021-04-26,492,132767,256,63783,236,65577,0,3407,251,25429,237,55318,251,80747,California
Napa,2021-04-27,1497,134264,426,64209,1060,66637,11,3418,620,25186,874,56192,631,81378,California
Napa,2021-04-28,967,135231,424,64633,526,67163,17,3435,319,24875,647,56839,336,81714,California
Napa,2021-04-29,635,135866,323,64956,293,67456,19,3454,205,24674,424,57263,223,81937,California
Napa,2021-04-30,596,136462,298,65254,234,67690,64,3518,247,24636,348,57611,310,82247,California
Napa,2021-05-01,316,136778,264,65518,44,67734,8,3526,116,24560,200,57811,124,82371,California
Napa,2021-05-02,237,137015,193,65711,38,67772,6,3532,99,24528,137,57948,105,82476,California
Napa,2021-05-03,617,137632,492,66203,91,67863,34,3566,100,24149,514,58462,135,82611,California
Napa,2021-05-04,1124,138756,714,66917,301,68164,109,3675,297,23730,825,59287,406,83017,California
Napa,2021-05-05,1018,139774,684,67601,299,68463,35,3710,258,23266,757,60044,293,83310,California
Napa,2021-05-06,681,140455,311,67912,347,68810,23,3733,363,23341,311,60355,386,83696,California
Napa,2021-05-07,545,141000,349,68261,152,68962,44,3777,167,23176,375,60730,210,83906,California
Napa,2021-05-08,260,141260,164,68425,85,69047,11,3788,94,23116,165,60895,105,84011,California
Napa,2021-05-09,102,141362,75,68500,27,69074,0,3788,46,23108,54,60949,46,84057,California
Napa,2021-05-10,287,141649,71,68571,201,69275,15,3803,56,22949,230,61179,71,84128,California
Nevada,2020-12-16,3,3,3,3,0,0,0,0,3,3,0,0,3,3,California
Nevada,2020-12-17,6,9,6,9,0,0,0,0,6,9,0,0,6,9,California
Nevada,2020-12-18,52,61,52,61,0,0,0,0,52,61,0,0,52,61,California
Nevada,2020-12-19,55,116,55,116,0,0,0,0,55,116,0,0,55,116,California
Nevada,2020-12-20,12,128,12,128,0,0,0,0,12,128,0,0,12,128,California
Nevada,2020-12-21,69,197,69,197,0,0,0,0,69,197,0,0,69,197,California
Nevada,2020-12-22,91,288,89,286,2,2,0,0,91,288,0,0,91,288,California
Nevada,2020-12-23,233,521,202,488,31,33,0,0,233,521,0,0,233,521,California
Nevada,2020-12-24,13,534,11,499,2,35,0,0,13,534,0,0,13,534,California
Nevada,2020-12-25,3,537,3,502,0,35,0,0,3,537,0,0,3,537,California
Nevada,2020-12-26,6,543,4,506,2,37,0,0,6,543,0,0,6,543,California
Nevada,2020-12-27,88,631,88,594,0,37,0,0,88,631,0,0,88,631,California
Nevada,2020-12-28,170,801,93,687,77,114,0,0,170,801,0,0,170,801,California
Nevada,2020-12-29,100,901,74,761,26,140,0,0,100,901,0,0,100,901,California
Nevada,2020-12-30,86,987,66,827,20,160,0,0,86,987,0,0,86,987,California
Nevada,2020-12-31,39,1026,9,836,30,190,0,0,39,1026,0,0,39,1026,California
Nevada,2021-01-01,1,1027,0,836,1,191,0,0,1,1027,0,0,1,1027,California
Nevada,2021-01-02,1,1028,1,837,0,191,0,0,1,1028,0,0,1,1028,California
Nevada,2021-01-03,129,1157,126,963,3,194,0,0,129,1157,0,0,129,1157,California
Nevada,2021-01-04,71,1228,47,1010,24,218,0,0,71,1228,0,0,71,1228,California
Nevada,2021-01-05,273,1501,132,1142,141,359,0,0,272,1499,1,1,272,1500,California
Nevada,2021-01-06,91,1592,43,1185,48,407,0,0,83,1574,8,9,83,1583,California
Nevada,2021-01-07,215,1807,43,1228,172,579,0,0,208,1777,6,15,209,1792,California
Nevada,2021-01-08,223,2030,129,1357,94,673,0,0,170,1895,53,68,171,1963,California
Nevada,2021-01-09,64,2094,56,1413,8,681,0,0,16,1863,48,116,16,1979,California
Nevada,2021-01-10,18,2112,9,1422,9,690,0,0,10,1865,8,124,10,1989,California
Nevada,2021-01-11,185,2297,131,1553,54,744,0,0,57,1794,128,252,57,2046,California
Nevada,2021-01-12,597,2894,451,2004,146,890,0,0,531,2259,66,318,531,2577,California
Nevada,2021-01-13,260,3154,147,2151,113,1003,0,0,125,2249,135,453,125,2702,California
Nevada,2021-01-14,238,3392,127,2278,111,1114,0,0,220,2452,17,470,220,2922,California
Nevada,2021-01-15,394,3786,169,2447,225,1339,0,0,296,2650,98,568,296,3218,California
Nevada,2021-01-16,296,4082,15,2462,281,1620,0,0,292,2938,4,572,292,3510,California
Nevada,2021-01-17,35,4117,31,2493,4,1624,0,0,33,2969,2,574,33,3543,California
Nevada,2021-01-18,151,4268,41,2534,110,1734,0,0,141,3100,10,584,141,3684,California
Nevada,2021-01-19,244,4512,85,2619,159,1893,0,0,225,3306,19,603,225,3909,California
Nevada,2021-01-20,258,4770,153,2772,105,1998,0,0,245,3538,13,616,245,4154,California
Nevada,2021-01-21,338,5108,207,2979,131,2129,0,0,325,3850,13,629,325,4479,California
Nevada,2021-01-22,346,5454,209,3188,137,2266,0,0,316,4136,30,659,316,4795,California
Nevada,2021-01-23,177,5631,104,3292,73,2339,0,0,177,4313,0,659,177,4972,California
Nevada,2021-01-24,105,5736,98,3390,7,2346,0,0,66,4340,39,698,66,5038,California
Nevada,2021-01-25,267,6003,137,3527,130,2476,0,0,206,4485,61,759,206,5244,California
Nevada,2021-01-26,403,6406,141,3668,262,2738,0,0,299,4680,104,863,299,5543,California
Nevada,2021-01-27,420,6826,249,3917,171,2909,0,0,396,5052,24,887,396,5939,California
Nevada,2021-01-28,470,7296,319,4236,151,3060,0,0,426,5435,43,930,426,6365,California
Nevada,2021-01-29,602,7898,392,4628,210,3270,0,0,576,5987,25,955,577,6942,California
Nevada,2021-01-30,232,8130,105,4733,127,3397,0,0,229,6213,3,958,229,7171,California
Nevada,2021-01-31,103,8233,86,4819,17,3414,0,0,101,6314,1,959,102,7273,California
Nevada,2021-02-01,291,8524,71,4890,220,3634,0,0,277,6577,14,973,277,7550,California
Nevada,2021-02-02,511,9035,173,5063,338,3972,0,0,323,6712,188,1161,323,7873,California
Nevada,2021-02-03,811,9846,571,5634,240,4212,0,0,758,7418,52,1213,758,8631,California
Nevada,2021-02-04,738,10584,392,6026,346,4558,0,0,488,7657,249,1462,488,9119,California
Nevada,2021-02-05,645,11229,366,6392,279,4837,0,0,455,7924,188,1650,455,9574,California
Nevada,2021-02-06,269,11498,83,6475,186,5023,0,0,242,8139,27,1677,242,9816,California
Nevada,2021-02-07,244,11742,191,6666,53,5076,0,0,190,8275,54,1731,190,10006,California
Nevada,2021-02-08,651,12393,408,7074,243,5319,0,0,553,8730,98,1829,553,10559,California
Nevada,2021-02-09,602,12995,337,7411,265,5584,0,0,463,9054,139,1968,463,11022,California
Nevada,2021-02-10,647,13642,322,7733,325,5909,0,0,416,9240,231,2199,417,11439,California
Nevada,2021-02-11,871,14513,505,8238,366,6275,0,0,542,9454,328,2527,542,11981,California
Nevada,2021-02-12,937,15450,437,8675,500,6775,0,0,616,9752,318,2845,616,12597,California
Nevada,2021-02-13,598,16048,235,8910,363,7138,0,0,389,9937,205,3050,390,12987,California
Nevada,2021-02-14,229,16277,119,9029,110,7248,0,0,201,10110,28,3078,201,13188,California
Nevada,2021-02-15,709,16986,438,9467,271,7519,0,0,535,10471,174,3252,535,13723,California
Nevada,2021-02-16,621,17607,197,9664,424,7943,0,0,451,10753,169,3421,451,14174,California
Nevada,2021-02-17,1186,18793,764,10428,422,8365,0,0,856,11279,330,3751,856,15030,California
Nevada,2021-02-18,1007,19800,548,10976,459,8824,0,0,600,11474,405,4156,600,15630,California
Nevada,2021-02-19,1014,20814,630,11606,384,9208,0,0,652,11765,362,4518,653,16283,California
Nevada,2021-02-20,298,21112,106,11712,192,9400,0,0,173,11814,124,4642,173,16456,California
Nevada,2021-02-21,90,21202,85,11797,5,9405,0,0,8,11741,81,4723,8,16464,California
Nevada,2021-02-22,494,21696,327,12124,167,9572,0,0,346,11940,147,4870,346,16810,California
Nevada,2021-02-23,468,22164,219,12343,249,9821,0,0,205,11885,260,5130,205,17015,California
Nevada,2021-02-24,474,22638,235,12578,239,10060,0,0,248,11909,226,5356,250,17265,California
Nevada,2021-02-25,861,23499,466,13044,395,10455,0,0,431,11912,428,5784,431,17696,California
Nevada,2021-02-26,1236,24735,881,13925,355,10810,0,0,408,11495,825,6609,408,18104,California
Nevada,2021-02-27,354,25089,110,14035,244,11054,0,0,184,11509,170,6779,184,18288,California
Nevada,2021-02-28,265,25354,152,14187,113,11167,0,0,123,11491,141,6920,123,18411,California
Nevada,2021-03-01,821,26175,427,14614,394,11561,0,0,356,11384,463,7383,356,18767,California
Nevada,2021-03-02,706,26881,262,14876,444,12005,0,0,480,11642,222,7605,480,19247,California
Nevada,2021-03-03,965,27846,492,15368,472,12477,1,1,493,11665,471,8076,494,19741,California
Nevada,2021-03-04,1105,28951,616,15984,489,12966,0,1,466,11495,636,8712,466,20207,California
Nevada,2021-03-05,821,29772,461,16445,350,13316,10,11,363,11412,456,9168,373,20580,California
Nevada,2021-03-06,359,30131,121,16566,211,13527,27,38,145,11370,214,9382,172,20752,California
Nevada,2021-03-07,210,30341,109,16675,81,13608,20,58,68,11316,142,9524,88,20840,California
Nevada,2021-03-08,806,31147,538,17213,223,13831,45,103,359,11275,446,9970,405,21245,California
Nevada,2021-03-09,671,31818,320,17533,301,14132,50,153,368,11391,301,10271,417,21662,California
Nevada,2021-03-10,960,32778,605,18138,298,14430,57,210,322,11136,634,10905,379,22041,California
Nevada,2021-03-11,1102,33880,723,18861,354,14784,25,235,549,11165,545,11450,574,22615,California
Nevada,2021-03-12,1190,35070,722,19583,438,15222,30,265,504,11014,684,12134,533,23148,California
Nevada,2021-03-13,269,35339,52,19635,212,15434,5,270,98,10946,170,12304,102,23250,California
Nevada,2021-03-14,155,35494,21,19656,128,15562,6,276,33,10863,122,12426,39,23289,California
Nevada,2021-03-15,841,36335,456,20112,373,15935,12,288,358,10753,480,12906,370,23659,California
Nevada,2021-03-16,993,37328,465,20577,467,16402,61,349,646,11114,346,13252,707,24366,California
Nevada,2021-03-17,1015,38343,451,21028,554,16956,10,359,585,11282,427,13679,595,24961,California
Nevada,2021-03-18,970,39313,526,21554,420,17376,24,383,476,11292,490,14169,500,25461,California
Nevada,2021-03-19,758,40071,437,21991,284,17660,37,420,352,11279,402,14571,389,25850,California
Nevada,2021-03-20,822,40893,92,22083,306,17966,424,844,235,11353,581,15152,655,26505,California
Nevada,2021-03-21,58,40951,32,22115,25,17991,1,845,40,11377,17,15169,41,26546,California
Nevada,2021-03-22,795,41746,513,22628,277,18268,5,850,536,11661,257,15426,541,27087,California
Nevada,2021-03-23,852,42598,383,23011,443,18711,26,876,641,12120,208,15634,667,27754,California
Nevada,2021-03-24,1021,43619,541,23552,473,19184,7,883,650,12411,365,15999,656,28410,California
Nevada,2021-03-25,899,44518,451,24003,423,19607,25,908,493,12523,405,16404,517,28927,California
Nevada,2021-03-26,1138,45656,433,24436,667,20274,38,946,826,13077,309,16713,863,29790,California
Nevada,2021-03-27,568,46224,71,24507,481,20755,16,962,386,13297,182,16895,402,30192,California
Nevada,2021-03-28,174,46398,50,24557,111,20866,13,975,39,13217,132,17027,52,30244,California
Nevada,2021-03-29,821,47219,501,25058,298,21164,22,997,393,13206,425,17452,414,30658,California
Nevada,2021-03-30,1043,48262,475,25533,534,21698,34,1031,539,13283,496,17948,573,31231,California
Nevada,2021-03-31,1173,49435,658,26191,498,22196,17,1048,695,13525,469,18417,711,31942,California
Nevada,2021-04-01,1223,50658,714,26905,456,22652,53,1101,541,13442,677,19094,594,32536,California
Nevada,2021-04-02,1282,51940,655,27560,591,23243,36,1137,761,13722,517,19611,797,33333,California
Nevada,2021-04-03,288,52228,89,27649,161,23404,38,1175,83,13639,204,19815,121,33454,California
Nevada,2021-04-04,128,52356,42,27691,79,23483,7,1182,78,13674,50,19865,85,33539,California
Nevada,2021-04-05,929,53285,610,28301,300,23783,19,1201,617,14002,308,20173,636,34175,California
Nevada,2021-04-06,1070,54355,662,28963,264,24047,144,1345,471,14024,592,20765,614,34789,California
Nevada,2021-04-07,1143,55498,815,29778,246,24293,82,1427,605,14179,531,21296,686,35475,California
Nevada,2021-04-08,1278,56776,890,30668,305,24598,83,1510,706,14399,569,21865,789,36264,California
Nevada,2021-04-09,1242,58018,846,31514,327,24925,69,1579,844,14915,397,22262,913,37177,California
Nevada,2021-04-10,262,58280,76,31590,110,25035,76,1655,110,14950,151,22413,186,37363,California
Nevada,2021-04-11,100,58380,31,31621,65,25100,4,1659,39,14932,61,22474,43,37406,California
Nevada,2021-04-12,736,59116,536,32157,183,25283,17,1676,311,14839,421,22895,328,37734,California
Nevada,2021-04-13,875,59991,349,32506,526,25809,0,1676,466,14898,407,23302,466,38200,California
Nevada,2021-04-14,1051,61042,565,33071,486,26295,0,1676,540,14935,503,23805,540,38740,California
Nevada,2021-04-15,1073,62115,709,33780,364,26659,0,1676,623,15118,440,24245,623,39363,California
Nevada,2021-04-16,899,63014,698,34478,201,26860,0,1676,529,15278,369,24614,529,39892,California
Nevada,2021-04-17,194,63208,52,34530,142,27002,0,1676,84,15253,109,24723,84,39976,California
Nevada,2021-04-18,181,63389,17,34547,164,27166,0,1676,101,15274,80,24803,101,40077,California
Nevada,2021-04-19,750,64139,481,35028,269,27435,0,1676,304,15140,438,25241,304,40381,California
Nevada,2021-04-20,795,64934,307,35335,488,27923,0,1676,298,14946,492,25733,298,40679,California
Nevada,2021-04-21,897,65831,490,35825,407,28330,0,1676,266,14589,623,26356,266,40945,California
Nevada,2021-04-22,989,66820,617,36442,372,28702,0,1676,339,14289,639,26995,339,41284,California
Nevada,2021-04-23,1215,68035,537,36979,678,29380,0,1676,395,13875,809,27804,395,41679,California
Nevada,2021-04-24,520,68555,73,37052,447,29827,0,1676,169,13695,349,28153,169,41848,California
Nevada,2021-04-25,116,68671,61,37113,50,29877,5,1681,51,13687,64,28217,56,41904,California
Nevada,2021-04-26,696,69367,527,37640,161,30038,8,1689,196,13400,491,28708,204,42108,California
Nevada,2021-04-27,757,70124,345,37985,408,30446,4,1693,393,13441,356,29064,397,42505,California
Nevada,2021-04-28,983,71107,580,38565,398,30844,5,1698,387,13242,591,29655,392,42897,California
Nevada,2021-04-29,1008,72115,705,39270,299,31143,4,1702,273,12786,733,30388,277,43174,California
Nevada,2021-04-30,1220,73335,723,39993,488,31631,9,1711,198,11973,1020,31408,207,43381,California
Nevada,2021-05-01,141,73476,64,40057,73,31704,4,1715,62,11962,77,31485,66,43447,California
Nevada,2021-05-02,53,73529,29,40086,20,31724,4,1719,19,11951,34,31519,23,43470,California
Nevada,2021-05-03,599,74128,399,40485,182,31906,18,1737,176,11724,420,31939,193,43663,California
Nevada,2021-05-04,585,74713,172,40657,394,32300,19,1756,331,11825,249,32188,350,44013,California
Nevada,2021-05-05,719,75432,377,41034,326,32626,16,1772,309,11748,402,32590,325,44338,California
Nevada,2021-05-06,790,76222,561,41595,218,32844,11,1783,183,11342,600,33190,194,44532,California
Nevada,2021-05-07,867,77089,483,42078,349,33193,35,1818,182,10874,685,33875,217,44749,California
Nevada,2021-05-08,172,77261,21,42099,131,33324,20,1838,79,10880,93,33968,99,44848,California
Nevada,2021-05-09,33,77294,8,42107,23,33347,2,1840,11,10871,22,33990,13,44861,California
Nevada,2021-05-10,325,77619,230,42337,87,33434,8,1848,55,10664,270,34260,63,44924,California
Orange,2020-12-15,16,16,16,16,0,0,0,0,16,16,0,0,16,16,California
Orange,2020-12-16,366,382,366,382,0,0,0,0,366,382,0,0,366,382,California
Orange,2020-12-17,3726,4108,3726,4108,0,0,0,0,3725,4107,0,0,3725,4107,California
Orange,2020-12-18,5053,9161,5046,9154,7,7,0,0,5052,9159,0,0,5052,9159,California
Orange,2020-12-19,2233,11394,2226,11380,7,14,0,0,2232,11391,0,0,2232,11391,California
Orange,2020-12-20,1985,13379,1982,13362,3,17,0,0,1986,13377,0,0,1986,13377,California
Orange,2020-12-21,4253,17632,4247,17609,6,23,0,0,4253,17630,0,0,4253,17630,California
Orange,2020-12-22,3982,21614,3947,21556,35,58,0,0,3982,21612,0,0,3982,21612,California
Orange,2020-12-23,3563,25177,3200,24756,363,421,0,0,3565,25177,0,0,3565,25177,California
Orange,2020-12-24,1380,26557,1079,25835,301,722,0,0,1380,26557,0,0,1380,26557,California
Orange,2020-12-25,17,26574,12,25847,5,727,0,0,17,26574,0,0,17,26574,California
Orange,2020-12-26,1023,27597,423,26270,600,1327,0,0,1023,27597,0,0,1023,27597,California
Orange,2020-12-27,582,28179,275,26545,307,1634,0,0,582,28179,0,0,582,28179,California
Orange,2020-12-28,3542,31721,2568,29113,974,2608,0,0,3542,31721,0,0,3542,31721,California
Orange,2020-12-29,3574,35295,2563,31676,1011,3619,0,0,3573,35293,1,1,3573,35294,California
Orange,2020-12-30,5128,40423,3558,35234,1570,5189,0,0,5128,40421,0,1,5128,40422,California
Orange,2020-12-31,1497,41920,800,36034,697,5886,0,0,1497,41918,0,1,1497,41919,California
Orange,2021-01-01,541,42461,295,36329,246,6132,0,0,540,42457,1,2,540,42459,California
Orange,2021-01-02,1415,43876,904,37233,511,6643,0,0,1415,43872,0,2,1415,43874,California
Orange,2021-01-03,582,44458,323,37556,259,6902,0,0,582,44454,0,2,582,44456,California
Orange,2021-01-04,2744,47202,1563,39119,1181,8083,0,0,2745,47198,1,3,2745,47201,California
Orange,2021-01-05,3523,50725,2295,41414,1228,9311,0,0,3116,49914,403,406,3119,50320,California
Orange,2021-01-06,5011,55736,3466,44880,1545,10856,0,0,3644,52203,1355,1761,3644,53964,California
Orange,2021-01-07,9267,65003,5168,50048,4099,14955,0,0,5696,54345,3558,5319,5700,59664,California
Orange,2021-01-08,9420,74423,5269,55317,4151,19106,0,0,5657,56252,3753,9072,5660,65324,California
Orange,2021-01-09,5010,79433,1742,57059,3268,22374,0,0,3728,58698,1282,10354,3728,69052,California
Orange,2021-01-10,4237,83670,1042,58101,3195,25569,0,0,3358,61182,878,11232,3362,72414,California
Orange,2021-01-11,9440,93110,4901,63002,4539,30108,0,0,5817,63374,3626,14858,5818,78232,California
Orange,2021-01-12,8819,101929,4724,67726,4095,34203,0,0,5355,65268,3462,18320,5356,83588,California
Orange,2021-01-13,10254,112183,4923,72649,5331,39534,0,0,7052,69129,3198,21518,7059,90647,California
Orange,2021-01-14,9969,122152,3778,76427,6191,45725,0,0,8377,75922,1590,23108,8383,99030,California
Orange,2021-01-15,10170,132322,2628,79055,7542,53267,0,0,9291,84332,887,23995,9297,108327,California
Orange,2021-01-16,8708,141030,2096,81151,6612,59879,0,0,8312,92254,395,24390,8317,116644,California
Orange,2021-01-17,8157,149187,1484,82635,6673,66552,0,0,8010,100127,147,24537,8020,124664,California
Orange,2021-01-18,9755,158942,4460,87095,5295,71847,0,0,7513,105399,2244,26781,7516,132180,California
Orange,2021-01-19,7492,166434,5412,92507,2080,73927,0,0,4860,107628,2632,29413,4861,137041,California
Orange,2021-01-20,8381,174815,5919,98426,2462,76389,0,0,5320,109894,3061,32474,5327,142368,California
Orange,2021-01-21,11011,185826,4904,103330,6107,82496,0,0,10199,119293,811,33285,10210,152578,California
Orange,2021-01-22,13664,199490,5139,108469,8525,91021,0,0,12810,131264,847,34132,12818,165396,California
Orange,2021-01-23,13135,212625,6187,114656,6948,97969,0,0,12152,142443,981,35113,12160,177556,California
Orange,2021-01-24,9823,222448,4296,118952,5527,103496,0,0,9493,151612,327,35440,9496,187052,California
Orange,2021-01-25,10447,232895,5866,124818,4581,108077,0,0,7719,156613,2723,38163,7724,194776,California
Orange,2021-01-26,11902,244797,7722,132540,4180,112257,0,0,9732,164182,2166,40329,9735,204511,California
Orange,2021-01-27,13433,258230,8009,140549,5424,117681,0,0,10730,172225,2692,43021,10735,215246,California
Orange,2021-01-28,13035,271265,7207,147756,5828,123509,0,0,11170,181553,1850,44871,11178,226424,California
Orange,2021-01-29,13645,284910,8455,156211,5190,128699,0,0,10746,189418,2885,47756,10750,237174,California
Orange,2021-01-30,12930,297840,4443,160654,8487,137186,0,0,12185,200876,730,48486,12188,249362,California
Orange,2021-01-31,13718,311558,4947,165601,8771,145957,0,0,13261,213693,451,48937,13268,262630,California
Orange,2021-02-01,14083,325641,5806,171407,8277,154234,0,0,12066,223768,1996,50933,12071,274701,California
Orange,2021-02-02,15435,341076,8377,179784,7058,161292,0,0,12681,233806,2646,53579,12684,287385,California
Orange,2021-02-03,16765,357841,12582,192366,4183,165475,0,0,13734,244592,2953,56532,13739,301124,California
Orange,2021-02-04,19879,377720,12998,205364,6881,172356,0,0,14788,254328,5060,61592,14796,315920,California
Orange,2021-02-05,20763,398483,12024,217388,8739,181095,0,0,14470,262549,6252,67844,14473,330393,California
Orange,2021-02-06,16336,414819,10795,228183,5541,186636,0,0,11073,268593,5247,73091,11291,341684,California
Orange,2021-02-07,11522,426341,8100,236283,3422,190058,0,0,7547,272349,3960,77051,7716,349400,California
Orange,2021-02-08,14956,441297,8587,244870,6369,196427,0,0,8929,275282,5997,83048,8930,358330,California
Orange,2021-02-09,17678,458975,12039,256909,5639,202066,0,0,10709,279101,6895,89943,10714,369044,California
Orange,2021-02-10,20921,479896,11196,268105,9725,211791,0,0,12677,283639,8148,98091,12686,381730,California
Orange,2021-02-11,22102,501998,11488,279593,10614,222405,0,0,12373,286433,9597,107688,12391,394121,California
Orange,2021-02-12,24785,526783,11910,291503,12875,235280,0,0,14626,290966,10098,117786,14631,408752,California
Orange,2021-02-13,22019,548802,11916,303419,10103,245383,0,0,11149,292088,10668,128454,11790,420542,California
Orange,2021-02-14,16195,564997,6575,309994,9620,255003,0,0,9550,295019,6620,135074,9551,430093,California
Orange,2021-02-15,17230,582227,7395,317389,9835,264838,0,0,8882,295605,8305,143379,8891,438984,California
Orange,2021-02-16,19932,602159,8987,326376,10945,275783,0,0,10718,297180,9167,152546,10742,449726,California
Orange,2021-02-17,17878,620037,9333,335709,8545,284328,0,0,9186,297751,8646,161192,9217,458943,California
Orange,2021-02-18,15002,635039,9844,345553,5158,289486,0,0,6749,296307,8201,169393,6757,465700,California
Orange,2021-02-19,18185,653224,10889,356442,7296,296782,0,0,6935,292055,11199,180592,6947,472647,California
Orange,2021-02-20,7525,660749,5617,362059,1908,298690,0,0,3776,292114,3727,184319,3786,476433,California
Orange,2021-02-21,4379,665128,3697,365756,682,299372,0,0,792,289355,3551,187870,792,477225,California
Orange,2021-02-22,9654,674782,7876,373632,1778,301150,0,0,3896,287537,5729,193599,3911,481136,California
Orange,2021-02-23,13270,688052,7248,380880,6022,307172,0,0,3495,281326,9716,203315,3505,484641,California
Orange,2021-02-24,21167,709219,12840,393720,8327,315499,0,0,5394,271029,15710,219025,5413,490054,California
Orange,2021-02-25,22677,731896,12297,406017,10380,325879,0,0,7996,264431,14610,233635,8012,498066,California
Orange,2021-02-26,27757,759653,14082,420099,13675,339554,0,0,11176,259173,16459,250094,11201,509267,California
Orange,2021-02-27,24999,784652,10100,430199,14897,354451,2,2,7263,248822,17631,267725,7280,516547,California
Orange,2021-02-28,19082,803734,7408,437607,11674,366125,0,2,4826,239525,14140,281865,4843,521390,California
Orange,2021-03-01,18423,822157,8400,446007,10017,376142,6,8,7125,235448,11220,293085,7143,528533,California
Orange,2021-03-02,18830,840987,8898,454905,9929,386071,3,11,9184,235064,9598,302683,9214,537747,California
Orange,2021-03-03,20515,861502,9641,464546,10871,396942,3,14,11000,236652,9438,312121,11026,548773,California
Orange,2021-03-04,22331,883833,12855,477401,9462,406404,14,28,11601,237601,10692,322813,11641,560414,California
Orange,2021-03-05,20751,904584,10760,488161,9947,416351,44,72,12701,242398,8008,330821,12805,573219,California
Orange,2021-03-06,23960,928544,13138,501299,9958,426309,864,936,12668,244697,11257,342078,13556,586775,California
Orange,2021-03-07,14851,943395,8315,509614,6139,432448,397,1333,8666,247634,6146,348224,9083,595858,California
Orange,2021-03-08,16226,959621,7424,517038,7540,439988,1262,2595,10416,253578,5761,353985,11705,607563,California
Orange,2021-03-09,19738,979359,8587,525625,8717,448705,2434,5029,11325,258966,8373,362358,13761,621324,California
Orange,2021-03-10,24320,1003679,11771,537396,9100,457805,3449,8478,12154,262457,12108,374466,15599,636923,California
Orange,2021-03-11,28973,1032652,15684,553080,9070,466875,4219,12697,13426,264641,15460,389926,17644,654567,California
Orange,2021-03-12,29234,1061886,14228,567308,11153,478028,3853,16550,14675,268709,14481,404407,18549,673116,California
Orange,2021-03-13,27710,1089596,10158,577466,13624,491652,3928,20478,14022,273023,13634,418041,17948,691064,California
Orange,2021-03-14,18799,1108395,8148,585614,8126,499778,2525,23003,11868,280504,6901,424942,14382,705446,California
Orange,2021-03-15,22985,1131380,10119,595733,12108,511886,758,23761,14352,287051,8558,433500,15105,720551,California
Orange,2021-03-16,26331,1157711,11130,606863,14977,526863,224,23985,17138,295308,9112,442612,17369,737920,California
Orange,2021-03-17,27300,1185011,13544,620407,13167,540030,589,24574,19435,307533,7796,450408,20021,757941,California
Orange,2021-03-18,27691,1212702,13910,634317,13506,553536,275,24849,21576,323338,6051,456459,21856,779797,California
Orange,2021-03-19,33413,1246115,18359,652676,14615,568151,439,25288,24884,340251,8420,464879,25333,805130,California
Orange,2021-03-20,25741,1271856,13541,666217,11994,580145,206,25494,22029,358838,3651,468530,22238,827368,California
Orange,2021-03-21,18468,1290324,10667,676884,7074,587219,727,26221,15711,372547,2730,471260,16439,843807,California
Orange,2021-03-22,22697,1313021,11717,688601,10658,597877,322,26543,19192,388644,3425,474685,19522,863329,California
Orange,2021-03-23,25934,1338955,13441,702042,11859,609736,634,27177,20839,405103,5018,479703,21477,884806,California
Orange,2021-03-24,29019,1367974,16164,718206,11948,621684,907,28084,21984,421042,6954,486657,22893,907699,California
Orange,2021-03-25,32253,1400227,17171,735377,14379,636063,703,28787,24197,437971,7969,494626,24898,932597,California
Orange,2021-03-26,34705,1434932,17995,753372,15853,651916,857,29644,24984,454195,9619,504245,25843,958440,California
Orange,2021-03-27,28351,1463283,13559,766931,14478,666394,314,29958,19790,465832,8470,512715,20107,978547,California
Orange,2021-03-28,24703,1487986,12776,779707,11860,678254,67,30025,18624,478515,6012,518727,18695,997242,California
Orange,2021-03-29,26377,1514363,12057,791764,13761,692015,559,30584,17911,488599,8387,527114,18471,1015713,California
Orange,2021-03-30,30768,1545131,13841,805605,16294,708309,633,31217,21319,501174,9376,536490,21951,1037664,California
Orange,2021-03-31,36941,1582072,19366,824971,16866,725175,709,31926,24026,513093,12819,549309,24738,1062402,California
Orange,2021-04-01,40146,1622218,21049,846020,17260,742435,1837,33763,26042,526966,13995,563304,27868,1090270,California
Orange,2021-04-02,39724,1661942,20014,866034,17932,760367,1778,35541,22539,534200,17088,580392,24322,1114592,California
Orange,2021-04-03,29985,1691927,15620,881654,12673,773040,1692,37233,14207,534386,15708,596100,15894,1130486,California
Orange,2021-04-04,18321,1710248,10642,892296,6923,779963,756,37989,8174,533217,10094,606194,8925,1139411,California
Orange,2021-04-05,29786,1740034,13921,906217,12492,792455,3373,41362,13823,534507,15894,622088,17184,1156595,California
Orange,2021-04-06,33207,1773241,15548,921765,14240,806695,3419,44781,14361,533512,18755,640843,17760,1174355,California
Orange,2021-04-07,35836,1809077,19988,941753,11284,817979,4564,49345,15784,533859,19976,660819,20323,1194678,California
Orange,2021-04-08,38494,1847571,21422,963175,11644,829623,5428,54773,18755,538365,19647,680466,24153,1218831,California
Orange,2021-04-09,40460,1888031,23577,986752,11740,841363,5143,59916,17926,538955,22453,702919,23043,1241874,California
Orange,2021-04-10,34067,1922098,18061,1004813,11802,853165,4204,64120,14146,537435,19840,722759,18320,1260194,California
Orange,2021-04-11,25450,1947548,14368,1019181,7824,860989,3258,67378,9791,534856,15613,738372,13034,1273228,California
Orange,2021-04-12,30280,1977828,15342,1034523,11408,872397,3530,70908,11917,531969,18309,756681,15422,1288650,California
Orange,2021-04-13,32224,2010052,18116,1052639,14041,886438,67,70975,15026,529923,17137,773818,15091,1303741,California
Orange,2021-04-14,34220,2044272,20004,1072643,14187,900625,29,71004,15039,525899,19094,792912,15070,1318811,California
Orange,2021-04-15,39793,2084065,24280,1096923,15500,916125,13,71017,18489,523198,21205,814117,18504,1337315,California
Orange,2021-04-16,41077,2125142,24143,1121066,16904,933029,30,71047,18557,519364,22427,836544,18593,1355908,California
Orange,2021-04-17,29683,2154825,17242,1138308,12438,945467,3,71050,12800,515359,16812,853356,12807,1368715,California
Orange,2021-04-18,21353,2176178,12912,1151220,8441,953908,0,71050,8461,510976,12847,866203,8464,1377179,California
Orange,2021-04-19,32331,2208509,17811,1169031,14518,968426,2,71052,14853,508437,17397,883600,14858,1392037,California
Orange,2021-04-20,35061,2243570,18196,1187227,16862,985288,3,71055,17526,508502,17463,901063,17528,1409565,California
Orange,2021-04-21,40290,2283860,23125,1210352,17155,1002443,10,71065,18995,506300,21208,922271,19006,1428571,California
Orange,2021-04-22,39093,2322953,20658,1231010,18427,1020870,8,71073,16257,499850,22721,944992,16271,1444842,California
Orange,2021-04-23,39887,2362840,20547,1251557,19334,1040204,6,71079,17736,495545,22049,967041,17744,1462586,California
Orange,2021-04-24,31787,2394627,16650,1268207,15102,1055306,35,71114,13365,490597,18350,985391,13402,1475988,California
Orange,2021-04-25,22925,2417552,12928,1281135,9984,1065290,13,71127,9844,487430,13029,998420,9862,1485850,California
Orange,2021-04-26,25233,2442785,12034,1293169,13022,1078312,177,71304,11042,484540,14109,1012529,11219,1497069,California
Orange,2021-04-27,27710,2470495,12607,1305776,14615,1092927,488,71792,10529,478526,17036,1029565,11022,1508091,California
Orange,2021-04-28,30486,2500981,15170,1320946,14452,1107379,864,72656,12084,473166,18304,1047869,12944,1521035,California
Orange,2021-04-29,31388,2532369,17164,1338110,13272,1120651,952,73608,11228,465265,20076,1067945,12175,1533210,California
Orange,2021-04-30,29276,2561645,16636,1354746,11714,1132365,926,74534,12357,461705,16839,1084784,13279,1546489,California
Orange,2021-05-01,21730,2583375,14651,1369397,6099,1138464,980,75514,8664,458347,12996,1097780,9638,1556127,California
Orange,2021-05-02,15363,2598738,10212,1379609,4510,1142974,641,76155,5376,454436,9926,1107706,6015,1562142,California
Orange,2021-05-03,20397,2619135,12427,1392036,7216,1150190,754,76909,6379,447617,13947,1121653,7128,1569270,California
Orange,2021-05-04,23300,2642435,13321,1405357,9096,1159286,883,77792,8055,441396,15148,1136801,8927,1578197,California
Orange,2021-05-05,21888,2664323,12860,1418217,8143,1167429,885,78677,7126,434753,14650,1151451,8007,1586204,California
Orange,2021-05-06,23718,2688041,14963,1433180,7785,1175214,970,79647,6042,424195,17563,1169014,7005,1593209,California
Orange,2021-05-07,24552,2712593,15262,1448442,8287,1183501,1003,80650,6903,414629,17467,1186481,7901,1601110,California
Orange,2021-05-08,17007,2729600,11388,1459830,4884,1188385,735,81385,4602,407634,12334,1198815,5339,1606449,California
Orange,2021-05-09,10233,2739833,7785,1467615,2081,1190466,367,81752,2629,403072,7557,1206372,2995,1609444,California
Orange,2021-05-10,10675,2750508,6781,1474396,3653,1194119,241,81993,1554,395785,9084,1215456,1797,1611241,California
Placer,2020-12-15,29,29,29,29,0,0,0,0,29,29,0,0,29,29,California
Placer,2020-12-16,54,83,54,83,0,0,0,0,54,83,0,0,54,83,California
Placer,2020-12-17,140,223,140,223,0,0,0,0,140,223,0,0,140,223,California
Placer,2020-12-18,332,555,332,555,0,0,0,0,332,555,0,0,332,555,California
Placer,2020-12-19,252,807,252,807,0,0,0,0,252,807,0,0,252,807,California
Placer,2020-12-20,234,1041,234,1041,0,0,0,0,234,1041,0,0,234,1041,California
Placer,2020-12-21,493,1534,492,1533,1,1,0,0,493,1534,0,0,493,1534,California
Placer,2020-12-22,675,2209,668,2201,7,8,0,0,675,2209,0,0,675,2209,California
Placer,2020-12-23,748,2957,662,2863,86,94,0,0,748,2957,0,0,748,2957,California
Placer,2020-12-24,398,3355,346,3209,52,146,0,0,398,3355,0,0,398,3355,California
Placer,2020-12-26,156,3511,111,3320,45,191,0,0,156,3511,0,0,156,3511,California
Placer,2020-12-27,186,3697,163,3483,23,214,0,0,186,3697,0,0,186,3697,California
Placer,2020-12-28,663,4360,536,4019,127,341,0,0,663,4360,0,0,663,4360,California
Placer,2020-12-29,762,5122,513,4532,249,590,0,0,762,5122,0,0,762,5122,California
Placer,2020-12-30,728,5850,454,4986,274,864,0,0,726,5848,0,0,726,5848,California
Placer,2020-12-31,529,6379,343,5329,186,1050,0,0,529,6377,0,0,529,6377,California
Placer,2021-01-01,15,6394,11,5340,4,1054,0,0,15,6392,0,0,15,6392,California
Placer,2021-01-02,184,6578,152,5492,32,1086,0,0,184,6576,0,0,184,6576,California
Placer,2021-01-03,154,6732,79,5571,75,1161,0,0,154,6730,0,0,154,6730,California
Placer,2021-01-04,619,7351,180,5751,439,1600,0,0,619,7349,0,0,619,7349,California
Placer,2021-01-05,726,8077,159,5910,567,2167,0,0,643,7911,82,82,644,7993,California
Placer,2021-01-06,760,8837,244,6154,516,2683,0,0,618,8387,142,224,618,8611,California
Placer,2021-01-07,985,9822,368,6522,617,3300,0,0,780,8962,205,429,780,9391,California
Placer,2021-01-08,1184,11006,528,7050,656,3956,0,0,855,9491,326,755,855,10246,California
Placer,2021-01-09,450,11456,321,7371,129,4085,0,0,234,9510,215,970,234,10480,California
Placer,2021-01-10,329,11785,186,7557,143,4228,0,0,164,9509,165,1135,164,10644,California
Placer,2021-01-11,1425,13210,807,8364,618,4846,0,0,836,9757,589,1724,837,11481,California
Placer,2021-01-12,1650,14860,877,9241,773,5619,0,0,1048,10203,602,2326,1048,12529,California
Placer,2021-01-13,1634,16494,821,10062,813,6432,0,0,1210,10994,422,2748,1213,13742,California
Placer,2021-01-14,1775,18269,652,10714,1123,7555,0,0,1419,12061,353,3101,1420,15162,California
Placer,2021-01-15,1936,20205,722,11436,1214,8769,0,0,1586,13299,349,3450,1587,16749,California
Placer,2021-01-16,1470,21675,720,12156,750,9519,0,0,1349,14528,121,3571,1350,18099,California
Placer,2021-01-17,563,22238,397,12553,166,9685,0,0,430,14825,133,3704,430,18529,California
Placer,2021-01-18,976,23214,539,13092,437,10122,0,0,747,15344,229,3933,748,19277,California
Placer,2021-01-19,2611,25825,1948,15040,663,10785,0,0,2161,17055,450,4383,2161,21438,California
Placer,2021-01-20,2266,28091,1697,16737,569,11354,0,0,1937,18664,329,4712,1938,23376,California
Placer,2021-01-21,2557,30648,1113,17850,1444,12798,0,0,2164,20437,392,5104,2165,25541,California
Placer,2021-01-22,2304,32952,595,18445,1709,14507,0,0,2129,22394,173,5277,2130,27671,California
Placer,2021-01-23,1189,34141,380,18825,809,15316,0,0,1034,23273,155,5432,1034,28705,California
Placer,2021-01-24,507,34648,265,19090,242,15558,0,0,431,23629,76,5508,432,29137,California
Placer,2021-01-25,1672,36320,802,19892,870,16428,0,0,1384,24726,288,5796,1385,30522,California
Placer,2021-01-26,1855,38175,1030,20922,825,17253,0,0,1591,26053,264,6060,1591,32113,California
Placer,2021-01-27,1840,40015,1152,22074,688,17941,0,0,1596,27408,242,6302,1597,33710,California
Placer,2021-01-28,1805,41820,1116,23190,689,18630,0,0,1557,28719,246,6548,1557,35267,California
Placer,2021-01-29,1893,43713,1170,24360,723,19353,0,0,1701,30231,191,6739,1703,36970,California
Placer,2021-01-30,1726,45439,972,25332,754,20107,0,0,1605,31716,120,6859,1605,38575,California
Placer,2021-01-31,781,46220,624,25956,157,20264,0,0,713,32362,68,6927,714,39289,California
Placer,2021-02-01,2071,48291,1090,27046,981,21245,0,0,1757,33805,314,7241,1757,41046,California
Placer,2021-02-02,2377,50668,1541,28587,836,22081,0,0,1886,35203,488,7729,1886,42932,California
Placer,2021-02-03,2918,53586,1875,30462,1043,23124,0,0,2294,36877,620,8349,2294,45226,California
Placer,2021-02-04,2759,56345,1187,31649,1572,24696,0,0,1935,37993,820,9169,1936,47162,California
Placer,2021-02-05,2731,59076,1205,32854,1526,26222,0,0,1403,38073,1323,10492,1403,48565,California
Placer,2021-02-06,1951,61027,1310,34164,641,26863,0,0,1398,38918,553,11045,1398,49963,California
Placer,2021-02-07,1224,62251,913,35077,311,27174,0,0,939,39573,284,11329,939,50902,California
Placer,2021-02-08,3300,65551,1767,36844,1533,28707,0,0,1977,40236,1315,12644,1978,52880,California
Placer,2021-02-09,3549,69100,2177,39021,1372,30079,0,0,1644,39977,1903,14547,1644,54524,California
Placer,2021-02-10,3749,72849,2190,41211,1559,31638,0,0,1744,39721,2002,16549,1746,56270,California
Placer,2021-02-11,3691,76540,1904,43115,1787,33425,0,0,1586,39216,2092,18641,1587,57857,California
Placer,2021-02-12,2847,79387,1323,44438,1524,34949,0,0,1667,39741,1143,19784,1668,59525,California
Placer,2021-02-13,2538,81925,1485,45923,1053,36002,0,0,1887,40977,651,20435,1887,61412,California
Placer,2021-02-14,1082,83007,676,46599,406,36408,0,0,738,41374,341,20776,738,62150,California
Placer,2021-02-15,2244,85251,1043,47642,1201,37609,0,0,1532,42194,713,21489,1533,63683,California
Placer,2021-02-16,3574,88825,1780,49422,1794,39403,0,0,1588,41806,1977,23466,1589,65272,California
Placer,2021-02-17,3541,92366,1961,51383,1580,40983,0,0,1509,41287,2028,25494,1509,66781,California
Placer,2021-02-18,3796,96162,2046,53429,1750,42733,0,0,1625,40751,2162,27656,1626,68407,California
Placer,2021-02-19,3585,99747,1910,55339,1675,44408,0,0,1328,39827,2253,29909,1329,69736,California
Placer,2021-02-20,1982,101729,1237,56576,745,45153,0,0,895,39644,1081,30990,898,70634,California
Placer,2021-02-21,974,102703,731,57307,243,45396,0,0,281,39236,690,31680,282,70916,California
Placer,2021-02-22,2523,105226,1775,59082,748,46144,0,0,604,37922,1918,33598,604,71520,California
Placer,2021-02-23,2548,107774,1574,60656,974,47118,0,0,881,37137,1666,35264,881,72401,California
Placer,2021-02-24,3286,111060,1174,61830,2112,49230,0,0,1789,37441,1487,36751,1791,74192,California
Placer,2021-02-25,3538,114598,1428,63258,2110,51340,0,0,1879,37670,1651,38402,1880,76072,California
Placer,2021-02-26,4098,118696,2376,65634,1722,53062,0,0,2354,38284,1740,40142,2354,78426,California
Placer,2021-02-27,2822,121518,1494,67128,1328,54390,0,0,1457,38386,1358,41500,1460,79886,California
Placer,2021-02-28,1400,122918,795,67923,605,54995,0,0,586,38164,808,42308,586,80472,California
Placer,2021-03-01,2999,125917,1991,69914,1008,56003,0,0,1550,38270,1444,43752,1550,82022,California
Placer,2021-03-02,2870,128787,1761,71675,1109,57112,0,0,1874,39153,991,44743,1874,83896,California
Placer,2021-03-03,3319,132106,1423,73098,1896,59008,0,0,1815,39471,1498,46241,1816,85712,California
Placer,2021-03-04,3626,135732,1455,74553,2171,61179,0,0,1895,39648,1719,47960,1896,87608,California
Placer,2021-03-05,3012,138744,1032,75585,1958,63137,22,22,1809,40278,1201,49161,1831,89439,California
Placer,2021-03-06,2413,141157,1486,77071,831,63968,96,118,925,39818,1481,50642,1021,90460,California
Placer,2021-03-07,1297,142454,751,77822,508,64476,38,156,530,39622,764,51406,568,91028,California
Placer,2021-03-08,2907,145361,1826,79648,968,65444,113,269,1648,40126,1257,52663,1761,92789,California
Placer,2021-03-09,3173,148534,1681,81329,1401,66845,91,360,1817,40681,1353,54016,1908,94697,California
Placer,2021-03-10,3280,151814,1320,82649,1853,68698,107,467,1708,40929,1567,55583,1815,96512,California
Placer,2021-03-11,3581,155395,1593,84242,1864,70562,124,591,1727,40938,1845,57428,1854,98366,California
Placer,2021-03-12,3671,159066,1483,85725,1407,71969,781,1372,1250,40555,2415,59843,2032,100398,California
Placer,2021-03-13,2108,161174,741,86466,1248,73217,119,1491,1129,40827,976,60819,1248,101646,California
Placer,2021-03-14,1640,162814,672,87138,819,74036,149,1640,891,41118,749,61568,1040,102686,California
Placer,2021-03-15,3180,165994,1532,88670,1516,75552,132,1772,1763,41598,1416,62984,1896,104582,California
Placer,2021-03-16,3558,169552,1915,90585,1510,77062,133,1905,2282,42749,1265,64249,2416,106998,California
Placer,2021-03-17,3417,172969,1727,92312,1591,78653,99,2004,2204,43843,1211,65460,2305,109303,California
Placer,2021-03-18,3968,176937,2201,94513,1729,80382,38,2042,2828,45575,1133,66593,2865,112168,California
Placer,2021-03-19,3431,180368,2063,96576,1104,81486,264,2306,2188,46790,1236,67829,2451,114619,California
Placer,2021-03-20,2138,182506,897,97473,1144,82630,97,2403,1301,47354,833,68662,1397,116016,California
Placer,2021-03-21,1253,183759,574,98047,670,83300,9,2412,945,48003,305,68967,954,116970,California
Placer,2021-03-22,3267,187026,2102,100149,1077,84377,88,2500,2193,49215,1070,70037,2282,119252,California
Placer,2021-03-23,3526,190552,2097,102246,1338,85715,91,2591,2524,50834,997,71034,2616,121868,California
Placer,2021-03-24,3788,194340,1998,104244,1693,87408,97,2688,1952,51069,1814,72848,2049,123917,California
Placer,2021-03-25,3777,198117,1794,106038,1886,89294,97,2785,1725,50848,2042,74890,1821,125738,California
Placer,2021-03-26,3756,201873,1658,107696,1866,91160,232,3017,1579,50495,2164,77054,1811,127549,California
Placer,2021-03-27,1592,203465,467,108163,1105,92265,20,3037,647,50224,938,77992,667,128216,California
Placer,2021-03-28,1103,204568,527,108690,566,92831,10,3047,374,49884,724,78716,384,128600,California
Placer,2021-03-29,3558,208126,1988,110678,1536,94367,34,3081,1726,49822,1823,80539,1761,130361,California
Placer,2021-03-30,3973,212099,2099,112777,1831,96198,43,3124,2091,50087,1868,82407,2133,132494,California
Placer,2021-03-31,4092,216191,1830,114607,2187,98385,75,3199,1692,49460,2393,84800,1766,134260,California
Placer,2021-04-01,2897,219088,1362,115969,1489,99874,46,3245,1598,49806,1298,86098,1644,135904,California
Placer,2021-04-02,2834,221922,1447,117416,1323,101197,64,3309,1586,50214,1241,87339,1649,137553,California
Placer,2021-04-03,1852,223774,984,118400,740,101937,128,3437,889,50275,956,88295,1017,138570,California
Placer,2021-04-04,709,224483,361,118761,295,102232,53,3490,285,50192,421,88716,338,138908,California
Placer,2021-04-05,2991,227474,1893,120654,914,103146,184,3674,1741,50871,1246,89962,1925,140833,California
Placer,2021-04-06,4277,231751,2469,123123,1509,104655,299,3973,1524,49946,2748,92710,1823,142656,California
Placer,2021-04-07,4501,236252,2568,125691,1472,106127,461,4434,2056,50020,2440,95150,2514,145170,California
Placer,2021-04-08,4685,240937,2592,128283,1547,107674,546,4980,1570,49032,3104,98254,2116,147286,California
Placer,2021-04-09,4082,245019,2247,130530,1217,108891,618,5598,1217,48012,2857,101111,1837,149123,California
Placer,2021-04-10,1981,247000,853,131383,948,109839,180,5778,845,47903,1133,102244,1024,150147,California
Placer,2021-04-11,1333,248333,512,131895,788,110627,33,5811,435,47476,894,103138,467,150614,California
Placer,2021-04-12,4104,252437,2654,134549,1070,111697,380,6191,2466,48694,1627,104765,2845,153459,California
Placer,2021-04-13,4322,256759,2976,137525,1345,113042,1,6192,2171,48720,2146,106911,2172,155631,California
Placer,2021-04-14,4118,260877,2561,140086,1556,114598,1,6193,1845,48301,2264,109175,1845,157476,California
Placer,2021-04-15,4466,265343,2481,142567,1984,116582,1,6194,2349,48545,2106,111281,2350,159826,California
Placer,2021-04-16,3659,269002,2173,144740,1486,118068,0,6194,1428,47748,2225,113506,1428,161254,California
Placer,2021-04-17,2348,271350,794,145534,1554,119622,0,6194,1455,48313,890,114396,1455,162709,California
Placer,2021-04-18,1158,272508,235,145769,923,120545,0,6194,406,47969,750,115146,406,163115,California
Placer,2021-04-19,2907,275415,1777,147546,1130,121675,0,6194,1144,47354,1760,116906,1145,164260,California
Placer,2021-04-20,3771,279186,2448,149994,1323,122998,0,6194,2399,48389,1364,118270,2399,166659,California
Placer,2021-04-21,3648,282834,2391,152385,1256,124254,1,6195,2377,49500,1267,119537,2378,169037,California
Placer,2021-04-22,3539,286373,2144,154529,1395,125649,0,6195,1735,49434,1801,121338,1735,170772,California
Placer,2021-04-23,3486,289859,2310,156839,1175,126824,1,6196,1369,48693,2111,123449,1370,172142,California
Placer,2021-04-24,2070,291929,1254,158093,815,127639,1,6197,1210,49051,852,124301,1210,173352,California
Placer,2021-04-25,900,292829,497,158590,403,128042,0,6197,556,49263,344,124645,556,173908,California
Placer,2021-04-26,2199,295028,1205,159795,971,129013,23,6220,1096,49288,1093,125738,1118,175026,California
Placer,2021-04-27,2490,297518,1308,161103,1147,130160,35,6255,1471,49781,1014,126752,1507,176533,California
Placer,2021-04-28,2911,300429,1803,162906,1071,131231,37,6292,1521,49959,1380,128132,1558,178091,California
Placer,2021-04-29,3242,303671,2059,164965,1131,132362,52,6344,1302,49379,1934,130066,1354,179445,California
Placer,2021-04-30,2978,306649,1803,166768,1128,133490,47,6391,1193,48840,1779,131845,1240,180685,California
Placer,2021-05-01,1327,307976,931,167699,372,133862,24,6415,611,48764,710,132555,634,181319,California
Placer,2021-05-02,714,308690,552,168251,141,134003,21,6436,332,48737,380,132935,353,181672,California
Placer,2021-05-03,1596,310286,984,169235,549,134552,63,6499,441,48089,1151,134086,503,182175,California
Placer,2021-05-04,2281,312567,1291,170526,827,135379,163,6662,857,47688,1421,135507,1020,183195,California
Placer,2021-05-05,3622,316189,2454,172980,1067,136446,101,6763,935,46041,2683,138190,1036,184231,California
Placer,2021-05-06,2988,319177,1844,174824,1074,137520,70,6833,739,44609,2241,140431,809,185040,California
Placer,2021-05-07,2749,321926,1869,176693,790,138310,90,6923,741,43443,1996,142427,830,185870,California
Placer,2021-05-08,1295,323221,695,177388,566,138876,34,6957,392,42967,902,143329,426,186296,California
Placer,2021-05-09,398,323619,175,177563,199,139075,24,6981,183,42958,215,143544,206,186502,California
Placer,2021-05-10,1374,324993,829,178392,512,139587,33,7014,213,42044,1160,144704,246,186748,California
Plumas,2020-12-18,4,4,4,4,0,0,0,0,4,4,0,0,4,4,California
Plumas,2020-12-19,1,5,1,5,0,0,0,0,1,5,0,0,1,5,California
Plumas,2020-12-21,45,50,45,50,0,0,0,0,45,50,0,0,45,50,California
Plumas,2020-12-22,92,142,92,142,0,0,0,0,92,142,0,0,92,142,California
Plumas,2020-12-23,50,192,50,192,0,0,0,0,50,192,0,0,50,192,California
Plumas,2020-12-24,6,198,6,198,0,0,0,0,6,198,0,0,6,198,California
Plumas,2020-12-28,8,206,0,198,8,8,0,0,8,206,0,0,8,206,California
Plumas,2020-12-29,32,238,22,220,10,18,0,0,32,238,0,0,32,238,California
Plumas,2020-12-30,22,260,1,221,21,39,0,0,22,260,0,0,22,260,California
Plumas,2020-12-31,4,264,1,222,3,42,0,0,4,264,0,0,4,264,California
Plumas,2021-01-04,10,274,4,226,6,48,0,0,10,274,0,0,10,274,California
Plumas,2021-01-05,22,296,2,228,20,68,0,0,22,296,0,0,22,296,California
Plumas,2021-01-06,124,420,5,233,119,187,0,0,124,420,0,0,124,420,California
Plumas,2021-01-07,53,473,2,235,51,238,0,0,52,471,1,1,52,472,California
Plumas,2021-01-08,12,485,5,240,7,245,0,0,8,475,4,5,8,480,California
Plumas,2021-01-09,2,487,2,242,0,245,0,0,1,475,1,6,1,481,California
Plumas,2021-01-11,59,546,50,292,9,254,0,0,12,440,47,53,12,493,California
Plumas,2021-01-12,155,701,86,378,69,323,0,0,71,427,84,137,71,564,California
Plumas,2021-01-13,56,757,50,428,6,329,0,0,10,391,46,183,10,574,California
Plumas,2021-01-14,96,853,14,442,82,411,0,0,91,477,5,188,91,665,California
Plumas,2021-01-15,62,915,7,449,55,466,0,0,60,535,2,190,60,725,California
Plumas,2021-01-16,58,973,1,450,57,523,0,0,58,593,0,190,58,783,California
Plumas,2021-01-18,2,975,1,451,1,524,0,0,2,595,0,190,2,785,California
Plumas,2021-01-19,36,1011,5,456,31,555,0,0,32,623,4,194,32,817,California
Plumas,2021-01-20,121,1132,3,459,118,673,0,0,119,740,2,196,119,936,California
Plumas,2021-01-21,112,1244,2,461,110,783,0,0,112,852,0,196,112,1048,California
Plumas,2021-01-22,5,1249,1,462,4,787,0,0,5,857,0,196,5,1053,California
Plumas,2021-01-23,93,1342,2,464,91,878,0,0,93,950,0,196,93,1146,California
Plumas,2021-01-24,1,1343,1,465,0,878,0,0,1,951,0,196,1,1147,California
Plumas,2021-01-25,10,1353,7,472,3,881,0,0,7,955,3,199,7,1154,California
Plumas,2021-01-26,60,1413,2,474,58,939,0,0,52,999,8,207,52,1206,California
Plumas,2021-01-27,25,1438,20,494,5,944,0,0,5,984,20,227,5,1211,California
Plumas,2021-01-28,23,1461,0,494,23,967,0,0,21,1003,2,229,21,1232,California
Plumas,2021-01-29,8,1469,2,496,6,973,0,0,7,1009,1,230,7,1239,California
Plumas,2021-01-30,8,1477,4,500,4,977,0,0,7,1015,1,231,7,1246,California
Plumas,2021-01-31,3,1480,3,503,0,977,0,0,3,1018,0,231,3,1249,California
Plumas,2021-02-01,15,1495,2,505,13,990,0,0,7,1017,8,239,7,1256,California
Plumas,2021-02-02,21,1516,2,507,19,1009,0,0,2,1000,19,258,2,1258,California
Plumas,2021-02-03,128,1644,8,515,120,1129,0,0,13,899,114,372,13,1271,California
Plumas,2021-02-04,101,1745,8,523,93,1222,0,0,23,844,78,450,23,1294,California
Plumas,2021-02-05,24,1769,11,534,13,1235,0,0,9,838,15,465,9,1303,California
Plumas,2021-02-06,7,1776,0,534,7,1242,0,0,7,845,0,465,7,1310,California
Plumas,2021-02-08,16,1792,7,541,9,1251,0,0,4,837,12,477,4,1314,California
Plumas,2021-02-09,171,1963,1,542,170,1421,0,0,111,888,60,537,111,1425,California
Plumas,2021-02-10,89,2052,9,551,80,1501,0,0,80,960,9,546,81,1506,California
Plumas,2021-02-11,322,2374,7,558,315,1816,0,0,263,1164,59,605,263,1769,California
Plumas,2021-02-12,123,2497,4,562,119,1935,0,0,118,1277,5,610,118,1887,California
Plumas,2021-02-13,74,2571,5,567,69,2004,0,0,14,1231,60,670,14,1901,California
Plumas,2021-02-14,8,2579,5,572,3,2007,0,0,8,1239,0,670,8,1909,California
Plumas,2021-02-15,27,2606,5,577,22,2029,0,0,24,1260,3,673,24,1933,California
Plumas,2021-02-16,76,2682,4,581,72,2101,0,0,14,1212,62,735,14,1947,California
Plumas,2021-02-17,136,2818,5,586,131,2232,0,0,12,1100,124,859,12,1959,California
Plumas,2021-02-18,128,2946,6,592,122,2354,0,0,19,1011,109,968,20,1979,California
Plumas,2021-02-19,41,2987,4,596,37,2391,0,0,6,982,35,1003,6,1985,California
Plumas,2021-02-20,104,3091,7,603,97,2488,0,0,12,902,92,1095,12,1997,California
Plumas,2021-02-21,5,3096,5,608,0,2488,0,0,1,899,4,1099,1,1998,California
Plumas,2021-02-22,3,3099,1,609,2,2490,0,0,0,896,3,1102,0,1998,California
Plumas,2021-02-23,25,3124,5,614,20,2510,0,0,17,905,8,1110,17,2015,California
Plumas,2021-02-24,457,3581,7,621,450,2960,0,0,444,1336,13,1123,444,2459,California
Plumas,2021-02-25,229,3810,10,631,219,3179,0,0,168,1443,61,1184,168,2627,California
Plumas,2021-02-26,267,4077,8,639,259,3438,0,0,259,1695,8,1192,260,2887,California
Plumas,2021-02-27,40,4117,4,643,36,3474,0,0,33,1721,7,1199,33,2920,California
Plumas,2021-02-28,1,4118,0,643,1,3475,0,0,1,1722,0,1199,1,2921,California
Plumas,2021-03-01,13,4131,3,646,10,3485,0,0,8,1726,4,1203,8,2929,California
Plumas,2021-03-02,8,4139,0,646,8,3493,0,0,6,1730,2,1205,6,2935,California
Plumas,2021-03-03,152,4291,10,656,142,3635,0,0,136,1850,16,1221,136,3071,California
Plumas,2021-03-04,251,4542,9,665,242,3877,0,0,229,2057,22,1243,229,3300,California
Plumas,2021-03-05,399,4941,7,672,387,4264,5,5,388,2439,11,1254,393,3693,California
Plumas,2021-03-06,19,4960,2,674,9,4273,8,13,3,2434,16,1270,11,3704,California
Plumas,2021-03-07,13,4973,2,676,2,4275,9,22,3,2436,10,1280,12,3716,California
Plumas,2021-03-08,29,5002,3,679,2,4277,24,46,3,2437,26,1306,27,3743,California
Plumas,2021-03-09,133,5135,2,681,116,4393,15,61,18,2355,115,1421,33,3776,California
Plumas,2021-03-10,255,5390,3,684,238,4631,14,75,108,2331,146,1567,122,3898,California
Plumas,2021-03-11,182,5572,8,692,169,4800,5,80,147,2448,35,1602,152,4050,California
Plumas,2021-03-12,595,6167,3,695,304,5104,288,368,23,2187,572,2174,311,4361,California
Plumas,2021-03-13,25,6192,4,699,10,5114,11,379,5,2183,20,2194,16,4377,California
Plumas,2021-03-14,12,6204,3,702,4,5118,5,384,1,2179,10,2204,6,4383,California
Plumas,2021-03-15,32,6236,1,703,24,5142,7,391,6,2166,26,2230,13,4396,California
Plumas,2021-03-16,60,6296,3,706,56,5198,1,392,49,2205,11,2241,50,4446,California
Plumas,2021-03-17,73,6369,9,715,63,5261,1,393,58,2250,14,2255,59,4505,California
Plumas,2021-03-18,60,6429,6,721,38,5299,16,409,12,2230,48,2303,28,4533,California
Plumas,2021-03-19,164,6593,6,727,156,5455,2,411,155,2381,7,2310,158,4691,California
Plumas,2021-03-20,693,7286,4,731,688,6143,1,412,673,3037,18,2328,674,5365,California
Plumas,2021-03-21,2,7288,1,732,1,6144,0,412,1,3038,0,2328,1,5366,California
Plumas,2021-03-22,183,7471,2,734,181,6325,0,412,176,3207,7,2335,176,5542,California
Plumas,2021-03-23,27,7498,2,736,25,6350,0,412,13,3206,14,2349,13,5555,California
Plumas,2021-03-24,654,8152,7,743,646,6996,1,413,223,3000,430,2779,224,5779,California
Plumas,2021-03-25,299,8451,7,750,290,7286,2,415,157,3015,142,2921,157,5936,California
Plumas,2021-03-26,315,8766,9,759,306,7592,0,415,46,2793,268,3189,46,5982,California
Plumas,2021-03-27,13,8779,1,760,11,7603,1,416,3,2787,10,3199,4,5986,California
Plumas,2021-03-28,5,8784,3,763,1,7604,1,417,3,2789,2,3201,4,5990,California
Plumas,2021-03-29,12,8796,4,767,7,7611,1,418,4,2786,8,3209,5,5995,California
Plumas,2021-03-30,151,8947,3,770,147,7758,1,419,24,2684,127,3336,25,6020,California
Plumas,2021-03-31,289,9236,2,772,286,8044,1,420,268,2933,20,3356,269,6289,California
Plumas,2021-04-01,297,9533,11,783,285,8329,1,421,60,2758,235,3591,60,6349,California
Plumas,2021-04-02,375,9908,5,788,369,8698,1,422,29,2454,334,3925,30,6379,California
Plumas,2021-04-03,16,9924,3,791,5,8703,8,430,4,2454,12,3937,12,6391,California
Plumas,2021-04-04,3,9927,1,792,1,8704,1,431,0,2452,3,3940,1,6392,California
Plumas,2021-04-05,10,9937,3,795,6,8710,1,432,3,2449,7,3947,4,6396,California
Plumas,2021-04-06,120,10057,6,801,88,8798,26,458,13,2381,107,4054,39,6435,California
Plumas,2021-04-07,281,10338,7,808,99,8897,175,633,28,2331,253,4307,203,6638,California
Plumas,2021-04-08,155,10493,3,811,136,9033,16,649,34,2260,120,4427,49,6687,California
Plumas,2021-04-09,50,10543,9,820,25,9058,16,665,19,2263,31,4458,34,6721,California
Plumas,2021-04-10,22,10565,2,822,4,9062,16,681,3,2263,19,4477,19,6740,California
Plumas,2021-04-11,4,10569,3,825,0,9062,1,682,3,2266,1,4478,4,6744,California
Plumas,2021-04-12,10,10579,5,830,3,9065,2,684,7,2272,3,4481,9,6753,California
Plumas,2021-04-13,206,10785,5,835,201,9266,0,684,138,2342,68,4549,138,6891,California
Plumas,2021-04-14,108,10893,8,843,100,9366,0,684,54,2342,54,4603,54,6945,California
Plumas,2021-04-15,50,10943,2,845,48,9414,0,684,32,2356,18,4621,32,6977,California
Plumas,2021-04-16,144,11087,4,849,140,9554,0,684,4,2220,140,4761,4,6981,California
Plumas,2021-04-17,666,11753,1,850,665,10219,0,684,20,1596,644,5405,20,7001,California
Plumas,2021-04-18,3,11756,2,852,1,10220,0,684,1,1595,2,5407,1,7002,California
Plumas,2021-04-19,38,11794,3,855,35,10255,0,684,5,1567,33,5440,5,7007,California
Plumas,2021-04-20,41,11835,4,859,37,10292,0,684,25,1577,15,5455,25,7032,California
Plumas,2021-04-21,312,12147,5,864,306,10598,1,685,18,1301,294,5749,18,7050,California
Plumas,2021-04-22,272,12419,8,872,264,10862,0,685,130,1289,142,5891,130,7180,California
Plumas,2021-04-23,73,12492,6,878,67,10929,0,685,16,1248,57,5948,16,7196,California
Plumas,2021-04-24,171,12663,5,883,166,11095,0,685,146,1370,24,5972,146,7342,California
Plumas,2021-04-26,29,12692,4,887,25,11120,0,685,9,1360,19,5991,9,7351,California
Plumas,2021-04-27,87,12779,3,890,84,11204,0,685,51,1375,36,6027,51,7402,California
Plumas,2021-04-28,282,13061,4,894,278,11482,0,685,37,1167,245,6272,37,7439,California
Plumas,2021-04-29,172,13233,69,963,103,11585,0,685,118,1232,53,6325,118,7557,California
Plumas,2021-04-30,23,13256,11,974,12,11597,0,685,7,1223,16,6341,7,7564,California
Plumas,2021-05-01,2,13258,1,975,0,11597,1,686,0,1222,2,6343,1,7565,California
Plumas,2021-05-02,3,13261,3,978,0,11597,0,686,1,1221,2,6345,1,7566,California
Plumas,2021-05-03,18,13279,8,986,4,11601,6,692,7,1223,11,6356,13,7579,California
Plumas,2021-05-04,28,13307,3,989,19,11620,6,698,17,1235,11,6367,23,7602,California
Plumas,2021-05-05,44,13351,6,995,37,11657,1,699,17,1226,27,6394,18,7620,California
Plumas,2021-05-06,53,13404,3,998,45,11702,5,704,13,1205,39,6433,18,7638,California
Plumas,2021-05-07,22,13426,6,1004,16,11718,0,704,7,1197,15,6448,7,7645,California
Plumas,2021-05-08,8,13434,1,1005,4,11722,3,707,4,1201,3,6451,7,7652,California
Plumas,2021-05-10,47,13481,0,1005,24,11746,23,730,22,1221,25,6476,45,7697,California
Riverside,2020-12-15,5,5,5,5,0,0,0,0,5,5,0,0,5,5,California
Riverside,2020-12-16,64,69,64,69,0,0,0,0,64,69,0,0,64,69,California
Riverside,2020-12-17,804,873,804,873,0,0,0,0,804,873,0,0,804,873,California
Riverside,2020-12-18,1722,2595,1721,2594,1,1,0,0,1722,2595,0,0,1722,2595,California
Riverside,2020-12-19,1026,3621,1023,3617,3,4,0,0,1024,3618,1,1,1024,3619,California
Riverside,2020-12-20,1083,4704,1082,4699,1,5,0,0,1083,4701,0,1,1083,4702,California
Riverside,2020-12-21,2273,6977,2271,6970,2,7,0,0,2273,6974,0,1,2273,6975,California
Riverside,2020-12-22,2255,9232,2216,9186,39,46,0,0,2254,9228,0,1,2254,9229,California
Riverside,2020-12-23,2129,11361,1792,10978,337,383,0,0,2130,11358,0,1,2130,11359,California
Riverside,2020-12-24,828,12189,626,11604,202,585,0,0,828,12186,0,1,828,12187,California
Riverside,2020-12-25,28,12217,5,11609,23,608,0,0,28,12214,0,1,28,12215,California
Riverside,2020-12-26,400,12617,257,11866,143,751,0,0,400,12614,0,1,400,12615,California
Riverside,2020-12-27,361,12978,243,12109,118,869,0,0,361,12975,0,1,361,12976,California
Riverside,2020-12-28,1626,14604,1126,13235,500,1369,0,0,1626,14601,0,1,1626,14602,California
Riverside,2020-12-29,1738,16342,972,14207,766,2135,0,0,1738,16339,0,1,1738,16340,California
Riverside,2020-12-30,2577,18919,1683,15890,894,3029,0,0,2576,18915,0,1,2576,18916,California
Riverside,2020-12-31,1022,19941,395,16285,627,3656,0,0,1024,19939,0,1,1024,19940,California
Riverside,2021-01-01,115,20056,44,16329,71,3727,0,0,115,20054,0,1,115,20055,California
Riverside,2021-01-02,834,20890,694,17023,140,3867,0,0,834,20888,0,1,834,20889,California
Riverside,2021-01-03,343,21233,298,17321,45,3912,0,0,342,21230,0,1,342,21231,California
Riverside,2021-01-04,1265,22498,797,18118,468,4380,0,0,1265,22495,0,1,1265,22496,California
Riverside,2021-01-05,1984,24482,1363,19481,621,5001,0,0,1889,24295,89,90,1889,24385,California
Riverside,2021-01-06,2496,26978,1112,20593,1384,6385,0,0,2190,26183,302,392,2190,26575,California
Riverside,2021-01-07,2766,29744,1813,22406,953,7338,0,0,1705,26834,1056,1448,1707,28282,California
Riverside,2021-01-08,4055,33799,2935,25341,1120,8458,0,0,2245,27273,1806,3254,2245,30527,California
Riverside,2021-01-09,2070,35869,844,26185,1226,9684,0,0,1723,28650,346,3600,1723,32250,California
Riverside,2021-01-10,1667,37536,735,26920,932,10616,0,0,1063,29109,604,4204,1063,33313,California
Riverside,2021-01-11,4525,42061,3103,30023,1422,12038,0,0,2790,30167,1733,5937,2791,36104,California
Riverside,2021-01-12,3404,45465,2730,32753,674,12712,0,0,1717,30202,1682,7619,1717,37821,California
Riverside,2021-01-13,4389,49854,2870,35623,1519,14231,0,0,2784,31384,1602,9221,2784,40605,California
Riverside,2021-01-14,5495,55349,1895,37518,3600,17831,0,0,4907,35703,588,9809,4907,45512,California
Riverside,2021-01-15,6154,61503,2096,39614,4058,21889,0,0,5866,41282,287,10096,5866,51378,California
Riverside,2021-01-16,3608,65111,1017,40631,2591,24480,0,0,3362,44399,246,10342,3363,54741,California
Riverside,2021-01-17,3591,68702,582,41213,3009,27489,0,0,3394,47598,195,10537,3394,58135,California
Riverside,2021-01-18,3729,72431,2023,43236,1706,29195,0,0,2724,49317,1005,11542,2724,60859,California
Riverside,2021-01-19,7408,79839,2643,45879,4765,33960,0,0,6291,54492,1117,12659,6292,67151,California
Riverside,2021-01-20,8108,87947,3023,48902,5085,39045,0,0,6535,59469,1562,14221,6539,73690,California
Riverside,2021-01-21,8363,96310,3521,52423,4842,43887,0,0,7714,66534,649,14870,7714,81404,California
Riverside,2021-01-22,8727,105037,2980,55403,5747,49634,0,0,8297,74404,428,15298,8298,89702,California
Riverside,2021-01-23,5925,110962,2393,57796,3532,53166,0,0,5197,78874,728,16026,5198,94900,California
Riverside,2021-01-24,3034,113996,1430,59226,1604,54770,0,0,2820,81484,211,16237,2821,97721,California
Riverside,2021-01-25,7879,121875,4537,63763,3342,58112,0,0,6753,87113,1125,17362,6754,104475,California
Riverside,2021-01-26,9121,130996,5731,69494,3390,61502,0,0,7609,93214,1509,18871,7610,112085,California
Riverside,2021-01-27,10905,141901,6387,75881,4518,66020,0,0,9298,100912,1603,20474,9301,121386,California
Riverside,2021-01-28,11488,153389,6780,82661,4708,70728,0,0,10329,110091,1151,21625,10330,131716,California
Riverside,2021-01-29,11922,165311,7276,89937,4646,75374,0,0,10553,119306,1342,22967,10557,142273,California
Riverside,2021-01-30,9049,174360,4605,94542,4444,79818,0,0,8586,127433,460,23427,8587,150860,California
Riverside,2021-01-31,5161,179521,4250,98792,911,80729,0,0,5028,132333,132,23559,5032,155892,California
Riverside,2021-02-01,10870,190391,6712,105504,4158,84887,0,0,9084,139641,1779,25338,9087,164979,California
Riverside,2021-02-02,9511,199902,4847,110351,4664,89551,0,0,8016,146172,1488,26826,8019,172998,California
Riverside,2021-02-03,12122,212024,5099,115450,7023,96574,0,0,9791,153642,2321,29147,9791,182789,California
Riverside,2021-02-04,13550,225574,6043,121493,7507,104081,0,0,11436,162973,2107,31254,11438,194227,California
Riverside,2021-02-05,14331,239905,5399,126892,8932,113013,0,0,11278,171210,3045,34299,11282,205509,California
Riverside,2021-02-06,7260,247165,4288,131180,2972,115985,0,0,5615,175191,1637,35936,5618,211127,California
Riverside,2021-02-07,2167,249332,796,131976,1371,117356,0,0,1851,176728,315,36251,1852,212979,California
Riverside,2021-02-08,12453,261785,5533,137509,6920,124276,0,0,10139,184574,2297,38548,10143,223122,California
Riverside,2021-02-09,9668,271453,4547,142056,5121,129397,0,0,7726,190371,1934,40482,7731,230853,California
Riverside,2021-02-10,12069,283522,6980,149036,5089,134486,0,0,8896,196114,3161,43643,8904,239757,California
Riverside,2021-02-11,16586,300108,9042,158078,7544,142030,0,0,12080,203726,4483,48126,12095,251852,California
Riverside,2021-02-12,17683,317791,10817,168895,6866,148896,0,0,12811,211722,4827,52953,12823,264675,California
Riverside,2021-02-13,6324,324115,2126,171021,4198,153094,0,0,3098,211633,3208,56161,3119,267794,California
Riverside,2021-02-14,4927,329042,1122,172143,3805,156899,0,0,2175,211061,2748,58909,2176,269970,California
Riverside,2021-02-15,9823,338865,4998,177141,4825,161724,0,0,5408,212069,4407,63316,5415,275385,California
Riverside,2021-02-16,16105,354970,10104,187245,6001,167725,0,0,9246,214471,6852,70168,9254,284639,California
Riverside,2021-02-17,15014,369984,8202,195447,6812,174537,0,0,7444,214368,7557,77725,7454,292093,California
Riverside,2021-02-18,15528,385512,8992,204439,6536,181073,0,0,8022,214916,7488,85213,8036,300129,California
Riverside,2021-02-19,15258,400770,8222,212661,7036,188109,0,0,7209,214103,8030,93243,7217,307346,California
Riverside,2021-02-20,8312,409082,4497,217158,3815,191924,0,0,2170,210151,6125,99368,2173,309519,California
Riverside,2021-02-21,4352,413434,3833,220991,519,192443,0,0,1217,208247,3121,102489,1217,310736,California
Riverside,2021-02-22,12355,425789,7760,228751,4595,197038,0,0,5102,206120,7234,109723,5107,315843,California
Riverside,2021-02-23,11090,436879,7557,236308,3533,200571,0,0,5389,205841,5672,115395,5393,321236,California
Riverside,2021-02-24,14802,451681,8098,244406,6704,207275,0,0,6294,203683,8469,123864,6311,327547,California
Riverside,2021-02-25,17324,469005,7381,251787,9943,217218,0,0,8041,202488,9261,133125,8066,335613,California
Riverside,2021-02-26,18595,487600,6717,258504,11878,229096,0,0,9288,202560,9249,142374,9321,344934,California
Riverside,2021-02-27,12026,499626,5560,264064,6466,235562,0,0,5751,202098,6240,148614,5778,350712,California
Riverside,2021-02-28,4886,504512,3222,267286,1664,237226,0,0,2414,202058,2461,151075,2421,353133,California
Riverside,2021-03-01,14305,518817,6092,273378,8212,245438,1,1,8429,204673,5842,156917,8457,361590,California
Riverside,2021-03-02,15283,534100,7435,280813,7847,253285,1,2,8974,207389,6286,163203,9002,370592,California
Riverside,2021-03-03,16856,550956,8342,289155,8514,261799,0,2,7279,205267,9528,172731,7406,377998,California
Riverside,2021-03-04,18716,569672,7449,296604,11263,273062,4,6,8891,204532,9780,182511,9045,387043,California
Riverside,2021-03-05,18745,588417,7522,304126,11179,284241,44,50,9279,204716,9416,191927,9600,396643,California
Riverside,2021-03-06,9449,597866,5014,309140,3953,288194,482,532,4698,205188,4737,196664,5209,401852,California
Riverside,2021-03-07,4173,602039,2697,311837,1087,289281,389,921,1959,205336,2204,198868,2352,404204,California
Riverside,2021-03-08,11931,613970,4739,316576,6783,296064,409,1330,5312,204503,6600,205468,5767,409971,California
Riverside,2021-03-09,14659,628629,6761,323337,7400,303464,498,1828,5788,202070,8853,214321,6420,416391,California
Riverside,2021-03-10,15630,644259,8390,331727,6353,309817,887,2715,6015,199549,9575,223896,7054,423445,California
Riverside,2021-03-11,19198,663457,9443,341170,7910,317727,1845,4560,7562,197565,11602,235498,9618,433063,California
Riverside,2021-03-12,21147,684604,7921,349091,8492,326219,4734,9294,7093,195699,14021,249519,12155,445218,California
Riverside,2021-03-13,8390,692994,2507,351598,4677,330896,1206,10500,4295,197203,4076,253595,5580,450798,California
Riverside,2021-03-14,4605,697599,1580,353178,1734,332630,1291,11791,2044,197984,2551,256146,3332,454130,California
Riverside,2021-03-15,18679,716278,7849,361027,9157,341787,1673,13464,9202,199523,9436,265582,10975,465105,California
Riverside,2021-03-16,20886,737164,10137,371164,9935,351722,814,14278,11386,202356,9460,275042,12293,477398,California
Riverside,2021-03-17,21273,758437,10913,382077,9312,361034,1048,15326,12781,207786,8457,283499,13887,491285,California
Riverside,2021-03-18,22561,780998,11735,393812,9172,370206,1654,16980,12525,211984,9989,293488,14187,505472,California
Riverside,2021-03-19,24007,805005,12576,406388,10481,380687,950,17930,14034,217410,9919,303407,15345,520817,California
Riverside,2021-03-20,10595,815600,6837,413225,2593,383280,1165,19095,6826,221661,3740,307147,7991,528808,California
Riverside,2021-03-21,3677,819277,2873,416098,551,383831,253,19348,2525,223300,1139,308286,2778,531586,California
Riverside,2021-03-22,16641,835918,9925,426023,6163,389994,553,19901,10604,228465,5989,314275,11154,542740,California
Riverside,2021-03-23,18547,854465,10497,436520,7628,397622,422,20323,11964,234338,6528,320803,12401,555141,California
Riverside,2021-03-24,18680,873145,10413,446933,8147,405769,120,20443,12842,241516,5792,326595,12970,568111,California
Riverside,2021-03-25,21091,894236,11643,458576,9270,415039,178,20621,14169,249015,6855,333450,14354,582465,California
Riverside,2021-03-26,24055,918291,11866,470442,12016,427055,173,20794,15014,255260,8944,342394,15189,597654,California
Riverside,2021-03-27,9274,927565,4864,475306,3355,430410,1055,21849,4804,256670,4450,346844,5860,603514,California
Riverside,2021-03-28,4719,932284,3102,478408,1525,431935,92,21941,2832,257721,1874,348718,2925,606439,California
Riverside,2021-03-29,17619,949903,8435,486843,9068,441003,116,22057,10957,262179,6626,355344,11084,617523,California
Riverside,2021-03-30,18314,968217,9537,496380,8573,449576,204,22261,11799,267707,6477,361821,12005,629528,California
Riverside,2021-03-31,18008,986225,8376,504756,9333,458909,299,22560,11458,272966,6508,368329,11767,641295,California
Riverside,2021-04-01,25360,1011585,12387,517143,12215,471124,758,23318,16400,281219,8903,377232,17156,658451,California
Riverside,2021-04-02,26009,1037594,14013,531156,11057,482181,939,24257,16347,289119,9610,386842,17510,675961,California
Riverside,2021-04-03,9262,1046856,5894,537050,2791,484972,577,24834,6004,292458,3240,390082,6579,682540,California
Riverside,2021-04-04,3369,1050225,2046,539096,1085,486057,238,25072,1751,292838,1610,391692,1990,684530,California
Riverside,2021-04-05,18348,1068573,9407,548503,7104,493161,1837,26909,9889,296142,8422,400114,11726,696256,California
Riverside,2021-04-06,23677,1092250,12308,560811,9257,502418,2112,29021,13200,301022,10426,410540,15306,711562,California
Riverside,2021-04-07,24519,1116769,13179,573990,8860,511278,2480,31501,13654,306336,10822,421362,16136,727698,California
Riverside,2021-04-08,26925,1143694,14785,588775,9202,520480,2938,34439,16403,315197,10462,431824,19323,747021,California
Riverside,2021-04-09,26007,1169701,15278,604053,8313,528793,2416,36855,15895,323456,10070,441894,18329,765350,California
Riverside,2021-04-10,11919,1181620,6702,610755,3830,532623,1387,38242,5224,323409,6653,448547,6606,771956,California
Riverside,2021-04-11,4580,1186200,2725,613480,1243,533866,612,38854,2169,323789,2400,450947,2780,774736,California
Riverside,2021-04-12,20045,1206245,8910,622390,8514,542380,2621,41475,10075,326552,9931,460878,12694,787430,California
Riverside,2021-04-13,19880,1226125,11140,633530,8714,551094,26,41501,11360,329462,8478,469356,11388,798818,California
Riverside,2021-04-14,21999,1248124,12094,645624,9890,560984,15,41516,10783,329111,11152,480508,10801,809619,California
Riverside,2021-04-15,21639,1269763,12155,657779,9477,570461,7,41523,11344,330230,10234,490742,11353,820972,California
Riverside,2021-04-16,24916,1294679,14424,672203,10486,580947,6,41529,11626,328630,13239,503981,11639,832611,California
Riverside,2021-04-17,9834,1304513,6483,678686,3351,584298,0,41529,4971,328759,4848,508829,4977,837588,California
Riverside,2021-04-18,3856,1308369,2812,681498,1037,585335,7,41536,1840,328603,2005,510834,1849,839437,California
Riverside,2021-04-19,19431,1327800,11558,693056,7870,593205,3,41539,6956,323132,12435,523269,6964,846401,California
Riverside,2021-04-20,18769,1346569,9877,702933,8883,602088,9,41548,7683,319779,11049,534318,7696,854097,California
Riverside,2021-04-21,19443,1366012,11079,714012,8356,610444,8,41556,7662,315734,11722,546040,7677,861774,California
Riverside,2021-04-22,23064,1389076,13417,727429,9644,620088,3,41559,8570,309882,14430,560470,8578,870352,California
Riverside,2021-04-23,23243,1412319,13692,741121,9537,629625,14,41573,9143,305001,14046,574516,9165,879517,California
Riverside,2021-04-24,10468,1422787,7314,748435,3152,632777,2,41575,4854,304279,5579,580095,4857,884374,California
Riverside,2021-04-25,4208,1426995,2821,751256,1387,634164,0,41575,2200,304485,1995,582090,2201,886575,California
Riverside,2021-04-26,15940,1442935,9976,761232,5919,640083,45,41620,5320,299265,10588,592678,5368,891943,California
Riverside,2021-04-27,17139,1460074,9703,770935,7275,647358,161,41781,5895,294120,11201,603879,6056,897999,California
Riverside,2021-04-28,16379,1476453,8823,779758,7304,654662,252,42033,5525,289102,10795,614674,5777,903776,California
Riverside,2021-04-29,18573,1495026,11387,791145,6851,661513,335,42368,5375,281678,13134,627808,5710,909486,California
Riverside,2021-04-30,19550,1514576,11274,802419,7905,669418,371,42739,6239,275027,13264,641072,6613,916099,California
Riverside,2021-05-01,6749,1521325,4866,807285,1715,671133,168,42907,2318,273102,4409,645481,2484,918583,California
Riverside,2021-05-02,3345,1524670,2184,809469,956,672089,205,43112,1064,272110,2267,647748,1275,919858,California
Riverside,2021-05-03,17862,1542532,10940,820409,6450,678539,472,43584,4078,262935,13724,661472,4549,924407,California
Riverside,2021-05-04,17053,1559585,10831,831240,5815,684354,407,43991,4793,255933,12203,673675,5201,929608,California
Riverside,2021-05-05,13828,1573413,7926,839166,5563,689917,339,44330,3849,250191,9930,683605,4188,933796,California
Riverside,2021-05-06,15491,1588904,8738,847904,6365,696282,388,44718,3763,242673,11671,695276,4153,937949,California
Riverside,2021-05-07,17571,1606475,10416,858320,6732,703014,423,45141,4396,234383,13109,708385,4819,942768,California
Riverside,2021-05-08,5808,1612283,3726,862046,1897,704911,185,45326,2271,233326,3513,711898,2456,945224,California
Riverside,2021-05-09,2246,1614529,1488,863534,608,705519,150,45476,830,232901,1406,713304,981,946205,California
Riverside,2021-05-10,4560,1619089,2300,865834,2173,707692,87,45563,1047,230541,3494,716798,1134,947339,California
Sacramento,2020-12-15,315,315,315,315,0,0,0,0,315,315,0,0,315,315,California
Sacramento,2020-12-16,643,958,643,958,0,0,0,0,643,958,0,0,643,958,California
Sacramento,2020-12-17,647,1605,647,1605,0,0,0,0,647,1605,0,0,647,1605,California
Sacramento,2020-12-18,969,2574,969,2574,0,0,0,0,969,2574,0,0,969,2574,California
Sacramento,2020-12-19,612,3186,612,3186,0,0,0,0,612,3186,0,0,612,3186,California
Sacramento,2020-12-20,633,3819,633,3819,0,0,0,0,633,3819,0,0,633,3819,California
Sacramento,2020-12-21,1676,5495,1676,5495,0,0,0,0,1677,5496,0,0,1677,5496,California
Sacramento,2020-12-22,2095,7590,2062,7557,33,33,0,0,2095,7591,0,0,2095,7591,California
Sacramento,2020-12-23,2248,9838,2080,9637,168,201,0,0,2248,9839,0,0,2248,9839,California
Sacramento,2020-12-24,1046,10884,834,10471,212,413,0,0,1046,10885,0,0,1046,10885,California
Sacramento,2020-12-25,1,10885,0,10471,1,414,0,0,1,10886,0,0,1,10886,California
Sacramento,2020-12-26,509,11394,291,10762,218,632,0,0,509,11395,0,0,509,11395,California
Sacramento,2020-12-27,351,11745,247,11009,104,736,0,0,351,11746,0,0,351,11746,California
Sacramento,2020-12-28,1902,13647,1324,12333,578,1314,0,0,1901,13646,1,1,1901,13647,California
Sacramento,2020-12-29,1954,15601,1189,13522,765,2079,0,0,1954,15600,0,1,1954,15601,California
Sacramento,2020-12-30,2560,18161,1457,14979,1103,3182,0,0,2561,18161,0,1,2561,18162,California
Sacramento,2020-12-31,1228,19389,695,15674,533,3715,0,0,1229,19390,0,1,1229,19391,California
Sacramento,2021-01-01,81,19470,70,15744,11,3726,0,0,81,19471,0,1,81,19472,California
Sacramento,2021-01-02,563,20033,362,16106,201,3927,0,0,563,20034,0,1,563,20035,California
Sacramento,2021-01-03,410,20443,221,16327,189,4116,0,0,410,20444,0,1,410,20445,California
Sacramento,2021-01-04,1958,22401,845,17172,1113,5229,0,0,1956,22399,1,2,1956,22401,California
Sacramento,2021-01-05,2213,24614,986,18158,1227,6456,0,0,1859,23911,354,356,1866,24267,California
Sacramento,2021-01-06,2734,27348,1623,19781,1111,7567,0,0,1959,25098,772,1128,1959,26226,California
Sacramento,2021-01-07,2835,30183,1506,21287,1329,8896,0,0,1974,26214,858,1986,1974,28200,California
Sacramento,2021-01-08,3296,33479,2091,23378,1205,10101,0,0,2262,27447,1030,3016,2263,30463,California
Sacramento,2021-01-09,1289,34768,798,24176,491,10592,0,0,899,27958,388,3404,899,31362,California
Sacramento,2021-01-10,1246,36014,710,24886,536,11128,0,0,775,28264,470,3874,776,32138,California
Sacramento,2021-01-11,4350,40364,2960,27846,1390,12518,0,0,2413,28753,1936,5810,2425,34563,California
Sacramento,2021-01-12,4396,44760,3033,30879,1363,13881,0,0,2430,29222,1965,7775,2434,36997,California
Sacramento,2021-01-13,3789,48549,2171,33050,1618,15499,0,0,2378,30191,1410,9185,2379,39376,California
Sacramento,2021-01-14,4627,53176,2369,35419,2258,17757,0,0,3704,32976,919,10104,3704,43080,California
Sacramento,2021-01-15,4427,57603,2265,37684,2162,19919,0,0,3705,35961,721,10825,3706,46786,California
Sacramento,2021-01-16,2092,59695,1292,38976,800,20719,0,0,1875,37619,217,11042,1875,48661,California
Sacramento,2021-01-17,1643,61338,952,39928,691,21410,0,0,1465,38909,178,11220,1468,50129,California
Sacramento,2021-01-18,2860,64198,1768,41696,1092,22502,0,0,2333,40717,526,11746,2334,52463,California
Sacramento,2021-01-19,4999,69197,3051,44747,1948,24450,0,0,3728,43176,1271,13017,3730,56193,California
Sacramento,2021-01-20,4809,74006,2848,47595,1961,26411,0,0,3588,45546,1223,14240,3593,59786,California
Sacramento,2021-01-21,5198,79204,2995,50590,2203,28614,0,0,4233,48821,959,15199,4234,64020,California
Sacramento,2021-01-22,4985,84189,2654,53244,2331,30945,0,0,4684,53206,300,15499,4685,68705,California
Sacramento,2021-01-23,3731,87920,1561,54805,2170,33115,0,0,3274,56023,457,15956,3274,71979,California
Sacramento,2021-01-24,1596,89516,996,55801,600,33715,0,0,1355,57138,241,16197,1356,73335,California
Sacramento,2021-01-25,4362,93878,2113,57914,2249,35964,0,0,2944,58666,1418,17615,2946,76281,California
Sacramento,2021-01-26,4723,98601,2136,60050,2587,38551,0,0,3521,60989,1200,18815,3523,79804,California
Sacramento,2021-01-27,5812,104413,3055,63105,2757,41308,0,0,4207,63596,1602,20417,4209,84013,California
Sacramento,2021-01-28,5360,109773,2707,65812,2653,43961,0,0,4266,66770,1093,21510,4267,88280,California
Sacramento,2021-01-29,5396,115169,2938,68750,2458,46419,0,0,4372,70127,1015,22525,4372,92652,California
Sacramento,2021-01-30,4511,119680,2206,70956,2305,48724,0,0,4076,73770,433,22958,4076,96728,California
Sacramento,2021-01-31,2308,121988,2014,72970,294,49018,0,0,2033,75532,273,23231,2035,98763,California
Sacramento,2021-02-01,5910,127898,3015,75985,2895,51913,0,0,4248,78122,1658,24889,4248,103011,California
Sacramento,2021-02-02,6934,134832,3764,79749,3170,55083,0,0,4849,80907,2066,26955,4851,107862,California
Sacramento,2021-02-03,7095,141927,3554,83303,3541,58624,0,0,5232,84288,1853,28808,5234,113096,California
Sacramento,2021-02-04,7716,149643,3637,86940,4079,62703,0,0,5496,87574,2210,31018,5496,118592,California
Sacramento,2021-02-05,7813,157456,4452,91392,3361,66064,0,0,4877,89541,2913,33931,4880,123472,California
Sacramento,2021-02-06,8438,165894,3451,94843,4987,71051,0,0,7109,95326,1325,35256,7110,130582,California
Sacramento,2021-02-07,4074,169968,2188,97031,1886,72937,0,0,2851,96964,1215,36471,2853,133435,California
Sacramento,2021-02-08,6196,176164,3204,100235,2992,75929,0,0,3885,98542,2307,38778,3885,137320,California
Sacramento,2021-02-09,6800,182964,3588,103823,3212,79141,0,0,4010,99772,2781,41559,4011,141331,California
Sacramento,2021-02-10,7659,190623,4173,107996,3486,82627,0,0,4528,101184,3118,44677,4530,145861,California
Sacramento,2021-02-11,9604,200227,5746,113742,3858,86485,0,0,5546,102688,4044,48721,5548,151409,California
Sacramento,2021-02-12,10661,210888,4142,117884,6519,93004,0,0,6400,104890,4201,52922,6403,157812,California
Sacramento,2021-02-13,7675,218563,2991,120875,4684,97688,0,0,6090,109397,1583,54505,6090,163902,California
Sacramento,2021-02-14,3161,221724,1945,122820,1216,98904,0,0,2085,110412,1074,55579,2089,165991,California
Sacramento,2021-02-15,5984,227708,2042,124862,3942,102846,0,0,4161,112759,1816,57395,4163,170154,California
Sacramento,2021-02-16,9229,236937,4202,129064,5027,107873,0,0,5320,114181,3902,61297,5324,175478,California
Sacramento,2021-02-17,8823,245760,4977,134041,3846,111719,0,0,5136,115644,3675,64972,5138,180616,California
Sacramento,2021-02-18,9550,255310,5714,139755,3836,115555,0,0,5763,117630,3780,68752,5766,186382,California
Sacramento,2021-02-19,10006,265316,6136,145891,3870,119425,0,0,5909,119460,4084,72836,5914,192296,California
Sacramento,2021-02-20,7392,272708,5368,151259,2024,121449,0,0,4337,120751,3047,75883,4338,196634,California
Sacramento,2021-02-21,2927,275635,2326,153585,601,122050,0,0,1021,119874,1898,77781,1021,197655,California
Sacramento,2021-02-22,6185,281820,3743,157328,2442,124492,0,0,2682,119068,3492,81273,2686,200341,California
Sacramento,2021-02-23,7136,288956,4436,161764,2700,127192,0,0,3467,118886,3653,84926,3471,203812,California
Sacramento,2021-02-24,9650,298606,5294,167058,4356,131548,0,0,5286,119829,4347,89273,5290,209102,California
Sacramento,2021-02-25,10104,308710,5411,172469,4693,136241,0,0,5597,120934,4492,93765,5597,214699,California
Sacramento,2021-02-26,13900,322610,6469,178938,7431,143672,0,0,9573,126215,4296,98061,9577,224276,California
Sacramento,2021-02-27,10807,333417,6718,185656,4086,147758,3,3,7945,131319,2844,100905,7948,232224,California
Sacramento,2021-02-28,5612,339029,2223,187879,3389,151147,0,3,2590,130902,3008,103913,2591,234815,California
Sacramento,2021-03-01,8039,347068,3467,191346,4572,155719,0,3,4347,131580,3671,107584,4349,239164,California
Sacramento,2021-03-02,9236,356304,4016,195362,5219,160938,1,4,5673,133709,3548,111132,5677,244841,California
Sacramento,2021-03-03,10917,367221,5000,200362,5914,166852,3,7,6507,135830,4391,115523,6512,251353,California
Sacramento,2021-03-04,13413,380634,6162,206524,7247,174099,4,11,7464,137385,5919,121442,7474,258827,California
Sacramento,2021-03-05,10572,391206,4881,211405,5661,179760,30,41,7029,140922,3522,124964,7059,265886,California
Sacramento,2021-03-06,8086,399292,3100,214505,4864,184624,122,163,4093,141160,3976,128940,4214,270100,California
Sacramento,2021-03-07,7584,406876,2195,216700,5304,189928,85,248,3727,141118,3852,132792,3810,273910,California
Sacramento,2021-03-08,9098,415974,4243,220943,4631,194559,224,472,5958,144171,3127,135919,6180,280090,California
Sacramento,2021-03-09,9539,425513,4526,225469,4737,199296,276,748,5489,145902,4034,139953,5765,285855,California
Sacramento,2021-03-10,11679,437192,7475,232944,3874,203170,330,1078,6834,148258,4810,144763,7166,293021,California
Sacramento,2021-03-11,13924,451116,8913,241857,4216,207386,795,1873,8269,151704,5617,150380,9063,302084,California
Sacramento,2021-03-12,17265,468381,8307,250164,8125,215511,833,2706,8149,151631,9063,159443,8990,311074,California
Sacramento,2021-03-13,12943,481324,3568,253732,8951,224462,424,3130,8129,155379,4802,164245,8550,319624,California
Sacramento,2021-03-14,8372,489696,3462,257194,4280,228742,630,3760,4475,156609,3874,168119,5104,324728,California
Sacramento,2021-03-15,12156,501852,4820,262014,6686,235428,650,4410,7074,159274,5061,173180,7726,332454,California
Sacramento,2021-03-16,13952,515804,6203,268217,7111,242539,638,5048,8615,163218,5304,178484,9248,341702,California
Sacramento,2021-03-17,13579,529383,6570,274787,6399,248938,610,5658,8756,167793,4795,183279,9370,351072,California
Sacramento,2021-03-18,14032,543415,6608,281395,6860,255798,564,6222,9284,172922,4718,187997,9847,360919,California
Sacramento,2021-03-19,15083,558498,7487,288882,6224,262022,1372,7594,7627,174490,7429,195426,8997,369916,California
Sacramento,2021-03-20,12888,571386,7529,296411,5020,267042,339,7933,8162,178297,4696,200122,8503,378419,California
Sacramento,2021-03-21,5597,576983,2753,299164,2805,269847,39,7972,4944,182641,641,200763,4985,383404,California
Sacramento,2021-03-22,9347,586330,4793,303957,3718,273565,836,8808,6280,186717,3041,203804,7117,390521,California
Sacramento,2021-03-23,11311,597641,6743,310700,3760,277325,808,9616,7307,190866,3965,207769,8114,398635,California
Sacramento,2021-03-24,11842,609483,7269,317969,3943,281268,630,10246,6747,193230,5014,212783,7378,406013,California
Sacramento,2021-03-25,12576,622059,6851,324820,4917,286185,808,11054,7313,196127,5221,218004,8118,414131,California
Sacramento,2021-03-26,17609,639668,8318,333138,8803,294988,488,11542,8622,196319,8920,226924,9112,423243,California
Sacramento,2021-03-27,9670,649338,3556,336694,5824,300812,290,11832,5216,197398,4423,231347,5502,428745,California
Sacramento,2021-03-28,6503,655841,3213,339907,3042,303854,248,12080,3130,197416,3363,234710,3381,432126,California
Sacramento,2021-03-29,11010,666851,5895,345802,4744,308598,371,12451,5222,197251,5760,240470,5595,437721,California
Sacramento,2021-03-30,11841,678692,6077,351879,5373,313971,391,12842,6065,197952,5754,246224,6455,444176,California
Sacramento,2021-03-31,13377,692069,7821,359700,5160,319131,396,13238,5664,196317,7688,253912,6053,450229,California
Sacramento,2021-04-01,15624,707693,8743,368443,6662,325793,219,13457,5889,192725,9705,263617,6113,456342,California
Sacramento,2021-04-02,17023,724716,9659,378102,6637,332430,727,14184,8962,194382,8033,271650,9690,466032,California
Sacramento,2021-04-03,10344,735060,6165,384267,3632,336062,547,14731,6356,197320,3961,275611,6899,472931,California
Sacramento,2021-04-04,3681,738741,1519,385786,1975,338037,187,14918,1443,196713,2234,277845,1627,474558,California
Sacramento,2021-04-05,11991,750732,7526,393312,3635,341672,830,15748,5354,196287,6604,284449,6178,480736,California
Sacramento,2021-04-06,15542,766274,8833,402145,5366,347038,1343,17091,6871,195858,8640,293089,8211,488947,California
Sacramento,2021-04-07,14692,780966,7951,410096,5164,352202,1577,18668,7115,196996,7545,300634,8683,497630,California
Sacramento,2021-04-08,14892,795858,6683,416779,5244,357446,2965,21633,5912,196912,8948,309582,8864,506494,California
Sacramento,2021-04-09,15811,811669,7666,424445,5963,363409,2182,23815,6119,195552,9655,319237,8295,514789,California
Sacramento,2021-04-10,11646,823315,3115,427560,7477,370886,1054,24869,4552,194078,7069,326306,5595,520384,California
Sacramento,2021-04-11,9489,832804,3100,430660,6166,377052,223,25092,2602,190038,6863,333169,2823,523207,California
Sacramento,2021-04-12,12882,845686,5001,435661,6019,383071,1862,26954,4929,188915,7901,341070,6778,529985,California
Sacramento,2021-04-13,14243,859929,7956,443617,6283,389354,4,26958,5582,185869,8636,349706,5590,535575,California
Sacramento,2021-04-14,14872,874801,7931,451548,6939,396293,2,26960,5879,182791,8962,358668,5884,541459,California
Sacramento,2021-04-15,15360,890161,7473,459021,7885,404178,2,26962,6504,180476,8824,367492,6509,547968,California
Sacramento,2021-04-16,15985,906146,8263,467284,7722,411900,0,26962,7091,178714,8855,376347,7093,555061,California
Sacramento,2021-04-17,12063,918209,4422,471706,7641,419541,0,26962,7950,182571,4096,380443,7953,563014,California
Sacramento,2021-04-18,7237,925446,1940,473646,5297,424838,0,26962,3442,182232,3782,384225,3443,566457,California
Sacramento,2021-04-19,10515,935961,5690,479336,4822,429660,3,26965,4699,181139,5797,390022,4704,571161,California
Sacramento,2021-04-20,11075,947036,6718,486054,4354,434014,3,26968,5905,181899,5152,395174,5912,577073,California
Sacramento,2021-04-21,11438,958474,6605,492659,4831,438845,2,26970,6216,182922,5196,400370,6219,583292,California
Sacramento,2021-04-22,12333,970807,7426,500085,4904,443749,3,26973,6642,183901,5668,406038,6647,589939,California
Sacramento,2021-04-23,14261,985068,8455,508540,5806,449555,0,26973,6731,183136,7497,413535,6732,596671,California
Sacramento,2021-04-24,11304,996372,6999,515539,4304,453859,1,26974,5930,183731,5337,418872,5932,602603,California
Sacramento,2021-04-25,7973,1004345,4482,520021,3491,457350,0,26974,4157,184086,3803,422675,4158,606761,California
Sacramento,2021-04-26,9811,1014156,6151,526172,3635,460985,25,26999,4471,183271,5312,427987,4497,611258,California
Sacramento,2021-04-27,11167,1025323,7351,533523,3696,464681,120,27119,5441,183135,5697,433684,5561,616819,California
Sacramento,2021-04-28,9986,1035309,5693,539216,4092,468773,201,27320,5354,184089,4607,438291,5561,622380,California
Sacramento,2021-04-29,9759,1045068,6403,545619,3053,471826,303,27623,4961,184588,4766,443057,5265,627645,California
Sacramento,2021-04-30,11045,1056113,6437,552056,4345,476171,263,27886,5506,184858,5500,448557,5770,633415,California
Sacramento,2021-05-01,7549,1063662,5467,557523,1916,478087,166,28052,3223,183956,4293,452850,3391,636806,California
Sacramento,2021-05-02,3807,1067469,3156,560679,543,478630,108,28160,2175,184623,1614,454464,2281,639087,California
Sacramento,2021-05-03,6688,1074157,4880,565559,1528,480158,280,28440,3360,184950,3307,457771,3634,642721,California
Sacramento,2021-05-04,9315,1083472,5660,571219,3349,483507,306,28746,3779,183541,5492,463263,4083,646804,California
Sacramento,2021-05-05,10684,1094156,5734,576953,4513,488020,437,29183,4228,181776,6425,469688,4660,651464,California
Sacramento,2021-05-06,9583,1103739,5067,582020,4225,492245,291,29474,3565,179648,5983,475671,3855,655319,California
Sacramento,2021-05-07,10340,1114079,6035,588055,3930,496175,375,29849,4303,178331,5993,481664,4676,659995,California
Sacramento,2021-05-08,7681,1121760,3382,591437,4086,500261,213,30062,2599,176089,5052,486716,2810,662805,California
Sacramento,2021-05-09,3047,1124807,1619,593056,1321,501582,107,30169,1119,175401,1915,488631,1227,664032,California
Sacramento,2021-05-10,6316,1131123,2873,595929,3297,504879,146,30315,1327,171908,4969,493600,1476,665508,California
San Benito,2020-12-16,2,2,2,2,0,0,0,0,2,2,0,0,2,2,California
San Benito,2020-12-17,8,10,8,10,0,0,0,0,8,10,0,0,8,10,California
San Benito,2020-12-18,32,42,32,42,0,0,0,0,32,42,0,0,32,42,California
San Benito,2020-12-19,47,89,47,89,0,0,0,0,47,89,0,0,47,89,California
San Benito,2020-12-20,22,111,21,110,1,1,0,0,22,111,0,0,22,111,California
San Benito,2020-12-21,48,159,48,158,0,1,0,0,48,159,0,0,48,159,California
San Benito,2020-12-22,65,224,65,223,0,1,0,0,65,224,0,0,65,224,California
San Benito,2020-12-23,48,272,36,259,12,13,0,0,48,272,0,0,48,272,California
San Benito,2020-12-24,12,284,4,263,8,21,0,0,12,284,0,0,12,284,California
San Benito,2020-12-25,4,288,4,267,0,21,0,0,4,288,0,0,4,288,California
San Benito,2020-12-26,13,301,4,271,9,30,0,0,13,301,0,0,13,301,California
San Benito,2020-12-27,8,309,7,278,1,31,0,0,8,309,0,0,8,309,California
San Benito,2020-12-28,63,372,36,314,27,58,0,0,63,372,0,0,63,372,California
San Benito,2020-12-29,50,422,21,335,29,87,0,0,50,422,0,0,50,422,California
San Benito,2020-12-30,59,481,37,372,22,109,0,0,59,481,0,0,59,481,California
San Benito,2020-12-31,19,500,2,374,17,126,0,0,19,500,0,0,19,500,California
San Benito,2021-01-02,25,525,24,398,1,127,0,0,25,525,0,0,25,525,California
San Benito,2021-01-03,3,528,1,399,2,129,0,0,3,528,0,0,3,528,California
San Benito,2021-01-04,62,590,23,422,39,168,0,0,62,590,0,0,62,590,California
San Benito,2021-01-05,119,709,37,459,82,250,0,0,116,703,3,3,116,706,California
San Benito,2021-01-06,97,806,42,501,55,305,0,0,83,772,14,17,83,789,California
San Benito,2021-01-07,80,886,43,544,37,342,0,0,52,796,28,45,52,841,California
San Benito,2021-01-08,130,1016,67,611,63,405,0,0,86,838,44,89,86,927,California
San Benito,2021-01-09,42,1058,29,640,13,418,0,0,29,854,13,102,29,956,California
San Benito,2021-01-10,15,1073,13,653,2,420,0,0,5,849,10,112,5,961,California
San Benito,2021-01-11,100,1173,59,712,41,461,0,0,47,843,53,165,47,1008,California
San Benito,2021-01-12,157,1330,53,765,104,565,0,0,121,928,36,201,121,1129,California
San Benito,2021-01-13,190,1520,35,800,155,720,0,0,163,1064,27,228,163,1292,California
San Benito,2021-01-14,116,1636,23,823,93,813,0,0,99,1146,17,245,99,1391,California
San Benito,2021-01-15,215,1851,21,844,194,1007,0,0,201,1333,14,259,201,1592,California
San Benito,2021-01-16,27,1878,9,853,18,1025,0,0,21,1348,6,265,21,1613,California
San Benito,2021-01-17,11,1889,5,858,6,1031,0,0,8,1353,3,268,8,1621,California
San Benito,2021-01-18,36,1925,23,881,13,1044,0,0,21,1359,15,283,21,1642,California
San Benito,2021-01-19,152,2077,65,946,87,1131,0,0,125,1457,27,310,125,1767,California
San Benito,2021-01-20,275,2352,94,1040,181,1312,0,0,229,1641,45,355,229,1996,California
San Benito,2021-01-21,125,2477,32,1072,93,1405,0,0,100,1716,25,380,100,2096,California
San Benito,2021-01-22,231,2708,19,1091,212,1617,0,0,221,1927,10,390,221,2317,California
San Benito,2021-01-23,31,2739,17,1108,14,1631,0,0,13,1922,18,408,13,2330,California
San Benito,2021-01-24,11,2750,3,1111,8,1639,0,0,7,1925,4,412,7,2337,California
San Benito,2021-01-25,67,2817,25,1136,42,1681,0,0,21,1900,46,458,21,2358,California
San Benito,2021-01-26,134,2951,41,1177,93,1774,0,0,81,1928,53,511,81,2439,California
San Benito,2021-01-27,230,3181,69,1246,161,1935,0,0,190,2078,40,551,190,2629,California
San Benito,2021-01-28,155,3336,32,1278,123,2058,0,0,123,2170,31,582,123,2752,California
San Benito,2021-01-29,284,3620,31,1309,253,2311,0,0,261,2409,22,604,261,3013,California
San Benito,2021-01-30,50,3670,31,1340,19,2330,0,0,28,2415,22,626,28,3041,California
San Benito,2021-01-31,16,3686,5,1345,11,2341,0,0,11,2421,5,631,11,3052,California
San Benito,2021-02-01,133,3819,28,1373,105,2446,0,0,89,2466,44,675,89,3141,California
San Benito,2021-02-02,226,4045,49,1422,177,2623,0,0,136,2512,90,765,136,3277,California
San Benito,2021-02-03,336,4381,42,1464,294,2917,0,0,272,2720,64,829,272,3549,California
San Benito,2021-02-04,162,4543,24,1488,138,3055,0,0,118,2794,44,873,118,3667,California
San Benito,2021-02-05,289,4832,40,1528,249,3304,0,0,227,2959,62,935,227,3894,California
San Benito,2021-02-06,49,4881,9,1537,40,3344,0,0,32,2974,17,952,32,3926,California
San Benito,2021-02-07,15,4896,7,1544,8,3352,0,0,14,2987,1,953,14,3940,California
San Benito,2021-02-08,138,5034,15,1559,123,3475,0,0,92,3033,46,999,92,4032,California
San Benito,2021-02-09,327,5361,64,1623,263,3738,0,0,194,3094,133,1132,194,4226,California
San Benito,2021-02-10,319,5680,88,1711,231,3969,0,0,111,2998,207,1339,111,4337,California
San Benito,2021-02-11,296,5976,32,1743,264,4233,0,0,198,3098,98,1437,198,4535,California
San Benito,2021-02-12,412,6388,30,1773,382,4615,0,0,207,3101,204,1641,207,4742,California
San Benito,2021-02-13,57,6445,8,1781,49,4664,0,0,43,3130,14,1655,43,4785,California
San Benito,2021-02-14,40,6485,5,1786,35,4699,0,0,30,3150,10,1665,30,4815,California
San Benito,2021-02-15,106,6591,9,1795,97,4796,0,0,95,3234,11,1676,95,4910,California
San Benito,2021-02-16,205,6796,11,1806,194,4990,0,0,101,3231,104,1780,101,5011,California
San Benito,2021-02-17,327,7123,30,1836,297,5287,0,0,278,3460,49,1829,278,5289,California
San Benito,2021-02-18,293,7416,38,1874,255,5542,0,0,72,3311,221,2050,72,5361,California
San Benito,2021-02-19,342,7758,45,1919,297,5839,0,0,177,3323,165,2215,177,5538,California
San Benito,2021-02-20,45,7803,26,1945,19,5858,0,0,36,3350,9,2224,36,5574,California
San Benito,2021-02-21,23,7826,8,1953,15,5873,0,0,14,3355,9,2233,14,5588,California
San Benito,2021-02-22,132,7958,36,1989,96,5969,0,0,98,3420,33,2266,98,5686,California
San Benito,2021-02-23,374,8332,92,2081,282,6251,0,0,262,3570,112,2378,262,5948,California
San Benito,2021-02-24,377,8709,63,2144,314,6565,0,0,237,3667,140,2518,237,6185,California
San Benito,2021-02-25,392,9101,63,2207,329,6894,0,0,271,3815,123,2641,271,6456,California
San Benito,2021-02-26,640,9741,72,2279,568,7462,0,0,397,3969,243,2884,397,6853,California
San Benito,2021-02-27,98,9839,36,2315,62,7524,0,0,83,4037,15,2899,83,6936,California
San Benito,2021-02-28,249,10088,24,2339,225,7749,0,0,240,4268,9,2908,240,7176,California
San Benito,2021-03-01,224,10312,59,2398,165,7914,0,0,155,4353,70,2978,155,7331,California
San Benito,2021-03-02,276,10588,90,2488,186,8100,0,0,206,4489,70,3048,206,7537,California
San Benito,2021-03-03,394,10982,58,2546,336,8436,0,0,218,4533,174,3222,218,7755,California
San Benito,2021-03-04,610,11592,124,2670,471,8907,15,15,429,4785,181,3403,433,8188,California
San Benito,2021-03-05,581,12173,305,2975,264,9171,12,27,373,4963,207,3610,385,8573,California
San Benito,2021-03-06,191,12364,67,3042,110,9281,14,41,139,5064,52,3662,153,8726,California
San Benito,2021-03-07,647,13011,603,3645,22,9303,22,63,615,5669,32,3694,637,9363,California
San Benito,2021-03-08,288,13299,65,3710,177,9480,46,109,167,5761,121,3815,213,9576,California
San Benito,2021-03-09,423,13722,84,3794,240,9720,99,208,137,5685,285,4100,209,9785,California
San Benito,2021-03-10,402,14124,114,3908,193,9913,95,303,232,5842,170,4270,327,10112,California
San Benito,2021-03-11,467,14591,119,4027,196,10109,152,455,206,5939,261,4531,358,10470,California
San Benito,2021-03-12,511,15102,117,4144,300,10409,94,549,229,5983,280,4811,324,10794,California
San Benito,2021-03-13,202,15304,102,4246,82,10491,18,567,128,6058,71,4882,146,10940,California
San Benito,2021-03-14,232,15536,40,4286,172,10663,20,587,180,6207,51,4933,200,11140,California
San Benito,2021-03-15,325,15861,100,4386,206,10869,19,606,191,6283,134,5067,210,11350,California
San Benito,2021-03-16,497,16358,219,4605,247,11116,31,637,350,6516,147,5214,380,11730,California
San Benito,2021-03-17,785,17143,476,5081,288,11404,21,658,559,6866,222,5436,572,12302,California
San Benito,2021-03-18,786,17929,524,5605,207,11611,55,713,572,7272,212,5648,618,12920,California
San Benito,2021-03-19,777,18706,404,6009,350,11961,23,736,577,7672,200,5848,600,13520,California
San Benito,2021-03-20,239,18945,147,6156,80,12041,12,748,183,7811,56,5904,195,13715,California
San Benito,2021-03-21,108,19053,56,6212,47,12088,5,753,81,7870,27,5931,86,13801,California
San Benito,2021-03-22,344,19397,171,6383,148,12236,25,778,221,7993,123,6054,246,14047,California
San Benito,2021-03-23,475,19872,197,6580,268,12504,10,788,215,7957,260,6314,224,14271,California
San Benito,2021-03-24,576,20448,305,6885,264,12768,7,795,361,8111,214,6528,368,14639,California
San Benito,2021-03-25,741,21189,441,7326,296,13064,4,799,442,8262,295,6823,446,15085,California
San Benito,2021-03-26,1001,22190,518,7844,480,13544,3,802,333,7931,667,7490,336,15421,California
San Benito,2021-03-27,332,22522,184,8028,115,13659,33,835,215,8063,116,7606,248,15669,California
San Benito,2021-03-28,694,23216,571,8599,118,13777,5,840,125,7624,569,8175,130,15799,California
San Benito,2021-03-29,344,23560,110,8709,214,13991,20,860,149,7597,195,8370,168,15967,California
San Benito,2021-03-30,573,24133,269,8978,210,14201,94,954,288,7694,285,8655,382,16349,California
San Benito,2021-03-31,583,24716,356,9334,203,14404,24,978,334,7805,247,8902,358,16707,California
San Benito,2021-04-01,931,25647,372,9706,521,14925,38,1016,555,8017,375,9277,587,17294,California
San Benito,2021-04-02,539,26186,263,9969,141,15066,135,1151,266,8145,273,9550,401,17695,California
San Benito,2021-04-03,252,26438,87,10056,103,15169,62,1213,74,8103,178,9728,136,17831,California
San Benito,2021-04-04,144,26582,109,10165,30,15199,5,1218,107,8178,37,9765,112,17943,California
San Benito,2021-04-05,351,26933,170,10335,139,15338,42,1260,143,8154,208,9973,184,18127,California
San Benito,2021-04-06,459,27392,160,10495,124,15462,175,1435,155,8180,304,10277,330,18457,California
San Benito,2021-04-07,922,28314,521,11016,212,15674,189,1624,254,7956,667,10944,443,18900,California
San Benito,2021-04-08,848,29162,425,11441,173,15847,250,1874,216,7791,631,11575,466,19366,California
San Benito,2021-04-09,836,29998,495,11936,250,16097,91,1965,287,7620,549,12124,378,19744,California
San Benito,2021-04-10,325,30323,197,12133,71,16168,57,2022,180,7712,145,12269,237,19981,California
San Benito,2021-04-11,470,30793,270,12403,167,16335,33,2055,262,7780,208,12477,276,20257,California
San Benito,2021-04-12,527,31320,287,12690,129,16464,111,2166,276,7914,250,12727,384,20641,California
San Benito,2021-04-13,755,32075,293,12983,439,16903,23,2189,526,8236,228,12955,550,21191,California
San Benito,2021-04-14,830,32905,653,13636,177,17080,0,2189,396,8203,429,13384,396,21587,California
San Benito,2021-04-15,940,33845,732,14368,207,17287,1,2190,467,8200,471,13855,468,22055,California
San Benito,2021-04-16,697,34542,364,14732,324,17611,9,2199,291,8097,403,14258,300,22355,California
San Benito,2021-04-17,316,34858,227,14959,89,17700,0,2199,130,8039,188,14446,130,22485,California
San Benito,2021-04-18,492,35350,411,15370,81,17781,0,2199,242,8032,250,14696,243,22728,California
San Benito,2021-04-19,727,36077,586,15956,141,17922,0,2199,411,8129,315,15011,412,23140,California
San Benito,2021-04-20,746,36823,398,16354,347,18269,1,2200,475,8338,266,15277,475,23615,California
San Benito,2021-04-21,954,37777,703,17057,251,18520,0,2200,522,8442,418,15695,522,24137,California
San Benito,2021-04-22,891,38668,690,17747,201,18721,0,2200,566,8691,317,16012,566,24703,California
San Benito,2021-04-23,625,39293,395,18142,229,18950,1,2201,339,8794,237,16249,340,25043,California
San Benito,2021-04-24,351,39644,198,18340,153,19103,0,2201,161,8805,150,16399,161,25204,California
San Benito,2021-04-25,199,39843,122,18462,77,19180,0,2201,88,8801,92,16491,88,25292,California
San Benito,2021-04-26,473,40316,377,18839,96,19276,0,2201,251,8890,162,16653,251,25543,California
San Benito,2021-04-27,526,40842,267,19106,252,19528,7,2208,397,9175,119,16772,404,25947,California
San Benito,2021-04-28,539,41381,382,19488,148,19676,9,2217,376,9401,158,16930,384,26331,California
San Benito,2021-04-29,619,42000,228,19716,381,20057,10,2227,247,9303,372,17302,274,26605,California
San Benito,2021-04-30,370,42370,205,19921,158,20215,7,2234,199,9340,169,17471,206,26811,California
San Benito,2021-05-01,193,42563,142,20063,43,20258,8,2242,65,9287,126,17597,73,26884,California
San Benito,2021-05-02,189,42752,161,20224,24,20282,4,2246,57,9216,132,17729,61,26945,California
San Benito,2021-05-03,355,43107,278,20502,67,20349,10,2256,83,9039,272,18001,95,27040,California
San Benito,2021-05-04,389,43496,240,20742,142,20491,7,2263,147,8954,240,18241,155,27195,California
San Benito,2021-05-05,590,44086,409,21151,162,20653,19,2282,200,8784,389,18630,219,27414,California
San Benito,2021-05-06,601,44687,478,21629,107,20760,16,2298,213,8626,386,19016,228,27642,California
San Benito,2021-05-07,425,45112,269,21898,144,20904,12,2310,163,8541,260,19276,175,27817,California
San Benito,2021-05-08,251,45363,201,22099,45,20949,5,2315,139,8574,111,19387,144,27961,California
San Benito,2021-05-09,95,45458,70,22169,22,20971,3,2318,45,8572,50,19437,48,28009,California
San Benito,2021-05-10,236,45694,199,22368,20,20991,17,2335,23,8400,213,19650,41,28050,California
San Bernardino,2020-12-15,13,13,13,13,0,0,0,0,13,13,0,0,13,13,California
San Bernardino,2020-12-16,107,120,107,120,0,0,0,0,107,120,0,0,107,120,California
San Bernardino,2020-12-17,2354,2474,2354,2474,0,0,0,0,2354,2474,0,0,2354,2474,California
San Bernardino,2020-12-18,3146,5620,3143,5617,3,3,0,0,3147,5621,0,0,3147,5621,California
San Bernardino,2020-12-19,1069,6689,1068,6685,1,4,0,0,1070,6691,0,0,1070,6691,California
San Bernardino,2020-12-20,1175,7864,1173,7858,2,6,0,0,1175,7866,0,0,1175,7866,California
San Bernardino,2020-12-21,2453,10317,2448,10306,5,11,0,0,2453,10319,0,0,2453,10319,California
San Bernardino,2020-12-22,2270,12587,2143,12449,127,138,0,0,2271,12590,0,0,2271,12590,California
San Bernardino,2020-12-23,2649,15236,1456,13905,1193,1331,0,0,2647,15237,0,0,2647,15237,California
San Bernardino,2020-12-24,1157,16393,581,14486,576,1907,0,0,1159,16396,0,0,1159,16396,California
San Bernardino,2020-12-25,75,16468,14,14500,61,1968,0,0,75,16471,0,0,75,16471,California
San Bernardino,2020-12-26,462,16930,254,14754,208,2176,0,0,462,16933,0,0,462,16933,California
San Bernardino,2020-12-27,343,17273,160,14914,183,2359,0,0,343,17276,0,0,343,17276,California
San Bernardino,2020-12-28,1569,18842,713,15627,856,3215,0,0,1570,18846,0,0,1570,18846,California
San Bernardino,2020-12-29,2209,21051,1042,16669,1167,4382,0,0,2209,21055,0,0,2209,21055,California
San Bernardino,2020-12-30,2895,23946,1459,18128,1436,5818,0,0,2896,23951,0,0,2896,23951,California
San Bernardino,2020-12-31,1357,25303,439,18567,918,6736,0,0,1355,25306,0,0,1355,25306,California
San Bernardino,2021-01-01,282,25585,150,18717,132,6868,0,0,281,25587,0,0,281,25587,California
San Bernardino,2021-01-02,476,26061,339,19056,137,7005,0,0,476,26063,0,0,476,26063,California
San Bernardino,2021-01-03,135,26196,85,19141,50,7055,0,0,135,26198,0,0,135,26198,California
San Bernardino,2021-01-04,2122,28318,1288,20429,834,7889,0,0,2121,28319,0,0,2121,28319,California
San Bernardino,2021-01-05,2336,30654,1461,21890,875,8764,0,0,2226,30436,109,109,2226,30545,California
San Bernardino,2021-01-06,3437,34091,2353,24243,1084,9848,0,0,2942,32890,489,598,2943,33488,California
San Bernardino,2021-01-07,5418,39509,4504,28747,914,10762,0,0,2486,32463,2913,3511,2486,35974,California
San Bernardino,2021-01-08,5368,44877,4446,33193,922,11684,0,0,2291,31682,3073,6584,2292,38266,California
San Bernardino,2021-01-09,1401,46278,1100,34293,301,11985,0,0,905,32091,496,7080,905,39171,California
San Bernardino,2021-01-10,1025,47303,598,34891,427,12412,0,0,577,32220,448,7528,577,39748,California
San Bernardino,2021-01-11,4981,52284,4075,38966,906,13318,0,0,2767,32776,2211,9739,2767,42515,California
San Bernardino,2021-01-12,4231,56515,3218,42184,1013,14331,0,0,2517,33580,1713,11452,2517,45032,California
San Bernardino,2021-01-13,4563,61078,2851,45035,1712,16043,0,0,3340,35711,1210,12662,3341,48373,California
San Bernardino,2021-01-14,4789,65867,2815,47850,1974,18017,0,0,4207,39340,578,13240,4207,52580,California
San Bernardino,2021-01-15,5986,71853,2978,50828,3008,21025,0,0,5589,44545,387,13627,5592,58172,California
San Bernardino,2021-01-16,2261,74114,1294,52122,967,21992,0,0,2119,46522,142,13769,2119,60291,California
San Bernardino,2021-01-17,1191,75305,517,52639,674,22666,0,0,1101,47536,89,13858,1103,61394,California
San Bernardino,2021-01-18,4271,79576,2639,55278,1632,24298,0,0,3649,50567,621,14479,3652,65046,California
San Bernardino,2021-01-19,6308,85884,3707,58985,2601,26899,0,0,5216,54695,1090,15569,5218,70264,California
San Bernardino,2021-01-20,6810,92694,3741,62726,3069,29968,0,0,4877,57649,1925,17494,4879,75143,California
San Bernardino,2021-01-21,5984,98678,3078,65804,2906,32874,0,0,4866,61409,1109,18603,4869,80012,California
San Bernardino,2021-01-22,6519,105197,3052,68856,3467,36341,0,0,5796,66485,721,19324,5797,85809,California
San Bernardino,2021-01-23,3110,108307,1893,70749,1217,37558,0,0,2720,68816,389,19713,2720,88529,California
San Bernardino,2021-01-24,1194,109501,461,71210,733,38291,0,0,1093,69808,101,19814,1093,89622,California
San Bernardino,2021-01-25,6876,116377,3400,74610,3476,41767,0,0,5023,72984,1850,21664,5026,94648,California
San Bernardino,2021-01-26,7108,123485,3569,78179,3539,45306,0,0,5011,75899,2097,23761,5012,99660,California
San Bernardino,2021-01-27,8489,131974,4146,82325,4343,49649,0,0,5694,78806,2787,26548,5694,105354,California
San Bernardino,2021-01-28,8590,140564,4081,86406,4509,54158,0,0,6264,82749,2321,28869,6264,111618,California
San Bernardino,2021-01-29,8185,148749,3771,90177,4414,58572,0,0,6217,87013,1954,30823,6218,117836,California
San Bernardino,2021-01-30,3092,151841,1900,92077,1192,59764,0,0,2804,89530,287,31110,2804,120640,California
San Bernardino,2021-01-31,923,152764,493,92570,430,60194,0,0,869,90346,53,31163,869,121509,California
San Bernardino,2021-02-01,7545,160309,4231,96801,3314,63508,0,0,4924,92652,2618,33781,4924,126433,California
San Bernardino,2021-02-02,10423,170732,3653,100454,6770,70278,0,0,8360,98954,2059,35840,8361,134794,California
San Bernardino,2021-02-03,8989,179721,4147,104601,4842,75120,0,0,6492,102958,2489,38329,6493,141287,California
San Bernardino,2021-02-04,10525,190246,5199,109800,5326,80446,0,0,7418,107280,3096,41425,7418,148705,California
San Bernardino,2021-02-05,10997,201243,5913,115713,5084,85530,0,0,7470,111235,3516,44941,7471,156176,California
San Bernardino,2021-02-06,5256,206499,2207,117920,3049,88579,0,0,3617,113241,1614,46555,3620,159796,California
San Bernardino,2021-02-07,844,207343,490,118410,354,88933,0,0,466,113333,375,46930,467,160263,California
San Bernardino,2021-02-08,7275,214618,3878,122288,3397,92330,0,0,5607,117275,1665,48595,5607,165870,California
San Bernardino,2021-02-09,9907,224525,5812,128100,4095,96425,0,0,6676,120726,3228,51823,6679,172549,California
San Bernardino,2021-02-10,12013,236538,6533,134633,5480,101905,0,0,7840,124405,4162,55985,7841,180390,California
San Bernardino,2021-02-11,12377,248915,7106,141739,5271,107176,0,0,7885,127824,4469,60454,7888,188278,California
San Bernardino,2021-02-12,10389,259304,5933,147672,4456,111632,0,0,5678,128806,4696,65150,5678,193956,California
San Bernardino,2021-02-13,6024,265328,4002,151674,2022,113654,0,0,3784,130371,2224,67374,3789,197745,California
San Bernardino,2021-02-14,1549,266877,650,152324,899,114553,0,0,872,130574,669,68043,872,198617,California
San Bernardino,2021-02-15,5458,272335,2994,155318,2464,117017,0,0,3055,131240,2389,70432,3055,201672,California
San Bernardino,2021-02-16,12599,284934,7373,162691,5226,122243,0,0,7959,134573,4627,75059,7960,209632,California
San Bernardino,2021-02-17,11785,296719,6451,169142,5334,127577,0,0,7137,137081,4631,79690,7139,216771,California
San Bernardino,2021-02-18,12464,309183,7591,176733,4873,132450,0,0,7704,140041,4745,84435,7705,224476,California
San Bernardino,2021-02-19,11498,320681,5932,182665,5566,138016,0,0,6805,142172,4674,89109,6805,231281,California
San Bernardino,2021-02-20,4513,325194,3465,186130,1048,139064,0,0,2040,141744,2470,91579,2042,233323,California
San Bernardino,2021-02-21,1039,326233,582,186712,457,139521,0,0,330,141365,709,92288,330,233653,California
San Bernardino,2021-02-22,8634,334867,5323,192035,3311,142832,0,0,4034,140811,4589,96877,4035,237688,California
San Bernardino,2021-02-23,9090,343957,5418,197453,3672,146504,0,0,4572,140896,4487,101364,4572,242260,California
San Bernardino,2021-02-24,12357,356314,7155,204608,5202,151706,0,0,6087,140739,6245,107609,6088,248348,California
San Bernardino,2021-02-25,13001,369315,6267,210875,6734,158440,0,0,7562,142883,5421,113030,7565,255913,California
San Bernardino,2021-02-26,13547,382862,6369,217244,7178,165618,0,0,7541,144483,5943,118973,7543,263456,California
San Bernardino,2021-02-27,6630,389492,3697,220941,2932,168550,1,1,4790,147446,1828,120801,4791,268247,California
San Bernardino,2021-02-28,1754,391246,726,221667,1028,169578,0,1,1130,147957,619,121420,1130,269377,California
San Bernardino,2021-03-01,8412,399658,4339,226006,4071,173649,2,3,3835,147247,4555,125975,3845,273222,California
San Bernardino,2021-03-02,13652,413310,5366,231372,8286,181935,0,3,6425,146477,7198,133173,6428,279650,California
San Bernardino,2021-03-03,12678,425988,6441,237813,6234,188169,3,6,5876,145579,6783,139956,5885,285535,California
San Bernardino,2021-03-04,13682,439670,6862,244675,6820,194989,0,6,5951,143823,7710,147666,5954,291489,California
San Bernardino,2021-03-05,14197,453867,7355,252030,6841,201830,1,7,6877,143429,7290,154956,6896,298385,California
San Bernardino,2021-03-06,9652,463519,5401,257431,4036,205866,215,222,4526,143057,5111,160067,4739,303124,California
San Bernardino,2021-03-07,1572,465091,928,258359,589,206455,55,277,1001,143544,569,160636,1056,304180,California
San Bernardino,2021-03-08,7996,473087,3506,261865,4330,210785,160,437,3524,142767,4465,165101,3688,307868,California
San Bernardino,2021-03-09,12605,485692,7035,268900,5326,216111,244,681,4859,140138,7733,172834,5104,312972,California
San Bernardino,2021-03-10,14018,499710,7686,276586,5783,221894,549,1230,6197,139094,7794,180628,6750,319722,California
San Bernardino,2021-03-11,15253,514963,7130,283716,6539,228433,1584,2814,7263,139968,7969,188597,8843,328565,California
San Bernardino,2021-03-12,15280,530243,6817,290533,6420,234853,2043,4857,7283,141372,7968,196565,9372,337937,California
San Bernardino,2021-03-13,8276,538519,4494,295027,3271,238124,511,5368,4898,143416,3367,199932,5411,343348,California
San Bernardino,2021-03-14,3221,541740,1615,296642,1032,239156,574,5942,1839,144447,1376,201308,2407,345755,California
San Bernardino,2021-03-15,11336,553076,5333,301975,3972,243128,2031,7973,5552,146252,5771,207079,7576,353331,California
San Bernardino,2021-03-16,16098,569174,7987,309962,7166,250294,945,8918,9838,150796,6235,213314,10779,364110,California
San Bernardino,2021-03-17,17095,586269,8589,318551,7757,258051,749,9667,10295,155058,6783,220097,11045,375155,California
San Bernardino,2021-03-18,16506,602775,8189,326740,7933,265984,384,10051,9784,158529,6696,226793,10167,385322,California
San Bernardino,2021-03-19,16828,619603,8337,335077,7903,273887,588,10639,9657,161680,7147,233940,10298,395620,California
San Bernardino,2021-03-20,9384,628987,5914,340991,2883,276770,587,11226,5566,164035,3794,237734,6149,401769,California
San Bernardino,2021-03-21,2757,631744,2242,343233,467,277237,48,11274,2227,165792,518,238252,2275,404044,California
San Bernardino,2021-03-22,9573,641317,4494,347727,4644,281881,435,11709,6939,170549,2617,240869,7374,411418,California
San Bernardino,2021-03-23,15446,656763,8760,356487,6065,287946,621,12330,9669,175081,5756,246625,10288,421706,California
San Bernardino,2021-03-24,15013,671776,7777,364264,6935,294881,301,12631,9989,180383,4989,251614,10291,431997,California
San Bernardino,2021-03-25,16944,688720,8299,372563,8348,303229,297,12928,10766,185312,6130,257744,11059,443056,California
San Bernardino,2021-03-26,17954,706674,8588,381151,8599,311828,767,13695,10912,189979,7012,264756,11679,454735,California
San Bernardino,2021-03-27,10736,717410,6907,388058,3079,314907,750,14445,6159,192327,4560,269316,6908,461643,California
San Bernardino,2021-03-28,3536,720946,2472,390530,951,315858,113,14558,2498,193906,1031,270347,2610,464253,California
San Bernardino,2021-03-29,11692,732638,6072,396602,5223,321081,397,14955,7973,198574,3702,274049,8370,472623,California
San Bernardino,2021-03-30,16857,749495,9419,406021,6728,327809,710,15665,10851,204154,5974,280023,11554,484177,California
San Bernardino,2021-03-31,16218,765713,9147,415168,6440,334249,631,16296,10856,210303,5336,285359,11485,495662,California
San Bernardino,2021-04-01,19441,785154,10250,425418,7833,342082,1358,17654,12541,217331,6863,292222,13891,509553,California
San Bernardino,2021-04-02,18602,803756,9336,434754,7996,350078,1270,18924,11267,222597,7311,299533,12577,522130,California
San Bernardino,2021-04-03,10957,814713,6834,441588,2999,353077,1124,20048,6002,224781,4939,304472,7123,529253,California
San Bernardino,2021-04-04,2453,817166,1489,443077,716,353793,248,20296,1250,225081,1198,305670,1498,530751,California
San Bernardino,2021-04-05,11715,828881,5261,448338,4727,358520,1727,22023,6000,227106,5696,311366,7721,538472,California
San Bernardino,2021-04-06,19633,848514,11042,459380,6488,365008,2103,24126,10429,230465,9168,320534,12527,550999,California
San Bernardino,2021-04-07,20795,869309,11128,470508,7209,372217,2458,26584,11391,234926,9376,329910,13837,564836,California
San Bernardino,2021-04-08,21593,890902,11068,481576,7935,380152,2590,29174,11954,239850,9612,339522,14536,579372,California
San Bernardino,2021-04-09,21521,912423,10899,492475,8080,388232,2542,31716,11741,244379,9745,349267,14274,593646,California
San Bernardino,2021-04-10,15559,927982,8058,500533,3811,392043,3690,35406,7741,248001,7798,357065,11420,605066,California
San Bernardino,2021-04-11,4397,932379,2564,503097,883,392926,950,36356,2036,248630,2354,359419,2983,608049,California
San Bernardino,2021-04-12,13316,945695,6176,509273,5502,398428,1638,37994,6313,249593,6983,366402,7946,615995,California
San Bernardino,2021-04-13,19173,964868,10937,520210,8218,406646,18,38012,10985,252432,8165,374567,11004,626999,California
San Bernardino,2021-04-14,18953,983821,10245,530455,8705,415351,3,38015,10830,255172,8094,382661,10834,637833,California
San Bernardino,2021-04-15,20123,1003944,11296,541751,8822,424173,5,38020,10740,256572,9348,392009,10748,648581,California
San Bernardino,2021-04-16,18459,1022403,10518,552269,7940,432113,1,38021,9137,256426,9283,401292,9137,657718,California
San Bernardino,2021-04-17,11849,1034252,7822,560091,4027,436140,0,38021,6234,257075,5585,406877,6234,663952,California
San Bernardino,2021-04-18,2870,1037122,1967,562058,903,437043,0,38021,1310,256835,1550,408427,1310,665262,California
San Bernardino,2021-04-19,12441,1049563,6615,568673,5826,442869,0,38021,4831,254081,7589,416016,4835,670097,California
San Bernardino,2021-04-20,17503,1067066,9748,578421,7752,450621,3,38024,8012,252626,9470,425486,8015,678112,California
San Bernardino,2021-04-21,17955,1085021,10289,588710,7664,458285,2,38026,7985,250699,9914,435400,7987,686099,California
San Bernardino,2021-04-22,19076,1104097,10899,599609,8173,466458,4,38030,7835,247346,11192,446592,7839,693938,California
San Bernardino,2021-04-23,18362,1122459,10511,610120,7850,474308,1,38031,8101,245235,10215,456807,8104,702042,California
San Bernardino,2021-04-24,12772,1135231,9455,619575,3315,477623,2,38033,6885,246252,5870,462677,6887,708929,California
San Bernardino,2021-04-25,3405,1138636,2234,621809,1171,478794,0,38033,1688,246238,1703,464380,1689,710618,California
San Bernardino,2021-04-26,10038,1148674,5317,627126,4632,483426,89,38122,4290,244900,5716,470096,4378,714996,California
San Bernardino,2021-04-27,15406,1164080,9182,636308,6056,489482,168,38290,6256,242212,9112,479208,6424,721420,California
San Bernardino,2021-04-28,14622,1178702,8686,644994,5666,495148,270,38560,5259,238400,9332,488540,5520,726940,California
San Bernardino,2021-04-29,16035,1194737,9252,654246,6515,501663,268,38828,5328,233329,10665,499205,5594,732534,California
San Bernardino,2021-04-30,16423,1211160,10413,664659,5731,507394,279,39107,6020,229270,10355,509560,6296,738830,California
San Bernardino,2021-05-01,10646,1221806,8389,673048,1949,509343,308,39415,3644,226253,6966,516526,3949,742779,California
San Bernardino,2021-05-02,2915,1224721,2112,675160,672,510015,131,39546,1039,225554,1869,518395,1170,743949,California
San Bernardino,2021-05-03,9895,1234616,5736,680896,3761,513776,398,39944,2807,221697,7061,525456,3204,747153,California
San Bernardino,2021-05-04,15512,1250128,9469,690365,5594,519370,449,40393,4469,215610,11003,536459,4916,752069,California
San Bernardino,2021-05-05,12777,1262905,7758,698123,4639,524009,380,40773,3567,210387,9167,545626,3944,756013,California
San Bernardino,2021-05-06,12747,1275652,7665,705788,4686,528695,396,41169,3502,205075,9209,554835,3897,759910,California
San Bernardino,2021-05-07,12709,1288361,7447,713235,4915,533610,347,41516,3735,200233,8923,563758,4081,763991,California
San Bernardino,2021-05-08,7462,1295823,5079,718314,2165,535775,218,41734,2520,198056,4913,568671,2736,766727,California
San Bernardino,2021-05-09,1811,1297634,1125,719439,593,536368,93,41827,737,197821,1064,569735,829,767556,California
San Bernardino,2021-05-10,2653,1300287,1182,720621,1321,537689,150,41977,790,196918,1842,571577,939,768495,California
San Diego,2020-12-15,119,119,119,119,0,0,0,0,119,119,0,0,119,119,California
San Diego,2020-12-16,1103,1222,1103,1222,0,0,0,0,1103,1222,0,0,1103,1222,California
San Diego,2020-12-17,2349,3571,2349,3571,0,0,0,0,2349,3571,0,0,2349,3571,California
San Diego,2020-12-18,3671,7242,3670,7241,1,1,0,0,3671,7242,0,0,3671,7242,California
San Diego,2020-12-19,2311,9553,2311,9552,0,1,0,0,2311,9553,0,0,2311,9553,California
San Diego,2020-12-20,1184,10737,1183,10735,1,2,0,0,1184,10737,0,0,1184,10737,California
San Diego,2020-12-21,3524,14261,3523,14258,1,3,0,0,3524,14261,0,0,3524,14261,California
San Diego,2020-12-22,4057,18318,3414,17672,643,646,0,0,4057,18318,0,0,4057,18318,California
San Diego,2020-12-23,3180,21498,1977,19649,1203,1849,0,0,3180,21498,0,0,3180,21498,California
San Diego,2020-12-24,2737,24235,2219,21868,518,2367,0,0,2737,24235,0,0,2737,24235,California
San Diego,2020-12-25,875,25110,874,22742,1,2368,0,0,875,25110,0,0,875,25110,California
San Diego,2020-12-26,3295,28405,2144,24886,1151,3519,0,0,3295,28405,0,0,3295,28405,California
San Diego,2020-12-27,2508,30913,1617,26503,891,4410,0,0,2507,30911,1,1,2507,30912,California
San Diego,2020-12-28,5900,36813,4213,30716,1687,6097,0,0,5900,36811,0,1,5900,36812,California
San Diego,2020-12-29,5590,42403,3016,33732,2574,8671,0,0,5590,42401,0,1,5590,42402,California
San Diego,2020-12-30,5953,48356,3108,36840,2845,11516,0,0,5953,48354,0,1,5953,48355,California
San Diego,2020-12-31,3036,51392,1053,37893,1983,13499,0,0,3036,51390,0,1,3036,51391,California
San Diego,2021-01-01,1006,52398,452,38345,554,14053,0,0,1006,52396,0,1,1006,52397,California
San Diego,2021-01-02,3762,56160,1320,39665,2442,16495,0,0,3762,56158,0,1,3762,56159,California
San Diego,2021-01-03,859,57019,632,40297,227,16722,0,0,858,57016,0,1,858,57017,California
San Diego,2021-01-04,3704,60723,2052,42349,1652,18374,0,0,3697,60713,0,1,3697,60714,California
San Diego,2021-01-05,4343,65066,2154,44503,2189,20563,0,0,3726,63838,613,614,3738,64452,California
San Diego,2021-01-06,4957,70023,2302,46805,2655,23218,0,0,3722,66352,1212,1826,3726,68178,California
San Diego,2021-01-07,5663,75686,2982,49787,2681,25899,0,0,3505,67712,2151,3977,3511,71689,California
San Diego,2021-01-08,7883,83569,4956,54743,2927,28826,0,0,4097,68056,3769,7746,4113,75802,California
San Diego,2021-01-09,3501,87070,1940,56683,1561,30387,0,0,1951,68480,1538,9284,1962,77764,California
San Diego,2021-01-10,1882,88952,1293,57976,589,30976,0,0,781,68181,1089,10373,790,78554,California
San Diego,2021-01-11,10335,99287,5863,63839,4472,35448,0,0,6805,71481,3523,13896,6823,85377,California
San Diego,2021-01-12,11206,110493,5319,69158,5887,41335,0,0,7832,76061,3365,17261,7945,93322,California
San Diego,2021-01-13,11488,121981,5033,74191,6455,47790,0,0,8941,82492,2534,19795,8965,102287,California
San Diego,2021-01-14,12369,134350,4753,78944,7616,55406,0,0,10200,90567,2160,21955,10235,112522,California
San Diego,2021-01-15,15134,149484,5356,84300,9778,65184,0,0,12491,100487,2624,24579,12544,125066,California
San Diego,2021-01-16,10770,160254,3595,87895,7175,72359,0,0,9324,108401,1441,26020,9355,134421,California
San Diego,2021-01-17,8685,168939,2502,90397,6183,78542,0,0,7846,115427,839,26859,7865,142286,California
San Diego,2021-01-18,12525,181464,5965,96362,6560,85102,0,0,9693,122383,2793,29652,9749,152035,California
San Diego,2021-01-19,14764,196228,5833,102195,8931,94033,0,0,11630,131153,3121,32773,11891,163926,California
San Diego,2021-01-20,18332,214560,6391,108586,11941,105974,0,0,15008,143034,3303,36076,15184,179110,California
San Diego,2021-01-21,17421,231981,5908,114494,11513,117487,0,0,16028,157827,1382,37458,16175,195285,California
San Diego,2021-01-22,17676,249657,4758,119252,12918,130405,0,0,15621,171509,2041,39499,15723,211008,California
San Diego,2021-01-23,14483,264140,5273,124525,9210,139615,0,0,12120,181335,2351,41850,12177,223185,California
San Diego,2021-01-24,11916,276056,3358,127883,8558,148173,0,0,10945,191347,969,42819,10981,234166,California
San Diego,2021-01-25,12265,288321,5795,133678,6470,154643,0,0,9247,197738,3011,45830,9402,243568,California
San Diego,2021-01-26,14957,303278,7659,141337,7298,161941,0,0,11644,206261,3308,49138,11831,255399,California
San Diego,2021-01-27,20768,324046,8131,149468,12637,174578,0,0,17672,220994,3082,52220,17815,273214,California
San Diego,2021-01-28,21308,345354,7650,157118,13658,188236,0,0,19041,237858,2257,54477,19121,292335,California
San Diego,2021-01-29,19715,365069,6467,163585,13248,201484,0,0,17290,252777,2415,56892,17334,309669,California
San Diego,2021-01-30,15906,380975,3667,167252,12239,213723,0,0,13224,263426,2672,59564,13321,322990,California
San Diego,2021-01-31,14802,395777,5755,173007,9047,222770,0,0,14445,277544,353,59917,14471,337461,California
San Diego,2021-02-01,20536,416313,7242,180249,13294,236064,0,0,17340,291779,3182,63099,17417,354878,California
San Diego,2021-02-02,23218,439531,8701,188950,14517,250581,0,0,19671,308081,3537,66636,19839,374717,California
San Diego,2021-02-03,27458,466989,11564,200514,15894,266475,0,0,23264,327357,4176,70812,23452,398169,California
San Diego,2021-02-04,24384,491373,10030,210544,14354,280829,0,0,19670,342609,4696,75508,19948,418117,California
San Diego,2021-02-05,25031,516404,8992,219536,16039,296868,0,0,18324,354695,6683,82191,18769,436886,California
San Diego,2021-02-06,20792,537196,8566,228102,12226,309094,0,0,17525,369179,3261,85452,17745,454631,California
San Diego,2021-02-07,12136,549332,5377,233479,6759,315853,0,0,10261,377842,1855,87307,10518,465149,California
San Diego,2021-02-08,20111,569443,8520,241999,11591,327444,0,0,12677,383783,7416,94723,13357,478506,California
San Diego,2021-02-09,20418,589861,8255,250254,12163,339607,0,0,13202,390858,7195,101918,14270,492776,California
San Diego,2021-02-10,23028,612889,9389,259643,13639,353246,0,0,13873,396999,9096,111014,15237,508013,California
San Diego,2021-02-11,23817,636706,10157,269800,13660,366906,0,0,12752,400393,11036,122050,14430,522443,California
San Diego,2021-02-12,23857,660563,7468,277268,16389,383295,0,0,11916,402644,11923,133973,14174,536617,California
San Diego,2021-02-13,20053,680616,9044,286312,11009,394304,0,0,10919,405633,9126,143099,12115,548732,California
San Diego,2021-02-14,11189,691805,7433,293745,3756,398060,0,0,6331,408619,4854,147953,7840,556572,California
San Diego,2021-02-15,15280,707085,7770,301515,7510,405570,0,0,7847,412119,7411,155364,10911,567483,California
San Diego,2021-02-16,19288,726373,11257,312772,8031,413601,0,0,9239,414291,10036,165400,12208,579691,California
San Diego,2021-02-17,23404,749777,10988,323760,12416,426017,0,0,8131,410245,15259,180659,11213,590904,California
San Diego,2021-02-18,23585,773362,12024,335784,11561,437578,0,0,7794,406333,15780,196439,11868,602772,California
San Diego,2021-02-19,15917,789279,10924,346708,4993,442571,0,0,6633,405678,9265,205704,8610,611382,California
San Diego,2021-02-20,10265,799544,6367,353075,3898,446469,0,0,5817,408951,4445,210149,7718,619100,California
San Diego,2021-02-21,11547,811091,10134,363209,1413,447882,0,0,5193,409326,6324,216473,6699,625799,California
San Diego,2021-02-22,12452,823543,10591,373800,1861,449743,0,0,5798,410111,6646,223119,7431,633230,California
San Diego,2021-02-23,25903,849446,14527,388327,11376,461119,0,0,9662,409427,16233,239352,15549,648779,California
San Diego,2021-02-24,28957,878403,12763,401090,16194,477313,0,0,6864,401647,22070,261422,14290,663069,California
San Diego,2021-02-25,33203,911606,14724,415814,18479,495792,0,0,10170,397174,23013,284435,18540,681609,California
San Diego,2021-02-26,33479,945085,12405,428219,21074,516866,0,0,12150,395098,21300,305735,19224,700833,California
San Diego,2021-02-27,21250,966335,9679,437898,11571,528437,0,0,11453,401016,9792,315527,15710,716543,California
San Diego,2021-02-28,15266,981601,9968,447866,5298,533735,0,0,9510,407556,5756,321283,12296,728839,California
San Diego,2021-03-01,24244,1005845,14315,462181,9927,543662,2,2,14737,416712,9431,330714,18587,747426,California
San Diego,2021-03-02,26157,1032002,14074,476255,12083,555745,0,2,12761,422767,13386,344100,19441,766867,California
San Diego,2021-03-03,33995,1065997,15918,492173,18074,573819,3,5,14070,423825,19904,364004,20962,787829,California
San Diego,2021-03-04,28322,1094319,14108,506281,14214,588033,0,5,12657,427566,15643,379647,19384,807213,California
San Diego,2021-03-05,28932,1123251,14833,521114,14017,602050,82,87,13477,432376,15432,395079,20242,827455,California
San Diego,2021-03-06,23364,1146615,9527,530641,13137,615187,700,787,10296,434979,13054,408133,15657,843112,California
San Diego,2021-03-07,18206,1164821,9298,539939,8337,623524,571,1358,6906,434812,11292,419425,11125,854237,California
San Diego,2021-03-08,23100,1187921,11228,551167,10972,634496,900,2258,11455,440409,11626,431051,17223,871460,California
San Diego,2021-03-09,25891,1213812,11980,563147,12156,646652,1755,4013,10132,440468,15746,446797,15805,887265,California
San Diego,2021-03-10,25302,1239114,10774,573921,12133,658785,2395,6408,9913,441460,15373,462170,16365,903630,California
San Diego,2021-03-11,28705,1267819,11030,584951,14077,672862,3598,10006,10039,440407,18643,480813,17590,921220,California
San Diego,2021-03-12,27077,1294896,9456,594407,14485,687347,3136,13142,9969,439945,17093,497906,16631,937851,California
San Diego,2021-03-13,26164,1321060,7301,601708,17074,704421,1789,14931,10078,439898,16083,513989,16036,953887,California
San Diego,2021-03-14,13769,1334829,5423,607131,7609,712030,737,15668,4790,438774,8971,522960,7847,961734,California
San Diego,2021-03-15,22024,1356853,10167,617298,11078,723108,779,16447,9033,438697,12975,535935,12898,974632,California
San Diego,2021-03-16,30007,1386860,15793,633091,13800,736908,414,16861,15752,443669,14232,550167,19204,993836,California
San Diego,2021-03-17,26320,1413180,12215,645306,13386,750294,719,17580,16775,453676,9530,559697,19537,1013373,California
San Diego,2021-03-18,31499,1444679,17795,663101,12793,763087,911,18491,17019,458684,14448,574145,19456,1032829,California
San Diego,2021-03-19,30258,1474937,14362,677463,14897,777984,999,19490,19362,469351,10878,585023,21545,1054374,California
San Diego,2021-03-20,27848,1502785,8428,685891,17626,795610,1794,21284,21400,487209,6437,591460,24295,1078669,California
San Diego,2021-03-21,16534,1519319,12057,697948,3760,799370,717,22001,7700,488118,8818,600278,9727,1088396,California
San Diego,2021-03-22,22517,1541836,13148,711096,9120,808490,249,22250,14337,497285,8168,608446,17335,1105731,California
San Diego,2021-03-23,25983,1567819,13641,724737,12079,820569,263,22513,17160,507911,8808,617254,19434,1125165,California
San Diego,2021-03-24,29544,1597363,19759,744496,9422,829991,363,22876,17121,515028,12414,629668,19531,1144696,California
San Diego,2021-03-25,30317,1627680,18282,762778,11378,841369,657,23533,17985,523463,12315,641983,20750,1165446,California
San Diego,2021-03-26,32093,1659773,17906,780684,13630,854999,557,24090,17557,529883,14510,656493,20930,1186376,California
San Diego,2021-03-27,25445,1685218,10992,791676,14060,869059,393,24483,15724,538527,9705,666198,18349,1204725,California
San Diego,2021-03-28,15035,1700253,9193,800869,5786,874845,56,24539,9280,543576,5750,671948,10799,1215524,California
San Diego,2021-03-29,26671,1726924,12905,813774,13170,888015,596,25135,16447,552829,10215,682163,19468,1234992,California
San Diego,2021-03-30,33227,1760151,17900,831674,14556,902571,771,25906,22051,566293,11164,693327,24628,1259620,California
San Diego,2021-03-31,30402,1790553,18757,850431,10967,913538,678,26584,20610,578888,9776,703103,22371,1281991,California
San Diego,2021-04-01,34312,1824865,20060,870491,12795,926333,1457,28041,23251,593868,11035,714138,26015,1308006,California
San Diego,2021-04-02,35684,1860549,20654,891145,12323,938656,2707,30748,24109,610539,11556,725694,28227,1336233,California
San Diego,2021-04-03,30807,1891356,14425,905570,11785,950441,4597,35345,19686,624902,11109,736803,25472,1361705,California
San Diego,2021-04-04,9062,1900418,5204,910774,2928,953369,930,36275,4825,626598,4232,741035,5928,1367633,California
San Diego,2021-04-05,29671,1930089,15402,926176,11698,965067,2571,38846,19397,640776,10259,751294,24437,1392070,California
San Diego,2021-04-06,38683,1968772,20389,946565,12448,977515,5846,44692,22349,654736,16319,767613,30279,1422349,California
San Diego,2021-04-07,35739,2004511,21975,968540,9268,986783,4496,49188,20448,665597,15266,782879,26127,1448476,California
San Diego,2021-04-08,35145,2039656,21357,989897,9690,996473,4098,53286,21309,679726,13816,796695,27945,1476421,California
San Diego,2021-04-09,38214,2077870,22802,1012699,10282,1006755,5130,58416,20827,691617,17317,814012,29208,1505629,California
San Diego,2021-04-10,29236,2107106,11781,1024480,13454,1020209,4001,62417,15233,699841,13991,828003,22215,1527844,California
San Diego,2021-04-11,16248,2123354,10069,1034549,3866,1024075,2313,64730,7299,703467,8946,836949,12572,1540416,California
San Diego,2021-04-12,30712,2154066,12815,1047364,13609,1037684,4288,69018,17218,715120,13479,850428,25132,1565548,California
San Diego,2021-04-13,37150,2191216,17771,1065135,19344,1057028,35,69053,24755,730345,12374,862802,27599,1593147,California
San Diego,2021-04-14,33021,2224237,18906,1084041,14103,1071131,12,69065,17878,737426,15128,877930,22209,1615356,California
San Diego,2021-04-15,39264,2263501,20327,1104368,18934,1090065,3,69068,23908,748812,15334,893264,26720,1642076,California
San Diego,2021-04-16,33476,2296977,18576,1122944,14898,1104963,2,69070,19426,756615,13985,907249,21788,1663864,California
San Diego,2021-04-17,27718,2324695,13526,1136470,14192,1119155,0,69070,12341,756686,15279,922528,15350,1679214,California
San Diego,2021-04-18,14269,2338964,8922,1145392,5344,1124499,3,69073,6578,758518,7678,930206,9510,1688724,California
San Diego,2021-04-19,26365,2365329,13491,1158883,12872,1137371,2,69075,12427,758755,13921,944127,14158,1702882,California
San Diego,2021-04-20,38751,2404080,17564,1176447,21187,1158558,0,69075,19828,762604,18902,963029,22751,1725633,California
San Diego,2021-04-21,34839,2438919,20830,1197277,14009,1172567,0,69075,16875,764495,17929,980958,19820,1745453,California
San Diego,2021-04-22,44385,2483304,22818,1220095,21561,1194128,6,69081,22184,767499,22162,1003120,25166,1770619,California
San Diego,2021-04-23,42002,2525306,25966,1246061,16034,1210162,2,69083,15590,759825,26378,1029498,18704,1789323,California
San Diego,2021-04-24,34305,2559611,18775,1264836,15515,1225677,15,69098,15415,759512,18857,1048355,18544,1807867,California
San Diego,2021-04-25,12439,2572050,7663,1272499,4776,1230453,0,69098,5848,760108,6582,1054937,7178,1815045,California
San Diego,2021-04-26,29943,2601993,14626,1287125,15193,1245646,124,69222,10061,754654,19872,1074809,14418,1829463,California
San Diego,2021-04-27,41457,2643450,22579,1309704,18478,1264124,400,69622,18159,752840,23266,1098075,21452,1850915,California
San Diego,2021-04-28,38121,2681571,22556,1332260,14924,1279048,641,70263,17283,752151,20805,1118880,20116,1871031,California
San Diego,2021-04-29,37971,2719542,24203,1356463,13150,1292198,618,70881,15356,747220,22579,1141459,17648,1888679,California
San Diego,2021-04-30,37893,2757435,23084,1379547,13833,1306031,976,71857,14806,741726,23054,1164513,17560,1906239,California
San Diego,2021-05-01,24253,2781688,10693,1390240,12915,1318946,645,72502,9510,739264,14732,1179245,12270,1918509,California
San Diego,2021-05-02,10698,2792386,7509,1397749,2602,1321548,587,73089,3265,736009,7428,1186673,4173,1922682,California
San Diego,2021-05-03,25287,2817673,12440,1410189,11691,1333239,1156,74245,9345,731363,15920,1202593,11274,1933956,California
San Diego,2021-05-04,31773,2849446,17532,1427721,12949,1346188,1292,75537,11502,724994,20245,1222838,13876,1947832,California
San Diego,2021-05-05,27387,2876833,16832,1444553,9297,1355485,1258,76795,10487,720797,16878,1239716,12681,1960513,California
San Diego,2021-05-06,27457,2904290,18050,1462603,8519,1364004,888,77683,10618,717868,16814,1256530,13885,1974398,California
San Diego,2021-05-07,29104,2933394,19329,1481932,8760,1372764,1015,78698,10974,712946,18095,1274625,13173,1987571,California
San Diego,2021-05-08,22055,2955449,10277,1492209,11091,1383855,687,79385,7198,707353,14834,1289459,9241,1996812,California
San Diego,2021-05-09,7213,2962662,5470,1497679,1350,1385205,393,79778,2542,705881,4663,1294122,3191,2000003,California
San Diego,2021-05-10,13063,2975725,4192,1501871,8588,1393793,283,80061,2913,699704,10127,1304249,3950,2003953,California
San Francisco,2020-12-15,7,7,7,7,0,0,0,0,7,7,0,0,7,7,California
San Francisco,2020-12-16,229,236,229,236,0,0,0,0,229,236,0,0,229,236,California
San Francisco,2020-12-17,393,629,393,629,0,0,0,0,393,629,0,0,393,629,California
San Francisco,2020-12-18,876,1505,875,1504,1,1,0,0,876,1505,0,0,876,1505,California
San Francisco,2020-12-19,601,2106,601,2105,0,1,0,0,601,2106,0,0,601,2106,California
San Francisco,2020-12-20,484,2590,484,2589,0,1,0,0,484,2590,0,0,484,2590,California
San Francisco,2020-12-21,1162,3752,1162,3751,0,1,0,0,1162,3752,0,0,1162,3752,California
San Francisco,2020-12-22,1401,5153,1367,5118,34,35,0,0,1401,5153,0,0,1401,5153,California
San Francisco,2020-12-23,1336,6489,1047,6165,289,324,0,0,1336,6489,0,0,1336,6489,California
San Francisco,2020-12-24,841,7330,503,6668,338,662,0,0,841,7330,0,0,841,7330,California
San Francisco,2020-12-25,34,7364,29,6697,5,667,0,0,34,7364,0,0,34,7364,California
San Francisco,2020-12-26,245,7609,151,6848,94,761,0,0,245,7609,0,0,245,7609,California
San Francisco,2020-12-27,274,7883,60,6908,214,975,0,0,274,7883,0,0,274,7883,California
San Francisco,2020-12-28,1269,9152,686,7594,583,1558,0,0,1269,9152,0,0,1269,9152,California
San Francisco,2020-12-29,1245,10397,623,8217,622,2180,0,0,1245,10397,0,0,1245,10397,California
San Francisco,2020-12-30,1486,11883,779,8996,707,2887,0,0,1486,11883,0,0,1486,11883,California
San Francisco,2020-12-31,963,12846,410,9406,553,3440,0,0,962,12845,0,0,962,12845,California
San Francisco,2021-01-01,83,12929,68,9474,15,3455,0,0,83,12928,0,0,83,12928,California
San Francisco,2021-01-02,334,13263,302,9776,32,3487,0,0,334,13262,0,0,334,13262,California
San Francisco,2021-01-03,295,13558,102,9878,193,3680,0,0,294,13555,1,1,294,13556,California
San Francisco,2021-01-04,1840,15398,1355,11233,485,4165,0,0,1837,15389,3,4,1837,15393,California
San Francisco,2021-01-05,2233,17631,1417,12650,816,4981,0,0,2198,17554,35,39,2200,17593,California
San Francisco,2021-01-06,1869,19500,1160,13810,709,5690,0,0,1604,18896,263,302,1605,19198,California
San Francisco,2021-01-07,2062,21562,1202,15012,860,6550,0,0,1606,20049,453,755,1606,20804,California
San Francisco,2021-01-08,2332,23894,1633,16645,699,7249,0,0,1496,20714,831,1586,1496,22300,California
San Francisco,2021-01-09,1389,25283,893,17538,496,7745,0,0,885,21097,504,2090,887,23187,California
San Francisco,2021-01-10,919,26202,541,18079,378,8123,0,0,460,21099,458,2548,460,23647,California
San Francisco,2021-01-11,2503,28705,1871,19950,632,8755,0,0,1401,21397,1103,3651,1401,25048,California
San Francisco,2021-01-12,3089,31794,2059,22009,1030,9785,0,0,1896,22102,1193,4844,1898,26946,California
San Francisco,2021-01-13,2826,34620,1601,23610,1225,11010,0,0,1996,23268,830,5674,1996,28942,California
San Francisco,2021-01-14,2441,37061,1099,24709,1342,12352,0,0,1881,24589,560,6234,1881,30823,California
San Francisco,2021-01-15,2742,39803,1147,25856,1595,13947,0,0,2350,26551,390,6624,2352,33175,California
San Francisco,2021-01-16,2255,42058,964,26820,1291,15238,0,0,2089,28475,166,6790,2090,35265,California
San Francisco,2021-01-17,1916,43974,530,27350,1386,16624,0,0,1702,29963,214,7004,1702,36967,California
San Francisco,2021-01-18,1378,45352,593,27943,785,17409,0,0,1114,30816,263,7267,1116,38083,California
San Francisco,2021-01-19,2576,47928,1474,29417,1102,18511,0,0,1827,31894,749,8016,1827,39910,California
San Francisco,2021-01-20,2743,50671,1118,30535,1625,20136,0,0,1993,33141,747,8763,1994,41904,California
San Francisco,2021-01-21,3309,53980,945,31480,2364,22500,0,0,2475,34784,832,9595,2475,44379,California
San Francisco,2021-01-22,3188,57168,644,32124,2544,25044,0,0,2746,37090,440,10035,2746,47125,California
San Francisco,2021-01-23,3091,60259,610,32734,2481,27525,0,0,2724,39449,366,10401,2725,49850,California
San Francisco,2021-01-24,2424,62683,363,33097,2061,29586,0,0,2195,41418,226,10627,2195,52045,California
San Francisco,2021-01-25,4581,67264,1779,34876,2802,32388,0,0,3034,42908,1545,12172,3035,55080,California
San Francisco,2021-01-26,4668,71932,2135,37011,2533,34921,0,0,3076,44397,1589,13761,3078,58158,California
San Francisco,2021-01-27,4427,76359,2073,39084,2354,37275,0,0,3078,46130,1345,15106,3078,61236,California
San Francisco,2021-01-28,3755,80114,1554,40638,2201,39476,0,0,2593,47566,1157,16263,2593,63829,California
San Francisco,2021-01-29,4720,84834,1681,42319,3039,42515,0,0,3450,49753,1263,17526,3450,67279,California
San Francisco,2021-01-30,3772,88606,1838,44157,1934,44449,0,0,3323,52632,448,17974,3327,70606,California
San Francisco,2021-01-31,2351,90957,824,44981,1527,45976,0,0,2199,54681,151,18125,2200,72806,California
San Francisco,2021-02-01,3796,94753,1528,46509,2268,48244,0,0,2891,56668,905,19030,2892,75698,California
San Francisco,2021-02-02,4647,99400,1963,48472,2684,50928,0,0,2884,57795,1757,20787,2884,78582,California
San Francisco,2021-02-03,5054,104454,2365,50837,2689,53617,0,0,3749,60242,1303,22090,3750,82332,California
San Francisco,2021-02-04,5027,109481,2434,53271,2593,56210,0,0,3862,62941,1163,23253,3862,86194,California
San Francisco,2021-02-05,5940,115421,3196,56467,2744,58954,0,0,4597,66198,1341,24594,4598,90792,California
San Francisco,2021-02-06,5474,120895,3655,60122,1819,60773,0,0,4574,69877,897,25491,4576,95368,California
San Francisco,2021-02-07,4330,125225,3180,63302,1150,61923,0,0,3752,73057,575,26066,3755,99123,California
San Francisco,2021-02-08,6701,131926,4613,67915,2088,64011,0,0,5486,77347,1198,27264,5488,104611,California
San Francisco,2021-02-09,5923,137849,3987,71902,1936,65947,0,0,4366,80161,1553,28817,4367,108978,California
San Francisco,2021-02-10,6866,144715,4176,76078,2690,68637,0,0,5067,83440,1791,30608,5070,114048,California
San Francisco,2021-02-11,6705,151420,3976,80054,2729,71366,0,0,4890,86519,1812,32420,4891,118939,California
San Francisco,2021-02-12,5314,156734,2666,82720,2648,74014,0,0,3478,88162,1835,34255,3478,122417,California
San Francisco,2021-02-13,4361,161095,2548,85268,1813,75827,0,0,3037,89877,1324,35579,3039,125456,California
San Francisco,2021-02-14,3414,164509,2241,87509,1173,77000,0,0,2289,91044,1124,36703,2291,127747,California
San Francisco,2021-02-15,2770,167279,1505,89014,1265,78265,0,0,1677,91630,1091,37794,1677,129424,California
San Francisco,2021-02-16,4993,172272,2727,91741,2266,80531,0,0,2956,92562,2030,39824,2962,132386,California
San Francisco,2021-02-17,5404,177676,2681,94422,2723,83254,0,0,2961,93092,2432,42256,2962,135348,California
San Francisco,2021-02-18,5374,183050,2631,97053,2743,85997,0,0,2804,93329,2570,44826,2807,138155,California
San Francisco,2021-02-19,5638,188688,2646,99699,2992,88989,0,0,2929,93557,2703,47529,2931,141086,California
San Francisco,2021-02-20,4522,193210,2180,101879,2342,91331,0,0,1703,92450,2811,50340,1704,142790,California
San Francisco,2021-02-21,2740,195950,1372,103251,1368,92699,0,0,1143,92003,1591,51931,1144,143934,California
San Francisco,2021-02-22,5102,201052,3176,106427,1926,94625,0,0,2566,92043,2528,54459,2568,146502,California
San Francisco,2021-02-23,5458,206510,3083,109510,2375,97000,0,0,2763,92117,2689,57148,2763,149265,California
San Francisco,2021-02-24,8982,215492,5083,114593,3899,100899,0,0,4792,92730,4180,61328,4793,154058,California
San Francisco,2021-02-25,9771,225263,6867,121460,2904,103803,0,0,6314,95592,3454,64782,6316,160374,California
San Francisco,2021-02-26,11918,237181,7729,129189,4189,107992,0,0,7064,97801,4856,69638,7065,167439,California
San Francisco,2021-02-27,8917,246098,5675,134864,3241,111233,1,1,4511,97923,4391,74029,4513,171952,California
San Francisco,2021-02-28,7720,253818,5543,140407,2177,113410,0,1,3830,97866,3888,77917,3831,175783,California
San Francisco,2021-03-01,10758,264576,7240,147647,3516,116926,2,3,5229,97593,5507,83424,5234,181017,California
San Francisco,2021-03-02,8892,273468,5674,153321,3218,120144,0,3,5155,99020,3729,87153,5156,186173,California
San Francisco,2021-03-03,11039,284507,6342,159663,4696,124840,1,4,6034,100065,4993,92146,6038,192211,California
San Francisco,2021-03-04,8656,293163,5441,165104,3215,128055,0,4,4877,101169,3773,95919,4877,197088,California
San Francisco,2021-03-05,8693,301856,5149,170253,3541,131596,3,7,5455,103406,3222,99141,5459,202547,California
San Francisco,2021-03-06,6893,308749,4438,174691,2246,133842,209,216,4232,105171,2673,101814,4438,206985,California
San Francisco,2021-03-07,5135,313884,3980,178671,1097,134939,58,274,2887,105855,2261,104075,2945,209930,California
San Francisco,2021-03-08,7152,321036,5176,183847,1790,136729,186,460,5595,110048,1588,105663,5781,215711,California
San Francisco,2021-03-09,6735,327771,3953,187800,2406,139135,376,836,4601,112881,2139,107802,4972,220683,California
San Francisco,2021-03-10,10410,338181,5895,193695,4016,143151,499,1335,6359,115713,4028,111830,6860,227543,California
San Francisco,2021-03-11,10044,348225,6353,200048,2728,145879,963,2298,6594,119828,3434,115264,7549,235092,California
San Francisco,2021-03-12,10751,358976,6270,206318,3159,149038,1322,3620,5974,122366,4755,120019,7293,242385,California
San Francisco,2021-03-13,6584,365560,3834,210152,1693,150731,1057,4677,4073,124991,2503,122522,5128,247513,California
San Francisco,2021-03-14,7491,373051,4845,214997,2404,153135,242,4919,4041,125837,3437,125959,4283,251796,California
San Francisco,2021-03-15,11939,384990,9105,224102,1893,155028,941,5860,8267,131377,3659,129618,9199,260995,California
San Francisco,2021-03-16,12075,397065,8198,232300,3418,158446,459,6319,8785,137349,3271,132889,9243,270238,California
San Francisco,2021-03-17,13197,410262,8142,240442,4498,162944,557,6876,9521,143776,3647,136536,10074,280312,California
San Francisco,2021-03-18,9969,420231,6753,247195,2595,165539,621,7497,5678,145805,4266,140802,6295,286607,California
San Francisco,2021-03-19,12021,432252,8704,255899,2852,168391,465,7962,6402,147072,5595,146397,6862,293469,California
San Francisco,2021-03-20,8719,440971,6384,262283,1875,170266,460,8422,5200,149244,3490,149887,5662,299131,California
San Francisco,2021-03-21,6445,447416,5897,268180,413,170679,135,8557,3679,150305,2752,152639,3813,302944,California
San Francisco,2021-03-22,9741,457157,6834,275014,2064,172743,843,9400,5134,151692,4584,157223,5971,308915,California
San Francisco,2021-03-23,11154,468311,7374,282388,3133,175876,647,10047,6708,154629,4415,161638,7352,316267,California
San Francisco,2021-03-24,12283,480594,9392,291780,2356,178232,535,10582,6334,155585,5909,167547,6865,323132,California
San Francisco,2021-03-25,11818,492412,8645,300425,2610,180842,563,11145,5904,156203,5845,173392,6463,329595,California
San Francisco,2021-03-26,11859,504271,8203,308628,3426,184268,230,11375,6111,156824,5717,179109,6338,335933,California
San Francisco,2021-03-27,8641,512912,5761,314389,2532,186800,348,11723,3918,156385,4703,183812,4264,340197,California
San Francisco,2021-03-28,6582,519494,5246,319635,1294,188094,42,11765,3168,156201,3391,187203,3207,343404,California
San Francisco,2021-03-29,11376,530870,7875,327510,3318,191412,183,11948,5099,155230,6251,193454,5280,348684,California
San Francisco,2021-03-30,11499,542369,7184,334694,4025,195437,290,12238,6845,157737,4628,198082,7135,355819,California
San Francisco,2021-03-31,12098,554467,8026,342720,3776,199213,296,12534,5542,157044,6524,204606,5831,361650,California
San Francisco,2021-04-01,13734,568201,7292,350012,4801,204014,1641,14175,5975,156923,7726,212332,7605,369255,California
San Francisco,2021-04-02,14628,582829,6450,356462,6367,210381,1811,15986,6903,157923,7707,220039,8707,377962,California
San Francisco,2021-04-03,10402,593231,4789,361251,3826,214207,1787,17773,4820,158958,5568,225607,6603,384565,California
San Francisco,2021-04-04,8989,602220,4754,366005,2582,216789,1653,19426,3613,158859,5363,230970,5264,389829,California
San Francisco,2021-04-05,15917,618137,9757,375762,4285,221074,1875,21301,6359,157555,9532,240502,8228,398057,California
San Francisco,2021-04-06,15966,634103,9461,385223,4447,225521,2058,23359,6282,156228,9661,250163,8334,406391,California
San Francisco,2021-04-07,16758,650861,9972,395195,4562,230083,2224,25583,7054,155809,9683,259846,9264,415655,California
San Francisco,2021-04-08,14114,664975,6713,401908,3005,233088,4396,29979,4643,155386,9442,269288,9019,424674,California
San Francisco,2021-04-09,15689,680664,7580,409488,4776,237864,3333,33312,6667,156377,8993,278281,9984,434658,California
San Francisco,2021-04-10,13131,693795,5661,415149,5847,243711,1623,34935,7134,159152,5974,284255,8749,443407,California
San Francisco,2021-04-11,9965,703760,7458,422607,1337,245048,1170,36105,5199,160763,4755,289010,6366,449773,California
San Francisco,2021-04-12,10552,714312,6864,429471,2565,247613,1123,37228,4865,161082,5665,294675,5984,455757,California
San Francisco,2021-04-13,10689,725001,7269,436740,3408,251021,12,37240,5409,161247,5260,299935,5425,461182,California
San Francisco,2021-04-14,13268,738269,8007,444747,5260,256281,1,37241,6435,160883,6800,306735,6436,467618,California
San Francisco,2021-04-15,13656,751925,9486,454233,4169,260450,1,37242,8055,163369,5573,312308,8059,475677,California
San Francisco,2021-04-16,12887,764812,8687,462920,4156,264606,44,37286,7651,165857,5211,317519,7699,483376,California
San Francisco,2021-04-17,10001,774813,7286,470206,2714,267320,1,37287,7082,170040,2904,320423,7087,490463,California
San Francisco,2021-04-18,6581,781394,5031,475237,1549,268869,1,37288,4088,171655,2476,322899,4091,494554,California
San Francisco,2021-04-19,10808,792202,8111,483348,2693,271562,4,37292,6963,174803,3829,326728,6977,501531,California
San Francisco,2021-04-20,12261,804463,7161,490509,5099,276661,1,37293,8466,179498,3774,330502,8469,510000,California
San Francisco,2021-04-21,10505,814968,7508,498017,2993,279654,4,37297,6403,181830,4079,334581,6411,516411,California
San Francisco,2021-04-22,10377,825345,7687,505704,2689,282343,1,37298,6001,183485,4353,338934,6008,522419,California
San Francisco,2021-04-23,10308,835653,5936,511640,4372,286715,0,37298,6160,185529,4122,343056,6166,528585,California
San Francisco,2021-04-24,7958,843611,5491,517131,2467,289182,0,37298,4737,187072,3201,346257,4744,533329,California
San Francisco,2021-04-25,5035,848646,4340,521471,689,289871,6,37304,2955,187971,2065,348322,2964,536293,California
San Francisco,2021-04-26,7448,856094,5242,526713,2194,292065,12,37316,3662,187893,3763,352085,3685,539978,California
San Francisco,2021-04-27,7868,863962,5284,531997,2458,294523,126,37442,3920,188023,3925,356010,4055,544033,California
San Francisco,2021-04-28,9205,873167,6522,538519,2493,297016,190,37632,4768,188573,4413,360423,4963,548996,California
San Francisco,2021-04-29,9047,882214,5382,543901,3472,300488,193,37825,4366,188485,4659,365082,4571,553567,California
San Francisco,2021-04-30,10829,893043,5185,549086,5445,305933,199,38024,3980,185856,6813,371895,4184,557751,California
San Francisco,2021-05-01,6829,899872,3575,552661,3141,309074,113,38137,1638,182438,5171,377066,1753,559504,California
San Francisco,2021-05-02,5319,905191,3083,555744,2138,311212,98,38235,981,179191,4329,381395,1082,560586,California
San Francisco,2021-05-03,9622,914813,6568,562312,2884,314096,170,38405,2471,174725,7119,388514,2653,563239,California
San Francisco,2021-05-04,9265,924078,5960,568272,3068,317164,237,38642,2265,170260,6974,395488,2509,565748,California
San Francisco,2021-05-05,8679,932757,6088,574360,2282,319446,309,38951,2155,166252,6476,401964,2468,568216,California
San Francisco,2021-05-06,10619,943376,8527,582887,1645,321091,447,39398,1865,159845,8722,410686,2315,570531,California
San Francisco,2021-05-07,10060,953436,6407,589294,3377,324468,276,39674,1663,153413,8374,419060,1942,572473,California
San Francisco,2021-05-08,8136,961572,3449,592743,4549,329017,138,39812,999,147444,7106,426166,1137,573610,California
San Francisco,2021-05-09,6655,968227,5786,598529,782,329799,87,39899,1223,143339,5409,431575,1304,574914,California
San Francisco,2021-05-10,4753,972980,3284,601813,1336,331135,133,40032,667,140076,4063,435638,800,575714,California
San Joaquin,2020-12-15,12,12,12,12,0,0,0,0,12,12,0,0,12,12,California
San Joaquin,2020-12-16,306,318,306,318,0,0,0,0,306,318,0,0,306,318,California
San Joaquin,2020-12-17,312,630,312,630,0,0,0,0,312,630,0,0,312,630,California
San Joaquin,2020-12-18,522,1152,518,1148,4,4,0,0,522,1152,0,0,522,1152,California
San Joaquin,2020-12-19,188,1340,188,1336,0,4,0,0,188,1340,0,0,188,1340,California
San Joaquin,2020-12-20,113,1453,112,1448,1,5,0,0,113,1453,0,0,113,1453,California
San Joaquin,2020-12-21,491,1944,491,1939,0,5,0,0,491,1944,0,0,491,1944,California
San Joaquin,2020-12-22,967,2911,847,2786,120,125,0,0,966,2910,0,0,966,2910,California
San Joaquin,2020-12-23,978,3889,919,3705,59,184,0,0,976,3886,0,0,976,3886,California
San Joaquin,2020-12-24,215,4104,187,3892,28,212,0,0,214,4100,0,0,214,4100,California
San Joaquin,2020-12-25,14,4118,14,3906,0,212,0,0,14,4114,0,0,14,4114,California
San Joaquin,2020-12-26,102,4220,30,3936,72,284,0,0,102,4216,0,0,102,4216,California
San Joaquin,2020-12-27,42,4262,29,3965,13,297,0,0,42,4258,0,0,42,4258,California
San Joaquin,2020-12-28,622,4884,421,4386,201,498,0,0,622,4880,0,0,622,4880,California
San Joaquin,2020-12-29,797,5681,671,5057,126,624,0,0,797,5677,0,0,797,5677,California
San Joaquin,2020-12-30,1007,6688,715,5772,292,916,0,0,1005,6682,0,0,1005,6682,California
San Joaquin,2020-12-31,453,7141,202,5974,251,1167,0,0,453,7135,0,0,453,7135,California
San Joaquin,2021-01-01,20,7161,12,5986,8,1175,0,0,20,7155,0,0,20,7155,California
San Joaquin,2021-01-02,262,7423,240,6226,22,1197,0,0,262,7417,0,0,262,7417,California
San Joaquin,2021-01-03,37,7460,19,6245,18,1215,0,0,36,7452,1,1,36,7453,California
San Joaquin,2021-01-04,476,7936,338,6583,138,1353,0,0,474,7925,1,2,474,7927,California
San Joaquin,2021-01-05,976,8912,644,7227,332,1685,0,0,808,8601,168,170,844,8771,California
San Joaquin,2021-01-06,1220,10132,707,7934,513,2198,0,0,917,9223,298,468,920,9691,California
San Joaquin,2021-01-07,1073,11205,679,8613,394,2592,0,0,785,9724,285,753,786,10477,California
San Joaquin,2021-01-08,1191,12396,819,9432,372,2964,0,0,707,9952,483,1236,711,11188,California
San Joaquin,2021-01-09,375,12771,299,9731,76,3040,0,0,246,10069,129,1365,246,11434,California
San Joaquin,2021-01-10,223,12994,115,9846,108,3148,0,0,171,10188,52,1417,171,11605,California
San Joaquin,2021-01-11,1523,14517,1318,11164,205,3353,0,0,859,10451,663,2080,926,12531,California
San Joaquin,2021-01-12,1454,15971,1049,12213,405,3758,0,0,684,10439,766,2846,754,13285,California
San Joaquin,2021-01-13,1524,17495,892,13105,632,4390,0,0,952,10825,571,3417,957,14242,California
San Joaquin,2021-01-14,1650,19145,877,13982,773,5163,0,0,1312,11834,318,3735,1327,15569,California
San Joaquin,2021-01-15,1599,20744,621,14603,978,6141,0,0,1382,13024,203,3938,1393,16962,California
San Joaquin,2021-01-16,1141,21885,193,14796,948,7089,0,0,1113,14110,27,3965,1113,18075,California
San Joaquin,2021-01-17,1614,23499,130,14926,1484,8573,0,0,1576,15650,38,4003,1578,19653,California
San Joaquin,2021-01-18,737,24236,237,15163,500,9073,0,0,617,16151,116,4119,617,20270,California
San Joaquin,2021-01-19,1856,26092,886,16049,970,10043,0,0,1176,16658,675,4794,1182,21452,California
San Joaquin,2021-01-20,2077,28169,1281,17330,796,10839,0,0,1429,17450,643,5437,1435,22887,California
San Joaquin,2021-01-21,1965,30134,892,18222,1073,11912,0,0,1569,18637,389,5826,1576,24463,California
San Joaquin,2021-01-22,1959,32093,914,19136,1045,12957,0,0,1816,20318,138,5964,1819,26282,California
San Joaquin,2021-01-23,894,32987,404,19540,490,13447,0,0,609,20646,284,6248,612,26894,California
San Joaquin,2021-01-24,346,33333,134,19674,212,13659,0,0,324,20950,20,6268,324,27218,California
San Joaquin,2021-01-25,1982,35315,1135,20809,847,14506,0,0,1422,21819,557,6825,1426,28644,California
San Joaquin,2021-01-26,2144,37459,1114,21923,1030,15536,0,0,1536,22755,605,7430,1541,30185,California
San Joaquin,2021-01-27,1724,39183,766,22689,958,16494,0,0,1230,23501,490,7920,1236,31421,California
San Joaquin,2021-01-28,2020,41203,760,23449,1260,17754,0,0,1373,24234,643,8563,1376,32797,California
San Joaquin,2021-01-29,2137,43340,1042,24491,1095,18849,0,0,1792,25693,340,8903,1799,34596,California
San Joaquin,2021-01-30,2160,45500,347,24838,1813,20662,0,0,1986,27509,172,9075,1988,36584,California
San Joaquin,2021-01-31,1554,47054,177,25015,1377,22039,0,0,1492,28941,61,9136,1493,38077,California
San Joaquin,2021-02-01,2486,49540,1312,26327,1174,23213,0,0,1755,29969,730,9866,1758,39835,California
San Joaquin,2021-02-02,2587,52127,1171,27498,1416,24629,0,0,1963,31371,565,10431,1967,41802,California
San Joaquin,2021-02-03,3057,55184,1208,28706,1849,26478,0,0,2194,32714,856,11287,2199,44001,California
San Joaquin,2021-02-04,3433,58617,1712,30418,1721,28199,0,0,2628,34547,800,12087,2633,46634,California
San Joaquin,2021-02-05,3210,61827,1857,32275,1353,29552,0,0,2351,36050,853,12940,2356,48990,California
San Joaquin,2021-02-06,1119,62946,784,33059,335,29887,0,0,944,36823,173,13113,946,49936,California
San Joaquin,2021-02-07,614,63560,487,33546,127,30014,0,0,411,37039,196,13309,412,50348,California
San Joaquin,2021-02-08,1775,65335,1031,34577,744,30758,0,0,1441,38173,312,13621,1446,51794,California
San Joaquin,2021-02-09,2097,67432,1137,35714,960,31718,0,0,1568,39284,459,14080,1570,53364,California
San Joaquin,2021-02-10,2555,69987,1250,36964,1305,33023,0,0,1336,39430,1190,15270,1336,54700,California
San Joaquin,2021-02-11,2930,72917,1504,38468,1426,34449,0,0,1717,39969,1183,16453,1722,56422,California
San Joaquin,2021-02-12,2803,75720,1122,39590,1681,36130,0,0,1587,40360,1201,17654,1592,58014,California
San Joaquin,2021-02-13,2116,77836,398,39988,1718,37848,0,0,853,39968,1251,18905,859,58873,California
San Joaquin,2021-02-14,1902,79738,262,40250,1640,39488,0,0,688,39469,1188,20093,689,59562,California
San Joaquin,2021-02-15,1979,81717,834,41084,1145,40633,0,0,1194,39911,756,20849,1198,60760,California
San Joaquin,2021-02-16,3143,84860,1369,42453,1774,42407,0,0,1739,40266,1392,22241,1747,62507,California
San Joaquin,2021-02-17,3266,88126,1263,43716,2003,44410,0,0,1861,40737,1394,23635,1865,64372,California
San Joaquin,2021-02-18,3327,91453,1368,45084,1959,46369,0,0,1899,41243,1398,25033,1904,66276,California
San Joaquin,2021-02-19,4242,95695,2401,47485,1841,48210,0,0,2387,41828,1802,26835,2387,68663,California
San Joaquin,2021-02-20,1541,97236,653,48138,888,49098,0,0,1064,42416,476,27311,1064,69727,California
San Joaquin,2021-02-21,636,97872,480,48618,156,49254,0,0,402,42588,231,27542,403,70130,California
San Joaquin,2021-02-22,3513,101385,2474,51092,1039,50293,0,0,2519,44148,963,28505,2523,72653,California
San Joaquin,2021-02-23,4282,105667,2604,53696,1678,51971,0,0,2636,45171,1617,30122,2640,75293,California
San Joaquin,2021-02-24,5697,111364,3387,57083,2310,54281,0,0,4099,47697,1575,31697,4101,79394,California
San Joaquin,2021-02-25,6292,117656,3887,60970,2405,56686,0,0,4067,49579,2195,33892,4077,83471,California
San Joaquin,2021-02-26,5460,123116,2849,63819,2611,59297,0,0,3755,51663,1677,35569,3761,87232,California
San Joaquin,2021-02-27,5438,128554,1617,65436,3821,63118,0,0,2613,51509,2778,38347,2624,89856,California
San Joaquin,2021-02-28,3076,131630,1104,66540,1972,65090,0,0,2033,52522,1022,39369,2035,91891,California
San Joaquin,2021-03-01,4071,135701,1792,68332,2279,67369,0,0,2307,53088,1748,41117,2314,94205,California
San Joaquin,2021-03-02,4166,139867,1663,69995,2503,69872,0,0,2614,54225,1533,42650,2670,96875,California
San Joaquin,2021-03-03,5739,145606,3406,73401,2331,72203,2,2,4142,56794,1574,44224,4143,101018,California
San Joaquin,2021-03-04,5678,151284,2252,75653,3423,75626,3,5,3714,58559,1953,46177,3718,104736,California
San Joaquin,2021-03-05,4405,155689,1865,77518,2536,78162,4,9,3038,60253,1352,47529,3046,107782,California
San Joaquin,2021-03-06,3281,158970,2162,79680,989,79151,130,139,2699,62506,579,48108,2832,110614,California
San Joaquin,2021-03-07,1205,160175,552,80232,607,79758,46,185,923,63196,264,48372,954,111568,California
San Joaquin,2021-03-08,3121,163296,1252,81484,1744,81502,125,310,2115,64440,995,49367,2239,113807,California
San Joaquin,2021-03-09,3959,167255,1778,83262,2055,83557,126,436,2621,65867,1323,50690,2750,116557,California
San Joaquin,2021-03-10,4628,171883,2459,85721,2031,85588,138,574,3409,68209,1206,51896,3548,120105,California
San Joaquin,2021-03-11,4921,176804,2332,88053,1989,87577,600,1174,2923,69749,1988,53884,3528,123633,California
San Joaquin,2021-03-12,6248,183052,3121,91174,2795,90372,332,1506,4148,72155,2079,55963,4485,128118,California
San Joaquin,2021-03-13,3050,186102,1446,92620,1478,91850,126,1632,2284,73813,759,56722,2417,130535,California
San Joaquin,2021-03-14,2152,188254,668,93288,1181,93031,303,1935,1038,74048,1110,57832,1345,131880,California
San Joaquin,2021-03-15,6046,194300,3479,96767,2164,95195,403,2338,3171,74784,2850,60682,3586,135466,California
San Joaquin,2021-03-16,6808,201108,3872,100639,2680,97875,256,2594,4020,76292,2775,63457,4283,139749,California
San Joaquin,2021-03-17,7745,208853,4642,105281,3033,100908,70,2664,4309,77279,3401,66858,4388,144137,California
San Joaquin,2021-03-18,7605,216458,4465,109746,2634,103542,506,3170,3764,77754,3802,70660,4277,148414,California
San Joaquin,2021-03-19,7898,224356,4627,114373,2729,106271,542,3712,4790,80046,3088,73748,5380,153794,California
San Joaquin,2021-03-20,3665,228021,2120,116493,1302,107573,243,3955,1821,80292,1829,75577,2075,155869,California
San Joaquin,2021-03-21,2097,230118,1490,117983,401,107974,206,4161,1182,80816,908,76485,1432,157301,California
San Joaquin,2021-03-22,3943,234061,2013,119996,1514,109488,416,4577,2334,81974,1597,78082,2755,160056,California
San Joaquin,2021-03-23,5352,239413,2623,122619,2562,112050,167,4744,3705,84223,1629,79711,3878,163934,California
San Joaquin,2021-03-24,6801,246214,4222,126841,2492,114542,87,4831,3022,83590,3750,83461,3117,167051,California
San Joaquin,2021-03-25,5506,251720,3261,130102,2203,116745,42,4873,3274,84701,2212,85673,3323,170374,California
San Joaquin,2021-03-26,6125,257845,2528,132630,3447,120192,150,5023,3227,85219,2878,88551,3396,173770,California
San Joaquin,2021-03-27,4605,262450,2610,135240,1949,122141,46,5069,1801,84293,2783,91334,1857,175627,California
San Joaquin,2021-03-28,2702,265152,1792,137032,885,123026,25,5094,1294,84300,1389,92723,1396,177023,California
San Joaquin,2021-03-29,4011,269163,2167,139199,1822,124848,22,5116,2019,84375,1981,94704,2056,179079,California
San Joaquin,2021-03-30,6192,275355,3147,142346,2953,127801,92,5208,3446,85209,2722,97426,3556,182635,California
San Joaquin,2021-03-31,6558,281913,4129,146475,2370,130171,59,5267,3330,85408,3212,100638,3411,186046,California
San Joaquin,2021-04-01,6348,288261,2943,149418,3323,133494,82,5349,2805,84825,3527,104165,2944,188990,California
San Joaquin,2021-04-02,6304,294565,2866,152284,2949,136443,489,5838,2517,84097,3766,107931,3038,192028,California
San Joaquin,2021-04-03,4118,298683,2319,154603,1473,137916,326,6164,1988,84303,2113,110044,2319,194347,California
San Joaquin,2021-04-04,2269,300952,1356,155959,711,138627,202,6366,1544,85345,717,110761,1759,196106,California
San Joaquin,2021-04-05,4456,305408,2812,158771,1474,140101,170,6536,2615,86307,1834,112595,2796,198902,California
San Joaquin,2021-04-06,6994,312402,4498,163269,2235,142336,261,6797,3327,86262,3645,116240,3600,202502,California
San Joaquin,2021-04-07,8279,320681,4502,167771,2205,144541,1572,8369,3486,86556,4779,121019,5073,207575,California
San Joaquin,2021-04-08,8627,329308,4673,172444,1935,146476,2019,10388,3297,86567,5307,126326,5318,212893,California
San Joaquin,2021-04-09,8793,338101,4241,176685,3003,149479,1549,11937,3182,85727,5590,131916,4750,217643,California
San Joaquin,2021-04-10,5165,343266,1619,178304,1642,151121,1904,13841,1726,85922,3432,135348,3627,221270,California
San Joaquin,2021-04-11,4024,347290,1540,179844,1319,152440,1165,15006,1720,86509,2293,137641,2880,224150,California
San Joaquin,2021-04-12,5929,353219,2349,182193,2049,154489,1531,16537,2308,86750,3603,141244,3844,227994,California
San Joaquin,2021-04-13,7415,360634,4275,186468,3135,157624,5,16542,4546,88459,2850,144094,4559,232553,California
San Joaquin,2021-04-14,7394,368028,3696,190164,3698,161322,0,16542,4418,89930,2956,147050,4427,236980,California
San Joaquin,2021-04-15,7713,375741,4547,194711,3166,164488,0,16542,4306,90867,3375,150425,4312,241292,California
San Joaquin,2021-04-16,7187,382928,3727,198438,3457,167945,3,16545,4217,92155,2943,153368,4231,245523,California
San Joaquin,2021-04-17,5040,387968,2694,201132,2344,170289,2,16547,3555,94252,1476,154844,3573,249096,California
San Joaquin,2021-04-18,2436,390404,1345,202477,1091,171380,0,16547,1293,94424,1128,155972,1300,250396,California
San Joaquin,2021-04-19,5064,395468,2717,205194,2347,173727,0,16547,2702,94796,2340,158312,2712,253108,California
San Joaquin,2021-04-20,6145,401613,3209,208403,2936,176663,0,16547,2888,94461,3234,161546,2899,256007,California
San Joaquin,2021-04-21,5278,406891,2773,211176,2505,179168,0,16547,2879,94992,2354,163900,2885,258892,California
San Joaquin,2021-04-22,5123,412014,2981,214157,2142,181310,0,16547,2933,95769,2164,166064,2941,261833,California
San Joaquin,2021-04-23,5786,417800,2737,216894,3048,184358,1,16548,3657,97321,2111,168175,3663,265496,California
San Joaquin,2021-04-24,5155,422955,3542,220436,1612,185970,1,16549,3348,98890,1785,169960,3354,268850,California
San Joaquin,2021-04-25,2955,425910,2483,222919,472,186442,0,16549,1932,99822,1006,170966,1938,270788,California
San Joaquin,2021-04-26,3674,429584,2430,225349,1243,187685,1,16550,1932,100026,1732,172698,1936,272724,California
San Joaquin,2021-04-27,4159,433743,2426,227775,1684,189369,49,16599,1756,99454,2385,175083,1813,274537,California
San Joaquin,2021-04-28,5447,439190,3263,231038,2109,191478,75,16674,2670,99459,2748,177831,2753,277290,California
San Joaquin,2021-04-29,4728,443918,2737,233775,1936,193414,55,16729,2413,99636,2297,180128,2474,279764,California
San Joaquin,2021-04-30,4830,448748,2335,236110,2429,195843,66,16795,2491,99877,2324,182452,2565,282329,California
San Joaquin,2021-05-01,3273,452021,1874,237984,1340,197183,59,16854,2071,100824,1196,183648,2143,284472,California
San Joaquin,2021-05-02,2179,454200,1485,239469,639,197822,55,16909,1070,100847,1104,184752,1127,285599,California
San Joaquin,2021-05-03,3131,457331,2094,241563,967,198789,70,16979,1317,100440,1804,186556,1397,286996,California
San Joaquin,2021-05-04,4760,462091,3243,244806,1368,200157,149,17128,1737,99329,3007,189563,1896,288892,California
San Joaquin,2021-05-05,4466,466557,2979,247785,1333,201490,154,17282,1750,98544,2696,192259,1911,290803,California
San Joaquin,2021-05-06,4512,471069,3004,250789,1381,202871,127,17409,2009,98198,2489,194748,2143,292946,California
San Joaquin,2021-05-07,4362,475431,2416,253205,1796,204667,150,17559,1806,97621,2545,197293,1968,294914,California
San Joaquin,2021-05-08,2798,478229,1786,254991,915,205582,97,17656,1180,97302,1605,198898,1286,296200,California
San Joaquin,2021-05-09,1436,479665,823,255814,545,206127,68,17724,568,97078,865,199763,641,296841,California
San Joaquin,2021-05-10,1696,481361,947,256761,667,206794,82,17806,526,96527,1163,200926,612,297453,California
San Luis Obispo,2020-12-16,4,4,4,4,0,0,0,0,4,4,0,0,4,4,California
San Luis Obispo,2020-12-17,196,200,196,200,0,0,0,0,196,200,0,0,196,200,California
San Luis Obispo,2020-12-18,224,424,224,424,0,0,0,0,224,424,0,0,224,424,California
San Luis Obispo,2020-12-19,162,586,162,586,0,0,0,0,162,586,0,0,162,586,California
San Luis Obispo,2020-12-20,215,801,215,801,0,0,0,0,215,801,0,0,215,801,California
San Luis Obispo,2020-12-21,549,1350,548,1349,1,1,0,0,549,1350,0,0,549,1350,California
San Luis Obispo,2020-12-22,308,1658,304,1653,4,5,0,0,308,1658,0,0,308,1658,California
San Luis Obispo,2020-12-23,682,2340,368,2021,314,319,0,0,682,2340,0,0,682,2340,California
San Luis Obispo,2020-12-24,194,2534,19,2040,175,494,0,0,194,2534,0,0,194,2534,California
San Luis Obispo,2020-12-25,2,2536,1,2041,1,495,0,0,2,2536,0,0,2,2536,California
San Luis Obispo,2020-12-26,89,2625,12,2053,77,572,0,0,89,2625,0,0,89,2625,California
San Luis Obispo,2020-12-27,76,2701,0,2053,76,648,0,0,76,2701,0,0,76,2701,California
San Luis Obispo,2020-12-28,880,3581,430,2483,450,1098,0,0,880,3581,0,0,880,3581,California
San Luis Obispo,2020-12-29,903,4484,502,2985,401,1499,0,0,903,4484,0,0,903,4484,California
San Luis Obispo,2020-12-30,1172,5656,681,3666,491,1990,0,0,1172,5656,0,0,1172,5656,California
San Luis Obispo,2020-12-31,107,5763,4,3670,103,2093,0,0,107,5763,0,0,107,5763,California
San Luis Obispo,2021-01-01,13,5776,8,3678,5,2098,0,0,13,5776,0,0,13,5776,California
San Luis Obispo,2021-01-02,33,5809,8,3686,25,2123,0,0,33,5809,0,0,33,5809,California
San Luis Obispo,2021-01-03,16,5825,6,3692,10,2133,0,0,16,5825,0,0,16,5825,California
San Luis Obispo,2021-01-04,678,6503,524,4216,154,2287,0,0,678,6503,0,0,678,6503,California
San Luis Obispo,2021-01-05,974,7477,756,4972,218,2505,0,0,972,7473,2,2,972,7475,California
San Luis Obispo,2021-01-06,725,8202,480,5452,245,2750,0,0,717,8183,7,9,717,8192,California
San Luis Obispo,2021-01-07,1126,9328,948,6400,178,2928,0,0,683,8423,443,452,683,8875,California
San Luis Obispo,2021-01-08,882,10210,804,7204,78,3006,0,0,513,8568,368,820,513,9388,California
San Luis Obispo,2021-01-09,204,10414,195,7399,9,3015,0,0,27,8418,177,997,27,9415,California
San Luis Obispo,2021-01-10,12,10426,8,7407,4,3019,0,0,8,8422,4,1001,8,9423,California
San Luis Obispo,2021-01-11,559,10985,508,7915,51,3070,0,0,299,8462,259,1260,299,9722,California
San Luis Obispo,2021-01-12,597,11582,380,8295,217,3287,0,0,319,8503,278,1538,319,10041,California
San Luis Obispo,2021-01-13,885,12467,256,8551,629,3916,0,0,646,8912,237,1775,646,10687,California
San Luis Obispo,2021-01-14,729,13196,244,8795,485,4401,0,0,604,9404,112,1887,604,11291,California
San Luis Obispo,2021-01-15,729,13925,288,9083,441,4842,0,0,554,9788,170,2057,554,11845,California
San Luis Obispo,2021-01-16,100,14025,81,9164,19,4861,0,0,95,9878,5,2062,95,11940,California
San Luis Obispo,2021-01-17,67,14092,61,9225,6,4867,0,0,67,9945,0,2062,67,12007,California
San Luis Obispo,2021-01-18,1371,15463,389,9614,982,5849,0,0,1109,10792,262,2324,1109,13116,California
San Luis Obispo,2021-01-19,1584,17047,417,10031,1167,7016,0,0,1176,11560,408,2732,1176,14292,California
San Luis Obispo,2021-01-20,1884,18931,596,10627,1288,8304,0,0,1293,12265,589,3321,1294,15586,California
San Luis Obispo,2021-01-21,1570,20501,466,11093,1104,9408,0,0,1197,13094,369,3690,1198,16784,California
San Luis Obispo,2021-01-22,1521,22022,509,11602,1012,10420,0,0,1206,13987,313,4003,1206,17990,California
San Luis Obispo,2021-01-23,312,22334,294,11896,18,10438,0,0,296,14267,16,4019,296,18286,California
San Luis Obispo,2021-01-24,245,22579,237,12133,8,10446,0,0,239,14500,6,4025,239,18525,California
San Luis Obispo,2021-01-25,2074,24653,606,12739,1468,11914,0,0,1244,14914,830,4855,1244,19769,California
San Luis Obispo,2021-01-26,2002,26655,704,13443,1298,13212,0,0,1135,15182,867,5722,1135,20904,California
San Luis Obispo,2021-01-27,1611,28266,284,13727,1327,14539,0,0,1152,15875,459,6181,1152,22056,California
San Luis Obispo,2021-01-28,1489,29755,342,14069,1147,15686,0,0,1228,16843,260,6441,1228,23284,California
San Luis Obispo,2021-01-29,1735,31490,681,14750,1054,16740,0,0,1451,18010,284,6725,1451,24735,California
San Luis Obispo,2021-01-30,37,31527,18,14768,19,16759,0,0,26,18026,10,6735,26,24761,California
San Luis Obispo,2021-01-31,28,31555,20,14788,8,16767,0,0,25,18048,3,6738,25,24786,California
San Luis Obispo,2021-02-01,1702,33257,737,15525,965,17732,0,0,1400,19147,301,7039,1400,26186,California
San Luis Obispo,2021-02-02,1895,35152,677,16202,1218,18950,0,0,1521,20294,374,7413,1521,27707,California
San Luis Obispo,2021-02-03,1706,36858,728,16930,978,19928,0,0,1293,21174,413,7826,1293,29000,California
San Luis Obispo,2021-02-04,1659,38517,801,17731,858,20786,0,0,1092,21699,567,8393,1092,30092,California
San Luis Obispo,2021-02-05,1603,40120,717,18448,886,21672,0,0,1058,22212,546,8939,1059,31151,California
San Luis Obispo,2021-02-06,159,40279,92,18540,67,21739,0,0,93,22239,66,9005,93,31244,California
San Luis Obispo,2021-02-07,144,40423,99,18639,45,21784,0,0,74,22244,70,9075,75,31319,California
San Luis Obispo,2021-02-08,858,41281,470,19109,388,22172,0,0,498,22383,359,9434,498,31817,California
San Luis Obispo,2021-02-09,1123,42404,449,19558,674,22846,0,0,542,22357,575,10009,549,32366,California
San Luis Obispo,2021-02-10,1429,43833,487,20045,942,23788,0,0,523,21980,903,10912,526,32892,California
San Luis Obispo,2021-02-11,1330,45163,844,20889,486,24274,0,0,655,21963,672,11584,655,33547,California
San Luis Obispo,2021-02-12,786,45949,363,21252,423,24697,0,0,417,22011,369,11953,417,33964,California
San Luis Obispo,2021-02-13,393,46342,127,21379,266,24963,0,0,285,22189,107,12060,285,34249,California
San Luis Obispo,2021-02-14,318,46660,41,21420,277,25240,0,0,282,22436,36,12096,283,34532,California
San Luis Obispo,2021-02-15,725,47385,137,21557,588,25828,0,0,469,22652,253,12349,469,35001,California
San Luis Obispo,2021-02-16,2963,50348,1196,22753,1767,27595,0,0,1360,22415,1597,13946,1360,36361,California
San Luis Obispo,2021-02-17,2776,53124,1238,23991,1538,29133,0,0,1029,21706,1738,15684,1029,37390,California
San Luis Obispo,2021-02-18,2822,55946,1456,25447,1366,30499,0,0,1132,21157,1682,17366,1133,38523,California
San Luis Obispo,2021-02-19,1455,57401,1335,26782,120,30619,0,0,1132,21967,322,17688,1132,39655,California
San Luis Obispo,2021-02-20,252,57653,81,26863,171,30790,0,0,215,22145,37,17725,215,39870,California
San Luis Obispo,2021-02-21,54,57707,50,26913,4,30794,0,0,31,22153,23,17748,31,39901,California
San Luis Obispo,2021-02-22,2403,60110,1858,28771,545,31339,0,0,1459,22669,944,18692,1460,41361,California
San Luis Obispo,2021-02-23,1854,61964,1739,30510,115,31454,0,0,1361,23539,492,19184,1362,42723,California
San Luis Obispo,2021-02-24,2643,64607,1300,31810,1343,32797,0,0,835,22569,1805,20989,835,43558,California
San Luis Obispo,2021-02-25,2128,66735,1242,33052,886,33683,0,0,1204,22857,917,21906,1205,44763,California
San Luis Obispo,2021-02-26,2644,69379,1148,34200,1496,35179,0,0,1324,22869,1312,23218,1324,46087,California
San Luis Obispo,2021-02-27,565,69944,339,34539,226,35405,0,0,519,23342,46,23264,519,46606,California
San Luis Obispo,2021-02-28,200,70144,73,34612,127,35532,0,0,163,23472,33,23297,163,46769,California
San Luis Obispo,2021-03-01,2961,73105,1844,36456,1115,36647,2,2,2036,24585,926,24223,2039,48808,California
San Luis Obispo,2021-03-02,2987,76092,1886,38342,1101,37748,0,2,1842,25287,1141,25364,1843,50651,California
San Luis Obispo,2021-03-03,2274,78366,332,38674,1942,39690,0,2,826,24672,1442,26806,827,51478,California
San Luis Obispo,2021-03-04,2179,80545,1150,39824,1029,40719,0,2,1166,24829,1011,27817,1168,52646,California
San Luis Obispo,2021-03-05,2295,82840,1018,40842,1207,41926,70,72,1291,25201,989,28806,1361,54007,California
San Luis Obispo,2021-03-06,833,83673,309,41151,417,42343,107,179,613,25695,220,29026,714,54721,California
San Luis Obispo,2021-03-07,199,83872,32,41183,83,42426,84,263,70,25722,128,29154,155,54876,California
San Luis Obispo,2021-03-08,2727,86599,754,41937,1659,44085,314,577,1540,26391,1184,30338,1853,56729,California
San Luis Obispo,2021-03-09,2926,89525,955,42892,1724,45809,247,824,1506,26728,1417,31755,1754,58483,California
San Luis Obispo,2021-03-10,3191,92716,1238,44130,1671,47480,282,1106,1815,27453,1372,33127,2097,60580,California
San Luis Obispo,2021-03-11,3124,95840,1273,45403,1529,49009,322,1428,1699,28057,1416,34543,2020,62600,California
San Luis Obispo,2021-03-12,3210,99050,1281,46684,1591,50600,338,1766,1596,28388,1606,36149,1937,64537,California
San Luis Obispo,2021-03-13,794,99844,262,46946,423,51023,109,1875,431,28565,362,36511,539,65076,California
San Luis Obispo,2021-03-14,514,100358,53,46999,350,51373,111,1986,135,28433,378,36889,246,65322,California
San Luis Obispo,2021-03-15,3054,103412,1096,48095,1860,53233,98,2084,1532,28545,1518,38407,1630,66952,California
San Luis Obispo,2021-03-16,2848,106260,1509,49604,1229,54462,110,2194,1442,28696,1400,39807,1551,68503,California
San Luis Obispo,2021-03-17,3421,109681,1446,51050,1714,56176,261,2455,1976,29497,1435,41242,2236,70739,California
San Luis Obispo,2021-03-18,2806,112487,1446,52496,1149,57325,211,2666,1338,29582,1463,42705,1548,72287,California
San Luis Obispo,2021-03-19,2584,115071,1562,54058,701,58026,321,2987,962,29253,1614,44319,1285,73572,California
San Luis Obispo,2021-03-20,833,115904,496,54554,300,58326,37,3024,385,29227,448,44767,422,73994,California
San Luis Obispo,2021-03-21,186,116090,45,54599,138,58464,3,3027,157,29358,29,44796,160,74154,California
San Luis Obispo,2021-03-22,2684,118774,1169,55768,1467,59931,48,3075,1864,30455,815,45611,1912,76066,California
San Luis Obispo,2021-03-23,3368,122142,2210,57978,1129,61060,29,3104,2265,31650,1099,46710,2294,78360,California
San Luis Obispo,2021-03-24,3500,125642,2132,60110,1284,62344,84,3188,2616,33470,879,47589,2699,81059,California
San Luis Obispo,2021-03-25,3660,129302,2288,62398,1360,63704,12,3200,2635,35095,1021,48610,2646,83705,California
San Luis Obispo,2021-03-26,3143,132445,1755,64153,956,64660,432,3632,1749,35887,1389,49999,2181,85886,California
San Luis Obispo,2021-03-27,993,133438,508,64661,393,65053,92,3724,452,35892,539,50538,544,86430,California
San Luis Obispo,2021-03-28,443,133881,151,64812,236,65289,56,3780,242,35989,201,50739,298,86728,California
San Luis Obispo,2021-03-29,2575,136456,1275,66087,1167,66456,133,3913,1651,36863,910,51649,1784,88512,California
San Luis Obispo,2021-03-30,3494,139950,1907,67994,1446,67902,141,4054,2345,38202,1145,52794,2484,90996,California
San Luis Obispo,2021-03-31,3835,143785,2453,70447,1235,69137,147,4201,2472,39467,1353,54147,2618,93614,California
San Luis Obispo,2021-04-01,3820,147605,2418,72865,1286,70423,116,4317,2685,41142,1125,55272,2800,96414,California
San Luis Obispo,2021-04-02,1752,149357,686,73551,755,71178,311,4628,955,41610,796,56068,1264,97678,California
San Luis Obispo,2021-04-03,1103,150460,554,74105,422,71600,127,4755,487,41612,612,56680,614,98292,California
San Luis Obispo,2021-04-04,380,150840,130,74235,210,71810,40,4795,234,41740,146,56826,274,98566,California
San Luis Obispo,2021-04-05,3610,154450,1944,76179,1556,73366,110,4905,2048,42337,1559,58385,2156,100722,California
San Luis Obispo,2021-04-06,4032,158482,2146,78325,1565,74931,321,5226,1956,42546,2068,60453,2277,102999,California
San Luis Obispo,2021-04-07,4286,162768,2341,80666,1583,76514,362,5588,2470,43574,1802,62255,2830,105829,California
San Luis Obispo,2021-04-08,4021,166789,2196,82862,1423,77937,402,5990,2178,44318,1836,64091,2580,108409,California
San Luis Obispo,2021-04-09,3645,170434,1732,84594,1157,79094,756,6746,1538,44510,2098,66189,2290,110699,California
San Luis Obispo,2021-04-10,1571,172005,558,85152,351,79445,662,7408,483,44565,1088,67277,1143,111842,California
San Luis Obispo,2021-04-11,311,172316,63,85215,185,79630,63,7471,124,44567,185,67462,187,112029,California
San Luis Obispo,2021-04-12,3372,175688,1696,86911,1512,81142,164,7635,1415,44188,1957,69419,1578,113607,California
San Luis Obispo,2021-04-13,3640,179328,2096,89007,1543,82685,1,7636,1970,44493,1667,71086,1972,115579,California
San Luis Obispo,2021-04-14,2845,182173,1680,90687,1162,83847,3,7639,1661,44983,1173,72259,1663,117242,California
San Luis Obispo,2021-04-15,3664,185837,2374,93061,1289,85136,1,7640,1958,45254,1689,73948,1960,119202,California
San Luis Obispo,2021-04-16,3603,189440,2189,95250,1411,86547,3,7643,1796,45249,1803,75751,1798,121000,California
San Luis Obispo,2021-04-17,1098,190538,433,95683,663,87210,2,7645,715,45586,380,76131,717,121717,California
San Luis Obispo,2021-04-18,318,190856,96,95779,221,87431,1,7646,109,45489,206,76337,109,121826,California
San Luis Obispo,2021-04-19,3072,193928,1284,97063,1750,89181,38,7684,1129,44717,1940,78277,1168,122994,California
San Luis Obispo,2021-04-20,3555,197483,1931,98994,1624,90805,0,7684,1373,43920,2170,80447,1373,124367,California
San Luis Obispo,2021-04-21,3896,201379,1788,100782,2108,92913,0,7684,1624,43289,2255,82702,1624,125991,California
San Luis Obispo,2021-04-22,4571,205950,2058,102840,2513,95426,0,7684,1502,41739,3054,85756,1504,127495,California
San Luis Obispo,2021-04-23,1465,207415,848,103688,613,96039,4,7688,702,41695,757,86513,713,128208,California
San Luis Obispo,2021-04-24,1083,208498,444,104132,620,96659,19,7707,494,41625,583,87096,513,128721,California
San Luis Obispo,2021-04-25,345,208843,162,104294,183,96842,0,7707,113,41507,231,87327,113,128834,California
San Luis Obispo,2021-04-26,912,209755,292,104586,603,97445,17,7724,334,41291,566,87893,350,129184,California
San Luis Obispo,2021-04-27,3592,213347,1841,106427,1684,99129,67,7791,1372,40516,2213,90106,1438,130622,California
San Luis Obispo,2021-04-28,3706,217053,2081,108508,1553,100682,72,7863,1277,39449,2416,92522,1349,131971,California
San Luis Obispo,2021-04-29,3625,220678,2095,110603,1460,102142,70,7933,1187,38281,2426,94948,1258,133229,California
San Luis Obispo,2021-04-30,2934,223612,1641,112244,1220,103362,73,8006,911,37254,2010,96958,983,134212,California
San Luis Obispo,2021-05-01,465,224077,158,112402,271,103633,36,8042,97,37026,360,97318,132,134344,California
San Luis Obispo,2021-05-02,168,224245,52,112454,96,103729,20,8062,42,36962,126,97444,62,134406,California
San Luis Obispo,2021-05-03,881,225126,289,112743,493,104222,99,8161,225,36633,652,98096,323,134729,California
San Luis Obispo,2021-05-04,2920,228046,1886,114629,968,105190,66,8227,863,35510,2050,100146,927,135656,California
San Luis Obispo,2021-05-05,2797,230843,1852,116481,884,106074,61,8288,695,34176,2091,102237,757,136413,California
San Luis Obispo,2021-05-06,2752,233595,1868,118349,832,106906,52,8340,723,32936,2014,104251,774,137187,California
San Luis Obispo,2021-05-07,2287,235882,1733,120082,491,107397,63,8403,598,31934,1664,105915,662,137849,California
San Luis Obispo,2021-05-08,562,236444,338,120420,200,107597,24,8427,188,31790,356,106271,212,138061,California
San Luis Obispo,2021-05-09,151,236595,40,120460,94,107691,17,8444,40,31737,110,106381,57,138118,California
San Luis Obispo,2021-05-10,357,236952,25,120485,328,108019,4,8448,88,31565,264,106645,92,138210,California
San Mateo,2020-12-15,26,26,26,26,0,0,0,0,26,26,0,0,26,26,California
San Mateo,2020-12-16,110,136,110,136,0,0,0,0,110,136,0,0,110,136,California
San Mateo,2020-12-17,164,300,164,300,0,0,0,0,164,300,0,0,164,300,California
San Mateo,2020-12-18,741,1041,739,1039,2,2,0,0,741,1041,0,0,741,1041,California
San Mateo,2020-12-19,514,1555,514,1553,0,2,0,0,514,1555,0,0,514,1555,California
San Mateo,2020-12-20,511,2066,509,2062,2,4,0,0,511,2066,0,0,511,2066,California
San Mateo,2020-12-21,1156,3222,1156,3218,0,4,0,0,1156,3222,0,0,1156,3222,California
San Mateo,2020-12-22,1523,4745,1516,4734,7,11,0,0,1523,4745,0,0,1523,4745,California
San Mateo,2020-12-23,1575,6320,1386,6120,189,200,0,0,1575,6320,0,0,1575,6320,California
San Mateo,2020-12-24,868,7188,611,6731,257,457,0,0,868,7188,0,0,868,7188,California
San Mateo,2020-12-25,115,7303,111,6842,4,461,0,0,115,7303,0,0,115,7303,California
San Mateo,2020-12-26,561,7864,418,7260,143,604,0,0,561,7864,0,0,561,7864,California
San Mateo,2020-12-27,307,8171,176,7436,131,735,0,0,307,8171,0,0,307,8171,California
San Mateo,2020-12-28,1051,9222,705,8141,346,1081,0,0,1051,9222,0,0,1051,9222,California
San Mateo,2020-12-29,1130,10352,706,8847,424,1505,0,0,1130,10352,0,0,1130,10352,California
San Mateo,2020-12-30,1264,11616,760,9607,504,2009,0,0,1264,11616,0,0,1264,11616,California
San Mateo,2020-12-31,716,12332,231,9838,485,2494,0,0,715,12330,1,1,715,12331,California
San Mateo,2021-01-01,62,12394,44,9882,18,2512,0,0,62,12392,0,1,62,12393,California
San Mateo,2021-01-02,400,12794,270,10152,130,2642,0,0,400,12792,0,1,400,12793,California
San Mateo,2021-01-03,283,13077,208,10360,75,2717,0,0,280,13069,3,4,280,13073,California
San Mateo,2021-01-04,1053,14130,680,11040,373,3090,0,0,1053,14122,0,4,1053,14126,California
San Mateo,2021-01-05,1201,15331,705,11745,496,3586,0,0,1172,15266,29,33,1173,15299,California
San Mateo,2021-01-06,1447,16778,950,12695,497,4083,0,0,1266,16354,179,212,1267,16566,California
San Mateo,2021-01-07,1457,18235,811,13506,646,4729,0,0,1167,17239,283,495,1168,17734,California
San Mateo,2021-01-08,1840,20075,1191,14697,649,5378,0,0,1141,17689,692,1187,1142,18876,California
San Mateo,2021-01-09,1181,21256,777,15474,404,5782,0,0,722,17952,459,1646,722,19598,California
San Mateo,2021-01-10,704,21960,575,16049,129,5911,0,0,266,17780,438,2084,266,19864,California
San Mateo,2021-01-11,2593,24553,1485,17534,1108,7019,0,0,1526,18240,1068,3152,1528,21392,California
San Mateo,2021-01-12,3285,27838,1777,19311,1508,8527,0,0,2100,19160,1183,4335,2103,23495,California
San Mateo,2021-01-13,3484,31322,1755,21066,1729,10256,0,0,2448,20575,1036,5371,2451,25946,California
San Mateo,2021-01-14,3777,35099,1584,22650,2193,12449,0,0,3091,22985,686,6057,3096,29042,California
San Mateo,2021-01-15,4328,39427,1709,24359,2619,15068,0,0,3799,26259,527,6584,3801,32843,California
San Mateo,2021-01-16,3086,42513,776,25135,2310,17378,0,0,2766,28705,320,6904,2766,35609,California
San Mateo,2021-01-17,1312,43825,310,25445,1002,18380,0,0,1102,29597,210,7114,1102,36711,California
San Mateo,2021-01-18,1364,45189,533,25978,831,19211,0,0,990,30220,371,7485,994,37705,California
San Mateo,2021-01-19,2798,47987,1786,27764,1012,20223,0,0,2004,31433,791,8276,2004,39709,California
San Mateo,2021-01-20,2798,50785,1543,29307,1255,21478,0,0,1953,32545,842,9118,1954,41663,California
San Mateo,2021-01-21,2845,53630,1296,30603,1549,23027,0,0,2253,34211,590,9708,2256,43919,California
San Mateo,2021-01-22,2796,56426,1136,31739,1660,24687,0,0,2497,36412,297,10005,2498,46417,California
San Mateo,2021-01-23,2885,59311,1690,33429,1195,25882,0,0,2521,38570,364,10369,2522,48939,California
San Mateo,2021-01-24,1520,60831,375,33804,1145,27027,0,0,1209,39469,310,10679,1209,50148,California
San Mateo,2021-01-25,4433,65264,3149,36953,1284,28311,0,0,3538,42117,893,11572,3541,53689,California
San Mateo,2021-01-26,4294,69558,2979,39932,1315,29626,0,0,3391,44606,902,12474,3391,57080,California
San Mateo,2021-01-27,2791,72349,1473,41405,1318,30944,0,0,1794,45411,990,13464,1795,58875,California
San Mateo,2021-01-28,2805,75154,1357,42762,1448,32392,0,0,1954,46529,836,14300,1954,60829,California
San Mateo,2021-01-29,2985,78139,1340,44102,1645,34037,0,0,2152,47854,830,15130,2155,62984,California
San Mateo,2021-01-30,3373,81512,1476,45578,1897,35934,0,0,2915,50313,457,15587,2916,65900,California
San Mateo,2021-01-31,1681,83193,897,46475,784,36718,0,0,1518,51670,161,15748,1518,67418,California
San Mateo,2021-02-01,2927,86120,1345,47820,1582,38300,0,0,2219,53186,704,16452,2220,69638,California
San Mateo,2021-02-02,3178,89298,1731,49551,1447,39747,0,0,2158,54327,1017,17469,2158,71796,California
San Mateo,2021-02-03,4882,94180,1951,51502,2931,42678,0,0,3828,57105,1051,18520,3829,75625,California
San Mateo,2021-02-04,6296,100476,2592,54094,3704,46382,0,0,4938,60694,1352,19872,4941,80566,California
San Mateo,2021-02-05,6800,107276,2551,56645,4249,50631,0,0,4976,63863,1807,21679,4976,85542,California
San Mateo,2021-02-06,3281,110557,1916,58561,1365,51996,0,0,2616,65817,664,22343,2618,88160,California
San Mateo,2021-02-07,1896,112453,1342,59903,554,52550,0,0,1709,67339,187,22530,1709,89869,California
San Mateo,2021-02-08,5280,117733,2248,62151,3032,55582,0,0,3107,68338,2108,24638,3107,92976,California
San Mateo,2021-02-09,6189,123922,3225,65376,2964,58546,0,0,3342,68838,2842,27480,3342,96318,California
San Mateo,2021-02-10,6500,130422,3272,68648,3228,61774,0,0,3427,69201,3064,30544,3427,99745,California
San Mateo,2021-02-11,7057,137479,3582,72230,3475,65249,0,0,3802,69760,3246,33790,3805,103550,California
San Mateo,2021-02-12,6620,144099,2951,75181,3669,68918,0,0,4699,72542,1919,35709,4701,108251,California
San Mateo,2021-02-13,6095,150194,3994,79175,2101,71019,0,0,2641,71733,3450,39159,2641,110892,California
San Mateo,2021-02-14,4633,154827,3018,82193,1615,72634,0,0,1985,71075,2644,41803,1986,112878,California
San Mateo,2021-02-15,3166,157993,1459,83652,1707,74341,0,0,1784,71482,1378,43181,1785,114663,California
San Mateo,2021-02-16,7152,165145,1876,85528,5276,79617,0,0,5284,74901,1867,45048,5286,119949,California
San Mateo,2021-02-17,7056,172201,1937,87465,5119,84736,0,0,5060,77972,1991,47039,5062,125011,California
San Mateo,2021-02-18,6698,178899,4626,92091,2072,86808,0,0,4449,80180,2244,49283,4452,129463,California
San Mateo,2021-02-19,7810,186709,5611,97702,2199,89007,0,0,5815,84006,1989,51272,5815,135278,California
San Mateo,2021-02-20,3734,190443,2419,100121,1315,90322,0,0,2308,84895,1419,52691,2308,137586,California
San Mateo,2021-02-21,2308,192751,1466,101587,842,91164,0,0,1263,85118,1040,53731,1263,138849,California
San Mateo,2021-02-22,4420,197171,3197,104784,1223,92387,0,0,2780,86265,1634,55365,2781,141630,California
San Mateo,2021-02-23,4291,201462,3046,107830,1245,93632,0,0,2483,86947,1801,57166,2483,144113,California
San Mateo,2021-02-24,7271,208733,3254,111084,4017,97649,0,0,4847,89376,2419,59585,4848,148961,California
San Mateo,2021-02-25,9089,217822,4012,115096,5077,102726,0,0,6015,92332,3059,62644,6015,154976,California
San Mateo,2021-02-26,9773,227595,3718,118814,6055,108781,0,0,6847,96271,2912,65556,6851,161827,California
San Mateo,2021-02-27,6681,234276,3413,122227,3267,112048,1,1,3634,96870,3041,68597,3640,165467,California
San Mateo,2021-02-28,4123,238399,2505,124732,1618,113666,0,1,2553,97860,1564,70161,2554,168021,California
San Mateo,2021-03-01,5653,244052,3536,128268,2116,115782,1,2,2797,97814,2844,73005,2798,170819,California
San Mateo,2021-03-02,5798,249850,3988,132256,1809,117591,1,3,3338,98702,2452,75457,3340,174159,California
San Mateo,2021-03-03,8350,258200,3902,136158,4446,122037,2,5,3606,97579,4732,80189,3609,177768,California
San Mateo,2021-03-04,8420,266620,3939,140097,4479,126516,2,7,3802,96786,4599,84788,3806,181574,California
San Mateo,2021-03-05,9099,275719,5989,146086,3106,129622,4,11,6418,100551,2661,87449,6426,188000,California
San Mateo,2021-03-06,7853,283572,5440,151526,2237,131859,176,187,5741,104363,2103,89552,5915,193915,California
San Mateo,2021-03-07,3472,287044,2316,153842,1089,132948,67,254,2007,104976,1461,91013,2074,195989,California
San Mateo,2021-03-08,4448,291492,2481,156323,1749,134697,218,472,3224,107203,1216,92229,3443,199432,California
San Mateo,2021-03-09,4559,296051,2130,158453,2156,136853,273,745,3011,108945,1541,93770,3283,202715,California
San Mateo,2021-03-10,6920,302971,2644,161097,3990,140843,286,1031,4565,111454,2341,96111,4850,207565,California
San Mateo,2021-03-11,9134,312105,5735,166832,3007,143850,392,1423,3721,110182,5384,101495,4112,211677,California
San Mateo,2021-03-12,10508,322613,6609,173441,3518,147368,381,1804,3504,107081,6987,108482,3886,215563,California
San Mateo,2021-03-13,8105,330718,3421,176862,3057,150425,1627,3431,3912,108432,4181,112663,5532,221095,California
San Mateo,2021-03-14,4935,335653,3304,180166,1524,151949,107,3538,2900,109411,2028,114691,3007,224102,California
San Mateo,2021-03-15,7128,342781,4581,184747,2371,154320,176,3714,3770,110006,3352,118043,3947,228049,California
San Mateo,2021-03-16,11910,354691,4359,189106,7428,161748,123,3837,4859,107955,7035,125078,4984,233033,California
San Mateo,2021-03-17,10793,365484,4364,193470,6305,168053,124,3961,4893,107101,5875,130953,5021,238054,California
San Mateo,2021-03-18,7235,372719,4033,197503,3019,171072,183,4144,4308,108669,2921,133874,4489,242543,California
San Mateo,2021-03-19,7362,380081,4721,202224,1974,173046,667,4811,3610,109204,3742,137616,4277,246820,California
San Mateo,2021-03-20,8289,388370,6434,208658,1520,174566,335,5146,5415,112095,2859,140475,5750,252570,California
San Mateo,2021-03-21,4152,392522,3125,211783,796,175362,231,5377,2345,112872,1796,142271,2573,255143,California
San Mateo,2021-03-22,5223,397745,3547,215330,1258,176620,418,5795,2862,113805,2348,144619,3281,258424,California
San Mateo,2021-03-23,9782,407527,4449,219779,5137,181757,196,5991,4662,113571,5091,149710,4857,263281,California
San Mateo,2021-03-24,9443,416970,5445,225224,3858,185615,140,6131,4107,112546,5269,154979,4244,267525,California
San Mateo,2021-03-25,10016,426986,4878,230102,4870,190485,268,6399,4428,111758,5487,160466,4699,272224,California
San Mateo,2021-03-26,11148,438134,7665,237767,3318,193803,165,6564,4454,109721,6657,167123,4620,276844,California
San Mateo,2021-03-27,10435,448569,7968,245735,2362,196165,105,6669,4699,108804,5718,172841,4801,281645,California
San Mateo,2021-03-28,4214,452783,2699,248434,1404,197569,111,6780,2105,108921,2100,174941,2217,283862,California
San Mateo,2021-03-29,6019,458802,3746,252180,2021,199590,252,7032,2851,108875,3149,178090,3103,286965,California
San Mateo,2021-03-30,7077,465879,4013,256193,2909,202499,155,7187,4457,110882,2605,180695,4612,291577,California
San Mateo,2021-03-31,7201,473080,4549,260742,2514,205013,138,7325,4057,111949,3128,183823,4195,295772,California
San Mateo,2021-04-01,10407,483487,5107,265849,4119,209132,1181,8506,5586,113930,4782,188605,6763,302535,California
San Mateo,2021-04-02,10655,494142,5075,270924,4018,213150,1562,10068,5599,116051,5039,193644,7160,309695,California
San Mateo,2021-04-03,9673,503815,5483,276407,2456,215606,1734,11802,4891,117900,4778,198422,6627,316322,California
San Mateo,2021-04-04,5400,509215,2602,279009,1550,217156,1248,13050,1716,117190,3672,202094,2962,319284,California
San Mateo,2021-04-05,8962,518177,4770,283779,2457,219613,1735,14785,3862,117699,5086,207180,5595,324879,California
San Mateo,2021-04-06,13111,531288,8204,291983,3057,222670,1850,16635,7495,121447,5603,212783,9351,334230,California
San Mateo,2021-04-07,11336,542624,5245,297228,4417,227087,1674,18309,4820,121441,6494,219277,6488,340718,California
San Mateo,2021-04-08,10076,552700,5031,302259,2460,229547,2585,20894,4478,122912,5583,224860,7054,347772,California
San Mateo,2021-04-09,11244,563944,5464,307723,3303,232850,2477,23371,5076,124291,6166,231026,7545,355317,California
San Mateo,2021-04-10,11131,575075,5666,313389,4049,236899,1416,24787,4624,123841,6487,237513,6037,361354,California
San Mateo,2021-04-11,6612,581687,3281,316670,882,237781,2449,27236,2340,124358,4266,241779,4783,366137,California
San Mateo,2021-04-12,7305,588992,4471,321141,1878,239659,956,28192,3555,125135,3734,245513,4511,370648,California
San Mateo,2021-04-13,8140,597132,5091,326232,3040,242699,9,28201,4319,125651,3814,249327,4330,374978,California
San Mateo,2021-04-14,8342,605474,5427,331659,2914,245613,1,28202,4317,125961,4014,253341,4324,379302,California
San Mateo,2021-04-15,11060,616534,7360,339019,3699,249312,1,28203,7266,129459,3771,257112,7269,386571,California
San Mateo,2021-04-16,9933,626467,6861,345880,3056,252368,16,28219,6320,132204,3596,260708,6341,392912,California
San Mateo,2021-04-17,9622,636089,6419,352299,3200,255568,3,28222,6100,134799,3513,264221,6108,399020,California
San Mateo,2021-04-18,5394,641483,2587,354886,2807,258375,0,28222,3654,136730,1730,265951,3661,402681,California
San Mateo,2021-04-19,8314,649797,5407,360293,2907,261282,0,28222,5390,139213,2915,268866,5398,408079,California
San Mateo,2021-04-20,10185,659982,5650,365943,4535,265817,0,28222,6538,142129,3632,272498,6548,414627,California
San Mateo,2021-04-21,8979,668961,6086,372029,2893,268710,0,28222,5567,144304,3399,275897,5574,420201,California
San Mateo,2021-04-22,9472,678433,6317,378346,3154,271864,1,28223,5276,145421,4165,280062,5282,425483,California
San Mateo,2021-04-23,9437,687870,6209,384555,3228,275092,0,28223,5312,146647,4101,284163,5327,430810,California
San Mateo,2021-04-24,11201,699071,8008,392563,3193,278285,0,28223,6042,147558,5139,289302,6050,436860,California
San Mateo,2021-04-25,5490,704561,3856,396419,1633,279918,1,28224,3903,149897,1574,290876,3913,440773,California
San Mateo,2021-04-26,5996,710557,4385,400804,1604,281522,7,28231,3485,150897,2504,293380,3504,444277,California
San Mateo,2021-04-27,10641,721198,7536,408340,3001,284523,104,28335,4256,148902,6359,299739,4364,448641,California
San Mateo,2021-04-28,7649,728847,4425,412765,3020,287543,204,28539,4008,149485,3633,303372,4216,452857,California
San Mateo,2021-04-29,7900,736747,3704,416469,4021,291564,175,28714,3500,148795,4376,307748,3686,456543,California
San Mateo,2021-04-30,8036,744783,5063,421532,2818,294382,155,28869,3409,147766,4606,312354,3577,460120,California
San Mateo,2021-05-01,6087,750870,4083,425615,1885,296267,119,28988,2630,147084,3442,315796,2760,462880,California
San Mateo,2021-05-02,3166,754036,1741,427356,1354,297621,71,29059,1143,146287,2015,317811,1218,464098,California
San Mateo,2021-05-03,6011,760047,4496,431852,1372,298993,143,29202,1892,144213,4109,321920,2035,466133,California
San Mateo,2021-05-04,7146,767193,4831,436683,2145,301138,170,29372,2404,142072,4726,326646,2585,468718,California
San Mateo,2021-05-05,6779,773972,4452,441135,2169,303307,158,29530,2424,140326,4331,330977,2585,471303,California
San Mateo,2021-05-06,8389,782361,6510,447645,1698,305005,181,29711,1675,135496,6692,337669,1862,473165,California
San Mateo,2021-05-07,7954,790315,5686,453331,1997,307002,271,29982,1792,131431,6140,343809,2075,475240,California
San Mateo,2021-05-08,6072,796387,3513,456844,2328,309330,231,30213,1613,128827,4452,348261,1848,477088,California
San Mateo,2021-05-09,2960,799347,2290,459134,596,309926,74,30287,1016,127980,1938,350199,1091,478179,California
San Mateo,2021-05-10,2395,801742,1595,460729,735,310661,65,30352,446,126551,1944,352143,515,478694,California
Santa Barbara,2020-12-15,2,2,2,2,0,0,0,0,2,2,0,0,2,2,California
Santa Barbara,2020-12-16,2,4,2,4,0,0,0,0,2,4,0,0,2,4,California
Santa Barbara,2020-12-17,54,58,54,58,0,0,0,0,54,58,0,0,54,58,California
Santa Barbara,2020-12-18,378,436,377,435,1,1,0,0,378,436,0,0,378,436,California
Santa Barbara,2020-12-19,325,761,325,760,0,1,0,0,325,761,0,0,325,761,California
Santa Barbara,2020-12-20,235,996,235,995,0,1,0,0,235,996,0,0,235,996,California
Santa Barbara,2020-12-21,652,1648,650,1645,2,3,0,0,652,1648,0,0,652,1648,California
Santa Barbara,2020-12-22,244,1892,242,1887,2,5,0,0,244,1892,0,0,244,1892,California
Santa Barbara,2020-12-23,320,2212,202,2089,118,123,0,0,320,2212,0,0,320,2212,California
Santa Barbara,2020-12-24,88,2300,40,2129,48,171,0,0,88,2300,0,0,88,2300,California
Santa Barbara,2020-12-26,326,2626,66,2195,260,431,0,0,326,2626,0,0,326,2626,California
Santa Barbara,2020-12-27,62,2688,1,2196,61,492,0,0,62,2688,0,0,62,2688,California
Santa Barbara,2020-12-28,356,3044,223,2419,133,625,0,0,356,3044,0,0,356,3044,California
Santa Barbara,2020-12-29,555,3599,361,2780,194,819,0,0,555,3599,0,0,555,3599,California
Santa Barbara,2020-12-30,585,4184,403,3183,182,1001,0,0,585,4184,0,0,585,4184,California
Santa Barbara,2020-12-31,240,4424,114,3297,126,1127,0,0,240,4424,0,0,240,4424,California
Santa Barbara,2021-01-01,112,4536,108,3405,4,1131,0,0,112,4536,0,0,112,4536,California
Santa Barbara,2021-01-02,589,5125,224,3629,365,1496,0,0,589,5125,0,0,589,5125,California
Santa Barbara,2021-01-03,23,5148,15,3644,8,1504,0,0,23,5148,0,0,23,5148,California
Santa Barbara,2021-01-04,309,5457,246,3890,63,1567,0,0,308,5456,0,0,308,5456,California
Santa Barbara,2021-01-05,753,6210,380,4270,373,1940,0,0,726,6155,27,27,726,6182,California
Santa Barbara,2021-01-06,656,6866,276,4546,380,2320,0,0,597,6694,58,85,597,6779,California
Santa Barbara,2021-01-07,1033,7899,711,5257,322,2642,0,0,527,6719,502,587,527,7306,California
Santa Barbara,2021-01-08,1203,9102,843,6100,360,3002,0,0,710,6936,493,1080,710,8016,California
Santa Barbara,2021-01-09,566,9668,293,6393,273,3275,0,0,320,7010,246,1326,320,8336,California
Santa Barbara,2021-01-10,62,9730,50,6443,12,3287,0,0,46,7040,16,1342,46,8382,California
Santa Barbara,2021-01-11,839,10569,670,7113,169,3456,0,0,616,7434,222,1564,616,8998,California
Santa Barbara,2021-01-12,1426,11995,635,7748,791,4247,0,0,1269,8546,157,1721,1269,10267,California
Santa Barbara,2021-01-13,1227,13222,280,8028,947,5194,0,0,1101,9521,126,1847,1101,11368,California
Santa Barbara,2021-01-14,1248,14470,132,8160,1116,6310,0,0,1194,10663,53,1900,1195,12563,California
Santa Barbara,2021-01-15,1802,16272,420,8580,1382,7692,0,0,1722,12306,79,1979,1722,14285,California
Santa Barbara,2021-01-16,1272,17544,202,8782,1070,8762,0,0,1233,13501,38,2017,1233,15518,California
Santa Barbara,2021-01-17,123,17667,20,8802,103,8865,0,0,120,13618,3,2020,120,15638,California
Santa Barbara,2021-01-18,1151,18818,417,9219,734,9599,0,0,966,14399,185,2205,966,16604,California
Santa Barbara,2021-01-19,1638,20456,570,9789,1068,10667,0,0,1359,15480,278,2483,1359,17963,California
Santa Barbara,2021-01-20,2095,22551,544,10333,1551,12218,0,0,1737,16860,357,2840,1737,19700,California
Santa Barbara,2021-01-21,3089,25640,1818,12151,1271,13489,0,0,2930,19632,159,2999,2931,22631,California
Santa Barbara,2021-01-22,3016,28656,1864,14015,1152,14641,0,0,2852,22324,161,3160,2853,25484,California
Santa Barbara,2021-01-23,1734,30390,1106,15121,628,15269,0,0,1222,23035,511,3671,1222,26706,California
Santa Barbara,2021-01-24,844,31234,752,15873,92,15361,0,0,835,23861,9,3680,835,27541,California
Santa Barbara,2021-01-25,1244,32478,501,16374,743,16104,0,0,1004,24625,240,3920,1004,28545,California
Santa Barbara,2021-01-26,2051,34529,468,16842,1583,17687,0,0,1664,25904,385,4305,1664,30209,California
Santa Barbara,2021-01-27,1163,35692,400,17242,763,18450,0,0,902,26547,260,4565,903,31112,California
Santa Barbara,2021-01-28,896,36588,298,17540,598,19048,0,0,681,27016,212,4777,681,31793,California
Santa Barbara,2021-01-29,1333,37921,538,18078,795,19843,0,0,978,27644,352,5129,980,32773,California
Santa Barbara,2021-01-30,1892,39813,1420,19498,472,20315,0,0,1488,28731,401,5530,1488,34261,California
Santa Barbara,2021-01-31,1455,41268,1217,20715,238,20553,0,0,1416,30108,39,5569,1416,35677,California
Santa Barbara,2021-02-01,942,42210,520,21235,422,20975,0,0,554,30274,388,5957,554,36231,California
Santa Barbara,2021-02-02,1828,44038,700,21935,1128,22103,0,0,1053,30554,773,6730,1053,37284,California
Santa Barbara,2021-02-03,1942,45980,1078,23013,864,22967,0,0,1500,31622,432,7162,1500,38784,California
Santa Barbara,2021-02-04,2775,48755,1862,24875,913,23880,0,0,2481,33814,289,7451,2481,41265,California
Santa Barbara,2021-02-05,2905,51660,2060,26935,845,24725,0,0,2262,35434,642,8093,2262,43527,California
Santa Barbara,2021-02-06,1204,52864,338,27273,866,25591,0,0,794,35818,410,8503,794,44321,California
Santa Barbara,2021-02-07,301,53165,263,27536,38,25629,0,0,266,36050,34,8537,266,44587,California
Santa Barbara,2021-02-08,956,54121,311,27847,645,26274,0,0,669,36432,287,8824,669,45256,California
Santa Barbara,2021-02-09,2438,56559,313,28160,2125,28399,0,0,1121,36246,1307,10131,1121,46377,California
Santa Barbara,2021-02-10,2763,59322,1498,29658,1265,29664,0,0,780,35052,1974,12105,780,47157,California
Santa Barbara,2021-02-11,4184,63506,2806,32464,1378,31042,0,0,625,32127,3550,15655,625,47782,California
Santa Barbara,2021-02-12,3309,66815,949,33413,2360,33402,0,0,774,30372,2529,18184,774,48556,California
Santa Barbara,2021-02-13,1235,68050,341,33754,894,34296,0,0,561,30263,670,18854,561,49117,California
Santa Barbara,2021-02-14,331,68381,34,33788,297,34593,0,0,285,30502,46,18900,285,49402,California
Santa Barbara,2021-02-15,968,69349,338,34126,630,35223,0,0,493,30526,470,19370,494,49896,California
Santa Barbara,2021-02-16,2108,71457,397,34523,1711,36934,0,0,716,29854,1388,20758,716,50612,California
Santa Barbara,2021-02-17,1436,72893,321,34844,1115,38049,0,0,522,29464,912,21670,522,51134,California
Santa Barbara,2021-02-18,3254,76147,2647,37491,607,38656,0,0,1519,29283,1700,23370,1519,52653,California
Santa Barbara,2021-02-19,3594,79741,2641,40132,953,39609,0,0,2328,30348,1263,24633,2328,54981,California
Santa Barbara,2021-02-20,2221,81962,1435,41567,786,40395,0,0,1666,31468,546,25179,1666,56647,California
Santa Barbara,2021-02-21,127,82089,98,41665,29,40424,0,0,58,31457,69,25248,58,56705,California
Santa Barbara,2021-02-22,939,83028,247,41912,692,41116,0,0,261,31047,671,25919,261,56966,California
Santa Barbara,2021-02-23,3188,86216,1045,42957,2143,43259,0,0,421,28705,2763,28682,421,57387,California
Santa Barbara,2021-02-24,3197,89413,1088,44045,2109,45368,0,0,721,26961,2465,31147,721,58108,California
Santa Barbara,2021-02-25,3451,92864,1918,45963,1533,46901,0,0,985,25488,2459,33606,986,59094,California
Santa Barbara,2021-02-26,3665,96529,2175,48138,1490,48391,0,0,1979,25788,1679,35285,1979,61073,California
Santa Barbara,2021-02-27,1528,98057,563,48701,965,49356,0,0,847,25962,675,35960,849,61922,California
Santa Barbara,2021-02-28,1085,99142,221,48922,864,50220,0,0,893,26669,187,36147,894,62816,California
Santa Barbara,2021-03-01,1633,100775,465,49387,1168,51388,0,0,1085,27219,536,36683,1086,63902,California
Santa Barbara,2021-03-02,2618,103393,414,49801,2204,53592,0,0,2117,28849,488,37171,2118,66020,California
Santa Barbara,2021-03-03,4627,108020,2099,51900,2526,56118,2,2,4032,32301,585,37756,4037,70057,California
Santa Barbara,2021-03-04,3415,111435,2281,54181,1134,57252,0,2,2860,34614,547,38303,2860,72917,California
Santa Barbara,2021-03-05,3809,115244,2160,56341,1590,58842,59,61,3084,37038,719,39022,3143,76060,California
Santa Barbara,2021-03-06,2432,117676,724,57065,1488,60330,220,281,1666,38161,762,39784,1885,77945,California
Santa Barbara,2021-03-07,561,118237,122,57187,309,60639,130,411,382,38496,178,39962,513,78458,California
Santa Barbara,2021-03-08,1574,119811,377,57564,855,61494,342,753,792,38854,776,40738,1134,79592,California
Santa Barbara,2021-03-09,2773,122584,323,57887,1675,63169,775,1528,717,38289,2053,42791,1488,81080,California
Santa Barbara,2021-03-10,2750,125334,544,58431,1159,64328,1047,2575,1034,38659,1710,44501,2080,83160,California
Santa Barbara,2021-03-11,5573,130907,3027,61458,1431,65759,1115,3690,2280,38768,3281,47782,3390,86550,California
Santa Barbara,2021-03-12,3663,134570,2092,63550,1142,66901,429,4119,2173,39885,1482,49264,2599,89149,California
Santa Barbara,2021-03-13,3471,138041,1923,65473,1339,68240,209,4328,2693,42012,776,50040,2903,92052,California
Santa Barbara,2021-03-14,780,138821,369,65842,354,68594,57,4385,462,42213,318,50358,519,92571,California
Santa Barbara,2021-03-15,2106,140927,693,66535,1122,69716,291,4676,1267,42935,834,51192,1556,94127,California
Santa Barbara,2021-03-16,3723,144650,1170,67705,2211,71927,342,5018,2738,45033,982,52174,3080,97207,California
Santa Barbara,2021-03-17,3297,147947,972,68677,1920,73847,405,5423,2309,46757,986,53160,2710,99917,California
Santa Barbara,2021-03-18,5121,153068,2799,71476,2121,75968,201,5624,3899,49649,1208,54368,4100,104017,California
Santa Barbara,2021-03-19,4439,157507,2765,74241,1342,77310,332,5956,3050,51645,1385,55753,3381,107398,California
Santa Barbara,2021-03-20,2163,159670,827,75068,1325,78635,11,5967,1329,52152,832,56585,1339,108737,California
Santa Barbara,2021-03-21,1163,160833,382,75450,752,79387,29,5996,838,52696,323,56908,867,109604,California
Santa Barbara,2021-03-22,2776,163609,1912,77362,820,80207,44,6040,2223,54417,546,57454,2267,111871,California
Santa Barbara,2021-03-23,4477,168086,2251,79613,2126,82333,100,6140,3712,57474,755,58209,3812,115683,California
Santa Barbara,2021-03-24,5403,173489,3155,82768,1510,83843,738,6878,2969,58766,2414,60623,3706,119389,California
Santa Barbara,2021-03-25,5551,179040,3277,86045,2087,85930,187,7065,2778,58974,2757,63380,2965,122354,California
Santa Barbara,2021-03-26,5081,184121,3220,89265,1562,87492,299,7364,2239,58686,2826,66206,2538,124892,California
Santa Barbara,2021-03-27,2924,187045,1220,90485,1661,89153,43,7407,1594,58996,1325,67531,1635,126527,California
Santa Barbara,2021-03-28,2771,189816,1647,92132,1096,90249,28,7435,1887,60033,879,68410,1916,128443,California
Santa Barbara,2021-03-29,4043,193859,2086,94218,1886,92135,71,7506,3233,62531,806,69216,3304,131747,California
Santa Barbara,2021-03-30,6795,200654,3511,97729,3134,95269,150,7656,4567,65033,2213,71429,4715,136462,California
Santa Barbara,2021-03-31,8635,209289,5510,103239,3060,98329,65,7721,5051,66582,3567,74996,5116,141578,California
Santa Barbara,2021-04-01,6995,216284,5173,108412,1563,99892,259,7980,4147,68154,2832,77828,4404,145982,California
Santa Barbara,2021-04-02,6585,222869,4515,112927,1477,101369,593,8573,3374,68916,3204,81032,3966,149948,California
Santa Barbara,2021-04-03,3779,226648,2098,115025,1613,102982,68,8641,2493,70194,1282,82314,2560,152508,California
Santa Barbara,2021-04-04,897,227545,444,115469,413,103395,40,8681,499,70337,396,82710,539,153047,California
Santa Barbara,2021-04-05,3448,230993,2277,117746,914,104309,257,8938,2160,71472,1282,83992,2417,155464,California
Santa Barbara,2021-04-06,5444,236437,2806,120552,2103,106412,535,9473,3329,73232,2101,86093,3861,159325,California
Santa Barbara,2021-04-07,5982,242419,3282,123834,2160,108572,540,10013,4076,75951,1896,87989,4615,163940,California
Santa Barbara,2021-04-08,7363,249782,5012,128846,640,109212,1711,11724,3395,77088,3966,91955,5103,169043,California
Santa Barbara,2021-04-09,7247,257029,4825,133671,1077,110289,1345,13069,3259,77708,3980,95935,4600,173643,California
Santa Barbara,2021-04-10,6631,263660,4591,138262,1424,111713,616,13685,4507,80711,2119,98054,5122,178765,California
Santa Barbara,2021-04-11,2644,266304,1930,140192,415,112128,299,13984,1823,82013,815,98869,2117,180882,California
Santa Barbara,2021-04-12,4378,270682,2799,142991,1026,113154,553,14537,1874,81941,2497,101366,2425,183307,California
Santa Barbara,2021-04-13,6303,276985,4144,147135,2153,115307,6,14543,2618,80883,3681,105047,2623,185930,California
Santa Barbara,2021-04-14,6668,283653,4341,151476,2325,117632,2,14545,4153,82532,2505,107552,4154,190084,California
Santa Barbara,2021-04-15,6941,290594,4093,155569,2847,120479,1,14546,3848,83299,3083,110635,3850,193934,California
Santa Barbara,2021-04-16,6373,296967,3746,159315,2616,123095,11,14557,4394,85738,1965,112600,4404,198338,California
Santa Barbara,2021-04-17,5309,302276,3867,163182,1442,124537,0,14557,4102,88641,1199,113799,4102,202440,California
Santa Barbara,2021-04-18,2124,304400,1474,164656,650,125187,0,14557,370,87262,1750,115549,371,202811,California
Santa Barbara,2021-04-19,3199,307599,2217,166873,977,126164,5,14562,1001,86075,2194,117743,1007,203818,California
Santa Barbara,2021-04-20,5868,313467,3946,170819,1921,128085,1,14563,1658,83535,4198,121941,1658,205476,California
Santa Barbara,2021-04-21,5472,318939,3635,174454,1837,129922,0,14563,1743,81561,3717,125658,1743,207219,California
Santa Barbara,2021-04-22,5074,324013,2548,177002,2525,132447,1,14564,1460,79425,3599,129257,1463,208682,California
Santa Barbara,2021-04-23,5529,329542,3875,180877,1654,134101,0,14564,1955,77816,3564,132821,1955,210637,California
Santa Barbara,2021-04-24,4421,333963,2877,183754,1539,135640,5,14569,1666,76740,2747,135568,1671,212308,California
Santa Barbara,2021-04-25,1830,335793,1184,184938,646,136286,0,14569,501,75919,1322,136890,501,212809,California
Santa Barbara,2021-04-26,2855,338648,1775,186713,1060,137346,20,14589,431,73952,2418,139308,451,213260,California
Santa Barbara,2021-04-27,3594,342242,1981,188694,1526,138872,87,14676,1081,72614,2505,141813,1167,214427,California
Santa Barbara,2021-04-28,4885,347127,2863,191557,1906,140778,116,14792,1399,70656,3475,145288,1517,215944,California
Santa Barbara,2021-04-29,5247,352374,3801,195358,1219,141997,227,15019,1444,68538,3787,149075,1669,217613,California
Santa Barbara,2021-04-30,4944,357318,3693,199051,1087,143084,164,15183,1422,66613,3510,152585,1585,219198,California
Santa Barbara,2021-05-01,5239,362557,4062,203113,1145,144229,32,15215,908,63231,4324,156909,942,220140,California
Santa Barbara,2021-05-02,1134,363691,666,203779,339,144568,129,15344,310,62847,823,157732,439,220579,California
Santa Barbara,2021-05-03,2074,365765,1352,205131,581,145149,141,15485,447,61813,1622,159354,588,221167,California
Santa Barbara,2021-05-04,3299,369064,1677,206808,1555,146704,67,15552,1152,60897,2134,161488,1218,222385,California
Santa Barbara,2021-05-05,5412,374476,3668,210476,1601,148305,143,15695,628,56897,4772,166260,772,223157,California
Santa Barbara,2021-05-06,5025,379501,3888,214364,1031,149336,106,15801,960,53913,4050,170310,1066,224223,California
Santa Barbara,2021-05-07,4550,384051,3634,217998,742,150078,174,15975,989,51517,3557,173867,1161,225384,California
Santa Barbara,2021-05-08,4153,388204,3150,221148,908,150986,95,16070,815,49104,3323,177190,910,226294,California
Santa Barbara,2021-05-09,689,388893,109,221257,539,151525,41,16111,461,49379,227,177417,502,226796,California
Santa Barbara,2021-05-10,720,389613,411,221668,299,151824,10,16121,172,49014,546,177963,181,226977,California
Santa Clara,2020-12-15,65,65,65,65,0,0,0,0,65,65,0,0,65,65,California
Santa Clara,2020-12-16,136,201,136,201,0,0,0,0,136,201,0,0,136,201,California
Santa Clara,2020-12-17,392,593,392,593,0,0,0,0,392,593,0,0,392,593,California
Santa Clara,2020-12-18,1677,2270,1677,2270,0,0,0,0,1677,2270,0,0,1677,2270,California
Santa Clara,2020-12-19,2075,4345,2075,4345,0,0,0,0,2074,4344,0,0,2074,4344,California
Santa Clara,2020-12-20,1895,6240,1889,6234,6,6,0,0,1892,6236,0,0,1892,6236,California
Santa Clara,2020-12-21,2672,8912,2672,8906,0,6,0,0,2671,8907,0,0,2671,8907,California
Santa Clara,2020-12-22,3119,12031,3110,12016,9,15,0,0,3116,12023,0,0,3116,12023,California
Santa Clara,2020-12-23,3260,15291,3074,15090,186,201,0,0,3258,15281,0,0,3258,15281,California
Santa Clara,2020-12-24,1896,17187,1710,16800,186,387,0,0,1890,17170,1,1,1890,17171,California
Santa Clara,2020-12-25,343,17530,342,17142,1,388,0,0,343,17513,0,1,343,17514,California
Santa Clara,2020-12-26,1265,18795,1032,18174,233,621,0,0,1264,18777,0,1,1264,18778,California
Santa Clara,2020-12-27,647,19442,507,18681,140,761,0,0,647,19424,0,1,647,19425,California
Santa Clara,2020-12-28,2332,21774,1730,20411,602,1363,0,0,2332,21756,0,1,2332,21757,California
Santa Clara,2020-12-29,2328,24102,1468,21879,860,2223,0,0,2326,24082,0,1,2326,24083,California
Santa Clara,2020-12-30,2993,27095,1901,23780,1092,3315,0,0,2991,27071,2,3,2991,27074,California
Santa Clara,2020-12-31,1217,28312,393,24173,824,4139,0,0,1216,28286,1,4,1216,28290,California
Santa Clara,2021-01-01,142,28454,10,24183,132,4271,0,0,141,28426,1,5,141,28431,California
Santa Clara,2021-01-02,1087,29541,817,25000,270,4541,0,0,1087,29513,0,5,1087,29518,California
Santa Clara,2021-01-03,583,30124,368,25368,215,4756,0,0,578,30088,3,8,578,30096,California
Santa Clara,2021-01-04,2469,32593,1670,27038,799,5555,0,0,2466,32554,0,8,2466,32562,California
Santa Clara,2021-01-05,3065,35658,2009,29047,1056,6611,0,0,2877,35250,187,195,2883,35445,California
Santa Clara,2021-01-06,3326,38984,1961,31008,1365,7976,0,0,2751,37431,571,766,2752,38197,California
Santa Clara,2021-01-07,4215,43199,2557,33565,1658,9634,0,0,3147,39525,1058,1824,3152,41349,California
Santa Clara,2021-01-08,5845,49044,3820,37385,2025,11659,0,0,3791,41266,2050,3874,3791,45140,California
Santa Clara,2021-01-09,2973,52017,1865,39250,1108,12767,0,0,1689,41674,1284,5158,1692,46832,California
Santa Clara,2021-01-10,1955,53972,1510,40760,445,13212,0,0,745,41210,1209,6367,745,47577,California
Santa Clara,2021-01-11,5941,59913,3739,44499,2202,15414,0,0,3378,42031,2562,8929,3383,50960,California
Santa Clara,2021-01-12,6806,66719,3402,47901,3404,18818,0,0,4563,44353,2242,11171,4564,55524,California
Santa Clara,2021-01-13,7363,74082,3045,50946,4318,23136,0,0,5197,47387,2164,13335,5198,60722,California
Santa Clara,2021-01-14,8225,82307,2791,53737,5434,28570,0,0,6485,52140,1734,15069,6487,67209,California
Santa Clara,2021-01-15,9457,91764,2683,56420,6774,35344,0,0,8139,58969,1315,16384,8144,75353,California
Santa Clara,2021-01-16,4300,96064,1228,57648,3072,38416,0,0,3465,61603,831,17215,3465,78818,California
Santa Clara,2021-01-17,3217,99281,606,58254,2611,41027,0,0,2720,63826,497,17712,2720,81538,California
Santa Clara,2021-01-18,5090,104371,1152,59406,3938,44965,0,0,4537,67811,553,18265,4538,86076,California
Santa Clara,2021-01-19,8478,112849,2671,62077,5807,50772,0,0,6803,72945,1672,19937,6806,92882,California
Santa Clara,2021-01-20,8077,120926,4104,66181,3973,54745,0,0,6530,77933,1542,21479,6530,99412,California
Santa Clara,2021-01-21,8646,129572,3738,69919,4908,59653,0,0,7445,84181,1199,22678,7447,106859,California
Santa Clara,2021-01-22,8620,138192,3241,73160,5379,65032,0,0,8055,91675,564,23242,8058,114917,California
Santa Clara,2021-01-23,3782,141974,1690,74850,2092,67124,0,0,2822,93538,960,24202,2823,117740,California
Santa Clara,2021-01-24,2824,144798,1421,76271,1403,68527,0,0,2338,95393,483,24685,2338,120078,California
Santa Clara,2021-01-25,8372,153170,3783,80054,4589,73116,0,0,6307,99647,2057,26742,6311,126389,California
Santa Clara,2021-01-26,8236,161406,3767,83821,4469,77585,0,0,6119,103661,2107,28849,6121,132510,California
Santa Clara,2021-01-27,8714,170120,3831,87652,4883,82468,0,0,6791,108551,1902,30751,6792,139302,California
Santa Clara,2021-01-28,9459,179579,3793,91445,5666,88134,0,0,7501,114119,1937,32688,7505,146807,California
Santa Clara,2021-01-29,9504,189083,3940,95385,5564,93698,0,0,7336,119297,2159,34847,7337,154144,California
Santa Clara,2021-01-30,4185,193268,2076,97461,2109,95807,0,0,2979,121078,1199,36046,2980,157124,California
Santa Clara,2021-01-31,2173,195441,1304,98765,869,96676,0,0,1582,122072,588,36634,1582,158706,California
Santa Clara,2021-02-01,7828,203269,3484,102249,4344,101020,0,0,6141,126534,1680,38314,6142,164848,California
Santa Clara,2021-02-02,8523,211792,2874,105123,5649,106669,0,0,6525,131071,1991,40305,6528,171376,California
Santa Clara,2021-02-03,9194,220986,3481,108604,5713,112382,0,0,6915,135719,2273,42578,6921,178297,California
Santa Clara,2021-02-04,10908,231894,4117,112721,6791,119173,0,0,8624,142072,2274,44852,8627,186924,California
Santa Clara,2021-02-05,11913,243807,4347,117068,7566,126739,0,0,8452,147079,3446,48298,8453,195377,California
Santa Clara,2021-02-06,5183,248990,2818,119886,2365,129104,0,0,4020,149942,1159,49457,4022,199399,California
Santa Clara,2021-02-07,3473,252463,2348,122234,1125,130229,0,0,3020,152511,452,49909,3021,202420,California
Santa Clara,2021-02-08,10006,262469,3481,125715,6525,136754,0,0,7292,157104,2700,52609,7293,209713,California
Santa Clara,2021-02-09,11157,273626,3816,129531,7341,144095,0,0,7672,161304,3475,56084,7675,217388,California
Santa Clara,2021-02-10,12634,286260,4908,134439,7726,151821,0,0,6835,162355,5786,61870,6837,224225,California
Santa Clara,2021-02-11,13495,299755,4714,139153,8781,160602,0,0,7675,164226,5805,67675,7676,231901,California
Santa Clara,2021-02-12,14546,314301,4489,143642,10057,170659,0,0,6978,163658,7548,75223,6980,238881,California
Santa Clara,2021-02-13,6071,320372,1456,145098,4615,175274,0,0,2218,162032,3846,79069,2220,241101,California
Santa Clara,2021-02-14,4614,324986,1142,146240,3472,178746,0,0,1468,160357,3145,82214,1470,242571,California
Santa Clara,2021-02-15,6251,331237,2795,149035,3456,182202,0,0,2702,159518,3541,85755,2702,245273,California
Santa Clara,2021-02-16,13766,345003,3998,153033,9768,191970,0,0,6926,159621,6823,92578,6926,252199,California
Santa Clara,2021-02-17,14068,359071,5488,158521,8580,200550,0,0,7047,159670,7003,99581,7052,259251,California
Santa Clara,2021-02-18,14184,373255,8355,166876,5829,206379,0,0,7230,159991,6912,106493,7233,266484,California
Santa Clara,2021-02-19,14800,388055,9515,176391,5285,211664,0,0,8613,162438,6171,112664,8618,275102,California
Santa Clara,2021-02-20,6815,394870,5101,181492,1714,213378,0,0,3672,162977,3133,115797,3672,278774,California
Santa Clara,2021-02-21,3248,398118,2431,183923,817,214195,0,0,1165,162069,2075,117872,1167,279941,California
Santa Clara,2021-02-22,10158,408276,6084,190007,4074,218269,0,0,4733,161388,5415,123287,4734,284675,California
Santa Clara,2021-02-23,11872,420148,7705,197712,4167,222436,0,0,6737,163007,5122,128409,6741,291416,California
Santa Clara,2021-02-24,14135,434283,9103,206815,5032,227468,0,0,8751,166390,5368,133777,8751,300167,California
Santa Clara,2021-02-25,14600,448883,9236,216051,5364,232832,0,0,7881,167578,6698,140475,7886,308053,California
Santa Clara,2021-02-26,14551,463434,8433,224484,6118,238950,0,0,7996,169047,6530,147005,7999,316052,California
Santa Clara,2021-02-27,8063,471497,5498,229982,2564,241514,1,1,4459,169920,3594,150599,4467,320519,California
Santa Clara,2021-02-28,4721,476218,3073,233055,1648,243162,0,1,2204,169616,2508,153107,2204,322723,California
Santa Clara,2021-03-01,14065,490283,7975,241030,6087,249249,3,4,8703,172980,5342,158449,8706,331429,California
Santa Clara,2021-03-02,15863,506146,9390,250420,6472,255721,1,5,10112,177367,5727,164176,10114,341543,California
Santa Clara,2021-03-03,18426,524572,9041,259461,9384,265105,1,6,11444,181873,6945,171121,11451,352994,California
Santa Clara,2021-03-04,16402,540974,8934,268395,7465,272570,3,9,9541,184637,6782,177903,9546,362540,California
Santa Clara,2021-03-05,16474,557448,9145,277540,7204,279774,125,134,9131,186574,7323,185226,9260,371800,California
Santa Clara,2021-03-06,9356,566804,6269,283809,2651,282425,436,570,7044,191755,2299,187525,7480,379280,California
Santa Clara,2021-03-07,6727,573531,4412,288221,2083,284508,232,802,5357,195981,1362,188887,5588,384868,California
Santa Clara,2021-03-08,12835,586366,6681,294902,5593,290101,561,1363,8221,200167,4597,193484,8783,393651,California
Santa Clara,2021-03-09,14923,601289,6213,301115,7380,297481,1330,2693,6604,199797,8301,201785,7931,401582,California
Santa Clara,2021-03-10,15002,616291,6478,307593,6420,303901,2104,4797,6114,199131,8863,210648,8197,409779,California
Santa Clara,2021-03-11,16998,633289,7743,315336,7752,311653,1503,6300,6035,195721,10935,221583,7525,417304,California
Santa Clara,2021-03-12,17631,650920,9069,324405,6993,318646,1569,7869,5950,191583,11641,233224,7503,424807,California
Santa Clara,2021-03-13,10702,661622,6191,330596,3019,321665,1492,9361,4790,191960,5889,239113,6266,431073,California
Santa Clara,2021-03-14,6480,668102,3349,333945,1823,323488,1308,10669,3194,193184,3270,242383,4494,435567,California
Santa Clara,2021-03-15,12748,680850,6520,340465,5959,329447,269,10938,5974,192675,6752,249135,6243,441810,California
Santa Clara,2021-03-16,18138,698988,10254,350719,7676,337123,208,11146,8794,192359,9316,258451,9000,450810,California
Santa Clara,2021-03-17,19825,718813,11231,361950,8426,345549,168,11314,10238,193221,9539,267990,10401,461211,California
Santa Clara,2021-03-18,18990,737803,8883,370833,8946,354495,1161,12475,9049,193536,9889,277879,10204,471415,California
Santa Clara,2021-03-19,19162,756965,9852,380685,8312,362807,998,13473,9949,195318,9156,287035,10938,482353,California
Santa Clara,2021-03-20,11468,768433,6296,386981,4345,367152,827,14300,6751,198203,4688,291723,7573,489926,California
Santa Clara,2021-03-21,8261,776694,3736,390717,3126,370278,1399,15699,5546,202433,2704,294427,6934,496860,California
Santa Clara,2021-03-22,16257,792951,9068,399785,6845,377123,344,16043,9291,205125,6942,301369,9634,506494,California
Santa Clara,2021-03-23,19165,812116,12194,411979,6456,383579,515,16558,11239,208999,7880,309249,11754,518248,California
Santa Clara,2021-03-24,22534,834650,14515,426494,7610,391189,409,16967,14642,216203,7849,317098,15053,533301,California
Santa Clara,2021-03-25,22838,857488,13074,439568,8781,399970,983,17950,14749,223894,8028,325126,15719,549020,California
Santa Clara,2021-03-26,21829,879317,13909,453477,7537,407507,383,18333,13509,229498,8283,333409,13887,562907,California
Santa Clara,2021-03-27,15617,894934,10384,463861,4470,411977,763,19096,8428,231538,7147,340556,9187,572094,California
Santa Clara,2021-03-28,11994,906928,8298,472159,2982,414959,714,19810,6492,233262,5477,346033,7201,579295,California
Santa Clara,2021-03-29,20530,927458,12590,484749,7215,422174,725,20535,11191,235870,9300,355333,11908,591203,California
Santa Clara,2021-03-30,25537,952995,15204,499953,8400,430574,1933,22468,16351,244997,9151,364484,18278,609481,California
Santa Clara,2021-03-31,20340,973335,11791,511744,7424,437998,1125,23593,12586,250978,7717,372201,13698,623179,California
Santa Clara,2021-04-01,31474,1004809,19663,531407,8820,446818,2991,26584,19908,262352,11505,383706,22879,646058,California
Santa Clara,2021-04-02,24931,1029740,14227,545634,8587,455405,2117,28701,16289,272139,8607,392313,18394,664452,California
Santa Clara,2021-04-03,15139,1044879,9168,554802,3479,458884,2492,31193,8413,276326,6707,399020,10894,675346,California
Santa Clara,2021-04-04,7591,1052470,4017,558819,2417,461301,1157,32350,3953,277805,3629,402649,5108,680454,California
Santa Clara,2021-04-05,21707,1074177,14487,573306,4760,466061,2460,34810,14163,286902,7520,410169,16617,697071,California
Santa Clara,2021-04-06,29317,1103494,16167,589473,7740,473801,5410,40220,17586,298190,11690,421859,22978,720049,California
Santa Clara,2021-04-07,30596,1134090,15807,605280,8364,482165,6425,46645,18693,311429,11852,433711,25091,745140,California
Santa Clara,2021-04-08,29619,1163709,16170,621450,5946,488111,7503,54148,16121,321598,13427,447138,23596,768736,California
Santa Clara,2021-04-09,27660,1191369,13703,635153,6792,494903,7165,61313,14114,329358,13492,460630,21252,789988,California
Santa Clara,2021-04-10,21236,1212605,12291,647444,3751,498654,5194,66507,11390,336094,9815,470445,16551,806539,California
Santa Clara,2021-04-11,15938,1228543,9545,656989,2633,501287,3760,70267,8269,340466,7641,478086,12013,818552,California
Santa Clara,2021-04-12,26737,1255280,18836,675825,5492,506779,2409,72676,18260,352699,8428,486514,20661,839213,California
Santa Clara,2021-04-13,34192,1289472,26949,702774,7216,513995,27,72703,26395,371422,7721,494235,26444,865657,California
Santa Clara,2021-04-14,36437,1325909,27611,730385,8823,522818,3,72706,25897,386868,10480,504715,25926,891583,California
Santa Clara,2021-04-15,43840,1369749,34032,764417,9807,532625,1,72707,33814,410782,9925,514640,33839,925422,California
Santa Clara,2021-04-16,38126,1407875,26163,790580,11961,544586,2,72709,27349,427442,10714,525354,27374,952796,California
Santa Clara,2021-04-17,21871,1429746,14962,805542,6908,551494,1,72710,14993,435615,6837,532191,15010,967806,California
Santa Clara,2021-04-18,16304,1446050,10579,816121,5725,557219,0,72710,10202,439758,6070,538261,10213,978019,California
Santa Clara,2021-04-19,28526,1474576,20597,836718,7928,565147,1,72711,17116,445561,11344,549605,17147,995166,California
Santa Clara,2021-04-20,36634,1511210,22209,858927,14425,579572,0,72711,22463,453988,14065,563670,22492,1017658,California
Santa Clara,2021-04-21,36642,1547852,21217,880144,15424,594996,1,72712,24277,466012,12286,575956,24310,1041968,California
Santa Clara,2021-04-22,37046,1584898,24670,904814,12375,607371,1,72713,17510,464144,19442,595398,17574,1059542,California
Santa Clara,2021-04-23,31804,1616702,19381,924195,12423,619794,0,72713,14964,462416,16741,612139,15013,1074555,California
Santa Clara,2021-04-24,20593,1637295,14947,939142,5645,625439,1,72714,11541,464998,8986,621125,11568,1086123,California
Santa Clara,2021-04-25,13202,1650497,9468,948610,3727,629166,7,72721,8299,468467,4860,625985,8329,1094452,California
Santa Clara,2021-04-26,23415,1673912,18189,966799,5169,634335,57,72778,9575,464371,13750,639735,9654,1104106,California
Santa Clara,2021-04-27,25858,1699770,18490,985289,7081,641416,287,73065,11295,461512,14474,654209,11615,1115721,California
Santa Clara,2021-04-28,25194,1724964,18572,1003861,6184,647600,438,73503,10372,457636,14740,668949,10864,1126585,California
Santa Clara,2021-04-29,23103,1748067,16784,1020645,5923,653523,396,73899,8371,451800,14665,683614,8829,1135414,California
Santa Clara,2021-04-30,22655,1770722,15497,1036142,6799,660322,359,74258,9581,448815,12990,696604,10005,1145419,California
Santa Clara,2021-05-01,17199,1787921,14278,1050420,2662,662984,259,74517,5437,442839,11713,708317,5737,1151156,California
Santa Clara,2021-05-02,11284,1799205,9364,1059784,1692,664676,228,74745,3495,438835,7749,716066,3745,1154901,California
Santa Clara,2021-05-03,22611,1821816,19215,1078999,2962,667638,434,75179,5119,426994,17422,733488,5581,1160482,California
Santa Clara,2021-05-04,30360,1852176,23747,1102746,6079,673717,534,75713,5404,408104,24862,758350,5972,1166454,California
Santa Clara,2021-05-05,31268,1883444,23701,1126447,7027,680744,540,76253,5372,388233,25810,784160,5939,1172393,California
Santa Clara,2021-05-06,34711,1918155,28988,1155435,5251,685995,472,76725,4582,363303,30008,814168,5078,1177471,California
Santa Clara,2021-05-07,27738,1945893,21762,1177197,5524,691519,452,77177,4152,344478,23469,837637,4644,1182115,California
Santa Clara,2021-05-08,9726,1955619,6902,1184099,2517,694036,307,77484,2579,340280,7097,844734,2899,1185014,California
Santa Clara,2021-05-09,4607,1960226,3329,1187428,1133,695169,145,77629,1673,339190,2913,847647,1823,1186837,California
Santa Clara,2021-05-10,5550,1965776,3600,1191028,1874,697043,76,77705,1176,336105,4348,851995,1263,1188100,California
Santa Cruz,2020-12-15,2,2,2,2,0,0,0,0,2,2,0,0,2,2,California
Santa Cruz,2020-12-16,58,60,58,60,0,0,0,0,58,60,0,0,58,60,California
Santa Cruz,2020-12-17,389,449,389,449,0,0,0,0,389,449,0,0,389,449,California
Santa Cruz,2020-12-18,464,913,464,913,0,0,0,0,464,913,0,0,464,913,California
Santa Cruz,2020-12-19,179,1092,178,1091,1,1,0,0,179,1092,0,0,179,1092,California
Santa Cruz,2020-12-20,95,1187,95,1186,0,1,0,0,95,1187,0,0,95,1187,California
Santa Cruz,2020-12-21,437,1624,437,1623,0,1,0,0,437,1624,0,0,437,1624,California
Santa Cruz,2020-12-22,424,2048,423,2046,1,2,0,0,424,2048,0,0,424,2048,California
Santa Cruz,2020-12-23,372,2420,329,2375,43,45,0,0,372,2420,0,0,372,2420,California
Santa Cruz,2020-12-24,125,2545,49,2424,76,121,0,0,125,2545,0,0,125,2545,California
Santa Cruz,2020-12-25,11,2556,11,2435,0,121,0,0,11,2556,0,0,11,2556,California
Santa Cruz,2020-12-26,64,2620,45,2480,19,140,0,0,64,2620,0,0,64,2620,California
Santa Cruz,2020-12-27,32,2652,27,2507,5,145,0,0,32,2652,0,0,32,2652,California
Santa Cruz,2020-12-28,485,3137,108,2615,377,522,0,0,485,3137,0,0,485,3137,California
Santa Cruz,2020-12-29,798,3935,369,2984,429,951,0,0,798,3935,0,0,798,3935,California
Santa Cruz,2020-12-30,356,4291,164,3148,192,1143,0,0,356,4291,0,0,356,4291,California
Santa Cruz,2020-12-31,313,4604,11,3159,302,1445,0,0,313,4604,0,0,313,4604,California
Santa Cruz,2021-01-01,33,4637,1,3160,32,1477,0,0,33,4637,0,0,33,4637,California
Santa Cruz,2021-01-02,71,4708,57,3217,14,1491,0,0,71,4708,0,0,71,4708,California
Santa Cruz,2021-01-03,15,4723,7,3224,8,1499,0,0,15,4723,0,0,15,4723,California
Santa Cruz,2021-01-04,281,5004,123,3347,158,1657,0,0,279,5002,0,0,279,5002,California
Santa Cruz,2021-01-05,566,5570,429,3776,137,1794,0,0,264,4964,302,302,264,5266,California
Santa Cruz,2021-01-06,803,6373,670,4446,133,1927,0,0,464,5090,338,640,464,5730,California
Santa Cruz,2021-01-07,538,6911,211,4657,327,2254,0,0,385,5323,153,793,386,6116,California
Santa Cruz,2021-01-08,936,7847,562,5219,374,2628,0,0,488,5364,448,1241,489,6605,California
Santa Cruz,2021-01-09,464,8311,123,5342,341,2969,0,0,410,5720,54,1295,410,7015,California
Santa Cruz,2021-01-10,80,8391,70,5412,10,2979,0,0,21,5682,59,1354,21,7036,California
Santa Cruz,2021-01-11,726,9117,592,6004,134,3113,0,0,191,5339,535,1889,192,7228,California
Santa Cruz,2021-01-12,736,9853,532,6536,204,3317,0,0,493,5589,243,2132,493,7721,California
Santa Cruz,2021-01-13,525,10378,228,6764,297,3614,0,0,441,5949,81,2213,441,8162,California
Santa Cruz,2021-01-14,559,10937,103,6867,456,4070,0,0,493,6376,66,2279,493,8655,California
Santa Cruz,2021-01-15,1458,12395,77,6944,1381,5451,0,0,1393,7707,64,2343,1395,10050,California
Santa Cruz,2021-01-16,426,12821,53,6997,373,5824,0,0,407,8095,19,2362,407,10457,California
Santa Cruz,2021-01-17,297,13118,41,7038,256,6080,0,0,272,8342,25,2387,272,10729,California
Santa Cruz,2021-01-18,1016,14134,106,7144,910,6990,0,0,954,9234,62,2449,954,11683,California
Santa Cruz,2021-01-19,1623,15757,525,7669,1098,8088,0,0,1270,10154,351,2800,1271,12954,California
Santa Cruz,2021-01-20,1239,16996,182,7851,1057,9145,0,0,1043,11004,193,2993,1043,13997,California
Santa Cruz,2021-01-21,1711,18707,201,8052,1510,10655,0,0,1603,12501,108,3101,1605,15602,California
Santa Cruz,2021-01-22,1799,20506,532,8584,1267,11922,0,0,1697,14100,99,3200,1698,17300,California
Santa Cruz,2021-01-23,402,20908,147,8731,255,12177,0,0,342,14383,59,3259,342,17642,California
Santa Cruz,2021-01-24,116,21024,21,8752,95,12272,0,0,98,14463,18,3277,98,17740,California
Santa Cruz,2021-01-25,1064,22088,362,9114,702,12974,0,0,553,14505,511,3788,553,18293,California
Santa Cruz,2021-01-26,1696,23784,249,9363,1447,14421,0,0,1183,15175,513,4301,1183,19476,California
Santa Cruz,2021-01-27,1653,25437,449,9812,1204,15625,0,0,1269,16062,382,4683,1269,20745,California
Santa Cruz,2021-01-28,1749,27186,291,10103,1458,17083,0,0,1473,17260,276,4959,1474,22219,California
Santa Cruz,2021-01-29,1736,28922,490,10593,1246,18329,0,0,1606,18737,129,5088,1606,23825,California
Santa Cruz,2021-01-30,1060,29982,309,10902,751,19080,0,0,926,19529,134,5222,926,24751,California
Santa Cruz,2021-01-31,222,30204,113,11015,109,19189,0,0,208,19723,14,5236,208,24959,California
Santa Cruz,2021-02-01,1235,31439,761,11776,474,19663,0,0,828,20144,407,5643,828,25787,California
Santa Cruz,2021-02-02,1010,32449,128,11904,882,20545,0,0,856,20847,153,5796,856,26643,California
Santa Cruz,2021-02-03,2238,34687,961,12865,1277,21822,0,0,1923,22459,311,6107,1923,28566,California
Santa Cruz,2021-02-04,1855,36542,774,13639,1081,22903,0,0,1517,23639,337,6444,1517,30083,California
Santa Cruz,2021-02-05,3172,39714,793,14432,2379,25282,0,0,2851,26170,320,6764,2851,32934,California
Santa Cruz,2021-02-06,2588,42302,163,14595,2425,27707,0,0,2242,28066,346,7110,2242,35176,California
Santa Cruz,2021-02-07,909,43211,122,14717,787,28494,0,0,891,28939,18,7128,891,36067,California
Santa Cruz,2021-02-08,717,43928,203,14920,514,29008,0,0,516,29255,200,7328,516,36583,California
Santa Cruz,2021-02-09,2377,46305,1056,15976,1321,30329,0,0,2109,31100,264,7592,2109,38692,California
Santa Cruz,2021-02-10,2203,48508,580,16556,1623,31952,0,0,1502,31911,692,8284,1503,40195,California
Santa Cruz,2021-02-11,1861,50369,318,16874,1543,33495,0,0,1332,32716,527,8811,1332,41527,California
Santa Cruz,2021-02-12,3228,53597,421,17295,2807,36302,0,0,1819,33137,1400,10211,1821,43348,California
Santa Cruz,2021-02-13,1713,55310,124,17419,1589,37891,0,0,1299,34022,414,10625,1299,44647,California
Santa Cruz,2021-02-14,1410,56720,70,17489,1340,39231,0,0,1146,34904,264,10889,1146,45793,California
Santa Cruz,2021-02-15,1584,58304,281,17770,1303,40534,0,0,566,34453,1018,11907,567,46360,California
Santa Cruz,2021-02-16,1697,60001,208,17978,1489,42023,0,0,538,33854,1137,13044,538,46898,California
Santa Cruz,2021-02-17,2923,62924,977,18955,1946,43969,0,0,1220,33387,1690,14734,1223,48121,California
Santa Cruz,2021-02-18,2883,65807,638,19593,2245,46214,0,0,1232,32972,1647,16381,1232,49353,California
Santa Cruz,2021-02-19,3272,69079,1148,20741,2124,48338,0,0,2012,33727,1257,17638,2012,51365,California
Santa Cruz,2021-02-20,2388,71467,1500,22241,888,49226,0,0,1892,35123,496,18134,1892,53257,California
Santa Cruz,2021-02-21,830,72297,363,22604,467,49693,0,0,703,35701,125,18259,703,53960,California
Santa Cruz,2021-02-22,1258,73555,967,23571,291,49984,0,0,535,35515,721,18980,535,54495,California
Santa Cruz,2021-02-23,2099,75654,938,24509,1161,51145,0,0,710,34837,1388,20368,710,55205,California
Santa Cruz,2021-02-24,3195,78849,1673,26182,1522,52667,0,0,1217,34080,1974,22342,1217,56422,California
Santa Cruz,2021-02-25,3248,82097,1437,27619,1811,54478,0,0,1786,34412,1455,23797,1787,58209,California
Santa Cruz,2021-02-26,2730,84827,767,28386,1963,56441,0,0,1553,34794,1173,24970,1555,59764,California
Santa Cruz,2021-02-27,2635,87462,932,29318,1703,58144,0,0,1834,35829,799,25769,1834,61598,California
Santa Cruz,2021-02-28,1302,88764,361,29679,941,59085,0,0,1086,36702,213,25982,1086,62684,California
Santa Cruz,2021-03-01,1830,90594,1255,30934,575,59660,0,0,690,36255,1137,27119,690,63374,California
Santa Cruz,2021-03-02,1536,92130,361,31295,1175,60835,0,0,859,36442,675,27794,862,64236,California
Santa Cruz,2021-03-03,2370,94500,633,31928,1737,62572,0,0,1299,36673,1068,28862,1299,65535,California
Santa Cruz,2021-03-04,3018,97518,1415,33343,1602,64174,1,1,2033,37734,974,29836,2035,67570,California
Santa Cruz,2021-03-05,2616,100134,487,33830,2111,66285,18,19,1134,37407,1479,31315,1152,68722,California
Santa Cruz,2021-03-06,3873,104007,1347,35177,2421,68706,105,124,2160,37957,1713,33028,2263,70985,California
Santa Cruz,2021-03-07,1348,105355,129,35306,1145,69851,74,198,557,37798,790,33818,631,71616,California
Santa Cruz,2021-03-08,1085,106440,219,35525,737,70588,129,327,653,38149,431,34249,782,72398,California
Santa Cruz,2021-03-09,1775,108215,244,35769,1384,71972,147,474,701,37925,1072,35321,848,73246,California
Santa Cruz,2021-03-10,3866,112081,2093,37862,1623,73595,150,624,1997,38207,1867,37188,2149,75395,California
Santa Cruz,2021-03-11,2809,114890,1220,39082,1414,75009,175,799,1547,38670,1261,38449,1724,77119,California
Santa Cruz,2021-03-12,2766,117656,892,39974,1580,76589,294,1093,911,38023,1851,40300,1204,78323,California
Santa Cruz,2021-03-13,2316,119972,1336,41310,936,77525,44,1137,1181,38118,1132,41432,1227,79550,California
Santa Cruz,2021-03-14,906,120878,217,41527,675,78200,14,1151,441,38109,463,41895,454,80004,California
Santa Cruz,2021-03-15,1358,122236,483,42010,839,79039,36,1187,585,37961,770,42665,622,80626,California
Santa Cruz,2021-03-16,2318,124554,1089,43099,1187,80226,42,1229,1340,38368,974,43639,1381,82007,California
Santa Cruz,2021-03-17,3871,128425,2235,45334,1626,81852,10,1239,2517,39548,1350,44989,2530,84537,California
Santa Cruz,2021-03-18,3868,132293,2093,47427,1655,83507,120,1359,2065,39933,1800,46789,2185,86722,California
Santa Cruz,2021-03-19,3285,135578,1325,48752,1735,85242,225,1584,1653,40184,1627,48416,1878,88600,California
Santa Cruz,2021-03-20,2172,137750,1615,50367,520,85762,37,1621,1097,40246,1072,49488,1134,89734,California
Santa Cruz,2021-03-21,828,138578,441,50808,265,86027,122,1743,445,40433,381,49869,568,90302,California
Santa Cruz,2021-03-22,1379,139957,852,51660,504,86531,23,1766,946,40973,430,50299,970,91272,California
Santa Cruz,2021-03-23,2569,142526,1445,53105,1074,87605,50,1816,1713,41882,854,51153,1763,93035,California
Santa Cruz,2021-03-24,3035,145561,2039,55144,975,88580,21,1837,1998,42868,1032,52185,2018,95053,California
Santa Cruz,2021-03-25,2652,148213,1332,56476,1285,89865,35,1872,1357,42972,1288,53473,1392,96445,California
Santa Cruz,2021-03-26,3039,151252,1835,58311,1177,91042,27,1899,2055,44077,977,54450,2082,98527,California
Santa Cruz,2021-03-27,3241,154493,2015,60326,1201,92243,25,1924,1530,43931,1702,56152,1556,100083,California
Santa Cruz,2021-03-28,934,155427,573,60899,347,92590,14,1938,497,44009,433,56585,511,100594,California
Santa Cruz,2021-03-29,1979,157406,884,61783,1027,93617,68,2006,1279,44659,697,57282,1347,101941,California
Santa Cruz,2021-03-30,2731,160137,821,62604,1747,95364,163,2169,1756,45605,972,58254,1918,103859,California
Santa Cruz,2021-03-31,4090,164227,2737,65341,1305,96669,48,2217,2105,45777,1981,60235,2153,106012,California
Santa Cruz,2021-04-01,4049,168276,2160,67501,1782,98451,107,2324,2052,45944,1992,62227,2159,108171,California
Santa Cruz,2021-04-02,3179,171455,1431,68932,1566,100017,182,2506,1769,46490,1405,63632,1951,110122,California
Santa Cruz,2021-04-03,2263,173718,1233,70165,895,100912,135,2641,891,46145,1370,65002,1025,111147,California
Santa Cruz,2021-04-04,938,174656,491,70656,392,101304,55,2696,551,46364,387,65389,606,111753,California
Santa Cruz,2021-04-05,2278,176934,795,71451,1313,102617,170,2866,1408,47074,869,66258,1579,113332,California
Santa Cruz,2021-04-06,3416,180350,1656,73107,1377,103994,383,3249,1979,48007,1427,67685,2360,115692,California
Santa Cruz,2021-04-07,4167,184517,1640,74747,2162,106156,365,3614,1873,47954,2290,69975,2237,117929,California
Santa Cruz,2021-04-08,4274,188791,2353,77100,1403,107559,518,4132,2516,49236,1750,71725,3032,120961,California
Santa Cruz,2021-04-09,3571,192362,1508,78608,1661,109220,402,4534,1962,49997,1604,73329,2365,123326,California
Santa Cruz,2021-04-10,2266,194628,1093,79701,921,110141,252,4786,1070,50127,1191,74520,1321,124647,California
Santa Cruz,2021-04-11,992,195620,517,80218,383,110524,92,4878,478,50182,514,75034,569,125216,California
Santa Cruz,2021-04-12,2289,197909,820,81038,1039,111563,430,5308,1088,50514,1185,76219,1517,126733,California
Santa Cruz,2021-04-13,2902,200811,1463,82501,1437,113000,2,5310,1633,50885,1264,77483,1635,128368,California
Santa Cruz,2021-04-14,4644,205455,2264,84765,2380,115380,0,5310,2382,51015,2254,79737,2384,130752,California
Santa Cruz,2021-04-15,5008,210463,3193,87958,1815,117195,0,5310,3162,52342,1835,81572,3162,133914,California
Santa Cruz,2021-04-16,4433,214896,2549,90507,1882,119077,2,5312,2472,52863,1954,83526,2475,136389,California
Santa Cruz,2021-04-17,2277,217173,897,91404,1380,120457,0,5312,1513,53614,762,84288,1513,137902,California
Santa Cruz,2021-04-18,1078,218251,518,91922,559,121016,1,5313,601,53741,475,84763,602,138504,California
Santa Cruz,2021-04-19,2438,220689,1527,93449,910,121926,1,5314,1506,54318,929,85692,1506,140010,California
Santa Cruz,2021-04-20,3121,223810,1691,95140,1430,123356,0,5314,1766,54742,1343,87035,1767,141777,California
Santa Cruz,2021-04-21,4284,228094,2898,98038,1386,124742,0,5314,2413,55299,1856,88891,2413,144190,California
Santa Cruz,2021-04-22,4344,232438,2929,100967,1415,126157,0,5314,2442,55849,1892,90783,2442,146632,California
Santa Cruz,2021-04-23,3087,235525,1747,102714,1339,127496,1,5315,1391,55555,1686,92469,1392,148024,California
Santa Cruz,2021-04-24,2255,237780,1086,103800,1166,128662,3,5318,695,54702,1551,94020,698,148722,California
Santa Cruz,2021-04-25,1097,238877,701,104501,384,129046,12,5330,452,54528,637,94657,463,149185,California
Santa Cruz,2021-04-26,1776,240653,909,105410,853,129899,14,5344,672,54121,1094,95751,687,149872,California
Santa Cruz,2021-04-27,2772,243425,852,106262,1854,131753,66,5410,1383,54186,1384,97135,1449,151321,California
Santa Cruz,2021-04-28,3435,246860,1910,108172,1450,133203,75,5485,1806,54445,1619,98754,1878,153199,California
Santa Cruz,2021-04-29,3742,250602,2484,110656,1195,134398,63,5548,1293,53366,2436,101190,1357,154556,California
Santa Cruz,2021-04-30,2265,252867,1217,111873,1005,135403,43,5591,1012,53177,1245,102435,1056,155612,California
Santa Cruz,2021-05-01,1306,254173,1039,112912,234,135637,33,5624,605,53116,699,103134,638,156250,California
Santa Cruz,2021-05-02,638,254811,464,113376,149,135786,25,5649,202,52908,436,103570,228,156478,California
Santa Cruz,2021-05-03,1869,256680,975,114351,828,136614,66,5715,621,52359,1237,104807,688,157166,California
Santa Cruz,2021-05-04,2699,259379,1574,115925,1053,137667,72,5787,867,51469,1828,106635,938,158104,California
Santa Cruz,2021-05-05,2691,262070,1317,117242,1312,138979,62,5849,655,50193,1997,108632,721,158825,California
Santa Cruz,2021-05-06,3757,265827,2380,119622,1155,140134,222,6071,807,48286,2933,111565,1026,159851,California
Santa Cruz,2021-05-07,2727,268554,1276,120898,1375,141509,76,6147,496,46631,2228,113793,573,160424,California
Santa Cruz,2021-05-08,1325,269879,663,121561,632,142141,30,6177,359,46056,964,114757,389,160813,California
Santa Cruz,2021-05-09,490,270369,325,121886,144,142285,21,6198,144,45875,346,115103,165,160978,California
Santa Cruz,2021-05-10,802,271171,734,122620,56,142341,12,6210,71,45228,730,115833,83,161061,California
Shasta,2020-12-16,131,131,131,131,0,0,0,0,131,131,0,0,131,131,California
Shasta,2020-12-17,418,549,418,549,0,0,0,0,418,549,0,0,418,549,California
Shasta,2020-12-18,166,715,166,715,0,0,0,0,166,715,0,0,166,715,California
Shasta,2020-12-19,1,716,1,716,0,0,0,0,1,716,0,0,1,716,California
Shasta,2020-12-21,79,795,79,795,0,0,0,0,79,795,0,0,79,795,California
Shasta,2020-12-22,191,986,186,981,5,5,0,0,191,986,0,0,191,986,California
Shasta,2020-12-23,173,1159,169,1150,4,9,0,0,173,1159,0,0,173,1159,California
Shasta,2020-12-24,18,1177,18,1168,0,9,0,0,18,1177,0,0,18,1177,California
Shasta,2020-12-26,4,1181,1,1169,3,12,0,0,4,1181,0,0,4,1181,California
Shasta,2020-12-27,1,1182,0,1169,1,13,0,0,1,1182,0,0,1,1182,California
Shasta,2020-12-28,40,1222,31,1200,9,22,0,0,40,1222,0,0,40,1222,California
Shasta,2020-12-29,186,1408,185,1385,1,23,0,0,186,1408,0,0,186,1408,California
Shasta,2020-12-30,178,1586,168,1553,10,33,0,0,178,1586,0,0,178,1586,California
Shasta,2020-12-31,83,1669,2,1555,81,114,0,0,83,1669,0,0,83,1669,California
Shasta,2021-01-02,2,1671,0,1555,2,116,0,0,2,1671,0,0,2,1671,California
Shasta,2021-01-03,1,1672,1,1556,0,116,0,0,1,1672,0,0,1,1672,California
Shasta,2021-01-04,372,2044,306,1862,66,182,0,0,373,2045,0,0,373,2045,California
Shasta,2021-01-05,335,2379,314,2176,21,203,0,0,254,2218,81,81,254,2299,California
Shasta,2021-01-06,466,2845,395,2571,71,274,0,0,204,2161,261,342,204,2503,California
Shasta,2021-01-07,125,2970,36,2607,89,363,0,0,104,2244,21,363,104,2607,California
Shasta,2021-01-08,525,3495,448,3055,77,440,0,0,317,2353,208,571,317,2924,California
Shasta,2021-01-09,72,3567,63,3118,9,449,0,0,70,2421,2,573,70,2994,California
Shasta,2021-01-10,5,3572,0,3118,5,454,0,0,4,2425,1,574,5,2999,California
Shasta,2021-01-11,406,3978,184,3302,222,676,0,0,371,2761,35,609,371,3370,California
Shasta,2021-01-12,484,4462,327,3629,157,833,0,0,310,2897,174,783,310,3680,California
Shasta,2021-01-13,599,5061,267,3896,332,1165,0,0,430,3158,169,952,430,4110,California
Shasta,2021-01-14,499,5560,51,3947,448,1613,0,0,481,3621,18,970,481,4591,California
Shasta,2021-01-15,692,6252,136,4083,556,2169,0,0,690,4309,2,972,690,5281,California
Shasta,2021-01-16,897,7149,54,4137,843,3012,0,0,894,5200,3,975,894,6175,California
Shasta,2021-01-17,27,7176,6,4143,21,3033,0,0,23,5219,4,979,23,6198,California
Shasta,2021-01-18,599,7775,129,4272,470,3503,0,0,591,5802,8,987,591,6789,California
Shasta,2021-01-19,1058,8833,398,4670,660,4163,0,0,910,6564,148,1135,910,7699,California
Shasta,2021-01-20,679,9512,411,5081,268,4431,0,0,494,6878,180,1315,494,8193,California
Shasta,2021-01-21,632,10144,279,5360,353,4784,0,0,609,7464,23,1338,609,8802,California
Shasta,2021-01-22,445,10589,171,5531,274,5058,0,0,439,7897,6,1344,439,9241,California
Shasta,2021-01-23,68,10657,5,5536,63,5121,0,0,67,7963,1,1345,67,9308,California
Shasta,2021-01-24,25,10682,2,5538,23,5144,0,0,24,7986,1,1346,24,9332,California
Shasta,2021-01-25,750,11432,491,6029,259,5403,0,0,464,8165,285,1631,464,9796,California
Shasta,2021-01-26,710,12142,333,6362,377,5780,0,0,476,8409,232,1863,476,10272,California
Shasta,2021-01-27,459,12601,179,6541,280,6060,0,0,410,8770,49,1912,410,10682,California
Shasta,2021-01-28,886,13487,576,7117,310,6370,0,0,664,9212,222,2134,664,11346,California
Shasta,2021-01-29,831,14318,330,7447,501,6871,0,0,641,9664,190,2324,642,11988,California
Shasta,2021-01-30,615,14933,14,7461,601,7472,0,0,606,10261,9,2333,606,12594,California
Shasta,2021-01-31,28,14961,4,7465,24,7496,0,0,26,10285,2,2335,26,12620,California
Shasta,2021-02-01,530,15491,148,7613,382,7878,0,0,386,10527,144,2479,386,13006,California
Shasta,2021-02-02,990,16481,501,8114,489,8367,0,0,898,11335,90,2569,898,13904,California
Shasta,2021-02-03,718,17199,210,8324,508,8875,0,0,484,11585,234,2803,484,14388,California
Shasta,2021-02-04,1094,18293,674,8998,420,9295,0,0,901,12294,192,2995,901,15289,California
Shasta,2021-02-05,1240,19533,164,9162,1076,10371,0,0,1033,13121,206,3201,1033,16322,California
Shasta,2021-02-06,1744,21277,41,9203,1703,12074,0,0,1721,14819,23,3224,1721,18043,California
Shasta,2021-02-07,26,21303,3,9206,23,12097,0,0,24,14841,2,3226,24,18067,California
Shasta,2021-02-08,596,21899,167,9373,429,12526,0,0,306,14857,290,3516,306,18373,California
Shasta,2021-02-09,1124,23023,654,10027,470,12996,0,0,732,15197,392,3908,732,19105,California
Shasta,2021-02-10,1124,24147,788,10815,336,13332,0,0,599,15271,526,4434,600,19705,California
Shasta,2021-02-11,886,25033,186,11001,700,14032,0,0,364,15118,517,4951,364,20069,California
Shasta,2021-02-12,1727,26760,1146,12147,581,14613,0,0,1176,15743,551,5502,1176,21245,California
Shasta,2021-02-13,1382,28142,368,12515,1014,15627,0,0,570,15501,813,6315,571,21816,California
Shasta,2021-02-14,150,28292,4,12519,146,15773,0,0,126,15603,24,6339,126,21942,California
Shasta,2021-02-15,380,28672,90,12609,290,16063,0,0,211,15645,169,6508,211,22153,California
Shasta,2021-02-16,1193,29865,519,13128,674,16737,0,0,420,15293,772,7280,420,22573,California
Shasta,2021-02-17,1033,30898,438,13566,595,17332,0,0,413,15086,620,7900,413,22986,California
Shasta,2021-02-18,947,31845,466,14032,481,17813,0,0,460,15059,487,8387,460,23446,California
Shasta,2021-02-19,1328,33173,935,14967,393,18206,0,0,861,15453,467,8854,861,24307,California
Shasta,2021-02-20,802,33975,89,15056,713,18919,0,0,303,15257,499,9353,303,24610,California
Shasta,2021-02-21,31,34006,2,15058,29,18948,0,0,9,15244,22,9375,9,24619,California
Shasta,2021-02-22,427,34433,74,15132,353,19301,0,0,178,15174,248,9623,178,24797,California
Shasta,2021-02-23,911,35344,471,15603,440,19741,0,0,325,14913,586,10209,325,25122,California
Shasta,2021-02-24,890,36234,508,16111,382,20123,0,0,273,14570,616,10825,273,25395,California
Shasta,2021-02-25,516,36750,160,16271,356,20479,0,0,162,14379,353,11178,162,25557,California
Shasta,2021-02-26,790,37540,94,16365,696,21175,0,0,330,14251,458,11636,330,25887,California
Shasta,2021-02-27,828,38368,27,16392,801,21976,0,0,188,13801,638,12274,188,26075,California
Shasta,2021-02-28,176,38544,4,16396,172,22148,0,0,126,13877,50,12324,126,26201,California
Shasta,2021-03-01,584,39128,59,16455,525,22673,0,0,295,13884,288,12612,295,26496,California
Shasta,2021-03-02,1025,40153,473,16928,552,23225,0,0,336,13533,687,13299,336,26832,California
Shasta,2021-03-03,665,40818,167,17095,498,23723,0,0,243,13354,422,13721,243,27075,California
Shasta,2021-03-04,3022,43840,2412,19507,610,24333,0,0,1792,13918,1229,14950,1793,28868,California
Shasta,2021-03-05,1542,45382,162,19669,1351,25684,29,29,794,13992,749,15699,823,29691,California
Shasta,2021-03-06,2744,48126,387,20056,2310,27994,47,76,857,13011,1885,17584,904,30595,California
Shasta,2021-03-07,91,48217,3,20059,56,28050,32,108,37,13026,54,17638,69,30664,California
Shasta,2021-03-08,568,48785,46,20105,383,28433,139,247,155,12909,411,18049,294,30958,California
Shasta,2021-03-09,1253,50038,593,20698,482,28915,178,425,698,13229,555,18604,875,31833,California
Shasta,2021-03-10,801,50839,258,20956,341,29256,202,627,136,12902,664,19268,337,32170,California
Shasta,2021-03-11,1475,52314,471,21427,732,29988,272,899,940,13582,532,19800,1212,33382,California
Shasta,2021-03-12,1529,53843,833,22260,447,30435,249,1148,397,13095,1131,20931,644,34026,California
Shasta,2021-03-13,758,54601,425,22685,232,30667,101,1249,475,13387,282,21213,574,34600,California
Shasta,2021-03-14,1019,55620,8,22693,989,31656,22,1271,881,14153,138,21351,904,35504,California
Shasta,2021-03-15,498,56118,35,22728,363,32019,100,1371,210,14174,288,21639,309,35813,California
Shasta,2021-03-16,1132,57250,147,22875,918,32937,67,1438,849,14807,283,21922,916,36729,California
Shasta,2021-03-17,734,57984,191,23066,485,33422,58,1496,395,14927,333,22255,453,37182,California
Shasta,2021-03-18,1541,59525,585,23651,852,34274,104,1600,1116,15726,421,22676,1220,38402,California
Shasta,2021-03-19,648,60173,196,23847,396,34670,56,1656,415,15965,232,22908,471,38873,California
Shasta,2021-03-20,748,60921,490,24337,244,34914,14,1670,600,16431,148,23056,614,39487,California
Shasta,2021-03-21,312,61233,297,24634,4,34918,11,1681,286,16703,25,23081,297,39784,California
Shasta,2021-03-22,347,61580,37,24671,274,35192,36,1717,199,16791,147,23228,235,40019,California
Shasta,2021-03-23,1310,62890,651,25322,600,35792,59,1776,758,17061,547,23775,817,40836,California
Shasta,2021-03-24,607,63497,156,25478,414,36206,37,1813,365,17222,241,24016,402,41238,California
Shasta,2021-03-25,1136,64633,451,25929,664,36870,21,1834,821,17753,312,24328,843,42081,California
Shasta,2021-03-26,1835,66468,1403,27332,402,37272,30,1864,1476,18901,359,24687,1507,43588,California
Shasta,2021-03-27,1595,68063,407,27739,317,37589,871,2735,576,19328,1017,25704,1444,45032,California
Shasta,2021-03-28,405,68468,299,28038,96,37685,10,2745,302,19539,101,25805,312,45344,California
Shasta,2021-03-29,418,68886,40,28078,366,38051,12,2757,164,19462,253,26058,176,45520,California
Shasta,2021-03-30,1245,70131,766,28844,462,38513,17,2774,626,19489,616,26674,643,46163,California
Shasta,2021-03-31,616,70747,205,29049,406,38919,5,2779,380,19643,231,26905,385,46548,California
Shasta,2021-04-01,888,71635,244,29293,632,39551,12,2791,570,19908,317,27222,582,47130,California
Shasta,2021-04-02,753,72388,201,29494,500,40051,52,2843,414,20037,337,27559,466,47596,California
Shasta,2021-04-03,514,72902,361,29855,134,40185,19,2862,389,20320,125,27684,408,48004,California
Shasta,2021-04-04,288,73190,174,30029,94,40279,20,2882,214,20480,74,27758,234,48238,California
Shasta,2021-04-05,442,73632,68,30097,311,40590,63,2945,255,20611,187,27945,318,48556,California
Shasta,2021-04-06,1164,74796,485,30582,504,41094,175,3120,541,20707,619,28564,715,49271,California
Shasta,2021-04-07,653,75449,213,30795,277,41371,163,3283,256,20732,393,28957,418,49689,California
Shasta,2021-04-08,1139,76588,259,31054,726,42097,154,3437,231,20210,906,29863,384,50073,California
Shasta,2021-04-09,2578,79166,2060,33114,309,42406,209,3646,2002,21852,567,30430,2209,52282,California
Shasta,2021-04-10,878,80044,592,33706,157,42563,129,3775,265,21632,613,31043,393,52675,California
Shasta,2021-04-11,1250,81294,395,34101,835,43398,20,3795,143,20692,1103,32146,163,52838,California
Shasta,2021-04-12,338,81632,8,34109,268,43666,62,3857,97,20610,240,32386,158,52996,California
Shasta,2021-04-13,1256,82888,365,34474,889,44555,2,3859,339,20037,913,33299,340,53336,California
Shasta,2021-04-14,601,83489,142,34616,457,45012,2,3861,222,19883,378,33677,224,53560,California
Shasta,2021-04-15,1070,84559,259,34875,811,45823,0,3861,303,19422,764,34441,303,53863,California
Shasta,2021-04-16,2344,86903,1849,36724,495,46318,0,3861,939,18958,1403,35844,939,54802,California
Shasta,2021-04-17,642,87545,410,37134,232,46550,0,3861,192,18700,450,36294,192,54994,California
Shasta,2021-04-18,266,87811,241,37375,25,46575,0,3861,33,18502,231,36525,33,55027,California
Shasta,2021-04-19,381,88192,29,37404,352,46927,0,3861,162,18445,219,36744,162,55189,California
Shasta,2021-04-20,1014,89206,257,37661,757,47684,0,3861,379,18190,634,37378,379,55568,California
Shasta,2021-04-21,609,89815,223,37884,386,48070,0,3861,309,18200,299,37677,309,55877,California
Shasta,2021-04-22,958,90773,281,38165,677,48747,0,3861,300,17844,656,38333,300,56177,California
Shasta,2021-04-23,660,91433,265,38430,395,49142,0,3861,329,17843,330,38663,329,56506,California
Shasta,2021-04-24,596,92029,360,38790,236,49378,0,3861,106,17459,490,39153,106,56612,California
Shasta,2021-04-25,212,92241,182,38972,29,49407,1,3862,38,17324,174,39327,39,56651,California
Shasta,2021-04-26,465,92706,50,39022,410,49817,5,3867,330,17525,133,39460,334,56985,California
Shasta,2021-04-27,512,93218,171,39193,305,50122,36,3903,288,17626,221,39681,322,57307,California
Shasta,2021-04-28,574,93792,155,39348,386,50508,33,3936,250,17584,324,40005,282,57589,California
Shasta,2021-04-29,782,94574,120,39468,639,51147,23,3959,185,17196,596,40601,208,57797,California
Shasta,2021-04-30,2264,96838,1837,41305,396,51543,31,3990,270,15503,1994,42595,301,58098,California
Shasta,2021-05-01,223,97061,20,41325,127,51670,76,4066,95,15546,128,42723,171,58269,California
Shasta,2021-05-02,46,97107,16,41341,17,51687,13,4079,19,15551,27,42750,32,58301,California
Shasta,2021-05-03,347,97454,91,41432,230,51917,26,4105,110,15451,236,42986,136,58437,California
Shasta,2021-05-04,500,97954,175,41607,290,52207,35,4140,240,15469,257,43243,275,58712,California
Shasta,2021-05-05,422,98376,137,41744,266,52473,19,4159,190,15447,231,43474,209,58921,California
Shasta,2021-05-06,676,99052,258,42002,382,52855,36,4195,292,15397,378,43852,328,59249,California
Shasta,2021-05-07,1094,100146,732,42734,322,53177,40,4235,294,14931,800,44652,334,59583,California
Shasta,2021-05-08,168,100314,81,42815,77,53254,10,4245,99,14973,67,44719,109,59692,California
Shasta,2021-05-09,71,100385,17,42832,46,53300,8,4253,36,14982,35,44754,44,59736,California
Shasta,2021-05-10,138,100523,15,42847,109,53409,14,4267,66,14990,72,44826,80,59816,California
Sierra,2020-12-18,1,1,1,1,0,0,0,0,1,1,0,0,1,1,California
Sierra,2020-12-21,2,3,2,3,0,0,0,0,2,3,0,0,2,3,California
Sierra,2020-12-22,12,15,12,15,0,0,0,0,12,15,0,0,12,15,California
Sierra,2020-12-23,4,19,4,19,0,0,0,0,4,19,0,0,4,19,California
Sierra,2020-12-28,1,20,0,19,1,1,0,0,1,20,0,0,1,20,California
Sierra,2020-12-29,49,69,7,26,42,43,0,0,49,69,0,0,49,69,California
Sierra,2020-12-30,2,71,0,26,2,45,0,0,2,71,0,0,2,71,California
Sierra,2020-12-31,13,84,0,26,13,58,0,0,13,84,0,0,13,84,California
Sierra,2021-01-01,1,85,1,27,0,58,0,0,1,85,0,0,1,85,California
Sierra,2021-01-05,64,149,2,29,62,120,0,0,64,149,0,0,64,149,California
Sierra,2021-01-06,1,150,1,30,0,120,0,0,1,150,0,0,1,150,California
Sierra,2021-01-07,21,171,1,31,20,140,0,0,20,169,1,1,20,170,California
Sierra,2021-01-08,1,172,1,32,0,140,0,0,1,170,0,1,1,171,California
Sierra,2021-01-11,3,175,3,35,0,140,0,0,0,167,3,4,0,171,California
Sierra,2021-01-12,40,215,12,47,28,168,0,0,28,183,12,16,28,199,California
Sierra,2021-01-13,4,219,3,50,1,169,0,0,1,181,3,19,1,200,California
Sierra,2021-01-14,35,254,2,52,33,202,0,0,35,216,0,19,35,235,California
Sierra,2021-01-15,3,257,1,53,2,204,0,0,3,219,0,19,3,238,California
Sierra,2021-01-18,2,259,0,53,2,206,0,0,2,221,0,19,2,240,California
Sierra,2021-01-19,32,291,0,53,32,238,0,0,32,253,0,19,32,272,California
Sierra,2021-01-20,1,292,1,54,0,238,0,0,1,254,0,19,1,273,California
Sierra,2021-01-21,53,345,0,54,53,291,0,0,53,307,0,19,53,326,California
Sierra,2021-01-22,2,347,0,54,2,293,0,0,2,309,0,19,2,328,California
Sierra,2021-01-23,2,349,0,54,2,295,0,0,2,311,0,19,2,330,California
Sierra,2021-01-26,62,411,0,54,62,357,0,0,24,297,38,57,24,354,California
Sierra,2021-01-27,4,415,4,58,0,357,0,0,0,293,4,61,0,354,California
Sierra,2021-01-28,53,468,0,58,53,410,0,0,43,326,10,71,43,397,California
Sierra,2021-01-29,2,470,0,58,2,412,0,0,2,328,0,71,2,399,California
Sierra,2021-01-30,3,473,3,61,0,412,0,0,2,329,1,72,2,401,California
Sierra,2021-02-01,1,474,0,61,1,413,0,0,0,328,1,73,0,401,California
Sierra,2021-02-02,58,532,1,62,57,470,0,0,19,308,39,112,19,420,California
Sierra,2021-02-03,6,538,5,67,1,471,0,0,5,312,1,113,5,425,California
Sierra,2021-02-04,104,642,6,73,98,569,0,0,55,318,49,162,55,480,California
Sierra,2021-02-05,6,648,4,77,2,571,0,0,5,322,1,163,5,485,California
Sierra,2021-02-09,51,699,0,77,51,622,0,0,48,367,3,166,48,533,California
Sierra,2021-02-10,5,704,2,79,3,625,0,0,4,370,1,167,4,537,California
Sierra,2021-02-11,196,900,1,80,195,820,0,0,134,442,62,229,134,671,California
Sierra,2021-02-12,21,921,0,80,21,841,0,0,20,461,1,230,20,691,California
Sierra,2021-02-13,1,922,1,81,0,841,0,0,1,462,0,230,1,692,California
Sierra,2021-02-15,2,924,2,83,0,841,0,0,0,460,2,232,0,692,California
Sierra,2021-02-16,43,967,0,83,43,884,0,0,10,437,33,265,10,702,California
Sierra,2021-02-17,4,971,0,83,4,888,0,0,1,435,3,268,1,703,California
Sierra,2021-02-18,141,1112,0,83,141,1029,0,0,91,476,50,318,91,794,California
Sierra,2021-02-19,2,1114,1,84,1,1030,0,0,1,476,1,319,1,795,California
Sierra,2021-02-20,2,1116,2,86,0,1030,0,0,0,474,2,321,0,795,California
Sierra,2021-02-22,1,1117,1,87,0,1030,0,0,1,475,0,321,1,796,California
Sierra,2021-02-23,4,1121,0,87,4,1034,0,0,4,479,0,321,4,800,California
Sierra,2021-02-24,4,1125,3,90,1,1035,0,0,3,481,1,322,3,803,California
Sierra,2021-02-25,125,1250,2,92,123,1158,0,0,58,473,66,388,58,861,California
Sierra,2021-02-26,11,1261,6,98,5,1163,0,0,4,470,7,395,4,865,California
Sierra,2021-02-27,2,1263,2,100,0,1163,0,0,0,468,2,397,0,865,California
Sierra,2021-03-01,2,1265,2,102,0,1163,0,0,0,466,2,399,0,865,California
Sierra,2021-03-02,56,1321,0,102,56,1219,0,0,38,486,18,417,38,903,California
Sierra,2021-03-03,2,1323,2,104,0,1219,0,0,1,486,1,418,1,904,California
Sierra,2021-03-04,109,1432,0,104,109,1328,0,0,60,497,49,467,60,964,California
Sierra,2021-03-05,13,1445,1,105,12,1340,0,0,11,506,2,469,11,975,California
Sierra,2021-03-07,1,1446,1,106,0,1340,0,0,0,505,1,470,0,975,California
Sierra,2021-03-08,2,1448,2,108,0,1340,0,0,2,507,0,470,2,977,California
Sierra,2021-03-09,56,1504,0,108,56,1396,0,0,12,475,44,514,12,989,California
Sierra,2021-03-10,6,1510,0,108,6,1402,0,0,4,477,2,516,4,993,California
Sierra,2021-03-11,175,1685,0,108,175,1577,0,0,43,389,131,647,43,1036,California
Sierra,2021-03-12,20,1705,1,109,19,1596,0,0,0,369,20,667,0,1036,California
Sierra,2021-03-13,28,1733,0,109,28,1624,0,0,28,397,0,667,28,1064,California
Sierra,2021-03-14,1,1734,0,109,0,1624,1,1,0,397,1,668,1,1065,California
Sierra,2021-03-15,1,1735,1,110,0,1624,0,1,0,396,1,669,0,1065,California
Sierra,2021-03-16,36,1771,0,110,35,1659,1,2,23,407,13,682,24,1089,California
Sierra,2021-03-17,4,1775,3,113,1,1660,0,2,1,405,3,685,1,1090,California
Sierra,2021-03-18,158,1933,0,113,158,1818,0,2,65,377,93,778,65,1155,California
Sierra,2021-03-19,4,1937,2,115,2,1820,0,2,1,375,3,781,1,1156,California
Sierra,2021-03-20,1,1938,0,115,1,1821,0,2,1,376,0,781,1,1157,California
Sierra,2021-03-23,22,1960,0,115,22,1843,0,2,13,380,9,790,13,1170,California
Sierra,2021-03-24,3,1963,1,116,2,1845,0,2,1,379,2,792,1,1171,California
Sierra,2021-03-25,99,2062,1,117,98,1943,0,2,50,380,49,841,50,1221,California
Sierra,2021-03-26,12,2074,1,118,11,1954,0,2,9,386,3,844,9,1230,California
Sierra,2021-03-27,2,2076,1,119,1,1955,0,2,0,384,2,846,0,1230,California
Sierra,2021-03-29,1,2077,1,120,0,1955,0,2,0,383,1,847,0,1230,California
Sierra,2021-03-30,55,2132,1,121,54,2009,0,2,22,372,33,880,22,1252,California
Sierra,2021-03-31,8,2140,0,121,8,2017,0,2,8,380,0,880,8,1260,California
Sierra,2021-04-01,64,2204,2,123,62,2079,0,2,6,330,56,936,6,1266,California
Sierra,2021-04-02,3,2207,2,125,1,2080,0,2,2,331,1,937,2,1268,California
Sierra,2021-04-04,1,2208,0,125,1,2081,0,2,0,331,0,937,0,1268,California
Sierra,2021-04-05,1,2209,1,126,0,2081,0,2,1,332,0,937,1,1269,California
Sierra,2021-04-06,10,2219,0,126,10,2091,0,2,0,322,10,947,0,1269,California
Sierra,2021-04-07,15,2234,3,129,6,2097,6,8,3,320,11,958,9,1278,California
Sierra,2021-04-08,53,2287,2,131,51,2148,0,8,16,299,37,995,16,1294,California
Sierra,2021-04-09,2,2289,2,133,0,2148,0,8,1,299,1,996,1,1295,California
Sierra,2021-04-10,27,2316,0,133,27,2175,0,8,0,272,27,1023,0,1295,California
Sierra,2021-04-13,46,2362,0,133,46,2221,0,8,5,236,41,1064,5,1300,California
Sierra,2021-04-14,2,2364,1,134,1,2222,0,8,2,238,0,1064,2,1302,California
Sierra,2021-04-15,49,2413,1,135,48,2270,0,8,2,193,47,1111,2,1304,California
Sierra,2021-04-16,1,2414,0,135,1,2271,0,8,1,194,0,1111,1,1305,California
Sierra,2021-04-17,2,2416,1,136,1,2272,0,8,1,194,1,1112,1,1306,California
Sierra,2021-04-19,1,2417,1,137,0,2272,0,8,0,193,1,1113,0,1306,California
Sierra,2021-04-20,34,2451,1,138,33,2305,0,8,7,173,27,1140,7,1313,California
Sierra,2021-04-21,2,2453,1,139,1,2306,0,8,1,173,1,1141,1,1314,California
Sierra,2021-04-22,65,2518,2,141,63,2369,0,8,5,119,59,1200,5,1319,California
Sierra,2021-04-23,13,2531,0,141,13,2382,0,8,5,116,8,1208,5,1324,California
Sierra,2021-04-24,4,2535,0,141,4,2386,0,8,4,120,0,1208,4,1328,California
Sierra,2021-04-27,28,2563,1,142,27,2413,0,8,5,102,23,1231,5,1333,California
Sierra,2021-04-28,10,2573,2,144,8,2421,0,8,1,94,9,1240,1,1334,California
Sierra,2021-04-29,20,2593,2,146,18,2439,0,8,14,102,6,1246,14,1348,California
Sierra,2021-04-30,4,2597,2,148,2,2441,0,8,2,102,2,1248,2,1350,California
Sierra,2021-05-03,2,2599,2,150,0,2441,0,8,1,102,1,1249,1,1351,California
Sierra,2021-05-04,1,2600,0,150,0,2441,1,9,0,102,1,1250,1,1352,California
Sierra,2021-05-05,25,2625,1,151,24,2465,0,9,8,94,16,1266,8,1360,California
Sierra,2021-05-06,1,2626,1,152,0,2465,0,9,0,93,1,1267,0,1360,California
Sierra,2021-05-07,1,2627,1,153,0,2465,0,9,1,94,0,1267,1,1361,California
Sierra,2021-05-08,2,2629,0,153,1,2466,1,10,1,95,1,1268,2,1363,California
Siskiyou,2020-12-16,2,2,2,2,0,0,0,0,2,2,0,0,2,2,California
Siskiyou,2020-12-17,4,6,4,6,0,0,0,0,4,6,0,0,4,6,California
Siskiyou,2020-12-18,2,8,2,8,0,0,0,0,2,8,0,0,2,8,California
Siskiyou,2020-12-19,4,12,4,12,0,0,0,0,4,12,0,0,4,12,California
Siskiyou,2020-12-20,1,13,1,13,0,0,0,0,1,13,0,0,1,13,California
Siskiyou,2020-12-21,132,145,132,145,0,0,0,0,132,145,0,0,132,145,California
Siskiyou,2020-12-22,159,304,159,304,0,0,0,0,159,304,0,0,159,304,California
Siskiyou,2020-12-23,142,446,142,446,0,0,0,0,142,446,0,0,142,446,California
Siskiyou,2020-12-24,5,451,5,451,0,0,0,0,5,451,0,0,5,451,California
Siskiyou,2020-12-26,2,453,0,451,2,2,0,0,2,453,0,0,2,453,California
Siskiyou,2020-12-27,2,455,0,451,2,4,0,0,2,455,0,0,2,455,California
Siskiyou,2020-12-28,3,458,1,452,2,6,0,0,3,458,0,0,3,458,California
Siskiyou,2020-12-29,6,464,2,454,4,10,0,0,6,464,0,0,6,464,California
Siskiyou,2020-12-30,98,562,3,457,95,105,0,0,98,562,0,0,98,562,California
Siskiyou,2020-12-31,12,574,0,457,12,117,0,0,12,574,0,0,12,574,California
Siskiyou,2021-01-02,1,575,1,458,0,117,0,0,1,575,0,0,1,575,California
Siskiyou,2021-01-03,1,576,0,458,1,118,0,0,1,576,0,0,1,576,California
Siskiyou,2021-01-04,130,706,3,461,127,245,0,0,130,706,0,0,130,706,California
Siskiyou,2021-01-05,117,823,4,465,113,358,0,0,116,821,1,1,116,822,California
Siskiyou,2021-01-06,59,882,6,471,53,411,0,0,55,872,4,5,55,877,California
Siskiyou,2021-01-07,178,1060,4,475,174,585,0,0,177,1048,1,6,177,1054,California
Siskiyou,2021-01-08,41,1101,3,478,38,623,0,0,39,1085,2,8,39,1093,California
Siskiyou,2021-01-09,2,1103,2,480,0,623,0,0,0,1083,2,10,0,1093,California
Siskiyou,2021-01-11,226,1329,65,545,161,784,0,0,163,1183,63,73,163,1256,California
Siskiyou,2021-01-12,322,1651,274,819,48,832,0,0,88,1038,234,307,89,1345,California
Siskiyou,2021-01-13,157,1808,137,956,20,852,0,0,23,927,134,441,23,1368,California
Siskiyou,2021-01-14,26,1834,1,957,25,877,0,0,25,951,1,442,25,1393,California
Siskiyou,2021-01-15,35,1869,3,960,32,909,0,0,35,986,0,442,35,1428,California
Siskiyou,2021-01-16,7,1876,2,962,5,914,0,0,7,993,0,442,7,1435,California
Siskiyou,2021-01-17,1,1877,1,963,0,914,0,0,0,992,1,443,0,1435,California
Siskiyou,2021-01-18,77,1954,4,967,73,987,0,0,75,1065,2,445,75,1510,California
Siskiyou,2021-01-19,21,1975,1,968,20,1007,0,0,20,1084,1,446,20,1530,California
Siskiyou,2021-01-20,47,2022,35,1003,12,1019,0,0,43,1123,4,450,43,1573,California
Siskiyou,2021-01-21,42,2064,1,1004,41,1060,0,0,42,1165,0,450,42,1615,California
Siskiyou,2021-01-22,1328,3392,1176,2180,152,1212,0,0,1328,2493,0,450,1328,2943,California
Siskiyou,2021-01-23,5,3397,1,2181,4,1216,0,0,2,2492,3,453,2,2945,California
Siskiyou,2021-01-25,182,3579,8,2189,174,1390,0,0,178,2666,4,457,178,3123,California
Siskiyou,2021-01-26,148,3727,3,2192,145,1535,0,0,140,2798,8,465,140,3263,California
Siskiyou,2021-01-27,181,3908,1,2193,180,1715,0,0,126,2869,55,520,126,3389,California
Siskiyou,2021-01-28,232,4140,118,2311,114,1829,0,0,226,3089,6,526,226,3615,California
Siskiyou,2021-01-29,249,4389,3,2314,246,2075,0,0,247,3334,2,528,247,3862,California
Siskiyou,2021-01-30,3,4392,2,2316,1,2076,0,0,3,3337,0,528,3,3865,California
Siskiyou,2021-02-01,195,4587,3,2319,192,2268,0,0,105,3352,90,618,105,3970,California
Siskiyou,2021-02-02,289,4876,45,2364,244,2512,0,0,147,3357,142,760,147,4117,California
Siskiyou,2021-02-03,314,5190,1,2365,313,2825,0,0,264,3571,50,810,264,4381,California
Siskiyou,2021-02-04,321,5511,7,2372,314,3139,0,0,200,3650,121,931,200,4581,California
Siskiyou,2021-02-05,513,6024,4,2376,509,3648,0,0,348,3833,165,1096,348,4929,California
Siskiyou,2021-02-06,15,6039,0,2376,15,3663,0,0,15,3848,0,1096,15,4944,California
Siskiyou,2021-02-07,3,6042,2,2378,1,3664,0,0,3,3851,0,1096,3,4947,California
Siskiyou,2021-02-08,221,6263,5,2383,216,3880,0,0,216,4062,5,1101,216,5163,California
Siskiyou,2021-02-09,196,6459,4,2387,192,4072,0,0,163,4192,33,1134,163,5326,California
Siskiyou,2021-02-10,370,6829,40,2427,330,4402,0,0,317,4457,52,1186,317,5643,California
Siskiyou,2021-02-11,190,7019,1,2428,189,4591,0,0,174,4615,16,1202,174,5817,California
Siskiyou,2021-02-12,1691,8710,1199,3627,492,5083,0,0,501,3926,1190,2392,501,6318,California
Siskiyou,2021-02-13,36,8746,2,3629,34,5117,0,0,32,3954,4,2396,32,6350,California
Siskiyou,2021-02-14,5,8751,1,3630,4,5121,0,0,5,3959,0,2396,5,6355,California
Siskiyou,2021-02-15,107,8858,10,3640,97,5218,0,0,105,4062,2,2398,105,6460,California
Siskiyou,2021-02-16,114,8972,2,3642,112,5330,0,0,99,4146,15,2413,99,6559,California
Siskiyou,2021-02-17,185,9157,15,3657,170,5500,0,0,171,4303,14,2427,171,6730,California
Siskiyou,2021-02-18,222,9379,89,3746,133,5633,0,0,98,4277,124,2551,98,6828,California
Siskiyou,2021-02-19,71,9450,34,3780,37,5670,0,0,34,4274,37,2588,34,6862,California
Siskiyou,2021-02-20,21,9471,3,3783,18,5688,0,0,17,4287,4,2592,17,6879,California
Siskiyou,2021-02-21,1,9472,1,3784,0,5688,0,0,1,4288,0,2592,1,6880,California
Siskiyou,2021-02-22,124,9596,1,3785,123,5811,0,0,18,4200,106,2698,18,6898,California
Siskiyou,2021-02-23,197,9793,15,3800,182,5993,0,0,53,4109,144,2842,53,6951,California
Siskiyou,2021-02-24,147,9940,4,3804,143,6136,0,0,35,4032,112,2954,35,6986,California
Siskiyou,2021-02-25,300,10240,24,3828,276,6412,0,0,154,4040,146,3100,154,7140,California
Siskiyou,2021-02-26,669,10909,10,3838,659,7071,0,0,367,4105,302,3402,367,7507,California
Siskiyou,2021-02-27,33,10942,5,3843,28,7099,0,0,28,4128,5,3407,28,7535,California
Siskiyou,2021-02-28,5,10947,4,3847,1,7100,0,0,4,4131,1,3408,4,7539,California
Siskiyou,2021-03-01,280,11227,6,3853,274,7374,0,0,50,3951,230,3638,50,7589,California
Siskiyou,2021-03-02,190,11417,1,3854,189,7563,0,0,70,3901,120,3758,70,7659,California
Siskiyou,2021-03-03,343,11760,7,3861,336,7899,0,0,153,3864,190,3948,153,7812,California
Siskiyou,2021-03-04,794,12554,621,4482,173,8072,0,0,637,4344,157,4105,637,8449,California
Siskiyou,2021-03-05,326,12880,6,4488,309,8381,11,11,105,4242,218,4323,116,8565,California
Siskiyou,2021-03-06,43,12923,3,4491,33,8414,7,18,28,4262,15,4338,35,8600,California
Siskiyou,2021-03-07,12,12935,4,4495,0,8414,8,26,3,4264,9,4347,11,8611,California
Siskiyou,2021-03-08,361,13296,31,4526,295,8709,35,61,59,4056,302,4649,94,8705,California
Siskiyou,2021-03-09,163,13459,2,4528,108,8817,53,114,57,4060,106,4755,110,8815,California
Siskiyou,2021-03-10,221,13680,7,4535,184,9001,30,144,31,3931,190,4945,61,8876,California
Siskiyou,2021-03-11,474,14154,206,4741,221,9222,47,191,274,4053,199,5144,321,9197,California
Siskiyou,2021-03-12,647,14801,141,4882,467,9689,39,230,184,3815,461,5605,223,9420,California
Siskiyou,2021-03-13,428,15229,381,5263,24,9713,23,253,382,4174,46,5651,405,9825,California
Siskiyou,2021-03-14,20,15249,1,5264,3,9716,16,269,2,4174,18,5669,18,9843,California
Siskiyou,2021-03-15,453,15702,257,5521,176,9892,20,289,321,4383,132,5801,341,10184,California
Siskiyou,2021-03-16,255,15957,32,5553,206,10098,17,306,140,4426,114,5915,157,10341,California
Siskiyou,2021-03-17,202,16159,9,5562,185,10283,8,314,34,4300,168,6083,42,10383,California
Siskiyou,2021-03-18,926,17085,788,6350,126,10409,12,326,810,5006,116,6199,822,11205,California
Siskiyou,2021-03-19,67,17152,9,6359,45,10454,13,339,20,4992,47,6246,33,11238,California
Siskiyou,2021-03-20,30,17182,7,6366,18,10472,5,344,6,4979,24,6270,11,11249,California
Siskiyou,2021-03-21,10,17192,4,6370,1,10473,5,349,4,4982,6,6276,9,11258,California
Siskiyou,2021-03-22,207,17399,21,6391,164,10637,22,371,144,5088,60,6336,166,11424,California
Siskiyou,2021-03-23,195,17594,19,6410,166,10803,10,381,141,5185,54,6390,151,11575,California
Siskiyou,2021-03-24,140,17734,47,6457,93,10896,0,381,115,5275,25,6415,115,11690,California
Siskiyou,2021-03-25,572,18306,320,6777,249,11145,3,384,400,5506,172,6587,403,12093,California
Siskiyou,2021-03-26,304,18610,35,6812,269,11414,0,384,104,5412,198,6785,104,12197,California
Siskiyou,2021-03-27,37,18647,4,6816,28,11442,5,389,9,5398,28,6813,14,12211,California
Siskiyou,2021-03-28,8,18655,7,6823,1,11443,0,389,5,5400,3,6816,5,12216,California
Siskiyou,2021-03-29,98,18753,11,6834,85,11528,2,391,47,5399,50,6866,49,12265,California
Siskiyou,2021-03-30,102,18855,7,6841,94,11622,1,392,41,5380,61,6927,42,12307,California
Siskiyou,2021-03-31,190,19045,21,6862,166,11788,3,395,50,5295,139,7066,54,12361,California
Siskiyou,2021-04-01,824,19869,667,7529,157,11945,0,395,208,4887,616,7682,208,12569,California
Siskiyou,2021-04-02,346,20215,197,7726,145,12090,4,399,65,4677,279,7961,69,12638,California
Siskiyou,2021-04-03,26,20241,5,7731,14,12104,7,406,5,4668,21,7982,12,12650,California
Siskiyou,2021-04-04,2,20243,2,7733,0,12104,0,406,1,4668,1,7983,1,12651,California
Siskiyou,2021-04-05,437,20680,330,8063,80,12184,27,433,26,4310,410,8393,52,12703,California
Siskiyou,2021-04-06,219,20899,36,8099,130,12314,53,486,125,4394,93,8486,177,12880,California
Siskiyou,2021-04-07,116,21015,11,8110,63,12377,42,528,66,4452,50,8536,108,12988,California
Siskiyou,2021-04-08,347,21362,183,8293,123,12500,41,569,60,4266,287,8823,101,13089,California
Siskiyou,2021-04-09,548,21910,381,8674,130,12630,37,606,84,3926,462,9285,122,13211,California
Siskiyou,2021-04-10,46,21956,6,8680,3,12633,37,643,7,3931,39,9324,44,13255,California
Siskiyou,2021-04-11,8,21964,5,8685,1,12634,2,645,2,3929,6,9330,4,13259,California
Siskiyou,2021-04-12,129,22093,25,8710,103,12737,1,646,49,3899,80,9410,50,13309,California
Siskiyou,2021-04-13,204,22297,36,8746,167,12904,1,647,78,3852,126,9536,79,13388,California
Siskiyou,2021-04-14,157,22454,65,8811,92,12996,0,647,86,3869,69,9605,86,13474,California
Siskiyou,2021-04-15,1116,23570,956,9767,160,13156,0,647,436,3625,680,10285,436,13910,California
Siskiyou,2021-04-16,297,23867,206,9973,91,13247,0,647,266,3861,30,10315,266,14176,California
Siskiyou,2021-04-17,12,23879,9,9982,3,13250,0,647,8,3865,4,10319,8,14184,California
Siskiyou,2021-04-18,5,23884,3,9985,2,13252,0,647,2,3864,3,10322,2,14186,California
Siskiyou,2021-04-19,126,24010,22,10007,104,13356,0,647,43,3824,83,10405,43,14229,California
Siskiyou,2021-04-20,236,24246,4,10011,232,13588,0,647,93,3774,143,10548,93,14322,California
Siskiyou,2021-04-21,96,24342,12,10023,84,13672,0,647,26,3730,70,10618,26,14348,California
Siskiyou,2021-04-22,415,24757,302,10325,113,13785,0,647,50,3415,365,10983,50,14398,California
Siskiyou,2021-04-23,171,24928,13,10338,158,13943,0,647,149,3543,21,11004,149,14547,California
Siskiyou,2021-04-24,27,24955,4,10342,23,13966,0,647,19,3554,8,11012,19,14566,California
Siskiyou,2021-04-25,3,24958,0,10342,3,13969,0,647,2,3555,1,11013,2,14568,California
Siskiyou,2021-04-26,100,25058,7,10349,88,14057,5,652,25,3510,75,11088,30,14598,California
Siskiyou,2021-04-27,102,25160,3,10352,97,14154,2,654,83,3579,16,11104,85,14683,California
Siskiyou,2021-04-28,111,25271,9,10361,94,14248,8,662,53,3582,58,11162,61,14744,California
Siskiyou,2021-04-29,105,25376,14,10375,91,14339,0,662,25,3527,80,11242,25,14769,California
Siskiyou,2021-04-30,101,25477,20,10395,80,14419,1,663,44,3517,54,11296,44,14813,California
Siskiyou,2021-05-01,10,25487,6,10401,1,14420,3,666,7,3524,3,11299,10,14823,California
Siskiyou,2021-05-02,11,25498,5,10406,6,14426,0,666,9,3531,2,11301,9,14832,California
Siskiyou,2021-05-03,112,25610,24,10430,85,14511,3,669,47,3516,65,11366,50,14882,California
Siskiyou,2021-05-04,112,25722,6,10436,103,14614,3,672,58,3524,53,11419,61,14943,California
Siskiyou,2021-05-05,116,25838,24,10460,83,14697,9,681,38,3494,77,11496,47,14990,California
Siskiyou,2021-05-06,346,26184,274,10734,67,14764,5,686,179,3511,167,11663,184,15174,California
Siskiyou,2021-05-07,309,26493,221,10955,84,14848,4,690,33,3273,275,11938,37,15211,California
Siskiyou,2021-05-08,23,26516,6,10961,16,14864,1,691,17,3285,6,11944,18,15229,California
Siskiyou,2021-05-09,2,26518,0,10961,1,14865,1,692,0,3284,2,11946,1,15230,California
Siskiyou,2021-05-10,49,26567,31,10992,18,14883,0,692,15,3265,34,11980,15,15245,California
Solano,2020-12-15,4,4,4,4,0,0,0,0,4,4,0,0,4,4,California
Solano,2020-12-16,71,75,71,75,0,0,0,0,71,75,0,0,71,75,California
Solano,2020-12-17,153,228,153,228,0,0,0,0,153,228,0,0,153,228,California
Solano,2020-12-18,445,673,444,672,1,1,0,0,445,673,0,0,445,673,California
Solano,2020-12-19,518,1191,518,1190,0,1,0,0,518,1191,0,0,518,1191,California
Solano,2020-12-20,355,1546,353,1543,2,3,0,0,355,1546,0,0,355,1546,California
Solano,2020-12-21,572,2118,570,2113,2,5,0,0,572,2118,0,0,572,2118,California
Solano,2020-12-22,663,2781,630,2743,33,38,0,0,663,2781,0,0,663,2781,California
Solano,2020-12-23,859,3640,772,3515,87,125,0,0,858,3639,0,0,858,3639,California
Solano,2020-12-24,422,4062,171,3686,251,376,0,0,422,4061,0,0,422,4061,California
Solano,2020-12-25,10,4072,2,3688,8,384,0,0,10,4071,0,0,10,4071,California
Solano,2020-12-26,175,4247,48,3736,127,511,0,0,175,4246,0,0,175,4246,California
Solano,2020-12-27,104,4351,29,3765,75,586,0,0,104,4350,0,0,104,4350,California
Solano,2020-12-28,863,5214,421,4186,442,1028,0,0,863,5213,0,0,863,5213,California
Solano,2020-12-29,896,6110,376,4562,520,1548,0,0,896,6109,0,0,896,6109,California
Solano,2020-12-30,1236,7346,601,5163,635,2183,0,0,1236,7345,0,0,1236,7345,California
Solano,2020-12-31,538,7884,137,5300,401,2584,0,0,538,7883,0,0,538,7883,California
Solano,2021-01-01,14,7898,13,5313,1,2585,0,0,14,7897,0,0,14,7897,California
Solano,2021-01-02,213,8111,165,5478,48,2633,0,0,213,8110,0,0,213,8110,California
Solano,2021-01-03,57,8168,40,5518,17,2650,0,0,52,8162,0,0,52,8162,California
Solano,2021-01-04,451,8619,246,5764,205,2855,0,0,441,8600,3,3,441,8603,California
Solano,2021-01-05,729,9348,377,6141,352,3207,0,0,575,9026,149,152,575,9178,California
Solano,2021-01-06,844,10192,436,6577,408,3615,0,0,582,9348,260,412,582,9760,California
Solano,2021-01-07,1066,11258,683,7260,383,3998,0,0,609,9503,455,867,610,10370,California
Solano,2021-01-08,1135,12393,777,8037,358,4356,0,0,542,9472,575,1442,544,10914,California
Solano,2021-01-09,885,13278,763,8800,122,4478,0,0,428,9446,454,1896,428,11342,California
Solano,2021-01-10,254,13532,194,8994,60,4538,0,0,153,9498,101,1997,153,11495,California
Solano,2021-01-11,1329,14861,1118,10112,211,4749,0,0,813,9795,516,2513,813,12308,California
Solano,2021-01-12,1566,16427,1168,11280,398,5147,0,0,1015,10261,550,3063,1016,13324,California
Solano,2021-01-13,1465,17892,1005,12285,460,5607,0,0,1206,11210,257,3320,1206,14530,California
Solano,2021-01-14,1887,19779,815,13100,1072,6679,0,0,1573,12469,314,3634,1573,16103,California
Solano,2021-01-15,1695,21474,1060,14160,635,7314,0,0,1397,13568,298,3932,1397,17500,California
Solano,2021-01-16,1290,22764,903,15063,387,7701,0,0,1115,14508,175,4107,1115,18615,California
Solano,2021-01-17,1044,23808,760,15823,284,7985,0,0,1026,15516,18,4125,1026,19641,California
Solano,2021-01-18,1415,25223,857,16680,558,8543,0,0,1297,16697,118,4243,1299,20940,California
Solano,2021-01-19,1651,26874,1339,18019,312,8855,0,0,1378,17803,272,4515,1378,22318,California
Solano,2021-01-20,2033,28907,1423,19442,610,9465,0,0,1547,18867,483,4998,1547,23865,California
Solano,2021-01-21,3172,32079,1007,20449,2165,11630,0,0,2824,21344,348,5346,2825,26690,California
Solano,2021-01-22,1774,33853,845,21294,929,12559,0,0,1584,22738,190,5536,1584,28274,California
Solano,2021-01-23,736,34589,242,21536,494,13053,0,0,531,23064,206,5742,532,28806,California
Solano,2021-01-24,403,34992,61,21597,342,13395,0,0,336,23333,67,5809,336,29142,California
Solano,2021-01-25,1661,36653,625,22222,1036,14431,0,0,1109,23892,551,6360,1110,30252,California
Solano,2021-01-26,1772,38425,736,22958,1036,15467,0,0,1141,24404,630,6990,1142,31394,California
Solano,2021-01-27,1796,40221,726,23684,1070,16537,0,0,1183,24987,600,7590,1183,32577,California
Solano,2021-01-28,1954,42175,705,24389,1249,17786,0,0,1363,25761,590,8180,1364,33941,California
Solano,2021-01-29,1699,43874,783,25172,916,18702,0,0,1344,26752,353,8533,1344,35285,California
Solano,2021-01-30,711,44585,220,25392,491,19193,0,0,550,27141,161,8694,550,35835,California
Solano,2021-01-31,485,45070,394,25786,91,19284,0,0,230,27117,255,8949,231,36066,California
Solano,2021-02-01,1509,46579,988,26774,521,19805,0,0,767,27145,739,9688,767,36833,California
Solano,2021-02-02,3354,49933,1112,27886,2242,22047,0,0,2529,28853,821,10509,2529,39362,California
Solano,2021-02-03,2263,52196,1305,29191,958,23005,0,0,1164,28922,1095,11604,1164,40526,California
Solano,2021-02-04,1797,53993,910,30101,887,23892,0,0,1075,29280,717,12321,1075,41601,California
Solano,2021-02-05,3085,57078,1412,31513,1673,25565,0,0,2084,30371,993,13314,2084,43685,California
Solano,2021-02-06,3051,60129,1170,32683,1881,27446,0,0,2236,31796,811,14125,2236,45921,California
Solano,2021-02-07,847,60976,783,33466,64,27510,0,0,231,31411,616,14741,231,46152,California
Solano,2021-02-08,1750,62726,1234,34700,516,28026,0,0,709,31082,1038,15779,709,46861,California
Solano,2021-02-09,1947,64673,1485,36185,462,28488,0,0,699,30534,1247,17026,699,47560,California
Solano,2021-02-10,2266,66939,1498,37683,768,29256,0,0,820,29908,1446,18472,820,48380,California
Solano,2021-02-11,2501,69440,1489,39172,1012,30268,0,0,1197,29812,1294,19766,1198,49578,California
Solano,2021-02-12,4206,73646,1617,40789,2589,32857,0,0,2864,31341,1335,21101,2864,52442,California
Solano,2021-02-13,2860,76506,246,41035,2614,35471,0,0,2448,33380,409,21510,2448,54890,California
Solano,2021-02-14,704,77210,202,41237,502,35973,0,0,412,33503,290,21800,413,55303,California
Solano,2021-02-15,1313,78523,324,41561,989,36962,0,0,676,33543,636,22436,676,55979,California
Solano,2021-02-16,2567,81090,1395,42956,1172,38134,0,0,1678,34333,888,23324,1678,57657,California
Solano,2021-02-17,3001,84091,1437,44393,1564,39698,0,0,1971,35278,1027,24351,1972,59629,California
Solano,2021-02-18,2801,86892,845,45238,1956,41654,0,0,833,34150,1962,26313,834,60463,California
Solano,2021-02-19,2398,89290,1447,46685,951,42605,0,0,1174,34106,1220,27533,1176,61639,California
Solano,2021-02-20,2565,91855,380,47065,2185,44790,0,0,2093,35726,473,28006,2093,63732,California
Solano,2021-02-21,2174,94029,1861,48926,313,45103,0,0,1864,37284,306,28312,1864,65596,California
Solano,2021-02-22,1719,95748,1046,49972,673,45776,0,0,906,37380,811,29123,907,66503,California
Solano,2021-02-23,2836,98584,1087,51059,1749,47525,0,0,1935,38417,898,30021,1935,68438,California
Solano,2021-02-24,2472,101056,1241,52300,1231,48756,0,0,1385,38717,1085,31106,1385,69823,California
Solano,2021-02-25,2389,103445,1434,53734,955,49711,0,0,1302,38937,1082,32188,1302,71125,California
Solano,2021-02-26,3169,106614,2016,55750,1153,50864,0,0,1840,39461,1316,33504,1840,72965,California
Solano,2021-02-27,3650,110264,1374,57124,2275,53139,1,1,2956,41732,686,34190,2957,75922,California
Solano,2021-02-28,1370,111634,1039,58163,331,53470,0,1,1092,42550,275,34465,1093,77015,California
Solano,2021-03-01,2430,114064,1052,59215,1377,54847,1,2,1828,43781,598,35063,1829,78844,California
Solano,2021-03-02,2171,116235,1365,60580,806,55653,0,2,1269,44148,902,35965,1269,80113,California
Solano,2021-03-03,2211,118446,1254,61834,957,56610,0,2,1374,44694,829,36794,1375,81488,California
Solano,2021-03-04,4345,122791,3404,65238,939,57549,2,4,3130,46621,1208,38002,3135,84623,California
Solano,2021-03-05,4899,127690,1665,66903,3229,60778,5,9,3938,49613,951,38953,3943,88566,California
Solano,2021-03-06,3832,131522,825,67728,2968,63746,39,48,2639,51107,1184,40137,2678,91244,California
Solano,2021-03-07,3542,135064,737,68465,2795,66541,10,58,1950,51487,1581,41718,1961,93205,California
Solano,2021-03-08,2112,137176,1316,69781,525,67066,271,329,1596,52840,512,42230,1865,95070,California
Solano,2021-03-09,3135,140311,1510,71291,1572,68638,53,382,2244,54243,891,43121,2294,97364,California
Solano,2021-03-10,2386,142697,1732,73023,568,69206,86,468,1254,54453,1128,44249,1338,98702,California
Solano,2021-03-11,5989,148686,1733,74756,4002,73208,254,722,4945,58612,1040,45289,5199,103901,California
Solano,2021-03-12,5975,154661,1563,76319,4236,77444,176,898,3156,59129,2815,48104,3332,107233,California
Solano,2021-03-13,4574,159235,804,77123,3686,81130,84,982,2242,59132,2325,50429,2328,109561,California
Solano,2021-03-14,3988,163223,3112,80235,423,81553,453,1435,1651,58901,2332,52761,2101,111662,California
Solano,2021-03-15,4002,167225,2445,82680,1240,82793,317,1752,2511,60246,1483,54244,2828,114490,California
Solano,2021-03-16,3061,170286,1325,84005,1500,84293,236,1988,1563,60551,1493,55737,1798,116288,California
Solano,2021-03-17,6324,176610,1665,85670,4568,88861,91,2079,4872,64065,1449,57186,4963,121251,California
Solano,2021-03-18,5163,181773,1818,87488,3309,92170,36,2115,3808,66561,1347,58533,3843,125094,California
Solano,2021-03-19,3439,185212,2521,90009,845,93015,73,2188,1747,66701,1681,60214,1821,126915,California
Solano,2021-03-20,5512,190724,1666,91675,3792,96807,54,2242,2833,66918,2670,62884,2887,129802,California
Solano,2021-03-21,1667,192391,1564,93239,79,96886,24,2266,854,66983,811,63695,876,130678,California
Solano,2021-03-22,2665,195056,2037,95276,578,97464,50,2316,1675,67719,985,64680,1721,132399,California
Solano,2021-03-23,3464,198520,1626,96902,1796,99260,42,2358,1442,67184,2018,66698,1483,133882,California
Solano,2021-03-24,2811,201331,1759,98661,1017,100277,35,2393,1369,67151,1436,68134,1403,135285,California
Solano,2021-03-25,4824,206155,3952,102613,837,101114,35,2428,2270,66907,2550,70684,2306,137591,California
Solano,2021-03-26,3205,209360,2081,104694,1088,102202,36,2464,1736,67219,1460,72144,1772,139363,California
Solano,2021-03-27,4185,213545,1147,105841,3002,105204,36,2500,1799,66674,2380,74524,1835,141198,California
Solano,2021-03-28,1414,214959,1105,106946,291,105495,18,2518,564,66410,846,75370,582,141780,California
Solano,2021-03-29,3479,218438,2033,108979,1429,106924,17,2535,1602,66163,1866,77236,1619,143399,California
Solano,2021-03-30,3005,221443,2014,110993,901,107825,90,2625,1914,67079,1089,78325,2005,145404,California
Solano,2021-03-31,3112,224555,2118,113111,835,108660,159,2784,1842,67809,1267,79592,1997,147401,California
Solano,2021-04-01,5495,230050,2077,115188,3274,111934,144,2928,3476,69422,2008,81600,3621,151022,California
Solano,2021-04-02,6473,236523,2209,117397,4098,116032,166,3094,2487,68103,3971,85571,2652,153674,California
Solano,2021-04-03,1522,238045,957,118354,411,116443,154,3248,556,67849,964,86535,710,154384,California
Solano,2021-04-04,775,238820,286,118640,188,116631,301,3549,237,67853,534,87069,538,154922,California
Solano,2021-04-05,2962,241782,2019,120659,737,117368,206,3755,1506,68110,1454,88523,1711,156633,California
Solano,2021-04-06,5818,247600,1623,122282,3704,121072,491,4246,1594,65974,4218,92741,2082,158715,California
Solano,2021-04-07,5815,253415,4489,126771,933,122005,393,4639,3293,67151,2508,95249,3685,162400,California
Solano,2021-04-08,6383,259798,1764,128535,3764,125769,855,5494,1787,65216,4569,99818,2634,165034,California
Solano,2021-04-09,6218,266016,1647,130182,3731,129500,840,6334,1507,62870,4690,104508,2344,167378,California
Solano,2021-04-10,1709,267725,947,131129,448,129948,314,6648,792,63059,916,105424,1105,168483,California
Solano,2021-04-11,1211,268936,749,131878,335,130283,127,6775,624,63226,584,106008,751,169234,California
Solano,2021-04-12,3249,272185,1670,133548,1221,131504,358,7133,1341,63019,1904,107912,1697,170931,California
Solano,2021-04-13,2519,274704,1086,134634,1432,132936,1,7134,1313,63131,1202,109114,1314,172245,California
Solano,2021-04-14,6394,281098,1946,136580,4448,137384,0,7134,1861,60472,4521,113635,1862,174107,California
Solano,2021-04-15,5637,286735,2125,138705,3512,140896,0,7134,1717,58281,3908,117543,1717,175824,California
Solano,2021-04-16,3656,290391,2565,141270,1089,141985,2,7136,2280,59195,1368,118911,2282,178106,California
Solano,2021-04-17,3239,293630,1057,142327,2182,144167,0,7136,1125,58214,2107,121018,1126,179232,California
Solano,2021-04-18,994,294624,600,142927,394,144561,0,7136,524,58269,469,121487,524,179756,California
Solano,2021-04-19,2053,296677,1154,144081,899,145460,0,7136,1142,58507,906,122393,1144,180900,California
Solano,2021-04-20,2995,299672,1822,145903,1173,146633,0,7136,1666,58848,1325,123718,1666,182566,California
Solano,2021-04-21,3545,303217,2316,148219,1229,147862,0,7136,1777,58863,1762,125480,1777,184343,California
Solano,2021-04-22,2884,306101,1439,149658,1445,149307,0,7136,1766,59514,1115,126595,1766,186109,California
Solano,2021-04-23,4105,310206,2053,151711,2052,151359,0,7136,2457,60332,1640,128235,2458,188567,California
Solano,2021-04-24,3458,313664,2273,153984,1183,152542,2,7138,2421,61796,959,129194,2423,190990,California
Solano,2021-04-25,1429,315093,1114,155098,315,152857,0,7138,1129,62632,293,129487,1129,192119,California
Solano,2021-04-26,2381,317474,1550,156648,827,153684,4,7142,1261,62789,1108,130595,1265,193384,California
Solano,2021-04-27,2282,319756,1203,157851,1055,154739,24,7166,1263,63065,1012,131607,1288,194672,California
Solano,2021-04-28,5035,324791,4058,161909,931,155670,46,7212,3175,64436,1850,133457,3221,197893,California
Solano,2021-04-29,3860,328651,1243,163152,2586,158256,31,7243,1586,63788,2265,135722,1617,199510,California
Solano,2021-04-30,3772,332423,2017,165169,1629,159885,126,7369,1837,63827,1924,137646,1963,201473,California
Solano,2021-05-01,2011,334434,1614,166783,292,160177,105,7474,1235,64396,771,138417,1340,202813,California
Solano,2021-05-02,1095,335529,934,167717,137,160314,24,7498,572,64474,518,138935,596,203409,California
Solano,2021-05-03,1440,336969,994,168711,357,160671,89,7587,589,64303,849,139784,678,204087,California
Solano,2021-05-04,1780,338749,1040,169751,679,161350,61,7648,798,64181,981,140765,859,204946,California
Solano,2021-05-05,2251,341000,1406,171157,730,162080,115,7763,1080,64209,1165,141930,1193,206139,California
Solano,2021-05-06,1872,342872,1168,172325,558,162638,146,7909,690,63866,1179,143109,836,206975,California
Solano,2021-05-07,2651,345523,1862,174187,678,163316,111,8020,917,63164,1728,144837,1026,208001,California
Solano,2021-05-08,1281,346804,817,175004,353,163669,111,8131,442,62881,836,145673,553,208554,California
Solano,2021-05-09,405,347209,241,175245,152,163821,12,8143,148,62787,255,145928,161,208715,California
Solano,2021-05-10,929,348138,453,175698,424,164245,52,8195,222,62356,706,146634,275,208990,California
Sonoma,2020-12-15,4,4,4,4,0,0,0,0,4,4,0,0,4,4,California
Sonoma,2020-12-16,27,31,27,31,0,0,0,0,27,31,0,0,27,31,California
Sonoma,2020-12-17,104,135,104,135,0,0,0,0,104,135,0,0,104,135,California
Sonoma,2020-12-18,420,555,420,555,0,0,0,0,420,555,0,0,420,555,California
Sonoma,2020-12-19,111,666,110,665,1,1,0,0,111,666,0,0,111,666,California
Sonoma,2020-12-20,174,840,174,839,0,1,0,0,174,840,0,0,174,840,California
Sonoma,2020-12-21,910,1750,908,1747,2,3,0,0,909,1749,0,0,909,1749,California
Sonoma,2020-12-22,1355,3105,1264,3011,91,94,0,0,1355,3104,0,0,1355,3104,California
Sonoma,2020-12-23,1607,4712,1231,4242,376,470,0,0,1608,4712,0,0,1608,4712,California
Sonoma,2020-12-24,305,5017,101,4343,204,674,0,0,305,5017,0,0,305,5017,California
Sonoma,2020-12-25,8,5025,2,4345,6,680,0,0,8,5025,0,0,8,5025,California
Sonoma,2020-12-26,267,5292,256,4601,11,691,0,0,267,5292,0,0,267,5292,California
Sonoma,2020-12-27,93,5385,80,4681,13,704,0,0,93,5385,0,0,93,5385,California
Sonoma,2020-12-28,987,6372,553,5234,434,1138,0,0,958,6343,0,0,958,6343,California
Sonoma,2020-12-29,1129,7501,776,6010,353,1491,0,0,1095,7438,0,0,1095,7438,California
Sonoma,2020-12-30,1093,8594,479,6489,614,2105,0,0,1085,8523,0,0,1085,8523,California
Sonoma,2020-12-31,517,9111,71,6560,446,2551,0,0,518,9041,0,0,518,9041,California
Sonoma,2021-01-01,11,9122,6,6566,5,2556,0,0,11,9052,0,0,11,9052,California
Sonoma,2021-01-02,131,9253,125,6691,6,2562,0,0,131,9183,0,0,131,9183,California
Sonoma,2021-01-03,25,9278,11,6702,14,2576,0,0,25,9208,0,0,25,9208,California
Sonoma,2021-01-04,341,9619,105,6807,236,2812,0,0,340,9548,0,0,340,9548,California
Sonoma,2021-01-05,438,10057,102,6909,336,3148,0,0,414,9947,15,15,414,9962,California
Sonoma,2021-01-06,947,11004,432,7341,515,3663,0,0,836,10678,105,120,836,10798,California
Sonoma,2021-01-07,1031,12035,535,7876,496,4159,0,0,861,11370,169,289,861,11659,California
Sonoma,2021-01-08,1790,13825,1233,9109,557,4716,0,0,1318,12218,470,759,1318,12977,California
Sonoma,2021-01-09,639,14464,402,9511,237,4953,0,0,591,12761,48,807,591,13568,California
Sonoma,2021-01-10,472,14936,461,9972,11,4964,0,0,278,12845,194,1001,278,13846,California
Sonoma,2021-01-11,1383,16319,1237,11209,146,5110,0,0,414,12294,965,1966,414,14260,California
Sonoma,2021-01-12,1546,17865,1293,12502,253,5363,0,0,395,11540,1149,3115,395,14655,California
Sonoma,2021-01-13,2073,19938,1423,13925,650,6013,0,0,1210,11891,860,3975,1211,15866,California
Sonoma,2021-01-14,1531,21469,808,14733,723,6736,0,0,1301,12962,230,4205,1301,17167,California
Sonoma,2021-01-15,1567,23036,636,15369,931,7667,0,0,1346,14098,211,4416,1347,18514,California
Sonoma,2021-01-16,1144,24180,617,15986,527,8194,0,0,898,14754,242,4658,898,19412,California
Sonoma,2021-01-17,669,24849,548,16534,121,8315,0,0,589,15263,80,4738,589,20001,California
Sonoma,2021-01-18,1105,25954,931,17465,174,8489,0,0,615,15389,490,5228,616,20617,California
Sonoma,2021-01-19,2096,28050,1006,18471,1090,9579,0,0,1386,16068,708,5936,1387,22004,California
Sonoma,2021-01-20,2078,30128,627,19098,1451,11030,0,0,1417,16834,652,6588,1418,23422,California
Sonoma,2021-01-21,2262,32390,647,19745,1615,12645,0,0,2043,18661,217,6805,2044,25466,California
Sonoma,2021-01-22,2738,35128,1043,20788,1695,14340,0,0,2590,21104,147,6952,2590,28056,California
Sonoma,2021-01-23,768,35896,593,21381,175,14515,0,0,661,21659,106,7058,661,28717,California
Sonoma,2021-01-24,851,36747,715,22096,136,14651,0,0,835,22478,16,7074,835,29552,California
Sonoma,2021-01-25,2172,38919,520,22616,1652,16303,0,0,1685,23676,487,7561,1685,31237,California
Sonoma,2021-01-26,2013,40932,301,22917,1712,18015,0,0,1558,24780,454,8015,1558,32795,California
Sonoma,2021-01-27,3698,44630,1279,24196,2419,20434,0,0,3125,27337,571,8586,3128,35923,California
Sonoma,2021-01-28,4119,48749,1848,26044,2271,22705,0,0,3448,30118,668,9254,3449,39372,California
Sonoma,2021-01-29,2967,51716,1411,27455,1556,24261,0,0,2133,31420,832,10086,2134,41506,California
Sonoma,2021-01-30,2583,54299,2394,29849,189,24450,0,0,2244,33326,339,10425,2245,43751,California
Sonoma,2021-01-31,777,55076,665,30514,112,24562,0,0,579,33708,197,10622,579,44330,California
Sonoma,2021-02-01,2505,57581,883,31397,1622,26184,0,0,2100,35406,402,11024,2100,46430,California
Sonoma,2021-02-02,3524,61105,1373,32770,2151,28335,0,0,2953,37790,569,11593,2953,49383,California
Sonoma,2021-02-03,4036,65141,1322,34092,2714,31049,0,0,3106,39969,927,12520,3106,52489,California
Sonoma,2021-02-04,4204,69345,1713,35805,2491,33540,0,0,3421,42610,781,13301,3422,55911,California
Sonoma,2021-02-05,4815,74160,1739,37544,3076,36616,0,0,3796,45392,1015,14316,3797,59708,California
Sonoma,2021-02-06,2657,76817,2297,39841,360,36976,0,0,2097,46930,559,14875,2097,61805,California
Sonoma,2021-02-07,1536,78353,1401,41242,135,37111,0,0,1284,47962,252,15127,1284,63089,California
Sonoma,2021-02-08,3257,81610,1033,42275,2224,39335,0,0,2677,50060,579,15706,2677,65766,California
Sonoma,2021-02-09,3567,85177,1697,43972,1870,41205,0,0,3087,52670,478,16184,3088,68854,California
Sonoma,2021-02-10,4536,89713,2479,46451,2057,43262,0,0,3498,55137,1032,17216,3499,72353,California
Sonoma,2021-02-11,5570,95283,3017,49468,2553,45815,0,0,4387,58343,1181,18397,4387,76740,California
Sonoma,2021-02-12,5902,101185,3243,52711,2659,48474,0,0,4479,61406,1419,19816,4482,81222,California
Sonoma,2021-02-13,1984,103169,1152,53863,832,49306,0,0,1201,61827,780,20596,1201,82423,California
Sonoma,2021-02-14,2315,105484,1822,55685,493,49799,0,0,1568,62649,746,21342,1568,83991,California
Sonoma,2021-02-15,2139,107623,791,56476,1348,51147,0,0,1604,63719,534,21876,1604,85595,California
Sonoma,2021-02-16,4895,112518,2051,58527,2844,53991,0,0,3641,66110,1250,23126,3641,89236,California
Sonoma,2021-02-17,5595,118113,2897,61424,2698,56689,0,0,3571,67667,2016,25142,3573,92809,California
Sonoma,2021-02-18,6922,125035,3133,64557,3789,60478,0,0,4000,68754,2914,28056,4001,96810,California
Sonoma,2021-02-19,5516,130551,1666,66223,3850,64328,0,0,3420,70084,2091,30147,3421,100231,California
Sonoma,2021-02-20,3120,133671,2840,69063,280,64608,0,0,1217,69404,1897,32044,1217,101448,California
Sonoma,2021-02-21,521,134192,415,69478,106,64714,0,0,130,69146,388,32432,130,101578,California
Sonoma,2021-02-22,2875,137067,1355,70833,1520,66234,0,0,1197,68670,1673,34105,1197,102775,California
Sonoma,2021-02-23,3362,140429,2070,72903,1292,67526,0,0,1615,68542,1743,35848,1615,104390,California
Sonoma,2021-02-24,5632,146061,2540,75443,3092,70618,0,0,2912,68740,2715,38563,2913,107303,California
Sonoma,2021-02-25,5791,151852,2238,77681,3553,74171,0,0,3108,69185,2663,41226,3108,110411,California
Sonoma,2021-02-26,6257,158109,2756,80437,3501,77672,0,0,3969,70871,2283,43509,3969,114380,California
Sonoma,2021-02-27,4027,162136,1907,82344,2120,79792,0,0,2684,72214,1341,44850,2684,117064,California
Sonoma,2021-02-28,2334,164470,1851,84195,483,80275,0,0,609,71109,1714,46564,609,117673,California
Sonoma,2021-03-01,3741,168211,1134,85329,2607,82882,0,0,1880,71139,1851,48415,1881,119554,California
Sonoma,2021-03-02,4343,172554,1479,86808,2864,85746,0,0,2530,71864,1805,50220,2530,122084,California
Sonoma,2021-03-03,5033,177587,2634,89442,2399,88145,0,0,2312,71462,2714,52934,2312,124396,California
Sonoma,2021-03-04,5918,183505,2664,92106,3254,91399,0,0,2568,70694,3336,56270,2568,126964,California
Sonoma,2021-03-05,6441,189946,2823,94929,3603,95002,15,15,2713,69710,3713,59983,2729,129693,California
Sonoma,2021-03-06,2777,192723,1212,96141,1431,96433,134,149,1910,70893,860,60843,2043,131736,California
Sonoma,2021-03-07,1682,194405,1392,97533,255,96688,35,184,357,69962,1323,62166,392,132128,California
Sonoma,2021-03-08,4052,198457,653,98186,3224,99912,175,359,2380,70853,1662,63828,2553,134681,California
Sonoma,2021-03-09,5486,203943,3002,101188,2242,102154,242,601,2672,70960,2807,66635,2914,137595,California
Sonoma,2021-03-10,5956,209899,3175,104363,2453,104607,328,929,2401,70147,3541,70176,2728,140323,California
Sonoma,2021-03-11,7520,217419,2994,107357,3706,108313,820,1749,2561,68579,4950,75126,3382,143705,California
Sonoma,2021-03-12,7396,224815,2267,109624,3769,112082,1360,3109,2106,66770,5271,80397,3462,147167,California
Sonoma,2021-03-13,3251,228066,1545,111169,1471,113553,235,3344,1855,67462,1395,81792,2087,149254,California
Sonoma,2021-03-14,1380,229446,383,111552,856,114409,141,3485,851,67927,526,82318,991,150245,California
Sonoma,2021-03-15,5222,234668,1498,113050,3339,117748,385,3870,2189,67474,3025,85343,2572,152817,California
Sonoma,2021-03-16,6275,240943,2238,115288,3805,121553,232,4102,2905,67246,3364,88707,3136,155953,California
Sonoma,2021-03-17,6744,247687,3524,118812,3040,124593,180,4282,3286,67265,3446,92153,3465,159418,California
Sonoma,2021-03-18,7119,254806,2936,121748,3569,128162,614,4896,3178,67121,3933,96086,3789,163207,California
Sonoma,2021-03-19,7485,262291,3236,124984,4018,132180,231,5127,3194,66278,4272,100358,3429,166636,California
Sonoma,2021-03-20,3628,265919,1747,126731,1052,133232,829,5956,1974,67430,1647,102005,2799,169435,California
Sonoma,2021-03-21,1382,267301,601,127332,748,133980,33,5989,1215,68515,163,102168,1248,170683,California
Sonoma,2021-03-22,4526,271827,3100,130432,1325,135305,101,6090,3422,70939,1099,103267,3523,174206,California
Sonoma,2021-03-23,5797,277624,3603,134035,2118,137423,76,6166,4419,74065,1369,104636,4495,178701,California
Sonoma,2021-03-24,6605,284229,4268,138303,2271,139694,66,6232,3992,75527,2595,107231,4057,182758,California
Sonoma,2021-03-25,6983,291212,4190,142493,2686,142380,107,6339,4229,77132,2732,109963,4337,187095,California
Sonoma,2021-03-26,7275,298487,3449,145942,3736,146116,90,6429,3803,77569,3456,113419,3893,190988,California
Sonoma,2021-03-27,3797,302284,1501,147443,1934,148050,362,6791,1120,76382,2670,116089,1483,192471,California
Sonoma,2021-03-28,1506,303790,948,148391,531,148581,27,6818,944,76794,559,116648,971,193442,California
Sonoma,2021-03-29,2856,306646,1094,149485,1729,150310,33,6851,1580,77136,1271,117919,1613,195055,California
Sonoma,2021-03-30,5705,312351,3143,152628,2499,152809,63,6914,3012,77523,2687,120606,3074,198129,California
Sonoma,2021-03-31,5511,317862,3341,155969,1956,154765,214,7128,3212,78661,2288,122894,3426,201555,California
Sonoma,2021-04-01,6682,324544,3974,159943,2372,157137,336,7464,3576,79477,3088,125982,3904,205459,California
Sonoma,2021-04-02,5902,330446,3536,163479,2257,159394,109,7573,3546,80782,2350,128332,3655,209114,California
Sonoma,2021-04-03,3369,333815,1646,165125,1501,160895,222,7795,1462,80569,1895,130227,1682,210796,California
Sonoma,2021-04-04,1057,334872,688,165813,279,161174,90,7885,668,80942,385,130612,758,211554,California
Sonoma,2021-04-05,4357,339229,588,166401,3430,164604,339,8224,1636,80201,2715,133327,1974,213528,California
Sonoma,2021-04-06,6851,346080,3469,169870,2979,167583,403,8627,3975,81714,2863,136190,4376,217904,California
Sonoma,2021-04-07,6751,352831,3809,173679,2108,169691,834,9461,3272,82346,3470,139660,4102,222006,California
Sonoma,2021-04-08,7498,360329,4095,177774,2632,172323,771,10232,4085,83796,3402,143062,4852,226858,California
Sonoma,2021-04-09,6766,367095,3769,181543,2113,174436,884,11116,3476,84874,3278,146340,4356,231214,California
Sonoma,2021-04-10,3830,370925,1686,183229,1591,176027,553,11669,1096,83794,2724,149064,1644,232858,California
Sonoma,2021-04-11,1278,372203,604,183833,592,176619,82,11751,433,83465,844,149908,515,233373,California
Sonoma,2021-04-12,4928,377131,2049,185882,2398,179017,481,12232,1843,82705,3077,152985,2317,235690,California
Sonoma,2021-04-13,7787,384918,4610,190492,3175,182192,2,12234,2958,80845,4820,157805,2960,238650,California
Sonoma,2021-04-14,6534,391452,3723,194215,2791,184983,20,12254,2526,79395,3995,161800,2545,241195,California
Sonoma,2021-04-15,7192,398644,4082,198297,3110,188093,0,12254,3552,79318,3629,165429,3552,244747,California
Sonoma,2021-04-16,6786,405430,3410,201707,3375,191468,1,12255,3850,80238,2931,168360,3851,248598,California
Sonoma,2021-04-17,3099,408529,1500,203207,1599,193067,0,12255,1498,80146,1591,169951,1499,250097,California
Sonoma,2021-04-18,1203,409732,811,204018,392,193459,0,12255,370,79685,831,170782,370,250467,California
Sonoma,2021-04-19,3293,413025,1873,205891,1419,194878,1,12256,1451,79299,1838,172620,1452,251919,California
Sonoma,2021-04-20,6259,419284,3451,209342,2808,197686,0,12256,2372,77798,3874,176494,2373,254292,California
Sonoma,2021-04-21,6346,425630,4186,213528,2158,199844,2,12258,2919,77306,3412,179906,2920,257212,California
Sonoma,2021-04-22,6114,431744,4443,217971,1671,201515,0,12258,2484,76173,3617,183523,2484,259696,California
Sonoma,2021-04-23,7261,439005,4609,222580,2645,204160,7,12265,3618,76165,3634,187157,3626,263322,California
Sonoma,2021-04-24,2695,441700,1481,224061,1200,205360,14,12279,1530,76547,1162,188319,1544,264866,California
Sonoma,2021-04-25,1077,442777,785,224846,292,205652,0,12279,428,76328,647,188966,428,265294,California
Sonoma,2021-04-26,2568,445345,1242,226088,1300,206952,26,12305,1443,76679,1118,190084,1469,266763,California
Sonoma,2021-04-27,5142,450487,3620,229708,1425,208377,97,12402,2106,75859,3023,193107,2203,268966,California
Sonoma,2021-04-28,4853,455340,3196,232904,1462,209839,195,12597,2117,75445,2721,195828,2307,271273,California
Sonoma,2021-04-29,4803,460143,3424,236328,1234,211073,145,12742,1760,74314,3036,198864,1905,273178,California
Sonoma,2021-04-30,5426,465569,3618,239946,1515,212588,293,13035,1813,72817,3602,202466,2105,275283,California
Sonoma,2021-05-01,2464,468033,1772,241718,586,213174,106,13141,1315,73091,1144,203610,1418,276701,California
Sonoma,2021-05-02,862,468895,645,242363,166,213340,51,13192,553,73387,309,203919,605,277306,California
Sonoma,2021-05-03,3169,472064,1674,244037,1352,214692,143,13335,1052,72471,2110,206029,1194,278500,California
Sonoma,2021-05-04,4550,476614,2401,246438,1974,216666,175,13510,1460,71032,3070,209099,1631,280131,California
Sonoma,2021-05-05,3625,480239,2155,248593,1283,217949,187,13697,1296,70195,2319,211418,1482,281613,California
Sonoma,2021-05-06,4421,484660,2369,250962,1930,219879,122,13819,1330,68567,3078,214496,1450,283063,California
Sonoma,2021-05-07,3499,488159,2260,253222,1122,221001,117,13936,1015,67226,2472,216968,1131,284194,California
Sonoma,2021-05-08,1736,489895,1212,254434,436,221437,88,14024,723,67027,1010,217978,811,285005,California
Sonoma,2021-05-09,487,490382,282,254716,167,221604,38,14062,163,66907,321,218299,201,285206,California
Sonoma,2021-05-10,1773,492155,844,255560,899,222503,30,14092,149,65470,1615,219914,178,285384,California
Stanislaus,2020-12-15,3,3,3,3,0,0,0,0,3,3,0,0,3,3,California
Stanislaus,2020-12-16,37,40,37,40,0,0,0,0,37,40,0,0,37,40,California
Stanislaus,2020-12-17,74,114,74,114,0,0,0,0,74,114,0,0,74,114,California
Stanislaus,2020-12-18,337,451,331,445,6,6,0,0,337,451,0,0,337,451,California
Stanislaus,2020-12-19,133,584,133,578,0,6,0,0,133,584,0,0,133,584,California
Stanislaus,2020-12-20,85,669,85,663,0,6,0,0,85,669,0,0,85,669,California
Stanislaus,2020-12-21,1000,1669,999,1662,1,7,0,0,999,1668,0,0,999,1668,California
Stanislaus,2020-12-22,795,2464,783,2445,12,19,0,0,795,2463,0,0,795,2463,California
Stanislaus,2020-12-23,447,2911,430,2875,17,36,0,0,446,2909,0,0,446,2909,California
Stanislaus,2020-12-24,97,3008,88,2963,9,45,0,0,97,3006,0,0,97,3006,California
Stanislaus,2020-12-26,51,3059,8,2971,43,88,0,0,51,3057,0,0,51,3057,California
Stanislaus,2020-12-27,11,3070,6,2977,5,93,0,0,11,3068,0,0,11,3068,California
Stanislaus,2020-12-28,490,3560,395,3372,95,188,0,0,490,3558,0,0,490,3558,California
Stanislaus,2020-12-29,494,4054,416,3788,78,266,0,0,494,4052,0,0,494,4052,California
Stanislaus,2020-12-30,534,4588,279,4067,255,521,0,0,533,4584,1,1,533,4585,California
Stanislaus,2020-12-31,275,4863,156,4223,119,640,0,0,275,4859,0,1,275,4860,California
Stanislaus,2021-01-01,12,4875,4,4227,8,648,0,0,12,4871,0,1,12,4872,California
Stanislaus,2021-01-02,31,4906,24,4251,7,655,0,0,31,4902,0,1,31,4903,California
Stanislaus,2021-01-03,90,4996,87,4338,3,658,0,0,90,4992,0,1,90,4993,California
Stanislaus,2021-01-04,229,5225,150,4488,79,737,0,0,229,5221,0,1,229,5222,California
Stanislaus,2021-01-05,831,6056,341,4829,490,1227,0,0,808,6013,22,23,814,6036,California
Stanislaus,2021-01-06,1002,7058,599,5428,403,1630,0,0,931,6877,68,91,932,6968,California
Stanislaus,2021-01-07,1079,8137,703,6131,376,2006,0,0,889,7584,184,275,891,7859,California
Stanislaus,2021-01-08,1281,9418,725,6856,556,2562,0,0,939,8189,339,614,944,8803,California
Stanislaus,2021-01-09,285,9703,141,6997,144,2706,0,0,195,8294,90,704,195,8998,California
Stanislaus,2021-01-10,48,9751,21,7018,27,2733,0,0,29,8304,19,723,29,9027,California
Stanislaus,2021-01-11,1523,11274,1246,8264,277,3010,0,0,596,7995,922,1645,613,9640,California
Stanislaus,2021-01-12,1465,12739,862,9126,603,3613,0,0,829,8198,632,2277,835,10475,California
Stanislaus,2021-01-13,1439,14178,685,9811,754,4367,0,0,1117,9002,322,2599,1126,11601,California
Stanislaus,2021-01-14,2227,16405,281,10092,1946,6313,0,0,2067,10971,158,2757,2127,13728,California
Stanislaus,2021-01-15,2819,19224,1155,11247,1664,7977,0,0,2675,13578,140,2897,2747,16475,California
Stanislaus,2021-01-16,471,19695,50,11297,421,8398,0,0,456,14022,14,2911,458,16933,California
Stanislaus,2021-01-17,244,19939,202,11499,42,8440,0,0,238,14255,5,2916,238,17171,California
Stanislaus,2021-01-18,2184,22123,1023,12522,1161,9601,0,0,1802,15748,377,3293,1870,19041,California
Stanislaus,2021-01-19,1250,23373,722,13244,528,10129,0,0,806,16113,442,3735,807,19848,California
Stanislaus,2021-01-20,1000,24373,485,13729,515,10644,0,0,710,16534,289,4024,710,20558,California
Stanislaus,2021-01-21,3643,28016,2948,16677,695,11339,0,0,3329,19647,312,4336,3425,23983,California
Stanislaus,2021-01-22,1065,29081,307,16984,758,12097,0,0,1020,20630,41,4377,1024,25007,California
Stanislaus,2021-01-23,341,29422,41,17025,300,12397,0,0,284,20862,56,4433,288,25295,California
Stanislaus,2021-01-24,292,29714,100,17125,192,12589,0,0,226,21024,66,4499,228,25523,California
Stanislaus,2021-01-25,3139,32853,227,17352,2912,15501,0,0,2827,23711,277,4776,2964,28487,California
Stanislaus,2021-01-26,1721,34574,743,18095,978,16479,0,0,1300,24610,416,5192,1315,29802,California
Stanislaus,2021-01-27,1867,36441,1029,19124,838,17317,0,0,1163,25114,660,5852,1164,30966,California
Stanislaus,2021-01-28,2198,38639,1502,20626,696,18013,0,0,1714,26406,476,6328,1768,32734,California
Stanislaus,2021-01-29,2430,41069,1191,21817,1239,19252,0,0,1911,27886,474,6802,1954,34688,California
Stanislaus,2021-01-30,292,41361,131,21948,161,19413,0,0,229,28063,52,6854,229,34917,California
Stanislaus,2021-01-31,367,41728,313,22261,54,19467,0,0,351,28401,13,6867,351,35268,California
Stanislaus,2021-02-01,1260,42988,554,22815,706,20173,0,0,914,28980,335,7202,914,36182,California
Stanislaus,2021-02-02,1232,44220,373,23188,859,21032,0,0,779,29318,445,7647,783,36965,California
Stanislaus,2021-02-03,2462,46682,1084,24272,1378,22410,0,0,1791,30448,667,8314,1797,38762,California
Stanislaus,2021-02-04,2094,48776,725,24997,1369,23779,0,0,1577,31525,505,8819,1582,40344,California
Stanislaus,2021-02-05,2833,51609,1457,26454,1376,25155,0,0,1582,31918,1197,10016,1590,41934,California
Stanislaus,2021-02-06,883,52492,300,26754,583,25738,0,0,693,32424,188,10204,694,42628,California
Stanislaus,2021-02-07,213,52705,189,26943,24,25762,0,0,42,32297,170,10374,43,42671,California
Stanislaus,2021-02-08,2017,54722,1319,28262,698,26460,0,0,1096,32517,886,11260,1106,43777,California
Stanislaus,2021-02-09,1828,56550,778,29040,1050,27510,0,0,1042,32798,767,12027,1048,44825,California
Stanislaus,2021-02-10,1930,58480,531,29571,1399,28909,0,0,1010,32910,900,12927,1012,45837,California
Stanislaus,2021-02-11,5367,63847,3257,32828,2110,31019,0,0,1226,30182,3957,16884,1229,47066,California
Stanislaus,2021-02-12,3282,67129,911,33739,2371,33390,0,0,1446,29863,1769,18653,1450,48516,California
Stanislaus,2021-02-13,1347,68476,649,34388,698,34088,0,0,979,30482,364,19017,983,49499,California
Stanislaus,2021-02-14,421,68897,168,34556,253,34341,0,0,352,30767,67,19084,352,49851,California
Stanislaus,2021-02-15,1808,70705,230,34786,1578,35919,0,0,578,30227,1122,20206,582,50433,California
Stanislaus,2021-02-16,1358,72063,420,35206,938,36857,0,0,581,30042,768,20974,583,51016,California
Stanislaus,2021-02-17,2730,74793,1668,36874,1062,37919,0,0,1934,31190,793,21767,1941,52957,California
Stanislaus,2021-02-18,3342,78135,1889,38763,1453,39372,0,0,1788,31518,1475,23242,1803,54760,California
Stanislaus,2021-02-19,2719,80854,1054,39817,1665,41037,0,0,1524,31895,1159,24401,1536,56296,California
Stanislaus,2021-02-20,745,81599,378,40195,367,41404,0,0,482,32134,245,24646,484,56780,California
Stanislaus,2021-02-21,902,82501,687,40882,215,41619,0,0,550,32366,329,24975,561,57341,California
Stanislaus,2021-02-22,2338,84839,1690,42572,648,42267,0,0,1634,33321,679,25654,1634,58975,California
Stanislaus,2021-02-23,3690,88529,679,43251,3011,45278,0,0,1731,33243,1815,27469,1737,60712,California
Stanislaus,2021-02-24,4150,92679,2834,46085,1316,46594,0,0,3133,35378,1001,28470,3136,63848,California
Stanislaus,2021-02-25,3871,96550,2639,48724,1232,47826,0,0,3072,37671,782,29252,3075,66923,California
Stanislaus,2021-02-26,4175,100725,1211,49935,2964,50790,0,0,2827,39204,1303,30555,2836,69759,California
Stanislaus,2021-02-27,2089,102814,705,50640,1383,52173,1,1,1862,40868,199,30754,1863,71622,California
Stanislaus,2021-02-28,815,103629,261,50901,554,52727,0,1,768,41598,39,30793,769,72391,California
Stanislaus,2021-03-01,2752,106381,1618,52519,1133,53860,1,2,1624,42128,1103,31896,1633,74024,California
Stanislaus,2021-03-02,2373,108754,1409,53928,963,54823,1,3,1653,43071,711,32607,1654,75678,California
Stanislaus,2021-03-03,3705,112459,2226,56154,1477,56300,2,5,2904,45191,784,33391,2904,78582,California
Stanislaus,2021-03-04,5427,117886,3101,59255,2310,58610,16,21,4193,48188,1208,34599,4205,82787,California
Stanislaus,2021-03-05,4007,121893,1109,60364,2882,61492,16,37,3045,50306,942,35541,3060,85847,California
Stanislaus,2021-03-06,3570,125463,2224,62588,1253,62745,93,130,2719,52273,847,36388,2814,88661,California
Stanislaus,2021-03-07,844,126307,385,62973,423,63168,36,166,656,52783,182,36570,692,89353,California
Stanislaus,2021-03-08,1981,128288,854,63827,1038,64206,89,255,1322,53547,646,37216,1410,90763,California
Stanislaus,2021-03-09,2165,130453,892,64719,1181,65387,92,347,1627,54741,529,37745,1723,92486,California
Stanislaus,2021-03-10,5049,135502,2491,67210,2337,67724,221,568,3733,57409,1299,39044,3967,96453,California
Stanislaus,2021-03-11,5700,141202,3127,70337,2097,69821,476,1044,4124,60595,1416,40460,4602,101055,California
Stanislaus,2021-03-12,5755,146957,1227,71564,2608,72429,1920,2964,2920,62611,2818,43278,4834,105889,California
Stanislaus,2021-03-13,3372,150329,2177,73741,1127,73556,68,3032,2684,64687,681,43959,2757,108646,California
Stanislaus,2021-03-14,991,151320,594,74335,346,73902,51,3083,489,64730,500,44459,543,109189,California
Stanislaus,2021-03-15,3680,155000,1971,76306,1351,75253,358,3441,1600,64709,1985,46444,1964,111153,California
Stanislaus,2021-03-16,4900,159900,2442,78748,2047,77300,411,3852,3534,67306,1347,47791,3944,115097,California
Stanislaus,2021-03-17,4705,164605,2849,81597,1680,78980,176,4028,2883,68570,1801,49592,3065,118162,California
Stanislaus,2021-03-18,5405,170010,3409,85006,1928,80908,68,4096,2974,69331,2285,51877,3046,121208,California
Stanislaus,2021-03-19,5909,175919,1526,86532,2858,83766,1525,5621,3098,71169,2783,54660,4621,125829,California
Stanislaus,2021-03-20,3833,179752,2999,89531,766,84532,68,5689,3362,74135,464,55124,3430,129259,California
Stanislaus,2021-03-21,981,180733,881,90412,35,84567,65,5754,746,74713,233,55357,811,130070,California
Stanislaus,2021-03-22,2805,183538,1318,91730,763,85330,724,6478,1242,75131,1547,56904,1965,132035,California
Stanislaus,2021-03-23,3935,187473,2013,93743,1662,86992,260,6738,2812,77114,1106,58010,3089,135124,California
Stanislaus,2021-03-24,4529,192002,3209,96952,1251,88243,69,6807,2634,77967,1853,59863,2706,137830,California
Stanislaus,2021-03-25,4227,196229,2904,99856,1307,89550,16,6823,1813,77458,2338,62201,1829,139659,California
Stanislaus,2021-03-26,4712,200941,1332,101188,3305,92855,75,6898,2371,77610,2307,64508,2459,142118,California
Stanislaus,2021-03-27,4327,205268,2710,103898,1581,94436,36,6934,1376,76094,2935,67443,1419,143537,California
Stanislaus,2021-03-28,1100,206368,437,104335,556,94992,107,7041,320,75757,769,68212,432,143969,California
Stanislaus,2021-03-29,2971,209339,1821,106156,1111,96103,39,7080,1983,76807,978,69190,2028,145997,California
Stanislaus,2021-03-30,3660,212999,2049,108205,1584,97687,27,7107,2231,77650,1421,70611,2264,148261,California
Stanislaus,2021-03-31,5393,218392,3824,112029,1450,99137,119,7226,2767,77929,2610,73221,2889,151150,California
Stanislaus,2021-04-01,5714,224106,3822,115851,1803,100940,89,7315,2624,77576,3076,76297,2723,153873,California
Stanislaus,2021-04-02,4983,229089,1210,117061,3621,104561,152,7467,2236,77311,2664,78961,2399,156272,California
Stanislaus,2021-04-03,4540,233629,3300,120361,1203,105764,37,7504,2239,77306,2292,81253,2287,158559,California
Stanislaus,2021-04-04,1316,234945,472,120833,814,106578,30,7534,653,77335,658,81911,687,159246,California
Stanislaus,2021-04-05,3614,238559,2524,123357,840,107418,250,7784,2349,78680,1257,83168,2602,161848,California
Stanislaus,2021-04-06,5719,244278,4154,127511,1292,108710,273,8057,3068,79389,2638,85806,3347,165195,California
Stanislaus,2021-04-07,6331,250609,3590,131101,2322,111032,419,8476,2826,79150,3490,89296,3251,168446,California
Stanislaus,2021-04-08,5656,256265,3311,134412,1914,112946,431,8907,2754,79456,2884,92180,3190,171636,California
Stanislaus,2021-04-09,4804,261069,2100,136512,2336,115282,368,9275,2181,79415,2602,94782,2561,174197,California
Stanislaus,2021-04-10,6468,267537,3979,140491,856,116138,1633,10908,1996,78586,4452,99234,3623,177820,California
Stanislaus,2021-04-11,1518,269055,849,141340,536,116674,133,11041,664,78532,852,100086,798,178618,California
Stanislaus,2021-04-12,3579,272634,2036,143376,1099,117773,444,11485,1869,79154,1698,101784,2320,180938,California
Stanislaus,2021-04-13,5180,277814,3409,146785,1758,119531,13,11498,2917,79847,2230,104014,2923,183861,California
Stanislaus,2021-04-14,4632,282446,3244,150029,1387,120918,1,11499,2247,79744,2355,106369,2252,186113,California
Stanislaus,2021-04-15,5366,287812,3304,153333,2060,122978,2,11501,3233,80883,2098,108467,3237,189350,California
Stanislaus,2021-04-16,4266,292078,977,154310,3288,126266,1,11502,1805,80268,2422,110889,1807,191157,California
Stanislaus,2021-04-17,3125,295203,2092,156402,1033,127299,0,11502,1825,80808,1289,112178,1829,192986,California
Stanislaus,2021-04-18,522,295725,209,156611,313,127612,0,11502,402,81098,114,112292,404,193390,California
Stanislaus,2021-04-19,3446,299171,2445,159056,1001,128613,0,11502,1637,80964,1779,114071,1645,195035,California
Stanislaus,2021-04-20,3958,303129,2402,161458,1556,130169,0,11502,1732,80499,2199,116270,1734,196769,California
Stanislaus,2021-04-21,3772,306901,2510,163968,1261,131430,1,11503,1596,79959,2143,118413,1603,198372,California
Stanislaus,2021-04-22,3933,310834,2394,166362,1539,132969,0,11503,1575,79224,2315,120728,1580,199952,California
Stanislaus,2021-04-23,3586,314420,842,167204,2744,135713,0,11503,1475,78687,2019,122747,1482,201434,California
Stanislaus,2021-04-24,3720,318140,2918,170122,802,136515,0,11503,1733,78455,1972,124719,1740,203174,California
Stanislaus,2021-04-25,931,319071,478,170600,453,136968,0,11503,681,78896,245,124964,686,203860,California
Stanislaus,2021-04-26,3163,322234,2226,172826,931,137899,6,11509,922,77605,2226,127190,935,204795,California
Stanislaus,2021-04-27,3795,326029,2658,175484,1095,138994,42,11551,1060,75991,2717,129907,1103,205898,California
Stanislaus,2021-04-28,4117,330146,2900,178384,1156,140150,61,11612,1804,75570,2298,132205,1877,207775,California
Stanislaus,2021-04-29,3556,333702,2213,180597,1295,141445,48,11660,1395,74875,2147,134352,1452,209227,California
Stanislaus,2021-04-30,4451,338153,2035,182632,2349,143794,67,11727,1769,74047,2672,137024,1844,211071,California
Stanislaus,2021-05-01,2694,340847,1919,184551,736,144530,39,11766,1006,73420,1680,138704,1053,212124,California
Stanislaus,2021-05-02,1063,341910,606,185157,421,144951,36,11802,514,73431,544,139248,555,212679,California
Stanislaus,2021-05-03,2372,344282,1892,187049,413,145364,67,11869,892,72932,1470,140718,971,213650,California
Stanislaus,2021-05-04,3402,347684,2433,189482,887,146251,82,11951,1013,71656,2380,143098,1104,214754,California
Stanislaus,2021-05-05,3105,350789,2102,191584,930,147181,73,12024,1043,70730,2046,145144,1120,215874,California
Stanislaus,2021-05-06,3060,353849,2280,193864,671,147852,109,12133,1000,69798,2047,147191,1115,216989,California
Stanislaus,2021-05-07,2163,356012,848,194712,1179,149031,136,12269,861,69502,1294,148485,998,217987,California
Stanislaus,2021-05-08,1923,357935,1316,196028,573,149604,34,12303,690,69008,1222,149707,728,218715,California
Stanislaus,2021-05-09,695,358630,335,196363,332,149936,28,12331,299,68944,395,150102,331,219046,California
Stanislaus,2021-05-10,1285,359915,934,197297,311,150247,40,12371,280,68269,997,151099,322,219368,California
Sutter,2020-12-15,1,1,1,1,0,0,0,0,1,1,0,0,1,1,California
Sutter,2020-12-16,4,5,4,5,0,0,0,0,4,5,0,0,4,5,California
Sutter,2020-12-17,2,7,2,7,0,0,0,0,2,7,0,0,2,7,California
Sutter,2020-12-18,20,27,20,27,0,0,0,0,20,27,0,0,20,27,California
Sutter,2020-12-19,44,71,44,71,0,0,0,0,44,71,0,0,44,71,California
Sutter,2020-12-20,42,113,42,113,0,0,0,0,42,113,0,0,42,113,California
Sutter,2020-12-21,100,213,100,213,0,0,0,0,100,213,0,0,100,213,California
Sutter,2020-12-22,172,385,172,385,0,0,0,0,172,385,0,0,172,385,California
Sutter,2020-12-23,116,501,111,496,5,5,0,0,116,501,0,0,116,501,California
Sutter,2020-12-24,17,518,11,507,6,11,0,0,17,518,0,0,17,518,California
Sutter,2020-12-26,38,556,34,541,4,15,0,0,38,556,0,0,38,556,California
Sutter,2020-12-27,24,580,23,564,1,16,0,0,24,580,0,0,24,580,California
Sutter,2020-12-28,83,663,55,619,28,44,0,0,83,663,0,0,83,663,California
Sutter,2020-12-29,101,764,14,633,87,131,0,0,101,764,0,0,101,764,California
Sutter,2020-12-30,137,901,34,667,103,234,0,0,137,901,0,0,137,901,California
Sutter,2020-12-31,70,971,6,673,64,298,0,0,70,971,0,0,70,971,California
Sutter,2021-01-01,3,974,3,676,0,298,0,0,3,974,0,0,3,974,California
Sutter,2021-01-02,133,1107,131,807,2,300,0,0,133,1107,0,0,133,1107,California
Sutter,2021-01-03,1,1108,0,807,1,301,0,0,1,1108,0,0,1,1108,California
Sutter,2021-01-04,247,1355,139,946,108,409,0,0,247,1355,0,0,247,1355,California
Sutter,2021-01-05,100,1455,57,1003,43,452,0,0,98,1451,2,2,98,1453,California
Sutter,2021-01-06,204,1659,50,1053,154,606,0,0,199,1645,5,7,199,1652,California
Sutter,2021-01-07,251,1910,151,1204,100,706,0,0,242,1879,8,15,242,1894,California
Sutter,2021-01-08,147,2057,40,1244,107,813,0,0,130,1992,17,32,130,2024,California
Sutter,2021-01-09,46,2103,43,1287,3,816,0,0,5,1956,41,73,5,2029,California
Sutter,2021-01-10,397,2500,37,1324,360,1176,0,0,359,2278,37,110,359,2388,California
Sutter,2021-01-11,132,2632,114,1438,18,1194,0,0,26,2198,106,216,26,2414,California
Sutter,2021-01-12,201,2833,164,1602,37,1231,0,0,58,2113,143,359,58,2472,California
Sutter,2021-01-13,161,2994,98,1700,63,1294,0,0,71,2095,89,448,71,2543,California
Sutter,2021-01-14,145,3139,49,1749,96,1390,0,0,126,2202,19,467,126,2669,California
Sutter,2021-01-15,436,3575,132,1881,304,1694,0,0,421,2608,15,482,421,3090,California
Sutter,2021-01-16,384,3959,41,1922,343,2037,0,0,353,2931,30,512,353,3443,California
Sutter,2021-01-17,26,3985,24,1946,2,2039,0,0,10,2925,16,528,10,3453,California
Sutter,2021-01-18,116,4101,61,2007,55,2094,0,0,69,2947,47,575,69,3522,California
Sutter,2021-01-19,104,4205,43,2050,61,2155,0,0,79,3001,25,600,79,3601,California
Sutter,2021-01-20,255,4460,190,2240,65,2220,0,0,235,3216,20,620,235,3836,California
Sutter,2021-01-21,472,4932,303,2543,169,2389,0,0,453,3650,19,639,453,4289,California
Sutter,2021-01-22,269,5201,81,2624,188,2577,0,0,260,3901,9,648,260,4549,California
Sutter,2021-01-23,397,5598,40,2664,357,2934,0,0,370,4244,27,675,370,4919,California
Sutter,2021-01-24,17,5615,14,2678,3,2937,0,0,15,4257,2,677,15,4934,California
Sutter,2021-01-25,307,5922,197,2875,110,3047,0,0,152,4255,154,831,152,5086,California
Sutter,2021-01-26,243,6165,103,2978,140,3187,0,0,143,4299,99,930,143,5229,California
Sutter,2021-01-27,386,6551,255,3233,131,3318,0,0,320,4553,66,996,320,5549,California
Sutter,2021-01-28,525,7076,301,3534,224,3542,0,0,395,4819,129,1125,395,5944,California
Sutter,2021-01-29,419,7495,146,3680,273,3815,0,0,254,4908,165,1290,254,6198,California
Sutter,2021-01-30,775,8270,38,3718,737,4552,0,0,764,5661,11,1301,764,6962,California
Sutter,2021-01-31,27,8297,27,3745,0,4552,0,0,27,5688,0,1301,27,6989,California
Sutter,2021-02-01,165,8462,49,3794,116,4668,0,0,134,5791,31,1332,134,7123,California
Sutter,2021-02-02,244,8706,27,3821,217,4885,0,0,212,5971,32,1364,212,7335,California
Sutter,2021-02-03,442,9148,38,3859,404,5289,0,0,209,5947,233,1597,209,7544,California
Sutter,2021-02-04,670,9818,366,4225,304,5593,0,0,620,6517,50,1647,620,8164,California
Sutter,2021-02-05,285,10103,32,4257,253,5846,0,0,136,6504,149,1796,136,8300,California
Sutter,2021-02-06,735,10838,29,4286,706,6552,0,0,713,7195,22,1818,713,9013,California
Sutter,2021-02-07,23,10861,20,4306,3,6555,0,0,19,7210,4,1822,19,9032,California
Sutter,2021-02-08,134,10995,29,4335,105,6660,0,0,98,7272,36,1858,98,9130,California
Sutter,2021-02-09,245,11240,45,4380,200,6860,0,0,184,7395,61,1919,184,9314,California
Sutter,2021-02-10,818,12058,379,4759,439,7299,0,0,177,6932,640,2559,177,9491,California
Sutter,2021-02-11,603,12661,275,5034,328,7627,0,0,345,7019,258,2817,345,9836,California
Sutter,2021-02-12,633,13294,67,5101,566,8193,0,0,310,7007,322,3139,310,10146,California
Sutter,2021-02-13,898,14192,49,5150,849,9042,0,0,781,7671,117,3256,781,10927,California
Sutter,2021-02-14,90,14282,25,5175,65,9107,0,0,80,7741,10,3266,80,11007,California
Sutter,2021-02-15,198,14480,73,5248,125,9232,0,0,119,7781,79,3345,119,11126,California
Sutter,2021-02-16,289,14769,45,5293,244,9476,0,0,205,7903,83,3428,205,11331,California
Sutter,2021-02-17,823,15592,428,5721,395,9871,0,0,129,7338,694,4122,129,11460,California
Sutter,2021-02-18,700,16292,55,5776,645,10516,0,0,489,7617,210,4332,489,11949,California
Sutter,2021-02-19,665,16957,378,6154,287,10803,0,0,463,7880,200,4532,463,12412,California
Sutter,2021-02-20,618,17575,51,6205,567,11370,0,0,515,8293,102,4634,515,12927,California
Sutter,2021-02-21,29,17604,26,6231,3,11373,0,0,6,8276,23,4657,6,12933,California
Sutter,2021-02-22,207,17811,122,6353,85,11458,0,0,87,8243,120,4777,87,13020,California
Sutter,2021-02-23,223,18034,33,6386,190,11648,0,0,97,8214,126,4903,97,13117,California
Sutter,2021-02-24,959,18993,349,6735,610,12258,0,0,190,7636,768,5671,190,13307,California
Sutter,2021-02-25,779,19772,492,7227,287,12545,0,0,598,8056,178,5849,598,13905,California
Sutter,2021-02-26,368,20140,59,7286,309,12854,0,0,152,7994,214,6063,152,14057,California
Sutter,2021-02-27,865,21005,44,7330,821,13675,0,0,710,8547,157,6220,710,14767,California
Sutter,2021-02-28,83,21088,38,7368,45,13720,0,0,64,8593,18,6238,64,14831,California
Sutter,2021-03-01,247,21335,61,7429,186,13906,0,0,150,8646,97,6335,150,14981,California
Sutter,2021-03-02,334,21669,57,7486,277,14183,0,0,160,8633,173,6508,160,15141,California
Sutter,2021-03-03,1384,23053,514,8000,870,15053,0,0,647,8549,731,7239,647,15788,California
Sutter,2021-03-04,1256,24309,867,8867,389,15442,0,0,950,9197,302,7541,950,16738,California
Sutter,2021-03-05,336,24645,76,8943,259,15701,1,1,203,9269,132,7673,204,16942,California
Sutter,2021-03-06,1022,25667,46,8989,971,16672,5,6,860,9972,162,7835,865,17807,California
Sutter,2021-03-07,64,25731,23,9012,40,16712,1,7,44,9997,20,7855,45,17852,California
Sutter,2021-03-08,226,25957,79,9091,135,16847,12,19,158,10099,68,7923,170,18022,California
Sutter,2021-03-09,386,26343,136,9227,237,17084,13,32,183,10093,202,8125,196,18218,California
Sutter,2021-03-10,1571,27914,683,9910,827,17911,61,93,527,9640,1041,9166,588,18806,California
Sutter,2021-03-11,890,28804,438,10348,433,18344,19,112,646,10064,241,9407,665,19471,California
Sutter,2021-03-12,672,29476,110,10458,380,18724,182,294,198,9971,471,9878,378,19849,California
Sutter,2021-03-13,981,30457,747,11205,217,18941,17,311,781,10571,198,10076,798,20647,California
Sutter,2021-03-14,128,30585,21,11226,96,19037,11,322,43,10540,85,10161,54,20701,California
Sutter,2021-03-15,318,30903,66,11292,203,19240,49,371,151,10574,166,10327,200,20901,California
Sutter,2021-03-16,388,31291,86,11378,255,19495,47,418,210,10652,178,10505,256,21157,California
Sutter,2021-03-17,1497,32788,565,11943,913,20408,19,437,310,9802,1179,11684,329,21486,California
Sutter,2021-03-18,955,33743,168,12111,587,20995,200,637,564,10175,390,12074,763,22249,California
Sutter,2021-03-19,462,34205,164,12275,269,21264,29,666,283,10310,177,12251,312,22561,California
Sutter,2021-03-20,951,35156,116,12391,824,22088,11,677,863,11096,88,12339,874,23435,California
Sutter,2021-03-21,67,35223,47,12438,17,22105,3,680,37,11106,30,12369,40,23475,California
Sutter,2021-03-22,287,35510,120,12558,141,22246,26,706,212,11270,74,12443,238,23713,California
Sutter,2021-03-23,376,35886,116,12674,228,22474,32,738,254,11434,122,12565,286,23999,California
Sutter,2021-03-24,1684,37570,773,13447,841,23315,70,808,317,10468,1353,13918,387,24386,California
Sutter,2021-03-25,1035,38605,676,14123,318,23633,41,849,366,10208,667,14585,407,24793,California
Sutter,2021-03-26,482,39087,171,14294,294,23927,17,866,292,10330,187,14772,309,25102,California
Sutter,2021-03-27,932,40019,63,14357,867,24794,2,868,824,11051,105,14877,826,25928,California
Sutter,2021-03-28,125,40144,71,14428,54,24848,0,868,78,11084,45,14922,78,26006,California
Sutter,2021-03-29,427,40571,144,14572,228,25076,55,923,226,11166,199,15121,281,26287,California
Sutter,2021-03-30,475,41046,158,14730,307,25383,10,933,316,11333,159,15280,326,26613,California
Sutter,2021-03-31,1244,42290,175,14905,1053,26436,16,949,444,11002,790,16070,459,27072,California
Sutter,2021-04-01,1369,43659,727,15632,455,26891,187,1136,414,10654,948,17018,600,27672,California
Sutter,2021-04-02,513,44172,99,15731,296,27187,118,1254,201,10659,311,17329,316,27988,California
Sutter,2021-04-03,909,45081,77,15808,209,27396,623,1877,120,10615,787,18116,743,28731,California
Sutter,2021-04-04,117,45198,22,15830,89,27485,6,1883,54,10612,63,18179,60,28791,California
Sutter,2021-04-05,368,45566,146,15976,186,27671,36,1919,177,10637,188,18367,213,29004,California
Sutter,2021-04-06,508,46074,196,16172,256,27927,56,1975,272,10730,235,18602,328,29332,California
Sutter,2021-04-07,1464,47538,863,17035,526,28453,75,2050,602,10551,856,19458,677,30009,California
Sutter,2021-04-08,1024,48562,575,17610,340,28793,109,2159,561,10761,458,19916,668,30677,California
Sutter,2021-04-09,556,49118,244,17854,249,29042,63,2222,234,10738,320,20236,297,30974,California
Sutter,2021-04-10,817,49935,105,17959,88,29130,624,2846,104,10749,711,20947,722,31696,California
Sutter,2021-04-11,109,50044,27,17986,40,29170,42,2888,31,10744,78,21025,73,31769,California
Sutter,2021-04-12,337,50381,91,18077,192,29362,54,2942,137,10735,200,21225,191,31960,California
Sutter,2021-04-13,428,50809,125,18202,303,29665,0,2942,213,10735,213,21438,213,32173,California
Sutter,2021-04-14,1292,52101,160,18362,1131,30796,1,2943,213,9876,1073,22511,214,32387,California
Sutter,2021-04-15,532,52633,171,18533,361,31157,0,2943,214,9774,316,22827,214,32601,California
Sutter,2021-04-16,390,53023,119,18652,271,31428,0,2943,179,9743,210,23037,179,32780,California
Sutter,2021-04-17,571,53594,81,18733,490,31918,0,2943,500,10174,69,23106,500,33280,California
Sutter,2021-04-18,67,53661,8,18741,59,31977,0,2943,42,10192,24,23130,42,33322,California
Sutter,2021-04-19,289,53950,110,18851,179,32156,0,2943,121,10147,166,23296,121,33443,California
Sutter,2021-04-20,391,54341,136,18987,255,32411,0,2943,202,10161,188,23484,202,33645,California
Sutter,2021-04-21,1237,55578,423,19410,814,33225,0,2943,478,9889,750,24234,478,34123,California
Sutter,2021-04-22,466,56044,158,19568,308,33533,0,2943,245,9914,220,24454,245,34368,California
Sutter,2021-04-23,393,56437,111,19679,282,33815,0,2943,186,9894,206,24660,186,34554,California
Sutter,2021-04-24,324,56761,105,19784,219,34034,0,2943,185,9941,138,24798,185,34739,California
Sutter,2021-04-25,157,56918,75,19859,82,34116,0,2943,86,9959,68,24866,86,34825,California
Sutter,2021-04-26,259,57177,60,19919,197,34313,2,2945,114,9932,143,25009,116,34941,California
Sutter,2021-04-27,487,57664,228,20147,255,34568,4,2949,225,9902,259,25268,229,35170,California
Sutter,2021-04-28,817,58481,342,20489,467,35035,8,2957,260,9618,552,25820,268,35438,California
Sutter,2021-04-29,773,59254,134,20623,638,35673,1,2958,308,9465,462,26282,309,35747,California
Sutter,2021-04-30,353,59607,106,20729,234,35907,13,2971,143,9413,207,26489,155,35902,California
Sutter,2021-05-01,294,59901,105,20834,148,36055,41,3012,125,9413,166,26655,166,36068,California
Sutter,2021-05-02,78,59979,51,20885,25,36080,2,3014,45,9427,33,26688,47,36115,California
Sutter,2021-05-03,169,60148,106,20991,53,36133,10,3024,69,9406,100,26788,79,36194,California
Sutter,2021-05-04,485,60633,233,21224,189,36322,63,3087,208,9402,274,27062,270,36464,California
Sutter,2021-05-05,527,61160,137,21361,382,36704,8,3095,154,9197,367,27429,162,36626,California
Sutter,2021-05-06,364,61524,227,21588,116,36820,21,3116,160,9174,204,27633,181,36807,California
Sutter,2021-05-07,403,61927,146,21734,234,37054,23,3139,147,9091,253,27886,170,36977,California
Sutter,2021-05-08,201,62128,45,21779,149,37203,7,3146,107,9112,93,27979,114,37091,California
Sutter,2021-05-09,80,62208,52,21831,23,37226,5,3151,56,9149,24,28003,61,37152,California
Sutter,2021-05-10,118,62326,9,21840,101,37327,8,3159,33,9107,83,28086,41,37193,California
Tehama,2020-12-15,1,1,1,1,0,0,0,0,1,1,0,0,1,1,California
Tehama,2020-12-16,2,3,2,3,0,0,0,0,2,3,0,0,2,3,California
Tehama,2020-12-17,12,15,12,15,0,0,0,0,12,15,0,0,12,15,California
Tehama,2020-12-18,2,17,2,17,0,0,0,0,3,18,0,0,3,18,California
Tehama,2020-12-21,33,50,33,50,0,0,0,0,33,51,0,0,33,51,California
Tehama,2020-12-22,68,118,62,112,6,6,0,0,68,119,0,0,68,119,California
Tehama,2020-12-23,48,166,40,152,8,14,0,0,48,167,0,0,48,167,California
Tehama,2020-12-24,5,171,3,155,2,16,0,0,5,172,0,0,5,172,California
Tehama,2020-12-26,3,174,2,157,1,17,0,0,3,175,0,0,3,175,California
Tehama,2020-12-27,2,176,2,159,0,17,0,0,2,177,0,0,2,177,California
Tehama,2020-12-28,56,232,43,202,13,30,0,0,56,233,0,0,56,233,California
Tehama,2020-12-29,31,263,31,233,0,30,0,0,31,264,0,0,31,264,California
Tehama,2020-12-30,54,317,38,271,16,46,0,0,53,317,0,0,53,317,California
Tehama,2020-12-31,14,331,4,275,10,56,0,0,14,331,0,0,14,331,California
Tehama,2021-01-01,2,333,0,275,2,58,0,0,2,333,0,0,2,333,California
Tehama,2021-01-04,32,365,9,284,23,81,0,0,32,365,0,0,32,365,California
Tehama,2021-01-05,70,435,43,327,27,108,0,0,67,429,3,3,67,432,California
Tehama,2021-01-06,71,506,21,348,50,158,0,0,62,483,8,11,62,494,California
Tehama,2021-01-07,57,563,7,355,50,208,0,0,56,538,1,12,56,550,California
Tehama,2021-01-08,33,596,24,379,9,217,0,0,28,561,5,17,28,578,California
Tehama,2021-01-09,7,603,5,384,2,219,0,0,5,564,2,19,5,583,California
Tehama,2021-01-10,1,604,0,384,1,220,0,0,1,565,0,19,1,584,California
Tehama,2021-01-11,48,652,46,430,2,222,0,0,15,547,33,52,15,599,California
Tehama,2021-01-12,116,768,96,526,20,242,0,0,71,573,45,97,71,670,California
Tehama,2021-01-13,73,841,55,581,18,260,0,0,27,554,46,143,27,697,California
Tehama,2021-01-14,225,1066,50,631,175,435,0,0,223,775,2,145,223,920,California
Tehama,2021-01-15,247,1313,74,705,173,608,0,0,243,1014,4,149,243,1163,California
Tehama,2021-01-16,272,1585,27,732,245,853,0,0,269,1280,3,152,269,1432,California
Tehama,2021-01-17,13,1598,9,741,4,857,0,0,11,1289,2,154,11,1443,California
Tehama,2021-01-18,10,1608,6,747,4,861,0,0,5,1289,5,159,5,1448,California
Tehama,2021-01-19,288,1896,62,809,226,1087,0,0,233,1467,55,214,233,1681,California
Tehama,2021-01-20,301,2197,87,896,214,1301,0,0,251,1669,49,263,251,1932,California
Tehama,2021-01-21,214,2411,11,907,203,1504,0,0,204,1863,10,273,204,2136,California
Tehama,2021-01-22,223,2634,21,928,202,1706,0,0,220,2080,3,276,220,2356,California
Tehama,2021-01-23,261,2895,10,938,251,1957,0,0,260,2339,1,277,260,2616,California
Tehama,2021-01-25,32,2927,14,952,18,1975,0,0,14,2335,18,295,14,2630,California
Tehama,2021-01-26,323,3250,42,994,281,2256,0,0,286,2584,37,332,286,2916,California
Tehama,2021-01-27,299,3549,21,1015,278,2534,0,0,279,2843,20,352,279,3195,California
Tehama,2021-01-28,340,3889,29,1044,311,2845,0,0,325,3153,15,367,325,3520,California
Tehama,2021-01-29,321,4210,19,1063,302,3147,0,0,304,3440,17,384,304,3824,California
Tehama,2021-01-30,103,4313,2,1065,101,3248,0,0,102,3541,1,385,102,3926,California
Tehama,2021-01-31,1,4314,0,1065,1,3249,0,0,1,3542,0,385,1,3927,California
Tehama,2021-02-01,78,4392,22,1087,56,3305,0,0,36,3536,42,427,36,3963,California
Tehama,2021-02-02,346,4738,63,1150,283,3588,0,0,249,3691,94,521,249,4212,California
Tehama,2021-02-03,382,5120,12,1162,370,3958,0,0,338,3985,44,565,338,4550,California
Tehama,2021-02-04,474,5594,98,1260,376,4334,0,0,395,4302,79,644,396,4946,California
Tehama,2021-02-05,173,5767,73,1333,100,4434,0,0,111,4351,62,706,111,5057,California
Tehama,2021-02-06,28,5795,13,1346,15,4449,0,0,16,4355,12,718,16,5073,California
Tehama,2021-02-07,5,5800,4,1350,1,4450,0,0,2,4354,3,721,2,5075,California
Tehama,2021-02-08,36,5836,14,1364,22,4472,0,0,27,4372,9,730,27,5102,California
Tehama,2021-02-09,78,5914,34,1398,44,4516,0,0,44,4382,34,764,44,5146,California
Tehama,2021-02-10,233,6147,62,1460,171,4687,0,0,157,4463,76,840,157,5303,California
Tehama,2021-02-11,222,6369,16,1476,206,4893,0,0,82,4407,138,978,82,5385,California
Tehama,2021-02-12,364,6733,65,1541,299,5192,0,0,174,4391,190,1168,174,5559,California
Tehama,2021-02-13,386,7119,13,1554,373,5565,0,0,147,4299,239,1407,147,5706,California
Tehama,2021-02-14,33,7152,0,1554,33,5598,0,0,32,4330,1,1408,32,5738,California
Tehama,2021-02-15,51,7203,9,1563,42,5640,0,0,45,4369,6,1414,45,5783,California
Tehama,2021-02-16,242,7445,16,1579,226,5866,0,0,60,4247,182,1596,60,5843,California
Tehama,2021-02-17,280,7725,12,1591,268,6134,0,0,54,4075,226,1822,54,5897,California
Tehama,2021-02-18,368,8093,32,1623,336,6470,0,0,144,3995,224,2046,144,6041,California
Tehama,2021-02-19,213,8306,18,1641,195,6665,0,0,42,3866,171,2217,42,6083,California
Tehama,2021-02-20,271,8577,6,1647,265,6930,0,0,26,3647,245,2462,26,6109,California
Tehama,2021-02-22,37,8614,13,1660,24,6954,0,0,24,3658,13,2475,24,6133,California
Tehama,2021-02-23,46,8660,19,1679,27,6981,0,0,26,3664,20,2495,26,6159,California
Tehama,2021-02-24,298,8958,12,1691,286,7267,0,0,26,3418,272,2767,26,6185,California
Tehama,2021-02-25,377,9335,61,1752,316,7583,0,0,38,3117,339,3106,38,6223,California
Tehama,2021-02-26,455,9790,19,1771,436,8019,0,0,70,2802,385,3491,70,6293,California
Tehama,2021-02-27,294,10084,5,1776,289,8308,0,0,34,2576,260,3751,34,6327,California
Tehama,2021-02-28,23,10107,2,1778,21,8329,0,0,20,2593,3,3754,20,6347,California
Tehama,2021-03-01,65,10172,8,1786,57,8386,0,0,31,2590,34,3788,31,6378,California
Tehama,2021-03-02,129,10301,18,1804,111,8497,0,0,30,2521,99,3887,30,6408,California
Tehama,2021-03-03,141,10442,33,1837,108,8605,0,0,47,2474,94,3981,47,6455,California
Tehama,2021-03-04,619,11061,36,1873,583,9188,0,0,222,2306,390,4371,222,6677,California
Tehama,2021-03-05,395,11456,18,1891,377,9565,0,0,215,2342,179,4550,215,6892,California
Tehama,2021-03-06,299,11755,17,1908,282,9847,0,0,81,2207,217,4767,82,6974,California
Tehama,2021-03-07,5,11760,1,1909,4,9851,0,0,3,2209,1,4768,3,6977,California
Tehama,2021-03-08,58,11818,12,1921,31,9882,15,15,27,2221,30,4798,42,7019,California
Tehama,2021-03-09,364,12182,8,1929,337,10219,19,34,309,2494,55,4853,328,7347,California
Tehama,2021-03-10,351,12533,12,1941,318,10537,21,55,69,2303,281,5134,90,7437,California
Tehama,2021-03-11,486,13019,17,1958,423,10960,46,101,343,2549,143,5277,389,7826,California
Tehama,2021-03-12,304,13323,19,1977,220,11180,65,166,179,2668,125,5402,244,8070,California
Tehama,2021-03-13,45,13368,8,1985,31,11211,6,172,6,2641,39,5441,12,8082,California
Tehama,2021-03-14,51,13419,3,1988,37,11248,11,183,10,2621,41,5482,21,8103,California
Tehama,2021-03-15,151,13570,21,2009,110,11358,20,203,84,2658,67,5549,104,8207,California
Tehama,2021-03-16,412,13982,14,2023,360,11718,38,241,311,2907,100,5649,349,8556,California
Tehama,2021-03-17,422,14404,22,2045,368,12086,32,273,337,3193,83,5732,369,8925,California
Tehama,2021-03-18,489,14893,26,2071,439,12525,24,297,310,3350,177,5909,334,9259,California
Tehama,2021-03-19,316,15209,23,2094,280,12805,13,310,274,3595,42,5951,287,9546,California
Tehama,2021-03-20,40,15249,8,2102,30,12835,2,312,28,3613,12,5963,30,9576,California
Tehama,2021-03-21,12,15261,5,2107,7,12842,0,312,12,3625,0,5963,12,9588,California
Tehama,2021-03-22,90,15351,7,2114,66,12908,17,329,49,3650,41,6004,66,9654,California
Tehama,2021-03-23,87,15438,26,2140,54,12962,7,336,68,3706,19,6023,75,9729,California
Tehama,2021-03-24,86,15524,16,2156,68,13030,2,338,55,3732,31,6054,57,9786,California
Tehama,2021-03-25,517,16041,353,2509,151,13181,13,351,468,4165,48,6102,481,10267,California
Tehama,2021-03-26,481,16522,374,2883,95,13276,12,363,406,4508,75,6177,418,10685,California
Tehama,2021-03-27,451,16973,359,3242,67,13343,25,388,384,4851,66,6243,409,11094,California
Tehama,2021-03-28,34,17007,13,3255,21,13364,0,388,22,4861,12,6255,22,11116,California
Tehama,2021-03-29,122,17129,31,3286,90,13454,1,389,78,4895,44,6299,78,11194,California
Tehama,2021-03-30,373,17502,222,3508,149,13603,2,391,255,5034,118,6417,257,11451,California
Tehama,2021-03-31,382,17884,281,3789,98,13701,3,394,310,5275,71,6488,312,11763,California
Tehama,2021-04-01,525,18409,246,4035,273,13974,6,400,392,5540,133,6621,398,12161,California
Tehama,2021-04-02,453,18862,214,4249,233,14207,6,406,268,5629,184,6805,273,12434,California
Tehama,2021-04-03,61,18923,3,4252,53,14260,5,411,30,5633,31,6836,35,12469,California
Tehama,2021-04-04,34,18957,6,4258,27,14287,1,412,22,5644,12,6848,23,12492,California
Tehama,2021-04-05,114,19071,20,4278,68,14355,26,438,59,5674,55,6903,85,12577,California
Tehama,2021-04-06,490,19561,110,4388,329,14684,51,489,140,5515,350,7253,191,12768,California
Tehama,2021-04-07,419,19980,282,4670,93,14777,44,533,304,5748,114,7367,347,13115,California
Tehama,2021-04-08,600,20580,174,4844,388,15165,38,571,229,5645,370,7737,267,13382,California
Tehama,2021-04-09,429,21009,192,5036,204,15369,33,604,214,5679,213,7950,247,13629,California
Tehama,2021-04-10,72,21081,9,5045,37,15406,26,630,39,5711,33,7983,65,13694,California
Tehama,2021-04-11,33,21114,7,5052,15,15421,11,641,8,5705,25,8008,19,13713,California
Tehama,2021-04-12,113,21227,6,5058,88,15509,19,660,43,5697,70,8078,62,13775,California
Tehama,2021-04-13,310,21537,59,5117,251,15760,0,660,64,5516,246,8324,65,13840,California
Tehama,2021-04-14,466,22003,49,5166,417,16177,0,660,51,5153,414,8738,51,13891,California
Tehama,2021-04-15,495,22498,191,5357,304,16481,0,660,84,4826,411,9149,84,13975,California
Tehama,2021-04-16,585,23083,333,5690,252,16733,0,660,93,4427,492,9641,93,14068,California
Tehama,2021-04-17,347,23430,268,5958,79,16812,0,660,41,4164,305,9946,42,14110,California
Tehama,2021-04-18,16,23446,2,5960,14,16826,0,660,12,4172,4,9950,12,14122,California
Tehama,2021-04-19,93,23539,7,5967,86,16912,0,660,40,4159,53,10003,40,14162,California
Tehama,2021-04-20,500,24039,412,6379,88,17000,0,660,147,3957,351,10354,149,14311,California
Tehama,2021-04-21,518,24557,444,6823,74,17074,0,660,185,3809,333,10687,185,14496,California
Tehama,2021-04-22,514,25071,363,7186,151,17225,0,660,150,3596,363,11050,150,14646,California
Tehama,2021-04-23,445,25516,347,7533,98,17323,0,660,204,3560,241,11291,205,14851,California
Tehama,2021-04-24,104,25620,18,7551,86,17409,0,660,30,3516,74,11365,30,14881,California
Tehama,2021-04-25,29,25649,18,7569,11,17420,0,660,11,3509,18,11383,11,14892,California
Tehama,2021-04-26,72,25721,7,7576,65,17485,0,660,42,3522,29,11412,42,14934,California
Tehama,2021-04-27,248,25969,203,7779,45,17530,0,660,91,3456,157,11569,91,15025,California
Tehama,2021-04-28,395,26364,318,8097,60,17590,17,677,65,3208,330,11899,82,15107,California
Tehama,2021-04-29,350,26714,171,8268,174,17764,5,682,67,2998,282,12181,72,15179,California
Tehama,2021-04-30,323,27037,239,8507,78,17842,6,688,112,2905,211,12392,118,15297,California
Tehama,2021-05-01,72,27109,4,8511,65,17907,3,691,14,2864,58,12450,17,15314,California
Tehama,2021-05-02,46,27155,24,8535,10,17917,12,703,26,2882,20,12470,38,15352,California
Tehama,2021-05-03,115,27270,39,8574,68,17985,8,711,62,2899,53,12523,70,15422,California
Tehama,2021-05-04,152,27422,53,8627,92,18077,7,718,65,2884,87,12610,72,15494,California
Tehama,2021-05-05,89,27511,22,8649,56,18133,11,729,40,2886,49,12659,51,15545,California
Tehama,2021-05-06,163,27674,88,8737,57,18190,18,747,96,2933,67,12726,114,15659,California
Tehama,2021-05-07,160,27834,68,8805,82,18272,10,757,43,2872,114,12840,53,15712,California
Tehama,2021-05-08,47,27881,6,8811,40,18312,1,758,11,2848,36,12876,12,15724,California
Tehama,2021-05-09,16,27897,3,8814,12,18324,1,759,6,2845,10,12886,7,15731,California
Tehama,2021-05-10,58,27955,5,8819,48,18372,5,764,29,2850,29,12915,34,15765,California
Trinity,2020-12-17,4,4,4,4,0,0,0,0,4,4,0,0,4,4,California
Trinity,2020-12-18,2,6,2,6,0,0,0,0,2,6,0,0,2,6,California
Trinity,2020-12-21,39,45,39,45,0,0,0,0,39,45,0,0,39,45,California
Trinity,2020-12-22,5,50,5,50,0,0,0,0,5,50,0,0,5,50,California
Trinity,2020-12-23,5,55,5,55,0,0,0,0,5,55,0,0,5,55,California
Trinity,2020-12-28,30,85,30,85,0,0,0,0,30,85,0,0,30,85,California
Trinity,2020-12-29,8,93,7,92,1,1,0,0,8,93,0,0,8,93,California
Trinity,2020-12-30,10,103,8,100,2,3,0,0,10,103,0,0,10,103,California
Trinity,2020-12-31,2,105,1,101,1,4,0,0,2,105,0,0,2,105,California
Trinity,2021-01-04,28,133,0,101,28,32,0,0,27,132,0,0,27,132,California
Trinity,2021-01-05,2,135,1,102,1,33,0,0,2,134,0,0,2,134,California
Trinity,2021-01-06,24,159,4,106,20,53,0,0,20,150,4,4,20,154,California
Trinity,2021-01-08,49,208,2,108,47,100,0,0,48,196,2,6,48,202,California
Trinity,2021-01-11,42,250,39,147,3,103,0,0,4,162,38,44,4,206,California
Trinity,2021-01-12,9,259,7,154,2,105,0,0,4,161,5,49,4,210,California
Trinity,2021-01-13,7,266,4,158,3,108,0,0,4,162,3,52,4,214,California
Trinity,2021-01-14,4,270,1,159,3,111,0,0,4,166,0,52,4,218,California
Trinity,2021-01-15,4,274,0,159,4,115,0,0,4,170,0,52,4,222,California
Trinity,2021-01-16,4,278,0,159,4,119,0,0,4,174,0,52,4,226,California
Trinity,2021-01-18,31,309,31,190,0,119,0,0,1,145,30,82,1,227,California
Trinity,2021-01-19,96,405,14,204,82,201,0,0,82,213,14,96,82,309,California
Trinity,2021-01-20,19,424,3,207,16,217,0,0,17,228,2,98,17,326,California
Trinity,2021-01-21,17,441,7,214,10,227,0,0,17,245,0,98,17,343,California
Trinity,2021-01-22,5,446,1,215,4,231,0,0,5,250,0,98,5,348,California
Trinity,2021-01-23,7,453,3,218,4,235,0,0,7,257,0,98,7,355,California
Trinity,2021-01-25,14,467,1,219,13,248,0,0,13,269,1,99,13,368,California
Trinity,2021-01-26,10,477,1,220,9,257,0,0,9,277,1,100,9,377,California
Trinity,2021-01-27,12,489,0,220,12,269,0,0,12,289,0,100,12,389,California
Trinity,2021-01-28,13,502,3,223,10,279,0,0,10,296,3,103,10,399,California
Trinity,2021-01-29,3,505,1,224,2,281,0,0,2,297,1,104,2,401,California
Trinity,2021-01-30,12,517,11,235,1,282,0,0,12,309,0,104,12,413,California
Trinity,2021-02-01,2,519,1,236,1,283,0,0,1,309,1,105,1,414,California
Trinity,2021-02-02,13,532,3,239,10,293,0,0,13,322,0,105,13,427,California
Trinity,2021-02-03,6,538,1,240,5,298,0,0,3,322,3,108,3,430,California
Trinity,2021-02-04,42,580,32,272,10,308,0,0,35,350,7,115,35,465,California
Trinity,2021-02-05,350,930,0,272,350,658,0,0,320,640,30,145,320,785,California
Trinity,2021-02-06,210,1140,5,277,205,863,0,0,203,836,7,152,203,988,California
Trinity,2021-02-07,1,1141,0,277,1,864,0,0,1,837,0,152,1,989,California
Trinity,2021-02-08,25,1166,0,277,25,889,0,0,15,842,10,162,15,1004,California
Trinity,2021-02-09,27,1193,2,279,25,914,0,0,11,837,16,178,11,1015,California
Trinity,2021-02-10,122,1315,10,289,112,1026,0,0,102,919,20,198,102,1117,California
Trinity,2021-02-11,339,1654,2,291,337,1363,0,0,332,1244,7,205,332,1449,California
Trinity,2021-02-12,14,1668,6,297,8,1371,0,0,10,1250,4,209,10,1459,California
Trinity,2021-02-13,12,1680,5,302,7,1378,0,0,5,1248,7,216,5,1464,California
Trinity,2021-02-14,2,1682,2,304,0,1378,0,0,2,1250,0,216,2,1466,California
Trinity,2021-02-15,47,1729,0,304,47,1425,0,0,47,1297,0,216,47,1513,California
Trinity,2021-02-16,6,1735,2,306,4,1429,0,0,3,1297,3,219,3,1516,California
Trinity,2021-02-17,94,1829,2,308,92,1521,0,0,84,1371,10,229,84,1600,California
Trinity,2021-02-18,4,1833,0,308,4,1525,0,0,1,1369,3,232,1,1601,California
Trinity,2021-02-19,304,2137,2,310,302,1827,0,0,290,1645,14,246,290,1891,California
Trinity,2021-02-20,141,2278,14,324,127,1954,0,0,113,1730,28,274,113,2004,California
Trinity,2021-02-22,8,2286,0,324,8,1962,0,0,5,1732,3,277,5,2009,California
Trinity,2021-02-23,11,2297,4,328,7,1969,0,0,6,1733,5,282,6,2015,California
Trinity,2021-02-24,30,2327,8,336,22,1991,0,0,7,1717,23,305,7,2022,California
Trinity,2021-02-25,36,2363,23,359,13,2004,0,0,5,1691,31,336,5,2027,California
Trinity,2021-02-26,11,2374,1,360,10,2014,0,0,5,1690,6,342,5,2032,California
Trinity,2021-02-27,9,2383,7,367,2,2016,0,0,4,1689,5,347,4,2036,California
Trinity,2021-03-01,9,2392,0,367,9,2025,0,0,5,1690,4,351,5,2041,California
Trinity,2021-03-02,9,2401,3,370,6,2031,0,0,2,1685,7,358,2,2043,California
Trinity,2021-03-03,5,2406,0,370,5,2036,0,0,4,1688,1,359,4,2047,California
Trinity,2021-03-04,24,2430,19,389,5,2041,0,0,14,1692,10,369,14,2061,California
Trinity,2021-03-05,388,2818,1,390,387,2428,0,0,121,1550,263,632,121,2182,California
Trinity,2021-03-06,202,3020,7,397,195,2623,0,0,27,1402,175,807,27,2209,California
Trinity,2021-03-07,4,3024,3,400,1,2624,0,0,3,1404,1,808,3,2212,California
Trinity,2021-03-08,3,3027,0,400,2,2626,1,1,1,1404,2,810,2,2214,California
Trinity,2021-03-09,94,3121,0,400,92,2718,2,3,89,1490,5,815,91,2305,California
Trinity,2021-03-10,126,3247,3,403,120,2838,3,6,38,1443,88,903,41,2346,California
Trinity,2021-03-11,14,3261,4,407,8,2846,2,8,5,1441,9,912,7,2353,California
Trinity,2021-03-12,385,3646,5,412,374,3220,6,14,90,1242,295,1207,96,2449,California
Trinity,2021-03-13,13,3659,8,420,3,3223,2,16,8,1247,5,1212,10,2459,California
Trinity,2021-03-14,2,3661,0,420,2,3225,0,16,2,1249,0,1212,2,2461,California
Trinity,2021-03-15,67,3728,0,420,66,3291,1,17,14,1211,53,1265,15,2476,California
Trinity,2021-03-16,115,3843,7,427,108,3399,0,17,101,1298,14,1279,101,2577,California
Trinity,2021-03-17,100,3943,3,430,97,3496,0,17,26,1250,74,1353,26,2603,California
Trinity,2021-03-18,10,3953,2,432,5,3501,3,20,5,1253,5,1358,8,2611,California
Trinity,2021-03-19,459,4412,4,436,345,3846,110,130,36,976,423,1781,146,2757,California
Trinity,2021-03-20,104,4516,7,443,97,3943,0,130,69,1011,34,1815,69,2826,California
Trinity,2021-03-21,4,4520,0,443,3,3946,1,131,3,1014,1,1816,4,2830,California
Trinity,2021-03-22,2,4522,0,443,2,3948,0,131,2,1016,0,1816,2,2832,California
Trinity,2021-03-23,96,4618,2,445,94,4042,0,131,78,1076,18,1834,78,2910,California
Trinity,2021-03-24,12,4630,1,446,11,4053,0,131,9,1082,3,1837,9,2919,California
Trinity,2021-03-25,110,4740,8,454,96,4149,6,137,84,1146,26,1863,90,3009,California
Trinity,2021-03-26,85,4825,8,462,77,4226,0,137,78,1217,7,1870,78,3087,California
Trinity,2021-03-27,18,4843,4,466,5,4231,9,146,7,1222,11,1881,16,3103,California
Trinity,2021-03-28,5,4848,3,469,2,4233,0,146,1,1219,4,1885,1,3104,California
Trinity,2021-03-29,5,4853,0,469,5,4238,0,146,2,1218,3,1888,2,3106,California
Trinity,2021-03-30,77,4930,5,474,72,4310,0,146,67,1275,10,1898,67,3173,California
Trinity,2021-03-31,56,4986,5,479,19,4329,32,178,21,1292,35,1933,52,3225,California
Trinity,2021-04-01,41,5027,11,490,19,4348,11,189,21,1304,20,1953,32,3257,California
Trinity,2021-04-02,242,5269,5,495,163,4511,74,263,72,1281,169,2122,146,3403,California
Trinity,2021-04-03,18,5287,13,508,5,4516,0,263,8,1279,10,2132,8,3411,California
Trinity,2021-04-04,10,5297,8,516,2,4518,0,263,8,1285,2,2134,8,3419,California
Trinity,2021-04-05,59,5356,6,522,52,4570,1,264,55,1337,4,2138,56,3475,California
Trinity,2021-04-06,115,5471,15,537,97,4667,3,267,27,1279,88,2226,30,3505,California
Trinity,2021-04-07,22,5493,12,549,5,4672,5,272,14,1290,8,2234,19,3524,California
Trinity,2021-04-08,87,5580,10,559,75,4747,2,274,50,1305,37,2271,52,3576,California
Trinity,2021-04-09,168,5748,20,579,143,4890,5,279,89,1320,79,2350,94,3670,California
Trinity,2021-04-10,11,5759,7,586,4,4894,0,279,10,1329,1,2351,10,3680,California
Trinity,2021-04-11,9,5768,5,591,2,4896,2,281,4,1330,5,2356,6,3686,California
Trinity,2021-04-12,77,5845,5,596,71,4967,1,282,64,1382,12,2368,64,3750,California
Trinity,2021-04-13,97,5942,5,601,92,5059,0,282,10,1305,87,2455,10,3760,California
Trinity,2021-04-14,10,5952,5,606,5,5064,0,282,6,1307,4,2459,6,3766,California
Trinity,2021-04-15,43,5995,10,616,33,5097,0,282,14,1292,29,2488,14,3780,California
Trinity,2021-04-16,143,6138,12,628,131,5228,0,282,71,1291,72,2560,71,3851,California
Trinity,2021-04-17,11,6149,5,633,6,5234,0,282,9,1298,2,2562,9,3860,California
Trinity,2021-04-18,1,6150,1,634,0,5234,0,282,0,1297,1,2563,0,3860,California
Trinity,2021-04-19,5,6155,2,636,3,5237,0,282,4,1300,1,2564,4,3864,California
Trinity,2021-04-20,92,6247,8,644,84,5321,0,282,20,1248,72,2636,20,3884,California
Trinity,2021-04-21,22,6269,9,653,13,5334,0,282,9,1244,13,2649,9,3893,California
Trinity,2021-04-22,91,6360,5,658,86,5420,0,282,14,1181,77,2726,14,3907,California
Trinity,2021-04-23,182,6542,6,664,176,5596,0,282,113,1225,69,2795,113,4020,California
Trinity,2021-04-24,20,6562,13,677,7,5603,0,282,5,1215,15,2810,5,4025,California
Trinity,2021-04-25,10,6572,9,686,1,5604,0,282,3,1212,6,2816,3,4028,California
Trinity,2021-04-26,45,6617,6,692,39,5643,0,282,40,1247,5,2821,40,4068,California
Trinity,2021-04-27,85,6702,7,699,78,5721,0,282,22,1206,63,2884,22,4090,California
Trinity,2021-04-28,33,6735,11,710,22,5743,0,282,12,1197,21,2905,12,4102,California
Trinity,2021-04-29,34,6769,13,723,21,5764,0,282,12,1187,22,2927,12,4114,California
Trinity,2021-04-30,26,6795,20,743,6,5770,0,282,8,1177,18,2945,8,4122,California
Trinity,2021-05-01,14,6809,8,751,1,5771,5,287,4,1176,10,2955,9,4131,California
Trinity,2021-05-02,8,6817,5,756,1,5772,2,289,2,1174,6,2961,4,4135,California
Trinity,2021-05-03,58,6875,13,769,44,5816,1,290,10,1137,48,3009,11,4146,California
Trinity,2021-05-04,21,6896,12,781,8,5824,1,291,10,1137,11,3020,11,4157,California
Trinity,2021-05-05,11,6907,6,787,5,5829,0,291,4,1134,7,3027,4,4161,California
Trinity,2021-05-06,72,6979,9,796,61,5890,2,293,15,1094,57,3084,17,4178,California
Trinity,2021-05-07,168,7147,9,805,125,6015,34,327,11,982,157,3241,45,4223,California
Trinity,2021-05-08,7,7154,3,808,4,6019,0,327,2,979,5,3246,2,4225,California
Trinity,2021-05-09,11,7165,7,815,4,6023,0,327,6,980,5,3251,6,4231,California
Trinity,2021-05-10,8,7173,2,817,6,6029,0,327,5,982,3,3254,5,4236,California
Tulare,2020-12-15,1,1,1,1,0,0,0,0,1,1,0,0,1,1,California
Tulare,2020-12-16,3,4,3,4,0,0,0,0,3,4,0,0,3,4,California
Tulare,2020-12-17,110,114,110,114,0,0,0,0,110,114,0,0,110,114,California
Tulare,2020-12-18,289,403,289,403,0,0,0,0,289,403,0,0,289,403,California
Tulare,2020-12-19,327,730,327,730,0,0,0,0,327,730,0,0,327,730,California
Tulare,2020-12-20,166,896,165,895,1,1,0,0,166,896,0,0,166,896,California
Tulare,2020-12-21,423,1319,423,1318,0,1,0,0,443,1339,0,0,443,1339,California
Tulare,2020-12-22,469,1788,467,1785,2,3,0,0,468,1807,0,0,468,1807,California
Tulare,2020-12-23,327,2115,319,2104,8,11,0,0,325,2132,0,0,325,2132,California
Tulare,2020-12-24,18,2133,16,2120,2,13,0,0,18,2150,0,0,18,2150,California
Tulare,2020-12-26,8,2141,7,2127,1,14,0,0,8,2158,0,0,8,2158,California
Tulare,2020-12-27,16,2157,12,2139,4,18,0,0,16,2174,0,0,16,2174,California
Tulare,2020-12-28,481,2638,469,2608,12,30,0,0,480,2654,0,0,480,2654,California
Tulare,2020-12-29,546,3184,478,3086,68,98,0,0,546,3200,0,0,546,3200,California
Tulare,2020-12-30,474,3658,435,3521,39,137,0,0,474,3674,0,0,474,3674,California
Tulare,2020-12-31,94,3752,22,3543,72,209,0,0,94,3768,0,0,94,3768,California
Tulare,2021-01-01,2,3754,1,3544,1,210,0,0,2,3770,0,0,2,3770,California
Tulare,2021-01-02,30,3784,17,3561,13,223,0,0,30,3800,0,0,30,3800,California
Tulare,2021-01-03,23,3807,9,3570,14,237,0,0,23,3823,0,0,23,3823,California
Tulare,2021-01-04,92,3899,16,3586,76,313,0,0,92,3915,0,0,92,3915,California
Tulare,2021-01-05,460,4359,278,3864,182,495,0,0,458,4371,2,2,458,4373,California
Tulare,2021-01-06,864,5223,635,4499,229,724,0,0,854,5215,10,12,854,5227,California
Tulare,2021-01-07,781,6004,583,5082,198,922,0,0,674,5782,107,119,674,5901,California
Tulare,2021-01-08,1266,7270,574,5656,692,1614,0,0,928,6373,337,456,928,6829,California
Tulare,2021-01-09,741,8011,203,5859,538,2152,0,0,554,6740,187,643,554,7383,California
Tulare,2021-01-10,50,8061,44,5903,6,2158,0,0,11,6712,39,682,11,7394,California
Tulare,2021-01-11,1270,9331,769,6672,501,2659,0,0,834,7110,436,1118,834,8228,California
Tulare,2021-01-12,1403,10734,488,7160,915,3574,0,0,996,7701,406,1524,997,9225,California
Tulare,2021-01-13,437,11171,208,7368,229,3803,0,0,363,7990,74,1598,363,9588,California
Tulare,2021-01-14,491,11662,140,7508,351,4154,0,0,465,8440,15,1613,465,10053,California
Tulare,2021-01-15,1621,13283,153,7661,1468,5622,0,0,1612,10043,9,1622,1612,11665,California
Tulare,2021-01-16,1899,15182,114,7775,1785,7407,0,0,1885,11914,14,1636,1885,13550,California
Tulare,2021-01-17,141,15323,122,7897,19,7426,0,0,131,12035,10,1646,131,13681,California
Tulare,2021-01-18,692,16015,659,8556,33,7459,0,0,294,11931,398,2044,294,13975,California
Tulare,2021-01-19,1007,17022,684,9240,323,7782,0,0,579,12082,428,2472,579,14554,California
Tulare,2021-01-20,2425,19447,612,9852,1813,9595,0,0,2011,13704,389,2861,2011,16565,California
Tulare,2021-01-21,1548,20995,186,10038,1362,10957,0,0,1522,15205,21,2882,1522,18087,California
Tulare,2021-01-22,1059,22054,190,10228,869,11826,0,0,1034,16215,24,2906,1034,19121,California
Tulare,2021-01-23,438,22492,156,10384,282,12108,0,0,417,16611,21,2927,417,19538,California
Tulare,2021-01-24,30,22522,27,10411,3,12111,0,0,28,16637,2,2929,28,19566,California
Tulare,2021-01-25,1325,23847,979,11390,346,12457,0,0,1296,17904,29,2958,1296,20862,California
Tulare,2021-01-26,1499,25346,1100,12490,399,12856,0,0,1174,18754,324,3282,1174,22036,California
Tulare,2021-01-27,1500,26846,1071,13561,429,13285,0,0,923,19101,576,3858,923,22959,California
Tulare,2021-01-28,1203,28049,769,14330,434,13719,0,0,808,19514,395,4253,808,23767,California
Tulare,2021-01-29,1130,29179,720,15050,410,14129,0,0,820,20024,310,4563,820,24587,California
Tulare,2021-01-30,1674,30853,1580,16630,94,14223,0,0,1650,21651,24,4587,1651,26238,California
Tulare,2021-01-31,51,30904,47,16677,4,14227,0,0,48,21696,3,4590,48,26286,California
Tulare,2021-02-01,1185,32089,916,17593,269,14496,0,0,830,22172,354,4944,830,27116,California
Tulare,2021-02-02,677,32766,328,17921,349,14845,0,0,445,22388,230,5174,446,27562,California
Tulare,2021-02-03,588,33354,262,18183,326,15171,0,0,336,22492,232,5406,336,27898,California
Tulare,2021-02-04,552,33906,166,18349,386,15557,0,0,266,22474,285,5691,267,28165,California
Tulare,2021-02-05,1234,35140,237,18586,997,16554,0,0,416,22074,816,6507,416,28581,California
Tulare,2021-02-06,836,35976,158,18744,678,17232,0,0,268,21776,566,7073,268,28849,California
Tulare,2021-02-07,82,36058,70,18814,12,17244,0,0,23,21740,59,7132,23,28872,California
Tulare,2021-02-08,941,36999,328,19142,613,17857,0,0,244,21290,694,7826,244,29116,California
Tulare,2021-02-09,1409,38408,329,19471,1080,18937,0,0,362,20610,1042,8868,362,29478,California
Tulare,2021-02-10,2467,40875,1984,21455,483,19420,0,0,2067,22280,397,9265,2067,31545,California
Tulare,2021-02-11,1325,42200,377,21832,948,20368,0,0,906,22767,419,9684,906,32451,California
Tulare,2021-02-12,2780,44980,575,22407,2205,22573,0,0,1210,22414,1563,11247,1210,33661,California
Tulare,2021-02-13,2479,47459,157,22564,2322,24895,0,0,667,21272,1809,13056,667,34328,California
Tulare,2021-02-14,333,47792,36,22600,297,25192,0,0,300,21539,33,13089,300,34628,California
Tulare,2021-02-15,920,48712,294,22894,626,25818,0,0,663,21946,256,13345,663,35291,California
Tulare,2021-02-16,2833,51545,1597,24491,1236,27054,0,0,1077,21268,1755,15100,1077,36368,California
Tulare,2021-02-17,2698,54243,510,25001,2188,29242,0,0,461,19497,2232,17332,461,36829,California
Tulare,2021-02-18,2302,56545,456,25457,1846,31088,0,0,634,18471,1660,18992,634,37463,California
Tulare,2021-02-19,2298,58843,857,26314,1441,32529,0,0,944,18063,1352,20344,944,38407,California
Tulare,2021-02-20,2989,61832,1891,28205,1098,33627,0,0,1267,17613,1717,22061,1267,39674,California
Tulare,2021-02-21,94,61926,90,28295,4,33631,0,0,59,17637,35,22096,59,39733,California
Tulare,2021-02-22,1104,63030,699,28994,405,34036,0,0,210,16954,893,22989,210,39943,California
Tulare,2021-02-23,1947,64977,940,29934,1007,35043,0,0,1457,17922,489,23478,1457,41400,California
Tulare,2021-02-24,2476,67453,1551,31485,925,35968,0,0,2097,19642,378,23856,2098,43498,California
Tulare,2021-02-25,3485,70938,1950,33435,1535,37503,0,0,3070,22301,411,24267,3070,46568,California
Tulare,2021-02-26,3838,74776,1880,35315,1958,39461,0,0,3375,25215,461,24728,3375,49943,California
Tulare,2021-02-27,2901,77677,1394,36709,1507,40968,0,0,2768,27861,122,24850,2768,52711,California
Tulare,2021-02-28,1304,78981,1033,37742,271,41239,0,0,1284,29127,18,24868,1284,53995,California
Tulare,2021-03-01,1739,80720,773,38515,966,42205,0,0,1554,30498,183,25051,1554,55549,California
Tulare,2021-03-02,2688,83408,1194,39709,1494,43699,0,0,2520,32853,166,25217,2521,58070,California
Tulare,2021-03-03,3926,87334,2597,42306,1329,45028,0,0,1975,32882,1948,27165,1977,60047,California
Tulare,2021-03-04,2890,90224,1301,43607,1589,46617,0,0,2571,35137,316,27481,2571,62618,California
Tulare,2021-03-05,3292,93516,1699,45306,1578,48195,15,15,2784,37434,504,27985,2801,65419,California
Tulare,2021-03-06,3059,96575,1434,46740,1566,49761,59,74,2811,40057,245,28230,2868,68287,California
Tulare,2021-03-07,1092,97667,682,47422,389,50150,21,95,1052,41090,40,28270,1073,69360,California
Tulare,2021-03-08,1696,99363,1005,48427,523,50673,168,263,1378,42322,313,28583,1545,70905,California
Tulare,2021-03-09,3187,102550,2184,50611,856,51529,147,410,2790,44859,398,28981,2935,73840,California
Tulare,2021-03-10,2788,105338,1385,51996,1228,52757,175,585,2408,47069,371,29352,2581,76421,California
Tulare,2021-03-11,4136,109474,1962,53958,1874,54631,300,885,3200,49633,936,30288,3500,79921,California
Tulare,2021-03-12,4337,113811,2381,56339,1607,56238,349,1234,3066,51787,1263,31551,3417,83338,California
Tulare,2021-03-13,4004,117815,1848,58187,2051,58289,105,1339,3067,54028,931,32482,3172,86510,California
Tulare,2021-03-14,1802,119617,973,59160,609,58898,220,1559,1273,54992,528,33010,1492,88002,California
Tulare,2021-03-15,2730,122347,1611,60771,1004,59902,115,1674,1957,56294,771,33781,2073,90075,California
Tulare,2021-03-16,3420,125767,2115,62886,1228,61130,77,1751,1872,56702,1544,35325,1952,92027,California
Tulare,2021-03-17,4012,129779,2608,65494,1327,62457,77,1828,2270,57320,1736,37061,2354,94381,California
Tulare,2021-03-18,4597,134376,3350,68844,1174,63631,73,1901,2439,57682,2152,39213,2514,96895,California
Tulare,2021-03-19,5063,139439,3317,72161,1551,65182,195,2096,2716,58266,2329,41542,2913,99808,California
Tulare,2021-03-20,4452,143891,2762,74923,1318,66500,372,2468,2116,58428,2329,43871,2491,102299,California
Tulare,2021-03-21,1919,145810,1631,76554,262,66762,26,2494,989,58515,927,44798,1014,103313,California
Tulare,2021-03-22,2499,148309,1711,78265,676,67438,112,2606,1667,59470,826,45624,1781,105094,California
Tulare,2021-03-23,3727,152036,2140,80405,1535,68973,52,2658,2084,59979,1633,47257,2142,107236,California
Tulare,2021-03-24,3162,155198,1953,82358,1167,70140,42,2700,1807,60480,1348,48605,1849,109085,California
Tulare,2021-03-25,3452,158650,1796,84154,1484,71624,172,2872,1704,60616,1742,50347,1878,110963,California
Tulare,2021-03-26,5202,163852,3103,87257,1990,73614,109,2981,2563,60667,2621,52968,2672,113635,California
Tulare,2021-03-27,3520,167372,1806,89063,1616,75230,98,3079,991,59233,2521,55489,1087,114722,California
Tulare,2021-03-28,1454,168826,1050,90113,373,75603,31,3110,675,59169,776,56265,712,115434,California
Tulare,2021-03-29,2895,171721,1674,91787,1110,76713,111,3221,1226,58844,1664,57929,1339,116773,California
Tulare,2021-03-30,4797,176518,2767,94554,1800,78513,230,3451,1554,57390,3235,61164,1781,118554,California
Tulare,2021-03-31,3852,180370,2291,96845,1448,79961,113,3564,1565,56795,2279,63443,1684,120238,California
Tulare,2021-04-01,4395,184765,2357,99202,1973,81934,65,3629,1543,55562,2842,66285,1609,121847,California
Tulare,2021-04-02,5215,189980,2979,102181,2119,84053,117,3746,1652,53785,3547,69832,1770,123617,California
Tulare,2021-04-03,3486,193466,2002,104183,1122,85175,362,4108,843,52384,2605,72437,1204,124821,California
Tulare,2021-04-04,1616,195082,1131,105314,478,85653,7,4115,390,51557,1224,73661,397,125218,California
Tulare,2021-04-05,3311,198393,2324,107638,724,86377,263,4378,861,50244,2438,76099,1125,126343,California
Tulare,2021-04-06,3396,201789,1466,109104,1438,87815,492,4870,932,49213,2458,78557,1427,127770,California
Tulare,2021-04-07,3825,205614,1813,110917,1581,89396,431,5301,1272,48361,2546,81103,1694,129464,California
Tulare,2021-04-08,4708,210322,2587,113504,1665,91061,456,5757,1539,47192,3161,84264,1992,131456,California
Tulare,2021-04-09,4770,215092,2943,116447,1398,92459,429,6186,1826,46512,2936,87200,2256,133712,California
Tulare,2021-04-10,3801,218893,2052,118499,1433,93892,316,6502,972,44976,2822,90022,1286,134998,California
Tulare,2021-04-11,1576,220469,1037,119536,468,94360,71,6573,590,44654,983,91005,661,135659,California
Tulare,2021-04-12,3359,223828,2106,121642,660,95020,593,7166,1081,44060,2269,93274,1675,137334,California
Tulare,2021-04-13,2398,226226,1585,123227,803,95823,10,7176,914,43511,1475,94749,926,138260,California
Tulare,2021-04-14,2819,229045,1674,124901,1145,96968,0,7176,915,42525,1901,96650,915,139175,California
Tulare,2021-04-15,3243,232288,2129,127030,1114,98082,0,7176,1453,42197,1781,98431,1453,140628,California
Tulare,2021-04-16,3633,235921,2211,129241,1422,99504,0,7176,1472,41517,2152,100583,1472,142100,California
Tulare,2021-04-17,2171,238092,1271,130512,900,100404,0,7176,1176,41702,992,101575,1177,143277,California
Tulare,2021-04-18,1515,239607,1186,131698,329,100733,0,7176,812,41813,701,102276,812,144089,California
Tulare,2021-04-19,2115,241722,1219,132917,894,101627,2,7178,899,41500,1214,103490,901,144990,California
Tulare,2021-04-20,2318,244040,1301,134218,1017,102644,0,7178,990,41175,1315,104805,990,145980,California
Tulare,2021-04-21,2170,246210,1316,135534,854,103498,0,7178,786,40612,1349,106154,786,146766,California
Tulare,2021-04-22,2095,248305,1169,136703,926,104424,0,7178,738,40012,1338,107492,738,147504,California
Tulare,2021-04-23,2540,250845,1567,138270,972,105396,1,7179,999,39480,1531,109023,999,148503,California
Tulare,2021-04-24,1634,252479,1054,139324,578,105974,2,7181,860,39573,769,109792,862,149365,California
Tulare,2021-04-25,695,253174,522,139846,173,106147,0,7181,267,39412,428,110220,267,149632,California
Tulare,2021-04-26,1431,254605,844,140690,568,106715,19,7200,601,39206,824,111044,618,150250,California
Tulare,2021-04-27,1563,256168,601,141291,925,107640,37,7237,661,39003,900,111944,697,150947,California
Tulare,2021-04-28,1700,257868,968,142259,691,108331,41,7278,682,38712,1014,112958,723,151670,California
Tulare,2021-04-29,1985,259853,1190,143449,758,109089,37,7315,782,38336,1193,114151,817,152487,California
Tulare,2021-04-30,2396,262249,1747,145196,600,109689,49,7364,876,37745,1516,115667,925,153412,California
Tulare,2021-05-01,1404,263653,1207,146403,185,109874,12,7376,723,37806,674,116341,735,154147,California
Tulare,2021-05-02,583,264236,495,146898,72,109946,16,7392,189,37620,391,116732,205,154352,California
Tulare,2021-05-03,1597,265833,1084,147982,390,110336,123,7515,346,36845,1244,117976,469,154821,California
Tulare,2021-05-04,1535,267368,816,148798,648,110984,71,7586,621,36629,907,118883,691,155512,California
Tulare,2021-05-05,1250,268618,607,149405,565,111549,78,7664,448,36363,792,119675,526,156038,California
Tulare,2021-05-06,1916,270534,1306,150711,564,112113,46,7710,580,35658,1330,121005,625,156663,California
Tulare,2021-05-07,1814,272348,1223,151934,521,112634,70,7780,509,34940,1295,122300,577,157240,California
Tulare,2021-05-08,1100,273448,803,152737,271,112905,26,7806,386,34646,706,123006,412,157652,California
Tulare,2021-05-09,588,274036,466,153203,101,113006,21,7827,116,34316,468,123474,138,157790,California
Tulare,2021-05-10,722,274758,420,153623,258,113264,44,7871,230,34099,491,123965,274,158064,California
Tuolumne,2020-12-16,47,47,47,47,0,0,0,0,47,47,0,0,47,47,California
Tuolumne,2020-12-17,17,64,17,64,0,0,0,0,17,64,0,0,17,64,California
Tuolumne,2020-12-18,101,165,100,164,1,1,0,0,101,165,0,0,101,165,California
Tuolumne,2020-12-19,5,170,5,169,0,1,0,0,5,170,0,0,5,170,California
Tuolumne,2020-12-20,1,171,1,170,0,1,0,0,1,171,0,0,1,171,California
Tuolumne,2020-12-21,116,287,102,272,14,15,0,0,116,287,0,0,116,287,California
Tuolumne,2020-12-22,172,459,172,444,0,15,0,0,172,459,0,0,172,459,California
Tuolumne,2020-12-23,186,645,184,628,2,17,0,0,186,645,0,0,186,645,California
Tuolumne,2020-12-26,3,648,3,631,0,17,0,0,3,648,0,0,3,648,California
Tuolumne,2020-12-28,77,725,75,706,2,19,0,0,77,725,0,0,77,725,California
Tuolumne,2020-12-29,102,827,39,745,63,82,0,0,102,827,0,0,102,827,California
Tuolumne,2020-12-30,78,905,22,767,56,138,0,0,78,905,0,0,78,905,California
Tuolumne,2020-12-31,27,932,20,787,7,145,0,0,27,932,0,0,27,932,California
Tuolumne,2021-01-01,7,939,6,793,1,146,0,0,7,939,0,0,7,939,California
Tuolumne,2021-01-02,118,1057,115,908,3,149,0,0,118,1057,0,0,118,1057,California
Tuolumne,2021-01-03,2,1059,2,910,0,149,0,0,2,1059,0,0,2,1059,California
Tuolumne,2021-01-04,69,1128,26,936,43,192,0,0,69,1128,0,0,69,1128,California
Tuolumne,2021-01-05,93,1221,27,963,66,258,0,0,90,1216,3,3,91,1219,California
Tuolumne,2021-01-06,132,1353,72,1035,60,318,0,0,68,1220,64,67,68,1287,California
Tuolumne,2021-01-07,119,1472,63,1098,56,374,0,0,64,1229,55,122,64,1351,California
Tuolumne,2021-01-08,103,1575,79,1177,24,398,0,0,26,1180,76,198,27,1378,California
Tuolumne,2021-01-09,1,1576,0,1177,1,399,0,0,1,1181,0,198,1,1379,California
Tuolumne,2021-01-10,3,1579,1,1178,2,401,0,0,3,1184,0,198,3,1382,California
Tuolumne,2021-01-11,115,1694,89,1267,26,427,0,0,34,1137,81,279,34,1416,California
Tuolumne,2021-01-12,102,1796,86,1353,16,443,0,0,17,1069,85,364,17,1433,California
Tuolumne,2021-01-13,231,2027,125,1478,106,549,0,0,182,1203,49,413,183,1616,California
Tuolumne,2021-01-14,147,2174,107,1585,40,589,0,0,42,1141,104,517,42,1658,California
Tuolumne,2021-01-15,475,2649,72,1657,403,992,0,0,413,1494,61,578,414,2072,California
Tuolumne,2021-01-16,7,2656,3,1660,4,996,0,0,6,1499,1,579,6,2078,California
Tuolumne,2021-01-17,8,2664,5,1665,3,999,0,0,7,1506,0,579,7,2085,California
Tuolumne,2021-01-18,46,2710,38,1703,8,1007,0,0,9,1479,36,615,9,2094,California
Tuolumne,2021-01-19,475,3185,73,1776,402,1409,0,0,429,1862,46,661,429,2523,California
Tuolumne,2021-01-20,76,3261,58,1834,18,1427,0,0,24,1835,51,712,24,2547,California
Tuolumne,2021-01-21,56,3317,23,1857,33,1460,0,0,40,1859,16,728,40,2587,California
Tuolumne,2021-01-22,168,3485,16,1873,152,1612,0,0,161,2013,7,735,161,2748,California
Tuolumne,2021-01-23,666,4151,147,2020,519,2131,0,0,553,2463,113,848,563,3311,California
Tuolumne,2021-01-24,524,4675,1,2021,523,2654,0,0,520,2981,3,851,521,3832,California
Tuolumne,2021-01-25,49,4724,28,2049,21,2675,0,0,22,2977,27,878,23,3855,California
Tuolumne,2021-01-26,80,4804,68,2117,12,2687,0,0,40,2978,40,918,41,3896,California
Tuolumne,2021-01-27,61,4865,4,2121,57,2744,0,0,8,2934,52,970,8,3904,California
Tuolumne,2021-01-28,27,4892,7,2128,20,2764,0,0,18,2943,9,979,18,3922,California
Tuolumne,2021-01-29,74,4966,6,2134,68,2832,0,0,35,2939,39,1018,35,3957,California
Tuolumne,2021-01-30,709,5675,552,2686,157,2989,0,0,686,3619,23,1041,703,4660,California
Tuolumne,2021-01-31,8,5683,2,2688,6,2995,0,0,5,3621,3,1044,5,4665,California
Tuolumne,2021-02-01,25,5708,6,2694,19,3014,0,0,22,3640,3,1047,22,4687,California
Tuolumne,2021-02-02,646,6354,37,2731,609,3623,0,0,635,4266,9,1056,635,5322,California
Tuolumne,2021-02-03,238,6592,109,2840,129,3752,0,0,86,4200,152,1208,86,5408,California
Tuolumne,2021-02-04,123,6715,13,2853,110,3862,0,0,60,4197,63,1271,60,5468,California
Tuolumne,2021-02-05,98,6813,12,2865,86,3948,0,0,35,4170,62,1333,35,5503,California
Tuolumne,2021-02-06,854,7667,580,3445,274,4222,0,0,848,5015,6,1339,851,6354,California
Tuolumne,2021-02-07,8,7675,4,3449,4,4226,0,0,4,5015,4,1343,4,6358,California
Tuolumne,2021-02-08,91,7766,40,3489,51,4277,0,0,67,5058,24,1367,67,6425,California
Tuolumne,2021-02-09,863,8629,53,3542,810,5087,0,0,823,5841,40,1407,823,7248,California
Tuolumne,2021-02-10,91,8720,16,3558,75,5162,0,0,30,5811,60,1467,30,7278,California
Tuolumne,2021-02-11,142,8862,67,3625,75,5237,0,0,76,5821,66,1533,76,7354,California
Tuolumne,2021-02-12,644,9506,19,3644,625,5862,0,0,204,5586,439,1972,204,7558,California
Tuolumne,2021-02-13,149,9655,42,3686,107,5969,0,0,118,5679,25,1997,118,7676,California
Tuolumne,2021-02-14,148,9803,12,3698,136,6105,0,0,147,5825,1,1998,147,7823,California
Tuolumne,2021-02-15,185,9988,10,3708,175,6280,0,0,176,5992,9,2007,176,7999,California
Tuolumne,2021-02-16,527,10515,17,3725,510,6790,0,0,123,5716,401,2408,125,8124,California
Tuolumne,2021-02-17,110,10625,63,3788,47,6837,0,0,63,5733,46,2454,63,8187,California
Tuolumne,2021-02-18,679,11304,26,3814,653,7490,0,0,629,6313,50,2504,630,8817,California
Tuolumne,2021-02-19,142,11446,23,3837,119,7609,0,0,43,6257,99,2603,43,8860,California
Tuolumne,2021-02-20,905,12351,342,4179,563,8172,0,0,386,6137,507,3110,387,9247,California
Tuolumne,2021-02-21,977,13328,37,4216,940,9112,0,0,470,6104,504,3614,471,9718,California
Tuolumne,2021-02-22,79,13407,58,4274,21,9133,0,0,47,6120,31,3645,47,9765,California
Tuolumne,2021-02-23,48,13455,24,4298,24,9157,0,0,26,6125,21,3666,26,9791,California
Tuolumne,2021-02-24,103,13558,58,4356,45,9202,0,0,43,6109,59,3725,43,9834,California
Tuolumne,2021-02-25,1054,14612,35,4391,1019,10221,0,0,1023,7101,31,3756,1023,10857,California
Tuolumne,2021-02-26,144,14756,10,4401,134,10355,0,0,121,7199,23,3779,121,10978,California
Tuolumne,2021-02-27,949,15705,577,4978,372,10727,0,0,247,6763,685,4464,249,11227,California
Tuolumne,2021-02-28,56,15761,4,4982,52,10779,0,0,53,6814,2,4466,53,11280,California
Tuolumne,2021-03-01,112,15873,21,5003,91,10870,0,0,77,6859,33,4499,78,11358,California
Tuolumne,2021-03-02,705,16578,73,5076,632,11502,0,0,106,6367,598,5097,106,11464,California
Tuolumne,2021-03-03,90,16668,22,5098,68,11570,0,0,65,6407,25,5122,65,11529,California
Tuolumne,2021-03-04,1170,17838,75,5173,1095,12665,0,0,1107,7451,63,5185,1107,12636,California
Tuolumne,2021-03-05,85,17923,10,5183,75,12740,0,0,48,7464,36,5221,49,12685,California
Tuolumne,2021-03-06,1055,18978,604,5787,449,13189,2,2,204,6824,847,6068,207,12892,California
Tuolumne,2021-03-07,41,19019,12,5799,14,13203,15,17,18,6834,23,6091,33,12925,California
Tuolumne,2021-03-08,195,19214,88,5887,100,13303,7,24,139,6924,56,6147,146,13071,California
Tuolumne,2021-03-09,856,20070,16,5903,829,14132,11,35,68,6220,784,6931,80,13151,California
Tuolumne,2021-03-10,78,20148,12,5915,55,14187,11,46,53,6259,25,6956,64,13215,California
Tuolumne,2021-03-11,1285,21433,38,5953,1241,15428,6,52,1259,7500,26,6982,1267,14482,California
Tuolumne,2021-03-12,298,21731,33,5986,250,15678,15,67,192,7605,105,7087,210,14692,California
Tuolumne,2021-03-13,112,21843,12,5998,100,15778,0,67,86,7667,25,7112,87,14779,California
Tuolumne,2021-03-14,142,21985,8,6006,125,15903,9,76,8,7555,134,7246,22,14801,California
Tuolumne,2021-03-15,293,22278,79,6085,212,16115,2,78,100,7472,192,7438,109,14910,California
Tuolumne,2021-03-16,804,23082,39,6124,754,16869,11,89,667,8014,136,7574,678,15588,California
Tuolumne,2021-03-17,150,23232,30,6154,107,16976,13,102,77,8032,71,7645,89,15677,California
Tuolumne,2021-03-18,949,24181,29,6183,907,17883,13,115,319,7736,629,8274,333,16010,California
Tuolumne,2021-03-19,132,24313,16,6199,85,17968,31,146,71,7778,59,8333,101,16111,California
Tuolumne,2021-03-20,89,24402,7,6206,72,18040,10,156,37,7773,51,8384,46,16157,California
Tuolumne,2021-03-21,833,25235,391,6597,433,18473,9,165,40,7033,789,9173,49,16206,California
Tuolumne,2021-03-22,163,25398,72,6669,72,18545,19,184,97,7083,66,9239,116,16322,California
Tuolumne,2021-03-23,709,26107,639,7308,56,18601,14,198,673,7733,36,9275,686,17008,California
Tuolumne,2021-03-24,110,26217,20,7328,72,18673,18,216,77,7796,32,9307,95,17103,California
Tuolumne,2021-03-25,1296,27513,23,7351,1270,19943,3,219,323,7151,971,10278,326,17429,California
Tuolumne,2021-03-26,269,27782,16,7367,230,20173,23,242,111,7137,148,10426,134,17563,California
Tuolumne,2021-03-27,578,28360,54,7421,524,20697,0,242,318,7198,258,10684,319,17882,California
Tuolumne,2021-03-28,49,28409,8,7429,41,20738,0,242,9,7169,39,10723,10,17892,California
Tuolumne,2021-03-29,203,28612,82,7511,121,20859,0,242,106,7181,94,10817,106,17998,California
Tuolumne,2021-03-30,161,28773,11,7522,149,21008,1,243,119,7260,41,10858,120,18118,California
Tuolumne,2021-03-31,92,28865,14,7536,76,21084,2,245,34,7241,56,10914,37,18155,California
Tuolumne,2021-04-01,1249,30114,32,7568,1217,22301,0,245,224,6443,1023,11937,225,18380,California
Tuolumne,2021-04-02,164,30278,11,7579,127,22428,26,271,91,6489,71,12008,117,18497,California
Tuolumne,2021-04-03,425,30703,35,7614,389,22817,1,272,238,6543,187,12195,241,18738,California
Tuolumne,2021-04-04,32,30735,2,7616,30,22847,0,272,20,6552,11,12206,20,18758,California
Tuolumne,2021-04-05,126,30861,19,7635,101,22948,6,278,55,6542,71,12277,61,18819,California
Tuolumne,2021-04-06,647,31508,517,8152,103,23051,27,305,514,6951,133,12410,542,19361,California
Tuolumne,2021-04-07,125,31633,37,8189,72,23123,16,321,47,6936,78,12488,63,19424,California
Tuolumne,2021-04-08,1434,33067,33,8222,1387,24510,14,335,239,5997,1192,13680,253,19677,California
Tuolumne,2021-04-09,266,33333,41,8263,181,24691,44,379,124,6027,142,13822,172,19849,California
Tuolumne,2021-04-10,56,33389,2,8265,34,24725,20,399,23,6038,32,13854,43,19892,California
Tuolumne,2021-04-11,17,33406,2,8267,12,24737,3,402,12,6048,5,13859,15,19907,California
Tuolumne,2021-04-12,161,33567,67,8334,89,24826,5,407,87,6072,68,13927,92,19999,California
Tuolumne,2021-04-13,784,34351,36,8370,748,25574,0,407,169,5633,608,14535,169,20168,California
Tuolumne,2021-04-14,143,34494,27,8397,116,25690,0,407,69,5632,71,14606,70,20238,California
Tuolumne,2021-04-15,336,34830,20,8417,316,26006,0,407,55,5411,276,14882,55,20293,California
Tuolumne,2021-04-16,239,35069,50,8467,189,26195,0,407,134,5446,99,14981,134,20427,California
Tuolumne,2021-04-17,43,35112,6,8473,37,26232,0,407,27,5457,16,14997,27,20454,California
Tuolumne,2021-04-18,8,35120,2,8475,6,26238,0,407,3,5456,4,15001,3,20457,California
Tuolumne,2021-04-19,168,35288,78,8553,90,26328,0,407,90,5470,76,15077,90,20547,California
Tuolumne,2021-04-20,712,36000,618,9171,94,26422,0,407,78,4921,627,15704,78,20625,California
Tuolumne,2021-04-21,116,36116,26,9197,90,26512,0,407,61,4932,50,15754,61,20686,California
Tuolumne,2021-04-22,693,36809,46,9243,647,27159,0,407,422,5093,261,16015,422,21108,California
Tuolumne,2021-04-23,160,36969,31,9274,129,27288,0,407,85,5105,73,16088,85,21193,California
Tuolumne,2021-04-24,80,37049,18,9292,62,27350,0,407,52,5129,28,16116,52,21245,California
Tuolumne,2021-04-25,27,37076,10,9302,17,27367,0,407,24,5150,3,16119,24,21269,California
Tuolumne,2021-04-26,150,37226,56,9358,94,27461,0,407,69,5140,80,16199,70,21339,California
Tuolumne,2021-04-27,123,37349,21,9379,95,27556,7,414,55,5136,66,16265,62,21401,California
Tuolumne,2021-04-28,106,37455,24,9403,71,27627,11,425,57,5156,48,16313,68,21469,California
Tuolumne,2021-04-29,266,37721,16,9419,242,27869,8,433,47,4993,218,16531,55,21524,California
Tuolumne,2021-04-30,340,38061,21,9440,307,28176,12,445,61,4790,276,16807,73,21597,California
Tuolumne,2021-05-01,24,38085,7,9447,13,28189,4,449,16,4802,8,16815,20,21617,California
Tuolumne,2021-05-02,25,38110,2,9449,21,28210,2,451,18,4815,7,16822,20,21637,California
Tuolumne,2021-05-03,79,38189,12,9461,62,28272,5,456,21,4784,57,16879,26,21663,California
Tuolumne,2021-05-04,679,38868,601,10062,73,28345,5,461,198,4506,480,17359,202,21865,California
Tuolumne,2021-05-05,91,38959,26,10088,62,28407,3,464,47,4515,42,17401,51,21916,California
Tuolumne,2021-05-06,264,39223,11,10099,241,28648,12,476,30,4327,229,17630,41,21957,California
Tuolumne,2021-05-07,310,39533,25,10124,277,28925,8,484,56,4138,253,17883,64,22021,California
Tuolumne,2021-05-08,45,39578,7,10131,34,28959,4,488,30,4157,15,17898,34,22055,California
Tuolumne,2021-05-09,14,39592,1,10132,11,28970,2,490,2,4149,12,17910,4,22059,California
Tuolumne,2021-05-10,74,39666,41,10173,33,29003,0,490,22,4120,51,17961,22,22081,California
Ventura,2020-12-15,5,5,5,5,0,0,0,0,5,5,0,0,5,5,California
Ventura,2020-12-16,72,77,72,77,0,0,0,0,72,77,0,0,72,77,California
Ventura,2020-12-17,249,326,249,326,0,0,0,0,249,326,0,0,249,326,California
Ventura,2020-12-18,1410,1736,1410,1736,0,0,0,0,1410,1736,0,0,1410,1736,California
Ventura,2020-12-19,911,2647,911,2647,0,0,0,0,911,2647,0,0,911,2647,California
Ventura,2020-12-20,430,3077,430,3077,0,0,0,0,430,3077,0,0,430,3077,California
Ventura,2020-12-21,1468,4545,1468,4545,0,0,0,0,1468,4545,0,0,1468,4545,California
Ventura,2020-12-22,1104,5649,1099,5644,5,5,0,0,1104,5649,0,0,1104,5649,California
Ventura,2020-12-23,1027,6676,980,6624,47,52,0,0,1027,6676,0,0,1027,6676,California
Ventura,2020-12-24,477,7153,379,7003,98,150,0,0,477,7153,0,0,477,7153,California
Ventura,2020-12-25,11,7164,7,7010,4,154,0,0,11,7164,0,0,11,7164,California
Ventura,2020-12-26,111,7275,91,7101,20,174,0,0,111,7275,0,0,111,7275,California
Ventura,2020-12-27,58,7333,27,7128,31,205,0,0,58,7333,0,0,58,7333,California
Ventura,2020-12-28,1072,8405,932,8060,140,345,0,0,1072,8405,0,0,1072,8405,California
Ventura,2020-12-29,1171,9576,764,8824,407,752,0,0,1171,9576,0,0,1171,9576,California
Ventura,2020-12-30,1987,11563,1522,10346,465,1217,0,0,1987,11563,0,0,1987,11563,California
Ventura,2020-12-31,479,12042,161,10507,318,1535,0,0,479,12042,0,0,479,12042,California
Ventura,2021-01-01,24,12066,6,10513,18,1553,0,0,24,12066,0,0,24,12066,California
Ventura,2021-01-02,174,12240,79,10592,95,1648,0,0,174,12240,0,0,174,12240,California
Ventura,2021-01-03,16,12256,8,10600,8,1656,0,0,16,12256,0,0,16,12256,California
Ventura,2021-01-04,1082,13338,551,11151,531,2187,0,0,1081,13337,0,0,1081,13337,California
Ventura,2021-01-05,1373,14711,777,11928,596,2783,0,0,1332,14628,41,41,1332,14669,California
Ventura,2021-01-06,2058,16769,1180,13108,878,3661,0,0,1627,15835,422,463,1629,16298,California
Ventura,2021-01-07,2068,18837,1326,14434,742,4403,0,0,1182,16133,884,1347,1182,17480,California
Ventura,2021-01-08,2197,21034,1474,15908,723,5126,0,0,906,15751,1289,2636,907,18387,California
Ventura,2021-01-09,721,21755,500,16408,221,5347,0,0,319,15668,402,3038,319,18706,California
Ventura,2021-01-10,343,22098,327,16735,16,5363,0,0,129,15583,214,3252,129,18835,California
Ventura,2021-01-11,2446,24544,1488,18223,958,6321,0,0,1494,16128,952,4204,1497,20332,California
Ventura,2021-01-12,3042,27586,1612,19835,1430,7751,0,0,2017,17120,1025,5229,2017,22349,California
Ventura,2021-01-13,2925,30511,1424,21259,1501,9252,0,0,2041,18281,881,6110,2042,24391,California
Ventura,2021-01-14,2735,33246,1061,22320,1674,10926,0,0,2288,20124,446,6556,2289,26680,California
Ventura,2021-01-15,2889,36135,972,23292,1917,12843,0,0,2676,22588,213,6769,2677,29357,California
Ventura,2021-01-16,484,36619,187,23479,297,13140,0,0,404,22912,80,6849,404,29761,California
Ventura,2021-01-17,259,36878,137,23616,122,13262,0,0,253,23159,6,6855,253,30014,California
Ventura,2021-01-18,2219,39097,1673,25289,546,13808,0,0,1668,24278,550,7405,1669,31683,California
Ventura,2021-01-19,3042,42139,2120,27409,922,14730,0,0,2147,25533,895,8300,2150,33833,California
Ventura,2021-01-20,4094,46233,3142,30551,952,15682,0,0,3040,27523,1051,9351,3041,36874,California
Ventura,2021-01-21,3841,50074,2675,33226,1166,16848,0,0,3166,30019,672,10023,3168,40042,California
Ventura,2021-01-22,3615,53689,2494,35720,1121,17969,0,0,3454,33312,161,10184,3454,43496,California
Ventura,2021-01-23,1184,54873,649,36369,535,18504,0,0,1084,34299,99,10283,1086,44582,California
Ventura,2021-01-24,452,55325,137,36506,315,18819,0,0,439,34725,13,10296,439,45021,California
Ventura,2021-01-25,3153,58478,2031,38537,1122,19941,0,0,2598,36770,554,10850,2599,47620,California
Ventura,2021-01-26,3713,62191,2205,40742,1508,21449,0,0,2714,38487,998,11848,2715,50335,California
Ventura,2021-01-27,3462,65653,1560,42302,1902,23351,0,0,2719,40467,739,12587,2719,53054,California
Ventura,2021-01-28,3874,69527,1993,44295,1881,25232,0,0,3260,43131,597,13184,3261,56315,California
Ventura,2021-01-29,4271,73798,2525,46820,1746,26978,0,0,3768,46409,490,13674,3768,60083,California
Ventura,2021-01-30,3036,76834,1964,48784,1072,28050,0,0,2865,49108,167,13841,2866,62949,California
Ventura,2021-01-31,835,77669,446,49230,389,28439,0,0,748,49770,86,13927,748,63697,California
Ventura,2021-02-01,3942,81611,2112,51342,1830,30269,0,0,3168,52169,771,14698,3170,66867,California
Ventura,2021-02-02,4406,86017,2375,53717,2031,32300,0,0,3381,54530,1021,15719,3382,70249,California
Ventura,2021-02-03,4453,90470,2089,55806,2364,34664,0,0,3443,56969,1005,16724,3444,73693,California
Ventura,2021-02-04,4776,95246,2287,58093,2489,37153,0,0,3519,59241,1249,17973,3521,77214,California
Ventura,2021-02-05,4837,100083,2316,60409,2521,39674,0,0,3344,61107,1480,19453,3346,80560,California
Ventura,2021-02-06,2837,102920,1515,61924,1322,40996,0,0,2434,63139,402,19855,2434,82994,California
Ventura,2021-02-07,710,103630,241,62165,469,41465,0,0,584,63598,126,19981,585,83579,California
Ventura,2021-02-08,3498,107128,1624,63789,1874,43339,0,0,2428,64961,1065,21046,2428,86007,California
Ventura,2021-02-09,4716,111844,1971,65760,2745,46084,0,0,2464,65177,2251,23297,2467,88474,California
Ventura,2021-02-10,4716,116560,2237,67997,2479,48563,0,0,2390,65253,2315,25612,2391,90865,California
Ventura,2021-02-11,4662,121222,1863,69860,2799,51362,0,0,2446,65493,2209,27821,2449,93314,California
Ventura,2021-02-12,6304,127526,2661,72521,3643,55005,0,0,3223,65639,3077,30898,3223,96537,California
Ventura,2021-02-13,3298,130824,1826,74347,1472,56477,0,0,1845,66037,1449,32347,1847,98384,California
Ventura,2021-02-14,1226,132050,124,74471,1102,57579,0,0,1010,66832,216,32563,1011,99395,California
Ventura,2021-02-15,3986,136036,1798,76269,2188,59767,0,0,2117,67083,1866,34429,2117,101512,California
Ventura,2021-02-16,5545,141581,2706,78975,2839,62606,0,0,3011,67568,2526,36955,3011,104523,California
Ventura,2021-02-17,5232,146813,1920,80895,3312,65918,0,0,3265,68875,1958,38913,3265,107788,California
Ventura,2021-02-18,5777,152590,1830,82725,3947,69865,0,0,3633,70375,2133,41046,3633,111421,California
Ventura,2021-02-19,6455,159045,3771,86496,2684,72549,0,0,3010,69949,3438,44484,3012,114433,California
Ventura,2021-02-20,4938,163983,3171,89667,1767,74316,0,0,2771,70563,2161,46645,2775,117208,California
Ventura,2021-02-21,1049,165032,760,90427,289,74605,0,0,432,70384,611,47256,432,117640,California
Ventura,2021-02-22,5370,170402,2409,92836,2961,77566,0,0,3454,71931,1907,49163,3454,121094,California
Ventura,2021-02-23,5932,176334,2968,95804,2964,80530,0,0,3415,72847,2501,51664,3417,124511,California
Ventura,2021-02-24,6994,183328,2608,98412,4386,84916,0,0,4247,74362,2734,54398,4249,128760,California
Ventura,2021-02-25,7493,190821,2571,100983,4922,89838,0,0,4574,76033,2905,57303,4576,133336,California
Ventura,2021-02-26,9346,200167,2766,103749,6580,96418,0,0,6162,79039,3158,60461,6164,139500,California
Ventura,2021-02-27,9994,210161,5273,109022,4721,101139,0,0,7371,83813,2607,63068,7381,146881,California
Ventura,2021-02-28,2569,212730,1634,110656,934,102073,1,1,2096,85443,466,63534,2096,148977,California
Ventura,2021-03-01,6942,219672,2811,113467,4131,106204,0,1,4628,87781,2303,65837,4641,153618,California
Ventura,2021-03-02,7481,227153,3936,117403,3543,109747,2,3,5252,90814,2219,68056,5252,158870,California
Ventura,2021-03-03,8520,235673,3901,121304,4619,114366,0,3,6075,94463,2430,70486,6079,164949,California
Ventura,2021-03-04,8103,243776,3868,125172,4235,118601,0,3,5473,97323,2616,73102,5476,170425,California
Ventura,2021-03-05,9971,253747,4800,129972,5161,123762,10,13,7083,101550,2874,75976,7101,177526,California
Ventura,2021-03-06,7233,260980,4396,134368,2684,126446,153,166,5319,105116,1908,77884,5474,183000,California
Ventura,2021-03-07,1653,262633,605,134973,947,127393,101,267,1236,106036,417,78301,1337,184337,California
Ventura,2021-03-08,6737,269370,3413,138386,3170,130563,154,421,4632,108726,2099,80400,4789,189126,California
Ventura,2021-03-09,6546,275916,2820,141206,3526,134089,200,621,3675,109745,2858,83258,3877,193003,California
Ventura,2021-03-10,6801,282717,2967,144173,3596,137685,238,859,4485,112162,2306,85564,4723,197726,California
Ventura,2021-03-11,6373,289090,2888,147061,3172,140857,313,1172,3421,112955,2939,88503,3732,201458,California
Ventura,2021-03-12,8501,297591,3036,150097,4620,145477,845,2017,4092,113500,4391,92894,4936,206394,California
Ventura,2021-03-13,6684,304275,2498,152595,3344,148821,842,2859,3757,115179,2918,95812,4597,210991,California
Ventura,2021-03-14,2131,306406,478,153073,1158,149979,495,3354,730,115005,1400,97212,1226,212217,California
Ventura,2021-03-15,6915,313321,2048,155121,3519,153498,1348,4702,2974,115409,3916,101128,4320,216537,California
Ventura,2021-03-16,7920,321241,2461,157582,4345,157843,1114,5816,3993,116602,3913,105041,5106,221643,California
Ventura,2021-03-17,7470,328711,2767,160349,4355,162198,348,6164,4470,118444,2978,108019,4820,226463,California
Ventura,2021-03-18,7223,335934,3270,163619,3801,165999,152,6316,4704,120793,2505,110524,4854,231317,California
Ventura,2021-03-19,8400,344334,3778,167397,4511,170510,111,6427,5022,122565,3359,113883,5131,236448,California
Ventura,2021-03-20,8144,352478,5246,172643,2878,173388,20,6447,3893,122252,4227,118110,3914,240362,California
Ventura,2021-03-21,2781,355259,1510,174153,900,174288,371,6818,1318,122488,1452,119562,1688,242050,California
Ventura,2021-03-22,7341,362600,3684,177837,3555,177843,102,6920,4844,124955,2481,122043,4948,246998,California
Ventura,2021-03-23,8183,370783,3883,181720,4226,182069,74,6994,4670,126211,3487,125530,4743,251741,California
Ventura,2021-03-24,8868,379651,3406,185126,5387,187456,75,7069,4430,126307,4409,129939,4505,256246,California
Ventura,2021-03-25,8795,388446,3903,189029,4792,192248,100,7169,4450,126531,4328,134267,4552,260798,California
Ventura,2021-03-26,9821,398267,3346,192375,5822,198070,653,7822,3904,125197,5889,140156,4555,265353,California
Ventura,2021-03-27,8117,406384,3903,196278,4174,202244,40,7862,2407,121954,5691,145847,2448,267801,California
Ventura,2021-03-28,2526,408910,1407,197685,1110,203354,9,7871,1383,122209,1137,146984,1392,269193,California
Ventura,2021-03-29,8448,417358,4257,201942,4148,207502,43,7914,4222,122276,4198,151182,4265,273458,California
Ventura,2021-03-30,8927,426285,4408,206350,4392,211894,127,8041,4528,122544,4385,155567,4653,278111,California
Ventura,2021-03-31,10679,436964,4815,211165,5237,217131,627,8668,4633,121778,6025,161592,5259,283370,California
Ventura,2021-04-01,10645,447609,5184,216349,4584,221715,877,9545,5363,122752,5262,166854,6236,289606,California
Ventura,2021-04-02,11583,459192,4586,220935,5712,227427,1285,10830,5527,123538,6030,172884,6816,296422,California
Ventura,2021-04-03,8013,467205,3953,224888,2922,230349,1138,11968,3363,123396,4640,177524,4498,300920,California
Ventura,2021-04-04,1712,468917,959,225847,621,230970,132,12100,1154,124130,552,178076,1286,302206,California
Ventura,2021-04-05,9263,478180,4865,230712,3328,234298,1070,13170,4719,125385,4533,182609,5788,307994,California
Ventura,2021-04-06,10829,489009,5548,236260,3808,238106,1473,14643,5559,127169,5246,187855,7030,315024,California
Ventura,2021-04-07,11290,500299,5425,241685,4390,242496,1475,16118,5164,127692,6111,193966,6634,321658,California
Ventura,2021-04-08,10221,510520,5296,246981,3988,246484,937,17055,5101,128619,5103,199069,6030,327688,California
Ventura,2021-04-09,11074,521594,4336,251317,5033,251517,1705,18760,4852,128965,6205,205274,6551,334239,California
Ventura,2021-04-10,9137,530731,3507,254824,3476,254993,2154,20914,3005,128003,6116,211390,5154,339393,California
Ventura,2021-04-11,2426,533157,862,255686,995,255988,569,21483,686,127523,1733,213123,1253,340646,California
Ventura,2021-04-12,8875,542032,4465,260151,3604,259592,806,22289,3734,126934,5123,218246,4534,345180,California
Ventura,2021-04-13,8761,550793,4441,264592,4314,263906,6,22295,3744,125699,4985,223231,3750,348930,California
Ventura,2021-04-14,8653,559446,4061,268653,4577,268483,15,22310,3361,123819,5258,228489,3378,352308,California
Ventura,2021-04-15,9287,568733,4518,273171,4762,273245,7,22317,4092,122743,5175,233664,4099,356407,California
Ventura,2021-04-16,10092,578825,4476,277647,5615,278860,1,22318,4833,122334,5244,238908,4835,361242,California
Ventura,2021-04-17,8526,587351,5298,282945,3227,282087,1,22319,4993,123806,3522,242430,4994,366236,California
Ventura,2021-04-18,2128,589479,1012,283957,1116,283203,0,22319,905,123493,1218,243648,905,367141,California
Ventura,2021-04-19,8004,597483,4839,288796,3164,286367,1,22320,4624,124756,3363,247011,4626,371767,California
Ventura,2021-04-20,9209,606692,4897,293693,4311,290678,1,22321,4347,124257,4848,251859,4349,376116,California
Ventura,2021-04-21,8830,615522,4533,298226,4294,294972,3,22324,4199,123842,4618,256477,4203,380319,California
Ventura,2021-04-22,9998,625520,5477,303703,4521,299493,0,22324,4475,122811,5506,261983,4475,384794,California
Ventura,2021-04-23,10777,636297,5386,309089,5391,304884,0,22324,5389,122837,5363,267346,5389,390183,California
Ventura,2021-04-24,10318,646615,5895,314984,4423,309307,0,22324,6116,124762,4192,271538,6117,396300,California
Ventura,2021-04-25,2470,649085,1699,316683,771,310078,0,22324,1141,124577,1326,272864,1141,397441,California
Ventura,2021-04-26,6833,655918,3958,320641,2811,312889,64,22388,2818,123459,3996,276860,2878,400319,California
Ventura,2021-04-27,8018,663936,4444,325085,3408,316297,166,22554,2995,121609,5010,281870,3160,403479,California
Ventura,2021-04-28,8238,672174,4810,329895,3115,319412,313,22867,3212,120127,5007,286877,3525,407004,California
Ventura,2021-04-29,7735,679909,4213,334108,3262,322674,260,23127,2741,118155,4971,291848,2999,410003,California
Ventura,2021-04-30,9285,689194,5428,339536,3588,326262,269,23396,3851,116858,5409,297257,4112,414115,California
Ventura,2021-05-01,4936,694130,3631,343167,1203,327465,102,23498,1867,115774,3053,300310,1969,416084,California
Ventura,2021-05-02,2128,696258,1426,344593,613,328078,89,23587,1032,115803,1092,301402,1121,417205,California
Ventura,2021-05-03,6178,702436,3888,348481,2015,330093,275,23862,1926,113772,4231,305633,2200,419405,California
Ventura,2021-05-04,6233,708669,3290,351771,2650,332743,293,24155,2250,112345,3969,309602,2542,421947,California
Ventura,2021-05-05,4696,713365,2865,354636,1585,334328,246,24401,1689,111287,2990,312592,1932,423879,California
Ventura,2021-05-06,5300,718665,3090,357726,1965,336293,245,24646,1755,109760,3528,316120,2001,425880,California
Ventura,2021-05-07,5659,724324,3062,360788,2347,338640,250,24896,1958,108289,3678,319798,2207,428087,California
Ventura,2021-05-08,4958,729282,4003,364791,801,339441,154,25050,1089,105675,3857,323655,1243,429330,California
Ventura,2021-05-09,1000,730282,721,365512,240,339681,39,25089,377,105474,617,324272,416,429746,California
Ventura,2021-05-10,3924,734206,3161,368673,642,340323,121,25210,711,103102,3204,327476,832,430578,California
Yolo,2020-12-15,39,39,39,39,0,0,0,0,39,39,0,0,39,39,California
Yolo,2020-12-16,78,117,78,117,0,0,0,0,78,117,0,0,78,117,California
Yolo,2020-12-17,101,218,101,218,0,0,0,0,101,218,0,0,101,218,California
Yolo,2020-12-18,210,428,210,428,0,0,0,0,210,428,0,0,210,428,California
Yolo,2020-12-19,88,516,88,516,0,0,0,0,88,516,0,0,88,516,California
Yolo,2020-12-20,100,616,100,616,0,0,0,0,100,616,0,0,100,616,California
Yolo,2020-12-21,253,869,253,869,0,0,0,0,253,869,0,0,253,869,California
Yolo,2020-12-22,381,1250,380,1249,1,1,0,0,381,1250,0,0,381,1250,California
Yolo,2020-12-23,432,1682,412,1661,20,21,0,0,432,1682,0,0,432,1682,California
Yolo,2020-12-24,151,1833,95,1756,56,77,0,0,151,1833,0,0,151,1833,California
Yolo,2020-12-25,1,1834,1,1757,0,77,0,0,1,1834,0,0,1,1834,California
Yolo,2020-12-26,75,1909,25,1782,50,127,0,0,75,1909,0,0,75,1909,California
Yolo,2020-12-27,46,1955,19,1801,27,154,0,0,46,1955,0,0,46,1955,California
Yolo,2020-12-28,346,2301,179,1980,167,321,0,0,346,2301,0,0,346,2301,California
Yolo,2020-12-29,487,2788,267,2247,220,541,0,0,487,2788,0,0,487,2788,California
Yolo,2020-12-30,622,3410,254,2501,368,909,0,0,622,3410,0,0,622,3410,California
Yolo,2020-12-31,185,3595,95,2596,90,999,0,0,185,3595,0,0,185,3595,California
Yolo,2021-01-01,58,3653,56,2652,2,1001,0,0,58,3653,0,0,58,3653,California
Yolo,2021-01-02,68,3721,25,2677,43,1044,0,0,68,3721,0,0,68,3721,California
Yolo,2021-01-03,44,3765,19,2696,25,1069,0,0,44,3765,0,0,44,3765,California
Yolo,2021-01-04,193,3958,43,2739,150,1219,0,0,193,3958,0,0,193,3958,California
Yolo,2021-01-05,612,4570,236,2975,376,1595,0,0,551,4448,61,61,551,4509,California
Yolo,2021-01-06,480,5050,183,3158,297,1892,0,0,349,4666,131,192,349,4858,California
Yolo,2021-01-07,709,5759,233,3391,476,2368,0,0,520,4998,188,380,520,5378,California
Yolo,2021-01-08,632,6391,311,3702,321,2689,0,0,416,5199,215,595,416,5794,California
Yolo,2021-01-09,410,6801,69,3771,341,3030,0,0,364,5517,46,641,364,6158,California
Yolo,2021-01-10,393,7194,80,3851,313,3343,0,0,323,5770,70,711,323,6481,California
Yolo,2021-01-11,562,7756,325,4176,237,3580,0,0,293,5796,269,980,295,6776,California
Yolo,2021-01-12,481,8237,364,4540,117,3697,0,0,173,5662,308,1288,174,6950,California
Yolo,2021-01-13,770,9007,312,4852,458,4155,0,0,520,5932,250,1538,520,7470,California
Yolo,2021-01-14,376,9383,182,5034,194,4349,0,0,272,6100,104,1642,272,7742,California
Yolo,2021-01-15,623,10006,318,5352,305,4654,0,0,544,6566,79,1721,545,8287,California
Yolo,2021-01-16,740,10746,95,5447,645,5299,0,0,709,7244,31,1752,709,8996,California
Yolo,2021-01-17,186,10932,117,5564,69,5368,0,0,179,7416,7,1759,179,9175,California
Yolo,2021-01-18,478,11410,303,5867,175,5543,0,0,379,7696,99,1858,379,9554,California
Yolo,2021-01-19,556,11966,372,6239,184,5727,0,0,381,7902,175,2033,381,9935,California
Yolo,2021-01-20,659,12625,379,6618,280,6007,0,0,474,8192,184,2217,474,10409,California
Yolo,2021-01-21,648,13273,382,7000,266,6273,0,0,460,8464,188,2405,460,10869,California
Yolo,2021-01-22,746,14019,250,7250,496,6769,0,0,629,8978,115,2520,629,11498,California
Yolo,2021-01-23,613,14632,123,7373,490,7259,0,0,566,9497,47,2567,566,12064,California
Yolo,2021-01-24,207,14839,124,7497,83,7342,0,0,166,9622,41,2608,166,12230,California
Yolo,2021-01-25,728,15567,153,7650,575,7917,0,0,514,9922,214,2822,514,12744,California
Yolo,2021-01-26,817,16384,327,7977,490,8407,0,0,428,9961,389,3211,428,13172,California
Yolo,2021-01-27,557,16941,223,8200,334,8741,0,0,383,10170,174,3385,383,13555,California
Yolo,2021-01-28,1051,17992,566,8766,485,9226,0,0,925,10970,125,3510,925,14480,California
Yolo,2021-01-29,870,18862,263,9029,607,9833,0,0,788,11677,81,3591,788,15268,California
Yolo,2021-01-30,1515,20377,915,9944,600,10433,0,0,1406,12980,103,3694,1406,16674,California
Yolo,2021-01-31,249,20626,211,10155,38,10471,0,0,214,13160,34,3728,214,16888,California
Yolo,2021-02-01,844,21470,360,10515,484,10955,0,0,614,13547,227,3955,614,17502,California
Yolo,2021-02-02,1323,22793,746,11261,577,11532,0,0,931,14087,392,4347,932,18434,California
Yolo,2021-02-03,1515,24308,398,11659,1117,12649,0,0,1182,14939,330,4677,1182,19616,California
Yolo,2021-02-04,1787,26095,282,11941,1505,14154,0,0,1237,15638,539,5216,1238,20854,California
Yolo,2021-02-05,1592,27687,900,12841,692,14846,0,0,1197,16441,395,5611,1198,22052,California
Yolo,2021-02-06,1917,29604,1247,14088,670,15516,0,0,1556,17637,361,5972,1557,23609,California
Yolo,2021-02-07,519,30123,249,14337,270,15786,0,0,171,17461,347,6319,171,23780,California
Yolo,2021-02-08,948,31071,332,14669,616,16402,0,0,605,17726,340,6659,605,24385,California
Yolo,2021-02-09,860,31931,387,15056,473,16875,0,0,577,18020,283,6942,577,24962,California
Yolo,2021-02-10,1454,33385,476,15532,978,17853,0,0,817,18202,637,7579,819,25781,California
Yolo,2021-02-11,1567,34952,799,16331,768,18621,0,0,1185,19005,382,7961,1185,26966,California
Yolo,2021-02-12,1909,36861,749,17080,1160,19781,0,0,1441,19982,464,8425,1441,28407,California
Yolo,2021-02-13,2056,38917,712,17792,1344,21125,0,0,1391,20708,665,9090,1391,29798,California
Yolo,2021-02-14,570,39487,154,17946,416,21541,0,0,445,21029,124,9214,445,30243,California
Yolo,2021-02-15,531,40018,189,18135,342,21883,0,0,266,21031,265,9479,267,30510,California
Yolo,2021-02-16,1130,41148,426,18561,704,22587,0,0,812,21525,318,9797,812,31322,California
Yolo,2021-02-17,1386,42534,701,19262,685,23272,0,0,991,22121,395,10192,991,32313,California
Yolo,2021-02-18,2496,45030,814,20076,1682,24954,0,0,1726,23078,770,10962,1727,34040,California
Yolo,2021-02-19,1742,46772,745,20821,997,25951,0,0,1121,23580,619,11581,1121,35161,California
Yolo,2021-02-20,2434,49206,940,21761,1494,27445,0,0,1364,23880,1065,12646,1365,36526,California
Yolo,2021-02-21,282,49488,225,21986,57,27502,0,0,73,23745,208,12854,73,36599,California
Yolo,2021-02-22,1362,50850,601,22587,761,28263,0,0,693,23770,668,13522,693,37292,California
Yolo,2021-02-23,1125,51975,842,23429,283,28546,0,0,438,23523,685,14207,438,37730,California
Yolo,2021-02-24,2091,54066,590,24019,1501,30047,0,0,1381,24196,708,14915,1381,39111,California
Yolo,2021-02-25,1342,55408,447,24466,895,30942,0,0,876,24607,465,15380,876,39987,California
Yolo,2021-02-26,2600,58008,1012,25478,1588,32530,0,0,1394,24798,1203,16583,1394,41381,California
Yolo,2021-02-27,1657,59665,766,26244,891,33421,0,0,1207,25555,450,17033,1207,42588,California
Yolo,2021-02-28,1775,61440,1493,27737,282,33703,0,0,680,25142,1093,18126,680,43268,California
Yolo,2021-03-01,1102,62542,365,28102,737,34440,0,0,670,25382,430,18556,670,43938,California
Yolo,2021-03-02,1462,64004,681,28783,781,35221,0,0,931,25782,531,19087,931,44869,California
Yolo,2021-03-03,1839,65843,630,29413,1209,36430,0,0,833,25611,1004,20091,833,45702,California
Yolo,2021-03-04,2909,68752,1453,30866,1456,37886,0,0,1575,25855,1331,21422,1575,47277,California
Yolo,2021-03-05,2350,71102,1398,32264,941,38827,11,11,1473,26463,876,22298,1484,48761,California
Yolo,2021-03-06,1469,72571,1121,33385,319,39146,29,40,837,26700,629,22927,866,49627,California
Yolo,2021-03-07,907,73478,672,34057,221,39367,14,54,772,27351,135,23062,786,50413,California
Yolo,2021-03-08,1091,74569,486,34543,562,39929,43,97,763,27831,327,23389,807,51220,California
Yolo,2021-03-09,1243,75812,671,35214,512,40441,60,157,754,28158,487,23876,814,52034,California
Yolo,2021-03-10,1794,77606,1048,36262,457,40898,289,446,752,28154,1039,24915,1035,53069,California
Yolo,2021-03-11,2282,79888,1539,37801,677,41575,66,512,1570,29080,711,25626,1637,54706,California
Yolo,2021-03-12,2889,82777,1344,39145,1465,43040,80,592,1367,29012,1514,27140,1446,56152,California
Yolo,2021-03-13,1843,84620,730,39875,936,43976,177,769,1008,29365,832,27972,1185,57337,California
Yolo,2021-03-14,1004,85624,211,40086,643,44619,150,919,522,29552,481,28453,668,58005,California
Yolo,2021-03-15,1325,86949,774,40860,375,44994,176,1095,709,29821,614,29067,883,58888,California
Yolo,2021-03-16,1869,88818,717,41577,1080,46074,72,1167,1103,30230,766,29833,1175,60063,California
Yolo,2021-03-17,2487,91305,969,42546,1446,47520,72,1239,1705,31259,779,30612,1808,61871,California
Yolo,2021-03-18,2898,94203,900,43446,1774,49294,224,1463,1180,30949,1714,32326,1404,63275,California
Yolo,2021-03-19,2072,96275,849,44295,1155,50449,68,1531,1081,31113,985,33311,1149,64424,California
Yolo,2021-03-20,2748,99023,817,45112,1890,52339,41,1572,1115,30644,1627,34938,1158,65582,California
Yolo,2021-03-21,316,99339,215,45327,93,52432,8,1580,229,30795,86,35024,237,65819,California
Yolo,2021-03-22,1396,100735,487,45814,853,53285,56,1636,918,31293,475,35499,973,66792,California
Yolo,2021-03-23,1730,102465,932,46746,742,54027,56,1692,1072,31763,657,36156,1127,67919,California
Yolo,2021-03-24,2850,105315,1393,48139,1408,55435,49,1741,1422,31819,1416,37572,1472,69391,California
Yolo,2021-03-25,2433,107748,1303,49442,1103,56538,27,1768,1168,31759,1255,38827,1195,70586,California
Yolo,2021-03-26,2388,110136,1245,50687,1124,57662,19,1787,1024,31444,1357,40184,1042,71628,California
Yolo,2021-03-27,1650,111786,455,51142,1179,58841,16,1803,762,31335,887,41071,778,72406,California
Yolo,2021-03-28,1107,112893,862,52004,227,59068,18,1821,277,30804,826,41897,295,72701,California
Yolo,2021-03-29,2011,114904,821,52825,1160,60228,30,1851,982,30791,1025,42922,1012,73713,California
Yolo,2021-03-30,2269,117173,1069,53894,1177,61405,23,1874,1181,30912,1083,44005,1204,74917,California
Yolo,2021-03-31,2340,119513,1214,55108,1090,62495,36,1910,1196,31001,1143,45148,1232,76149,California
Yolo,2021-04-01,3753,123266,1768,56876,1511,64006,474,2384,1558,30840,2192,47340,2031,78180,California
Yolo,2021-04-02,3373,126639,1502,58378,1727,65733,144,2528,2087,31791,1280,48620,2231,80411,California
Yolo,2021-04-03,1786,128425,1078,59456,493,66226,215,2743,797,31815,988,49608,1012,81423,California
Yolo,2021-04-04,386,128811,150,59606,174,66400,62,2805,145,31781,241,49849,207,81630,California
Yolo,2021-04-05,1903,130714,730,60336,1075,67475,98,2903,1007,31995,891,50740,1105,82735,California
Yolo,2021-04-06,2563,133277,1301,61637,1091,68566,171,3074,1311,32235,1243,51983,1483,84218,California
Yolo,2021-04-07,2965,136242,1509,63146,1105,69671,351,3425,1914,33459,1045,53028,2269,86487,California
Yolo,2021-04-08,2412,138654,998,64144,943,70614,471,3896,1022,33562,1386,54414,1489,87976,California
Yolo,2021-04-09,2537,141191,887,65031,1073,71687,577,4473,825,33248,1709,56123,1395,89371,California
Yolo,2021-04-10,1710,142901,794,65825,740,72427,176,4649,1007,33731,699,56822,1182,90553,California
Yolo,2021-04-11,862,143763,257,66082,560,72987,45,4694,339,33594,520,57342,383,90936,California
Yolo,2021-04-12,1761,145524,521,66603,1096,74083,144,4838,1090,34160,668,58010,1234,92170,California
Yolo,2021-04-13,1938,147462,882,67485,1056,75139,0,4838,1008,34240,928,58938,1008,93178,California
Yolo,2021-04-14,2756,150218,756,68241,2000,77139,0,4838,1371,34230,1381,60319,1371,94549,California
Yolo,2021-04-15,3223,153441,1047,69288,2176,79315,0,4838,2261,35533,958,61277,2261,96810,California
Yolo,2021-04-16,3004,156445,1928,71216,1076,80391,0,4838,1916,36368,1081,62358,1916,98726,California
Yolo,2021-04-17,1516,157961,421,71637,1095,81486,0,4838,747,36349,766,63124,747,99473,California
Yolo,2021-04-18,592,158553,264,71901,328,81814,0,4838,348,36456,241,63365,348,99821,California
Yolo,2021-04-19,1667,160220,719,72620,947,82761,1,4839,769,36333,893,64258,770,100591,California
Yolo,2021-04-20,1998,162218,1011,73631,987,83748,0,4839,1073,36483,923,65181,1073,101664,California
Yolo,2021-04-21,1994,164212,992,74623,1002,84750,0,4839,1094,36681,896,66077,1094,102758,California
Yolo,2021-04-22,1796,166008,739,75362,1057,85807,0,4839,948,36787,843,66920,949,103707,California
Yolo,2021-04-23,2583,168591,1496,76858,1087,86894,0,4839,1158,36530,1415,68335,1158,104865,California
Yolo,2021-04-24,1152,169743,630,77488,520,87414,2,4841,454,36296,690,69025,456,105321,California
Yolo,2021-04-25,943,170686,402,77890,541,87955,0,4841,722,36798,220,69245,722,106043,California
Yolo,2021-04-26,1159,171845,436,78326,720,88675,3,4844,474,36593,683,69928,478,106521,California
Yolo,2021-04-27,1454,173299,665,78991,780,89455,9,4853,557,36264,897,70825,568,107089,California
Yolo,2021-04-28,2011,175310,994,79985,990,90445,27,4880,705,35693,1303,72128,732,107821,California
Yolo,2021-04-29,1705,177015,781,80766,841,91286,83,4963,646,35364,1058,73186,729,108550,California
Yolo,2021-04-30,1988,179003,975,81741,956,92242,57,5020,961,35361,1021,74207,1018,109568,California
Yolo,2021-05-01,1269,180272,983,82724,266,92508,20,5040,386,34885,882,75089,406,109974,California
Yolo,2021-05-02,495,180767,401,83125,71,92579,23,5063,322,35057,173,75262,345,110319,California
Yolo,2021-05-03,1087,181854,373,83498,681,93260,33,5096,292,34589,792,76054,324,110643,California
Yolo,2021-05-04,1446,183300,658,84156,762,94022,26,5122,492,34157,950,77004,518,111161,California
Yolo,2021-05-05,1538,184838,419,84575,1058,95080,61,5183,437,33562,1093,78097,498,111659,California
Yolo,2021-05-06,1445,186283,669,85244,698,95778,78,5261,456,33113,982,79079,533,112192,California
Yolo,2021-05-07,2272,188555,1367,86611,861,96639,44,5305,453,31797,1813,80892,497,112689,California
Yolo,2021-05-08,813,189368,350,86961,406,97045,57,5362,303,31649,507,81399,359,113048,California
Yolo,2021-05-09,381,189749,151,87112,218,97263,12,5374,86,31452,294,81693,97,113145,California
Yolo,2021-05-10,728,190477,274,87386,427,97690,27,5401,116,30983,611,82304,142,113287,California
Yuba,2020-12-16,4,4,4,4,0,0,0,0,4,4,0,0,4,4,California
Yuba,2020-12-17,4,8,4,8,0,0,0,0,4,8,0,0,4,8,California
Yuba,2020-12-18,8,16,8,16,0,0,0,0,8,16,0,0,8,16,California
Yuba,2020-12-19,12,28,12,28,0,0,0,0,12,28,0,0,12,28,California
Yuba,2020-12-20,20,48,20,48,0,0,0,0,20,48,0,0,20,48,California
Yuba,2020-12-21,40,88,40,88,0,0,0,0,40,88,0,0,40,88,California
Yuba,2020-12-22,86,174,86,174,0,0,0,0,86,174,0,0,86,174,California
Yuba,2020-12-23,64,238,62,236,2,2,0,0,64,238,0,0,64,238,California
Yuba,2020-12-24,20,258,10,246,10,12,0,0,20,258,0,0,20,258,California
Yuba,2020-12-26,15,273,13,259,2,14,0,0,15,273,0,0,15,273,California
Yuba,2020-12-27,15,288,15,274,0,14,0,0,15,288,0,0,15,288,California
Yuba,2020-12-28,51,339,35,309,16,30,0,0,51,339,0,0,51,339,California
Yuba,2020-12-29,75,414,10,319,65,95,0,0,75,414,0,0,75,414,California
Yuba,2020-12-30,64,478,20,339,44,139,0,0,64,478,0,0,64,478,California
Yuba,2020-12-31,38,516,7,346,31,170,0,0,38,516,0,0,38,516,California
Yuba,2021-01-02,23,539,22,368,1,171,0,0,23,539,0,0,23,539,California
Yuba,2021-01-03,10,549,6,374,4,175,0,0,10,549,0,0,10,549,California
Yuba,2021-01-04,90,639,21,395,69,244,0,0,90,639,0,0,90,639,California
Yuba,2021-01-05,70,709,38,433,32,276,0,0,69,707,1,1,69,708,California
Yuba,2021-01-06,154,863,76,509,78,354,0,0,148,849,6,7,148,856,California
Yuba,2021-01-07,75,938,19,528,56,410,0,0,72,917,4,11,72,928,California
Yuba,2021-01-08,73,1011,25,553,48,458,0,0,66,976,7,18,66,994,California
Yuba,2021-01-09,19,1030,16,569,3,461,0,0,11,979,8,26,11,1005,California
Yuba,2021-01-10,117,1147,22,591,95,556,0,0,95,1052,22,48,95,1100,California
Yuba,2021-01-11,72,1219,50,641,22,578,0,0,32,1044,40,88,32,1132,California
Yuba,2021-01-12,107,1326,77,718,30,608,0,0,42,1021,65,153,42,1174,California
Yuba,2021-01-13,119,1445,72,790,47,655,0,0,54,1011,64,217,54,1228,California
Yuba,2021-01-14,109,1554,43,833,66,721,0,0,97,1096,12,229,97,1325,California
Yuba,2021-01-15,206,1760,88,921,118,839,0,0,195,1280,11,240,195,1520,California
Yuba,2021-01-16,184,1944,21,942,163,1002,0,0,172,1439,13,253,172,1692,California
Yuba,2021-01-17,13,1957,9,951,4,1006,0,0,7,1440,6,259,7,1699,California
Yuba,2021-01-18,60,2017,32,983,28,1034,0,0,35,1450,25,284,35,1734,California
Yuba,2021-01-19,80,2097,29,1012,51,1085,0,0,65,1500,15,299,65,1799,California
Yuba,2021-01-20,133,2230,87,1099,46,1131,0,0,110,1587,23,322,110,1909,California
Yuba,2021-01-21,212,2442,96,1195,116,1247,0,0,204,1783,8,330,204,2113,California
Yuba,2021-01-22,103,2545,6,1201,97,1344,0,0,94,1868,9,339,94,2207,California
Yuba,2021-01-23,200,2745,7,1208,193,1537,0,0,197,2062,3,342,197,2404,California
Yuba,2021-01-24,10,2755,7,1215,3,1540,0,0,8,2068,2,344,8,2412,California
Yuba,2021-01-25,84,2839,28,1243,56,1596,0,0,53,2091,30,374,53,2465,California
Yuba,2021-01-26,148,2987,39,1282,109,1705,0,0,90,2123,58,432,90,2555,California
Yuba,2021-01-27,183,3170,128,1410,55,1760,0,0,115,2170,68,500,115,2670,California
Yuba,2021-01-28,217,3387,79,1489,138,1898,0,0,175,2303,42,542,175,2845,California
Yuba,2021-01-29,159,3546,56,1545,103,2001,0,0,112,2368,47,589,112,2957,California
Yuba,2021-01-30,410,3956,23,1568,387,2388,0,0,399,2756,11,600,399,3356,California
Yuba,2021-01-31,17,3973,12,1580,5,2393,0,0,15,2769,2,602,15,3371,California
Yuba,2021-02-01,155,4128,75,1655,80,2473,0,0,131,2878,23,625,132,3503,California
Yuba,2021-02-02,123,4251,23,1678,100,2573,0,0,101,2957,22,647,101,3604,California
Yuba,2021-02-03,226,4477,29,1707,197,2770,0,0,114,2960,111,758,114,3718,California
Yuba,2021-02-04,295,4772,120,1827,175,2945,0,0,252,3169,43,801,252,3970,California
Yuba,2021-02-05,147,4919,32,1859,115,3060,0,0,71,3164,76,877,71,4041,California
Yuba,2021-02-06,449,5368,26,1885,423,3483,0,0,441,3597,8,885,441,4482,California
Yuba,2021-02-07,18,5386,11,1896,7,3490,0,0,15,3609,3,888,15,4497,California
Yuba,2021-02-08,96,5482,35,1931,61,3551,0,0,66,3645,30,918,66,4563,California
Yuba,2021-02-09,153,5635,55,1986,98,3649,0,0,84,3660,69,987,84,4647,California
Yuba,2021-02-10,352,5987,172,2158,180,3829,0,0,114,3537,237,1224,114,4761,California
Yuba,2021-02-11,396,6383,63,2221,333,4162,0,0,299,3741,95,1319,299,5060,California
Yuba,2021-02-12,265,6648,27,2248,238,4400,0,0,151,3778,114,1433,151,5211,California
Yuba,2021-02-13,435,7083,35,2283,400,4800,0,0,387,4117,48,1481,387,5598,California
Yuba,2021-02-14,54,7137,11,2294,43,4843,0,0,49,4161,5,1486,49,5647,California
Yuba,2021-02-15,87,7224,36,2330,51,4894,0,0,68,4210,19,1505,68,5715,California
Yuba,2021-02-16,199,7423,53,2383,146,5040,0,0,140,4292,58,1563,140,5855,California
Yuba,2021-02-17,372,7795,156,2539,216,5256,0,0,99,4119,272,1835,99,5954,California
Yuba,2021-02-18,317,8112,46,2585,271,5527,0,0,194,4190,123,1958,194,6148,California
Yuba,2021-02-19,225,8337,83,2668,142,5669,0,0,142,4249,83,2041,142,6290,California
Yuba,2021-02-20,389,8726,30,2698,359,6028,0,0,335,4530,54,2095,335,6625,California
Yuba,2021-02-21,17,8743,14,2712,3,6031,0,0,7,4527,10,2105,7,6632,California
Yuba,2021-02-22,128,8871,79,2791,49,6080,0,0,38,4476,89,2194,38,6670,California
Yuba,2021-02-23,113,8984,25,2816,88,6168,0,0,46,4456,66,2260,46,6716,California
Yuba,2021-02-24,481,9465,135,2951,346,6514,0,0,107,4189,374,2634,107,6823,California
Yuba,2021-02-25,337,9802,133,3084,204,6718,0,0,208,4268,129,2763,208,7031,California
Yuba,2021-02-26,256,10058,67,3151,189,6907,0,0,143,4300,111,2874,143,7174,California
Yuba,2021-02-27,472,10530,47,3198,425,7332,0,0,383,4596,87,2961,383,7557,California
Yuba,2021-02-28,66,10596,21,3219,45,7377,0,0,45,4620,21,2982,45,7602,California
Yuba,2021-03-01,156,10752,40,3259,116,7493,0,0,80,4625,75,3057,80,7682,California
Yuba,2021-03-02,159,10911,36,3295,123,7616,0,0,79,4624,80,3137,79,7761,California
Yuba,2021-03-03,622,11533,159,3454,463,8079,0,0,200,4403,421,3558,200,7961,California
Yuba,2021-03-04,466,11999,270,3724,196,8275,0,0,325,4588,140,3698,325,8286,California
Yuba,2021-03-05,317,12316,60,3784,256,8531,1,1,249,4770,68,3766,250,8536,California
Yuba,2021-03-06,474,12790,35,3819,435,8966,4,5,368,5036,106,3872,372,8908,California
Yuba,2021-03-07,49,12839,27,3846,21,8987,1,6,33,5054,16,3888,34,8942,California
Yuba,2021-03-08,160,12999,49,3895,95,9082,16,22,101,5112,59,3947,117,9059,California
Yuba,2021-03-09,176,13175,47,3942,110,9192,19,41,84,5123,92,4039,103,9162,California
Yuba,2021-03-10,736,13911,233,4175,473,9665,30,71,232,4882,503,4542,262,9424,California
Yuba,2021-03-11,428,14339,187,4362,229,9894,12,83,295,5056,133,4675,307,9731,California
Yuba,2021-03-12,461,14800,86,4448,321,10215,54,137,150,4949,311,4986,204,9935,California
Yuba,2021-03-13,455,15255,335,4783,105,10320,15,152,361,5232,93,5079,376,10311,California
Yuba,2021-03-14,107,15362,21,4804,76,10396,10,162,46,5228,60,5139,56,10367,California
Yuba,2021-03-15,190,15552,49,4853,124,10520,17,179,96,5247,94,5233,113,10480,California
Yuba,2021-03-16,290,15842,71,4924,194,10714,25,204,177,5337,112,5345,202,10682,California
Yuba,2021-03-17,739,16581,162,5086,548,11262,29,233,193,5015,544,5889,222,10904,California
Yuba,2021-03-18,571,17152,150,5236,309,11571,112,345,349,5253,222,6111,460,11364,California
Yuba,2021-03-19,325,17477,120,5356,156,11727,49,394,186,5350,138,6249,235,11599,California
Yuba,2021-03-20,555,18032,81,5437,456,12183,18,412,475,5764,79,6328,493,12092,California
Yuba,2021-03-21,60,18092,35,5472,25,12208,0,412,48,5800,12,6340,48,12140,California
Yuba,2021-03-22,190,18282,70,5542,113,12321,7,419,148,5913,42,6382,155,12295,California
Yuba,2021-03-23,264,18546,80,5622,157,12478,27,446,177,6032,85,6467,204,12499,California
Yuba,2021-03-24,767,19313,254,5876,432,12910,81,527,188,5723,577,7044,268,12767,California
Yuba,2021-03-25,497,19810,263,6139,212,13122,22,549,244,5736,253,7297,266,13033,California
Yuba,2021-03-26,390,20200,143,6282,220,13342,27,576,224,5822,165,7462,251,13284,California
Yuba,2021-03-27,460,20660,27,6309,430,13772,3,579,405,6175,54,7516,407,13691,California
Yuba,2021-03-28,99,20759,40,6349,55,13827,4,583,37,6154,62,7578,41,13732,California
Yuba,2021-03-29,295,21054,86,6435,177,14004,32,615,179,6249,116,7694,211,13943,California
Yuba,2021-03-30,274,21328,68,6503,198,14202,8,623,190,6363,84,7778,198,14141,California
Yuba,2021-03-31,667,21995,113,6616,542,14744,12,635,237,6183,429,8207,249,14390,California
Yuba,2021-04-01,614,22609,282,6898,303,15047,29,664,281,6160,333,8540,310,14700,California
Yuba,2021-04-02,493,23102,94,6992,316,15363,83,747,187,6124,305,8845,269,14969,California
Yuba,2021-04-03,653,23755,55,7047,116,15479,482,1229,87,6128,565,9410,569,15538,California
Yuba,2021-04-04,58,23813,11,7058,41,15520,6,1235,33,6142,25,9435,39,15577,California
Yuba,2021-04-05,245,24058,78,7136,146,15666,21,1256,123,6165,120,9555,143,15720,California
Yuba,2021-04-06,354,24412,114,7250,179,15845,61,1317,170,6213,183,9738,231,15951,California
Yuba,2021-04-07,770,25182,396,7646,321,16166,53,1370,346,6190,421,10159,398,16349,California
Yuba,2021-04-08,721,25903,288,7934,171,16337,262,1632,255,6241,465,10624,516,16865,California
Yuba,2021-04-09,393,26296,169,8103,158,16495,66,1698,159,6233,233,10857,225,17090,California
Yuba,2021-04-10,594,26890,73,8176,74,16569,447,2145,73,6232,519,11376,518,17608,California
Yuba,2021-04-11,96,26986,20,8196,64,16633,12,2157,37,6222,59,11435,49,17657,California
Yuba,2021-04-12,210,27196,46,8242,135,16768,29,2186,80,6202,129,11564,109,17766,California
Yuba,2021-04-13,394,27590,100,8342,294,17062,0,2186,202,6213,191,11755,202,17968,California
Yuba,2021-04-14,692,28282,109,8451,583,17645,0,2186,118,5758,573,12328,118,18086,California
Yuba,2021-04-15,330,28612,123,8574,207,17852,0,2186,144,5716,186,12514,144,18230,California
Yuba,2021-04-16,331,28943,101,8675,230,18082,0,2186,179,5743,152,12666,179,18409,California
Yuba,2021-04-17,392,29335,55,8730,337,18419,0,2186,321,5994,70,12736,321,18730,California
Yuba,2021-04-18,52,29387,9,8739,43,18462,0,2186,24,5990,28,12764,24,18754,California
Yuba,2021-04-19,245,29632,102,8841,143,18605,0,2186,104,5953,141,12905,104,18858,California
Yuba,2021-04-20,301,29933,78,8919,223,18828,0,2186,175,6004,125,13030,176,19034,California
Yuba,2021-04-21,705,30638,287,9206,418,19246,0,2186,304,5907,401,13431,304,19338,California
Yuba,2021-04-22,314,30952,120,9326,194,19440,0,2186,180,5953,134,13565,180,19518,California
Yuba,2021-04-23,336,31288,107,9433,229,19669,0,2186,162,5942,173,13738,162,19680,California
Yuba,2021-04-24,216,31504,68,9501,148,19817,0,2186,123,5972,93,13831,123,19803,California
Yuba,2021-04-25,74,31578,30,9531,44,19861,0,2186,37,5972,37,13868,37,19840,California
Yuba,2021-04-26,217,31795,47,9578,166,20027,4,2190,99,5957,118,13986,103,19943,California
Yuba,2021-04-27,458,32253,149,9727,299,20326,10,2200,225,5961,231,14217,235,20178,California
Yuba,2021-04-28,430,32683,174,9901,251,20577,5,2205,144,5830,280,14497,149,20327,California
Yuba,2021-04-29,425,33108,64,9965,360,20937,1,2206,144,5695,280,14777,145,20472,California
Yuba,2021-04-30,324,33432,89,10054,206,21143,29,2235,140,5682,182,14959,169,20641,California
Yuba,2021-05-01,201,33633,93,10147,90,21233,18,2253,87,5674,113,15072,105,20746,California
Yuba,2021-05-02,64,33697,34,10181,26,21259,4,2257,37,5688,27,15099,41,20787,California
Yuba,2021-05-03,141,33838,64,10245,68,21327,9,2266,45,5649,93,15192,54,20841,California
Yuba,2021-05-04,286,34124,93,10338,172,21499,21,2287,127,5638,159,15351,148,20989,California
Yuba,2021-05-05,305,34429,76,10414,222,21721,7,2294,106,5552,199,15550,113,21102,California
Yuba,2021-05-06,227,34656,98,10512,91,21812,38,2332,76,5518,148,15698,114,21216,California
Yuba,2021-05-07,352,35008,97,10609,230,22042,25,2357,120,5430,232,15930,144,21360,California
Yuba,2021-05-08,102,35110,29,10638,70,22112,3,2360,43,5417,59,15989,46,21406,California
Yuba,2021-05-09,50,35160,23,10661,24,22136,3,2363,35,5440,15,16004,38,21444,California
Yuba,2021-05-10,97,35257,22,10683,73,22209,2,2365,35,5416,61,16065,37,21481,California
