county,administered_date,total_doses,cumulative_total_doses,pfizer_doses,cumulative_pfizer_doses,moderna_doses,cumulative_moderna_doses,jj_doses,cumulative_jj_doses,partially_vaccinated,total_partially_vaccinated,fully_vaccinated,cumulative_fully_vaccinated,at_least_one_dose,cumulative_at_least_one_dose,california_flag
All CA Counties,2020-12-15,1134,1134,1134,1134,0,0,0,0,1134,1134,0,0,1134,1134,
All CA Counties,2020-12-16,8119,9253,8119,9253,0,0,0,0,8119,9253,0,0,8119,9253,
All CA Counties,2020-12-17,25719,34972,25719,34972,0,0,0,0,25721,34974,0,0,25721,34974,
All CA Counties,2020-12-18,43750,78722,43696,78668,54,54,0,0,43751,78725,0,0,43751,78725,
All CA Counties,2020-12-19,25203,103925,25180,103848,23,77,0,0,25202,103926,1,1,25202,103927,
All CA Counties,2020-12-20,18945,122870,18913,122761,32,109,0,0,18944,122869,1,2,18944,122871,
All CA Counties,2020-12-21,49538,172408,49456,172217,82,191,0,0,49541,172409,1,3,49541,172412,
All CA Counties,2020-12-22,49857,222265,47745,219962,2112,2303,0,0,49855,222263,1,4,49855,222267,
All CA Counties,2020-12-23,50254,272519,41544,261506,8710,11013,0,0,50250,272513,0,4,50250,272517,
All CA Counties,2020-12-24,24019,296538,16322,277828,7697,18710,0,0,24016,296528,1,5,24016,296533,
All CA Counties,2020-12-25,2334,298872,2013,279841,321,19031,0,0,2334,298862,0,5,2334,298867,
All CA Counties,2020-12-26,14608,313480,9436,289277,5172,24203,0,0,14607,313468,1,6,14607,313474,
All CA Counties,2020-12-27,9389,322869,5566,294843,3823,28026,0,0,9388,322855,1,7,9388,322862,
All CA Counties,2020-12-28,45656,368525,29273,324116,16383,44409,0,0,45654,368506,3,10,45654,368516,
All CA Counties,2020-12-29,51028,419553,28514,352630,22514,66923,0,0,51024,419527,3,13,51024,419540,
All CA Counties,2020-12-30,62924,482477,35648,388278,27276,94199,0,0,62918,482442,3,16,62918,482458,
All CA Counties,2020-12-31,29294,511771,10843,399121,18451,112650,0,0,29286,511723,5,21,29286,511744,
All CA Counties,2021-01-01,4000,515771,1766,400887,2234,114884,0,0,3996,515716,3,24,3996,515740,
All CA Counties,2021-01-02,18471,534242,10246,411133,8225,123109,0,0,18470,534186,0,24,18470,534210,
All CA Counties,2021-01-03,6148,540390,3478,414611,2670,125779,0,0,6119,540293,12,36,6119,540329,
All CA Counties,2021-01-04,43517,583907,22072,436683,21445,147224,0,0,43438,583688,43,79,43438,583767,
All CA Counties,2021-01-05,56321,640228,29650,466333,26671,173895,0,0,50885,629279,5380,5459,50971,634738,
All CA Counties,2021-01-06,73233,713461,40442,506775,32791,206686,0,0,57943,672137,15113,20572,57971,692709,
All CA Counties,2021-01-07,91774,805235,52174,558949,39600,246286,0,0,61252,703079,30356,50928,61298,754007,
All CA Counties,2021-01-08,106437,911672,63972,622921,42465,288751,0,0,65386,727605,40919,91847,65445,819452,
All CA Counties,2021-01-09,44171,955843,25447,648368,18724,307475,0,0,27691,738863,16458,108305,27716,847168,
All CA Counties,2021-01-10,24266,980109,14827,663195,9439,316914,0,0,13048,740726,11202,119507,13065,860233,
All CA Counties,2021-01-11,104212,1084321,69340,732535,34872,351786,0,0,60504,757726,43669,163176,60669,920902,
All CA Counties,2021-01-12,112520,1196841,66426,798961,46094,397880,0,0,71582,788674,40859,204035,71807,992709,
All CA Counties,2021-01-13,118619,1315460,61460,860421,57159,455039,0,0,84999,840213,33535,237570,85074,1077783,
All CA Counties,2021-01-14,123339,1438799,49520,909941,73819,528858,0,0,103821,924764,19416,256986,103967,1181750,
All CA Counties,2021-01-15,141685,1580484,52056,961997,89629,618487,0,0,126691,1036739,14902,271888,126877,1308627,
All CA Counties,2021-01-16,80349,1660833,27382,989379,52967,671454,0,0,72825,1102113,7499,279387,72873,1381500,
All CA Counties,2021-01-17,48045,1708878,16784,1006163,31261,702715,0,0,44414,1142949,3623,283010,44459,1425959,
All CA Counties,2021-01-18,87668,1796546,45619,1051782,42049,744764,0,0,68526,1192571,19062,302072,68684,1494643,
All CA Counties,2021-01-19,141542,1938088,73397,1125179,68145,812909,0,0,110470,1272374,30980,333052,110783,1605426,
All CA Counties,2021-01-20,159187,2097275,81286,1206465,77901,890810,0,0,125763,1365171,33211,366263,126008,1731434,
All CA Counties,2021-01-21,172759,2270034,76689,1283154,96070,986880,0,0,153774,1500488,18782,385045,154099,1885533,
All CA Counties,2021-01-22,168922,2438956,69032,1352186,99890,1086770,0,0,154697,1641253,14095,399140,154860,2040393,
All CA Counties,2021-01-23,111028,2549984,49430,1401616,61598,1148368,0,0,98481,1727359,12489,411629,98595,2138988,
All CA Counties,2021-01-24,60894,2610878,29484,1431100,31410,1179778,0,0,56263,1779074,4600,416229,56315,2195303,
All CA Counties,2021-01-25,143884,2754762,64924,1496024,78960,1258738,0,0,109186,1854026,34579,450808,109531,2304834,
All CA Counties,2021-01-26,167691,2922453,82394,1578418,85297,1344035,0,0,130557,1947829,37009,487817,130812,2435646,
All CA Counties,2021-01-27,179630,3102083,87966,1666384,91664,1435699,0,0,140461,2049723,38768,526585,140662,2576308,
All CA Counties,2021-01-28,186919,3289002,86055,1752439,100864,1536563,0,0,153095,2169465,33542,560127,153284,2729592,
All CA Counties,2021-01-29,182661,3471663,87968,1840407,94693,1631256,0,0,148280,2284078,33817,593944,148430,2878022,
All CA Counties,2021-01-30,122726,3594389,55147,1895554,67579,1698835,0,0,107732,2377115,14832,608776,107869,2985891,
All CA Counties,2021-01-31,69195,3663584,38906,1934460,30289,1729124,0,0,64134,2436283,5015,613791,64183,3050074,
All CA Counties,2021-02-01,158218,3821802,72910,2007370,85308,1814432,0,0,120074,2518485,38001,651792,120203,3170277,
All CA Counties,2021-02-02,185729,4007531,79471,2086841,106258,1920690,0,0,139995,2613313,45383,697175,140211,3310488,
All CA Counties,2021-02-03,210010,4217541,94987,2181828,115023,2035713,0,0,156039,2716105,53479,750654,156271,3466759,
All CA Counties,2021-02-04,227474,4445015,99846,2281674,127628,2163341,0,0,166901,2823316,60034,810688,167245,3634004,
All CA Counties,2021-02-05,245374,4690389,106292,2387966,139082,2302423,0,0,166830,2912848,77793,888481,167325,3801329,
All CA Counties,2021-02-06,154464,4844853,74695,2462661,79769,2382192,0,0,119805,2998646,34492,922973,120290,3921619,
All CA Counties,2021-02-07,66643,4911496,43085,2505746,23558,2405750,0,0,50236,3033008,16321,939294,50683,3972302,
All CA Counties,2021-02-08,179993,5091489,88371,2594117,91622,2497372,0,0,118865,3091916,60675,999969,119583,4091885,
All CA Counties,2021-02-09,210372,5301861,101659,2695776,108713,2606085,0,0,126292,3135692,83641,1083610,127417,4219302,
All CA Counties,2021-02-10,247821,5549682,119673,2815449,128148,2734233,0,0,137699,3165547,109297,1192907,139152,4358454,
All CA Counties,2021-02-11,263622,5813304,130639,2946088,132983,2867216,0,0,144734,3194207,117839,1310746,146499,4504953,
All CA Counties,2021-02-12,271283,6084587,118904,3064992,152379,3019595,0,0,146623,3219311,123853,1434599,148957,4653910,
All CA Counties,2021-02-13,166295,6250882,77056,3142048,89239,3108834,0,0,91916,3239203,73964,1508563,93856,4747766,
All CA Counties,2021-02-14,95208,6346090,47456,3189504,47752,3156586,0,0,51581,3248980,43476,1552039,53253,4801019,
All CA Counties,2021-02-15,141610,6487700,62294,3251798,79316,3235902,0,0,78378,3267712,62869,1614908,81601,4882620,
All CA Counties,2021-02-16,247907,6735607,117617,3369415,130290,3366192,0,0,132907,3289392,114648,1729556,136328,5018948,
All CA Counties,2021-02-17,257527,6993134,128166,3497581,129361,3495553,0,0,128371,3292749,128660,1858216,132017,5150965,
All CA Counties,2021-02-18,271471,7264605,141696,3639277,129775,3625328,0,0,131826,3290275,138986,1997202,136512,5287477,
All CA Counties,2021-02-19,251519,7516124,145974,3785251,105545,3730873,0,0,130031,3301457,121022,2118224,132204,5419681,
All CA Counties,2021-02-20,151709,7667833,97156,3882407,54553,3785426,0,0,83415,3319106,68049,2186273,85698,5505379,
All CA Counties,2021-02-21,73241,7741074,59275,3941682,13966,3799392,0,0,35824,3320007,37193,2223466,38094,5543473,
All CA Counties,2021-02-22,162778,7903852,109187,4050869,53591,3852983,0,0,81641,3323307,80818,2304284,84118,5627591,
All CA Counties,2021-02-23,221846,8125698,116601,4167470,105245,3958228,0,0,103005,3314963,118294,2422578,109950,5737541,
All CA Counties,2021-02-24,280947,8406645,141789,4309259,139158,4097386,0,0,134020,3311238,146334,2568912,142609,5880150,
All CA Counties,2021-02-25,315782,8722427,154355,4463614,161427,4258813,0,0,165023,3335593,150115,2719027,174470,6054620,
All CA Counties,2021-02-26,349973,9072400,163130,4626744,186843,4445656,0,0,195940,3385673,153178,2872205,203258,6257878,
All CA Counties,2021-02-27,245775,9318175,117502,4744246,128255,4573911,18,18,139187,3423426,106023,2978228,143776,6401654,
All CA Counties,2021-02-28,129601,9447776,77350,4821596,52248,4626159,3,21,75909,3449814,53301,3031529,79689,6481343,
All CA Counties,2021-03-01,236500,9684276,125416,4947012,111029,4737188,55,76,136829,3492536,99025,3130554,141747,6623090,
All CA Counties,2021-03-02,275400,9959676,134014,5081026,141370,4878558,16,92,163965,3553374,110976,3241530,171814,6794904,
All CA Counties,2021-03-03,327232,10286908,161635,5242661,165556,5044114,41,133,187937,3610876,138665,3380195,196167,6991071,
All CA Counties,2021-03-04,346391,10633299,174383,5417044,171923,5216037,85,218,203020,3678909,142666,3522861,210699,7201770,
All CA Counties,2021-03-05,331505,10964804,161110,5578154,169285,5385322,1110,1328,205305,3767486,125451,3648312,214028,7415798,
All CA Counties,2021-03-06,255346,11220150,130244,5708398,117311,5502633,7791,9119,158263,3842078,96698,3745010,171290,7587088,
All CA Counties,2021-03-07,124168,11344318,75498,5783896,44621,5547254,4049,13168,77190,3881058,46809,3791819,85789,7672877,
All CA Counties,2021-03-08,215148,11559466,103505,5887401,101279,5648533,10364,23532,140266,3962162,74537,3866356,155641,7828518,
All CA Counties,2021-03-09,266518,11825984,115730,6003131,135013,5783546,15775,39307,143908,4005357,122175,3988531,165370,7993888,
All CA Counties,2021-03-10,313120,12139104,153783,6156914,135379,5918925,23958,63265,168347,4058975,144179,4132710,197797,8191685,
All CA Counties,2021-03-11,372277,12511381,179734,6336648,159647,6078572,32896,96161,191562,4108986,179846,4312556,229857,8421542,
All CA Counties,2021-03-12,388103,12899484,172748,6509396,169463,6248035,45892,142053,189553,4150651,197818,4510374,239483,8661025,
All CA Counties,2021-03-13,278294,13177778,121869,6631265,125651,6373686,30774,172827,150209,4208250,127669,4638043,185268,8846293,
All CA Counties,2021-03-14,152511,13330289,81422,6712687,56272,6429958,14817,187644,82278,4237739,69976,4708019,99465,8945758,
All CA Counties,2021-03-15,287443,13617732,136819,6849506,130269,6560227,20355,207999,157090,4288928,129673,4837692,180862,9126620,
All CA Counties,2021-03-16,366701,13984433,171639,7021145,177969,6738196,17093,225092,214650,4373174,151361,4989053,235607,9362227,
All CA Counties,2021-03-17,378700,14363133,186996,7208141,173401,6911597,18303,243395,235125,4486736,142838,5131891,256400,9618627,
All CA Counties,2021-03-18,394191,14757324,200313,7408454,176175,7087772,17703,261098,236581,4587543,156608,5288499,257415,9876042,
All CA Counties,2021-03-19,403511,15160835,211007,7619461,171173,7258945,21331,282429,236540,4681843,166069,5454568,260369,10136411,
All CA Counties,2021-03-20,289820,15450655,151959,7771420,122190,7381135,15671,298100,186195,4782622,103028,5557596,203807,10340218,
All CA Counties,2021-03-21,141259,15591914,97196,7868616,36678,7417813,7385,305485,89198,4830178,51759,5609355,99315,10439533,
All CA Counties,2021-03-22,268499,15860413,156553,8025169,101042,7518855,10904,316389,177569,4931917,90282,5699637,192021,10631554,
All CA Counties,2021-03-23,352296,16212709,193535,8218704,148097,7666952,10664,327053,226759,5047452,124713,5824350,240248,10871802,
All CA Counties,2021-03-24,381738,16594447,218939,8437643,150761,7817713,12038,339091,224882,5131883,155741,5980091,240172,11111974,
All CA Counties,2021-03-25,409796,17004243,225234,8662877,170232,7987945,14330,353421,236096,5212003,172511,6152602,252631,11364605,
All CA Counties,2021-03-26,426619,17430862,227501,8890378,183375,8171320,15743,369164,236102,5277420,189416,6342018,254833,11619438,
All CA Counties,2021-03-27,306500,17737362,162888,9053266,132316,8303636,11296,380460,157608,5300440,148150,6490168,171170,11790608,
All CA Counties,2021-03-28,165997,17903359,105949,9159215,56482,8360118,3566,384026,90917,5322166,74699,6564867,96425,11887033,
All CA Counties,2021-03-29,306233,18209592,165126,9324341,132565,8492683,8542,392568,174544,5376720,131025,6695892,185579,12072612,
All CA Counties,2021-03-30,393536,18603128,198906,9523247,177014,8669697,17616,410184,239600,5482535,153242,6849134,259057,12331669,
All CA Counties,2021-03-31,419299,19022427,227912,9751159,170244,8839941,21143,431327,240997,5568326,177450,7026584,263241,12594910,
All CA Counties,2021-04-01,480900,19503327,245697,9996856,196434,9036375,38769,470096,266775,5662018,213097,7239681,306789,12901699,
All CA Counties,2021-04-02,463694,19967021,226354,10223210,195768,9232143,41572,511668,253777,5750224,208828,7448509,297034,13198733,
All CA Counties,2021-04-03,322998,20290019,164162,10387372,118652,9350795,40184,551852,162295,5794004,160136,7608645,203916,13402649,
All CA Counties,2021-04-04,131282,20421301,68537,10455909,43985,9394780,18760,570612,58651,5799263,72387,7681032,77646,13480295,
All CA Counties,2021-04-05,348444,20769745,179661,10635570,129905,9524685,38878,609490,173613,5840227,174253,7855285,215217,13695512,
All CA Counties,2021-04-06,453011,21222756,230135,10865705,158211,9682896,64665,674155,221623,5898464,230569,8085854,288806,13984318,
All CA Counties,2021-04-07,466124,21688880,242554,11108259,154638,9837534,68932,743087,229070,5962494,236229,8322083,300259,14284577,
All CA Counties,2021-04-08,492468,22181348,249035,11357294,160285,9997819,83148,826235,233357,6023269,258101,8580184,318876,14603453,
All CA Counties,2021-04-09,482937,22664285,240404,11597698,164088,10161907,78445,904680,224118,6071468,257892,8838076,306091,14909544,
All CA Counties,2021-04-10,360752,23025037,165416,11763114,122636,10284543,72700,977380,152790,6092580,207320,9045396,228432,15137976,
All CA Counties,2021-04-11,184317,23209354,102973,11866087,47608,10332151,33736,1011116,76386,6098584,107623,9153019,113627,15251603,
All CA Counties,2021-04-12,335553,23544907,172800,12038887,125463,10457614,37290,1048406,156622,6117950,178093,9331112,197459,15449062,
All CA Counties,2021-04-13,426133,23971040,237679,12276566,187536,10645150,918,1049324,237910,6173301,187348,9518460,242699,15691761,
All CA Counties,2021-04-14,443583,24414623,249489,12526055,193827,10838977,267,1049591,233223,6203556,209339,9727799,239594,15931355,
All CA Counties,2021-04-15,482333,24896956,281348,12807403,200759,11039736,226,1049817,271864,6271010,209195,9936994,276649,16208004,
All CA Counties,2021-04-16,465449,25362405,262547,13069950,202601,11242337,301,1050118,249576,6308973,214806,10151800,252769,16460773,
All CA Counties,2021-04-17,331738,25694143,186627,13256577,145071,11387408,40,1050158,187920,6357669,143144,10294944,191840,16652613,
All CA Counties,2021-04-18,151333,25845476,95833,13352410,55486,11442894,14,1050172,79022,6368361,71964,10366908,82656,16735269,
All CA Counties,2021-04-19,313797,26159273,181415,13533825,132302,11575196,80,1050252,149071,6356590,163956,10530864,152185,16887454,
All CA Counties,2021-04-20,401779,26561052,213839,13747664,187894,11763090,46,1050298,200814,6362860,200063,10730927,206333,17093787,
All CA Counties,2021-04-21,414633,26975685,235153,13982817,179228,11942318,252,1050550,200415,6356417,213021,10943948,206578,17300365,
All CA Counties,2021-04-22,437514,27413199,248565,14231382,188877,12131195,72,1050622,196751,6320871,239546,11183494,204000,17504365,
All CA Counties,2021-04-23,429779,27842978,245399,14476781,184299,12315494,81,1050703,195775,6294444,232815,11416309,206388,17710753,
All CA Counties,2021-04-24,318399,28161377,201665,14678446,116577,12432071,157,1050860,162686,6309770,154859,11571168,170185,17880938,
All CA Counties,2021-04-25,147981,28309358,97655,14776101,50265,12482336,61,1050921,79510,6323631,68090,11639258,81951,17962889,
All CA Counties,2021-04-26,267334,28576692,156181,14932282,109747,12592083,1406,1052327,116080,6299129,150456,11789714,125954,18088843,
All CA Counties,2021-04-27,335855,28912547,185754,15118036,144783,12736866,5318,1057645,135033,6248417,199848,11989562,149136,18237979,
All CA Counties,2021-04-28,342761,29255308,196532,15314568,138570,12875436,7659,1065304,139601,6201281,202249,12191811,155113,18393092,
All CA Counties,2021-04-29,350819,29606127,202615,15517183,140531,13015967,7673,1072977,126326,6120313,223501,12415312,142533,18535625,
All CA Counties,2021-04-30,362370,29968497,208425,15725608,145403,13161370,8542,1081519,137669,6050251,223682,12638994,153620,18689245,
All CA Counties,2021-05-01,242302,30210799,154987,15880595,81513,13242883,5802,1087321,88685,5996620,152974,12791968,99343,18788588,
All CA Counties,2021-05-02,114374,30325173,79595,15960190,31053,13273936,3726,1091047,40539,5968600,73481,12865449,45461,18834049,
All CA Counties,2021-05-03,244339,30569512,149956,16110146,85990,13359926,8393,1099440,74176,5885166,169439,13034888,86005,18920054,
All CA Counties,2021-05-04,316604,30886116,193105,16303251,114139,13474065,9360,1108800,92729,5771084,222950,13257838,108868,19028922,
All CA Counties,2021-05-05,233559,31119675,149212,16452463,78478,13552543,5869,1114669,62695,5674219,170063,13427901,73198,19102120,
All CA Counties,2021-05-06,230535,31350210,152616,16605079,72006,13624549,5913,1120582,55112,5566276,174607,13602508,66664,19168784,
All CA Counties,2021-05-07,192490,31542700,130288,16735367,57838,13682387,4364,1124946,45297,5475176,146544,13749052,55444,19224228,
All CA and Non-CA Counties,2020-12-15,1141,1141,1141,1141,0,0,0,0,1141,1141,0,0,1141,1141,
All CA and Non-CA Counties,2020-12-16,8384,9525,8384,9525,0,0,0,0,8384,9525,0,0,8384,9525,
All CA and Non-CA Counties,2020-12-17,27321,36846,27321,36846,0,0,0,0,27321,36846,0,0,27321,36846,
All CA and Non-CA Counties,2020-12-18,46314,83160,46253,83099,61,61,0,0,46314,83160,0,0,46314,83160,
All CA and Non-CA Counties,2020-12-19,26323,109483,26299,109398,24,85,0,0,26322,109481,1,1,26322,109482,
All CA and Non-CA Counties,2020-12-20,19644,129127,19609,129007,35,120,0,0,19643,129123,1,2,19643,129125,
All CA and Non-CA Counties,2020-12-21,51729,180856,51644,180651,85,205,0,0,51727,180849,1,3,51727,180852,
All CA and Non-CA Counties,2020-12-22,51922,232778,49736,230387,2186,2391,0,0,51920,232768,1,4,51920,232772,
All CA and Non-CA Counties,2020-12-23,51772,284550,42928,273315,8844,11235,0,0,51768,284536,0,4,51768,284540,
All CA and Non-CA Counties,2020-12-24,24822,309372,16933,290248,7889,19124,0,0,24819,309354,1,5,24819,309359,
All CA and Non-CA Counties,2020-12-25,2367,311739,2042,292290,325,19449,0,0,2367,311721,0,5,2367,311726,
All CA and Non-CA Counties,2020-12-26,14915,326654,9640,301930,5275,24724,0,0,14914,326634,1,6,14914,326640,
All CA and Non-CA Counties,2020-12-27,9578,336232,5639,307569,3939,28663,0,0,9577,336210,1,7,9577,336217,
All CA and Non-CA Counties,2020-12-28,47072,383304,30171,337740,16901,45564,0,0,47069,383276,3,10,47069,383286,
All CA and Non-CA Counties,2020-12-29,52579,435883,29533,367273,23046,68610,0,0,52575,435848,3,13,52575,435861,
All CA and Non-CA Counties,2020-12-30,64903,500786,36934,404207,27969,96579,0,0,64895,500740,3,16,64895,500756,
All CA and Non-CA Counties,2020-12-31,30414,531200,11442,415649,18972,115551,0,0,30404,531138,6,22,30404,531160,
All CA and Non-CA Counties,2021-01-01,4111,535311,1789,417438,2322,117873,0,0,4107,535242,3,25,4107,535267,
All CA and Non-CA Counties,2021-01-02,18709,554020,10377,427815,8332,126205,0,0,18707,553948,1,26,18707,553974,
All CA and Non-CA Counties,2021-01-03,6318,560338,3568,431383,2750,128955,0,0,6289,560225,12,38,6289,560263,
All CA and Non-CA Counties,2021-01-04,44665,605003,22587,453970,22078,151033,0,0,44581,604763,43,81,44581,604844,
All CA and Non-CA Counties,2021-01-05,57861,662864,30461,484431,27400,178433,0,0,52235,651515,5569,5650,52321,657165,
All CA and Non-CA Counties,2021-01-06,75968,738832,42065,526496,33903,212336,0,0,59922,695600,15865,21515,59950,717115,
All CA and Non-CA Counties,2021-01-07,96024,834856,54814,581310,41210,253546,0,0,63810,727412,32046,53561,63858,780973,
All CA and Non-CA Counties,2021-01-08,110980,945836,66916,648226,44064,297610,0,0,68030,752696,42808,96369,68092,849065,
All CA and Non-CA Counties,2021-01-09,45490,991326,25975,674201,19515,317125,0,0,28686,764627,16782,113151,28713,877778,
All CA and Non-CA Counties,2021-01-10,24567,1015893,15007,689208,9560,326685,0,0,13230,766553,11321,124472,13247,891025,
All CA and Non-CA Counties,2021-01-11,107538,1123431,71372,760580,36166,362851,0,0,62494,784208,45004,169476,62659,953684,
All CA and Non-CA Counties,2021-01-12,116407,1239838,68745,829325,47662,410513,0,0,73926,815964,42397,211873,74153,1027837,
All CA and Non-CA Counties,2021-01-13,122318,1362156,63276,892601,59042,469555,0,0,87523,868853,34711,246584,87600,1115437,
All CA and Non-CA Counties,2021-01-14,127081,1489237,50797,943398,76284,545839,0,0,106924,955883,20042,266626,107072,1222509,
All CA and Non-CA Counties,2021-01-15,145953,1635190,53054,996452,92899,638738,0,0,130491,1071203,15357,281983,130677,1353186,
All CA and Non-CA Counties,2021-01-16,83049,1718239,27769,1024221,55280,694018,0,0,75356,1138941,7666,289649,75404,1428590,
All CA and Non-CA Counties,2021-01-17,48542,1766781,16935,1041156,31607,725625,0,0,44862,1180176,3672,293321,44907,1473497,
All CA and Non-CA Counties,2021-01-18,88917,1855698,46440,1087596,42477,768102,0,0,69317,1230133,19519,312840,69476,1542973,
All CA and Non-CA Counties,2021-01-19,145597,2001295,74736,1162332,70861,838963,0,0,113631,1312207,31873,344713,113947,1656920,
All CA and Non-CA Counties,2021-01-20,163654,2164949,82773,1245105,80881,919844,0,0,129246,1407506,34193,378906,129492,1786412,
All CA and Non-CA Counties,2021-01-21,176941,2341890,77863,1322968,99078,1018922,0,0,157394,1545894,19331,398237,157719,1944131,
All CA and Non-CA Counties,2021-01-22,173576,2515466,70139,1393107,103437,1122359,0,0,158957,1690530,14485,412722,159121,2103252,
All CA and Non-CA Counties,2021-01-23,113287,2628753,49765,1442872,63522,1185881,0,0,100579,1778573,12650,425372,100693,2203945,
All CA and Non-CA Counties,2021-01-24,61499,2690252,29731,1472603,31768,1217649,0,0,56791,1830738,4678,430050,56843,2260788,
All CA and Non-CA Counties,2021-01-25,148359,2838611,66894,1539497,81465,1299114,0,0,112794,1908436,35442,465492,113140,2373928,
All CA and Non-CA Counties,2021-01-26,173731,3012342,85379,1624876,88352,1387466,0,0,135754,2006598,37854,503346,136016,2509944,
All CA and Non-CA Counties,2021-01-27,184464,3196806,90656,1715532,93808,1481274,0,0,144681,2112103,39378,542724,144883,2654827,
All CA and Non-CA Counties,2021-01-28,192362,3389168,89086,1804618,103276,1584550,0,0,157956,2236132,34116,576840,158145,2812972,
All CA and Non-CA Counties,2021-01-29,187751,3576919,91212,1895830,96539,1681089,0,0,152589,2354275,34598,611438,152741,2965713,
All CA and Non-CA Counties,2021-01-30,127244,3704163,57619,1953449,69625,1750714,0,0,112025,2451380,15058,626496,112163,3077876,
All CA and Non-CA Counties,2021-01-31,72379,3776542,41671,1995120,30708,1781422,0,0,67261,2513618,5073,631569,67311,3145187,
All CA and Non-CA Counties,2021-02-01,163723,3940265,75502,2070622,88221,1869643,0,0,124873,2599919,38701,670270,125002,3270189,
All CA and Non-CA Counties,2021-02-02,192556,4132821,81703,2152325,110853,1980496,0,0,146095,2700128,46102,716372,146311,3416500,
All CA and Non-CA Counties,2021-02-03,217378,4350199,97114,2249439,120264,2100760,0,0,162529,2808543,54347,770719,162762,3579262,
All CA and Non-CA Counties,2021-02-04,234325,4584524,102072,2351511,132253,2233013,0,0,172759,2920629,61018,831737,173104,3752366,
All CA and Non-CA Counties,2021-02-05,252191,4836715,108519,2460030,143672,2376685,0,0,172580,3014845,78859,910596,173075,3925441,
All CA and Non-CA Counties,2021-02-06,158926,4995641,76872,2536902,82054,2458739,0,0,123802,3104184,34951,945547,124290,4049731,
All CA and Non-CA Counties,2021-02-07,68897,5064538,44954,2581856,23943,2482682,0,0,52411,3140644,16400,961947,52860,4102591,
All CA and Non-CA Counties,2021-02-08,185440,5249978,91852,2673708,93588,2576270,0,0,123217,3202819,61760,1023707,123935,4226526,
All CA and Non-CA Counties,2021-02-09,214730,5464708,103641,2777349,111089,2687359,0,0,129328,3248334,84952,1108659,130467,4356993,
All CA and Non-CA Counties,2021-02-10,253386,5718094,121567,2898916,131819,2819178,0,0,140800,3278876,111753,1220412,142295,4499288,
All CA and Non-CA Counties,2021-02-11,268426,5986520,132871,3031787,135555,2954733,0,0,148191,3309671,119178,1339590,149973,4649261,
All CA and Non-CA Counties,2021-02-12,276524,6263044,120855,3152642,155669,3110402,0,0,150030,3336355,125684,1465274,152368,4801629,
All CA and Non-CA Counties,2021-02-13,168708,6431752,77754,3230396,90954,3201356,0,0,93787,3357585,74509,1539783,95739,4897368,
All CA and Non-CA Counties,2021-02-14,96540,6528292,47856,3278252,48684,3250040,0,0,52671,3368216,43714,1583497,54345,4951713,
All CA and Non-CA Counties,2021-02-15,144157,6672449,63840,3342092,80317,3330357,0,0,79604,3386872,64175,1647672,82831,5034544,
All CA and Non-CA Counties,2021-02-16,254438,6926887,120596,3462688,133842,3464199,0,0,135549,3407321,118526,1766198,138975,5173519,
All CA and Non-CA Counties,2021-02-17,263424,7190311,131106,3593794,132318,3596517,0,0,130202,3408453,132720,1898918,133852,5307371,
All CA and Non-CA Counties,2021-02-18,277958,7468269,145484,3739278,132474,3728991,0,0,133882,3403622,143400,2042318,138569,5445940,
All CA and Non-CA Counties,2021-02-19,257428,7725697,150125,3889403,107303,3836294,0,0,132492,3413824,124464,2166782,134666,5580606,
All CA and Non-CA Counties,2021-02-20,155028,7880725,99818,3989221,55210,3891504,0,0,84617,3430565,70160,2236942,86901,5667507,
All CA and Non-CA Counties,2021-02-21,75067,7955792,60885,4050106,14182,3905686,0,0,36455,3430906,38384,2275326,38725,5706232,
All CA and Non-CA Counties,2021-02-22,166242,8122034,111723,4161829,54519,3960205,0,0,83265,3433997,82656,2357982,85747,5791979,
All CA and Non-CA Counties,2021-02-23,227744,8349778,119882,4281711,107862,4068067,0,0,105324,3424414,121866,2479848,112283,5904262,
All CA and Non-CA Counties,2021-02-24,287305,8637083,145294,4427005,142011,4210078,0,0,136513,3419327,150194,2630042,145107,6049369,
All CA and Non-CA Counties,2021-02-25,322744,8959827,157897,4584902,164847,4374925,0,0,168168,3443045,153901,2783943,177619,6226988,
All CA and Non-CA Counties,2021-02-26,356810,9316637,166759,4751661,190051,4564976,0,0,199131,3492750,156745,2940688,206450,6433438,
All CA and Non-CA Counties,2021-02-27,251084,9567721,120066,4871727,130999,4695975,19,19,141051,3528937,109457,3050145,145644,6579082,
All CA and Non-CA Counties,2021-02-28,132035,9699756,79123,4950850,52908,4748883,4,23,76711,3554501,54929,3105074,80493,6659575,
All CA and Non-CA Counties,2021-03-01,241259,9941015,128365,5079215,112838,4861721,56,79,138155,3595130,102450,3207524,143079,6802654,
All CA and Non-CA Counties,2021-03-02,281596,10222611,136024,5215239,145556,5007277,16,95,165849,3653554,115276,3322800,173700,6976354,
All CA and Non-CA Counties,2021-03-03,334985,10557596,164596,5379835,170346,5177623,43,138,190531,3708510,143811,3466611,198767,7175121,
All CA and Non-CA Counties,2021-03-04,353159,10910755,177264,5557099,175806,5353429,89,227,205372,3774500,147067,3613678,213057,7388178,
All CA and Non-CA Counties,2021-03-05,336559,11247314,163561,5720660,171874,5525303,1124,1351,207911,3863256,127899,3741577,216655,7604833,
All CA and Non-CA Counties,2021-03-06,259950,11507264,132364,5853024,119638,5644941,7948,9299,160600,3938085,98963,3840540,173792,7778625,
All CA and Non-CA Counties,2021-03-07,125719,11632983,76477,5929501,45140,5690081,4102,13401,78120,3977430,47428,3887968,86773,7865398,
All CA and Non-CA Counties,2021-03-08,218158,11851141,105251,6034752,102297,5792378,10610,24011,142370,4060012,75416,3963384,157998,8023396,
All CA and Non-CA Counties,2021-03-09,270823,12121964,117772,6152524,136951,5929329,16100,40111,146341,4104096,124044,4087428,168128,8191524,
All CA and Non-CA Counties,2021-03-10,317317,12439281,155714,6308238,137139,6066468,24464,64575,170886,4159115,145830,4233258,200849,8392373,
All CA and Non-CA Counties,2021-03-11,378421,12817702,182851,6491089,161984,6228452,33586,98161,194868,4210293,182676,4415934,233854,8626227,
All CA and Non-CA Counties,2021-03-12,394505,13212207,176580,6667669,171303,6399755,46622,144783,193051,4253293,200712,4616646,243712,8869939,
All CA and Non-CA Counties,2021-03-13,282029,13494236,124012,6791681,126778,6526533,31239,176022,152798,4312810,128808,4745454,188325,9058264,
All CA and Non-CA Counties,2021-03-14,154274,13648510,82321,6874002,56810,6583343,15143,191165,83324,4342955,70693,4816147,100838,9159102,
All CA and Non-CA Counties,2021-03-15,291386,13939896,138848,7012850,131740,6715083,20798,211963,159179,4394830,131524,4947671,183399,9342501,
All CA and Non-CA Counties,2021-03-16,373967,14313863,175762,7188612,180741,6895824,17464,229427,218621,4480123,154653,5102324,239946,9582447,
All CA and Non-CA Counties,2021-03-17,386736,14700599,192042,7380654,176025,7071849,18669,248096,239835,4595442,146158,5248482,261477,9843924,
All CA and Non-CA Counties,2021-03-18,402151,15102750,205113,7585767,178813,7250662,18225,266321,241121,4697899,160020,5408502,262477,10106401,
All CA and Non-CA Counties,2021-03-19,410787,15513537,215314,7801081,173604,7424266,21869,288190,240934,4794252,168951,5577453,265304,10371705,
All CA and Non-CA Counties,2021-03-20,294528,15808065,155034,7956115,123737,7548003,15757,303947,189815,4897657,104108,5681561,207513,10579218,
All CA and Non-CA Counties,2021-03-21,143277,15951342,98558,8054673,37247,7585250,7472,311419,90817,4946524,52155,5733716,101022,10680240,
All CA and Non-CA Counties,2021-03-22,271743,16223085,158503,8213176,102248,7687498,10992,322411,179808,5049597,91275,5824991,194348,10874588,
All CA and Non-CA Counties,2021-03-23,358290,16581375,196590,8409766,150760,7838258,10940,333351,230963,5167837,126489,5951480,244729,11119317,
All CA and Non-CA Counties,2021-03-24,388984,16970359,222665,8632431,153858,7992116,12461,345812,229964,5255613,157899,6109379,245675,11364992,
All CA and Non-CA Counties,2021-03-25,418011,17388370,229079,8861510,174116,8166232,14816,360628,242146,5340116,174664,6284043,259167,11624159,
All CA and Non-CA Counties,2021-03-26,433221,17821591,230972,9092482,186329,8352561,15920,376548,240597,5408123,191497,6475540,259504,11883663,
All CA and Non-CA Counties,2021-03-27,311790,18133381,165907,9258389,134488,8487049,11395,387943,161018,5432774,150026,6625566,174677,12058340,
All CA and Non-CA Counties,2021-03-28,169022,18302403,107548,9365937,57751,8544800,3723,391666,92945,5455694,75690,6701256,98610,12156950,
All CA and Non-CA Counties,2021-03-29,311272,18613675,167341,9533278,135058,8679858,8873,400539,177556,5511569,133048,6834304,188923,12345873,
All CA and Non-CA Counties,2021-03-30,400312,19013987,202471,9735749,179683,8859541,18158,418697,243810,5619589,155797,6990101,263817,12609690,
All CA and Non-CA Counties,2021-03-31,425520,19439507,231647,9967396,171973,9031514,21900,440597,244502,5706928,180161,7170262,267500,12877190,
All CA and Non-CA Counties,2021-04-01,488060,19927567,249911,10217307,198762,9230276,39387,479984,271028,5802584,215999,7386261,311655,13188845,
All CA and Non-CA Counties,2021-04-02,471826,20399393,230540,10447847,198585,9428861,42701,522685,258133,5892505,212598,7598859,302519,13491364,
All CA and Non-CA Counties,2021-04-03,329056,20728449,167763,10615610,119966,9548827,41327,564012,165475,5937734,163010,7761869,208239,13699603,
All CA and Non-CA Counties,2021-04-04,133055,20861504,69403,10685013,44658,9593485,18994,583006,59643,5943438,73167,7835036,78871,13778474,
All CA and Non-CA Counties,2021-04-05,352408,21213912,181588,10866601,131293,9724778,39527,622533,175543,5984950,176285,8011321,217797,13996271,
All CA and Non-CA Counties,2021-04-06,459736,21673648,233706,11100307,159811,9884589,66219,688752,224371,6043516,234538,8245859,293104,14289375,
All CA and Non-CA Counties,2021-04-07,473847,22147495,246869,11347176,156391,10040980,70587,759339,232215,6107761,240803,8486662,305048,14594423,
All CA and Non-CA Counties,2021-04-08,500281,22647776,253079,11600255,162152,10203132,85050,844389,236537,6168984,262728,8749390,323951,14918374,
All CA and Non-CA Counties,2021-04-09,490216,23137992,244073,11844328,165789,10368921,80354,924743,227044,6217670,262242,9011632,310928,15229302,
All CA and Non-CA Counties,2021-04-10,366780,23504772,168466,12012794,123770,10492691,74544,999287,154504,6238018,211639,9223271,231987,15461289,
All CA and Non-CA Counties,2021-04-11,187136,23691908,104492,12117286,48279,10540970,34365,1033652,77410,6243883,109416,9332687,115281,15576570,
All CA and Non-CA Counties,2021-04-12,339409,24031317,174901,12292187,126691,10667661,37817,1071469,158356,6263389,180213,9512900,199719,15776289,
All CA and Non-CA Counties,2021-04-13,431658,24462975,241169,12533356,189547,10857208,942,1072411,240669,6318759,190112,9703012,245482,16021771,
All CA and Non-CA Counties,2021-04-14,448670,24911645,252680,12786036,195720,11052928,270,1072681,235967,6349424,211676,9914688,242341,16264112,
All CA and Non-CA Counties,2021-04-15,488243,25399888,284929,13070965,203081,11256009,233,1072914,275075,6417449,211843,10126531,279868,16543980,
All CA and Non-CA Counties,2021-04-16,471322,25871210,265944,13336909,205070,11461079,308,1073222,252945,6456293,217302,10343833,256146,16800126,
All CA and Non-CA Counties,2021-04-17,336905,26208115,189682,13526591,147182,11608261,41,1073263,190867,6505725,145356,10489189,194788,16994914,
All CA and Non-CA Counties,2021-04-18,153419,26361534,96989,13623580,56415,11664676,15,1073278,80021,6516336,73046,10562235,83657,17078571,
All CA and Non-CA Counties,2021-04-19,317944,26679478,183397,13806977,134466,11799142,81,1073359,151252,6504794,165911,10728146,154369,17232940,
All CA and Non-CA Counties,2021-04-20,407214,27086692,216383,14023360,190785,11989927,46,1073405,203140,6510288,203165,10931311,208659,17441599,
All CA and Non-CA Counties,2021-04-21,421159,27507851,238008,14261368,182897,12172824,254,1073659,202927,6502359,217022,11148333,209093,17650692,
All CA and Non-CA Counties,2021-04-22,444569,27952420,252368,14513736,192126,12364950,75,1073734,199649,6465565,243696,11392029,206902,17857594,
All CA and Non-CA Counties,2021-04-23,435811,28388231,248543,14762279,187186,12552136,82,1073816,198472,6438515,236138,11628167,209088,18066682,
All CA and Non-CA Counties,2021-04-24,323319,28711550,205101,14967380,118057,12670193,161,1073977,164947,6453455,157513,11785680,172453,18239135,
All CA and Non-CA Counties,2021-04-25,150164,28861714,98954,15066334,51147,12721340,63,1074040,80655,6467430,69125,11854805,83100,18322235,
All CA and Non-CA Counties,2021-04-26,270850,29132564,157708,15224042,111714,12833054,1428,1075468,117691,6442661,152356,12007161,127587,18449822,
All CA and Non-CA Counties,2021-04-27,340924,29473488,187471,15411513,147846,12980900,5607,1081075,136955,6391024,202989,12210150,151352,18601174,
All CA and Non-CA Counties,2021-04-28,347632,29821120,198626,15610139,140955,13121855,8051,1089126,141617,6343452,205095,12415245,157523,18758697,
All CA and Non-CA Counties,2021-04-29,355637,30176757,204801,15814940,142734,13264589,8102,1097228,128240,6261943,226386,12641631,144877,18903574,
All CA and Non-CA Counties,2021-04-30,367250,30544007,210791,16025731,147500,13412089,8959,1106187,139602,6191295,226619,12868250,155971,19059545,
All CA and Non-CA Counties,2021-05-01,245447,30789454,156815,16182546,82399,13494488,6233,1112420,89979,6137544,154818,13023068,101067,19160612,
All CA and Non-CA Counties,2021-05-02,116243,30905697,80677,16263223,31716,13526204,3850,1116270,41403,6109509,74484,13097552,46449,19207061,
All CA and Non-CA Counties,2021-05-03,247299,31152996,151632,16414855,86979,13613183,8688,1124958,75494,6026049,171077,13268629,87617,19294678,
All CA and Non-CA Counties,2021-05-04,320771,31473767,195389,16610244,115552,13728735,9830,1134788,94514,5911846,225325,13493954,111122,19405800,
All CA and Non-CA Counties,2021-05-05,236461,31710228,150924,16761168,79467,13808202,6070,1140858,63869,5814637,171783,13665737,74574,19480374,
All CA and Non-CA Counties,2021-05-06,233509,31943737,154538,16915706,72846,13881048,6125,1146983,56356,5706427,176331,13842068,68121,19548495,
All CA and Non-CA Counties,2021-05-07,195487,32139224,132084,17047790,58794,13939842,4609,1151592,46494,5614969,148342,13990410,56884,19605379,
Outside California,2020-12-15,7,7,7,7,0,0,0,0,7,7,0,0,7,7,Not in California
Outside California,2020-12-16,265,272,265,272,0,0,0,0,265,272,0,0,265,272,Not in California
Outside California,2020-12-17,1600,1872,1600,1872,0,0,0,0,1600,1872,0,0,1600,1872,Not in California
Outside California,2020-12-18,2555,4427,2548,4420,7,7,0,0,2555,4427,0,0,2555,4427,Not in California
Outside California,2020-12-19,1039,5466,1038,5458,1,8,0,0,1039,5466,0,0,1039,5466,Not in California
Outside California,2020-12-20,675,6141,672,6130,3,11,0,0,675,6141,0,0,675,6141,Not in California
Outside California,2020-12-21,2186,8327,2183,8313,3,14,0,0,2186,8327,0,0,2186,8327,Not in California
Outside California,2020-12-22,2061,10388,1987,10300,74,88,0,0,2061,10388,0,0,2061,10388,Not in California
Outside California,2020-12-23,1518,11906,1384,11684,134,222,0,0,1518,11906,0,0,1518,11906,Not in California
Outside California,2020-12-24,803,12709,611,12295,192,414,0,0,803,12709,0,0,803,12709,Not in California
Outside California,2020-12-25,33,12742,29,12324,4,418,0,0,33,12742,0,0,33,12742,Not in California
Outside California,2020-12-26,306,13048,203,12527,103,521,0,0,306,13048,0,0,306,13048,Not in California
Outside California,2020-12-27,189,13237,73,12600,116,637,0,0,189,13237,0,0,189,13237,Not in California
Outside California,2020-12-28,1412,14649,894,13494,518,1155,0,0,1412,14649,0,0,1412,14649,Not in California
Outside California,2020-12-29,1548,16197,1016,14510,532,1687,0,0,1548,16197,0,0,1548,16197,Not in California
Outside California,2020-12-30,1920,18117,1230,15740,690,2377,0,0,1920,18117,0,0,1920,18117,Not in California
Outside California,2020-12-31,1118,19235,599,16339,519,2896,0,0,1117,19233,1,1,1117,19234,Not in California
Outside California,2021-01-01,111,19346,23,16362,88,2984,0,0,111,19344,0,1,111,19345,Not in California
Outside California,2021-01-02,237,19583,131,16493,106,3090,0,0,236,19579,1,2,236,19581,Not in California
Outside California,2021-01-03,170,19753,90,16583,80,3170,0,0,170,19749,0,2,170,19751,Not in California
Outside California,2021-01-04,1145,20898,512,17095,633,3803,0,0,1141,20890,0,2,1141,20892,Not in California
Outside California,2021-01-05,1539,22437,811,17906,728,4531,0,0,1348,22049,189,191,1348,22240,Not in California
Outside California,2021-01-06,2705,25142,1595,19501,1110,5641,0,0,1973,23293,729,920,1973,24213,Not in California
Outside California,2021-01-07,4140,29282,2533,22034,1607,7248,0,0,2486,24129,1652,2572,2488,26701,Not in California
Outside California,2021-01-08,4517,33799,2923,24957,1594,8842,0,0,2639,24903,1868,4440,2642,29343,Not in California
Outside California,2021-01-09,1316,35115,526,25483,790,9632,0,0,991,25572,324,4764,993,30336,Not in California
Outside California,2021-01-10,301,35416,180,25663,121,9753,0,0,182,25635,119,4883,182,30518,Not in California
Outside California,2021-01-11,3303,38719,2009,27672,1294,11047,0,0,1972,26276,1331,6214,1972,32490,Not in California
Outside California,2021-01-12,3877,42596,2311,29983,1566,12613,0,0,2336,27076,1537,7751,2337,34827,Not in California
Outside California,2021-01-13,3688,46284,1805,31788,1883,14496,0,0,2512,28414,1176,8927,2514,37341,Not in California
Outside California,2021-01-14,3738,50022,1274,33062,2464,16960,0,0,3099,30889,626,9553,3101,40442,Not in California
Outside California,2021-01-15,4263,54285,994,34056,3269,20229,0,0,3795,34229,455,10008,3795,44237,Not in California
Outside California,2021-01-16,2693,56978,380,34436,2313,22542,0,0,2525,36588,166,10174,2525,46762,Not in California
Outside California,2021-01-17,494,57472,148,34584,346,22888,0,0,445,36984,49,10223,445,47207,Not in California
Outside California,2021-01-18,1195,58667,767,35351,428,23316,0,0,739,37269,455,10678,740,47947,Not in California
Outside California,2021-01-19,4032,62699,1317,36668,2715,26031,0,0,3140,39520,892,11570,3143,51090,Not in California
Outside California,2021-01-20,4388,67087,1408,38076,2980,29011,0,0,3455,42046,930,12500,3456,54546,Not in California
Outside California,2021-01-21,4122,71209,1116,39192,3006,32017,0,0,3559,45057,548,13048,3559,58105,Not in California
Outside California,2021-01-22,4618,75827,1076,40268,3542,35559,0,0,4224,48892,390,13438,4225,62330,Not in California
Outside California,2021-01-23,2248,78075,330,40598,1918,37477,0,0,2087,50818,161,13599,2087,64417,Not in California
Outside California,2021-01-24,603,78678,245,40843,358,37835,0,0,525,51265,78,13677,525,64942,Not in California
Outside California,2021-01-25,4454,83132,1952,42795,2502,40337,0,0,3591,53997,860,14537,3592,68534,Not in California
Outside California,2021-01-26,5942,89074,2891,45686,3051,43388,0,0,5096,58255,845,15382,5103,73637,Not in California
Outside California,2021-01-27,4817,93891,2673,48359,2144,45532,0,0,4204,61851,609,15991,4205,77842,Not in California
Outside California,2021-01-28,5288,99179,2879,51238,2409,47941,0,0,4763,66100,514,16505,4763,82605,Not in California
Outside California,2021-01-29,4943,104122,3098,54336,1845,49786,0,0,4158,69480,780,17285,4160,86765,Not in California
Outside California,2021-01-30,4508,108630,2464,56800,2044,51830,0,0,4280,73536,225,17510,4281,91046,Not in California
Outside California,2021-01-31,3168,111798,2749,59549,419,52249,0,0,3111,76591,57,17567,3112,94158,Not in California
Outside California,2021-02-01,5469,117267,2558,62107,2911,55160,0,0,4778,80686,683,18250,4778,98936,Not in California
Outside California,2021-02-02,6757,124024,2164,64271,4593,59753,0,0,6037,86010,713,18963,6037,104973,Not in California
Outside California,2021-02-03,7318,131342,2081,66352,5237,64990,0,0,6452,91606,857,19820,6453,111426,Not in California
Outside California,2021-02-04,6790,138132,2170,68522,4620,69610,0,0,5802,96430,979,20799,5803,117229,Not in California
Outside California,2021-02-05,6795,144927,2212,70734,4583,74193,0,0,5732,101103,1059,21858,5732,122961,Not in California
Outside California,2021-02-06,4443,149370,2163,72897,2280,76473,0,0,3982,104636,452,22310,3985,126946,Not in California
Outside California,2021-02-07,2246,151616,1861,74758,385,76858,0,0,2169,106730,77,22387,2171,129117,Not in California
Outside California,2021-02-08,5394,157010,3431,78189,1963,78821,0,0,4338,110022,1046,23433,4338,133455,Not in California
Outside California,2021-02-09,4339,161349,1964,80153,2375,81196,0,0,3032,111772,1296,24729,3046,136501,Not in California
Outside California,2021-02-10,5530,166879,1864,82017,3666,84862,0,0,3092,112476,2430,27159,3134,139635,Not in California
Outside California,2021-02-11,4711,171590,2140,84157,2571,87433,0,0,3414,114619,1288,28447,3431,143066,Not in California
Outside California,2021-02-12,5199,176789,1917,86074,3282,90715,0,0,3390,116211,1802,30249,3394,146460,Not in California
Outside California,2021-02-13,2398,179187,695,86769,1703,92418,0,0,1854,117533,544,30793,1866,148326,Not in California
Outside California,2021-02-14,1325,180512,399,87168,926,93344,0,0,1085,118383,237,31030,1087,149413,Not in California
Outside California,2021-02-15,2504,183016,1509,88677,995,94339,0,0,1198,118292,1293,32323,1202,150615,Not in California
Outside California,2021-02-16,6427,189443,2884,91561,3543,97882,0,0,2611,117103,3805,36128,2616,153231,Not in California
Outside California,2021-02-17,5887,195330,2932,94493,2955,100837,0,0,1827,114879,4055,40183,1831,155062,Not in California
Outside California,2021-02-18,6382,201712,3688,98181,2694,103531,0,0,2037,112589,4328,44511,2038,157100,Not in California
Outside California,2021-02-19,5713,207425,3961,102142,1752,105283,0,0,2403,111688,3305,47816,2404,159504,Not in California
Outside California,2021-02-20,3307,210732,2657,104799,650,105933,0,0,1197,110780,2106,49922,1198,160702,Not in California
Outside California,2021-02-21,1808,212540,1592,106391,216,106149,0,0,627,110230,1177,51099,627,161329,Not in California
Outside California,2021-02-22,3455,215995,2527,108918,928,107077,0,0,1618,110018,1835,52934,1623,162952,Not in California
Outside California,2021-02-23,5835,221830,3230,112148,2605,109682,0,0,2304,108811,3525,56459,2318,165270,Not in California
Outside California,2021-02-24,6315,228145,3470,115618,2845,112527,0,0,2479,107464,3831,60290,2484,167754,Not in California
Outside California,2021-02-25,6886,235031,3482,119100,3404,115931,0,0,3118,106849,3737,64027,3122,170876,Not in California
Outside California,2021-02-26,6797,241828,3604,122704,3193,119124,0,0,3167,106465,3552,67579,3168,174044,Not in California
Outside California,2021-02-27,5281,247109,2549,125253,2731,121855,1,1,1844,104887,3426,71005,1848,175892,Not in California
Outside California,2021-02-28,2417,249526,1760,127013,656,122511,1,2,792,104058,1623,72628,794,176686,Not in California
Outside California,2021-03-01,4714,254240,2922,129935,1791,124302,1,3,1302,101961,3405,76033,1308,177994,Not in California
Outside California,2021-03-02,6177,260417,2003,131938,4174,128476,0,3,1872,99540,4295,80328,1874,179868,Not in California
Outside California,2021-03-03,7740,268157,2954,134892,4784,133260,2,5,2585,96988,5143,85471,2591,182459,Not in California
Outside California,2021-03-04,6715,274872,2832,137724,3879,137139,4,9,2330,94954,4370,89841,2336,184795,Not in California
Outside California,2021-03-05,5021,279893,2436,140160,2571,139710,14,23,2571,95104,2442,92283,2592,187387,Not in California
Outside California,2021-03-06,4572,284465,2109,142269,2308,142018,155,178,2314,95325,2256,94539,2477,189864,Not in California
Outside California,2021-03-07,1541,286006,978,143247,510,142528,53,231,924,95687,616,95155,978,190842,Not in California
Outside California,2021-03-08,2978,288984,1723,144970,1011,143539,244,475,2095,97179,854,96009,2346,193188,Not in California
Outside California,2021-03-09,4266,293250,2010,146980,1935,145474,321,796,2423,98084,1839,97848,2744,195932,Not in California
Outside California,2021-03-10,4188,297438,1925,148905,1759,147233,504,1300,2534,99483,1646,99494,3045,198977,Not in California
Outside California,2021-03-11,6107,303545,3104,152009,2327,149560,676,1976,3292,100643,2809,102303,3969,202946,Not in California
Outside California,2021-03-12,6320,309865,3776,155785,1819,151379,725,2701,3483,102022,2830,105133,4209,207155,Not in California
Outside California,2021-03-13,3711,313576,2139,157924,1111,152490,461,3162,2581,103944,1123,106256,3045,210200,Not in California
Outside California,2021-03-14,1746,315322,890,158814,532,153022,324,3486,1040,104603,706,106962,1365,211565,Not in California
Outside California,2021-03-15,3913,319235,2018,160832,1454,154476,441,3927,2069,105280,1838,108800,2515,214080,Not in California
Outside California,2021-03-16,7202,326437,4101,164933,2734,157210,367,4294,3927,106298,3273,112073,4291,218371,Not in California
Outside California,2021-03-17,7989,334426,5032,169965,2592,159802,365,4659,4670,108018,3316,115389,5036,223407,Not in California
Outside California,2021-03-18,7920,342346,4780,174745,2618,162420,522,5181,4512,109652,3400,118789,5034,228441,Not in California
Outside California,2021-03-19,7247,349593,4288,179033,2421,164841,538,5719,4370,111689,2874,121663,4911,233352,Not in California
Outside California,2021-03-20,4674,354267,3060,182093,1528,166369,86,5805,3600,114308,1067,122730,3686,237038,Not in California
Outside California,2021-03-21,1995,356262,1345,183438,563,166932,87,5892,1600,115603,393,123123,1688,238726,Not in California
Outside California,2021-03-22,3208,359470,1931,185369,1190,168122,87,5979,2221,116930,981,124104,2308,241034,Not in California
Outside California,2021-03-23,5971,365441,3046,188415,2654,170776,271,6250,4193,119630,1765,125869,4465,245499,Not in California
Outside California,2021-03-24,7220,372661,3717,192132,3080,173856,423,6673,5061,122959,2153,128022,5482,250981,Not in California
Outside California,2021-03-25,8167,380828,3811,195943,3870,177726,486,7159,6017,127323,2139,130161,6503,257484,Not in California
Outside California,2021-03-26,6565,387393,3451,199394,2942,180668,172,7331,4475,129904,2065,132226,4646,262130,Not in California
Outside California,2021-03-27,5251,392644,3006,202400,2146,182814,99,7430,3386,131531,1856,134082,3483,265613,Not in California
Outside California,2021-03-28,3009,395653,1590,203990,1262,184076,157,7587,2017,132718,987,135069,2174,267787,Not in California
Outside California,2021-03-29,5001,400654,2198,206188,2473,186549,330,7917,2988,134026,2011,137080,3319,271106,Not in California
Outside California,2021-03-30,6734,407388,3540,209728,2652,189201,542,8459,4184,136220,2540,139620,4734,275840,Not in California
Outside California,2021-03-31,6185,413573,3713,213441,1715,190916,757,9216,3481,137756,2699,142319,4235,280075,Not in California
Outside California,2021-04-01,7132,420705,4200,217641,2314,193230,618,9834,4230,139703,2896,145215,4843,284918,Not in California
Outside California,2021-04-02,8070,428775,4170,221811,2780,196010,1120,10954,4328,141415,3736,148951,5448,290366,Not in California
Outside California,2021-04-03,6039,434814,3592,225403,1304,197314,1143,12097,3170,142864,2864,151815,4313,294679,Not in California
Outside California,2021-04-04,1757,436571,862,226265,661,197975,234,12331,982,143304,775,152590,1215,295894,Not in California
Outside California,2021-04-05,3929,440500,1906,228171,1375,199350,648,12979,1908,143844,2017,154607,2557,298451,Not in California
Outside California,2021-04-06,6689,447189,3553,231724,1583,200933,1553,14532,2726,144169,3950,158557,4275,302726,Not in California
Outside California,2021-04-07,7685,454874,4290,236014,1740,202673,1655,16187,3111,144358,4566,163123,4755,307481,Not in California
Outside California,2021-04-08,7776,462650,4022,240036,1856,204529,1898,18085,3163,144807,4605,167728,5054,312535,Not in California
Outside California,2021-04-09,7238,469888,3644,243680,1685,206214,1909,19994,2896,145278,4336,172064,4807,317342,Not in California
Outside California,2021-04-10,6018,475906,3041,246721,1133,207347,1844,21838,1702,144509,4312,176376,3543,320885,Not in California
Outside California,2021-04-11,2805,478711,1509,248230,667,208014,629,22467,1019,144374,1784,178160,1649,322534,Not in California
Outside California,2021-04-12,3816,482527,2078,250308,1212,209226,526,22993,1713,144515,2097,180257,2238,324772,Not in California
Outside California,2021-04-13,5456,487983,3464,253772,1968,211194,24,23017,2727,144543,2723,182980,2751,327523,Not in California
Outside California,2021-04-14,5053,493036,3181,256953,1869,213063,3,23020,2737,144972,2311,185291,2740,330263,Not in California
Outside California,2021-04-15,5866,498902,3563,260516,2297,215360,6,23026,3197,145557,2619,187910,3204,333467,Not in California
Outside California,2021-04-16,5820,504722,3358,263874,2455,217815,7,23033,3338,146428,2475,190385,3346,336813,Not in California
Outside California,2021-04-17,5140,509862,3040,266914,2099,219914,1,23034,2939,147173,2194,192579,2939,339752,Not in California
Outside California,2021-04-18,2067,511929,1149,268063,917,220831,1,23035,992,147097,1070,193649,994,340746,Not in California
Outside California,2021-04-19,4111,516040,1960,270023,2150,222981,1,23036,2164,147327,1937,195586,2167,342913,Not in California
Outside California,2021-04-20,5410,521450,2530,272553,2880,225861,0,23036,2321,146566,3082,198668,2321,345234,Not in California
Outside California,2021-04-21,6488,527938,2839,275392,3647,229508,2,23038,2500,145094,3975,202643,2503,347737,Not in California
Outside California,2021-04-22,7032,534970,3789,279181,3240,232748,3,23041,2893,143859,4132,206775,2897,350634,Not in California
Outside California,2021-04-23,5998,540968,3129,282310,2868,235616,1,23042,2677,143229,3310,210085,2680,353314,Not in California
Outside California,2021-04-24,4882,545850,3413,285723,1465,237081,4,23046,2233,142825,2644,212729,2240,355554,Not in California
Outside California,2021-04-25,2160,548010,1290,287013,868,237949,2,23048,1133,142938,1024,213753,1137,356691,Not in California
Outside California,2021-04-26,3497,551507,1515,288528,1960,239909,22,23070,1605,142678,1887,215640,1627,358318,Not in California
Outside California,2021-04-27,5045,556552,1708,290236,3048,242957,289,23359,1915,141763,3124,218764,2209,360527,Not in California
Outside California,2021-04-28,4829,561381,2060,292296,2378,245335,391,23750,1997,141330,2823,221587,2390,362917,Not in California
Outside California,2021-04-29,4782,566163,2165,294461,2188,247523,429,24179,1900,140797,2863,224450,2330,365247,Not in California
Outside California,2021-04-30,4851,571014,2352,296813,2085,249608,414,24593,1917,140205,2924,227374,2332,367579,Not in California
Outside California,2021-05-01,3111,574125,1802,298615,879,250487,430,25023,1274,140078,1830,229204,1703,369282,Not in California
Outside California,2021-05-02,1855,575980,1075,299690,657,251144,123,25146,858,140064,995,230199,981,370263,Not in California
Outside California,2021-05-03,2740,578720,1519,301209,948,252092,273,25419,1152,139904,1584,231783,1424,371687,Not in California
Outside California,2021-05-04,3888,582608,2125,303334,1334,253426,429,25848,1577,139604,2305,234088,2005,373692,Not in California
Outside California,2021-05-05,2897,585505,1709,305043,987,254413,201,26049,1170,139257,1719,235807,1372,375064,Not in California
Outside California,2021-05-06,2971,588476,1922,306965,838,255251,211,26260,1244,138992,1721,237528,1456,376520,Not in California
Outside California,2021-05-07,2994,591470,1794,308759,955,256206,245,26505,1197,138637,1795,239323,1440,377960,Not in California
Unknown,2020-12-17,2,2,2,2,0,0,0,0,0,0,0,0,0,0,Not in California
Unknown,2020-12-18,9,11,9,11,0,0,0,0,8,8,0,0,8,8,Not in California
Unknown,2020-12-19,81,92,81,92,0,0,0,0,81,89,0,0,81,89,Not in California
Unknown,2020-12-20,24,116,24,116,0,0,0,0,24,113,0,0,24,113,Not in California
Unknown,2020-12-21,5,121,5,121,0,0,0,0,0,113,0,0,0,113,Not in California
Unknown,2020-12-22,4,125,4,125,0,0,0,0,4,117,0,0,4,117,Not in California
Unknown,2020-12-26,1,126,1,126,0,0,0,0,1,118,0,0,1,118,Not in California
Unknown,2020-12-28,4,130,4,130,0,0,0,0,3,121,0,0,3,121,Not in California
Unknown,2020-12-29,3,133,3,133,0,0,0,0,3,124,0,0,3,124,Not in California
Unknown,2020-12-30,59,192,56,189,3,3,0,0,57,181,0,0,57,181,Not in California
Unknown,2020-12-31,2,194,0,189,2,5,0,0,1,182,0,0,1,182,Not in California
Unknown,2021-01-02,1,195,0,189,1,6,0,0,1,183,0,0,1,183,Not in California
Unknown,2021-01-04,3,198,3,192,0,6,0,0,2,185,0,0,2,185,Not in California
Unknown,2021-01-05,1,199,0,192,1,7,0,0,2,187,0,0,2,187,Not in California
Unknown,2021-01-06,30,229,28,220,2,9,0,0,6,170,23,23,6,193,Not in California
Unknown,2021-01-07,110,339,107,327,3,12,0,0,72,204,38,61,72,265,Not in California
Unknown,2021-01-08,26,365,21,348,5,17,0,0,5,188,21,82,5,270,Not in California
Unknown,2021-01-09,3,368,2,350,1,18,0,0,4,192,0,82,4,274,Not in California
Unknown,2021-01-11,23,391,23,373,0,18,0,0,18,206,4,86,18,292,Not in California
Unknown,2021-01-12,10,401,8,381,2,20,0,0,8,214,1,87,9,301,Not in California
Unknown,2021-01-13,11,412,11,392,0,20,0,0,12,226,0,87,12,313,Not in California
Unknown,2021-01-14,4,416,3,395,1,21,0,0,4,230,0,87,4,317,Not in California
Unknown,2021-01-15,5,421,4,399,1,22,0,0,5,235,0,87,5,322,Not in California
Unknown,2021-01-16,7,428,7,406,0,22,0,0,6,240,1,88,6,328,Not in California
Unknown,2021-01-17,3,431,3,409,0,22,0,0,3,243,0,88,3,331,Not in California
Unknown,2021-01-18,54,485,54,463,0,22,0,0,52,293,2,90,52,383,Not in California
Unknown,2021-01-19,23,508,22,485,1,23,0,0,21,313,1,91,21,404,Not in California
Unknown,2021-01-20,79,587,79,564,0,23,0,0,28,289,52,143,28,432,Not in California
Unknown,2021-01-21,60,647,58,622,2,25,0,0,61,349,1,144,61,493,Not in California
Unknown,2021-01-22,36,683,31,653,5,30,0,0,36,385,0,144,36,529,Not in California
Unknown,2021-01-23,11,694,5,658,6,36,0,0,11,396,0,144,11,540,Not in California
Unknown,2021-01-24,2,696,2,660,0,36,0,0,3,399,0,144,3,543,Not in California
Unknown,2021-01-25,21,717,18,678,3,39,0,0,17,413,3,147,17,560,Not in California
Unknown,2021-01-26,98,815,94,772,4,43,0,0,101,514,0,147,101,661,Not in California
Unknown,2021-01-27,17,832,17,789,0,43,0,0,16,529,1,148,16,677,Not in California
Unknown,2021-01-28,155,987,152,941,3,46,0,0,98,567,60,208,98,775,Not in California
Unknown,2021-01-29,147,1134,146,1087,1,47,0,0,151,717,1,209,151,926,Not in California
Unknown,2021-01-30,10,1144,8,1095,2,49,0,0,13,729,1,210,13,939,Not in California
Unknown,2021-01-31,16,1160,16,1111,0,49,0,0,16,744,1,211,16,955,Not in California
Unknown,2021-02-01,36,1196,34,1145,2,51,0,0,21,748,17,228,21,976,Not in California
Unknown,2021-02-02,70,1266,68,1213,2,53,0,0,63,805,6,234,63,1039,Not in California
Unknown,2021-02-03,50,1316,46,1259,4,57,0,0,38,832,11,245,38,1077,Not in California
Unknown,2021-02-04,61,1377,56,1315,5,62,0,0,56,883,5,250,56,1133,Not in California
Unknown,2021-02-05,22,1399,15,1330,7,69,0,0,18,894,7,257,18,1151,Not in California
Unknown,2021-02-06,19,1418,14,1344,5,74,0,0,15,902,7,264,15,1166,Not in California
Unknown,2021-02-07,8,1426,8,1352,0,74,0,0,6,906,2,266,6,1172,Not in California
Unknown,2021-02-08,53,1479,50,1402,3,77,0,0,14,881,39,305,14,1186,Not in California
Unknown,2021-02-09,19,1498,18,1420,1,78,0,0,4,870,15,320,4,1190,Not in California
Unknown,2021-02-10,35,1533,30,1450,5,83,0,0,9,853,26,346,9,1199,Not in California
Unknown,2021-02-11,93,1626,92,1542,1,84,0,0,43,845,51,397,43,1242,Not in California
Unknown,2021-02-12,42,1668,34,1576,8,92,0,0,17,833,29,426,17,1259,Not in California
Unknown,2021-02-13,15,1683,3,1579,12,104,0,0,17,849,1,427,17,1276,Not in California
Unknown,2021-02-14,7,1690,1,1580,6,110,0,0,5,853,1,428,5,1281,Not in California
Unknown,2021-02-15,43,1733,37,1617,6,116,0,0,28,868,13,441,28,1309,Not in California
Unknown,2021-02-16,104,1837,95,1712,9,125,0,0,31,826,73,514,31,1340,Not in California
Unknown,2021-02-17,10,1847,8,1720,2,127,0,0,4,825,5,519,4,1344,Not in California
Unknown,2021-02-18,105,1952,100,1820,5,132,0,0,19,758,86,605,19,1363,Not in California
Unknown,2021-02-19,196,2148,190,2010,6,138,0,0,58,679,137,742,58,1421,Not in California
Unknown,2021-02-20,12,2160,5,2015,7,145,0,0,5,679,5,747,5,1426,Not in California
Unknown,2021-02-21,18,2178,18,2033,0,145,0,0,4,669,14,761,4,1430,Not in California
Unknown,2021-02-22,9,2187,9,2042,0,145,0,0,6,672,3,764,6,1436,Not in California
Unknown,2021-02-23,63,2250,51,2093,12,157,0,0,15,640,47,811,15,1451,Not in California
Unknown,2021-02-24,43,2293,35,2128,8,165,0,0,14,625,29,840,14,1465,Not in California
Unknown,2021-02-25,76,2369,60,2188,16,181,0,0,27,603,49,889,27,1492,Not in California
Unknown,2021-02-26,40,2409,25,2213,15,196,0,0,24,612,15,904,24,1516,Not in California
Unknown,2021-02-27,28,2437,15,2228,13,209,0,0,20,624,8,912,20,1536,Not in California
Unknown,2021-02-28,17,2454,13,2241,4,213,0,0,10,629,5,917,10,1546,Not in California
Unknown,2021-03-01,45,2499,27,2268,18,231,0,0,24,633,20,937,24,1570,Not in California
Unknown,2021-03-02,19,2518,7,2275,12,243,0,0,12,640,5,942,12,1582,Not in California
Unknown,2021-03-03,13,2531,7,2282,6,249,0,0,9,646,3,945,9,1591,Not in California
Unknown,2021-03-04,53,2584,49,2331,4,253,0,0,22,637,31,976,22,1613,Not in California
Unknown,2021-03-05,33,2617,15,2346,18,271,0,0,35,666,6,982,35,1648,Not in California
Unknown,2021-03-06,32,2649,11,2357,19,290,2,2,23,682,9,991,25,1673,Not in California
Unknown,2021-03-07,10,2659,1,2358,9,299,0,2,6,685,3,994,6,1679,Not in California
Unknown,2021-03-08,32,2691,23,2381,7,306,2,4,9,671,25,1019,11,1690,Not in California
Unknown,2021-03-09,39,2730,32,2413,3,309,4,8,10,655,30,1049,14,1704,Not in California
Unknown,2021-03-10,9,2739,6,2419,1,310,2,10,5,657,5,1054,7,1711,Not in California
Unknown,2021-03-11,37,2776,13,2432,10,320,14,24,14,664,21,1075,28,1739,Not in California
Unknown,2021-03-12,82,2858,56,2488,21,341,5,29,15,620,64,1139,20,1759,Not in California
Unknown,2021-03-13,24,2882,4,2492,16,357,4,33,8,616,16,1155,12,1771,Not in California
Unknown,2021-03-14,17,2899,9,2501,6,363,2,35,6,613,11,1166,8,1779,Not in California
Unknown,2021-03-15,30,2929,11,2512,17,380,2,37,20,622,13,1179,22,1801,Not in California
Unknown,2021-03-16,64,2993,22,2534,38,418,4,41,44,651,19,1198,48,1849,Not in California
Unknown,2021-03-17,47,3040,14,2548,32,450,1,42,40,688,4,1202,41,1890,Not in California
Unknown,2021-03-18,40,3080,20,2568,20,470,0,42,28,704,12,1214,28,1918,Not in California
Unknown,2021-03-19,29,3109,19,2587,10,480,0,42,24,720,8,1222,24,1942,Not in California
Unknown,2021-03-20,34,3143,15,2602,19,499,0,42,20,727,13,1235,20,1962,Not in California
Unknown,2021-03-21,23,3166,17,2619,6,505,0,42,19,743,3,1238,19,1981,Not in California
Unknown,2021-03-22,36,3202,19,2638,16,521,1,43,18,750,12,1250,19,2000,Not in California
Unknown,2021-03-23,23,3225,9,2647,9,530,5,48,11,755,11,1261,16,2016,Not in California
Unknown,2021-03-24,26,3251,9,2656,17,547,0,48,21,771,5,1266,21,2037,Not in California
Unknown,2021-03-25,48,3299,34,2690,14,561,0,48,33,790,14,1280,33,2070,Not in California
Unknown,2021-03-26,37,3336,20,2710,12,573,5,53,20,799,16,1296,25,2095,Not in California
Unknown,2021-03-27,39,3375,13,2723,26,599,0,53,24,803,20,1316,24,2119,Not in California
Unknown,2021-03-28,16,3391,9,2732,7,606,0,53,11,810,4,1320,11,2130,Not in California
Unknown,2021-03-29,38,3429,17,2749,20,626,1,54,24,823,12,1332,25,2155,Not in California
Unknown,2021-03-30,42,3471,25,2774,17,643,0,54,26,834,15,1347,26,2181,Not in California
Unknown,2021-03-31,36,3507,22,2796,14,657,0,54,24,846,12,1359,24,2205,Not in California
Unknown,2021-04-01,28,3535,14,2810,14,671,0,54,23,863,6,1365,23,2228,Not in California
Unknown,2021-04-02,62,3597,16,2826,37,708,9,63,28,866,34,1399,37,2265,Not in California
Unknown,2021-04-03,19,3616,9,2835,10,718,0,63,10,866,10,1409,10,2275,Not in California
Unknown,2021-04-04,16,3632,4,2839,12,730,0,63,10,871,5,1414,10,2285,Not in California
Unknown,2021-04-05,35,3667,21,2860,13,743,1,64,22,879,15,1429,23,2308,Not in California
Unknown,2021-04-06,36,3703,18,2878,17,760,1,65,22,883,19,1448,23,2331,Not in California
Unknown,2021-04-07,38,3741,25,2903,13,773,0,65,34,909,8,1456,34,2365,Not in California
Unknown,2021-04-08,37,3778,22,2925,11,784,4,69,17,908,22,1478,21,2386,Not in California
Unknown,2021-04-09,41,3819,25,2950,16,800,0,69,30,924,14,1492,30,2416,Not in California
Unknown,2021-04-10,10,3829,9,2959,1,801,0,69,12,929,7,1499,12,2428,Not in California
Unknown,2021-04-11,14,3843,10,2969,4,805,0,69,5,925,9,1508,5,2433,Not in California
Unknown,2021-04-12,40,3883,23,2992,16,821,1,70,21,924,23,1531,22,2455,Not in California
Unknown,2021-04-13,69,3952,26,3018,43,864,0,70,32,915,41,1572,32,2487,Not in California
Unknown,2021-04-14,34,3986,10,3028,24,888,0,70,7,896,26,1598,7,2494,Not in California
Unknown,2021-04-15,44,4030,18,3046,25,913,1,71,14,882,29,1627,15,2509,Not in California
Unknown,2021-04-16,53,4083,39,3085,14,927,0,71,31,892,21,1648,31,2540,Not in California
Unknown,2021-04-17,27,4110,15,3100,12,939,0,71,8,883,18,1666,9,2549,Not in California
Unknown,2021-04-18,19,4129,7,3107,12,951,0,71,7,878,12,1678,7,2556,Not in California
Unknown,2021-04-19,36,4165,22,3129,14,965,0,71,17,877,18,1696,17,2573,Not in California
Unknown,2021-04-20,25,4190,14,3143,11,976,0,71,5,862,20,1716,5,2578,Not in California
Unknown,2021-04-21,38,4228,16,3159,22,998,0,71,12,848,26,1742,12,2590,Not in California
Unknown,2021-04-22,23,4251,14,3173,9,1007,0,71,5,835,18,1760,5,2595,Not in California
Unknown,2021-04-23,34,4285,15,3188,19,1026,0,71,20,842,13,1773,20,2615,Not in California
Unknown,2021-04-24,38,4323,23,3211,15,1041,0,71,28,860,10,1783,28,2643,Not in California
Unknown,2021-04-25,23,4346,9,3220,14,1055,0,71,12,861,11,1794,12,2655,Not in California
Unknown,2021-04-26,19,4365,12,3232,7,1062,0,71,6,854,13,1807,6,2661,Not in California
Unknown,2021-04-27,24,4389,9,3241,15,1077,0,71,7,844,17,1824,7,2668,Not in California
Unknown,2021-04-28,42,4431,34,3275,7,1084,1,72,19,841,23,1847,20,2688,Not in California
Unknown,2021-04-29,36,4467,21,3296,15,1099,0,72,14,833,22,1869,14,2702,Not in California
Unknown,2021-04-30,29,4496,14,3310,12,1111,3,75,16,839,13,1882,19,2721,Not in California
Unknown,2021-05-01,34,4530,26,3336,7,1118,1,76,20,846,14,1896,21,2742,Not in California
Unknown,2021-05-02,14,4544,7,3343,6,1124,1,77,6,845,8,1904,7,2749,Not in California
Unknown,2021-05-03,220,4764,157,3500,41,1165,22,99,166,979,54,1958,188,2937,Not in California
Unknown,2021-05-04,279,5043,159,3659,79,1244,41,140,208,1158,70,2028,249,3186,Not in California
Unknown,2021-05-05,5,5048,3,3662,2,1246,0,140,4,1161,1,2029,4,3190,Not in California
Unknown,2021-05-06,3,5051,0,3662,2,1248,1,141,0,1159,3,2032,1,3191,Not in California
Unknown,2021-05-07,3,5054,2,3664,1,1249,0,141,0,1156,3,2035,0,3191,Not in California
Alameda,2020-12-15,36,36,36,36,0,0,0,0,36,36,0,0,36,36,California
Alameda,2020-12-16,206,242,206,242,0,0,0,0,206,242,0,0,206,242,California
Alameda,2020-12-17,396,638,396,638,0,0,0,0,396,638,0,0,396,638,California
Alameda,2020-12-18,1773,2411,1773,2411,0,0,0,0,1773,2411,0,0,1773,2411,California
Alameda,2020-12-19,1352,3763,1352,3763,0,0,0,0,1352,3763,0,0,1352,3763,California
Alameda,2020-12-20,1162,4925,1161,4924,1,1,0,0,1161,4923,1,1,1161,4924,California
Alameda,2020-12-21,1861,6786,1859,6783,2,3,0,0,1860,6783,0,1,1860,6784,California
Alameda,2020-12-22,2100,8886,2047,8830,53,56,0,0,2100,8883,0,1,2100,8884,California
Alameda,2020-12-23,1943,10829,1685,10515,258,314,0,0,1944,10827,0,1,1944,10828,California
Alameda,2020-12-24,1219,12048,759,11274,460,774,0,0,1219,12046,0,1,1219,12047,California
Alameda,2020-12-25,165,12213,128,11402,37,811,0,0,165,12211,0,1,165,12212,California
Alameda,2020-12-26,870,13083,326,11728,544,1355,0,0,870,13081,0,1,870,13082,California
Alameda,2020-12-27,498,13581,256,11984,242,1597,0,0,498,13579,0,1,498,13580,California
Alameda,2020-12-28,1885,15466,959,12943,926,2523,0,0,1885,15464,0,1,1885,15465,California
Alameda,2020-12-29,2431,17897,1025,13968,1406,3929,0,0,2430,17894,0,1,2430,17895,California
Alameda,2020-12-30,3131,21028,1365,15333,1766,5695,0,0,3133,21027,0,1,3133,21028,California
Alameda,2020-12-31,1796,22824,443,15776,1353,7048,0,0,1794,22820,1,2,1794,22822,California
Alameda,2021-01-01,172,22996,70,15846,102,7150,0,0,171,22990,1,3,171,22993,California
Alameda,2021-01-02,724,23720,523,16369,201,7351,0,0,723,23713,0,3,723,23716,California
Alameda,2021-01-03,343,24063,222,16591,121,7472,0,0,340,24050,3,6,340,24056,California
Alameda,2021-01-04,1648,25711,943,17534,705,8177,0,0,1636,25675,11,17,1636,25692,California
Alameda,2021-01-05,2204,27915,1265,18799,939,9116,0,0,1968,27410,233,250,1968,27660,California
Alameda,2021-01-06,3248,31163,1781,20580,1467,10583,0,0,2428,29023,817,1067,2430,30090,California
Alameda,2021-01-07,3775,34938,2112,22692,1663,12246,0,0,2686,30633,1080,2147,2690,32780,California
Alameda,2021-01-08,4736,39674,2703,25395,2033,14279,0,0,3108,32121,1624,3771,3112,35892,California
Alameda,2021-01-09,2033,41707,1388,26783,645,14924,0,0,1172,32432,861,4632,1172,37064,California
Alameda,2021-01-10,1068,42775,846,27629,222,15146,0,0,428,32219,641,5273,428,37492,California
Alameda,2021-01-11,4648,47423,3514,31143,1134,16280,0,0,2855,33289,1792,7065,2862,40354,California
Alameda,2021-01-12,4829,52252,3249,34392,1580,17860,0,0,3437,35338,1391,8456,3440,43794,California
Alameda,2021-01-13,5045,57297,2665,37057,2380,20240,0,0,3856,38010,1185,9641,3857,47651,California
Alameda,2021-01-14,5638,62935,2772,39829,2866,23106,0,0,4752,41887,878,10519,4755,52406,California
Alameda,2021-01-15,5840,68775,2314,42143,3526,26632,0,0,5072,46202,761,11280,5076,57482,California
Alameda,2021-01-16,3007,71782,1409,43552,1598,28230,0,0,2738,48672,269,11549,2739,60221,California
Alameda,2021-01-17,1869,73651,1083,44635,786,29016,0,0,1662,50129,206,11755,1663,61884,California
Alameda,2021-01-18,3198,76849,2053,46688,1145,30161,0,0,2604,52148,590,12345,2609,64493,California
Alameda,2021-01-19,5526,82375,3331,50019,2195,32356,0,0,4334,55294,1190,13535,4336,68829,California
Alameda,2021-01-20,6775,89150,4109,54128,2666,35022,0,0,5478,59492,1284,14819,5482,74311,California
Alameda,2021-01-21,7775,96925,3405,57533,4370,39392,0,0,6938,65604,831,15650,6943,81254,California
Alameda,2021-01-22,6849,103774,2038,59571,4811,44203,0,0,5710,70184,1132,16782,5712,86966,California
Alameda,2021-01-23,3288,107062,946,60517,2342,46545,0,0,2734,72366,554,17336,2736,89702,California
Alameda,2021-01-24,2051,109113,655,61172,1396,47941,0,0,1775,73869,272,17608,1775,91477,California
Alameda,2021-01-25,5220,114333,1984,63156,3236,51177,0,0,3634,75926,1578,19186,3635,95112,California
Alameda,2021-01-26,7250,121583,2289,65445,4961,56138,0,0,5389,79462,1854,21040,5390,100502,California
Alameda,2021-01-27,6669,128252,2076,67521,4593,60731,0,0,4820,82447,1835,22875,4820,105322,California
Alameda,2021-01-28,7897,136149,2548,70069,5349,66080,0,0,5656,85879,2225,25100,5657,110979,California
Alameda,2021-01-29,7926,144075,3183,73252,4743,70823,0,0,6104,90172,1812,26912,6105,117084,California
Alameda,2021-01-30,3423,147498,1675,74927,1748,72571,0,0,2717,92189,700,27612,2717,119801,California
Alameda,2021-01-31,1906,149404,965,75892,941,73512,0,0,1662,93610,241,27853,1662,121463,California
Alameda,2021-02-01,5971,155375,3367,79259,2604,76116,0,0,4329,96304,1636,29489,4330,125793,California
Alameda,2021-02-02,7470,162845,4254,83513,3216,79332,0,0,4675,98194,2785,32274,4675,130468,California
Alameda,2021-02-03,7083,169928,3729,87242,3354,82686,0,0,4405,99931,2673,34947,4410,134878,California
Alameda,2021-02-04,9518,179446,4128,91370,5390,88076,0,0,6429,103295,3070,38017,6434,141312,California
Alameda,2021-02-05,10339,189785,5396,96766,4943,93019,0,0,6466,105900,3867,41884,6472,147784,California
Alameda,2021-02-06,6996,196781,4436,101202,2560,95579,0,0,5874,110652,1122,43006,5874,153658,California
Alameda,2021-02-07,3585,200366,2895,104097,690,96269,0,0,2642,112355,940,43946,2643,156301,California
Alameda,2021-02-08,8099,208465,5788,109885,2311,98580,0,0,5543,115355,2545,46491,5545,161846,California
Alameda,2021-02-09,9718,218183,5862,115747,3856,102436,0,0,6069,117783,3643,50134,6071,167917,California
Alameda,2021-02-10,11466,229649,6779,122526,4687,107123,0,0,6570,119483,4878,55012,6578,174495,California
Alameda,2021-02-11,13940,243589,7990,130516,5950,113073,0,0,8376,122316,5546,60558,8379,182874,California
Alameda,2021-02-12,12539,256128,5697,136213,6842,119915,0,0,7758,125310,4767,65325,7761,190635,California
Alameda,2021-02-13,7816,263944,4069,140282,3747,123662,0,0,5851,129203,1960,67285,5853,196488,California
Alameda,2021-02-14,4032,267976,2537,142819,1495,125157,0,0,2871,130919,1158,68443,2874,199362,California
Alameda,2021-02-15,5714,273690,3225,146044,2489,127646,0,0,3701,132614,2009,70452,3704,203066,California
Alameda,2021-02-16,12535,286225,6956,153000,5579,133225,0,0,9319,138732,3206,73658,9324,212390,California
Alameda,2021-02-17,14110,300335,8355,161355,5755,138980,0,0,10484,145610,3608,77266,10486,222876,California
Alameda,2021-02-18,15869,316204,10068,171423,5801,144781,0,0,11517,152788,4345,81611,11523,234399,California
Alameda,2021-02-19,17660,333864,11451,182874,6209,150990,0,0,11700,158554,5938,87549,11704,246103,California
Alameda,2021-02-20,11864,345728,9613,192487,2251,153241,0,0,9142,164984,2718,90267,9148,255251,California
Alameda,2021-02-21,6242,351970,5310,197797,932,154173,0,0,3763,166279,2468,92735,3763,259014,California
Alameda,2021-02-22,10712,362682,7930,205727,2782,156955,0,0,6749,169088,3949,96684,6758,265772,California
Alameda,2021-02-23,12731,375413,7729,213456,5002,161957,0,0,7920,172213,4802,101486,7927,273699,California
Alameda,2021-02-24,14667,390080,8215,221671,6452,168409,0,0,9510,176633,5096,106582,9516,283215,California
Alameda,2021-02-25,15636,405716,9129,230800,6507,174916,0,0,9958,180951,5646,112228,9964,293179,California
Alameda,2021-02-26,18110,423826,10644,241444,7466,182382,0,0,11711,186308,6358,118586,11715,304894,California
Alameda,2021-02-27,14724,438550,10827,252271,3895,186277,2,2,9119,189848,5583,124169,9123,314017,California
Alameda,2021-02-28,9157,447707,7717,259988,1440,187717,0,2,6077,192867,3059,127228,6078,320095,California
Alameda,2021-03-01,13268,460975,9216,269204,4047,191764,5,7,8220,196095,5003,132231,8231,328326,California
Alameda,2021-03-02,13838,474813,9619,278823,4219,195983,0,7,8890,200063,4929,137160,8897,337223,California
Alameda,2021-03-03,15415,490228,10010,288833,5404,201387,1,8,10500,205681,4887,142047,10505,347728,California
Alameda,2021-03-04,17319,507547,11075,299908,6242,207629,2,10,10883,210165,6401,148448,10885,358613,California
Alameda,2021-03-05,15865,523412,10243,310151,5613,213242,9,19,10639,215633,5186,153634,10654,369267,California
Alameda,2021-03-06,14262,537674,9982,320133,4018,217260,262,281,9364,220406,4855,158489,9628,378895,California
Alameda,2021-03-07,9353,547027,8134,328267,1138,218398,81,362,6579,224321,2747,161236,6662,385557,California
Alameda,2021-03-08,11670,558697,7181,335448,4110,222508,379,741,8666,230412,2954,164190,9045,394602,California
Alameda,2021-03-09,11403,570100,7043,342491,3932,226440,428,1169,6294,232060,5076,169266,6724,401326,California
Alameda,2021-03-10,16678,586778,11329,353820,4791,231231,558,1727,7555,231071,9098,178364,8109,409435,California
Alameda,2021-03-11,19775,606553,11563,365383,6506,237737,1706,3433,6767,226563,12978,191342,8470,417905,California
Alameda,2021-03-12,21154,627707,12317,377700,7184,244921,1653,5086,7468,222014,13663,205005,9114,427019,California
Alameda,2021-03-13,15844,643551,10103,387803,4755,249676,986,6072,5110,217409,10699,215704,6094,433113,California
Alameda,2021-03-14,10704,654255,7820,395623,2099,251775,785,6857,4652,216803,6035,221739,5429,438542,California
Alameda,2021-03-15,14312,668567,9327,404950,4468,256243,517,7374,6369,215770,7915,229654,6882,445424,California
Alameda,2021-03-16,17180,685747,11120,416070,5527,261770,533,7907,7575,214325,9554,239208,8109,453533,California
Alameda,2021-03-17,17382,703129,9789,425859,6899,268669,694,8601,8180,214031,9167,248375,8873,462406,California
Alameda,2021-03-18,19066,722195,10336,436195,7854,276523,876,9477,8778,213429,10260,258635,9658,472064,California
Alameda,2021-03-19,19120,741315,10352,446547,6983,283506,1785,11262,7651,211438,11421,270056,9430,481494,California
Alameda,2021-03-20,15633,756948,10201,456748,4609,288115,823,12085,6542,209738,9062,279118,7362,488856,California
Alameda,2021-03-21,9062,766010,7103,463851,1426,289541,533,12618,3776,208772,5276,284394,4310,493166,California
Alameda,2021-03-22,14888,780898,10006,473857,3905,293446,977,13595,7176,209233,7689,292083,8150,501316,California
Alameda,2021-03-23,19121,800019,11516,485373,6814,300260,791,14386,10737,212424,8342,300425,11533,512849,California
Alameda,2021-03-24,19010,819029,11447,496820,6571,306831,992,15378,8584,211625,10366,310791,9567,522416,California
Alameda,2021-03-25,20358,839387,11243,508063,7735,314566,1380,16758,9562,211826,10729,321520,10930,533346,California
Alameda,2021-03-26,20681,860068,12383,520446,6765,321331,1533,18291,8870,210453,11766,333286,10393,543739,California
Alameda,2021-03-27,18195,878263,12343,532789,4894,326225,958,19249,7854,208951,10295,343581,8793,552532,California
Alameda,2021-03-28,10426,888689,8446,541235,1777,328002,203,19452,3829,206406,6584,350165,4039,556571,California
Alameda,2021-03-29,14598,903287,9290,550525,4311,332313,997,20449,6279,205396,8285,358450,7275,563846,California
Alameda,2021-03-30,18459,921746,9683,560208,7080,339393,1696,22145,10834,210325,7596,366046,12525,576371,California
Alameda,2021-03-31,19228,940974,10123,570331,7040,346433,2065,24210,9535,212249,9670,375716,11594,587965,California
Alameda,2021-04-01,23042,964016,9968,580299,7582,354015,5492,29702,11008,216741,12000,387716,16492,604457,California
Alameda,2021-04-02,23810,987826,9898,590197,8236,362251,5676,35378,11584,221794,12191,399907,17244,621701,California
Alameda,2021-04-03,20101,1007927,9735,599932,5676,367927,4690,40068,10299,226998,9784,409691,14988,636689,California
Alameda,2021-04-04,9925,1017852,3961,603893,2283,370210,3681,43749,3513,227786,6400,416091,7188,643877,California
Alameda,2021-04-05,17780,1035632,7496,611389,5514,375724,4770,48519,7263,229317,10499,426590,12030,655907,California
Alameda,2021-04-06,22152,1057784,10693,622082,5641,381365,5818,54337,10094,233194,12025,438615,15902,671809,California
Alameda,2021-04-07,22463,1080247,11533,633615,5495,386860,5435,59772,11415,239027,11008,449623,16841,688650,California
Alameda,2021-04-08,25387,1105634,11484,645099,5950,392810,7953,67725,10842,243335,14477,464100,18785,707435,California
Alameda,2021-04-09,23234,1128868,10597,655696,7444,400254,5193,72918,11999,249321,11206,475306,17192,724627,California
Alameda,2021-04-10,18817,1147685,7412,663108,5584,405838,5821,78739,8169,252670,10627,485933,13976,738603,California
Alameda,2021-04-11,10974,1158659,4774,667882,2268,408106,3932,82671,4482,254599,6475,492408,8404,747007,California
Alameda,2021-04-12,17824,1176483,11706,679588,4292,412398,1826,84497,10113,258855,7679,500087,11935,758942,California
Alameda,2021-04-13,22977,1199460,14575,694163,8347,420745,55,84552,16920,269831,6010,506097,16986,775928,California
Alameda,2021-04-14,23081,1222541,15265,709428,7815,428560,1,84553,15661,278111,7389,513486,15669,791597,California
Alameda,2021-04-15,24053,1246594,15361,724789,8690,437250,2,84555,15983,286085,8018,521504,15992,807589,California
Alameda,2021-04-16,24301,1270895,14351,739140,9945,447195,5,84560,15669,293186,8583,530087,15684,823273,California
Alameda,2021-04-17,20696,1291591,14274,753414,6422,453617,0,84560,14258,301050,6408,536495,14272,837545,California
Alameda,2021-04-18,9879,1301470,7544,760958,2335,455952,0,84560,6849,304900,3004,539499,6854,844399,California
Alameda,2021-04-19,15568,1317038,9646,770604,5922,461874,0,84560,9016,307404,6522,546021,9026,853425,California
Alameda,2021-04-20,18076,1335114,11037,781641,7038,468912,1,84561,9895,309178,8142,554163,9916,863341,California
Alameda,2021-04-21,19087,1354201,11173,792814,7906,476818,8,84569,11126,312420,7911,562074,11153,874494,California
Alameda,2021-04-22,21267,1375468,13694,806508,7570,484388,3,84572,11289,313806,9932,572006,11318,885812,California
Alameda,2021-04-23,21501,1396969,14027,820535,7472,491860,2,84574,12047,316476,9403,581409,12073,897885,California
Alameda,2021-04-24,18947,1415916,14377,834912,4563,496423,7,84581,10023,317628,8888,590297,10040,907925,California
Alameda,2021-04-25,8776,1424692,6836,841748,1940,498363,0,84581,5696,320268,3066,593363,5706,913631,California
Alameda,2021-04-26,13167,1437859,9116,850864,4029,502392,22,84603,8219,323595,4922,598285,8249,921880,California
Alameda,2021-04-27,15106,1452965,8892,859756,5909,508301,305,84908,7120,323102,7941,606226,7448,929328,California
Alameda,2021-04-28,15889,1468854,10090,869846,5334,513635,465,85373,6168,320056,9693,615919,6647,935975,California
Alameda,2021-04-29,16493,1485347,9890,879736,6281,519916,322,85695,5816,315582,10633,626552,6159,942134,California
Alameda,2021-04-30,19352,1504699,11957,891693,7059,526975,336,86031,7832,312335,11450,638002,8203,950337,California
Alameda,2021-05-01,13926,1518625,9286,900979,4436,531411,204,86235,5173,309018,8726,646728,5409,955746,California
Alameda,2021-05-02,6995,1525620,4856,905835,1968,533379,171,86406,2862,307939,4117,650845,3038,958784,California
Alameda,2021-05-03,14302,1539922,10821,916656,3173,536552,308,86714,2811,299634,11454,662299,3149,961933,California
Alameda,2021-05-04,18096,1558018,12961,929617,4781,541333,354,87068,3575,289131,14459,676758,3956,965889,California
Alameda,2021-05-05,15176,1573194,10979,940596,3885,545218,312,87380,2846,280023,12280,689038,3172,969061,California
Alameda,2021-05-06,14952,1588146,11255,951851,3247,548465,450,87830,2720,271033,12170,701208,3180,972241,California
Alameda,2021-05-07,14682,1602828,9863,961714,4649,553114,170,88000,3103,262779,11532,712740,3278,975519,California
Alpine,2020-12-18,2,2,2,2,0,0,0,0,2,2,0,0,2,2,California
Alpine,2020-12-19,2,4,2,4,0,0,0,0,2,4,0,0,2,4,California
Alpine,2020-12-21,2,6,2,6,0,0,0,0,2,6,0,0,2,6,California
Alpine,2020-12-30,14,20,0,6,14,14,0,0,14,20,0,0,14,20,California
Alpine,2020-12-31,1,21,0,6,1,15,0,0,1,21,0,0,1,21,California
Alpine,2021-01-01,1,22,0,6,1,16,0,0,1,22,0,0,1,22,California
Alpine,2021-01-02,1,23,1,7,0,16,0,0,1,23,0,0,1,23,California
Alpine,2021-01-04,10,33,0,7,10,26,0,0,10,33,0,0,10,33,California
Alpine,2021-01-05,9,42,1,8,8,34,0,0,9,42,0,0,9,42,California
Alpine,2021-01-06,31,73,0,8,31,65,0,0,31,73,0,0,31,73,California
Alpine,2021-01-07,8,81,0,8,8,73,0,0,8,81,0,0,8,81,California
Alpine,2021-01-08,4,85,2,10,2,75,0,0,2,81,2,2,2,83,California
Alpine,2021-01-09,2,87,2,12,0,75,0,0,0,79,2,4,0,83,California
Alpine,2021-01-11,32,119,1,13,31,106,0,0,31,109,1,5,31,114,California
Alpine,2021-01-13,35,154,0,13,35,141,0,0,35,144,0,5,35,149,California
Alpine,2021-01-14,1,155,0,13,1,142,0,0,1,145,0,5,1,150,California
Alpine,2021-01-15,1,156,0,13,1,143,0,0,1,146,0,5,1,151,California
Alpine,2021-01-20,21,177,0,13,21,164,0,0,21,167,0,5,21,172,California
Alpine,2021-01-21,1,178,0,13,1,165,0,0,1,168,0,5,1,173,California
Alpine,2021-01-22,32,210,0,13,32,197,0,0,32,200,0,5,32,205,California
Alpine,2021-01-23,1,211,1,14,0,197,0,0,0,199,1,6,0,205,California
Alpine,2021-01-25,16,227,0,14,16,213,0,0,16,215,0,6,16,221,California
Alpine,2021-01-27,1,228,1,15,0,213,0,0,0,214,1,7,0,221,California
Alpine,2021-01-28,1,229,0,15,1,214,0,0,0,213,1,8,0,221,California
Alpine,2021-01-29,1,230,0,15,1,215,0,0,1,214,0,8,1,222,California
Alpine,2021-02-01,25,255,0,15,25,240,0,0,7,203,18,26,7,229,California
Alpine,2021-02-03,34,289,0,15,34,274,0,0,10,189,24,50,10,239,California
Alpine,2021-02-04,8,297,0,15,8,282,0,0,3,187,5,55,3,242,California
Alpine,2021-02-05,31,328,0,15,31,313,0,0,12,180,19,74,12,254,California
Alpine,2021-02-06,1,329,1,16,0,313,0,0,1,181,0,74,1,255,California
Alpine,2021-02-07,1,330,1,17,0,313,0,0,1,182,0,74,1,256,California
Alpine,2021-02-08,32,362,0,17,32,345,0,0,4,158,28,102,4,260,California
Alpine,2021-02-10,34,396,0,17,34,379,0,0,0,124,34,136,0,260,California
Alpine,2021-02-11,6,402,0,17,6,385,0,0,3,124,3,139,3,263,California
Alpine,2021-02-12,1,403,0,17,1,386,0,0,0,123,1,140,0,263,California
Alpine,2021-02-17,23,426,0,17,23,409,0,0,3,106,20,160,3,266,California
Alpine,2021-02-18,2,428,0,17,2,411,0,0,1,106,1,161,1,267,California
Alpine,2021-02-19,34,462,1,18,33,444,0,0,2,76,32,193,2,269,California
Alpine,2021-02-22,27,489,0,18,27,471,0,0,8,65,19,212,8,277,California
Alpine,2021-02-24,1,490,1,19,0,471,0,0,1,66,0,212,1,278,California
Alpine,2021-02-25,6,496,1,20,5,476,0,0,6,72,0,212,6,284,California
Alpine,2021-02-26,29,525,1,21,28,504,0,0,28,99,1,213,28,312,California
Alpine,2021-02-27,1,526,0,21,1,505,0,0,1,100,0,213,1,313,California
Alpine,2021-03-01,35,561,0,21,35,540,0,0,25,115,10,223,25,338,California
Alpine,2021-03-02,1,562,1,22,0,540,0,0,0,114,1,224,0,338,California
Alpine,2021-03-03,30,592,1,23,29,569,0,0,18,120,12,236,18,356,California
Alpine,2021-03-04,11,603,1,24,10,579,0,0,11,131,0,236,11,367,California
Alpine,2021-03-05,30,633,0,24,30,609,0,0,22,145,8,244,22,389,California
Alpine,2021-03-08,31,664,0,24,31,640,0,0,29,172,2,246,29,418,California
Alpine,2021-03-10,73,737,0,24,73,713,0,0,73,245,0,246,73,491,California
Alpine,2021-03-11,36,773,0,24,36,749,0,0,32,273,4,250,32,523,California
Alpine,2021-03-12,19,792,0,24,19,768,0,0,17,288,2,252,17,540,California
Alpine,2021-03-15,21,813,1,25,20,788,0,0,20,307,1,253,20,560,California
Alpine,2021-03-17,23,836,0,25,22,810,1,1,19,323,4,257,20,580,California
Alpine,2021-03-18,38,874,3,28,35,845,0,1,35,355,3,260,35,615,California
Alpine,2021-03-19,2,876,1,29,1,846,0,1,1,355,1,261,1,616,California
Alpine,2021-03-22,24,900,0,29,24,870,0,1,15,361,9,270,15,631,California
Alpine,2021-03-24,19,919,0,29,19,889,0,1,9,360,10,280,9,640,California
Alpine,2021-03-25,35,954,1,30,33,922,1,2,28,382,7,287,29,669,California
Alpine,2021-03-27,1,955,0,30,1,923,0,2,0,381,1,288,0,669,California
Alpine,2021-03-28,1,956,1,31,0,923,0,2,1,382,0,288,1,670,California
Alpine,2021-03-29,19,975,0,31,18,941,1,3,2,368,17,305,3,673,California
Alpine,2021-04-01,17,992,0,31,17,958,0,3,8,367,9,314,8,681,California
Alpine,2021-04-02,100,1092,1,32,99,1057,0,3,46,360,53,367,46,727,California
Alpine,2021-04-05,4,1096,1,33,3,1060,0,3,0,356,4,371,0,727,California
Alpine,2021-04-06,3,1099,2,35,1,1061,0,3,2,357,1,372,2,729,California
Alpine,2021-04-07,117,1216,0,35,116,1177,1,4,30,302,86,458,31,760,California
Alpine,2021-04-08,38,1254,0,35,36,1213,2,6,10,286,28,486,12,772,California
Alpine,2021-04-09,1,1255,0,35,1,1214,0,6,1,287,0,486,1,773,California
Alpine,2021-04-14,47,1302,0,35,47,1261,0,6,10,260,37,523,10,783,California
Alpine,2021-04-15,35,1337,0,35,35,1296,0,6,3,231,32,555,3,786,California
Alpine,2021-04-16,1,1338,0,35,1,1297,0,6,1,232,0,555,1,787,California
Alpine,2021-04-19,1,1339,0,35,1,1298,0,6,1,233,0,555,1,788,California
Alpine,2021-04-21,31,1370,0,35,31,1329,0,6,15,232,16,571,15,803,California
Alpine,2021-04-22,24,1394,0,35,24,1353,0,6,1,210,23,594,1,804,California
Alpine,2021-04-24,2,1396,2,37,0,1353,0,6,0,209,2,596,1,805,California
Alpine,2021-04-25,1,1397,1,38,0,1353,0,6,0,208,1,597,0,805,California
Alpine,2021-04-27,2,1399,1,39,1,1354,0,6,1,208,1,598,1,806,California
Alpine,2021-04-28,36,1435,0,39,36,1390,0,6,6,184,30,628,6,812,California
Alpine,2021-04-29,7,1442,1,40,6,1396,0,6,1,179,6,634,1,813,California
Alpine,2021-04-30,2,1444,1,41,0,1396,1,7,1,180,1,635,2,815,California
Alpine,2021-05-02,1,1445,0,41,0,1396,1,8,0,180,1,636,1,816,California
Alpine,2021-05-05,17,1462,0,41,17,1413,0,8,4,171,13,649,4,820,California
Alpine,2021-05-06,7,1469,0,41,7,1420,0,8,0,164,7,656,0,820,California
Amador,2020-12-16,2,2,2,2,0,0,0,0,2,2,0,0,2,2,California
Amador,2020-12-17,5,7,5,7,0,0,0,0,5,7,0,0,5,7,California
Amador,2020-12-18,45,52,45,52,0,0,0,0,45,52,0,0,45,52,California
Amador,2020-12-19,17,69,17,69,0,0,0,0,17,69,0,0,17,69,California
Amador,2020-12-20,4,73,4,73,0,0,0,0,4,73,0,0,4,73,California
Amador,2020-12-21,31,104,31,104,0,0,0,0,31,104,0,0,31,104,California
Amador,2020-12-22,35,139,34,138,1,1,0,0,35,139,0,0,35,139,California
Amador,2020-12-23,39,178,38,176,1,2,0,0,39,178,0,0,39,178,California
Amador,2020-12-24,5,183,3,179,2,4,0,0,5,183,0,0,5,183,California
Amador,2020-12-26,5,188,4,183,1,5,0,0,5,188,0,0,5,188,California
Amador,2020-12-27,1,189,0,183,1,6,0,0,1,189,0,0,1,189,California
Amador,2020-12-28,31,220,27,210,4,10,0,0,31,220,0,0,31,220,California
Amador,2020-12-29,26,246,19,229,7,17,0,0,26,246,0,0,26,246,California
Amador,2020-12-30,124,370,78,307,46,63,0,0,124,370,0,0,124,370,California
Amador,2020-12-31,191,561,166,473,25,88,0,0,191,561,0,0,191,561,California
Amador,2021-01-01,2,563,0,473,2,90,0,0,2,563,0,0,2,563,California
Amador,2021-01-02,56,619,56,529,0,90,0,0,56,619,0,0,56,619,California
Amador,2021-01-03,65,684,17,546,48,138,0,0,65,684,0,0,65,684,California
Amador,2021-01-04,124,808,1,547,123,261,0,0,124,808,0,0,124,808,California
Amador,2021-01-05,33,841,3,550,30,291,0,0,31,838,2,2,32,840,California
Amador,2021-01-06,40,881,10,560,30,321,0,0,36,870,4,6,36,876,California
Amador,2021-01-07,228,1109,69,629,159,480,0,0,216,1074,12,18,216,1092,California
Amador,2021-01-08,84,1193,70,699,14,494,0,0,40,1071,44,62,41,1133,California
Amador,2021-01-09,11,1204,11,710,0,494,0,0,2,1064,9,71,2,1135,California
Amador,2021-01-10,6,1210,4,714,2,496,0,0,2,1062,4,75,2,1137,California
Amador,2021-01-11,124,1334,44,758,80,576,0,0,88,1115,36,111,89,1226,California
Amador,2021-01-12,64,1398,49,807,15,591,0,0,40,1131,24,135,40,1266,California
Amador,2021-01-13,38,1436,23,830,15,606,0,0,26,1145,12,147,26,1292,California
Amador,2021-01-14,146,1582,20,850,126,732,0,0,136,1271,10,157,136,1428,California
Amador,2021-01-15,55,1637,24,874,31,763,0,0,48,1312,7,164,48,1476,California
Amador,2021-01-16,19,1656,12,886,7,770,0,0,13,1320,6,170,14,1490,California
Amador,2021-01-17,26,1682,6,892,20,790,0,0,26,1346,0,170,26,1516,California
Amador,2021-01-18,32,1714,28,920,4,794,0,0,10,1334,22,192,10,1526,California
Amador,2021-01-19,121,1835,96,1016,25,819,0,0,77,1367,44,236,77,1603,California
Amador,2021-01-20,184,2019,34,1050,150,969,0,0,168,1520,15,251,168,1771,California
Amador,2021-01-21,253,2272,222,1272,31,1000,0,0,144,1556,109,360,145,1916,California
Amador,2021-01-22,134,2406,72,1344,62,1062,0,0,127,1676,7,367,127,2043,California
Amador,2021-01-23,52,2458,32,1376,20,1082,0,0,50,1724,2,369,50,2093,California
Amador,2021-01-24,28,2486,12,1388,16,1098,0,0,25,1746,3,372,25,2118,California
Amador,2021-01-25,59,2545,28,1416,31,1129,0,0,42,1771,17,389,42,2160,California
Amador,2021-01-26,245,2790,17,1433,228,1357,0,0,235,1996,10,399,235,2395,California
Amador,2021-01-27,297,3087,31,1464,266,1623,0,0,250,2202,45,444,251,2646,California
Amador,2021-01-28,347,3434,77,1541,270,1893,0,0,286,2428,61,505,287,2933,California
Amador,2021-01-29,96,3530,31,1572,65,1958,0,0,81,2494,15,520,81,3014,California
Amador,2021-01-30,168,3698,35,1607,133,2091,0,0,163,2652,5,525,163,3177,California
Amador,2021-01-31,32,3730,28,1635,4,2095,0,0,31,2682,1,526,31,3208,California
Amador,2021-02-01,63,3793,23,1658,40,2135,0,0,36,2691,27,553,36,3244,California
Amador,2021-02-02,211,4004,63,1721,148,2283,0,0,126,2735,82,635,126,3370,California
Amador,2021-02-03,141,4145,38,1759,103,2386,0,0,90,2775,50,685,90,3460,California
Amador,2021-02-04,250,4395,74,1833,176,2562,0,0,164,2855,86,771,166,3626,California
Amador,2021-02-05,331,4726,63,1896,268,2830,0,0,315,3154,16,787,315,3941,California
Amador,2021-02-06,99,4825,80,1976,19,2849,0,0,95,3245,4,791,95,4036,California
Amador,2021-02-07,39,4864,35,2011,4,2853,0,0,35,3277,4,795,36,4072,California
Amador,2021-02-08,90,4954,62,2073,28,2881,0,0,73,3333,17,812,73,4145,California
Amador,2021-02-09,175,5129,83,2156,92,2973,0,0,110,3378,65,877,110,4255,California
Amador,2021-02-10,978,6107,80,2236,898,3871,0,0,945,4290,33,910,945,5200,California
Amador,2021-02-11,306,6413,118,2354,188,4059,0,0,200,4385,105,1015,200,5400,California
Amador,2021-02-12,327,6740,120,2474,207,4266,0,0,255,4568,72,1087,255,5655,California
Amador,2021-02-13,165,6905,81,2555,84,4350,0,0,139,4681,26,1113,139,5794,California
Amador,2021-02-14,123,7028,54,2609,69,4419,0,0,106,4770,17,1130,106,5900,California
Amador,2021-02-15,185,7213,60,2669,125,4544,0,0,168,4922,16,1146,168,6068,California
Amador,2021-02-16,464,7677,53,2722,411,4955,0,0,425,5309,39,1185,426,6494,California
Amador,2021-02-17,261,7938,82,2804,179,5134,0,0,165,5378,96,1281,165,6659,California
Amador,2021-02-18,398,8336,99,2903,299,5433,0,0,336,5653,62,1343,337,6996,California
Amador,2021-02-19,194,8530,77,2980,117,5550,0,0,111,5681,83,1426,111,7107,California
Amador,2021-02-20,93,8623,32,3012,61,5611,0,0,65,5718,28,1454,65,7172,California
Amador,2021-02-21,45,8668,34,3046,11,5622,0,0,15,5703,30,1484,15,7187,California
Amador,2021-02-22,64,8732,25,3071,39,5661,0,0,32,5704,31,1515,32,7219,California
Amador,2021-02-23,318,9050,54,3125,264,5925,0,0,138,5663,180,1695,139,7358,California
Amador,2021-02-24,394,9444,57,3182,337,6262,0,0,264,5801,126,1821,264,7622,California
Amador,2021-02-25,522,9966,117,3299,405,6667,0,0,280,5840,241,2062,280,7902,California
Amador,2021-02-26,609,10575,75,3374,534,7201,0,0,503,6238,106,2168,504,8406,California
Amador,2021-02-27,288,10863,93,3467,195,7396,0,0,100,6153,187,2355,102,8508,California
Amador,2021-02-28,102,10965,51,3518,51,7447,0,0,56,6165,46,2401,58,8566,California
Amador,2021-03-01,188,11153,66,3584,122,7569,0,0,119,6216,69,2470,120,8686,California
Amador,2021-03-02,379,11532,62,3646,317,7886,0,0,329,6496,50,2520,330,9016,California
Amador,2021-03-03,242,11774,79,3725,163,8049,0,0,167,6590,74,2594,168,9184,California
Amador,2021-03-04,496,12270,116,3841,380,8429,0,0,393,6881,102,2696,393,9577,California
Amador,2021-03-05,511,12781,77,3918,434,8863,0,0,293,6959,217,2913,295,9872,California
Amador,2021-03-06,99,12880,45,3963,53,8916,1,1,54,6969,45,2958,55,9927,California
Amador,2021-03-07,63,12943,42,4005,21,8937,0,1,20,6946,43,3001,20,9947,California
Amador,2021-03-08,152,13095,71,4076,80,9017,1,2,91,6977,61,3062,92,10039,California
Amador,2021-03-09,370,13465,50,4126,320,9337,0,2,292,7194,75,3137,292,10331,California
Amador,2021-03-10,511,13976,76,4202,433,9770,2,4,111,6908,400,3537,114,10445,California
Amador,2021-03-11,472,14448,116,4318,345,10115,11,15,299,7049,172,3709,313,10758,California
Amador,2021-03-12,568,15016,65,4383,495,10610,8,23,337,7169,230,3939,350,11108,California
Amador,2021-03-13,114,15130,18,4401,89,10699,7,30,74,7214,40,3979,85,11193,California
Amador,2021-03-14,89,15219,19,4420,67,10766,3,33,21,7170,68,4047,24,11217,California
Amador,2021-03-15,176,15395,25,4445,144,10910,7,40,53,7109,123,4170,62,11279,California
Amador,2021-03-16,447,15842,54,4499,383,11293,10,50,137,6948,308,4478,147,11426,California
Amador,2021-03-17,193,16035,43,4542,147,11440,3,53,116,6991,77,4555,120,11546,California
Amador,2021-03-18,476,16511,98,4640,374,11814,4,57,249,7022,227,4782,258,11804,California
Amador,2021-03-19,540,17051,56,4696,467,12281,17,74,391,7286,147,4929,411,12215,California
Amador,2021-03-20,110,17161,45,4741,64,12345,1,75,46,7272,63,4992,49,12264,California
Amador,2021-03-21,48,17209,36,4777,11,12356,1,76,31,7290,16,5008,34,12298,California
Amador,2021-03-22,113,17322,32,4809,52,12408,29,105,49,7304,64,5072,78,12376,California
Amador,2021-03-23,432,17754,47,4856,377,12785,8,113,275,7431,156,5228,283,12659,California
Amador,2021-03-24,341,18095,35,4891,54,12839,252,365,34,7411,306,5534,286,12945,California
Amador,2021-03-25,600,18695,81,4972,513,13352,6,371,389,7596,210,5744,395,13340,California
Amador,2021-03-26,740,19435,45,5017,689,14041,6,377,283,7433,455,6199,292,13632,California
Amador,2021-03-27,91,19526,15,5032,74,14115,2,379,27,7400,64,6263,31,13663,California
Amador,2021-03-28,67,19593,14,5046,51,14166,2,381,13,7363,53,6316,16,13679,California
Amador,2021-03-29,179,19772,26,5072,152,14318,1,382,81,7354,96,6412,87,13766,California
Amador,2021-03-30,527,20299,27,5099,499,14817,1,383,290,7409,236,6648,291,14057,California
Amador,2021-03-31,199,20498,56,5155,138,14955,5,388,43,7301,156,6804,48,14105,California
Amador,2021-04-01,612,21110,87,5242,525,15480,0,388,263,7219,347,7151,265,14370,California
Amador,2021-04-02,599,21709,36,5278,551,16031,12,400,380,7394,218,7369,393,14763,California
Amador,2021-04-03,83,21792,19,5297,44,16075,20,420,20,7373,63,7432,42,14805,California
Amador,2021-04-04,38,21830,3,5300,29,16104,6,426,15,7371,23,7455,21,14826,California
Amador,2021-04-05,143,21973,52,5352,74,16178,17,443,48,7344,94,7549,67,14893,California
Amador,2021-04-06,501,22474,37,5389,445,16623,19,462,221,7306,278,7827,240,15133,California
Amador,2021-04-07,99,22573,34,5423,46,16669,19,481,43,7314,54,7881,62,15195,California
Amador,2021-04-08,494,23067,84,5507,389,17058,21,502,221,7284,272,8153,242,15437,California
Amador,2021-04-09,480,23547,21,5528,440,17498,19,521,211,7244,268,8421,228,15665,California
Amador,2021-04-10,50,23597,14,5542,27,17525,9,530,22,7247,28,8449,31,15696,California
Amador,2021-04-11,49,23646,24,5566,21,17546,4,534,23,7248,26,8475,27,15723,California
Amador,2021-04-12,96,23742,24,5590,62,17608,10,544,40,7242,56,8531,50,15773,California
Amador,2021-04-13,343,24085,50,5640,293,17901,0,544,68,7036,274,8805,68,15841,California
Amador,2021-04-14,276,24361,26,5666,250,18151,0,544,175,7111,100,8905,175,16016,California
Amador,2021-04-15,329,24690,72,5738,257,18408,0,544,73,6933,251,9156,73,16089,California
Amador,2021-04-16,482,25172,29,5767,453,18861,0,544,384,7221,96,9252,384,16473,California
Amador,2021-04-17,61,25233,35,5802,26,18887,0,544,27,7214,34,9286,27,16500,California
Amador,2021-04-18,25,25258,5,5807,20,18907,0,544,11,7211,14,9300,11,16511,California
Amador,2021-04-19,69,25327,27,5834,42,18949,0,544,31,7207,37,9337,33,16544,California
Amador,2021-04-20,436,25763,54,5888,382,19331,0,544,111,7002,318,9655,113,16657,California
Amador,2021-04-21,86,25849,34,5922,52,19383,0,544,44,7005,41,9696,44,16701,California
Amador,2021-04-22,491,26340,73,5995,417,19800,1,545,106,6734,378,10074,107,16808,California
Amador,2021-04-23,356,26696,44,6039,312,20112,0,545,286,6953,69,10143,288,17096,California
Amador,2021-04-24,45,26741,23,6062,22,20134,0,545,25,6958,20,10163,25,17121,California
Amador,2021-04-25,37,26778,19,6081,18,20152,0,545,25,6971,12,10175,25,17146,California
Amador,2021-04-26,80,26858,25,6106,54,20206,1,546,39,6971,40,10215,40,17186,California
Amador,2021-04-27,482,27340,36,6142,446,20652,0,546,85,6662,395,10610,86,17272,California
Amador,2021-04-28,66,27406,28,6170,34,20686,4,550,38,6676,28,10638,42,17314,California
Amador,2021-04-29,218,27624,66,6236,44,20730,108,658,61,6687,157,10795,168,17482,California
Amador,2021-04-30,335,27959,26,6262,305,21035,4,662,97,6550,238,11033,101,17583,California
Amador,2021-05-01,42,28001,16,6278,22,21057,4,666,22,6558,18,11051,26,17609,California
Amador,2021-05-02,26,28027,14,6292,9,21066,3,669,9,6554,17,11068,13,17622,California
Amador,2021-05-03,66,28093,32,6324,24,21090,10,679,27,6552,39,11107,37,17659,California
Amador,2021-05-04,453,28546,23,6347,426,21516,4,683,67,6237,386,11493,71,17730,California
Amador,2021-05-05,170,28716,152,6499,12,21528,6,689,152,6377,18,11511,158,17888,California
Amador,2021-05-06,69,28785,45,6544,21,21549,3,692,39,6390,29,11540,42,17930,California
Amador,2021-05-07,89,28874,27,6571,59,21608,3,695,47,6398,42,11582,50,17980,California
Butte,2020-12-16,3,3,3,3,0,0,0,0,3,3,0,0,3,3,California
Butte,2020-12-17,21,24,21,24,0,0,0,0,21,24,0,0,21,24,California
Butte,2020-12-18,50,74,50,74,0,0,0,0,50,74,0,0,50,74,California
Butte,2020-12-19,7,81,7,81,0,0,0,0,7,81,0,0,7,81,California
Butte,2020-12-20,10,91,10,91,0,0,0,0,10,91,0,0,10,91,California
Butte,2020-12-21,634,725,634,725,0,0,0,0,634,725,0,0,634,725,California
Butte,2020-12-22,618,1343,616,1341,2,2,0,0,618,1343,0,0,618,1343,California
Butte,2020-12-23,869,2212,853,2194,16,18,0,0,869,2212,0,0,869,2212,California
Butte,2020-12-24,159,2371,155,2349,4,22,0,0,159,2371,0,0,159,2371,California
Butte,2020-12-26,93,2464,91,2440,2,24,0,0,93,2464,0,0,93,2464,California
Butte,2020-12-27,35,2499,34,2474,1,25,0,0,35,2499,0,0,35,2499,California
Butte,2020-12-28,279,2778,273,2747,6,31,0,0,279,2778,0,0,279,2778,California
Butte,2020-12-29,203,2981,179,2926,24,55,0,0,203,2981,0,0,203,2981,California
Butte,2020-12-30,513,3494,291,3217,222,277,0,0,513,3494,0,0,513,3494,California
Butte,2020-12-31,211,3705,18,3235,193,470,0,0,211,3705,0,0,211,3705,California
Butte,2021-01-01,8,3713,1,3236,7,477,0,0,8,3713,0,0,8,3713,California
Butte,2021-01-02,41,3754,38,3274,3,480,0,0,41,3754,0,0,41,3754,California
Butte,2021-01-03,4,3758,1,3275,3,483,0,0,4,3758,0,0,4,3758,California
Butte,2021-01-04,208,3966,175,3450,33,516,0,0,208,3966,0,0,208,3966,California
Butte,2021-01-05,196,4162,151,3601,45,561,0,0,195,4160,1,1,195,4161,California
Butte,2021-01-06,623,4785,397,3998,226,787,0,0,618,4774,5,6,619,4780,California
Butte,2021-01-07,761,5546,369,4367,392,1179,0,0,741,5495,20,26,741,5521,California
Butte,2021-01-08,668,6214,529,4896,139,1318,0,0,622,6071,46,72,622,6143,California
Butte,2021-01-09,12,6226,7,4903,5,1323,0,0,7,6073,5,77,7,6150,California
Butte,2021-01-10,19,6245,5,4908,14,1337,0,0,14,6082,5,82,14,6164,California
Butte,2021-01-11,985,7230,949,5857,36,1373,0,0,357,5814,628,710,360,6524,California
Butte,2021-01-12,698,7928,653,6510,45,1418,0,0,274,5664,424,1134,274,6798,California
Butte,2021-01-13,1449,9377,955,7465,494,1912,0,0,615,5447,834,1968,617,7415,California
Butte,2021-01-14,1635,11012,894,8359,741,2653,0,0,1439,6691,195,2163,1439,8854,California
Butte,2021-01-15,1167,12179,925,9284,242,2895,0,0,1058,7639,110,2273,1058,9912,California
Butte,2021-01-16,586,12765,300,9584,286,3181,0,0,541,8135,45,2318,541,10453,California
Butte,2021-01-17,239,13004,64,9648,175,3356,0,0,202,8300,37,2355,202,10655,California
Butte,2021-01-18,344,13348,302,9950,42,3398,0,0,276,8509,67,2422,276,10931,California
Butte,2021-01-19,498,13846,433,10383,65,3463,0,0,225,8461,273,2695,225,11156,California
Butte,2021-01-20,1369,15215,688,11071,681,4144,0,0,1066,9224,303,2998,1066,12222,California
Butte,2021-01-21,1474,16689,866,11937,608,4752,0,0,1366,10483,107,3105,1366,13588,California
Butte,2021-01-22,1135,17824,476,12413,659,5411,0,0,1082,11512,53,3158,1082,14670,California
Butte,2021-01-23,129,17953,87,12500,42,5453,0,0,103,11589,26,3184,103,14773,California
Butte,2021-01-24,9,17962,7,12507,2,5455,0,0,9,11598,0,3184,9,14782,California
Butte,2021-01-25,655,18617,335,12842,320,5775,0,0,492,11927,163,3347,492,15274,California
Butte,2021-01-26,1468,20085,377,13219,1091,6866,0,0,1331,13121,137,3484,1331,16605,California
Butte,2021-01-27,2091,22176,705,13924,1386,8252,0,0,1362,13755,728,4212,1362,17967,California
Butte,2021-01-28,2260,24436,260,14184,2000,10252,0,0,1950,15396,309,4521,1950,19917,California
Butte,2021-01-29,1686,26122,487,14671,1199,11451,0,0,1307,16325,378,4899,1307,21224,California
Butte,2021-01-30,32,26154,9,14680,23,11474,0,0,29,16351,3,4902,29,21253,California
Butte,2021-01-31,16,26170,14,14694,2,11476,0,0,15,16365,1,4903,15,21268,California
Butte,2021-02-01,1749,27919,406,15100,1343,12819,0,0,1361,17340,386,5289,1361,22629,California
Butte,2021-02-02,1931,29850,363,15463,1568,14387,0,0,1628,18664,304,5593,1628,24257,California
Butte,2021-02-03,2732,32582,771,16234,1961,16348,0,0,1842,19618,888,6481,1842,26099,California
Butte,2021-02-04,2957,35539,327,16561,2630,18978,0,0,2402,21467,553,7034,2402,28501,California
Butte,2021-02-05,1264,36803,662,17223,602,19580,0,0,548,21300,716,7750,549,29050,California
Butte,2021-02-06,144,36947,103,17326,41,19621,0,0,62,21280,82,7832,62,29112,California
Butte,2021-02-07,37,36984,33,17359,4,19625,0,0,13,21269,24,7856,13,29125,California
Butte,2021-02-08,691,37675,542,17901,149,19774,0,0,238,21054,453,8309,238,29363,California
Butte,2021-02-09,953,38628,459,18360,494,20268,0,0,723,21547,230,8539,723,30086,California
Butte,2021-02-10,1706,40334,1190,19550,516,20784,0,0,675,21193,1029,9568,675,30761,California
Butte,2021-02-11,2202,42536,1349,20899,853,21637,0,0,1006,21003,1196,10764,1006,31767,California
Butte,2021-02-12,1001,43537,433,21332,568,22205,0,0,330,20663,670,11434,330,32097,California
Butte,2021-02-13,252,43789,44,21376,208,22413,0,0,150,20711,102,11536,150,32247,California
Butte,2021-02-14,161,43950,9,21385,152,22565,0,0,156,20862,5,11541,156,32403,California
Butte,2021-02-15,263,44213,47,21432,216,22781,0,0,198,20995,65,11606,198,32601,California
Butte,2021-02-16,734,44947,433,21865,301,23082,0,0,275,20810,460,12066,275,32876,California
Butte,2021-02-17,1515,46462,848,22713,667,23749,0,0,842,20981,671,12737,842,33718,California
Butte,2021-02-18,1554,48016,760,23473,794,24543,0,0,747,20921,807,13544,747,34465,California
Butte,2021-02-19,1166,49182,387,23860,779,25322,0,0,401,20564,758,14302,401,34866,California
Butte,2021-02-20,475,49657,29,23889,446,25768,0,0,122,20334,352,14654,122,34988,California
Butte,2021-02-21,16,49673,14,23903,2,25770,0,0,11,20340,5,14659,11,34999,California
Butte,2021-02-22,1498,51171,296,24199,1202,26972,0,0,380,19605,1115,15774,380,35379,California
Butte,2021-02-23,1633,52804,297,24496,1336,28308,0,0,463,18903,1165,16939,463,35842,California
Butte,2021-02-24,2135,54939,596,25092,1539,29847,0,0,728,18232,1399,18338,728,36570,California
Butte,2021-02-25,2073,57012,575,25667,1498,31345,0,0,651,17467,1417,19755,652,37222,California
Butte,2021-02-26,921,57933,311,25978,610,31955,0,0,398,17345,520,20275,398,37620,California
Butte,2021-02-27,234,58167,47,26025,187,32142,0,0,186,17485,46,20321,186,37806,California
Butte,2021-02-28,140,58307,16,26041,124,32266,0,0,132,17609,8,20329,132,37938,California
Butte,2021-03-01,1627,59934,178,26219,1448,33714,1,1,328,16642,1296,21625,329,38267,California
Butte,2021-03-02,1742,61676,196,26415,1546,35260,0,1,309,15522,1429,23054,309,38576,California
Butte,2021-03-03,2783,64459,848,27263,1935,37195,0,1,482,13704,2300,25354,482,39058,California
Butte,2021-03-04,3141,67600,678,27941,2463,39658,0,1,622,11808,2518,27872,622,39680,California
Butte,2021-03-05,1349,68949,617,28558,731,40389,1,2,736,11935,610,28482,737,40417,California
Butte,2021-03-06,247,69196,27,28585,197,40586,23,25,186,12084,60,28542,209,40626,California
Butte,2021-03-07,55,69251,3,28588,35,40621,17,42,30,12106,25,28567,47,40673,California
Butte,2021-03-08,1265,70516,129,28717,1059,41680,77,119,1100,13121,162,28729,1177,41850,California
Butte,2021-03-09,1900,72416,279,28996,1518,43198,103,222,1413,14152,485,29214,1516,43366,California
Butte,2021-03-10,2320,74736,965,29961,1255,44453,100,322,1579,15094,736,29950,1678,45044,California
Butte,2021-03-11,2804,77540,1312,31273,1366,45819,126,448,1980,16387,813,30763,2106,47150,California
Butte,2021-03-12,1144,78684,329,31602,466,46285,349,797,355,16308,783,31546,704,47854,California
Butte,2021-03-13,253,78937,67,31669,137,46422,49,846,64,16231,189,31735,112,47966,California
Butte,2021-03-14,161,79098,15,31684,104,46526,42,888,21,16155,139,31874,63,48029,California
Butte,2021-03-15,1718,80816,359,32043,1066,47592,293,1181,1125,16985,588,32462,1418,49447,California
Butte,2021-03-16,1630,82446,417,32460,1135,48727,78,1259,1090,17615,537,32999,1167,50614,California
Butte,2021-03-17,1952,84398,1358,33818,513,49240,81,1340,1134,18019,810,33809,1214,51828,California
Butte,2021-03-18,1800,86198,1457,35275,214,49454,129,1469,1061,18475,733,34542,1189,53017,California
Butte,2021-03-19,698,86896,312,35587,302,49756,84,1553,345,18560,344,34886,429,53446,California
Butte,2021-03-20,205,87101,32,35619,157,49913,16,1569,93,18557,112,34998,109,53555,California
Butte,2021-03-21,58,87159,27,35646,2,49915,29,1598,15,18558,43,35041,44,53599,California
Butte,2021-03-22,1461,88620,353,35999,1014,50929,94,1692,1196,19585,263,35304,1290,54889,California
Butte,2021-03-23,1805,90425,493,36492,1198,52127,114,1806,1455,20807,347,35651,1569,56458,California
Butte,2021-03-24,2247,92672,1266,37758,855,52982,126,1932,1701,22091,542,36193,1826,58284,California
Butte,2021-03-25,1484,94156,1201,38959,191,53173,92,2024,1020,22743,460,36653,1112,59396,California
Butte,2021-03-26,1212,95368,442,39401,524,53697,246,2270,567,22919,637,37290,813,60209,California
Butte,2021-03-27,299,95667,83,39484,192,53889,24,2294,132,22909,164,37454,154,60363,California
Butte,2021-03-28,226,95893,43,39527,175,54064,8,2302,101,22895,122,37576,108,60471,California
Butte,2021-03-29,1721,97614,381,39908,1270,55334,70,2372,1306,23861,410,37986,1376,61847,California
Butte,2021-03-30,1041,98655,471,40379,480,55814,90,2462,498,23912,537,38523,588,62435,California
Butte,2021-03-31,1776,100431,1304,41683,405,56219,67,2529,1087,24383,683,39206,1154,63589,California
Butte,2021-04-01,3274,103705,2662,44345,485,56704,127,2656,2206,25654,1063,40269,2334,65923,California
Butte,2021-04-02,997,104702,417,44762,460,57164,120,2776,558,25899,431,40700,676,66599,California
Butte,2021-04-03,345,105047,46,44808,224,57388,75,2851,166,25961,179,40879,241,66840,California
Butte,2021-04-04,184,105231,23,44831,138,57526,23,2874,106,26014,76,40955,129,66969,California
Butte,2021-04-05,1956,107187,421,45252,1366,58892,169,3043,598,25429,1351,42306,766,67735,California
Butte,2021-04-06,2188,109375,617,45869,1151,60043,420,3463,790,25245,1392,43698,1208,68943,California
Butte,2021-04-07,3006,112381,1312,47181,1302,61345,392,3855,696,24029,2304,46002,1088,70031,California
Butte,2021-04-08,2723,115104,1189,48370,1269,62614,265,4120,440,22454,2280,48282,705,70736,California
Butte,2021-04-09,1364,116468,346,48716,538,63152,480,4600,326,22222,1035,49317,803,71539,California
Butte,2021-04-10,217,116685,47,48763,74,63226,96,4696,96,22293,120,49437,191,71730,California
Butte,2021-04-11,103,116788,42,48805,51,63277,10,4706,79,22360,22,49459,89,71819,California
Butte,2021-04-12,1407,118195,316,49121,958,64235,133,4839,253,21592,1154,50613,386,72205,California
Butte,2021-04-13,1635,119830,569,49690,1060,65295,6,4845,346,20663,1282,51895,353,72558,California
Butte,2021-04-14,2829,122659,2339,52029,490,65785,0,4845,1313,20466,1511,53406,1314,73872,California
Butte,2021-04-15,634,123293,390,52419,244,66029,0,4845,480,20795,151,53557,480,74352,California
Butte,2021-04-16,807,124100,414,52833,393,66422,0,4845,473,20937,331,53888,473,74825,California
Butte,2021-04-17,338,124438,61,52894,277,66699,0,4845,236,21073,100,53988,236,75061,California
Butte,2021-04-18,38,124476,8,52902,30,66729,0,4845,34,21103,4,53992,34,75095,California
Butte,2021-04-19,1558,126034,380,53282,1178,67907,0,4845,447,20443,1107,55099,447,75542,California
Butte,2021-04-20,1968,128002,717,53999,1251,69158,0,4845,777,20034,1186,56285,777,76319,California
Butte,2021-04-21,2049,130051,1165,55164,884,70042,0,4845,480,18951,1563,57848,480,76799,California
Butte,2021-04-22,2186,132237,1908,57072,278,70320,0,4845,613,17995,1569,59417,613,77412,California
Butte,2021-04-23,937,133174,437,57509,500,70820,0,4845,488,18035,448,59865,488,77900,California
Butte,2021-04-24,345,133519,138,57647,207,71027,0,4845,191,18072,154,60019,191,78091,California
Butte,2021-04-25,171,133690,67,57714,104,71131,0,4845,63,18027,108,60127,63,78154,California
Butte,2021-04-26,1467,135157,408,58122,1054,72185,5,4850,409,17386,1055,61182,414,78568,California
Butte,2021-04-27,904,136061,613,58735,263,72448,28,4878,546,17606,354,61536,574,79142,California
Butte,2021-04-28,1389,137450,934,59669,431,72879,24,4902,497,17240,887,62423,521,79663,California
Butte,2021-04-29,873,138323,538,60207,310,73189,25,4927,294,16984,575,62998,319,79982,California
Butte,2021-04-30,886,139209,383,60590,483,73672,20,4947,451,17023,431,63429,470,80452,California
Butte,2021-05-01,239,139448,64,60654,156,73828,19,4966,72,16948,166,63595,91,80543,California
Butte,2021-05-02,146,139594,60,60714,73,73901,13,4979,42,16899,104,63699,55,80598,California
Butte,2021-05-03,605,140199,247,60961,325,74226,33,5012,152,16640,444,64143,185,80783,California
Butte,2021-05-04,802,141001,305,61266,463,74689,34,5046,201,16279,595,64738,234,81017,California
Butte,2021-05-05,1189,142190,994,62260,164,74853,31,5077,206,15535,981,65719,237,81254,California
Butte,2021-05-06,803,142993,583,62843,182,75035,38,5115,283,15339,517,66236,321,81575,California
Butte,2021-05-07,347,143340,215,63058,117,75152,15,5130,161,15331,184,66420,176,81751,California
Calaveras,2020-12-16,5,5,5,5,0,0,0,0,5,5,0,0,5,5,California
Calaveras,2020-12-17,3,8,3,8,0,0,0,0,3,8,0,0,3,8,California
Calaveras,2020-12-18,38,46,38,46,0,0,0,0,38,46,0,0,38,46,California
Calaveras,2020-12-19,3,49,3,49,0,0,0,0,3,49,0,0,3,49,California
Calaveras,2020-12-20,3,52,3,52,0,0,0,0,3,52,0,0,3,52,California
Calaveras,2020-12-21,55,107,48,100,7,7,0,0,55,107,0,0,55,107,California
Calaveras,2020-12-22,82,189,78,178,4,11,0,0,83,190,0,0,83,190,California
Calaveras,2020-12-23,76,265,74,252,2,13,0,0,76,266,0,0,76,266,California
Calaveras,2020-12-24,2,267,2,254,0,13,0,0,2,268,0,0,2,268,California
Calaveras,2020-12-26,3,270,3,257,0,13,0,0,3,271,0,0,3,271,California
Calaveras,2020-12-28,22,292,18,275,4,17,0,0,21,291,1,1,21,292,California
Calaveras,2020-12-29,167,459,147,422,20,37,0,0,167,458,0,1,167,459,California
Calaveras,2020-12-30,93,552,81,503,12,49,0,0,93,551,0,1,93,552,California
Calaveras,2020-12-31,35,587,25,528,10,59,0,0,35,586,0,1,35,587,California
Calaveras,2021-01-02,11,598,11,539,0,59,0,0,11,597,0,1,11,598,California
Calaveras,2021-01-03,10,608,4,543,6,65,0,0,10,607,0,1,10,608,California
Calaveras,2021-01-04,33,641,5,548,28,93,0,0,33,640,0,1,33,641,California
Calaveras,2021-01-05,40,681,9,557,31,124,0,0,32,669,8,9,37,678,California
Calaveras,2021-01-06,107,788,30,587,77,201,0,0,97,756,10,19,97,775,California
Calaveras,2021-01-07,105,893,26,613,79,280,0,0,92,838,11,30,93,868,California
Calaveras,2021-01-08,68,961,38,651,30,310,0,0,45,861,23,53,46,914,California
Calaveras,2021-01-09,5,966,5,656,0,310,0,0,2,860,3,56,2,916,California
Calaveras,2021-01-10,2,968,0,656,2,312,0,0,2,862,0,56,2,918,California
Calaveras,2021-01-11,65,1033,59,715,6,318,0,0,27,854,37,93,29,947,California
Calaveras,2021-01-12,85,1118,52,767,33,351,0,0,52,874,33,126,53,1000,California
Calaveras,2021-01-13,109,1227,44,811,65,416,0,0,75,916,34,160,76,1076,California
Calaveras,2021-01-14,138,1365,41,852,97,513,0,0,105,990,32,192,106,1182,California
Calaveras,2021-01-15,91,1456,29,881,62,575,0,0,71,1041,20,212,71,1253,California
Calaveras,2021-01-16,13,1469,2,883,11,586,0,0,12,1052,1,213,12,1265,California
Calaveras,2021-01-17,9,1478,1,884,8,594,0,0,9,1061,0,213,9,1274,California
Calaveras,2021-01-18,132,1610,19,903,113,707,0,0,119,1170,13,226,122,1396,California
Calaveras,2021-01-19,203,1813,173,1076,30,737,0,0,62,1093,140,366,63,1459,California
Calaveras,2021-01-20,376,2189,82,1158,294,1031,0,0,290,1308,85,451,300,1759,California
Calaveras,2021-01-21,462,2651,40,1198,422,1453,0,0,434,1720,28,479,440,2199,California
Calaveras,2021-01-22,401,3052,23,1221,378,1831,0,0,390,2107,11,490,398,2597,California
Calaveras,2021-01-23,22,3074,10,1231,12,1843,0,0,18,2121,4,494,18,2615,California
Calaveras,2021-01-24,13,3087,8,1239,5,1848,0,0,11,2130,2,496,11,2626,California
Calaveras,2021-01-25,85,3172,8,1247,77,1925,0,0,80,2205,5,501,80,2706,California
Calaveras,2021-01-26,47,3219,15,1262,32,1957,0,0,39,2236,8,509,39,2745,California
Calaveras,2021-01-27,133,3352,43,1305,90,2047,0,0,105,2314,27,536,105,2850,California
Calaveras,2021-01-28,164,3516,24,1329,140,2187,0,0,141,2435,23,559,144,2994,California
Calaveras,2021-01-29,386,3902,13,1342,373,2560,0,0,361,2780,25,584,370,3364,California
Calaveras,2021-01-30,27,3929,10,1352,17,2577,0,0,25,2805,0,584,25,3389,California
Calaveras,2021-01-31,6,3935,4,1356,2,2579,0,0,5,2809,1,585,5,3394,California
Calaveras,2021-02-01,24,3959,11,1367,13,2592,0,0,17,2819,7,592,17,3411,California
Calaveras,2021-02-02,109,4068,22,1389,87,2679,0,0,71,2857,34,626,72,3483,California
Calaveras,2021-02-03,429,4497,42,1431,387,3066,0,0,346,3122,82,708,347,3830,California
Calaveras,2021-02-04,379,4876,24,1455,355,3421,0,0,295,3335,84,792,297,4127,California
Calaveras,2021-02-05,78,4954,22,1477,56,3477,0,0,40,3338,38,830,41,4168,California
Calaveras,2021-02-06,21,4975,12,1489,9,3486,0,0,21,3359,0,830,21,4189,California
Calaveras,2021-02-07,4,4979,1,1490,3,3489,0,0,2,3359,2,832,2,4191,California
Calaveras,2021-02-08,38,5017,17,1507,21,3510,0,0,30,3383,6,838,30,4221,California
Calaveras,2021-02-09,193,5210,77,1584,116,3626,0,0,131,3459,56,894,132,4353,California
Calaveras,2021-02-10,513,5723,30,1614,483,4109,0,0,443,3835,70,964,446,4799,California
Calaveras,2021-02-11,583,6306,81,1695,502,4611,0,0,474,4205,106,1070,476,5275,California
Calaveras,2021-02-12,570,6876,325,2020,245,4856,0,0,494,4627,74,1144,496,5771,California
Calaveras,2021-02-13,193,7069,37,2057,156,5012,0,0,178,4790,15,1159,178,5949,California
Calaveras,2021-02-14,221,7290,71,2128,150,5162,0,0,206,4982,14,1173,206,6155,California
Calaveras,2021-02-15,383,7673,23,2151,360,5522,0,0,263,5128,117,1290,263,6418,California
Calaveras,2021-02-16,267,7940,143,2294,124,5646,0,0,231,5323,36,1326,231,6649,California
Calaveras,2021-02-17,509,8449,38,2332,471,6117,0,0,211,5246,289,1615,212,6861,California
Calaveras,2021-02-18,499,8948,91,2423,408,6525,0,0,99,4956,389,2004,99,6960,California
Calaveras,2021-02-19,439,9387,43,2466,396,6921,0,0,98,4723,331,2335,98,7058,California
Calaveras,2021-02-20,59,9446,15,2481,44,6965,0,0,48,4760,11,2346,48,7106,California
Calaveras,2021-02-21,23,9469,14,2495,9,6974,0,0,19,4775,4,2350,19,7125,California
Calaveras,2021-02-22,62,9531,38,2533,24,6998,0,0,33,4779,29,2379,33,7158,California
Calaveras,2021-02-23,125,9656,40,2573,85,7083,0,0,89,4833,36,2415,90,7248,California
Calaveras,2021-02-24,96,9752,47,2620,49,7132,0,0,66,4870,29,2444,66,7314,California
Calaveras,2021-02-25,549,10301,99,2719,450,7582,0,0,358,5041,187,2631,358,7672,California
Calaveras,2021-02-26,704,11005,46,2765,658,8240,0,0,368,5091,320,2951,370,8042,California
Calaveras,2021-02-27,203,11208,22,2787,181,8421,0,0,180,5248,23,2974,180,8222,California
Calaveras,2021-02-28,99,11307,16,2803,83,8504,0,0,93,5336,5,2979,93,8315,California
Calaveras,2021-03-01,226,11533,40,2843,186,8690,0,0,146,5405,78,3057,147,8462,California
Calaveras,2021-03-02,247,11780,96,2939,151,8841,0,0,201,5564,43,3100,202,8664,California
Calaveras,2021-03-03,510,12290,103,3042,407,9248,0,0,213,5484,293,3393,213,8877,California
Calaveras,2021-03-04,739,13029,64,3106,674,9922,1,1,350,5455,381,3774,352,9229,California
Calaveras,2021-03-05,456,13485,271,3377,181,10103,4,5,141,5289,311,4085,145,9374,California
Calaveras,2021-03-06,155,13640,42,3419,107,10210,6,11,122,5384,33,4118,128,9502,California
Calaveras,2021-03-07,75,13715,32,3451,36,10246,7,18,34,5384,41,4159,41,9543,California
Calaveras,2021-03-08,161,13876,26,3477,127,10373,8,26,127,5486,33,4192,135,9678,California
Calaveras,2021-03-09,361,14237,136,3613,219,10592,6,32,32,5198,326,4518,38,9716,California
Calaveras,2021-03-10,416,14653,28,3641,385,10977,3,35,57,4903,355,4873,60,9776,California
Calaveras,2021-03-11,845,15498,418,4059,414,11391,13,48,429,4932,413,5286,442,10218,California
Calaveras,2021-03-12,399,15897,212,4271,177,11568,10,58,325,5200,73,5359,341,10559,California
Calaveras,2021-03-13,176,16073,16,4287,152,11720,8,66,142,5319,33,5392,152,10711,California
Calaveras,2021-03-14,155,16228,10,4297,144,11864,1,67,17,5206,138,5530,25,10736,California
Calaveras,2021-03-15,331,16559,48,4345,257,12121,26,93,52,5010,278,5808,82,10818,California
Calaveras,2021-03-16,685,17244,550,4895,115,12236,20,113,545,5437,138,5946,565,11383,California
Calaveras,2021-03-17,279,17523,52,4947,213,12449,14,127,51,5277,226,6172,66,11449,California
Calaveras,2021-03-18,665,18188,570,5517,80,12529,15,142,550,5729,115,6287,567,12016,California
Calaveras,2021-03-19,231,18419,50,5567,107,12636,74,216,56,5687,171,6458,129,12145,California
Calaveras,2021-03-20,80,18499,21,5588,58,12694,1,217,23,5655,57,6515,25,12170,California
Calaveras,2021-03-21,48,18547,31,5619,6,12700,11,228,12,5642,36,6551,23,12193,California
Calaveras,2021-03-22,79,18626,36,5655,22,12722,21,249,25,5634,54,6605,46,12239,California
Calaveras,2021-03-23,292,18918,204,5859,78,12800,10,259,114,5588,170,6775,124,12363,California
Calaveras,2021-03-24,132,19050,50,5909,72,12872,10,269,43,5553,88,6863,53,12416,California
Calaveras,2021-03-25,738,19788,100,6009,635,13507,3,272,446,5713,289,7152,449,12865,California
Calaveras,2021-03-26,426,20214,28,6037,392,13899,6,278,89,5476,334,7486,97,12962,California
Calaveras,2021-03-27,212,20426,19,6056,189,14088,4,282,38,5349,171,7657,44,13006,California
Calaveras,2021-03-28,112,20538,12,6068,98,14186,2,284,8,5257,103,7760,11,13017,California
Calaveras,2021-03-29,176,20714,22,6090,151,14337,3,287,57,5201,117,7877,61,13078,California
Calaveras,2021-03-30,530,21244,24,6114,489,14826,17,304,355,5399,174,8051,372,13450,California
Calaveras,2021-03-31,321,21565,139,6253,172,14998,10,314,155,5399,166,8217,166,13616,California
Calaveras,2021-04-01,682,22247,440,6693,241,15239,1,315,186,5094,495,8712,190,13806,California
Calaveras,2021-04-02,394,22641,231,6924,155,15394,8,323,118,4948,273,8985,127,13933,California
Calaveras,2021-04-03,143,22784,32,6956,107,15501,4,327,39,4887,104,9089,43,13976,California
Calaveras,2021-04-04,78,22862,25,6981,53,15554,0,327,50,4909,28,9117,50,14026,California
Calaveras,2021-04-05,208,23070,79,7060,120,15674,9,336,99,4909,109,9226,109,14135,California
Calaveras,2021-04-06,650,23720,573,7633,64,15738,13,349,111,4497,536,9762,124,14259,California
Calaveras,2021-04-07,755,24475,657,8290,62,15800,36,385,618,5015,137,9899,655,14914,California
Calaveras,2021-04-08,944,25419,854,9144,69,15869,21,406,435,4966,507,10406,458,15372,California
Calaveras,2021-04-09,152,25571,57,9201,48,15917,47,453,56,4975,95,10501,104,15476,California
Calaveras,2021-04-10,187,25758,42,9243,127,16044,18,471,146,5099,41,10542,165,15641,California
Calaveras,2021-04-11,69,25827,44,9287,23,16067,2,473,48,5128,21,10563,50,15691,California
Calaveras,2021-04-12,103,25930,46,9333,38,16105,19,492,54,5153,49,10612,74,15765,California
Calaveras,2021-04-13,422,26352,367,9700,55,16160,0,492,363,5461,57,10669,365,16130,California
Calaveras,2021-04-14,179,26531,28,9728,151,16311,0,492,133,5549,46,10715,134,16264,California
Calaveras,2021-04-15,336,26867,287,10015,49,16360,0,492,253,5722,80,10795,253,16517,California
Calaveras,2021-04-16,98,26965,24,10039,74,16434,0,492,46,5720,48,10843,46,16563,California
Calaveras,2021-04-17,330,27295,128,10167,202,16636,0,492,288,5967,41,10884,288,16851,California
Calaveras,2021-04-18,18,27313,5,10172,13,16649,0,492,11,5971,7,10891,11,16862,California
Calaveras,2021-04-19,67,27380,25,10197,42,16691,0,492,40,5986,26,10917,41,16903,California
Calaveras,2021-04-20,258,27638,92,10289,166,16857,0,492,193,6116,63,10980,193,17096,California
Calaveras,2021-04-21,211,27849,143,10432,68,16925,0,492,86,6080,123,11103,87,17183,California
Calaveras,2021-04-22,539,28388,93,10525,446,17371,0,492,144,5833,394,11497,147,17330,California
Calaveras,2021-04-23,158,28546,80,10605,78,17449,0,492,65,5807,91,11588,65,17395,California
Calaveras,2021-04-24,172,28718,36,10641,136,17585,0,492,129,5895,42,11630,130,17525,California
Calaveras,2021-04-25,43,28761,28,10669,15,17600,0,492,22,5898,21,11651,24,17549,California
Calaveras,2021-04-26,93,28854,59,10728,34,17634,0,492,28,5862,65,11716,29,17578,California
Calaveras,2021-04-27,423,29277,58,10786,351,17985,14,506,65,5585,356,12072,79,17657,California
Calaveras,2021-04-28,641,29918,573,11359,37,18022,31,537,52,5088,589,12661,92,17749,California
Calaveras,2021-04-29,508,30426,439,11798,50,18072,19,556,74,4753,433,13094,98,17847,California
Calaveras,2021-04-30,148,30574,60,11858,83,18155,5,561,67,4750,81,13175,78,17925,California
Calaveras,2021-05-01,197,30771,109,11967,86,18241,2,563,130,4820,66,13241,136,18061,California
Calaveras,2021-05-02,52,30823,34,12001,17,18258,1,564,20,4811,31,13272,22,18083,California
Calaveras,2021-05-03,90,30913,68,12069,17,18275,5,569,28,4785,62,13334,36,18119,California
Calaveras,2021-05-04,408,31321,327,12396,45,18320,36,605,40,4495,367,13701,77,18196,California
Calaveras,2021-05-05,80,31401,43,12439,6,18326,31,636,27,4501,52,13753,58,18254,California
Calaveras,2021-05-06,227,31628,182,12621,22,18348,23,659,33,4365,193,13946,57,18311,California
Calaveras,2021-05-07,32,31660,8,12629,20,18368,4,663,13,4363,19,13965,17,18328,California
Colusa,2020-12-18,1,1,1,1,0,0,0,0,1,1,0,0,1,1,California
Colusa,2020-12-21,2,3,2,3,0,0,0,0,2,3,0,0,2,3,California
Colusa,2020-12-22,10,13,10,13,0,0,0,0,10,13,0,0,10,13,California
Colusa,2020-12-23,10,23,10,23,0,0,0,0,10,23,0,0,10,23,California
Colusa,2020-12-24,2,25,1,24,1,1,0,0,2,25,0,0,2,25,California
Colusa,2020-12-27,1,26,1,25,0,1,0,0,1,26,0,0,1,26,California
Colusa,2020-12-28,7,33,3,28,4,5,0,0,7,33,0,0,7,33,California
Colusa,2020-12-29,11,44,8,36,3,8,0,0,11,44,0,0,11,44,California
Colusa,2020-12-30,50,94,13,49,37,45,0,0,50,94,0,0,50,94,California
Colusa,2020-12-31,18,112,1,50,17,62,0,0,18,112,0,0,18,112,California
Colusa,2021-01-04,4,116,0,50,4,66,0,0,4,116,0,0,4,116,California
Colusa,2021-01-05,67,183,1,51,66,132,0,0,67,183,0,0,67,183,California
Colusa,2021-01-06,15,198,9,60,6,138,0,0,15,198,0,0,15,198,California
Colusa,2021-01-07,38,236,4,64,34,172,0,0,37,234,1,1,37,235,California
Colusa,2021-01-08,9,245,7,71,2,174,0,0,8,241,1,2,8,243,California
Colusa,2021-01-09,2,247,1,72,1,175,0,0,2,243,0,2,2,245,California
Colusa,2021-01-10,1,248,0,72,1,176,0,0,1,244,0,2,1,246,California
Colusa,2021-01-11,12,260,6,78,6,182,0,0,7,246,5,7,7,253,California
Colusa,2021-01-12,11,271,9,87,2,184,0,0,6,247,5,12,6,259,California
Colusa,2021-01-13,21,292,13,100,8,192,0,0,13,252,8,20,13,272,California
Colusa,2021-01-14,35,327,28,128,7,199,0,0,33,283,2,22,33,305,California
Colusa,2021-01-15,41,368,5,133,36,235,0,0,39,320,2,24,39,344,California
Colusa,2021-01-16,12,380,1,134,11,246,0,0,11,330,1,25,11,355,California
Colusa,2021-01-17,3,383,2,136,1,247,0,0,2,331,1,26,2,357,California
Colusa,2021-01-18,4,387,0,136,4,251,0,0,4,335,0,26,4,361,California
Colusa,2021-01-19,9,396,8,144,1,252,0,0,5,336,4,30,5,366,California
Colusa,2021-01-20,115,511,101,245,14,266,0,0,102,425,13,43,102,468,California
Colusa,2021-01-21,56,567,41,286,15,281,0,0,55,479,1,44,55,523,California
Colusa,2021-01-22,40,607,17,303,23,304,0,0,35,509,5,49,35,558,California
Colusa,2021-01-23,35,642,6,309,29,333,0,0,35,544,0,49,35,593,California
Colusa,2021-01-25,7,649,0,309,7,340,0,0,7,551,0,49,7,600,California
Colusa,2021-01-26,8,657,5,314,3,343,0,0,5,553,3,52,5,605,California
Colusa,2021-01-27,109,766,31,345,78,421,0,0,107,658,2,54,107,712,California
Colusa,2021-01-28,79,845,46,391,33,454,0,0,72,723,7,61,72,784,California
Colusa,2021-01-29,41,886,7,398,34,488,0,0,40,762,1,62,40,824,California
Colusa,2021-01-30,27,913,4,402,23,511,0,0,27,789,0,62,27,851,California
Colusa,2021-01-31,7,920,7,409,0,511,0,0,7,796,0,62,7,858,California
Colusa,2021-02-01,27,947,10,419,17,528,0,0,22,813,5,67,22,880,California
Colusa,2021-02-02,42,989,8,427,34,562,0,0,36,843,6,73,36,916,California
Colusa,2021-02-03,69,1058,10,437,59,621,0,0,59,892,10,83,59,975,California
Colusa,2021-02-04,143,1201,81,518,62,683,0,0,115,979,28,111,115,1090,California
Colusa,2021-02-05,32,1233,8,526,24,707,0,0,29,1005,3,114,29,1119,California
Colusa,2021-02-06,284,1517,8,534,276,983,0,0,273,1267,11,125,273,1392,California
Colusa,2021-02-07,2,1519,1,535,1,984,0,0,0,1265,2,127,0,1392,California
Colusa,2021-02-08,40,1559,5,540,35,1019,0,0,37,1299,3,130,37,1429,California
Colusa,2021-02-09,231,1790,14,554,217,1236,0,0,176,1420,55,185,176,1605,California
Colusa,2021-02-10,116,1906,41,595,75,1311,0,0,73,1450,43,228,73,1678,California
Colusa,2021-02-11,97,2003,36,631,61,1372,0,0,72,1497,25,253,72,1750,California
Colusa,2021-02-12,117,2120,9,640,108,1480,0,0,79,1537,39,292,79,1829,California
Colusa,2021-02-13,60,2180,8,648,52,1532,0,0,52,1581,8,300,52,1881,California
Colusa,2021-02-14,20,2200,8,656,12,1544,0,0,14,1589,6,306,14,1895,California
Colusa,2021-02-15,45,2245,10,666,35,1579,0,0,38,1620,7,313,38,1933,California
Colusa,2021-02-16,67,2312,4,670,63,1642,0,0,66,1685,1,314,66,1999,California
Colusa,2021-02-17,206,2518,143,813,63,1705,0,0,60,1599,146,460,60,2059,California
Colusa,2021-02-18,135,2653,35,848,100,1805,0,0,112,1688,23,483,112,2171,California
Colusa,2021-02-19,155,2808,19,867,136,1941,0,0,129,1791,26,509,129,2300,California
Colusa,2021-02-20,28,2836,6,873,22,1963,0,0,12,1787,16,525,12,2312,California
Colusa,2021-02-21,1,2837,1,874,0,1963,0,0,0,1786,1,526,0,2312,California
Colusa,2021-02-22,43,2880,26,900,17,1980,0,0,29,1801,14,540,29,2341,California
Colusa,2021-02-23,22,2902,6,906,16,1996,0,0,18,1815,4,544,18,2359,California
Colusa,2021-02-24,300,3202,54,960,246,2242,0,0,158,1831,142,686,158,2517,California
Colusa,2021-02-25,102,3304,55,1015,47,2289,0,0,66,1861,36,722,66,2583,California
Colusa,2021-02-26,99,3403,14,1029,85,2374,0,0,60,1882,39,761,60,2643,California
Colusa,2021-02-27,55,3458,4,1033,51,2425,0,0,40,1907,15,776,40,2683,California
Colusa,2021-02-28,26,3484,14,1047,12,2437,0,0,18,1917,8,784,18,2701,California
Colusa,2021-03-01,46,3530,15,1062,31,2468,0,0,29,1929,17,801,29,2730,California
Colusa,2021-03-02,49,3579,13,1075,36,2504,0,0,26,1932,23,824,26,2756,California
Colusa,2021-03-03,242,3821,43,1118,199,2703,0,0,185,2060,57,881,185,2941,California
Colusa,2021-03-04,138,3959,58,1176,80,2783,0,0,80,2082,58,939,80,3021,California
Colusa,2021-03-05,98,4057,25,1201,64,2847,9,9,53,2099,45,984,62,3083,California
Colusa,2021-03-06,274,4331,9,1210,265,3112,0,9,37,1899,237,1221,37,3120,California
Colusa,2021-03-07,8,4339,5,1215,3,3115,0,9,6,1903,2,1223,6,3126,California
Colusa,2021-03-08,89,4428,21,1236,33,3148,35,44,45,1939,44,1267,80,3206,California
Colusa,2021-03-09,274,4702,72,1308,179,3327,23,67,83,1854,191,1458,106,3312,California
Colusa,2021-03-10,289,4991,37,1345,216,3543,36,103,203,2007,86,1544,239,3551,California
Colusa,2021-03-11,420,5411,60,1405,339,3882,21,124,339,2284,81,1625,358,3909,California
Colusa,2021-03-12,109,5520,18,1423,78,3960,13,137,19,2226,90,1715,32,3941,California
Colusa,2021-03-13,61,5581,16,1439,36,3996,9,146,18,2210,43,1758,27,3968,California
Colusa,2021-03-14,20,5601,0,1439,18,4014,2,148,6,2205,13,1771,8,3976,California
Colusa,2021-03-15,69,5670,26,1465,35,4049,8,156,14,2172,55,1826,22,3998,California
Colusa,2021-03-16,296,5966,16,1481,234,4283,46,202,189,2300,107,1933,235,4233,California
Colusa,2021-03-17,195,6161,49,1530,146,4429,0,202,111,2327,84,2017,111,4344,California
Colusa,2021-03-18,320,6481,33,1563,216,4645,71,273,197,2472,123,2140,268,4612,California
Colusa,2021-03-19,78,6559,20,1583,56,4701,2,275,53,2502,25,2165,55,4667,California
Colusa,2021-03-20,49,6608,7,1590,41,4742,1,276,36,2526,13,2178,37,4704,California
Colusa,2021-03-21,6,6614,4,1594,2,4744,0,276,4,2528,2,2180,4,4708,California
Colusa,2021-03-22,62,6676,10,1604,43,4787,9,285,40,2555,22,2202,49,4757,California
Colusa,2021-03-23,81,6757,16,1620,63,4850,2,287,54,2584,27,2229,56,4813,California
Colusa,2021-03-24,337,7094,57,1677,274,5124,6,293,69,2390,268,2497,74,4887,California
Colusa,2021-03-25,109,7203,60,1737,44,5168,5,298,52,2390,57,2554,57,4944,California
Colusa,2021-03-26,298,7501,47,1784,247,5415,4,302,245,2586,53,2607,249,5193,California
Colusa,2021-03-27,63,7564,5,1789,58,5473,0,302,25,2573,38,2645,25,5218,California
Colusa,2021-03-28,15,7579,6,1795,9,5482,0,302,7,2572,8,2653,7,5225,California
Colusa,2021-03-29,71,7650,20,1815,45,5527,6,308,31,2569,40,2693,37,5262,California
Colusa,2021-03-30,147,7797,78,1893,67,5594,2,310,75,2574,72,2765,77,5339,California
Colusa,2021-03-31,234,8031,42,1935,192,5786,0,310,74,2489,159,2924,74,5413,California
Colusa,2021-04-01,426,8457,67,2002,305,6091,54,364,304,2725,121,3045,357,5770,California
Colusa,2021-04-02,81,8538,12,2014,55,6146,14,378,37,2732,44,3089,51,5821,California
Colusa,2021-04-03,61,8599,10,2024,28,6174,23,401,13,2720,48,3137,36,5857,California
Colusa,2021-04-04,18,8617,0,2024,8,6182,10,411,3,2718,15,3152,13,5870,California
Colusa,2021-04-05,95,8712,25,2049,55,6237,15,426,39,2716,56,3208,54,5924,California
Colusa,2021-04-06,128,8840,33,2082,45,6282,50,476,43,2724,85,3293,93,6017,California
Colusa,2021-04-07,358,9198,40,2122,295,6577,23,499,132,2654,226,3519,156,6173,California
Colusa,2021-04-08,428,9626,35,2157,366,6943,27,526,122,2500,303,3822,149,6322,California
Colusa,2021-04-09,77,9703,21,2178,33,6976,23,549,29,2504,48,3870,52,6374,California
Colusa,2021-04-10,44,9747,9,2187,15,6991,20,569,12,2504,32,3902,32,6406,California
Colusa,2021-04-11,15,9762,2,2189,11,7002,2,571,7,2505,8,3910,9,6415,California
Colusa,2021-04-12,31,9793,3,2192,28,7030,0,571,24,2522,7,3917,24,6439,California
Colusa,2021-04-13,278,10071,23,2215,255,7285,0,571,93,2431,184,4101,93,6532,California
Colusa,2021-04-14,94,10165,19,2234,75,7360,0,571,33,2403,61,4162,33,6565,California
Colusa,2021-04-15,318,10483,42,2276,276,7636,0,571,130,2345,188,4350,130,6695,California
Colusa,2021-04-16,80,10563,11,2287,69,7705,0,571,36,2338,43,4393,36,6731,California
Colusa,2021-04-17,53,10616,7,2294,46,7751,0,571,31,2347,22,4415,31,6762,California
Colusa,2021-04-18,9,10625,2,2296,7,7758,0,571,7,2352,2,4417,7,6769,California
Colusa,2021-04-19,61,10686,22,2318,39,7797,0,571,17,2325,44,4461,17,6786,California
Colusa,2021-04-20,176,10862,32,2350,144,7941,0,571,128,2405,48,4509,128,6914,California
Colusa,2021-04-21,170,11032,59,2409,111,8052,0,571,110,2455,60,4569,110,7024,California
Colusa,2021-04-22,417,11449,26,2435,390,8442,1,572,214,2467,202,4771,214,7238,California
Colusa,2021-04-23,91,11540,17,2452,74,8516,0,572,37,2450,54,4825,37,7275,California
Colusa,2021-04-24,237,11777,19,2471,217,8733,1,573,204,2622,33,4858,205,7480,California
Colusa,2021-04-25,11,11788,5,2476,6,8739,0,573,8,2627,3,4861,8,7488,California
Colusa,2021-04-26,22,11810,4,2480,17,8756,1,574,6,2618,15,4876,6,7494,California
Colusa,2021-04-27,92,11902,21,2501,67,8823,4,578,43,2616,49,4925,47,7541,California
Colusa,2021-04-28,188,12090,27,2528,158,8981,3,581,138,2708,49,4974,141,7682,California
Colusa,2021-04-29,306,12396,19,2547,283,9264,4,585,42,2492,262,5236,46,7728,California
Colusa,2021-04-30,63,12459,16,2563,47,9311,0,585,39,2507,24,5260,39,7767,California
Colusa,2021-05-01,19,12478,8,2571,8,9319,3,588,9,2509,10,5270,12,7779,California
Colusa,2021-05-02,3,12481,0,2571,2,9321,1,589,2,2511,1,5271,3,7782,California
Colusa,2021-05-03,21,12502,7,2578,14,9335,0,589,6,2502,15,5286,6,7788,California
Colusa,2021-05-04,86,12588,44,2622,41,9376,1,590,63,2543,23,5309,64,7852,California
Colusa,2021-05-05,53,12641,4,2626,48,9424,1,591,25,2541,28,5337,26,7878,California
Colusa,2021-05-06,201,12842,10,2636,191,9615,0,591,82,2504,119,5456,82,7960,California
Colusa,2021-05-07,53,12895,1,2637,50,9665,2,593,20,2493,33,5489,22,7982,California
Contra Costa,2020-12-15,18,18,18,18,0,0,0,0,18,18,0,0,18,18,California
Contra Costa,2020-12-16,522,540,522,540,0,0,0,0,522,540,0,0,522,540,California
Contra Costa,2020-12-17,908,1448,908,1448,0,0,0,0,908,1448,0,0,908,1448,California
Contra Costa,2020-12-18,1591,3039,1590,3038,1,1,0,0,1591,3039,0,0,1591,3039,California
Contra Costa,2020-12-19,1103,4142,1102,4140,1,2,0,0,1103,4142,0,0,1103,4142,California
Contra Costa,2020-12-20,584,4726,583,4723,1,3,0,0,584,4726,0,0,584,4726,California
Contra Costa,2020-12-21,1653,6379,1651,6374,2,5,0,0,1653,6379,0,0,1653,6379,California
Contra Costa,2020-12-22,1667,8046,1563,7937,104,109,0,0,1667,8046,0,0,1667,8046,California
Contra Costa,2020-12-23,1588,9634,1340,9277,248,357,0,0,1588,9634,0,0,1588,9634,California
Contra Costa,2020-12-24,654,10288,336,9613,318,675,0,0,654,10288,0,0,654,10288,California
Contra Costa,2020-12-25,39,10327,17,9630,22,697,0,0,39,10327,0,0,39,10327,California
Contra Costa,2020-12-26,641,10968,131,9761,510,1207,0,0,641,10968,0,0,641,10968,California
Contra Costa,2020-12-27,240,11208,87,9848,153,1360,0,0,240,11208,0,0,240,11208,California
Contra Costa,2020-12-28,1831,13039,861,10709,970,2330,0,0,1831,13039,0,0,1831,13039,California
Contra Costa,2020-12-29,1830,14869,824,11533,1006,3336,0,0,1830,14869,0,0,1830,14869,California
Contra Costa,2020-12-30,2392,17261,1214,12747,1178,4514,0,0,2391,17260,0,0,2391,17260,California
Contra Costa,2020-12-31,915,18176,308,13055,607,5121,0,0,914,18174,0,0,914,18174,California
Contra Costa,2021-01-01,60,18236,23,13078,37,5158,0,0,60,18234,0,0,60,18234,California
Contra Costa,2021-01-02,335,18571,173,13251,162,5320,0,0,335,18569,0,0,335,18569,California
Contra Costa,2021-01-03,175,18746,117,13368,58,5378,0,0,174,18743,0,0,174,18743,California
Contra Costa,2021-01-04,1904,20650,1251,14619,653,6031,0,0,1883,20607,19,19,1883,20626,California
Contra Costa,2021-01-05,2105,22755,1259,15878,846,6877,0,0,1846,22196,258,277,1847,22473,California
Contra Costa,2021-01-06,3278,26033,2246,18124,1032,7909,0,0,2518,23963,754,1031,2521,24994,California
Contra Costa,2021-01-07,3092,29125,2059,20183,1033,8942,0,0,1881,24636,1208,2239,1881,26875,California
Contra Costa,2021-01-08,3381,32506,2390,22573,991,9933,0,0,1819,24901,1557,3796,1822,28697,California
Contra Costa,2021-01-09,1585,34091,1133,23706,452,10385,0,0,748,24815,836,4632,750,29447,California
Contra Costa,2021-01-10,362,34453,286,23992,76,10461,0,0,153,24759,209,4841,153,29600,California
Contra Costa,2021-01-11,3837,38290,3145,27137,692,11153,0,0,2233,25391,1604,6445,2236,31836,California
Contra Costa,2021-01-12,3906,42196,2931,30068,975,12128,0,0,2579,26646,1327,7772,2582,34418,California
Contra Costa,2021-01-13,4705,46901,2916,32984,1789,13917,0,0,3763,29472,938,8710,3764,38182,California
Contra Costa,2021-01-14,4304,51205,1554,34538,2750,16667,0,0,3922,33012,382,9092,3922,42104,California
Contra Costa,2021-01-15,5335,56540,2460,36998,2875,19542,0,0,5012,37706,322,9414,5016,47120,California
Contra Costa,2021-01-16,1718,58258,553,37551,1165,20707,0,0,1643,39274,75,9489,1643,48763,California
Contra Costa,2021-01-17,1635,59893,974,38525,661,21368,0,0,1512,40666,123,9612,1515,50278,California
Contra Costa,2021-01-18,3203,63096,1261,39786,1942,23310,0,0,2579,42628,618,10230,2580,52858,California
Contra Costa,2021-01-19,7067,70163,3162,42948,3905,27215,0,0,6063,47695,1001,11231,6068,58926,California
Contra Costa,2021-01-20,6661,76824,4101,47049,2560,29775,0,0,5428,51899,1229,12460,5433,64359,California
Contra Costa,2021-01-21,6976,83800,3112,50161,3864,33639,0,0,6250,57436,721,13181,6258,70617,California
Contra Costa,2021-01-22,6367,90167,2705,52866,3662,37301,0,0,5510,62101,848,14029,5513,76130,California
Contra Costa,2021-01-23,2029,92196,363,53229,1666,38967,0,0,1771,63618,256,14285,1773,77903,California
Contra Costa,2021-01-24,1581,93777,218,53447,1363,40330,0,0,1436,64913,145,14430,1440,79343,California
Contra Costa,2021-01-25,6653,100430,3017,56464,3636,43966,0,0,5090,68445,1561,15991,5093,84436,California
Contra Costa,2021-01-26,8091,108521,4689,61153,3402,47368,0,0,6247,72860,1836,17827,6251,90687,California
Contra Costa,2021-01-27,8246,116767,5504,66657,2742,50110,0,0,6341,77381,1824,19651,6345,97032,California
Contra Costa,2021-01-28,7444,124211,4084,70741,3360,53470,0,0,5837,81621,1601,21252,5841,102873,California
Contra Costa,2021-01-29,7440,131651,3890,74631,3550,57020,0,0,6127,86442,1309,22561,6130,109003,California
Contra Costa,2021-01-30,2083,133734,597,75228,1486,58506,0,0,1717,87800,359,22920,1717,110720,California
Contra Costa,2021-01-31,698,134432,479,75707,219,58725,0,0,572,88249,123,23043,572,111292,California
Contra Costa,2021-02-01,5523,139955,3764,79471,1759,60484,0,0,3892,90518,1626,24669,3895,115187,California
Contra Costa,2021-02-02,7759,147714,5272,84743,2487,62971,0,0,5906,94574,1851,26520,5907,121094,California
Contra Costa,2021-02-03,8272,155986,5463,90206,2809,65780,0,0,5612,97539,2648,29168,5613,126707,California
Contra Costa,2021-02-04,7437,163423,3534,93740,3903,69683,0,0,5709,101527,1724,30892,5712,132419,California
Contra Costa,2021-02-05,8430,171853,4824,98564,3606,73289,0,0,5718,104540,2705,33597,5718,138137,California
Contra Costa,2021-02-06,3470,175323,2155,100719,1315,74604,0,0,2818,106708,651,34248,2819,140956,California
Contra Costa,2021-02-07,981,176304,710,101429,271,74875,0,0,604,106936,376,34624,604,141560,California
Contra Costa,2021-02-08,5815,182119,3441,104870,2374,77249,0,0,4334,109795,1476,36100,4335,145895,California
Contra Costa,2021-02-09,8663,190782,4778,109648,3885,81134,0,0,5768,112674,2890,38990,5769,151664,California
Contra Costa,2021-02-10,8632,199414,4647,114295,3985,85119,0,0,5358,114777,3259,42249,5362,157026,California
Contra Costa,2021-02-11,9307,208721,4214,118509,5093,90212,0,0,5264,116009,4037,46286,5269,162295,California
Contra Costa,2021-02-12,10071,218792,4612,123121,5459,95671,0,0,5454,116856,4610,50896,5457,167752,California
Contra Costa,2021-02-13,4879,223671,1366,124487,3513,99184,0,0,3399,118779,1477,52373,3400,171152,California
Contra Costa,2021-02-14,2087,225758,865,125352,1222,100406,0,0,1225,119144,860,53233,1225,172377,California
Contra Costa,2021-02-15,4454,230212,2468,127820,1986,102392,0,0,2348,119394,2099,55332,2349,174726,California
Contra Costa,2021-02-16,10416,240628,4909,132729,5507,107899,0,0,4642,118274,5766,61098,4646,179372,California
Contra Costa,2021-02-17,12279,252907,6134,138863,6145,114044,0,0,5627,117265,6637,67735,5628,185000,California
Contra Costa,2021-02-18,11469,264376,5968,144831,5501,119545,0,0,5320,116449,6138,73873,5322,190322,California
Contra Costa,2021-02-19,11405,275781,7106,151937,4299,123844,0,0,5174,115410,6214,80087,5175,195497,California
Contra Costa,2021-02-20,6445,282226,2894,154831,3551,127395,0,0,4566,118115,1863,81950,4568,200065,California
Contra Costa,2021-02-21,1813,284039,1264,156095,549,127944,0,0,1094,118491,718,82668,1094,201159,California
Contra Costa,2021-02-22,7537,291576,5100,161195,2437,130381,0,0,3459,117886,4066,86734,3461,204620,California
Contra Costa,2021-02-23,11908,303484,7254,168449,4654,135035,0,0,5926,117848,5968,92702,5930,210550,California
Contra Costa,2021-02-24,10484,313968,7684,176133,2800,137835,0,0,5054,117491,5413,98115,5056,215606,California
Contra Costa,2021-02-25,11464,325432,7208,183341,4256,142091,0,0,5203,116457,6241,104356,5207,220813,California
Contra Costa,2021-02-26,10700,336132,6750,190091,3950,146041,0,0,5303,116379,5382,109738,5304,226117,California
Contra Costa,2021-02-27,6621,342753,4209,194300,2412,148453,0,0,4111,117988,2503,112241,4112,230229,California
Contra Costa,2021-02-28,3789,346542,3120,197420,669,149122,0,0,3191,120585,595,112836,3192,233421,California
Contra Costa,2021-03-01,8099,354641,6082,203502,2012,151134,5,5,4974,122456,3110,115946,4981,238402,California
Contra Costa,2021-03-02,10143,364784,6321,209823,3821,154955,1,6,5253,122836,4874,120820,5254,243656,California
Contra Costa,2021-03-03,11167,375951,6985,216808,4181,159136,1,7,6249,124183,4904,125724,6251,249907,California
Contra Costa,2021-03-04,11883,387834,7097,223905,4786,163922,0,7,6155,124629,5709,131433,6155,256062,California
Contra Costa,2021-03-05,11234,399068,6669,230574,4559,168481,6,13,6396,126208,4823,136256,6402,262464,California
Contra Costa,2021-03-06,7297,406365,4010,234584,2977,171458,310,323,4718,128667,2567,138823,5026,267490,California
Contra Costa,2021-03-07,3629,409994,2274,236858,1294,172752,61,384,2955,131010,673,139496,3016,270506,California
Contra Costa,2021-03-08,8061,418055,3765,240623,3992,176744,304,688,5371,134010,2679,142175,5679,276185,California
Contra Costa,2021-03-09,10216,428271,5015,245638,4906,181650,295,983,5050,134197,5158,147333,5345,281530,California
Contra Costa,2021-03-10,12146,440417,5967,251605,4683,186333,1496,2479,5475,134499,6660,153993,6962,288492,California
Contra Costa,2021-03-11,12466,452883,6564,258169,5340,191673,562,3041,6361,135340,6083,160076,6924,295416,California
Contra Costa,2021-03-12,12542,465425,5151,263320,6847,198520,544,3585,6268,135892,6258,166334,6810,302226,California
Contra Costa,2021-03-13,7761,473186,3074,266394,4263,202783,424,4009,3078,134722,4666,171000,3496,305722,California
Contra Costa,2021-03-14,4346,477532,2545,268939,1317,204100,484,4493,2067,135000,2272,173272,2550,308272,California
Contra Costa,2021-03-15,9378,486910,5058,273997,3567,207667,753,5246,4750,135891,4612,177884,5503,313775,California
Contra Costa,2021-03-16,14254,501164,8465,282462,5393,213060,396,5642,7266,136587,6966,184850,7662,321437,California
Contra Costa,2021-03-17,14996,516160,10343,292805,4439,217499,214,5856,8579,138990,6396,191246,8799,330236,California
Contra Costa,2021-03-18,15358,531518,8533,301338,6345,223844,480,6336,8785,141709,6544,197790,9263,339499,California
Contra Costa,2021-03-19,15500,547018,8905,310243,5205,229049,1390,7726,8301,144219,7186,204976,9696,349195,California
Contra Costa,2021-03-20,10614,557632,6338,316581,3973,233022,303,8029,5241,144407,5357,210333,5545,354740,California
Contra Costa,2021-03-21,4438,562070,3887,320468,464,233486,87,8116,2082,144226,2349,212682,2168,356908,California
Contra Costa,2021-03-22,11521,573591,8684,329152,2588,236074,249,8365,7086,147137,4423,217105,7334,364242,California
Contra Costa,2021-03-23,15591,589182,10738,339890,4683,240757,170,8535,9498,150742,6066,223171,9671,373913,California
Contra Costa,2021-03-24,14975,604157,11679,351569,3084,243841,212,8747,9202,154417,5741,228912,9416,383329,California
Contra Costa,2021-03-25,15254,619411,11881,363450,3089,246930,284,9031,9418,158318,5799,234711,9700,393029,California
Contra Costa,2021-03-26,14930,634341,10698,374148,3837,250767,395,9426,8813,161429,6092,240803,9203,402232,California
Contra Costa,2021-03-27,10423,644764,6745,380893,3168,253935,510,9936,5768,163055,4645,245448,6271,408503,California
Contra Costa,2021-03-28,4127,648891,2923,383816,1152,255087,52,9988,1768,162527,2349,247797,1821,410324,California
Contra Costa,2021-03-29,10822,659713,8445,392261,2262,257349,115,10103,7074,165984,3734,251531,7191,417515,California
Contra Costa,2021-03-30,16717,676430,9120,401381,6245,263594,1352,11455,11030,172694,5672,257203,12382,429897,California
Contra Costa,2021-03-31,17939,694369,12553,413934,3946,267540,1440,12895,11521,179268,6385,263588,12959,442856,California
Contra Costa,2021-04-01,17398,711767,12179,426113,3857,271397,1362,14257,11329,185910,6047,269635,12689,455545,California
Contra Costa,2021-04-02,17384,729151,12831,438944,3548,274945,1005,15262,11558,192657,5815,275450,12562,468107,California
Contra Costa,2021-04-03,10741,739892,6408,445352,2799,277744,1534,16796,6151,195765,4577,280027,7685,475792,California
Contra Costa,2021-04-04,3314,743206,1310,446662,1409,279153,595,17391,888,194828,2419,282446,1482,477274,California
Contra Costa,2021-04-05,12033,755239,7852,454514,3208,282361,973,18364,6568,196918,5451,287897,7541,484815,California
Contra Costa,2021-04-06,17273,772512,11979,466493,3014,285375,2280,20644,9748,201439,7506,295403,12027,496842,California
Contra Costa,2021-04-07,18443,790955,12478,478971,3160,288535,2805,23449,10460,206777,7964,303367,13302,510144,California
Contra Costa,2021-04-08,18599,809554,12400,491371,3287,291822,2912,26361,9984,211073,8587,311954,12883,523027,California
Contra Costa,2021-04-09,18643,828197,11915,503286,4255,296077,2473,28834,9956,214838,8663,320617,12428,535455,California
Contra Costa,2021-04-10,10494,838691,3797,507083,2152,298229,4545,33379,3281,215453,7198,327815,7813,543268,California
Contra Costa,2021-04-11,3312,842003,1977,509060,683,298912,652,34031,1118,215035,2188,330003,1770,545038,California
Contra Costa,2021-04-12,11839,853842,7842,516902,2964,301876,1033,35064,5591,215428,6235,336238,6628,551666,California
Contra Costa,2021-04-13,17772,871614,10864,527766,6903,308779,5,35069,11869,221425,5883,342121,11880,563546,California
Contra Costa,2021-04-14,17516,889130,10986,538752,6529,315308,1,35070,9692,223317,7804,349925,9696,573242,California
Contra Costa,2021-04-15,17481,906611,10720,549472,6760,322068,1,35071,8119,222123,9333,359258,8139,581381,California
Contra Costa,2021-04-16,16851,923462,10528,560000,6322,328390,1,35072,7608,220518,9219,368477,7614,588995,California
Contra Costa,2021-04-17,11400,934862,6263,566263,5137,333527,0,35072,6115,221367,5271,373748,6120,595115,California
Contra Costa,2021-04-18,2729,937591,2110,568373,619,334146,0,35072,1780,222206,941,374689,1780,596895,California
Contra Costa,2021-04-19,11325,948916,8469,576842,2856,337002,0,35072,3545,217998,7755,382444,3547,600442,California
Contra Costa,2021-04-20,16607,965523,10788,587630,5819,342821,0,35072,6236,213893,10345,392789,6240,606682,California
Contra Costa,2021-04-21,17277,982800,14104,601734,3173,345994,0,35072,6146,208950,11097,403886,6154,612836,California
Contra Costa,2021-04-22,17116,999916,13863,615597,3252,349246,1,35073,6069,204015,11015,414901,6080,618916,California
Contra Costa,2021-04-23,16929,1016845,13472,629069,3457,352703,0,35073,5469,198065,11426,426327,5476,624392,California
Contra Costa,2021-04-24,10881,1027726,8417,637486,2464,355167,0,35073,4164,195536,6697,433024,4168,628560,California
Contra Costa,2021-04-25,3222,1030948,2173,639659,1047,356214,2,35075,2032,196386,1187,434211,2037,630597,California
Contra Costa,2021-04-26,9524,1040472,8079,647738,1421,357635,24,35099,2791,192494,6717,440928,2825,633422,California
Contra Costa,2021-04-27,14118,1054590,10412,658150,3556,361191,150,35249,3786,186128,10312,451240,3946,637368,California
Contra Costa,2021-04-28,13821,1068411,10748,668898,2785,363976,288,35537,3463,179558,10325,461565,3755,641123,California
Contra Costa,2021-04-29,12968,1081379,10049,678947,2749,366725,170,35707,2822,172435,10120,471685,2997,644120,California
Contra Costa,2021-04-30,13610,1094989,10742,689689,2618,369343,250,35957,3083,165267,10504,482189,3336,647456,California
Contra Costa,2021-05-01,7986,1102975,5838,695527,1832,371175,316,36273,1906,161429,6061,488250,2223,649679,California
Contra Costa,2021-05-02,2315,1105290,1577,697104,659,371834,79,36352,982,161167,1323,489573,1061,650740,California
Contra Costa,2021-05-03,9101,1114391,8017,705121,918,372752,166,36518,1941,156134,7145,496718,2112,652852,California
Contra Costa,2021-05-04,13954,1128345,12083,717204,1554,374306,317,36835,2250,147021,11680,508398,2567,655419,California
Contra Costa,2021-05-05,11402,1139747,10058,727262,1195,375501,149,36984,2008,139807,9371,517769,2157,657576,California
Contra Costa,2021-05-06,8975,1148722,7663,734925,1074,376575,238,37222,1429,133954,7526,525295,1673,659249,California
Contra Costa,2021-05-07,8112,1156834,6956,741881,1022,377597,134,37356,1550,129101,6536,531831,1683,660932,California
Del Norte,2020-12-21,23,23,23,23,0,0,0,0,23,23,0,0,23,23,California
Del Norte,2020-12-22,46,69,46,69,0,0,0,0,46,69,0,0,46,69,California
Del Norte,2020-12-23,58,127,48,117,10,10,0,0,56,125,0,0,56,125,California
Del Norte,2020-12-28,34,161,34,151,0,10,0,0,34,159,0,0,34,159,California
Del Norte,2020-12-29,4,165,4,155,0,10,0,0,4,163,0,0,4,163,California
Del Norte,2020-12-30,67,232,55,210,12,22,0,0,68,231,0,0,68,231,California
Del Norte,2020-12-31,16,248,13,223,3,25,0,0,16,247,0,0,16,247,California
Del Norte,2021-01-04,102,350,49,272,53,78,0,0,102,349,0,0,102,349,California
Del Norte,2021-01-05,32,382,0,272,32,110,0,0,32,381,0,0,32,381,California
Del Norte,2021-01-06,77,459,18,290,59,169,0,0,77,458,0,0,77,458,California
Del Norte,2021-01-07,21,480,1,291,20,189,0,0,21,479,0,0,21,479,California
Del Norte,2021-01-08,78,558,7,298,71,260,0,0,78,557,0,0,78,557,California
Del Norte,2021-01-11,40,598,21,319,19,279,0,0,18,554,22,22,19,576,California
Del Norte,2021-01-12,51,649,32,351,19,298,0,0,30,563,21,43,30,606,California
Del Norte,2021-01-13,86,735,40,391,46,344,0,0,53,583,33,76,53,659,California
Del Norte,2021-01-14,52,787,14,405,38,382,0,0,46,623,6,82,46,705,California
Del Norte,2021-01-15,107,894,18,423,89,471,0,0,95,706,12,94,95,800,California
Del Norte,2021-01-17,1,895,1,424,0,471,0,0,1,707,0,94,1,801,California
Del Norte,2021-01-18,2,897,0,424,2,473,0,0,2,709,0,94,2,803,California
Del Norte,2021-01-19,119,1016,56,480,63,536,0,0,77,744,42,136,77,880,California
Del Norte,2021-01-20,158,1174,84,564,74,610,0,0,96,778,62,198,96,976,California
Del Norte,2021-01-21,43,1217,40,604,3,613,0,0,32,799,11,209,32,1008,California
Del Norte,2021-01-22,20,1237,17,621,3,616,0,0,13,805,7,216,13,1021,California
Del Norte,2021-01-23,1,1238,0,621,1,617,0,0,1,806,0,216,1,1022,California
Del Norte,2021-01-24,1,1239,0,621,1,618,0,0,1,807,0,216,1,1023,California
Del Norte,2021-01-25,100,1339,82,703,18,636,0,0,56,819,44,260,56,1079,California
Del Norte,2021-01-26,18,1357,11,714,7,643,0,0,7,815,11,271,7,1086,California
Del Norte,2021-01-27,64,1421,21,735,43,686,0,0,61,873,3,274,61,1147,California
Del Norte,2021-01-28,291,1712,20,755,271,957,0,0,286,1154,5,279,286,1433,California
Del Norte,2021-01-29,55,1767,21,776,34,991,0,0,44,1187,11,290,44,1477,California
Del Norte,2021-01-30,8,1775,1,777,7,998,0,0,8,1195,0,290,8,1485,California
Del Norte,2021-02-01,41,1816,1,778,40,1038,0,0,26,1206,15,305,26,1511,California
Del Norte,2021-02-02,142,1958,34,812,108,1146,0,0,73,1211,68,373,73,1584,California
Del Norte,2021-02-03,126,2084,40,852,86,1232,0,0,71,1227,55,428,71,1655,California
Del Norte,2021-02-04,71,2155,29,881,42,1274,0,0,42,1240,29,457,42,1697,California
Del Norte,2021-02-05,184,2339,22,903,162,1436,0,0,119,1295,64,521,119,1816,California
Del Norte,2021-02-06,312,2651,6,909,306,1742,0,0,312,1607,0,521,312,2128,California
Del Norte,2021-02-07,2,2653,1,910,1,1743,0,0,2,1609,0,521,2,2130,California
Del Norte,2021-02-08,36,2689,1,911,35,1778,0,0,32,1637,4,525,32,2162,California
Del Norte,2021-02-09,8,2697,5,916,3,1781,0,0,2,1633,6,531,2,2164,California
Del Norte,2021-02-10,143,2840,20,936,123,1904,0,0,86,1663,56,587,86,2250,California
Del Norte,2021-02-11,177,3017,59,995,118,2022,0,0,64,1614,113,700,64,2314,California
Del Norte,2021-02-12,121,3138,14,1009,107,2129,0,0,67,1627,54,754,67,2381,California
Del Norte,2021-02-13,2,3140,1,1010,1,2130,0,0,2,1629,0,754,2,2383,California
Del Norte,2021-02-14,3,3143,1,1011,2,2132,0,0,2,1630,1,755,2,2385,California
Del Norte,2021-02-15,4,3147,0,1011,4,2136,0,0,2,1630,2,757,2,2387,California
Del Norte,2021-02-16,132,3279,1,1012,131,2267,0,0,13,1524,119,876,13,2400,California
Del Norte,2021-02-17,91,3370,20,1032,71,2338,0,0,24,1481,67,943,24,2424,California
Del Norte,2021-02-18,77,3447,24,1056,53,2391,0,0,51,1506,26,969,51,2475,California
Del Norte,2021-02-19,43,3490,17,1073,26,2417,0,0,33,1529,10,979,33,2508,California
Del Norte,2021-02-20,8,3498,5,1078,3,2420,0,0,6,1533,2,981,6,2514,California
Del Norte,2021-02-22,2,3500,0,1078,2,2422,0,0,2,1535,0,981,2,2516,California
Del Norte,2021-02-23,107,3607,89,1167,18,2440,0,0,31,1491,76,1057,32,2548,California
Del Norte,2021-02-24,152,3759,98,1265,54,2494,0,0,79,1497,73,1130,79,2627,California
Del Norte,2021-02-25,476,4235,131,1396,345,2839,0,0,213,1449,261,1391,213,2840,California
Del Norte,2021-02-26,212,4447,176,1572,36,2875,0,0,166,1569,46,1437,166,3006,California
Del Norte,2021-02-27,152,4599,145,1717,6,2881,1,1,141,1700,11,1448,142,3148,California
Del Norte,2021-02-28,4,4603,1,1718,3,2884,0,1,3,1702,1,1449,3,3151,California
Del Norte,2021-03-01,28,4631,2,1720,26,2910,0,1,4,1682,24,1473,4,3155,California
Del Norte,2021-03-02,220,4851,141,1861,79,2989,0,1,187,1836,33,1506,187,3342,California
Del Norte,2021-03-03,167,5018,99,1960,68,3057,0,1,126,1921,41,1547,126,3468,California
Del Norte,2021-03-04,120,5138,83,2043,37,3094,0,1,91,1984,28,1575,91,3559,California
Del Norte,2021-03-05,119,5257,9,2052,110,3204,0,1,71,2007,48,1623,71,3630,California
Del Norte,2021-03-06,466,5723,78,2130,338,3542,50,51,164,1876,302,1925,171,3801,California
Del Norte,2021-03-07,2,5725,1,2131,1,3543,0,51,1,1876,1,1926,1,3802,California
Del Norte,2021-03-08,28,5753,1,2132,25,3568,2,53,5,1860,23,1949,7,3809,California
Del Norte,2021-03-09,193,5946,112,2244,78,3646,3,56,182,2034,11,1960,185,3994,California
Del Norte,2021-03-10,233,6179,96,2340,109,3755,28,84,134,2097,99,2059,162,4156,California
Del Norte,2021-03-11,151,6330,55,2395,91,3846,5,89,103,2157,48,2107,108,4264,California
Del Norte,2021-03-12,178,6508,89,2484,89,3935,0,89,125,2229,53,2160,125,4389,California
Del Norte,2021-03-13,94,6602,93,2577,1,3936,0,89,91,2317,3,2163,91,4480,California
Del Norte,2021-03-14,1,6603,0,2577,1,3937,0,89,1,2317,1,2164,1,4481,California
Del Norte,2021-03-15,38,6641,0,2577,38,3975,0,89,34,2347,4,2168,34,4515,California
Del Norte,2021-03-16,280,6921,135,2712,145,4120,0,89,259,2585,21,2189,259,4774,California
Del Norte,2021-03-17,282,7203,95,2807,185,4305,2,91,168,2641,114,2303,170,4944,California
Del Norte,2021-03-18,285,7488,107,2914,175,4480,3,94,149,2658,135,2438,152,5096,California
Del Norte,2021-03-19,266,7754,159,3073,101,4581,6,100,91,2580,175,2613,97,5193,California
Del Norte,2021-03-20,157,7911,154,3227,3,4584,0,100,15,2453,142,2755,15,5208,California
Del Norte,2021-03-21,4,7915,2,3229,2,4586,0,100,2,2453,2,2757,2,5210,California
Del Norte,2021-03-22,42,7957,3,3232,38,4624,1,101,39,2490,3,2760,40,5250,California
Del Norte,2021-03-23,335,8292,164,3396,153,4777,18,119,165,2504,168,2928,182,5432,California
Del Norte,2021-03-24,397,8689,107,3503,249,5026,41,160,236,2620,161,3089,277,5709,California
Del Norte,2021-03-25,192,8881,89,3592,103,5129,0,160,84,2597,107,3196,84,5793,California
Del Norte,2021-03-26,231,9112,112,3704,119,5248,0,160,197,2760,34,3230,197,5990,California
Del Norte,2021-03-27,108,9220,87,3791,4,5252,17,177,17,2703,91,3321,34,6024,California
Del Norte,2021-03-28,4,9224,2,3793,2,5254,0,177,1,2701,3,3324,1,6025,California
Del Norte,2021-03-29,57,9281,6,3799,34,5288,17,194,32,2725,25,3349,49,6074,California
Del Norte,2021-03-30,339,9620,118,3917,210,5498,11,205,128,2653,211,3560,139,6213,California
Del Norte,2021-03-31,352,9972,99,4016,236,5734,17,222,197,2714,153,3713,214,6427,California
Del Norte,2021-04-01,164,10136,58,4074,72,5806,34,256,69,2723,94,3807,103,6530,California
Del Norte,2021-04-02,230,10366,78,4152,103,5909,49,305,47,2637,183,3990,97,6627,California
Del Norte,2021-04-03,106,10472,82,4234,2,5911,22,327,4,2562,101,4091,26,6653,California
Del Norte,2021-04-04,4,10476,0,4234,0,5911,4,331,0,2562,4,4095,4,6657,California
Del Norte,2021-04-05,46,10522,5,4239,37,5948,4,335,39,2598,7,4102,43,6700,California
Del Norte,2021-04-06,378,10900,119,4358,222,6170,37,372,145,2552,229,4331,183,6883,California
Del Norte,2021-04-07,430,11330,114,4472,255,6425,61,433,283,2750,146,4477,344,7227,California
Del Norte,2021-04-08,233,11563,54,4526,111,6536,68,501,111,2807,122,4599,179,7406,California
Del Norte,2021-04-09,205,11768,47,4573,81,6617,77,578,98,2874,106,4705,173,7579,California
Del Norte,2021-04-10,47,11815,26,4599,4,6621,17,595,27,2898,20,4725,44,7623,California
Del Norte,2021-04-11,12,11827,3,4602,2,6623,7,602,2,2897,10,4735,9,7632,California
Del Norte,2021-04-12,28,11855,1,4603,9,6632,18,620,1,2890,26,4761,19,7651,California
Del Norte,2021-04-13,297,12152,49,4652,248,6880,0,620,155,2903,142,4903,155,7806,California
Del Norte,2021-04-14,326,12478,23,4675,303,7183,0,620,137,2856,189,5092,142,7948,California
Del Norte,2021-04-15,163,12641,30,4705,133,7316,0,620,44,2782,119,5211,45,7993,California
Del Norte,2021-04-16,160,12801,39,4744,121,7437,0,620,58,2739,102,5313,59,8052,California
Del Norte,2021-04-17,101,12902,69,4813,32,7469,0,620,96,2830,5,5318,96,8148,California
Del Norte,2021-04-18,4,12906,3,4816,1,7470,0,620,3,2832,1,5319,3,8151,California
Del Norte,2021-04-19,50,12956,6,4822,44,7514,0,620,8,2798,42,5361,8,8159,California
Del Norte,2021-04-20,209,13165,40,4862,169,7683,0,620,74,2737,135,5496,74,8233,California
Del Norte,2021-04-21,287,13452,22,4884,265,7948,0,620,63,2579,224,5720,66,8299,California
Del Norte,2021-04-22,114,13566,15,4899,99,8047,0,620,62,2589,52,5772,62,8361,California
Del Norte,2021-04-23,151,13717,20,4919,131,8178,0,620,39,2516,112,5884,39,8400,California
Del Norte,2021-04-24,25,13742,14,4933,11,8189,0,620,20,2531,5,5889,20,8420,California
Del Norte,2021-04-25,2,13744,0,4933,2,8191,0,620,2,2533,0,5889,2,8422,California
Del Norte,2021-04-26,29,13773,0,4933,29,8220,0,620,7,2518,22,5911,7,8429,California
Del Norte,2021-04-27,175,13948,19,4952,151,8371,5,625,49,2446,126,6037,54,8483,California
Del Norte,2021-04-28,351,14299,101,5053,245,8616,5,630,63,2229,286,6323,69,8552,California
Del Norte,2021-04-29,92,14391,5,5058,83,8699,4,634,26,2193,66,6389,30,8582,California
Del Norte,2021-04-30,83,14474,6,5064,67,8766,10,644,44,2208,39,6428,54,8636,California
Del Norte,2021-05-01,8,14482,3,5067,5,8771,0,644,6,2212,2,6430,6,8642,California
Del Norte,2021-05-02,8,14490,0,5067,8,8779,0,644,8,2220,0,6430,8,8650,California
Del Norte,2021-05-03,40,14530,3,5070,34,8813,3,647,2,2188,37,6467,5,8655,California
Del Norte,2021-05-04,203,14733,36,5106,162,8975,5,652,44,2078,159,6626,49,8704,California
Del Norte,2021-05-05,221,14954,18,5124,195,9170,8,660,48,1964,173,6799,59,8763,California
Del Norte,2021-05-06,93,15047,24,5148,56,9226,13,673,15,1914,78,6877,28,8791,California
Del Norte,2021-05-07,87,15134,6,5154,77,9303,4,677,23,1877,64,6941,27,8818,California
El Dorado,2020-12-15,12,12,12,12,0,0,0,0,12,12,0,0,12,12,California
El Dorado,2020-12-16,40,52,40,52,0,0,0,0,40,52,0,0,40,52,California
El Dorado,2020-12-17,31,83,31,83,0,0,0,0,31,83,0,0,31,83,California
El Dorado,2020-12-18,236,319,236,319,0,0,0,0,236,319,0,0,236,319,California
El Dorado,2020-12-19,116,435,116,435,0,0,0,0,116,435,0,0,116,435,California
El Dorado,2020-12-20,85,520,85,520,0,0,0,0,85,520,0,0,85,520,California
El Dorado,2020-12-21,308,828,307,827,1,1,0,0,308,828,0,0,308,828,California
El Dorado,2020-12-22,238,1066,214,1041,24,25,0,0,238,1066,0,0,238,1066,California
El Dorado,2020-12-23,189,1255,140,1181,49,74,0,0,189,1255,0,0,189,1255,California
El Dorado,2020-12-24,87,1342,66,1247,21,95,0,0,87,1342,0,0,87,1342,California
El Dorado,2020-12-25,8,1350,8,1255,0,95,0,0,8,1350,0,0,8,1350,California
El Dorado,2020-12-26,44,1394,26,1281,18,113,0,0,44,1394,0,0,44,1394,California
El Dorado,2020-12-27,37,1431,33,1314,4,117,0,0,37,1431,0,0,37,1431,California
El Dorado,2020-12-28,215,1646,168,1482,47,164,0,0,215,1646,0,0,215,1646,California
El Dorado,2020-12-29,459,2105,142,1624,317,481,0,0,459,2105,0,0,459,2105,California
El Dorado,2020-12-30,507,2612,136,1760,371,852,0,0,507,2612,0,0,507,2612,California
El Dorado,2020-12-31,110,2722,70,1830,40,892,0,0,110,2722,0,0,110,2722,California
El Dorado,2021-01-01,7,2729,4,1834,3,895,0,0,7,2729,0,0,7,2729,California
El Dorado,2021-01-02,153,2882,141,1975,12,907,0,0,153,2882,0,0,153,2882,California
El Dorado,2021-01-03,92,2974,17,1992,75,982,0,0,92,2974,0,0,92,2974,California
El Dorado,2021-01-04,189,3163,62,2054,127,1109,0,0,189,3163,0,0,189,3163,California
El Dorado,2021-01-05,206,3369,51,2105,155,1264,0,0,190,3337,16,16,190,3353,California
El Dorado,2021-01-06,261,3630,189,2294,72,1336,0,0,197,3470,64,80,197,3550,California
El Dorado,2021-01-07,330,3960,136,2430,194,1530,0,0,259,3658,71,151,259,3809,California
El Dorado,2021-01-08,976,4936,501,2931,475,2005,0,0,773,4229,203,354,774,4583,California
El Dorado,2021-01-09,194,5130,157,3088,37,2042,0,0,126,4287,68,422,126,4709,California
El Dorado,2021-01-10,180,5310,129,3217,51,2093,0,0,110,4328,70,492,111,4820,California
El Dorado,2021-01-11,659,5969,293,3510,366,2459,0,0,460,4591,198,690,461,5281,California
El Dorado,2021-01-12,695,6664,422,3932,273,2732,0,0,446,4788,249,939,446,5727,California
El Dorado,2021-01-13,701,7365,296,4228,405,3137,0,0,540,5167,161,1100,540,6267,California
El Dorado,2021-01-14,693,8058,219,4447,474,3611,0,0,598,5670,95,1195,598,6865,California
El Dorado,2021-01-15,684,8742,185,4632,499,4110,0,0,612,6210,72,1267,612,7477,California
El Dorado,2021-01-16,173,8915,104,4736,69,4179,0,0,146,6329,27,1294,146,7623,California
El Dorado,2021-01-17,100,9015,47,4783,53,4232,0,0,83,6395,17,1311,83,7706,California
El Dorado,2021-01-18,421,9436,138,4921,283,4515,0,0,353,6680,68,1379,353,8059,California
El Dorado,2021-01-19,654,10090,354,5275,300,4815,0,0,504,7035,150,1529,505,8564,California
El Dorado,2021-01-20,1011,11101,686,5961,325,5140,0,0,900,7825,110,1639,900,9464,California
El Dorado,2021-01-21,1160,12261,575,6536,585,5725,0,0,953,8612,166,1805,953,10417,California
El Dorado,2021-01-22,1103,13364,711,7247,392,6117,0,0,1049,9608,53,1858,1049,11466,California
El Dorado,2021-01-23,736,14100,616,7863,120,6237,0,0,625,10122,111,1969,625,12091,California
El Dorado,2021-01-24,126,14226,76,7939,50,6287,0,0,107,10210,19,1988,107,12198,California
El Dorado,2021-01-25,612,14838,206,8145,406,6693,0,0,524,10646,88,2076,524,12722,California
El Dorado,2021-01-26,676,15514,365,8510,311,7004,0,0,571,11113,105,2181,572,13294,California
El Dorado,2021-01-27,981,16495,382,8892,599,7603,0,0,644,11419,338,2519,644,13938,California
El Dorado,2021-01-28,1105,17600,453,9345,652,8255,0,0,744,11802,361,2880,744,14682,California
El Dorado,2021-01-29,976,18576,490,9835,486,8741,0,0,746,12320,229,3109,747,15429,California
El Dorado,2021-01-30,610,19186,359,10194,251,8992,0,0,450,12610,160,3269,450,15879,California
El Dorado,2021-01-31,209,19395,188,10382,21,9013,0,0,180,12761,29,3298,180,16059,California
El Dorado,2021-02-01,799,20194,368,10750,431,9444,0,0,655,13273,143,3441,655,16714,California
El Dorado,2021-02-02,837,21031,367,11117,470,9914,0,0,676,13788,161,3602,676,17390,California
El Dorado,2021-02-03,900,21931,476,11593,424,10338,0,0,687,14262,213,3815,687,18077,California
El Dorado,2021-02-04,1267,23198,723,12316,544,10882,0,0,871,14738,395,4210,871,18948,California
El Dorado,2021-02-05,1484,24682,598,12914,886,11768,0,0,868,15025,581,4791,868,19816,California
El Dorado,2021-02-06,639,25321,334,13248,305,12073,0,0,530,15447,109,4900,531,20347,California
El Dorado,2021-02-07,257,25578,177,13425,80,12153,0,0,193,15576,64,4964,193,20540,California
El Dorado,2021-02-08,881,26459,417,13842,464,12617,0,0,607,15909,274,5238,607,21147,California
El Dorado,2021-02-09,909,27368,487,14329,422,13039,0,0,487,15974,422,5660,487,21634,California
El Dorado,2021-02-10,1246,28614,727,15056,519,13558,0,0,654,16037,591,6251,654,22288,California
El Dorado,2021-02-11,2153,30767,891,15947,1262,14820,0,0,962,15812,1188,7439,963,23251,California
El Dorado,2021-02-12,1572,32339,825,16772,747,15567,0,0,679,15600,892,8331,680,23931,California
El Dorado,2021-02-13,977,33316,668,17440,309,15876,0,0,434,15494,540,8871,434,24365,California
El Dorado,2021-02-14,484,33800,154,17594,330,16206,0,0,398,15806,86,8957,398,24763,California
El Dorado,2021-02-15,1183,34983,386,17980,797,17003,0,0,823,16272,360,9317,826,25589,California
El Dorado,2021-02-16,1201,36184,530,18510,671,17674,0,0,676,16425,524,9841,677,26266,California
El Dorado,2021-02-17,905,37089,374,18884,531,18205,0,0,418,16358,487,10328,420,26686,California
El Dorado,2021-02-18,2085,39174,1012,19896,1073,19278,0,0,1347,16968,737,11065,1347,28033,California
El Dorado,2021-02-19,1168,40342,604,20500,564,19842,0,0,649,17099,518,11583,649,28682,California
El Dorado,2021-02-20,917,41259,435,20935,482,20324,0,0,668,17524,243,11826,668,29350,California
El Dorado,2021-02-21,282,41541,225,21160,57,20381,0,0,99,17441,182,12008,99,29449,California
El Dorado,2021-02-22,869,42410,435,21595,434,20815,0,0,283,17139,585,12593,283,29732,California
El Dorado,2021-02-23,843,43253,472,22067,371,21186,0,0,347,16991,495,13088,347,30079,California
El Dorado,2021-02-24,1028,44281,439,22506,589,21775,0,0,429,16822,599,13687,430,30509,California
El Dorado,2021-02-25,1634,45915,888,23394,746,22521,0,0,704,16604,924,14611,706,31215,California
El Dorado,2021-02-26,2354,48269,1482,24876,872,23393,0,0,1589,17430,763,15374,1589,32804,California
El Dorado,2021-02-27,1659,49928,439,25315,1220,24613,0,0,1220,18214,436,15810,1220,34024,California
El Dorado,2021-02-28,588,50516,203,25518,385,24998,0,0,436,18499,152,15962,437,34461,California
El Dorado,2021-03-01,1140,51656,453,25971,686,25684,1,1,627,18615,512,16474,628,35089,California
El Dorado,2021-03-02,899,52555,266,26237,633,26317,0,1,460,18638,437,16911,460,35549,California
El Dorado,2021-03-03,1679,54234,463,26700,1216,27533,0,1,1152,19272,520,17431,1154,36703,California
El Dorado,2021-03-04,2514,56748,1551,28251,963,28496,0,1,1221,19203,1290,18721,1221,37924,California
El Dorado,2021-03-05,1574,58322,422,28673,1147,29643,5,6,1042,19723,527,19248,1047,38971,California
El Dorado,2021-03-06,739,59061,210,28883,494,30137,35,41,392,19803,347,19595,427,39398,California
El Dorado,2021-03-07,405,59466,198,29081,189,30326,18,59,241,19900,162,19757,259,39657,California
El Dorado,2021-03-08,1327,60793,364,29445,891,31217,72,131,857,20361,467,20224,928,40585,California
El Dorado,2021-03-09,977,61770,225,29670,685,31902,67,198,579,20624,383,20607,646,41231,California
El Dorado,2021-03-10,945,62715,344,30014,545,32447,56,254,546,20832,393,21000,601,41832,California
El Dorado,2021-03-11,2997,65712,1828,31842,987,33434,182,436,1364,20761,1616,22616,1545,43377,California
El Dorado,2021-03-12,1777,67489,619,32461,912,34346,246,682,741,20729,1019,23635,987,44364,California
El Dorado,2021-03-13,1063,68552,344,32805,436,34782,283,965,375,20700,685,24320,656,45020,California
El Dorado,2021-03-14,793,69345,208,33013,473,35255,112,1077,280,20579,513,24833,392,45412,California
El Dorado,2021-03-15,1403,70748,303,33316,974,36229,126,1203,614,20535,785,25618,741,46153,California
El Dorado,2021-03-16,1211,71959,407,33723,660,36889,144,1347,569,20612,636,26254,713,46866,California
El Dorado,2021-03-17,1090,73049,350,34073,646,37535,94,1441,705,21026,385,26639,799,47665,California
El Dorado,2021-03-18,2972,76021,1750,35823,1177,38712,45,1486,1982,22071,982,27621,2027,49692,California
El Dorado,2021-03-19,1105,77126,363,36186,598,39310,144,1630,629,22369,476,28097,774,50466,California
El Dorado,2021-03-20,945,78071,268,36454,660,39970,17,1647,367,22186,567,28664,384,50850,California
El Dorado,2021-03-21,1026,79097,419,36873,602,40572,5,1652,936,23039,88,28752,941,51791,California
El Dorado,2021-03-22,1502,80599,489,37362,930,41502,83,1735,1190,24005,307,29059,1273,53064,California
El Dorado,2021-03-23,1142,81741,449,37811,601,42103,92,1827,734,24434,397,29456,826,53890,California
El Dorado,2021-03-24,1452,83193,620,38431,636,42739,196,2023,660,24526,764,30220,856,54746,California
El Dorado,2021-03-25,2480,85673,1671,40102,706,43445,103,2126,1363,24881,1111,31331,1466,56212,California
El Dorado,2021-03-26,1812,87485,694,40796,1009,44454,109,2235,946,25092,845,32176,1056,57268,California
El Dorado,2021-03-27,1312,88797,189,40985,1119,45573,4,2239,335,24460,971,33147,339,57607,California
El Dorado,2021-03-28,621,89418,182,41167,430,46003,9,2248,203,24257,415,33562,212,57819,California
El Dorado,2021-03-29,1312,90730,431,41598,865,46868,16,2264,824,24612,485,34047,840,58659,California
El Dorado,2021-03-30,1360,92090,411,42009,857,47725,92,2356,704,24758,649,34696,795,59454,California
El Dorado,2021-03-31,1558,93648,582,42591,913,48638,63,2419,703,24669,853,35549,764,60218,California
El Dorado,2021-04-01,3206,96854,1748,44339,1376,50014,82,2501,1518,24584,1686,37235,1601,61819,California
El Dorado,2021-04-02,1879,98733,557,44896,1227,51241,95,2596,753,24309,1123,38358,848,62667,California
El Dorado,2021-04-03,746,99479,292,45188,333,51574,121,2717,227,24139,517,38875,347,63014,California
El Dorado,2021-04-04,270,99749,85,45273,138,51712,47,2764,97,24111,172,39047,144,63158,California
El Dorado,2021-04-05,1423,101172,424,45697,905,52617,94,2858,594,23974,824,39871,687,63845,California
El Dorado,2021-04-06,1413,102585,522,46219,669,53286,222,3080,453,23690,957,40828,673,64518,California
El Dorado,2021-04-07,1577,104162,554,46773,577,53863,446,3526,558,23675,1016,41844,1001,65519,California
El Dorado,2021-04-08,2660,106822,1715,48488,710,54573,235,3761,1109,23475,1542,43386,1342,66861,California
El Dorado,2021-04-09,1414,108236,443,48931,752,55325,219,3980,564,23408,847,44233,780,67641,California
El Dorado,2021-04-10,818,109054,220,49151,489,55814,109,4089,475,23650,341,44574,583,68224,California
El Dorado,2021-04-11,697,109751,452,49603,229,56043,16,4105,205,23381,490,45064,221,68445,California
El Dorado,2021-04-12,1276,111027,495,50098,633,56676,148,4253,558,23375,711,45775,705,69150,California
El Dorado,2021-04-13,1114,112141,609,50707,505,57181,0,4253,507,23279,603,46378,507,69657,California
El Dorado,2021-04-14,1084,113225,456,51163,627,57808,1,4254,384,22977,687,47065,385,70042,California
El Dorado,2021-04-15,2490,115715,1672,52835,818,58626,0,4254,967,22425,1520,48585,968,71010,California
El Dorado,2021-04-16,1461,117176,515,53350,946,59572,0,4254,608,22186,848,49433,609,71619,California
El Dorado,2021-04-17,769,117945,196,53546,573,60145,0,4254,487,22393,280,49713,487,72106,California
El Dorado,2021-04-18,969,118914,81,53627,888,61033,0,4254,402,22229,566,50279,402,72508,California
El Dorado,2021-04-19,1701,120615,435,54062,1266,62299,0,4254,691,21916,1004,51283,691,73199,California
El Dorado,2021-04-20,1106,121721,356,54418,750,63049,0,4254,458,21730,644,51927,458,73657,California
El Dorado,2021-04-21,1152,122873,464,54882,684,63733,4,4258,588,21762,557,52484,589,74246,California
El Dorado,2021-04-22,2527,125400,1662,56544,865,64598,0,4258,1069,21374,1457,53941,1069,75315,California
El Dorado,2021-04-23,1393,126793,494,57038,899,65497,0,4258,715,21415,675,54616,716,76031,California
El Dorado,2021-04-24,961,127754,511,57549,450,65947,0,4258,730,21916,229,54845,730,76761,California
El Dorado,2021-04-25,611,128365,432,57981,179,66126,0,4258,440,22185,171,55016,440,77201,California
El Dorado,2021-04-26,1027,129392,428,58409,583,66709,16,4274,500,22175,526,55542,516,77717,California
El Dorado,2021-04-27,949,130341,357,58766,564,67273,28,4302,438,22135,506,56048,466,78183,California
El Dorado,2021-04-28,1029,131370,345,59111,644,67917,40,4342,400,21947,628,56676,440,78623,California
El Dorado,2021-04-29,1913,133283,1291,60402,590,68507,32,4374,524,21116,1387,58063,556,79179,California
El Dorado,2021-04-30,2107,135390,1323,61725,744,69251,40,4414,1356,21770,741,58804,1395,80574,California
El Dorado,2021-05-01,615,136005,282,62007,306,69557,27,4441,281,21751,327,59131,308,80882,California
El Dorado,2021-05-02,297,136302,212,62219,57,69614,28,4469,101,21686,193,59324,128,81010,California
El Dorado,2021-05-03,806,137108,395,62614,364,69978,47,4516,270,21470,534,59858,318,81328,California
El Dorado,2021-05-04,837,137945,430,63044,349,70327,58,4574,274,21242,560,60418,332,81660,California
El Dorado,2021-05-05,479,138424,248,63292,198,70525,33,4607,204,21206,273,60691,237,81897,California
El Dorado,2021-05-06,722,139146,318,63610,391,70916,13,4620,308,21115,412,61103,321,82218,California
El Dorado,2021-05-07,534,139680,254,63864,271,71187,9,4629,171,20932,363,61466,180,82398,California
Fresno,2020-12-15,2,2,2,2,0,0,0,0,2,2,0,0,2,2,California
Fresno,2020-12-16,121,123,121,123,0,0,0,0,121,123,0,0,121,123,California
Fresno,2020-12-17,121,244,121,244,0,0,0,0,121,244,0,0,121,244,California
Fresno,2020-12-18,344,588,344,588,0,0,0,0,344,588,0,0,344,588,California
Fresno,2020-12-19,158,746,158,746,0,0,0,0,158,746,0,0,158,746,California
Fresno,2020-12-20,258,1004,256,1002,2,2,0,0,258,1004,0,0,258,1004,California
Fresno,2020-12-21,925,1929,924,1926,1,3,0,0,956,1960,0,0,956,1960,California
Fresno,2020-12-22,901,2830,872,2798,29,32,0,0,905,2865,0,0,905,2865,California
Fresno,2020-12-23,1087,3917,1046,3844,41,73,0,0,1088,3953,0,0,1088,3953,California
Fresno,2020-12-24,582,4499,563,4407,19,92,0,0,582,4535,0,0,582,4535,California
Fresno,2020-12-25,2,4501,1,4408,1,93,0,0,2,4537,0,0,2,4537,California
Fresno,2020-12-26,723,5224,714,5122,9,102,0,0,723,5260,0,0,723,5260,California
Fresno,2020-12-27,300,5524,204,5326,96,198,0,0,300,5560,0,0,300,5560,California
Fresno,2020-12-28,1063,6587,775,6101,288,486,0,0,1064,6624,0,0,1064,6624,California
Fresno,2020-12-29,1769,8356,1038,7139,731,1217,0,0,1767,8390,1,1,1767,8391,California
Fresno,2020-12-30,982,9338,479,7618,503,1720,0,0,982,9372,0,1,982,9373,California
Fresno,2020-12-31,897,10235,310,7928,587,2307,0,0,896,10268,0,1,896,10269,California
Fresno,2021-01-01,9,10244,3,7931,6,2313,0,0,9,10277,0,1,9,10278,California
Fresno,2021-01-02,1030,11274,717,8648,313,2626,0,0,1030,11307,0,1,1030,11308,California
Fresno,2021-01-03,153,11427,128,8776,25,2651,0,0,153,11460,0,1,153,11461,California
Fresno,2021-01-04,618,12045,376,9152,242,2893,0,0,618,12078,0,1,618,12079,California
Fresno,2021-01-05,779,12824,312,9464,467,3360,0,0,705,12709,74,75,705,12784,California
Fresno,2021-01-06,975,13799,346,9810,629,3989,0,0,803,13340,172,247,803,13587,California
Fresno,2021-01-07,1888,15687,916,10726,972,4961,0,0,1634,14723,254,501,1637,15224,California
Fresno,2021-01-08,1786,17473,613,11339,1173,6134,0,0,1423,15785,361,862,1423,16647,California
Fresno,2021-01-09,629,18102,387,11726,242,6376,0,0,354,15864,275,1137,354,17001,California
Fresno,2021-01-10,517,18619,487,12213,30,6406,0,0,204,15755,313,1450,204,17205,California
Fresno,2021-01-11,2156,20775,1749,13962,407,6813,0,0,1463,16528,693,2143,1466,18671,California
Fresno,2021-01-12,2524,23299,1826,15788,698,7511,0,0,1677,17358,849,2992,1679,20350,California
Fresno,2021-01-13,3537,26836,2421,18209,1116,8627,0,0,2681,19185,856,3848,2683,23033,California
Fresno,2021-01-14,4155,30991,2202,20411,1953,10580,0,0,3684,22399,470,4318,3684,26717,California
Fresno,2021-01-15,3648,34639,2531,22942,1117,11697,0,0,3291,25337,357,4675,3295,30012,California
Fresno,2021-01-16,3153,37792,2310,25252,843,12540,0,0,2688,27562,464,5139,2689,32701,California
Fresno,2021-01-17,977,38769,556,25808,421,12961,0,0,779,28143,198,5337,779,33480,California
Fresno,2021-01-18,3076,41845,2369,28177,707,13668,0,0,2411,29893,663,6000,2413,35893,California
Fresno,2021-01-19,4330,46175,2541,30718,1789,15457,0,0,3679,32925,651,6651,3683,39576,California
Fresno,2021-01-20,3004,49179,1193,31911,1811,17268,0,0,2698,35323,303,6954,2701,42277,California
Fresno,2021-01-21,4378,53557,2025,33936,2353,19621,0,0,4029,39027,330,7284,4034,46311,California
Fresno,2021-01-22,3312,56869,1347,35283,1965,21586,0,0,2923,41579,372,7656,2924,49235,California
Fresno,2021-01-23,3043,59912,1970,37253,1073,22659,0,0,2320,43184,722,8378,2327,51562,California
Fresno,2021-01-24,553,60465,373,37626,180,22839,0,0,348,43330,205,8583,351,51913,California
Fresno,2021-01-25,2344,62809,865,38491,1479,24318,0,0,1855,44700,489,9072,1859,53772,California
Fresno,2021-01-26,2021,64830,584,39075,1437,25755,0,0,1316,45314,703,9775,1317,55089,California
Fresno,2021-01-27,2274,67104,1164,40239,1110,26865,0,0,1752,46548,521,10296,1755,56844,California
Fresno,2021-01-28,4498,71602,3058,43297,1440,28305,0,0,3477,49011,1017,11313,3480,60324,California
Fresno,2021-01-29,1705,73307,983,44280,722,29027,0,0,1408,50126,294,11607,1409,61733,California
Fresno,2021-01-30,1451,74758,551,44831,900,29927,0,0,1034,50743,417,12024,1034,62767,California
Fresno,2021-01-31,226,74984,217,45048,9,29936,0,0,72,50661,154,12178,72,62839,California
Fresno,2021-02-01,3338,78322,1667,46715,1671,31607,0,0,1823,50988,1514,13692,1841,64680,California
Fresno,2021-02-02,2717,81039,551,47266,2166,33773,0,0,1582,51466,1120,14812,1598,66278,California
Fresno,2021-02-03,3542,84581,2091,49357,1451,35224,0,0,1530,51000,1997,16809,1531,67809,California
Fresno,2021-02-04,4199,88780,1899,51256,2300,37524,0,0,1929,50694,2240,19049,1934,69743,California
Fresno,2021-02-05,5331,94111,2724,53980,2607,40131,0,0,2307,49986,3019,22068,2311,72054,California
Fresno,2021-02-06,2937,97048,2049,56029,888,41019,0,0,978,49009,1956,24024,979,73033,California
Fresno,2021-02-07,470,97518,289,56318,181,41200,0,0,275,49090,194,24218,275,73308,California
Fresno,2021-02-08,4276,101794,2292,58610,1984,43184,0,0,1812,48471,2440,26658,1821,75129,California
Fresno,2021-02-09,5329,107123,2083,60693,3246,46430,0,0,3118,49462,2136,28794,3127,78256,California
Fresno,2021-02-10,3883,111006,1236,61929,2647,49077,0,0,1990,49626,1838,30632,2002,80258,California
Fresno,2021-02-11,6456,117462,2095,64024,4361,53438,0,0,3365,49920,3076,33708,3370,83628,California
Fresno,2021-02-12,5387,122849,1384,65408,4003,57441,0,0,2744,50048,2623,36331,2751,86379,California
Fresno,2021-02-13,3736,126585,1547,66955,2189,59630,0,0,2083,50496,1641,37972,2089,88468,California
Fresno,2021-02-14,1562,128147,282,67237,1280,60910,0,0,848,50632,714,38686,850,89318,California
Fresno,2021-02-15,2891,131038,272,67509,2619,63529,0,0,1786,51321,1101,39787,1790,91108,California
Fresno,2021-02-16,6691,137729,2404,69913,4287,67816,0,0,4249,53152,2424,42211,4255,95363,California
Fresno,2021-02-17,5339,143068,2454,72367,2885,70701,0,0,2987,53837,2307,44518,2992,98355,California
Fresno,2021-02-18,6862,149930,2906,75273,3956,74657,0,0,2574,52182,4239,48757,2584,100939,California
Fresno,2021-02-19,3838,153768,1103,76376,2735,77392,0,0,1833,52023,1995,50752,1836,102775,California
Fresno,2021-02-20,4537,158305,2501,78877,2036,79428,0,0,3056,53611,1474,52226,3062,105837,California
Fresno,2021-02-21,191,158496,172,79049,19,79447,0,0,129,53691,49,52275,129,105966,California
Fresno,2021-02-22,2232,160728,1002,80051,1230,80677,0,0,1225,53921,998,53273,1228,107194,California
Fresno,2021-02-23,3903,164631,1493,81544,2410,83087,0,0,3041,56113,851,54124,3043,110237,California
Fresno,2021-02-24,4185,168816,1500,83044,2685,85772,0,0,3436,58815,737,54861,3439,113676,California
Fresno,2021-02-25,7510,176326,2545,85589,4965,90737,0,0,6048,63472,1399,56260,6056,119732,California
Fresno,2021-02-26,8353,184679,3053,88642,5300,96037,0,0,7063,69273,1268,57528,7069,126801,California
Fresno,2021-02-27,6314,190993,2220,90862,4094,100131,0,0,5620,74213,681,58209,5621,132422,California
Fresno,2021-02-28,1651,192644,535,91397,1116,101247,0,0,1561,75698,77,58286,1562,133984,California
Fresno,2021-03-01,4938,197582,1309,92706,3629,104876,0,0,3626,78030,1302,59588,3634,137618,California
Fresno,2021-03-02,8667,206249,2322,95028,6345,111221,0,0,7296,84002,1347,60935,7319,144937,California
Fresno,2021-03-03,6883,213132,1690,96718,5192,116413,1,1,5870,88986,1001,61936,5985,150922,California
Fresno,2021-03-04,8650,221782,2545,99263,6105,122518,0,1,7122,94614,1502,63438,7130,158052,California
Fresno,2021-03-05,8053,229835,2713,101976,5338,127856,2,3,7028,100827,892,64330,7105,165157,California
Fresno,2021-03-06,6477,236312,3544,105520,2815,130671,118,121,5525,105528,946,65276,5647,170804,California
Fresno,2021-03-07,1479,237791,679,106199,766,131437,34,155,1251,106588,226,65502,1286,172090,California
Fresno,2021-03-08,5076,242867,2018,108217,2905,134342,153,308,3898,109480,1170,66672,4062,176152,California
Fresno,2021-03-09,7185,250052,2428,110645,4487,138829,270,578,3994,110606,3173,69845,4299,180451,California
Fresno,2021-03-10,6646,256698,2762,113407,3491,142320,393,971,5242,114857,1394,71239,5645,186096,California
Fresno,2021-03-11,11455,268153,4558,117965,6331,148651,566,1537,6211,116510,5200,76439,6853,192949,California
Fresno,2021-03-12,11638,279791,4983,122948,6202,154853,453,1990,8640,122763,2981,79420,9234,202183,California
Fresno,2021-03-13,8176,287967,3903,126851,3242,158095,1031,3021,3922,123554,4234,83654,5025,207208,California
Fresno,2021-03-14,1766,289733,473,127324,1003,159098,290,3311,665,123418,1090,84744,954,208162,California
Fresno,2021-03-15,7018,296751,3089,130413,3759,162857,170,3481,4855,126480,2148,86892,5210,213372,California
Fresno,2021-03-16,10098,306849,4429,134842,5275,168132,394,3875,6069,129042,3997,90889,6559,219931,California
Fresno,2021-03-17,8599,315448,3882,138724,4023,172155,694,4569,5818,133174,2760,93649,6892,226823,California
Fresno,2021-03-18,12272,327720,6578,145302,5063,177218,631,5200,8013,138030,4213,97862,9069,235892,California
Fresno,2021-03-19,10866,338586,5633,150935,4619,181837,614,5814,7379,142859,3459,101321,8288,244180,California
Fresno,2021-03-20,7385,345971,4426,155361,2648,184485,311,6125,4513,145109,2849,104170,5099,249279,California
Fresno,2021-03-21,1777,347748,1204,156565,202,184687,371,6496,961,145630,812,104982,1333,250612,California
Fresno,2021-03-22,5648,353396,2889,159454,2164,186851,595,7091,3851,148494,1781,106763,4645,255257,California
Fresno,2021-03-23,10531,363927,5238,164692,4800,191651,493,7584,6053,151011,4457,111220,6974,262231,California
Fresno,2021-03-24,8610,372537,3632,168324,4150,195801,828,8412,4735,152785,3841,115061,5615,267846,California
Fresno,2021-03-25,12057,384594,5576,173900,5699,201500,782,9194,6177,153987,5838,120899,7040,274886,California
Fresno,2021-03-26,12022,396616,5331,179231,6048,207548,643,9837,5277,153230,6696,127595,5939,280825,California
Fresno,2021-03-27,9376,405992,4136,183367,4157,211705,1083,10920,2938,150855,6402,133997,4027,284852,California
Fresno,2021-03-28,3279,409271,1196,184563,1396,213101,687,11607,1254,151056,2017,136014,2218,287070,California
Fresno,2021-03-29,5991,415262,1979,186542,3469,216570,543,12150,2891,151426,3076,139090,3446,290516,California
Fresno,2021-03-30,10781,426043,4215,190757,5681,222251,885,13035,4452,150459,6303,145393,5336,295852,California
Fresno,2021-03-31,9260,435303,3323,194080,4954,227205,983,14018,3785,149788,5436,150829,4765,300617,California
Fresno,2021-04-01,11679,446982,4073,198153,6752,233957,854,14872,3928,146872,7656,158485,4740,305357,California
Fresno,2021-04-02,11590,458572,4404,202557,6399,240356,787,15659,4206,144641,7231,165716,5000,310357,California
Fresno,2021-04-03,6181,464753,3375,205932,2555,242911,251,15910,2212,143187,3955,169671,2501,312858,California
Fresno,2021-04-04,1489,466242,533,206465,912,243823,44,15954,560,142871,920,170591,604,313462,California
Fresno,2021-04-05,8287,474529,4466,210931,3025,246848,796,16750,2528,140515,5749,176340,3393,316855,California
Fresno,2021-04-06,9538,484067,4014,214945,4352,251200,1172,17922,3604,139405,5902,182242,4792,321647,California
Fresno,2021-04-07,10298,494365,5310,220255,3806,255006,1182,19104,3554,137458,6710,188952,4763,326410,California
Fresno,2021-04-08,10801,505166,5126,225381,4539,259545,1136,20240,3505,134888,7254,196206,4684,331094,California
Fresno,2021-04-09,10689,515855,5112,230493,4216,263761,1361,21601,3598,132818,7052,203258,4982,336076,California
Fresno,2021-04-10,7834,523689,5144,235637,2170,265931,520,22121,3716,132952,4102,207360,4236,340312,California
Fresno,2021-04-11,1388,525077,928,236565,371,266302,89,22210,448,132555,935,208295,538,340850,California
Fresno,2021-04-12,7122,532199,3768,240333,2450,268752,904,23114,2320,131000,4779,213074,3224,344074,California
Fresno,2021-04-13,8892,541091,4229,244562,4593,273345,70,23184,3490,129283,5368,218442,3651,347725,California
Fresno,2021-04-14,8836,549927,5144,249706,3691,277036,1,23185,3622,127774,5178,223620,3669,351394,California
Fresno,2021-04-15,7832,557759,3643,253349,4186,281222,3,23188,3053,126081,4752,228372,3059,354453,California
Fresno,2021-04-16,8939,566698,4246,257595,4691,285913,2,23190,3831,124849,5070,233442,3838,358291,California
Fresno,2021-04-17,5569,572267,3732,261327,1837,287750,0,23190,2712,124723,2840,236282,2714,361005,California
Fresno,2021-04-18,1020,573287,553,261880,467,288217,0,23190,475,124656,542,236824,475,361480,California
Fresno,2021-04-19,5401,578688,2914,264794,2483,290700,4,23194,2169,123633,3199,240023,2176,363656,California
Fresno,2021-04-20,6807,585495,3312,268106,3487,294187,8,23202,2533,121925,4250,244273,2542,366198,California
Fresno,2021-04-21,6255,591750,3407,271513,2840,297027,8,23210,2584,120875,3646,247919,2596,368794,California
Fresno,2021-04-22,6314,598064,3132,274645,3181,300208,1,23211,2329,119272,3936,251855,2333,371127,California
Fresno,2021-04-23,7005,605069,3761,278406,3225,303433,19,23230,2712,117737,4254,256109,2719,373846,California
Fresno,2021-04-24,4153,609222,2481,280887,1672,305105,0,23230,1956,117509,2184,258293,1956,375802,California
Fresno,2021-04-25,1379,610601,567,281454,810,305915,2,23232,692,117519,683,258976,693,376495,California
Fresno,2021-04-26,3775,614376,1846,283300,1890,307805,39,23271,1598,116999,2155,261131,1635,378130,California
Fresno,2021-04-27,4389,618765,2181,285481,2104,309909,104,23375,1722,116177,2648,263779,1826,379956,California
Fresno,2021-04-28,4688,623453,2622,288103,1946,311855,120,23495,1924,115475,2746,266525,2044,382000,California
Fresno,2021-04-29,4702,628155,2642,290745,1932,313787,128,23623,1732,114394,2941,269466,1860,383860,California
Fresno,2021-04-30,5280,633435,3218,293963,1933,315720,129,23752,2091,113455,3158,272624,2219,386079,California
Fresno,2021-05-01,4165,637600,3452,297415,576,316296,137,23889,1215,111869,2937,275561,1351,387430,California
Fresno,2021-05-02,1245,638845,777,298192,418,316714,50,23939,606,111895,629,276190,655,388085,California
Fresno,2021-05-03,3913,642758,2636,300828,1105,317819,172,24111,1283,110738,2608,278798,1451,389536,California
Fresno,2021-05-04,4609,647367,2320,303148,2152,319971,137,24248,1478,109243,3112,281910,1617,391153,California
Fresno,2021-05-05,3617,650984,2051,305199,1394,321365,172,24420,1046,107903,2552,284462,1212,392365,California
Fresno,2021-05-06,3003,653987,1752,306951,1200,322565,51,24471,975,106923,2006,286468,1026,393391,California
Fresno,2021-05-07,3216,657203,2369,309320,769,323334,78,24549,878,105559,2320,288788,956,394347,California
Glenn,2020-12-17,1,1,1,1,0,0,0,0,1,1,0,0,1,1,California
Glenn,2020-12-19,1,2,1,2,0,0,0,0,1,2,0,0,1,2,California
Glenn,2020-12-20,1,3,1,3,0,0,0,0,1,3,0,0,1,3,California
Glenn,2020-12-21,11,14,11,14,0,0,0,0,11,14,0,0,11,14,California
Glenn,2020-12-22,59,73,59,73,0,0,0,0,59,73,0,0,59,73,California
Glenn,2020-12-23,27,100,27,100,0,0,0,0,27,100,0,0,27,100,California
Glenn,2020-12-24,9,109,9,109,0,0,0,0,9,109,0,0,9,109,California
Glenn,2020-12-26,2,111,2,111,0,0,0,0,2,111,0,0,2,111,California
Glenn,2020-12-27,4,115,4,115,0,0,0,0,4,115,0,0,4,115,California
Glenn,2020-12-28,21,136,21,136,0,0,0,0,21,136,0,0,21,136,California
Glenn,2020-12-29,82,218,82,218,0,0,0,0,82,218,0,0,82,218,California
Glenn,2020-12-30,129,347,106,324,23,23,0,0,129,347,0,0,129,347,California
Glenn,2020-12-31,38,385,9,333,29,52,0,0,38,385,0,0,38,385,California
Glenn,2021-01-02,2,387,2,335,0,52,0,0,2,387,0,0,2,387,California
Glenn,2021-01-04,7,394,5,340,2,54,0,0,7,394,0,0,7,394,California
Glenn,2021-01-05,9,403,8,348,1,55,0,0,9,403,0,0,9,403,California
Glenn,2021-01-06,60,463,8,356,52,107,0,0,60,463,0,0,60,463,California
Glenn,2021-01-07,67,530,12,368,55,162,0,0,65,526,2,2,65,528,California
Glenn,2021-01-08,12,542,9,377,3,165,0,0,12,538,0,2,12,540,California
Glenn,2021-01-10,1,543,1,378,0,165,0,0,0,537,1,3,0,540,California
Glenn,2021-01-11,30,573,30,408,0,165,0,0,12,531,18,21,12,552,California
Glenn,2021-01-12,42,615,37,445,5,170,0,0,14,517,28,49,14,566,California
Glenn,2021-01-13,154,769,89,534,65,235,0,0,110,583,44,93,110,676,California
Glenn,2021-01-14,185,954,96,630,89,324,0,0,175,748,10,103,175,851,California
Glenn,2021-01-15,42,996,34,664,8,332,0,0,37,780,5,108,37,888,California
Glenn,2021-01-16,34,1030,14,678,20,352,0,0,24,794,10,118,24,912,California
Glenn,2021-01-17,4,1034,2,680,2,354,0,0,2,794,2,120,2,914,California
Glenn,2021-01-18,17,1051,16,696,1,355,0,0,9,795,8,128,9,923,California
Glenn,2021-01-19,31,1082,20,716,11,366,0,0,14,792,17,145,14,937,California
Glenn,2021-01-20,163,1245,94,810,69,435,0,0,82,793,81,226,82,1019,California
Glenn,2021-01-21,124,1369,98,908,26,461,0,0,30,729,94,320,30,1049,California
Glenn,2021-01-22,339,1708,65,973,274,735,0,0,332,1054,7,327,332,1381,California
Glenn,2021-01-23,14,1722,7,980,7,742,0,0,12,1064,2,329,12,1393,California
Glenn,2021-01-24,2,1724,2,982,0,742,0,0,2,1066,0,329,2,1395,California
Glenn,2021-01-25,27,1751,9,991,18,760,0,0,24,1087,3,332,24,1419,California
Glenn,2021-01-26,29,1780,13,1004,16,776,0,0,23,1104,6,338,23,1442,California
Glenn,2021-01-27,188,1968,13,1017,175,951,0,0,166,1248,22,360,166,1608,California
Glenn,2021-01-28,146,2114,8,1025,138,1089,0,0,116,1334,30,390,116,1724,California
Glenn,2021-01-29,296,2410,12,1037,284,1373,0,0,282,1602,14,404,282,2006,California
Glenn,2021-01-30,4,2414,0,1037,4,1377,0,0,4,1606,0,404,4,2010,California
Glenn,2021-01-31,1,2415,0,1037,1,1378,0,0,1,1607,0,404,1,2011,California
Glenn,2021-02-01,28,2443,10,1047,18,1396,0,0,16,1611,12,416,16,2027,California
Glenn,2021-02-02,28,2471,13,1060,15,1411,0,0,19,1621,9,425,19,2046,California
Glenn,2021-02-03,207,2678,58,1118,149,1560,0,0,111,1637,96,521,112,2158,California
Glenn,2021-02-04,150,2828,84,1202,66,1626,0,0,45,1577,105,626,45,2203,California
Glenn,2021-02-05,319,3147,24,1226,295,1921,0,0,299,1856,20,646,299,2502,California
Glenn,2021-02-06,14,3161,2,1228,12,1933,0,0,13,1868,1,647,13,2515,California
Glenn,2021-02-07,2,3163,2,1230,0,1933,0,0,2,1870,0,647,2,2517,California
Glenn,2021-02-08,21,3184,17,1247,4,1937,0,0,4,1857,17,664,4,2521,California
Glenn,2021-02-09,49,3233,20,1267,29,1966,0,0,36,1880,13,677,36,2557,California
Glenn,2021-02-10,139,3372,19,1286,120,2086,0,0,65,1871,74,751,65,2622,California
Glenn,2021-02-11,233,3605,133,1419,100,2186,0,0,150,1938,83,834,150,2772,California
Glenn,2021-02-12,420,4025,99,1518,321,2507,0,0,354,2226,66,900,354,3126,California
Glenn,2021-02-13,34,4059,7,1525,27,2534,0,0,16,2224,18,918,16,3142,California
Glenn,2021-02-14,1,4060,0,1525,1,2535,0,0,1,2225,0,918,1,3143,California
Glenn,2021-02-15,8,4068,0,1525,8,2543,0,0,8,2233,0,918,8,3151,California
Glenn,2021-02-16,39,4107,9,1534,30,2573,0,0,21,2236,18,936,21,3172,California
Glenn,2021-02-17,380,4487,15,1549,365,2938,0,0,302,2460,78,1014,302,3474,California
Glenn,2021-02-18,135,4622,100,1649,35,2973,0,0,111,2547,24,1038,111,3585,California
Glenn,2021-02-19,303,4925,17,1666,286,3259,0,0,29,2302,274,1312,29,3614,California
Glenn,2021-02-20,8,4933,0,1666,8,3267,0,0,0,2294,8,1320,0,3614,California
Glenn,2021-02-22,33,4966,14,1680,19,3286,0,0,17,2295,16,1336,17,3631,California
Glenn,2021-02-23,40,5006,10,1690,30,3316,0,0,28,2311,12,1348,28,3659,California
Glenn,2021-02-24,221,5227,15,1705,206,3522,0,0,47,2184,174,1522,47,3706,California
Glenn,2021-02-25,262,5489,148,1853,114,3636,0,0,118,2158,144,1666,118,3824,California
Glenn,2021-02-26,304,5793,24,1877,280,3916,0,0,20,1895,283,1949,20,3844,California
Glenn,2021-02-27,15,5808,5,1882,10,3926,0,0,5,1891,9,1958,5,3849,California
Glenn,2021-02-28,6,5814,3,1885,3,3929,0,0,3,1892,2,1960,3,3852,California
Glenn,2021-03-01,28,5842,6,1891,22,3951,0,0,12,1888,16,1976,12,3864,California
Glenn,2021-03-02,35,5877,7,1898,28,3979,0,0,17,1887,18,1994,17,3881,California
Glenn,2021-03-03,192,6069,37,1935,155,4134,0,0,101,1899,89,2083,101,3982,California
Glenn,2021-03-04,520,6589,175,2110,345,4479,0,0,374,2127,146,2229,374,4356,California
Glenn,2021-03-05,356,6945,48,2158,308,4787,0,0,35,1841,321,2550,35,4391,California
Glenn,2021-03-06,26,6971,3,2161,22,4809,1,1,9,1834,17,2567,10,4401,California
Glenn,2021-03-07,5,6976,0,2161,5,4814,0,1,3,1836,1,2568,3,4404,California
Glenn,2021-03-08,20,6996,2,2163,17,4831,1,2,18,1853,2,2570,19,4423,California
Glenn,2021-03-09,82,7078,11,2174,68,4899,3,5,54,1881,28,2598,56,4479,California
Glenn,2021-03-10,172,7250,68,2242,102,5001,2,7,95,1901,77,2675,97,4576,California
Glenn,2021-03-11,584,7834,170,2412,391,5392,23,30,454,2248,130,2805,477,5053,California
Glenn,2021-03-12,418,8252,14,2426,342,5734,62,92,41,1974,377,3182,103,5156,California
Glenn,2021-03-13,12,8264,1,2427,3,5737,8,100,1,1972,11,3193,9,5165,California
Glenn,2021-03-14,3,8267,1,2428,2,5739,0,100,2,1973,1,3194,2,5167,California
Glenn,2021-03-15,75,8342,15,2443,55,5794,5,105,60,2023,15,3209,65,5232,California
Glenn,2021-03-16,106,8448,33,2476,62,5856,11,116,65,2058,41,3250,76,5308,California
Glenn,2021-03-17,417,8865,97,2573,313,6169,7,123,116,1878,301,3551,121,5429,California
Glenn,2021-03-18,521,9386,215,2788,50,6219,256,379,145,1902,376,3927,400,5829,California
Glenn,2021-03-19,92,9478,16,2804,70,6289,6,385,71,1959,20,3947,77,5906,California
Glenn,2021-03-20,121,9599,1,2805,119,6408,1,386,119,2077,2,3949,120,6026,California
Glenn,2021-03-21,6,9605,5,2810,0,6408,1,387,3,2079,2,3951,4,6030,California
Glenn,2021-03-22,117,9722,54,2864,55,6463,8,395,97,2166,18,3969,105,6135,California
Glenn,2021-03-23,173,9895,66,2930,56,6519,51,446,100,2245,72,4041,151,6286,California
Glenn,2021-03-24,205,10100,99,3029,101,6620,5,451,133,2312,71,4112,138,6424,California
Glenn,2021-03-25,457,10557,227,3256,136,6756,94,545,329,2608,127,4239,423,6847,California
Glenn,2021-03-26,228,10785,36,3292,156,6912,36,581,177,2770,51,4290,213,7060,California
Glenn,2021-03-27,151,10936,22,3314,124,7036,5,586,141,2906,10,4300,146,7206,California
Glenn,2021-03-28,15,10951,10,3324,5,7041,0,586,10,2911,5,4305,10,7216,California
Glenn,2021-03-29,60,11011,20,3344,37,7078,3,589,46,2946,14,4319,49,7265,California
Glenn,2021-03-30,74,11085,42,3386,31,7109,1,590,42,2959,30,4349,43,7308,California
Glenn,2021-03-31,125,11210,35,3421,89,7198,1,591,54,2944,70,4419,55,7363,California
Glenn,2021-04-01,640,11850,183,3604,448,7646,9,600,229,2773,409,4828,238,7601,California
Glenn,2021-04-02,158,12008,25,3629,121,7767,12,612,122,2871,36,4864,134,7735,California
Glenn,2021-04-03,91,12099,4,3633,80,7847,7,619,80,2947,11,4875,87,7822,California
Glenn,2021-04-04,8,12107,3,3636,3,7850,2,621,4,2949,4,4879,6,7828,California
Glenn,2021-04-05,65,12172,25,3661,27,7877,13,634,28,2953,37,4916,41,7869,California
Glenn,2021-04-06,144,12316,52,3713,53,7930,39,673,38,2924,105,5021,76,7945,California
Glenn,2021-04-07,158,12474,46,3759,58,7988,54,727,72,2964,86,5107,126,8071,California
Glenn,2021-04-08,640,13114,189,3948,417,8405,34,761,138,2636,500,5607,172,8243,California
Glenn,2021-04-09,156,13270,57,4005,83,8488,16,777,100,2696,56,5663,116,8359,California
Glenn,2021-04-10,75,13345,1,4006,63,8551,11,788,63,2758,12,5675,74,8433,California
Glenn,2021-04-11,17,13362,8,4014,4,8555,5,793,7,2760,10,5685,12,8445,California
Glenn,2021-04-12,114,13476,25,4039,60,8615,29,822,20,2715,94,5779,49,8494,California
Glenn,2021-04-13,118,13594,63,4102,55,8670,0,822,31,2660,86,5865,31,8525,California
Glenn,2021-04-14,122,13716,47,4149,75,8745,0,822,68,2674,54,5919,68,8593,California
Glenn,2021-04-15,361,14077,275,4424,86,8831,0,822,124,2561,237,6156,124,8717,California
Glenn,2021-04-16,164,14241,40,4464,124,8955,0,822,79,2555,85,6241,79,8796,California
Glenn,2021-04-17,165,14406,17,4481,148,9103,0,822,35,2467,123,6364,35,8831,California
Glenn,2021-04-18,16,14422,3,4484,13,9116,0,822,13,2477,3,6367,13,8844,California
Glenn,2021-04-19,82,14504,17,4501,65,9181,0,822,27,2450,54,6421,27,8871,California
Glenn,2021-04-20,125,14629,81,4582,44,9225,0,822,56,2437,69,6490,56,8927,California
Glenn,2021-04-21,408,15037,305,4887,103,9328,0,822,282,2593,126,6616,282,9209,California
Glenn,2021-04-22,205,15242,45,4932,160,9488,0,822,43,2475,161,6777,43,9252,California
Glenn,2021-04-23,178,15420,24,4956,154,9642,0,822,48,2394,129,6906,48,9300,California
Glenn,2021-04-24,179,15599,32,4988,147,9789,0,822,44,2303,135,7041,44,9344,California
Glenn,2021-04-25,28,15627,16,5004,12,9801,0,822,21,2317,7,7048,21,9365,California
Glenn,2021-04-26,44,15671,9,5013,35,9836,0,822,18,2309,26,7074,18,9383,California
Glenn,2021-04-27,52,15723,39,5052,8,9844,5,827,24,2310,27,7101,28,9411,California
Glenn,2021-04-28,255,15978,177,5229,67,9911,11,838,127,2320,128,7229,138,9549,California
Glenn,2021-04-29,181,16159,22,5251,157,10068,2,840,43,2227,138,7367,45,9594,California
Glenn,2021-04-30,155,16314,34,5285,119,10187,2,842,45,2164,110,7477,47,9641,California
Glenn,2021-05-01,108,16422,13,5298,94,10281,1,843,30,2117,78,7555,31,9672,California
Glenn,2021-05-02,30,16452,12,5310,9,10290,9,852,15,2126,15,7570,24,9696,California
Glenn,2021-05-03,36,16488,23,5333,12,10302,1,853,14,2119,22,7592,15,9711,California
Glenn,2021-05-04,54,16542,31,5364,18,10320,5,858,25,2120,29,7621,30,9741,California
Glenn,2021-05-05,100,16642,17,5381,77,10397,6,864,46,2118,54,7675,52,9793,California
Glenn,2021-05-06,81,16723,21,5402,56,10453,4,868,31,2103,50,7725,35,9828,California
Glenn,2021-05-07,98,16821,16,5418,75,10528,7,875,27,2067,70,7795,34,9862,California
Humboldt,2020-12-15,2,2,2,2,0,0,0,0,2,2,0,0,2,2,California
Humboldt,2020-12-16,15,17,15,17,0,0,0,0,15,17,0,0,15,17,California
Humboldt,2020-12-17,117,134,117,134,0,0,0,0,117,134,0,0,117,134,California
Humboldt,2020-12-18,177,311,177,311,0,0,0,0,177,311,0,0,177,311,California
Humboldt,2020-12-19,10,321,10,321,0,0,0,0,10,321,0,0,10,321,California
Humboldt,2020-12-20,28,349,28,349,0,0,0,0,28,349,0,0,28,349,California
Humboldt,2020-12-21,166,515,166,515,0,0,0,0,166,515,0,0,166,515,California
Humboldt,2020-12-22,296,811,296,811,0,0,0,0,296,811,0,0,296,811,California
Humboldt,2020-12-23,310,1121,262,1073,48,48,0,0,312,1123,0,0,312,1123,California
Humboldt,2020-12-24,25,1146,2,1075,23,71,0,0,25,1148,0,0,25,1148,California
Humboldt,2020-12-25,2,1148,2,1077,0,71,0,0,2,1150,0,0,2,1150,California
Humboldt,2020-12-26,6,1154,5,1082,1,72,0,0,6,1156,0,0,6,1156,California
Humboldt,2020-12-28,156,1310,145,1227,11,83,0,0,156,1312,0,0,156,1312,California
Humboldt,2020-12-29,171,1481,124,1351,47,130,0,0,171,1483,0,0,171,1483,California
Humboldt,2020-12-30,223,1704,124,1475,99,229,0,0,223,1706,0,0,223,1706,California
Humboldt,2020-12-31,242,1946,79,1554,163,392,0,0,242,1948,0,0,242,1948,California
Humboldt,2021-01-01,2,1948,1,1555,1,393,0,0,2,1950,0,0,2,1950,California
Humboldt,2021-01-02,38,1986,1,1556,37,430,0,0,38,1988,0,0,38,1988,California
Humboldt,2021-01-04,217,2203,142,1698,75,505,0,0,218,2206,0,0,218,2206,California
Humboldt,2021-01-05,129,2332,18,1716,111,616,0,0,128,2333,1,1,128,2334,California
Humboldt,2021-01-06,302,2634,204,1920,98,714,0,0,229,2501,61,62,229,2563,California
Humboldt,2021-01-07,419,3053,307,2227,112,826,0,0,305,2707,99,161,305,2868,California
Humboldt,2021-01-08,419,3472,280,2507,139,965,0,0,284,2860,131,292,284,3152,California
Humboldt,2021-01-09,69,3541,45,2552,24,989,0,0,66,2924,3,295,67,3219,California
Humboldt,2021-01-10,84,3625,84,2636,0,989,0,0,4,2848,80,375,4,3223,California
Humboldt,2021-01-11,288,3913,277,2913,11,1000,0,0,72,2708,212,587,72,3295,California
Humboldt,2021-01-12,482,4395,319,3232,163,1163,0,0,298,2844,162,749,298,3593,California
Humboldt,2021-01-13,481,4876,275,3507,206,1369,0,0,304,2975,174,923,305,3898,California
Humboldt,2021-01-14,521,5397,164,3671,357,1726,0,0,465,3385,56,979,466,4364,California
Humboldt,2021-01-15,374,5771,39,3710,335,2061,0,0,357,3725,17,996,357,4721,California
Humboldt,2021-01-16,170,5941,6,3716,164,2225,0,0,169,3893,1,997,169,4890,California
Humboldt,2021-01-17,6,5947,4,3720,2,2227,0,0,6,3899,0,997,6,4896,California
Humboldt,2021-01-18,294,6241,259,3979,35,2262,0,0,144,3893,150,1147,144,5040,California
Humboldt,2021-01-19,625,6866,372,4351,253,2515,0,0,498,4270,121,1268,498,5538,California
Humboldt,2021-01-20,914,7780,404,4755,510,3025,0,0,766,4898,140,1408,768,6306,California
Humboldt,2021-01-21,958,8738,260,5015,698,3723,0,0,916,5772,42,1450,916,7222,California
Humboldt,2021-01-22,675,9413,376,5391,299,4022,0,0,667,6431,8,1458,667,7889,California
Humboldt,2021-01-23,811,10224,271,5662,540,4562,0,0,802,7225,9,1467,803,8692,California
Humboldt,2021-01-24,226,10450,1,5663,225,4787,0,0,225,7449,1,1468,225,8917,California
Humboldt,2021-01-25,304,10754,233,5896,71,4858,0,0,149,7443,155,1623,149,9066,California
Humboldt,2021-01-26,526,11280,141,6037,385,5243,0,0,476,7869,50,1673,476,9542,California
Humboldt,2021-01-27,1260,12540,587,6624,673,5916,0,0,1194,9006,59,1732,1196,10738,California
Humboldt,2021-01-28,1456,13996,634,7258,822,6738,0,0,1320,10195,133,1865,1322,12060,California
Humboldt,2021-01-29,1131,15127,546,7804,585,7323,0,0,707,10479,424,2289,708,12768,California
Humboldt,2021-01-30,974,16101,457,8261,517,7840,0,0,961,11428,13,2302,962,13730,California
Humboldt,2021-01-31,312,16413,311,8572,1,7841,0,0,311,11738,1,2303,311,14041,California
Humboldt,2021-02-01,333,16746,192,8764,141,7982,0,0,189,11784,143,2446,189,14230,California
Humboldt,2021-02-02,444,17190,74,8838,370,8352,0,0,339,12023,102,2548,341,14571,California
Humboldt,2021-02-03,655,17845,257,9095,398,8750,0,0,505,12378,150,2698,505,15076,California
Humboldt,2021-02-04,638,18483,262,9357,376,9126,0,0,441,12625,194,2892,441,15517,California
Humboldt,2021-02-05,810,19293,94,9451,716,9842,0,0,624,13063,186,3078,624,16141,California
Humboldt,2021-02-06,1056,20349,444,9895,612,10454,0,0,1015,14039,40,3118,1016,17157,California
Humboldt,2021-02-07,379,20728,9,9904,370,10824,0,0,374,14410,4,3122,375,17532,California
Humboldt,2021-02-08,325,21053,142,10046,183,11007,0,0,184,14454,140,3262,184,17716,California
Humboldt,2021-02-09,494,21547,220,10266,274,11281,0,0,179,14318,315,3577,179,17895,California
Humboldt,2021-02-10,563,22110,370,10636,193,11474,0,0,232,14224,326,3903,232,18127,California
Humboldt,2021-02-11,1294,23404,393,11029,901,12375,0,0,509,13951,782,4685,509,18636,California
Humboldt,2021-02-12,1147,24551,736,11765,411,12786,0,0,707,14218,440,5125,707,19343,California
Humboldt,2021-02-13,1503,26054,555,12320,948,13734,0,0,914,14545,587,5712,914,20257,California
Humboldt,2021-02-14,112,26166,5,12325,107,13841,0,0,109,14652,2,5714,109,20366,California
Humboldt,2021-02-15,292,26458,78,12403,214,14055,0,0,195,14750,97,5811,195,20561,California
Humboldt,2021-02-16,534,26992,118,12521,416,14471,0,0,253,14723,281,6092,254,20815,California
Humboldt,2021-02-17,453,27445,281,12802,172,14643,0,0,137,14545,315,6407,137,20952,California
Humboldt,2021-02-18,969,28414,596,13398,373,15016,0,0,230,14038,737,7144,230,21182,California
Humboldt,2021-02-19,476,28890,434,13832,42,15058,0,0,89,13743,384,7528,89,21271,California
Humboldt,2021-02-20,1589,30479,979,14811,610,15668,0,0,474,13107,1112,8640,476,21747,California
Humboldt,2021-02-21,479,30958,471,15282,8,15676,0,0,183,12995,296,8936,184,21931,California
Humboldt,2021-02-22,127,31085,92,15374,35,15711,0,0,28,12926,97,9033,28,21959,California
Humboldt,2021-02-23,173,31258,70,15444,103,15814,0,0,40,12835,131,9164,40,21999,California
Humboldt,2021-02-24,1163,32421,704,16148,459,16273,0,0,585,12843,577,9741,585,22584,California
Humboldt,2021-02-25,831,33252,316,16464,515,16788,0,0,228,12470,601,10342,228,22812,California
Humboldt,2021-02-26,2144,35396,106,16570,2038,18826,0,0,450,11233,1688,12030,451,23263,California
Humboldt,2021-02-27,1693,37089,1075,17645,618,19444,0,0,870,11286,821,12851,874,24137,California
Humboldt,2021-02-28,121,37210,11,17656,110,19554,0,0,117,11399,4,12855,117,24254,California
Humboldt,2021-03-01,258,37468,47,17703,211,19765,0,0,183,11507,75,12930,183,24437,California
Humboldt,2021-03-02,286,37754,48,17751,238,20003,0,0,156,11533,130,13060,156,24593,California
Humboldt,2021-03-03,1651,39405,1095,18846,556,20559,0,0,1220,12330,424,13484,1221,25814,California
Humboldt,2021-03-04,889,40294,112,18958,777,21336,0,0,270,11983,619,14103,272,26086,California
Humboldt,2021-03-05,934,41228,183,19141,740,22076,11,11,379,11822,551,14654,390,26476,California
Humboldt,2021-03-06,1698,42926,840,19981,809,22885,49,60,713,11600,984,15638,762,27238,California
Humboldt,2021-03-07,364,43290,296,20277,50,22935,18,78,157,11568,207,15845,175,27413,California
Humboldt,2021-03-08,260,43550,7,20284,175,23110,78,156,166,11718,94,15939,244,27657,California
Humboldt,2021-03-09,471,44021,203,20487,121,23231,147,303,223,11842,246,16185,370,28027,California
Humboldt,2021-03-10,682,44703,466,20953,63,23294,153,456,413,12138,268,16453,564,28591,California
Humboldt,2021-03-11,1443,46146,462,21415,882,24176,99,555,626,12047,815,17268,724,29315,California
Humboldt,2021-03-12,1746,47892,1082,22497,442,24618,222,777,1053,12640,685,17953,1278,30593,California
Humboldt,2021-03-13,1569,49461,1021,23518,496,25114,52,829,678,12485,885,18838,730,31323,California
Humboldt,2021-03-14,142,49603,18,23536,115,25229,9,838,28,12408,114,18952,37,31360,California
Humboldt,2021-03-15,275,49878,51,23587,204,25433,20,858,59,12271,216,19168,79,31439,California
Humboldt,2021-03-16,633,50511,200,23787,173,25606,260,1118,259,12415,373,19541,517,31956,California
Humboldt,2021-03-17,731,51242,397,24184,226,25832,108,1226,338,12469,392,19933,446,32402,California
Humboldt,2021-03-18,1733,52975,1164,25348,526,26358,43,1269,1040,12864,688,20621,1083,33485,California
Humboldt,2021-03-19,1073,54048,58,25406,701,27059,314,1583,439,12985,631,21252,752,34237,California
Humboldt,2021-03-20,1375,55423,751,26157,611,27670,13,1596,428,12482,945,22197,442,34679,California
Humboldt,2021-03-21,247,55670,33,26190,185,27855,29,1625,200,12664,47,22244,229,34908,California
Humboldt,2021-03-22,114,55784,15,26205,49,27904,50,1675,57,12716,55,22299,107,35015,California
Humboldt,2021-03-23,411,56195,41,26246,327,28231,43,1718,320,12990,89,22388,363,35378,California
Humboldt,2021-03-24,1414,57609,389,26635,977,29208,48,1766,1037,13704,369,22757,1083,36461,California
Humboldt,2021-03-25,1831,59440,1206,27841,563,29771,62,1828,946,13829,883,23640,1008,37469,California
Humboldt,2021-03-26,2034,61474,437,28278,1541,31312,56,1884,1593,15041,436,24076,1648,39117,California
Humboldt,2021-03-27,1933,63407,1437,29715,327,31639,169,2053,1065,15411,864,24940,1234,40351,California
Humboldt,2021-03-28,267,63674,81,29796,115,31754,71,2124,85,15386,182,25122,157,40508,California
Humboldt,2021-03-29,467,64141,126,29922,246,32000,95,2219,198,15410,268,25390,292,40800,California
Humboldt,2021-03-30,937,65078,304,30226,520,32520,113,2332,563,15715,370,25760,675,41475,California
Humboldt,2021-03-31,1848,66926,517,30743,1235,33755,96,2428,1396,16760,449,26209,1494,42969,California
Humboldt,2021-04-01,2092,69018,702,31445,1300,35055,90,2518,1478,17721,607,26816,1568,44537,California
Humboldt,2021-04-02,1691,70709,1099,32544,488,35543,104,2622,603,17346,1082,27898,707,45244,California
Humboldt,2021-04-03,1654,72363,1496,34040,142,35685,16,2638,661,17040,983,28881,677,45921,California
Humboldt,2021-04-04,479,72842,369,34409,101,35786,9,2647,405,17381,74,28955,415,46336,California
Humboldt,2021-04-05,757,73599,456,34865,253,36039,48,2695,438,17550,317,29272,486,46822,California
Humboldt,2021-04-06,824,74423,316,35181,374,36413,134,2829,583,18030,235,29507,715,47537,California
Humboldt,2021-04-07,1481,75904,1057,36238,285,36698,139,2968,985,18660,494,30001,1124,48661,California
Humboldt,2021-04-08,1722,77626,1085,37323,479,37177,158,3126,731,18559,990,30991,889,49550,California
Humboldt,2021-04-09,1422,79048,432,37755,838,38015,152,3278,1140,19563,281,31272,1285,50835,California
Humboldt,2021-04-10,926,79974,135,37890,616,38631,175,3453,728,20268,196,31468,901,51736,California
Humboldt,2021-04-11,635,80609,136,38026,33,38664,466,3919,125,20348,510,31978,590,52326,California
Humboldt,2021-04-12,431,81040,224,38250,83,38747,124,4043,275,20591,156,32134,399,52725,California
Humboldt,2021-04-13,581,81621,321,38571,257,39004,3,4046,546,21108,31,32165,548,53273,California
Humboldt,2021-04-14,1420,83041,1030,39601,390,39394,0,4046,1309,22307,110,32275,1309,54582,California
Humboldt,2021-04-15,1809,84850,1194,40795,611,40005,4,4050,1242,23002,549,32824,1244,55826,California
Humboldt,2021-04-16,1118,85968,514,41309,604,40609,0,4050,536,22959,579,33403,536,56362,California
Humboldt,2021-04-17,1595,87563,1274,42583,321,40930,0,4050,1010,23390,579,33982,1010,57372,California
Humboldt,2021-04-18,481,88044,341,42924,140,41070,0,4050,93,23099,384,34366,93,57465,California
Humboldt,2021-04-19,186,88230,83,43007,103,41173,0,4050,71,23057,113,34479,71,57536,California
Humboldt,2021-04-20,476,88706,133,43140,343,41516,0,4050,234,23050,241,34720,234,57770,California
Humboldt,2021-04-21,1079,89785,373,43513,706,42222,0,4050,426,22834,643,35363,427,58197,California
Humboldt,2021-04-22,850,90635,498,44011,350,42572,2,4052,429,22844,419,35782,429,58626,California
Humboldt,2021-04-23,2146,92781,298,44309,1848,44420,0,4052,314,21329,1829,37611,314,58940,California
Humboldt,2021-04-24,1010,93791,875,45184,130,44550,5,4057,349,21024,659,38270,354,59294,California
Humboldt,2021-04-25,373,94164,238,45422,135,44685,0,4057,193,21040,177,38447,193,59487,California
Humboldt,2021-04-26,265,94429,186,45608,76,44761,3,4060,79,20936,184,38631,80,59567,California
Humboldt,2021-04-27,635,95064,192,45800,425,45186,18,4078,126,20573,507,39138,144,59711,California
Humboldt,2021-04-28,1520,96584,788,46588,688,45874,44,4122,395,19889,1123,40261,439,60150,California
Humboldt,2021-04-29,1709,98293,567,47155,1104,46978,38,4160,268,18758,1437,41698,306,60456,California
Humboldt,2021-04-30,1227,99520,384,47539,810,47788,33,4193,194,17956,1027,42725,225,60681,California
Humboldt,2021-05-01,457,99977,378,47917,57,47845,22,4215,284,18090,172,42897,306,60987,California
Humboldt,2021-05-02,227,100204,182,48099,36,47881,9,4224,113,18100,113,43010,123,61110,California
Humboldt,2021-05-03,599,100803,370,48469,206,48087,23,4247,94,17714,503,43513,117,61227,California
Humboldt,2021-05-04,774,101577,467,48936,265,48352,42,4289,229,17442,542,44055,270,61497,California
Humboldt,2021-05-05,1424,103001,911,49847,475,48827,38,4327,133,16325,1286,45341,169,61666,California
Humboldt,2021-05-06,1338,104339,866,50713,248,49075,224,4551,52,15317,1284,46625,276,61942,California
Humboldt,2021-05-07,1018,105357,102,50815,894,49969,22,4573,135,14591,881,47506,155,62097,California
Imperial,2020-12-16,1,1,1,1,0,0,0,0,1,1,0,0,1,1,California
Imperial,2020-12-17,4,5,4,5,0,0,0,0,4,5,0,0,4,5,California
Imperial,2020-12-18,12,17,12,17,0,0,0,0,12,17,0,0,12,17,California
Imperial,2020-12-20,2,19,2,19,0,0,0,0,2,19,0,0,2,19,California
Imperial,2020-12-21,186,205,186,205,0,0,0,0,186,205,0,0,186,205,California
Imperial,2020-12-22,241,446,239,444,2,2,0,0,241,446,0,0,241,446,California
Imperial,2020-12-23,210,656,209,653,1,3,0,0,209,655,0,0,209,655,California
Imperial,2020-12-24,5,661,5,658,0,3,0,0,5,660,0,0,5,660,California
Imperial,2020-12-26,1,662,0,658,1,4,0,0,1,661,0,0,1,661,California
Imperial,2020-12-27,62,724,0,658,62,66,0,0,62,723,0,0,62,723,California
Imperial,2020-12-28,214,938,114,772,100,166,0,0,214,937,0,0,214,937,California
Imperial,2020-12-29,189,1127,36,808,153,319,0,0,189,1126,0,0,189,1126,California
Imperial,2020-12-30,366,1493,50,858,316,635,0,0,366,1492,0,0,366,1492,California
Imperial,2020-12-31,197,1690,26,884,171,806,0,0,197,1689,0,0,197,1689,California
Imperial,2021-01-01,47,1737,5,889,42,848,0,0,47,1736,0,0,47,1736,California
Imperial,2021-01-02,4,1741,0,889,4,852,0,0,4,1740,0,0,4,1740,California
Imperial,2021-01-03,90,1831,0,889,90,942,0,0,90,1830,0,0,90,1830,California
Imperial,2021-01-04,85,1916,5,894,80,1022,0,0,85,1915,0,0,85,1915,California
Imperial,2021-01-05,173,2089,14,908,159,1181,0,0,173,2088,0,0,173,2088,California
Imperial,2021-01-06,190,2279,25,933,165,1346,0,0,189,2276,1,1,189,2277,California
Imperial,2021-01-07,319,2598,9,942,310,1656,0,0,316,2589,3,4,316,2593,California
Imperial,2021-01-08,192,2790,52,994,140,1796,0,0,182,2761,10,14,182,2775,California
Imperial,2021-01-09,24,2814,21,1015,3,1799,0,0,24,2785,0,14,24,2799,California
Imperial,2021-01-10,1,2815,0,1015,1,1800,0,0,1,2786,0,14,1,2800,California
Imperial,2021-01-11,402,3217,243,1258,159,1959,0,0,174,2732,228,242,174,2974,California
Imperial,2021-01-12,404,3621,302,1560,102,2061,0,0,142,2613,261,503,142,3116,California
Imperial,2021-01-13,379,4000,132,1692,247,2308,0,0,280,2794,99,602,280,3396,California
Imperial,2021-01-14,260,4260,151,1843,109,2417,0,0,254,3043,5,607,254,3650,California
Imperial,2021-01-15,241,4501,182,2025,59,2476,0,0,234,3270,7,614,234,3884,California
Imperial,2021-01-16,77,4578,73,2098,4,2480,0,0,76,3345,1,615,76,3960,California
Imperial,2021-01-17,10,4588,2,2100,8,2488,0,0,10,3355,0,615,10,3970,California
Imperial,2021-01-18,1053,5641,399,2499,654,3142,0,0,955,4213,98,713,956,4926,California
Imperial,2021-01-19,165,5806,129,2628,36,3178,0,0,118,4284,47,760,118,5044,California
Imperial,2021-01-20,292,6098,195,2823,97,3275,0,0,254,4500,38,798,254,5298,California
Imperial,2021-01-21,415,6513,183,3006,232,3507,0,0,395,4875,20,818,395,5693,California
Imperial,2021-01-22,457,6970,189,3195,268,3775,0,0,448,5314,9,827,448,6141,California
Imperial,2021-01-23,1041,8011,290,3485,751,4526,0,0,1040,6353,1,828,1040,7181,California
Imperial,2021-01-24,11,8022,4,3489,7,4533,0,0,11,6364,0,828,11,7192,California
Imperial,2021-01-25,213,8235,5,3494,208,4741,0,0,34,6220,178,1006,34,7226,California
Imperial,2021-01-26,360,8595,185,3679,175,4916,0,0,217,6294,143,1149,217,7443,California
Imperial,2021-01-27,570,9165,162,3841,408,5324,0,0,237,6198,333,1482,237,7680,California
Imperial,2021-01-28,632,9797,159,4000,473,5797,0,0,525,6616,107,1589,525,8205,California
Imperial,2021-01-29,424,10221,296,4296,128,5925,0,0,374,6940,50,1639,374,8579,California
Imperial,2021-01-30,56,10277,31,4327,25,5950,0,0,39,6962,17,1656,39,8618,California
Imperial,2021-01-31,17,10294,7,4334,10,5960,0,0,16,6977,1,1657,16,8634,California
Imperial,2021-02-01,420,10714,54,4388,366,6326,0,0,209,6977,209,1866,209,8843,California
Imperial,2021-02-02,680,11394,54,4442,626,6952,0,0,499,7295,181,2047,499,9342,California
Imperial,2021-02-03,457,11851,48,4490,409,7361,0,0,264,7367,192,2239,264,9606,California
Imperial,2021-02-04,1723,13574,1203,5693,520,7881,0,0,1408,8462,313,2552,1408,11014,California
Imperial,2021-02-05,389,13963,241,5934,148,8029,0,0,152,8379,235,2787,152,11166,California
Imperial,2021-02-06,861,14824,838,6772,23,8052,0,0,824,9167,36,2823,824,11990,California
Imperial,2021-02-07,21,14845,9,6781,12,8064,0,0,20,9186,1,2824,20,12010,California
Imperial,2021-02-08,250,15095,42,6823,208,8272,0,0,182,9300,68,2892,182,12192,California
Imperial,2021-02-09,462,15557,146,6969,316,8588,0,0,304,9446,158,3050,304,12496,California
Imperial,2021-02-10,384,15941,56,7025,328,8916,0,0,94,9251,290,3340,95,12591,California
Imperial,2021-02-11,465,16406,259,7284,206,9122,0,0,89,8964,376,3716,89,12680,California
Imperial,2021-02-12,2130,18536,1411,8695,719,9841,0,0,1778,10391,351,4067,1778,14458,California
Imperial,2021-02-13,42,18578,18,8713,24,9865,0,0,34,10418,8,4075,35,14493,California
Imperial,2021-02-14,24,18602,12,8725,12,9877,0,0,21,10436,3,4078,21,14514,California
Imperial,2021-02-15,30,18632,10,8735,20,9897,0,0,23,10452,7,4085,23,14537,California
Imperial,2021-02-16,514,19146,267,9002,247,10144,0,0,293,10524,221,4306,293,14830,California
Imperial,2021-02-17,439,19585,285,9287,154,10298,0,0,83,10251,356,4662,83,14913,California
Imperial,2021-02-18,646,20231,308,9595,338,10636,0,0,140,9887,504,5166,140,15053,California
Imperial,2021-02-19,767,20998,382,9977,385,11021,0,0,192,9505,574,5740,192,15245,California
Imperial,2021-02-20,1039,22037,191,10168,848,11869,0,0,325,9119,713,6453,327,15572,California
Imperial,2021-02-21,588,22625,554,10722,34,11903,0,0,577,9686,10,6463,577,16149,California
Imperial,2021-02-22,807,23432,567,11289,240,12143,0,0,758,10395,49,6512,758,16907,California
Imperial,2021-02-23,960,24392,395,11684,565,12708,0,0,907,11249,53,6565,907,17814,California
Imperial,2021-02-24,700,25092,285,11969,415,13123,0,0,603,11756,96,6661,603,18417,California
Imperial,2021-02-25,817,25909,338,12307,479,13602,0,0,451,11847,365,7026,456,18873,California
Imperial,2021-02-26,1745,27654,1351,13658,394,13996,0,0,1570,13245,173,7199,1571,20444,California
Imperial,2021-02-27,859,28513,810,14468,49,14045,0,0,121,12629,738,7937,122,20566,California
Imperial,2021-02-28,30,28543,20,14488,10,14055,0,0,20,12639,10,7947,20,20586,California
Imperial,2021-03-01,494,29037,295,14783,198,14253,1,1,428,13005,64,8011,430,21016,California
Imperial,2021-03-02,674,29711,247,15030,427,14680,0,1,385,13104,288,8299,387,21403,California
Imperial,2021-03-03,926,30637,48,15078,877,15557,1,2,557,13307,366,8665,569,21972,California
Imperial,2021-03-04,746,31383,76,15154,669,16226,1,3,485,13563,259,8924,515,22487,California
Imperial,2021-03-05,2572,33955,1939,17093,633,16859,0,3,1247,13490,1322,10246,1249,23736,California
Imperial,2021-03-06,690,34645,238,17331,452,17311,0,3,649,14105,38,10284,653,24389,California
Imperial,2021-03-07,75,34720,41,17372,34,17345,0,3,54,14139,21,10305,55,24444,California
Imperial,2021-03-08,415,35135,331,17703,49,17394,35,38,362,14484,52,10357,397,24841,California
Imperial,2021-03-09,681,35816,310,18013,125,17519,246,284,398,14844,283,10640,643,25484,California
Imperial,2021-03-10,684,36500,313,18326,267,17786,104,388,320,14906,363,11003,425,25909,California
Imperial,2021-03-11,1786,38286,477,18803,1117,18903,192,580,1185,15694,600,11603,1388,27297,California
Imperial,2021-03-12,3702,41988,2539,21342,977,19880,186,766,2103,16386,1597,13200,2289,29586,California
Imperial,2021-03-13,1143,43131,92,21434,828,20708,223,989,857,17185,284,13484,1083,30669,California
Imperial,2021-03-14,169,43300,31,21465,126,20834,12,1001,139,17307,30,13514,152,30821,California
Imperial,2021-03-15,671,43971,214,21679,198,21032,259,1260,374,17645,295,13809,633,31454,California
Imperial,2021-03-16,1070,45041,275,21954,341,21373,454,1714,533,18096,535,14344,986,32440,California
Imperial,2021-03-17,1571,46612,689,22643,745,22118,137,1851,992,18650,576,14920,1130,33570,California
Imperial,2021-03-18,1779,48391,1176,23819,543,22661,60,1911,1251,19437,526,15446,1313,34883,California
Imperial,2021-03-19,3338,51729,2446,26265,888,23549,4,1915,1501,19114,1829,17275,1506,36389,California
Imperial,2021-03-20,864,52593,550,26815,309,23858,5,1920,420,19105,440,17715,431,36820,California
Imperial,2021-03-21,217,52810,35,26850,178,24036,4,1924,159,19214,58,17773,167,36987,California
Imperial,2021-03-22,1046,53856,339,27189,700,24736,7,1931,622,19422,423,18196,631,37618,California
Imperial,2021-03-23,1390,55246,411,27600,972,25708,7,1938,890,19824,497,18693,899,38517,California
Imperial,2021-03-24,1870,57116,542,28142,901,26609,427,2365,899,20181,968,19661,1325,39842,California
Imperial,2021-03-25,2899,60015,506,28648,884,27493,1509,3874,1017,20822,1878,21539,2519,42361,California
Imperial,2021-03-26,2488,62503,881,29529,736,28229,871,4745,776,20765,1705,23244,1648,44009,California
Imperial,2021-03-27,596,63099,282,29811,262,28491,52,4797,436,21096,157,23401,488,44497,California
Imperial,2021-03-28,208,63307,51,29862,155,28646,2,4799,171,21233,36,23437,173,44670,California
Imperial,2021-03-29,1213,64520,348,30210,391,29037,474,5273,317,21131,894,24331,792,45462,California
Imperial,2021-03-30,1819,66339,675,30885,592,29629,552,5825,675,21215,1144,25475,1228,46690,California
Imperial,2021-03-31,1521,67860,712,31597,804,30433,5,5830,1005,21710,514,25989,1009,47699,California
Imperial,2021-04-01,1892,69752,399,31996,1251,31684,242,6072,815,21695,1071,27060,1056,48755,California
Imperial,2021-04-02,1264,71016,450,32446,740,32424,74,6146,749,22004,513,27573,822,49577,California
Imperial,2021-04-03,1494,72510,407,32853,1008,33432,79,6225,686,21964,805,28378,765,50342,California
Imperial,2021-04-04,84,72594,40,32893,28,33460,16,6241,25,21946,59,28437,41,50383,California
Imperial,2021-04-05,2112,74706,1281,34174,764,34224,67,6308,402,20713,1703,30140,470,50853,California
Imperial,2021-04-06,1294,76000,526,34700,579,34803,189,6497,681,20974,610,30750,871,51724,California
Imperial,2021-04-07,2148,78148,549,35249,1223,36026,376,6873,1538,22281,607,31357,1914,53638,California
Imperial,2021-04-08,2184,80332,1070,36319,820,36846,294,7167,1076,22544,1105,32462,1368,55006,California
Imperial,2021-04-09,2146,82478,634,36953,896,37742,616,7783,836,22689,1306,33768,1451,56457,California
Imperial,2021-04-10,1276,83754,184,37137,821,38563,271,8054,215,22114,1059,34827,484,56941,California
Imperial,2021-04-11,218,83972,30,37167,156,38719,32,8086,75,22078,143,34970,107,57048,California
Imperial,2021-04-12,1397,85369,761,37928,430,39149,206,8292,793,22479,600,35570,1001,58049,California
Imperial,2021-04-13,2269,87638,1446,39374,821,39970,2,8294,1592,23399,673,36243,1593,59642,California
Imperial,2021-04-14,2008,89646,940,40314,1068,41038,0,8294,1420,24237,583,36826,1421,61063,California
Imperial,2021-04-15,1966,91612,908,41222,1058,42096,0,8294,1378,25033,584,37410,1380,62443,California
Imperial,2021-04-16,2202,93814,1099,42321,1103,43199,0,8294,1314,25464,883,38293,1314,63757,California
Imperial,2021-04-17,1795,95609,926,43247,867,44066,2,8296,1412,26501,378,38671,1415,65172,California
Imperial,2021-04-18,250,95859,69,43316,181,44247,0,8296,90,26432,159,38830,90,65262,California
Imperial,2021-04-19,800,96659,250,43566,550,44797,0,8296,461,26559,338,39168,465,65727,California
Imperial,2021-04-20,1296,97955,513,44079,783,45580,0,8296,757,26780,536,39704,757,66484,California
Imperial,2021-04-21,1347,99302,324,44403,1023,46603,0,8296,807,27050,537,40241,807,67291,California
Imperial,2021-04-22,1985,101287,772,45175,1213,47816,0,8296,1406,27887,571,40812,1408,68699,California
Imperial,2021-04-23,1499,102786,400,45575,1099,48915,0,8296,852,28103,640,41452,856,69555,California
Imperial,2021-04-24,528,103314,313,45888,215,49130,0,8296,203,27983,323,41775,203,69758,California
Imperial,2021-04-25,263,103577,96,45984,167,49297,0,8296,135,27991,127,41902,135,69893,California
Imperial,2021-04-26,984,104561,435,46419,546,49843,3,8299,652,28315,331,42233,655,70548,California
Imperial,2021-04-27,919,105480,338,46757,573,50416,8,8307,475,28354,444,42677,483,71031,California
Imperial,2021-04-28,1303,106783,595,47352,682,51098,26,8333,628,28337,671,43348,654,71685,California
Imperial,2021-04-29,1693,108476,823,48175,846,51944,24,8357,770,28216,916,44264,795,72480,California
Imperial,2021-04-30,1420,109896,728,48903,662,52606,30,8387,1022,28875,393,44657,1052,73532,California
Imperial,2021-05-01,302,110198,116,49019,184,52790,2,8389,154,28884,148,44805,157,73689,California
Imperial,2021-05-02,82,110280,24,49043,56,52846,2,8391,53,28911,29,44834,56,73745,California
Imperial,2021-05-03,1552,111832,546,49589,962,53808,44,8435,354,28119,1191,46025,399,74144,California
Imperial,2021-05-04,1514,113346,775,50364,717,54525,22,8457,499,27630,1011,47036,522,74666,California
Imperial,2021-05-05,1154,114500,714,51078,423,54948,17,8474,393,27288,752,47788,410,75076,California
Imperial,2021-05-06,1199,115699,891,51969,284,55232,24,8498,514,27143,683,48471,538,75614,California
Imperial,2021-05-07,1149,116848,779,52748,339,55571,31,8529,547,27124,597,49068,578,76192,California
Inyo,2020-12-19,85,85,85,85,0,0,0,0,85,85,0,0,85,85,California
Inyo,2020-12-20,58,143,58,143,0,0,0,0,58,143,0,0,58,143,California
Inyo,2020-12-21,88,231,85,228,3,3,0,0,88,231,0,0,88,231,California
Inyo,2020-12-22,105,336,105,333,0,3,0,0,105,336,0,0,105,336,California
Inyo,2020-12-23,70,406,67,400,3,6,0,0,70,406,0,0,70,406,California
Inyo,2020-12-24,16,422,16,416,0,6,0,0,16,422,0,0,16,422,California
Inyo,2020-12-25,1,423,0,416,1,7,0,0,1,423,0,0,1,423,California
Inyo,2020-12-26,74,497,74,490,0,7,0,0,74,497,0,0,74,497,California
Inyo,2020-12-28,48,545,36,526,12,19,0,0,48,545,0,0,48,545,California
Inyo,2020-12-29,19,564,19,545,0,19,0,0,19,564,0,0,19,564,California
Inyo,2020-12-30,56,620,54,599,2,21,0,0,56,620,0,0,56,620,California
Inyo,2020-12-31,29,649,0,599,29,50,0,0,29,649,0,0,29,649,California
Inyo,2021-01-01,1,650,0,599,1,51,0,0,1,650,0,0,1,650,California
Inyo,2021-01-03,1,651,0,599,1,52,0,0,1,651,0,0,1,651,California
Inyo,2021-01-04,2,653,1,600,1,53,0,0,2,653,0,0,2,653,California
Inyo,2021-01-05,34,687,0,600,34,87,0,0,34,687,0,0,34,687,California
Inyo,2021-01-06,68,755,0,600,68,155,0,0,68,755,0,0,68,755,California
Inyo,2021-01-07,31,786,1,601,30,185,0,0,31,786,0,0,31,786,California
Inyo,2021-01-08,9,795,8,609,1,186,0,0,4,786,5,5,5,791,California
Inyo,2021-01-09,87,882,86,695,1,187,0,0,1,701,86,91,1,792,California
Inyo,2021-01-10,52,934,52,747,0,187,0,0,0,649,52,143,0,792,California
Inyo,2021-01-11,97,1031,82,829,15,202,0,0,16,584,81,224,16,808,California
Inyo,2021-01-12,139,1170,118,947,21,223,0,0,28,501,111,335,28,836,California
Inyo,2021-01-13,86,1256,68,1015,18,241,0,0,21,458,65,400,22,858,California
Inyo,2021-01-14,59,1315,13,1028,46,287,0,0,49,497,10,410,49,907,California
Inyo,2021-01-15,163,1478,28,1056,135,422,0,0,163,660,0,410,163,1070,California
Inyo,2021-01-16,74,1552,73,1129,1,423,0,0,1,588,73,483,1,1071,California
Inyo,2021-01-18,58,1610,36,1165,22,445,0,0,19,568,39,522,19,1090,California
Inyo,2021-01-19,115,1725,72,1237,43,488,0,0,98,649,17,539,98,1188,California
Inyo,2021-01-20,147,1872,71,1308,76,564,0,0,93,688,54,593,93,1281,California
Inyo,2021-01-21,121,1993,57,1365,64,628,0,0,120,807,1,594,120,1401,California
Inyo,2021-01-22,62,2055,0,1365,62,690,0,0,61,867,1,595,61,1462,California
Inyo,2021-01-23,52,2107,52,1417,0,690,0,0,52,919,0,595,52,1514,California
Inyo,2021-01-25,49,2156,6,1423,43,733,0,0,37,944,12,607,37,1551,California
Inyo,2021-01-26,135,2291,54,1477,81,814,0,0,129,1067,6,613,129,1680,California
Inyo,2021-01-27,24,2315,2,1479,22,836,0,0,23,1089,1,614,23,1703,California
Inyo,2021-01-28,92,2407,2,1481,90,926,0,0,63,1123,29,643,63,1766,California
Inyo,2021-01-29,25,2432,3,1484,22,948,0,0,23,1144,2,645,23,1789,California
Inyo,2021-01-30,11,2443,1,1485,10,958,0,0,11,1155,0,645,11,1800,California
Inyo,2021-01-31,32,2475,4,1489,28,986,0,0,4,1131,28,673,4,1804,California
Inyo,2021-02-01,11,2486,9,1498,2,988,0,0,1,1122,10,683,1,1805,California
Inyo,2021-02-02,130,2616,14,1512,116,1104,0,0,104,1200,26,709,104,1909,California
Inyo,2021-02-03,116,2732,0,1512,116,1220,0,0,74,1232,42,751,74,1983,California
Inyo,2021-02-04,149,2881,31,1543,118,1338,0,0,90,1263,59,810,90,2073,California
Inyo,2021-02-05,118,2999,62,1605,56,1394,0,0,116,1377,2,812,116,2189,California
Inyo,2021-02-06,4,3003,2,1607,2,1396,0,0,3,1379,1,813,3,2192,California
Inyo,2021-02-07,4,3007,2,1609,2,1398,0,0,4,1383,0,813,4,2196,California
Inyo,2021-02-08,117,3124,7,1616,110,1508,0,0,97,1460,20,833,97,2293,California
Inyo,2021-02-09,194,3318,51,1667,143,1651,0,0,123,1512,71,904,123,2416,California
Inyo,2021-02-10,143,3461,18,1685,125,1776,0,0,109,1587,34,938,109,2525,California
Inyo,2021-02-11,220,3681,56,1741,164,1940,0,0,126,1619,94,1032,126,2651,California
Inyo,2021-02-12,299,3980,51,1792,248,2188,0,0,167,1654,132,1164,167,2818,California
Inyo,2021-02-13,60,4040,55,1847,5,2193,0,0,8,1610,52,1216,8,2826,California
Inyo,2021-02-14,1,4041,0,1847,1,2194,0,0,1,1611,0,1216,1,2827,California
Inyo,2021-02-15,29,4070,9,1856,20,2214,0,0,5,1592,24,1240,5,2832,California
Inyo,2021-02-16,180,4250,50,1906,130,2344,0,0,92,1597,87,1327,92,2924,California
Inyo,2021-02-17,37,4287,4,1910,33,2377,0,0,7,1574,30,1357,7,2931,California
Inyo,2021-02-18,123,4410,6,1916,117,2494,0,0,79,1609,44,1401,79,3010,California
Inyo,2021-02-19,52,4462,4,1920,48,2542,0,0,9,1575,43,1444,9,3019,California
Inyo,2021-02-20,504,4966,500,2420,4,2546,0,0,502,2075,2,1446,502,3521,California
Inyo,2021-02-21,267,5233,267,2687,0,2546,0,0,267,2342,0,1446,267,3788,California
Inyo,2021-02-22,61,5294,19,2706,42,2588,0,0,27,2335,34,1480,27,3815,California
Inyo,2021-02-23,198,5492,20,2726,178,2766,0,0,94,2326,103,1583,94,3909,California
Inyo,2021-02-24,118,5610,0,2726,118,2884,0,0,57,2322,61,1644,57,3966,California
Inyo,2021-02-25,130,5740,3,2729,127,3011,0,0,62,2316,68,1712,62,4028,California
Inyo,2021-02-26,104,5844,61,2790,43,3054,0,0,19,2250,85,1797,19,4047,California
Inyo,2021-02-27,15,5859,4,2794,11,3065,0,0,3,2241,12,1809,3,4050,California
Inyo,2021-02-28,3,5862,1,2795,2,3067,0,0,2,2242,1,1810,2,4052,California
Inyo,2021-03-01,20,5882,2,2797,18,3085,0,0,17,2256,3,1813,17,4069,California
Inyo,2021-03-02,196,6078,1,2798,195,3280,0,0,111,2282,85,1898,111,4180,California
Inyo,2021-03-03,83,6161,2,2800,81,3361,0,0,40,2279,43,1941,40,4220,California
Inyo,2021-03-04,128,6289,4,2804,124,3485,0,0,46,2243,82,2023,46,4266,California
Inyo,2021-03-05,141,6430,56,2860,85,3570,0,0,38,2178,103,2126,38,4304,California
Inyo,2021-03-06,31,6461,1,2861,30,3600,0,0,30,2207,1,2127,30,4334,California
Inyo,2021-03-07,7,6468,4,2865,3,3603,0,0,5,2210,2,2129,5,4339,California
Inyo,2021-03-08,182,6650,5,2870,177,3780,0,0,91,2210,91,2220,91,4430,California
Inyo,2021-03-09,187,6837,2,2872,185,3965,0,0,71,2165,116,2336,71,4501,California
Inyo,2021-03-10,70,6907,8,2880,61,4026,1,1,30,2156,40,2376,31,4532,California
Inyo,2021-03-11,203,7110,1,2881,197,4223,5,6,73,2104,130,2506,78,4610,California
Inyo,2021-03-12,175,7285,4,2885,166,4389,5,11,77,2088,98,2604,82,4692,California
Inyo,2021-03-13,576,7861,541,3426,25,4414,10,21,77,1677,498,3102,87,4779,California
Inyo,2021-03-14,431,8292,430,3856,1,4415,0,21,168,1583,262,3364,168,4947,California
Inyo,2021-03-15,51,8343,15,3871,34,4449,2,23,30,1594,21,3385,32,4979,California
Inyo,2021-03-16,163,8506,4,3875,153,4602,6,29,63,1564,99,3484,69,5048,California
Inyo,2021-03-17,107,8613,3,3878,97,4699,7,36,92,1648,15,3499,99,5147,California
Inyo,2021-03-18,184,8797,15,3893,162,4861,7,43,103,1677,81,3580,110,5257,California
Inyo,2021-03-19,46,8843,4,3897,38,4899,4,47,36,1707,10,3590,40,5297,California
Inyo,2021-03-20,20,8863,1,3898,10,4909,9,56,1,1698,19,3609,10,5307,California
Inyo,2021-03-22,59,8922,2,3900,52,4961,5,61,39,1722,20,3629,44,5351,California
Inyo,2021-03-23,194,9116,4,3904,186,5147,4,65,104,1740,90,3719,108,5459,California
Inyo,2021-03-24,140,9256,3,3907,133,5280,4,69,87,1778,53,3772,91,5550,California
Inyo,2021-03-25,325,9581,104,4011,217,5497,4,73,259,1975,66,3838,263,5813,California
Inyo,2021-03-26,91,9672,3,4014,84,5581,4,77,71,2030,20,3858,75,5888,California
Inyo,2021-03-27,52,9724,44,4058,5,5586,3,80,46,2073,6,3864,49,5937,California
Inyo,2021-03-28,4,9728,1,4059,2,5588,1,81,1,2072,3,3867,2,5939,California
Inyo,2021-03-29,109,9837,2,4061,102,5690,5,86,82,2133,26,3893,87,6026,California
Inyo,2021-03-30,211,10048,2,4063,204,5894,5,91,101,2129,110,4003,106,6132,California
Inyo,2021-03-31,148,10196,4,4067,139,6033,5,96,107,2200,41,4044,112,6244,California
Inyo,2021-04-01,163,10359,4,4071,158,6191,1,97,114,2266,49,4093,115,6359,California
Inyo,2021-04-02,80,10439,1,4072,77,6268,2,99,51,2290,29,4122,53,6412,California
Inyo,2021-04-03,94,10533,47,4119,33,6301,14,113,6,2223,86,4208,19,6431,California
Inyo,2021-04-04,5,10538,4,4123,0,6301,1,114,1,2221,4,4212,2,6433,California
Inyo,2021-04-05,117,10655,1,4124,112,6413,4,118,29,2166,88,4300,33,6466,California
Inyo,2021-04-06,236,10891,6,4130,167,6580,63,181,105,2203,131,4431,168,6634,California
Inyo,2021-04-07,200,11091,2,4132,72,6652,126,307,45,2218,156,4587,171,6805,California
Inyo,2021-04-08,177,11268,15,4147,145,6797,17,324,80,2218,97,4684,97,6902,California
Inyo,2021-04-09,125,11393,7,4154,95,6892,23,347,38,2193,86,4770,61,6963,California
Inyo,2021-04-10,42,11435,1,4155,24,6916,17,364,3,2174,39,4809,20,6983,California
Inyo,2021-04-11,1,11436,0,4155,1,6917,0,364,1,2175,0,4809,1,6984,California
Inyo,2021-04-12,80,11516,0,4155,75,6992,5,369,41,2182,39,4848,46,7030,California
Inyo,2021-04-13,119,11635,3,4158,113,7105,3,372,61,2189,57,4905,64,7094,California
Inyo,2021-04-14,121,11756,1,4159,120,7225,0,372,37,2142,84,4989,37,7131,California
Inyo,2021-04-15,273,12029,114,4273,159,7384,0,372,83,2035,190,5179,83,7214,California
Inyo,2021-04-16,49,12078,6,4279,43,7427,0,372,21,2028,28,5207,21,7235,California
Inyo,2021-04-17,2,12080,1,4280,1,7428,0,372,1,2028,1,5208,1,7236,California
Inyo,2021-04-19,130,12210,43,4323,87,7515,0,372,44,1986,86,5294,44,7280,California
Inyo,2021-04-20,164,12374,3,4326,161,7676,0,372,81,1984,83,5377,81,7361,California
Inyo,2021-04-21,113,12487,4,4330,109,7785,0,372,32,1935,81,5458,32,7393,California
Inyo,2021-04-22,196,12683,1,4331,195,7980,0,372,52,1843,144,5602,52,7445,California
Inyo,2021-04-23,95,12778,4,4335,91,8071,0,372,22,1792,73,5675,22,7467,California
Inyo,2021-04-24,310,13088,309,4644,1,8072,0,372,305,2092,5,5680,305,7772,California
Inyo,2021-04-25,135,13223,134,4778,1,8073,0,372,135,2227,0,5680,135,7907,California
Inyo,2021-04-26,67,13290,0,4778,66,8139,1,373,8,2177,59,5739,9,7916,California
Inyo,2021-04-27,161,13451,7,4785,149,8288,5,378,47,2115,114,5853,52,7968,California
Inyo,2021-04-28,121,13572,2,4787,117,8405,2,380,20,2036,101,5954,22,7990,California
Inyo,2021-04-29,172,13744,56,4843,116,8521,0,380,79,2023,92,6046,79,8069,California
Inyo,2021-04-30,84,13828,4,4847,79,8600,1,381,24,1988,60,6106,25,8094,California
Inyo,2021-05-01,11,13839,3,4850,8,8608,0,381,9,1995,2,6108,9,8103,California
Inyo,2021-05-02,7,13846,3,4853,2,8610,2,383,4,1998,3,6111,6,8109,California
Inyo,2021-05-03,38,13884,1,4854,33,8643,4,387,5,1974,33,6144,9,8118,California
Inyo,2021-05-04,120,14004,1,4855,113,8756,6,393,22,1904,98,6242,28,8146,California
Inyo,2021-05-05,6,14010,0,4855,4,8760,2,395,4,1908,2,6244,6,8152,California
Inyo,2021-05-06,71,14081,5,4860,59,8819,7,402,6,1856,65,6309,13,8165,California
Inyo,2021-05-07,9,14090,2,4862,5,8824,2,404,4,1857,5,6314,6,8171,California
Kern,2020-12-15,1,1,1,1,0,0,0,0,1,1,0,0,1,1,California
Kern,2020-12-16,18,19,18,19,0,0,0,0,18,19,0,0,18,19,California
Kern,2020-12-17,163,182,163,182,0,0,0,0,163,182,0,0,163,182,California
Kern,2020-12-18,322,504,322,504,0,0,0,0,322,504,0,0,322,504,California
Kern,2020-12-19,98,602,98,602,0,0,0,0,99,603,0,0,99,603,California
Kern,2020-12-20,61,663,61,663,0,0,0,0,61,664,0,0,61,664,California
Kern,2020-12-21,671,1334,670,1333,1,1,0,0,671,1335,0,0,671,1335,California
Kern,2020-12-22,531,1865,528,1861,3,4,0,0,531,1866,0,0,531,1866,California
Kern,2020-12-23,556,2421,418,2279,138,142,0,0,556,2422,0,0,556,2422,California
Kern,2020-12-24,122,2543,43,2322,79,221,0,0,122,2544,0,0,122,2544,California
Kern,2020-12-25,1,2544,1,2323,0,221,0,0,1,2545,0,0,1,2545,California
Kern,2020-12-26,33,2577,1,2324,32,253,0,0,33,2578,0,0,33,2578,California
Kern,2020-12-27,35,2612,3,2327,32,285,0,0,35,2613,0,0,35,2613,California
Kern,2020-12-28,825,3437,661,2988,164,449,0,0,825,3438,0,0,825,3438,California
Kern,2020-12-29,745,4182,452,3440,293,742,0,0,744,4181,1,1,744,4182,California
Kern,2020-12-30,1203,5385,910,4350,293,1035,0,0,1203,5384,0,1,1203,5385,California
Kern,2020-12-31,277,5662,99,4449,178,1213,0,0,277,5661,0,1,277,5662,California
Kern,2021-01-01,13,5675,6,4455,7,1220,0,0,13,5674,0,1,13,5675,California
Kern,2021-01-02,78,5753,18,4473,60,1280,0,0,78,5752,0,1,78,5753,California
Kern,2021-01-03,23,5776,4,4477,19,1299,0,0,23,5775,0,1,23,5776,California
Kern,2021-01-04,554,6330,360,4837,194,1493,0,0,554,6329,0,1,554,6330,California
Kern,2021-01-05,1132,7462,737,5574,395,1888,0,0,1120,7437,12,13,1120,7450,California
Kern,2021-01-06,1167,8629,456,6030,711,2599,0,0,1137,8544,30,43,1137,8587,California
Kern,2021-01-07,1406,10035,493,6523,913,3512,0,0,1238,9615,167,210,1238,9825,California
Kern,2021-01-08,1628,11663,768,7291,860,4372,0,0,1330,10647,299,509,1331,11156,California
Kern,2021-01-09,226,11889,77,7368,149,4521,0,0,192,10805,34,543,192,11348,California
Kern,2021-01-10,195,12084,148,7516,47,4568,0,0,154,10918,41,584,154,11502,California
Kern,2021-01-11,1556,13640,984,8500,572,5140,0,0,1001,11364,555,1139,1001,12503,California
Kern,2021-01-12,1868,15508,810,9310,1058,6198,0,0,1357,12210,511,1650,1357,13860,California
Kern,2021-01-13,1853,17361,870,10180,983,7181,0,0,1432,13221,421,2071,1432,15292,California
Kern,2021-01-14,2183,19544,645,10825,1538,8719,0,0,2138,15313,46,2117,2138,17430,California
Kern,2021-01-15,2706,22250,858,11683,1848,10567,0,0,2609,17828,95,2212,2610,20040,California
Kern,2021-01-16,671,22921,213,11896,458,11025,0,0,636,18429,35,2247,636,20676,California
Kern,2021-01-17,73,22994,7,11903,66,11091,0,0,71,18498,2,2249,71,20747,California
Kern,2021-01-18,1645,24639,659,12562,986,12077,0,0,1477,19807,168,2417,1477,22224,California
Kern,2021-01-19,1853,26492,1034,13596,819,12896,0,0,1386,20727,467,2884,1387,23611,California
Kern,2021-01-20,2554,29046,1619,15215,935,13831,0,0,1853,21886,696,3580,1855,25466,California
Kern,2021-01-21,2168,31214,922,16137,1246,15077,0,0,1972,23663,195,3775,1972,27438,California
Kern,2021-01-22,2711,33925,1292,17429,1419,16496,0,0,2434,25821,276,4051,2434,29872,California
Kern,2021-01-23,1245,35170,535,17964,710,17206,0,0,1199,26974,46,4097,1199,31071,California
Kern,2021-01-24,160,35330,18,17982,142,17348,0,0,154,27122,6,4103,154,31225,California
Kern,2021-01-25,2385,37715,1086,19068,1299,18647,0,0,1901,28541,483,4586,1902,33127,California
Kern,2021-01-26,2767,40482,1126,20194,1641,20288,0,0,1911,29597,855,5441,1911,35038,California
Kern,2021-01-27,3558,44040,1901,22095,1657,21945,0,0,2858,31758,697,6138,2858,37896,California
Kern,2021-01-28,2862,46902,1353,23448,1509,23454,0,0,2429,33762,428,6566,2432,40328,California
Kern,2021-01-29,3770,50672,1805,25253,1965,25419,0,0,3226,36447,541,7107,3226,43554,California
Kern,2021-01-30,1325,51997,497,25750,828,26247,0,0,1277,37678,46,7153,1277,44831,California
Kern,2021-01-31,403,52400,276,26026,127,26374,0,0,268,37811,135,7288,268,45099,California
Kern,2021-02-01,2409,54809,818,26844,1591,27965,0,0,1858,39122,548,7836,1859,46958,California
Kern,2021-02-02,2922,57731,973,27817,1949,29914,0,0,2060,40321,862,8698,2061,49019,California
Kern,2021-02-03,3657,61388,1548,29365,2109,32023,0,0,2688,42047,962,9660,2688,51707,California
Kern,2021-02-04,3803,65191,1452,30817,2351,34374,0,0,2588,43431,1204,10864,2588,54295,California
Kern,2021-02-05,4847,70038,1988,32805,2859,37233,0,0,3088,44779,1740,12604,3088,57383,California
Kern,2021-02-06,1734,71772,766,33571,968,38201,0,0,1510,46068,221,12825,1510,58893,California
Kern,2021-02-07,283,72055,151,33722,132,38333,0,0,267,46321,14,12839,267,59160,California
Kern,2021-02-08,2562,74617,788,34510,1774,40107,0,0,1253,46284,1291,14130,1254,60414,California
Kern,2021-02-09,3039,77656,988,35498,2051,42158,0,0,1468,46189,1563,15693,1468,61882,California
Kern,2021-02-10,3784,81440,1657,37155,2127,44285,0,0,1870,46162,1898,17591,1871,63753,California
Kern,2021-02-11,4257,85697,1536,38691,2721,47006,0,0,2224,46367,2020,19611,2225,65978,California
Kern,2021-02-12,4951,90648,1892,40583,3059,50065,0,0,2479,46388,2458,22069,2479,68457,California
Kern,2021-02-13,2009,92657,727,41310,1282,51347,0,0,1166,46713,841,22910,1166,69623,California
Kern,2021-02-14,351,93008,12,41322,339,51686,0,0,270,46903,80,22990,270,69893,California
Kern,2021-02-15,2736,95744,889,42211,1847,53533,0,0,1204,46584,1523,24513,1204,71097,California
Kern,2021-02-16,2944,98688,720,42931,2224,55757,0,0,1655,46961,1279,25792,1656,72753,California
Kern,2021-02-17,4067,102755,2077,45008,1990,57747,0,0,1928,46756,2134,27926,1929,74682,California
Kern,2021-02-18,3751,106506,1481,46489,2270,60017,0,0,1616,46250,2122,30048,1616,76298,California
Kern,2021-02-19,4196,110702,1915,48404,2281,62298,0,0,1737,45536,2451,32499,1737,78035,California
Kern,2021-02-20,2570,113272,967,49371,1603,63901,0,0,1339,45647,1228,33727,1339,79374,California
Kern,2021-02-21,249,113521,143,49514,106,64007,0,0,86,45572,161,33888,86,79460,California
Kern,2021-02-22,2657,116178,1148,50662,1509,65516,0,0,1424,45768,1228,35116,1424,80884,California
Kern,2021-02-23,3542,119720,1121,51783,2421,67937,0,0,1975,46179,1565,36681,1976,82860,California
Kern,2021-02-24,5165,124885,2268,54051,2897,70834,0,0,3079,47176,2082,38763,3079,85939,California
Kern,2021-02-25,5357,130242,2449,56500,2908,73742,0,0,3179,48196,2159,40922,3179,89118,California
Kern,2021-02-26,6885,137127,3519,60019,3366,77108,0,0,4359,50037,2519,43441,4360,93478,California
Kern,2021-02-27,3855,140982,1895,61914,1960,79068,0,0,2519,51227,1329,44770,2519,95997,California
Kern,2021-02-28,908,141890,498,62412,409,79477,1,1,689,51700,217,44987,690,96687,California
Kern,2021-03-01,3991,145881,1808,64220,2180,81657,3,4,2692,53104,1291,46278,2695,99382,California
Kern,2021-03-02,4374,150255,1376,65596,2997,84654,1,5,2868,54477,1495,47773,2868,102250,California
Kern,2021-03-03,5802,156057,2700,68296,3102,87756,0,5,3715,56121,2073,49846,3717,105967,California
Kern,2021-03-04,5553,161610,2161,70457,3389,91145,3,8,3558,57700,1981,51827,3560,109527,California
Kern,2021-03-05,6466,168076,2667,73124,3781,94926,18,26,4042,59344,2416,54243,4060,113587,California
Kern,2021-03-06,4713,172789,1912,75036,2700,97626,101,127,3446,61631,1259,55502,3546,117133,California
Kern,2021-03-07,2045,174834,1585,76621,411,98037,49,176,1854,63344,190,55692,1903,119036,California
Kern,2021-03-08,2814,177648,856,77477,1745,99782,213,389,1469,63682,1342,57034,1680,120716,California
Kern,2021-03-09,3632,181280,788,78265,2461,102243,383,772,2238,64913,1388,58422,2619,123335,California
Kern,2021-03-10,6024,187304,2468,80733,2486,104729,1070,1842,3505,66979,2508,60930,4574,127909,California
Kern,2021-03-11,6287,193591,2409,83142,2852,107581,1026,2868,3731,69189,2545,63475,4755,132664,California
Kern,2021-03-12,7662,201253,2921,86063,3389,110970,1352,4220,4154,71191,3495,66970,5497,138161,California
Kern,2021-03-13,4425,205678,2299,88362,1791,112761,335,4555,3007,73115,1412,68382,3336,141497,California
Kern,2021-03-14,2184,207862,1411,89773,534,113295,239,4794,1669,74506,515,68897,1906,143403,California
Kern,2021-03-15,4247,212109,1088,90861,2446,115741,713,5507,2181,75341,2055,70952,2890,146293,California
Kern,2021-03-16,4332,216441,1008,91869,2796,118537,528,6035,2331,76205,1992,72944,2856,149149,California
Kern,2021-03-17,7235,223676,3805,95674,2874,121411,556,6591,4299,78134,2925,75869,4854,154003,California
Kern,2021-03-18,6985,230661,3403,99077,3002,124413,580,7171,4157,80059,2808,78677,4733,158736,California
Kern,2021-03-19,8743,239404,4765,103842,3330,127743,648,7819,4545,81062,4185,82862,5188,163924,California
Kern,2021-03-20,5938,245342,3593,107435,2171,129914,174,7993,3814,82936,2115,84977,3989,167913,California
Kern,2021-03-21,2865,248207,1752,109187,236,130150,877,8870,1683,84319,1176,86153,2559,170472,California
Kern,2021-03-22,3945,252152,1543,110730,2046,132196,356,9226,1921,84582,2013,88166,2276,172748,California
Kern,2021-03-23,4698,256850,1654,112384,2846,135042,198,9424,2492,85092,2178,90344,2688,175436,California
Kern,2021-03-24,6997,263847,3508,115892,3017,138059,472,9896,3668,85915,3315,93659,4138,179574,California
Kern,2021-03-25,6630,270477,2883,118775,3418,141477,329,10225,3266,86161,3346,97005,3592,183166,California
Kern,2021-03-26,9595,280072,4152,122927,4189,145666,1254,11479,4749,87332,4830,101835,6001,189167,California
Kern,2021-03-27,5439,285511,3742,126669,1569,147235,128,11607,3302,88626,2135,103970,3429,192596,California
Kern,2021-03-28,4321,289832,3834,130503,473,147708,14,11621,2768,89856,1552,105522,2782,195378,California
Kern,2021-03-29,4200,294032,1635,132138,2287,149995,278,11899,2615,91172,1574,107096,2890,198268,California
Kern,2021-03-30,5518,299550,1825,133963,3308,153303,385,12284,3072,92185,2442,109538,3455,201723,California
Kern,2021-03-31,8111,307661,4280,138243,3186,156489,645,12929,4289,93306,3811,113349,4932,206655,California
Kern,2021-04-01,7596,315257,3635,141878,3664,160153,297,13226,4098,94213,3484,116833,4391,211046,California
Kern,2021-04-02,8129,323386,4184,146062,3342,163495,603,13829,4076,94849,4038,120871,4674,215720,California
Kern,2021-04-03,5674,329060,3385,149447,2107,165602,182,14011,2587,94536,3080,123951,2767,218487,California
Kern,2021-04-04,1327,330387,865,150312,378,165980,84,14095,546,94387,779,124730,630,219117,California
Kern,2021-04-05,5324,335711,2193,152505,2364,168344,767,14862,2885,95585,2430,127160,3628,222745,California
Kern,2021-04-06,6974,342685,2455,154960,3227,171571,1292,16154,3602,97126,3351,130511,4892,227637,California
Kern,2021-04-07,9230,351915,5356,160316,2919,174490,955,17109,4628,98122,4586,135097,5582,233219,California
Kern,2021-04-08,8542,360457,4710,165026,2932,177422,900,18009,3889,98275,4631,139728,4784,238003,California
Kern,2021-04-09,10087,370544,5090,170116,4016,181438,981,18990,4454,98097,5610,145338,5432,243435,California
Kern,2021-04-10,6517,377061,3423,173539,1854,183292,1240,20230,2292,97405,4217,149555,3525,246960,California
Kern,2021-04-11,3759,380820,2884,176423,358,183650,517,20747,1428,97027,2320,151875,1942,248902,California
Kern,2021-04-12,4360,385180,979,177402,2412,186062,969,21716,1563,96776,2781,154656,2530,251432,California
Kern,2021-04-13,4268,389448,1409,178811,2834,188896,25,21741,2124,96793,2133,156789,2150,253582,California
Kern,2021-04-14,6028,395476,2963,181774,3043,191939,22,21763,3070,96941,2943,159732,3091,256673,California
Kern,2021-04-15,5247,400723,2468,184242,2777,194716,2,21765,2529,96768,2704,162436,2531,259204,California
Kern,2021-04-16,7235,407958,3433,187675,3801,198517,1,21766,3079,95714,4135,166571,3081,262285,California
Kern,2021-04-17,5884,413842,3844,191519,2040,200557,0,21766,2248,94338,3625,170196,2249,264534,California
Kern,2021-04-18,3620,417462,3383,194902,237,200794,0,21766,1055,92835,2558,172754,1055,265589,California
Kern,2021-04-19,3796,421258,1723,196625,2072,202866,1,21767,1439,91936,2338,175092,1439,267028,California
Kern,2021-04-20,4297,425555,1537,198162,2759,205625,1,21768,1658,90968,2628,177720,1660,268688,California
Kern,2021-04-21,5852,431407,3122,201284,2725,208350,5,21773,2251,89641,3582,181302,2255,270943,California
Kern,2021-04-22,4776,436183,2308,203592,2468,210818,0,21773,1769,88426,2985,184287,1770,272713,California
Kern,2021-04-23,6040,442223,2939,206531,3100,213918,1,21774,1998,86417,4009,188296,2000,274713,California
Kern,2021-04-24,3929,446152,2730,209261,1189,215107,10,21784,1481,85475,2433,190729,1491,276204,California
Kern,2021-04-25,1341,447493,1063,210324,278,215385,0,21784,772,85683,564,191293,772,276976,California
Kern,2021-04-26,3646,451139,1749,212073,1845,217230,52,21836,1005,84110,2631,193924,1058,278034,California
Kern,2021-04-27,4497,455636,2182,214255,2214,219444,101,21937,1352,82428,3132,197056,1450,279484,California
Kern,2021-04-28,6235,461871,3673,217928,2439,221883,123,22060,1824,79973,4399,201455,1944,281428,California
Kern,2021-04-29,5500,467371,3057,220985,2343,224226,100,22160,1674,77942,3806,205261,1775,283203,California
Kern,2021-04-30,5549,472920,3118,224103,2273,226499,158,22318,1606,75776,3929,209190,1763,284966,California
Kern,2021-05-01,2562,475482,1793,225896,710,227209,59,22377,955,75188,1601,210791,1013,285979,California
Kern,2021-05-02,1884,477366,1601,227497,262,227471,21,22398,695,74720,1184,211975,716,286695,California
Kern,2021-05-03,2378,479744,941,228438,1307,228778,130,22528,730,73948,1634,213609,862,287557,California
Kern,2021-05-04,3476,483220,1226,229664,2141,230919,109,22637,1204,73002,2256,215865,1310,288867,California
Kern,2021-05-05,3405,486625,1926,231590,1359,232278,120,22757,1123,71977,2268,218133,1243,290110,California
Kern,2021-05-06,2752,489377,1415,233005,1232,233510,105,22862,852,71047,1886,220019,956,291066,California
Kern,2021-05-07,3187,492564,1895,234900,1161,234671,131,22993,784,69576,2384,222403,913,291979,California
Kings,2020-12-16,1,1,1,1,0,0,0,0,1,1,0,0,1,1,California
Kings,2020-12-17,8,9,8,9,0,0,0,0,8,9,0,0,8,9,California
Kings,2020-12-18,12,21,12,21,0,0,0,0,12,21,0,0,12,21,California
Kings,2020-12-19,11,32,11,32,0,0,0,0,11,32,0,0,11,32,California
Kings,2020-12-20,13,45,13,45,0,0,0,0,13,45,0,0,13,45,California
Kings,2020-12-21,156,201,156,201,0,0,0,0,269,314,0,0,269,314,California
Kings,2020-12-22,143,344,143,344,0,0,0,0,140,454,0,0,140,454,California
Kings,2020-12-23,135,479,123,467,12,12,0,0,136,590,0,0,136,590,California
Kings,2020-12-24,11,490,9,476,2,14,0,0,11,601,0,0,11,601,California
Kings,2020-12-26,7,497,4,480,3,17,0,0,7,608,0,0,7,608,California
Kings,2020-12-27,4,501,4,484,0,17,0,0,4,612,0,0,4,612,California
Kings,2020-12-28,131,632,103,587,28,45,0,0,132,744,0,0,132,744,California
Kings,2020-12-29,78,710,51,638,27,72,0,0,79,823,0,0,79,823,California
Kings,2020-12-30,148,858,109,747,39,111,0,0,148,971,0,0,148,971,California
Kings,2020-12-31,45,903,6,753,39,150,0,0,45,1016,0,0,45,1016,California
Kings,2021-01-01,1,904,0,753,1,151,0,0,1,1017,0,0,1,1017,California
Kings,2021-01-02,10,914,9,762,1,152,0,0,10,1027,0,0,10,1027,California
Kings,2021-01-04,112,1026,42,804,70,222,0,0,112,1139,0,0,112,1139,California
Kings,2021-01-05,196,1222,39,843,157,379,0,0,196,1335,0,0,196,1335,California
Kings,2021-01-06,277,1499,178,1021,99,478,0,0,274,1606,3,3,274,1609,California
Kings,2021-01-07,178,1677,81,1102,97,575,0,0,170,1768,8,11,170,1779,California
Kings,2021-01-08,247,1924,54,1156,193,768,0,0,228,1977,19,30,228,2007,California
Kings,2021-01-09,63,1987,9,1165,54,822,0,0,55,2024,8,38,55,2062,California
Kings,2021-01-10,15,2002,3,1168,12,834,0,0,12,2033,3,41,12,2074,California
Kings,2021-01-11,518,2520,354,1522,164,998,0,0,276,2068,242,283,277,2351,California
Kings,2021-01-12,350,2870,253,1775,97,1095,0,0,216,2153,131,414,216,2567,California
Kings,2021-01-13,415,3285,268,2043,147,1242,0,0,323,2384,92,506,323,2890,California
Kings,2021-01-14,209,3494,31,2074,178,1420,0,0,199,2563,21,527,200,3090,California
Kings,2021-01-15,417,3911,29,2103,388,1808,0,0,405,2956,12,539,405,3495,California
Kings,2021-01-16,31,3942,12,2115,19,1827,0,0,30,2985,1,540,30,3525,California
Kings,2021-01-17,9,3951,6,2121,3,1830,0,0,7,2990,2,542,7,3532,California
Kings,2021-01-18,172,4123,40,2161,132,1962,0,0,146,3110,26,568,146,3678,California
Kings,2021-01-19,376,4499,158,2319,218,2180,0,0,248,3230,128,696,248,3926,California
Kings,2021-01-20,235,4734,144,2463,91,2271,0,0,125,3250,105,801,125,4051,California
Kings,2021-01-21,190,4924,35,2498,155,2426,0,0,174,3406,18,819,174,4225,California
Kings,2021-01-22,126,5050,40,2538,86,2512,0,0,126,3527,5,824,126,4351,California
Kings,2021-01-23,26,5076,14,2552,12,2524,0,0,20,3541,6,830,20,4371,California
Kings,2021-01-24,4,5080,4,2556,0,2524,0,0,2,3541,2,832,2,4373,California
Kings,2021-01-25,124,5204,26,2582,98,2622,0,0,90,3597,34,866,90,4463,California
Kings,2021-01-26,154,5358,35,2617,119,2741,0,0,115,3673,39,905,115,4578,California
Kings,2021-01-27,319,5677,34,2651,285,3026,0,0,249,3853,69,974,249,4827,California
Kings,2021-01-28,326,6003,46,2697,280,3306,0,0,271,4069,55,1029,271,5098,California
Kings,2021-01-29,86,6089,26,2723,60,3366,0,0,69,4121,17,1046,69,5167,California
Kings,2021-01-30,1556,7645,31,2754,1525,4891,0,0,1553,5673,3,1049,1555,6722,California
Kings,2021-02-01,199,7844,64,2818,135,5026,0,0,72,5620,125,1174,72,6794,California
Kings,2021-02-02,226,8070,14,2832,212,5238,0,0,82,5559,143,1317,82,6876,California
Kings,2021-02-03,357,8427,191,3023,166,5404,0,0,203,5609,153,1470,203,7079,California
Kings,2021-02-04,395,8822,98,3121,297,5701,0,0,198,5611,196,1666,198,7277,California
Kings,2021-02-05,256,9078,14,3135,242,5943,0,0,100,5557,154,1820,100,7377,California
Kings,2021-02-06,61,9139,10,3145,51,5994,0,0,28,5552,33,1853,28,7405,California
Kings,2021-02-07,5,9144,3,3148,2,5996,0,0,3,5553,2,1855,3,7408,California
Kings,2021-02-08,170,9314,29,3177,141,6137,0,0,68,5519,102,1957,68,7476,California
Kings,2021-02-09,253,9567,57,3234,196,6333,0,0,110,5488,141,2098,110,7586,California
Kings,2021-02-10,285,9852,112,3346,173,6506,0,0,169,5541,116,2214,169,7755,California
Kings,2021-02-11,430,10282,65,3411,365,6871,0,0,316,5744,113,2327,316,8071,California
Kings,2021-02-12,622,10904,36,3447,586,7457,0,0,347,5817,274,2601,347,8418,California
Kings,2021-02-13,104,11008,6,3453,98,7555,0,0,78,5869,26,2627,78,8496,California
Kings,2021-02-14,102,11110,4,3457,98,7653,0,0,94,5955,8,2635,94,8590,California
Kings,2021-02-15,246,11356,5,3462,241,7894,0,0,137,5984,108,2743,137,8727,California
Kings,2021-02-16,485,11841,33,3495,452,8346,0,0,250,6000,234,2977,250,8977,California
Kings,2021-02-17,379,12220,22,3517,357,8703,0,0,242,6106,137,3114,243,9220,California
Kings,2021-02-18,155,12375,23,3540,132,8835,0,0,98,6147,57,3171,98,9318,California
Kings,2021-02-19,158,12533,23,3563,135,8970,0,0,102,6196,53,3224,102,9420,California
Kings,2021-02-20,171,12704,40,3603,131,9101,0,0,134,6293,37,3261,134,9554,California
Kings,2021-02-21,3,12707,2,3605,1,9102,0,0,3,6296,0,3261,3,9557,California
Kings,2021-02-22,110,12817,19,3624,91,9193,0,0,51,6288,59,3320,51,9608,California
Kings,2021-02-23,296,13113,69,3693,227,9420,0,0,179,6350,117,3437,179,9787,California
Kings,2021-02-24,592,13705,154,3847,438,9858,0,0,380,6518,212,3649,380,10167,California
Kings,2021-02-25,666,14371,115,3962,551,10409,0,0,448,6750,216,3865,448,10615,California
Kings,2021-02-26,657,15028,129,4091,528,10937,0,0,594,7282,62,3927,594,11209,California
Kings,2021-02-27,1498,16526,62,4153,1436,12373,0,0,564,6913,933,4860,564,11773,California
Kings,2021-02-28,1172,17698,597,4750,575,12948,0,0,674,7092,495,5355,674,12447,California
Kings,2021-03-01,259,17957,79,4829,180,13128,0,0,214,7261,45,5400,214,12661,California
Kings,2021-03-02,474,18431,207,5036,267,13395,0,0,424,7636,50,5450,425,13086,California
Kings,2021-03-03,628,19059,304,5340,324,13719,0,0,439,7887,188,5638,439,13525,California
Kings,2021-03-04,718,19777,343,5683,375,14094,0,0,622,8414,96,5734,623,14148,California
Kings,2021-03-05,1058,20835,349,6032,700,14794,9,9,942,9250,116,5850,952,15100,California
Kings,2021-03-06,511,21346,184,6216,314,15108,13,22,481,9714,30,5880,494,15594,California
Kings,2021-03-07,366,21712,225,6441,137,15245,4,26,358,10068,8,5888,362,15956,California
Kings,2021-03-08,369,22081,96,6537,220,15465,53,79,261,10273,108,5996,313,16269,California
Kings,2021-03-09,523,22604,238,6775,230,15695,55,134,416,10639,106,6102,472,16741,California
Kings,2021-03-10,506,23110,125,6900,290,15985,91,225,322,10868,183,6285,412,17153,California
Kings,2021-03-11,1021,24131,305,7205,606,16591,110,335,616,11191,403,6688,726,17879,California
Kings,2021-03-12,1327,25458,410,7615,823,17414,94,429,926,11813,400,7088,1022,18901,California
Kings,2021-03-13,671,26129,332,7947,295,17709,44,473,545,12277,126,7214,590,19491,California
Kings,2021-03-14,671,26800,101,8048,184,17893,386,859,200,12392,471,7685,586,20077,California
Kings,2021-03-15,684,27484,247,8295,322,18215,115,974,448,12722,235,7920,565,20642,California
Kings,2021-03-16,1039,28523,438,8733,540,18755,61,1035,703,13150,336,8256,764,21406,California
Kings,2021-03-17,1089,29612,417,9150,611,19366,61,1096,770,13669,319,8575,838,22244,California
Kings,2021-03-18,1101,30713,467,9617,412,19778,222,1318,769,14332,331,8906,994,23238,California
Kings,2021-03-19,941,31654,468,10085,388,20166,85,1403,724,14937,217,9123,822,24060,California
Kings,2021-03-20,624,32278,255,10340,338,20504,31,1434,450,15253,172,9295,488,24548,California
Kings,2021-03-21,1400,33678,1085,11425,304,20808,11,1445,846,15556,554,9849,857,25405,California
Kings,2021-03-22,450,34128,203,11628,164,20972,83,1528,277,15747,173,10022,364,25769,California
Kings,2021-03-23,899,35027,493,12121,343,21315,63,1591,575,16066,322,10344,641,26410,California
Kings,2021-03-24,922,35949,478,12599,421,21736,23,1614,511,16193,409,10753,536,26946,California
Kings,2021-03-25,891,36840,445,13044,420,22156,26,1640,446,16222,443,11196,472,27418,California
Kings,2021-03-26,1281,38121,373,13417,823,22979,85,1725,529,16088,747,11943,613,28031,California
Kings,2021-03-27,616,38737,245,13662,359,23338,12,1737,169,15824,445,12388,181,28212,California
Kings,2021-03-28,548,39285,477,14139,64,23402,7,1744,342,15975,206,12594,357,28569,California
Kings,2021-03-29,456,39741,201,14340,195,23597,60,1804,250,16080,204,12798,309,28878,California
Kings,2021-03-30,842,40583,462,14802,342,23939,38,1842,422,16121,419,13217,460,29338,California
Kings,2021-03-31,724,41307,374,15176,286,24225,64,1906,415,16298,302,13519,479,29817,California
Kings,2021-04-01,754,42061,380,15556,294,24519,80,1986,342,16314,406,13925,422,30239,California
Kings,2021-04-02,982,43043,428,15984,432,24951,122,2108,388,16234,589,14514,509,30748,California
Kings,2021-04-03,473,43516,329,16313,136,25087,8,2116,161,16098,306,14820,170,30918,California
Kings,2021-04-04,156,43672,82,16395,68,25155,6,2122,43,16035,112,14932,49,30967,California
Kings,2021-04-05,1047,44719,323,16718,474,25629,250,2372,235,15708,811,15743,484,31451,California
Kings,2021-04-06,1180,45899,447,17165,426,26055,307,2679,289,15415,888,16631,595,32046,California
Kings,2021-04-07,1340,47239,640,17805,514,26569,186,2865,413,15090,924,17555,599,32645,California
Kings,2021-04-08,1593,48832,628,18433,714,27283,251,3116,363,14481,1223,18778,614,33259,California
Kings,2021-04-09,1106,49938,521,18954,410,27693,175,3291,238,14025,866,19644,410,33669,California
Kings,2021-04-10,592,50530,329,19283,161,27854,102,3393,180,13896,411,20055,282,33951,California
Kings,2021-04-11,327,50857,74,19357,247,28101,6,3399,195,13965,132,20187,201,34152,California
Kings,2021-04-12,697,51554,311,19668,186,28287,200,3599,190,13849,506,20693,390,34542,California
Kings,2021-04-13,881,52435,508,20176,373,28660,0,3599,282,13538,598,21291,287,34829,California
Kings,2021-04-14,1023,53458,565,20741,458,29118,0,3599,372,13260,651,21942,373,35202,California
Kings,2021-04-15,1048,54506,518,21259,529,29647,1,3600,468,13150,579,22521,469,35671,California
Kings,2021-04-16,764,55270,359,21618,405,30052,0,3600,266,12919,497,23018,266,35937,California
Kings,2021-04-17,455,55725,242,21860,213,30265,0,3600,199,12863,255,23273,199,36136,California
Kings,2021-04-18,550,56275,239,22099,311,30576,0,3600,70,12453,480,23753,70,36206,California
Kings,2021-04-19,523,56798,287,22386,236,30812,0,3600,284,12500,237,23990,284,36490,California
Kings,2021-04-20,729,57527,443,22829,286,31098,0,3600,243,12258,485,24475,243,36733,California
Kings,2021-04-21,633,58160,305,23134,328,31426,0,3600,219,12068,409,24884,219,36952,California
Kings,2021-04-22,550,58710,275,23409,275,31701,0,3600,201,11925,345,25229,202,37154,California
Kings,2021-04-23,660,59370,290,23699,370,32071,0,3600,328,11924,329,25558,328,37482,California
Kings,2021-04-24,244,59614,178,23877,65,32136,1,3601,120,11922,123,25681,121,37603,California
Kings,2021-04-25,195,59809,176,24053,19,32155,0,3601,159,12045,36,25717,159,37762,California
Kings,2021-04-26,286,60095,147,24200,136,32291,3,3604,180,12123,105,25822,183,37945,California
Kings,2021-04-27,395,60490,174,24374,202,32493,19,3623,164,12076,230,26052,183,38128,California
Kings,2021-04-28,503,60993,254,24628,229,32722,20,3643,263,12119,240,26292,283,38411,California
Kings,2021-04-29,284,61277,112,24740,161,32883,11,3654,133,12114,149,26441,144,38555,California
Kings,2021-04-30,359,61636,163,24903,179,33062,17,3671,150,12075,206,26647,167,38722,California
Kings,2021-05-01,228,61864,166,25069,52,33114,10,3681,73,12005,153,26800,83,38805,California
Kings,2021-05-02,167,62031,145,25214,22,33136,0,3681,126,12090,41,26841,126,38931,California
Kings,2021-05-03,472,62503,254,25468,204,33340,14,3695,123,11879,348,27189,137,39068,California
Kings,2021-05-04,509,63012,256,25724,232,33572,21,3716,159,11710,349,27538,180,39248,California
Kings,2021-05-05,447,63459,218,25942,217,33789,12,3728,105,11485,342,27880,117,39365,California
Kings,2021-05-06,461,63920,216,26158,231,34020,14,3742,93,11226,366,28246,107,39472,California
Kings,2021-05-07,180,64100,89,26247,82,34102,9,3751,69,11195,109,28355,78,39550,California
Lake,2020-12-17,4,4,4,4,0,0,0,0,4,4,0,0,4,4,California
Lake,2020-12-18,51,55,51,55,0,0,0,0,51,55,0,0,51,55,California
Lake,2020-12-19,3,58,3,58,0,0,0,0,3,58,0,0,3,58,California
Lake,2020-12-20,6,64,6,64,0,0,0,0,6,64,0,0,6,64,California
Lake,2020-12-21,86,150,86,150,0,0,0,0,86,150,0,0,86,150,California
Lake,2020-12-22,63,213,60,210,3,3,0,0,63,213,0,0,63,213,California
Lake,2020-12-23,123,336,114,324,9,12,0,0,123,336,0,0,123,336,California
Lake,2020-12-24,2,338,0,324,2,14,0,0,2,338,0,0,2,338,California
Lake,2020-12-26,2,340,2,326,0,14,0,0,2,340,0,0,2,340,California
Lake,2020-12-27,2,342,2,328,0,14,0,0,2,342,0,0,2,342,California
Lake,2020-12-28,52,394,43,371,9,23,0,0,52,394,0,0,52,394,California
Lake,2020-12-29,50,444,45,416,5,28,0,0,50,444,0,0,50,444,California
Lake,2020-12-30,125,569,118,534,7,35,0,0,125,569,0,0,125,569,California
Lake,2020-12-31,67,636,64,598,3,38,0,0,67,636,0,0,67,636,California
Lake,2021-01-01,1,637,0,598,1,39,0,0,1,637,0,0,1,637,California
Lake,2021-01-02,2,639,1,599,1,40,0,0,2,639,0,0,2,639,California
Lake,2021-01-04,87,726,21,620,66,106,0,0,87,726,0,0,87,726,California
Lake,2021-01-05,120,846,59,679,61,167,0,0,118,842,2,2,118,844,California
Lake,2021-01-06,105,951,65,744,40,207,0,0,103,943,2,4,103,947,California
Lake,2021-01-07,107,1058,84,828,23,230,0,0,98,1032,9,13,98,1045,California
Lake,2021-01-08,152,1210,124,952,28,258,0,0,100,1080,52,65,100,1145,California
Lake,2021-01-09,63,1273,61,1013,2,260,0,0,59,1135,4,69,59,1204,California
Lake,2021-01-10,3,1276,3,1016,0,260,0,0,0,1132,3,72,0,1204,California
Lake,2021-01-11,192,1468,151,1167,41,301,0,0,112,1164,80,152,112,1316,California
Lake,2021-01-12,81,1549,48,1215,33,334,0,0,57,1197,24,176,57,1373,California
Lake,2021-01-13,164,1713,112,1327,52,386,0,0,107,1247,57,233,107,1480,California
Lake,2021-01-14,147,1860,46,1373,101,487,0,0,125,1350,22,255,125,1605,California
Lake,2021-01-15,215,2075,92,1465,123,610,0,0,188,1511,27,282,188,1793,California
Lake,2021-01-16,134,2209,81,1546,53,663,0,0,132,1641,2,284,132,1925,California
Lake,2021-01-17,18,2227,6,1552,12,675,0,0,12,1647,6,290,12,1937,California
Lake,2021-01-18,246,2473,226,1778,20,695,0,0,126,1653,120,410,126,2063,California
Lake,2021-01-19,311,2784,117,1895,194,889,0,0,266,1875,45,455,267,2330,California
Lake,2021-01-20,422,3206,80,1975,342,1231,0,0,358,2170,63,518,358,2688,California
Lake,2021-01-21,433,3639,49,2024,384,1615,0,0,398,2533,35,553,398,3086,California
Lake,2021-01-22,318,3957,46,2070,272,1887,0,0,282,2779,36,589,282,3368,California
Lake,2021-01-23,122,4079,5,2075,117,2004,0,0,121,2899,1,590,121,3489,California
Lake,2021-01-24,5,4084,2,2077,3,2007,0,0,5,2904,0,590,5,3494,California
Lake,2021-01-25,257,4341,95,2172,162,2169,0,0,176,2999,81,671,176,3670,California
Lake,2021-01-26,428,4769,36,2208,392,2561,0,0,405,3381,23,694,405,4075,California
Lake,2021-01-27,359,5128,41,2249,318,2879,0,0,331,3685,28,722,332,4407,California
Lake,2021-01-28,498,5626,161,2410,337,3216,0,0,369,3925,129,851,369,4776,California
Lake,2021-01-29,636,6262,83,2493,553,3769,0,0,576,4441,60,911,576,5352,California
Lake,2021-01-30,555,6817,44,2537,511,4280,0,0,549,4984,6,917,549,5901,California
Lake,2021-01-31,14,6831,8,2545,6,4286,0,0,12,4994,2,919,12,5913,California
Lake,2021-02-01,179,7010,18,2563,161,4447,0,0,166,5147,13,932,166,6079,California
Lake,2021-02-02,564,7574,151,2714,413,4860,0,0,398,5379,166,1098,398,6477,California
Lake,2021-02-03,445,8019,33,2747,412,5272,0,0,340,5614,105,1203,340,6817,California
Lake,2021-02-04,120,8139,69,2816,51,5323,0,0,73,5640,47,1250,73,6890,California
Lake,2021-02-05,379,8518,70,2886,309,5632,0,0,288,5839,89,1339,288,7178,California
Lake,2021-02-06,276,8794,41,2927,235,5867,0,0,265,6093,11,1350,265,7443,California
Lake,2021-02-07,2,8796,1,2928,1,5868,0,0,2,6095,0,1350,2,7445,California
Lake,2021-02-08,278,9074,206,3134,72,5940,0,0,159,6135,119,1469,159,7604,California
Lake,2021-02-09,345,9419,25,3159,320,6260,0,0,301,6393,43,1512,301,7905,California
Lake,2021-02-10,351,9770,54,3213,297,6557,0,0,274,6590,77,1589,274,8179,California
Lake,2021-02-11,169,9939,18,3231,151,6708,0,0,56,6533,113,1702,56,8235,California
Lake,2021-02-12,376,10315,29,3260,347,7055,0,0,289,6736,86,1788,289,8524,California
Lake,2021-02-13,246,10561,7,3267,239,7294,0,0,235,6960,11,1799,235,8759,California
Lake,2021-02-14,20,10581,5,3272,15,7309,0,0,6,6952,14,1813,6,8765,California
Lake,2021-02-15,172,10753,13,3285,159,7468,0,0,8,6797,163,1976,8,8773,California
Lake,2021-02-16,423,11176,23,3308,400,7868,0,0,176,6726,247,2223,176,8949,California
Lake,2021-02-17,351,11527,54,3362,297,8165,0,0,70,6516,280,2503,70,9019,California
Lake,2021-02-18,458,11985,69,3431,389,8554,0,0,114,6286,344,2847,114,9133,California
Lake,2021-02-19,418,12403,25,3456,393,8947,0,0,93,6054,325,3172,93,9226,California
Lake,2021-02-20,294,12697,60,3516,234,9181,0,0,251,6263,42,3214,251,9477,California
Lake,2021-02-21,6,12703,6,3522,0,9181,0,0,0,6257,6,3220,0,9477,California
Lake,2021-02-22,140,12843,23,3545,117,9298,0,0,43,6203,97,3317,43,9520,California
Lake,2021-02-23,213,13056,14,3559,199,9497,0,0,28,6046,185,3502,28,9548,California
Lake,2021-02-24,955,14011,377,3936,578,10075,0,0,416,5924,538,4040,416,9964,California
Lake,2021-02-25,731,14742,464,4400,267,10342,0,0,472,6139,257,4297,472,10436,California
Lake,2021-02-26,995,15737,304,4704,691,11033,0,0,350,5847,642,4939,350,10786,California
Lake,2021-02-27,411,16148,98,4802,313,11346,0,0,328,6092,83,5022,328,11114,California
Lake,2021-02-28,18,16166,12,4814,6,11352,0,0,10,6094,8,5030,10,11124,California
Lake,2021-03-01,596,16762,53,4867,543,11895,0,0,443,6384,153,5183,443,11567,California
Lake,2021-03-02,745,17507,18,4885,727,12622,0,0,290,6218,456,5639,290,11857,California
Lake,2021-03-03,359,17866,196,5081,163,12785,0,0,135,6129,224,5863,135,11992,California
Lake,2021-03-04,578,18444,510,5591,68,12853,0,0,562,6675,16,5879,562,12554,California
Lake,2021-03-05,1037,19481,40,5631,997,13850,0,0,174,5990,859,6738,174,12728,California
Lake,2021-03-06,34,19515,9,5640,24,13874,1,1,21,5999,13,6751,22,12750,California
Lake,2021-03-07,7,19522,5,5645,2,13876,0,1,4,6000,3,6754,4,12754,California
Lake,2021-03-08,339,19861,267,5912,63,13939,9,10,299,6268,40,6794,308,13062,California
Lake,2021-03-09,914,20775,29,5941,868,14807,17,27,392,6156,521,7315,409,13471,California
Lake,2021-03-10,203,20978,60,6001,130,14937,13,40,135,6236,68,7383,148,13619,California
Lake,2021-03-11,583,21561,47,6048,62,14999,474,514,48,6223,535,7918,522,14141,California
Lake,2021-03-12,853,22414,203,6251,626,15625,24,538,363,6121,489,8407,387,14528,California
Lake,2021-03-13,277,22691,21,6272,20,15645,236,774,16,6112,260,8667,251,14779,California
Lake,2021-03-14,11,22702,2,6274,9,15654,0,774,7,6115,4,8671,7,14786,California
Lake,2021-03-15,642,23344,14,6288,611,16265,17,791,483,6456,159,8830,500,15286,California
Lake,2021-03-16,1113,24457,834,7122,262,16527,17,808,446,6255,663,9493,462,15748,California
Lake,2021-03-17,246,24703,121,7243,103,16630,22,830,90,6211,156,9649,112,15860,California
Lake,2021-03-18,748,25451,373,7616,338,16968,37,867,372,6244,375,10024,408,16268,California
Lake,2021-03-19,580,26031,313,7929,247,17215,20,887,473,6631,106,10130,493,16761,California
Lake,2021-03-20,248,26279,8,7937,237,17452,3,890,29,6446,217,10347,32,16793,California
Lake,2021-03-21,16,26295,11,7948,4,17456,1,891,11,6453,5,10352,12,16805,California
Lake,2021-03-22,324,26619,244,8192,66,17522,14,905,238,6619,86,10438,252,17057,California
Lake,2021-03-23,417,27036,19,8211,385,17907,13,918,353,6922,63,10501,366,17423,California
Lake,2021-03-24,413,27449,61,8272,344,18251,8,926,317,7153,95,10596,326,17749,California
Lake,2021-03-25,659,28108,470,8742,183,18434,6,932,174,6848,485,11081,180,17929,California
Lake,2021-03-26,69,28177,33,8775,35,18469,1,933,45,6870,24,11105,46,17975,California
Lake,2021-03-27,309,28486,7,8782,299,18768,3,936,17,6600,290,11395,20,17995,California
Lake,2021-03-28,17,28503,8,8790,9,18777,0,936,11,6605,6,11401,11,18006,California
Lake,2021-03-29,899,29402,268,9058,629,19406,2,938,193,6096,704,12105,195,18201,California
Lake,2021-03-30,453,29855,304,9362,147,19553,2,940,367,6380,85,12190,369,18570,California
Lake,2021-03-31,583,30438,60,9422,523,20076,0,940,418,6641,157,12347,418,18988,California
Lake,2021-04-01,422,30860,219,9641,191,20267,12,952,177,6588,242,12589,189,19177,California
Lake,2021-04-02,220,31080,40,9681,152,20419,28,980,97,6590,123,12712,125,19302,California
Lake,2021-04-03,30,31110,6,9687,21,20440,3,983,11,6585,19,12731,14,19316,California
Lake,2021-04-04,20,31130,11,9698,7,20447,2,985,15,6597,5,12736,17,19333,California
Lake,2021-04-05,638,31768,70,9768,549,20996,19,1004,399,6778,236,12972,417,19750,California
Lake,2021-04-06,472,32240,16,9784,430,21426,26,1030,300,6933,171,13143,326,20076,California
Lake,2021-04-07,512,32752,50,9834,411,21837,51,1081,345,7164,165,13308,396,20472,California
Lake,2021-04-08,599,33351,486,10320,46,21883,67,1148,103,6841,493,13801,170,20642,California
Lake,2021-04-09,279,33630,39,10359,171,22054,69,1217,45,6724,231,14032,114,20756,California
Lake,2021-04-10,253,33883,15,10374,14,22068,224,1441,11,6717,242,14274,235,20991,California
Lake,2021-04-11,22,33905,17,10391,3,22071,2,1443,7,6711,15,14289,9,21000,California
Lake,2021-04-12,1068,34973,231,10622,804,22875,33,1476,248,6173,819,15108,281,21281,California
Lake,2021-04-13,180,35153,110,10732,70,22945,0,1476,54,6101,126,15234,54,21335,California
Lake,2021-04-14,608,35761,37,10769,571,23516,0,1476,547,6587,61,15295,547,21882,California
Lake,2021-04-15,640,36401,193,10962,447,23963,0,1476,332,6611,308,15603,332,22214,California
Lake,2021-04-16,259,36660,25,10987,233,24196,1,1477,69,6492,189,15792,70,22284,California
Lake,2021-04-17,39,36699,11,10998,28,24224,0,1477,29,6511,10,15802,29,22313,California
Lake,2021-04-18,8,36707,5,11003,3,24227,0,1477,0,6503,8,15810,0,22313,California
Lake,2021-04-19,295,37002,39,11042,256,24483,0,1477,245,6698,50,15860,245,22558,California
Lake,2021-04-20,692,37694,278,11320,414,24897,0,1477,113,6234,578,16438,114,22672,California
Lake,2021-04-21,532,38226,64,11384,468,25365,0,1477,204,6110,328,16766,204,22876,California
Lake,2021-04-22,461,38687,50,11434,411,25776,0,1477,314,6278,146,16912,314,23190,California
Lake,2021-04-23,113,38800,57,11491,56,25832,0,1477,67,6299,46,16958,67,23257,California
Lake,2021-04-24,53,38853,9,11500,44,25876,0,1477,39,6324,14,16972,39,23296,California
Lake,2021-04-25,36,38889,19,11519,17,25893,0,1477,23,6334,13,16985,23,23319,California
Lake,2021-04-26,277,39166,74,11593,202,26095,1,1478,80,6218,197,17182,81,23400,California
Lake,2021-04-27,238,39404,21,11614,199,26294,18,1496,80,6158,158,17340,98,23498,California
Lake,2021-04-28,506,39910,46,11660,445,26739,15,1511,118,5904,386,17726,132,23630,California
Lake,2021-04-29,210,40120,81,11741,113,26852,16,1527,117,5944,93,17819,133,23763,California
Lake,2021-04-30,277,40397,46,11787,204,27056,27,1554,142,5978,135,17954,169,23932,California
Lake,2021-05-01,47,40444,26,11813,19,27075,2,1556,33,5999,14,17968,35,23967,California
Lake,2021-05-02,18,40462,9,11822,8,27083,1,1557,9,6000,9,17977,10,23977,California
Lake,2021-05-03,410,40872,27,11849,347,27430,36,1593,64,5755,345,18322,100,24077,California
Lake,2021-05-04,393,41265,217,12066,130,27560,46,1639,124,5657,268,18590,170,24247,California
Lake,2021-05-05,603,41868,45,12111,552,28112,6,1645,70,5202,531,19121,76,24323,California
Lake,2021-05-06,91,41959,13,12124,57,28169,21,1666,47,5225,44,19165,67,24390,California
Lake,2021-05-07,110,42069,21,12145,77,28246,12,1678,70,5269,38,19203,82,24472,California
Lassen,2020-12-16,8,8,8,8,0,0,0,0,8,8,0,0,8,8,California
Lassen,2020-12-17,6,14,6,14,0,0,0,0,6,14,0,0,6,14,California
Lassen,2020-12-18,1,15,1,15,0,0,0,0,1,15,0,0,1,15,California
Lassen,2020-12-19,5,20,5,20,0,0,0,0,5,20,0,0,5,20,California
Lassen,2020-12-20,2,22,2,22,0,0,0,0,2,22,0,0,2,22,California
Lassen,2020-12-21,11,33,11,33,0,0,0,0,11,33,0,0,11,33,California
Lassen,2020-12-22,23,56,23,56,0,0,0,0,23,56,0,0,23,56,California
Lassen,2020-12-23,6,62,6,62,0,0,0,0,6,62,0,0,6,62,California
Lassen,2020-12-24,11,73,11,73,0,0,0,0,11,73,0,0,11,73,California
Lassen,2020-12-28,3,76,2,75,1,1,0,0,3,76,0,0,3,76,California
Lassen,2020-12-29,35,111,35,110,0,1,0,0,35,111,0,0,35,111,California
Lassen,2020-12-30,37,148,36,146,1,2,0,0,37,148,0,0,37,148,California
Lassen,2020-12-31,49,197,42,188,7,9,0,0,49,197,0,0,49,197,California
Lassen,2021-01-02,1,198,0,188,1,10,0,0,1,198,0,0,1,198,California
Lassen,2021-01-04,15,213,1,189,14,24,0,0,15,213,0,0,15,213,California
Lassen,2021-01-05,194,407,53,242,141,165,0,0,194,407,0,0,194,407,California
Lassen,2021-01-06,95,502,44,286,51,216,0,0,87,487,8,8,88,495,California
Lassen,2021-01-07,43,545,7,293,36,252,0,0,37,518,6,14,37,532,California
Lassen,2021-01-08,50,595,2,295,48,300,0,0,50,568,0,14,50,582,California
Lassen,2021-01-09,12,607,6,301,6,306,0,0,12,580,0,14,12,594,California
Lassen,2021-01-11,27,634,5,306,22,328,0,0,27,607,0,14,27,621,California
Lassen,2021-01-12,49,683,29,335,20,348,0,0,30,618,19,33,30,651,California
Lassen,2021-01-13,161,844,18,353,143,491,0,0,146,749,15,48,146,797,California
Lassen,2021-01-14,163,1007,18,371,145,636,0,0,151,888,12,60,151,948,California
Lassen,2021-01-15,33,1040,6,377,27,663,0,0,33,921,0,60,33,981,California
Lassen,2021-01-16,34,1074,33,410,1,664,0,0,34,955,0,60,34,1015,California
Lassen,2021-01-17,1,1075,0,410,1,665,0,0,1,956,0,60,1,1016,California
Lassen,2021-01-18,5,1080,2,412,3,668,0,0,4,959,1,61,4,1020,California
Lassen,2021-01-19,185,1265,36,448,149,817,0,0,157,1088,28,89,157,1177,California
Lassen,2021-01-20,189,1454,101,549,88,905,0,0,105,1124,69,158,105,1282,California
Lassen,2021-01-21,145,1599,93,642,52,957,0,0,121,1227,18,176,121,1403,California
Lassen,2021-01-22,31,1630,18,660,13,970,0,0,21,1238,10,186,21,1424,California
Lassen,2021-01-23,2,1632,0,660,2,972,0,0,2,1240,0,186,2,1426,California
Lassen,2021-01-24,1,1633,0,660,1,973,0,0,1,1241,0,186,1,1427,California
Lassen,2021-01-25,11,1644,0,660,11,984,0,0,11,1252,0,186,11,1438,California
Lassen,2021-01-26,126,1770,12,672,114,1098,0,0,122,1370,4,190,122,1560,California
Lassen,2021-01-27,87,1857,35,707,52,1150,0,0,69,1421,18,208,69,1629,California
Lassen,2021-01-28,86,1943,15,722,71,1221,0,0,85,1505,1,209,85,1714,California
Lassen,2021-01-29,23,1966,7,729,16,1237,0,0,22,1526,1,210,22,1736,California
Lassen,2021-02-01,62,2028,4,733,58,1295,0,0,36,1536,26,236,36,1772,California
Lassen,2021-02-02,177,2205,12,745,165,1460,0,0,44,1447,133,369,44,1816,California
Lassen,2021-02-03,96,2301,21,766,75,1535,0,0,51,1453,45,414,51,1867,California
Lassen,2021-02-04,112,2413,15,781,97,1632,0,0,63,1467,49,463,63,1930,California
Lassen,2021-02-05,65,2478,12,793,53,1685,0,0,23,1448,42,505,23,1953,California
Lassen,2021-02-06,69,2547,34,827,35,1720,0,0,36,1452,32,537,36,1989,California
Lassen,2021-02-07,2,2549,2,829,0,1720,0,0,2,1454,0,537,2,1991,California
Lassen,2021-02-08,43,2592,4,833,39,1759,0,0,18,1447,25,562,18,2009,California
Lassen,2021-02-09,129,2721,8,841,121,1880,0,0,50,1418,79,641,50,2059,California
Lassen,2021-02-10,183,2904,21,862,162,2042,0,0,75,1385,108,749,75,2134,California
Lassen,2021-02-11,184,3088,16,878,168,2210,0,0,80,1362,103,852,80,2214,California
Lassen,2021-02-12,42,3130,11,889,31,2241,0,0,14,1348,28,880,14,2228,California
Lassen,2021-02-13,12,3142,3,892,9,2250,0,0,10,1356,2,882,10,2238,California
Lassen,2021-02-14,13,3155,0,892,13,2263,0,0,12,1367,1,883,12,2250,California
Lassen,2021-02-15,21,3176,2,894,19,2282,0,0,17,1380,4,887,17,2267,California
Lassen,2021-02-16,192,3368,4,898,188,2470,0,0,31,1252,159,1046,31,2298,California
Lassen,2021-02-17,183,3551,94,992,89,2559,0,0,10,1089,173,1219,10,2308,California
Lassen,2021-02-18,80,3631,22,1014,58,2617,0,0,20,1049,60,1279,20,2328,California
Lassen,2021-02-19,82,3713,62,1076,20,2637,0,0,18,1003,64,1343,18,2346,California
Lassen,2021-02-20,8,3721,0,1076,8,2645,0,0,6,1007,2,1345,6,2352,California
Lassen,2021-02-21,22,3743,2,1078,20,2665,0,0,18,1021,4,1349,18,2370,California
Lassen,2021-02-22,25,3768,10,1088,15,2680,0,0,6,1008,19,1368,6,2376,California
Lassen,2021-02-23,153,3921,10,1098,143,2823,0,0,41,937,112,1480,41,2417,California
Lassen,2021-02-24,165,4086,16,1114,149,2972,0,0,107,987,57,1537,107,2524,California
Lassen,2021-02-25,156,4242,19,1133,137,3109,0,0,99,1029,57,1594,99,2623,California
Lassen,2021-02-26,73,4315,16,1149,57,3166,0,0,36,1028,37,1631,36,2659,California
Lassen,2021-02-27,8,4323,7,1156,1,3167,0,0,3,1026,5,1636,3,2662,California
Lassen,2021-02-28,6,4329,1,1157,5,3172,0,0,3,1026,3,1639,3,2665,California
Lassen,2021-03-01,41,4370,4,1161,37,3209,0,0,8,1001,33,1672,8,2673,California
Lassen,2021-03-02,106,4476,8,1169,98,3307,0,0,80,1055,26,1698,80,2753,California
Lassen,2021-03-03,170,4646,12,1181,158,3465,0,0,113,1111,57,1755,113,2866,California
Lassen,2021-03-04,150,4796,17,1198,133,3598,0,0,100,1162,49,1804,100,2966,California
Lassen,2021-03-05,47,4843,7,1205,17,3615,23,23,11,1160,36,1840,34,3000,California
Lassen,2021-03-06,55,4898,4,1209,29,3644,22,45,5,1137,50,1890,27,3027,California
Lassen,2021-03-07,56,4954,1,1210,0,3644,55,100,1,1138,55,1945,56,3083,California
Lassen,2021-03-08,90,5044,2,1212,8,3652,80,180,3,1135,86,2031,83,3166,California
Lassen,2021-03-09,137,5181,11,1223,109,3761,17,197,88,1192,49,2080,106,3272,California
Lassen,2021-03-10,174,5355,10,1233,162,3923,2,199,79,1179,94,2174,81,3353,California
Lassen,2021-03-11,185,5540,16,1249,162,4085,7,206,113,1230,69,2243,120,3473,California
Lassen,2021-03-12,35,5575,18,1267,13,4098,4,210,12,1223,23,2266,16,3489,California
Lassen,2021-03-13,49,5624,0,1267,3,4101,46,256,1,1221,48,2314,46,3535,California
Lassen,2021-03-14,14,5638,2,1269,11,4112,1,257,2,1212,12,2326,3,3538,California
Lassen,2021-03-15,33,5671,2,1271,31,4143,0,257,16,1211,17,2343,16,3554,California
Lassen,2021-03-16,93,5764,2,1273,85,4228,6,263,74,1272,19,2362,80,3634,California
Lassen,2021-03-17,1083,6847,9,1282,1069,5297,5,268,1064,2322,19,2381,1069,4703,California
Lassen,2021-03-18,95,6942,9,1291,85,5382,1,269,81,2390,14,2395,82,4785,California
Lassen,2021-03-19,17,6959,11,1302,2,5384,4,273,7,2391,10,2405,11,4796,California
Lassen,2021-03-20,29,6988,3,1305,23,5407,3,276,22,2409,7,2412,25,4821,California
Lassen,2021-03-21,34,7022,0,1305,34,5441,0,276,14,2404,19,2431,14,4835,California
Lassen,2021-03-22,57,7079,1,1306,56,5497,0,276,54,2455,3,2434,54,4889,California
Lassen,2021-03-23,119,7198,11,1317,107,5604,1,277,67,2471,52,2486,68,4957,California
Lassen,2021-03-24,213,7411,13,1330,199,5803,1,278,107,2474,105,2591,108,5065,California
Lassen,2021-03-25,153,7564,22,1352,131,5934,0,278,70,2461,83,2674,70,5135,California
Lassen,2021-03-26,78,7642,13,1365,26,5960,39,317,19,2460,58,2732,57,5192,California
Lassen,2021-03-27,20,7662,4,1369,1,5961,15,332,3,2461,17,2749,18,5210,California
Lassen,2021-03-28,18,7680,3,1372,5,5966,10,342,4,2461,14,2763,14,5224,California
Lassen,2021-03-29,52,7732,0,1372,27,5993,25,367,20,2475,31,2794,45,5269,California
Lassen,2021-03-30,198,7930,10,1382,163,6156,25,392,51,2404,147,2941,76,5345,California
Lassen,2021-03-31,146,8076,12,1394,112,6268,22,414,62,2404,84,3025,84,5429,California
Lassen,2021-04-01,165,8241,15,1409,131,6399,19,433,48,2355,116,3141,67,5496,California
Lassen,2021-04-02,29,8270,4,1413,3,6402,22,455,2,2352,27,3168,24,5520,California
Lassen,2021-04-03,12,8282,0,1413,2,6404,10,465,0,2350,12,3180,10,5530,California
Lassen,2021-04-04,7,8289,2,1415,0,6404,5,470,1,2350,6,3186,6,5536,California
Lassen,2021-04-05,23,8312,4,1419,12,6416,7,477,11,2357,11,3197,18,5554,California
Lassen,2021-04-06,184,8496,9,1428,145,6561,30,507,53,2309,131,3328,83,5637,California
Lassen,2021-04-07,135,8631,6,1434,92,6653,37,544,32,2277,103,3431,71,5708,California
Lassen,2021-04-08,170,8801,9,1443,105,6758,56,600,34,2235,132,3563,90,5798,California
Lassen,2021-04-09,52,8853,6,1449,11,6769,35,635,9,2236,42,3605,43,5841,California
Lassen,2021-04-10,9,8862,0,1449,2,6771,7,642,0,2235,8,3613,7,5848,California
Lassen,2021-04-11,5,8867,2,1451,0,6771,3,645,2,2237,3,3616,5,5853,California
Lassen,2021-04-12,30,8897,2,1453,15,6786,13,658,2,2224,28,3644,15,5868,California
Lassen,2021-04-13,129,9026,6,1459,123,6909,0,658,40,2176,88,3732,40,5908,California
Lassen,2021-04-14,987,10013,16,1475,971,7880,0,658,51,1292,935,4667,51,5959,California
Lassen,2021-04-15,147,10160,14,1489,133,8013,0,658,19,1183,128,4795,19,5978,California
Lassen,2021-04-16,11,10171,4,1493,7,8020,0,658,5,1182,6,4801,5,5983,California
Lassen,2021-04-17,24,10195,3,1496,21,8041,0,658,4,1166,20,4821,4,5987,California
Lassen,2021-04-18,5,10200,2,1498,3,8044,0,658,2,1165,3,4824,2,5989,California
Lassen,2021-04-19,33,10233,0,1498,33,8077,0,658,17,1166,16,4840,17,6006,California
Lassen,2021-04-20,138,10371,7,1505,131,8208,0,658,52,1132,86,4926,52,6058,California
Lassen,2021-04-21,163,10534,10,1515,153,8361,0,658,32,1035,129,5055,32,6090,California
Lassen,2021-04-22,102,10636,16,1531,86,8447,0,658,33,999,69,5124,33,6123,California
Lassen,2021-04-23,28,10664,3,1534,25,8472,0,658,22,1015,6,5130,22,6145,California
Lassen,2021-04-24,10,10674,6,1540,4,8476,0,658,4,1013,6,5136,4,6149,California
Lassen,2021-04-25,5,10679,0,1540,4,8480,1,659,3,1015,2,5138,4,6153,California
Lassen,2021-04-26,40,10719,1,1541,35,8515,4,663,7,993,33,5171,11,6164,California
Lassen,2021-04-27,121,10840,10,1551,108,8623,3,666,69,1013,52,5223,72,6236,California
Lassen,2021-04-28,84,10924,8,1559,74,8697,2,668,31,993,53,5276,33,6269,California
Lassen,2021-04-29,67,10991,7,1566,57,8754,3,671,22,974,44,5320,25,6294,California
Lassen,2021-04-30,11,11002,7,1573,1,8755,3,674,3,972,8,5328,6,6300,California
Lassen,2021-05-01,3,11005,0,1573,2,8757,1,675,2,974,1,5329,3,6303,California
Lassen,2021-05-02,12,11017,8,1581,4,8761,0,675,8,978,4,5333,8,6311,California
Lassen,2021-05-03,18,11035,1,1582,11,8772,6,681,4,974,14,5347,10,6321,California
Lassen,2021-05-04,74,11109,3,1585,63,8835,8,689,23,954,51,5398,31,6352,California
Lassen,2021-05-05,75,11184,4,1589,64,8899,7,696,23,933,51,5449,30,6382,California
Lassen,2021-05-06,80,11264,18,1607,40,8939,22,718,23,921,57,5506,45,6427,California
Lassen,2021-05-07,10,11274,4,1611,5,8944,1,719,7,926,3,5509,8,6435,California
Los Angeles,2020-12-15,392,392,392,392,0,0,0,0,392,392,0,0,392,392,California
Los Angeles,2020-12-16,3364,3756,3364,3756,0,0,0,0,3364,3756,0,0,3364,3756,California
Los Angeles,2020-12-17,10233,13989,10233,13989,0,0,0,0,10234,13990,0,0,10234,13990,California
Los Angeles,2020-12-18,14519,28508,14495,28484,24,24,0,0,14519,28509,0,0,14519,28509,California
Los Angeles,2020-12-19,7225,35733,7217,35701,8,32,0,0,7226,35735,0,0,7226,35735,California
Los Angeles,2020-12-20,4593,40326,4586,40287,7,39,0,0,4595,40330,0,0,4595,40330,California
Los Angeles,2020-12-21,13690,54016,13675,53962,15,54,0,0,13690,54019,1,1,13690,54020,California
Los Angeles,2020-12-22,11523,65539,11143,65105,380,434,0,0,11524,65542,1,2,11524,65544,California
Los Angeles,2020-12-23,11885,77424,10130,75235,1755,2189,0,0,11886,77428,0,2,11886,77430,California
Los Angeles,2020-12-24,7019,84443,4252,79487,2767,4956,0,0,7022,84450,0,2,7022,84452,California
Los Angeles,2020-12-25,525,84968,419,79906,106,5062,0,0,525,84975,0,2,525,84977,California
Los Angeles,2020-12-26,2523,87491,2179,82085,344,5406,0,0,2523,87497,1,3,2523,87500,California
Los Angeles,2020-12-27,1756,89247,1027,83112,729,6135,0,0,1756,89253,0,3,1756,89256,California
Los Angeles,2020-12-28,10283,99530,6380,89492,3903,10038,0,0,10281,99533,1,4,10281,99537,California
Los Angeles,2020-12-29,11596,111126,6076,95568,5520,15558,0,0,11598,111131,0,4,11598,111135,California
Los Angeles,2020-12-30,14862,125988,8086,103654,6776,22334,0,0,14861,125992,0,4,14861,125996,California
Los Angeles,2020-12-31,7930,133918,2754,106408,5176,27510,0,0,7927,133917,2,6,7927,133923,California
Los Angeles,2021-01-01,999,134917,270,106678,729,28239,0,0,999,134916,0,6,999,134922,California
Los Angeles,2021-01-02,4462,139379,1657,108335,2805,31044,0,0,4462,139378,0,6,4462,139384,California
Los Angeles,2021-01-03,946,140325,211,108546,735,31779,0,0,945,140322,1,7,945,140329,California
Los Angeles,2021-01-04,12704,153029,4882,113428,7822,39601,0,0,12690,153009,3,10,12690,153019,California
Los Angeles,2021-01-05,16041,169070,7084,120512,8957,48558,0,0,14140,165278,1874,1884,14143,167162,California
Los Angeles,2021-01-06,22676,191746,12080,132592,10596,59154,0,0,17083,176843,5525,7409,17090,184252,California
Los Angeles,2021-01-07,29366,221112,15812,148404,13554,72708,0,0,18856,185249,10464,17873,18870,203122,California
Los Angeles,2021-01-08,33111,254223,17899,166303,15212,87920,0,0,20889,193951,12195,30068,20897,224019,California
Los Angeles,2021-01-09,12364,266587,7073,173376,5291,93211,0,0,7500,196595,4862,34930,7506,231525,California
Los Angeles,2021-01-10,4677,271264,3631,177007,1046,94257,0,0,1945,195809,2732,37662,1946,233471,California
Los Angeles,2021-01-11,25800,297064,16251,193258,9549,103806,0,0,14867,199762,10922,48584,14875,248346,California
Los Angeles,2021-01-12,29225,326289,16079,209337,13146,116952,0,0,19091,208749,10116,58700,19103,267449,California
Los Angeles,2021-01-13,29274,355563,15638,224975,13636,130588,0,0,20329,220154,8928,67628,20333,287782,California
Los Angeles,2021-01-14,29253,384816,12723,237698,16530,147118,0,0,23747,238424,5487,73115,23757,311539,California
Los Angeles,2021-01-15,33811,418627,12367,250065,21444,168562,0,0,30237,265120,3549,76664,30245,341784,California
Los Angeles,2021-01-16,17557,436184,4963,255028,12594,181156,0,0,15781,279137,1768,78432,15785,357569,California
Los Angeles,2021-01-17,5191,441375,2310,257338,2881,184037,0,0,4946,283841,244,78676,4948,362517,California
Los Angeles,2021-01-18,15587,456962,10065,267403,5522,189559,0,0,10881,290030,4694,83370,10883,373400,California
Los Angeles,2021-01-19,38456,495418,20572,287975,17884,207443,0,0,30661,312947,7754,91124,30671,404071,California
Los Angeles,2021-01-20,45763,541181,23914,311889,21849,229292,0,0,38278,343780,7455,98579,38288,442359,California
Los Angeles,2021-01-21,48721,589902,22454,334343,26267,255559,0,0,44450,384035,4209,102788,44464,486823,California
Los Angeles,2021-01-22,47880,637782,22233,356576,25647,281206,0,0,44464,425138,3371,106159,44474,531297,California
Los Angeles,2021-01-23,33970,671752,15711,372287,18259,299465,0,0,31918,455048,2020,108179,31930,563227,California
Los Angeles,2021-01-24,15735,687487,12212,384499,3523,302988,0,0,15187,469696,540,108719,15188,578415,California
Los Angeles,2021-01-25,38772,726259,16459,400958,22313,325301,0,0,30273,491515,8470,117189,30289,608704,California
Los Angeles,2021-01-26,49264,775523,24465,425423,24799,350100,0,0,41076,524457,8153,125342,41095,649799,California
Los Angeles,2021-01-27,48543,824066,25833,451256,22710,372810,0,0,39303,554674,9105,134447,39322,689121,California
Los Angeles,2021-01-28,48613,872679,23117,474373,25496,398306,0,0,40197,586590,8295,142742,40211,729332,California
Los Angeles,2021-01-29,49268,921947,25412,499785,23856,422162,0,0,39211,616113,9703,152445,39226,768558,California
Los Angeles,2021-01-30,30002,951949,15408,515193,14594,436756,0,0,25851,637894,4074,156519,25855,794413,California
Los Angeles,2021-01-31,13022,964971,10383,525576,2639,439395,0,0,12094,649077,915,157434,12098,806511,California
Los Angeles,2021-02-01,38054,1003025,16214,541790,21840,461235,0,0,27777,666619,10245,167679,27787,834298,California
Los Angeles,2021-02-02,44229,1047254,17896,559686,26333,487568,0,0,32049,686531,12140,179819,32052,866350,California
Los Angeles,2021-02-03,52128,1099382,19563,579249,32565,520133,0,0,37249,709142,14644,194463,37255,903605,California
Los Angeles,2021-02-04,57174,1156556,20705,599954,36469,556602,0,0,39067,730424,17799,212262,39081,942686,California
Los Angeles,2021-02-05,61195,1217751,21057,621011,40138,596740,0,0,39283,748220,21494,233756,39290,981976,California
Los Angeles,2021-02-06,35503,1253254,13304,634315,22199,618939,0,0,27069,766950,8361,242117,27091,1009067,California
Los Angeles,2021-02-07,10818,1264072,8398,642713,2420,621359,0,0,8419,772991,2384,244501,8425,1017492,California
Los Angeles,2021-02-08,46734,1310806,21508,664221,25226,646585,0,0,30572,787538,16027,260528,30574,1048066,California
Los Angeles,2021-02-09,55735,1366541,24591,688812,31144,677729,0,0,28368,788619,27294,287822,28375,1076441,California
Los Angeles,2021-02-10,66880,1433421,29404,718216,37476,715205,0,0,30824,783770,35682,323504,30833,1107274,California
Los Angeles,2021-02-11,57967,1491388,30856,749072,27111,742316,0,0,27993,782233,29534,353038,27997,1135271,California
Los Angeles,2021-02-12,59511,1550899,29782,778854,29729,772045,0,0,25962,775000,33211,386249,25978,1161249,California
Los Angeles,2021-02-13,33781,1584680,19607,798461,14174,786219,0,0,15454,772250,18242,404491,15492,1176741,California
Los Angeles,2021-02-14,21878,1606558,14968,813429,6910,793129,0,0,8779,767993,13039,417530,8782,1185523,California
Los Angeles,2021-02-15,32436,1638994,15855,829284,16581,809710,0,0,17791,771208,14582,432112,17797,1203320,California
Los Angeles,2021-02-16,63972,1702966,32502,861786,31470,841180,0,0,29844,767022,34042,466154,29856,1233176,California
Los Angeles,2021-02-17,64454,1767420,34283,896069,30171,871351,0,0,26396,755538,37887,504041,26403,1259579,California
Los Angeles,2021-02-18,68256,1835676,34687,930756,33569,904920,0,0,28577,744619,39506,543547,28587,1288166,California
Los Angeles,2021-02-19,58054,1893730,35867,966623,22187,927107,0,0,28457,743591,29500,573047,28472,1316638,California
Los Angeles,2021-02-20,32742,1926472,23820,990443,8922,936029,0,0,15727,742355,16971,590018,15735,1332373,California
Los Angeles,2021-02-21,16745,1943217,15091,1005534,1654,937683,0,0,8517,742682,8193,598211,8520,1340893,California
Los Angeles,2021-02-22,34317,1977534,24976,1030510,9341,947024,0,0,17737,743924,16506,614717,17748,1358641,California
Los Angeles,2021-02-23,53671,2031205,22783,1053293,30888,977912,0,0,21147,732664,32419,647136,21159,1379800,California
Los Angeles,2021-02-24,64272,2095477,28400,1081693,35872,1013784,0,0,28318,725211,35789,682925,28336,1408136,California
Los Angeles,2021-02-25,73552,2169029,33758,1115451,39794,1053578,0,0,38586,728998,34811,717736,38598,1446734,California
Los Angeles,2021-02-26,82811,2251840,38596,1154047,44215,1097793,0,0,47352,741148,35230,752966,47380,1494114,California
Los Angeles,2021-02-27,58661,2310501,24986,1179033,33671,1131464,4,4,29995,742646,28524,781490,30022,1524136,California
Los Angeles,2021-02-28,26810,2337311,18496,1197529,8313,1139777,1,5,18857,753657,7854,789344,18865,1543001,California
Los Angeles,2021-03-01,55622,2392933,31173,1228702,24432,1164209,17,22,33726,765677,21738,811082,33758,1576759,California
Los Angeles,2021-03-02,71006,2463939,31501,1260203,39503,1203712,2,24,43404,781612,27482,838564,43417,1620176,California
Los Angeles,2021-03-03,82755,2546694,41614,1301817,41131,1244843,10,34,52024,803093,30575,869139,52056,1672232,California
Los Angeles,2021-03-04,89638,2636332,45762,1347579,43865,1288708,11,45,56565,826793,32894,902033,56594,1728826,California
Los Angeles,2021-03-05,87669,2724001,42659,1390238,44983,1333691,27,72,58425,856211,29067,931100,58485,1787311,California
Los Angeles,2021-03-06,66190,2790191,33272,1423510,31103,1364794,1815,1887,42634,877249,23416,954516,44454,1831765,California
Los Angeles,2021-03-07,25691,2815882,19308,1442818,5583,1370377,800,2687,19807,891995,5859,960375,20605,1852370,California
Los Angeles,2021-03-08,51375,2867257,26680,1469498,22750,1393127,1945,4632,38623,919905,12655,973030,40565,1892935,California
Los Angeles,2021-03-09,68949,2936206,26452,1495950,39225,1432352,3272,7904,41206,936780,27595,1000625,44470,1937405,California
Los Angeles,2021-03-10,78965,3015171,37339,1533289,36968,1469320,4658,12562,49612,961815,29200,1029825,54235,1991640,California
Los Angeles,2021-03-11,92032,3107203,44978,1578267,40605,1509925,6449,19011,54019,984409,37838,1067663,60432,2052072,California
Los Angeles,2021-03-12,96987,3204190,43143,1621410,40091,1550016,13753,32764,56451,1014209,40356,1108019,70156,2122228,California
Los Angeles,2021-03-13,74023,3278213,34461,1655871,27664,1577680,11898,44662,43992,1040132,29925,1137944,55848,2178076,California
Los Angeles,2021-03-14,38045,3316258,25413,1681284,10213,1587893,2419,47081,25502,1055551,12480,1150424,27899,2205975,California
Los Angeles,2021-03-15,73483,3389741,35538,1716822,32613,1620506,5332,52413,44847,1077256,28454,1178878,50159,2256134,California
Los Angeles,2021-03-16,98311,3488052,42485,1759307,50061,1670567,5765,58178,64219,1113298,33911,1212789,69953,2326087,California
Los Angeles,2021-03-17,95256,3583308,42811,1802118,44254,1714821,8191,66369,64015,1154344,31052,1243841,72098,2398185,California
Los Angeles,2021-03-18,99877,3683185,47246,1849364,47445,1762266,5186,71555,63688,1187282,35926,1279767,68864,2467049,California
Los Angeles,2021-03-19,106459,3789644,55120,1904484,46669,1808935,4670,76225,66180,1218065,40020,1319787,70803,2537852,California
Los Angeles,2021-03-20,75013,3864657,36592,1941076,33912,1842847,4509,80734,51987,1251683,22863,1342650,56481,2594333,California
Los Angeles,2021-03-21,33567,3898224,24776,1965852,7947,1850794,844,81578,21798,1262660,11664,1354314,22641,2616974,California
Los Angeles,2021-03-22,67961,3966185,40225,2006077,25735,1876529,2001,83579,48397,1293708,19346,1373660,50394,2667368,California
Los Angeles,2021-03-23,93638,4059823,50578,2056655,40136,1916665,2924,86503,62073,1327356,31339,1404999,64987,2732355,California
Los Angeles,2021-03-24,102316,4162139,54457,2111112,44993,1961658,2866,89369,60579,1349335,41454,1446453,63433,2795788,California
Los Angeles,2021-03-25,107704,4269843,57730,2168842,46314,2007972,3660,93029,61693,1368926,45753,1492206,65344,2861132,California
Los Angeles,2021-03-26,111893,4381736,60986,2229828,46817,2054789,4090,97119,63743,1388838,47900,1540106,67812,2928944,California
Los Angeles,2021-03-27,81314,4463050,42844,2272672,36353,2091142,2117,99236,42235,1394341,38848,1578954,44351,2973295,California
Los Angeles,2021-03-28,40865,4503915,27330,2300002,12952,2104094,583,99819,20774,1395702,19996,1598950,21357,2994652,California
Los Angeles,2021-03-29,81342,4585257,45919,2345921,33823,2137917,1600,101419,46641,1409417,34521,1633471,48236,3042888,California
Los Angeles,2021-03-30,106901,4692158,50396,2396317,50791,2188708,5714,107133,65576,1439570,41113,1674584,71266,3114154,California
Los Angeles,2021-03-31,119815,4811973,60221,2456538,51090,2239798,8504,115637,70124,1468710,49451,1724035,78591,3192745,California
Los Angeles,2021-04-01,130121,4942094,60705,2517243,54643,2294441,14773,130410,70907,1495370,58961,1782996,85621,3278366,California
Los Angeles,2021-04-02,127998,5070092,56529,2573772,56630,2351071,14839,145249,68930,1520346,58772,1841768,83748,3362114,California
Los Angeles,2021-04-03,96047,5166139,43813,2617585,39213,2390284,13021,158270,47744,1532924,48140,1889908,60718,3422832,California
Los Angeles,2021-04-04,38906,5205045,20348,2637933,11987,2402271,6571,164841,16688,1534001,22154,1912062,23231,3446063,California
Los Angeles,2021-04-05,92978,5298023,43991,2681924,38911,2441182,10076,174917,44795,1540809,48012,1960074,54820,3500883,California
Los Angeles,2021-04-06,119929,5417952,56453,2738377,43395,2484577,20081,194998,55722,1552530,63985,2024059,75706,3576589,California
Los Angeles,2021-04-07,118544,5536496,53967,2792344,43724,2528301,20853,215851,54262,1563494,64058,2088117,75022,3651611,California
Los Angeles,2021-04-08,131147,5667643,57790,2850134,49532,2577833,23825,239676,59856,1576025,71035,2159152,83566,3735177,California
Los Angeles,2021-04-09,129353,5796996,56026,2906160,49712,2627545,23615,263291,56168,1582767,72925,2232077,79667,3814844,California
Los Angeles,2021-04-10,100516,5897512,42729,2948889,33993,2661538,23794,287085,37312,1580786,62996,2295073,61015,3875859,California
Los Angeles,2021-04-11,41506,5939018,22466,2971355,9585,2671123,9455,296540,14471,1577702,26967,2322040,23883,3899742,California
Los Angeles,2021-04-12,78213,6017231,38334,3009689,33654,2704777,6225,302765,32684,1571216,45349,2367389,38863,3938605,California
Los Angeles,2021-04-13,116690,6133921,58752,3068441,57517,2762294,421,303186,61840,1578838,54644,2422033,62266,4000871,California
Los Angeles,2021-04-14,116570,6250491,58756,3127197,57686,2819980,128,303314,63429,1589476,52912,2474945,63550,4064421,California
Los Angeles,2021-04-15,127208,6377699,69021,3196218,58018,2877998,169,303483,72779,1608109,54196,2529141,72829,4137250,California
Los Angeles,2021-04-16,127696,6505395,67974,3264192,59581,2937579,141,303624,67559,1615835,59906,2589047,67632,4204882,California
Los Angeles,2021-04-17,96411,6601806,50528,3314720,45858,2983437,25,303649,54905,1629445,41326,2630373,54936,4259818,California
Los Angeles,2021-04-18,33744,6635550,22378,3337098,11365,2994802,1,303650,18659,1633086,15025,2645398,18666,4278484,California
Los Angeles,2021-04-19,73924,6709474,39371,3376469,34543,3029345,10,303660,33170,1625671,40603,2686001,33188,4311672,California
Los Angeles,2021-04-20,100699,6810173,49308,3425777,51377,3080722,14,303674,50166,1625526,50327,2736328,50182,4361854,California
Los Angeles,2021-04-21,108127,6918300,51920,3477697,56019,3136741,188,303862,48261,1614372,59605,2795933,48451,4410305,California
Los Angeles,2021-04-22,113944,7032244,58735,3536432,55175,3191916,34,303896,50231,1601192,63450,2859383,50270,4460575,California
Los Angeles,2021-04-23,112641,7144885,61707,3598139,50918,3242834,16,303912,53794,1596412,58592,2917975,53812,4514387,California
Los Angeles,2021-04-24,87070,7231955,55905,3654044,31139,3273973,26,303938,48918,1607409,37953,2955928,48950,4563337,California
Los Angeles,2021-04-25,37707,7269662,25052,3679096,12651,3286624,4,303942,20398,1610592,17220,2973148,20403,4583740,California
Los Angeles,2021-04-26,66204,7335866,35447,3714543,30311,3316935,446,304388,33115,1611223,32923,3006071,33554,4617294,California
Los Angeles,2021-04-27,83591,7419457,40137,3754680,41781,3358716,1673,306061,31837,1593202,51524,3057595,33503,4650797,California
Los Angeles,2021-04-28,83814,7503271,40590,3795270,41222,3399938,2002,308063,32762,1577161,50798,3108393,34757,4685554,California
Los Angeles,2021-04-29,89997,7593268,44964,3840234,42936,3442874,2097,310160,32014,1553602,57671,3166064,34112,4719666,California
Los Angeles,2021-04-30,96952,7690220,48436,3888670,46189,3489063,2327,312487,35462,1530216,61166,3227230,37780,4757446,California
Los Angeles,2021-05-01,73883,7764103,41556,3930226,30849,3519912,1478,313965,27825,1513673,45843,3273073,29300,4786746,California
Los Angeles,2021-05-02,27856,7791959,17893,3948119,9261,3529173,702,314667,10101,1506826,17648,3290721,10801,4797547,California
Los Angeles,2021-05-03,59300,7851259,29133,3977252,28068,3557241,2099,316766,20789,1491381,38323,3329044,22878,4820425,California
Los Angeles,2021-05-04,82996,7934255,45965,4023217,34902,3592143,2129,318895,25248,1461268,57484,3386528,27371,4847796,California
Los Angeles,2021-05-05,53487,7987742,34402,4057619,17734,3609877,1351,320246,13850,1437010,39451,3425979,15193,4862989,California
Los Angeles,2021-05-06,61907,8049649,41156,4098775,19396,3629273,1355,321601,12654,1401999,49006,3474985,13995,4876984,California
Los Angeles,2021-05-07,52176,8101825,38414,4137189,12678,3641951,1084,322685,11297,1373659,40713,3515698,12373,4889357,California
Madera,2020-12-16,22,22,22,22,0,0,0,0,22,22,0,0,22,22,California
Madera,2020-12-17,13,35,13,35,0,0,0,0,13,35,0,0,13,35,California
Madera,2020-12-18,60,95,60,95,0,0,0,0,60,95,0,0,60,95,California
Madera,2020-12-19,5,100,5,100,0,0,0,0,5,100,0,0,5,100,California
Madera,2020-12-20,14,114,14,114,0,0,0,0,14,114,0,0,14,114,California
Madera,2020-12-21,60,174,60,174,0,0,0,0,60,174,0,0,60,174,California
Madera,2020-12-22,97,271,95,269,2,2,0,0,97,271,0,0,97,271,California
Madera,2020-12-23,67,338,67,336,0,2,0,0,67,338,0,0,67,338,California
Madera,2020-12-24,45,383,40,376,5,7,0,0,45,383,0,0,45,383,California
Madera,2020-12-26,28,411,26,402,2,9,0,0,28,411,0,0,28,411,California
Madera,2020-12-27,30,441,12,414,18,27,0,0,30,441,0,0,30,441,California
Madera,2020-12-28,107,548,37,451,70,97,0,0,107,548,0,0,107,548,California
Madera,2020-12-29,175,723,40,491,135,232,0,0,175,723,0,0,175,723,California
Madera,2020-12-30,218,941,86,577,132,364,0,0,218,941,0,0,218,941,California
Madera,2020-12-31,201,1142,80,657,121,485,0,0,201,1142,0,0,201,1142,California
Madera,2021-01-01,1,1143,1,658,0,485,0,0,1,1143,0,0,1,1143,California
Madera,2021-01-02,89,1232,33,691,56,541,0,0,89,1232,0,0,89,1232,California
Madera,2021-01-03,5,1237,5,696,0,541,0,0,5,1237,0,0,5,1237,California
Madera,2021-01-04,129,1366,65,761,64,605,0,0,129,1366,0,0,129,1366,California
Madera,2021-01-05,279,1645,143,904,136,741,0,0,275,1637,4,4,275,1641,California
Madera,2021-01-06,184,1829,27,931,157,898,0,0,164,1781,20,24,164,1805,California
Madera,2021-01-07,396,2225,113,1044,283,1181,0,0,374,2133,22,46,374,2179,California
Madera,2021-01-08,418,2643,72,1116,346,1527,0,0,363,2443,54,100,364,2543,California
Madera,2021-01-09,37,2680,14,1130,23,1550,0,0,28,2462,9,109,28,2571,California
Madera,2021-01-10,17,2697,14,1144,3,1553,0,0,5,2455,12,121,5,2576,California
Madera,2021-01-11,237,2934,189,1333,48,1601,0,0,195,2608,42,163,195,2771,California
Madera,2021-01-12,390,3324,157,1490,233,1834,0,0,284,2786,106,269,284,3055,California
Madera,2021-01-13,185,3509,91,1581,94,1928,0,0,129,2860,56,325,130,3185,California
Madera,2021-01-14,554,4063,82,1663,472,2400,0,0,520,3346,34,359,520,3705,California
Madera,2021-01-15,600,4663,160,1823,440,2840,0,0,579,3904,21,380,579,4284,California
Madera,2021-01-16,382,5045,47,1870,335,3175,0,0,353,4228,29,409,353,4637,California
Madera,2021-01-17,335,5380,15,1885,320,3495,0,0,331,4555,4,413,331,4968,California
Madera,2021-01-18,77,5457,61,1946,16,3511,0,0,58,4595,18,431,58,5026,California
Madera,2021-01-19,572,6029,135,2081,437,3948,0,0,545,5114,27,458,546,5572,California
Madera,2021-01-20,235,6264,80,2161,155,4103,0,0,207,5294,27,485,207,5779,California
Madera,2021-01-21,238,6502,131,2292,107,4210,0,0,205,5468,31,516,205,5984,California
Madera,2021-01-22,257,6759,83,2375,174,4384,0,0,243,5697,14,530,243,6227,California
Madera,2021-01-23,100,6859,52,2427,48,4432,0,0,76,5749,24,554,76,6303,California
Madera,2021-01-24,101,6960,82,2509,19,4451,0,0,78,5804,23,577,78,6381,California
Madera,2021-01-25,255,7215,124,2633,131,4582,0,0,141,5831,114,691,141,6522,California
Madera,2021-01-26,483,7698,189,2822,294,4876,0,0,294,5938,188,879,295,6817,California
Madera,2021-01-27,737,8435,63,2885,674,5550,0,0,600,6403,137,1016,602,7419,California
Madera,2021-01-28,541,8976,106,2991,435,5985,0,0,438,6738,103,1119,438,7857,California
Madera,2021-01-29,468,9444,95,3086,373,6358,0,0,412,7094,56,1175,412,8269,California
Madera,2021-01-30,505,9949,16,3102,489,6847,0,0,451,7491,54,1229,451,8720,California
Madera,2021-01-31,9,9958,6,3108,3,6850,0,0,8,7498,1,1230,8,8728,California
Madera,2021-02-01,257,10215,73,3181,184,7034,0,0,197,7635,60,1290,197,8925,California
Madera,2021-02-02,251,10466,87,3268,164,7198,0,0,161,7708,89,1379,162,9087,California
Madera,2021-02-03,594,11060,460,3728,134,7332,0,0,475,8067,117,1496,476,9563,California
Madera,2021-02-04,389,11449,121,3849,268,7600,0,0,112,7904,276,1772,113,9676,California
Madera,2021-02-05,975,12424,297,4146,678,8278,0,0,369,7673,601,2373,370,10046,California
Madera,2021-02-06,359,12783,324,4470,35,8313,0,0,320,7955,38,2411,320,10366,California
Madera,2021-02-07,35,12818,7,4477,28,8341,0,0,30,7980,5,2416,30,10396,California
Madera,2021-02-08,384,13202,308,4785,76,8417,0,0,270,8137,113,2529,270,10666,California
Madera,2021-02-09,480,13682,119,4904,361,8778,0,0,198,8057,279,2808,199,10865,California
Madera,2021-02-10,429,14111,149,5053,280,9058,0,0,323,8274,106,2914,323,11188,California
Madera,2021-02-11,935,15046,307,5360,628,9686,0,0,406,8153,528,3442,407,11595,California
Madera,2021-02-12,844,15890,120,5480,724,10410,0,0,311,7940,527,3969,314,11909,California
Madera,2021-02-13,485,16375,44,5524,441,10851,0,0,139,7736,345,4314,141,12050,California
Madera,2021-02-14,399,16774,75,5599,324,11175,0,0,137,7612,262,4576,138,12188,California
Madera,2021-02-15,244,17018,98,5697,146,11321,0,0,175,7719,68,4644,175,12363,California
Madera,2021-02-16,775,17793,183,5880,592,11913,0,0,229,7405,544,5188,230,12593,California
Madera,2021-02-17,609,18402,274,6154,335,12248,0,0,339,7481,265,5453,341,12934,California
Madera,2021-02-18,1299,19701,540,6694,759,13007,0,0,1121,8425,178,5631,1122,14056,California
Madera,2021-02-19,861,20562,545,7239,316,13323,0,0,719,9003,142,5773,720,14776,California
Madera,2021-02-20,1069,21631,978,8217,91,13414,0,0,998,9932,70,5843,999,15775,California
Madera,2021-02-21,962,22593,819,9036,143,13557,0,0,957,10884,5,5848,957,16732,California
Madera,2021-02-22,908,23501,832,9868,76,13633,0,0,854,11684,54,5902,854,17586,California
Madera,2021-02-23,768,24269,495,10363,273,13906,0,0,548,12013,219,6121,548,18134,California
Madera,2021-02-24,906,25175,299,10662,607,14513,0,0,377,11862,528,6649,377,18511,California
Madera,2021-02-25,1017,26192,306,10968,711,15224,0,0,587,12021,428,7077,587,19098,California
Madera,2021-02-26,1073,27265,185,11153,888,16112,0,0,698,12346,373,7450,698,19796,California
Madera,2021-02-27,872,28137,245,11398,627,16739,0,0,449,12378,420,7870,452,20248,California
Madera,2021-02-28,189,28326,29,11427,160,16899,0,0,183,12555,6,7876,183,20431,California
Madera,2021-03-01,373,28699,119,11546,254,17153,0,0,193,12570,178,8054,193,20624,California
Madera,2021-03-02,653,29352,268,11814,385,17538,0,0,541,13000,112,8166,542,21166,California
Madera,2021-03-03,1329,30681,707,12521,622,18160,0,0,927,13552,399,8565,951,22117,California
Madera,2021-03-04,1179,31860,506,13027,673,18833,0,0,934,14243,246,8811,937,23054,California
Madera,2021-03-05,1328,33188,407,13434,908,19741,13,13,1063,15067,263,9074,1087,24141,California
Madera,2021-03-06,802,33990,621,14055,149,19890,32,45,484,15266,318,9392,517,24658,California
Madera,2021-03-07,153,34143,27,14082,104,19994,22,67,103,15341,50,9442,125,24783,California
Madera,2021-03-08,597,34740,336,14418,202,20196,59,126,304,15413,293,9735,365,25148,California
Madera,2021-03-09,457,35197,160,14578,263,20459,34,160,279,15558,176,9911,321,25469,California
Madera,2021-03-10,1136,36333,513,15091,546,21005,77,237,709,15922,423,10334,787,26256,California
Madera,2021-03-11,1660,37993,844,15935,484,21489,332,569,749,16105,909,11243,1092,27348,California
Madera,2021-03-12,1531,39524,779,16714,597,22086,155,724,753,16262,776,12019,933,28281,California
Madera,2021-03-13,1811,41335,1268,17982,345,22431,198,922,745,16157,1064,13083,959,29240,California
Madera,2021-03-14,582,41917,448,18430,101,22532,33,955,293,16196,287,13370,326,29566,California
Madera,2021-03-15,730,42647,213,18643,470,23002,47,1002,506,16553,221,13591,578,30144,California
Madera,2021-03-16,825,43472,422,19065,356,23358,47,1049,643,17081,179,13770,707,30851,California
Madera,2021-03-17,1413,44885,932,19997,419,23777,62,1111,861,17550,544,14314,1013,31864,California
Madera,2021-03-18,1874,46759,649,20646,1165,24942,60,1171,911,17649,956,15270,1055,32919,California
Madera,2021-03-19,1515,48274,587,21233,844,25786,84,1255,981,18251,528,15798,1130,34049,California
Madera,2021-03-20,1130,49404,772,22005,307,26093,51,1306,580,18382,548,16346,679,34728,California
Madera,2021-03-21,1073,50477,872,22877,156,26249,45,1351,357,18072,713,17059,403,35131,California
Madera,2021-03-22,1359,51836,851,23728,440,26689,68,1419,686,18198,670,17729,796,35927,California
Madera,2021-03-23,1396,53232,839,24567,466,27155,91,1510,737,18451,657,18386,910,36837,California
Madera,2021-03-24,906,54138,470,25037,405,27560,31,1541,601,18784,303,18689,636,37473,California
Madera,2021-03-25,1126,55264,491,25528,611,28171,24,1565,647,19000,468,19157,684,38157,California
Madera,2021-03-26,1439,56703,510,26038,797,28968,132,1697,673,19048,760,19917,808,38965,California
Madera,2021-03-27,830,57533,530,26568,279,29247,21,1718,373,18992,451,20368,395,39360,California
Madera,2021-03-28,419,57952,136,26704,222,29469,61,1779,229,19146,189,20557,343,39703,California
Madera,2021-03-29,679,58631,179,26883,473,29942,27,1806,488,19477,188,20745,519,40222,California
Madera,2021-03-30,1016,59647,561,27444,423,30365,32,1838,556,19609,457,21202,589,40811,California
Madera,2021-03-31,1321,60968,489,27933,697,31062,135,1973,446,19322,869,22071,582,41393,California
Madera,2021-04-01,1246,62214,538,28471,659,31721,49,2022,440,19008,801,22872,487,41880,California
Madera,2021-04-02,1538,63752,409,28880,1070,32791,59,2081,472,18485,1055,23927,532,42412,California
Madera,2021-04-03,874,64626,683,29563,171,32962,20,2101,382,18406,490,24417,411,42823,California
Madera,2021-04-04,184,64810,65,29628,117,33079,2,2103,85,18394,99,24516,87,42910,California
Madera,2021-04-05,734,65544,255,29883,421,33500,58,2161,340,18413,393,24909,412,43322,California
Madera,2021-04-06,1691,67235,879,30762,464,33964,348,2509,635,18340,1055,25964,982,44304,California
Madera,2021-04-07,1199,68434,371,31133,679,34643,149,2658,456,18210,740,26704,610,44914,California
Madera,2021-04-08,1696,70130,655,31788,785,35428,256,2914,567,17917,1122,27826,829,45743,California
Madera,2021-04-09,1610,71740,672,32460,790,36218,148,3062,939,18342,665,28491,1090,46833,California
Madera,2021-04-10,954,72694,679,33139,208,36426,67,3129,709,18873,246,28737,777,47610,California
Madera,2021-04-11,786,73480,638,33777,69,36495,79,3208,296,18758,487,29224,372,47982,California
Madera,2021-04-12,778,74258,265,34042,435,36930,78,3286,301,18661,477,29701,380,48362,California
Madera,2021-04-13,1233,75491,608,34650,584,37514,41,3327,726,18933,505,30206,777,49139,California
Madera,2021-04-14,1361,76852,838,35488,523,38037,0,3327,580,18736,783,30989,586,49725,California
Madera,2021-04-15,1122,77974,470,35958,651,38688,1,3328,447,18521,664,31653,449,50174,California
Madera,2021-04-16,1280,79254,518,36476,762,39450,0,3328,442,18137,827,32480,443,50617,California
Madera,2021-04-17,1263,80517,1064,37540,199,39649,0,3328,825,18524,438,32918,825,51442,California
Madera,2021-04-18,244,80761,207,37747,37,39686,0,3328,99,18479,144,33062,99,51541,California
Madera,2021-04-19,797,81558,232,37979,564,40250,1,3329,269,18227,522,33584,270,51811,California
Madera,2021-04-20,865,82423,423,38402,442,40692,0,3329,237,17841,625,34209,239,52050,California
Madera,2021-04-21,854,83277,447,38849,407,41099,0,3329,296,17584,555,34764,298,52348,California
Madera,2021-04-22,1054,84331,510,39359,544,41643,0,3329,392,17319,658,35422,393,52741,California
Madera,2021-04-23,939,85270,304,39663,634,42277,1,3330,327,17039,608,36030,328,53069,California
Madera,2021-04-24,703,85973,464,40127,239,42516,0,3330,283,16907,416,36446,284,53353,California
Madera,2021-04-25,264,86237,160,40287,101,42617,3,3333,118,16886,143,36589,122,53475,California
Madera,2021-04-26,504,86741,89,40376,409,43026,6,3339,103,16595,400,36989,109,53584,California
Madera,2021-04-27,553,87294,257,40633,275,43301,21,3360,295,16655,257,37246,317,53901,California
Madera,2021-04-28,474,87768,197,40830,258,43559,19,3379,236,16673,236,37482,254,54155,California
Madera,2021-04-29,515,88283,240,41070,248,43807,27,3406,250,16692,258,37740,277,54432,California
Madera,2021-04-30,906,89189,505,41575,385,44192,16,3422,255,16316,647,38387,271,54703,California
Madera,2021-05-01,955,90144,863,42438,79,44271,13,3435,388,16150,567,38954,401,55104,California
Madera,2021-05-02,398,90542,350,42788,44,44315,4,3439,149,16054,249,39203,153,55257,California
Madera,2021-05-03,483,91025,199,42987,259,44574,25,3464,98,15795,382,39585,123,55380,California
Madera,2021-05-04,868,91893,424,43411,403,44977,41,3505,211,15390,657,40242,252,55632,California
Madera,2021-05-05,884,92777,444,43855,385,45362,55,3560,227,15018,655,40897,283,55915,California
Madera,2021-05-06,576,93353,209,44064,341,45703,26,3586,115,14702,457,41354,141,56056,California
Madera,2021-05-07,633,93986,219,44283,402,46105,12,3598,132,14350,495,41849,143,56199,California
Marin,2020-12-15,2,2,2,2,0,0,0,0,2,2,0,0,2,2,California
Marin,2020-12-16,107,109,107,109,0,0,0,0,107,109,0,0,107,109,California
Marin,2020-12-17,260,369,260,369,0,0,0,0,260,369,0,0,260,369,California
Marin,2020-12-18,373,742,373,742,0,0,0,0,373,742,0,0,373,742,California
Marin,2020-12-19,349,1091,348,1090,1,1,0,0,349,1091,0,0,349,1091,California
Marin,2020-12-20,167,1258,166,1256,1,2,0,0,167,1258,0,0,167,1258,California
Marin,2020-12-21,238,1496,235,1491,3,5,0,0,238,1496,0,0,238,1496,California
Marin,2020-12-22,521,2017,317,1808,204,209,0,0,521,2017,0,0,521,2017,California
Marin,2020-12-23,730,2747,321,2129,409,618,0,0,730,2747,0,0,730,2747,California
Marin,2020-12-24,357,3104,159,2288,198,816,0,0,357,3104,0,0,357,3104,California
Marin,2020-12-25,27,3131,0,2288,27,843,0,0,27,3131,0,0,27,3131,California
Marin,2020-12-26,143,3274,93,2381,50,893,0,0,143,3274,0,0,143,3274,California
Marin,2020-12-27,92,3366,55,2436,37,930,0,0,92,3366,0,0,92,3366,California
Marin,2020-12-28,408,3774,99,2535,309,1239,0,0,408,3774,0,0,408,3774,California
Marin,2020-12-29,402,4176,88,2623,314,1553,0,0,402,4176,0,0,402,4176,California
Marin,2020-12-30,626,4802,388,3011,238,1791,0,0,626,4802,0,0,626,4802,California
Marin,2020-12-31,197,4999,34,3045,163,1954,0,0,197,4999,0,0,197,4999,California
Marin,2021-01-01,16,5015,6,3051,10,1964,0,0,16,5015,0,0,16,5015,California
Marin,2021-01-02,108,5123,102,3153,6,1970,0,0,108,5123,0,0,108,5123,California
Marin,2021-01-03,54,5177,36,3189,18,1988,0,0,51,5174,0,0,51,5174,California
Marin,2021-01-04,296,5473,192,3381,104,2092,0,0,295,5468,1,1,295,5469,California
Marin,2021-01-05,368,5841,222,3603,146,2238,0,0,325,5750,43,44,325,5794,California
Marin,2021-01-06,819,6660,318,3921,501,2739,0,0,641,6213,178,222,641,6435,California
Marin,2021-01-07,890,7550,502,4423,388,3127,0,0,544,6411,346,568,544,6979,California
Marin,2021-01-08,971,8521,515,4938,456,3583,0,0,594,6629,376,944,594,7573,California
Marin,2021-01-09,619,9140,224,5162,395,3978,0,0,487,6984,132,1076,487,8060,California
Marin,2021-01-10,129,9269,100,5262,29,4007,0,0,55,6965,74,1150,55,8115,California
Marin,2021-01-11,468,9737,326,5588,142,4149,0,0,248,6995,220,1370,250,8365,California
Marin,2021-01-12,935,10672,538,6126,397,4546,0,0,568,7199,364,1734,568,8933,California
Marin,2021-01-13,1175,11847,498,6624,677,5223,0,0,937,7898,238,1972,937,9870,California
Marin,2021-01-14,1068,12915,318,6942,750,5973,0,0,918,8668,148,2120,918,10788,California
Marin,2021-01-15,1155,14070,354,7296,801,6774,0,0,1025,9565,129,2249,1026,11814,California
Marin,2021-01-16,1120,15190,914,8210,206,6980,0,0,1046,10537,74,2323,1046,12860,California
Marin,2021-01-17,1232,16422,1113,9323,119,7099,0,0,1203,11715,28,2351,1206,14066,California
Marin,2021-01-18,360,16782,159,9482,201,7300,0,0,309,11973,51,2402,309,14375,California
Marin,2021-01-19,1156,17938,914,10396,242,7542,0,0,984,12786,171,2573,984,15359,California
Marin,2021-01-20,1790,19728,1208,11604,582,8124,0,0,1060,13127,719,3292,1060,16419,California
Marin,2021-01-21,1685,21413,1062,12666,623,8747,0,0,1332,14111,350,3642,1334,17753,California
Marin,2021-01-22,1700,23113,1088,13754,612,9359,0,0,1532,15475,168,3810,1532,19285,California
Marin,2021-01-23,1843,24956,1341,15095,502,9861,0,0,1754,17141,88,3898,1754,21039,California
Marin,2021-01-24,614,25570,166,15261,448,10309,0,0,582,17691,32,3930,582,21621,California
Marin,2021-01-25,1128,26698,229,15490,899,11208,0,0,693,17950,435,4365,694,22315,California
Marin,2021-01-26,1505,28203,783,16273,722,11930,0,0,1130,18706,374,4739,1130,23445,California
Marin,2021-01-27,1714,29917,886,17159,828,12758,0,0,1352,19699,360,5099,1353,24798,California
Marin,2021-01-28,2079,31996,1070,18229,1009,13767,0,0,1815,21252,263,5362,1816,26614,California
Marin,2021-01-29,2195,34191,1446,19675,749,14516,0,0,1991,23052,192,5554,1992,28606,California
Marin,2021-01-30,1721,35912,906,20581,815,15331,0,0,1642,24616,79,5633,1643,30249,California
Marin,2021-01-31,456,36368,319,20900,137,15468,0,0,430,25020,26,5659,430,30679,California
Marin,2021-02-01,1090,37458,416,21316,674,16142,0,0,891,25713,199,5858,892,31571,California
Marin,2021-02-02,1352,38810,462,21778,890,17032,0,0,723,25817,619,6477,723,32294,California
Marin,2021-02-03,1782,40592,429,22207,1353,18385,0,0,1257,26550,524,7001,1257,33551,California
Marin,2021-02-04,1540,42132,513,22720,1027,19412,0,0,937,26887,600,7601,937,34488,California
Marin,2021-02-05,2179,44311,683,23403,1496,20908,0,0,1341,27394,834,8435,1341,35829,California
Marin,2021-02-06,1425,45736,850,24253,575,21483,0,0,603,27176,821,9256,603,36432,California
Marin,2021-02-07,1289,47025,1008,25261,281,21764,0,0,488,26864,800,10056,488,36920,California
Marin,2021-02-08,1521,48546,754,26015,767,22531,0,0,726,26797,793,10849,726,37646,California
Marin,2021-02-09,1783,50329,1122,27137,661,23192,0,0,835,26684,948,11797,835,38481,California
Marin,2021-02-10,2337,52666,1491,28628,846,24038,0,0,1217,26784,1118,12915,1218,39699,California
Marin,2021-02-11,2871,55537,1644,30272,1227,25265,0,0,1454,26830,1411,14326,1457,41156,California
Marin,2021-02-12,3062,58599,1540,31812,1522,26787,0,0,1563,26897,1496,15822,1563,42719,California
Marin,2021-02-13,2336,60935,1243,33055,1093,27880,0,0,1129,26821,1205,17027,1129,43848,California
Marin,2021-02-14,811,61746,302,33357,509,28389,0,0,718,27447,93,17120,719,44567,California
Marin,2021-02-15,1215,62961,355,33712,860,29249,0,0,835,27904,379,17499,836,45403,California
Marin,2021-02-16,2464,65425,1057,34769,1407,30656,0,0,1503,28447,960,18459,1503,46906,California
Marin,2021-02-17,2098,67523,942,35711,1156,31812,0,0,1085,28522,1011,19470,1086,47992,California
Marin,2021-02-18,2417,69940,1581,37292,836,32648,0,0,1059,28224,1357,20827,1059,49051,California
Marin,2021-02-19,2761,72701,2157,39449,604,33252,0,0,1219,27914,1530,22357,1220,50271,California
Marin,2021-02-20,2565,75266,2112,41561,453,33705,0,0,1216,27789,1342,23699,1217,51488,California
Marin,2021-02-21,1283,76549,1091,42652,192,33897,0,0,909,28328,370,24069,909,52397,California
Marin,2021-02-22,1827,78376,1407,44059,420,34317,0,0,1215,28933,610,24679,1215,53612,California
Marin,2021-02-23,2836,81212,1616,45675,1220,35537,0,0,1908,29924,918,25597,1909,55521,California
Marin,2021-02-24,3509,84721,1608,47283,1901,37438,0,0,2250,30923,1252,26849,2251,57772,California
Marin,2021-02-25,3931,88652,1809,49092,2122,39560,0,0,2773,32546,1151,28000,2774,60546,California
Marin,2021-02-26,3494,92146,1890,50982,1604,41164,0,0,2535,34135,947,28947,2536,63082,California
Marin,2021-02-27,2609,94755,1495,52477,1114,42278,0,0,1776,35083,830,29777,1778,64860,California
Marin,2021-02-28,1380,96135,919,53396,461,42739,0,0,1043,35792,334,30111,1043,65903,California
Marin,2021-03-01,2491,98626,1546,54942,945,43684,0,0,1674,36655,811,30922,1674,67577,California
Marin,2021-03-02,2445,101071,1608,56550,836,44520,1,1,1692,37598,750,31672,1693,69270,California
Marin,2021-03-03,4318,105389,2399,58949,1915,46435,4,5,2796,38881,1517,33189,2800,72070,California
Marin,2021-03-04,3348,108737,1652,60601,1695,48130,1,6,2335,40214,1006,34195,2339,74409,California
Marin,2021-03-05,3035,111772,1139,61740,1884,50014,12,18,1780,40754,1252,35447,1792,76201,California
Marin,2021-03-06,3226,114998,2314,64054,834,50848,78,96,2653,42916,568,36015,2730,78931,California
Marin,2021-03-07,1370,116368,1152,65206,194,51042,24,120,980,43534,386,36401,1004,79935,California
Marin,2021-03-08,1874,118242,1369,66575,388,51430,117,237,1408,44596,463,36864,1525,81460,California
Marin,2021-03-09,2099,120341,1218,67793,774,52204,107,344,1426,45458,671,37535,1533,82993,California
Marin,2021-03-10,4399,124740,2459,70252,1659,53863,281,625,3172,47690,1223,38758,3455,86448,California
Marin,2021-03-11,4566,129306,1875,72127,2556,56419,135,760,3272,49810,1287,40045,3407,89855,California
Marin,2021-03-12,3977,133283,1538,73665,2083,58502,356,1116,1567,49334,2399,42444,1923,91778,California
Marin,2021-03-13,4092,137375,2856,76521,1164,59666,72,1188,2418,50147,1672,44116,2485,94263,California
Marin,2021-03-14,2274,139649,1097,77618,1060,60726,117,1305,727,49445,1545,45661,843,95106,California
Marin,2021-03-15,3230,142879,1763,79381,1419,62145,48,1353,1219,48710,2001,47662,1266,96372,California
Marin,2021-03-16,4300,147179,2314,81695,1622,63767,364,1717,1524,47823,2773,50435,1886,98258,California
Marin,2021-03-17,4177,151356,2267,83962,1866,65633,44,1761,2057,47814,2109,52544,2100,100358,California
Marin,2021-03-18,4477,155833,2252,86214,2150,67783,75,1836,2244,47913,2217,54761,2316,102674,California
Marin,2021-03-19,4466,160299,2282,88496,1965,69748,219,2055,2429,48531,2028,56789,2646,105320,California
Marin,2021-03-20,3574,163873,1980,90476,1480,71228,114,2169,2032,49143,1535,58324,2147,107467,California
Marin,2021-03-21,1535,165408,1130,91606,380,71608,25,2194,800,49235,733,59057,825,108292,California
Marin,2021-03-22,2469,167877,2135,93741,169,71777,165,2359,994,48924,1470,60527,1159,109451,California
Marin,2021-03-23,4242,172119,2195,95936,1917,73694,130,2489,1933,48684,2303,62830,2063,111514,California
Marin,2021-03-24,4417,176536,2898,98834,1415,75109,104,2593,1797,47974,2609,65439,1899,113413,California
Marin,2021-03-25,4641,181177,2836,101670,1737,76846,68,2661,2266,47944,2362,67801,2332,115745,California
Marin,2021-03-26,4286,185463,2326,103996,1746,78592,214,2875,2419,48727,1850,69651,2633,118378,California
Marin,2021-03-27,3692,189155,2650,106646,1023,79615,19,2894,1145,47353,2537,72188,1163,119541,California
Marin,2021-03-28,2379,191534,1718,108364,655,80270,6,2900,1104,47194,1269,73457,1110,120651,California
Marin,2021-03-29,2686,194220,2092,110456,569,80839,25,2925,1185,46905,1499,74956,1210,121861,California
Marin,2021-03-30,4654,198874,3644,114100,977,81816,33,2958,3057,48401,1594,76550,3090,124951,California
Marin,2021-03-31,5795,204669,4106,118206,1640,83456,49,3007,2578,47821,3207,79757,2627,127578,California
Marin,2021-04-01,4394,209063,2269,120475,1874,85330,251,3258,2115,47915,2271,82028,2365,129943,California
Marin,2021-04-02,3694,212757,1833,122308,1498,86828,363,3621,1976,48539,1711,83739,2335,132278,California
Marin,2021-04-03,3835,216592,2518,124826,949,87777,368,3989,1466,48014,2359,86098,1834,134112,California
Marin,2021-04-04,1636,218228,1230,126056,202,87979,204,4193,1194,48972,440,86538,1398,135510,California
Marin,2021-04-05,2197,220425,1526,127582,300,88279,371,4564,1269,49687,923,87461,1638,137148,California
Marin,2021-04-06,3947,224372,2109,129691,1288,89567,550,5114,2194,50680,1748,89209,2741,139889,California
Marin,2021-04-07,3914,228286,1981,131672,1294,90861,639,5753,1428,50268,2479,91688,2067,141956,California
Marin,2021-04-08,5001,233287,1956,133628,2438,93299,607,6360,2285,50442,2708,94396,2882,144838,California
Marin,2021-04-09,3952,237239,1540,135168,1686,94985,726,7086,1301,49820,2646,97042,2024,146862,California
Marin,2021-04-10,3184,240423,1461,136629,1290,96275,433,7519,1435,49947,1739,98781,1866,148728,California
Marin,2021-04-11,1059,241482,804,137433,93,96368,162,7681,476,50002,582,99363,637,149365,California
Marin,2021-04-12,1736,243218,1236,138669,340,96708,160,7841,925,50280,808,100171,1086,150451,California
Marin,2021-04-13,3706,246924,2267,140936,1432,98140,7,7848,1342,49275,2354,102525,1349,151800,California
Marin,2021-04-14,4147,251071,2475,143411,1670,99810,2,7850,1701,48538,2439,104964,1702,153502,California
Marin,2021-04-15,5554,256625,3933,147344,1621,101431,0,7850,3182,49362,2359,107323,3183,156685,California
Marin,2021-04-16,4239,260864,2233,149577,2003,103434,3,7853,2060,49258,2167,109490,2063,158748,California
Marin,2021-04-17,3519,264383,2150,151727,1369,104803,0,7853,1758,49260,1756,111246,1758,160506,California
Marin,2021-04-18,3196,267579,3094,154821,102,104905,0,7853,2560,51187,633,111879,2560,163066,California
Marin,2021-04-19,2016,269595,1848,156669,168,105073,0,7853,1160,51496,853,112732,1162,164228,California
Marin,2021-04-20,3689,273284,2551,159220,1138,106211,0,7853,1475,50763,2208,114940,1475,165703,California
Marin,2021-04-21,3995,277279,2936,162156,1056,107267,3,7856,1372,49527,2609,117549,1373,167076,California
Marin,2021-04-22,4205,281484,3204,165360,1001,108268,0,7856,1482,48296,2716,120265,1485,168561,California
Marin,2021-04-23,3222,284706,1824,167184,1398,109666,0,7856,1235,47550,1982,122247,1236,169797,California
Marin,2021-04-24,2518,287224,1691,168875,826,110492,1,7857,925,46892,1584,123831,926,170723,California
Marin,2021-04-25,1388,288612,1271,170146,117,110609,0,7857,312,46134,1070,124901,312,171035,California
Marin,2021-04-26,1510,290122,1319,171465,188,110797,3,7860,336,45301,1173,126074,340,171375,California
Marin,2021-04-27,2917,293039,2134,173599,745,111542,38,7898,939,44306,1968,128042,973,172348,California
Marin,2021-04-28,2272,295311,1562,175161,663,112205,47,7945,707,43497,1562,129604,753,173101,California
Marin,2021-04-29,2873,298184,1967,177128,844,113049,62,8007,791,42275,2075,131679,853,173954,California
Marin,2021-04-30,1943,300127,1269,178397,586,113635,88,8095,694,41815,1242,132921,782,174736,California
Marin,2021-05-01,1802,301929,1002,179399,777,114412,23,8118,524,41092,1270,134191,547,175283,California
Marin,2021-05-02,724,302653,587,179986,108,114520,29,8147,202,40804,518,134709,230,175513,California
Marin,2021-05-03,1209,303862,987,180973,169,114689,53,8200,264,40178,942,135651,316,175829,California
Marin,2021-05-04,2917,306779,1961,182934,866,115555,90,8290,475,38307,2436,138087,565,176394,California
Marin,2021-05-05,1737,308516,1364,184298,304,115859,69,8359,355,37351,1380,139467,424,176818,California
Marin,2021-05-06,2980,311496,2344,186642,572,116431,64,8423,367,35174,2608,142075,431,177249,California
Marin,2021-05-07,743,312239,483,187125,218,116649,42,8465,268,35010,474,142549,310,177559,California
Mariposa,2020-12-17,37,37,37,37,0,0,0,0,39,39,0,0,39,39,California
Mariposa,2020-12-18,56,93,56,93,0,0,0,0,57,96,0,0,57,96,California
Mariposa,2020-12-20,2,95,2,95,0,0,0,0,2,98,0,0,2,98,California
Mariposa,2020-12-21,47,142,47,142,0,0,0,0,52,150,0,0,52,150,California
Mariposa,2020-12-22,5,147,5,147,0,0,0,0,5,155,0,0,5,155,California
Mariposa,2020-12-23,17,164,17,164,0,0,0,0,17,172,0,0,17,172,California
Mariposa,2020-12-24,1,165,0,164,1,1,0,0,0,172,0,0,0,172,California
Mariposa,2020-12-26,1,166,1,165,0,1,0,0,1,173,0,0,1,173,California
Mariposa,2020-12-27,1,167,0,165,1,2,0,0,1,174,0,0,1,174,California
Mariposa,2020-12-28,6,173,3,168,3,5,0,0,6,180,0,0,6,180,California
Mariposa,2020-12-29,33,206,3,171,30,35,0,0,33,213,0,0,33,213,California
Mariposa,2020-12-30,25,231,4,175,21,56,0,0,25,238,0,0,25,238,California
Mariposa,2020-12-31,16,247,0,175,16,72,0,0,16,254,0,0,16,254,California
Mariposa,2021-01-02,1,248,1,176,0,72,0,0,1,255,0,0,1,255,California
Mariposa,2021-01-04,8,256,1,177,7,79,0,0,8,263,0,0,8,263,California
Mariposa,2021-01-05,24,280,14,191,10,89,0,0,14,267,10,10,14,277,California
Mariposa,2021-01-06,6,286,3,194,3,92,0,0,3,267,3,13,3,280,California
Mariposa,2021-01-07,52,338,47,241,5,97,0,0,5,225,47,60,5,285,California
Mariposa,2021-01-08,108,446,79,320,29,126,0,0,33,183,75,135,33,318,California
Mariposa,2021-01-09,1,447,0,320,1,127,0,0,1,184,0,135,1,319,California
Mariposa,2021-01-11,31,478,10,330,21,148,0,0,23,199,8,143,23,342,California
Mariposa,2021-01-12,19,497,4,334,15,163,0,0,15,210,4,147,15,357,California
Mariposa,2021-01-13,21,518,4,338,17,180,0,0,18,225,3,150,18,375,California
Mariposa,2021-01-14,73,591,7,345,66,246,0,0,67,286,6,156,67,442,California
Mariposa,2021-01-15,66,657,26,371,40,286,0,0,56,332,10,166,56,498,California
Mariposa,2021-01-16,14,671,2,373,12,298,0,0,13,344,1,167,13,511,California
Mariposa,2021-01-17,2,673,0,373,2,300,0,0,2,346,0,167,2,513,California
Mariposa,2021-01-18,3,676,3,376,0,300,0,0,1,345,2,169,1,514,California
Mariposa,2021-01-19,8,684,4,380,4,304,0,0,5,348,2,171,5,519,California
Mariposa,2021-01-20,23,707,1,381,22,326,0,0,22,369,1,172,22,541,California
Mariposa,2021-01-21,64,771,7,388,57,383,0,0,60,425,4,176,60,601,California
Mariposa,2021-01-22,56,827,2,390,54,437,0,0,56,481,0,176,56,657,California
Mariposa,2021-01-23,116,943,2,392,114,551,0,0,115,595,1,177,115,772,California
Mariposa,2021-01-24,2,945,2,394,0,551,0,0,2,597,0,177,2,774,California
Mariposa,2021-01-25,4,949,1,395,3,554,0,0,0,593,4,181,0,774,California
Mariposa,2021-01-26,36,985,4,399,32,586,0,0,4,569,32,213,8,782,California
Mariposa,2021-01-27,22,1007,1,400,21,607,0,0,13,573,9,222,13,795,California
Mariposa,2021-01-28,126,1133,3,403,123,730,0,0,113,674,12,234,113,908,California
Mariposa,2021-01-29,84,1217,22,425,62,792,0,0,83,756,1,235,83,991,California
Mariposa,2021-01-30,9,1226,1,426,8,800,0,0,8,763,1,236,8,999,California
Mariposa,2021-01-31,1,1227,0,426,1,801,0,0,1,764,0,236,1,1000,California
Mariposa,2021-02-01,87,1314,30,456,57,858,0,0,66,809,21,257,66,1066,California
Mariposa,2021-02-02,15,1329,3,459,12,870,0,0,9,812,6,263,9,1075,California
Mariposa,2021-02-03,20,1349,1,460,19,889,0,0,14,820,6,269,14,1089,California
Mariposa,2021-02-04,96,1445,8,468,88,977,0,0,91,908,4,273,92,1181,California
Mariposa,2021-02-05,189,1634,5,473,184,1161,0,0,163,1045,26,299,163,1344,California
Mariposa,2021-02-06,11,1645,4,477,7,1168,0,0,10,1054,1,300,10,1354,California
Mariposa,2021-02-08,40,1685,2,479,38,1206,0,0,21,1056,19,319,21,1375,California
Mariposa,2021-02-09,43,1728,25,504,18,1224,0,0,37,1087,6,325,37,1412,California
Mariposa,2021-02-10,28,1756,5,509,23,1247,0,0,17,1100,10,335,23,1435,California
Mariposa,2021-02-11,375,2131,5,514,370,1617,0,0,361,1450,14,349,364,1799,California
Mariposa,2021-02-12,184,2315,8,522,176,1793,0,0,141,1548,43,392,141,1940,California
Mariposa,2021-02-13,11,2326,3,525,8,1801,0,0,9,1555,2,394,9,1949,California
Mariposa,2021-02-14,8,2334,4,529,4,1805,0,0,5,1557,3,397,5,1954,California
Mariposa,2021-02-15,9,2343,3,532,6,1811,0,0,7,1562,2,399,7,1961,California
Mariposa,2021-02-16,57,2400,34,566,23,1834,0,0,34,1573,23,422,34,1995,California
Mariposa,2021-02-17,36,2436,8,574,28,1862,0,0,27,1593,8,430,28,2023,California
Mariposa,2021-02-18,56,2492,7,581,49,1911,0,0,20,1577,36,466,20,2043,California
Mariposa,2021-02-19,82,2574,3,584,79,1990,0,0,77,1649,5,471,77,2120,California
Mariposa,2021-02-20,251,2825,4,588,247,2237,0,0,221,1841,29,500,221,2341,California
Mariposa,2021-02-21,236,3061,3,591,233,2470,0,0,235,2075,1,501,235,2576,California
Mariposa,2021-02-22,23,3084,7,598,16,2486,0,0,21,2094,2,503,21,2597,California
Mariposa,2021-02-23,42,3126,36,634,6,2492,0,0,25,2102,17,520,25,2622,California
Mariposa,2021-02-24,20,3146,3,637,17,2509,0,0,8,2099,11,531,8,2630,California
Mariposa,2021-02-25,17,3163,8,645,9,2518,0,0,11,2104,6,537,11,2641,California
Mariposa,2021-02-26,420,3583,7,652,413,2931,0,0,359,2403,61,598,360,3001,California
Mariposa,2021-02-27,171,3754,5,657,166,3097,0,0,160,2552,11,609,160,3161,California
Mariposa,2021-02-28,2,3756,1,658,1,3098,0,0,0,2550,2,611,0,3161,California
Mariposa,2021-03-01,82,3838,26,684,56,3154,0,0,17,2503,64,675,17,3178,California
Mariposa,2021-03-02,21,3859,14,698,7,3161,0,0,11,2505,9,684,11,3189,California
Mariposa,2021-03-03,70,3929,5,703,65,3226,0,0,66,2568,4,688,67,3256,California
Mariposa,2021-03-04,36,3965,8,711,28,3254,0,0,20,2573,16,704,21,3277,California
Mariposa,2021-03-05,53,4018,9,720,44,3298,0,0,38,2601,15,719,43,3320,California
Mariposa,2021-03-06,15,4033,6,726,9,3307,0,0,7,2600,8,727,7,3327,California
Mariposa,2021-03-07,1,4034,1,727,0,3307,0,0,0,2599,1,728,0,3327,California
Mariposa,2021-03-08,38,4072,4,731,23,3330,11,11,9,2590,29,757,20,3347,California
Mariposa,2021-03-09,45,4117,18,749,17,3347,10,21,14,2583,31,788,24,3371,California
Mariposa,2021-03-10,29,4146,9,758,10,3357,10,31,9,2582,20,808,19,3390,California
Mariposa,2021-03-11,466,4612,6,764,442,3799,18,49,224,2586,241,1049,245,3635,California
Mariposa,2021-03-12,254,4866,8,772,219,4018,27,76,114,2586,140,1189,140,3775,California
Mariposa,2021-03-13,32,4898,6,778,11,4029,15,91,11,2590,21,1210,25,3800,California
Mariposa,2021-03-14,17,4915,2,780,4,4033,11,102,3,2590,14,1224,14,3814,California
Mariposa,2021-03-15,76,4991,7,787,31,4064,38,140,31,2614,45,1269,69,3883,California
Mariposa,2021-03-16,82,5073,32,819,15,4079,35,175,24,2615,58,1327,59,3942,California
Mariposa,2021-03-17,71,5144,10,829,53,4132,8,183,51,2655,19,1346,59,4001,California
Mariposa,2021-03-18,66,5210,15,844,41,4173,10,193,41,2681,25,1371,51,4052,California
Mariposa,2021-03-19,338,5548,11,855,322,4495,5,198,303,2954,35,1406,308,4360,California
Mariposa,2021-03-20,426,5974,5,860,419,4914,2,200,47,2625,379,1785,50,4410,California
Mariposa,2021-03-21,14,5988,8,868,5,4919,1,201,9,2631,4,1789,10,4420,California
Mariposa,2021-03-22,36,6024,7,875,21,4940,8,209,24,2652,12,1801,33,4453,California
Mariposa,2021-03-23,53,6077,33,908,10,4950,10,219,32,2673,21,1822,42,4495,California
Mariposa,2021-03-24,55,6132,5,913,48,4998,2,221,50,2720,5,1827,52,4547,California
Mariposa,2021-03-25,73,6205,15,928,50,5048,8,229,53,2761,20,1847,61,4608,California
Mariposa,2021-03-26,486,6691,9,937,476,5524,1,230,250,2776,236,2083,251,4859,California
Mariposa,2021-03-27,225,6916,8,945,217,5741,0,230,90,2733,135,2218,92,4951,California
Mariposa,2021-03-28,5,6921,0,945,2,5743,3,233,1,2733,4,2222,4,4955,California
Mariposa,2021-03-29,18,6939,5,950,13,5756,0,233,11,2737,7,2229,11,4966,California
Mariposa,2021-03-30,36,6975,13,963,7,5763,16,249,13,2743,23,2252,29,4995,California
Mariposa,2021-03-31,91,7066,16,979,68,5831,7,256,71,2801,20,2272,78,5073,California
Mariposa,2021-04-01,51,7117,9,988,34,5865,8,264,31,2820,20,2292,39,5112,California
Mariposa,2021-04-02,346,7463,11,999,333,6198,2,266,307,3091,38,2330,309,5421,California
Mariposa,2021-04-03,10,7473,7,1006,3,6201,0,266,5,3091,5,2335,5,5426,California
Mariposa,2021-04-04,2,7475,1,1007,0,6201,1,267,0,3090,2,2337,1,5427,California
Mariposa,2021-04-05,31,7506,23,1030,5,6206,3,270,15,3092,16,2353,18,5445,California
Mariposa,2021-04-06,44,7550,20,1050,8,6214,16,286,14,3093,29,2382,30,5475,California
Mariposa,2021-04-07,97,7647,6,1056,72,6286,19,305,28,3071,69,2451,47,5522,California
Mariposa,2021-04-08,275,7922,13,1069,243,6529,19,324,140,3098,133,2584,160,5682,California
Mariposa,2021-04-09,34,7956,9,1078,13,6542,12,336,10,3096,24,2608,22,5704,California
Mariposa,2021-04-10,202,8158,3,1081,189,6731,10,346,188,3280,13,2621,197,5901,California
Mariposa,2021-04-11,115,8273,4,1085,109,6840,2,348,48,3264,67,2688,51,5952,California
Mariposa,2021-04-12,38,8311,12,1097,24,6864,2,350,9,3246,29,2717,11,5963,California
Mariposa,2021-04-13,53,8364,45,1142,8,6872,0,350,34,3261,19,2736,34,5997,California
Mariposa,2021-04-14,112,8476,7,1149,105,6977,0,350,58,3266,53,2789,58,6055,California
Mariposa,2021-04-15,55,8531,17,1166,38,7015,0,350,40,3294,12,2801,40,6095,California
Mariposa,2021-04-16,381,8912,11,1177,370,7385,0,350,106,3125,275,3076,106,6201,California
Mariposa,2021-04-17,11,8923,6,1183,5,7390,0,350,8,3130,3,3079,8,6209,California
Mariposa,2021-04-18,6,8929,0,1183,6,7396,0,350,3,3130,3,3082,3,6212,California
Mariposa,2021-04-19,54,8983,23,1206,31,7427,0,350,28,3134,24,3106,28,6240,California
Mariposa,2021-04-20,62,9045,49,1255,13,7440,0,350,39,3153,20,3126,39,6279,California
Mariposa,2021-04-21,88,9133,12,1267,76,7516,0,350,40,3146,47,3173,40,6319,California
Mariposa,2021-04-22,44,9177,8,1275,36,7552,0,350,36,3175,7,3180,36,6355,California
Mariposa,2021-04-23,314,9491,69,1344,245,7797,0,350,145,3152,169,3349,146,6501,California
Mariposa,2021-04-24,105,9596,10,1354,95,7892,0,350,42,3132,62,3411,42,6543,California
Mariposa,2021-04-26,12,9608,9,1363,3,7895,0,350,2,3124,10,3421,2,6545,California
Mariposa,2021-04-27,29,9637,15,1378,13,7908,1,351,14,3128,11,3432,15,6560,California
Mariposa,2021-04-28,68,9705,13,1391,53,7961,2,353,28,3118,40,3472,30,6590,California
Mariposa,2021-04-29,42,9747,12,1403,29,7990,1,354,37,3151,5,3477,38,6628,California
Mariposa,2021-04-30,50,9797,4,1407,41,8031,5,359,39,3184,11,3488,44,6672,California
Mariposa,2021-05-01,1,9798,1,1408,0,8031,0,359,0,3183,1,3489,0,6672,California
Mariposa,2021-05-02,3,9801,2,1410,0,8031,1,360,0,3181,3,3492,1,6673,California
Mariposa,2021-05-03,15,9816,12,1422,2,8033,1,361,7,3182,7,3499,8,6681,California
Mariposa,2021-05-04,50,9866,31,1453,15,8048,4,365,36,3208,14,3513,40,6721,California
Mariposa,2021-05-05,54,9920,8,1461,44,8092,2,367,19,3194,35,3548,21,6742,California
Mariposa,2021-05-06,49,9969,33,1494,15,8107,1,368,35,3216,14,3562,36,6778,California
Mariposa,2021-05-07,6,9975,2,1496,4,8111,0,368,1,3212,5,3567,1,6779,California
Mendocino,2020-12-17,70,70,70,70,0,0,0,0,70,70,0,0,70,70,California
Mendocino,2020-12-18,85,155,84,154,1,1,0,0,84,154,0,0,84,154,California
Mendocino,2020-12-19,4,159,4,158,0,1,0,0,4,158,0,0,4,158,California
Mendocino,2020-12-20,7,166,7,165,0,1,0,0,7,165,0,0,7,165,California
Mendocino,2020-12-21,241,407,241,406,0,1,0,0,77,242,0,0,77,242,California
Mendocino,2020-12-22,251,658,190,596,61,62,0,0,251,493,0,0,251,493,California
Mendocino,2020-12-23,270,928,47,643,223,285,0,0,269,762,0,0,269,762,California
Mendocino,2020-12-24,49,977,8,651,41,326,0,0,49,811,0,0,49,811,California
Mendocino,2020-12-25,1,978,0,651,1,327,0,0,1,812,0,0,1,812,California
Mendocino,2020-12-26,2,980,2,653,0,327,0,0,2,814,0,0,2,814,California
Mendocino,2020-12-27,1,981,0,653,1,328,0,0,1,815,0,0,1,815,California
Mendocino,2020-12-28,74,1055,9,662,65,393,0,0,74,889,0,0,74,889,California
Mendocino,2020-12-29,122,1177,61,723,61,454,0,0,122,1011,0,0,122,1011,California
Mendocino,2020-12-30,123,1300,68,791,55,509,0,0,123,1134,0,0,123,1134,California
Mendocino,2020-12-31,131,1431,96,887,35,544,0,0,131,1265,0,0,131,1265,California
Mendocino,2021-01-01,8,1439,6,893,2,546,0,0,8,1273,0,0,8,1273,California
Mendocino,2021-01-04,840,2279,19,912,821,1367,0,0,840,2113,0,0,840,2113,California
Mendocino,2021-01-05,71,2350,35,947,36,1403,0,0,58,2158,13,13,58,2171,California
Mendocino,2021-01-06,155,2505,133,1080,22,1425,0,0,145,2293,10,23,145,2316,California
Mendocino,2021-01-07,358,2863,238,1318,120,1545,0,0,295,2525,63,86,295,2611,California
Mendocino,2021-01-08,95,2958,82,1400,13,1558,0,0,41,2513,54,140,42,2653,California
Mendocino,2021-01-09,10,2968,6,1406,4,1562,0,0,8,2519,2,142,8,2661,California
Mendocino,2021-01-10,8,2976,8,1414,0,1562,0,0,1,2513,7,149,1,2662,California
Mendocino,2021-01-11,101,3077,92,1506,9,1571,0,0,43,2499,57,206,43,2705,California
Mendocino,2021-01-12,385,3462,375,1881,10,1581,0,0,269,2652,116,322,269,2974,California
Mendocino,2021-01-13,484,3946,145,2026,339,1920,0,0,442,3055,40,362,443,3417,California
Mendocino,2021-01-14,636,4582,20,2046,616,2536,0,0,627,3673,9,371,627,4044,California
Mendocino,2021-01-15,1857,6439,859,2905,998,3534,0,0,1852,5521,5,376,1853,5897,California
Mendocino,2021-01-16,791,7230,50,2955,741,4275,0,0,789,6308,2,378,789,6686,California
Mendocino,2021-01-17,553,7783,1,2956,552,4827,0,0,552,6859,1,379,552,7238,California
Mendocino,2021-01-18,488,8271,463,3419,25,4852,0,0,476,7323,12,391,476,7714,California
Mendocino,2021-01-19,334,8605,148,3567,186,5038,0,0,158,7305,176,567,158,7872,California
Mendocino,2021-01-20,553,9158,406,3973,147,5185,0,0,447,7649,104,671,448,8320,California
Mendocino,2021-01-21,536,9694,223,4196,313,5498,0,0,351,7816,184,855,351,8671,California
Mendocino,2021-01-22,149,9843,58,4254,91,5589,0,0,110,7887,39,894,110,8781,California
Mendocino,2021-01-23,155,9998,83,4337,72,5661,0,0,149,8030,6,900,149,8930,California
Mendocino,2021-01-24,5,10003,3,4340,2,5663,0,0,5,8035,0,900,5,8935,California
Mendocino,2021-01-25,191,10194,18,4358,173,5836,0,0,121,8086,70,970,121,9056,California
Mendocino,2021-01-26,155,10349,55,4413,100,5936,0,0,95,8121,60,1030,95,9151,California
Mendocino,2021-01-27,439,10788,369,4782,70,6006,0,0,174,8037,258,1288,174,9325,California
Mendocino,2021-01-28,590,11378,526,5308,64,6070,0,0,495,8438,94,1382,495,9820,California
Mendocino,2021-01-29,392,11770,351,5659,41,6111,0,0,363,8773,29,1411,364,10184,California
Mendocino,2021-01-30,49,11819,31,5690,18,6129,0,0,42,8808,7,1418,42,10226,California
Mendocino,2021-01-31,273,12092,2,5692,271,6400,0,0,3,8541,270,1688,3,10229,California
Mendocino,2021-02-01,381,12473,52,5744,329,6729,0,0,59,8278,322,2010,59,10288,California
Mendocino,2021-02-02,723,13196,503,6247,220,6949,0,0,364,8283,359,2369,364,10652,California
Mendocino,2021-02-03,390,13586,205,6452,185,7134,0,0,221,8337,167,2536,221,10873,California
Mendocino,2021-02-04,624,14210,529,6981,95,7229,0,0,500,8713,124,2660,500,11373,California
Mendocino,2021-02-05,1300,15510,1212,8193,88,7317,0,0,583,8581,715,3375,583,11956,California
Mendocino,2021-02-06,559,16069,158,8351,401,7718,0,0,544,9110,15,3390,544,12500,California
Mendocino,2021-02-07,32,16101,28,8379,4,7722,0,0,32,9142,0,3390,32,12532,California
Mendocino,2021-02-08,747,16848,715,9094,32,7754,0,0,285,8965,462,3852,285,12817,California
Mendocino,2021-02-09,141,16989,58,9152,83,7837,0,0,89,9002,52,3904,89,12906,California
Mendocino,2021-02-10,1481,18470,921,10073,560,8397,0,0,741,9009,734,4638,741,13647,California
Mendocino,2021-02-11,1134,19604,208,10281,926,9323,0,0,280,8435,854,5492,280,13927,California
Mendocino,2021-02-12,1405,21009,162,10443,1243,10566,0,0,640,8311,764,6256,640,14567,California
Mendocino,2021-02-13,496,21505,12,10455,484,11050,0,0,103,8027,392,6648,108,14675,California
Mendocino,2021-02-14,693,22198,3,10458,690,11740,0,0,134,7602,559,7207,134,14809,California
Mendocino,2021-02-15,330,22528,42,10500,288,12028,0,0,175,7622,155,7362,175,14984,California
Mendocino,2021-02-16,201,22729,51,10551,150,12178,0,0,130,7681,71,7433,130,15114,California
Mendocino,2021-02-17,1353,24082,1191,11742,162,12340,0,0,878,8086,473,7906,878,15992,California
Mendocino,2021-02-18,1781,25863,640,12382,1141,13481,0,0,1215,8736,565,8471,1215,17207,California
Mendocino,2021-02-19,750,26613,146,12528,604,14085,0,0,611,9208,139,8610,611,17818,California
Mendocino,2021-02-20,571,27184,545,13073,26,14111,0,0,540,9719,29,8639,540,18358,California
Mendocino,2021-02-21,325,27509,6,13079,319,14430,0,0,313,10021,11,8650,313,18671,California
Mendocino,2021-02-22,162,27671,30,13109,132,14562,0,0,69,9999,91,8741,69,18740,California
Mendocino,2021-02-23,677,28348,664,13773,13,14575,0,0,613,10550,62,8803,613,19353,California
Mendocino,2021-02-24,1839,30187,1759,15532,80,14655,0,0,1430,11578,404,9207,1432,20785,California
Mendocino,2021-02-25,1703,31890,531,16063,1172,15827,0,0,1284,12444,418,9625,1284,22069,California
Mendocino,2021-02-26,1402,33292,748,16811,654,16481,0,0,1039,13122,361,9986,1039,23108,California
Mendocino,2021-02-27,199,33491,151,16962,48,16529,0,0,76,13076,122,10108,76,23184,California
Mendocino,2021-02-28,35,33526,13,16975,22,16551,0,0,24,13089,11,10119,24,23208,California
Mendocino,2021-03-01,578,34104,534,17509,44,16595,0,0,539,13591,37,10156,539,23747,California
Mendocino,2021-03-02,73,34177,26,17535,47,16642,0,0,41,13601,31,10187,41,23788,California
Mendocino,2021-03-03,1715,35892,1330,18865,385,17027,0,0,1082,14052,631,10818,1082,24870,California
Mendocino,2021-03-04,1767,37659,147,19012,1620,18647,0,0,1550,15388,215,11033,1551,26421,California
Mendocino,2021-03-05,210,37869,149,19161,52,18699,9,9,118,15425,90,11123,127,26548,California
Mendocino,2021-03-06,244,38113,21,19182,198,18897,25,34,203,15613,40,11163,228,26776,California
Mendocino,2021-03-07,505,38618,8,19190,477,19374,20,54,118,15364,386,11549,137,26913,California
Mendocino,2021-03-08,124,38742,30,19220,58,19432,36,90,64,15406,58,11607,100,27013,California
Mendocino,2021-03-09,572,39314,232,19452,299,19731,41,131,474,15823,98,11705,515,27528,California
Mendocino,2021-03-10,1110,40424,980,20432,65,19796,65,196,268,15320,839,12544,336,27864,California
Mendocino,2021-03-11,825,41249,612,21044,160,19956,53,249,395,15341,427,12971,448,28312,California
Mendocino,2021-03-12,2020,43269,1031,22075,894,20850,95,344,1213,15849,800,13771,1308,29620,California
Mendocino,2021-03-13,654,43923,524,22599,73,20923,57,401,97,15450,553,14324,154,29774,California
Mendocino,2021-03-14,104,44027,2,22601,95,21018,7,408,11,15379,89,14413,18,29792,California
Mendocino,2021-03-15,597,44624,50,22651,489,21507,58,466,208,15256,388,14801,265,30057,California
Mendocino,2021-03-16,569,45193,373,23024,151,21658,45,511,138,15010,429,15230,183,30240,California
Mendocino,2021-03-17,1563,46756,1359,24383,56,21714,148,659,214,14033,1346,16576,369,30609,California
Mendocino,2021-03-18,1306,48062,247,24630,1021,22735,38,697,284,13340,1014,17590,321,30930,California
Mendocino,2021-03-19,1756,49818,856,25486,839,23574,61,758,332,12315,1420,19010,395,31325,California
Mendocino,2021-03-20,68,49886,10,25496,37,23611,21,779,12,12292,56,19066,33,31358,California
Mendocino,2021-03-21,8,49894,1,25497,2,23613,5,784,3,12295,5,19071,8,31366,California
Mendocino,2021-03-22,624,50518,580,26077,15,23628,29,813,146,11995,474,19545,174,31540,California
Mendocino,2021-03-23,165,50683,33,26110,102,23730,30,843,115,12090,50,19595,145,31685,California
Mendocino,2021-03-24,911,51594,840,26950,24,23754,47,890,114,11456,795,20390,161,31846,California
Mendocino,2021-03-25,1987,53581,50,27000,1917,25671,20,910,174,9839,1809,22199,192,32038,California
Mendocino,2021-03-26,507,54088,358,27358,124,25795,25,935,324,10005,183,22382,349,32387,California
Mendocino,2021-03-27,143,54231,13,27371,118,25913,12,947,81,10036,61,22443,92,32479,California
Mendocino,2021-03-28,25,54256,5,27376,16,25929,4,951,3,10022,21,22464,7,32486,California
Mendocino,2021-03-29,187,54443,99,27475,46,25975,42,993,96,10069,91,22555,138,32624,California
Mendocino,2021-03-30,683,55126,598,28073,48,26023,37,1030,411,10246,271,22826,448,33072,California
Mendocino,2021-03-31,869,55995,272,28345,537,26560,60,1090,405,10249,462,23288,465,33537,California
Mendocino,2021-04-01,1708,57703,399,28744,1231,27791,78,1168,384,9394,1316,24604,461,33998,California
Mendocino,2021-04-02,1284,58987,1056,29800,155,27946,73,1241,223,8633,1057,25661,296,34294,California
Mendocino,2021-04-03,703,59690,7,29807,675,28621,21,1262,82,8119,617,26278,103,34397,California
Mendocino,2021-04-04,69,59759,34,29841,29,28650,6,1268,54,8164,15,26293,60,34457,California
Mendocino,2021-04-05,211,59970,142,29983,45,28695,24,1292,131,8236,80,26373,152,34609,California
Mendocino,2021-04-06,396,60366,121,30104,180,28875,95,1387,107,8149,289,26662,202,34811,California
Mendocino,2021-04-07,485,60851,177,30281,63,28938,245,1632,120,8150,363,27025,364,35175,California
Mendocino,2021-04-08,1488,62339,911,31192,462,29400,115,1747,998,8780,483,27508,1113,36288,California
Mendocino,2021-04-09,757,63096,424,31616,172,29572,161,1908,396,8977,360,27868,557,36845,California
Mendocino,2021-04-10,403,63499,91,31707,267,29839,45,1953,100,8819,303,28171,145,36990,California
Mendocino,2021-04-11,121,63620,47,31754,18,29857,56,2009,58,8870,63,28234,114,37104,California
Mendocino,2021-04-12,619,64239,513,32267,46,29903,60,2069,413,9137,206,28440,473,37577,California
Mendocino,2021-04-13,288,64527,225,32492,63,29966,0,2069,221,9291,67,28507,221,37798,California
Mendocino,2021-04-14,513,65040,424,32916,89,30055,0,2069,412,9602,101,28608,412,38210,California
Mendocino,2021-04-15,656,65696,326,33242,330,30385,0,2069,395,9740,257,28865,395,38605,California
Mendocino,2021-04-16,124,65820,51,33293,72,30457,1,2070,76,9770,47,28912,77,38682,California
Mendocino,2021-04-17,196,66016,11,33304,185,30642,0,2070,69,9713,126,29038,69,38751,California
Mendocino,2021-04-18,7,66023,2,33306,5,30647,0,2070,4,9714,3,29041,4,38755,California
Mendocino,2021-04-19,531,66554,506,33812,24,30671,1,2071,433,10051,97,29138,434,39189,California
Mendocino,2021-04-20,410,66964,283,34095,127,30798,0,2071,261,10163,149,29287,261,39450,California
Mendocino,2021-04-21,182,67146,124,34219,57,30855,1,2072,113,10208,68,29355,113,39563,California
Mendocino,2021-04-22,485,67631,309,34528,175,31030,1,2073,320,10365,163,29518,320,39883,California
Mendocino,2021-04-23,840,68471,699,35227,141,31171,0,2073,688,10903,150,29668,688,40571,California
Mendocino,2021-04-24,101,68572,14,35241,87,31258,0,2073,94,10990,7,29675,94,40665,California
Mendocino,2021-04-25,52,68624,28,35269,20,31278,4,2077,18,10978,34,29709,22,40687,California
Mendocino,2021-04-26,267,68891,205,35474,57,31335,5,2082,184,11085,82,29791,189,40876,California
Mendocino,2021-04-27,174,69065,67,35541,83,31418,24,2106,90,11115,83,29874,113,40989,California
Mendocino,2021-04-28,215,69280,147,35688,53,31471,15,2121,126,11167,89,29963,141,41130,California
Mendocino,2021-04-29,1135,70415,839,36527,282,31753,14,2135,106,10260,1027,30990,120,41250,California
Mendocino,2021-04-30,606,71021,386,36913,210,31963,10,2145,228,10120,378,31368,238,41488,California
Mendocino,2021-05-01,470,71491,434,37347,30,31993,6,2151,366,10389,103,31471,372,41860,California
Mendocino,2021-05-02,56,71547,47,37394,6,31999,3,2154,9,10355,46,31517,12,41872,California
Mendocino,2021-05-03,135,71682,76,37470,38,32037,21,2175,40,10322,94,31611,61,41933,California
Mendocino,2021-05-04,362,72044,253,37723,86,32123,23,2198,134,10252,227,31838,157,42090,California
Mendocino,2021-05-05,827,72871,780,38503,33,32156,14,2212,187,9814,639,32477,201,42291,California
Mendocino,2021-05-06,585,73456,376,38879,197,32353,12,2224,127,9497,456,32933,139,42430,California
Mendocino,2021-05-07,66,73522,24,38903,33,32386,9,2233,31,9503,34,32967,40,42470,California
Merced,2020-12-16,3,3,3,3,0,0,0,0,3,3,0,0,3,3,California
Merced,2020-12-17,5,8,5,8,0,0,0,0,5,8,0,0,5,8,California
Merced,2020-12-18,143,151,143,151,0,0,0,0,143,151,0,0,143,151,California
Merced,2020-12-19,39,190,39,190,0,0,0,0,39,190,0,0,39,190,California
Merced,2020-12-20,17,207,17,207,0,0,0,0,17,207,0,0,17,207,California
Merced,2020-12-21,125,332,122,329,3,3,0,0,125,332,0,0,125,332,California
Merced,2020-12-22,152,484,152,481,0,3,0,0,152,484,0,0,152,484,California
Merced,2020-12-23,248,732,242,723,6,9,0,0,248,732,0,0,248,732,California
Merced,2020-12-24,72,804,72,795,0,9,0,0,72,804,0,0,72,804,California
Merced,2020-12-25,4,808,4,799,0,9,0,0,4,808,0,0,4,808,California
Merced,2020-12-26,6,814,3,802,3,12,0,0,6,814,0,0,6,814,California
Merced,2020-12-27,12,826,11,813,1,13,0,0,12,826,0,0,12,826,California
Merced,2020-12-28,123,949,98,911,25,38,0,0,123,949,0,0,123,949,California
Merced,2020-12-29,180,1129,124,1035,56,94,0,0,180,1129,0,0,180,1129,California
Merced,2020-12-30,214,1343,89,1124,125,219,0,0,214,1343,0,0,214,1343,California
Merced,2020-12-31,103,1446,34,1158,69,288,0,0,103,1446,0,0,103,1446,California
Merced,2021-01-01,3,1449,0,1158,3,291,0,0,3,1449,0,0,3,1449,California
Merced,2021-01-02,128,1577,117,1275,11,302,0,0,128,1577,0,0,128,1577,California
Merced,2021-01-03,9,1586,5,1280,4,306,0,0,9,1586,0,0,9,1586,California
Merced,2021-01-04,80,1666,42,1322,38,344,0,0,80,1666,0,0,80,1666,California
Merced,2021-01-05,320,1986,231,1553,89,433,0,0,314,1976,6,6,316,1982,California
Merced,2021-01-06,254,2240,103,1656,151,584,0,0,248,2218,6,12,248,2230,California
Merced,2021-01-07,184,2424,80,1736,104,688,0,0,174,2381,11,23,174,2404,California
Merced,2021-01-08,527,2951,393,2129,134,822,0,0,376,2607,150,173,376,2780,California
Merced,2021-01-09,23,2974,10,2139,13,835,0,0,17,2618,6,179,17,2797,California
Merced,2021-01-10,10,2984,6,2145,4,839,0,0,6,2620,4,183,6,2803,California
Merced,2021-01-11,225,3209,167,2312,58,897,0,0,101,2599,124,307,103,2906,California
Merced,2021-01-12,280,3489,157,2469,123,1020,0,0,230,2778,51,358,230,3136,California
Merced,2021-01-13,372,3861,173,2642,199,1219,0,0,221,2851,151,509,224,3360,California
Merced,2021-01-14,325,4186,201,2843,124,1343,0,0,160,2848,164,673,161,3521,California
Merced,2021-01-15,578,4764,127,2970,451,1794,0,0,540,3351,39,712,542,4063,California
Merced,2021-01-16,203,4967,122,3092,81,1875,0,0,198,3544,5,717,198,4261,California
Merced,2021-01-17,49,5016,12,3104,37,1912,0,0,48,3591,1,718,48,4309,California
Merced,2021-01-18,260,5276,126,3230,134,2046,0,0,238,3810,22,740,241,4550,California
Merced,2021-01-19,710,5986,586,3816,124,2170,0,0,539,4182,171,911,543,5093,California
Merced,2021-01-20,571,6557,466,4282,105,2275,0,0,515,4644,56,967,518,5611,California
Merced,2021-01-21,1006,7563,646,4928,360,2635,0,0,907,5455,99,1066,910,6521,California
Merced,2021-01-22,1304,8867,686,5614,618,3253,0,0,1277,6717,27,1093,1289,7810,California
Merced,2021-01-23,307,9174,185,5799,122,3375,0,0,202,6814,105,1198,202,8012,California
Merced,2021-01-24,32,9206,14,5813,18,3393,0,0,23,6829,8,1206,23,8035,California
Merced,2021-01-25,726,9932,240,6053,486,3879,0,0,667,7439,58,1264,668,8703,California
Merced,2021-01-26,912,10844,483,6536,429,4308,0,0,671,7897,214,1478,672,9375,California
Merced,2021-01-27,976,11820,582,7118,394,4702,0,0,809,8541,165,1643,809,10184,California
Merced,2021-01-28,1138,12958,592,7710,546,5248,0,0,1016,9436,122,1765,1017,11201,California
Merced,2021-01-29,845,13803,321,8031,524,5772,0,0,600,9800,238,2003,602,11803,California
Merced,2021-01-30,259,14062,27,8058,232,6004,0,0,243,10027,16,2019,243,12046,California
Merced,2021-01-31,46,14108,10,8068,36,6040,0,0,45,10071,1,2020,45,12091,California
Merced,2021-02-01,373,14481,52,8120,321,6361,0,0,325,10350,47,2067,326,12417,California
Merced,2021-02-02,293,14774,181,8301,112,6473,0,0,174,10408,117,2184,175,12592,California
Merced,2021-02-03,349,15123,71,8372,278,6751,0,0,168,10395,181,2365,168,12760,California
Merced,2021-02-04,371,15494,146,8518,225,6976,0,0,240,10506,130,2495,241,13001,California
Merced,2021-02-05,513,16007,173,8691,340,7316,0,0,272,10540,240,2735,274,13275,California
Merced,2021-02-06,387,16394,218,8909,169,7485,0,0,244,10643,142,2877,245,13520,California
Merced,2021-02-07,21,16415,13,8922,8,7493,0,0,14,10650,7,2884,14,13534,California
Merced,2021-02-08,278,16693,196,9118,82,7575,0,0,169,10712,108,2992,170,13704,California
Merced,2021-02-09,1213,17906,953,10071,260,7835,0,0,771,11050,434,3426,772,14476,California
Merced,2021-02-10,1852,19758,1431,11502,421,8256,0,0,1273,11753,570,3996,1273,15749,California
Merced,2021-02-11,2502,22260,2006,13508,496,8752,0,0,1815,12890,678,4674,1815,17564,California
Merced,2021-02-12,1713,23973,1012,14520,701,9453,0,0,745,12678,959,5633,747,18311,California
Merced,2021-02-13,360,24333,205,14725,155,9608,0,0,262,12845,97,5730,264,18575,California
Merced,2021-02-14,117,24450,26,14751,91,9699,0,0,96,12921,21,5751,97,18672,California
Merced,2021-02-15,274,24724,40,14791,234,9933,0,0,170,12994,98,5849,171,18843,California
Merced,2021-02-16,1211,25935,842,15633,369,10302,0,0,838,13479,355,6204,840,19683,California
Merced,2021-02-17,1874,27809,1629,17262,245,10547,0,0,1314,14248,547,6751,1316,20999,California
Merced,2021-02-18,1205,29014,816,18078,389,10936,0,0,403,13870,781,7532,403,21402,California
Merced,2021-02-19,1262,30276,413,18491,849,11785,0,0,537,13690,719,8251,539,21941,California
Merced,2021-02-20,276,30552,31,18522,245,12030,0,0,142,13700,132,8383,142,22083,California
Merced,2021-02-21,76,30628,62,18584,14,12044,0,0,32,13688,44,8427,32,22115,California
Merced,2021-02-22,826,31454,293,18877,533,12577,0,0,480,13824,344,8771,480,22595,California
Merced,2021-02-23,1080,32534,421,19298,659,13236,0,0,638,14025,437,9208,638,23233,California
Merced,2021-02-24,814,33348,302,19600,512,13748,0,0,444,14109,361,9569,445,23678,California
Merced,2021-02-25,1754,35102,864,20464,890,14638,0,0,1303,14966,448,10017,1305,24983,California
Merced,2021-02-26,2137,37239,1365,21829,772,15410,0,0,1728,16288,407,10424,1729,26712,California
Merced,2021-02-27,2518,39757,1101,22930,1417,16827,0,0,2233,18237,284,10708,2233,28945,California
Merced,2021-02-28,299,40056,71,23001,228,17055,0,0,251,18444,44,10752,251,29196,California
Merced,2021-03-01,1112,41168,279,23280,833,17888,0,0,773,18886,331,11083,773,29969,California
Merced,2021-03-02,1745,42913,902,24182,842,18730,1,1,1358,19867,378,11461,1359,31328,California
Merced,2021-03-03,2210,45123,1726,25908,483,19213,1,2,1455,20585,738,12199,1456,32784,California
Merced,2021-03-04,2880,48003,2267,28175,611,19824,2,4,1910,21545,953,13152,1913,34697,California
Merced,2021-03-05,2064,50067,1193,29368,847,20671,24,28,1528,22574,524,13676,1553,36250,California
Merced,2021-03-06,1166,51233,662,30030,482,21153,22,50,910,23251,255,13931,932,37182,California
Merced,2021-03-07,229,51462,65,30095,139,21292,25,75,200,23447,29,13960,225,37407,California
Merced,2021-03-08,1339,52801,742,30837,532,21824,65,140,1128,24429,210,14170,1192,38599,California
Merced,2021-03-09,1689,54490,995,31832,587,22411,107,247,1097,25046,588,14758,1205,39804,California
Merced,2021-03-10,2685,57175,1860,33692,625,23036,200,447,1615,25809,1057,15815,1820,41624,California
Merced,2021-03-11,1932,59107,686,34378,1041,24077,205,652,1220,26557,699,16514,1447,43071,California
Merced,2021-03-12,2192,61299,899,35277,1026,25103,267,919,1479,27606,709,17223,1758,44829,California
Merced,2021-03-13,720,62019,309,35586,168,25271,243,1162,412,27962,300,17523,656,45485,California
Merced,2021-03-14,249,62268,136,35722,83,25354,30,1192,149,28043,99,17622,180,45665,California
Merced,2021-03-15,1501,63769,493,36215,753,26107,255,1447,983,28769,511,18133,1237,46902,California
Merced,2021-03-16,1430,65199,686,36901,519,26626,225,1672,948,29468,473,18606,1172,48074,California
Merced,2021-03-17,1959,67158,1057,37958,724,27350,178,1850,1511,30719,440,19046,1691,49765,California
Merced,2021-03-18,2032,69190,1166,39124,719,28069,147,1997,1386,31628,638,19684,1547,51312,California
Merced,2021-03-19,2658,71848,1447,40571,1019,29088,192,2189,1382,31938,1265,20949,1575,52887,California
Merced,2021-03-20,2413,74261,1485,42056,533,29621,395,2584,960,31847,1450,22399,1359,54246,California
Merced,2021-03-21,556,74817,343,42399,200,29821,13,2597,437,32180,119,22518,452,54698,California
Merced,2021-03-22,1259,76076,628,43027,555,30376,76,2673,887,32780,365,22883,965,55663,California
Merced,2021-03-23,1820,77896,1097,44124,659,31035,64,2737,1345,33719,471,23354,1410,57073,California
Merced,2021-03-24,1407,79303,877,45001,495,31530,35,2772,930,34213,472,23826,966,58039,California
Merced,2021-03-25,3298,82601,2267,47268,1010,32540,21,2793,2077,35101,1213,25039,2101,60140,California
Merced,2021-03-26,1917,84518,1073,48341,810,33350,34,2827,885,34995,1024,26063,918,61058,California
Merced,2021-03-27,3033,87551,1766,50107,1196,34546,71,2898,1383,34811,1639,27702,1455,62513,California
Merced,2021-03-28,511,88062,211,50318,293,34839,7,2905,210,34730,299,28001,218,62731,California
Merced,2021-03-29,1726,89788,695,51013,867,35706,164,3069,661,34500,1059,29060,829,63560,California
Merced,2021-03-30,2124,91912,790,51803,1275,36981,59,3128,979,34397,1141,30201,1038,64598,California
Merced,2021-03-31,2107,94019,1394,53197,679,37660,34,3162,941,34222,1151,31352,976,65574,California
Merced,2021-04-01,2170,96189,1016,54213,1033,38693,121,3283,997,34174,1168,32520,1120,66694,California
Merced,2021-04-02,2321,98510,631,54844,1287,39980,403,3686,778,33830,1526,34046,1182,67876,California
Merced,2021-04-03,891,99401,419,55263,459,40439,13,3699,489,33936,398,34444,504,68380,California
Merced,2021-04-04,367,99768,142,55405,221,40660,4,3703,139,33855,227,34671,146,68526,California
Merced,2021-04-05,1248,101016,591,55996,446,41106,211,3914,408,33638,835,35506,618,69144,California
Merced,2021-04-06,2410,103426,890,56886,695,41801,825,4739,897,33850,1509,37015,1721,70865,California
Merced,2021-04-07,1647,105073,885,57771,655,42456,107,4846,583,33491,1051,38066,692,71557,California
Merced,2021-04-08,2248,107321,1145,58916,888,43344,215,5061,789,33063,1430,39496,1002,72559,California
Merced,2021-04-09,1676,108997,475,59391,625,43969,576,5637,562,33105,1098,40594,1140,73699,California
Merced,2021-04-10,689,109686,362,59753,141,44110,186,5823,172,32950,512,41106,357,74056,California
Merced,2021-04-11,486,110172,280,60033,72,44182,134,5957,146,32893,338,41444,281,74337,California
Merced,2021-04-12,1414,111586,926,60959,365,44547,123,6080,814,33265,565,42009,937,75274,California
Merced,2021-04-13,2019,113605,1446,62405,570,45117,3,6083,935,33205,1001,43010,941,76215,California
Merced,2021-04-14,2035,115640,1207,63612,828,45945,0,6083,900,33102,1005,44015,902,77117,California
Merced,2021-04-15,3005,118645,1970,65582,1035,46980,0,6083,954,32235,1825,45840,958,78075,California
Merced,2021-04-16,2353,120998,1147,66729,1206,48186,0,6083,961,31901,1295,47135,961,79036,California
Merced,2021-04-17,1439,122437,793,67522,646,48832,0,6083,372,31212,1062,48197,373,79409,California
Merced,2021-04-18,467,122904,248,67770,219,49051,0,6083,192,31156,248,48445,192,79601,California
Merced,2021-04-19,1314,124218,738,68508,576,49627,0,6083,702,31340,518,48963,702,80303,California
Merced,2021-04-20,1408,125626,732,69240,676,50303,0,6083,785,31572,554,49517,786,81089,California
Merced,2021-04-21,1462,127088,879,70119,583,50886,0,6083,753,31727,598,50115,753,81842,California
Merced,2021-04-22,1600,128688,737,70856,863,51749,0,6083,779,31766,740,50855,779,82621,California
Merced,2021-04-23,1625,130313,666,71522,959,52708,0,6083,883,31954,696,51551,884,83505,California
Merced,2021-04-24,565,130878,396,71918,169,52877,0,6083,388,32170,173,51724,389,83894,California
Merced,2021-04-25,324,131202,185,72103,139,53016,0,6083,192,32231,131,51855,192,84086,California
Merced,2021-04-26,1114,132316,452,72555,662,53678,0,6083,586,32324,495,52350,588,84674,California
Merced,2021-04-27,1470,133786,621,73176,839,54517,10,6093,613,32156,792,53142,624,85298,California
Merced,2021-04-28,1358,135144,672,73848,677,55194,9,6102,783,32394,555,53697,793,86091,California
Merced,2021-04-29,1317,136461,517,74365,775,55969,25,6127,635,32380,675,54372,661,86752,California
Merced,2021-04-30,1372,137833,557,74922,773,56742,42,6169,681,32416,688,55060,724,87476,California
Merced,2021-05-01,552,138385,237,75159,311,57053,4,6173,257,32385,292,55352,261,87737,California
Merced,2021-05-02,291,138676,117,75276,159,57212,15,6188,128,32366,163,55515,144,87881,California
Merced,2021-05-03,766,139442,526,75802,194,57406,46,6234,268,32206,495,56010,335,88216,California
Merced,2021-05-04,981,140423,530,76332,398,57804,53,6287,343,31968,634,56644,396,88612,California
Merced,2021-05-05,874,141297,516,76848,297,58101,61,6348,382,31927,484,57128,443,89055,California
Merced,2021-05-06,595,141892,256,77104,306,58407,33,6381,184,31737,407,57535,217,89272,California
Merced,2021-05-07,338,142230,57,77161,264,58671,17,6398,153,31732,184,57719,179,89451,California
Modoc,2020-12-16,1,1,1,1,0,0,0,0,1,1,0,0,1,1,California
Modoc,2020-12-21,99,100,99,100,0,0,0,0,99,100,0,0,99,100,California
Modoc,2020-12-22,14,114,14,114,0,0,0,0,14,114,0,0,14,114,California
Modoc,2020-12-23,4,118,4,118,0,0,0,0,4,118,0,0,4,118,California
Modoc,2020-12-24,1,119,1,119,0,0,0,0,1,119,0,0,1,119,California
Modoc,2020-12-28,2,121,2,121,0,0,0,0,2,121,0,0,2,121,California
Modoc,2020-12-29,10,131,1,122,9,9,0,0,10,131,0,0,10,131,California
Modoc,2020-12-30,7,138,0,122,7,16,0,0,7,138,0,0,7,138,California
Modoc,2021-01-02,2,140,0,122,2,18,0,0,2,140,0,0,2,140,California
Modoc,2021-01-04,8,148,0,122,8,26,0,0,8,148,0,0,8,148,California
Modoc,2021-01-05,2,150,1,123,1,27,0,0,2,150,0,0,2,150,California
Modoc,2021-01-06,3,153,2,125,1,28,0,0,2,151,1,1,2,152,California
Modoc,2021-01-07,72,225,0,125,72,100,0,0,72,223,0,1,72,224,California
Modoc,2021-01-08,105,330,0,125,105,205,0,0,105,328,0,1,105,329,California
Modoc,2021-01-10,1,331,1,126,0,205,0,0,0,327,1,2,0,329,California
Modoc,2021-01-11,90,421,81,207,9,214,0,0,19,275,71,73,19,348,California
Modoc,2021-01-12,94,515,25,232,69,283,0,0,68,317,26,99,68,416,California
Modoc,2021-01-13,24,539,4,236,20,303,0,0,22,337,2,101,22,438,California
Modoc,2021-01-14,129,668,6,242,123,426,0,0,124,456,5,106,124,562,California
Modoc,2021-01-15,6,674,1,243,5,431,0,0,6,462,0,106,6,568,California
Modoc,2021-01-16,1,675,1,244,0,431,0,0,1,463,0,106,1,569,California
Modoc,2021-01-18,1,676,1,245,0,431,0,0,1,464,0,106,1,570,California
Modoc,2021-01-19,5,681,3,248,2,433,0,0,3,465,2,108,3,573,California
Modoc,2021-01-20,11,692,1,249,10,443,0,0,11,476,0,108,11,584,California
Modoc,2021-01-21,157,849,2,251,155,598,0,0,157,633,0,108,157,741,California
Modoc,2021-01-22,2,851,0,251,2,600,0,0,2,635,0,108,2,743,California
Modoc,2021-01-25,11,862,0,251,11,611,0,0,11,646,0,108,11,754,California
Modoc,2021-01-26,65,927,1,252,64,675,0,0,65,711,0,108,65,819,California
Modoc,2021-01-27,41,968,2,254,39,714,0,0,25,720,16,124,25,844,California
Modoc,2021-01-28,144,1112,1,255,143,857,0,0,144,864,0,124,144,988,California
Modoc,2021-01-29,3,1115,1,256,2,859,0,0,3,867,0,124,3,991,California
Modoc,2021-02-01,25,1140,12,268,13,872,0,0,11,864,14,138,11,1002,California
Modoc,2021-02-02,170,1310,2,270,168,1040,0,0,167,1028,3,141,167,1169,California
Modoc,2021-02-03,18,1328,13,283,5,1045,0,0,11,1032,7,148,11,1180,California
Modoc,2021-02-04,155,1483,4,287,151,1196,0,0,27,931,128,276,27,1207,California
Modoc,2021-02-05,4,1487,3,290,1,1197,0,0,3,933,1,277,3,1210,California
Modoc,2021-02-08,9,1496,2,292,7,1204,0,0,8,940,1,278,8,1218,California
Modoc,2021-02-09,197,1693,13,305,184,1388,0,0,65,873,132,410,65,1283,California
Modoc,2021-02-10,5,1698,2,307,3,1391,0,0,4,876,1,411,4,1287,California
Modoc,2021-02-11,201,1899,3,310,198,1589,0,0,83,841,118,529,83,1370,California
Modoc,2021-02-12,4,1903,0,310,4,1593,0,0,2,841,2,531,2,1372,California
Modoc,2021-02-13,1,1904,0,310,1,1594,0,0,1,842,0,531,1,1373,California
Modoc,2021-02-16,147,2051,6,316,141,1735,0,0,143,981,4,535,143,1516,California
Modoc,2021-02-17,24,2075,1,317,23,1758,0,0,12,981,12,547,12,1528,California
Modoc,2021-02-18,188,2263,2,319,186,1944,0,0,25,845,162,709,26,1554,California
Modoc,2021-02-19,2,2265,2,321,0,1944,0,0,2,847,0,709,2,1556,California
Modoc,2021-02-20,1,2266,1,322,0,1944,0,0,1,848,0,709,1,1557,California
Modoc,2021-02-22,17,2283,9,331,8,1952,0,0,3,837,14,723,3,1560,California
Modoc,2021-02-23,20,2303,2,333,18,1970,0,0,1,819,19,742,1,1561,California
Modoc,2021-02-24,90,2393,1,334,89,2059,0,0,30,789,60,802,30,1591,California
Modoc,2021-02-25,169,2562,1,335,168,2227,0,0,13,646,156,958,13,1604,California
Modoc,2021-02-26,3,2565,0,335,3,2230,0,0,1,645,2,960,1,1605,California
Modoc,2021-02-27,5,2570,5,340,0,2230,0,0,2,644,3,963,2,1607,California
Modoc,2021-03-01,5,2575,0,340,5,2235,0,0,0,640,4,967,0,1607,California
Modoc,2021-03-02,193,2768,12,352,181,2416,0,0,26,499,167,1134,26,1633,California
Modoc,2021-03-03,12,2780,6,358,6,2422,0,0,2,491,10,1144,2,1635,California
Modoc,2021-03-04,175,2955,2,360,173,2595,0,0,148,612,27,1171,148,1783,California
Modoc,2021-03-05,4,2959,3,363,1,2596,0,0,2,612,2,1173,2,1785,California
Modoc,2021-03-06,11,2970,0,363,1,2597,10,10,1,613,10,1183,11,1796,California
Modoc,2021-03-07,6,2976,1,364,0,2597,5,15,1,614,5,1188,6,1802,California
Modoc,2021-03-08,8,2984,1,365,3,2600,4,19,1,613,6,1194,5,1807,California
Modoc,2021-03-09,126,3110,10,375,108,2708,8,27,61,617,65,1259,69,1876,California
Modoc,2021-03-10,9,3119,3,378,2,2710,4,31,4,620,5,1264,8,1884,California
Modoc,2021-03-11,207,3326,0,378,99,2809,108,139,22,565,185,1449,130,2014,California
Modoc,2021-03-12,10,3336,1,379,4,2813,5,144,4,568,6,1455,9,2023,California
Modoc,2021-03-13,4,3340,0,379,1,2814,3,147,1,569,3,1458,4,2027,California
Modoc,2021-03-15,12,3352,1,380,10,2824,1,148,10,578,2,1460,11,2038,California
Modoc,2021-03-16,173,3525,1,381,168,2992,4,152,42,492,131,1591,45,2083,California
Modoc,2021-03-17,10,3535,1,382,4,2996,5,157,2,491,8,1599,7,2090,California
Modoc,2021-03-18,67,3602,2,384,58,3054,7,164,35,501,32,1631,42,2132,California
Modoc,2021-03-19,5,3607,0,384,0,3054,5,169,0,501,5,1636,5,2137,California
Modoc,2021-03-20,6,3613,2,386,1,3055,3,172,1,500,5,1641,4,2141,California
Modoc,2021-03-21,4,3617,1,387,1,3056,2,174,2,502,2,1643,4,2145,California
Modoc,2021-03-22,18,3635,1,388,11,3067,6,180,12,514,6,1649,18,2163,California
Modoc,2021-03-23,37,3672,7,395,27,3094,3,183,28,536,9,1658,31,2194,California
Modoc,2021-03-24,29,3701,1,396,18,3112,10,193,2,521,27,1685,12,2206,California
Modoc,2021-03-25,77,3778,1,397,74,3186,2,195,45,536,32,1717,47,2253,California
Modoc,2021-03-26,7,3785,2,399,2,3188,3,198,2,536,5,1722,5,2258,California
Modoc,2021-03-27,2,3787,0,399,1,3189,1,199,1,537,1,1723,2,2260,California
Modoc,2021-03-28,2,3789,1,400,0,3189,1,200,0,536,2,1725,1,2261,California
Modoc,2021-03-29,14,3803,1,401,5,3194,8,208,5,540,9,1734,13,2274,California
Modoc,2021-03-30,55,3858,10,411,38,3232,7,215,21,534,34,1768,28,2302,California
Modoc,2021-03-31,9,3867,3,414,2,3234,4,219,3,535,6,1774,7,2309,California
Modoc,2021-04-01,167,4034,2,416,160,3394,5,224,32,437,135,1909,37,2346,California
Modoc,2021-04-02,5,4039,0,416,2,3396,3,227,1,438,3,1912,4,2350,California
Modoc,2021-04-03,5,4044,2,418,0,3396,3,230,2,440,2,1914,4,2354,California
Modoc,2021-04-05,9,4053,0,418,9,3405,0,230,9,449,0,1914,9,2363,California
Modoc,2021-04-06,24,4077,5,423,9,3414,10,240,6,447,18,1932,16,2379,California
Modoc,2021-04-07,12,4089,1,424,4,3418,7,247,3,448,9,1941,10,2389,California
Modoc,2021-04-08,97,4186,1,425,93,3511,3,250,26,406,71,2012,29,2418,California
Modoc,2021-04-09,11,4197,2,427,6,3517,3,253,2,401,9,2021,4,2422,California
Modoc,2021-04-10,5,4202,0,427,1,3518,4,257,0,400,5,2026,4,2426,California
Modoc,2021-04-11,2,4204,2,429,0,3518,0,257,1,400,1,2027,1,2427,California
Modoc,2021-04-12,14,4218,1,430,9,3527,4,261,1,394,11,2038,5,2432,California
Modoc,2021-04-13,30,4248,29,459,1,3528,0,261,21,406,9,2047,21,2453,California
Modoc,2021-04-14,2,4250,2,461,0,3528,0,261,1,406,1,2048,1,2454,California
Modoc,2021-04-15,100,4350,0,461,100,3628,0,261,27,360,73,2121,27,2481,California
Modoc,2021-04-16,4,4354,4,465,0,3628,0,261,3,362,1,2122,3,2484,California
Modoc,2021-04-17,2,4356,2,467,0,3628,0,261,2,364,0,2122,2,2486,California
Modoc,2021-04-18,1,4357,0,467,1,3629,0,261,1,365,0,2122,1,2487,California
Modoc,2021-04-19,7,4364,1,468,6,3635,0,261,2,362,5,2127,2,2489,California
Modoc,2021-04-20,27,4391,2,470,25,3660,0,261,9,353,18,2145,9,2498,California
Modoc,2021-04-21,3,4394,3,473,0,3660,0,261,1,352,2,2147,1,2499,California
Modoc,2021-04-22,98,4492,4,477,94,3754,0,261,41,336,57,2204,41,2540,California
Modoc,2021-04-23,5,4497,1,478,4,3758,0,261,4,339,1,2205,4,2544,California
Modoc,2021-04-24,3,4500,1,479,1,3759,1,262,2,341,1,2206,3,2547,California
Modoc,2021-04-25,1,4501,1,480,0,3759,0,262,1,342,0,2206,1,2548,California
Modoc,2021-04-26,8,4509,1,481,7,3766,0,262,3,340,5,2211,3,2551,California
Modoc,2021-04-27,6,4515,4,485,1,3767,1,263,1,337,5,2216,2,2553,California
Modoc,2021-04-28,5,4520,1,486,3,3770,1,264,1,335,4,2220,2,2555,California
Modoc,2021-04-29,65,4585,2,488,63,3833,0,264,24,318,41,2261,24,2579,California
Modoc,2021-04-30,5,4590,4,492,1,3834,0,264,3,319,2,2263,3,2582,California
Modoc,2021-05-01,1,4591,1,493,0,3834,0,264,0,318,1,2264,0,2582,California
Modoc,2021-05-02,4,4595,3,496,1,3835,0,264,3,320,1,2265,3,2585,California
Modoc,2021-05-03,10,4605,0,496,9,3844,1,265,0,311,10,2275,1,2586,California
Modoc,2021-05-04,11,4616,3,499,6,3850,2,267,5,312,6,2281,7,2593,California
Modoc,2021-05-05,27,4643,24,523,2,3852,1,268,8,302,19,2300,9,2602,California
Modoc,2021-05-06,52,4695,3,526,47,3899,2,270,19,290,33,2333,21,2623,California
Modoc,2021-05-07,3,4698,0,526,2,3901,1,271,0,288,3,2336,1,2624,California
Mono,2020-12-18,1,1,1,1,0,0,0,0,1,1,0,0,1,1,California
Mono,2020-12-19,5,6,5,6,0,0,0,0,5,6,0,0,5,6,California
Mono,2020-12-20,7,13,7,13,0,0,0,0,7,13,0,0,7,13,California
Mono,2020-12-21,24,37,17,30,7,7,0,0,24,37,0,0,24,37,California
Mono,2020-12-22,66,103,65,95,1,8,0,0,66,103,0,0,66,103,California
Mono,2020-12-23,70,173,42,137,28,36,0,0,70,173,0,0,70,173,California
Mono,2020-12-24,3,176,1,138,2,38,0,0,3,176,0,0,3,176,California
Mono,2020-12-26,3,179,3,141,0,38,0,0,3,179,0,0,3,179,California
Mono,2020-12-28,94,273,63,204,31,69,0,0,94,273,0,0,94,273,California
Mono,2020-12-29,29,302,29,233,0,69,0,0,29,302,0,0,29,302,California
Mono,2020-12-30,77,379,36,269,41,110,0,0,77,379,0,0,77,379,California
Mono,2020-12-31,4,383,1,270,3,113,0,0,4,383,0,0,4,383,California
Mono,2021-01-01,4,387,4,274,0,113,0,0,4,387,0,0,4,387,California
Mono,2021-01-02,2,389,2,276,0,113,0,0,2,389,0,0,2,389,California
Mono,2021-01-04,1,390,0,276,1,114,0,0,1,390,0,0,1,390,California
Mono,2021-01-05,45,435,2,278,43,157,0,0,44,433,1,1,44,434,California
Mono,2021-01-06,44,479,0,278,44,201,0,0,44,477,0,1,44,478,California
Mono,2021-01-07,55,534,3,281,52,253,0,0,54,530,1,2,54,532,California
Mono,2021-01-08,2,536,1,282,1,254,0,0,1,530,1,3,1,533,California
Mono,2021-01-09,4,540,4,286,0,254,0,0,0,526,4,7,0,533,California
Mono,2021-01-10,5,545,5,291,0,254,0,0,0,521,5,12,0,533,California
Mono,2021-01-11,8,553,5,296,3,257,0,0,4,521,4,16,4,537,California
Mono,2021-01-12,282,835,75,371,207,464,0,0,218,676,63,79,218,755,California
Mono,2021-01-13,233,1068,73,444,160,624,0,0,178,799,55,134,178,933,California
Mono,2021-01-14,73,1141,71,515,2,626,0,0,73,872,0,134,73,1006,California
Mono,2021-01-15,62,1203,2,517,60,686,0,0,62,934,0,134,62,1068,California
Mono,2021-01-16,4,1207,3,520,1,687,0,0,1,932,3,137,1,1069,California
Mono,2021-01-18,64,1271,55,575,9,696,0,0,2,872,62,199,2,1071,California
Mono,2021-01-19,210,1481,208,783,2,698,0,0,172,1007,38,237,173,1244,California
Mono,2021-01-20,231,1712,199,982,32,730,0,0,170,1116,61,298,170,1414,California
Mono,2021-01-21,3,1715,3,985,0,730,0,0,3,1119,0,298,3,1417,California
Mono,2021-01-22,4,1719,0,985,4,734,0,0,4,1123,0,298,4,1421,California
Mono,2021-01-23,595,2314,595,1580,0,734,0,0,594,1716,1,299,594,2015,California
Mono,2021-01-25,203,2517,165,1745,38,772,0,0,164,1841,39,338,164,2179,California
Mono,2021-01-26,505,3022,503,2248,2,774,0,0,499,2334,6,344,499,2678,California
Mono,2021-01-27,5,3027,1,2249,4,778,0,0,5,2339,0,344,5,2683,California
Mono,2021-01-28,6,3033,2,2251,4,782,0,0,2,2337,4,348,2,2685,California
Mono,2021-01-30,202,3235,200,2451,2,784,0,0,201,2537,1,349,201,2886,California
Mono,2021-01-31,243,3478,138,2589,105,889,0,0,139,2572,104,453,139,3025,California
Mono,2021-02-01,27,3505,27,2616,0,889,0,0,0,2545,27,480,0,3025,California
Mono,2021-02-02,5,3510,0,2616,5,894,0,0,2,2544,3,483,2,3027,California
Mono,2021-02-03,4,3514,2,2618,2,896,0,0,2,2544,2,485,2,3029,California
Mono,2021-02-04,211,3725,158,2776,53,949,0,0,90,2513,121,606,90,3119,California
Mono,2021-02-05,615,4340,609,3385,6,955,0,0,612,3122,3,609,612,3731,California
Mono,2021-02-06,139,4479,138,3523,1,956,0,0,138,3259,1,610,138,3869,California
Mono,2021-02-07,2,4481,0,3523,2,958,0,0,2,3261,0,610,2,3871,California
Mono,2021-02-08,172,4653,172,3695,0,958,0,0,15,3120,156,766,15,3886,California
Mono,2021-02-09,226,4879,6,3701,220,1178,0,0,14,2922,212,978,14,3900,California
Mono,2021-02-10,538,5417,187,3888,351,1529,0,0,195,2775,343,1321,196,4096,California
Mono,2021-02-11,7,5424,4,3892,3,1532,0,0,2,2772,5,1326,2,4098,California
Mono,2021-02-12,84,5508,20,3912,64,1596,0,0,26,2740,58,1384,26,4124,California
Mono,2021-02-13,586,6094,586,4498,0,1596,0,0,25,2205,560,1944,25,4149,California
Mono,2021-02-15,167,6261,165,4663,2,1598,0,0,3,2046,162,2106,3,4152,California
Mono,2021-02-16,516,6777,513,5176,3,1601,0,0,45,1623,468,2574,45,4197,California
Mono,2021-02-17,6,6783,1,5177,5,1606,0,0,1,1619,5,2579,1,4198,California
Mono,2021-02-18,3,6786,2,5179,1,1607,0,0,2,1620,1,2580,2,4200,California
Mono,2021-02-19,54,6840,53,5232,1,1608,0,0,54,1674,0,2580,54,4254,California
Mono,2021-02-20,4,6844,4,5236,0,1608,0,0,4,1678,0,2580,4,4258,California
Mono,2021-02-21,5,6849,5,5241,0,1608,0,0,3,1679,2,2582,3,4261,California
Mono,2021-02-22,285,7134,284,5525,1,1609,0,0,24,1443,260,2842,24,4285,California
Mono,2021-02-23,135,7269,115,5640,20,1629,0,0,22,1352,113,2955,22,4307,California
Mono,2021-02-24,8,7277,3,5643,5,1634,0,0,2,1348,6,2961,2,4309,California
Mono,2021-02-25,5,7282,2,5645,3,1637,0,0,3,1350,1,2962,3,4312,California
Mono,2021-02-26,596,7878,595,6240,1,1638,0,0,20,795,575,3537,20,4332,California
Mono,2021-02-27,141,8019,137,6377,4,1642,0,0,4,664,135,3672,4,4336,California
Mono,2021-03-01,2,8021,2,6379,0,1642,0,0,1,665,0,3672,1,4337,California
Mono,2021-03-02,5,8026,3,6382,2,1644,0,0,3,666,2,3674,3,4340,California
Mono,2021-03-03,82,8108,2,6384,80,1724,0,0,79,743,2,3676,79,4419,California
Mono,2021-03-04,5,8113,1,6385,4,1728,0,0,3,744,2,3678,3,4422,California
Mono,2021-03-05,37,8150,27,6412,10,1738,0,0,14,735,23,3701,14,4436,California
Mono,2021-03-06,508,8658,17,6429,491,2229,0,0,500,1230,6,3707,501,4937,California
Mono,2021-03-07,1,8659,0,6429,1,2230,0,0,0,1229,1,3708,0,4937,California
Mono,2021-03-08,539,9198,11,6440,525,2755,3,3,530,1753,9,3717,533,5470,California
Mono,2021-03-09,6,9204,2,6442,3,2758,1,4,3,1755,2,3719,4,5474,California
Mono,2021-03-10,286,9490,90,6532,193,2951,3,7,9,1492,275,3994,12,5486,California
Mono,2021-03-11,10,9500,0,6532,1,2952,9,16,0,1491,10,4004,9,5495,California
Mono,2021-03-12,7,9507,1,6533,1,2953,5,21,0,1489,7,4011,5,5500,California
Mono,2021-03-13,823,10330,386,6919,437,3390,0,21,815,2296,8,4019,815,6315,California
Mono,2021-03-14,4,10334,4,6923,0,3390,0,21,1,2294,3,4022,1,6316,California
Mono,2021-03-15,29,10363,23,6946,1,3391,5,26,12,2295,16,4038,17,6333,California
Mono,2021-03-16,16,10379,6,6952,4,3395,6,32,8,2301,8,4046,14,6347,California
Mono,2021-03-17,34,10413,5,6957,21,3416,8,40,22,2319,12,4058,30,6377,California
Mono,2021-03-18,21,10434,2,6959,11,3427,8,48,9,2324,12,4070,17,6394,California
Mono,2021-03-19,21,10455,1,6960,17,3444,3,51,17,2341,3,4073,20,6414,California
Mono,2021-03-20,5,10460,3,6963,1,3445,1,52,4,2345,1,4074,5,6419,California
Mono,2021-03-21,1,10461,1,6964,0,3445,0,52,1,2346,0,4074,1,6420,California
Mono,2021-03-22,11,10472,0,6964,6,3451,5,57,5,2350,6,4080,10,6430,California
Mono,2021-03-23,41,10513,5,6969,31,3482,5,62,18,2350,23,4103,23,6453,California
Mono,2021-03-24,11,10524,1,6970,5,3487,5,67,5,2354,6,4109,10,6463,California
Mono,2021-03-25,19,10543,3,6973,12,3499,4,71,12,2363,7,4116,16,6479,California
Mono,2021-03-26,19,10562,3,6976,11,3510,5,76,10,2370,8,4124,15,6494,California
Mono,2021-03-27,350,10912,347,7323,3,3513,0,76,324,2668,26,4150,324,6818,California
Mono,2021-03-28,1,10913,1,7324,0,3513,0,76,1,2669,0,4150,1,6819,California
Mono,2021-03-29,10,10923,3,7327,6,3519,1,77,8,2676,2,4152,9,6828,California
Mono,2021-03-30,12,10935,0,7327,8,3527,4,81,7,2682,5,4157,11,6839,California
Mono,2021-03-31,126,11061,7,7334,118,3645,1,82,47,2652,78,4235,48,6887,California
Mono,2021-04-01,8,11069,0,7334,7,3652,1,83,3,2651,5,4240,4,6891,California
Mono,2021-04-02,18,11087,2,7336,16,3668,0,83,7,2647,11,4251,7,6898,California
Mono,2021-04-03,846,11933,365,7701,481,4149,0,83,34,1871,810,5061,34,6932,California
Mono,2021-04-05,529,12462,17,7718,511,4660,1,84,30,1404,498,5559,31,6963,California
Mono,2021-04-06,20,12482,2,7720,5,4665,13,97,2,1401,18,5577,15,6978,California
Mono,2021-04-07,25,12507,3,7723,3,4668,19,116,4,1403,21,5598,23,7001,California
Mono,2021-04-08,22,12529,3,7726,2,4670,17,133,4,1406,18,5616,21,7022,California
Mono,2021-04-09,37,12566,4,7730,4,4674,29,162,7,1412,30,5646,36,7058,California
Mono,2021-04-10,446,13012,2,7732,437,5111,7,169,28,1029,418,6064,35,7093,California
Mono,2021-04-11,1,13013,1,7733,0,5111,0,169,0,1028,1,6065,0,7093,California
Mono,2021-04-12,6,13019,0,7733,3,5114,3,172,3,1031,3,6068,6,7099,California
Mono,2021-04-13,18,13037,2,7735,15,5129,1,173,12,1038,6,6074,13,7112,California
Mono,2021-04-14,26,13063,1,7736,25,5154,0,173,7,1026,19,6093,7,7119,California
Mono,2021-04-15,18,13081,3,7739,15,5169,0,173,9,1026,9,6102,9,7128,California
Mono,2021-04-16,14,13095,1,7740,13,5182,0,173,5,1022,9,6111,5,7133,California
Mono,2021-04-17,51,13146,2,7742,49,5231,0,173,44,1059,7,6118,44,7177,California
Mono,2021-04-18,2,13148,1,7743,1,5232,0,173,2,1061,0,6118,2,7179,California
Mono,2021-04-19,527,13675,319,8062,208,5440,0,173,201,938,324,6442,201,7380,California
Mono,2021-04-20,17,13692,2,8064,15,5455,0,173,12,945,5,6447,12,7392,California
Mono,2021-04-21,9,13701,1,8065,8,5463,0,173,4,944,5,6452,4,7396,California
Mono,2021-04-22,27,13728,13,8078,14,5477,0,173,13,943,14,6466,13,7409,California
Mono,2021-04-23,21,13749,2,8080,19,5496,0,173,11,944,10,6476,11,7420,California
Mono,2021-04-24,34,13783,20,8100,14,5510,0,173,19,948,15,6491,19,7439,California
Mono,2021-04-25,3,13786,2,8102,1,5511,0,173,3,951,0,6491,3,7442,California
Mono,2021-04-26,8,13794,1,8103,7,5518,0,173,2,947,6,6497,2,7444,California
Mono,2021-04-27,63,13857,40,8143,18,5536,5,178,49,987,14,6511,54,7498,California
Mono,2021-04-28,63,13920,41,8184,18,5554,4,182,48,1026,13,6524,52,7550,California
Mono,2021-04-29,8,13928,1,8185,4,5558,3,185,2,1025,6,6530,5,7555,California
Mono,2021-04-30,15,13943,3,8188,9,5567,3,188,8,1029,7,6537,11,7566,California
Mono,2021-05-01,110,14053,4,8192,106,5673,0,188,98,1115,12,6549,98,7664,California
Mono,2021-05-03,2,14055,0,8192,1,5674,1,189,0,1114,2,6551,1,7665,California
Mono,2021-05-04,23,14078,1,8193,16,5690,6,195,14,1125,9,6560,20,7685,California
Mono,2021-05-05,45,14123,8,8201,37,5727,0,195,44,1168,1,6561,44,7729,California
Mono,2021-05-06,6,14129,3,8204,2,5729,1,196,2,1167,4,6565,3,7732,California
Mono,2021-05-07,24,14153,22,8226,2,5731,0,196,22,1187,2,6567,22,7754,California
Monterey,2020-12-16,4,4,4,4,0,0,0,0,4,4,0,0,4,4,California
Monterey,2020-12-17,83,87,83,87,0,0,0,0,83,87,0,0,83,87,California
Monterey,2020-12-18,482,569,482,569,0,0,0,0,482,569,0,0,482,569,California
Monterey,2020-12-19,581,1150,581,1150,0,0,0,0,581,1150,0,0,581,1150,California
Monterey,2020-12-20,422,1572,422,1572,0,0,0,0,422,1572,0,0,422,1572,California
Monterey,2020-12-21,719,2291,719,2291,0,0,0,0,719,2291,0,0,719,2291,California
Monterey,2020-12-22,533,2824,520,2811,13,13,0,0,533,2824,0,0,533,2824,California
Monterey,2020-12-23,437,3261,262,3073,175,188,0,0,437,3261,0,0,437,3261,California
Monterey,2020-12-24,84,3345,10,3083,74,262,0,0,84,3345,0,0,84,3345,California
Monterey,2020-12-25,6,3351,0,3083,6,268,0,0,6,3351,0,0,6,3351,California
Monterey,2020-12-26,92,3443,5,3088,87,355,0,0,92,3443,0,0,92,3443,California
Monterey,2020-12-27,7,3450,4,3092,3,358,0,0,7,3450,0,0,7,3450,California
Monterey,2020-12-28,475,3925,25,3117,450,808,0,0,475,3925,0,0,475,3925,California
Monterey,2020-12-29,898,4823,167,3284,731,1539,0,0,898,4823,0,0,898,4823,California
Monterey,2020-12-30,568,5391,98,3382,470,2009,0,0,568,5391,0,0,568,5391,California
Monterey,2020-12-31,33,5424,11,3393,22,2031,0,0,33,5424,0,0,33,5424,California
Monterey,2021-01-01,12,5436,2,3395,10,2041,0,0,12,5436,0,0,12,5436,California
Monterey,2021-01-02,137,5573,134,3529,3,2044,0,0,137,5573,0,0,137,5573,California
Monterey,2021-01-03,30,5603,29,3558,1,2045,0,0,30,5603,0,0,30,5603,California
Monterey,2021-01-04,411,6014,18,3576,393,2438,0,0,411,6014,0,0,411,6014,California
Monterey,2021-01-05,752,6766,327,3903,425,2863,0,0,738,6738,14,14,738,6752,California
Monterey,2021-01-06,656,7422,172,4075,484,3347,0,0,634,7350,22,36,634,7386,California
Monterey,2021-01-07,746,8168,572,4647,174,3521,0,0,422,7450,322,358,422,7808,California
Monterey,2021-01-08,1087,9255,734,5381,353,3874,0,0,394,7151,693,1051,394,8202,California
Monterey,2021-01-09,965,10220,937,6318,28,3902,0,0,313,6812,652,1703,313,8515,California
Monterey,2021-01-10,274,10494,271,6589,3,3905,0,0,9,6556,265,1968,9,8524,California
Monterey,2021-01-11,1065,11559,985,7574,80,3985,0,0,362,6215,703,2671,362,8886,California
Monterey,2021-01-12,464,12023,387,7961,77,4062,0,0,203,6157,261,2932,203,9089,California
Monterey,2021-01-13,1217,13240,593,8554,624,4686,0,0,1171,7282,46,2978,1171,10260,California
Monterey,2021-01-14,1119,14359,165,8719,954,5640,0,0,1101,8368,18,2996,1104,11364,California
Monterey,2021-01-15,1045,15404,44,8763,1001,6641,0,0,1032,9387,13,3009,1032,12396,California
Monterey,2021-01-16,363,15767,300,9063,63,6704,0,0,358,9740,5,3014,358,12754,California
Monterey,2021-01-17,309,16076,288,9351,21,6725,0,0,296,10023,13,3027,296,13050,California
Monterey,2021-01-18,401,16477,50,9401,351,7076,0,0,380,10382,21,3048,380,13430,California
Monterey,2021-01-19,578,17055,396,9797,182,7258,0,0,419,10644,157,3205,419,13849,California
Monterey,2021-01-20,532,17587,270,10067,262,7520,0,0,326,10764,206,3411,326,14175,California
Monterey,2021-01-21,840,18427,92,10159,748,8268,0,0,730,11388,110,3521,734,14909,California
Monterey,2021-01-22,1050,19477,193,10352,857,9125,0,0,1011,12360,39,3560,1011,15920,California
Monterey,2021-01-23,240,19717,174,10526,66,9191,0,0,117,12356,122,3682,118,16038,California
Monterey,2021-01-24,56,19773,38,10564,18,9209,0,0,22,12344,34,3716,22,16060,California
Monterey,2021-01-25,782,20555,173,10737,609,9818,0,0,157,11883,618,4334,157,16217,California
Monterey,2021-01-26,928,21483,224,10961,704,10522,0,0,236,11427,692,5026,236,16453,California
Monterey,2021-01-27,857,22340,308,11269,549,11071,0,0,378,11326,479,5505,378,16831,California
Monterey,2021-01-28,2021,24361,737,12006,1284,12355,0,0,1681,12669,340,5845,1683,18514,California
Monterey,2021-01-29,1229,25590,707,12713,522,12877,0,0,1112,13666,116,5961,1113,19627,California
Monterey,2021-01-30,442,26032,295,13008,147,13024,0,0,185,13594,257,6218,185,19812,California
Monterey,2021-01-31,493,26525,71,13079,422,13446,0,0,483,14068,10,6228,484,20296,California
Monterey,2021-02-01,1651,28176,1139,14218,512,13958,0,0,1088,14594,562,6790,1088,21384,California
Monterey,2021-02-02,2160,30336,463,14681,1697,15655,0,0,1553,15541,606,7396,1553,22937,California
Monterey,2021-02-03,2327,32663,1045,15726,1282,16937,0,0,1552,16322,771,8167,1552,24489,California
Monterey,2021-02-04,2771,35434,2087,17813,684,17621,0,0,2462,18477,307,8474,2462,26951,California
Monterey,2021-02-05,3640,39074,2819,20632,821,18442,0,0,3206,21254,429,8903,3206,30157,California
Monterey,2021-02-06,1096,40170,379,21011,717,19159,0,0,754,21668,340,9243,754,30911,California
Monterey,2021-02-07,315,40485,270,21281,45,19204,0,0,96,21545,219,9462,96,31007,California
Monterey,2021-02-08,515,41000,290,21571,225,19429,0,0,426,21882,89,9551,426,31433,California
Monterey,2021-02-09,861,41861,673,22244,188,19617,0,0,551,22125,310,9861,553,31986,California
Monterey,2021-02-10,2083,43944,1113,23357,970,20587,0,0,1233,22509,850,10711,1234,33220,California
Monterey,2021-02-11,2498,46442,970,24327,1528,22115,0,0,1544,23103,952,11663,1546,34766,California
Monterey,2021-02-12,2586,49028,428,24755,2158,24273,0,0,1518,23555,1067,12730,1519,36285,California
Monterey,2021-02-13,1068,50096,50,24805,1018,25291,0,0,977,24441,91,12821,977,37262,California
Monterey,2021-02-14,591,50687,73,24878,518,25809,0,0,518,24886,73,12894,518,37780,California
Monterey,2021-02-15,1367,52054,160,25038,1207,27016,0,0,982,25486,383,13277,983,38763,California
Monterey,2021-02-16,1090,53144,244,25282,846,27862,0,0,866,26128,224,13501,866,39629,California
Monterey,2021-02-17,1937,55081,1164,26446,773,28635,0,0,1639,27473,296,13797,1641,41270,California
Monterey,2021-02-18,2224,57305,1175,27621,1049,29684,0,0,907,27079,1303,15100,909,42179,California
Monterey,2021-02-19,2938,60243,1534,29155,1404,31088,0,0,1346,26835,1591,16691,1347,43526,California
Monterey,2021-02-20,1007,61250,607,29762,400,31488,0,0,952,27733,54,16745,952,44478,California
Monterey,2021-02-21,1240,62490,1212,30974,28,31516,0,0,1170,28835,68,16813,1170,45648,California
Monterey,2021-02-22,976,63466,843,31817,133,31649,0,0,643,29147,331,17144,643,46291,California
Monterey,2021-02-23,953,64419,621,32438,332,31981,0,0,302,28800,650,17794,303,46594,California
Monterey,2021-02-24,2463,66882,1315,33753,1148,33129,0,0,1851,30045,607,18401,1852,48446,California
Monterey,2021-02-25,4401,71283,2411,36164,1990,35119,0,0,1471,28594,2923,21324,1472,49918,California
Monterey,2021-02-26,5246,76529,3080,39244,2166,37285,0,0,2625,28602,2618,23942,2626,52544,California
Monterey,2021-02-27,996,77525,182,39426,814,38099,0,0,805,29221,186,24128,805,53349,California
Monterey,2021-02-28,1528,79053,81,39507,1447,39546,0,0,1066,29830,457,24585,1066,54415,California
Monterey,2021-03-01,1281,80334,139,39646,1139,40685,3,3,744,30045,533,25118,748,55163,California
Monterey,2021-03-02,2729,83063,1720,41366,1009,41694,0,3,1878,31076,847,25965,1878,57041,California
Monterey,2021-03-03,3199,86262,1241,42607,1958,43652,0,3,1261,30402,1936,27901,1262,58303,California
Monterey,2021-03-04,4550,90812,1468,44075,3082,46734,0,3,2951,31758,1595,29496,2951,61254,California
Monterey,2021-03-05,3587,94399,1621,45696,1689,48423,277,280,2955,34359,631,30127,3232,64486,California
Monterey,2021-03-06,5033,99432,1067,46763,3663,52086,303,583,4129,37888,901,31028,4430,68916,California
Monterey,2021-03-07,520,99952,108,46871,167,52253,245,828,233,38077,287,31315,476,69392,California
Monterey,2021-03-08,1658,101610,326,47197,943,53196,389,1217,1119,39044,539,31854,1506,70898,California
Monterey,2021-03-09,1906,103516,678,47875,952,54148,276,1493,1417,40247,488,32342,1691,72589,California
Monterey,2021-03-10,3119,106635,1021,48896,1610,55758,488,1981,1416,40453,1697,34039,1903,74492,California
Monterey,2021-03-11,4101,110736,1402,50298,2326,58084,373,2354,2341,41414,1753,35792,2714,77206,California
Monterey,2021-03-12,4315,115051,2047,52345,2133,60217,135,2489,2634,42504,1678,37470,2768,79974,California
Monterey,2021-03-13,5241,120292,960,53305,3934,64151,347,2836,3934,45479,1307,38777,4282,84256,California
Monterey,2021-03-14,2147,122439,1325,54630,797,64948,25,2861,577,44522,1559,40336,602,84858,California
Monterey,2021-03-15,3936,126375,1264,55894,2383,67331,289,3150,2251,45380,1681,42017,2539,87397,California
Monterey,2021-03-16,3490,129865,573,56467,2543,69874,374,3524,2080,46421,1409,43426,2450,89847,California
Monterey,2021-03-17,5706,135571,2336,58803,3117,72991,253,3777,4111,49202,1588,45014,4369,94216,California
Monterey,2021-03-18,4352,139923,2153,60956,2032,75023,167,3944,2998,51057,1348,46362,3203,97419,California
Monterey,2021-03-19,5391,145314,2557,63513,2691,77714,143,4087,4118,54051,1268,47630,4262,101681,California
Monterey,2021-03-20,3309,148623,420,63933,2194,79908,695,4782,2231,55902,1075,48705,2926,104607,California
Monterey,2021-03-21,624,149247,201,64134,415,80323,8,4790,557,56401,65,48770,564,105171,California
Monterey,2021-03-22,2458,151705,1433,65567,963,81286,62,4852,2249,58505,205,48975,2309,107480,California
Monterey,2021-03-23,3972,155677,2350,67917,1579,82865,43,4895,2517,59614,1450,50425,2559,110039,California
Monterey,2021-03-24,4983,160660,2088,70005,2586,85451,309,5204,3629,62200,1350,51775,3936,113975,California
Monterey,2021-03-25,5211,165871,1209,71214,3645,89096,357,5561,2588,62531,2616,54391,2947,116922,California
Monterey,2021-03-26,5292,171163,2602,73816,2624,91720,66,5627,2654,62624,2629,57020,2722,119644,California
Monterey,2021-03-27,4760,175923,1419,75235,3085,94805,256,5883,3049,64221,1708,58728,3305,122949,California
Monterey,2021-03-28,1106,177029,333,75568,764,95569,9,5892,623,64375,478,59206,632,123581,California
Monterey,2021-03-29,3168,180197,1404,76972,1750,97319,14,5906,1952,65135,1209,60415,1969,125550,California
Monterey,2021-03-30,4437,184634,2131,79103,2263,99582,43,5949,2751,66257,1676,62091,2798,128348,California
Monterey,2021-03-31,5285,189919,2377,81480,2119,101701,789,6738,3340,68435,1942,64033,4120,132468,California
Monterey,2021-04-01,6018,195937,2059,83539,3552,105253,407,7145,3011,68856,2993,67026,3414,135882,California
Monterey,2021-04-02,4666,200603,2241,85780,2364,107617,61,7206,3170,70595,1495,68521,3234,139116,California
Monterey,2021-04-03,5767,206370,1106,86886,3640,111257,1021,8227,1184,68228,4567,73088,2200,141316,California
Monterey,2021-04-04,753,207123,156,87042,583,111840,14,8241,485,68461,268,73356,501,141817,California
Monterey,2021-04-05,3969,211092,2463,89505,1279,113119,227,8468,1463,67649,2502,75858,1690,143507,California
Monterey,2021-04-06,3340,214432,1321,90826,1548,114667,471,8939,1118,67017,2220,78078,1588,145095,California
Monterey,2021-04-07,5483,219915,1366,92192,3607,118274,510,9449,2643,67337,2829,80907,3149,148244,California
Monterey,2021-04-08,6465,226380,3447,95639,2216,120490,802,10251,3167,68015,3292,84199,3970,152214,California
Monterey,2021-04-09,5501,231881,3350,98989,1520,122010,631,10882,2218,67583,3280,87479,2848,155062,California
Monterey,2021-04-10,10012,241893,4872,103861,2993,125003,2147,13029,4887,69498,5117,92596,7032,162094,California
Monterey,2021-04-11,5413,247306,4246,108107,566,125569,601,13630,4371,73431,1036,93632,4969,167063,California
Monterey,2021-04-12,4054,251360,1843,109950,1901,127470,310,13940,905,71635,3011,96643,1215,168278,California
Monterey,2021-04-13,3120,254480,717,110667,2398,129868,5,13945,1492,71526,1607,98250,1498,169776,California
Monterey,2021-04-14,6560,261040,3110,113777,3448,133316,2,13947,1797,68575,4750,103000,1799,171575,California
Monterey,2021-04-15,5739,266779,3885,117662,1854,135170,0,13947,3824,70514,1885,104885,3824,175399,California
Monterey,2021-04-16,4663,271442,2390,120052,2259,137429,14,13961,2173,70221,2480,107365,2187,177586,California
Monterey,2021-04-17,5503,276945,1337,121389,4166,141595,0,13961,3683,72096,1808,109173,3683,181269,California
Monterey,2021-04-18,834,277779,253,121642,581,142176,0,13961,235,71736,595,109768,235,181504,California
Monterey,2021-04-19,3666,281445,1283,122925,2383,144559,0,13961,1751,71580,1907,111675,1751,183255,California
Monterey,2021-04-20,3748,285193,1568,124493,2180,146739,0,13961,1543,70940,2184,113859,1544,184799,California
Monterey,2021-04-21,5774,290967,3151,127644,2623,149362,0,13961,2833,70869,2906,116765,2835,187634,California
Monterey,2021-04-22,4689,295656,1006,128650,3683,153045,0,13961,1946,70109,2706,119471,1946,189580,California
Monterey,2021-04-23,5621,301277,2625,131275,2995,156040,1,13962,2208,68926,3395,122866,2212,191792,California
Monterey,2021-04-24,4131,305408,582,131857,3549,159589,0,13962,1530,67886,2570,125436,1530,193322,California
Monterey,2021-04-25,1230,306638,602,132459,628,160217,0,13962,786,68237,435,125871,786,194108,California
Monterey,2021-04-26,3400,310038,2142,134601,1241,161458,17,13979,858,66595,2517,128388,875,194983,California
Monterey,2021-04-27,2499,312537,864,135465,1518,162976,117,14096,1091,66400,1402,129790,1207,196190,California
Monterey,2021-04-28,3487,316024,1352,136817,1997,164973,138,14234,2166,67393,1308,131098,2301,198491,California
Monterey,2021-04-29,4376,320400,2404,139221,1896,166869,76,14310,1631,66366,2735,133833,1708,200199,California
Monterey,2021-04-30,3074,323474,1653,140874,1345,168214,76,14386,760,64894,2306,136139,834,201033,California
Monterey,2021-05-01,5603,329077,4229,145103,1334,169548,40,14426,680,60704,4908,141047,718,201751,California
Monterey,2021-05-02,4349,333426,3925,149028,397,169945,27,14453,325,57044,4012,145059,352,202103,California
Monterey,2021-05-03,2516,335942,1561,150589,838,170783,117,14570,582,55820,1923,146982,699,202802,California
Monterey,2021-05-04,1682,337624,581,151170,1012,171795,89,14659,619,55480,1049,148031,709,203511,California
Monterey,2021-05-05,2413,340037,1030,152200,1344,173139,39,14698,779,54674,1624,149655,818,204329,California
Monterey,2021-05-06,3237,343274,2339,154539,727,173866,171,14869,878,53374,2349,152004,1049,205378,California
Monterey,2021-05-07,1161,344435,737,155276,394,174260,30,14899,396,53038,761,152765,425,205803,California
Napa,2020-12-16,12,12,12,12,0,0,0,0,12,12,0,0,12,12,California
Napa,2020-12-17,44,56,44,56,0,0,0,0,44,56,0,0,44,56,California
Napa,2020-12-18,101,157,101,157,0,0,0,0,101,157,0,0,101,157,California
Napa,2020-12-19,221,378,221,378,0,0,0,0,221,378,0,0,221,378,California
Napa,2020-12-20,189,567,189,567,0,0,0,0,189,567,0,0,189,567,California
Napa,2020-12-21,310,877,310,877,0,0,0,0,311,878,0,0,311,878,California
Napa,2020-12-22,340,1217,331,1208,9,9,0,0,340,1218,0,0,340,1218,California
Napa,2020-12-23,428,1645,318,1526,110,119,0,0,428,1646,0,0,428,1646,California
Napa,2020-12-24,139,1784,78,1604,61,180,0,0,139,1785,0,0,139,1785,California
Napa,2020-12-25,1,1785,1,1605,0,180,0,0,1,1786,0,0,1,1786,California
Napa,2020-12-26,39,1824,11,1616,28,208,0,0,39,1825,0,0,39,1825,California
Napa,2020-12-27,32,1856,16,1632,16,224,0,0,32,1857,0,0,32,1857,California
Napa,2020-12-28,251,2107,185,1817,66,290,0,0,280,2137,0,0,280,2137,California
Napa,2020-12-29,272,2379,213,2030,59,349,0,0,306,2443,0,0,306,2443,California
Napa,2020-12-30,628,3007,485,2515,143,492,0,0,636,3079,0,0,636,3079,California
Napa,2020-12-31,459,3466,371,2886,88,580,0,0,459,3538,0,0,459,3538,California
Napa,2021-01-01,1,3467,1,2887,0,580,0,0,1,3539,0,0,1,3539,California
Napa,2021-01-02,98,3565,93,2980,5,585,0,0,98,3637,0,0,98,3637,California
Napa,2021-01-03,13,3578,11,2991,2,587,0,0,9,3646,0,0,9,3646,California
Napa,2021-01-04,106,3684,64,3055,42,629,0,0,106,3752,0,0,106,3752,California
Napa,2021-01-05,162,3846,85,3140,77,706,0,0,145,3873,24,24,145,3897,California
Napa,2021-01-06,460,4306,115,3255,345,1051,0,0,396,4207,62,86,396,4293,California
Napa,2021-01-07,499,4805,235,3490,264,1315,0,0,398,4505,100,186,398,4691,California
Napa,2021-01-08,443,5248,227,3717,216,1531,0,0,262,4587,180,366,262,4953,California
Napa,2021-01-09,325,5573,300,4017,25,1556,0,0,189,4640,136,502,189,5142,California
Napa,2021-01-10,185,5758,102,4119,83,1639,0,0,109,4673,76,578,109,5251,California
Napa,2021-01-11,883,6641,426,4545,457,2096,0,0,510,4811,374,952,512,5763,California
Napa,2021-01-12,1312,7953,370,4915,942,3038,0,0,997,5493,315,1267,997,6760,California
Napa,2021-01-13,1311,9264,264,5179,1047,4085,0,0,1149,6482,161,1428,1150,7910,California
Napa,2021-01-14,1053,10317,173,5352,880,4965,0,0,935,7301,116,1544,935,8845,California
Napa,2021-01-15,1456,11773,384,5736,1072,6037,0,0,1308,8454,156,1700,1309,10154,California
Napa,2021-01-16,357,12130,134,5870,223,6260,0,0,339,8775,18,1718,339,10493,California
Napa,2021-01-17,341,12471,176,6046,165,6425,0,0,331,9096,10,1728,331,10824,California
Napa,2021-01-18,1081,13552,197,6243,884,7309,0,0,990,9995,91,1819,990,11814,California
Napa,2021-01-19,1009,14561,404,6647,605,7914,0,0,768,10523,240,2059,768,12582,California
Napa,2021-01-20,826,15387,185,6832,641,8555,0,0,643,10985,181,2240,643,13225,California
Napa,2021-01-21,1336,16723,374,7206,962,9517,0,0,1081,11813,254,2494,1082,14307,California
Napa,2021-01-22,1540,18263,412,7618,1128,10645,0,0,1213,12701,326,2820,1214,15521,California
Napa,2021-01-23,398,18661,318,7936,80,10725,0,0,336,12975,62,2882,336,15857,California
Napa,2021-01-24,265,18926,188,8124,77,10802,0,0,208,13126,57,2939,208,16065,California
Napa,2021-01-25,1521,20447,231,8355,1290,12092,0,0,1431,14467,90,3029,1431,17496,California
Napa,2021-01-26,882,21329,286,8641,596,12688,0,0,788,15162,94,3123,789,18285,California
Napa,2021-01-27,627,21956,221,8862,406,13094,0,0,471,15478,156,3279,472,18757,California
Napa,2021-01-28,389,22345,176,9038,213,13307,0,0,197,15485,190,3469,197,18954,California
Napa,2021-01-29,256,22601,65,9103,191,13498,0,0,161,15551,95,3564,161,19115,California
Napa,2021-01-30,804,23405,695,9798,109,13607,0,0,640,16027,164,3728,640,19755,California
Napa,2021-01-31,656,24061,625,10423,31,13638,0,0,630,16631,26,3754,630,20385,California
Napa,2021-02-01,315,24376,110,10533,205,13843,0,0,163,16642,152,3906,163,20548,California
Napa,2021-02-02,608,24984,281,10814,327,14170,0,0,298,16633,307,4213,298,20846,California
Napa,2021-02-03,746,25730,310,11124,436,14606,0,0,431,16750,314,4527,431,21277,California
Napa,2021-02-04,789,26519,373,11497,416,15022,0,0,441,16845,346,4873,441,21718,California
Napa,2021-02-05,711,27230,311,11808,400,15422,0,0,343,16820,368,5241,343,22061,California
Napa,2021-02-06,434,27664,146,11954,288,15710,0,0,328,17042,106,5347,328,22389,California
Napa,2021-02-07,176,27840,163,12117,13,15723,0,0,71,17008,105,5452,71,22460,California
Napa,2021-02-08,837,28677,191,12308,646,16369,0,0,274,16722,560,6012,274,22734,California
Napa,2021-02-09,1078,29755,443,12751,635,17004,0,0,437,16518,641,6653,437,23171,California
Napa,2021-02-10,1719,31474,193,12944,1526,18530,0,0,452,15707,1264,7917,453,23624,California
Napa,2021-02-11,1495,32969,195,13139,1300,19830,0,0,407,15039,1075,8992,407,24031,California
Napa,2021-02-12,2165,35134,842,13981,1323,21153,0,0,725,14327,1437,10429,725,24756,California
Napa,2021-02-13,499,35633,52,14033,447,21600,0,0,313,14454,186,10615,313,25069,California
Napa,2021-02-14,355,35988,89,14122,266,21866,0,0,194,14487,161,10776,194,25263,California
Napa,2021-02-15,874,36862,183,14305,691,22557,0,0,221,14057,651,11427,221,25484,California
Napa,2021-02-16,1288,38150,597,14902,691,23248,0,0,612,13994,675,12102,612,26096,California
Napa,2021-02-17,1050,39200,533,15435,517,23765,0,0,480,13906,568,12670,480,26576,California
Napa,2021-02-18,1901,41101,485,15920,1416,25181,0,0,660,13328,1238,13908,660,27236,California
Napa,2021-02-19,1483,42584,588,16508,895,26076,0,0,677,13200,805,14713,677,27913,California
Napa,2021-02-20,823,43407,597,17105,226,26302,0,0,275,12927,548,15261,275,28188,California
Napa,2021-02-21,799,44206,736,17841,63,26365,0,0,197,12522,602,15863,197,28385,California
Napa,2021-02-22,444,44650,187,18028,257,26622,0,0,138,12354,306,16169,138,28523,California
Napa,2021-02-23,1125,45775,301,18329,824,27446,0,0,308,11845,817,16986,308,28831,California
Napa,2021-02-24,1164,46939,644,18973,520,27966,0,0,576,11835,586,17572,576,29407,California
Napa,2021-02-25,2553,49492,1222,20195,1331,29297,0,0,1843,12969,709,18281,1843,31250,California
Napa,2021-02-26,1508,51000,529,20724,979,30276,0,0,594,12651,912,19193,594,31844,California
Napa,2021-02-27,1118,52118,379,21103,739,31015,0,0,866,13267,250,19443,866,32710,California
Napa,2021-02-28,560,52678,459,21562,101,31116,0,0,461,13631,97,19540,461,33171,California
Napa,2021-03-01,1102,53780,816,22378,286,31402,0,0,832,14194,269,19809,832,34003,California
Napa,2021-03-02,1483,55263,1024,23402,459,31861,0,0,1142,14996,340,20149,1142,35145,California
Napa,2021-03-03,1554,56817,690,24092,864,32725,0,0,1370,16183,183,20332,1370,36515,California
Napa,2021-03-04,1708,58525,784,24876,924,33649,0,0,1470,17418,235,20567,1470,37985,California
Napa,2021-03-05,1895,60420,788,25664,1103,34752,4,4,1476,18481,417,20984,1480,39465,California
Napa,2021-03-06,648,61068,281,25945,336,35088,31,35,535,18936,111,21095,566,40031,California
Napa,2021-03-07,520,61588,318,26263,187,35275,15,50,370,19171,150,21245,385,40416,California
Napa,2021-03-08,706,62294,330,26593,323,35598,53,103,529,19578,175,21420,582,40998,California
Napa,2021-03-09,1633,63927,571,27164,1016,36614,46,149,1201,20396,429,21849,1247,42245,California
Napa,2021-03-10,1478,65405,917,28081,468,37082,93,242,777,20568,697,22546,869,43114,California
Napa,2021-03-11,1874,67279,1057,29138,688,37770,129,371,983,20789,891,23437,1112,44226,California
Napa,2021-03-12,1505,68784,914,30052,495,38265,96,467,801,20983,702,24139,896,45122,California
Napa,2021-03-13,1165,69949,300,30352,840,39105,25,492,827,21499,336,24475,852,45974,California
Napa,2021-03-14,613,70562,331,30683,134,39239,148,640,229,21492,383,24858,376,46350,California
Napa,2021-03-15,949,71511,408,31091,472,39711,69,709,480,21574,467,25325,549,46899,California
Napa,2021-03-16,1838,73349,388,31479,1324,41035,126,835,1377,22621,457,25782,1504,48403,California
Napa,2021-03-17,2497,75846,1848,33327,470,41505,179,1014,1587,23477,910,26692,1766,50169,California
Napa,2021-03-18,2105,77951,918,34245,1177,42682,10,1024,1283,23950,820,27512,1293,51462,California
Napa,2021-03-19,1444,79395,872,35117,544,43226,28,1052,711,23959,730,28242,739,52201,California
Napa,2021-03-20,1005,80400,529,35646,323,43549,153,1205,431,23970,573,28815,584,52785,California
Napa,2021-03-21,701,81101,680,36326,19,43568,2,1207,349,23970,351,29166,351,53136,California
Napa,2021-03-22,1090,82191,914,37240,165,43733,11,1218,476,23848,609,29775,487,53623,California
Napa,2021-03-23,1515,83706,824,38064,674,44407,17,1235,1001,24355,511,30286,1018,54641,California
Napa,2021-03-24,1705,85411,945,39009,752,45159,8,1243,819,24297,885,31171,827,55468,California
Napa,2021-03-25,1634,87045,1048,40057,532,45691,54,1297,746,24213,885,32056,801,56269,California
Napa,2021-03-26,1298,88343,831,40888,461,46152,6,1303,592,24109,702,32758,598,56867,California
Napa,2021-03-27,947,89290,432,41320,488,46640,27,1330,315,23819,632,33390,342,57209,California
Napa,2021-03-28,483,89773,373,41693,103,46743,7,1337,184,23712,298,33688,191,57400,California
Napa,2021-03-29,1193,90966,870,42563,318,47061,5,1342,733,23991,459,34147,738,58138,California
Napa,2021-03-30,2537,93503,929,43492,1604,48665,4,1346,1751,24960,786,34933,1755,59893,California
Napa,2021-03-31,1962,95465,957,44449,936,49601,69,1415,800,24668,1159,36092,867,60760,California
Napa,2021-04-01,1730,97195,830,45279,784,50385,116,1531,469,23997,1255,37347,584,61344,California
Napa,2021-04-02,1833,99028,822,46101,869,51254,142,1673,458,23225,1372,38719,600,61944,California
Napa,2021-04-03,623,99651,360,46461,204,51458,59,1732,209,23078,414,39133,267,62211,California
Napa,2021-04-04,354,100005,144,46605,152,51610,58,1790,125,23033,228,39361,183,62394,California
Napa,2021-04-05,1263,101268,754,47359,291,51901,218,2008,573,23135,689,40050,791,63185,California
Napa,2021-04-06,2221,103489,560,47919,1406,53307,255,2263,527,22226,1691,41741,782,63967,California
Napa,2021-04-07,1721,105210,701,48620,799,54106,221,2484,521,21772,1195,42936,741,64708,California
Napa,2021-04-08,1839,107049,1050,49670,419,54525,370,2854,950,22205,885,43821,1318,66026,California
Napa,2021-04-09,1529,108578,918,50588,309,54834,302,3156,675,22329,852,44673,976,67002,California
Napa,2021-04-10,1029,109607,346,50934,583,55417,100,3256,239,21878,789,45462,338,67340,California
Napa,2021-04-11,384,109991,299,51233,62,55479,23,3279,155,21827,229,45691,178,67518,California
Napa,2021-04-12,784,110775,301,51534,359,55838,124,3403,292,21749,491,46182,413,67931,California
Napa,2021-04-13,2520,113295,841,52375,1679,57517,0,3403,918,21069,1598,47780,918,68849,California
Napa,2021-04-14,2061,115356,977,53352,1084,58601,0,3403,1007,21030,1046,48826,1007,69856,California
Napa,2021-04-15,1621,116977,525,53877,1096,59697,0,3403,864,21142,752,49578,864,70720,California
Napa,2021-04-16,2900,119877,1571,55448,1329,61026,0,3403,2187,22618,711,50289,2187,72907,California
Napa,2021-04-17,1124,121001,266,55714,858,61884,0,3403,828,23150,296,50585,828,73735,California
Napa,2021-04-18,263,121264,171,55885,92,61976,0,3403,118,23124,144,50729,118,73853,California
Napa,2021-04-19,609,121873,339,56224,270,62246,0,3403,266,23048,342,51071,266,74119,California
Napa,2021-04-20,3038,124911,2065,58289,973,63219,0,3403,2088,24188,949,52020,2089,76208,California
Napa,2021-04-21,2907,127818,2149,60438,758,63977,0,3403,1855,24997,1047,53067,1856,78064,California
Napa,2021-04-22,1625,129443,1127,61565,498,64475,0,3403,834,25044,787,53854,834,78898,California
Napa,2021-04-23,1582,131025,1205,62770,375,64850,2,3405,1111,25688,467,54321,1111,80009,California
Napa,2021-04-24,544,131569,314,63084,230,65080,0,3405,284,25715,257,54578,284,80293,California
Napa,2021-04-25,248,131817,191,63275,57,65137,0,3405,129,25726,118,54696,129,80422,California
Napa,2021-04-26,492,132309,256,63531,236,65373,0,3405,251,25740,237,54933,251,80673,California
Napa,2021-04-27,1497,133806,426,63957,1060,66433,11,3416,622,25501,872,55805,633,81306,California
Napa,2021-04-28,964,134770,421,64378,526,66959,17,3433,318,25191,645,56450,335,81641,California
Napa,2021-04-29,635,135405,323,64701,293,67252,19,3452,205,24990,424,56874,223,81864,California
Napa,2021-04-30,596,136001,298,64999,234,67486,64,3516,247,24952,348,57222,310,82174,California
Napa,2021-05-01,315,136316,263,65262,44,67530,8,3524,116,24877,199,57421,124,82298,California
Napa,2021-05-02,237,136553,193,65455,38,67568,6,3530,99,24845,137,57558,105,82403,California
Napa,2021-05-03,617,137170,492,65947,91,67659,34,3564,100,24466,514,58072,135,82538,California
Napa,2021-05-04,1121,138291,713,66660,299,67958,109,3673,296,24048,823,58895,405,82943,California
Napa,2021-05-05,926,139217,621,67281,275,68233,30,3703,203,23561,720,59615,233,83176,California
Napa,2021-05-06,499,139716,247,67528,238,68471,14,3717,231,23543,263,59878,245,83421,California
Napa,2021-05-07,420,140136,290,67818,97,68568,33,3750,99,23356,318,60196,131,83552,California
Nevada,2020-12-16,3,3,3,3,0,0,0,0,3,3,0,0,3,3,California
Nevada,2020-12-17,6,9,6,9,0,0,0,0,6,9,0,0,6,9,California
Nevada,2020-12-18,52,61,52,61,0,0,0,0,52,61,0,0,52,61,California
Nevada,2020-12-19,55,116,55,116,0,0,0,0,55,116,0,0,55,116,California
Nevada,2020-12-20,12,128,12,128,0,0,0,0,12,128,0,0,12,128,California
Nevada,2020-12-21,69,197,69,197,0,0,0,0,69,197,0,0,69,197,California
Nevada,2020-12-22,91,288,89,286,2,2,0,0,91,288,0,0,91,288,California
Nevada,2020-12-23,233,521,202,488,31,33,0,0,233,521,0,0,233,521,California
Nevada,2020-12-24,13,534,11,499,2,35,0,0,13,534,0,0,13,534,California
Nevada,2020-12-25,3,537,3,502,0,35,0,0,3,537,0,0,3,537,California
Nevada,2020-12-26,6,543,4,506,2,37,0,0,6,543,0,0,6,543,California
Nevada,2020-12-27,88,631,88,594,0,37,0,0,88,631,0,0,88,631,California
Nevada,2020-12-28,170,801,93,687,77,114,0,0,170,801,0,0,170,801,California
Nevada,2020-12-29,100,901,74,761,26,140,0,0,100,901,0,0,100,901,California
Nevada,2020-12-30,86,987,66,827,20,160,0,0,86,987,0,0,86,987,California
Nevada,2020-12-31,39,1026,9,836,30,190,0,0,39,1026,0,0,39,1026,California
Nevada,2021-01-01,1,1027,0,836,1,191,0,0,1,1027,0,0,1,1027,California
Nevada,2021-01-02,1,1028,1,837,0,191,0,0,1,1028,0,0,1,1028,California
Nevada,2021-01-03,129,1157,126,963,3,194,0,0,129,1157,0,0,129,1157,California
Nevada,2021-01-04,71,1228,47,1010,24,218,0,0,71,1228,0,0,71,1228,California
Nevada,2021-01-05,273,1501,132,1142,141,359,0,0,272,1499,1,1,272,1500,California
Nevada,2021-01-06,91,1592,43,1185,48,407,0,0,83,1574,8,9,83,1583,California
Nevada,2021-01-07,215,1807,43,1228,172,579,0,0,208,1777,6,15,209,1792,California
Nevada,2021-01-08,223,2030,129,1357,94,673,0,0,170,1895,53,68,171,1963,California
Nevada,2021-01-09,64,2094,56,1413,8,681,0,0,16,1863,48,116,16,1979,California
Nevada,2021-01-10,18,2112,9,1422,9,690,0,0,10,1865,8,124,10,1989,California
Nevada,2021-01-11,185,2297,131,1553,54,744,0,0,57,1794,128,252,57,2046,California
Nevada,2021-01-12,597,2894,451,2004,146,890,0,0,531,2259,66,318,531,2577,California
Nevada,2021-01-13,259,3153,147,2151,112,1002,0,0,124,2248,135,453,124,2701,California
Nevada,2021-01-14,238,3391,127,2278,111,1113,0,0,220,2451,17,470,220,2921,California
Nevada,2021-01-15,394,3785,169,2447,225,1338,0,0,296,2649,98,568,296,3217,California
Nevada,2021-01-16,296,4081,15,2462,281,1619,0,0,292,2937,4,572,292,3509,California
Nevada,2021-01-17,35,4116,31,2493,4,1623,0,0,33,2968,2,574,33,3542,California
Nevada,2021-01-18,151,4267,41,2534,110,1733,0,0,141,3099,10,584,141,3683,California
Nevada,2021-01-19,244,4511,85,2619,159,1892,0,0,225,3305,19,603,225,3908,California
Nevada,2021-01-20,258,4769,153,2772,105,1997,0,0,245,3537,13,616,245,4153,California
Nevada,2021-01-21,338,5107,207,2979,131,2128,0,0,325,3849,13,629,325,4478,California
Nevada,2021-01-22,346,5453,209,3188,137,2265,0,0,316,4135,30,659,316,4794,California
Nevada,2021-01-23,177,5630,104,3292,73,2338,0,0,177,4312,0,659,177,4971,California
Nevada,2021-01-24,105,5735,98,3390,7,2345,0,0,66,4339,39,698,66,5037,California
Nevada,2021-01-25,267,6002,137,3527,130,2475,0,0,206,4484,61,759,206,5243,California
Nevada,2021-01-26,402,6404,141,3668,261,2736,0,0,298,4678,104,863,298,5541,California
Nevada,2021-01-27,419,6823,249,3917,170,2906,0,0,395,5049,24,887,395,5936,California
Nevada,2021-01-28,470,7293,319,4236,151,3057,0,0,426,5432,43,930,426,6362,California
Nevada,2021-01-29,602,7895,392,4628,210,3267,0,0,576,5984,25,955,577,6939,California
Nevada,2021-01-30,232,8127,105,4733,127,3394,0,0,229,6210,3,958,229,7168,California
Nevada,2021-01-31,103,8230,86,4819,17,3411,0,0,101,6311,1,959,102,7270,California
Nevada,2021-02-01,291,8521,71,4890,220,3631,0,0,277,6574,14,973,277,7547,California
Nevada,2021-02-02,511,9032,173,5063,338,3969,0,0,323,6709,188,1161,323,7870,California
Nevada,2021-02-03,811,9843,571,5634,240,4209,0,0,758,7415,52,1213,758,8628,California
Nevada,2021-02-04,738,10581,392,6026,346,4555,0,0,488,7654,249,1462,488,9116,California
Nevada,2021-02-05,645,11226,366,6392,279,4834,0,0,455,7921,188,1650,455,9571,California
Nevada,2021-02-06,269,11495,83,6475,186,5020,0,0,242,8136,27,1677,242,9813,California
Nevada,2021-02-07,244,11739,191,6666,53,5073,0,0,190,8272,54,1731,190,10003,California
Nevada,2021-02-08,651,12390,408,7074,243,5316,0,0,553,8727,98,1829,553,10556,California
Nevada,2021-02-09,601,12991,337,7411,264,5580,0,0,463,9052,138,1967,463,11019,California
Nevada,2021-02-10,647,13638,322,7733,325,5905,0,0,417,9240,230,2197,418,11437,California
Nevada,2021-02-11,871,14509,505,8238,366,6271,0,0,542,9454,328,2525,542,11979,California
Nevada,2021-02-12,936,15445,437,8675,499,6770,0,0,616,9753,317,2842,616,12595,California
Nevada,2021-02-13,598,16043,235,8910,363,7133,0,0,389,9938,205,3047,390,12985,California
Nevada,2021-02-14,229,16272,119,9029,110,7243,0,0,201,10111,28,3075,201,13186,California
Nevada,2021-02-15,709,16981,438,9467,271,7514,0,0,535,10472,174,3249,535,13721,California
Nevada,2021-02-16,621,17602,197,9664,424,7938,0,0,451,10754,169,3418,451,14172,California
Nevada,2021-02-17,1186,18788,764,10428,422,8360,0,0,857,11282,329,3747,857,15029,California
Nevada,2021-02-18,1007,19795,548,10976,459,8819,0,0,600,11477,405,4152,600,15629,California
Nevada,2021-02-19,1014,20809,630,11606,384,9203,0,0,652,11768,362,4514,653,16282,California
Nevada,2021-02-20,298,21107,106,11712,192,9395,0,0,173,11817,124,4638,173,16455,California
Nevada,2021-02-21,90,21197,85,11797,5,9400,0,0,8,11744,81,4719,8,16463,California
Nevada,2021-02-22,494,21691,327,12124,167,9567,0,0,346,11943,147,4866,346,16809,California
Nevada,2021-02-23,468,22159,219,12343,249,9816,0,0,206,11890,259,5125,206,17015,California
Nevada,2021-02-24,474,22633,235,12578,239,10055,0,0,248,11914,226,5351,250,17265,California
Nevada,2021-02-25,861,23494,466,13044,395,10450,0,0,431,11917,428,5779,431,17696,California
Nevada,2021-02-26,1236,24730,881,13925,355,10805,0,0,408,11500,825,6604,408,18104,California
Nevada,2021-02-27,354,25084,110,14035,244,11049,0,0,184,11514,170,6774,184,18288,California
Nevada,2021-02-28,265,25349,152,14187,113,11162,0,0,123,11496,141,6915,123,18411,California
Nevada,2021-03-01,820,26169,426,14613,394,11556,0,0,355,11388,463,7378,355,18766,California
Nevada,2021-03-02,706,26875,262,14875,444,12000,0,0,480,11646,222,7600,480,19246,California
Nevada,2021-03-03,965,27840,492,15367,472,12472,1,1,493,11669,471,8071,494,19740,California
Nevada,2021-03-04,1105,28945,616,15983,489,12961,0,1,466,11499,636,8707,466,20206,California
Nevada,2021-03-05,820,29765,460,16443,350,13311,10,11,363,11417,455,9162,373,20579,California
Nevada,2021-03-06,359,30124,121,16564,211,13522,27,38,145,11375,214,9376,172,20751,California
Nevada,2021-03-07,209,30333,109,16673,81,13603,19,57,68,11321,141,9517,87,20838,California
Nevada,2021-03-08,806,31139,538,17211,223,13826,45,102,359,11280,446,9963,405,21243,California
Nevada,2021-03-09,671,31810,320,17531,301,14127,50,152,368,11396,301,10264,417,21660,California
Nevada,2021-03-10,960,32770,605,18136,298,14425,57,209,322,11141,634,10898,379,22039,California
Nevada,2021-03-11,1102,33872,723,18859,354,14779,25,234,549,11170,545,11443,574,22613,California
Nevada,2021-03-12,1190,35062,722,19581,438,15217,30,264,504,11019,684,12127,533,23146,California
Nevada,2021-03-13,269,35331,52,19633,212,15429,5,269,98,10951,170,12297,102,23248,California
Nevada,2021-03-14,155,35486,21,19654,128,15557,6,275,33,10868,122,12419,39,23287,California
Nevada,2021-03-15,841,36327,456,20110,373,15930,12,287,358,10758,480,12899,370,23657,California
Nevada,2021-03-16,993,37320,465,20575,467,16397,61,348,646,11119,346,13245,707,24364,California
Nevada,2021-03-17,1015,38335,451,21026,554,16951,10,358,585,11287,427,13672,595,24959,California
Nevada,2021-03-18,970,39305,526,21552,420,17371,24,382,476,11297,490,14162,500,25459,California
Nevada,2021-03-19,758,40063,437,21989,284,17655,37,419,352,11284,402,14564,389,25848,California
Nevada,2021-03-20,822,40885,92,22081,306,17961,424,843,235,11358,581,15145,655,26503,California
Nevada,2021-03-21,58,40943,32,22113,25,17986,1,844,40,11382,17,15162,41,26544,California
Nevada,2021-03-22,795,41738,513,22626,277,18263,5,849,537,11668,256,15418,542,27086,California
Nevada,2021-03-23,852,42590,383,23009,443,18706,26,875,641,12127,208,15626,667,27753,California
Nevada,2021-03-24,1021,43611,541,23550,473,19179,7,882,650,12418,365,15991,656,28409,California
Nevada,2021-03-25,898,44509,451,24001,422,19601,25,907,493,12531,404,16395,517,28926,California
Nevada,2021-03-26,1138,45647,433,24434,667,20268,38,945,826,13085,309,16704,863,29789,California
Nevada,2021-03-27,568,46215,71,24505,481,20749,16,961,386,13305,182,16886,402,30191,California
Nevada,2021-03-28,174,46389,50,24555,111,20860,13,974,39,13225,132,17018,52,30243,California
Nevada,2021-03-29,821,47210,501,25056,298,21158,22,996,393,13214,425,17443,414,30657,California
Nevada,2021-03-30,1043,48253,475,25531,534,21692,34,1030,539,13291,496,17939,573,31230,California
Nevada,2021-03-31,1173,49426,658,26189,498,22190,17,1047,695,13533,469,18408,711,31941,California
Nevada,2021-04-01,1223,50649,714,26903,456,22646,53,1100,541,13450,677,19085,594,32535,California
Nevada,2021-04-02,1282,51931,655,27558,591,23237,36,1136,761,13730,517,19602,797,33332,California
Nevada,2021-04-03,288,52219,89,27647,161,23398,38,1174,83,13647,204,19806,121,33453,California
Nevada,2021-04-04,128,52347,42,27689,79,23477,7,1181,78,13682,50,19856,85,33538,California
Nevada,2021-04-05,929,53276,610,28299,300,23777,19,1200,617,14010,308,20164,636,34174,California
Nevada,2021-04-06,1070,54346,662,28961,264,24041,144,1344,471,14032,592,20756,614,34788,California
Nevada,2021-04-07,1143,55489,815,29776,246,24287,82,1426,605,14187,531,21287,686,35474,California
Nevada,2021-04-08,1275,56764,890,30666,302,24589,83,1509,703,14404,569,21856,786,36260,California
Nevada,2021-04-09,1241,58005,846,31512,326,24915,69,1578,844,14920,397,22253,913,37173,California
Nevada,2021-04-10,262,58267,76,31588,110,25025,76,1654,110,14955,151,22404,186,37359,California
Nevada,2021-04-11,100,58367,31,31619,65,25090,4,1658,39,14937,61,22465,43,37402,California
Nevada,2021-04-12,733,59100,536,32155,180,25270,17,1675,309,14842,421,22886,326,37728,California
Nevada,2021-04-13,875,59975,349,32504,526,25796,0,1675,466,14901,407,23293,466,38194,California
Nevada,2021-04-14,1051,61026,565,33069,486,26282,0,1675,540,14938,503,23796,540,38734,California
Nevada,2021-04-15,1073,62099,709,33778,364,26646,0,1675,623,15121,440,24236,623,39357,California
Nevada,2021-04-16,899,62998,698,34476,201,26847,0,1675,529,15281,369,24605,529,39886,California
Nevada,2021-04-17,194,63192,52,34528,142,26989,0,1675,84,15256,109,24714,84,39970,California
Nevada,2021-04-18,181,63373,17,34545,164,27153,0,1675,101,15277,80,24794,101,40071,California
Nevada,2021-04-19,750,64123,481,35026,269,27422,0,1675,304,15143,438,25232,304,40375,California
Nevada,2021-04-20,795,64918,307,35333,488,27910,0,1675,298,14949,492,25724,298,40673,California
Nevada,2021-04-21,896,65814,489,35822,407,28317,0,1675,266,14592,623,26347,266,40939,California
Nevada,2021-04-22,989,66803,617,36439,372,28689,0,1675,339,14292,639,26986,339,41278,California
Nevada,2021-04-23,1215,68018,537,36976,678,29367,0,1675,395,13878,809,27795,395,41673,California
Nevada,2021-04-24,520,68538,73,37049,447,29814,0,1675,169,13698,349,28144,169,41842,California
Nevada,2021-04-25,116,68654,61,37110,50,29864,5,1680,51,13690,64,28208,56,41898,California
Nevada,2021-04-26,696,69350,527,37637,161,30025,8,1688,196,13403,491,28699,204,42102,California
Nevada,2021-04-27,757,70107,345,37982,408,30433,4,1692,393,13444,356,29055,397,42499,California
Nevada,2021-04-28,982,71089,580,38562,397,30830,5,1697,387,13246,590,29645,392,42891,California
Nevada,2021-04-29,1008,72097,705,39267,299,31129,4,1701,273,12790,733,30378,277,43168,California
Nevada,2021-04-30,1220,73317,723,39990,488,31617,9,1710,198,11977,1020,31398,207,43375,California
Nevada,2021-05-01,141,73458,64,40054,73,31690,4,1714,62,11966,77,31475,66,43441,California
Nevada,2021-05-02,53,73511,29,40083,20,31710,4,1718,19,11955,34,31509,23,43464,California
Nevada,2021-05-03,598,74109,399,40482,181,31891,18,1736,175,11727,420,31929,192,43656,California
Nevada,2021-05-04,582,74691,172,40654,391,32282,19,1755,328,11825,249,32178,347,44003,California
Nevada,2021-05-05,659,75350,360,41014,292,32574,7,1762,291,11762,361,32539,298,44301,California
Nevada,2021-05-06,722,76072,532,41546,184,32758,6,1768,160,11373,555,33094,166,44467,California
Nevada,2021-05-07,511,76583,207,41753,294,33052,10,1778,123,11118,388,33482,133,44600,California
Orange,2020-12-15,16,16,16,16,0,0,0,0,16,16,0,0,16,16,California
Orange,2020-12-16,365,381,365,381,0,0,0,0,365,381,0,0,365,381,California
Orange,2020-12-17,3726,4107,3726,4107,0,0,0,0,3725,4106,0,0,3725,4106,California
Orange,2020-12-18,5053,9160,5046,9153,7,7,0,0,5052,9158,0,0,5052,9158,California
Orange,2020-12-19,2233,11393,2226,11379,7,14,0,0,2232,11390,0,0,2232,11390,California
Orange,2020-12-20,1985,13378,1982,13361,3,17,0,0,1986,13376,0,0,1986,13376,California
Orange,2020-12-21,4253,17631,4247,17608,6,23,0,0,4253,17629,0,0,4253,17629,California
Orange,2020-12-22,3982,21613,3947,21555,35,58,0,0,3982,21611,0,0,3982,21611,California
Orange,2020-12-23,3563,25176,3200,24755,363,421,0,0,3565,25176,0,0,3565,25176,California
Orange,2020-12-24,1380,26556,1079,25834,301,722,0,0,1380,26556,0,0,1380,26556,California
Orange,2020-12-25,17,26573,12,25846,5,727,0,0,17,26573,0,0,17,26573,California
Orange,2020-12-26,1023,27596,423,26269,600,1327,0,0,1023,27596,0,0,1023,27596,California
Orange,2020-12-27,582,28178,275,26544,307,1634,0,0,582,28178,0,0,582,28178,California
Orange,2020-12-28,3542,31720,2568,29112,974,2608,0,0,3542,31720,0,0,3542,31720,California
Orange,2020-12-29,3574,35294,2563,31675,1011,3619,0,0,3573,35292,1,1,3573,35293,California
Orange,2020-12-30,5128,40422,3558,35233,1570,5189,0,0,5128,40420,0,1,5128,40421,California
Orange,2020-12-31,1497,41919,800,36033,697,5886,0,0,1497,41917,0,1,1497,41918,California
Orange,2021-01-01,536,42455,291,36324,245,6131,0,0,535,42451,1,2,535,42453,California
Orange,2021-01-02,1415,43870,904,37228,511,6642,0,0,1415,43866,0,2,1415,43868,California
Orange,2021-01-03,581,44451,322,37550,259,6901,0,0,581,44447,0,2,581,44449,California
Orange,2021-01-04,2743,47194,1563,39113,1180,8081,0,0,2744,47190,1,3,2744,47193,California
Orange,2021-01-05,3522,50716,2295,41408,1227,9308,0,0,3115,49905,403,406,3118,50311,California
Orange,2021-01-06,5011,55727,3466,44874,1545,10853,0,0,3645,52196,1354,1760,3645,53956,California
Orange,2021-01-07,9267,64994,5168,50042,4099,14952,0,0,5696,54338,3558,5318,5700,59656,California
Orange,2021-01-08,9420,74414,5269,55311,4151,19103,0,0,5657,56245,3753,9071,5660,65316,California
Orange,2021-01-09,5010,79424,1742,57053,3268,22371,0,0,3728,58691,1282,10353,3728,69044,California
Orange,2021-01-10,4236,83660,1042,58095,3194,25565,0,0,3357,61174,878,11231,3361,72405,California
Orange,2021-01-11,9440,93100,4901,62996,4539,30104,0,0,5817,63366,3626,14857,5818,78223,California
Orange,2021-01-12,8819,101919,4724,67720,4095,34199,0,0,5355,65260,3462,18319,5356,83579,California
Orange,2021-01-13,10254,112173,4923,72643,5331,39530,0,0,7052,69121,3198,21517,7059,90638,California
Orange,2021-01-14,9967,122140,3777,76420,6190,45720,0,0,8375,75912,1590,23107,8381,99019,California
Orange,2021-01-15,10170,132310,2628,79048,7542,53262,0,0,9291,84322,887,23994,9297,108316,California
Orange,2021-01-16,8707,141017,2096,81144,6611,59873,0,0,8312,92244,395,24389,8317,116633,California
Orange,2021-01-17,8157,149174,1484,82628,6673,66546,0,0,8010,100117,147,24536,8020,124653,California
Orange,2021-01-18,9754,158928,4459,87087,5295,71841,0,0,7512,105388,2244,26780,7515,132168,California
Orange,2021-01-19,7491,166419,5411,92498,2080,73921,0,0,4859,107616,2632,29412,4860,137028,California
Orange,2021-01-20,8381,174800,5919,98417,2462,76383,0,0,5320,109882,3061,32473,5327,142355,California
Orange,2021-01-21,11010,185810,4904,103321,6106,82489,0,0,10198,119280,811,33284,10209,152564,California
Orange,2021-01-22,13664,199474,5139,108460,8525,91014,0,0,12811,131253,846,34130,12819,165383,California
Orange,2021-01-23,13134,212608,6186,114646,6948,97962,0,0,12151,142431,981,35111,12159,177542,California
Orange,2021-01-24,9823,222431,4296,118942,5527,103489,0,0,9493,151600,327,35438,9496,187038,California
Orange,2021-01-25,10446,232877,5866,124808,4580,108069,0,0,7718,156600,2723,38161,7723,194761,California
Orange,2021-01-26,11902,244779,7722,132530,4180,112249,0,0,9732,164169,2166,40327,9735,204496,California
Orange,2021-01-27,13432,258211,8008,140538,5424,117673,0,0,10729,172211,2692,43019,10734,215230,California
Orange,2021-01-28,13033,271244,7206,147744,5827,123500,0,0,11169,181538,1850,44869,11177,226407,California
Orange,2021-01-29,13642,284886,8454,156198,5188,128688,0,0,10744,189402,2884,47753,10748,237155,California
Orange,2021-01-30,12930,297816,4443,160641,8487,137175,0,0,12185,200860,730,48483,12188,249343,California
Orange,2021-01-31,13717,311533,4946,165587,8771,145946,0,0,13263,213681,449,48932,13270,262613,California
Orange,2021-02-01,14081,325614,5806,171393,8275,154221,0,0,12066,223757,1995,50927,12071,274684,California
Orange,2021-02-02,15435,341049,8377,179770,7058,161279,0,0,12681,233795,2646,53573,12684,287368,California
Orange,2021-02-03,16763,357812,12580,192350,4183,165462,0,0,13732,244579,2953,56526,13737,301105,California
Orange,2021-02-04,19841,377653,12960,205310,6881,172343,0,0,14750,254277,5060,61586,14758,315863,California
Orange,2021-02-05,20759,398412,12022,217332,8737,181080,0,0,14467,262496,6251,67837,14470,330333,California
Orange,2021-02-06,16334,414746,10793,228125,5541,186621,0,0,11071,268538,5247,73084,11289,341622,California
Orange,2021-02-07,11521,426267,8100,236225,3421,190042,0,0,7546,272293,3960,77044,7715,349337,California
Orange,2021-02-08,14954,441221,8586,244811,6368,196410,0,0,8927,275224,5997,83041,8928,358265,California
Orange,2021-02-09,17676,458897,12038,256849,5638,202048,0,0,10709,279045,6893,89934,10714,368979,California
Orange,2021-02-10,20920,479817,11196,268045,9724,211772,0,0,12676,283582,8148,98082,12685,381664,California
Orange,2021-02-11,22098,501915,11485,279530,10613,222385,0,0,12371,286376,9595,107677,12389,394053,California
Orange,2021-02-12,24784,526699,11909,291439,12875,235260,0,0,14626,290909,10098,117775,14631,408684,California
Orange,2021-02-13,22018,548717,11916,303355,10102,245362,0,0,11149,292033,10667,128442,11791,420475,California
Orange,2021-02-14,16195,564912,6575,309930,9620,254982,0,0,9550,294964,6620,135062,9551,430026,California
Orange,2021-02-15,17230,582142,7395,317325,9835,264817,0,0,8882,295551,8304,143366,8891,438917,California
Orange,2021-02-16,19931,602073,8986,326311,10945,275762,0,0,10717,297125,9167,152533,10741,449658,California
Orange,2021-02-17,17877,619950,9332,335643,8545,284307,0,0,9186,297697,8645,161178,9217,458875,California
Orange,2021-02-18,15000,634950,9843,345486,5157,289464,0,0,6748,296253,8200,169378,6756,465631,California
Orange,2021-02-19,18184,653134,10889,356375,7295,296759,0,0,6934,292000,11199,180577,6946,472577,California
Orange,2021-02-20,7522,660656,5616,361991,1906,298665,0,0,3775,292059,3726,184303,3785,476362,California
Orange,2021-02-21,4378,665034,3697,365688,681,299346,0,0,792,289300,3551,187854,792,477154,California
Orange,2021-02-22,9653,674687,7875,373563,1778,301124,0,0,3897,287484,5728,193582,3912,481066,California
Orange,2021-02-23,13270,687957,7248,380811,6022,307146,0,0,3496,281275,9715,203297,3506,484572,California
Orange,2021-02-24,21165,709122,12838,393649,8327,315473,0,0,5394,270980,15708,219005,5413,489985,California
Orange,2021-02-25,22672,731794,12296,405945,10376,325849,0,0,7995,264385,14606,233611,8011,497996,California
Orange,2021-02-26,27754,759548,14082,420027,13672,339521,0,0,11185,259148,16447,250058,11210,509206,California
Orange,2021-02-27,24973,784521,10076,430103,14895,354416,2,2,7256,248809,17612,267670,7273,516479,California
Orange,2021-02-28,19050,803571,7379,437482,11671,366087,0,2,4807,239505,14128,281798,4824,521303,California
Orange,2021-03-01,18417,821988,8396,445878,10015,376102,6,8,7123,235429,11217,293015,7141,528444,California
Orange,2021-03-02,18828,840816,8897,454775,9928,386030,3,11,9184,235047,9596,302611,9214,537658,California
Orange,2021-03-03,20508,861324,9637,464412,10868,396898,3,14,10996,236633,9436,312047,11022,548680,California
Orange,2021-03-04,22328,883652,12853,477265,9461,406359,14,28,11601,237585,10689,322736,11641,560321,California
Orange,2021-03-05,20743,904395,10756,488021,9943,416302,44,72,12695,242378,8006,330742,12799,573120,California
Orange,2021-03-06,23916,928311,13136,501157,9916,426218,864,936,12660,244706,11221,341963,13549,586669,California
Orange,2021-03-07,14850,943161,8315,509472,6139,432357,396,1332,8667,247645,6144,348107,9083,595752,California
Orange,2021-03-08,16221,959382,7422,516894,7538,439895,1261,2593,10415,253590,5758,353865,11703,607455,California
Orange,2021-03-09,19732,979114,8585,525479,8715,448610,2432,5025,11322,258976,8370,362235,13756,621211,California
Orange,2021-03-10,24248,1003362,11770,537249,9100,457710,3378,8403,12152,262465,12038,374273,15527,636738,California
Orange,2021-03-11,28930,1032292,15681,552930,9070,466780,4179,12582,13424,264648,15419,389692,17602,654340,California
Orange,2021-03-12,29214,1061506,14225,567155,11152,477932,3837,16419,14672,268716,14463,404155,18531,672871,California
Orange,2021-03-13,27710,1089216,10158,577313,13624,491556,3928,20347,14022,273030,13634,417789,17948,690819,California
Orange,2021-03-14,18792,1108008,8148,585461,8126,499682,2518,22865,11868,280511,6894,424683,14375,705194,California
Orange,2021-03-15,22983,1130991,10118,595579,12107,511789,758,23623,14350,287056,8559,433242,15104,720298,California
Orange,2021-03-16,26327,1157318,11127,606706,14977,526766,223,23846,17136,295312,9110,442352,17366,737664,California
Orange,2021-03-17,27287,1184605,13537,620243,13166,539932,584,24430,19427,307528,7792,450144,20008,757672,California
Orange,2021-03-18,27681,1212286,13905,634148,13503,553435,273,24703,21570,323329,6047,456191,21848,779520,California
Orange,2021-03-19,33408,1245694,18357,652505,14612,568047,439,25142,24881,340241,8418,464609,25330,804850,California
Orange,2021-03-20,25741,1271435,13541,666046,11994,580041,206,25348,22029,358827,3652,468261,22238,827088,California
Orange,2021-03-21,18468,1289903,10667,676713,7074,587115,727,26075,15711,372536,2730,470991,16439,843527,California
Orange,2021-03-22,22671,1312574,11713,688426,10636,597751,322,26397,19174,388620,3420,474411,19504,863031,California
Orange,2021-03-23,25906,1338480,13430,701856,11844,609595,632,27029,20820,405067,5009,479420,21456,884487,California
Orange,2021-03-24,29001,1367481,16159,718015,11936,621531,906,27935,21973,421001,6948,486368,22882,907369,California
Orange,2021-03-25,32241,1399722,17166,735181,14372,635903,703,28638,24189,437926,7965,494333,24890,932259,California
Orange,2021-03-26,34698,1434420,17991,753172,15850,651753,857,29495,24979,454146,9618,503951,25838,958097,California
Orange,2021-03-27,28328,1462748,13549,766721,14466,666219,313,29808,19772,465768,8466,512417,20088,978185,California
Orange,2021-03-28,24701,1487449,12776,779497,11858,678077,67,29875,18624,478453,6010,518427,18695,996880,California
Orange,2021-03-29,26374,1513823,12056,791553,13759,691836,559,30434,17910,488537,8386,526813,18470,1015350,California
Orange,2021-03-30,30764,1544587,13840,805393,16293,708129,631,31065,21318,501111,9374,536187,21948,1037298,California
Orange,2021-03-31,36919,1581506,19365,824758,16864,724993,690,31755,24029,513039,12794,548981,24722,1062020,California
Orange,2021-04-01,40079,1621585,21044,845802,17258,742251,1777,33532,26039,526911,13934,562915,27806,1089826,California
Orange,2021-04-02,39655,1661240,20010,865812,17923,760174,1722,35254,22533,534144,17027,579942,24260,1114086,California
Orange,2021-04-03,29903,1691143,15620,881432,12636,772810,1647,36901,14191,534336,15642,595584,15834,1129920,California
Orange,2021-04-04,18264,1709407,10642,892074,6922,779732,700,37601,8174,533167,10038,605622,8869,1138789,California
Orange,2021-04-05,29736,1739143,13919,905993,12492,792224,3325,40926,13821,534456,15846,621468,17135,1155924,California
Orange,2021-04-06,33193,1772336,15545,921538,14239,806463,3409,44335,14363,533470,18738,640206,17752,1173676,California
Orange,2021-04-07,35824,1808160,19986,941524,11284,817747,4554,48889,15786,533822,19963,660169,20315,1193991,California
Orange,2021-04-08,38483,1846643,21422,962946,11643,829390,5418,54307,18754,538328,19636,679805,24142,1218133,California
Orange,2021-04-09,40436,1887079,23575,986521,11740,841130,5121,59428,17925,538922,22429,702234,23023,1241156,California
Orange,2021-04-10,34063,1921142,18059,1004580,11801,852931,4203,63631,14138,537396,19843,722077,18317,1259473,California
Orange,2021-04-11,25446,1946588,14368,1018948,7823,860754,3255,66886,9789,534817,15610,737687,13031,1272504,California
Orange,2021-04-12,30263,1976851,15340,1034288,11404,872158,3519,70405,11908,531924,18303,755990,15410,1287914,California
Orange,2021-04-13,32223,2009074,18115,1052403,14041,886199,67,70472,15026,529880,17135,773125,15091,1303005,California
Orange,2021-04-14,34155,2043229,19941,1072344,14185,900384,29,70501,15001,525845,19067,792192,15032,1318037,California
Orange,2021-04-15,39780,2083009,24274,1096618,15495,915879,11,70512,18487,523150,21195,813387,18500,1336537,California
Orange,2021-04-16,41059,2124068,24127,1120745,16902,932781,30,70542,18546,519311,22421,835808,18582,1355119,California
Orange,2021-04-17,29676,2153744,17239,1137984,12434,945215,3,70545,12798,515309,16807,852615,12805,1367924,California
Orange,2021-04-18,21349,2175093,12908,1150892,8441,953656,0,70545,8457,510923,12846,865461,8460,1376384,California
Orange,2021-04-19,32315,2207408,17802,1168694,14511,968167,2,70547,14847,508387,17388,882849,14852,1391236,California
Orange,2021-04-20,35048,2242456,18187,1186881,16858,985025,3,70550,17524,508461,17452,900301,17526,1408762,California
Orange,2021-04-21,40279,2282735,23120,1210001,17149,1002174,10,70560,18993,506265,21200,921501,19004,1427766,California
Orange,2021-04-22,39052,2321787,20618,1230619,18426,1020600,8,70568,16259,499859,22679,944180,16273,1444039,California
Orange,2021-04-23,39883,2361670,20546,1251165,19331,1039931,6,70574,17736,495558,22045,966225,17744,1461783,California
Orange,2021-04-24,31777,2393447,16642,1267807,15100,1055031,35,70609,13367,490624,18338,984563,13404,1475187,California
Orange,2021-04-25,22919,2416366,12923,1280730,9983,1065014,13,70622,9842,487459,13025,997588,9860,1485047,California
Orange,2021-04-26,25224,2441590,12025,1292755,13022,1078036,177,70799,11040,484574,14102,1011690,11217,1496264,California
Orange,2021-04-27,27696,2469286,12598,1305353,14610,1092646,488,71287,10527,478569,17025,1028715,11020,1507284,California
Orange,2021-04-28,30453,2499739,15164,1320517,14444,1107090,845,72132,12076,473206,18280,1046995,12917,1520201,California
Orange,2021-04-29,31361,2531100,17141,1337658,13268,1120358,952,73084,11223,465321,20055,1067050,12170,1532371,California
Orange,2021-04-30,29209,2560309,16595,1354253,11696,1132054,918,74002,12340,461784,16791,1083841,13254,1545625,California
Orange,2021-05-01,21703,2582012,14642,1368895,6095,1138149,966,74968,8656,458422,12979,1096820,9617,1555242,California
Orange,2021-05-02,15352,2597364,10206,1379101,4510,1142659,636,75604,5376,454517,9915,1106735,6010,1561252,California
Orange,2021-05-03,20330,2617694,12388,1391489,7205,1149864,737,76341,6361,447712,13898,1120633,7093,1568345,California
Orange,2021-05-04,23092,2640786,13140,1404629,9080,1158944,872,77213,7957,441491,15040,1135673,8819,1577164,California
Orange,2021-05-05,14697,2655483,8264,1412893,5983,1164927,450,77663,4874,437068,9745,1145418,5322,1582486,California
Orange,2021-05-06,16467,2671950,10418,1423311,5571,1170498,478,78141,3697,428538,12698,1158116,4168,1586654,California
Orange,2021-05-07,13694,2685644,8591,1431902,4601,1175099,502,78643,3440,422291,10189,1168305,3942,1590596,California
Placer,2020-12-15,29,29,29,29,0,0,0,0,29,29,0,0,29,29,California
Placer,2020-12-16,54,83,54,83,0,0,0,0,54,83,0,0,54,83,California
Placer,2020-12-17,140,223,140,223,0,0,0,0,140,223,0,0,140,223,California
Placer,2020-12-18,331,554,331,554,0,0,0,0,331,554,0,0,331,554,California
Placer,2020-12-19,252,806,252,806,0,0,0,0,252,806,0,0,252,806,California
Placer,2020-12-20,234,1040,234,1040,0,0,0,0,234,1040,0,0,234,1040,California
Placer,2020-12-21,493,1533,492,1532,1,1,0,0,493,1533,0,0,493,1533,California
Placer,2020-12-22,675,2208,668,2200,7,8,0,0,675,2208,0,0,675,2208,California
Placer,2020-12-23,747,2955,661,2861,86,94,0,0,747,2955,0,0,747,2955,California
Placer,2020-12-24,398,3353,346,3207,52,146,0,0,398,3353,0,0,398,3353,California
Placer,2020-12-26,156,3509,111,3318,45,191,0,0,156,3509,0,0,156,3509,California
Placer,2020-12-27,186,3695,163,3481,23,214,0,0,186,3695,0,0,186,3695,California
Placer,2020-12-28,663,4358,536,4017,127,341,0,0,663,4358,0,0,663,4358,California
Placer,2020-12-29,762,5120,513,4530,249,590,0,0,762,5120,0,0,762,5120,California
Placer,2020-12-30,728,5848,454,4984,274,864,0,0,726,5846,0,0,726,5846,California
Placer,2020-12-31,529,6377,343,5327,186,1050,0,0,529,6375,0,0,529,6375,California
Placer,2021-01-01,15,6392,11,5338,4,1054,0,0,15,6390,0,0,15,6390,California
Placer,2021-01-02,184,6576,152,5490,32,1086,0,0,184,6574,0,0,184,6574,California
Placer,2021-01-03,154,6730,79,5569,75,1161,0,0,154,6728,0,0,154,6728,California
Placer,2021-01-04,619,7349,180,5749,439,1600,0,0,619,7347,0,0,619,7347,California
Placer,2021-01-05,726,8075,159,5908,567,2167,0,0,643,7909,82,82,644,7991,California
Placer,2021-01-06,760,8835,244,6152,516,2683,0,0,618,8385,142,224,618,8609,California
Placer,2021-01-07,985,9820,368,6520,617,3300,0,0,780,8960,205,429,780,9389,California
Placer,2021-01-08,1184,11004,528,7048,656,3956,0,0,856,9491,325,754,856,10245,California
Placer,2021-01-09,448,11452,321,7369,127,4083,0,0,232,9508,215,969,232,10477,California
Placer,2021-01-10,329,11781,186,7555,143,4226,0,0,164,9507,165,1134,164,10641,California
Placer,2021-01-11,1425,13206,807,8362,618,4844,0,0,836,9755,589,1723,837,11478,California
Placer,2021-01-12,1649,14855,876,9238,773,5617,0,0,1047,10200,602,2325,1047,12525,California
Placer,2021-01-13,1634,16489,821,10059,813,6430,0,0,1210,10991,422,2747,1213,13738,California
Placer,2021-01-14,1775,18264,652,10711,1123,7553,0,0,1420,12060,352,3099,1421,15159,California
Placer,2021-01-15,1936,20200,722,11433,1214,8767,0,0,1586,13298,349,3448,1587,16746,California
Placer,2021-01-16,1470,21670,720,12153,750,9517,0,0,1349,14527,121,3569,1350,18096,California
Placer,2021-01-17,563,22233,397,12550,166,9683,0,0,430,14824,133,3702,430,18526,California
Placer,2021-01-18,976,23209,539,13089,437,10120,0,0,747,15343,229,3931,748,19274,California
Placer,2021-01-19,2611,25820,1948,15037,663,10783,0,0,2161,17054,450,4381,2161,21435,California
Placer,2021-01-20,2266,28086,1697,16734,569,11352,0,0,1937,18663,329,4710,1938,23373,California
Placer,2021-01-21,2556,30642,1112,17846,1444,12796,0,0,2163,20435,392,5102,2164,25537,California
Placer,2021-01-22,2304,32946,595,18441,1709,14505,0,0,2129,22392,173,5275,2130,27667,California
Placer,2021-01-23,1189,34135,380,18821,809,15314,0,0,1034,23271,155,5430,1034,28701,California
Placer,2021-01-24,507,34642,265,19086,242,15556,0,0,431,23627,76,5506,432,29133,California
Placer,2021-01-25,1672,36314,802,19888,870,16426,0,0,1384,24724,288,5794,1385,30518,California
Placer,2021-01-26,1855,38169,1030,20918,825,17251,0,0,1591,26051,264,6058,1591,32109,California
Placer,2021-01-27,1840,40009,1152,22070,688,17939,0,0,1596,27406,242,6300,1597,33706,California
Placer,2021-01-28,1805,41814,1116,23186,689,18628,0,0,1557,28717,246,6546,1557,35263,California
Placer,2021-01-29,1893,43707,1170,24356,723,19351,0,0,1701,30229,191,6737,1703,36966,California
Placer,2021-01-30,1726,45433,972,25328,754,20105,0,0,1605,31714,120,6857,1605,38571,California
Placer,2021-01-31,781,46214,624,25952,157,20262,0,0,713,32360,68,6925,714,39285,California
Placer,2021-02-01,2071,48285,1090,27042,981,21243,0,0,1757,33803,314,7239,1757,41042,California
Placer,2021-02-02,2377,50662,1541,28583,836,22079,0,0,1886,35201,488,7727,1886,42928,California
Placer,2021-02-03,2918,53580,1875,30458,1043,23122,0,0,2294,36875,620,8347,2294,45222,California
Placer,2021-02-04,2759,56339,1187,31645,1572,24694,0,0,1935,37991,820,9167,1936,47158,California
Placer,2021-02-05,2731,59070,1205,32850,1526,26220,0,0,1403,38071,1323,10490,1403,48561,California
Placer,2021-02-06,1948,61018,1309,34159,639,26859,0,0,1398,38919,550,11040,1398,49959,California
Placer,2021-02-07,1224,62242,913,35072,311,27170,0,0,939,39574,284,11324,939,50898,California
Placer,2021-02-08,3300,65542,1767,36839,1533,28703,0,0,1977,40237,1315,12639,1978,52876,California
Placer,2021-02-09,3549,69091,2177,39016,1372,30075,0,0,1644,39978,1903,14542,1644,54520,California
Placer,2021-02-10,3749,72840,2190,41206,1559,31634,0,0,1744,39722,2002,16544,1746,56266,California
Placer,2021-02-11,3690,76530,1903,43109,1787,33421,0,0,1585,39216,2092,18636,1586,57852,California
Placer,2021-02-12,2847,79377,1323,44432,1524,34945,0,0,1667,39741,1143,19779,1668,59520,California
Placer,2021-02-13,2534,81911,1485,45917,1049,35994,0,0,1883,40973,651,20430,1883,61403,California
Placer,2021-02-14,1081,82992,675,46592,406,36400,0,0,738,41371,340,20770,738,62141,California
Placer,2021-02-15,2244,85236,1043,47635,1201,37601,0,0,1532,42191,713,21483,1533,63674,California
Placer,2021-02-16,3574,88810,1780,49415,1794,39395,0,0,1588,41803,1977,23460,1589,65263,California
Placer,2021-02-17,3541,92351,1961,51376,1580,40975,0,0,1509,41284,2028,25488,1509,66772,California
Placer,2021-02-18,3796,96147,2046,53422,1750,42725,0,0,1625,40748,2162,27650,1626,68398,California
Placer,2021-02-19,3585,99732,1910,55332,1675,44400,0,0,1328,39824,2253,29903,1329,69727,California
Placer,2021-02-20,1982,101714,1237,56569,745,45145,0,0,895,39641,1081,30984,898,70625,California
Placer,2021-02-21,971,102685,729,57298,242,45387,0,0,280,39234,688,31672,281,70906,California
Placer,2021-02-22,2522,105207,1774,59072,748,46135,0,0,604,37921,1917,33589,604,71510,California
Placer,2021-02-23,2547,107754,1573,60645,974,47109,0,0,881,37137,1665,35254,881,72391,California
Placer,2021-02-24,3285,111039,1174,61819,2111,49220,0,0,1788,37440,1487,36741,1790,74181,California
Placer,2021-02-25,3537,114576,1427,63246,2110,51330,0,0,1878,37668,1651,38392,1879,76060,California
Placer,2021-02-26,4098,118674,2376,65622,1722,53052,0,0,2354,38282,1740,40132,2354,78414,California
Placer,2021-02-27,2821,121495,1494,67116,1327,54379,0,0,1456,38382,1359,41491,1459,79873,California
Placer,2021-02-28,1400,122895,795,67911,605,54984,0,0,586,38160,808,42299,586,80459,California
Placer,2021-03-01,2999,125894,1991,69902,1008,55992,0,0,1550,38266,1444,43743,1550,82009,California
Placer,2021-03-02,2869,128763,1760,71662,1109,57101,0,0,1874,39150,990,44733,1874,83883,California
Placer,2021-03-03,3319,132082,1423,73085,1896,58997,0,0,1815,39468,1498,46231,1816,85699,California
Placer,2021-03-04,3626,135708,1455,74540,2171,61168,0,0,1895,39645,1719,47950,1896,87595,California
Placer,2021-03-05,3012,138720,1032,75572,1958,63126,22,22,1809,40275,1201,49151,1831,89426,California
Placer,2021-03-06,2412,141132,1485,77057,831,63957,96,118,925,39816,1480,50631,1021,90447,California
Placer,2021-03-07,1297,142429,751,77808,508,64465,38,156,531,39622,763,51394,569,91016,California
Placer,2021-03-08,2907,145336,1826,79634,968,65433,113,269,1648,40126,1257,52651,1761,92777,California
Placer,2021-03-09,3173,148509,1681,81315,1401,66834,91,360,1817,40681,1353,54004,1908,94685,California
Placer,2021-03-10,3280,151789,1320,82635,1853,68687,107,467,1708,40929,1567,55571,1815,96500,California
Placer,2021-03-11,3581,155370,1593,84228,1864,70551,124,591,1727,40938,1845,57416,1854,98354,California
Placer,2021-03-12,3671,159041,1483,85711,1407,71958,781,1372,1250,40555,2415,59831,2032,100386,California
Placer,2021-03-13,2108,161149,741,86452,1248,73206,119,1491,1129,40827,976,60807,1248,101634,California
Placer,2021-03-14,1640,162789,672,87124,819,74025,149,1640,892,41120,748,61555,1041,102675,California
Placer,2021-03-15,3179,165968,1531,88655,1516,75541,132,1772,1763,41601,1415,62970,1896,104571,California
Placer,2021-03-16,3558,169526,1915,90570,1510,77051,133,1905,2282,42752,1265,64235,2416,106987,California
Placer,2021-03-17,3416,172942,1727,92297,1590,78641,99,2004,2204,43847,1210,65445,2305,109292,California
Placer,2021-03-18,3968,176910,2201,94498,1729,80370,38,2042,2828,45579,1133,66578,2865,112157,California
Placer,2021-03-19,3431,180341,2063,96561,1104,81474,264,2306,2188,46794,1236,67814,2451,114608,California
Placer,2021-03-20,2138,182479,897,97458,1144,82618,97,2403,1301,47358,833,68647,1397,116005,California
Placer,2021-03-21,1253,183732,574,98032,670,83288,9,2412,945,48007,305,68952,954,116959,California
Placer,2021-03-22,3264,186996,2100,100132,1077,84365,87,2499,2192,49219,1068,70020,2280,119239,California
Placer,2021-03-23,3526,190522,2097,102229,1338,85703,91,2590,2524,50838,997,71017,2616,121855,California
Placer,2021-03-24,3788,194310,1998,104227,1693,87396,97,2687,1953,51075,1813,72830,2050,123905,California
Placer,2021-03-25,3776,198086,1793,106020,1886,89282,97,2784,1725,50855,2041,74871,1821,125726,California
Placer,2021-03-26,3756,201842,1658,107678,1866,91148,232,3016,1579,50502,2164,77035,1811,127537,California
Placer,2021-03-27,1592,203434,467,108145,1105,92253,20,3036,647,50231,938,77973,667,128204,California
Placer,2021-03-28,1103,204537,527,108672,566,92819,10,3046,374,49891,724,78697,384,128588,California
Placer,2021-03-29,3558,208095,1988,110660,1536,94355,34,3080,1726,49829,1823,80520,1761,130349,California
Placer,2021-03-30,3973,212068,2099,112759,1831,96186,43,3123,2091,50094,1868,82388,2133,132482,California
Placer,2021-03-31,4092,216160,1830,114589,2187,98373,75,3198,1692,49467,2393,84781,1766,134248,California
Placer,2021-04-01,2897,219057,1362,115951,1489,99862,46,3244,1598,49813,1298,86079,1644,135892,California
Placer,2021-04-02,2834,221891,1447,117398,1323,101185,64,3308,1586,50221,1241,87320,1649,137541,California
Placer,2021-04-03,1851,223742,983,118381,740,101925,128,3436,888,50281,956,88276,1016,138557,California
Placer,2021-04-04,709,224451,361,118742,295,102220,53,3489,285,50197,422,88698,338,138895,California
Placer,2021-04-05,2991,227442,1893,120635,914,103134,184,3673,1741,50876,1246,89944,1925,140820,California
Placer,2021-04-06,4277,231719,2469,123104,1509,104643,299,3972,1524,49951,2748,92692,1823,142643,California
Placer,2021-04-07,4500,236219,2568,125672,1471,106114,461,4433,2056,50026,2439,95131,2514,145157,California
Placer,2021-04-08,4685,240904,2592,128264,1547,107661,546,4979,1570,49038,3104,98235,2116,147273,California
Placer,2021-04-09,4078,244982,2246,130510,1217,108878,615,5594,1216,48017,2854,101089,1833,149106,California
Placer,2021-04-10,1980,246962,853,131363,947,109825,180,5774,847,47913,1130,102219,1026,150132,California
Placer,2021-04-11,1333,248295,512,131875,788,110613,33,5807,435,47486,894,103113,467,150599,California
Placer,2021-04-12,4101,252396,2652,134527,1069,111682,380,6187,2465,48705,1625,104738,2844,153443,California
Placer,2021-04-13,4322,256718,2976,137503,1345,113027,1,6188,2172,48732,2146,106884,2173,155616,California
Placer,2021-04-14,4117,260835,2561,140064,1555,114582,1,6189,1844,48312,2264,109148,1844,157460,California
Placer,2021-04-15,4463,265298,2478,142542,1984,116566,1,6190,2346,48553,2106,111254,2347,159807,California
Placer,2021-04-16,3658,268956,2172,144714,1486,118052,0,6190,1427,47755,2225,113479,1427,161234,California
Placer,2021-04-17,2347,271303,794,145508,1553,119605,0,6190,1455,48321,889,114368,1455,162689,California
Placer,2021-04-18,1157,272460,234,145742,923,120528,0,6190,405,47976,750,115118,405,163094,California
Placer,2021-04-19,2906,275366,1777,147519,1129,121657,0,6190,1143,47360,1760,116878,1144,164238,California
Placer,2021-04-20,3771,279137,2448,149967,1323,122980,0,6190,2399,48395,1364,118242,2399,166637,California
Placer,2021-04-21,3648,282785,2391,152358,1256,124236,1,6191,2377,49506,1267,119509,2378,169015,California
Placer,2021-04-22,3539,286324,2144,154502,1395,125631,0,6191,1735,49440,1801,121310,1735,170750,California
Placer,2021-04-23,3486,289810,2310,156812,1175,126806,1,6192,1369,48699,2111,123421,1370,172120,California
Placer,2021-04-24,2068,291878,1252,158064,815,127621,1,6193,1210,49059,850,124271,1210,173330,California
Placer,2021-04-25,900,292778,497,158561,403,128024,0,6193,556,49271,344,124615,556,173886,California
Placer,2021-04-26,2199,294977,1205,159766,971,128995,23,6216,1096,49296,1093,125708,1118,175004,California
Placer,2021-04-27,2490,297467,1308,161074,1147,130142,35,6251,1471,49789,1014,126722,1507,176511,California
Placer,2021-04-28,2908,300375,1801,162875,1070,131212,37,6288,1519,49966,1379,128101,1556,178067,California
Placer,2021-04-29,3240,303615,2058,164933,1130,132342,52,6340,1301,49386,1933,130034,1353,179420,California
Placer,2021-04-30,2972,306587,1802,166735,1123,133465,47,6387,1188,48843,1778,131812,1235,180655,California
Placer,2021-05-01,1325,307912,929,167664,372,133837,24,6411,610,48767,709,132521,633,181288,California
Placer,2021-05-02,707,308619,549,168213,137,133974,21,6432,328,48738,378,132899,349,181637,California
Placer,2021-05-03,1592,310211,983,169196,547,134521,62,6494,439,48090,1149,134048,501,182138,California
Placer,2021-05-04,2222,312433,1277,170473,782,135303,163,6657,821,47676,1398,135446,984,183122,California
Placer,2021-05-05,2947,315380,2103,172576,798,136101,46,6703,704,46187,2239,137685,750,183872,California
Placer,2021-05-06,2310,317690,1501,174077,788,136889,21,6724,447,44799,1856,139541,468,184340,California
Placer,2021-05-07,1818,319508,1388,175465,406,137295,24,6748,387,43784,1425,140966,410,184750,California
Plumas,2020-12-18,4,4,4,4,0,0,0,0,4,4,0,0,4,4,California
Plumas,2020-12-19,1,5,1,5,0,0,0,0,1,5,0,0,1,5,California
Plumas,2020-12-21,45,50,45,50,0,0,0,0,45,50,0,0,45,50,California
Plumas,2020-12-22,92,142,92,142,0,0,0,0,92,142,0,0,92,142,California
Plumas,2020-12-23,50,192,50,192,0,0,0,0,50,192,0,0,50,192,California
Plumas,2020-12-24,6,198,6,198,0,0,0,0,6,198,0,0,6,198,California
Plumas,2020-12-28,8,206,0,198,8,8,0,0,8,206,0,0,8,206,California
Plumas,2020-12-29,32,238,22,220,10,18,0,0,32,238,0,0,32,238,California
Plumas,2020-12-30,22,260,1,221,21,39,0,0,22,260,0,0,22,260,California
Plumas,2020-12-31,4,264,1,222,3,42,0,0,4,264,0,0,4,264,California
Plumas,2021-01-04,10,274,4,226,6,48,0,0,10,274,0,0,10,274,California
Plumas,2021-01-05,22,296,2,228,20,68,0,0,22,296,0,0,22,296,California
Plumas,2021-01-06,124,420,5,233,119,187,0,0,124,420,0,0,124,420,California
Plumas,2021-01-07,53,473,2,235,51,238,0,0,52,471,1,1,52,472,California
Plumas,2021-01-08,12,485,5,240,7,245,0,0,8,475,4,5,8,480,California
Plumas,2021-01-09,2,487,2,242,0,245,0,0,1,475,1,6,1,481,California
Plumas,2021-01-11,59,546,50,292,9,254,0,0,12,440,47,53,12,493,California
Plumas,2021-01-12,155,701,86,378,69,323,0,0,71,427,84,137,71,564,California
Plumas,2021-01-13,56,757,50,428,6,329,0,0,10,391,46,183,10,574,California
Plumas,2021-01-14,96,853,14,442,82,411,0,0,91,477,5,188,91,665,California
Plumas,2021-01-15,62,915,7,449,55,466,0,0,60,535,2,190,60,725,California
Plumas,2021-01-16,58,973,1,450,57,523,0,0,58,593,0,190,58,783,California
Plumas,2021-01-18,2,975,1,451,1,524,0,0,2,595,0,190,2,785,California
Plumas,2021-01-19,36,1011,5,456,31,555,0,0,32,623,4,194,32,817,California
Plumas,2021-01-20,121,1132,3,459,118,673,0,0,119,740,2,196,119,936,California
Plumas,2021-01-21,112,1244,2,461,110,783,0,0,112,852,0,196,112,1048,California
Plumas,2021-01-22,5,1249,1,462,4,787,0,0,5,857,0,196,5,1053,California
Plumas,2021-01-23,93,1342,2,464,91,878,0,0,93,950,0,196,93,1146,California
Plumas,2021-01-24,1,1343,1,465,0,878,0,0,1,951,0,196,1,1147,California
Plumas,2021-01-25,10,1353,7,472,3,881,0,0,7,955,3,199,7,1154,California
Plumas,2021-01-26,60,1413,2,474,58,939,0,0,52,999,8,207,52,1206,California
Plumas,2021-01-27,25,1438,20,494,5,944,0,0,5,984,20,227,5,1211,California
Plumas,2021-01-28,23,1461,0,494,23,967,0,0,21,1003,2,229,21,1232,California
Plumas,2021-01-29,8,1469,2,496,6,973,0,0,7,1009,1,230,7,1239,California
Plumas,2021-01-30,8,1477,4,500,4,977,0,0,7,1015,1,231,7,1246,California
Plumas,2021-01-31,3,1480,3,503,0,977,0,0,3,1018,0,231,3,1249,California
Plumas,2021-02-01,15,1495,2,505,13,990,0,0,7,1017,8,239,7,1256,California
Plumas,2021-02-02,21,1516,2,507,19,1009,0,0,2,1000,19,258,2,1258,California
Plumas,2021-02-03,128,1644,8,515,120,1129,0,0,13,899,114,372,13,1271,California
Plumas,2021-02-04,101,1745,8,523,93,1222,0,0,23,844,78,450,23,1294,California
Plumas,2021-02-05,24,1769,11,534,13,1235,0,0,9,838,15,465,9,1303,California
Plumas,2021-02-06,7,1776,0,534,7,1242,0,0,7,845,0,465,7,1310,California
Plumas,2021-02-08,16,1792,7,541,9,1251,0,0,4,837,12,477,4,1314,California
Plumas,2021-02-09,171,1963,1,542,170,1421,0,0,111,888,60,537,111,1425,California
Plumas,2021-02-10,89,2052,9,551,80,1501,0,0,80,960,9,546,81,1506,California
Plumas,2021-02-11,322,2374,7,558,315,1816,0,0,263,1164,59,605,263,1769,California
Plumas,2021-02-12,123,2497,4,562,119,1935,0,0,118,1277,5,610,118,1887,California
Plumas,2021-02-13,74,2571,5,567,69,2004,0,0,14,1231,60,670,14,1901,California
Plumas,2021-02-14,8,2579,5,572,3,2007,0,0,8,1239,0,670,8,1909,California
Plumas,2021-02-15,27,2606,5,577,22,2029,0,0,24,1260,3,673,24,1933,California
Plumas,2021-02-16,76,2682,4,581,72,2101,0,0,14,1212,62,735,14,1947,California
Plumas,2021-02-17,136,2818,5,586,131,2232,0,0,12,1100,124,859,12,1959,California
Plumas,2021-02-18,128,2946,6,592,122,2354,0,0,19,1011,109,968,20,1979,California
Plumas,2021-02-19,41,2987,4,596,37,2391,0,0,6,982,35,1003,6,1985,California
Plumas,2021-02-20,104,3091,7,603,97,2488,0,0,12,902,92,1095,12,1997,California
Plumas,2021-02-21,5,3096,5,608,0,2488,0,0,1,899,4,1099,1,1998,California
Plumas,2021-02-22,3,3099,1,609,2,2490,0,0,0,896,3,1102,0,1998,California
Plumas,2021-02-23,25,3124,5,614,20,2510,0,0,17,905,8,1110,17,2015,California
Plumas,2021-02-24,457,3581,7,621,450,2960,0,0,444,1336,13,1123,444,2459,California
Plumas,2021-02-25,229,3810,10,631,219,3179,0,0,168,1443,61,1184,168,2627,California
Plumas,2021-02-26,267,4077,8,639,259,3438,0,0,259,1695,8,1192,260,2887,California
Plumas,2021-02-27,40,4117,4,643,36,3474,0,0,33,1721,7,1199,33,2920,California
Plumas,2021-02-28,1,4118,0,643,1,3475,0,0,1,1722,0,1199,1,2921,California
Plumas,2021-03-01,13,4131,3,646,10,3485,0,0,8,1726,4,1203,8,2929,California
Plumas,2021-03-02,8,4139,0,646,8,3493,0,0,6,1730,2,1205,6,2935,California
Plumas,2021-03-03,152,4291,10,656,142,3635,0,0,136,1850,16,1221,136,3071,California
Plumas,2021-03-04,251,4542,9,665,242,3877,0,0,229,2057,22,1243,229,3300,California
Plumas,2021-03-05,399,4941,7,672,387,4264,5,5,388,2439,11,1254,393,3693,California
Plumas,2021-03-06,19,4960,2,674,9,4273,8,13,3,2434,16,1270,11,3704,California
Plumas,2021-03-07,13,4973,2,676,2,4275,9,22,3,2436,10,1280,12,3716,California
Plumas,2021-03-08,29,5002,3,679,2,4277,24,46,3,2437,26,1306,27,3743,California
Plumas,2021-03-09,133,5135,2,681,116,4393,15,61,18,2355,115,1421,33,3776,California
Plumas,2021-03-10,255,5390,3,684,238,4631,14,75,108,2331,146,1567,122,3898,California
Plumas,2021-03-11,182,5572,8,692,169,4800,5,80,147,2448,35,1602,152,4050,California
Plumas,2021-03-12,595,6167,3,695,304,5104,288,368,23,2187,572,2174,311,4361,California
Plumas,2021-03-13,25,6192,4,699,10,5114,11,379,5,2183,20,2194,16,4377,California
Plumas,2021-03-14,12,6204,3,702,4,5118,5,384,1,2179,10,2204,6,4383,California
Plumas,2021-03-15,32,6236,1,703,24,5142,7,391,6,2166,26,2230,13,4396,California
Plumas,2021-03-16,60,6296,3,706,56,5198,1,392,49,2205,11,2241,50,4446,California
Plumas,2021-03-17,73,6369,9,715,63,5261,1,393,58,2250,14,2255,59,4505,California
Plumas,2021-03-18,60,6429,6,721,38,5299,16,409,12,2230,48,2303,28,4533,California
Plumas,2021-03-19,164,6593,6,727,156,5455,2,411,155,2381,7,2310,158,4691,California
Plumas,2021-03-20,693,7286,4,731,688,6143,1,412,673,3037,18,2328,674,5365,California
Plumas,2021-03-21,2,7288,1,732,1,6144,0,412,1,3038,0,2328,1,5366,California
Plumas,2021-03-22,183,7471,2,734,181,6325,0,412,176,3207,7,2335,176,5542,California
Plumas,2021-03-23,27,7498,2,736,25,6350,0,412,13,3206,14,2349,13,5555,California
Plumas,2021-03-24,654,8152,7,743,646,6996,1,413,223,3000,430,2779,224,5779,California
Plumas,2021-03-25,299,8451,7,750,290,7286,2,415,157,3015,142,2921,157,5936,California
Plumas,2021-03-26,315,8766,9,759,306,7592,0,415,46,2793,268,3189,46,5982,California
Plumas,2021-03-27,13,8779,1,760,11,7603,1,416,3,2787,10,3199,4,5986,California
Plumas,2021-03-28,5,8784,3,763,1,7604,1,417,3,2789,2,3201,4,5990,California
Plumas,2021-03-29,12,8796,4,767,7,7611,1,418,4,2786,8,3209,5,5995,California
Plumas,2021-03-30,151,8947,3,770,147,7758,1,419,24,2684,127,3336,25,6020,California
Plumas,2021-03-31,289,9236,2,772,286,8044,1,420,269,2934,20,3356,270,6290,California
Plumas,2021-04-01,297,9533,11,783,285,8329,1,421,60,2759,235,3591,60,6350,California
Plumas,2021-04-02,375,9908,5,788,369,8698,1,422,29,2455,334,3925,30,6380,California
Plumas,2021-04-03,16,9924,3,791,5,8703,8,430,4,2455,12,3937,12,6392,California
Plumas,2021-04-04,3,9927,1,792,1,8704,1,431,0,2453,3,3940,1,6393,California
Plumas,2021-04-05,10,9937,3,795,6,8710,1,432,3,2450,7,3947,4,6397,California
Plumas,2021-04-06,120,10057,6,801,88,8798,26,458,13,2382,107,4054,39,6436,California
Plumas,2021-04-07,281,10338,7,808,99,8897,175,633,28,2332,253,4307,203,6639,California
Plumas,2021-04-08,155,10493,3,811,136,9033,16,649,34,2261,120,4427,49,6688,California
Plumas,2021-04-09,50,10543,9,820,25,9058,16,665,19,2264,31,4458,34,6722,California
Plumas,2021-04-10,22,10565,2,822,4,9062,16,681,3,2264,19,4477,19,6741,California
Plumas,2021-04-11,4,10569,3,825,0,9062,1,682,3,2267,1,4478,4,6745,California
Plumas,2021-04-12,10,10579,5,830,3,9065,2,684,7,2273,3,4481,9,6754,California
Plumas,2021-04-13,206,10785,5,835,201,9266,0,684,138,2343,68,4549,138,6892,California
Plumas,2021-04-14,108,10893,8,843,100,9366,0,684,54,2343,54,4603,54,6946,California
Plumas,2021-04-15,50,10943,2,845,48,9414,0,684,32,2357,18,4621,32,6978,California
Plumas,2021-04-16,144,11087,4,849,140,9554,0,684,4,2221,140,4761,4,6982,California
Plumas,2021-04-17,666,11753,1,850,665,10219,0,684,20,1597,644,5405,20,7002,California
Plumas,2021-04-18,3,11756,2,852,1,10220,0,684,1,1596,2,5407,1,7003,California
Plumas,2021-04-19,38,11794,3,855,35,10255,0,684,5,1568,33,5440,5,7008,California
Plumas,2021-04-20,41,11835,4,859,37,10292,0,684,25,1578,15,5455,25,7033,California
Plumas,2021-04-21,312,12147,5,864,306,10598,1,685,18,1302,294,5749,18,7051,California
Plumas,2021-04-22,272,12419,8,872,264,10862,0,685,130,1290,142,5891,130,7181,California
Plumas,2021-04-23,73,12492,6,878,67,10929,0,685,16,1249,57,5948,16,7197,California
Plumas,2021-04-24,171,12663,5,883,166,11095,0,685,146,1371,24,5972,146,7343,California
Plumas,2021-04-26,29,12692,4,887,25,11120,0,685,9,1361,19,5991,9,7352,California
Plumas,2021-04-27,87,12779,3,890,84,11204,0,685,51,1376,36,6027,51,7403,California
Plumas,2021-04-28,282,13061,4,894,278,11482,0,685,37,1168,245,6272,37,7440,California
Plumas,2021-04-29,171,13232,69,963,102,11584,0,685,117,1232,53,6325,117,7557,California
Plumas,2021-04-30,23,13255,11,974,12,11596,0,685,7,1223,16,6341,7,7564,California
Plumas,2021-05-01,2,13257,1,975,0,11596,1,686,0,1222,2,6343,1,7565,California
Plumas,2021-05-02,3,13260,3,978,0,11596,0,686,1,1221,2,6345,1,7566,California
Plumas,2021-05-03,18,13278,8,986,4,11600,6,692,7,1223,11,6356,13,7579,California
Plumas,2021-05-04,28,13306,3,989,19,11619,6,698,17,1235,11,6367,23,7602,California
Plumas,2021-05-05,43,13349,5,994,37,11656,1,699,16,1225,27,6394,17,7619,California
Plumas,2021-05-06,53,13402,3,997,45,11701,5,704,13,1204,39,6433,18,7637,California
Plumas,2021-05-07,16,13418,4,1001,12,11713,0,704,3,1194,13,6446,3,7640,California
Riverside,2020-12-15,5,5,5,5,0,0,0,0,5,5,0,0,5,5,California
Riverside,2020-12-16,64,69,64,69,0,0,0,0,64,69,0,0,64,69,California
Riverside,2020-12-17,804,873,804,873,0,0,0,0,804,873,0,0,804,873,California
Riverside,2020-12-18,1722,2595,1721,2594,1,1,0,0,1722,2595,0,0,1722,2595,California
Riverside,2020-12-19,1026,3621,1023,3617,3,4,0,0,1024,3618,1,1,1024,3619,California
Riverside,2020-12-20,1083,4704,1082,4699,1,5,0,0,1083,4701,0,1,1083,4702,California
Riverside,2020-12-21,2273,6977,2271,6970,2,7,0,0,2273,6974,0,1,2273,6975,California
Riverside,2020-12-22,2254,9231,2215,9185,39,46,0,0,2253,9227,0,1,2253,9228,California
Riverside,2020-12-23,2129,11360,1792,10977,337,383,0,0,2130,11357,0,1,2130,11358,California
Riverside,2020-12-24,828,12188,626,11603,202,585,0,0,828,12185,0,1,828,12186,California
Riverside,2020-12-25,28,12216,5,11608,23,608,0,0,28,12213,0,1,28,12214,California
Riverside,2020-12-26,400,12616,257,11865,143,751,0,0,400,12613,0,1,400,12614,California
Riverside,2020-12-27,361,12977,243,12108,118,869,0,0,361,12974,0,1,361,12975,California
Riverside,2020-12-28,1626,14603,1126,13234,500,1369,0,0,1626,14600,0,1,1626,14601,California
Riverside,2020-12-29,1738,16341,972,14206,766,2135,0,0,1738,16338,0,1,1738,16339,California
Riverside,2020-12-30,2577,18918,1683,15889,894,3029,0,0,2576,18914,0,1,2576,18915,California
Riverside,2020-12-31,1022,19940,395,16284,627,3656,0,0,1024,19938,0,1,1024,19939,California
Riverside,2021-01-01,115,20055,44,16328,71,3727,0,0,115,20053,0,1,115,20054,California
Riverside,2021-01-02,834,20889,694,17022,140,3867,0,0,834,20887,0,1,834,20888,California
Riverside,2021-01-03,343,21232,298,17320,45,3912,0,0,342,21229,0,1,342,21230,California
Riverside,2021-01-04,1265,22497,797,18117,468,4380,0,0,1265,22494,0,1,1265,22495,California
Riverside,2021-01-05,1984,24481,1363,19480,621,5001,0,0,1889,24294,89,90,1889,24384,California
Riverside,2021-01-06,2496,26977,1112,20592,1384,6385,0,0,2190,26182,302,392,2190,26574,California
Riverside,2021-01-07,2766,29743,1813,22405,953,7338,0,0,1705,26833,1056,1448,1707,28281,California
Riverside,2021-01-08,4055,33798,2935,25340,1120,8458,0,0,2245,27272,1806,3254,2245,30526,California
Riverside,2021-01-09,2070,35868,844,26184,1226,9684,0,0,1723,28649,346,3600,1723,32249,California
Riverside,2021-01-10,1667,37535,735,26919,932,10616,0,0,1063,29108,604,4204,1063,33312,California
Riverside,2021-01-11,4524,42059,3102,30021,1422,12038,0,0,2790,30167,1732,5936,2791,36103,California
Riverside,2021-01-12,3403,45462,2730,32751,673,12711,0,0,1716,30201,1682,7618,1716,37819,California
Riverside,2021-01-13,4389,49851,2870,35621,1519,14230,0,0,2784,31383,1602,9220,2784,40603,California
Riverside,2021-01-14,5495,55346,1895,37516,3600,17830,0,0,4907,35702,588,9808,4907,45510,California
Riverside,2021-01-15,6154,61500,2096,39612,4058,21888,0,0,5866,41281,287,10095,5866,51376,California
Riverside,2021-01-16,3608,65108,1017,40629,2591,24479,0,0,3362,44398,246,10341,3363,54739,California
Riverside,2021-01-17,3591,68699,582,41211,3009,27488,0,0,3394,47597,195,10536,3394,58133,California
Riverside,2021-01-18,3729,72428,2023,43234,1706,29194,0,0,2724,49316,1005,11541,2724,60857,California
Riverside,2021-01-19,7408,79836,2643,45877,4765,33959,0,0,6291,54491,1117,12658,6292,67149,California
Riverside,2021-01-20,8108,87944,3023,48900,5085,39044,0,0,6535,59468,1562,14220,6539,73688,California
Riverside,2021-01-21,8363,96307,3521,52421,4842,43886,0,0,7714,66533,649,14869,7714,81402,California
Riverside,2021-01-22,8726,105033,2980,55401,5746,49632,0,0,8296,74402,428,15297,8297,89699,California
Riverside,2021-01-23,5925,110958,2393,57794,3532,53164,0,0,5197,78872,728,16025,5198,94897,California
Riverside,2021-01-24,3034,113992,1430,59224,1604,54768,0,0,2820,81482,211,16236,2821,97718,California
Riverside,2021-01-25,7877,121869,4537,63761,3340,58108,0,0,6751,87109,1125,17361,6752,104470,California
Riverside,2021-01-26,9121,130990,5731,69492,3390,61498,0,0,7609,93210,1509,18870,7610,112080,California
Riverside,2021-01-27,10904,141894,6386,75878,4518,66016,0,0,9297,100907,1603,20473,9300,121380,California
Riverside,2021-01-28,11487,153381,6780,82658,4707,70723,0,0,10328,110085,1151,21624,10329,131709,California
Riverside,2021-01-29,11922,165303,7276,89934,4646,75369,0,0,10553,119300,1342,22966,10557,142266,California
Riverside,2021-01-30,9049,174352,4605,94539,4444,79813,0,0,8586,127427,460,23426,8587,150853,California
Riverside,2021-01-31,5158,179510,4248,98787,910,80723,0,0,5025,132324,132,23558,5029,155882,California
Riverside,2021-02-01,10870,190380,6712,105499,4158,84881,0,0,9084,139632,1779,25337,9087,164969,California
Riverside,2021-02-02,9511,199891,4847,110346,4664,89545,0,0,8016,146163,1488,26825,8019,172988,California
Riverside,2021-02-03,12121,212012,5099,115445,7022,96567,0,0,9790,153632,2321,29146,9790,182778,California
Riverside,2021-02-04,13550,225562,6043,121488,7507,104074,0,0,11436,162963,2107,31253,11438,194216,California
Riverside,2021-02-05,14331,239893,5399,126887,8932,113006,0,0,11278,171200,3045,34298,11282,205498,California
Riverside,2021-02-06,7260,247153,4288,131175,2972,115978,0,0,5615,175181,1637,35935,5618,211116,California
Riverside,2021-02-07,2167,249320,796,131971,1371,117349,0,0,1851,176718,315,36250,1852,212968,California
Riverside,2021-02-08,12453,261773,5533,137504,6920,124269,0,0,10139,184564,2297,38547,10143,223111,California
Riverside,2021-02-09,9667,271440,4547,142051,5120,129389,0,0,7726,190362,1933,40480,7731,230842,California
Riverside,2021-02-10,12069,283509,6980,149031,5089,134478,0,0,8896,196105,3161,43641,8904,239746,California
Riverside,2021-02-11,16585,300094,9042,158073,7543,142021,0,0,12079,203716,4483,48124,12094,251840,California
Riverside,2021-02-12,17683,317777,10817,168890,6866,148887,0,0,12811,211712,4827,52951,12823,264663,California
Riverside,2021-02-13,6324,324101,2126,171016,4198,153085,0,0,3098,211623,3208,56159,3119,267782,California
Riverside,2021-02-14,4927,329028,1122,172138,3805,156890,0,0,2175,211051,2748,58907,2176,269958,California
Riverside,2021-02-15,9821,338849,4996,177134,4825,161715,0,0,5406,212057,4407,63314,5413,275371,California
Riverside,2021-02-16,16104,354953,10104,187238,6000,167715,0,0,9245,214458,6852,70166,9253,284624,California
Riverside,2021-02-17,15013,369966,8202,195440,6811,174526,0,0,7443,214354,7557,77723,7453,292077,California
Riverside,2021-02-18,15527,385493,8992,204432,6535,181061,0,0,8021,214901,7488,85211,8035,300112,California
Riverside,2021-02-19,15258,400751,8222,212654,7036,188097,0,0,7211,214092,8028,93239,7219,307331,California
Riverside,2021-02-20,8304,409055,4496,217150,3808,191905,0,0,2166,210140,6121,99360,2169,309500,California
Riverside,2021-02-21,4349,413404,3830,220980,519,192424,0,0,1218,208241,3117,102477,1218,310718,California
Riverside,2021-02-22,12355,425759,7760,228740,4595,197019,0,0,5102,206114,7234,109711,5107,315825,California
Riverside,2021-02-23,11088,436847,7555,236295,3533,200552,0,0,5388,205835,5671,115382,5392,321217,California
Riverside,2021-02-24,14799,451646,8098,244393,6701,207253,0,0,6293,203678,8467,123849,6310,327527,California
Riverside,2021-02-25,17323,468969,7381,251774,9942,217195,0,0,8041,202484,9260,133109,8066,335593,California
Riverside,2021-02-26,18594,487563,6716,258490,11878,229073,0,0,9288,202557,9248,142357,9321,344914,California
Riverside,2021-02-27,11379,498942,4915,263405,6464,235537,0,0,5673,202585,5672,148029,5700,350614,California
Riverside,2021-02-28,4623,503565,2959,266364,1664,237201,0,0,2372,202724,2240,150269,2379,352993,California
Riverside,2021-03-01,14305,517870,6092,272456,8212,245413,1,1,8429,205339,5842,156111,8457,361450,California
Riverside,2021-03-02,15283,533153,7435,279891,7847,253260,1,2,8974,208055,6286,162397,9002,370452,California
Riverside,2021-03-03,16853,550006,8341,288232,8512,261772,0,2,7278,205934,9526,171923,7405,377857,California
Riverside,2021-03-04,18716,568722,7449,295681,11263,273035,4,6,8891,205199,9780,181703,9045,386902,California
Riverside,2021-03-05,18745,587467,7522,303203,11179,284214,44,50,9279,205383,9416,191119,9600,396502,California
Riverside,2021-03-06,9448,596915,5014,308217,3952,288166,482,532,4698,205857,4736,195855,5210,401712,California
Riverside,2021-03-07,4173,601088,2697,310914,1087,289253,389,921,1959,206005,2204,198059,2352,404064,California
Riverside,2021-03-08,11928,613016,4736,315650,6783,296036,409,1330,5313,205177,6596,204655,5768,409832,California
Riverside,2021-03-09,14656,627672,6761,322411,7397,303433,498,1828,5788,202747,8850,213505,6420,416252,California
Riverside,2021-03-10,15621,643293,8390,330801,6353,309786,878,2706,6015,200226,9566,223071,7045,423297,California
Riverside,2021-03-11,19189,662482,9443,340244,7910,317696,1836,4542,7562,198242,11593,234664,9609,432906,California
Riverside,2021-03-12,21146,683628,7921,348165,8491,326187,4734,9276,7092,196375,14021,248685,12154,445060,California
Riverside,2021-03-13,8389,692017,2507,350672,4676,330863,1206,10482,4294,197878,4076,252761,5579,450639,California
Riverside,2021-03-14,4603,696620,1580,352252,1733,332596,1290,11772,2044,198660,2549,255310,3331,453970,California
Riverside,2021-03-15,18675,715295,7848,360100,9154,341750,1673,13445,9199,200196,9436,264746,10972,464942,California
Riverside,2021-03-16,20879,736174,10132,370232,9933,351683,814,14259,11381,203026,9458,274204,12288,477230,California
Riverside,2021-03-17,21271,757445,10911,381143,9312,360995,1048,15307,12779,208454,8457,282661,13885,491115,California
Riverside,2021-03-18,22555,780000,11730,392873,9171,370166,1654,16961,12520,212647,9989,292650,14182,505297,California
Riverside,2021-03-19,24006,804006,12576,405449,10481,380647,949,17910,14036,218077,9917,302567,15347,520644,California
Riverside,2021-03-20,10595,814601,6837,412286,2593,383240,1165,19075,6827,222330,3739,306306,7992,528636,California
Riverside,2021-03-21,3676,818277,2872,415158,551,383791,253,19328,2524,223969,1139,307445,2778,531414,California
Riverside,2021-03-22,16636,834913,9924,425082,6159,389950,553,19881,10600,229131,5988,313433,11150,542564,California
Riverside,2021-03-23,18546,853459,10497,435579,7627,397577,422,20303,11963,235003,6528,319961,12400,554964,California
Riverside,2021-03-24,18676,872135,10411,445990,8146,405723,119,20422,12840,242179,5790,325751,12966,567930,California
Riverside,2021-03-25,21088,893223,11642,457632,9268,414991,178,20600,14166,249675,6855,332606,14351,582281,California
Riverside,2021-03-26,24053,917276,11866,469498,12014,427005,173,20773,15013,255920,8943,341549,15188,597469,California
Riverside,2021-03-27,9266,926542,4863,474361,3348,430353,1055,21828,4797,257323,4450,345999,5853,603322,California
Riverside,2021-03-28,4717,931259,3102,477463,1523,431876,92,21920,2832,258375,1873,347872,2925,606247,California
Riverside,2021-03-29,17619,948878,8435,485898,9068,440944,116,22036,10957,262832,6627,354499,11084,617331,California
Riverside,2021-03-30,18312,967190,9535,495433,8573,449517,204,22240,11797,268358,6478,360977,12004,629335,California
Riverside,2021-03-31,18008,985198,8376,503809,9333,458850,299,22539,11459,273619,6507,367484,11768,641103,California
Riverside,2021-04-01,25338,1010536,12382,516191,12214,471064,742,23281,16398,281874,8883,376367,17138,658241,California
Riverside,2021-04-02,25999,1036535,14013,530204,11055,482119,931,24212,16344,289771,9603,385970,17500,675741,California
Riverside,2021-04-03,9243,1045778,5894,536098,2790,484909,559,24771,6003,293109,3222,389192,6560,682301,California
Riverside,2021-04-04,3353,1049131,2046,538144,1085,485994,222,24993,1751,293489,1594,390786,1974,684275,California
Riverside,2021-04-05,18330,1067461,9406,547550,7103,493097,1821,26814,9888,296794,8405,399191,11710,695985,California
Riverside,2021-04-06,23660,1091121,12306,559856,9255,502352,2099,28913,13197,301670,10414,409605,15290,711275,California
Riverside,2021-04-07,24493,1115614,13179,573035,8859,511211,2455,31368,13654,306984,10797,420402,16111,727386,California
Riverside,2021-04-08,26906,1142520,14784,587819,9202,520413,2920,34288,16402,315844,10446,430848,19306,746692,California
Riverside,2021-04-09,25963,1168483,15278,603097,8286,528699,2399,36687,15870,324080,10052,440900,18288,764980,California
Riverside,2021-04-10,11909,1180392,6702,609799,3828,532527,1379,38066,5223,324032,6645,447545,6597,771577,California
Riverside,2021-04-11,4560,1184952,2725,612524,1242,533769,593,38659,2168,324411,2381,449926,2760,774337,California
Riverside,2021-04-12,19999,1204951,8910,621434,8508,542277,2581,41240,10069,327168,9892,459818,12649,786986,California
Riverside,2021-04-13,19876,1224827,11137,632571,8713,550990,26,41266,11357,330075,8478,468296,11385,798371,California
Riverside,2021-04-14,21994,1246821,12091,644662,9888,560878,15,41281,10779,329720,11152,479448,10797,809168,California
Riverside,2021-04-15,21630,1268451,12150,656812,9473,570351,7,41288,11336,330832,10233,489681,11345,820513,California
Riverside,2021-04-16,24910,1293361,14421,671233,10483,580834,6,41294,11624,329234,13235,502916,11637,832150,California
Riverside,2021-04-17,9831,1303192,6482,677715,3349,584183,0,41294,4969,329362,4847,507763,4975,837125,California
Riverside,2021-04-18,3855,1307047,2811,680526,1037,585220,7,41301,1840,329207,2004,509767,1849,838974,California
Riverside,2021-04-19,19424,1326471,11555,692081,7867,593087,2,41303,6955,323740,12430,522197,6963,845937,California
Riverside,2021-04-20,18768,1345239,9877,701958,8882,601969,9,41312,7684,320390,11047,533244,7697,853634,California
Riverside,2021-04-21,19439,1364678,11076,713034,8355,610324,8,41320,7662,316348,11719,544963,7677,861311,California
Riverside,2021-04-22,23062,1387740,13416,726450,9643,619967,3,41323,8573,310504,14425,559388,8581,869892,California
Riverside,2021-04-23,23215,1410955,13668,740118,9533,629500,14,41337,9120,305603,14043,573431,9142,879034,California
Riverside,2021-04-24,10466,1421421,7314,747432,3150,632650,2,41339,4853,304881,5578,579009,4856,883890,California
Riverside,2021-04-25,4204,1425625,2819,750251,1385,634035,0,41339,2198,305087,1993,581002,2199,886089,California
Riverside,2021-04-26,15935,1441560,9974,760225,5917,639952,44,41383,5319,299869,10584,591586,5366,891455,California
Riverside,2021-04-27,17114,1458674,9687,769912,7266,647218,161,41544,5890,294738,11182,602768,6051,897506,California
Riverside,2021-04-28,16370,1475044,8822,778734,7302,654520,246,41790,5525,289722,10787,613555,5771,903277,California
Riverside,2021-04-29,18550,1493594,11385,790119,6847,661367,318,42108,5374,282301,13113,626668,5692,908969,California
Riverside,2021-04-30,19525,1513119,11268,801387,7901,669268,356,42464,6238,275657,13241,639909,6597,915566,California
Riverside,2021-05-01,6728,1519847,4865,806252,1713,670981,150,42614,2318,273735,4388,644297,2466,918032,California
Riverside,2021-05-02,3335,1523182,2184,808436,956,671937,195,42809,1064,272743,2257,646554,1265,919297,California
Riverside,2021-05-03,17684,1540866,10788,819224,6438,678375,458,43267,4056,263687,13569,660123,4513,923810,California
Riverside,2021-05-04,16703,1557569,10600,829824,5720,684095,383,43650,4649,256722,11998,672121,5033,928843,California
Riverside,2021-05-05,10220,1567789,5379,835203,4677,688772,164,43814,2794,252294,7386,679507,2958,931801,California
Riverside,2021-05-06,11866,1579655,6182,841385,5504,694276,180,43994,2573,245804,9243,688750,2753,934554,California
Riverside,2021-05-07,11031,1590686,6371,847756,4479,698755,181,44175,2269,239525,8729,697479,2450,937004,California
Sacramento,2020-12-15,315,315,315,315,0,0,0,0,315,315,0,0,315,315,California
Sacramento,2020-12-16,643,958,643,958,0,0,0,0,643,958,0,0,643,958,California
Sacramento,2020-12-17,647,1605,647,1605,0,0,0,0,647,1605,0,0,647,1605,California
Sacramento,2020-12-18,969,2574,969,2574,0,0,0,0,969,2574,0,0,969,2574,California
Sacramento,2020-12-19,612,3186,612,3186,0,0,0,0,612,3186,0,0,612,3186,California
Sacramento,2020-12-20,633,3819,633,3819,0,0,0,0,633,3819,0,0,633,3819,California
Sacramento,2020-12-21,1676,5495,1676,5495,0,0,0,0,1677,5496,0,0,1677,5496,California
Sacramento,2020-12-22,2095,7590,2062,7557,33,33,0,0,2095,7591,0,0,2095,7591,California
Sacramento,2020-12-23,2248,9838,2080,9637,168,201,0,0,2248,9839,0,0,2248,9839,California
Sacramento,2020-12-24,1046,10884,834,10471,212,413,0,0,1046,10885,0,0,1046,10885,California
Sacramento,2020-12-25,1,10885,0,10471,1,414,0,0,1,10886,0,0,1,10886,California
Sacramento,2020-12-26,509,11394,291,10762,218,632,0,0,509,11395,0,0,509,11395,California
Sacramento,2020-12-27,351,11745,247,11009,104,736,0,0,351,11746,0,0,351,11746,California
Sacramento,2020-12-28,1902,13647,1324,12333,578,1314,0,0,1901,13646,1,1,1901,13647,California
Sacramento,2020-12-29,1952,15599,1188,13521,764,2078,0,0,1952,15598,0,1,1952,15599,California
Sacramento,2020-12-30,2559,18158,1456,14977,1103,3181,0,0,2560,18158,0,1,2560,18159,California
Sacramento,2020-12-31,1228,19386,695,15672,533,3714,0,0,1229,19387,0,1,1229,19388,California
Sacramento,2021-01-01,81,19467,70,15742,11,3725,0,0,81,19468,0,1,81,19469,California
Sacramento,2021-01-02,563,20030,362,16104,201,3926,0,0,563,20031,0,1,563,20032,California
Sacramento,2021-01-03,410,20440,221,16325,189,4115,0,0,410,20441,0,1,410,20442,California
Sacramento,2021-01-04,1958,22398,845,17170,1113,5228,0,0,1956,22396,1,2,1956,22398,California
Sacramento,2021-01-05,2213,24611,986,18156,1227,6455,0,0,1859,23908,354,356,1866,24264,California
Sacramento,2021-01-06,2734,27345,1623,19779,1111,7566,0,0,1959,25095,772,1128,1959,26223,California
Sacramento,2021-01-07,2834,30179,1506,21285,1328,8894,0,0,1973,26210,858,1986,1973,28196,California
Sacramento,2021-01-08,3296,33475,2091,23376,1205,10099,0,0,2262,27443,1030,3016,2263,30459,California
Sacramento,2021-01-09,1289,34764,798,24174,491,10590,0,0,899,27954,388,3404,899,31358,California
Sacramento,2021-01-10,1246,36010,710,24884,536,11126,0,0,775,28260,470,3874,776,32134,California
Sacramento,2021-01-11,4350,40360,2960,27844,1390,12516,0,0,2413,28749,1936,5810,2425,34559,California
Sacramento,2021-01-12,4395,44755,3032,30876,1363,13879,0,0,2429,29217,1965,7775,2433,36992,California
Sacramento,2021-01-13,3788,48543,2171,33047,1617,15496,0,0,2377,30185,1410,9185,2378,39370,California
Sacramento,2021-01-14,4625,53168,2369,35416,2256,17752,0,0,3702,32968,919,10104,3702,43072,California
Sacramento,2021-01-15,4427,57595,2265,37681,2162,19914,0,0,3705,35953,721,10825,3706,46778,California
Sacramento,2021-01-16,2092,59687,1292,38973,800,20714,0,0,1875,37611,217,11042,1875,48653,California
Sacramento,2021-01-17,1643,61330,952,39925,691,21405,0,0,1465,38901,178,11220,1468,50121,California
Sacramento,2021-01-18,2860,64190,1768,41693,1092,22497,0,0,2333,40709,526,11746,2334,52455,California
Sacramento,2021-01-19,4999,69189,3051,44744,1948,24445,0,0,3729,43170,1270,13016,3731,56186,California
Sacramento,2021-01-20,4807,73996,2847,47591,1960,26405,0,0,3586,45538,1223,14239,3591,59777,California
Sacramento,2021-01-21,5197,79193,2994,50585,2203,28608,0,0,4233,48814,958,15197,4234,64011,California
Sacramento,2021-01-22,4984,84177,2653,53238,2331,30939,0,0,4683,53198,300,15497,4684,68695,California
Sacramento,2021-01-23,3730,87907,1560,54798,2170,33109,0,0,3273,56014,457,15954,3273,71968,California
Sacramento,2021-01-24,1594,89501,996,55794,598,33707,0,0,1353,57127,241,16195,1354,73322,California
Sacramento,2021-01-25,4362,93863,2113,57907,2249,35956,0,0,2944,58655,1418,17613,2946,76268,California
Sacramento,2021-01-26,4723,98586,2136,60043,2587,38543,0,0,3521,60978,1200,18813,3523,79791,California
Sacramento,2021-01-27,5812,104398,3055,63098,2757,41300,0,0,4207,63585,1602,20415,4209,84000,California
Sacramento,2021-01-28,5359,109757,2706,65804,2653,43953,0,0,4266,66760,1092,21507,4267,88267,California
Sacramento,2021-01-29,5396,115153,2938,68742,2458,46411,0,0,4372,70117,1015,22522,4372,92639,California
Sacramento,2021-01-30,4510,119663,2205,70947,2305,48716,0,0,4075,73759,433,22955,4075,96714,California
Sacramento,2021-01-31,2307,121970,2013,72960,294,49010,0,0,2032,75520,273,23228,2034,98748,California
Sacramento,2021-02-01,5910,127880,3015,75975,2895,51905,0,0,4248,78110,1658,24886,4248,102996,California
Sacramento,2021-02-02,6933,134813,3763,79738,3170,55075,0,0,4849,80896,2065,26951,4851,107847,California
Sacramento,2021-02-03,7094,141907,3553,83291,3541,58616,0,0,5231,84276,1853,28804,5233,113080,California
Sacramento,2021-02-04,7715,149622,3637,86928,4078,62694,0,0,5496,87563,2209,31013,5496,118576,California
Sacramento,2021-02-05,7811,157433,4450,91378,3361,66055,0,0,4875,89528,2913,33926,4878,123454,California
Sacramento,2021-02-06,8437,165870,3450,94828,4987,71042,0,0,7109,95314,1324,35250,7110,130564,California
Sacramento,2021-02-07,4073,169943,2187,97015,1886,72928,0,0,2850,96951,1215,36465,2852,133416,California
Sacramento,2021-02-08,6196,176139,3204,100219,2992,75920,0,0,3885,98529,2307,38772,3885,137301,California
Sacramento,2021-02-09,6799,182938,3588,103807,3211,79131,0,0,4009,99758,2781,41553,4010,141311,California
Sacramento,2021-02-10,7659,190597,4173,107980,3486,82617,0,0,4529,101172,3117,44670,4531,145842,California
Sacramento,2021-02-11,9599,200196,5744,113724,3855,86472,0,0,5545,102678,4041,48711,5547,151389,California
Sacramento,2021-02-12,10661,210857,4142,117866,6519,92991,0,0,6400,104880,4201,52912,6403,157792,California
Sacramento,2021-02-13,7607,218464,2991,120857,4616,97607,0,0,6023,109321,1582,54494,6023,163815,California
Sacramento,2021-02-14,3160,221624,1944,122801,1216,98823,0,0,2084,110335,1074,55568,2088,165903,California
Sacramento,2021-02-15,5984,227608,2042,124843,3942,102765,0,0,4161,112682,1816,57384,4163,170066,California
Sacramento,2021-02-16,9214,236822,4201,129044,5013,107778,0,0,5305,114089,3902,61286,5309,175375,California
Sacramento,2021-02-17,8823,245645,4977,134021,3846,111624,0,0,5136,115552,3675,64961,5138,180513,California
Sacramento,2021-02-18,9539,255184,5713,139734,3826,115450,0,0,5754,117531,3778,68739,5757,186270,California
Sacramento,2021-02-19,10004,265188,6135,145869,3869,119319,0,0,5908,119361,4083,72822,5913,192183,California
Sacramento,2021-02-20,7351,272539,5367,151236,1984,121303,0,0,4301,120621,3042,75864,4302,196485,California
Sacramento,2021-02-21,2925,275464,2325,153561,600,121903,0,0,1021,119746,1896,77760,1021,197506,California
Sacramento,2021-02-22,6185,281649,3743,157304,2442,124345,0,0,2682,118940,3492,81252,2686,200192,California
Sacramento,2021-02-23,7136,288785,4436,161740,2700,127045,0,0,3467,118758,3653,84905,3471,203663,California
Sacramento,2021-02-24,9650,298435,5294,167034,4356,131401,0,0,5285,119700,4348,89253,5290,208953,California
Sacramento,2021-02-25,10101,308536,5409,172443,4692,136093,0,0,5596,120806,4490,93743,5596,214549,California
Sacramento,2021-02-26,13898,322434,6467,178910,7431,143524,0,0,9573,126089,4294,98037,9577,224126,California
Sacramento,2021-02-27,10802,333236,6718,185628,4081,147605,3,3,7940,131188,2844,100881,7943,232069,California
Sacramento,2021-02-28,5611,338847,2222,187850,3389,150994,0,3,2590,130772,3007,103888,2591,234660,California
Sacramento,2021-03-01,8037,346884,3466,191316,4571,155565,0,3,4345,131448,3671,107559,4347,239007,California
Sacramento,2021-03-02,9235,356119,4015,195331,5219,160784,1,4,5672,133576,3548,111107,5676,244683,California
Sacramento,2021-03-03,10916,367035,4999,200330,5914,166698,3,7,6506,135696,4391,115498,6511,251194,California
Sacramento,2021-03-04,13410,380445,6160,206490,7246,173944,4,11,7463,137252,5917,121415,7473,258667,California
Sacramento,2021-03-05,10568,391013,4879,211369,5659,179603,30,41,7026,140787,3521,124936,7056,265723,California
Sacramento,2021-03-06,8083,399096,3099,214468,4862,184465,122,163,4091,141024,3975,128911,4212,269935,California
Sacramento,2021-03-07,7583,406679,2194,216662,5304,189769,85,248,3727,140983,3851,132762,3810,273745,California
Sacramento,2021-03-08,9098,415777,4243,220905,4631,194400,224,472,5958,144036,3127,135889,6180,279925,California
Sacramento,2021-03-09,9532,425309,4526,225431,4732,199132,274,746,5487,145768,4029,139918,5761,285686,California
Sacramento,2021-03-10,11676,436985,7474,232905,3872,203004,330,1076,6831,148121,4810,144728,7163,292849,California
Sacramento,2021-03-11,13912,450897,8911,241816,4207,207211,794,1870,8261,151562,5613,150341,9054,301903,California
Sacramento,2021-03-12,17259,468156,8305,250121,8121,215332,833,2703,8146,151488,9061,159402,8987,310890,California
Sacramento,2021-03-13,12942,481098,3568,253689,8950,224282,424,3127,8143,155265,4787,164189,8564,319454,California
Sacramento,2021-03-14,8372,489470,3462,257151,4280,228562,630,3757,4475,156495,3874,168063,5104,324558,California
Sacramento,2021-03-15,12154,501624,4818,261969,6686,235248,650,4407,7073,159160,5060,173123,7725,332283,California
Sacramento,2021-03-16,13949,515573,6200,268169,7111,242359,638,5045,8619,163115,5297,178420,9252,341535,California
Sacramento,2021-03-17,13578,529151,6570,274739,6398,248757,610,5655,8755,167689,4795,183215,9369,350904,California
Sacramento,2021-03-18,14028,543179,6604,281343,6860,255617,564,6219,9287,172828,4711,187926,9850,360754,California
Sacramento,2021-03-19,15080,558259,7486,288829,6222,261839,1372,7591,7631,174407,7422,195348,9001,369755,California
Sacramento,2021-03-20,12887,571146,7529,296358,5019,266858,339,7930,8173,178237,4684,200032,8514,378269,California
Sacramento,2021-03-21,5597,576743,2753,299111,2805,269663,39,7969,4944,182581,641,200673,4985,383254,California
Sacramento,2021-03-22,9317,586060,4787,303898,3718,273381,812,8781,6275,186653,3016,203689,7088,390342,California
Sacramento,2021-03-23,11309,597369,6743,310641,3758,277139,808,9589,7308,190806,3962,207651,8115,398457,California
Sacramento,2021-03-24,11841,609210,7268,317909,3943,281082,630,10219,6747,193171,5013,212664,7378,405835,California
Sacramento,2021-03-25,12571,621781,6848,324757,4916,285998,807,11026,7311,196068,5218,217882,8115,413950,California
Sacramento,2021-03-26,17604,639385,8316,333073,8800,294798,488,11514,8618,196257,8919,226801,9108,423058,California
Sacramento,2021-03-27,9664,649049,3554,336627,5823,300621,287,11801,5219,197345,4414,231215,5502,428560,California
Sacramento,2021-03-28,6502,655551,3212,339839,3042,303663,248,12049,3129,197363,3363,234578,3381,431941,California
Sacramento,2021-03-29,11005,666556,5893,345732,4741,308404,371,12420,5218,197195,5759,240337,5591,437532,California
Sacramento,2021-03-30,11835,678391,6073,351805,5371,313775,391,12811,6062,197896,5751,246088,6452,443984,California
Sacramento,2021-03-31,13375,691766,7820,359625,5159,318934,396,13207,5663,196261,7687,253775,6052,450036,California
Sacramento,2021-04-01,15617,707383,8739,368364,6660,325594,218,13425,5886,192672,9700,263475,6111,456147,California
Sacramento,2021-04-02,17020,724403,9656,378020,6637,332231,727,14152,8961,194331,8031,271506,9690,465837,California
Sacramento,2021-04-03,10344,734747,6164,384184,3633,335864,547,14699,6356,197271,3960,275466,6900,472737,California
Sacramento,2021-04-04,3680,738427,1518,385702,1975,337839,187,14886,1442,196663,2234,277700,1626,474363,California
Sacramento,2021-04-05,11988,750415,7524,393226,3635,341474,829,15715,5352,196236,6603,284303,6176,480539,California
Sacramento,2021-04-06,15541,765956,8834,402060,5365,346839,1342,17057,6874,195814,8636,292939,8214,488753,California
Sacramento,2021-04-07,14690,780646,7951,410011,5162,352001,1577,18634,7116,196957,7541,300480,8684,497437,California
Sacramento,2021-04-08,14890,795536,6681,416692,5244,357245,2965,21599,5913,196876,8946,309426,8865,506302,California
Sacramento,2021-04-09,15789,811325,7664,424356,5962,363207,2163,23762,6118,195517,9634,319060,8275,514577,California
Sacramento,2021-04-10,11645,822970,3115,427471,7477,370684,1053,24815,4597,194135,7023,326083,5641,520218,California
Sacramento,2021-04-11,9486,832456,3097,430568,6166,376850,223,25038,2601,190096,6861,332944,2822,523040,California
Sacramento,2021-04-12,12882,845338,5001,435569,6018,382868,1863,26901,4932,188980,7898,340842,6782,529822,California
Sacramento,2021-04-13,14239,859577,7952,443521,6283,389151,4,26905,5582,185938,8632,349474,5590,535412,California
Sacramento,2021-04-14,14868,874445,7927,451448,6939,396090,2,26907,5877,182859,8961,358435,5882,541294,California
Sacramento,2021-04-15,15350,889795,7465,458913,7883,403973,2,26909,6495,180536,8823,367258,6500,547794,California
Sacramento,2021-04-16,15973,905768,8254,467167,7719,411692,0,26909,7084,178772,8850,376108,7086,554880,California
Sacramento,2021-04-17,12044,917812,4405,471572,7639,419331,0,26909,7931,182610,4096,380204,7934,562814,California
Sacramento,2021-04-18,7230,925042,1935,473507,5295,424626,0,26909,3441,182275,3777,383981,3442,566256,California
Sacramento,2021-04-19,10512,935554,5687,479194,4822,429448,3,26912,4696,181179,5797,389778,4701,570957,California
Sacramento,2021-04-20,11071,946625,6715,485909,4353,433801,3,26915,5904,181941,5149,394927,5911,576868,California
Sacramento,2021-04-21,11437,958062,6604,492513,4831,438632,2,26917,6216,182964,5196,400123,6219,583087,California
Sacramento,2021-04-22,12324,970386,7422,499935,4899,443531,3,26920,6641,183949,5661,405784,6646,589733,California
Sacramento,2021-04-23,14251,984637,8445,508380,5806,449337,0,26920,6725,183182,7493,413277,6726,596459,California
Sacramento,2021-04-24,11302,995939,6997,515377,4304,453641,1,26921,5929,183777,5336,418613,5931,602390,California
Sacramento,2021-04-25,7972,1003911,4482,519859,3490,457131,0,26921,4158,184135,3801,422414,4159,606549,California
Sacramento,2021-04-26,9806,1013717,6150,526009,3631,460762,25,26946,4469,183320,5310,427724,4495,611044,California
Sacramento,2021-04-27,11164,1024881,7349,533358,3695,464457,120,27066,5441,183187,5694,433418,5561,616605,California
Sacramento,2021-04-28,9983,1034864,5691,539049,4091,468548,201,27267,5353,184142,4605,438023,5560,622165,California
Sacramento,2021-04-29,9701,1044565,6385,545434,3013,471561,303,27570,4938,184653,4731,442754,5242,627407,California
Sacramento,2021-04-30,11029,1055594,6424,551858,4344,475905,261,27831,5497,184919,5493,448247,5759,633166,California
Sacramento,2021-05-01,7528,1063122,5448,557306,1914,477819,166,27997,3215,184022,4280,452527,3383,636549,California
Sacramento,2021-05-02,3805,1066927,3154,560460,543,478362,108,28105,2175,184691,1612,454139,2281,638830,California
Sacramento,2021-05-03,6676,1073603,4874,565334,1527,479889,275,28380,3359,185024,3296,457435,3629,642459,California
Sacramento,2021-05-04,9254,1082857,5614,570948,3339,483228,301,28681,3755,183622,5456,462891,4054,646513,California
Sacramento,2021-05-05,8640,1091497,4297,575245,4035,487263,308,28989,3173,181660,5439,468330,3477,649990,California
Sacramento,2021-05-06,7508,1099005,3637,578882,3713,490976,158,29147,2758,179856,4720,473050,2916,652906,California
Sacramento,2021-05-07,7163,1106168,4504,583386,2461,493437,198,29345,2543,178010,4587,477637,2741,655647,California
San Benito,2020-12-16,2,2,2,2,0,0,0,0,2,2,0,0,2,2,California
San Benito,2020-12-17,8,10,8,10,0,0,0,0,8,10,0,0,8,10,California
San Benito,2020-12-18,32,42,32,42,0,0,0,0,32,42,0,0,32,42,California
San Benito,2020-12-19,47,89,47,89,0,0,0,0,47,89,0,0,47,89,California
San Benito,2020-12-20,22,111,21,110,1,1,0,0,22,111,0,0,22,111,California
San Benito,2020-12-21,48,159,48,158,0,1,0,0,48,159,0,0,48,159,California
San Benito,2020-12-22,65,224,65,223,0,1,0,0,65,224,0,0,65,224,California
San Benito,2020-12-23,48,272,36,259,12,13,0,0,48,272,0,0,48,272,California
San Benito,2020-12-24,12,284,4,263,8,21,0,0,12,284,0,0,12,284,California
San Benito,2020-12-25,4,288,4,267,0,21,0,0,4,288,0,0,4,288,California
San Benito,2020-12-26,13,301,4,271,9,30,0,0,13,301,0,0,13,301,California
San Benito,2020-12-27,8,309,7,278,1,31,0,0,8,309,0,0,8,309,California
San Benito,2020-12-28,63,372,36,314,27,58,0,0,63,372,0,0,63,372,California
San Benito,2020-12-29,50,422,21,335,29,87,0,0,50,422,0,0,50,422,California
San Benito,2020-12-30,59,481,37,372,22,109,0,0,59,481,0,0,59,481,California
San Benito,2020-12-31,19,500,2,374,17,126,0,0,19,500,0,0,19,500,California
San Benito,2021-01-02,25,525,24,398,1,127,0,0,25,525,0,0,25,525,California
San Benito,2021-01-03,3,528,1,399,2,129,0,0,3,528,0,0,3,528,California
San Benito,2021-01-04,62,590,23,422,39,168,0,0,62,590,0,0,62,590,California
San Benito,2021-01-05,119,709,37,459,82,250,0,0,116,703,3,3,116,706,California
San Benito,2021-01-06,97,806,42,501,55,305,0,0,83,772,14,17,83,789,California
San Benito,2021-01-07,80,886,43,544,37,342,0,0,52,796,28,45,52,841,California
San Benito,2021-01-08,130,1016,67,611,63,405,0,0,86,838,44,89,86,927,California
San Benito,2021-01-09,42,1058,29,640,13,418,0,0,29,854,13,102,29,956,California
San Benito,2021-01-10,15,1073,13,653,2,420,0,0,5,849,10,112,5,961,California
San Benito,2021-01-11,100,1173,59,712,41,461,0,0,47,843,53,165,47,1008,California
San Benito,2021-01-12,157,1330,53,765,104,565,0,0,121,928,36,201,121,1129,California
San Benito,2021-01-13,190,1520,35,800,155,720,0,0,163,1064,27,228,163,1292,California
San Benito,2021-01-14,116,1636,23,823,93,813,0,0,99,1146,17,245,99,1391,California
San Benito,2021-01-15,215,1851,21,844,194,1007,0,0,201,1333,14,259,201,1592,California
San Benito,2021-01-16,27,1878,9,853,18,1025,0,0,21,1348,6,265,21,1613,California
San Benito,2021-01-17,11,1889,5,858,6,1031,0,0,8,1353,3,268,8,1621,California
San Benito,2021-01-18,36,1925,23,881,13,1044,0,0,21,1359,15,283,21,1642,California
San Benito,2021-01-19,152,2077,65,946,87,1131,0,0,125,1457,27,310,125,1767,California
San Benito,2021-01-20,275,2352,94,1040,181,1312,0,0,229,1641,45,355,229,1996,California
San Benito,2021-01-21,125,2477,32,1072,93,1405,0,0,100,1716,25,380,100,2096,California
San Benito,2021-01-22,231,2708,19,1091,212,1617,0,0,221,1927,10,390,221,2317,California
San Benito,2021-01-23,31,2739,17,1108,14,1631,0,0,13,1922,18,408,13,2330,California
San Benito,2021-01-24,11,2750,3,1111,8,1639,0,0,7,1925,4,412,7,2337,California
San Benito,2021-01-25,67,2817,25,1136,42,1681,0,0,21,1900,46,458,21,2358,California
San Benito,2021-01-26,134,2951,41,1177,93,1774,0,0,81,1928,53,511,81,2439,California
San Benito,2021-01-27,230,3181,69,1246,161,1935,0,0,190,2078,40,551,190,2629,California
San Benito,2021-01-28,155,3336,32,1278,123,2058,0,0,123,2170,31,582,123,2752,California
San Benito,2021-01-29,284,3620,31,1309,253,2311,0,0,261,2409,22,604,261,3013,California
San Benito,2021-01-30,50,3670,31,1340,19,2330,0,0,28,2415,22,626,28,3041,California
San Benito,2021-01-31,16,3686,5,1345,11,2341,0,0,11,2421,5,631,11,3052,California
San Benito,2021-02-01,133,3819,28,1373,105,2446,0,0,89,2466,44,675,89,3141,California
San Benito,2021-02-02,226,4045,49,1422,177,2623,0,0,136,2512,90,765,136,3277,California
San Benito,2021-02-03,336,4381,42,1464,294,2917,0,0,272,2720,64,829,272,3549,California
San Benito,2021-02-04,162,4543,24,1488,138,3055,0,0,118,2794,44,873,118,3667,California
San Benito,2021-02-05,289,4832,40,1528,249,3304,0,0,227,2959,62,935,227,3894,California
San Benito,2021-02-06,49,4881,9,1537,40,3344,0,0,32,2974,17,952,32,3926,California
San Benito,2021-02-07,15,4896,7,1544,8,3352,0,0,14,2987,1,953,14,3940,California
San Benito,2021-02-08,138,5034,15,1559,123,3475,0,0,92,3033,46,999,92,4032,California
San Benito,2021-02-09,327,5361,64,1623,263,3738,0,0,194,3094,133,1132,194,4226,California
San Benito,2021-02-10,319,5680,88,1711,231,3969,0,0,111,2998,207,1339,111,4337,California
San Benito,2021-02-11,296,5976,32,1743,264,4233,0,0,198,3098,98,1437,198,4535,California
San Benito,2021-02-12,412,6388,30,1773,382,4615,0,0,207,3101,204,1641,207,4742,California
San Benito,2021-02-13,57,6445,8,1781,49,4664,0,0,43,3130,14,1655,43,4785,California
San Benito,2021-02-14,40,6485,5,1786,35,4699,0,0,30,3150,10,1665,30,4815,California
San Benito,2021-02-15,106,6591,9,1795,97,4796,0,0,95,3234,11,1676,95,4910,California
San Benito,2021-02-16,205,6796,11,1806,194,4990,0,0,101,3231,104,1780,101,5011,California
San Benito,2021-02-17,327,7123,30,1836,297,5287,0,0,278,3460,49,1829,278,5289,California
San Benito,2021-02-18,293,7416,38,1874,255,5542,0,0,72,3311,221,2050,72,5361,California
San Benito,2021-02-19,342,7758,45,1919,297,5839,0,0,177,3323,165,2215,177,5538,California
San Benito,2021-02-20,45,7803,26,1945,19,5858,0,0,36,3350,9,2224,36,5574,California
San Benito,2021-02-21,23,7826,8,1953,15,5873,0,0,14,3355,9,2233,14,5588,California
San Benito,2021-02-22,132,7958,36,1989,96,5969,0,0,98,3420,33,2266,98,5686,California
San Benito,2021-02-23,374,8332,92,2081,282,6251,0,0,262,3570,112,2378,262,5948,California
San Benito,2021-02-24,377,8709,63,2144,314,6565,0,0,237,3667,140,2518,237,6185,California
San Benito,2021-02-25,392,9101,63,2207,329,6894,0,0,271,3815,123,2641,271,6456,California
San Benito,2021-02-26,640,9741,72,2279,568,7462,0,0,397,3969,243,2884,397,6853,California
San Benito,2021-02-27,98,9839,36,2315,62,7524,0,0,83,4037,15,2899,83,6936,California
San Benito,2021-02-28,248,10087,24,2339,224,7748,0,0,239,4267,9,2908,239,7175,California
San Benito,2021-03-01,224,10311,59,2398,165,7913,0,0,155,4352,70,2978,155,7330,California
San Benito,2021-03-02,276,10587,90,2488,186,8099,0,0,206,4488,70,3048,206,7536,California
San Benito,2021-03-03,394,10981,58,2546,336,8435,0,0,218,4532,174,3222,218,7754,California
San Benito,2021-03-04,610,11591,124,2670,471,8906,15,15,429,4784,181,3403,433,8187,California
San Benito,2021-03-05,581,12172,305,2975,264,9170,12,27,373,4962,207,3610,385,8572,California
San Benito,2021-03-06,191,12363,67,3042,110,9280,14,41,139,5063,52,3662,153,8725,California
San Benito,2021-03-07,647,13010,603,3645,22,9302,22,63,615,5668,32,3694,637,9362,California
San Benito,2021-03-08,288,13298,65,3710,177,9479,46,109,167,5760,121,3815,213,9575,California
San Benito,2021-03-09,423,13721,84,3794,240,9719,99,208,137,5684,285,4100,209,9784,California
San Benito,2021-03-10,402,14123,114,3908,193,9912,95,303,232,5841,170,4270,327,10111,California
San Benito,2021-03-11,467,14590,119,4027,196,10108,152,455,206,5938,261,4531,358,10469,California
San Benito,2021-03-12,511,15101,117,4144,300,10408,94,549,229,5982,280,4811,324,10793,California
San Benito,2021-03-13,202,15303,102,4246,82,10490,18,567,128,6057,71,4882,146,10939,California
San Benito,2021-03-14,232,15535,40,4286,172,10662,20,587,180,6206,51,4933,200,11139,California
San Benito,2021-03-15,325,15860,100,4386,206,10868,19,606,191,6282,134,5067,210,11349,California
San Benito,2021-03-16,497,16357,219,4605,247,11115,31,637,350,6515,147,5214,380,11729,California
San Benito,2021-03-17,785,17142,476,5081,288,11403,21,658,559,6865,222,5436,572,12301,California
San Benito,2021-03-18,786,17928,524,5605,207,11610,55,713,572,7271,212,5648,618,12919,California
San Benito,2021-03-19,777,18705,404,6009,350,11960,23,736,577,7671,200,5848,600,13519,California
San Benito,2021-03-20,239,18944,147,6156,80,12040,12,748,183,7810,56,5904,195,13714,California
San Benito,2021-03-21,108,19052,56,6212,47,12087,5,753,81,7869,27,5931,86,13800,California
San Benito,2021-03-22,344,19396,171,6383,148,12235,25,778,221,7992,123,6054,246,14046,California
San Benito,2021-03-23,475,19871,197,6580,268,12503,10,788,215,7956,260,6314,224,14270,California
San Benito,2021-03-24,575,20446,305,6885,263,12766,7,795,360,8109,214,6528,367,14637,California
San Benito,2021-03-25,741,21187,441,7326,296,13062,4,799,442,8260,295,6823,446,15083,California
San Benito,2021-03-26,1001,22188,518,7844,480,13542,3,802,333,7929,667,7490,336,15419,California
San Benito,2021-03-27,332,22520,184,8028,115,13657,33,835,215,8061,116,7606,248,15667,California
San Benito,2021-03-28,692,23212,570,8598,117,13774,5,840,126,7626,566,8172,131,15798,California
San Benito,2021-03-29,344,23556,110,8708,214,13988,20,860,149,7599,195,8367,168,15966,California
San Benito,2021-03-30,572,24128,268,8976,210,14198,94,954,288,7697,284,8651,382,16348,California
San Benito,2021-03-31,583,24711,356,9332,203,14401,24,978,334,7808,247,8898,358,16706,California
San Benito,2021-04-01,931,25642,372,9704,521,14922,38,1016,555,8020,375,9273,587,17293,California
San Benito,2021-04-02,539,26181,263,9967,141,15063,135,1151,266,8148,273,9546,401,17694,California
San Benito,2021-04-03,252,26433,87,10054,103,15166,62,1213,74,8106,178,9724,136,17830,California
San Benito,2021-04-04,144,26577,109,10163,30,15196,5,1218,107,8181,37,9761,112,17942,California
San Benito,2021-04-05,351,26928,170,10333,139,15335,42,1260,143,8157,208,9969,184,18126,California
San Benito,2021-04-06,459,27387,160,10493,124,15459,175,1435,155,8183,304,10273,330,18456,California
San Benito,2021-04-07,922,28309,521,11014,212,15671,189,1624,254,7959,667,10940,443,18899,California
San Benito,2021-04-08,848,29157,425,11439,173,15844,250,1874,216,7794,631,11571,466,19365,California
San Benito,2021-04-09,836,29993,495,11934,250,16094,91,1965,287,7623,549,12120,378,19743,California
San Benito,2021-04-10,325,30318,197,12131,71,16165,57,2022,180,7715,145,12265,237,19980,California
San Benito,2021-04-11,470,30788,270,12401,167,16332,33,2055,259,7780,211,12476,276,20256,California
San Benito,2021-04-12,527,31315,287,12688,129,16461,111,2166,276,7914,250,12726,384,20640,California
San Benito,2021-04-13,755,32070,293,12981,439,16900,23,2189,526,8236,228,12954,550,21190,California
San Benito,2021-04-14,830,32900,653,13634,177,17077,0,2189,396,8203,429,13383,396,21586,California
San Benito,2021-04-15,940,33840,732,14366,207,17284,1,2190,468,8201,471,13854,469,22055,California
San Benito,2021-04-16,696,34536,364,14730,323,17607,9,2199,291,8099,402,14256,300,22355,California
San Benito,2021-04-17,316,34852,227,14957,89,17696,0,2199,128,8039,188,14444,128,22483,California
San Benito,2021-04-18,491,35343,410,15367,81,17777,0,2199,241,8031,250,14694,242,22725,California
San Benito,2021-04-19,727,36070,586,15953,141,17918,0,2199,411,8128,315,15009,412,23137,California
San Benito,2021-04-20,746,36816,398,16351,347,18265,1,2200,475,8337,266,15275,475,23612,California
San Benito,2021-04-21,954,37770,703,17054,251,18516,0,2200,522,8441,418,15693,522,24134,California
San Benito,2021-04-22,891,38661,690,17744,201,18717,0,2200,566,8690,317,16010,566,24700,California
San Benito,2021-04-23,625,39286,395,18139,229,18946,1,2201,339,8793,237,16247,340,25040,California
San Benito,2021-04-24,349,39635,196,18335,153,19099,0,2201,159,8802,150,16397,159,25199,California
San Benito,2021-04-25,198,39833,121,18456,77,19176,0,2201,87,8797,92,16489,87,25286,California
San Benito,2021-04-26,471,40304,375,18831,96,19272,0,2201,251,8888,160,16649,251,25537,California
San Benito,2021-04-27,524,40828,265,19096,252,19524,7,2208,395,9171,119,16768,402,25939,California
San Benito,2021-04-28,536,41364,379,19475,148,19672,9,2217,374,9396,157,16925,382,26321,California
San Benito,2021-04-29,619,41983,228,19703,381,20053,10,2227,247,9298,372,17297,274,26595,California
San Benito,2021-04-30,370,42353,205,19908,158,20211,7,2234,199,9335,169,17466,206,26801,California
San Benito,2021-05-01,192,42545,141,20049,43,20254,8,2242,65,9283,125,17591,73,26874,California
San Benito,2021-05-02,189,42734,161,20210,24,20278,4,2246,57,9212,132,17723,61,26935,California
San Benito,2021-05-03,354,43088,277,20487,67,20345,10,2256,83,9036,271,17994,95,27030,California
San Benito,2021-05-04,388,43476,239,20726,142,20487,7,2263,147,8952,239,18233,155,27185,California
San Benito,2021-05-05,508,43984,378,21104,117,20604,13,2276,177,8812,330,18563,190,27375,California
San Benito,2021-05-06,450,44434,369,21473,70,20674,11,2287,138,8652,310,18873,150,27525,California
San Benito,2021-05-07,266,44700,175,21648,82,20756,9,2296,98,8592,167,19040,107,27632,California
San Bernardino,2020-12-15,13,13,13,13,0,0,0,0,13,13,0,0,13,13,California
San Bernardino,2020-12-16,107,120,107,120,0,0,0,0,107,120,0,0,107,120,California
San Bernardino,2020-12-17,2354,2474,2354,2474,0,0,0,0,2354,2474,0,0,2354,2474,California
San Bernardino,2020-12-18,3146,5620,3143,5617,3,3,0,0,3147,5621,0,0,3147,5621,California
San Bernardino,2020-12-19,1069,6689,1068,6685,1,4,0,0,1070,6691,0,0,1070,6691,California
San Bernardino,2020-12-20,1175,7864,1173,7858,2,6,0,0,1175,7866,0,0,1175,7866,California
San Bernardino,2020-12-21,2453,10317,2448,10306,5,11,0,0,2453,10319,0,0,2453,10319,California
San Bernardino,2020-12-22,2269,12586,2143,12449,126,137,0,0,2270,12589,0,0,2270,12589,California
San Bernardino,2020-12-23,2649,15235,1456,13905,1193,1330,0,0,2647,15236,0,0,2647,15236,California
San Bernardino,2020-12-24,1157,16392,581,14486,576,1906,0,0,1159,16395,0,0,1159,16395,California
San Bernardino,2020-12-25,75,16467,14,14500,61,1967,0,0,75,16470,0,0,75,16470,California
San Bernardino,2020-12-26,462,16929,254,14754,208,2175,0,0,462,16932,0,0,462,16932,California
San Bernardino,2020-12-27,343,17272,160,14914,183,2358,0,0,343,17275,0,0,343,17275,California
San Bernardino,2020-12-28,1569,18841,713,15627,856,3214,0,0,1570,18845,0,0,1570,18845,California
San Bernardino,2020-12-29,2209,21050,1042,16669,1167,4381,0,0,2209,21054,0,0,2209,21054,California
San Bernardino,2020-12-30,2895,23945,1459,18128,1436,5817,0,0,2896,23950,0,0,2896,23950,California
San Bernardino,2020-12-31,1357,25302,439,18567,918,6735,0,0,1355,25305,0,0,1355,25305,California
San Bernardino,2021-01-01,282,25584,150,18717,132,6867,0,0,281,25586,0,0,281,25586,California
San Bernardino,2021-01-02,476,26060,339,19056,137,7004,0,0,476,26062,0,0,476,26062,California
San Bernardino,2021-01-03,135,26195,85,19141,50,7054,0,0,135,26197,0,0,135,26197,California
San Bernardino,2021-01-04,2122,28317,1288,20429,834,7888,0,0,2121,28318,0,0,2121,28318,California
San Bernardino,2021-01-05,2336,30653,1461,21890,875,8763,0,0,2226,30435,109,109,2226,30544,California
San Bernardino,2021-01-06,3437,34090,2353,24243,1084,9847,0,0,2942,32889,489,598,2943,33487,California
San Bernardino,2021-01-07,5418,39508,4504,28747,914,10761,0,0,2486,32462,2913,3511,2486,35973,California
San Bernardino,2021-01-08,5368,44876,4446,33193,922,11683,0,0,2291,31681,3073,6584,2292,38265,California
San Bernardino,2021-01-09,1401,46277,1100,34293,301,11984,0,0,905,32090,496,7080,905,39170,California
San Bernardino,2021-01-10,1024,47301,597,34890,427,12411,0,0,576,32218,448,7528,576,39746,California
San Bernardino,2021-01-11,4981,52282,4075,38965,906,13317,0,0,2767,32774,2211,9739,2767,42513,California
San Bernardino,2021-01-12,4231,56513,3218,42183,1013,14330,0,0,2517,33578,1713,11452,2517,45030,California
San Bernardino,2021-01-13,4562,61075,2850,45033,1712,16042,0,0,3339,35708,1210,12662,3340,48370,California
San Bernardino,2021-01-14,4789,65864,2815,47848,1974,18016,0,0,4207,39337,578,13240,4207,52577,California
San Bernardino,2021-01-15,5986,71850,2978,50826,3008,21024,0,0,5589,44542,387,13627,5592,58169,California
San Bernardino,2021-01-16,2261,74111,1294,52120,967,21991,0,0,2119,46519,142,13769,2119,60288,California
San Bernardino,2021-01-17,1191,75302,517,52637,674,22665,0,0,1101,47533,89,13858,1103,61391,California
San Bernardino,2021-01-18,4271,79573,2639,55276,1632,24297,0,0,3649,50564,621,14479,3652,65043,California
San Bernardino,2021-01-19,6308,85881,3707,58983,2601,26898,0,0,5216,54692,1090,15569,5218,70261,California
San Bernardino,2021-01-20,6810,92691,3741,62724,3069,29967,0,0,4877,57646,1925,17494,4879,75140,California
San Bernardino,2021-01-21,5984,98675,3078,65802,2906,32873,0,0,4866,61406,1109,18603,4869,80009,California
San Bernardino,2021-01-22,6519,105194,3052,68854,3467,36340,0,0,5796,66482,721,19324,5797,85806,California
San Bernardino,2021-01-23,3110,108304,1893,70747,1217,37557,0,0,2720,68813,389,19713,2720,88526,California
San Bernardino,2021-01-24,1194,109498,461,71208,733,38290,0,0,1093,69805,101,19814,1093,89619,California
San Bernardino,2021-01-25,6876,116374,3400,74608,3476,41766,0,0,5023,72981,1850,21664,5026,94645,California
San Bernardino,2021-01-26,7107,123481,3569,78177,3538,45304,0,0,5011,75897,2096,23760,5012,99657,California
San Bernardino,2021-01-27,8489,131970,4146,82323,4343,49647,0,0,5694,78804,2787,26547,5694,105351,California
San Bernardino,2021-01-28,8589,140559,4081,86404,4508,54155,0,0,6263,82746,2321,28868,6263,111614,California
San Bernardino,2021-01-29,8185,148744,3771,90175,4414,58569,0,0,6217,87010,1954,30822,6218,117832,California
San Bernardino,2021-01-30,3092,151836,1900,92075,1192,59761,0,0,2804,89527,287,31109,2804,120636,California
San Bernardino,2021-01-31,923,152759,493,92568,430,60191,0,0,869,90343,53,31162,869,121505,California
San Bernardino,2021-02-01,7543,160302,4231,96799,3312,63503,0,0,4922,92647,2618,33780,4922,126427,California
San Bernardino,2021-02-02,10422,170724,3652,100451,6770,70273,0,0,8359,98948,2059,35839,8360,134787,California
San Bernardino,2021-02-03,8988,179712,4146,104597,4842,75115,0,0,6491,102951,2489,38328,6492,141279,California
San Bernardino,2021-02-04,10524,190236,5199,109796,5325,80440,0,0,7417,107272,3096,41424,7417,148696,California
San Bernardino,2021-02-05,10997,201233,5913,115709,5084,85524,0,0,7470,111227,3516,44940,7471,156167,California
San Bernardino,2021-02-06,5255,206488,2207,117916,3048,88572,0,0,3616,113232,1614,46554,3619,159786,California
San Bernardino,2021-02-07,844,207332,490,118406,354,88926,0,0,466,113324,375,46929,467,160253,California
San Bernardino,2021-02-08,7275,214607,3878,122284,3397,92323,0,0,5607,117266,1665,48594,5607,165860,California
San Bernardino,2021-02-09,9904,224511,5812,128096,4092,96415,0,0,6675,120718,3226,51820,6678,172538,California
San Bernardino,2021-02-10,12012,236523,6532,134628,5480,101895,0,0,7839,124396,4162,55982,7840,180378,California
San Bernardino,2021-02-11,12375,248898,7106,141734,5269,107164,0,0,7883,127813,4469,60451,7886,188264,California
San Bernardino,2021-02-12,10388,259286,5933,147667,4455,111619,0,0,5677,128794,4696,65147,5677,193941,California
San Bernardino,2021-02-13,6023,265309,4002,151669,2021,113640,0,0,3783,130358,2224,67371,3788,197729,California
San Bernardino,2021-02-14,1549,266858,650,152319,899,114539,0,0,872,130561,669,68040,872,198601,California
San Bernardino,2021-02-15,5457,272315,2994,155313,2463,117002,0,0,3054,131226,2389,70429,3054,201655,California
San Bernardino,2021-02-16,12599,284914,7373,162686,5226,122228,0,0,7959,134559,4627,75056,7960,209615,California
San Bernardino,2021-02-17,11784,296698,6451,169137,5333,127561,0,0,7137,137068,4630,79686,7139,216754,California
San Bernardino,2021-02-18,12463,309161,7591,176728,4872,132433,0,0,7704,140029,4744,84430,7705,224459,California
San Bernardino,2021-02-19,11498,320659,5932,182660,5566,137999,0,0,6806,142161,4674,89104,6806,231265,California
San Bernardino,2021-02-20,4512,325171,3465,186125,1047,139046,0,0,2040,141734,2469,91573,2042,233307,California
San Bernardino,2021-02-21,1039,326210,582,186707,457,139503,0,0,330,141355,709,92282,330,233637,California
San Bernardino,2021-02-22,8634,334844,5323,192030,3311,142814,0,0,4034,140801,4589,96871,4035,237672,California
San Bernardino,2021-02-23,9090,343934,5418,197448,3672,146486,0,0,4572,140886,4487,101358,4572,242244,California
San Bernardino,2021-02-24,12357,356291,7155,204603,5202,151688,0,0,6087,140729,6245,107603,6088,248332,California
San Bernardino,2021-02-25,13000,369291,6267,210870,6733,158421,0,0,7562,142874,5420,113023,7565,255897,California
San Bernardino,2021-02-26,13545,382836,6369,217239,7176,165597,0,0,7540,144473,5943,118966,7542,263439,California
San Bernardino,2021-02-27,6610,389446,3677,220916,2932,168529,1,1,4787,147450,1811,120777,4788,268227,California
San Bernardino,2021-02-28,1740,391186,712,221628,1028,169557,0,1,1123,147961,612,121389,1123,269350,California
San Bernardino,2021-03-01,8411,399597,4339,225967,4070,173627,2,3,3835,147252,4554,125943,3845,273195,California
San Bernardino,2021-03-02,13651,413248,5366,231333,8285,181912,0,3,6425,146483,7197,133140,6428,279623,California
San Bernardino,2021-03-03,12677,425925,6440,237773,6234,188146,3,6,5876,145586,6782,139922,5885,285508,California
San Bernardino,2021-03-04,13681,439606,6861,244634,6820,194966,0,6,5950,143829,7710,147632,5953,291461,California
San Bernardino,2021-03-05,14194,453800,7353,251987,6840,201806,1,7,6874,143432,7290,154922,6893,298354,California
San Bernardino,2021-03-06,9652,463452,5401,257388,4036,205842,215,222,4526,143060,5111,160033,4739,303093,California
San Bernardino,2021-03-07,1572,465024,928,258316,589,206431,55,277,1001,143547,569,160602,1056,304149,California
San Bernardino,2021-03-08,7995,473019,3505,261821,4330,210761,160,437,3523,142769,4465,165067,3687,307836,California
San Bernardino,2021-03-09,12605,485624,7035,268856,5326,216087,244,681,4859,140140,7733,172800,5104,312940,California
San Bernardino,2021-03-10,14002,499626,7686,276542,5782,221869,534,1215,6196,139095,7779,180579,6734,319674,California
San Bernardino,2021-03-11,15237,514863,7130,283672,6539,228408,1568,2783,7263,139969,7953,188532,8827,328501,California
San Bernardino,2021-03-12,15271,530134,6815,290487,6420,234828,2036,4819,7283,141375,7959,196491,9365,337866,California
San Bernardino,2021-03-13,8275,538409,4494,294981,3270,238098,511,5330,4898,143420,3366,199857,5411,343277,California
San Bernardino,2021-03-14,3221,541630,1615,296596,1032,239130,574,5904,1839,144451,1376,201233,2407,345684,California
San Bernardino,2021-03-15,11335,552965,5332,301928,3972,243102,2031,7935,5552,146256,5771,207004,7576,353260,California
San Bernardino,2021-03-16,16093,569058,7982,309910,7166,250268,945,8880,9833,150795,6235,213239,10774,364034,California
San Bernardino,2021-03-17,17089,586147,8585,318495,7756,258024,748,9628,10291,155054,6781,220020,11040,375074,California
San Bernardino,2021-03-18,16504,602651,8188,326683,7932,265956,384,10012,9783,158525,6695,226715,10166,385240,California
San Bernardino,2021-03-19,16828,619479,8337,335020,7903,273859,588,10600,9657,161676,7147,233862,10298,395538,California
San Bernardino,2021-03-20,9383,628862,5914,340934,2883,276742,586,11186,5566,164031,3793,237655,6148,401686,California
San Bernardino,2021-03-21,2757,631619,2242,343176,467,277209,48,11234,2228,165790,517,238172,2276,403962,California
San Bernardino,2021-03-22,9567,641186,4494,347670,4638,281847,435,11669,6938,170551,2612,240784,7373,411335,California
San Bernardino,2021-03-23,15442,656628,8758,356428,6063,287910,621,12290,9665,175079,5757,246541,10285,421620,California
San Bernardino,2021-03-24,15008,671636,7776,364204,6933,294843,299,12589,9986,180378,4987,251528,10286,431906,California
San Bernardino,2021-03-25,16941,688577,8297,372501,8347,303190,297,12886,10764,185306,6129,257657,11057,442963,California
San Bernardino,2021-03-26,17952,706529,8588,381089,8597,311787,767,13653,10912,189974,7011,264668,11679,454642,California
San Bernardino,2021-03-27,10725,717254,6905,387994,3070,314857,750,14403,6148,192310,4561,269229,6897,461539,California
San Bernardino,2021-03-28,3536,720790,2472,390466,951,315808,113,14516,2498,193889,1031,270260,2610,464149,California
San Bernardino,2021-03-29,11691,732481,6072,396538,5222,321030,397,14913,7973,198558,3701,273961,8370,472519,California
San Bernardino,2021-03-30,16856,749337,9418,405956,6728,327758,710,15623,10851,204139,5973,279934,11554,484073,California
San Bernardino,2021-03-31,16218,765555,9147,415103,6440,334198,631,16254,10856,210288,5336,285270,11485,495558,California
San Bernardino,2021-04-01,19436,784991,10246,425349,7832,342030,1358,17612,12539,217315,6862,292132,13889,509447,California
San Bernardino,2021-04-02,18600,803591,9336,434685,7995,350025,1269,18881,11269,222586,7307,299439,12578,522025,California
San Bernardino,2021-04-03,10952,814543,6834,441519,2995,353020,1123,20004,5998,224766,4938,304377,7118,529143,California
San Bernardino,2021-04-04,2451,816994,1488,443007,716,353736,247,20251,1249,225065,1197,305574,1496,530639,California
San Bernardino,2021-04-05,11713,828707,5261,448268,4726,358462,1726,21977,5999,227089,5695,311269,7719,538358,California
San Bernardino,2021-04-06,19632,848339,11041,459309,6488,364950,2103,24080,10427,230446,9169,320438,12526,550884,California
San Bernardino,2021-04-07,20787,869126,11127,470436,7209,372159,2451,26531,11391,234907,9369,329807,13830,564714,California
San Bernardino,2021-04-08,21592,890718,11067,481503,7935,380094,2590,29121,11952,239830,9613,339420,14536,579250,California
San Bernardino,2021-04-09,21511,912229,10896,492399,8079,388173,2536,31657,11737,244355,9739,349159,14264,593514,California
San Bernardino,2021-04-10,15546,927775,8058,500457,3811,391984,3677,35334,7740,247978,7784,356943,11407,604921,California
San Bernardino,2021-04-11,4387,932162,2564,503021,883,392867,940,36274,2036,248606,2345,359288,2973,607894,California
San Bernardino,2021-04-12,13309,945471,6176,509197,5496,398363,1637,37911,6306,249562,6983,366271,7939,615833,California
San Bernardino,2021-04-13,19172,964643,10936,520133,8218,406581,18,37929,10984,252400,8165,374436,11003,626836,California
San Bernardino,2021-04-14,18951,983594,10244,530377,8704,415285,3,37932,10829,255140,8093,382529,10833,637669,California
San Bernardino,2021-04-15,20120,1003714,11295,541672,8820,424105,5,37937,10739,256539,9348,391877,10747,648416,California
San Bernardino,2021-04-16,18453,1022167,10513,552185,7939,432044,1,37938,9131,256387,9283,401160,9131,657547,California
San Bernardino,2021-04-17,11846,1034013,7822,560007,4024,436068,0,37938,6232,257035,5584,406744,6232,663779,California
San Bernardino,2021-04-18,2869,1036882,1966,561973,903,436971,0,37938,1310,256796,1549,408293,1310,665089,California
San Bernardino,2021-04-19,12434,1049316,6613,568586,5821,442792,0,37938,4827,254041,7586,415879,4831,669920,California
San Bernardino,2021-04-20,17501,1066817,9748,578334,7750,450542,3,37941,8011,252586,9469,425348,8014,677934,California
San Bernardino,2021-04-21,17924,1084741,10275,588609,7647,458189,2,37943,7976,250672,9892,435240,7978,685912,California
San Bernardino,2021-04-22,19067,1103808,10897,599506,8166,466355,4,37947,7830,247318,11188,446428,7834,693746,California
San Bernardino,2021-04-23,18355,1122163,10509,610015,7845,474200,1,37948,8095,245201,10215,456643,8098,701844,California
San Bernardino,2021-04-24,12768,1134931,9454,619469,3312,477512,2,37950,6885,246222,5866,462509,6887,708731,California
San Bernardino,2021-04-25,3405,1138336,2234,621703,1171,478683,0,37950,1688,246208,1703,464212,1689,710420,California
San Bernardino,2021-04-26,10028,1148364,5316,627019,4625,483308,87,38037,4288,244873,5709,469921,4374,714794,California
San Bernardino,2021-04-27,15401,1163765,9181,636200,6052,489360,168,38205,6256,242190,9107,479028,6424,721218,California
San Bernardino,2021-04-28,14620,1178385,8686,644886,5664,495024,270,38475,5258,238377,9332,488360,5519,726737,California
San Bernardino,2021-04-29,16027,1194412,9249,654135,6510,501534,268,38743,5323,233304,10662,499022,5589,732326,California
San Bernardino,2021-04-30,16401,1210813,10410,664545,5713,507247,278,39021,6015,229256,10338,509360,6290,738616,California
San Bernardino,2021-05-01,10638,1221451,8387,672932,1945,509192,306,39327,3644,226245,6958,516318,3947,742563,California
San Bernardino,2021-05-02,2907,1224358,2112,675044,672,509864,123,39450,1039,225546,1861,518179,1162,743725,California
San Bernardino,2021-05-03,9869,1234227,5726,680770,3746,513610,397,39847,2804,221708,7038,525217,3200,746925,California
San Bernardino,2021-05-04,15351,1249578,9353,690123,5554,519164,444,40291,4418,215675,10893,536110,4860,751785,California
San Bernardino,2021-05-05,8995,1258573,4789,694912,3952,523116,254,40545,2584,212128,6382,542492,2835,754620,California
San Bernardino,2021-05-06,9716,1268289,5572,700484,3875,526991,269,40814,2460,207627,7229,549721,2728,757348,California
San Bernardino,2021-05-07,8263,1276552,5249,705733,2822,529813,192,41006,2187,203962,6041,555762,2376,759724,California
San Diego,2020-12-15,119,119,119,119,0,0,0,0,119,119,0,0,119,119,California
San Diego,2020-12-16,1103,1222,1103,1222,0,0,0,0,1103,1222,0,0,1103,1222,California
San Diego,2020-12-17,2349,3571,2349,3571,0,0,0,0,2349,3571,0,0,2349,3571,California
San Diego,2020-12-18,3671,7242,3670,7241,1,1,0,0,3671,7242,0,0,3671,7242,California
San Diego,2020-12-19,2311,9553,2311,9552,0,1,0,0,2311,9553,0,0,2311,9553,California
San Diego,2020-12-20,1184,10737,1183,10735,1,2,0,0,1184,10737,0,0,1184,10737,California
San Diego,2020-12-21,3524,14261,3523,14258,1,3,0,0,3524,14261,0,0,3524,14261,California
San Diego,2020-12-22,4057,18318,3414,17672,643,646,0,0,4057,18318,0,0,4057,18318,California
San Diego,2020-12-23,3181,21499,1977,19649,1204,1850,0,0,3181,21499,0,0,3181,21499,California
San Diego,2020-12-24,2737,24236,2219,21868,518,2368,0,0,2737,24236,0,0,2737,24236,California
San Diego,2020-12-25,875,25111,874,22742,1,2369,0,0,875,25111,0,0,875,25111,California
San Diego,2020-12-26,3295,28406,2144,24886,1151,3520,0,0,3295,28406,0,0,3295,28406,California
San Diego,2020-12-27,2508,30914,1617,26503,891,4411,0,0,2507,30912,1,1,2507,30913,California
San Diego,2020-12-28,5900,36814,4213,30716,1687,6098,0,0,5900,36812,0,1,5900,36813,California
San Diego,2020-12-29,5590,42404,3016,33732,2574,8672,0,0,5590,42402,0,1,5590,42403,California
San Diego,2020-12-30,5954,48358,3109,36841,2845,11517,0,0,5954,48356,0,1,5954,48357,California
San Diego,2020-12-31,3036,51394,1053,37894,1983,13500,0,0,3036,51392,0,1,3036,51393,California
San Diego,2021-01-01,1006,52400,452,38346,554,14054,0,0,1006,52398,0,1,1006,52399,California
San Diego,2021-01-02,3762,56162,1320,39666,2442,16496,0,0,3762,56160,0,1,3762,56161,California
San Diego,2021-01-03,859,57021,632,40298,227,16723,0,0,858,57018,0,1,858,57019,California
San Diego,2021-01-04,3704,60725,2052,42350,1652,18375,0,0,3697,60715,0,1,3697,60716,California
San Diego,2021-01-05,4343,65068,2154,44504,2189,20564,0,0,3726,63840,613,614,3738,64454,California
San Diego,2021-01-06,4957,70025,2302,46806,2655,23219,0,0,3722,66354,1212,1826,3726,68180,California
San Diego,2021-01-07,5663,75688,2982,49788,2681,25900,0,0,3505,67714,2151,3977,3511,71691,California
San Diego,2021-01-08,7883,83571,4956,54744,2927,28827,0,0,4097,68058,3769,7746,4113,75804,California
San Diego,2021-01-09,3501,87072,1940,56684,1561,30388,0,0,1951,68482,1538,9284,1962,77766,California
San Diego,2021-01-10,1882,88954,1293,57977,589,30977,0,0,781,68183,1089,10373,790,78556,California
San Diego,2021-01-11,10335,99289,5863,63840,4472,35449,0,0,6806,71484,3522,13895,6823,85379,California
San Diego,2021-01-12,11206,110495,5319,69159,5887,41336,0,0,7832,76064,3365,17260,7945,93324,California
San Diego,2021-01-13,11488,121983,5033,74192,6455,47791,0,0,8941,82495,2534,19794,8965,102289,California
San Diego,2021-01-14,12369,134352,4753,78945,7616,55407,0,0,10200,90570,2160,21954,10235,112524,California
San Diego,2021-01-15,15133,149485,5356,84301,9777,65184,0,0,12491,100491,2623,24577,12544,125068,California
San Diego,2021-01-16,10770,160255,3595,87896,7175,72359,0,0,9324,108405,1441,26018,9355,134423,California
San Diego,2021-01-17,8685,168940,2502,90398,6183,78542,0,0,7846,115431,839,26857,7865,142288,California
San Diego,2021-01-18,12525,181465,5965,96363,6560,85102,0,0,9693,122387,2793,29650,9749,152037,California
San Diego,2021-01-19,14763,196228,5832,102195,8931,94033,0,0,11629,131156,3121,32771,11890,163927,California
San Diego,2021-01-20,18332,214560,6391,108586,11941,105974,0,0,15008,143036,3303,36074,15183,179110,California
San Diego,2021-01-21,17418,231978,5908,114494,11510,117484,0,0,16025,157826,1382,37456,16172,195282,California
San Diego,2021-01-22,17676,249654,4758,119252,12918,130402,0,0,15622,171509,2040,39496,15723,211005,California
San Diego,2021-01-23,14483,264137,5273,124525,9210,139612,0,0,12120,181335,2351,41847,12177,223182,California
San Diego,2021-01-24,11916,276053,3359,127884,8557,148169,0,0,10946,191348,968,42815,10981,234163,California
San Diego,2021-01-25,12265,288318,5795,133679,6470,154639,0,0,9247,197738,3011,45826,9401,243564,California
San Diego,2021-01-26,14957,303275,7659,141338,7298,161937,0,0,11643,206260,3309,49135,11831,255395,California
San Diego,2021-01-27,20768,324043,8131,149469,12637,174574,0,0,17673,220995,3081,52216,17816,273211,California
San Diego,2021-01-28,21308,345351,7651,157120,13657,188231,0,0,19041,237859,2257,54473,19121,292332,California
San Diego,2021-01-29,19715,365066,6467,163587,13248,201479,0,0,17290,252778,2415,56888,17334,309666,California
San Diego,2021-01-30,15906,380972,3667,167254,12239,213718,0,0,13224,263427,2672,59560,13321,322987,California
San Diego,2021-01-31,14802,395774,5755,173009,9047,222765,0,0,14445,277545,353,59913,14471,337458,California
San Diego,2021-02-01,20535,416309,7242,180251,13293,236058,0,0,17339,291779,3182,63095,17416,354874,California
San Diego,2021-02-02,23218,439527,8701,188952,14517,250575,0,0,19672,308082,3536,66631,19839,374713,California
San Diego,2021-02-03,27458,466985,11564,200516,15894,266469,0,0,23265,327359,4175,70806,23452,398165,California
San Diego,2021-02-04,24385,491370,10032,210548,14353,280822,0,0,19672,342613,4696,75502,19950,418115,California
San Diego,2021-02-05,25030,516400,8991,219539,16039,296861,0,0,18326,354701,6681,82183,18769,436884,California
San Diego,2021-02-06,20793,537193,8567,228106,12226,309087,0,0,17526,369186,3261,85444,17746,454630,California
San Diego,2021-02-07,12136,549329,5377,233483,6759,315846,0,0,10261,377849,1855,87299,10518,465148,California
San Diego,2021-02-08,20109,569438,8519,242002,11590,327436,0,0,12676,383790,7415,94714,13356,478504,California
San Diego,2021-02-09,20419,589857,8256,250258,12163,339599,0,0,13205,390868,7194,101908,14272,492776,California
San Diego,2021-02-10,23028,612885,9389,259647,13639,353238,0,0,13873,397010,9096,111004,15238,508014,California
San Diego,2021-02-11,23816,636701,10157,269804,13659,366897,0,0,12753,400406,11034,122038,14430,522444,California
San Diego,2021-02-12,23856,660557,7468,277272,16388,383285,0,0,11916,402657,11922,133960,14173,536617,California
San Diego,2021-02-13,20053,680610,9044,286316,11009,394294,0,0,10919,405647,9126,143086,12116,548733,California
San Diego,2021-02-14,11189,691799,7433,293749,3756,398050,0,0,6332,408772,4853,147939,7978,556711,California
San Diego,2021-02-15,15280,707079,7771,301520,7509,405559,0,0,7848,412381,7411,155350,11020,567731,California
San Diego,2021-02-16,19288,726367,11257,312777,8031,413590,0,0,9240,414913,10038,165388,12570,580301,California
San Diego,2021-02-17,23405,749772,10989,323766,12416,426006,0,0,8136,411339,15258,180646,11684,591985,California
San Diego,2021-02-18,23582,773354,12023,335789,11559,437565,0,0,7795,407948,15777,196423,12386,604371,California
San Diego,2021-02-19,15916,789270,10923,346712,4993,442558,0,0,6633,407411,9264,205687,8727,613098,California
San Diego,2021-02-20,10265,799535,6367,353079,3898,446456,0,0,5817,411010,4445,210132,8044,621142,California
San Diego,2021-02-21,11547,811082,10134,363213,1413,447869,0,0,5198,412136,6321,216453,7447,628589,California
San Diego,2021-02-22,12452,823534,10591,373804,1861,449730,0,0,5799,413704,6646,223099,8214,636803,California
San Diego,2021-02-23,25903,849437,14527,388331,11376,461106,0,0,9662,414011,16234,239333,16541,653344,California
San Diego,2021-02-24,28958,878395,12764,401095,16194,477300,0,0,6872,407311,22066,261399,15366,668710,California
San Diego,2021-02-25,33203,911598,14724,415819,18479,495779,0,0,10174,403809,23011,284410,19509,688219,California
San Diego,2021-02-26,33480,945078,12406,428225,21074,516853,0,0,12149,401831,21303,305713,19325,707544,California
San Diego,2021-02-27,21248,966326,9677,437902,11571,528424,0,0,11454,407944,9790,315503,15903,723447,California
San Diego,2021-02-28,15263,981589,9965,447867,5298,533722,0,0,9514,415443,5748,321251,13247,736694,California
San Diego,2021-03-01,24243,1005832,14316,462183,9926,543648,1,1,14736,425490,9431,330682,19478,756172,California
San Diego,2021-03-02,26157,1031989,14074,476257,12083,555731,0,1,12764,432535,13384,344066,20429,776601,California
San Diego,2021-03-03,33995,1065984,15918,492175,18074,573805,3,4,14077,434541,19902,363968,21908,798509,California
San Diego,2021-03-04,28322,1094306,14108,506283,14214,588019,0,4,12662,438901,15639,379607,19999,818508,California
San Diego,2021-03-05,28930,1123236,14831,521114,14017,602036,82,86,13484,444134,15431,395038,20664,839172,California
San Diego,2021-03-06,23363,1146599,9525,530639,13138,615174,700,786,10298,447303,13052,408090,16221,855393,California
San Diego,2021-03-07,18206,1164805,9298,539937,8337,623511,571,1357,6911,448038,11289,419379,12024,867417,California
San Diego,2021-03-08,23099,1187904,11228,551165,10971,634482,900,2257,11462,453705,11625,431004,17292,884709,California
San Diego,2021-03-09,25890,1213794,11980,563145,12155,646637,1755,4012,10134,455401,15745,446749,17441,902150,California
San Diego,2021-03-10,25298,1239092,10773,573918,12133,658770,2392,6404,9916,457726,15370,462119,17695,919845,California
San Diego,2021-03-11,28705,1267797,11030,584948,14077,672847,3598,10002,10046,457854,18641,480760,18769,938614,California
San Diego,2021-03-12,27074,1294871,9454,594402,14485,687332,3135,13137,9967,457395,17093,497853,16634,955248,California
San Diego,2021-03-13,25979,1320850,7301,601703,17074,704406,1604,14741,10077,457369,15899,513752,15873,971121,California
San Diego,2021-03-14,13769,1334619,5423,607126,7609,712015,737,15478,4791,456350,8970,522722,7951,979072,California
San Diego,2021-03-15,22023,1356642,10167,617293,11077,723092,779,16257,9032,456312,12975,535697,12937,992009,California
San Diego,2021-03-16,30007,1386649,15793,633086,13800,736892,414,16671,15754,461951,14231,549928,19870,1011879,California
San Diego,2021-03-17,26310,1412959,12214,645300,13387,750279,709,17380,16775,472398,9523,559451,19970,1031849,California
San Diego,2021-03-18,31498,1444457,17795,663095,12793,763072,910,18290,17023,478467,14444,573895,20513,1052362,California
San Diego,2021-03-19,30251,1474708,14362,677457,14897,777969,992,19282,19363,489663,10872,584767,22068,1074430,California
San Diego,2021-03-20,27845,1502553,8428,685885,17626,795595,1791,21073,21402,508028,6434,591201,24799,1099229,California
San Diego,2021-03-21,16534,1519087,12057,697942,3760,799355,717,21790,7703,510324,8818,600019,11114,1110343,California
San Diego,2021-03-22,22512,1541599,13148,711090,9117,808472,247,22037,14337,520049,8163,608182,17888,1128231,California
San Diego,2021-03-23,25980,1567579,13639,724729,12078,820550,263,22300,17157,530940,8808,616990,19699,1147930,California
San Diego,2021-03-24,29542,1597121,19759,744488,9420,829970,363,22663,17121,539222,12413,629403,20695,1168625,California
San Diego,2021-03-25,30317,1627438,18282,762770,11378,841348,657,23320,17985,547697,12315,641718,20790,1189415,California
San Diego,2021-03-26,32087,1659525,17903,780673,13627,854975,557,23877,17552,554268,14508,656226,21079,1210494,California
San Diego,2021-03-27,25443,1684968,10991,791664,14059,869034,393,24270,15721,562945,9706,665932,18383,1228877,California
San Diego,2021-03-28,15035,1700003,9193,800857,5786,874820,56,24326,9280,568010,5750,671682,10815,1239692,California
San Diego,2021-03-29,26668,1726671,12904,813761,13168,887988,596,24922,16445,577271,10214,681896,19475,1259167,California
San Diego,2021-03-30,33224,1759895,17900,831661,14554,902542,770,25692,22048,590783,11164,693060,24676,1283843,California
San Diego,2021-03-31,30379,1790274,18759,850420,10966,913508,654,26346,20611,603432,9751,702811,22400,1306243,California
San Diego,2021-04-01,34244,1824518,20060,870480,12795,926303,1389,27735,23251,618443,10966,713777,25977,1332220,California
San Diego,2021-04-02,35597,1860115,20653,891133,12322,938625,2622,30357,24111,635123,11466,725243,28146,1360366,California
San Diego,2021-04-03,30772,1890887,14428,905561,11783,950408,4561,34918,19688,649738,11073,736316,25688,1386054,California
San Diego,2021-04-04,9031,1899918,5204,910765,2927,953335,900,35818,4824,651514,4202,740518,5978,1392032,California
San Diego,2021-04-05,29652,1929570,15402,926167,11698,965033,2552,38370,19398,665969,10239,750757,24694,1416726,California
San Diego,2021-04-06,38602,1968172,20384,946551,12447,977480,5771,44141,22345,680504,16242,766999,30777,1447503,California
San Diego,2021-04-07,35710,2003882,21974,968525,9266,986746,4470,48611,20448,692571,15238,782237,27305,1474808,California
San Diego,2021-04-08,35110,2038992,21356,989881,9691,996437,4063,52674,21309,706790,13781,796018,28000,1502808,California
San Diego,2021-04-09,38197,2077189,22803,1012684,10280,1006717,5114,57788,20827,719132,17299,813317,29641,1532449,California
San Diego,2021-04-10,29155,2106344,11781,1024465,13394,1020111,3980,61768,15172,727518,13970,827287,22356,1554805,California
San Diego,2021-04-11,16211,2122555,10069,1034534,3854,1023965,2288,64056,7285,731805,8922,836209,13209,1568014,California
San Diego,2021-04-12,30543,2153098,12815,1047349,13456,1037421,4272,68328,17065,743332,13462,849671,24989,1593003,California
San Diego,2021-04-13,37146,2190244,17769,1065118,19342,1056763,35,68363,24758,759457,12368,862039,28493,1621496,California
San Diego,2021-04-14,33010,2223254,18896,1084014,14103,1070866,11,68374,17871,768199,15123,877162,23865,1645361,California
San Diego,2021-04-15,39077,2262331,20325,1104339,18750,1089616,2,68376,23727,781192,15328,892490,28321,1673682,California
San Diego,2021-04-16,33382,2295713,18573,1122912,14808,1104424,1,68377,19373,789501,13942,906432,22251,1695933,California
San Diego,2021-04-17,27627,2323340,13486,1136398,14141,1118565,0,68377,12254,790268,15274,921706,16041,1711974,California
San Diego,2021-04-18,14240,2337580,8893,1145291,5344,1123909,3,68380,6662,792942,7565,929271,10239,1722213,California
San Diego,2021-04-19,26326,2363906,13453,1158744,12872,1136781,1,68381,12450,794450,13860,943131,15368,1737581,California
San Diego,2021-04-20,38748,2402654,17561,1176305,21187,1157968,0,68381,19830,800754,18898,962029,25202,1762783,California
San Diego,2021-04-21,34840,2437494,20830,1197135,14010,1171978,0,68381,16888,805534,17920,979949,22700,1785483,California
San Diego,2021-04-22,44353,2481847,22786,1219921,21561,1193539,6,68387,22192,812635,22121,1002070,29222,1814705,California
San Diego,2021-04-23,41998,2523845,25964,1245885,16032,1209571,2,68389,15604,812269,26367,1028437,26001,1840706,California
San Diego,2021-04-24,34305,2558150,18775,1264660,15515,1225086,15,68404,15432,816133,18844,1047281,22708,1863414,California
San Diego,2021-04-25,12438,2570588,7662,1272322,4776,1229862,0,68404,5849,817713,6581,1053862,8161,1871575,California
San Diego,2021-04-26,29939,2600527,14622,1286944,15193,1245055,124,68528,10070,816451,19862,1073724,18600,1890175,California
San Diego,2021-04-27,41451,2641978,22574,1309518,18477,1263532,400,68928,18174,820483,23250,1096974,27282,1917457,California
San Diego,2021-04-28,38117,2680095,22555,1332073,14922,1278454,640,69568,17297,825398,20794,1117768,25709,1943166,California
San Diego,2021-04-29,37849,2717944,24083,1356156,13149,1291603,617,70185,15274,827137,22546,1140314,24285,1967451,California
San Diego,2021-04-30,37802,2755746,23002,1379158,13832,1305435,968,71153,14763,827152,23015,1163329,23030,1990481,California
San Diego,2021-05-01,24227,2779973,10688,1389846,12914,1318349,625,71778,9514,827350,14702,1178031,14900,2005381,California
San Diego,2021-05-02,10676,2790649,7509,1397355,2602,1320951,565,72343,3266,824927,7405,1185436,4982,2010363,California
San Diego,2021-05-03,25246,2815895,12420,1409775,11689,1332640,1137,73480,9342,822861,15884,1201320,13818,2024181,California
San Diego,2021-05-04,31004,2846899,16855,1426630,12868,1345508,1281,74761,11220,822307,19768,1221088,19214,2043395,California
San Diego,2021-05-05,20394,2867293,11820,1438450,7772,1353280,802,75563,7885,823099,12498,1233586,13290,2056685,California
San Diego,2021-05-06,18789,2886082,11799,1450249,6604,1359884,386,75949,7588,825498,11192,1244778,13591,2070276,California
San Diego,2021-05-07,13736,2899818,10311,1460560,3157,1363041,268,76217,4439,826664,9287,1254065,10453,2080729,California
San Francisco,2020-12-15,7,7,7,7,0,0,0,0,7,7,0,0,7,7,California
San Francisco,2020-12-16,229,236,229,236,0,0,0,0,229,236,0,0,229,236,California
San Francisco,2020-12-17,393,629,393,629,0,0,0,0,393,629,0,0,393,629,California
San Francisco,2020-12-18,876,1505,875,1504,1,1,0,0,876,1505,0,0,876,1505,California
San Francisco,2020-12-19,601,2106,601,2105,0,1,0,0,601,2106,0,0,601,2106,California
San Francisco,2020-12-20,484,2590,484,2589,0,1,0,0,484,2590,0,0,484,2590,California
San Francisco,2020-12-21,1162,3752,1162,3751,0,1,0,0,1162,3752,0,0,1162,3752,California
San Francisco,2020-12-22,1401,5153,1367,5118,34,35,0,0,1401,5153,0,0,1401,5153,California
San Francisco,2020-12-23,1336,6489,1047,6165,289,324,0,0,1336,6489,0,0,1336,6489,California
San Francisco,2020-12-24,841,7330,503,6668,338,662,0,0,841,7330,0,0,841,7330,California
San Francisco,2020-12-25,34,7364,29,6697,5,667,0,0,34,7364,0,0,34,7364,California
San Francisco,2020-12-26,245,7609,151,6848,94,761,0,0,245,7609,0,0,245,7609,California
San Francisco,2020-12-27,274,7883,60,6908,214,975,0,0,274,7883,0,0,274,7883,California
San Francisco,2020-12-28,1269,9152,686,7594,583,1558,0,0,1269,9152,0,0,1269,9152,California
San Francisco,2020-12-29,1245,10397,623,8217,622,2180,0,0,1245,10397,0,0,1245,10397,California
San Francisco,2020-12-30,1486,11883,779,8996,707,2887,0,0,1486,11883,0,0,1486,11883,California
San Francisco,2020-12-31,963,12846,410,9406,553,3440,0,0,962,12845,0,0,962,12845,California
San Francisco,2021-01-01,83,12929,68,9474,15,3455,0,0,83,12928,0,0,83,12928,California
San Francisco,2021-01-02,334,13263,302,9776,32,3487,0,0,334,13262,0,0,334,13262,California
San Francisco,2021-01-03,295,13558,102,9878,193,3680,0,0,294,13555,1,1,294,13556,California
San Francisco,2021-01-04,1839,15397,1355,11233,484,4164,0,0,1836,15388,3,4,1836,15392,California
San Francisco,2021-01-05,2233,17630,1417,12650,816,4980,0,0,2198,17553,35,39,2200,17592,California
San Francisco,2021-01-06,1868,19498,1159,13809,709,5689,0,0,1603,18894,263,302,1604,19196,California
San Francisco,2021-01-07,2062,21560,1202,15011,860,6549,0,0,1606,20047,453,755,1606,20802,California
San Francisco,2021-01-08,2332,23892,1633,16644,699,7248,0,0,1496,20712,831,1586,1496,22298,California
San Francisco,2021-01-09,1389,25281,893,17537,496,7744,0,0,885,21095,504,2090,887,23185,California
San Francisco,2021-01-10,919,26200,541,18078,378,8122,0,0,460,21097,458,2548,460,23645,California
San Francisco,2021-01-11,2503,28703,1871,19949,632,8754,0,0,1401,21395,1103,3651,1401,25046,California
San Francisco,2021-01-12,3089,31792,2059,22008,1030,9784,0,0,1896,22100,1193,4844,1898,26944,California
San Francisco,2021-01-13,2826,34618,1601,23609,1225,11009,0,0,1996,23266,830,5674,1996,28940,California
San Francisco,2021-01-14,2441,37059,1099,24708,1342,12351,0,0,1881,24587,560,6234,1881,30821,California
San Francisco,2021-01-15,2742,39801,1147,25855,1595,13946,0,0,2350,26549,390,6624,2352,33173,California
San Francisco,2021-01-16,2254,42055,964,26819,1290,15236,0,0,2088,28472,166,6790,2089,35262,California
San Francisco,2021-01-17,1916,43971,530,27349,1386,16622,0,0,1702,29960,214,7004,1702,36964,California
San Francisco,2021-01-18,1378,45349,593,27942,785,17407,0,0,1114,30813,263,7267,1116,38080,California
San Francisco,2021-01-19,2576,47925,1474,29416,1102,18509,0,0,1827,31891,749,8016,1827,39907,California
San Francisco,2021-01-20,2743,50668,1118,30534,1625,20134,0,0,1993,33138,747,8763,1994,41901,California
San Francisco,2021-01-21,3308,53976,945,31479,2363,22497,0,0,2474,34780,832,9595,2474,44375,California
San Francisco,2021-01-22,3187,57163,644,32123,2543,25040,0,0,2745,37085,440,10035,2745,47120,California
San Francisco,2021-01-23,3091,60254,610,32733,2481,27521,0,0,2724,39444,366,10401,2725,49845,California
San Francisco,2021-01-24,2424,62678,363,33096,2061,29582,0,0,2195,41413,226,10627,2195,52040,California
San Francisco,2021-01-25,4581,67259,1779,34875,2802,32384,0,0,3034,42903,1545,12172,3035,55075,California
San Francisco,2021-01-26,4667,71926,2135,37010,2532,34916,0,0,3075,44391,1589,13761,3077,58152,California
San Francisco,2021-01-27,4425,76351,2072,39082,2353,37269,0,0,3077,46124,1344,15105,3077,61229,California
San Francisco,2021-01-28,3755,80106,1554,40636,2201,39470,0,0,2593,47560,1157,16262,2593,63822,California
San Francisco,2021-01-29,4720,84826,1681,42317,3039,42509,0,0,3450,49747,1263,17525,3450,67272,California
San Francisco,2021-01-30,3772,88598,1838,44155,1934,44443,0,0,3323,52626,448,17973,3327,70599,California
San Francisco,2021-01-31,2351,90949,824,44979,1527,45970,0,0,2199,54675,151,18124,2200,72799,California
San Francisco,2021-02-01,3795,94744,1528,46507,2267,48237,0,0,2891,56663,904,19028,2892,75691,California
San Francisco,2021-02-02,4645,99389,1963,48470,2682,50919,0,0,2882,57788,1757,20785,2882,78573,California
San Francisco,2021-02-03,5054,104443,2365,50835,2689,53608,0,0,3749,60235,1303,22088,3750,82323,California
San Francisco,2021-02-04,5025,109468,2434,53269,2591,56199,0,0,3860,62932,1163,23251,3860,86183,California
San Francisco,2021-02-05,5939,115407,3195,56464,2744,58943,0,0,4596,66188,1341,24592,4597,90780,California
San Francisco,2021-02-06,5474,120881,3655,60119,1819,60762,0,0,4574,69867,897,25489,4576,95356,California
San Francisco,2021-02-07,4330,125211,3180,63299,1150,61912,0,0,3753,73049,574,26063,3756,99112,California
San Francisco,2021-02-08,6701,131912,4613,67912,2088,64000,0,0,5486,77339,1198,27261,5488,104600,California
San Francisco,2021-02-09,5923,137835,3987,71899,1936,65936,0,0,4366,80153,1553,28814,4367,108967,California
San Francisco,2021-02-10,6866,144701,4176,76075,2690,68626,0,0,5067,83432,1791,30605,5070,114037,California
San Francisco,2021-02-11,6703,151404,3975,80050,2728,71354,0,0,4888,86509,1812,32417,4889,118926,California
San Francisco,2021-02-12,5314,156718,2666,82716,2648,74002,0,0,3478,88152,1835,34252,3478,122404,California
San Francisco,2021-02-13,4359,161077,2547,85263,1812,75814,0,0,3035,89865,1324,35576,3037,125441,California
San Francisco,2021-02-14,3414,164491,2241,87504,1173,76987,0,0,2289,91032,1124,36700,2291,127732,California
San Francisco,2021-02-15,2769,167260,1504,89008,1265,78252,0,0,1676,91617,1091,37791,1676,129408,California
San Francisco,2021-02-16,4992,172252,2727,91735,2265,80517,0,0,2956,92550,2029,39820,2962,132370,California
San Francisco,2021-02-17,5403,177655,2681,94416,2722,83239,0,0,2961,93080,2432,42252,2962,135332,California
San Francisco,2021-02-18,5373,183028,2631,97047,2742,85981,0,0,2804,93318,2569,44821,2807,138139,California
San Francisco,2021-02-19,5637,188665,2645,99692,2992,88973,0,0,2928,93545,2703,47524,2930,141069,California
San Francisco,2021-02-20,4522,193187,2180,101872,2342,91315,0,0,1703,92438,2811,50335,1704,142773,California
San Francisco,2021-02-21,2740,195927,1372,103244,1368,92683,0,0,1143,91991,1591,51926,1144,143917,California
San Francisco,2021-02-22,5101,201028,3176,106420,1925,94608,0,0,2566,92032,2527,54453,2568,146485,California
San Francisco,2021-02-23,5456,206484,3082,109502,2374,96982,0,0,2762,92106,2688,57141,2762,149247,California
San Francisco,2021-02-24,8980,215464,5082,114584,3898,100880,0,0,4790,92717,4180,61321,4791,154038,California
San Francisco,2021-02-25,9770,225234,6866,121450,2904,103784,0,0,6313,95578,3454,64775,6315,160353,California
San Francisco,2021-02-26,11916,237150,7729,129179,4187,107971,0,0,7063,97787,4855,69630,7064,167417,California
San Francisco,2021-02-27,8916,246066,5674,134853,3241,111212,1,1,4510,97908,4391,74021,4512,171929,California
San Francisco,2021-02-28,7719,253785,5542,140395,2177,113389,0,1,3829,97850,3888,77909,3830,175759,California
San Francisco,2021-03-01,10746,264531,7231,147626,3513,116902,2,3,5219,97568,5506,83415,5224,180983,California
San Francisco,2021-03-02,8887,273418,5671,153297,3216,120118,0,3,5152,98994,3727,87142,5153,186136,California
San Francisco,2021-03-03,11037,284455,6341,159638,4695,124813,1,4,6036,100044,4990,92132,6040,192176,California
San Francisco,2021-03-04,8649,293104,5438,165076,3211,128024,0,4,4874,101149,3769,95901,4874,197050,California
San Francisco,2021-03-05,8689,301793,5148,170224,3538,131562,3,7,5453,103386,3220,99121,5457,202507,California
San Francisco,2021-03-06,6889,308682,4438,174662,2242,133804,209,216,4231,105153,2670,101791,4437,206944,California
San Francisco,2021-03-07,5135,313817,3980,178642,1097,134901,58,274,2887,105837,2261,104052,2945,209889,California
San Francisco,2021-03-08,7150,320967,5175,183817,1789,136690,186,460,5594,110030,1587,105639,5780,215669,California
San Francisco,2021-03-09,6732,327699,3950,187767,2406,139096,376,836,4598,112860,2139,107778,4969,220638,California
San Francisco,2021-03-10,10406,338105,5892,193659,4015,143111,499,1335,6358,115692,4027,111805,6859,227497,California
San Francisco,2021-03-11,10041,348146,6352,200011,2727,145838,962,2297,6593,119807,3432,115237,7547,235044,California
San Francisco,2021-03-12,10747,358893,6267,206278,3158,148996,1322,3619,5973,122347,4752,119989,7292,242336,California
San Francisco,2021-03-13,6583,365476,3834,210112,1692,150688,1057,4676,4073,124973,2502,122491,5128,247464,California
San Francisco,2021-03-14,7490,372966,4844,214956,2404,153092,242,4918,4041,125820,3436,125927,4283,251747,California
San Francisco,2021-03-15,11935,384901,9103,224059,1892,154984,940,5858,8265,131359,3657,129584,9196,260943,California
San Francisco,2021-03-16,12073,396974,8197,232256,3417,158401,459,6317,8784,137331,3270,132854,9242,270185,California
San Francisco,2021-03-17,13197,410171,8142,240398,4498,162899,557,6874,9524,143764,3644,136498,10077,280262,California
San Francisco,2021-03-18,9966,420137,6750,247148,2595,165494,621,7495,5676,145792,4265,140763,6293,286555,California
San Francisco,2021-03-19,12021,432158,8704,255852,2852,168346,465,7960,6402,147059,5595,146358,6862,293417,California
San Francisco,2021-03-20,8718,440876,6383,262235,1875,170221,460,8420,5200,149232,3489,149847,5662,299079,California
San Francisco,2021-03-21,6445,447321,5897,268132,413,170634,135,8555,3679,150293,2752,152599,3813,302892,California
San Francisco,2021-03-22,9739,457060,6832,274964,2064,172698,843,9398,5133,151681,4583,157182,5971,308863,California
San Francisco,2021-03-23,11153,468213,7373,282337,3133,175831,647,10045,6709,154621,4413,161595,7353,316216,California
San Francisco,2021-03-24,12282,480495,9391,291728,2356,178187,535,10580,6335,155579,5908,167503,6866,323082,California
San Francisco,2021-03-25,11815,492310,8643,300371,2609,180796,563,11143,5903,156197,5844,173347,6462,329544,California
San Francisco,2021-03-26,11857,504167,8201,308572,3426,184222,230,11373,6111,156820,5715,179062,6338,335882,California
San Francisco,2021-03-27,8639,512806,5761,314333,2530,186752,348,11721,3918,156382,4702,183764,4264,340146,California
San Francisco,2021-03-28,6582,519388,5246,319579,1294,188046,42,11763,3168,156198,3391,187155,3207,343353,California
San Francisco,2021-03-29,11370,530758,7873,327452,3314,191360,183,11946,5096,155228,6248,193403,5278,348631,California
San Francisco,2021-03-30,11496,542254,7181,334633,4025,195385,290,12236,6846,157739,4625,198028,7136,355767,California
San Francisco,2021-03-31,12097,554351,8025,342658,3776,199161,296,12532,5543,157049,6522,204550,5832,361599,California
San Francisco,2021-04-01,13730,568081,7290,349948,4799,203960,1641,14173,5972,156927,7726,212276,7604,369203,California
San Francisco,2021-04-02,14628,582709,6450,356398,6367,210327,1811,15984,6903,157928,7707,219983,8708,377911,California
San Francisco,2021-04-03,10401,593110,4789,361187,3825,214152,1787,17771,4820,158964,5568,225551,6604,384515,California
San Francisco,2021-04-04,8988,602098,4753,365940,2582,216734,1653,19424,3611,158864,5364,230915,5264,389779,California
San Francisco,2021-04-05,15912,618010,9754,375694,4283,221017,1875,21299,6358,157563,9528,240443,8227,398006,California
San Francisco,2021-04-06,15965,633975,9461,385155,4446,225463,2058,23357,6281,156235,9661,250104,8333,406339,California
San Francisco,2021-04-07,16757,650732,9972,395127,4562,230025,2223,25580,7054,155817,9682,259786,9264,415603,California
San Francisco,2021-04-08,14110,664842,6713,401840,3003,233028,4394,29974,4641,155392,9441,269227,9016,424619,California
San Francisco,2021-04-09,15685,680527,7580,409420,4774,237802,3331,33305,6665,156381,8991,278218,9980,434599,California
San Francisco,2021-04-10,13129,693656,5660,415080,5846,243648,1623,34928,7132,159154,5974,284192,8747,443346,California
San Francisco,2021-04-11,9964,703620,7458,422538,1336,244984,1170,36098,5198,160765,4754,288946,6365,449711,California
San Francisco,2021-04-12,10547,714167,6862,429400,2562,247546,1123,37221,4864,161086,5662,294608,5983,455694,California
San Francisco,2021-04-13,10688,724855,7269,436669,3407,250953,12,37233,5409,161252,5259,299867,5425,461119,California
San Francisco,2021-04-14,13266,738121,8006,444675,5259,256212,1,37234,6433,160884,6802,306669,6434,467553,California
San Francisco,2021-04-15,13639,751760,9469,454144,4169,260381,1,37235,8039,163355,5572,312241,8043,475596,California
San Francisco,2021-04-16,12883,764643,8684,462828,4155,264536,44,37279,7650,165845,5208,317449,7698,483294,California
San Francisco,2021-04-17,9991,774634,7277,470105,2713,267249,1,37280,7073,170020,2903,320352,7078,490372,California
San Francisco,2021-04-18,6574,781208,5026,475131,1547,268796,1,37281,4083,171634,2472,322824,4086,494458,California
San Francisco,2021-04-19,10803,792011,8106,483237,2692,271488,5,37286,6959,174779,3829,326653,6974,501432,California
San Francisco,2021-04-20,12258,804269,7159,490396,5098,276586,1,37287,8465,179475,3772,330425,8468,509900,California
San Francisco,2021-04-21,10489,814758,7492,497888,2993,279579,4,37291,6389,181795,4077,334502,6397,516297,California
San Francisco,2021-04-22,10372,825130,7682,505570,2689,282268,1,37292,5996,183445,4353,338855,6003,522300,California
San Francisco,2021-04-23,10307,835437,5936,511506,4371,286639,0,37292,6160,185490,4121,342976,6166,528466,California
San Francisco,2021-04-24,7958,843395,5491,516997,2467,289106,0,37292,4737,187033,3201,346177,4744,533210,California
San Francisco,2021-04-25,5035,848430,4340,521337,689,289795,6,37298,2955,187932,2065,348242,2964,536174,California
San Francisco,2021-04-26,7447,855877,5241,526578,2194,291989,12,37310,3664,187859,3760,352002,3687,539861,California
San Francisco,2021-04-27,7865,863742,5282,531860,2457,294446,126,37436,3920,187991,3923,355925,4055,543916,California
San Francisco,2021-04-28,9199,872941,6516,538376,2493,296939,190,37626,4763,188537,4412,360337,4958,548874,California
San Francisco,2021-04-29,9016,881957,5368,543744,3455,300394,193,37819,4344,188436,4650,364987,4549,553423,California
San Francisco,2021-04-30,10812,892769,5185,548929,5428,305822,199,38018,3976,185816,6800,371787,4180,557603,California
San Francisco,2021-05-01,6826,899595,3573,552502,3140,308962,113,38131,1637,182399,5169,376956,1752,559355,California
San Francisco,2021-05-02,5299,904894,3073,555575,2128,311090,98,38229,975,179160,4315,381271,1076,560431,California
San Francisco,2021-05-03,9596,914490,6546,562121,2880,313970,170,38399,2469,174716,7095,388366,2651,563082,California
San Francisco,2021-05-04,9184,923674,5896,568017,3052,317022,236,38635,2241,170283,6917,395283,2484,565566,California
San Francisco,2021-05-05,6295,929969,4126,572143,2022,319044,147,38782,1668,167512,4589,399872,1818,567384,California
San Francisco,2021-05-06,7937,937906,6316,578459,1293,320337,328,39110,1322,162573,6590,406462,1651,569035,California
San Francisco,2021-05-07,7667,945573,4598,583057,2935,323272,134,39244,1005,157067,6647,413109,1141,570176,California
San Joaquin,2020-12-15,12,12,12,12,0,0,0,0,12,12,0,0,12,12,California
San Joaquin,2020-12-16,306,318,306,318,0,0,0,0,306,318,0,0,306,318,California
San Joaquin,2020-12-17,312,630,312,630,0,0,0,0,312,630,0,0,312,630,California
San Joaquin,2020-12-18,522,1152,518,1148,4,4,0,0,522,1152,0,0,522,1152,California
San Joaquin,2020-12-19,188,1340,188,1336,0,4,0,0,188,1340,0,0,188,1340,California
San Joaquin,2020-12-20,113,1453,112,1448,1,5,0,0,113,1453,0,0,113,1453,California
San Joaquin,2020-12-21,490,1943,490,1938,0,5,0,0,490,1943,0,0,490,1943,California
San Joaquin,2020-12-22,967,2910,847,2785,120,125,0,0,966,2909,0,0,966,2909,California
San Joaquin,2020-12-23,975,3885,916,3701,59,184,0,0,973,3882,0,0,973,3882,California
San Joaquin,2020-12-24,215,4100,187,3888,28,212,0,0,214,4096,0,0,214,4096,California
San Joaquin,2020-12-25,14,4114,14,3902,0,212,0,0,14,4110,0,0,14,4110,California
San Joaquin,2020-12-26,102,4216,30,3932,72,284,0,0,102,4212,0,0,102,4212,California
San Joaquin,2020-12-27,42,4258,29,3961,13,297,0,0,42,4254,0,0,42,4254,California
San Joaquin,2020-12-28,621,4879,420,4381,201,498,0,0,621,4875,0,0,621,4875,California
San Joaquin,2020-12-29,797,5676,671,5052,126,624,0,0,797,5672,0,0,797,5672,California
San Joaquin,2020-12-30,1007,6683,715,5767,292,916,0,0,1005,6677,0,0,1005,6677,California
San Joaquin,2020-12-31,453,7136,202,5969,251,1167,0,0,453,7130,0,0,453,7130,California
San Joaquin,2021-01-01,19,7155,11,5980,8,1175,0,0,19,7149,0,0,19,7149,California
San Joaquin,2021-01-02,261,7416,239,6219,22,1197,0,0,261,7410,0,0,261,7410,California
San Joaquin,2021-01-03,37,7453,19,6238,18,1215,0,0,36,7445,1,1,36,7446,California
San Joaquin,2021-01-04,476,7929,338,6576,138,1353,0,0,474,7918,1,2,474,7920,California
San Joaquin,2021-01-05,976,8905,644,7220,332,1685,0,0,808,8594,168,170,844,8764,California
San Joaquin,2021-01-06,1220,10125,707,7927,513,2198,0,0,917,9216,298,468,920,9684,California
San Joaquin,2021-01-07,1070,11195,676,8603,394,2592,0,0,782,9714,285,753,783,10467,California
San Joaquin,2021-01-08,1191,12386,819,9422,372,2964,0,0,707,9942,483,1236,711,11178,California
San Joaquin,2021-01-09,375,12761,299,9721,76,3040,0,0,246,10059,129,1365,246,11424,California
San Joaquin,2021-01-10,223,12984,115,9836,108,3148,0,0,171,10178,52,1417,171,11595,California
San Joaquin,2021-01-11,1522,14506,1317,11153,205,3353,0,0,859,10442,662,2079,926,12521,California
San Joaquin,2021-01-12,1425,15931,1020,12173,405,3758,0,0,656,10403,765,2844,726,13247,California
San Joaquin,2021-01-13,1522,17453,891,13064,631,4389,0,0,951,10789,570,3414,956,14203,California
San Joaquin,2021-01-14,1650,19103,877,13941,773,5162,0,0,1312,11798,318,3732,1327,15530,California
San Joaquin,2021-01-15,1598,20701,620,14561,978,6140,0,0,1383,12990,201,3933,1393,16923,California
San Joaquin,2021-01-16,1141,21842,193,14754,948,7088,0,0,1113,14076,27,3960,1113,18036,California
San Joaquin,2021-01-17,1614,23456,130,14884,1484,8572,0,0,1576,15616,38,3998,1578,19614,California
San Joaquin,2021-01-18,736,24192,237,15121,499,9071,0,0,616,16116,116,4114,616,20230,California
San Joaquin,2021-01-19,1856,26048,886,16007,970,10041,0,0,1176,16623,675,4789,1182,21412,California
San Joaquin,2021-01-20,2075,28123,1279,17286,796,10837,0,0,1427,17413,643,5432,1433,22845,California
San Joaquin,2021-01-21,1963,30086,890,18176,1073,11910,0,0,1568,18599,388,5820,1574,24419,California
San Joaquin,2021-01-22,1956,32042,913,19089,1043,12953,0,0,1813,20277,138,5958,1816,26235,California
San Joaquin,2021-01-23,893,32935,404,19493,489,13442,0,0,609,20606,283,6241,612,26847,California
San Joaquin,2021-01-24,345,33280,134,19627,211,13653,0,0,324,20911,19,6260,324,27171,California
San Joaquin,2021-01-25,1981,35261,1135,20762,846,14499,0,0,1421,21779,557,6817,1425,28596,California
San Joaquin,2021-01-26,2142,37403,1113,21875,1029,15528,0,0,1534,22712,606,7423,1539,30135,California
San Joaquin,2021-01-27,1723,39126,766,22641,957,16485,0,0,1230,23459,489,7912,1236,31371,California
San Joaquin,2021-01-28,2018,41144,758,23399,1260,17745,0,0,1375,24197,640,8552,1378,32749,California
San Joaquin,2021-01-29,2136,43280,1041,24440,1095,18840,0,0,1791,25655,340,8892,1798,34547,California
San Joaquin,2021-01-30,2161,45441,348,24788,1813,20653,0,0,1987,27472,172,9064,1989,36536,California
San Joaquin,2021-01-31,1553,46994,176,24964,1377,22030,0,0,1491,28903,61,9125,1492,38028,California
San Joaquin,2021-02-01,2485,49479,1311,26275,1174,23204,0,0,1754,29930,730,9855,1757,39785,California
San Joaquin,2021-02-02,2586,52065,1170,27445,1416,24620,0,0,1973,31353,554,10409,1977,41762,California
San Joaquin,2021-02-03,3057,55122,1208,28653,1849,26469,0,0,2194,32696,856,11265,2199,43961,California
San Joaquin,2021-02-04,3433,58555,1712,30365,1721,28190,0,0,2628,34528,800,12065,2632,46593,California
San Joaquin,2021-02-05,3210,61765,1857,32222,1353,29543,0,0,2351,36031,853,12918,2356,48949,California
San Joaquin,2021-02-06,1119,62884,784,33006,335,29878,0,0,944,36804,173,13091,946,49895,California
San Joaquin,2021-02-07,612,63496,485,33491,127,30005,0,0,410,37020,195,13286,411,50306,California
San Joaquin,2021-02-08,1774,65270,1031,34522,743,30748,0,0,1440,38153,312,13598,1445,51751,California
San Joaquin,2021-02-09,2096,67366,1136,35658,960,31708,0,0,1567,39262,459,14057,1568,53319,California
San Joaquin,2021-02-10,2554,69920,1250,36908,1304,33012,0,0,1337,39411,1188,15245,1337,54656,California
San Joaquin,2021-02-11,2929,72849,1504,38412,1425,34437,0,0,1716,39948,1184,16429,1721,56377,California
San Joaquin,2021-02-12,2801,75650,1122,39534,1679,36116,0,0,1586,40338,1201,17630,1591,57968,California
San Joaquin,2021-02-13,2111,77761,398,39932,1713,37829,0,0,848,39940,1252,18882,854,58822,California
San Joaquin,2021-02-14,1902,79663,262,40194,1640,39469,0,0,688,39440,1189,20071,689,59511,California
San Joaquin,2021-02-15,1977,81640,834,41028,1143,40612,0,0,1194,39884,754,20825,1198,60709,California
San Joaquin,2021-02-16,3143,84783,1369,42397,1774,42386,0,0,1740,40240,1391,22216,1747,62456,California
San Joaquin,2021-02-17,3266,88049,1263,43660,2003,44389,0,0,1861,40712,1393,23609,1865,64321,California
San Joaquin,2021-02-18,3320,91369,1364,45024,1956,46345,0,0,1895,41218,1395,25004,1901,66222,California
San Joaquin,2021-02-19,4238,95607,2399,47423,1839,48184,0,0,2387,41806,1799,26803,2387,68609,California
San Joaquin,2021-02-20,1538,97145,651,48074,887,49071,0,0,1063,42395,474,27277,1063,69672,California
San Joaquin,2021-02-21,635,97780,479,48553,156,49227,0,0,402,42568,230,27507,403,70075,California
San Joaquin,2021-02-22,3508,101288,2472,51025,1036,50263,0,0,2516,44127,961,28468,2520,72595,California
San Joaquin,2021-02-23,4279,105567,2602,53627,1677,51940,0,0,2634,45148,1617,30085,2638,75233,California
San Joaquin,2021-02-24,5681,111248,3380,57007,2301,54241,0,0,4094,47679,1565,31650,4096,79329,California
San Joaquin,2021-02-25,6285,117533,3883,60890,2402,56643,0,0,4062,49558,2193,33843,4072,83401,California
San Joaquin,2021-02-26,5441,122974,2842,63732,2599,59242,0,0,3743,51638,1670,35513,3750,87151,California
San Joaquin,2021-02-27,5426,128400,1612,65344,3814,63056,0,0,2601,51472,2778,38291,2612,89763,California
San Joaquin,2021-02-28,3070,131470,1102,66446,1968,65024,0,0,2029,52482,1021,39312,2031,91794,California
San Joaquin,2021-03-01,4068,135538,1791,68237,2277,67301,0,0,2305,53050,1747,41059,2315,94109,California
San Joaquin,2021-03-02,4162,139700,1661,69898,2501,69802,0,0,2612,54185,1532,42591,2667,96776,California
San Joaquin,2021-03-03,5733,145433,3401,73299,2330,72132,2,2,4138,56752,1572,44163,4139,100915,California
San Joaquin,2021-03-04,5660,151093,2244,75543,3413,75545,3,5,3702,58515,1947,46110,3710,104625,California
San Joaquin,2021-03-05,4402,155495,1865,77408,2533,78078,4,9,3037,60210,1350,47460,3045,107670,California
San Joaquin,2021-03-06,3280,158775,2161,79569,989,79067,130,139,2698,62462,579,48039,2831,110501,California
San Joaquin,2021-03-07,1205,159980,552,80121,607,79674,46,185,923,63152,264,48303,954,111455,California
San Joaquin,2021-03-08,3116,163096,1251,81372,1740,81414,125,310,2114,64399,991,49294,2238,113693,California
San Joaquin,2021-03-09,3957,167053,1778,83150,2053,83467,126,436,2620,65826,1322,50616,2749,116442,California
San Joaquin,2021-03-10,4626,171679,2457,85607,2031,85498,138,574,3408,68167,1205,51821,3546,119988,California
San Joaquin,2021-03-11,4917,176596,2330,87937,1988,87486,599,1173,2921,69706,1986,53807,3525,123513,California
San Joaquin,2021-03-12,6243,182839,3118,91055,2793,90279,332,1505,4148,72116,2075,55882,4485,127998,California
San Joaquin,2021-03-13,3050,185889,1446,92501,1478,91757,126,1631,2289,73784,754,56636,2422,130420,California
San Joaquin,2021-03-14,2152,188041,668,93169,1181,92938,303,1934,1038,74019,1110,57746,1345,131765,California
San Joaquin,2021-03-15,6045,194086,3478,96647,2164,95102,403,2337,3174,74763,2846,60592,3590,135355,California
San Joaquin,2021-03-16,6805,200891,3868,100515,2681,97783,256,2593,4020,76275,2772,63364,4284,139639,California
San Joaquin,2021-03-17,7739,208630,4639,105154,3030,100813,70,2663,4307,77263,3398,66762,4386,144025,California
San Joaquin,2021-03-18,7605,216235,4465,109619,2634,103447,506,3169,3764,77736,3804,70566,4277,148302,California
San Joaquin,2021-03-19,7897,224132,4627,114246,2728,106175,542,3711,4789,80026,3088,73654,5378,153680,California
San Joaquin,2021-03-20,3665,227797,2120,116366,1302,107477,243,3954,1821,80272,1829,75483,2075,155755,California
San Joaquin,2021-03-21,2097,229894,1490,117856,401,107878,206,4160,1182,80797,908,76391,1433,157188,California
San Joaquin,2021-03-22,3942,233836,2013,119869,1513,109391,416,4576,2339,81966,1591,77982,2760,159948,California
San Joaquin,2021-03-23,5350,239186,2622,122491,2561,111952,167,4743,3706,84217,1627,79609,3878,163826,California
San Joaquin,2021-03-24,6796,245982,4220,126711,2490,114442,86,4829,3025,83592,3744,83353,3119,166945,California
San Joaquin,2021-03-25,5504,251486,3260,129971,2202,116644,42,4871,3279,84715,2205,85558,3328,170273,California
San Joaquin,2021-03-26,6121,257607,2527,132498,3445,120089,149,5020,3232,85246,2869,88427,3400,173673,California
San Joaquin,2021-03-27,4594,262201,2606,135104,1945,122034,43,5063,1799,84329,2774,91201,1857,175530,California
San Joaquin,2021-03-28,2694,264895,1785,136889,884,122918,25,5088,1287,84343,1388,92589,1402,176932,California
San Joaquin,2021-03-29,3999,268894,2158,139047,1819,124737,22,5110,2011,84425,1977,94566,2059,178991,California
San Joaquin,2021-03-30,6174,275068,3141,142188,2941,127678,92,5202,3434,85261,2716,97282,3552,182543,California
San Joaquin,2021-03-31,6542,281610,4120,146308,2363,130041,59,5261,3320,85464,3206,100488,3409,185952,California
San Joaquin,2021-04-01,6325,287935,2936,149244,3308,133349,81,5342,2799,84900,3510,103998,2946,188898,California
San Joaquin,2021-04-02,6287,294222,2864,152108,2934,136283,489,5831,2505,84174,3761,107759,3035,191933,California
San Joaquin,2021-04-03,4105,298327,2312,154420,1467,137750,326,6157,1981,84382,2107,109866,2315,194248,California
San Joaquin,2021-04-04,2261,300588,1348,155768,711,138461,202,6359,1541,85424,712,110578,1754,196002,California
San Joaquin,2021-04-05,4448,305036,2810,158578,1468,139929,170,6529,2615,86398,1826,112404,2800,198802,California
San Joaquin,2021-04-06,6987,312023,4492,163070,2235,142164,260,6789,3325,86355,3640,116044,3597,202399,California
San Joaquin,2021-04-07,8273,320296,4499,167569,2203,144367,1571,8360,3484,86650,4775,120819,5070,207469,California
San Joaquin,2021-04-08,8624,328920,4670,172239,1935,146302,2019,10379,3295,86660,5306,126125,5316,212785,California
San Joaquin,2021-04-09,8771,337691,4235,176474,2989,149291,1547,11926,3163,85801,5588,131713,4729,217514,California
San Joaquin,2021-04-10,5155,342846,1619,178093,1632,150923,1904,13830,1717,85988,3432,135145,3619,221133,California
San Joaquin,2021-04-11,4007,346853,1539,179632,1303,152226,1165,14995,1704,86560,2292,137437,2864,223997,California
San Joaquin,2021-04-12,5922,352775,2346,181978,2046,154272,1530,16525,2303,86795,3603,141040,3838,227835,California
San Joaquin,2021-04-13,7410,360185,4270,186248,3135,157407,5,16530,4542,88501,2849,143889,4555,232390,California
San Joaquin,2021-04-14,7211,367396,3650,189898,3561,160968,0,16530,4236,89792,2954,146843,4245,236635,California
San Joaquin,2021-04-15,7658,375054,4494,194392,3164,164132,0,16530,4253,90678,3373,150216,4259,240894,California
San Joaquin,2021-04-16,7019,382073,3580,197972,3436,167568,3,16533,4051,91802,2941,153157,4065,244959,California
San Joaquin,2021-04-17,4950,387023,2603,200575,2345,169913,2,16535,3471,93821,1470,154627,3489,248448,California
San Joaquin,2021-04-18,2429,389452,1338,201913,1091,171004,0,16535,1301,94016,1113,155740,1308,249756,California
San Joaquin,2021-04-19,5055,394507,2708,204621,2347,173351,0,16535,2706,94405,2327,158067,2716,252472,California
San Joaquin,2021-04-20,6145,400652,3209,207830,2936,176287,0,16535,2898,94090,3224,161291,2909,255381,California
San Joaquin,2021-04-21,5274,405926,2772,210602,2502,178789,0,16535,2882,94630,2348,163639,2888,258269,California
San Joaquin,2021-04-22,5114,411040,2977,213579,2137,180926,0,16535,2937,95423,2152,165791,2945,261214,California
San Joaquin,2021-04-23,5775,416815,2734,216313,3040,183966,1,16536,3658,96988,2099,167890,3664,264878,California
San Joaquin,2021-04-24,5151,421966,3538,219851,1612,185578,1,16537,3355,98573,1776,169666,3361,268239,California
San Joaquin,2021-04-25,2934,424900,2463,222314,471,186049,0,16537,1913,99484,1008,170674,1919,270158,California
San Joaquin,2021-04-26,3637,428537,2393,224707,1243,187292,1,16538,1909,99679,1718,172392,1913,272071,California
San Joaquin,2021-04-27,4157,432694,2425,227132,1683,188975,49,16587,1768,99133,2371,174763,1825,273896,California
San Joaquin,2021-04-28,5393,438087,3209,230341,2109,191084,75,16662,2626,99103,2739,177502,2709,276605,California
San Joaquin,2021-04-29,4718,442805,2727,233068,1936,193020,55,16717,2411,99286,2289,179791,2472,279077,California
San Joaquin,2021-04-30,4787,447592,2292,235360,2429,195449,66,16783,2464,99516,2308,182099,2538,281615,California
San Joaquin,2021-05-01,3207,450799,1810,237170,1338,196787,59,16842,2013,100413,1188,183287,2085,283700,California
San Joaquin,2021-05-02,2161,452960,1467,238637,639,197426,55,16897,1060,100434,1096,184383,1117,284817,California
San Joaquin,2021-05-03,3126,456086,2090,240727,966,198392,70,16967,1316,100030,1800,186183,1396,286213,California
San Joaquin,2021-05-04,4703,460789,3196,243923,1358,199750,149,17116,1728,98956,2960,189143,1886,288099,California
San Joaquin,2021-05-05,3549,464338,2311,246234,1119,200869,119,17235,1326,98202,2205,191348,1451,289550,California
San Joaquin,2021-05-06,3249,467587,2006,248240,1156,202025,87,17322,1505,98067,1733,193081,1598,291148,California
San Joaquin,2021-05-07,2392,469979,1326,249566,969,202994,97,17419,911,97610,1472,194553,1015,292163,California
San Luis Obispo,2020-12-16,4,4,4,4,0,0,0,0,4,4,0,0,4,4,California
San Luis Obispo,2020-12-17,196,200,196,200,0,0,0,0,196,200,0,0,196,200,California
San Luis Obispo,2020-12-18,224,424,224,424,0,0,0,0,224,424,0,0,224,424,California
San Luis Obispo,2020-12-19,162,586,162,586,0,0,0,0,162,586,0,0,162,586,California
San Luis Obispo,2020-12-20,215,801,215,801,0,0,0,0,215,801,0,0,215,801,California
San Luis Obispo,2020-12-21,549,1350,548,1349,1,1,0,0,549,1350,0,0,549,1350,California
San Luis Obispo,2020-12-22,308,1658,304,1653,4,5,0,0,308,1658,0,0,308,1658,California
San Luis Obispo,2020-12-23,682,2340,368,2021,314,319,0,0,682,2340,0,0,682,2340,California
San Luis Obispo,2020-12-24,194,2534,19,2040,175,494,0,0,194,2534,0,0,194,2534,California
San Luis Obispo,2020-12-25,2,2536,1,2041,1,495,0,0,2,2536,0,0,2,2536,California
San Luis Obispo,2020-12-26,89,2625,12,2053,77,572,0,0,89,2625,0,0,89,2625,California
San Luis Obispo,2020-12-27,76,2701,0,2053,76,648,0,0,76,2701,0,0,76,2701,California
San Luis Obispo,2020-12-28,880,3581,430,2483,450,1098,0,0,880,3581,0,0,880,3581,California
San Luis Obispo,2020-12-29,903,4484,502,2985,401,1499,0,0,903,4484,0,0,903,4484,California
San Luis Obispo,2020-12-30,1172,5656,681,3666,491,1990,0,0,1172,5656,0,0,1172,5656,California
San Luis Obispo,2020-12-31,107,5763,4,3670,103,2093,0,0,107,5763,0,0,107,5763,California
San Luis Obispo,2021-01-01,13,5776,8,3678,5,2098,0,0,13,5776,0,0,13,5776,California
San Luis Obispo,2021-01-02,33,5809,8,3686,25,2123,0,0,33,5809,0,0,33,5809,California
San Luis Obispo,2021-01-03,16,5825,6,3692,10,2133,0,0,16,5825,0,0,16,5825,California
San Luis Obispo,2021-01-04,678,6503,524,4216,154,2287,0,0,678,6503,0,0,678,6503,California
San Luis Obispo,2021-01-05,974,7477,756,4972,218,2505,0,0,972,7473,2,2,972,7475,California
San Luis Obispo,2021-01-06,725,8202,480,5452,245,2750,0,0,717,8183,7,9,717,8192,California
San Luis Obispo,2021-01-07,1126,9328,948,6400,178,2928,0,0,683,8423,443,452,683,8875,California
San Luis Obispo,2021-01-08,882,10210,804,7204,78,3006,0,0,513,8568,368,820,513,9388,California
San Luis Obispo,2021-01-09,204,10414,195,7399,9,3015,0,0,27,8418,177,997,27,9415,California
San Luis Obispo,2021-01-10,12,10426,8,7407,4,3019,0,0,8,8422,4,1001,8,9423,California
San Luis Obispo,2021-01-11,559,10985,508,7915,51,3070,0,0,299,8462,259,1260,299,9722,California
San Luis Obispo,2021-01-12,597,11582,380,8295,217,3287,0,0,319,8503,278,1538,319,10041,California
San Luis Obispo,2021-01-13,885,12467,256,8551,629,3916,0,0,646,8912,237,1775,646,10687,California
San Luis Obispo,2021-01-14,729,13196,244,8795,485,4401,0,0,604,9404,112,1887,604,11291,California
San Luis Obispo,2021-01-15,729,13925,288,9083,441,4842,0,0,554,9788,170,2057,554,11845,California
San Luis Obispo,2021-01-16,100,14025,81,9164,19,4861,0,0,95,9878,5,2062,95,11940,California
San Luis Obispo,2021-01-17,67,14092,61,9225,6,4867,0,0,67,9945,0,2062,67,12007,California
San Luis Obispo,2021-01-18,1371,15463,389,9614,982,5849,0,0,1109,10792,262,2324,1109,13116,California
San Luis Obispo,2021-01-19,1584,17047,417,10031,1167,7016,0,0,1176,11560,408,2732,1176,14292,California
San Luis Obispo,2021-01-20,1884,18931,596,10627,1288,8304,0,0,1293,12265,589,3321,1294,15586,California
San Luis Obispo,2021-01-21,1570,20501,466,11093,1104,9408,0,0,1197,13094,369,3690,1198,16784,California
San Luis Obispo,2021-01-22,1521,22022,509,11602,1012,10420,0,0,1206,13987,313,4003,1206,17990,California
San Luis Obispo,2021-01-23,312,22334,294,11896,18,10438,0,0,296,14267,16,4019,296,18286,California
San Luis Obispo,2021-01-24,245,22579,237,12133,8,10446,0,0,239,14500,6,4025,239,18525,California
San Luis Obispo,2021-01-25,2074,24653,606,12739,1468,11914,0,0,1244,14914,830,4855,1244,19769,California
San Luis Obispo,2021-01-26,2002,26655,704,13443,1298,13212,0,0,1135,15182,867,5722,1135,20904,California
San Luis Obispo,2021-01-27,1611,28266,284,13727,1327,14539,0,0,1152,15875,459,6181,1152,22056,California
San Luis Obispo,2021-01-28,1489,29755,342,14069,1147,15686,0,0,1228,16843,260,6441,1228,23284,California
San Luis Obispo,2021-01-29,1735,31490,681,14750,1054,16740,0,0,1451,18010,284,6725,1451,24735,California
San Luis Obispo,2021-01-30,37,31527,18,14768,19,16759,0,0,26,18026,10,6735,26,24761,California
San Luis Obispo,2021-01-31,28,31555,20,14788,8,16767,0,0,25,18048,3,6738,25,24786,California
San Luis Obispo,2021-02-01,1702,33257,737,15525,965,17732,0,0,1400,19147,301,7039,1400,26186,California
San Luis Obispo,2021-02-02,1895,35152,677,16202,1218,18950,0,0,1521,20294,374,7413,1521,27707,California
San Luis Obispo,2021-02-03,1706,36858,728,16930,978,19928,0,0,1293,21174,413,7826,1293,29000,California
San Luis Obispo,2021-02-04,1659,38517,801,17731,858,20786,0,0,1092,21699,567,8393,1092,30092,California
San Luis Obispo,2021-02-05,1603,40120,717,18448,886,21672,0,0,1058,22212,546,8939,1059,31151,California
San Luis Obispo,2021-02-06,159,40279,92,18540,67,21739,0,0,93,22239,66,9005,93,31244,California
San Luis Obispo,2021-02-07,144,40423,99,18639,45,21784,0,0,74,22244,70,9075,75,31319,California
San Luis Obispo,2021-02-08,858,41281,470,19109,388,22172,0,0,498,22383,359,9434,498,31817,California
San Luis Obispo,2021-02-09,1123,42404,449,19558,674,22846,0,0,542,22357,575,10009,549,32366,California
San Luis Obispo,2021-02-10,1429,43833,487,20045,942,23788,0,0,523,21980,903,10912,526,32892,California
San Luis Obispo,2021-02-11,1330,45163,844,20889,486,24274,0,0,655,21963,672,11584,655,33547,California
San Luis Obispo,2021-02-12,786,45949,363,21252,423,24697,0,0,417,22011,369,11953,417,33964,California
San Luis Obispo,2021-02-13,393,46342,127,21379,266,24963,0,0,285,22189,107,12060,285,34249,California
San Luis Obispo,2021-02-14,318,46660,41,21420,277,25240,0,0,282,22436,36,12096,283,34532,California
San Luis Obispo,2021-02-15,725,47385,137,21557,588,25828,0,0,469,22652,253,12349,469,35001,California
San Luis Obispo,2021-02-16,2963,50348,1196,22753,1767,27595,0,0,1360,22415,1597,13946,1360,36361,California
San Luis Obispo,2021-02-17,2776,53124,1238,23991,1538,29133,0,0,1029,21706,1738,15684,1029,37390,California
San Luis Obispo,2021-02-18,2822,55946,1456,25447,1366,30499,0,0,1132,21157,1682,17366,1133,38523,California
San Luis Obispo,2021-02-19,1455,57401,1335,26782,120,30619,0,0,1132,21967,322,17688,1132,39655,California
San Luis Obispo,2021-02-20,252,57653,81,26863,171,30790,0,0,215,22145,37,17725,215,39870,California
San Luis Obispo,2021-02-21,54,57707,50,26913,4,30794,0,0,31,22153,23,17748,31,39901,California
San Luis Obispo,2021-02-22,2403,60110,1858,28771,545,31339,0,0,1459,22669,944,18692,1460,41361,California
San Luis Obispo,2021-02-23,1854,61964,1739,30510,115,31454,0,0,1361,23539,492,19184,1362,42723,California
San Luis Obispo,2021-02-24,2643,64607,1300,31810,1343,32797,0,0,835,22569,1805,20989,835,43558,California
San Luis Obispo,2021-02-25,2128,66735,1242,33052,886,33683,0,0,1204,22857,917,21906,1205,44763,California
San Luis Obispo,2021-02-26,2644,69379,1148,34200,1496,35179,0,0,1324,22869,1312,23218,1324,46087,California
San Luis Obispo,2021-02-27,565,69944,339,34539,226,35405,0,0,519,23342,46,23264,519,46606,California
San Luis Obispo,2021-02-28,200,70144,73,34612,127,35532,0,0,163,23472,33,23297,163,46769,California
San Luis Obispo,2021-03-01,2960,73104,1844,36456,1115,36647,1,1,2036,24585,925,24222,2038,48807,California
San Luis Obispo,2021-03-02,2986,76090,1886,38342,1100,37747,0,1,1842,25288,1140,25362,1843,50650,California
San Luis Obispo,2021-03-03,2274,78364,332,38674,1942,39689,0,1,826,24673,1442,26804,827,51477,California
San Luis Obispo,2021-03-04,2179,80543,1150,39824,1029,40718,0,1,1166,24830,1011,27815,1168,52645,California
San Luis Obispo,2021-03-05,2295,82838,1018,40842,1207,41925,70,71,1291,25202,989,28804,1361,54006,California
San Luis Obispo,2021-03-06,833,83671,309,41151,417,42342,107,178,613,25696,220,29024,714,54720,California
San Luis Obispo,2021-03-07,199,83870,32,41183,83,42425,84,262,70,25723,128,29152,155,54875,California
San Luis Obispo,2021-03-08,2727,86597,754,41937,1659,44084,314,576,1540,26392,1184,30336,1853,56728,California
San Luis Obispo,2021-03-09,2916,89513,955,42892,1724,45808,237,813,1506,26729,1407,31743,1744,58472,California
San Luis Obispo,2021-03-10,3179,92692,1238,44130,1671,47479,270,1083,1815,27454,1360,33103,2085,60557,California
San Luis Obispo,2021-03-11,3104,95796,1273,45403,1529,49008,302,1385,1699,28058,1396,34499,2000,62557,California
San Luis Obispo,2021-03-12,3210,99006,1281,46684,1591,50599,338,1723,1596,28389,1606,36105,1937,64494,California
San Luis Obispo,2021-03-13,794,99800,262,46946,423,51022,109,1832,431,28566,362,36467,539,65033,California
San Luis Obispo,2021-03-14,514,100314,53,46999,350,51372,111,1943,135,28434,378,36845,246,65279,California
San Luis Obispo,2021-03-15,3054,103368,1096,48095,1860,53232,98,2041,1532,28546,1518,38363,1630,66909,California
San Luis Obispo,2021-03-16,2838,106206,1509,49604,1229,54461,100,2141,1442,28697,1390,39753,1541,68450,California
San Luis Obispo,2021-03-17,3421,109627,1446,51050,1714,56175,261,2402,1976,29498,1435,41188,2236,70686,California
San Luis Obispo,2021-03-18,2788,112415,1446,52496,1149,57324,193,2595,1338,29583,1446,42634,1531,72217,California
San Luis Obispo,2021-03-19,2584,114999,1562,54058,701,58025,321,2916,962,29254,1614,44248,1285,73502,California
San Luis Obispo,2021-03-20,833,115832,496,54554,300,58325,37,2953,385,29228,448,44696,422,73924,California
San Luis Obispo,2021-03-21,186,116018,45,54599,138,58463,3,2956,157,29359,29,44725,160,74084,California
San Luis Obispo,2021-03-22,2684,118702,1169,55768,1467,59930,48,3004,1864,30456,815,45540,1912,75996,California
San Luis Obispo,2021-03-23,3357,122059,2210,57978,1129,61059,18,3022,2265,31651,1088,46628,2283,78279,California
San Luis Obispo,2021-03-24,3485,125544,2131,60109,1284,62343,70,3092,2616,33472,864,47492,2685,80964,California
San Luis Obispo,2021-03-25,3659,129203,2287,62396,1360,63703,12,3104,2634,35096,1021,48513,2645,83609,California
San Luis Obispo,2021-03-26,3131,132334,1755,64151,956,64659,420,3524,1749,35888,1377,49890,2169,85778,California
San Luis Obispo,2021-03-27,993,133327,508,64659,393,65052,92,3616,452,35893,539,50429,544,86322,California
San Luis Obispo,2021-03-28,443,133770,151,64810,236,65288,56,3672,242,35990,201,50630,298,86620,California
San Luis Obispo,2021-03-29,2574,136344,1275,66085,1166,66454,133,3805,1650,36863,910,51540,1783,88403,California
San Luis Obispo,2021-03-30,3494,139838,1907,67992,1446,67900,141,3946,2345,38202,1145,52685,2484,90887,California
San Luis Obispo,2021-03-31,3835,143673,2453,70445,1235,69135,147,4093,2472,39467,1353,54038,2618,93505,California
San Luis Obispo,2021-04-01,3797,147470,2417,72862,1286,70421,94,4187,2685,41142,1103,55141,2778,96283,California
San Luis Obispo,2021-04-02,1750,149220,686,73548,753,71174,311,4498,953,41608,796,55937,1262,97545,California
San Luis Obispo,2021-04-03,1102,150322,554,74102,421,71595,127,4625,486,41609,612,56549,613,98158,California
San Luis Obispo,2021-04-04,380,150702,130,74232,210,71805,40,4665,234,41737,146,56695,274,98432,California
San Luis Obispo,2021-04-05,3601,154303,1944,76176,1547,73352,110,4775,2041,42329,1557,58252,2149,100581,California
San Luis Obispo,2021-04-06,4015,158318,2145,78321,1561,74913,309,5084,1952,42535,2055,60307,2261,102842,California
San Luis Obispo,2021-04-07,4264,162582,2341,80662,1583,76496,340,5424,2470,43563,1780,62087,2808,105650,California
San Luis Obispo,2021-04-08,4008,166590,2196,82858,1422,77918,390,5814,2178,44308,1823,63910,2568,108218,California
San Luis Obispo,2021-04-09,3632,170222,1732,84590,1157,79075,743,6557,1538,44500,2085,65995,2277,110495,California
San Luis Obispo,2021-04-10,1570,171792,557,85147,351,79426,662,7219,481,44553,1088,67083,1141,111636,California
San Luis Obispo,2021-04-11,311,172103,63,85210,185,79611,63,7282,124,44555,185,67268,187,111823,California
San Luis Obispo,2021-04-12,3371,175474,1696,86906,1512,81123,163,7445,1415,44176,1956,69224,1577,113400,California
San Luis Obispo,2021-04-13,3640,179114,2096,89002,1543,82666,1,7446,1971,44482,1667,70891,1973,115373,California
San Luis Obispo,2021-04-14,2845,181959,1680,90682,1162,83828,3,7449,1661,44972,1173,72064,1663,117036,California
San Luis Obispo,2021-04-15,3664,185623,2374,93056,1289,85117,1,7450,1958,45243,1689,73753,1960,118996,California
San Luis Obispo,2021-04-16,3602,189225,2189,95245,1410,86527,3,7453,1797,45240,1802,75555,1799,120795,California
San Luis Obispo,2021-04-17,1098,190323,433,95678,663,87190,2,7455,717,45579,380,75935,719,121514,California
San Luis Obispo,2021-04-18,318,190641,96,95774,221,87411,1,7456,109,45482,207,76142,110,121624,California
San Luis Obispo,2021-04-19,3071,193712,1284,97058,1749,89160,38,7494,1129,44711,1939,78081,1168,122792,California
San Luis Obispo,2021-04-20,3548,197260,1931,98989,1617,90777,0,7494,1371,43917,2165,80246,1371,124163,California
San Luis Obispo,2021-04-21,3894,201154,1786,100775,2108,92885,0,7494,1625,43289,2253,82499,1625,125788,California
San Luis Obispo,2021-04-22,4555,205709,2052,102827,2503,95388,0,7494,1498,41747,3042,85541,1500,127288,California
San Luis Obispo,2021-04-23,1464,207173,848,103675,612,96000,4,7498,701,41702,757,86298,712,128000,California
San Luis Obispo,2021-04-24,1083,208256,444,104119,620,96620,19,7517,494,41632,583,86881,513,128513,California
San Luis Obispo,2021-04-25,344,208600,162,104281,182,96802,0,7517,113,41515,230,87111,113,128626,California
San Luis Obispo,2021-04-26,912,209512,292,104573,603,97405,17,7534,334,41299,566,87677,350,128976,California
San Luis Obispo,2021-04-27,3591,213103,1841,106414,1683,99088,67,7601,1372,40525,2212,89889,1438,130414,California
San Luis Obispo,2021-04-28,3706,216809,2081,108495,1553,100641,72,7673,1277,39458,2416,92305,1349,131763,California
San Luis Obispo,2021-04-29,3618,220427,2094,110589,1454,102095,70,7743,1181,38285,2425,94730,1252,133015,California
San Luis Obispo,2021-04-30,2932,223359,1641,112230,1218,103313,73,7816,910,37257,2010,96740,982,133997,California
San Luis Obispo,2021-05-01,458,223817,157,112387,265,103578,36,7852,97,37035,354,97094,132,134129,California
San Luis Obispo,2021-05-02,168,223985,52,112439,96,103674,20,7872,42,36971,126,97220,62,134191,California
San Luis Obispo,2021-05-03,876,224861,289,112728,492,104166,95,7967,225,36643,647,97867,319,134510,California
San Luis Obispo,2021-05-04,2913,227774,1883,114611,964,105130,66,8033,862,35524,2045,99912,926,135436,California
San Luis Obispo,2021-05-05,2448,230222,1683,116294,735,105865,30,8063,582,34282,1855,101767,613,136049,California
San Luis Obispo,2021-05-06,2374,232596,1666,117960,684,106549,24,8087,607,33158,1754,103521,630,136679,California
San Luis Obispo,2021-05-07,1513,234109,1219,119179,281,106830,13,8100,344,32369,1147,104668,358,137037,California
San Mateo,2020-12-15,26,26,26,26,0,0,0,0,26,26,0,0,26,26,California
San Mateo,2020-12-16,110,136,110,136,0,0,0,0,110,136,0,0,110,136,California
San Mateo,2020-12-17,164,300,164,300,0,0,0,0,164,300,0,0,164,300,California
San Mateo,2020-12-18,741,1041,739,1039,2,2,0,0,741,1041,0,0,741,1041,California
San Mateo,2020-12-19,513,1554,513,1552,0,2,0,0,513,1554,0,0,513,1554,California
San Mateo,2020-12-20,511,2065,509,2061,2,4,0,0,511,2065,0,0,511,2065,California
San Mateo,2020-12-21,1155,3220,1155,3216,0,4,0,0,1155,3220,0,0,1155,3220,California
San Mateo,2020-12-22,1522,4742,1515,4731,7,11,0,0,1522,4742,0,0,1522,4742,California
San Mateo,2020-12-23,1575,6317,1386,6117,189,200,0,0,1575,6317,0,0,1575,6317,California
San Mateo,2020-12-24,868,7185,611,6728,257,457,0,0,868,7185,0,0,868,7185,California
San Mateo,2020-12-25,115,7300,111,6839,4,461,0,0,115,7300,0,0,115,7300,California
San Mateo,2020-12-26,561,7861,418,7257,143,604,0,0,561,7861,0,0,561,7861,California
San Mateo,2020-12-27,307,8168,176,7433,131,735,0,0,307,8168,0,0,307,8168,California
San Mateo,2020-12-28,1050,9218,704,8137,346,1081,0,0,1050,9218,0,0,1050,9218,California
San Mateo,2020-12-29,1129,10347,705,8842,424,1505,0,0,1129,10347,0,0,1129,10347,California
San Mateo,2020-12-30,1264,11611,760,9602,504,2009,0,0,1264,11611,0,0,1264,11611,California
San Mateo,2020-12-31,716,12327,231,9833,485,2494,0,0,715,12325,1,1,715,12326,California
San Mateo,2021-01-01,60,12387,43,9876,17,2511,0,0,60,12385,0,1,60,12386,California
San Mateo,2021-01-02,400,12787,270,10146,130,2641,0,0,400,12785,0,1,400,12786,California
San Mateo,2021-01-03,283,13070,208,10354,75,2716,0,0,280,13062,3,4,280,13066,California
San Mateo,2021-01-04,1053,14123,680,11034,373,3089,0,0,1053,14115,0,4,1053,14119,California
San Mateo,2021-01-05,1201,15324,705,11739,496,3585,0,0,1172,15259,29,33,1173,15292,California
San Mateo,2021-01-06,1447,16771,950,12689,497,4082,0,0,1266,16347,179,212,1267,16559,California
San Mateo,2021-01-07,1457,18228,811,13500,646,4728,0,0,1167,17232,283,495,1168,17727,California
San Mateo,2021-01-08,1840,20068,1191,14691,649,5377,0,0,1141,17682,692,1187,1142,18869,California
San Mateo,2021-01-09,1180,21248,776,15467,404,5781,0,0,722,17946,458,1645,722,19591,California
San Mateo,2021-01-10,704,21952,575,16042,129,5910,0,0,266,17774,438,2083,266,19857,California
San Mateo,2021-01-11,2593,24545,1485,17527,1108,7018,0,0,1527,18236,1067,3150,1529,21386,California
San Mateo,2021-01-12,3284,27829,1776,19303,1508,8526,0,0,2099,19155,1183,4333,2102,23488,California
San Mateo,2021-01-13,3482,31311,1753,21056,1729,10255,0,0,2447,20570,1035,5368,2450,25938,California
San Mateo,2021-01-14,3777,35088,1584,22640,2193,12448,0,0,3091,22980,686,6054,3096,29034,California
San Mateo,2021-01-15,4328,39416,1709,24349,2619,15067,0,0,3800,26256,526,6580,3802,32836,California
San Mateo,2021-01-16,3086,42502,776,25125,2310,17377,0,0,2766,28702,320,6900,2766,35602,California
San Mateo,2021-01-17,1312,43814,310,25435,1002,18379,0,0,1102,29594,210,7110,1102,36704,California
San Mateo,2021-01-18,1364,45178,533,25968,831,19210,0,0,990,30217,371,7481,994,37698,California
San Mateo,2021-01-19,2797,47975,1785,27753,1012,20222,0,0,2004,31431,790,8271,2004,39702,California
San Mateo,2021-01-20,2798,50773,1543,29296,1255,21477,0,0,1953,32543,842,9113,1954,41656,California
San Mateo,2021-01-21,2845,53618,1296,30592,1549,23026,0,0,2253,34209,590,9703,2256,43912,California
San Mateo,2021-01-22,2796,56414,1136,31728,1660,24686,0,0,2497,36410,297,10000,2498,46410,California
San Mateo,2021-01-23,2885,59299,1690,33418,1195,25881,0,0,2521,38568,364,10364,2522,48932,California
San Mateo,2021-01-24,1520,60819,375,33793,1145,27026,0,0,1209,39467,310,10674,1209,50141,California
San Mateo,2021-01-25,4433,65252,3149,36942,1284,28310,0,0,3538,42115,893,11567,3541,53682,California
San Mateo,2021-01-26,4294,69546,2979,39921,1315,29625,0,0,3391,44604,902,12469,3391,57073,California
San Mateo,2021-01-27,2790,72336,1472,41393,1318,30943,0,0,1793,45408,990,13459,1794,58867,California
San Mateo,2021-01-28,2804,75140,1357,42750,1447,32390,0,0,1953,46525,836,14295,1953,60820,California
San Mateo,2021-01-29,2985,78125,1340,44090,1645,34035,0,0,2152,47850,830,15125,2155,62975,California
San Mateo,2021-01-30,3373,81498,1476,45566,1897,35932,0,0,2916,50311,456,15581,2917,65892,California
San Mateo,2021-01-31,1681,83179,897,46463,784,36716,0,0,1518,51668,161,15742,1518,67410,California
San Mateo,2021-02-01,2926,86105,1345,47808,1581,38297,0,0,2218,53183,704,16446,2219,69629,California
San Mateo,2021-02-02,3178,89283,1731,49539,1447,39744,0,0,2159,54326,1016,17462,2159,71788,California
San Mateo,2021-02-03,4881,94164,1950,51489,2931,42675,0,0,3828,57105,1050,18512,3829,75617,California
San Mateo,2021-02-04,6296,100460,2592,54081,3704,46379,0,0,4938,60694,1352,19864,4941,80558,California
San Mateo,2021-02-05,6800,107260,2551,56632,4249,50628,0,0,4976,63863,1807,21671,4976,85534,California
San Mateo,2021-02-06,3281,110541,1916,58548,1365,51993,0,0,2616,65817,664,22335,2618,88152,California
San Mateo,2021-02-07,1896,112437,1342,59890,554,52547,0,0,1709,67339,187,22522,1709,89861,California
San Mateo,2021-02-08,5278,117715,2247,62137,3031,55578,0,0,3106,68337,2108,24630,3106,92967,California
San Mateo,2021-02-09,6188,123903,3224,65361,2964,58542,0,0,3341,68836,2842,27472,3341,96308,California
San Mateo,2021-02-10,6500,130403,3272,68633,3228,61770,0,0,3427,69199,3064,30536,3427,99735,California
San Mateo,2021-02-11,7057,137460,3582,72215,3475,65245,0,0,3803,69760,3245,33781,3806,103541,California
San Mateo,2021-02-12,6620,144080,2951,75166,3669,68914,0,0,4699,72542,1919,35700,4701,108242,California
San Mateo,2021-02-13,6095,150175,3994,79160,2101,71015,0,0,2641,71733,3450,39150,2641,110883,California
San Mateo,2021-02-14,4633,154808,3018,82178,1615,72630,0,0,1985,71075,2644,41794,1986,112869,California
San Mateo,2021-02-15,3166,157974,1459,83637,1707,74337,0,0,1784,71482,1378,43172,1785,114654,California
San Mateo,2021-02-16,7151,165125,1875,85512,5276,79613,0,0,5283,74900,1867,45039,5285,119939,California
San Mateo,2021-02-17,7056,172181,1937,87449,5119,84732,0,0,5061,77973,1990,47029,5063,125002,California
San Mateo,2021-02-18,6698,178879,4626,92075,2072,86804,0,0,4449,80181,2244,49273,4452,129454,California
San Mateo,2021-02-19,7809,186688,5610,97685,2199,89003,0,0,5814,84006,1989,51262,5814,135268,California
San Mateo,2021-02-20,3734,190422,2419,100104,1315,90318,0,0,2308,84895,1419,52681,2308,137576,California
San Mateo,2021-02-21,2307,192729,1466,101570,841,91159,0,0,1262,85117,1040,53721,1262,138838,California
San Mateo,2021-02-22,4420,197149,3197,104767,1223,92382,0,0,2780,86264,1634,55355,2781,141619,California
San Mateo,2021-02-23,4290,201439,3045,107812,1245,93627,0,0,2482,86945,1801,57156,2482,144101,California
San Mateo,2021-02-24,7271,208710,3254,111066,4017,97644,0,0,4847,89374,2419,59575,4848,148949,California
San Mateo,2021-02-25,9087,217797,4012,115078,5075,102719,0,0,6014,92330,3058,62633,6014,154963,California
San Mateo,2021-02-26,9770,227567,3718,118796,6052,108771,0,0,6846,96269,2911,65544,6850,161813,California
San Mateo,2021-02-27,6680,234247,3412,122208,3267,112038,1,1,3633,96866,3042,68586,3639,165452,California
San Mateo,2021-02-28,4122,238369,2505,124713,1617,113655,0,1,2553,97856,1564,70150,2554,168006,California
San Mateo,2021-03-01,5650,244019,3534,128247,2115,115770,1,2,2797,97813,2841,72991,2798,170804,California
San Mateo,2021-03-02,5795,249814,3986,132233,1808,117578,1,3,3337,98702,2450,75441,3339,174143,California
San Mateo,2021-03-03,8347,258161,3900,136133,4445,122023,2,5,3603,97576,4732,80173,3606,177749,California
San Mateo,2021-03-04,8419,266580,3938,140071,4479,126502,2,7,3801,96781,4600,84773,3805,181554,California
San Mateo,2021-03-05,9098,275678,5989,146060,3105,129607,4,11,6418,100547,2660,87433,6426,187980,California
San Mateo,2021-03-06,7852,283530,5439,151499,2237,131844,176,187,5739,104357,2104,89537,5914,193894,California
San Mateo,2021-03-07,3469,286999,2316,153815,1086,132930,67,254,2004,104967,1461,90998,2071,195965,California
San Mateo,2021-03-08,4446,291445,2481,156296,1747,134677,218,472,3223,107194,1215,92213,3442,199407,California
San Mateo,2021-03-09,4556,296001,2127,158423,2156,136833,273,745,3010,108937,1539,93752,3282,202689,California
San Mateo,2021-03-10,6920,302921,2644,161067,3990,140823,286,1031,4565,111446,2341,96093,4850,207539,California
San Mateo,2021-03-11,9134,312055,5735,166802,3007,143830,392,1423,3721,110174,5384,101477,4112,211651,California
San Mateo,2021-03-12,10508,322563,6609,173411,3518,147348,381,1804,3504,107073,6987,108464,3886,215537,California
San Mateo,2021-03-13,8104,330667,3421,176832,3056,150404,1627,3431,3911,108423,4181,112645,5531,221068,California
San Mateo,2021-03-14,4935,335602,3304,180136,1524,151928,107,3538,2900,109402,2028,114673,3007,224075,California
San Mateo,2021-03-15,7128,342730,4581,184717,2371,154299,176,3714,3770,109997,3352,118025,3947,228022,California
San Mateo,2021-03-16,11910,354640,4359,189076,7428,161727,123,3837,4860,107948,7034,125059,4985,233007,California
San Mateo,2021-03-17,10790,365430,4362,193438,6304,168031,124,3961,4892,107094,5874,130933,5020,238027,California
San Mateo,2021-03-18,7234,372664,4033,197471,3018,171049,183,4144,4307,108661,2921,133854,4488,242515,California
San Mateo,2021-03-19,7361,380025,4721,202192,1973,173022,667,4811,3609,109195,3742,137596,4276,246791,California
San Mateo,2021-03-20,8285,388310,6430,208622,1520,174542,335,5146,5412,112084,2858,140454,5747,252538,California
San Mateo,2021-03-21,4149,392459,3123,211745,795,175337,231,5377,2344,112862,1794,142248,2572,255110,California
San Mateo,2021-03-22,5219,397678,3546,215291,1256,176593,417,5794,2860,113793,2347,144595,3278,258388,California
San Mateo,2021-03-23,9781,407459,4449,219740,5136,181729,196,5990,4661,113558,5091,149686,4856,263244,California
San Mateo,2021-03-24,9443,416902,5445,225185,3858,185587,140,6130,4107,112533,5269,154955,4244,267488,California
San Mateo,2021-03-25,10014,426916,4877,230062,4869,190456,268,6398,4428,111747,5485,160440,4699,272187,California
San Mateo,2021-03-26,11146,438062,7664,237726,3317,193773,165,6563,4454,109712,6655,167095,4620,276807,California
San Mateo,2021-03-27,10433,448495,7967,245693,2361,196134,105,6668,4699,108797,5716,172811,4801,281608,California
San Mateo,2021-03-28,4215,452710,2700,248393,1404,197538,111,6779,2106,108915,2100,174911,2218,283826,California
San Mateo,2021-03-29,6017,458727,3747,252140,2018,199556,252,7031,2851,108871,3147,178058,3103,286929,California
San Mateo,2021-03-30,7076,465803,4013,256153,2909,202465,154,7185,4458,110880,2603,180661,4612,291541,California
San Mateo,2021-03-31,7196,472999,4544,260697,2514,204979,138,7323,4053,111944,3127,183788,4191,295732,California
San Mateo,2021-04-01,10402,483401,5106,265803,4115,209094,1181,8504,5583,113923,4781,188569,6760,302492,California
San Mateo,2021-04-02,10653,494054,5073,270876,4018,213112,1562,10066,5597,116042,5039,193608,7158,309650,California
San Mateo,2021-04-03,9673,503727,5483,276359,2456,215568,1734,11800,4890,117890,4778,198386,6626,316276,California
San Mateo,2021-04-04,5398,509125,2602,278961,1549,217117,1247,13047,1717,117182,3670,202056,2962,319238,California
San Mateo,2021-04-05,8959,518084,4769,283730,2456,219573,1734,14781,3861,117691,5084,207140,5593,324831,California
San Mateo,2021-04-06,13108,531192,8202,291932,3057,222630,1849,16630,7495,121442,5600,212740,9351,334182,California
San Mateo,2021-04-07,11328,542520,5244,297176,4413,227043,1671,18301,4816,121432,6491,219231,6481,340663,California
San Mateo,2021-04-08,10071,552591,5029,302205,2457,229500,2585,20886,4476,122903,5581,224812,7052,347715,California
San Mateo,2021-04-09,11239,563830,5462,307667,3302,232802,2475,23361,5072,124279,6165,230977,7541,355256,California
San Mateo,2021-04-10,11117,574947,5662,313329,4038,236840,1417,24778,4610,123818,6485,237462,6024,361280,California
San Mateo,2021-04-11,6608,581555,3281,316610,880,237720,2447,27225,2337,124332,4265,241727,4779,366059,California
San Mateo,2021-04-12,7299,588854,4469,321079,1874,239594,956,28181,3548,125102,3735,245462,4505,370564,California
San Mateo,2021-04-13,8138,596992,5091,326170,3038,242632,9,28190,4318,125618,3813,249275,4329,374893,California
San Mateo,2021-04-14,8338,605330,5423,331593,2914,245546,1,28191,4314,125926,4013,253288,4321,379214,California
San Mateo,2021-04-15,11011,616341,7322,338915,3688,249234,1,28192,7224,129389,3764,257052,7227,386441,California
San Mateo,2021-04-16,9928,626269,6858,345773,3054,252288,16,28208,6318,132134,3594,260646,6339,392780,California
San Mateo,2021-04-17,9615,635884,6412,352185,3200,255488,3,28211,6093,134724,3511,264157,6101,398881,California
San Mateo,2021-04-18,5388,641272,2581,354766,2807,258295,0,28211,3651,136654,1727,265884,3657,402538,California
San Mateo,2021-04-19,8309,649581,5402,360168,2907,261202,0,28211,5388,139138,2912,268796,5396,407934,California
San Mateo,2021-04-20,10184,659765,5649,365817,4535,265737,0,28211,6537,142053,3632,272428,6547,414481,California
San Mateo,2021-04-21,8936,668701,6043,371860,2893,268630,0,28211,5528,144193,3395,275823,5535,420016,California
San Mateo,2021-04-22,9417,678118,6262,378122,3154,271784,1,28212,5223,145259,4163,279986,5229,425245,California
San Mateo,2021-04-23,9435,687553,6207,384329,3228,275012,0,28212,5314,146491,4097,284083,5329,430574,California
San Mateo,2021-04-24,11198,698751,8006,392335,3192,278204,0,28212,6041,147403,5137,289220,6049,436623,California
San Mateo,2021-04-25,5489,704240,3856,396191,1632,279836,1,28213,3902,149741,1574,290794,3912,440535,California
San Mateo,2021-04-26,5993,710233,4383,400574,1603,281439,7,28220,3486,150745,2500,293294,3504,444039,California
San Mateo,2021-04-27,10639,720872,7534,408108,3001,284440,104,28324,4256,148750,6359,299653,4364,448403,California
San Mateo,2021-04-28,7630,728502,4416,412524,3010,287450,204,28528,3994,149324,3628,303281,4202,452605,California
San Mateo,2021-04-29,7874,736376,3685,416209,4014,291464,175,28703,3476,148612,4374,307655,3662,456267,California
San Mateo,2021-04-30,8029,744405,5062,421271,2813,294277,154,28857,3407,147585,4601,312256,3574,459841,California
San Mateo,2021-05-01,6084,750489,4080,425351,1885,296162,119,28976,2630,146906,3439,315695,2760,462601,California
San Mateo,2021-05-02,3145,753634,1724,427075,1350,297512,71,29047,1139,146122,1998,317693,1214,463815,California
San Mateo,2021-05-03,5953,759587,4449,431524,1361,298873,143,29190,1879,144080,4064,321757,2022,465837,California
San Mateo,2021-05-04,7044,766631,4751,436275,2123,300996,170,29360,2359,141950,4670,326427,2540,468377,California
San Mateo,2021-05-05,5130,771761,3228,439503,1860,302856,42,29402,1977,140837,3135,329562,2022,470399,California
San Mateo,2021-05-06,6276,778037,4859,444362,1346,304202,71,29473,1267,137189,4992,334554,1344,471743,California
San Mateo,2021-05-07,5435,783472,3813,448175,1480,305682,142,29615,1081,134086,4338,338892,1235,472978,California
Santa Barbara,2020-12-15,2,2,2,2,0,0,0,0,2,2,0,0,2,2,California
Santa Barbara,2020-12-16,2,4,2,4,0,0,0,0,2,4,0,0,2,4,California
Santa Barbara,2020-12-17,54,58,54,58,0,0,0,0,54,58,0,0,54,58,California
Santa Barbara,2020-12-18,378,436,377,435,1,1,0,0,378,436,0,0,378,436,California
Santa Barbara,2020-12-19,325,761,325,760,0,1,0,0,325,761,0,0,325,761,California
Santa Barbara,2020-12-20,235,996,235,995,0,1,0,0,235,996,0,0,235,996,California
Santa Barbara,2020-12-21,652,1648,650,1645,2,3,0,0,652,1648,0,0,652,1648,California
Santa Barbara,2020-12-22,244,1892,242,1887,2,5,0,0,244,1892,0,0,244,1892,California
Santa Barbara,2020-12-23,320,2212,202,2089,118,123,0,0,320,2212,0,0,320,2212,California
Santa Barbara,2020-12-24,88,2300,40,2129,48,171,0,0,88,2300,0,0,88,2300,California
Santa Barbara,2020-12-26,326,2626,66,2195,260,431,0,0,326,2626,0,0,326,2626,California
Santa Barbara,2020-12-27,62,2688,1,2196,61,492,0,0,62,2688,0,0,62,2688,California
Santa Barbara,2020-12-28,356,3044,223,2419,133,625,0,0,356,3044,0,0,356,3044,California
Santa Barbara,2020-12-29,555,3599,361,2780,194,819,0,0,555,3599,0,0,555,3599,California
Santa Barbara,2020-12-30,585,4184,403,3183,182,1001,0,0,585,4184,0,0,585,4184,California
Santa Barbara,2020-12-31,240,4424,114,3297,126,1127,0,0,240,4424,0,0,240,4424,California
Santa Barbara,2021-01-01,112,4536,108,3405,4,1131,0,0,112,4536,0,0,112,4536,California
Santa Barbara,2021-01-02,588,5124,223,3628,365,1496,0,0,588,5124,0,0,588,5124,California
Santa Barbara,2021-01-03,23,5147,15,3643,8,1504,0,0,23,5147,0,0,23,5147,California
Santa Barbara,2021-01-04,309,5456,246,3889,63,1567,0,0,308,5455,0,0,308,5455,California
Santa Barbara,2021-01-05,753,6209,380,4269,373,1940,0,0,726,6154,27,27,726,6181,California
Santa Barbara,2021-01-06,656,6865,276,4545,380,2320,0,0,597,6693,58,85,597,6778,California
Santa Barbara,2021-01-07,1033,7898,711,5256,322,2642,0,0,527,6718,502,587,527,7305,California
Santa Barbara,2021-01-08,1203,9101,843,6099,360,3002,0,0,710,6935,493,1080,710,8015,California
Santa Barbara,2021-01-09,566,9667,293,6392,273,3275,0,0,320,7009,246,1326,320,8335,California
Santa Barbara,2021-01-10,62,9729,50,6442,12,3287,0,0,46,7039,16,1342,46,8381,California
Santa Barbara,2021-01-11,839,10568,670,7112,169,3456,0,0,616,7433,222,1564,616,8997,California
Santa Barbara,2021-01-12,1426,11994,635,7747,791,4247,0,0,1269,8545,157,1721,1269,10266,California
Santa Barbara,2021-01-13,1227,13221,280,8027,947,5194,0,0,1101,9520,126,1847,1101,11367,California
Santa Barbara,2021-01-14,1248,14469,132,8159,1116,6310,0,0,1194,10662,53,1900,1195,12562,California
Santa Barbara,2021-01-15,1801,16270,419,8578,1382,7692,0,0,1721,12304,79,1979,1721,14283,California
Santa Barbara,2021-01-16,1272,17542,202,8780,1070,8762,0,0,1233,13499,38,2017,1233,15516,California
Santa Barbara,2021-01-17,123,17665,20,8800,103,8865,0,0,120,13616,3,2020,120,15636,California
Santa Barbara,2021-01-18,1151,18816,417,9217,734,9599,0,0,966,14397,185,2205,966,16602,California
Santa Barbara,2021-01-19,1638,20454,570,9787,1068,10667,0,0,1359,15478,278,2483,1359,17961,California
Santa Barbara,2021-01-20,2095,22549,544,10331,1551,12218,0,0,1737,16858,357,2840,1737,19698,California
Santa Barbara,2021-01-21,3089,25638,1818,12149,1271,13489,0,0,2930,19630,159,2999,2931,22629,California
Santa Barbara,2021-01-22,3016,28654,1864,14013,1152,14641,0,0,2852,22322,161,3160,2853,25482,California
Santa Barbara,2021-01-23,1734,30388,1106,15119,628,15269,0,0,1223,23035,510,3670,1223,26705,California
Santa Barbara,2021-01-24,844,31232,752,15871,92,15361,0,0,835,23861,9,3679,835,27540,California
Santa Barbara,2021-01-25,1244,32476,501,16372,743,16104,0,0,1004,24625,240,3919,1004,28544,California
Santa Barbara,2021-01-26,2051,34527,468,16840,1583,17687,0,0,1664,25904,385,4304,1664,30208,California
Santa Barbara,2021-01-27,1163,35690,400,17240,763,18450,0,0,902,26547,260,4564,903,31111,California
Santa Barbara,2021-01-28,896,36586,298,17538,598,19048,0,0,681,27016,212,4776,681,31792,California
Santa Barbara,2021-01-29,1333,37919,538,18076,795,19843,0,0,978,27644,352,5128,980,32772,California
Santa Barbara,2021-01-30,1892,39811,1420,19496,472,20315,0,0,1488,28731,401,5529,1488,34260,California
Santa Barbara,2021-01-31,1455,41266,1217,20713,238,20553,0,0,1416,30108,39,5568,1416,35676,California
Santa Barbara,2021-02-01,942,42208,520,21233,422,20975,0,0,554,30274,388,5956,554,36230,California
Santa Barbara,2021-02-02,1824,44032,700,21933,1124,22099,0,0,1049,30550,773,6729,1049,37279,California
Santa Barbara,2021-02-03,1942,45974,1078,23011,864,22963,0,0,1500,31618,432,7161,1500,38779,California
Santa Barbara,2021-02-04,2775,48749,1862,24873,913,23876,0,0,2481,33810,289,7450,2481,41260,California
Santa Barbara,2021-02-05,2905,51654,2060,26933,845,24721,0,0,2262,35430,642,8092,2262,43522,California
Santa Barbara,2021-02-06,1204,52858,338,27271,866,25587,0,0,794,35814,410,8502,794,44316,California
Santa Barbara,2021-02-07,301,53159,263,27534,38,25625,0,0,266,36046,34,8536,266,44582,California
Santa Barbara,2021-02-08,956,54115,311,27845,645,26270,0,0,669,36428,287,8823,669,45251,California
Santa Barbara,2021-02-09,2438,56553,313,28158,2125,28395,0,0,1121,36242,1307,10130,1121,46372,California
Santa Barbara,2021-02-10,2763,59316,1498,29656,1265,29660,0,0,780,35048,1974,12104,780,47152,California
Santa Barbara,2021-02-11,4184,63500,2806,32462,1378,31038,0,0,625,32123,3550,15654,625,47777,California
Santa Barbara,2021-02-12,3309,66809,949,33411,2360,33398,0,0,774,30368,2529,18183,774,48551,California
Santa Barbara,2021-02-13,1235,68044,341,33752,894,34292,0,0,561,30258,671,18854,561,49112,California
Santa Barbara,2021-02-14,331,68375,34,33786,297,34589,0,0,285,30497,46,18900,285,49397,California
Santa Barbara,2021-02-15,967,69342,338,34124,629,35218,0,0,493,30521,469,19369,493,49890,California
Santa Barbara,2021-02-16,2108,71450,397,34521,1711,36929,0,0,716,29849,1388,20757,716,50606,California
Santa Barbara,2021-02-17,1435,72885,321,34842,1114,38043,0,0,522,29460,911,21668,522,51128,California
Santa Barbara,2021-02-18,3254,76139,2647,37489,607,38650,0,0,1519,29279,1700,23368,1519,52647,California
Santa Barbara,2021-02-19,3594,79733,2641,40130,953,39603,0,0,2328,30344,1263,24631,2328,54975,California
Santa Barbara,2021-02-20,2221,81954,1435,41565,786,40389,0,0,1666,31464,546,25177,1666,56641,California
Santa Barbara,2021-02-21,127,82081,98,41663,29,40418,0,0,58,31453,69,25246,58,56699,California
Santa Barbara,2021-02-22,939,83020,247,41910,692,41110,0,0,261,31043,671,25917,261,56960,California
Santa Barbara,2021-02-23,3188,86208,1045,42955,2143,43253,0,0,421,28701,2763,28680,421,57381,California
Santa Barbara,2021-02-24,3197,89405,1088,44043,2109,45362,0,0,721,26957,2465,31145,721,58102,California
Santa Barbara,2021-02-25,3451,92856,1918,45961,1533,46895,0,0,985,25484,2459,33604,986,59088,California
Santa Barbara,2021-02-26,3665,96521,2175,48136,1490,48385,0,0,1979,25784,1679,35283,1979,61067,California
Santa Barbara,2021-02-27,1526,98047,562,48698,964,49349,0,0,845,25956,675,35958,847,61914,California
Santa Barbara,2021-02-28,1085,99132,221,48919,864,50213,0,0,893,26663,187,36145,894,62808,California
Santa Barbara,2021-03-01,1633,100765,465,49384,1168,51381,0,0,1085,27213,536,36681,1086,63894,California
Santa Barbara,2021-03-02,2618,103383,414,49798,2204,53585,0,0,2119,28847,486,37167,2120,66014,California
Santa Barbara,2021-03-03,4626,108009,2099,51897,2526,56111,1,1,4032,32299,584,37751,4036,70050,California
Santa Barbara,2021-03-04,3415,111424,2281,54178,1134,57245,0,1,2860,34612,547,38298,2860,72910,California
Santa Barbara,2021-03-05,3809,115233,2160,56338,1590,58835,59,60,3084,37036,719,39017,3143,76053,California
Santa Barbara,2021-03-06,2432,117665,724,57062,1488,60323,220,280,1666,38159,762,39779,1885,77938,California
Santa Barbara,2021-03-07,561,118226,122,57184,309,60632,130,410,382,38494,178,39957,513,78451,California
Santa Barbara,2021-03-08,1574,119800,377,57561,855,61487,342,752,792,38852,776,40733,1134,79585,California
Santa Barbara,2021-03-09,2772,122572,323,57884,1675,63162,774,1526,718,38289,2051,42784,1488,81073,California
Santa Barbara,2021-03-10,2750,125322,544,58428,1159,64321,1047,2573,1033,38658,1711,44495,2080,83153,California
Santa Barbara,2021-03-11,5571,130893,3027,61455,1431,65752,1113,3686,2280,38767,3279,47774,3388,86541,California
Santa Barbara,2021-03-12,3662,134555,2092,63547,1141,66893,429,4115,2173,39885,1481,49255,2599,89140,California
Santa Barbara,2021-03-13,3471,138026,1923,65470,1339,68232,209,4324,2693,42012,776,50031,2903,92043,California
Santa Barbara,2021-03-14,780,138806,369,65839,354,68586,57,4381,462,42213,318,50349,519,92562,California
Santa Barbara,2021-03-15,2106,140912,693,66532,1122,69708,291,4672,1267,42935,834,51183,1556,94118,California
Santa Barbara,2021-03-16,3723,144635,1170,67702,2211,71919,342,5014,2739,45035,981,52164,3081,97199,California
Santa Barbara,2021-03-17,3297,147932,972,68674,1920,73839,405,5419,2309,46759,986,53150,2710,99909,California
Santa Barbara,2021-03-18,5119,153051,2798,71472,2121,75960,200,5619,3898,49650,1207,54357,4098,104007,California
Santa Barbara,2021-03-19,4439,157490,2765,74237,1342,77302,332,5951,3050,51646,1385,55742,3381,107388,California
Santa Barbara,2021-03-20,2163,159653,827,75064,1325,78627,11,5962,1329,52153,832,56574,1339,108727,California
Santa Barbara,2021-03-21,1163,160816,382,75446,752,79379,29,5991,838,52697,323,56897,867,109594,California
Santa Barbara,2021-03-22,2774,163590,1912,77358,818,80197,44,6035,2221,54416,546,57443,2265,111859,California
Santa Barbara,2021-03-23,4472,168062,2251,79609,2125,82322,96,6131,3711,57472,751,58194,3807,115666,California
Santa Barbara,2021-03-24,5401,173463,3155,82764,1509,83831,737,6868,2969,58764,2412,60606,3704,119370,California
Santa Barbara,2021-03-25,5549,179012,3277,86041,2085,85916,187,7055,2776,58970,2757,63363,2963,122333,California
Santa Barbara,2021-03-26,5080,184092,3219,89260,1562,87478,299,7354,2239,58683,2825,66188,2538,124871,California
Santa Barbara,2021-03-27,2924,187016,1220,90480,1661,89139,43,7397,1594,58993,1325,67513,1635,126506,California
Santa Barbara,2021-03-28,2771,189787,1647,92127,1096,90235,28,7425,1887,60030,879,68392,1916,128422,California
Santa Barbara,2021-03-29,4043,193830,2086,94213,1886,92121,71,7496,3233,62528,806,69198,3304,131726,California
Santa Barbara,2021-03-30,6796,200626,3511,97724,3135,95256,150,7646,4568,65031,2213,71411,4716,136442,California
Santa Barbara,2021-03-31,8635,209261,5510,103234,3060,98316,65,7711,5051,66580,3567,74978,5116,141558,California
Santa Barbara,2021-04-01,6991,216252,5172,108406,1561,99877,258,7969,4145,68150,2831,77809,4401,145959,California
Santa Barbara,2021-04-02,6585,222837,4515,112921,1477,101354,593,8562,3374,68912,3204,81013,3966,149925,California
Santa Barbara,2021-04-03,3779,226616,2098,115019,1613,102967,68,8630,2493,70190,1282,82295,2560,152485,California
Santa Barbara,2021-04-04,897,227513,444,115463,413,103380,40,8670,499,70333,396,82691,539,153024,California
Santa Barbara,2021-04-05,3448,230961,2277,117740,914,104294,257,8927,2160,71468,1282,83973,2417,155441,California
Santa Barbara,2021-04-06,5443,236404,2806,120546,2103,106397,534,9461,3329,73228,2100,86073,3860,159301,California
Santa Barbara,2021-04-07,5982,242386,3282,123828,2160,108557,540,10001,4076,75947,1896,87969,4615,163916,California
Santa Barbara,2021-04-08,7362,249748,5012,128840,639,109196,1711,11712,3395,77085,3965,91934,5103,169019,California
Santa Barbara,2021-04-09,7245,256993,4824,133664,1076,110272,1345,13057,3257,77703,3980,95914,4598,173617,California
Santa Barbara,2021-04-10,6630,263623,4591,138255,1424,111696,615,13672,4508,80707,2118,98032,5122,178739,California
Santa Barbara,2021-04-11,2644,266267,1930,140185,415,112111,299,13971,1823,82009,815,98847,2117,180856,California
Santa Barbara,2021-04-12,4377,270644,2799,142984,1025,113136,553,14524,1873,81936,2497,101344,2424,183280,California
Santa Barbara,2021-04-13,6301,276945,4142,147126,2153,115289,6,14530,2617,80877,3681,105025,2622,185902,California
Santa Barbara,2021-04-14,6666,283611,4341,151467,2323,117612,2,14532,4152,82525,2505,107530,4153,190055,California
Santa Barbara,2021-04-15,6940,290551,4093,155560,2846,120458,1,14533,3847,83291,3083,110613,3849,193904,California
Santa Barbara,2021-04-16,6373,296924,3746,159306,2616,123074,11,14544,4393,85729,1965,112578,4403,198307,California
Santa Barbara,2021-04-17,5306,302230,3864,163170,1442,124516,0,14544,4102,88634,1197,113775,4102,202409,California
Santa Barbara,2021-04-18,2122,304352,1472,164642,650,125166,0,14544,370,87257,1748,115523,371,202780,California
Santa Barbara,2021-04-19,3197,307549,2216,166858,976,126142,5,14549,1000,86070,2193,117716,1006,203786,California
Santa Barbara,2021-04-20,5868,313417,3946,170804,1921,128063,1,14550,1658,83530,4198,121914,1658,205444,California
Santa Barbara,2021-04-21,5472,318889,3635,174439,1837,129900,0,14550,1743,81556,3717,125631,1743,207187,California
Santa Barbara,2021-04-22,5071,323960,2548,176987,2522,132422,1,14551,1458,79419,3598,129229,1461,208648,California
Santa Barbara,2021-04-23,5529,329489,3875,180862,1654,134076,0,14551,1955,77810,3564,132793,1955,210603,California
Santa Barbara,2021-04-24,4420,333909,2876,183738,1539,135615,5,14556,1666,76735,2746,135539,1671,212274,California
Santa Barbara,2021-04-25,1830,335739,1184,184922,646,136261,0,14556,501,75914,1322,136861,501,212775,California
Santa Barbara,2021-04-26,2855,338594,1775,186697,1060,137321,20,14576,431,73947,2418,139279,451,213226,California
Santa Barbara,2021-04-27,3593,342187,1981,188678,1525,138846,87,14663,1081,72610,2504,141783,1167,214393,California
Santa Barbara,2021-04-28,4884,347071,2862,191540,1906,140752,116,14779,1399,70652,3475,145258,1517,215910,California
Santa Barbara,2021-04-29,5247,352318,3801,195341,1219,141971,227,15006,1444,68534,3787,149045,1669,217579,California
Santa Barbara,2021-04-30,4942,357260,3692,199033,1086,143057,164,15170,1422,66609,3510,152555,1585,219164,California
Santa Barbara,2021-05-01,5237,362497,4060,203093,1145,144202,32,15202,907,63227,4323,156878,941,220105,California
Santa Barbara,2021-05-02,1133,363630,666,203759,339,144541,128,15330,310,62843,822,157700,438,220543,California
Santa Barbara,2021-05-03,2053,365683,1351,205110,575,145116,127,15457,444,61810,1604,159304,571,221114,California
Santa Barbara,2021-05-04,3286,368969,1669,206779,1550,146666,67,15524,1146,60895,2127,161431,1212,222326,California
Santa Barbara,2021-05-05,4798,373767,3332,210111,1372,148038,94,15618,422,57046,4366,165797,517,222843,California
Santa Barbara,2021-05-06,4439,378206,3568,213679,833,148871,38,15656,777,54212,3649,169446,815,223658,California
Santa Barbara,2021-05-07,2412,380618,1815,215494,486,149357,111,15767,711,53334,1699,171145,821,224479,California
Santa Clara,2020-12-15,65,65,65,65,0,0,0,0,65,65,0,0,65,65,California
Santa Clara,2020-12-16,136,201,136,201,0,0,0,0,136,201,0,0,136,201,California
Santa Clara,2020-12-17,392,593,392,593,0,0,0,0,392,593,0,0,392,593,California
Santa Clara,2020-12-18,1677,2270,1677,2270,0,0,0,0,1677,2270,0,0,1677,2270,California
Santa Clara,2020-12-19,2075,4345,2075,4345,0,0,0,0,2074,4344,0,0,2074,4344,California
Santa Clara,2020-12-20,1895,6240,1889,6234,6,6,0,0,1892,6236,0,0,1892,6236,California
Santa Clara,2020-12-21,2672,8912,2672,8906,0,6,0,0,2671,8907,0,0,2671,8907,California
Santa Clara,2020-12-22,3119,12031,3110,12016,9,15,0,0,3116,12023,0,0,3116,12023,California
Santa Clara,2020-12-23,3258,15289,3072,15088,186,201,0,0,3256,15279,0,0,3256,15279,California
Santa Clara,2020-12-24,1896,17185,1710,16798,186,387,0,0,1890,17168,1,1,1890,17169,California
Santa Clara,2020-12-25,343,17528,342,17140,1,388,0,0,343,17511,0,1,343,17512,California
Santa Clara,2020-12-26,1264,18792,1032,18172,232,620,0,0,1263,18774,0,1,1263,18775,California
Santa Clara,2020-12-27,647,19439,507,18679,140,760,0,0,647,19421,0,1,647,19422,California
Santa Clara,2020-12-28,2332,21771,1730,20409,602,1362,0,0,2332,21753,0,1,2332,21754,California
Santa Clara,2020-12-29,2328,24099,1468,21877,860,2222,0,0,2326,24079,0,1,2326,24080,California
Santa Clara,2020-12-30,2993,27092,1901,23778,1092,3314,0,0,2991,27068,2,3,2991,27071,California
Santa Clara,2020-12-31,1216,28308,392,24170,824,4138,0,0,1215,28282,1,4,1215,28286,California
Santa Clara,2021-01-01,142,28450,10,24180,132,4270,0,0,141,28422,1,5,141,28427,California
Santa Clara,2021-01-02,1087,29537,817,24997,270,4540,0,0,1087,29509,0,5,1087,29514,California
Santa Clara,2021-01-03,582,30119,367,25364,215,4755,0,0,577,30083,3,8,577,30091,California
Santa Clara,2021-01-04,2469,32588,1670,27034,799,5554,0,0,2466,32549,0,8,2466,32557,California
Santa Clara,2021-01-05,3065,35653,2009,29043,1056,6610,0,0,2877,35245,187,195,2883,35440,California
Santa Clara,2021-01-06,3326,38979,1961,31004,1365,7975,0,0,2751,37426,571,766,2752,38192,California
Santa Clara,2021-01-07,4215,43194,2557,33561,1658,9633,0,0,3147,39520,1058,1824,3152,41344,California
Santa Clara,2021-01-08,5845,49039,3820,37381,2025,11658,0,0,3791,41261,2050,3874,3791,45135,California
Santa Clara,2021-01-09,2973,52012,1865,39246,1108,12766,0,0,1689,41669,1284,5158,1692,46827,California
Santa Clara,2021-01-10,1955,53967,1510,40756,445,13211,0,0,745,41205,1209,6367,745,47572,California
Santa Clara,2021-01-11,5941,59908,3739,44495,2202,15413,0,0,3378,42026,2562,8929,3383,50955,California
Santa Clara,2021-01-12,6804,66712,3400,47895,3404,18817,0,0,4563,44350,2240,11169,4564,55519,California
Santa Clara,2021-01-13,7362,74074,3044,50939,4318,23135,0,0,5196,47383,2164,13333,5197,60716,California
Santa Clara,2021-01-14,8225,82299,2791,53730,5434,28569,0,0,6485,52136,1734,15067,6487,67203,California
Santa Clara,2021-01-15,9456,91755,2682,56412,6774,35343,0,0,8139,58966,1314,16381,8144,75347,California
Santa Clara,2021-01-16,4300,96055,1228,57640,3072,38415,0,0,3466,61602,830,17211,3466,78813,California
Santa Clara,2021-01-17,3217,99272,606,58246,2611,41026,0,0,2720,63825,497,17708,2720,81533,California
Santa Clara,2021-01-18,5090,104362,1152,59398,3938,44964,0,0,4537,67810,553,18261,4538,86071,California
Santa Clara,2021-01-19,8477,112839,2670,62068,5807,50771,0,0,6802,72943,1672,19933,6805,92876,California
Santa Clara,2021-01-20,8076,120915,4104,66172,3972,54743,0,0,6529,77930,1542,21475,6529,99405,California
Santa Clara,2021-01-21,8645,129560,3737,69909,4908,59651,0,0,7445,84179,1198,22673,7447,106852,California
Santa Clara,2021-01-22,8619,138179,3240,73149,5379,65030,0,0,8055,91674,563,23236,8058,114910,California
Santa Clara,2021-01-23,3782,141961,1690,74839,2092,67122,0,0,2822,93537,960,24196,2823,117733,California
Santa Clara,2021-01-24,2824,144785,1421,76260,1403,68525,0,0,2338,95392,483,24679,2338,120071,California
Santa Clara,2021-01-25,8372,153157,3783,80043,4589,73114,0,0,6307,99646,2057,26736,6311,126382,California
Santa Clara,2021-01-26,8236,161393,3767,83810,4469,77583,0,0,6119,103660,2107,28843,6121,132503,California
Santa Clara,2021-01-27,8712,170105,3829,87639,4883,82466,0,0,6789,108548,1902,30745,6790,139293,California
Santa Clara,2021-01-28,9459,179564,3793,91432,5666,88132,0,0,7501,114116,1937,32682,7505,146798,California
Santa Clara,2021-01-29,9504,189068,3940,95372,5564,93696,0,0,7336,119294,2159,34841,7337,154135,California
Santa Clara,2021-01-30,4185,193253,2076,97448,2109,95805,0,0,2979,121075,1199,36040,2980,157115,California
Santa Clara,2021-01-31,2173,195426,1304,98752,869,96674,0,0,1582,122069,588,36628,1582,158697,California
Santa Clara,2021-02-01,7828,203254,3484,102236,4344,101018,0,0,6141,126531,1680,38308,6142,164839,California
Santa Clara,2021-02-02,8522,211776,2874,105110,5648,106666,0,0,6524,131067,1991,40299,6527,171366,California
Santa Clara,2021-02-03,9192,220968,3481,108591,5711,112377,0,0,6914,135715,2272,42571,6920,178286,California
Santa Clara,2021-02-04,10891,231859,4117,112708,6774,119151,0,0,8609,142055,2272,44843,8612,186898,California
Santa Clara,2021-02-05,11913,243772,4347,117055,7566,126717,0,0,8452,147062,3446,48289,8453,195351,California
Santa Clara,2021-02-06,5183,248955,2818,119873,2365,129082,0,0,4020,149925,1159,49448,4022,199373,California
Santa Clara,2021-02-07,3473,252428,2348,122221,1125,130207,0,0,3020,152494,452,49900,3021,202394,California
Santa Clara,2021-02-08,10006,262434,3481,125702,6525,136732,0,0,7292,157087,2700,52600,7293,209687,California
Santa Clara,2021-02-09,11153,273587,3815,129517,7338,144070,0,0,7669,161285,3474,56074,7672,217359,California
Santa Clara,2021-02-10,12633,286220,4907,134424,7726,151796,0,0,6834,162335,5786,61860,6836,224195,California
Santa Clara,2021-02-11,13484,299704,4714,139138,8770,160566,0,0,7664,164195,5805,67665,7665,231860,California
Santa Clara,2021-02-12,14545,314249,4488,143626,10057,170623,0,0,6977,163626,7548,75213,6979,238839,California
Santa Clara,2021-02-13,6069,320318,1455,145081,4614,175237,0,0,2217,161999,3846,79059,2219,241058,California
Santa Clara,2021-02-14,4614,324932,1142,146223,3472,178709,0,0,1468,160324,3145,82204,1470,242528,California
Santa Clara,2021-02-15,6251,331183,2795,149018,3456,182165,0,0,2702,159485,3541,85745,2702,245230,California
Santa Clara,2021-02-16,13765,344948,3997,153015,9768,191933,0,0,6926,159589,6822,92567,6926,252156,California
Santa Clara,2021-02-17,14066,359014,5486,158501,8580,200513,0,0,7046,159638,7002,99569,7051,259207,California
Santa Clara,2021-02-18,14180,373194,8354,166855,5826,206339,0,0,7226,159955,6912,106481,7229,266436,California
Santa Clara,2021-02-19,14799,387993,9515,176370,5284,211623,0,0,8612,162401,6171,112652,8617,275053,California
Santa Clara,2021-02-20,6815,394808,5101,181471,1714,213337,0,0,3672,162940,3133,115785,3672,278725,California
Santa Clara,2021-02-21,3246,398054,2430,183901,816,214153,0,0,1164,162032,2074,117859,1166,279891,California
Santa Clara,2021-02-22,10154,408208,6081,189982,4073,218226,0,0,4733,161355,5411,123270,4734,284625,California
Santa Clara,2021-02-23,11871,420079,7704,197686,4167,222393,0,0,6736,162973,5122,128392,6740,291365,California
Santa Clara,2021-02-24,14131,434210,9102,206788,5029,227422,0,0,8748,166354,5367,133759,8748,300113,California
Santa Clara,2021-02-25,14592,448802,9236,216024,5356,232778,0,0,7881,167550,6690,140449,7886,307999,California
Santa Clara,2021-02-26,14551,463353,8433,224457,6118,238896,0,0,7996,169019,6530,146979,7999,315998,California
Santa Clara,2021-02-27,8060,471413,5495,229952,2564,241460,1,1,4458,169893,3592,150571,4466,320464,California
Santa Clara,2021-02-28,4720,476133,3073,233025,1647,243107,0,1,2204,169590,2507,153078,2204,322668,California
Santa Clara,2021-03-01,14062,490195,7972,240997,6087,249194,3,4,8701,172953,5341,158419,8704,331372,California
Santa Clara,2021-03-02,15859,506054,9387,250384,6471,255665,1,5,10109,177338,5726,164145,10111,341483,California
Santa Clara,2021-03-03,18422,524476,9039,259423,9382,265047,1,6,11442,181844,6943,171088,11449,352932,California
Santa Clara,2021-03-04,16388,540864,8934,268357,7451,272498,3,9,9550,184638,6761,177849,9555,362487,California
Santa Clara,2021-03-05,16464,557328,9141,277498,7198,279696,125,134,9128,186579,7316,185165,9257,371744,California
Santa Clara,2021-03-06,9354,566682,6268,283766,2650,282346,436,570,7043,191760,2298,187463,7479,379223,California
Santa Clara,2021-03-07,6726,573408,4412,288178,2082,284428,232,802,5356,195985,1362,188825,5587,384810,California
Santa Clara,2021-03-08,12835,586243,6681,294859,5593,290021,561,1363,8221,200171,4597,193422,8783,393593,California
Santa Clara,2021-03-09,14903,601146,6213,301072,7360,297381,1330,2693,6589,199791,8296,201718,7916,401509,California
Santa Clara,2021-03-10,14995,616141,6473,307545,6419,303800,2103,4796,6109,199121,8861,210579,8191,409700,California
Santa Clara,2021-03-11,16994,633135,7741,315286,7750,311550,1503,6299,6042,195729,10924,221503,7532,417232,California
Santa Clara,2021-03-12,17626,650761,9064,324350,6993,318543,1569,7868,5948,191592,11638,233141,7501,424733,California
Santa Clara,2021-03-13,10702,661463,6191,330541,3019,321562,1492,9360,4790,191969,5889,239030,6266,430999,California
Santa Clara,2021-03-14,6478,667941,3347,333888,1823,323385,1308,10668,3194,193194,3268,242298,4493,435492,California
Santa Clara,2021-03-15,12747,680688,6520,340408,5958,329343,269,10937,5972,192683,6753,249051,6242,441734,California
Santa Clara,2021-03-16,18137,698825,10253,350661,7676,337019,208,11145,8793,192366,9316,258367,8999,450733,California
Santa Clara,2021-03-17,19824,718649,11230,361891,8426,345445,168,11313,10238,193229,9538,267905,10401,461134,California
Santa Clara,2021-03-18,18989,737638,8882,370773,8946,354391,1161,12474,9047,193542,9890,277795,10203,471337,California
Santa Clara,2021-03-19,19161,756799,9852,380625,8311,362702,998,13472,9948,195325,9155,286950,10938,482275,California
Santa Clara,2021-03-20,11463,768262,6295,386920,4341,367043,827,14299,6746,198205,4689,291639,7569,489844,California
Santa Clara,2021-03-21,8259,776521,3736,390656,3124,370167,1399,15698,5545,202434,2704,294343,6933,496777,California
Santa Clara,2021-03-22,16255,792776,9067,399723,6844,377011,344,16042,9290,205126,6941,301284,9633,506410,California
Santa Clara,2021-03-23,19161,811937,12191,411914,6455,383466,515,16557,11241,209008,7874,309158,11756,518166,California
Santa Clara,2021-03-24,22530,834467,14512,426426,7609,391075,409,16966,14639,216210,7848,317006,15050,533216,California
Santa Clara,2021-03-25,22836,857303,13074,439500,8779,399854,983,17949,14746,223898,8028,325034,15716,548932,California
Santa Clara,2021-03-26,21825,879128,13906,453406,7536,407390,383,18332,13504,229497,8284,333318,13883,562815,California
Santa Clara,2021-03-27,15614,894742,10383,463789,4468,411858,763,19095,8426,231536,7146,340464,9185,572000,California
Santa Clara,2021-03-28,11992,906734,8296,472085,2982,414840,714,19809,6491,233260,5476,345940,7200,579200,California
Santa Clara,2021-03-29,20527,927261,12589,484674,7213,422053,725,20534,11189,235867,9299,355239,11906,591106,California
Santa Clara,2021-03-30,25529,952790,15201,499875,8395,430448,1933,22467,16346,244991,9149,364388,18273,609379,California
Santa Clara,2021-03-31,20336,973126,11790,511665,7421,437869,1125,23592,12584,250973,7715,372103,13697,623076,California
Santa Clara,2021-04-01,31470,1004596,19659,531324,8820,446689,2991,26583,19907,262348,11503,383606,22878,645954,California
Santa Clara,2021-04-02,24927,1029523,14226,545550,8585,455274,2116,28699,16288,272135,8606,392212,18393,664347,California
Santa Clara,2021-04-03,15136,1044659,9167,554717,3479,458753,2490,31189,8409,276318,6708,398920,10891,675238,California
Santa Clara,2021-04-04,7588,1052247,4016,558733,2417,461170,1155,32344,3952,277796,3627,402547,5105,680343,California
Santa Clara,2021-04-05,21701,1073948,14482,573215,4759,465929,2460,34804,14157,286888,7520,410067,16612,696955,California
Santa Clara,2021-04-06,29307,1103255,16161,589376,7737,473666,5409,40213,17591,298198,11675,421742,22985,719940,California
Santa Clara,2021-04-07,30592,1133847,15805,605181,8362,482028,6425,46638,18687,311432,11853,433595,25087,745027,California
Santa Clara,2021-04-08,29604,1163451,16167,621348,5934,487962,7503,54141,16106,321589,13426,447021,23583,768610,California
Santa Clara,2021-04-09,27638,1191089,13702,635050,6773,494735,7163,61304,14094,329329,13490,460511,21230,789840,California
Santa Clara,2021-04-10,21218,1212307,12289,647339,3736,498471,5193,66497,11375,336052,9813,470324,16536,806376,California
Santa Clara,2021-04-11,15934,1228241,9544,656883,2631,501102,3759,70256,8264,340420,7641,477965,12009,818385,California
Santa Clara,2021-04-12,26725,1254966,18830,675713,5488,506590,2407,72663,18249,352644,8424,486389,20648,839033,California
Santa Clara,2021-04-13,34186,1289152,26943,702656,7216,513806,27,72690,26390,371362,7721,494110,26439,865472,California
Santa Clara,2021-04-14,36423,1325575,27601,730257,8819,522625,3,72693,25885,386799,10477,504587,25914,891386,California
Santa Clara,2021-04-15,43791,1369366,33988,764245,9802,532427,1,72694,33768,410669,9923,514510,33793,925179,California
Santa Clara,2021-04-16,37760,1407126,26139,790384,11619,544046,2,72696,27312,427622,10384,524894,27337,952516,California
Santa Clara,2021-04-17,21491,1428617,14943,805327,6547,550593,1,72697,14960,436109,6490,531384,14977,967493,California
Santa Clara,2021-04-18,16299,1444916,10574,815901,5725,556318,0,72697,10204,440261,6062,537446,10214,977707,California
Santa Clara,2021-04-19,28517,1473433,20589,836490,7927,564245,1,72698,17111,446062,11340,548786,17141,994848,California
Santa Clara,2021-04-20,36631,1510064,22208,858698,14423,578668,0,72698,22465,454495,14061,562847,22494,1017342,California
Santa Clara,2021-04-21,36489,1546553,21069,879767,15419,594087,1,72699,24128,466373,12283,575130,24161,1041503,California
Santa Clara,2021-04-22,36886,1583439,24511,904278,12374,606461,1,72700,17356,464354,19436,594566,17417,1058920,California
Santa Clara,2021-04-23,31803,1615242,19381,923659,12422,618883,0,72700,14964,462627,16740,611306,15013,1073933,California
Santa Clara,2021-04-24,20457,1635699,14813,938472,5643,624526,1,72701,11416,465095,8975,620281,11443,1085376,California
Santa Clara,2021-04-25,13201,1648900,9467,947939,3727,628253,7,72708,8298,468562,4860,625141,8327,1093703,California
Santa Clara,2021-04-26,23239,1672139,18016,965955,5166,633419,57,72765,9518,464528,13631,638772,9597,1103300,California
Santa Clara,2021-04-27,25806,1697945,18439,984394,7080,640499,287,73052,11264,461658,14454,653226,11584,1114884,California
Santa Clara,2021-04-28,24631,1722576,18013,1002407,6180,646679,438,73490,10123,457846,14427,667653,10615,1125499,California
Santa Clara,2021-04-29,23044,1745620,16728,1019135,5921,652600,395,73885,8319,451962,14659,682312,8775,1134274,California
Santa Clara,2021-04-30,22609,1768229,15456,1034591,6794,659394,359,74244,9546,448950,12982,695294,9970,1144244,California
Santa Clara,2021-05-01,17111,1785340,14204,1048795,2652,662046,255,74499,5421,443021,11646,706940,5717,1149961,California
Santa Clara,2021-05-02,10888,1796228,8970,1057765,1691,663737,227,74726,3483,439385,7368,714308,3732,1153693,California
Santa Clara,2021-05-03,22214,1818442,18828,1076593,2952,666689,434,75160,5088,427879,17056,731364,5550,1159243,California
Santa Clara,2021-05-04,30009,1848451,23436,1100029,6040,672729,533,75693,5208,408945,24708,756072,5774,1165017,California
Santa Clara,2021-05-05,27157,1875608,21000,1121029,5887,678616,270,75963,4227,390606,22860,778932,4521,1169538,California
Santa Clara,2021-05-06,13651,1889259,10596,1131625,2894,681510,161,76124,2045,381275,11556,790488,2225,1171763,California
Santa Clara,2021-05-07,10935,1900194,7762,1139387,3055,684565,118,76242,1625,373769,9275,799763,1769,1173532,California
Santa Cruz,2020-12-15,2,2,2,2,0,0,0,0,2,2,0,0,2,2,California
Santa Cruz,2020-12-16,58,60,58,60,0,0,0,0,58,60,0,0,58,60,California
Santa Cruz,2020-12-17,389,449,389,449,0,0,0,0,389,449,0,0,389,449,California
Santa Cruz,2020-12-18,464,913,464,913,0,0,0,0,464,913,0,0,464,913,California
Santa Cruz,2020-12-19,179,1092,178,1091,1,1,0,0,179,1092,0,0,179,1092,California
Santa Cruz,2020-12-20,95,1187,95,1186,0,1,0,0,95,1187,0,0,95,1187,California
Santa Cruz,2020-12-21,437,1624,437,1623,0,1,0,0,437,1624,0,0,437,1624,California
Santa Cruz,2020-12-22,424,2048,423,2046,1,2,0,0,424,2048,0,0,424,2048,California
Santa Cruz,2020-12-23,372,2420,329,2375,43,45,0,0,372,2420,0,0,372,2420,California
Santa Cruz,2020-12-24,125,2545,49,2424,76,121,0,0,125,2545,0,0,125,2545,California
Santa Cruz,2020-12-25,11,2556,11,2435,0,121,0,0,11,2556,0,0,11,2556,California
Santa Cruz,2020-12-26,64,2620,45,2480,19,140,0,0,64,2620,0,0,64,2620,California
Santa Cruz,2020-12-27,32,2652,27,2507,5,145,0,0,32,2652,0,0,32,2652,California
Santa Cruz,2020-12-28,485,3137,108,2615,377,522,0,0,485,3137,0,0,485,3137,California
Santa Cruz,2020-12-29,798,3935,369,2984,429,951,0,0,798,3935,0,0,798,3935,California
Santa Cruz,2020-12-30,356,4291,164,3148,192,1143,0,0,356,4291,0,0,356,4291,California
Santa Cruz,2020-12-31,313,4604,11,3159,302,1445,0,0,313,4604,0,0,313,4604,California
Santa Cruz,2021-01-01,33,4637,1,3160,32,1477,0,0,33,4637,0,0,33,4637,California
Santa Cruz,2021-01-02,71,4708,57,3217,14,1491,0,0,71,4708,0,0,71,4708,California
Santa Cruz,2021-01-03,15,4723,7,3224,8,1499,0,0,15,4723,0,0,15,4723,California
Santa Cruz,2021-01-04,281,5004,123,3347,158,1657,0,0,279,5002,0,0,279,5002,California
Santa Cruz,2021-01-05,566,5570,429,3776,137,1794,0,0,264,4964,302,302,264,5266,California
Santa Cruz,2021-01-06,803,6373,670,4446,133,1927,0,0,464,5090,338,640,464,5730,California
Santa Cruz,2021-01-07,538,6911,211,4657,327,2254,0,0,385,5323,153,793,386,6116,California
Santa Cruz,2021-01-08,935,7846,562,5219,373,2627,0,0,487,5363,448,1241,488,6604,California
Santa Cruz,2021-01-09,464,8310,123,5342,341,2968,0,0,410,5719,54,1295,410,7014,California
Santa Cruz,2021-01-10,80,8390,70,5412,10,2978,0,0,21,5681,59,1354,21,7035,California
Santa Cruz,2021-01-11,726,9116,592,6004,134,3112,0,0,191,5338,535,1889,192,7227,California
Santa Cruz,2021-01-12,736,9852,532,6536,204,3316,0,0,493,5588,243,2132,493,7720,California
Santa Cruz,2021-01-13,525,10377,228,6764,297,3613,0,0,441,5948,81,2213,441,8161,California
Santa Cruz,2021-01-14,559,10936,103,6867,456,4069,0,0,493,6375,66,2279,493,8654,California
Santa Cruz,2021-01-15,1458,12394,77,6944,1381,5450,0,0,1393,7706,64,2343,1395,10049,California
Santa Cruz,2021-01-16,426,12820,53,6997,373,5823,0,0,407,8094,19,2362,407,10456,California
Santa Cruz,2021-01-17,297,13117,41,7038,256,6079,0,0,272,8341,25,2387,272,10728,California
Santa Cruz,2021-01-18,1016,14133,106,7144,910,6989,0,0,954,9233,62,2449,954,11682,California
Santa Cruz,2021-01-19,1623,15756,525,7669,1098,8087,0,0,1270,10153,351,2800,1271,12953,California
Santa Cruz,2021-01-20,1239,16995,182,7851,1057,9144,0,0,1043,11003,193,2993,1043,13996,California
Santa Cruz,2021-01-21,1711,18706,201,8052,1510,10654,0,0,1603,12500,108,3101,1605,15601,California
Santa Cruz,2021-01-22,1799,20505,532,8584,1267,11921,0,0,1697,14099,99,3200,1698,17299,California
Santa Cruz,2021-01-23,402,20907,147,8731,255,12176,0,0,342,14382,59,3259,342,17641,California
Santa Cruz,2021-01-24,116,21023,21,8752,95,12271,0,0,98,14462,18,3277,98,17739,California
Santa Cruz,2021-01-25,1064,22087,362,9114,702,12973,0,0,553,14504,511,3788,553,18292,California
Santa Cruz,2021-01-26,1696,23783,249,9363,1447,14420,0,0,1183,15174,513,4301,1183,19475,California
Santa Cruz,2021-01-27,1653,25436,449,9812,1204,15624,0,0,1269,16061,382,4683,1269,20744,California
Santa Cruz,2021-01-28,1749,27185,291,10103,1458,17082,0,0,1473,17259,276,4959,1474,22218,California
Santa Cruz,2021-01-29,1736,28921,490,10593,1246,18328,0,0,1606,18736,129,5088,1606,23824,California
Santa Cruz,2021-01-30,1060,29981,309,10902,751,19079,0,0,926,19528,134,5222,926,24750,California
Santa Cruz,2021-01-31,222,30203,113,11015,109,19188,0,0,208,19722,14,5236,208,24958,California
Santa Cruz,2021-02-01,1235,31438,761,11776,474,19662,0,0,828,20143,407,5643,828,25786,California
Santa Cruz,2021-02-02,1010,32448,128,11904,882,20544,0,0,856,20846,153,5796,856,26642,California
Santa Cruz,2021-02-03,2238,34686,961,12865,1277,21821,0,0,1923,22458,311,6107,1923,28565,California
Santa Cruz,2021-02-04,1855,36541,774,13639,1081,22902,0,0,1517,23638,337,6444,1517,30082,California
Santa Cruz,2021-02-05,3172,39713,793,14432,2379,25281,0,0,2851,26169,320,6764,2851,32933,California
Santa Cruz,2021-02-06,2588,42301,163,14595,2425,27706,0,0,2242,28065,346,7110,2242,35175,California
Santa Cruz,2021-02-07,909,43210,122,14717,787,28493,0,0,891,28938,18,7128,891,36066,California
Santa Cruz,2021-02-08,717,43927,203,14920,514,29007,0,0,516,29254,200,7328,516,36582,California
Santa Cruz,2021-02-09,2376,46303,1056,15976,1320,30327,0,0,2109,31100,263,7591,2109,38691,California
Santa Cruz,2021-02-10,2203,48506,580,16556,1623,31950,0,0,1502,31911,692,8283,1503,40194,California
Santa Cruz,2021-02-11,1861,50367,318,16874,1543,33493,0,0,1332,32716,527,8810,1332,41526,California
Santa Cruz,2021-02-12,3228,53595,421,17295,2807,36300,0,0,1819,33137,1400,10210,1821,43347,California
Santa Cruz,2021-02-13,1713,55308,124,17419,1589,37889,0,0,1299,34022,414,10624,1299,44646,California
Santa Cruz,2021-02-14,1410,56718,70,17489,1340,39229,0,0,1146,34904,264,10888,1146,45792,California
Santa Cruz,2021-02-15,1584,58302,281,17770,1303,40532,0,0,566,34453,1018,11906,567,46359,California
Santa Cruz,2021-02-16,1697,59999,208,17978,1489,42021,0,0,538,33854,1137,13043,538,46897,California
Santa Cruz,2021-02-17,2923,62922,977,18955,1946,43967,0,0,1220,33387,1690,14733,1223,48120,California
Santa Cruz,2021-02-18,2883,65805,638,19593,2245,46212,0,0,1232,32972,1647,16380,1232,49352,California
Santa Cruz,2021-02-19,3272,69077,1148,20741,2124,48336,0,0,2012,33727,1257,17637,2012,51364,California
Santa Cruz,2021-02-20,2388,71465,1500,22241,888,49224,0,0,1892,35123,496,18133,1892,53256,California
Santa Cruz,2021-02-21,830,72295,363,22604,467,49691,0,0,703,35701,125,18258,703,53959,California
Santa Cruz,2021-02-22,1258,73553,967,23571,291,49982,0,0,535,35515,721,18979,535,54494,California
Santa Cruz,2021-02-23,2099,75652,938,24509,1161,51143,0,0,710,34837,1388,20367,710,55204,California
Santa Cruz,2021-02-24,3195,78847,1673,26182,1522,52665,0,0,1217,34080,1974,22341,1217,56421,California
Santa Cruz,2021-02-25,3248,82095,1437,27619,1811,54476,0,0,1786,34412,1455,23796,1787,58208,California
Santa Cruz,2021-02-26,2730,84825,767,28386,1963,56439,0,0,1553,34794,1173,24969,1555,59763,California
Santa Cruz,2021-02-27,2633,87458,930,29316,1703,58142,0,0,1834,35830,798,25767,1834,61597,California
Santa Cruz,2021-02-28,1302,88760,361,29677,941,59083,0,0,1086,36703,213,25980,1086,62683,California
Santa Cruz,2021-03-01,1830,90590,1255,30932,575,59658,0,0,690,36256,1137,27117,690,63373,California
Santa Cruz,2021-03-02,1536,92126,361,31293,1175,60833,0,0,859,36443,675,27792,862,64235,California
Santa Cruz,2021-03-03,2370,94496,633,31926,1737,62570,0,0,1299,36674,1068,28860,1299,65534,California
Santa Cruz,2021-03-04,3018,97514,1415,33341,1602,64172,1,1,2033,37735,974,29834,2035,67569,California
Santa Cruz,2021-03-05,2615,100129,487,33828,2110,66282,18,19,1134,37409,1478,31312,1152,68721,California
Santa Cruz,2021-03-06,3872,104001,1347,35175,2420,68702,105,124,2159,37958,1713,33025,2262,70983,California
Santa Cruz,2021-03-07,1348,105349,129,35304,1145,69847,74,198,557,37799,790,33815,631,71614,California
Santa Cruz,2021-03-08,1085,106434,219,35523,737,70584,129,327,653,38150,431,34246,782,72396,California
Santa Cruz,2021-03-09,1775,108209,244,35767,1384,71968,147,474,701,37926,1072,35318,848,73244,California
Santa Cruz,2021-03-10,3865,112074,2092,37859,1623,73591,150,624,1997,38209,1866,37184,2149,75393,California
Santa Cruz,2021-03-11,2809,114883,1220,39079,1414,75005,175,799,1547,38672,1261,38445,1724,77117,California
Santa Cruz,2021-03-12,2766,117649,892,39971,1580,76585,294,1093,911,38025,1851,40296,1204,78321,California
Santa Cruz,2021-03-13,2315,119964,1336,41307,935,77520,44,1137,1181,38121,1131,41427,1227,79548,California
Santa Cruz,2021-03-14,906,120870,217,41524,675,78195,14,1151,441,38112,463,41890,454,80002,California
Santa Cruz,2021-03-15,1358,122228,483,42007,839,79034,36,1187,585,37964,770,42660,622,80624,California
Santa Cruz,2021-03-16,2317,124545,1088,43095,1187,80221,42,1229,1340,38371,974,43634,1381,82005,California
Santa Cruz,2021-03-17,3871,128416,2235,45330,1626,81847,10,1239,2517,39551,1350,44984,2530,84535,California
Santa Cruz,2021-03-18,3868,132284,2093,47423,1655,83502,120,1359,2065,39936,1800,46784,2185,86720,California
Santa Cruz,2021-03-19,3283,135567,1324,48747,1734,85236,225,1584,1652,40187,1626,48410,1877,88597,California
Santa Cruz,2021-03-20,2172,137739,1615,50362,520,85756,37,1621,1097,40249,1072,49482,1134,89731,California
Santa Cruz,2021-03-21,828,138567,441,50803,265,86021,122,1743,445,40436,381,49863,568,90299,California
Santa Cruz,2021-03-22,1379,139946,852,51655,504,86525,23,1766,946,40976,430,50293,970,91269,California
Santa Cruz,2021-03-23,2568,142514,1444,53099,1074,87599,50,1816,1712,41884,854,51147,1762,93031,California
Santa Cruz,2021-03-24,3035,145549,2039,55138,975,88574,21,1837,1998,42870,1032,52179,2018,95049,California
Santa Cruz,2021-03-25,2652,148201,1332,56470,1285,89859,35,1872,1357,42974,1288,53467,1392,96441,California
Santa Cruz,2021-03-26,3039,151240,1835,58305,1177,91036,27,1899,2055,44079,977,54444,2082,98523,California
Santa Cruz,2021-03-27,3240,154480,2014,60319,1201,92237,25,1924,1529,43932,1702,56146,1555,100078,California
Santa Cruz,2021-03-28,934,155414,573,60892,347,92584,14,1938,497,44010,433,56579,511,100589,California
Santa Cruz,2021-03-29,1979,157393,884,61776,1027,93611,68,2006,1279,44660,697,57276,1347,101936,California
Santa Cruz,2021-03-30,2732,160125,822,62598,1747,95358,163,2169,1757,45607,972,58248,1919,103855,California
Santa Cruz,2021-03-31,4089,164214,2736,65334,1305,96663,48,2217,2104,45778,1981,60229,2152,106007,California
Santa Cruz,2021-04-01,4049,168263,2160,67494,1782,98445,107,2324,2052,45945,1992,62221,2159,108166,California
Santa Cruz,2021-04-02,3179,171442,1431,68925,1566,100011,182,2506,1769,46491,1405,63626,1951,110117,California
Santa Cruz,2021-04-03,2263,173705,1233,70158,895,100906,135,2641,892,46148,1369,64995,1026,111143,California
Santa Cruz,2021-04-04,937,174642,491,70649,391,101297,55,2696,551,46368,386,65381,606,111749,California
Santa Cruz,2021-04-05,2277,176919,794,71443,1313,102610,170,2866,1407,47077,869,66250,1578,113327,California
Santa Cruz,2021-04-06,3415,180334,1656,73099,1376,103986,383,3249,1978,48009,1427,67677,2359,115686,California
Santa Cruz,2021-04-07,4164,184498,1640,74739,2160,106146,364,3613,1873,47958,2287,69964,2236,117922,California
Santa Cruz,2021-04-08,4274,188772,2353,77092,1403,107549,518,4131,2516,49240,1750,71714,3032,120954,California
Santa Cruz,2021-04-09,3571,192343,1508,78600,1661,109210,402,4533,1962,50001,1604,73318,2365,123319,California
Santa Cruz,2021-04-10,2265,194608,1094,79694,919,110129,252,4785,1070,50131,1191,74509,1321,124640,California
Santa Cruz,2021-04-11,992,195600,517,80211,383,110512,92,4877,477,50185,515,75024,569,125209,California
Santa Cruz,2021-04-12,2288,197888,820,81031,1039,111551,429,5306,1089,50518,1184,76208,1517,126726,California
Santa Cruz,2021-04-13,2901,200789,1462,82493,1437,112988,2,5308,1633,50890,1263,77471,1635,128361,California
Santa Cruz,2021-04-14,4642,205431,2262,84755,2380,115368,0,5308,2381,51020,2253,79724,2383,130744,California
Santa Cruz,2021-04-15,5008,210439,3193,87948,1815,117183,0,5308,3162,52347,1835,81559,3162,133906,California
Santa Cruz,2021-04-16,4433,214872,2549,90497,1882,119065,2,5310,2472,52869,1954,83513,2476,136382,California
Santa Cruz,2021-04-17,2276,217148,897,91394,1379,120444,0,5310,1513,53621,761,84274,1513,137895,California
Santa Cruz,2021-04-18,1078,218226,518,91912,559,121003,1,5311,601,53748,475,84749,602,138497,California
Santa Cruz,2021-04-19,2438,220664,1527,93439,910,121913,1,5312,1506,54325,929,85678,1506,140003,California
Santa Cruz,2021-04-20,3121,223785,1691,95130,1430,123343,0,5312,1767,54750,1343,87021,1768,141771,California
Santa Cruz,2021-04-21,4281,228066,2895,98025,1386,124729,0,5312,2410,55304,1856,88877,2410,144181,California
Santa Cruz,2021-04-22,4342,232408,2927,100952,1415,126144,0,5312,2440,55852,1892,90769,2440,146621,California
Santa Cruz,2021-04-23,3086,235494,1747,102699,1338,127482,1,5313,1391,55558,1686,92455,1392,148013,California
Santa Cruz,2021-04-24,2254,237748,1086,103785,1165,128647,3,5316,694,54704,1551,94006,697,148710,California
Santa Cruz,2021-04-25,1096,238844,700,104485,384,129031,12,5328,451,54529,637,94643,462,149172,California
Santa Cruz,2021-04-26,1775,240619,908,105393,853,129884,14,5342,672,54123,1093,95736,687,149859,California
Santa Cruz,2021-04-27,2772,243391,852,106245,1854,131738,66,5408,1383,54188,1384,97120,1449,151308,California
Santa Cruz,2021-04-28,3423,246814,1902,108147,1446,133184,75,5483,1799,54445,1614,98734,1871,153179,California
Santa Cruz,2021-04-29,3733,250547,2479,110626,1191,134375,63,5546,1286,53361,2434,101168,1350,154529,California
Santa Cruz,2021-04-30,2265,252812,1217,111843,1005,135380,43,5589,1013,53173,1244,102412,1056,155585,California
Santa Cruz,2021-05-01,1298,254110,1038,112881,227,135607,33,5622,597,53104,699,103111,630,156215,California
Santa Cruz,2021-05-02,637,254747,464,113345,148,135755,25,5647,201,52895,436,103547,227,156442,California
Santa Cruz,2021-05-03,1837,256584,947,114292,824,136579,66,5713,615,52366,1211,104758,682,157124,California
Santa Cruz,2021-05-04,2599,259183,1477,115769,1050,137629,72,5785,794,51430,1801,106559,865,157989,California
Santa Cruz,2021-05-05,2219,261402,1081,116850,1116,138745,22,5807,465,50203,1717,108276,490,158479,California
Santa Cruz,2021-05-06,3285,264687,2180,119030,926,139671,179,5986,637,48383,2633,110909,813,159292,California
Santa Cruz,2021-05-07,2120,266807,986,120016,1121,140792,13,5999,281,46840,1837,112746,294,159586,California
Shasta,2020-12-16,131,131,131,131,0,0,0,0,131,131,0,0,131,131,California
Shasta,2020-12-17,418,549,418,549,0,0,0,0,418,549,0,0,418,549,California
Shasta,2020-12-18,166,715,166,715,0,0,0,0,166,715,0,0,166,715,California
Shasta,2020-12-19,1,716,1,716,0,0,0,0,1,716,0,0,1,716,California
Shasta,2020-12-21,79,795,79,795,0,0,0,0,79,795,0,0,79,795,California
Shasta,2020-12-22,191,986,186,981,5,5,0,0,191,986,0,0,191,986,California
Shasta,2020-12-23,173,1159,169,1150,4,9,0,0,173,1159,0,0,173,1159,California
Shasta,2020-12-24,18,1177,18,1168,0,9,0,0,18,1177,0,0,18,1177,California
Shasta,2020-12-26,4,1181,1,1169,3,12,0,0,4,1181,0,0,4,1181,California
Shasta,2020-12-27,1,1182,0,1169,1,13,0,0,1,1182,0,0,1,1182,California
Shasta,2020-12-28,40,1222,31,1200,9,22,0,0,40,1222,0,0,40,1222,California
Shasta,2020-12-29,186,1408,185,1385,1,23,0,0,186,1408,0,0,186,1408,California
Shasta,2020-12-30,178,1586,168,1553,10,33,0,0,178,1586,0,0,178,1586,California
Shasta,2020-12-31,83,1669,2,1555,81,114,0,0,83,1669,0,0,83,1669,California
Shasta,2021-01-02,2,1671,0,1555,2,116,0,0,2,1671,0,0,2,1671,California
Shasta,2021-01-03,1,1672,1,1556,0,116,0,0,1,1672,0,0,1,1672,California
Shasta,2021-01-04,372,2044,306,1862,66,182,0,0,373,2045,0,0,373,2045,California
Shasta,2021-01-05,335,2379,314,2176,21,203,0,0,254,2218,81,81,254,2299,California
Shasta,2021-01-06,466,2845,395,2571,71,274,0,0,204,2161,261,342,204,2503,California
Shasta,2021-01-07,125,2970,36,2607,89,363,0,0,104,2244,21,363,104,2607,California
Shasta,2021-01-08,525,3495,448,3055,77,440,0,0,317,2353,208,571,317,2924,California
Shasta,2021-01-09,72,3567,63,3118,9,449,0,0,70,2421,2,573,70,2994,California
Shasta,2021-01-10,5,3572,0,3118,5,454,0,0,4,2425,1,574,5,2999,California
Shasta,2021-01-11,406,3978,184,3302,222,676,0,0,371,2761,35,609,371,3370,California
Shasta,2021-01-12,484,4462,327,3629,157,833,0,0,310,2897,174,783,310,3680,California
Shasta,2021-01-13,599,5061,267,3896,332,1165,0,0,430,3158,169,952,430,4110,California
Shasta,2021-01-14,499,5560,51,3947,448,1613,0,0,481,3621,18,970,481,4591,California
Shasta,2021-01-15,692,6252,136,4083,556,2169,0,0,690,4309,2,972,690,5281,California
Shasta,2021-01-16,897,7149,54,4137,843,3012,0,0,894,5200,3,975,894,6175,California
Shasta,2021-01-17,27,7176,6,4143,21,3033,0,0,23,5219,4,979,23,6198,California
Shasta,2021-01-18,599,7775,129,4272,470,3503,0,0,591,5802,8,987,591,6789,California
Shasta,2021-01-19,1058,8833,398,4670,660,4163,0,0,910,6564,148,1135,910,7699,California
Shasta,2021-01-20,679,9512,411,5081,268,4431,0,0,494,6878,180,1315,494,8193,California
Shasta,2021-01-21,632,10144,279,5360,353,4784,0,0,609,7464,23,1338,609,8802,California
Shasta,2021-01-22,445,10589,171,5531,274,5058,0,0,439,7897,6,1344,439,9241,California
Shasta,2021-01-23,68,10657,5,5536,63,5121,0,0,67,7963,1,1345,67,9308,California
Shasta,2021-01-24,25,10682,2,5538,23,5144,0,0,24,7986,1,1346,24,9332,California
Shasta,2021-01-25,750,11432,491,6029,259,5403,0,0,464,8165,285,1631,464,9796,California
Shasta,2021-01-26,710,12142,333,6362,377,5780,0,0,476,8409,232,1863,476,10272,California
Shasta,2021-01-27,459,12601,179,6541,280,6060,0,0,410,8770,49,1912,410,10682,California
Shasta,2021-01-28,886,13487,576,7117,310,6370,0,0,664,9212,222,2134,664,11346,California
Shasta,2021-01-29,831,14318,330,7447,501,6871,0,0,641,9664,190,2324,642,11988,California
Shasta,2021-01-30,615,14933,14,7461,601,7472,0,0,606,10261,9,2333,606,12594,California
Shasta,2021-01-31,28,14961,4,7465,24,7496,0,0,26,10285,2,2335,26,12620,California
Shasta,2021-02-01,530,15491,148,7613,382,7878,0,0,386,10527,144,2479,386,13006,California
Shasta,2021-02-02,990,16481,501,8114,489,8367,0,0,898,11335,90,2569,898,13904,California
Shasta,2021-02-03,718,17199,210,8324,508,8875,0,0,484,11585,234,2803,484,14388,California
Shasta,2021-02-04,1094,18293,674,8998,420,9295,0,0,901,12294,192,2995,901,15289,California
Shasta,2021-02-05,1240,19533,164,9162,1076,10371,0,0,1033,13121,206,3201,1033,16322,California
Shasta,2021-02-06,1744,21277,41,9203,1703,12074,0,0,1721,14819,23,3224,1721,18043,California
Shasta,2021-02-07,26,21303,3,9206,23,12097,0,0,24,14841,2,3226,24,18067,California
Shasta,2021-02-08,596,21899,167,9373,429,12526,0,0,306,14857,290,3516,306,18373,California
Shasta,2021-02-09,1124,23023,654,10027,470,12996,0,0,732,15197,392,3908,732,19105,California
Shasta,2021-02-10,1124,24147,788,10815,336,13332,0,0,599,15271,526,4434,600,19705,California
Shasta,2021-02-11,886,25033,186,11001,700,14032,0,0,364,15118,517,4951,364,20069,California
Shasta,2021-02-12,1726,26759,1145,12146,581,14613,0,0,1175,15742,551,5502,1175,21244,California
Shasta,2021-02-13,1382,28141,368,12514,1014,15627,0,0,570,15500,813,6315,571,21815,California
Shasta,2021-02-14,150,28291,4,12518,146,15773,0,0,126,15602,24,6339,126,21941,California
Shasta,2021-02-15,380,28671,90,12608,290,16063,0,0,211,15644,169,6508,211,22152,California
Shasta,2021-02-16,1193,29864,519,13127,674,16737,0,0,420,15292,772,7280,420,22572,California
Shasta,2021-02-17,1033,30897,438,13565,595,17332,0,0,413,15085,620,7900,413,22985,California
Shasta,2021-02-18,947,31844,466,14031,481,17813,0,0,460,15058,487,8387,460,23445,California
Shasta,2021-02-19,1328,33172,935,14966,393,18206,0,0,861,15452,467,8854,861,24306,California
Shasta,2021-02-20,802,33974,89,15055,713,18919,0,0,303,15256,499,9353,303,24609,California
Shasta,2021-02-21,31,34005,2,15057,29,18948,0,0,9,15243,22,9375,9,24618,California
Shasta,2021-02-22,427,34432,74,15131,353,19301,0,0,178,15173,248,9623,178,24796,California
Shasta,2021-02-23,911,35343,471,15602,440,19741,0,0,325,14912,586,10209,325,25121,California
Shasta,2021-02-24,890,36233,508,16110,382,20123,0,0,273,14569,616,10825,273,25394,California
Shasta,2021-02-25,516,36749,160,16270,356,20479,0,0,162,14378,353,11178,162,25556,California
Shasta,2021-02-26,790,37539,94,16364,696,21175,0,0,330,14250,458,11636,330,25886,California
Shasta,2021-02-27,828,38367,27,16391,801,21976,0,0,188,13800,638,12274,188,26074,California
Shasta,2021-02-28,176,38543,4,16395,172,22148,0,0,126,13876,50,12324,126,26200,California
Shasta,2021-03-01,584,39127,59,16454,525,22673,0,0,295,13883,288,12612,295,26495,California
Shasta,2021-03-02,1024,40151,472,16926,552,23225,0,0,335,13531,687,13299,335,26830,California
Shasta,2021-03-03,665,40816,167,17093,498,23723,0,0,243,13352,422,13721,243,27073,California
Shasta,2021-03-04,3021,43837,2411,19504,610,24333,0,0,1792,13917,1228,14949,1793,28866,California
Shasta,2021-03-05,1542,45379,162,19666,1351,25684,29,29,794,13991,749,15698,823,29689,California
Shasta,2021-03-06,2744,48123,387,20053,2310,27994,47,76,857,13010,1885,17583,904,30593,California
Shasta,2021-03-07,91,48214,3,20056,56,28050,32,108,37,13025,54,17637,69,30662,California
Shasta,2021-03-08,568,48782,46,20102,383,28433,139,247,155,12908,411,18048,294,30956,California
Shasta,2021-03-09,1253,50035,593,20695,482,28915,178,425,698,13228,555,18603,875,31831,California
Shasta,2021-03-10,801,50836,258,20953,341,29256,202,627,136,12901,664,19267,337,32168,California
Shasta,2021-03-11,1475,52311,471,21424,732,29988,272,899,940,13581,532,19799,1212,33380,California
Shasta,2021-03-12,1529,53840,833,22257,447,30435,249,1148,397,13094,1131,20930,644,34024,California
Shasta,2021-03-13,758,54598,425,22682,232,30667,101,1249,475,13386,282,21212,574,34598,California
Shasta,2021-03-14,1019,55617,8,22690,989,31656,22,1271,881,14152,138,21350,904,35502,California
Shasta,2021-03-15,498,56115,35,22725,363,32019,100,1371,210,14173,288,21638,309,35811,California
Shasta,2021-03-16,1132,57247,147,22872,918,32937,67,1438,849,14806,283,21921,916,36727,California
Shasta,2021-03-17,734,57981,191,23063,485,33422,58,1496,395,14926,333,22254,453,37180,California
Shasta,2021-03-18,1541,59522,585,23648,852,34274,104,1600,1116,15725,421,22675,1220,38400,California
Shasta,2021-03-19,648,60170,196,23844,396,34670,56,1656,415,15964,232,22907,471,38871,California
Shasta,2021-03-20,748,60918,490,24334,244,34914,14,1670,600,16430,148,23055,614,39485,California
Shasta,2021-03-21,312,61230,297,24631,4,34918,11,1681,286,16702,25,23080,297,39782,California
Shasta,2021-03-22,347,61577,37,24668,274,35192,36,1717,199,16790,147,23227,235,40017,California
Shasta,2021-03-23,1309,62886,650,25318,600,35792,59,1776,759,17063,545,23772,818,40835,California
Shasta,2021-03-24,607,63493,156,25474,414,36206,37,1813,365,17224,241,24013,402,41237,California
Shasta,2021-03-25,1136,64629,451,25925,664,36870,21,1834,821,17755,312,24325,843,42080,California
Shasta,2021-03-26,1834,66463,1402,27327,402,37272,30,1864,1475,18902,359,24684,1506,43586,California
Shasta,2021-03-27,1595,68058,407,27734,317,37589,871,2735,576,19329,1017,25701,1444,45030,California
Shasta,2021-03-28,405,68463,299,28033,96,37685,10,2745,302,19540,101,25802,312,45342,California
Shasta,2021-03-29,418,68881,40,28073,366,38051,12,2757,164,19463,253,26055,176,45518,California
Shasta,2021-03-30,1245,70126,766,28839,462,38513,17,2774,626,19490,616,26671,643,46161,California
Shasta,2021-03-31,616,70742,205,29044,406,38919,5,2779,380,19644,231,26902,385,46546,California
Shasta,2021-04-01,888,71630,244,29288,632,39551,12,2791,570,19909,317,27219,582,47128,California
Shasta,2021-04-02,753,72383,201,29489,500,40051,52,2843,414,20038,337,27556,466,47594,California
Shasta,2021-04-03,514,72897,361,29850,134,40185,19,2862,389,20321,125,27681,408,48002,California
Shasta,2021-04-04,288,73185,174,30024,94,40279,20,2882,214,20481,74,27755,234,48236,California
Shasta,2021-04-05,442,73627,68,30092,311,40590,63,2945,255,20612,187,27942,318,48554,California
Shasta,2021-04-06,1164,74791,485,30577,504,41094,175,3120,541,20708,619,28561,715,49269,California
Shasta,2021-04-07,653,75444,213,30790,277,41371,163,3283,256,20733,393,28954,418,49687,California
Shasta,2021-04-08,1139,76583,259,31049,726,42097,154,3437,231,20211,906,29860,384,50071,California
Shasta,2021-04-09,2578,79161,2060,33109,309,42406,209,3646,2003,21854,567,30427,2210,52281,California
Shasta,2021-04-10,877,80038,592,33701,156,42562,129,3775,264,21633,613,31040,392,52673,California
Shasta,2021-04-11,1250,81288,395,34096,835,43397,20,3795,143,20693,1103,32143,163,52836,California
Shasta,2021-04-12,338,81626,8,34104,268,43665,62,3857,97,20611,240,32383,158,52994,California
Shasta,2021-04-13,1256,82882,365,34469,889,44554,2,3859,339,20038,913,33296,340,53334,California
Shasta,2021-04-14,601,83483,142,34611,457,45011,2,3861,222,19884,378,33674,224,53558,California
Shasta,2021-04-15,1070,84553,259,34870,811,45822,0,3861,303,19423,764,34438,303,53861,California
Shasta,2021-04-16,2344,86897,1849,36719,495,46317,0,3861,939,18959,1403,35841,939,54800,California
Shasta,2021-04-17,642,87539,410,37129,232,46549,0,3861,192,18701,450,36291,192,54992,California
Shasta,2021-04-18,266,87805,241,37370,25,46574,0,3861,33,18503,231,36522,33,55025,California
Shasta,2021-04-19,381,88186,29,37399,352,46926,0,3861,162,18446,219,36741,162,55187,California
Shasta,2021-04-20,1013,89199,256,37655,757,47683,0,3861,379,18192,633,37374,379,55566,California
Shasta,2021-04-21,606,89805,220,37875,386,48069,0,3861,306,18199,299,37673,306,55872,California
Shasta,2021-04-22,957,90762,280,38155,677,48746,0,3861,300,17844,655,38328,300,56172,California
Shasta,2021-04-23,660,91422,265,38420,395,49141,0,3861,329,17843,330,38658,329,56501,California
Shasta,2021-04-24,596,92018,360,38780,236,49377,0,3861,106,17459,490,39148,106,56607,California
Shasta,2021-04-25,212,92230,182,38962,29,49406,1,3862,38,17324,174,39322,39,56646,California
Shasta,2021-04-26,464,92694,50,39012,409,49815,5,3867,329,17524,133,39455,333,56979,California
Shasta,2021-04-27,512,93206,171,39183,305,50120,36,3903,288,17625,221,39676,322,57301,California
Shasta,2021-04-28,574,93780,155,39338,386,50506,33,3936,250,17583,324,40000,282,57583,California
Shasta,2021-04-29,782,94562,120,39458,639,51145,23,3959,185,17195,596,40596,208,57791,California
Shasta,2021-04-30,2263,96825,1837,41295,395,51540,31,3990,270,15503,1993,42589,301,58092,California
Shasta,2021-05-01,223,97048,20,41315,127,51667,76,4066,95,15546,128,42717,171,58263,California
Shasta,2021-05-02,46,97094,16,41331,17,51684,13,4079,19,15551,27,42744,32,58295,California
Shasta,2021-05-03,347,97441,91,41422,230,51914,26,4105,110,15451,236,42980,136,58431,California
Shasta,2021-05-04,496,97937,172,41594,289,52203,35,4140,239,15471,254,43234,274,58705,California
Shasta,2021-05-05,262,98199,97,41691,156,52359,9,4149,144,15506,118,43352,153,58858,California
Shasta,2021-05-06,519,98718,207,41898,288,52647,24,4173,200,15417,313,43665,224,59082,California
Shasta,2021-05-07,830,99548,622,42520,197,52844,11,4184,162,14922,668,44333,173,59255,California
Sierra,2020-12-18,1,1,1,1,0,0,0,0,1,1,0,0,1,1,California
Sierra,2020-12-21,2,3,2,3,0,0,0,0,2,3,0,0,2,3,California
Sierra,2020-12-22,12,15,12,15,0,0,0,0,12,15,0,0,12,15,California
Sierra,2020-12-23,4,19,4,19,0,0,0,0,4,19,0,0,4,19,California
Sierra,2020-12-28,1,20,0,19,1,1,0,0,1,20,0,0,1,20,California
Sierra,2020-12-29,49,69,7,26,42,43,0,0,49,69,0,0,49,69,California
Sierra,2020-12-30,2,71,0,26,2,45,0,0,2,71,0,0,2,71,California
Sierra,2020-12-31,13,84,0,26,13,58,0,0,13,84,0,0,13,84,California
Sierra,2021-01-01,1,85,1,27,0,58,0,0,1,85,0,0,1,85,California
Sierra,2021-01-05,64,149,2,29,62,120,0,0,64,149,0,0,64,149,California
Sierra,2021-01-06,1,150,1,30,0,120,0,0,1,150,0,0,1,150,California
Sierra,2021-01-07,21,171,1,31,20,140,0,0,20,169,1,1,20,170,California
Sierra,2021-01-08,1,172,1,32,0,140,0,0,1,170,0,1,1,171,California
Sierra,2021-01-11,3,175,3,35,0,140,0,0,0,167,3,4,0,171,California
Sierra,2021-01-12,40,215,12,47,28,168,0,0,28,183,12,16,28,199,California
Sierra,2021-01-13,4,219,3,50,1,169,0,0,1,181,3,19,1,200,California
Sierra,2021-01-14,35,254,2,52,33,202,0,0,35,216,0,19,35,235,California
Sierra,2021-01-15,3,257,1,53,2,204,0,0,3,219,0,19,3,238,California
Sierra,2021-01-18,2,259,0,53,2,206,0,0,2,221,0,19,2,240,California
Sierra,2021-01-19,32,291,0,53,32,238,0,0,32,253,0,19,32,272,California
Sierra,2021-01-20,1,292,1,54,0,238,0,0,1,254,0,19,1,273,California
Sierra,2021-01-21,53,345,0,54,53,291,0,0,53,307,0,19,53,326,California
Sierra,2021-01-22,2,347,0,54,2,293,0,0,2,309,0,19,2,328,California
Sierra,2021-01-23,2,349,0,54,2,295,0,0,2,311,0,19,2,330,California
Sierra,2021-01-26,62,411,0,54,62,357,0,0,24,297,38,57,24,354,California
Sierra,2021-01-27,4,415,4,58,0,357,0,0,0,293,4,61,0,354,California
Sierra,2021-01-28,53,468,0,58,53,410,0,0,43,326,10,71,43,397,California
Sierra,2021-01-29,2,470,0,58,2,412,0,0,2,328,0,71,2,399,California
Sierra,2021-01-30,3,473,3,61,0,412,0,0,2,329,1,72,2,401,California
Sierra,2021-02-01,1,474,0,61,1,413,0,0,0,328,1,73,0,401,California
Sierra,2021-02-02,58,532,1,62,57,470,0,0,19,308,39,112,19,420,California
Sierra,2021-02-03,6,538,5,67,1,471,0,0,5,312,1,113,5,425,California
Sierra,2021-02-04,104,642,6,73,98,569,0,0,55,318,49,162,55,480,California
Sierra,2021-02-05,6,648,4,77,2,571,0,0,5,322,1,163,5,485,California
Sierra,2021-02-09,51,699,0,77,51,622,0,0,48,367,3,166,48,533,California
Sierra,2021-02-10,5,704,2,79,3,625,0,0,4,370,1,167,4,537,California
Sierra,2021-02-11,196,900,1,80,195,820,0,0,134,442,62,229,134,671,California
Sierra,2021-02-12,21,921,0,80,21,841,0,0,20,461,1,230,20,691,California
Sierra,2021-02-13,1,922,1,81,0,841,0,0,1,462,0,230,1,692,California
Sierra,2021-02-15,2,924,2,83,0,841,0,0,0,460,2,232,0,692,California
Sierra,2021-02-16,43,967,0,83,43,884,0,0,10,437,33,265,10,702,California
Sierra,2021-02-17,4,971,0,83,4,888,0,0,1,435,3,268,1,703,California
Sierra,2021-02-18,141,1112,0,83,141,1029,0,0,91,476,50,318,91,794,California
Sierra,2021-02-19,2,1114,1,84,1,1030,0,0,1,476,1,319,1,795,California
Sierra,2021-02-20,2,1116,2,86,0,1030,0,0,0,474,2,321,0,795,California
Sierra,2021-02-22,1,1117,1,87,0,1030,0,0,1,475,0,321,1,796,California
Sierra,2021-02-23,4,1121,0,87,4,1034,0,0,4,479,0,321,4,800,California
Sierra,2021-02-24,4,1125,3,90,1,1035,0,0,3,481,1,322,3,803,California
Sierra,2021-02-25,125,1250,2,92,123,1158,0,0,58,473,66,388,58,861,California
Sierra,2021-02-26,11,1261,6,98,5,1163,0,0,4,470,7,395,4,865,California
Sierra,2021-02-27,2,1263,2,100,0,1163,0,0,0,468,2,397,0,865,California
Sierra,2021-03-01,2,1265,2,102,0,1163,0,0,0,466,2,399,0,865,California
Sierra,2021-03-02,56,1321,0,102,56,1219,0,0,38,486,18,417,38,903,California
Sierra,2021-03-03,2,1323,2,104,0,1219,0,0,1,486,1,418,1,904,California
Sierra,2021-03-04,109,1432,0,104,109,1328,0,0,60,497,49,467,60,964,California
Sierra,2021-03-05,13,1445,1,105,12,1340,0,0,11,506,2,469,11,975,California
Sierra,2021-03-07,1,1446,1,106,0,1340,0,0,0,505,1,470,0,975,California
Sierra,2021-03-08,2,1448,2,108,0,1340,0,0,2,507,0,470,2,977,California
Sierra,2021-03-09,56,1504,0,108,56,1396,0,0,12,475,44,514,12,989,California
Sierra,2021-03-10,6,1510,0,108,6,1402,0,0,4,477,2,516,4,993,California
Sierra,2021-03-11,175,1685,0,108,175,1577,0,0,43,389,131,647,43,1036,California
Sierra,2021-03-12,20,1705,1,109,19,1596,0,0,0,369,20,667,0,1036,California
Sierra,2021-03-13,28,1733,0,109,28,1624,0,0,28,397,0,667,28,1064,California
Sierra,2021-03-14,1,1734,0,109,0,1624,1,1,0,397,1,668,1,1065,California
Sierra,2021-03-15,1,1735,1,110,0,1624,0,1,0,396,1,669,0,1065,California
Sierra,2021-03-16,36,1771,0,110,35,1659,1,2,23,407,13,682,24,1089,California
Sierra,2021-03-17,4,1775,3,113,1,1660,0,2,1,405,3,685,1,1090,California
Sierra,2021-03-18,158,1933,0,113,158,1818,0,2,65,377,93,778,65,1155,California
Sierra,2021-03-19,4,1937,2,115,2,1820,0,2,1,375,3,781,1,1156,California
Sierra,2021-03-20,1,1938,0,115,1,1821,0,2,1,376,0,781,1,1157,California
Sierra,2021-03-23,22,1960,0,115,22,1843,0,2,13,380,9,790,13,1170,California
Sierra,2021-03-24,3,1963,1,116,2,1845,0,2,1,379,2,792,1,1171,California
Sierra,2021-03-25,99,2062,1,117,98,1943,0,2,50,380,49,841,50,1221,California
Sierra,2021-03-26,12,2074,1,118,11,1954,0,2,9,386,3,844,9,1230,California
Sierra,2021-03-27,2,2076,1,119,1,1955,0,2,0,384,2,846,0,1230,California
Sierra,2021-03-29,1,2077,1,120,0,1955,0,2,0,383,1,847,0,1230,California
Sierra,2021-03-30,55,2132,1,121,54,2009,0,2,22,372,33,880,22,1252,California
Sierra,2021-03-31,8,2140,0,121,8,2017,0,2,8,380,0,880,8,1260,California
Sierra,2021-04-01,64,2204,2,123,62,2079,0,2,6,330,56,936,6,1266,California
Sierra,2021-04-02,3,2207,2,125,1,2080,0,2,2,331,1,937,2,1268,California
Sierra,2021-04-04,1,2208,0,125,1,2081,0,2,0,331,0,937,0,1268,California
Sierra,2021-04-05,1,2209,1,126,0,2081,0,2,1,332,0,937,1,1269,California
Sierra,2021-04-06,10,2219,0,126,10,2091,0,2,0,322,10,947,0,1269,California
Sierra,2021-04-07,15,2234,3,129,6,2097,6,8,3,320,11,958,9,1278,California
Sierra,2021-04-08,53,2287,2,131,51,2148,0,8,16,299,37,995,16,1294,California
Sierra,2021-04-09,2,2289,2,133,0,2148,0,8,1,299,1,996,1,1295,California
Sierra,2021-04-10,27,2316,0,133,27,2175,0,8,0,272,27,1023,0,1295,California
Sierra,2021-04-13,46,2362,0,133,46,2221,0,8,5,236,41,1064,5,1300,California
Sierra,2021-04-14,2,2364,1,134,1,2222,0,8,2,238,0,1064,2,1302,California
Sierra,2021-04-15,49,2413,1,135,48,2270,0,8,2,193,47,1111,2,1304,California
Sierra,2021-04-16,1,2414,0,135,1,2271,0,8,1,194,0,1111,1,1305,California
Sierra,2021-04-17,2,2416,1,136,1,2272,0,8,1,194,1,1112,1,1306,California
Sierra,2021-04-19,1,2417,1,137,0,2272,0,8,0,193,1,1113,0,1306,California
Sierra,2021-04-20,34,2451,1,138,33,2305,0,8,7,173,27,1140,7,1313,California
Sierra,2021-04-21,2,2453,1,139,1,2306,0,8,1,173,1,1141,1,1314,California
Sierra,2021-04-22,65,2518,2,141,63,2369,0,8,5,119,59,1200,5,1319,California
Sierra,2021-04-23,13,2531,0,141,13,2382,0,8,5,116,8,1208,5,1324,California
Sierra,2021-04-24,4,2535,0,141,4,2386,0,8,4,120,0,1208,4,1328,California
Sierra,2021-04-27,28,2563,1,142,27,2413,0,8,5,102,23,1231,5,1333,California
Sierra,2021-04-28,10,2573,2,144,8,2421,0,8,1,94,9,1240,1,1334,California
Sierra,2021-04-29,20,2593,2,146,18,2439,0,8,14,102,6,1246,14,1348,California
Sierra,2021-04-30,4,2597,2,148,2,2441,0,8,2,102,2,1248,2,1350,California
Sierra,2021-05-03,2,2599,2,150,0,2441,0,8,1,102,1,1249,1,1351,California
Sierra,2021-05-04,1,2600,0,150,0,2441,1,9,0,102,1,1250,1,1352,California
Sierra,2021-05-05,25,2625,1,151,24,2465,0,9,8,94,16,1266,8,1360,California
Sierra,2021-05-06,1,2626,1,152,0,2465,0,9,0,93,1,1267,0,1360,California
Sierra,2021-05-07,1,2627,1,153,0,2465,0,9,1,94,0,1267,1,1361,California
Siskiyou,2020-12-16,2,2,2,2,0,0,0,0,2,2,0,0,2,2,California
Siskiyou,2020-12-17,4,6,4,6,0,0,0,0,4,6,0,0,4,6,California
Siskiyou,2020-12-18,2,8,2,8,0,0,0,0,2,8,0,0,2,8,California
Siskiyou,2020-12-19,4,12,4,12,0,0,0,0,4,12,0,0,4,12,California
Siskiyou,2020-12-20,1,13,1,13,0,0,0,0,1,13,0,0,1,13,California
Siskiyou,2020-12-21,132,145,132,145,0,0,0,0,132,145,0,0,132,145,California
Siskiyou,2020-12-22,159,304,159,304,0,0,0,0,159,304,0,0,159,304,California
Siskiyou,2020-12-23,142,446,142,446,0,0,0,0,142,446,0,0,142,446,California
Siskiyou,2020-12-24,5,451,5,451,0,0,0,0,5,451,0,0,5,451,California
Siskiyou,2020-12-26,2,453,0,451,2,2,0,0,2,453,0,0,2,453,California
Siskiyou,2020-12-27,2,455,0,451,2,4,0,0,2,455,0,0,2,455,California
Siskiyou,2020-12-28,3,458,1,452,2,6,0,0,3,458,0,0,3,458,California
Siskiyou,2020-12-29,6,464,2,454,4,10,0,0,6,464,0,0,6,464,California
Siskiyou,2020-12-30,98,562,3,457,95,105,0,0,98,562,0,0,98,562,California
Siskiyou,2020-12-31,12,574,0,457,12,117,0,0,12,574,0,0,12,574,California
Siskiyou,2021-01-02,1,575,1,458,0,117,0,0,1,575,0,0,1,575,California
Siskiyou,2021-01-03,1,576,0,458,1,118,0,0,1,576,0,0,1,576,California
Siskiyou,2021-01-04,130,706,3,461,127,245,0,0,130,706,0,0,130,706,California
Siskiyou,2021-01-05,117,823,4,465,113,358,0,0,116,821,1,1,116,822,California
Siskiyou,2021-01-06,59,882,6,471,53,411,0,0,55,872,4,5,55,877,California
Siskiyou,2021-01-07,178,1060,4,475,174,585,0,0,177,1048,1,6,177,1054,California
Siskiyou,2021-01-08,41,1101,3,478,38,623,0,0,39,1085,2,8,39,1093,California
Siskiyou,2021-01-09,2,1103,2,480,0,623,0,0,0,1083,2,10,0,1093,California
Siskiyou,2021-01-11,226,1329,65,545,161,784,0,0,163,1183,63,73,163,1256,California
Siskiyou,2021-01-12,322,1651,274,819,48,832,0,0,88,1038,234,307,89,1345,California
Siskiyou,2021-01-13,157,1808,137,956,20,852,0,0,23,927,134,441,23,1368,California
Siskiyou,2021-01-14,26,1834,1,957,25,877,0,0,25,951,1,442,25,1393,California
Siskiyou,2021-01-15,35,1869,3,960,32,909,0,0,35,986,0,442,35,1428,California
Siskiyou,2021-01-16,7,1876,2,962,5,914,0,0,7,993,0,442,7,1435,California
Siskiyou,2021-01-17,1,1877,1,963,0,914,0,0,0,992,1,443,0,1435,California
Siskiyou,2021-01-18,77,1954,4,967,73,987,0,0,75,1065,2,445,75,1510,California
Siskiyou,2021-01-19,21,1975,1,968,20,1007,0,0,20,1084,1,446,20,1530,California
Siskiyou,2021-01-20,47,2022,35,1003,12,1019,0,0,43,1123,4,450,43,1573,California
Siskiyou,2021-01-21,42,2064,1,1004,41,1060,0,0,42,1165,0,450,42,1615,California
Siskiyou,2021-01-22,1328,3392,1176,2180,152,1212,0,0,1328,2493,0,450,1328,2943,California
Siskiyou,2021-01-23,5,3397,1,2181,4,1216,0,0,2,2492,3,453,2,2945,California
Siskiyou,2021-01-25,182,3579,8,2189,174,1390,0,0,178,2666,4,457,178,3123,California
Siskiyou,2021-01-26,148,3727,3,2192,145,1535,0,0,140,2798,8,465,140,3263,California
Siskiyou,2021-01-27,181,3908,1,2193,180,1715,0,0,126,2869,55,520,126,3389,California
Siskiyou,2021-01-28,232,4140,118,2311,114,1829,0,0,226,3089,6,526,226,3615,California
Siskiyou,2021-01-29,249,4389,3,2314,246,2075,0,0,247,3334,2,528,247,3862,California
Siskiyou,2021-01-30,3,4392,2,2316,1,2076,0,0,3,3337,0,528,3,3865,California
Siskiyou,2021-02-01,195,4587,3,2319,192,2268,0,0,105,3352,90,618,105,3970,California
Siskiyou,2021-02-02,289,4876,45,2364,244,2512,0,0,147,3357,142,760,147,4117,California
Siskiyou,2021-02-03,314,5190,1,2365,313,2825,0,0,264,3571,50,810,264,4381,California
Siskiyou,2021-02-04,321,5511,7,2372,314,3139,0,0,200,3650,121,931,200,4581,California
Siskiyou,2021-02-05,513,6024,4,2376,509,3648,0,0,348,3833,165,1096,348,4929,California
Siskiyou,2021-02-06,15,6039,0,2376,15,3663,0,0,15,3848,0,1096,15,4944,California
Siskiyou,2021-02-07,3,6042,2,2378,1,3664,0,0,3,3851,0,1096,3,4947,California
Siskiyou,2021-02-08,221,6263,5,2383,216,3880,0,0,216,4062,5,1101,216,5163,California
Siskiyou,2021-02-09,196,6459,4,2387,192,4072,0,0,163,4192,33,1134,163,5326,California
Siskiyou,2021-02-10,370,6829,40,2427,330,4402,0,0,317,4457,52,1186,317,5643,California
Siskiyou,2021-02-11,190,7019,1,2428,189,4591,0,0,174,4615,16,1202,174,5817,California
Siskiyou,2021-02-12,1691,8710,1199,3627,492,5083,0,0,501,3926,1190,2392,501,6318,California
Siskiyou,2021-02-13,36,8746,2,3629,34,5117,0,0,32,3954,4,2396,32,6350,California
Siskiyou,2021-02-14,5,8751,1,3630,4,5121,0,0,5,3959,0,2396,5,6355,California
Siskiyou,2021-02-15,107,8858,10,3640,97,5218,0,0,105,4062,2,2398,105,6460,California
Siskiyou,2021-02-16,114,8972,2,3642,112,5330,0,0,99,4146,15,2413,99,6559,California
Siskiyou,2021-02-17,185,9157,15,3657,170,5500,0,0,171,4303,14,2427,171,6730,California
Siskiyou,2021-02-18,222,9379,89,3746,133,5633,0,0,98,4277,124,2551,98,6828,California
Siskiyou,2021-02-19,71,9450,34,3780,37,5670,0,0,34,4274,37,2588,34,6862,California
Siskiyou,2021-02-20,21,9471,3,3783,18,5688,0,0,17,4287,4,2592,17,6879,California
Siskiyou,2021-02-21,1,9472,1,3784,0,5688,0,0,1,4288,0,2592,1,6880,California
Siskiyou,2021-02-22,124,9596,1,3785,123,5811,0,0,18,4200,106,2698,18,6898,California
Siskiyou,2021-02-23,196,9792,15,3800,181,5992,0,0,52,4108,144,2842,52,6950,California
Siskiyou,2021-02-24,147,9939,4,3804,143,6135,0,0,35,4031,112,2954,35,6985,California
Siskiyou,2021-02-25,300,10239,24,3828,276,6411,0,0,154,4039,146,3100,154,7139,California
Siskiyou,2021-02-26,669,10908,10,3838,659,7070,0,0,367,4104,302,3402,367,7506,California
Siskiyou,2021-02-27,33,10941,5,3843,28,7098,0,0,28,4127,5,3407,28,7534,California
Siskiyou,2021-02-28,5,10946,4,3847,1,7099,0,0,4,4130,1,3408,4,7538,California
Siskiyou,2021-03-01,280,11226,6,3853,274,7373,0,0,50,3950,230,3638,50,7588,California
Siskiyou,2021-03-02,190,11416,1,3854,189,7562,0,0,70,3900,120,3758,70,7658,California
Siskiyou,2021-03-03,343,11759,7,3861,336,7898,0,0,153,3863,190,3948,153,7811,California
Siskiyou,2021-03-04,794,12553,621,4482,173,8071,0,0,637,4343,157,4105,637,8448,California
Siskiyou,2021-03-05,326,12879,6,4488,309,8380,11,11,105,4241,218,4323,116,8564,California
Siskiyou,2021-03-06,43,12922,3,4491,33,8413,7,18,28,4261,15,4338,35,8599,California
Siskiyou,2021-03-07,12,12934,4,4495,0,8413,8,26,3,4263,9,4347,11,8610,California
Siskiyou,2021-03-08,361,13295,31,4526,295,8708,35,61,59,4055,302,4649,94,8704,California
Siskiyou,2021-03-09,163,13458,2,4528,108,8816,53,114,57,4059,106,4755,110,8814,California
Siskiyou,2021-03-10,221,13679,7,4535,184,9000,30,144,31,3930,190,4945,61,8875,California
Siskiyou,2021-03-11,474,14153,206,4741,221,9221,47,191,274,4052,199,5144,321,9196,California
Siskiyou,2021-03-12,647,14800,141,4882,467,9688,39,230,184,3814,461,5605,223,9419,California
Siskiyou,2021-03-13,428,15228,381,5263,24,9712,23,253,382,4173,46,5651,405,9824,California
Siskiyou,2021-03-14,20,15248,1,5264,3,9715,16,269,2,4173,18,5669,18,9842,California
Siskiyou,2021-03-15,453,15701,257,5521,176,9891,20,289,321,4382,132,5801,341,10183,California
Siskiyou,2021-03-16,255,15956,32,5553,206,10097,17,306,140,4425,114,5915,157,10340,California
Siskiyou,2021-03-17,202,16158,9,5562,185,10282,8,314,34,4299,168,6083,42,10382,California
Siskiyou,2021-03-18,926,17084,788,6350,126,10408,12,326,810,5005,116,6199,822,11204,California
Siskiyou,2021-03-19,67,17151,9,6359,45,10453,13,339,20,4991,47,6246,33,11237,California
Siskiyou,2021-03-20,30,17181,7,6366,18,10471,5,344,6,4978,24,6270,11,11248,California
Siskiyou,2021-03-21,10,17191,4,6370,1,10472,5,349,4,4981,6,6276,9,11257,California
Siskiyou,2021-03-22,207,17398,21,6391,164,10636,22,371,144,5087,60,6336,166,11423,California
Siskiyou,2021-03-23,195,17593,19,6410,166,10802,10,381,141,5184,54,6390,151,11574,California
Siskiyou,2021-03-24,140,17733,47,6457,93,10895,0,381,115,5274,25,6415,115,11689,California
Siskiyou,2021-03-25,572,18305,320,6777,249,11144,3,384,400,5505,172,6587,403,12092,California
Siskiyou,2021-03-26,304,18609,35,6812,269,11413,0,384,104,5411,198,6785,104,12196,California
Siskiyou,2021-03-27,37,18646,4,6816,28,11441,5,389,9,5397,28,6813,14,12210,California
Siskiyou,2021-03-28,8,18654,7,6823,1,11442,0,389,5,5399,3,6816,5,12215,California
Siskiyou,2021-03-29,98,18752,11,6834,85,11527,2,391,47,5398,50,6866,49,12264,California
Siskiyou,2021-03-30,102,18854,7,6841,94,11621,1,392,41,5379,61,6927,42,12306,California
Siskiyou,2021-03-31,190,19044,21,6862,166,11787,3,395,50,5294,139,7066,54,12360,California
Siskiyou,2021-04-01,824,19868,667,7529,157,11944,0,395,208,4886,616,7682,208,12568,California
Siskiyou,2021-04-02,346,20214,197,7726,145,12089,4,399,65,4676,279,7961,69,12637,California
Siskiyou,2021-04-03,26,20240,5,7731,14,12103,7,406,5,4667,21,7982,12,12649,California
Siskiyou,2021-04-04,2,20242,2,7733,0,12103,0,406,1,4667,1,7983,1,12650,California
Siskiyou,2021-04-05,437,20679,330,8063,80,12183,27,433,25,4308,411,8394,52,12702,California
Siskiyou,2021-04-06,219,20898,36,8099,130,12313,53,486,125,4392,93,8487,177,12879,California
Siskiyou,2021-04-07,116,21014,11,8110,63,12376,42,528,66,4450,50,8537,108,12987,California
Siskiyou,2021-04-08,347,21361,183,8293,123,12499,41,569,60,4264,287,8824,101,13088,California
Siskiyou,2021-04-09,548,21909,381,8674,130,12629,37,606,85,3925,462,9286,123,13211,California
Siskiyou,2021-04-10,46,21955,6,8680,3,12632,37,643,7,3930,39,9325,44,13255,California
Siskiyou,2021-04-11,8,21963,5,8685,1,12633,2,645,2,3928,6,9331,4,13259,California
Siskiyou,2021-04-12,129,22092,25,8710,103,12736,1,646,49,3898,80,9411,50,13309,California
Siskiyou,2021-04-13,204,22296,36,8746,167,12903,1,647,78,3851,126,9537,79,13388,California
Siskiyou,2021-04-14,157,22453,65,8811,92,12995,0,647,86,3868,69,9606,86,13474,California
Siskiyou,2021-04-15,1116,23569,956,9767,160,13155,0,647,436,3624,680,10286,436,13910,California
Siskiyou,2021-04-16,297,23866,206,9973,91,13246,0,647,266,3860,30,10316,266,14176,California
Siskiyou,2021-04-17,12,23878,9,9982,3,13249,0,647,8,3864,4,10320,8,14184,California
Siskiyou,2021-04-18,5,23883,3,9985,2,13251,0,647,2,3863,3,10323,2,14186,California
Siskiyou,2021-04-19,126,24009,22,10007,104,13355,0,647,43,3823,83,10406,43,14229,California
Siskiyou,2021-04-20,236,24245,4,10011,232,13587,0,647,93,3773,143,10549,93,14322,California
Siskiyou,2021-04-21,96,24341,12,10023,84,13671,0,647,26,3729,70,10619,26,14348,California
Siskiyou,2021-04-22,415,24756,302,10325,113,13784,0,647,50,3414,365,10984,50,14398,California
Siskiyou,2021-04-23,171,24927,13,10338,158,13942,0,647,149,3542,21,11005,149,14547,California
Siskiyou,2021-04-24,27,24954,4,10342,23,13965,0,647,19,3553,8,11013,19,14566,California
Siskiyou,2021-04-25,2,24956,0,10342,2,13967,0,647,2,3555,0,11013,2,14568,California
Siskiyou,2021-04-26,100,25056,7,10349,88,14055,5,652,25,3510,75,11088,30,14598,California
Siskiyou,2021-04-27,102,25158,3,10352,97,14152,2,654,83,3579,16,11104,85,14683,California
Siskiyou,2021-04-28,111,25269,9,10361,94,14246,8,662,53,3582,58,11162,61,14744,California
Siskiyou,2021-04-29,105,25374,14,10375,91,14337,0,662,25,3527,80,11242,25,14769,California
Siskiyou,2021-04-30,101,25475,20,10395,80,14417,1,663,44,3517,54,11296,44,14813,California
Siskiyou,2021-05-01,10,25485,6,10401,1,14418,3,666,7,3524,3,11299,10,14823,California
Siskiyou,2021-05-02,11,25496,5,10406,6,14424,0,666,9,3531,2,11301,9,14832,California
Siskiyou,2021-05-03,112,25608,24,10430,85,14509,3,669,47,3516,65,11366,50,14882,California
Siskiyou,2021-05-04,112,25720,6,10436,103,14612,3,672,58,3524,53,11419,61,14943,California
Siskiyou,2021-05-05,106,25826,22,10458,75,14687,9,681,33,3494,72,11491,42,14985,California
Siskiyou,2021-05-06,329,26155,273,10731,51,14738,5,686,166,3502,163,11654,171,15156,California
Siskiyou,2021-05-07,284,26439,217,10948,66,14804,1,687,24,3268,259,11913,25,15181,California
Solano,2020-12-15,4,4,4,4,0,0,0,0,4,4,0,0,4,4,California
Solano,2020-12-16,71,75,71,75,0,0,0,0,71,75,0,0,71,75,California
Solano,2020-12-17,153,228,153,228,0,0,0,0,153,228,0,0,153,228,California
Solano,2020-12-18,445,673,444,672,1,1,0,0,445,673,0,0,445,673,California
Solano,2020-12-19,518,1191,518,1190,0,1,0,0,518,1191,0,0,518,1191,California
Solano,2020-12-20,355,1546,353,1543,2,3,0,0,355,1546,0,0,355,1546,California
Solano,2020-12-21,572,2118,570,2113,2,5,0,0,572,2118,0,0,572,2118,California
Solano,2020-12-22,663,2781,630,2743,33,38,0,0,663,2781,0,0,663,2781,California
Solano,2020-12-23,859,3640,772,3515,87,125,0,0,858,3639,0,0,858,3639,California
Solano,2020-12-24,421,4061,170,3685,251,376,0,0,421,4060,0,0,421,4060,California
Solano,2020-12-25,10,4071,2,3687,8,384,0,0,10,4070,0,0,10,4070,California
Solano,2020-12-26,175,4246,48,3735,127,511,0,0,175,4245,0,0,175,4245,California
Solano,2020-12-27,104,4350,29,3764,75,586,0,0,104,4349,0,0,104,4349,California
Solano,2020-12-28,863,5213,421,4185,442,1028,0,0,863,5212,0,0,863,5212,California
Solano,2020-12-29,895,6108,376,4561,519,1547,0,0,895,6107,0,0,895,6107,California
Solano,2020-12-30,1215,7323,601,5162,614,2161,0,0,1215,7322,0,0,1215,7322,California
Solano,2020-12-31,538,7861,137,5299,401,2562,0,0,538,7860,0,0,538,7860,California
Solano,2021-01-01,14,7875,13,5312,1,2563,0,0,14,7874,0,0,14,7874,California
Solano,2021-01-02,213,8088,165,5477,48,2611,0,0,213,8087,0,0,213,8087,California
Solano,2021-01-03,57,8145,40,5517,17,2628,0,0,52,8139,0,0,52,8139,California
Solano,2021-01-04,451,8596,246,5763,205,2833,0,0,441,8577,3,3,441,8580,California
Solano,2021-01-05,728,9324,377,6140,351,3184,0,0,574,9002,149,152,574,9154,California
Solano,2021-01-06,844,10168,436,6576,408,3592,0,0,582,9324,260,412,582,9736,California
Solano,2021-01-07,1066,11234,683,7259,383,3975,0,0,609,9479,455,867,610,10346,California
Solano,2021-01-08,1135,12369,777,8036,358,4333,0,0,542,9448,575,1442,544,10890,California
Solano,2021-01-09,885,13254,763,8799,122,4455,0,0,428,9422,454,1896,428,11318,California
Solano,2021-01-10,254,13508,194,8993,60,4515,0,0,153,9474,101,1997,153,11471,California
Solano,2021-01-11,1329,14837,1118,10111,211,4726,0,0,813,9771,516,2513,813,12284,California
Solano,2021-01-12,1566,16403,1168,11279,398,5124,0,0,1015,10237,550,3063,1016,13300,California
Solano,2021-01-13,1465,17868,1005,12284,460,5584,0,0,1206,11186,257,3320,1206,14506,California
Solano,2021-01-14,1887,19755,815,13099,1072,6656,0,0,1573,12445,314,3634,1573,16079,California
Solano,2021-01-15,1695,21450,1060,14159,635,7291,0,0,1397,13544,298,3932,1397,17476,California
Solano,2021-01-16,1290,22740,903,15062,387,7678,0,0,1115,14484,175,4107,1115,18591,California
Solano,2021-01-17,1044,23784,760,15822,284,7962,0,0,1026,15492,18,4125,1026,19617,California
Solano,2021-01-18,1415,25199,857,16679,558,8520,0,0,1297,16673,118,4243,1299,20916,California
Solano,2021-01-19,1651,26850,1339,18018,312,8832,0,0,1378,17779,272,4515,1378,22294,California
Solano,2021-01-20,2033,28883,1423,19441,610,9442,0,0,1547,18843,483,4998,1547,23841,California
Solano,2021-01-21,3171,32054,1006,20447,2165,11607,0,0,2824,21321,347,5345,2825,26666,California
Solano,2021-01-22,1756,33810,845,21292,911,12518,0,0,1566,22697,190,5535,1566,28232,California
Solano,2021-01-23,736,34546,242,21534,494,13012,0,0,531,23023,206,5741,532,28764,California
Solano,2021-01-24,403,34949,61,21595,342,13354,0,0,336,23292,67,5808,336,29100,California
Solano,2021-01-25,1646,36595,625,22220,1021,14375,0,0,1094,23836,551,6359,1095,30195,California
Solano,2021-01-26,1772,38367,736,22956,1036,15411,0,0,1141,24348,630,6989,1142,31337,California
Solano,2021-01-27,1778,40145,726,23682,1052,16463,0,0,1183,24949,582,7571,1183,32520,California
Solano,2021-01-28,1954,42099,705,24387,1249,17712,0,0,1363,25723,590,8161,1364,33884,California
Solano,2021-01-29,1697,43796,783,25170,914,18626,0,0,1343,26714,352,8513,1343,35227,California
Solano,2021-01-30,710,44506,220,25390,490,19116,0,0,549,27102,161,8674,549,35776,California
Solano,2021-01-31,485,44991,394,25784,91,19207,0,0,230,27078,255,8929,231,36007,California
Solano,2021-02-01,1509,46500,988,26772,521,19728,0,0,767,27106,739,9668,767,36774,California
Solano,2021-02-02,3353,49853,1112,27884,2241,21969,0,0,2529,28815,820,10488,2529,39303,California
Solano,2021-02-03,2263,52116,1305,29189,958,22927,0,0,1164,28884,1095,11583,1164,40467,California
Solano,2021-02-04,1797,53913,910,30099,887,23814,0,0,1075,29242,717,12300,1075,41542,California
Solano,2021-02-05,3085,56998,1412,31511,1673,25487,0,0,2084,30333,993,13293,2084,43626,California
Solano,2021-02-06,3049,60047,1170,32681,1879,27366,0,0,2234,31756,811,14104,2234,45860,California
Solano,2021-02-07,846,60893,782,33463,64,27430,0,0,231,31372,615,14719,231,46091,California
Solano,2021-02-08,1750,62643,1234,34697,516,27946,0,0,709,31043,1038,15757,709,46800,California
Solano,2021-02-09,1947,64590,1485,36182,462,28408,0,0,699,30495,1247,17004,699,47499,California
Solano,2021-02-10,2266,66856,1498,37680,768,29176,0,0,820,29869,1446,18450,820,48319,California
Solano,2021-02-11,2500,69356,1489,39169,1011,30187,0,0,1197,29774,1293,19743,1198,49517,California
Solano,2021-02-12,4206,73562,1617,40786,2589,32776,0,0,2864,31303,1335,21078,2864,52381,California
Solano,2021-02-13,2860,76422,246,41032,2614,35390,0,0,2448,33342,409,21487,2448,54829,California
Solano,2021-02-14,692,77114,202,41234,490,35880,0,0,411,33475,279,21766,412,55241,California
Solano,2021-02-15,1300,78414,324,41558,976,36856,0,0,673,33522,626,22392,673,55914,California
Solano,2021-02-16,2566,80980,1395,42953,1171,38027,0,0,1677,34311,888,23280,1677,57591,California
Solano,2021-02-17,3000,83980,1436,44389,1564,39591,0,0,1970,35255,1027,24307,1971,59562,California
Solano,2021-02-18,2801,86781,845,45234,1956,41547,0,0,844,34149,1951,26258,845,60407,California
Solano,2021-02-19,2398,89179,1447,46681,951,42498,0,0,1174,34105,1220,27478,1176,61583,California
Solano,2021-02-20,2564,91743,380,47061,2184,44682,0,0,2093,35726,472,27950,2093,63676,California
Solano,2021-02-21,2174,93917,1861,48922,313,44995,0,0,1864,37284,306,28256,1864,65540,California
Solano,2021-02-22,1718,95635,1046,49968,672,45667,0,0,906,37381,810,29066,907,66447,California
Solano,2021-02-23,2831,98466,1087,51055,1744,47411,0,0,1930,38413,898,29964,1930,68377,California
Solano,2021-02-24,2472,100938,1241,52296,1231,48642,0,0,1385,38713,1085,31049,1385,69762,California
Solano,2021-02-25,2378,103316,1433,53729,945,49587,0,0,1300,38940,1073,32122,1300,71062,California
Solano,2021-02-26,3149,106465,2002,55731,1147,50734,0,0,1835,39466,1309,33431,1835,72897,California
Solano,2021-02-27,3647,110112,1374,57105,2272,53006,1,1,2954,41736,685,34116,2955,75852,California
Solano,2021-02-28,1358,111470,1039,58144,319,53325,0,1,1080,42542,275,34391,1081,76933,California
Solano,2021-03-01,2427,113897,1052,59196,1374,54699,1,2,1826,43772,597,34988,1827,78760,California
Solano,2021-03-02,2170,116067,1365,60561,805,55504,0,2,1269,44140,901,35889,1269,80029,California
Solano,2021-03-03,2206,118273,1253,61814,953,56457,0,2,1371,44685,827,36716,1372,81401,California
Solano,2021-03-04,4344,122617,3404,65218,938,57395,2,4,3130,46613,1207,37923,3135,84536,California
Solano,2021-03-05,4899,127516,1665,66883,3229,60624,5,9,3938,49605,951,38874,3943,88479,California
Solano,2021-03-06,3832,131348,825,67708,2968,63592,39,48,2639,51099,1184,40058,2678,91157,California
Solano,2021-03-07,3542,134890,737,68445,2795,66387,10,58,1952,51483,1579,41637,1963,93120,California
Solano,2021-03-08,2112,137002,1316,69761,525,66912,271,329,1596,52836,512,42149,1865,94985,California
Solano,2021-03-09,3134,140136,1510,71271,1571,68483,53,382,2243,54238,891,43040,2293,97278,California
Solano,2021-03-10,2379,142515,1726,72997,567,69050,86,468,1254,54455,1121,44161,1338,98616,California
Solano,2021-03-11,5982,148497,1726,74723,4002,73052,254,722,4938,58607,1040,45201,5192,103808,California
Solano,2021-03-12,5974,154471,1563,76286,4235,77287,176,898,3155,59123,2815,48016,3331,107139,California
Solano,2021-03-13,4574,159045,804,77090,3686,80973,84,982,2242,59126,2325,50341,2328,109467,California
Solano,2021-03-14,3988,163033,3112,80202,423,81396,453,1435,1651,58895,2332,52673,2101,111568,California
Solano,2021-03-15,4002,167035,2445,82647,1240,82636,317,1752,2512,60242,1482,54155,2829,114397,California
Solano,2021-03-16,3060,170095,1325,83972,1499,84135,236,1988,1562,60546,1493,55648,1797,116194,California
Solano,2021-03-17,6319,176414,1665,85637,4563,88698,91,2079,4870,64061,1446,57094,4961,121155,California
Solano,2021-03-18,5163,181577,1818,87455,3309,92007,36,2115,3809,66559,1346,58440,3844,124999,California
Solano,2021-03-19,3436,185013,2521,89976,842,92849,73,2188,1745,66694,1684,60124,1819,126818,California
Solano,2021-03-20,5510,190523,1666,91642,3790,96639,54,2242,2833,66913,2668,62792,2887,129705,California
Solano,2021-03-21,1667,192190,1564,93206,79,96718,24,2266,854,66978,811,63603,876,130581,California
Solano,2021-03-22,2648,194838,2020,95226,578,97296,50,2316,1673,67727,970,64573,1719,132300,California
Solano,2021-03-23,3461,198299,1625,96851,1794,99090,42,2358,1446,67203,2011,66584,1487,133787,California
Solano,2021-03-24,2809,201108,1758,98609,1016,100106,35,2393,1370,67174,1433,68017,1404,135191,California
Solano,2021-03-25,4824,205932,3952,102561,837,100943,35,2428,2271,66932,2549,70566,2307,137498,California
Solano,2021-03-26,3205,209137,2081,104642,1088,102031,36,2464,1736,67244,1460,72026,1772,139270,California
Solano,2021-03-27,4184,213321,1147,105789,3001,105032,36,2500,1798,66698,2380,74406,1834,141104,California
Solano,2021-03-28,1415,214736,1105,106894,292,105324,18,2518,567,66440,844,75250,586,141690,California
Solano,2021-03-29,3473,218209,2030,108924,1426,106750,17,2535,1601,66195,1863,77113,1618,143308,California
Solano,2021-03-30,3001,221210,2014,110938,897,107647,90,2625,1912,67110,1087,78200,2002,145310,California
Solano,2021-03-31,3112,224322,2118,113056,835,108482,159,2784,1843,67842,1266,79466,1998,147308,California
Solano,2021-04-01,5495,229817,2077,115133,3274,111756,144,2928,3482,69467,2002,81468,3627,150935,California
Solano,2021-04-02,6473,236290,2209,117342,4098,115854,166,3094,2487,68148,3971,85439,2652,153587,California
Solano,2021-04-03,1521,237811,957,118299,410,116264,154,3248,556,67895,963,86402,710,154297,California
Solano,2021-04-04,775,238586,286,118585,188,116452,301,3549,237,67899,534,86936,538,154835,California
Solano,2021-04-05,2960,241546,2018,120603,736,117188,206,3755,1506,68158,1452,88388,1711,156546,California
Solano,2021-04-06,5814,247360,1621,122224,3702,120890,491,4246,1591,66021,4217,92605,2080,158626,California
Solano,2021-04-07,5814,253174,4488,126712,933,121823,393,4639,3293,67198,2508,95113,3685,162311,California
Solano,2021-04-08,6382,259556,1764,128476,3763,125586,855,5494,1786,65262,4569,99682,2633,164944,California
Solano,2021-04-09,6217,265773,1647,130123,3731,129317,839,6333,1507,62917,4689,104371,2344,167288,California
Solano,2021-04-10,1709,267482,947,131070,448,129765,314,6647,792,63106,916,105287,1105,168393,California
Solano,2021-04-11,1211,268693,749,131819,335,130100,127,6774,624,63273,584,105871,751,169144,California
Solano,2021-04-12,3248,271941,1670,133489,1220,131320,358,7132,1340,63066,1903,107774,1696,170840,California
Solano,2021-04-13,2519,274460,1086,134575,1432,132752,1,7133,1314,63180,1201,108975,1315,172155,California
Solano,2021-04-14,6394,280854,1946,136521,4448,137200,0,7133,1862,60523,4520,113495,1863,174018,California
Solano,2021-04-15,5631,286485,2125,138646,3506,140706,0,7133,1718,58340,3901,117396,1718,175736,California
Solano,2021-04-16,3650,290135,2560,141206,1088,141794,2,7135,2276,59252,1366,118762,2278,178014,California
Solano,2021-04-17,3239,293374,1057,142263,2182,143976,0,7135,1126,58274,2105,120867,1127,179141,California
Solano,2021-04-18,994,294368,600,142863,394,144370,0,7135,526,58333,467,121334,526,179667,California
Solano,2021-04-19,2053,296421,1154,144017,899,145269,0,7135,1142,58571,906,122240,1144,180811,California
Solano,2021-04-20,2994,299415,1822,145839,1172,146441,0,7135,1666,58913,1324,123564,1666,182477,California
Solano,2021-04-21,3538,302953,2316,148155,1222,147663,0,7135,1770,58921,1762,125326,1770,184247,California
Solano,2021-04-22,2882,305835,1437,149592,1445,149108,0,7135,1764,59570,1115,126441,1764,186011,California
Solano,2021-04-23,4103,309938,2051,151643,2052,151160,0,7135,2457,60390,1638,128079,2458,188469,California
Solano,2021-04-24,3458,313396,2273,153916,1183,152343,2,7137,2421,61854,959,129038,2423,190892,California
Solano,2021-04-25,1429,314825,1114,155030,315,152658,0,7137,1129,62690,293,129331,1129,192021,California
Solano,2021-04-26,2381,317206,1550,156580,827,153485,4,7141,1261,62847,1108,130439,1265,193286,California
Solano,2021-04-27,2282,319488,1203,157783,1055,154540,24,7165,1263,63123,1012,131451,1288,194574,California
Solano,2021-04-28,4923,324411,3945,161728,932,155472,46,7211,3109,64474,1804,133255,3155,197729,California
Solano,2021-04-29,3851,328262,1238,162966,2582,158054,31,7242,1581,63825,2261,135516,1612,199341,California
Solano,2021-04-30,3753,332015,2000,164966,1628,159682,125,7367,1833,63874,1909,137425,1958,201299,California
Solano,2021-05-01,1881,333896,1489,166455,292,159974,100,7467,1119,64335,758,138183,1219,202518,California
Solano,2021-05-02,1094,334990,933,167388,137,160111,24,7491,572,64414,517,138700,596,203114,California
Solano,2021-05-03,1437,336427,993,168381,355,160466,89,7580,588,64244,847,139547,677,203791,California
Solano,2021-05-04,1771,338198,1036,169417,675,161141,60,7640,794,64122,976,140523,854,204645,California
Solano,2021-05-05,1867,340065,1194,170611,594,161735,79,7719,900,64135,965,141488,978,205623,California
Solano,2021-05-06,1519,341584,965,171576,430,162165,124,7843,480,63702,1037,142525,604,206227,California
Solano,2021-05-07,2151,343735,1649,173225,429,162594,73,7916,647,62922,1499,144024,719,206946,California
Sonoma,2020-12-15,4,4,4,4,0,0,0,0,4,4,0,0,4,4,California
Sonoma,2020-12-16,27,31,27,31,0,0,0,0,27,31,0,0,27,31,California
Sonoma,2020-12-17,104,135,104,135,0,0,0,0,104,135,0,0,104,135,California
Sonoma,2020-12-18,420,555,420,555,0,0,0,0,420,555,0,0,420,555,California
Sonoma,2020-12-19,111,666,110,665,1,1,0,0,111,666,0,0,111,666,California
Sonoma,2020-12-20,174,840,174,839,0,1,0,0,174,840,0,0,174,840,California
Sonoma,2020-12-21,910,1750,908,1747,2,3,0,0,909,1749,0,0,909,1749,California
Sonoma,2020-12-22,1355,3105,1264,3011,91,94,0,0,1355,3104,0,0,1355,3104,California
Sonoma,2020-12-23,1606,4711,1230,4241,376,470,0,0,1607,4711,0,0,1607,4711,California
Sonoma,2020-12-24,305,5016,101,4342,204,674,0,0,305,5016,0,0,305,5016,California
Sonoma,2020-12-25,8,5024,2,4344,6,680,0,0,8,5024,0,0,8,5024,California
Sonoma,2020-12-26,267,5291,256,4600,11,691,0,0,267,5291,0,0,267,5291,California
Sonoma,2020-12-27,93,5384,80,4680,13,704,0,0,93,5384,0,0,93,5384,California
Sonoma,2020-12-28,987,6371,553,5233,434,1138,0,0,958,6342,0,0,958,6342,California
Sonoma,2020-12-29,1129,7500,776,6009,353,1491,0,0,1095,7437,0,0,1095,7437,California
Sonoma,2020-12-30,1093,8593,479,6488,614,2105,0,0,1085,8522,0,0,1085,8522,California
Sonoma,2020-12-31,517,9110,71,6559,446,2551,0,0,518,9040,0,0,518,9040,California
Sonoma,2021-01-01,11,9121,6,6565,5,2556,0,0,11,9051,0,0,11,9051,California
Sonoma,2021-01-02,131,9252,125,6690,6,2562,0,0,131,9182,0,0,131,9182,California
Sonoma,2021-01-03,25,9277,11,6701,14,2576,0,0,25,9207,0,0,25,9207,California
Sonoma,2021-01-04,341,9618,105,6806,236,2812,0,0,340,9547,0,0,340,9547,California
Sonoma,2021-01-05,438,10056,102,6908,336,3148,0,0,414,9946,15,15,414,9961,California
Sonoma,2021-01-06,946,11002,432,7340,514,3662,0,0,835,10676,105,120,835,10796,California
Sonoma,2021-01-07,1031,12033,535,7875,496,4158,0,0,861,11368,169,289,861,11657,California
Sonoma,2021-01-08,1789,13822,1232,9107,557,4715,0,0,1317,12215,470,759,1317,12974,California
Sonoma,2021-01-09,639,14461,402,9509,237,4952,0,0,591,12758,48,807,591,13565,California
Sonoma,2021-01-10,472,14933,461,9970,11,4963,0,0,279,12844,193,1000,279,13844,California
Sonoma,2021-01-11,1383,16316,1237,11207,146,5109,0,0,414,12293,965,1965,414,14258,California
Sonoma,2021-01-12,1546,17862,1293,12500,253,5362,0,0,395,11539,1149,3114,395,14653,California
Sonoma,2021-01-13,2073,19935,1427,13927,646,6008,0,0,1210,11890,860,3974,1211,15864,California
Sonoma,2021-01-14,1531,21466,809,14736,722,6730,0,0,1301,12961,230,4204,1301,17165,California
Sonoma,2021-01-15,1566,23032,635,15371,931,7661,0,0,1346,14097,211,4415,1347,18512,California
Sonoma,2021-01-16,1144,24176,617,15988,527,8188,0,0,898,14753,242,4657,898,19410,California
Sonoma,2021-01-17,669,24845,548,16536,121,8309,0,0,589,15262,80,4737,589,19999,California
Sonoma,2021-01-18,1105,25950,931,17467,174,8483,0,0,615,15388,490,5227,616,20615,California
Sonoma,2021-01-19,2096,28046,1006,18473,1090,9573,0,0,1386,16067,708,5935,1387,22002,California
Sonoma,2021-01-20,2076,30122,626,19099,1450,11023,0,0,1415,16831,652,6587,1416,23418,California
Sonoma,2021-01-21,2262,32384,647,19746,1615,12638,0,0,2043,18658,217,6804,2044,25462,California
Sonoma,2021-01-22,2737,35121,1043,20789,1694,14332,0,0,2589,21100,147,6951,2589,28051,California
Sonoma,2021-01-23,768,35889,593,21382,175,14507,0,0,661,21655,106,7057,661,28712,California
Sonoma,2021-01-24,851,36740,715,22097,136,14643,0,0,835,22474,16,7073,835,29547,California
Sonoma,2021-01-25,2172,38912,520,22617,1652,16295,0,0,1685,23672,487,7560,1685,31232,California
Sonoma,2021-01-26,2013,40925,301,22918,1712,18007,0,0,1558,24776,454,8014,1558,32790,California
Sonoma,2021-01-27,3698,44623,1279,24197,2419,20426,0,0,3125,27333,571,8585,3128,35918,California
Sonoma,2021-01-28,4119,48742,1848,26045,2271,22697,0,0,3448,30114,668,9253,3449,39367,California
Sonoma,2021-01-29,2967,51709,1411,27456,1556,24253,0,0,2134,31418,831,10084,2135,41502,California
Sonoma,2021-01-30,2583,54292,2394,29850,189,24442,0,0,2244,33324,339,10423,2245,43747,California
Sonoma,2021-01-31,777,55069,665,30515,112,24554,0,0,579,33706,197,10620,579,44326,California
Sonoma,2021-02-01,2505,57574,883,31398,1622,26176,0,0,2100,35404,402,11022,2100,46426,California
Sonoma,2021-02-02,3522,61096,1373,32771,2149,28325,0,0,2951,37786,569,11591,2951,49377,California
Sonoma,2021-02-03,4036,65132,1322,34093,2714,31039,0,0,3106,39965,927,12518,3106,52483,California
Sonoma,2021-02-04,4201,69333,1711,35804,2490,33529,0,0,3419,42605,780,13298,3420,55903,California
Sonoma,2021-02-05,4814,74147,1739,37543,3075,36604,0,0,3796,45388,1014,14312,3797,59700,California
Sonoma,2021-02-06,2657,76804,2297,39840,360,36964,0,0,2097,46926,559,14871,2097,61797,California
Sonoma,2021-02-07,1536,78340,1401,41241,135,37099,0,0,1284,47958,252,15123,1284,63081,California
Sonoma,2021-02-08,3257,81597,1033,42274,2224,39323,0,0,2677,50056,579,15702,2677,65758,California
Sonoma,2021-02-09,3566,85163,1697,43971,1869,41192,0,0,3086,52665,478,16180,3087,68845,California
Sonoma,2021-02-10,4534,89697,2477,46448,2057,43249,0,0,3497,55132,1031,17211,3498,72343,California
Sonoma,2021-02-11,5568,95265,3015,49463,2553,45802,0,0,4386,58338,1180,18391,4386,76729,California
Sonoma,2021-02-12,5902,101167,3243,52706,2659,48461,0,0,4479,61401,1419,19810,4482,81211,California
Sonoma,2021-02-13,1984,103151,1152,53858,832,49293,0,0,1201,61822,780,20590,1201,82412,California
Sonoma,2021-02-14,2315,105466,1822,55680,493,49786,0,0,1568,62644,746,21336,1568,83980,California
Sonoma,2021-02-15,2139,107605,791,56471,1348,51134,0,0,1605,63716,533,21869,1605,85585,California
Sonoma,2021-02-16,4894,112499,2051,58522,2843,53977,0,0,3640,66106,1250,23119,3640,89225,California
Sonoma,2021-02-17,5595,118094,2897,61419,2698,56675,0,0,3571,67663,2016,25135,3573,92798,California
Sonoma,2021-02-18,6922,125016,3133,64552,3789,60464,0,0,4000,68750,2914,28049,4001,96799,California
Sonoma,2021-02-19,5516,130532,1666,66218,3850,64314,0,0,3420,70080,2091,30140,3421,100220,California
Sonoma,2021-02-20,3120,133652,2840,69058,280,64594,0,0,1217,69400,1897,32037,1217,101437,California
Sonoma,2021-02-21,521,134173,415,69473,106,64700,0,0,130,69142,388,32425,130,101567,California
Sonoma,2021-02-22,2875,137048,1355,70828,1520,66220,0,0,1197,68666,1673,34098,1197,102764,California
Sonoma,2021-02-23,3361,140409,2069,72897,1292,67512,0,0,1615,68539,1742,35840,1615,104379,California
Sonoma,2021-02-24,5632,146041,2540,75437,3092,70604,0,0,2910,68735,2717,38557,2913,107292,California
Sonoma,2021-02-25,5789,151830,2237,77674,3552,74156,0,0,3108,69182,2661,41218,3108,110400,California
Sonoma,2021-02-26,6256,158086,2756,80430,3500,77656,0,0,3969,70869,2282,43500,3969,114369,California
Sonoma,2021-02-27,4023,162109,1907,82337,2116,79772,0,0,2681,72210,1340,44840,2681,117050,California
Sonoma,2021-02-28,2332,164441,1849,84186,483,80255,0,0,609,71106,1713,46553,609,117659,California
Sonoma,2021-03-01,3741,168182,1134,85320,2607,82862,0,0,1880,71136,1851,48404,1881,119540,California
Sonoma,2021-03-02,4338,172520,1478,86798,2860,85722,0,0,2528,71862,1802,50206,2528,122068,California
Sonoma,2021-03-03,5032,177552,2634,89432,2398,88120,0,0,2313,71463,2712,52918,2313,124381,California
Sonoma,2021-03-04,5915,183467,2662,92094,3253,91373,0,0,2567,70696,3334,56252,2567,126948,California
Sonoma,2021-03-05,6440,189907,2823,94917,3602,94975,15,15,2712,69711,3713,59965,2728,129676,California
Sonoma,2021-03-06,2777,192684,1212,96129,1431,96406,134,149,1910,70894,860,60825,2043,131719,California
Sonoma,2021-03-07,1681,194365,1391,97520,255,96661,35,184,356,69962,1323,62148,391,132110,California
Sonoma,2021-03-08,4052,198417,653,98173,3224,99885,175,359,2380,70853,1662,63810,2553,134663,California
Sonoma,2021-03-09,5485,203902,3002,101175,2241,102126,242,601,2672,70961,2806,66616,2914,137577,California
Sonoma,2021-03-10,5951,209853,3172,104347,2452,104578,327,928,2397,70144,3540,70156,2723,140300,California
Sonoma,2021-03-11,7520,217373,2994,107341,3706,108284,820,1748,2561,68576,4950,75106,3382,143682,California
Sonoma,2021-03-12,7396,224769,2267,109608,3769,112053,1360,3108,2106,66767,5271,80377,3462,147144,California
Sonoma,2021-03-13,3251,228020,1545,111153,1471,113524,235,3343,1855,67459,1395,81772,2087,149231,California
Sonoma,2021-03-14,1380,229400,383,111536,856,114380,141,3484,851,67924,526,82298,991,150222,California
Sonoma,2021-03-15,5221,234621,1498,113034,3338,117718,385,3869,2190,67474,3023,85321,2573,152795,California
Sonoma,2021-03-16,6274,240895,2237,115271,3805,121523,232,4101,2905,67247,3363,88684,3136,155931,California
Sonoma,2021-03-17,6743,247638,3524,118795,3039,124562,180,4281,3286,67267,3445,92129,3465,159396,California
Sonoma,2021-03-18,7118,254756,2936,121731,3568,128130,614,4895,3178,67124,3932,96061,3789,163185,California
Sonoma,2021-03-19,7483,262239,3235,124966,4017,132147,231,5126,3192,66279,4272,100333,3427,166612,California
Sonoma,2021-03-20,3628,265867,1747,126713,1052,133199,829,5955,1974,67431,1647,101980,2799,169411,California
Sonoma,2021-03-21,1382,267249,601,127314,748,133947,33,5988,1216,68518,162,102142,1249,170660,California
Sonoma,2021-03-22,4514,271763,3088,130402,1325,135272,101,6089,3422,70954,1087,103229,3523,174183,California
Sonoma,2021-03-23,5797,277560,3603,134005,2118,137390,76,6165,4420,74081,1369,104598,4496,178679,California
Sonoma,2021-03-24,6605,284165,4268,138273,2271,139661,66,6231,3992,75542,2596,107194,4057,182736,California
Sonoma,2021-03-25,6982,291147,4190,142463,2685,142346,107,6338,4228,77146,2732,109926,4336,187072,California
Sonoma,2021-03-26,7275,298422,3449,145912,3736,146082,90,6428,3803,77583,3456,113382,3893,190965,California
Sonoma,2021-03-27,3796,302218,1501,147413,1933,148015,362,6790,1120,76396,2669,116051,1482,192447,California
Sonoma,2021-03-28,1505,303723,947,148360,531,148546,27,6817,944,76809,558,116609,971,193418,California
Sonoma,2021-03-29,2856,306579,1094,149454,1729,150275,33,6850,1580,77151,1271,117880,1613,195031,California
Sonoma,2021-03-30,5705,312284,3143,152597,2499,152774,63,6913,3012,77538,2687,120567,3074,198105,California
Sonoma,2021-03-31,5512,317796,3342,155939,1956,154730,214,7127,3213,78678,2288,122855,3428,201533,California
Sonoma,2021-04-01,6680,324476,3973,159912,2371,157101,336,7463,3575,79494,3087,125942,3903,205436,California
Sonoma,2021-04-02,5902,330378,3536,163448,2257,159358,109,7572,3547,80801,2349,128291,3656,209092,California
Sonoma,2021-04-03,3368,333746,1646,165094,1500,160858,222,7794,1461,80587,1895,130186,1681,210773,California
Sonoma,2021-04-04,1057,334803,688,165782,279,161137,90,7884,668,80960,385,130571,758,211531,California
Sonoma,2021-04-05,4355,339158,587,166369,3430,164567,338,8222,1635,80219,2714,133285,1973,213504,California
Sonoma,2021-04-06,6848,346006,3468,169837,2979,167546,401,8623,3974,81731,2861,136146,4373,217877,California
Sonoma,2021-04-07,6750,352756,3808,173645,2108,169654,834,9457,3272,82364,3469,139615,4102,221979,California
Sonoma,2021-04-08,7496,360252,4095,177740,2631,172285,770,10227,4084,83813,3401,143016,4850,226829,California
Sonoma,2021-04-09,6763,367015,3767,181507,2112,174397,884,11111,3475,84892,3276,146292,4355,231184,California
Sonoma,2021-04-10,3827,370842,1686,183193,1588,175985,553,11664,1094,83811,2723,149015,1642,232826,California
Sonoma,2021-04-11,1279,372121,604,183797,593,176578,82,11746,434,83483,844,149859,516,233342,California
Sonoma,2021-04-12,4927,377048,2049,185846,2397,178975,481,12227,1842,82722,3077,152936,2316,235658,California
Sonoma,2021-04-13,7787,384835,4610,190456,3175,182150,2,12229,2958,80861,4821,157757,2960,238618,California
Sonoma,2021-04-14,6533,391368,3722,194178,2791,184941,20,12249,2526,79412,3994,161751,2545,241163,California
Sonoma,2021-04-15,7185,398553,4082,198260,3103,188044,0,12249,3551,79340,3623,165374,3551,244714,California
Sonoma,2021-04-16,6785,405338,3410,201670,3374,191418,1,12250,3850,80261,2930,168304,3851,248565,California
Sonoma,2021-04-17,3097,408435,1498,203168,1599,193017,0,12250,1496,80167,1591,169895,1497,250062,California
Sonoma,2021-04-18,1203,409638,811,203979,392,193409,0,12250,370,79706,831,170726,370,250432,California
Sonoma,2021-04-19,3293,412931,1873,205852,1419,194828,1,12251,1451,79320,1838,172564,1452,251884,California
Sonoma,2021-04-20,6259,419190,3451,209303,2808,197636,0,12251,2372,77818,3875,176439,2373,254257,California
Sonoma,2021-04-21,6344,425534,4186,213489,2156,199792,2,12253,2918,77326,3411,179850,2919,257176,California
Sonoma,2021-04-22,6112,431646,4442,217931,1670,201462,0,12253,2484,76195,3615,183465,2484,259660,California
Sonoma,2021-04-23,7259,438905,4608,222539,2644,204106,7,12260,3618,76189,3632,187097,3626,263286,California
Sonoma,2021-04-24,2695,441600,1481,224020,1200,205306,14,12274,1530,76571,1162,188259,1544,264830,California
Sonoma,2021-04-25,1077,442677,785,224805,292,205598,0,12274,428,76352,647,188906,428,265258,California
Sonoma,2021-04-26,2567,445244,1242,226047,1299,206897,26,12300,1443,76704,1117,190023,1469,266727,California
Sonoma,2021-04-27,5139,450383,3619,229666,1424,208321,96,12396,2105,75884,3021,193044,2201,268928,California
Sonoma,2021-04-28,4851,455234,3195,232861,1462,209783,194,12590,2116,75469,2720,195764,2305,271233,California
Sonoma,2021-04-29,4803,460037,3424,236285,1234,211017,145,12735,1760,74338,3036,198800,1905,273138,California
Sonoma,2021-04-30,5425,465462,3617,239902,1515,212532,293,13028,1813,72842,3601,202401,2105,275243,California
Sonoma,2021-05-01,2462,467924,1771,241673,585,213117,106,13134,1315,73118,1142,203543,1418,276661,California
Sonoma,2021-05-02,860,468784,644,242317,166,213283,50,13184,552,73413,308,203851,603,277264,California
Sonoma,2021-05-03,3169,471953,1674,243991,1352,214635,143,13327,1052,72497,2110,205961,1194,278458,California
Sonoma,2021-05-04,4521,476474,2396,246387,1951,216586,174,13501,1437,71040,3064,209025,1607,280065,California
Sonoma,2021-05-05,3104,479578,1866,248253,1124,217710,114,13615,1114,70286,1981,211006,1227,281292,California
Sonoma,2021-05-06,3663,483241,1841,250094,1779,219489,43,13658,1122,68919,2531,213537,1164,282456,California
Sonoma,2021-05-07,2542,485783,1791,251885,729,220218,22,13680,706,67820,1827,215364,728,283184,California
Stanislaus,2020-12-15,3,3,3,3,0,0,0,0,3,3,0,0,3,3,California
Stanislaus,2020-12-16,37,40,37,40,0,0,0,0,37,40,0,0,37,40,California
Stanislaus,2020-12-17,74,114,74,114,0,0,0,0,74,114,0,0,74,114,California
Stanislaus,2020-12-18,337,451,331,445,6,6,0,0,337,451,0,0,337,451,California
Stanislaus,2020-12-19,133,584,133,578,0,6,0,0,133,584,0,0,133,584,California
Stanislaus,2020-12-20,85,669,85,663,0,6,0,0,85,669,0,0,85,669,California
Stanislaus,2020-12-21,998,1667,997,1660,1,7,0,0,997,1666,0,0,997,1666,California
Stanislaus,2020-12-22,795,2462,783,2443,12,19,0,0,795,2461,0,0,795,2461,California
Stanislaus,2020-12-23,447,2909,430,2873,17,36,0,0,446,2907,0,0,446,2907,California
Stanislaus,2020-12-24,97,3006,88,2961,9,45,0,0,97,3004,0,0,97,3004,California
Stanislaus,2020-12-26,51,3057,8,2969,43,88,0,0,51,3055,0,0,51,3055,California
Stanislaus,2020-12-27,11,3068,6,2975,5,93,0,0,11,3066,0,0,11,3066,California
Stanislaus,2020-12-28,490,3558,395,3370,95,188,0,0,490,3556,0,0,490,3556,California
Stanislaus,2020-12-29,494,4052,416,3786,78,266,0,0,494,4050,0,0,494,4050,California
Stanislaus,2020-12-30,534,4586,279,4065,255,521,0,0,533,4582,1,1,533,4583,California
Stanislaus,2020-12-31,275,4861,156,4221,119,640,0,0,275,4857,0,1,275,4858,California
Stanislaus,2021-01-01,12,4873,4,4225,8,648,0,0,12,4869,0,1,12,4870,California
Stanislaus,2021-01-02,31,4904,24,4249,7,655,0,0,31,4900,0,1,31,4901,California
Stanislaus,2021-01-03,90,4994,87,4336,3,658,0,0,90,4990,0,1,90,4991,California
Stanislaus,2021-01-04,229,5223,150,4486,79,737,0,0,229,5219,0,1,229,5220,California
Stanislaus,2021-01-05,831,6054,341,4827,490,1227,0,0,809,6012,21,22,814,6034,California
Stanislaus,2021-01-06,1002,7056,599,5426,403,1630,0,0,931,6876,68,90,932,6966,California
Stanislaus,2021-01-07,1077,8133,701,6127,376,2006,0,0,888,7584,182,272,890,7856,California
Stanislaus,2021-01-08,1281,9414,725,6852,556,2562,0,0,939,8189,339,611,944,8800,California
Stanislaus,2021-01-09,285,9699,141,6993,144,2706,0,0,195,8294,90,701,195,8995,California
Stanislaus,2021-01-10,48,9747,21,7014,27,2733,0,0,29,8304,19,720,29,9024,California
Stanislaus,2021-01-11,1522,11269,1245,8259,277,3010,0,0,596,7996,921,1641,613,9637,California
Stanislaus,2021-01-12,1464,12733,861,9120,603,3613,0,0,828,8198,632,2273,834,10471,California
Stanislaus,2021-01-13,1434,14167,682,9802,752,4365,0,0,1113,8998,321,2594,1121,11592,California
Stanislaus,2021-01-14,2223,16390,280,10082,1943,6308,0,0,2064,10965,157,2751,2124,13716,California
Stanislaus,2021-01-15,2808,19198,1145,11227,1663,7971,0,0,2665,13562,139,2890,2736,16452,California
Stanislaus,2021-01-16,471,19669,50,11277,421,8392,0,0,456,14006,14,2904,458,16910,California
Stanislaus,2021-01-17,244,19913,202,11479,42,8434,0,0,238,14239,5,2909,238,17148,California
Stanislaus,2021-01-18,2184,22097,1023,12502,1161,9595,0,0,1804,15734,375,3284,1870,19018,California
Stanislaus,2021-01-19,1249,23346,721,13223,528,10123,0,0,805,16098,442,3726,806,19824,California
Stanislaus,2021-01-20,999,24345,484,13707,515,10638,0,0,709,16518,289,4015,709,20533,California
Stanislaus,2021-01-21,3640,27985,2945,16652,695,11333,0,0,3328,19630,310,4325,3422,23955,California
Stanislaus,2021-01-22,1064,29049,307,16959,757,12090,0,0,1019,20612,41,4366,1023,24978,California
Stanislaus,2021-01-23,339,29388,39,16998,300,12390,0,0,283,20844,55,4421,287,25265,California
Stanislaus,2021-01-24,291,29679,99,17097,192,12582,0,0,225,21005,66,4487,227,25492,California
Stanislaus,2021-01-25,3137,32816,227,17324,2910,15492,0,0,2825,23689,278,4765,2962,28454,California
Stanislaus,2021-01-26,1720,34536,743,18067,977,16469,0,0,1299,24586,417,5182,1314,29768,California
Stanislaus,2021-01-27,1866,36402,1028,19095,838,17307,0,0,1163,25090,660,5842,1164,30932,California
Stanislaus,2021-01-28,2195,38597,1499,20594,696,18003,0,0,1712,26380,475,6317,1765,32697,California
Stanislaus,2021-01-29,2429,41026,1190,21784,1239,19242,0,0,1911,27861,473,6790,1954,34651,California
Stanislaus,2021-01-30,292,41318,131,21915,161,19403,0,0,229,28038,52,6842,229,34880,California
Stanislaus,2021-01-31,366,41684,312,22227,54,19457,0,0,351,28377,12,6854,351,35231,California
Stanislaus,2021-02-01,1259,42943,553,22780,706,20163,0,0,913,28955,335,7189,913,36144,California
Stanislaus,2021-02-02,1232,44175,373,23153,859,21022,0,0,780,29295,444,7633,784,36928,California
Stanislaus,2021-02-03,2460,46635,1082,24235,1378,22400,0,0,1790,30426,666,8299,1797,38725,California
Stanislaus,2021-02-04,2091,48726,725,24960,1366,23766,0,0,1576,31502,505,8804,1581,40306,California
Stanislaus,2021-02-05,2833,51559,1457,26417,1376,25142,0,0,1591,31912,1188,9992,1598,41904,California
Stanislaus,2021-02-06,883,52442,300,26717,583,25725,0,0,693,32418,188,10180,694,42598,California
Stanislaus,2021-02-07,213,52655,189,26906,24,25749,0,0,42,32291,170,10350,43,42641,California
Stanislaus,2021-02-08,2017,54672,1319,28225,698,26447,0,0,1098,32513,884,11234,1106,43747,California
Stanislaus,2021-02-09,1825,56497,777,29002,1048,27495,0,0,1043,32796,764,11998,1047,44794,California
Stanislaus,2021-02-10,1929,58426,531,29533,1398,28893,0,0,1012,32912,898,12896,1014,45808,California
Stanislaus,2021-02-11,5362,63788,3254,32787,2108,31001,0,0,1225,30187,3955,16851,1230,47038,California
Stanislaus,2021-02-12,3280,67068,910,33697,2370,33371,0,0,1445,29867,1769,18620,1449,48487,California
Stanislaus,2021-02-13,1347,68415,649,34346,698,34069,0,0,979,30486,364,18984,983,49470,California
Stanislaus,2021-02-14,421,68836,168,34514,253,34322,0,0,352,30771,67,19051,352,49822,California
Stanislaus,2021-02-15,1808,70644,229,34743,1579,35901,0,0,579,30232,1123,20174,584,50406,California
Stanislaus,2021-02-16,1358,72002,420,35163,938,36839,0,0,581,30046,769,20943,583,50989,California
Stanislaus,2021-02-17,2730,74732,1668,36831,1062,37901,0,0,1934,31194,793,21736,1941,52930,California
Stanislaus,2021-02-18,3334,78066,1886,38717,1448,39349,0,0,1786,31524,1470,23206,1800,54730,California
Stanislaus,2021-02-19,2714,80780,1053,39770,1661,41010,0,0,1521,31898,1159,24365,1533,56263,California
Stanislaus,2021-02-20,745,81525,378,40148,367,41377,0,0,482,32136,246,24611,484,56747,California
Stanislaus,2021-02-21,902,82427,687,40835,215,41592,0,0,551,32370,328,24939,562,57309,California
Stanislaus,2021-02-22,2337,84764,1690,42525,647,42239,0,0,1635,33330,677,25616,1637,58946,California
Stanislaus,2021-02-23,3689,88453,679,43204,3010,45249,0,0,1734,33259,1811,27427,1740,60686,California
Stanislaus,2021-02-24,4144,92597,2831,46035,1313,46562,0,0,3131,35397,997,28424,3135,63821,California
Stanislaus,2021-02-25,3868,96465,2638,48673,1230,47792,0,0,3070,37689,781,29205,3073,66894,California
Stanislaus,2021-02-26,4164,100629,1202,49875,2962,50754,0,0,2819,39217,1300,30505,2828,69722,California
Stanislaus,2021-02-27,2078,102707,698,50573,1379,52133,1,1,1851,40869,200,30705,1852,71574,California
Stanislaus,2021-02-28,812,103519,259,50832,553,52686,0,1,766,41597,39,30744,767,72341,California
Stanislaus,2021-03-01,2748,106267,1616,52448,1131,53817,1,2,1622,42125,1103,31847,1631,73972,California
Stanislaus,2021-03-02,2373,108640,1409,53857,963,54780,1,3,1653,43066,713,32560,1654,75626,California
Stanislaus,2021-03-03,3697,112337,2219,56076,1476,56256,2,5,2896,45178,784,33344,2896,78522,California
Stanislaus,2021-03-04,5417,117754,3098,59174,2303,58559,16,21,4196,48191,1195,34539,4208,82730,California
Stanislaus,2021-03-05,4006,121760,1108,60282,2882,61441,16,37,3045,50309,942,35481,3060,85790,California
Stanislaus,2021-03-06,3570,125330,2224,62506,1253,62694,93,130,2719,52276,847,36328,2814,88604,California
Stanislaus,2021-03-07,843,126173,384,62890,423,63117,36,166,655,52785,182,36510,691,89295,California
Stanislaus,2021-03-08,1979,128152,853,63743,1037,64154,89,255,1320,53546,647,37157,1408,90703,California
Stanislaus,2021-03-09,2163,130315,892,64635,1179,65333,92,347,1627,54742,527,37684,1723,92426,California
Stanislaus,2021-03-10,5048,135363,2490,67125,2337,67670,221,568,3732,57409,1299,38983,3966,96392,California
Stanislaus,2021-03-11,5701,141064,3128,70253,2097,69767,476,1044,4126,60597,1416,40399,4604,100996,California
Stanislaus,2021-03-12,5753,146817,1226,71479,2607,72374,1920,2964,2918,62612,2818,43217,4833,105829,California
Stanislaus,2021-03-13,3372,150189,2177,73656,1127,73501,68,3032,2684,64688,681,43898,2757,108586,California
Stanislaus,2021-03-14,990,151179,593,74249,346,73847,51,3083,488,64730,500,44398,542,109128,California
Stanislaus,2021-03-15,3677,154856,1968,76217,1351,75198,358,3441,1602,64716,1980,46378,1966,111094,California
Stanislaus,2021-03-16,4900,159756,2442,78659,2047,77245,411,3852,3534,67313,1347,47725,3944,115038,California
Stanislaus,2021-03-17,4703,164459,2847,81506,1680,78925,176,4028,2882,68577,1800,49525,3064,118102,California
Stanislaus,2021-03-18,5404,169863,3409,84915,1928,80853,67,4095,2975,69341,2283,51808,3047,121149,California
Stanislaus,2021-03-19,5907,175770,1526,86441,2856,83709,1525,5620,3101,71187,2778,54586,4624,125773,California
Stanislaus,2021-03-20,3832,179602,2998,89439,766,84475,68,5688,3362,74154,463,55049,3430,129203,California
Stanislaus,2021-03-21,981,180583,881,90320,35,84510,65,5753,747,74734,232,55281,812,130015,California
Stanislaus,2021-03-22,2804,183387,1317,91637,763,85273,724,6477,1247,75163,1541,56822,1970,131985,California
Stanislaus,2021-03-23,3931,187318,2010,93647,1661,86934,260,6737,2812,77149,1102,57924,3088,135073,California
Stanislaus,2021-03-24,4526,191844,3208,96855,1250,88184,68,6805,2636,78008,1848,59772,2707,137780,California
Stanislaus,2021-03-25,4225,196069,2903,99758,1306,89490,16,6821,1815,77506,2334,62106,1832,139612,California
Stanislaus,2021-03-26,4710,200779,1332,101090,3303,92793,75,6896,2373,77663,2304,64410,2461,142073,California
Stanislaus,2021-03-27,4305,205084,2699,103789,1577,94370,29,6925,1378,76174,2911,67321,1422,143495,California
Stanislaus,2021-03-28,1097,206181,436,104225,556,94926,105,7030,328,75862,759,68080,447,143942,California
Stanislaus,2021-03-29,2958,209139,1815,106040,1104,96030,39,7069,1972,76902,978,69058,2018,145960,California
Stanislaus,2021-03-30,3643,212782,2037,108077,1579,97609,27,7096,2222,77747,1413,70471,2258,148218,California
Stanislaus,2021-03-31,5369,218151,3806,111883,1446,99055,117,7213,2749,78023,2605,73076,2881,151099,California
Stanislaus,2021-04-01,5702,223853,3815,115698,1798,100853,89,7302,2622,77692,3067,76143,2736,153835,California
Stanislaus,2021-04-02,4971,228824,1207,116905,3613,104466,151,7453,2236,77445,2652,78795,2405,156240,California
Stanislaus,2021-04-03,4519,233343,3286,120191,1196,105662,37,7490,2225,77445,2285,81080,2285,158525,California
Stanislaus,2021-04-04,1309,234652,467,120658,812,106474,30,7520,648,77477,656,81736,688,159213,California
Stanislaus,2021-04-05,3603,238255,2516,123174,837,107311,250,7770,2339,78816,1256,82992,2595,161808,California
Stanislaus,2021-04-06,5717,243972,4153,127327,1291,108602,273,8043,3067,79525,2637,85629,3346,165154,California
Stanislaus,2021-04-07,6330,250302,3589,130916,2322,110924,419,8462,2826,79286,3490,89119,3251,168405,California
Stanislaus,2021-04-08,5655,255957,3311,134227,1913,112837,431,8893,2754,79591,2885,92004,3190,171595,California
Stanislaus,2021-04-09,4796,260753,2097,136324,2333,115170,366,9259,2176,79546,2599,94603,2554,174149,California
Stanislaus,2021-04-10,6468,267221,3978,140302,857,116027,1633,10892,1996,78718,4451,99054,3623,177772,California
Stanislaus,2021-04-11,1513,268734,848,141150,532,116559,133,11025,660,78661,851,99905,794,178566,California
Stanislaus,2021-04-12,3575,272309,2034,143184,1097,117656,444,11469,1867,79281,1698,101603,2318,180884,California
Stanislaus,2021-04-13,5182,277491,3411,146595,1758,119414,13,11482,2919,79976,2230,103833,2925,183809,California
Stanislaus,2021-04-14,4624,282115,3241,149836,1383,120797,0,11482,2242,79870,2353,106186,2247,186056,California
Stanislaus,2021-04-15,5367,287482,3305,153141,2060,122857,2,11484,3234,81010,2098,108284,3238,189294,California
Stanislaus,2021-04-16,4259,291741,973,154114,3285,126142,1,11485,1800,80393,2419,110703,1802,191096,California
Stanislaus,2021-04-17,3103,294844,2070,156184,1033,127175,0,11485,1805,80915,1287,111990,1809,192905,California
Stanislaus,2021-04-18,519,295363,206,156390,313,127488,0,11485,399,81202,114,112104,401,193306,California
Stanislaus,2021-04-19,3444,298807,2445,158835,999,128487,0,11485,1647,81090,1767,113871,1655,194961,California
Stanislaus,2021-04-20,3958,302765,2402,161237,1556,130043,0,11485,1740,80640,2192,116063,1742,196703,California
Stanislaus,2021-04-21,3769,306534,2510,163747,1258,131301,1,11486,1614,80139,2122,118185,1621,198324,California
Stanislaus,2021-04-22,3932,310466,2393,166140,1539,132840,0,11486,1588,79431,2301,120486,1593,199917,California
Stanislaus,2021-04-23,3580,314046,842,166982,2738,135578,0,11486,1472,78894,2016,122502,1479,201396,California
Stanislaus,2021-04-24,3719,317765,2917,169899,802,136380,0,11486,1756,78710,1947,124449,1763,203159,California
Stanislaus,2021-04-25,931,318696,478,170377,453,136833,0,11486,684,79157,242,124691,689,203848,California
Stanislaus,2021-04-26,3163,321859,2226,172603,931,137764,6,11492,950,77922,2198,126889,963,204811,California
Stanislaus,2021-04-27,3795,325654,2658,175261,1095,138859,42,11534,1071,76329,2707,129596,1114,205925,California
Stanislaus,2021-04-28,4115,329769,2899,178160,1155,140014,61,11595,1805,75912,2295,131891,1878,207803,California
Stanislaus,2021-04-29,3552,333321,2209,180369,1295,141309,48,11643,1395,75221,2143,134034,1452,209255,California
Stanislaus,2021-04-30,4449,337770,2034,182403,2348,143657,67,11710,1777,74411,2662,136696,1852,211107,California
Stanislaus,2021-05-01,2690,340460,1917,184320,735,144392,38,11748,1008,73789,1676,138372,1054,212161,California
Stanislaus,2021-05-02,1056,341516,605,184925,415,144807,36,11784,516,73811,535,138907,557,212718,California
Stanislaus,2021-05-03,2367,343883,1887,186812,413,145220,67,11851,892,73316,1466,140373,971,213689,California
Stanislaus,2021-05-04,3283,347166,2315,189127,886,146106,82,11933,1003,72139,2271,142644,1094,214783,California
Stanislaus,2021-05-05,2451,349617,1579,190706,830,146936,42,11975,769,71283,1667,144311,811,215594,California
Stanislaus,2021-05-06,2475,352092,1836,192542,560,147496,79,12054,767,70432,1698,146009,847,216441,California
Stanislaus,2021-05-07,1494,353586,457,192999,954,148450,83,12137,481,69993,1006,147015,567,217008,California
Sutter,2020-12-15,1,1,1,1,0,0,0,0,1,1,0,0,1,1,California
Sutter,2020-12-16,4,5,4,5,0,0,0,0,4,5,0,0,4,5,California
Sutter,2020-12-17,2,7,2,7,0,0,0,0,2,7,0,0,2,7,California
Sutter,2020-12-18,20,27,20,27,0,0,0,0,20,27,0,0,20,27,California
Sutter,2020-12-19,44,71,44,71,0,0,0,0,44,71,0,0,44,71,California
Sutter,2020-12-20,42,113,42,113,0,0,0,0,42,113,0,0,42,113,California
Sutter,2020-12-21,100,213,100,213,0,0,0,0,100,213,0,0,100,213,California
Sutter,2020-12-22,172,385,172,385,0,0,0,0,172,385,0,0,172,385,California
Sutter,2020-12-23,116,501,111,496,5,5,0,0,116,501,0,0,116,501,California
Sutter,2020-12-24,17,518,11,507,6,11,0,0,17,518,0,0,17,518,California
Sutter,2020-12-26,38,556,34,541,4,15,0,0,38,556,0,0,38,556,California
Sutter,2020-12-27,24,580,23,564,1,16,0,0,24,580,0,0,24,580,California
Sutter,2020-12-28,83,663,55,619,28,44,0,0,83,663,0,0,83,663,California
Sutter,2020-12-29,101,764,14,633,87,131,0,0,101,764,0,0,101,764,California
Sutter,2020-12-30,137,901,34,667,103,234,0,0,137,901,0,0,137,901,California
Sutter,2020-12-31,70,971,6,673,64,298,0,0,70,971,0,0,70,971,California
Sutter,2021-01-01,3,974,3,676,0,298,0,0,3,974,0,0,3,974,California
Sutter,2021-01-02,133,1107,131,807,2,300,0,0,133,1107,0,0,133,1107,California
Sutter,2021-01-03,1,1108,0,807,1,301,0,0,1,1108,0,0,1,1108,California
Sutter,2021-01-04,247,1355,139,946,108,409,0,0,247,1355,0,0,247,1355,California
Sutter,2021-01-05,100,1455,57,1003,43,452,0,0,98,1451,2,2,98,1453,California
Sutter,2021-01-06,204,1659,50,1053,154,606,0,0,199,1645,5,7,199,1652,California
Sutter,2021-01-07,251,1910,151,1204,100,706,0,0,242,1879,8,15,242,1894,California
Sutter,2021-01-08,147,2057,40,1244,107,813,0,0,130,1992,17,32,130,2024,California
Sutter,2021-01-09,46,2103,43,1287,3,816,0,0,5,1956,41,73,5,2029,California
Sutter,2021-01-10,397,2500,37,1324,360,1176,0,0,359,2278,37,110,359,2388,California
Sutter,2021-01-11,132,2632,114,1438,18,1194,0,0,26,2198,106,216,26,2414,California
Sutter,2021-01-12,201,2833,164,1602,37,1231,0,0,58,2113,143,359,58,2472,California
Sutter,2021-01-13,161,2994,98,1700,63,1294,0,0,71,2095,89,448,71,2543,California
Sutter,2021-01-14,145,3139,49,1749,96,1390,0,0,126,2202,19,467,126,2669,California
Sutter,2021-01-15,436,3575,132,1881,304,1694,0,0,421,2608,15,482,421,3090,California
Sutter,2021-01-16,384,3959,41,1922,343,2037,0,0,353,2931,30,512,353,3443,California
Sutter,2021-01-17,26,3985,24,1946,2,2039,0,0,10,2925,16,528,10,3453,California
Sutter,2021-01-18,116,4101,61,2007,55,2094,0,0,69,2947,47,575,69,3522,California
Sutter,2021-01-19,104,4205,43,2050,61,2155,0,0,79,3001,25,600,79,3601,California
Sutter,2021-01-20,255,4460,190,2240,65,2220,0,0,235,3216,20,620,235,3836,California
Sutter,2021-01-21,472,4932,303,2543,169,2389,0,0,453,3650,19,639,453,4289,California
Sutter,2021-01-22,269,5201,81,2624,188,2577,0,0,260,3901,9,648,260,4549,California
Sutter,2021-01-23,397,5598,40,2664,357,2934,0,0,370,4244,27,675,370,4919,California
Sutter,2021-01-24,17,5615,14,2678,3,2937,0,0,15,4257,2,677,15,4934,California
Sutter,2021-01-25,307,5922,197,2875,110,3047,0,0,152,4255,154,831,152,5086,California
Sutter,2021-01-26,243,6165,103,2978,140,3187,0,0,143,4299,99,930,143,5229,California
Sutter,2021-01-27,386,6551,255,3233,131,3318,0,0,320,4553,66,996,320,5549,California
Sutter,2021-01-28,525,7076,301,3534,224,3542,0,0,395,4819,129,1125,395,5944,California
Sutter,2021-01-29,419,7495,146,3680,273,3815,0,0,254,4908,165,1290,254,6198,California
Sutter,2021-01-30,775,8270,38,3718,737,4552,0,0,764,5661,11,1301,764,6962,California
Sutter,2021-01-31,27,8297,27,3745,0,4552,0,0,27,5688,0,1301,27,6989,California
Sutter,2021-02-01,165,8462,49,3794,116,4668,0,0,134,5791,31,1332,134,7123,California
Sutter,2021-02-02,244,8706,27,3821,217,4885,0,0,212,5971,32,1364,212,7335,California
Sutter,2021-02-03,442,9148,38,3859,404,5289,0,0,209,5947,233,1597,209,7544,California
Sutter,2021-02-04,670,9818,366,4225,304,5593,0,0,620,6517,50,1647,620,8164,California
Sutter,2021-02-05,285,10103,32,4257,253,5846,0,0,136,6504,149,1796,136,8300,California
Sutter,2021-02-06,735,10838,29,4286,706,6552,0,0,713,7195,22,1818,713,9013,California
Sutter,2021-02-07,23,10861,20,4306,3,6555,0,0,19,7210,4,1822,19,9032,California
Sutter,2021-02-08,134,10995,29,4335,105,6660,0,0,98,7272,36,1858,98,9130,California
Sutter,2021-02-09,245,11240,45,4380,200,6860,0,0,184,7395,61,1919,184,9314,California
Sutter,2021-02-10,818,12058,379,4759,439,7299,0,0,177,6932,640,2559,177,9491,California
Sutter,2021-02-11,603,12661,275,5034,328,7627,0,0,345,7019,258,2817,345,9836,California
Sutter,2021-02-12,633,13294,67,5101,566,8193,0,0,310,7007,322,3139,310,10146,California
Sutter,2021-02-13,898,14192,49,5150,849,9042,0,0,781,7671,117,3256,781,10927,California
Sutter,2021-02-14,90,14282,25,5175,65,9107,0,0,80,7741,10,3266,80,11007,California
Sutter,2021-02-15,198,14480,73,5248,125,9232,0,0,119,7781,79,3345,119,11126,California
Sutter,2021-02-16,289,14769,45,5293,244,9476,0,0,205,7903,83,3428,205,11331,California
Sutter,2021-02-17,823,15592,428,5721,395,9871,0,0,129,7338,694,4122,129,11460,California
Sutter,2021-02-18,700,16292,55,5776,645,10516,0,0,489,7617,210,4332,489,11949,California
Sutter,2021-02-19,664,16956,378,6154,286,10802,0,0,462,7879,200,4532,462,12411,California
Sutter,2021-02-20,618,17574,51,6205,567,11369,0,0,515,8292,102,4634,515,12926,California
Sutter,2021-02-21,29,17603,26,6231,3,11372,0,0,6,8275,23,4657,6,12932,California
Sutter,2021-02-22,207,17810,122,6353,85,11457,0,0,87,8242,120,4777,87,13019,California
Sutter,2021-02-23,223,18033,33,6386,190,11647,0,0,97,8213,126,4903,97,13116,California
Sutter,2021-02-24,959,18992,349,6735,610,12257,0,0,190,7635,768,5671,190,13306,California
Sutter,2021-02-25,778,19770,492,7227,286,12543,0,0,597,8054,178,5849,597,13903,California
Sutter,2021-02-26,368,20138,59,7286,309,12852,0,0,152,7992,214,6063,152,14055,California
Sutter,2021-02-27,865,21003,44,7330,821,13673,0,0,710,8545,157,6220,710,14765,California
Sutter,2021-02-28,83,21086,38,7368,45,13718,0,0,64,8591,18,6238,64,14829,California
Sutter,2021-03-01,247,21333,61,7429,186,13904,0,0,150,8644,97,6335,150,14979,California
Sutter,2021-03-02,334,21667,57,7486,277,14181,0,0,160,8631,173,6508,160,15139,California
Sutter,2021-03-03,1384,23051,514,8000,870,15051,0,0,647,8547,731,7239,647,15786,California
Sutter,2021-03-04,1256,24307,867,8867,389,15440,0,0,950,9195,302,7541,950,16736,California
Sutter,2021-03-05,336,24643,76,8943,259,15699,1,1,203,9267,132,7673,204,16940,California
Sutter,2021-03-06,1022,25665,46,8989,971,16670,5,6,860,9970,162,7835,865,17805,California
Sutter,2021-03-07,64,25729,23,9012,40,16710,1,7,44,9995,20,7855,45,17850,California
Sutter,2021-03-08,225,25954,78,9090,135,16845,12,19,157,10096,68,7923,169,18019,California
Sutter,2021-03-09,386,26340,136,9226,237,17082,13,32,183,10090,202,8125,196,18215,California
Sutter,2021-03-10,1570,27910,682,9908,827,17909,61,93,526,9636,1041,9166,587,18802,California
Sutter,2021-03-11,890,28800,438,10346,433,18342,19,112,646,10060,241,9407,665,19467,California
Sutter,2021-03-12,672,29472,110,10456,380,18722,182,294,198,9967,471,9878,378,19845,California
Sutter,2021-03-13,981,30453,747,11203,217,18939,17,311,781,10567,198,10076,798,20643,California
Sutter,2021-03-14,128,30581,21,11224,96,19035,11,322,43,10536,85,10161,54,20697,California
Sutter,2021-03-15,318,30899,66,11290,203,19238,49,371,151,10570,166,10327,200,20897,California
Sutter,2021-03-16,388,31287,86,11376,255,19493,47,418,210,10648,178,10505,256,21153,California
Sutter,2021-03-17,1497,32784,565,11941,913,20406,19,437,310,9798,1179,11684,329,21482,California
Sutter,2021-03-18,955,33739,168,12109,587,20993,200,637,564,10171,390,12074,763,22245,California
Sutter,2021-03-19,462,34201,164,12273,269,21262,29,666,283,10306,177,12251,312,22557,California
Sutter,2021-03-20,951,35152,116,12389,824,22086,11,677,863,11092,88,12339,874,23431,California
Sutter,2021-03-21,67,35219,47,12436,17,22103,3,680,37,11102,30,12369,40,23471,California
Sutter,2021-03-22,287,35506,120,12556,141,22244,26,706,212,11266,74,12443,238,23709,California
Sutter,2021-03-23,376,35882,116,12672,228,22472,32,738,254,11430,122,12565,286,23995,California
Sutter,2021-03-24,1684,37566,773,13445,841,23313,70,808,317,10464,1353,13918,387,24382,California
Sutter,2021-03-25,1035,38601,676,14121,318,23631,41,849,367,10206,666,14584,408,24790,California
Sutter,2021-03-26,482,39083,171,14292,294,23925,17,866,292,10328,187,14771,309,25099,California
Sutter,2021-03-27,932,40015,63,14355,867,24792,2,868,824,11049,105,14876,826,25925,California
Sutter,2021-03-28,125,40140,71,14426,54,24846,0,868,78,11082,45,14921,78,26003,California
Sutter,2021-03-29,427,40567,144,14570,228,25074,55,923,226,11164,199,15120,281,26284,California
Sutter,2021-03-30,475,41042,158,14728,307,25381,10,933,316,11331,159,15279,326,26610,California
Sutter,2021-03-31,1244,42286,175,14903,1053,26434,16,949,444,11000,790,16069,459,27069,California
Sutter,2021-04-01,1369,43655,727,15630,455,26889,187,1136,413,10651,949,17018,600,27669,California
Sutter,2021-04-02,513,44168,99,15729,296,27185,118,1254,202,10658,310,17328,317,27986,California
Sutter,2021-04-03,909,45077,77,15806,209,27394,623,1877,120,10614,787,18115,743,28729,California
Sutter,2021-04-04,117,45194,22,15828,89,27483,6,1883,54,10611,63,18178,60,28789,California
Sutter,2021-04-05,368,45562,146,15974,186,27669,36,1919,177,10636,188,18366,213,29002,California
Sutter,2021-04-06,508,46070,196,16170,256,27925,56,1975,272,10729,235,18601,328,29330,California
Sutter,2021-04-07,1464,47534,863,17033,526,28451,75,2050,602,10550,856,19457,677,30007,California
Sutter,2021-04-08,1024,48558,575,17608,340,28791,109,2159,561,10760,458,19915,668,30675,California
Sutter,2021-04-09,554,49112,244,17852,247,29038,63,2222,233,10737,319,20234,296,30971,California
Sutter,2021-04-10,817,49929,105,17957,88,29126,624,2846,104,10748,711,20945,722,31693,California
Sutter,2021-04-11,109,50038,27,17984,40,29166,42,2888,31,10743,78,21023,73,31766,California
Sutter,2021-04-12,337,50375,91,18075,192,29358,54,2942,137,10734,200,21223,191,31957,California
Sutter,2021-04-13,428,50803,125,18200,303,29661,0,2942,213,10734,213,21436,213,32170,California
Sutter,2021-04-14,1292,52095,160,18360,1131,30792,1,2943,213,9875,1073,22509,214,32384,California
Sutter,2021-04-15,532,52627,171,18531,361,31153,0,2943,214,9773,316,22825,214,32598,California
Sutter,2021-04-16,386,53013,115,18646,271,31424,0,2943,175,9738,210,23035,175,32773,California
Sutter,2021-04-17,571,53584,81,18727,490,31914,0,2943,500,10169,69,23104,500,33273,California
Sutter,2021-04-18,67,53651,8,18735,59,31973,0,2943,42,10187,24,23128,42,33315,California
Sutter,2021-04-19,289,53940,110,18845,179,32152,0,2943,121,10142,166,23294,121,33436,California
Sutter,2021-04-20,391,54331,136,18981,255,32407,0,2943,202,10156,188,23482,202,33638,California
Sutter,2021-04-21,1237,55568,423,19404,814,33221,0,2943,478,9884,750,24232,478,34116,California
Sutter,2021-04-22,466,56034,158,19562,308,33529,0,2943,245,9909,220,24452,245,34361,California
Sutter,2021-04-23,393,56427,111,19673,282,33811,0,2943,186,9889,206,24658,186,34547,California
Sutter,2021-04-24,324,56751,105,19778,219,34030,0,2943,185,9936,138,24796,185,34732,California
Sutter,2021-04-25,157,56908,75,19853,82,34112,0,2943,86,9954,68,24864,86,34818,California
Sutter,2021-04-26,259,57167,60,19913,197,34309,2,2945,114,9927,143,25007,116,34934,California
Sutter,2021-04-27,487,57654,228,20141,255,34564,4,2949,225,9897,259,25266,229,35163,California
Sutter,2021-04-28,816,58470,341,20482,467,35031,8,2957,260,9614,551,25817,268,35431,California
Sutter,2021-04-29,759,59229,132,20614,626,35657,1,2958,303,9465,453,26270,304,35735,California
Sutter,2021-04-30,352,59581,105,20719,234,35891,13,2971,142,9412,207,26477,154,35889,California
Sutter,2021-05-01,294,59875,105,20824,148,36039,41,3012,125,9412,166,26643,166,36055,California
Sutter,2021-05-02,78,59953,51,20875,25,36064,2,3014,45,9426,33,26676,47,36102,California
Sutter,2021-05-03,168,60121,105,20980,53,36117,10,3024,68,9404,100,26776,78,36180,California
Sutter,2021-05-04,481,60602,231,21211,187,36304,63,3087,207,9402,271,27047,269,36449,California
Sutter,2021-05-05,397,60999,33,21244,360,36664,4,3091,104,9223,287,27334,108,36557,California
Sutter,2021-05-06,219,61218,110,21354,96,36760,13,3104,109,9235,110,27444,122,36679,California
Sutter,2021-05-07,252,61470,47,21401,188,36948,17,3121,81,9165,168,27612,98,36777,California
Tehama,2020-12-15,1,1,1,1,0,0,0,0,1,1,0,0,1,1,California
Tehama,2020-12-16,2,3,2,3,0,0,0,0,2,3,0,0,2,3,California
Tehama,2020-12-17,12,15,12,15,0,0,0,0,12,15,0,0,12,15,California
Tehama,2020-12-18,2,17,2,17,0,0,0,0,3,18,0,0,3,18,California
Tehama,2020-12-21,33,50,33,50,0,0,0,0,33,51,0,0,33,51,California
Tehama,2020-12-22,68,118,62,112,6,6,0,0,68,119,0,0,68,119,California
Tehama,2020-12-23,48,166,40,152,8,14,0,0,48,167,0,0,48,167,California
Tehama,2020-12-24,5,171,3,155,2,16,0,0,5,172,0,0,5,172,California
Tehama,2020-12-26,3,174,2,157,1,17,0,0,3,175,0,0,3,175,California
Tehama,2020-12-27,2,176,2,159,0,17,0,0,2,177,0,0,2,177,California
Tehama,2020-12-28,56,232,43,202,13,30,0,0,56,233,0,0,56,233,California
Tehama,2020-12-29,31,263,31,233,0,30,0,0,31,264,0,0,31,264,California
Tehama,2020-12-30,54,317,38,271,16,46,0,0,53,317,0,0,53,317,California
Tehama,2020-12-31,14,331,4,275,10,56,0,0,14,331,0,0,14,331,California
Tehama,2021-01-01,2,333,0,275,2,58,0,0,2,333,0,0,2,333,California
Tehama,2021-01-04,32,365,9,284,23,81,0,0,32,365,0,0,32,365,California
Tehama,2021-01-05,70,435,43,327,27,108,0,0,67,429,3,3,67,432,California
Tehama,2021-01-06,71,506,21,348,50,158,0,0,62,483,8,11,62,494,California
Tehama,2021-01-07,57,563,7,355,50,208,0,0,56,538,1,12,56,550,California
Tehama,2021-01-08,33,596,24,379,9,217,0,0,28,561,5,17,28,578,California
Tehama,2021-01-09,7,603,5,384,2,219,0,0,5,564,2,19,5,583,California
Tehama,2021-01-10,1,604,0,384,1,220,0,0,1,565,0,19,1,584,California
Tehama,2021-01-11,48,652,46,430,2,222,0,0,15,547,33,52,15,599,California
Tehama,2021-01-12,116,768,96,526,20,242,0,0,71,573,45,97,71,670,California
Tehama,2021-01-13,73,841,55,581,18,260,0,0,27,554,46,143,27,697,California
Tehama,2021-01-14,225,1066,50,631,175,435,0,0,223,775,2,145,223,920,California
Tehama,2021-01-15,247,1313,74,705,173,608,0,0,243,1014,4,149,243,1163,California
Tehama,2021-01-16,272,1585,27,732,245,853,0,0,269,1280,3,152,269,1432,California
Tehama,2021-01-17,13,1598,9,741,4,857,0,0,11,1289,2,154,11,1443,California
Tehama,2021-01-18,10,1608,6,747,4,861,0,0,5,1289,5,159,5,1448,California
Tehama,2021-01-19,288,1896,62,809,226,1087,0,0,233,1467,55,214,233,1681,California
Tehama,2021-01-20,301,2197,87,896,214,1301,0,0,251,1669,49,263,251,1932,California
Tehama,2021-01-21,214,2411,11,907,203,1504,0,0,204,1863,10,273,204,2136,California
Tehama,2021-01-22,223,2634,21,928,202,1706,0,0,220,2080,3,276,220,2356,California
Tehama,2021-01-23,261,2895,10,938,251,1957,0,0,260,2339,1,277,260,2616,California
Tehama,2021-01-25,32,2927,14,952,18,1975,0,0,14,2335,18,295,14,2630,California
Tehama,2021-01-26,323,3250,42,994,281,2256,0,0,286,2584,37,332,286,2916,California
Tehama,2021-01-27,299,3549,21,1015,278,2534,0,0,279,2843,20,352,279,3195,California
Tehama,2021-01-28,340,3889,29,1044,311,2845,0,0,325,3153,15,367,325,3520,California
Tehama,2021-01-29,321,4210,19,1063,302,3147,0,0,304,3440,17,384,304,3824,California
Tehama,2021-01-30,103,4313,2,1065,101,3248,0,0,102,3541,1,385,102,3926,California
Tehama,2021-01-31,1,4314,0,1065,1,3249,0,0,1,3542,0,385,1,3927,California
Tehama,2021-02-01,78,4392,22,1087,56,3305,0,0,36,3536,42,427,36,3963,California
Tehama,2021-02-02,345,4737,63,1150,282,3587,0,0,248,3690,94,521,248,4211,California
Tehama,2021-02-03,382,5119,12,1162,370,3957,0,0,338,3984,44,565,338,4549,California
Tehama,2021-02-04,474,5593,98,1260,376,4333,0,0,395,4301,79,644,396,4945,California
Tehama,2021-02-05,173,5766,73,1333,100,4433,0,0,111,4350,62,706,111,5056,California
Tehama,2021-02-06,28,5794,13,1346,15,4448,0,0,16,4354,12,718,16,5072,California
Tehama,2021-02-07,5,5799,4,1350,1,4449,0,0,2,4353,3,721,2,5074,California
Tehama,2021-02-08,36,5835,14,1364,22,4471,0,0,27,4371,9,730,27,5101,California
Tehama,2021-02-09,78,5913,34,1398,44,4515,0,0,44,4381,34,764,44,5145,California
Tehama,2021-02-10,233,6146,62,1460,171,4686,0,0,157,4462,76,840,157,5302,California
Tehama,2021-02-11,222,6368,16,1476,206,4892,0,0,82,4406,138,978,82,5384,California
Tehama,2021-02-12,364,6732,65,1541,299,5191,0,0,174,4390,190,1168,174,5558,California
Tehama,2021-02-13,386,7118,13,1554,373,5564,0,0,147,4298,239,1407,147,5705,California
Tehama,2021-02-14,33,7151,0,1554,33,5597,0,0,32,4329,1,1408,32,5737,California
Tehama,2021-02-15,51,7202,9,1563,42,5639,0,0,45,4368,6,1414,45,5782,California
Tehama,2021-02-16,242,7444,16,1579,226,5865,0,0,60,4246,182,1596,60,5842,California
Tehama,2021-02-17,280,7724,12,1591,268,6133,0,0,54,4074,226,1822,54,5896,California
Tehama,2021-02-18,368,8092,32,1623,336,6469,0,0,144,3994,224,2046,144,6040,California
Tehama,2021-02-19,213,8305,18,1641,195,6664,0,0,42,3865,171,2217,42,6082,California
Tehama,2021-02-20,271,8576,6,1647,265,6929,0,0,26,3646,245,2462,26,6108,California
Tehama,2021-02-22,37,8613,13,1660,24,6953,0,0,24,3657,13,2475,24,6132,California
Tehama,2021-02-23,46,8659,19,1679,27,6980,0,0,26,3663,20,2495,26,6158,California
Tehama,2021-02-24,298,8957,12,1691,286,7266,0,0,26,3417,272,2767,26,6184,California
Tehama,2021-02-25,377,9334,61,1752,316,7582,0,0,38,3116,339,3106,38,6222,California
Tehama,2021-02-26,455,9789,19,1771,436,8018,0,0,70,2801,385,3491,70,6292,California
Tehama,2021-02-27,294,10083,5,1776,289,8307,0,0,34,2575,260,3751,34,6326,California
Tehama,2021-02-28,23,10106,2,1778,21,8328,0,0,20,2592,3,3754,20,6346,California
Tehama,2021-03-01,65,10171,8,1786,57,8385,0,0,31,2589,34,3788,31,6377,California
Tehama,2021-03-02,128,10299,18,1804,110,8495,0,0,30,2521,98,3886,30,6407,California
Tehama,2021-03-03,141,10440,33,1837,108,8603,0,0,47,2474,94,3980,47,6454,California
Tehama,2021-03-04,619,11059,36,1873,583,9186,0,0,222,2306,390,4370,222,6676,California
Tehama,2021-03-05,394,11453,18,1891,376,9562,0,0,215,2343,178,4548,215,6891,California
Tehama,2021-03-06,299,11752,17,1908,282,9844,0,0,81,2208,217,4765,82,6973,California
Tehama,2021-03-07,5,11757,1,1909,4,9848,0,0,3,2210,1,4766,3,6976,California
Tehama,2021-03-08,58,11815,12,1921,31,9879,15,15,27,2222,30,4796,42,7018,California
Tehama,2021-03-09,364,12179,8,1929,337,10216,19,34,309,2495,55,4851,328,7346,California
Tehama,2021-03-10,351,12530,12,1941,318,10534,21,55,69,2304,281,5132,90,7436,California
Tehama,2021-03-11,486,13016,17,1958,423,10957,46,101,343,2550,143,5275,389,7825,California
Tehama,2021-03-12,304,13320,19,1977,220,11177,65,166,179,2669,125,5400,244,8069,California
Tehama,2021-03-13,45,13365,8,1985,31,11208,6,172,6,2642,39,5439,12,8081,California
Tehama,2021-03-14,51,13416,3,1988,37,11245,11,183,10,2622,41,5480,21,8102,California
Tehama,2021-03-15,151,13567,21,2009,110,11355,20,203,84,2659,67,5547,104,8206,California
Tehama,2021-03-16,412,13979,14,2023,360,11715,38,241,311,2908,100,5647,349,8555,California
Tehama,2021-03-17,422,14401,22,2045,368,12083,32,273,337,3194,83,5730,369,8924,California
Tehama,2021-03-18,489,14890,26,2071,439,12522,24,297,310,3351,177,5907,334,9258,California
Tehama,2021-03-19,316,15206,23,2094,280,12802,13,310,274,3596,42,5949,287,9545,California
Tehama,2021-03-20,40,15246,8,2102,30,12832,2,312,28,3614,12,5961,30,9575,California
Tehama,2021-03-21,12,15258,5,2107,7,12839,0,312,12,3626,0,5961,12,9587,California
Tehama,2021-03-22,90,15348,7,2114,66,12905,17,329,49,3651,41,6002,66,9653,California
Tehama,2021-03-23,87,15435,26,2140,54,12959,7,336,68,3707,19,6021,75,9728,California
Tehama,2021-03-24,86,15521,16,2156,68,13027,2,338,55,3733,31,6052,57,9785,California
Tehama,2021-03-25,517,16038,353,2509,151,13178,13,351,468,4166,48,6100,481,10266,California
Tehama,2021-03-26,481,16519,374,2883,95,13273,12,363,406,4509,75,6175,418,10684,California
Tehama,2021-03-27,451,16970,359,3242,67,13340,25,388,384,4852,66,6241,409,11093,California
Tehama,2021-03-28,34,17004,13,3255,21,13361,0,388,22,4862,12,6253,22,11115,California
Tehama,2021-03-29,122,17126,31,3286,90,13451,1,389,78,4896,44,6297,78,11193,California
Tehama,2021-03-30,373,17499,222,3508,149,13600,2,391,255,5035,118,6415,257,11450,California
Tehama,2021-03-31,380,17879,279,3787,98,13698,3,394,308,5274,71,6486,310,11760,California
Tehama,2021-04-01,525,18404,246,4033,273,13971,6,400,392,5539,133,6619,398,12158,California
Tehama,2021-04-02,453,18857,214,4247,233,14204,6,406,268,5628,184,6803,273,12431,California
Tehama,2021-04-03,61,18918,3,4250,53,14257,5,411,30,5632,31,6834,35,12466,California
Tehama,2021-04-04,34,18952,6,4256,27,14284,1,412,22,5643,12,6846,23,12489,California
Tehama,2021-04-05,114,19066,20,4276,68,14352,26,438,59,5673,55,6901,85,12574,California
Tehama,2021-04-06,490,19556,110,4386,329,14681,51,489,140,5514,350,7251,191,12765,California
Tehama,2021-04-07,419,19975,282,4668,93,14774,44,533,304,5747,114,7365,347,13112,California
Tehama,2021-04-08,600,20575,174,4842,388,15162,38,571,229,5644,370,7735,267,13379,California
Tehama,2021-04-09,429,21004,192,5034,204,15366,33,604,214,5678,213,7948,247,13626,California
Tehama,2021-04-10,72,21076,9,5043,37,15403,26,630,39,5710,33,7981,65,13691,California
Tehama,2021-04-11,33,21109,7,5050,15,15418,11,641,8,5704,25,8006,19,13710,California
Tehama,2021-04-12,113,21222,6,5056,88,15506,19,660,43,5696,70,8076,62,13772,California
Tehama,2021-04-13,310,21532,59,5115,251,15757,0,660,64,5515,246,8322,65,13837,California
Tehama,2021-04-14,466,21998,49,5164,417,16174,0,660,51,5152,414,8736,51,13888,California
Tehama,2021-04-15,495,22493,191,5355,304,16478,0,660,84,4825,411,9147,84,13972,California
Tehama,2021-04-16,585,23078,333,5688,252,16730,0,660,93,4426,492,9639,93,14065,California
Tehama,2021-04-17,347,23425,268,5956,79,16809,0,660,41,4163,305,9944,42,14107,California
Tehama,2021-04-18,16,23441,2,5958,14,16823,0,660,12,4171,4,9948,12,14119,California
Tehama,2021-04-19,93,23534,7,5965,86,16909,0,660,40,4158,53,10001,40,14159,California
Tehama,2021-04-20,500,24034,412,6377,88,16997,0,660,147,3956,351,10352,149,14308,California
Tehama,2021-04-21,511,24545,437,6814,74,17071,0,660,184,3813,327,10679,184,14492,California
Tehama,2021-04-22,508,25053,358,7172,150,17221,0,660,148,3602,359,11038,148,14640,California
Tehama,2021-04-23,445,25498,347,7519,98,17319,0,660,204,3566,241,11279,205,14845,California
Tehama,2021-04-24,104,25602,18,7537,86,17405,0,660,30,3522,74,11353,30,14875,California
Tehama,2021-04-25,29,25631,18,7555,11,17416,0,660,11,3515,18,11371,11,14886,California
Tehama,2021-04-26,72,25703,7,7562,65,17481,0,660,42,3528,29,11400,42,14928,California
Tehama,2021-04-27,248,25951,203,7765,45,17526,0,660,91,3462,157,11557,91,15019,California
Tehama,2021-04-28,395,26346,318,8083,60,17586,17,677,65,3214,330,11887,82,15101,California
Tehama,2021-04-29,350,26696,171,8254,174,17760,5,682,67,3004,282,12169,72,15173,California
Tehama,2021-04-30,323,27019,239,8493,78,17838,6,688,112,2911,211,12380,118,15291,California
Tehama,2021-05-01,72,27091,4,8497,65,17903,3,691,14,2870,58,12438,17,15308,California
Tehama,2021-05-02,46,27137,24,8521,10,17913,12,703,26,2888,20,12458,38,15346,California
Tehama,2021-05-03,115,27252,39,8560,68,17981,8,711,62,2905,53,12511,70,15416,California
Tehama,2021-05-04,149,27401,53,8613,89,18070,7,718,63,2889,86,12597,70,15486,California
Tehama,2021-05-05,69,27470,18,8631,42,18112,9,727,29,2887,40,12637,38,15524,California
Tehama,2021-05-06,129,27599,72,8703,41,18153,16,743,79,2932,50,12687,95,15619,California
Tehama,2021-05-07,131,27730,60,8763,63,18216,8,751,23,2857,106,12793,31,15650,California
Trinity,2020-12-17,4,4,4,4,0,0,0,0,4,4,0,0,4,4,California
Trinity,2020-12-18,2,6,2,6,0,0,0,0,2,6,0,0,2,6,California
Trinity,2020-12-21,39,45,39,45,0,0,0,0,39,45,0,0,39,45,California
Trinity,2020-12-22,5,50,5,50,0,0,0,0,5,50,0,0,5,50,California
Trinity,2020-12-23,5,55,5,55,0,0,0,0,5,55,0,0,5,55,California
Trinity,2020-12-28,30,85,30,85,0,0,0,0,30,85,0,0,30,85,California
Trinity,2020-12-29,8,93,7,92,1,1,0,0,8,93,0,0,8,93,California
Trinity,2020-12-30,10,103,8,100,2,3,0,0,10,103,0,0,10,103,California
Trinity,2020-12-31,2,105,1,101,1,4,0,0,2,105,0,0,2,105,California
Trinity,2021-01-04,28,133,0,101,28,32,0,0,27,132,0,0,27,132,California
Trinity,2021-01-05,2,135,1,102,1,33,0,0,2,134,0,0,2,134,California
Trinity,2021-01-06,24,159,4,106,20,53,0,0,20,150,4,4,20,154,California
Trinity,2021-01-08,49,208,2,108,47,100,0,0,48,196,2,6,48,202,California
Trinity,2021-01-11,42,250,39,147,3,103,0,0,4,162,38,44,4,206,California
Trinity,2021-01-12,9,259,7,154,2,105,0,0,4,161,5,49,4,210,California
Trinity,2021-01-13,7,266,4,158,3,108,0,0,4,162,3,52,4,214,California
Trinity,2021-01-14,4,270,1,159,3,111,0,0,4,166,0,52,4,218,California
Trinity,2021-01-15,4,274,0,159,4,115,0,0,4,170,0,52,4,222,California
Trinity,2021-01-16,4,278,0,159,4,119,0,0,4,174,0,52,4,226,California
Trinity,2021-01-18,31,309,31,190,0,119,0,0,1,145,30,82,1,227,California
Trinity,2021-01-19,96,405,14,204,82,201,0,0,82,213,14,96,82,309,California
Trinity,2021-01-20,19,424,3,207,16,217,0,0,17,228,2,98,17,326,California
Trinity,2021-01-21,17,441,7,214,10,227,0,0,17,245,0,98,17,343,California
Trinity,2021-01-22,5,446,1,215,4,231,0,0,5,250,0,98,5,348,California
Trinity,2021-01-23,7,453,3,218,4,235,0,0,7,257,0,98,7,355,California
Trinity,2021-01-25,14,467,1,219,13,248,0,0,13,269,1,99,13,368,California
Trinity,2021-01-26,10,477,1,220,9,257,0,0,9,277,1,100,9,377,California
Trinity,2021-01-27,12,489,0,220,12,269,0,0,12,289,0,100,12,389,California
Trinity,2021-01-28,13,502,3,223,10,279,0,0,10,296,3,103,10,399,California
Trinity,2021-01-29,3,505,1,224,2,281,0,0,2,297,1,104,2,401,California
Trinity,2021-01-30,12,517,11,235,1,282,0,0,12,309,0,104,12,413,California
Trinity,2021-02-01,2,519,1,236,1,283,0,0,1,309,1,105,1,414,California
Trinity,2021-02-02,13,532,3,239,10,293,0,0,13,322,0,105,13,427,California
Trinity,2021-02-03,6,538,1,240,5,298,0,0,3,322,3,108,3,430,California
Trinity,2021-02-04,42,580,32,272,10,308,0,0,35,350,7,115,35,465,California
Trinity,2021-02-05,350,930,0,272,350,658,0,0,320,640,30,145,320,785,California
Trinity,2021-02-06,210,1140,5,277,205,863,0,0,203,836,7,152,203,988,California
Trinity,2021-02-07,1,1141,0,277,1,864,0,0,1,837,0,152,1,989,California
Trinity,2021-02-08,25,1166,0,277,25,889,0,0,15,842,10,162,15,1004,California
Trinity,2021-02-09,27,1193,2,279,25,914,0,0,11,837,16,178,11,1015,California
Trinity,2021-02-10,122,1315,10,289,112,1026,0,0,102,919,20,198,102,1117,California
Trinity,2021-02-11,339,1654,2,291,337,1363,0,0,332,1244,7,205,332,1449,California
Trinity,2021-02-12,14,1668,6,297,8,1371,0,0,10,1250,4,209,10,1459,California
Trinity,2021-02-13,12,1680,5,302,7,1378,0,0,5,1248,7,216,5,1464,California
Trinity,2021-02-14,2,1682,2,304,0,1378,0,0,2,1250,0,216,2,1466,California
Trinity,2021-02-15,47,1729,0,304,47,1425,0,0,47,1297,0,216,47,1513,California
Trinity,2021-02-16,6,1735,2,306,4,1429,0,0,3,1297,3,219,3,1516,California
Trinity,2021-02-17,94,1829,2,308,92,1521,0,0,84,1371,10,229,84,1600,California
Trinity,2021-02-18,4,1833,0,308,4,1525,0,0,1,1369,3,232,1,1601,California
Trinity,2021-02-19,304,2137,2,310,302,1827,0,0,290,1645,14,246,290,1891,California
Trinity,2021-02-20,141,2278,14,324,127,1954,0,0,113,1730,28,274,113,2004,California
Trinity,2021-02-22,8,2286,0,324,8,1962,0,0,5,1732,3,277,5,2009,California
Trinity,2021-02-23,11,2297,4,328,7,1969,0,0,6,1733,5,282,6,2015,California
Trinity,2021-02-24,30,2327,8,336,22,1991,0,0,7,1717,23,305,7,2022,California
Trinity,2021-02-25,36,2363,23,359,13,2004,0,0,5,1691,31,336,5,2027,California
Trinity,2021-02-26,11,2374,1,360,10,2014,0,0,5,1690,6,342,5,2032,California
Trinity,2021-02-27,9,2383,7,367,2,2016,0,0,4,1689,5,347,4,2036,California
Trinity,2021-03-01,9,2392,0,367,9,2025,0,0,5,1690,4,351,5,2041,California
Trinity,2021-03-02,9,2401,3,370,6,2031,0,0,2,1685,7,358,2,2043,California
Trinity,2021-03-03,5,2406,0,370,5,2036,0,0,4,1688,1,359,4,2047,California
Trinity,2021-03-04,24,2430,19,389,5,2041,0,0,14,1692,10,369,14,2061,California
Trinity,2021-03-05,388,2818,1,390,387,2428,0,0,121,1550,263,632,121,2182,California
Trinity,2021-03-06,202,3020,7,397,195,2623,0,0,27,1402,175,807,27,2209,California
Trinity,2021-03-07,4,3024,3,400,1,2624,0,0,3,1404,1,808,3,2212,California
Trinity,2021-03-08,3,3027,0,400,2,2626,1,1,1,1404,2,810,2,2214,California
Trinity,2021-03-09,94,3121,0,400,92,2718,2,3,89,1490,5,815,91,2305,California
Trinity,2021-03-10,126,3247,3,403,120,2838,3,6,38,1443,88,903,41,2346,California
Trinity,2021-03-11,14,3261,4,407,8,2846,2,8,5,1441,9,912,7,2353,California
Trinity,2021-03-12,385,3646,5,412,374,3220,6,14,90,1242,295,1207,96,2449,California
Trinity,2021-03-13,13,3659,8,420,3,3223,2,16,8,1247,5,1212,10,2459,California
Trinity,2021-03-14,2,3661,0,420,2,3225,0,16,2,1249,0,1212,2,2461,California
Trinity,2021-03-15,67,3728,0,420,66,3291,1,17,14,1211,53,1265,15,2476,California
Trinity,2021-03-16,115,3843,7,427,108,3399,0,17,101,1298,14,1279,101,2577,California
Trinity,2021-03-17,100,3943,3,430,97,3496,0,17,26,1250,74,1353,26,2603,California
Trinity,2021-03-18,10,3953,2,432,5,3501,3,20,5,1253,5,1358,8,2611,California
Trinity,2021-03-19,459,4412,4,436,345,3846,110,130,36,976,423,1781,146,2757,California
Trinity,2021-03-20,104,4516,7,443,97,3943,0,130,69,1011,34,1815,69,2826,California
Trinity,2021-03-21,4,4520,0,443,3,3946,1,131,3,1014,1,1816,4,2830,California
Trinity,2021-03-22,2,4522,0,443,2,3948,0,131,2,1016,0,1816,2,2832,California
Trinity,2021-03-23,96,4618,2,445,94,4042,0,131,78,1076,18,1834,78,2910,California
Trinity,2021-03-24,12,4630,1,446,11,4053,0,131,9,1082,3,1837,9,2919,California
Trinity,2021-03-25,110,4740,8,454,96,4149,6,137,84,1146,26,1863,90,3009,California
Trinity,2021-03-26,85,4825,8,462,77,4226,0,137,78,1217,7,1870,78,3087,California
Trinity,2021-03-27,18,4843,4,466,5,4231,9,146,7,1222,11,1881,16,3103,California
Trinity,2021-03-28,5,4848,3,469,2,4233,0,146,1,1219,4,1885,1,3104,California
Trinity,2021-03-29,5,4853,0,469,5,4238,0,146,2,1218,3,1888,2,3106,California
Trinity,2021-03-30,77,4930,5,474,72,4310,0,146,67,1275,10,1898,67,3173,California
Trinity,2021-03-31,56,4986,5,479,19,4329,32,178,21,1292,35,1933,52,3225,California
Trinity,2021-04-01,41,5027,11,490,19,4348,11,189,21,1304,20,1953,32,3257,California
Trinity,2021-04-02,242,5269,5,495,163,4511,74,263,72,1281,169,2122,146,3403,California
Trinity,2021-04-03,18,5287,13,508,5,4516,0,263,8,1279,10,2132,8,3411,California
Trinity,2021-04-04,10,5297,8,516,2,4518,0,263,8,1285,2,2134,8,3419,California
Trinity,2021-04-05,59,5356,6,522,52,4570,1,264,55,1337,4,2138,56,3475,California
Trinity,2021-04-06,114,5470,15,537,96,4666,3,267,26,1278,88,2226,29,3504,California
Trinity,2021-04-07,21,5491,12,549,4,4670,5,272,13,1288,8,2234,18,3522,California
Trinity,2021-04-08,87,5578,10,559,75,4745,2,274,50,1303,37,2271,52,3574,California
Trinity,2021-04-09,168,5746,20,579,143,4888,5,279,89,1318,79,2350,94,3668,California
Trinity,2021-04-10,11,5757,7,586,4,4892,0,279,10,1327,1,2351,10,3678,California
Trinity,2021-04-11,9,5766,5,591,2,4894,2,281,4,1328,5,2356,6,3684,California
Trinity,2021-04-12,77,5843,5,596,71,4965,1,282,64,1380,12,2368,64,3748,California
Trinity,2021-04-13,97,5940,5,601,92,5057,0,282,10,1303,87,2455,10,3758,California
Trinity,2021-04-14,10,5950,5,606,5,5062,0,282,6,1305,4,2459,6,3764,California
Trinity,2021-04-15,43,5993,10,616,33,5095,0,282,14,1290,29,2488,14,3778,California
Trinity,2021-04-16,143,6136,12,628,131,5226,0,282,71,1289,72,2560,71,3849,California
Trinity,2021-04-17,11,6147,5,633,6,5232,0,282,9,1296,2,2562,9,3858,California
Trinity,2021-04-18,1,6148,1,634,0,5232,0,282,0,1295,1,2563,0,3858,California
Trinity,2021-04-19,5,6153,2,636,3,5235,0,282,4,1298,1,2564,4,3862,California
Trinity,2021-04-20,92,6245,8,644,84,5319,0,282,20,1246,72,2636,20,3882,California
Trinity,2021-04-21,22,6267,9,653,13,5332,0,282,9,1242,13,2649,9,3891,California
Trinity,2021-04-22,91,6358,5,658,86,5418,0,282,14,1179,77,2726,14,3905,California
Trinity,2021-04-23,182,6540,6,664,176,5594,0,282,113,1223,69,2795,113,4018,California
Trinity,2021-04-24,20,6560,13,677,7,5601,0,282,5,1213,15,2810,5,4023,California
Trinity,2021-04-25,10,6570,9,686,1,5602,0,282,3,1210,6,2816,3,4026,California
Trinity,2021-04-26,45,6615,6,692,39,5641,0,282,40,1245,5,2821,40,4066,California
Trinity,2021-04-27,85,6700,7,699,78,5719,0,282,22,1204,63,2884,22,4088,California
Trinity,2021-04-28,33,6733,11,710,22,5741,0,282,12,1195,21,2905,12,4100,California
Trinity,2021-04-29,34,6767,13,723,21,5762,0,282,12,1185,22,2927,12,4112,California
Trinity,2021-04-30,26,6793,20,743,6,5768,0,282,8,1175,18,2945,8,4120,California
Trinity,2021-05-01,14,6807,8,751,1,5769,5,287,4,1174,10,2955,9,4129,California
Trinity,2021-05-02,8,6815,5,756,1,5770,2,289,2,1172,6,2961,4,4133,California
Trinity,2021-05-03,58,6873,13,769,44,5814,1,290,10,1135,48,3009,11,4144,California
Trinity,2021-05-04,20,6893,12,781,7,5821,1,291,10,1136,10,3019,11,4155,California
Trinity,2021-05-05,7,6900,5,786,2,5823,0,291,1,1131,6,3025,1,4156,California
Trinity,2021-05-06,67,6967,4,790,61,5884,2,293,10,1086,57,3082,12,4168,California
Trinity,2021-05-07,157,7124,2,792,119,6003,36,329,4,971,153,3235,38,4206,California
Tulare,2020-12-15,1,1,1,1,0,0,0,0,1,1,0,0,1,1,California
Tulare,2020-12-16,3,4,3,4,0,0,0,0,3,4,0,0,3,4,California
Tulare,2020-12-17,110,114,110,114,0,0,0,0,110,114,0,0,110,114,California
Tulare,2020-12-18,289,403,289,403,0,0,0,0,289,403,0,0,289,403,California
Tulare,2020-12-19,327,730,327,730,0,0,0,0,327,730,0,0,327,730,California
Tulare,2020-12-20,166,896,165,895,1,1,0,0,166,896,0,0,166,896,California
Tulare,2020-12-21,423,1319,423,1318,0,1,0,0,443,1339,0,0,443,1339,California
Tulare,2020-12-22,469,1788,467,1785,2,3,0,0,468,1807,0,0,468,1807,California
Tulare,2020-12-23,327,2115,319,2104,8,11,0,0,325,2132,0,0,325,2132,California
Tulare,2020-12-24,18,2133,16,2120,2,13,0,0,18,2150,0,0,18,2150,California
Tulare,2020-12-26,8,2141,7,2127,1,14,0,0,8,2158,0,0,8,2158,California
Tulare,2020-12-27,16,2157,12,2139,4,18,0,0,16,2174,0,0,16,2174,California
Tulare,2020-12-28,481,2638,469,2608,12,30,0,0,480,2654,0,0,480,2654,California
Tulare,2020-12-29,546,3184,478,3086,68,98,0,0,546,3200,0,0,546,3200,California
Tulare,2020-12-30,474,3658,435,3521,39,137,0,0,474,3674,0,0,474,3674,California
Tulare,2020-12-31,94,3752,22,3543,72,209,0,0,94,3768,0,0,94,3768,California
Tulare,2021-01-01,2,3754,1,3544,1,210,0,0,2,3770,0,0,2,3770,California
Tulare,2021-01-02,30,3784,17,3561,13,223,0,0,30,3800,0,0,30,3800,California
Tulare,2021-01-03,23,3807,9,3570,14,237,0,0,23,3823,0,0,23,3823,California
Tulare,2021-01-04,92,3899,16,3586,76,313,0,0,92,3915,0,0,92,3915,California
Tulare,2021-01-05,460,4359,278,3864,182,495,0,0,458,4371,2,2,458,4373,California
Tulare,2021-01-06,864,5223,635,4499,229,724,0,0,854,5215,10,12,854,5227,California
Tulare,2021-01-07,781,6004,583,5082,198,922,0,0,674,5782,107,119,674,5901,California
Tulare,2021-01-08,1266,7270,574,5656,692,1614,0,0,928,6373,337,456,928,6829,California
Tulare,2021-01-09,741,8011,203,5859,538,2152,0,0,554,6740,187,643,554,7383,California
Tulare,2021-01-10,50,8061,44,5903,6,2158,0,0,11,6712,39,682,11,7394,California
Tulare,2021-01-11,1269,9330,769,6672,500,2658,0,0,833,7109,436,1118,833,8227,California
Tulare,2021-01-12,1403,10733,488,7160,915,3573,0,0,996,7700,406,1524,997,9224,California
Tulare,2021-01-13,437,11170,208,7368,229,3802,0,0,363,7989,74,1598,363,9587,California
Tulare,2021-01-14,491,11661,140,7508,351,4153,0,0,465,8439,15,1613,465,10052,California
Tulare,2021-01-15,1621,13282,153,7661,1468,5621,0,0,1612,10042,9,1622,1612,11664,California
Tulare,2021-01-16,1899,15181,114,7775,1785,7406,0,0,1885,11913,14,1636,1885,13549,California
Tulare,2021-01-17,141,15322,122,7897,19,7425,0,0,131,12034,10,1646,131,13680,California
Tulare,2021-01-18,692,16014,659,8556,33,7458,0,0,294,11930,398,2044,294,13974,California
Tulare,2021-01-19,1007,17021,684,9240,323,7781,0,0,579,12081,428,2472,579,14553,California
Tulare,2021-01-20,2425,19446,612,9852,1813,9594,0,0,2011,13703,389,2861,2011,16564,California
Tulare,2021-01-21,1548,20994,186,10038,1362,10956,0,0,1522,15204,21,2882,1522,18086,California
Tulare,2021-01-22,1059,22053,190,10228,869,11825,0,0,1034,16214,24,2906,1034,19120,California
Tulare,2021-01-23,438,22491,156,10384,282,12107,0,0,417,16610,21,2927,417,19537,California
Tulare,2021-01-24,30,22521,27,10411,3,12110,0,0,28,16636,2,2929,28,19565,California
Tulare,2021-01-25,1325,23846,979,11390,346,12456,0,0,1296,17903,29,2958,1296,20861,California
Tulare,2021-01-26,1499,25345,1100,12490,399,12855,0,0,1174,18753,324,3282,1174,22035,California
Tulare,2021-01-27,1499,26844,1071,13561,428,13283,0,0,922,19099,576,3858,922,22957,California
Tulare,2021-01-28,1203,28047,769,14330,434,13717,0,0,808,19512,395,4253,808,23765,California
Tulare,2021-01-29,1130,29177,720,15050,410,14127,0,0,820,20022,310,4563,820,24585,California
Tulare,2021-01-30,1674,30851,1580,16630,94,14221,0,0,1650,21649,24,4587,1651,26236,California
Tulare,2021-01-31,51,30902,47,16677,4,14225,0,0,48,21694,3,4590,48,26284,California
Tulare,2021-02-01,1185,32087,916,17593,269,14494,0,0,830,22170,354,4944,830,27114,California
Tulare,2021-02-02,677,32764,328,17921,349,14843,0,0,445,22386,230,5174,446,27560,California
Tulare,2021-02-03,588,33352,262,18183,326,15169,0,0,336,22490,232,5406,336,27896,California
Tulare,2021-02-04,551,33903,165,18348,386,15555,0,0,265,22471,285,5691,266,28162,California
Tulare,2021-02-05,1234,35137,237,18585,997,16552,0,0,416,22071,816,6507,416,28578,California
Tulare,2021-02-06,836,35973,158,18743,678,17230,0,0,268,21773,566,7073,268,28846,California
Tulare,2021-02-07,82,36055,70,18813,12,17242,0,0,23,21737,59,7132,23,28869,California
Tulare,2021-02-08,941,36996,328,19141,613,17855,0,0,245,21289,693,7825,245,29114,California
Tulare,2021-02-09,1409,38405,329,19470,1080,18935,0,0,362,20609,1042,8867,362,29476,California
Tulare,2021-02-10,2467,40872,1984,21454,483,19418,0,0,2067,22279,397,9264,2067,31543,California
Tulare,2021-02-11,1325,42197,377,21831,948,20366,0,0,906,22766,419,9683,906,32449,California
Tulare,2021-02-12,2780,44977,575,22406,2205,22571,0,0,1210,22413,1563,11246,1210,33659,California
Tulare,2021-02-13,2479,47456,157,22563,2322,24893,0,0,667,21271,1809,13055,667,34326,California
Tulare,2021-02-14,333,47789,36,22599,297,25190,0,0,300,21538,33,13088,300,34626,California
Tulare,2021-02-15,920,48709,294,22893,626,25816,0,0,663,21945,256,13344,663,35289,California
Tulare,2021-02-16,2833,51542,1597,24490,1236,27052,0,0,1077,21267,1755,15099,1077,36366,California
Tulare,2021-02-17,2698,54240,510,25000,2188,29240,0,0,461,19496,2232,17331,461,36827,California
Tulare,2021-02-18,2302,56542,456,25456,1846,31086,0,0,634,18470,1660,18991,634,37461,California
Tulare,2021-02-19,2298,58840,857,26313,1441,32527,0,0,944,18062,1352,20343,944,38405,California
Tulare,2021-02-20,2989,61829,1891,28204,1098,33625,0,0,1267,17612,1717,22060,1267,39672,California
Tulare,2021-02-21,94,61923,90,28294,4,33629,0,0,59,17636,35,22095,59,39731,California
Tulare,2021-02-22,1104,63027,699,28993,405,34034,0,0,210,16953,893,22988,210,39941,California
Tulare,2021-02-23,1947,64974,940,29933,1007,35041,0,0,1457,17921,489,23477,1457,41398,California
Tulare,2021-02-24,2476,67450,1551,31484,925,35966,0,0,2097,19641,378,23855,2098,43496,California
Tulare,2021-02-25,3485,70935,1950,33434,1535,37501,0,0,3070,22300,411,24266,3070,46566,California
Tulare,2021-02-26,3838,74773,1880,35314,1958,39459,0,0,3375,25214,461,24727,3375,49941,California
Tulare,2021-02-27,2900,77673,1393,36707,1507,40966,0,0,2768,27861,121,24848,2768,52709,California
Tulare,2021-02-28,1304,78977,1033,37740,271,41237,0,0,1284,29127,18,24866,1284,53993,California
Tulare,2021-03-01,1739,80716,773,38513,966,42203,0,0,1554,30498,183,25049,1554,55547,California
Tulare,2021-03-02,2688,83404,1194,39707,1494,43697,0,0,2520,32853,166,25215,2521,58068,California
Tulare,2021-03-03,3926,87330,2597,42304,1329,45026,0,0,1975,32882,1948,27163,1977,60045,California
Tulare,2021-03-04,2889,90219,1301,43605,1588,46614,0,0,2570,35136,316,27479,2570,62615,California
Tulare,2021-03-05,3292,93511,1699,45304,1578,48192,15,15,2784,37433,504,27983,2801,65416,California
Tulare,2021-03-06,3059,96570,1434,46738,1566,49758,59,74,2811,40056,245,28228,2868,68284,California
Tulare,2021-03-07,1092,97662,682,47420,389,50147,21,95,1052,41089,40,28268,1073,69357,California
Tulare,2021-03-08,1695,99357,1004,48424,523,50670,168,263,1377,42320,313,28581,1544,70901,California
Tulare,2021-03-09,3186,102543,2183,50607,856,51526,147,410,2790,44858,397,28978,2935,73836,California
Tulare,2021-03-10,2788,105331,1385,51992,1228,52754,175,585,2408,47067,372,29350,2581,76417,California
Tulare,2021-03-11,4136,109467,1962,53954,1874,54628,300,885,3200,49631,936,30286,3500,79917,California
Tulare,2021-03-12,4337,113804,2381,56335,1607,56235,349,1234,3066,51785,1263,31549,3417,83334,California
Tulare,2021-03-13,4004,117808,1848,58183,2051,58286,105,1339,3067,54026,931,32480,3172,86506,California
Tulare,2021-03-14,1802,119610,973,59156,609,58895,220,1559,1273,54990,528,33008,1492,87998,California
Tulare,2021-03-15,2730,122340,1611,60767,1004,59899,115,1674,1957,56292,771,33779,2073,90071,California
Tulare,2021-03-16,3419,125759,2114,62881,1228,61127,77,1751,1872,56700,1544,35323,1952,92023,California
Tulare,2021-03-17,4012,129771,2608,65489,1327,62454,77,1828,2270,57318,1736,37059,2354,94377,California
Tulare,2021-03-18,4596,134367,3350,68839,1174,63628,72,1900,2439,57680,2151,39210,2513,96890,California
Tulare,2021-03-19,5063,139430,3317,72156,1551,65179,195,2095,2716,58264,2329,41539,2913,99803,California
Tulare,2021-03-20,4452,143882,2762,74918,1318,66497,372,2467,2116,58426,2329,43868,2491,102294,California
Tulare,2021-03-21,1919,145801,1631,76549,262,66759,26,2493,989,58513,927,44795,1014,103308,California
Tulare,2021-03-22,2499,148300,1711,78260,676,67435,112,2605,1667,59468,826,45621,1781,105089,California
Tulare,2021-03-23,3727,152027,2140,80400,1535,68970,52,2657,2084,59977,1633,47254,2142,107231,California
Tulare,2021-03-24,3160,155187,1953,82353,1165,70135,42,2699,1805,60476,1348,48602,1847,109078,California
Tulare,2021-03-25,3452,158639,1796,84149,1484,71619,172,2871,1705,60614,1741,50343,1879,110957,California
Tulare,2021-03-26,5202,163841,3103,87252,1990,73609,109,2980,2563,60665,2621,52964,2672,113629,California
Tulare,2021-03-27,3520,167361,1806,89058,1616,75225,98,3078,991,59231,2521,55485,1087,114716,California
Tulare,2021-03-28,1454,168815,1050,90108,373,75598,31,3109,675,59167,776,56261,712,115428,California
Tulare,2021-03-29,2895,171710,1674,91782,1110,76708,111,3220,1226,58842,1664,57925,1339,116767,California
Tulare,2021-03-30,4797,176507,2767,94549,1800,78508,230,3450,1556,57392,3233,61158,1783,118550,California
Tulare,2021-03-31,3816,180323,2257,96806,1447,79955,112,3562,1545,56788,2263,63421,1659,120209,California
Tulare,2021-04-01,4395,184718,2357,99163,1973,81928,65,3627,1544,55557,2841,66262,1610,121819,California
Tulare,2021-04-02,5214,189932,2979,102142,2118,84046,117,3744,1652,53781,3546,69808,1770,123589,California
Tulare,2021-04-03,3486,193418,2002,104144,1122,85168,362,4106,843,52379,2606,72414,1204,124793,California
Tulare,2021-04-04,1616,195034,1131,105275,478,85646,7,4113,390,51552,1224,73638,397,125190,California
Tulare,2021-04-05,3309,198343,2324,107599,722,86368,263,4376,859,50237,2438,76076,1123,126313,California
Tulare,2021-04-06,3395,201738,1466,109065,1437,87805,492,4868,931,49205,2458,78534,1426,127739,California
Tulare,2021-04-07,3812,205550,1813,110878,1579,89384,420,5288,1271,48353,2534,81068,1682,129421,California
Tulare,2021-04-08,4700,210250,2587,113465,1658,91042,455,5743,1532,47177,3160,84228,1984,131405,California
Tulare,2021-04-09,4757,215007,2943,116408,1395,92437,419,6162,1823,46494,2926,87154,2243,133648,California
Tulare,2021-04-10,3800,218807,2052,118460,1432,93869,316,6478,971,44957,2822,89976,1285,134933,California
Tulare,2021-04-11,1576,220383,1037,119497,468,94337,71,6549,590,44635,983,90959,661,135594,California
Tulare,2021-04-12,3359,223742,2106,121603,660,94997,593,7142,1081,44041,2269,93228,1675,137269,California
Tulare,2021-04-13,2398,226140,1585,123188,803,95800,10,7152,915,43493,1475,94703,927,138196,California
Tulare,2021-04-14,2819,228959,1674,124862,1145,96945,0,7152,916,42508,1901,96604,916,139112,California
Tulare,2021-04-15,3243,232202,2129,126991,1114,98059,0,7152,1453,42180,1781,98385,1453,140565,California
Tulare,2021-04-16,3628,235830,2211,129202,1417,99476,0,7152,1469,41498,2151,100536,1469,142034,California
Tulare,2021-04-17,2170,238000,1271,130473,899,100375,0,7152,1175,41682,992,101528,1176,143210,California
Tulare,2021-04-18,1515,239515,1186,131659,329,100704,0,7152,813,41794,701,102229,813,144023,California
Tulare,2021-04-19,2115,241630,1219,132878,894,101598,2,7154,899,41481,1214,103443,901,144924,California
Tulare,2021-04-20,2316,243946,1300,134178,1016,102614,0,7154,989,41156,1314,104757,989,145913,California
Tulare,2021-04-21,2169,246115,1316,135494,853,103467,0,7154,804,40630,1330,106087,804,146717,California
Tulare,2021-04-22,2093,248208,1169,136663,924,104391,0,7154,737,40030,1337,107424,737,147454,California
Tulare,2021-04-23,2536,250744,1566,138229,969,105360,1,7155,996,39496,1530,108954,996,148450,California
Tulare,2021-04-24,1634,252378,1054,139283,578,105938,2,7157,860,39589,769,109723,862,149312,California
Tulare,2021-04-25,695,253073,522,139805,173,106111,0,7157,267,39428,428,110151,267,149579,California
Tulare,2021-04-26,1430,254503,843,140648,568,106679,19,7176,600,39221,824,110975,617,150196,California
Tulare,2021-04-27,1563,256066,601,141249,925,107604,37,7213,661,39018,900,111875,697,150893,California
Tulare,2021-04-28,1696,257762,968,142217,687,108291,41,7254,678,38723,1014,112889,719,151612,California
Tulare,2021-04-29,1984,259746,1190,143407,757,109048,37,7291,782,38348,1192,114081,817,152429,California
Tulare,2021-04-30,2394,262140,1747,145154,598,109646,49,7340,874,37755,1516,115597,923,153352,California
Tulare,2021-05-01,1404,263544,1207,146361,185,109831,12,7352,723,37816,674,116271,735,154087,California
Tulare,2021-05-02,583,264127,495,146856,72,109903,16,7368,189,37630,391,116662,205,154292,California
Tulare,2021-05-03,1596,265723,1084,147940,389,110292,123,7491,346,36856,1243,117905,469,154761,California
Tulare,2021-05-04,1515,267238,807,148747,637,110929,71,7562,614,36645,895,118800,684,155445,California
Tulare,2021-05-05,951,268189,378,149125,506,111435,67,7629,346,36461,597,119397,413,155858,California
Tulare,2021-05-06,1660,269849,1135,150260,499,111934,26,7655,496,35824,1158,120555,521,156379,California
Tulare,2021-05-07,1281,271130,874,151134,364,112298,43,7698,311,35214,962,121517,352,156731,California
Tuolumne,2020-12-16,47,47,47,47,0,0,0,0,47,47,0,0,47,47,California
Tuolumne,2020-12-17,17,64,17,64,0,0,0,0,17,64,0,0,17,64,California
Tuolumne,2020-12-18,101,165,100,164,1,1,0,0,101,165,0,0,101,165,California
Tuolumne,2020-12-19,5,170,5,169,0,1,0,0,5,170,0,0,5,170,California
Tuolumne,2020-12-20,1,171,1,170,0,1,0,0,1,171,0,0,1,171,California
Tuolumne,2020-12-21,116,287,102,272,14,15,0,0,116,287,0,0,116,287,California
Tuolumne,2020-12-22,172,459,172,444,0,15,0,0,172,459,0,0,172,459,California
Tuolumne,2020-12-23,186,645,184,628,2,17,0,0,186,645,0,0,186,645,California
Tuolumne,2020-12-26,3,648,3,631,0,17,0,0,3,648,0,0,3,648,California
Tuolumne,2020-12-28,77,725,75,706,2,19,0,0,77,725,0,0,77,725,California
Tuolumne,2020-12-29,102,827,39,745,63,82,0,0,102,827,0,0,102,827,California
Tuolumne,2020-12-30,78,905,22,767,56,138,0,0,78,905,0,0,78,905,California
Tuolumne,2020-12-31,27,932,20,787,7,145,0,0,27,932,0,0,27,932,California
Tuolumne,2021-01-01,7,939,6,793,1,146,0,0,7,939,0,0,7,939,California
Tuolumne,2021-01-02,118,1057,115,908,3,149,0,0,118,1057,0,0,118,1057,California
Tuolumne,2021-01-03,2,1059,2,910,0,149,0,0,2,1059,0,0,2,1059,California
Tuolumne,2021-01-04,69,1128,26,936,43,192,0,0,69,1128,0,0,69,1128,California
Tuolumne,2021-01-05,93,1221,27,963,66,258,0,0,90,1216,3,3,91,1219,California
Tuolumne,2021-01-06,132,1353,72,1035,60,318,0,0,68,1220,64,67,68,1287,California
Tuolumne,2021-01-07,119,1472,62,1097,57,375,0,0,64,1229,55,122,64,1351,California
Tuolumne,2021-01-08,103,1575,79,1176,24,399,0,0,26,1180,76,198,27,1378,California
Tuolumne,2021-01-09,1,1576,0,1176,1,400,0,0,1,1181,0,198,1,1379,California
Tuolumne,2021-01-10,3,1579,1,1177,2,402,0,0,3,1184,0,198,3,1382,California
Tuolumne,2021-01-11,114,1693,88,1265,26,428,0,0,33,1136,81,279,33,1415,California
Tuolumne,2021-01-12,102,1795,86,1351,16,444,0,0,17,1068,85,364,17,1432,California
Tuolumne,2021-01-13,231,2026,125,1476,106,550,0,0,182,1202,49,413,183,1615,California
Tuolumne,2021-01-14,147,2173,107,1583,40,590,0,0,42,1140,104,517,42,1657,California
Tuolumne,2021-01-15,475,2648,72,1655,403,993,0,0,413,1493,61,578,414,2071,California
Tuolumne,2021-01-16,7,2655,3,1658,4,997,0,0,6,1498,1,579,6,2077,California
Tuolumne,2021-01-17,8,2663,5,1663,3,1000,0,0,7,1505,0,579,7,2084,California
Tuolumne,2021-01-18,46,2709,38,1701,8,1008,0,0,9,1478,36,615,9,2093,California
Tuolumne,2021-01-19,473,3182,72,1773,401,1409,0,0,427,1859,46,661,427,2520,California
Tuolumne,2021-01-20,76,3258,58,1831,18,1427,0,0,24,1832,51,712,24,2544,California
Tuolumne,2021-01-21,56,3314,23,1854,33,1460,0,0,40,1856,16,728,40,2584,California
Tuolumne,2021-01-22,168,3482,16,1870,152,1612,0,0,161,2010,7,735,161,2745,California
Tuolumne,2021-01-23,666,4148,147,2017,519,2131,0,0,553,2460,113,848,563,3308,California
Tuolumne,2021-01-24,524,4672,1,2018,523,2654,0,0,520,2978,3,851,521,3829,California
Tuolumne,2021-01-25,49,4721,28,2046,21,2675,0,0,22,2974,27,878,23,3852,California
Tuolumne,2021-01-26,80,4801,68,2114,12,2687,0,0,40,2975,40,918,41,3893,California
Tuolumne,2021-01-27,60,4861,4,2118,56,2743,0,0,7,2930,52,970,7,3900,California
Tuolumne,2021-01-28,27,4888,7,2125,20,2763,0,0,18,2939,9,979,18,3918,California
Tuolumne,2021-01-29,74,4962,6,2131,68,2831,0,0,35,2935,39,1018,35,3953,California
Tuolumne,2021-01-30,709,5671,552,2683,157,2988,0,0,686,3615,23,1041,703,4656,California
Tuolumne,2021-01-31,8,5679,2,2685,6,2994,0,0,5,3617,3,1044,5,4661,California
Tuolumne,2021-02-01,25,5704,6,2691,19,3013,0,0,22,3636,3,1047,22,4683,California
Tuolumne,2021-02-02,646,6350,37,2728,609,3622,0,0,635,4262,9,1056,635,5318,California
Tuolumne,2021-02-03,238,6588,109,2837,129,3751,0,0,86,4196,152,1208,86,5404,California
Tuolumne,2021-02-04,123,6711,12,2849,111,3862,0,0,60,4193,63,1271,60,5464,California
Tuolumne,2021-02-05,98,6809,12,2861,86,3948,0,0,35,4166,62,1333,35,5499,California
Tuolumne,2021-02-06,853,7662,580,3441,273,4221,0,0,847,5010,6,1339,850,6349,California
Tuolumne,2021-02-07,8,7670,4,3445,4,4225,0,0,4,5010,4,1343,4,6353,California
Tuolumne,2021-02-08,91,7761,40,3485,51,4276,0,0,67,5053,24,1367,67,6420,California
Tuolumne,2021-02-09,864,8625,53,3538,811,5087,0,0,824,5837,40,1407,824,7244,California
Tuolumne,2021-02-10,90,8715,15,3553,75,5162,0,0,29,5806,60,1467,29,7273,California
Tuolumne,2021-02-11,142,8857,67,3620,75,5237,0,0,76,5816,66,1533,76,7349,California
Tuolumne,2021-02-12,644,9501,19,3639,625,5862,0,0,204,5581,439,1972,204,7553,California
Tuolumne,2021-02-13,148,9649,42,3681,106,5968,0,0,117,5673,25,1997,117,7670,California
Tuolumne,2021-02-14,148,9797,12,3693,136,6104,0,0,147,5819,1,1998,147,7817,California
Tuolumne,2021-02-15,185,9982,10,3703,175,6279,0,0,176,5986,9,2007,176,7993,California
Tuolumne,2021-02-16,526,10508,17,3720,509,6788,0,0,123,5711,400,2407,125,8118,California
Tuolumne,2021-02-17,110,10618,63,3783,47,6835,0,0,63,5728,46,2453,63,8181,California
Tuolumne,2021-02-18,679,11297,26,3809,653,7488,0,0,629,6308,50,2503,630,8811,California
Tuolumne,2021-02-19,142,11439,23,3832,119,7607,0,0,43,6252,99,2602,43,8854,California
Tuolumne,2021-02-20,905,12344,342,4174,563,8170,0,0,386,6132,507,3109,387,9241,California
Tuolumne,2021-02-21,977,13321,37,4211,940,9110,0,0,470,6099,504,3613,471,9712,California
Tuolumne,2021-02-22,78,13399,57,4268,21,9131,0,0,47,6116,30,3643,47,9759,California
Tuolumne,2021-02-23,48,13447,24,4292,24,9155,0,0,26,6121,21,3664,26,9785,California
Tuolumne,2021-02-24,103,13550,58,4350,45,9200,0,0,43,6105,59,3723,43,9828,California
Tuolumne,2021-02-25,1055,14605,35,4385,1020,10220,0,0,1024,7098,31,3754,1024,10852,California
Tuolumne,2021-02-26,144,14749,10,4395,134,10354,0,0,121,7196,23,3777,121,10973,California
Tuolumne,2021-02-27,948,15697,576,4971,372,10726,0,0,245,6758,685,4462,247,11220,California
Tuolumne,2021-02-28,56,15753,4,4975,52,10778,0,0,53,6809,2,4464,53,11273,California
Tuolumne,2021-03-01,112,15865,21,4996,91,10869,0,0,77,6854,33,4497,78,11351,California
Tuolumne,2021-03-02,704,16569,72,5068,632,11501,0,0,105,6361,598,5095,105,11456,California
Tuolumne,2021-03-03,90,16659,22,5090,68,11569,0,0,65,6401,25,5120,65,11521,California
Tuolumne,2021-03-04,1170,17829,75,5165,1095,12664,0,0,1107,7445,63,5183,1107,12628,California
Tuolumne,2021-03-05,85,17914,10,5175,75,12739,0,0,48,7458,36,5219,49,12677,California
Tuolumne,2021-03-06,1052,18966,604,5779,446,13185,2,2,203,6819,845,6064,206,12883,California
Tuolumne,2021-03-07,41,19007,12,5791,14,13199,15,17,18,6829,23,6087,33,12916,California
Tuolumne,2021-03-08,195,19202,88,5879,100,13299,7,24,139,6919,56,6143,146,13062,California
Tuolumne,2021-03-09,857,20059,16,5895,830,14129,11,35,68,6214,785,6928,80,13142,California
Tuolumne,2021-03-10,78,20137,12,5907,55,14184,11,46,53,6253,25,6953,64,13206,California
Tuolumne,2021-03-11,1283,21420,37,5944,1240,15424,6,52,1257,7492,26,6979,1265,14471,California
Tuolumne,2021-03-12,298,21718,33,5977,250,15674,15,67,192,7597,105,7084,210,14681,California
Tuolumne,2021-03-13,112,21830,12,5989,100,15774,0,67,86,7659,25,7109,87,14768,California
Tuolumne,2021-03-14,142,21972,8,5997,125,15899,9,76,8,7547,134,7243,22,14790,California
Tuolumne,2021-03-15,293,22265,79,6076,212,16111,2,78,100,7464,192,7435,109,14899,California
Tuolumne,2021-03-16,804,23069,39,6115,754,16865,11,89,667,8006,136,7571,678,15577,California
Tuolumne,2021-03-17,150,23219,30,6145,107,16972,13,102,77,8024,71,7642,89,15666,California
Tuolumne,2021-03-18,949,24168,29,6174,907,17879,13,115,319,7728,629,8271,333,15999,California
Tuolumne,2021-03-19,132,24300,16,6190,85,17964,31,146,71,7770,59,8330,101,16100,California
Tuolumne,2021-03-20,89,24389,7,6197,72,18036,10,156,37,7765,51,8381,46,16146,California
Tuolumne,2021-03-21,833,25222,391,6588,433,18469,9,165,40,7025,789,9170,49,16195,California
Tuolumne,2021-03-22,163,25385,72,6660,72,18541,19,184,97,7075,66,9236,116,16311,California
Tuolumne,2021-03-23,709,26094,639,7299,56,18597,14,198,673,7725,36,9272,686,16997,California
Tuolumne,2021-03-24,110,26204,20,7319,72,18669,18,216,77,7788,32,9304,95,17092,California
Tuolumne,2021-03-25,1297,27501,23,7342,1271,19940,3,219,323,7142,972,10276,326,17418,California
Tuolumne,2021-03-26,269,27770,16,7358,230,20170,23,242,111,7128,148,10424,134,17552,California
Tuolumne,2021-03-27,578,28348,54,7412,524,20694,0,242,317,7188,258,10682,318,17870,California
Tuolumne,2021-03-28,49,28397,8,7420,41,20735,0,242,9,7159,39,10721,10,17880,California
Tuolumne,2021-03-29,200,28597,80,7500,120,20855,0,242,103,7168,94,10815,103,17983,California
Tuolumne,2021-03-30,158,28755,11,7511,146,21001,1,243,116,7244,41,10856,117,18100,California
Tuolumne,2021-03-31,91,28846,14,7525,75,21076,2,245,34,7226,56,10912,38,18138,California
Tuolumne,2021-04-01,1246,30092,31,7556,1215,22291,0,245,224,6431,1020,11932,225,18363,California
Tuolumne,2021-04-02,158,30250,10,7566,122,22413,26,271,86,6472,71,12003,112,18475,California
Tuolumne,2021-04-03,420,30670,35,7601,384,22797,1,272,236,6527,184,12187,239,18714,California
Tuolumne,2021-04-04,32,30702,2,7603,30,22827,0,272,20,6536,11,12198,20,18734,California
Tuolumne,2021-04-05,126,30828,19,7622,101,22928,6,278,55,6526,71,12269,61,18795,California
Tuolumne,2021-04-06,647,31475,517,8139,103,23031,27,305,514,6935,133,12402,542,19337,California
Tuolumne,2021-04-07,125,31600,37,8176,72,23103,16,321,47,6920,78,12480,63,19400,California
Tuolumne,2021-04-08,1434,33034,32,8208,1388,24491,14,335,240,5983,1191,13671,254,19654,California
Tuolumne,2021-04-09,266,33300,41,8249,181,24672,44,379,125,6014,141,13812,172,19826,California
Tuolumne,2021-04-10,56,33356,2,8251,34,24706,20,399,23,6025,32,13844,43,19869,California
Tuolumne,2021-04-11,17,33373,2,8253,12,24718,3,402,12,6035,5,13849,15,19884,California
Tuolumne,2021-04-12,161,33534,67,8320,89,24807,5,407,87,6059,68,13917,92,19976,California
Tuolumne,2021-04-13,783,34317,36,8356,747,25554,0,407,169,5621,607,14524,169,20145,California
Tuolumne,2021-04-14,138,34455,27,8383,111,25665,0,407,67,5621,68,14592,68,20213,California
Tuolumne,2021-04-15,333,34788,20,8403,313,25978,0,407,55,5403,273,14865,55,20268,California
Tuolumne,2021-04-16,239,35027,50,8453,189,26167,0,407,134,5438,99,14964,134,20402,California
Tuolumne,2021-04-17,43,35070,6,8459,37,26204,0,407,27,5449,16,14980,27,20429,California
Tuolumne,2021-04-18,8,35078,2,8461,6,26210,0,407,3,5448,4,14984,3,20432,California
Tuolumne,2021-04-19,168,35246,78,8539,90,26300,0,407,92,5467,73,15057,92,20524,California
Tuolumne,2021-04-20,712,35958,618,9157,94,26394,0,407,78,4918,627,15684,78,20602,California
Tuolumne,2021-04-21,116,36074,26,9183,90,26484,0,407,61,4929,50,15734,61,20663,California
Tuolumne,2021-04-22,693,36767,46,9229,647,27131,0,407,422,5090,261,15995,422,21085,California
Tuolumne,2021-04-23,160,36927,31,9260,129,27260,0,407,85,5102,73,16068,85,21170,California
Tuolumne,2021-04-24,80,37007,18,9278,62,27322,0,407,52,5126,28,16096,52,21222,California
Tuolumne,2021-04-25,26,37033,9,9287,17,27339,0,407,23,5146,3,16099,23,21245,California
Tuolumne,2021-04-26,149,37182,56,9343,93,27432,0,407,68,5135,80,16179,69,21314,California
Tuolumne,2021-04-27,123,37305,21,9364,95,27527,7,414,57,5135,64,16243,64,21378,California
Tuolumne,2021-04-28,105,37410,24,9388,70,27597,11,425,56,5154,48,16291,67,21445,California
Tuolumne,2021-04-29,263,37673,16,9404,239,27836,8,433,45,4989,218,16509,53,21498,California
Tuolumne,2021-04-30,336,38009,20,9424,304,28140,12,445,60,4788,273,16782,72,21570,California
Tuolumne,2021-05-01,24,38033,7,9431,13,28153,4,449,16,4800,8,16790,20,21590,California
Tuolumne,2021-05-02,25,38058,2,9433,21,28174,2,451,18,4813,7,16797,20,21610,California
Tuolumne,2021-05-03,79,38137,12,9445,62,28236,5,456,22,4784,56,16853,27,21637,California
Tuolumne,2021-05-04,679,38816,601,10046,73,28309,5,461,198,4506,480,17333,202,21839,California
Tuolumne,2021-05-05,71,38887,23,10069,46,28355,2,463,35,4509,34,17367,37,21876,California
Tuolumne,2021-05-06,205,39092,8,10077,186,28541,11,474,16,4351,184,17551,26,21902,California
Tuolumne,2021-05-07,272,39364,17,10094,248,28789,7,481,36,4159,235,17786,43,21945,California
Ventura,2020-12-15,5,5,5,5,0,0,0,0,5,5,0,0,5,5,California
Ventura,2020-12-16,72,77,72,77,0,0,0,0,72,77,0,0,72,77,California
Ventura,2020-12-17,249,326,249,326,0,0,0,0,249,326,0,0,249,326,California
Ventura,2020-12-18,1410,1736,1410,1736,0,0,0,0,1410,1736,0,0,1410,1736,California
Ventura,2020-12-19,911,2647,911,2647,0,0,0,0,911,2647,0,0,911,2647,California
Ventura,2020-12-20,430,3077,430,3077,0,0,0,0,430,3077,0,0,430,3077,California
Ventura,2020-12-21,1468,4545,1468,4545,0,0,0,0,1468,4545,0,0,1468,4545,California
Ventura,2020-12-22,1104,5649,1099,5644,5,5,0,0,1104,5649,0,0,1104,5649,California
Ventura,2020-12-23,1027,6676,980,6624,47,52,0,0,1027,6676,0,0,1027,6676,California
Ventura,2020-12-24,477,7153,379,7003,98,150,0,0,477,7153,0,0,477,7153,California
Ventura,2020-12-25,11,7164,7,7010,4,154,0,0,11,7164,0,0,11,7164,California
Ventura,2020-12-26,111,7275,91,7101,20,174,0,0,111,7275,0,0,111,7275,California
Ventura,2020-12-27,58,7333,27,7128,31,205,0,0,58,7333,0,0,58,7333,California
Ventura,2020-12-28,1072,8405,932,8060,140,345,0,0,1072,8405,0,0,1072,8405,California
Ventura,2020-12-29,1171,9576,764,8824,407,752,0,0,1171,9576,0,0,1171,9576,California
Ventura,2020-12-30,1987,11563,1522,10346,465,1217,0,0,1987,11563,0,0,1987,11563,California
Ventura,2020-12-31,479,12042,161,10507,318,1535,0,0,479,12042,0,0,479,12042,California
Ventura,2021-01-01,24,12066,6,10513,18,1553,0,0,24,12066,0,0,24,12066,California
Ventura,2021-01-02,174,12240,79,10592,95,1648,0,0,174,12240,0,0,174,12240,California
Ventura,2021-01-03,16,12256,8,10600,8,1656,0,0,16,12256,0,0,16,12256,California
Ventura,2021-01-04,1082,13338,551,11151,531,2187,0,0,1081,13337,0,0,1081,13337,California
Ventura,2021-01-05,1373,14711,777,11928,596,2783,0,0,1332,14628,41,41,1332,14669,California
Ventura,2021-01-06,2058,16769,1180,13108,878,3661,0,0,1627,15835,422,463,1629,16298,California
Ventura,2021-01-07,2068,18837,1326,14434,742,4403,0,0,1182,16133,884,1347,1182,17480,California
Ventura,2021-01-08,2197,21034,1474,15908,723,5126,0,0,906,15751,1289,2636,907,18387,California
Ventura,2021-01-09,721,21755,500,16408,221,5347,0,0,319,15668,402,3038,319,18706,California
Ventura,2021-01-10,342,22097,327,16735,15,5362,0,0,128,15582,214,3252,128,18834,California
Ventura,2021-01-11,2446,24543,1488,18223,958,6320,0,0,1494,16127,952,4204,1497,20331,California
Ventura,2021-01-12,3042,27585,1612,19835,1430,7750,0,0,2017,17119,1025,5229,2017,22348,California
Ventura,2021-01-13,2925,30510,1424,21259,1501,9251,0,0,2041,18280,881,6110,2042,24390,California
Ventura,2021-01-14,2735,33245,1061,22320,1674,10925,0,0,2288,20123,446,6556,2289,26679,California
Ventura,2021-01-15,2889,36134,972,23292,1917,12842,0,0,2676,22587,213,6769,2677,29356,California
Ventura,2021-01-16,484,36618,187,23479,297,13139,0,0,404,22911,80,6849,404,29760,California
Ventura,2021-01-17,259,36877,137,23616,122,13261,0,0,253,23158,6,6855,253,30013,California
Ventura,2021-01-18,2219,39096,1673,25289,546,13807,0,0,1668,24277,550,7405,1669,31682,California
Ventura,2021-01-19,3042,42138,2120,27409,922,14729,0,0,2147,25532,895,8300,2150,33832,California
Ventura,2021-01-20,4091,46229,3140,30549,951,15680,0,0,3039,27523,1049,9349,3040,36872,California
Ventura,2021-01-21,3841,50070,2675,33224,1166,16846,0,0,3166,30019,672,10021,3168,40040,California
Ventura,2021-01-22,3615,53685,2494,35718,1121,17967,0,0,3454,33312,161,10182,3454,43494,California
Ventura,2021-01-23,1184,54869,649,36367,535,18502,0,0,1084,34299,99,10281,1086,44580,California
Ventura,2021-01-24,452,55321,137,36504,315,18817,0,0,439,34725,13,10294,439,45019,California
Ventura,2021-01-25,3153,58474,2031,38535,1122,19939,0,0,2598,36770,554,10848,2599,47618,California
Ventura,2021-01-26,3713,62187,2205,40740,1508,21447,0,0,2714,38487,998,11846,2715,50333,California
Ventura,2021-01-27,3462,65649,1560,42300,1902,23349,0,0,2719,40467,739,12585,2719,53052,California
Ventura,2021-01-28,3874,69523,1993,44293,1881,25230,0,0,3260,43131,597,13182,3261,56313,California
Ventura,2021-01-29,4271,73794,2525,46818,1746,26976,0,0,3768,46409,490,13672,3768,60081,California
Ventura,2021-01-30,3036,76830,1964,48782,1072,28048,0,0,2865,49108,167,13839,2866,62947,California
Ventura,2021-01-31,835,77665,446,49228,389,28437,0,0,748,49770,86,13925,748,63695,California
Ventura,2021-02-01,3942,81607,2112,51340,1830,30267,0,0,3168,52169,771,14696,3170,66865,California
Ventura,2021-02-02,4405,86012,2374,53714,2031,32298,0,0,3380,54529,1021,15717,3381,70246,California
Ventura,2021-02-03,4453,90465,2089,55803,2364,34662,0,0,3443,56968,1005,16722,3444,73690,California
Ventura,2021-02-04,4776,95241,2287,58090,2489,37151,0,0,3519,59240,1249,17971,3521,77211,California
Ventura,2021-02-05,4837,100078,2316,60406,2521,39672,0,0,3344,61106,1480,19451,3346,80557,California
Ventura,2021-02-06,2837,102915,1515,61921,1322,40994,0,0,2434,63138,402,19853,2434,82991,California
Ventura,2021-02-07,710,103625,241,62162,469,41463,0,0,584,63597,126,19979,585,83576,California
Ventura,2021-02-08,3498,107123,1624,63786,1874,43337,0,0,2428,64960,1065,21044,2428,86004,California
Ventura,2021-02-09,4716,111839,1971,65757,2745,46082,0,0,2464,65176,2251,23295,2467,88471,California
Ventura,2021-02-10,4716,116555,2237,67994,2479,48561,0,0,2391,65254,2314,25609,2392,90863,California
Ventura,2021-02-11,4662,121217,1863,69857,2799,51360,0,0,2446,65494,2209,27818,2449,93312,California
Ventura,2021-02-12,6304,127521,2661,72518,3643,55003,0,0,3223,65640,3077,30895,3223,96535,California
Ventura,2021-02-13,3297,130818,1826,74344,1471,56474,0,0,1844,66037,1449,32344,1846,98381,California
Ventura,2021-02-14,1226,132044,124,74468,1102,57576,0,0,1010,66832,216,32560,1011,99392,California
Ventura,2021-02-15,3986,136030,1798,76266,2188,59764,0,0,2117,67083,1866,34426,2117,101509,California
Ventura,2021-02-16,5545,141575,2706,78972,2839,62603,0,0,3011,67568,2526,36952,3011,104520,California
Ventura,2021-02-17,5232,146807,1920,80892,3312,65915,0,0,3265,68875,1958,38910,3265,107785,California
Ventura,2021-02-18,5776,152583,1829,82721,3947,69862,0,0,3633,70376,2132,41042,3633,111418,California
Ventura,2021-02-19,6455,159038,3771,86492,2684,72546,0,0,3010,69950,3438,44480,3012,114430,California
Ventura,2021-02-20,4937,163975,3170,89662,1767,74313,0,0,2771,70565,2160,46640,2775,117205,California
Ventura,2021-02-21,1049,165024,760,90422,289,74602,0,0,432,70386,611,47251,432,117637,California
Ventura,2021-02-22,5369,170393,2409,92831,2960,77562,0,0,3453,71932,1907,49158,3453,121090,California
Ventura,2021-02-23,5932,176325,2968,95799,2964,80526,0,0,3415,72848,2501,51659,3417,124507,California
Ventura,2021-02-24,6994,183319,2608,98407,4386,84912,0,0,4247,74363,2734,54393,4249,128756,California
Ventura,2021-02-25,7493,190812,2571,100978,4922,89834,0,0,4574,76034,2905,57298,4576,133332,California
Ventura,2021-02-26,9345,200157,2766,103744,6579,96413,0,0,6161,79039,3158,60456,6163,139495,California
Ventura,2021-02-27,9993,210150,5272,109016,4721,101134,0,0,7371,83814,2606,63062,7381,146876,California
Ventura,2021-02-28,2569,212719,1634,110650,934,102068,1,1,2096,85444,466,63528,2096,148972,California
Ventura,2021-03-01,6940,219659,2810,113460,4130,106198,0,1,4626,87780,2303,65831,4639,153611,California
Ventura,2021-03-02,7481,227140,3936,117396,3543,109741,2,3,5252,90813,2219,68050,5252,158863,California
Ventura,2021-03-03,8519,235659,3900,121296,4619,114360,0,3,6074,94461,2430,70480,6078,164941,California
Ventura,2021-03-04,8102,243761,3868,125164,4234,118594,0,3,5472,97320,2616,73096,5475,170416,California
Ventura,2021-03-05,9971,253732,4800,129964,5161,123755,10,13,7083,101547,2874,75970,7101,177517,California
Ventura,2021-03-06,7232,260964,4395,134359,2684,126439,153,166,5318,105112,1908,77878,5473,182990,California
Ventura,2021-03-07,1653,262617,605,134964,947,127386,101,267,1236,106032,417,78295,1337,184327,California
Ventura,2021-03-08,6736,269353,3412,138376,3170,130556,154,421,4631,108721,2099,80394,4788,189115,California
Ventura,2021-03-09,6544,275897,2818,141194,3526,134082,200,621,3673,109738,2858,83252,3875,192990,California
Ventura,2021-03-10,6800,282697,2967,144161,3596,137678,237,858,4485,112155,2305,85557,4722,197712,California
Ventura,2021-03-11,6370,289067,2888,147049,3172,140850,310,1168,3420,112947,2937,88494,3729,201441,California
Ventura,2021-03-12,8501,297568,3036,150085,4620,145470,845,2013,4092,113492,4391,92885,4936,206377,California
Ventura,2021-03-13,6683,304251,2498,152583,3343,148813,842,2855,3756,115170,2918,95803,4596,210973,California
Ventura,2021-03-14,2131,306382,478,153061,1158,149971,495,3350,730,114996,1400,97203,1226,212199,California
Ventura,2021-03-15,6914,313296,2048,155109,3518,153489,1348,4698,2973,115399,3916,101119,4319,216518,California
Ventura,2021-03-16,7917,321213,2461,157570,4342,157831,1114,5812,3991,116591,3912,105031,5104,221622,California
Ventura,2021-03-17,7469,328682,2767,160337,4355,162186,347,6159,4470,118433,2977,108008,4819,226441,California
Ventura,2021-03-18,7221,335903,3270,163607,3799,165985,152,6311,4702,120780,2505,110513,4852,231293,California
Ventura,2021-03-19,8399,344302,3777,167384,4511,170496,111,6422,5021,122551,3359,113872,5130,236423,California
Ventura,2021-03-20,8144,352446,5246,172630,2878,173374,20,6442,3893,122238,4227,118099,3914,240337,California
Ventura,2021-03-21,2781,355227,1510,174140,900,174274,371,6813,1318,122474,1452,119551,1688,242025,California
Ventura,2021-03-22,7335,362562,3683,177823,3550,177824,102,6915,4839,124937,2480,122031,4943,246968,California
Ventura,2021-03-23,8177,370739,3882,181705,4223,182047,72,6987,4666,126189,3485,125516,4737,251705,California
Ventura,2021-03-24,8868,379607,3406,185111,5387,187434,75,7062,4431,126287,4408,129924,4506,256211,California
Ventura,2021-03-25,8794,388401,3902,189013,4792,192226,100,7162,4450,126512,4327,134251,4552,260763,California
Ventura,2021-03-26,9820,398221,3345,192358,5822,198048,653,7815,3904,125179,5888,140139,4555,265318,California
Ventura,2021-03-27,8112,406333,3903,196261,4169,202217,40,7855,2403,121933,5690,145829,2444,267762,California
Ventura,2021-03-28,2526,408859,1407,197668,1110,203327,9,7864,1383,122188,1137,146966,1392,269154,California
Ventura,2021-03-29,8448,417307,4257,201925,4148,207475,43,7907,4222,122255,4198,151164,4265,273419,California
Ventura,2021-03-30,8927,426234,4408,206333,4392,211867,127,8034,4531,122529,4382,155546,4656,278075,California
Ventura,2021-03-31,10679,436913,4815,211148,5237,217104,627,8661,4633,121763,6025,161571,5259,283334,California
Ventura,2021-04-01,10642,447555,5182,216330,4584,221688,876,9537,5361,122735,5261,166832,6233,289567,California
Ventura,2021-04-02,11570,459125,4586,220916,5711,227399,1273,10810,5526,123520,6018,172850,6803,296370,California
Ventura,2021-04-03,8007,467132,3953,224869,2922,230321,1132,11942,3362,123377,4635,177485,4492,300862,California
Ventura,2021-04-04,1708,468840,959,225828,621,230942,128,12070,1154,124111,548,178033,1282,302144,California
Ventura,2021-04-05,9251,478091,4865,230693,3328,234270,1058,13128,4720,125368,4520,182553,5777,307921,California
Ventura,2021-04-06,10820,488911,5547,236240,3807,238077,1466,14594,5557,127150,5239,187792,7021,314942,California
Ventura,2021-04-07,11284,500195,5424,241664,4390,242467,1470,16064,5164,127674,6105,193897,6629,321571,California
Ventura,2021-04-08,10211,510406,5294,246958,3987,246454,930,16994,5101,128604,5093,198990,6023,327594,California
Ventura,2021-04-09,11063,521469,4335,251293,5033,251487,1695,18689,4850,128949,6195,205185,6540,334134,California
Ventura,2021-04-10,9129,530598,3506,254799,3476,254963,2147,20836,3006,127990,6107,211292,5148,339282,California
Ventura,2021-04-11,2421,533019,862,255661,995,255958,564,21400,686,127510,1728,213020,1248,340530,California
Ventura,2021-04-12,8866,541885,4464,260125,3604,259562,798,22198,3734,126921,5115,218135,4526,345056,California
Ventura,2021-04-13,8761,550646,4441,264566,4314,263876,6,22204,3745,125688,4984,223119,3751,348807,California
Ventura,2021-04-14,8652,559298,4061,268627,4576,268452,15,22219,3362,123811,5256,228375,3379,352186,California
Ventura,2021-04-15,9283,568581,4515,273142,4761,273213,7,22226,4090,122735,5173,233548,4097,356283,California
Ventura,2021-04-16,10091,578672,4476,277618,5615,278828,0,22226,4835,122329,5242,238790,4836,361119,California
Ventura,2021-04-17,8525,587197,5297,282915,3227,282055,1,22227,4991,123799,3523,242313,4993,366112,California
Ventura,2021-04-18,2127,589324,1012,283927,1115,283170,0,22227,905,123487,1217,243530,905,367017,California
Ventura,2021-04-19,8004,597328,4839,288766,3164,286334,1,22228,4625,124752,3362,246892,4627,371644,California
Ventura,2021-04-20,9208,606536,4896,293662,4311,290645,1,22229,4348,124256,4846,251738,4350,375994,California
Ventura,2021-04-21,8828,615364,4533,298195,4292,294937,3,22232,4200,123844,4616,256354,4204,380198,California
Ventura,2021-04-22,9994,625358,5474,303669,4520,299457,0,22232,4476,122819,5501,261855,4476,384674,California
Ventura,2021-04-23,10770,636128,5380,309049,5390,304847,0,22232,5386,122846,5359,267214,5386,390060,California
Ventura,2021-04-24,10318,646446,5895,314944,4423,309270,0,22232,6116,124771,4192,271406,6117,396177,California
Ventura,2021-04-25,2469,648915,1698,316642,771,310041,0,22232,1140,124585,1326,272732,1140,397317,California
Ventura,2021-04-26,6831,655746,3958,320600,2809,312850,64,22296,2817,123466,3996,276728,2877,400194,California
Ventura,2021-04-27,8015,663761,4443,325043,3406,316256,166,22462,2995,121619,5007,281735,3160,403354,California
Ventura,2021-04-28,8231,671992,4809,329852,3114,319370,308,22770,3212,120139,5000,286735,3520,406874,California
Ventura,2021-04-29,7733,679725,4212,334064,3262,322632,259,23029,2741,118167,4970,291705,2998,409872,California
Ventura,2021-04-30,9264,688989,5426,339490,3574,326206,264,23293,3848,116880,5391,297096,4104,413976,California
Ventura,2021-05-01,4923,693912,3623,343113,1202,327408,98,23391,1859,115788,3049,300145,1957,415933,California
Ventura,2021-05-02,2123,696035,1426,344539,613,328021,84,23475,1032,115817,1087,301232,1116,417049,California
Ventura,2021-05-03,6140,702175,3858,348397,2011,330032,271,23746,1923,113813,4197,305429,2193,419242,California
Ventura,2021-05-04,6112,708287,3199,351596,2622,332654,291,24037,2179,112363,3919,309348,2469,421711,California
Ventura,2021-05-05,3062,711349,1941,353537,977,333631,144,24181,1074,111602,1978,311326,1217,422928,California
Ventura,2021-05-06,3617,714966,2132,355669,1349,334980,136,24317,1110,110355,2495,313821,1248,424176,California
Ventura,2021-05-07,3408,718374,2091,357760,1180,336160,137,24454,978,109056,2413,316234,1114,425290,California
Yolo,2020-12-15,39,39,39,39,0,0,0,0,39,39,0,0,39,39,California
Yolo,2020-12-16,78,117,78,117,0,0,0,0,78,117,0,0,78,117,California
Yolo,2020-12-17,101,218,101,218,0,0,0,0,101,218,0,0,101,218,California
Yolo,2020-12-18,210,428,210,428,0,0,0,0,210,428,0,0,210,428,California
Yolo,2020-12-19,88,516,88,516,0,0,0,0,88,516,0,0,88,516,California
Yolo,2020-12-20,100,616,100,616,0,0,0,0,100,616,0,0,100,616,California
Yolo,2020-12-21,253,869,253,869,0,0,0,0,253,869,0,0,253,869,California
Yolo,2020-12-22,381,1250,380,1249,1,1,0,0,381,1250,0,0,381,1250,California
Yolo,2020-12-23,432,1682,412,1661,20,21,0,0,432,1682,0,0,432,1682,California
Yolo,2020-12-24,151,1833,95,1756,56,77,0,0,151,1833,0,0,151,1833,California
Yolo,2020-12-25,1,1834,1,1757,0,77,0,0,1,1834,0,0,1,1834,California
Yolo,2020-12-26,75,1909,25,1782,50,127,0,0,75,1909,0,0,75,1909,California
Yolo,2020-12-27,46,1955,19,1801,27,154,0,0,46,1955,0,0,46,1955,California
Yolo,2020-12-28,346,2301,179,1980,167,321,0,0,346,2301,0,0,346,2301,California
Yolo,2020-12-29,487,2788,267,2247,220,541,0,0,487,2788,0,0,487,2788,California
Yolo,2020-12-30,621,3409,254,2501,367,908,0,0,621,3409,0,0,621,3409,California
Yolo,2020-12-31,185,3594,95,2596,90,998,0,0,185,3594,0,0,185,3594,California
Yolo,2021-01-01,58,3652,56,2652,2,1000,0,0,58,3652,0,0,58,3652,California
Yolo,2021-01-02,68,3720,25,2677,43,1043,0,0,68,3720,0,0,68,3720,California
Yolo,2021-01-03,44,3764,19,2696,25,1068,0,0,44,3764,0,0,44,3764,California
Yolo,2021-01-04,193,3957,43,2739,150,1218,0,0,193,3957,0,0,193,3957,California
Yolo,2021-01-05,612,4569,236,2975,376,1594,0,0,551,4447,61,61,551,4508,California
Yolo,2021-01-06,480,5049,183,3158,297,1891,0,0,349,4665,131,192,349,4857,California
Yolo,2021-01-07,709,5758,233,3391,476,2367,0,0,520,4997,188,380,520,5377,California
Yolo,2021-01-08,632,6390,311,3702,321,2688,0,0,416,5198,215,595,416,5793,California
Yolo,2021-01-09,410,6800,69,3771,341,3029,0,0,364,5516,46,641,364,6157,California
Yolo,2021-01-10,393,7193,80,3851,313,3342,0,0,323,5769,70,711,323,6480,California
Yolo,2021-01-11,562,7755,325,4176,237,3579,0,0,293,5795,269,980,295,6775,California
Yolo,2021-01-12,481,8236,364,4540,117,3696,0,0,173,5661,308,1288,174,6949,California
Yolo,2021-01-13,770,9006,312,4852,458,4154,0,0,520,5931,250,1538,520,7469,California
Yolo,2021-01-14,376,9382,182,5034,194,4348,0,0,272,6099,104,1642,272,7741,California
Yolo,2021-01-15,623,10005,318,5352,305,4653,0,0,544,6565,79,1721,545,8286,California
Yolo,2021-01-16,740,10745,95,5447,645,5298,0,0,709,7243,31,1752,709,8995,California
Yolo,2021-01-17,186,10931,117,5564,69,5367,0,0,179,7415,7,1759,179,9174,California
Yolo,2021-01-18,478,11409,303,5867,175,5542,0,0,379,7695,99,1858,379,9553,California
Yolo,2021-01-19,556,11965,372,6239,184,5726,0,0,381,7901,175,2033,381,9934,California
Yolo,2021-01-20,659,12624,379,6618,280,6006,0,0,474,8191,184,2217,474,10408,California
Yolo,2021-01-21,647,13271,382,7000,265,6271,0,0,459,8462,188,2405,459,10867,California
Yolo,2021-01-22,745,14016,250,7250,495,6766,0,0,628,8975,115,2520,628,11495,California
Yolo,2021-01-23,613,14629,123,7373,490,7256,0,0,566,9494,47,2567,566,12061,California
Yolo,2021-01-24,207,14836,124,7497,83,7339,0,0,166,9619,41,2608,166,12227,California
Yolo,2021-01-25,728,15564,153,7650,575,7914,0,0,514,9919,214,2822,514,12741,California
Yolo,2021-01-26,817,16381,327,7977,490,8404,0,0,428,9958,389,3211,428,13169,California
Yolo,2021-01-27,556,16937,223,8200,333,8737,0,0,383,10168,173,3384,383,13552,California
Yolo,2021-01-28,1051,17988,566,8766,485,9222,0,0,925,10968,125,3509,925,14477,California
Yolo,2021-01-29,870,18858,263,9029,607,9829,0,0,788,11675,81,3590,788,15265,California
Yolo,2021-01-30,1515,20373,915,9944,600,10429,0,0,1406,12978,103,3693,1406,16671,California
Yolo,2021-01-31,249,20622,211,10155,38,10467,0,0,214,13158,34,3727,214,16885,California
Yolo,2021-02-01,844,21466,360,10515,484,10951,0,0,614,13545,227,3954,614,17499,California
Yolo,2021-02-02,1323,22789,746,11261,577,11528,0,0,931,14085,392,4346,932,18431,California
Yolo,2021-02-03,1515,24304,398,11659,1117,12645,0,0,1182,14937,330,4676,1182,19613,California
Yolo,2021-02-04,1787,26091,282,11941,1505,14150,0,0,1237,15636,539,5215,1238,20851,California
Yolo,2021-02-05,1592,27683,900,12841,692,14842,0,0,1197,16439,395,5610,1198,22049,California
Yolo,2021-02-06,1917,29600,1247,14088,670,15512,0,0,1556,17635,361,5971,1557,23606,California
Yolo,2021-02-07,519,30119,249,14337,270,15782,0,0,171,17459,347,6318,171,23777,California
Yolo,2021-02-08,948,31067,332,14669,616,16398,0,0,605,17724,340,6658,605,24382,California
Yolo,2021-02-09,860,31927,387,15056,473,16871,0,0,577,18018,283,6941,577,24959,California
Yolo,2021-02-10,1454,33381,476,15532,978,17849,0,0,817,18200,637,7578,819,25778,California
Yolo,2021-02-11,1567,34948,799,16331,768,18617,0,0,1185,19003,382,7960,1185,26963,California
Yolo,2021-02-12,1909,36857,749,17080,1160,19777,0,0,1441,19980,464,8424,1441,28404,California
Yolo,2021-02-13,2054,38911,712,17792,1342,21119,0,0,1389,20704,665,9089,1389,29793,California
Yolo,2021-02-14,570,39481,154,17946,416,21535,0,0,445,21025,124,9213,445,30238,California
Yolo,2021-02-15,531,40012,189,18135,342,21877,0,0,266,21027,265,9478,267,30505,California
Yolo,2021-02-16,1129,41141,426,18561,703,22580,0,0,811,21520,318,9796,811,31316,California
Yolo,2021-02-17,1386,42527,701,19262,685,23265,0,0,991,22116,395,10191,991,32307,California
Yolo,2021-02-18,2496,45023,814,20076,1682,24947,0,0,1727,23075,769,10960,1728,34035,California
Yolo,2021-02-19,1742,46765,745,20821,997,25944,0,0,1121,23577,619,11579,1121,35156,California
Yolo,2021-02-20,2434,49199,940,21761,1494,27438,0,0,1364,23877,1065,12644,1365,36521,California
Yolo,2021-02-21,282,49481,225,21986,57,27495,0,0,73,23742,208,12852,73,36594,California
Yolo,2021-02-22,1361,50842,601,22587,760,28255,0,0,692,23766,668,13520,692,37286,California
Yolo,2021-02-23,1124,51966,842,23429,282,28537,0,0,438,23520,684,14204,438,37724,California
Yolo,2021-02-24,2091,54057,590,24019,1501,30038,0,0,1381,24193,708,14912,1381,39105,California
Yolo,2021-02-25,1342,55399,447,24466,895,30933,0,0,876,24604,465,15377,876,39981,California
Yolo,2021-02-26,2600,57999,1012,25478,1588,32521,0,0,1394,24795,1203,16580,1394,41375,California
Yolo,2021-02-27,1657,59656,766,26244,891,33412,0,0,1207,25552,450,17030,1207,42582,California
Yolo,2021-02-28,1775,61431,1493,27737,282,33694,0,0,680,25139,1093,18123,680,43262,California
Yolo,2021-03-01,1102,62533,365,28102,737,34431,0,0,670,25379,430,18553,670,43932,California
Yolo,2021-03-02,1462,63995,681,28783,781,35212,0,0,931,25779,531,19084,931,44863,California
Yolo,2021-03-03,1839,65834,630,29413,1209,36421,0,0,833,25608,1004,20088,833,45696,California
Yolo,2021-03-04,2909,68743,1453,30866,1456,37877,0,0,1575,25852,1331,21419,1575,47271,California
Yolo,2021-03-05,2350,71093,1398,32264,941,38818,11,11,1473,26460,876,22295,1484,48755,California
Yolo,2021-03-06,1468,72561,1120,33384,319,39137,29,40,836,26696,629,22924,865,49620,California
Yolo,2021-03-07,907,73468,672,34056,221,39358,14,54,772,27347,135,23059,786,50406,California
Yolo,2021-03-08,1091,74559,486,34542,562,39920,43,97,763,27827,327,23386,807,51213,California
Yolo,2021-03-09,1243,75802,671,35213,512,40432,60,157,754,28154,487,23873,814,52027,California
Yolo,2021-03-10,1794,77596,1048,36261,457,40889,289,446,752,28150,1039,24912,1035,53062,California
Yolo,2021-03-11,2282,79878,1539,37800,677,41566,66,512,1570,29076,711,25623,1637,54699,California
Yolo,2021-03-12,2889,82767,1344,39144,1465,43031,80,592,1367,29008,1514,27137,1446,56145,California
Yolo,2021-03-13,1843,84610,730,39874,936,43967,177,769,1008,29361,832,27969,1185,57330,California
Yolo,2021-03-14,1004,85614,211,40085,643,44610,150,919,522,29548,481,28450,668,57998,California
Yolo,2021-03-15,1323,86937,774,40859,373,44983,176,1095,707,29815,614,29064,881,58879,California
Yolo,2021-03-16,1869,88806,717,41576,1080,46063,72,1167,1104,30226,765,29829,1176,60055,California
Yolo,2021-03-17,2487,91293,969,42545,1446,47509,72,1239,1705,31255,779,30608,1808,61863,California
Yolo,2021-03-18,2896,94189,899,43444,1773,49282,224,1463,1178,30943,1714,32322,1402,63265,California
Yolo,2021-03-19,2072,96261,849,44293,1155,50437,68,1531,1081,31107,985,33307,1149,64414,California
Yolo,2021-03-20,2748,99009,817,45110,1890,52327,41,1572,1115,30638,1627,34934,1158,65572,California
Yolo,2021-03-21,316,99325,215,45325,93,52420,8,1580,229,30789,86,35020,237,65809,California
Yolo,2021-03-22,1395,100720,487,45812,853,53273,55,1635,919,31289,473,35493,973,66782,California
Yolo,2021-03-23,1730,102450,932,46744,742,54015,56,1691,1072,31759,657,36150,1127,67909,California
Yolo,2021-03-24,2849,105299,1393,48137,1407,55422,49,1740,1421,31814,1416,37566,1471,69380,California
Yolo,2021-03-25,2433,107732,1303,49440,1103,56525,27,1767,1168,31754,1255,38821,1195,70575,California
Yolo,2021-03-26,2387,110119,1244,50684,1124,57649,19,1786,1024,31440,1356,40177,1042,71617,California
Yolo,2021-03-27,1650,111769,455,51139,1179,58828,16,1802,762,31331,887,41064,778,72395,California
Yolo,2021-03-28,1107,112876,862,52001,227,59055,18,1820,277,30800,826,41890,295,72690,California
Yolo,2021-03-29,2011,114887,821,52822,1160,60215,30,1850,982,30787,1025,42915,1012,73702,California
Yolo,2021-03-30,2269,117156,1069,53891,1177,61392,23,1873,1181,30908,1083,43998,1204,74906,California
Yolo,2021-03-31,2340,119496,1214,55105,1090,62482,36,1909,1196,30997,1143,45141,1232,76138,California
Yolo,2021-04-01,3752,123248,1767,56872,1511,63993,474,2383,1557,30835,2192,47333,2030,78168,California
Yolo,2021-04-02,3373,126621,1502,58374,1727,65720,144,2527,2087,31786,1280,48613,2231,80399,California
Yolo,2021-04-03,1786,128407,1078,59452,493,66213,215,2742,797,31810,988,49601,1012,81411,California
Yolo,2021-04-04,386,128793,150,59602,174,66387,62,2804,145,31776,241,49842,207,81618,California
Yolo,2021-04-05,1902,130695,729,60331,1075,67462,98,2902,1007,31991,890,50732,1105,82723,California
Yolo,2021-04-06,2563,133258,1301,61632,1091,68553,171,3073,1311,32231,1243,51975,1483,84206,California
Yolo,2021-04-07,2964,136222,1508,63140,1105,69658,351,3424,1914,33456,1044,53019,2269,86475,California
Yolo,2021-04-08,2410,138632,997,64137,943,70601,470,3894,1023,33561,1384,54403,1489,87964,California
Yolo,2021-04-09,2432,141064,886,65023,1051,71652,495,4389,809,33243,1620,56023,1302,89266,California
Yolo,2021-04-10,1690,142754,794,65817,724,72376,172,4561,1003,33734,683,56706,1174,90440,California
Yolo,2021-04-11,862,143616,257,66074,560,72936,45,4606,339,33597,520,57226,383,90823,California
Yolo,2021-04-12,1758,145374,520,66594,1095,74031,143,4749,1090,34165,665,57891,1233,92056,California
Yolo,2021-04-13,1938,147312,882,67476,1056,75087,0,4749,1008,34245,928,58819,1008,93064,California
Yolo,2021-04-14,2756,150068,756,68232,2000,77087,0,4749,1371,34235,1381,60200,1371,94435,California
Yolo,2021-04-15,3222,153290,1047,69279,2175,79262,0,4749,2261,35539,957,61157,2261,96696,California
Yolo,2021-04-16,2902,156192,1843,71122,1059,80321,0,4749,1831,36305,1065,62222,1831,98527,California
Yolo,2021-04-17,1515,157707,420,71542,1095,81416,0,4749,746,36286,765,62987,746,99273,California
Yolo,2021-04-18,592,158299,264,71806,328,81744,0,4749,348,36393,241,63228,348,99621,California
Yolo,2021-04-19,1667,159966,719,72525,947,82691,1,4750,769,36270,893,64121,770,100391,California
Yolo,2021-04-20,1998,161964,1011,73536,987,83678,0,4750,1073,36420,923,65044,1073,101464,California
Yolo,2021-04-21,1993,163957,992,74528,1001,84679,0,4750,1094,36618,896,65940,1094,102558,California
Yolo,2021-04-22,1795,165752,738,75266,1057,85736,0,4750,948,36725,842,66782,949,103507,California
Yolo,2021-04-23,2581,168333,1495,76761,1086,86822,0,4750,1156,36466,1415,68197,1156,104663,California
Yolo,2021-04-24,1152,169485,630,77391,520,87342,2,4752,454,36232,690,68887,456,105119,California
Yolo,2021-04-25,943,170428,402,77793,541,87883,0,4752,722,36734,220,69107,722,105841,California
Yolo,2021-04-26,1159,171587,436,78229,720,88603,3,4755,474,36529,683,69790,478,106319,California
Yolo,2021-04-27,1454,173041,665,78894,780,89383,9,4764,557,36200,897,70687,568,106887,California
Yolo,2021-04-28,2009,175050,994,79888,988,90371,27,4791,703,35627,1303,71990,730,107617,California
Yolo,2021-04-29,1527,176577,692,80580,752,91123,83,4874,550,35284,976,72966,633,108250,California
Yolo,2021-04-30,1964,178541,955,81535,956,92079,53,4927,941,35261,1017,73983,994,109244,California
Yolo,2021-05-01,794,179335,509,82044,265,92344,20,4947,319,35125,475,74458,339,109583,California
Yolo,2021-05-02,489,179824,401,82445,65,92409,23,4970,316,35291,173,74631,339,109922,California
Yolo,2021-05-03,1086,180910,372,82817,681,93090,33,5003,292,34824,791,75422,324,110246,California
Yolo,2021-05-04,1445,182355,657,83474,762,93852,26,5029,492,34393,949,76371,518,110764,California
Yolo,2021-05-05,1353,183708,284,83758,1021,94873,48,5077,377,33849,969,77340,425,111189,California
Yolo,2021-05-06,1251,184959,519,84277,665,95538,67,5144,386,33442,860,78200,453,111642,California
Yolo,2021-05-07,1967,186926,1232,85509,704,96242,31,5175,316,32144,1645,79845,347,111989,California
Yuba,2020-12-16,4,4,4,4,0,0,0,0,4,4,0,0,4,4,California
Yuba,2020-12-17,4,8,4,8,0,0,0,0,4,8,0,0,4,8,California
Yuba,2020-12-18,8,16,8,16,0,0,0,0,8,16,0,0,8,16,California
Yuba,2020-12-19,12,28,12,28,0,0,0,0,12,28,0,0,12,28,California
Yuba,2020-12-20,20,48,20,48,0,0,0,0,20,48,0,0,20,48,California
Yuba,2020-12-21,40,88,40,88,0,0,0,0,40,88,0,0,40,88,California
Yuba,2020-12-22,86,174,86,174,0,0,0,0,86,174,0,0,86,174,California
Yuba,2020-12-23,64,238,62,236,2,2,0,0,64,238,0,0,64,238,California
Yuba,2020-12-24,20,258,10,246,10,12,0,0,20,258,0,0,20,258,California
Yuba,2020-12-26,15,273,13,259,2,14,0,0,15,273,0,0,15,273,California
Yuba,2020-12-27,15,288,15,274,0,14,0,0,15,288,0,0,15,288,California
Yuba,2020-12-28,51,339,35,309,16,30,0,0,51,339,0,0,51,339,California
Yuba,2020-12-29,75,414,10,319,65,95,0,0,75,414,0,0,75,414,California
Yuba,2020-12-30,64,478,20,339,44,139,0,0,64,478,0,0,64,478,California
Yuba,2020-12-31,38,516,7,346,31,170,0,0,38,516,0,0,38,516,California
Yuba,2021-01-02,23,539,22,368,1,171,0,0,23,539,0,0,23,539,California
Yuba,2021-01-03,10,549,6,374,4,175,0,0,10,549,0,0,10,549,California
Yuba,2021-01-04,90,639,21,395,69,244,0,0,90,639,0,0,90,639,California
Yuba,2021-01-05,70,709,38,433,32,276,0,0,69,707,1,1,69,708,California
Yuba,2021-01-06,154,863,76,509,78,354,0,0,148,849,6,7,148,856,California
Yuba,2021-01-07,75,938,19,528,56,410,0,0,72,917,4,11,72,928,California
Yuba,2021-01-08,73,1011,25,553,48,458,0,0,66,976,7,18,66,994,California
Yuba,2021-01-09,19,1030,16,569,3,461,0,0,11,979,8,26,11,1005,California
Yuba,2021-01-10,117,1147,22,591,95,556,0,0,95,1052,22,48,95,1100,California
Yuba,2021-01-11,72,1219,50,641,22,578,0,0,32,1044,40,88,32,1132,California
Yuba,2021-01-12,107,1326,77,718,30,608,0,0,42,1021,65,153,42,1174,California
Yuba,2021-01-13,119,1445,72,790,47,655,0,0,54,1011,64,217,54,1228,California
Yuba,2021-01-14,109,1554,43,833,66,721,0,0,97,1096,12,229,97,1325,California
Yuba,2021-01-15,206,1760,88,921,118,839,0,0,195,1280,11,240,195,1520,California
Yuba,2021-01-16,184,1944,21,942,163,1002,0,0,172,1439,13,253,172,1692,California
Yuba,2021-01-17,13,1957,9,951,4,1006,0,0,7,1440,6,259,7,1699,California
Yuba,2021-01-18,60,2017,32,983,28,1034,0,0,35,1450,25,284,35,1734,California
Yuba,2021-01-19,80,2097,29,1012,51,1085,0,0,65,1500,15,299,65,1799,California
Yuba,2021-01-20,133,2230,87,1099,46,1131,0,0,110,1587,23,322,110,1909,California
Yuba,2021-01-21,212,2442,96,1195,116,1247,0,0,204,1783,8,330,204,2113,California
Yuba,2021-01-22,103,2545,6,1201,97,1344,0,0,94,1868,9,339,94,2207,California
Yuba,2021-01-23,200,2745,7,1208,193,1537,0,0,197,2062,3,342,197,2404,California
Yuba,2021-01-24,10,2755,7,1215,3,1540,0,0,8,2068,2,344,8,2412,California
Yuba,2021-01-25,84,2839,28,1243,56,1596,0,0,53,2091,30,374,53,2465,California
Yuba,2021-01-26,148,2987,39,1282,109,1705,0,0,90,2123,58,432,90,2555,California
Yuba,2021-01-27,183,3170,128,1410,55,1760,0,0,115,2170,68,500,115,2670,California
Yuba,2021-01-28,217,3387,79,1489,138,1898,0,0,175,2303,42,542,175,2845,California
Yuba,2021-01-29,159,3546,56,1545,103,2001,0,0,112,2368,47,589,112,2957,California
Yuba,2021-01-30,410,3956,23,1568,387,2388,0,0,399,2756,11,600,399,3356,California
Yuba,2021-01-31,17,3973,12,1580,5,2393,0,0,15,2769,2,602,15,3371,California
Yuba,2021-02-01,155,4128,75,1655,80,2473,0,0,131,2878,23,625,132,3503,California
Yuba,2021-02-02,123,4251,23,1678,100,2573,0,0,101,2957,22,647,101,3604,California
Yuba,2021-02-03,226,4477,29,1707,197,2770,0,0,114,2960,111,758,114,3718,California
Yuba,2021-02-04,295,4772,120,1827,175,2945,0,0,252,3169,43,801,252,3970,California
Yuba,2021-02-05,147,4919,32,1859,115,3060,0,0,71,3164,76,877,71,4041,California
Yuba,2021-02-06,449,5368,26,1885,423,3483,0,0,441,3597,8,885,441,4482,California
Yuba,2021-02-07,18,5386,11,1896,7,3490,0,0,15,3609,3,888,15,4497,California
Yuba,2021-02-08,96,5482,35,1931,61,3551,0,0,66,3645,30,918,66,4563,California
Yuba,2021-02-09,153,5635,55,1986,98,3649,0,0,84,3660,69,987,84,4647,California
Yuba,2021-02-10,352,5987,172,2158,180,3829,0,0,114,3537,237,1224,114,4761,California
Yuba,2021-02-11,396,6383,63,2221,333,4162,0,0,299,3741,95,1319,299,5060,California
Yuba,2021-02-12,265,6648,27,2248,238,4400,0,0,151,3778,114,1433,151,5211,California
Yuba,2021-02-13,435,7083,35,2283,400,4800,0,0,387,4117,48,1481,387,5598,California
Yuba,2021-02-14,54,7137,11,2294,43,4843,0,0,49,4161,5,1486,49,5647,California
Yuba,2021-02-15,87,7224,36,2330,51,4894,0,0,68,4210,19,1505,68,5715,California
Yuba,2021-02-16,199,7423,53,2383,146,5040,0,0,140,4292,58,1563,140,5855,California
Yuba,2021-02-17,372,7795,156,2539,216,5256,0,0,99,4119,272,1835,99,5954,California
Yuba,2021-02-18,317,8112,46,2585,271,5527,0,0,194,4190,123,1958,194,6148,California
Yuba,2021-02-19,225,8337,83,2668,142,5669,0,0,142,4249,83,2041,142,6290,California
Yuba,2021-02-20,389,8726,30,2698,359,6028,0,0,335,4530,54,2095,335,6625,California
Yuba,2021-02-21,17,8743,14,2712,3,6031,0,0,7,4527,10,2105,7,6632,California
Yuba,2021-02-22,128,8871,79,2791,49,6080,0,0,38,4476,89,2194,38,6670,California
Yuba,2021-02-23,113,8984,25,2816,88,6168,0,0,46,4456,66,2260,46,6716,California
Yuba,2021-02-24,481,9465,135,2951,346,6514,0,0,107,4189,374,2634,107,6823,California
Yuba,2021-02-25,337,9802,133,3084,204,6718,0,0,208,4268,129,2763,208,7031,California
Yuba,2021-02-26,256,10058,67,3151,189,6907,0,0,143,4300,111,2874,143,7174,California
Yuba,2021-02-27,472,10530,47,3198,425,7332,0,0,383,4596,87,2961,383,7557,California
Yuba,2021-02-28,66,10596,21,3219,45,7377,0,0,45,4620,21,2982,45,7602,California
Yuba,2021-03-01,156,10752,40,3259,116,7493,0,0,80,4625,75,3057,80,7682,California
Yuba,2021-03-02,159,10911,36,3295,123,7616,0,0,79,4624,80,3137,79,7761,California
Yuba,2021-03-03,622,11533,159,3454,463,8079,0,0,200,4403,421,3558,200,7961,California
Yuba,2021-03-04,466,11999,270,3724,196,8275,0,0,325,4588,140,3698,325,8286,California
Yuba,2021-03-05,317,12316,60,3784,256,8531,1,1,249,4770,68,3766,250,8536,California
Yuba,2021-03-06,474,12790,35,3819,435,8966,4,5,368,5036,106,3872,372,8908,California
Yuba,2021-03-07,49,12839,27,3846,21,8987,1,6,33,5054,16,3888,34,8942,California
Yuba,2021-03-08,160,12999,49,3895,95,9082,16,22,101,5112,59,3947,117,9059,California
Yuba,2021-03-09,176,13175,47,3942,110,9192,19,41,84,5123,92,4039,103,9162,California
Yuba,2021-03-10,736,13911,233,4175,473,9665,30,71,232,4882,503,4542,262,9424,California
Yuba,2021-03-11,428,14339,187,4362,229,9894,12,83,295,5056,133,4675,307,9731,California
Yuba,2021-03-12,461,14800,86,4448,321,10215,54,137,150,4949,311,4986,204,9935,California
Yuba,2021-03-13,455,15255,335,4783,105,10320,15,152,361,5232,93,5079,376,10311,California
Yuba,2021-03-14,107,15362,21,4804,76,10396,10,162,46,5228,60,5139,56,10367,California
Yuba,2021-03-15,190,15552,49,4853,124,10520,17,179,96,5247,94,5233,113,10480,California
Yuba,2021-03-16,290,15842,71,4924,194,10714,25,204,177,5337,112,5345,202,10682,California
Yuba,2021-03-17,739,16581,162,5086,548,11262,29,233,193,5015,544,5889,222,10904,California
Yuba,2021-03-18,571,17152,150,5236,309,11571,112,345,349,5253,222,6111,460,11364,California
Yuba,2021-03-19,325,17477,120,5356,156,11727,49,394,186,5350,138,6249,235,11599,California
Yuba,2021-03-20,555,18032,81,5437,456,12183,18,412,475,5764,79,6328,493,12092,California
Yuba,2021-03-21,60,18092,35,5472,25,12208,0,412,48,5800,12,6340,48,12140,California
Yuba,2021-03-22,190,18282,70,5542,113,12321,7,419,148,5913,42,6382,155,12295,California
Yuba,2021-03-23,264,18546,80,5622,157,12478,27,446,177,6032,85,6467,204,12499,California
Yuba,2021-03-24,767,19313,254,5876,432,12910,81,527,188,5723,577,7044,268,12767,California
Yuba,2021-03-25,497,19810,263,6139,212,13122,22,549,244,5736,253,7297,266,13033,California
Yuba,2021-03-26,390,20200,143,6282,220,13342,27,576,224,5822,165,7462,251,13284,California
Yuba,2021-03-27,460,20660,27,6309,430,13772,3,579,405,6175,54,7516,407,13691,California
Yuba,2021-03-28,99,20759,40,6349,55,13827,4,583,37,6154,62,7578,41,13732,California
Yuba,2021-03-29,295,21054,86,6435,177,14004,32,615,179,6249,116,7694,211,13943,California
Yuba,2021-03-30,274,21328,68,6503,198,14202,8,623,190,6363,84,7778,198,14141,California
Yuba,2021-03-31,667,21995,113,6616,542,14744,12,635,237,6183,429,8207,249,14390,California
Yuba,2021-04-01,614,22609,282,6898,303,15047,29,664,281,6160,333,8540,310,14700,California
Yuba,2021-04-02,493,23102,94,6992,316,15363,83,747,187,6124,305,8845,269,14969,California
Yuba,2021-04-03,653,23755,55,7047,116,15479,482,1229,87,6128,565,9410,569,15538,California
Yuba,2021-04-04,58,23813,11,7058,41,15520,6,1235,33,6142,25,9435,39,15577,California
Yuba,2021-04-05,244,24057,78,7136,146,15666,20,1255,123,6165,119,9554,142,15719,California
Yuba,2021-04-06,354,24411,114,7250,179,15845,61,1316,170,6213,183,9737,231,15950,California
Yuba,2021-04-07,770,25181,396,7646,321,16166,53,1369,346,6190,421,10158,398,16348,California
Yuba,2021-04-08,721,25902,288,7934,171,16337,262,1631,255,6241,465,10623,516,16864,California
Yuba,2021-04-09,390,26292,169,8103,157,16494,64,1695,158,6232,231,10854,222,17086,California
Yuba,2021-04-10,594,26886,73,8176,74,16568,447,2142,72,6230,520,11374,518,17604,California
Yuba,2021-04-11,96,26982,20,8196,64,16632,12,2154,37,6220,59,11433,49,17653,California
Yuba,2021-04-12,210,27192,46,8242,135,16767,29,2183,80,6200,129,11562,109,17762,California
Yuba,2021-04-13,394,27586,100,8342,294,17061,0,2183,202,6211,191,11753,202,17964,California
Yuba,2021-04-14,692,28278,109,8451,583,17644,0,2183,118,5756,573,12326,118,18082,California
Yuba,2021-04-15,330,28608,123,8574,207,17851,0,2183,144,5714,186,12512,144,18226,California
Yuba,2021-04-16,331,28939,101,8675,230,18081,0,2183,179,5741,152,12664,179,18405,California
Yuba,2021-04-17,392,29331,55,8730,337,18418,0,2183,321,5992,70,12734,321,18726,California
Yuba,2021-04-18,52,29383,9,8739,43,18461,0,2183,24,5988,28,12762,24,18750,California
Yuba,2021-04-19,245,29628,102,8841,143,18604,0,2183,104,5951,141,12903,104,18854,California
Yuba,2021-04-20,301,29929,78,8919,223,18827,0,2183,175,6002,125,13028,176,19030,California
Yuba,2021-04-21,705,30634,287,9206,418,19245,0,2183,304,5905,401,13429,304,19334,California
Yuba,2021-04-22,314,30948,120,9326,194,19439,0,2183,180,5951,134,13563,180,19514,California
Yuba,2021-04-23,336,31284,107,9433,229,19668,0,2183,162,5940,173,13736,162,19676,California
Yuba,2021-04-24,216,31500,68,9501,148,19816,0,2183,123,5970,93,13829,123,19799,California
Yuba,2021-04-25,74,31574,30,9531,44,19860,0,2183,37,5970,37,13866,37,19836,California
Yuba,2021-04-26,217,31791,47,9578,166,20026,4,2187,99,5955,118,13984,103,19939,California
Yuba,2021-04-27,458,32249,149,9727,299,20325,10,2197,225,5959,231,14215,235,20174,California
Yuba,2021-04-28,430,32679,174,9901,251,20576,5,2202,144,5828,280,14495,149,20323,California
Yuba,2021-04-29,421,33100,63,9964,357,20933,1,2203,142,5693,278,14773,143,20466,California
Yuba,2021-04-30,322,33422,87,10051,206,21139,29,2232,138,5678,182,14955,167,20633,California
Yuba,2021-05-01,199,33621,91,10142,90,21229,18,2250,87,5672,111,15066,105,20738,California
Yuba,2021-05-02,64,33685,34,10176,26,21255,4,2254,37,5686,27,15093,41,20779,California
Yuba,2021-05-03,141,33826,64,10240,68,21323,9,2263,45,5647,93,15186,54,20833,California
Yuba,2021-05-04,284,34110,92,10332,171,21494,21,2284,127,5638,157,15343,148,20981,California
Yuba,2021-05-05,243,34353,36,10368,207,21701,0,2284,79,5553,164,15507,79,21060,California
Yuba,2021-05-06,178,34531,66,10434,76,21777,36,2320,63,5540,112,15619,99,21159,California
Yuba,2021-05-07,265,34796,54,10488,190,21967,21,2341,72,5439,193,15812,92,21251,California
