county,administered_date,total_doses,cumulative_total_doses,pfizer_doses,cumulative_pfizer_doses,moderna_doses,cumulative_moderna_doses,jj_doses,cumulative_jj_doses,partially_vaccinated,total_partially_vaccinated,fully_vaccinated,cumulative_fully_vaccinated,at_least_one_dose,cumulative_at_least_one_dose,california_flag
All CA Counties,2020-12-15,1128,1128,1128,1128,0,0,0,0,1128,1128,0,0,1128,1128,
All CA Counties,2020-12-16,8237,9365,8237,9365,0,0,0,0,8237,9365,0,0,8237,9365,
All CA Counties,2020-12-17,25718,35083,25718,35083,0,0,0,0,25753,35118,0,0,25753,35118,
All CA Counties,2020-12-18,43856,78939,43777,78860,79,79,0,0,43906,79023,1,1,43906,79024,
All CA Counties,2020-12-19,25311,104250,25291,104151,20,99,0,0,25310,104332,1,2,25310,104334,
All CA Counties,2020-12-20,18960,123210,18931,123082,29,128,0,0,18959,123290,1,3,18959,123293,
All CA Counties,2020-12-21,49580,172790,49497,172579,83,211,0,0,49620,172909,1,4,49620,172913,
All CA Counties,2020-12-22,49931,222721,47788,220367,2143,2354,0,0,49929,222837,1,5,49929,222842,
All CA Counties,2020-12-23,50207,272928,41524,261891,8683,11037,0,0,50203,273040,0,5,50203,273045,
All CA Counties,2020-12-24,23972,296900,16294,278185,7678,18715,0,0,23969,297008,1,6,23969,297014,
All CA Counties,2020-12-25,2320,299220,2001,280186,319,19034,0,0,2319,299326,1,7,2319,299333,
All CA Counties,2020-12-26,14543,313763,9414,289600,5129,24163,0,0,14541,313866,1,8,14541,313874,
All CA Counties,2020-12-27,9341,323104,5551,295151,3790,27953,0,0,9340,323205,1,9,9340,323214,
All CA Counties,2020-12-28,45547,368651,29214,324365,16333,44286,0,0,45544,368746,3,12,45544,368758,
All CA Counties,2020-12-29,50874,419525,28476,352841,22398,66684,0,0,50870,419613,3,15,50870,419628,
All CA Counties,2020-12-30,62752,482277,35559,388400,27193,93877,0,0,62744,482354,3,18,62744,482372,
All CA Counties,2020-12-31,29085,511362,10735,399135,18350,112227,0,0,29077,511426,5,23,29077,511449,
All CA Counties,2021-01-01,3682,515044,1608,400743,2074,114301,0,0,3679,515104,1,24,3679,515128,
All CA Counties,2021-01-02,18341,533385,10181,410924,8160,122461,0,0,18340,533444,0,24,18340,533468,
All CA Counties,2021-01-03,6090,539475,3452,414376,2638,125099,0,0,6062,539494,12,36,6062,539530,
All CA Counties,2021-01-04,43161,582636,21826,436202,21335,146434,0,0,43084,582535,43,79,43084,582614,
All CA Counties,2021-01-05,56089,638725,29582,465784,26507,172941,0,0,50583,627763,5438,5517,50666,633280,
All CA Counties,2021-01-06,72802,711527,40338,506122,32464,205405,0,0,57476,670130,15137,20654,57504,690784,
All CA Counties,2021-01-07,91450,802977,52080,558202,39370,244775,0,0,61012,700905,30277,50931,61052,751836,
All CA Counties,2021-01-08,106059,909036,64077,622279,41982,286757,0,0,64940,724911,40987,91918,64993,816829,
All CA Counties,2021-01-09,43484,952520,24998,647277,18486,305243,0,0,27412,736292,16052,107970,27433,844262,
All CA Counties,2021-01-10,24153,976673,14790,662067,9363,314606,0,0,12950,738070,11187,119157,12965,857227,
All CA Counties,2021-01-11,103824,1080497,69129,731196,34695,349301,0,0,60221,754819,43565,162722,60314,917541,
All CA Counties,2021-01-12,112204,1192701,66345,797541,45859,395160,0,0,71344,785523,40785,203507,71489,989030,
All CA Counties,2021-01-13,118129,1310830,61199,858740,56930,452090,0,0,84607,836762,33432,236939,84671,1073701,
All CA Counties,2021-01-14,122658,1433488,49209,907949,73449,525539,0,0,103196,920726,19350,256289,103314,1177015,
All CA Counties,2021-01-15,141136,1574624,51872,959821,89264,614803,0,0,126193,1032220,14838,271127,126332,1303347,
All CA Counties,2021-01-16,80303,1654927,27314,987135,52989,667792,0,0,72807,1097596,7471,278598,72847,1376194,
All CA Counties,2021-01-17,47961,1702888,16716,1003851,31245,699037,0,0,44359,1138394,3598,282196,44396,1420590,
All CA Counties,2021-01-18,87488,1790376,45486,1049337,42002,741039,0,0,68418,1187942,18994,301190,68542,1489132,
All CA Counties,2021-01-19,140591,1930967,73147,1122484,67444,808483,0,0,109630,1266996,30869,332059,109923,1599055,
All CA Counties,2021-01-20,157577,2088544,79895,1202379,77682,886165,0,0,124591,1358990,32816,364875,124810,1723865,
All CA Counties,2021-01-21,171530,2260074,75967,1278346,95563,981728,0,0,152761,1493471,18572,383447,153053,1876918,
All CA Counties,2021-01-22,168221,2428295,68581,1346927,99640,1081368,0,0,154129,1633751,13968,397415,154248,2031166,
All CA Counties,2021-01-23,110716,2539011,49272,1396199,61444,1142812,0,0,98293,1719759,12369,409784,98377,2129543,
All CA Counties,2021-01-24,60523,2599534,29249,1425448,31274,1174086,0,0,55965,1771220,4533,414317,55994,2185537,
All CA Counties,2021-01-25,143215,2742749,64594,1490042,78621,1252707,0,0,108748,1845910,34368,448685,109058,2294595,
All CA Counties,2021-01-26,166467,2909216,81620,1571662,84847,1337554,0,0,129598,1939016,36728,485413,129834,2424429,
All CA Counties,2021-01-27,177604,3086820,86824,1658486,90780,1428334,0,0,138968,2039889,38247,523660,139120,2563549,
All CA Counties,2021-01-28,185488,3272308,85100,1743586,100388,1528722,0,0,151908,2158682,33289,556949,152082,2715631,
All CA Counties,2021-01-29,181741,3454049,87383,1830969,94358,1623080,0,0,147570,2272774,33610,590559,147702,2863333,
All CA Counties,2021-01-30,122431,3576480,54737,1885706,67694,1690774,0,0,107587,2365800,14687,605246,107713,2971046,
All CA Counties,2021-01-31,68708,3645188,38474,1924180,30234,1721008,0,0,63732,2424638,4933,610179,63771,3034817,
All CA Counties,2021-02-01,156976,3802164,72013,1996193,84963,1805971,0,0,119115,2506138,37733,647912,119233,3154050,
All CA Counties,2021-02-02,183650,3985814,78542,2074735,105108,1911079,0,0,138194,2599426,45117,693029,138405,3292455,
All CA Counties,2021-02-03,208401,4194215,93791,2168526,114610,2025689,0,0,155094,2701888,52844,745873,155306,3447761,
All CA Counties,2021-02-04,225663,4419878,98804,2267330,126859,2152548,0,0,165568,2808192,59574,805447,165878,3613639,
All CA Counties,2021-02-05,244287,4664165,105803,2373133,138484,2291032,0,0,166390,2897944,77153,882600,166905,3780544,
All CA Counties,2021-02-06,153983,4818148,74331,2447464,79652,2370684,0,0,119514,2983624,34306,916906,119986,3900530,
All CA Counties,2021-02-07,65576,4883724,42246,2489710,23330,2394014,0,0,49280,3017131,16212,933118,49719,3950249,
All CA Counties,2021-02-08,178712,5062436,87559,2577269,91153,2485167,0,0,118030,3075600,60262,993380,118731,4068980,
All CA Counties,2021-02-09,208562,5270998,100861,2678130,107701,2592868,0,0,125062,3118624,83172,1076552,126196,4195176,
All CA Counties,2021-02-10,246073,5517071,118837,2796967,127236,2720104,0,0,137127,3149001,108177,1184729,138554,4333730,
All CA Counties,2021-02-11,260287,5777358,128813,2925780,131474,2851578,0,0,142748,3176926,116572,1301301,144497,4478227,
All CA Counties,2021-02-12,269544,6046902,117952,3043732,151592,3003170,0,0,145902,3202180,122941,1424242,148195,4626422,
All CA Counties,2021-02-13,165135,6212037,76025,3119757,89110,3092280,0,0,91214,3221819,73527,1497769,93166,4719588,
All CA Counties,2021-02-14,94274,6306311,46701,3166458,47573,3139853,0,0,51031,3231268,43112,1540881,52561,4772149,
All CA Counties,2021-02-15,140615,6446926,61744,3228202,78871,3218724,0,0,78097,3250269,62195,1603076,81196,4853345,
All CA Counties,2021-02-16,245515,6692441,116720,3344922,128795,3347519,0,0,131885,3271956,113310,1716386,134997,4988342,
All CA Counties,2021-02-17,254869,6947310,126708,3471630,128161,3475680,0,0,127697,3276182,126717,1843103,130943,5119285,
All CA Counties,2021-02-18,268066,7215376,139683,3611313,128383,3604063,0,0,130476,3273965,136924,1980027,134707,5253992,
All CA Counties,2021-02-19,249170,7464546,144768,3756081,104402,3708465,0,0,129802,3286999,118956,2098983,131990,5385982,
All CA Counties,2021-02-20,149980,7614526,96476,3852557,53504,3761969,0,0,83066,3305335,66713,2165696,85049,5471031,
All CA Counties,2021-02-21,70139,7684665,56491,3909048,13648,3775617,0,0,35011,3306690,34957,2200653,36312,5507343,
All CA Counties,2021-02-22,161922,7846587,108942,4017990,52980,3828597,0,0,82366,3311507,79285,2279938,84102,5591445,
All CA Counties,2021-02-23,219351,8065938,115725,4133715,103626,3932223,0,0,103044,3304660,115831,2395769,108984,5700429,
All CA Counties,2021-02-24,279304,8345242,140963,4274678,138341,4070564,0,0,135081,3303615,143685,2539454,142640,5843069,
All CA Counties,2021-02-25,313370,8658612,153867,4428545,159503,4230067,0,0,165278,3329984,147481,2686935,173850,6016919,
All CA Counties,2021-02-26,347592,9006204,162317,4590862,185275,4415342,0,0,195067,3380486,151749,2838684,202251,6219170,
All CA Counties,2021-02-27,244887,9251091,116606,4707468,128268,4543610,13,13,138942,3418373,105454,2944138,143341,6362511,
All CA Counties,2021-02-28,128440,9379531,76450,4783918,51989,4595599,1,14,76238,3445618,51918,2996056,79163,6441674,
All CA Counties,2021-03-01,233960,9613491,123870,4907788,110070,4705669,20,34,135999,3488218,97440,3093496,140040,6581714,
All CA Counties,2021-03-02,264175,9877666,129009,5036797,135156,4840825,10,44,160312,3552167,103465,3196961,167414,6749128,
All CA Counties,2021-03-03,319901,10197567,157846,5194643,162028,5002853,27,71,183436,3607102,135891,3332852,190826,6939954,
All CA Counties,2021-03-04,333880,10531447,167670,5362313,166135,5168988,75,146,197557,3675982,135745,3468597,204625,7144579,
All CA Counties,2021-03-05,323716,10855163,157447,5519760,165187,5334175,1082,1228,201813,3764951,121214,3589811,210183,7354762,
All CA Counties,2021-03-06,245484,11100647,125956,5645716,111924,5446099,7604,8832,153947,3840064,91223,3681034,166336,7521098,
All CA Counties,2021-03-07,122764,11223411,74660,5720376,44131,5490230,3973,12805,77973,3881149,44658,3725692,85743,7606841,
All CA Counties,2021-03-08,209047,11432458,100720,5821096,98235,5588465,10092,22897,136528,3960457,72247,3797939,151555,7758396,
All CA Counties,2021-03-09,257955,11690413,111144,5932240,131233,5719698,15578,38475,141767,4006172,115811,3913750,161526,7919922,
All CA Counties,2021-03-10,306783,11997196,149983,6082223,133657,5853355,23143,61618,168103,4063508,138200,4051950,195536,8115458,
All CA Counties,2021-03-11,363201,12360397,175688,6257911,156398,6009753,31115,92733,189648,4115800,172811,4224761,225103,8340561,
All CA Counties,2021-03-12,381121,12741518,170093,6428004,166008,6175761,45020,137753,186470,4157325,194020,4418781,235545,8576106,
All CA Counties,2021-03-13,271682,13013200,119705,6547709,121615,6297376,30362,168115,146952,4214540,124380,4543161,181595,8757701,
All CA Counties,2021-03-14,149150,13162350,80279,6627988,54177,6351553,14694,182809,80459,4243472,68482,4611643,97414,8855115,
All CA Counties,2021-03-15,284628,13446978,135592,6763580,128811,6480364,20225,203034,157285,4297677,126785,4738428,180990,9036105,
All CA Counties,2021-03-16,362531,13809509,170986,6934566,174576,6654940,16969,220003,214293,4384597,147642,4886070,234562,9270667,
All CA Counties,2021-03-17,374241,14183750,186563,7121129,169865,6824805,17813,237816,232902,4497236,140728,5026798,253367,9524034,
All CA Counties,2021-03-18,387374,14571124,198603,7319732,171232,6996037,17539,255355,234844,4600231,151647,5178445,254642,9778676,
All CA Counties,2021-03-19,398114,14969238,208833,7528565,168119,7164156,21162,276517,234086,4694393,163240,5341685,257402,10036078,
All CA Counties,2021-03-20,285583,15254821,150186,7678751,120210,7284366,15187,291704,184446,4794916,100587,5442272,201110,10237188,
All CA Counties,2021-03-21,140519,15395340,96810,7775561,36344,7320710,7365,299069,91723,4846875,48575,5490847,100534,10337722,
All CA Counties,2021-03-22,265964,15661304,155431,7930992,99751,7420461,10782,309851,178152,4951615,87271,5578118,192011,10529733,
All CA Counties,2021-03-23,347506,16008810,191597,8122589,145534,7565995,10375,320226,228273,5074389,118530,5696648,241304,10771037,
All CA Counties,2021-03-24,376861,16385671,217315,8339904,147869,7713864,11677,331903,226448,5165182,149521,5846169,240314,11011351,
All CA Counties,2021-03-25,401580,16787251,221655,8561559,166458,7880322,13467,345370,234611,5249537,165944,6012113,250299,11261650,
All CA Counties,2021-03-26,419717,17206968,223981,8785540,180213,8060535,15523,360893,234663,5318775,184103,6196216,253341,11514991,
All CA Counties,2021-03-27,301483,17508451,159914,8945454,130519,8191054,11050,371943,155063,5341376,145787,6342003,168388,11683379,
All CA Counties,2021-03-28,164789,17673240,105520,9050974,55729,8246783,3540,375483,90629,5363555,73888,6415891,96067,11779446,
All CA Counties,2021-03-29,300044,17973284,162490,9213464,129328,8376111,8226,383709,174685,5424314,124779,6540670,185538,11964984,
All CA Counties,2021-03-30,387461,18360745,196400,9409864,174804,8550915,16257,399966,241053,5537633,145854,6686524,259173,12224157,
All CA Counties,2021-03-31,411703,18772448,224883,9634747,166616,8717531,20204,420170,240651,5629257,170330,6856854,261954,12486111,
All CA Counties,2021-04-01,465795,19238243,237617,9872364,191263,8908794,36915,457085,264995,5732551,200003,7056857,303297,12789408,
All CA Counties,2021-04-02,447868,19686111,218392,10090756,189318,9098112,40158,497243,249730,5827011,197170,7254027,291630,13081038,
All CA Counties,2021-04-03,313936,20000047,158631,10249387,117241,9215353,38064,535307,161663,5876194,151788,7405815,200971,13282009,
All CA Counties,2021-04-04,126950,20126997,65855,10315242,43479,9258832,17616,552923,56602,5880399,70181,7475996,74386,13356395,
All CA Counties,2021-04-05,335810,20462807,172995,10488237,125459,9384291,37356,590279,169657,5924227,165696,7641692,209524,13565919,
All CA Counties,2021-04-06,434144,20896951,222161,10710398,151161,9535452,60822,651101,214403,5982485,219019,7860711,277277,13843196,
All CA Counties,2021-04-07,418389,21315340,211955,10922353,146554,9682006,59880,710981,205253,6036330,212431,8073142,266276,14109472,
All CA Counties,2021-04-08,285723,21601063,142402,11064755,95546,9777552,47775,758756,134302,6067742,150852,8223994,182264,14291736,
All CA and Non-CA Counties,2020-12-15,1135,1135,1135,1135,0,0,0,0,1135,1135,0,0,1135,1135,
All CA and Non-CA Counties,2020-12-16,8369,9504,8369,9504,0,0,0,0,8369,9504,0,0,8369,9504,
All CA and Non-CA Counties,2020-12-17,27285,36789,27285,36789,0,0,0,0,27285,36789,0,0,27285,36789,
All CA and Non-CA Counties,2020-12-18,46273,83062,46190,82979,83,83,0,0,46272,83060,1,1,46272,83061,
All CA and Non-CA Counties,2020-12-19,26292,109354,26271,109250,21,104,0,0,26291,109350,1,2,26291,109352,
All CA and Non-CA Counties,2020-12-20,19602,128956,19572,128822,30,134,0,0,19601,128950,1,3,19601,128953,
All CA and Non-CA Counties,2020-12-21,51684,180640,51600,180422,84,218,0,0,51682,180631,1,4,51682,180635,
All CA and Non-CA Counties,2020-12-22,51856,232496,49679,230101,2177,2395,0,0,51854,232484,1,5,51854,232489,
All CA and Non-CA Counties,2020-12-23,51629,284125,42829,272930,8800,11195,0,0,51625,284109,0,5,51625,284114,
All CA and Non-CA Counties,2020-12-24,24774,308899,16904,289834,7870,19065,0,0,24771,308879,1,6,24771,308885,
All CA and Non-CA Counties,2020-12-25,2352,311251,2029,291863,323,19388,0,0,2351,311229,1,7,2351,311236,
All CA and Non-CA Counties,2020-12-26,14851,326102,9618,301481,5233,24621,0,0,14849,326077,1,8,14849,326085,
All CA and Non-CA Counties,2020-12-27,9527,335629,5622,307103,3905,28526,0,0,9526,335602,1,9,9526,335611,
All CA and Non-CA Counties,2020-12-28,46942,382571,30095,337198,16847,45373,0,0,46939,382538,3,12,46939,382550,
All CA and Non-CA Counties,2020-12-29,52328,434899,29405,366603,22923,68296,0,0,52324,434859,3,15,52324,434874,
All CA and Non-CA Counties,2020-12-30,64653,499552,36806,403409,27847,96143,0,0,64646,499502,3,18,64646,499520,
All CA and Non-CA Counties,2020-12-31,30154,529706,11320,414729,18834,114977,0,0,30145,529642,5,23,30145,529665,
All CA and Non-CA Counties,2021-01-01,3792,533498,1630,416359,2162,117139,0,0,3789,533430,1,24,3789,533454,
All CA and Non-CA Counties,2021-01-02,18581,552079,10313,426672,8268,125407,0,0,18579,552008,1,25,18579,552033,
All CA and Non-CA Counties,2021-01-03,6262,558341,3544,430216,2718,128125,0,0,6234,558230,12,37,6234,558267,
All CA and Non-CA Counties,2021-01-04,44285,602626,22330,452546,21955,150080,0,0,44202,602389,43,80,44202,602469,
All CA and Non-CA Counties,2021-01-05,57527,660153,30332,482878,27195,177275,0,0,51885,648785,5572,5652,51968,654437,
All CA and Non-CA Counties,2021-01-06,75384,735537,41865,524743,33519,210794,0,0,59388,692388,15813,21465,59416,713853,
All CA and Non-CA Counties,2021-01-07,95603,831140,54651,579394,40952,251746,0,0,63538,724065,31903,53368,63580,777433,
All CA and Non-CA Counties,2021-01-08,110325,941465,66776,646170,43549,295295,0,0,67469,748875,42715,96083,67525,844958,
All CA and Non-CA Counties,2021-01-09,44814,986279,25531,671701,19283,314578,0,0,28414,760933,16379,112462,28437,873395,
All CA and Non-CA Counties,2021-01-10,24454,1010733,14968,686669,9486,324064,0,0,13132,762774,11306,123768,13147,886542,
All CA and Non-CA Counties,2021-01-11,107077,1117810,71110,757779,35967,360031,0,0,62155,780138,44884,168652,62248,948790,
All CA and Non-CA Counties,2021-01-12,115977,1233787,68603,826382,47374,407405,0,0,73636,811661,42260,210912,73783,1022573,
All CA and Non-CA Counties,2021-01-13,121638,1355425,62932,889314,58706,466111,0,0,87027,864225,34528,245440,87092,1109665,
All CA and Non-CA Counties,2021-01-14,126295,1481720,50454,939768,75841,541952,0,0,106220,950602,19961,265401,106338,1216003,
All CA and Non-CA Counties,2021-01-15,145134,1626854,52791,992559,92343,634295,0,0,129759,1065234,15267,280668,129899,1345902,
All CA and Non-CA Counties,2021-01-16,82839,1709693,27674,1020233,55165,689460,0,0,75169,1132801,7642,288310,75209,1421111,
All CA and Non-CA Counties,2021-01-17,48410,1758103,16863,1037096,31547,721007,0,0,44758,1173949,3647,291957,44795,1465906,
All CA and Non-CA Counties,2021-01-18,88626,1846729,46274,1083370,42352,763359,0,0,69099,1223723,19450,311407,69224,1535130,
All CA and Non-CA Counties,2021-01-19,144577,1991306,74463,1157833,70114,833473,0,0,112771,1305075,31714,343121,113066,1648196,
All CA and Non-CA Counties,2021-01-20,161938,2153244,81308,1239141,80630,914103,0,0,128025,1399580,33740,376861,128245,1776441,
All CA and Non-CA Counties,2021-01-21,175511,2328755,77006,1316147,98505,1012608,0,0,156227,1537025,19074,395935,156519,1932960,
All CA and Non-CA Counties,2021-01-22,172641,2501396,69609,1385756,103032,1115640,0,0,158154,1680942,14357,410292,158274,2091234,
All CA and Non-CA Counties,2021-01-23,112937,2614333,49608,1435364,63329,1178969,0,0,100348,1768840,12534,422826,100432,2191666,
All CA and Non-CA Counties,2021-01-24,61220,2675553,29588,1464952,31632,1210601,0,0,56584,1820841,4612,427438,56613,2248279,
All CA and Non-CA Counties,2021-01-25,147561,2823114,66529,1531481,81032,1291633,0,0,112261,1898198,35215,462653,112572,2360851,
All CA and Non-CA Counties,2021-01-26,172674,2995788,84833,1616314,87841,1379474,0,0,135019,1995924,37536,500189,135262,2496113,
All CA and Non-CA Counties,2021-01-27,182571,3178359,89787,1706101,92784,1472258,0,0,143393,2100660,38810,538999,143546,2639659,
All CA and Non-CA Counties,2021-01-28,190801,3369160,88201,1794302,102600,1574858,0,0,156744,2223793,33785,572784,156918,2796577,
All CA and Non-CA Counties,2021-01-29,186496,3555656,90461,1884763,96035,1670893,0,0,151621,2341221,34326,607110,151754,2948331,
All CA and Non-CA Counties,2021-01-30,126709,3682365,57236,1941999,69473,1740366,0,0,111648,2438086,14909,622019,111774,3060105,
All CA and Non-CA Counties,2021-01-31,72242,3754607,41600,1983599,30642,1771008,0,0,67214,2500354,4985,627004,67253,3127358,
All CA and Non-CA Counties,2021-02-01,162800,3917407,74970,2058569,87830,1858838,0,0,124286,2586369,38389,665393,124404,3251762,
All CA and Non-CA Counties,2021-02-02,191006,4108413,81321,2139890,109685,1968523,0,0,144852,2685625,45807,711200,145063,3396825,
All CA and Non-CA Counties,2021-02-03,216474,4324887,96606,2236496,119868,2088391,0,0,162352,2794541,53649,764849,162565,3559390,
All CA and Non-CA Counties,2021-02-04,233127,4558014,101599,2338095,131528,2219919,0,0,172086,2906430,60507,825356,172396,3731786,
All CA and Non-CA Counties,2021-02-05,251004,4809018,107955,2446050,143049,2362968,0,0,172126,3000930,78141,903497,172641,3904427,
All CA and Non-CA Counties,2021-02-06,158488,4967506,76650,2522700,81838,2444806,0,0,123587,3090262,34732,938229,124064,4028491,
All CA and Non-CA Counties,2021-02-07,68538,5036044,44659,2567359,23879,2468685,0,0,52163,3126575,16291,954520,52604,4081095,
All CA and Non-CA Counties,2021-02-08,184515,5220559,91338,2658697,93177,2561862,0,0,122765,3188727,61314,1015834,123466,4204561,
All CA and Non-CA Counties,2021-02-09,213306,5433865,103155,2761852,110151,2672013,0,0,128518,3233950,84445,1100279,129668,4334229,
All CA and Non-CA Counties,2021-02-10,251969,5685834,121029,2882881,130940,2802953,0,0,140654,3265537,110538,1210817,142125,4476354,
All CA and Non-CA Counties,2021-02-11,265129,5950963,130957,3013838,134172,2937125,0,0,146436,3296022,117718,1328535,148203,4624557,
All CA and Non-CA Counties,2021-02-12,274230,6225193,119606,3133444,154624,3091749,0,0,148970,3322732,124557,1453092,151267,4775824,
All CA and Non-CA Counties,2021-02-13,167366,6392559,76640,3210084,90726,3182475,0,0,93016,3343753,73957,1527049,94978,4870802,
All CA and Non-CA Counties,2021-02-14,95697,6488256,47164,3257248,48533,3231008,0,0,52182,3354118,43379,1570428,53744,4924546,
All CA and Non-CA Counties,2021-02-15,143124,6631380,63299,3320547,79825,3310833,0,0,79263,3372997,63519,1633947,82398,5006944,
All CA and Non-CA Counties,2021-02-16,251845,6883225,119645,3440192,132200,3443033,0,0,134420,3393445,117097,1751044,137545,5144489,
All CA and Non-CA Counties,2021-02-17,260528,7143753,129507,3569699,131021,3574054,0,0,129371,3395374,130695,1881739,132624,5277113,
All CA and Non-CA Counties,2021-02-18,274139,7417892,143259,3712958,130880,3704934,0,0,132304,3390754,141158,2022897,136538,5413651,
All CA and Non-CA Counties,2021-02-19,254346,7672238,148398,3861356,105948,3810882,0,0,131733,3402479,122197,2145094,133922,5547573,
All CA and Non-CA Counties,2021-02-20,153097,7825335,99093,3960449,54004,3864886,0,0,84162,3419897,68729,2213823,86147,5633720,
All CA and Non-CA Counties,2021-02-21,71947,7897282,58093,4018542,13854,3878740,0,0,35629,3420684,36143,2249966,36930,5670650,
All CA and Non-CA Counties,2021-02-22,164637,8061919,110839,4129381,53798,3932538,0,0,83326,3424711,81039,2331005,85066,5755716,
All CA and Non-CA Counties,2021-02-23,224400,8286319,118268,4247649,106132,4038670,0,0,104610,3415959,119309,2450314,110557,5866273,
All CA and Non-CA Counties,2021-02-24,284494,8570813,143520,4391169,140974,4179644,0,0,136557,3412685,147394,2597708,144120,6010393,
All CA and Non-CA Counties,2021-02-25,319144,8889957,156419,4547588,162725,4342369,0,0,167374,3437497,151139,2748847,175951,6186344,
All CA and Non-CA Counties,2021-02-26,353474,9243431,165261,4712849,188213,4530582,0,0,197476,3487017,155141,2903988,204661,6391005,
All CA and Non-CA Counties,2021-02-27,249356,9492787,118828,4831677,130514,4661096,14,14,140141,3522851,108709,3012697,144543,6535548,
All CA and Non-CA Counties,2021-02-28,131071,9623858,78467,4910144,52603,4713699,1,15,77246,3549486,53537,3066234,80172,6615720,
All CA and Non-CA Counties,2021-03-01,238441,9862299,126831,5036975,111590,4825289,20,35,137133,3589893,100780,3167014,141187,6756907,
All CA and Non-CA Counties,2021-03-02,270091,10132390,130946,5167921,139135,4964424,10,45,161944,3651277,107752,3274766,169136,6926043,
All CA and Non-CA Counties,2021-03-03,326705,10459095,160066,5327987,166611,5131035,28,73,185229,3702999,140908,3415674,192630,7118673,
All CA and Non-CA Counties,2021-03-04,339843,10798938,169968,5497955,169799,5300834,76,149,199366,3769578,139873,3555547,206452,7325125,
All CA and Non-CA Counties,2021-03-05,327915,11126853,159237,5657192,167585,5468419,1093,1242,203880,3858488,123359,3678906,212269,7537394,
All CA and Non-CA Counties,2021-03-06,249471,11376324,127618,5784810,114097,5582516,7756,8998,155826,3933610,93321,3772227,168443,7705837,
All CA and Non-CA Counties,2021-03-07,124293,11500617,75645,5860455,44622,5627138,4026,13024,78866,3975024,45292,3817519,86706,7792543,
All CA and Non-CA Counties,2021-03-08,211683,11712300,102262,5962717,99080,5726218,10341,23365,138381,4055683,72999,3890518,153658,7946201,
All CA and Non-CA Counties,2021-03-09,261832,11974132,112979,6075696,132961,5859179,15892,39257,143934,4102191,117518,4008036,164026,8110227,
All CA and Non-CA Counties,2021-03-10,310284,12284416,151378,6227074,135274,5994453,23632,62889,170084,4160497,139707,4147743,198013,8308240,
All CA and Non-CA Counties,2021-03-11,368682,12653098,178351,6405425,158537,6152990,31794,94683,192514,4213726,175424,4323167,228653,8536893,
All CA and Non-CA Counties,2021-03-12,386427,13039525,172991,6578416,167713,6320703,45723,140406,189370,4256458,196417,4519584,239149,8776042,
All CA and Non-CA Counties,2021-03-13,275050,13314575,121566,6699982,122654,6443357,30830,171236,149198,4315270,125498,4645082,184310,8960352,
All CA and Non-CA Counties,2021-03-14,151037,13465612,81192,6781174,54818,6498175,15027,186263,81584,4344905,69244,4714326,98879,9059231,
All CA and Non-CA Counties,2021-03-15,287757,13753369,136957,6918131,130192,6628367,20608,206871,159140,4400081,128057,4842383,183233,9242464,
All CA and Non-CA Counties,2021-03-16,368638,14122007,174079,7092210,177246,6805613,17313,224184,217816,4488286,150223,4992606,238428,9480892,
All CA and Non-CA Counties,2021-03-17,380629,14502636,190065,7282275,172405,6978018,18159,242343,236811,4602705,143205,5135811,257624,9738516,
All CA and Non-CA Counties,2021-03-18,394027,14896663,202281,7484556,173695,7151713,18051,260394,238965,4707848,154169,5289980,259312,9997828,
All CA and Non-CA Counties,2021-03-19,403821,15300484,212036,7696592,170091,7321804,21694,282088,237631,4803931,165400,5455380,261483,10259311,
All CA and Non-CA Counties,2021-03-20,289260,15589744,152690,7849282,121305,7443109,15265,297353,187446,4906860,101259,5556639,204188,10463499,
All CA and Non-CA Counties,2021-03-21,142249,15731993,98000,7947282,36795,7479904,7454,304807,93066,4959866,48961,5605600,101967,10565466,
All CA and Non-CA Counties,2021-03-22,268647,16000640,156915,8104197,100877,7580781,10855,315662,179926,5065550,88174,5693774,193858,10759324,
All CA and Non-CA Counties,2021-03-23,352991,16353631,194247,8298444,148101,7728882,10643,326305,232118,5190808,120159,5813933,245417,11004741,
All CA and Non-CA Counties,2021-03-24,383153,16736784,220275,8518719,150787,7879669,12091,338396,231242,5285314,151013,5964946,245519,11250260,
All CA and Non-CA Counties,2021-03-25,408752,17145536,224664,8743383,170142,8049811,13946,352342,240159,5374083,167558,6132504,256327,11506587,
All CA and Non-CA Counties,2021-03-26,425694,17571230,227075,8970458,182923,8232734,15696,368038,238904,5446011,185827,6318331,257755,11764342,
All CA and Non-CA Counties,2021-03-27,305671,17876901,162371,9132829,132210,8364944,11090,379128,158008,5470359,147022,6465353,171370,11935712,
All CA and Non-CA Counties,2021-03-28,167308,18044209,106775,9239604,56921,8421865,3612,382740,92285,5493409,74745,6540098,97795,12033507,
All CA and Non-CA Counties,2021-03-29,304465,18348674,164415,9404019,131571,8553436,8479,391219,177429,5555491,126454,6666552,188536,12222043,
All CA and Non-CA Counties,2021-03-30,393468,18742142,199436,9603455,177248,8730684,16784,408003,244816,5670876,148087,6814639,263472,12485515,
All CA and Non-CA Counties,2021-03-31,416963,19159105,227860,9831315,168176,8898860,20927,428930,243807,5764277,172431,6987070,265832,12751347,
All CA and Non-CA Counties,2021-04-01,471862,19630967,240993,10072308,193337,9092197,37532,466462,268605,5869345,202455,7189525,307523,13058870,
All CA and Non-CA Counties,2021-04-02,455069,20086036,222316,10294624,191680,9283877,41073,507535,253751,5965567,200346,7389871,296568,13355438,
All CA and Non-CA Counties,2021-04-03,319618,20405654,161943,10456567,118463,9402340,39212,546747,164667,6016230,154460,7544331,205123,13560561,
All CA and Non-CA Counties,2021-04-04,128543,20534197,66656,10523223,44046,9446386,17841,564588,57479,6020822,70896,7615227,75488,13636049,
All CA and Non-CA Counties,2021-04-05,339474,20873671,174878,10698101,126696,9573082,37900,602488,171501,6065223,167512,7782739,211913,13847962,
All CA and Non-CA Counties,2021-04-06,440600,21314271,225370,10923471,152930,9726012,62300,664788,217194,6124092,222671,8005410,281540,14129502,
All CA and Non-CA Counties,2021-04-07,425825,21740096,215700,11139171,148476,9874488,61649,726437,208451,6178670,216656,8222066,271234,14400736,
All CA and Non-CA Counties,2021-04-08,290808,22030904,144835,11284006,96753,9971241,49220,775657,136146,6210129,154085,8376151,185544,14586280,
Outside California,2020-12-15,7,7,7,7,0,0,0,0,7,7,0,0,7,7,Not in California
Outside California,2020-12-16,132,139,132,139,0,0,0,0,132,139,0,0,132,139,Not in California
Outside California,2020-12-17,1531,1670,1531,1670,0,0,0,0,1531,1670,0,0,1531,1670,Not in California
Outside California,2020-12-18,2365,4035,2361,4031,4,4,0,0,2364,4034,0,0,2364,4034,Not in California
Outside California,2020-12-19,981,5016,980,5011,1,5,0,0,981,5015,0,0,981,5015,Not in California
Outside California,2020-12-20,642,5658,641,5652,1,6,0,0,642,5657,0,0,642,5657,Not in California
Outside California,2020-12-21,2063,7721,2062,7714,1,7,0,0,2062,7719,0,0,2062,7719,Not in California
Outside California,2020-12-22,1925,9646,1891,9605,34,41,0,0,1925,9644,0,0,1925,9644,Not in California
Outside California,2020-12-23,1422,11068,1305,10910,117,158,0,0,1422,11066,0,0,1422,11066,Not in California
Outside California,2020-12-24,802,11870,610,11520,192,350,0,0,802,11868,0,0,802,11868,Not in California
Outside California,2020-12-25,32,11902,28,11548,4,354,0,0,32,11900,0,0,32,11900,Not in California
Outside California,2020-12-26,307,12209,203,11751,104,458,0,0,307,12207,0,0,307,12207,Not in California
Outside California,2020-12-27,186,12395,71,11822,115,573,0,0,186,12393,0,0,186,12393,Not in California
Outside California,2020-12-28,1391,13786,877,12699,514,1087,0,0,1391,13784,0,0,1391,13784,Not in California
Outside California,2020-12-29,1451,15237,926,13625,525,1612,0,0,1451,15235,0,0,1451,15235,Not in California
Outside California,2020-12-30,1846,17083,1192,14817,654,2266,0,0,1847,17082,0,0,1847,17082,Not in California
Outside California,2020-12-31,1067,18150,585,15402,482,2748,0,0,1068,18150,0,0,1068,18150,Not in California
Outside California,2021-01-01,110,18260,22,15424,88,2836,0,0,110,18260,0,0,110,18260,Not in California
Outside California,2021-01-02,239,18499,132,15556,107,2943,0,0,238,18497,1,1,238,18498,Not in California
Outside California,2021-01-03,172,18671,92,15648,80,3023,0,0,172,18669,0,1,172,18670,Not in California
Outside California,2021-01-04,1121,19792,501,16149,620,3643,0,0,1116,19785,0,1,1116,19786,Not in California
Outside California,2021-01-05,1436,21228,750,16899,686,4329,0,0,1300,20951,134,135,1300,21086,Not in California
Outside California,2021-01-06,2577,23805,1523,18422,1054,5383,0,0,1908,22183,676,811,1908,22994,Not in California
Outside California,2021-01-07,4083,27888,2502,20924,1581,6964,0,0,2456,23015,1626,2437,2458,25452,Not in California
Outside California,2021-01-08,4266,32154,2699,23623,1567,8531,0,0,2528,23818,1728,4165,2531,27983,Not in California
Outside California,2021-01-09,1328,33482,531,24154,797,9328,0,0,999,24492,327,4492,1001,28984,Not in California
Outside California,2021-01-10,301,33783,178,24332,123,9451,0,0,182,24555,119,4611,182,29166,Not in California
Outside California,2021-01-11,3234,37017,1962,26294,1272,10723,0,0,1916,25152,1319,5930,1916,31082,Not in California
Outside California,2021-01-12,3763,40780,2249,28543,1514,12237,0,0,2284,25963,1474,7404,2285,33367,Not in California
Outside California,2021-01-13,3498,44278,1722,30265,1776,14013,0,0,2407,27275,1096,8500,2408,35775,Not in California
Outside California,2021-01-14,3634,47912,1242,31507,2392,16405,0,0,3021,29685,611,9111,3021,38796,Not in California
Outside California,2021-01-15,3994,51906,916,32423,3078,19483,0,0,3561,32818,429,9540,3562,42358,Not in California
Outside California,2021-01-16,2529,54435,353,32776,2176,21659,0,0,2356,35004,170,9710,2356,44714,Not in California
Outside California,2021-01-17,446,54881,144,32920,302,21961,0,0,396,35351,49,9759,396,45110,Not in California
Outside California,2021-01-18,1081,55962,731,33651,350,22311,0,0,626,35524,454,10213,627,45737,Not in California
Outside California,2021-01-19,3961,59923,1291,34942,2670,24981,0,0,3118,37800,844,11057,3120,48857,Not in California
Outside California,2021-01-20,4282,64205,1334,36276,2948,27929,0,0,3407,40336,872,11929,3408,52265,Not in California
Outside California,2021-01-21,3921,68126,981,37257,2940,30869,0,0,3404,43238,502,12431,3404,55669,Not in California
Outside California,2021-01-22,4379,72505,993,38250,3386,34255,0,0,3985,46835,389,12820,3986,59655,Not in California
Outside California,2021-01-23,2208,74713,329,38579,1879,36134,0,0,2042,48712,165,12985,2042,61697,Not in California
Outside California,2021-01-24,695,75408,337,38916,358,36492,0,0,616,49249,79,13064,616,62313,Not in California
Outside California,2021-01-25,4326,79734,1917,40833,2409,38901,0,0,3496,51902,844,13908,3497,65810,Not in California
Outside California,2021-01-26,6111,85845,3117,43950,2994,41895,0,0,5322,56423,808,14716,5329,71139,Not in California
Outside California,2021-01-27,4949,90794,2945,46895,2004,43899,0,0,4408,60270,562,15278,4409,75548,Not in California
Outside California,2021-01-28,5159,95953,2949,49844,2210,46109,0,0,4738,64571,437,15715,4738,80286,Not in California
Outside California,2021-01-29,4607,100560,2930,52774,1677,47786,0,0,3898,67755,715,16430,3899,84185,Not in California
Outside California,2021-01-30,4268,104828,2491,55265,1777,49563,0,0,4048,71582,221,16651,4048,88233,Not in California
Outside California,2021-01-31,3517,108345,3109,58374,408,49971,0,0,3465,74996,51,16702,3465,91698,Not in California
Outside California,2021-02-01,5786,114131,2921,61295,2865,52836,0,0,5148,79505,639,17341,5148,96846,Not in California
Outside California,2021-02-02,7282,121413,2707,64002,4575,57411,0,0,6591,85412,684,18025,6591,103437,Not in California
Outside California,2021-02-03,8024,129437,2767,66769,5257,62668,0,0,7221,91840,794,18819,7222,110659,Not in California
Outside California,2021-02-04,7400,136837,2735,69504,4665,67333,0,0,6458,97369,929,19748,6458,117117,Not in California
Outside California,2021-02-05,6701,143538,2141,71645,4560,71893,0,0,5722,102108,983,20731,5722,122839,Not in California
Outside California,2021-02-06,4488,148026,2305,73950,2183,74076,0,0,4059,105750,420,21151,4062,126901,Not in California
Outside California,2021-02-07,2952,150978,2403,76353,549,74625,0,0,2875,108550,77,21228,2877,129778,Not in California
Outside California,2021-02-08,5745,156723,3724,80077,2021,76646,0,0,4719,112259,1010,22238,4719,134497,Not in California
Outside California,2021-02-09,4722,161445,2272,82349,2450,79096,0,0,3451,114470,1256,23494,3467,137964,Not in California
Outside California,2021-02-10,5858,167303,2159,84508,3699,82795,0,0,3515,115694,2335,25829,3559,141523,Not in California
Outside California,2021-02-11,4747,172050,2050,86558,2697,85492,0,0,3643,118260,1095,26924,3661,145184,Not in California
Outside California,2021-02-12,4639,176689,1616,88174,3023,88515,0,0,3049,119730,1583,28507,3053,148237,Not in California
Outside California,2021-02-13,2217,178906,612,88786,1605,90120,0,0,1786,121097,429,28936,1796,150033,Not in California
Outside California,2021-02-14,1415,180321,462,89248,953,91073,0,0,1145,122008,266,29202,1177,151210,Not in California
Outside California,2021-02-15,2466,182787,1518,90766,948,92021,0,0,1136,121867,1313,30515,1172,152382,Not in California
Outside California,2021-02-16,6225,189012,2829,93595,3396,95417,0,0,2504,120671,3713,34228,2517,154899,Not in California
Outside California,2021-02-17,5648,194660,2790,96385,2858,98275,0,0,1667,118372,3973,38201,1674,156573,Not in California
Outside California,2021-02-18,5966,200626,3474,99859,2492,100767,0,0,1808,116036,4147,42348,1811,158384,Not in California
Outside California,2021-02-19,4977,205603,3436,103295,1541,102308,0,0,1872,114807,3102,45450,1873,160257,Not in California
Outside California,2021-02-20,3105,208708,2612,105907,493,102801,0,0,1091,113889,2011,47461,1093,161350,Not in California
Outside California,2021-02-21,1785,210493,1579,107486,206,103007,0,0,610,113328,1171,48632,610,161960,Not in California
Outside California,2021-02-22,2703,213196,1885,109371,818,103825,0,0,953,112536,1749,50381,957,162917,Not in California
Outside California,2021-02-23,4987,218183,2493,111864,2494,106319,0,0,1551,110663,3431,53812,1558,164475,Not in California
Outside California,2021-02-24,5146,223329,2521,114385,2625,108944,0,0,1462,108450,3679,57491,1466,165941,Not in California
Outside California,2021-02-25,5698,229027,2490,116875,3208,112152,0,0,2069,106915,3609,61100,2074,168015,Not in California
Outside California,2021-02-26,5840,234867,2918,119793,2922,115074,0,0,2382,105919,3379,64479,2383,170398,Not in California
Outside California,2021-02-27,4442,239309,2209,122002,2232,117306,1,1,1179,103854,3247,67726,1182,171580,Not in California
Outside California,2021-02-28,2612,241921,2002,124004,610,117916,0,1,996,103237,1614,69340,997,172577,Not in California
Outside California,2021-03-01,4435,246356,2933,126937,1502,119418,0,1,1107,101036,3321,72661,1120,173697,Not in California
Outside California,2021-03-02,5899,252255,1931,128868,3968,123386,0,1,1623,98468,4281,76942,1713,175410,Not in California
Outside California,2021-03-03,6786,259041,2211,131079,4574,127960,1,2,1780,95247,5012,81954,1791,177201,Not in California
Outside California,2021-03-04,5908,264949,2247,133326,3660,131620,1,3,1784,92952,4097,86051,1802,179003,Not in California
Outside California,2021-03-05,4171,269120,1777,135103,2383,134003,11,14,2037,92869,2139,88190,2056,181059,Not in California
Outside California,2021-03-06,3956,273076,1652,136755,2154,136157,150,164,1857,92863,2089,90279,2083,183142,Not in California
Outside California,2021-03-07,1520,274596,984,137739,483,136640,53,217,888,93190,631,90910,958,184100,Not in California
Outside California,2021-03-08,2602,277198,1518,139257,837,137477,247,464,1844,94556,726,91636,2092,186192,Not in California
Outside California,2021-03-09,3838,281036,1803,141060,1725,139202,310,774,2156,95364,1677,93313,2485,188677,Not in California
Outside California,2021-03-10,3492,284528,1389,142449,1616,140818,487,1261,1976,96332,1502,94815,2470,191147,Not in California
Outside California,2021-03-11,5441,289969,2650,145099,2129,142947,662,1923,2849,97259,2589,97404,3516,194663,Not in California
Outside California,2021-03-12,5209,295178,2842,147941,1680,144627,687,2610,2873,98493,2327,99731,3561,198224,Not in California
Outside California,2021-03-13,3321,298499,1857,149798,1004,145631,460,3070,2218,100073,1099,100830,2679,200903,Not in California
Outside California,2021-03-14,1824,300323,894,150692,602,146233,328,3398,1080,100744,744,101574,1415,202318,Not in California
Outside California,2021-03-15,3099,303422,1353,152045,1365,147598,381,3779,1836,101707,1259,102833,2222,204540,Not in California
Outside California,2021-03-16,6047,309469,3072,155117,2634,150232,341,4120,3482,102966,2563,105396,3822,208362,Not in California
Outside California,2021-03-17,6343,315812,3490,158607,2508,152740,345,4465,3868,104708,2473,107869,4215,212577,Not in California
Outside California,2021-03-18,6608,322420,3656,162263,2440,155180,512,4977,4091,106839,2509,110378,4640,217217,Not in California
Outside California,2021-03-19,5678,328098,3182,165445,1964,157144,532,5509,3527,108753,2149,112527,4063,221280,Not in California
Outside California,2021-03-20,3649,331747,2491,167936,1080,158224,78,5587,2983,111153,661,113188,3061,224341,Not in California
Outside California,2021-03-21,1709,333456,1174,169110,446,158670,89,5676,1325,112185,383,113571,1415,225756,Not in California
Outside California,2021-03-22,2654,336110,1468,170578,1114,159784,72,5748,1757,113123,891,114462,1829,227585,Not in California
Outside California,2021-03-23,5460,341570,2640,173218,2557,162341,263,6011,3831,115599,1618,116080,4094,231679,Not in California
Outside California,2021-03-24,6268,347838,2953,176171,2901,165242,414,6425,4775,119298,1487,117567,5186,236865,Not in California
Outside California,2021-03-25,7128,354966,2979,179150,3670,168912,479,6904,5517,123694,1601,119168,5997,242862,Not in California
Outside California,2021-03-26,5941,360907,3077,182227,2696,171608,168,7072,4221,126375,1708,120876,4389,247251,Not in California
Outside California,2021-03-27,4153,365060,2447,184674,1666,173274,40,7112,2928,128123,1217,122093,2965,250216,Not in California
Outside California,2021-03-28,2503,367563,1247,185921,1184,174458,72,7184,1644,128986,853,122946,1716,251932,Not in California
Outside California,2021-03-29,4371,371934,1895,187816,2223,176681,253,7437,2707,130285,1662,124608,2961,254893,Not in California
Outside California,2021-03-30,5962,377896,3006,190822,2429,179110,527,7964,3730,132330,2221,126829,4266,259159,Not in California
Outside California,2021-03-31,5213,383109,2944,193766,1546,180656,723,8687,3119,134080,2091,128920,3841,263000,Not in California
Outside California,2021-04-01,6042,389151,3361,197127,2064,182720,617,9304,3590,135839,2447,131367,4206,267206,Not in California
Outside California,2021-04-02,7154,396305,3908,201035,2334,185054,912,10216,3997,137597,3153,134520,4911,272117,Not in California
Outside California,2021-04-03,5663,401968,3302,204337,1213,186267,1148,11364,2995,139078,2662,137182,4143,276260,Not in California
Outside California,2021-04-04,1577,403545,796,205133,556,186823,225,11589,867,139460,710,137892,1092,277352,Not in California
Outside California,2021-04-05,3479,407024,1735,206868,1224,188047,520,12109,1698,139902,1778,139670,2220,279572,Not in California
Outside California,2021-04-06,6064,413088,2978,209846,1644,189691,1442,13551,2453,140192,3599,143269,3889,283461,Not in California
Outside California,2021-04-07,7104,420192,3557,213403,1806,191497,1741,15292,2908,140648,4184,147453,4640,288101,Not in California
Outside California,2021-04-08,5078,425270,2428,215831,1207,192704,1443,16735,1840,140692,3230,150683,3274,291375,Not in California
Unknown,2020-12-17,36,36,36,36,0,0,0,0,1,1,0,0,1,1,Not in California
Unknown,2020-12-18,52,88,52,88,0,0,0,0,2,3,0,0,2,3,Not in California
Unknown,2020-12-21,41,129,41,129,0,0,0,0,0,3,0,0,0,3,Not in California
Unknown,2020-12-26,1,130,1,130,0,0,0,0,1,4,0,0,1,4,Not in California
Unknown,2020-12-28,4,134,4,134,0,0,0,0,4,8,0,0,4,8,Not in California
Unknown,2020-12-29,3,137,3,137,0,0,0,0,3,11,0,0,3,11,Not in California
Unknown,2020-12-30,55,192,55,192,0,0,0,0,55,66,0,0,55,66,Not in California
Unknown,2020-12-31,2,194,0,192,2,2,0,0,0,66,0,0,0,66,Not in California
Unknown,2021-01-02,1,195,0,192,1,3,0,0,1,67,0,0,1,67,Not in California
Unknown,2021-01-04,3,198,3,195,0,3,0,0,2,69,0,0,2,69,Not in California
Unknown,2021-01-05,2,200,0,195,2,5,0,0,2,71,0,0,2,71,Not in California
Unknown,2021-01-06,5,205,4,199,1,6,0,0,4,75,0,0,4,75,Not in California
Unknown,2021-01-07,70,275,69,268,1,7,0,0,70,145,0,0,70,145,Not in California
Unknown,2021-01-09,2,277,2,270,0,7,0,0,3,148,0,0,3,148,Not in California
Unknown,2021-01-11,19,296,19,289,0,7,0,0,18,166,0,0,18,166,Not in California
Unknown,2021-01-12,10,306,9,298,1,8,0,0,8,174,1,1,9,175,Not in California
Unknown,2021-01-13,11,317,11,309,0,8,0,0,13,187,0,1,13,188,Not in California
Unknown,2021-01-14,3,320,3,312,0,8,0,0,3,190,0,1,3,191,Not in California
Unknown,2021-01-15,4,324,3,315,1,9,0,0,5,195,0,1,5,196,Not in California
Unknown,2021-01-16,7,331,7,322,0,9,0,0,6,200,1,2,6,202,Not in California
Unknown,2021-01-17,3,334,3,325,0,9,0,0,3,203,0,2,3,205,Not in California
Unknown,2021-01-18,57,391,57,382,0,9,0,0,55,256,2,4,55,260,Not in California
Unknown,2021-01-19,25,416,25,407,0,9,0,0,23,278,1,5,23,283,Not in California
Unknown,2021-01-20,79,495,79,486,0,9,0,0,27,253,52,57,27,310,Not in California
Unknown,2021-01-21,60,555,58,544,2,11,0,0,62,315,0,57,62,372,Not in California
Unknown,2021-01-22,41,596,35,579,6,17,0,0,40,355,0,57,40,412,Not in California
Unknown,2021-01-23,13,609,7,586,6,23,0,0,13,368,0,57,13,425,Not in California
Unknown,2021-01-24,2,611,2,588,0,23,0,0,3,371,0,57,3,428,Not in California
Unknown,2021-01-25,20,631,18,606,2,25,0,0,17,385,3,60,17,445,Not in California
Unknown,2021-01-26,96,727,96,702,0,25,0,0,99,484,0,60,99,544,Not in California
Unknown,2021-01-27,18,745,18,720,0,25,0,0,17,500,1,61,17,561,Not in California
Unknown,2021-01-28,154,899,152,872,2,27,0,0,98,539,59,120,98,659,Not in California
Unknown,2021-01-29,148,1047,148,1020,0,27,0,0,153,691,1,121,153,812,Not in California
Unknown,2021-01-30,10,1057,8,1028,2,29,0,0,13,703,1,122,13,825,Not in California
Unknown,2021-01-31,17,1074,17,1045,0,29,0,0,17,719,1,123,17,842,Not in California
Unknown,2021-02-01,38,1112,36,1081,2,31,0,0,23,725,17,140,23,865,Not in California
Unknown,2021-02-02,74,1186,72,1153,2,33,0,0,67,786,6,146,67,932,Not in California
Unknown,2021-02-03,49,1235,48,1201,1,34,0,0,37,812,11,157,37,969,Not in California
Unknown,2021-02-04,64,1299,60,1261,4,38,0,0,60,868,4,161,60,1029,Not in California
Unknown,2021-02-05,16,1315,11,1272,5,43,0,0,14,877,5,166,14,1043,Not in California
Unknown,2021-02-06,17,1332,14,1286,3,46,0,0,14,887,6,172,16,1059,Not in California
Unknown,2021-02-07,10,1342,10,1296,0,46,0,0,8,893,2,174,8,1067,Not in California
Unknown,2021-02-08,58,1400,55,1351,3,49,0,0,16,867,42,216,16,1083,Not in California
Unknown,2021-02-09,22,1422,22,1373,0,49,0,0,5,855,17,233,5,1088,Not in California
Unknown,2021-02-10,38,1460,33,1406,5,54,0,0,12,841,26,259,12,1100,Not in California
Unknown,2021-02-11,95,1555,94,1500,1,55,0,0,45,835,51,310,45,1145,Not in California
Unknown,2021-02-12,47,1602,38,1538,9,64,0,0,19,821,33,343,19,1164,Not in California
Unknown,2021-02-13,14,1616,3,1541,11,75,0,0,16,836,1,344,16,1180,Not in California
Unknown,2021-02-14,8,1624,1,1542,7,82,0,0,6,841,1,345,6,1186,Not in California
Unknown,2021-02-15,43,1667,37,1579,6,88,0,0,30,860,11,356,30,1216,Not in California
Unknown,2021-02-16,105,1772,96,1675,9,97,0,0,31,817,74,430,31,1247,Not in California
Unknown,2021-02-17,11,1783,9,1684,2,99,0,0,7,819,5,435,7,1254,Not in California
Unknown,2021-02-18,107,1890,102,1786,5,104,0,0,20,752,87,522,20,1274,Not in California
Unknown,2021-02-19,199,2089,194,1980,5,109,0,0,59,672,139,661,59,1333,Not in California
Unknown,2021-02-20,12,2101,5,1985,7,116,0,0,5,672,5,666,5,1338,Not in California
Unknown,2021-02-21,23,2124,23,2008,0,116,0,0,8,665,15,681,8,1346,Not in California
Unknown,2021-02-22,12,2136,12,2020,0,116,0,0,7,667,5,686,7,1353,Not in California
Unknown,2021-02-23,62,2198,50,2070,12,128,0,0,15,635,47,733,15,1368,Not in California
Unknown,2021-02-24,44,2242,36,2106,8,136,0,0,14,619,30,763,14,1382,Not in California
Unknown,2021-02-25,76,2318,62,2168,14,150,0,0,27,597,49,812,27,1409,Not in California
Unknown,2021-02-26,42,2360,26,2194,16,166,0,0,27,611,13,825,27,1436,Not in California
Unknown,2021-02-27,27,2387,13,2207,14,180,0,0,20,623,8,833,20,1456,Not in California
Unknown,2021-02-28,19,2406,15,2222,4,184,0,0,12,630,5,838,12,1468,Not in California
Unknown,2021-03-01,46,2452,28,2250,18,202,0,0,27,638,19,857,27,1495,Not in California
Unknown,2021-03-02,17,2469,6,2256,11,213,0,0,9,641,6,863,9,1504,Not in California
Unknown,2021-03-03,18,2487,9,2265,9,222,0,0,13,649,5,868,13,1517,Not in California
Unknown,2021-03-04,55,2542,51,2316,4,226,0,0,25,643,31,899,25,1542,Not in California
Unknown,2021-03-05,28,2570,13,2329,15,241,0,0,30,667,6,905,30,1572,Not in California
Unknown,2021-03-06,31,2601,10,2339,19,260,2,2,22,682,9,914,24,1596,Not in California
Unknown,2021-03-07,9,2610,1,2340,8,268,0,2,5,684,3,917,5,1601,Not in California
Unknown,2021-03-08,34,2644,24,2364,8,276,2,4,9,669,26,943,11,1612,Not in California
Unknown,2021-03-09,39,2683,32,2396,3,279,4,8,11,654,30,973,15,1627,Not in California
Unknown,2021-03-10,9,2692,6,2402,1,280,2,10,5,656,5,978,7,1634,Not in California
Unknown,2021-03-11,40,2732,13,2415,10,290,17,27,17,666,24,1002,34,1668,Not in California
Unknown,2021-03-12,97,2829,56,2471,25,315,16,43,27,639,70,1072,43,1711,Not in California
Unknown,2021-03-13,47,2876,4,2475,35,350,8,51,28,656,19,1091,36,1747,Not in California
Unknown,2021-03-14,63,2939,19,2494,39,389,5,56,45,688,18,1109,50,1797,Not in California
Unknown,2021-03-15,30,2969,12,2506,16,405,2,58,19,696,13,1122,21,1818,Not in California
Unknown,2021-03-16,60,3029,21,2527,36,441,3,61,41,722,18,1140,44,1862,Not in California
Unknown,2021-03-17,45,3074,12,2539,32,473,1,62,41,760,4,1144,42,1904,Not in California
Unknown,2021-03-18,45,3119,22,2561,23,496,0,62,30,777,13,1157,30,1934,Not in California
Unknown,2021-03-19,29,3148,21,2582,8,504,0,62,18,784,11,1168,18,1952,Not in California
Unknown,2021-03-20,28,3176,13,2595,15,519,0,62,17,790,11,1179,17,1969,Not in California
Unknown,2021-03-21,21,3197,16,2611,5,524,0,62,18,805,3,1182,18,1987,Not in California
Unknown,2021-03-22,29,3226,16,2627,12,536,1,63,17,811,12,1194,18,2005,Not in California
Unknown,2021-03-23,25,3251,10,2637,10,546,5,68,14,819,11,1205,19,2024,Not in California
Unknown,2021-03-24,24,3275,7,2644,17,563,0,68,19,833,5,1210,19,2043,Not in California
Unknown,2021-03-25,44,3319,30,2674,14,577,0,68,31,851,13,1223,31,2074,Not in California
Unknown,2021-03-26,36,3355,17,2691,14,591,5,73,20,860,16,1239,25,2099,Not in California
Unknown,2021-03-27,35,3390,10,2701,25,616,0,73,17,859,18,1257,17,2116,Not in California
Unknown,2021-03-28,16,3406,8,2709,8,624,0,73,12,867,4,1261,12,2128,Not in California
Unknown,2021-03-29,50,3456,30,2739,20,644,0,73,37,891,13,1274,37,2165,Not in California
Unknown,2021-03-30,45,3501,30,2769,15,659,0,73,33,912,12,1286,33,2198,Not in California
Unknown,2021-03-31,47,3548,33,2802,14,673,0,73,37,939,10,1296,37,2235,Not in California
Unknown,2021-04-01,25,3573,15,2817,10,683,0,73,20,954,5,1301,20,2255,Not in California
Unknown,2021-04-02,47,3620,16,2833,28,711,3,76,24,958,23,1324,27,2282,Not in California
Unknown,2021-04-03,19,3639,10,2843,9,720,0,76,9,957,10,1334,9,2291,Not in California
Unknown,2021-04-04,16,3655,5,2848,11,731,0,76,10,962,5,1339,10,2301,Not in California
Unknown,2021-04-05,185,3840,148,2996,13,744,24,100,146,1093,38,1377,169,2470,Not in California
Unknown,2021-04-06,392,4232,231,3227,125,869,36,136,338,1414,53,1430,374,2844,Not in California
Unknown,2021-04-07,332,4564,188,3415,116,985,28,164,290,1691,41,1471,318,3162,Not in California
Unknown,2021-04-08,7,4571,5,3420,0,985,2,166,4,1694,3,1474,6,3168,Not in California
Alameda,2020-12-15,36,36,36,36,0,0,0,0,36,36,0,0,36,36,California
Alameda,2020-12-16,201,237,201,237,0,0,0,0,201,237,0,0,201,237,California
Alameda,2020-12-17,396,633,396,633,0,0,0,0,396,633,0,0,396,633,California
Alameda,2020-12-18,1776,2409,1775,2408,1,1,0,0,1776,2409,0,0,1776,2409,California
Alameda,2020-12-19,1440,3849,1440,3848,0,1,0,0,1440,3849,0,0,1440,3849,California
Alameda,2020-12-20,1181,5030,1180,5028,1,2,0,0,1180,5028,1,1,1180,5029,California
Alameda,2020-12-21,1855,6885,1854,6882,1,3,0,0,1854,6882,0,1,1854,6883,California
Alameda,2020-12-22,2094,8979,2043,8925,51,54,0,0,2094,8976,0,1,2094,8977,California
Alameda,2020-12-23,1924,10903,1669,10594,255,309,0,0,1924,10900,0,1,1924,10901,California
Alameda,2020-12-24,1218,12121,759,11353,459,768,0,0,1218,12118,0,1,1218,12119,California
Alameda,2020-12-25,166,12287,129,11482,37,805,0,0,166,12284,0,1,166,12285,California
Alameda,2020-12-26,867,13154,323,11805,544,1349,0,0,867,13151,0,1,867,13152,California
Alameda,2020-12-27,500,13654,256,12061,244,1593,0,0,500,13651,0,1,500,13652,California
Alameda,2020-12-28,1875,15529,949,13010,926,2519,0,0,1875,15526,0,1,1875,15527,California
Alameda,2020-12-29,2419,17948,1019,14029,1400,3919,0,0,2418,17944,0,1,2418,17945,California
Alameda,2020-12-30,3126,21074,1360,15389,1766,5685,0,0,3126,21070,0,1,3126,21071,California
Alameda,2020-12-31,1785,22859,439,15828,1346,7031,0,0,1784,22853,1,2,1784,22855,California
Alameda,2021-01-01,166,23025,66,15894,100,7131,0,0,166,23019,0,2,166,23021,California
Alameda,2021-01-02,717,23742,520,16414,197,7328,0,0,716,23735,0,2,716,23737,California
Alameda,2021-01-03,340,24082,219,16633,121,7449,0,0,337,24069,3,5,337,24074,California
Alameda,2021-01-04,1650,25732,946,17579,704,8153,0,0,1638,25696,11,16,1638,25712,California
Alameda,2021-01-05,2197,27929,1262,18841,935,9088,0,0,1960,27422,234,250,1960,27672,California
Alameda,2021-01-06,3251,31180,1788,20629,1463,10551,0,0,2415,29006,833,1083,2417,30089,California
Alameda,2021-01-07,3784,34964,2139,22768,1645,12196,0,0,2657,30549,1118,2201,2661,32750,California
Alameda,2021-01-08,4746,39710,2716,25484,2030,14226,0,0,3105,32022,1636,3837,3109,35859,California
Alameda,2021-01-09,2033,41743,1390,26874,643,14869,0,0,1169,32327,864,4701,1169,37028,California
Alameda,2021-01-10,1057,42800,839,27713,218,15087,0,0,422,32113,636,5337,422,37450,California
Alameda,2021-01-11,4626,47426,3498,31211,1128,16215,0,0,2840,33173,1786,7123,2846,40296,California
Alameda,2021-01-12,4812,52238,3238,34449,1574,17789,0,0,3424,35212,1387,8510,3426,43722,California
Alameda,2021-01-13,5012,57250,2650,37099,2362,20151,0,0,3835,37875,1173,9683,3836,47558,California
Alameda,2021-01-14,5601,62851,2737,39836,2864,23015,0,0,4715,41715,877,10560,4717,52275,California
Alameda,2021-01-15,5817,68668,2308,42144,3509,26524,0,0,5055,46018,755,11315,5058,57333,California
Alameda,2021-01-16,3008,71676,1413,43557,1595,28119,0,0,2737,48485,271,11586,2738,60071,California
Alameda,2021-01-17,1861,73537,1078,44635,783,28902,0,0,1658,49941,203,11789,1659,61730,California
Alameda,2021-01-18,3186,76723,2047,46682,1139,30041,0,0,2598,51960,584,12373,2603,64333,California
Alameda,2021-01-19,5511,82234,3326,50008,2185,32226,0,0,4327,55107,1182,13555,4329,68662,California
Alameda,2021-01-20,6615,88849,4022,54030,2593,34819,0,0,5322,59152,1281,14836,5326,73988,California
Alameda,2021-01-21,7725,96574,3381,57411,4344,39163,0,0,6899,65234,820,15656,6902,80890,California
Alameda,2021-01-22,6897,103471,2029,59440,4868,44031,0,0,5759,69864,1131,16787,5761,86651,California
Alameda,2021-01-23,3277,106748,941,60381,2336,46367,0,0,2726,72041,551,17338,2728,89379,California
Alameda,2021-01-24,2049,108797,656,61037,1393,47760,0,0,1773,73542,272,17610,1773,91152,California
Alameda,2021-01-25,5205,114002,1987,63024,3218,50978,0,0,3624,75593,1573,19183,3624,94776,California
Alameda,2021-01-26,7213,121215,2266,65290,4947,55925,0,0,5365,79118,1841,21024,5366,100142,California
Alameda,2021-01-27,6664,127879,2078,67368,4586,60511,0,0,4825,82116,1827,22851,4825,104967,California
Alameda,2021-01-28,7810,135689,2494,69862,5316,65827,0,0,5609,85540,2186,25037,5610,110577,California
Alameda,2021-01-29,7890,143579,3174,73036,4716,70543,0,0,6070,89799,1811,26848,6070,116647,California
Alameda,2021-01-30,3403,146982,1662,74698,1741,72284,0,0,2704,91809,694,27542,2704,119351,California
Alameda,2021-01-31,1904,148886,965,75663,939,73223,0,0,1663,93233,239,27781,1663,121014,California
Alameda,2021-02-01,5938,154824,3346,79009,2592,75815,0,0,4306,95914,1626,29407,4307,125321,California
Alameda,2021-02-02,7440,162264,4237,83246,3203,79018,0,0,4656,97798,2773,32180,4657,129978,California
Alameda,2021-02-03,7072,169336,3727,86973,3345,82363,0,0,4406,99550,2660,34840,4412,134390,California
Alameda,2021-02-04,9475,178811,4130,91103,5345,87708,0,0,6435,102967,3023,37863,6440,140830,California
Alameda,2021-02-05,10310,189121,5383,96486,4927,92635,0,0,6448,105566,3856,41719,6455,147285,California
Alameda,2021-02-06,6995,196116,4435,100921,2560,95195,0,0,5875,110322,1120,42839,5876,153161,California
Alameda,2021-02-07,3582,199698,2896,103817,686,95881,0,0,2647,112039,932,43771,2649,155810,California
Alameda,2021-02-08,8079,207777,5778,109595,2301,98182,0,0,5541,115054,2528,46299,5543,161353,California
Alameda,2021-02-09,9690,217467,5850,115445,3840,102022,0,0,6047,117466,3637,49936,6049,167402,California
Alameda,2021-02-10,11437,228904,6767,122212,4670,106692,0,0,6635,119324,4785,54721,6643,174045,California
Alameda,2021-02-11,13825,242729,7903,130115,5922,112614,0,0,8368,122253,5443,60164,8372,182417,California
Alameda,2021-02-12,12487,255216,5681,135796,6806,119420,0,0,7738,125259,4734,64898,7740,190157,California
Alameda,2021-02-13,7791,263007,4060,139856,3731,123151,0,0,5834,129142,1953,66851,5836,195993,California
Alameda,2021-02-14,4019,267026,2536,142392,1483,124634,0,0,2862,130852,1154,68005,2864,198857,California
Alameda,2021-02-15,5698,272724,3217,145609,2481,127115,0,0,3694,132551,2002,70007,3701,202558,California
Alameda,2021-02-16,12499,285223,6942,152551,5557,132672,0,0,9306,138678,3184,73191,9311,211869,California
Alameda,2021-02-17,14085,299308,8342,160893,5743,138415,0,0,10478,145569,3589,76780,10480,222349,California
Alameda,2021-02-18,15820,315128,10046,170939,5774,144189,0,0,11505,152764,4312,81092,11507,233856,California
Alameda,2021-02-19,17598,332726,11416,182355,6182,150371,0,0,11674,158536,5903,86995,11675,245531,California
Alameda,2021-02-20,11836,344562,9594,191949,2242,152613,0,0,9139,164985,2695,89690,9144,254675,California
Alameda,2021-02-21,6152,350714,5225,197174,927,153540,0,0,3700,166244,2443,92133,3702,258377,California
Alameda,2021-02-22,10662,361376,7893,205067,2769,156309,0,0,6716,169037,3933,96066,6726,265103,California
Alameda,2021-02-23,12681,374057,7704,212771,4977,161286,0,0,7898,172167,4774,100840,7904,273007,California
Alameda,2021-02-24,14626,388683,8190,220961,6436,167722,0,0,9485,176573,5084,105924,9490,282497,California
Alameda,2021-02-25,15581,404264,9123,230084,6458,174180,0,0,9934,180897,5616,111540,9940,292437,California
Alameda,2021-02-26,18039,422303,10609,240693,7430,181610,0,0,11686,186275,6311,117851,11689,304126,California
Alameda,2021-02-27,14670,436973,10798,251491,3870,185480,2,2,9089,189809,5558,123409,9092,313218,California
Alameda,2021-02-28,9147,446120,7709,259200,1438,186918,0,2,6081,192844,3047,126456,6082,319300,California
Alameda,2021-03-01,13180,459300,9171,268371,4009,190927,0,2,8190,196088,4951,131407,8195,327495,California
Alameda,2021-03-02,13684,472984,9522,277893,4162,195089,0,2,8801,200034,4864,136271,8810,336305,California
Alameda,2021-03-03,15083,488067,9798,287691,5285,200374,0,2,10266,205510,4792,141063,10268,346573,California
Alameda,2021-03-04,17204,505271,11013,298704,6190,206564,1,3,10837,210015,6333,147396,10838,357411,California
Alameda,2021-03-05,15760,521031,10185,308889,5569,212133,6,9,10576,215458,5144,152540,10587,367998,California
Alameda,2021-03-06,14169,535200,9922,318811,3988,216121,259,268,9308,220210,4816,157356,9568,377566,California
Alameda,2021-03-07,9238,544438,8040,326851,1118,217239,80,348,6524,224126,2690,160046,6606,384172,California
Alameda,2021-03-08,11488,555926,7125,333976,4017,221256,346,694,8574,230183,2863,162909,8920,393092,California
Alameda,2021-03-09,11195,567121,6933,340909,3835,225091,427,1121,6209,231867,4955,167864,6639,399731,California
Alameda,2021-03-10,16554,583675,11268,352177,4739,229830,547,1668,7495,230871,9036,176900,8040,407771,California
Alameda,2021-03-11,19651,603326,11500,363677,6468,236298,1683,3351,6713,226353,12914,189814,8396,416167,California
Alameda,2021-03-12,20885,624211,12180,375857,7089,243387,1616,4967,7382,221863,13483,203297,8993,425160,California
Alameda,2021-03-13,15684,639895,10050,385907,4669,248056,965,5932,5046,217267,10605,213902,6009,431169,California
Alameda,2021-03-14,10650,650545,7792,393699,2077,250133,781,6713,4673,216754,5962,219864,5449,436618,California
Alameda,2021-03-15,14233,664778,9304,403003,4417,254550,512,7225,6323,215704,7882,227746,6832,443450,California
Alameda,2021-03-16,17010,681788,11056,414059,5435,259985,519,7744,7475,214210,9490,237236,7996,451446,California
Alameda,2021-03-17,17212,699000,9687,423746,6836,266821,689,8433,8051,213817,9134,246370,8741,460187,California
Alameda,2021-03-18,18919,717919,10283,434029,7763,274584,873,9306,8676,213152,10216,256586,9551,469738,California
Alameda,2021-03-19,18926,736845,10249,444278,6888,281472,1789,11095,7549,211151,11335,267921,9334,479072,California
Alameda,2021-03-20,15505,752350,10141,454419,4552,286024,812,11907,6473,209428,9008,276929,7285,486357,California
Alameda,2021-03-21,8990,761340,7057,461476,1404,287428,529,12436,3732,208441,5249,282178,4262,490619,California
Alameda,2021-03-22,14788,776128,9958,471434,3855,291283,975,13411,7142,208929,7629,289807,8117,498736,California
Alameda,2021-03-23,18946,795074,11407,482841,6751,298034,788,14199,10659,212131,8250,298057,11452,510188,California
Alameda,2021-03-24,18801,813875,11302,494143,6525,304559,974,15173,8546,211441,10203,308260,9513,519701,California
Alameda,2021-03-25,20146,834021,11118,505261,7681,312240,1347,16520,9488,211669,10598,318858,10826,530527,California
Alameda,2021-03-26,20533,854554,12297,517558,6712,318952,1524,18044,8799,210292,11693,330551,10316,540843,California
Alameda,2021-03-27,18067,872621,12268,529826,4845,323797,954,18998,7794,208795,10231,340782,8734,549577,California
Alameda,2021-03-28,10404,883025,8433,538259,1770,325567,201,19199,3836,206278,6560,347342,4043,553620,California
Alameda,2021-03-29,14501,897526,9244,547503,4281,329848,976,20175,6256,205290,8218,355560,7230,560850,California
Alameda,2021-03-30,18287,915813,9618,557121,7029,336877,1640,21815,10800,210265,7463,363023,12438,573288,California
Alameda,2021-03-31,19044,934857,10005,567126,7008,343885,2031,23846,9542,212359,9476,372499,11570,584858,California
Alameda,2021-04-01,22586,957443,9830,576956,7368,351253,5388,29234,10813,216810,11750,384249,16201,601059,California
Alameda,2021-04-02,23314,980757,9726,586682,8162,359415,5426,34660,11469,221876,11820,396069,16886,617945,California
Alameda,2021-04-03,19894,1000651,9648,596330,5641,365056,4605,39265,10228,227062,9649,405718,14835,632780,California
Alameda,2021-04-04,9588,1010239,3840,600170,2273,367329,3475,42740,3422,227796,6160,411878,6894,639674,California
Alameda,2021-04-05,17359,1027598,7163,607333,5490,372819,4706,47446,6980,229117,10364,422242,11685,651359,California
Alameda,2021-04-06,21778,1049376,10457,617790,5579,378398,5742,53188,9928,232968,11819,434061,15670,667029,California
Alameda,2021-04-07,20590,1069966,10138,627928,5255,383653,5197,58385,10265,238130,10299,444360,15461,682490,California
Alameda,2021-04-08,18187,1088153,8334,636262,4794,388447,5059,63444,8205,241437,9959,454319,13266,695756,California
Alpine,2020-12-18,2,2,2,2,0,0,0,0,2,2,0,0,2,2,California
Alpine,2020-12-19,2,4,2,4,0,0,0,0,2,4,0,0,2,4,California
Alpine,2020-12-21,2,6,2,6,0,0,0,0,2,6,0,0,2,6,California
Alpine,2020-12-30,15,21,0,6,15,15,0,0,15,21,0,0,15,21,California
Alpine,2020-12-31,1,22,0,6,1,16,0,0,1,22,0,0,1,22,California
Alpine,2021-01-01,1,23,0,6,1,17,0,0,1,23,0,0,1,23,California
Alpine,2021-01-02,1,24,1,7,0,17,0,0,1,24,0,0,1,24,California
Alpine,2021-01-04,10,34,0,7,10,27,0,0,10,34,0,0,10,34,California
Alpine,2021-01-05,9,43,1,8,8,35,0,0,9,43,0,0,9,43,California
Alpine,2021-01-06,31,74,0,8,31,66,0,0,31,74,0,0,31,74,California
Alpine,2021-01-07,8,82,0,8,8,74,0,0,8,82,0,0,8,82,California
Alpine,2021-01-08,4,86,2,10,2,76,0,0,2,82,2,2,2,84,California
Alpine,2021-01-09,2,88,2,12,0,76,0,0,0,80,2,4,0,84,California
Alpine,2021-01-11,32,120,1,13,31,107,0,0,31,110,1,5,31,115,California
Alpine,2021-01-13,35,155,0,13,35,142,0,0,35,145,0,5,35,150,California
Alpine,2021-01-14,2,157,0,13,2,144,0,0,2,147,0,5,2,152,California
Alpine,2021-01-15,1,158,0,13,1,145,0,0,1,148,0,5,1,153,California
Alpine,2021-01-20,21,179,0,13,21,166,0,0,21,169,0,5,21,174,California
Alpine,2021-01-21,1,180,0,13,1,167,0,0,1,170,0,5,1,175,California
Alpine,2021-01-22,32,212,0,13,32,199,0,0,32,202,0,5,32,207,California
Alpine,2021-01-23,1,213,1,14,0,199,0,0,0,201,1,6,0,207,California
Alpine,2021-01-25,16,229,0,14,16,215,0,0,16,217,0,6,16,223,California
Alpine,2021-01-27,1,230,1,15,0,215,0,0,0,216,1,7,0,223,California
Alpine,2021-01-28,12,242,0,15,12,227,0,0,11,226,1,8,11,234,California
Alpine,2021-01-29,1,243,0,15,1,228,0,0,1,227,0,8,1,235,California
Alpine,2021-02-01,26,269,0,15,26,254,0,0,7,215,19,27,7,242,California
Alpine,2021-02-03,34,303,0,15,34,288,0,0,10,201,24,51,10,252,California
Alpine,2021-02-04,9,312,0,15,9,297,0,0,4,200,5,56,4,256,California
Alpine,2021-02-05,31,343,0,15,31,328,0,0,12,193,19,75,12,268,California
Alpine,2021-02-06,1,344,1,16,0,328,0,0,1,194,0,75,1,269,California
Alpine,2021-02-07,1,345,1,17,0,328,0,0,1,195,0,75,1,270,California
Alpine,2021-02-08,32,377,0,17,32,360,0,0,4,171,28,103,4,274,California
Alpine,2021-02-10,34,411,0,17,34,394,0,0,0,137,34,137,0,274,California
Alpine,2021-02-11,6,417,0,17,6,400,0,0,3,137,3,140,3,277,California
Alpine,2021-02-12,1,418,0,17,1,401,0,0,0,136,1,141,0,277,California
Alpine,2021-02-17,23,441,0,17,23,424,0,0,3,119,20,161,3,280,California
Alpine,2021-02-18,2,443,0,17,2,426,0,0,1,119,1,162,1,281,California
Alpine,2021-02-19,34,477,1,18,33,459,0,0,2,89,32,194,2,283,California
Alpine,2021-02-22,28,505,0,18,28,487,0,0,9,79,19,213,9,292,California
Alpine,2021-02-24,1,506,1,19,0,487,0,0,1,80,0,213,1,293,California
Alpine,2021-02-25,17,523,1,20,16,503,0,0,6,75,11,224,6,299,California
Alpine,2021-02-26,29,552,1,21,28,531,0,0,28,102,1,225,28,327,California
Alpine,2021-03-01,35,587,0,21,35,566,0,0,25,117,10,235,25,352,California
Alpine,2021-03-02,1,588,1,22,0,566,0,0,0,116,1,236,0,352,California
Alpine,2021-03-03,29,617,1,23,28,594,0,0,17,121,12,248,17,369,California
Alpine,2021-03-04,13,630,1,24,12,606,0,0,12,132,1,249,12,381,California
Alpine,2021-03-05,30,660,0,24,30,636,0,0,22,146,8,257,22,403,California
Alpine,2021-03-08,31,691,0,24,31,667,0,0,29,173,2,259,29,432,California
Alpine,2021-03-10,75,766,0,24,75,742,0,0,75,248,0,259,75,507,California
Alpine,2021-03-11,36,802,0,24,36,778,0,0,32,277,3,262,32,539,California
Alpine,2021-03-12,21,823,0,24,21,799,0,0,19,294,2,264,19,558,California
Alpine,2021-03-15,21,844,1,25,20,819,0,0,20,313,1,265,20,578,California
Alpine,2021-03-17,22,866,0,25,21,840,1,1,18,328,4,269,19,597,California
Alpine,2021-03-18,40,906,3,28,37,877,0,1,37,362,3,272,37,634,California
Alpine,2021-03-19,2,908,1,29,1,878,0,1,1,362,1,273,1,635,California
Alpine,2021-03-22,25,933,0,29,25,903,0,1,15,367,10,283,15,650,California
Alpine,2021-03-24,19,952,0,29,19,922,0,1,9,366,10,293,9,659,California
Alpine,2021-03-25,38,990,1,30,36,958,1,2,31,391,7,300,32,691,California
Alpine,2021-03-28,1,991,1,31,0,958,0,2,1,392,0,300,1,692,California
Alpine,2021-03-29,20,1011,0,31,19,977,1,3,3,379,17,317,4,696,California
Alpine,2021-04-01,18,1029,0,31,18,995,0,3,8,377,10,327,8,704,California
Alpine,2021-04-02,101,1130,1,32,100,1095,0,3,48,373,52,379,48,752,California
Alpine,2021-04-05,4,1134,1,33,3,1098,0,3,0,369,4,383,0,752,California
Alpine,2021-04-06,3,1137,2,35,1,1099,0,3,2,370,1,384,2,754,California
Alpine,2021-04-07,18,1155,0,35,17,1116,1,4,15,384,3,387,17,771,California
Alpine,2021-04-08,42,1197,0,35,42,1158,0,4,15,372,27,414,15,786,California
Amador,2020-12-16,2,2,2,2,0,0,0,0,2,2,0,0,2,2,California
Amador,2020-12-17,5,7,5,7,0,0,0,0,5,7,0,0,5,7,California
Amador,2020-12-18,44,51,44,51,0,0,0,0,44,51,0,0,44,51,California
Amador,2020-12-19,17,68,17,68,0,0,0,0,17,68,0,0,17,68,California
Amador,2020-12-20,4,72,4,72,0,0,0,0,4,72,0,0,4,72,California
Amador,2020-12-21,33,105,33,105,0,0,0,0,33,105,0,0,33,105,California
Amador,2020-12-22,35,140,34,139,1,1,0,0,35,140,0,0,35,140,California
Amador,2020-12-23,39,179,38,177,1,2,0,0,39,179,0,0,39,179,California
Amador,2020-12-24,5,184,3,180,2,4,0,0,5,184,0,0,5,184,California
Amador,2020-12-26,6,190,5,185,1,5,0,0,6,190,0,0,6,190,California
Amador,2020-12-27,1,191,0,185,1,6,0,0,1,191,0,0,1,191,California
Amador,2020-12-28,31,222,27,212,4,10,0,0,31,222,0,0,31,222,California
Amador,2020-12-29,26,248,19,231,7,17,0,0,26,248,0,0,26,248,California
Amador,2020-12-30,121,369,75,306,46,63,0,0,121,369,0,0,121,369,California
Amador,2020-12-31,193,562,168,474,25,88,0,0,193,562,0,0,193,562,California
Amador,2021-01-01,1,563,0,474,1,89,0,0,1,563,0,0,1,563,California
Amador,2021-01-02,56,619,56,530,0,89,0,0,56,619,0,0,56,619,California
Amador,2021-01-03,65,684,17,547,48,137,0,0,65,684,0,0,65,684,California
Amador,2021-01-04,125,809,1,548,124,261,0,0,124,807,1,1,124,808,California
Amador,2021-01-05,33,842,3,551,30,291,0,0,31,837,2,3,32,840,California
Amador,2021-01-06,40,882,10,561,30,321,0,0,36,869,4,7,36,876,California
Amador,2021-01-07,227,1109,68,629,159,480,0,0,215,1072,12,19,215,1091,California
Amador,2021-01-08,84,1193,70,699,14,494,0,0,40,1069,44,63,41,1132,California
Amador,2021-01-09,11,1204,11,710,0,494,0,0,2,1062,9,72,2,1134,California
Amador,2021-01-10,7,1211,5,715,2,496,0,0,3,1061,4,76,3,1137,California
Amador,2021-01-11,124,1335,44,759,80,576,0,0,89,1115,35,111,89,1226,California
Amador,2021-01-12,62,1397,48,807,14,590,0,0,39,1131,23,134,39,1265,California
Amador,2021-01-13,39,1436,24,831,15,605,0,0,26,1144,13,147,26,1291,California
Amador,2021-01-14,146,1582,20,851,126,731,0,0,136,1270,10,157,136,1427,California
Amador,2021-01-15,54,1636,23,874,31,762,0,0,47,1310,7,164,47,1474,California
Amador,2021-01-16,19,1655,12,886,7,769,0,0,13,1318,6,170,14,1488,California
Amador,2021-01-17,25,1680,5,891,20,789,0,0,25,1343,0,170,25,1513,California
Amador,2021-01-18,31,1711,27,918,4,793,0,0,9,1330,22,192,9,1522,California
Amador,2021-01-19,119,1830,96,1014,23,816,0,0,76,1363,43,235,76,1598,California
Amador,2021-01-20,181,2011,32,1046,149,965,0,0,166,1515,14,249,166,1764,California
Amador,2021-01-21,253,2264,222,1268,31,996,0,0,144,1550,109,358,144,1908,California
Amador,2021-01-22,132,2396,71,1339,61,1057,0,0,126,1670,6,364,126,2034,California
Amador,2021-01-23,52,2448,32,1371,20,1077,0,0,50,1718,2,366,50,2084,California
Amador,2021-01-24,28,2476,12,1383,16,1093,0,0,25,1740,3,369,25,2109,California
Amador,2021-01-25,58,2534,28,1411,30,1123,0,0,41,1764,17,386,41,2150,California
Amador,2021-01-26,243,2777,16,1427,227,1350,0,0,233,1987,10,396,233,2383,California
Amador,2021-01-27,295,3072,29,1456,266,1616,0,0,248,2191,45,441,249,2632,California
Amador,2021-01-28,345,3417,76,1532,269,1885,0,0,284,2415,61,502,285,2917,California
Amador,2021-01-29,95,3512,30,1562,65,1950,0,0,80,2480,15,517,80,2997,California
Amador,2021-01-30,166,3678,32,1594,134,2084,0,0,161,2636,5,522,161,3158,California
Amador,2021-01-31,32,3710,28,1622,4,2088,0,0,31,2666,1,523,31,3189,California
Amador,2021-02-01,63,3773,23,1645,40,2128,0,0,36,2675,27,550,36,3225,California
Amador,2021-02-02,215,3988,65,1710,150,2278,0,0,127,2718,84,634,127,3352,California
Amador,2021-02-03,141,4129,38,1748,103,2381,0,0,90,2758,50,684,90,3442,California
Amador,2021-02-04,247,4376,71,1819,176,2557,0,0,162,2837,85,769,164,3606,California
Amador,2021-02-05,328,4704,61,1880,267,2824,0,0,313,3135,15,784,313,3919,California
Amador,2021-02-06,98,4802,79,1959,19,2843,0,0,94,3225,4,788,94,4013,California
Amador,2021-02-07,38,4840,35,1994,3,2846,0,0,35,3257,3,791,35,4048,California
Amador,2021-02-08,91,4931,63,2057,28,2874,0,0,73,3312,18,809,73,4121,California
Amador,2021-02-09,171,5102,82,2139,89,2963,0,0,108,3357,63,872,108,4229,California
Amador,2021-02-10,714,5816,78,2217,636,3599,0,0,681,4005,33,905,681,4910,California
Amador,2021-02-11,303,6119,118,2335,185,3784,0,0,198,4099,104,1009,198,5108,California
Amador,2021-02-12,320,6439,117,2452,203,3987,0,0,249,4277,71,1080,249,5357,California
Amador,2021-02-13,164,6603,81,2533,83,4070,0,0,138,4389,26,1106,138,5495,California
Amador,2021-02-14,123,6726,54,2587,69,4139,0,0,106,4478,17,1123,106,5601,California
Amador,2021-02-15,186,6912,59,2646,127,4266,0,0,169,4631,16,1139,169,5770,California
Amador,2021-02-16,408,7320,51,2697,357,4623,0,0,371,4966,37,1176,372,6142,California
Amador,2021-02-17,258,7578,80,2777,178,4801,0,0,163,5034,95,1271,163,6305,California
Amador,2021-02-18,398,7976,98,2875,300,5101,0,0,336,5309,62,1333,337,6642,California
Amador,2021-02-19,191,8167,76,2951,115,5216,0,0,110,5338,81,1414,110,6752,California
Amador,2021-02-20,91,8258,29,2980,62,5278,0,0,64,5375,27,1441,64,6816,California
Amador,2021-02-21,45,8303,34,3014,11,5289,0,0,15,5360,30,1471,15,6831,California
Amador,2021-02-22,63,8366,24,3038,39,5328,0,0,32,5362,30,1501,32,6863,California
Amador,2021-02-23,316,8682,55,3093,261,5589,0,0,137,5321,179,1680,138,7001,California
Amador,2021-02-24,396,9078,55,3148,341,5930,0,0,268,5465,124,1804,268,7269,California
Amador,2021-02-25,517,9595,110,3258,407,6337,0,0,280,5509,236,2040,280,7549,California
Amador,2021-02-26,606,10201,75,3333,531,6868,0,0,503,5910,103,2143,504,8053,California
Amador,2021-02-27,288,10489,90,3423,198,7066,0,0,102,5829,185,2328,104,8157,California
Amador,2021-02-28,100,10589,51,3474,49,7115,0,0,55,5842,45,2373,58,8215,California
Amador,2021-03-01,193,10782,66,3540,127,7242,0,0,124,5898,69,2442,125,8340,California
Amador,2021-03-02,385,11167,61,3601,324,7566,0,0,335,6184,50,2492,336,8676,California
Amador,2021-03-03,242,11409,77,3678,165,7731,0,0,167,6278,74,2566,168,8844,California
Amador,2021-03-04,499,11908,117,3795,382,8113,0,0,397,6573,102,2668,397,9241,California
Amador,2021-03-05,514,12422,75,3870,439,8552,0,0,298,6658,215,2883,300,9541,California
Amador,2021-03-06,97,12519,43,3913,53,8605,1,1,54,6670,43,2926,55,9596,California
Amador,2021-03-07,61,12580,42,3955,19,8624,0,1,18,6645,43,2969,18,9614,California
Amador,2021-03-08,154,12734,70,4025,83,8707,1,2,93,6678,61,3030,94,9708,California
Amador,2021-03-09,371,13105,47,4072,324,9031,0,2,312,6934,56,3086,312,10020,California
Amador,2021-03-10,506,13611,74,4146,431,9462,1,3,243,6917,263,3349,246,10266,California
Amador,2021-03-11,470,14081,112,4258,347,9809,11,14,329,7119,141,3490,343,10609,California
Amador,2021-03-12,562,14643,64,4322,490,10299,8,22,350,7271,211,3701,363,10972,California
Amador,2021-03-13,103,14746,17,4339,79,10378,7,29,68,7315,35,3736,79,11051,California
Amador,2021-03-14,88,14834,18,4357,67,10445,3,32,20,7270,68,3804,23,11074,California
Amador,2021-03-15,186,15020,23,4380,150,10595,13,45,56,7211,130,3934,71,11145,California
Amador,2021-03-16,455,15475,55,4435,390,10985,10,55,193,7154,260,4194,203,11348,California
Amador,2021-03-17,192,15667,40,4475,149,11134,3,58,120,7206,72,4266,124,11472,California
Amador,2021-03-18,473,16140,97,4572,372,11506,4,62,253,7246,219,4485,259,11731,California
Amador,2021-03-19,543,16683,57,4629,469,11975,17,79,396,7517,145,4630,416,12147,California
Amador,2021-03-20,110,16793,47,4676,62,12037,1,80,46,7503,63,4693,49,12196,California
Amador,2021-03-21,48,16841,34,4710,13,12050,1,81,31,7521,16,4709,34,12230,California
Amador,2021-03-22,114,16955,34,4744,51,12101,29,110,49,7534,65,4774,78,12308,California
Amador,2021-03-23,439,17394,47,4791,384,12485,8,118,283,7671,154,4928,291,12599,California
Amador,2021-03-24,346,17740,36,4827,57,12542,253,371,39,7657,306,5234,292,12891,California
Amador,2021-03-25,600,18340,79,4906,515,13057,6,377,391,7846,208,5442,397,13288,California
Amador,2021-03-26,736,19076,40,4946,691,13748,5,382,289,7698,446,5888,298,13586,California
Amador,2021-03-27,91,19167,14,4960,75,13823,2,384,27,7665,64,5952,31,13617,California
Amador,2021-03-28,68,19235,15,4975,51,13874,2,386,14,7627,54,6006,16,13633,California
Amador,2021-03-29,184,19419,27,5002,156,14030,1,387,82,7615,100,6106,88,13721,California
Amador,2021-03-30,536,19955,26,5028,509,14539,1,388,301,7682,235,6341,302,14023,California
Amador,2021-03-31,211,20166,59,5087,147,14686,5,393,48,7572,163,6504,53,14076,California
Amador,2021-04-01,610,20776,83,5170,527,15213,0,393,268,7501,341,6845,270,14346,California
Amador,2021-04-02,605,21381,32,5202,561,15774,12,405,383,7676,221,7066,396,14742,California
Amador,2021-04-03,80,21461,17,5219,43,15817,20,425,21,7659,59,7125,42,14784,California
Amador,2021-04-04,38,21499,2,5221,30,15847,6,431,16,7659,22,7147,22,14806,California
Amador,2021-04-05,140,21639,43,5264,80,15927,17,448,44,7625,96,7243,62,14868,California
Amador,2021-04-06,490,22129,37,5301,434,16361,19,467,220,7595,269,7512,239,15107,California
Amador,2021-04-07,82,22211,33,5334,35,16396,14,481,36,7600,45,7557,50,15157,California
Amador,2021-04-08,74,22285,33,5367,23,16419,18,499,16,7577,58,7615,35,15192,California
Butte,2020-12-16,3,3,3,3,0,0,0,0,3,3,0,0,3,3,California
Butte,2020-12-17,21,24,21,24,0,0,0,0,21,24,0,0,21,24,California
Butte,2020-12-18,50,74,50,74,0,0,0,0,50,74,0,0,50,74,California
Butte,2020-12-19,7,81,7,81,0,0,0,0,7,81,0,0,7,81,California
Butte,2020-12-20,10,91,10,91,0,0,0,0,10,91,0,0,10,91,California
Butte,2020-12-21,632,723,632,723,0,0,0,0,632,723,0,0,632,723,California
Butte,2020-12-22,618,1341,616,1339,2,2,0,0,618,1341,0,0,618,1341,California
Butte,2020-12-23,870,2211,854,2193,16,18,0,0,870,2211,0,0,870,2211,California
Butte,2020-12-24,160,2371,157,2350,3,21,0,0,160,2371,0,0,160,2371,California
Butte,2020-12-26,93,2464,91,2441,2,23,0,0,93,2464,0,0,93,2464,California
Butte,2020-12-27,35,2499,34,2475,1,24,0,0,35,2499,0,0,35,2499,California
Butte,2020-12-28,279,2778,273,2748,6,30,0,0,279,2778,0,0,279,2778,California
Butte,2020-12-29,204,2982,180,2928,24,54,0,0,204,2982,0,0,204,2982,California
Butte,2020-12-30,500,3482,289,3217,211,265,0,0,500,3482,0,0,500,3482,California
Butte,2020-12-31,212,3694,18,3235,194,459,0,0,212,3694,0,0,212,3694,California
Butte,2021-01-01,8,3702,1,3236,7,466,0,0,8,3702,0,0,8,3702,California
Butte,2021-01-02,37,3739,36,3272,1,467,0,0,37,3739,0,0,37,3739,California
Butte,2021-01-03,4,3743,1,3273,3,470,0,0,4,3743,0,0,4,3743,California
Butte,2021-01-04,208,3951,174,3447,34,504,0,0,208,3951,0,0,208,3951,California
Butte,2021-01-05,193,4144,150,3597,43,547,0,0,192,4142,1,1,192,4143,California
Butte,2021-01-06,623,4767,396,3993,227,774,0,0,618,4756,5,6,619,4762,California
Butte,2021-01-07,759,5526,369,4362,390,1164,0,0,739,5475,20,26,739,5501,California
Butte,2021-01-08,570,6096,529,4891,41,1205,0,0,524,5953,46,72,524,6025,California
Butte,2021-01-09,12,6108,7,4898,5,1210,0,0,7,5955,5,77,7,6032,California
Butte,2021-01-10,19,6127,5,4903,14,1224,0,0,14,5964,5,82,14,6046,California
Butte,2021-01-11,986,7113,950,5853,36,1260,0,0,358,5697,628,710,361,6407,California
Butte,2021-01-12,696,7809,651,6504,45,1305,0,0,273,5547,423,1133,273,6680,California
Butte,2021-01-13,1451,9260,956,7460,495,1800,0,0,616,5330,835,1968,618,7298,California
Butte,2021-01-14,1637,10897,896,8356,741,2541,0,0,1440,6574,196,2164,1440,8738,California
Butte,2021-01-15,1170,12067,926,9282,244,2785,0,0,1060,7523,111,2275,1060,9798,California
Butte,2021-01-16,585,12652,300,9582,285,3070,0,0,540,8018,45,2320,540,10338,California
Butte,2021-01-17,239,12891,64,9646,175,3245,0,0,202,8183,37,2357,202,10540,California
Butte,2021-01-18,343,13234,303,9949,40,3285,0,0,274,8389,68,2425,274,10814,California
Butte,2021-01-19,489,13723,426,10375,63,3348,0,0,217,8334,272,2697,217,11031,California
Butte,2021-01-20,1345,15068,663,11038,682,4030,0,0,1045,9079,300,2997,1045,12076,California
Butte,2021-01-21,1473,16541,865,11903,608,4638,0,0,1367,10341,105,3102,1367,13443,California
Butte,2021-01-22,990,17531,333,12236,657,5295,0,0,937,11225,53,3155,937,14380,California
Butte,2021-01-23,125,17656,82,12318,43,5338,0,0,100,11300,25,3180,100,14480,California
Butte,2021-01-24,8,17664,6,12324,2,5340,0,0,8,11308,0,3180,8,14488,California
Butte,2021-01-25,651,18315,335,12659,316,5656,0,0,488,11633,163,3343,488,14976,California
Butte,2021-01-26,1460,19775,376,13035,1084,6740,0,0,1324,12821,136,3479,1324,16300,California
Butte,2021-01-27,2078,21853,705,13740,1373,8113,0,0,1362,13468,715,4194,1362,17662,California
Butte,2021-01-28,2258,24111,258,13998,2000,10113,0,0,1948,15107,309,4503,1948,19610,California
Butte,2021-01-29,1673,25784,487,14485,1186,11299,0,0,1294,16023,378,4881,1294,20904,California
Butte,2021-01-30,31,25815,9,14494,22,11321,0,0,28,16048,3,4884,28,20932,California
Butte,2021-01-31,17,25832,15,14509,2,11323,0,0,16,16063,1,4885,16,20948,California
Butte,2021-02-01,1743,27575,405,14914,1338,12661,0,0,1357,17036,384,5269,1357,22305,California
Butte,2021-02-02,1930,29505,362,15276,1568,14229,0,0,1627,18359,304,5573,1627,23932,California
Butte,2021-02-03,2733,32238,772,16048,1961,16190,0,0,1844,19316,887,6460,1844,25776,California
Butte,2021-02-04,2955,35193,325,16373,2630,18820,0,0,2400,21163,553,7013,2400,28176,California
Butte,2021-02-05,1164,36357,661,17034,503,19323,0,0,536,21072,628,7641,537,28713,California
Butte,2021-02-06,144,36501,102,17136,42,19365,0,0,62,21052,82,7723,62,28775,California
Butte,2021-02-07,38,36539,34,17170,4,19369,0,0,14,21042,24,7747,14,28789,California
Butte,2021-02-08,690,37229,541,17711,149,19518,0,0,239,20830,451,8198,239,29028,California
Butte,2021-02-09,947,38176,455,18166,492,20010,0,0,721,21325,226,8424,721,29749,California
Butte,2021-02-10,1706,39882,1189,19355,517,20527,0,0,697,21014,1008,9432,697,30446,California
Butte,2021-02-11,2197,42079,1347,20702,850,21377,0,0,1003,20823,1194,10626,1003,31449,California
Butte,2021-02-12,864,42943,299,21001,565,21942,0,0,317,20594,546,11172,317,31766,California
Butte,2021-02-13,250,43193,45,21046,205,22147,0,0,148,20640,102,11274,148,31914,California
Butte,2021-02-14,160,43353,9,21055,151,22298,0,0,155,20790,5,11279,155,32069,California
Butte,2021-02-15,261,43614,48,21103,213,22511,0,0,199,20927,62,11341,199,32268,California
Butte,2021-02-16,731,44345,428,21531,303,22814,0,0,274,20744,457,11798,274,32542,California
Butte,2021-02-17,1513,45858,846,22377,667,23481,0,0,840,20913,671,12469,840,33382,California
Butte,2021-02-18,1550,47408,759,23136,791,24272,0,0,746,20855,804,13273,746,34128,California
Butte,2021-02-19,1164,48572,387,23523,777,25049,0,0,400,20496,759,14032,400,34528,California
Butte,2021-02-20,473,49045,28,23551,445,25494,0,0,120,20264,352,14384,120,34648,California
Butte,2021-02-21,15,49060,13,23564,2,25496,0,0,11,20271,4,14388,11,34659,California
Butte,2021-02-22,1492,50552,296,23860,1196,26692,0,0,385,19550,1106,15494,385,35044,California
Butte,2021-02-23,1632,52184,298,24158,1334,28026,0,0,462,18847,1165,16659,462,35506,California
Butte,2021-02-24,2128,54312,595,24753,1533,29559,0,0,730,18187,1390,18049,730,36236,California
Butte,2021-02-25,2074,56386,577,25330,1497,31056,0,0,656,17429,1415,19464,657,36893,California
Butte,2021-02-26,920,57306,312,25642,608,31664,0,0,399,17310,518,19982,399,37292,California
Butte,2021-02-27,233,57539,47,25689,186,31850,0,0,186,17451,45,20027,186,37478,California
Butte,2021-02-28,142,57681,19,25708,123,31973,0,0,133,17575,9,20036,133,37611,California
Butte,2021-03-01,1619,59300,177,25885,1441,33414,1,1,327,16612,1291,21327,328,37939,California
Butte,2021-03-02,1731,61031,191,26076,1540,34954,0,1,302,15488,1426,22753,302,38241,California
Butte,2021-03-03,2754,63785,831,26907,1923,36877,0,1,470,13675,2283,25036,470,38711,California
Butte,2021-03-04,3116,66901,658,27565,2458,39335,0,1,609,11778,2506,27542,609,39320,California
Butte,2021-03-05,1323,68224,601,28166,721,40056,1,2,718,11895,602,28144,719,40039,California
Butte,2021-03-06,244,68468,27,28193,194,40250,23,25,184,12043,59,28203,207,40246,California
Butte,2021-03-07,56,68524,3,28196,36,40286,17,42,30,12064,26,28229,47,40293,California
Butte,2021-03-08,1262,69786,127,28323,1058,41344,77,119,1099,13079,161,28390,1176,41469,California
Butte,2021-03-09,1891,71677,276,28599,1512,42856,103,222,1408,14108,482,28872,1511,42980,California
Butte,2021-03-10,2316,73993,965,29564,1251,44107,100,322,1580,15056,731,29603,1679,44659,California
Butte,2021-03-11,2797,76790,1308,30872,1365,45472,124,446,1977,16347,810,30413,2101,46760,California
Butte,2021-03-12,1126,77916,323,31195,457,45929,346,792,353,16280,766,31179,699,47459,California
Butte,2021-03-13,242,78158,69,31264,126,46055,47,839,63,16211,179,31358,110,47569,California
Butte,2021-03-14,159,78317,15,31279,102,46157,42,881,21,16137,137,31495,63,47632,California
Butte,2021-03-15,1714,80031,359,31638,1061,47218,294,1175,1124,16966,589,32084,1418,49050,California
Butte,2021-03-16,1625,81656,415,32053,1132,48350,78,1253,1083,17587,539,32623,1160,50210,California
Butte,2021-03-17,1938,83594,1351,33404,506,48856,81,1334,1121,17977,811,33434,1201,51411,California
Butte,2021-03-18,1795,85389,1451,34855,213,49069,131,1465,1051,18419,739,34173,1181,52592,California
Butte,2021-03-19,690,86079,311,35166,295,49364,84,1549,341,18500,344,34517,425,53017,California
Butte,2021-03-20,198,86277,33,35199,149,49513,16,1565,88,18494,110,34627,104,53121,California
Butte,2021-03-21,57,86334,25,35224,3,49516,29,1594,15,18496,42,34669,44,53165,California
Butte,2021-03-22,1458,87792,352,35576,1012,50528,94,1688,1194,19523,261,34930,1288,54453,California
Butte,2021-03-23,1794,89586,487,36063,1193,51721,114,1802,1453,20750,340,35270,1567,56020,California
Butte,2021-03-24,2236,91822,1255,37318,855,52576,126,1928,1693,22030,538,35808,1818,57838,California
Butte,2021-03-25,1457,93279,1178,38496,190,52766,89,2017,997,22659,457,36265,1086,58924,California
Butte,2021-03-26,1198,94477,434,38930,518,53284,246,2263,559,22832,632,36897,805,59729,California
Butte,2021-03-27,300,94777,84,39014,192,53476,24,2287,133,22824,164,37061,156,59885,California
Butte,2021-03-28,223,95000,43,39057,172,53648,8,2295,99,22809,121,37182,106,59991,California
Butte,2021-03-29,1718,96718,379,39436,1269,54917,70,2365,1307,23778,408,37590,1377,61368,California
Butte,2021-03-30,1030,97748,465,39901,473,55390,92,2457,492,23828,534,38124,584,61952,California
Butte,2021-03-31,1769,99517,1300,41201,403,55793,66,2523,1091,24310,675,38799,1157,63109,California
Butte,2021-04-01,3268,102785,2654,43855,487,56280,127,2650,2203,25581,1060,39859,2331,65440,California
Butte,2021-04-02,994,103779,413,44268,463,56743,118,2768,566,25845,419,40278,683,66123,California
Butte,2021-04-03,342,104121,46,44314,222,56965,74,2842,164,25905,178,40456,238,66361,California
Butte,2021-04-04,185,104306,22,44336,140,57105,23,2865,108,25960,76,40532,131,66492,California
Butte,2021-04-05,1932,106238,412,44748,1368,58473,152,3017,600,25385,1326,41858,751,67243,California
Butte,2021-04-06,2145,108383,607,45355,1137,59610,401,3418,771,25188,1367,43225,1170,68413,California
Butte,2021-04-07,2871,111254,1227,46582,1284,60894,360,3778,623,23925,2246,45471,983,69396,California
Butte,2021-04-08,2025,113279,1096,47678,835,61729,94,3872,317,22633,1703,47174,411,69807,California
Calaveras,2020-12-16,5,5,5,5,0,0,0,0,5,5,0,0,5,5,California
Calaveras,2020-12-17,3,8,3,8,0,0,0,0,3,8,0,0,3,8,California
Calaveras,2020-12-18,38,46,38,46,0,0,0,0,38,46,0,0,38,46,California
Calaveras,2020-12-19,3,49,3,49,0,0,0,0,3,49,0,0,3,49,California
Calaveras,2020-12-20,3,52,3,52,0,0,0,0,3,52,0,0,3,52,California
Calaveras,2020-12-21,55,107,48,100,7,7,0,0,55,107,0,0,55,107,California
Calaveras,2020-12-22,80,187,76,176,4,11,0,0,81,188,0,0,81,188,California
Calaveras,2020-12-23,76,263,74,250,2,13,0,0,85,273,0,0,85,273,California
Calaveras,2020-12-24,2,265,2,252,0,13,0,0,2,275,0,0,2,275,California
Calaveras,2020-12-26,3,268,3,255,0,13,0,0,3,278,0,0,3,278,California
Calaveras,2020-12-28,22,290,18,273,4,17,0,0,21,298,1,1,21,299,California
Calaveras,2020-12-29,166,456,147,420,19,36,0,0,166,464,0,1,166,465,California
Calaveras,2020-12-30,94,550,82,502,12,48,0,0,94,558,0,1,94,559,California
Calaveras,2020-12-31,35,585,25,527,10,58,0,0,35,593,0,1,35,594,California
Calaveras,2021-01-02,11,596,11,538,0,58,0,0,11,604,0,1,11,605,California
Calaveras,2021-01-03,8,604,3,541,5,63,0,0,8,612,0,1,8,613,California
Calaveras,2021-01-04,33,637,5,546,28,91,0,0,33,645,0,1,33,646,California
Calaveras,2021-01-05,41,678,10,556,31,122,0,0,35,677,8,9,40,686,California
Calaveras,2021-01-06,109,787,30,586,79,201,0,0,99,766,10,19,99,785,California
Calaveras,2021-01-07,106,893,27,613,79,280,0,0,94,850,11,30,95,880,California
Calaveras,2021-01-08,69,962,38,651,31,311,0,0,46,874,23,53,47,927,California
Calaveras,2021-01-09,5,967,5,656,0,311,0,0,2,873,3,56,2,929,California
Calaveras,2021-01-10,2,969,0,656,2,313,0,0,2,875,0,56,2,931,California
Calaveras,2021-01-11,65,1034,59,715,6,319,0,0,28,868,36,92,29,960,California
Calaveras,2021-01-12,86,1120,53,768,33,352,0,0,54,890,32,124,54,1014,California
Calaveras,2021-01-13,107,1227,43,811,64,416,0,0,74,932,33,157,75,1089,California
Calaveras,2021-01-14,135,1362,40,851,95,511,0,0,102,1002,32,189,102,1191,California
Calaveras,2021-01-15,113,1475,51,902,62,573,0,0,87,1063,26,215,87,1278,California
Calaveras,2021-01-16,12,1487,2,904,10,583,0,0,11,1073,1,216,11,1289,California
Calaveras,2021-01-17,10,1497,1,905,9,592,0,0,10,1083,0,216,10,1299,California
Calaveras,2021-01-18,132,1629,20,925,112,704,0,0,119,1192,13,229,122,1421,California
Calaveras,2021-01-19,202,1831,172,1097,30,734,0,0,62,1116,138,367,62,1483,California
Calaveras,2021-01-20,392,2223,79,1176,313,1047,0,0,308,1349,83,450,316,1799,California
Calaveras,2021-01-21,461,2684,39,1215,422,1469,0,0,434,1762,27,477,440,2239,California
Calaveras,2021-01-22,430,3114,22,1237,408,1877,0,0,420,2179,10,487,427,2666,California
Calaveras,2021-01-23,22,3136,10,1247,12,1889,0,0,18,2193,4,491,18,2684,California
Calaveras,2021-01-24,14,3150,8,1255,6,1895,0,0,12,2203,2,493,12,2696,California
Calaveras,2021-01-25,121,3271,7,1262,114,2009,0,0,116,2314,5,498,116,2812,California
Calaveras,2021-01-26,49,3320,18,1280,31,2040,0,0,38,2341,11,509,38,2850,California
Calaveras,2021-01-27,160,3480,44,1324,116,2156,0,0,133,2448,26,535,133,2983,California
Calaveras,2021-01-28,164,3644,22,1346,142,2298,0,0,140,2567,24,559,143,3126,California
Calaveras,2021-01-29,443,4087,33,1379,410,2708,0,0,423,2977,20,579,430,3556,California
Calaveras,2021-01-30,28,4115,10,1389,18,2726,0,0,26,3003,0,579,26,3582,California
Calaveras,2021-01-31,4,4119,2,1391,2,2728,0,0,3,3005,1,580,3,3585,California
Calaveras,2021-02-01,53,4172,41,1432,12,2740,0,0,34,3020,19,599,34,3619,California
Calaveras,2021-02-02,110,4282,24,1456,86,2826,0,0,72,3059,34,633,73,3692,California
Calaveras,2021-02-03,440,4722,44,1500,396,3222,0,0,356,3333,83,716,357,4049,California
Calaveras,2021-02-04,376,5098,23,1523,353,3575,0,0,295,3547,81,797,295,4344,California
Calaveras,2021-02-05,80,5178,23,1546,57,3632,0,0,41,3550,39,836,42,4386,California
Calaveras,2021-02-06,22,5200,13,1559,9,3641,0,0,22,3572,0,836,22,4408,California
Calaveras,2021-02-07,4,5204,1,1560,3,3644,0,0,2,3572,2,838,2,4410,California
Calaveras,2021-02-08,39,5243,18,1578,21,3665,0,0,31,3597,6,844,31,4441,California
Calaveras,2021-02-09,208,5451,92,1670,116,3781,0,0,147,3688,56,900,147,4588,California
Calaveras,2021-02-10,506,5957,28,1698,478,4259,0,0,440,4063,66,966,441,5029,California
Calaveras,2021-02-11,578,6535,75,1773,503,4762,0,0,471,4430,105,1071,472,5501,California
Calaveras,2021-02-12,565,7100,323,2096,242,5004,0,0,492,4851,72,1143,493,5994,California
Calaveras,2021-02-13,192,7292,37,2133,155,5159,0,0,177,5013,15,1158,177,6171,California
Calaveras,2021-02-14,216,7508,72,2205,144,5303,0,0,202,5201,14,1172,202,6373,California
Calaveras,2021-02-15,378,7886,21,2226,357,5660,0,0,261,5348,114,1286,261,6634,California
Calaveras,2021-02-16,299,8185,173,2399,126,5786,0,0,242,5533,57,1343,242,6876,California
Calaveras,2021-02-17,524,8709,35,2434,489,6275,0,0,210,5437,307,1650,211,7087,California
Calaveras,2021-02-18,495,9204,89,2523,406,6681,0,0,98,5147,388,2038,98,7185,California
Calaveras,2021-02-19,437,9641,43,2566,394,7075,0,0,96,4911,332,2370,96,7281,California
Calaveras,2021-02-20,58,9699,14,2580,44,7119,0,0,47,4947,11,2381,47,7328,California
Calaveras,2021-02-21,20,9719,12,2592,8,7127,0,0,18,4963,2,2383,18,7346,California
Calaveras,2021-02-22,64,9783,40,2632,24,7151,0,0,34,4967,30,2413,34,7380,California
Calaveras,2021-02-23,150,9933,68,2700,82,7233,0,0,101,5020,49,2462,102,7482,California
Calaveras,2021-02-24,96,10029,46,2746,50,7283,0,0,66,5056,30,2492,66,7548,California
Calaveras,2021-02-25,550,10579,97,2843,453,7736,0,0,360,5229,187,2679,360,7908,California
Calaveras,2021-02-26,685,11264,45,2888,640,8376,0,0,369,5297,303,2982,371,8279,California
Calaveras,2021-02-27,202,11466,21,2909,181,8557,0,0,178,5451,24,3006,178,8457,California
Calaveras,2021-02-28,95,11561,15,2924,80,8637,0,0,91,5538,4,3010,91,8548,California
Calaveras,2021-03-01,274,11835,59,2983,215,8852,0,0,147,5560,126,3136,148,8696,California
Calaveras,2021-03-02,240,12075,90,3073,150,9002,0,0,200,5722,39,3175,201,8897,California
Calaveras,2021-03-03,498,12573,100,3173,398,9400,0,0,206,5638,290,3465,206,9103,California
Calaveras,2021-03-04,758,13331,60,3233,698,10098,0,0,344,5574,410,3875,346,9449,California
Calaveras,2021-03-05,457,13788,269,3502,183,10281,5,5,143,5410,312,4187,148,9597,California
Calaveras,2021-03-06,155,13943,43,3545,106,10387,6,11,121,5503,34,4221,127,9724,California
Calaveras,2021-03-07,76,14019,32,3577,36,10423,8,19,34,5504,42,4263,43,9767,California
Calaveras,2021-03-08,157,14176,25,3602,125,10548,7,26,125,5604,32,4295,132,9899,California
Calaveras,2021-03-09,374,14550,150,3752,218,10766,6,32,38,5315,333,4628,44,9943,California
Calaveras,2021-03-10,399,14949,24,3776,372,11138,3,35,43,5007,354,4982,46,9989,California
Calaveras,2021-03-11,836,15785,411,4187,412,11550,13,48,422,5030,412,5394,435,10424,California
Calaveras,2021-03-12,384,16169,210,4397,164,11714,10,58,318,5295,66,5460,331,10755,California
Calaveras,2021-03-13,164,16333,16,4413,140,11854,8,66,133,5407,31,5491,143,10898,California
Calaveras,2021-03-14,151,16484,10,4423,140,11994,1,67,18,5300,133,5624,26,10924,California
Calaveras,2021-03-15,328,16812,47,4470,255,12249,26,93,51,5104,277,5901,81,11005,California
Calaveras,2021-03-16,707,17519,570,5040,117,12366,20,113,553,5524,153,6054,573,11578,California
Calaveras,2021-03-17,274,17793,51,5091,211,12577,12,125,49,5362,224,6278,62,11640,California
Calaveras,2021-03-18,663,18456,568,5659,80,12657,15,140,547,5809,116,6394,563,12203,California
Calaveras,2021-03-19,228,18684,47,5706,108,12765,73,213,55,5767,170,6564,128,12331,California
Calaveras,2021-03-20,81,18765,21,5727,59,12824,1,214,26,5740,55,6619,28,12359,California
Calaveras,2021-03-21,48,18813,31,5758,6,12830,11,225,13,5729,35,6654,24,12383,California
Calaveras,2021-03-22,79,18892,36,5794,22,12852,21,246,27,5725,52,6706,48,12431,California
Calaveras,2021-03-23,302,19194,218,6012,74,12926,10,256,124,5686,173,6879,134,12565,California
Calaveras,2021-03-24,132,19326,49,6061,73,12999,10,266,47,5658,85,6964,57,12622,California
Calaveras,2021-03-25,733,20059,100,6161,631,13630,2,268,444,5818,287,7251,447,13069,California
Calaveras,2021-03-26,422,20481,25,6186,391,14021,6,274,88,5582,332,7583,96,13165,California
Calaveras,2021-03-27,210,20691,18,6204,188,14209,4,278,37,5456,170,7753,44,13209,California
Calaveras,2021-03-28,108,20799,11,6215,95,14304,2,280,8,5368,99,7852,11,13220,California
Calaveras,2021-03-29,175,20974,22,6237,151,14455,2,282,59,5317,115,7967,64,13284,California
Calaveras,2021-03-30,529,21503,31,6268,482,14937,16,298,365,5535,164,8131,382,13666,California
Calaveras,2021-03-31,322,21825,142,6410,170,15107,10,308,161,5545,161,8292,171,13837,California
Calaveras,2021-04-01,671,22496,436,6846,234,15341,1,309,188,5254,482,8774,191,14028,California
Calaveras,2021-04-02,389,22885,227,7073,154,15495,8,317,115,5106,272,9046,124,14152,California
Calaveras,2021-04-03,139,23024,29,7102,107,15602,3,320,38,5046,101,9147,41,14193,California
Calaveras,2021-04-04,78,23102,25,7127,53,15655,0,320,50,5068,28,9175,50,14243,California
Calaveras,2021-04-05,213,23315,87,7214,119,15774,7,327,99,5061,114,9289,107,14350,California
Calaveras,2021-04-06,630,23945,560,7774,59,15833,11,338,93,4631,534,9823,104,14454,California
Calaveras,2021-04-07,727,24672,640,8414,59,15892,28,366,618,5169,109,9932,647,15101,California
Calaveras,2021-04-08,831,25503,788,9202,33,15925,10,376,378,5105,452,10384,388,15489,California
Colusa,2020-12-18,1,1,1,1,0,0,0,0,1,1,0,0,1,1,California
Colusa,2020-12-21,2,3,2,3,0,0,0,0,2,3,0,0,2,3,California
Colusa,2020-12-22,10,13,10,13,0,0,0,0,10,13,0,0,10,13,California
Colusa,2020-12-23,10,23,10,23,0,0,0,0,10,23,0,0,10,23,California
Colusa,2020-12-24,2,25,1,24,1,1,0,0,2,25,0,0,2,25,California
Colusa,2020-12-27,1,26,1,25,0,1,0,0,1,26,0,0,1,26,California
Colusa,2020-12-28,7,33,3,28,4,5,0,0,7,33,0,0,7,33,California
Colusa,2020-12-29,10,43,7,35,3,8,0,0,10,43,0,0,10,43,California
Colusa,2020-12-30,50,93,13,48,37,45,0,0,50,93,0,0,50,93,California
Colusa,2020-12-31,18,111,1,49,17,62,0,0,18,111,0,0,18,111,California
Colusa,2021-01-04,4,115,0,49,4,66,0,0,4,115,0,0,4,115,California
Colusa,2021-01-05,67,182,1,50,66,132,0,0,67,182,0,0,67,182,California
Colusa,2021-01-06,15,197,9,59,6,138,0,0,15,197,0,0,15,197,California
Colusa,2021-01-07,38,235,4,63,34,172,0,0,37,233,1,1,37,234,California
Colusa,2021-01-08,9,244,7,70,2,174,0,0,8,240,1,2,8,242,California
Colusa,2021-01-09,2,246,1,71,1,175,0,0,2,242,0,2,2,244,California
Colusa,2021-01-10,1,247,0,71,1,176,0,0,1,243,0,2,1,245,California
Colusa,2021-01-11,12,259,6,77,6,182,0,0,7,245,5,7,7,252,California
Colusa,2021-01-12,11,270,9,86,2,184,0,0,6,246,5,12,6,258,California
Colusa,2021-01-13,21,291,13,99,8,192,0,0,13,251,8,20,13,271,California
Colusa,2021-01-14,35,326,28,127,7,199,0,0,33,282,2,22,33,304,California
Colusa,2021-01-15,41,367,5,132,36,235,0,0,39,319,2,24,39,343,California
Colusa,2021-01-16,12,379,1,133,11,246,0,0,11,329,1,25,11,354,California
Colusa,2021-01-17,3,382,2,135,1,247,0,0,2,330,1,26,2,356,California
Colusa,2021-01-18,4,386,0,135,4,251,0,0,4,334,0,26,4,360,California
Colusa,2021-01-19,9,395,8,143,1,252,0,0,5,335,4,30,5,365,California
Colusa,2021-01-20,115,510,101,244,14,266,0,0,102,424,13,43,102,467,California
Colusa,2021-01-21,56,566,41,285,15,281,0,0,55,478,1,44,55,522,California
Colusa,2021-01-22,40,606,17,302,23,304,0,0,35,508,5,49,35,557,California
Colusa,2021-01-23,35,641,6,308,29,333,0,0,35,543,0,49,35,592,California
Colusa,2021-01-25,7,648,0,308,7,340,0,0,7,550,0,49,7,599,California
Colusa,2021-01-26,8,656,5,313,3,343,0,0,5,552,3,52,5,604,California
Colusa,2021-01-27,107,763,31,344,76,419,0,0,105,655,2,54,105,709,California
Colusa,2021-01-28,78,841,45,389,33,452,0,0,72,721,6,60,72,781,California
Colusa,2021-01-29,40,881,7,396,33,485,0,0,39,759,1,61,39,820,California
Colusa,2021-01-30,27,908,4,400,23,508,0,0,27,786,0,61,27,847,California
Colusa,2021-01-31,7,915,7,407,0,508,0,0,7,793,0,61,7,854,California
Colusa,2021-02-01,27,942,10,417,17,525,0,0,22,810,5,66,22,876,California
Colusa,2021-02-02,42,984,8,425,34,559,0,0,36,840,6,72,36,912,California
Colusa,2021-02-03,69,1053,10,435,59,618,0,0,59,889,10,82,59,971,California
Colusa,2021-02-04,143,1196,81,516,62,680,0,0,115,976,28,110,115,1086,California
Colusa,2021-02-05,32,1228,8,524,24,704,0,0,29,1002,3,113,29,1115,California
Colusa,2021-02-06,284,1512,8,532,276,980,0,0,273,1264,11,124,273,1388,California
Colusa,2021-02-07,2,1514,1,533,1,981,0,0,0,1262,2,126,0,1388,California
Colusa,2021-02-08,40,1554,5,538,35,1016,0,0,37,1296,3,129,37,1425,California
Colusa,2021-02-09,231,1785,14,552,217,1233,0,0,176,1417,55,184,176,1601,California
Colusa,2021-02-10,116,1901,41,593,75,1308,0,0,73,1447,43,227,73,1674,California
Colusa,2021-02-11,97,1998,36,629,61,1369,0,0,72,1494,25,252,72,1746,California
Colusa,2021-02-12,118,2116,9,638,109,1478,0,0,80,1535,39,291,80,1826,California
Colusa,2021-02-13,60,2176,8,646,52,1530,0,0,52,1579,8,299,52,1878,California
Colusa,2021-02-14,20,2196,8,654,12,1542,0,0,14,1587,6,305,14,1892,California
Colusa,2021-02-15,45,2241,10,664,35,1577,0,0,38,1618,7,312,38,1930,California
Colusa,2021-02-16,67,2308,4,668,63,1640,0,0,66,1683,1,313,66,1996,California
Colusa,2021-02-17,206,2514,143,811,63,1703,0,0,60,1597,146,459,60,2056,California
Colusa,2021-02-18,135,2649,35,846,100,1803,0,0,112,1686,23,482,112,2168,California
Colusa,2021-02-19,155,2804,19,865,136,1939,0,0,129,1789,26,508,129,2297,California
Colusa,2021-02-20,28,2832,6,871,22,1961,0,0,12,1785,16,524,12,2309,California
Colusa,2021-02-21,1,2833,1,872,0,1961,0,0,0,1784,1,525,0,2309,California
Colusa,2021-02-22,43,2876,26,898,17,1978,0,0,29,1799,14,539,29,2338,California
Colusa,2021-02-23,21,2897,5,903,16,1994,0,0,17,1812,4,543,17,2355,California
Colusa,2021-02-24,300,3197,54,957,246,2240,0,0,158,1828,142,685,158,2513,California
Colusa,2021-02-25,100,3297,54,1011,46,2286,0,0,65,1858,35,720,65,2578,California
Colusa,2021-02-26,96,3393,12,1023,84,2370,0,0,58,1878,38,758,58,2636,California
Colusa,2021-02-27,55,3448,4,1027,51,2421,0,0,40,1903,15,773,40,2676,California
Colusa,2021-02-28,26,3474,14,1041,12,2433,0,0,17,1911,9,782,17,2693,California
Colusa,2021-03-01,46,3520,15,1056,31,2464,0,0,29,1923,17,799,29,2722,California
Colusa,2021-03-02,47,3567,13,1069,34,2498,0,0,24,1924,23,822,24,2746,California
Colusa,2021-03-03,237,3804,38,1107,199,2697,0,0,180,2047,57,879,180,2926,California
Colusa,2021-03-04,136,3940,58,1165,78,2775,0,0,80,2071,56,935,80,3006,California
Colusa,2021-03-05,97,4037,24,1189,64,2839,9,9,52,2087,45,980,61,3067,California
Colusa,2021-03-06,274,4311,9,1198,265,3104,0,9,37,1887,237,1217,37,3104,California
Colusa,2021-03-07,8,4319,5,1203,3,3107,0,9,6,1891,2,1219,6,3110,California
Colusa,2021-03-08,88,4407,20,1223,33,3140,35,44,44,1926,44,1263,79,3189,California
Colusa,2021-03-09,272,4679,70,1293,179,3319,23,67,83,1843,189,1452,106,3295,California
Colusa,2021-03-10,286,4965,35,1328,215,3534,36,103,200,1993,86,1538,236,3531,California
Colusa,2021-03-11,414,5379,58,1386,335,3869,21,124,331,2262,83,1621,352,3883,California
Colusa,2021-03-12,106,5485,18,1404,75,3944,13,137,20,2209,86,1707,33,3916,California
Colusa,2021-03-13,59,5544,15,1419,35,3979,9,146,17,2193,42,1749,26,3942,California
Colusa,2021-03-14,21,5565,0,1419,19,3998,2,148,7,2189,13,1762,9,3951,California
Colusa,2021-03-15,68,5633,26,1445,34,4032,8,156,13,2155,55,1817,21,3972,California
Colusa,2021-03-16,273,5906,14,1459,213,4245,46,202,166,2260,107,1924,212,4184,California
Colusa,2021-03-17,171,6077,48,1507,123,4368,0,202,88,2265,83,2007,88,4272,California
Colusa,2021-03-18,319,6396,33,1540,215,4583,71,273,196,2409,123,2130,267,4539,California
Colusa,2021-03-19,74,6470,17,1557,55,4638,2,275,51,2439,23,2153,53,4592,California
Colusa,2021-03-20,48,6518,7,1564,40,4678,1,276,35,2462,13,2166,36,4628,California
Colusa,2021-03-21,6,6524,4,1568,2,4680,0,276,4,2464,2,2168,4,4632,California
Colusa,2021-03-22,63,6587,10,1578,44,4724,9,285,41,2492,22,2190,50,4682,California
Colusa,2021-03-23,80,6667,16,1594,62,4786,2,287,53,2520,27,2217,55,4737,California
Colusa,2021-03-24,334,7001,56,1650,272,5058,6,293,69,2329,265,2482,74,4811,California
Colusa,2021-03-25,107,7108,59,1709,43,5101,5,298,50,2327,57,2539,55,4866,California
Colusa,2021-03-26,298,7406,47,1756,247,5348,4,302,245,2523,53,2592,249,5115,California
Colusa,2021-03-27,62,7468,5,1761,57,5405,0,302,24,2509,38,2630,24,5139,California
Colusa,2021-03-28,15,7483,6,1767,9,5414,0,302,7,2508,8,2638,7,5146,California
Colusa,2021-03-29,68,7551,19,1786,44,5458,5,307,30,2505,38,2676,35,5181,California
Colusa,2021-03-30,145,7696,77,1863,66,5524,2,309,76,2514,69,2745,78,5259,California
Colusa,2021-03-31,226,7922,35,1898,191,5715,0,309,72,2433,153,2898,72,5331,California
Colusa,2021-04-01,421,8343,64,1962,302,6017,55,364,300,2668,120,3018,355,5686,California
Colusa,2021-04-02,81,8424,14,1976,54,6071,13,377,40,2680,41,3059,53,5739,California
Colusa,2021-04-03,59,8483,7,1983,29,6100,23,400,13,2670,46,3105,36,5775,California
Colusa,2021-04-04,18,8501,0,1983,8,6108,10,410,3,2668,15,3120,13,5788,California
Colusa,2021-04-05,97,8598,25,2008,57,6165,15,425,40,2666,57,3177,55,5843,California
Colusa,2021-04-06,123,8721,34,2042,41,6206,48,473,40,2671,83,3260,88,5931,California
Colusa,2021-04-07,126,8847,23,2065,83,6289,20,493,62,2689,64,3324,82,6013,California
Colusa,2021-04-08,101,8948,25,2090,71,6360,5,498,44,2681,57,3381,49,6062,California
Contra Costa,2020-12-15,19,19,19,19,0,0,0,0,19,19,0,0,19,19,California
Contra Costa,2020-12-16,523,542,523,542,0,0,0,0,523,542,0,0,523,542,California
Contra Costa,2020-12-17,907,1449,907,1449,0,0,0,0,907,1449,0,0,907,1449,California
Contra Costa,2020-12-18,1590,3039,1589,3038,1,1,0,0,1590,3039,0,0,1590,3039,California
Contra Costa,2020-12-19,1100,4139,1099,4137,1,2,0,0,1100,4139,0,0,1100,4139,California
Contra Costa,2020-12-20,582,4721,581,4718,1,3,0,0,582,4721,0,0,582,4721,California
Contra Costa,2020-12-21,1651,6372,1649,6367,2,5,0,0,1651,6372,0,0,1651,6372,California
Contra Costa,2020-12-22,1669,8041,1564,7931,105,110,0,0,1669,8041,0,0,1669,8041,California
Contra Costa,2020-12-23,1575,9616,1329,9260,246,356,0,0,1575,9616,0,0,1575,9616,California
Contra Costa,2020-12-24,652,10268,335,9595,317,673,0,0,652,10268,0,0,652,10268,California
Contra Costa,2020-12-25,38,10306,16,9611,22,695,0,0,38,10306,0,0,38,10306,California
Contra Costa,2020-12-26,639,10945,130,9741,509,1204,0,0,639,10945,0,0,639,10945,California
Contra Costa,2020-12-27,240,11185,86,9827,154,1358,0,0,240,11185,0,0,240,11185,California
Contra Costa,2020-12-28,1826,13011,860,10687,966,2324,0,0,1826,13011,0,0,1826,13011,California
Contra Costa,2020-12-29,1823,14834,823,11510,1000,3324,0,0,1823,14834,0,0,1823,14834,California
Contra Costa,2020-12-30,2384,17218,1208,12718,1176,4500,0,0,2383,17217,0,0,2383,17217,California
Contra Costa,2020-12-31,911,18129,307,13025,604,5104,0,0,910,18127,0,0,910,18127,California
Contra Costa,2021-01-01,57,18186,23,13048,34,5138,0,0,57,18184,0,0,57,18184,California
Contra Costa,2021-01-02,332,18518,172,13220,160,5298,0,0,332,18516,0,0,332,18516,California
Contra Costa,2021-01-03,174,18692,116,13336,58,5356,0,0,173,18689,0,0,173,18689,California
Contra Costa,2021-01-04,1894,20586,1245,14581,649,6005,0,0,1873,20543,19,19,1873,20562,California
Contra Costa,2021-01-05,2095,22681,1255,15836,840,6845,0,0,1836,22122,258,277,1837,22399,California
Contra Costa,2021-01-06,3264,25945,2240,18076,1024,7869,0,0,2505,23877,753,1030,2508,24907,California
Contra Costa,2021-01-07,3087,29032,2056,20132,1031,8900,0,0,1877,24547,1207,2237,1877,26784,California
Contra Costa,2021-01-08,3364,32396,2377,22509,987,9887,0,0,1806,24804,1552,3789,1809,28593,California
Contra Costa,2021-01-09,1581,33977,1130,23639,451,10338,0,0,747,24719,833,4622,748,29341,California
Contra Costa,2021-01-10,361,34338,288,23927,73,10411,0,0,150,24658,211,4833,150,29491,California
Contra Costa,2021-01-11,3833,38171,3118,27045,715,11126,0,0,2230,25287,1603,6436,2232,31723,California
Contra Costa,2021-01-12,3903,42074,2929,29974,974,12100,0,0,2579,26544,1324,7760,2581,34304,California
Contra Costa,2021-01-13,4663,46737,2879,32853,1784,13884,0,0,3732,29349,927,8687,3732,38036,California
Contra Costa,2021-01-14,4291,51028,1551,34404,2740,16624,0,0,3909,32876,382,9069,3909,41945,California
Contra Costa,2021-01-15,5314,56342,2451,36855,2863,19487,0,0,4992,37552,321,9390,4997,46942,California
Contra Costa,2021-01-16,1703,58045,545,37400,1158,20645,0,0,1629,39107,74,9464,1629,48571,California
Contra Costa,2021-01-17,1630,59675,971,38371,659,21304,0,0,1508,40496,122,9586,1511,50082,California
Contra Costa,2021-01-18,3180,62855,1249,39620,1931,23235,0,0,2558,42439,616,10202,2559,52641,California
Contra Costa,2021-01-19,7050,69905,3150,42770,3900,27135,0,0,6048,47494,999,11201,6054,58695,California
Contra Costa,2021-01-20,6587,76492,4035,46805,2552,29687,0,0,5362,51639,1221,12422,5366,64061,California
Contra Costa,2021-01-21,6945,83437,3084,49889,3861,33548,0,0,6225,57156,715,13137,6232,70293,California
Contra Costa,2021-01-22,6353,89790,2695,52584,3658,37206,0,0,5497,61810,846,13983,5500,75793,California
Contra Costa,2021-01-23,2023,91813,358,52942,1665,38871,0,0,1766,63323,255,14238,1768,77561,California
Contra Costa,2021-01-24,1575,93388,214,53156,1361,40232,0,0,1431,64614,144,14382,1435,78996,California
Contra Costa,2021-01-25,6606,99994,3008,56164,3598,43830,0,0,5051,68114,1554,15936,5054,84050,California
Contra Costa,2021-01-26,8041,108035,4661,60825,3380,47210,0,0,6215,72512,1819,17755,6217,90267,California
Contra Costa,2021-01-27,8214,116249,5486,66311,2728,49938,0,0,6323,77035,1804,19559,6327,96594,California
Contra Costa,2021-01-28,7373,123622,4048,70359,3325,53263,0,0,5786,81244,1581,21140,5790,102384,California
Contra Costa,2021-01-29,7416,131038,3877,74236,3539,56802,0,0,6114,86062,1299,22439,6117,108501,California
Contra Costa,2021-01-30,2080,133118,596,74832,1484,58286,0,0,1715,87419,358,22797,1715,110216,California
Contra Costa,2021-01-31,701,133819,482,75314,219,58505,0,0,575,87871,123,22920,575,110791,California
Contra Costa,2021-02-01,5507,139326,3758,79072,1749,60254,0,0,3882,90136,1620,24540,3885,114676,California
Contra Costa,2021-02-02,7745,147071,5276,84348,2469,62723,0,0,5897,94188,1846,26386,5898,120574,California
Contra Costa,2021-02-03,8265,155336,5459,89807,2806,65529,0,0,5634,97202,2621,29007,5635,126209,California
Contra Costa,2021-02-04,7438,162774,3529,93336,3909,69438,0,0,5725,101219,1710,30717,5727,131936,California
Contra Costa,2021-02-05,8420,171194,4822,98158,3598,73036,0,0,5724,104254,2690,33407,5725,137661,California
Contra Costa,2021-02-06,3460,174654,2149,100307,1311,74347,0,0,2813,106422,646,34053,2814,140475,California
Contra Costa,2021-02-07,975,175629,704,101011,271,74618,0,0,602,106652,372,34425,602,141077,California
Contra Costa,2021-02-08,5787,181416,3430,104441,2357,76975,0,0,4315,109501,1467,35892,4316,145393,California
Contra Costa,2021-02-09,8620,190036,4751,109192,3869,80844,0,0,5750,112388,2865,38757,5752,151145,California
Contra Costa,2021-02-10,8590,198626,4634,113826,3956,84800,0,0,5398,114612,3178,41935,5402,156547,California
Contra Costa,2021-02-11,9204,207830,4190,118016,5014,89814,0,0,5246,115910,3952,45887,5250,161797,California
Contra Costa,2021-02-12,10054,217884,4605,122621,5449,95263,0,0,5458,116782,4589,50476,5461,167258,California
Contra Costa,2021-02-13,4860,222744,1356,123977,3504,98767,0,0,3398,118722,1459,51935,3399,170657,California
Contra Costa,2021-02-14,2078,224822,862,124839,1216,99983,0,0,1220,119085,857,52792,1220,171877,California
Contra Costa,2021-02-15,4429,229251,2458,127297,1971,101954,0,0,2345,119354,2078,54870,2347,174224,California
Contra Costa,2021-02-16,10388,239639,4893,132190,5495,107449,0,0,4633,118243,5748,60618,4637,178861,California
Contra Costa,2021-02-17,12252,251891,6112,138302,6140,113589,0,0,5618,117241,6620,67238,5618,184479,California
Contra Costa,2021-02-18,11426,263317,5942,144244,5484,119073,0,0,5303,116434,6112,73350,5305,189784,California
Contra Costa,2021-02-19,11380,274697,7095,151339,4285,123358,0,0,5166,115402,6200,79550,5168,194952,California
Contra Costa,2021-02-20,6434,281131,2885,154224,3549,126907,0,0,4565,118116,1853,81403,4567,199519,California
Contra Costa,2021-02-21,1786,282917,1240,155464,546,127453,0,0,1079,118489,706,82109,1079,200598,California
Contra Costa,2021-02-22,7520,290437,5091,160555,2429,129882,0,0,3475,117927,4038,86147,3476,204074,California
Contra Costa,2021-02-23,11850,302287,7224,167779,4626,134508,0,0,5901,117896,5936,92083,5905,209979,California
Contra Costa,2021-02-24,10448,312735,7665,175444,2783,137291,0,0,5040,117546,5392,97475,5042,215021,California
Contra Costa,2021-02-25,11419,324154,7190,182634,4229,141520,0,0,5181,116512,6219,103694,5185,220206,California
Contra Costa,2021-02-26,10672,334826,6731,189365,3941,145461,0,0,5289,116433,5369,109063,5290,225496,California
Contra Costa,2021-02-27,6594,341420,4191,193556,2403,147864,0,0,4095,118036,2493,111556,4096,229592,California
Contra Costa,2021-02-28,3785,345205,3121,196677,664,148528,0,0,3193,120640,590,112146,3194,232786,California
Contra Costa,2021-03-01,8065,353270,6068,202745,1997,150525,0,0,4959,122506,3095,115241,4961,237747,California
Contra Costa,2021-03-02,10012,363282,6259,209004,3752,154277,1,1,5175,122860,4823,120064,5177,242924,California
Contra Costa,2021-03-03,10917,374199,6840,215844,4076,158353,1,2,6038,124035,4865,124929,6040,248964,California
Contra Costa,2021-03-04,11834,386033,7056,222900,4778,163131,0,2,6127,124473,5689,130618,6127,255091,California
Contra Costa,2021-03-05,11169,397202,6631,229531,4534,167665,4,6,6347,126015,4809,135427,6351,261442,California
Contra Costa,2021-03-06,7244,404446,3980,233511,2957,170622,307,313,4681,128449,2553,137980,4987,266429,California
Contra Costa,2021-03-07,3593,408039,2250,235761,1285,171907,58,371,2924,130763,668,138648,2982,269411,California
Contra Costa,2021-03-08,8027,416066,3751,239512,3973,175880,303,674,5357,133768,2659,141307,5664,275075,California
Contra Costa,2021-03-09,10128,426194,4968,244480,4866,180746,294,968,5013,133966,5109,146416,5307,280382,California
Contra Costa,2021-03-10,12064,438258,5934,250414,4645,185391,1485,2453,5451,134294,6606,153022,6934,287316,California
Contra Costa,2021-03-11,12392,450650,6523,256937,5319,190710,550,3003,6326,135125,6047,159069,6878,294194,California
Contra Costa,2021-03-12,12432,463082,5086,262023,6821,197531,525,3528,6229,135690,6189,165258,6754,300948,California
Contra Costa,2021-03-13,7660,470742,3033,265056,4217,201748,410,3938,3036,134523,4608,169866,3441,304389,California
Contra Costa,2021-03-14,4318,475060,2529,267585,1310,203058,479,4417,2067,134823,2246,172112,2546,306935,California
Contra Costa,2021-03-15,9357,484417,5040,272625,3567,206625,750,5167,4748,135727,4595,176707,5499,312434,California
Contra Costa,2021-03-16,14222,498639,8448,281073,5380,212005,394,5561,7267,136450,6938,183645,7661,320095,California
Contra Costa,2021-03-17,14938,513577,10329,291402,4400,216405,209,5770,8554,138853,6365,190010,8768,328863,California
Contra Costa,2021-03-18,15322,528899,8518,299920,6327,222732,477,6247,8782,141596,6515,196525,9258,338121,California
Contra Costa,2021-03-19,15453,544352,8857,308777,5206,227938,1390,7637,8283,144115,7158,203683,9677,347798,California
Contra Costa,2021-03-20,10562,554914,6311,315088,3951,231889,300,7937,5208,144284,5338,209021,5507,353305,California
Contra Costa,2021-03-21,4437,559351,3882,318970,470,232359,85,8022,2093,144122,2340,211361,2178,355483,California
Contra Costa,2021-03-22,11475,570826,8643,327613,2585,234944,247,8269,7065,147034,4401,215762,7313,362796,California
Contra Costa,2021-03-23,15563,586389,10727,338340,4669,239613,167,8436,9537,150738,6003,221765,9707,372503,California
Contra Costa,2021-03-24,14879,601268,11622,349962,3046,242659,211,8647,9192,154480,5663,227428,9405,381908,California
Contra Costa,2021-03-25,15135,616403,11802,361764,3062,245721,271,8918,9361,158373,5739,233167,9632,391540,California
Contra Costa,2021-03-26,14866,631269,10666,372430,3806,249527,394,9312,8798,161513,6049,239216,9189,400729,California
Contra Costa,2021-03-27,10389,641658,6724,379154,3158,252685,507,9819,5772,163180,4609,243825,6276,407005,California
Contra Costa,2021-03-28,4105,645763,2911,382065,1141,253826,53,9872,1771,162678,2326,246151,1824,408829,California
Contra Costa,2021-03-29,10817,656580,8456,390521,2247,256073,114,9986,7097,166183,3707,249858,7212,416041,California
Contra Costa,2021-03-30,16691,673271,9110,399631,6250,262323,1331,11317,11102,173041,5574,255432,12432,428473,California
Contra Costa,2021-03-31,17885,691156,12541,412172,3908,266231,1436,12753,11608,179841,6247,261679,13047,441520,California
Contra Costa,2021-04-01,17342,708498,12170,424342,3813,270044,1359,14112,11348,186572,5978,267657,12709,454229,California
Contra Costa,2021-04-02,17251,725749,12781,437123,3476,273520,994,15106,11567,193461,5674,273331,12563,466792,California
Contra Costa,2021-04-03,10708,736457,6386,443509,2809,276329,1513,16619,6181,196640,4515,277846,7694,474486,California
Contra Costa,2021-04-04,3202,739659,1226,444735,1416,277745,560,17179,829,195660,2369,280215,1389,475875,California
Contra Costa,2021-04-05,11935,751594,7814,452549,3206,280951,915,18094,6561,197773,5364,285579,7477,483352,California
Contra Costa,2021-04-06,16721,768315,11591,464140,2955,283906,2175,20269,9371,201987,7334,292913,11548,494900,California
Contra Costa,2021-04-07,16723,785038,11199,475339,3093,286999,2431,22700,9356,206460,7353,300266,11826,506726,California
Contra Costa,2021-04-08,15195,800233,10486,485825,2616,289615,2093,24793,8316,209998,6865,307131,10403,517129,California
Del Norte,2020-12-21,23,23,23,23,0,0,0,0,23,23,0,0,23,23,California
Del Norte,2020-12-22,46,69,46,69,0,0,0,0,46,69,0,0,46,69,California
Del Norte,2020-12-23,58,127,48,117,10,10,0,0,57,126,0,0,57,126,California
Del Norte,2020-12-28,34,161,34,151,0,10,0,0,34,160,0,0,34,160,California
Del Norte,2020-12-29,4,165,4,155,0,10,0,0,4,164,0,0,4,164,California
Del Norte,2020-12-30,67,232,55,210,12,22,0,0,68,232,0,0,68,232,California
Del Norte,2020-12-31,16,248,13,223,3,25,0,0,16,248,0,0,16,248,California
Del Norte,2021-01-04,102,350,49,272,53,78,0,0,102,350,0,0,102,350,California
Del Norte,2021-01-05,33,383,0,272,33,111,0,0,33,383,0,0,33,383,California
Del Norte,2021-01-06,77,460,18,290,59,170,0,0,77,460,0,0,77,460,California
Del Norte,2021-01-07,21,481,1,291,20,190,0,0,21,481,0,0,21,481,California
Del Norte,2021-01-08,77,558,7,298,70,260,0,0,77,558,0,0,77,558,California
Del Norte,2021-01-11,40,598,21,319,19,279,0,0,18,555,22,22,19,577,California
Del Norte,2021-01-12,50,648,32,351,18,297,0,0,29,563,21,43,29,606,California
Del Norte,2021-01-13,85,733,40,391,45,342,0,0,52,582,33,76,52,658,California
Del Norte,2021-01-14,52,785,14,405,38,380,0,0,46,622,6,82,46,704,California
Del Norte,2021-01-15,107,892,18,423,89,469,0,0,95,705,12,94,95,799,California
Del Norte,2021-01-17,1,893,1,424,0,469,0,0,1,706,0,94,1,800,California
Del Norte,2021-01-18,2,895,0,424,2,471,0,0,2,708,0,94,2,802,California
Del Norte,2021-01-19,119,1014,56,480,63,534,0,0,77,743,42,136,77,879,California
Del Norte,2021-01-20,157,1171,83,563,74,608,0,0,96,778,61,197,96,975,California
Del Norte,2021-01-21,43,1214,40,603,3,611,0,0,32,799,11,208,32,1007,California
Del Norte,2021-01-22,19,1233,16,619,3,614,0,0,12,804,7,215,12,1019,California
Del Norte,2021-01-23,1,1234,0,619,1,615,0,0,1,805,0,215,1,1020,California
Del Norte,2021-01-24,1,1235,0,619,1,616,0,0,1,806,0,215,1,1021,California
Del Norte,2021-01-25,97,1332,79,698,18,634,0,0,53,815,44,259,53,1074,California
Del Norte,2021-01-26,18,1350,11,709,7,641,0,0,7,811,11,270,7,1081,California
Del Norte,2021-01-27,64,1414,21,730,43,684,0,0,61,869,3,273,61,1142,California
Del Norte,2021-01-28,291,1705,20,750,271,955,0,0,287,1152,4,277,287,1429,California
Del Norte,2021-01-29,51,1756,19,769,32,987,0,0,41,1183,10,287,41,1470,California
Del Norte,2021-01-30,8,1764,1,770,7,994,0,0,8,1191,0,287,8,1478,California
Del Norte,2021-02-01,41,1805,1,771,40,1034,0,0,26,1202,15,302,26,1504,California
Del Norte,2021-02-02,142,1947,34,805,108,1142,0,0,73,1207,68,370,73,1577,California
Del Norte,2021-02-03,125,2072,40,845,85,1227,0,0,71,1224,54,424,71,1648,California
Del Norte,2021-02-04,71,2143,29,874,42,1269,0,0,41,1235,30,454,41,1689,California
Del Norte,2021-02-05,181,2324,22,896,159,1428,0,0,118,1291,62,516,118,1807,California
Del Norte,2021-02-06,310,2634,6,902,304,1732,0,0,310,1601,0,516,310,2117,California
Del Norte,2021-02-07,2,2636,1,903,1,1733,0,0,2,1603,0,516,2,2119,California
Del Norte,2021-02-08,36,2672,1,904,35,1768,0,0,32,1631,4,520,32,2151,California
Del Norte,2021-02-09,8,2680,5,909,3,1771,0,0,2,1627,6,526,2,2153,California
Del Norte,2021-02-10,143,2823,20,929,123,1894,0,0,86,1657,56,582,86,2239,California
Del Norte,2021-02-11,175,2998,58,987,117,2011,0,0,63,1608,112,694,63,2302,California
Del Norte,2021-02-12,120,3118,14,1001,106,2117,0,0,66,1620,54,748,66,2368,California
Del Norte,2021-02-13,2,3120,1,1002,1,2118,0,0,2,1622,0,748,2,2370,California
Del Norte,2021-02-14,3,3123,1,1003,2,2120,0,0,2,1623,1,749,2,2372,California
Del Norte,2021-02-15,4,3127,0,1003,4,2124,0,0,2,1623,2,751,2,2374,California
Del Norte,2021-02-16,132,3259,1,1004,131,2255,0,0,13,1517,119,870,13,2387,California
Del Norte,2021-02-17,91,3350,20,1024,71,2326,0,0,24,1474,67,937,24,2411,California
Del Norte,2021-02-18,77,3427,24,1048,53,2379,0,0,51,1499,26,963,51,2462,California
Del Norte,2021-02-19,43,3470,17,1065,26,2405,0,0,33,1522,10,973,33,2495,California
Del Norte,2021-02-20,9,3479,6,1071,3,2408,0,0,7,1527,2,975,7,2502,California
Del Norte,2021-02-22,2,3481,0,1071,2,2410,0,0,2,1529,0,975,2,2504,California
Del Norte,2021-02-23,102,3583,84,1155,18,2428,0,0,31,1489,71,1046,31,2535,California
Del Norte,2021-02-24,152,3735,98,1253,54,2482,0,0,79,1495,73,1119,79,2614,California
Del Norte,2021-02-25,473,4208,130,1383,343,2825,0,0,210,1443,262,1381,210,2824,California
Del Norte,2021-02-26,211,4419,175,1558,36,2861,0,0,165,1562,46,1427,165,2989,California
Del Norte,2021-02-27,150,4569,145,1703,5,2866,0,0,141,1694,9,1436,141,3130,California
Del Norte,2021-02-28,4,4573,1,1704,3,2869,0,0,3,1696,1,1437,3,3133,California
Del Norte,2021-03-01,27,4600,2,1706,25,2894,0,0,4,1677,23,1460,4,3137,California
Del Norte,2021-03-02,218,4818,140,1846,78,2972,0,0,185,1829,33,1493,185,3322,California
Del Norte,2021-03-03,158,4976,90,1936,68,3040,0,0,117,1905,41,1534,117,3439,California
Del Norte,2021-03-04,120,5096,83,2019,37,3077,0,0,91,1968,28,1562,91,3530,California
Del Norte,2021-03-05,92,5188,9,2028,83,3160,0,0,44,1964,48,1610,44,3574,California
Del Norte,2021-03-06,434,5622,74,2102,310,3470,50,50,154,1845,280,1890,161,3735,California
Del Norte,2021-03-07,2,5624,1,2103,1,3471,0,50,1,1845,1,1891,1,3736,California
Del Norte,2021-03-08,28,5652,1,2104,25,3496,2,52,5,1829,23,1914,7,3743,California
Del Norte,2021-03-09,193,5845,112,2216,78,3574,3,55,182,2003,11,1925,185,3928,California
Del Norte,2021-03-10,218,6063,97,2313,93,3667,28,83,132,2077,86,2011,160,4088,California
Del Norte,2021-03-11,146,6209,55,2368,91,3758,0,83,102,2136,43,2054,102,4190,California
Del Norte,2021-03-12,178,6387,91,2459,87,3845,0,83,126,2210,52,2106,126,4316,California
Del Norte,2021-03-13,95,6482,94,2553,1,3846,0,83,91,2297,4,2110,91,4407,California
Del Norte,2021-03-14,1,6483,0,2553,1,3847,0,83,0,2296,1,2111,0,4407,California
Del Norte,2021-03-15,39,6522,0,2553,38,3885,1,84,34,2326,5,2116,35,4442,California
Del Norte,2021-03-16,276,6798,135,2688,141,4026,0,84,255,2560,21,2137,255,4697,California
Del Norte,2021-03-17,284,7082,97,2785,185,4211,2,86,170,2618,114,2251,172,4869,California
Del Norte,2021-03-18,287,7369,109,2894,175,4386,3,89,151,2637,135,2386,154,5023,California
Del Norte,2021-03-19,264,7633,158,3052,100,4486,6,95,90,2559,174,2560,96,5119,California
Del Norte,2021-03-20,158,7791,156,3208,2,4488,0,95,16,2433,142,2702,16,5135,California
Del Norte,2021-03-21,4,7795,2,3210,2,4490,0,95,2,2433,2,2704,2,5137,California
Del Norte,2021-03-22,41,7836,2,3212,38,4528,1,96,38,2469,3,2707,39,5176,California
Del Norte,2021-03-23,329,8165,162,3374,149,4677,18,114,160,2480,167,2874,178,5354,California
Del Norte,2021-03-24,392,8557,107,3481,244,4921,41,155,238,2605,154,3028,279,5633,California
Del Norte,2021-03-25,194,8751,90,3571,104,5025,0,155,87,2586,106,3134,87,5720,California
Del Norte,2021-03-26,227,8978,108,3679,119,5144,0,155,194,2747,33,3167,194,5914,California
Del Norte,2021-03-27,108,9086,87,3766,4,5148,17,172,19,2694,89,3256,36,5950,California
Del Norte,2021-03-28,4,9090,2,3768,2,5150,0,172,1,2692,3,3259,1,5951,California
Del Norte,2021-03-29,56,9146,6,3774,33,5183,17,189,31,2715,25,3284,48,5999,California
Del Norte,2021-03-30,334,9480,118,3892,205,5388,11,200,128,2648,206,3490,139,6138,California
Del Norte,2021-03-31,346,9826,100,3992,229,5617,17,217,190,2701,154,3644,207,6345,California
Del Norte,2021-04-01,165,9991,60,4052,71,5688,34,251,70,2711,94,3738,104,6449,California
Del Norte,2021-04-02,232,10223,80,4132,104,5792,48,299,76,2680,156,3894,125,6574,California
Del Norte,2021-04-03,103,10326,82,4214,2,5794,19,318,4,2605,98,3992,23,6597,California
Del Norte,2021-04-04,4,10330,0,4214,0,5794,4,322,0,2605,4,3996,4,6601,California
Del Norte,2021-04-05,53,10383,5,4219,44,5838,4,326,46,2648,7,4003,50,6651,California
Del Norte,2021-04-06,342,10725,122,4341,186,6024,34,360,120,2587,216,4219,155,6806,California
Del Norte,2021-04-07,294,11019,107,4448,154,6178,33,393,202,2730,92,4311,235,7041,California
Del Norte,2021-04-08,95,11114,1,4449,88,6266,6,399,63,2767,32,4343,69,7110,California
El Dorado,2020-12-15,12,12,12,12,0,0,0,0,12,12,0,0,12,12,California
El Dorado,2020-12-16,40,52,40,52,0,0,0,0,40,52,0,0,40,52,California
El Dorado,2020-12-17,30,82,30,82,0,0,0,0,30,82,0,0,30,82,California
El Dorado,2020-12-18,236,318,236,318,0,0,0,0,236,318,0,0,236,318,California
El Dorado,2020-12-19,116,434,116,434,0,0,0,0,116,434,0,0,116,434,California
El Dorado,2020-12-20,84,518,84,518,0,0,0,0,84,518,0,0,84,518,California
El Dorado,2020-12-21,306,824,305,823,1,1,0,0,306,824,0,0,306,824,California
El Dorado,2020-12-22,239,1063,215,1038,24,25,0,0,239,1063,0,0,239,1063,California
El Dorado,2020-12-23,189,1252,139,1177,50,75,0,0,189,1252,0,0,189,1252,California
El Dorado,2020-12-24,86,1338,65,1242,21,96,0,0,86,1338,0,0,86,1338,California
El Dorado,2020-12-25,8,1346,8,1250,0,96,0,0,8,1346,0,0,8,1346,California
El Dorado,2020-12-26,43,1389,25,1275,18,114,0,0,43,1389,0,0,43,1389,California
El Dorado,2020-12-27,37,1426,33,1308,4,118,0,0,37,1426,0,0,37,1426,California
El Dorado,2020-12-28,216,1642,170,1478,46,164,0,0,216,1642,0,0,216,1642,California
El Dorado,2020-12-29,454,2096,140,1618,314,478,0,0,454,2096,0,0,454,2096,California
El Dorado,2020-12-30,504,2600,136,1754,368,846,0,0,504,2600,0,0,504,2600,California
El Dorado,2020-12-31,108,2708,68,1822,40,886,0,0,108,2708,0,0,108,2708,California
El Dorado,2021-01-01,6,2714,4,1826,2,888,0,0,6,2714,0,0,6,2714,California
El Dorado,2021-01-02,150,2864,139,1965,11,899,0,0,150,2864,0,0,150,2864,California
El Dorado,2021-01-03,90,2954,16,1981,74,973,0,0,90,2954,0,0,90,2954,California
El Dorado,2021-01-04,190,3144,63,2044,127,1100,0,0,190,3144,0,0,190,3144,California
El Dorado,2021-01-05,202,3346,48,2092,154,1254,0,0,186,3314,16,16,186,3330,California
El Dorado,2021-01-06,261,3607,188,2280,73,1327,0,0,198,3449,63,79,198,3528,California
El Dorado,2021-01-07,325,3932,133,2413,192,1519,0,0,255,3634,70,149,255,3783,California
El Dorado,2021-01-08,970,4902,500,2913,470,1989,0,0,767,4199,203,352,768,4551,California
El Dorado,2021-01-09,192,5094,156,3069,36,2025,0,0,124,4255,68,420,124,4675,California
El Dorado,2021-01-10,180,5274,129,3198,51,2076,0,0,111,4297,69,489,111,4786,California
El Dorado,2021-01-11,657,5931,292,3490,365,2441,0,0,459,4559,197,686,459,5245,California
El Dorado,2021-01-12,689,6620,418,3908,271,2712,0,0,441,4752,248,934,441,5686,California
El Dorado,2021-01-13,693,7313,295,4203,398,3110,0,0,534,5127,159,1093,534,6220,California
El Dorado,2021-01-14,677,7990,217,4420,460,3570,0,0,582,5614,95,1188,582,6802,California
El Dorado,2021-01-15,673,8663,184,4604,489,4059,0,0,601,6143,72,1260,601,7403,California
El Dorado,2021-01-16,170,8833,103,4707,67,4126,0,0,143,6259,27,1287,143,7546,California
El Dorado,2021-01-17,98,8931,46,4753,52,4178,0,0,81,6323,17,1304,81,7627,California
El Dorado,2021-01-18,418,9349,138,4891,280,4458,0,0,350,6605,68,1372,350,7977,California
El Dorado,2021-01-19,636,9985,351,5242,285,4743,0,0,487,6944,149,1521,488,8465,California
El Dorado,2021-01-20,1010,10995,685,5927,325,5068,0,0,898,7731,111,1632,898,9363,California
El Dorado,2021-01-21,1151,12146,569,6496,582,5650,0,0,945,8511,165,1797,945,10308,California
El Dorado,2021-01-22,1089,13235,702,7198,387,6037,0,0,1038,9499,50,1847,1038,11346,California
El Dorado,2021-01-23,736,13971,617,7815,119,6156,0,0,625,10013,111,1958,625,11971,California
El Dorado,2021-01-24,126,14097,76,7891,50,6206,0,0,107,10101,19,1977,107,12078,California
El Dorado,2021-01-25,609,14706,203,8094,406,6612,0,0,520,10532,89,2066,520,12598,California
El Dorado,2021-01-26,669,15375,361,8455,308,6920,0,0,567,10998,102,2168,568,13166,California
El Dorado,2021-01-27,925,16300,331,8786,594,7514,0,0,591,11254,335,2503,591,13757,California
El Dorado,2021-01-28,1096,17396,448,9234,648,8162,0,0,739,11636,357,2860,739,14496,California
El Dorado,2021-01-29,965,18361,487,9721,478,8640,0,0,736,12145,228,3088,737,15233,California
El Dorado,2021-01-30,612,18973,361,10082,251,8891,0,0,451,12435,161,3249,451,15684,California
El Dorado,2021-01-31,207,19180,186,10268,21,8912,0,0,178,12584,29,3278,178,15862,California
El Dorado,2021-02-01,785,19965,368,10636,417,9329,0,0,642,13084,142,3420,642,16504,California
El Dorado,2021-02-02,822,20787,363,10999,459,9788,0,0,665,13592,157,3577,665,17169,California
El Dorado,2021-02-03,896,21683,474,11473,422,10210,0,0,685,14066,211,3788,685,17854,California
El Dorado,2021-02-04,1263,22946,720,12193,543,10753,0,0,871,14545,392,4180,871,18725,California
El Dorado,2021-02-05,1474,24420,595,12788,879,11632,0,0,865,14835,575,4755,865,19590,California
El Dorado,2021-02-06,638,25058,334,13122,304,11936,0,0,530,15258,108,4863,531,20121,California
El Dorado,2021-02-07,255,25313,176,13298,79,12015,0,0,191,15385,64,4927,191,20312,California
El Dorado,2021-02-08,878,26191,416,13714,462,12477,0,0,605,15717,273,5200,605,20917,California
El Dorado,2021-02-09,903,27094,488,14202,415,12892,0,0,482,15778,421,5621,482,21399,California
El Dorado,2021-02-10,1237,28331,727,14929,510,13402,0,0,646,15834,590,6211,646,22045,California
El Dorado,2021-02-11,2120,30451,879,15808,1241,14643,0,0,950,15616,1169,7380,951,22996,California
El Dorado,2021-02-12,1557,32008,822,16630,735,15378,0,0,677,15414,880,8260,678,23674,California
El Dorado,2021-02-13,973,32981,668,17298,305,15683,0,0,430,15304,540,8800,430,24104,California
El Dorado,2021-02-14,480,33461,153,17451,327,16010,0,0,397,15618,83,8883,397,24501,California
El Dorado,2021-02-15,1178,34639,386,17837,792,16802,0,0,825,16093,353,9236,828,25329,California
El Dorado,2021-02-16,1171,35810,527,18364,644,17446,0,0,666,16256,504,9740,667,25996,California
El Dorado,2021-02-17,899,36709,371,18735,528,17974,0,0,421,16201,478,10218,423,26419,California
El Dorado,2021-02-18,2074,38783,1005,19740,1069,19043,0,0,1350,16828,723,10941,1350,27769,California
El Dorado,2021-02-19,1155,39938,599,20339,556,19599,0,0,645,16965,510,11451,647,28416,California
El Dorado,2021-02-20,911,40849,433,20772,478,20077,0,0,663,17386,242,11693,663,29079,California
El Dorado,2021-02-21,280,41129,224,20996,56,20133,0,0,100,17307,179,11872,100,29179,California
El Dorado,2021-02-22,861,41990,436,21432,425,20558,0,0,278,17003,582,12454,278,29457,California
El Dorado,2021-02-23,812,42802,470,21902,342,20900,0,0,331,16853,481,12935,331,29788,California
El Dorado,2021-02-24,992,43794,439,22341,553,21453,0,0,400,16662,592,13527,401,30189,California
El Dorado,2021-02-25,1593,45387,878,23219,715,22168,0,0,693,16462,894,14421,694,30883,California
El Dorado,2021-02-26,2323,47710,1483,24702,840,23008,0,0,1569,17279,752,15173,1569,32452,California
El Dorado,2021-02-27,1644,49354,436,25138,1208,24216,0,0,1204,18046,437,15610,1204,33656,California
El Dorado,2021-02-28,568,49922,204,25342,364,24580,0,0,417,18313,151,15761,418,34074,California
El Dorado,2021-03-01,1094,51016,450,25792,644,25224,0,0,601,18422,492,16253,601,34675,California
El Dorado,2021-03-02,876,51892,262,26054,614,25838,0,0,451,18450,423,16676,451,35126,California
El Dorado,2021-03-03,1617,53509,445,26499,1172,27010,0,0,1099,19040,511,17187,1101,36227,California
El Dorado,2021-03-04,2457,55966,1529,28028,928,27938,0,0,1192,18970,1262,18449,1192,37419,California
El Dorado,2021-03-05,1553,57519,420,28448,1128,29066,5,5,1026,19478,523,18972,1031,38450,California
El Dorado,2021-03-06,719,58238,201,28649,485,29551,33,38,376,19544,343,19315,409,38859,California
El Dorado,2021-03-07,395,58633,197,28846,180,29731,18,56,233,19635,160,19475,251,39110,California
El Dorado,2021-03-08,1314,59947,364,29210,879,30610,71,127,843,20080,469,19944,914,40024,California
El Dorado,2021-03-09,939,60886,225,29435,647,31257,67,194,557,20332,372,20316,624,40648,California
El Dorado,2021-03-10,905,61791,341,29776,509,31766,55,249,527,20540,374,20690,582,41230,California
El Dorado,2021-03-11,2959,64750,1827,31603,952,32718,180,429,1362,20497,1584,22274,1541,42771,California
El Dorado,2021-03-12,1695,66445,620,32223,832,33550,243,672,691,20441,990,23264,934,43705,California
El Dorado,2021-03-13,1028,67473,341,32564,408,33958,279,951,356,20404,670,23934,633,44338,California
El Dorado,2021-03-14,776,68249,209,32773,454,34412,113,1064,261,20263,515,24449,374,44712,California
El Dorado,2021-03-15,1317,69566,297,33070,893,35305,127,1191,550,20177,763,25212,677,45389,California
El Dorado,2021-03-16,1176,70742,401,33471,631,35936,144,1335,538,20227,632,25844,682,46071,California
El Dorado,2021-03-17,1053,71795,351,33822,607,36543,95,1430,677,20622,376,26220,771,46842,California
El Dorado,2021-03-18,2899,74694,1743,35565,1112,37655,44,1474,1918,21610,975,27195,1963,48805,California
El Dorado,2021-03-19,1060,75754,352,35917,563,38218,145,1619,588,21872,472,27667,734,49539,California
El Dorado,2021-03-20,923,76677,261,36178,645,38863,17,1636,351,21679,561,28228,368,49907,California
El Dorado,2021-03-21,1020,77697,414,36592,601,39464,5,1641,934,22533,85,28313,939,50846,California
El Dorado,2021-03-22,1469,79166,486,37078,902,40366,81,1722,1173,23495,292,28605,1254,52100,California
El Dorado,2021-03-23,1084,80250,451,37529,542,40908,91,1813,699,23908,377,28982,790,52890,California
El Dorado,2021-03-24,1397,81647,624,38153,579,41487,194,2007,673,24062,713,29695,867,53757,California
El Dorado,2021-03-25,2410,84057,1658,39811,650,42137,102,2109,1354,24466,1052,30747,1456,55213,California
El Dorado,2021-03-26,1714,85771,680,40491,925,43062,109,2218,915,24705,785,31532,1024,56237,California
El Dorado,2021-03-27,1285,87056,183,40674,1098,44160,4,2222,320,24070,959,32491,324,56561,California
El Dorado,2021-03-28,611,87667,183,40857,419,44579,9,2231,196,23863,412,32903,205,56766,California
El Dorado,2021-03-29,1297,88964,432,41289,851,45430,14,2245,830,24243,464,33367,844,57610,California
El Dorado,2021-03-30,1323,90287,411,41700,822,46252,90,2335,688,24390,630,33997,777,58387,California
El Dorado,2021-03-31,1513,91800,575,42275,875,47127,63,2398,711,24364,799,34796,773,59160,California
El Dorado,2021-04-01,3161,94961,1741,44016,1337,48464,83,2481,1510,24310,1649,36445,1595,60755,California
El Dorado,2021-04-02,1811,96772,554,44570,1165,49629,92,2573,718,24030,1090,37535,810,61565,California
El Dorado,2021-04-03,718,97490,275,44845,328,49957,115,2688,211,23849,507,38042,326,61891,California
El Dorado,2021-04-04,257,97747,77,44922,134,50091,46,2734,90,23819,166,38208,136,62027,California
El Dorado,2021-04-05,1343,99090,413,45335,846,50937,84,2818,554,23671,786,38994,638,62665,California
El Dorado,2021-04-06,1361,100451,493,45828,658,51595,210,3028,429,23379,930,39924,638,63303,California
El Dorado,2021-04-07,1289,101740,504,46332,412,52007,373,3401,457,23377,830,40754,828,64131,California
El Dorado,2021-04-08,698,102438,285,46617,321,52328,92,3493,243,23258,454,41208,335,64466,California
Fresno,2020-12-15,2,2,2,2,0,0,0,0,2,2,0,0,2,2,California
Fresno,2020-12-16,121,123,121,123,0,0,0,0,121,123,0,0,121,123,California
Fresno,2020-12-17,120,243,120,243,0,0,0,0,120,243,0,0,120,243,California
Fresno,2020-12-18,345,588,345,588,0,0,0,0,345,588,0,0,345,588,California
Fresno,2020-12-19,157,745,157,745,0,0,0,0,157,745,0,0,157,745,California
Fresno,2020-12-20,255,1000,253,998,2,2,0,0,255,1000,0,0,255,1000,California
Fresno,2020-12-21,924,1924,923,1921,1,3,0,0,956,1956,0,0,956,1956,California
Fresno,2020-12-22,901,2825,872,2793,29,32,0,0,905,2861,0,0,905,2861,California
Fresno,2020-12-23,1082,3907,1049,3842,33,65,0,0,1083,3944,0,0,1083,3944,California
Fresno,2020-12-24,579,4486,562,4404,17,82,0,0,579,4523,0,0,579,4523,California
Fresno,2020-12-25,2,4488,1,4405,1,83,0,0,2,4525,0,0,2,4525,California
Fresno,2020-12-26,720,5208,712,5117,8,91,0,0,720,5245,0,0,720,5245,California
Fresno,2020-12-27,298,5506,204,5321,94,185,0,0,298,5543,0,0,298,5543,California
Fresno,2020-12-28,1060,6566,774,6095,286,471,0,0,1060,6603,0,0,1060,6603,California
Fresno,2020-12-29,1768,8334,1040,7135,728,1199,0,0,1766,8368,1,1,1766,8369,California
Fresno,2020-12-30,978,9312,477,7612,501,1700,0,0,978,9346,0,1,978,9347,California
Fresno,2020-12-31,893,10205,310,7922,583,2283,0,0,892,10238,0,1,892,10239,California
Fresno,2021-01-01,9,10214,3,7925,6,2289,0,0,9,10247,0,1,9,10248,California
Fresno,2021-01-02,1029,11243,717,8642,312,2601,0,0,1029,11276,0,1,1029,11277,California
Fresno,2021-01-03,154,11397,129,8771,25,2626,0,0,154,11430,0,1,154,11431,California
Fresno,2021-01-04,606,12003,373,9144,233,2859,0,0,606,12036,0,1,606,12037,California
Fresno,2021-01-05,776,12779,311,9455,465,3324,0,0,702,12664,74,75,702,12739,California
Fresno,2021-01-06,970,13749,345,9800,625,3949,0,0,798,13290,172,247,798,13537,California
Fresno,2021-01-07,1880,15629,914,10714,966,4915,0,0,1627,14667,253,500,1630,15167,California
Fresno,2021-01-08,1777,17406,616,11330,1161,6076,0,0,1411,15714,364,864,1411,16578,California
Fresno,2021-01-09,628,18034,387,11717,241,6317,0,0,354,15794,274,1138,354,16932,California
Fresno,2021-01-10,514,18548,485,12202,29,6346,0,0,201,15682,313,1451,201,17133,California
Fresno,2021-01-11,2143,20691,1739,13941,404,6750,0,0,1450,16442,693,2144,1453,18586,California
Fresno,2021-01-12,2506,23197,1813,15754,693,7443,0,0,1659,17254,849,2993,1661,20247,California
Fresno,2021-01-13,3522,26719,2412,18166,1110,8553,0,0,2667,19068,855,3848,2669,22916,California
Fresno,2021-01-14,4134,30853,2199,20365,1935,10488,0,0,3663,22261,470,4318,3663,26579,California
Fresno,2021-01-15,3624,34477,2519,22884,1105,11593,0,0,3268,25176,356,4674,3271,29850,California
Fresno,2021-01-16,3135,37612,2293,25177,842,12435,0,0,2672,27387,462,5136,2673,32523,California
Fresno,2021-01-17,975,38587,553,25730,422,12857,0,0,777,27966,198,5334,777,33300,California
Fresno,2021-01-18,3074,41661,2366,28096,708,13565,0,0,2411,29718,661,5995,2413,35713,California
Fresno,2021-01-19,4314,45975,2546,30642,1768,15333,0,0,3668,32743,646,6641,3671,39384,California
Fresno,2021-01-20,2990,48965,1183,31825,1807,17140,0,0,2693,35141,298,6939,2696,42080,California
Fresno,2021-01-21,4343,53308,2001,33826,2342,19482,0,0,3997,38815,328,7267,4002,46082,California
Fresno,2021-01-22,3303,56611,1343,35169,1960,21442,0,0,2916,41362,370,7637,2917,48999,California
Fresno,2021-01-23,3029,59640,1958,37127,1071,22513,0,0,2307,42955,722,8359,2315,51314,California
Fresno,2021-01-24,548,60188,372,37499,176,22689,0,0,345,43100,203,8562,348,51662,California
Fresno,2021-01-25,2333,62521,861,38360,1472,24161,0,0,1848,44467,485,9047,1852,53514,California
Fresno,2021-01-26,2007,64528,581,38941,1426,25587,0,0,1307,45077,698,9745,1308,54822,California
Fresno,2021-01-27,2246,66774,1162,40103,1084,26671,0,0,1727,46289,518,10263,1730,56552,California
Fresno,2021-01-28,4452,71226,3027,43130,1425,28096,0,0,3449,48742,999,11262,3452,60004,California
Fresno,2021-01-29,1697,72923,984,44114,713,28809,0,0,1399,49847,295,11557,1400,61404,California
Fresno,2021-01-30,1432,74355,541,44655,891,29700,0,0,1020,50455,412,11969,1020,62424,California
Fresno,2021-01-31,226,74581,217,44872,9,29709,0,0,72,50373,154,12123,72,62496,California
Fresno,2021-02-01,3313,77894,1655,46527,1658,31367,0,0,1806,50691,1506,13629,1824,64320,California
Fresno,2021-02-02,2719,80613,552,47079,2167,33534,0,0,1595,51189,1110,14739,1608,65928,California
Fresno,2021-02-03,3474,84087,2040,49119,1434,34968,0,0,1517,50764,1943,16682,1518,67446,California
Fresno,2021-02-04,4198,88285,1901,51020,2297,37265,0,0,1931,50463,2237,18919,1936,69382,California
Fresno,2021-02-05,5198,93483,2598,53618,2600,39865,0,0,2184,49641,3008,21927,2186,71568,California
Fresno,2021-02-06,2929,96412,2043,55661,886,40751,0,0,973,48664,1952,23879,975,72543,California
Fresno,2021-02-07,464,96876,285,55946,179,40930,0,0,272,48745,191,24070,272,72815,California
Fresno,2021-02-08,4275,101151,2297,58243,1978,42908,0,0,1812,48127,2439,26509,1821,74636,California
Fresno,2021-02-09,5323,106474,2082,60325,3241,46149,0,0,3116,49119,2132,28641,3124,77760,California
Fresno,2021-02-10,3862,110336,1234,61559,2628,48777,0,0,1981,49283,1827,30468,1991,79751,California
Fresno,2021-02-11,6442,116778,2090,63649,4352,53129,0,0,3391,49641,3037,33505,3395,83146,California
Fresno,2021-02-12,5365,122143,1380,65029,3985,57114,0,0,2746,49791,2602,36107,2752,85898,California
Fresno,2021-02-13,3722,125865,1544,66573,2178,59292,0,0,2074,50234,1636,37743,2079,87977,California
Fresno,2021-02-14,1558,127423,281,66854,1277,60569,0,0,848,50374,709,38452,849,88826,California
Fresno,2021-02-15,2879,130302,270,67124,2609,63178,0,0,1775,51053,1100,39552,1779,90605,California
Fresno,2021-02-16,6672,136974,2398,69522,4274,67452,0,0,4245,52893,2411,41963,4251,94856,California
Fresno,2021-02-17,5318,142292,2446,71968,2872,70324,0,0,2975,53573,2299,44262,2979,97835,California
Fresno,2021-02-18,6847,149139,2901,74869,3946,74270,0,0,2574,51933,4225,48487,2585,100420,California
Fresno,2021-02-19,3827,152966,1095,75964,2732,77002,0,0,1829,51777,1988,50475,1832,102252,California
Fresno,2021-02-20,4531,157497,2496,78460,2035,79037,0,0,3064,53385,1461,51936,3069,105321,California
Fresno,2021-02-21,186,157683,170,78630,16,79053,0,0,127,53466,46,51982,127,105448,California
Fresno,2021-02-22,2217,159900,999,79629,1218,80271,0,0,1225,53709,986,52968,1229,106677,California
Fresno,2021-02-23,3852,163752,1452,81081,2400,82671,0,0,2999,55864,846,53814,3001,109678,California
Fresno,2021-02-24,4154,167906,1490,82571,2664,85335,0,0,3414,58552,730,54544,3418,113096,California
Fresno,2021-02-25,7436,175342,2489,85060,4947,90282,0,0,5990,63166,1381,55925,5995,119091,California
Fresno,2021-02-26,8259,183601,2997,88057,5262,95544,0,0,6989,68911,1249,57174,6994,126085,California
Fresno,2021-02-27,6263,189864,2184,90241,4079,99623,0,0,5582,73827,672,57846,5588,131673,California
Fresno,2021-02-28,1627,191491,528,90769,1099,100722,0,0,1544,75299,72,57918,1544,133217,California
Fresno,2021-03-01,4853,196344,1278,92047,3575,104297,0,0,3583,77630,1260,59178,3591,136808,California
Fresno,2021-03-02,8327,204671,2283,94330,6044,110341,0,0,6987,83324,1317,60495,7011,143819,California
Fresno,2021-03-03,6520,211191,1566,95896,4953,115294,1,1,5504,87939,1004,61499,5619,149438,California
Fresno,2021-03-04,8371,219562,2495,98391,5876,121170,0,1,6873,93347,1473,62972,6881,156319,California
Fresno,2021-03-05,7724,227286,2639,101030,5083,126253,2,3,6720,99272,872,63844,6797,163116,California
Fresno,2021-03-06,6414,233700,3520,104550,2777,129030,117,120,5480,103944,929,64773,5601,168717,California
Fresno,2021-03-07,1361,235061,568,105118,760,129790,33,153,1139,104895,221,64994,1172,169889,California
Fresno,2021-03-08,4769,239830,1756,106874,2860,132650,153,306,3602,107500,1160,66154,3765,173654,California
Fresno,2021-03-09,6749,246579,2284,109158,4198,136848,267,573,3856,108783,2876,69030,4159,177813,California
Fresno,2021-03-10,6497,253076,2650,111808,3461,140309,386,959,5117,112925,1370,70400,5512,183325,California
Fresno,2021-03-11,11168,264244,4491,116299,6116,146425,561,1520,6174,114773,4962,75362,6810,190135,California
Fresno,2021-03-12,11310,275554,4879,121178,5991,152416,440,1960,8386,120829,2909,78271,8965,199100,California
Fresno,2021-03-13,8023,283577,3881,125059,3130,155546,1012,2972,3855,121620,4151,82422,4942,204042,California
Fresno,2021-03-14,1724,285301,461,125520,984,156530,279,3251,647,121474,1071,83493,925,204967,California
Fresno,2021-03-15,6792,292093,2912,128432,3710,160240,170,3421,4647,124342,2133,85626,5001,209968,California
Fresno,2021-03-16,9985,302078,4391,132823,5204,165444,390,3811,6127,127123,3835,89461,6616,216584,California
Fresno,2021-03-17,8392,310470,3856,136679,3843,169287,693,4504,5631,131083,2745,92206,6705,223289,California
Fresno,2021-03-18,12104,322574,6537,143216,4937,174224,630,5134,7941,135949,4127,96333,8993,232282,California
Fresno,2021-03-19,10796,333370,5581,148797,4601,178825,614,5748,7379,140844,3391,99724,8286,240568,California
Fresno,2021-03-20,7307,340677,4378,153175,2618,181443,311,6059,4484,143102,2809,102533,5067,245635,California
Fresno,2021-03-21,1765,342442,1196,154371,197,181640,372,6431,958,143633,803,103336,1334,246969,California
Fresno,2021-03-22,5580,348022,2874,157245,2112,183752,594,7025,3792,146447,1771,105107,4585,251554,California
Fresno,2021-03-23,10561,358583,5224,162469,4846,188598,491,7516,6141,149106,4400,109507,7059,258613,California
Fresno,2021-03-24,8561,367144,3625,166094,4108,192706,828,8344,4744,150945,3786,113293,5625,264238,California
Fresno,2021-03-25,11882,379026,5546,171640,5641,198347,695,9039,6155,152183,5695,118988,6933,271171,California
Fresno,2021-03-26,11828,390854,5297,176937,5890,204237,641,9680,5267,151598,6516,125504,5931,277102,California
Fresno,2021-03-27,9341,400195,4117,181054,4140,208377,1084,10764,2941,149260,6369,131873,4031,281133,California
Fresno,2021-03-28,3183,403378,1186,182240,1391,209768,606,11370,1345,149640,1831,133704,2211,283344,California
Fresno,2021-03-29,5993,409371,1979,184219,3473,213241,541,11911,2929,150078,3045,136749,3483,286827,California
Fresno,2021-03-30,10583,419954,4129,188348,5585,218826,869,12780,4453,149297,6106,142855,5325,292152,California
Fresno,2021-03-31,8768,428722,3279,191627,4514,223340,975,13755,3800,149143,4932,147787,4778,296930,California
Fresno,2021-04-01,10732,439454,3939,195566,5949,229289,844,14599,3756,146796,6905,154692,4558,301488,California
Fresno,2021-04-02,10421,449875,4373,199939,5288,234577,760,15359,4128,145546,6146,160838,4896,306384,California
Fresno,2021-04-03,6084,455959,3338,203277,2503,237080,243,15602,2214,144184,3857,164695,2495,308879,California
Fresno,2021-04-04,1480,457439,527,203804,911,237991,42,15644,561,143874,913,165608,603,309482,California
Fresno,2021-04-05,7334,464773,3718,207522,2885,240876,731,16375,2372,142096,4952,170560,3174,312656,California
Fresno,2021-04-06,8770,473543,3456,210978,4231,245107,1083,17458,3432,141316,5310,175870,4530,317186,California
Fresno,2021-04-07,8784,482327,4214,215192,3530,248637,1040,18498,3115,139864,5639,181509,4187,321373,California
Fresno,2021-04-08,4506,486833,2049,217241,1946,250583,511,19009,1675,139291,2809,184318,2236,323609,California
Glenn,2020-12-17,1,1,1,1,0,0,0,0,1,1,0,0,1,1,California
Glenn,2020-12-19,1,2,1,2,0,0,0,0,1,2,0,0,1,2,California
Glenn,2020-12-20,1,3,1,3,0,0,0,0,1,3,0,0,1,3,California
Glenn,2020-12-21,11,14,11,14,0,0,0,0,11,14,0,0,11,14,California
Glenn,2020-12-22,59,73,59,73,0,0,0,0,59,73,0,0,59,73,California
Glenn,2020-12-23,26,99,26,99,0,0,0,0,26,99,0,0,26,99,California
Glenn,2020-12-24,9,108,9,108,0,0,0,0,9,108,0,0,9,108,California
Glenn,2020-12-26,2,110,2,110,0,0,0,0,2,110,0,0,2,110,California
Glenn,2020-12-27,4,114,4,114,0,0,0,0,4,114,0,0,4,114,California
Glenn,2020-12-28,21,135,21,135,0,0,0,0,21,135,0,0,21,135,California
Glenn,2020-12-29,82,217,82,217,0,0,0,0,82,217,0,0,82,217,California
Glenn,2020-12-30,128,345,106,323,22,22,0,0,128,345,0,0,128,345,California
Glenn,2020-12-31,38,383,9,332,29,51,0,0,38,383,0,0,38,383,California
Glenn,2021-01-02,2,385,2,334,0,51,0,0,2,385,0,0,2,385,California
Glenn,2021-01-04,7,392,5,339,2,53,0,0,7,392,0,0,7,392,California
Glenn,2021-01-05,9,401,8,347,1,54,0,0,9,401,0,0,9,401,California
Glenn,2021-01-06,61,462,9,356,52,106,0,0,61,462,0,0,61,462,California
Glenn,2021-01-07,66,528,12,368,54,160,0,0,64,524,2,2,64,526,California
Glenn,2021-01-08,11,539,9,377,2,162,0,0,11,535,0,2,11,537,California
Glenn,2021-01-10,1,540,1,378,0,162,0,0,0,534,1,3,0,537,California
Glenn,2021-01-11,30,570,30,408,0,162,0,0,12,528,18,21,12,549,California
Glenn,2021-01-12,42,612,37,445,5,167,0,0,14,514,28,49,14,563,California
Glenn,2021-01-13,152,764,87,532,65,232,0,0,109,580,43,92,109,672,California
Glenn,2021-01-14,184,948,96,628,88,320,0,0,174,744,10,102,174,846,California
Glenn,2021-01-15,42,990,34,662,8,328,0,0,37,776,5,107,37,883,California
Glenn,2021-01-16,34,1024,14,676,20,348,0,0,24,790,10,117,24,907,California
Glenn,2021-01-17,4,1028,2,678,2,350,0,0,2,790,2,119,2,909,California
Glenn,2021-01-18,17,1045,16,694,1,351,0,0,9,791,8,127,9,918,California
Glenn,2021-01-19,30,1075,20,714,10,361,0,0,13,787,17,144,13,931,California
Glenn,2021-01-20,163,1238,94,808,69,430,0,0,82,788,81,225,82,1013,California
Glenn,2021-01-21,124,1362,98,906,26,456,0,0,30,724,94,319,30,1043,California
Glenn,2021-01-22,337,1699,63,969,274,730,0,0,330,1047,7,326,330,1373,California
Glenn,2021-01-23,14,1713,7,976,7,737,0,0,12,1057,2,328,12,1385,California
Glenn,2021-01-24,2,1715,2,978,0,737,0,0,2,1059,0,328,2,1387,California
Glenn,2021-01-25,27,1742,9,987,18,755,0,0,24,1080,3,331,24,1411,California
Glenn,2021-01-26,29,1771,13,1000,16,771,0,0,23,1097,6,337,23,1434,California
Glenn,2021-01-27,188,1959,14,1014,174,945,0,0,166,1241,22,359,166,1600,California
Glenn,2021-01-28,146,2105,8,1022,138,1083,0,0,116,1327,30,389,116,1716,California
Glenn,2021-01-29,297,2402,12,1034,285,1368,0,0,283,1596,14,403,283,1999,California
Glenn,2021-01-30,5,2407,0,1034,5,1373,0,0,5,1601,0,403,5,2004,California
Glenn,2021-01-31,1,2408,0,1034,1,1374,0,0,1,1602,0,403,1,2005,California
Glenn,2021-02-01,28,2436,10,1044,18,1392,0,0,16,1606,12,415,16,2021,California
Glenn,2021-02-02,28,2464,13,1057,15,1407,0,0,19,1616,9,424,19,2040,California
Glenn,2021-02-03,207,2671,58,1115,149,1556,0,0,112,1633,95,519,112,2152,California
Glenn,2021-02-04,149,2820,84,1199,65,1621,0,0,45,1574,104,623,45,2197,California
Glenn,2021-02-05,320,3140,24,1223,296,1917,0,0,301,1856,19,642,301,2498,California
Glenn,2021-02-06,14,3154,2,1225,12,1929,0,0,13,1868,1,643,13,2511,California
Glenn,2021-02-07,2,3156,2,1227,0,1929,0,0,2,1870,0,643,2,2513,California
Glenn,2021-02-08,21,3177,17,1244,4,1933,0,0,4,1857,17,660,4,2517,California
Glenn,2021-02-09,49,3226,20,1264,29,1962,0,0,36,1880,13,673,36,2553,California
Glenn,2021-02-10,138,3364,19,1283,119,2081,0,0,64,1870,74,747,64,2617,California
Glenn,2021-02-11,231,3595,132,1415,99,2180,0,0,149,1937,82,829,149,2766,California
Glenn,2021-02-12,420,4015,99,1514,321,2501,0,0,356,2229,64,893,356,3122,California
Glenn,2021-02-13,34,4049,7,1521,27,2528,0,0,16,2227,18,911,16,3138,California
Glenn,2021-02-14,1,4050,0,1521,1,2529,0,0,1,2228,0,911,1,3139,California
Glenn,2021-02-15,8,4058,0,1521,8,2537,0,0,8,2236,0,911,8,3147,California
Glenn,2021-02-16,39,4097,9,1530,30,2567,0,0,21,2239,18,929,21,3168,California
Glenn,2021-02-17,379,4476,15,1545,364,2931,0,0,301,2462,78,1007,301,3469,California
Glenn,2021-02-18,134,4610,99,1644,35,2966,0,0,110,2548,24,1031,110,3579,California
Glenn,2021-02-19,304,4914,17,1661,287,3253,0,0,30,2304,274,1305,30,3609,California
Glenn,2021-02-20,8,4922,0,1661,8,3261,0,0,0,2296,8,1313,0,3609,California
Glenn,2021-02-22,33,4955,14,1675,19,3280,0,0,17,2297,16,1329,17,3626,California
Glenn,2021-02-23,40,4995,10,1685,30,3310,0,0,28,2313,12,1341,28,3654,California
Glenn,2021-02-24,222,5217,16,1701,206,3516,0,0,48,2187,174,1515,48,3702,California
Glenn,2021-02-25,260,5477,146,1847,114,3630,0,0,116,2159,144,1659,116,3818,California
Glenn,2021-02-26,305,5782,24,1871,281,3911,0,0,20,1895,284,1943,20,3838,California
Glenn,2021-02-27,15,5797,5,1876,10,3921,0,0,5,1891,9,1952,5,3843,California
Glenn,2021-02-28,6,5803,3,1879,3,3924,0,0,3,1892,2,1954,3,3846,California
Glenn,2021-03-01,28,5831,6,1885,22,3946,0,0,12,1888,16,1970,12,3858,California
Glenn,2021-03-02,35,5866,7,1892,28,3974,0,0,17,1887,18,1988,17,3875,California
Glenn,2021-03-03,190,6056,34,1926,156,4130,0,0,98,1894,91,2079,98,3973,California
Glenn,2021-03-04,520,6576,175,2101,345,4475,0,0,376,2126,144,2223,376,4349,California
Glenn,2021-03-05,353,6929,44,2145,309,4784,0,0,34,1841,319,2542,34,4383,California
Glenn,2021-03-06,26,6955,3,2148,22,4806,1,1,9,1834,17,2559,10,4393,California
Glenn,2021-03-07,5,6960,0,2148,5,4811,0,1,3,1836,1,2560,3,4396,California
Glenn,2021-03-08,20,6980,2,2150,17,4828,1,2,18,1853,2,2562,19,4415,California
Glenn,2021-03-09,74,7054,11,2161,60,4888,3,5,50,1881,24,2586,52,4467,California
Glenn,2021-03-10,171,7225,68,2229,101,4989,2,7,95,1902,76,2662,97,4564,California
Glenn,2021-03-11,582,7807,169,2398,389,5378,24,31,452,2248,130,2792,476,5040,California
Glenn,2021-03-12,415,8222,14,2412,340,5718,61,92,39,1972,376,3168,100,5140,California
Glenn,2021-03-13,11,8233,2,2414,1,5719,8,100,1,1971,10,3178,9,5149,California
Glenn,2021-03-14,3,8236,1,2415,2,5721,0,100,2,1972,1,3179,2,5151,California
Glenn,2021-03-15,75,8311,15,2430,55,5776,5,105,60,2022,15,3194,65,5216,California
Glenn,2021-03-16,104,8415,32,2462,61,5837,11,116,63,2055,41,3235,74,5290,California
Glenn,2021-03-17,412,8827,97,2559,308,6145,7,123,110,1869,302,3537,116,5406,California
Glenn,2021-03-18,518,9345,214,2773,49,6194,255,378,145,1896,373,3910,400,5806,California
Glenn,2021-03-19,91,9436,16,2789,69,6263,6,384,70,1952,20,3930,76,5882,California
Glenn,2021-03-20,120,9556,1,2790,118,6381,1,385,118,2069,2,3932,119,6001,California
Glenn,2021-03-21,6,9562,5,2795,0,6381,1,386,3,2071,2,3934,4,6005,California
Glenn,2021-03-22,115,9677,52,2847,55,6436,8,394,95,2156,18,3952,103,6108,California
Glenn,2021-03-23,168,9845,67,2914,50,6486,51,445,95,2230,72,4024,146,6254,California
Glenn,2021-03-24,204,10049,99,3013,100,6586,5,450,133,2298,70,4094,138,6392,California
Glenn,2021-03-25,455,10504,230,3243,131,6717,94,544,326,2590,128,4222,420,6812,California
Glenn,2021-03-26,225,10729,34,3277,155,6872,36,580,175,2751,50,4272,211,7023,California
Glenn,2021-03-27,152,10881,21,3298,126,6998,5,585,142,2888,10,4282,147,7170,California
Glenn,2021-03-28,15,10896,10,3308,5,7003,0,585,10,2893,5,4287,10,7180,California
Glenn,2021-03-29,58,10954,19,3327,36,7039,3,588,44,2926,14,4301,47,7227,California
Glenn,2021-03-30,73,11027,41,3368,31,7070,1,589,43,2941,29,4330,44,7271,California
Glenn,2021-03-31,125,11152,36,3404,88,7158,1,590,55,2927,70,4400,56,7327,California
Glenn,2021-04-01,640,11792,186,3590,445,7603,9,599,231,2758,409,4809,240,7567,California
Glenn,2021-04-02,156,11948,25,3615,119,7722,12,611,122,2858,34,4843,134,7701,California
Glenn,2021-04-03,90,12038,4,3619,79,7801,7,618,79,2933,11,4854,86,7787,California
Glenn,2021-04-04,8,12046,3,3622,3,7804,2,620,4,2935,4,4858,6,7793,California
Glenn,2021-04-05,61,12107,23,3645,27,7831,11,631,26,2937,35,4893,37,7830,California
Glenn,2021-04-06,136,12243,49,3694,48,7879,39,670,35,2910,101,4994,74,7904,California
Glenn,2021-04-07,137,12380,33,3727,52,7931,52,722,60,2945,77,5071,112,8016,California
Glenn,2021-04-08,229,12609,170,3897,35,7966,24,746,101,2942,128,5199,125,8141,California
Humboldt,2020-12-15,2,2,2,2,0,0,0,0,2,2,0,0,2,2,California
Humboldt,2020-12-16,15,17,15,17,0,0,0,0,15,17,0,0,15,17,California
Humboldt,2020-12-17,115,132,115,132,0,0,0,0,115,132,0,0,115,132,California
Humboldt,2020-12-18,175,307,175,307,0,0,0,0,175,307,0,0,175,307,California
Humboldt,2020-12-19,10,317,10,317,0,0,0,0,10,317,0,0,10,317,California
Humboldt,2020-12-20,28,345,28,345,0,0,0,0,28,345,0,0,28,345,California
Humboldt,2020-12-21,165,510,165,510,0,0,0,0,165,510,0,0,165,510,California
Humboldt,2020-12-22,290,800,290,800,0,0,0,0,290,800,0,0,290,800,California
Humboldt,2020-12-23,308,1108,260,1060,48,48,0,0,309,1109,0,0,309,1109,California
Humboldt,2020-12-24,25,1133,2,1062,23,71,0,0,25,1134,0,0,25,1134,California
Humboldt,2020-12-25,2,1135,2,1064,0,71,0,0,2,1136,0,0,2,1136,California
Humboldt,2020-12-26,6,1141,5,1069,1,72,0,0,6,1142,0,0,6,1142,California
Humboldt,2020-12-28,153,1294,144,1213,9,81,0,0,153,1295,0,0,153,1295,California
Humboldt,2020-12-29,165,1459,122,1335,43,124,0,0,165,1460,0,0,165,1460,California
Humboldt,2020-12-30,222,1681,123,1458,99,223,0,0,222,1682,0,0,222,1682,California
Humboldt,2020-12-31,241,1922,79,1537,162,385,0,0,241,1923,0,0,241,1923,California
Humboldt,2021-01-01,1,1923,1,1538,0,385,0,0,1,1924,0,0,1,1924,California
Humboldt,2021-01-02,39,1962,1,1539,38,423,0,0,39,1963,0,0,39,1963,California
Humboldt,2021-01-04,213,2175,140,1679,73,496,0,0,214,2177,0,0,214,2177,California
Humboldt,2021-01-05,126,2301,18,1697,108,604,0,0,125,2301,1,1,125,2302,California
Humboldt,2021-01-06,300,2601,203,1900,97,701,0,0,228,2468,61,62,228,2530,California
Humboldt,2021-01-07,417,3018,304,2204,113,814,0,0,306,2678,96,158,306,2836,California
Humboldt,2021-01-08,417,3435,279,2483,138,952,0,0,283,2831,130,288,283,3119,California
Humboldt,2021-01-09,69,3504,45,2528,24,976,0,0,66,2895,3,291,67,3186,California
Humboldt,2021-01-10,84,3588,84,2612,0,976,0,0,4,2819,80,371,4,3190,California
Humboldt,2021-01-11,288,3876,277,2889,11,987,0,0,74,2683,210,581,74,3264,California
Humboldt,2021-01-12,479,4355,316,3205,163,1150,0,0,298,2822,159,740,298,3562,California
Humboldt,2021-01-13,475,4830,272,3477,203,1353,0,0,300,2951,172,912,301,3863,California
Humboldt,2021-01-14,516,5346,161,3638,355,1708,0,0,460,3356,56,968,461,4324,California
Humboldt,2021-01-15,374,5720,40,3678,334,2042,0,0,356,3695,17,985,356,4680,California
Humboldt,2021-01-16,169,5889,6,3684,163,2205,0,0,168,3862,1,986,168,4848,California
Humboldt,2021-01-17,6,5895,4,3688,2,2207,0,0,6,3868,0,986,6,4854,California
Humboldt,2021-01-18,291,6186,256,3944,35,2242,0,0,142,3861,149,1135,142,4996,California
Humboldt,2021-01-19,615,6801,370,4314,245,2487,0,0,489,4230,120,1255,489,5485,California
Humboldt,2021-01-20,895,7696,385,4699,510,2997,0,0,763,4869,126,1381,765,6250,California
Humboldt,2021-01-21,954,8650,260,4959,694,3691,0,0,913,5741,41,1422,913,7163,California
Humboldt,2021-01-22,673,9323,374,5333,299,3990,0,0,665,6398,8,1430,665,7828,California
Humboldt,2021-01-23,795,10118,267,5600,528,4518,0,0,788,7180,7,1437,789,8617,California
Humboldt,2021-01-24,223,10341,1,5601,222,4740,0,0,223,7403,0,1437,223,8840,California
Humboldt,2021-01-25,302,10643,232,5833,70,4810,0,0,148,7397,154,1591,148,8988,California
Humboldt,2021-01-26,522,11165,140,5973,382,5192,0,0,475,7825,47,1638,475,9463,California
Humboldt,2021-01-27,1253,12418,585,6558,668,5860,0,0,1189,8957,57,1695,1189,10652,California
Humboldt,2021-01-28,1443,13861,625,7183,818,6678,0,0,1307,10133,133,1828,1309,11961,California
Humboldt,2021-01-29,1125,14986,541,7724,584,7262,0,0,709,10427,416,2244,710,12671,California
Humboldt,2021-01-30,968,15954,456,8180,512,7774,0,0,958,11376,10,2254,959,13630,California
Humboldt,2021-01-31,307,16261,306,8486,1,7775,0,0,306,11681,1,2255,306,13936,California
Humboldt,2021-02-01,329,16590,189,8675,140,7915,0,0,187,11727,141,2396,187,14123,California
Humboldt,2021-02-02,438,17028,72,8747,366,8281,0,0,336,11965,100,2496,338,14461,California
Humboldt,2021-02-03,644,17672,258,9005,386,8667,0,0,497,12315,147,2643,497,14958,California
Humboldt,2021-02-04,638,18310,261,9266,377,9044,0,0,442,12564,193,2836,442,15400,California
Humboldt,2021-02-05,807,19117,95,9361,712,9756,0,0,624,13005,183,3019,624,16024,California
Humboldt,2021-02-06,1053,20170,442,9803,611,10367,0,0,1012,13978,40,3059,1013,17037,California
Humboldt,2021-02-07,377,20547,7,9810,370,10737,0,0,373,14348,4,3063,374,17411,California
Humboldt,2021-02-08,320,20867,139,9949,181,10918,0,0,180,14389,139,3202,180,17591,California
Humboldt,2021-02-09,490,21357,216,10165,274,11192,0,0,177,14253,313,3515,177,17768,California
Humboldt,2021-02-10,559,21916,367,10532,192,11384,0,0,231,14161,323,3838,231,17999,California
Humboldt,2021-02-11,1289,23205,391,10923,898,12282,0,0,510,13895,776,4614,510,18509,California
Humboldt,2021-02-12,1141,24346,731,11654,410,12692,0,0,704,14162,437,5051,704,19213,California
Humboldt,2021-02-13,1487,25833,543,12197,944,13636,0,0,902,14481,583,5634,902,20115,California
Humboldt,2021-02-14,113,25946,5,12202,108,13744,0,0,110,14589,2,5636,110,20225,California
Humboldt,2021-02-15,291,26237,77,12279,214,13958,0,0,194,14686,97,5733,194,20419,California
Humboldt,2021-02-16,531,26768,116,12395,415,14373,0,0,250,14656,281,6014,251,20670,California
Humboldt,2021-02-17,448,27216,279,12674,169,14542,0,0,136,14480,312,6326,136,20806,California
Humboldt,2021-02-18,965,28181,595,13269,370,14912,0,0,229,13973,736,7062,229,21035,California
Humboldt,2021-02-19,476,28657,435,13704,41,14953,0,0,90,13680,383,7445,90,21125,California
Humboldt,2021-02-20,1568,30225,964,14668,604,15557,0,0,465,13047,1100,8545,467,21592,California
Humboldt,2021-02-21,477,30702,469,15137,8,15565,0,0,187,12946,289,8834,188,21780,California
Humboldt,2021-02-22,124,30826,90,15227,34,15599,0,0,26,12876,96,8930,26,21806,California
Humboldt,2021-02-23,169,30995,69,15296,100,15699,0,0,39,12787,128,9058,39,21845,California
Humboldt,2021-02-24,1142,32137,684,15980,458,16157,0,0,567,12780,574,9632,567,22412,California
Humboldt,2021-02-25,826,32963,315,16295,511,16668,0,0,225,12406,599,10231,225,22637,California
Humboldt,2021-02-26,2136,35099,105,16400,2031,18699,0,0,453,11181,1678,11909,453,23090,California
Humboldt,2021-02-27,1685,36784,1071,17471,614,19313,0,0,867,11236,816,12725,871,23961,California
Humboldt,2021-02-28,122,36906,12,17483,110,19423,0,0,116,11346,6,12731,116,24077,California
Humboldt,2021-03-01,252,37158,46,17529,206,19629,0,0,177,11448,75,12806,177,24254,California
Humboldt,2021-03-02,283,37441,49,17578,233,19862,1,1,153,11472,130,12936,154,24408,California
Humboldt,2021-03-03,1605,39046,1076,18654,529,20391,0,1,1188,12250,411,13347,1189,25597,California
Humboldt,2021-03-04,879,39925,108,18762,771,21162,0,1,264,11901,615,13962,266,25863,California
Humboldt,2021-03-05,917,40842,177,18939,729,21891,11,12,369,11737,544,14506,380,26243,California
Humboldt,2021-03-06,1676,42518,832,19771,798,22689,46,58,707,11522,968,15474,753,26996,California
Humboldt,2021-03-07,362,42880,295,20066,49,22738,18,76,157,11492,205,15679,175,27171,California
Humboldt,2021-03-08,253,43133,7,20073,169,22907,77,153,161,11638,92,15771,238,27409,California
Humboldt,2021-03-09,451,43584,200,20273,107,23014,144,297,210,11753,239,16010,354,27763,California
Humboldt,2021-03-10,680,44264,463,20736,64,23078,153,450,411,12047,268,16278,562,28325,California
Humboldt,2021-03-11,1322,45586,459,21195,762,23840,101,551,507,11840,814,17092,607,28932,California
Humboldt,2021-03-12,1717,47303,1083,22278,420,24260,214,765,1042,12431,667,17759,1258,30190,California
Humboldt,2021-03-13,1560,48863,1021,23299,488,24748,51,816,686,12300,868,18627,737,30927,California
Humboldt,2021-03-14,139,49002,18,23317,111,24859,10,826,25,12221,114,18741,35,30962,California
Humboldt,2021-03-15,265,49267,50,23367,195,25054,20,846,49,12074,216,18957,69,31031,California
Humboldt,2021-03-16,631,49898,201,23568,170,25224,260,1106,257,12217,373,19330,516,31547,California
Humboldt,2021-03-17,725,50623,396,23964,221,25445,108,1214,332,12265,392,19722,440,31987,California
Humboldt,2021-03-18,1716,52339,1163,25127,511,25956,42,1256,1035,12666,676,20398,1077,33064,California
Humboldt,2021-03-19,1071,53410,58,25185,699,26655,314,1570,439,12791,628,21026,753,33817,California
Humboldt,2021-03-20,1372,54782,752,25937,607,27262,13,1583,430,12295,940,21966,444,34261,California
Humboldt,2021-03-21,243,55025,31,25968,184,27446,28,1611,197,12474,46,22012,225,34486,California
Humboldt,2021-03-22,110,55135,16,25984,45,27491,49,1660,55,12524,54,22066,104,34590,California
Humboldt,2021-03-23,403,55538,39,26023,321,27812,43,1703,314,12794,87,22153,357,34947,California
Humboldt,2021-03-24,1380,56918,357,26380,976,28788,47,1750,1034,13534,339,22492,1079,36026,California
Humboldt,2021-03-25,1768,58686,1169,27549,536,29324,63,1813,891,13614,874,23366,954,36980,California
Humboldt,2021-03-26,2021,60707,424,27973,1541,30865,56,1869,1581,14817,434,23800,1637,38617,California
Humboldt,2021-03-27,1902,62609,1418,29391,316,31181,168,2037,1044,15174,855,24655,1212,39829,California
Humboldt,2021-03-28,261,62870,78,29469,112,31293,71,2108,83,15150,178,24833,154,39983,California
Humboldt,2021-03-29,464,63334,123,29592,246,31539,95,2203,199,15179,264,25097,293,40276,California
Humboldt,2021-03-30,929,64263,299,29891,517,32056,113,2316,560,15486,366,25463,673,40949,California
Humboldt,2021-03-31,1838,66101,509,30400,1235,33291,94,2410,1404,16553,432,25895,1499,42448,California
Humboldt,2021-04-01,2040,68141,655,31055,1300,34591,85,2495,1449,17502,585,26480,1534,43982,California
Humboldt,2021-04-02,1642,69783,1060,32115,480,35071,102,2597,563,17094,1073,27553,665,44647,California
Humboldt,2021-04-03,1639,71422,1487,33602,136,35207,16,2613,665,16811,964,28517,681,45328,California
Humboldt,2021-04-04,468,71890,359,33961,100,35307,9,2622,397,17146,71,28588,406,45734,California
Humboldt,2021-04-05,650,72540,416,34377,213,35520,21,2643,370,17257,280,28868,391,46125,California
Humboldt,2021-04-06,693,73233,255,34632,351,35871,87,2730,507,17667,183,29051,593,46718,California
Humboldt,2021-04-07,1140,74373,809,35441,228,36099,103,2833,736,18104,402,29453,839,47557,California
Humboldt,2021-04-08,354,74727,30,35471,305,36404,19,2852,262,18294,91,29544,281,47838,California
Imperial,2020-12-16,1,1,1,1,0,0,0,0,1,1,0,0,1,1,California
Imperial,2020-12-17,4,5,4,5,0,0,0,0,4,5,0,0,4,5,California
Imperial,2020-12-18,11,16,11,16,0,0,0,0,11,16,0,0,11,16,California
Imperial,2020-12-20,2,18,2,18,0,0,0,0,2,18,0,0,2,18,California
Imperial,2020-12-21,186,204,186,204,0,0,0,0,186,204,0,0,186,204,California
Imperial,2020-12-22,241,445,239,443,2,2,0,0,241,445,0,0,241,445,California
Imperial,2020-12-23,211,656,210,653,1,3,0,0,210,655,0,0,210,655,California
Imperial,2020-12-24,5,661,5,658,0,3,0,0,5,660,0,0,5,660,California
Imperial,2020-12-26,1,662,0,658,1,4,0,0,1,661,0,0,1,661,California
Imperial,2020-12-27,62,724,0,658,62,66,0,0,62,723,0,0,62,723,California
Imperial,2020-12-28,214,938,114,772,100,166,0,0,214,937,0,0,214,937,California
Imperial,2020-12-29,189,1127,36,808,153,319,0,0,189,1126,0,0,189,1126,California
Imperial,2020-12-30,366,1493,50,858,316,635,0,0,366,1492,0,0,366,1492,California
Imperial,2020-12-31,197,1690,26,884,171,806,0,0,197,1689,0,0,197,1689,California
Imperial,2021-01-01,46,1736,5,889,41,847,0,0,46,1735,0,0,46,1735,California
Imperial,2021-01-02,4,1740,0,889,4,851,0,0,4,1739,0,0,4,1739,California
Imperial,2021-01-03,90,1830,0,889,90,941,0,0,90,1829,0,0,90,1829,California
Imperial,2021-01-04,85,1915,5,894,80,1021,0,0,85,1914,0,0,85,1914,California
Imperial,2021-01-05,172,2087,13,907,159,1180,0,0,172,2086,0,0,172,2086,California
Imperial,2021-01-06,190,2277,25,932,165,1345,0,0,189,2274,1,1,189,2275,California
Imperial,2021-01-07,319,2596,9,941,310,1655,0,0,316,2587,3,4,316,2591,California
Imperial,2021-01-08,190,2786,50,991,140,1795,0,0,181,2759,9,13,181,2772,California
Imperial,2021-01-09,24,2810,21,1012,3,1798,0,0,24,2783,0,13,24,2796,California
Imperial,2021-01-10,1,2811,0,1012,1,1799,0,0,1,2784,0,13,1,2797,California
Imperial,2021-01-11,402,3213,244,1256,158,1957,0,0,174,2730,228,241,174,2971,California
Imperial,2021-01-12,404,3617,301,1557,103,2060,0,0,142,2611,261,502,142,3113,California
Imperial,2021-01-13,379,3996,131,1688,248,2308,0,0,280,2792,99,601,280,3393,California
Imperial,2021-01-14,259,4255,151,1839,108,2416,0,0,253,3040,5,606,253,3646,California
Imperial,2021-01-15,239,4494,182,2021,57,2473,0,0,232,3265,7,613,232,3878,California
Imperial,2021-01-16,76,4570,72,2093,4,2477,0,0,75,3339,1,614,75,3953,California
Imperial,2021-01-17,8,4578,2,2095,6,2483,0,0,8,3347,0,614,8,3961,California
Imperial,2021-01-18,1057,5635,402,2497,655,3138,0,0,958,4207,99,713,959,4920,California
Imperial,2021-01-19,164,5799,128,2625,36,3174,0,0,117,4277,47,760,117,5037,California
Imperial,2021-01-20,290,6089,194,2819,96,3270,0,0,252,4491,38,798,252,5289,California
Imperial,2021-01-21,414,6503,183,3002,231,3501,0,0,394,4865,20,818,394,5683,California
Imperial,2021-01-22,456,6959,189,3191,267,3768,0,0,447,5303,9,827,447,6130,California
Imperial,2021-01-23,1041,8000,290,3481,751,4519,0,0,1040,6342,1,828,1040,7170,California
Imperial,2021-01-24,10,8010,3,3484,7,4526,0,0,10,6352,0,828,10,7180,California
Imperial,2021-01-25,213,8223,5,3489,208,4734,0,0,34,6208,178,1006,34,7214,California
Imperial,2021-01-26,359,8582,184,3673,175,4909,0,0,216,6281,143,1149,216,7430,California
Imperial,2021-01-27,571,9153,163,3836,408,5317,0,0,238,6186,333,1482,238,7668,California
Imperial,2021-01-28,632,9785,159,3995,473,5790,0,0,525,6604,107,1589,525,8193,California
Imperial,2021-01-29,421,10206,295,4290,126,5916,0,0,371,6925,50,1639,371,8564,California
Imperial,2021-01-30,55,10261,30,4320,25,5941,0,0,38,6946,17,1656,38,8602,California
Imperial,2021-01-31,16,10277,6,4326,10,5951,0,0,15,6960,1,1657,15,8617,California
Imperial,2021-02-01,419,10696,54,4380,365,6316,0,0,209,6960,209,1866,209,8826,California
Imperial,2021-02-02,677,11373,54,4434,623,6939,0,0,496,7275,181,2047,496,9322,California
Imperial,2021-02-03,459,11832,50,4484,409,7348,0,0,266,7349,192,2239,266,9588,California
Imperial,2021-02-04,1718,13550,1199,5683,519,7867,0,0,1405,8442,312,2551,1405,10993,California
Imperial,2021-02-05,389,13939,241,5924,148,8015,0,0,153,8361,234,2785,153,11146,California
Imperial,2021-02-06,862,14801,839,6763,23,8038,0,0,825,9150,36,2821,825,11971,California
Imperial,2021-02-07,23,14824,11,6774,12,8050,0,0,22,9171,1,2822,22,11993,California
Imperial,2021-02-08,251,15075,42,6816,209,8259,0,0,183,9286,68,2890,183,12176,California
Imperial,2021-02-09,463,15538,146,6962,317,8576,0,0,306,9435,157,3047,306,12482,California
Imperial,2021-02-10,382,15920,53,7015,329,8905,0,0,94,9242,288,3335,95,12577,California
Imperial,2021-02-11,458,16378,257,7272,201,9106,0,0,89,8962,369,3704,89,12666,California
Imperial,2021-02-12,2116,18494,1406,8678,710,9816,0,0,1764,10375,351,4055,1764,14430,California
Imperial,2021-02-13,41,18535,18,8696,23,9839,0,0,34,10403,7,4062,35,14465,California
Imperial,2021-02-14,23,18558,12,8708,11,9850,0,0,21,10422,2,4064,21,14486,California
Imperial,2021-02-15,30,18588,11,8719,19,9869,0,0,23,10438,7,4071,23,14509,California
Imperial,2021-02-16,515,19103,268,8987,247,10116,0,0,295,10513,220,4291,295,14804,California
Imperial,2021-02-17,440,19543,286,9273,154,10270,0,0,85,10243,355,4646,85,14889,California
Imperial,2021-02-18,649,20192,313,9586,336,10606,0,0,145,9885,503,5149,145,15034,California
Imperial,2021-02-19,764,20956,381,9967,383,10989,0,0,191,9504,572,5721,191,15225,California
Imperial,2021-02-20,1044,22000,196,10163,848,11837,0,0,330,9123,713,6434,332,15557,California
Imperial,2021-02-21,590,22590,556,10719,34,11871,0,0,579,9692,10,6444,579,16136,California
Imperial,2021-02-22,808,23398,569,11288,239,12110,0,0,758,10400,50,6494,758,16894,California
Imperial,2021-02-23,940,24338,377,11665,563,12673,0,0,890,11240,50,6544,890,17784,California
Imperial,2021-02-24,708,25046,293,11958,415,13088,0,0,611,11755,96,6640,611,18395,California
Imperial,2021-02-25,816,25862,340,12298,476,13564,0,0,451,11847,364,7004,456,18851,California
Imperial,2021-02-26,1768,27630,1373,13671,395,13959,0,0,1595,13271,171,7175,1595,20446,California
Imperial,2021-02-27,917,28547,869,14540,48,14007,0,0,179,12713,738,7913,180,20626,California
Imperial,2021-02-28,75,28622,66,14606,9,14016,0,0,66,12770,9,7922,66,20692,California
Imperial,2021-03-01,509,29131,312,14918,197,14213,0,0,446,13156,61,7983,447,21139,California
Imperial,2021-03-02,689,29820,264,15182,425,14638,0,0,401,13272,288,8271,404,21543,California
Imperial,2021-03-03,923,30743,47,15229,875,15513,1,1,554,13472,366,8637,566,22109,California
Imperial,2021-03-04,761,31504,93,15322,668,16181,0,1,501,13744,258,8895,530,22639,California
Imperial,2021-03-05,2573,34077,1944,17266,629,16810,0,1,1250,13676,1320,10215,1252,23891,California
Imperial,2021-03-06,688,34765,238,17504,450,17260,0,1,645,14286,40,10255,650,24541,California
Imperial,2021-03-07,74,34839,43,17547,31,17291,0,1,54,14321,20,10275,55,24596,California
Imperial,2021-03-08,414,35253,333,17880,48,17339,33,34,364,14668,50,10325,397,24993,California
Imperial,2021-03-09,686,35939,316,18196,122,17461,248,282,401,15032,285,10610,649,25642,California
Imperial,2021-03-10,678,36617,311,18507,263,17724,104,386,313,15086,364,10974,418,26060,California
Imperial,2021-03-11,1785,38402,480,18987,1112,18836,193,579,1188,15879,598,11572,1391,27451,California
Imperial,2021-03-12,3696,42098,2538,21525,974,19810,184,763,2108,16588,1584,13156,2293,29744,California
Imperial,2021-03-13,1133,43231,90,21615,819,20629,224,987,849,17382,282,13438,1076,30820,California
Imperial,2021-03-14,172,43403,32,21647,128,20757,12,999,141,17505,31,13469,154,30974,California
Imperial,2021-03-15,672,44075,216,21863,197,20954,259,1258,377,17847,294,13763,636,31610,California
Imperial,2021-03-16,1064,45139,274,22137,337,21291,453,1711,528,18293,535,14298,981,32591,California
Imperial,2021-03-17,1546,46685,663,22800,747,22038,136,1847,971,18829,572,14870,1108,33699,California
Imperial,2021-03-18,1775,48460,1174,23974,541,22579,60,1907,1246,19611,527,15397,1309,35008,California
Imperial,2021-03-19,3338,51798,2444,26418,890,23469,4,1911,1502,19289,1829,17226,1507,36515,California
Imperial,2021-03-20,860,52658,551,26969,304,23773,5,1916,417,19277,440,17666,428,36943,California
Imperial,2021-03-21,215,52873,33,27002,178,23951,4,1920,157,19383,58,17724,164,37107,California
Imperial,2021-03-22,1022,53895,316,27318,699,24650,7,1927,603,19576,418,18142,611,37718,California
Imperial,2021-03-23,1378,55273,405,27723,968,25618,5,1932,883,19973,493,18635,890,38608,California
Imperial,2021-03-24,1869,57142,540,28263,903,26521,426,2358,896,20325,972,19607,1324,39932,California
Imperial,2021-03-25,2667,59809,496,28759,870,27391,1301,3659,995,20949,1671,21278,2295,42227,California
Imperial,2021-03-26,2289,62098,765,29524,654,28045,870,4529,743,21023,1540,22818,1614,43841,California
Imperial,2021-03-27,571,62669,261,29785,259,28304,51,4580,414,21334,154,22972,465,44306,California
Imperial,2021-03-28,206,62875,50,29835,154,28458,2,4582,171,21472,35,23007,173,44479,California
Imperial,2021-03-29,1117,63992,345,30180,389,28847,383,4965,312,21365,803,23810,696,45175,California
Imperial,2021-03-30,1402,65394,678,30858,588,29435,136,5101,673,21447,729,24539,811,45986,California
Imperial,2021-03-31,1512,66906,711,31569,795,30230,6,5107,1007,21956,504,25043,1013,46999,California
Imperial,2021-04-01,1614,68520,327,31896,1046,31276,241,5348,756,22099,854,25897,997,47996,California
Imperial,2021-04-02,1216,69736,443,32339,701,31977,72,5420,707,22369,508,26405,778,48774,California
Imperial,2021-04-03,1432,71168,404,32743,1003,32980,25,5445,683,22332,745,27150,708,49482,California
Imperial,2021-04-04,82,71250,39,32782,27,33007,16,5461,24,22314,58,27208,40,49522,California
Imperial,2021-04-05,1659,72909,890,33672,715,33722,54,5515,332,21380,1320,28528,386,49908,California
Imperial,2021-04-06,1209,74118,513,34185,543,34265,153,5668,656,21641,550,29078,811,50719,California
Imperial,2021-04-07,1976,76094,523,34708,1130,35395,323,5991,1458,22909,514,29592,1782,52501,California
Imperial,2021-04-08,1328,77422,735,35443,378,35773,215,6206,693,23186,632,30224,909,53410,California
Inyo,2020-12-19,85,85,85,85,0,0,0,0,85,85,0,0,85,85,California
Inyo,2020-12-20,58,143,58,143,0,0,0,0,58,143,0,0,58,143,California
Inyo,2020-12-21,88,231,85,228,3,3,0,0,88,231,0,0,88,231,California
Inyo,2020-12-22,105,336,105,333,0,3,0,0,105,336,0,0,105,336,California
Inyo,2020-12-23,70,406,67,400,3,6,0,0,70,406,0,0,70,406,California
Inyo,2020-12-24,16,422,16,416,0,6,0,0,16,422,0,0,16,422,California
Inyo,2020-12-25,1,423,0,416,1,7,0,0,1,423,0,0,1,423,California
Inyo,2020-12-26,74,497,74,490,0,7,0,0,74,497,0,0,74,497,California
Inyo,2020-12-28,48,545,36,526,12,19,0,0,48,545,0,0,48,545,California
Inyo,2020-12-29,20,565,20,546,0,19,0,0,20,565,0,0,20,565,California
Inyo,2020-12-30,56,621,54,600,2,21,0,0,56,621,0,0,56,621,California
Inyo,2020-12-31,29,650,0,600,29,50,0,0,29,650,0,0,29,650,California
Inyo,2021-01-01,1,651,0,600,1,51,0,0,1,651,0,0,1,651,California
Inyo,2021-01-03,1,652,0,600,1,52,0,0,1,652,0,0,1,652,California
Inyo,2021-01-04,1,653,1,601,0,52,0,0,1,653,0,0,1,653,California
Inyo,2021-01-05,34,687,0,601,34,86,0,0,34,687,0,0,34,687,California
Inyo,2021-01-06,68,755,0,601,68,154,0,0,68,755,0,0,68,755,California
Inyo,2021-01-07,31,786,1,602,30,184,0,0,31,786,0,0,31,786,California
Inyo,2021-01-08,9,795,8,610,1,185,0,0,4,786,5,5,5,791,California
Inyo,2021-01-09,87,882,86,696,1,186,0,0,1,701,86,91,1,792,California
Inyo,2021-01-10,52,934,52,748,0,186,0,0,0,649,52,143,0,792,California
Inyo,2021-01-11,97,1031,82,830,15,201,0,0,16,584,81,224,16,808,California
Inyo,2021-01-12,139,1170,118,948,21,222,0,0,28,501,111,335,28,836,California
Inyo,2021-01-13,86,1256,68,1016,18,240,0,0,21,458,65,400,22,858,California
Inyo,2021-01-14,59,1315,13,1029,46,286,0,0,49,497,10,410,49,907,California
Inyo,2021-01-15,162,1477,28,1057,134,420,0,0,162,659,0,410,162,1069,California
Inyo,2021-01-16,74,1551,73,1130,1,421,0,0,1,587,73,483,1,1070,California
Inyo,2021-01-18,58,1609,36,1166,22,443,0,0,19,567,39,522,19,1089,California
Inyo,2021-01-19,116,1725,73,1239,43,486,0,0,100,651,16,538,100,1189,California
Inyo,2021-01-20,144,1869,69,1308,75,561,0,0,90,687,54,592,90,1279,California
Inyo,2021-01-21,120,1989,57,1365,63,624,0,0,119,805,1,593,119,1398,California
Inyo,2021-01-22,62,2051,0,1365,62,686,0,0,61,865,1,594,61,1459,California
Inyo,2021-01-23,52,2103,52,1417,0,686,0,0,52,917,0,594,52,1511,California
Inyo,2021-01-25,49,2152,6,1423,43,729,0,0,37,942,12,606,37,1548,California
Inyo,2021-01-26,133,2285,51,1474,82,811,0,0,127,1063,6,612,127,1675,California
Inyo,2021-01-27,23,2308,2,1476,21,832,0,0,22,1084,1,613,22,1697,California
Inyo,2021-01-28,92,2400,2,1478,90,922,0,0,63,1118,29,642,63,1760,California
Inyo,2021-01-29,25,2425,3,1481,22,944,0,0,23,1139,2,644,23,1783,California
Inyo,2021-01-30,11,2436,1,1482,10,954,0,0,11,1150,0,644,11,1794,California
Inyo,2021-01-31,32,2468,4,1486,28,982,0,0,4,1126,28,672,4,1798,California
Inyo,2021-02-01,11,2479,9,1495,2,984,0,0,1,1117,10,682,1,1799,California
Inyo,2021-02-02,130,2609,15,1510,115,1099,0,0,104,1195,26,708,104,1903,California
Inyo,2021-02-03,116,2725,0,1510,116,1215,0,0,74,1227,42,750,74,1977,California
Inyo,2021-02-04,149,2874,31,1541,118,1333,0,0,90,1258,59,809,90,2067,California
Inyo,2021-02-05,118,2992,62,1603,56,1389,0,0,116,1372,2,811,116,2183,California
Inyo,2021-02-06,4,2996,2,1605,2,1391,0,0,3,1374,1,812,3,2186,California
Inyo,2021-02-07,4,3000,2,1607,2,1393,0,0,4,1378,0,812,4,2190,California
Inyo,2021-02-08,117,3117,7,1614,110,1503,0,0,97,1455,20,832,97,2287,California
Inyo,2021-02-09,193,3310,51,1665,142,1645,0,0,122,1506,71,903,122,2409,California
Inyo,2021-02-10,143,3453,17,1682,126,1771,0,0,109,1581,34,937,109,2518,California
Inyo,2021-02-11,219,3672,56,1738,163,1934,0,0,125,1612,94,1031,125,2643,California
Inyo,2021-02-12,299,3971,52,1790,247,2181,0,0,168,1649,131,1162,168,2811,California
Inyo,2021-02-13,60,4031,55,1845,5,2186,0,0,8,1605,52,1214,8,2819,California
Inyo,2021-02-14,1,4032,0,1845,1,2187,0,0,1,1606,0,1214,1,2820,California
Inyo,2021-02-15,29,4061,9,1854,20,2207,0,0,5,1587,24,1238,5,2825,California
Inyo,2021-02-16,180,4241,49,1903,131,2338,0,0,93,1593,87,1325,93,2918,California
Inyo,2021-02-17,37,4278,4,1907,33,2371,0,0,7,1570,30,1355,7,2925,California
Inyo,2021-02-18,121,4399,5,1912,116,2487,0,0,78,1605,43,1398,78,3003,California
Inyo,2021-02-19,52,4451,4,1916,48,2535,0,0,9,1571,43,1441,9,3012,California
Inyo,2021-02-20,503,4954,499,2415,4,2539,0,0,501,2070,2,1443,501,3513,California
Inyo,2021-02-21,267,5221,267,2682,0,2539,0,0,267,2337,0,1443,267,3780,California
Inyo,2021-02-22,61,5282,19,2701,42,2581,0,0,27,2330,34,1477,27,3807,California
Inyo,2021-02-23,197,5479,20,2721,177,2758,0,0,94,2322,102,1579,94,3901,California
Inyo,2021-02-24,116,5595,0,2721,116,2874,0,0,57,2320,59,1638,57,3958,California
Inyo,2021-02-25,131,5726,3,2724,128,3002,0,0,63,2315,68,1706,63,4021,California
Inyo,2021-02-26,104,5830,61,2785,43,3045,0,0,19,2249,85,1791,19,4040,California
Inyo,2021-02-27,15,5845,4,2789,11,3056,0,0,3,2240,12,1803,3,4043,California
Inyo,2021-02-28,3,5848,1,2790,2,3058,0,0,2,2241,1,1804,2,4045,California
Inyo,2021-03-01,20,5868,2,2792,18,3076,0,0,17,2255,3,1807,17,4062,California
Inyo,2021-03-02,191,6059,1,2793,190,3266,0,0,108,2280,83,1890,108,4170,California
Inyo,2021-03-03,84,6143,3,2796,81,3347,0,0,41,2278,43,1933,41,4211,California
Inyo,2021-03-04,127,6270,4,2800,123,3470,0,0,46,2243,81,2014,46,4257,California
Inyo,2021-03-05,142,6412,57,2857,85,3555,0,0,38,2177,104,2118,38,4295,California
Inyo,2021-03-06,31,6443,1,2858,30,3585,0,0,30,2206,1,2119,30,4325,California
Inyo,2021-03-07,7,6450,4,2862,3,3588,0,0,5,2209,2,2121,5,4330,California
Inyo,2021-03-08,181,6631,5,2867,176,3764,0,0,91,2210,90,2211,91,4421,California
Inyo,2021-03-09,185,6816,2,2869,183,3947,0,0,70,2165,115,2326,70,4491,California
Inyo,2021-03-10,69,6885,8,2877,60,4007,1,1,30,2157,39,2365,31,4522,California
Inyo,2021-03-11,203,7088,1,2878,197,4204,5,6,73,2106,129,2494,78,4600,California
Inyo,2021-03-12,173,7261,4,2882,164,4368,5,11,75,2088,98,2592,80,4680,California
Inyo,2021-03-13,575,7836,540,3422,25,4393,10,21,77,1678,497,3089,87,4767,California
Inyo,2021-03-14,431,8267,429,3851,2,4395,0,21,168,1584,262,3351,168,4935,California
Inyo,2021-03-15,51,8318,15,3866,34,4429,2,23,30,1595,21,3372,32,4967,California
Inyo,2021-03-16,163,8481,3,3869,154,4583,6,29,62,1563,100,3472,68,5035,California
Inyo,2021-03-17,107,8588,3,3872,97,4680,7,36,92,1647,15,3487,99,5134,California
Inyo,2021-03-18,182,8770,14,3886,161,4841,7,43,102,1676,80,3567,109,5243,California
Inyo,2021-03-19,45,8815,3,3889,38,4879,4,47,35,1705,10,3577,39,5282,California
Inyo,2021-03-20,21,8836,1,3890,11,4890,9,56,2,1697,19,3596,11,5293,California
Inyo,2021-03-22,60,8896,2,3892,53,4943,5,61,40,1722,20,3616,45,5338,California
Inyo,2021-03-23,193,9089,4,3896,185,5128,4,65,103,1739,90,3706,107,5445,California
Inyo,2021-03-24,139,9228,3,3899,132,5260,4,69,86,1776,53,3759,90,5535,California
Inyo,2021-03-25,324,9552,104,4003,216,5476,4,73,259,1974,65,3824,263,5798,California
Inyo,2021-03-26,90,9642,2,4005,84,5560,4,77,70,2028,20,3844,74,5872,California
Inyo,2021-03-27,51,9693,44,4049,4,5564,3,80,45,2070,6,3850,48,5920,California
Inyo,2021-03-28,4,9697,1,4050,2,5566,1,81,1,2069,3,3853,2,5922,California
Inyo,2021-03-29,109,9806,2,4052,102,5668,5,86,82,2130,26,3879,87,6009,California
Inyo,2021-03-30,209,10015,3,4055,201,5869,5,91,102,2130,107,3986,107,6116,California
Inyo,2021-03-31,145,10160,4,4059,136,6005,5,96,104,2198,41,4027,109,6225,California
Inyo,2021-04-01,159,10319,5,4064,153,6158,1,97,110,2260,49,4076,111,6336,California
Inyo,2021-04-02,81,10400,1,4065,78,6236,2,99,52,2285,29,4105,54,6390,California
Inyo,2021-04-03,94,10494,46,4111,34,6270,14,113,6,2218,86,4191,19,6409,California
Inyo,2021-04-04,5,10499,4,4115,0,6270,1,114,1,2216,4,4195,2,6411,California
Inyo,2021-04-05,117,10616,1,4116,112,6382,4,118,29,2161,88,4283,33,6444,California
Inyo,2021-04-06,213,10829,4,4120,147,6529,62,180,89,2188,124,4407,151,6595,California
Inyo,2021-04-07,177,11006,2,4122,50,6579,125,305,25,2186,152,4559,150,6745,California
Inyo,2021-04-08,129,11135,12,4134,113,6692,4,309,50,2161,79,4638,54,6799,California
Kern,2020-12-15,1,1,1,1,0,0,0,0,1,1,0,0,1,1,California
Kern,2020-12-16,19,20,19,20,0,0,0,0,19,20,0,0,19,20,California
Kern,2020-12-17,164,184,164,184,0,0,0,0,164,184,0,0,164,184,California
Kern,2020-12-18,319,503,319,503,0,0,0,0,319,503,0,0,319,503,California
Kern,2020-12-19,98,601,98,601,0,0,0,0,99,602,0,0,99,602,California
Kern,2020-12-20,61,662,61,662,0,0,0,0,61,663,0,0,61,663,California
Kern,2020-12-21,669,1331,669,1331,0,0,0,0,669,1332,0,0,669,1332,California
Kern,2020-12-22,530,1861,527,1858,3,3,0,0,530,1862,0,0,530,1862,California
Kern,2020-12-23,557,2418,418,2276,139,142,0,0,557,2419,0,0,557,2419,California
Kern,2020-12-24,122,2540,43,2319,79,221,0,0,122,2541,0,0,122,2541,California
Kern,2020-12-25,1,2541,1,2320,0,221,0,0,1,2542,0,0,1,2542,California
Kern,2020-12-26,33,2574,1,2321,32,253,0,0,33,2575,0,0,33,2575,California
Kern,2020-12-27,35,2609,3,2324,32,285,0,0,35,2610,0,0,35,2610,California
Kern,2020-12-28,824,3433,660,2984,164,449,0,0,824,3434,0,0,824,3434,California
Kern,2020-12-29,745,4178,452,3436,293,742,0,0,745,4179,0,0,745,4179,California
Kern,2020-12-30,1198,5376,907,4343,291,1033,0,0,1198,5377,0,0,1198,5377,California
Kern,2020-12-31,277,5653,98,4441,179,1212,0,0,277,5654,0,0,277,5654,California
Kern,2021-01-01,10,5663,6,4447,4,1216,0,0,10,5664,0,0,10,5664,California
Kern,2021-01-02,77,5740,18,4465,59,1275,0,0,77,5741,0,0,77,5741,California
Kern,2021-01-03,23,5763,4,4469,19,1294,0,0,23,5764,0,0,23,5764,California
Kern,2021-01-04,552,6315,359,4828,193,1487,0,0,552,6316,0,0,552,6316,California
Kern,2021-01-05,1128,7443,735,5563,393,1880,0,0,1116,7420,12,12,1116,7432,California
Kern,2021-01-06,1166,8609,455,6018,711,2591,0,0,1135,8524,31,43,1135,8567,California
Kern,2021-01-07,1403,10012,493,6511,910,3501,0,0,1234,9590,168,211,1234,9801,California
Kern,2021-01-08,1627,11639,766,7277,861,4362,0,0,1331,10624,298,509,1332,11133,California
Kern,2021-01-09,225,11864,76,7353,149,4511,0,0,191,10781,34,543,191,11324,California
Kern,2021-01-10,192,12056,146,7499,46,4557,0,0,151,10891,41,584,151,11475,California
Kern,2021-01-11,1550,13606,981,8480,569,5126,0,0,998,11337,552,1136,998,12473,California
Kern,2021-01-12,1870,15476,810,9290,1060,6186,0,0,1360,12187,510,1646,1360,13833,California
Kern,2021-01-13,1856,17332,867,10157,989,7175,0,0,1434,13199,422,2068,1434,15267,California
Kern,2021-01-14,2179,19511,645,10802,1534,8709,0,0,2134,15287,46,2114,2134,17401,California
Kern,2021-01-15,2702,22213,858,11660,1844,10553,0,0,2604,17797,95,2209,2605,20006,California
Kern,2021-01-16,668,22881,212,11872,456,11009,0,0,634,18397,34,2243,634,20640,California
Kern,2021-01-17,72,22953,7,11879,65,11074,0,0,70,18465,2,2245,70,20710,California
Kern,2021-01-18,1641,24594,658,12537,983,12057,0,0,1472,19768,169,2414,1472,22182,California
Kern,2021-01-19,1847,26441,1027,13564,820,12877,0,0,1380,20681,467,2881,1380,23562,California
Kern,2021-01-20,2440,28881,1508,15072,932,13809,0,0,1816,21880,619,3500,1818,25380,California
Kern,2021-01-21,2161,31042,917,15989,1244,15053,0,0,1967,23654,193,3693,1967,27347,California
Kern,2021-01-22,2709,33751,1291,17280,1418,16471,0,0,2433,25813,274,3967,2433,29780,California
Kern,2021-01-23,1245,34996,533,17813,712,17183,0,0,1199,26966,46,4013,1199,30979,California
Kern,2021-01-24,159,35155,19,17832,140,17323,0,0,154,27115,5,4018,154,31133,California
Kern,2021-01-25,2375,37530,1080,18912,1295,18618,0,0,1893,28528,481,4499,1894,33027,California
Kern,2021-01-26,2749,40279,1114,20026,1635,20253,0,0,1898,29576,850,5349,1898,34925,California
Kern,2021-01-27,3550,43829,1896,21922,1654,21907,0,0,2853,31734,695,6044,2853,37778,California
Kern,2021-01-28,2855,46684,1347,23269,1508,23415,0,0,2425,33736,426,6470,2428,40206,California
Kern,2021-01-29,3767,50451,1799,25068,1968,25383,0,0,3228,36428,536,7006,3228,43434,California
Kern,2021-01-30,1321,51772,496,25564,825,26208,0,0,1274,37657,45,7051,1274,44708,California
Kern,2021-01-31,404,52176,277,25841,127,26335,0,0,270,37793,134,7185,270,44978,California
Kern,2021-02-01,2402,54578,813,26654,1589,27924,0,0,1854,39102,546,7731,1855,46833,California
Kern,2021-02-02,2917,57495,972,27626,1945,29869,0,0,2057,40300,860,8591,2058,48891,California
Kern,2021-02-03,3653,61148,1548,29174,2105,31974,0,0,2687,42028,959,9550,2687,51578,California
Kern,2021-02-04,3793,64941,1447,30621,2346,34320,0,0,2581,43408,1201,10751,2581,54159,California
Kern,2021-02-05,4846,69787,1989,32610,2857,37177,0,0,3089,44759,1738,12489,3089,57248,California
Kern,2021-02-06,1734,71521,765,33375,969,38146,0,0,1511,46050,220,12709,1511,58759,California
Kern,2021-02-07,283,71804,150,33525,133,38279,0,0,267,46303,14,12723,267,59026,California
Kern,2021-02-08,2559,74363,788,34313,1771,40050,0,0,1257,46276,1284,14007,1257,60283,California
Kern,2021-02-09,3022,77385,982,35295,2040,42090,0,0,1465,46192,1550,15557,1466,61749,California
Kern,2021-02-10,3780,81165,1653,36948,2127,44217,0,0,1894,46217,1870,17427,1895,63644,California
Kern,2021-02-11,4251,85416,1538,38486,2713,46930,0,0,2231,46441,2007,19434,2231,65875,California
Kern,2021-02-12,4950,90366,1893,40379,3057,49987,0,0,2482,46469,2454,21888,2482,68357,California
Kern,2021-02-13,2004,92370,724,41103,1280,51267,0,0,1164,46795,838,22726,1164,69521,California
Kern,2021-02-14,350,92720,13,41116,337,51604,0,0,269,46984,80,22806,269,69790,California
Kern,2021-02-15,2725,95445,885,42001,1840,53444,0,0,1202,46672,1515,24321,1203,70993,California
Kern,2021-02-16,2945,98390,719,42720,2226,55670,0,0,1660,47058,1275,25596,1661,72654,California
Kern,2021-02-17,4056,102446,2071,44791,1985,57655,0,0,1929,46867,2121,27717,1930,74584,California
Kern,2021-02-18,3744,106190,1470,46261,2274,59929,0,0,1619,46374,2112,29829,1619,76203,California
Kern,2021-02-19,4191,110381,1916,48177,2275,62204,0,0,1737,45665,2447,32276,1738,77941,California
Kern,2021-02-20,2569,112950,968,49145,1601,63805,0,0,1338,45775,1228,33504,1338,79279,California
Kern,2021-02-21,246,113196,140,49285,106,63911,0,0,85,45702,159,33663,86,79365,California
Kern,2021-02-22,2653,115849,1146,50431,1507,65418,0,0,1429,45912,1219,34882,1429,80794,California
Kern,2021-02-23,3529,119378,1116,51547,2413,67831,0,0,1972,46329,1555,36437,1972,82766,California
Kern,2021-02-24,5153,124531,2265,53812,2888,70719,0,0,3073,47326,2076,38513,3073,85839,California
Kern,2021-02-25,5345,129876,2443,56255,2902,73621,0,0,3170,48339,2157,40670,3170,89009,California
Kern,2021-02-26,6879,136755,3517,59772,3362,76983,0,0,4356,50178,2518,43188,4357,93366,California
Kern,2021-02-27,3845,140600,1888,61660,1957,78940,0,0,2512,51365,1325,44513,2512,95878,California
Kern,2021-02-28,907,141507,498,62158,409,79349,0,0,692,51844,213,44726,692,96570,California
Kern,2021-03-01,3969,145476,1801,63959,2168,81517,0,0,2684,53248,1280,46006,2684,99254,California
Kern,2021-03-02,4348,149824,1367,65326,2980,84497,1,1,2851,54611,1488,47494,2851,102105,California
Kern,2021-03-03,5684,155508,2665,67991,3019,87516,0,1,3607,56157,2062,49556,3608,105713,California
Kern,2021-03-04,5500,161008,2118,70109,3380,90896,2,3,3513,57697,1974,51530,3514,109227,California
Kern,2021-03-05,6428,167436,2648,72757,3763,94659,17,20,4016,59326,2404,53934,4033,113260,California
Kern,2021-03-06,4609,172045,1879,74636,2635,97294,95,115,3364,61550,1236,55170,3460,116720,California
Kern,2021-03-07,2035,174080,1583,76219,407,97701,45,160,1848,63257,186,55356,1893,118613,California
Kern,2021-03-08,2762,176842,851,77070,1699,99400,212,372,1432,63572,1327,56683,1642,120255,California
Kern,2021-03-09,3514,180356,755,77825,2426,101826,333,705,2172,64738,1338,58021,2504,122759,California
Kern,2021-03-10,5939,186295,2459,80284,2475,104301,1005,1710,3489,66793,2439,60460,4494,127253,California
Kern,2021-03-11,6246,192541,2393,82677,2838,107139,1015,2725,3715,68999,2523,62983,4729,131982,California
Kern,2021-03-12,7558,200099,2894,85571,3323,110462,1341,4066,4104,70995,3444,66427,5440,137422,California
Kern,2021-03-13,4360,204459,2293,87864,1733,112195,334,4400,2967,72904,1388,67815,3297,140719,California
Kern,2021-03-14,2260,206719,1408,89272,609,112804,243,4643,1738,74365,520,68335,1981,142700,California
Kern,2021-03-15,4119,210838,1037,90309,2392,115196,690,5333,2121,75184,1990,70325,2809,145509,California
Kern,2021-03-16,4264,215102,986,91295,2763,117959,515,5848,2301,76045,1952,72277,2813,148322,California
Kern,2021-03-17,7095,222197,3753,95048,2827,120786,515,6363,4231,77937,2852,75129,4744,153066,California
Kern,2021-03-18,6915,229112,3351,98399,2989,123775,575,6938,4099,79812,2798,77927,4673,157739,California
Kern,2021-03-19,8576,237688,4650,103049,3278,127053,648,7586,4422,80741,4141,82068,5070,162809,California
Kern,2021-03-20,5841,243529,3509,106558,2158,129211,174,7760,3786,82657,2045,84113,3961,166770,California
Kern,2021-03-21,2854,246383,1738,108296,241,129452,875,8635,1686,84057,1162,85275,2562,169332,California
Kern,2021-03-22,3901,250284,1519,109815,2025,131477,357,8992,1892,84303,2003,87278,2249,171581,California
Kern,2021-03-23,4542,254826,1587,111402,2779,134256,176,9168,2432,84830,2080,89358,2607,174188,California
Kern,2021-03-24,6928,261754,3492,114894,2971,137227,465,9633,3641,85662,3273,92631,4105,178293,California
Kern,2021-03-25,6567,268321,2860,117754,3387,140614,320,9953,3286,86000,3268,95899,3606,181899,California
Kern,2021-03-26,9309,277630,4131,121885,3998,144612,1180,11133,4657,87207,4631,100530,5838,187737,California
Kern,2021-03-27,5404,283034,3714,125599,1573,146185,117,11250,3320,88568,2076,102606,3437,191174,California
Kern,2021-03-28,4168,287202,3685,129284,469,146654,14,11264,2626,89673,1535,104141,2640,193814,California
Kern,2021-03-29,4162,291364,1621,130905,2261,148915,280,11544,2604,91010,1546,105687,2883,196697,California
Kern,2021-03-30,5411,296775,1799,132704,3306,152221,306,11850,3081,92072,2323,108010,3385,200082,California
Kern,2021-03-31,7975,304750,4156,136860,3174,155395,645,12495,4211,93178,3750,111760,4856,204938,California
Kern,2021-04-01,7512,312262,3584,140444,3632,159027,296,12791,4049,94074,3446,115206,4342,209280,California
Kern,2021-04-02,8084,320346,4173,144617,3306,162333,605,13396,4083,94775,3983,119189,4684,213964,California
Kern,2021-04-03,5515,325861,3356,147973,1979,164312,180,13576,2569,94585,2938,122127,2748,216712,California
Kern,2021-04-04,1220,327081,764,148737,372,164684,84,13660,447,94344,772,122899,531,217243,California
Kern,2021-04-05,5199,332280,2161,150898,2282,166966,756,14416,2815,95539,2374,125273,3569,220812,California
Kern,2021-04-06,6101,338381,2350,153248,2830,169796,921,15337,3457,97286,2631,127904,4378,225190,California
Kern,2021-04-07,8723,347104,5147,158395,2720,172516,856,16193,4433,98299,4275,132179,5288,230478,California
Kern,2021-04-08,5167,352271,2896,161291,1809,174325,462,16655,2270,98149,2881,135060,2731,233209,California
Kings,2020-12-16,1,1,1,1,0,0,0,0,1,1,0,0,1,1,California
Kings,2020-12-17,8,9,8,9,0,0,0,0,8,9,0,0,8,9,California
Kings,2020-12-18,12,21,12,21,0,0,0,0,12,21,0,0,12,21,California
Kings,2020-12-19,11,32,11,32,0,0,0,0,11,32,0,0,11,32,California
Kings,2020-12-20,13,45,13,45,0,0,0,0,13,45,0,0,13,45,California
Kings,2020-12-21,155,200,155,200,0,0,0,0,271,316,0,0,271,316,California
Kings,2020-12-22,143,343,143,343,0,0,0,0,140,456,0,0,140,456,California
Kings,2020-12-23,134,477,122,465,12,12,0,0,135,591,0,0,135,591,California
Kings,2020-12-24,11,488,9,474,2,14,0,0,11,602,0,0,11,602,California
Kings,2020-12-26,7,495,4,478,3,17,0,0,7,609,0,0,7,609,California
Kings,2020-12-27,4,499,4,482,0,17,0,0,4,613,0,0,4,613,California
Kings,2020-12-28,131,630,103,585,28,45,0,0,132,745,0,0,132,745,California
Kings,2020-12-29,78,708,51,636,27,72,0,0,79,824,0,0,79,824,California
Kings,2020-12-30,147,855,108,744,39,111,0,0,147,971,0,0,147,971,California
Kings,2020-12-31,43,898,6,750,37,148,0,0,43,1014,0,0,43,1014,California
Kings,2021-01-01,1,899,0,750,1,149,0,0,1,1015,0,0,1,1015,California
Kings,2021-01-02,10,909,9,759,1,150,0,0,10,1025,0,0,10,1025,California
Kings,2021-01-04,112,1021,41,800,71,221,0,0,112,1137,0,0,112,1137,California
Kings,2021-01-05,197,1218,39,839,158,379,0,0,197,1334,0,0,197,1334,California
Kings,2021-01-06,276,1494,177,1016,99,478,0,0,273,1604,3,3,273,1607,California
Kings,2021-01-07,178,1672,81,1097,97,575,0,0,170,1766,8,11,170,1777,California
Kings,2021-01-08,247,1919,54,1151,193,768,0,0,228,1975,19,30,228,2005,California
Kings,2021-01-09,63,1982,9,1160,54,822,0,0,55,2022,8,38,55,2060,California
Kings,2021-01-10,15,1997,3,1163,12,834,0,0,12,2031,3,41,12,2072,California
Kings,2021-01-11,518,2515,356,1519,162,996,0,0,274,2062,244,285,275,2347,California
Kings,2021-01-12,349,2864,252,1771,97,1093,0,0,215,2146,131,416,215,2562,California
Kings,2021-01-13,413,3277,266,2037,147,1240,0,0,322,2377,91,507,322,2884,California
Kings,2021-01-14,208,3485,31,2068,177,1417,0,0,198,2555,21,528,199,3083,California
Kings,2021-01-15,414,3899,28,2096,386,1803,0,0,402,2945,12,540,402,3485,California
Kings,2021-01-16,31,3930,12,2108,19,1822,0,0,30,2974,1,541,30,3515,California
Kings,2021-01-17,8,3938,5,2113,3,1825,0,0,6,2978,2,543,6,3521,California
Kings,2021-01-18,172,4110,40,2153,132,1957,0,0,146,3098,26,569,146,3667,California
Kings,2021-01-19,376,4486,158,2311,218,2175,0,0,248,3218,128,697,248,3915,California
Kings,2021-01-20,225,4711,135,2446,90,2265,0,0,120,3237,101,798,120,4035,California
Kings,2021-01-21,185,4896,32,2478,153,2418,0,0,171,3392,16,814,171,4206,California
Kings,2021-01-22,125,5021,38,2516,87,2505,0,0,125,3512,5,819,125,4331,California
Kings,2021-01-23,26,5047,14,2530,12,2517,0,0,20,3526,6,825,20,4351,California
Kings,2021-01-24,4,5051,4,2534,0,2517,0,0,2,3526,2,827,2,4353,California
Kings,2021-01-25,123,5174,25,2559,98,2615,0,0,90,3583,33,860,90,4443,California
Kings,2021-01-26,153,5327,34,2593,119,2734,0,0,114,3658,39,899,114,4557,California
Kings,2021-01-27,318,5645,34,2627,284,3018,0,0,248,3837,69,968,248,4805,California
Kings,2021-01-28,324,5969,46,2673,278,3296,0,0,271,4055,53,1021,271,5076,California
Kings,2021-01-29,86,6055,26,2699,60,3356,0,0,69,4107,17,1038,69,5145,California
Kings,2021-01-30,1556,7611,31,2730,1525,4881,0,0,1553,5659,3,1041,1555,6700,California
Kings,2021-02-01,199,7810,64,2794,135,5016,0,0,71,5604,126,1167,71,6771,California
Kings,2021-02-02,226,8036,14,2808,212,5228,0,0,81,5541,144,1311,81,6852,California
Kings,2021-02-03,356,8392,192,3000,164,5392,0,0,202,5590,153,1464,202,7054,California
Kings,2021-02-04,391,8783,96,3096,295,5687,0,0,196,5592,194,1658,196,7250,California
Kings,2021-02-05,254,9037,12,3108,242,5929,0,0,100,5540,152,1810,100,7350,California
Kings,2021-02-06,60,9097,10,3118,50,5979,0,0,27,5534,33,1843,27,7377,California
Kings,2021-02-07,5,9102,3,3121,2,5981,0,0,3,5535,2,1845,3,7380,California
Kings,2021-02-08,169,9271,29,3150,140,6121,0,0,68,5502,101,1946,68,7448,California
Kings,2021-02-09,252,9523,57,3207,195,6316,0,0,109,5470,141,2087,109,7557,California
Kings,2021-02-10,286,9809,112,3319,174,6490,0,0,173,5530,113,2200,173,7730,California
Kings,2021-02-11,429,10238,65,3384,364,6854,0,0,318,5738,110,2310,318,8048,California
Kings,2021-02-12,609,10847,36,3420,573,7427,0,0,341,5811,268,2578,341,8389,California
Kings,2021-02-13,102,10949,6,3426,96,7523,0,0,77,5863,25,2603,77,8466,California
Kings,2021-02-14,103,11052,5,3431,98,7621,0,0,95,5950,8,2611,95,8561,California
Kings,2021-02-15,246,11298,5,3436,241,7862,0,0,137,5979,108,2719,137,8698,California
Kings,2021-02-16,483,11781,32,3468,451,8313,0,0,250,5997,232,2951,250,8948,California
Kings,2021-02-17,378,12159,22,3490,356,8669,0,0,241,6102,137,3088,242,9190,California
Kings,2021-02-18,153,12312,23,3513,130,8799,0,0,99,6147,54,3142,99,9289,California
Kings,2021-02-19,157,12469,22,3535,135,8934,0,0,101,6195,53,3195,101,9390,California
Kings,2021-02-20,171,12640,40,3575,131,9065,0,0,134,6292,37,3232,134,9524,California
Kings,2021-02-21,2,12642,1,3576,1,9066,0,0,2,6294,0,3232,2,9526,California
Kings,2021-02-22,110,12752,19,3595,91,9157,0,0,51,6286,59,3291,51,9577,California
Kings,2021-02-23,290,13042,69,3664,221,9378,0,0,173,6342,117,3408,173,9750,California
Kings,2021-02-24,590,13632,152,3816,438,9816,0,0,378,6508,212,3620,378,10128,California
Kings,2021-02-25,662,14294,113,3929,549,10365,0,0,443,6734,217,3837,443,10571,California
Kings,2021-02-26,655,14949,130,4059,525,10890,0,0,592,7264,62,3899,592,11163,California
Kings,2021-02-27,1498,16447,62,4121,1436,12326,0,0,565,6897,932,4831,565,11728,California
Kings,2021-02-28,1169,17616,594,4715,575,12901,0,0,671,7073,495,5326,671,12399,California
Kings,2021-03-01,256,17872,77,4792,179,13080,0,0,212,7241,44,5370,212,12611,California
Kings,2021-03-02,466,18338,204,4996,262,13342,0,0,417,7610,49,5419,418,13029,California
Kings,2021-03-03,606,18944,292,5288,314,13656,0,0,422,7849,183,5602,422,13451,California
Kings,2021-03-04,709,19653,341,5629,368,14024,0,0,615,8371,94,5696,616,14067,California
Kings,2021-03-05,999,20652,348,5977,642,14666,9,9,883,9148,116,5812,893,14960,California
Kings,2021-03-06,508,21160,183,6160,312,14978,13,22,479,9611,29,5841,492,15452,California
Kings,2021-03-07,359,21519,218,6378,137,15115,4,26,351,9958,8,5849,355,15807,California
Kings,2021-03-08,347,21866,95,6473,199,15314,53,79,239,10141,108,5957,291,16098,California
Kings,2021-03-09,449,22315,174,6647,220,15534,55,134,344,10436,105,6062,400,16498,California
Kings,2021-03-10,493,22808,119,6766,283,15817,91,225,312,10658,180,6242,402,16900,California
Kings,2021-03-11,1006,23814,307,7073,589,16406,110,335,602,10968,402,6644,712,17612,California
Kings,2021-03-12,1255,25069,383,7456,779,17185,93,428,872,11553,382,7026,967,18579,California
Kings,2021-03-13,659,25728,331,7787,284,17469,44,472,540,12019,119,7145,585,19164,California
Kings,2021-03-14,667,26395,102,7889,183,17652,382,854,200,12134,467,7612,582,19746,California
Kings,2021-03-15,598,26993,172,8061,311,17963,115,969,362,12378,235,7847,479,20225,California
Kings,2021-03-16,1039,28032,437,8498,541,18504,61,1030,705,12812,332,8179,766,20991,California
Kings,2021-03-17,1082,29114,416,8914,605,19109,61,1091,768,13334,314,8493,836,21827,California
Kings,2021-03-18,1083,30197,465,9379,398,19507,220,1311,754,13983,328,8821,977,22804,California
Kings,2021-03-19,926,31123,467,9846,374,19881,85,1396,709,14573,217,9038,807,23611,California
Kings,2021-03-20,622,31745,253,10099,339,20220,30,1426,450,14890,170,9208,487,24098,California
Kings,2021-03-21,1384,33129,1088,11187,285,20505,11,1437,831,15179,553,9761,842,24940,California
Kings,2021-03-22,446,33575,201,11388,162,20667,83,1520,275,15370,171,9932,362,25302,California
Kings,2021-03-23,879,34454,488,11876,332,20999,59,1579,567,15689,310,10242,629,25931,California
Kings,2021-03-24,904,35358,466,12342,415,21414,23,1602,501,15814,401,10643,526,26457,California
Kings,2021-03-25,875,36233,442,12784,408,21822,25,1627,439,15844,434,11077,464,26921,California
Kings,2021-03-26,1280,37513,375,13159,820,22642,85,1712,529,15712,746,11823,614,27535,California
Kings,2021-03-27,616,38129,246,13405,358,23000,12,1724,172,15454,442,12265,184,27719,California
Kings,2021-03-28,539,38668,468,13873,64,23064,7,1731,340,15610,199,12464,355,28074,California
Kings,2021-03-29,451,39119,196,14069,195,23259,60,1791,246,15712,203,12667,305,28379,California
Kings,2021-03-30,816,39935,445,14514,333,23592,38,1829,471,15877,344,13011,509,28888,California
Kings,2021-03-31,704,40639,365,14879,274,23866,65,1894,413,16068,287,13298,478,29366,California
Kings,2021-04-01,721,41360,349,15228,292,24158,80,1974,328,16089,387,13685,408,29774,California
Kings,2021-04-02,924,42284,407,15635,396,24554,121,2095,422,16133,498,14183,542,30316,California
Kings,2021-04-03,451,42735,309,15944,136,24690,6,2101,157,16010,288,14471,165,30481,California
Kings,2021-04-04,156,42891,82,16026,68,24758,6,2107,44,15949,111,14582,50,30531,California
Kings,2021-04-05,1033,43924,317,16343,466,25224,250,2357,255,15677,777,15359,505,31036,California
Kings,2021-04-06,1145,45069,424,16767,417,25641,304,2661,278,15394,864,16223,581,31617,California
Kings,2021-04-07,1270,46339,581,17348,506,26147,183,2844,392,15093,876,17099,575,32192,California
Kings,2021-04-08,862,47201,279,17627,441,26588,142,2986,221,14822,635,17734,364,32556,California
Lake,2020-12-17,4,4,4,4,0,0,0,0,4,4,0,0,4,4,California
Lake,2020-12-18,51,55,51,55,0,0,0,0,51,55,0,0,51,55,California
Lake,2020-12-19,3,58,3,58,0,0,0,0,3,58,0,0,3,58,California
Lake,2020-12-20,6,64,6,64,0,0,0,0,6,64,0,0,6,64,California
Lake,2020-12-21,50,114,50,114,0,0,0,0,50,114,0,0,50,114,California
Lake,2020-12-22,63,177,60,174,3,3,0,0,63,177,0,0,63,177,California
Lake,2020-12-23,92,269,83,257,9,12,0,0,92,269,0,0,92,269,California
Lake,2020-12-24,2,271,0,257,2,14,0,0,2,271,0,0,2,271,California
Lake,2020-12-26,2,273,2,259,0,14,0,0,2,273,0,0,2,273,California
Lake,2020-12-27,2,275,2,261,0,14,0,0,2,275,0,0,2,275,California
Lake,2020-12-28,52,327,43,304,9,23,0,0,52,327,0,0,52,327,California
Lake,2020-12-29,14,341,9,313,5,28,0,0,14,341,0,0,14,341,California
Lake,2020-12-30,88,429,81,394,7,35,0,0,88,429,0,0,88,429,California
Lake,2020-12-31,67,496,64,458,3,38,0,0,67,496,0,0,67,496,California
Lake,2021-01-01,1,497,0,458,1,39,0,0,1,497,0,0,1,497,California
Lake,2021-01-02,2,499,1,459,1,40,0,0,2,499,0,0,2,499,California
Lake,2021-01-04,66,565,1,460,65,105,0,0,66,565,0,0,66,565,California
Lake,2021-01-05,80,645,59,519,21,126,0,0,78,641,2,2,78,643,California
Lake,2021-01-06,82,727,65,584,17,143,0,0,80,719,2,4,80,723,California
Lake,2021-01-07,69,796,48,632,21,164,0,0,65,780,4,8,65,788,California
Lake,2021-01-08,143,939,124,756,19,183,0,0,91,819,52,60,91,879,California
Lake,2021-01-09,62,1001,60,816,2,185,0,0,58,873,4,64,58,937,California
Lake,2021-01-10,3,1004,3,819,0,185,0,0,0,870,3,67,0,937,California
Lake,2021-01-11,160,1164,119,938,41,226,0,0,112,934,48,115,112,1049,California
Lake,2021-01-12,80,1244,48,986,32,258,0,0,56,966,24,139,56,1105,California
Lake,2021-01-13,125,1369,73,1059,52,310,0,0,95,1031,30,169,95,1200,California
Lake,2021-01-14,135,1504,35,1094,100,410,0,0,114,1124,21,190,114,1314,California
Lake,2021-01-15,216,1720,92,1186,124,534,0,0,189,1286,27,217,189,1503,California
Lake,2021-01-16,137,1857,83,1269,54,588,0,0,135,1419,2,219,135,1638,California
Lake,2021-01-17,18,1875,6,1275,12,600,0,0,12,1425,6,225,12,1650,California
Lake,2021-01-18,245,2120,224,1499,21,621,0,0,127,1434,118,343,127,1777,California
Lake,2021-01-19,278,2398,84,1583,194,815,0,0,264,1685,14,357,265,2042,California
Lake,2021-01-20,384,2782,44,1627,340,1155,0,0,355,2011,29,386,355,2397,California
Lake,2021-01-21,317,3099,47,1674,270,1425,0,0,284,2262,33,419,284,2681,California
Lake,2021-01-22,315,3414,45,1719,270,1695,0,0,279,2505,36,455,279,2960,California
Lake,2021-01-23,122,3536,5,1724,117,1812,0,0,121,2625,1,456,121,3081,California
Lake,2021-01-24,4,3540,1,1725,3,1815,0,0,4,2629,0,456,4,3085,California
Lake,2021-01-25,233,3773,72,1797,161,1976,0,0,175,2746,58,514,175,3260,California
Lake,2021-01-26,427,4200,35,1832,392,2368,0,0,404,3127,23,537,404,3664,California
Lake,2021-01-27,355,4555,39,1871,316,2684,0,0,328,3429,27,564,329,3993,California
Lake,2021-01-28,468,5023,129,2000,339,3023,0,0,368,3697,100,664,368,4361,California
Lake,2021-01-29,636,5659,83,2083,553,3576,0,0,576,4213,60,724,576,4937,California
Lake,2021-01-30,557,6216,45,2128,512,4088,0,0,550,4757,6,730,550,5487,California
Lake,2021-01-31,13,6229,8,2136,5,4093,0,0,12,4768,1,731,12,5499,California
Lake,2021-02-01,178,6407,17,2153,161,4254,0,0,167,4924,11,742,167,5666,California
Lake,2021-02-02,536,6943,154,2307,382,4636,0,0,399,5186,137,879,399,6065,California
Lake,2021-02-03,411,7354,25,2332,386,5022,0,0,338,5451,73,952,338,6403,California
Lake,2021-02-04,100,7454,55,2387,45,5067,0,0,70,5491,30,982,70,6473,California
Lake,2021-02-05,366,7820,68,2455,298,5365,0,0,286,5699,78,1060,286,6759,California
Lake,2021-02-06,279,8099,42,2497,237,5602,0,0,267,5954,12,1072,267,7026,California
Lake,2021-02-07,2,8101,1,2498,1,5603,0,0,2,5956,0,1072,2,7028,California
Lake,2021-02-08,279,8380,206,2704,73,5676,0,0,160,5997,119,1191,160,7188,California
Lake,2021-02-09,342,8722,22,2726,320,5996,0,0,302,6259,40,1231,302,7490,California
Lake,2021-02-10,352,9074,54,2780,298,6294,0,0,276,6459,76,1307,276,7766,California
Lake,2021-02-11,166,9240,17,2797,149,6443,0,0,55,6403,111,1418,55,7821,California
Lake,2021-02-12,373,9613,28,2825,345,6788,0,0,287,6604,86,1504,287,8108,California
Lake,2021-02-13,248,9861,9,2834,239,7027,0,0,237,6830,11,1515,237,8345,California
Lake,2021-02-14,19,9880,4,2838,15,7042,0,0,6,6823,13,1528,6,8351,California
Lake,2021-02-15,171,10051,13,2851,158,7200,0,0,8,6669,162,1690,8,8359,California
Lake,2021-02-16,418,10469,20,2871,398,7598,0,0,175,6601,243,1933,175,8534,California
Lake,2021-02-17,349,10818,51,2922,298,7896,0,0,71,6395,277,2210,71,8605,California
Lake,2021-02-18,456,11274,69,2991,387,8283,0,0,120,6180,336,2546,121,8726,California
Lake,2021-02-19,413,11687,25,3016,388,8671,0,0,89,5945,324,2870,89,8815,California
Lake,2021-02-20,295,11982,60,3076,235,8906,0,0,252,6155,42,2912,252,9067,California
Lake,2021-02-21,6,11988,6,3082,0,8906,0,0,0,6149,6,2918,0,9067,California
Lake,2021-02-22,138,12126,23,3105,115,9021,0,0,43,6097,95,3013,43,9110,California
Lake,2021-02-23,212,12338,15,3120,197,9218,0,0,26,5937,186,3199,26,9136,California
Lake,2021-02-24,955,13293,378,3498,577,9795,0,0,418,5819,536,3735,418,9554,California
Lake,2021-02-25,731,14024,462,3960,269,10064,0,0,474,6038,255,3990,474,10028,California
Lake,2021-02-26,990,15014,302,4262,688,10752,0,0,345,5741,642,4632,345,10373,California
Lake,2021-02-27,409,15423,97,4359,312,11064,0,0,326,5984,83,4715,326,10699,California
Lake,2021-02-28,19,15442,13,4372,6,11070,0,0,10,5985,9,4724,10,10709,California
Lake,2021-03-01,593,16035,52,4424,541,11611,0,0,441,6274,152,4876,441,11150,California
Lake,2021-03-02,744,16779,18,4442,726,12337,0,0,290,6110,454,5330,290,11440,California
Lake,2021-03-03,357,17136,196,4638,161,12498,0,0,133,6019,224,5554,133,11573,California
Lake,2021-03-04,576,17712,508,5146,68,12566,0,0,562,6567,14,5568,562,12135,California
Lake,2021-03-05,1037,18749,38,5184,999,13565,0,0,174,5882,859,6427,174,12309,California
Lake,2021-03-06,36,18785,11,5195,24,13589,1,1,21,5889,15,6442,22,12331,California
Lake,2021-03-07,7,18792,5,5200,2,13591,0,1,4,5890,3,6445,4,12335,California
Lake,2021-03-08,339,19131,268,5468,62,13653,9,10,299,6158,40,6485,308,12643,California
Lake,2021-03-09,917,20048,27,5495,873,14526,17,27,395,6049,521,7006,412,13055,California
Lake,2021-03-10,201,20249,58,5553,130,14656,13,40,134,6129,67,7073,147,13202,California
Lake,2021-03-11,588,20837,47,5600,65,14721,476,516,52,6121,536,7609,528,13730,California
Lake,2021-03-12,856,21693,205,5805,627,15348,24,540,366,6022,489,8098,390,14120,California
Lake,2021-03-13,276,21969,22,5827,17,15365,237,777,16,6016,258,8356,252,14372,California
Lake,2021-03-14,12,21981,2,5829,10,15375,0,777,7,6018,5,8361,7,14379,California
Lake,2021-03-15,641,22622,14,5843,610,15985,17,794,483,6360,158,8519,500,14879,California
Lake,2021-03-16,1105,23727,829,6672,259,16244,17,811,448,6171,653,9172,464,15343,California
Lake,2021-03-17,245,23972,119,6791,104,16348,22,833,88,6124,157,9329,110,15453,California
Lake,2021-03-18,748,24720,368,7159,343,16691,37,870,374,6161,373,9702,410,15863,California
Lake,2021-03-19,587,25307,321,7480,246,16937,20,890,486,6567,100,9802,506,16369,California
Lake,2021-03-20,249,25556,8,7488,238,17175,3,893,30,6383,217,10019,33,16402,California
Lake,2021-03-21,17,25573,11,7499,5,17180,1,894,12,6391,5,10024,13,16415,California
Lake,2021-03-22,318,25891,239,7738,65,17245,14,908,233,6553,85,10109,247,16662,California
Lake,2021-03-23,412,26303,18,7756,381,17626,13,921,351,6857,60,10169,364,17026,California
Lake,2021-03-24,412,26715,60,7816,344,17970,8,929,317,7089,94,10263,326,17352,California
Lake,2021-03-25,657,27372,469,8285,182,18152,6,935,174,6786,483,10746,180,17532,California
Lake,2021-03-26,70,27442,33,8318,36,18188,1,936,48,6813,22,10768,49,17581,California
Lake,2021-03-27,309,27751,7,8325,299,18487,3,939,18,6545,289,11057,21,17602,California
Lake,2021-03-28,14,27765,5,8330,9,18496,0,939,8,6547,6,11063,8,17610,California
Lake,2021-03-29,899,28664,269,8599,628,19124,2,941,194,6040,703,11766,196,17806,California
Lake,2021-03-30,449,29113,303,8902,144,19268,2,943,364,6321,85,11851,366,18172,California
Lake,2021-03-31,569,29682,61,8963,508,19776,0,943,408,6576,153,12004,408,18580,California
Lake,2021-04-01,425,30107,224,9187,190,19966,11,954,178,6521,244,12248,189,18769,California
Lake,2021-04-02,223,30330,42,9229,153,20119,28,982,101,6528,122,12370,129,18898,California
Lake,2021-04-03,30,30360,8,9237,20,20139,2,984,11,6522,19,12389,13,18911,California
Lake,2021-04-04,19,30379,10,9247,7,20146,2,986,14,6533,5,12394,16,18927,California
Lake,2021-04-05,635,31014,68,9315,546,20692,21,1007,395,6711,237,12631,415,19342,California
Lake,2021-04-06,469,31483,21,9336,423,21115,25,1032,301,6870,167,12798,326,19668,California
Lake,2021-04-07,489,31972,54,9390,401,21516,34,1066,340,7096,148,12946,374,20042,California
Lake,2021-04-08,426,32398,354,9744,41,21557,31,1097,38,6778,387,13333,69,20111,California
Lassen,2020-12-16,8,8,8,8,0,0,0,0,8,8,0,0,8,8,California
Lassen,2020-12-17,6,14,6,14,0,0,0,0,6,14,0,0,6,14,California
Lassen,2020-12-18,1,15,1,15,0,0,0,0,1,15,0,0,1,15,California
Lassen,2020-12-19,5,20,5,20,0,0,0,0,5,20,0,0,5,20,California
Lassen,2020-12-20,2,22,2,22,0,0,0,0,2,22,0,0,2,22,California
Lassen,2020-12-21,11,33,11,33,0,0,0,0,11,33,0,0,11,33,California
Lassen,2020-12-22,23,56,23,56,0,0,0,0,23,56,0,0,23,56,California
Lassen,2020-12-23,6,62,6,62,0,0,0,0,6,62,0,0,6,62,California
Lassen,2020-12-24,11,73,11,73,0,0,0,0,11,73,0,0,11,73,California
Lassen,2020-12-28,3,76,2,75,1,1,0,0,3,76,0,0,3,76,California
Lassen,2020-12-29,35,111,35,110,0,1,0,0,35,111,0,0,35,111,California
Lassen,2020-12-30,37,148,36,146,1,2,0,0,37,148,0,0,37,148,California
Lassen,2020-12-31,49,197,42,188,7,9,0,0,49,197,0,0,49,197,California
Lassen,2021-01-02,1,198,0,188,1,10,0,0,1,198,0,0,1,198,California
Lassen,2021-01-04,15,213,1,189,14,24,0,0,15,213,0,0,15,213,California
Lassen,2021-01-05,194,407,53,242,141,165,0,0,194,407,0,0,194,407,California
Lassen,2021-01-06,95,502,43,285,52,217,0,0,87,487,8,8,88,495,California
Lassen,2021-01-07,43,545,7,292,36,253,0,0,37,518,6,14,37,532,California
Lassen,2021-01-08,50,595,2,294,48,301,0,0,50,568,0,14,50,582,California
Lassen,2021-01-09,12,607,6,300,6,307,0,0,12,580,0,14,12,594,California
Lassen,2021-01-11,27,634,5,305,22,329,0,0,27,607,0,14,27,621,California
Lassen,2021-01-12,49,683,29,334,20,349,0,0,30,618,19,33,30,651,California
Lassen,2021-01-13,161,844,18,352,143,492,0,0,146,749,15,48,146,797,California
Lassen,2021-01-14,163,1007,18,370,145,637,0,0,151,888,12,60,151,948,California
Lassen,2021-01-15,33,1040,6,376,27,664,0,0,33,921,0,60,33,981,California
Lassen,2021-01-16,34,1074,33,409,1,665,0,0,34,955,0,60,34,1015,California
Lassen,2021-01-17,1,1075,0,409,1,666,0,0,1,956,0,60,1,1016,California
Lassen,2021-01-18,5,1080,2,411,3,669,0,0,4,959,1,61,4,1020,California
Lassen,2021-01-19,185,1265,36,447,149,818,0,0,157,1088,28,89,157,1177,California
Lassen,2021-01-20,188,1453,100,547,88,906,0,0,104,1123,69,158,104,1281,California
Lassen,2021-01-21,145,1598,94,641,51,957,0,0,120,1225,18,176,120,1401,California
Lassen,2021-01-22,31,1629,18,659,13,970,0,0,21,1236,10,186,21,1422,California
Lassen,2021-01-23,1,1630,0,659,1,971,0,0,1,1237,0,186,1,1423,California
Lassen,2021-01-24,1,1631,0,659,1,972,0,0,1,1238,0,186,1,1424,California
Lassen,2021-01-25,11,1642,0,659,11,983,0,0,11,1249,0,186,11,1435,California
Lassen,2021-01-26,126,1768,12,671,114,1097,0,0,122,1367,4,190,122,1557,California
Lassen,2021-01-27,82,1850,30,701,52,1149,0,0,67,1419,15,205,67,1624,California
Lassen,2021-01-28,85,1935,14,715,71,1220,0,0,84,1502,1,206,84,1708,California
Lassen,2021-01-29,23,1958,7,722,16,1236,0,0,22,1523,1,207,22,1730,California
Lassen,2021-02-01,62,2020,4,726,58,1294,0,0,36,1533,26,233,36,1766,California
Lassen,2021-02-02,177,2197,11,737,166,1460,0,0,43,1442,134,367,43,1809,California
Lassen,2021-02-03,96,2293,21,758,75,1535,0,0,51,1448,45,412,51,1860,California
Lassen,2021-02-04,112,2405,15,773,97,1632,0,0,63,1462,49,461,63,1923,California
Lassen,2021-02-05,65,2470,12,785,53,1685,0,0,23,1443,42,503,23,1946,California
Lassen,2021-02-06,69,2539,34,819,35,1720,0,0,36,1447,32,535,36,1982,California
Lassen,2021-02-07,1,2540,1,820,0,1720,0,0,1,1448,0,535,1,1983,California
Lassen,2021-02-08,43,2583,4,824,39,1759,0,0,18,1441,25,560,18,2001,California
Lassen,2021-02-09,128,2711,8,832,120,1879,0,0,49,1411,79,639,49,2050,California
Lassen,2021-02-10,182,2893,20,852,162,2041,0,0,75,1379,107,746,75,2125,California
Lassen,2021-02-11,183,3076,16,868,167,2208,0,0,79,1355,103,849,79,2204,California
Lassen,2021-02-12,43,3119,12,880,31,2239,0,0,15,1342,28,877,15,2219,California
Lassen,2021-02-13,11,3130,3,883,8,2247,0,0,9,1349,2,879,9,2228,California
Lassen,2021-02-14,13,3143,0,883,13,2260,0,0,12,1360,1,880,12,2240,California
Lassen,2021-02-15,20,3163,1,884,19,2279,0,0,16,1372,4,884,16,2256,California
Lassen,2021-02-16,193,3356,4,888,189,2468,0,0,32,1245,159,1043,32,2288,California
Lassen,2021-02-17,184,3540,94,982,90,2558,0,0,11,1083,173,1216,11,2299,California
Lassen,2021-02-18,79,3619,22,1004,57,2615,0,0,20,1044,59,1275,20,2319,California
Lassen,2021-02-19,82,3701,62,1066,20,2635,0,0,18,998,64,1339,18,2337,California
Lassen,2021-02-20,7,3708,0,1066,7,2642,0,0,5,1001,2,1341,5,2342,California
Lassen,2021-02-21,22,3730,2,1068,20,2662,0,0,18,1015,4,1345,18,2360,California
Lassen,2021-02-22,23,3753,8,1076,15,2677,0,0,5,1002,18,1363,5,2365,California
Lassen,2021-02-23,151,3904,8,1084,143,2820,0,0,40,931,111,1474,40,2405,California
Lassen,2021-02-24,165,4069,16,1100,149,2969,0,0,107,981,57,1531,107,2512,California
Lassen,2021-02-25,156,4225,19,1119,137,3106,0,0,100,1025,56,1587,100,2612,California
Lassen,2021-02-26,73,4298,16,1135,57,3163,0,0,36,1024,37,1624,36,2648,California
Lassen,2021-02-27,7,4305,7,1142,0,3163,0,0,3,1023,4,1628,3,2651,California
Lassen,2021-02-28,6,4311,1,1143,5,3168,0,0,3,1023,3,1631,3,2654,California
Lassen,2021-03-01,40,4351,4,1147,36,3204,0,0,7,997,33,1664,7,2661,California
Lassen,2021-03-02,103,4454,6,1153,97,3301,0,0,78,1050,25,1689,78,2739,California
Lassen,2021-03-03,168,4622,12,1165,156,3457,0,0,111,1104,57,1746,111,2850,California
Lassen,2021-03-04,147,4769,14,1179,133,3590,0,0,98,1154,48,1794,98,2948,California
Lassen,2021-03-05,47,4816,7,1186,17,3607,23,23,11,1152,36,1830,34,2982,California
Lassen,2021-03-06,51,4867,4,1190,28,3635,19,42,4,1128,47,1877,23,3005,California
Lassen,2021-03-07,56,4923,1,1191,0,3635,55,97,1,1129,55,1932,56,3061,California
Lassen,2021-03-08,89,5012,1,1192,8,3643,80,177,3,1127,85,2017,83,3144,California
Lassen,2021-03-09,136,5148,11,1203,108,3751,17,194,89,1186,47,2064,106,3250,California
Lassen,2021-03-10,172,5320,10,1213,161,3912,1,195,79,1173,93,2157,80,3330,California
Lassen,2021-03-11,185,5505,16,1229,162,4074,7,202,113,1224,69,2226,120,3450,California
Lassen,2021-03-12,34,5539,18,1247,12,4086,4,206,12,1218,22,2248,16,3466,California
Lassen,2021-03-13,49,5588,0,1247,3,4089,46,252,1,1216,48,2296,46,3512,California
Lassen,2021-03-14,14,5602,2,1249,11,4100,1,253,2,1207,12,2308,3,3515,California
Lassen,2021-03-15,31,5633,0,1249,31,4131,0,253,15,1206,16,2324,15,3530,California
Lassen,2021-03-16,91,5724,2,1251,83,4214,6,259,73,1267,18,2342,79,3609,California
Lassen,2021-03-17,1080,6804,8,1259,1067,5281,5,264,1061,2315,18,2360,1066,4675,California
Lassen,2021-03-18,96,6900,10,1269,85,5366,1,265,82,2384,14,2374,83,4758,California
Lassen,2021-03-19,17,6917,11,1280,2,5368,4,269,7,2385,10,2384,11,4769,California
Lassen,2021-03-20,9,6926,3,1283,3,5371,3,272,3,2385,6,2390,6,4775,California
Lassen,2021-03-21,34,6960,0,1283,34,5405,0,272,14,2380,19,2409,14,4789,California
Lassen,2021-03-22,55,7015,0,1283,55,5460,0,272,52,2429,3,2412,52,4841,California
Lassen,2021-03-23,118,7133,8,1291,109,5569,1,273,69,2450,49,2461,70,4911,California
Lassen,2021-03-24,210,7343,12,1303,198,5767,0,273,106,2453,103,2564,106,5017,California
Lassen,2021-03-25,150,7493,21,1324,129,5896,0,273,68,2439,82,2646,68,5085,California
Lassen,2021-03-26,74,7567,12,1336,23,5919,39,312,15,2434,59,2705,54,5139,California
Lassen,2021-03-27,19,7586,3,1339,1,5920,15,327,3,2436,16,2721,18,5157,California
Lassen,2021-03-28,18,7604,3,1342,5,5925,10,337,4,2436,14,2735,14,5171,California
Lassen,2021-03-29,52,7656,1,1343,26,5951,25,362,21,2451,31,2766,46,5217,California
Lassen,2021-03-30,197,7853,9,1352,163,6114,25,387,50,2379,147,2913,75,5292,California
Lassen,2021-03-31,146,7999,12,1364,112,6226,22,409,62,2379,84,2997,84,5376,California
Lassen,2021-04-01,156,8155,16,1380,121,6347,19,428,49,2341,106,3103,68,5444,California
Lassen,2021-04-02,27,8182,3,1383,3,6350,21,449,1,2337,26,3129,22,5466,California
Lassen,2021-04-03,12,8194,0,1383,2,6352,10,459,0,2335,12,3141,10,5476,California
Lassen,2021-04-04,7,8201,2,1385,0,6352,5,464,1,2335,6,3147,6,5482,California
Lassen,2021-04-05,24,8225,5,1390,12,6364,7,471,12,2343,11,3158,19,5501,California
Lassen,2021-04-06,178,8403,7,1397,141,6505,30,501,48,2291,130,3288,78,5579,California
Lassen,2021-04-07,128,8531,7,1404,92,6597,29,530,35,2263,92,3380,64,5643,California
Lassen,2021-04-08,96,8627,7,1411,62,6659,27,557,24,2244,70,3450,51,5694,California
Los Angeles,2020-12-15,391,391,391,391,0,0,0,0,391,391,0,0,391,391,California
Los Angeles,2020-12-16,3360,3751,3360,3751,0,0,0,0,3360,3751,0,0,3360,3751,California
Los Angeles,2020-12-17,10227,13978,10227,13978,0,0,0,0,10228,13979,0,0,10228,13979,California
Los Angeles,2020-12-18,14496,28474,14475,28453,21,21,0,0,14496,28475,0,0,14496,28475,California
Los Angeles,2020-12-19,7210,35684,7204,35657,6,27,0,0,7211,35686,0,0,7211,35686,California
Los Angeles,2020-12-20,4574,40258,4567,40224,7,34,0,0,4576,40262,0,0,4576,40262,California
Los Angeles,2020-12-21,13664,53922,13652,53876,12,46,0,0,13665,53926,1,1,13665,53927,California
Los Angeles,2020-12-22,11492,65414,11113,64989,379,425,0,0,11493,65418,1,2,11493,65420,California
Los Angeles,2020-12-23,11864,77278,10109,75098,1755,2180,0,0,11865,77283,0,2,11865,77285,California
Los Angeles,2020-12-24,7003,84281,4238,79336,2765,4945,0,0,7006,84289,0,2,7006,84291,California
Los Angeles,2020-12-25,521,84802,416,79752,105,5050,0,0,521,84810,0,2,521,84812,California
Los Angeles,2020-12-26,2523,87325,2178,81930,345,5395,0,0,2523,87332,1,3,2523,87335,California
Los Angeles,2020-12-27,1751,89076,1021,82951,730,6125,0,0,1751,89083,0,3,1751,89086,California
Los Angeles,2020-12-28,10248,99324,6353,89304,3895,10020,0,0,10246,99328,1,4,10246,99332,California
Los Angeles,2020-12-29,11513,110837,6053,95357,5460,15480,0,0,11515,110843,0,4,11515,110847,California
Los Angeles,2020-12-30,14809,125646,8075,103432,6734,22214,0,0,14808,125651,0,4,14808,125655,California
Los Angeles,2020-12-31,7854,133500,2741,106173,5113,27327,0,0,7852,133502,1,5,7852,133507,California
Los Angeles,2021-01-01,932,134432,245,106418,687,28014,0,0,932,134434,0,5,932,134439,California
Los Angeles,2021-01-02,4430,138862,1647,108065,2783,30797,0,0,4430,138864,0,5,4430,138869,California
Los Angeles,2021-01-03,917,139779,203,108268,714,31511,0,0,916,139779,1,6,916,139785,California
Los Angeles,2021-01-04,12620,152399,4834,113102,7786,39297,0,0,12606,152382,3,9,12606,152391,California
Los Angeles,2021-01-05,15971,168370,7058,120160,8913,48210,0,0,14065,164575,1873,1882,14066,166457,California
Los Angeles,2021-01-06,22443,190813,12032,132192,10411,58621,0,0,16866,175940,5508,7390,16873,183330,California
Los Angeles,2021-01-07,29289,220102,15776,147968,13513,72134,0,0,18809,184325,10434,17824,18819,202149,California
Los Angeles,2021-01-08,32980,253082,17848,165816,15132,87266,0,0,20796,192970,12159,29983,20804,222953,California
Los Angeles,2021-01-09,12317,265399,7045,172861,5272,92538,0,0,7461,195582,4855,34838,7467,230420,California
Los Angeles,2021-01-10,4643,270042,3626,176487,1017,93555,0,0,1917,194774,2726,37564,1918,232338,California
Los Angeles,2021-01-11,25703,295745,16203,192690,9500,103055,0,0,14791,198669,10902,48466,14797,247135,California
Los Angeles,2021-01-12,29014,324759,16020,208710,12994,116049,0,0,18915,207511,10081,58547,18923,266058,California
Los Angeles,2021-01-13,29163,353922,15586,224296,13577,129626,0,0,20239,218849,8906,67453,20244,286302,California
Los Angeles,2021-01-14,29185,383107,12689,236985,16496,146122,0,0,23696,237083,5471,72924,23705,310007,California
Los Angeles,2021-01-15,33653,416760,12307,249292,21346,167468,0,0,30098,263659,3530,76454,30106,340113,California
Los Angeles,2021-01-16,17494,434254,4951,254243,12543,180011,0,0,15718,277614,1768,78222,15723,355836,California
Los Angeles,2021-01-17,5167,439421,2289,256532,2878,182889,0,0,4923,282296,243,78465,4925,360761,California
Los Angeles,2021-01-18,15541,454962,10038,266570,5503,188392,0,0,10844,288456,4685,83150,10845,371606,California
Los Angeles,2021-01-19,38354,493316,20508,287078,17846,206238,0,0,30594,311339,7719,90869,30602,402208,California
Los Angeles,2021-01-20,45468,538784,23685,310763,21783,228021,0,0,37991,341891,7447,98316,37999,440207,California
Los Angeles,2021-01-21,48418,587202,22311,333074,26107,254128,0,0,44185,381917,4171,102487,44197,484404,California
Los Angeles,2021-01-22,47535,634737,22166,355240,25369,279497,0,0,44143,422716,3350,105837,44149,528553,California
Los Angeles,2021-01-23,33821,668558,15656,370896,18165,297662,0,0,31805,452543,1987,107824,31814,560367,California
Los Angeles,2021-01-24,15662,684220,12154,383050,3508,301170,0,0,15118,467124,538,108362,15119,575486,California
Los Angeles,2021-01-25,38478,722698,16325,399375,22153,323323,0,0,30063,488822,8386,116748,30084,605570,California
Los Angeles,2021-01-26,48935,771633,24271,423646,24664,347987,0,0,40829,521596,8074,124822,40848,646418,California
Los Angeles,2021-01-27,48122,819755,25654,449300,22468,370455,0,0,39004,551633,8984,133806,39021,685439,California
Los Angeles,2021-01-28,48280,868035,22978,472278,25302,395757,0,0,39963,583407,8203,142009,39977,725416,California
Los Angeles,2021-01-29,49010,917045,25269,497547,23741,419498,0,0,39034,612828,9625,151634,39046,764462,California
Los Angeles,2021-01-30,29874,946919,15338,512885,14536,434034,0,0,25776,634583,4024,155658,25779,790241,California
Los Angeles,2021-01-31,12955,959874,10336,523221,2619,436653,0,0,12045,645732,899,156557,12048,802289,California
Los Angeles,2021-02-01,37792,997666,16057,539278,21735,458388,0,0,27597,663172,10166,166723,27606,829895,California
Los Angeles,2021-02-02,44022,1041688,17810,557088,26212,484600,0,0,31899,682989,12086,178809,31903,861798,California
Los Angeles,2021-02-03,51902,1093590,19419,576507,32483,517083,0,0,37277,705880,14392,193201,37283,899081,California
Los Angeles,2021-02-04,56995,1150585,20612,597119,36383,553466,0,0,39007,727214,17684,210885,39018,938099,California
Los Angeles,2021-02-05,60883,1211468,20930,618049,39953,593419,0,0,39131,745023,21340,232225,39149,977248,California
Los Angeles,2021-02-06,35368,1246836,13238,631287,22130,615549,0,0,26986,763720,8310,240535,27007,1004255,California
Los Angeles,2021-02-07,10760,1257596,8350,639637,2410,617959,0,0,8394,769769,2351,242886,8400,1012655,California
Los Angeles,2021-02-08,46557,1304153,21406,661043,25151,643110,0,0,30484,784311,15945,258831,30487,1043142,California
Los Angeles,2021-02-09,55597,1359750,24532,685575,31065,674175,0,0,28353,785495,27187,286018,28371,1071513,California
Los Angeles,2021-02-10,66682,1426432,29313,714888,37369,711544,0,0,30918,781035,35396,321414,30936,1102449,California
Los Angeles,2021-02-11,57744,1484176,30754,745642,26990,738534,0,0,27927,779586,29388,350802,27939,1130388,California
Los Angeles,2021-02-12,59310,1543486,29731,775373,29579,768113,0,0,25917,772456,33064,383866,25934,1156322,California
Los Angeles,2021-02-13,33720,1577206,19571,794944,14149,782262,0,0,15471,769801,18171,402037,15516,1171838,California
Los Angeles,2021-02-14,21851,1599057,14957,809901,6894,789156,0,0,8783,765577,13011,415048,8787,1180625,California
Los Angeles,2021-02-15,32279,1631336,15778,825679,16501,805657,0,0,17745,768853,14479,429527,17755,1198380,California
Los Angeles,2021-02-16,63742,1695078,32409,858088,31333,836990,0,0,29870,764938,33796,463323,29881,1228261,California
Los Angeles,2021-02-17,63742,1758820,34126,892214,29616,866606,0,0,26331,754023,37251,500574,26336,1254597,California
Los Angeles,2021-02-18,67894,1826714,34560,926774,33334,899940,0,0,28556,743493,39096,539670,28566,1283163,California
Los Angeles,2021-02-19,56773,1883487,34891,961665,21882,921822,0,0,28294,743411,28390,568060,28308,1311471,California
Los Angeles,2021-02-20,31914,1915401,23726,985391,8188,930010,0,0,15593,742723,16289,584349,15601,1327072,California
Los Angeles,2021-02-21,16377,1931778,14752,1000143,1625,931635,0,0,8406,743190,7947,592296,8414,1335486,California
Los Angeles,2021-02-22,33962,1965740,24808,1024951,9154,940789,0,0,17617,744537,16280,608576,17627,1353113,California
Los Angeles,2021-02-23,53117,2018857,22600,1047551,30517,971306,0,0,21037,733596,31989,640565,21048,1374161,California
Los Angeles,2021-02-24,63557,2082414,27917,1075468,35640,1006946,0,0,27961,726128,35446,676011,27978,1402139,California
Los Angeles,2021-02-25,72805,2155219,33396,1108864,39409,1046355,0,0,38302,730082,34358,710369,38312,1440451,California
Los Angeles,2021-02-26,82226,2237445,38333,1147197,43893,1090248,0,0,47165,742418,34851,745220,47187,1487638,California
Los Angeles,2021-02-27,58336,2295781,24800,1171997,33534,1123782,2,2,29871,743977,28336,773556,29895,1517533,California
Los Angeles,2021-02-28,26715,2322496,18463,1190460,8252,1132034,0,2,18879,755087,7773,781329,18883,1536416,California
Los Angeles,2021-03-01,54958,2377454,30748,1221208,24201,1156235,9,11,33306,766895,21523,802852,33331,1569747,California
Los Angeles,2021-03-02,70001,2447455,30977,1252185,39023,1195258,1,12,42823,782656,27072,829924,42833,1612580,California
Los Angeles,2021-03-03,80542,2527997,40280,1292465,40257,1235515,5,17,50466,803214,29936,859860,50494,1663074,California
Los Angeles,2021-03-04,88138,2616135,45475,1337940,42655,1278170,8,25,55589,826428,32396,892256,55610,1718684,California
Los Angeles,2021-03-05,86500,2702635,42053,1379993,44427,1322597,20,45,57720,855576,28622,920878,57770,1776454,California
Los Angeles,2021-03-06,64971,2767606,32514,1412507,30660,1353257,1797,1842,41840,876220,23007,943885,43651,1820105,California
Los Angeles,2021-03-07,25431,2793037,19187,1431694,5465,1358722,779,2621,19623,890832,5792,949677,20404,1840509,California
Los Angeles,2021-03-08,50879,2843916,26427,1458121,22520,1381242,1932,4553,38291,918550,12507,962184,40225,1880734,California
Los Angeles,2021-03-09,67810,2911726,25546,1483667,39001,1420243,3263,7816,40587,935305,27095,989279,43850,1924584,California
Los Angeles,2021-03-10,78138,2989864,36858,1520525,36665,1456908,4615,12431,49106,960096,28905,1018184,53696,1978280,California
Los Angeles,2021-03-11,90590,3080454,44092,1564617,40294,1497202,6204,18635,53274,982378,37176,1055360,59458,2037738,California
Los Angeles,2021-03-12,95296,3175750,42358,1606975,39376,1536578,13562,32197,55496,1011760,39650,1095010,69032,2106770,California
Los Angeles,2021-03-13,72050,3247800,33361,1640336,26863,1563441,11826,44023,42971,1037564,28985,1123995,54789,2161559,California
Los Angeles,2021-03-14,37735,3285535,25243,1665579,10086,1573527,2406,46429,25347,1052966,12341,1136336,27743,2189302,California
Los Angeles,2021-03-15,72627,3358162,34960,1700539,32365,1605892,5302,51731,44459,1074699,28026,1164362,49759,2239061,California
Los Angeles,2021-03-16,96218,3454380,41840,1742379,48670,1654562,5708,57439,62660,1109649,33404,1197766,68354,2307415,California
Los Angeles,2021-03-17,92986,3547366,42089,1784468,42979,1697541,7918,65357,62384,1149478,30451,1228217,70280,2377695,California
Los Angeles,2021-03-18,96975,3644341,46068,1830536,45789,1743330,5118,70475,61652,1181152,35090,1263307,66764,2444459,California
Los Angeles,2021-03-19,104182,3748523,54227,1884763,45389,1788719,4566,75041,64749,1211272,39205,1302512,69325,2513784,California
Los Angeles,2021-03-20,73733,3822256,35899,1920662,33591,1822310,4243,79284,51298,1244522,22286,1324798,55536,2569320,California
Los Angeles,2021-03-21,33344,3855600,24642,1945304,7862,1830172,840,80124,21696,1255477,11580,1336378,22535,2591855,California
Los Angeles,2021-03-22,67297,3922897,39948,1985252,25401,1855573,1948,82072,48041,1286398,19069,1355447,49990,2641845,California
Los Angeles,2021-03-23,92030,4014927,49958,2035210,39171,1894744,2901,84973,61430,1320322,30407,1385854,64331,2706176,California
Los Angeles,2021-03-24,100560,4115487,53758,2088968,43960,1938704,2842,87815,59698,1342242,40616,1426470,62536,2768712,California
Los Angeles,2021-03-25,105243,4220730,56513,2145481,45212,1983916,3518,91333,60473,1361679,44547,1471017,63984,2832696,California
Los Angeles,2021-03-26,110433,4331163,60352,2205833,46030,2029946,4051,95384,63230,1381941,47013,1518030,67275,2899971,California
Los Angeles,2021-03-27,79545,4410708,41654,2247487,35807,2065753,2084,97468,41549,1387779,37798,1555828,43636,2943607,California
Los Angeles,2021-03-28,40525,4451233,27135,2274622,12808,2078561,582,98050,20650,1389199,19812,1575640,21232,2964839,California
Los Angeles,2021-03-29,80428,4531661,45470,2320092,33393,2111954,1565,99615,46297,1403067,33993,1609633,47861,3012700,California
Los Angeles,2021-03-30,105393,4637054,49389,2369481,50340,2162294,5664,105279,65196,1433879,40038,1649671,70850,3083550,California
Los Angeles,2021-03-31,116990,4754044,59043,2428524,49779,2212073,8168,113447,69735,1464703,47058,1696729,77882,3161432,California
Los Angeles,2021-04-01,125364,4879408,56838,2485362,54115,2266188,14411,127858,69952,1493831,55210,1751939,84338,3245770,California
Los Angeles,2021-04-02,124385,5003793,53882,2539244,55849,2322037,14654,142512,67850,1520057,56285,1808224,82511,3328281,California
Los Angeles,2021-04-03,92606,5096399,40962,2580206,38789,2360826,12855,155367,46672,1533760,45801,1854025,59504,3387785,California
Los Angeles,2021-04-04,37498,5133897,19561,2599767,11958,2372784,5979,161346,16145,1534570,21301,1875326,22111,3409896,California
Los Angeles,2021-04-05,88813,5222710,42985,2642752,36151,2408935,9677,171023,43605,1542778,45069,1920395,53277,3463173,California
Los Angeles,2021-04-06,117380,5340090,55482,2698234,42382,2451317,19516,190539,54588,1554266,62560,1982955,74048,3537221,California
Los Angeles,2021-04-07,111171,5451261,49415,2747649,42750,2494067,19006,209545,51126,1564504,59847,2042802,70085,3607306,California
Los Angeles,2021-04-08,74855,5526116,32699,2780348,28157,2522224,13999,223544,31051,1565851,43654,2086456,45001,3652307,California
Madera,2020-12-16,22,22,22,22,0,0,0,0,22,22,0,0,22,22,California
Madera,2020-12-17,13,35,13,35,0,0,0,0,13,35,0,0,13,35,California
Madera,2020-12-18,61,96,61,96,0,0,0,0,61,96,0,0,61,96,California
Madera,2020-12-19,6,102,6,102,0,0,0,0,6,102,0,0,6,102,California
Madera,2020-12-20,14,116,14,116,0,0,0,0,14,116,0,0,14,116,California
Madera,2020-12-21,60,176,60,176,0,0,0,0,60,176,0,0,60,176,California
Madera,2020-12-22,98,274,96,272,2,2,0,0,98,274,0,0,98,274,California
Madera,2020-12-23,68,342,68,340,0,2,0,0,68,342,0,0,68,342,California
Madera,2020-12-24,44,386,39,379,5,7,0,0,44,386,0,0,44,386,California
Madera,2020-12-26,28,414,26,405,2,9,0,0,28,414,0,0,28,414,California
Madera,2020-12-27,30,444,12,417,18,27,0,0,30,444,0,0,30,444,California
Madera,2020-12-28,105,549,36,453,69,96,0,0,105,549,0,0,105,549,California
Madera,2020-12-29,173,722,40,493,133,229,0,0,173,722,0,0,173,722,California
Madera,2020-12-30,217,939,86,579,131,360,0,0,217,939,0,0,217,939,California
Madera,2020-12-31,202,1141,80,659,122,482,0,0,202,1141,0,0,202,1141,California
Madera,2021-01-02,85,1226,30,689,55,537,0,0,85,1226,0,0,85,1226,California
Madera,2021-01-03,5,1231,5,694,0,537,0,0,5,1231,0,0,5,1231,California
Madera,2021-01-04,128,1359,64,758,64,601,0,0,128,1359,0,0,128,1359,California
Madera,2021-01-05,279,1638,143,901,136,737,0,0,274,1628,5,5,274,1633,California
Madera,2021-01-06,183,1821,27,928,156,893,0,0,163,1771,20,25,163,1796,California
Madera,2021-01-07,375,2196,93,1021,282,1175,0,0,353,2102,22,47,353,2149,California
Madera,2021-01-08,417,2613,72,1093,345,1520,0,0,362,2411,54,101,363,2512,California
Madera,2021-01-09,37,2650,14,1107,23,1543,0,0,28,2430,9,110,28,2540,California
Madera,2021-01-10,17,2667,14,1121,3,1546,0,0,5,2423,12,122,5,2545,California
Madera,2021-01-11,230,2897,182,1303,48,1594,0,0,187,2567,43,165,187,2732,California
Madera,2021-01-12,392,3289,159,1462,233,1827,0,0,285,2745,107,272,285,3017,California
Madera,2021-01-13,186,3475,92,1554,94,1921,0,0,129,2818,57,329,130,3147,California
Madera,2021-01-14,555,4030,82,1636,473,2394,0,0,521,3305,34,363,521,3668,California
Madera,2021-01-15,594,4624,158,1794,436,2830,0,0,575,3861,19,382,575,4243,California
Madera,2021-01-16,378,5002,47,1841,331,3161,0,0,349,4181,29,411,349,4592,California
Madera,2021-01-17,334,5336,14,1855,320,3481,0,0,330,4507,4,415,330,4922,California
Madera,2021-01-18,75,5411,59,1914,16,3497,0,0,56,4545,18,433,56,4978,California
Madera,2021-01-19,565,5976,130,2044,435,3932,0,0,538,5057,27,460,539,5517,California
Madera,2021-01-20,234,6210,80,2124,154,4086,0,0,206,5236,27,487,206,5723,California
Madera,2021-01-21,236,6446,129,2253,107,4193,0,0,203,5408,31,518,203,5926,California
Madera,2021-01-22,255,6701,83,2336,172,4365,0,0,242,5637,13,531,242,6168,California
Madera,2021-01-23,100,6801,52,2388,48,4413,0,0,76,5689,24,555,76,6244,California
Madera,2021-01-24,101,6902,82,2470,19,4432,0,0,78,5744,23,578,78,6322,California
Madera,2021-01-25,252,7154,121,2591,131,4563,0,0,140,5772,112,690,140,6462,California
Madera,2021-01-26,480,7634,188,2779,292,4855,0,0,292,5879,187,877,294,6756,California
Madera,2021-01-27,735,8369,63,2842,672,5527,0,0,600,6345,135,1012,601,7357,California
Madera,2021-01-28,534,8903,102,2944,432,5959,0,0,430,6671,104,1116,430,7787,California
Madera,2021-01-29,466,9369,95,3039,371,6330,0,0,410,7025,56,1172,410,8197,California
Madera,2021-01-30,503,9872,15,3054,488,6818,0,0,449,7420,54,1226,449,8646,California
Madera,2021-01-31,9,9881,6,3060,3,6821,0,0,8,7427,1,1227,8,8654,California
Madera,2021-02-01,256,10137,72,3132,184,7005,0,0,199,7569,57,1284,199,8853,California
Madera,2021-02-02,249,10386,86,3218,163,7168,0,0,160,7641,88,1372,160,9013,California
Madera,2021-02-03,587,10973,454,3672,133,7301,0,0,472,8001,113,1485,473,9486,California
Madera,2021-02-04,384,11357,120,3792,264,7565,0,0,110,7839,273,1758,111,9597,California
Madera,2021-02-05,966,12323,293,4085,673,8238,0,0,361,7601,600,2358,362,9959,California
Madera,2021-02-06,358,12681,323,4408,35,8273,0,0,319,7882,38,2396,319,10278,California
Madera,2021-02-07,35,12716,7,4415,28,8301,0,0,30,7907,5,2401,30,10308,California
Madera,2021-02-08,382,13098,306,4721,76,8377,0,0,269,8064,112,2513,269,10577,California
Madera,2021-02-09,472,13570,115,4836,357,8734,0,0,193,7982,276,2789,194,10771,California
Madera,2021-02-10,429,13999,149,4985,280,9014,0,0,323,8199,106,2895,323,11094,California
Madera,2021-02-11,930,14929,302,5287,628,9642,0,0,402,8075,527,3422,403,11497,California
Madera,2021-02-12,838,15767,118,5405,720,10362,0,0,306,7858,526,3948,309,11806,California
Madera,2021-02-13,483,16250,44,5449,439,10801,0,0,140,7658,342,4290,142,11948,California
Madera,2021-02-14,397,16647,75,5524,322,11123,0,0,135,7532,262,4552,136,12084,California
Madera,2021-02-15,239,16886,96,5620,143,11266,0,0,174,7642,64,4616,174,12258,California
Madera,2021-02-16,773,17659,183,5803,590,11856,0,0,229,7331,541,5157,230,12488,California
Madera,2021-02-17,607,18266,271,6074,336,12192,0,0,337,7405,265,5422,339,12827,California
Madera,2021-02-18,1288,19554,533,6607,755,12947,0,0,1114,8347,174,5596,1116,13943,California
Madera,2021-02-19,861,20415,546,7153,315,13262,0,0,719,8926,142,5738,721,14664,California
Madera,2021-02-20,1074,21489,983,8136,91,13353,0,0,1003,9860,70,5808,1004,15668,California
Madera,2021-02-21,960,22449,817,8953,143,13496,0,0,954,10808,6,5814,954,16622,California
Madera,2021-02-22,905,23354,829,9782,76,13572,0,0,851,11605,54,5868,851,17473,California
Madera,2021-02-23,768,24122,496,10278,272,13844,0,0,550,11938,217,6085,550,18023,California
Madera,2021-02-24,906,25028,301,10579,605,14449,0,0,378,11788,528,6613,378,18401,California
Madera,2021-02-25,1015,26043,305,10884,710,15159,0,0,587,11950,425,7038,587,18988,California
Madera,2021-02-26,1068,27111,186,11070,882,16041,0,0,695,12273,372,7410,695,19683,California
Madera,2021-02-27,867,27978,244,11314,623,16664,0,0,447,12306,417,7827,450,20133,California
Madera,2021-02-28,187,28165,29,11343,158,16822,0,0,181,12481,6,7833,181,20314,California
Madera,2021-03-01,367,28532,118,11461,249,17071,0,0,191,12496,176,8009,191,20505,California
Madera,2021-03-02,645,29177,267,11728,378,17449,0,0,534,12920,111,8120,535,21040,California
Madera,2021-03-03,1286,30463,690,12418,596,18045,0,0,889,13438,394,8514,912,21952,California
Madera,2021-03-04,1158,31621,502,12920,656,18701,0,0,917,14116,242,8756,920,22872,California
Madera,2021-03-05,1315,32936,401,13321,902,19603,12,12,1056,14938,257,9013,1079,23951,California
Madera,2021-03-06,802,33738,623,13944,148,19751,31,43,484,15136,318,9331,516,24467,California
Madera,2021-03-07,153,33891,27,13971,104,19855,22,65,103,15211,50,9381,125,24592,California
Madera,2021-03-08,574,34465,317,14288,199,20054,58,123,285,15267,289,9670,345,24937,California
Madera,2021-03-09,434,34899,157,14445,244,20298,33,156,272,15419,161,9831,313,25250,California
Madera,2021-03-10,1123,36022,502,14947,544,20842,77,233,699,15776,420,10251,777,26027,California
Madera,2021-03-11,1646,37668,837,15784,478,21320,331,564,752,15977,893,11144,1094,27121,California
Madera,2021-03-12,1512,39180,778,16562,582,21902,152,716,747,16139,764,11908,926,28047,California
Madera,2021-03-13,1797,40977,1270,17832,329,22231,198,914,739,16037,1056,12964,954,29001,California
Madera,2021-03-14,580,41557,447,18279,101,22332,32,946,293,16078,285,13249,326,29327,California
Madera,2021-03-15,716,42273,210,18489,461,22793,45,991,496,16427,218,13467,567,29894,California
Madera,2021-03-16,816,43089,422,18911,347,23140,47,1038,638,16954,176,13643,703,30597,California
Madera,2021-03-17,1407,44496,930,19841,416,23556,61,1099,854,17415,544,14187,1005,31602,California
Madera,2021-03-18,1860,46356,643,20484,1157,24713,60,1159,907,17518,948,15135,1051,32653,California
Madera,2021-03-19,1493,47849,586,21070,823,25536,84,1243,965,18106,525,15660,1113,33766,California
Madera,2021-03-20,1119,48968,762,21832,308,25844,49,1292,574,18231,544,16204,669,34435,California
Madera,2021-03-21,1064,50032,865,22697,154,25998,45,1337,353,17922,708,16912,399,34834,California
Madera,2021-03-22,1350,51382,850,23547,432,26430,68,1405,679,18043,668,17580,789,35623,California
Madera,2021-03-23,1395,52777,841,24388,463,26893,91,1496,739,18301,654,18234,912,36535,California
Madera,2021-03-24,892,53669,463,24851,398,27291,31,1527,594,18632,297,18531,628,37163,California
Madera,2021-03-25,1109,54778,487,25338,602,27893,20,1547,640,18846,459,18990,673,37836,California
Madera,2021-03-26,1424,56202,507,25845,786,28679,131,1678,673,18905,748,19738,807,38643,California
Madera,2021-03-27,824,57026,525,26370,278,28957,21,1699,374,18854,446,20184,395,39038,California
Madera,2021-03-28,414,57440,136,26506,222,29179,56,1755,230,19009,183,20367,338,39376,California
Madera,2021-03-29,680,58120,179,26685,474,29653,27,1782,493,19349,184,20551,524,39900,California
Madera,2021-03-30,1011,59131,556,27241,423,30076,32,1814,556,19485,454,21005,590,40490,California
Madera,2021-03-31,1258,60389,458,27699,686,30762,114,1928,430,19206,824,21829,545,41035,California
Madera,2021-04-01,1198,61587,525,28224,624,31386,49,1977,423,18907,770,22599,471,41506,California
Madera,2021-04-02,1477,63064,408,28632,1015,32401,54,2031,455,18404,1013,23612,510,42016,California
Madera,2021-04-03,866,63930,676,29308,170,32571,20,2051,376,18320,489,24101,405,42421,California
Madera,2021-04-04,183,64113,64,29372,117,32688,2,2053,85,18309,98,24199,87,42508,California
Madera,2021-04-05,702,64815,225,29597,420,33108,57,2110,329,18337,372,24571,400,42908,California
Madera,2021-04-06,1651,66466,857,30454,456,33564,338,2448,628,18283,1021,25592,967,43875,California
Madera,2021-04-07,1082,67548,301,30755,643,34207,138,2586,438,18223,640,26232,580,44455,California
Madera,2021-04-08,1006,68554,273,31028,529,34736,204,2790,315,18063,687,26919,527,44982,California
Marin,2020-12-15,2,2,2,2,0,0,0,0,2,2,0,0,2,2,California
Marin,2020-12-16,107,109,107,109,0,0,0,0,107,109,0,0,107,109,California
Marin,2020-12-17,259,368,259,368,0,0,0,0,259,368,0,0,259,368,California
Marin,2020-12-18,370,738,370,738,0,0,0,0,370,738,0,0,370,738,California
Marin,2020-12-19,348,1086,347,1085,1,1,0,0,348,1086,0,0,348,1086,California
Marin,2020-12-20,167,1253,166,1251,1,2,0,0,167,1253,0,0,167,1253,California
Marin,2020-12-21,238,1491,235,1486,3,5,0,0,238,1491,0,0,238,1491,California
Marin,2020-12-22,521,2012,318,1804,203,208,0,0,521,2012,0,0,521,2012,California
Marin,2020-12-23,731,2743,323,2127,408,616,0,0,731,2743,0,0,731,2743,California
Marin,2020-12-24,357,3100,160,2287,197,813,0,0,357,3100,0,0,357,3100,California
Marin,2020-12-25,27,3127,0,2287,27,840,0,0,27,3127,0,0,27,3127,California
Marin,2020-12-26,142,3269,93,2380,49,889,0,0,142,3269,0,0,142,3269,California
Marin,2020-12-27,93,3362,56,2436,37,926,0,0,93,3362,0,0,93,3362,California
Marin,2020-12-28,408,3770,99,2535,309,1235,0,0,408,3770,0,0,408,3770,California
Marin,2020-12-29,400,4170,88,2623,312,1547,0,0,400,4170,0,0,400,4170,California
Marin,2020-12-30,624,4794,388,3011,236,1783,0,0,624,4794,0,0,624,4794,California
Marin,2020-12-31,198,4992,33,3044,165,1948,0,0,198,4992,0,0,198,4992,California
Marin,2021-01-01,11,5003,5,3049,6,1954,0,0,11,5003,0,0,11,5003,California
Marin,2021-01-02,103,5106,97,3146,6,1960,0,0,103,5106,0,0,103,5106,California
Marin,2021-01-03,54,5160,36,3182,18,1978,0,0,51,5157,0,0,51,5157,California
Marin,2021-01-04,290,5450,187,3369,103,2081,0,0,289,5445,1,1,289,5446,California
Marin,2021-01-05,366,5816,223,3592,143,2224,0,0,323,5725,43,44,323,5769,California
Marin,2021-01-06,819,6635,317,3909,502,2726,0,0,643,6192,176,220,643,6412,California
Marin,2021-01-07,893,7528,503,4412,390,3116,0,0,545,6389,348,568,545,6957,California
Marin,2021-01-08,968,8496,513,4925,455,3571,0,0,594,6610,373,941,594,7551,California
Marin,2021-01-09,618,9114,222,5147,396,3967,0,0,487,6966,131,1072,487,8038,California
Marin,2021-01-10,128,9242,99,5246,29,3996,0,0,54,6946,74,1146,54,8092,California
Marin,2021-01-11,467,9709,326,5572,141,4137,0,0,250,6980,217,1363,251,8343,California
Marin,2021-01-12,939,10648,541,6113,398,4535,0,0,567,7178,369,1732,567,8910,California
Marin,2021-01-13,1175,11823,499,6612,676,5211,0,0,937,7877,238,1970,937,9847,California
Marin,2021-01-14,1067,12890,319,6931,748,5959,0,0,917,8646,148,2118,917,10764,California
Marin,2021-01-15,1153,14043,354,7285,799,6758,0,0,1023,9541,129,2247,1024,11788,California
Marin,2021-01-16,1109,15152,907,8192,202,6960,0,0,1034,10500,75,2322,1034,12822,California
Marin,2021-01-17,1235,16387,1116,9308,119,7079,0,0,1207,11683,27,2349,1210,14032,California
Marin,2021-01-18,360,16747,159,9467,201,7280,0,0,309,11941,51,2400,309,14341,California
Marin,2021-01-19,1154,17901,913,10380,241,7521,0,0,982,12753,171,2571,983,15324,California
Marin,2021-01-20,1781,19682,1203,11583,578,8099,0,0,1052,13087,718,3289,1052,16376,California
Marin,2021-01-21,1681,21363,1062,12645,619,8718,0,0,1329,14069,349,3638,1331,17707,California
Marin,2021-01-22,1694,23057,1085,13730,609,9327,0,0,1529,15433,165,3803,1529,19236,California
Marin,2021-01-23,1842,24899,1341,15071,501,9828,0,0,1758,17108,83,3886,1758,20994,California
Marin,2021-01-24,611,25510,164,15235,447,10275,0,0,579,17655,32,3918,579,21573,California
Marin,2021-01-25,1118,26628,225,15460,893,11168,0,0,686,17911,431,4349,687,22260,California
Marin,2021-01-26,1497,28125,778,16238,719,11887,0,0,1121,18657,375,4724,1121,23381,California
Marin,2021-01-27,1695,29820,868,17106,827,12714,0,0,1344,19653,349,5073,1345,24726,California
Marin,2021-01-28,2067,31887,1062,18168,1005,13719,0,0,1801,21190,265,5338,1802,26528,California
Marin,2021-01-29,2181,34068,1434,19602,747,14466,0,0,1980,22981,190,5528,1981,28509,California
Marin,2021-01-30,1714,35782,899,20501,815,15281,0,0,1636,24540,78,5606,1637,30146,California
Marin,2021-01-31,451,36233,314,20815,137,15418,0,0,427,24943,24,5630,427,30573,California
Marin,2021-02-01,1087,37320,418,21233,669,16087,0,0,887,25631,200,5830,888,31461,California
Marin,2021-02-02,1354,38674,465,21698,889,16976,0,0,726,25739,618,6448,726,32187,California
Marin,2021-02-03,1775,40449,426,22124,1349,18325,0,0,1250,26466,523,6971,1250,33437,California
Marin,2021-02-04,1537,41986,514,22638,1023,19348,0,0,934,26800,600,7571,934,34371,California
Marin,2021-02-05,2171,44157,679,23317,1492,20840,0,0,1333,27299,834,8405,1333,35704,California
Marin,2021-02-06,1426,45583,851,24168,575,21415,0,0,603,27081,822,9227,604,36308,California
Marin,2021-02-07,1286,46869,1005,25173,281,21696,0,0,486,26768,799,10026,486,36794,California
Marin,2021-02-08,1515,48384,754,25927,761,22457,0,0,724,26703,790,10816,725,37519,California
Marin,2021-02-09,1780,50164,1122,27049,658,23115,0,0,834,26591,946,11762,834,38353,California
Marin,2021-02-10,2334,52498,1488,28537,846,23961,0,0,1220,26700,1112,12874,1221,39574,California
Marin,2021-02-11,2860,55358,1643,30180,1217,25178,0,0,1451,26749,1404,14278,1453,41027,California
Marin,2021-02-12,3057,58415,1537,31717,1520,26698,0,0,1563,26820,1492,15770,1563,42590,California
Marin,2021-02-13,2333,60748,1242,32959,1091,27789,0,0,1129,26747,1202,16972,1129,43719,California
Marin,2021-02-14,811,61559,302,33261,509,28298,0,0,719,27375,92,17064,720,44439,California
Marin,2021-02-15,1205,62764,352,33613,853,29151,0,0,829,27829,375,17439,829,45268,California
Marin,2021-02-16,2460,65224,1055,34668,1405,30556,0,0,1502,28374,957,18396,1502,46770,California
Marin,2021-02-17,2084,67308,930,35598,1154,31710,0,0,1084,28460,999,19395,1085,47855,California
Marin,2021-02-18,2410,69718,1575,37173,835,32545,0,0,1060,28171,1349,20744,1060,48915,California
Marin,2021-02-19,2747,72465,2148,39321,599,33144,0,0,1215,27866,1521,22265,1216,50131,California
Marin,2021-02-20,2563,75028,2109,41430,454,33598,0,0,1215,27737,1344,23609,1215,51346,California
Marin,2021-02-21,1280,76308,1088,42518,192,33790,0,0,906,28272,371,23980,906,52252,California
Marin,2021-02-22,1817,78125,1402,43920,415,34205,0,0,1211,28878,605,24585,1211,53463,California
Marin,2021-02-23,2826,80951,1612,45532,1214,35419,0,0,1904,29869,914,25499,1905,55368,California
Marin,2021-02-24,3498,84449,1600,47132,1898,37317,0,0,2248,30875,1243,26742,2249,57617,California
Marin,2021-02-25,3923,88372,1811,48943,2112,39429,0,0,2768,32496,1148,27890,2769,60386,California
Marin,2021-02-26,3476,91848,1876,50819,1600,41029,0,0,2530,34091,935,28825,2530,62916,California
Marin,2021-02-27,2608,94456,1494,52313,1114,42143,0,0,1776,35040,829,29654,1778,64694,California
Marin,2021-02-28,1380,95836,920,53233,460,42603,0,0,1046,35754,332,29986,1046,65740,California
Marin,2021-03-01,2466,98302,1530,54763,936,43539,0,0,1655,36603,806,30792,1655,67395,California
Marin,2021-03-02,2422,100724,1592,56355,829,44368,1,1,1680,37545,739,31531,1681,69076,California
Marin,2021-03-03,4250,104974,2371,58726,1879,46247,0,1,2746,38792,1499,33030,2746,71822,California
Marin,2021-03-04,3326,108300,1638,60364,1688,47935,0,1,2324,40123,996,34026,2327,74149,California
Marin,2021-03-05,3011,111311,1120,61484,1879,49814,12,13,1769,40664,1240,35266,1781,75930,California
Marin,2021-03-06,3213,114524,2312,63796,822,50636,79,92,2642,42818,566,35832,2720,78650,California
Marin,2021-03-07,1367,115891,1153,64949,191,50827,23,115,982,43441,382,36214,1005,79655,California
Marin,2021-03-08,1849,117740,1364,66313,384,51211,101,216,1401,44497,446,36660,1502,81157,California
Marin,2021-03-09,2097,119837,1214,67527,777,51988,106,322,1428,45363,668,37328,1534,82691,California
Marin,2021-03-10,4399,124236,2458,69985,1659,53647,282,604,3178,47605,1218,38546,3460,86151,California
Marin,2021-03-11,4542,128778,1860,71845,2552,56199,130,734,3263,49726,1272,39818,3393,89544,California
Marin,2021-03-12,3922,132700,1526,73371,2046,58245,350,1084,1540,49242,2373,42191,1889,91433,California
Marin,2021-03-13,4048,136748,2847,76218,1133,59378,68,1152,2401,50063,1643,43834,2464,93897,California
Marin,2021-03-14,2272,139020,1095,77313,1061,60439,116,1268,730,49367,1542,45376,846,94743,California
Marin,2021-03-15,3206,142226,1757,79070,1402,61841,47,1315,1203,48622,1994,47370,1249,95992,California
Marin,2021-03-16,4297,146523,2312,81382,1621,63462,364,1679,1523,47738,2771,50141,1887,97879,California
Marin,2021-03-17,4112,150635,2245,83627,1823,65285,44,1723,1999,47678,2103,52244,2043,99922,California
Marin,2021-03-18,4447,155082,2239,85866,2137,67422,71,1794,2218,47750,2216,54460,2288,102210,California
Marin,2021-03-19,4422,159504,2267,88133,1938,69360,217,2011,2405,48362,2010,56470,2622,104832,California
Marin,2021-03-20,3572,163076,1978,90111,1479,70839,115,2126,2032,48976,1534,58004,2148,106980,California
Marin,2021-03-21,1524,164600,1122,91233,377,71216,25,2151,791,49061,731,58735,816,107796,California
Marin,2021-03-22,2460,167060,2125,93358,170,71386,165,2316,989,48748,1467,60202,1154,108950,California
Marin,2021-03-23,4222,171282,2182,95540,1911,73297,129,2445,1940,48541,2276,62478,2069,111019,California
Marin,2021-03-24,4395,175677,2883,98423,1408,74705,104,2549,1789,47837,2596,65074,1892,112911,California
Marin,2021-03-25,4607,180284,2813,101236,1725,76430,69,2618,2253,47816,2341,67415,2320,115231,California
Marin,2021-03-26,4267,184551,2312,103548,1741,78171,214,2832,2408,48594,1844,69259,2622,117853,California
Marin,2021-03-27,3677,188228,2642,106190,1018,79189,17,2849,1142,47228,2525,71784,1159,119012,California
Marin,2021-03-28,2371,190599,1720,107910,645,79834,6,2855,1100,47067,1267,73051,1106,120118,California
Marin,2021-03-29,2673,193272,2082,109992,567,80401,24,2879,1180,46781,1490,74541,1204,121322,California
Marin,2021-03-30,4644,197916,3645,113637,966,81367,33,2912,3063,48298,1579,76120,3096,124418,California
Marin,2021-03-31,5757,203673,4086,117723,1622,82989,49,2961,2584,47765,3166,79286,2633,127051,California
Marin,2021-04-01,4261,207934,2164,119887,1859,84848,238,3199,2023,47794,2232,81518,2261,129312,California
Marin,2021-04-02,3638,211572,1800,121687,1479,86327,359,3558,1940,48402,1691,83209,2299,131611,California
Marin,2021-04-03,3815,215387,2509,124196,944,87271,362,3920,1470,47899,2335,85544,1832,133443,California
Marin,2021-04-04,1620,217007,1221,125417,202,87473,197,4117,1187,48851,432,85976,1384,134827,California
Marin,2021-04-05,2165,219172,1507,126924,291,87764,367,4484,1249,49551,915,86891,1615,136442,California
Marin,2021-04-06,3879,223051,2060,128984,1280,89044,539,5023,2165,50545,1708,88599,2702,139144,California
Marin,2021-04-07,3648,226699,1886,130870,1284,90328,478,5501,1350,50082,2291,90890,1828,140972,California
Marin,2021-04-08,2925,229624,1394,132264,1254,91582,277,5778,1426,50290,1491,92381,1699,142671,California
Mariposa,2020-12-17,3,3,3,3,0,0,0,0,38,38,0,0,38,38,California
Mariposa,2020-12-18,5,8,5,8,0,0,0,0,56,94,0,0,56,94,California
Mariposa,2020-12-20,2,10,2,10,0,0,0,0,2,96,0,0,2,96,California
Mariposa,2020-12-21,3,13,3,13,0,0,0,0,45,141,0,0,45,141,California
Mariposa,2020-12-22,2,15,2,15,0,0,0,0,2,143,0,0,2,143,California
Mariposa,2020-12-23,10,25,10,25,0,0,0,0,1,144,0,0,1,144,California
Mariposa,2020-12-24,1,26,0,25,1,1,0,0,0,144,0,0,0,144,California
Mariposa,2020-12-26,1,27,1,26,0,1,0,0,1,145,0,0,1,145,California
Mariposa,2020-12-27,1,28,0,26,1,2,0,0,1,146,0,0,1,146,California
Mariposa,2020-12-28,3,31,1,27,2,4,0,0,3,149,0,0,3,149,California
Mariposa,2020-12-29,33,64,1,28,32,36,0,0,33,182,0,0,33,182,California
Mariposa,2020-12-30,21,85,0,28,21,57,0,0,20,202,0,0,20,202,California
Mariposa,2020-12-31,22,107,0,28,22,79,0,0,22,224,0,0,22,224,California
Mariposa,2021-01-04,9,116,1,29,8,87,0,0,9,233,0,0,9,233,California
Mariposa,2021-01-05,24,140,14,43,10,97,0,0,12,235,10,10,12,245,California
Mariposa,2021-01-06,5,145,3,46,2,99,0,0,2,234,3,13,2,247,California
Mariposa,2021-01-07,49,194,47,93,2,101,0,0,2,189,47,60,2,249,California
Mariposa,2021-01-08,109,303,81,174,28,129,0,0,33,146,76,136,33,282,California
Mariposa,2021-01-09,1,304,0,174,1,130,0,0,1,147,0,136,1,283,California
Mariposa,2021-01-11,24,328,3,177,21,151,0,0,22,167,2,138,22,305,California
Mariposa,2021-01-12,21,349,3,180,18,169,0,0,18,182,3,141,18,323,California
Mariposa,2021-01-13,22,371,1,181,21,190,0,0,21,202,1,142,21,344,California
Mariposa,2021-01-14,94,465,1,182,93,283,0,0,94,296,0,142,94,438,California
Mariposa,2021-01-15,46,511,1,183,45,328,0,0,45,340,1,143,45,483,California
Mariposa,2021-01-16,19,530,2,185,17,345,0,0,18,357,1,144,18,501,California
Mariposa,2021-01-17,2,532,0,185,2,347,0,0,2,359,0,144,2,503,California
Mariposa,2021-01-18,2,534,2,187,0,347,0,0,1,359,1,145,1,504,California
Mariposa,2021-01-19,1,535,0,187,1,348,0,0,1,360,0,145,1,505,California
Mariposa,2021-01-20,26,561,0,187,26,374,0,0,26,386,0,145,26,531,California
Mariposa,2021-01-21,87,648,1,188,86,460,0,0,87,473,0,145,87,618,California
Mariposa,2021-01-22,77,725,1,189,76,536,0,0,77,550,0,145,77,695,California
Mariposa,2021-01-23,125,850,0,189,125,661,0,0,123,673,0,145,123,818,California
Mariposa,2021-01-25,3,853,1,190,2,663,0,0,0,670,3,148,0,818,California
Mariposa,2021-01-26,32,885,2,192,30,693,0,0,3,648,29,177,7,825,California
Mariposa,2021-01-27,34,919,1,193,33,726,0,0,26,666,8,185,26,851,California
Mariposa,2021-01-28,149,1068,2,195,147,873,0,0,135,788,13,198,135,986,California
Mariposa,2021-01-29,58,1126,0,195,58,931,0,0,58,846,0,198,58,1044,California
Mariposa,2021-01-30,3,1129,1,196,2,933,0,0,2,847,1,199,2,1046,California
Mariposa,2021-01-31,1,1130,0,196,1,934,0,0,1,848,0,199,1,1047,California
Mariposa,2021-02-01,55,1185,0,196,55,989,0,0,48,889,7,206,48,1095,California
Mariposa,2021-02-02,8,1193,0,196,8,997,0,0,2,885,6,212,2,1097,California
Mariposa,2021-02-03,26,1219,1,197,25,1022,0,0,22,903,4,216,22,1119,California
Mariposa,2021-02-04,115,1334,7,204,108,1130,0,0,108,1008,4,220,109,1228,California
Mariposa,2021-02-05,239,1573,4,208,235,1365,0,0,217,1203,22,242,217,1445,California
Mariposa,2021-02-06,2,1575,1,209,1,1366,0,0,1,1203,1,243,1,1446,California
Mariposa,2021-02-08,39,1614,1,210,38,1404,0,0,20,1204,19,262,20,1466,California
Mariposa,2021-02-09,11,1625,3,213,8,1412,0,0,6,1205,5,267,6,1472,California
Mariposa,2021-02-10,17,1642,1,214,16,1428,0,0,9,1212,8,275,15,1487,California
Mariposa,2021-02-11,378,2020,4,218,374,1802,0,0,367,1572,9,284,369,1856,California
Mariposa,2021-02-12,173,2193,1,219,172,1974,0,0,129,1657,44,328,129,1985,California
Mariposa,2021-02-13,5,2198,3,222,2,1976,0,0,4,1660,1,329,4,1989,California
Mariposa,2021-02-14,5,2203,2,224,3,1979,0,0,4,1663,1,330,4,1993,California
Mariposa,2021-02-15,8,2211,2,226,6,1985,0,0,7,1669,1,331,7,2000,California
Mariposa,2021-02-16,20,2231,2,228,18,2003,0,0,19,1687,1,332,19,2019,California
Mariposa,2021-02-17,19,2250,1,229,18,2021,0,0,15,1699,3,335,15,2034,California
Mariposa,2021-02-18,55,2305,2,231,53,2074,0,0,12,1668,43,378,12,2046,California
Mariposa,2021-02-19,75,2380,0,231,75,2149,0,0,74,1741,1,379,74,2120,California
Mariposa,2021-02-20,253,2633,4,235,249,2398,0,0,221,1931,31,410,221,2341,California
Mariposa,2021-02-21,231,2864,2,237,229,2627,0,0,230,2160,1,411,230,2571,California
Mariposa,2021-02-22,14,2878,2,239,12,2639,0,0,14,2174,0,411,14,2585,California
Mariposa,2021-02-23,5,2883,2,241,3,2642,0,0,4,2177,1,412,4,2589,California
Mariposa,2021-02-24,18,2901,1,242,17,2659,0,0,2,2163,16,428,2,2591,California
Mariposa,2021-02-25,5,2906,3,245,2,2661,0,0,2,2162,3,431,2,2593,California
Mariposa,2021-02-26,409,3315,3,248,406,3067,0,0,353,2459,56,487,353,2946,California
Mariposa,2021-02-27,154,3469,3,251,151,3218,0,0,151,2607,3,490,151,3097,California
Mariposa,2021-02-28,2,3471,1,252,1,3219,0,0,0,2605,2,492,0,3097,California
Mariposa,2021-03-01,54,3525,1,253,53,3272,0,0,6,2563,48,540,6,3103,California
Mariposa,2021-03-02,6,3531,5,258,1,3273,0,0,3,2563,3,543,3,3106,California
Mariposa,2021-03-03,68,3599,1,259,67,3340,0,0,66,2627,2,545,66,3172,California
Mariposa,2021-03-04,15,3614,5,264,10,3350,0,0,8,2628,7,552,8,3180,California
Mariposa,2021-03-05,40,3654,6,270,34,3384,0,0,33,2658,7,559,37,3217,California
Mariposa,2021-03-06,4,3658,2,272,2,3386,0,0,4,2662,0,559,4,3221,California
Mariposa,2021-03-08,35,3693,3,275,21,3407,11,11,6,2650,29,588,17,3238,California
Mariposa,2021-03-09,24,3717,2,277,12,3419,10,21,9,2654,15,603,19,3257,California
Mariposa,2021-03-10,14,3731,1,278,3,3422,10,31,2,2654,12,615,12,3269,California
Mariposa,2021-03-11,456,4187,6,284,432,3854,18,49,221,2662,234,849,242,3511,California
Mariposa,2021-03-12,242,4429,3,287,210,4064,29,78,108,2665,134,983,137,3648,California
Mariposa,2021-03-13,26,4455,3,290,8,4072,15,93,7,2668,19,1002,22,3670,California
Mariposa,2021-03-14,16,4471,1,291,4,4076,11,104,2,2667,14,1016,13,3683,California
Mariposa,2021-03-15,75,4546,6,297,31,4107,38,142,31,2692,44,1060,69,3752,California
Mariposa,2021-03-16,42,4588,4,301,4,4111,34,176,5,2694,37,1097,39,3791,California
Mariposa,2021-03-17,53,4641,4,305,43,4154,6,182,45,2738,8,1105,52,3843,California
Mariposa,2021-03-18,45,4686,5,310,31,4185,9,191,33,2768,12,1117,42,3885,California
Mariposa,2021-03-19,331,5017,4,314,318,4503,9,200,297,3040,34,1151,306,4191,California
Mariposa,2021-03-20,419,5436,4,318,414,4917,1,201,46,2716,373,1524,49,4240,California
Mariposa,2021-03-21,8,5444,7,325,0,4917,1,202,5,2719,3,1527,6,4246,California
Mariposa,2021-03-22,33,5477,3,328,19,4936,11,213,21,2740,12,1539,33,4279,California
Mariposa,2021-03-23,21,5498,3,331,4,4940,14,227,3,2739,18,1557,17,4296,California
Mariposa,2021-03-24,49,5547,1,332,46,4986,2,229,47,2786,2,1559,49,4345,California
Mariposa,2021-03-25,58,5605,7,339,43,5029,8,237,46,2828,12,1571,54,4399,California
Mariposa,2021-03-26,471,6076,7,346,462,5491,2,239,243,2845,228,1799,245,4644,California
Mariposa,2021-03-27,214,6290,3,349,211,5702,0,239,85,2802,129,1928,86,4730,California
Mariposa,2021-03-28,4,6294,0,349,1,5703,3,242,0,2801,4,1932,3,4733,California
Mariposa,2021-03-29,12,6306,2,351,10,5713,0,242,7,2803,5,1937,7,4740,California
Mariposa,2021-03-30,19,6325,1,352,2,5715,16,258,1,2802,18,1955,17,4757,California
Mariposa,2021-03-31,71,6396,5,357,65,5780,1,259,61,2854,10,1965,62,4819,California
Mariposa,2021-04-01,6,6402,2,359,3,5783,1,260,2,2853,4,1969,3,4822,California
Mariposa,2021-04-02,32,6434,4,363,27,5810,1,261,9,2840,23,1992,10,4832,California
Mariposa,2021-04-03,5,6439,3,366,2,5812,0,261,3,2841,2,1994,3,4835,California
Mariposa,2021-04-04,2,6441,1,367,0,5812,1,262,0,2840,2,1996,1,4836,California
Mariposa,2021-04-05,12,6453,8,375,2,5814,2,264,6,2842,6,2002,8,4844,California
Mariposa,2021-04-06,23,6476,8,383,1,5815,14,278,1,2836,21,2023,15,4859,California
Mariposa,2021-04-07,25,6501,3,386,6,5821,16,294,1,2829,24,2047,17,4876,California
Mariposa,2021-04-08,12,6513,4,390,3,5824,5,299,4,2830,8,2055,9,4885,California
Mendocino,2020-12-17,70,70,70,70,0,0,0,0,70,70,0,0,70,70,California
Mendocino,2020-12-18,85,155,84,154,1,1,0,0,84,154,0,0,84,154,California
Mendocino,2020-12-19,4,159,4,158,0,1,0,0,4,158,0,0,4,158,California
Mendocino,2020-12-20,7,166,7,165,0,1,0,0,7,165,0,0,7,165,California
Mendocino,2020-12-21,244,410,244,409,0,1,0,0,76,241,0,0,76,241,California
Mendocino,2020-12-22,250,660,189,598,61,62,0,0,250,491,0,0,250,491,California
Mendocino,2020-12-23,270,930,47,645,223,285,0,0,269,760,0,0,269,760,California
Mendocino,2020-12-24,49,979,8,653,41,326,0,0,49,809,0,0,49,809,California
Mendocino,2020-12-25,1,980,0,653,1,327,0,0,1,810,0,0,1,810,California
Mendocino,2020-12-26,2,982,2,655,0,327,0,0,2,812,0,0,2,812,California
Mendocino,2020-12-27,1,983,0,655,1,328,0,0,1,813,0,0,1,813,California
Mendocino,2020-12-28,73,1056,8,663,65,393,0,0,73,886,0,0,73,886,California
Mendocino,2020-12-29,120,1176,60,723,60,453,0,0,120,1006,0,0,120,1006,California
Mendocino,2020-12-30,122,1298,67,790,55,508,0,0,122,1128,0,0,122,1128,California
Mendocino,2020-12-31,130,1428,95,885,35,543,0,0,130,1258,0,0,130,1258,California
Mendocino,2021-01-01,4,1432,2,887,2,545,0,0,4,1262,0,0,4,1262,California
Mendocino,2021-01-02,1,1433,1,888,0,545,0,0,1,1263,0,0,1,1263,California
Mendocino,2021-01-04,839,2272,17,905,822,1367,0,0,839,2102,0,0,839,2102,California
Mendocino,2021-01-05,71,2343,35,940,36,1403,0,0,58,2147,13,13,58,2160,California
Mendocino,2021-01-06,150,2493,129,1069,21,1424,0,0,140,2277,10,23,140,2300,California
Mendocino,2021-01-07,358,2851,237,1306,121,1545,0,0,295,2509,63,86,295,2595,California
Mendocino,2021-01-08,95,2946,82,1388,13,1558,0,0,41,2497,54,140,42,2637,California
Mendocino,2021-01-09,10,2956,6,1394,4,1562,0,0,8,2503,2,142,8,2645,California
Mendocino,2021-01-10,8,2964,8,1402,0,1562,0,0,1,2497,7,149,1,2646,California
Mendocino,2021-01-11,100,3064,91,1493,9,1571,0,0,43,2484,56,205,43,2689,California
Mendocino,2021-01-12,386,3450,376,1869,10,1581,0,0,270,2638,116,321,270,2959,California
Mendocino,2021-01-13,480,3930,144,2013,336,1917,0,0,440,3041,38,359,441,3400,California
Mendocino,2021-01-14,634,4564,20,2033,614,2531,0,0,625,3657,9,368,625,4025,California
Mendocino,2021-01-15,1857,6421,859,2892,998,3529,0,0,1853,5506,4,372,1853,5878,California
Mendocino,2021-01-16,791,7212,50,2942,741,4270,0,0,789,6293,2,374,789,6667,California
Mendocino,2021-01-17,554,7766,1,2943,553,4823,0,0,553,6845,1,375,553,7220,California
Mendocino,2021-01-18,488,8254,463,3406,25,4848,0,0,476,7309,12,387,476,7696,California
Mendocino,2021-01-19,329,8583,145,3551,184,5032,0,0,154,7288,175,562,154,7850,California
Mendocino,2021-01-20,551,9134,404,3955,147,5179,0,0,446,7632,103,665,447,8297,California
Mendocino,2021-01-21,533,9667,221,4176,312,5491,0,0,349,7798,183,848,349,8646,California
Mendocino,2021-01-22,149,9816,58,4234,91,5582,0,0,110,7869,39,887,110,8756,California
Mendocino,2021-01-23,155,9971,83,4317,72,5654,0,0,149,8012,6,893,149,8905,California
Mendocino,2021-01-24,5,9976,3,4320,2,5656,0,0,5,8017,0,893,5,8910,California
Mendocino,2021-01-25,189,10165,16,4336,173,5829,0,0,121,8070,68,961,121,9031,California
Mendocino,2021-01-26,155,10320,57,4393,98,5927,0,0,95,8105,60,1021,95,9126,California
Mendocino,2021-01-27,433,10753,363,4756,70,5997,0,0,173,8025,253,1274,173,9299,California
Mendocino,2021-01-28,584,11337,520,5276,64,6061,0,0,491,8423,93,1367,491,9790,California
Mendocino,2021-01-29,388,11725,348,5624,40,6101,0,0,359,8754,29,1396,360,10150,California
Mendocino,2021-01-30,48,11773,30,5654,18,6119,0,0,41,8788,7,1403,41,10191,California
Mendocino,2021-01-31,274,12047,2,5656,272,6391,0,0,3,8520,271,1674,3,10194,California
Mendocino,2021-02-01,376,12423,50,5706,326,6717,0,0,55,8254,321,1995,55,10249,California
Mendocino,2021-02-02,720,13143,501,6207,219,6936,0,0,362,8258,358,2353,362,10611,California
Mendocino,2021-02-03,390,13533,205,6412,185,7121,0,0,221,8312,167,2520,221,10832,California
Mendocino,2021-02-04,626,14159,530,6942,96,7217,0,0,502,8690,124,2644,502,11334,California
Mendocino,2021-02-05,1300,15459,1212,8154,88,7305,0,0,585,8561,714,3358,585,11919,California
Mendocino,2021-02-06,557,16016,157,8311,400,7705,0,0,542,9088,15,3373,542,12461,California
Mendocino,2021-02-07,31,16047,27,8338,4,7709,0,0,31,9119,0,3373,31,12492,California
Mendocino,2021-02-08,745,16792,714,9052,31,7740,0,0,284,8942,461,3834,284,12776,California
Mendocino,2021-02-09,141,16933,58,9110,83,7823,0,0,89,8979,52,3886,89,12865,California
Mendocino,2021-02-10,1479,18412,921,10031,558,8381,0,0,742,8993,731,4617,745,13610,California
Mendocino,2021-02-11,1132,19544,209,10240,923,9304,0,0,286,8433,846,5463,286,13896,California
Mendocino,2021-02-12,1399,20943,157,10397,1242,10546,0,0,634,8303,764,6227,634,14530,California
Mendocino,2021-02-13,495,21438,12,10409,483,11029,0,0,102,8017,393,6620,107,14637,California
Mendocino,2021-02-14,697,22135,3,10412,694,11723,0,0,136,7592,561,7181,136,14773,California
Mendocino,2021-02-15,327,22462,43,10455,284,12007,0,0,172,7609,155,7336,172,14945,California
Mendocino,2021-02-16,198,22660,50,10505,148,12155,0,0,131,7673,67,7403,131,15076,California
Mendocino,2021-02-17,1349,24009,1187,11692,162,12317,0,0,877,8080,470,7873,877,15953,California
Mendocino,2021-02-18,1778,25787,637,12329,1141,13458,0,0,1213,8728,565,8438,1213,17166,California
Mendocino,2021-02-19,747,26534,145,12474,602,14060,0,0,608,9197,139,8577,608,17774,California
Mendocino,2021-02-20,572,27106,546,13020,26,14086,0,0,542,9711,28,8605,542,18316,California
Mendocino,2021-02-21,326,27432,5,13025,321,14407,0,0,314,10014,11,8616,314,18630,California
Mendocino,2021-02-22,161,27593,29,13054,132,14539,0,0,71,9996,89,8705,71,18701,California
Mendocino,2021-02-23,667,28260,655,13709,12,14551,0,0,610,10550,56,8761,610,19311,California
Mendocino,2021-02-24,1836,30096,1758,15467,78,14629,0,0,1428,11575,405,9166,1430,20741,California
Mendocino,2021-02-25,1703,31799,532,15999,1171,15800,0,0,1285,12443,417,9583,1285,22026,California
Mendocino,2021-02-26,1399,33198,746,16745,653,16453,0,0,1038,13122,359,9942,1038,23064,California
Mendocino,2021-02-27,197,33395,150,16895,47,16500,0,0,76,13078,120,10062,76,23140,California
Mendocino,2021-02-28,35,33430,13,16908,22,16522,0,0,25,13093,10,10072,25,23165,California
Mendocino,2021-03-01,577,34007,534,17442,43,16565,0,0,540,13596,37,10109,540,23705,California
Mendocino,2021-03-02,70,34077,24,17466,46,16611,0,0,41,13609,28,10137,41,23746,California
Mendocino,2021-03-03,1689,35766,1322,18788,367,16978,0,0,1059,14039,629,10766,1059,24805,California
Mendocino,2021-03-04,1764,37530,146,18934,1618,18596,0,0,1547,15372,215,10981,1548,26353,California
Mendocino,2021-03-05,205,37735,142,19076,54,18650,9,9,114,15406,89,11070,123,26476,California
Mendocino,2021-03-06,239,37974,20,19096,196,18846,23,32,201,15593,37,11107,224,26700,California
Mendocino,2021-03-07,502,38476,6,19102,476,19322,20,52,116,15343,385,11492,135,26835,California
Mendocino,2021-03-08,124,38600,29,19131,59,19381,36,88,64,15384,59,11551,100,26935,California
Mendocino,2021-03-09,441,39041,224,19355,176,19557,41,129,346,15676,95,11646,387,27322,California
Mendocino,2021-03-10,1108,40149,980,20335,62,19619,66,195,267,15173,839,12485,336,27658,California
Mendocino,2021-03-11,819,40968,609,20944,157,19776,53,248,398,15205,419,12904,451,28109,California
Mendocino,2021-03-12,1998,42966,1026,21970,878,20654,94,342,1210,15727,782,13686,1304,29413,California
Mendocino,2021-03-13,648,43614,524,22494,67,20721,57,399,97,15334,547,14233,154,29567,California
Mendocino,2021-03-14,104,43718,2,22496,95,20816,7,406,11,15261,91,14324,18,29585,California
Mendocino,2021-03-15,595,44313,51,22547,487,21303,57,463,209,15142,385,14709,266,29851,California
Mendocino,2021-03-16,572,44885,374,22921,153,21456,45,508,141,14899,429,15138,186,30037,California
Mendocino,2021-03-17,1559,46444,1357,24278,55,21511,147,655,213,13922,1344,16482,367,30404,California
Mendocino,2021-03-18,1303,47747,246,24524,1019,22530,38,693,283,13230,1012,17494,320,30724,California
Mendocino,2021-03-19,1756,49503,857,25381,838,23368,61,754,336,12213,1416,18910,399,31123,California
Mendocino,2021-03-20,71,49574,12,25393,38,23406,21,775,15,12193,56,18966,36,31159,California
Mendocino,2021-03-21,9,49583,1,25394,3,23409,5,780,4,12197,5,18971,9,31168,California
Mendocino,2021-03-22,627,50210,583,25977,15,23424,29,809,148,11897,476,19447,176,31344,California
Mendocino,2021-03-23,167,50377,34,26011,103,23527,30,839,117,11994,50,19497,147,31491,California
Mendocino,2021-03-24,897,51274,826,26837,24,23551,47,886,114,11374,781,20278,161,31652,California
Mendocino,2021-03-25,1973,53247,51,26888,1903,25454,19,905,165,9751,1806,22084,183,31835,California
Mendocino,2021-03-26,506,53753,359,27247,123,25577,24,929,330,9929,176,22260,354,32189,California
Mendocino,2021-03-27,141,53894,12,27259,118,25695,11,940,83,9965,57,22317,93,32282,California
Mendocino,2021-03-28,26,53920,5,27264,17,25712,4,944,4,9951,22,22339,8,32290,California
Mendocino,2021-03-29,187,54107,98,27362,47,25759,42,986,96,9998,91,22430,138,32428,California
Mendocino,2021-03-30,683,54790,598,27960,48,25807,37,1023,420,10193,262,22692,457,32885,California
Mendocino,2021-03-31,848,55638,270,28230,519,26326,59,1082,408,10222,438,23130,467,33352,California
Mendocino,2021-04-01,1617,57255,394,28624,1165,27491,58,1140,371,9411,1239,24369,428,33780,California
Mendocino,2021-04-02,1280,58535,1053,29677,154,27645,73,1213,224,8655,1053,25422,297,34077,California
Mendocino,2021-04-03,706,59241,7,29684,678,28323,21,1234,88,8150,614,26036,109,34186,California
Mendocino,2021-04-04,68,59309,33,29717,29,28352,6,1240,53,8194,15,26051,59,34245,California
Mendocino,2021-04-05,194,59503,131,29848,41,28393,22,1262,123,8266,71,26122,143,34388,California
Mendocino,2021-04-06,336,59839,120,29968,140,28533,76,1338,103,8212,233,26355,179,34567,California
Mendocino,2021-04-07,380,60219,117,30085,69,28602,194,1532,102,8230,278,26633,296,34863,California
Mendocino,2021-04-08,497,60716,153,30238,291,28893,53,1585,218,8227,275,26908,272,35135,California
Merced,2020-12-16,3,3,3,3,0,0,0,0,3,3,0,0,3,3,California
Merced,2020-12-17,5,8,5,8,0,0,0,0,5,8,0,0,5,8,California
Merced,2020-12-18,144,152,144,152,0,0,0,0,144,152,0,0,144,152,California
Merced,2020-12-19,38,190,38,190,0,0,0,0,38,190,0,0,38,190,California
Merced,2020-12-20,17,207,17,207,0,0,0,0,17,207,0,0,17,207,California
Merced,2020-12-21,129,336,126,333,3,3,0,0,129,336,0,0,129,336,California
Merced,2020-12-22,162,498,162,495,0,3,0,0,162,498,0,0,162,498,California
Merced,2020-12-23,304,802,289,784,15,18,0,0,304,802,0,0,304,802,California
Merced,2020-12-24,71,873,71,855,0,18,0,0,71,873,0,0,71,873,California
Merced,2020-12-25,5,878,5,860,0,18,0,0,5,878,0,0,5,878,California
Merced,2020-12-26,7,885,4,864,3,21,0,0,7,885,0,0,7,885,California
Merced,2020-12-27,12,897,11,875,1,22,0,0,12,897,0,0,12,897,California
Merced,2020-12-28,124,1021,100,975,24,46,0,0,124,1021,0,0,124,1021,California
Merced,2020-12-29,189,1210,135,1110,54,100,0,0,189,1210,0,0,189,1210,California
Merced,2020-12-30,239,1449,93,1203,146,246,0,0,238,1448,0,0,238,1448,California
Merced,2020-12-31,126,1575,39,1242,87,333,0,0,123,1571,0,0,123,1571,California
Merced,2021-01-01,1,1576,0,1242,1,334,0,0,1,1572,0,0,1,1572,California
Merced,2021-01-02,128,1704,117,1359,11,345,0,0,129,1701,0,0,129,1701,California
Merced,2021-01-03,9,1713,5,1364,4,349,0,0,9,1710,0,0,9,1710,California
Merced,2021-01-04,84,1797,41,1405,43,392,0,0,84,1794,0,0,84,1794,California
Merced,2021-01-05,319,2116,231,1636,88,480,0,0,320,2110,6,6,322,2116,California
Merced,2021-01-06,271,2387,97,1733,174,654,0,0,266,2370,6,12,266,2382,California
Merced,2021-01-07,191,2578,79,1812,112,766,0,0,191,2550,11,23,191,2573,California
Merced,2021-01-08,541,3119,399,2211,142,908,0,0,398,2799,149,172,398,2971,California
Merced,2021-01-09,23,3142,10,2221,13,921,0,0,17,2810,6,178,17,2988,California
Merced,2021-01-10,10,3152,6,2227,4,925,0,0,6,2812,4,182,6,2994,California
Merced,2021-01-11,245,3397,169,2396,76,1001,0,0,118,2805,126,308,119,3113,California
Merced,2021-01-12,310,3707,161,2557,149,1150,0,0,257,3006,56,364,257,3370,California
Merced,2021-01-13,449,4156,232,2789,217,1367,0,0,236,3037,207,571,238,3608,California
Merced,2021-01-14,353,4509,213,3002,140,1507,0,0,182,3051,170,741,184,3792,California
Merced,2021-01-15,683,5192,148,3150,535,2042,0,0,660,3674,39,780,662,4454,California
Merced,2021-01-16,243,5435,152,3302,91,2133,0,0,238,3907,5,785,238,4692,California
Merced,2021-01-17,48,5483,11,3313,37,2170,0,0,47,3953,1,786,47,4739,California
Merced,2021-01-18,329,5812,155,3468,174,2344,0,0,307,4241,22,808,310,5049,California
Merced,2021-01-19,732,6544,583,4051,149,2493,0,0,550,4613,182,990,554,5603,California
Merced,2021-01-20,592,7136,484,4535,108,2601,0,0,528,5079,64,1054,530,6133,California
Merced,2021-01-21,1057,8193,687,5222,370,2971,0,0,956,5936,102,1156,959,7092,California
Merced,2021-01-22,1392,9585,711,5933,681,3652,0,0,1368,7290,26,1182,1380,8472,California
Merced,2021-01-23,306,9891,184,6117,122,3774,0,0,203,7388,105,1287,203,8675,California
Merced,2021-01-24,32,9923,15,6132,17,3791,0,0,23,7403,8,1295,23,8698,California
Merced,2021-01-25,779,10702,269,6401,510,4301,0,0,702,8046,59,1354,702,9400,California
Merced,2021-01-26,944,11646,480,6881,464,4765,0,0,688,8526,209,1563,689,10089,California
Merced,2021-01-27,1029,12675,583,7464,446,5211,0,0,840,9204,162,1725,840,10929,California
Merced,2021-01-28,1202,13877,586,8050,616,5827,0,0,1044,10115,134,1859,1045,11974,California
Merced,2021-01-29,907,14784,339,8389,568,6395,0,0,650,10524,244,2103,653,12627,California
Merced,2021-01-30,286,15070,27,8416,259,6654,0,0,270,10778,16,2119,270,12897,California
Merced,2021-01-31,47,15117,10,8426,37,6691,0,0,46,10823,1,2120,46,12943,California
Merced,2021-02-01,373,15490,51,8477,322,7013,0,0,322,11095,50,2170,322,13265,California
Merced,2021-02-02,291,15781,180,8657,111,7124,0,0,172,11151,117,2287,173,13438,California
Merced,2021-02-03,395,16176,71,8728,324,7448,0,0,200,11156,195,2482,200,13638,California
Merced,2021-02-04,428,16604,158,8886,270,7718,0,0,273,11278,152,2634,274,13912,California
Merced,2021-02-05,623,17227,215,9101,408,8126,0,0,321,11312,289,2923,323,14235,California
Merced,2021-02-06,443,17670,248,9349,195,8321,0,0,270,11411,171,3094,270,14505,California
Merced,2021-02-07,20,17690,12,9361,8,8329,0,0,13,11417,7,3101,13,14518,California
Merced,2021-02-08,320,18010,218,9579,102,8431,0,0,180,11461,137,3238,181,14699,California
Merced,2021-02-09,1277,19287,963,10542,314,8745,0,0,804,11810,456,3694,805,15504,California
Merced,2021-02-10,1918,21205,1434,11976,484,9229,0,0,1334,12567,577,4271,1334,16838,California
Merced,2021-02-11,2607,23812,2041,14017,566,9795,0,0,1854,13674,747,5018,1854,18692,California
Merced,2021-02-12,1890,25702,1060,15077,830,10625,0,0,837,13470,1041,6059,837,19529,California
Merced,2021-02-13,362,26064,201,15278,161,10786,0,0,267,13643,95,6154,268,19797,California
Merced,2021-02-14,117,26181,27,15305,90,10876,0,0,95,13717,22,6176,96,19893,California
Merced,2021-02-15,273,26454,41,15346,232,11108,0,0,169,13788,99,6275,170,20063,California
Merced,2021-02-16,1287,27741,863,16209,424,11532,0,0,861,14246,406,6681,864,20927,California
Merced,2021-02-17,1945,29686,1676,17885,269,11801,0,0,1369,15053,564,7245,1371,22298,California
Merced,2021-02-18,1312,30998,853,18738,459,12260,0,0,456,14679,830,8075,456,22754,California
Merced,2021-02-19,1321,32319,438,19176,883,13143,0,0,574,14514,741,8816,576,23330,California
Merced,2021-02-20,273,32592,32,19208,241,13384,0,0,141,14524,131,8947,141,23471,California
Merced,2021-02-21,72,32664,57,19265,15,13399,0,0,28,14508,44,8991,28,23499,California
Merced,2021-02-22,921,33585,373,19638,548,13947,0,0,576,14740,344,9335,576,24075,California
Merced,2021-02-23,1181,34766,487,20125,694,14641,0,0,734,15031,443,9778,734,24809,California
Merced,2021-02-24,849,35615,301,20426,548,15189,0,0,465,15121,375,10153,465,25274,California
Merced,2021-02-25,1872,37487,913,21339,959,16148,0,0,1396,16056,462,10615,1397,26671,California
Merced,2021-02-26,2350,39837,1504,22843,846,16994,0,0,1924,17553,428,11043,1925,28596,California
Merced,2021-02-27,2626,42463,1040,23883,1586,18580,0,0,2321,19568,306,11349,2321,30917,California
Merced,2021-02-28,330,42793,69,23952,261,18841,0,0,285,19809,44,11393,285,31202,California
Merced,2021-03-01,1182,43975,276,24228,906,19747,0,0,854,20338,325,11718,854,32056,California
Merced,2021-03-02,1803,45778,915,25143,888,20635,0,0,1402,21355,385,12103,1402,33458,California
Merced,2021-03-03,2360,48138,1822,26965,537,21172,1,1,1566,22161,762,12865,1568,35026,California
Merced,2021-03-04,3095,51233,2434,29399,659,21831,2,3,2197,23389,971,13836,2199,37225,California
Merced,2021-03-05,2481,53714,1536,30935,922,22753,23,26,1870,24698,585,14421,1894,39119,California
Merced,2021-03-06,1224,54938,690,31625,513,23266,21,47,949,25391,277,14698,970,40089,California
Merced,2021-03-07,279,55217,61,31686,193,23459,25,72,250,25637,29,14727,275,40364,California
Merced,2021-03-08,1254,56471,622,32308,567,24026,65,137,1045,26537,209,14936,1109,41473,California
Merced,2021-03-09,1714,58185,1039,33347,562,24588,113,250,1152,27243,560,15496,1266,42739,California
Merced,2021-03-10,2905,61090,2018,35365,673,25261,214,464,1822,28204,1081,16577,2042,44781,California
Merced,2021-03-11,1942,63032,653,36018,1086,26347,203,667,1385,29267,550,17127,1613,46394,California
Merced,2021-03-12,2475,65507,1129,37147,1081,27428,265,932,1716,30501,758,17885,1992,48386,California
Merced,2021-03-13,750,66257,364,37511,144,27572,242,1174,444,30888,300,18185,687,49073,California
Merced,2021-03-14,247,66504,137,37648,80,27652,30,1204,149,30971,97,18282,180,49253,California
Merced,2021-03-15,1562,68066,526,38174,771,28423,265,1469,1036,31753,518,18800,1300,50553,California
Merced,2021-03-16,1557,69623,791,38965,543,28966,223,1692,1067,32561,482,19282,1290,51843,California
Merced,2021-03-17,2228,71851,1283,40248,764,29730,181,1873,1766,34056,454,19736,1949,53792,California
Merced,2021-03-18,2050,73901,1146,41394,747,30477,157,2030,1398,34979,644,20380,1567,55359,California
Merced,2021-03-19,3133,77034,1863,43257,1077,31554,193,2223,1729,35511,1394,21774,1926,57285,California
Merced,2021-03-20,2161,79195,1294,44551,532,32086,335,2558,1168,36027,989,22763,1505,58790,California
Merced,2021-03-21,672,79867,340,44891,319,32405,13,2571,555,36481,117,22880,571,59361,California
Merced,2021-03-22,1116,80983,481,45372,551,32956,84,2655,728,36914,380,23260,813,60174,California
Merced,2021-03-23,1899,82882,1170,46542,665,33621,64,2719,1434,37950,463,23723,1499,61673,California
Merced,2021-03-24,1398,84280,840,47382,514,34135,44,2763,1044,38694,343,24066,1087,62760,California
Merced,2021-03-25,3368,87648,2339,49721,1007,35142,22,2785,2077,39511,1285,25351,2102,64862,California
Merced,2021-03-26,2137,89785,1281,51002,827,35969,29,2814,913,39238,1215,26566,942,65804,California
Merced,2021-03-27,2522,92307,1144,52146,1311,37280,67,2881,887,38566,1626,28192,954,66758,California
Merced,2021-03-28,573,92880,206,52352,361,37641,6,2887,253,38507,320,28512,261,67019,California
Merced,2021-03-29,1638,94518,453,52805,938,38579,247,3134,652,38429,981,29493,903,67922,California
Merced,2021-03-30,2288,96806,854,53659,1376,39955,58,3192,1043,38289,1241,30734,1101,69023,California
Merced,2021-03-31,2387,99193,1649,55308,707,40662,31,3223,1047,38040,1328,32062,1079,70102,California
Merced,2021-04-01,2135,101328,1082,56390,949,41611,104,3327,745,37506,1385,33447,851,70953,California
Merced,2021-04-02,2296,103624,738,57128,1409,43020,149,3476,948,37270,1336,34783,1100,72053,California
Merced,2021-04-03,893,104517,402,57530,482,43502,9,3485,457,37302,435,35218,467,72520,California
Merced,2021-04-04,455,104972,140,57670,313,43815,2,3487,195,37242,259,35477,199,72719,California
Merced,2021-04-05,1207,106179,516,58186,407,44222,284,3771,397,37114,809,36286,681,73400,California
Merced,2021-04-06,1619,107798,640,58826,657,44879,322,4093,633,37085,985,37271,956,74356,California
Merced,2021-04-07,1091,108889,361,59187,602,45481,128,4221,378,36889,707,37978,511,74867,California
Merced,2021-04-08,671,109560,153,59340,420,45901,98,4319,288,36911,363,38341,385,75252,California
Modoc,2020-12-16,1,1,1,1,0,0,0,0,1,1,0,0,1,1,California
Modoc,2020-12-21,100,101,100,101,0,0,0,0,100,101,0,0,100,101,California
Modoc,2020-12-22,14,115,14,115,0,0,0,0,14,115,0,0,14,115,California
Modoc,2020-12-23,4,119,4,119,0,0,0,0,4,119,0,0,4,119,California
Modoc,2020-12-24,1,120,1,120,0,0,0,0,1,120,0,0,1,120,California
Modoc,2020-12-28,2,122,2,122,0,0,0,0,2,122,0,0,2,122,California
Modoc,2020-12-29,10,132,1,123,9,9,0,0,10,132,0,0,10,132,California
Modoc,2020-12-30,7,139,0,123,7,16,0,0,7,139,0,0,7,139,California
Modoc,2021-01-02,2,141,0,123,2,18,0,0,2,141,0,0,2,141,California
Modoc,2021-01-04,8,149,0,123,8,26,0,0,8,149,0,0,8,149,California
Modoc,2021-01-05,2,151,1,124,1,27,0,0,2,151,0,0,2,151,California
Modoc,2021-01-06,3,154,2,126,1,28,0,0,2,152,1,1,2,153,California
Modoc,2021-01-07,72,226,0,126,72,100,0,0,72,224,0,1,72,225,California
Modoc,2021-01-08,105,331,0,126,105,205,0,0,105,329,0,1,105,330,California
Modoc,2021-01-10,1,332,1,127,0,205,0,0,0,328,1,2,0,330,California
Modoc,2021-01-11,92,424,83,210,9,214,0,0,19,274,73,75,19,349,California
Modoc,2021-01-12,94,518,25,235,69,283,0,0,68,316,26,101,68,417,California
Modoc,2021-01-13,24,542,4,239,20,303,0,0,22,336,2,103,22,439,California
Modoc,2021-01-14,129,671,6,245,123,426,0,0,124,455,5,108,124,563,California
Modoc,2021-01-15,6,677,1,246,5,431,0,0,6,461,0,108,6,569,California
Modoc,2021-01-16,1,678,1,247,0,431,0,0,1,462,0,108,1,570,California
Modoc,2021-01-18,1,679,1,248,0,431,0,0,1,463,0,108,1,571,California
Modoc,2021-01-19,5,684,3,251,2,433,0,0,3,464,2,110,3,574,California
Modoc,2021-01-20,11,695,1,252,10,443,0,0,11,475,0,110,11,585,California
Modoc,2021-01-21,158,853,2,254,156,599,0,0,158,633,0,110,158,743,California
Modoc,2021-01-22,2,855,0,254,2,601,0,0,2,635,0,110,2,745,California
Modoc,2021-01-25,11,866,0,254,11,612,0,0,11,646,0,110,11,756,California
Modoc,2021-01-26,65,931,1,255,64,676,0,0,65,711,0,110,65,821,California
Modoc,2021-01-27,41,972,2,257,39,715,0,0,25,720,16,126,25,846,California
Modoc,2021-01-28,144,1116,1,258,143,858,0,0,144,864,0,126,144,990,California
Modoc,2021-01-29,3,1119,1,259,2,860,0,0,3,867,0,126,3,993,California
Modoc,2021-02-01,25,1144,12,271,13,873,0,0,11,864,14,140,11,1004,California
Modoc,2021-02-02,170,1314,2,273,168,1041,0,0,167,1028,3,143,167,1171,California
Modoc,2021-02-03,18,1332,13,286,5,1046,0,0,11,1032,7,150,11,1182,California
Modoc,2021-02-04,155,1487,4,290,151,1197,0,0,27,931,128,278,27,1209,California
Modoc,2021-02-05,4,1491,3,293,1,1198,0,0,3,933,1,279,3,1212,California
Modoc,2021-02-08,9,1500,2,295,7,1205,0,0,8,940,1,280,8,1220,California
Modoc,2021-02-09,197,1697,13,308,184,1389,0,0,66,875,131,411,66,1286,California
Modoc,2021-02-10,5,1702,2,310,3,1392,0,0,4,878,1,412,4,1290,California
Modoc,2021-02-11,200,1902,3,313,197,1589,0,0,82,842,118,530,82,1372,California
Modoc,2021-02-12,5,1907,1,314,4,1593,0,0,3,843,2,532,3,1375,California
Modoc,2021-02-13,1,1908,0,314,1,1594,0,0,1,844,0,532,1,1376,California
Modoc,2021-02-16,147,2055,6,320,141,1735,0,0,143,983,4,536,143,1519,California
Modoc,2021-02-17,24,2079,1,321,23,1758,0,0,12,983,12,548,12,1531,California
Modoc,2021-02-18,189,2268,2,323,187,1945,0,0,25,846,163,711,26,1557,California
Modoc,2021-02-19,2,2270,2,325,0,1945,0,0,2,848,0,711,2,1559,California
Modoc,2021-02-20,1,2271,1,326,0,1945,0,0,1,849,0,711,1,1560,California
Modoc,2021-02-22,16,2287,8,334,8,1953,0,0,3,839,13,724,3,1563,California
Modoc,2021-02-23,21,2308,3,337,18,1971,0,0,1,820,20,744,1,1564,California
Modoc,2021-02-24,90,2398,1,338,89,2060,0,0,30,790,60,804,30,1594,California
Modoc,2021-02-25,168,2566,0,338,168,2228,0,0,12,646,156,960,12,1606,California
Modoc,2021-02-26,3,2569,0,338,3,2231,0,0,1,645,2,962,1,1607,California
Modoc,2021-02-27,5,2574,5,343,0,2231,0,0,2,644,3,965,2,1609,California
Modoc,2021-03-01,4,2578,0,343,4,2235,0,0,0,640,4,969,0,1609,California
Modoc,2021-03-02,193,2771,12,355,181,2416,0,0,26,499,167,1136,26,1635,California
Modoc,2021-03-03,12,2783,6,361,6,2422,0,0,2,491,10,1146,2,1637,California
Modoc,2021-03-04,175,2958,2,363,173,2595,0,0,148,612,27,1173,148,1785,California
Modoc,2021-03-05,4,2962,3,366,1,2596,0,0,2,612,2,1175,2,1787,California
Modoc,2021-03-06,10,2972,0,366,0,2596,10,10,0,612,10,1185,10,1797,California
Modoc,2021-03-07,6,2978,1,367,0,2596,5,15,1,613,5,1190,6,1803,California
Modoc,2021-03-08,7,2985,1,368,2,2598,4,19,1,612,6,1196,5,1808,California
Modoc,2021-03-09,127,3112,10,378,109,2707,8,27,61,615,66,1262,69,1877,California
Modoc,2021-03-10,9,3121,3,381,2,2709,4,31,4,618,5,1267,8,1885,California
Modoc,2021-03-11,205,3326,0,381,98,2807,107,138,22,564,183,1450,129,2014,California
Modoc,2021-03-12,10,3336,1,382,4,2811,5,143,4,567,6,1456,9,2023,California
Modoc,2021-03-13,4,3340,0,382,1,2812,3,146,1,568,3,1459,4,2027,California
Modoc,2021-03-15,12,3352,1,383,10,2822,1,147,10,577,2,1461,11,2038,California
Modoc,2021-03-16,173,3525,1,384,168,2990,4,151,41,490,132,1593,45,2083,California
Modoc,2021-03-17,10,3535,1,385,4,2994,5,156,2,489,8,1601,7,2090,California
Modoc,2021-03-18,66,3601,1,386,58,3052,7,163,34,498,32,1633,41,2131,California
Modoc,2021-03-19,5,3606,0,386,0,3052,5,168,0,498,5,1638,5,2136,California
Modoc,2021-03-20,6,3612,2,388,1,3053,3,171,1,497,5,1643,4,2140,California
Modoc,2021-03-21,4,3616,1,389,1,3054,2,173,2,499,2,1645,4,2144,California
Modoc,2021-03-22,18,3634,1,390,11,3065,6,179,12,511,6,1651,18,2162,California
Modoc,2021-03-23,32,3666,4,394,25,3090,3,182,24,530,8,1659,27,2189,California
Modoc,2021-03-24,29,3695,1,395,18,3108,10,192,2,515,27,1686,12,2201,California
Modoc,2021-03-25,64,3759,1,396,61,3169,2,194,32,517,32,1718,34,2235,California
Modoc,2021-03-26,7,3766,2,398,2,3171,3,197,2,517,5,1723,5,2240,California
Modoc,2021-03-27,2,3768,0,398,1,3172,1,198,1,518,1,1724,2,2242,California
Modoc,2021-03-28,2,3770,1,399,0,3172,1,199,0,517,2,1726,1,2243,California
Modoc,2021-03-29,14,3784,1,400,5,3177,8,207,5,521,9,1735,13,2256,California
Modoc,2021-03-30,56,3840,11,411,39,3216,6,213,23,517,33,1768,29,2285,California
Modoc,2021-03-31,9,3849,3,414,2,3218,4,217,3,518,6,1774,7,2292,California
Modoc,2021-04-01,170,4019,3,417,162,3380,5,222,35,423,135,1909,40,2332,California
Modoc,2021-04-02,5,4024,0,417,2,3382,3,225,1,424,3,1912,4,2336,California
Modoc,2021-04-03,4,4028,2,419,0,3382,2,227,2,426,2,1914,4,2340,California
Modoc,2021-04-05,9,4037,0,419,9,3391,0,227,9,435,0,1914,9,2349,California
Modoc,2021-04-06,21,4058,5,424,7,3398,9,236,4,431,17,1931,13,2362,California
Modoc,2021-04-07,11,4069,1,425,3,3401,7,243,2,431,9,1940,9,2371,California
Modoc,2021-04-08,11,4080,1,426,9,3410,1,244,7,435,4,1944,8,2379,California
Mono,2020-12-18,1,1,1,1,0,0,0,0,1,1,0,0,1,1,California
Mono,2020-12-19,5,6,5,6,0,0,0,0,5,6,0,0,5,6,California
Mono,2020-12-20,7,13,7,13,0,0,0,0,7,13,0,0,7,13,California
Mono,2020-12-21,24,37,17,30,7,7,0,0,24,37,0,0,24,37,California
Mono,2020-12-22,65,102,64,94,1,8,0,0,65,102,0,0,65,102,California
Mono,2020-12-23,70,172,42,136,28,36,0,0,70,172,0,0,70,172,California
Mono,2020-12-24,3,175,1,137,2,38,0,0,3,175,0,0,3,175,California
Mono,2020-12-26,3,178,3,140,0,38,0,0,3,178,0,0,3,178,California
Mono,2020-12-28,94,272,63,203,31,69,0,0,94,272,0,0,94,272,California
Mono,2020-12-29,29,301,29,232,0,69,0,0,29,301,0,0,29,301,California
Mono,2020-12-30,76,377,35,267,41,110,0,0,76,377,0,0,76,377,California
Mono,2020-12-31,4,381,1,268,3,113,0,0,4,381,0,0,4,381,California
Mono,2021-01-01,3,384,3,271,0,113,0,0,3,384,0,0,3,384,California
Mono,2021-01-02,1,385,1,272,0,113,0,0,1,385,0,0,1,385,California
Mono,2021-01-04,1,386,0,272,1,114,0,0,1,386,0,0,1,386,California
Mono,2021-01-05,45,431,2,274,43,157,0,0,44,429,1,1,44,430,California
Mono,2021-01-06,44,475,0,274,44,201,0,0,44,473,0,1,44,474,California
Mono,2021-01-07,55,530,3,277,52,253,0,0,54,526,1,2,54,528,California
Mono,2021-01-08,2,532,1,278,1,254,0,0,1,526,1,3,1,529,California
Mono,2021-01-09,4,536,4,282,0,254,0,0,0,522,4,7,0,529,California
Mono,2021-01-10,5,541,5,287,0,254,0,0,0,517,5,12,0,529,California
Mono,2021-01-11,7,548,4,291,3,257,0,0,3,516,4,16,3,532,California
Mono,2021-01-12,283,831,75,366,208,465,0,0,219,672,63,79,219,751,California
Mono,2021-01-13,233,1064,73,439,160,625,0,0,178,795,55,134,178,929,California
Mono,2021-01-14,73,1137,71,510,2,627,0,0,73,868,0,134,73,1002,California
Mono,2021-01-15,60,1197,2,512,58,685,0,0,60,928,0,134,60,1062,California
Mono,2021-01-16,4,1201,3,515,1,686,0,0,1,926,3,137,1,1063,California
Mono,2021-01-18,63,1264,54,569,9,695,0,0,2,867,61,198,2,1065,California
Mono,2021-01-19,209,1473,207,776,2,697,0,0,171,1001,38,236,172,1237,California
Mono,2021-01-20,231,1704,200,976,31,728,0,0,170,1110,61,297,170,1407,California
Mono,2021-01-21,3,1707,3,979,0,728,0,0,3,1113,0,297,3,1410,California
Mono,2021-01-22,4,1711,0,979,4,732,0,0,4,1117,0,297,4,1414,California
Mono,2021-01-23,598,2309,598,1577,0,732,0,0,598,1715,0,297,598,2012,California
Mono,2021-01-25,205,2514,167,1744,38,770,0,0,166,1842,39,336,166,2178,California
Mono,2021-01-26,504,3018,502,2246,2,772,0,0,500,2338,4,340,500,2678,California
Mono,2021-01-27,5,3023,1,2247,4,776,0,0,5,2343,0,340,5,2683,California
Mono,2021-01-28,7,3030,3,2250,4,780,0,0,3,2342,4,344,3,2686,California
Mono,2021-01-30,201,3231,199,2449,2,782,0,0,201,2543,0,344,201,2887,California
Mono,2021-01-31,243,3474,138,2587,105,887,0,0,139,2578,104,448,139,3026,California
Mono,2021-02-01,27,3501,27,2614,0,887,0,0,0,2551,27,475,0,3026,California
Mono,2021-02-02,5,3506,0,2614,5,892,0,0,2,2550,3,478,2,3028,California
Mono,2021-02-03,3,3509,1,2615,2,894,0,0,1,2549,2,480,1,3029,California
Mono,2021-02-04,211,3720,158,2773,53,947,0,0,90,2518,121,601,90,3119,California
Mono,2021-02-05,623,4343,617,3390,6,953,0,0,620,3135,3,604,620,3739,California
Mono,2021-02-06,140,4483,139,3529,1,954,0,0,138,3271,2,606,138,3877,California
Mono,2021-02-07,2,4485,0,3529,2,956,0,0,2,3273,0,606,2,3879,California
Mono,2021-02-08,172,4657,172,3701,0,956,0,0,15,3132,156,762,15,3894,California
Mono,2021-02-09,226,4883,5,3706,221,1177,0,0,14,2934,212,974,14,3908,California
Mono,2021-02-10,535,5418,184,3890,351,1528,0,0,196,2791,339,1313,196,4104,California
Mono,2021-02-11,6,5424,4,3894,2,1530,0,0,1,2787,5,1318,1,4105,California
Mono,2021-02-12,83,5507,19,3913,64,1594,0,0,25,2754,58,1376,25,4130,California
Mono,2021-02-13,589,6096,589,4502,0,1594,0,0,25,2215,564,1940,25,4155,California
Mono,2021-02-15,169,6265,167,4669,2,1596,0,0,4,2056,163,2103,4,4159,California
Mono,2021-02-16,520,6785,517,5186,3,1599,0,0,44,1625,475,2578,44,4203,California
Mono,2021-02-17,5,6790,1,5187,4,1603,0,0,1,1622,4,2582,1,4204,California
Mono,2021-02-18,2,6792,2,5189,0,1603,0,0,1,1622,1,2583,1,4205,California
Mono,2021-02-19,54,6846,53,5242,1,1604,0,0,54,1676,0,2583,54,4259,California
Mono,2021-02-20,4,6850,4,5246,0,1604,0,0,4,1680,0,2583,4,4263,California
Mono,2021-02-21,3,6853,3,5249,0,1604,0,0,3,1683,0,2583,3,4266,California
Mono,2021-02-22,285,7138,284,5533,1,1605,0,0,24,1447,260,2843,24,4290,California
Mono,2021-02-23,135,7273,115,5648,20,1625,0,0,22,1356,113,2956,22,4312,California
Mono,2021-02-24,7,7280,2,5650,5,1630,0,0,2,1353,5,2961,2,4314,California
Mono,2021-02-25,6,7286,3,5653,3,1633,0,0,3,1355,1,2962,3,4317,California
Mono,2021-02-26,602,7888,602,6255,0,1633,0,0,20,793,582,3544,20,4337,California
Mono,2021-02-27,142,8030,138,6393,4,1637,0,0,4,662,135,3679,4,4341,California
Mono,2021-02-28,1,8031,1,6394,0,1637,0,0,1,663,0,3679,1,4342,California
Mono,2021-03-01,2,8033,2,6396,0,1637,0,0,1,664,0,3679,1,4343,California
Mono,2021-03-02,5,8038,3,6399,2,1639,0,0,3,665,2,3681,3,4346,California
Mono,2021-03-03,81,8119,2,6401,79,1718,0,0,78,741,2,3683,78,4424,California
Mono,2021-03-04,4,8123,0,6401,4,1722,0,0,2,741,2,3685,2,4426,California
Mono,2021-03-05,37,8160,27,6428,10,1732,0,0,15,734,22,3707,15,4441,California
Mono,2021-03-06,510,8670,16,6444,494,2226,0,0,504,1233,5,3712,504,4945,California
Mono,2021-03-07,1,8671,0,6444,1,2227,0,0,0,1232,1,3713,0,4945,California
Mono,2021-03-08,544,9215,11,6455,530,2757,3,3,535,1761,9,3722,538,5483,California
Mono,2021-03-09,7,9222,2,6457,4,2761,1,4,4,1764,2,3724,5,5488,California
Mono,2021-03-10,286,9508,91,6548,192,2953,3,7,10,1502,275,3999,13,5501,California
Mono,2021-03-11,10,9518,0,6548,1,2954,9,16,0,1501,10,4009,9,5510,California
Mono,2021-03-12,6,9524,1,6549,1,2955,4,20,0,1499,6,4015,4,5514,California
Mono,2021-03-13,828,10352,392,6941,436,3391,0,20,820,2311,8,4023,820,6334,California
Mono,2021-03-14,4,10356,4,6945,0,3391,0,20,1,2309,3,4026,1,6335,California
Mono,2021-03-15,29,10385,23,6968,1,3392,5,25,13,2311,16,4042,18,6353,California
Mono,2021-03-16,16,10401,6,6974,4,3396,6,31,8,2317,8,4050,14,6367,California
Mono,2021-03-17,33,10434,4,6978,21,3417,8,39,22,2336,11,4061,30,6397,California
Mono,2021-03-18,19,10453,2,6980,9,3426,8,47,8,2341,11,4072,16,6413,California
Mono,2021-03-19,21,10474,1,6981,17,3443,3,50,18,2359,3,4075,21,6434,California
Mono,2021-03-20,5,10479,4,6985,0,3443,1,51,4,2363,1,4076,5,6439,California
Mono,2021-03-21,1,10480,1,6986,0,3443,0,51,1,2364,0,4076,1,6440,California
Mono,2021-03-22,11,10491,0,6986,6,3449,5,56,5,2368,6,4082,10,6450,California
Mono,2021-03-23,42,10533,5,6991,32,3481,5,61,19,2369,23,4105,24,6474,California
Mono,2021-03-24,12,10545,1,6992,6,3487,5,66,6,2374,6,4111,11,6485,California
Mono,2021-03-25,18,10563,2,6994,12,3499,4,70,12,2384,6,4117,16,6501,California
Mono,2021-03-26,21,10584,3,6997,13,3512,5,75,12,2393,8,4125,17,6518,California
Mono,2021-03-27,354,10938,351,7348,3,3515,0,75,329,2697,25,4150,329,6847,California
Mono,2021-03-28,1,10939,1,7349,0,3515,0,75,1,2698,0,4150,1,6848,California
Mono,2021-03-29,10,10949,3,7352,6,3521,1,76,9,2707,1,4151,10,6858,California
Mono,2021-03-30,15,10964,0,7352,11,3532,4,80,10,2716,5,4156,14,6872,California
Mono,2021-03-31,121,11085,7,7359,113,3645,1,81,45,2687,75,4231,46,6918,California
Mono,2021-04-01,7,11092,0,7359,6,3651,1,82,2,2685,5,4236,3,6921,California
Mono,2021-04-02,17,11109,2,7361,15,3666,0,82,6,2680,11,4247,6,6927,California
Mono,2021-04-03,850,11959,367,7728,483,4149,0,82,35,1901,814,5061,35,6962,California
Mono,2021-04-05,535,12494,17,7745,517,4666,1,83,32,1433,501,5562,33,6995,California
Mono,2021-04-06,25,12519,4,7749,9,4675,12,95,7,1434,18,5580,19,7014,California
Mono,2021-04-07,21,12540,7,7756,3,4678,11,106,8,1440,13,5593,19,7033,California
Mono,2021-04-08,6,12546,2,7758,1,4679,3,109,2,1441,4,5597,5,7038,California
Monterey,2020-12-16,4,4,4,4,0,0,0,0,4,4,0,0,4,4,California
Monterey,2020-12-17,82,86,82,86,0,0,0,0,82,86,0,0,82,86,California
Monterey,2020-12-18,481,567,481,567,0,0,0,0,481,567,0,0,481,567,California
Monterey,2020-12-19,579,1146,579,1146,0,0,0,0,579,1146,0,0,579,1146,California
Monterey,2020-12-20,422,1568,422,1568,0,0,0,0,422,1568,0,0,422,1568,California
Monterey,2020-12-21,720,2288,720,2288,0,0,0,0,720,2288,0,0,720,2288,California
Monterey,2020-12-22,533,2821,520,2808,13,13,0,0,533,2821,0,0,533,2821,California
Monterey,2020-12-23,434,3255,258,3066,176,189,0,0,434,3255,0,0,434,3255,California
Monterey,2020-12-24,84,3339,10,3076,74,263,0,0,84,3339,0,0,84,3339,California
Monterey,2020-12-25,6,3345,0,3076,6,269,0,0,6,3345,0,0,6,3345,California
Monterey,2020-12-26,92,3437,5,3081,87,356,0,0,92,3437,0,0,92,3437,California
Monterey,2020-12-27,7,3444,4,3085,3,359,0,0,7,3444,0,0,7,3444,California
Monterey,2020-12-28,477,3921,25,3110,452,811,0,0,477,3921,0,0,477,3921,California
Monterey,2020-12-29,899,4820,167,3277,732,1543,0,0,899,4820,0,0,899,4820,California
Monterey,2020-12-30,568,5388,98,3375,470,2013,0,0,568,5388,0,0,568,5388,California
Monterey,2020-12-31,35,5423,11,3386,24,2037,0,0,35,5423,0,0,35,5423,California
Monterey,2021-01-01,11,5434,2,3388,9,2046,0,0,11,5434,0,0,11,5434,California
Monterey,2021-01-02,137,5571,134,3522,3,2049,0,0,137,5571,0,0,137,5571,California
Monterey,2021-01-03,30,5601,29,3551,1,2050,0,0,30,5601,0,0,30,5601,California
Monterey,2021-01-04,410,6011,18,3569,392,2442,0,0,410,6011,0,0,410,6011,California
Monterey,2021-01-05,750,6761,326,3895,424,2866,0,0,736,6733,14,14,736,6747,California
Monterey,2021-01-06,655,7416,172,4067,483,3349,0,0,633,7344,22,36,633,7380,California
Monterey,2021-01-07,743,8159,570,4637,173,3522,0,0,420,7443,321,357,420,7800,California
Monterey,2021-01-08,1085,9244,733,5370,352,3874,0,0,393,7144,692,1049,393,8193,California
Monterey,2021-01-09,963,10207,935,6305,28,3902,0,0,313,6807,650,1699,313,8506,California
Monterey,2021-01-10,272,10479,269,6574,3,3905,0,0,7,6549,265,1964,7,8513,California
Monterey,2021-01-11,1064,11543,984,7558,80,3985,0,0,361,6207,703,2667,361,8874,California
Monterey,2021-01-12,463,12006,387,7945,76,4061,0,0,202,6148,261,2928,202,9076,California
Monterey,2021-01-13,1216,13222,589,8534,627,4688,0,0,1173,7278,43,2971,1173,10249,California
Monterey,2021-01-14,1046,14268,93,8627,953,5641,0,0,1028,8291,18,2989,1031,11280,California
Monterey,2021-01-15,1037,15305,43,8670,994,6635,0,0,1024,9302,13,3002,1024,12304,California
Monterey,2021-01-16,359,15664,296,8966,63,6698,0,0,354,9651,5,3007,354,12658,California
Monterey,2021-01-17,312,15976,290,9256,22,6720,0,0,299,9937,13,3020,299,12957,California
Monterey,2021-01-18,401,16377,50,9306,351,7071,0,0,380,10296,21,3041,380,13337,California
Monterey,2021-01-19,574,16951,394,9700,180,7251,0,0,416,10556,156,3197,416,13753,California
Monterey,2021-01-20,530,17481,268,9968,262,7513,0,0,324,10674,206,3403,324,14077,California
Monterey,2021-01-21,839,18320,92,10060,747,8260,0,0,729,11297,110,3513,733,14810,California
Monterey,2021-01-22,1046,19366,191,10251,855,9115,0,0,1007,12265,39,3552,1007,15817,California
Monterey,2021-01-23,240,19606,174,10425,66,9181,0,0,117,12261,122,3674,118,15935,California
Monterey,2021-01-24,56,19662,38,10463,18,9199,0,0,22,12249,34,3708,22,15957,California
Monterey,2021-01-25,781,20443,173,10636,608,9807,0,0,154,11783,620,4328,154,16111,California
Monterey,2021-01-26,923,21366,221,10857,702,10509,0,0,233,11326,690,5018,233,16344,California
Monterey,2021-01-27,858,22224,307,11164,551,11060,0,0,376,11220,482,5500,376,16720,California
Monterey,2021-01-28,2004,24228,734,11898,1270,12330,0,0,1663,12544,341,5841,1665,18385,California
Monterey,2021-01-29,1224,25452,704,12602,520,12850,0,0,1109,13540,114,5955,1110,19495,California
Monterey,2021-01-30,432,25884,285,12887,147,12997,0,0,181,13470,251,6206,181,19676,California
Monterey,2021-01-31,491,26375,69,12956,422,13419,0,0,482,13944,9,6215,483,20159,California
Monterey,2021-02-01,1658,28033,1146,14102,512,13931,0,0,1097,14481,560,6775,1097,21256,California
Monterey,2021-02-02,2144,30177,454,14556,1690,15621,0,0,1538,15413,606,7381,1538,22794,California
Monterey,2021-02-03,2328,32505,1046,15602,1282,16903,0,0,1553,16195,771,8152,1553,24347,California
Monterey,2021-02-04,2700,35205,2021,17623,679,17582,0,0,2439,18375,259,8411,2439,26786,California
Monterey,2021-02-05,3634,38839,2818,20441,816,18398,0,0,3204,21154,425,8836,3204,29990,California
Monterey,2021-02-06,1096,39935,379,20820,717,19115,0,0,755,21570,339,9175,755,30745,California
Monterey,2021-02-07,316,40251,272,21092,44,19159,0,0,95,21444,221,9396,95,30840,California
Monterey,2021-02-08,514,40765,289,21381,225,19384,0,0,429,21788,85,9481,429,31269,California
Monterey,2021-02-09,856,41621,673,22054,183,19567,0,0,546,22026,310,9791,548,31817,California
Monterey,2021-02-10,2009,43630,1041,23095,968,20535,0,0,1160,22337,849,10640,1160,32977,California
Monterey,2021-02-11,2490,46120,964,24059,1526,22061,0,0,1538,22927,950,11590,1540,34517,California
Monterey,2021-02-12,2582,48702,426,24485,2156,24217,0,0,1522,23390,1059,12649,1522,36039,California
Monterey,2021-02-13,1070,49772,49,24534,1021,25238,0,0,979,24278,91,12740,979,37018,California
Monterey,2021-02-14,585,50357,73,24607,512,25750,0,0,511,24715,74,12814,511,37529,California
Monterey,2021-02-15,1344,51701,138,24745,1206,26956,0,0,974,25321,369,13183,975,38504,California
Monterey,2021-02-16,1086,52787,241,24986,845,27801,0,0,866,25967,220,13403,866,39370,California
Monterey,2021-02-17,1932,54719,1160,26146,772,28573,0,0,1634,27308,296,13699,1637,41007,California
Monterey,2021-02-18,2218,56937,1174,27320,1044,29617,0,0,904,26911,1304,15003,907,41914,California
Monterey,2021-02-19,2928,59865,1529,28849,1399,31016,0,0,1340,26663,1588,16591,1340,43254,California
Monterey,2021-02-20,999,60864,601,29450,398,31414,0,0,947,27559,51,16642,947,44201,California
Monterey,2021-02-21,1236,62100,1208,30658,28,31442,0,0,1170,28664,65,16707,1170,45371,California
Monterey,2021-02-22,971,63071,841,31499,130,31572,0,0,639,28972,331,17038,639,46010,California
Monterey,2021-02-23,948,64019,616,32115,332,31904,0,0,300,28626,647,17685,301,46311,California
Monterey,2021-02-24,2450,66469,1308,33423,1142,33046,0,0,1844,29869,602,18287,1845,48156,California
Monterey,2021-02-25,4337,70806,2393,35816,1944,34990,0,0,1445,28430,2885,21172,1446,49602,California
Monterey,2021-02-26,5242,76048,3082,38898,2160,37150,0,0,2621,28435,2617,23789,2622,52224,California
Monterey,2021-02-27,990,77038,180,39078,810,37960,0,0,802,29053,184,23973,802,53026,California
Monterey,2021-02-28,1525,78563,82,39160,1443,39403,0,0,1066,29664,455,24428,1066,54092,California
Monterey,2021-03-01,1271,79834,137,39297,1131,40534,3,3,741,29880,528,24956,744,54836,California
Monterey,2021-03-02,2715,82549,1713,41010,1002,41536,0,3,1871,30911,840,25796,1871,56707,California
Monterey,2021-03-03,3144,85693,1228,42238,1916,43452,0,3,1256,30282,1886,27682,1257,57964,California
Monterey,2021-03-04,4536,90229,1463,43701,3073,46525,0,3,2975,31700,1557,29239,2975,60939,California
Monterey,2021-03-05,3245,93474,1417,45118,1555,48080,273,276,2622,33973,622,29861,2895,63834,California
Monterey,2021-03-06,4908,98382,1063,46181,3593,51673,252,528,4054,37428,852,30713,4307,68141,California
Monterey,2021-03-07,515,98897,106,46287,163,51836,246,774,226,37610,289,31002,471,68612,California
Monterey,2021-03-08,1600,100497,324,46611,930,52766,346,1120,1103,38561,497,31499,1448,70060,California
Monterey,2021-03-09,1893,102390,673,47284,947,53713,273,1393,1410,39763,481,31980,1683,71743,California
Monterey,2021-03-10,2906,105296,869,48153,1553,55266,484,1877,1357,40060,1544,33524,1841,73584,California
Monterey,2021-03-11,4089,109385,1402,49555,2324,57590,363,2240,2338,41017,1744,35268,2701,76285,California
Monterey,2021-03-12,4206,113591,2006,51561,2094,59684,106,2346,2592,42102,1612,36880,2697,78982,California
Monterey,2021-03-13,4940,118531,958,52519,3636,63320,346,2692,3671,44850,1269,38149,4017,82999,California
Monterey,2021-03-14,2132,120663,1325,53844,783,64103,24,2716,576,43904,1546,39695,600,83599,California
Monterey,2021-03-15,3926,124589,1262,55106,2374,66477,290,3006,2243,44758,1678,41373,2532,86131,California
Monterey,2021-03-16,3452,128041,566,55672,2514,68991,372,3378,2054,45787,1397,42770,2426,88557,California
Monterey,2021-03-17,5642,133683,2305,57977,3088,72079,249,3627,4071,48550,1563,44333,4326,92883,California
Monterey,2021-03-18,4304,137987,2144,60121,1992,74071,168,3795,2986,50431,1313,45646,3194,96077,California
Monterey,2021-03-19,5316,143303,2542,62663,2632,76703,142,3937,4073,53408,1238,46884,4215,100292,California
Monterey,2021-03-20,3111,146414,417,63080,2000,78703,694,4631,2036,55069,1069,47953,2730,103022,California
Monterey,2021-03-21,618,147032,198,63278,413,79116,7,4638,553,55565,64,48017,560,103582,California
Monterey,2021-03-22,2434,149466,1421,64699,952,80068,61,4699,2241,57676,190,48207,2301,105883,California
Monterey,2021-03-23,3959,153425,2345,67044,1572,81640,42,4741,2508,58780,1446,49653,2550,108433,California
Monterey,2021-03-24,4913,158338,2058,69102,2547,84187,308,5049,3606,61391,1303,50956,3914,112347,California
Monterey,2021-03-25,5129,163467,1202,70304,3570,87757,357,5406,2583,61795,2537,53493,2941,115288,California
Monterey,2021-03-26,5279,168746,2596,72900,2617,90374,66,5472,2845,62283,2425,55918,2913,118201,California
Monterey,2021-03-27,4627,173373,1410,74310,2961,93335,256,5728,2922,63761,1700,57618,3178,121379,California
Monterey,2021-03-28,1102,174475,337,74647,757,94092,8,5736,626,63924,471,58089,634,122013,California
Monterey,2021-03-29,3186,177661,1426,76073,1746,95838,14,5750,1973,64707,1207,59296,1990,124003,California
Monterey,2021-03-30,4427,182088,2130,78203,2260,98098,37,5787,2747,65826,1669,60965,2788,126791,California
Monterey,2021-03-31,5259,187347,2365,80568,2103,100201,791,6578,3333,68029,1922,62887,4125,130916,California
Monterey,2021-04-01,6007,193354,2068,82636,3543,103744,396,6974,3031,68492,2963,65850,3426,134342,California
Monterey,2021-04-02,4667,198021,2254,84890,2356,106100,57,7031,3303,70493,1361,67211,3362,137704,California
Monterey,2021-04-03,4956,202977,1113,86003,3507,109607,336,7367,1213,68310,3732,70943,1549,139253,California
Monterey,2021-04-04,757,203734,162,86165,583,110190,12,7379,493,68553,264,71207,507,139760,California
Monterey,2021-04-05,4007,207741,2503,88668,1278,111468,226,7605,1536,67849,2467,73674,1763,141523,California
Monterey,2021-04-06,2984,210725,1315,89983,1274,112742,395,8000,1100,67466,1876,75550,1493,143016,California
Monterey,2021-04-07,4793,215518,1339,91322,3114,115856,340,8340,2468,67960,2314,77864,2808,145824,California
Monterey,2021-04-08,4715,220233,2866,94188,1570,117426,279,8619,2361,68250,2350,80214,2640,148464,California
Napa,2020-12-16,12,12,12,12,0,0,0,0,12,12,0,0,12,12,California
Napa,2020-12-17,44,56,44,56,0,0,0,0,44,56,0,0,44,56,California
Napa,2020-12-18,102,158,102,158,0,0,0,0,102,158,0,0,102,158,California
Napa,2020-12-19,221,379,221,379,0,0,0,0,221,379,0,0,221,379,California
Napa,2020-12-20,189,568,189,568,0,0,0,0,189,568,0,0,189,568,California
Napa,2020-12-21,307,875,307,875,0,0,0,0,308,876,0,0,308,876,California
Napa,2020-12-22,338,1213,329,1204,9,9,0,0,338,1214,0,0,338,1214,California
Napa,2020-12-23,426,1639,317,1521,109,118,0,0,426,1640,0,0,426,1640,California
Napa,2020-12-24,138,1777,77,1598,61,179,0,0,138,1778,0,0,138,1778,California
Napa,2020-12-25,1,1778,1,1599,0,179,0,0,1,1779,0,0,1,1779,California
Napa,2020-12-26,39,1817,11,1610,28,207,0,0,39,1818,0,0,39,1818,California
Napa,2020-12-27,32,1849,16,1626,16,223,0,0,32,1850,0,0,32,1850,California
Napa,2020-12-28,249,2098,184,1810,65,288,0,0,277,2127,0,0,277,2127,California
Napa,2020-12-29,271,2369,212,2022,59,347,0,0,305,2432,0,0,305,2432,California
Napa,2020-12-30,628,2997,484,2506,144,491,0,0,636,3068,0,0,636,3068,California
Napa,2020-12-31,461,3458,373,2879,88,579,0,0,461,3529,0,0,461,3529,California
Napa,2021-01-01,1,3459,1,2880,0,579,0,0,1,3530,0,0,1,3530,California
Napa,2021-01-02,97,3556,92,2972,5,584,0,0,97,3627,0,0,97,3627,California
Napa,2021-01-03,12,3568,10,2982,2,586,0,0,9,3636,0,0,9,3636,California
Napa,2021-01-04,105,3673,62,3044,43,629,0,0,105,3741,0,0,105,3741,California
Napa,2021-01-05,152,3825,85,3129,67,696,0,0,135,3852,24,24,135,3876,California
Napa,2021-01-06,455,4280,114,3243,341,1037,0,0,391,4181,62,86,391,4267,California
Napa,2021-01-07,485,4765,222,3465,263,1300,0,0,385,4467,99,185,385,4652,California
Napa,2021-01-08,442,5207,227,3692,215,1515,0,0,262,4550,179,364,262,4914,California
Napa,2021-01-09,325,5532,299,3991,26,1541,0,0,188,4601,137,501,188,5102,California
Napa,2021-01-10,184,5716,101,4092,83,1624,0,0,109,4635,75,576,109,5211,California
Napa,2021-01-11,875,6591,419,4511,456,2080,0,0,506,4772,370,946,507,5718,California
Napa,2021-01-12,1309,7900,370,4881,939,3019,0,0,994,5451,315,1261,994,6712,California
Napa,2021-01-13,1308,9208,262,5143,1046,4065,0,0,1147,6439,160,1421,1148,7860,California
Napa,2021-01-14,1048,10256,171,5314,877,4942,0,0,932,7257,114,1535,932,8792,California
Napa,2021-01-15,1449,11705,382,5696,1067,6009,0,0,1301,8403,156,1691,1302,10094,California
Napa,2021-01-16,354,12059,133,5829,221,6230,0,0,336,8721,18,1709,336,10430,California
Napa,2021-01-17,339,12398,175,6004,164,6394,0,0,329,9040,10,1719,329,10759,California
Napa,2021-01-18,1081,13479,196,6200,885,7279,0,0,990,9939,91,1810,990,11749,California
Napa,2021-01-19,1005,14484,402,6602,603,7882,0,0,766,10467,238,2048,766,12515,California
Napa,2021-01-20,823,15307,183,6785,640,8522,0,0,643,10932,178,2226,643,13158,California
Napa,2021-01-21,1330,16637,373,7158,957,9479,0,0,1075,11754,254,2480,1076,14234,California
Napa,2021-01-22,1538,18175,411,7569,1127,10606,0,0,1211,12640,326,2806,1212,15446,California
Napa,2021-01-23,396,18571,316,7885,80,10686,0,0,335,12914,61,2867,335,15781,California
Napa,2021-01-24,265,18836,189,8074,76,10762,0,0,207,13063,58,2925,207,15988,California
Napa,2021-01-25,1519,20355,230,8304,1289,12051,0,0,1430,14404,89,3014,1430,17418,California
Napa,2021-01-26,876,21231,282,8586,594,12645,0,0,782,15093,94,3108,783,18201,California
Napa,2021-01-27,623,21854,219,8805,404,13049,0,0,468,15406,155,3263,468,18669,California
Napa,2021-01-28,378,22232,166,8971,212,13261,0,0,199,15427,178,3441,199,18868,California
Napa,2021-01-29,252,22484,64,9035,188,13449,0,0,157,15489,95,3536,157,19025,California
Napa,2021-01-30,804,23288,695,9730,109,13558,0,0,640,15965,164,3700,640,19665,California
Napa,2021-01-31,656,23944,626,10356,30,13588,0,0,630,16569,26,3726,630,20295,California
Napa,2021-02-01,312,24256,108,10464,204,13792,0,0,160,16577,152,3878,160,20455,California
Napa,2021-02-02,587,24843,280,10744,307,14099,0,0,288,16568,297,4175,288,20743,California
Napa,2021-02-03,733,25576,309,11053,424,14523,0,0,425,16685,308,4483,425,21168,California
Napa,2021-02-04,790,26366,374,11427,416,14939,0,0,442,16781,346,4829,442,21610,California
Napa,2021-02-05,702,27068,312,11739,390,15329,0,0,337,16753,365,5194,337,21947,California
Napa,2021-02-06,429,27497,143,11882,286,15615,0,0,325,16974,104,5298,325,22272,California
Napa,2021-02-07,173,27670,160,12042,13,15628,0,0,70,16941,103,5401,70,22342,California
Napa,2021-02-08,830,28500,190,12232,640,16268,0,0,269,16652,558,5959,269,22611,California
Napa,2021-02-09,1072,29572,440,12672,632,16900,0,0,432,16444,640,6599,432,23043,California
Napa,2021-02-10,1713,31285,189,12861,1524,18424,0,0,447,15629,1263,7862,448,23491,California
Napa,2021-02-11,1494,32779,194,13055,1300,19724,0,0,410,14968,1072,8934,411,23902,California
Napa,2021-02-12,2152,34931,834,13889,1318,21042,0,0,718,14255,1431,10365,718,24620,California
Napa,2021-02-13,492,35423,51,13940,441,21483,0,0,311,14386,181,10546,312,24932,California
Napa,2021-02-14,356,35779,91,14031,265,21748,0,0,195,14422,161,10707,197,25129,California
Napa,2021-02-15,876,36655,185,14216,691,22439,0,0,223,13995,650,11357,223,25352,California
Napa,2021-02-16,1287,37942,600,14816,687,23126,0,0,614,13937,672,12029,614,25966,California
Napa,2021-02-17,1043,38985,527,15343,516,23642,0,0,477,13849,565,12594,477,26443,California
Napa,2021-02-18,1896,40881,484,15827,1412,25054,0,0,660,13276,1233,13827,660,27103,California
Napa,2021-02-19,1479,42360,586,16413,893,25947,0,0,679,13156,799,14626,679,27782,California
Napa,2021-02-20,816,43176,593,17006,223,26170,0,0,269,12878,547,15173,269,28051,California
Napa,2021-02-21,796,43972,735,17741,61,26231,0,0,194,12470,602,15775,194,28245,California
Napa,2021-02-22,440,44412,185,17926,255,26486,0,0,138,12306,302,16077,138,28383,California
Napa,2021-02-23,1124,45536,301,18227,823,27309,0,0,307,11796,817,16894,307,28690,California
Napa,2021-02-24,1160,46696,641,18868,519,27828,0,0,573,11785,585,17479,574,29264,California
Napa,2021-02-25,2538,49234,1211,20079,1327,29155,0,0,1824,12897,712,18191,1824,31088,California
Napa,2021-02-26,1497,50731,521,20600,976,30131,0,0,585,12572,910,19101,585,31673,California
Napa,2021-02-27,1098,51829,361,20961,737,30868,0,0,846,13168,250,19351,846,32519,California
Napa,2021-02-28,560,52389,459,21420,101,30969,0,0,461,13532,97,19448,461,32980,California
Napa,2021-03-01,1097,53486,815,22235,282,31251,0,0,831,14098,265,19713,831,33811,California
Napa,2021-03-02,1478,54964,1023,23258,455,31706,0,0,1145,14911,332,20045,1145,34956,California
Napa,2021-03-03,1519,56483,679,23937,840,32546,0,0,1343,16079,175,20220,1343,36299,California
Napa,2021-03-04,1701,58184,777,24714,924,33470,0,0,1464,17309,234,20454,1464,37763,California
Napa,2021-03-05,1884,60068,778,25492,1102,34572,4,4,1471,18373,411,20865,1475,39238,California
Napa,2021-03-06,624,60692,279,25771,315,34887,30,34,516,18813,106,20971,546,39784,California
Napa,2021-03-07,517,61209,320,26091,182,35069,15,49,366,19043,151,21122,381,40165,California
Napa,2021-03-08,690,61899,319,26410,319,35388,52,101,516,19439,172,21294,568,40733,California
Napa,2021-03-09,1633,63532,571,26981,1016,36404,46,147,1204,20263,426,21720,1250,41983,California
Napa,2021-03-10,1465,64997,911,27892,462,36866,92,239,774,20441,688,22408,866,42849,California
Napa,2021-03-11,1814,66811,1037,28929,651,37517,126,365,921,20597,891,23299,1047,43896,California
Napa,2021-03-12,1485,68296,903,29832,488,38005,94,459,790,20786,694,23993,883,44779,California
Napa,2021-03-13,1148,69444,299,30131,825,38830,24,483,821,21306,325,24318,845,45624,California
Napa,2021-03-14,608,70052,329,30460,130,38960,149,632,227,21302,380,24698,376,46000,California
Napa,2021-03-15,941,70993,402,30862,471,39431,68,700,476,21383,463,25161,544,46544,California
Napa,2021-03-16,1808,72801,389,31251,1293,40724,126,826,1348,22402,456,25617,1475,48019,California
Napa,2021-03-17,2465,75266,1841,33092,445,41169,179,1005,1564,23244,901,26518,1743,49762,California
Napa,2021-03-18,2098,77364,912,34004,1176,42345,10,1015,1288,23734,808,27326,1298,51060,California
Napa,2021-03-19,1426,78790,855,34859,544,42889,27,1042,709,23756,714,28040,736,51796,California
Napa,2021-03-20,992,79782,530,35389,310,43199,152,1194,421,23759,570,28610,573,52369,California
Napa,2021-03-21,704,80486,682,36071,20,43219,2,1196,354,23766,349,28959,356,52725,California
Napa,2021-03-22,1075,81561,897,36968,167,43386,11,1207,474,23652,599,29558,485,53210,California
Napa,2021-03-23,1500,83061,813,37781,670,44056,17,1224,998,24167,500,30058,1015,54225,California
Napa,2021-03-24,1685,84746,932,38713,745,44801,8,1232,812,24115,872,30930,820,55045,California
Napa,2021-03-25,1589,86335,1042,39755,493,45294,54,1286,735,24051,853,31783,789,55834,California
Napa,2021-03-26,1231,87566,805,40560,420,45714,6,1292,538,23905,690,32473,544,56378,California
Napa,2021-03-27,945,88511,434,40994,484,46198,27,1319,315,23617,630,33103,342,56720,California
Napa,2021-03-28,481,88992,372,41366,103,46301,6,1325,182,23507,299,33402,189,56909,California
Napa,2021-03-29,1158,90150,856,42222,297,46598,5,1330,710,23775,447,33849,715,57624,California
Napa,2021-03-30,2327,92477,927,43149,1397,47995,3,1333,1550,24551,777,34626,1553,59177,California
Napa,2021-03-31,1952,94429,955,44104,928,48923,69,1402,818,24304,1132,35758,885,60062,California
Napa,2021-04-01,1690,96119,809,44913,766,49689,115,1517,460,23654,1226,36984,576,60638,California
Napa,2021-04-02,1758,97877,808,45721,808,50497,142,1659,445,22932,1309,38293,587,61225,California
Napa,2021-04-03,623,98500,361,46082,203,50700,59,1718,214,22796,409,38702,273,61498,California
Napa,2021-04-04,347,98847,139,46221,150,50850,58,1776,119,22745,228,38930,177,61675,California
Napa,2021-04-05,1254,100101,751,46972,285,51135,218,1994,565,22840,688,39618,783,62458,California
Napa,2021-04-06,1574,101675,558,47530,763,51898,253,2247,514,22550,1057,40675,767,63225,California
Napa,2021-04-07,1630,103305,653,48183,773,52671,204,2451,493,22114,1133,41808,697,63922,California
Napa,2021-04-08,717,104022,328,48511,142,52813,247,2698,287,22219,428,42236,533,64455,California
Nevada,2020-12-16,3,3,3,3,0,0,0,0,3,3,0,0,3,3,California
Nevada,2020-12-17,6,9,6,9,0,0,0,0,6,9,0,0,6,9,California
Nevada,2020-12-18,51,60,51,60,0,0,0,0,51,60,0,0,51,60,California
Nevada,2020-12-19,55,115,55,115,0,0,0,0,55,115,0,0,55,115,California
Nevada,2020-12-20,12,127,12,127,0,0,0,0,12,127,0,0,12,127,California
Nevada,2020-12-21,69,196,69,196,0,0,0,0,69,196,0,0,69,196,California
Nevada,2020-12-22,91,287,89,285,2,2,0,0,91,287,0,0,91,287,California
Nevada,2020-12-23,234,521,202,487,32,34,0,0,234,521,0,0,234,521,California
Nevada,2020-12-24,13,534,11,498,2,36,0,0,13,534,0,0,13,534,California
Nevada,2020-12-25,2,536,2,500,0,36,0,0,2,536,0,0,2,536,California
Nevada,2020-12-26,6,542,4,504,2,38,0,0,6,542,0,0,6,542,California
Nevada,2020-12-27,88,630,88,592,0,38,0,0,88,630,0,0,88,630,California
Nevada,2020-12-28,170,800,93,685,77,115,0,0,170,800,0,0,170,800,California
Nevada,2020-12-29,100,900,74,759,26,141,0,0,100,900,0,0,100,900,California
Nevada,2020-12-30,85,985,66,825,19,160,0,0,85,985,0,0,85,985,California
Nevada,2020-12-31,39,1024,9,834,30,190,0,0,39,1024,0,0,39,1024,California
Nevada,2021-01-01,1,1025,0,834,1,191,0,0,1,1025,0,0,1,1025,California
Nevada,2021-01-02,1,1026,1,835,0,191,0,0,1,1026,0,0,1,1026,California
Nevada,2021-01-03,129,1155,126,961,3,194,0,0,129,1155,0,0,129,1155,California
Nevada,2021-01-04,71,1226,47,1008,24,218,0,0,71,1226,0,0,71,1226,California
Nevada,2021-01-05,272,1498,130,1138,142,360,0,0,271,1496,1,1,271,1497,California
Nevada,2021-01-06,91,1589,43,1181,48,408,0,0,83,1571,8,9,83,1580,California
Nevada,2021-01-07,215,1804,43,1224,172,580,0,0,208,1774,6,15,209,1789,California
Nevada,2021-01-08,220,2024,126,1350,94,674,0,0,169,1892,51,66,169,1958,California
Nevada,2021-01-09,63,2087,56,1406,7,681,0,0,15,1859,48,114,15,1973,California
Nevada,2021-01-10,17,2104,9,1415,8,689,0,0,9,1860,8,122,9,1982,California
Nevada,2021-01-11,185,2289,131,1546,54,743,0,0,57,1789,128,250,57,2039,California
Nevada,2021-01-12,599,2888,453,1999,146,889,0,0,533,2256,66,316,533,2572,California
Nevada,2021-01-13,259,3147,146,2145,113,1002,0,0,124,2245,135,451,124,2696,California
Nevada,2021-01-14,232,3379,124,2269,108,1110,0,0,214,2442,17,468,214,2910,California
Nevada,2021-01-15,392,3771,168,2437,224,1334,0,0,294,2638,98,566,294,3204,California
Nevada,2021-01-16,295,4066,15,2452,280,1614,0,0,291,2925,4,570,291,3495,California
Nevada,2021-01-17,35,4101,31,2483,4,1618,0,0,33,2956,2,572,33,3528,California
Nevada,2021-01-18,148,4249,40,2523,108,1726,0,0,139,3086,9,581,139,3667,California
Nevada,2021-01-19,234,4483,85,2608,149,1875,0,0,215,3282,19,600,215,3882,California
Nevada,2021-01-20,258,4741,153,2761,105,1980,0,0,245,3514,13,613,245,4127,California
Nevada,2021-01-21,336,5077,207,2968,129,2109,0,0,323,3824,13,626,323,4450,California
Nevada,2021-01-22,342,5419,209,3177,133,2242,0,0,311,4104,31,657,311,4761,California
Nevada,2021-01-23,176,5595,104,3281,72,2314,0,0,176,4280,0,657,176,4937,California
Nevada,2021-01-24,105,5700,98,3379,7,2321,0,0,66,4307,39,696,66,5003,California
Nevada,2021-01-25,264,5964,136,3515,128,2449,0,0,203,4449,61,757,203,5206,California
Nevada,2021-01-26,398,6362,141,3656,257,2706,0,0,297,4645,101,858,297,5503,California
Nevada,2021-01-27,409,6771,242,3898,167,2873,0,0,385,5006,24,882,385,5888,California
Nevada,2021-01-28,459,7230,312,4210,147,3020,0,0,417,5382,41,923,417,6305,California
Nevada,2021-01-29,593,7823,388,4598,205,3225,0,0,570,5930,23,946,571,6876,California
Nevada,2021-01-30,230,8053,103,4701,127,3352,0,0,227,6154,3,949,227,7103,California
Nevada,2021-01-31,103,8156,87,4788,16,3368,0,0,103,6257,0,949,103,7206,California
Nevada,2021-02-01,290,8446,70,4858,220,3588,0,0,276,6519,14,963,276,7482,California
Nevada,2021-02-02,508,8954,171,5029,337,3925,0,0,319,6649,189,1152,319,7801,California
Nevada,2021-02-03,805,9759,569,5598,236,4161,0,0,755,7355,49,1201,755,8556,California
Nevada,2021-02-04,742,10501,393,5991,349,4510,0,0,494,7602,247,1448,494,9050,California
Nevada,2021-02-05,641,11142,362,6353,279,4789,0,0,454,7871,185,1633,454,9504,California
Nevada,2021-02-06,270,11412,84,6437,186,4975,0,0,243,8087,27,1660,243,9747,California
Nevada,2021-02-07,244,11656,191,6628,53,5028,0,0,190,8223,54,1714,190,9937,California
Nevada,2021-02-08,650,12306,407,7035,243,5271,0,0,551,8675,99,1813,551,10488,California
Nevada,2021-02-09,604,12910,338,7373,266,5537,0,0,466,9003,138,1951,466,10954,California
Nevada,2021-02-10,646,13556,323,7696,323,5860,0,0,417,9192,229,2180,418,11372,California
Nevada,2021-02-11,867,14423,501,8197,366,6226,0,0,539,9404,327,2507,539,11911,California
Nevada,2021-02-12,925,15348,433,8630,492,6718,0,0,611,9702,313,2820,611,12522,California
Nevada,2021-02-13,592,15940,233,8863,359,7077,0,0,386,9887,202,3022,387,12909,California
Nevada,2021-02-14,227,16167,118,8981,109,7186,0,0,199,10058,28,3050,199,13108,California
Nevada,2021-02-15,702,16869,437,9418,265,7451,0,0,534,10424,168,3218,534,13642,California
Nevada,2021-02-16,612,17481,198,9616,414,7865,0,0,453,10719,158,3376,453,14095,California
Nevada,2021-02-17,1177,18658,761,10377,416,8281,0,0,860,11262,317,3693,860,14955,California
Nevada,2021-02-18,995,19653,544,10921,451,8732,0,0,599,11466,395,4088,599,15554,California
Nevada,2021-02-19,1002,20655,627,11548,375,9107,0,0,651,11767,351,4439,652,16206,California
Nevada,2021-02-20,294,20949,103,11651,191,9298,0,0,172,11818,121,4560,172,16378,California
Nevada,2021-02-21,89,21038,84,11735,5,9303,0,0,9,11747,80,4640,9,16387,California
Nevada,2021-02-22,491,21529,326,12061,165,9468,0,0,347,11951,143,4783,347,16734,California
Nevada,2021-02-23,458,21987,211,12272,247,9715,0,0,206,11908,249,5032,206,16940,California
Nevada,2021-02-24,473,22460,236,12508,237,9952,0,0,251,11939,222,5254,253,17193,California
Nevada,2021-02-25,856,23316,465,12973,391,10343,0,0,429,11943,425,5679,429,17622,California
Nevada,2021-02-26,1231,24547,881,13854,350,10693,0,0,409,11533,819,6498,409,18031,California
Nevada,2021-02-27,349,24896,109,13963,240,10933,0,0,179,11542,170,6668,179,18210,California
Nevada,2021-02-28,263,25159,152,14115,111,11044,0,0,122,11523,141,6809,122,18332,California
Nevada,2021-03-01,812,25971,418,14533,394,11438,0,0,348,11408,463,7272,348,18680,California
Nevada,2021-03-02,697,26668,259,14792,438,11876,0,0,477,11669,216,7488,477,19157,California
Nevada,2021-03-03,934,27602,481,15273,453,12329,0,0,470,11676,463,7951,470,19627,California
Nevada,2021-03-04,1091,28693,612,15885,479,12808,0,0,459,11506,629,8580,459,20086,California
Nevada,2021-03-05,807,29500,449,16334,348,13156,10,10,352,11415,453,9033,362,20448,California
Nevada,2021-03-06,344,29844,113,16447,208,13364,23,33,136,11366,208,9241,159,20607,California
Nevada,2021-03-07,207,30051,109,16556,78,13442,20,53,66,11311,140,9381,85,20692,California
Nevada,2021-03-08,799,30850,538,17094,218,13660,43,96,355,11267,443,9824,399,21091,California
Nevada,2021-03-09,650,31500,310,17404,290,13950,50,146,355,11377,294,10118,404,21495,California
Nevada,2021-03-10,950,32450,602,18006,291,14241,57,203,317,11121,630,10748,374,21869,California
Nevada,2021-03-11,1083,33533,712,18718,346,14587,25,228,534,11137,543,11291,559,22428,California
Nevada,2021-03-12,1179,34712,724,19442,424,15011,31,259,506,11001,672,11963,536,22964,California
Nevada,2021-03-13,254,34966,50,19492,199,15210,5,264,90,10932,163,12126,94,23058,California
Nevada,2021-03-14,153,35119,22,19514,126,15336,5,269,31,10846,122,12248,36,23094,California
Nevada,2021-03-15,837,35956,451,19965,374,15710,12,281,355,10733,480,12728,367,23461,California
Nevada,2021-03-16,991,36947,464,20429,466,16176,61,342,645,11094,345,13073,706,24167,California
Nevada,2021-03-17,1005,37952,444,20873,551,16727,10,352,578,11258,424,13497,588,24755,California
Nevada,2021-03-18,963,38915,526,21399,414,17141,23,375,475,11272,484,13981,498,25253,California
Nevada,2021-03-19,743,39658,436,21835,276,17417,31,406,349,11259,393,14374,380,25633,California
Nevada,2021-03-20,810,40468,92,21927,297,17714,421,827,227,11328,576,14950,645,26278,California
Nevada,2021-03-21,58,40526,31,21958,26,17740,1,828,41,11353,17,14967,42,26320,California
Nevada,2021-03-22,800,41326,515,22473,280,18020,5,833,544,11648,254,15221,549,26869,California
Nevada,2021-03-23,850,42176,384,22857,440,18460,26,859,642,12111,205,15426,668,27537,California
Nevada,2021-03-24,1011,43187,536,23393,468,18928,7,866,645,12401,362,15788,652,28189,California
Nevada,2021-03-25,885,44072,447,23840,412,19340,26,892,487,12514,398,16186,511,28700,California
Nevada,2021-03-26,1137,45209,431,24271,670,20010,36,928,828,13072,306,16492,864,29564,California
Nevada,2021-03-27,558,45767,69,24340,473,20483,16,944,387,13304,171,16663,403,29967,California
Nevada,2021-03-28,169,45936,49,24389,107,20590,13,957,38,13225,130,16793,51,30018,California
Nevada,2021-03-29,819,46755,503,24892,294,20884,22,979,393,13216,424,17217,415,30433,California
Nevada,2021-03-30,1037,47792,471,25363,532,21416,34,1013,540,13299,491,17708,574,31007,California
Nevada,2021-03-31,1162,48954,658,26021,487,21903,17,1030,709,13581,444,18152,726,31733,California
Nevada,2021-04-01,1223,50177,715,26736,455,22358,53,1083,553,13520,667,18819,606,32339,California
Nevada,2021-04-02,1269,51446,646,27382,587,22945,36,1119,764,13818,502,19321,800,33139,California
Nevada,2021-04-03,272,51718,75,27457,159,23104,38,1157,79,13742,193,19514,117,33256,California
Nevada,2021-04-04,126,51844,41,27498,78,23182,7,1164,77,13777,49,19563,84,33340,California
Nevada,2021-04-05,907,52751,587,28085,299,23481,21,1185,600,14093,305,19868,621,33961,California
Nevada,2021-04-06,1053,53804,663,28748,252,23733,138,1323,467,14117,581,20449,605,34566,California
Nevada,2021-04-07,1051,54855,745,29493,236,23969,70,1393,565,14272,479,20928,634,35200,California
Nevada,2021-04-08,603,55458,400,29893,188,24157,15,1408,374,14435,226,21154,389,35589,California
Orange,2020-12-15,16,16,16,16,0,0,0,0,16,16,0,0,16,16,California
Orange,2020-12-16,367,383,367,383,0,0,0,0,367,383,0,0,367,383,California
Orange,2020-12-17,3715,4098,3715,4098,0,0,0,0,3714,4097,0,0,3714,4097,California
Orange,2020-12-18,5029,9127,5022,9120,7,7,0,0,5028,9125,0,0,5028,9125,California
Orange,2020-12-19,2224,11351,2217,11337,7,14,0,0,2223,11348,0,0,2223,11348,California
Orange,2020-12-20,1970,13321,1968,13305,2,16,0,0,1971,13319,0,0,1971,13319,California
Orange,2020-12-21,4238,17559,4232,17537,6,22,0,0,4238,17557,0,0,4238,17557,California
Orange,2020-12-22,3972,21531,3939,21476,33,55,0,0,3972,21529,0,0,3972,21529,California
Orange,2020-12-23,3547,25078,3194,24670,353,408,0,0,3549,25078,0,0,3549,25078,California
Orange,2020-12-24,1371,26449,1075,25745,296,704,0,0,1371,26449,0,0,1371,26449,California
Orange,2020-12-25,16,26465,11,25756,5,709,0,0,16,26465,0,0,16,26465,California
Orange,2020-12-26,1016,27481,421,26177,595,1304,0,0,1016,27481,0,0,1016,27481,California
Orange,2020-12-27,580,28061,274,26451,306,1610,0,0,580,28061,0,0,580,28061,California
Orange,2020-12-28,3529,31590,2561,29012,968,2578,0,0,3529,31590,0,0,3529,31590,California
Orange,2020-12-29,3561,35151,2564,31576,997,3575,0,0,3560,35149,1,1,3560,35150,California
Orange,2020-12-30,5114,40265,3552,35128,1562,5137,0,0,5114,40263,0,1,5114,40264,California
Orange,2020-12-31,1454,41719,757,35885,697,5834,0,0,1454,41717,0,1,1454,41718,California
Orange,2021-01-01,438,42157,243,36128,195,6029,0,0,437,42153,1,2,437,42155,California
Orange,2021-01-02,1394,43551,893,37021,501,6530,0,0,1394,43547,0,2,1394,43549,California
Orange,2021-01-03,562,44113,311,37332,251,6781,0,0,562,44109,0,2,562,44111,California
Orange,2021-01-04,2708,46821,1556,38888,1152,7933,0,0,2709,46817,1,3,2709,46820,California
Orange,2021-01-05,3498,50319,2285,41173,1213,9146,0,0,3086,49501,405,408,3089,49909,California
Orange,2021-01-06,4970,55289,3456,44629,1514,10660,0,0,3601,51746,1356,1764,3601,53510,California
Orange,2021-01-07,9222,64511,5141,49770,4081,14741,0,0,5665,53870,3544,5308,5668,59178,California
Orange,2021-01-08,9364,73875,5227,54997,4137,18878,0,0,5631,55780,3723,9031,5633,64811,California
Orange,2021-01-09,4978,78853,1728,56725,3250,22128,0,0,3703,58208,1275,10306,3703,68514,California
Orange,2021-01-10,4227,83080,1039,57764,3188,25316,0,0,3348,60682,878,11184,3352,71866,California
Orange,2021-01-11,9404,92484,4874,62638,4530,29846,0,0,5802,62880,3605,14789,5803,77669,California
Orange,2021-01-12,8765,101249,4707,67345,4058,33904,0,0,5311,64739,3452,18241,5311,82980,California
Orange,2021-01-13,10200,111449,4879,72224,5321,39225,0,0,7012,68574,3184,21425,7019,89999,California
Orange,2021-01-14,9933,121382,3760,75984,6173,45398,0,0,8351,75350,1580,23005,8356,98355,California
Orange,2021-01-15,10125,131507,2608,78592,7517,52915,0,0,9254,83731,878,23883,9259,107614,California
Orange,2021-01-16,8691,140198,2090,80682,6601,59516,0,0,8306,91656,385,24268,8310,115924,California
Orange,2021-01-17,8146,148344,1486,82168,6660,66176,0,0,8002,99523,144,24412,8011,123935,California
Orange,2021-01-18,9738,158082,4452,86620,5286,71462,0,0,7499,104782,2242,26654,7501,131436,California
Orange,2021-01-19,7456,165538,5406,92026,2050,73512,0,0,4832,106991,2624,29278,4833,136269,California
Orange,2021-01-20,8239,173777,5796,97822,2443,75955,0,0,5193,109143,3047,32325,5199,141468,California
Orange,2021-01-21,10823,184600,4800,102622,6023,81978,0,0,10037,118403,785,33110,10045,151513,California
Orange,2021-01-22,13551,198151,5068,107690,8483,90461,0,0,12727,130322,816,33926,12735,164248,California
Orange,2021-01-23,13092,211243,6165,113855,6927,97388,0,0,12126,141492,964,34890,12134,176382,California
Orange,2021-01-24,9796,221039,4280,118135,5516,102904,0,0,9482,150665,312,35202,9485,185867,California
Orange,2021-01-25,10397,231436,5835,123970,4562,107466,0,0,7692,155662,2700,37902,7697,193564,California
Orange,2021-01-26,11819,243255,7676,131646,4143,111609,0,0,9689,163227,2127,40029,9692,203256,California
Orange,2021-01-27,13349,256604,7977,139623,5372,116981,0,0,10687,171266,2651,42680,10690,213946,California
Orange,2021-01-28,12963,269567,7157,146780,5806,122787,0,0,11123,180567,1829,44509,11130,225076,California
Orange,2021-01-29,13538,283105,8388,155168,5150,127937,0,0,10697,188440,2829,47338,10702,235778,California
Orange,2021-01-30,12901,296006,4437,159605,8464,136401,0,0,12182,199919,705,48043,12184,247962,California
Orange,2021-01-31,13712,309718,4949,164554,8763,145164,0,0,13287,212790,420,48463,13291,261253,California
Orange,2021-02-01,13944,323662,5730,170284,8214,153378,0,0,11980,222826,1948,50411,11984,273237,California
Orange,2021-02-02,15362,339024,8357,178641,7005,160383,0,0,12630,232837,2622,53033,12633,285870,California
Orange,2021-02-03,16683,355707,12541,191182,4142,164525,0,0,13693,243621,2914,55947,13698,299568,California
Orange,2021-02-04,19704,375411,12869,204051,6835,171360,0,0,14645,253246,5027,60974,14652,314220,California
Orange,2021-02-05,20687,396098,11969,216020,8718,180078,0,0,14443,261486,6206,67180,14446,328666,California
Orange,2021-02-06,16292,412390,10766,226786,5526,185604,0,0,11048,267524,5228,72408,11266,339932,California
Orange,2021-02-07,11516,423906,8089,234875,3427,189031,0,0,7547,271288,3954,76362,7718,347650,California
Orange,2021-02-08,14784,438690,8453,243328,6331,195362,0,0,8822,274176,5936,82298,8824,356474,California
Orange,2021-02-09,17585,456275,11990,255318,5595,200957,0,0,10733,278133,6780,89078,10737,367211,California
Orange,2021-02-10,20868,477143,11142,266460,9726,210683,0,0,12677,282719,8098,97176,12684,379895,California
Orange,2021-02-11,21943,499086,11358,277818,10585,221268,0,0,12357,285635,9460,106636,12376,392271,California
Orange,2021-02-12,24692,523778,11876,289694,12816,234084,0,0,14604,290209,10035,116671,14609,406880,California
Orange,2021-02-13,21642,545420,11567,301261,10075,244159,0,0,11095,291601,10347,127018,11739,418619,California
Orange,2021-02-14,16165,561585,6579,307840,9586,253745,0,0,9553,294569,6587,133605,9555,428174,California
Orange,2021-02-15,17128,578713,7392,315232,9736,263481,0,0,8889,295269,8198,141803,8898,437072,California
Orange,2021-02-16,19880,598593,8967,324199,10913,274394,0,0,10730,296912,9113,150916,10756,447828,California
Orange,2021-02-17,17640,616233,9199,333398,8441,282835,0,0,9166,297674,8435,159351,9197,457025,California
Orange,2021-02-18,14579,630812,9572,342970,5007,287842,0,0,6757,296661,7778,167129,6765,463790,California
Orange,2021-02-19,17650,648462,10713,353683,6937,294779,0,0,6877,292820,10729,177858,6888,470678,California
Orange,2021-02-20,7363,655825,5555,359238,1808,296587,0,0,3730,292943,3616,181474,3739,474417,California
Orange,2021-02-21,4294,660119,3619,362857,675,297262,0,0,763,290208,3502,184976,767,475184,California
Orange,2021-02-22,9554,669673,7814,370671,1740,299002,0,0,3879,288449,5652,190628,3893,479077,California
Orange,2021-02-23,13094,682767,7118,377789,5976,304978,0,0,3525,282465,9519,200147,3535,482612,California
Orange,2021-02-24,20870,703637,12591,390380,8279,313257,0,0,5362,272391,15455,215602,5381,487993,California
Orange,2021-02-25,22404,726041,12098,402478,10306,323563,0,0,8029,266119,14317,229919,8045,496038,California
Orange,2021-02-26,27510,753551,13926,416404,13584,337147,0,0,11139,261012,16271,246190,11164,507202,California
Orange,2021-02-27,24879,778430,10039,426443,14838,351985,2,2,7288,250813,17503,263693,7304,514506,California
Orange,2021-02-28,18911,797341,7292,433735,11619,363604,0,2,4835,241671,13993,277686,4851,519357,California
Orange,2021-03-01,18218,815559,8317,442052,9899,373503,2,4,7046,237616,11115,288801,7060,526417,California
Orange,2021-03-02,14710,830269,7147,449199,7562,381065,1,5,8656,240275,6023,294824,8682,535099,California
Orange,2021-03-03,19604,849873,9130,458329,10472,391537,2,7,10381,241518,9160,303984,10403,545502,California
Orange,2021-03-04,20863,870736,12059,470388,8792,400329,12,19,11005,242733,9825,313809,11040,556542,California
Orange,2021-03-05,19238,889974,9914,480302,9281,409610,43,62,11934,247489,7274,321083,12030,568572,California
Orange,2021-03-06,19088,909062,10353,490655,7879,417489,856,918,10109,249519,8959,330042,10989,579561,California
Orange,2021-03-07,14675,923737,8263,498918,6040,423529,372,1290,8559,252383,6087,336129,8951,588512,California
Orange,2021-03-08,16005,939742,7348,506266,7402,430931,1255,2545,10314,258328,5657,341786,11602,600114,California
Orange,2021-03-09,19474,959216,8468,514734,8587,439518,2419,4964,11205,263726,8235,350021,13633,613747,California
Orange,2021-03-10,23708,982924,11632,526366,8940,448458,3136,8100,11986,267171,11678,361699,15123,628870,California
Orange,2021-03-11,28502,1011426,15552,541918,8921,457379,4029,12129,13265,269304,15163,376862,17296,646166,California
Orange,2021-03-12,28738,1040164,14077,555995,10908,468287,3753,15882,14479,273364,14197,391059,18257,664423,California
Orange,2021-03-13,27190,1067354,10029,566024,13268,481555,3893,19775,13727,277568,13422,404481,17626,682049,California
Orange,2021-03-14,18661,1086015,8119,574143,8027,489582,2515,22290,11797,285044,6838,411319,14314,696363,California
Orange,2021-03-15,22537,1108552,9819,583962,11968,501550,750,23040,14194,291691,8294,419613,14941,711304,California
Orange,2021-03-16,26090,1134642,11027,594989,14844,516394,219,23259,16968,299828,9058,428671,17195,728499,California
Orange,2021-03-17,26948,1161590,13436,608425,13044,529438,468,23727,19261,311928,7633,436304,19733,748232,California
Orange,2021-03-18,27439,1189029,13814,622239,13359,542797,266,23993,21424,327660,5963,442267,21695,769927,California
Orange,2021-03-19,32880,1221909,18081,640320,14378,557175,421,24414,24605,344514,8187,450454,25041,794968,California
Orange,2021-03-20,25459,1247368,13406,653726,11850,569025,203,24617,21804,362924,3597,454051,22007,816975,California
Orange,2021-03-21,18214,1265582,10573,664299,6915,575940,726,25343,15495,376447,2698,456749,16221,833196,California
Orange,2021-03-22,22452,1288034,11598,675897,10535,586475,319,25662,19039,392454,3358,460107,19365,852561,California
Orange,2021-03-23,25628,1313662,13320,689217,11682,598157,626,26288,20641,408796,4928,465035,21270,873831,California
Orange,2021-03-24,28699,1342361,16046,705263,11773,609930,880,27168,21899,424832,6742,471777,22778,896609,California
Orange,2021-03-25,31244,1373605,16463,721726,14128,624058,653,27821,23950,442205,7232,479009,24605,921214,California
Orange,2021-03-26,34076,1407681,17559,739285,15674,639732,843,28664,24753,458558,9243,488252,25596,946810,California
Orange,2021-03-27,28072,1435753,13416,752701,14342,654074,314,28978,20188,471238,7824,496076,20504,967314,California
Orange,2021-03-28,24493,1460246,12660,765361,11767,665841,66,29044,18539,483933,5913,501989,18608,985922,California
Orange,2021-03-29,26147,1486393,11971,777332,13654,679495,522,29566,17859,494095,8222,510211,18384,1004306,California
Orange,2021-03-30,30256,1516649,13741,791073,16136,695631,379,29945,21503,507272,8706,518917,21883,1026189,California
Orange,2021-03-31,36250,1552899,19000,810073,16688,712319,562,30507,24086,519828,12097,531014,24653,1050842,California
Orange,2021-04-01,38153,1591052,19929,830002,16755,729074,1469,31976,25553,534304,12543,543557,27019,1077861,California
Orange,2021-04-02,37958,1629010,18826,848828,17545,746619,1587,33563,22406,542828,15479,559036,24003,1101864,California
Orange,2021-04-03,28998,1658008,14974,863802,12494,759113,1530,35093,15481,546378,13462,572498,17012,1118876,California
Orange,2021-04-04,17668,1675676,10539,874341,6518,765631,611,35704,7777,544907,9858,582356,8387,1127263,California
Orange,2021-04-05,28832,1704508,13568,887909,12144,777775,3120,38824,13602,546443,15184,597540,16720,1143983,California
Orange,2021-04-06,32380,1736888,15065,902974,14094,791869,3221,42045,14095,545525,18226,615766,17308,1161291,California
Orange,2021-04-07,32368,1769256,17475,920449,11002,802871,3891,45936,14065,545231,18232,633998,17938,1179229,California
Orange,2021-04-08,21309,1790565,10131,930580,7769,810640,3409,49345,8711,544781,12551,646549,12101,1191330,California
Placer,2020-12-15,29,29,29,29,0,0,0,0,29,29,0,0,29,29,California
Placer,2020-12-16,53,82,53,82,0,0,0,0,53,82,0,0,53,82,California
Placer,2020-12-17,139,221,139,221,0,0,0,0,139,221,0,0,139,221,California
Placer,2020-12-18,330,551,330,551,0,0,0,0,330,551,0,0,330,551,California
Placer,2020-12-19,251,802,251,802,0,0,0,0,251,802,0,0,251,802,California
Placer,2020-12-20,234,1036,234,1036,0,0,0,0,234,1036,0,0,234,1036,California
Placer,2020-12-21,492,1528,491,1527,1,1,0,0,492,1528,0,0,492,1528,California
Placer,2020-12-22,676,2204,669,2196,7,8,0,0,676,2204,0,0,676,2204,California
Placer,2020-12-23,742,2946,657,2853,85,93,0,0,742,2946,0,0,742,2946,California
Placer,2020-12-24,398,3344,346,3199,52,145,0,0,398,3344,0,0,398,3344,California
Placer,2020-12-26,158,3502,113,3312,45,190,0,0,158,3502,0,0,158,3502,California
Placer,2020-12-27,186,3688,163,3475,23,213,0,0,186,3688,0,0,186,3688,California
Placer,2020-12-28,665,4353,538,4013,127,340,0,0,665,4353,0,0,665,4353,California
Placer,2020-12-29,760,5113,512,4525,248,588,0,0,760,5113,0,0,760,5113,California
Placer,2020-12-30,729,5842,453,4978,276,864,0,0,727,5840,0,0,727,5840,California
Placer,2020-12-31,527,6369,343,5321,184,1048,0,0,527,6367,0,0,527,6367,California
Placer,2021-01-01,14,6383,10,5331,4,1052,0,0,14,6381,0,0,14,6381,California
Placer,2021-01-02,184,6567,152,5483,32,1084,0,0,184,6565,0,0,184,6565,California
Placer,2021-01-03,155,6722,79,5562,76,1160,0,0,155,6720,0,0,155,6720,California
Placer,2021-01-04,618,7340,178,5740,440,1600,0,0,618,7338,0,0,618,7338,California
Placer,2021-01-05,722,8062,159,5899,563,2163,0,0,639,7896,82,82,640,7978,California
Placer,2021-01-06,756,8818,243,6142,513,2676,0,0,615,8370,141,223,615,8593,California
Placer,2021-01-07,981,9799,366,6508,615,3291,0,0,776,8941,205,428,776,9369,California
Placer,2021-01-08,1181,10980,527,7035,654,3945,0,0,855,9473,323,751,855,10224,California
Placer,2021-01-09,448,11428,320,7355,128,4073,0,0,232,9490,215,966,232,10456,California
Placer,2021-01-10,329,11757,186,7541,143,4216,0,0,164,9489,165,1131,164,10620,California
Placer,2021-01-11,1421,13178,806,8347,615,4831,0,0,834,9737,587,1718,835,11455,California
Placer,2021-01-12,1642,14820,870,9217,772,5603,0,0,1039,10173,603,2321,1039,12494,California
Placer,2021-01-13,1625,16445,817,10034,808,6411,0,0,1206,10964,417,2738,1208,13702,California
Placer,2021-01-14,1736,18181,653,10687,1083,7494,0,0,1380,11992,353,3091,1381,15083,California
Placer,2021-01-15,1905,20086,721,11408,1184,8678,0,0,1553,13195,351,3442,1554,16637,California
Placer,2021-01-16,1468,21554,718,12126,750,9428,0,0,1347,14422,121,3563,1348,17985,California
Placer,2021-01-17,559,22113,394,12520,165,9593,0,0,427,14717,132,3695,427,18412,California
Placer,2021-01-18,975,23088,538,13058,437,10030,0,0,746,15235,229,3924,747,19159,California
Placer,2021-01-19,2557,25645,1946,15004,611,10641,0,0,2106,16890,451,4375,2106,21265,California
Placer,2021-01-20,2234,27879,1686,16690,548,11189,0,0,1907,18471,327,4702,1908,23173,California
Placer,2021-01-21,2526,30405,1111,17801,1415,12604,0,0,2132,20211,393,5095,2133,25306,California
Placer,2021-01-22,2275,32680,589,18390,1686,14290,0,0,2102,22143,171,5266,2103,27409,California
Placer,2021-01-23,1189,33869,380,18770,809,15099,0,0,1034,23022,155,5421,1034,28443,California
Placer,2021-01-24,508,34377,265,19035,243,15342,0,0,433,23381,75,5496,434,28877,California
Placer,2021-01-25,1646,36023,798,19833,848,16190,0,0,1361,24458,285,5781,1362,30239,California
Placer,2021-01-26,1823,37846,1021,20854,802,16992,0,0,1560,25755,263,6044,1560,31799,California
Placer,2021-01-27,1814,39660,1156,22010,658,17650,0,0,1572,27088,240,6284,1573,33372,California
Placer,2021-01-28,1776,41436,1106,23116,670,18320,0,0,1530,28374,244,6528,1530,34902,California
Placer,2021-01-29,1854,43290,1164,24280,690,19010,0,0,1663,29849,190,6718,1665,36567,California
Placer,2021-01-30,1723,45013,970,25250,753,19763,0,0,1604,31335,118,6836,1604,38171,California
Placer,2021-01-31,778,45791,621,25871,157,19920,0,0,709,31976,69,6905,710,38881,California
Placer,2021-02-01,2064,47855,1087,26958,977,20897,0,0,1749,33410,315,7220,1749,40630,California
Placer,2021-02-02,2365,50220,1536,28494,829,21726,0,0,1883,34814,479,7699,1883,42513,California
Placer,2021-02-03,2906,53126,1871,30365,1035,22761,0,0,2289,36490,613,8312,2289,44802,California
Placer,2021-02-04,2752,55878,1185,31550,1567,24328,0,0,1933,37608,816,9128,1934,46736,California
Placer,2021-02-05,2725,58603,1201,32751,1524,25852,0,0,1398,37684,1322,10450,1398,48134,California
Placer,2021-02-06,1934,60537,1298,34049,636,26488,0,0,1387,38524,547,10997,1387,49521,California
Placer,2021-02-07,1216,61753,906,34955,310,26798,0,0,939,39187,276,11273,939,50460,California
Placer,2021-02-08,3297,65050,1766,36721,1531,28329,0,0,1979,39857,1310,12583,1980,52440,California
Placer,2021-02-09,3531,68581,2162,38883,1369,29698,0,0,1629,39586,1900,14483,1629,54069,California
Placer,2021-02-10,3732,72313,2179,41062,1553,31251,0,0,1743,39345,1986,16469,1745,55814,California
Placer,2021-02-11,3620,75933,1894,42956,1726,32977,0,0,1584,38902,2028,18497,1585,57399,California
Placer,2021-02-12,2752,78685,1316,44272,1436,34413,0,0,1665,39498,1070,19567,1666,59065,California
Placer,2021-02-13,2530,81215,1487,45759,1043,35456,0,0,1879,40726,651,20218,1879,60944,California
Placer,2021-02-14,1074,82289,675,46434,399,35855,0,0,734,41123,337,20555,734,61678,California
Placer,2021-02-15,2173,84462,1041,47475,1132,36987,0,0,1520,41990,654,21209,1521,63199,California
Placer,2021-02-16,3508,87970,1778,49253,1730,38717,0,0,1577,41646,1922,23131,1578,64777,California
Placer,2021-02-17,3486,91456,1958,51211,1528,40245,0,0,1489,41142,1993,25124,1489,66266,California
Placer,2021-02-18,3641,95097,1972,53183,1669,41914,0,0,1539,40593,2092,27216,1543,67809,California
Placer,2021-02-19,3530,98627,1902,55085,1628,43542,0,0,1310,39688,2216,29432,1311,69120,California
Placer,2021-02-20,1959,100586,1219,56304,740,44282,0,0,877,39491,1077,30509,880,70000,California
Placer,2021-02-21,950,101536,725,57029,225,44507,0,0,261,39067,686,31195,262,70262,California
Placer,2021-02-22,2485,104021,1763,58792,722,45229,0,0,600,37784,1883,33078,600,70862,California
Placer,2021-02-23,2497,106518,1556,60348,941,46170,0,0,867,37022,1629,34707,867,71729,California
Placer,2021-02-24,3227,109745,1170,61518,2057,48227,0,0,1779,37365,1438,36145,1781,73510,California
Placer,2021-02-25,3436,113181,1415,62933,2021,50248,0,0,1825,37586,1605,37750,1826,75336,California
Placer,2021-02-26,4050,117231,2371,65304,1679,51927,0,0,2332,38205,1713,39463,2332,77668,California
Placer,2021-02-27,2806,120037,1484,66788,1322,53249,0,0,1450,38308,1350,40813,1453,79121,California
Placer,2021-02-28,1385,121422,794,67582,591,53840,0,0,576,38080,804,41617,576,79697,California
Placer,2021-03-01,2973,124395,1985,69567,988,54828,0,0,1527,38166,1441,43058,1527,81224,California
Placer,2021-03-02,2819,127214,1757,71324,1062,55890,0,0,1852,39057,962,44020,1853,83077,California
Placer,2021-03-03,3218,130432,1381,72705,1837,57727,0,0,1748,39342,1464,45484,1749,84826,California
Placer,2021-03-04,3521,133953,1419,74124,2102,59829,0,0,1839,39512,1670,47154,1840,86666,California
Placer,2021-03-05,2944,136897,1007,75131,1915,61744,22,22,1779,40150,1163,48317,1801,88467,California
Placer,2021-03-06,2333,139230,1445,76576,812,62556,76,98,881,39662,1445,49762,957,89424,California
Placer,2021-03-07,1289,140519,751,77327,499,63055,39,137,522,39458,764,50526,560,89984,California
Placer,2021-03-08,2873,143392,1827,79154,935,63990,111,248,1643,39983,1229,51755,1754,91738,California
Placer,2021-03-09,3113,146505,1674,80828,1350,65340,89,337,1771,40504,1339,53094,1860,93598,California
Placer,2021-03-10,3243,149748,1308,82136,1829,67169,106,443,1693,40757,1545,54639,1798,95396,California
Placer,2021-03-11,3498,153246,1559,83695,1814,68983,125,568,1682,40756,1810,56449,1809,97205,California
Placer,2021-03-12,3590,156836,1474,85169,1342,70325,774,1342,1202,40348,2385,58834,1977,99182,California
Placer,2021-03-13,2056,158892,727,85896,1216,71541,113,1455,1119,40647,934,59768,1233,100415,California
Placer,2021-03-14,1618,160510,669,86565,801,72342,148,1603,877,40930,741,60509,1024,101439,California
Placer,2021-03-15,3137,163647,1520,88085,1486,73828,131,1734,1739,41407,1395,61904,1872,103311,California
Placer,2021-03-16,3522,167169,1898,89983,1491,75319,133,1867,2261,42548,1254,63158,2395,105706,California
Placer,2021-03-17,3389,170558,1727,91710,1562,76881,100,1967,2201,43668,1183,64341,2303,108009,California
Placer,2021-03-18,3937,174495,2201,93911,1699,78580,37,2004,2828,45430,1104,65445,2866,110875,California
Placer,2021-03-19,3402,177897,2067,95978,1073,79653,262,2266,2173,46645,1220,66665,2435,113310,California
Placer,2021-03-20,2122,180019,891,96869,1133,80786,98,2364,1297,47218,821,67486,1394,114704,California
Placer,2021-03-21,1241,181260,567,97436,665,81451,9,2373,951,47891,287,67773,960,115664,California
Placer,2021-03-22,3250,184510,2084,99520,1079,82530,87,2460,2185,49103,1061,68834,2273,117937,California
Placer,2021-03-23,3478,187988,2077,101597,1310,83840,91,2551,2498,50718,975,69809,2590,120527,California
Placer,2021-03-24,3738,191726,1989,103586,1652,85492,97,2648,1956,51001,1770,71579,2053,122580,California
Placer,2021-03-25,3740,195466,1789,105375,1854,87346,97,2745,1724,50814,2007,73586,1820,124400,California
Placer,2021-03-26,3697,199163,1646,107021,1820,89166,231,2976,1573,50503,2115,75701,1804,126204,California
Placer,2021-03-27,1584,200747,467,107488,1097,90263,20,2996,663,50271,915,76616,683,126887,California
Placer,2021-03-28,1071,201818,508,107996,553,90816,10,3006,364,49943,702,77318,374,127261,California
Placer,2021-03-29,3544,205362,1989,109985,1523,92339,32,3038,1734,49911,1799,79117,1767,129028,California
Placer,2021-03-30,3937,209299,2070,112055,1824,94163,43,3081,2103,50234,1822,80939,2145,131173,California
Placer,2021-03-31,4034,213333,1820,113875,2141,96304,73,3154,1708,49694,2320,83259,1780,132953,California
Placer,2021-04-01,2768,216101,1313,115188,1411,97715,44,3198,1528,50029,1237,84496,1572,134525,California
Placer,2021-04-02,2735,218836,1427,116615,1246,98961,62,3260,1544,50450,1185,85681,1606,136131,California
Placer,2021-04-03,1782,220618,926,117541,729,99690,127,3387,856,50513,919,86600,982,137113,California
Placer,2021-04-04,660,221278,314,117855,293,99983,53,3440,242,50391,417,87017,295,137408,California
Placer,2021-04-05,2845,224123,1788,119643,900,100883,157,3597,1644,50994,1198,88215,1801,139209,California
Placer,2021-04-06,4106,228229,2364,122007,1473,102356,269,3866,1462,50086,2639,90854,1731,140940,California
Placer,2021-04-07,3927,232156,2355,124362,1220,103576,352,4218,1718,49950,2205,93059,2069,143009,California
Placer,2021-04-08,3109,235265,1798,126160,1028,104604,283,4501,846,48823,2255,95314,1128,144137,California
Plumas,2020-12-18,4,4,4,4,0,0,0,0,4,4,0,0,4,4,California
Plumas,2020-12-19,1,5,1,5,0,0,0,0,1,5,0,0,1,5,California
Plumas,2020-12-21,45,50,45,50,0,0,0,0,45,50,0,0,45,50,California
Plumas,2020-12-22,92,142,92,142,0,0,0,0,92,142,0,0,92,142,California
Plumas,2020-12-23,50,192,50,192,0,0,0,0,50,192,0,0,50,192,California
Plumas,2020-12-24,6,198,6,198,0,0,0,0,6,198,0,0,6,198,California
Plumas,2020-12-28,8,206,0,198,8,8,0,0,8,206,0,0,8,206,California
Plumas,2020-12-29,32,238,22,220,10,18,0,0,32,238,0,0,32,238,California
Plumas,2020-12-30,22,260,1,221,21,39,0,0,22,260,0,0,22,260,California
Plumas,2020-12-31,4,264,1,222,3,42,0,0,4,264,0,0,4,264,California
Plumas,2021-01-04,9,273,3,225,6,48,0,0,9,273,0,0,9,273,California
Plumas,2021-01-05,22,295,2,227,20,68,0,0,22,295,0,0,22,295,California
Plumas,2021-01-06,125,420,6,233,119,187,0,0,125,420,0,0,125,420,California
Plumas,2021-01-07,54,474,2,235,52,239,0,0,53,472,1,1,53,473,California
Plumas,2021-01-08,12,486,5,240,7,246,0,0,8,476,4,5,8,481,California
Plumas,2021-01-09,2,488,2,242,0,246,0,0,1,476,1,6,1,482,California
Plumas,2021-01-11,59,547,50,292,9,255,0,0,12,441,47,53,12,494,California
Plumas,2021-01-12,154,701,86,378,68,323,0,0,70,427,84,137,70,564,California
Plumas,2021-01-13,55,756,50,428,5,328,0,0,9,390,46,183,9,573,California
Plumas,2021-01-14,96,852,14,442,82,410,0,0,91,476,5,188,91,664,California
Plumas,2021-01-15,62,914,7,449,55,465,0,0,60,534,2,190,60,724,California
Plumas,2021-01-16,58,972,1,450,57,522,0,0,58,592,0,190,58,782,California
Plumas,2021-01-18,2,974,1,451,1,523,0,0,2,594,0,190,2,784,California
Plumas,2021-01-19,36,1010,5,456,31,554,0,0,32,622,4,194,32,816,California
Plumas,2021-01-20,121,1131,3,459,118,672,0,0,119,739,2,196,119,935,California
Plumas,2021-01-21,113,1244,2,461,111,783,0,0,113,852,0,196,113,1048,California
Plumas,2021-01-22,3,1247,0,461,3,786,0,0,3,855,0,196,3,1051,California
Plumas,2021-01-23,92,1339,1,462,91,877,0,0,92,947,0,196,92,1143,California
Plumas,2021-01-24,1,1340,1,463,0,877,0,0,1,948,0,196,1,1144,California
Plumas,2021-01-25,8,1348,5,468,3,880,0,0,5,950,3,199,5,1149,California
Plumas,2021-01-26,60,1408,2,470,58,938,0,0,52,994,8,207,52,1201,California
Plumas,2021-01-27,25,1433,20,490,5,943,0,0,5,979,20,227,5,1206,California
Plumas,2021-01-28,23,1456,0,490,23,966,0,0,21,998,2,229,21,1227,California
Plumas,2021-01-29,7,1463,2,492,5,971,0,0,6,1003,1,230,6,1233,California
Plumas,2021-01-30,8,1471,4,496,4,975,0,0,7,1009,1,231,7,1240,California
Plumas,2021-01-31,3,1474,3,499,0,975,0,0,3,1012,0,231,3,1243,California
Plumas,2021-02-01,15,1489,2,501,13,988,0,0,7,1011,8,239,7,1250,California
Plumas,2021-02-02,20,1509,1,502,19,1007,0,0,1,993,19,258,1,1251,California
Plumas,2021-02-03,126,1635,6,508,120,1127,0,0,12,892,113,371,12,1263,California
Plumas,2021-02-04,102,1737,8,516,94,1221,0,0,23,836,79,450,23,1286,California
Plumas,2021-02-05,24,1761,11,527,13,1234,0,0,9,830,15,465,9,1295,California
Plumas,2021-02-06,7,1768,0,527,7,1241,0,0,7,837,0,465,7,1302,California
Plumas,2021-02-08,16,1784,8,535,8,1249,0,0,4,829,12,477,4,1306,California
Plumas,2021-02-09,170,1954,1,536,169,1418,0,0,111,881,59,536,111,1417,California
Plumas,2021-02-10,90,2044,9,545,81,1499,0,0,82,955,8,544,82,1499,California
Plumas,2021-02-11,321,2365,7,552,314,1813,0,0,262,1158,59,603,262,1761,California
Plumas,2021-02-12,123,2488,3,555,120,1933,0,0,119,1273,4,607,119,1880,California
Plumas,2021-02-13,71,2559,3,558,68,2001,0,0,12,1226,59,666,12,1892,California
Plumas,2021-02-14,7,2566,4,562,3,2004,0,0,7,1233,0,666,7,1899,California
Plumas,2021-02-15,26,2592,3,565,23,2027,0,0,25,1257,1,667,25,1924,California
Plumas,2021-02-16,75,2667,4,569,71,2098,0,0,14,1210,61,728,14,1938,California
Plumas,2021-02-17,136,2803,5,574,131,2229,0,0,11,1096,125,853,11,1949,California
Plumas,2021-02-18,126,2929,6,580,120,2349,0,0,17,1004,109,962,17,1966,California
Plumas,2021-02-19,40,2969,4,584,36,2385,0,0,6,976,34,996,6,1972,California
Plumas,2021-02-20,103,3072,6,590,97,2482,0,0,11,895,92,1088,11,1983,California
Plumas,2021-02-21,6,3078,5,595,1,2483,0,0,2,893,4,1092,2,1985,California
Plumas,2021-02-22,3,3081,1,596,2,2485,0,0,0,890,3,1095,0,1985,California
Plumas,2021-02-23,21,3102,4,600,17,2502,0,0,13,895,8,1103,13,1998,California
Plumas,2021-02-24,455,3557,6,606,449,2951,0,0,444,1328,11,1114,444,2442,California
Plumas,2021-02-25,226,3783,9,615,217,3168,0,0,166,1434,60,1174,166,2608,California
Plumas,2021-02-26,258,4041,7,622,251,3419,0,0,253,1683,5,1179,254,2862,California
Plumas,2021-02-27,40,4081,4,626,36,3455,0,0,33,1709,7,1186,33,2895,California
Plumas,2021-03-01,9,4090,3,629,6,3461,0,0,5,1710,4,1190,5,2900,California
Plumas,2021-03-02,9,4099,0,629,9,3470,0,0,6,1713,3,1193,6,2906,California
Plumas,2021-03-03,151,4250,10,639,141,3611,0,0,135,1832,16,1209,135,3041,California
Plumas,2021-03-04,245,4495,10,649,235,3846,0,0,224,2035,21,1230,224,3265,California
Plumas,2021-03-05,396,4891,6,655,385,4231,5,5,385,2414,11,1241,390,3655,California
Plumas,2021-03-06,16,4907,1,656,7,4238,8,13,3,2412,13,1254,11,3666,California
Plumas,2021-03-07,13,4920,2,658,2,4240,9,22,3,2414,10,1264,12,3678,California
Plumas,2021-03-08,29,4949,3,661,2,4242,24,46,3,2415,26,1290,27,3705,California
Plumas,2021-03-09,132,5081,1,662,116,4358,15,61,17,2332,115,1405,32,3737,California
Plumas,2021-03-10,254,5335,3,665,237,4595,14,75,106,2304,148,1553,120,3857,California
Plumas,2021-03-11,176,5511,8,673,163,4758,5,80,142,2417,34,1587,147,4004,California
Plumas,2021-03-12,594,6105,2,675,305,5063,287,367,23,2156,571,2158,310,4314,California
Plumas,2021-03-13,22,6127,4,679,7,5070,11,378,4,2153,18,2176,15,4329,California
Plumas,2021-03-14,10,6137,2,681,3,5073,5,383,1,2150,9,2185,6,4335,California
Plumas,2021-03-15,31,6168,1,682,25,5098,5,388,6,2136,25,2210,11,4346,California
Plumas,2021-03-16,32,6200,2,684,29,5127,1,389,22,2149,10,2220,23,4369,California
Plumas,2021-03-17,74,6274,10,694,63,5190,1,390,60,2196,14,2234,61,4430,California
Plumas,2021-03-18,53,6327,6,700,30,5220,17,407,6,2172,47,2281,23,4453,California
Plumas,2021-03-19,162,6489,5,705,155,5375,2,409,153,2320,8,2289,156,4609,California
Plumas,2021-03-20,19,6508,4,709,14,5389,1,410,10,2322,9,2298,11,4620,California
Plumas,2021-03-21,1,6509,1,710,0,5389,0,410,1,2323,0,2298,1,4621,California
Plumas,2021-03-22,179,6688,1,711,178,5567,0,410,173,2490,6,2304,173,4794,California
Plumas,2021-03-23,25,6713,2,713,23,5590,0,410,13,2491,12,2316,13,4807,California
Plumas,2021-03-24,640,7353,7,720,632,6222,1,411,210,2272,430,2746,211,5018,California
Plumas,2021-03-25,187,7540,5,725,180,6402,2,413,50,2185,137,2883,50,5068,California
Plumas,2021-03-26,308,7848,9,734,299,6701,0,413,47,1972,260,3143,47,5115,California
Plumas,2021-03-27,11,7859,1,735,9,6710,1,414,2,1966,9,3152,3,5118,California
Plumas,2021-03-28,5,7864,3,738,1,6711,1,415,3,1968,2,3154,4,5122,California
Plumas,2021-03-29,13,7877,4,742,8,6719,1,416,5,1966,8,3162,6,5128,California
Plumas,2021-03-30,150,8027,3,745,146,6865,1,417,24,1865,126,3288,25,5153,California
Plumas,2021-03-31,274,8301,2,747,271,7136,1,418,255,2102,19,3307,256,5409,California
Plumas,2021-04-01,288,8589,12,759,276,7412,0,418,59,1932,229,3536,59,5468,California
Plumas,2021-04-02,371,8960,4,763,366,7778,1,419,26,1626,333,3869,27,5495,California
Plumas,2021-04-03,12,8972,0,763,4,7782,8,427,1,1624,11,3880,9,5504,California
Plumas,2021-04-04,3,8975,1,764,1,7783,1,428,0,1622,3,3883,1,5505,California
Plumas,2021-04-05,14,8989,3,767,10,7793,1,429,7,1623,7,3890,8,5513,California
Plumas,2021-04-06,116,9105,5,772,83,7876,28,457,13,1556,103,3993,36,5549,California
Plumas,2021-04-07,237,9342,10,782,98,7974,129,586,29,1506,208,4201,158,5707,California
Plumas,2021-04-08,129,9471,0,782,127,8101,2,588,30,1440,98,4299,32,5739,California
Riverside,2020-12-15,4,4,4,4,0,0,0,0,4,4,0,0,4,4,California
Riverside,2020-12-16,63,67,63,67,0,0,0,0,63,67,0,0,63,67,California
Riverside,2020-12-17,805,872,805,872,0,0,0,0,805,872,0,0,805,872,California
Riverside,2020-12-18,1723,2595,1721,2593,2,2,0,0,1723,2595,0,0,1723,2595,California
Riverside,2020-12-19,1021,3616,1019,3612,2,4,0,0,1019,3613,1,1,1019,3614,California
Riverside,2020-12-20,1084,4700,1083,4695,1,5,0,0,1084,4697,0,1,1084,4698,California
Riverside,2020-12-21,2271,6971,2269,6964,2,7,0,0,2271,6968,0,1,2271,6969,California
Riverside,2020-12-22,2248,9219,2209,9173,39,46,0,0,2247,9215,0,1,2247,9216,California
Riverside,2020-12-23,2121,11340,1785,10958,336,382,0,0,2122,11337,0,1,2122,11338,California
Riverside,2020-12-24,826,12166,624,11582,202,584,0,0,826,12163,0,1,826,12164,California
Riverside,2020-12-25,28,12194,5,11587,23,607,0,0,28,12191,0,1,28,12192,California
Riverside,2020-12-26,400,12594,257,11844,143,750,0,0,400,12591,0,1,400,12592,California
Riverside,2020-12-27,361,12955,243,12087,118,868,0,0,361,12952,0,1,361,12953,California
Riverside,2020-12-28,1619,14574,1122,13209,497,1365,0,0,1619,14571,0,1,1619,14572,California
Riverside,2020-12-29,1738,16312,972,14181,766,2131,0,0,1738,16309,0,1,1738,16310,California
Riverside,2020-12-30,2569,18881,1681,15862,888,3019,0,0,2568,18877,0,1,2568,18878,California
Riverside,2020-12-31,1020,19901,394,16256,626,3645,0,0,1022,19899,0,1,1022,19900,California
Riverside,2021-01-01,103,20004,39,16295,64,3709,0,0,103,20002,0,1,103,20003,California
Riverside,2021-01-02,829,20833,691,16986,138,3847,0,0,829,20831,0,1,829,20832,California
Riverside,2021-01-03,346,21179,299,17285,47,3894,0,0,345,21176,0,1,345,21177,California
Riverside,2021-01-04,1257,22436,793,18078,464,4358,0,0,1257,22433,0,1,1257,22434,California
Riverside,2021-01-05,1981,24417,1365,19443,616,4974,0,0,1883,24225,91,92,1883,24317,California
Riverside,2021-01-06,2470,26887,1100,20543,1370,6344,0,0,2165,26089,301,393,2165,26482,California
Riverside,2021-01-07,2761,29648,1810,22353,951,7295,0,0,1701,26736,1056,1449,1703,28185,California
Riverside,2021-01-08,4033,33681,2931,25284,1102,8397,0,0,2227,27161,1802,3251,2227,30412,California
Riverside,2021-01-09,2070,35751,844,26128,1226,9623,0,0,1725,28542,344,3595,1725,32137,California
Riverside,2021-01-10,1660,37411,731,26859,929,10552,0,0,1058,28998,602,4197,1058,33195,California
Riverside,2021-01-11,4509,41920,3087,29946,1422,11974,0,0,2782,30056,1725,5922,2783,35978,California
Riverside,2021-01-12,3392,45312,2723,32669,669,12643,0,0,1708,30085,1679,7601,1708,37686,California
Riverside,2021-01-13,4378,49690,2867,35536,1511,14154,0,0,2776,31262,1599,9200,2776,40462,California
Riverside,2021-01-14,5449,55139,1861,37397,3588,17742,0,0,4864,35541,585,9785,4864,45326,California
Riverside,2021-01-15,6113,61252,2087,39484,4026,21768,0,0,5827,41083,285,10070,5827,51153,California
Riverside,2021-01-16,3603,64855,1015,40499,2588,24356,0,0,3358,44197,245,10315,3359,54512,California
Riverside,2021-01-17,3593,68448,582,41081,3011,27367,0,0,3398,47401,194,10509,3398,57910,California
Riverside,2021-01-18,3707,72155,2010,43091,1697,29064,0,0,2702,49098,1005,11514,2702,60612,California
Riverside,2021-01-19,7395,79550,2636,45727,4759,33823,0,0,6276,54257,1119,12633,6278,66890,California
Riverside,2021-01-20,7950,87500,2865,48592,5085,38908,0,0,6471,59261,1470,14103,6474,73364,California
Riverside,2021-01-21,8190,95690,3361,51953,4829,43737,0,0,7576,66222,615,14718,7576,80940,California
Riverside,2021-01-22,8694,104384,2962,54915,5732,49469,0,0,8268,74065,425,15143,8268,89208,California
Riverside,2021-01-23,5923,110307,2396,57311,3527,52996,0,0,5195,78533,728,15871,5196,94404,California
Riverside,2021-01-24,3035,113342,1435,58746,1600,54596,0,0,2822,81146,210,16081,2823,97227,California
Riverside,2021-01-25,7873,121215,4538,63284,3335,57931,0,0,6751,86778,1120,17201,6752,103979,California
Riverside,2021-01-26,9089,130304,5717,69001,3372,61303,0,0,7585,92862,1502,18703,7586,111565,California
Riverside,2021-01-27,10491,140795,6171,75172,4320,65623,0,0,8982,100341,1506,20209,8985,120550,California
Riverside,2021-01-28,11383,152178,6696,81868,4687,70310,0,0,10232,109431,1143,21352,10233,130783,California
Riverside,2021-01-29,11830,164008,7222,89090,4608,74918,0,0,10463,118558,1340,22692,10467,141250,California
Riverside,2021-01-30,9039,173047,4600,93690,4439,79357,0,0,8580,126683,456,23148,8581,149831,California
Riverside,2021-01-31,5149,178196,4248,97938,901,80258,0,0,5022,131582,126,23274,5025,154856,California
Riverside,2021-02-01,10822,189018,6681,104619,4141,84399,0,0,9048,138864,1768,25042,9050,163906,California
Riverside,2021-02-02,9384,198402,4780,109399,4604,89003,0,0,7908,145305,1469,26511,7910,171816,California
Riverside,2021-02-03,12005,210407,4984,114383,7021,96024,0,0,9777,152865,2217,28728,9777,181593,California
Riverside,2021-02-04,13558,223965,6062,120445,7496,103520,0,0,11473,162262,2078,30806,11475,193068,California
Riverside,2021-02-05,14319,238284,5395,125840,8924,112444,0,0,11287,170531,3024,33830,11293,204361,California
Riverside,2021-02-06,7256,245540,4285,130125,2971,115415,0,0,5623,174531,1626,35456,5626,209987,California
Riverside,2021-02-07,2187,247727,806,130931,1381,116796,0,0,1873,176092,313,35769,1874,211861,California
Riverside,2021-02-08,12446,260173,5533,136464,6913,123709,0,0,10165,183999,2263,38032,10170,222031,California
Riverside,2021-02-09,9654,269827,4530,140994,5124,128833,0,0,7744,189847,1902,39934,7750,229781,California
Riverside,2021-02-10,12033,281860,6995,147989,5038,133871,0,0,8930,195694,3091,43025,8938,238719,California
Riverside,2021-02-11,16492,298352,8986,156975,7506,141377,0,0,12126,203491,4344,47369,12141,250860,California
Riverside,2021-02-12,17640,315992,10802,167777,6838,148215,0,0,12807,211517,4791,52160,12817,263677,California
Riverside,2021-02-13,6299,322291,2109,169886,4190,152405,0,0,3078,211419,3203,55363,3105,266782,California
Riverside,2021-02-14,4943,327234,1141,171027,3802,156207,0,0,2191,210864,2748,58111,2193,268975,California
Riverside,2021-02-15,9836,337070,5028,176055,4808,161015,0,0,5434,211910,4395,62506,5441,274416,California
Riverside,2021-02-16,16156,353226,10163,186218,5993,167008,0,0,9306,214379,6844,69350,9313,283729,California
Riverside,2021-02-17,15021,368247,8224,194442,6797,173805,0,0,7596,214572,7413,76763,7606,291335,California
Riverside,2021-02-18,15450,383697,8926,203368,6524,180329,0,0,8057,215264,7376,84139,8068,299403,California
Riverside,2021-02-19,15221,398918,8209,211577,7012,187341,0,0,7212,214495,7989,92128,7220,306623,California
Riverside,2021-02-20,8052,406970,4253,215830,3799,191140,0,0,2094,210648,5944,98072,2097,308720,California
Riverside,2021-02-21,3390,410360,2880,218710,510,191650,0,0,1025,209320,2355,100427,1027,309747,California
Riverside,2021-02-22,12286,422646,7713,226423,4573,196223,0,0,5101,207255,7171,107598,5106,314853,California
Riverside,2021-02-23,11056,433702,7546,233969,3510,199733,0,0,5426,207079,5606,113204,5430,320283,California
Riverside,2021-02-24,14704,448406,8033,242002,6671,206404,0,0,6419,205267,8247,121451,6435,326718,California
Riverside,2021-02-25,17150,465556,7311,249313,9839,216243,0,0,8022,204205,9107,130558,8045,334763,California
Riverside,2021-02-26,18250,483806,6708,256021,11542,227785,0,0,9133,204303,9064,139622,9162,343925,California
Riverside,2021-02-27,11347,495153,4919,260940,6428,234213,0,0,5689,204392,5626,145248,5715,349640,California
Riverside,2021-02-28,4657,499810,2994,263934,1663,235876,0,0,2431,204614,2217,147465,2439,352079,California
Riverside,2021-03-01,14259,514069,6088,270022,8170,244046,1,1,8428,207269,5803,153268,8458,360537,California
Riverside,2021-03-02,14832,528901,7249,277271,7582,251628,1,2,8808,210105,6004,159272,8840,369377,California
Riverside,2021-03-03,16535,545436,8146,285417,8389,260017,0,2,7066,207874,9422,168694,7191,376568,California
Riverside,2021-03-04,16402,561838,5978,291395,10420,270437,4,6,7965,207594,8393,177087,8113,384681,California
Riverside,2021-03-05,17382,579220,6856,298251,10483,280920,43,49,8739,208054,8595,185682,9055,393736,California
Riverside,2021-03-06,8985,588205,4679,302930,3849,284769,457,506,4586,208741,4386,190068,5073,398809,California
Riverside,2021-03-07,4161,592366,2700,305630,1076,285845,385,891,1960,208899,2193,192261,2351,401160,California
Riverside,2021-03-08,10261,602627,4662,310292,5201,291046,398,1289,4374,207830,5871,198132,4802,405962,California
Riverside,2021-03-09,12778,615405,6018,316310,6307,297353,453,1742,5213,206065,7550,205682,5785,411747,California
Riverside,2021-03-10,13356,628761,6678,322988,5867,303220,811,2553,5534,204766,7792,213474,6493,418240,California
Riverside,2021-03-11,17146,645907,8494,331482,6965,310185,1687,4240,6836,203216,10281,223755,8731,426971,California
Riverside,2021-03-12,20872,666779,7828,339310,8386,318571,4658,8898,7003,201369,13841,237596,11994,438965,California
Riverside,2021-03-13,8021,674800,2448,341758,4426,322997,1147,10045,4190,202968,3818,241414,5417,444382,California
Riverside,2021-03-14,4513,679313,1578,343336,1658,324655,1277,11322,2012,203762,2492,243906,3286,447668,California
Riverside,2021-03-15,18498,697811,7809,351145,9020,333675,1669,12991,9048,205170,9414,253320,10822,458490,California
Riverside,2021-03-16,20809,718620,10084,361229,9911,343586,814,13805,11329,207966,9444,262764,12240,470730,California
Riverside,2021-03-17,21114,739734,10818,372047,9250,352836,1046,14851,12662,213315,8420,271184,13769,484499,California
Riverside,2021-03-18,22440,762174,11658,383705,9132,361968,1650,16501,12453,217484,9943,281127,14112,498611,California
Riverside,2021-03-19,23868,786042,12518,396223,10407,372375,943,17444,13932,222833,9888,291015,15237,513848,California
Riverside,2021-03-20,10502,796544,6803,403026,2544,374919,1155,18599,6749,227011,3728,294743,7906,521754,California
Riverside,2021-03-21,3647,800191,2848,405874,547,375466,252,18851,2501,228632,1134,295877,2755,524509,California
Riverside,2021-03-22,16555,816746,9873,415747,6126,381592,556,19407,10565,233802,5951,301828,11121,535630,California
Riverside,2021-03-23,18474,835220,10458,426205,7596,389188,420,19827,11988,239786,6440,308268,12424,548054,California
Riverside,2021-03-24,18526,853746,10334,436539,8075,397263,117,19944,12823,247071,5663,313931,12948,561002,California
Riverside,2021-03-25,20956,874702,11599,448138,9181,406444,176,20120,14247,254850,6648,320579,14427,575429,California
Riverside,2021-03-26,23901,898603,11782,459920,11956,418400,163,20283,15018,261237,8799,329378,15186,590615,California
Riverside,2021-03-27,8954,907557,4599,464519,3302,421702,1053,21336,4518,262390,4419,333797,5572,596187,California
Riverside,2021-03-28,4705,912262,3101,467620,1514,423216,90,21426,2836,263455,1862,335659,2927,599114,California
Riverside,2021-03-29,15553,927815,7897,475517,7542,430758,114,21540,10037,268126,5490,341149,10161,609275,California
Riverside,2021-03-30,18171,945986,9497,485014,8473,439231,201,21741,11885,273959,6257,347406,12090,621365,California
Riverside,2021-03-31,17868,963854,8334,493348,9234,448465,300,22041,11641,279726,6183,353589,11950,633315,California
Riverside,2021-04-01,24885,988739,12109,505457,12047,460512,729,22770,16609,288839,8227,361816,17340,650655,California
Riverside,2021-04-02,25606,1014345,13745,519202,10939,471451,922,23692,16282,296996,9276,371092,17433,668088,California
Riverside,2021-04-03,8936,1023281,5646,524848,2764,474215,526,24218,5832,300261,3092,374184,6357,674445,California
Riverside,2021-04-04,3250,1026531,1978,526826,1070,475285,202,24420,1694,300605,1552,375736,1896,676341,California
Riverside,2021-04-05,17697,1044228,9085,535911,6851,482136,1761,26181,10311,305318,7361,383097,12074,688415,California
Riverside,2021-04-06,22648,1066876,11714,547625,8952,491088,1982,28163,12657,310007,9946,393043,14635,703050,California
Riverside,2021-04-07,21718,1088594,11219,558844,8339,499427,2160,30323,12372,315234,9308,402351,14535,717585,California
Riverside,2021-04-08,17739,1106333,9678,568522,6561,505988,1500,31823,11604,322230,6099,408450,13095,730680,California
Sacramento,2020-12-15,314,314,314,314,0,0,0,0,314,314,0,0,314,314,California
Sacramento,2020-12-16,645,959,645,959,0,0,0,0,645,959,0,0,645,959,California
Sacramento,2020-12-17,645,1604,645,1604,0,0,0,0,645,1604,0,0,645,1604,California
Sacramento,2020-12-18,972,2576,969,2573,3,3,0,0,972,2576,0,0,972,2576,California
Sacramento,2020-12-19,613,3189,613,3186,0,3,0,0,613,3189,0,0,613,3189,California
Sacramento,2020-12-20,633,3822,633,3819,0,3,0,0,633,3822,0,0,633,3822,California
Sacramento,2020-12-21,1676,5498,1675,5494,1,4,0,0,1677,5499,0,0,1677,5499,California
Sacramento,2020-12-22,2092,7590,2062,7556,30,34,0,0,2092,7591,0,0,2092,7591,California
Sacramento,2020-12-23,2243,9833,2078,9634,165,199,0,0,2243,9834,0,0,2243,9834,California
Sacramento,2020-12-24,1045,10878,834,10468,211,410,0,0,1045,10879,0,0,1045,10879,California
Sacramento,2020-12-25,1,10879,0,10468,1,411,0,0,1,10880,0,0,1,10880,California
Sacramento,2020-12-26,508,11387,291,10759,217,628,0,0,508,11388,0,0,508,11388,California
Sacramento,2020-12-27,350,11737,247,11006,103,731,0,0,350,11738,0,0,350,11738,California
Sacramento,2020-12-28,1899,13636,1320,12326,579,1310,0,0,1898,13635,1,1,1898,13636,California
Sacramento,2020-12-29,1950,15586,1187,13513,763,2073,0,0,1950,15585,0,1,1950,15586,California
Sacramento,2020-12-30,2564,18150,1463,14976,1101,3174,0,0,2565,18150,0,1,2565,18151,California
Sacramento,2020-12-31,1224,19374,694,15670,530,3704,0,0,1224,19374,0,1,1224,19375,California
Sacramento,2021-01-01,69,19443,60,15730,9,3713,0,0,69,19443,0,1,69,19444,California
Sacramento,2021-01-02,565,20008,363,16093,202,3915,0,0,565,20008,0,1,565,20009,California
Sacramento,2021-01-03,410,20418,221,16314,189,4104,0,0,410,20418,0,1,410,20419,California
Sacramento,2021-01-04,1960,22378,846,17160,1114,5218,0,0,1958,22375,1,2,1958,22377,California
Sacramento,2021-01-05,2208,24586,984,18144,1224,6442,0,0,1854,23882,354,356,1861,24238,California
Sacramento,2021-01-06,2729,27315,1624,19768,1105,7547,0,0,1953,25062,773,1129,1953,26191,California
Sacramento,2021-01-07,2832,30147,1507,21275,1325,8872,0,0,1973,26179,856,1985,1973,28164,California
Sacramento,2021-01-08,3285,33432,2089,23364,1196,10068,0,0,2248,27395,1033,3018,2249,30413,California
Sacramento,2021-01-09,1287,34719,797,24161,490,10558,0,0,897,27904,388,3406,897,31310,California
Sacramento,2021-01-10,1245,35964,712,24873,533,11091,0,0,772,28205,472,3878,773,32083,California
Sacramento,2021-01-11,4337,40301,2945,27818,1392,12483,0,0,2412,28695,1924,5802,2414,34497,California
Sacramento,2021-01-12,4411,44712,3031,30849,1380,13863,0,0,2451,29187,1959,7761,2451,36948,California
Sacramento,2021-01-13,3763,48475,2160,33009,1603,15466,0,0,2353,30133,1409,9170,2355,39303,California
Sacramento,2021-01-14,4589,53064,2359,35368,2230,17696,0,0,3666,32880,919,10089,3666,42969,California
Sacramento,2021-01-15,4393,57457,2255,37623,2138,19834,0,0,3672,35833,720,10809,3673,46642,California
Sacramento,2021-01-16,2091,59548,1291,38914,800,20634,0,0,1874,37490,217,11026,1874,48516,California
Sacramento,2021-01-17,1633,61181,951,39865,682,21316,0,0,1456,38771,177,11203,1458,49974,California
Sacramento,2021-01-18,2854,64035,1763,41628,1091,22407,0,0,2331,40580,523,11726,2332,52306,California
Sacramento,2021-01-19,4614,68649,3053,44681,1561,23968,0,0,3350,42667,1264,12990,3351,55657,California
Sacramento,2021-01-20,4758,73407,2816,47497,1942,25910,0,0,3547,45006,1213,14203,3552,59209,California
Sacramento,2021-01-21,5171,78578,2980,50477,2191,28101,0,0,4210,48262,955,15158,4211,63420,California
Sacramento,2021-01-22,4967,83545,2646,53123,2321,30422,0,0,4662,52621,304,15462,4663,68083,California
Sacramento,2021-01-23,3724,87269,1559,54682,2165,32587,0,0,3269,55435,455,15917,3269,71352,California
Sacramento,2021-01-24,1559,88828,979,55661,580,33167,0,0,1321,56519,238,16155,1322,72674,California
Sacramento,2021-01-25,4343,93171,2108,57769,2235,35402,0,0,2928,58034,1415,17570,2930,75604,California
Sacramento,2021-01-26,4687,97858,2123,59892,2564,37966,0,0,3489,60329,1196,18766,3491,79095,California
Sacramento,2021-01-27,5783,103641,3042,62934,2741,40707,0,0,4181,62913,1599,20365,4183,83278,California
Sacramento,2021-01-28,5342,108983,2707,65641,2635,43342,0,0,4247,66067,1094,21459,4248,87526,California
Sacramento,2021-01-29,5375,114358,2926,68567,2449,45791,0,0,4358,69417,1008,22467,4358,91884,California
Sacramento,2021-01-30,4498,118856,2196,70763,2302,48093,0,0,4064,73049,432,22899,4064,95948,California
Sacramento,2021-01-31,2287,121143,1995,72758,292,48385,0,0,2015,74796,270,23169,2017,97965,California
Sacramento,2021-02-01,5897,127040,3009,75767,2888,51273,0,0,4242,77385,1653,24822,4242,102207,California
Sacramento,2021-02-02,6842,133882,3753,79520,3089,54362,0,0,4769,80099,2057,26879,4771,106978,California
Sacramento,2021-02-03,7075,140957,3544,83064,3531,57893,0,0,5221,83477,1845,28724,5223,112201,California
Sacramento,2021-02-04,7683,148640,3620,86684,4063,61956,0,0,5479,86761,2195,30919,5479,117680,California
Sacramento,2021-02-05,7707,156347,4361,91045,3346,65302,0,0,4805,88690,2879,33798,4808,122488,California
Sacramento,2021-02-06,8403,164750,3434,94479,4969,70271,0,0,7071,94435,1328,35126,7073,129561,California
Sacramento,2021-02-07,4020,168770,2139,96618,1881,72152,0,0,2803,96030,1209,36335,2804,132365,California
Sacramento,2021-02-08,6181,174951,3194,99812,2987,75139,0,0,3871,97597,2305,38640,3872,136237,California
Sacramento,2021-02-09,6701,181652,3500,103312,3201,78340,0,0,3919,98741,2777,41417,3921,140158,California
Sacramento,2021-02-10,7635,189287,4175,107487,3460,81800,0,0,4530,100181,3092,44509,4532,144690,California
Sacramento,2021-02-11,8757,198044,4968,112455,3789,85589,0,0,4787,101012,3958,48467,4789,149479,California
Sacramento,2021-02-12,10537,208581,4127,116582,6410,91999,0,0,6360,103236,4139,52606,6363,155842,California
Sacramento,2021-02-13,7584,216165,2984,119566,4600,96599,0,0,6005,107663,1578,54184,6005,161847,California
Sacramento,2021-02-14,3084,219249,1916,121482,1168,97767,0,0,2058,108702,1024,55208,2063,163910,California
Sacramento,2021-02-15,5932,225181,2032,123514,3900,101667,0,0,4141,111060,1785,56993,4143,168053,California
Sacramento,2021-02-16,8840,234021,4193,127707,4647,106314,0,0,5266,112764,3567,60560,5271,173324,California
Sacramento,2021-02-17,8785,242806,4967,132674,3818,110132,0,0,5119,114230,3654,64214,5120,178444,California
Sacramento,2021-02-18,8795,251601,5030,137704,3765,113897,0,0,5061,115567,3728,67942,5065,183509,California
Sacramento,2021-02-19,9970,261571,6119,143823,3851,117748,0,0,5896,117406,4061,72003,5900,189409,California
Sacramento,2021-02-20,7327,268898,5347,149170,1980,119728,0,0,4287,118661,3033,75036,4288,193697,California
Sacramento,2021-02-21,2855,271753,2279,151449,576,120304,0,0,988,117789,1861,76897,989,194686,California
Sacramento,2021-02-22,6138,277891,3719,155168,2419,122723,0,0,2662,116986,3469,80366,2666,197352,California
Sacramento,2021-02-23,7082,284973,4403,159571,2679,125402,0,0,3461,116844,3606,83972,3464,200816,California
Sacramento,2021-02-24,9551,294524,5268,164839,4283,129685,0,0,5232,117776,4305,88277,5237,206053,California
Sacramento,2021-02-25,9957,304481,5371,170210,4586,134271,0,0,5499,118831,4444,92721,5499,211552,California
Sacramento,2021-02-26,13826,318307,6441,176651,7385,141656,0,0,9507,124054,4289,97010,9512,221064,California
Sacramento,2021-02-27,10763,329070,6699,183350,4061,145717,3,3,7921,129154,2825,99835,7925,228989,California
Sacramento,2021-02-28,5524,334594,2167,185517,3357,149074,0,3,2561,128767,2949,102784,2562,231551,California
Sacramento,2021-03-01,7930,342524,3414,188931,4516,153590,0,3,4265,129390,3644,106428,4267,235818,California
Sacramento,2021-03-02,8756,351280,3981,192912,4774,158364,1,4,5469,131589,3273,109701,5472,241290,California
Sacramento,2021-03-03,10593,361873,4880,197792,5711,164075,2,6,6224,133465,4352,114053,6228,247518,California
Sacramento,2021-03-04,12204,374077,5068,202860,7132,171207,4,10,7041,135382,5135,119188,7052,254570,California
Sacramento,2021-03-05,10459,384536,4845,207705,5585,176792,29,39,6940,138852,3500,122688,6970,261540,California
Sacramento,2021-03-06,7957,392493,3057,210762,4777,181569,123,162,3994,139024,3946,126634,4118,265658,California
Sacramento,2021-03-07,7529,400022,2178,212940,5268,186837,83,245,3695,138970,3831,130465,3777,269435,California
Sacramento,2021-03-08,9033,409055,4215,217155,4594,191431,224,469,5929,142027,3094,133559,6151,275586,California
Sacramento,2021-03-09,9417,418472,4493,221648,4656,196087,268,737,5415,143726,3985,137544,5684,281270,California
Sacramento,2021-03-10,11537,430009,7449,229097,3762,199849,326,1063,6741,146026,4769,142313,7069,288339,California
Sacramento,2021-03-11,13673,443682,8811,237908,4091,203940,771,1834,8121,149405,5512,147825,8891,297230,California
Sacramento,2021-03-12,16948,460630,8241,246149,7887,211827,820,2654,7972,149282,8925,156750,8802,306032,California
Sacramento,2021-03-13,12675,473305,3539,249688,8722,220549,414,3068,7975,152984,4689,161439,8391,314423,California
Sacramento,2021-03-14,8205,481510,3434,253122,4145,224694,626,3694,4356,154139,3826,165265,4981,319404,California
Sacramento,2021-03-15,11725,493235,4787,257909,6302,230996,636,4330,6824,156718,4882,170147,7461,326865,California
Sacramento,2021-03-16,13750,506985,6175,264084,6937,237933,638,4968,8454,160547,5261,175408,9090,335955,California
Sacramento,2021-03-17,13330,520315,6526,270610,6196,244129,608,5576,8598,165046,4706,180114,9205,345160,California
Sacramento,2021-03-18,13673,533988,6501,277111,6612,250741,560,6136,8999,169957,4646,184760,9557,354717,California
Sacramento,2021-03-19,14660,548648,7386,284497,5915,256656,1359,7495,7301,171281,7338,192098,8662,363379,California
Sacramento,2021-03-20,12647,561295,7515,292012,4792,261448,340,7835,7955,174908,4669,196767,8296,371675,California
Sacramento,2021-03-21,5528,566823,2748,294760,2741,264189,39,7874,4892,179216,625,197392,4933,376608,California
Sacramento,2021-03-22,9174,575997,4748,299508,3660,267849,766,8640,6197,183230,2951,200343,6965,383573,California
Sacramento,2021-03-23,11101,587098,6688,306196,3605,271454,808,9448,7143,187260,3921,204264,7951,391524,California
Sacramento,2021-03-24,11525,598623,7196,313392,3701,275155,628,10076,6677,189752,4816,209080,7308,398832,California
Sacramento,2021-03-25,12143,610766,6717,320109,4622,279777,804,10880,7033,192512,5077,214157,7837,406669,California
Sacramento,2021-03-26,17153,627919,8245,328354,8426,288203,482,11362,8359,192618,8738,222895,8844,415513,California
Sacramento,2021-03-27,9471,637390,3520,331874,5670,293873,281,11643,5129,193712,4316,227211,5410,420923,California
Sacramento,2021-03-28,6387,643777,3203,335077,2938,296811,246,11889,3050,193684,3328,230539,3300,424223,California
Sacramento,2021-03-29,10664,654441,5867,340944,4602,301413,195,12084,5130,193503,5509,236048,5328,429551,California
Sacramento,2021-03-30,11465,665906,6032,346976,5120,306533,313,12397,5990,194350,5455,241503,6302,435853,California
Sacramento,2021-03-31,13091,678997,7782,354758,4919,311452,390,12787,5685,193042,7381,248884,6073,441926,California
Sacramento,2021-04-01,15073,694070,8519,363277,6342,317794,212,12999,5675,189563,9373,258257,5894,447820,California
Sacramento,2021-04-02,15516,709586,8533,371810,6298,324092,685,13684,7748,190259,7740,265997,8436,456256,California
Sacramento,2021-04-03,10218,719804,6080,377890,3595,327687,543,14227,6339,193283,3855,269852,6879,463135,California
Sacramento,2021-04-04,3543,723347,1438,379328,1923,329610,182,14409,1365,192653,2174,272026,1544,464679,California
Sacramento,2021-04-05,11545,734892,7263,386591,3498,333108,784,15193,5131,192174,6390,278416,5911,470590,California
Sacramento,2021-04-06,15073,749965,8562,395153,5261,338369,1250,16443,6648,191678,8395,286811,7899,478489,California
Sacramento,2021-04-07,13073,763038,6810,401963,4910,343279,1353,17796,6257,192501,6781,293592,7604,486093,California
Sacramento,2021-04-08,9822,772860,4032,405995,3515,346794,2275,20071,3907,192785,5893,299485,6177,492270,California
San Benito,2020-12-16,2,2,2,2,0,0,0,0,2,2,0,0,2,2,California
San Benito,2020-12-17,8,10,8,10,0,0,0,0,8,10,0,0,8,10,California
San Benito,2020-12-18,32,42,32,42,0,0,0,0,32,42,0,0,32,42,California
San Benito,2020-12-19,47,89,47,89,0,0,0,0,47,89,0,0,47,89,California
San Benito,2020-12-20,22,111,21,110,1,1,0,0,22,111,0,0,22,111,California
San Benito,2020-12-21,48,159,48,158,0,1,0,0,48,159,0,0,48,159,California
San Benito,2020-12-22,63,222,63,221,0,1,0,0,63,222,0,0,63,222,California
San Benito,2020-12-23,48,270,36,257,12,13,0,0,48,270,0,0,48,270,California
San Benito,2020-12-24,12,282,4,261,8,21,0,0,12,282,0,0,12,282,California
San Benito,2020-12-25,4,286,4,265,0,21,0,0,4,286,0,0,4,286,California
San Benito,2020-12-26,13,299,4,269,9,30,0,0,13,299,0,0,13,299,California
San Benito,2020-12-27,8,307,7,276,1,31,0,0,8,307,0,0,8,307,California
San Benito,2020-12-28,63,370,36,312,27,58,0,0,63,370,0,0,63,370,California
San Benito,2020-12-29,49,419,20,332,29,87,0,0,49,419,0,0,49,419,California
San Benito,2020-12-30,60,479,37,369,23,110,0,0,60,479,0,0,60,479,California
San Benito,2020-12-31,19,498,2,371,17,127,0,0,19,498,0,0,19,498,California
San Benito,2021-01-02,24,522,23,394,1,128,0,0,24,522,0,0,24,522,California
San Benito,2021-01-03,3,525,1,395,2,130,0,0,3,525,0,0,3,525,California
San Benito,2021-01-04,62,587,23,418,39,169,0,0,62,587,0,0,62,587,California
San Benito,2021-01-05,118,705,36,454,82,251,0,0,115,699,3,3,115,702,California
San Benito,2021-01-06,97,802,42,496,55,306,0,0,83,768,14,17,83,785,California
San Benito,2021-01-07,79,881,43,539,36,342,0,0,51,791,28,45,51,836,California
San Benito,2021-01-08,130,1011,67,606,63,405,0,0,87,835,43,88,87,923,California
San Benito,2021-01-09,44,1055,31,637,13,418,0,0,30,851,14,102,30,953,California
San Benito,2021-01-10,15,1070,13,650,2,420,0,0,5,846,10,112,5,958,California
San Benito,2021-01-11,101,1171,58,708,43,463,0,0,49,843,52,164,49,1007,California
San Benito,2021-01-12,154,1325,51,759,103,566,0,0,119,927,35,199,119,1126,California
San Benito,2021-01-13,190,1515,35,794,155,721,0,0,163,1063,27,226,163,1289,California
San Benito,2021-01-14,113,1628,23,817,90,811,0,0,96,1142,17,243,96,1385,California
San Benito,2021-01-15,213,1841,21,838,192,1003,0,0,199,1327,14,257,199,1584,California
San Benito,2021-01-16,27,1868,9,847,18,1021,0,0,21,1342,6,263,21,1605,California
San Benito,2021-01-17,10,1878,5,852,5,1026,0,0,7,1346,3,266,7,1612,California
San Benito,2021-01-18,36,1914,23,875,13,1039,0,0,21,1352,15,281,21,1633,California
San Benito,2021-01-19,150,2064,63,938,87,1126,0,0,124,1450,26,307,124,1757,California
San Benito,2021-01-20,260,2324,80,1018,180,1306,0,0,214,1619,45,352,214,1971,California
San Benito,2021-01-21,124,2448,31,1049,93,1399,0,0,100,1695,24,376,100,2071,California
San Benito,2021-01-22,231,2679,19,1068,212,1611,0,0,221,1906,10,386,221,2292,California
San Benito,2021-01-23,30,2709,16,1084,14,1625,0,0,13,1902,17,403,13,2305,California
San Benito,2021-01-24,11,2720,3,1087,8,1633,0,0,7,1905,4,407,7,2312,California
San Benito,2021-01-25,67,2787,25,1112,42,1675,0,0,22,1882,45,452,22,2334,California
San Benito,2021-01-26,134,2921,41,1153,93,1768,0,0,81,1910,53,505,81,2415,California
San Benito,2021-01-27,231,3152,69,1222,162,1930,0,0,190,2059,41,546,190,2605,California
San Benito,2021-01-28,156,3308,32,1254,124,2054,0,0,124,2152,31,577,124,2729,California
San Benito,2021-01-29,285,3593,32,1286,253,2307,0,0,261,2390,23,600,261,2990,California
San Benito,2021-01-30,49,3642,31,1317,18,2325,0,0,27,2395,22,622,27,3017,California
San Benito,2021-01-31,17,3659,5,1322,12,2337,0,0,12,2402,5,627,12,3029,California
San Benito,2021-02-01,133,3792,28,1350,105,2442,0,0,89,2447,44,671,89,3118,California
San Benito,2021-02-02,224,4016,48,1398,176,2618,0,0,134,2491,90,761,134,3252,California
San Benito,2021-02-03,336,4352,41,1439,295,2913,0,0,272,2699,64,825,272,3524,California
San Benito,2021-02-04,159,4511,24,1463,135,3048,0,0,116,2772,43,868,116,3640,California
San Benito,2021-02-05,289,4800,40,1503,249,3297,0,0,227,2937,62,930,227,3867,California
San Benito,2021-02-06,49,4849,9,1512,40,3337,0,0,32,2952,17,947,32,3899,California
San Benito,2021-02-07,15,4864,7,1519,8,3345,0,0,14,2965,1,948,14,3913,California
San Benito,2021-02-08,137,5001,15,1534,122,3467,0,0,91,3010,46,994,91,4004,California
San Benito,2021-02-09,326,5327,64,1598,262,3729,0,0,195,3074,131,1125,195,4199,California
San Benito,2021-02-10,318,5645,88,1686,230,3959,0,0,124,3004,194,1319,124,4323,California
San Benito,2021-02-11,289,5934,31,1717,258,4217,0,0,192,3099,97,1416,192,4515,California
San Benito,2021-02-12,412,6346,31,1748,381,4598,0,0,208,3104,203,1619,208,4723,California
San Benito,2021-02-13,57,6403,8,1756,49,4647,0,0,43,3133,14,1633,43,4766,California
San Benito,2021-02-14,40,6443,5,1761,35,4682,0,0,30,3153,10,1643,30,4796,California
San Benito,2021-02-15,106,6549,9,1770,97,4779,0,0,95,3237,11,1654,95,4891,California
San Benito,2021-02-16,203,6752,11,1781,192,4971,0,0,103,3240,100,1754,103,4994,California
San Benito,2021-02-17,325,7077,30,1811,295,5266,0,0,277,3469,48,1802,277,5271,California
San Benito,2021-02-18,291,7368,38,1849,253,5519,0,0,70,3318,221,2023,70,5341,California
San Benito,2021-02-19,325,7693,45,1894,280,5799,0,0,158,3309,167,2190,158,5499,California
San Benito,2021-02-20,45,7738,26,1920,19,5818,0,0,36,3336,9,2199,36,5535,California
San Benito,2021-02-21,23,7761,8,1928,15,5833,0,0,14,3341,9,2208,14,5549,California
San Benito,2021-02-22,131,7892,36,1964,95,5928,0,0,97,3405,33,2241,97,5646,California
San Benito,2021-02-23,375,8267,93,2057,282,6210,0,0,264,3558,111,2352,264,5910,California
San Benito,2021-02-24,372,8639,62,2119,310,6520,0,0,235,3656,137,2489,235,6145,California
San Benito,2021-02-25,391,9030,63,2182,328,6848,0,0,270,3803,123,2612,270,6415,California
San Benito,2021-02-26,640,9670,73,2255,567,7415,0,0,398,3959,242,2854,398,6813,California
San Benito,2021-02-27,98,9768,36,2291,62,7477,0,0,83,4027,15,2869,83,6896,California
San Benito,2021-02-28,244,10012,23,2314,221,7698,0,0,235,4253,9,2878,235,7131,California
San Benito,2021-03-01,225,10237,60,2374,165,7863,0,0,156,4339,70,2948,156,7287,California
San Benito,2021-03-02,254,10491,74,2448,180,8043,0,0,186,4457,68,3016,186,7473,California
San Benito,2021-03-03,381,10872,54,2502,327,8370,0,0,207,4492,172,3188,207,7680,California
San Benito,2021-03-04,600,11472,122,2624,464,8834,14,14,422,4740,178,3366,426,8106,California
San Benito,2021-03-05,582,12054,305,2929,264,9098,13,27,373,4918,208,3574,386,8492,California
San Benito,2021-03-06,187,12241,64,2993,109,9207,14,41,137,5019,50,3624,151,8643,California
San Benito,2021-03-07,646,12887,602,3595,22,9229,22,63,614,5623,32,3656,636,9279,California
San Benito,2021-03-08,267,13154,65,3660,174,9403,28,91,165,5714,102,3758,193,9472,California
San Benito,2021-03-09,321,13475,85,3745,157,9560,79,170,135,5737,183,3941,206,9678,California
San Benito,2021-03-10,401,13876,114,3859,193,9753,94,264,232,5894,169,4110,326,10004,California
San Benito,2021-03-11,431,14307,120,3979,197,9950,114,378,210,5997,221,4331,324,10328,California
San Benito,2021-03-12,503,14810,116,4095,294,10244,93,471,226,6042,275,4606,320,10648,California
San Benito,2021-03-13,200,15010,100,4195,82,10326,18,489,128,6118,70,4676,146,10794,California
San Benito,2021-03-14,230,15240,40,4235,170,10496,20,509,178,6265,51,4727,198,10992,California
San Benito,2021-03-15,323,15563,99,4334,205,10701,19,528,189,6339,134,4861,208,11200,California
San Benito,2021-03-16,478,16041,216,4550,231,10932,31,559,338,6567,140,5001,368,11568,California
San Benito,2021-03-17,683,16724,473,5023,197,11129,13,572,553,7007,126,5127,566,12134,California
San Benito,2021-03-18,691,17415,522,5545,123,11252,46,618,564,7492,125,5252,610,12744,California
San Benito,2021-03-19,742,18157,402,5947,317,11569,23,641,566,7905,176,5428,589,13333,California
San Benito,2021-03-20,235,18392,146,6093,77,11646,12,653,179,8040,56,5484,191,13524,California
San Benito,2021-03-21,104,18496,53,6146,46,11692,5,658,77,8095,27,5511,82,13606,California
San Benito,2021-03-22,328,18824,170,6316,133,11825,25,683,226,8244,102,5613,251,13857,California
San Benito,2021-03-23,470,19294,197,6513,266,12091,7,690,222,8224,248,5861,228,14085,California
San Benito,2021-03-24,547,19841,305,6818,236,12327,6,696,358,8398,189,6050,363,14448,California
San Benito,2021-03-25,700,20541,410,7228,287,12614,3,699,410,8522,289,6339,413,14861,California
San Benito,2021-03-26,992,21533,515,7743,474,13088,3,702,327,8188,664,7003,330,15191,California
San Benito,2021-03-27,320,21853,179,7922,109,13197,32,734,206,8313,113,7116,238,15429,California
San Benito,2021-03-28,690,22543,571,8493,114,13311,5,739,127,7882,563,7679,132,15561,California
San Benito,2021-03-29,340,22883,106,8599,214,13525,20,759,146,7853,194,7873,165,15726,California
San Benito,2021-03-30,559,23442,260,8859,208,13733,91,850,280,7945,279,8152,371,16097,California
San Benito,2021-03-31,565,24007,345,9204,196,13929,24,874,322,8050,241,8393,346,16443,California
San Benito,2021-04-01,912,24919,368,9572,517,14446,27,901,557,8279,354,8747,583,17026,California
San Benito,2021-04-02,534,25453,258,9830,141,14587,135,1036,263,8406,271,9018,398,17424,California
San Benito,2021-04-03,241,25694,89,9919,104,14691,48,1084,78,8369,163,9181,126,17550,California
San Benito,2021-04-04,142,25836,107,10026,30,14721,5,1089,107,8446,35,9216,112,17662,California
San Benito,2021-04-05,347,26183,166,10192,140,14861,41,1130,140,8419,207,9423,180,17842,California
San Benito,2021-04-06,328,26511,156,10348,121,14982,51,1181,163,8468,165,9588,214,18056,California
San Benito,2021-04-07,768,27279,496,10844,216,15198,56,1237,243,8243,524,10112,299,18355,California
San Benito,2021-04-08,465,27744,306,11150,122,15320,37,1274,96,8008,368,10480,133,18488,California
San Bernardino,2020-12-15,13,13,13,13,0,0,0,0,13,13,0,0,13,13,California
San Bernardino,2020-12-16,107,120,107,120,0,0,0,0,107,120,0,0,107,120,California
San Bernardino,2020-12-17,2347,2467,2347,2467,0,0,0,0,2347,2467,0,0,2347,2467,California
San Bernardino,2020-12-18,3142,5609,3139,5606,3,3,0,0,3143,5610,0,0,3143,5610,California
San Bernardino,2020-12-19,1066,6675,1065,6671,1,4,0,0,1067,6677,0,0,1067,6677,California
San Bernardino,2020-12-20,1172,7847,1171,7842,1,5,0,0,1172,7849,0,0,1172,7849,California
San Bernardino,2020-12-21,2454,10301,2449,10291,5,10,0,0,2454,10303,0,0,2454,10303,California
San Bernardino,2020-12-22,2268,12569,2143,12434,125,135,0,0,2269,12572,0,0,2269,12572,California
San Bernardino,2020-12-23,2644,15213,1453,13887,1191,1326,0,0,2643,15215,0,0,2643,15215,California
San Bernardino,2020-12-24,1159,16372,585,14472,574,1900,0,0,1161,16376,0,0,1161,16376,California
San Bernardino,2020-12-25,74,16446,14,14486,60,1960,0,0,74,16450,0,0,74,16450,California
San Bernardino,2020-12-26,461,16907,253,14739,208,2168,0,0,461,16911,0,0,461,16911,California
San Bernardino,2020-12-27,343,17250,160,14899,183,2351,0,0,343,17254,0,0,343,17254,California
San Bernardino,2020-12-28,1560,18810,710,15609,850,3201,0,0,1561,18815,0,0,1561,18815,California
San Bernardino,2020-12-29,2206,21016,1041,16650,1165,4366,0,0,2205,21019,1,1,2205,21020,California
San Bernardino,2020-12-30,2888,23904,1459,18109,1429,5795,0,0,2889,23908,0,1,2889,23909,California
San Bernardino,2020-12-31,1351,25255,439,18548,912,6707,0,0,1349,25257,0,1,1349,25258,California
San Bernardino,2021-01-01,275,25530,148,18696,127,6834,0,0,274,25531,0,1,274,25532,California
San Bernardino,2021-01-02,476,26006,339,19035,137,6971,0,0,476,26007,0,1,476,26008,California
San Bernardino,2021-01-03,135,26141,85,19120,50,7021,0,0,135,26142,0,1,135,26143,California
San Bernardino,2021-01-04,2115,28256,1286,20406,829,7850,0,0,2114,28256,0,1,2114,28257,California
San Bernardino,2021-01-05,2329,30585,1459,21865,870,8720,0,0,2215,30361,110,111,2215,30472,California
San Bernardino,2021-01-06,3423,34008,2352,24217,1071,9791,0,0,2932,32809,485,596,2933,33405,California
San Bernardino,2021-01-07,5397,39405,4491,28708,906,10697,0,0,2472,32375,2906,3502,2472,35877,California
San Bernardino,2021-01-08,5352,44757,4439,33147,913,11610,0,0,2279,31588,3067,6569,2280,38157,California
San Bernardino,2021-01-09,1398,46155,1100,34247,298,11908,0,0,902,31994,496,7065,902,39059,California
San Bernardino,2021-01-10,1020,47175,598,34845,422,12330,0,0,573,32120,447,7512,573,39632,California
San Bernardino,2021-01-11,4983,52158,4081,38926,902,13232,0,0,2768,32676,2212,9724,2768,42400,California
San Bernardino,2021-01-12,4227,56385,3222,42148,1005,14237,0,0,2513,33476,1713,11437,2513,44913,California
San Bernardino,2021-01-13,4552,60937,2847,44995,1705,15942,0,0,3329,35596,1210,12647,3330,48243,California
San Bernardino,2021-01-14,4743,65680,2774,47769,1969,17911,0,0,4161,39179,578,13225,4161,52404,California
San Bernardino,2021-01-15,5953,71633,2961,50730,2992,20903,0,0,5558,44355,385,13610,5561,57965,California
San Bernardino,2021-01-16,2254,73887,1288,52018,966,21869,0,0,2113,46327,141,13751,2113,60078,California
San Bernardino,2021-01-17,1186,75073,515,52533,671,22540,0,0,1096,47336,89,13840,1098,61176,California
San Bernardino,2021-01-18,4264,79337,2636,55169,1628,24168,0,0,3646,50367,617,14457,3648,64824,California
San Bernardino,2021-01-19,6293,85630,3704,58873,2589,26757,0,0,5204,54488,1087,15544,5208,70032,California
San Bernardino,2021-01-20,6794,92424,3726,62599,3068,29825,0,0,4867,57438,1919,17463,4869,74901,California
San Bernardino,2021-01-21,5982,98406,3075,65674,2907,32732,0,0,4869,61205,1104,18567,4871,79772,California
San Bernardino,2021-01-22,6495,104901,3036,68710,3459,36191,0,0,5774,66261,719,19286,5775,85547,California
San Bernardino,2021-01-23,3097,107998,1886,70596,1211,37402,0,0,2711,68587,385,19671,2711,88258,California
San Bernardino,2021-01-24,1193,109191,461,71057,732,38134,0,0,1094,69582,99,19770,1094,89352,California
San Bernardino,2021-01-25,6857,116048,3396,74453,3461,41595,0,0,5016,72762,1839,21609,5019,94371,California
San Bernardino,2021-01-26,7076,123124,3551,78004,3525,45120,0,0,4997,75680,2079,23688,4997,99368,California
San Bernardino,2021-01-27,8224,131348,4103,82107,4121,49241,0,0,5538,78542,2676,26364,5538,104906,California
San Bernardino,2021-01-28,8531,139879,4044,86151,4487,53728,0,0,6229,82473,2298,28662,6229,111135,California
San Bernardino,2021-01-29,8125,148004,3731,89882,4394,58122,0,0,6178,86718,1934,30596,6179,117314,California
San Bernardino,2021-01-30,3076,151080,1896,91778,1180,59302,0,0,2793,89229,282,30878,2793,120107,California
San Bernardino,2021-01-31,925,152005,496,92274,429,59731,0,0,871,90047,53,30931,871,120978,California
San Bernardino,2021-02-01,7521,159526,4224,96498,3297,63028,0,0,4903,92335,2615,33546,4903,125881,California
San Bernardino,2021-02-02,10366,169892,3648,100146,6718,69746,0,0,8316,98605,2047,35593,8317,134198,California
San Bernardino,2021-02-03,8955,178847,4141,104287,4814,74560,0,0,6477,102613,2470,38063,6478,140676,California
San Bernardino,2021-02-04,10502,189349,5199,109486,5303,79863,0,0,7440,107002,3051,41114,7440,148116,California
San Bernardino,2021-02-05,10938,200287,5897,115383,5041,84904,0,0,7426,110929,3501,44615,7428,155544,California
San Bernardino,2021-02-06,5244,205531,2205,117588,3039,87943,0,0,3615,112943,1604,46219,3618,159162,California
San Bernardino,2021-02-07,852,206383,498,118086,354,88297,0,0,475,113045,374,46593,476,159638,California
San Bernardino,2021-02-08,7259,213642,3866,121952,3393,91690,0,0,5598,116986,1657,48250,5598,165236,California
San Bernardino,2021-02-09,9895,223537,5821,127773,4074,95764,0,0,6680,120459,3212,51462,6685,171921,California
San Bernardino,2021-02-10,11985,235522,6528,134301,5457,101221,0,0,7829,124144,4145,55607,7830,179751,California
San Bernardino,2021-02-11,12247,247769,7047,141348,5200,106421,0,0,7818,127559,4407,60014,7822,187573,California
San Bernardino,2021-02-12,10322,258091,5919,147267,4403,110824,0,0,5672,128597,4636,64650,5674,193247,California
San Bernardino,2021-02-13,5994,264085,3981,151248,2013,112837,0,0,3765,130155,2214,66864,3772,197019,California
San Bernardino,2021-02-14,1544,265629,650,151898,894,113731,0,0,868,130355,668,67532,868,197887,California
San Bernardino,2021-02-15,5452,271081,2994,154892,2458,116189,0,0,3055,131028,2383,69915,3056,200943,California
San Bernardino,2021-02-16,12579,283660,7373,162265,5206,121395,0,0,7972,134408,4594,74509,7974,208917,California
San Bernardino,2021-02-17,11774,295434,6454,168719,5320,126715,0,0,7165,136979,4595,79104,7166,216083,California
San Bernardino,2021-02-18,12441,307875,7576,176295,4865,131580,0,0,7711,139978,4714,83818,7713,223796,California
San Bernardino,2021-02-19,11453,319328,5895,182190,5558,137138,0,0,6779,142102,4655,88473,6779,230575,California
San Bernardino,2021-02-20,4492,323820,3456,185646,1036,138174,0,0,2045,141703,2445,90918,2046,232621,California
San Bernardino,2021-02-21,1018,324838,559,186205,459,138633,0,0,318,141323,698,91616,318,232939,California
San Bernardino,2021-02-22,8483,333321,5194,191399,3289,141922,0,0,4028,140906,4446,96062,4029,236968,California
San Bernardino,2021-02-23,8791,342112,5179,196578,3612,145534,0,0,4520,141184,4242,100304,4520,241488,California
San Bernardino,2021-02-24,11970,354082,6842,203420,5128,150662,0,0,6081,141401,5865,106169,6082,247570,California
San Bernardino,2021-02-25,12887,366969,6253,209673,6634,157296,0,0,7519,143572,5352,111521,7523,255093,California
San Bernardino,2021-02-26,13321,380290,6378,216051,6943,164239,0,0,7513,145339,5747,117268,7514,262607,California
San Bernardino,2021-02-27,6574,386864,3650,219701,2924,167163,0,0,4765,148303,1801,119069,4765,267372,California
San Bernardino,2021-02-28,1745,388609,721,220422,1024,168187,0,0,1134,148834,605,119674,1136,268508,California
San Bernardino,2021-03-01,8364,396973,4315,224737,4048,172235,1,1,3834,148168,4509,124183,3843,272351,California
San Bernardino,2021-03-02,13462,410435,5318,230055,8144,180379,0,1,6405,147546,7030,131213,6408,278759,California
San Bernardino,2021-03-03,12394,422829,6283,236338,6110,186489,1,2,5716,146605,6662,137875,5721,284480,California
San Bernardino,2021-03-04,12728,435557,6484,242822,6243,192732,1,3,5768,145434,6942,144817,5771,290251,California
San Bernardino,2021-03-05,13313,448870,6692,249514,6620,199352,1,4,6767,145700,6519,151336,6785,297036,California
San Bernardino,2021-03-06,9447,458317,5259,254773,3973,203325,215,219,4405,145290,5029,156365,4619,301655,California
San Bernardino,2021-03-07,1523,459840,925,255698,543,203868,55,274,981,145786,540,156905,1036,302691,California
San Bernardino,2021-03-08,7207,467047,3103,258801,3943,207811,161,435,3450,145647,3753,160658,3614,306305,California
San Bernardino,2021-03-09,11890,478937,6539,265340,5115,212926,236,671,4774,143554,7104,167762,5011,311316,California
San Bernardino,2021-03-10,13272,492209,7246,272586,5634,218560,392,1063,6132,142968,7116,174878,6530,317846,California
San Bernardino,2021-03-11,13632,505841,6438,279024,6408,224968,786,1849,7150,144443,6463,181341,7938,325784,California
San Bernardino,2021-03-12,15068,520909,6733,285757,6340,231308,1995,3844,7222,145889,7820,189161,9266,335050,California
San Bernardino,2021-03-13,8095,529004,4460,290217,3142,234450,493,4337,4811,147915,3279,192440,5305,340355,California
San Bernardino,2021-03-14,3158,532162,1586,291803,1009,235459,563,4900,1804,148932,1349,193789,2366,342721,California
San Bernardino,2021-03-15,11200,543362,5300,297103,3901,239360,1999,6899,5476,150692,5714,199503,7474,350195,California
San Bernardino,2021-03-16,15940,559302,7892,304995,7106,246466,942,7841,9722,155160,6195,205698,10663,360858,California
San Bernardino,2021-03-17,16653,575955,8431,313426,7477,253943,745,8586,9976,159221,6662,212360,10723,371581,California
San Bernardino,2021-03-18,16211,592166,8045,321471,7783,261726,383,8969,9527,162475,6657,219017,9911,381492,California
San Bernardino,2021-03-19,16571,608737,8170,329641,7818,269544,583,9552,9489,165543,7058,226075,10126,391618,California
San Bernardino,2021-03-20,9348,618085,5902,335543,2864,272408,582,10134,5561,167925,3760,229835,6142,397760,California
San Bernardino,2021-03-21,2731,620816,2228,337771,456,272864,47,10181,2215,169681,506,230341,2262,400022,California
San Bernardino,2021-03-22,9520,630336,4482,342253,4605,277469,433,10614,6924,174459,2580,232921,7358,407380,California
San Bernardino,2021-03-23,15210,645546,8635,350888,5956,283425,619,11233,9509,178902,5683,238604,10126,417506,California
San Bernardino,2021-03-24,14798,660344,7699,358587,6801,290226,298,11531,9903,184238,4866,243470,10202,427708,California
San Bernardino,2021-03-25,16553,676897,8163,366750,8102,298328,288,11819,10525,189059,5989,249459,10810,438518,California
San Bernardino,2021-03-26,17757,694654,8533,375283,8469,306797,755,12574,10840,193769,6888,256347,11598,450116,California
San Bernardino,2021-03-27,10648,705302,6859,382142,3043,309840,746,13320,6111,196103,4523,260870,6857,456973,California
San Bernardino,2021-03-28,3500,708802,2463,384605,927,310767,110,13430,2470,197657,1026,261896,2580,459553,California
San Bernardino,2021-03-29,11236,720038,5939,390544,4900,315667,397,13827,7626,202081,3599,265495,8023,467576,California
San Bernardino,2021-03-30,16697,736735,9384,399928,6607,322274,706,14533,10796,207708,5872,271367,11499,479075,California
San Bernardino,2021-03-31,15861,752596,8930,408858,6337,328611,594,15127,10747,213952,5095,276462,11339,490414,California
San Bernardino,2021-04-01,19129,771725,10104,418962,7704,336315,1321,16448,12513,221194,6589,283051,13831,504245,California
San Bernardino,2021-04-02,18064,789789,8962,427924,7859,344174,1243,17691,10981,226399,7059,290110,12264,516509,California
San Bernardino,2021-04-03,10669,800458,6613,434537,2946,347120,1110,18801,5831,228511,4826,294936,6938,523447,California
San Bernardino,2021-04-04,2370,802828,1415,435952,714,347834,241,19042,1201,228786,1167,296103,1442,524889,California
San Bernardino,2021-04-05,11148,813976,4961,440913,4638,352472,1549,20591,5779,230760,5350,301453,7324,532213,California
San Bernardino,2021-04-06,18742,832718,10480,451393,6378,358850,1884,22475,10038,234001,8677,310130,11918,544131,California
San Bernardino,2021-04-07,18714,851432,9666,461059,6911,365761,2137,24612,10205,237853,8482,318612,12334,556465,California
San Bernardino,2021-04-08,11235,862667,4924,465983,4596,370357,1715,26327,5707,239763,5509,324121,7419,563884,California
San Diego,2020-12-15,119,119,119,119,0,0,0,0,119,119,0,0,119,119,California
San Diego,2020-12-16,1101,1220,1101,1220,0,0,0,0,1101,1220,0,0,1101,1220,California
San Diego,2020-12-17,2348,3568,2348,3568,0,0,0,0,2348,3568,0,0,2348,3568,California
San Diego,2020-12-18,3672,7240,3671,7239,1,1,0,0,3672,7240,0,0,3672,7240,California
San Diego,2020-12-19,2311,9551,2311,9550,0,1,0,0,2311,9551,0,0,2311,9551,California
San Diego,2020-12-20,1184,10735,1182,10732,2,3,0,0,1184,10735,0,0,1184,10735,California
San Diego,2020-12-21,3520,14255,3519,14251,1,4,0,0,3520,14255,0,0,3520,14255,California
San Diego,2020-12-22,4056,18311,3413,17664,643,647,0,0,4056,18311,0,0,4056,18311,California
San Diego,2020-12-23,3176,21487,1974,19638,1202,1849,0,0,3176,21487,0,0,3176,21487,California
San Diego,2020-12-24,2723,24210,2206,21844,517,2366,0,0,2723,24210,0,0,2723,24210,California
San Diego,2020-12-25,869,25079,868,22712,1,2367,0,0,868,25077,1,1,868,25078,California
San Diego,2020-12-26,3249,28328,2134,24846,1115,3482,0,0,3248,28325,0,1,3248,28326,California
San Diego,2020-12-27,2475,30803,1611,26457,864,4346,0,0,2474,30798,1,2,2474,30800,California
San Diego,2020-12-28,5852,36655,4184,30641,1668,6014,0,0,5852,36650,0,2,5852,36652,California
San Diego,2020-12-29,5535,42190,2972,33613,2563,8577,0,0,5535,42185,0,2,5535,42187,California
San Diego,2020-12-30,5891,48081,3071,36684,2820,11397,0,0,5891,48076,0,2,5891,48078,California
San Diego,2020-12-31,2936,51017,997,37681,1939,13336,0,0,2935,51010,1,3,2935,51013,California
San Diego,2021-01-01,994,52011,441,38122,553,13889,0,0,993,52003,0,3,993,52006,California
San Diego,2021-01-02,3745,55756,1310,39432,2435,16324,0,0,3745,55748,0,3,3745,55751,California
San Diego,2021-01-03,857,56613,630,40062,227,16551,0,0,856,56604,0,3,856,56607,California
San Diego,2021-01-04,3684,60297,2036,42098,1648,18199,0,0,3677,60281,0,3,3677,60284,California
San Diego,2021-01-05,4281,64578,2096,44194,2185,20384,0,0,3664,63345,613,616,3677,63961,California
San Diego,2021-01-06,4915,69493,2286,46480,2629,23013,0,0,3680,65817,1212,1828,3684,67645,California
San Diego,2021-01-07,5547,75040,2976,49456,2571,25584,0,0,3392,67067,2148,3976,3398,71043,California
San Diego,2021-01-08,7690,82730,4958,54414,2732,28316,0,0,3902,67213,3771,7747,3917,74960,California
San Diego,2021-01-09,2926,85656,1550,55964,1376,29692,0,0,1758,67822,1157,8904,1766,76726,California
San Diego,2021-01-10,1868,87524,1292,57256,576,30268,0,0,767,67508,1089,9993,775,77501,California
San Diego,2021-01-11,10303,97827,5854,63110,4449,34717,0,0,6779,70783,3517,13510,6792,84293,California
San Diego,2021-01-12,11154,108981,5312,68422,5842,40559,0,0,7783,75317,3362,16872,7896,92189,California
San Diego,2021-01-13,11435,120416,5013,73435,6422,46981,0,0,8895,81704,2527,19399,8914,101103,California
San Diego,2021-01-14,12319,132735,4735,78170,7584,54565,0,0,10163,89744,2147,21546,10187,111290,California
San Diego,2021-01-15,15008,147743,5282,83452,9726,64291,0,0,12390,99562,2598,24144,12416,123706,California
San Diego,2021-01-16,10749,158492,3580,87032,7169,71460,0,0,9310,107462,1434,25578,9334,133040,California
San Diego,2021-01-17,8658,167150,2485,89517,6173,77633,0,0,7825,114467,833,26411,7838,140878,California
San Diego,2021-01-18,12431,179581,5903,95420,6528,84161,0,0,9625,121355,2767,29178,9655,150533,California
San Diego,2021-01-19,14700,194281,5778,101198,8922,93083,0,0,11592,130093,3094,32272,11832,162365,California
San Diego,2021-01-20,18306,212587,6369,107567,11937,105020,0,0,15027,142018,3260,35532,15185,177550,California
San Diego,2021-01-21,17368,229955,5883,113450,11485,116505,0,0,15989,156773,1368,36900,16123,193673,California
San Diego,2021-01-22,17596,247551,4725,118175,12871,129376,0,0,15574,170403,2009,38909,15639,209312,California
San Diego,2021-01-23,14419,261970,5256,123431,9163,138539,0,0,12084,180195,2322,41231,12114,221426,California
San Diego,2021-01-24,11780,273750,3253,126684,8527,147066,0,0,10844,190115,936,42167,10856,232282,California
San Diego,2021-01-25,12128,285878,5689,132373,6439,153505,0,0,9139,196399,2981,45148,9265,241547,California
San Diego,2021-01-26,14571,300449,7309,139682,7262,160767,0,0,11311,204625,3255,48403,11481,253028,California
San Diego,2021-01-27,20245,320694,7657,147339,12588,173355,0,0,17194,218884,3037,51440,17296,270324,California
San Diego,2021-01-28,20881,341575,7249,154588,13632,186987,0,0,18629,235341,2242,53682,18699,289023,California
San Diego,2021-01-29,19448,361023,6222,160810,13226,200213,0,0,17036,250008,2402,56084,17069,306092,California
San Diego,2021-01-30,15686,376709,3460,164270,12226,212439,0,0,13016,260455,2661,58745,13108,319200,California
San Diego,2021-01-31,14430,391139,5401,169671,9029,221468,0,0,14078,274207,348,59093,14100,333300,California
San Diego,2021-02-01,20007,411146,6728,176399,13279,234747,0,0,16822,287930,3171,62264,16894,350194,California
San Diego,2021-02-02,22464,433610,7985,184384,14479,249226,0,0,18935,303511,3519,65783,19100,369294,California
San Diego,2021-02-03,26440,460050,10695,195079,15745,264971,0,0,22281,321821,4141,69924,22451,391745,California
San Diego,2021-02-04,23466,483516,9253,204332,14213,279184,0,0,18793,336214,4655,74579,19048,410793,California
San Diego,2021-02-05,24726,508242,8860,213192,15866,295050,0,0,18219,348400,6483,81062,18669,429462,California
San Diego,2021-02-06,20493,528735,8365,221557,12128,307178,0,0,17313,362740,3174,84236,17514,446976,California
San Diego,2021-02-07,11232,539967,4678,226235,6554,313732,0,0,9370,370516,1842,86078,9618,456594,California
San Diego,2021-02-08,19364,559331,7977,234212,11387,325119,0,0,11972,375780,7374,93452,12638,469232,California
San Diego,2021-02-09,19671,579002,7762,241974,11909,337028,0,0,12480,382152,7172,100624,13544,482776,California
San Diego,2021-02-10,22239,601241,8911,250885,13328,350356,0,0,13161,387598,9051,109675,14497,497273,California
San Diego,2021-02-11,22988,624229,9823,260708,13165,363521,0,0,11966,390224,10996,120671,13622,510895,California
San Diego,2021-02-12,23267,647496,6941,267649,16326,379847,0,0,11393,391984,11855,132526,13615,524510,California
San Diego,2021-02-13,19421,666917,8413,276062,11008,390855,0,0,10299,394361,9114,141640,11491,536001,California
San Diego,2021-02-14,10487,677404,6732,282794,3755,394610,0,0,5822,397022,4663,146303,7324,543325,California
San Diego,2021-02-15,14864,692268,7364,290158,7500,402110,0,0,7628,400470,7218,153521,10666,553991,California
San Diego,2021-02-16,18503,710771,10607,300765,7896,410006,0,0,8815,402628,9674,163195,11832,565823,California
San Diego,2021-02-17,22444,733215,10038,310803,12406,422412,0,0,7664,398674,14771,177966,10817,576640,California
San Diego,2021-02-18,22926,756141,11640,322443,11286,433698,0,0,7526,394951,15393,193359,11670,588310,California
San Diego,2021-02-19,15850,771991,10865,333308,4985,438683,0,0,6679,394593,9151,202510,8793,597103,California
San Diego,2021-02-20,9929,781920,6282,339590,3647,442330,0,0,5704,398011,4222,206732,7640,604743,California
San Diego,2021-02-21,10303,792223,9060,348650,1243,443573,0,0,4959,398915,5320,212052,6224,610967,California
San Diego,2021-02-22,12252,804475,10403,359053,1849,445422,0,0,6367,401077,5880,217932,8042,619009,California
San Diego,2021-02-23,25047,829522,13873,372926,11174,456596,0,0,9911,401737,15130,233062,15790,634799,California
San Diego,2021-02-24,28583,858105,12436,385362,16147,472743,0,0,7712,396066,20851,253913,15180,649979,California
San Diego,2021-02-25,32619,890724,14319,399681,18300,491043,0,0,10599,393134,22001,275914,19069,669048,California
San Diego,2021-02-26,33159,923883,12112,411793,21047,512090,0,0,12030,391123,21101,297015,19090,688138,California
San Diego,2021-02-27,20847,944730,9277,421070,11570,523660,0,0,11273,397088,9572,306587,15537,703675,California
San Diego,2021-02-28,14509,959239,9213,430283,5296,528956,0,0,9728,404916,4781,311368,12609,716284,California
San Diego,2021-03-01,23600,982839,13680,443963,9919,538875,1,1,15053,415399,8472,319840,18955,735239,California
San Diego,2021-03-02,25136,1007975,13408,457371,11728,550603,0,1,12681,422542,12449,332289,19592,754831,California
San Diego,2021-03-03,33512,1041487,15467,472838,18042,568645,3,4,14552,425166,18947,351236,21571,776402,California
San Diego,2021-03-04,27724,1069211,13764,486602,13960,582605,0,4,12738,429689,14969,366205,19492,795894,California
San Diego,2021-03-05,28467,1097678,14452,501054,13933,596538,82,86,13929,435969,14525,380730,20805,816699,California
San Diego,2021-03-06,22826,1120504,9330,510384,12794,609332,702,788,10636,439884,12182,392912,16097,832796,California
San Diego,2021-03-07,17885,1138389,9023,519407,8297,617629,565,1353,8377,443102,9504,402416,12722,845518,California
San Diego,2021-03-08,22154,1160543,10378,529785,10893,628522,883,2236,10686,448070,11455,413871,16423,861941,California
San Diego,2021-03-09,25205,1185748,11544,541329,11923,640445,1738,3974,11685,452003,13508,427379,17441,879382,California
San Diego,2021-03-10,24614,1210362,10186,551515,12063,652508,2365,6339,11117,456142,13489,440868,17628,897010,California
San Diego,2021-03-11,28270,1238632,10777,562292,13983,666491,3510,9849,11421,458261,16833,457701,18952,915962,California
San Diego,2021-03-12,25799,1264431,8947,571239,13903,680394,2949,12798,9488,457884,16297,473998,15920,931882,California
San Diego,2021-03-13,24455,1288886,6766,578005,16143,696537,1546,14344,9299,457695,15150,489148,14961,946843,California
San Diego,2021-03-14,12152,1301038,4697,582702,6753,703290,702,15046,4060,456638,8086,497234,7029,953872,California
San Diego,2021-03-15,21865,1322903,10128,592830,10970,714260,767,15813,10890,460477,10962,508196,14801,968673,California
San Diego,2021-03-16,29752,1352655,15700,608530,13664,727924,388,16201,17988,470197,11747,519943,21467,990140,California
San Diego,2021-03-17,26093,1378748,12155,620685,13235,741159,703,16904,17372,481644,8711,528654,20158,1010298,California
San Diego,2021-03-18,31132,1409880,17647,638332,12590,753749,895,17799,20337,493776,10778,539432,22910,1033208,California
San Diego,2021-03-19,30068,1439948,14266,652598,14824,768573,978,18777,19881,505744,10171,549603,22139,1055347,California
San Diego,2021-03-20,27582,1467530,8330,660928,17462,786035,1790,20567,21971,525030,5603,555206,24889,1080236,California
San Diego,2021-03-21,16453,1483983,11982,672910,3756,789791,715,21282,10494,531682,5951,561157,12603,1092839,California
San Diego,2021-03-22,22335,1506318,13083,685993,9013,798804,239,21521,16116,544636,6209,567366,19163,1112002,California
San Diego,2021-03-23,25750,1532068,13572,699565,11917,810721,261,21782,19586,560426,6153,573519,21943,1133945,California
San Diego,2021-03-24,29339,1561407,19652,719217,9335,820056,352,22134,20037,573648,9294,582813,22516,1156461,California
San Diego,2021-03-25,29951,1591358,18070,737287,11226,831282,655,22789,19739,585974,10202,593015,22528,1178989,California
San Diego,2021-03-26,31644,1623002,17706,754993,13406,844688,532,23321,19075,596137,12544,605559,22707,1201696,California
San Diego,2021-03-27,24890,1647892,10953,765946,13544,858232,393,23714,15219,604348,9656,615215,17867,1219563,California
San Diego,2021-03-28,14820,1662712,9156,775102,5608,863840,56,23770,9130,609302,5683,620898,10637,1230200,California
San Diego,2021-03-29,26318,1689030,12629,787731,13095,876935,594,24364,18526,623185,7786,628684,21669,1251869,California
San Diego,2021-03-30,32984,1722014,17768,805499,14435,891370,781,25145,23304,639442,9666,638350,25923,1277792,California
San Diego,2021-03-31,29892,1751906,18492,823991,10765,902135,635,25780,20368,652010,9506,647856,22074,1299866,California
San Diego,2021-04-01,33612,1785518,19732,843723,12533,914668,1347,27127,24368,669866,9221,657077,27077,1326943,California
San Diego,2021-04-02,35009,1820527,20340,864063,12149,926817,2520,29647,24222,687228,10770,667847,28132,1355075,California
San Diego,2021-04-03,30287,1850814,14098,878161,11745,938562,4444,34091,20119,702820,10158,678005,25750,1380825,California
San Diego,2021-04-04,8801,1859615,4985,883146,2926,941488,890,34981,5044,705170,3755,681760,6105,1386930,California
San Diego,2021-04-05,28968,1888583,14867,898013,11663,953151,2438,37419,19191,719470,9763,691523,24063,1410993,California
San Diego,2021-04-06,37967,1926550,19945,917958,12375,965526,5647,43066,22087,733424,15868,707391,29822,1440815,California
San Diego,2021-04-07,32157,1958707,19548,937506,8710,974236,3899,46965,18635,743617,13487,720878,23680,1464495,California
San Diego,2021-04-08,15954,1974661,10203,947709,3918,978154,1833,48798,11768,753289,4175,725053,13847,1478342,California
San Francisco,2020-12-15,7,7,7,7,0,0,0,0,7,7,0,0,7,7,California
San Francisco,2020-12-16,229,236,229,236,0,0,0,0,229,236,0,0,229,236,California
San Francisco,2020-12-17,395,631,395,631,0,0,0,0,395,631,0,0,395,631,California
San Francisco,2020-12-18,878,1509,877,1508,1,1,0,0,878,1509,0,0,878,1509,California
San Francisco,2020-12-19,601,2110,601,2109,0,1,0,0,601,2110,0,0,601,2110,California
San Francisco,2020-12-20,484,2594,484,2593,0,1,0,0,484,2594,0,0,484,2594,California
San Francisco,2020-12-21,1163,3757,1163,3756,0,1,0,0,1163,3757,0,0,1163,3757,California
San Francisco,2020-12-22,1400,5157,1366,5122,34,35,0,0,1400,5157,0,0,1400,5157,California
San Francisco,2020-12-23,1328,6485,1040,6162,288,323,0,0,1328,6485,0,0,1328,6485,California
San Francisco,2020-12-24,837,7322,502,6664,335,658,0,0,837,7322,0,0,837,7322,California
San Francisco,2020-12-25,33,7355,28,6692,5,663,0,0,33,7355,0,0,33,7355,California
San Francisco,2020-12-26,245,7600,151,6843,94,757,0,0,245,7600,0,0,245,7600,California
San Francisco,2020-12-27,273,7873,60,6903,213,970,0,0,273,7873,0,0,273,7873,California
San Francisco,2020-12-28,1269,9142,686,7589,583,1553,0,0,1269,9142,0,0,1269,9142,California
San Francisco,2020-12-29,1245,10387,622,8211,623,2176,0,0,1245,10387,0,0,1245,10387,California
San Francisco,2020-12-30,1480,11867,776,8987,704,2880,0,0,1480,11867,0,0,1480,11867,California
San Francisco,2020-12-31,962,12829,410,9397,552,3432,0,0,961,12828,0,0,961,12828,California
San Francisco,2021-01-01,66,12895,58,9455,8,3440,0,0,66,12894,0,0,66,12894,California
San Francisco,2021-01-02,333,13228,302,9757,31,3471,0,0,333,13227,0,0,333,13227,California
San Francisco,2021-01-03,293,13521,101,9858,192,3663,0,0,292,13518,1,1,292,13519,California
San Francisco,2021-01-04,1834,15355,1354,11212,480,4143,0,0,1831,15346,3,4,1831,15350,California
San Francisco,2021-01-05,2231,17586,1414,12626,817,4960,0,0,2196,17509,35,39,2198,17548,California
San Francisco,2021-01-06,1872,19458,1165,13791,707,5667,0,0,1607,18854,263,302,1608,19156,California
San Francisco,2021-01-07,2062,21520,1201,14992,861,6528,0,0,1607,20009,452,754,1607,20763,California
San Francisco,2021-01-08,2328,23848,1634,16626,694,7222,0,0,1490,20666,833,1587,1490,22253,California
San Francisco,2021-01-09,1386,25234,892,17518,494,7716,0,0,883,21048,503,2090,885,23138,California
San Francisco,2021-01-10,920,26154,542,18060,378,8094,0,0,460,21049,459,2549,460,23598,California
San Francisco,2021-01-11,2504,28658,1873,19933,631,8725,0,0,1403,21350,1102,3651,1403,25001,California
San Francisco,2021-01-12,3084,31742,2056,21989,1028,9753,0,0,1891,22049,1193,4844,1892,26893,California
San Francisco,2021-01-13,2813,34555,1598,23587,1215,10968,0,0,1986,23208,827,5671,1986,28879,California
San Francisco,2021-01-14,2428,36983,1093,24680,1335,12303,0,0,1869,24519,559,6230,1870,30749,California
San Francisco,2021-01-15,2736,39719,1144,25824,1592,13895,0,0,2345,26477,389,6619,2347,33096,California
San Francisco,2021-01-16,2245,41964,964,26788,1281,15176,0,0,2081,28394,164,6783,2081,35177,California
San Francisco,2021-01-17,1918,43882,532,27320,1386,16562,0,0,1703,29882,215,6998,1703,36880,California
San Francisco,2021-01-18,1374,45256,590,27910,784,17346,0,0,1110,30731,263,7261,1112,37992,California
San Francisco,2021-01-19,2566,47822,1470,29380,1096,18442,0,0,1824,31813,742,8003,1824,39816,California
San Francisco,2021-01-20,2698,50520,1083,30463,1615,20057,0,0,1953,33025,742,8745,1954,41770,California
San Francisco,2021-01-21,3288,53808,928,31391,2360,22417,0,0,2467,34673,819,9564,2467,44237,California
San Francisco,2021-01-22,3162,56970,629,32020,2533,24950,0,0,2723,36959,437,10001,2723,46960,California
San Francisco,2021-01-23,3089,60059,608,32628,2481,27431,0,0,2722,39316,366,10367,2723,49683,California
San Francisco,2021-01-24,2423,62482,359,32987,2064,29495,0,0,2196,41288,224,10591,2196,51879,California
San Francisco,2021-01-25,4563,67045,1772,34759,2791,32286,0,0,3023,42774,1538,12129,3024,54903,California
San Francisco,2021-01-26,4647,71692,2125,36884,2522,34808,0,0,3060,44252,1584,13713,3062,57965,California
San Francisco,2021-01-27,4420,76112,2081,38965,2339,37147,0,0,3071,45978,1345,15058,3071,61036,California
San Francisco,2021-01-28,3746,79858,1550,40515,2196,39343,0,0,2582,47401,1159,16217,2582,63618,California
San Francisco,2021-01-29,4709,84567,1677,42192,3032,42375,0,0,3441,49581,1261,17478,3441,67059,California
San Francisco,2021-01-30,3765,88332,1837,44029,1928,44303,0,0,3323,52466,441,17919,3326,70385,California
San Francisco,2021-01-31,2347,90679,821,44850,1526,45829,0,0,2196,54513,150,18069,2197,72582,California
San Francisco,2021-02-01,3771,94450,1513,46363,2258,48087,0,0,2874,56491,897,18966,2875,75457,California
San Francisco,2021-02-02,4638,99088,1958,48321,2680,50767,0,0,2874,57607,1758,20724,2874,78331,California
San Francisco,2021-02-03,5044,104132,2360,50681,2684,53451,0,0,3749,60064,1293,22017,3750,82081,California
San Francisco,2021-02-04,5015,109147,2432,53113,2583,56034,0,0,3853,62757,1160,23177,3853,85934,California
San Francisco,2021-02-05,5916,115063,3193,56306,2723,58757,0,0,4586,66017,1327,24504,4587,90521,California
San Francisco,2021-02-06,5458,120521,3643,59949,1815,60572,0,0,4559,69682,897,25401,4562,95083,California
San Francisco,2021-02-07,4322,124843,3174,63123,1148,61720,0,0,3748,72860,573,25974,3751,98834,California
San Francisco,2021-02-08,6681,131524,4600,67723,2081,63801,0,0,5476,77150,1188,27162,5478,104312,California
San Francisco,2021-02-09,5913,137437,3983,71706,1930,65731,0,0,4360,79961,1550,28712,4361,108673,California
San Francisco,2021-02-10,6826,144263,4168,75874,2658,68389,0,0,5065,83276,1753,30465,5068,113741,California
San Francisco,2021-02-11,6674,150937,3954,79828,2720,71109,0,0,4867,86339,1805,32270,4868,118609,California
San Francisco,2021-02-12,5296,156233,2659,82487,2637,73746,0,0,3472,87988,1823,34093,3472,122081,California
San Francisco,2021-02-13,4352,160585,2550,85037,1802,75548,0,0,3030,89698,1322,35415,3032,125113,California
San Francisco,2021-02-14,3411,163996,2236,87273,1175,76723,0,0,2291,90871,1119,36534,2292,127405,California
San Francisco,2021-02-15,2764,166760,1501,88774,1263,77986,0,0,1673,91455,1089,37623,1673,129078,California
San Francisco,2021-02-16,4974,171734,2722,91496,2252,80238,0,0,2955,92403,2013,39636,2961,132039,California
San Francisco,2021-02-17,5390,177124,2677,94173,2713,82951,0,0,2954,92931,2427,42063,2955,134994,California
San Francisco,2021-02-18,5361,182485,2623,96796,2738,85689,0,0,2807,93188,2553,44616,2810,137804,California
San Francisco,2021-02-19,5614,188099,2638,99434,2976,88665,0,0,2923,93428,2685,47301,2925,140729,California
San Francisco,2021-02-20,4509,192608,2170,101604,2339,91004,0,0,1700,92328,2801,50102,1701,142430,California
San Francisco,2021-02-21,2727,195335,1358,102962,1369,92373,0,0,1135,91875,1589,51691,1136,143566,California
San Francisco,2021-02-22,5081,200416,3165,106127,1916,94289,0,0,2552,91908,2521,54212,2554,146120,California
San Francisco,2021-02-23,5426,205842,3070,109197,2356,96645,0,0,2757,92001,2664,56876,2757,148877,California
San Francisco,2021-02-24,8940,214782,5062,114259,3878,100523,0,0,4770,92611,4161,61037,4771,153648,California
San Francisco,2021-02-25,9724,224506,6846,121105,2878,103401,0,0,6282,95453,3442,64479,6284,159932,California
San Francisco,2021-02-26,11872,236378,7714,128819,4158,107559,0,0,7037,97653,4838,69317,7038,166970,California
San Francisco,2021-02-27,8853,245231,5629,134448,3223,110782,1,1,4492,97796,4351,73668,4494,171464,California
San Francisco,2021-02-28,7695,252926,5523,139971,2172,112954,0,1,3833,97768,3862,77530,3834,175298,California
San Francisco,2021-03-01,10610,263536,7123,147094,3487,116441,0,1,5133,97443,5461,82991,5136,180434,California
San Francisco,2021-03-02,8782,272318,5598,152692,3184,119625,0,1,5100,98868,3676,86667,5101,185535,California
San Francisco,2021-03-03,10757,283075,6152,158844,4604,124229,1,2,5795,99714,4953,91620,5799,191334,California
San Francisco,2021-03-04,8573,291648,5397,164241,3176,127405,0,2,4838,100822,3730,95350,4838,196172,California
San Francisco,2021-03-05,8560,300208,5072,169313,3486,130891,2,4,5372,103019,3178,98528,5375,201547,California
San Francisco,2021-03-06,6824,307032,4397,173710,2220,133111,207,211,4185,104757,2652,101180,4390,205937,California
San Francisco,2021-03-07,5082,312114,3954,177664,1072,134183,56,267,2853,105424,2243,103423,2910,208847,California
San Francisco,2021-03-08,7077,319191,5135,182799,1760,135943,182,449,5545,109587,1565,104988,5728,214575,California
San Francisco,2021-03-09,6641,325832,3886,186685,2383,138326,372,821,4539,112385,2109,107097,4907,219482,California
San Francisco,2021-03-10,10254,336086,5848,192533,3918,142244,488,1309,6283,115205,3952,111049,6772,226254,California
San Francisco,2021-03-11,9908,345994,6317,198850,2643,144887,948,2257,6500,119255,3394,114443,7444,233698,California
San Francisco,2021-03-12,10608,356602,6211,205061,3101,147988,1296,3553,5914,121794,4669,119112,7208,240906,California
San Francisco,2021-03-13,6484,363086,3814,208875,1654,149642,1016,4569,4051,124434,2426,121538,5066,245972,California
San Francisco,2021-03-14,7466,370552,4838,213713,2395,152037,233,4802,4036,125284,3419,124957,4269,250241,California
San Francisco,2021-03-15,11887,382439,9060,222773,1895,153932,932,5734,8238,130810,3637,128594,9163,259404,California
San Francisco,2021-03-16,11957,394396,8153,230926,3349,157281,455,6189,8694,136708,3249,131843,9147,268551,California
San Francisco,2021-03-17,13099,407495,8111,239037,4448,161729,540,6729,9499,143170,3573,135416,10035,278586,California
San Francisco,2021-03-18,9848,417343,6719,245756,2543,164272,586,7315,5619,145171,4203,139619,6204,284790,California
San Francisco,2021-03-19,11933,429276,8692,254448,2778,167050,463,7778,6366,146453,5546,145165,6828,291618,California
San Francisco,2021-03-20,8545,437821,6385,260833,1803,168853,357,8135,5149,148591,3370,148535,5508,297126,California
San Francisco,2021-03-21,6433,444254,5885,266718,414,169267,134,8269,3681,149664,2742,151277,3815,300941,California
San Francisco,2021-03-22,9642,453896,6809,273527,1992,171259,841,9110,5081,151044,4541,155818,5921,306862,California
San Francisco,2021-03-23,11049,464945,7341,280868,3061,174320,647,9757,6709,154085,4312,160130,7353,314215,California
San Francisco,2021-03-24,12207,477152,9366,290234,2307,176627,534,10291,6350,155143,5824,165954,6882,321097,California
San Francisco,2021-03-25,11702,488854,8613,298847,2545,179172,544,10835,5896,155832,5749,171703,6438,327535,California
San Francisco,2021-03-26,11732,500586,8162,307009,3344,182516,226,11061,6097,156545,5607,177310,6320,333855,California
San Francisco,2021-03-27,8457,509043,5727,312736,2501,185017,229,11290,3891,156115,4550,181860,4120,337975,California
San Francisco,2021-03-28,6536,515579,5218,317954,1277,186294,41,11331,3155,155946,3363,185223,3194,341169,California
San Francisco,2021-03-29,11341,526920,7870,325824,3294,189588,177,11508,5160,155125,6158,191381,5337,346506,California
San Francisco,2021-03-30,11401,538321,7148,332972,3971,193559,282,11790,6869,157766,4510,195891,7151,353657,California
San Francisco,2021-03-31,12038,550359,7992,340964,3762,197321,284,12074,5689,157414,6320,202211,5968,359625,California
San Francisco,2021-04-01,13448,563807,7131,348095,4702,202023,1615,13689,5813,157237,7603,209814,7426,367051,California
San Francisco,2021-04-02,14455,578262,6374,354469,6289,208312,1792,15481,6853,158298,7583,217397,8644,375695,California
San Francisco,2021-04-03,10135,588397,4684,359153,3684,211996,1767,17248,4644,159228,5479,222876,6409,382104,California
San Francisco,2021-04-04,8804,597201,4621,363774,2579,214575,1604,18852,3481,159002,5313,228189,5087,387191,California
San Francisco,2021-04-05,15560,612761,9522,373296,4203,218778,1835,20687,6201,157702,9333,237522,8033,395224,California
San Francisco,2021-04-06,15872,628633,9366,382662,4411,223189,2095,22782,6245,156432,9607,247129,8337,403561,California
San Francisco,2021-04-07,14947,643580,8651,391313,4267,227456,2029,24811,6036,155593,8893,256022,8054,411615,California
San Francisco,2021-04-08,9181,652761,3732,395045,2572,230028,2877,27688,2646,154590,6513,262535,5510,417125,California
San Joaquin,2020-12-15,12,12,12,12,0,0,0,0,12,12,0,0,12,12,California
San Joaquin,2020-12-16,437,449,437,449,0,0,0,0,437,449,0,0,437,449,California
San Joaquin,2020-12-17,385,834,385,834,0,0,0,0,385,834,0,0,385,834,California
San Joaquin,2020-12-18,572,1406,546,1380,26,26,0,0,572,1406,0,0,572,1406,California
San Joaquin,2020-12-19,199,1605,199,1579,0,26,0,0,199,1605,0,0,199,1605,California
San Joaquin,2020-12-20,113,1718,112,1691,1,27,0,0,113,1718,0,0,113,1718,California
San Joaquin,2020-12-21,554,2272,550,2241,4,31,0,0,554,2272,0,0,554,2272,California
San Joaquin,2020-12-22,1054,3326,895,3136,159,190,0,0,1053,3325,0,0,1053,3325,California
San Joaquin,2020-12-23,1025,4351,958,4094,67,257,0,0,1023,4348,0,0,1023,4348,California
San Joaquin,2020-12-24,221,4572,193,4287,28,285,0,0,220,4568,0,0,220,4568,California
San Joaquin,2020-12-25,14,4586,14,4301,0,285,0,0,14,4582,0,0,14,4582,California
San Joaquin,2020-12-26,101,4687,29,4330,72,357,0,0,101,4683,0,0,101,4683,California
San Joaquin,2020-12-27,40,4727,29,4359,11,368,0,0,40,4723,0,0,40,4723,California
San Joaquin,2020-12-28,649,5376,443,4802,206,574,0,0,649,5372,0,0,649,5372,California
San Joaquin,2020-12-29,876,6252,739,5541,137,711,0,0,876,6248,0,0,876,6248,California
San Joaquin,2020-12-30,1054,7306,747,6288,307,1018,0,0,1053,7301,0,0,1053,7301,California
San Joaquin,2020-12-31,449,7755,200,6488,249,1267,0,0,450,7751,0,0,450,7751,California
San Joaquin,2021-01-01,17,7772,10,6498,7,1274,0,0,17,7768,0,0,17,7768,California
San Joaquin,2021-01-02,254,8026,233,6731,21,1295,0,0,253,8021,0,0,253,8021,California
San Joaquin,2021-01-03,36,8062,19,6750,17,1312,0,0,35,8055,1,1,35,8056,California
San Joaquin,2021-01-04,483,8545,341,7091,142,1454,0,0,480,8535,0,1,480,8536,California
San Joaquin,2021-01-05,1041,9586,710,7801,331,1785,0,0,820,9169,222,223,856,9392,California
San Joaquin,2021-01-06,1307,10893,787,8588,520,2305,0,0,941,9754,359,582,944,10336,California
San Joaquin,2021-01-07,1132,12025,723,9311,409,2714,0,0,808,10243,320,902,809,11145,California
San Joaquin,2021-01-08,1334,13359,944,10255,390,3104,0,0,802,10518,528,1430,803,11948,California
San Joaquin,2021-01-09,378,13737,301,10556,77,3181,0,0,248,10636,130,1560,248,12196,California
San Joaquin,2021-01-10,220,13957,114,10670,106,3287,0,0,168,10752,52,1612,168,12364,California
San Joaquin,2021-01-11,1581,15538,1376,12046,205,3492,0,0,901,11001,679,2291,928,13292,California
San Joaquin,2021-01-12,1507,17045,1070,13116,437,3929,0,0,756,11016,749,3040,764,14056,California
San Joaquin,2021-01-13,1506,18551,850,13966,656,4585,0,0,979,11470,528,3568,982,15038,California
San Joaquin,2021-01-14,1605,20156,904,14870,701,5286,0,0,1245,12392,329,3897,1251,16289,California
San Joaquin,2021-01-15,1595,21751,667,15537,928,6214,0,0,1353,13525,222,4119,1355,17644,California
San Joaquin,2021-01-16,1172,22923,191,15728,981,7195,0,0,1148,14649,24,4143,1148,18792,California
San Joaquin,2021-01-17,1650,24573,129,15857,1521,8716,0,0,1617,16235,33,4176,1619,20411,California
San Joaquin,2021-01-18,762,25335,234,16091,528,9244,0,0,645,16767,113,4289,645,21056,California
San Joaquin,2021-01-19,1899,27234,892,16983,1007,10251,0,0,1196,17269,699,4988,1201,22257,California
San Joaquin,2021-01-20,2147,29381,1319,18302,828,11079,0,0,1465,18059,680,5668,1470,23727,California
San Joaquin,2021-01-21,2047,31428,939,19241,1108,12187,0,0,1624,19270,418,6086,1629,25356,California
San Joaquin,2021-01-22,2030,33458,966,20207,1064,13251,0,0,1888,21022,139,6225,1891,27247,California
San Joaquin,2021-01-23,931,34389,401,20608,530,13781,0,0,654,21402,276,6501,656,27903,California
San Joaquin,2021-01-24,332,34721,130,20738,202,13983,0,0,313,21698,17,6518,313,28216,California
San Joaquin,2021-01-25,2038,36759,1174,21912,864,14847,0,0,1461,22588,575,7093,1465,29681,California
San Joaquin,2021-01-26,2218,38977,1164,23076,1054,15901,0,0,1577,23531,638,7731,1581,31262,California
San Joaquin,2021-01-27,1811,40788,823,23899,988,16889,0,0,1298,24325,510,8241,1304,32566,California
San Joaquin,2021-01-28,2144,42932,858,24757,1286,18175,0,0,1457,25100,685,8926,1460,34026,California
San Joaquin,2021-01-29,2254,45186,1138,25895,1116,19291,0,0,1882,26622,367,9293,1889,35915,California
San Joaquin,2021-01-30,2396,47582,344,26239,2052,21343,0,0,2206,28659,171,9464,2208,38123,California
San Joaquin,2021-01-31,1569,49151,175,26414,1394,22737,0,0,1501,30108,53,9517,1502,39625,California
San Joaquin,2021-02-01,2618,51769,1412,27826,1206,23943,0,0,1849,31192,767,10284,1851,41476,California
San Joaquin,2021-02-02,2684,54453,1239,29065,1445,25388,0,0,2054,32677,573,10857,2058,43534,California
San Joaquin,2021-02-03,3176,57629,1307,30372,1869,27257,0,0,2287,34083,885,11742,2291,45825,California
San Joaquin,2021-02-04,3540,61169,1805,32177,1735,28992,0,0,2730,36007,808,12550,2732,48557,California
San Joaquin,2021-02-05,3356,64525,1958,34135,1398,30390,0,0,2490,37636,864,13414,2493,51050,California
San Joaquin,2021-02-06,1138,65663,791,34926,347,30737,0,0,965,38432,171,13585,967,52017,California
San Joaquin,2021-02-07,608,66271,483,35409,125,30862,0,0,412,38655,189,13774,412,52429,California
San Joaquin,2021-02-08,1809,68080,1061,36470,748,31610,0,0,1494,39846,307,14081,1498,53927,California
San Joaquin,2021-02-09,2082,70162,1170,37640,912,32522,0,0,1628,41021,454,14535,1629,55556,California
San Joaquin,2021-02-10,2649,72811,1300,38940,1349,33871,0,0,1384,41166,1239,15774,1384,56940,California
San Joaquin,2021-02-11,2945,75756,1559,40499,1386,35257,0,0,1791,41824,1138,16912,1796,58736,California
San Joaquin,2021-02-12,2850,78606,1196,41695,1654,36911,0,0,1688,42357,1159,18071,1692,60428,California
San Joaquin,2021-02-13,2121,80727,398,42093,1723,38634,0,0,848,41947,1264,19335,854,61282,California
San Joaquin,2021-02-14,1890,82617,258,42351,1632,40266,0,0,682,41436,1194,20529,683,61965,California
San Joaquin,2021-02-15,1966,84583,827,43178,1139,41405,0,0,1197,41890,747,21276,1201,63166,California
San Joaquin,2021-02-16,3186,87769,1452,44630,1734,43139,0,0,1736,42191,1440,22716,1741,64907,California
San Joaquin,2021-02-17,3402,91171,1366,45996,2036,45175,0,0,1938,42682,1451,24167,1942,66849,California
San Joaquin,2021-02-18,3515,94686,1493,47489,2022,47197,0,0,2010,43217,1482,25649,2017,68866,California
San Joaquin,2021-02-19,4691,99377,2777,50266,1914,49111,0,0,2817,44196,1840,27489,2819,71685,California
San Joaquin,2021-02-20,1660,101037,641,50907,1019,50130,0,0,1154,44844,506,27995,1154,72839,California
San Joaquin,2021-02-21,624,101661,468,51375,156,50286,0,0,401,45022,224,28219,402,73241,California
San Joaquin,2021-02-22,4121,105782,3048,54423,1073,51359,0,0,3077,47088,1016,29235,3082,76323,California
San Joaquin,2021-02-23,4881,110663,3276,57699,1605,52964,0,0,3282,48800,1576,30811,3288,79611,California
San Joaquin,2021-02-24,6699,117362,4293,61992,2406,55370,0,0,5014,52151,1667,32478,5018,84629,California
San Joaquin,2021-02-25,7154,124516,4776,66768,2378,57748,0,0,4877,54787,2251,34729,4887,89516,California
San Joaquin,2021-02-26,6003,130519,3369,70137,2634,60382,0,0,4244,57308,1731,36460,4252,93768,California
San Joaquin,2021-02-27,5592,136111,1609,71746,3983,64365,0,0,2642,57050,2914,39374,2656,96424,California
San Joaquin,2021-02-28,3027,139138,1087,72833,1940,66305,0,0,1997,58031,1019,40393,2000,98424,California
San Joaquin,2021-03-01,4126,143264,1808,74641,2318,68623,0,0,2322,58572,1790,42183,2331,100755,California
San Joaquin,2021-03-02,4186,147450,1680,76321,2506,71129,0,0,2605,59671,1567,43750,2666,103421,California
San Joaquin,2021-03-03,6226,153676,3921,80242,2303,73432,2,2,4594,62650,1615,45365,4594,108015,California
San Joaquin,2021-03-04,5279,158955,2464,82706,2814,76246,1,3,3207,63880,1983,47348,3213,111228,California
San Joaquin,2021-03-05,4491,163446,1951,84657,2538,78784,2,5,3064,65530,1417,48765,3067,114295,California
San Joaquin,2021-03-06,3579,167025,2457,87114,993,79777,129,134,2994,68070,586,49351,3126,117421,California
San Joaquin,2021-03-07,1218,168243,548,87662,627,80404,43,177,946,68788,257,49608,975,118396,California
San Joaquin,2021-03-08,3125,171368,1245,88907,1759,82163,121,298,2113,70015,1006,50614,2233,120629,California
San Joaquin,2021-03-09,4124,175492,1863,90770,2134,84297,127,425,2722,71473,1392,52006,2850,123479,California
San Joaquin,2021-03-10,4912,180404,2660,93430,2114,86411,138,563,3646,74000,1257,53263,3784,127263,California
San Joaquin,2021-03-11,5045,185449,2420,95850,2035,88446,590,1153,2936,75429,2101,55364,3530,130793,California
San Joaquin,2021-03-12,6641,192090,3528,99378,2791,91237,322,1475,4222,77570,2404,57768,4545,135338,California
San Joaquin,2021-03-13,3138,195228,1572,100950,1442,92679,124,1599,2397,79360,736,58504,2526,137864,California
San Joaquin,2021-03-14,2138,197366,666,101616,1172,93851,300,1899,1035,79598,1101,59605,1339,139203,California
San Joaquin,2021-03-15,6629,203995,4082,105698,2151,96002,396,2295,3309,80014,3305,62910,3721,142924,California
San Joaquin,2021-03-16,7671,211666,4714,110412,2710,98712,247,2542,4300,81211,3360,66270,4557,147481,California
San Joaquin,2021-03-17,8844,220510,5768,116180,3002,101714,74,2616,4654,81778,4172,70442,4739,152220,California
San Joaquin,2021-03-18,8537,229047,5408,121588,2623,104337,506,3122,3893,81570,4611,75053,4403,156623,California
San Joaquin,2021-03-19,8472,237519,5085,126673,2847,107184,540,3662,4873,83450,3579,78632,5459,162082,California
San Joaquin,2021-03-20,3775,241294,2104,128777,1431,108615,240,3902,1871,83682,1891,80523,2123,164205,California
San Joaquin,2021-03-21,2312,243606,1679,130456,427,109042,206,4108,1412,84448,896,81419,1662,165867,California
San Joaquin,2021-03-22,4300,247906,2349,132805,1537,110579,414,4522,2693,85965,1597,83016,3114,168981,California
San Joaquin,2021-03-23,5590,253496,2865,135670,2561,113140,164,4686,3968,88490,1610,84626,4135,173116,California
San Joaquin,2021-03-24,7419,260915,4781,140451,2552,115692,86,4772,3232,87642,4174,88800,3326,176442,California
San Joaquin,2021-03-25,5822,266737,3549,144000,2236,117928,37,4809,3581,89043,2223,91023,3624,180066,California
San Joaquin,2021-03-26,6310,273047,2637,146637,3527,121455,146,4955,3357,89642,2925,93948,3524,183590,California
San Joaquin,2021-03-27,5016,278063,2846,149483,2129,123584,41,4996,2013,88723,2986,96934,2067,185657,California
San Joaquin,2021-03-28,2985,281048,2081,151564,879,124463,25,5021,1596,89055,1376,98310,1708,187365,California
San Joaquin,2021-03-29,4137,285185,2295,153859,1820,126283,22,5043,2178,89334,1948,100258,2227,189592,California
San Joaquin,2021-03-30,6384,291569,3387,157246,2963,129246,34,5077,3753,90529,2619,102877,3814,193406,California
San Joaquin,2021-03-31,6432,298001,3976,161222,2399,131645,57,5134,3367,90926,3055,105932,3452,196858,California
San Joaquin,2021-04-01,6055,304056,2901,164123,3080,134725,74,5208,3665,92353,2384,108316,3811,200669,California
San Joaquin,2021-04-02,5262,309318,2180,166303,2612,137337,470,5678,2433,92487,2813,111129,2947,203616,California
San Joaquin,2021-04-03,3904,313222,2118,168421,1482,138819,304,5982,1766,92439,2129,113258,2081,205697,California
San Joaquin,2021-04-04,1670,314892,772,169193,715,139534,183,6165,1006,92970,660,113918,1191,206888,California
San Joaquin,2021-04-05,3877,318769,2287,171480,1453,140987,137,6302,2169,93586,1704,115622,2320,209208,California
San Joaquin,2021-04-06,5919,324688,3956,175436,1734,142721,229,6531,3201,94324,2707,118329,3445,212653,California
San Joaquin,2021-04-07,5800,330488,2214,177650,2235,144956,1351,7882,2367,94639,3424,121753,3739,216392,California
San Joaquin,2021-04-08,4671,335159,1823,179473,1072,146028,1776,9658,1644,95041,3022,124775,3424,219816,California
San Luis Obispo,2020-12-16,4,4,4,4,0,0,0,0,4,4,0,0,4,4,California
San Luis Obispo,2020-12-17,196,200,196,200,0,0,0,0,196,200,0,0,196,200,California
San Luis Obispo,2020-12-18,224,424,224,424,0,0,0,0,224,424,0,0,224,424,California
San Luis Obispo,2020-12-19,162,586,162,586,0,0,0,0,162,586,0,0,162,586,California
San Luis Obispo,2020-12-20,215,801,215,801,0,0,0,0,215,801,0,0,215,801,California
San Luis Obispo,2020-12-21,550,1351,550,1351,0,0,0,0,550,1351,0,0,550,1351,California
San Luis Obispo,2020-12-22,307,1658,303,1654,4,4,0,0,307,1658,0,0,307,1658,California
San Luis Obispo,2020-12-23,681,2339,368,2022,313,317,0,0,681,2339,0,0,681,2339,California
San Luis Obispo,2020-12-24,195,2534,19,2041,176,493,0,0,195,2534,0,0,195,2534,California
San Luis Obispo,2020-12-25,2,2536,1,2042,1,494,0,0,2,2536,0,0,2,2536,California
San Luis Obispo,2020-12-26,90,2626,12,2054,78,572,0,0,90,2626,0,0,90,2626,California
San Luis Obispo,2020-12-27,76,2702,0,2054,76,648,0,0,76,2702,0,0,76,2702,California
San Luis Obispo,2020-12-28,879,3581,430,2484,449,1097,0,0,879,3581,0,0,879,3581,California
San Luis Obispo,2020-12-29,903,4484,502,2986,401,1498,0,0,903,4484,0,0,903,4484,California
San Luis Obispo,2020-12-30,1174,5658,681,3667,493,1991,0,0,1174,5658,0,0,1174,5658,California
San Luis Obispo,2020-12-31,106,5764,4,3671,102,2093,0,0,106,5764,0,0,106,5764,California
San Luis Obispo,2021-01-01,11,5775,7,3678,4,2097,0,0,11,5775,0,0,11,5775,California
San Luis Obispo,2021-01-02,33,5808,8,3686,25,2122,0,0,33,5808,0,0,33,5808,California
San Luis Obispo,2021-01-03,16,5824,6,3692,10,2132,0,0,16,5824,0,0,16,5824,California
San Luis Obispo,2021-01-04,675,6499,524,4216,151,2283,0,0,675,6499,0,0,675,6499,California
San Luis Obispo,2021-01-05,976,7475,758,4974,218,2501,0,0,974,7471,2,2,974,7473,California
San Luis Obispo,2021-01-06,727,8202,482,5456,245,2746,0,0,719,8183,7,9,719,8192,California
San Luis Obispo,2021-01-07,1128,9330,950,6406,178,2924,0,0,686,8427,442,451,686,8878,California
San Luis Obispo,2021-01-08,881,10211,805,7211,76,3000,0,0,512,8571,368,819,512,9390,California
San Luis Obispo,2021-01-09,205,10416,196,7407,9,3009,0,0,28,8422,177,996,28,9418,California
San Luis Obispo,2021-01-10,12,10428,8,7415,4,3013,0,0,8,8426,4,1000,8,9426,California
San Luis Obispo,2021-01-11,524,10952,474,7889,50,3063,0,0,263,8429,260,1260,263,9689,California
San Luis Obispo,2021-01-12,598,11550,380,8269,218,3281,0,0,320,8471,278,1538,320,10009,California
San Luis Obispo,2021-01-13,880,12430,253,8522,627,3908,0,0,642,8877,236,1774,642,10651,California
San Luis Obispo,2021-01-14,729,13159,243,8765,486,4394,0,0,604,9369,112,1886,604,11255,California
San Luis Obispo,2021-01-15,730,13889,288,9053,442,4836,0,0,554,9752,171,2057,554,11809,California
San Luis Obispo,2021-01-16,99,13988,81,9134,18,4854,0,0,94,9841,5,2062,94,11903,California
San Luis Obispo,2021-01-17,66,14054,60,9194,6,4860,0,0,66,9907,0,2062,66,11969,California
San Luis Obispo,2021-01-18,1372,15426,389,9583,983,5843,0,0,1110,10755,262,2324,1110,13079,California
San Luis Obispo,2021-01-19,1584,17010,418,10001,1166,7009,0,0,1177,11525,407,2731,1177,14256,California
San Luis Obispo,2021-01-20,1880,18890,595,10596,1285,8294,0,0,1290,12228,588,3319,1291,15547,California
San Luis Obispo,2021-01-21,1571,20461,466,11062,1105,9399,0,0,1197,13056,370,3689,1198,16745,California
San Luis Obispo,2021-01-22,1520,21981,508,11570,1012,10411,0,0,1205,13948,313,4002,1205,17950,California
San Luis Obispo,2021-01-23,310,22291,292,11862,18,10429,0,0,294,14226,16,4018,294,18244,California
San Luis Obispo,2021-01-24,242,22533,236,12098,6,10435,0,0,236,14456,6,4024,236,18480,California
San Luis Obispo,2021-01-25,2072,24605,607,12705,1465,11900,0,0,1245,14874,827,4851,1245,19725,California
San Luis Obispo,2021-01-26,2004,26609,703,13408,1301,13201,0,0,1137,15145,866,5717,1137,20862,California
San Luis Obispo,2021-01-27,1612,28221,282,13690,1330,14531,0,0,1150,15833,462,6179,1150,22012,California
San Luis Obispo,2021-01-28,1477,29698,334,14024,1143,15674,0,0,1216,16789,260,6439,1216,23228,California
San Luis Obispo,2021-01-29,1730,31428,677,14701,1053,16727,0,0,1446,17951,284,6723,1446,24674,California
San Luis Obispo,2021-01-30,37,31465,18,14719,19,16746,0,0,26,17967,10,6733,26,24700,California
San Luis Obispo,2021-01-31,26,31491,20,14739,6,16752,0,0,23,17987,3,6736,23,24723,California
San Luis Obispo,2021-02-01,1662,33153,703,15442,959,17711,0,0,1393,19112,268,7004,1393,26116,California
San Luis Obispo,2021-02-02,1893,35046,675,16117,1218,18929,0,0,1519,20257,374,7378,1519,27635,California
San Luis Obispo,2021-02-03,1699,36745,727,16844,972,19901,0,0,1288,21134,411,7789,1288,28923,California
San Luis Obispo,2021-02-04,1654,38399,799,17643,855,20756,0,0,1088,21656,566,8355,1088,30011,California
San Luis Obispo,2021-02-05,1596,39995,718,18361,878,21634,0,0,1053,22166,544,8899,1054,31065,California
San Luis Obispo,2021-02-06,160,40155,93,18454,67,21701,0,0,94,22194,66,8965,94,31159,California
San Luis Obispo,2021-02-07,143,40298,98,18552,45,21746,0,0,73,22198,70,9035,74,31233,California
San Luis Obispo,2021-02-08,854,41152,469,19021,385,22131,0,0,496,22337,357,9392,496,31729,California
San Luis Obispo,2021-02-09,1123,42275,447,19468,676,22807,0,0,541,22309,576,9968,548,32277,California
San Luis Obispo,2021-02-10,1423,43698,485,19953,938,23745,0,0,520,21932,900,10868,523,32800,California
San Luis Obispo,2021-02-11,1329,45027,843,20796,486,24231,0,0,655,21916,671,11539,655,33455,California
San Luis Obispo,2021-02-12,777,45804,362,21158,415,24646,0,0,413,21964,365,11904,413,33868,California
San Luis Obispo,2021-02-13,386,46190,124,21282,262,24908,0,0,280,22139,105,12009,280,34148,California
San Luis Obispo,2021-02-14,316,46506,42,21324,274,25182,0,0,279,22382,37,12046,280,34428,California
San Luis Obispo,2021-02-15,710,47216,137,21461,573,25755,0,0,458,22591,249,12295,458,34886,California
San Luis Obispo,2021-02-16,2961,50177,1194,22655,1767,27522,0,0,1359,22354,1596,13891,1359,36245,California
San Luis Obispo,2021-02-17,2768,52945,1237,23892,1531,29053,0,0,1026,21645,1735,15626,1026,37271,California
San Luis Obispo,2021-02-18,2810,55755,1446,25338,1364,30417,0,0,1121,21086,1681,17307,1122,38393,California
San Luis Obispo,2021-02-19,1450,57205,1332,26670,118,30535,0,0,1129,21895,320,17627,1129,39522,California
San Luis Obispo,2021-02-20,247,57452,79,26749,168,30703,0,0,212,22072,35,17662,212,39734,California
San Luis Obispo,2021-02-21,48,57500,45,26794,3,30706,0,0,29,22082,19,17681,29,39763,California
San Luis Obispo,2021-02-22,2402,59902,1858,28652,544,31250,0,0,1461,22603,941,18622,1462,41225,California
San Luis Obispo,2021-02-23,1854,61756,1741,30393,113,31363,0,0,1366,23482,487,19109,1366,42591,California
San Luis Obispo,2021-02-24,2641,64397,1297,31690,1344,32707,0,0,834,22511,1805,20914,834,43425,California
San Luis Obispo,2021-02-25,2120,66517,1237,32927,883,33590,0,0,1202,22803,911,21825,1203,44628,California
San Luis Obispo,2021-02-26,2611,69128,1132,34059,1479,35069,0,0,1307,22810,1300,23125,1307,45935,California
San Luis Obispo,2021-02-27,567,69695,344,34403,223,35292,0,0,520,23283,47,23172,520,46455,California
San Luis Obispo,2021-02-28,196,69891,74,34477,122,35414,0,0,164,23419,28,23200,164,46619,California
San Luis Obispo,2021-03-01,2951,72842,1838,36315,1112,36526,1,1,2034,24538,917,24117,2036,48655,California
San Luis Obispo,2021-03-02,2943,75785,1855,38170,1088,37614,0,1,1827,25252,1114,25231,1828,50483,California
San Luis Obispo,2021-03-03,2236,78021,325,38495,1911,39525,0,1,796,24615,1436,26667,799,51282,California
San Luis Obispo,2021-03-04,2157,80178,1140,39635,1017,40542,0,1,1161,24784,994,27661,1163,52445,California
San Luis Obispo,2021-03-05,2286,82464,1013,40648,1203,41745,70,71,1283,25148,989,28650,1353,53798,California
San Luis Obispo,2021-03-06,806,83270,296,40944,415,42160,95,166,600,25631,206,28856,689,54487,California
San Luis Obispo,2021-03-07,198,83468,31,40975,83,42243,84,250,69,25657,128,28984,154,54641,California
San Luis Obispo,2021-03-08,2721,86189,752,41727,1655,43898,314,564,1538,26328,1181,30165,1852,56493,California
San Luis Obispo,2021-03-09,2906,89095,952,42679,1718,45616,236,800,1507,26676,1396,31561,1744,58237,California
San Luis Obispo,2021-03-10,3155,92250,1240,43919,1646,47262,269,1069,1796,27384,1357,32918,2065,60302,California
San Luis Obispo,2021-03-11,3040,95290,1263,45182,1476,48738,301,1370,1665,27979,1370,34288,1965,62267,California
San Luis Obispo,2021-03-12,3082,98372,1277,46459,1462,50200,343,1713,1498,28246,1577,35865,1844,64111,California
San Luis Obispo,2021-03-13,751,99123,254,46713,389,50589,108,1821,421,28444,330,36195,528,64639,California
San Luis Obispo,2021-03-14,510,99633,54,46767,345,50934,111,1932,137,28319,373,36568,248,64887,California
San Luis Obispo,2021-03-15,3045,102678,1096,47863,1852,52786,97,2029,1528,28430,1514,38082,1625,66512,California
San Luis Obispo,2021-03-16,2808,105486,1498,49361,1211,53997,99,2128,1429,28583,1374,39456,1527,68039,California
San Luis Obispo,2021-03-17,3393,108879,1450,50811,1683,55680,260,2388,1955,29365,1433,40889,2215,70254,California
San Luis Obispo,2021-03-18,2694,111573,1438,52249,1062,56742,194,2582,1250,29366,1443,42332,1444,71698,California
San Luis Obispo,2021-03-19,2555,114128,1562,53811,671,57413,322,2904,939,29016,1613,43945,1263,72961,California
San Luis Obispo,2021-03-20,825,114953,494,54305,295,57708,36,2940,378,28984,446,44391,414,73375,California
San Luis Obispo,2021-03-21,180,115133,42,54347,135,57843,3,2943,152,29111,28,44419,155,73530,California
San Luis Obispo,2021-03-22,2673,117806,1169,55516,1457,59300,47,2990,1860,30207,811,45230,1907,75437,California
San Luis Obispo,2021-03-23,3352,121158,2212,57728,1123,60423,17,3007,2261,31398,1087,46317,2278,77715,California
San Luis Obispo,2021-03-24,3388,124546,2075,59803,1243,61666,70,3077,2548,33180,836,47153,2618,80333,California
San Luis Obispo,2021-03-25,3573,128119,2278,62081,1284,62950,11,3088,2565,34749,1007,48160,2576,82909,California
San Luis Obispo,2021-03-26,3096,131215,1743,63824,932,63882,421,3509,1730,35538,1362,49522,2151,85060,California
San Luis Obispo,2021-03-27,984,132199,503,64327,385,64267,96,3605,454,35559,529,50051,550,85610,California
San Luis Obispo,2021-03-28,442,132641,152,64479,234,64501,56,3661,244,35661,198,50249,300,85910,California
San Luis Obispo,2021-03-29,2576,135217,1274,65753,1168,65669,134,3795,1657,36544,908,51157,1791,87701,California
San Luis Obispo,2021-03-30,3493,138710,1907,67660,1443,67112,143,3938,2349,37893,1141,52298,2490,90191,California
San Luis Obispo,2021-03-31,3801,142511,2444,70104,1214,68326,143,4081,2462,39168,1330,53628,2605,92796,California
San Luis Obispo,2021-04-01,3773,146284,2410,72514,1280,69606,83,4164,2679,40842,1087,54715,2761,95557,California
San Luis Obispo,2021-04-02,1697,147981,678,73192,717,70323,302,4466,915,41277,782,55497,1217,96774,California
San Luis Obispo,2021-04-03,1076,149057,551,73743,407,70730,118,4584,475,41274,596,56093,593,97367,California
San Luis Obispo,2021-04-04,377,149434,130,73873,208,70938,39,4623,231,41398,146,56239,270,97637,California
San Luis Obispo,2021-04-05,3563,152997,1943,75816,1519,72457,101,4724,2045,42026,1517,57756,2145,99782,California
San Luis Obispo,2021-04-06,3970,156967,2146,77962,1536,73993,288,5012,1948,42249,2014,59770,2237,102019,California
San Luis Obispo,2021-04-07,2532,159499,1062,79024,1229,75222,241,5253,1300,42563,1225,60995,1539,103558,California
San Luis Obispo,2021-04-08,611,160110,76,79100,455,75677,80,5333,212,42458,397,61392,292,103850,California
San Mateo,2020-12-15,25,25,25,25,0,0,0,0,25,25,0,0,25,25,California
San Mateo,2020-12-16,107,132,107,132,0,0,0,0,107,132,0,0,107,132,California
San Mateo,2020-12-17,161,293,161,293,0,0,0,0,161,293,0,0,161,293,California
San Mateo,2020-12-18,741,1034,739,1032,2,2,0,0,740,1032,1,1,740,1033,California
San Mateo,2020-12-19,508,1542,508,1540,0,2,0,0,508,1540,0,1,508,1541,California
San Mateo,2020-12-20,508,2050,507,2047,1,3,0,0,508,2048,0,1,508,2049,California
San Mateo,2020-12-21,1151,3201,1151,3198,0,3,0,0,1151,3199,0,1,1151,3200,California
San Mateo,2020-12-22,1512,4713,1505,4703,7,10,0,0,1512,4711,0,1,1512,4712,California
San Mateo,2020-12-23,1573,6286,1387,6090,186,196,0,0,1573,6284,0,1,1573,6285,California
San Mateo,2020-12-24,867,7153,610,6700,257,453,0,0,867,7151,0,1,867,7152,California
San Mateo,2020-12-25,114,7267,110,6810,4,457,0,0,114,7265,0,1,114,7266,California
San Mateo,2020-12-26,560,7827,417,7227,143,600,0,0,560,7825,0,1,560,7826,California
San Mateo,2020-12-27,305,8132,175,7402,130,730,0,0,305,8130,0,1,305,8131,California
San Mateo,2020-12-28,1048,9180,702,8104,346,1076,0,0,1048,9178,0,1,1048,9179,California
San Mateo,2020-12-29,1125,10305,704,8808,421,1497,0,0,1125,10303,0,1,1125,10304,California
San Mateo,2020-12-30,1264,11569,763,9571,501,1998,0,0,1264,11567,0,1,1264,11568,California
San Mateo,2020-12-31,718,12287,233,9804,485,2483,0,0,717,12283,1,2,717,12285,California
San Mateo,2021-01-01,35,12322,30,9834,5,2488,0,0,35,12318,0,2,35,12320,California
San Mateo,2021-01-02,397,12719,268,10102,129,2617,0,0,397,12715,0,2,397,12717,California
San Mateo,2021-01-03,283,13002,208,10310,75,2692,0,0,280,12992,3,5,280,12997,California
San Mateo,2021-01-04,1054,14056,681,10991,373,3065,0,0,1054,14046,0,5,1054,14051,California
San Mateo,2021-01-05,1193,15249,703,11694,490,3555,0,0,1165,15184,28,33,1166,15217,California
San Mateo,2021-01-06,1443,16692,947,12641,496,4051,0,0,1265,16275,175,208,1266,16483,California
San Mateo,2021-01-07,1447,18139,803,13444,644,4695,0,0,1162,17160,278,486,1163,17646,California
San Mateo,2021-01-08,1834,19973,1188,14632,646,5341,0,0,1136,17606,691,1177,1137,18783,California
San Mateo,2021-01-09,1174,21147,773,15405,401,5742,0,0,720,17872,454,1631,720,19503,California
San Mateo,2021-01-10,697,21844,569,15974,128,5870,0,0,262,17699,435,2066,262,19765,California
San Mateo,2021-01-11,2580,24424,1477,17451,1103,6973,0,0,1522,18163,1059,3125,1523,21288,California
San Mateo,2021-01-12,3276,27700,1771,19222,1505,8478,0,0,2095,19081,1179,4304,2097,23385,California
San Mateo,2021-01-13,3465,31165,1747,20969,1718,10196,0,0,2433,20485,1032,5336,2436,25821,California
San Mateo,2021-01-14,3771,34936,1579,22548,2192,12388,0,0,3086,22892,685,6021,3092,28913,California
San Mateo,2021-01-15,4320,39256,1709,24257,2611,14999,0,0,3794,26163,524,6545,3795,32708,California
San Mateo,2021-01-16,3071,42327,774,25031,2297,17296,0,0,2752,28596,319,6864,2752,35460,California
San Mateo,2021-01-17,1309,43636,309,25340,1000,18296,0,0,1101,29489,208,7072,1101,36561,California
San Mateo,2021-01-18,1361,44997,530,25870,831,19127,0,0,988,30111,370,7442,992,37553,California
San Mateo,2021-01-19,2796,47793,1781,27651,1015,20142,0,0,2007,31331,787,8229,2007,39560,California
San Mateo,2021-01-20,2653,50446,1403,29054,1250,21392,0,0,1806,32294,844,9073,1807,41367,California
San Mateo,2021-01-21,2820,53266,1280,30334,1540,22932,0,0,2239,33956,580,9653,2242,43609,California
San Mateo,2021-01-22,2793,56059,1129,31463,1664,24596,0,0,2494,36154,297,9950,2495,46104,California
San Mateo,2021-01-23,2879,58938,1686,33149,1193,25789,0,0,2518,38312,361,10311,2519,48623,California
San Mateo,2021-01-24,1522,60460,375,33524,1147,26936,0,0,1212,39215,309,10620,1212,49835,California
San Mateo,2021-01-25,4424,64884,3145,36669,1279,28215,0,0,3532,41859,890,11510,3534,53369,California
San Mateo,2021-01-26,4284,69168,2980,39649,1304,29519,0,0,3385,44346,898,12408,3385,56754,California
San Mateo,2021-01-27,2771,71939,1456,41105,1315,30834,0,0,1781,45144,984,13392,1782,58536,California
San Mateo,2021-01-28,2780,74719,1342,42447,1438,32272,0,0,1936,46251,829,14221,1936,60472,California
San Mateo,2021-01-29,2967,77686,1327,43774,1640,33912,0,0,2138,47566,826,15047,2141,62613,California
San Mateo,2021-01-30,3370,81056,1472,45246,1898,35810,0,0,2914,50026,455,15502,2915,65528,California
San Mateo,2021-01-31,1684,82740,898,46144,786,36596,0,0,1522,51388,160,15662,1522,67050,California
San Mateo,2021-02-01,2914,85654,1337,47481,1577,38173,0,0,2208,52894,703,16365,2209,69259,California
San Mateo,2021-02-02,3158,88812,1725,49206,1433,39606,0,0,2149,54037,1006,17371,2149,71408,California
San Mateo,2021-02-03,4869,93681,1941,51147,2928,42534,0,0,3821,56814,1045,18416,3822,75230,California
San Mateo,2021-02-04,6270,99951,2579,53726,3691,46225,0,0,4918,60389,1346,19762,4921,80151,California
San Mateo,2021-02-05,6777,106728,2548,56274,4229,50454,0,0,4952,63533,1809,21571,4953,85104,California
San Mateo,2021-02-06,3281,110009,1919,58193,1362,51816,0,0,2619,65496,661,22232,2624,87728,California
San Mateo,2021-02-07,1895,111904,1342,59535,553,52369,0,0,1708,67018,187,22419,1709,89437,California
San Mateo,2021-02-08,5271,117175,2242,61777,3029,55398,0,0,3101,68012,2107,24526,3101,92538,California
San Mateo,2021-02-09,6163,123338,3215,64992,2948,58346,0,0,3331,68515,2828,27354,3331,95869,California
San Mateo,2021-02-10,6485,129823,3271,68263,3214,61560,0,0,3536,69111,2940,30294,3536,99405,California
San Mateo,2021-02-11,7016,136839,3563,71826,3453,65013,0,0,3807,69720,3201,33495,3810,103215,California
San Mateo,2021-02-12,6604,143443,2946,74772,3658,68671,0,0,4699,72521,1901,35396,4702,107917,California
San Mateo,2021-02-13,6078,149521,3988,78760,2090,70761,0,0,2636,71719,3438,38834,2636,110553,California
San Mateo,2021-02-14,4627,154148,3014,81774,1613,72374,0,0,1978,71052,2646,41480,1979,112532,California
San Mateo,2021-02-15,3156,157304,1454,83228,1702,74076,0,0,1785,71470,1368,42848,1786,114318,California
San Mateo,2021-02-16,7135,164439,1867,85095,5268,79344,0,0,5273,74884,1861,44709,5275,119593,California
San Mateo,2021-02-17,7043,171482,1929,87024,5114,84458,0,0,5060,77968,1978,46687,5062,124655,California
San Mateo,2021-02-18,6670,178152,4618,91642,2052,86510,0,0,4436,80175,2231,48918,4438,129093,California
San Mateo,2021-02-19,7806,185958,5605,97247,2201,88711,0,0,5822,84019,1978,50896,5822,134915,California
San Mateo,2021-02-20,3727,189685,2410,99657,1317,90028,0,0,2308,84914,1413,52309,2308,137223,California
San Mateo,2021-02-21,2288,191973,1448,101105,840,90868,0,0,1246,85121,1040,53349,1247,138470,California
San Mateo,2021-02-22,4404,196377,3184,104289,1220,92088,0,0,2782,86287,1616,54965,2782,141252,California
San Mateo,2021-02-23,4278,200655,3039,107328,1239,93327,0,0,2482,86978,1791,56756,2482,143734,California
San Mateo,2021-02-24,7269,207924,3248,110576,4021,97348,0,0,4852,89418,2412,59168,4852,148586,California
San Mateo,2021-02-25,9042,216966,4000,114576,5042,102390,0,0,6002,92395,3025,62193,6002,154588,California
San Mateo,2021-02-26,9727,226693,3697,118273,6030,108420,0,0,6814,96309,2901,65094,6815,161403,California
San Mateo,2021-02-27,6677,233370,3411,121684,3265,111685,1,1,3632,96908,3040,68134,3639,165042,California
San Mateo,2021-02-28,4122,237492,2501,124185,1621,113306,0,1,2557,97904,1562,69696,2558,167600,California
San Mateo,2021-03-01,5619,243111,3513,127698,2106,115412,0,1,2782,97858,2828,72524,2782,170382,California
San Mateo,2021-03-02,5718,248829,3941,131639,1776,117188,1,2,3289,98732,2417,74941,3291,173673,California
San Mateo,2021-03-03,8153,256982,3827,135466,4325,121513,1,3,3479,97547,4665,79606,3480,177153,California
San Mateo,2021-03-04,8323,265305,3919,139385,4402,125915,2,5,3776,96795,4533,84139,3781,180934,California
San Mateo,2021-03-05,9026,274331,5956,145341,3067,128982,3,8,6380,100556,2626,86765,6387,187321,California
San Mateo,2021-03-06,7789,282120,5396,150737,2217,131199,176,184,5690,104329,2092,88857,5865,193186,California
San Mateo,2021-03-07,3416,285536,2264,153001,1085,132284,67,251,1957,104897,1456,90313,2024,195210,California
San Mateo,2021-03-08,4339,289875,2416,155417,1726,134010,197,448,3146,107054,1187,91500,3344,198554,California
San Mateo,2021-03-09,4497,294372,2099,157516,2128,136138,270,718,2968,108770,1522,93022,3238,201792,California
San Mateo,2021-03-10,6921,301293,2626,160142,4012,140150,283,1001,4588,111320,2321,95343,4871,206663,California
San Mateo,2021-03-11,9103,310396,5704,165846,3020,143170,379,1380,3721,110063,5357,100700,4100,210763,California
San Mateo,2021-03-12,10390,320786,6573,172419,3453,146623,364,1744,3462,106975,6915,107615,3827,214590,California
San Mateo,2021-03-13,7993,328779,3395,175814,2976,149599,1622,3366,3856,108319,4130,111745,5474,220064,California
San Mateo,2021-03-14,4905,333684,3294,179108,1505,151104,106,3472,2906,109337,1994,113739,3012,223076,California
San Mateo,2021-03-15,7084,340768,4558,183666,2352,153456,174,3646,3746,109924,3333,117072,3920,226996,California
San Mateo,2021-03-16,11832,352600,4332,187998,7378,160834,122,3768,4809,107852,7006,124078,4934,231930,California
San Mateo,2021-03-17,10712,363312,4342,192340,6246,167080,124,3892,4826,106940,5867,129945,4955,236885,California
San Mateo,2021-03-18,7155,370467,3997,196337,2975,170055,183,4075,4248,108468,2904,132849,4432,241317,California
San Mateo,2021-03-19,7307,377774,4694,201031,1949,172004,664,4739,3577,108987,3723,136572,4242,245559,California
San Mateo,2021-03-20,8200,385974,6402,207433,1473,173477,325,5064,5344,111815,2841,139413,5669,251228,California
San Mateo,2021-03-21,4121,390095,3117,210550,773,174250,231,5295,2329,112587,1783,141196,2555,253783,California
San Mateo,2021-03-22,5165,395260,3516,214066,1230,175480,419,5714,2819,113490,2335,143531,3238,257021,California
San Mateo,2021-03-23,9712,404972,4412,218478,5106,180586,194,5908,4635,113265,5055,148586,4830,261851,California
San Mateo,2021-03-24,9382,414354,5404,223882,3839,184425,139,6047,4119,112307,5214,153800,4256,266107,California
San Mateo,2021-03-25,9849,424203,4818,228700,4780,189205,251,6298,4329,111468,5421,159221,4582,270689,California
San Mateo,2021-03-26,11049,435252,7626,236326,3261,192466,162,6460,4407,109430,6607,165828,4569,275258,California
San Mateo,2021-03-27,10333,445585,7901,244227,2331,194797,101,6561,4638,108491,5675,171503,4736,279994,California
San Mateo,2021-03-28,4185,449770,2699,246926,1375,196172,111,6672,2088,108602,2089,173592,2200,282194,California
San Mateo,2021-03-29,5962,455732,3719,250645,1993,198165,250,6922,2821,108548,3125,176717,3071,285265,California
San Mateo,2021-03-30,6994,462726,3961,254606,2889,201054,144,7066,4454,110619,2528,179245,4599,289864,California
San Mateo,2021-03-31,7117,469843,4512,259118,2469,203523,136,7202,4078,111806,3027,182272,4214,294078,California
San Mateo,2021-04-01,10124,479967,4900,264018,4061,207584,1163,8365,5399,113673,4694,186966,6561,300639,California
San Mateo,2021-04-02,10437,490404,5009,269027,3869,211453,1559,9924,5508,115828,4912,191878,7067,307706,California
San Mateo,2021-04-03,9513,499917,5390,274417,2406,213859,1717,11641,4775,117592,4730,196608,6494,314200,California
San Mateo,2021-04-04,5260,505177,2519,276936,1539,215398,1202,12843,1639,116822,3611,200219,2841,317041,California
San Mateo,2021-04-05,8626,513803,4506,281442,2405,217803,1715,14558,3637,117193,4981,205200,5352,322393,California
San Mateo,2021-04-06,12637,526440,7757,289199,3031,220834,1849,16407,7064,120547,5562,210762,8916,331309,California
San Mateo,2021-04-07,10493,536933,4599,293798,4401,225235,1493,17900,4294,120146,6184,216946,5783,337092,California
San Mateo,2021-04-08,6050,542983,2866,296664,1785,227020,1399,19299,2543,120587,3500,220446,3941,341033,California
Santa Barbara,2020-12-15,2,2,2,2,0,0,0,0,2,2,0,0,2,2,California
Santa Barbara,2020-12-16,2,4,2,4,0,0,0,0,2,4,0,0,2,4,California
Santa Barbara,2020-12-17,53,57,53,57,0,0,0,0,53,57,0,0,53,57,California
Santa Barbara,2020-12-18,378,435,377,434,1,1,0,0,378,435,0,0,378,435,California
Santa Barbara,2020-12-19,325,760,325,759,0,1,0,0,325,760,0,0,325,760,California
Santa Barbara,2020-12-20,235,995,235,994,0,1,0,0,235,995,0,0,235,995,California
Santa Barbara,2020-12-21,651,1646,649,1643,2,3,0,0,651,1646,0,0,651,1646,California
Santa Barbara,2020-12-22,243,1889,241,1884,2,5,0,0,243,1889,0,0,243,1889,California
Santa Barbara,2020-12-23,320,2209,202,2086,118,123,0,0,320,2209,0,0,320,2209,California
Santa Barbara,2020-12-24,87,2296,40,2126,47,170,0,0,87,2296,0,0,87,2296,California
Santa Barbara,2020-12-26,326,2622,66,2192,260,430,0,0,326,2622,0,0,326,2622,California
Santa Barbara,2020-12-27,62,2684,1,2193,61,491,0,0,62,2684,0,0,62,2684,California
Santa Barbara,2020-12-28,353,3037,220,2413,133,624,0,0,353,3037,0,0,353,3037,California
Santa Barbara,2020-12-29,552,3589,360,2773,192,816,0,0,552,3589,0,0,552,3589,California
Santa Barbara,2020-12-30,584,4173,404,3177,180,996,0,0,584,4173,0,0,584,4173,California
Santa Barbara,2020-12-31,238,4411,112,3289,126,1122,0,0,238,4411,0,0,238,4411,California
Santa Barbara,2021-01-01,107,4518,106,3395,1,1123,0,0,107,4518,0,0,107,4518,California
Santa Barbara,2021-01-02,585,5103,223,3618,362,1485,0,0,585,5103,0,0,585,5103,California
Santa Barbara,2021-01-03,23,5126,15,3633,8,1493,0,0,23,5126,0,0,23,5126,California
Santa Barbara,2021-01-04,307,5433,244,3877,63,1556,0,0,306,5432,0,0,306,5432,California
Santa Barbara,2021-01-05,751,6184,378,4255,373,1929,0,0,724,6129,27,27,724,6156,California
Santa Barbara,2021-01-06,654,6838,274,4529,380,2309,0,0,595,6666,58,85,595,6751,California
Santa Barbara,2021-01-07,1029,7867,706,5235,323,2632,0,0,524,6689,501,586,524,7275,California
Santa Barbara,2021-01-08,1202,9069,839,6074,363,2995,0,0,708,6903,494,1080,708,7983,California
Santa Barbara,2021-01-09,567,9636,293,6367,274,3269,0,0,321,6978,246,1326,321,8304,California
Santa Barbara,2021-01-10,62,9698,50,6417,12,3281,0,0,46,7008,16,1342,46,8350,California
Santa Barbara,2021-01-11,837,10535,668,7085,169,3450,0,0,614,7400,222,1564,614,8964,California
Santa Barbara,2021-01-12,1427,11962,634,7719,793,4243,0,0,1271,8515,156,1720,1271,10235,California
Santa Barbara,2021-01-13,1226,13188,280,7999,946,5189,0,0,1100,9489,126,1846,1100,11335,California
Santa Barbara,2021-01-14,1246,14434,133,8132,1113,6302,0,0,1192,10629,53,1899,1193,12528,California
Santa Barbara,2021-01-15,1798,16232,418,8550,1380,7682,0,0,1718,12268,79,1978,1718,14246,California
Santa Barbara,2021-01-16,1273,17505,202,8752,1071,8753,0,0,1234,13464,38,2016,1234,15480,California
Santa Barbara,2021-01-17,123,17628,20,8772,103,8856,0,0,120,13581,3,2019,120,15600,California
Santa Barbara,2021-01-18,1147,18775,417,9189,730,9586,0,0,962,14358,185,2204,962,16562,California
Santa Barbara,2021-01-19,1635,20410,566,9755,1069,10655,0,0,1356,15436,278,2482,1356,17918,California
Santa Barbara,2021-01-20,1986,22396,444,10199,1542,12197,0,0,1694,16839,291,2773,1694,19612,California
Santa Barbara,2021-01-21,3085,25481,1817,12016,1268,13465,0,0,2932,19619,153,2926,2933,22545,California
Santa Barbara,2021-01-22,2998,28479,1850,13866,1148,14613,0,0,2853,22330,142,3068,2853,25398,California
Santa Barbara,2021-01-23,1734,30213,1107,14973,627,15240,0,0,1225,23047,508,3576,1225,26623,California
Santa Barbara,2021-01-24,844,31057,753,15726,91,15331,0,0,836,23875,8,3584,836,27459,California
Santa Barbara,2021-01-25,1234,32291,495,16221,739,16070,0,0,998,24637,236,3820,998,28457,California
Santa Barbara,2021-01-26,2034,34325,460,16681,1574,17644,0,0,1650,25905,382,4202,1650,30107,California
Santa Barbara,2021-01-27,1153,35478,398,17079,755,18399,0,0,898,26550,254,4456,899,31006,California
Santa Barbara,2021-01-28,887,36365,292,17371,595,18994,0,0,677,27020,207,4663,677,31683,California
Santa Barbara,2021-01-29,1333,37698,539,17910,794,19788,0,0,980,27652,350,5013,982,32665,California
Santa Barbara,2021-01-30,1889,39587,1418,19328,471,20259,0,0,1485,28737,401,5414,1486,34151,California
Santa Barbara,2021-01-31,1459,41046,1221,20549,238,20497,0,0,1420,30118,39,5453,1420,35571,California
Santa Barbara,2021-02-01,931,41977,517,21066,414,20911,0,0,544,30275,387,5840,544,36115,California
Santa Barbara,2021-02-02,1814,43791,698,21764,1116,22027,0,0,1040,30543,772,6612,1040,37155,California
Santa Barbara,2021-02-03,1942,45733,1077,22841,865,22892,0,0,1501,31613,431,7043,1501,38656,California
Santa Barbara,2021-02-04,2773,48506,1858,24699,915,23807,0,0,2478,33801,290,7333,2478,41134,California
Santa Barbara,2021-02-05,2905,51411,2059,26758,846,24653,0,0,2261,35419,643,7976,2261,43395,California
Santa Barbara,2021-02-06,1208,52619,339,27097,869,25522,0,0,797,35805,411,8387,797,44192,California
Santa Barbara,2021-02-07,298,52917,262,27359,36,25558,0,0,264,36036,33,8420,264,44456,California
Santa Barbara,2021-02-08,956,53873,312,27671,644,26202,0,0,670,36420,286,8706,670,45126,California
Santa Barbara,2021-02-09,2443,56316,315,27986,2128,28330,0,0,1123,36232,1311,10017,1123,46249,California
Santa Barbara,2021-02-10,2757,59073,1494,29480,1263,29593,0,0,802,35085,1949,11966,802,47051,California
Santa Barbara,2021-02-11,4173,63246,2802,32282,1371,30964,0,0,617,32151,3551,15517,617,47668,California
Santa Barbara,2021-02-12,3303,66549,947,33229,2356,33320,0,0,769,30391,2529,18046,769,48437,California
Santa Barbara,2021-02-13,1238,67787,341,33570,897,34217,0,0,563,30282,672,18718,563,49000,California
Santa Barbara,2021-02-14,330,68117,34,33604,296,34513,0,0,284,30520,46,18764,284,49284,California
Santa Barbara,2021-02-15,956,69073,335,33939,621,35134,0,0,489,30546,463,19227,489,49773,California
Santa Barbara,2021-02-16,2110,71183,395,34334,1715,36849,0,0,720,29880,1386,20613,720,50493,California
Santa Barbara,2021-02-17,1431,72614,317,34651,1114,37963,0,0,516,29483,913,21526,516,51009,California
Santa Barbara,2021-02-18,3251,75865,2647,37298,604,38567,0,0,1522,29310,1695,23221,1522,52531,California
Santa Barbara,2021-02-19,3603,79468,2649,39947,954,39521,0,0,2334,30378,1266,24487,2334,54865,California
Santa Barbara,2021-02-20,2223,81691,1436,41383,787,40308,0,0,1671,31506,543,25030,1671,56536,California
Santa Barbara,2021-02-21,126,81817,99,41482,27,40335,0,0,58,31496,68,25098,58,56594,California
Santa Barbara,2021-02-22,935,82752,243,41725,692,41027,0,0,261,31090,667,25765,261,56855,California
Santa Barbara,2021-02-23,3178,85930,1043,42768,2135,43162,0,0,424,28762,2752,28517,424,57279,California
Santa Barbara,2021-02-24,3189,89119,1089,43857,2100,45262,0,0,720,27022,2460,30977,720,57999,California
Santa Barbara,2021-02-25,3449,92568,1915,45772,1534,46796,0,0,986,25552,2457,33434,987,58986,California
Santa Barbara,2021-02-26,3655,96223,2172,47944,1483,48279,0,0,1977,25857,1672,35106,1977,60963,California
Santa Barbara,2021-02-27,1526,97749,562,48506,964,49243,0,0,847,26032,674,35780,849,61812,California
Santa Barbara,2021-02-28,1076,98825,216,48722,860,50103,0,0,886,26733,186,35966,887,62699,California
Santa Barbara,2021-03-01,1614,100439,459,49181,1155,51258,0,0,1079,27281,532,36498,1080,63779,California
Santa Barbara,2021-03-02,2513,102952,398,49579,2115,53373,0,0,2030,28838,474,36972,2031,65810,California
Santa Barbara,2021-03-03,4590,107542,2089,51668,2499,55872,2,2,3999,32260,581,37553,4003,69813,California
Santa Barbara,2021-03-04,3390,110932,2271,53939,1119,56991,0,2,2843,34562,541,38094,2843,72656,California
Santa Barbara,2021-03-05,3791,114723,2142,56081,1590,58581,59,61,3078,36992,707,38801,3137,75793,California
Santa Barbara,2021-03-06,2407,117130,709,56790,1491,60072,207,268,1657,38107,748,39549,1863,77656,California
Santa Barbara,2021-03-07,558,117688,123,56913,307,60379,128,396,383,38444,175,39724,512,78168,California
Santa Barbara,2021-03-08,1566,119254,369,57282,855,61234,342,738,788,38800,773,40497,1129,79297,California
Santa Barbara,2021-03-09,2765,122019,323,57605,1673,62907,769,1507,719,38241,2044,42541,1485,80782,California
Santa Barbara,2021-03-10,2743,124762,537,58142,1159,64066,1047,2554,1028,38606,1710,44251,2075,82857,California
Santa Barbara,2021-03-11,5547,130309,3027,61169,1418,65484,1102,3656,2265,38699,3272,47523,3365,86222,California
Santa Barbara,2021-03-12,3600,133909,2083,63252,1101,66585,416,4072,2166,39854,1428,48951,2583,88805,California
Santa Barbara,2021-03-13,3431,137340,1908,65160,1318,67903,205,4277,2686,42003,743,49694,2892,91697,California
Santa Barbara,2021-03-14,758,138098,356,65516,345,68248,57,4334,443,42188,315,50009,500,92197,California
Santa Barbara,2021-03-15,2088,140186,688,66204,1111,69359,289,4623,1254,42898,831,50840,1541,93738,California
Santa Barbara,2021-03-16,3710,143896,1164,67368,2205,71564,341,4964,2728,44989,978,51818,3069,96807,California
Santa Barbara,2021-03-17,3269,147165,964,68332,1905,73469,400,5364,2284,46689,983,52801,2683,99490,California
Santa Barbara,2021-03-18,4314,151479,2779,71111,1335,74804,200,5564,3116,48817,1188,53989,3316,102806,California
Santa Barbara,2021-03-19,4414,155893,2754,73865,1329,76133,331,5895,3022,50785,1386,55375,3354,106160,California
Santa Barbara,2021-03-20,2143,158036,818,74683,1316,77449,9,5904,1309,51271,832,56207,1318,107478,California
Santa Barbara,2021-03-21,1142,159178,374,75057,739,78188,29,5933,820,51800,320,56527,849,108327,California
Santa Barbara,2021-03-22,2760,161938,1901,76958,816,79004,43,5976,2212,53513,542,57069,2255,110582,California
Santa Barbara,2021-03-23,4443,166381,2236,79194,2112,81116,95,6071,3688,56550,746,57815,3783,114365,California
Santa Barbara,2021-03-24,5357,171738,3135,82329,1490,82606,732,6803,2938,57819,2400,60215,3669,118034,California
Santa Barbara,2021-03-25,5477,177215,3259,85588,2037,84643,181,6984,2729,57994,2735,62950,2910,120944,California
Santa Barbara,2021-03-26,5057,182272,3215,88803,1545,86188,297,7281,2224,57698,2817,65767,2521,123465,California
Santa Barbara,2021-03-27,2924,185196,1219,90022,1663,87851,42,7323,1609,58038,1310,67077,1650,125115,California
Santa Barbara,2021-03-28,2756,187952,1644,91666,1085,88936,27,7350,1878,59068,875,67952,1905,127020,California
Santa Barbara,2021-03-29,4037,191989,2088,93754,1880,90816,69,7419,3236,61577,796,68748,3305,130325,California
Santa Barbara,2021-03-30,6773,198762,3500,97254,3126,93942,147,7566,4556,64075,2204,70952,4702,135027,California
Santa Barbara,2021-03-31,8609,207371,5482,102736,3063,97005,64,7630,5082,65709,3513,74465,5147,140174,California
Santa Barbara,2021-04-01,6861,214232,5067,107803,1546,98551,248,7878,4041,67189,2807,77272,4287,144461,California
Santa Barbara,2021-04-02,6563,220795,4528,112331,1464,100015,571,8449,3386,67975,3170,80442,3956,148417,California
Santa Barbara,2021-04-03,3771,224566,2098,114429,1606,101621,67,8516,2491,69256,1276,81718,2557,150974,California
Santa Barbara,2021-04-04,891,225457,440,114869,413,102034,38,8554,493,69392,395,82113,531,151505,California
Santa Barbara,2021-04-05,3420,228877,2262,117131,908,102942,250,8804,2145,70516,1271,83384,2395,153900,California
Santa Barbara,2021-04-06,5069,233946,2744,119875,1876,104818,449,9253,3125,72157,1929,85313,3570,157470,California
Santa Barbara,2021-04-07,5508,239454,2998,122873,2016,106834,494,9747,3722,74583,1777,87090,4203,161673,California
Santa Barbara,2021-04-08,2737,242191,2302,125175,323,107157,112,9859,980,73920,1755,88845,1092,162765,California
Santa Clara,2020-12-15,64,64,64,64,0,0,0,0,64,64,0,0,64,64,California
Santa Clara,2020-12-16,135,199,135,199,0,0,0,0,135,199,0,0,135,199,California
Santa Clara,2020-12-17,388,587,388,587,0,0,0,0,388,587,0,0,388,587,California
Santa Clara,2020-12-18,1667,2254,1667,2254,0,0,0,0,1667,2254,0,0,1667,2254,California
Santa Clara,2020-12-19,2073,4327,2073,4327,0,0,0,0,2072,4326,0,0,2072,4326,California
Santa Clara,2020-12-20,1897,6224,1891,6218,6,6,0,0,1894,6220,0,0,1894,6220,California
Santa Clara,2020-12-21,2669,8893,2669,8887,0,6,0,0,2667,8887,0,0,2667,8887,California
Santa Clara,2020-12-22,3126,12019,3117,12004,9,15,0,0,3123,12010,0,0,3123,12010,California
Santa Clara,2020-12-23,3256,15275,3071,15075,185,200,0,0,3254,15264,0,0,3254,15264,California
Santa Clara,2020-12-24,1898,17173,1711,16786,187,387,0,0,1892,17155,1,1,1892,17156,California
Santa Clara,2020-12-25,343,17516,342,17128,1,388,0,0,343,17498,0,1,343,17499,California
Santa Clara,2020-12-26,1263,18779,1031,18159,232,620,0,0,1262,18760,0,1,1262,18761,California
Santa Clara,2020-12-27,646,19425,507,18666,139,759,0,0,646,19406,0,1,646,19407,California
Santa Clara,2020-12-28,2333,21758,1730,20396,603,1362,0,0,2333,21739,0,1,2333,21740,California
Santa Clara,2020-12-29,2324,24082,1463,21859,861,2223,0,0,2322,24061,0,1,2322,24062,California
Santa Clara,2020-12-30,2988,27070,1898,23757,1090,3313,0,0,2986,27045,2,3,2986,27048,California
Santa Clara,2020-12-31,1207,28277,389,24146,818,4131,0,0,1206,28250,1,4,1206,28254,California
Santa Clara,2021-01-01,135,28412,6,24152,129,4260,0,0,135,28385,0,4,135,28389,California
Santa Clara,2021-01-02,1080,29492,812,24964,268,4528,0,0,1080,29465,0,4,1080,29469,California
Santa Clara,2021-01-03,585,30077,370,25334,215,4743,0,0,580,30042,3,7,580,30049,California
Santa Clara,2021-01-04,2465,32542,1664,26998,801,5544,0,0,2463,32505,0,7,2463,32512,California
Santa Clara,2021-01-05,3057,35599,2002,29000,1055,6599,0,0,2870,35193,186,193,2874,35386,California
Santa Clara,2021-01-06,3314,38913,1953,30953,1361,7960,0,0,2740,37364,570,763,2741,38127,California
Santa Clara,2021-01-07,4211,43124,2552,33505,1659,9619,0,0,3148,39464,1053,1816,3153,41280,California
Santa Clara,2021-01-08,5840,48964,3820,37325,2020,11639,0,0,3790,41208,2046,3862,3790,45070,California
Santa Clara,2021-01-09,2965,51929,1859,39184,1106,12745,0,0,1685,41615,1280,5142,1687,46757,California
Santa Clara,2021-01-10,1950,53879,1505,40689,445,13190,0,0,741,41148,1208,6350,741,47498,California
Santa Clara,2021-01-11,5933,59812,3730,44419,2203,15393,0,0,3373,41967,2559,8909,3378,50876,California
Santa Clara,2021-01-12,6792,66604,3394,47813,3398,18791,0,0,4552,44282,2238,11147,4553,55429,California
Santa Clara,2021-01-13,7356,73960,3033,50846,4323,23114,0,0,5191,47312,2162,13309,5192,60621,California
Santa Clara,2021-01-14,8225,82185,2790,53636,5435,28549,0,0,6486,52065,1734,15043,6487,67108,California
Santa Clara,2021-01-15,9439,91624,2683,56319,6756,35305,0,0,8126,58885,1310,16353,8130,75238,California
Santa Clara,2021-01-16,4281,95905,1214,57533,3067,38372,0,0,3449,61507,827,17180,3449,78687,California
Santa Clara,2021-01-17,3210,99115,600,58133,2610,40982,0,0,2714,63725,496,17676,2714,81401,California
Santa Clara,2021-01-18,5090,104205,1150,59283,3940,44922,0,0,4537,67710,553,18229,4538,85939,California
Santa Clara,2021-01-19,8445,112650,2648,61931,5797,50719,0,0,6773,72821,1669,19898,6780,92719,California
Santa Clara,2021-01-20,7986,120636,4014,65945,3972,54691,0,0,6450,77740,1531,21429,6450,99169,California
Santa Clara,2021-01-21,8539,129175,3630,69575,4909,59600,0,0,7389,83983,1148,22577,7391,106560,California
Santa Clara,2021-01-22,8573,137748,3200,72775,5373,64973,0,0,8008,91429,564,23141,8010,114570,California
Santa Clara,2021-01-23,3778,141526,1684,74459,2094,67067,0,0,2821,93294,957,24098,2822,117392,California
Santa Clara,2021-01-24,2822,144348,1421,75880,1401,68468,0,0,2335,95144,485,24583,2335,119727,California
Santa Clara,2021-01-25,8352,152700,3774,79654,4578,73046,0,0,6298,99399,2047,26630,6302,126029,California
Santa Clara,2021-01-26,8202,160902,3738,83392,4464,77510,0,0,6098,103406,2094,28724,6101,132130,California
Santa Clara,2021-01-27,8654,169556,3793,87185,4861,82371,0,0,6744,108262,1889,30613,6745,138875,California
Santa Clara,2021-01-28,9404,178960,3761,90946,5643,88014,0,0,7458,113798,1926,32539,7462,146337,California
Santa Clara,2021-01-29,9469,188429,3919,94865,5550,93564,0,0,7311,118959,2150,34689,7311,153648,California
Santa Clara,2021-01-30,4158,192587,2057,96922,2101,95665,0,0,2957,120720,1197,35886,2958,156606,California
Santa Clara,2021-01-31,2165,194752,1301,98223,864,96529,0,0,1576,121710,586,36472,1576,158182,California
Santa Clara,2021-02-01,7824,202576,3477,101700,4347,100876,0,0,6139,126171,1679,38151,6140,164322,California
Santa Clara,2021-02-02,8068,210644,2867,104567,5201,106077,0,0,6084,130278,1980,40131,6087,170409,California
Santa Clara,2021-02-03,9190,219834,3481,108048,5709,111786,0,0,6926,134951,2259,42390,6932,177341,California
Santa Clara,2021-02-04,10550,230384,4108,112156,6442,118228,0,0,8276,140965,2265,44655,8279,185620,California
Santa Clara,2021-02-05,11890,242274,4334,116490,7556,125784,0,0,8435,145965,3440,48095,8440,194060,California
Santa Clara,2021-02-06,5163,247437,2801,119291,2362,128146,0,0,4007,148822,1152,49247,4009,198069,California
Santa Clara,2021-02-07,3473,250910,2348,121639,1125,129271,0,0,3024,151400,447,49694,3025,201094,California
Santa Clara,2021-02-08,9998,260908,3474,125113,6524,135795,0,0,7289,155995,2695,52389,7290,208384,California
Santa Clara,2021-02-09,10765,271673,3802,128915,6963,142758,0,0,7297,159837,3458,55847,7300,215684,California
Santa Clara,2021-02-10,12619,284292,4889,133804,7730,150488,0,0,6902,161037,5705,61552,6905,222589,California
Santa Clara,2021-02-11,13155,297447,4632,138436,8523,159011,0,0,7424,162744,5718,67270,7425,230014,California
Santa Clara,2021-02-12,14516,311963,4473,142909,10043,169054,0,0,7012,162273,7487,74757,7016,237030,California
Santa Clara,2021-02-13,6065,318028,1445,144354,4620,173674,0,0,2213,160641,3847,78604,2215,239245,California
Santa Clara,2021-02-14,4615,322643,1140,145494,3475,177149,0,0,1477,158983,3137,81741,1479,240724,California
Santa Clara,2021-02-15,6227,328870,2779,148273,3448,180597,0,0,2696,158154,3525,85266,2696,243420,California
Santa Clara,2021-02-16,13563,342433,3981,152254,9582,190179,0,0,6741,158092,6806,92072,6744,250164,California
Santa Clara,2021-02-17,14047,356480,5485,157739,8562,198741,0,0,7040,158148,6991,99063,7047,257211,California
Santa Clara,2021-02-18,13680,370160,8341,166080,5339,204080,0,0,7008,158508,6651,105714,7011,264222,California
Santa Clara,2021-02-19,14665,384825,9512,175592,5153,209233,0,0,8493,160848,6158,111872,8498,272720,California
Santa Clara,2021-02-20,6804,391629,5092,180684,1712,210945,0,0,3672,161396,3124,114996,3672,276392,California
Santa Clara,2021-02-21,3232,394861,2418,183102,814,211759,0,0,1160,160493,2065,117061,1162,277554,California
Santa Clara,2021-02-22,10117,404978,6065,189167,4052,215811,0,0,4732,159851,5375,122436,4733,282287,California
Santa Clara,2021-02-23,11816,416794,7685,196852,4131,219942,0,0,6697,161445,5108,127544,6702,288989,California
Santa Clara,2021-02-24,14088,430882,9083,205935,5005,224947,0,0,8727,164826,5346,132890,8727,297716,California
Santa Clara,2021-02-25,14070,444952,9225,215160,4845,229792,0,0,7661,166102,6390,139280,7666,305382,California
Santa Clara,2021-02-26,14519,459471,8419,223579,6100,235892,0,0,7995,167601,6498,145778,7997,313379,California
Santa Clara,2021-02-27,8033,467504,5487,229066,2545,238437,1,1,4446,168478,3577,149355,4454,317833,California
Santa Clara,2021-02-28,4714,472218,3068,232134,1646,240083,0,1,2212,168196,2494,151849,2212,320045,California
Santa Clara,2021-03-01,14029,486247,7960,240094,6068,246151,1,2,8682,171549,5330,157179,8683,328728,California
Santa Clara,2021-03-02,13691,499938,8200,248294,5491,251642,0,2,9151,176181,4521,161700,9153,337881,California
Santa Clara,2021-03-03,17903,517841,8847,257141,9055,260697,1,3,10993,180308,6873,168573,11000,348881,California
Santa Clara,2021-03-04,15669,533510,8887,266028,6779,267476,3,6,9214,183108,6418,174991,9218,358099,California
Santa Clara,2021-03-05,16149,549659,9096,275124,6928,274404,125,131,8857,184819,7274,182265,8985,367084,California
Santa Clara,2021-03-06,9310,558969,6252,281376,2624,277028,434,565,7032,190017,2266,184531,7464,374548,California
Santa Clara,2021-03-07,6683,565652,4380,285756,2075,279103,228,793,5327,194225,1348,185879,5556,380104,California
Santa Clara,2021-03-08,12778,578430,6664,292420,5594,284697,520,1313,8209,198403,4554,190433,8732,388836,California
Santa Clara,2021-03-09,14257,592687,6200,298620,6728,291425,1329,2642,6240,197972,8000,198433,7569,396405,California
Santa Clara,2021-03-10,14766,607453,6454,305074,6393,297818,1919,4561,6063,197266,8680,207113,7974,404379,California
Santa Clara,2021-03-11,16386,623839,7699,312773,7216,305034,1471,6032,5669,193708,10694,217807,7136,411515,California
Santa Clara,2021-03-12,17413,641252,8985,321758,6889,311923,1539,7571,5860,189589,11516,229323,7397,418912,California
Santa Clara,2021-03-13,10465,651717,6068,327826,2927,314850,1470,9041,4602,189813,5842,235165,6066,424978,California
Santa Clara,2021-03-14,6454,658171,3328,331154,1825,316675,1301,10342,3182,191032,3260,238425,4479,429457,California
Santa Clara,2021-03-15,12661,670832,6436,337590,5960,322635,265,10607,5901,190459,6740,245165,6167,435624,California
Santa Clara,2021-03-16,17274,688106,10225,347815,6844,329479,205,10812,8287,189985,8964,254129,8490,444114,California
Santa Clara,2021-03-17,19543,707649,11180,358995,8202,337681,161,10973,10072,190792,9426,263555,10233,454347,California
Santa Clara,2021-03-18,18055,725704,8836,367831,8063,345744,1156,12129,8360,190660,9648,273203,9516,463863,California
Santa Clara,2021-03-19,18592,744296,9755,377586,7840,353584,997,13126,9592,192297,8946,282149,10583,474446,California
Santa Clara,2021-03-20,11401,755697,6253,383839,4319,357903,829,13955,6694,195139,4678,286827,7520,481966,California
Santa Clara,2021-03-21,8219,763916,3698,387537,3121,361024,1400,15355,5504,199336,2705,289532,6902,488868,California
Santa Clara,2021-03-22,15939,779855,9005,396542,6591,367615,343,15698,9120,202003,6796,296328,9463,498331,California
Santa Clara,2021-03-23,18718,798573,12108,408650,6268,373883,342,16040,11405,206480,7271,303599,11748,510079,California
Santa Clara,2021-03-24,21648,820221,14352,423002,7149,381032,147,16187,14296,213613,7313,310912,14446,524525,California
Santa Clara,2021-03-25,21904,842125,12791,435793,8324,389356,789,16976,14236,221023,7612,318524,15022,539547,California
Santa Clara,2021-03-26,21426,863551,13803,449596,7239,396595,384,17360,13203,226412,8193,326717,13582,553129,California
Santa Clara,2021-03-27,14926,878477,9955,459551,4211,400806,760,18120,7782,227840,7114,333831,8542,561671,California
Santa Clara,2021-03-28,11939,890416,8250,467801,2973,403779,716,18836,6467,229571,5452,339283,7183,568854,California
Santa Clara,2021-03-29,19920,910336,12321,480122,6875,410654,724,19560,10802,232012,9083,348366,11524,580378,California
Santa Clara,2021-03-30,24951,935287,15121,495243,8180,418834,1650,21210,16456,241657,8460,356826,18105,598483,California
Santa Clara,2021-03-31,19444,954731,11713,506956,6894,425728,837,22047,12482,248036,6936,363762,13315,611798,California
Santa Clara,2021-04-01,29674,984405,19277,526233,8160,433888,2237,24284,19368,259384,10252,374014,21600,633398,California
Santa Clara,2021-04-02,24405,1008810,13977,540210,8348,442236,2080,26364,16155,269397,8218,382232,18231,651629,California
Santa Clara,2021-04-03,14306,1023116,8952,549162,3433,445669,1921,28285,8215,273461,6070,388302,10134,661763,California
Santa Clara,2021-04-04,7399,1030515,3882,553044,2403,448072,1114,29399,3822,274826,3570,391872,4935,666698,California
Santa Clara,2021-04-05,20946,1051461,13854,566898,4699,452771,2393,31792,13578,283453,7342,399214,15969,682667,California
Santa Clara,2021-04-06,26963,1078424,15288,582186,6829,459600,4846,36638,16209,293784,10716,409930,21047,703714,California
Santa Clara,2021-04-07,26104,1104528,13744,595930,7559,467159,4801,41439,16248,305013,9816,419746,21045,724759,California
Santa Clara,2021-04-08,19400,1123928,10905,606835,4257,471416,4238,45677,11401,312692,7952,427698,15631,740390,California
Santa Cruz,2020-12-15,2,2,2,2,0,0,0,0,2,2,0,0,2,2,California
Santa Cruz,2020-12-16,57,59,57,59,0,0,0,0,57,59,0,0,57,59,California
Santa Cruz,2020-12-17,389,448,389,448,0,0,0,0,389,448,0,0,389,448,California
Santa Cruz,2020-12-18,465,913,465,913,0,0,0,0,465,913,0,0,465,913,California
Santa Cruz,2020-12-19,178,1091,177,1090,1,1,0,0,178,1091,0,0,178,1091,California
Santa Cruz,2020-12-20,95,1186,95,1185,0,1,0,0,95,1186,0,0,95,1186,California
Santa Cruz,2020-12-21,433,1619,433,1618,0,1,0,0,433,1619,0,0,433,1619,California
Santa Cruz,2020-12-22,423,2042,422,2040,1,2,0,0,423,2042,0,0,423,2042,California
Santa Cruz,2020-12-23,370,2412,328,2368,42,44,0,0,370,2412,0,0,370,2412,California
Santa Cruz,2020-12-24,125,2537,50,2418,75,119,0,0,125,2537,0,0,125,2537,California
Santa Cruz,2020-12-25,11,2548,11,2429,0,119,0,0,11,2548,0,0,11,2548,California
Santa Cruz,2020-12-26,64,2612,45,2474,19,138,0,0,64,2612,0,0,64,2612,California
Santa Cruz,2020-12-27,32,2644,27,2501,5,143,0,0,32,2644,0,0,32,2644,California
Santa Cruz,2020-12-28,483,3127,108,2609,375,518,0,0,483,3127,0,0,483,3127,California
Santa Cruz,2020-12-29,796,3923,370,2979,426,944,0,0,796,3923,0,0,796,3923,California
Santa Cruz,2020-12-30,356,4279,164,3143,192,1136,0,0,356,4279,0,0,356,4279,California
Santa Cruz,2020-12-31,312,4591,11,3154,301,1437,0,0,312,4591,0,0,312,4591,California
Santa Cruz,2021-01-01,32,4623,0,3154,32,1469,0,0,32,4623,0,0,32,4623,California
Santa Cruz,2021-01-02,71,4694,57,3211,14,1483,0,0,71,4694,0,0,71,4694,California
Santa Cruz,2021-01-03,15,4709,7,3218,8,1491,0,0,15,4709,0,0,15,4709,California
Santa Cruz,2021-01-04,281,4990,123,3341,158,1649,0,0,279,4988,0,0,279,4988,California
Santa Cruz,2021-01-05,566,5556,428,3769,138,1787,0,0,264,4950,302,302,264,5252,California
Santa Cruz,2021-01-06,803,6359,670,4439,133,1920,0,0,465,5078,337,639,465,5717,California
Santa Cruz,2021-01-07,539,6898,212,4651,327,2247,0,0,386,5312,153,792,387,6104,California
Santa Cruz,2021-01-08,935,7833,561,5212,374,2621,0,0,487,5352,448,1240,488,6592,California
Santa Cruz,2021-01-09,463,8296,123,5335,340,2961,0,0,409,5707,54,1294,409,7001,California
Santa Cruz,2021-01-10,80,8376,70,5405,10,2971,0,0,21,5669,59,1353,21,7022,California
Santa Cruz,2021-01-11,722,9098,587,5992,135,3106,0,0,192,5331,530,1883,192,7214,California
Santa Cruz,2021-01-12,735,9833,531,6523,204,3310,0,0,493,5582,242,2125,493,7707,California
Santa Cruz,2021-01-13,521,10354,228,6751,293,3603,0,0,437,5938,81,2206,437,8144,California
Santa Cruz,2021-01-14,553,10907,101,6852,452,4055,0,0,487,6359,66,2272,487,8631,California
Santa Cruz,2021-01-15,1456,12363,77,6929,1379,5434,0,0,1392,7689,63,2335,1393,10024,California
Santa Cruz,2021-01-16,427,12790,54,6983,373,5807,0,0,408,8078,19,2354,408,10432,California
Santa Cruz,2021-01-17,297,13087,41,7024,256,6063,0,0,272,8325,25,2379,272,10704,California
Santa Cruz,2021-01-18,1016,14103,105,7129,911,6974,0,0,954,9217,62,2441,954,11658,California
Santa Cruz,2021-01-19,1623,15726,524,7653,1099,8073,0,0,1270,10137,351,2792,1271,12929,California
Santa Cruz,2021-01-20,1235,16961,184,7837,1051,9124,0,0,1038,10981,194,2986,1038,13967,California
Santa Cruz,2021-01-21,1707,18668,200,8037,1507,10631,0,0,1602,12478,106,3092,1603,15570,California
Santa Cruz,2021-01-22,1795,20463,531,8568,1264,11895,0,0,1695,14077,97,3189,1696,17266,California
Santa Cruz,2021-01-23,401,20864,146,8714,255,12150,0,0,341,14359,59,3248,341,17607,California
Santa Cruz,2021-01-24,115,20979,20,8734,95,12245,0,0,97,14438,18,3266,97,17704,California
Santa Cruz,2021-01-25,1057,22036,359,9093,698,12943,0,0,548,14477,509,3775,548,18252,California
Santa Cruz,2021-01-26,1687,23723,245,9338,1442,14385,0,0,1177,15144,510,4285,1177,19429,California
Santa Cruz,2021-01-27,1648,25371,446,9784,1202,15587,0,0,1265,16028,381,4666,1265,20694,California
Santa Cruz,2021-01-28,1745,27116,292,10076,1453,17040,0,0,1469,17222,276,4942,1470,22164,California
Santa Cruz,2021-01-29,1736,28852,490,10566,1246,18286,0,0,1606,18699,129,5071,1606,23770,California
Santa Cruz,2021-01-30,1060,29912,308,10874,752,19038,0,0,927,19493,133,5204,927,24697,California
Santa Cruz,2021-01-31,217,30129,111,10985,106,19144,0,0,203,19682,14,5218,203,24900,California
Santa Cruz,2021-02-01,1232,31361,759,11744,473,19617,0,0,826,20102,406,5624,826,25726,California
Santa Cruz,2021-02-02,1007,32368,130,11874,877,20494,0,0,852,20800,154,5778,852,26578,California
Santa Cruz,2021-02-03,2220,34588,946,12820,1274,21768,0,0,1908,22400,308,6086,1908,28486,California
Santa Cruz,2021-02-04,1834,36422,771,13591,1063,22831,0,0,1497,23561,336,6422,1497,29983,California
Santa Cruz,2021-02-05,3172,39594,794,14385,2378,25209,0,0,2852,26094,319,6741,2852,32835,California
Santa Cruz,2021-02-06,2584,42178,164,14549,2420,27629,0,0,2236,27982,348,7089,2236,35071,California
Santa Cruz,2021-02-07,907,43085,121,14670,786,28415,0,0,889,28853,18,7107,889,35960,California
Santa Cruz,2021-02-08,717,43802,204,14874,513,28928,0,0,517,29171,199,7306,517,36477,California
Santa Cruz,2021-02-09,2375,46177,1057,15931,1318,30246,0,0,2110,31020,261,7567,2110,38587,California
Santa Cruz,2021-02-10,2199,48376,580,16511,1619,31865,0,0,1499,31830,690,8257,1500,40087,California
Santa Cruz,2021-02-11,1852,50228,316,16827,1536,33401,0,0,1327,32634,523,8780,1327,41414,California
Santa Cruz,2021-02-12,3214,53442,421,17248,2793,36194,0,0,1809,33048,1397,10177,1811,43225,California
Santa Cruz,2021-02-13,1709,55151,123,17371,1586,37780,0,0,1296,33931,413,10590,1296,44521,California
Santa Cruz,2021-02-14,1400,56551,70,17441,1330,39110,0,0,1137,34805,263,10853,1137,45658,California
Santa Cruz,2021-02-15,1583,58134,279,17720,1304,40414,0,0,566,34355,1017,11870,567,46225,California
Santa Cruz,2021-02-16,1692,59826,202,17922,1490,41904,0,0,535,33754,1136,13006,535,46760,California
Santa Cruz,2021-02-17,2918,62744,974,18896,1944,43848,0,0,1221,33294,1684,14690,1224,47984,California
Santa Cruz,2021-02-18,2878,65622,638,19534,2240,46088,0,0,1229,32877,1646,16336,1229,49213,California
Santa Cruz,2021-02-19,3265,68887,1145,20679,2120,48208,0,0,2010,33633,1254,17590,2010,51223,California
Santa Cruz,2021-02-20,2381,71268,1496,22175,885,49093,0,0,1888,35028,493,18083,1888,53111,California
Santa Cruz,2021-02-21,821,72089,355,22530,466,49559,0,0,697,35603,122,18205,697,53808,California
Santa Cruz,2021-02-22,1250,73339,968,23498,282,49841,0,0,535,35425,713,18918,535,54343,California
Santa Cruz,2021-02-23,2094,75433,937,24435,1157,50998,0,0,709,34750,1384,20302,709,55052,California
Santa Cruz,2021-02-24,3179,78612,1660,26095,1519,52517,0,0,1210,33995,1965,22267,1210,56262,California
Santa Cruz,2021-02-25,3237,81849,1433,27528,1804,54321,0,0,1783,34331,1447,23714,1783,58045,California
Santa Cruz,2021-02-26,2718,84567,760,28288,1958,56279,0,0,1546,34711,1168,24882,1548,59593,California
Santa Cruz,2021-02-27,2636,87203,930,29218,1706,57985,0,0,1836,35748,799,25681,1836,61429,California
Santa Cruz,2021-02-28,1296,88499,360,29578,936,58921,0,0,1086,36627,207,25888,1086,62515,California
Santa Cruz,2021-03-01,1827,90326,1253,30831,574,59495,0,0,686,36175,1138,27026,686,63201,California
Santa Cruz,2021-03-02,1507,91833,340,31171,1167,60662,0,0,837,36347,668,27694,840,64041,California
Santa Cruz,2021-03-03,2315,94148,597,31768,1718,62380,0,0,1249,36533,1063,28757,1249,65290,California
Santa Cruz,2021-03-04,2998,97146,1403,33171,1594,63974,1,1,2031,37608,958,29715,2033,67323,California
Santa Cruz,2021-03-05,2599,99745,476,33647,2105,66079,18,19,1122,37274,1474,31189,1140,68463,California
Santa Cruz,2021-03-06,3864,103609,1346,34993,2415,68494,103,122,2160,37832,1704,32893,2262,70725,California
Santa Cruz,2021-03-07,1341,104950,127,35120,1139,69633,75,197,550,37667,790,33683,625,71350,California
Santa Cruz,2021-03-08,1051,106001,221,35341,730,70363,100,297,653,38023,397,34080,753,72103,California
Santa Cruz,2021-03-09,1760,107761,235,35576,1379,71742,146,443,696,37804,1061,35141,842,72945,California
Santa Cruz,2021-03-10,3845,111606,2082,37658,1615,73357,148,591,1987,38086,1856,36997,2138,75083,California
Santa Cruz,2021-03-11,2788,114394,1212,38870,1410,74767,166,757,1543,38553,1244,38241,1711,76794,California
Santa Cruz,2021-03-12,2735,117129,887,39757,1561,76328,287,1044,902,37912,1830,40071,1189,77983,California
Santa Cruz,2021-03-13,2267,119396,1321,41078,901,77229,45,1089,1149,37990,1117,41188,1195,79178,California
Santa Cruz,2021-03-14,894,120290,214,41292,666,77895,14,1103,440,37992,451,41639,453,79631,California
Santa Cruz,2021-03-15,1342,121632,474,41766,833,78728,35,1138,573,37834,767,42406,609,80240,California
Santa Cruz,2021-03-16,2310,123942,1087,42853,1183,79911,40,1178,1337,38240,970,43376,1376,81616,California
Santa Cruz,2021-03-17,3856,127798,2231,45084,1615,81526,10,1188,2512,39424,1340,44716,2524,84140,California
Santa Cruz,2021-03-18,3856,131654,2094,47178,1645,83171,117,1305,2068,39824,1785,46501,2185,86325,California
Santa Cruz,2021-03-19,3274,134928,1322,48500,1727,84898,225,1530,1652,40084,1617,48118,1877,88202,California
Santa Cruz,2021-03-20,2163,137091,1617,50117,511,85409,35,1565,1094,40147,1066,49184,1129,89331,California
Santa Cruz,2021-03-21,822,137913,436,50553,265,85674,121,1686,441,40331,379,49563,563,89894,California
Santa Cruz,2021-03-22,1359,139272,844,51397,493,86167,22,1708,938,40874,418,49981,961,90855,California
Santa Cruz,2021-03-23,2551,141823,1436,52833,1069,87236,46,1754,1719,41809,830,50811,1765,92620,California
Santa Cruz,2021-03-24,2993,144816,2006,54839,966,88202,21,1775,1982,42805,1006,51817,2002,94622,California
Santa Cruz,2021-03-25,2606,147422,1327,56166,1247,89449,32,1807,1354,42947,1244,53061,1386,96008,California
Santa Cruz,2021-03-26,3031,150453,1821,57987,1184,90633,26,1833,2061,44071,963,54024,2087,98095,California
Santa Cruz,2021-03-27,3211,153664,2010,59997,1176,91809,25,1858,1508,43912,1693,55717,1534,99629,California
Santa Cruz,2021-03-28,920,154584,567,60564,340,92149,13,1871,488,43986,428,56145,502,100131,California
Santa Cruz,2021-03-29,1942,156526,870,61434,1004,93153,68,1939,1241,44601,694,56839,1309,101440,California
Santa Cruz,2021-03-30,2698,159224,819,62253,1721,94874,158,2097,1739,45540,958,57797,1897,103337,California
Santa Cruz,2021-03-31,4017,163241,2697,64950,1280,96154,40,2137,2076,45719,1937,59734,2116,105453,California
Santa Cruz,2021-04-01,4005,167246,2143,67093,1760,97914,102,2239,2025,45871,1975,61709,2127,107580,California
Santa Cruz,2021-04-02,3149,170395,1434,68527,1536,99450,179,2418,1760,46426,1384,63093,1939,109519,California
Santa Cruz,2021-04-03,2223,172618,1232,69759,890,100340,101,2519,891,46088,1329,64422,991,110510,California
Santa Cruz,2021-04-04,938,173556,492,70251,391,100731,55,2574,555,46315,383,64805,610,111120,California
Santa Cruz,2021-04-05,2237,175793,796,71047,1291,102022,150,2724,1396,47022,839,65644,1546,112666,California
Santa Cruz,2021-04-06,3345,179138,1664,72711,1336,103358,345,3069,1995,48019,1342,66986,2339,115005,California
Santa Cruz,2021-04-07,3913,183051,1533,74244,2096,105454,284,3353,1787,47966,2124,69110,2071,117076,California
Santa Cruz,2021-04-08,3043,186094,1720,75964,1208,106662,115,3468,2002,49049,1034,70144,2117,119193,California
Shasta,2020-12-16,131,131,131,131,0,0,0,0,131,131,0,0,131,131,California
Shasta,2020-12-17,417,548,417,548,0,0,0,0,417,548,0,0,417,548,California
Shasta,2020-12-18,166,714,166,714,0,0,0,0,166,714,0,0,166,714,California
Shasta,2020-12-19,1,715,1,715,0,0,0,0,1,715,0,0,1,715,California
Shasta,2020-12-21,78,793,78,793,0,0,0,0,78,793,0,0,78,793,California
Shasta,2020-12-22,191,984,186,979,5,5,0,0,191,984,0,0,191,984,California
Shasta,2020-12-23,174,1158,170,1149,4,9,0,0,174,1158,0,0,174,1158,California
Shasta,2020-12-24,18,1176,18,1167,0,9,0,0,18,1176,0,0,18,1176,California
Shasta,2020-12-26,4,1180,1,1168,3,12,0,0,4,1180,0,0,4,1180,California
Shasta,2020-12-27,1,1181,0,1168,1,13,0,0,1,1181,0,0,1,1181,California
Shasta,2020-12-28,40,1221,31,1199,9,22,0,0,40,1221,0,0,40,1221,California
Shasta,2020-12-29,186,1407,185,1384,1,23,0,0,186,1407,0,0,186,1407,California
Shasta,2020-12-30,178,1585,168,1552,10,33,0,0,178,1585,0,0,178,1585,California
Shasta,2020-12-31,83,1668,2,1554,81,114,0,0,83,1668,0,0,83,1668,California
Shasta,2021-01-02,2,1670,0,1554,2,116,0,0,2,1670,0,0,2,1670,California
Shasta,2021-01-03,1,1671,1,1555,0,116,0,0,1,1671,0,0,1,1671,California
Shasta,2021-01-04,346,2017,306,1861,40,156,0,0,347,2018,0,0,347,2018,California
Shasta,2021-01-05,334,2351,314,2175,20,176,0,0,253,2190,81,81,253,2271,California
Shasta,2021-01-06,437,2788,395,2570,42,218,0,0,175,2104,261,342,175,2446,California
Shasta,2021-01-07,116,2904,35,2605,81,299,0,0,95,2178,21,363,95,2541,California
Shasta,2021-01-08,507,3411,447,3052,60,359,0,0,299,2269,208,571,299,2840,California
Shasta,2021-01-09,72,3483,63,3115,9,368,0,0,70,2337,2,573,70,2910,California
Shasta,2021-01-10,5,3488,0,3115,5,373,0,0,4,2341,1,574,5,2915,California
Shasta,2021-01-11,351,3839,184,3299,167,540,0,0,316,2622,35,609,316,3231,California
Shasta,2021-01-12,452,4291,327,3626,125,665,0,0,278,2726,174,783,278,3509,California
Shasta,2021-01-13,541,4832,268,3894,273,938,0,0,371,2927,170,953,371,3880,California
Shasta,2021-01-14,446,5278,50,3944,396,1334,0,0,429,3339,17,970,429,4309,California
Shasta,2021-01-15,634,5912,136,4080,498,1832,0,0,632,3969,2,972,632,4941,California
Shasta,2021-01-16,899,6811,55,4135,844,2676,0,0,896,4862,3,975,896,5837,California
Shasta,2021-01-17,27,6838,6,4141,21,2697,0,0,23,4881,4,979,23,5860,California
Shasta,2021-01-18,600,7438,130,4271,470,3167,0,0,592,5465,8,987,592,6452,California
Shasta,2021-01-19,1018,8456,397,4668,621,3788,0,0,870,6187,148,1135,870,7322,California
Shasta,2021-01-20,675,9131,407,5075,268,4056,0,0,493,6502,178,1313,493,7815,California
Shasta,2021-01-21,629,9760,277,5352,352,4408,0,0,606,7085,23,1336,606,8421,California
Shasta,2021-01-22,445,10205,171,5523,274,4682,0,0,439,7518,6,1342,439,8860,California
Shasta,2021-01-23,68,10273,5,5528,63,4745,0,0,67,7584,1,1343,67,8927,California
Shasta,2021-01-24,25,10298,2,5530,23,4768,0,0,24,7607,1,1344,24,8951,California
Shasta,2021-01-25,749,11047,491,6021,258,5026,0,0,463,7785,285,1629,463,9414,California
Shasta,2021-01-26,707,11754,331,6352,376,5402,0,0,474,8028,231,1860,474,9888,California
Shasta,2021-01-27,458,12212,179,6531,279,5681,0,0,409,8388,49,1909,409,10297,California
Shasta,2021-01-28,854,13066,576,7107,278,5959,0,0,632,8798,222,2131,632,10929,California
Shasta,2021-01-29,831,13897,331,7438,500,6459,0,0,641,9250,190,2321,642,11571,California
Shasta,2021-01-30,618,14515,14,7452,604,7063,0,0,609,9850,9,2330,609,12180,California
Shasta,2021-01-31,28,14543,4,7456,24,7087,0,0,26,9874,2,2332,26,12206,California
Shasta,2021-02-01,502,15045,141,7597,361,7448,0,0,383,10138,119,2451,383,12589,California
Shasta,2021-02-02,935,15980,493,8090,442,7890,0,0,846,10896,88,2539,846,13435,California
Shasta,2021-02-03,675,16655,210,8300,465,8355,0,0,479,11179,196,2735,479,13914,California
Shasta,2021-02-04,1067,17722,662,8962,405,8760,0,0,876,11865,190,2925,876,14790,California
Shasta,2021-02-05,1212,18934,163,9125,1049,9809,0,0,1023,12700,188,3113,1023,15813,California
Shasta,2021-02-06,1729,20663,42,9167,1687,11496,0,0,1705,14381,24,3137,1705,17518,California
Shasta,2021-02-07,25,20688,2,9169,23,11519,0,0,23,14402,2,3139,23,17541,California
Shasta,2021-02-08,541,21229,168,9337,373,11892,0,0,303,14467,238,3377,303,17844,California
Shasta,2021-02-09,1026,22255,651,9988,375,12267,0,0,676,14793,350,3727,676,18520,California
Shasta,2021-02-10,1083,23338,782,10770,301,12568,0,0,593,14896,491,4218,594,19114,California
Shasta,2021-02-11,785,24123,187,10957,598,13166,0,0,304,14724,476,4694,304,19418,California
Shasta,2021-02-12,1663,25786,1144,12101,519,13685,0,0,1170,15401,493,5187,1170,20588,California
Shasta,2021-02-13,1384,27170,368,12469,1016,14701,0,0,572,15160,813,6000,572,21160,California
Shasta,2021-02-14,148,27318,4,12473,144,14845,0,0,124,15260,24,6024,124,21284,California
Shasta,2021-02-15,381,27699,91,12564,290,15135,0,0,212,15303,169,6193,212,21496,California
Shasta,2021-02-16,1084,28783,512,13076,572,15707,0,0,319,14858,764,6957,319,21815,California
Shasta,2021-02-17,993,29776,437,13513,556,16263,0,0,375,14615,618,7575,375,22190,California
Shasta,2021-02-18,874,30650,441,13954,433,16696,0,0,427,14595,447,8022,427,22617,California
Shasta,2021-02-19,1326,31976,934,14888,392,17088,0,0,859,14987,467,8489,859,23476,California
Shasta,2021-02-20,799,32775,87,14975,712,17800,0,0,300,14788,499,8988,300,23776,California
Shasta,2021-02-21,31,32806,2,14977,29,17829,0,0,9,14775,22,9010,9,23785,California
Shasta,2021-02-22,348,33154,74,15051,274,18103,0,0,102,14631,246,9256,102,23887,California
Shasta,2021-02-23,802,33956,467,15518,335,18438,0,0,218,14265,584,9840,218,24105,California
Shasta,2021-02-24,882,34838,504,16022,378,18816,0,0,269,13922,612,10452,269,24374,California
Shasta,2021-02-25,477,35315,157,16179,320,19136,0,0,157,13761,318,10770,157,24531,California
Shasta,2021-02-26,787,36102,90,16269,697,19833,0,0,326,13628,459,11229,326,24857,California
Shasta,2021-02-27,826,36928,29,16298,797,20630,0,0,187,13178,637,11866,187,25044,California
Shasta,2021-02-28,177,37105,4,16302,173,20803,0,0,127,13255,50,11916,127,25171,California
Shasta,2021-03-01,559,37664,61,16363,498,21301,0,0,267,13232,290,12206,267,25438,California
Shasta,2021-03-02,929,38593,465,16828,464,21765,0,0,266,12837,661,12867,266,25704,California
Shasta,2021-03-03,629,39222,145,16973,484,22249,0,0,223,12654,406,13273,223,25927,California
Shasta,2021-03-04,1051,40273,504,17477,547,22796,0,0,646,12897,404,13677,647,26574,California
Shasta,2021-03-05,977,41250,160,17637,788,23584,29,29,321,12590,657,14334,350,26924,California
Shasta,2021-03-06,835,42085,387,18024,401,23985,47,76,200,12202,635,14969,247,27171,California
Shasta,2021-03-07,90,42175,3,18027,55,24040,32,108,36,12216,54,15023,68,27239,California
Shasta,2021-03-08,558,42733,46,18073,373,24413,139,247,145,12089,411,15434,284,27523,California
Shasta,2021-03-09,605,43338,45,18118,382,24795,178,425,232,12126,373,15807,410,27933,California
Shasta,2021-03-10,797,44135,259,18377,335,25130,203,628,133,11798,663,16470,335,28268,California
Shasta,2021-03-11,1043,45178,175,18552,624,25754,244,872,644,12287,399,16869,888,29156,California
Shasta,2021-03-12,809,45987,160,18712,406,26160,243,1115,292,12305,516,17385,534,29690,California
Shasta,2021-03-13,742,46729,423,19135,219,26379,100,1215,474,12611,267,17652,573,30263,California
Shasta,2021-03-14,364,47093,8,19143,334,26713,22,1237,227,12723,137,17789,249,30512,California
Shasta,2021-03-15,493,47586,34,19177,359,27072,100,1337,206,12742,286,18075,305,30817,California
Shasta,2021-03-16,1076,48662,143,19320,866,27938,67,1404,797,13327,279,18354,864,31681,California
Shasta,2021-03-17,691,49353,194,19514,439,28377,58,1462,392,13484,293,18647,450,32131,California
Shasta,2021-03-18,1071,50424,236,19750,732,29109,103,1565,798,14116,269,18916,901,33032,California
Shasta,2021-03-19,624,51048,191,19941,377,29486,56,1621,396,14341,227,19143,452,33484,California
Shasta,2021-03-20,745,51793,488,20429,243,29729,14,1635,598,14806,147,19290,612,34096,California
Shasta,2021-03-21,312,52105,296,20725,4,29733,12,1647,286,15078,26,19316,298,34394,California
Shasta,2021-03-22,341,52446,36,20761,275,30008,30,1677,200,15168,140,19456,230,34624,California
Shasta,2021-03-23,817,53263,156,20917,603,30611,58,1735,626,15666,186,19642,684,35308,California
Shasta,2021-03-24,512,53775,155,21072,320,30931,37,1772,363,15918,148,19790,400,35708,California
Shasta,2021-03-25,758,54533,186,21258,555,31486,17,1789,618,16415,138,19928,635,36343,California
Shasta,2021-03-26,683,55216,257,21515,396,31882,30,1819,331,16425,352,20280,362,36705,California
Shasta,2021-03-27,1556,56772,404,21919,315,32197,837,2656,571,16847,983,21263,1405,38110,California
Shasta,2021-03-28,405,57177,299,22218,96,32293,10,2666,302,17058,101,21364,312,38422,California
Shasta,2021-03-29,413,57590,41,22259,360,32653,12,2678,160,16978,252,21616,172,38594,California
Shasta,2021-03-30,526,58116,185,22444,334,32987,7,2685,321,17104,202,21818,328,38922,California
Shasta,2021-03-31,620,58736,206,22650,409,33396,5,2690,392,17278,223,22041,397,39319,California
Shasta,2021-04-01,773,59509,246,22896,521,33917,6,2696,548,17608,225,22266,555,39874,California
Shasta,2021-04-02,745,60254,202,23098,492,34409,51,2747,413,17742,330,22596,464,40338,California
Shasta,2021-04-03,520,60774,368,23466,133,34542,19,2766,397,18035,123,22719,416,40754,California
Shasta,2021-04-04,281,61055,177,23643,84,34626,20,2786,217,18208,64,22783,237,40991,California
Shasta,2021-04-05,414,61469,50,23693,303,34929,61,2847,247,18349,167,22950,308,41299,California
Shasta,2021-04-06,668,62137,173,23866,339,35268,156,3003,283,18403,385,23335,439,41738,California
Shasta,2021-04-07,530,62667,198,24064,198,35466,134,3137,186,18383,339,23674,319,42057,California
Shasta,2021-04-08,304,62971,76,24140,201,35667,27,3164,125,18356,179,23853,152,42209,California
Sierra,2020-12-18,1,1,1,1,0,0,0,0,1,1,0,0,1,1,California
Sierra,2020-12-21,2,3,2,3,0,0,0,0,2,3,0,0,2,3,California
Sierra,2020-12-22,12,15,12,15,0,0,0,0,12,15,0,0,12,15,California
Sierra,2020-12-23,4,19,4,19,0,0,0,0,4,19,0,0,4,19,California
Sierra,2020-12-28,1,20,0,19,1,1,0,0,1,20,0,0,1,20,California
Sierra,2020-12-29,49,69,7,26,42,43,0,0,49,69,0,0,49,69,California
Sierra,2020-12-30,2,71,0,26,2,45,0,0,2,71,0,0,2,71,California
Sierra,2020-12-31,12,83,0,26,12,57,0,0,12,83,0,0,12,83,California
Sierra,2021-01-05,65,148,3,29,62,119,0,0,65,148,0,0,65,148,California
Sierra,2021-01-06,1,149,1,30,0,119,0,0,1,149,0,0,1,149,California
Sierra,2021-01-07,20,169,1,31,19,138,0,0,19,167,1,1,19,168,California
Sierra,2021-01-08,1,170,1,32,0,138,0,0,1,168,0,1,1,169,California
Sierra,2021-01-11,3,173,3,35,0,138,0,0,0,165,3,4,0,169,California
Sierra,2021-01-12,39,212,12,47,27,165,0,0,27,180,12,16,27,196,California
Sierra,2021-01-13,4,216,3,50,1,166,0,0,1,178,3,19,1,197,California
Sierra,2021-01-14,35,251,2,52,33,199,0,0,35,213,0,19,35,232,California
Sierra,2021-01-15,2,253,1,53,1,200,0,0,2,215,0,19,2,234,California
Sierra,2021-01-18,2,255,0,53,2,202,0,0,2,217,0,19,2,236,California
Sierra,2021-01-19,32,287,0,53,32,234,0,0,32,249,0,19,32,268,California
Sierra,2021-01-20,1,288,1,54,0,234,0,0,1,250,0,19,1,269,California
Sierra,2021-01-21,54,342,0,54,54,288,0,0,54,304,0,19,54,323,California
Sierra,2021-01-22,1,343,0,54,1,289,0,0,1,305,0,19,1,324,California
Sierra,2021-01-23,2,345,0,54,2,291,0,0,2,307,0,19,2,326,California
Sierra,2021-01-26,62,407,0,54,62,353,0,0,24,293,38,57,24,350,California
Sierra,2021-01-27,4,411,4,58,0,353,0,0,0,289,4,61,0,350,California
Sierra,2021-01-28,53,464,0,58,53,406,0,0,44,324,9,70,44,394,California
Sierra,2021-01-29,1,465,0,58,1,407,0,0,1,325,0,70,1,395,California
Sierra,2021-01-30,3,468,3,61,0,407,0,0,2,326,1,71,2,397,California
Sierra,2021-02-01,1,469,0,61,1,408,0,0,0,325,1,72,0,397,California
Sierra,2021-02-02,57,526,0,61,57,465,0,0,18,304,39,111,18,415,California
Sierra,2021-02-03,6,532,5,66,1,466,0,0,5,308,1,112,5,420,California
Sierra,2021-02-04,105,637,6,72,99,565,0,0,57,317,48,160,57,477,California
Sierra,2021-02-05,6,643,4,76,2,567,0,0,5,321,1,161,5,482,California
Sierra,2021-02-09,51,694,0,76,51,618,0,0,49,368,2,163,49,531,California
Sierra,2021-02-10,5,699,2,78,3,621,0,0,4,371,1,164,4,535,California
Sierra,2021-02-11,196,895,1,79,195,816,0,0,134,443,62,226,134,669,California
Sierra,2021-02-12,20,915,0,79,20,836,0,0,20,463,0,226,20,689,California
Sierra,2021-02-13,1,916,1,80,0,836,0,0,1,464,0,226,1,690,California
Sierra,2021-02-14,1,917,0,80,1,837,0,0,1,465,0,226,1,691,California
Sierra,2021-02-15,1,918,1,81,0,837,0,0,0,464,1,227,0,691,California
Sierra,2021-02-16,43,961,0,81,43,880,0,0,10,441,33,260,10,701,California
Sierra,2021-02-17,3,964,0,81,3,883,0,0,1,440,2,262,1,702,California
Sierra,2021-02-18,143,1107,0,81,143,1026,0,0,92,481,51,313,92,794,California
Sierra,2021-02-19,1,1108,1,82,0,1026,0,0,1,482,0,313,1,795,California
Sierra,2021-02-20,2,1110,2,84,0,1026,0,0,0,480,2,315,0,795,California
Sierra,2021-02-22,1,1111,1,85,0,1026,0,0,1,481,0,315,1,796,California
Sierra,2021-02-23,4,1115,0,85,4,1030,0,0,4,485,0,315,4,800,California
Sierra,2021-02-24,5,1120,3,88,2,1032,0,0,4,488,1,316,4,804,California
Sierra,2021-02-25,124,1244,1,89,123,1155,0,0,58,480,66,382,58,862,California
Sierra,2021-02-26,9,1253,6,95,3,1158,0,0,4,479,5,387,4,866,California
Sierra,2021-02-27,2,1255,2,97,0,1158,0,0,0,477,2,389,0,866,California
Sierra,2021-03-01,2,1257,2,99,0,1158,0,0,0,475,2,391,0,866,California
Sierra,2021-03-02,56,1313,0,99,56,1214,0,0,38,495,18,409,38,904,California
Sierra,2021-03-03,2,1315,2,101,0,1214,0,0,1,495,1,410,1,905,California
Sierra,2021-03-04,108,1423,0,101,108,1322,0,0,57,501,51,461,57,962,California
Sierra,2021-03-05,13,1436,1,102,12,1334,0,0,11,510,2,463,11,973,California
Sierra,2021-03-07,1,1437,1,103,0,1334,0,0,0,509,1,464,0,973,California
Sierra,2021-03-08,2,1439,2,105,0,1334,0,0,2,511,0,464,2,975,California
Sierra,2021-03-09,56,1495,0,105,56,1390,0,0,11,477,45,509,11,986,California
Sierra,2021-03-10,6,1501,0,105,6,1396,0,0,4,479,2,511,4,990,California
Sierra,2021-03-11,176,1677,0,105,176,1572,0,0,44,391,132,643,44,1034,California
Sierra,2021-03-12,20,1697,1,106,19,1591,0,0,0,371,20,663,0,1034,California
Sierra,2021-03-13,28,1725,0,106,28,1619,0,0,28,399,0,663,28,1062,California
Sierra,2021-03-14,1,1726,0,106,0,1619,1,1,0,399,1,664,1,1063,California
Sierra,2021-03-15,2,1728,1,107,1,1620,0,1,0,397,2,666,0,1063,California
Sierra,2021-03-16,37,1765,0,107,36,1656,1,2,24,409,13,679,25,1088,California
Sierra,2021-03-17,4,1769,3,110,1,1657,0,2,1,407,3,682,1,1089,California
Sierra,2021-03-18,160,1929,0,110,160,1817,0,2,66,379,94,776,66,1155,California
Sierra,2021-03-19,4,1933,2,112,2,1819,0,2,1,377,3,779,1,1156,California
Sierra,2021-03-23,24,1957,0,112,24,1843,0,2,15,383,9,788,15,1171,California
Sierra,2021-03-24,2,1959,1,113,1,1844,0,2,0,381,2,790,0,1171,California
Sierra,2021-03-25,90,2049,0,113,90,1934,0,2,46,383,44,834,46,1217,California
Sierra,2021-03-26,13,2062,1,114,12,1946,0,2,10,390,3,837,10,1227,California
Sierra,2021-03-27,2,2064,1,115,1,1947,0,2,0,388,2,839,0,1227,California
Sierra,2021-03-29,1,2065,1,116,0,1947,0,2,0,387,1,840,0,1227,California
Sierra,2021-03-30,54,2119,0,116,54,2001,0,2,21,375,33,873,21,1248,California
Sierra,2021-03-31,8,2127,0,116,8,2009,0,2,8,383,0,873,8,1256,California
Sierra,2021-04-01,60,2187,2,118,58,2067,0,2,6,335,54,927,6,1262,California
Sierra,2021-04-02,3,2190,2,120,1,2068,0,2,2,336,1,928,2,1264,California
Sierra,2021-04-05,1,2191,1,121,0,2068,0,2,0,335,1,929,0,1264,California
Sierra,2021-04-06,10,2201,0,121,10,2078,0,2,0,325,10,939,0,1264,California
Sierra,2021-04-07,9,2210,0,121,5,2083,4,6,1,322,8,947,5,1269,California
Sierra,2021-04-08,51,2261,0,121,51,2134,0,6,15,301,36,983,15,1284,California
Siskiyou,2020-12-16,2,2,2,2,0,0,0,0,2,2,0,0,2,2,California
Siskiyou,2020-12-17,4,6,4,6,0,0,0,0,4,6,0,0,4,6,California
Siskiyou,2020-12-18,2,8,2,8,0,0,0,0,2,8,0,0,2,8,California
Siskiyou,2020-12-19,4,12,4,12,0,0,0,0,4,12,0,0,4,12,California
Siskiyou,2020-12-20,1,13,1,13,0,0,0,0,1,13,0,0,1,13,California
Siskiyou,2020-12-21,132,145,132,145,0,0,0,0,132,145,0,0,132,145,California
Siskiyou,2020-12-22,159,304,159,304,0,0,0,0,159,304,0,0,159,304,California
Siskiyou,2020-12-23,142,446,142,446,0,0,0,0,142,446,0,0,142,446,California
Siskiyou,2020-12-24,5,451,5,451,0,0,0,0,5,451,0,0,5,451,California
Siskiyou,2020-12-26,2,453,0,451,2,2,0,0,2,453,0,0,2,453,California
Siskiyou,2020-12-27,2,455,0,451,2,4,0,0,2,455,0,0,2,455,California
Siskiyou,2020-12-28,3,458,1,452,2,6,0,0,3,458,0,0,3,458,California
Siskiyou,2020-12-29,6,464,2,454,4,10,0,0,6,464,0,0,6,464,California
Siskiyou,2020-12-30,98,562,3,457,95,105,0,0,98,562,0,0,98,562,California
Siskiyou,2020-12-31,12,574,0,457,12,117,0,0,12,574,0,0,12,574,California
Siskiyou,2021-01-02,1,575,1,458,0,117,0,0,1,575,0,0,1,575,California
Siskiyou,2021-01-03,1,576,0,458,1,118,0,0,1,576,0,0,1,576,California
Siskiyou,2021-01-04,130,706,3,461,127,245,0,0,130,706,0,0,130,706,California
Siskiyou,2021-01-05,117,823,4,465,113,358,0,0,116,821,1,1,116,822,California
Siskiyou,2021-01-06,59,882,6,471,53,411,0,0,55,872,4,5,55,877,California
Siskiyou,2021-01-07,175,1057,3,474,172,583,0,0,174,1045,1,6,174,1051,California
Siskiyou,2021-01-08,41,1098,3,477,38,621,0,0,39,1082,2,8,39,1090,California
Siskiyou,2021-01-09,2,1100,2,479,0,621,0,0,0,1080,2,10,0,1090,California
Siskiyou,2021-01-11,226,1326,65,544,161,782,0,0,163,1180,63,73,163,1253,California
Siskiyou,2021-01-12,320,1646,273,817,47,829,0,0,87,1034,233,306,87,1340,California
Siskiyou,2021-01-13,157,1803,137,954,20,849,0,0,23,923,134,440,23,1363,California
Siskiyou,2021-01-14,26,1829,1,955,25,874,0,0,25,947,1,441,25,1388,California
Siskiyou,2021-01-15,35,1864,3,958,32,906,0,0,35,982,0,441,35,1423,California
Siskiyou,2021-01-16,7,1871,2,960,5,911,0,0,7,989,0,441,7,1430,California
Siskiyou,2021-01-17,1,1872,1,961,0,911,0,0,0,988,1,442,0,1430,California
Siskiyou,2021-01-18,75,1947,4,965,71,982,0,0,73,1059,2,444,73,1503,California
Siskiyou,2021-01-19,21,1968,1,966,20,1002,0,0,20,1078,1,445,20,1523,California
Siskiyou,2021-01-20,47,2015,35,1001,12,1014,0,0,43,1117,4,449,43,1566,California
Siskiyou,2021-01-21,42,2057,1,1002,41,1055,0,0,42,1159,0,449,42,1608,California
Siskiyou,2021-01-22,1331,3388,1179,2181,152,1207,0,0,1331,2490,0,449,1331,2939,California
Siskiyou,2021-01-23,5,3393,1,2182,4,1211,0,0,2,2489,3,452,2,2941,California
Siskiyou,2021-01-25,182,3575,8,2190,174,1385,0,0,178,2663,4,456,178,3119,California
Siskiyou,2021-01-26,149,3724,4,2194,145,1530,0,0,141,2796,8,464,141,3260,California
Siskiyou,2021-01-27,179,3903,0,2194,179,1709,0,0,125,2867,54,518,125,3385,California
Siskiyou,2021-01-28,232,4135,118,2312,114,1823,0,0,226,3087,6,524,226,3611,California
Siskiyou,2021-01-29,248,4383,2,2314,246,2069,0,0,246,3331,2,526,246,3857,California
Siskiyou,2021-01-30,3,4386,2,2316,1,2070,0,0,3,3334,0,526,3,3860,California
Siskiyou,2021-02-01,194,4580,3,2319,191,2261,0,0,104,3348,90,616,104,3964,California
Siskiyou,2021-02-02,288,4868,45,2364,243,2504,0,0,147,3354,141,757,147,4111,California
Siskiyou,2021-02-03,313,5181,1,2365,312,2816,0,0,264,3569,49,806,264,4375,California
Siskiyou,2021-02-04,318,5499,7,2372,311,3127,0,0,199,3649,119,925,199,4574,California
Siskiyou,2021-02-05,511,6010,4,2376,507,3634,0,0,346,3830,165,1090,346,4920,California
Siskiyou,2021-02-06,15,6025,0,2376,15,3649,0,0,15,3845,0,1090,15,4935,California
Siskiyou,2021-02-07,3,6028,2,2378,1,3650,0,0,3,3848,0,1090,3,4938,California
Siskiyou,2021-02-08,221,6249,5,2383,216,3866,0,0,216,4059,5,1095,216,5154,California
Siskiyou,2021-02-09,194,6443,3,2386,191,4057,0,0,161,4187,33,1128,161,5315,California
Siskiyou,2021-02-10,370,6813,40,2426,330,4387,0,0,316,4450,53,1181,316,5631,California
Siskiyou,2021-02-11,191,7004,1,2427,190,4577,0,0,175,4609,16,1197,175,5806,California
Siskiyou,2021-02-12,1694,8698,1202,3629,492,5069,0,0,501,3917,1193,2390,501,6307,California
Siskiyou,2021-02-13,36,8734,2,3631,34,5103,0,0,32,3945,4,2394,32,6339,California
Siskiyou,2021-02-14,5,8739,1,3632,4,5107,0,0,5,3950,0,2394,5,6344,California
Siskiyou,2021-02-15,108,8847,10,3642,98,5205,0,0,106,4054,2,2396,106,6450,California
Siskiyou,2021-02-16,114,8961,2,3644,112,5317,0,0,99,4138,15,2411,99,6549,California
Siskiyou,2021-02-17,182,9143,15,3659,167,5484,0,0,168,4292,14,2425,168,6717,California
Siskiyou,2021-02-18,221,9364,89,3748,132,5616,0,0,98,4267,123,2548,98,6815,California
Siskiyou,2021-02-19,70,9434,33,3781,37,5653,0,0,34,4265,36,2584,34,6849,California
Siskiyou,2021-02-20,21,9455,3,3784,18,5671,0,0,17,4278,4,2588,17,6866,California
Siskiyou,2021-02-21,2,9457,2,3786,0,5671,0,0,2,4280,0,2588,2,6868,California
Siskiyou,2021-02-22,124,9581,1,3787,123,5794,0,0,18,4192,106,2694,18,6886,California
Siskiyou,2021-02-23,195,9776,15,3802,180,5974,0,0,51,4099,144,2838,51,6937,California
Siskiyou,2021-02-24,146,9922,4,3806,142,6116,0,0,34,4021,112,2950,34,6971,California
Siskiyou,2021-02-25,300,10222,24,3830,276,6392,0,0,154,4029,146,3096,154,7125,California
Siskiyou,2021-02-26,667,10889,9,3839,658,7050,0,0,366,4094,301,3397,366,7491,California
Siskiyou,2021-02-27,32,10921,5,3844,27,7077,0,0,27,4116,5,3402,27,7518,California
Siskiyou,2021-02-28,4,10925,4,3848,0,7077,0,0,3,4118,1,3403,3,7521,California
Siskiyou,2021-03-01,281,11206,7,3855,274,7351,0,0,51,3939,230,3633,51,7572,California
Siskiyou,2021-03-02,189,11395,1,3856,188,7539,0,0,71,3892,118,3751,71,7643,California
Siskiyou,2021-03-03,343,11738,7,3863,336,7875,0,0,153,3855,190,3941,153,7796,California
Siskiyou,2021-03-04,771,12509,600,4463,171,8046,0,0,620,4324,151,4092,620,8416,California
Siskiyou,2021-03-05,322,12831,7,4470,304,8350,11,11,103,4222,216,4308,114,8530,California
Siskiyou,2021-03-06,34,12865,2,4472,27,8377,5,16,26,4245,8,4316,31,8561,California
Siskiyou,2021-03-07,12,12877,4,4476,0,8377,8,24,3,4247,9,4325,11,8572,California
Siskiyou,2021-03-08,359,13236,31,4507,293,8670,35,59,57,4037,302,4627,92,8664,California
Siskiyou,2021-03-09,157,13393,0,4507,104,8774,53,112,52,4037,105,4732,105,8769,California
Siskiyou,2021-03-10,221,13614,7,4514,183,8957,31,143,32,3910,189,4921,62,8831,California
Siskiyou,2021-03-11,467,14081,201,4715,219,9176,47,190,268,4027,198,5119,315,9146,California
Siskiyou,2021-03-12,626,14707,127,4842,460,9636,39,229,177,3796,447,5566,216,9362,California
Siskiyou,2021-03-13,423,15130,379,5221,21,9657,23,252,380,4156,43,5609,403,9765,California
Siskiyou,2021-03-14,23,15153,2,5223,5,9662,16,268,3,4155,20,5629,19,9784,California
Siskiyou,2021-03-15,452,15605,256,5479,177,9839,19,287,320,4362,132,5761,339,10123,California
Siskiyou,2021-03-16,260,15865,37,5516,206,10045,17,304,145,4410,114,5875,162,10285,California
Siskiyou,2021-03-17,196,16061,6,5522,182,10227,8,312,31,4284,165,6040,39,10324,California
Siskiyou,2021-03-18,926,16987,789,6311,125,10352,12,324,810,4990,116,6156,822,11146,California
Siskiyou,2021-03-19,66,17053,9,6320,44,10396,13,337,20,4977,46,6202,33,11179,California
Siskiyou,2021-03-20,30,17083,7,6327,18,10414,5,342,6,4964,24,6226,11,11190,California
Siskiyou,2021-03-21,9,17092,3,6330,1,10415,5,347,3,4966,6,6232,8,11198,California
Siskiyou,2021-03-22,205,17297,19,6349,164,10579,22,369,142,5070,60,6292,164,11362,California
Siskiyou,2021-03-23,190,17487,19,6368,161,10740,10,379,136,5162,54,6346,146,11508,California
Siskiyou,2021-03-24,143,17630,51,6419,92,10832,0,379,119,5257,24,6370,119,11627,California
Siskiyou,2021-03-25,542,18172,292,6711,247,11079,3,382,372,5462,170,6540,375,12002,California
Siskiyou,2021-03-26,294,18466,27,6738,267,11346,0,382,95,5359,198,6738,95,12097,California
Siskiyou,2021-03-27,37,18503,4,6742,28,11374,5,387,9,5345,28,6766,14,12111,California
Siskiyou,2021-03-28,6,18509,6,6748,0,11374,0,387,4,5347,2,6768,4,12115,California
Siskiyou,2021-03-29,105,18614,11,6759,92,11466,2,389,47,5347,49,6817,49,12164,California
Siskiyou,2021-03-30,99,18713,3,6762,95,11561,1,390,38,5325,61,6878,39,12203,California
Siskiyou,2021-03-31,187,18900,22,6784,164,11725,1,391,50,5241,136,7014,52,12255,California
Siskiyou,2021-04-01,817,19717,670,7454,147,11872,0,391,209,4842,608,7622,209,12464,California
Siskiyou,2021-04-02,340,20057,194,7648,142,12014,4,395,64,4635,275,7897,68,12532,California
Siskiyou,2021-04-03,25,20082,4,7652,14,12028,7,402,5,4627,20,7917,12,12544,California
Siskiyou,2021-04-04,2,20084,2,7654,0,12028,0,402,1,4627,1,7918,1,12545,California
Siskiyou,2021-04-05,429,20513,326,7980,77,12105,26,428,25,4274,404,8322,51,12596,California
Siskiyou,2021-04-06,206,20719,36,8016,127,12232,43,471,121,4353,85,8407,164,12760,California
Siskiyou,2021-04-07,99,20818,8,8024,57,12289,34,505,60,4408,39,8446,94,12854,California
Siskiyou,2021-04-08,251,21069,166,8190,79,12368,6,511,49,4261,202,8648,55,12909,California
Solano,2020-12-15,4,4,4,4,0,0,0,0,4,4,0,0,4,4,California
Solano,2020-12-16,71,75,71,75,0,0,0,0,71,75,0,0,71,75,California
Solano,2020-12-17,151,226,151,226,0,0,0,0,151,226,0,0,151,226,California
Solano,2020-12-18,448,674,447,673,1,1,0,0,448,674,0,0,448,674,California
Solano,2020-12-19,516,1190,516,1189,0,1,0,0,516,1190,0,0,516,1190,California
Solano,2020-12-20,353,1543,352,1541,1,2,0,0,353,1543,0,0,353,1543,California
Solano,2020-12-21,571,2114,569,2110,2,4,0,0,571,2114,0,0,571,2114,California
Solano,2020-12-22,662,2776,629,2739,33,37,0,0,662,2776,0,0,662,2776,California
Solano,2020-12-23,855,3631,771,3510,84,121,0,0,854,3630,0,0,854,3630,California
Solano,2020-12-24,420,4051,169,3679,251,372,0,0,420,4050,0,0,420,4050,California
Solano,2020-12-25,10,4061,2,3681,8,380,0,0,10,4060,0,0,10,4060,California
Solano,2020-12-26,175,4236,48,3729,127,507,0,0,175,4235,0,0,175,4235,California
Solano,2020-12-27,103,4339,29,3758,74,581,0,0,103,4338,0,0,103,4338,California
Solano,2020-12-28,860,5199,421,4179,439,1020,0,0,860,5198,0,0,860,5198,California
Solano,2020-12-29,889,6088,374,4553,515,1535,0,0,889,6087,0,0,889,6087,California
Solano,2020-12-30,1207,7295,598,5151,609,2144,0,0,1207,7294,0,0,1207,7294,California
Solano,2020-12-31,533,7828,135,5286,398,2542,0,0,533,7827,0,0,533,7827,California
Solano,2021-01-01,12,7840,11,5297,1,2543,0,0,12,7839,0,0,12,7839,California
Solano,2021-01-02,212,8052,164,5461,48,2591,0,0,212,8051,0,0,212,8051,California
Solano,2021-01-03,57,8109,40,5501,17,2608,0,0,52,8103,0,0,52,8103,California
Solano,2021-01-04,451,8560,246,5747,205,2813,0,0,441,8541,3,3,441,8544,California
Solano,2021-01-05,693,9253,376,6123,317,3130,0,0,539,8931,149,152,539,9083,California
Solano,2021-01-06,822,10075,436,6559,386,3516,0,0,560,9231,260,412,560,9643,California
Solano,2021-01-07,1047,11122,696,7255,351,3867,0,0,591,9369,454,866,592,10235,California
Solano,2021-01-08,1115,12237,774,8029,341,4208,0,0,522,9318,575,1441,524,10759,California
Solano,2021-01-09,885,13122,763,8792,122,4330,0,0,428,9292,454,1895,428,11187,California
Solano,2021-01-10,253,13375,193,8985,60,4390,0,0,152,9343,101,1996,152,11339,California
Solano,2021-01-11,1321,14696,1108,10093,213,4603,0,0,807,9636,514,2510,807,12146,California
Solano,2021-01-12,1556,16252,1160,11253,396,4999,0,0,1009,10100,546,3056,1010,13156,California
Solano,2021-01-13,1426,17678,1000,12253,426,5425,0,0,1166,11008,258,3314,1166,14322,California
Solano,2021-01-14,1849,19527,795,13048,1054,6479,0,0,1536,12231,313,3627,1536,15858,California
Solano,2021-01-15,1684,21211,1057,14105,627,7106,0,0,1386,13319,298,3925,1386,17244,California
Solano,2021-01-16,1290,22501,905,15010,385,7491,0,0,1115,14259,175,4100,1115,18359,California
Solano,2021-01-17,1041,23542,760,15770,281,7772,0,0,1024,15266,17,4117,1024,19383,California
Solano,2021-01-18,1405,24947,856,16626,549,8321,0,0,1287,16438,118,4235,1290,20673,California
Solano,2021-01-19,1640,26587,1337,17963,303,8624,0,0,1369,17537,270,4505,1369,22042,California
Solano,2021-01-20,2027,28614,1420,19383,607,9231,0,0,1545,18603,479,4984,1545,23587,California
Solano,2021-01-21,3102,31716,999,20382,2103,11334,0,0,2759,21020,343,5327,2760,26347,California
Solano,2021-01-22,1749,33465,842,21224,907,12241,0,0,1559,22389,190,5517,1559,27906,California
Solano,2021-01-23,729,34194,236,21460,493,12734,0,0,527,22714,203,5720,528,28434,California
Solano,2021-01-24,375,34569,60,21520,315,13049,0,0,310,22959,65,5785,310,28744,California
Solano,2021-01-25,1614,36183,620,22140,994,14043,0,0,1068,23482,546,6331,1069,29813,California
Solano,2021-01-26,1674,37857,737,22877,937,14980,0,0,1046,23902,627,6958,1047,30860,California
Solano,2021-01-27,1762,39619,727,23604,1035,16015,0,0,1174,24501,575,7533,1174,32034,California
Solano,2021-01-28,1841,41460,715,24319,1126,17141,0,0,1238,25138,602,8135,1239,33273,California
Solano,2021-01-29,1646,43106,781,25100,865,18006,0,0,1294,26082,350,8485,1294,34567,California
Solano,2021-01-30,712,43818,222,25322,490,18496,0,0,551,26472,161,8646,551,35118,California
Solano,2021-01-31,485,44303,393,25715,92,18588,0,0,230,26448,255,8901,231,35349,California
Solano,2021-02-01,1470,45773,971,26686,499,19087,0,0,739,26457,730,9631,739,36088,California
Solano,2021-02-02,3293,49066,1103,27789,2190,21277,0,0,2502,28172,787,10418,2502,38590,California
Solano,2021-02-03,2223,51289,1300,29089,923,22200,0,0,1149,28251,1070,11488,1149,39739,California
Solano,2021-02-04,1754,53043,904,29993,850,23050,0,0,1043,28588,706,12194,1043,40782,California
Solano,2021-02-05,3046,56089,1407,31400,1639,24689,0,0,2056,29663,981,13175,2056,42838,California
Solano,2021-02-06,3019,59108,1169,32569,1850,26539,0,0,2207,31062,809,13984,2208,45046,California
Solano,2021-02-07,849,59957,787,33356,62,26601,0,0,231,30675,618,14602,231,45277,California
Solano,2021-02-08,1705,61662,1232,34588,473,27074,0,0,676,30324,1027,15629,676,45953,California
Solano,2021-02-09,1891,63553,1467,36055,424,27498,0,0,672,29779,1218,16847,673,46626,California
Solano,2021-02-10,2246,65799,1497,37552,749,28247,0,0,826,29185,1420,18267,826,47452,California
Solano,2021-02-11,2389,68188,1439,38991,950,29197,0,0,1120,29046,1259,19526,1120,48572,California
Solano,2021-02-12,4041,72229,1550,40541,2491,31688,0,0,2733,30478,1301,20827,2733,51305,California
Solano,2021-02-13,2813,75042,240,40781,2573,34261,0,0,2432,32532,378,21205,2432,53737,California
Solano,2021-02-14,687,75729,201,40982,486,34747,0,0,411,32669,274,21479,411,54148,California
Solano,2021-02-15,1291,77020,322,41304,969,35716,0,0,670,32720,619,22098,670,54818,California
Solano,2021-02-16,2385,79405,1225,42529,1160,36876,0,0,1622,33580,762,22860,1622,56440,California
Solano,2021-02-17,2689,82094,1216,43745,1473,38349,0,0,1901,34697,785,23645,1902,58342,California
Solano,2021-02-18,2562,84656,695,44440,1867,40216,0,0,804,33751,1751,25396,805,59147,California
Solano,2021-02-19,2199,86855,1259,45699,940,41156,0,0,1121,33800,1074,26470,1123,60270,California
Solano,2021-02-20,2541,89396,381,46080,2160,43316,0,0,2073,35404,469,26939,2073,62343,California
Solano,2021-02-21,2137,91533,1858,47938,279,43595,0,0,1855,36980,279,27218,1855,64198,California
Solano,2021-02-22,1575,93108,911,48849,664,44259,0,0,815,37038,758,27976,816,65014,California
Solano,2021-02-23,2479,95587,968,49817,1511,45770,0,0,1633,37828,843,28819,1633,66647,California
Solano,2021-02-24,2326,97913,1130,50947,1196,46966,0,0,1299,38102,1025,29844,1299,67946,California
Solano,2021-02-25,2280,100193,1345,52292,935,47901,0,0,1256,38340,1018,30862,1256,69202,California
Solano,2021-02-26,2622,102815,1519,53811,1103,49004,0,0,1373,38468,1245,32107,1373,70575,California
Solano,2021-02-27,3636,106451,1371,55182,2265,51269,0,0,2947,40732,683,32790,2947,73522,California
Solano,2021-02-28,1353,107804,1039,56221,314,51583,0,0,1081,41544,269,33059,1081,74603,California
Solano,2021-03-01,2197,110001,1057,57278,1140,52723,0,0,1591,42535,601,33660,1592,76195,California
Solano,2021-03-02,1920,111921,1225,58503,695,53418,0,0,1200,43015,720,34380,1200,77395,California
Solano,2021-03-03,2091,114012,1182,59685,909,54327,0,0,1290,43512,793,35173,1290,78685,California
Solano,2021-03-04,4195,118207,3277,62962,916,55243,2,2,3114,45556,1075,36248,3119,81804,California
Solano,2021-03-05,4677,122884,1601,64563,3073,58316,3,5,3774,48436,897,37145,3777,85581,California
Solano,2021-03-06,3738,126622,822,65385,2877,61193,39,44,2574,49893,1156,38301,2613,88194,California
Solano,2021-03-07,3469,130091,735,66120,2724,63917,10,54,1926,50297,1533,39834,1937,90131,California
Solano,2021-03-08,1583,131674,813,66933,499,64416,271,325,1087,51160,494,40328,1357,91488,California
Solano,2021-03-09,2885,134559,1329,68262,1504,65920,52,377,2069,52462,816,41144,2118,93606,California
Solano,2021-03-10,2185,136744,1552,69814,549,66469,84,461,1093,52549,1089,42233,1176,94782,California
Solano,2021-03-11,5495,142239,1400,71214,3840,70309,255,716,4509,56329,984,43217,4764,99546,California
Solano,2021-03-12,5718,147957,1383,72597,4170,74479,165,881,3002,56783,2712,45929,3166,102712,California
Solano,2021-03-13,4547,152504,799,73396,3666,78145,82,963,2227,56783,2313,48242,2313,105025,California
Solano,2021-03-14,3979,156483,3102,76498,424,78569,453,1416,1659,56576,2316,50558,2109,107134,California
Solano,2021-03-15,3753,160236,2235,78733,1202,79771,316,1732,2400,57946,1346,51904,2716,109850,California
Solano,2021-03-16,2847,163083,1134,79867,1478,81249,235,1967,1433,58204,1409,53313,1667,111517,California
Solano,2021-03-17,5915,168998,1473,81340,4352,85601,90,2057,4579,61540,1333,54646,4669,116186,California
Solano,2021-03-18,4999,173997,1676,83016,3286,88887,37,2094,3696,63978,1295,55941,3733,119919,California
Solano,2021-03-19,2448,176445,1637,84653,738,89625,73,2167,1303,64214,1141,57082,1377,121296,California
Solano,2021-03-20,5448,181893,1669,86322,3726,93351,53,2220,2795,64419,2643,59725,2848,124144,California
Solano,2021-03-21,1660,183553,1567,87889,70,93421,23,2243,850,64481,809,60534,871,125015,California
Solano,2021-03-22,2306,185859,1695,89584,562,93983,49,2292,1370,64969,931,61465,1419,126434,California
Solano,2021-03-23,3015,188874,1493,91077,1482,95465,40,2332,1356,64710,1655,63120,1396,127830,California
Solano,2021-03-24,2647,191521,1634,92711,979,96444,34,2366,1262,64627,1379,64499,1296,129126,California
Solano,2021-03-25,4466,195987,3664,96375,767,97211,35,2401,2006,64214,2455,66954,2042,131168,California
Solano,2021-03-26,2758,198745,1661,98036,1061,98272,36,2437,1494,64487,1257,68211,1530,132698,California
Solano,2021-03-27,4150,202895,1152,99188,2964,101236,34,2471,1792,63961,2352,70563,1826,134524,California
Solano,2021-03-28,1346,204241,1101,100289,227,101463,18,2489,552,63743,789,71352,571,135095,California
Solano,2021-03-29,2745,206986,1490,101779,1239,102702,16,2505,1544,64107,1196,72548,1560,136655,California
Solano,2021-03-30,2770,209756,1824,103603,860,103562,86,2591,1739,64903,1029,73577,1825,138480,California
Solano,2021-03-31,2851,212607,1918,105521,781,104343,152,2743,1655,65515,1193,74770,1805,140285,California
Solano,2021-04-01,4897,217504,1667,107188,3086,107429,144,2887,3256,67286,1629,76399,3400,143685,California
Solano,2021-04-02,4822,222326,1661,108849,3002,110431,159,3046,2092,66818,2719,79118,2251,145936,California
Solano,2021-04-03,1492,223818,953,109802,399,110830,140,3186,565,66598,925,80043,705,146641,California
Solano,2021-04-04,770,224588,284,110086,186,111016,300,3486,235,66601,532,80575,535,147176,California
Solano,2021-04-05,2782,227370,1881,111967,708,111724,193,3679,1396,66804,1385,81960,1588,148764,California
Solano,2021-04-06,4616,231986,1387,113354,2759,114483,470,4149,1393,65449,3217,85177,1862,150626,California
Solano,2021-04-07,4684,236670,3434,116788,906,115389,344,4493,2726,66568,1953,87130,3072,153698,California
Solano,2021-04-08,2670,239340,1028,117816,1071,116460,571,5064,929,66328,1736,88866,1496,155194,California
Sonoma,2020-12-15,4,4,4,4,0,0,0,0,4,4,0,0,4,4,California
Sonoma,2020-12-16,27,31,27,31,0,0,0,0,27,31,0,0,27,31,California
Sonoma,2020-12-17,102,133,102,133,0,0,0,0,102,133,0,0,102,133,California
Sonoma,2020-12-18,421,554,421,554,0,0,0,0,421,554,0,0,421,554,California
Sonoma,2020-12-19,111,665,110,664,1,1,0,0,111,665,0,0,111,665,California
Sonoma,2020-12-20,174,839,174,838,0,1,0,0,174,839,0,0,174,839,California
Sonoma,2020-12-21,911,1750,909,1747,2,3,0,0,910,1749,0,0,910,1749,California
Sonoma,2020-12-22,1357,3107,1265,3012,92,95,0,0,1357,3106,0,0,1357,3106,California
Sonoma,2020-12-23,1599,4706,1225,4237,374,469,0,0,1600,4706,0,0,1600,4706,California
Sonoma,2020-12-24,305,5011,101,4338,204,673,0,0,305,5011,0,0,305,5011,California
Sonoma,2020-12-25,8,5019,2,4340,6,679,0,0,8,5019,0,0,8,5019,California
Sonoma,2020-12-26,266,5285,255,4595,11,690,0,0,266,5285,0,0,266,5285,California
Sonoma,2020-12-27,93,5378,80,4675,13,703,0,0,93,5378,0,0,93,5378,California
Sonoma,2020-12-28,991,6369,554,5229,437,1140,0,0,963,6341,0,0,963,6341,California
Sonoma,2020-12-29,1129,7498,776,6005,353,1493,0,0,1095,7436,0,0,1095,7436,California
Sonoma,2020-12-30,1091,8589,478,6483,613,2106,0,0,1083,8519,0,0,1083,8519,California
Sonoma,2020-12-31,517,9106,71,6554,446,2552,0,0,518,9037,0,0,518,9037,California
Sonoma,2021-01-01,10,9116,5,6559,5,2557,0,0,10,9047,0,0,10,9047,California
Sonoma,2021-01-02,132,9248,126,6685,6,2563,0,0,132,9179,0,0,132,9179,California
Sonoma,2021-01-03,25,9273,11,6696,14,2577,0,0,25,9204,0,0,25,9204,California
Sonoma,2021-01-04,340,9613,104,6800,236,2813,0,0,339,9543,0,0,339,9543,California
Sonoma,2021-01-05,439,10052,102,6902,337,3150,0,0,415,9943,15,15,415,9958,California
Sonoma,2021-01-06,946,10998,431,7333,515,3665,0,0,834,10672,105,120,834,10792,California
Sonoma,2021-01-07,1018,12016,526,7859,492,4157,0,0,848,11351,169,289,848,11640,California
Sonoma,2021-01-08,1782,13798,1227,9086,555,4712,0,0,1312,12195,468,757,1312,12952,California
Sonoma,2021-01-09,637,14435,401,9487,236,4948,0,0,589,12736,48,805,589,13541,California
Sonoma,2021-01-10,473,14908,462,9949,11,4959,0,0,280,12823,193,998,280,13821,California
Sonoma,2021-01-11,1380,16288,1234,11183,146,5105,0,0,412,12271,964,1962,412,14233,California
Sonoma,2021-01-12,1546,17834,1293,12476,253,5358,0,0,395,11517,1149,3111,395,14628,California
Sonoma,2021-01-13,2063,19897,1421,13897,642,6000,0,0,1202,11861,858,3969,1202,15830,California
Sonoma,2021-01-14,1526,21423,805,14702,721,6721,0,0,1297,12929,229,4198,1297,17127,California
Sonoma,2021-01-15,1562,22985,634,15336,928,7649,0,0,1342,14061,211,4409,1343,18470,California
Sonoma,2021-01-16,1141,24126,612,15948,529,8178,0,0,896,14716,241,4650,896,19366,California
Sonoma,2021-01-17,667,24793,548,16496,119,8297,0,0,586,15221,81,4731,586,19952,California
Sonoma,2021-01-18,1105,25898,932,17428,173,8470,0,0,614,15345,491,5222,615,20567,California
Sonoma,2021-01-19,2094,27992,1006,18434,1088,9558,0,0,1384,16022,708,5930,1385,21952,California
Sonoma,2021-01-20,2072,30064,623,19057,1449,11007,0,0,1414,16788,649,6579,1415,23367,California
Sonoma,2021-01-21,2218,32282,616,19673,1602,12609,0,0,1999,18571,217,6796,2000,25367,California
Sonoma,2021-01-22,2725,35007,1033,20706,1692,14301,0,0,2577,21001,147,6943,2577,27944,California
Sonoma,2021-01-23,764,35771,593,21299,171,14472,0,0,657,21552,106,7049,657,28601,California
Sonoma,2021-01-24,828,36599,694,21993,134,14606,0,0,813,22350,15,7064,813,29414,California
Sonoma,2021-01-25,2164,38763,518,22511,1646,16252,0,0,1678,23542,486,7550,1678,31092,California
Sonoma,2021-01-26,1998,40761,295,22806,1703,17955,0,0,1542,24629,455,8005,1542,32634,California
Sonoma,2021-01-27,3684,44445,1273,24079,2411,20366,0,0,3113,27176,569,8574,3116,35750,California
Sonoma,2021-01-28,4083,48528,1815,25894,2268,22634,0,0,3425,29947,655,9229,3426,39176,California
Sonoma,2021-01-29,2956,51484,1403,27297,1553,24187,0,0,2128,31250,826,10055,2129,41305,California
Sonoma,2021-01-30,2566,54050,2380,29677,186,24373,0,0,2232,33149,334,10389,2233,43538,California
Sonoma,2021-01-31,775,54825,663,30340,112,24485,0,0,578,33531,196,10585,578,44116,California
Sonoma,2021-02-01,2484,57309,866,31206,1618,26103,0,0,2087,35223,395,10980,2087,46203,California
Sonoma,2021-02-02,3441,60750,1362,32568,2079,28182,0,0,2875,37534,564,11544,2875,49078,California
Sonoma,2021-02-03,4020,64770,1317,33885,2703,30885,0,0,3097,39710,921,12465,3097,52175,California
Sonoma,2021-02-04,4179,68949,1699,35584,2480,33365,0,0,3408,42349,769,13234,3408,55583,California
Sonoma,2021-02-05,4792,73741,1732,37316,3060,36425,0,0,3781,45124,1007,14241,3782,59365,California
Sonoma,2021-02-06,2645,76386,2287,39603,358,36783,0,0,2088,46657,556,14797,2089,61454,California
Sonoma,2021-02-07,1524,77910,1390,40993,134,36917,0,0,1276,47685,248,15045,1276,62730,California
Sonoma,2021-02-08,3246,81156,1029,42022,2217,39134,0,0,2667,49774,578,15623,2667,65397,California
Sonoma,2021-02-09,3544,84700,1694,43716,1850,40984,0,0,3067,52366,475,16098,3067,68464,California
Sonoma,2021-02-10,4397,89097,2357,46073,2040,43024,0,0,3365,54706,1026,17124,3366,71830,California
Sonoma,2021-02-11,5326,94423,2785,48858,2541,45565,0,0,4157,57696,1167,18291,4157,75987,California
Sonoma,2021-02-12,5628,100051,2971,51829,2657,48222,0,0,4215,60503,1410,19701,4217,80204,California
Sonoma,2021-02-13,1981,102032,1152,52981,829,49051,0,0,1205,60936,773,20474,1206,81410,California
Sonoma,2021-02-14,2303,104335,1807,54788,496,49547,0,0,1583,61800,719,21193,1583,82993,California
Sonoma,2021-02-15,2132,106467,786,55574,1346,50893,0,0,1607,62883,524,21717,1607,84600,California
Sonoma,2021-02-16,4609,111076,2047,57621,2562,53455,0,0,3361,65000,1244,22961,3361,87961,California
Sonoma,2021-02-17,5311,116387,2878,60499,2433,55888,0,0,3329,66358,1972,24933,3330,91291,California
Sonoma,2021-02-18,6751,123138,2982,63481,3769,59657,0,0,3867,67349,2876,27809,3867,95158,California
Sonoma,2021-02-19,5349,128487,1650,65131,3699,63356,0,0,3262,68529,2082,29891,3262,98420,California
Sonoma,2021-02-20,3095,131582,2819,67950,276,63632,0,0,1218,67876,1871,31762,1218,99638,California
Sonoma,2021-02-21,514,132096,410,68360,104,63736,0,0,129,67623,382,32144,129,99767,California
Sonoma,2021-02-22,2702,134798,1348,69708,1354,65090,0,0,1040,67006,1657,33801,1040,100807,California
Sonoma,2021-02-23,3075,137873,2050,71758,1025,66115,0,0,1353,66640,1719,35520,1353,102160,California
Sonoma,2021-02-24,5446,143319,2530,74288,2916,69031,0,0,2733,66666,2709,38229,2735,104895,California
Sonoma,2021-02-25,5633,148952,2219,76507,3414,72445,0,0,2965,66984,2647,40876,2965,107860,California
Sonoma,2021-02-26,5993,154945,2729,79236,3264,75709,0,0,3727,68450,2261,43137,3727,111587,California
Sonoma,2021-02-27,3995,158940,1902,81138,2093,77802,0,0,2666,69789,1327,44464,2666,114253,California
Sonoma,2021-02-28,2324,161264,1842,82980,482,78284,0,0,612,68695,1706,46170,612,114865,California
Sonoma,2021-03-01,3654,164918,1122,84102,2532,80816,0,0,1811,68672,1835,48005,1812,116677,California
Sonoma,2021-03-02,4198,169116,1453,85555,2745,83561,0,0,2475,69432,1715,49720,2475,119152,California
Sonoma,2021-03-03,4766,173882,2496,88051,2270,85831,0,0,2188,69049,2571,52291,2188,121340,California
Sonoma,2021-03-04,5664,179546,2430,90481,3234,89065,0,0,2557,68512,3094,55385,2557,123897,California
Sonoma,2021-03-05,6134,185680,2538,93019,3581,92646,15,15,2702,67810,3420,58805,2718,126615,California
Sonoma,2021-03-06,2741,188421,1203,94222,1410,94056,128,143,1890,68981,846,59651,2017,128632,California
Sonoma,2021-03-07,1671,190092,1388,95610,250,94306,33,176,355,68055,1314,60965,388,129020,California
Sonoma,2021-03-08,3876,193968,651,96261,3051,97357,174,350,2218,68797,1648,62613,2390,131410,California
Sonoma,2021-03-09,5389,199357,2992,99253,2157,99514,240,590,2654,68962,2729,65342,2894,134304,California
Sonoma,2021-03-10,5920,205277,3160,102413,2436,101950,324,914,2393,68166,3513,68855,2717,137021,California
Sonoma,2021-03-11,7450,212727,2969,105382,3673,105623,808,1722,2630,66792,4812,73667,3438,140459,California
Sonoma,2021-03-12,7336,220063,2247,107629,3739,109362,1350,3072,2089,64998,5230,78897,3436,143895,California
Sonoma,2021-03-13,3163,223226,1538,109167,1394,110756,231,3303,1795,65656,1367,80264,2025,145920,California
Sonoma,2021-03-14,1372,224598,382,109549,849,111605,141,3444,845,66117,524,80788,985,146905,California
Sonoma,2021-03-15,5202,229800,1486,111035,3331,114936,385,3829,2189,65685,3005,83793,2573,149478,California
Sonoma,2021-03-16,6243,236043,2217,113252,3794,118730,232,4061,3157,65992,3082,86875,3389,152867,California
Sonoma,2021-03-17,6721,242764,3511,116763,3031,121761,179,4240,3539,66538,3173,90048,3719,156586,California
Sonoma,2021-03-18,7057,249821,2915,119678,3532,125293,610,4850,3151,66397,3900,93948,3759,160345,California
Sonoma,2021-03-19,7437,257258,3208,122886,3998,129291,231,5081,3302,65817,4117,98065,3537,163882,California
Sonoma,2021-03-20,3615,260873,1735,124621,1050,130341,830,5911,1960,66959,1648,99713,2790,166672,California
Sonoma,2021-03-21,1372,262245,603,125224,736,131077,33,5944,1207,68037,162,99875,1240,167912,California
Sonoma,2021-03-22,4472,266717,3076,128300,1296,132373,100,6044,3531,70731,938,100813,3632,171544,California
Sonoma,2021-03-23,5761,272478,3579,131879,2107,134480,75,6119,4644,74341,1110,101923,4720,176264,California
Sonoma,2021-03-24,6572,279050,4257,136136,2250,136730,65,6184,4152,76155,2402,104325,4216,180480,California
Sonoma,2021-03-25,6873,285923,4131,140267,2639,139369,103,6287,4274,77955,2577,106902,4377,184857,California
Sonoma,2021-03-26,7204,293127,3413,143680,3704,143073,87,6374,3983,78817,3208,110110,4070,188927,California
Sonoma,2021-03-27,3770,296897,1491,145171,1917,144990,362,6736,1125,77663,2640,112750,1486,190413,California
Sonoma,2021-03-28,1497,298394,943,146114,527,145517,27,6763,944,78082,552,113302,971,191384,California
Sonoma,2021-03-29,2820,301214,1084,147198,1703,147220,33,6796,1614,78530,1199,114501,1647,193031,California
Sonoma,2021-03-30,5625,306839,3110,150308,2454,149674,61,6857,3043,79058,2577,117078,3105,196136,California
Sonoma,2021-03-31,5461,312300,3326,153634,1924,151598,211,7068,3299,80415,2153,119231,3510,199646,California
Sonoma,2021-04-01,6635,318935,3953,157587,2353,153951,329,7397,3575,81267,3048,122279,3900,203546,California
Sonoma,2021-04-02,5881,324816,3531,161118,2242,156193,108,7505,3562,82623,2315,124594,3671,207217,California
Sonoma,2021-04-03,3349,328165,1638,162756,1493,157686,218,7723,1476,82454,1863,126457,1694,208911,California
Sonoma,2021-04-04,1050,329215,681,163437,279,157965,90,7813,666,82827,383,126840,756,209667,California
Sonoma,2021-04-05,4323,333538,575,164012,3428,161393,320,8133,1790,82410,2527,129367,2110,211777,California
Sonoma,2021-04-06,6689,340227,3434,167446,2912,164305,343,8476,3932,83939,2745,132112,4274,216051,California
Sonoma,2021-04-07,6398,346625,3771,171217,2039,166344,588,9064,3213,84558,3179,135291,3798,219849,California
Sonoma,2021-04-08,5114,351739,2750,173967,2015,168359,349,9413,3087,85972,2020,137311,3434,223283,California
Stanislaus,2020-12-15,2,2,2,2,0,0,0,0,2,2,0,0,2,2,California
Stanislaus,2020-12-16,37,39,37,39,0,0,0,0,37,39,0,0,37,39,California
Stanislaus,2020-12-17,73,112,73,112,0,0,0,0,73,112,0,0,73,112,California
Stanislaus,2020-12-18,428,540,421,533,7,7,0,0,428,540,0,0,428,540,California
Stanislaus,2020-12-19,191,731,191,724,0,7,0,0,191,731,0,0,191,731,California
Stanislaus,2020-12-20,125,856,125,849,0,7,0,0,125,856,0,0,125,856,California
Stanislaus,2020-12-21,1124,1980,1121,1970,3,10,0,0,1123,1979,0,0,1123,1979,California
Stanislaus,2020-12-22,849,2829,837,2807,12,22,0,0,849,2828,0,0,849,2828,California
Stanislaus,2020-12-23,460,3289,443,3250,17,39,0,0,459,3287,0,0,459,3287,California
Stanislaus,2020-12-24,97,3386,88,3338,9,48,0,0,97,3384,0,0,97,3384,California
Stanislaus,2020-12-26,50,3436,8,3346,42,90,0,0,50,3434,0,0,50,3434,California
Stanislaus,2020-12-27,10,3446,5,3351,5,95,0,0,10,3444,0,0,10,3444,California
Stanislaus,2020-12-28,501,3947,405,3756,96,191,0,0,501,3945,0,0,501,3945,California
Stanislaus,2020-12-29,504,4451,429,4185,75,266,0,0,504,4449,0,0,504,4449,California
Stanislaus,2020-12-30,539,4990,283,4468,256,522,0,0,539,4987,1,1,539,4988,California
Stanislaus,2020-12-31,314,5304,171,4639,143,665,0,0,316,5303,0,1,316,5304,California
Stanislaus,2021-01-01,8,5312,1,4640,7,672,0,0,8,5311,0,1,8,5312,California
Stanislaus,2021-01-02,31,5343,24,4664,7,679,0,0,31,5342,0,1,31,5343,California
Stanislaus,2021-01-03,88,5431,85,4749,3,682,0,0,88,5430,0,1,88,5431,California
Stanislaus,2021-01-04,116,5547,32,4781,84,766,0,0,119,5549,0,1,119,5550,California
Stanislaus,2021-01-05,853,6400,336,5117,517,1283,0,0,822,6354,23,24,828,6378,California
Stanislaus,2021-01-06,975,7375,545,5662,430,1713,0,0,900,7191,64,88,901,7279,California
Stanislaus,2021-01-07,1102,8477,711,6373,391,2104,0,0,976,8055,113,201,977,8256,California
Stanislaus,2021-01-08,1319,9796,754,7127,565,2669,0,0,947,8640,366,567,951,9207,California
Stanislaus,2021-01-09,284,10080,141,7268,143,2812,0,0,194,8744,90,657,194,9401,California
Stanislaus,2021-01-10,48,10128,21,7289,27,2839,0,0,29,8754,19,676,29,9430,California
Stanislaus,2021-01-11,1549,11677,1263,8552,286,3125,0,0,604,8432,940,1616,618,10048,California
Stanislaus,2021-01-12,1490,13167,889,9441,601,3726,0,0,834,8616,652,2268,836,10884,California
Stanislaus,2021-01-13,1442,14609,677,10118,765,4491,0,0,1116,9413,325,2593,1122,12006,California
Stanislaus,2021-01-14,2213,16822,280,10398,1933,6424,0,0,2062,11380,149,2742,2116,14122,California
Stanislaus,2021-01-15,2881,19703,1142,11540,1739,8163,0,0,2727,14041,132,2874,2793,16915,California
Stanislaus,2021-01-16,564,20267,49,11589,515,8678,0,0,549,14578,14,2888,551,17466,California
Stanislaus,2021-01-17,241,20508,200,11789,41,8719,0,0,236,14809,5,2893,236,17702,California
Stanislaus,2021-01-18,2175,22683,1018,12807,1157,9876,0,0,1806,16309,366,3259,1866,19568,California
Stanislaus,2021-01-19,1270,23953,737,13544,533,10409,0,0,810,16663,457,3716,811,20379,California
Stanislaus,2021-01-20,993,24946,480,14024,513,10922,0,0,701,17073,291,4007,701,21080,California
Stanislaus,2021-01-21,3672,28618,2957,16981,715,11637,0,0,3355,20200,315,4322,3442,24522,California
Stanislaus,2021-01-22,1091,29709,307,17288,784,12421,0,0,1048,21213,39,4361,1052,25574,California
Stanislaus,2021-01-23,342,30051,38,17326,304,12725,0,0,288,21451,54,4415,292,25866,California
Stanislaus,2021-01-24,288,30339,99,17425,189,12914,0,0,222,21609,66,4481,224,26090,California
Stanislaus,2021-01-25,3140,33479,218,17643,2922,15836,0,0,2838,24273,303,4784,2967,29057,California
Stanislaus,2021-01-26,1730,35209,737,18380,993,16829,0,0,1313,25188,413,5197,1328,30385,California
Stanislaus,2021-01-27,1823,37032,969,19349,854,17683,0,0,1169,25711,647,5844,1170,31555,California
Stanislaus,2021-01-28,2247,39279,1495,20844,752,18435,0,0,1759,27042,477,6321,1808,33363,California
Stanislaus,2021-01-29,2476,41755,1199,22043,1277,19712,0,0,1947,28549,481,6802,1988,35351,California
Stanislaus,2021-01-30,297,42052,121,22164,176,19888,0,0,247,28744,52,6854,247,35598,California
Stanislaus,2021-01-31,364,42416,311,22475,53,19941,0,0,363,29097,10,6864,363,35961,California
Stanislaus,2021-02-01,1257,43673,539,23014,718,20659,0,0,918,29689,326,7190,918,36879,California
Stanislaus,2021-02-02,1244,44917,371,23385,873,21532,0,0,790,30039,444,7634,794,37673,California
Stanislaus,2021-02-03,2489,47406,1070,24455,1419,22951,0,0,1814,31187,671,8305,1819,39492,California
Stanislaus,2021-02-04,2094,49500,715,25170,1379,24330,0,0,1585,32272,504,8809,1589,41081,California
Stanislaus,2021-02-05,2840,52340,1449,26619,1391,25721,0,0,1605,32693,1187,9996,1608,42689,California
Stanislaus,2021-02-06,1009,53349,287,26906,722,26443,0,0,821,33328,187,10183,822,43511,California
Stanislaus,2021-02-07,211,53560,187,27093,24,26467,0,0,41,33201,169,10352,42,43553,California
Stanislaus,2021-02-08,2015,55575,1307,28400,708,27175,0,0,1115,33444,874,11226,1117,44670,California
Stanislaus,2021-02-09,1861,57436,787,29187,1074,28249,0,0,1095,33773,769,11995,1098,45768,California
Stanislaus,2021-02-10,1971,59407,561,29748,1410,29659,0,0,1058,33937,896,12891,1060,46828,California
Stanislaus,2021-02-11,5525,64932,3407,33155,2118,31777,0,0,1405,31386,3960,16851,1409,48237,California
Stanislaus,2021-02-12,3525,68457,1101,34256,2424,34201,0,0,1661,31231,1817,18668,1662,49899,California
Stanislaus,2021-02-13,1531,69988,744,35000,787,34988,0,0,1084,31874,446,19114,1089,50988,California
Stanislaus,2021-02-14,421,70409,170,35170,251,35239,0,0,356,32165,65,19179,356,51344,California
Stanislaus,2021-02-15,1839,72248,254,35424,1585,36824,0,0,631,31690,1111,20290,636,51980,California
Stanislaus,2021-02-16,1383,73631,412,35836,971,37795,0,0,611,31536,767,21057,613,52593,California
Stanislaus,2021-02-17,2738,76369,1659,37495,1079,38874,0,0,1971,32744,770,21827,1978,54571,California
Stanislaus,2021-02-18,3383,79752,1872,39367,1511,40385,0,0,1834,33105,1481,23308,1842,56413,California
Stanislaus,2021-02-19,2776,82528,1043,40410,1733,42118,0,0,1566,33495,1185,24493,1575,57988,California
Stanislaus,2021-02-20,753,83281,369,40779,384,42502,0,0,497,33746,247,24740,498,58486,California
Stanislaus,2021-02-21,863,84144,652,41431,211,42713,0,0,524,33955,326,25066,535,59021,California
Stanislaus,2021-02-22,2366,86510,1674,43105,692,43405,0,0,1660,34933,684,25750,1662,60683,California
Stanislaus,2021-02-23,3696,90206,676,43781,3020,46425,0,0,1753,34875,1815,27565,1757,62440,California
Stanislaus,2021-02-24,4187,94393,2847,46628,1340,47765,0,0,3189,37082,985,28550,3192,65632,California
Stanislaus,2021-02-25,3920,98313,2640,49268,1280,49045,0,0,3121,39420,786,29336,3124,68756,California
Stanislaus,2021-02-26,4230,102543,1212,50480,3018,52063,0,0,2871,40978,1322,30658,2880,71636,California
Stanislaus,2021-02-27,2199,104742,685,51165,1513,53576,1,1,1947,42696,230,30888,1948,73584,California
Stanislaus,2021-02-28,815,105557,265,51430,550,54126,0,1,766,43419,44,30932,767,74351,California
Stanislaus,2021-03-01,2776,108333,1593,53023,1183,55309,0,1,1648,43957,1114,32046,1652,76003,California
Stanislaus,2021-03-02,2398,110731,1420,54443,978,56287,0,1,1664,44891,730,32776,1664,77667,California
Stanislaus,2021-03-03,3754,114485,2252,56695,1499,57786,3,4,2906,46959,838,33614,2906,80573,California
Stanislaus,2021-03-04,5577,120062,3224,59919,2335,60121,18,22,4242,49896,1317,34931,4254,84827,California
Stanislaus,2021-03-05,4267,124329,1307,61226,2944,63065,16,38,3144,51945,1110,36041,3159,87986,California
Stanislaus,2021-03-06,3758,128087,2263,63489,1402,64467,93,131,2738,53757,1020,37061,2832,90818,California
Stanislaus,2021-03-07,842,128929,385,63874,420,64887,37,168,653,54263,183,37244,689,91507,California
Stanislaus,2021-03-08,2052,130981,921,64795,1043,65930,88,256,1323,54952,722,37966,1411,92918,California
Stanislaus,2021-03-09,2260,133241,944,65739,1224,67154,92,348,1701,56196,551,38517,1795,94713,California
Stanislaus,2021-03-10,5085,138326,2505,68244,2359,69513,221,569,3763,58885,1308,39825,3997,98710,California
Stanislaus,2021-03-11,5808,144134,3154,71398,2173,71686,481,1050,4225,62165,1428,41253,4708,103418,California
Stanislaus,2021-03-12,5776,149910,1227,72625,2616,74302,1933,2983,2927,64188,2838,44091,4861,108279,California
Stanislaus,2021-03-13,3422,153332,2143,74768,1212,75514,67,3050,2754,66350,664,44755,2826,111105,California
Stanislaus,2021-03-14,971,154303,579,75347,340,75854,52,3102,487,66409,483,45238,542,111647,California
Stanislaus,2021-03-15,3735,158038,1969,77316,1390,77244,376,3478,1642,66432,2003,47241,2026,113673,California
Stanislaus,2021-03-16,4960,162998,2430,79746,2088,79332,442,3920,3546,69020,1399,48640,3987,117660,California
Stanislaus,2021-03-17,4920,167918,2988,82734,1751,81083,181,4101,3079,70458,1828,50468,3266,120926,California
Stanislaus,2021-03-18,5716,173634,3535,86269,2115,83198,66,4167,3265,71482,2312,52780,3336,124262,California
Stanislaus,2021-03-19,6361,179995,1740,88009,3092,86290,1529,5696,3479,73633,2858,55638,5009,129271,California
Stanislaus,2021-03-20,3966,183961,2927,90936,970,87260,69,5765,3511,76764,449,56087,3580,132851,California
Stanislaus,2021-03-21,985,184946,886,91822,34,87294,65,5830,751,77345,233,56320,814,133665,California
Stanislaus,2021-03-22,2841,187787,1330,93152,785,88079,726,6556,1252,77745,1579,57899,1979,135644,California
Stanislaus,2021-03-23,3937,191724,1999,95151,1677,89756,261,6817,2811,79717,1114,59013,3086,138730,California
Stanislaus,2021-03-24,4530,196254,3189,98340,1273,91029,68,6885,2647,80588,1846,60859,2717,141447,California
Stanislaus,2021-03-25,4422,200676,3025,101365,1380,92409,17,6902,1975,80207,2374,63233,1993,143440,California
Stanislaus,2021-03-26,4785,205461,1384,102749,3326,95735,75,6977,2428,80391,2331,65564,2515,145955,California
Stanislaus,2021-03-27,4375,209836,2689,105438,1663,97398,23,7000,1349,78765,3011,68575,1385,147340,California
Stanislaus,2021-03-28,1180,211016,443,105881,551,97949,186,7186,349,78488,826,69401,549,147889,California
Stanislaus,2021-03-29,3019,214035,1806,107687,1175,99124,38,7224,2024,79568,989,70390,2069,149958,California
Stanislaus,2021-03-30,3674,217709,2069,109756,1576,100700,29,7253,2250,80437,1419,71809,2288,152246,California
Stanislaus,2021-03-31,5446,223155,3826,113582,1485,102185,135,7388,2767,80687,2667,74476,2917,155163,California
Stanislaus,2021-04-01,5727,228882,3794,117376,1848,104033,85,7473,2648,80374,3073,77549,2760,157923,California
Stanislaus,2021-04-02,4912,233794,1249,118625,3545,107578,118,7591,2227,80130,2607,80156,2363,160286,California
Stanislaus,2021-04-03,4459,238253,3206,121831,1217,108795,36,7627,2171,80083,2281,82437,2234,162520,California
Stanislaus,2021-04-04,1307,239560,481,122312,804,109599,22,7649,656,80123,648,83085,688,163208,California
Stanislaus,2021-04-05,3671,243231,2499,124811,865,110464,307,7956,2355,81477,1314,84399,2668,165876,California
Stanislaus,2021-04-06,5597,248828,4082,128893,1266,111730,249,8205,2979,82114,2611,87010,3248,169124,California
Stanislaus,2021-04-07,5746,254574,3110,132003,2242,113972,394,8599,2384,81556,3353,90363,2795,171919,California
Stanislaus,2021-04-08,4272,258846,2610,134613,1407,115379,255,8854,2219,81988,2047,92410,2479,174398,California
Sutter,2020-12-15,1,1,1,1,0,0,0,0,1,1,0,0,1,1,California
Sutter,2020-12-16,4,5,4,5,0,0,0,0,4,5,0,0,4,5,California
Sutter,2020-12-17,2,7,2,7,0,0,0,0,2,7,0,0,2,7,California
Sutter,2020-12-18,20,27,20,27,0,0,0,0,20,27,0,0,20,27,California
Sutter,2020-12-19,44,71,44,71,0,0,0,0,44,71,0,0,44,71,California
Sutter,2020-12-20,42,113,42,113,0,0,0,0,42,113,0,0,42,113,California
Sutter,2020-12-21,100,213,100,213,0,0,0,0,100,213,0,0,100,213,California
Sutter,2020-12-22,172,385,172,385,0,0,0,0,172,385,0,0,172,385,California
Sutter,2020-12-23,114,499,110,495,4,4,0,0,114,499,0,0,114,499,California
Sutter,2020-12-24,17,516,11,506,6,10,0,0,17,516,0,0,17,516,California
Sutter,2020-12-26,39,555,35,541,4,14,0,0,39,555,0,0,39,555,California
Sutter,2020-12-27,24,579,23,564,1,15,0,0,24,579,0,0,24,579,California
Sutter,2020-12-28,83,662,55,619,28,43,0,0,83,662,0,0,83,662,California
Sutter,2020-12-29,100,762,14,633,86,129,0,0,100,762,0,0,100,762,California
Sutter,2020-12-30,135,897,33,666,102,231,0,0,135,897,0,0,135,897,California
Sutter,2020-12-31,70,967,6,672,64,295,0,0,70,967,0,0,70,967,California
Sutter,2021-01-01,3,970,3,675,0,295,0,0,3,970,0,0,3,970,California
Sutter,2021-01-02,133,1103,131,806,2,297,0,0,133,1103,0,0,133,1103,California
Sutter,2021-01-03,1,1104,0,806,1,298,0,0,1,1104,0,0,1,1104,California
Sutter,2021-01-04,249,1353,140,946,109,407,0,0,249,1353,0,0,249,1353,California
Sutter,2021-01-05,99,1452,56,1002,43,450,0,0,97,1448,2,2,97,1450,California
Sutter,2021-01-06,205,1657,51,1053,154,604,0,0,200,1643,5,7,200,1650,California
Sutter,2021-01-07,253,1910,151,1204,102,706,0,0,244,1879,8,15,244,1894,California
Sutter,2021-01-08,146,2056,40,1244,106,812,0,0,129,1991,17,32,129,2023,California
Sutter,2021-01-09,44,2100,43,1287,1,813,0,0,3,1953,41,73,3,2026,California
Sutter,2021-01-10,397,2497,37,1324,360,1173,0,0,359,2275,37,110,359,2385,California
Sutter,2021-01-11,132,2629,114,1438,18,1191,0,0,26,2195,106,216,26,2411,California
Sutter,2021-01-12,200,2829,163,1601,37,1228,0,0,57,2109,143,359,57,2468,California
Sutter,2021-01-13,160,2989,98,1699,62,1290,0,0,72,2093,88,447,72,2540,California
Sutter,2021-01-14,144,3133,49,1748,95,1385,0,0,125,2199,19,466,125,2665,California
Sutter,2021-01-15,432,3565,130,1878,302,1687,0,0,417,2601,15,481,417,3082,California
Sutter,2021-01-16,387,3952,42,1920,345,2032,0,0,355,2925,31,512,355,3437,California
Sutter,2021-01-17,25,3977,23,1943,2,2034,0,0,9,2918,16,528,9,3446,California
Sutter,2021-01-18,116,4093,61,2004,55,2089,0,0,69,2940,47,575,69,3515,California
Sutter,2021-01-19,101,4194,41,2045,60,2149,0,0,77,2993,24,599,77,3592,California
Sutter,2021-01-20,255,4449,191,2236,64,2213,0,0,235,3208,20,619,235,3827,California
Sutter,2021-01-21,435,4884,266,2502,169,2382,0,0,416,3605,19,638,416,4243,California
Sutter,2021-01-22,269,5153,82,2584,187,2569,0,0,260,3856,9,647,260,4503,California
Sutter,2021-01-23,396,5549,40,2624,356,2925,0,0,370,4200,26,673,370,4873,California
Sutter,2021-01-24,17,5566,14,2638,3,2928,0,0,15,4213,2,675,15,4888,California
Sutter,2021-01-25,301,5867,195,2833,106,3034,0,0,148,4209,152,827,148,5036,California
Sutter,2021-01-26,244,6111,103,2936,141,3175,0,0,146,4258,97,924,146,5182,California
Sutter,2021-01-27,384,6495,254,3190,130,3305,0,0,319,4512,65,989,319,5501,California
Sutter,2021-01-28,521,7016,299,3489,222,3527,0,0,392,4775,129,1118,392,5893,California
Sutter,2021-01-29,416,7432,144,3633,272,3799,0,0,252,4863,164,1282,252,6145,California
Sutter,2021-01-30,775,8207,38,3671,737,4536,0,0,764,5616,11,1293,764,6909,California
Sutter,2021-01-31,27,8234,27,3698,0,4536,0,0,27,5643,0,1293,27,6936,California
Sutter,2021-02-01,162,8396,47,3745,115,4651,0,0,131,5743,31,1324,131,7067,California
Sutter,2021-02-02,241,8637,26,3771,215,4866,0,0,211,5924,30,1354,211,7278,California
Sutter,2021-02-03,444,9081,38,3809,406,5272,0,0,209,5898,235,1589,209,7487,California
Sutter,2021-02-04,667,9748,365,4174,302,5574,0,0,617,6465,50,1639,617,8104,California
Sutter,2021-02-05,284,10032,31,4205,253,5827,0,0,134,6449,150,1789,134,8238,California
Sutter,2021-02-06,735,10767,27,4232,708,6535,0,0,716,7146,19,1808,716,8954,California
Sutter,2021-02-07,22,10789,19,4251,3,6538,0,0,19,7162,3,1811,19,8973,California
Sutter,2021-02-08,133,10922,28,4279,105,6643,0,0,97,7223,36,1847,97,9070,California
Sutter,2021-02-09,245,11167,45,4324,200,6843,0,0,184,7346,61,1908,184,9254,California
Sutter,2021-02-10,801,11968,380,4704,421,7264,0,0,175,6896,625,2533,175,9429,California
Sutter,2021-02-11,602,12570,273,4977,329,7593,0,0,374,7042,228,2761,374,9803,California
Sutter,2021-02-12,625,13195,67,5044,558,8151,0,0,309,7035,316,3077,309,10112,California
Sutter,2021-02-13,898,14093,49,5093,849,9000,0,0,782,7701,116,3193,782,10894,California
Sutter,2021-02-14,90,14183,24,5117,66,9066,0,0,80,7771,10,3203,80,10974,California
Sutter,2021-02-15,195,14378,69,5186,126,9192,0,0,121,7818,74,3277,121,11095,California
Sutter,2021-02-16,287,14665,44,5230,243,9435,0,0,204,7940,82,3359,204,11299,California
Sutter,2021-02-17,827,15492,432,5662,395,9830,0,0,127,7367,700,4059,127,11426,California
Sutter,2021-02-18,695,16187,50,5712,645,10475,0,0,485,7643,209,4268,485,11911,California
Sutter,2021-02-19,661,16848,377,6089,284,10759,0,0,461,7906,198,4466,461,12372,California
Sutter,2021-02-20,615,17463,52,6141,563,11322,0,0,513,8317,102,4568,513,12885,California
Sutter,2021-02-21,29,17492,26,6167,3,11325,0,0,6,8300,23,4591,6,12891,California
Sutter,2021-02-22,207,17699,123,6290,84,11409,0,0,87,8267,120,4711,87,12978,California
Sutter,2021-02-23,220,17919,32,6322,188,11597,0,0,97,8241,123,4834,97,13075,California
Sutter,2021-02-24,953,18872,348,6670,605,12202,0,0,187,7663,765,5599,187,13262,California
Sutter,2021-02-25,767,19639,486,7156,281,12483,0,0,590,8079,174,5773,590,13852,California
Sutter,2021-02-26,365,20004,59,7215,306,12789,0,0,151,8018,212,5985,151,14003,California
Sutter,2021-02-27,863,20867,42,7257,821,13610,0,0,707,8568,157,6142,707,14710,California
Sutter,2021-02-28,82,20949,37,7294,45,13655,0,0,65,8616,17,6159,65,14775,California
Sutter,2021-03-01,246,21195,61,7355,185,13840,0,0,150,8670,96,6255,150,14925,California
Sutter,2021-03-02,333,21528,56,7411,277,14117,0,0,160,8658,172,6427,160,15085,California
Sutter,2021-03-03,1371,22899,502,7913,869,14986,0,0,634,8561,731,7158,634,15719,California
Sutter,2021-03-04,1247,24146,859,8772,388,15374,0,0,951,9220,292,7450,951,16670,California
Sutter,2021-03-05,327,24473,71,8843,255,15629,1,1,193,9281,133,7583,194,16864,California
Sutter,2021-03-06,1016,25489,42,8885,969,16598,5,6,855,9980,161,7744,860,17724,California
Sutter,2021-03-07,62,25551,23,8908,38,16636,1,7,42,10003,20,7764,43,17767,California
Sutter,2021-03-08,224,25775,76,8984,135,16771,13,20,157,10106,67,7831,170,17937,California
Sutter,2021-03-09,381,26156,133,9117,235,17006,13,33,179,10097,201,8032,192,18129,California
Sutter,2021-03-10,1562,27718,680,9797,821,17827,61,94,520,9639,1039,9071,581,18710,California
Sutter,2021-03-11,890,28608,437,10234,435,18262,18,112,646,10061,242,9313,664,19374,California
Sutter,2021-03-12,657,29265,108,10342,367,18629,182,294,192,9971,463,9776,373,19747,California
Sutter,2021-03-13,975,30240,749,11091,209,18838,17,311,781,10577,192,9968,798,20545,California
Sutter,2021-03-14,127,30367,20,11111,96,18934,11,322,41,10543,86,10054,52,20597,California
Sutter,2021-03-15,318,30685,68,11179,201,19135,49,371,150,10575,167,10221,199,20796,California
Sutter,2021-03-16,384,31069,86,11265,252,19387,46,417,207,10651,177,10398,253,21049,California
Sutter,2021-03-17,1478,32547,554,11819,905,20292,19,436,304,9808,1166,11564,323,21372,California
Sutter,2021-03-18,957,33504,165,11984,594,20886,198,634,572,10193,384,11948,769,22141,California
Sutter,2021-03-19,445,33949,148,12132,268,21154,29,663,269,10318,173,12121,298,22439,California
Sutter,2021-03-20,945,34894,114,12246,820,21974,11,674,859,11102,86,12207,870,23309,California
Sutter,2021-03-21,63,34957,45,12291,15,21989,3,677,34,11110,29,12236,37,23346,California
Sutter,2021-03-22,286,35243,119,12410,141,22130,26,703,210,11270,76,12312,236,23582,California
Sutter,2021-03-23,345,35588,117,12527,196,22326,32,735,234,11425,111,12423,266,23848,California
Sutter,2021-03-24,1624,37212,719,13246,836,23162,69,804,312,10506,1300,13723,381,24229,California
Sutter,2021-03-25,1010,38222,668,13914,301,23463,41,845,350,10239,658,14381,391,24620,California
Sutter,2021-03-26,478,38700,169,14083,292,23755,17,862,290,10361,185,14566,307,24927,California
Sutter,2021-03-27,930,39630,64,14147,864,24619,2,864,822,11081,104,14670,824,25751,California
Sutter,2021-03-28,125,39755,71,14218,54,24673,0,864,79,11115,45,14715,79,25830,California
Sutter,2021-03-29,419,40174,140,14358,224,24897,55,919,223,11198,195,14910,278,26108,California
Sutter,2021-03-30,474,40648,159,14517,306,25203,9,928,319,11371,155,15065,328,26436,California
Sutter,2021-03-31,1232,41880,172,14689,1043,26246,17,945,456,11076,767,15832,472,26908,California
Sutter,2021-04-01,1360,43240,722,15411,451,26697,187,1132,406,10722,948,16780,594,27502,California
Sutter,2021-04-02,487,43727,92,15503,293,26990,102,1234,203,10741,283,17063,302,27804,California
Sutter,2021-04-03,895,44622,56,15559,209,27199,630,1864,109,10695,785,17848,739,28543,California
Sutter,2021-04-04,116,44738,21,15580,89,27288,6,1870,56,10697,60,17908,62,28605,California
Sutter,2021-04-05,356,45094,139,15719,182,27470,35,1905,169,10717,184,18092,204,28809,California
Sutter,2021-04-06,473,45567,184,15903,231,27701,58,1963,243,10789,229,18321,301,29110,California
Sutter,2021-04-07,1272,46839,759,16662,451,28152,62,2025,484,10550,785,19106,546,29656,California
Sutter,2021-04-08,712,47551,415,17077,266,28418,31,2056,418,10711,288,19394,449,30105,California
Tehama,2020-12-15,1,1,1,1,0,0,0,0,1,1,0,0,1,1,California
Tehama,2020-12-16,2,3,2,3,0,0,0,0,2,3,0,0,2,3,California
Tehama,2020-12-17,12,15,12,15,0,0,0,0,12,15,0,0,12,15,California
Tehama,2020-12-18,2,17,2,17,0,0,0,0,3,18,0,0,3,18,California
Tehama,2020-12-21,33,50,33,50,0,0,0,0,33,51,0,0,33,51,California
Tehama,2020-12-22,68,118,62,112,6,6,0,0,68,119,0,0,68,119,California
Tehama,2020-12-23,48,166,40,152,8,14,0,0,48,167,0,0,48,167,California
Tehama,2020-12-24,5,171,3,155,2,16,0,0,5,172,0,0,5,172,California
Tehama,2020-12-26,3,174,2,157,1,17,0,0,3,175,0,0,3,175,California
Tehama,2020-12-27,2,176,2,159,0,17,0,0,2,177,0,0,2,177,California
Tehama,2020-12-28,56,232,43,202,13,30,0,0,56,233,0,0,56,233,California
Tehama,2020-12-29,31,263,31,233,0,30,0,0,31,264,0,0,31,264,California
Tehama,2020-12-30,54,317,38,271,16,46,0,0,53,317,0,0,53,317,California
Tehama,2020-12-31,14,331,4,275,10,56,0,0,14,331,0,0,14,331,California
Tehama,2021-01-01,2,333,0,275,2,58,0,0,2,333,0,0,2,333,California
Tehama,2021-01-04,31,364,8,283,23,81,0,0,31,364,0,0,31,364,California
Tehama,2021-01-05,71,435,44,327,27,108,0,0,68,429,3,3,68,432,California
Tehama,2021-01-06,71,506,21,348,50,158,0,0,62,483,8,11,62,494,California
Tehama,2021-01-07,56,562,7,355,49,207,0,0,55,537,1,12,55,549,California
Tehama,2021-01-08,30,592,24,379,6,213,0,0,25,557,5,17,25,574,California
Tehama,2021-01-09,7,599,5,384,2,215,0,0,5,560,2,19,5,579,California
Tehama,2021-01-10,1,600,0,384,1,216,0,0,1,561,0,19,1,580,California
Tehama,2021-01-11,47,647,46,430,1,217,0,0,14,542,33,52,14,594,California
Tehama,2021-01-12,115,762,95,525,20,237,0,0,70,567,45,97,70,664,California
Tehama,2021-01-13,72,834,55,580,17,254,0,0,26,547,46,143,26,690,California
Tehama,2021-01-14,224,1058,50,630,174,428,0,0,222,767,2,145,222,912,California
Tehama,2021-01-15,246,1304,74,704,172,600,0,0,242,1005,4,149,242,1154,California
Tehama,2021-01-16,274,1578,27,731,247,847,0,0,271,1273,3,152,271,1425,California
Tehama,2021-01-17,13,1591,9,740,4,851,0,0,11,1282,2,154,11,1436,California
Tehama,2021-01-18,10,1601,6,746,4,855,0,0,5,1282,5,159,5,1441,California
Tehama,2021-01-19,287,1888,61,807,226,1081,0,0,232,1459,55,214,232,1673,California
Tehama,2021-01-20,302,2190,87,894,215,1296,0,0,252,1662,49,263,252,1925,California
Tehama,2021-01-21,214,2404,11,905,203,1499,0,0,204,1856,10,273,204,2129,California
Tehama,2021-01-22,214,2618,12,917,202,1701,0,0,211,2064,3,276,211,2340,California
Tehama,2021-01-23,263,2881,10,927,253,1954,0,0,262,2325,1,277,262,2602,California
Tehama,2021-01-25,30,2911,13,940,17,1971,0,0,13,2321,17,294,13,2615,California
Tehama,2021-01-26,324,3235,42,982,282,2253,0,0,287,2571,37,331,287,2902,California
Tehama,2021-01-27,299,3534,21,1003,278,2531,0,0,279,2830,20,351,279,3181,California
Tehama,2021-01-28,340,3874,29,1032,311,2842,0,0,325,3140,15,366,325,3506,California
Tehama,2021-01-29,321,4195,19,1051,302,3144,0,0,304,3427,17,383,304,3810,California
Tehama,2021-01-30,103,4298,2,1053,101,3245,0,0,102,3528,1,384,102,3912,California
Tehama,2021-01-31,1,4299,0,1053,1,3246,0,0,1,3529,0,384,1,3913,California
Tehama,2021-02-01,77,4376,22,1075,55,3301,0,0,36,3524,41,425,36,3949,California
Tehama,2021-02-02,336,4712,63,1138,273,3574,0,0,239,3669,94,519,239,4188,California
Tehama,2021-02-03,367,5079,12,1150,355,3929,0,0,323,3948,44,563,323,4511,California
Tehama,2021-02-04,457,5536,99,1249,358,4287,0,0,378,4248,79,642,379,4890,California
Tehama,2021-02-05,161,5697,73,1322,88,4375,0,0,102,4291,59,701,102,4992,California
Tehama,2021-02-06,28,5725,13,1335,15,4390,0,0,16,4295,12,713,16,5008,California
Tehama,2021-02-07,5,5730,4,1339,1,4391,0,0,2,4294,3,716,2,5010,California
Tehama,2021-02-08,35,5765,14,1353,21,4412,0,0,27,4313,8,724,27,5037,California
Tehama,2021-02-09,76,5841,33,1386,43,4455,0,0,42,4321,34,758,42,5079,California
Tehama,2021-02-10,232,6073,61,1447,171,4626,0,0,158,4405,74,832,158,5237,California
Tehama,2021-02-11,219,6292,16,1463,203,4829,0,0,80,4348,137,969,80,5317,California
Tehama,2021-02-12,354,6646,57,1520,297,5126,0,0,173,4340,181,1150,173,5490,California
Tehama,2021-02-13,388,7034,13,1533,375,5501,0,0,147,4246,241,1391,147,5637,California
Tehama,2021-02-14,34,7068,0,1533,34,5535,0,0,33,4278,1,1392,33,5670,California
Tehama,2021-02-15,51,7119,9,1542,42,5577,0,0,45,4317,6,1398,45,5715,California
Tehama,2021-02-16,240,7359,16,1558,224,5801,0,0,58,4193,182,1580,58,5773,California
Tehama,2021-02-17,279,7638,11,1569,268,6069,0,0,53,4020,226,1806,53,5826,California
Tehama,2021-02-18,370,8008,33,1602,337,6406,0,0,146,3942,224,2030,146,5972,California
Tehama,2021-02-19,214,8222,19,1621,195,6601,0,0,43,3814,171,2201,43,6015,California
Tehama,2021-02-20,273,8495,6,1627,267,6868,0,0,26,3593,247,2448,26,6041,California
Tehama,2021-02-22,36,8531,13,1640,23,6891,0,0,24,3605,12,2460,24,6065,California
Tehama,2021-02-23,46,8577,19,1659,27,6918,0,0,26,3611,20,2480,26,6091,California
Tehama,2021-02-24,299,8876,12,1671,287,7205,0,0,26,3364,273,2753,26,6117,California
Tehama,2021-02-25,377,9253,61,1732,316,7521,0,0,37,3061,340,3093,37,6154,California
Tehama,2021-02-26,455,9708,19,1751,436,7957,0,0,70,2746,385,3478,70,6224,California
Tehama,2021-02-27,294,10002,5,1756,289,8246,0,0,34,2520,260,3738,34,6258,California
Tehama,2021-02-28,23,10025,2,1758,21,8267,0,0,20,2537,3,3741,20,6278,California
Tehama,2021-03-01,62,10087,8,1766,54,8321,0,0,28,2531,34,3775,28,6306,California
Tehama,2021-03-02,111,10198,18,1784,93,8414,0,0,29,2478,82,3857,29,6335,California
Tehama,2021-03-03,115,10313,33,1817,82,8496,0,0,46,2455,69,3926,46,6381,California
Tehama,2021-03-04,578,10891,22,1839,556,9052,0,0,218,2319,354,4280,218,6599,California
Tehama,2021-03-05,383,11274,18,1857,365,9417,0,0,214,2365,168,4448,214,6813,California
Tehama,2021-03-06,295,11569,17,1874,278,9695,0,0,80,2232,214,4662,81,6894,California
Tehama,2021-03-07,5,11574,1,1875,4,9699,0,0,3,2234,1,4663,3,6897,California
Tehama,2021-03-08,56,11630,12,1887,29,9728,15,15,25,2244,30,4693,40,6937,California
Tehama,2021-03-09,312,11942,5,1892,288,10016,19,34,257,2465,55,4748,276,7213,California
Tehama,2021-03-10,348,12290,11,1903,316,10332,21,55,67,2273,280,5028,88,7301,California
Tehama,2021-03-11,481,12771,16,1919,419,10751,46,101,338,2514,143,5171,384,7685,California
Tehama,2021-03-12,283,13054,16,1935,202,10953,65,166,165,2626,118,5289,230,7915,California
Tehama,2021-03-13,43,13097,8,1943,29,10982,6,172,6,2601,37,5326,12,7927,California
Tehama,2021-03-14,44,13141,3,1946,30,11012,11,183,2,2572,42,5368,13,7940,California
Tehama,2021-03-15,154,13295,21,1967,113,11125,20,203,87,2612,67,5435,107,8047,California
Tehama,2021-03-16,397,13692,14,1981,345,11470,38,241,298,2850,98,5533,336,8383,California
Tehama,2021-03-17,416,14108,23,2004,361,11831,32,273,331,3130,83,5616,363,8746,California
Tehama,2021-03-18,478,14586,24,2028,430,12261,24,297,300,3278,176,5792,324,9070,California
Tehama,2021-03-19,301,14887,23,2051,265,12526,13,310,259,3508,42,5834,272,9342,California
Tehama,2021-03-20,40,14927,8,2059,30,12556,2,312,28,3526,12,5846,30,9372,California
Tehama,2021-03-21,12,14939,5,2064,7,12563,0,312,12,3538,0,5846,12,9384,California
Tehama,2021-03-22,90,15029,7,2071,66,12629,17,329,49,3563,41,5887,66,9450,California
Tehama,2021-03-23,84,15113,23,2094,54,12683,7,336,65,3616,19,5906,72,9522,California
Tehama,2021-03-24,82,15195,15,2109,64,12747,3,339,53,3643,29,5935,56,9578,California
Tehama,2021-03-25,501,15696,340,2449,148,12895,13,352,454,4064,47,5982,468,10046,California
Tehama,2021-03-26,460,16156,352,2801,96,12991,12,364,385,4386,75,6057,397,10443,California
Tehama,2021-03-27,436,16592,347,3148,68,13059,21,385,373,4718,62,6119,394,10837,California
Tehama,2021-03-28,34,16626,13,3161,21,13080,0,385,22,4728,12,6131,22,10859,California
Tehama,2021-03-29,120,16746,30,3191,90,13170,0,385,76,4761,43,6174,76,10935,California
Tehama,2021-03-30,354,17100,206,3397,146,13316,2,387,240,4889,114,6288,242,11177,California
Tehama,2021-03-31,371,17471,270,3667,98,13414,3,390,298,5118,72,6360,301,11478,California
Tehama,2021-04-01,512,17983,237,3904,269,13683,6,396,382,5376,130,6490,388,11866,California
Tehama,2021-04-02,442,18425,204,4108,232,13915,6,402,257,5454,185,6675,263,12129,California
Tehama,2021-04-03,61,18486,3,4111,53,13968,5,407,30,5458,31,6706,35,12164,California
Tehama,2021-04-04,33,18519,6,4117,26,13994,1,408,22,5470,11,6717,23,12187,California
Tehama,2021-04-05,112,18631,19,4136,68,14062,25,433,58,5499,54,6771,83,12270,California
Tehama,2021-04-06,448,19079,100,4236,314,14376,34,467,163,5411,285,7056,197,12467,California
Tehama,2021-04-07,389,19468,277,4513,84,14460,28,495,295,5642,92,7148,323,12790,California
Tehama,2021-04-08,431,19899,93,4606,325,14785,13,508,133,5491,297,7445,146,12936,California
Trinity,2020-12-17,4,4,4,4,0,0,0,0,4,4,0,0,4,4,California
Trinity,2020-12-18,2,6,2,6,0,0,0,0,2,6,0,0,2,6,California
Trinity,2020-12-21,38,44,38,44,0,0,0,0,38,44,0,0,38,44,California
Trinity,2020-12-22,5,49,5,49,0,0,0,0,5,49,0,0,5,49,California
Trinity,2020-12-23,5,54,5,54,0,0,0,0,5,54,0,0,5,54,California
Trinity,2020-12-28,30,84,30,84,0,0,0,0,30,84,0,0,30,84,California
Trinity,2020-12-29,8,92,7,91,1,1,0,0,8,92,0,0,8,92,California
Trinity,2020-12-30,10,102,8,99,2,3,0,0,10,102,0,0,10,102,California
Trinity,2020-12-31,2,104,1,100,1,4,0,0,2,104,0,0,2,104,California
Trinity,2021-01-04,27,131,1,101,26,30,0,0,26,130,0,0,26,130,California
Trinity,2021-01-05,2,133,1,102,1,31,0,0,2,132,0,0,2,132,California
Trinity,2021-01-06,23,156,4,106,19,50,0,0,19,147,4,4,19,151,California
Trinity,2021-01-08,49,205,2,108,47,97,0,0,48,193,2,6,48,199,California
Trinity,2021-01-11,39,244,38,146,1,98,0,0,2,158,37,43,2,201,California
Trinity,2021-01-12,9,253,7,153,2,100,0,0,4,157,5,48,4,205,California
Trinity,2021-01-13,7,260,4,157,3,103,0,0,4,158,3,51,4,209,California
Trinity,2021-01-14,4,264,1,158,3,106,0,0,4,162,0,51,4,213,California
Trinity,2021-01-16,4,268,0,158,4,110,0,0,4,166,0,51,4,217,California
Trinity,2021-01-18,31,299,31,189,0,110,0,0,1,137,30,81,1,218,California
Trinity,2021-01-19,31,330,14,203,17,127,0,0,17,140,14,95,17,235,California
Trinity,2021-01-20,20,350,4,207,16,143,0,0,17,155,2,97,17,252,California
Trinity,2021-01-21,17,367,7,214,10,153,0,0,17,172,0,97,17,269,California
Trinity,2021-01-22,5,372,1,215,4,157,0,0,5,177,0,97,5,274,California
Trinity,2021-01-23,7,379,3,218,4,161,0,0,7,184,0,97,7,281,California
Trinity,2021-01-25,14,393,1,219,13,174,0,0,13,196,1,98,13,294,California
Trinity,2021-01-26,10,403,1,220,9,183,0,0,9,204,1,99,9,303,California
Trinity,2021-01-27,12,415,0,220,12,195,0,0,12,216,0,99,12,315,California
Trinity,2021-01-28,13,428,3,223,10,205,0,0,10,223,3,102,10,325,California
Trinity,2021-01-29,3,431,1,224,2,207,0,0,2,224,1,103,2,327,California
Trinity,2021-01-30,12,443,11,235,1,208,0,0,12,236,0,103,12,339,California
Trinity,2021-01-31,1,444,1,236,0,208,0,0,1,237,0,103,1,340,California
Trinity,2021-02-01,2,446,1,237,1,209,0,0,1,237,1,104,1,341,California
Trinity,2021-02-02,13,459,3,240,10,219,0,0,12,248,1,105,12,353,California
Trinity,2021-02-03,6,465,1,241,5,224,0,0,3,248,3,108,3,356,California
Trinity,2021-02-04,36,501,32,273,4,228,0,0,34,280,2,110,34,390,California
Trinity,2021-02-05,348,849,0,273,348,576,0,0,318,568,30,140,318,708,California
Trinity,2021-02-06,209,1058,5,278,204,780,0,0,202,763,7,147,202,910,California
Trinity,2021-02-07,1,1059,0,278,1,781,0,0,1,764,0,147,1,911,California
Trinity,2021-02-08,23,1082,0,278,23,804,0,0,15,771,8,155,15,926,California
Trinity,2021-02-09,21,1103,2,280,19,823,0,0,6,762,15,170,6,932,California
Trinity,2021-02-10,123,1226,10,290,113,936,0,0,103,845,20,190,103,1035,California
Trinity,2021-02-11,334,1560,2,292,332,1268,0,0,328,1167,6,196,328,1363,California
Trinity,2021-02-12,9,1569,6,298,3,1271,0,0,9,1176,0,196,9,1372,California
Trinity,2021-02-13,12,1581,5,303,7,1278,0,0,5,1174,7,203,5,1377,California
Trinity,2021-02-14,2,1583,2,305,0,1278,0,0,2,1176,0,203,2,1379,California
Trinity,2021-02-15,46,1629,0,305,46,1324,0,0,46,1222,0,203,46,1425,California
Trinity,2021-02-16,7,1636,2,307,5,1329,0,0,4,1223,3,206,4,1429,California
Trinity,2021-02-17,94,1730,2,309,92,1421,0,0,84,1297,10,216,84,1513,California
Trinity,2021-02-18,5,1735,0,309,5,1426,0,0,1,1295,3,219,1,1514,California
Trinity,2021-02-19,211,1946,3,312,208,1634,0,0,198,1480,13,232,198,1712,California
Trinity,2021-02-20,143,2089,14,326,129,1763,0,0,115,1567,28,260,115,1827,California
Trinity,2021-02-22,3,2092,0,326,3,1766,0,0,0,1564,3,263,0,1827,California
Trinity,2021-02-23,8,2100,4,330,4,1770,0,0,3,1562,5,268,3,1830,California
Trinity,2021-02-24,30,2130,8,338,22,1792,0,0,7,1546,23,291,7,1837,California
Trinity,2021-02-25,36,2166,23,361,13,1805,0,0,5,1520,31,322,5,1842,California
Trinity,2021-02-26,11,2177,1,362,10,1815,0,0,5,1519,6,328,5,1847,California
Trinity,2021-02-27,9,2186,7,369,2,1817,0,0,4,1518,5,333,4,1851,California
Trinity,2021-03-01,8,2194,0,369,8,1825,0,0,5,1520,3,336,5,1856,California
Trinity,2021-03-02,8,2202,3,372,5,1830,0,0,1,1514,7,343,1,1857,California
Trinity,2021-03-03,5,2207,0,372,5,1835,0,0,4,1517,1,344,4,1861,California
Trinity,2021-03-04,15,2222,10,382,5,1840,0,0,13,1528,2,346,13,1874,California
Trinity,2021-03-05,284,2506,1,383,283,2123,0,0,32,1313,247,593,32,1906,California
Trinity,2021-03-06,185,2691,6,389,179,2302,0,0,20,1168,165,758,20,1926,California
Trinity,2021-03-07,3,2694,3,392,0,2302,0,0,2,1169,1,759,2,1928,California
Trinity,2021-03-08,3,2697,0,392,2,2304,1,1,1,1169,2,761,2,1930,California
Trinity,2021-03-09,93,2790,0,392,91,2395,2,3,89,1256,4,765,91,2021,California
Trinity,2021-03-10,127,2917,3,395,121,2516,3,6,38,1208,89,854,41,2062,California
Trinity,2021-03-11,7,2924,3,398,2,2518,2,8,3,1209,4,858,5,2067,California
Trinity,2021-03-12,334,3258,3,401,326,2844,5,13,45,970,289,1147,50,2117,California
Trinity,2021-03-13,12,3270,7,408,3,2847,2,15,7,974,5,1152,9,2126,California
Trinity,2021-03-15,67,3337,0,408,66,2913,1,16,15,938,52,1204,16,2142,California
Trinity,2021-03-16,114,3451,6,414,108,3021,0,16,100,1024,14,1218,100,2242,California
Trinity,2021-03-17,100,3551,3,417,97,3118,0,16,26,976,74,1292,26,2268,California
Trinity,2021-03-18,10,3561,2,419,5,3123,3,19,5,979,5,1297,8,2276,California
Trinity,2021-03-19,359,3920,6,425,246,3369,107,126,29,785,330,1627,136,2412,California
Trinity,2021-03-20,103,4023,6,431,97,3466,0,126,66,814,37,1664,66,2478,California
Trinity,2021-03-21,4,4027,0,431,2,3468,2,128,2,816,2,1666,4,2482,California
Trinity,2021-03-22,2,4029,0,431,2,3470,0,128,2,818,0,1666,2,2484,California
Trinity,2021-03-23,96,4125,1,432,95,3565,0,128,79,880,17,1683,79,2563,California
Trinity,2021-03-24,9,4134,1,433,8,3573,0,128,9,889,0,1683,9,2572,California
Trinity,2021-03-25,105,4239,6,439,93,3666,6,134,82,954,23,1706,88,2660,California
Trinity,2021-03-26,14,4253,1,440,13,3679,0,134,8,956,6,1712,8,2668,California
Trinity,2021-03-27,15,4268,3,443,3,3682,9,143,5,960,10,1722,14,2682,California
Trinity,2021-03-28,6,4274,4,447,2,3684,0,143,1,956,5,1727,1,2683,California
Trinity,2021-03-29,4,4278,0,447,4,3688,0,143,1,954,3,1730,1,2684,California
Trinity,2021-03-30,75,4353,4,451,71,3759,0,143,67,1013,8,1738,67,2751,California
Trinity,2021-03-31,52,4405,5,456,19,3778,28,171,21,1030,31,1769,48,2799,California
Trinity,2021-04-01,38,4443,11,467,16,3794,11,182,19,1041,19,1788,30,2829,California
Trinity,2021-04-02,164,4607,6,473,84,3878,74,256,71,1094,92,1880,145,2974,California
Trinity,2021-04-03,19,4626,14,487,5,3883,0,256,9,1093,10,1890,9,2983,California
Trinity,2021-04-04,10,4636,8,495,2,3885,0,256,10,1103,0,1890,10,2993,California
Trinity,2021-04-05,59,4695,7,502,51,3936,1,257,55,1155,4,1894,56,3049,California
Trinity,2021-04-06,106,4801,10,512,93,4029,3,260,19,1090,87,1981,22,3071,California
Trinity,2021-04-07,16,4817,9,521,3,4032,4,264,11,1100,5,1986,15,3086,California
Trinity,2021-04-08,8,4825,5,526,3,4035,0,264,4,1101,3,1989,4,3090,California
Tulare,2020-12-16,3,3,3,3,0,0,0,0,3,3,0,0,3,3,California
Tulare,2020-12-17,110,113,110,113,0,0,0,0,110,113,0,0,110,113,California
Tulare,2020-12-18,290,403,290,403,0,0,0,0,290,403,0,0,290,403,California
Tulare,2020-12-19,327,730,327,730,0,0,0,0,327,730,0,0,327,730,California
Tulare,2020-12-20,167,897,166,896,1,1,0,0,167,897,0,0,167,897,California
Tulare,2020-12-21,422,1319,422,1318,0,1,0,0,442,1339,0,0,442,1339,California
Tulare,2020-12-22,470,1789,468,1786,2,3,0,0,469,1808,0,0,469,1808,California
Tulare,2020-12-23,328,2117,320,2106,8,11,0,0,326,2134,0,0,326,2134,California
Tulare,2020-12-24,18,2135,16,2122,2,13,0,0,18,2152,0,0,18,2152,California
Tulare,2020-12-26,8,2143,7,2129,1,14,0,0,8,2160,0,0,8,2160,California
Tulare,2020-12-27,16,2159,12,2141,4,18,0,0,16,2176,0,0,16,2176,California
Tulare,2020-12-28,484,2643,472,2613,12,30,0,0,483,2659,0,0,483,2659,California
Tulare,2020-12-29,544,3187,477,3090,67,97,0,0,544,3203,0,0,544,3203,California
Tulare,2020-12-30,473,3660,434,3524,39,136,0,0,473,3676,0,0,473,3676,California
Tulare,2020-12-31,94,3754,22,3546,72,208,0,0,94,3770,0,0,94,3770,California
Tulare,2021-01-01,1,3755,0,3546,1,209,0,0,1,3771,0,0,1,3771,California
Tulare,2021-01-02,28,3783,18,3564,10,219,0,0,28,3799,0,0,28,3799,California
Tulare,2021-01-03,22,3805,9,3573,13,232,0,0,22,3821,0,0,22,3821,California
Tulare,2021-01-04,91,3896,16,3589,75,307,0,0,91,3912,0,0,91,3912,California
Tulare,2021-01-05,460,4356,278,3867,182,489,0,0,458,4368,2,2,458,4370,California
Tulare,2021-01-06,865,5221,636,4503,229,718,0,0,855,5213,10,12,855,5225,California
Tulare,2021-01-07,783,6004,585,5088,198,916,0,0,677,5784,106,118,677,5902,California
Tulare,2021-01-08,1263,7267,574,5662,689,1605,0,0,925,6372,337,455,925,6827,California
Tulare,2021-01-09,741,8008,203,5865,538,2143,0,0,554,6739,187,642,554,7381,California
Tulare,2021-01-10,49,8057,43,5908,6,2149,0,0,10,6710,39,681,10,7391,California
Tulare,2021-01-11,1202,9259,765,6673,437,2586,0,0,767,7042,435,1116,767,8158,California
Tulare,2021-01-12,1399,10658,487,7160,912,3498,0,0,992,7628,407,1523,993,9151,California
Tulare,2021-01-13,457,11115,227,7387,230,3728,0,0,383,7937,74,1597,383,9534,California
Tulare,2021-01-14,491,11606,141,7528,350,4078,0,0,465,8387,15,1612,465,9999,California
Tulare,2021-01-15,1617,13223,149,7677,1468,5546,0,0,1608,9986,9,1621,1608,11607,California
Tulare,2021-01-16,1899,15122,114,7791,1785,7331,0,0,1885,11857,14,1635,1885,13492,California
Tulare,2021-01-17,140,15262,121,7912,19,7350,0,0,130,11977,10,1645,130,13622,California
Tulare,2021-01-18,695,15957,662,8574,33,7383,0,0,295,11872,400,2045,295,13917,California
Tulare,2021-01-19,1005,16962,682,9256,323,7706,0,0,578,12023,427,2472,578,14495,California
Tulare,2021-01-20,2375,19337,563,9819,1812,9518,0,0,1990,13628,385,2857,1990,16485,California
Tulare,2021-01-21,1507,20844,150,9969,1357,10875,0,0,1481,15088,21,2878,1481,17966,California
Tulare,2021-01-22,1052,21896,186,10155,866,11741,0,0,1028,16093,23,2901,1028,18994,California
Tulare,2021-01-23,437,22333,156,10311,281,12022,0,0,416,16488,21,2922,416,19410,California
Tulare,2021-01-24,30,22363,27,10338,3,12025,0,0,28,16514,2,2924,28,19438,California
Tulare,2021-01-25,1324,23687,979,11317,345,12370,0,0,1295,17780,29,2953,1295,20733,California
Tulare,2021-01-26,1496,25183,1098,12415,398,12768,0,0,1173,18631,322,3275,1173,21906,California
Tulare,2021-01-27,1456,26639,1070,13485,386,13154,0,0,878,18931,578,3853,878,22784,California
Tulare,2021-01-28,1197,27836,768,14253,429,13583,0,0,801,19336,396,4249,801,23585,California
Tulare,2021-01-29,1127,28963,718,14971,409,13992,0,0,817,19843,310,4559,817,24402,California
Tulare,2021-01-30,1672,30635,1579,16550,93,14085,0,0,1648,21468,24,4583,1649,26051,California
Tulare,2021-01-31,51,30686,47,16597,4,14089,0,0,48,21513,3,4586,48,26099,California
Tulare,2021-02-01,1165,31851,901,17498,264,14353,0,0,816,21981,348,4934,816,26915,California
Tulare,2021-02-02,674,32525,327,17825,347,14700,0,0,443,22196,229,5163,444,27359,California
Tulare,2021-02-03,609,33134,284,18109,325,15025,0,0,335,22259,272,5435,335,27694,California
Tulare,2021-02-04,551,33685,165,18274,386,15411,0,0,266,22241,285,5720,267,27961,California
Tulare,2021-02-05,1227,34912,230,18504,997,16408,0,0,415,21846,810,6530,415,28376,California
Tulare,2021-02-06,834,35746,155,18659,679,17087,0,0,269,21553,563,7093,270,28646,California
Tulare,2021-02-07,78,35824,65,18724,13,17100,0,0,24,21523,54,7147,24,28670,California
Tulare,2021-02-08,947,36771,334,19058,613,17713,0,0,307,21193,637,7784,307,28977,California
Tulare,2021-02-09,1403,38174,325,19383,1078,18791,0,0,360,20515,1038,8822,360,29337,California
Tulare,2021-02-10,2471,40645,1987,21370,484,19275,0,0,2072,22191,396,9218,2072,31409,California
Tulare,2021-02-11,1321,41966,376,21746,945,20220,0,0,937,22744,384,9602,937,32346,California
Tulare,2021-02-12,2779,44745,578,22324,2201,22421,0,0,1218,22408,1554,11156,1218,33564,California
Tulare,2021-02-13,2478,47223,158,22482,2320,24741,0,0,667,21267,1808,12964,667,34231,California
Tulare,2021-02-14,329,47552,36,22518,293,25034,0,0,296,21530,33,12997,296,34527,California
Tulare,2021-02-15,913,48465,291,22809,622,25656,0,0,656,21930,256,13253,656,35183,California
Tulare,2021-02-16,2831,51296,1597,24406,1234,26890,0,0,1082,21263,1749,15002,1082,36265,California
Tulare,2021-02-17,2696,53992,509,24915,2187,29077,0,0,462,19496,2229,17231,462,36727,California
Tulare,2021-02-18,2301,56293,456,25371,1845,30922,0,0,639,18481,1654,18885,639,37366,California
Tulare,2021-02-19,2295,58588,855,26226,1440,32362,0,0,946,18080,1347,20232,946,38312,California
Tulare,2021-02-20,2988,61576,1891,28117,1097,33459,0,0,1267,17631,1716,21948,1267,39579,California
Tulare,2021-02-21,86,61662,82,28199,4,33463,0,0,51,17647,35,21983,51,39630,California
Tulare,2021-02-22,1106,62768,702,28901,404,33867,0,0,223,16988,882,22865,223,39853,California
Tulare,2021-02-23,1942,64710,939,29840,1003,34870,0,0,1458,17963,483,23348,1458,41311,California
Tulare,2021-02-24,2470,67180,1545,31385,925,35795,0,0,2090,19675,379,23727,2091,43402,California
Tulare,2021-02-25,3485,70665,1948,33333,1537,37332,0,0,3070,22334,411,24138,3070,46472,California
Tulare,2021-02-26,3834,74499,1877,35210,1957,39289,0,0,3377,25256,455,24593,3377,49849,California
Tulare,2021-02-27,2891,77390,1385,36595,1506,40795,0,0,2761,27898,119,24712,2761,52610,California
Tulare,2021-02-28,1307,78697,1035,37630,272,41067,0,0,1287,29168,17,24729,1287,53897,California
Tulare,2021-03-01,1732,80429,771,38401,961,42028,0,0,1553,30543,178,24907,1553,55450,California
Tulare,2021-03-02,2664,83093,1186,39587,1478,43506,0,0,2501,32885,160,25067,2502,57952,California
Tulare,2021-03-03,3763,86856,2473,42060,1290,44796,0,0,1821,32767,1941,27008,1823,59775,California
Tulare,2021-03-04,2851,89707,1289,43349,1562,46358,0,0,2541,35001,307,27315,2541,62316,California
Tulare,2021-03-05,3259,92966,1675,45024,1571,47929,13,13,2758,37277,497,27812,2773,65089,California
Tulare,2021-03-06,3041,96007,1421,46445,1561,49490,59,72,2793,39882,245,28057,2850,67939,California
Tulare,2021-03-07,1079,97086,676,47121,383,49873,20,92,1040,40903,39,28096,1060,68999,California
Tulare,2021-03-08,1663,98749,981,48102,514,50387,168,260,1352,42113,309,28405,1519,70518,California
Tulare,2021-03-09,2497,101246,1513,49615,838,51225,146,406,2137,44035,360,28765,2282,72800,California
Tulare,2021-03-10,2769,104015,1378,50993,1216,52441,175,581,2391,46230,369,29134,2564,75364,California
Tulare,2021-03-11,4083,108098,1939,52932,1844,54285,300,881,3150,48751,929,30063,3450,78814,California
Tulare,2021-03-12,4225,112323,2326,55258,1555,55840,344,1225,2981,50846,1232,31295,3327,82141,California
Tulare,2021-03-13,3957,116280,1828,57086,2023,57863,106,1331,3058,53115,894,32189,3163,85304,California
Tulare,2021-03-14,1796,118076,972,58058,605,58468,219,1550,1273,54084,522,32711,1491,86795,California
Tulare,2021-03-15,2660,120736,1548,59606,997,59465,115,1665,1891,55323,768,33479,2007,88802,California
Tulare,2021-03-16,3359,124095,2070,61676,1212,60677,77,1742,1818,55683,1538,35017,1898,90700,California
Tulare,2021-03-17,3886,127981,2532,64208,1277,61954,77,1819,2160,56207,1720,36737,2244,92944,California
Tulare,2021-03-18,4439,132420,3254,67462,1114,63068,71,1890,2339,56526,2094,38831,2413,95357,California
Tulare,2021-03-19,4929,137349,3202,70664,1531,64599,196,2086,2639,57087,2277,41108,2838,98195,California
Tulare,2021-03-20,4263,141612,2611,73275,1281,65880,371,2457,1982,57168,2275,43383,2356,100551,California
Tulare,2021-03-21,1857,143469,1588,74863,243,66123,26,2483,953,57246,901,44284,979,101530,California
Tulare,2021-03-22,2454,145923,1680,76543,663,66786,111,2594,1637,58186,810,45094,1750,103280,California
Tulare,2021-03-23,3635,149558,2057,78600,1528,68314,50,2644,2016,58649,1609,46703,2072,105352,California
Tulare,2021-03-24,3085,152643,1897,80497,1146,69460,42,2686,1820,59252,1259,47962,1862,107214,California
Tulare,2021-03-25,3359,156002,1729,82226,1468,70928,162,2848,1648,59359,1705,49667,1812,109026,California
Tulare,2021-03-26,5070,161072,2999,85225,1962,72890,109,2957,2471,59358,2581,52248,2580,111606,California
Tulare,2021-03-27,3398,164470,1727,86952,1575,74465,96,3053,932,57926,2459,54707,1027,112633,California
Tulare,2021-03-28,1408,165878,1022,87974,362,74827,24,3077,659,57867,748,55455,689,113322,California
Tulare,2021-03-29,2837,168715,1619,89593,1106,75933,112,3189,1210,57568,1623,57078,1324,114646,California
Tulare,2021-03-30,4501,173216,2574,92167,1697,77630,230,3419,1963,57225,2532,59610,2189,116835,California
Tulare,2021-03-31,3664,176880,2130,94297,1424,79054,110,3529,1504,56689,2152,61762,1616,118451,California
Tulare,2021-04-01,4272,181152,2310,96607,1899,80953,63,3592,1499,55484,2768,64530,1563,120014,California
Tulare,2021-04-02,5062,186214,2914,99521,2032,82985,116,3708,1650,53855,3396,67926,1767,121781,California
Tulare,2021-04-03,3331,189545,1992,101513,1028,84013,311,4019,837,52547,2456,70382,1148,122929,California
Tulare,2021-04-04,1576,191121,1115,102628,454,84467,7,4026,381,51742,1193,71575,388,123317,California
Tulare,2021-04-05,3256,194377,2294,104922,707,85174,255,4281,883,50519,2361,73936,1138,124455,California
Tulare,2021-04-06,3125,197502,1460,106382,1199,86373,466,4747,933,49735,2187,76123,1403,125858,California
Tulare,2021-04-07,3178,200680,1609,107991,1219,87592,350,5097,1056,49023,2117,78240,1405,127263,California
Tulare,2021-04-08,2186,202866,1314,109305,696,88288,176,5273,740,48495,1443,79683,915,128178,California
Tuolumne,2020-12-16,46,46,46,46,0,0,0,0,46,46,0,0,46,46,California
Tuolumne,2020-12-17,22,68,22,68,0,0,0,0,22,68,0,0,22,68,California
Tuolumne,2020-12-18,174,242,173,241,1,1,0,0,174,242,0,0,174,242,California
Tuolumne,2020-12-19,7,249,7,248,0,1,0,0,7,249,0,0,7,249,California
Tuolumne,2020-12-20,1,250,1,249,0,1,0,0,1,250,0,0,1,250,California
Tuolumne,2020-12-21,116,366,102,351,14,15,0,0,116,366,0,0,116,366,California
Tuolumne,2020-12-22,169,535,169,520,0,15,0,0,169,535,0,0,169,535,California
Tuolumne,2020-12-23,192,727,190,710,2,17,0,0,192,727,0,0,192,727,California
Tuolumne,2020-12-26,3,730,3,713,0,17,0,0,3,730,0,0,3,730,California
Tuolumne,2020-12-28,78,808,77,790,1,18,0,0,78,808,0,0,78,808,California
Tuolumne,2020-12-29,111,919,40,830,71,89,0,0,111,919,0,0,111,919,California
Tuolumne,2020-12-30,82,1001,22,852,60,149,0,0,82,1001,0,0,82,1001,California
Tuolumne,2020-12-31,27,1028,20,872,7,156,0,0,27,1028,0,0,27,1028,California
Tuolumne,2021-01-01,6,1034,5,877,1,157,0,0,6,1034,0,0,6,1034,California
Tuolumne,2021-01-02,118,1152,115,992,3,160,0,0,118,1152,0,0,118,1152,California
Tuolumne,2021-01-03,3,1155,2,994,1,161,0,0,3,1155,0,0,3,1155,California
Tuolumne,2021-01-04,70,1225,27,1021,43,204,0,0,70,1225,0,0,70,1225,California
Tuolumne,2021-01-05,95,1320,26,1047,69,273,0,0,93,1316,2,2,93,1318,California
Tuolumne,2021-01-06,112,1432,52,1099,60,333,0,0,68,1340,44,46,68,1386,California
Tuolumne,2021-01-07,119,1551,61,1160,58,391,0,0,65,1351,54,100,65,1451,California
Tuolumne,2021-01-08,178,1729,153,1313,25,416,0,0,27,1230,150,250,29,1480,California
Tuolumne,2021-01-09,2,1731,1,1314,1,417,0,0,1,1231,1,251,2,1482,California
Tuolumne,2021-01-10,3,1734,1,1315,2,419,0,0,3,1234,0,251,3,1485,California
Tuolumne,2021-01-11,116,1850,90,1405,26,445,0,0,33,1184,83,334,33,1518,California
Tuolumne,2021-01-12,103,1953,87,1492,16,461,0,0,17,1116,86,420,18,1536,California
Tuolumne,2021-01-13,239,2192,129,1621,110,571,0,0,185,1248,54,474,186,1722,California
Tuolumne,2021-01-14,128,2320,91,1712,37,608,0,0,41,1203,86,560,41,1763,California
Tuolumne,2021-01-15,475,2795,72,1784,403,1011,0,0,412,1554,62,622,413,2176,California
Tuolumne,2021-01-16,7,2802,3,1787,4,1015,0,0,6,1559,1,623,6,2182,California
Tuolumne,2021-01-17,5,2807,2,1789,3,1018,0,0,5,1564,0,623,5,2187,California
Tuolumne,2021-01-18,46,2853,38,1827,8,1026,0,0,8,1535,37,660,8,2195,California
Tuolumne,2021-01-19,473,3326,71,1898,402,1428,0,0,430,1922,43,703,430,2625,California
Tuolumne,2021-01-20,77,3403,60,1958,17,1445,0,0,24,1893,53,756,24,2649,California
Tuolumne,2021-01-21,56,3459,22,1980,34,1479,0,0,41,1919,15,771,41,2690,California
Tuolumne,2021-01-22,181,3640,13,1993,168,1647,0,0,175,2088,6,777,175,2865,California
Tuolumne,2021-01-23,664,4304,146,2139,518,2165,0,0,551,2536,113,890,561,3426,California
Tuolumne,2021-01-24,523,4827,1,2140,522,2687,0,0,519,3053,3,893,520,3946,California
Tuolumne,2021-01-25,48,4875,27,2167,21,2708,0,0,22,3050,26,919,23,3969,California
Tuolumne,2021-01-26,80,4955,68,2235,12,2720,0,0,40,3051,40,959,41,4010,California
Tuolumne,2021-01-27,61,5016,4,2239,57,2777,0,0,7,3005,53,1012,7,4017,California
Tuolumne,2021-01-28,27,5043,7,2246,20,2797,0,0,18,3014,9,1021,18,4035,California
Tuolumne,2021-01-29,70,5113,6,2252,64,2861,0,0,32,3008,38,1059,32,4067,California
Tuolumne,2021-01-30,708,5821,552,2804,156,3017,0,0,689,3691,19,1078,702,4769,California
Tuolumne,2021-01-31,8,5829,2,2806,6,3023,0,0,5,3693,3,1081,5,4774,California
Tuolumne,2021-02-01,24,5853,6,2812,18,3041,0,0,21,3711,3,1084,21,4795,California
Tuolumne,2021-02-02,648,6501,36,2848,612,3653,0,0,638,4340,9,1093,638,5433,California
Tuolumne,2021-02-03,239,6740,108,2956,131,3784,0,0,85,4271,154,1247,85,5518,California
Tuolumne,2021-02-04,126,6866,14,2970,112,3896,0,0,65,4273,63,1310,65,5583,California
Tuolumne,2021-02-05,99,6965,12,2982,87,3983,0,0,35,4245,63,1373,35,5618,California
Tuolumne,2021-02-06,854,7819,582,3564,272,4255,0,0,851,5093,3,1376,851,6469,California
Tuolumne,2021-02-07,7,7826,4,3568,3,4258,0,0,3,5092,4,1380,3,6472,California
Tuolumne,2021-02-08,90,7916,39,3607,51,4309,0,0,67,5136,23,1403,67,6539,California
Tuolumne,2021-02-09,866,8782,48,3655,818,5127,0,0,829,5928,37,1440,829,7368,California
Tuolumne,2021-02-10,87,8869,14,3669,73,5200,0,0,25,5893,60,1500,25,7393,California
Tuolumne,2021-02-11,138,9007,65,3734,73,5273,0,0,75,5905,63,1563,75,7468,California
Tuolumne,2021-02-12,640,9647,13,3747,627,5900,0,0,201,5669,438,2001,202,7670,California
Tuolumne,2021-02-13,146,9793,41,3788,105,6005,0,0,115,5759,25,2026,115,7785,California
Tuolumne,2021-02-14,148,9941,12,3800,136,6141,0,0,147,5905,1,2027,147,7932,California
Tuolumne,2021-02-15,184,10125,10,3810,174,6315,0,0,175,6071,9,2036,175,8107,California
Tuolumne,2021-02-16,525,10650,17,3827,508,6823,0,0,122,5794,401,2437,124,8231,California
Tuolumne,2021-02-17,109,10759,63,3890,46,6869,0,0,63,5812,45,2482,63,8294,California
Tuolumne,2021-02-18,680,11439,22,3912,658,7527,0,0,632,6396,48,2530,632,8926,California
Tuolumne,2021-02-19,131,11570,20,3932,111,7638,0,0,42,6349,89,2619,42,8968,California
Tuolumne,2021-02-20,903,12473,341,4273,562,8200,0,0,385,6229,506,3125,386,9354,California
Tuolumne,2021-02-21,974,13447,32,4305,942,9142,0,0,472,6202,499,3624,472,9826,California
Tuolumne,2021-02-22,79,13526,57,4362,22,9164,0,0,48,6220,30,3654,48,9874,California
Tuolumne,2021-02-23,45,13571,22,4384,23,9187,0,0,24,6224,20,3674,24,9898,California
Tuolumne,2021-02-24,89,13660,58,4442,31,9218,0,0,42,6220,46,3720,42,9940,California
Tuolumne,2021-02-25,1054,14714,31,4473,1023,10241,0,0,1023,7212,31,3751,1023,10963,California
Tuolumne,2021-02-26,140,14854,9,4482,131,10372,0,0,120,7312,20,3771,120,11083,California
Tuolumne,2021-02-27,948,15802,574,5056,374,10746,0,0,247,6871,688,4459,247,11330,California
Tuolumne,2021-02-28,55,15857,4,5060,51,10797,0,0,52,6921,2,4461,52,11382,California
Tuolumne,2021-03-01,106,15963,19,5079,87,10884,0,0,72,6961,33,4494,73,11455,California
Tuolumne,2021-03-02,708,16671,73,5152,635,11519,0,0,107,6467,601,5095,107,11562,California
Tuolumne,2021-03-03,87,16758,19,5171,68,11587,0,0,64,6508,23,5118,64,11626,California
Tuolumne,2021-03-04,1168,17926,68,5239,1100,12687,0,0,1105,7550,63,5181,1105,12731,California
Tuolumne,2021-03-05,81,18007,9,5248,72,12759,0,0,47,7565,33,5214,48,12779,California
Tuolumne,2021-03-06,1052,19059,604,5852,446,13205,2,2,204,6924,847,6061,206,12985,California
Tuolumne,2021-03-07,39,19098,12,5864,13,13218,14,16,17,6933,22,6083,31,13016,California
Tuolumne,2021-03-08,210,19308,88,5952,115,13333,7,23,154,7038,56,6139,161,13177,California
Tuolumne,2021-03-09,861,20169,11,5963,839,14172,11,34,76,6341,784,6923,87,13264,California
Tuolumne,2021-03-10,84,20253,13,5976,60,14232,11,45,61,6390,23,6946,72,13336,California
Tuolumne,2021-03-11,1249,21502,35,6011,1210,15442,4,49,1226,7599,23,6969,1232,14568,California
Tuolumne,2021-03-12,293,21795,29,6040,249,15691,15,64,189,7704,102,7071,207,14775,California
Tuolumne,2021-03-13,96,21891,11,6051,85,15776,0,64,80,7769,16,7087,81,14856,California
Tuolumne,2021-03-14,140,22031,8,6059,123,15899,9,73,8,7659,132,7219,22,14878,California
Tuolumne,2021-03-15,306,22337,79,6138,225,16124,2,75,113,7588,193,7412,122,15000,California
Tuolumne,2021-03-16,810,23147,40,6178,759,16883,11,86,675,8139,136,7548,687,15687,California
Tuolumne,2021-03-17,157,23304,30,6208,112,16995,15,101,82,8161,74,7622,96,15783,California
Tuolumne,2021-03-18,961,24265,23,6231,922,17917,16,117,328,7873,633,8255,345,16128,California
Tuolumne,2021-03-19,140,24405,13,6244,94,18011,33,150,78,7923,60,8315,110,16238,California
Tuolumne,2021-03-20,87,24492,6,6250,72,18083,9,159,36,7917,50,8365,44,16282,California
Tuolumne,2021-03-21,834,25326,389,6639,436,18519,9,168,42,7178,790,9155,51,16333,California
Tuolumne,2021-03-22,172,25498,71,6710,82,18601,19,187,106,7237,66,9221,125,16458,California
Tuolumne,2021-03-23,722,26220,636,7346,72,18673,14,201,685,7899,36,9257,698,17156,California
Tuolumne,2021-03-24,117,26337,17,7363,82,18755,18,219,86,7973,30,9287,104,17260,California
Tuolumne,2021-03-25,1291,27628,17,7380,1271,20026,3,222,321,7328,969,10256,324,17584,California
Tuolumne,2021-03-26,285,27913,11,7391,251,20277,23,245,131,7347,135,10391,154,17738,California
Tuolumne,2021-03-27,577,28490,51,7442,526,20803,0,245,317,7405,260,10651,318,18056,California
Tuolumne,2021-03-28,50,28540,7,7449,43,20846,0,245,10,7379,38,10689,12,18068,California
Tuolumne,2021-03-29,215,28755,70,7519,145,20991,0,245,116,7414,81,10770,116,18184,California
Tuolumne,2021-03-30,168,28923,12,7531,155,21146,1,246,125,7498,42,10812,126,18310,California
Tuolumne,2021-03-31,95,29018,12,7543,81,21227,2,248,40,7488,54,10866,44,18354,California
Tuolumne,2021-04-01,1248,30266,22,7565,1226,22453,0,248,232,6706,1015,11881,233,18587,California
Tuolumne,2021-04-02,172,30438,9,7574,138,22591,25,273,103,6765,69,11950,128,18715,California
Tuolumne,2021-04-03,414,30852,32,7606,382,22973,0,273,231,6815,183,12133,233,18948,California
Tuolumne,2021-04-04,31,30883,0,7606,31,23004,0,273,21,6827,9,12142,21,18969,California
Tuolumne,2021-04-05,139,31022,18,7624,115,23119,6,279,60,6814,79,12221,66,19035,California
Tuolumne,2021-04-06,607,31629,485,8109,97,23216,25,304,480,7193,127,12348,506,19541,California
Tuolumne,2021-04-07,119,31748,33,8142,69,23285,17,321,43,7177,76,12424,60,19601,California
Tuolumne,2021-04-08,296,32044,8,8150,285,23570,3,324,61,7006,235,12659,64,19665,California
Ventura,2020-12-15,5,5,5,5,0,0,0,0,5,5,0,0,5,5,California
Ventura,2020-12-16,72,77,72,77,0,0,0,0,72,77,0,0,72,77,California
Ventura,2020-12-17,249,326,249,326,0,0,0,0,249,326,0,0,249,326,California
Ventura,2020-12-18,1409,1735,1409,1735,0,0,0,0,1409,1735,0,0,1409,1735,California
Ventura,2020-12-19,911,2646,911,2646,0,0,0,0,911,2646,0,0,911,2646,California
Ventura,2020-12-20,430,3076,430,3076,0,0,0,0,430,3076,0,0,430,3076,California
Ventura,2020-12-21,1469,4545,1469,4545,0,0,0,0,1469,4545,0,0,1469,4545,California
Ventura,2020-12-22,1105,5650,1100,5645,5,5,0,0,1105,5650,0,0,1105,5650,California
Ventura,2020-12-23,1026,6676,979,6624,47,52,0,0,1026,6676,0,0,1026,6676,California
Ventura,2020-12-24,477,7153,379,7003,98,150,0,0,477,7153,0,0,477,7153,California
Ventura,2020-12-25,11,7164,7,7010,4,154,0,0,11,7164,0,0,11,7164,California
Ventura,2020-12-26,110,7274,89,7099,21,175,0,0,110,7274,0,0,110,7274,California
Ventura,2020-12-27,58,7332,27,7126,31,206,0,0,58,7332,0,0,58,7332,California
Ventura,2020-12-28,1065,8397,927,8053,138,344,0,0,1065,8397,0,0,1065,8397,California
Ventura,2020-12-29,1167,9564,761,8814,406,750,0,0,1167,9564,0,0,1167,9564,California
Ventura,2020-12-30,1984,11548,1517,10331,467,1217,0,0,1984,11548,0,0,1984,11548,California
Ventura,2020-12-31,477,12025,162,10493,315,1532,0,0,477,12025,0,0,477,12025,California
Ventura,2021-01-01,17,12042,4,10497,13,1545,0,0,17,12042,0,0,17,12042,California
Ventura,2021-01-02,170,12212,78,10575,92,1637,0,0,170,12212,0,0,170,12212,California
Ventura,2021-01-03,15,12227,8,10583,7,1644,0,0,15,12227,0,0,15,12227,California
Ventura,2021-01-04,1077,13304,547,11130,530,2174,0,0,1076,13303,0,0,1076,13303,California
Ventura,2021-01-05,1372,14676,777,11907,595,2769,0,0,1332,14595,40,40,1332,14635,California
Ventura,2021-01-06,2051,16727,1178,13085,873,3642,0,0,1620,15795,422,462,1622,16257,California
Ventura,2021-01-07,2070,18797,1329,14414,741,4383,0,0,1185,16097,883,1345,1185,17442,California
Ventura,2021-01-08,2198,20995,1475,15889,723,5106,0,0,906,15714,1290,2635,907,18349,California
Ventura,2021-01-09,722,21717,501,16390,221,5327,0,0,319,15630,403,3038,319,18668,California
Ventura,2021-01-10,336,22053,324,16714,12,5339,0,0,122,15538,214,3252,122,18790,California
Ventura,2021-01-11,2446,24499,1489,18203,957,6296,0,0,1493,16080,953,4205,1495,20285,California
Ventura,2021-01-12,3032,27531,1602,19805,1430,7726,0,0,2010,17068,1022,5227,2010,22295,California
Ventura,2021-01-13,2925,30456,1421,21226,1504,9230,0,0,2042,18230,881,6108,2043,24338,California
Ventura,2021-01-14,2725,33181,1057,22283,1668,10898,0,0,2280,20067,444,6552,2281,26619,California
Ventura,2021-01-15,2869,36050,962,23245,1907,12805,0,0,2658,22515,211,6763,2659,29278,California
Ventura,2021-01-16,484,36534,186,23431,298,13103,0,0,403,22837,81,6844,403,29681,California
Ventura,2021-01-17,260,36794,137,23568,123,13226,0,0,254,23085,6,6850,254,29935,California
Ventura,2021-01-18,2217,39011,1671,25239,546,13772,0,0,1667,24204,549,7399,1668,31603,California
Ventura,2021-01-19,3029,42040,2114,27353,915,14687,0,0,2137,25451,892,8291,2139,33742,California
Ventura,2021-01-20,4052,46092,3103,30456,949,15636,0,0,3017,27437,1032,9323,3018,36760,California
Ventura,2021-01-21,3827,49919,2664,33120,1163,16799,0,0,3159,29932,665,9988,3160,39920,California
Ventura,2021-01-22,3600,53519,2481,35601,1119,17918,0,0,3439,33210,161,10149,3439,43359,California
Ventura,2021-01-23,1183,54702,649,36250,534,18452,0,0,1082,34194,100,10249,1084,44443,California
Ventura,2021-01-24,449,55151,134,36384,315,18767,0,0,436,34617,13,10262,436,44879,California
Ventura,2021-01-25,3144,58295,2025,38409,1119,19886,0,0,2595,36664,548,10810,2595,47474,California
Ventura,2021-01-26,3683,61978,2183,40592,1500,21386,0,0,2691,38366,991,11801,2693,50167,California
Ventura,2021-01-27,3438,65416,1545,42137,1893,23279,0,0,2700,40331,735,12536,2700,52867,California
Ventura,2021-01-28,3849,69265,1977,44114,1872,25151,0,0,3237,42974,595,13131,3238,56105,California
Ventura,2021-01-29,4232,73497,2504,46618,1728,26879,0,0,3739,46232,481,13612,3739,59844,California
Ventura,2021-01-30,3028,76525,1958,48576,1070,27949,0,0,2859,48926,166,13778,2860,62704,California
Ventura,2021-01-31,834,77359,448,49024,386,28335,0,0,750,49592,84,13862,750,63454,California
Ventura,2021-02-01,3918,81277,2100,51124,1818,30153,0,0,3156,51989,760,14622,3157,66611,California
Ventura,2021-02-02,4398,85675,2370,53494,2028,32181,0,0,3378,54352,1016,15638,3379,69990,California
Ventura,2021-02-03,4452,90127,2089,55583,2363,34544,0,0,3444,56794,1003,16641,3445,73435,California
Ventura,2021-02-04,4754,94881,2275,57858,2479,37023,0,0,3507,59063,1240,17881,3509,76944,California
Ventura,2021-02-05,4828,99709,2311,60169,2517,39540,0,0,3336,60922,1479,19360,3338,80282,California
Ventura,2021-02-06,2830,102539,1513,61682,1317,40857,0,0,2430,62952,400,19760,2430,82712,California
Ventura,2021-02-07,708,103247,241,61923,467,41324,0,0,583,63411,125,19885,584,83296,California
Ventura,2021-02-08,3498,106745,1623,63546,1875,43199,0,0,2430,64778,1063,20948,2430,85726,California
Ventura,2021-02-09,4710,111455,1968,65514,2742,45941,0,0,2466,65003,2243,23191,2468,88194,California
Ventura,2021-02-10,4700,116155,2230,67744,2470,48411,0,0,2397,65108,2293,25484,2398,90592,California
Ventura,2021-02-11,4647,120802,1855,69599,2792,51203,0,0,2440,65352,2200,27684,2444,93036,California
Ventura,2021-02-12,6283,127085,2646,72245,3637,54840,0,0,3211,65493,3070,30754,3211,96247,California
Ventura,2021-02-13,3290,130375,1826,74071,1464,56304,0,0,1840,65889,1446,32200,1842,98089,California
Ventura,2021-02-14,1225,131600,123,74194,1102,57406,0,0,1010,66685,215,32415,1011,99100,California
Ventura,2021-02-15,3984,135584,1794,75988,2190,59596,0,0,2115,66934,1866,34281,2115,101215,California
Ventura,2021-02-16,5526,141110,2700,78688,2826,62422,0,0,3017,67448,2503,36784,3017,104232,California
Ventura,2021-02-17,5224,146334,1917,80605,3307,65729,0,0,3266,68764,1950,38734,3266,107498,California
Ventura,2021-02-18,5764,152098,1826,82431,3938,69667,0,0,3628,70266,2126,40860,3628,111126,California
Ventura,2021-02-19,6433,158531,3762,86193,2671,72338,0,0,3003,69847,3423,44283,3004,114130,California
Ventura,2021-02-20,4911,163442,3155,89348,1756,74094,0,0,2760,70462,2147,46430,2762,116892,California
Ventura,2021-02-21,1037,164479,751,90099,286,74380,0,0,426,70281,607,47037,426,117318,California
Ventura,2021-02-22,5360,169839,2406,92505,2954,77334,0,0,3451,71832,1900,48937,3451,120769,California
Ventura,2021-02-23,5923,175762,2965,95470,2958,80292,0,0,3422,72771,2485,51422,3424,124193,California
Ventura,2021-02-24,6976,182738,2603,98073,4373,84665,0,0,4237,74284,2725,54147,4238,128431,California
Ventura,2021-02-25,7467,190205,2566,100639,4901,89566,0,0,4573,75976,2882,57029,4574,133005,California
Ventura,2021-02-26,9325,199530,2762,103401,6563,96129,0,0,6165,79006,3138,60167,6168,139173,California
Ventura,2021-02-27,9977,209507,5265,108666,4712,100841,0,0,7367,83784,2595,62762,7373,146546,California
Ventura,2021-02-28,2559,212066,1634,110300,924,101765,1,1,2098,85425,457,63219,2098,148644,California
Ventura,2021-03-01,6916,218982,2799,113099,4117,105882,0,1,4610,87750,2299,65518,4624,153268,California
Ventura,2021-03-02,7359,226341,3924,117023,3434,109316,1,2,5142,90682,2210,67728,5142,158410,California
Ventura,2021-03-03,8450,234791,3881,120904,4569,113885,0,2,6026,94299,2412,70140,6029,164439,California
Ventura,2021-03-04,8031,242822,3867,124771,4164,118049,0,2,5423,97126,2597,72737,5424,169863,California
Ventura,2021-03-05,9954,252776,4792,129563,5152,123201,10,12,7084,101370,2857,75594,7101,176964,California
Ventura,2021-03-06,7208,259984,4392,133955,2662,125863,154,166,5310,104939,1896,77490,5465,182429,California
Ventura,2021-03-07,1649,261633,604,134559,944,126807,101,267,1233,105857,416,77906,1334,183763,California
Ventura,2021-03-08,6722,268355,3414,137973,3156,129963,152,419,4626,108545,2093,79999,4781,188544,California
Ventura,2021-03-09,6498,274853,2809,140782,3493,133456,196,615,3647,109550,2840,82839,3845,192389,California
Ventura,2021-03-10,6730,281583,2962,143744,3530,136986,238,853,4447,111960,2275,85114,4685,197074,California
Ventura,2021-03-11,6232,287815,2874,146618,3150,140136,208,1061,3403,112752,2819,87933,3611,200685,California
Ventura,2021-03-12,8401,296216,3015,149633,4552,144688,834,1895,4052,113307,4333,92266,4888,205573,California
Ventura,2021-03-13,6575,302791,2470,152103,3268,147956,837,2732,3716,115005,2854,95120,4552,210125,California
Ventura,2021-03-14,2110,304901,466,152569,1150,149106,494,3226,719,114830,1390,96510,1215,211340,California
Ventura,2021-03-15,6892,311793,2040,154609,3505,152611,1347,4573,2962,115227,3912,100422,4309,215649,California
Ventura,2021-03-16,7826,319619,2435,157044,4281,156892,1110,5683,3929,116383,3881,104303,5037,220686,California
Ventura,2021-03-17,7296,326915,2736,159780,4215,161107,345,6028,4356,118159,2925,107228,4701,225387,California
Ventura,2021-03-18,7151,334066,3253,163033,3746,164853,152,6180,4653,120477,2486,109714,4804,230191,California
Ventura,2021-03-19,8248,342314,3739,166772,4400,169253,109,6289,4914,122180,3318,113032,5021,235212,California
Ventura,2021-03-20,8096,350410,5224,171996,2852,172105,20,6309,3869,121863,4207,117239,3890,239102,California
Ventura,2021-03-21,2755,353165,1503,173499,883,172988,369,6678,1307,122097,1442,118681,1676,240778,California
Ventura,2021-03-22,7260,360425,3657,177156,3501,176489,102,6780,4793,124538,2454,121135,4895,245673,California
Ventura,2021-03-23,8058,368483,3858,181014,4155,180644,45,6825,4619,125781,3420,124555,4663,250336,California
Ventura,2021-03-24,8765,377248,3386,184400,5305,185949,74,6899,4363,125845,4374,128929,4438,254774,California
Ventura,2021-03-25,8675,385923,3885,188285,4725,190674,65,6964,4400,126051,4259,133188,4465,259239,California
Ventura,2021-03-26,9614,395537,3312,191597,5651,196325,651,7615,3740,124589,5852,139040,4390,263629,California
Ventura,2021-03-27,8073,403610,3892,195489,4142,200467,39,7654,2380,121333,5677,144717,2421,266050,California
Ventura,2021-03-28,2488,406098,1384,196873,1095,201562,9,7663,1361,121577,1126,145843,1370,267420,California
Ventura,2021-03-29,8403,414501,4252,201125,4106,205668,45,7708,4200,121644,4178,150021,4245,271665,California
Ventura,2021-03-30,8848,423349,4379,205504,4346,210014,123,7831,4568,122064,4270,154291,4690,276355,California
Ventura,2021-03-31,10520,433869,4771,210275,5140,215154,609,8440,4584,121339,5918,160209,5193,281548,California
Ventura,2021-04-01,10473,444342,5139,215414,4486,219640,848,9288,5320,122366,5137,165346,6164,287712,California
Ventura,2021-04-02,11159,455501,4548,219962,5427,225067,1184,10472,5266,122952,5869,171215,6455,294167,California
Ventura,2021-04-03,7900,463401,3880,223842,2925,227992,1095,11567,3315,122786,4576,175791,4410,298577,California
Ventura,2021-04-04,1693,465094,947,224789,619,228611,127,11694,1145,123513,545,176336,1272,299849,California
Ventura,2021-04-05,8935,474029,4733,229522,3252,231863,950,12644,4532,124598,4395,180731,5480,305329,California
Ventura,2021-04-06,10604,484633,5503,235025,3732,235595,1369,14013,5497,126374,5090,185821,6866,312195,California
Ventura,2021-04-07,10543,495176,5151,240176,4184,239779,1208,15221,4800,126650,5729,191550,6005,318200,California
Ventura,2021-04-08,5712,500888,2781,242957,2504,242283,427,15648,2228,125827,3474,195024,2651,320851,California
Yolo,2020-12-15,39,39,39,39,0,0,0,0,39,39,0,0,39,39,California
Yolo,2020-12-16,78,117,78,117,0,0,0,0,78,117,0,0,78,117,California
Yolo,2020-12-17,101,218,101,218,0,0,0,0,101,218,0,0,101,218,California
Yolo,2020-12-18,209,427,209,427,0,0,0,0,209,427,0,0,209,427,California
Yolo,2020-12-19,86,513,86,513,0,0,0,0,86,513,0,0,86,513,California
Yolo,2020-12-20,100,613,100,613,0,0,0,0,100,613,0,0,100,613,California
Yolo,2020-12-21,253,866,253,866,0,0,0,0,253,866,0,0,253,866,California
Yolo,2020-12-22,382,1248,381,1247,1,1,0,0,382,1248,0,0,382,1248,California
Yolo,2020-12-23,431,1679,412,1659,19,20,0,0,431,1679,0,0,431,1679,California
Yolo,2020-12-24,151,1830,94,1753,57,77,0,0,151,1830,0,0,151,1830,California
Yolo,2020-12-25,1,1831,1,1754,0,77,0,0,1,1831,0,0,1,1831,California
Yolo,2020-12-26,75,1906,25,1779,50,127,0,0,75,1906,0,0,75,1906,California
Yolo,2020-12-27,46,1952,19,1798,27,154,0,0,46,1952,0,0,46,1952,California
Yolo,2020-12-28,346,2298,178,1976,168,322,0,0,346,2298,0,0,346,2298,California
Yolo,2020-12-29,482,2780,267,2243,215,537,0,0,482,2780,0,0,482,2780,California
Yolo,2020-12-30,621,3401,254,2497,367,904,0,0,621,3401,0,0,621,3401,California
Yolo,2020-12-31,183,3584,94,2591,89,993,0,0,183,3584,0,0,183,3584,California
Yolo,2021-01-01,55,3639,54,2645,1,994,0,0,55,3639,0,0,55,3639,California
Yolo,2021-01-02,68,3707,25,2670,43,1037,0,0,68,3707,0,0,68,3707,California
Yolo,2021-01-03,43,3750,19,2689,24,1061,0,0,43,3750,0,0,43,3750,California
Yolo,2021-01-04,193,3943,43,2732,150,1211,0,0,193,3943,0,0,193,3943,California
Yolo,2021-01-05,610,4553,236,2968,374,1585,0,0,549,4431,61,61,549,4492,California
Yolo,2021-01-06,480,5033,183,3151,297,1882,0,0,349,4649,131,192,349,4841,California
Yolo,2021-01-07,710,5743,234,3385,476,2358,0,0,521,4982,188,380,521,5362,California
Yolo,2021-01-08,628,6371,308,3693,320,2678,0,0,413,5181,214,594,413,5775,California
Yolo,2021-01-09,409,6780,67,3760,342,3020,0,0,364,5500,45,639,364,6139,California
Yolo,2021-01-10,392,7172,80,3840,312,3332,0,0,322,5752,70,709,322,6461,California
Yolo,2021-01-11,559,7731,323,4163,236,3568,0,0,291,5775,268,977,291,6752,California
Yolo,2021-01-12,479,8210,361,4524,118,3686,0,0,173,5643,306,1283,174,6926,California
Yolo,2021-01-13,763,8973,309,4833,454,4140,0,0,514,5908,249,1532,514,7440,California
Yolo,2021-01-14,374,9347,181,5014,193,4333,0,0,270,6074,104,1636,270,7710,California
Yolo,2021-01-15,621,9968,320,5334,301,4634,0,0,543,6539,78,1714,543,8253,California
Yolo,2021-01-16,739,10707,95,5429,644,5278,0,0,708,7216,31,1745,708,8961,California
Yolo,2021-01-17,185,10892,117,5546,68,5346,0,0,178,7387,7,1752,178,9139,California
Yolo,2021-01-18,477,11369,303,5849,174,5520,0,0,379,7668,98,1850,379,9518,California
Yolo,2021-01-19,539,11908,370,6219,169,5689,0,0,365,7859,174,2024,365,9883,California
Yolo,2021-01-20,655,12563,378,6597,277,5966,0,0,472,8149,182,2206,472,10355,California
Yolo,2021-01-21,642,13205,380,6977,262,6228,0,0,455,8417,187,2393,455,10810,California
Yolo,2021-01-22,745,13950,249,7226,496,6724,0,0,628,8930,115,2508,628,11438,California
Yolo,2021-01-23,613,14563,124,7350,489,7213,0,0,566,9449,47,2555,566,12004,California
Yolo,2021-01-24,207,14770,124,7474,83,7296,0,0,166,9574,41,2596,166,12170,California
Yolo,2021-01-25,728,15498,152,7626,576,7872,0,0,514,9874,214,2810,514,12684,California
Yolo,2021-01-26,811,16309,326,7952,485,8357,0,0,426,9915,385,3195,426,13110,California
Yolo,2021-01-27,553,16862,222,8174,331,8688,0,0,380,10122,173,3368,380,13490,California
Yolo,2021-01-28,1046,17908,565,8739,481,9169,0,0,923,10923,122,3490,923,14413,California
Yolo,2021-01-29,863,18771,260,8999,603,9772,0,0,782,11625,80,3570,782,15195,California
Yolo,2021-01-30,1515,20286,917,9916,598,10370,0,0,1408,12932,101,3671,1408,16603,California
Yolo,2021-01-31,248,20534,210,10126,38,10408,0,0,213,13111,34,3705,213,16816,California
Yolo,2021-02-01,838,21372,358,10484,480,10888,0,0,610,13496,225,3930,610,17426,California
Yolo,2021-02-02,1318,22690,745,11229,573,11461,0,0,928,14035,390,4320,929,18355,California
Yolo,2021-02-03,1513,24203,395,11624,1118,12579,0,0,1185,14895,325,4645,1185,19540,California
Yolo,2021-02-04,1790,25993,280,11904,1510,14089,0,0,1241,15599,538,5183,1242,20782,California
Yolo,2021-02-05,1590,27583,896,12800,694,14783,0,0,1192,16394,398,5581,1193,21975,California
Yolo,2021-02-06,1915,29498,1245,14045,670,15453,0,0,1554,17588,361,5942,1555,23530,California
Yolo,2021-02-07,516,30014,248,14293,268,15721,0,0,169,17411,346,6288,169,23699,California
Yolo,2021-02-08,953,30967,331,14624,622,16343,0,0,610,17681,340,6628,610,24309,California
Yolo,2021-02-09,851,31818,381,15005,470,16813,0,0,572,17974,279,6907,572,24881,California
Yolo,2021-02-10,1448,33266,472,15477,976,17789,0,0,815,18158,632,7539,816,25697,California
Yolo,2021-02-11,1536,34802,774,16251,762,18551,0,0,1161,18944,375,7914,1161,26858,California
Yolo,2021-02-12,1897,36699,747,16998,1150,19701,0,0,1434,19918,460,8374,1434,28292,California
Yolo,2021-02-13,2051,38750,710,17708,1341,21042,0,0,1387,20641,664,9038,1387,29679,California
Yolo,2021-02-14,569,39319,152,17860,417,21459,0,0,445,20963,123,9161,445,30124,California
Yolo,2021-02-15,524,39843,187,18047,337,21796,0,0,262,20964,262,9423,263,30387,California
Yolo,2021-02-16,1114,40957,426,18473,688,22484,0,0,809,21468,305,9728,809,31196,California
Yolo,2021-02-17,1378,42335,696,19169,682,23166,0,0,987,22064,391,10119,987,32183,California
Yolo,2021-02-18,2436,44771,757,19926,1679,24845,0,0,1675,22978,761,10880,1675,33858,California
Yolo,2021-02-19,1735,46506,743,20669,992,25837,0,0,1121,23487,612,11492,1121,34979,California
Yolo,2021-02-20,2429,48935,939,21608,1490,27327,0,0,1358,23779,1066,12558,1358,36337,California
Yolo,2021-02-21,280,49215,225,21833,55,27382,0,0,73,23646,206,12764,73,36410,California
Yolo,2021-02-22,1360,50575,599,22432,761,28143,0,0,692,23671,667,13431,692,37102,California
Yolo,2021-02-23,1118,51693,838,23270,280,28423,0,0,438,23431,678,14109,438,37540,California
Yolo,2021-02-24,2093,53786,592,23862,1501,29924,0,0,1386,24112,705,14814,1386,38926,California
Yolo,2021-02-25,1338,55124,441,24303,897,30821,0,0,874,24523,463,15277,874,39800,California
Yolo,2021-02-26,2529,57653,977,25280,1552,32373,0,0,1335,24667,1191,16468,1335,41135,California
Yolo,2021-02-27,1644,59297,765,26045,879,33252,0,0,1195,25413,449,16917,1195,42330,California
Yolo,2021-02-28,1776,61073,1491,27536,285,33537,0,0,685,25009,1089,18006,685,43015,California
Yolo,2021-03-01,1073,62146,351,27887,722,34259,0,0,648,25234,423,18429,648,43663,California
Yolo,2021-03-02,1418,63564,676,28563,742,35001,0,0,901,25618,517,18946,901,44564,California
Yolo,2021-03-03,1787,65351,596,29159,1191,36192,0,0,795,25423,990,19936,795,45359,California
Yolo,2021-03-04,2755,68106,1381,30540,1374,37566,0,0,1508,25686,1245,21181,1508,46867,California
Yolo,2021-03-05,2298,70404,1378,31918,909,38475,11,11,1435,26270,862,22043,1446,48313,California
Yolo,2021-03-06,1459,71863,1120,33038,310,38785,29,40,830,26502,627,22670,859,49172,California
Yolo,2021-03-07,901,72764,670,33708,217,39002,14,54,768,27151,133,22803,782,49954,California
Yolo,2021-03-08,1017,73781,477,34185,498,39500,42,96,746,27670,270,23073,789,50743,California
Yolo,2021-03-09,1150,74931,627,34812,463,39963,60,156,755,28092,393,23466,815,51558,California
Yolo,2021-03-10,1709,76640,982,35794,437,40400,290,446,738,28145,970,24436,1023,52581,California
Yolo,2021-03-11,2266,78906,1535,37329,668,41068,63,509,1563,29070,702,25138,1627,54208,California
Yolo,2021-03-12,2873,81779,1339,38668,1457,42525,77,586,1371,29021,1496,26634,1447,55655,California
Yolo,2021-03-13,1832,83611,730,39398,926,43451,176,762,1006,29380,823,27457,1182,56837,California
Yolo,2021-03-14,1005,84616,208,39606,648,44099,149,911,519,29563,485,27942,668,57505,California
Yolo,2021-03-15,1315,85931,772,40378,368,44467,175,1086,702,29829,611,28553,877,58382,California
Yolo,2021-03-16,1864,87795,718,41096,1073,45540,73,1159,1101,30240,763,29316,1174,59556,California
Yolo,2021-03-17,2469,90264,961,42057,1435,46975,73,1232,1723,31292,743,30059,1795,61351,California
Yolo,2021-03-18,2870,93134,886,42943,1760,48735,224,1456,1161,30969,1708,31767,1385,62736,California
Yolo,2021-03-19,2016,95150,801,43744,1147,49882,68,1524,1060,31147,950,32717,1128,63864,California
Yolo,2021-03-20,2744,97894,814,44558,1889,51771,41,1565,1117,30686,1621,34338,1160,65024,California
Yolo,2021-03-21,315,98209,217,44775,90,51861,8,1573,227,30834,87,34425,235,65259,California
Yolo,2021-03-22,1375,99584,475,45250,848,52709,52,1625,902,31316,471,34896,953,66212,California
Yolo,2021-03-23,1722,101306,927,46177,739,53448,56,1681,1063,31776,659,35555,1119,67331,California
Yolo,2021-03-24,2836,104142,1403,47580,1384,54832,49,1730,1428,31855,1398,36953,1477,68808,California
Yolo,2021-03-25,2390,106532,1272,48852,1091,55923,27,1757,1159,31819,1222,38175,1186,69994,California
Yolo,2021-03-26,2355,108887,1225,50077,1111,57034,19,1776,1011,31512,1336,39511,1029,71023,California
Yolo,2021-03-27,1620,110507,450,50527,1154,58188,16,1792,753,31415,866,40377,769,71792,California
Yolo,2021-03-28,1097,111604,858,51385,221,58409,18,1810,269,30878,824,41201,287,72079,California
Yolo,2021-03-29,1977,113581,810,52195,1153,59562,14,1824,993,30905,980,42181,1007,73086,California
Yolo,2021-03-30,2266,115847,1066,53261,1175,60737,25,1849,1209,31087,1052,43233,1234,74320,California
Yolo,2021-03-31,2323,118170,1203,54464,1086,61823,34,1883,1221,31241,1101,44334,1255,75575,California
Yolo,2021-04-01,3701,121871,1726,56190,1503,63326,472,2355,1558,31131,2140,46474,2030,77605,California
Yolo,2021-04-02,3074,124945,1467,57657,1547,64873,60,2415,2055,32233,1013,47487,2115,79720,California
Yolo,2021-04-03,1767,126712,1064,58721,489,65362,214,2629,788,32257,978,48465,1002,80722,California
Yolo,2021-04-04,378,127090,146,58867,170,65532,62,2691,139,32219,239,48704,201,80923,California
Yolo,2021-04-05,1885,128975,715,59582,1075,66607,95,2786,1017,32467,864,49568,1112,82035,California
Yolo,2021-04-06,2500,131475,1290,60872,1046,67653,164,2950,1275,32691,1216,50784,1440,83475,California
Yolo,2021-04-07,2041,133516,804,61676,1032,68685,205,3155,1277,33414,758,51542,1481,84956,California
Yolo,2021-04-08,1549,135065,606,62282,688,69373,255,3410,739,33601,807,52349,994,85950,California
Yuba,2020-12-16,4,4,4,4,0,0,0,0,4,4,0,0,4,4,California
Yuba,2020-12-17,4,8,4,8,0,0,0,0,4,8,0,0,4,8,California
Yuba,2020-12-18,8,16,8,16,0,0,0,0,8,16,0,0,8,16,California
Yuba,2020-12-19,12,28,12,28,0,0,0,0,12,28,0,0,12,28,California
Yuba,2020-12-20,20,48,20,48,0,0,0,0,20,48,0,0,20,48,California
Yuba,2020-12-21,40,88,40,88,0,0,0,0,40,88,0,0,40,88,California
Yuba,2020-12-22,86,174,86,174,0,0,0,0,86,174,0,0,86,174,California
Yuba,2020-12-23,63,237,61,235,2,2,0,0,63,237,0,0,63,237,California
Yuba,2020-12-24,20,257,10,245,10,12,0,0,20,257,0,0,20,257,California
Yuba,2020-12-26,15,272,13,258,2,14,0,0,15,272,0,0,15,272,California
Yuba,2020-12-27,15,287,15,273,0,14,0,0,15,287,0,0,15,287,California
Yuba,2020-12-28,51,338,35,308,16,30,0,0,51,338,0,0,51,338,California
Yuba,2020-12-29,77,415,10,318,67,97,0,0,77,415,0,0,77,415,California
Yuba,2020-12-30,64,479,21,339,43,140,0,0,64,479,0,0,64,479,California
Yuba,2020-12-31,36,515,6,345,30,170,0,0,36,515,0,0,36,515,California
Yuba,2021-01-02,23,538,22,367,1,171,0,0,23,538,0,0,23,538,California
Yuba,2021-01-03,10,548,6,373,4,175,0,0,10,548,0,0,10,548,California
Yuba,2021-01-04,90,638,21,394,69,244,0,0,90,638,0,0,90,638,California
Yuba,2021-01-05,68,706,36,430,32,276,0,0,67,704,1,1,67,705,California
Yuba,2021-01-06,152,858,75,505,77,353,0,0,146,844,6,7,146,851,California
Yuba,2021-01-07,74,932,19,524,55,408,0,0,71,911,4,11,71,922,California
Yuba,2021-01-08,73,1005,25,549,48,456,0,0,66,970,7,18,66,988,California
Yuba,2021-01-09,19,1024,16,565,3,459,0,0,11,973,8,26,11,999,California
Yuba,2021-01-10,117,1141,22,587,95,554,0,0,95,1046,22,48,95,1094,California
Yuba,2021-01-11,73,1214,50,637,23,577,0,0,33,1039,40,88,33,1127,California
Yuba,2021-01-12,109,1323,79,716,30,607,0,0,44,1018,65,153,44,1171,California
Yuba,2021-01-13,118,1441,71,787,47,654,0,0,54,1009,63,216,54,1225,California
Yuba,2021-01-14,109,1550,43,830,66,720,0,0,97,1094,12,228,97,1322,California
Yuba,2021-01-15,206,1756,88,918,118,838,0,0,195,1278,11,239,195,1517,California
Yuba,2021-01-16,185,1941,21,939,164,1002,0,0,173,1438,13,252,173,1690,California
Yuba,2021-01-17,13,1954,9,948,4,1006,0,0,7,1439,6,258,7,1697,California
Yuba,2021-01-18,60,2014,32,980,28,1034,0,0,35,1449,25,283,35,1732,California
Yuba,2021-01-19,80,2094,29,1009,51,1085,0,0,65,1499,15,298,65,1797,California
Yuba,2021-01-20,132,2226,87,1096,45,1130,0,0,109,1585,23,321,109,1906,California
Yuba,2021-01-21,212,2438,96,1192,116,1246,0,0,203,1779,9,330,203,2109,California
Yuba,2021-01-22,103,2541,6,1198,97,1343,0,0,94,1864,9,339,94,2203,California
Yuba,2021-01-23,199,2740,7,1205,192,1535,0,0,196,2057,3,342,196,2399,California
Yuba,2021-01-24,9,2749,6,1211,3,1538,0,0,7,2062,2,344,7,2406,California
Yuba,2021-01-25,83,2832,27,1238,56,1594,0,0,52,2084,30,374,52,2458,California
Yuba,2021-01-26,149,2981,39,1277,110,1704,0,0,93,2121,56,430,93,2551,California
Yuba,2021-01-27,182,3163,128,1405,54,1758,0,0,115,2169,67,497,115,2666,California
Yuba,2021-01-28,215,3378,79,1484,136,1894,0,0,174,2302,41,538,174,2840,California
Yuba,2021-01-29,158,3536,55,1539,103,1997,0,0,111,2366,47,585,111,2951,California
Yuba,2021-01-30,409,3945,23,1562,386,2383,0,0,398,2753,11,596,398,3349,California
Yuba,2021-01-31,17,3962,12,1574,5,2388,0,0,15,2766,2,598,15,3364,California
Yuba,2021-02-01,152,4114,73,1647,79,2467,0,0,129,2874,22,620,130,3494,California
Yuba,2021-02-02,123,4237,23,1670,100,2567,0,0,101,2953,22,642,101,3595,California
Yuba,2021-02-03,226,4463,29,1699,197,2764,0,0,114,2956,111,753,114,3709,California
Yuba,2021-02-04,295,4758,121,1820,174,2938,0,0,253,3167,42,795,253,3962,California
Yuba,2021-02-05,147,4905,32,1852,115,3053,0,0,71,3162,76,871,71,4033,California
Yuba,2021-02-06,446,5351,25,1877,421,3474,0,0,438,3592,8,879,438,4471,California
Yuba,2021-02-07,18,5369,11,1888,7,3481,0,0,15,3604,3,882,15,4486,California
Yuba,2021-02-08,96,5465,35,1923,61,3542,0,0,66,3640,30,912,66,4552,California
Yuba,2021-02-09,153,5618,55,1978,98,3640,0,0,84,3655,69,981,84,4636,California
Yuba,2021-02-10,347,5965,172,2150,175,3815,0,0,113,3535,233,1214,113,4749,California
Yuba,2021-02-11,396,6361,62,2212,334,4149,0,0,300,3741,94,1308,300,5049,California
Yuba,2021-02-12,265,6626,27,2239,238,4387,0,0,152,3780,113,1421,152,5201,California
Yuba,2021-02-13,436,7062,35,2274,401,4788,0,0,388,4120,48,1469,388,5589,California
Yuba,2021-02-14,53,7115,10,2284,43,4831,0,0,49,4165,4,1473,49,5638,California
Yuba,2021-02-15,87,7202,36,2320,51,4882,0,0,68,4214,19,1492,68,5706,California
Yuba,2021-02-16,199,7401,53,2373,146,5028,0,0,141,4298,57,1549,141,5847,California
Yuba,2021-02-17,369,7770,155,2528,214,5242,0,0,98,4125,271,1820,98,5945,California
Yuba,2021-02-18,305,8075,33,2561,272,5514,0,0,181,4182,124,1944,181,6126,California
Yuba,2021-02-19,224,8299,84,2645,140,5654,0,0,141,4240,83,2027,141,6267,California
Yuba,2021-02-20,387,8686,29,2674,358,6012,0,0,334,4521,53,2080,334,6601,California
Yuba,2021-02-21,16,8702,14,2688,2,6014,0,0,6,4517,10,2090,6,6607,California
Yuba,2021-02-22,128,8830,79,2767,49,6063,0,0,39,4468,88,2178,39,6646,California
Yuba,2021-02-23,114,8944,25,2792,89,6152,0,0,46,4447,67,2245,46,6692,California
Yuba,2021-02-24,477,9421,136,2928,341,6493,0,0,105,4180,372,2617,105,6797,California
Yuba,2021-02-25,331,9752,132,3060,199,6692,0,0,203,4255,128,2745,203,7000,California
Yuba,2021-02-26,253,10005,67,3127,186,6878,0,0,140,4284,111,2856,140,7140,California
Yuba,2021-02-27,471,10476,46,3173,425,7303,0,0,384,4582,86,2942,384,7524,California
Yuba,2021-02-28,65,10541,21,3194,44,7347,0,0,44,4605,21,2963,44,7568,California
Yuba,2021-03-01,151,10692,38,3232,113,7460,0,0,75,4605,75,3038,75,7643,California
Yuba,2021-03-02,151,10843,35,3267,116,7576,0,0,75,4604,76,3114,75,7718,California
Yuba,2021-03-03,613,11456,156,3423,457,8033,0,0,192,4376,420,3534,192,7910,California
Yuba,2021-03-04,463,11919,269,3692,194,8227,0,0,323,4560,139,3673,323,8233,California
Yuba,2021-03-05,313,12232,58,3750,254,8481,1,1,248,4744,65,3738,249,8482,California
Yuba,2021-03-06,480,12712,34,3784,442,8923,4,5,374,5016,106,3844,378,8860,California
Yuba,2021-03-07,51,12763,27,3811,23,8946,1,6,34,5034,17,3861,35,8895,California
Yuba,2021-03-08,158,12921,49,3860,93,9039,16,22,99,5090,59,3920,115,9010,California
Yuba,2021-03-09,177,13098,47,3907,111,9150,19,41,85,5102,92,4012,104,9114,California
Yuba,2021-03-10,733,13831,231,4138,472,9622,30,71,229,4858,503,4515,259,9373,California
Yuba,2021-03-11,427,14258,184,4322,231,9853,12,83,295,5033,132,4647,307,9680,California
Yuba,2021-03-12,455,14713,85,4407,317,10170,53,136,148,4927,307,4954,201,9881,California
Yuba,2021-03-13,450,15163,332,4739,103,10273,15,151,361,5215,88,5042,376,10257,California
Yuba,2021-03-14,109,15272,21,4760,78,10351,10,161,48,5213,60,5102,58,10315,California
Yuba,2021-03-15,194,15466,49,4809,128,10479,17,178,99,5234,95,5197,116,10431,California
Yuba,2021-03-16,287,15753,71,4880,191,10670,25,203,173,5319,113,5310,198,10629,California
Yuba,2021-03-17,724,16477,159,5039,536,11206,29,232,184,4994,538,5848,213,10842,California
Yuba,2021-03-18,560,17037,147,5186,300,11506,113,345,337,5221,223,6071,450,11292,California
Yuba,2021-03-19,321,17358,117,5303,155,11661,49,394,183,5316,137,6208,232,11524,California
Yuba,2021-03-20,550,17908,80,5383,452,12113,18,412,469,5723,80,6288,487,12011,California
Yuba,2021-03-21,59,17967,36,5419,23,12136,0,412,47,5758,12,6300,47,12058,California
Yuba,2021-03-22,189,18156,70,5489,112,12248,7,419,147,5870,42,6342,154,12212,California
Yuba,2021-03-23,241,18397,79,5568,135,12383,27,446,162,5981,78,6420,189,12401,California
Yuba,2021-03-24,747,19144,239,5807,427,12810,81,527,185,5687,560,6980,266,12667,California
Yuba,2021-03-25,483,19627,263,6070,198,13008,22,549,239,5704,244,7224,261,12928,California
Yuba,2021-03-26,382,20009,142,6212,214,13222,26,575,221,5791,160,7384,247,13175,California
Yuba,2021-03-27,457,20466,26,6238,429,13651,2,577,405,6146,52,7436,407,13582,California
Yuba,2021-03-28,98,20564,40,6278,54,13705,4,581,37,6126,61,7497,41,13623,California
Yuba,2021-03-29,290,20854,84,6362,175,13880,31,612,178,6223,112,7609,209,13832,California
Yuba,2021-03-30,270,21124,67,6429,195,14075,8,620,191,6343,79,7688,199,14031,California
Yuba,2021-03-31,668,21792,112,6541,544,14619,12,632,248,6184,419,8107,260,14291,California
Yuba,2021-04-01,603,22395,280,6821,294,14913,29,661,274,6158,329,8436,303,14594,California
Yuba,2021-04-02,468,22863,88,6909,299,15212,81,742,177,6126,290,8726,258,14852,California
Yuba,2021-04-03,647,23510,51,6960,115,15327,481,1223,83,6127,563,9289,564,15416,California
Yuba,2021-04-04,56,23566,10,6970,40,15367,6,1229,31,6139,25,9314,37,15453,California
Yuba,2021-04-05,230,23796,75,7045,135,15502,20,1249,113,6156,115,9429,132,15585,California
Yuba,2021-04-06,308,24104,111,7156,144,15646,53,1302,148,6198,159,9588,201,15786,California
Yuba,2021-04-07,659,24763,343,7499,272,15918,44,1346,280,6144,377,9965,323,16109,California
Yuba,2021-04-08,349,25112,201,7700,130,16048,18,1364,194,6201,155,10120,212,16321,California
