county,administered_date,total_doses,cumulative_total_doses,pfizer_doses,cumulative_pfizer_doses,moderna_doses,cumulative_moderna_doses,jj_doses,cumulative_jj_doses,partially_vaccinated,total_partially_vaccinated,fully_vaccinated,cumulative_fully_vaccinated,at_least_one_dose,cumulative_at_least_one_dose,california_flag
All CA Counties,2020-12-15,1141,1141,1141,1141,0,0,0,0,1141,1141,0,0,1141,1141,
All CA Counties,2020-12-16,8437,9578,8437,9578,0,0,0,0,8437,9578,0,0,8437,9578,
All CA Counties,2020-12-17,25883,35461,25883,35461,0,0,0,0,25885,35463,0,0,25885,35463,
All CA Counties,2020-12-18,43914,79375,43858,79319,56,56,0,0,43915,79378,0,0,43915,79378,
All CA Counties,2020-12-19,25321,104696,25296,104615,25,81,0,0,25320,104697,1,1,25320,104698,
All CA Counties,2020-12-20,19042,123738,19015,123630,27,108,0,0,19041,123737,1,2,19041,123739,
All CA Counties,2020-12-21,49772,173510,49686,173316,86,194,0,0,49774,173510,2,4,49775,173514,
All CA Counties,2020-12-22,50147,223657,48018,221334,2129,2323,0,0,50145,223654,1,5,50145,223659,
All CA Counties,2020-12-23,50755,274412,41981,263315,8774,11097,0,0,50751,274404,4,9,50754,274413,
All CA Counties,2020-12-24,24150,298562,16429,279744,7721,18818,0,0,24147,298550,3,12,24149,298562,
All CA Counties,2020-12-25,2364,300926,2041,281785,323,19141,0,0,2364,300914,0,12,2364,300926,
All CA Counties,2020-12-26,14711,315637,9465,291250,5246,24387,0,0,14709,315622,1,13,14709,315635,
All CA Counties,2020-12-27,9440,325077,5590,296840,3850,28237,0,0,9439,325060,1,14,9439,325074,
All CA Counties,2020-12-28,45881,370958,29432,326272,16449,44686,0,0,45879,370936,3,17,45879,370953,
All CA Counties,2020-12-29,51005,421963,28438,354710,22567,67253,0,0,51001,421934,3,20,51001,421954,
All CA Counties,2020-12-30,62885,484848,35528,390238,27357,94610,0,0,62877,484808,6,26,62880,484834,
All CA Counties,2020-12-31,29351,514199,10859,401097,18492,113102,0,0,29342,514144,7,33,29343,514177,
All CA Counties,2021-01-01,4206,518405,1876,402973,2330,115432,0,0,4202,518343,3,36,4202,518379,
All CA Counties,2021-01-02,18441,536846,10362,413335,8079,123511,0,0,18440,536783,0,36,18440,536819,
All CA Counties,2021-01-03,6168,543014,3654,416989,2514,126025,0,0,6139,542910,12,48,6139,542958,
All CA Counties,2021-01-04,43584,586598,22213,439202,21371,147396,0,0,43505,586373,42,90,43505,586463,
All CA Counties,2021-01-05,56497,643095,30098,469300,26399,173795,0,0,51037,632099,5403,5493,51129,637592,
All CA Counties,2021-01-06,73341,716436,40640,509940,32701,206496,0,0,57944,674859,15218,20711,57978,695570,
All CA Counties,2021-01-07,92014,808450,52446,562386,39568,246064,0,0,61321,705706,30525,51236,61372,756942,
All CA Counties,2021-01-08,106683,915133,64175,626561,42508,288572,0,0,65488,730198,41061,92297,65553,822495,
All CA Counties,2021-01-09,44315,959448,25562,652123,18753,307325,0,0,27791,741516,16500,108797,27818,850313,
All CA Counties,2021-01-10,24309,983757,15017,667140,9292,316617,0,0,13077,743395,11215,120012,13094,863407,
All CA Counties,2021-01-11,104469,1088226,69508,736648,34961,351578,0,0,60629,760395,43798,163810,60798,924205,
All CA Counties,2021-01-12,113389,1201615,67133,803781,46256,397834,0,0,72385,792088,40925,204735,72618,996823,
All CA Counties,2021-01-13,119050,1320665,61779,865560,57271,455105,0,0,85349,843902,33615,238350,85429,1082252,
All CA Counties,2021-01-14,123705,1444370,49597,915157,74108,529213,0,0,104135,928734,19465,257815,104297,1186549,
All CA Counties,2021-01-15,141732,1586102,51801,966958,89931,619144,0,0,126692,1040685,14947,272762,126898,1313447,
All CA Counties,2021-01-16,80369,1666471,27326,994284,53043,672187,0,0,72812,1106016,7531,280293,72862,1386309,
All CA Counties,2021-01-17,48102,1714573,16800,1011084,31302,703489,0,0,44467,1146902,3628,283921,44514,1430823,
All CA Counties,2021-01-18,88078,1802651,45961,1057045,42117,745606,0,0,68794,1196649,19209,303130,68956,1499779,
All CA Counties,2021-01-19,141851,1944502,73591,1130636,68260,813866,0,0,110730,1276672,31030,334160,111053,1610832,
All CA Counties,2021-01-20,160157,2104659,81889,1212525,78268,892134,0,0,126611,1370211,33329,367489,126868,1737700,
All CA Counties,2021-01-21,173187,2277846,76882,1289407,96305,988439,0,0,154111,1505804,18866,386355,154459,1892159,
All CA Counties,2021-01-22,169368,2447214,69174,1358581,100194,1088633,0,0,155102,1646917,14134,400489,155247,2047406,
All CA Counties,2021-01-23,111233,2558447,49434,1408015,61799,1150432,0,0,98743,1733341,12432,412921,98856,2146262,
All CA Counties,2021-01-24,60966,2619413,29488,1437503,31478,1181910,0,0,56323,1785111,4613,417534,56383,2202645,
All CA Counties,2021-01-25,145043,2764456,65366,1502869,79677,1261587,0,0,109973,1860496,34945,452479,110330,2312975,
All CA Counties,2021-01-26,168404,2932860,82744,1585613,85660,1347247,0,0,131004,1954489,37268,489747,131261,2444236,
All CA Counties,2021-01-27,181940,3114800,87713,1673326,94227,1441474,0,0,142695,2058470,38927,528674,142908,2587144,
All CA Counties,2021-01-28,187549,3302349,86538,1759864,101011,1542485,0,0,153488,2178391,33776,562450,153697,2740841,
All CA Counties,2021-01-29,183310,3485659,88233,1848097,95077,1637562,0,0,148755,2293330,33984,596434,148923,2889764,
All CA Counties,2021-01-30,123382,3609041,55653,1903750,67729,1705291,0,0,108004,2386258,15215,611649,108143,2997907,
All CA Counties,2021-01-31,68968,3678009,38644,1942394,30324,1735615,0,0,64204,2445800,4715,616364,64257,3062164,
All CA Counties,2021-02-01,161810,3839819,75998,2018392,85812,1821427,0,0,121154,2526581,40498,656862,121279,3183443,
All CA Counties,2021-02-02,184450,4024269,77711,2096103,106739,1928166,0,0,140181,2622991,43993,700855,140403,3323846,
All CA Counties,2021-02-03,210800,4235069,95541,2191644,115259,2043425,0,0,156497,2725934,53807,754662,156750,3480596,
All CA Counties,2021-02-04,227632,4462701,99742,2291386,127890,2171315,0,0,167126,2833447,59971,814633,167484,3648080,
All CA Counties,2021-02-05,245727,4708428,106314,2397700,139413,2310728,0,0,167052,2923110,77909,892542,167572,3815652,
All CA Counties,2021-02-06,154730,4863158,74830,2472530,79900,2390628,0,0,120000,3009034,34566,927108,120490,3936142,
All CA Counties,2021-02-07,66809,4929967,43198,2515728,23611,2414239,0,0,50400,3043553,16331,943439,50850,3986992,
All CA Counties,2021-02-08,180602,5110569,88835,2604563,91767,2506006,0,0,119230,3102579,60944,1004383,119970,4106962,
All CA Counties,2021-02-09,211221,5321790,102128,2706691,109093,2615099,0,0,126703,3146349,84070,1088453,127840,4234802,
All CA Counties,2021-02-10,248258,5570048,119605,2826296,128653,2743752,0,0,137856,3176089,109590,1198043,139330,4374132,
All CA Counties,2021-02-11,265129,5835177,131294,2957590,133835,2877587,0,0,144930,3203709,119093,1317136,146713,4520845,
All CA Counties,2021-02-12,272043,6107220,119258,3076848,152785,3030372,0,0,146893,3228664,124299,1441435,149254,4670099,
All CA Counties,2021-02-13,166695,6273915,77244,3154092,89451,3119823,0,0,92171,3248624,74158,1515593,94118,4764217,
All CA Counties,2021-02-14,95252,6369167,47379,3201471,47873,3167696,0,0,51590,3258256,43498,1559091,53130,4817347,
All CA Counties,2021-02-15,142284,6511451,62406,3263877,79878,3247574,0,0,78772,3277010,63138,1622229,81892,4899239,
All CA Counties,2021-02-16,248629,6760080,117960,3381837,130669,3378243,0,0,133084,3298018,115170,1737399,136178,5035417,
All CA Counties,2021-02-17,258747,7018827,128756,3510593,129991,3508234,0,0,128955,3300920,129256,1866655,132158,5167575,
All CA Counties,2021-02-18,272350,7291177,142025,3652618,130325,3638559,0,0,131731,3296936,139924,2006579,135940,5303515,
All CA Counties,2021-02-19,252254,7543431,146305,3798923,105949,3744508,0,0,130303,3307848,121462,2128041,132374,5435889,
All CA Counties,2021-02-20,152587,7696018,97829,3896752,54758,3799266,0,0,84043,3325573,68285,2196326,86010,5521899,
All CA Counties,2021-02-21,81994,7778012,67954,3964706,14040,3813306,0,0,41303,3327997,40455,2236781,42879,5564778,
All CA Counties,2021-02-22,163705,7941717,109794,4074500,53911,3867217,0,0,82058,3330458,81331,2318112,83792,5648570,
All CA Counties,2021-02-23,225184,8166901,119293,4193793,105891,3973108,0,0,104981,3321812,119608,2437720,110962,5759532,
All CA Counties,2021-02-24,282715,8449616,142893,4336686,139822,4112930,0,0,134342,3315939,147750,2585470,141877,5901409,
All CA Counties,2021-02-25,319723,8769339,157414,4494100,162309,4275239,0,0,167302,3340043,151736,2737206,175840,6077249,
All CA Counties,2021-02-26,353148,9122487,164313,4658413,188835,4464074,0,0,196965,3388992,155279,2892485,204228,6281477,
All CA Counties,2021-02-27,251301,9373788,122067,4780480,129214,4593288,20,20,142757,3428240,107928,3000413,147176,6428653,
All CA Counties,2021-02-28,130325,9504113,77931,4858411,52389,4645677,5,25,76138,3453455,53766,3054179,78981,6507634,
All CA Counties,2021-03-01,239738,9743851,127710,4986121,111931,4757608,97,122,138453,3495456,100539,3154718,142540,6650174,
All CA Counties,2021-03-02,288748,10032599,146110,5132231,142619,4900227,19,141,174485,3563079,113756,3268474,181379,6831553,
All CA Counties,2021-03-03,331747,10364346,164594,5296825,167100,5067327,53,194,191172,3621706,139896,3408370,198523,7030076,
All CA Counties,2021-03-04,350950,10715296,177653,5474478,173208,5240535,89,283,206138,3690885,144068,3552438,213247,7243323,
All CA Counties,2021-03-05,339358,11054654,167074,5641552,171161,5411696,1123,1406,211474,3783656,127075,3679513,219846,7463169,
All CA Counties,2021-03-06,259390,11314044,133147,5774699,118395,5530091,7848,9254,161418,3860050,97561,3777074,173955,7637124,
All CA Counties,2021-03-07,127589,11441633,78466,5853165,44980,5575071,4143,13397,79974,3900408,47429,3824503,87787,7724911,
All CA Counties,2021-03-08,218716,11660349,106245,5959410,102027,5677098,10444,23841,143312,3984098,75026,3899529,158716,7883627,
All CA Counties,2021-03-09,291315,11951664,139354,6098764,136089,5813187,15872,39713,163666,4040515,127172,4026701,183589,8067216,
All CA Counties,2021-03-10,322459,12274123,160910,6259674,137110,5950297,24439,64152,174969,4097234,146843,4173544,203562,8270778,
All CA Counties,2021-03-11,376426,12650549,181956,6441630,161168,6111465,33302,97454,193597,4146438,181906,4355450,231110,8501888,
All CA Counties,2021-03-12,394996,13045545,176625,6618255,172094,6283559,46277,143731,194360,4191534,199843,4555293,244939,8746827,
All CA Counties,2021-03-13,283132,13328677,124875,6743130,127147,6410706,31110,174841,153264,4250889,129422,4684715,188777,8935604,
All CA Counties,2021-03-14,154868,13483545,83269,6826399,56517,6467223,15082,189923,78898,4271448,75691,4760406,96250,9031854,
All CA Counties,2021-03-15,290436,13773981,138789,6965188,131097,6598320,20550,210473,158382,4322422,131334,4891740,182308,9214162,
All CA Counties,2021-03-16,370066,14144047,173836,7139024,178942,6777262,17288,227761,214917,4403408,154422,5046162,235408,9449570,
All CA Counties,2021-03-17,383423,14527470,189666,7328690,175215,6952477,18542,246303,237860,4517573,144752,5190914,258917,9708487,
All CA Counties,2021-03-18,400571,14928041,205223,7533913,177374,7129851,17974,264277,238720,4615562,160769,5351683,258758,9967245,
All CA Counties,2021-03-19,410504,15338545,215875,7749788,173064,7302915,21565,285842,239657,4708880,169882,5521565,263200,10230445,
All CA Counties,2021-03-20,294605,15633150,154992,7904780,123764,7426679,15849,301691,186925,4806071,107024,5628589,204215,10434660,
All CA Counties,2021-03-21,143574,15776724,99270,8004050,36789,7463468,7515,309206,90151,4852009,53073,5681662,99011,10533671,
All CA Counties,2021-03-22,272998,16049722,159064,8163114,102745,7566213,11189,320395,178924,4951816,93310,5774972,193117,10726788,
All CA Counties,2021-03-23,356968,16406690,196539,8359653,149376,7715589,11053,331448,219727,5048832,136341,5911313,233357,10960145,
All CA Counties,2021-03-24,387164,16793854,221884,8581537,152830,7868419,12450,343898,226013,5129465,159928,6071241,240561,11200706,
All CA Counties,2021-03-25,417394,17211248,230144,8811681,172449,8040868,14801,358699,237272,5204878,178825,6250066,254238,11454944,
All CA Counties,2021-03-26,434621,17645869,232706,9044387,185852,8226720,16063,374762,235301,5260976,198121,6448187,254219,11709163,
All CA Counties,2021-03-27,312157,17958026,166308,9210695,134072,8360792,11777,386539,158098,5279853,153248,6601435,172125,11881288,
All CA Counties,2021-03-28,169098,18127124,108894,9319589,56627,8417419,3577,390116,89642,5295977,79010,6680445,95134,11976422,
All CA Counties,2021-03-29,310003,18437127,167390,9486979,133573,8550992,9040,399156,173361,5344997,135895,6816340,184915,12161337,
All CA Counties,2021-03-30,398033,18835160,201853,9688832,177991,8728983,18189,417345,224210,5416140,173052,6989392,244195,12405532,
All CA Counties,2021-03-31,425970,19261130,231965,9920797,172346,8901329,21659,439004,238332,5490559,186645,7176037,261064,12666596,
All CA Counties,2021-04-01,490866,19751996,251911,10172708,198776,9100105,40179,479183,271323,5585058,218260,7394297,312759,12979355,
All CA Counties,2021-04-02,472966,20224962,230826,10403534,199063,9299168,43077,522260,257309,5672785,214449,7608746,302176,13281531,
All CA Counties,2021-04-03,329237,20554199,167725,10571259,120125,9419293,41387,563647,164280,5715262,164332,7773078,206809,13488340,
All CA Counties,2021-04-04,132385,20686584,69083,10640342,44285,9463578,19017,582664,58137,5718604,73958,7847036,77300,13565640,
All CA Counties,2021-04-05,352900,21039484,182032,10822374,131264,9594842,39604,622268,174250,5757022,177968,8025004,216386,13782026,
All CA Counties,2021-04-06,456727,21496211,231580,11053954,159743,9754585,65404,687672,221684,5812127,234136,8259140,289241,14071267,
All CA Counties,2021-04-07,470998,21967209,244818,11298772,156428,9911013,69752,757424,229748,5872685,240337,8499477,300895,14372162,
All CA Counties,2021-04-08,498202,22465411,251626,11550398,162541,10073554,84035,841459,234811,5932208,262297,8761774,321820,14693982,
All CA Counties,2021-04-09,493476,22958887,246298,11796696,167661,10241215,79517,920976,227757,5978690,264717,9026491,311199,15005181,
All CA Counties,2021-04-10,365881,23324768,167614,11964310,124323,10365538,73944,994920,153737,5998108,211436,9237927,230854,15236035,
All CA Counties,2021-04-11,186707,23511475,104779,12069089,47910,10413448,34018,1028938,77120,6003010,109256,9347183,114158,15350193,
All CA Counties,2021-04-12,337546,23849021,173314,12242403,126337,10539785,37895,1066833,156344,6020469,180293,9527476,197752,15547945,
All CA Counties,2021-04-13,430294,24279315,240849,12483252,188508,10728293,937,1067770,240328,6075750,189009,9716485,244290,15792235,
All CA Counties,2021-04-14,448900,24728215,251890,12735142,196725,10925018,285,1068055,234608,6101961,213173,9929658,239384,16031619,
All CA Counties,2021-04-15,489436,25217651,285284,13020426,203913,11128931,239,1068294,274654,6166228,213390,10143048,277657,16309276,
All CA Counties,2021-04-16,473944,25691595,266944,13287370,206692,11335623,308,1068602,253047,6202241,219726,10362774,255739,16565015,
All CA Counties,2021-04-17,340136,26031731,190567,13477937,149528,11485151,41,1068643,193533,6253122,145806,10508580,196687,16761702,
All CA Counties,2021-04-18,153920,26185651,97746,13575683,56158,11541309,16,1068659,79192,6260971,74343,10582923,82192,16843894,
All CA Counties,2021-04-19,316930,26502581,182927,13758610,133915,11675224,88,1068747,150015,6246879,166055,10748978,151963,16995857,
All CA Counties,2021-04-20,406119,26908700,216162,13974772,189890,11865114,67,1068814,202472,6249822,202642,10951620,205585,17201442,
All CA Counties,2021-04-21,418973,27327673,237915,14212687,180797,12045911,261,1069075,201350,6238257,216253,11167873,204688,17406130,
All CA Counties,2021-04-22,445403,27773076,253978,14466665,191350,12237261,75,1069150,198971,6195352,245105,11412978,202200,17608330,
All CA Counties,2021-04-23,436861,28209937,248981,14715646,187792,12425053,88,1069238,197724,6158659,237776,11650754,201083,17809413,
All CA Counties,2021-04-24,322693,28532630,204086,14919732,118444,12543497,163,1069401,163682,6167625,158086,11808840,167052,17976465,
All CA Counties,2021-04-25,149274,28681904,98509,15018241,50699,12594196,66,1069467,80398,6181055,68442,11877282,81872,18058337,
All CA Counties,2021-04-26,279543,28961447,164091,15182332,113994,12708190,1458,1070925,121289,6150785,157336,12034618,127066,18185403,
All CA Counties,2021-04-27,348518,29309965,194180,15376512,148917,12857107,5421,1076346,140482,6092719,206963,12241581,148897,18334300,
All CA Counties,2021-04-28,347003,29656968,199151,15575663,140022,12997129,7830,1084176,141308,6039448,204685,12446266,151414,18485714,
All CA Counties,2021-04-29,355739,30012707,204978,15780641,142928,13140057,7833,1092009,128198,5950846,226443,12672709,137841,18623555,
All CA Counties,2021-04-30,371057,30383764,213159,15993800,149100,13289157,8798,1100807,140305,5872296,229554,12902263,151004,18774559,
All CA Counties,2021-05-01,246171,30629935,157468,16151268,82682,13371839,6021,1106828,89446,5813996,155966,13058229,97666,18872225,
All CA Counties,2021-05-02,116684,30746619,81554,16232822,31264,13403103,3866,1110694,40909,5783740,75395,13133624,45139,18917364,
All CA Counties,2021-05-03,250809,30997428,154809,16387631,87343,13490446,8657,1119351,76011,5695242,174009,13307633,85511,19002875,
All CA Counties,2021-05-04,324303,31321731,197782,16585413,116825,13607271,9696,1129047,95771,5574355,227494,13535127,106607,19109482,
All CA Counties,2021-05-05,327613,31649344,203709,16789122,113942,13721213,9962,1139009,92209,5443249,234241,13769368,103135,19212617,
All CA Counties,2021-05-06,346486,31995830,226279,17015401,109776,13830989,10431,1149440,88223,5287678,256712,14026080,101141,19313758,
All CA Counties,2021-05-07,343326,32339156,215308,17230709,118229,13949218,9789,1159229,93327,5143320,248696,14274776,104338,19418096,
All CA Counties,2021-05-08,222870,32562026,141283,17371992,74916,14024134,6671,1165900,61287,5052142,160555,14435331,69377,19487473,
All CA Counties,2021-05-09,92991,32655017,69911,17441903,20108,14044242,2972,1168872,25463,5013917,67081,14502412,28856,19516329,
All CA Counties,2021-05-10,200086,32855103,113916,17555819,78456,14122698,7714,1176586,49731,4923135,149485,14651897,58703,19575032,
All CA Counties,2021-05-11,258245,33113348,144680,17700499,105472,14228170,8093,1184679,68036,4811589,189323,14841220,77777,19652809,
All CA Counties,2021-05-12,251863,33365211,144649,17845148,98898,14327068,8316,1192995,68927,4707883,181985,15023205,78279,19731088,
All CA Counties,2021-05-13,289199,33654410,185718,18030866,96455,14423523,7026,1200021,107807,4644950,180266,15203471,117333,19848421,
All CA Counties,2021-05-14,331435,33985845,212271,18243137,110461,14533984,8703,1208724,130869,4587173,199428,15402899,141651,19990072,
All CA Counties,2021-05-15,272725,34258570,190804,18433941,76088,14610072,5833,1214557,112355,4546756,159561,15562460,119144,20109216,
All CA Counties,2021-05-16,134460,34393030,102912,18536853,28631,14638703,2917,1217474,54783,4525589,79250,15641710,58083,20167299,
All CA Counties,2021-05-17,236491,34629521,155949,18692802,73276,14711979,7266,1224740,98839,4495808,136816,15778526,107035,20274334,
All CA Counties,2021-05-18,276846,34906367,169180,18861982,100356,14812335,7310,1232050,113403,4455562,162336,15940862,122090,20396424,
All CA Counties,2021-05-19,271006,35177373,169379,19031361,94206,14906541,7421,1239471,116412,4426890,153589,16094451,124917,20521341,
All CA Counties,2021-05-20,222285,35399658,133103,19164464,81952,14988493,7230,1246701,88843,4391711,132506,16226957,97327,20618668,
All CA Counties,2021-05-21,239054,35638712,148004,19312468,83991,15072484,7059,1253760,93451,4348616,144587,16371544,101492,20720160,
All CA Counties,2021-05-22,166624,35805336,112123,19424591,49052,15121536,5449,1259209,73446,4335788,92589,16464133,79761,20799921,
All CA Counties,2021-05-23,61110,35866446,45937,19470528,13047,15134583,2126,1261335,28336,4333963,32503,16496636,30678,20830599,
All CA Counties,2021-05-24,164324,36030770,95393,19565921,60817,15195400,8114,1269449,64606,4308544,98967,16595603,73548,20904147,
All CA Counties,2021-05-25,185398,36216168,109050,19674971,68557,15263957,7791,1277240,73356,4279700,111082,16706685,82238,20986385,
All CA Counties,2021-05-26,178001,36394169,102333,19777304,68148,15332105,7520,1284760,71578,4254037,105430,16812115,79767,21066152,
All CA Counties,2021-05-27,167265,36561434,95739,19873043,63432,15395537,8094,1292854,69695,4236038,96792,16908907,78793,21144945,
All CA Counties,2021-05-28,181838,36743272,105243,19978286,69858,15465395,6737,1299591,79279,4221396,101714,17010621,87072,21232017,
All CA Counties,2021-05-29,102075,36845347,63092,20041378,35370,15500765,3613,1303204,48452,4220779,53128,17063749,52511,21284528,
All CA Counties,2021-05-30,45705,36891052,30391,20071769,12995,15513760,2319,1305523,20623,4219066,24868,17088617,23155,21307683,
All CA Counties,2021-05-31,19355,36910407,11580,20083349,6838,15520598,937,1306460,6459,4213787,12782,17101399,7503,21315186,
All CA Counties,2021-06-01,87560,36997967,51684,20135033,31333,15551931,4543,1311003,27080,4185869,59950,17161349,32032,21347218,
All CA and Non-CA Counties,2020-12-15,1148,1148,1148,1148,0,0,0,0,1148,1148,0,0,1148,1148,
All CA and Non-CA Counties,2020-12-16,8709,9857,8709,9857,0,0,0,0,8709,9857,0,0,8709,9857,
All CA and Non-CA Counties,2020-12-17,27483,37340,27483,37340,0,0,0,0,27483,37340,0,0,27483,37340,
All CA and Non-CA Counties,2020-12-18,46466,83806,46403,83743,63,63,0,0,46466,83806,0,0,46466,83806,
All CA and Non-CA Counties,2020-12-19,26358,110164,26332,110075,26,89,0,0,26357,110162,1,1,26357,110163,
All CA and Non-CA Counties,2020-12-20,19724,129888,19694,129769,30,119,0,0,19723,129884,1,2,19723,129886,
All CA and Non-CA Counties,2020-12-21,51964,181852,51875,181644,89,208,0,0,51962,181845,2,4,51963,181849,
All CA and Non-CA Counties,2020-12-22,52233,234085,50030,231674,2203,2411,0,0,52231,234075,1,5,52231,234080,
All CA and Non-CA Counties,2020-12-23,52287,286372,43373,275047,8914,11325,0,0,52282,286356,4,9,52285,286365,
All CA and Non-CA Counties,2020-12-24,24955,311327,17041,292088,7914,19239,0,0,24952,311307,3,12,24954,311319,
All CA and Non-CA Counties,2020-12-25,2398,313725,2070,294158,328,19567,0,0,2398,313705,0,12,2398,313717,
All CA and Non-CA Counties,2020-12-26,15018,328743,9668,303826,5350,24917,0,0,15016,328720,1,13,15016,328733,
All CA and Non-CA Counties,2020-12-27,9630,338373,5664,309490,3966,28883,0,0,9629,338348,1,14,9629,338362,
All CA and Non-CA Counties,2020-12-28,47296,385669,30327,339817,16969,45852,0,0,47293,385638,3,17,47293,385655,
All CA and Non-CA Counties,2020-12-29,52550,438219,29453,369270,23097,68949,0,0,52546,438181,3,20,52546,438201,
All CA and Non-CA Counties,2020-12-30,64855,503074,36811,406081,28044,96993,0,0,64847,503025,6,26,64850,503051,
All CA and Non-CA Counties,2020-12-31,30470,533544,11460,417541,19010,116003,0,0,30459,533477,8,34,30460,533511,
All CA and Non-CA Counties,2021-01-01,4318,537862,1901,419442,2417,118420,0,0,4314,537788,3,37,4314,537825,
All CA and Non-CA Counties,2021-01-02,18681,556543,10494,429936,8187,126607,0,0,18679,556466,1,38,18679,556504,
All CA and Non-CA Counties,2021-01-03,6338,562881,3745,433681,2593,129200,0,0,6309,562763,12,50,6309,562813,
All CA and Non-CA Counties,2021-01-04,44737,607618,22730,456411,22007,151207,0,0,44652,607372,43,93,44652,607465,
All CA and Non-CA Counties,2021-01-05,58043,665661,30915,487326,27128,178335,0,0,52391,654263,5593,5686,52484,659949,
All CA and Non-CA Counties,2021-01-06,76050,741711,42239,529565,33811,212146,0,0,59915,698260,15952,21638,59949,719898,
All CA and Non-CA Counties,2021-01-07,96221,837932,55047,584612,41174,253320,0,0,63874,730010,32177,53815,63927,783825,
All CA and Non-CA Counties,2021-01-08,111193,949125,67092,651704,44101,297421,0,0,68127,755282,42923,96738,68195,852020,
All CA and Non-CA Counties,2021-01-09,45638,994763,26097,677801,19541,316962,0,0,28787,767271,16827,113565,28816,880836,
All CA and Non-CA Counties,2021-01-10,24614,1019377,15199,693000,9415,326377,0,0,13261,769213,11336,124901,13278,894114,
All CA and Non-CA Counties,2021-01-11,107786,1127163,71533,764533,36253,362630,0,0,62618,786875,45125,170026,62787,956901,
All CA and Non-CA Counties,2021-01-12,117272,1244435,69459,833992,47813,410443,0,0,74726,819376,42462,212488,74963,1031864,
All CA and Non-CA Counties,2021-01-13,122736,1367171,63590,897582,59146,469589,0,0,87865,872538,34786,247274,87948,1119812,
All CA and Non-CA Counties,2021-01-14,127428,1494599,50876,948458,76552,546141,0,0,107218,959828,20092,267366,107382,1227194,
All CA and Non-CA Counties,2021-01-15,145976,1640575,52798,1001256,93178,639319,0,0,130469,1075102,15401,282767,130675,1357869,
All CA and Non-CA Counties,2021-01-16,83068,1723643,27718,1028974,55350,694669,0,0,75335,1142782,7705,290472,75385,1433254,
All CA and Non-CA Counties,2021-01-17,48607,1772250,16957,1045931,31650,726319,0,0,44921,1184071,3679,294151,44968,1478222,
All CA and Non-CA Counties,2021-01-18,89325,1861575,46779,1092710,42546,768865,0,0,69585,1234154,19664,313815,69747,1547969,
All CA and Non-CA Counties,2021-01-19,145947,2007522,74934,1167644,71013,839878,0,0,113935,1316495,31920,345735,114261,1662230,
All CA and Non-CA Counties,2021-01-20,164666,2172188,83374,1251018,81292,921170,0,0,130133,1412573,34313,380048,130391,1792621,
All CA and Non-CA Counties,2021-01-21,177380,2349568,78061,1329079,99319,1020489,0,0,157742,1551248,19415,399463,158090,1950711,
All CA and Non-CA Counties,2021-01-22,174045,2523613,70294,1399373,103751,1124240,0,0,159377,1696239,14532,413995,159523,2110234,
All CA and Non-CA Counties,2021-01-23,113519,2637132,49774,1449147,63745,1187985,0,0,100867,1784625,12594,426589,100980,2211214,
All CA and Non-CA Counties,2021-01-24,61576,2698708,29736,1478883,31840,1219825,0,0,56857,1836852,4690,431279,56917,2268131,
All CA and Non-CA Counties,2021-01-25,149594,2848302,67334,1546217,82260,1302085,0,0,113619,1914982,35847,467126,113977,2382108,
All CA and Non-CA Counties,2021-01-26,174445,3022747,85714,1631931,88731,1390816,0,0,136179,2013289,38136,505262,136443,2518551,
All CA and Non-CA Counties,2021-01-27,186986,3209733,90396,1722327,96590,1487406,0,0,147103,2121046,39560,544822,147317,2665868,
All CA and Non-CA Counties,2021-01-28,192997,3402730,89536,1811863,103461,1590867,0,0,158334,2245218,34371,579193,158543,2824411,
All CA and Non-CA Counties,2021-01-29,188374,3591104,91449,1903312,96925,1687792,0,0,153034,2363654,34768,613961,153204,2977615,
All CA and Non-CA Counties,2021-01-30,127882,3718986,58101,1961413,69781,1757573,0,0,112272,2460618,15448,629409,112412,3090027,
All CA and Non-CA Counties,2021-01-31,72039,3791025,41295,2002708,30744,1788317,0,0,67222,2523126,4768,634177,67276,3157303,
All CA and Non-CA Counties,2021-02-01,167362,3958387,78605,2081313,88757,1877074,0,0,125989,2608031,41209,675386,126114,3283417,
All CA and Non-CA Counties,2021-02-02,191302,4149689,79933,2161246,111369,1988443,0,0,146304,2709843,44714,720100,146526,3429943,
All CA and Non-CA Counties,2021-02-03,218155,4367844,97656,2258902,120499,2108942,0,0,162968,2818384,54683,774783,163224,3593167,
All CA and Non-CA Counties,2021-02-04,234487,4602331,101970,2360872,132517,2241459,0,0,172977,2930754,60966,835749,173336,3766503,
All CA and Non-CA Counties,2021-02-05,252554,4854885,108563,2469435,143991,2385450,0,0,172803,3025096,78981,914730,173323,3939826,
All CA and Non-CA Counties,2021-02-06,159181,5014066,77003,2546438,82178,2467628,0,0,123978,3114536,35031,949761,124471,4064297,
All CA and Non-CA Counties,2021-02-07,69053,5083119,45053,2591491,24000,2491628,0,0,52561,3151135,16414,966175,53013,4117310,
All CA and Non-CA Counties,2021-02-08,186001,5269120,92261,2683752,93740,2585368,0,0,123532,3213377,62030,1028205,124272,4241582,
All CA and Non-CA Counties,2021-02-09,215527,5484647,104071,2787823,111456,2696824,0,0,129688,3258836,85380,1113585,130839,4372421,
All CA and Non-CA Counties,2021-02-10,253901,5738548,121577,2909400,132324,2829148,0,0,141037,3289345,112043,1225628,142552,4514973,
All CA and Non-CA Counties,2021-02-11,270063,6008611,133645,3043045,136418,2965566,0,0,148519,3319236,120429,1346057,150320,4665293,
All CA and Non-CA Counties,2021-02-12,277334,6285945,121245,3164290,156089,3121655,0,0,150329,3345788,126142,1472199,152694,4817987,
All CA and Non-CA Counties,2021-02-13,169143,6455088,77972,3242262,91171,3212826,0,0,94063,3367097,74713,1546912,96022,4914009,
All CA and Non-CA Counties,2021-02-14,96603,6551691,47801,3290063,48802,3261628,0,0,52696,3377597,43738,1590650,54238,4968247,
All CA and Non-CA Counties,2021-02-15,144874,6696565,63972,3354035,80902,3342530,0,0,80033,3396302,64452,1655102,83157,5051404,
All CA and Non-CA Counties,2021-02-16,255159,6951724,120929,3474964,134230,3476760,0,0,135698,3416024,119075,1774177,138797,5190201,
All CA and Non-CA Counties,2021-02-17,264702,7216426,131741,3606705,132961,3609721,0,0,130810,3416693,133349,1907526,134018,5324219,
All CA and Non-CA Counties,2021-02-18,278855,7495281,145819,3752524,133036,3742757,0,0,133802,3410366,144339,2051865,138012,5462231,
All CA and Non-CA Counties,2021-02-19,258168,7753449,150450,3902974,107718,3850475,0,0,132784,3420335,124888,2176753,134857,5597088,
All CA and Non-CA Counties,2021-02-20,155930,7909379,100521,4003495,55409,3905884,0,0,85289,3437214,70378,2247131,87257,5684345,
All CA and Non-CA Counties,2021-02-21,84739,7994118,70482,4073977,14257,3920141,0,0,42157,3438609,42341,2289472,43736,5728081,
All CA and Non-CA Counties,2021-02-22,167188,8161306,112342,4186319,54846,3974987,0,0,83690,3440859,83179,2372651,85429,5813510,
All CA and Non-CA Counties,2021-02-23,231254,8392560,122712,4309031,108542,4083529,0,0,107343,3430889,123308,2495959,113338,5926848,
All CA and Non-CA Counties,2021-02-24,289160,8681720,146455,4455486,142705,4226234,0,0,136813,3423523,151719,2647678,144353,6071201,
All CA and Non-CA Counties,2021-02-25,326703,9008423,160975,4616461,165728,4391962,0,0,170398,3446873,155590,2803268,178940,6250141,
All CA and Non-CA Counties,2021-02-26,360035,9368458,167962,4784423,192073,4584035,0,0,200081,3495250,158968,2962236,207345,6457486,
All CA and Non-CA Counties,2021-02-27,256820,9625278,124847,4909270,131952,4715987,21,21,144640,3532762,111551,3073787,149063,6606549,
All CA and Non-CA Counties,2021-02-28,132782,9758060,79721,4988991,53055,4769042,6,27,76947,3557144,55410,3129197,79792,6686341,
All CA and Non-CA Counties,2021-03-01,244752,10002812,130899,5119890,113755,4882797,98,125,139826,3596892,104171,3233368,143919,6830260,
All CA and Non-CA Counties,2021-03-02,295507,10298319,148609,5268499,146879,5029676,19,144,176551,3661905,118434,3351802,183447,7013707,
All CA and Non-CA Counties,2021-03-03,339632,10637951,167673,5436172,171904,5201580,55,199,193818,3717960,145120,3496922,201175,7214882,
All CA and Non-CA Counties,2021-03-04,357795,10995746,180596,5616768,177105,5378685,94,293,208453,3784947,148582,3645504,215569,7430451,
All CA and Non-CA Counties,2021-03-05,344667,11340413,169765,5786533,173765,5552450,1137,1430,214224,3877939,129626,3775130,222618,7653069,
All CA and Non-CA Counties,2021-03-06,264023,11604436,135305,5921838,120713,5673163,8005,9435,163777,3954586,99832,3874962,176479,7829548,
All CA and Non-CA Counties,2021-03-07,129195,11733631,79496,6001334,45501,5718664,4198,13633,80951,3995349,48058,3923020,88821,7918369,
All CA and Non-CA Counties,2021-03-08,221861,11955492,108111,6109445,103056,5821720,10694,24327,145526,4080607,75929,3998949,161187,8079556,
All CA and Non-CA Counties,2021-03-09,295999,12251491,141748,6251193,138059,5959779,16192,40519,166418,4138167,129101,4128050,186661,8266217,
All CA and Non-CA Counties,2021-03-10,326886,12578377,163033,6414226,138897,6098676,24956,65475,177703,4196459,148528,4276578,206820,8473037,
All CA and Non-CA Counties,2021-03-11,382623,12961000,185116,6599342,163509,6262185,33998,99473,196933,4246841,184761,4461339,235143,8708180,
All CA and Non-CA Counties,2021-03-12,401548,13362548,180568,6779910,173972,6436157,47008,146481,197981,4293375,202764,4664103,249298,8957478,
All CA and Non-CA Counties,2021-03-13,286941,13649489,127070,6906980,128285,6564442,31586,178067,155870,4354630,130617,4794720,191872,9149350,
All CA and Non-CA Counties,2021-03-14,156700,13806189,84214,6991194,57062,6621504,15424,193491,79910,4375727,76510,4871230,97607,9246957,
All CA and Non-CA Counties,2021-03-15,294535,14100724,140924,7132118,132598,6754102,21013,214504,160585,4427479,133225,5004455,184977,9431934,
All CA and Non-CA Counties,2021-03-16,377628,14478352,178234,7310352,181720,6935822,17674,232178,219117,4509689,157781,5162236,239991,9671925,
All CA and Non-CA Counties,2021-03-17,391903,14870255,195138,7505490,177846,7113668,18919,251097,242972,4625981,148115,5310351,264407,9936332,
All CA and Non-CA Counties,2021-03-18,408929,15279184,210381,7715871,180035,7293703,18513,269610,243571,4725861,164267,5474618,264147,10200479,
All CA and Non-CA Counties,2021-03-19,417865,15697049,220235,7936106,175521,7469224,22109,291719,244084,4821225,172811,5647429,268175,10468654,
All CA and Non-CA Counties,2021-03-20,299397,15996446,158152,8094258,125309,7594533,15936,307655,190595,4921059,108138,5755567,207972,10676626,
All CA and Non-CA Counties,2021-03-21,145686,16142132,100720,8194978,37364,7631897,7602,315257,91844,4968361,53489,5809056,100791,10777417,
All CA and Non-CA Counties,2021-03-22,276278,16418410,161038,8356016,103962,7735859,11278,326535,181166,5069473,94336,5903392,195448,10972865,
All CA and Non-CA Counties,2021-03-23,363057,16781467,199643,8555659,152056,7887915,11358,337893,223868,5169002,138274,6041666,237803,11210668,
All CA and Non-CA Counties,2021-03-24,394519,17175986,225667,8781326,155953,8043868,12899,350792,231122,5252952,162167,6203833,246117,11456785,
All CA and Non-CA Counties,2021-03-25,425706,17601692,234024,9015350,176357,8220225,15325,366117,243331,5332712,181063,6384896,260823,11717608,
All CA and Non-CA Counties,2021-03-26,441322,18043014,236277,9251627,188804,8409029,16241,382358,239721,5391154,200374,6585270,258816,11976424,
All CA and Non-CA Counties,2021-03-27,317733,18360747,169459,9421086,136280,8545309,11994,394352,161599,5411677,155317,6740587,175840,12152264,
All CA and Non-CA Counties,2021-03-28,172198,18532945,110555,9531641,57905,8603214,3738,398090,91645,5428874,80101,6820688,97298,12249562,
All CA and Non-CA Counties,2021-03-29,315208,18848153,169745,9701386,136072,8739286,9391,407481,176327,5478979,138128,6958816,188233,12437795,
All CA and Non-CA Counties,2021-03-30,404933,19253086,205497,9906883,180682,8919968,18754,426235,228274,5551935,175876,7134692,248832,12686627,
All CA and Non-CA Counties,2021-03-31,432341,19685427,235805,10142688,174102,9094070,22434,448669,241718,5627533,189625,7324317,265223,12951850,
All CA and Non-CA Counties,2021-04-01,498377,20183804,256435,10399123,201118,9295188,40824,489493,275670,5723864,221416,7545733,317747,13269597,
All CA and Non-CA Counties,2021-04-02,481502,20665306,235384,10634507,201886,9497074,44232,533725,261736,5813070,218551,7764284,307757,13577354,
All CA and Non-CA Counties,2021-04-03,335422,21000728,171395,10805902,121475,9618549,42552,576277,167519,5857014,167269,7931553,211213,13788567,
All CA and Non-CA Counties,2021-04-04,134183,21134911,69964,10875866,44967,9663516,19252,595529,59118,5860755,74773,8006326,78514,13867081,
All CA and Non-CA Counties,2021-04-05,357031,21491942,184086,11059952,132680,9796196,40265,635794,176219,5899647,180124,8186450,219016,14086097,
All CA and Non-CA Counties,2021-04-06,463742,21955684,235362,11295314,161381,9957577,66999,702793,224522,5955020,238300,8424750,293673,14379770,
All CA and Non-CA Counties,2021-04-07,479213,22434897,249553,11544867,158216,10115793,71444,774237,232945,6015457,245347,8670097,305784,14685554,
All CA and Non-CA Counties,2021-04-08,506353,22941250,255974,11800841,164402,10280195,85977,860214,237996,6075148,267256,8937353,326947,15012501,
All CA and Non-CA Counties,2021-04-09,500941,23442191,250179,12051020,169326,10449521,81436,941650,230633,6121854,269298,9206651,316004,15328505,
All CA and Non-CA Counties,2021-04-10,372016,23814207,170715,12221735,125493,10575014,75808,1017458,155455,6140446,215847,9422498,234439,15562944,
All CA and Non-CA Counties,2021-04-11,189540,24003747,106319,12328054,48567,10623581,34654,1052112,78077,6145074,111129,9533627,115757,15678701,
All CA and Non-CA Counties,2021-04-12,341635,24345382,175605,12503659,127594,10751175,38436,1090548,158148,6162598,182572,9716199,200096,15878797,
All CA and Non-CA Counties,2021-04-13,436026,24781408,244546,12748205,190520,10941695,960,1091508,243266,6218052,191797,9907996,247251,16126048,
All CA and Non-CA Counties,2021-04-14,454193,25235601,255244,13003449,198660,11140355,289,1091797,237469,6244698,215603,10123599,242249,16368297,
All CA and Non-CA Counties,2021-04-15,495577,25731178,289160,13292609,206171,11346526,246,1092043,277932,6309441,216200,10339799,280943,16649240,
All CA and Non-CA Counties,2021-04-16,479811,26210989,270331,13562940,209165,11555691,315,1092358,256302,6346114,222329,10562128,259002,16908242,
All CA and Non-CA Counties,2021-04-17,345496,26556485,193817,13756757,151637,11707328,42,1092400,196577,6397730,148116,10710244,199732,17107974,
All CA and Non-CA Counties,2021-04-18,156009,26712494,98904,13855661,57088,11764416,17,1092417,80169,6405450,75451,10785695,83171,17191145,
All CA and Non-CA Counties,2021-04-19,321082,27033576,184956,14040617,136037,11900453,89,1092506,152152,6391495,168059,10953754,154104,17345249,
All CA and Non-CA Counties,2021-04-20,411490,27445066,218622,14259239,192801,12093254,67,1092573,204668,6393461,205815,11159569,207781,17553030,
All CA and Non-CA Counties,2021-04-21,425365,27870431,240640,14499879,184460,12277714,265,1092838,203629,6380076,220356,11379925,206971,17760001,
All CA and Non-CA Counties,2021-04-22,452163,28322594,257468,14757347,194616,12472330,79,1092917,201425,6335334,249401,11629326,204659,17964660,
All CA and Non-CA Counties,2021-04-23,442817,28765411,252004,15009351,190724,12663054,89,1093006,200190,6297634,241251,11870577,203551,18168211,
All CA and Non-CA Counties,2021-04-24,327187,29092598,207073,15216424,119947,12783001,167,1093173,165428,6305609,160830,12031407,168805,18337016,
All CA and Non-CA Counties,2021-04-25,151498,29244096,99787,15316211,51643,12834644,68,1093241,81572,6319170,69490,12100897,83051,18420067,
All CA and Non-CA Counties,2021-04-26,283215,29527311,165746,15481957,115985,12950629,1484,1094725,122937,6288554,159356,12260253,128740,18548807,
All CA and Non-CA Counties,2021-04-27,353858,29881169,196120,15678077,152024,13102653,5714,1100439,142441,6229364,210345,12470598,151155,18699962,
All CA and Non-CA Counties,2021-04-28,351954,30233123,201292,15879369,142437,13245090,8225,1108664,143306,6175541,207631,12678229,153808,18853770,
All CA and Non-CA Counties,2021-04-29,360726,30593849,207295,16086664,145166,13390256,8265,1116929,130154,6086313,229457,12907686,140229,18993999,
All CA and Non-CA Counties,2021-04-30,376102,30969951,215660,16302324,151215,13541471,9227,1126156,142296,6007135,232603,13140289,153425,19147424,
All CA and Non-CA Counties,2021-05-01,249476,31219427,159437,16461761,83589,13625060,6450,1132606,90840,5948748,157875,13298164,99488,19246912,
All CA and Non-CA Counties,2021-05-02,118577,31338004,82661,16544422,31926,13656986,3990,1136596,41777,5918460,76419,13374583,46131,19293043,
All CA and Non-CA Counties,2021-05-03,253858,31591862,156603,16701025,88316,13745302,8939,1145535,77297,5829767,175771,13550354,87078,19380121,
All CA and Non-CA Counties,2021-05-04,328580,31920442,200235,16901260,118202,13863504,10143,1155678,97436,5708377,230104,13780458,108714,19488835,
All CA and Non-CA Counties,2021-05-05,332245,32252687,206458,17107718,115453,13978957,10334,1166012,94080,5576762,236996,14017454,105381,19594216,
All CA and Non-CA Counties,2021-05-06,351021,32603708,229161,17336879,111093,14090050,10767,1176779,89965,5420477,259503,14276957,103218,19697434,
All CA and Non-CA Counties,2021-05-07,348242,32951950,218243,17555122,119826,14209876,10173,1186952,95283,5275507,251647,14528604,106677,19804111,
All CA and Non-CA Counties,2021-05-08,226462,33178412,143762,17698884,75782,14285658,6918,1193870,62782,5184035,162592,14691196,71120,19875231,
All CA and Non-CA Counties,2021-05-09,94374,33272786,70800,17769684,20473,14306131,3101,1196971,26059,5145767,67848,14759044,29580,19904811,
All CA and Non-CA Counties,2021-05-10,202778,33475564,115178,17884862,79560,14385691,8040,1205011,50812,5054801,151078,14910122,60112,19964923,
All CA and Non-CA Counties,2021-05-11,261153,33736717,146103,18030965,106671,14492362,8379,1213390,69202,4942969,191064,15101186,79232,20044155,
All CA and Non-CA Counties,2021-05-12,254749,33991466,145992,18176957,100144,14592506,8613,1222003,70042,4838908,183751,15284937,79690,20123845,
All CA and Non-CA Counties,2021-05-13,291993,34283459,187320,18364277,97447,14689953,7226,1229229,109076,4775927,181785,15466722,118804,20242649,
All CA and Non-CA Counties,2021-05-14,334986,34618445,214319,18578596,111729,14801682,8938,1238167,132520,4718144,201321,15668043,143538,20386187,
All CA and Non-CA Counties,2021-05-15,275382,34893827,192369,18770965,77036,14878718,5977,1244144,113525,4677562,161043,15829086,120461,20506648,
All CA and Non-CA Counties,2021-05-16,136108,35029935,103961,18874926,29160,14907878,2987,1247131,55570,4656395,80108,15909194,58941,20565589,
All CA and Non-CA Counties,2021-05-17,239575,35269510,157631,19032557,74441,14982319,7503,1254634,100282,4626663,138453,16047647,108721,20674310,
All CA and Non-CA Counties,2021-05-18,280123,35549633,170882,19203439,101611,15083930,7630,1262264,114985,4586638,164019,16211666,123994,20798304,
All CA and Non-CA Counties,2021-05-19,274377,35824010,171151,19374590,95531,15179461,7695,1269959,117954,4557960,155411,16367077,126733,20925037,
All CA and Non-CA Counties,2021-05-20,224631,36048641,134528,19509118,82667,15262128,7436,1277395,90047,4523059,133640,16500717,98739,21023776,
All CA and Non-CA Counties,2021-05-21,241836,36290477,149756,19658874,84794,15346922,7286,1284681,94829,4480175,145982,16646699,103098,21126874,
All CA and Non-CA Counties,2021-05-22,169091,36459568,113813,19772687,49644,15396566,5634,1290315,75014,4468208,93480,16740179,81513,21208387,
All CA and Non-CA Counties,2021-05-23,62280,36521848,46893,19819580,13199,15409765,2188,1292503,29017,4466641,32989,16773168,31422,21239809,
All CA and Non-CA Counties,2021-05-24,167275,36689123,96975,19916555,61816,15471581,8484,1300987,66183,4441803,100334,16873502,75496,21315305,
All CA and Non-CA Counties,2021-05-25,188629,36877752,110811,20027366,69666,15541247,8152,1309139,74932,4413252,112726,16986228,84175,21399480,
All CA and Non-CA Counties,2021-05-26,181161,37058913,104028,20131394,69258,15610505,7875,1317014,73037,4387710,107123,17093351,81581,21481061,
All CA and Non-CA Counties,2021-05-27,170250,37229163,97389,20228783,64453,15674958,8408,1325422,71134,4369924,98330,17191681,80544,21561605,
All CA and Non-CA Counties,2021-05-28,185192,37414355,107175,20335958,70895,15745853,7122,1332544,80863,4355493,103473,17295154,89042,21650647,
All CA and Non-CA Counties,2021-05-29,104153,37518508,64273,20400231,35911,15781764,3969,1336513,49506,4355264,54151,17349305,53922,21704569,
All CA and Non-CA Counties,2021-05-30,46872,37565380,31174,20431405,13254,15795018,2444,1338957,21317,4353901,25337,17374642,23974,21728543,
All CA and Non-CA Counties,2021-05-31,19819,37585199,11796,20443201,7045,15802063,978,1339935,6685,4348661,13010,17387652,7770,21736313,
All CA and Non-CA Counties,2021-06-01,88858,37674057,52324,20495525,31778,15833841,4756,1344691,27514,4320526,60814,17448466,32679,21768992,
Outside California,2020-12-15,7,7,7,7,0,0,0,0,7,7,0,0,7,7,Not in California
Outside California,2020-12-16,272,279,272,279,0,0,0,0,272,279,0,0,272,279,Not in California
Outside California,2020-12-17,1598,1877,1598,1877,0,0,0,0,1598,1877,0,0,1598,1877,Not in California
Outside California,2020-12-18,2551,4428,2544,4421,7,7,0,0,2551,4428,0,0,2551,4428,Not in California
Outside California,2020-12-19,1037,5465,1036,5457,1,8,0,0,1037,5465,0,0,1037,5465,Not in California
Outside California,2020-12-20,682,6147,679,6136,3,11,0,0,682,6147,0,0,682,6147,Not in California
Outside California,2020-12-21,2188,8335,2185,8321,3,14,0,0,2188,8335,0,0,2188,8335,Not in California
Outside California,2020-12-22,2086,10421,2012,10333,74,88,0,0,2086,10421,0,0,2086,10421,Not in California
Outside California,2020-12-23,1532,11953,1392,11725,140,228,0,0,1531,11952,0,0,1531,11952,Not in California
Outside California,2020-12-24,805,12758,612,12337,193,421,0,0,805,12757,0,0,805,12757,Not in California
Outside California,2020-12-25,34,12792,29,12366,5,426,0,0,34,12791,0,0,34,12791,Not in California
Outside California,2020-12-26,307,13099,203,12569,104,530,0,0,307,13098,0,0,307,13098,Not in California
Outside California,2020-12-27,190,13289,74,12643,116,646,0,0,190,13288,0,0,190,13288,Not in California
Outside California,2020-12-28,1411,14700,891,13534,520,1166,0,0,1411,14699,0,0,1411,14699,Not in California
Outside California,2020-12-29,1542,16242,1012,14546,530,1696,0,0,1542,16241,0,0,1542,16241,Not in California
Outside California,2020-12-30,1916,18158,1229,15775,687,2383,0,0,1916,18157,0,0,1916,18157,Not in California
Outside California,2020-12-31,1118,19276,601,16376,517,2900,0,0,1117,19273,1,1,1117,19274,Not in California
Outside California,2021-01-01,112,19388,25,16401,87,2987,0,0,112,19385,0,1,112,19386,Not in California
Outside California,2021-01-02,239,19627,132,16533,107,3094,0,0,238,19622,1,2,238,19624,Not in California
Outside California,2021-01-03,170,19797,91,16624,79,3173,0,0,170,19792,0,2,170,19794,Not in California
Outside California,2021-01-04,1150,20947,514,17138,636,3809,0,0,1145,20936,1,3,1145,20939,Not in California
Outside California,2021-01-05,1546,22493,817,17955,729,4538,0,0,1354,22101,190,193,1355,22294,Not in California
Outside California,2021-01-06,2703,25196,1595,19550,1108,5646,0,0,1965,23332,734,927,1965,24259,Not in California
Outside California,2021-01-07,4137,29333,2531,22081,1606,7252,0,0,2483,24165,1652,2579,2485,26744,Not in California
Outside California,2021-01-08,4509,33842,2916,24997,1593,8845,0,0,2637,24943,1862,4441,2640,29384,Not in California
Outside California,2021-01-09,1321,35163,533,25530,788,9633,0,0,993,25611,327,4768,995,30379,Not in California
Outside California,2021-01-10,305,35468,182,25712,123,9756,0,0,184,25674,121,4889,184,30563,Not in California
Outside California,2021-01-11,3298,38766,2006,27718,1292,11048,0,0,1971,26318,1327,6216,1971,32534,Not in California
Outside California,2021-01-12,3873,42639,2317,30035,1556,12604,0,0,2333,27118,1536,7752,2336,34870,Not in California
Outside California,2021-01-13,3676,46315,1801,31836,1875,14479,0,0,2505,28455,1171,8923,2508,37378,Not in California
Outside California,2021-01-14,3720,50035,1276,33112,2444,16923,0,0,3080,30910,627,9550,3082,40460,Not in California
Outside California,2021-01-15,4239,54274,993,34105,3246,20169,0,0,3772,34228,454,10004,3772,44232,Not in California
Outside California,2021-01-16,2693,56967,386,34491,2307,22476,0,0,2517,36571,174,10178,2517,46749,Not in California
Outside California,2021-01-17,502,57469,154,34645,348,22824,0,0,451,36971,51,10229,451,47200,Not in California
Outside California,2021-01-18,1196,58665,767,35412,429,23253,0,0,742,37260,453,10682,742,47942,Not in California
Outside California,2021-01-19,4074,62739,1321,36733,2753,26006,0,0,3186,39561,888,11570,3189,51131,Not in California
Outside California,2021-01-20,4430,67169,1406,38139,3024,29030,0,0,3494,42124,932,12502,3495,54626,Not in California
Outside California,2021-01-21,4137,71306,1125,39264,3012,32042,0,0,3574,45150,548,13050,3574,58200,Not in California
Outside California,2021-01-22,4643,75949,1091,40355,3552,35594,0,0,4241,48994,398,13448,4242,62442,Not in California
Outside California,2021-01-23,2275,78224,335,40690,1940,37534,0,0,2113,50945,162,13610,2113,64555,Not in California
Outside California,2021-01-24,608,78832,246,40936,362,37896,0,0,531,51399,77,13687,531,65086,Not in California
Outside California,2021-01-25,4532,83364,1951,42887,2581,40477,0,0,3630,54131,899,14586,3631,68717,Not in California
Outside California,2021-01-26,5948,89312,2877,45764,3071,43548,0,0,5079,58349,868,15454,5086,73803,Not in California
Outside California,2021-01-27,5030,94342,2667,48431,2363,45911,0,0,4394,62112,632,16086,4395,78198,Not in California
Outside California,2021-01-28,5308,99650,2860,51291,2448,48359,0,0,4763,66340,535,16621,4763,82961,Not in California
Outside California,2021-01-29,4925,104575,3077,54368,1848,50207,0,0,4136,69695,783,17404,4138,87099,Not in California
Outside California,2021-01-30,4489,109064,2439,56807,2050,52257,0,0,4255,73720,231,17635,4256,91355,Not in California
Outside California,2021-01-31,3057,112121,2637,59444,420,52677,0,0,3003,76671,53,17688,3004,94359,Not in California
Outside California,2021-02-01,5515,117636,2571,62015,2944,55621,0,0,4814,80792,693,18381,4814,99173,Not in California
Outside California,2021-02-02,6788,124424,2159,64174,4629,60250,0,0,6066,86143,715,19096,6066,105239,Not in California
Outside California,2021-02-03,7319,131743,2081,66255,5238,65488,0,0,6446,91727,865,19961,6449,111688,Not in California
Outside California,2021-02-04,6799,138542,2177,68432,4622,70110,0,0,5800,96538,990,20951,5801,117489,Not in California
Outside California,2021-02-05,6809,145351,2235,70667,4574,74684,0,0,5737,101207,1068,22019,5737,123226,Not in California
Outside California,2021-02-06,4437,149788,2159,72826,2278,76962,0,0,3969,104720,459,22478,3972,127198,Not in California
Outside California,2021-02-07,2236,152024,1847,74673,389,77351,0,0,2155,106796,81,22559,2157,129355,Not in California
Outside California,2021-02-08,5348,157372,3378,78051,1970,79321,0,0,4288,110035,1049,23608,4288,133643,Not in California
Outside California,2021-02-09,4288,161660,1925,79976,2363,81684,0,0,2981,111734,1296,24904,2995,136638,Not in California
Outside California,2021-02-10,5609,167269,1942,81918,3667,85351,0,0,3172,112519,2428,27332,3213,139851,Not in California
Outside California,2021-02-11,4849,172118,2267,84185,2582,87933,0,0,3546,114790,1293,28625,3564,143415,Not in California
Outside California,2021-02-12,5255,177373,1958,86143,3297,91230,0,0,3427,116405,1816,30441,3431,146846,Not in California
Outside California,2021-02-13,2439,179812,726,86869,1713,92943,0,0,1884,117747,554,30995,1896,148742,Not in California
Outside California,2021-02-14,1344,181156,421,87290,923,93866,0,0,1101,118611,239,31234,1103,149845,Not in California
Outside California,2021-02-15,2549,183705,1531,88821,1018,94884,0,0,1234,118547,1302,32536,1238,151083,Not in California
Outside California,2021-02-16,6429,190134,2878,91699,3551,98435,0,0,2585,117304,3833,36369,2590,153673,Not in California
Outside California,2021-02-17,5945,196079,2977,94676,2968,101403,0,0,1851,115072,4088,40457,1856,155529,Not in California
Outside California,2021-02-18,6416,202495,3710,98386,2706,104109,0,0,2055,112785,4343,44800,2056,157585,Not in California
Outside California,2021-02-19,5730,208225,3966,102352,1764,105873,0,0,2428,111919,3296,48096,2430,160015,Not in California
Outside California,2021-02-20,3336,211561,2687,105039,649,106522,0,0,1244,111076,2088,50184,1245,161260,Not in California
Outside California,2021-02-21,2731,214292,2514,107553,217,106739,0,0,853,110059,1873,52057,856,162116,Not in California
Outside California,2021-02-22,3474,217766,2539,110092,935,107674,0,0,1626,109845,1845,53902,1631,163747,Not in California
Outside California,2021-02-23,6009,223775,3370,113462,2639,110313,0,0,2347,108551,3655,57557,2361,166108,Not in California
Outside California,2021-02-24,6412,230187,3536,116998,2876,113189,0,0,2457,107063,3950,61507,2462,168570,Not in California
Outside California,2021-02-25,6913,237100,3507,120505,3406,116595,0,0,3071,106327,3811,65318,3075,171645,Not in California
Outside California,2021-02-26,6848,243948,3624,124129,3224,119819,0,0,3094,105747,3675,68993,3095,174740,Not in California
Outside California,2021-02-27,5498,249446,2765,126894,2732,122551,1,1,1872,104008,3615,72608,1876,176616,Not in California
Outside California,2021-02-28,2440,251886,1777,128671,662,123213,1,2,799,103170,1639,74247,801,177417,Not in California
Outside California,2021-03-01,4969,256855,3162,131833,1806,125019,1,3,1349,100913,3612,77859,1355,178772,Not in California
Outside California,2021-03-02,6740,263595,2492,134325,4248,129267,0,3,2054,98296,4673,82532,2056,180828,Not in California
Outside California,2021-03-03,7874,271469,3073,137398,4799,134066,2,5,2639,95720,5221,87753,2645,183473,Not in California
Outside California,2021-03-04,6802,278271,2903,140301,3894,137960,5,10,2302,93545,4484,92237,2309,185782,Not in California
Outside California,2021-03-05,5286,283557,2678,142979,2594,140554,14,24,2728,93748,2547,94784,2750,188532,Not in California
Outside California,2021-03-06,4613,288170,2146,145125,2312,142866,155,179,2343,93987,2267,97051,2506,191038,Not in California
Outside California,2021-03-07,1604,289774,1029,146154,520,143386,55,234,974,94389,629,97680,1031,192069,Not in California
Outside California,2021-03-08,3112,292886,1844,147998,1022,144408,246,480,2206,95971,877,98557,2459,194528,Not in California
Outside California,2021-03-09,4649,297535,2366,150364,1967,146375,316,796,2743,97128,1902,100459,3059,197587,Not in California
Outside California,2021-03-10,4418,301953,2117,152481,1786,148161,515,1311,2729,98699,1680,102139,3251,200838,Not in California
Outside California,2021-03-11,6169,308122,3148,155629,2339,150500,682,1993,3329,99877,2834,104973,4012,204850,Not in California
Outside California,2021-03-12,6484,314606,3891,159520,1867,152367,726,2719,3610,101354,2866,107839,4343,209193,Not in California
Outside California,2021-03-13,3793,318399,2191,161711,1130,153497,472,3191,2599,103253,1185,109024,3084,212277,Not in California
Outside California,2021-03-14,1818,320217,939,162650,539,154036,340,3531,1007,103792,811,109835,1350,213627,Not in California
Outside California,2021-03-15,4068,324285,2124,164774,1483,155519,461,3992,2183,104561,1878,111713,2647,216274,Not in California
Outside California,2021-03-16,7515,331800,4378,169152,2755,158274,382,4374,4173,105774,3339,115052,4552,220826,Not in California
Outside California,2021-03-17,8442,340242,5458,174610,2608,160882,376,4750,5079,107871,3359,118411,5456,226282,Not in California
Outside California,2021-03-18,8327,348569,5140,179750,2648,163530,539,5289,4833,109756,3486,121897,5371,231653,Not in California
Outside California,2021-03-19,7332,355901,4342,184092,2446,165976,544,5833,4405,111787,2922,124819,4953,236606,Not in California
Outside California,2021-03-20,4765,360666,3145,187237,1533,167509,87,5920,3655,114426,1103,125922,3742,240348,Not in California
Outside California,2021-03-21,2094,362760,1438,188675,569,168078,87,6007,1679,115779,413,126335,1766,242114,Not in California
Outside California,2021-03-22,3244,366004,1955,190630,1201,169279,88,6095,2223,117076,1014,127349,2311,244425,Not in California
Outside California,2021-03-23,6066,372070,3095,193725,2671,171950,300,6395,4130,119584,1922,129271,4430,248855,Not in California
Outside California,2021-03-24,7332,379402,3774,197499,3109,175059,449,6844,5091,122888,2234,131505,5538,254393,Not in California
Outside California,2021-03-25,8275,387677,3856,201355,3895,178954,524,7368,6034,127219,2229,133734,6560,260953,Not in California
Outside California,2021-03-26,6665,394342,3551,204906,2941,181895,173,7541,4402,129555,2238,135972,4574,265527,Not in California
Outside California,2021-03-27,5544,399886,3136,208042,2194,184089,214,7755,3483,131197,2052,138024,3694,269221,Not in California
Outside California,2021-03-28,3084,402970,1652,209694,1271,185360,161,7916,1992,132263,1087,139111,2153,271374,Not in California
Outside California,2021-03-29,5167,408137,2337,212031,2480,187840,350,8266,2943,133336,2221,141332,3294,274668,Not in California
Outside California,2021-03-30,6859,414996,3619,215650,2675,190515,565,8831,4039,135139,2809,144141,4612,279280,Not in California
Outside California,2021-03-31,6337,421333,3819,219469,1743,192258,775,9606,3363,136306,2969,147110,4136,283416,Not in California
Outside California,2021-04-01,7492,428825,4509,223978,2338,194596,645,10251,4334,138130,3151,150261,4975,288391,Not in California
Outside California,2021-04-02,8495,437320,4541,228519,2808,197404,1146,11397,4409,139605,4079,154340,5554,293945,Not in California
Outside California,2021-04-03,6166,443486,3661,232180,1340,198744,1165,12562,3230,141073,2927,157267,4395,298340,Not in California
Outside California,2021-04-04,1781,445267,877,233057,669,199413,235,12797,971,141468,809,158076,1204,299544,Not in California
Outside California,2021-04-05,4100,449367,2037,235094,1403,200816,660,13457,1952,141937,2143,160219,2612,302156,Not in California
Outside California,2021-04-06,6994,456361,3769,238863,1631,202447,1594,15051,2825,142201,4154,164373,4418,306574,Not in California
Outside California,2021-04-07,8183,464544,4712,243575,1779,204226,1692,16743,3173,142064,5002,169375,4865,311439,Not in California
Outside California,2021-04-08,8121,472665,4328,247903,1855,206081,1938,18681,3170,142230,4942,174317,5108,316547,Not in California
Outside California,2021-04-09,7430,480095,3856,251759,1655,207736,1919,20600,2851,142440,4570,178887,4780,321327,Not in California
Outside California,2021-04-10,6125,486220,3092,254851,1169,208905,1864,22464,1713,141615,4405,183292,3580,324907,Not in California
Outside California,2021-04-11,2822,489042,1533,256384,653,209558,636,23100,952,141341,1868,185160,1594,326501,Not in California
Outside California,2021-04-12,4052,493094,2271,258655,1241,210799,540,23640,1788,141412,2256,187416,2327,328828,Not in California
Outside California,2021-04-13,5688,498782,3671,262326,1994,212793,23,23663,2921,141595,2761,190177,2944,331772,Not in California
Outside California,2021-04-14,5266,504048,3346,265672,1916,214709,4,23667,2853,142044,2408,192585,2857,334629,Not in California
Outside California,2021-04-15,6110,510158,3860,269532,2244,216953,6,23673,3270,142533,2788,195373,3277,337906,Not in California
Outside California,2021-04-16,5842,516000,3372,272904,2463,219416,7,23680,3246,143200,2587,197960,3254,341160,Not in California
Outside California,2021-04-17,5338,521338,3237,276141,2100,221516,1,23681,3035,143940,2295,200255,3035,344195,Not in California
Outside California,2021-04-18,2069,523407,1150,277291,918,222434,1,23682,967,143813,1096,201351,969,345164,Not in California
Outside California,2021-04-19,4117,527524,2008,279299,2108,224542,1,23683,2121,143952,1986,203337,2125,347289,Not in California
Outside California,2021-04-20,5346,532870,2446,281745,2900,227442,0,23683,2186,142985,3153,206490,2186,349475,Not in California
Outside California,2021-04-21,6357,539227,2710,284455,3643,231085,4,23687,2258,141168,4079,210569,2262,351737,Not in California
Outside California,2021-04-22,6737,545964,3476,287931,3257,234342,4,23691,2446,139340,4279,214848,2451,354188,Not in California
Outside California,2021-04-23,5923,551887,3007,290938,2915,237257,1,23692,2447,138328,3461,218309,2449,356637,Not in California
Outside California,2021-04-24,4469,556356,2974,293912,1491,238748,4,23696,1727,137327,2735,221044,1734,358371,Not in California
Outside California,2021-04-25,2200,558556,1268,295180,930,239678,2,23698,1159,137454,1037,222081,1164,359535,Not in California
Outside California,2021-04-26,3652,562208,1642,296822,1984,241662,26,23724,1638,137112,2006,224087,1664,361199,Not in California
Outside California,2021-04-27,5315,567523,1928,298750,3094,244756,293,24017,1943,135991,3363,227450,2242,363441,Not in California
Outside California,2021-04-28,4924,572447,2122,300872,2408,247164,394,24411,1985,135444,2927,230377,2380,365821,Not in California
Outside California,2021-04-29,4954,577401,2295,303167,2227,249391,432,24843,1939,134821,2994,233371,2371,368192,Not in California
Outside California,2021-04-30,5016,582417,2487,305654,2105,251496,424,25267,1970,134182,3034,236405,2395,370587,Not in California
Outside California,2021-05-01,3277,585694,1948,307602,900,252396,429,25696,1368,134080,1898,238303,1796,372383,Not in California
Outside California,2021-05-02,1879,587573,1100,308702,656,253052,123,25819,861,134048,1016,239319,984,373367,Not in California
Outside California,2021-05-03,3023,590596,1776,310478,968,254020,279,26098,1276,133860,1743,241062,1555,374922,Not in California
Outside California,2021-05-04,4256,594852,2442,312920,1371,255391,443,26541,1656,133360,2594,243656,2094,377016,Not in California
Outside California,2021-05-05,4602,599454,2738,315658,1493,256884,371,26912,1852,132845,2741,246397,2226,379242,Not in California
Outside California,2021-05-06,4514,603968,2870,318528,1311,258195,333,27245,1729,132127,2779,249176,2061,381303,Not in California
Outside California,2021-05-07,4889,608857,2921,321449,1587,259782,381,27626,1941,131513,2935,252111,2321,383624,Not in California
Outside California,2021-05-08,3576,612433,2469,323918,862,260644,245,27871,1484,131214,2029,254140,1730,385354,Not in California
Outside California,2021-05-09,1365,613798,884,324802,356,261000,125,27996,588,131169,757,254897,712,386066,Not in California
Outside California,2021-05-10,2674,616472,1251,326053,1098,262098,325,28321,1078,130995,1579,256476,1405,387471,Not in California
Outside California,2021-05-11,2893,619365,1414,327467,1197,263295,282,28603,1158,130704,1734,258210,1443,388914,Not in California
Outside California,2021-05-12,2872,622237,1334,328801,1242,264537,296,28899,1109,130350,1758,259968,1404,390318,Not in California
Outside California,2021-05-13,2779,625016,1592,330393,991,265528,196,29095,1260,130295,1512,261480,1457,391775,Not in California
Outside California,2021-05-14,3527,628543,2028,332421,1265,266793,234,29329,1637,130284,1884,263364,1873,393648,Not in California
Outside California,2021-05-15,2636,631179,1546,333967,946,267739,144,29473,1158,130116,1473,264837,1305,394953,Not in California
Outside California,2021-05-16,1621,632800,1031,334998,521,268260,69,29542,771,130110,847,265684,841,395794,Not in California
Outside California,2021-05-17,3058,635858,1662,336660,1161,269421,235,29777,1426,130149,1628,267312,1667,397461,Not in California
Outside California,2021-05-18,3238,639096,1674,338334,1246,270667,318,30095,1551,130345,1675,268987,1871,399332,Not in California
Outside California,2021-05-19,3334,642430,1744,340078,1317,271984,273,30368,1522,130334,1806,270793,1795,401127,Not in California
Outside California,2021-05-20,2162,644592,1250,341328,707,272691,205,30573,1029,130444,1126,271919,1236,402363,Not in California
Outside California,2021-05-21,2588,647180,1565,342893,797,273488,226,30799,1192,130476,1387,273306,1419,403782,Not in California
Outside California,2021-05-22,2259,649439,1490,344383,586,274074,183,30982,1375,131157,876,274182,1557,405339,Not in California
Outside California,2021-05-23,1049,650488,836,345219,152,274226,61,31043,562,131296,485,274667,624,405963,Not in California
Outside California,2021-05-24,2574,653062,1309,346528,906,275132,359,31402,1224,131536,1344,276011,1584,407547,Not in California
Outside California,2021-05-25,2804,655866,1456,347984,1004,276136,344,31746,1189,131465,1604,277615,1533,409080,Not in California
Outside California,2021-05-26,2788,658654,1391,349375,1047,277183,350,32096,1114,131262,1667,279282,1464,410544,Not in California
Outside California,2021-05-27,2619,661273,1348,350723,966,278149,305,32401,1110,131173,1501,280783,1412,411956,Not in California
Outside California,2021-05-28,2965,664238,1617,352340,977,279126,371,32772,1229,131048,1726,282509,1601,413557,Not in California
Outside California,2021-05-29,1770,666008,923,353263,496,279622,351,33123,765,131161,1004,283513,1117,414674,Not in California
Outside California,2021-05-30,913,666921,569,353832,223,279845,121,33244,454,131281,455,283968,575,415249,Not in California
Outside California,2021-05-31,418,667339,188,354020,189,280034,41,33285,182,131278,226,284194,223,415472,Not in California
Outside California,2021-06-01,1297,668636,640,354660,444,280478,213,33498,433,131060,864,285058,646,416118,Not in California
Unknown,2020-12-17,2,2,2,2,0,0,0,0,0,0,0,0,0,0,Not in California
Unknown,2020-12-18,1,3,1,3,0,0,0,0,0,0,0,0,0,0,Not in California
Unknown,2020-12-21,4,7,4,7,0,0,0,0,0,0,0,0,0,0,Not in California
Unknown,2020-12-28,4,11,4,11,0,0,0,0,3,3,0,0,3,3,Not in California
Unknown,2020-12-29,3,14,3,14,0,0,0,0,3,6,0,0,3,6,Not in California
Unknown,2020-12-30,54,68,54,68,0,0,0,0,54,60,0,0,54,60,Not in California
Unknown,2020-12-31,1,69,0,68,1,1,0,0,0,60,0,0,0,60,Not in California
Unknown,2021-01-02,1,70,0,68,1,2,0,0,1,61,0,0,1,61,Not in California
Unknown,2021-01-04,3,73,3,71,0,2,0,0,2,63,0,0,2,63,Not in California
Unknown,2021-01-06,6,79,4,75,2,4,0,0,6,69,0,0,6,69,Not in California
Unknown,2021-01-07,70,149,70,145,0,4,0,0,70,139,0,0,70,139,Not in California
Unknown,2021-01-08,1,150,1,146,0,4,0,0,2,141,0,0,2,141,Not in California
Unknown,2021-01-09,2,152,2,148,0,4,0,0,3,144,0,0,3,144,Not in California
Unknown,2021-01-11,19,171,19,167,0,4,0,0,18,162,0,0,18,162,Not in California
Unknown,2021-01-12,10,181,9,176,1,5,0,0,8,170,1,1,9,171,Not in California
Unknown,2021-01-13,10,191,10,186,0,5,0,0,11,181,0,1,11,182,Not in California
Unknown,2021-01-14,3,194,3,189,0,5,0,0,3,184,0,1,3,185,Not in California
Unknown,2021-01-15,5,199,4,193,1,6,0,0,5,189,0,1,5,190,Not in California
Unknown,2021-01-16,6,205,6,199,0,6,0,0,6,195,0,1,6,196,Not in California
Unknown,2021-01-17,3,208,3,202,0,6,0,0,3,198,0,1,3,199,Not in California
Unknown,2021-01-18,51,259,51,253,0,6,0,0,49,245,2,3,49,248,Not in California
Unknown,2021-01-19,22,281,22,275,0,6,0,0,19,262,2,5,19,267,Not in California
Unknown,2021-01-20,79,360,79,354,0,6,0,0,28,238,52,57,28,295,Not in California
Unknown,2021-01-21,56,416,54,408,2,8,0,0,57,294,1,58,57,352,Not in California
Unknown,2021-01-22,34,450,29,437,5,13,0,0,34,328,0,58,34,386,Not in California
Unknown,2021-01-23,11,461,5,442,6,19,0,0,11,339,0,58,11,397,Not in California
Unknown,2021-01-24,2,463,2,444,0,19,0,0,3,342,0,58,3,400,Not in California
Unknown,2021-01-25,19,482,17,461,2,21,0,0,16,355,3,61,16,416,Not in California
Unknown,2021-01-26,93,575,93,554,0,21,0,0,96,451,0,61,96,512,Not in California
Unknown,2021-01-27,16,591,16,570,0,21,0,0,14,464,1,62,14,526,Not in California
Unknown,2021-01-28,140,731,138,708,2,23,0,0,83,487,60,122,83,609,Not in California
Unknown,2021-01-29,139,870,139,847,0,23,0,0,143,629,1,123,143,752,Not in California
Unknown,2021-01-30,11,881,9,856,2,25,0,0,13,640,2,125,13,765,Not in California
Unknown,2021-01-31,14,895,14,870,0,25,0,0,15,655,0,125,15,780,Not in California
Unknown,2021-02-01,37,932,36,906,1,26,0,0,21,658,18,143,21,801,Not in California
Unknown,2021-02-02,64,996,63,969,1,27,0,0,57,709,6,149,57,858,Not in California
Unknown,2021-02-03,36,1032,34,1003,2,29,0,0,25,723,11,160,25,883,Not in California
Unknown,2021-02-04,56,1088,51,1054,5,34,0,0,51,769,5,165,51,934,Not in California
Unknown,2021-02-05,18,1106,14,1068,4,38,0,0,14,779,4,169,14,948,Not in California
Unknown,2021-02-06,14,1120,14,1082,0,38,0,0,9,782,6,175,9,957,Not in California
Unknown,2021-02-07,8,1128,8,1090,0,38,0,0,6,786,2,177,6,963,Not in California
Unknown,2021-02-08,51,1179,48,1138,3,41,0,0,14,763,37,214,14,977,Not in California
Unknown,2021-02-09,18,1197,18,1156,0,41,0,0,4,753,14,228,4,981,Not in California
Unknown,2021-02-10,34,1231,30,1186,4,45,0,0,9,737,25,253,9,990,Not in California
Unknown,2021-02-11,85,1316,84,1270,1,46,0,0,43,737,43,296,43,1033,Not in California
Unknown,2021-02-12,36,1352,29,1299,7,53,0,0,9,719,27,323,9,1042,Not in California
Unknown,2021-02-13,9,1361,2,1301,7,60,0,0,8,726,1,324,8,1050,Not in California
Unknown,2021-02-14,7,1368,1,1302,6,66,0,0,5,730,1,325,5,1055,Not in California
Unknown,2021-02-15,41,1409,35,1337,6,72,0,0,27,745,12,337,27,1082,Not in California
Unknown,2021-02-16,101,1510,91,1428,10,82,0,0,29,702,72,409,29,1111,Not in California
Unknown,2021-02-17,10,1520,8,1436,2,84,0,0,4,701,5,414,4,1115,Not in California
Unknown,2021-02-18,89,1609,84,1520,5,89,0,0,16,645,72,486,16,1131,Not in California
Unknown,2021-02-19,184,1793,179,1699,5,94,0,0,53,568,130,616,53,1184,Not in California
Unknown,2021-02-20,7,1800,5,1704,2,96,0,0,2,565,5,621,2,1186,Not in California
Unknown,2021-02-21,14,1814,14,1718,0,96,0,0,1,553,13,634,1,1187,Not in California
Unknown,2021-02-22,9,1823,9,1727,0,96,0,0,6,556,3,637,6,1193,Not in California
Unknown,2021-02-23,61,1884,49,1776,12,108,0,0,15,526,45,682,15,1208,Not in California
Unknown,2021-02-24,33,1917,26,1802,7,115,0,0,14,521,19,701,14,1222,Not in California
Unknown,2021-02-25,67,1984,54,1856,13,128,0,0,25,503,43,744,25,1247,Not in California
Unknown,2021-02-26,39,2023,25,1881,14,142,0,0,22,511,14,758,22,1269,Not in California
Unknown,2021-02-27,21,2044,15,1896,6,148,0,0,11,514,8,766,11,1280,Not in California
Unknown,2021-02-28,17,2061,13,1909,4,152,0,0,10,519,5,771,10,1290,Not in California
Unknown,2021-03-01,45,2106,27,1936,18,170,0,0,24,523,20,791,24,1314,Not in California
Unknown,2021-03-02,19,2125,7,1943,12,182,0,0,12,530,5,796,12,1326,Not in California
Unknown,2021-03-03,11,2136,6,1949,5,187,0,0,7,534,3,799,7,1333,Not in California
Unknown,2021-03-04,43,2179,40,1989,3,190,0,0,13,517,30,829,13,1346,Not in California
Unknown,2021-03-05,23,2202,13,2002,10,200,0,0,22,535,4,833,22,1368,Not in California
Unknown,2021-03-06,20,2222,12,2014,6,206,2,2,16,549,4,837,18,1386,Not in California
Unknown,2021-03-07,2,2224,1,2015,1,207,0,2,3,552,0,837,3,1389,Not in California
Unknown,2021-03-08,33,2257,22,2037,7,214,4,6,8,538,26,863,12,1401,Not in California
Unknown,2021-03-09,35,2292,28,2065,3,217,4,10,9,524,27,890,13,1414,Not in California
Unknown,2021-03-10,9,2301,6,2071,1,218,2,12,5,526,5,895,7,1421,Not in California
Unknown,2021-03-11,28,2329,12,2083,2,220,14,26,7,526,21,916,21,1442,Not in California
Unknown,2021-03-12,68,2397,52,2135,11,231,5,31,11,487,55,971,16,1458,Not in California
Unknown,2021-03-13,16,2413,4,2139,8,239,4,35,7,488,10,981,11,1469,Not in California
Unknown,2021-03-14,14,2427,6,2145,6,245,2,37,5,487,8,989,7,1476,Not in California
Unknown,2021-03-15,31,2458,11,2156,18,263,2,39,20,496,13,1002,22,1498,Not in California
Unknown,2021-03-16,47,2505,20,2176,23,286,4,43,27,507,20,1022,31,1529,Not in California
Unknown,2021-03-17,38,2543,14,2190,23,309,1,44,33,537,4,1026,34,1563,Not in California
Unknown,2021-03-18,31,2574,18,2208,13,322,0,44,18,543,12,1038,18,1581,Not in California
Unknown,2021-03-19,29,2603,18,2226,11,333,0,44,22,558,7,1045,22,1603,Not in California
Unknown,2021-03-20,27,2630,15,2241,12,345,0,44,15,562,11,1056,15,1618,Not in California
Unknown,2021-03-21,18,2648,12,2253,6,351,0,44,14,573,3,1059,14,1632,Not in California
Unknown,2021-03-22,36,2684,19,2272,16,367,1,45,19,581,12,1071,20,1652,Not in California
Unknown,2021-03-23,23,2707,9,2281,9,376,5,50,11,586,11,1082,16,1668,Not in California
Unknown,2021-03-24,23,2730,9,2290,14,390,0,50,18,599,5,1087,18,1686,Not in California
Unknown,2021-03-25,37,2767,24,2314,13,403,0,50,25,615,9,1096,25,1711,Not in California
Unknown,2021-03-26,36,2803,20,2334,11,414,5,55,18,623,15,1111,23,1734,Not in California
Unknown,2021-03-27,32,2835,15,2349,14,428,3,58,18,627,17,1128,21,1755,Not in California
Unknown,2021-03-28,16,2851,9,2358,7,435,0,58,11,634,4,1132,11,1766,Not in California
Unknown,2021-03-29,38,2889,18,2376,19,454,1,59,23,646,12,1144,24,1790,Not in California
Unknown,2021-03-30,41,2930,25,2401,16,470,0,59,25,656,15,1159,25,1815,Not in California
Unknown,2021-03-31,34,2964,21,2422,13,483,0,59,23,668,11,1170,23,1838,Not in California
Unknown,2021-04-01,19,2983,15,2437,4,487,0,59,13,676,5,1175,13,1851,Not in California
Unknown,2021-04-02,41,3024,17,2454,15,502,9,68,18,680,23,1198,27,1878,Not in California
Unknown,2021-04-03,19,3043,9,2463,10,512,0,68,9,679,10,1208,9,1887,Not in California
Unknown,2021-04-04,17,3060,4,2467,13,525,0,68,10,683,6,1214,10,1897,Not in California
Unknown,2021-04-05,31,3091,17,2484,13,538,1,69,17,688,13,1227,18,1915,Not in California
Unknown,2021-04-06,21,3112,13,2497,7,545,1,70,13,692,10,1237,14,1929,Not in California
Unknown,2021-04-07,32,3144,23,2520,9,554,0,70,24,708,8,1245,24,1953,Not in California
Unknown,2021-04-08,30,3174,20,2540,6,560,4,74,15,710,17,1262,19,1972,Not in California
Unknown,2021-04-09,35,3209,25,2565,10,570,0,74,25,724,11,1273,25,1997,Not in California
Unknown,2021-04-10,10,3219,9,2574,1,571,0,74,5,723,6,1279,5,2002,Not in California
Unknown,2021-04-11,11,3230,7,2581,4,575,0,74,5,723,5,1284,5,2007,Not in California
Unknown,2021-04-12,37,3267,20,2601,16,591,1,75,16,717,23,1307,17,2024,Not in California
Unknown,2021-04-13,44,3311,26,2627,18,609,0,75,17,707,27,1334,17,2041,Not in California
Unknown,2021-04-14,27,3338,8,2635,19,628,0,75,8,693,22,1356,8,2049,Not in California
Unknown,2021-04-15,31,3369,16,2651,14,642,1,76,8,680,22,1378,9,2058,Not in California
Unknown,2021-04-16,25,3394,15,2666,10,652,0,76,9,673,16,1394,9,2067,Not in California
Unknown,2021-04-17,22,3416,13,2679,9,661,0,76,9,668,15,1409,10,2077,Not in California
Unknown,2021-04-18,20,3436,8,2687,12,673,0,76,10,666,12,1421,10,2087,Not in California
Unknown,2021-04-19,35,3471,21,2708,14,687,0,76,16,664,18,1439,16,2103,Not in California
Unknown,2021-04-20,25,3496,14,2722,11,698,0,76,10,654,20,1459,10,2113,Not in California
Unknown,2021-04-21,35,3531,15,2737,20,718,0,76,21,651,24,1483,21,2134,Not in California
Unknown,2021-04-22,23,3554,14,2751,9,727,0,76,8,642,17,1500,8,2142,Not in California
Unknown,2021-04-23,33,3587,16,2767,17,744,0,76,19,647,14,1514,19,2161,Not in California
Unknown,2021-04-24,25,3612,13,2780,12,756,0,76,19,657,9,1523,19,2180,Not in California
Unknown,2021-04-25,24,3636,10,2790,14,770,0,76,15,661,11,1534,15,2195,Not in California
Unknown,2021-04-26,20,3656,13,2803,7,777,0,76,10,657,14,1548,10,2205,Not in California
Unknown,2021-04-27,25,3681,12,2815,13,790,0,76,16,654,19,1567,16,2221,Not in California
Unknown,2021-04-28,27,3708,19,2834,7,797,1,77,13,649,19,1586,14,2235,Not in California
Unknown,2021-04-29,33,3741,22,2856,11,808,0,77,17,646,20,1606,17,2252,Not in California
Unknown,2021-04-30,29,3770,14,2870,10,818,5,82,21,657,15,1621,26,2278,Not in California
Unknown,2021-05-01,28,3798,21,2891,7,825,0,82,26,672,11,1632,26,2304,Not in California
Unknown,2021-05-02,14,3812,7,2898,6,831,1,83,7,672,8,1640,8,2312,Not in California
Unknown,2021-05-03,26,3838,18,2916,5,836,3,86,10,665,19,1659,12,2324,Not in California
Unknown,2021-05-04,21,3859,11,2927,6,842,4,90,9,662,16,1675,13,2337,Not in California
Unknown,2021-05-05,30,3889,11,2938,18,860,1,91,19,668,14,1689,20,2357,Not in California
Unknown,2021-05-06,21,3910,12,2950,6,866,3,94,13,672,12,1701,16,2373,Not in California
Unknown,2021-05-07,27,3937,14,2964,10,876,3,97,15,674,16,1717,18,2391,Not in California
Unknown,2021-05-08,16,3953,10,2974,4,880,2,99,11,679,8,1725,13,2404,Not in California
Unknown,2021-05-09,18,3971,5,2979,9,889,4,103,8,681,10,1735,12,2416,Not in California
Unknown,2021-05-10,18,3989,11,2990,6,895,1,104,3,671,14,1749,4,2420,Not in California
Unknown,2021-05-11,15,4004,9,2999,2,897,4,108,8,676,7,1756,12,2432,Not in California
Unknown,2021-05-12,14,4018,9,3008,4,901,1,109,6,675,8,1764,7,2439,Not in California
Unknown,2021-05-13,15,4033,10,3018,1,902,4,113,9,682,7,1771,14,2453,Not in California
Unknown,2021-05-14,24,4057,20,3038,3,905,1,114,14,687,9,1780,14,2467,Not in California
Unknown,2021-05-15,21,4078,19,3057,2,907,0,114,12,690,9,1789,12,2479,Not in California
Unknown,2021-05-16,27,4105,18,3075,8,915,1,115,16,696,11,1800,17,2496,Not in California
Unknown,2021-05-17,26,4131,20,3095,4,919,2,117,17,706,9,1809,19,2515,Not in California
Unknown,2021-05-18,39,4170,28,3123,9,928,2,119,31,731,8,1817,33,2548,Not in California
Unknown,2021-05-19,37,4207,28,3151,8,936,1,120,20,736,16,1833,21,2569,Not in California
Unknown,2021-05-20,184,4391,175,3326,8,944,1,121,175,904,8,1841,176,2745,Not in California
Unknown,2021-05-21,194,4585,187,3513,6,950,1,122,186,1083,8,1849,187,2932,Not in California
Unknown,2021-05-22,208,4793,200,3713,6,956,2,124,193,1263,15,1864,195,3127,Not in California
Unknown,2021-05-23,121,4914,120,3833,0,956,1,125,119,1382,1,1865,120,3247,Not in California
Unknown,2021-05-24,377,5291,273,4106,93,1049,11,136,353,1723,23,1888,364,3611,Not in California
Unknown,2021-05-25,427,5718,305,4411,105,1154,17,153,387,2087,40,1928,404,4015,Not in California
Unknown,2021-05-26,372,6090,304,4715,63,1217,5,158,345,2411,26,1954,350,4365,Not in California
Unknown,2021-05-27,366,6456,302,5017,55,1272,9,167,329,2713,37,1991,339,4704,Not in California
Unknown,2021-05-28,389,6845,315,5332,60,1332,14,181,355,3049,33,2024,369,5073,Not in California
Unknown,2021-05-29,308,7153,258,5590,45,1377,5,186,289,3324,19,2043,294,5367,Not in California
Unknown,2021-05-30,254,7407,214,5804,36,1413,4,190,240,3554,14,2057,244,5611,Not in California
Unknown,2021-05-31,46,7453,28,5832,18,1431,0,190,44,3596,2,2059,44,5655,Not in California
Unknown,2021-06-01,1,7454,0,5832,1,1432,0,190,1,3597,0,2059,1,5656,Not in California
Alameda,2020-12-15,37,37,37,37,0,0,0,0,37,37,0,0,37,37,California
Alameda,2020-12-16,208,245,208,245,0,0,0,0,208,245,0,0,208,245,California
Alameda,2020-12-17,399,644,399,644,0,0,0,0,399,644,0,0,399,644,California
Alameda,2020-12-18,1791,2435,1790,2434,1,1,0,0,1791,2435,0,0,1791,2435,California
Alameda,2020-12-19,1437,3872,1437,3871,0,1,0,0,1437,3872,0,0,1437,3872,California
Alameda,2020-12-20,1193,5065,1192,5063,1,2,0,0,1192,5063,1,1,1192,5064,California
Alameda,2020-12-21,1873,6938,1871,6934,2,4,0,0,1872,6935,0,1,1872,6936,California
Alameda,2020-12-22,2118,9056,2065,8999,53,57,0,0,2118,9053,0,1,2118,9054,California
Alameda,2020-12-23,1975,11031,1717,10716,258,315,0,0,1976,11029,0,1,1976,11030,California
Alameda,2020-12-24,1221,12252,764,11480,457,772,0,0,1221,12250,0,1,1221,12251,California
Alameda,2020-12-25,169,12421,132,11612,37,809,0,0,169,12419,0,1,169,12420,California
Alameda,2020-12-26,870,13291,327,11939,543,1352,0,0,870,13289,0,1,870,13290,California
Alameda,2020-12-27,502,13793,258,12197,244,1596,0,0,502,13791,0,1,502,13792,California
Alameda,2020-12-28,1883,15676,960,13157,923,2519,0,0,1883,15674,0,1,1883,15675,California
Alameda,2020-12-29,2479,18155,1072,14229,1407,3926,0,0,2478,18152,0,1,2478,18153,California
Alameda,2020-12-30,3087,21242,1316,15545,1771,5697,0,0,3087,21239,0,1,3087,21240,California
Alameda,2020-12-31,1794,23036,443,15988,1351,7048,0,0,1792,23030,1,2,1792,23032,California
Alameda,2021-01-01,172,23208,69,16057,103,7151,0,0,171,23200,1,3,171,23203,California
Alameda,2021-01-02,726,23934,526,16583,200,7351,0,0,725,23925,0,3,725,23928,California
Alameda,2021-01-03,341,24275,221,16804,120,7471,0,0,338,24260,3,6,338,24266,California
Alameda,2021-01-04,1646,25921,943,17747,703,8174,0,0,1634,25883,11,17,1634,25900,California
Alameda,2021-01-05,2217,28138,1276,19023,941,9115,0,0,1981,27631,233,250,1981,27881,California
Alameda,2021-01-06,3276,31414,1808,20831,1468,10583,0,0,2429,29218,844,1094,2431,30312,California
Alameda,2021-01-07,3814,35228,2150,22981,1664,12247,0,0,2683,30784,1122,2216,2688,33000,California
Alameda,2021-01-08,4766,39994,2729,25710,2037,14284,0,0,3111,32250,1650,3866,3116,36116,California
Alameda,2021-01-09,2032,42026,1383,27093,649,14933,0,0,1173,32564,859,4725,1173,37289,California
Alameda,2021-01-10,1068,43094,886,27979,182,15115,0,0,427,32349,642,5367,427,37716,California
Alameda,2021-01-11,4662,47756,3523,31502,1139,16254,0,0,2862,33419,1799,7166,2869,40585,California
Alameda,2021-01-12,4839,52595,3261,34763,1578,17832,0,0,3450,35484,1388,8554,3453,44038,California
Alameda,2021-01-13,5031,57626,2658,37421,2373,20205,0,0,3840,38139,1187,9741,3842,47880,California
Alameda,2021-01-14,5645,63271,2781,40202,2864,23069,0,0,4757,42020,879,10620,4760,52640,California
Alameda,2021-01-15,5831,69102,2311,42513,3520,26589,0,0,5065,46330,759,11379,5069,57709,California
Alameda,2021-01-16,3004,72106,1410,43923,1594,28183,0,0,2734,48795,270,11649,2735,60444,California
Alameda,2021-01-17,1871,73977,1086,45009,785,28968,0,0,1664,50254,206,11855,1665,62109,California
Alameda,2021-01-18,3197,77174,2055,47064,1142,30110,0,0,2603,52270,589,12444,2605,64714,California
Alameda,2021-01-19,5535,82709,3334,50398,2201,32311,0,0,4343,55425,1190,13634,4345,69059,California
Alameda,2021-01-20,6784,89493,4111,54509,2673,34984,0,0,5492,59642,1279,14913,5496,74555,California
Alameda,2021-01-21,7790,97283,3411,57920,4379,39363,0,0,6951,65765,833,15746,6956,81511,California
Alameda,2021-01-22,6850,104133,2045,59965,4805,44168,0,0,5711,70346,1132,16878,5713,87224,California
Alameda,2021-01-23,3285,107418,951,60916,2334,46502,0,0,2729,72519,556,17434,2729,89953,California
Alameda,2021-01-24,2049,109467,656,61572,1393,47895,0,0,1772,74018,273,17707,1772,91725,California
Alameda,2021-01-25,5205,114672,1975,63547,3230,51125,0,0,3620,76062,1577,19284,3621,95346,California
Alameda,2021-01-26,7254,121926,2299,65846,4955,56080,0,0,5386,79589,1860,21144,5387,100733,California
Alameda,2021-01-27,6648,128574,2062,67908,4586,60666,0,0,4802,82555,1836,22980,4802,105535,California
Alameda,2021-01-28,7895,136469,2554,70462,5341,66007,0,0,5654,85985,2225,25205,5655,111190,California
Alameda,2021-01-29,7940,144409,3193,73655,4747,70754,0,0,6119,90294,1811,27016,6120,117310,California
Alameda,2021-01-30,3431,147840,1684,75339,1747,72501,0,0,2719,92307,706,27722,2719,120029,California
Alameda,2021-01-31,1893,149733,957,76296,936,73437,0,0,1660,93737,230,27952,1660,121689,California
Alameda,2021-02-01,6499,156232,3897,80193,2602,76039,0,0,4350,95948,2140,30092,4351,126040,California
Alameda,2021-02-02,6959,163191,3751,83944,3208,79247,0,0,4657,98310,2295,32387,4657,130697,California
Alameda,2021-02-03,7096,170287,3736,87680,3360,82607,0,0,4398,100021,2692,35079,4403,135100,California
Alameda,2021-02-04,9524,179811,4145,91825,5379,87986,0,0,6410,103335,3101,38180,6415,141515,California
Alameda,2021-02-05,10331,190142,5392,97217,4939,92925,0,0,6457,105930,3868,42048,6463,147978,California
Alameda,2021-02-06,6982,197124,4428,101645,2554,95479,0,0,5853,110655,1128,43176,5853,153831,California
Alameda,2021-02-07,3597,200721,2906,104551,691,96170,0,0,2653,112368,941,44117,2654,156485,California
Alameda,2021-02-08,8086,208807,5782,110333,2304,98474,0,0,5528,115348,2550,46667,5530,162015,California
Alameda,2021-02-09,9721,218528,5858,116191,3863,102337,0,0,6057,117762,3645,50312,6059,168074,California
Alameda,2021-02-10,11466,229994,6783,122974,4683,107020,0,0,6561,119442,4889,55201,6569,174643,California
Alameda,2021-02-11,13939,243933,8005,130979,5934,112954,0,0,8372,122271,5547,60748,8376,183019,California
Alameda,2021-02-12,12556,256489,5720,136699,6836,119790,0,0,7767,125269,4772,65520,7770,190789,California
Alameda,2021-02-13,7796,264285,4052,140751,3744,123534,0,0,5833,129146,1958,67478,5835,196624,California
Alameda,2021-02-14,4042,268327,2541,143292,1501,125035,0,0,2873,130857,1165,68643,2876,199500,California
Alameda,2021-02-15,5680,274007,3190,146482,2490,127525,0,0,3697,132576,1981,70624,3700,203200,California
Alameda,2021-02-16,12534,286541,6956,153438,5578,133103,0,0,9317,138692,3207,73831,9323,212523,California
Alameda,2021-02-17,14177,300718,8425,161863,5752,138855,0,0,10543,145620,3617,77448,10545,223068,California
Alameda,2021-02-18,15910,316628,10099,171962,5811,144666,0,0,11553,152830,4349,81797,11559,234627,California
Alameda,2021-02-19,17685,334313,11477,183439,6208,150874,0,0,11714,158601,5949,87746,11720,246347,California
Alameda,2021-02-20,11892,346205,9635,193074,2257,153131,0,0,9163,165046,2724,90470,9169,255516,California
Alameda,2021-02-21,7696,353901,6765,199839,931,154062,0,0,5206,167774,2479,92949,5207,260723,California
Alameda,2021-02-22,10813,364714,8022,207861,2791,156853,0,0,6854,170691,3946,96895,6863,267586,California
Alameda,2021-02-23,12925,377639,7912,215773,5013,161866,0,0,8121,174025,4794,101689,8128,275714,California
Alameda,2021-02-24,14791,392430,8334,224107,6457,168323,0,0,9635,178573,5093,106782,9641,285355,California
Alameda,2021-02-25,15651,408081,9143,233250,6508,174831,0,0,9984,182935,5632,112414,9994,295349,California
Alameda,2021-02-26,18144,426225,10663,243913,7481,182312,0,0,11738,188315,6362,118776,11742,307091,California
Alameda,2021-02-27,14910,441135,11008,254921,3900,186212,2,2,9287,192009,5597,124373,9291,316382,California
Alameda,2021-02-28,9186,450321,7749,262670,1437,187649,0,2,6087,195023,3074,127447,6088,322470,California
Alameda,2021-03-01,13522,463843,9445,272115,4067,191716,10,12,8424,198414,5050,132497,8441,330911,California
Alameda,2021-03-02,15071,478914,10844,282959,4226,195942,1,13,9907,203186,5143,137640,9915,340826,California
Alameda,2021-03-03,15741,494655,10298,293257,5442,201384,1,14,10753,208984,4960,142600,10758,351584,California
Alameda,2021-03-04,17471,512126,11200,304457,6269,207653,2,16,11006,213561,6431,149031,11008,362592,California
Alameda,2021-03-05,16325,528451,10688,315145,5628,213281,9,25,11031,219361,5247,154278,11047,373639,California
Alameda,2021-03-06,14586,543037,10287,325432,4034,217315,265,290,9671,224430,4868,159146,9937,383576,California
Alameda,2021-03-07,9791,552828,8520,333952,1189,218504,82,372,6992,228737,2770,161916,7077,390653,California
Alameda,2021-03-08,11994,564822,7478,341430,4135,222639,381,753,8980,235136,2962,164878,9361,400014,California
Alameda,2021-03-09,14732,579554,10340,351770,3960,226599,432,1185,8054,236984,6642,171520,8490,408504,California
Alameda,2021-03-10,17569,597123,12201,363971,4807,231406,561,1746,7942,235884,9599,181119,8499,417003,California
Alameda,2021-03-11,19862,616985,11634,375605,6518,237924,1710,3456,6782,231320,13048,194167,8484,425487,California
Alameda,2021-03-12,21455,638440,12549,388154,7200,245124,1706,5162,7530,226650,13897,208064,9227,434714,California
Alameda,2021-03-13,16118,654558,10348,398502,4772,249896,998,6160,5164,221896,10918,218982,6164,440878,California
Alameda,2021-03-14,10926,665484,8035,406537,2099,251995,792,6952,3429,218629,7477,226459,4210,445088,California
Alameda,2021-03-15,14551,680035,9521,416058,4499,256494,531,7483,6345,217327,8175,234634,6873,451961,California
Alameda,2021-03-16,17329,697364,11253,427311,5536,262030,540,8023,7446,215483,9831,244465,7987,459948,California
Alameda,2021-03-17,17589,714953,9951,437262,6915,268945,723,8746,8147,214949,9401,253866,8867,468815,California
Alameda,2021-03-18,19270,734223,10505,447767,7867,276812,898,9644,8795,214203,10443,264309,9697,478512,California
Alameda,2021-03-19,19474,753697,10694,458461,6979,283791,1801,11445,7693,211957,11734,276043,9488,488000,California
Alameda,2021-03-20,15866,769563,10394,468855,4615,288406,857,12302,6445,209868,9387,285430,7298,495298,California
Alameda,2021-03-21,9265,778828,7285,476140,1423,289829,557,12859,3789,208747,5466,290896,4345,499643,California
Alameda,2021-03-22,15125,793953,10209,486349,3907,293736,1009,13868,7028,208708,8070,298966,8031,507674,California
Alameda,2021-03-23,19411,813364,11781,498130,6815,300551,815,14683,9866,209898,9497,308463,10687,518361,California
Alameda,2021-03-24,19331,832695,11730,509860,6581,307132,1020,15703,8439,208521,10828,319291,9451,527812,California
Alameda,2021-03-25,20636,853331,11487,521347,7740,314872,1409,17112,9499,208352,11067,330358,10898,538710,California
Alameda,2021-03-26,21068,874399,12720,534067,6775,321647,1573,18685,8547,205987,12474,342832,10109,548819,California
Alameda,2021-03-27,18441,892840,12575,546642,4903,326550,963,19648,7593,203724,10801,353633,8538,557357,California
Alameda,2021-03-28,10689,903529,8704,555346,1782,328332,203,19851,3528,200314,7148,360781,3738,561095,California
Alameda,2021-03-29,14795,918324,9491,564837,4307,332639,997,20848,6000,198550,8759,369540,6995,568090,California
Alameda,2021-03-30,18706,937030,9894,574731,7090,339729,1722,22570,9338,200268,9335,378875,11053,579143,California
Alameda,2021-03-31,19503,956533,10332,585063,7065,346794,2106,24676,9167,201222,10308,389183,11262,590405,California
Alameda,2021-04-01,23452,979985,10099,595162,7665,354459,5688,30364,11107,205703,12296,401479,16777,607182,California
Alameda,2021-04-02,24212,1004197,9997,605159,8347,362806,5868,36232,11707,210784,12466,413945,17547,624729,California
Alameda,2021-04-03,20427,1024624,9852,615011,5710,368516,4865,41097,10352,215939,10054,423999,15209,639938,California
Alameda,2021-04-04,9998,1034622,3995,619006,2290,370806,3713,44810,3464,216597,6514,430513,7172,647110,California
Alameda,2021-04-05,17903,1052525,7551,626557,5540,376346,4812,49622,7278,218086,10600,441113,12089,659199,California
Alameda,2021-04-06,22292,1074817,10737,637294,5691,382037,5864,55486,10100,221884,12155,453268,15953,675152,California
Alameda,2021-04-07,22615,1097432,11612,648906,5529,387566,5474,60960,11441,227664,11128,464396,16908,692060,California
Alameda,2021-04-08,25615,1123047,11557,660463,6047,393613,8011,68971,10934,232017,14607,479003,18960,711020,California
Alameda,2021-04-09,23525,1146572,10734,671197,7556,401169,5235,74206,12135,238065,11358,490361,17406,728426,California
Alameda,2021-04-10,19313,1165885,7449,678646,5667,406836,6197,80403,8198,241377,11091,501452,14403,742829,California
Alameda,2021-04-11,11005,1176890,4800,683446,2267,409103,3938,84341,4475,243264,6513,507965,8400,751229,California
Alameda,2021-04-12,18031,1194921,11728,695174,4316,413419,1987,86328,10122,247495,7873,515838,12104,763333,California
Alameda,2021-04-13,23044,1217965,14611,709785,8375,421794,58,86386,16945,258463,6046,521884,17014,780347,California
Alameda,2021-04-14,23125,1241090,15189,724974,7935,429729,1,86387,15599,266579,7491,529375,15607,795954,California
Alameda,2021-04-15,24122,1265212,15404,740378,8716,438445,2,86389,15996,274520,8065,537440,16006,811960,California
Alameda,2021-04-16,24471,1289683,14426,754804,10040,448485,5,86394,15753,281628,8661,546101,15769,827729,California
Alameda,2021-04-17,20912,1310595,14451,769255,6461,454946,0,86394,14441,289647,6436,552537,14455,842184,California
Alameda,2021-04-18,9988,1320583,7642,776897,2346,457292,0,86394,6909,293511,3050,555587,6914,849098,California
Alameda,2021-04-19,15677,1336260,9759,786656,5917,463209,1,86395,9085,296053,6553,562140,9095,858193,California
Alameda,2021-04-20,18202,1354462,11134,797790,7066,470275,2,86397,9986,297890,8171,570311,10008,868201,California
Alameda,2021-04-21,19172,1373634,11225,809015,7937,478212,10,86407,11186,301172,7932,578243,11214,879415,California
Alameda,2021-04-22,21477,1395111,13840,822855,7633,485845,4,86411,11431,302641,9990,588233,11459,890874,California
Alameda,2021-04-23,21884,1416995,14152,837007,7728,493573,4,86415,12249,305348,9571,597804,12278,903152,California
Alameda,2021-04-24,19033,1436028,14459,851466,4566,498139,8,86423,10068,306514,8919,606723,10085,913237,California
Alameda,2021-04-25,8946,1444974,6936,858402,2009,500148,1,86424,5835,309277,3083,609806,5846,919083,California
Alameda,2021-04-26,13833,1458807,9655,868057,4153,504301,25,86449,8599,312708,5201,615007,8632,927715,California
Alameda,2021-04-27,15811,1474618,9407,877464,6099,510400,305,86754,7446,312169,8314,623321,7775,935490,California
Alameda,2021-04-28,16013,1490631,10201,887665,5345,515745,467,87221,6268,309199,9715,633036,6745,942235,California
Alameda,2021-04-29,16800,1507431,10066,897731,6406,522151,328,87549,6019,304835,10731,643767,6367,948602,California
Alameda,2021-04-30,19503,1526934,12016,909747,7144,529295,343,87892,7903,301597,11523,655290,8285,956887,California
Alameda,2021-05-01,13989,1540923,9338,919085,4447,533742,204,88096,5220,298320,8730,664020,5453,962340,California
Alameda,2021-05-02,7055,1547978,4911,923996,1975,535717,169,88265,2875,297205,4164,668184,3049,965389,California
Alameda,2021-05-03,14500,1562478,10915,934911,3265,538982,320,88585,2852,288799,11606,679790,3200,968589,California
Alameda,2021-05-04,18265,1580743,13098,948009,4809,543791,358,88943,3643,278284,14547,694337,4032,972621,California
Alameda,2021-05-05,18323,1599066,13307,961316,4508,548299,508,89451,3753,268052,14507,708844,4275,976896,California
Alameda,2021-05-06,18614,1617680,14052,975368,3866,552165,696,90147,3607,257437,14931,723775,4316,981212,California
Alameda,2021-05-07,19124,1636804,12863,988231,5847,558012,414,90561,4364,247542,14691,738466,4796,986008,California
Alameda,2021-05-08,16467,1653271,11262,999493,4992,563004,213,90774,3104,237549,13325,751791,3332,989340,California
Alameda,2021-05-09,8518,1661789,6962,1006455,1413,564417,143,90917,1453,232104,7044,758835,1599,990939,California
Alameda,2021-05-10,10100,1671889,6896,1013351,2878,567295,326,91243,2484,227338,7584,766419,2818,993757,California
Alameda,2021-05-11,14983,1686872,8007,1021358,6677,573972,299,91542,2706,218141,12234,778653,3037,996794,California
Alameda,2021-05-12,12616,1699488,8266,1029624,3936,577908,414,91956,2621,211247,9954,788607,3060,999854,California
Alameda,2021-05-13,16758,1716246,11970,1041594,4269,582177,519,92475,5160,205400,11556,800163,5709,1005563,California
Alameda,2021-05-14,20497,1736743,13869,1055463,6151,588328,477,92952,7036,199542,13384,813547,7526,1013089,California
Alameda,2021-05-15,17072,1753815,12423,1067886,4422,592750,227,93179,5793,194331,11238,824785,6027,1019116,California
Alameda,2021-05-16,8383,1762198,7158,1075044,1133,593883,92,93271,2797,191670,5555,830340,2894,1022010,California
Alameda,2021-05-17,13384,1775582,9963,1085007,2891,596774,530,93801,4334,187532,9016,839356,4878,1026888,California
Alameda,2021-05-18,14117,1789699,10240,1095247,3453,600227,424,94225,5171,184224,8906,848262,5598,1032486,California
Alameda,2021-05-19,14344,1804043,9798,1105045,4214,604441,332,94557,6119,182503,8174,856436,6453,1038939,California
Alameda,2021-05-20,11633,1815676,7801,1112846,3401,607842,431,94988,5380,182105,6211,862647,5813,1044752,California
Alameda,2021-05-21,13545,1829221,8914,1121760,4400,612242,231,95219,4578,178005,8908,871555,4808,1049560,California
Alameda,2021-05-22,8946,1838167,6599,1128359,2203,614445,144,95363,3719,176667,5202,876757,3864,1053424,California
Alameda,2021-05-23,3779,1841946,3077,1131436,633,615078,69,95432,1177,175322,2592,879349,1247,1054671,California
Alameda,2021-05-24,6994,1848940,3985,1135421,2748,617826,261,95693,2807,174236,4157,883506,3071,1057742,California
Alameda,2021-05-25,7911,1856851,5095,1140516,2561,620387,255,95948,3602,173812,4280,887786,3856,1061598,California
Alameda,2021-05-26,8192,1865043,5125,1145641,2764,623151,303,96251,3827,173591,4346,892132,4125,1065723,California
Alameda,2021-05-27,8015,1873058,4818,1150459,2851,626002,346,96597,3530,173008,4455,896587,3872,1069595,California
Alameda,2021-05-28,8597,1881655,5046,1155505,3333,629335,218,96815,3666,171993,4900,901487,3885,1073480,California
Alameda,2021-05-29,4826,1886481,2900,1158405,1749,631084,177,96992,2500,172363,2307,903794,2677,1076157,California
Alameda,2021-05-30,2408,1888889,1568,1159973,753,631837,87,97079,972,171995,1426,905220,1058,1077215,California
Alameda,2021-05-31,1136,1890025,841,1160814,242,632079,53,97132,340,171607,781,906001,393,1077608,California
Alameda,2021-06-01,4523,1894548,3195,1164009,1179,633258,149,97281,1846,170941,2658,908659,1992,1079600,California
Alpine,2020-12-18,2,2,2,2,0,0,0,0,2,2,0,0,2,2,California
Alpine,2020-12-19,2,4,2,4,0,0,0,0,2,4,0,0,2,4,California
Alpine,2020-12-21,2,6,2,6,0,0,0,0,2,6,0,0,2,6,California
Alpine,2020-12-30,14,20,0,6,14,14,0,0,14,20,0,0,14,20,California
Alpine,2020-12-31,1,21,0,6,1,15,0,0,1,21,0,0,1,21,California
Alpine,2021-01-01,1,22,0,6,1,16,0,0,1,22,0,0,1,22,California
Alpine,2021-01-02,1,23,1,7,0,16,0,0,1,23,0,0,1,23,California
Alpine,2021-01-04,10,33,0,7,10,26,0,0,10,33,0,0,10,33,California
Alpine,2021-01-05,9,42,1,8,8,34,0,0,9,42,0,0,9,42,California
Alpine,2021-01-06,31,73,0,8,31,65,0,0,31,73,0,0,31,73,California
Alpine,2021-01-07,8,81,0,8,8,73,0,0,8,81,0,0,8,81,California
Alpine,2021-01-08,4,85,2,10,2,75,0,0,2,81,2,2,2,83,California
Alpine,2021-01-09,2,87,2,12,0,75,0,0,0,79,2,4,0,83,California
Alpine,2021-01-11,32,119,1,13,31,106,0,0,31,109,1,5,31,114,California
Alpine,2021-01-13,35,154,0,13,35,141,0,0,35,144,0,5,35,149,California
Alpine,2021-01-14,1,155,0,13,1,142,0,0,1,145,0,5,1,150,California
Alpine,2021-01-15,1,156,0,13,1,143,0,0,1,146,0,5,1,151,California
Alpine,2021-01-20,21,177,0,13,21,164,0,0,21,167,0,5,21,172,California
Alpine,2021-01-21,1,178,0,13,1,165,0,0,1,168,0,5,1,173,California
Alpine,2021-01-22,33,211,0,13,33,198,0,0,33,201,0,5,33,206,California
Alpine,2021-01-23,1,212,1,14,0,198,0,0,0,200,1,6,0,206,California
Alpine,2021-01-25,16,228,0,14,16,214,0,0,16,216,0,6,16,222,California
Alpine,2021-01-27,1,229,1,15,0,214,0,0,0,215,1,7,0,222,California
Alpine,2021-01-28,1,230,0,15,1,215,0,0,0,214,1,8,0,222,California
Alpine,2021-01-29,1,231,0,15,1,216,0,0,1,215,0,8,1,223,California
Alpine,2021-02-01,25,256,0,15,25,241,0,0,7,204,18,26,7,230,California
Alpine,2021-02-03,34,290,0,15,34,275,0,0,10,190,24,50,10,240,California
Alpine,2021-02-04,8,298,0,15,8,283,0,0,3,188,5,55,3,243,California
Alpine,2021-02-05,31,329,0,15,31,314,0,0,12,181,19,74,12,255,California
Alpine,2021-02-08,32,361,0,15,32,346,0,0,4,157,28,102,4,259,California
Alpine,2021-02-10,34,395,0,15,34,380,0,0,0,123,34,136,0,259,California
Alpine,2021-02-11,6,401,0,15,6,386,0,0,3,123,3,139,3,262,California
Alpine,2021-02-12,1,402,0,15,1,387,0,0,0,122,1,140,0,262,California
Alpine,2021-02-17,23,425,0,15,23,410,0,0,3,105,20,160,3,265,California
Alpine,2021-02-18,2,427,0,15,2,412,0,0,1,105,1,161,1,266,California
Alpine,2021-02-19,34,461,1,16,33,445,0,0,2,75,32,193,2,268,California
Alpine,2021-02-22,27,488,0,16,27,472,0,0,8,64,19,212,8,276,California
Alpine,2021-02-24,1,489,1,17,0,472,0,0,1,65,0,212,1,277,California
Alpine,2021-02-25,6,495,1,18,5,477,0,0,6,71,0,212,6,283,California
Alpine,2021-02-26,30,525,1,19,29,506,0,0,29,99,1,213,29,312,California
Alpine,2021-02-27,1,526,0,19,1,507,0,0,1,100,0,213,1,313,California
Alpine,2021-03-01,36,562,0,19,36,543,0,0,26,116,10,223,26,339,California
Alpine,2021-03-03,29,591,0,19,29,572,0,0,18,123,11,234,18,357,California
Alpine,2021-03-04,11,602,1,20,10,582,0,0,11,134,0,234,11,368,California
Alpine,2021-03-05,30,632,0,20,30,612,0,0,22,148,8,242,22,390,California
Alpine,2021-03-08,31,663,0,20,31,643,0,0,29,175,2,244,29,419,California
Alpine,2021-03-10,73,736,0,20,73,716,0,0,73,248,0,244,73,492,California
Alpine,2021-03-11,35,771,0,20,35,751,0,0,31,275,4,248,31,523,California
Alpine,2021-03-12,19,790,0,20,19,770,0,0,17,290,2,250,17,540,California
Alpine,2021-03-15,21,811,1,21,20,790,0,0,20,309,1,251,20,560,California
Alpine,2021-03-17,23,834,0,21,22,812,1,1,19,325,4,255,20,580,California
Alpine,2021-03-18,38,872,3,24,35,847,0,1,35,357,3,258,35,615,California
Alpine,2021-03-19,2,874,1,25,1,848,0,1,1,357,1,259,1,616,California
Alpine,2021-03-22,24,898,0,25,24,872,0,1,15,363,9,268,15,631,California
Alpine,2021-03-24,19,917,0,25,19,891,0,1,8,360,11,279,8,639,California
Alpine,2021-03-25,35,952,1,26,33,924,1,2,28,382,7,286,29,668,California
Alpine,2021-03-27,1,953,0,26,1,925,0,2,0,381,1,287,0,668,California
Alpine,2021-03-28,1,954,1,27,0,925,0,2,1,382,0,287,1,669,California
Alpine,2021-03-29,19,973,0,27,18,943,1,3,2,368,17,304,3,672,California
Alpine,2021-04-01,18,991,0,27,18,961,0,3,8,366,10,314,8,680,California
Alpine,2021-04-02,101,1092,1,28,100,1061,0,3,46,358,54,368,46,726,California
Alpine,2021-04-05,4,1096,1,29,3,1064,0,3,0,354,4,372,0,726,California
Alpine,2021-04-06,3,1099,2,31,1,1065,0,3,2,355,1,373,2,728,California
Alpine,2021-04-07,117,1216,0,31,116,1181,1,4,30,300,86,459,31,759,California
Alpine,2021-04-08,36,1252,0,31,35,1216,1,5,10,285,26,485,11,770,California
Alpine,2021-04-09,2,1254,0,31,2,1218,0,5,2,287,0,485,2,772,California
Alpine,2021-04-14,47,1301,0,31,47,1265,0,5,10,260,37,522,10,782,California
Alpine,2021-04-15,35,1336,0,31,35,1300,0,5,3,231,32,554,3,785,California
Alpine,2021-04-16,1,1337,0,31,1,1301,0,5,1,232,0,554,1,786,California
Alpine,2021-04-19,1,1338,0,31,1,1302,0,5,1,233,0,554,1,787,California
Alpine,2021-04-21,31,1369,0,31,31,1333,0,5,15,232,16,570,15,802,California
Alpine,2021-04-22,24,1393,0,31,24,1357,0,5,1,210,23,593,1,803,California
Alpine,2021-04-24,2,1395,2,33,0,1357,0,5,0,209,2,595,1,804,California
Alpine,2021-04-25,1,1396,1,34,0,1357,0,5,0,208,1,596,0,804,California
Alpine,2021-04-27,2,1398,1,35,1,1358,0,5,1,208,1,597,1,805,California
Alpine,2021-04-28,36,1434,0,35,36,1394,0,5,6,184,30,627,6,811,California
Alpine,2021-04-29,7,1441,1,36,6,1400,0,5,1,179,6,633,1,812,California
Alpine,2021-04-30,2,1443,1,37,0,1400,1,6,1,180,1,634,2,814,California
Alpine,2021-05-02,1,1444,0,37,0,1400,1,7,0,180,1,635,1,815,California
Alpine,2021-05-05,17,1461,0,37,17,1417,0,7,4,171,13,648,4,819,California
Alpine,2021-05-06,8,1469,0,37,8,1425,0,7,0,163,8,656,0,819,California
Alpine,2021-05-07,1,1470,0,37,1,1426,0,7,0,162,1,657,0,819,California
Alpine,2021-05-10,1,1471,0,37,1,1427,0,7,1,163,0,657,1,820,California
Alpine,2021-05-12,1,1472,0,37,0,1427,1,8,0,163,1,658,1,821,California
Alpine,2021-05-13,3,1475,0,37,3,1430,0,8,0,160,3,661,0,821,California
Alpine,2021-05-17,2,1477,0,37,2,1432,0,8,1,160,1,662,1,822,California
Alpine,2021-05-18,1,1478,0,37,1,1433,0,8,1,161,0,662,1,823,California
Alpine,2021-05-19,15,1493,0,37,15,1448,0,8,0,146,15,677,0,823,California
Alpine,2021-05-20,1,1494,1,38,0,1448,0,8,0,145,1,678,0,823,California
Alpine,2021-05-21,1,1495,1,39,0,1448,0,8,0,144,1,679,0,823,California
Alpine,2021-05-25,2,1497,0,39,2,1450,0,8,0,142,2,681,0,823,California
Alpine,2021-05-27,1,1498,0,39,1,1451,0,8,1,143,0,681,1,824,California
Alpine,2021-05-28,1,1499,1,40,0,1451,0,8,1,144,0,681,1,825,California
Alpine,2021-05-29,1,1500,0,40,1,1452,0,8,1,145,0,681,1,826,California
Amador,2020-12-16,2,2,2,2,0,0,0,0,2,2,0,0,2,2,California
Amador,2020-12-17,5,7,5,7,0,0,0,0,5,7,0,0,5,7,California
Amador,2020-12-18,45,52,45,52,0,0,0,0,45,52,0,0,45,52,California
Amador,2020-12-19,17,69,17,69,0,0,0,0,17,69,0,0,17,69,California
Amador,2020-12-20,4,73,4,73,0,0,0,0,4,73,0,0,4,73,California
Amador,2020-12-21,31,104,31,104,0,0,0,0,31,104,0,0,31,104,California
Amador,2020-12-22,35,139,34,138,1,1,0,0,35,139,0,0,35,139,California
Amador,2020-12-23,40,179,39,177,1,2,0,0,40,179,0,0,40,179,California
Amador,2020-12-24,5,184,3,180,2,4,0,0,5,184,0,0,5,184,California
Amador,2020-12-26,5,189,4,184,1,5,0,0,5,189,0,0,5,189,California
Amador,2020-12-27,1,190,0,184,1,6,0,0,1,190,0,0,1,190,California
Amador,2020-12-28,31,221,27,211,4,10,0,0,31,221,0,0,31,221,California
Amador,2020-12-29,26,247,19,230,7,17,0,0,26,247,0,0,26,247,California
Amador,2020-12-30,124,371,78,308,46,63,0,0,124,371,0,0,124,371,California
Amador,2020-12-31,192,563,167,475,25,88,0,0,192,563,0,0,192,563,California
Amador,2021-01-01,2,565,0,475,2,90,0,0,2,565,0,0,2,565,California
Amador,2021-01-02,56,621,56,531,0,90,0,0,56,621,0,0,56,621,California
Amador,2021-01-03,65,686,17,548,48,138,0,0,65,686,0,0,65,686,California
Amador,2021-01-04,124,810,1,549,123,261,0,0,124,810,0,0,124,810,California
Amador,2021-01-05,33,843,3,552,30,291,0,0,31,840,2,2,32,842,California
Amador,2021-01-06,40,883,10,562,30,321,0,0,36,872,4,6,36,878,California
Amador,2021-01-07,230,1113,69,631,161,482,0,0,218,1078,12,18,218,1096,California
Amador,2021-01-08,85,1198,70,701,15,497,0,0,41,1076,44,62,42,1138,California
Amador,2021-01-09,11,1209,11,712,0,497,0,0,2,1069,9,71,2,1140,California
Amador,2021-01-10,6,1215,4,716,2,499,0,0,2,1067,4,75,2,1142,California
Amador,2021-01-11,125,1340,44,760,81,580,0,0,88,1119,37,112,89,1231,California
Amador,2021-01-12,64,1404,49,809,15,595,0,0,40,1135,24,136,40,1271,California
Amador,2021-01-13,40,1444,24,833,16,611,0,0,28,1151,12,148,28,1299,California
Amador,2021-01-14,150,1594,22,855,128,739,0,0,140,1282,10,158,141,1440,California
Amador,2021-01-15,60,1654,25,880,35,774,0,0,52,1326,8,166,52,1492,California
Amador,2021-01-16,18,1672,11,891,7,781,0,0,12,1333,6,172,13,1505,California
Amador,2021-01-17,25,1697,5,896,20,801,0,0,25,1358,0,172,25,1530,California
Amador,2021-01-18,31,1728,27,923,4,805,0,0,9,1345,22,194,9,1539,California
Amador,2021-01-19,125,1853,100,1023,25,830,0,0,81,1382,44,238,81,1620,California
Amador,2021-01-20,184,2037,34,1057,150,980,0,0,168,1535,15,253,168,1788,California
Amador,2021-01-21,259,2296,228,1285,31,1011,0,0,148,1573,111,364,149,1937,California
Amador,2021-01-22,137,2433,74,1359,63,1074,0,0,130,1696,7,371,130,2067,California
Amador,2021-01-23,52,2485,32,1391,20,1094,0,0,50,1744,2,373,50,2117,California
Amador,2021-01-24,29,2514,12,1403,17,1111,0,0,26,1767,3,376,26,2143,California
Amador,2021-01-25,59,2573,28,1431,31,1142,0,0,42,1792,17,393,42,2185,California
Amador,2021-01-26,245,2818,17,1448,228,1370,0,0,235,2017,10,403,235,2420,California
Amador,2021-01-27,301,3119,32,1480,269,1639,0,0,254,2227,45,448,255,2675,California
Amador,2021-01-28,369,3488,97,1577,272,1911,0,0,288,2435,81,529,289,2964,California
Amador,2021-01-29,97,3585,32,1609,65,1976,0,0,82,2502,15,544,82,3046,California
Amador,2021-01-30,169,3754,37,1646,132,2108,0,0,164,2661,5,549,164,3210,California
Amador,2021-01-31,32,3786,28,1674,4,2112,0,0,31,2691,1,550,31,3241,California
Amador,2021-02-01,64,3850,23,1697,41,2153,0,0,37,2701,27,577,37,3278,California
Amador,2021-02-02,213,4063,64,1761,149,2302,0,0,127,2745,83,660,127,3405,California
Amador,2021-02-03,142,4205,39,1800,103,2405,0,0,91,2786,50,710,91,3496,California
Amador,2021-02-04,251,4456,74,1874,177,2582,0,0,164,2865,87,797,166,3662,California
Amador,2021-02-05,332,4788,64,1938,268,2850,0,0,316,3165,16,813,316,3978,California
Amador,2021-02-06,99,4887,80,2018,19,2869,0,0,95,3256,4,817,95,4073,California
Amador,2021-02-07,39,4926,35,2053,4,2873,0,0,35,3288,4,821,36,4109,California
Amador,2021-02-08,90,5016,62,2115,28,2901,0,0,73,3344,17,838,73,4182,California
Amador,2021-02-09,175,5191,82,2197,93,2994,0,0,109,3387,66,904,109,4291,California
Amador,2021-02-10,980,6171,80,2277,900,3894,0,0,946,4299,34,938,946,5237,California
Amador,2021-02-11,310,6481,120,2397,190,4084,0,0,199,4389,109,1047,199,5436,California
Amador,2021-02-12,331,6812,122,2519,209,4293,0,0,257,4572,74,1121,257,5693,California
Amador,2021-02-13,168,6980,82,2601,86,4379,0,0,142,4688,26,1147,142,5835,California
Amador,2021-02-14,123,7103,54,2655,69,4448,0,0,106,4777,17,1164,106,5941,California
Amador,2021-02-15,188,7291,61,2716,127,4575,0,0,171,4932,16,1180,171,6112,California
Amador,2021-02-16,465,7756,53,2769,412,4987,0,0,426,5320,39,1219,427,6539,California
Amador,2021-02-17,263,8019,84,2853,179,5166,0,0,166,5389,97,1316,166,6705,California
Amador,2021-02-18,397,8416,99,2952,298,5464,0,0,333,5658,64,1380,333,7038,California
Amador,2021-02-19,195,8611,77,3029,118,5582,0,0,111,5685,84,1464,111,7149,California
Amador,2021-02-20,95,8706,33,3062,62,5644,0,0,67,5724,28,1492,67,7216,California
Amador,2021-02-21,45,8751,34,3096,11,5655,0,0,14,5707,31,1523,14,7230,California
Amador,2021-02-22,65,8816,25,3121,40,5695,0,0,32,5707,32,1555,32,7262,California
Amador,2021-02-23,320,9136,54,3175,266,5961,0,0,140,5667,180,1735,140,7402,California
Amador,2021-02-24,397,9533,58,3233,339,6300,0,0,264,5802,129,1864,264,7666,California
Amador,2021-02-25,524,10057,119,3352,405,6705,0,0,278,5835,245,2109,278,7944,California
Amador,2021-02-26,623,10680,76,3428,547,7252,0,0,509,6230,114,2223,509,8453,California
Amador,2021-02-27,292,10972,93,3521,199,7451,0,0,101,6143,190,2413,103,8556,California
Amador,2021-02-28,104,11076,53,3574,51,7502,0,0,58,6157,46,2459,60,8616,California
Amador,2021-03-01,191,11267,67,3641,124,7626,0,0,121,6209,70,2529,122,8738,California
Amador,2021-03-02,381,11648,63,3704,318,7944,0,0,332,6493,49,2578,333,9071,California
Amador,2021-03-03,243,11891,79,3783,164,8108,0,0,167,6586,75,2653,168,9239,California
Amador,2021-03-04,498,12389,116,3899,382,8490,0,0,395,6879,102,2755,395,9634,California
Amador,2021-03-05,513,12902,77,3976,436,8926,0,0,294,6957,218,2973,296,9930,California
Amador,2021-03-06,99,13001,46,4022,52,8978,1,1,54,6967,45,3018,55,9985,California
Amador,2021-03-07,65,13066,44,4066,21,8999,0,1,22,6946,43,3061,22,10007,California
Amador,2021-03-08,153,13219,71,4137,81,9080,1,2,92,6978,61,3122,93,10100,California
Amador,2021-03-09,373,13592,50,4187,323,9403,0,2,293,7194,77,3199,293,10393,California
Amador,2021-03-10,516,14108,77,4264,437,9840,2,4,112,6906,404,3603,116,10509,California
Amador,2021-03-11,475,14583,118,4382,346,10186,11,15,300,7046,174,3777,314,10823,California
Amador,2021-03-12,568,15151,66,4448,495,10681,7,22,337,7165,230,4007,349,11172,California
Amador,2021-03-13,115,15266,18,4466,90,10771,7,29,74,7209,41,4048,85,11257,California
Amador,2021-03-14,89,15355,19,4485,67,10838,3,32,21,7165,68,4116,24,11281,California
Amador,2021-03-15,180,15535,26,4511,147,10985,7,39,55,7103,125,4241,63,11344,California
Amador,2021-03-16,454,15989,54,4565,390,11375,10,49,139,6939,313,4554,149,11493,California
Amador,2021-03-17,198,16187,43,4608,152,11527,3,52,119,6983,79,4633,123,11616,California
Amador,2021-03-18,479,16666,102,4710,373,11900,4,56,253,7018,226,4859,261,11877,California
Amador,2021-03-19,541,17207,56,4766,468,12368,17,73,391,7281,148,5007,411,12288,California
Amador,2021-03-20,110,17317,46,4812,63,12431,1,74,46,7267,63,5070,49,12337,California
Amador,2021-03-21,48,17365,36,4848,11,12442,1,75,31,7285,16,5086,34,12371,California
Amador,2021-03-22,116,17481,34,4882,53,12495,29,104,52,7302,64,5150,81,12452,California
Amador,2021-03-23,434,17915,47,4929,380,12875,7,111,275,7427,158,5308,283,12735,California
Amador,2021-03-24,343,18258,36,4965,54,12929,253,364,35,7408,307,5615,288,13023,California
Amador,2021-03-25,607,18865,85,5050,516,13445,6,370,395,7598,211,5826,401,13424,California
Amador,2021-03-26,745,19610,44,5094,695,14140,6,376,281,7426,462,6288,290,13714,California
Amador,2021-03-27,90,19700,15,5109,73,14213,2,378,27,7394,63,6351,31,13745,California
Amador,2021-03-28,70,19770,16,5125,52,14265,2,380,12,7352,57,6408,15,13760,California
Amador,2021-03-29,182,19952,27,5152,154,14419,1,381,81,7340,99,6507,87,13847,California
Amador,2021-03-30,535,20487,28,5180,506,14925,1,382,294,7395,240,6747,295,14142,California
Amador,2021-03-31,199,20686,57,5237,137,15062,5,387,43,7288,155,6902,48,14190,California
Amador,2021-04-01,614,21300,87,5324,527,15589,0,387,263,7204,349,7251,265,14455,California
Amador,2021-04-02,607,21907,38,5362,557,16146,12,399,381,7374,225,7476,395,14850,California
Amador,2021-04-03,84,21991,21,5383,43,16189,20,419,21,7354,63,7539,43,14893,California
Amador,2021-04-04,38,22029,3,5386,29,16218,6,425,15,7352,23,7562,21,14914,California
Amador,2021-04-05,145,22174,52,5438,76,16294,17,442,49,7325,95,7657,68,14982,California
Amador,2021-04-06,502,22676,38,5476,446,16740,18,460,222,7287,278,7935,240,15222,California
Amador,2021-04-07,98,22774,34,5510,45,16785,19,479,41,7292,55,7990,60,15282,California
Amador,2021-04-08,497,23271,86,5596,390,17175,21,500,222,7261,274,8264,243,15525,California
Amador,2021-04-09,481,23752,20,5616,442,17617,19,519,211,7220,269,8533,228,15753,California
Amador,2021-04-10,50,23802,14,5630,27,17644,9,528,22,7223,28,8561,31,15784,California
Amador,2021-04-11,50,23852,25,5655,21,17665,4,532,23,7224,26,8587,27,15811,California
Amador,2021-04-12,98,23950,26,5681,62,17727,10,542,42,7220,56,8643,52,15863,California
Amador,2021-04-13,344,24294,50,5731,294,18021,0,542,67,7011,276,8919,67,15930,California
Amador,2021-04-14,281,24575,27,5758,254,18275,0,542,175,7083,103,9022,175,16105,California
Amador,2021-04-15,332,24907,74,5832,258,18533,0,542,71,6898,256,9278,71,16176,California
Amador,2021-04-16,482,25389,29,5861,453,18986,0,542,385,7187,96,9374,385,16561,California
Amador,2021-04-17,60,25449,34,5895,26,19012,0,542,25,7177,35,9409,25,16586,California
Amador,2021-04-18,26,25475,6,5901,20,19032,0,542,11,7174,14,9423,11,16597,California
Amador,2021-04-19,69,25544,27,5928,42,19074,0,542,30,7168,38,9461,32,16629,California
Amador,2021-04-20,436,25980,55,5983,381,19455,0,542,111,6963,318,9779,113,16742,California
Amador,2021-04-21,85,26065,33,6016,52,19507,0,542,43,6965,41,9820,43,16785,California
Amador,2021-04-22,497,26562,78,6094,418,19925,1,543,104,6684,386,10206,105,16890,California
Amador,2021-04-23,358,26920,46,6140,312,20237,0,543,286,6901,71,10277,288,17178,California
Amador,2021-04-24,48,26968,24,6164,24,20261,0,543,27,6908,20,10297,27,17205,California
Amador,2021-04-25,41,27009,19,6183,22,20283,0,543,29,6925,12,10309,29,17234,California
Amador,2021-04-26,86,27095,26,6209,59,20342,1,544,40,6921,45,10354,41,17275,California
Amador,2021-04-27,490,27585,38,6247,451,20793,1,545,87,6609,401,10755,89,17364,California
Amador,2021-04-28,67,27652,29,6276,34,20827,4,549,39,6624,28,10783,43,17407,California
Amador,2021-04-29,222,27874,69,6345,44,20871,109,658,64,6638,158,10941,172,17579,California
Amador,2021-04-30,338,28212,26,6371,308,21179,4,662,95,6494,243,11184,99,17678,California
Amador,2021-05-01,42,28254,16,6387,22,21201,4,666,22,6502,18,11202,26,17704,California
Amador,2021-05-02,27,28281,14,6401,10,21211,3,669,10,6499,17,11219,14,17718,California
Amador,2021-05-03,67,28348,33,6434,24,21235,10,679,27,6496,40,11259,37,17755,California
Amador,2021-05-04,465,28813,26,6460,432,21667,7,686,68,6174,397,11656,75,17830,California
Amador,2021-05-05,201,29014,153,6613,39,21706,9,695,162,6306,39,11695,171,18001,California
Amador,2021-05-06,108,29122,54,6667,49,21755,5,700,63,6331,43,11738,68,18069,California
Amador,2021-05-07,126,29248,29,6696,90,21845,7,707,66,6344,60,11798,73,18142,California
Amador,2021-05-08,41,29289,8,6704,30,21875,3,710,20,6346,21,11819,23,18165,California
Amador,2021-05-09,15,29304,0,6704,9,21884,6,716,4,6345,11,11830,10,18175,California
Amador,2021-05-10,62,29366,15,6719,44,21928,3,719,26,6338,36,11866,29,18204,California
Amador,2021-05-11,102,29468,34,6753,42,21970,26,745,45,6352,57,11923,71,18275,California
Amador,2021-05-12,63,29531,21,6774,41,22011,1,746,29,6348,34,11957,30,18305,California
Amador,2021-05-13,73,29604,39,6813,28,22039,6,752,36,6355,35,11992,42,18347,California
Amador,2021-05-14,395,29999,35,6848,356,22395,4,756,87,6138,308,12300,91,18438,California
Amador,2021-05-15,51,30050,20,6868,20,22415,11,767,23,6145,28,12328,35,18473,California
Amador,2021-05-16,38,30088,15,6883,23,22438,0,767,17,6141,21,12349,17,18490,California
Amador,2021-05-17,75,30163,22,6905,51,22489,2,769,36,6141,38,12387,38,18528,California
Amador,2021-05-18,247,30410,169,7074,43,22532,35,804,163,6256,83,12470,198,18726,California
Amador,2021-05-19,73,30483,22,7096,47,22579,4,808,33,6256,39,12509,39,18765,California
Amador,2021-05-20,79,30562,45,7141,31,22610,3,811,31,6243,47,12556,34,18799,California
Amador,2021-05-21,266,30828,29,7170,235,22845,2,813,40,6059,226,12782,42,18841,California
Amador,2021-05-22,41,30869,16,7186,20,22865,5,818,16,6055,25,12807,21,18862,California
Amador,2021-05-23,23,30892,7,7193,15,22880,1,819,8,6049,15,12822,9,18871,California
Amador,2021-05-24,86,30978,28,7221,46,22926,12,831,40,6056,45,12867,52,18923,California
Amador,2021-05-25,140,31118,88,7309,27,22953,25,856,82,6107,56,12923,107,19030,California
Amador,2021-05-26,204,31322,161,7470,37,22990,6,862,42,5993,161,13084,47,19077,California
Amador,2021-05-27,78,31400,36,7506,34,23024,8,870,29,5981,49,13133,37,19114,California
Amador,2021-05-28,65,31465,23,7529,39,23063,3,873,26,5971,39,13172,29,19143,California
Amador,2021-05-29,25,31490,1,7530,21,23084,3,876,11,5971,14,13186,14,19157,California
Amador,2021-05-30,18,31508,4,7534,8,23092,6,882,5,5969,13,13199,11,19168,California
Amador,2021-05-31,10,31518,0,7534,9,23101,1,883,2,5964,8,13207,3,19171,California
Amador,2021-06-01,68,31586,57,7591,10,23111,1,884,31,5960,36,13243,32,19203,California
Butte,2020-12-16,3,3,3,3,0,0,0,0,3,3,0,0,3,3,California
Butte,2020-12-17,21,24,21,24,0,0,0,0,21,24,0,0,21,24,California
Butte,2020-12-18,50,74,50,74,0,0,0,0,50,74,0,0,50,74,California
Butte,2020-12-19,7,81,7,81,0,0,0,0,7,81,0,0,7,81,California
Butte,2020-12-20,10,91,10,91,0,0,0,0,10,91,0,0,10,91,California
Butte,2020-12-21,634,725,634,725,0,0,0,0,634,725,0,0,634,725,California
Butte,2020-12-22,619,1344,617,1342,2,2,0,0,619,1344,0,0,619,1344,California
Butte,2020-12-23,878,2222,862,2204,16,18,0,0,878,2222,0,0,878,2222,California
Butte,2020-12-24,159,2381,155,2359,4,22,0,0,159,2381,0,0,159,2381,California
Butte,2020-12-26,93,2474,91,2450,2,24,0,0,93,2474,0,0,93,2474,California
Butte,2020-12-27,35,2509,34,2484,1,25,0,0,35,2509,0,0,35,2509,California
Butte,2020-12-28,279,2788,273,2757,6,31,0,0,279,2788,0,0,279,2788,California
Butte,2020-12-29,202,2990,178,2935,24,55,0,0,202,2990,0,0,202,2990,California
Butte,2020-12-30,514,3504,291,3226,223,278,0,0,514,3504,0,0,514,3504,California
Butte,2020-12-31,211,3715,18,3244,193,471,0,0,211,3715,0,0,211,3715,California
Butte,2021-01-01,8,3723,1,3245,7,478,0,0,8,3723,0,0,8,3723,California
Butte,2021-01-02,41,3764,38,3283,3,481,0,0,41,3764,0,0,41,3764,California
Butte,2021-01-03,3,3767,0,3283,3,484,0,0,3,3767,0,0,3,3767,California
Butte,2021-01-04,208,3975,175,3458,33,517,0,0,208,3975,0,0,208,3975,California
Butte,2021-01-05,197,4172,152,3610,45,562,0,0,196,4170,1,1,196,4171,California
Butte,2021-01-06,624,4796,397,4007,227,789,0,0,619,4785,5,6,620,4791,California
Butte,2021-01-07,761,5557,369,4376,392,1181,0,0,741,5506,20,26,741,5532,California
Butte,2021-01-08,670,6227,530,4906,140,1321,0,0,624,6084,46,72,624,6156,California
Butte,2021-01-09,12,6239,7,4913,5,1326,0,0,7,6086,5,77,7,6163,California
Butte,2021-01-10,19,6258,5,4918,14,1340,0,0,14,6095,5,82,14,6177,California
Butte,2021-01-11,985,7243,949,5867,36,1376,0,0,357,5827,628,710,360,6537,California
Butte,2021-01-12,698,7941,653,6520,45,1421,0,0,274,5677,424,1134,274,6811,California
Butte,2021-01-13,1569,9510,1075,7595,494,1915,0,0,731,5572,838,1972,733,7544,California
Butte,2021-01-14,1633,11143,892,8487,741,2656,0,0,1437,6814,195,2167,1437,8981,California
Butte,2021-01-15,1054,12197,813,9300,241,2897,0,0,945,7649,110,2277,945,9926,California
Butte,2021-01-16,586,12783,300,9600,286,3183,0,0,541,8145,45,2322,541,10467,California
Butte,2021-01-17,238,13021,64,9664,174,3357,0,0,201,8309,37,2359,201,10668,California
Butte,2021-01-18,344,13365,302,9966,42,3399,0,0,276,8518,67,2426,276,10944,California
Butte,2021-01-19,495,13860,432,10398,63,3462,0,0,223,8469,272,2698,223,11167,California
Butte,2021-01-20,1368,15228,688,11086,680,4142,0,0,1065,9231,303,3001,1065,12232,California
Butte,2021-01-21,1475,16703,867,11953,608,4750,0,0,1367,10491,107,3108,1367,13599,California
Butte,2021-01-22,1137,17840,478,12431,659,5409,0,0,1084,11522,53,3161,1084,14683,California
Butte,2021-01-23,127,17967,85,12516,42,5451,0,0,101,11597,26,3187,101,14784,California
Butte,2021-01-24,9,17976,7,12523,2,5453,0,0,9,11606,0,3187,9,14793,California
Butte,2021-01-25,655,18631,335,12858,320,5773,0,0,492,11935,163,3350,492,15285,California
Butte,2021-01-26,1469,20100,377,13235,1092,6865,0,0,1332,13130,137,3487,1332,16617,California
Butte,2021-01-27,2097,22197,705,13940,1392,8257,0,0,1366,13766,730,4217,1366,17983,California
Butte,2021-01-28,2263,24460,262,14202,2001,10258,0,0,1951,15406,311,4528,1951,19934,California
Butte,2021-01-29,1685,26145,486,14688,1199,11457,0,0,1308,16338,376,4904,1308,21242,California
Butte,2021-01-30,31,26176,8,14696,23,11480,0,0,29,16365,2,4906,29,21271,California
Butte,2021-01-31,16,26192,14,14710,2,11482,0,0,15,16379,1,4907,15,21286,California
Butte,2021-02-01,1750,27942,406,15116,1344,12826,0,0,1361,17353,387,5294,1361,22647,California
Butte,2021-02-02,1932,29874,363,15479,1569,14395,0,0,1629,18678,304,5598,1629,24276,California
Butte,2021-02-03,2741,32615,777,16256,1964,16359,0,0,1849,19637,890,6488,1849,26125,California
Butte,2021-02-04,2958,35573,324,16580,2634,18993,0,0,2402,21485,554,7042,2402,28527,California
Butte,2021-02-05,1274,36847,667,17247,607,19600,0,0,553,21318,721,7763,554,29081,California
Butte,2021-02-06,145,36992,104,17351,41,19641,0,0,63,21299,82,7845,63,29144,California
Butte,2021-02-07,37,37029,33,17384,4,19645,0,0,13,21288,24,7869,13,29157,California
Butte,2021-02-08,699,37728,548,17932,151,19796,0,0,242,21073,457,8326,242,29399,California
Butte,2021-02-09,953,38681,459,18391,494,20290,0,0,723,21566,230,8556,723,30122,California
Butte,2021-02-10,1706,40387,1190,19581,516,20806,0,0,675,21212,1029,9585,675,30797,California
Butte,2021-02-11,2202,42589,1347,20928,855,21661,0,0,1005,21020,1197,10782,1005,31802,California
Butte,2021-02-12,1003,43592,436,21364,567,22228,0,0,330,20678,672,11454,330,32132,California
Butte,2021-02-13,251,43843,43,21407,208,22436,0,0,150,20727,101,11555,150,32282,California
Butte,2021-02-14,160,44003,9,21416,151,22587,0,0,156,20879,4,11559,156,32438,California
Butte,2021-02-15,263,44266,47,21463,216,22803,0,0,198,21012,65,11624,198,32636,California
Butte,2021-02-16,733,44999,432,21895,301,23104,0,0,277,20832,457,12081,277,32913,California
Butte,2021-02-17,1516,46515,849,22744,667,23771,0,0,842,21002,672,12753,842,33755,California
Butte,2021-02-18,1559,48074,763,23507,796,24567,0,0,749,20941,810,13563,749,34504,California
Butte,2021-02-19,1169,49243,389,23896,780,25347,0,0,402,20583,760,14323,402,34906,California
Butte,2021-02-20,479,49722,32,23928,447,25794,0,0,126,20357,352,14675,126,35032,California
Butte,2021-02-21,18,49740,16,23944,2,25796,0,0,13,20365,5,14680,13,35045,California
Butte,2021-02-22,1501,51241,297,24241,1204,27000,0,0,378,19623,1120,15800,378,35423,California
Butte,2021-02-23,1635,52876,297,24538,1338,28338,0,0,463,18919,1167,16967,463,35886,California
Butte,2021-02-24,2138,55014,598,25136,1540,29878,0,0,726,18241,1404,18371,726,36612,California
Butte,2021-02-25,2076,57090,577,25713,1499,31377,0,0,656,17483,1415,19786,657,37269,California
Butte,2021-02-26,920,58010,311,26024,609,31986,0,0,396,17358,521,20307,396,37665,California
Butte,2021-02-27,237,58247,50,26074,187,32173,0,0,186,17495,49,20356,186,37851,California
Butte,2021-02-28,139,58386,16,26090,123,32296,0,0,131,17618,8,20364,131,37982,California
Butte,2021-03-01,1629,60015,177,26267,1451,33747,1,1,329,16651,1297,21661,330,38312,California
Butte,2021-03-02,1750,61765,198,26465,1552,35299,0,1,313,15531,1433,23094,313,38625,California
Butte,2021-03-03,2788,64553,851,27316,1937,37236,0,1,482,13710,2304,25398,483,39108,California
Butte,2021-03-04,3152,67705,683,27999,2469,39705,0,1,628,11815,2523,27921,628,39736,California
Butte,2021-03-05,1354,69059,616,28615,737,40442,1,2,737,11940,613,28534,738,40474,California
Butte,2021-03-06,247,69306,27,28642,197,40639,23,25,186,12089,60,28594,209,40683,California
Butte,2021-03-07,54,69360,3,28645,34,40673,17,42,29,12110,25,28619,46,40729,California
Butte,2021-03-08,1267,70627,129,28774,1060,41733,78,120,1101,13126,163,28782,1179,41908,California
Butte,2021-03-09,1904,72531,284,29058,1517,43250,103,223,1414,14156,487,29269,1517,43425,California
Butte,2021-03-10,2318,74849,966,30024,1251,44501,101,324,1577,15097,736,30005,1677,45102,California
Butte,2021-03-11,2812,77661,1319,31343,1367,45868,126,450,1982,16386,819,30824,2108,47210,California
Butte,2021-03-12,1147,78808,330,31673,468,46336,349,799,356,16307,785,31609,706,47916,California
Butte,2021-03-13,255,79063,69,31742,137,46473,49,848,62,16225,193,31802,111,48027,California
Butte,2021-03-14,162,79225,16,31758,104,46577,42,890,20,16146,141,31943,62,48089,California
Butte,2021-03-15,1744,80969,360,32118,1090,47667,294,1184,1148,17000,588,32531,1442,49531,California
Butte,2021-03-16,1654,82623,416,32534,1160,48827,78,1262,1113,17652,538,33069,1190,50721,California
Butte,2021-03-17,1957,84580,1358,33892,518,49345,81,1343,1138,18059,811,33880,1218,51939,California
Butte,2021-03-18,1811,86391,1466,35358,216,49561,129,1472,1065,18512,740,34620,1193,53132,California
Butte,2021-03-19,702,87093,314,35672,304,49865,84,1556,348,18600,344,34964,432,53564,California
Butte,2021-03-20,208,87301,32,35704,160,50025,16,1572,96,18600,112,35076,112,53676,California
Butte,2021-03-21,58,87359,27,35731,2,50027,29,1601,15,18601,43,35119,44,53720,California
Butte,2021-03-22,1484,88843,352,36083,1038,51065,94,1695,1220,19653,262,35381,1314,55034,California
Butte,2021-03-23,1827,90670,493,36576,1220,52285,114,1809,1476,20895,348,35729,1590,56624,California
Butte,2021-03-24,2266,92936,1269,37845,871,53156,126,1935,1717,22192,545,36274,1842,58466,California
Butte,2021-03-25,1485,94421,1201,39046,192,53348,92,2027,1018,22839,463,36737,1110,59576,California
Butte,2021-03-26,1208,95629,441,39487,521,53869,246,2273,560,23005,640,37377,806,60382,California
Butte,2021-03-27,302,95931,85,39572,193,54062,24,2297,136,23000,163,37540,158,60540,California
Butte,2021-03-28,227,96158,44,39616,175,54237,8,2305,103,22989,121,37661,110,60650,California
Butte,2021-03-29,1759,97917,381,39997,1308,55545,70,2375,1342,23989,412,38073,1412,62062,California
Butte,2021-03-30,1040,98957,471,40468,479,56024,90,2465,493,24031,541,38614,583,62645,California
Butte,2021-03-31,1779,100736,1304,41772,408,56432,67,2532,1088,24501,685,39299,1155,63800,California
Butte,2021-04-01,3329,104065,2706,44478,496,56928,127,2659,2259,25824,1064,40363,2387,66187,California
Butte,2021-04-02,1003,105068,419,44897,464,57392,120,2779,566,26079,429,40792,684,66871,California
Butte,2021-04-03,347,105415,46,44943,226,57618,75,2854,164,26135,183,40975,239,67110,California
Butte,2021-04-04,188,105603,24,44967,141,57759,23,2877,110,26192,76,41051,133,67243,California
Butte,2021-04-05,1971,107574,420,45387,1379,59138,172,3049,593,25598,1369,42420,775,68018,California
Butte,2021-04-06,2200,109774,616,46003,1161,60299,423,3472,798,25421,1396,43816,1219,69237,California
Butte,2021-04-07,3043,112817,1323,47326,1327,61626,393,3865,716,24217,2321,46137,1117,70354,California
Butte,2021-04-08,2734,115551,1190,48516,1278,62904,266,4131,445,22646,2286,48423,715,71069,California
Butte,2021-04-09,1378,116929,354,48870,542,63446,482,4613,330,22413,1044,49467,811,71880,California
Butte,2021-04-10,223,117152,48,48918,77,63523,98,4711,100,22487,123,49590,197,72077,California
Butte,2021-04-11,106,117258,44,48962,52,63575,10,4721,82,22556,23,49613,92,72169,California
Butte,2021-04-12,1407,118665,314,49276,960,64535,133,4854,233,21748,1174,50787,366,72535,California
Butte,2021-04-13,1642,120307,572,49848,1064,65599,6,4860,336,20791,1299,52086,342,72877,California
Butte,2021-04-14,2823,123130,2335,52183,488,66087,0,4860,1305,20585,1512,53598,1306,74183,California
Butte,2021-04-15,642,123772,397,52580,245,66332,0,4860,485,20916,154,53752,485,74668,California
Butte,2021-04-16,810,124582,414,52994,396,66728,0,4860,475,21058,333,54085,475,75143,California
Butte,2021-04-17,342,124924,61,53055,281,67009,0,4860,238,21194,102,54187,238,75381,California
Butte,2021-04-18,42,124966,11,53066,31,67040,0,4860,38,21228,4,54191,38,75419,California
Butte,2021-04-19,1561,126527,381,53447,1180,68220,0,4860,428,20526,1130,55321,428,75847,California
Butte,2021-04-20,1969,128496,717,54164,1252,69472,0,4860,750,20065,1211,56532,750,76597,California
Butte,2021-04-21,2049,130545,1165,55329,884,70356,0,4860,465,18952,1578,58110,465,77062,California
Butte,2021-04-22,2219,132764,1941,57270,278,70634,0,4860,609,17955,1606,59716,609,77671,California
Butte,2021-04-23,942,133706,445,57715,497,71131,0,4860,490,17992,453,60169,490,78161,California
Butte,2021-04-24,345,134051,138,57853,207,71338,0,4860,190,18027,155,60324,190,78351,California
Butte,2021-04-25,172,134223,67,57920,105,71443,0,4860,63,17981,109,60433,63,78414,California
Butte,2021-04-26,1488,135711,428,58348,1055,72498,5,4865,383,17267,1102,61535,388,78802,California
Butte,2021-04-27,935,136646,639,58987,269,72767,27,4892,563,17490,367,61902,590,79392,California
Butte,2021-04-28,1393,138039,937,59924,431,73198,25,4917,504,17131,888,62790,529,79921,California
Butte,2021-04-29,885,138924,543,60467,317,73515,25,4942,298,16873,581,63371,323,80244,California
Butte,2021-04-30,894,139818,387,60854,486,74001,21,4963,451,16907,437,63808,471,80715,California
Butte,2021-05-01,239,140057,64,60918,156,74157,19,4982,69,16826,169,63977,88,80803,California
Butte,2021-05-02,149,140206,63,60981,73,74230,13,4995,42,16774,107,64084,55,80858,California
Butte,2021-05-03,606,140812,250,61231,325,74555,31,5026,155,16520,440,64524,186,81044,California
Butte,2021-05-04,816,141628,315,61546,469,75024,32,5058,211,16163,599,65123,242,81286,California
Butte,2021-05-05,1338,142966,1090,62636,212,75236,36,5094,275,15417,1057,66180,311,81597,California
Butte,2021-05-06,928,143894,670,63306,221,75457,37,5131,359,15247,566,66746,396,81993,California
Butte,2021-05-07,563,144457,291,63597,235,75692,37,5168,288,15300,272,67018,325,82318,California
Butte,2021-05-08,170,144627,36,63633,125,75817,9,5177,90,15320,79,67097,99,82417,California
Butte,2021-05-09,94,144721,20,63653,71,75888,3,5180,50,15329,44,67141,53,82470,California
Butte,2021-05-10,520,145241,307,63960,170,76058,43,5223,214,15283,303,67444,257,82727,California
Butte,2021-05-11,862,146103,641,64601,164,76222,57,5280,275,15031,584,68028,332,83059,California
Butte,2021-05-12,732,146835,472,65073,214,76436,46,5326,328,15005,400,68428,374,83433,California
Butte,2021-05-13,847,147682,569,65642,219,76655,59,5385,295,14816,541,68969,352,83785,California
Butte,2021-05-14,834,148516,522,66164,282,76937,30,5415,361,14737,469,69438,390,84175,California
Butte,2021-05-15,480,148996,223,66387,225,77162,32,5447,223,14736,256,69694,255,84430,California
Butte,2021-05-16,169,149165,83,66470,68,77230,18,5465,98,14782,70,69764,116,84546,California
Butte,2021-05-17,759,149924,486,66956,225,77455,48,5513,338,14749,418,70182,385,84931,California
Butte,2021-05-18,1058,150982,726,67682,284,77739,48,5561,480,14705,572,70754,528,85459,California
Butte,2021-05-19,833,151815,543,68225,246,77985,44,5605,335,14589,494,71248,378,85837,California
Butte,2021-05-20,836,152651,574,68799,160,78145,102,5707,333,14523,501,71749,435,86272,California
Butte,2021-05-21,780,153431,490,69289,263,78408,27,5734,261,14295,515,72264,287,86559,California
Butte,2021-05-22,218,153649,104,69393,109,78517,5,5739,108,14301,107,72371,113,86672,California
Butte,2021-05-23,75,153724,46,69439,26,78543,3,5742,43,14315,32,72403,46,86718,California
Butte,2021-05-24,327,154051,138,69577,145,78688,44,5786,168,14369,158,72561,212,86930,California
Butte,2021-05-25,673,154724,426,70003,213,78901,34,5820,334,14404,332,72893,367,87297,California
Butte,2021-05-26,550,155274,178,70181,353,79254,19,5839,247,14375,295,73188,266,87563,California
Butte,2021-05-27,818,156092,596,70777,205,79459,17,5856,391,14362,422,73610,409,87972,California
Butte,2021-05-28,495,156587,129,70906,293,79752,73,5929,199,14341,293,73903,272,88244,California
Butte,2021-05-29,202,156789,103,71009,88,79840,11,5940,129,14408,73,73976,140,88384,California
Butte,2021-05-30,107,156896,57,71066,48,79888,2,5942,60,14423,47,74023,62,88446,California
Butte,2021-05-31,41,156937,21,71087,17,79905,3,5945,22,14429,19,74042,25,88471,California
Butte,2021-06-01,368,157305,271,71358,80,79985,17,5962,113,14306,253,74295,130,88601,California
Calaveras,2020-12-16,5,5,5,5,0,0,0,0,5,5,0,0,5,5,California
Calaveras,2020-12-17,3,8,3,8,0,0,0,0,3,8,0,0,3,8,California
Calaveras,2020-12-18,39,47,39,47,0,0,0,0,39,47,0,0,39,47,California
Calaveras,2020-12-19,3,50,3,50,0,0,0,0,3,50,0,0,3,50,California
Calaveras,2020-12-20,4,54,4,54,0,0,0,0,4,54,0,0,4,54,California
Calaveras,2020-12-21,55,109,48,102,7,7,0,0,55,109,0,0,55,109,California
Calaveras,2020-12-22,82,191,78,180,4,11,0,0,83,192,0,0,83,192,California
Calaveras,2020-12-23,76,267,74,254,2,13,0,0,76,268,0,0,76,268,California
Calaveras,2020-12-24,2,269,2,256,0,13,0,0,2,270,0,0,2,270,California
Calaveras,2020-12-26,3,272,3,259,0,13,0,0,3,273,0,0,3,273,California
Calaveras,2020-12-28,21,293,17,276,4,17,0,0,20,292,1,1,20,293,California
Calaveras,2020-12-29,158,451,138,414,20,37,0,0,158,450,0,1,158,451,California
Calaveras,2020-12-30,94,545,82,496,12,49,0,0,94,544,0,1,94,545,California
Calaveras,2020-12-31,37,582,26,522,11,60,0,0,37,581,0,1,37,582,California
Calaveras,2021-01-02,11,593,11,533,0,60,0,0,11,592,0,1,11,593,California
Calaveras,2021-01-03,10,603,4,537,6,66,0,0,10,602,0,1,10,603,California
Calaveras,2021-01-04,33,636,5,542,28,94,0,0,33,635,0,1,33,636,California
Calaveras,2021-01-05,40,676,9,551,31,125,0,0,31,662,9,10,36,672,California
Calaveras,2021-01-06,107,783,30,581,77,202,0,0,97,749,10,20,97,769,California
Calaveras,2021-01-07,105,888,26,607,79,281,0,0,92,831,11,31,93,862,California
Calaveras,2021-01-08,69,957,39,646,30,311,0,0,45,853,24,55,46,908,California
Calaveras,2021-01-09,5,962,5,651,0,311,0,0,2,852,3,58,2,910,California
Calaveras,2021-01-10,2,964,0,651,2,313,0,0,2,854,0,58,2,912,California
Calaveras,2021-01-11,65,1029,59,710,6,319,0,0,27,846,37,95,29,941,California
Calaveras,2021-01-12,86,1115,53,763,33,352,0,0,52,865,34,129,53,994,California
Calaveras,2021-01-13,111,1226,45,808,66,418,0,0,77,909,34,163,78,1072,California
Calaveras,2021-01-14,140,1366,43,851,97,515,0,0,107,985,32,195,108,1180,California
Calaveras,2021-01-15,92,1458,28,879,64,579,0,0,72,1037,20,215,72,1252,California
Calaveras,2021-01-16,13,1471,2,881,11,590,0,0,12,1048,1,216,12,1264,California
Calaveras,2021-01-17,9,1480,1,882,8,598,0,0,9,1057,0,216,9,1273,California
Calaveras,2021-01-18,133,1613,20,902,113,711,0,0,119,1165,14,230,122,1395,California
Calaveras,2021-01-19,206,1819,175,1077,31,742,0,0,69,1099,136,366,70,1465,California
Calaveras,2021-01-20,378,2197,82,1159,296,1038,0,0,290,1314,87,453,302,1767,California
Calaveras,2021-01-21,464,2661,41,1200,423,1461,0,0,428,1718,36,489,440,2207,California
Calaveras,2021-01-22,402,3063,23,1223,379,1840,0,0,391,2106,11,500,399,2606,California
Calaveras,2021-01-23,20,3083,8,1231,12,1852,0,0,19,2124,1,501,19,2625,California
Calaveras,2021-01-24,14,3097,8,1239,6,1858,0,0,12,2134,2,503,12,2637,California
Calaveras,2021-01-25,86,3183,8,1247,78,1936,0,0,81,2210,5,508,81,2718,California
Calaveras,2021-01-26,47,3230,15,1262,32,1968,0,0,39,2241,8,516,39,2757,California
Calaveras,2021-01-27,131,3361,44,1306,87,2055,0,0,102,2315,28,544,102,2859,California
Calaveras,2021-01-28,165,3526,25,1331,140,2195,0,0,140,2434,25,569,144,3003,California
Calaveras,2021-01-29,375,3901,12,1343,363,2558,0,0,346,2764,29,598,359,3362,California
Calaveras,2021-01-30,27,3928,10,1353,17,2575,0,0,25,2789,0,598,25,3387,California
Calaveras,2021-01-31,6,3934,4,1357,2,2577,0,0,5,2793,1,599,5,3392,California
Calaveras,2021-02-01,26,3960,11,1368,15,2592,0,0,17,2801,9,608,17,3409,California
Calaveras,2021-02-02,109,4069,22,1390,87,2679,0,0,71,2840,33,641,72,3481,California
Calaveras,2021-02-03,434,4503,44,1434,390,3069,0,0,349,3107,84,725,351,3832,California
Calaveras,2021-02-04,381,4884,25,1459,356,3425,0,0,296,3321,85,810,299,4131,California
Calaveras,2021-02-05,79,4963,22,1481,57,3482,0,0,41,3325,38,848,42,4173,California
Calaveras,2021-02-06,21,4984,12,1493,9,3491,0,0,21,3346,0,848,21,4194,California
Calaveras,2021-02-07,5,4989,1,1494,4,3495,0,0,2,3346,2,850,2,4196,California
Calaveras,2021-02-08,39,5028,18,1512,21,3516,0,0,31,3371,6,856,31,4227,California
Calaveras,2021-02-09,193,5221,77,1589,116,3632,0,0,131,3443,60,916,132,4359,California
Calaveras,2021-02-10,515,5736,31,1620,484,4116,0,0,441,3816,74,990,447,4806,California
Calaveras,2021-02-11,583,6319,81,1701,502,4618,0,0,472,4184,108,1098,476,5282,California
Calaveras,2021-02-12,569,6888,324,2025,245,4863,0,0,492,4604,75,1173,495,5777,California
Calaveras,2021-02-13,201,7089,45,2070,156,5019,0,0,186,4775,15,1188,186,5963,California
Calaveras,2021-02-14,221,7310,71,2141,150,5169,0,0,206,4967,14,1202,206,6169,California
Calaveras,2021-02-15,382,7692,23,2164,359,5528,0,0,262,5112,117,1319,262,6431,California
Calaveras,2021-02-16,269,7961,145,2309,124,5652,0,0,230,5306,39,1358,233,6664,California
Calaveras,2021-02-17,512,8473,38,2347,474,6126,0,0,208,5226,292,1650,212,6876,California
Calaveras,2021-02-18,498,8971,91,2438,407,6533,0,0,95,4937,385,2035,96,6972,California
Calaveras,2021-02-19,440,9411,43,2481,397,6930,0,0,98,4704,331,2366,98,7070,California
Calaveras,2021-02-20,59,9470,15,2496,44,6974,0,0,48,4741,11,2377,48,7118,California
Calaveras,2021-02-21,24,9494,14,2510,10,6984,0,0,18,4754,5,2382,18,7136,California
Calaveras,2021-02-22,62,9556,38,2548,24,7008,0,0,33,4758,29,2411,33,7169,California
Calaveras,2021-02-23,127,9683,42,2590,85,7093,0,0,91,4814,36,2447,92,7261,California
Calaveras,2021-02-24,97,9780,48,2638,49,7142,0,0,67,4852,29,2476,67,7328,California
Calaveras,2021-02-25,550,10330,100,2738,450,7592,0,0,354,5020,191,2667,359,7687,California
Calaveras,2021-02-26,750,11080,46,2784,704,8296,0,0,397,5085,333,3000,398,8085,California
Calaveras,2021-02-27,204,11284,22,2806,182,8478,0,0,180,5241,24,3024,180,8265,California
Calaveras,2021-02-28,97,11381,15,2821,82,8560,0,0,91,5327,5,3029,91,8356,California
Calaveras,2021-03-01,230,11611,41,2862,189,8749,0,0,146,5394,80,3109,147,8503,California
Calaveras,2021-03-02,250,11861,97,2959,153,8902,0,0,204,5556,43,3152,205,8708,California
Calaveras,2021-03-03,514,12375,104,3063,410,9312,0,0,212,5472,296,3448,212,8920,California
Calaveras,2021-03-04,746,13121,69,3132,676,9988,1,1,354,5445,383,3831,356,9276,California
Calaveras,2021-03-05,454,13575,271,3403,179,10167,4,5,140,5280,309,4140,144,9420,California
Calaveras,2021-03-06,154,13729,42,3445,106,10273,6,11,114,5360,40,4180,120,9540,California
Calaveras,2021-03-07,75,13804,32,3477,36,10309,7,18,34,5360,41,4221,41,9581,California
Calaveras,2021-03-08,164,13968,28,3505,128,10437,8,26,130,5465,33,4254,138,9719,California
Calaveras,2021-03-09,361,14329,137,3642,218,10655,6,32,32,5180,323,4577,38,9757,California
Calaveras,2021-03-10,419,14748,31,3673,385,11040,3,35,58,4887,354,4931,61,9818,California
Calaveras,2021-03-11,852,15600,424,4097,415,11455,13,48,433,4922,413,5344,448,10266,California
Calaveras,2021-03-12,403,16003,214,4311,179,11634,10,58,327,5190,75,5419,343,10609,California
Calaveras,2021-03-13,177,16180,16,4327,153,11787,8,66,139,5303,37,5456,150,10759,California
Calaveras,2021-03-14,156,16336,11,4338,144,11931,1,67,18,5191,138,5594,26,10785,California
Calaveras,2021-03-15,330,16666,48,4386,256,12187,26,93,52,4996,277,5871,82,10867,California
Calaveras,2021-03-16,689,17355,553,4939,116,12303,20,113,546,5421,141,6012,566,11433,California
Calaveras,2021-03-17,281,17636,53,4992,214,12517,14,127,50,5260,226,6238,65,11498,California
Calaveras,2021-03-18,665,18301,570,5562,79,12596,16,143,549,5711,116,6354,567,12065,California
Calaveras,2021-03-19,233,18534,51,5613,108,12704,74,217,59,5672,170,6524,131,12196,California
Calaveras,2021-03-20,81,18615,22,5635,58,12762,1,218,23,5639,58,6582,25,12221,California
Calaveras,2021-03-21,47,18662,30,5665,6,12768,11,229,12,5627,35,6617,23,12244,California
Calaveras,2021-03-22,79,18741,35,5700,23,12791,21,250,25,5619,54,6671,46,12290,California
Calaveras,2021-03-23,295,19036,204,5904,81,12872,10,260,117,5578,168,6839,127,12417,California
Calaveras,2021-03-24,134,19170,51,5955,73,12945,10,270,43,5542,89,6928,53,12470,California
Calaveras,2021-03-25,743,19913,103,6058,636,13581,4,274,446,5703,289,7217,450,12920,California
Calaveras,2021-03-26,428,20341,28,6086,394,13975,6,280,88,5462,337,7554,96,13016,California
Calaveras,2021-03-27,212,20553,19,6105,189,14164,4,284,37,5333,172,7726,43,13059,California
Calaveras,2021-03-28,111,20664,12,6117,97,14261,2,286,8,5242,102,7828,11,13070,California
Calaveras,2021-03-29,178,20842,24,6141,151,14412,3,289,58,5186,118,7946,62,13132,California
Calaveras,2021-03-30,539,21381,25,6166,497,14909,17,306,361,5387,177,8123,378,13510,California
Calaveras,2021-03-31,324,21705,142,6308,172,15081,10,316,157,5388,167,8290,168,13678,California
Calaveras,2021-04-01,686,22391,444,6752,241,15322,1,317,187,5083,496,8786,191,13869,California
Calaveras,2021-04-02,394,22785,231,6983,155,15477,8,325,117,4935,274,9060,126,13995,California
Calaveras,2021-04-03,144,22929,34,7017,106,15583,4,329,40,4875,104,9164,44,14039,California
Calaveras,2021-04-04,78,23007,25,7042,53,15636,0,329,49,4895,29,9193,49,14088,California
Calaveras,2021-04-05,212,23219,81,7123,121,15757,10,339,100,4893,112,9305,110,14198,California
Calaveras,2021-04-06,651,23870,573,7696,64,15821,14,353,111,4482,536,9841,125,14323,California
Calaveras,2021-04-07,754,24624,658,8354,60,15881,36,389,617,4999,137,9978,654,14977,California
Calaveras,2021-04-08,946,25570,855,9209,70,15951,21,410,436,4950,507,10485,458,15435,California
Calaveras,2021-04-09,154,25724,58,9267,48,15999,48,458,57,4960,96,10581,106,15541,California
Calaveras,2021-04-10,192,25916,44,9311,130,16129,18,476,150,5088,41,10622,169,15710,California
Calaveras,2021-04-11,69,25985,44,9355,23,16152,2,478,48,5117,21,10643,50,15760,California
Calaveras,2021-04-12,104,26089,47,9402,38,16190,19,497,55,5143,49,10692,75,15835,California
Calaveras,2021-04-13,423,26512,368,9770,55,16245,0,497,364,5451,58,10750,366,16201,California
Calaveras,2021-04-14,181,26693,28,9798,153,16398,0,497,135,5541,46,10796,136,16337,California
Calaveras,2021-04-15,336,27029,287,10085,49,16447,0,497,253,5714,80,10876,253,16590,California
Calaveras,2021-04-16,100,27129,25,10110,75,16522,0,497,47,5712,49,10925,47,16637,California
Calaveras,2021-04-17,332,27461,127,10237,205,16727,0,497,289,5958,43,10968,289,16926,California
Calaveras,2021-04-18,17,27478,5,10242,12,16739,0,497,10,5961,7,10975,10,16936,California
Calaveras,2021-04-19,72,27550,27,10269,45,16784,0,497,45,5981,26,11001,46,16982,California
Calaveras,2021-04-20,263,27813,93,10362,170,16954,0,497,196,6112,65,11066,196,17178,California
Calaveras,2021-04-21,218,28031,147,10509,71,17025,0,497,85,6067,131,11197,86,17264,California
Calaveras,2021-04-22,542,28573,96,10605,446,17471,0,497,141,5811,399,11596,143,17407,California
Calaveras,2021-04-23,159,28732,81,10686,78,17549,0,497,65,5785,91,11687,65,17472,California
Calaveras,2021-04-24,173,28905,37,10723,136,17685,0,497,130,5874,42,11729,131,17603,California
Calaveras,2021-04-25,43,28948,28,10751,15,17700,0,497,22,5877,21,11750,24,17627,California
Calaveras,2021-04-26,96,29044,59,10810,37,17737,0,497,28,5838,68,11818,29,17656,California
Calaveras,2021-04-27,425,29469,59,10869,353,18090,13,510,53,5535,369,12187,66,17722,California
Calaveras,2021-04-28,642,30111,574,11443,37,18127,31,541,52,5035,590,12777,90,17812,California
Calaveras,2021-04-29,511,30622,440,11883,52,18179,19,560,72,4693,438,13215,96,17908,California
Calaveras,2021-04-30,148,30770,59,11942,84,18263,5,565,66,4689,81,13296,77,17985,California
Calaveras,2021-05-01,198,30968,110,12052,86,18349,2,567,131,4760,66,13362,137,18122,California
Calaveras,2021-05-02,52,31020,35,12087,16,18365,1,568,20,4751,31,13393,22,18144,California
Calaveras,2021-05-03,93,31113,69,12156,19,18384,5,573,29,4725,64,13457,38,18182,California
Calaveras,2021-05-04,414,31527,329,12485,48,18432,37,610,42,4434,371,13828,80,18262,California
Calaveras,2021-05-05,110,31637,57,12542,21,18453,32,642,48,4452,61,13889,79,18341,California
Calaveras,2021-05-06,253,31890,194,12736,36,18489,23,665,47,4317,206,14095,71,18412,California
Calaveras,2021-05-07,84,31974,24,12760,54,18543,6,671,54,4347,30,14125,60,18472,California
Calaveras,2021-05-08,290,32264,141,12901,147,18690,2,673,92,4245,196,14321,94,18566,California
Calaveras,2021-05-09,28,32292,12,12913,13,18703,3,676,12,4244,16,14337,15,18581,California
Calaveras,2021-05-10,54,32346,24,12937,29,18732,1,677,23,4240,29,14366,25,18606,California
Calaveras,2021-05-11,128,32474,85,13022,31,18763,12,689,89,4304,38,14404,102,18708,California
Calaveras,2021-05-12,157,32631,37,13059,120,18883,0,689,44,4236,112,14516,44,18752,California
Calaveras,2021-05-13,113,32744,60,13119,38,18921,15,704,59,4257,53,14569,74,18826,California
Calaveras,2021-05-14,150,32894,93,13212,54,18975,3,707,101,4313,48,14617,104,18930,California
Calaveras,2021-05-15,266,33160,93,13305,170,19145,3,710,105,4266,155,14772,108,19038,California
Calaveras,2021-05-16,28,33188,11,13316,17,19162,0,710,13,4265,15,14787,14,19052,California
Calaveras,2021-05-17,88,33276,41,13357,40,19202,7,717,47,4280,40,14827,55,19107,California
Calaveras,2021-05-18,224,33500,60,13417,142,19344,22,739,72,4223,151,14978,94,19201,California
Calaveras,2021-05-19,147,33647,59,13476,83,19427,5,744,71,4225,75,15053,77,19278,California
Calaveras,2021-05-20,181,33828,72,13548,87,19514,22,766,60,4188,118,15171,81,19359,California
Calaveras,2021-05-21,77,33905,48,13596,26,19540,3,769,49,4213,27,15198,52,19411,California
Calaveras,2021-05-22,275,34180,150,13746,125,19665,0,769,134,4208,139,15337,134,19545,California
Calaveras,2021-05-23,18,34198,15,13761,3,19668,0,769,10,4210,8,15345,10,19555,California
Calaveras,2021-05-24,67,34265,32,13793,20,19688,15,784,28,4215,39,15384,44,19599,California
Calaveras,2021-05-25,117,34382,46,13839,55,19743,16,800,56,4226,61,15445,72,19671,California
Calaveras,2021-05-26,120,34502,87,13926,29,19772,4,804,82,4274,37,15482,85,19756,California
Calaveras,2021-05-27,82,34584,43,13969,35,19807,4,808,26,4252,53,15535,31,19787,California
Calaveras,2021-05-28,78,34662,40,14009,34,19841,4,812,36,4250,42,15577,40,19827,California
Calaveras,2021-05-29,64,34726,20,14029,39,19880,5,817,30,4252,33,15610,35,19862,California
Calaveras,2021-05-30,33,34759,13,14042,15,19895,5,822,10,4244,23,15633,15,19877,California
Calaveras,2021-05-31,5,34764,0,14042,3,19898,2,824,0,4241,5,15638,2,19879,California
Calaveras,2021-06-01,73,34837,63,14105,5,19903,5,829,10,4193,63,15701,15,19894,California
Colusa,2020-12-18,1,1,1,1,0,0,0,0,1,1,0,0,1,1,California
Colusa,2020-12-21,2,3,2,3,0,0,0,0,2,3,0,0,2,3,California
Colusa,2020-12-22,10,13,10,13,0,0,0,0,10,13,0,0,10,13,California
Colusa,2020-12-23,10,23,10,23,0,0,0,0,10,23,0,0,10,23,California
Colusa,2020-12-24,2,25,1,24,1,1,0,0,2,25,0,0,2,25,California
Colusa,2020-12-27,1,26,1,25,0,1,0,0,1,26,0,0,1,26,California
Colusa,2020-12-28,7,33,3,28,4,5,0,0,7,33,0,0,7,33,California
Colusa,2020-12-29,11,44,8,36,3,8,0,0,11,44,0,0,11,44,California
Colusa,2020-12-30,50,94,13,49,37,45,0,0,50,94,0,0,50,94,California
Colusa,2020-12-31,18,112,1,50,17,62,0,0,18,112,0,0,18,112,California
Colusa,2021-01-04,4,116,0,50,4,66,0,0,4,116,0,0,4,116,California
Colusa,2021-01-05,67,183,1,51,66,132,0,0,67,183,0,0,67,183,California
Colusa,2021-01-06,15,198,9,60,6,138,0,0,15,198,0,0,15,198,California
Colusa,2021-01-07,38,236,4,64,34,172,0,0,37,234,1,1,37,235,California
Colusa,2021-01-08,9,245,7,71,2,174,0,0,8,241,1,2,8,243,California
Colusa,2021-01-09,2,247,1,72,1,175,0,0,2,243,0,2,2,245,California
Colusa,2021-01-10,1,248,0,72,1,176,0,0,1,244,0,2,1,246,California
Colusa,2021-01-11,12,260,6,78,6,182,0,0,7,246,5,7,7,253,California
Colusa,2021-01-12,11,271,9,87,2,184,0,0,6,247,5,12,6,259,California
Colusa,2021-01-13,21,292,13,100,8,192,0,0,13,252,8,20,13,272,California
Colusa,2021-01-14,35,327,28,128,7,199,0,0,33,283,2,22,33,305,California
Colusa,2021-01-15,42,369,5,133,37,236,0,0,40,321,2,24,40,345,California
Colusa,2021-01-16,12,381,1,134,11,247,0,0,11,331,1,25,11,356,California
Colusa,2021-01-17,3,384,2,136,1,248,0,0,2,332,1,26,2,358,California
Colusa,2021-01-18,4,388,0,136,4,252,0,0,4,336,0,26,4,362,California
Colusa,2021-01-19,9,397,8,144,1,253,0,0,5,337,4,30,5,367,California
Colusa,2021-01-20,115,512,101,245,14,267,0,0,102,426,13,43,102,469,California
Colusa,2021-01-21,56,568,41,286,15,282,0,0,55,480,1,44,55,524,California
Colusa,2021-01-22,40,608,17,303,23,305,0,0,35,510,5,49,35,559,California
Colusa,2021-01-23,35,643,6,309,29,334,0,0,35,545,0,49,35,594,California
Colusa,2021-01-25,7,650,0,309,7,341,0,0,7,552,0,49,7,601,California
Colusa,2021-01-26,8,658,5,314,3,344,0,0,5,554,3,52,5,606,California
Colusa,2021-01-27,109,767,31,345,78,422,0,0,107,659,2,54,107,713,California
Colusa,2021-01-28,79,846,46,391,33,455,0,0,72,724,7,61,72,785,California
Colusa,2021-01-29,42,888,7,398,35,490,0,0,41,764,1,62,41,826,California
Colusa,2021-01-30,27,915,4,402,23,513,0,0,27,791,0,62,27,853,California
Colusa,2021-01-31,7,922,7,409,0,513,0,0,7,798,0,62,7,860,California
Colusa,2021-02-01,27,949,10,419,17,530,0,0,22,815,5,67,22,882,California
Colusa,2021-02-02,43,992,9,428,34,564,0,0,37,846,6,73,37,919,California
Colusa,2021-02-03,69,1061,10,438,59,623,0,0,59,895,10,83,59,978,California
Colusa,2021-02-04,143,1204,81,519,62,685,0,0,115,982,28,111,115,1093,California
Colusa,2021-02-05,32,1236,8,527,24,709,0,0,29,1008,3,114,29,1122,California
Colusa,2021-02-06,285,1521,9,536,276,985,0,0,274,1271,11,125,274,1396,California
Colusa,2021-02-07,2,1523,1,537,1,986,0,0,0,1269,2,127,0,1396,California
Colusa,2021-02-08,40,1563,5,542,35,1021,0,0,37,1303,3,130,37,1433,California
Colusa,2021-02-09,231,1794,14,556,217,1238,0,0,176,1424,55,185,176,1609,California
Colusa,2021-02-10,116,1910,41,597,75,1313,0,0,73,1454,43,228,73,1682,California
Colusa,2021-02-11,98,2008,36,633,62,1375,0,0,73,1502,25,253,73,1755,California
Colusa,2021-02-12,118,2126,9,642,109,1484,0,0,79,1541,40,293,79,1834,California
Colusa,2021-02-13,60,2186,8,650,52,1536,0,0,52,1585,8,301,52,1886,California
Colusa,2021-02-14,21,2207,8,658,13,1549,0,0,15,1594,6,307,15,1901,California
Colusa,2021-02-15,46,2253,10,668,36,1585,0,0,39,1626,7,314,39,1940,California
Colusa,2021-02-16,67,2320,4,672,63,1648,0,0,66,1691,1,315,66,2006,California
Colusa,2021-02-17,206,2526,143,815,63,1711,0,0,60,1605,146,461,60,2066,California
Colusa,2021-02-18,135,2661,35,850,100,1811,0,0,112,1694,23,484,112,2178,California
Colusa,2021-02-19,155,2816,19,869,136,1947,0,0,129,1797,26,510,129,2307,California
Colusa,2021-02-20,28,2844,6,875,22,1969,0,0,12,1793,16,526,12,2319,California
Colusa,2021-02-21,1,2845,1,876,0,1969,0,0,0,1792,1,527,0,2319,California
Colusa,2021-02-22,43,2888,26,902,17,1986,0,0,29,1807,14,541,29,2348,California
Colusa,2021-02-23,23,2911,7,909,16,2002,0,0,18,1820,5,546,18,2366,California
Colusa,2021-02-24,302,3213,54,963,248,2250,0,0,160,1838,142,688,160,2526,California
Colusa,2021-02-25,102,3315,55,1018,47,2297,0,0,66,1868,36,724,66,2592,California
Colusa,2021-02-26,100,3415,14,1032,86,2383,0,0,60,1888,40,764,60,2652,California
Colusa,2021-02-27,55,3470,4,1036,51,2434,0,0,40,1913,15,779,40,2692,California
Colusa,2021-02-28,26,3496,14,1050,12,2446,0,0,17,1921,9,788,17,2709,California
Colusa,2021-03-01,46,3542,15,1065,31,2477,0,0,29,1933,17,805,29,2738,California
Colusa,2021-03-02,49,3591,13,1078,36,2513,0,0,26,1936,23,828,26,2764,California
Colusa,2021-03-03,242,3833,43,1121,199,2712,0,0,185,2064,57,885,185,2949,California
Colusa,2021-03-04,138,3971,58,1179,80,2792,0,0,79,2084,59,944,79,3028,California
Colusa,2021-03-05,98,4069,25,1204,64,2856,9,9,53,2101,45,989,62,3090,California
Colusa,2021-03-06,274,4343,9,1213,265,3121,0,9,37,1901,237,1226,37,3127,California
Colusa,2021-03-07,8,4351,5,1218,3,3124,0,9,6,1905,2,1228,6,3133,California
Colusa,2021-03-08,89,4440,21,1239,33,3157,35,44,45,1941,44,1272,80,3213,California
Colusa,2021-03-09,277,4717,75,1314,179,3336,23,67,86,1859,191,1463,109,3322,California
Colusa,2021-03-10,289,5006,37,1351,216,3552,36,103,203,2012,86,1549,239,3561,California
Colusa,2021-03-11,420,5426,60,1411,339,3891,21,124,339,2289,81,1630,358,3919,California
Colusa,2021-03-12,109,5535,18,1429,78,3969,13,137,19,2231,90,1720,32,3951,California
Colusa,2021-03-13,61,5596,16,1445,36,4005,9,146,18,2215,43,1763,27,3978,California
Colusa,2021-03-14,20,5616,0,1445,18,4023,2,148,6,2210,13,1776,8,3986,California
Colusa,2021-03-15,71,5687,27,1472,36,4059,8,156,15,2177,56,1832,23,4009,California
Colusa,2021-03-16,297,5984,16,1488,235,4294,46,202,189,2304,108,1940,235,4244,California
Colusa,2021-03-17,195,6179,50,1538,145,4439,0,202,108,2325,87,2027,108,4352,California
Colusa,2021-03-18,324,6503,37,1575,216,4655,71,273,201,2474,123,2150,272,4624,California
Colusa,2021-03-19,78,6581,20,1595,56,4711,2,275,53,2504,25,2175,55,4679,California
Colusa,2021-03-20,49,6630,7,1602,41,4752,1,276,36,2528,13,2188,37,4716,California
Colusa,2021-03-21,6,6636,4,1606,2,4754,0,276,4,2530,2,2190,4,4720,California
Colusa,2021-03-22,62,6698,10,1616,43,4797,9,285,40,2557,22,2212,49,4769,California
Colusa,2021-03-23,82,6780,16,1632,64,4861,2,287,55,2587,27,2239,57,4826,California
Colusa,2021-03-24,340,7120,57,1689,277,5138,6,293,68,2388,272,2511,73,4899,California
Colusa,2021-03-25,107,7227,58,1747,44,5182,5,298,51,2388,56,2567,56,4955,California
Colusa,2021-03-26,300,7527,47,1794,249,5431,4,302,247,2586,53,2620,251,5206,California
Colusa,2021-03-27,63,7590,5,1799,58,5489,0,302,25,2573,38,2658,25,5231,California
Colusa,2021-03-28,16,7606,7,1806,9,5498,0,302,8,2573,8,2666,8,5239,California
Colusa,2021-03-29,72,7678,20,1826,46,5544,6,308,32,2571,40,2706,38,5277,California
Colusa,2021-03-30,152,7830,83,1909,67,5611,2,310,72,2566,80,2786,75,5352,California
Colusa,2021-03-31,234,8064,42,1951,192,5803,0,310,74,2481,159,2945,74,5426,California
Colusa,2021-04-01,432,8496,72,2023,305,6108,55,365,309,2722,122,3067,363,5789,California
Colusa,2021-04-02,82,8578,13,2036,55,6163,14,379,38,2730,44,3111,52,5841,California
Colusa,2021-04-03,61,8639,10,2046,28,6191,23,402,14,2719,47,3158,36,5877,California
Colusa,2021-04-04,18,8657,0,2046,8,6199,10,412,3,2717,15,3173,13,5890,California
Colusa,2021-04-05,96,8753,26,2072,55,6254,15,427,39,2714,57,3230,54,5944,California
Colusa,2021-04-06,130,8883,35,2107,45,6299,50,477,43,2721,87,3317,94,6038,California
Colusa,2021-04-07,356,9239,39,2146,294,6593,23,500,130,2649,226,3543,154,6192,California
Colusa,2021-04-08,430,9669,34,2180,369,6962,27,527,123,2496,304,3847,151,6343,California
Colusa,2021-04-09,77,9746,21,2201,32,6994,24,551,28,2499,49,3896,52,6395,California
Colusa,2021-04-10,45,9791,9,2210,15,7009,21,572,12,2499,33,3929,33,6428,California
Colusa,2021-04-11,16,9807,3,2213,11,7020,2,574,8,2501,8,3937,10,6438,California
Colusa,2021-04-12,31,9838,3,2216,28,7048,0,574,24,2518,7,3944,24,6462,California
Colusa,2021-04-13,279,10117,22,2238,257,7305,0,574,94,2428,184,4128,94,6556,California
Colusa,2021-04-14,95,10212,19,2257,76,7381,0,574,35,2402,61,4189,35,6591,California
Colusa,2021-04-15,323,10535,45,2302,278,7659,0,574,132,2343,191,4380,132,6723,California
Colusa,2021-04-16,79,10614,11,2313,68,7727,0,574,35,2335,43,4423,35,6758,California
Colusa,2021-04-17,51,10665,7,2320,44,7771,0,574,29,2342,22,4445,29,6787,California
Colusa,2021-04-18,9,10674,2,2322,7,7778,0,574,7,2347,2,4447,7,6794,California
Colusa,2021-04-19,61,10735,22,2344,39,7817,0,574,17,2320,44,4491,17,6811,California
Colusa,2021-04-20,176,10911,32,2376,144,7961,0,574,129,2400,49,4540,129,6940,California
Colusa,2021-04-21,170,11081,59,2435,111,8072,0,574,110,2450,60,4600,110,7050,California
Colusa,2021-04-22,420,11501,27,2462,392,8464,1,575,216,2463,203,4803,216,7266,California
Colusa,2021-04-23,92,11593,17,2479,75,8539,0,575,36,2443,56,4859,36,7302,California
Colusa,2021-04-24,237,11830,19,2498,217,8756,1,576,205,2616,32,4891,205,7507,California
Colusa,2021-04-25,12,11842,6,2504,6,8762,0,576,8,2620,4,4895,8,7515,California
Colusa,2021-04-26,23,11865,5,2509,17,8779,1,577,6,2610,16,4911,6,7521,California
Colusa,2021-04-27,94,11959,23,2532,67,8846,4,581,43,2606,51,4962,47,7568,California
Colusa,2021-04-28,188,12147,26,2558,159,9005,3,584,139,2700,48,5010,142,7710,California
Colusa,2021-04-29,317,12464,27,2585,286,9291,4,588,48,2485,267,5277,52,7762,California
Colusa,2021-04-30,65,12529,18,2603,47,9338,0,588,41,2502,24,5301,41,7803,California
Colusa,2021-05-01,19,12548,8,2611,8,9346,3,591,9,2504,10,5311,12,7815,California
Colusa,2021-05-02,4,12552,1,2612,2,9348,1,592,2,2505,2,5313,3,7818,California
Colusa,2021-05-03,21,12573,7,2619,14,9362,0,592,6,2496,15,5328,6,7824,California
Colusa,2021-05-04,86,12659,51,2670,34,9396,1,593,64,2539,22,5350,65,7889,California
Colusa,2021-05-05,68,12727,16,2686,51,9447,1,594,33,2538,35,5385,34,7923,California
Colusa,2021-05-06,253,12980,16,2702,235,9682,2,596,110,2507,143,5528,112,8035,California
Colusa,2021-05-07,67,13047,5,2707,58,9740,4,600,31,2506,36,5564,35,8070,California
Colusa,2021-05-08,18,13065,5,2712,13,9753,0,600,9,2506,9,5573,9,8079,California
Colusa,2021-05-09,13,13078,5,2717,5,9758,3,603,6,2508,7,5580,9,8088,California
Colusa,2021-05-10,16,13094,7,2724,9,9767,0,603,6,2504,10,5590,6,8094,California
Colusa,2021-05-11,93,13187,34,2758,59,9826,0,603,50,2511,43,5633,50,8144,California
Colusa,2021-05-12,73,13260,32,2790,37,9863,4,607,21,2484,52,5685,25,8169,California
Colusa,2021-05-13,241,13501,22,2812,218,10081,1,608,76,2396,165,5850,77,8246,California
Colusa,2021-05-14,85,13586,18,2830,52,10133,15,623,33,2393,51,5901,48,8294,California
Colusa,2021-05-15,38,13624,9,2839,27,10160,2,625,20,2397,18,5919,22,8316,California
Colusa,2021-05-16,23,13647,6,2845,10,10170,7,632,11,2403,12,5931,18,8334,California
Colusa,2021-05-17,24,13671,4,2849,18,10188,2,634,12,2405,12,5943,14,8348,California
Colusa,2021-05-18,99,13770,24,2873,73,10261,2,636,43,2394,56,5999,45,8393,California
Colusa,2021-05-19,217,13987,44,2917,153,10414,20,656,68,2333,149,6148,88,8481,California
Colusa,2021-05-20,277,14264,32,2949,241,10655,4,660,68,2197,209,6357,73,8554,California
Colusa,2021-05-21,63,14327,21,2970,40,10695,2,662,31,2198,32,6389,33,8587,California
Colusa,2021-05-22,209,14536,19,2989,190,10885,0,662,27,2043,182,6571,27,8614,California
Colusa,2021-05-23,18,14554,8,2997,6,10891,4,666,6,2041,12,6583,10,8624,California
Colusa,2021-05-24,28,14582,4,3001,19,10910,5,671,17,2052,11,6594,22,8646,California
Colusa,2021-05-25,132,14714,74,3075,55,10965,3,674,50,2023,82,6676,53,8699,California
Colusa,2021-05-26,69,14783,25,3100,44,11009,0,674,31,2016,38,6714,31,8730,California
Colusa,2021-05-27,167,14950,14,3114,153,11162,0,674,50,1949,117,6831,50,8780,California
Colusa,2021-05-28,79,15029,26,3140,52,11214,1,675,39,1949,40,6871,40,8820,California
Colusa,2021-05-29,38,15067,21,3161,16,11230,1,676,30,1973,7,6878,31,8851,California
Colusa,2021-05-30,7,15074,1,3162,2,11232,4,680,1,1972,6,6884,5,8856,California
Colusa,2021-05-31,4,15078,0,3162,4,11236,0,680,1,1970,3,6887,1,8857,California
Colusa,2021-06-01,18,15096,4,3166,14,11250,0,680,12,1976,6,6893,12,8869,California
Contra Costa,2020-12-15,18,18,18,18,0,0,0,0,18,18,0,0,18,18,California
Contra Costa,2020-12-16,521,539,521,539,0,0,0,0,521,539,0,0,521,539,California
Contra Costa,2020-12-17,913,1452,913,1452,0,0,0,0,913,1452,0,0,913,1452,California
Contra Costa,2020-12-18,1599,3051,1598,3050,1,1,0,0,1599,3051,0,0,1599,3051,California
Contra Costa,2020-12-19,1105,4156,1104,4154,1,2,0,0,1105,4156,0,0,1105,4156,California
Contra Costa,2020-12-20,584,4740,583,4737,1,3,0,0,584,4740,0,0,584,4740,California
Contra Costa,2020-12-21,1662,6402,1660,6397,2,5,0,0,1662,6402,0,0,1662,6402,California
Contra Costa,2020-12-22,1677,8079,1571,7968,106,111,0,0,1677,8079,0,0,1677,8079,California
Contra Costa,2020-12-23,1618,9697,1370,9338,248,359,0,0,1618,9697,0,0,1618,9697,California
Contra Costa,2020-12-24,660,10357,338,9676,322,681,0,0,660,10357,0,0,660,10357,California
Contra Costa,2020-12-25,40,10397,18,9694,22,703,0,0,40,10397,0,0,40,10397,California
Contra Costa,2020-12-26,646,11043,133,9827,513,1216,0,0,646,11043,0,0,646,11043,California
Contra Costa,2020-12-27,240,11283,86,9913,154,1370,0,0,240,11283,0,0,240,11283,California
Contra Costa,2020-12-28,1842,13125,867,10780,975,2345,0,0,1842,13125,0,0,1842,13125,California
Contra Costa,2020-12-29,1832,14957,822,11602,1010,3355,0,0,1832,14957,0,0,1832,14957,California
Contra Costa,2020-12-30,2394,17351,1213,12815,1181,4536,0,0,2393,17350,1,1,2394,17351,California
Contra Costa,2020-12-31,917,18268,307,13122,610,5146,0,0,916,18266,0,1,916,18267,California
Contra Costa,2021-01-01,62,18330,24,13146,38,5184,0,0,62,18328,0,1,62,18329,California
Contra Costa,2021-01-02,339,18669,174,13320,165,5349,0,0,339,18667,0,1,339,18668,California
Contra Costa,2021-01-03,179,18848,121,13441,58,5407,0,0,178,18845,0,1,178,18846,California
Contra Costa,2021-01-04,1908,20756,1251,14692,657,6064,0,0,1888,20715,18,19,1888,20734,California
Contra Costa,2021-01-05,2106,22862,1258,15950,848,6912,0,0,1847,22305,258,277,1848,22582,California
Contra Costa,2021-01-06,3290,26152,2254,18204,1036,7948,0,0,2527,24078,757,1034,2530,25112,California
Contra Costa,2021-01-07,3102,29254,2062,20266,1040,8988,0,0,1887,24753,1212,2246,1887,26999,California
Contra Costa,2021-01-08,3396,32650,2396,22662,1000,9988,0,0,1829,25023,1562,3808,1832,28831,California
Contra Costa,2021-01-09,1587,34237,1136,23798,451,10439,0,0,747,24933,839,4647,749,29580,California
Contra Costa,2021-01-10,362,34599,291,24089,71,10510,0,0,155,24881,207,4854,155,29735,California
Contra Costa,2021-01-11,3837,38436,3146,27235,691,11201,0,0,2231,25509,1606,6460,2234,31969,California
Contra Costa,2021-01-12,3923,42359,2945,30180,978,12179,0,0,2593,26776,1330,7790,2597,34566,California
Contra Costa,2021-01-13,4735,47094,2942,33122,1793,13972,0,0,3783,29612,948,8738,3784,38350,California
Contra Costa,2021-01-14,4327,51421,1565,34687,2762,16734,0,0,3944,33173,383,9121,3944,42294,California
Contra Costa,2021-01-15,5348,56769,2463,37150,2885,19619,0,0,5022,37874,325,9446,5026,47320,California
Contra Costa,2021-01-16,1726,58495,557,37707,1169,20788,0,0,1651,39450,75,9521,1651,48971,California
Contra Costa,2021-01-17,1639,60134,975,38682,664,21452,0,0,1517,40848,122,9643,1520,50491,California
Contra Costa,2021-01-18,3216,63350,1266,39948,1950,23402,0,0,2591,42821,619,10262,2592,53083,California
Contra Costa,2021-01-19,7063,70413,3156,43104,3907,27309,0,0,6058,47882,1002,11264,6063,59146,California
Contra Costa,2021-01-20,6691,77104,4124,47228,2567,29876,0,0,5456,52112,1231,12495,5461,64607,California
Contra Costa,2021-01-21,6980,84084,3108,50336,3872,33748,0,0,6252,57650,722,13217,6260,70867,California
Contra Costa,2021-01-22,6395,90479,2719,53055,3676,37424,0,0,5534,62335,852,14069,5537,76404,California
Contra Costa,2021-01-23,2038,92517,360,53415,1678,39102,0,0,1778,63857,258,14327,1780,78184,California
Contra Costa,2021-01-24,1591,94108,218,53633,1373,40475,0,0,1444,65158,147,14474,1448,79632,California
Contra Costa,2021-01-25,6694,100802,3043,56676,3651,44126,0,0,5123,68716,1569,16043,5127,84759,California
Contra Costa,2021-01-26,8103,108905,4687,61363,3416,47542,0,0,6253,73132,1842,17885,6258,91017,California
Contra Costa,2021-01-27,8168,117073,5409,66772,2759,50301,0,0,6328,77636,1828,19713,6332,97349,California
Contra Costa,2021-01-28,7472,124545,4091,70863,3381,53682,0,0,5860,81894,1606,21319,5864,103213,California
Contra Costa,2021-01-29,7449,131994,3892,74755,3557,57239,0,0,6137,86725,1308,22627,6139,109352,California
Contra Costa,2021-01-30,2144,134138,660,75415,1484,58723,0,0,1738,88064,399,23026,1738,111090,California
Contra Costa,2021-01-31,648,134786,428,75843,220,58943,0,0,556,88531,89,23115,556,111646,California
Contra Costa,2021-02-01,5874,140660,4099,79942,1775,60718,0,0,3968,90604,1898,25013,3971,115617,California
Contra Costa,2021-02-02,7577,148237,5082,85024,2495,63213,0,0,5879,94787,1697,26710,5880,121497,California
Contra Costa,2021-02-03,8291,156528,5479,90503,2812,66025,0,0,5629,97764,2653,29363,5630,127127,California
Contra Costa,2021-02-04,7515,164043,3587,94090,3928,69953,0,0,5747,101748,1766,31129,5750,132877,California
Contra Costa,2021-02-05,8441,172484,4816,98906,3625,73578,0,0,5747,104808,2687,33816,5747,138624,California
Contra Costa,2021-02-06,3488,175972,2164,101070,1324,74902,0,0,2834,106990,653,34469,2835,141459,California
Contra Costa,2021-02-07,984,176956,713,101783,271,75173,0,0,605,107217,378,34847,605,142064,California
Contra Costa,2021-02-08,5861,182817,3471,105254,2390,77563,0,0,4374,110111,1481,36328,4375,146439,California
Contra Costa,2021-02-09,8687,191504,4795,110049,3892,81455,0,0,5794,113019,2887,39215,5795,152234,California
Contra Costa,2021-02-10,8653,200157,4660,114709,3993,85448,0,0,5365,115116,3272,42487,5369,157603,California
Contra Costa,2021-02-11,9341,209498,4219,118928,5122,90570,0,0,5270,116326,4065,46552,5275,162878,California
Contra Costa,2021-02-12,10099,219597,4628,123556,5471,96041,0,0,5465,117167,4627,51179,5468,168346,California
Contra Costa,2021-02-13,4894,224491,1371,124927,3523,99564,0,0,3408,119093,1483,52662,3409,171755,California
Contra Costa,2021-02-14,2099,226590,867,125794,1232,100796,0,0,1233,119462,864,53526,1233,172988,California
Contra Costa,2021-02-15,4470,231060,2476,128270,1994,102790,0,0,2340,119679,2124,55650,2341,175329,California
Contra Costa,2021-02-16,10430,241490,4915,133185,5515,108305,0,0,4649,118559,5773,61423,4653,179982,California
Contra Costa,2021-02-17,12308,253798,6153,139338,6155,114460,0,0,5646,117559,6647,68070,5647,185629,California
Contra Costa,2021-02-18,11492,265290,5979,145317,5513,119973,0,0,5335,116750,6146,74216,5337,190966,California
Contra Costa,2021-02-19,11424,276714,7117,152434,4307,124280,0,0,5186,115713,6224,80440,5187,196153,California
Contra Costa,2021-02-20,6473,283187,2916,155350,3557,127837,0,0,4581,118420,1876,82316,4583,200736,California
Contra Costa,2021-02-21,2277,285464,1723,157073,554,128391,0,0,1547,119238,729,83045,1547,202283,California
Contra Costa,2021-02-22,7602,293066,5148,162221,2454,130845,0,0,3504,118660,4084,87129,3506,205789,California
Contra Costa,2021-02-23,12107,305173,7440,169661,4667,135512,0,0,6105,118782,5988,93117,6110,211899,California
Contra Costa,2021-02-24,10598,315771,7777,177438,2821,138333,0,0,5122,118448,5459,98576,5125,217024,California
Contra Costa,2021-02-25,11532,327303,7257,184695,4275,142608,0,0,5239,117419,6272,104848,5243,222267,California
Contra Costa,2021-02-26,10774,338077,6801,191496,3973,146581,0,0,5342,117345,5417,110265,5343,227610,California
Contra Costa,2021-02-27,6798,344875,4372,195868,2426,149007,0,0,4262,119081,2528,112793,4264,231874,California
Contra Costa,2021-02-28,3817,348692,3138,199006,679,149686,0,0,3217,121702,597,113390,3218,235092,California
Contra Costa,2021-03-01,8249,356941,6213,205219,2031,151717,5,5,5087,123650,3146,116536,5094,240186,California
Contra Costa,2021-03-02,10656,367597,6818,212037,3837,155554,1,6,5712,124436,4928,121464,5714,245900,California
Contra Costa,2021-03-03,11328,378925,7117,219154,4210,159764,1,7,6388,125902,4925,126389,6391,252291,California
Contra Costa,2021-03-04,11988,390913,7168,226322,4819,164583,1,8,6233,126401,5735,132124,6234,258525,California
Contra Costa,2021-03-05,11514,402427,6921,233243,4586,169169,7,15,6623,128158,4873,136997,6630,265155,California
Contra Costa,2021-03-06,7507,409934,4207,237450,2990,172159,310,325,4912,130796,2582,139579,5220,270375,California
Contra Costa,2021-03-07,3836,413770,2459,239909,1315,173474,62,387,3156,133336,678,140257,3218,273593,California
Contra Costa,2021-03-08,8248,422018,3926,243835,4018,177492,304,691,5541,136489,2696,142953,5849,279442,California
Contra Costa,2021-03-09,11185,433203,5935,249770,4954,182446,296,987,5863,137338,5312,148265,6161,285603,California
Contra Costa,2021-03-10,12451,445654,6220,255990,4727,187173,1504,2491,5685,137762,6754,155019,7178,292781,California
Contra Costa,2021-03-11,12543,458197,6598,262588,5379,192552,566,3057,6407,138623,6112,161131,6973,299754,California
Contra Costa,2021-03-12,12675,470872,5230,267818,6882,199434,563,3620,6335,139195,6324,167455,6896,306650,California
Contra Costa,2021-03-13,7880,478752,3161,270979,4291,203725,428,4048,3130,138019,4731,172186,3555,310205,California
Contra Costa,2021-03-14,4454,483206,2638,273617,1327,205052,489,4537,1719,137499,2727,174913,2207,312412,California
Contra Costa,2021-03-15,9493,492699,5153,278770,3577,208629,763,5300,4765,138315,4711,179624,5527,317939,California
Contra Costa,2021-03-16,14375,507074,8567,287337,5400,214029,408,5708,7167,138704,7185,186809,7574,325513,California
Contra Costa,2021-03-17,15118,522192,10445,297782,4457,218486,216,5924,8568,140968,6527,193336,8791,334304,California
Contra Costa,2021-03-18,15478,537670,8636,306418,6358,224844,484,6408,8812,143630,6632,199968,9294,343598,California
Contra Costa,2021-03-19,15695,553365,9076,315494,5217,230061,1402,7810,8325,146010,7351,207319,9731,353329,California
Contra Costa,2021-03-20,10749,564114,6452,321946,3985,234046,312,8122,5155,145903,5575,212894,5468,358797,California
Contra Costa,2021-03-21,4563,568677,3989,325935,476,234522,98,8220,2098,145643,2455,215349,2195,360992,California
Contra Costa,2021-03-22,11652,580329,8800,334735,2597,237119,255,8475,7017,148295,4619,219968,7271,368263,California
Contra Costa,2021-03-23,15704,596033,10836,345571,4696,241815,172,8647,9122,151037,6553,226521,9295,377558,California
Contra Costa,2021-03-24,15082,611115,11770,357341,3098,244913,214,8861,9134,154473,5916,232437,9352,386910,California
Contra Costa,2021-03-25,15387,626502,12007,369348,3093,248006,287,9148,9423,158254,5927,238364,9708,396618,California
Contra Costa,2021-03-26,15118,641620,10864,380212,3852,251858,402,9550,8688,160936,6403,244767,9085,405703,California
Contra Costa,2021-03-27,10574,652194,6881,387093,3180,255038,513,10063,5625,162128,4939,249706,6131,411834,California
Contra Costa,2021-03-28,4239,656433,3028,390121,1158,256196,53,10116,1618,161190,2609,252315,1671,413505,California
Contra Costa,2021-03-29,10932,667365,8537,398658,2279,258475,116,10232,6954,164303,3959,256274,7072,420577,California
Contra Costa,2021-03-30,16829,684194,9209,407867,6266,264741,1354,11586,10380,169605,6429,262703,11731,432308,California
Contra Costa,2021-03-31,18068,702262,12656,420523,3969,268710,1443,13029,11383,175787,6641,269344,12823,445131,California
Contra Costa,2021-04-01,17631,719893,12324,432847,3917,272627,1390,14419,11439,182452,6162,275506,12827,457958,California
Contra Costa,2021-04-02,17543,737436,12931,445778,3583,276210,1029,15448,11624,189198,5907,281413,12653,470611,California
Contra Costa,2021-04-03,10887,748323,6502,452280,2830,279040,1555,17003,6222,192323,4651,286064,7776,478387,California
Contra Costa,2021-04-04,3348,751671,1327,453607,1425,280465,596,17599,844,191267,2496,288560,1440,479827,California
Contra Costa,2021-04-05,12139,763810,7923,461530,3236,283701,980,18579,6599,193321,5526,294086,7580,487407,California
Contra Costa,2021-04-06,17354,781164,12018,473548,3042,286743,2294,20873,9730,197741,7603,301689,12023,499430,California
Contra Costa,2021-04-07,18613,799777,12603,486151,3187,289930,2823,23696,10552,203113,8040,309729,13412,512842,California
Contra Costa,2021-04-08,18734,818511,12487,498638,3322,293252,2925,26621,10046,207422,8661,318390,12970,525812,California
Contra Costa,2021-04-09,18882,837393,12054,510692,4329,297581,2499,29120,10108,211284,8748,327138,12610,538422,California
Contra Costa,2021-04-10,10556,847949,3814,514506,2174,299755,4568,33688,3282,211867,7257,334395,7840,546262,California
Contra Costa,2021-04-11,3332,851281,1989,516495,686,300441,657,34345,1116,211429,2210,336605,1772,548034,California
Contra Costa,2021-04-12,11938,863219,7884,524379,2983,303424,1071,35416,5610,211804,6313,342918,6688,554722,California
Contra Costa,2021-04-13,17799,881018,10923,535302,6869,310293,7,35423,11861,217763,5914,348832,11873,566595,California
Contra Costa,2021-04-14,17583,898601,11042,546344,6540,316833,1,35424,9711,219632,7846,356678,9715,576310,California
Contra Costa,2021-04-15,17504,916105,10744,557088,6759,323592,1,35425,8096,218370,9378,366056,8116,584426,California
Contra Costa,2021-04-16,16873,932978,10531,567619,6340,329932,2,35427,7569,216668,9280,375336,7578,592004,California
Contra Costa,2021-04-17,11441,944419,6290,573909,5151,335083,0,35427,6131,217511,5295,380631,6138,598142,California
Contra Costa,2021-04-18,2748,947167,2119,576028,629,335712,0,35427,1780,218332,959,381590,1780,599922,California
Contra Costa,2021-04-19,11383,958550,8508,584536,2875,338587,0,35427,3574,214125,7783,389373,3576,603498,California
Contra Costa,2021-04-20,16661,975211,10826,595362,5835,344422,0,35427,6241,209981,10389,399762,6245,609743,California
Contra Costa,2021-04-21,17334,992545,14141,609503,3192,347614,1,35428,6159,205011,11137,410899,6167,615910,California
Contra Costa,2021-04-22,17152,1009697,13882,623385,3268,350882,2,35430,6051,200003,11070,421969,6062,621972,California
Contra Costa,2021-04-23,16997,1026694,13501,636886,3496,354378,0,35430,5483,194014,11480,433449,5491,627463,California
Contra Costa,2021-04-24,10932,1037626,8429,645315,2502,356880,1,35431,4182,191471,6729,440178,4186,631649,California
Contra Costa,2021-04-25,3250,1040876,2191,647506,1057,357937,2,35433,2056,192338,1194,441372,2061,633710,California
Contra Costa,2021-04-26,9797,1050673,8204,655710,1569,359506,24,35457,2866,188327,6913,448285,2902,636612,California
Contra Costa,2021-04-27,14474,1065147,10598,666308,3718,363224,158,35615,3881,181805,10571,458856,4049,640661,California
Contra Costa,2021-04-28,13849,1078996,10765,677073,2797,366021,287,35902,3459,175202,10356,469212,3753,644414,California
Contra Costa,2021-04-29,13034,1092030,10084,687157,2780,368801,170,36072,2841,168050,10168,479380,3016,647430,California
Contra Costa,2021-04-30,13696,1105726,10792,697949,2647,371448,257,36329,3100,160848,10563,489943,3361,650791,California
Contra Costa,2021-05-01,8028,1113754,5854,703803,1850,373298,324,36653,1917,156998,6091,496034,2241,653032,California
Contra Costa,2021-05-02,2339,1116093,1590,705393,668,373966,81,36734,995,156740,1334,497368,1076,654108,California
Contra Costa,2021-05-03,9115,1125208,8017,713410,923,374889,175,36909,1926,151671,7174,504542,2105,656213,California
Contra Costa,2021-05-04,14074,1139282,12142,725552,1602,376491,330,37239,2289,142530,11760,516302,2619,658832,California
Contra Costa,2021-05-05,12511,1151793,10787,736339,1524,378015,200,37439,2401,135048,10084,526386,2602,661434,California
Contra Costa,2021-05-06,10292,1162085,8540,744879,1417,379432,335,37774,1948,129020,8319,534705,2291,663725,California
Contra Costa,2021-05-07,9626,1171711,7738,752617,1664,381096,224,37998,2221,124090,7372,542077,2442,666167,California
Contra Costa,2021-05-08,5287,1176998,3981,756598,1138,382234,168,38166,1250,121492,4020,546097,1422,667589,California
Contra Costa,2021-05-09,2103,1179101,1773,758371,270,382504,60,38226,456,120367,1643,547740,518,668107,California
Contra Costa,2021-05-10,4928,1184029,3947,762318,763,383267,218,38444,1345,118368,3561,551301,1562,669669,California
Contra Costa,2021-05-11,8695,1192724,4523,766841,3943,387210,229,38673,1710,113347,6966,558267,1945,671614,California
Contra Costa,2021-05-12,9010,1201734,4570,771411,4194,391404,246,38919,1551,107715,7434,565701,1802,673416,California
Contra Costa,2021-05-13,11311,1213045,7470,778881,3658,395062,183,39102,3940,104493,7345,573046,4123,677539,California
Contra Costa,2021-05-14,12113,1225158,8059,786940,3775,398837,279,39381,5013,102712,7073,580119,5292,682831,California
Contra Costa,2021-05-15,9954,1235112,7216,794156,2619,401456,119,39500,4388,101669,5552,585671,4509,687340,California
Contra Costa,2021-05-16,2428,1237540,2119,796275,264,401720,45,39545,1088,101468,1334,587005,1133,688473,California
Contra Costa,2021-05-17,7011,1244551,5659,801934,1182,402902,170,39715,3594,101836,3397,590402,3765,692238,California
Contra Costa,2021-05-18,10186,1254737,6961,808895,3009,405911,216,39931,4487,100871,5671,596073,4706,696944,California
Contra Costa,2021-05-19,8427,1263164,6817,815712,1419,407330,191,40122,4081,100822,4327,600400,4278,701222,California
Contra Costa,2021-05-20,6557,1269721,5194,820906,1186,408516,177,40299,3267,100995,3270,603670,3443,704665,California
Contra Costa,2021-05-21,6421,1276142,4897,825803,1332,409848,192,40491,2919,100632,3475,607145,3112,707777,California
Contra Costa,2021-05-22,4500,1280642,3552,829355,792,410640,156,40647,2136,100578,2349,609494,2295,710072,California
Contra Costa,2021-05-23,921,1281563,608,829963,267,410907,46,40693,431,100569,487,609981,478,710550,California
Contra Costa,2021-05-24,4607,1286170,3802,833765,627,411534,178,40871,2169,100492,2427,612408,2350,712900,California
Contra Costa,2021-05-25,6208,1292378,5056,838821,905,412439,247,41118,2657,99860,3535,615943,2903,715803,California
Contra Costa,2021-05-26,5565,1297943,3560,842381,1820,414259,185,41303,1959,98423,3582,619525,2145,717948,California
Contra Costa,2021-05-27,3776,1301719,2647,845028,947,415206,182,41485,1667,98177,2092,621617,1846,719794,California
Contra Costa,2021-05-28,5241,1306960,3648,848676,1427,416633,166,41651,2159,97439,3061,624678,2323,722117,California
Contra Costa,2021-05-29,3122,1310082,1994,850670,1014,417647,114,41765,1524,97491,1587,626265,1639,723756,California
Contra Costa,2021-05-30,897,1310979,568,851238,300,417947,29,41794,353,97333,540,626805,382,724138,California
Contra Costa,2021-05-31,365,1311344,258,851496,94,418041,13,41807,129,97240,235,627040,142,724280,California
Contra Costa,2021-06-01,3352,1314696,2626,854122,615,418656,111,41918,1046,96104,2293,629333,1157,725437,California
Del Norte,2020-12-21,23,23,23,23,0,0,0,0,23,23,0,0,23,23,California
Del Norte,2020-12-22,45,68,45,68,0,0,0,0,45,68,0,0,45,68,California
Del Norte,2020-12-23,58,126,48,116,10,10,0,0,56,124,0,0,56,124,California
Del Norte,2020-12-28,34,160,34,150,0,10,0,0,34,158,0,0,34,158,California
Del Norte,2020-12-29,4,164,4,154,0,10,0,0,4,162,0,0,4,162,California
Del Norte,2020-12-30,67,231,55,209,12,22,0,0,68,230,0,0,68,230,California
Del Norte,2020-12-31,16,247,13,222,3,25,0,0,16,246,0,0,16,246,California
Del Norte,2021-01-04,102,349,49,271,53,78,0,0,102,348,0,0,102,348,California
Del Norte,2021-01-05,33,382,0,271,33,111,0,0,32,380,1,1,33,381,California
Del Norte,2021-01-06,77,459,18,289,59,170,0,0,77,457,0,1,77,458,California
Del Norte,2021-01-07,21,480,1,290,20,190,0,0,21,478,0,1,21,479,California
Del Norte,2021-01-08,77,557,7,297,70,260,0,0,77,555,0,1,77,556,California
Del Norte,2021-01-11,40,597,21,318,19,279,0,0,18,552,22,23,19,575,California
Del Norte,2021-01-12,50,647,31,349,19,298,0,0,30,562,20,43,30,605,California
Del Norte,2021-01-13,86,733,40,389,46,344,0,0,53,582,33,76,53,658,California
Del Norte,2021-01-14,52,785,14,403,38,382,0,0,46,622,6,82,46,704,California
Del Norte,2021-01-15,107,892,18,421,89,471,0,0,95,705,12,94,95,799,California
Del Norte,2021-01-17,1,893,1,422,0,471,0,0,1,706,0,94,1,800,California
Del Norte,2021-01-18,2,895,0,422,2,473,0,0,2,708,0,94,2,802,California
Del Norte,2021-01-19,119,1014,56,478,63,536,0,0,77,743,42,136,77,879,California
Del Norte,2021-01-20,159,1173,84,562,75,611,0,0,96,777,62,198,96,975,California
Del Norte,2021-01-21,43,1216,40,602,3,614,0,0,32,798,11,209,32,1007,California
Del Norte,2021-01-22,20,1236,17,619,3,617,0,0,13,804,7,216,13,1020,California
Del Norte,2021-01-23,1,1237,0,619,1,618,0,0,1,805,0,216,1,1021,California
Del Norte,2021-01-24,1,1238,0,619,1,619,0,0,1,806,0,216,1,1022,California
Del Norte,2021-01-25,100,1338,82,701,18,637,0,0,56,818,44,260,56,1078,California
Del Norte,2021-01-26,18,1356,11,712,7,644,0,0,7,814,11,271,7,1085,California
Del Norte,2021-01-27,64,1420,21,733,43,687,0,0,61,872,3,274,61,1146,California
Del Norte,2021-01-28,292,1712,20,753,272,959,0,0,287,1154,5,279,287,1433,California
Del Norte,2021-01-29,61,1773,21,774,40,999,0,0,43,1179,18,297,43,1476,California
Del Norte,2021-01-30,8,1781,1,775,7,1006,0,0,8,1187,0,297,8,1484,California
Del Norte,2021-02-01,41,1822,1,776,40,1046,0,0,26,1198,15,312,26,1510,California
Del Norte,2021-02-02,141,1963,34,810,107,1153,0,0,73,1204,67,379,73,1583,California
Del Norte,2021-02-03,126,2089,40,850,86,1239,0,0,71,1220,55,434,71,1654,California
Del Norte,2021-02-04,71,2160,29,879,42,1281,0,0,42,1233,29,463,42,1696,California
Del Norte,2021-02-05,184,2344,22,901,162,1443,0,0,119,1288,64,527,119,1815,California
Del Norte,2021-02-06,310,2654,4,905,306,1749,0,0,310,1598,0,527,310,2125,California
Del Norte,2021-02-07,1,2655,0,905,1,1750,0,0,1,1599,0,527,1,2126,California
Del Norte,2021-02-08,36,2691,1,906,35,1785,0,0,32,1627,4,531,32,2158,California
Del Norte,2021-02-09,8,2699,5,911,3,1788,0,0,2,1623,6,537,2,2160,California
Del Norte,2021-02-10,142,2841,20,931,122,1910,0,0,85,1652,56,593,85,2245,California
Del Norte,2021-02-11,177,3018,59,990,118,2028,0,0,64,1603,113,706,64,2309,California
Del Norte,2021-02-12,121,3139,14,1004,107,2135,0,0,67,1616,54,760,67,2376,California
Del Norte,2021-02-13,2,3141,1,1005,1,2136,0,0,2,1618,0,760,2,2378,California
Del Norte,2021-02-14,3,3144,1,1006,2,2138,0,0,2,1619,1,761,2,2380,California
Del Norte,2021-02-15,4,3148,0,1006,4,2142,0,0,2,1619,2,763,2,2382,California
Del Norte,2021-02-16,132,3280,1,1007,131,2273,0,0,13,1513,119,882,13,2395,California
Del Norte,2021-02-17,92,3372,20,1027,72,2345,0,0,25,1471,67,949,25,2420,California
Del Norte,2021-02-18,77,3449,24,1051,53,2398,0,0,51,1496,26,975,51,2471,California
Del Norte,2021-02-19,43,3492,17,1068,26,2424,0,0,33,1519,10,985,33,2504,California
Del Norte,2021-02-20,8,3500,5,1073,3,2427,0,0,6,1523,2,987,6,2510,California
Del Norte,2021-02-22,2,3502,0,1073,2,2429,0,0,2,1525,0,987,2,2512,California
Del Norte,2021-02-23,107,3609,89,1162,18,2447,0,0,31,1481,76,1063,32,2544,California
Del Norte,2021-02-24,152,3761,98,1260,54,2501,0,0,79,1487,73,1136,79,2623,California
Del Norte,2021-02-25,477,4238,131,1391,346,2847,0,0,213,1438,262,1398,213,2836,California
Del Norte,2021-02-26,214,4452,177,1568,37,2884,0,0,168,1560,46,1444,168,3004,California
Del Norte,2021-02-27,149,4601,143,1711,5,2889,1,1,141,1694,8,1452,142,3146,California
Del Norte,2021-02-28,3,4604,0,1711,3,2892,0,1,3,1697,0,1452,3,3149,California
Del Norte,2021-03-01,29,4633,2,1713,27,2919,0,1,4,1677,24,1476,4,3153,California
Del Norte,2021-03-02,222,4855,142,1855,80,2999,0,1,188,1831,34,1510,188,3341,California
Del Norte,2021-03-03,167,5022,99,1954,68,3067,0,1,126,1916,41,1551,126,3467,California
Del Norte,2021-03-04,120,5142,83,2037,37,3104,0,1,91,1979,28,1579,91,3558,California
Del Norte,2021-03-05,121,5263,11,2048,110,3214,0,1,73,2004,48,1627,73,3631,California
Del Norte,2021-03-06,464,5727,77,2125,338,3552,49,50,163,1873,301,1928,170,3801,California
Del Norte,2021-03-07,2,5729,1,2126,1,3553,0,50,1,1873,1,1929,1,3802,California
Del Norte,2021-03-08,28,5757,1,2127,25,3578,2,52,5,1857,23,1952,7,3809,California
Del Norte,2021-03-09,194,5951,113,2240,78,3656,3,55,183,2032,11,1963,186,3995,California
Del Norte,2021-03-10,233,6184,96,2336,109,3765,28,83,134,2095,99,2062,162,4157,California
Del Norte,2021-03-11,151,6335,55,2391,91,3856,5,88,103,2155,48,2110,108,4265,California
Del Norte,2021-03-12,178,6513,89,2480,89,3945,0,88,125,2227,53,2163,125,4390,California
Del Norte,2021-03-13,94,6607,93,2573,1,3946,0,88,91,2315,3,2166,91,4481,California
Del Norte,2021-03-14,1,6608,0,2573,1,3947,0,88,1,2315,1,2167,1,4482,California
Del Norte,2021-03-15,39,6647,0,2573,38,3985,1,89,34,2345,5,2172,35,4517,California
Del Norte,2021-03-16,281,6928,135,2708,146,4131,0,89,260,2584,21,2193,260,4777,California
Del Norte,2021-03-17,282,7210,95,2803,185,4316,2,91,168,2640,114,2307,170,4947,California
Del Norte,2021-03-18,285,7495,107,2910,175,4491,3,94,149,2657,135,2442,152,5099,California
Del Norte,2021-03-19,268,7763,160,3070,102,4593,6,100,91,2577,177,2619,97,5196,California
Del Norte,2021-03-20,157,7920,154,3224,3,4596,0,100,15,2450,142,2761,15,5211,California
Del Norte,2021-03-21,4,7924,2,3226,2,4598,0,100,2,2450,2,2763,2,5213,California
Del Norte,2021-03-22,43,7967,3,3229,39,4637,1,101,39,2487,3,2766,40,5253,California
Del Norte,2021-03-23,335,8302,164,3393,153,4790,18,119,164,2499,169,2935,181,5434,California
Del Norte,2021-03-24,396,8698,107,3500,249,5039,40,159,235,2613,161,3096,275,5709,California
Del Norte,2021-03-25,192,8890,88,3588,104,5143,0,159,84,2590,107,3203,84,5793,California
Del Norte,2021-03-26,234,9124,113,3701,121,5264,0,159,197,2750,37,3240,197,5990,California
Del Norte,2021-03-27,107,9231,86,3787,4,5268,17,176,17,2694,90,3330,34,6024,California
Del Norte,2021-03-28,4,9235,2,3789,2,5270,0,176,1,2692,3,3333,1,6025,California
Del Norte,2021-03-29,57,9292,6,3795,34,5304,17,193,32,2716,25,3358,49,6074,California
Del Norte,2021-03-30,340,9632,119,3914,210,5514,11,204,128,2643,212,3570,139,6213,California
Del Norte,2021-03-31,354,9986,100,4014,237,5751,17,221,198,2704,154,3724,215,6428,California
Del Norte,2021-04-01,164,10150,58,4072,72,5823,34,255,69,2713,94,3818,103,6531,California
Del Norte,2021-04-02,232,10382,79,4151,104,5927,49,304,49,2629,183,4001,99,6630,California
Del Norte,2021-04-03,108,10490,83,4234,2,5929,23,327,5,2555,102,4103,28,6658,California
Del Norte,2021-04-04,4,10494,0,4234,0,5929,4,331,0,2555,4,4107,4,6662,California
Del Norte,2021-04-05,47,10541,5,4239,38,5967,4,335,40,2592,7,4114,44,6706,California
Del Norte,2021-04-06,379,10920,120,4359,222,6189,37,372,146,2547,229,4343,184,6890,California
Del Norte,2021-04-07,437,11357,115,4474,261,6450,61,433,291,2753,146,4489,352,7242,California
Del Norte,2021-04-08,228,11585,54,4528,106,6556,68,501,105,2804,123,4612,174,7416,California
Del Norte,2021-04-09,207,11792,46,4574,84,6640,77,578,100,2873,106,4718,175,7591,California
Del Norte,2021-04-10,47,11839,26,4600,4,6644,17,595,27,2897,20,4738,44,7635,California
Del Norte,2021-04-11,12,11851,3,4603,2,6646,7,602,2,2896,10,4748,9,7644,California
Del Norte,2021-04-12,27,11878,1,4604,9,6655,17,619,1,2889,25,4773,18,7662,California
Del Norte,2021-04-13,298,12176,50,4654,248,6903,0,619,155,2901,143,4916,155,7817,California
Del Norte,2021-04-14,327,12503,23,4677,304,7207,0,619,138,2855,189,5105,143,7960,California
Del Norte,2021-04-15,164,12667,31,4708,133,7340,0,619,45,2782,119,5224,46,8006,California
Del Norte,2021-04-16,161,12828,40,4748,121,7461,0,619,59,2740,102,5326,60,8066,California
Del Norte,2021-04-17,104,12932,72,4820,32,7493,0,619,99,2834,5,5331,99,8165,California
Del Norte,2021-04-18,5,12937,4,4824,1,7494,0,619,4,2837,1,5332,4,8169,California
Del Norte,2021-04-19,50,12987,6,4830,44,7538,0,619,8,2803,42,5374,8,8177,California
Del Norte,2021-04-20,208,13195,40,4870,168,7706,0,619,73,2741,135,5509,73,8250,California
Del Norte,2021-04-21,288,13483,23,4893,265,7971,0,619,63,2583,224,5733,66,8316,California
Del Norte,2021-04-22,114,13597,15,4908,99,8070,0,619,62,2593,52,5785,62,8378,California
Del Norte,2021-04-23,153,13750,22,4930,131,8201,0,619,40,2520,113,5898,40,8418,California
Del Norte,2021-04-24,25,13775,14,4944,11,8212,0,619,20,2535,5,5903,20,8438,California
Del Norte,2021-04-25,2,13777,0,4944,2,8214,0,619,2,2537,0,5903,2,8440,California
Del Norte,2021-04-26,31,13808,0,4944,31,8245,0,619,9,2524,22,5925,9,8449,California
Del Norte,2021-04-27,181,13989,19,4963,157,8402,5,624,49,2446,132,6057,54,8503,California
Del Norte,2021-04-28,351,14340,100,5063,246,8648,5,629,63,2228,287,6344,69,8572,California
Del Norte,2021-04-29,93,14433,6,5069,83,8731,4,633,26,2191,67,6411,30,8602,California
Del Norte,2021-04-30,83,14516,6,5075,67,8798,10,643,44,2206,39,6450,54,8656,California
Del Norte,2021-05-01,8,14524,3,5078,5,8803,0,643,6,2210,2,6452,6,8662,California
Del Norte,2021-05-02,8,14532,0,5078,8,8811,0,643,8,2218,0,6452,8,8670,California
Del Norte,2021-05-03,40,14572,3,5081,34,8845,3,646,2,2186,37,6489,5,8675,California
Del Norte,2021-05-04,221,14793,36,5117,180,9025,5,651,46,2063,174,6663,51,8726,California
Del Norte,2021-05-05,231,15024,19,5136,204,9229,8,659,56,1952,175,6838,64,8790,California
Del Norte,2021-05-06,111,15135,24,5160,74,9303,13,672,26,1906,85,6923,39,8829,California
Del Norte,2021-05-07,152,15287,29,5189,119,9422,4,676,32,1822,120,7043,36,8865,California
Del Norte,2021-05-08,64,15351,55,5244,7,9429,2,678,6,1772,58,7101,8,8873,California
Del Norte,2021-05-09,9,15360,3,5247,3,9432,3,681,2,1770,7,7108,5,8878,California
Del Norte,2021-05-10,25,15385,3,5250,18,9450,4,685,15,1779,10,7118,19,8897,California
Del Norte,2021-05-11,170,15555,49,5299,119,9569,2,687,33,1677,137,7255,35,8932,California
Del Norte,2021-05-12,148,15703,23,5322,115,9684,10,697,27,1594,120,7375,37,8969,California
Del Norte,2021-05-13,60,15763,29,5351,30,9714,1,698,32,1599,28,7403,33,9002,California
Del Norte,2021-05-14,77,15840,27,5378,49,9763,1,699,42,1607,35,7438,43,9045,California
Del Norte,2021-05-15,81,15921,53,5431,28,9791,0,699,53,1632,28,7466,53,9098,California
Del Norte,2021-05-16,11,15932,0,5431,11,9802,0,699,11,1643,0,7466,11,9109,California
Del Norte,2021-05-17,27,15959,3,5434,20,9822,4,703,15,1650,12,7478,19,9128,California
Del Norte,2021-05-18,126,16085,68,5502,57,9879,1,704,80,1685,46,7524,81,9209,California
Del Norte,2021-05-19,96,16181,14,5516,66,9945,16,720,38,1681,58,7582,54,9263,California
Del Norte,2021-05-20,98,16279,31,5547,64,10009,3,723,39,1665,58,7640,42,9305,California
Del Norte,2021-05-21,78,16357,32,5579,42,10051,4,727,41,1673,37,7677,45,9350,California
Del Norte,2021-05-22,21,16378,7,5586,14,10065,0,727,8,1668,13,7690,8,9358,California
Del Norte,2021-05-23,11,16389,4,5590,7,10072,0,727,4,1665,7,7697,4,9362,California
Del Norte,2021-05-24,29,16418,11,5601,17,10089,1,728,18,1674,10,7707,19,9381,California
Del Norte,2021-05-25,45,16463,7,5608,30,10119,8,736,14,1667,29,7736,22,9403,California
Del Norte,2021-05-26,113,16576,36,5644,71,10190,6,742,52,1665,60,7796,58,9461,California
Del Norte,2021-05-27,64,16640,22,5666,38,10228,4,746,30,1665,34,7830,34,9495,California
Del Norte,2021-05-28,51,16691,10,5676,37,10265,4,750,11,1640,40,7870,15,9510,California
Del Norte,2021-05-29,9,16700,0,5676,4,10269,5,755,3,1642,6,7876,8,9518,California
Del Norte,2021-05-30,7,16707,1,5677,6,10275,0,755,2,1639,5,7881,2,9520,California
Del Norte,2021-05-31,4,16711,2,5679,2,10277,0,755,3,1641,1,7882,3,9523,California
Del Norte,2021-06-01,35,16746,0,5679,29,10306,6,761,5,1622,30,7912,11,9534,California
El Dorado,2020-12-15,12,12,12,12,0,0,0,0,12,12,0,0,12,12,California
El Dorado,2020-12-16,40,52,40,52,0,0,0,0,40,52,0,0,40,52,California
El Dorado,2020-12-17,31,83,31,83,0,0,0,0,31,83,0,0,31,83,California
El Dorado,2020-12-18,239,322,239,322,0,0,0,0,239,322,0,0,239,322,California
El Dorado,2020-12-19,116,438,116,438,0,0,0,0,116,438,0,0,116,438,California
El Dorado,2020-12-20,85,523,85,523,0,0,0,0,85,523,0,0,85,523,California
El Dorado,2020-12-21,310,833,309,832,1,1,0,0,310,833,0,0,310,833,California
El Dorado,2020-12-22,238,1071,214,1046,24,25,0,0,238,1071,0,0,238,1071,California
El Dorado,2020-12-23,190,1261,141,1187,49,74,0,0,190,1261,0,0,190,1261,California
El Dorado,2020-12-24,88,1349,67,1254,21,95,0,0,88,1349,0,0,88,1349,California
El Dorado,2020-12-25,8,1357,8,1262,0,95,0,0,8,1357,0,0,8,1357,California
El Dorado,2020-12-26,45,1402,27,1289,18,113,0,0,45,1402,0,0,45,1402,California
El Dorado,2020-12-27,37,1439,33,1322,4,117,0,0,37,1439,0,0,37,1439,California
El Dorado,2020-12-28,213,1652,166,1488,47,164,0,0,213,1652,0,0,213,1652,California
El Dorado,2020-12-29,460,2112,143,1631,317,481,0,0,460,2112,0,0,460,2112,California
El Dorado,2020-12-30,505,2617,136,1767,369,850,0,0,505,2617,0,0,505,2617,California
El Dorado,2020-12-31,110,2727,70,1837,40,890,0,0,110,2727,0,0,110,2727,California
El Dorado,2021-01-01,7,2734,4,1841,3,893,0,0,7,2734,0,0,7,2734,California
El Dorado,2021-01-02,153,2887,141,1982,12,905,0,0,153,2887,0,0,153,2887,California
El Dorado,2021-01-03,92,2979,17,1999,75,980,0,0,92,2979,0,0,92,2979,California
El Dorado,2021-01-04,190,3169,62,2061,128,1108,0,0,190,3169,0,0,190,3169,California
El Dorado,2021-01-05,228,3397,72,2133,156,1264,0,0,212,3365,16,16,212,3381,California
El Dorado,2021-01-06,239,3636,167,2300,72,1336,0,0,175,3476,64,80,175,3556,California
El Dorado,2021-01-07,332,3968,137,2437,195,1531,0,0,261,3666,71,151,261,3817,California
El Dorado,2021-01-08,977,4945,503,2940,474,2005,0,0,771,4232,206,357,772,4589,California
El Dorado,2021-01-09,193,5138,156,3096,37,2042,0,0,125,4289,68,425,125,4714,California
El Dorado,2021-01-10,179,5317,128,3224,51,2093,0,0,109,4329,70,495,110,4824,California
El Dorado,2021-01-11,659,5976,293,3517,366,2459,0,0,459,4590,199,694,460,5284,California
El Dorado,2021-01-12,806,6782,423,3940,383,2842,0,0,557,4898,249,943,557,5841,California
El Dorado,2021-01-13,702,7484,298,4238,404,3246,0,0,541,5278,161,1104,541,6382,California
El Dorado,2021-01-14,792,8276,220,4458,572,3818,0,0,697,5880,95,1199,697,7079,California
El Dorado,2021-01-15,791,9067,184,4642,607,4425,0,0,719,6527,72,1271,719,7798,California
El Dorado,2021-01-16,173,9240,103,4745,70,4495,0,0,146,6646,27,1298,146,7944,California
El Dorado,2021-01-17,99,9339,46,4791,53,4548,0,0,82,6711,17,1315,82,8026,California
El Dorado,2021-01-18,423,9762,140,4931,283,4831,0,0,354,6996,69,1384,354,8380,California
El Dorado,2021-01-19,754,10516,453,5384,301,5132,0,0,604,7451,150,1534,605,8985,California
El Dorado,2021-01-20,1014,11530,689,6073,325,5457,0,0,901,8240,112,1646,901,9886,California
El Dorado,2021-01-21,1265,12795,678,6751,587,6044,0,0,1057,9130,167,1813,1057,10943,California
El Dorado,2021-01-22,1229,14024,834,7585,395,6439,0,0,1175,10252,53,1866,1175,12118,California
El Dorado,2021-01-23,737,14761,615,8200,122,6561,0,0,626,10767,111,1977,626,12744,California
El Dorado,2021-01-24,126,14887,76,8276,50,6611,0,0,107,10855,19,1996,107,12851,California
El Dorado,2021-01-25,700,15587,293,8569,407,7018,0,0,613,11381,87,2083,613,13464,California
El Dorado,2021-01-26,676,16263,365,8934,311,7329,0,0,573,11851,103,2186,573,14037,California
El Dorado,2021-01-27,992,17255,390,9324,602,7931,0,0,654,12166,339,2525,654,14691,California
El Dorado,2021-01-28,1106,18361,452,9776,654,8585,0,0,745,12550,361,2886,745,15436,California
El Dorado,2021-01-29,1044,19405,556,10332,488,9073,0,0,752,13012,291,3177,753,16189,California
El Dorado,2021-01-30,543,19948,291,10623,252,9325,0,0,446,13362,96,3273,446,16635,California
El Dorado,2021-01-31,236,20184,215,10838,21,9346,0,0,184,13495,51,3324,184,16819,California
El Dorado,2021-02-01,798,20982,368,11206,430,9776,0,0,653,14003,145,3469,653,17472,California
El Dorado,2021-02-02,839,21821,367,11573,472,10248,0,0,676,14516,163,3632,676,18148,California
El Dorado,2021-02-03,902,22723,476,12049,426,10674,0,0,690,14994,212,3844,690,18838,California
El Dorado,2021-02-04,1244,23967,701,12750,543,11217,0,0,872,15494,372,4216,872,19710,California
El Dorado,2021-02-05,1485,25452,599,13349,886,12103,0,0,862,15770,586,4802,862,20572,California
El Dorado,2021-02-06,638,26090,332,13681,306,12409,0,0,532,16197,106,4908,533,21105,California
El Dorado,2021-02-07,260,26350,178,13859,82,12491,0,0,196,16329,64,4972,196,21301,California
El Dorado,2021-02-08,884,27234,418,14277,466,12957,0,0,610,16665,274,5246,610,21911,California
El Dorado,2021-02-09,971,28205,546,14823,425,13382,0,0,540,16774,431,5677,540,22451,California
El Dorado,2021-02-10,1258,29463,735,15558,523,13905,0,0,665,16847,592,6269,665,23116,California
El Dorado,2021-02-11,2151,31614,889,16447,1262,15167,0,0,756,16212,1392,7661,757,23873,California
El Dorado,2021-02-12,1577,33191,825,17272,752,15919,0,0,676,15989,900,8561,677,24550,California
El Dorado,2021-02-13,979,34170,667,17939,312,16231,0,0,435,15883,541,9102,435,24985,California
El Dorado,2021-02-14,487,34657,155,18094,332,16563,0,0,400,16196,87,9189,400,25385,California
El Dorado,2021-02-15,1181,35838,383,18477,798,17361,0,0,818,16655,363,9552,822,26207,California
El Dorado,2021-02-16,1206,37044,532,19009,674,18035,0,0,671,16793,534,10086,672,26879,California
El Dorado,2021-02-17,953,37997,420,19429,533,18568,0,0,459,16760,494,10580,461,27340,California
El Dorado,2021-02-18,2094,40091,1020,20449,1074,19642,0,0,1059,16785,1034,11614,1059,28399,California
El Dorado,2021-02-19,1210,41301,643,21092,567,20209,0,0,676,16928,533,12147,676,29075,California
El Dorado,2021-02-20,925,42226,441,21533,484,20693,0,0,671,17350,249,12396,671,29746,California
El Dorado,2021-02-21,286,42512,229,21762,57,20750,0,0,101,17266,185,12581,101,29847,California
El Dorado,2021-02-22,875,43387,439,22201,436,21186,0,0,273,16938,601,13182,273,30120,California
El Dorado,2021-02-23,846,44233,473,22674,373,21559,0,0,338,16769,507,13689,338,30458,California
El Dorado,2021-02-24,1027,45260,438,23112,589,22148,0,0,425,16593,602,14291,426,30884,California
El Dorado,2021-02-25,1891,47151,1140,24252,751,22899,0,0,674,16059,1210,15501,676,31560,California
El Dorado,2021-02-26,2357,49508,1481,25733,876,23775,0,0,1586,16877,768,16269,1586,33146,California
El Dorado,2021-02-27,1664,51172,440,26173,1224,24999,0,0,1222,17660,439,16708,1222,34368,California
El Dorado,2021-02-28,594,51766,207,26380,387,25386,0,0,435,17937,159,16867,436,34804,California
El Dorado,2021-03-01,1134,52900,448,26828,684,26070,2,2,624,18054,509,17376,626,35430,California
El Dorado,2021-03-02,924,53824,269,27097,655,26725,0,2,484,18100,438,17814,484,35914,California
El Dorado,2021-03-03,1695,55519,466,27563,1229,27954,0,2,1158,18731,530,18344,1161,37075,California
El Dorado,2021-03-04,2516,58035,1549,29112,967,28921,0,2,1197,18612,1316,19660,1197,38272,California
El Dorado,2021-03-05,1585,59620,429,29541,1151,30072,5,7,1048,19134,531,20191,1053,39325,California
El Dorado,2021-03-06,741,60361,213,29754,493,30565,35,42,393,19215,347,20538,428,39753,California
El Dorado,2021-03-07,406,60767,197,29951,191,30756,18,60,242,19313,162,20700,260,40013,California
El Dorado,2021-03-08,1330,62097,365,30316,893,31649,72,132,861,19779,466,21166,932,40945,California
El Dorado,2021-03-09,989,63086,231,30547,691,32340,67,199,587,20046,387,21553,654,41599,California
El Dorado,2021-03-10,955,64041,346,30893,553,32893,56,255,551,20255,397,21950,606,42205,California
El Dorado,2021-03-11,3022,67063,1834,32727,1005,33898,183,438,1287,20010,1714,23664,1469,43674,California
El Dorado,2021-03-12,1793,68856,622,33349,923,34821,248,686,749,19983,1026,24690,999,44673,California
El Dorado,2021-03-13,1067,69923,344,33693,441,35262,282,968,375,19949,689,25379,655,45328,California
El Dorado,2021-03-14,795,70718,208,33901,475,35737,112,1080,279,19825,516,25895,392,45720,California
El Dorado,2021-03-15,1402,72120,304,34205,971,36708,127,1207,612,19779,786,26681,740,46460,California
El Dorado,2021-03-16,1224,73344,415,34620,664,37372,145,1352,573,19852,645,27326,718,47178,California
El Dorado,2021-03-17,1115,74459,351,34971,667,38039,97,1449,725,20284,389,27715,821,47999,California
El Dorado,2021-03-18,2999,77458,1774,36745,1180,39219,45,1494,1977,21292,1014,28729,2022,50021,California
El Dorado,2021-03-19,1119,78577,365,37110,607,39826,147,1641,641,21602,478,29207,788,50809,California
El Dorado,2021-03-20,949,79526,269,37379,663,40489,17,1658,369,21420,568,29775,386,51195,California
El Dorado,2021-03-21,1026,80552,419,37798,602,41091,5,1663,934,22269,90,29865,939,52134,California
El Dorado,2021-03-22,1507,82059,489,38287,936,42027,82,1745,1196,23241,306,30171,1278,53412,California
El Dorado,2021-03-23,1149,83208,452,38739,602,42629,95,1840,733,23664,405,30576,828,54240,California
El Dorado,2021-03-24,1459,84667,624,39363,639,43268,196,2036,664,23757,767,31343,860,55100,California
El Dorado,2021-03-25,2512,87179,1685,41048,724,43992,103,2139,1382,24119,1124,32467,1486,56586,California
El Dorado,2021-03-26,1821,89000,698,41746,1013,45005,110,2249,945,24322,853,33320,1056,57642,California
El Dorado,2021-03-27,1321,90321,188,41934,1129,46134,4,2253,334,23679,981,34301,338,57980,California
El Dorado,2021-03-28,636,90957,182,42116,444,46578,10,2263,203,23463,429,34730,213,58193,California
El Dorado,2021-03-29,1320,92277,433,42549,871,47449,16,2279,830,23822,487,35217,846,59039,California
El Dorado,2021-03-30,1364,93641,413,42962,858,48307,93,2372,684,23925,672,35889,775,59814,California
El Dorado,2021-03-31,1561,95202,582,43544,916,49223,63,2435,697,23822,862,36751,759,60573,California
El Dorado,2021-04-01,3239,98441,1769,45313,1387,50610,83,2518,1539,23748,1698,38449,1624,62197,California
El Dorado,2021-04-02,1891,100332,563,45876,1233,51843,95,2613,748,23456,1137,39586,845,63042,California
El Dorado,2021-04-03,752,101084,295,46171,335,52178,122,2735,231,23291,518,40104,353,63395,California
El Dorado,2021-04-04,272,101356,85,46256,140,52318,47,2782,98,23263,173,40277,145,63540,California
El Dorado,2021-04-05,1425,102781,425,46681,906,53224,94,2876,593,23122,827,41104,686,64226,California
El Dorado,2021-04-06,1416,104197,525,47206,670,53894,221,3097,453,22834,960,42064,672,64898,California
El Dorado,2021-04-07,1590,105787,559,47765,578,54472,453,3550,558,22814,1029,43093,1009,65907,California
El Dorado,2021-04-08,2684,108471,1731,49496,718,55190,235,3785,1119,22620,1556,44649,1362,67269,California
El Dorado,2021-04-09,1437,109908,454,49950,762,55952,221,4006,571,22551,863,45512,794,68063,California
El Dorado,2021-04-10,820,110728,224,50174,485,56437,111,4117,471,22787,346,45858,582,68645,California
El Dorado,2021-04-11,702,111430,454,50628,232,56669,16,4133,207,22516,494,46352,223,68868,California
El Dorado,2021-04-12,1278,112708,498,51126,631,57300,149,4282,560,22513,711,47063,708,69576,California
El Dorado,2021-04-13,1118,113826,609,51735,509,57809,0,4282,507,22413,607,47670,507,70083,California
El Dorado,2021-04-14,1088,114914,461,52196,626,58435,1,4283,388,22115,687,48357,389,70472,California
El Dorado,2021-04-15,2490,117404,1671,53867,819,59254,0,4283,954,21537,1533,49890,955,71427,California
El Dorado,2021-04-16,1467,118871,521,54388,946,60200,0,4283,603,21281,860,50750,604,72031,California
El Dorado,2021-04-17,792,119663,202,54590,590,60790,0,4283,492,21476,297,51047,492,72523,California
El Dorado,2021-04-18,991,120654,89,54679,902,61692,0,4283,395,21276,595,51642,395,72918,California
El Dorado,2021-04-19,1715,122369,438,55117,1277,62969,0,4283,690,20947,1019,52661,690,73608,California
El Dorado,2021-04-20,1110,123479,360,55477,750,63719,0,4283,461,20764,644,53305,461,74069,California
El Dorado,2021-04-21,1159,124638,466,55943,689,64408,4,4287,591,20796,560,53865,592,74661,California
El Dorado,2021-04-22,2549,127187,1679,57622,870,65278,0,4287,1067,20384,1479,55344,1067,75728,California
El Dorado,2021-04-23,1399,128586,491,58113,908,66186,0,4287,709,20407,687,56031,710,76438,California
El Dorado,2021-04-24,969,129555,516,58629,453,66639,0,4287,734,20908,233,56264,734,77172,California
El Dorado,2021-04-25,654,130209,450,59079,204,66843,0,4287,467,21188,187,56451,467,77639,California
El Dorado,2021-04-26,1141,131350,451,59530,673,67516,17,4304,537,21140,601,57052,553,78192,California
El Dorado,2021-04-27,1052,132402,375,59905,649,68165,28,4332,472,21066,574,57626,500,78692,California
El Dorado,2021-04-28,1033,133435,346,60251,647,68812,40,4372,403,20880,629,58255,443,79135,California
El Dorado,2021-04-29,1929,135364,1303,61554,594,69406,32,4404,538,20061,1389,59644,570,79705,California
El Dorado,2021-04-30,2120,137484,1331,62885,748,70154,41,4445,1359,20711,749,60393,1399,81104,California
El Dorado,2021-05-01,617,138101,282,63167,308,70462,27,4472,279,20686,331,60724,306,81410,California
El Dorado,2021-05-02,300,138401,214,63381,57,70519,29,4501,101,20619,196,60920,129,81539,California
El Dorado,2021-05-03,821,139222,402,63783,369,70888,50,4551,276,20403,543,61463,327,81866,California
El Dorado,2021-05-04,876,140098,431,64214,387,71275,58,4609,309,20207,563,62026,367,82233,California
El Dorado,2021-05-05,874,140972,432,64646,369,71644,73,4682,414,20236,458,62484,487,82720,California
El Dorado,2021-05-06,1113,142085,482,65128,584,72228,47,4729,473,20118,634,63118,516,83236,California
El Dorado,2021-05-07,978,143063,373,65501,547,72775,58,4787,399,19995,579,63697,456,83692,California
El Dorado,2021-05-08,484,143547,149,65650,298,73073,37,4824,186,19922,296,63993,223,83915,California
El Dorado,2021-05-09,218,143765,79,65729,112,73185,27,4851,100,19932,117,64110,127,84042,California
El Dorado,2021-05-10,828,144593,274,66003,495,73680,59,4910,241,19653,577,64687,298,84340,California
El Dorado,2021-05-11,660,145253,286,66289,320,74000,54,4964,290,19631,367,65054,345,84685,California
El Dorado,2021-05-12,585,145838,307,66596,243,74243,35,4999,235,19552,350,65404,271,84956,California
El Dorado,2021-05-13,1142,146980,732,67328,374,74617,36,5035,395,19240,742,66146,430,85386,California
El Dorado,2021-05-14,1400,148380,806,68134,510,75127,84,5119,681,19291,714,66860,765,86151,California
El Dorado,2021-05-15,896,149276,553,68687,287,75414,56,5175,313,19077,583,67443,369,86520,California
El Dorado,2021-05-16,658,149934,460,69147,172,75586,26,5201,231,18908,427,67870,258,86778,California
El Dorado,2021-05-17,1565,151499,662,69809,855,76441,48,5249,567,18528,994,68864,614,87392,California
El Dorado,2021-05-18,1012,152511,507,70316,451,76892,54,5303,445,18461,566,69430,499,87891,California
El Dorado,2021-05-19,810,153321,328,70644,430,77322,52,5355,315,18338,489,69919,366,88257,California
El Dorado,2021-05-20,1041,154362,602,71246,390,77712,49,5404,448,18245,590,70509,497,88754,California
El Dorado,2021-05-21,2170,156532,1662,72908,483,78195,25,5429,742,17589,1423,71932,767,89521,California
El Dorado,2021-05-22,570,157102,156,73064,397,78592,17,5446,191,17419,378,72310,208,89729,California
El Dorado,2021-05-23,191,157293,87,73151,85,78677,19,5465,62,17372,128,72438,81,89810,California
El Dorado,2021-05-24,867,158160,437,73588,363,79040,67,5532,305,17183,558,72996,369,90179,California
El Dorado,2021-05-25,584,158744,236,73824,315,79355,33,5565,223,17080,359,73355,256,90435,California
El Dorado,2021-05-26,773,159517,377,74201,376,79731,20,5585,291,16911,480,73835,311,90746,California
El Dorado,2021-05-27,605,160122,240,74441,331,80062,34,5619,299,16939,304,74139,332,91078,California
El Dorado,2021-05-28,701,160823,238,74679,406,80468,57,5676,294,16885,405,74544,351,91429,California
El Dorado,2021-05-29,372,161195,99,74778,257,80725,16,5692,156,16841,216,74760,172,91601,California
El Dorado,2021-05-30,169,161364,98,74876,56,80781,15,5707,78,16844,90,74850,93,91694,California
El Dorado,2021-05-31,30,161394,7,74883,15,80796,8,5715,6,16834,24,74874,14,91708,California
El Dorado,2021-06-01,232,161626,131,75014,88,80884,13,5728,59,16733,173,75047,72,91780,California
Fresno,2020-12-15,2,2,2,2,0,0,0,0,2,2,0,0,2,2,California
Fresno,2020-12-16,125,127,125,127,0,0,0,0,125,127,0,0,125,127,California
Fresno,2020-12-17,121,248,121,248,0,0,0,0,121,248,0,0,121,248,California
Fresno,2020-12-18,346,594,346,594,0,0,0,0,346,594,0,0,346,594,California
Fresno,2020-12-19,159,753,159,753,0,0,0,0,159,753,0,0,159,753,California
Fresno,2020-12-20,258,1011,256,1009,2,2,0,0,258,1011,0,0,258,1011,California
Fresno,2020-12-21,928,1939,926,1935,2,4,0,0,959,1970,0,0,959,1970,California
Fresno,2020-12-22,905,2844,875,2810,30,34,0,0,909,2879,0,0,909,2879,California
Fresno,2020-12-23,1091,3935,1049,3859,42,76,0,0,1092,3971,0,0,1092,3971,California
Fresno,2020-12-24,589,4524,563,4422,26,102,0,0,589,4560,0,0,589,4560,California
Fresno,2020-12-25,2,4526,1,4423,1,103,0,0,2,4562,0,0,2,4562,California
Fresno,2020-12-26,724,5250,715,5138,9,112,0,0,724,5286,0,0,724,5286,California
Fresno,2020-12-27,307,5557,208,5346,99,211,0,0,307,5593,0,0,307,5593,California
Fresno,2020-12-28,1091,6648,801,6147,290,501,0,0,1092,6685,0,0,1092,6685,California
Fresno,2020-12-29,1736,8384,991,7138,745,1246,0,0,1734,8418,1,1,1734,8419,California
Fresno,2020-12-30,955,9339,444,7582,511,1757,0,0,955,9373,0,1,955,9374,California
Fresno,2020-12-31,901,10240,309,7891,592,2349,0,0,900,10273,0,1,900,10274,California
Fresno,2021-01-01,9,10249,3,7894,6,2355,0,0,9,10282,0,1,9,10283,California
Fresno,2021-01-02,1029,11278,715,8609,314,2669,0,0,1029,11311,0,1,1029,11312,California
Fresno,2021-01-03,153,11431,128,8737,25,2694,0,0,153,11464,0,1,153,11465,California
Fresno,2021-01-04,620,12051,376,9113,244,2938,0,0,620,12084,0,1,620,12085,California
Fresno,2021-01-05,782,12833,313,9426,469,3407,0,0,708,12718,74,75,708,12793,California
Fresno,2021-01-06,986,13819,348,9774,638,4045,0,0,810,13352,176,251,810,13603,California
Fresno,2021-01-07,1895,15714,917,10691,978,5023,0,0,1642,14744,253,504,1645,15248,California
Fresno,2021-01-08,1789,17503,613,11304,1176,6199,0,0,1425,15807,362,866,1425,16673,California
Fresno,2021-01-09,634,18137,388,11692,246,6445,0,0,359,15891,275,1141,359,17032,California
Fresno,2021-01-10,518,18655,488,12180,30,6475,0,0,204,15781,314,1455,204,17236,California
Fresno,2021-01-11,2220,20875,1812,13992,408,6883,0,0,1526,16616,694,2149,1529,18765,California
Fresno,2021-01-12,2529,23404,1830,15822,699,7582,0,0,1678,17443,853,3002,1680,20445,California
Fresno,2021-01-13,3556,26960,2436,18258,1120,8702,0,0,2706,19302,850,3852,2709,23154,California
Fresno,2021-01-14,4137,31097,2183,20441,1954,10656,0,0,3666,22498,470,4322,3666,26820,California
Fresno,2021-01-15,3662,34759,2530,22971,1132,11788,0,0,3304,25448,358,4680,3308,30128,California
Fresno,2021-01-16,3152,37911,2309,25280,843,12631,0,0,2687,27672,464,5144,2688,32816,California
Fresno,2021-01-17,976,38887,555,25835,421,13052,0,0,778,28252,198,5342,778,33594,California
Fresno,2021-01-18,3079,41966,2371,28206,708,13760,0,0,2422,30021,655,5997,2424,36018,California
Fresno,2021-01-19,4406,46372,2620,30826,1786,15546,0,0,3692,33003,714,6711,3696,39714,California
Fresno,2021-01-20,3021,49393,1208,32034,1813,17359,0,0,2708,35403,311,7022,2711,42425,California
Fresno,2021-01-21,4395,53788,2033,34067,2362,19721,0,0,4034,39105,338,7360,4040,46465,California
Fresno,2021-01-22,3313,57101,1349,35416,1964,21685,0,0,2922,41654,374,7734,2923,49388,California
Fresno,2021-01-23,3049,60150,1974,37390,1075,22760,0,0,2326,43263,722,8456,2331,51719,California
Fresno,2021-01-24,559,60709,377,37767,182,22942,0,0,353,43412,206,8662,355,52074,California
Fresno,2021-01-25,2425,63134,866,38633,1559,24501,0,0,1873,44736,552,9214,1876,53950,California
Fresno,2021-01-26,2065,65199,586,39219,1479,25980,0,0,1319,45312,744,9958,1320,55270,California
Fresno,2021-01-27,2319,67518,1158,40377,1161,27141,0,0,1755,46507,563,10521,1758,57028,California
Fresno,2021-01-28,4527,72045,3049,43426,1478,28619,0,0,3475,48936,1049,11570,3478,60506,California
Fresno,2021-01-29,1711,73756,983,44409,728,29347,0,0,1411,50052,296,11866,1412,61918,California
Fresno,2021-01-30,1452,75208,550,44959,902,30249,0,0,1035,50670,417,12283,1035,62953,California
Fresno,2021-01-31,228,75436,219,45178,9,30258,0,0,74,50590,154,12437,74,63027,California
Fresno,2021-02-01,3347,78783,1673,46851,1674,31932,0,0,1787,50827,1559,13996,1796,64823,California
Fresno,2021-02-02,2723,81506,552,47403,2171,34103,0,0,1580,51294,1128,15124,1595,66418,California
Fresno,2021-02-03,3570,85076,2114,49517,1456,35559,0,0,1554,50848,2008,17132,1562,67980,California
Fresno,2021-02-04,4198,89274,1897,51414,2301,37860,0,0,1930,50545,2238,19370,1935,69915,California
Fresno,2021-02-05,5346,94620,2730,54144,2616,40476,0,0,2309,49826,3032,22402,2313,72228,California
Fresno,2021-02-06,2939,97559,2048,56192,891,41367,0,0,974,48841,1960,24362,975,73203,California
Fresno,2021-02-07,466,98025,284,56476,182,41549,0,0,272,48920,193,24555,272,73475,California
Fresno,2021-02-08,4279,102304,2292,58768,1987,43536,0,0,1815,48292,2452,27007,1824,75299,California
Fresno,2021-02-09,5343,107647,2090,60858,3253,46789,0,0,3127,49286,2142,29149,3136,78435,California
Fresno,2021-02-10,3894,111541,1233,62091,2661,49450,0,0,1996,49451,1846,30995,2011,80446,California
Fresno,2021-02-11,6460,118001,2095,64186,4365,53815,0,0,3361,49736,3081,34076,3366,83812,California
Fresno,2021-02-12,5400,123401,1384,65570,4016,57831,0,0,2738,49839,2643,36719,2746,86558,California
Fresno,2021-02-13,3757,127158,1562,67132,2195,60026,0,0,2086,50271,1660,38379,2092,88650,California
Fresno,2021-02-14,1563,128721,283,67415,1280,61306,0,0,838,50386,725,39104,840,89490,California
Fresno,2021-02-15,2895,131616,267,67682,2628,63934,0,0,1791,51081,1100,40204,1795,91285,California
Fresno,2021-02-16,6700,138316,2406,70088,4294,68228,0,0,4248,52900,2435,42639,4254,95539,California
Fresno,2021-02-17,5340,143656,2452,72540,2888,71116,0,0,2991,53591,2304,44943,2995,98534,California
Fresno,2021-02-18,6859,150515,2895,75435,3964,75080,0,0,2586,51959,4229,49172,2597,101131,California
Fresno,2021-02-19,3843,154358,1100,76535,2743,77823,0,0,1825,51781,2006,51178,1828,102959,California
Fresno,2021-02-20,4538,158896,2492,79027,2046,79869,0,0,3054,53363,1478,52656,3060,106019,California
Fresno,2021-02-21,191,159087,172,79199,19,79888,0,0,127,53440,50,52706,127,106146,California
Fresno,2021-02-22,2253,161340,1004,80203,1249,81137,0,0,1238,53675,1005,53711,1240,107386,California
Fresno,2021-02-23,4691,166031,2265,82468,2426,83563,0,0,3814,56626,865,54576,3816,111202,California
Fresno,2021-02-24,4212,170243,1503,83971,2709,86272,0,0,3457,59341,743,55319,3458,114660,California
Fresno,2021-02-25,8711,178954,3736,87707,4975,91247,0,0,7221,65144,1426,56745,7229,121889,California
Fresno,2021-02-26,9021,187975,3702,91409,5319,96566,0,0,7702,71557,1295,58040,7708,129597,California
Fresno,2021-02-27,7293,195268,3161,94570,4131,100697,1,1,6581,77445,696,58736,6584,136181,California
Fresno,2021-02-28,1656,196924,535,95105,1121,101818,0,1,1567,78936,77,58813,1568,137749,California
Fresno,2021-03-01,5079,202003,1310,96415,3769,105587,0,1,3677,81228,1389,60202,3681,141430,California
Fresno,2021-03-02,9859,211862,3384,99799,6475,112062,0,1,8475,88366,1360,61562,8498,149928,California
Fresno,2021-03-03,6953,218815,1703,101502,5249,117311,1,2,5938,93417,1002,62564,6053,155981,California
Fresno,2021-03-04,10453,229268,4119,105621,6334,123645,0,2,8714,100428,1711,64275,8722,164703,California
Fresno,2021-03-05,9208,238476,3634,109255,5572,129217,2,4,8015,107460,1060,65335,8092,172795,California
Fresno,2021-03-06,7007,245483,3945,113200,2944,132161,118,122,6015,112612,985,66320,6137,178932,California
Fresno,2021-03-07,1490,246973,681,113881,773,132934,36,158,1260,113682,227,66547,1297,180229,California
Fresno,2021-03-08,5278,252251,2026,115907,3101,136035,151,309,3988,116553,1279,67826,4150,184379,California
Fresno,2021-03-09,8635,260886,3794,119701,4570,140605,271,580,4654,117554,3960,71786,4961,189340,California
Fresno,2021-03-10,6852,267738,2868,122569,3592,144197,392,972,5384,121880,1459,73245,5785,195125,California
Fresno,2021-03-11,11630,279368,4584,127153,6480,150677,566,1538,6319,123556,5285,78530,6961,202086,California
Fresno,2021-03-12,12088,291456,5142,132295,6493,157170,453,1991,9071,130228,2996,81526,9668,211754,California
Fresno,2021-03-13,8368,299824,4063,136358,3272,160442,1033,3024,4047,131084,4300,85826,5156,216910,California
Fresno,2021-03-14,1770,301594,477,136835,1004,161446,289,3313,670,130954,1088,86914,958,217868,California
Fresno,2021-03-15,7136,308730,3182,140017,3781,165227,173,3486,4949,134090,2172,89086,5308,223176,California
Fresno,2021-03-16,10219,318949,4533,144550,5290,170517,396,3882,5427,135248,4760,93846,5918,229094,California
Fresno,2021-03-17,8677,327626,3934,148484,4052,174569,691,4573,5880,139429,2775,96621,6956,236050,California
Fresno,2021-03-18,12462,340088,6734,155218,5093,179662,635,5208,7070,142217,5342,101963,8130,244180,California
Fresno,2021-03-19,11195,351283,5882,161100,4699,184361,614,5822,6952,145864,4214,106177,7861,252041,California
Fresno,2021-03-20,7611,358894,4606,165706,2693,187054,312,6134,3806,146483,3775,109952,4394,256435,California
Fresno,2021-03-21,1777,360671,1204,166910,204,187258,369,6503,958,146996,815,110767,1328,257763,California
Fresno,2021-03-22,5670,366341,2895,169805,2179,189437,596,7099,3842,149822,1812,112579,4638,262401,California
Fresno,2021-03-23,10565,376906,5250,175055,4818,194255,497,7596,5070,150344,5474,118053,5996,268397,California
Fresno,2021-03-24,8874,385780,3838,178893,4204,198459,832,8428,4980,152353,3856,121909,5865,274262,California
Fresno,2021-03-25,12209,397989,5682,184575,5737,204196,790,9218,4766,150595,7396,129305,5638,279900,California
Fresno,2021-03-26,12246,410235,5457,190032,6142,210338,647,9865,4481,148032,7712,137017,5149,285049,California
Fresno,2021-03-27,9617,419852,4335,194367,4193,214531,1089,10954,2939,145423,6641,143658,4032,289081,California
Fresno,2021-03-28,3406,423258,1317,195684,1400,215931,689,11643,1280,145550,2118,145776,2245,291326,California
Fresno,2021-03-29,6001,429259,2008,197692,3442,219373,551,12194,2897,145934,3075,148851,3459,294785,California
Fresno,2021-03-30,10898,440157,4266,201958,5734,225107,898,13092,3848,143658,7022,155873,4746,299531,California
Fresno,2021-03-31,9702,449859,3389,205347,5325,230432,988,14080,3740,142467,5920,161793,4729,304260,California
Fresno,2021-04-01,12005,461864,4204,209551,6936,237368,865,14945,4011,139416,7891,169684,4840,309100,California
Fresno,2021-04-02,11795,473659,4571,214122,6434,243802,790,15735,4189,136975,7448,177132,5007,314107,California
Fresno,2021-04-03,6417,480076,3538,217660,2622,246424,257,15992,2160,135189,4240,181372,2454,316561,California
Fresno,2021-04-04,1493,481569,536,218196,912,247336,45,16037,548,134845,937,182309,593,317154,California
Fresno,2021-04-05,8342,489911,4474,222670,3066,250402,802,16839,2451,132299,5874,188183,3328,320482,California
Fresno,2021-04-06,9610,499521,4025,226695,4400,254802,1185,18024,3547,131037,6024,194207,4762,325244,California
Fresno,2021-04-07,10423,509944,5338,232033,3878,258680,1207,19231,3541,128990,6839,201046,4792,330036,California
Fresno,2021-04-08,10921,520865,5142,237175,4615,263295,1164,20395,3439,126218,7434,208480,4662,334698,California
Fresno,2021-04-09,11202,532067,5339,242514,4470,267765,1393,21788,3607,123712,7550,216030,5044,339742,California
Fresno,2021-04-10,7888,539955,5161,247675,2205,269970,522,22310,3677,123711,4199,220229,4198,343940,California
Fresno,2021-04-11,1388,541343,927,248602,372,270342,89,22399,447,123312,936,221165,537,344477,California
Fresno,2021-04-12,7171,548514,3768,252370,2479,272821,924,23323,2317,121725,4830,225995,3243,347720,California
Fresno,2021-04-13,8919,557433,4243,256613,4606,277427,70,23393,3459,119923,5426,231421,3624,351344,California
Fresno,2021-04-14,9448,566881,5736,262349,3711,281138,1,23394,3715,117994,5691,237112,3762,355106,California
Fresno,2021-04-15,8388,575269,4181,266530,4204,285342,3,23397,3154,115948,5206,242318,3160,358266,California
Fresno,2021-04-16,9376,584645,4629,271159,4745,290087,2,23399,3870,114356,5469,247787,3877,362143,California
Fresno,2021-04-17,5563,590208,3719,274878,1844,291931,0,23399,2641,114097,2902,250689,2643,364786,California
Fresno,2021-04-18,1029,591237,561,275439,468,292399,0,23399,473,114019,551,251240,473,365259,California
Fresno,2021-04-19,5532,596769,3018,278457,2511,294910,3,23402,2255,113039,3240,254480,2260,367519,California
Fresno,2021-04-20,6952,603721,3436,281893,3508,298418,8,23410,2623,111364,4307,258787,2632,370151,California
Fresno,2021-04-21,6385,610106,3530,285423,2847,301265,8,23418,2666,110356,3686,262473,2678,372829,California
Fresno,2021-04-22,6355,616461,3156,288579,3198,304463,1,23419,2313,108686,3987,266460,2317,375146,California
Fresno,2021-04-23,7105,623566,3822,292401,3265,307728,18,23437,2718,107106,4304,270764,2724,377870,California
Fresno,2021-04-24,4168,627734,2490,294891,1678,309406,0,23437,1922,106795,2233,272997,1922,379792,California
Fresno,2021-04-25,1372,629106,557,295448,813,310219,2,23439,689,106807,678,273675,690,380482,California
Fresno,2021-04-26,3938,633044,1975,297423,1918,312137,45,23484,1673,106290,2234,275909,1717,382199,California
Fresno,2021-04-27,4538,637582,2294,299717,2132,314269,112,23596,1800,105484,2718,278627,1912,384111,California
Fresno,2021-04-28,4714,642296,2623,302340,1962,316231,129,23725,1941,104803,2752,281379,2071,386182,California
Fresno,2021-04-29,4727,647023,2644,304984,1950,318181,133,23858,1765,103768,2933,284312,1898,388080,California
Fresno,2021-04-30,5400,652423,3282,308266,1982,320163,136,23994,2146,102827,3222,287534,2281,390361,California
Fresno,2021-05-01,4188,656611,3469,311735,580,320743,139,24133,1224,101241,2947,290481,1361,391722,California
Fresno,2021-05-02,1240,657851,770,312505,419,321162,51,24184,606,101275,622,291103,656,392378,California
Fresno,2021-05-03,4007,661858,2695,315200,1125,322287,187,24371,1293,100063,2688,293791,1476,393854,California
Fresno,2021-05-04,4830,666688,2502,317702,2176,324463,152,24523,1554,98520,3251,297042,1708,395562,California
Fresno,2021-05-05,4917,671605,2988,320690,1703,326166,226,24749,1543,96937,3349,300391,1766,397328,California
Fresno,2021-05-06,4113,675718,2528,323218,1480,327646,105,24854,1395,95747,2690,303081,1500,398828,California
Fresno,2021-05-07,4997,680715,3284,326502,1548,329194,165,25019,1555,94042,3421,306502,1716,400544,California
Fresno,2021-05-08,3884,684599,2484,328986,1253,330447,147,25166,1171,92667,2694,309196,1319,401863,California
Fresno,2021-05-09,680,685279,350,329336,287,330734,43,25209,338,92711,336,309532,380,402243,California
Fresno,2021-05-10,2949,688228,1581,330917,1227,331961,141,25350,920,91750,2022,311554,1061,403304,California
Fresno,2021-05-11,3613,691841,1842,332759,1681,333642,90,25440,1160,90559,2442,313996,1251,404555,California
Fresno,2021-05-12,3718,695559,2354,335113,1217,334859,147,25587,1343,89698,2352,316348,1491,406046,California
Fresno,2021-05-13,3605,699164,1953,337066,1545,336404,107,25694,1591,89420,1976,318324,1698,407744,California
Fresno,2021-05-14,5030,704194,3030,340096,1812,338216,188,25882,2142,88893,2857,321181,2330,410074,California
Fresno,2021-05-15,3572,707766,2669,342765,774,338990,129,26011,1818,89094,1745,322926,1946,412020,California
Fresno,2021-05-16,1431,709197,938,343703,459,339449,34,26045,798,89298,628,323554,832,412852,California
Fresno,2021-05-17,4107,713304,2755,346458,1190,340639,162,26207,2288,89958,1792,325346,2452,415304,California
Fresno,2021-05-18,4079,717383,2515,348973,1416,342055,148,26355,2133,90314,1923,327269,2279,417583,California
Fresno,2021-05-19,4190,721573,2632,351605,1402,343457,156,26511,2086,90473,2082,329351,2241,419824,California
Fresno,2021-05-20,3492,725065,2011,353616,1298,344755,183,26694,1612,90406,1861,331212,1794,421618,California
Fresno,2021-05-21,3805,728870,2456,356072,1254,346009,95,26789,1701,90122,2079,333291,1795,423413,California
Fresno,2021-05-22,3257,732127,2446,358518,644,346653,167,26956,1911,90866,1333,334624,2077,425490,California
Fresno,2021-05-23,540,732667,352,358870,158,346811,30,26986,298,90959,233,334857,326,425816,California
Fresno,2021-05-24,3172,735839,1988,360858,1067,347878,117,27103,1483,90895,1664,336521,1600,427416,California
Fresno,2021-05-25,3156,738995,1900,362758,1135,349013,121,27224,1364,90601,1780,338301,1486,428902,California
Fresno,2021-05-26,3207,742202,2121,364879,979,349992,107,27331,1633,90787,1551,339852,1737,430639,California
Fresno,2021-05-27,3073,745275,1872,366751,1105,351097,96,27427,1407,90643,1647,341499,1503,432142,California
Fresno,2021-05-28,3304,748579,2121,368872,1092,352189,91,27518,1807,91069,1473,342972,1899,434041,California
Fresno,2021-05-29,2192,750771,1588,370460,535,352724,69,27587,1169,91298,1009,343981,1238,435279,California
Fresno,2021-05-30,850,751621,515,370975,303,353027,32,27619,410,91316,424,344405,442,435721,California
Fresno,2021-05-31,310,751931,162,371137,138,353165,10,27629,129,91277,177,344582,138,435859,California
Fresno,2021-06-01,1620,753551,938,372075,616,353781,66,27695,547,90830,1060,345642,613,436472,California
Glenn,2020-12-17,1,1,1,1,0,0,0,0,1,1,0,0,1,1,California
Glenn,2020-12-19,1,2,1,2,0,0,0,0,1,2,0,0,1,2,California
Glenn,2020-12-20,1,3,1,3,0,0,0,0,1,3,0,0,1,3,California
Glenn,2020-12-21,11,14,11,14,0,0,0,0,11,14,0,0,11,14,California
Glenn,2020-12-22,59,73,59,73,0,0,0,0,59,73,0,0,59,73,California
Glenn,2020-12-23,28,101,28,101,0,0,0,0,28,101,0,0,28,101,California
Glenn,2020-12-24,9,110,9,110,0,0,0,0,9,110,0,0,9,110,California
Glenn,2020-12-26,2,112,2,112,0,0,0,0,2,112,0,0,2,112,California
Glenn,2020-12-27,4,116,4,116,0,0,0,0,4,116,0,0,4,116,California
Glenn,2020-12-28,21,137,21,137,0,0,0,0,21,137,0,0,21,137,California
Glenn,2020-12-29,82,219,82,219,0,0,0,0,82,219,0,0,82,219,California
Glenn,2020-12-30,129,348,106,325,23,23,0,0,129,348,0,0,129,348,California
Glenn,2020-12-31,38,386,9,334,29,52,0,0,38,386,0,0,38,386,California
Glenn,2021-01-02,2,388,2,336,0,52,0,0,2,388,0,0,2,388,California
Glenn,2021-01-04,7,395,5,341,2,54,0,0,7,395,0,0,7,395,California
Glenn,2021-01-05,9,404,8,349,1,55,0,0,9,404,0,0,9,404,California
Glenn,2021-01-06,60,464,8,357,52,107,0,0,60,464,0,0,60,464,California
Glenn,2021-01-07,67,531,12,369,55,162,0,0,65,527,2,2,65,529,California
Glenn,2021-01-08,12,543,9,378,3,165,0,0,12,539,0,2,12,541,California
Glenn,2021-01-10,1,544,1,379,0,165,0,0,0,538,1,3,0,541,California
Glenn,2021-01-11,30,574,30,409,0,165,0,0,12,532,18,21,12,553,California
Glenn,2021-01-12,42,616,37,446,5,170,0,0,14,518,28,49,14,567,California
Glenn,2021-01-13,221,837,156,602,65,235,0,0,177,651,44,93,177,744,California
Glenn,2021-01-14,117,954,28,630,89,324,0,0,107,748,10,103,107,851,California
Glenn,2021-01-15,42,996,35,665,7,331,0,0,37,780,5,108,37,888,California
Glenn,2021-01-16,33,1029,14,679,19,350,0,0,23,793,10,118,23,911,California
Glenn,2021-01-17,4,1033,2,681,2,352,0,0,2,793,2,120,2,913,California
Glenn,2021-01-18,17,1050,16,697,1,353,0,0,9,794,8,128,9,922,California
Glenn,2021-01-19,30,1080,20,717,10,363,0,0,13,790,17,145,13,935,California
Glenn,2021-01-20,163,1243,94,811,69,432,0,0,82,791,81,226,82,1017,California
Glenn,2021-01-21,124,1367,98,909,26,458,0,0,30,727,94,320,30,1047,California
Glenn,2021-01-22,338,1705,64,973,274,732,0,0,331,1051,7,327,331,1378,California
Glenn,2021-01-23,14,1719,7,980,7,739,0,0,12,1061,2,329,12,1390,California
Glenn,2021-01-24,2,1721,2,982,0,739,0,0,2,1063,0,329,2,1392,California
Glenn,2021-01-25,27,1748,9,991,18,757,0,0,24,1084,3,332,24,1416,California
Glenn,2021-01-26,29,1777,13,1004,16,773,0,0,23,1101,6,338,23,1439,California
Glenn,2021-01-27,188,1965,13,1017,175,948,0,0,166,1245,22,360,166,1605,California
Glenn,2021-01-28,146,2111,8,1025,138,1086,0,0,116,1331,30,390,116,1721,California
Glenn,2021-01-29,296,2407,12,1037,284,1370,0,0,282,1599,14,404,282,2003,California
Glenn,2021-01-30,4,2411,0,1037,4,1374,0,0,4,1603,0,404,4,2007,California
Glenn,2021-01-31,1,2412,0,1037,1,1375,0,0,1,1604,0,404,1,2008,California
Glenn,2021-02-01,28,2440,10,1047,18,1393,0,0,16,1608,12,416,16,2024,California
Glenn,2021-02-02,28,2468,13,1060,15,1408,0,0,19,1618,9,425,19,2043,California
Glenn,2021-02-03,274,2742,125,1185,149,1557,0,0,129,1603,145,570,130,2173,California
Glenn,2021-02-04,82,2824,16,1201,66,1623,0,0,27,1575,55,625,27,2200,California
Glenn,2021-02-05,320,3144,25,1226,295,1918,0,0,299,1853,21,646,299,2499,California
Glenn,2021-02-06,14,3158,2,1228,12,1930,0,0,13,1865,1,647,13,2512,California
Glenn,2021-02-07,2,3160,2,1230,0,1930,0,0,2,1867,0,647,2,2514,California
Glenn,2021-02-08,21,3181,17,1247,4,1934,0,0,4,1854,17,664,4,2518,California
Glenn,2021-02-09,49,3230,20,1267,29,1963,0,0,36,1877,13,677,36,2554,California
Glenn,2021-02-10,138,3368,19,1286,119,2082,0,0,65,1869,73,750,65,2619,California
Glenn,2021-02-11,233,3601,133,1419,100,2182,0,0,151,1937,83,833,151,2770,California
Glenn,2021-02-12,420,4021,99,1518,321,2503,0,0,355,2227,65,898,355,3125,California
Glenn,2021-02-13,34,4055,7,1525,27,2530,0,0,16,2225,18,916,16,3141,California
Glenn,2021-02-14,1,4056,0,1525,1,2531,0,0,1,2226,0,916,1,3142,California
Glenn,2021-02-15,8,4064,0,1525,8,2539,0,0,8,2234,0,916,8,3150,California
Glenn,2021-02-16,39,4103,9,1534,30,2569,0,0,21,2237,18,934,21,3171,California
Glenn,2021-02-17,380,4483,14,1548,366,2935,0,0,302,2461,78,1012,302,3473,California
Glenn,2021-02-18,134,4617,99,1647,35,2970,0,0,110,2547,24,1036,110,3583,California
Glenn,2021-02-19,303,4920,17,1664,286,3256,0,0,29,2302,274,1310,29,3612,California
Glenn,2021-02-20,8,4928,0,1664,8,3264,0,0,0,2294,8,1318,0,3612,California
Glenn,2021-02-21,1,4929,1,1665,0,3264,0,0,1,2295,0,1318,1,3613,California
Glenn,2021-02-22,33,4962,14,1679,19,3283,0,0,17,2296,16,1334,17,3630,California
Glenn,2021-02-23,40,5002,10,1689,30,3313,0,0,28,2312,12,1346,28,3658,California
Glenn,2021-02-24,243,5245,37,1726,206,3519,0,0,47,2163,196,1542,47,3705,California
Glenn,2021-02-25,234,5479,120,1846,114,3633,0,0,118,2165,116,1658,118,3823,California
Glenn,2021-02-26,304,5783,24,1870,280,3913,0,0,20,1902,283,1941,20,3843,California
Glenn,2021-02-27,15,5798,5,1875,10,3923,0,0,5,1898,9,1950,5,3848,California
Glenn,2021-02-28,6,5804,3,1878,3,3926,0,0,3,1899,2,1952,3,3851,California
Glenn,2021-03-01,28,5832,6,1884,22,3948,0,0,12,1895,16,1968,12,3863,California
Glenn,2021-03-02,35,5867,7,1891,28,3976,0,0,17,1894,18,1986,17,3880,California
Glenn,2021-03-03,192,6059,37,1928,155,4131,0,0,101,1906,89,2075,101,3981,California
Glenn,2021-03-04,521,6580,175,2103,346,4477,0,0,375,2135,146,2221,375,4356,California
Glenn,2021-03-05,357,6937,49,2152,308,4785,0,0,35,1848,322,2543,35,4391,California
Glenn,2021-03-06,26,6963,3,2155,22,4807,1,1,9,1841,17,2560,10,4401,California
Glenn,2021-03-07,5,6968,0,2155,5,4812,0,1,3,1843,1,2561,3,4404,California
Glenn,2021-03-08,20,6988,2,2157,17,4829,1,2,18,1860,2,2563,19,4423,California
Glenn,2021-03-09,82,7070,11,2168,68,4897,3,5,54,1888,28,2591,56,4479,California
Glenn,2021-03-10,172,7242,69,2237,101,4998,2,7,95,1908,77,2668,97,4576,California
Glenn,2021-03-11,583,7825,169,2406,391,5389,23,30,454,2256,129,2797,477,5053,California
Glenn,2021-03-12,418,8243,14,2420,342,5731,62,92,41,1982,377,3174,103,5156,California
Glenn,2021-03-13,12,8255,1,2421,3,5734,8,100,1,1980,11,3185,9,5165,California
Glenn,2021-03-14,3,8258,1,2422,2,5736,0,100,1,1979,2,3187,1,5166,California
Glenn,2021-03-15,76,8334,15,2437,56,5792,5,105,61,2030,15,3202,66,5232,California
Glenn,2021-03-16,110,8444,34,2471,65,5857,11,116,69,2069,41,3243,80,5312,California
Glenn,2021-03-17,417,8861,97,2568,313,6170,7,123,116,1889,301,3544,121,5433,California
Glenn,2021-03-18,521,9382,215,2783,50,6220,256,379,145,1913,376,3920,400,5833,California
Glenn,2021-03-19,96,9478,16,2799,74,6294,6,385,75,1974,20,3940,81,5914,California
Glenn,2021-03-20,132,9610,2,2801,129,6423,1,386,130,2103,2,3942,131,6045,California
Glenn,2021-03-21,6,9616,5,2806,0,6423,1,387,3,2105,2,3944,4,6049,California
Glenn,2021-03-22,123,9739,54,2860,61,6484,8,395,103,2198,18,3962,111,6160,California
Glenn,2021-03-23,176,9915,66,2926,59,6543,51,446,103,2280,72,4034,154,6314,California
Glenn,2021-03-24,208,10123,100,3026,103,6646,5,451,136,2350,71,4105,141,6455,California
Glenn,2021-03-25,470,10593,229,3255,147,6793,94,545,342,2659,127,4232,436,6891,California
Glenn,2021-03-26,237,10830,37,3292,164,6957,36,581,186,2830,51,4283,222,7113,California
Glenn,2021-03-27,166,10996,22,3314,138,7095,6,587,155,2980,11,4294,161,7274,California
Glenn,2021-03-28,15,11011,10,3324,5,7100,0,587,10,2985,5,4299,10,7284,California
Glenn,2021-03-29,61,11072,20,3344,38,7138,3,590,47,3021,14,4313,50,7334,California
Glenn,2021-03-30,75,11147,43,3387,31,7169,1,591,43,3035,30,4343,44,7378,California
Glenn,2021-03-31,125,11272,35,3422,89,7258,1,592,54,3020,70,4413,55,7433,California
Glenn,2021-04-01,656,11928,189,3611,458,7716,9,601,244,2863,410,4823,253,7686,California
Glenn,2021-04-02,169,12097,26,3637,131,7847,12,613,133,2972,36,4859,145,7831,California
Glenn,2021-04-03,95,12192,4,3641,84,7931,7,620,84,3052,11,4870,91,7922,California
Glenn,2021-04-04,9,12201,3,3644,4,7935,2,622,5,3055,4,4874,7,7929,California
Glenn,2021-04-05,65,12266,25,3669,27,7962,13,635,28,3059,37,4911,41,7970,California
Glenn,2021-04-06,144,12410,52,3721,53,8015,39,674,37,3028,106,5017,75,8045,California
Glenn,2021-04-07,160,12570,46,3767,60,8075,54,728,74,3070,86,5103,128,8173,California
Glenn,2021-04-08,641,13211,189,3956,418,8493,34,762,139,2743,500,5603,173,8346,California
Glenn,2021-04-09,158,13369,57,4013,85,8578,16,778,101,2804,57,5660,118,8464,California
Glenn,2021-04-10,74,13443,1,4014,61,8639,12,790,59,2861,14,5674,71,8535,California
Glenn,2021-04-11,17,13460,8,4022,4,8643,5,795,7,2863,10,5684,12,8547,California
Glenn,2021-04-12,114,13574,25,4047,60,8703,29,824,19,2816,95,5779,48,8595,California
Glenn,2021-04-13,118,13692,63,4110,55,8758,0,824,29,2757,88,5867,29,8624,California
Glenn,2021-04-14,123,13815,47,4157,76,8834,0,824,68,2770,55,5922,68,8692,California
Glenn,2021-04-15,362,14177,275,4432,87,8921,0,824,124,2656,238,6160,124,8816,California
Glenn,2021-04-16,166,14343,42,4474,124,9045,0,824,77,2644,89,6249,77,8893,California
Glenn,2021-04-17,165,14508,18,4492,147,9192,0,824,26,2538,132,6381,26,8919,California
Glenn,2021-04-18,16,14524,3,4495,13,9205,0,824,13,2548,3,6384,13,8932,California
Glenn,2021-04-19,83,14607,17,4512,66,9271,0,824,22,2510,60,6444,22,8954,California
Glenn,2021-04-20,126,14733,82,4594,44,9315,0,824,53,2490,73,6517,53,9007,California
Glenn,2021-04-21,412,15145,309,4903,103,9418,0,824,280,2638,132,6649,280,9287,California
Glenn,2021-04-22,208,15353,48,4951,160,9578,0,824,33,2497,174,6823,33,9320,California
Glenn,2021-04-23,178,15531,24,4975,154,9732,0,824,40,2401,136,6959,40,9360,California
Glenn,2021-04-24,179,15710,32,5007,147,9879,0,824,30,2282,149,7108,30,9390,California
Glenn,2021-04-25,30,15740,18,5025,12,9891,0,824,22,2296,8,7116,22,9412,California
Glenn,2021-04-26,46,15786,11,5036,35,9926,0,824,18,2286,28,7144,18,9430,California
Glenn,2021-04-27,59,15845,46,5082,8,9934,5,829,30,2291,29,7173,34,9464,California
Glenn,2021-04-28,260,16105,182,5264,67,10001,11,840,127,2300,129,7302,138,9602,California
Glenn,2021-04-29,181,16286,22,5286,157,10158,2,842,35,2191,146,7448,37,9639,California
Glenn,2021-04-30,156,16442,35,5321,119,10277,2,844,38,2113,118,7566,40,9679,California
Glenn,2021-05-01,108,16550,13,5334,94,10371,1,845,26,2058,82,7648,27,9706,California
Glenn,2021-05-02,30,16580,12,5346,9,10380,9,854,15,2067,15,7663,24,9730,California
Glenn,2021-05-03,36,16616,23,5369,12,10392,1,855,14,2060,22,7685,15,9745,California
Glenn,2021-05-04,57,16673,33,5402,19,10411,5,860,28,2064,29,7714,33,9778,California
Glenn,2021-05-05,122,16795,35,5437,77,10488,10,870,51,2054,71,7785,61,9839,California
Glenn,2021-05-06,106,16901,41,5478,60,10548,5,875,40,2033,66,7851,45,9884,California
Glenn,2021-05-07,120,17021,33,5511,78,10626,9,884,31,1985,88,7939,40,9924,California
Glenn,2021-05-08,66,17087,12,5523,50,10676,4,888,21,1966,44,7983,25,9949,California
Glenn,2021-05-09,17,17104,11,5534,6,10682,0,888,13,1975,4,7987,13,9962,California
Glenn,2021-05-10,37,17141,15,5549,17,10699,5,893,15,1973,22,8009,20,9982,California
Glenn,2021-05-11,76,17217,53,5602,14,10713,9,902,16,1938,60,8069,25,10007,California
Glenn,2021-05-12,327,17544,246,5848,67,10780,14,916,45,1715,282,8351,59,10066,California
Glenn,2021-05-13,151,17695,56,5904,77,10857,18,934,65,1712,86,8437,83,10149,California
Glenn,2021-05-14,106,17801,25,5929,76,10933,5,939,42,1695,64,8501,47,10196,California
Glenn,2021-05-15,68,17869,40,5969,25,10958,3,942,35,1700,32,8533,37,10233,California
Glenn,2021-05-16,30,17899,18,5987,12,10970,0,942,9,1688,21,8554,9,10242,California
Glenn,2021-05-17,78,17977,53,6040,21,10991,4,946,53,1720,25,8579,57,10299,California
Glenn,2021-05-18,65,18042,47,6087,13,11004,5,951,21,1702,44,8623,26,10325,California
Glenn,2021-05-19,193,18235,112,6199,69,11073,12,963,71,1663,121,8744,82,10407,California
Glenn,2021-05-20,111,18346,70,6269,39,11112,2,965,79,1712,32,8776,81,10488,California
Glenn,2021-05-21,66,18412,23,6292,43,11155,0,965,29,1704,37,8813,29,10517,California
Glenn,2021-05-22,48,18460,17,6309,31,11186,0,965,23,1702,25,8838,23,10540,California
Glenn,2021-05-23,25,18485,14,6323,11,11197,0,965,11,1700,13,8851,11,10551,California
Glenn,2021-05-24,34,18519,12,6335,17,11214,5,970,13,1698,20,8871,18,10569,California
Glenn,2021-05-25,48,18567,37,6372,9,11223,2,972,25,1702,23,8894,27,10596,California
Glenn,2021-05-26,75,18642,14,6386,57,11280,4,976,26,1683,49,8943,30,10626,California
Glenn,2021-05-27,97,18739,62,6448,34,11314,1,977,44,1677,51,8994,45,10671,California
Glenn,2021-05-28,59,18798,19,6467,34,11348,6,983,30,1685,28,9022,36,10707,California
Glenn,2021-05-29,46,18844,10,6477,32,11380,4,987,19,1681,27,9049,23,10730,California
Glenn,2021-05-30,19,18863,10,6487,9,11389,0,987,7,1676,12,9061,7,10737,California
Glenn,2021-05-31,4,18867,0,6487,4,11393,0,987,0,1672,4,9065,0,10737,California
Glenn,2021-06-01,29,18896,11,6498,17,11410,1,988,10,1664,19,9084,11,10748,California
Humboldt,2020-12-15,2,2,2,2,0,0,0,0,2,2,0,0,2,2,California
Humboldt,2020-12-16,16,18,16,18,0,0,0,0,16,18,0,0,16,18,California
Humboldt,2020-12-17,117,135,117,135,0,0,0,0,117,135,0,0,117,135,California
Humboldt,2020-12-18,177,312,177,312,0,0,0,0,177,312,0,0,177,312,California
Humboldt,2020-12-19,10,322,10,322,0,0,0,0,10,322,0,0,10,322,California
Humboldt,2020-12-20,28,350,28,350,0,0,0,0,28,350,0,0,28,350,California
Humboldt,2020-12-21,166,516,166,516,0,0,0,0,166,516,0,0,166,516,California
Humboldt,2020-12-22,297,813,297,813,0,0,0,0,297,813,0,0,297,813,California
Humboldt,2020-12-23,311,1124,263,1076,48,48,0,0,313,1126,0,0,313,1126,California
Humboldt,2020-12-24,25,1149,2,1078,23,71,0,0,25,1151,0,0,25,1151,California
Humboldt,2020-12-25,2,1151,2,1080,0,71,0,0,2,1153,0,0,2,1153,California
Humboldt,2020-12-26,6,1157,5,1085,1,72,0,0,6,1159,0,0,6,1159,California
Humboldt,2020-12-28,160,1317,148,1233,12,84,0,0,160,1319,0,0,160,1319,California
Humboldt,2020-12-29,171,1488,123,1356,48,132,0,0,171,1490,0,0,171,1490,California
Humboldt,2020-12-30,226,1714,124,1480,102,234,0,0,226,1716,0,0,226,1716,California
Humboldt,2020-12-31,241,1955,79,1559,162,396,0,0,241,1957,0,0,241,1957,California
Humboldt,2021-01-01,2,1957,1,1560,1,397,0,0,2,1959,0,0,2,1959,California
Humboldt,2021-01-02,38,1995,1,1561,37,434,0,0,38,1997,0,0,38,1997,California
Humboldt,2021-01-04,218,2213,142,1703,76,510,0,0,220,2217,0,0,220,2217,California
Humboldt,2021-01-05,130,2343,18,1721,112,622,0,0,130,2346,1,1,130,2347,California
Humboldt,2021-01-06,304,2647,205,1926,99,721,0,0,231,2516,61,62,231,2578,California
Humboldt,2021-01-07,423,3070,311,2237,112,833,0,0,309,2726,99,161,309,2887,California
Humboldt,2021-01-08,420,3490,281,2518,139,972,0,0,283,2878,131,292,283,3170,California
Humboldt,2021-01-09,69,3559,45,2563,24,996,0,0,66,2942,3,295,67,3237,California
Humboldt,2021-01-10,84,3643,84,2647,0,996,0,0,4,2866,80,375,4,3241,California
Humboldt,2021-01-11,289,3932,278,2925,11,1007,0,0,72,2725,213,588,72,3313,California
Humboldt,2021-01-12,483,4415,320,3245,163,1170,0,0,299,2862,162,750,299,3612,California
Humboldt,2021-01-13,493,4908,278,3523,215,1385,0,0,315,3003,175,925,316,3928,California
Humboldt,2021-01-14,525,5433,166,3689,359,1744,0,0,469,3417,56,981,470,4398,California
Humboldt,2021-01-15,375,5808,39,3728,336,2080,0,0,358,3758,17,998,358,4756,California
Humboldt,2021-01-16,170,5978,6,3734,164,2244,0,0,169,3926,1,999,169,4925,California
Humboldt,2021-01-17,6,5984,4,3738,2,2246,0,0,6,3932,0,999,6,4931,California
Humboldt,2021-01-18,296,6280,261,3999,35,2281,0,0,146,3928,150,1149,146,5077,California
Humboldt,2021-01-19,634,6914,390,4389,244,2525,0,0,507,4314,121,1270,507,5584,California
Humboldt,2021-01-20,899,7813,387,4776,512,3037,0,0,750,4925,141,1411,752,6336,California
Humboldt,2021-01-21,959,8772,261,5037,698,3735,0,0,917,5800,42,1453,917,7253,California
Humboldt,2021-01-22,676,9448,376,5413,300,4035,0,0,667,6459,9,1462,668,7921,California
Humboldt,2021-01-23,828,10276,273,5686,555,4590,0,0,819,7270,9,1471,820,8741,California
Humboldt,2021-01-24,229,10505,1,5687,228,4818,0,0,228,7497,1,1472,228,8969,California
Humboldt,2021-01-25,305,10810,233,5920,72,4890,0,0,149,7490,156,1628,149,9118,California
Humboldt,2021-01-26,527,11337,142,6062,385,5275,0,0,476,7915,51,1679,476,9594,California
Humboldt,2021-01-27,1260,12597,587,6649,673,5948,0,0,1193,9050,60,1739,1195,10789,California
Humboldt,2021-01-28,1457,14054,634,7283,823,6771,0,0,1320,10238,134,1873,1322,12111,California
Humboldt,2021-01-29,1148,15202,547,7830,601,7372,0,0,705,10501,443,2316,706,12817,California
Humboldt,2021-01-30,974,16176,456,8286,518,7890,0,0,961,11450,13,2329,962,13779,California
Humboldt,2021-01-31,315,16491,313,8599,2,7892,0,0,314,11763,1,2330,314,14093,California
Humboldt,2021-02-01,334,16825,192,8791,142,8034,0,0,187,11804,146,2476,187,14280,California
Humboldt,2021-02-02,445,17270,74,8865,371,8405,0,0,340,12044,102,2578,342,14622,California
Humboldt,2021-02-03,664,17934,258,9123,406,8811,0,0,512,12404,152,2730,512,15134,California
Humboldt,2021-02-04,639,18573,263,9386,376,9187,0,0,441,12650,195,2925,441,15575,California
Humboldt,2021-02-05,812,19385,94,9480,718,9905,0,0,625,13088,187,3112,625,16200,California
Humboldt,2021-02-06,1058,20443,447,9927,611,10516,0,0,1015,14062,42,3154,1016,17216,California
Humboldt,2021-02-07,379,20822,9,9936,370,10886,0,0,374,14433,4,3158,375,17591,California
Humboldt,2021-02-08,325,21147,142,10078,183,11069,0,0,184,14477,140,3298,184,17775,California
Humboldt,2021-02-09,494,21641,220,10298,274,11343,0,0,178,14339,316,3614,178,17953,California
Humboldt,2021-02-10,564,22205,371,10669,193,11536,0,0,234,14248,325,3939,234,18187,California
Humboldt,2021-02-11,1300,23505,396,11065,904,12440,0,0,502,13956,795,4734,503,18690,California
Humboldt,2021-02-12,1148,24653,737,11802,411,12851,0,0,707,14222,441,5175,707,19397,California
Humboldt,2021-02-13,1506,26159,557,12359,949,13800,0,0,915,14548,589,5764,915,20312,California
Humboldt,2021-02-14,112,26271,5,12364,107,13907,0,0,109,14655,2,5766,109,20421,California
Humboldt,2021-02-15,293,26564,78,12442,215,14122,0,0,196,14755,96,5862,196,20617,California
Humboldt,2021-02-16,535,27099,119,12561,416,14538,0,0,254,14729,281,6143,255,20872,California
Humboldt,2021-02-17,450,27549,278,12839,172,14710,0,0,134,14548,315,6458,134,21006,California
Humboldt,2021-02-18,971,28520,596,13435,375,15085,0,0,230,14039,739,7197,230,21236,California
Humboldt,2021-02-19,476,28996,434,13869,42,15127,0,0,89,13744,384,7581,89,21325,California
Humboldt,2021-02-20,1613,30609,988,14857,625,15752,0,0,475,13087,1135,8716,478,21803,California
Humboldt,2021-02-21,479,31088,471,15328,8,15760,0,0,182,12973,297,9013,183,21986,California
Humboldt,2021-02-22,132,31220,92,15420,40,15800,0,0,29,12901,101,9114,29,22015,California
Humboldt,2021-02-23,176,31396,71,15491,105,15905,0,0,41,12809,133,9247,41,22056,California
Humboldt,2021-02-24,1166,32562,706,16197,460,16365,0,0,587,12818,578,9825,587,22643,California
Humboldt,2021-02-25,835,33397,319,16516,516,16881,0,0,231,12447,602,10427,231,22874,California
Humboldt,2021-02-26,2147,35544,106,16622,2041,18922,0,0,448,11203,1693,12120,449,23323,California
Humboldt,2021-02-27,1697,37241,1079,17701,618,19540,0,0,871,11254,824,12944,875,24198,California
Humboldt,2021-02-28,122,37363,10,17711,112,19652,0,0,116,11364,6,12950,116,24314,California
Humboldt,2021-03-01,259,37622,47,17758,212,19864,0,0,184,11473,75,13025,184,24498,California
Humboldt,2021-03-02,293,37915,50,17808,243,20107,0,0,162,11504,131,13156,162,24660,California
Humboldt,2021-03-03,1664,39579,1100,18908,564,20671,0,0,1221,12289,437,13593,1222,25882,California
Humboldt,2021-03-04,904,40483,112,19020,792,21463,0,0,284,11955,620,14213,286,26168,California
Humboldt,2021-03-05,949,41432,188,19208,750,22213,11,11,392,11805,553,14766,403,26571,California
Humboldt,2021-03-06,1716,43148,858,20066,809,23022,49,60,731,11601,984,15750,780,27351,California
Humboldt,2021-03-07,365,43513,296,20362,51,23073,18,78,157,11568,208,15958,175,27526,California
Humboldt,2021-03-08,277,43790,7,20369,192,23265,78,156,183,11735,94,16052,261,27787,California
Humboldt,2021-03-09,493,44283,211,20580,134,23399,148,304,240,11871,251,16303,387,28174,California
Humboldt,2021-03-10,690,44973,466,21046,70,23469,154,458,421,12176,268,16571,573,28747,California
Humboldt,2021-03-11,1466,46439,461,21507,905,24374,100,558,642,12098,819,17390,741,29488,California
Humboldt,2021-03-12,1748,48187,1084,22591,442,24816,222,780,1055,12694,685,18075,1281,30769,California
Humboldt,2021-03-13,1573,49760,1024,23615,497,25313,52,832,676,12532,891,18966,729,31498,California
Humboldt,2021-03-14,143,49903,19,23634,115,25428,9,841,29,12456,114,19080,38,31536,California
Humboldt,2021-03-15,278,50181,51,23685,206,25634,21,862,59,12317,219,19299,80,31616,California
Humboldt,2021-03-16,638,50819,201,23886,176,25810,261,1123,262,12463,375,19674,521,32137,California
Humboldt,2021-03-17,732,51551,396,24282,228,26038,108,1231,340,12520,391,20065,448,32585,California
Humboldt,2021-03-18,1735,53286,1165,25447,527,26565,43,1274,1039,12911,691,20756,1082,33667,California
Humboldt,2021-03-19,1075,54361,60,25507,701,27266,314,1588,440,13032,632,21388,753,34420,California
Humboldt,2021-03-20,1380,55741,754,26261,612,27878,14,1602,425,12519,953,22341,440,34860,California
Humboldt,2021-03-21,249,55990,32,26293,188,28066,29,1631,204,12706,45,22386,232,35092,California
Humboldt,2021-03-22,119,56109,16,26309,53,28119,50,1681,62,12763,55,22441,112,35204,California
Humboldt,2021-03-23,412,56521,42,26351,327,28446,43,1724,319,13034,91,22532,362,35566,California
Humboldt,2021-03-24,1415,57936,389,26740,978,29424,48,1772,1038,13750,369,22901,1085,36651,California
Humboldt,2021-03-25,1836,59772,1210,27950,564,29988,62,1834,947,13872,887,23788,1009,37660,California
Humboldt,2021-03-26,2041,61813,437,28387,1547,31535,57,1891,1594,15081,441,24229,1650,39310,California
Humboldt,2021-03-27,2031,63844,1454,29841,405,31940,172,2063,1135,15497,892,25121,1308,40618,California
Humboldt,2021-03-28,266,64110,81,29922,114,32054,71,2134,85,15473,181,25302,157,40775,California
Humboldt,2021-03-29,472,64582,127,30049,249,32303,96,2230,202,15501,269,25571,297,41072,California
Humboldt,2021-03-30,942,65524,304,30353,524,32827,114,2344,561,15799,376,25947,674,41746,California
Humboldt,2021-03-31,1865,67389,521,30874,1248,34075,96,2440,1411,16857,451,26398,1509,43255,California
Humboldt,2021-04-01,2113,69502,705,31579,1314,35389,94,2534,1482,17810,624,27022,1577,44832,California
Humboldt,2021-04-02,1726,71228,1111,32690,510,35899,105,2639,622,17438,1099,28121,727,45559,California
Humboldt,2021-04-03,1668,72896,1508,34198,145,36044,15,2654,672,17139,986,29107,687,46246,California
Humboldt,2021-04-04,484,73380,371,34569,104,36148,9,2663,405,17475,79,29186,415,46661,California
Humboldt,2021-04-05,775,74155,461,35030,266,36414,48,2711,441,17632,332,29518,489,47150,California
Humboldt,2021-04-06,843,74998,319,35349,390,36804,134,2845,588,18105,249,29767,722,47872,California
Humboldt,2021-04-07,1492,76490,1061,36410,291,37095,140,2985,988,18731,502,30269,1128,49000,California
Humboldt,2021-04-08,1742,78232,1091,37501,493,37588,158,3143,739,18630,1001,31270,900,49900,California
Humboldt,2021-04-09,1441,79673,438,37939,848,38436,155,3298,1153,19643,288,31558,1301,51201,California
Humboldt,2021-04-10,935,80608,138,38077,621,39057,176,3474,734,20352,199,31757,908,52109,California
Humboldt,2021-04-11,640,81248,138,38215,35,39092,467,3941,127,20433,513,32270,594,52703,California
Humboldt,2021-04-12,432,81680,224,38439,83,39175,125,4066,274,20674,158,32428,399,53102,California
Humboldt,2021-04-13,588,82268,322,38761,262,39437,4,4070,552,21196,33,32461,555,53657,California
Humboldt,2021-04-14,1429,83697,1033,39794,396,39833,0,4070,1316,22401,111,32572,1316,54973,California
Humboldt,2021-04-15,1817,85514,1196,40990,617,40450,4,4074,1249,23102,550,33122,1251,56224,California
Humboldt,2021-04-16,1124,86638,520,41510,604,41054,0,4074,538,23058,582,33704,538,56762,California
Humboldt,2021-04-17,1603,88241,1280,42790,323,41377,0,4074,1009,23479,588,34292,1009,57771,California
Humboldt,2021-04-18,657,88898,344,43134,312,41689,1,4075,94,23016,557,34849,94,57865,California
Humboldt,2021-04-19,198,89096,84,43218,114,41803,0,4075,83,22986,113,34962,83,57948,California
Humboldt,2021-04-20,477,89573,129,43347,348,42151,0,4075,231,22972,245,35207,231,58179,California
Humboldt,2021-04-21,1092,90665,382,43729,710,42861,0,4075,431,22753,651,35858,432,58611,California
Humboldt,2021-04-22,877,91542,524,44253,351,43212,2,4077,442,22762,433,36291,442,59053,California
Humboldt,2021-04-23,2157,93699,304,44557,1853,45065,0,4077,312,21233,1841,38132,312,59365,California
Humboldt,2021-04-24,1085,94784,880,45437,200,45265,5,4082,362,20879,721,38853,367,59732,California
Humboldt,2021-04-25,374,95158,239,45676,135,45400,0,4082,190,20888,181,39034,190,59922,California
Humboldt,2021-04-26,307,95465,213,45889,90,45490,4,4086,87,20759,218,39252,89,60011,California
Humboldt,2021-04-27,705,96170,227,46116,460,45950,18,4104,144,20362,559,39811,162,60173,California
Humboldt,2021-04-28,1540,97710,796,46912,699,46649,45,4149,399,19667,1139,40950,444,60617,California
Humboldt,2021-04-29,1726,99436,580,47492,1108,47757,38,4187,281,18545,1441,42391,319,60936,California
Humboldt,2021-04-30,1252,100688,395,47887,823,48580,34,4221,197,17725,1049,43440,229,61165,California
Humboldt,2021-05-01,460,101148,379,48266,59,48639,22,4243,283,17854,176,43616,305,61470,California
Humboldt,2021-05-02,228,101376,183,48449,36,48675,9,4252,113,17863,114,43730,123,61593,California
Humboldt,2021-05-03,609,101985,376,48825,209,48884,24,4276,97,17475,510,44240,122,61715,California
Humboldt,2021-05-04,820,102805,482,49307,292,49176,46,4322,248,17199,569,44809,293,62008,California
Humboldt,2021-05-05,1685,104490,1075,50382,553,49729,57,4379,179,15934,1499,46308,234,62242,California
Humboldt,2021-05-06,1689,106179,1073,51455,364,50093,252,4631,138,14777,1548,47856,391,62633,California
Humboldt,2021-05-07,1422,107601,305,51760,1058,51151,59,4690,237,13888,1183,49039,294,62927,California
Humboldt,2021-05-08,740,108341,146,51906,571,51722,23,4713,91,13355,647,49686,114,63041,California
Humboldt,2021-05-09,907,109248,855,52761,42,51764,10,4723,48,12554,859,50545,58,63099,California
Humboldt,2021-05-10,214,109462,36,52797,140,51904,38,4761,81,12540,133,50678,119,63218,California
Humboldt,2021-05-11,490,109952,147,52944,272,52176,71,4832,184,12489,306,50984,255,63473,California
Humboldt,2021-05-12,577,110529,122,53066,413,52589,42,4874,203,12361,373,51357,245,63718,California
Humboldt,2021-05-13,501,111030,240,53306,236,52825,25,4899,209,12305,290,51647,234,63952,California
Humboldt,2021-05-14,694,111724,140,53446,451,53276,103,5002,231,12178,460,52107,333,64285,California
Humboldt,2021-05-15,780,112504,641,54087,131,53407,8,5010,209,11825,570,52677,217,64502,California
Humboldt,2021-05-16,128,112632,57,54144,67,53474,4,5014,73,11847,55,52732,77,64579,California
Humboldt,2021-05-17,395,113027,213,54357,160,53634,22,5036,220,11915,173,52905,241,64820,California
Humboldt,2021-05-18,659,113686,327,54684,303,53937,29,5065,367,12020,291,53196,396,65216,California
Humboldt,2021-05-19,949,114635,528,55212,378,54315,43,5108,336,11788,609,53805,377,65593,California
Humboldt,2021-05-20,691,115326,517,55729,161,54476,13,5121,516,12146,172,53977,530,66123,California
Humboldt,2021-05-21,768,116094,223,55952,484,54960,61,5182,301,12041,467,54444,362,66485,California
Humboldt,2021-05-22,351,116445,269,56221,74,55034,8,5190,101,11901,249,54693,109,66594,California
Humboldt,2021-05-23,344,116789,297,56518,44,55078,3,5193,58,11676,286,54979,61,66655,California
Humboldt,2021-05-24,309,117098,167,56685,113,55191,29,5222,181,11760,126,55105,210,66865,California
Humboldt,2021-05-25,536,117634,354,57039,158,55349,24,5246,310,11871,223,55328,334,67199,California
Humboldt,2021-05-26,628,118262,312,57351,293,55642,23,5269,303,11872,325,55653,326,67525,California
Humboldt,2021-05-27,448,118710,239,57590,176,55818,33,5302,276,12009,172,55825,309,67834,California
Humboldt,2021-05-28,395,119105,192,57782,159,55977,44,5346,173,12005,221,56046,217,68051,California
Humboldt,2021-05-29,160,119265,97,57879,61,56038,2,5348,93,12033,67,56113,95,68146,California
Humboldt,2021-05-30,102,119367,45,57924,53,56091,4,5352,48,12032,53,56166,52,68198,California
Humboldt,2021-05-31,91,119458,49,57973,36,56127,6,5358,68,12083,22,56188,73,68271,California
Humboldt,2021-06-01,170,119628,113,58086,50,56177,7,5365,60,12040,110,56298,67,68338,California
Imperial,2020-12-16,1,1,1,1,0,0,0,0,1,1,0,0,1,1,California
Imperial,2020-12-17,5,6,5,6,0,0,0,0,5,6,0,0,5,6,California
Imperial,2020-12-18,12,18,12,18,0,0,0,0,12,18,0,0,12,18,California
Imperial,2020-12-20,2,20,2,20,0,0,0,0,2,20,0,0,2,20,California
Imperial,2020-12-21,186,206,186,206,0,0,0,0,186,206,0,0,186,206,California
Imperial,2020-12-22,241,447,239,445,2,2,0,0,241,447,0,0,241,447,California
Imperial,2020-12-23,211,658,210,655,1,3,0,0,210,657,0,0,210,657,California
Imperial,2020-12-24,5,663,5,660,0,3,0,0,5,662,0,0,5,662,California
Imperial,2020-12-26,1,664,0,660,1,4,0,0,1,663,0,0,1,663,California
Imperial,2020-12-27,62,726,0,660,62,66,0,0,62,725,0,0,62,725,California
Imperial,2020-12-28,214,940,114,774,100,166,0,0,214,939,0,0,214,939,California
Imperial,2020-12-29,189,1129,36,810,153,319,0,0,189,1128,0,0,189,1128,California
Imperial,2020-12-30,366,1495,50,860,316,635,0,0,366,1494,0,0,366,1494,California
Imperial,2020-12-31,197,1692,26,886,171,806,0,0,197,1691,0,0,197,1691,California
Imperial,2021-01-01,47,1739,5,891,42,848,0,0,47,1738,0,0,47,1738,California
Imperial,2021-01-02,4,1743,0,891,4,852,0,0,4,1742,0,0,4,1742,California
Imperial,2021-01-03,90,1833,0,891,90,942,0,0,90,1832,0,0,90,1832,California
Imperial,2021-01-04,85,1918,5,896,80,1022,0,0,85,1917,0,0,85,1917,California
Imperial,2021-01-05,174,2092,14,910,160,1182,0,0,174,2091,0,0,174,2091,California
Imperial,2021-01-06,190,2282,25,935,165,1347,0,0,189,2279,1,1,189,2280,California
Imperial,2021-01-07,323,2605,11,946,312,1659,0,0,319,2594,4,5,319,2599,California
Imperial,2021-01-08,192,2797,52,998,140,1799,0,0,182,2766,10,15,182,2781,California
Imperial,2021-01-09,24,2821,21,1019,3,1802,0,0,24,2790,0,15,24,2805,California
Imperial,2021-01-10,1,2822,0,1019,1,1803,0,0,1,2791,0,15,1,2806,California
Imperial,2021-01-11,403,3225,244,1263,159,1962,0,0,175,2738,228,243,175,2981,California
Imperial,2021-01-12,405,3630,303,1566,102,2064,0,0,143,2620,261,504,143,3124,California
Imperial,2021-01-13,379,4009,133,1699,246,2310,0,0,280,2801,99,603,280,3404,California
Imperial,2021-01-14,261,4270,151,1850,110,2420,0,0,255,3051,5,608,255,3659,California
Imperial,2021-01-15,241,4511,182,2032,59,2479,0,0,234,3278,7,615,234,3893,California
Imperial,2021-01-16,78,4589,74,2106,4,2483,0,0,77,3354,1,616,77,3970,California
Imperial,2021-01-17,10,4599,2,2108,8,2491,0,0,10,3364,0,616,10,3980,California
Imperial,2021-01-18,1058,5657,399,2507,659,3150,0,0,960,4227,98,714,961,4941,California
Imperial,2021-01-19,165,5822,129,2636,36,3186,0,0,118,4298,47,761,118,5059,California
Imperial,2021-01-20,293,6115,196,2832,97,3283,0,0,255,4515,38,799,255,5314,California
Imperial,2021-01-21,416,6531,183,3015,233,3516,0,0,396,4891,20,819,396,5710,California
Imperial,2021-01-22,457,6988,189,3204,268,3784,0,0,448,5330,9,828,448,6158,California
Imperial,2021-01-23,1040,8028,290,3494,750,4534,0,0,1039,6368,1,829,1039,7197,California
Imperial,2021-01-24,11,8039,4,3498,7,4541,0,0,11,6379,0,829,11,7208,California
Imperial,2021-01-25,214,8253,5,3503,209,4750,0,0,34,6235,178,1007,34,7242,California
Imperial,2021-01-26,364,8617,185,3688,179,4929,0,0,220,6312,143,1150,220,7462,California
Imperial,2021-01-27,570,9187,162,3850,408,5337,0,0,237,6216,333,1483,237,7699,California
Imperial,2021-01-28,635,9822,160,4010,475,5812,0,0,527,6635,108,1591,527,8226,California
Imperial,2021-01-29,425,10247,296,4306,129,5941,0,0,375,6960,50,1641,375,8601,California
Imperial,2021-01-30,56,10303,31,4337,25,5966,0,0,39,6982,17,1658,39,8640,California
Imperial,2021-01-31,17,10320,7,4344,10,5976,0,0,16,6997,1,1659,16,8656,California
Imperial,2021-02-01,422,10742,55,4399,367,6343,0,0,211,6999,209,1868,211,8867,California
Imperial,2021-02-02,685,11427,57,4456,628,6971,0,0,503,7320,182,2050,503,9370,California
Imperial,2021-02-03,459,11886,51,4507,408,7379,0,0,263,7388,195,2245,263,9633,California
Imperial,2021-02-04,1722,13608,1200,5707,522,7901,0,0,1407,8482,313,2558,1407,11040,California
Imperial,2021-02-05,391,13999,243,5950,148,8049,0,0,157,8404,235,2793,157,11197,California
Imperial,2021-02-06,862,14861,837,6787,25,8074,0,0,826,9193,37,2830,826,12023,California
Imperial,2021-02-07,21,14882,9,6796,12,8086,0,0,20,9212,1,2831,20,12043,California
Imperial,2021-02-08,249,15131,42,6838,207,8293,0,0,181,9325,68,2899,181,12224,California
Imperial,2021-02-09,464,15595,147,6985,317,8610,0,0,306,9473,158,3057,306,12530,California
Imperial,2021-02-10,459,16054,56,7041,403,9013,0,0,96,9207,363,3420,97,12627,California
Imperial,2021-02-11,1024,17078,367,7408,657,9670,0,0,146,8480,873,4293,146,12773,California
Imperial,2021-02-12,2131,19209,1410,8818,721,10391,0,0,1781,9909,353,4646,1782,14555,California
Imperial,2021-02-13,47,19256,18,8836,29,10420,0,0,42,9944,8,4654,43,14598,California
Imperial,2021-02-14,24,19280,12,8848,12,10432,0,0,21,9962,3,4657,21,14619,California
Imperial,2021-02-15,95,19375,11,8859,84,10516,0,0,84,10035,11,4668,84,14703,California
Imperial,2021-02-16,514,19889,267,9126,247,10763,0,0,293,10107,221,4889,293,14996,California
Imperial,2021-02-17,439,20328,285,9411,154,10917,0,0,83,9834,356,5245,83,15079,California
Imperial,2021-02-18,646,20974,308,9719,338,11255,0,0,140,9469,505,5750,140,15219,California
Imperial,2021-02-19,770,21744,383,10102,387,11642,0,0,195,9090,574,6324,195,15414,California
Imperial,2021-02-20,1041,22785,191,10293,850,12492,0,0,327,8707,712,7036,329,15743,California
Imperial,2021-02-21,591,23376,557,10850,34,12526,0,0,580,9277,10,7046,580,16323,California
Imperial,2021-02-22,806,24182,567,11417,239,12765,0,0,757,9985,49,7095,757,17080,California
Imperial,2021-02-23,963,25145,395,11812,568,13333,0,0,908,10839,55,7150,909,17989,California
Imperial,2021-02-24,719,25864,302,12114,417,13750,0,0,622,11365,96,7246,622,18611,California
Imperial,2021-02-25,857,26721,341,12455,516,14266,0,0,487,11488,369,7615,492,19103,California
Imperial,2021-02-26,2277,28998,1351,13806,926,15192,0,0,1800,12813,476,8091,1801,20904,California
Imperial,2021-02-27,868,29866,812,14618,56,15248,0,0,132,12208,738,8829,133,21037,California
Imperial,2021-02-28,32,29898,20,14638,12,15260,0,0,22,12220,10,8839,22,21059,California
Imperial,2021-03-01,505,30403,297,14935,205,15465,3,3,436,12594,66,8905,440,21499,California
Imperial,2021-03-02,679,31082,247,15182,432,15897,0,3,388,12695,289,9194,390,21889,California
Imperial,2021-03-03,928,32010,49,15231,878,16775,1,4,559,12900,366,9560,571,22460,California
Imperial,2021-03-04,756,32766,85,15316,670,17445,1,5,493,13162,261,9821,523,22983,California
Imperial,2021-03-05,3028,35794,2201,17517,827,18272,0,5,1688,13509,1343,11164,1690,24673,California
Imperial,2021-03-06,704,36498,238,17755,466,18738,0,5,659,14130,42,11206,663,25336,California
Imperial,2021-03-07,85,36583,41,17796,44,18782,0,5,60,14167,24,11230,61,25397,California
Imperial,2021-03-08,415,36998,331,18127,49,18831,35,40,362,14512,52,11282,397,25794,California
Imperial,2021-03-09,682,37680,311,18438,124,18955,247,287,398,14872,284,11566,644,26438,California
Imperial,2021-03-10,685,38365,313,18751,267,19222,105,392,322,14937,362,11928,427,26865,California
Imperial,2021-03-11,1794,40159,479,19230,1123,20345,192,584,1192,15733,599,12527,1395,28260,California
Imperial,2021-03-12,4736,44895,3441,22671,1108,21453,187,771,3043,17275,1688,14215,3230,31490,California
Imperial,2021-03-13,1157,46052,94,22765,838,22291,225,996,861,18073,293,14508,1091,32581,California
Imperial,2021-03-14,176,46228,36,22801,126,22417,14,1010,140,18192,36,14544,155,32736,California
Imperial,2021-03-15,687,46915,227,23028,201,22618,259,1269,390,18546,295,14839,649,33385,California
Imperial,2021-03-16,1102,48017,275,23303,360,22978,467,1736,551,19014,549,15388,1017,34402,California
Imperial,2021-03-17,1600,49617,692,23995,771,23749,137,1873,1015,19589,578,15966,1153,35555,California
Imperial,2021-03-18,1805,51422,1193,25188,552,24301,60,1933,1271,20391,531,16497,1333,36888,California
Imperial,2021-03-19,3743,55165,2745,27933,994,25295,4,1937,1887,20435,1848,18345,1892,38780,California
Imperial,2021-03-20,1762,56927,553,28486,1204,26499,5,1942,1313,21316,443,18788,1324,40104,California
Imperial,2021-03-21,217,57144,35,28521,178,26677,4,1946,159,21425,58,18846,167,40271,California
Imperial,2021-03-22,1047,58191,339,28860,701,27378,7,1953,622,21632,424,19270,631,40902,California
Imperial,2021-03-23,1423,59614,437,29297,979,28357,7,1960,921,22063,498,19768,929,41831,California
Imperial,2021-03-24,2128,61742,565,29862,1138,29495,425,2385,1152,22666,973,20741,1576,43407,California
Imperial,2021-03-25,3198,64940,690,30552,889,30384,1619,4004,1198,23479,1994,22735,2807,46214,California
Imperial,2021-03-26,3176,68116,1173,31725,1025,31409,978,4982,906,23103,2259,24994,1883,48097,California
Imperial,2021-03-27,614,68730,284,32009,278,31687,52,5034,445,23434,166,25160,497,48594,California
Imperial,2021-03-28,210,68940,51,32060,157,31844,2,5036,172,23571,37,25197,174,48768,California
Imperial,2021-03-29,1456,70396,348,32408,393,32237,715,5751,320,23471,1134,26331,1034,49802,California
Imperial,2021-03-30,2086,72482,686,33094,594,32831,806,6557,684,23560,1402,27733,1491,51293,California
Imperial,2021-03-31,1542,74024,728,33822,808,33639,6,6563,1021,24068,518,28251,1026,52319,California
Imperial,2021-04-01,2031,76055,423,34245,1364,35003,244,6807,872,24031,1153,29404,1116,53435,California
Imperial,2021-04-02,1931,77986,476,34721,1381,36384,74,6881,1318,24814,607,30011,1390,54825,California
Imperial,2021-04-03,1519,79505,430,35151,1010,37394,79,6960,702,24781,814,30825,781,55606,California
Imperial,2021-04-04,85,79590,40,35191,28,37422,17,6977,23,24759,62,30887,40,55646,California
Imperial,2021-04-05,3399,82989,2319,37510,915,38337,165,7142,805,23145,2584,33471,970,56616,California
Imperial,2021-04-06,1309,84298,527,38037,592,38929,190,7332,682,23395,623,34094,873,57489,California
Imperial,2021-04-07,2160,86458,556,38593,1227,40156,377,7709,1559,24726,606,34700,1937,59426,California
Imperial,2021-04-08,2204,88662,1079,39672,828,40984,297,8006,1069,24965,1132,35832,1371,60797,California
Imperial,2021-04-09,3206,91868,1657,41329,929,41913,620,8626,1501,25396,1699,37531,2130,62927,California
Imperial,2021-04-10,1279,93147,184,41513,822,42735,273,8899,215,24819,1062,38593,485,63412,California
Imperial,2021-04-11,219,93366,30,41543,157,42892,32,8931,75,24782,144,38737,107,63519,California
Imperial,2021-04-12,1437,94803,767,42310,449,43341,221,9152,814,25200,618,39355,1036,64555,California
Imperial,2021-04-13,2903,97706,1891,44201,1010,44351,2,9154,2026,26353,873,40228,2026,66581,California
Imperial,2021-04-14,2023,99729,944,45145,1079,45430,0,9154,1390,27117,627,40855,1391,67972,California
Imperial,2021-04-15,1977,101706,908,46053,1069,46499,0,9154,1354,27854,619,41474,1356,69328,California
Imperial,2021-04-16,3442,105148,1795,47848,1647,48146,0,9154,2150,28727,1278,42752,2151,71479,California
Imperial,2021-04-17,1816,106964,933,48781,881,49027,2,9156,1417,29753,394,43146,1420,72899,California
Imperial,2021-04-18,253,107217,71,48852,182,49209,0,9156,88,29678,163,43309,88,72987,California
Imperial,2021-04-19,837,108054,267,49119,570,49779,0,9156,467,29782,367,43676,471,73458,California
Imperial,2021-04-20,1321,109375,528,49647,793,50572,0,9156,738,29941,580,44256,739,74197,California
Imperial,2021-04-21,1373,110748,338,49985,1034,51606,1,9157,797,30168,570,44826,797,74994,California
Imperial,2021-04-22,2213,112961,806,50791,1407,53013,0,9157,1510,30987,693,45519,1512,76506,California
Imperial,2021-04-23,2804,115765,534,51325,2270,55283,0,9157,1083,30384,1690,47209,1087,77593,California
Imperial,2021-04-24,550,116315,326,51651,224,55507,0,9157,200,30237,347,47556,200,77793,California
Imperial,2021-04-25,264,116579,97,51748,167,55674,0,9157,134,30243,128,47684,134,77927,California
Imperial,2021-04-26,1159,117738,460,52208,695,56369,4,9161,685,30463,468,48152,688,78615,California
Imperial,2021-04-27,1047,118785,342,52550,695,57064,10,9171,529,30488,513,48665,538,79153,California
Imperial,2021-04-28,1486,120271,645,53195,812,57876,29,9200,672,30381,808,49473,701,79854,California
Imperial,2021-04-29,1819,122090,857,54052,916,58792,46,9246,810,30238,1000,50473,857,80711,California
Imperial,2021-04-30,3214,125304,1672,55724,1509,60301,33,9279,1568,30206,1634,52107,1602,82313,California
Imperial,2021-05-01,316,125620,124,55848,189,60490,3,9282,160,30214,156,52263,164,82477,California
Imperial,2021-05-02,83,125703,25,55873,56,60546,2,9284,51,30236,32,52295,54,82531,California
Imperial,2021-05-03,1621,127324,542,56415,1032,61578,47,9331,372,29417,1239,53534,420,82951,California
Imperial,2021-05-04,1747,129071,955,57370,765,62343,27,9358,531,28769,1206,54740,558,83509,California
Imperial,2021-05-05,1505,130576,892,58262,592,62935,21,9379,440,28178,1053,55793,462,83971,California
Imperial,2021-05-06,1674,132250,1107,59369,529,63464,38,9417,536,27620,1132,56925,574,84545,California
Imperial,2021-05-07,2416,134666,1344,60713,1027,64491,45,9462,834,26935,1567,58492,882,85427,California
Imperial,2021-05-08,555,135221,416,61129,131,64622,8,9470,160,26715,388,58880,168,85595,California
Imperial,2021-05-09,94,135315,63,61192,30,64652,1,9471,28,26681,63,58943,29,85624,California
Imperial,2021-05-10,1087,136402,279,61471,685,65337,123,9594,323,26369,757,59700,445,86069,California
Imperial,2021-05-11,1412,137814,456,61927,937,66274,19,9613,478,25945,925,60625,501,86570,California
Imperial,2021-05-12,843,138657,265,62192,540,66814,38,9651,289,25726,546,61171,327,86897,California
Imperial,2021-05-13,1571,140228,989,63181,511,67325,71,9722,671,25577,891,62062,742,87639,California
Imperial,2021-05-14,1730,141958,955,64136,717,68042,58,9780,1134,26183,586,62648,1192,88831,California
Imperial,2021-05-15,1212,143170,463,64599,729,68771,20,9800,458,25914,748,63396,479,89310,California
Imperial,2021-05-16,119,143289,80,64679,36,68807,3,9803,47,25893,71,63467,50,89360,California
Imperial,2021-05-17,1890,145179,700,65379,1148,69955,42,9845,678,25407,1207,64674,721,90081,California
Imperial,2021-05-18,1562,146741,788,66167,703,70658,71,9916,863,25648,693,65367,934,91015,California
Imperial,2021-05-19,1262,148003,592,66759,602,71260,68,9984,598,25657,657,66024,666,91681,California
Imperial,2021-05-20,1372,149375,909,67668,397,71657,66,10050,650,25662,712,66736,717,92398,California
Imperial,2021-05-21,1714,151089,1083,68751,570,72227,61,10111,875,25766,832,67568,936,93334,California
Imperial,2021-05-22,244,151333,163,68914,64,72291,17,10128,129,25801,111,67679,146,93480,California
Imperial,2021-05-23,68,151401,21,68935,39,72330,8,10136,23,25790,42,67721,31,93511,California
Imperial,2021-05-24,1215,152616,592,69527,570,72900,53,10189,495,25625,713,68434,548,94059,California
Imperial,2021-05-25,1298,153914,429,69956,837,73737,32,10221,474,25314,817,69251,506,94565,California
Imperial,2021-05-26,926,154840,487,70443,398,74135,41,10262,398,25229,523,69774,438,95003,California
Imperial,2021-05-27,1277,156117,695,71138,515,74650,67,10329,617,25259,654,70428,684,95687,California
Imperial,2021-05-28,957,157074,540,71678,353,75003,64,10393,356,25084,595,71023,420,96107,California
Imperial,2021-05-29,208,157282,113,71791,88,75091,7,10400,99,25082,108,71131,106,96213,California
Imperial,2021-05-30,95,157377,28,71819,65,75156,2,10402,64,25117,31,71162,66,96279,California
Imperial,2021-05-31,73,157450,18,71837,51,75207,4,10406,33,25114,40,71202,37,96316,California
Imperial,2021-06-01,574,158024,266,72103,263,75470,45,10451,208,25003,364,71566,253,96569,California
Inyo,2020-12-19,85,85,85,85,0,0,0,0,85,85,0,0,85,85,California
Inyo,2020-12-20,58,143,58,143,0,0,0,0,58,143,0,0,58,143,California
Inyo,2020-12-21,88,231,85,228,3,3,0,0,88,231,0,0,88,231,California
Inyo,2020-12-22,105,336,105,333,0,3,0,0,105,336,0,0,105,336,California
Inyo,2020-12-23,70,406,67,400,3,6,0,0,70,406,0,0,70,406,California
Inyo,2020-12-24,16,422,16,416,0,6,0,0,16,422,0,0,16,422,California
Inyo,2020-12-25,1,423,0,416,1,7,0,0,1,423,0,0,1,423,California
Inyo,2020-12-26,74,497,74,490,0,7,0,0,74,497,0,0,74,497,California
Inyo,2020-12-28,48,545,36,526,12,19,0,0,48,545,0,0,48,545,California
Inyo,2020-12-29,19,564,19,545,0,19,0,0,19,564,0,0,19,564,California
Inyo,2020-12-30,56,620,54,599,2,21,0,0,56,620,0,0,56,620,California
Inyo,2020-12-31,29,649,0,599,29,50,0,0,29,649,0,0,29,649,California
Inyo,2021-01-01,1,650,0,599,1,51,0,0,1,650,0,0,1,650,California
Inyo,2021-01-03,1,651,0,599,1,52,0,0,1,651,0,0,1,651,California
Inyo,2021-01-04,2,653,1,600,1,53,0,0,2,653,0,0,2,653,California
Inyo,2021-01-05,34,687,0,600,34,87,0,0,34,687,0,0,34,687,California
Inyo,2021-01-06,68,755,0,600,68,155,0,0,68,755,0,0,68,755,California
Inyo,2021-01-07,31,786,1,601,30,185,0,0,31,786,0,0,31,786,California
Inyo,2021-01-08,9,795,8,609,1,186,0,0,4,786,5,5,5,791,California
Inyo,2021-01-09,87,882,86,695,1,187,0,0,1,701,86,91,1,792,California
Inyo,2021-01-10,52,934,52,747,0,187,0,0,0,649,52,143,0,792,California
Inyo,2021-01-11,97,1031,82,829,15,202,0,0,16,584,81,224,16,808,California
Inyo,2021-01-12,139,1170,118,947,21,223,0,0,28,501,111,335,28,836,California
Inyo,2021-01-13,86,1256,68,1015,18,241,0,0,21,458,65,400,22,858,California
Inyo,2021-01-14,59,1315,13,1028,46,287,0,0,49,497,10,410,49,907,California
Inyo,2021-01-15,163,1478,28,1056,135,422,0,0,163,660,0,410,163,1070,California
Inyo,2021-01-16,74,1552,73,1129,1,423,0,0,1,588,73,483,1,1071,California
Inyo,2021-01-18,58,1610,36,1165,22,445,0,0,19,568,39,522,19,1090,California
Inyo,2021-01-19,114,1724,72,1237,42,487,0,0,97,648,17,539,97,1187,California
Inyo,2021-01-20,147,1871,71,1308,76,563,0,0,93,687,54,593,93,1280,California
Inyo,2021-01-21,120,1991,57,1365,63,626,0,0,119,805,1,594,119,1399,California
Inyo,2021-01-22,62,2053,0,1365,62,688,0,0,61,865,1,595,61,1460,California
Inyo,2021-01-23,52,2105,52,1417,0,688,0,0,52,917,0,595,52,1512,California
Inyo,2021-01-25,49,2154,6,1423,43,731,0,0,37,942,12,607,37,1549,California
Inyo,2021-01-26,135,2289,54,1477,81,812,0,0,129,1065,6,613,129,1678,California
Inyo,2021-01-27,24,2313,2,1479,22,834,0,0,23,1087,1,614,23,1701,California
Inyo,2021-01-28,92,2405,2,1481,90,924,0,0,63,1121,29,643,63,1764,California
Inyo,2021-01-29,25,2430,3,1484,22,946,0,0,23,1142,2,645,23,1787,California
Inyo,2021-01-30,11,2441,1,1485,10,956,0,0,11,1153,0,645,11,1798,California
Inyo,2021-01-31,32,2473,4,1489,28,984,0,0,4,1129,28,673,4,1802,California
Inyo,2021-02-01,10,2483,9,1498,1,985,0,0,0,1119,10,683,0,1802,California
Inyo,2021-02-02,130,2613,14,1512,116,1101,0,0,104,1197,26,709,104,1906,California
Inyo,2021-02-03,116,2729,0,1512,116,1217,0,0,74,1229,42,751,74,1980,California
Inyo,2021-02-04,151,2880,33,1545,118,1335,0,0,92,1262,59,810,92,2072,California
Inyo,2021-02-05,117,2997,61,1606,56,1391,0,0,115,1375,2,812,115,2187,California
Inyo,2021-02-06,4,3001,2,1608,2,1393,0,0,3,1377,1,813,3,2190,California
Inyo,2021-02-07,4,3005,2,1610,2,1395,0,0,4,1381,0,813,4,2194,California
Inyo,2021-02-08,117,3122,7,1617,110,1505,0,0,97,1458,20,833,97,2291,California
Inyo,2021-02-09,196,3318,52,1669,144,1649,0,0,125,1512,71,904,125,2416,California
Inyo,2021-02-10,141,3459,17,1686,124,1773,0,0,107,1585,34,938,107,2523,California
Inyo,2021-02-11,220,3679,56,1742,164,1937,0,0,126,1617,94,1032,126,2649,California
Inyo,2021-02-12,299,3978,51,1793,248,2185,0,0,167,1652,132,1164,167,2816,California
Inyo,2021-02-13,60,4038,55,1848,5,2190,0,0,8,1608,52,1216,8,2824,California
Inyo,2021-02-14,1,4039,0,1848,1,2191,0,0,1,1609,0,1216,1,2825,California
Inyo,2021-02-15,29,4068,9,1857,20,2211,0,0,5,1590,24,1240,5,2830,California
Inyo,2021-02-16,179,4247,50,1907,129,2340,0,0,92,1596,86,1326,92,2922,California
Inyo,2021-02-17,38,4285,4,1911,34,2374,0,0,8,1574,30,1356,8,2930,California
Inyo,2021-02-18,122,4407,6,1917,116,2490,0,0,79,1610,43,1399,79,3009,California
Inyo,2021-02-19,52,4459,4,1921,48,2538,0,0,9,1576,43,1442,9,3018,California
Inyo,2021-02-20,507,4966,503,2424,4,2542,0,0,505,2079,2,1444,505,3523,California
Inyo,2021-02-21,441,5407,441,2865,0,2542,0,0,441,2520,0,1444,441,3964,California
Inyo,2021-02-22,61,5468,19,2884,42,2584,0,0,27,2513,34,1478,27,3991,California
Inyo,2021-02-23,199,5667,20,2904,179,2763,0,0,95,2505,103,1581,95,4086,California
Inyo,2021-02-24,118,5785,0,2904,118,2881,0,0,57,2501,61,1642,57,4143,California
Inyo,2021-02-25,132,5917,5,2909,127,3008,0,0,62,2493,70,1712,62,4205,California
Inyo,2021-02-26,103,6020,60,2969,43,3051,0,0,19,2428,84,1796,19,4224,California
Inyo,2021-02-27,14,6034,3,2972,11,3062,0,0,2,2418,12,1808,2,4226,California
Inyo,2021-02-28,3,6037,1,2973,2,3064,0,0,2,2419,1,1809,2,4228,California
Inyo,2021-03-01,19,6056,2,2975,17,3081,0,0,17,2434,2,1811,17,4245,California
Inyo,2021-03-02,196,6252,1,2976,195,3276,0,0,111,2460,85,1896,111,4356,California
Inyo,2021-03-03,84,6336,3,2979,81,3357,0,0,41,2458,43,1939,41,4397,California
Inyo,2021-03-04,128,6464,4,2983,124,3481,0,0,46,2422,82,2021,46,4443,California
Inyo,2021-03-05,141,6605,56,3039,85,3566,0,0,38,2357,103,2124,38,4481,California
Inyo,2021-03-06,30,6635,1,3040,29,3595,0,0,29,2385,1,2125,29,4510,California
Inyo,2021-03-07,7,6642,4,3044,3,3598,0,0,5,2388,2,2127,5,4515,California
Inyo,2021-03-08,182,6824,5,3049,177,3775,0,0,91,2388,91,2218,91,4606,California
Inyo,2021-03-09,190,7014,3,3052,187,3962,0,0,74,2346,116,2334,74,4680,California
Inyo,2021-03-10,70,7084,8,3060,61,4023,1,1,30,2337,40,2374,31,4711,California
Inyo,2021-03-11,204,7288,1,3061,198,4221,5,6,74,2286,130,2504,79,4790,California
Inyo,2021-03-12,176,7464,4,3065,167,4388,5,11,78,2271,98,2602,83,4873,California
Inyo,2021-03-13,584,8048,549,3614,25,4413,10,21,72,1842,511,3113,82,4955,California
Inyo,2021-03-14,439,8487,438,4052,1,4414,0,21,5,1413,434,3547,5,4960,California
Inyo,2021-03-15,51,8538,15,4067,34,4448,2,23,30,1424,21,3568,32,4992,California
Inyo,2021-03-16,164,8702,4,4071,154,4602,6,29,64,1395,99,3667,70,5062,California
Inyo,2021-03-17,108,8810,3,4074,98,4700,7,36,92,1478,16,3683,99,5161,California
Inyo,2021-03-18,185,8995,16,4090,162,4862,7,43,104,1508,81,3764,111,5272,California
Inyo,2021-03-19,46,9041,4,4094,38,4900,4,47,36,1538,10,3774,40,5312,California
Inyo,2021-03-20,20,9061,1,4095,10,4910,9,56,1,1529,19,3793,10,5322,California
Inyo,2021-03-22,58,9119,2,4097,51,4961,5,61,38,1552,20,3813,43,5365,California
Inyo,2021-03-23,195,9314,4,4101,187,5148,4,65,105,1571,90,3903,109,5474,California
Inyo,2021-03-24,140,9454,3,4104,133,5281,4,69,86,1607,54,3957,90,5564,California
Inyo,2021-03-25,331,9785,110,4214,218,5499,3,72,265,1809,66,4023,268,5832,California
Inyo,2021-03-26,91,9876,3,4217,84,5583,4,76,71,1864,20,4043,75,5907,California
Inyo,2021-03-27,53,9929,45,4262,5,5588,3,79,47,1908,6,4049,50,5957,California
Inyo,2021-03-28,4,9933,1,4263,2,5590,1,80,1,1907,3,4052,2,5959,California
Inyo,2021-03-29,109,10042,2,4265,102,5692,5,85,82,1968,26,4078,87,6046,California
Inyo,2021-03-30,220,10262,2,4267,213,5905,5,90,108,1969,112,4190,113,6159,California
Inyo,2021-03-31,150,10412,4,4271,141,6046,5,95,109,2042,41,4231,114,6273,California
Inyo,2021-04-01,166,10578,4,4275,161,6207,1,96,117,2111,49,4280,118,6391,California
Inyo,2021-04-02,80,10658,1,4276,77,6284,2,98,51,2135,29,4309,53,6444,California
Inyo,2021-04-03,93,10751,47,4323,32,6316,14,112,5,2067,86,4395,18,6462,California
Inyo,2021-04-04,5,10756,4,4327,0,6316,1,113,1,2065,4,4399,2,6464,California
Inyo,2021-04-05,117,10873,1,4328,112,6428,4,117,29,2010,88,4487,33,6497,California
Inyo,2021-04-06,235,11108,5,4333,167,6595,63,180,103,2044,132,4619,166,6663,California
Inyo,2021-04-07,204,11312,2,4335,75,6670,127,307,47,2061,158,4777,175,6838,California
Inyo,2021-04-08,180,11492,15,4350,148,6818,17,324,80,2058,100,4877,97,6935,California
Inyo,2021-04-09,126,11618,7,4357,96,6914,23,347,37,2031,88,4965,61,6996,California
Inyo,2021-04-10,42,11660,1,4358,24,6938,17,364,3,2012,39,5004,20,7016,California
Inyo,2021-04-11,1,11661,0,4358,1,6939,0,364,1,2013,0,5004,1,7017,California
Inyo,2021-04-12,79,11740,0,4358,74,7013,5,369,41,2021,38,5042,46,7063,California
Inyo,2021-04-13,120,11860,4,4362,113,7126,3,372,61,2027,58,5100,64,7127,California
Inyo,2021-04-14,127,11987,2,4364,125,7251,0,372,42,1984,85,5185,42,7169,California
Inyo,2021-04-15,275,12262,117,4481,158,7409,0,372,79,1867,196,5381,79,7248,California
Inyo,2021-04-16,47,12309,5,4486,42,7451,0,372,19,1858,28,5409,19,7267,California
Inyo,2021-04-17,2,12311,1,4487,1,7452,0,372,1,1858,1,5410,1,7268,California
Inyo,2021-04-19,128,12439,43,4530,85,7537,0,372,43,1816,85,5495,43,7311,California
Inyo,2021-04-20,163,12602,2,4532,161,7698,0,372,79,1811,84,5579,79,7390,California
Inyo,2021-04-21,113,12715,4,4536,109,7807,0,372,32,1762,81,5660,32,7422,California
Inyo,2021-04-22,196,12911,1,4537,195,8002,0,372,51,1668,145,5805,51,7473,California
Inyo,2021-04-23,95,13006,4,4541,91,8093,0,372,22,1617,73,5878,22,7495,California
Inyo,2021-04-24,309,13315,308,4849,1,8094,0,372,304,1916,5,5883,304,7799,California
Inyo,2021-04-25,135,13450,134,4983,1,8095,0,372,135,2051,0,5883,135,7934,California
Inyo,2021-04-26,91,13541,0,4983,90,8185,1,373,10,1981,81,5964,11,7945,California
Inyo,2021-04-27,181,13722,6,4989,170,8355,5,378,44,1894,136,6100,49,7994,California
Inyo,2021-04-28,122,13844,2,4991,118,8473,2,380,20,1814,102,6202,22,8016,California
Inyo,2021-04-29,172,14016,56,5047,116,8589,0,380,77,1797,94,6296,77,8093,California
Inyo,2021-04-30,85,14101,5,5052,79,8668,1,381,24,1761,61,6357,25,8118,California
Inyo,2021-05-01,11,14112,3,5055,8,8676,0,381,9,1768,2,6359,9,8127,California
Inyo,2021-05-02,7,14119,3,5058,2,8678,2,383,4,1771,3,6362,6,8133,California
Inyo,2021-05-03,38,14157,1,5059,33,8711,4,387,5,1747,33,6395,9,8142,California
Inyo,2021-05-04,123,14280,2,5061,117,8828,4,391,22,1672,101,6496,26,8168,California
Inyo,2021-05-05,35,14315,0,5061,33,8861,2,393,11,1661,24,6520,13,8181,California
Inyo,2021-05-06,93,14408,5,5066,80,8941,8,401,13,1602,80,6600,21,8202,California
Inyo,2021-05-07,49,14457,4,5070,37,8978,8,409,24,1610,24,6624,32,8234,California
Inyo,2021-05-08,11,14468,2,5072,4,8982,5,414,4,1612,7,6631,9,8243,California
Inyo,2021-05-09,1,14469,0,5072,1,8983,0,414,0,1611,1,6632,0,8243,California
Inyo,2021-05-10,69,14538,1,5073,66,9049,2,416,30,1605,39,6671,33,8276,California
Inyo,2021-05-11,87,14625,1,5074,83,9132,3,419,20,1561,67,6738,23,8299,California
Inyo,2021-05-12,43,14668,1,5075,40,9172,2,421,11,1542,32,6770,13,8312,California
Inyo,2021-05-13,74,14742,1,5076,72,9244,1,422,11,1491,63,6833,12,8324,California
Inyo,2021-05-14,26,14768,3,5079,18,9262,5,427,12,1494,14,6847,17,8341,California
Inyo,2021-05-15,380,15148,367,5446,11,9273,2,429,87,1290,293,7140,89,8430,California
Inyo,2021-05-16,198,15346,198,5644,0,9273,0,429,71,1234,127,7267,71,8501,California
Inyo,2021-05-17,62,15408,2,5646,56,9329,4,433,19,1214,43,7310,23,8524,California
Inyo,2021-05-18,83,15491,2,5648,80,9409,1,434,17,1166,66,7376,18,8542,California
Inyo,2021-05-19,48,15539,2,5650,41,9450,5,439,14,1151,34,7410,19,8561,California
Inyo,2021-05-20,144,15683,81,5731,62,9512,1,440,34,1076,110,7520,35,8596,California
Inyo,2021-05-21,46,15729,17,5748,24,9536,5,445,17,1069,29,7549,22,8618,California
Inyo,2021-05-22,24,15753,14,5762,7,9543,3,448,17,1082,7,7556,20,8638,California
Inyo,2021-05-23,4,15757,3,5765,0,9543,1,449,2,1083,2,7558,3,8641,California
Inyo,2021-05-24,33,15790,5,5770,25,9568,3,452,13,1079,20,7578,16,8657,California
Inyo,2021-05-25,83,15873,40,5810,42,9610,1,453,49,1095,34,7612,50,8707,California
Inyo,2021-05-26,35,15908,7,5817,25,9635,3,456,11,1085,23,7635,13,8720,California
Inyo,2021-05-27,36,15944,8,5825,20,9655,8,464,10,1077,26,7661,18,8738,California
Inyo,2021-05-28,25,15969,6,5831,14,9669,5,469,8,1073,17,7678,13,8751,California
Inyo,2021-05-29,16,15985,5,5836,11,9680,0,469,8,1073,8,7686,8,8759,California
Inyo,2021-05-30,2,15987,0,5836,2,9682,0,469,0,1071,2,7688,0,8759,California
Inyo,2021-06-01,31,16018,11,5847,19,9701,1,470,16,1073,15,7703,17,8776,California
Kern,2020-12-15,1,1,1,1,0,0,0,0,1,1,0,0,1,1,California
Kern,2020-12-16,18,19,18,19,0,0,0,0,18,19,0,0,18,19,California
Kern,2020-12-17,164,183,164,183,0,0,0,0,164,183,0,0,164,183,California
Kern,2020-12-18,322,505,322,505,0,0,0,0,322,505,0,0,322,505,California
Kern,2020-12-19,98,603,98,603,0,0,0,0,99,604,0,0,99,604,California
Kern,2020-12-20,61,664,61,664,0,0,0,0,61,665,0,0,61,665,California
Kern,2020-12-21,671,1335,670,1334,1,1,0,0,671,1336,0,0,671,1336,California
Kern,2020-12-22,530,1865,527,1861,3,4,0,0,530,1866,0,0,530,1866,California
Kern,2020-12-23,558,2423,420,2281,138,142,0,0,558,2424,0,0,558,2424,California
Kern,2020-12-24,123,2546,44,2325,79,221,0,0,123,2547,0,0,123,2547,California
Kern,2020-12-25,1,2547,1,2326,0,221,0,0,1,2548,0,0,1,2548,California
Kern,2020-12-26,33,2580,1,2327,32,253,0,0,33,2581,0,0,33,2581,California
Kern,2020-12-27,35,2615,3,2330,32,285,0,0,35,2616,0,0,35,2616,California
Kern,2020-12-28,828,3443,664,2994,164,449,0,0,828,3444,0,0,828,3444,California
Kern,2020-12-29,745,4188,452,3446,293,742,0,0,744,4187,1,1,744,4188,California
Kern,2020-12-30,1204,5392,911,4357,293,1035,0,0,1204,5391,0,1,1204,5392,California
Kern,2020-12-31,277,5669,99,4456,178,1213,0,0,277,5668,0,1,277,5669,California
Kern,2021-01-01,16,5685,9,4465,7,1220,0,0,16,5684,0,1,16,5685,California
Kern,2021-01-02,79,5764,18,4483,61,1281,0,0,79,5763,0,1,79,5764,California
Kern,2021-01-03,23,5787,4,4487,19,1300,0,0,23,5786,0,1,23,5787,California
Kern,2021-01-04,556,6343,361,4848,195,1495,0,0,556,6342,0,1,556,6343,California
Kern,2021-01-05,1133,7476,738,5586,395,1890,0,0,1121,7451,12,13,1121,7464,California
Kern,2021-01-06,1162,8638,451,6037,711,2601,0,0,1132,8553,30,43,1132,8596,California
Kern,2021-01-07,1401,10039,489,6526,912,3513,0,0,1232,9617,168,211,1232,9828,California
Kern,2021-01-08,1627,11666,768,7294,859,4372,0,0,1329,10648,299,510,1330,11158,California
Kern,2021-01-09,227,11893,77,7371,150,4522,0,0,193,10807,34,544,193,11351,California
Kern,2021-01-10,194,12087,148,7519,46,4568,0,0,153,10919,41,585,153,11504,California
Kern,2021-01-11,1557,13644,985,8504,572,5140,0,0,1001,11364,556,1141,1001,12505,California
Kern,2021-01-12,1869,15513,811,9315,1058,6198,0,0,1358,12211,511,1652,1358,13863,California
Kern,2021-01-13,1851,17364,869,10184,982,7180,0,0,1431,13222,420,2072,1431,15294,California
Kern,2021-01-14,2187,19551,646,10830,1541,8721,0,0,2142,15318,46,2118,2142,17436,California
Kern,2021-01-15,2709,22260,857,11687,1852,10573,0,0,2612,17836,95,2213,2613,20049,California
Kern,2021-01-16,670,22930,211,11898,459,11032,0,0,635,18436,35,2248,635,20684,California
Kern,2021-01-17,73,23003,7,11905,66,11098,0,0,71,18505,2,2250,71,20755,California
Kern,2021-01-18,1647,24650,660,12565,987,12085,0,0,1480,19818,167,2417,1480,22235,California
Kern,2021-01-19,1855,26505,1034,13599,821,12906,0,0,1388,20740,467,2884,1389,23624,California
Kern,2021-01-20,2615,29120,1680,15279,935,13841,0,0,1912,21956,698,3582,1914,25538,California
Kern,2021-01-21,2116,31236,869,16148,1247,15088,0,0,1920,23681,195,3777,1920,27458,California
Kern,2021-01-22,2716,33952,1299,17447,1417,16505,0,0,2438,25842,277,4054,2438,29896,California
Kern,2021-01-23,1251,35203,542,17989,709,17214,0,0,1205,27001,46,4100,1205,31101,California
Kern,2021-01-24,154,35357,12,18001,142,17356,0,0,148,27143,6,4106,148,31249,California
Kern,2021-01-25,2386,37743,1086,19087,1300,18656,0,0,1901,28561,484,4590,1902,33151,California
Kern,2021-01-26,2773,40516,1128,20215,1645,20301,0,0,1913,29615,859,5449,1913,35064,California
Kern,2021-01-27,3562,44078,1905,22120,1657,21958,0,0,2861,31778,698,6147,2861,37925,California
Kern,2021-01-28,2874,46952,1358,23478,1516,23474,0,0,2443,33798,426,6573,2446,40371,California
Kern,2021-01-29,3784,50736,1802,25280,1982,25456,0,0,3238,36493,543,7116,3238,43609,California
Kern,2021-01-30,1329,52065,498,25778,831,26287,0,0,1279,37724,48,7164,1279,44888,California
Kern,2021-01-31,405,52470,277,26055,128,26415,0,0,270,37859,135,7299,270,45158,California
Kern,2021-02-01,2599,55069,991,27046,1608,28023,0,0,1885,39034,711,8010,1886,47044,California
Kern,2021-02-02,2752,57821,798,27844,1954,29977,0,0,2049,40381,703,8713,2050,49094,California
Kern,2021-02-03,3666,61487,1553,29397,2113,32090,0,0,2697,42116,962,9675,2697,51791,California
Kern,2021-02-04,3802,65289,1452,30849,2350,34440,0,0,2586,43496,1206,10881,2586,54377,California
Kern,2021-02-05,4856,70145,1990,32839,2866,37306,0,0,3095,44849,1742,12623,3095,57472,California
Kern,2021-02-06,1738,71883,768,33607,970,38276,0,0,1512,46138,223,12846,1512,58984,California
Kern,2021-02-07,283,72166,150,33757,133,38409,0,0,267,46391,14,12860,267,59251,California
Kern,2021-02-08,2572,74738,790,34547,1782,40191,0,0,1258,46355,1296,14156,1260,60511,California
Kern,2021-02-09,3038,77776,986,35533,2052,42243,0,0,1465,46256,1564,15720,1465,61976,California
Kern,2021-02-10,3793,81569,1661,37194,2132,44375,0,0,1873,46226,1904,17624,1874,63850,California
Kern,2021-02-11,4269,85838,1537,38731,2732,47107,0,0,2224,46419,2032,19656,2225,66075,California
Kern,2021-02-12,4957,90795,1893,40624,3064,50171,0,0,2477,46430,2466,22122,2477,68552,California
Kern,2021-02-13,2012,92807,729,41353,1283,51454,0,0,1165,46750,845,22967,1165,69717,California
Kern,2021-02-14,351,93158,12,41365,339,51793,0,0,269,46938,81,23048,269,69986,California
Kern,2021-02-15,2744,95902,896,42261,1848,53641,0,0,1211,46625,1524,24572,1211,71197,California
Kern,2021-02-16,2938,98840,712,42973,2226,55867,0,0,1649,46995,1280,25852,1650,72847,California
Kern,2021-02-17,4070,102910,2078,45051,1992,57859,0,0,1926,46784,2138,27990,1927,74774,California
Kern,2021-02-18,3765,106675,1488,46539,2277,60136,0,0,1627,46283,2128,30118,1627,76401,California
Kern,2021-02-19,4200,110875,1916,48455,2284,62420,0,0,1740,45570,2453,32571,1740,78141,California
Kern,2021-02-20,2581,113456,967,49422,1614,64034,0,0,1350,45693,1227,33798,1350,79491,California
Kern,2021-02-21,259,113715,153,49575,106,64140,0,0,90,45616,167,33965,90,79581,California
Kern,2021-02-22,2669,116384,1153,50728,1516,65656,0,0,1429,45812,1235,35200,1431,81012,California
Kern,2021-02-23,3559,119943,1129,51857,2430,68086,0,0,1984,46224,1573,36773,1985,82997,California
Kern,2021-02-24,5199,125142,2290,54147,2909,70995,0,0,3102,47233,2093,38866,3102,86099,California
Kern,2021-02-25,5373,130515,2456,56603,2917,73912,0,0,3191,48261,2163,41029,3191,89290,California
Kern,2021-02-26,6904,137419,3531,60134,3373,77285,0,0,4357,50079,2540,43569,4358,93648,California
Kern,2021-02-27,3960,141379,1986,62120,1974,79259,0,0,2618,51363,1334,44903,2618,96266,California
Kern,2021-02-28,917,142296,503,62623,413,79672,1,1,696,51841,219,45122,697,96963,California
Kern,2021-03-01,4003,146299,1819,64442,2180,81852,4,5,2686,53223,1308,46430,2690,99653,California
Kern,2021-03-02,4473,150772,1415,65857,3057,84909,1,6,2952,54665,1510,47940,2952,102605,California
Kern,2021-03-03,5928,156700,2811,68668,3117,88026,0,6,3832,56416,2082,50022,3833,106438,California
Kern,2021-03-04,5597,162297,2197,70865,3397,91423,3,9,3600,58035,1983,52005,3602,110040,California
Kern,2021-03-05,6671,168968,2862,73727,3790,95213,19,28,4231,59854,2431,54436,4250,114290,California
Kern,2021-03-06,4741,173709,1926,75653,2708,97921,107,135,3466,62158,1268,55704,3572,117862,California
Kern,2021-03-07,2060,175769,1591,77244,413,98334,56,191,1861,63877,198,55902,1917,119779,California
Kern,2021-03-08,2897,178666,922,78166,1754,100088,221,412,1525,64252,1369,57271,1744,121523,California
Kern,2021-03-09,3718,182384,808,78974,2527,102615,383,795,2317,65556,1393,58664,2697,124220,California
Kern,2021-03-10,6138,188522,2564,81538,2500,105115,1074,1869,3596,67697,2527,61191,4668,128888,California
Kern,2021-03-11,6339,194861,2444,83982,2869,107984,1026,2895,3779,69950,2549,63740,4802,133690,California
Kern,2021-03-12,7831,202692,3071,87053,3408,111392,1352,4247,4316,72106,3502,67242,5658,139348,California
Kern,2021-03-13,4662,207354,2526,89579,1801,113193,335,4582,3242,74266,1413,68655,3573,142921,California
Kern,2021-03-14,2298,209652,1522,91101,535,113728,241,4823,1777,75760,521,69176,2015,144936,California
Kern,2021-03-15,4267,213919,1100,92201,2454,116182,713,5536,2199,76609,2056,71232,2905,147841,California
Kern,2021-03-16,4346,218265,1015,93216,2799,118981,532,6068,2336,77474,2000,73232,2865,150706,California
Kern,2021-03-17,7482,225747,4052,97268,2880,121861,550,6618,4521,79595,2949,76181,5070,155776,California
Kern,2021-03-18,7276,233023,3681,100949,3010,124871,585,7203,4404,81728,2852,79033,4985,160761,California
Kern,2021-03-19,8982,242005,4983,105932,3344,128215,655,7858,4715,82840,4252,83285,5364,166125,California
Kern,2021-03-20,6182,248187,3827,109759,2181,130396,174,8032,3917,84678,2254,85539,4092,170217,California
Kern,2021-03-21,3046,251233,1929,111688,236,130632,881,8913,1846,86210,1194,86733,2726,172943,California
Kern,2021-03-22,3991,255224,1567,113255,2067,132699,357,9270,1939,86469,2037,88770,2296,175239,California
Kern,2021-03-23,4736,259960,1676,114931,2861,135560,199,9469,2484,86927,2223,90993,2681,177920,California
Kern,2021-03-24,7182,267142,3674,118605,3031,138591,477,9946,3657,87553,3507,94500,4133,182053,California
Kern,2021-03-25,6758,273900,2996,121601,3431,142022,331,10277,3278,87696,3463,97963,3606,185659,California
Kern,2021-03-26,9873,283773,4416,126017,4201,146223,1256,11533,4742,88579,5113,103076,5996,191655,California
Kern,2021-03-27,5703,289476,3996,130013,1579,147802,128,11661,3445,89895,2256,105332,3572,195227,California
Kern,2021-03-28,4683,294159,4192,134205,477,148279,14,11675,2954,91135,1728,107060,2968,198195,California
Kern,2021-03-29,4253,298412,1680,135885,2294,150573,279,11954,2610,92390,1631,108691,2886,201081,California
Kern,2021-03-30,5602,304014,1873,137758,3344,153917,385,12339,3074,93324,2524,111215,3458,204539,California
Kern,2021-03-31,8409,312423,4545,142303,3215,157132,649,12988,4352,94283,4041,115256,5000,209539,California
Kern,2021-04-01,7887,320310,3876,146179,3713,160845,298,13286,4226,95164,3640,118896,4521,214060,California
Kern,2021-04-02,8438,328748,4455,150634,3376,164221,607,13893,4217,95777,4205,123101,4818,218878,California
Kern,2021-04-03,5990,334738,3672,154306,2135,166356,183,14076,2663,95302,3318,126419,2843,221721,California
Kern,2021-04-04,1338,336076,875,155181,379,166735,84,14160,476,95003,859,127278,560,222281,California
Kern,2021-04-05,5373,341449,2224,157405,2379,169114,770,14930,2908,96207,2453,129731,3657,225938,California
Kern,2021-04-06,7108,348557,2471,159876,3264,172378,1373,16303,3567,97630,3517,133248,4940,230878,California
Kern,2021-04-07,9370,357927,5465,165341,2943,175321,962,17265,4570,98391,4781,138029,5542,236420,California
Kern,2021-04-08,8645,366572,4786,170127,2950,178271,909,18174,3713,98106,4909,142938,4624,241044,California
Kern,2021-04-09,10213,376785,5130,175257,4093,182364,990,19164,4339,97599,5849,148787,5342,246386,California
Kern,2021-04-10,6548,383333,3433,178690,1872,184236,1243,20407,2125,96551,4413,153200,3365,249751,California
Kern,2021-04-11,3833,387166,2892,181582,356,184592,585,20992,1249,95809,2572,155772,1830,251581,California
Kern,2021-04-12,4384,391550,984,182566,2427,187019,973,21965,1569,95552,2798,158570,2541,254122,California
Kern,2021-04-13,4284,395834,1409,183975,2850,189869,25,21990,2114,95534,2159,160729,2141,256263,California
Kern,2021-04-14,6042,401876,2965,186940,3055,192924,22,22012,2989,95506,3038,163767,3010,259273,California
Kern,2021-04-15,5268,407144,2469,189409,2797,195721,2,22014,2502,95261,2749,166516,2504,261777,California
Kern,2021-04-16,7245,414389,3435,192844,3809,199530,1,22015,2954,93950,4267,170783,2956,264733,California
Kern,2021-04-17,5893,420282,3854,196698,2039,201569,0,22015,2096,92265,3782,174565,2097,266830,California
Kern,2021-04-18,3776,424058,3539,200237,237,201806,0,22015,913,90323,2855,177420,913,267743,California
Kern,2021-04-19,3817,427875,1727,201964,2088,203894,2,22017,1411,89348,2386,179806,1411,269154,California
Kern,2021-04-20,4341,432216,1565,203529,2775,206669,1,22018,1635,88295,2690,182496,1637,270791,California
Kern,2021-04-21,5858,438074,3126,206655,2727,209396,5,22023,2131,86724,3705,186201,2134,272925,California
Kern,2021-04-22,4779,442853,2308,208963,2471,211867,0,22023,1689,85344,3070,189271,1690,274615,California
Kern,2021-04-23,6056,448909,2936,211899,3119,214986,1,22024,1893,83111,4127,193398,1894,276509,California
Kern,2021-04-24,4010,452919,2804,214703,1195,216181,11,22035,1443,82015,2549,195947,1453,277962,California
Kern,2021-04-25,1393,454312,1115,215818,278,216459,0,22035,817,82262,570,196517,817,278779,California
Kern,2021-04-26,3787,458099,1820,217638,1915,218374,52,22087,1035,80609,2742,199259,1089,279868,California
Kern,2021-04-27,4638,462737,2276,219914,2261,220635,101,22188,1406,78893,3220,202479,1504,281372,California
Kern,2021-04-28,6251,468988,3677,223591,2451,223086,123,22311,1775,76329,4459,206938,1895,283267,California
Kern,2021-04-29,5513,474501,3063,226654,2350,225436,100,22411,1622,74181,3871,210809,1723,284990,California
Kern,2021-04-30,5597,480098,3130,229784,2307,227743,160,22571,1620,71995,3965,214774,1779,286769,California
Kern,2021-05-01,2581,482679,1803,231587,719,228462,59,22630,956,71394,1615,216389,1014,287783,California
Kern,2021-05-02,1888,484567,1603,233190,263,228725,22,22652,692,70918,1190,217579,714,288497,California
Kern,2021-05-03,2486,487053,987,234177,1367,230092,132,22784,761,70101,1711,219290,894,289391,California
Kern,2021-05-04,3610,490663,1284,235461,2217,232309,109,22893,1257,69127,2338,221628,1364,290755,California
Kern,2021-05-05,4138,494801,2133,237594,1855,234164,150,23043,1368,67887,2756,224384,1516,292271,California
Kern,2021-05-06,3528,498329,1569,239163,1816,235980,143,23186,1083,66683,2427,226811,1223,293494,California
Kern,2021-05-07,4569,502898,2298,241461,2096,238076,175,23361,1278,64869,3265,230076,1451,294945,California
Kern,2021-05-08,2893,505791,1822,243283,956,239032,115,23476,900,63903,1979,232055,1013,295958,California
Kern,2021-05-09,1297,507088,1122,244405,145,239177,30,23506,448,63539,842,232897,478,296436,California
Kern,2021-05-10,2208,509296,845,245250,1264,240441,99,23605,642,62729,1549,234446,739,297175,California
Kern,2021-05-11,2600,511896,909,246159,1568,242009,123,23728,942,62147,1648,236094,1066,298241,California
Kern,2021-05-12,3519,515415,1394,247553,1976,243985,149,23877,1110,61009,2397,238491,1259,299500,California
Kern,2021-05-13,3335,518750,1733,249286,1460,245445,142,24019,1552,60928,1771,240262,1690,301190,California
Kern,2021-05-14,4262,523012,2526,251812,1519,246964,217,24236,1971,60842,2273,242535,2187,303377,California
Kern,2021-05-15,2910,525922,1898,253710,925,247889,87,24323,1545,61122,1352,243887,1632,305009,California
Kern,2021-05-16,1541,527463,1319,255029,183,248072,39,24362,885,61395,651,244538,924,305933,California
Kern,2021-05-17,2306,529769,995,256024,1164,249236,147,24509,1177,61601,1117,245655,1323,307256,California
Kern,2021-05-18,3131,532900,1426,257450,1575,250811,130,24639,1606,61827,1509,247164,1735,308991,California
Kern,2021-05-19,3806,536706,2375,259825,1304,252115,127,24766,1840,61839,1954,249118,1966,310957,California
Kern,2021-05-20,2914,539620,1583,261408,1200,253315,131,24897,1331,61737,1562,250680,1460,312417,California
Kern,2021-05-21,3376,542996,2074,263482,1184,254499,118,25015,1708,61921,1642,252322,1826,314243,California
Kern,2021-05-22,2589,545585,2012,265494,540,255039,37,25052,1218,61813,1362,253684,1254,315497,California
Kern,2021-05-23,1153,546738,1004,266498,131,255170,18,25070,608,61899,539,254223,625,316122,California
Kern,2021-05-24,1829,548567,776,267274,936,256106,117,25187,873,61938,948,255171,987,317109,California
Kern,2021-05-25,2358,550925,1094,268368,1183,257289,81,25268,1122,61917,1224,256395,1203,318312,California
Kern,2021-05-26,2723,553648,1571,269939,1058,258347,94,25362,1179,61657,1531,257926,1271,319583,California
Kern,2021-05-27,2224,555872,1088,271027,1037,259384,99,25461,1112,61777,1090,259016,1210,320793,California
Kern,2021-05-28,2675,558547,1383,272410,1198,260582,94,25555,1254,61718,1407,260423,1348,322141,California
Kern,2021-05-29,1876,560423,1239,273649,590,261172,47,25602,910,61728,946,261369,956,323097,California
Kern,2021-05-30,860,561283,702,274351,140,261312,18,25620,437,61766,416,261785,454,323551,California
Kern,2021-05-31,131,561414,42,274393,79,261391,10,25630,46,61740,82,261867,56,323607,California
Kern,2021-06-01,1179,562593,407,274800,735,262126,37,25667,456,61522,711,262578,493,324100,California
Kings,2020-12-16,1,1,1,1,0,0,0,0,1,1,0,0,1,1,California
Kings,2020-12-17,8,9,8,9,0,0,0,0,8,9,0,0,8,9,California
Kings,2020-12-18,12,21,12,21,0,0,0,0,12,21,0,0,12,21,California
Kings,2020-12-19,11,32,11,32,0,0,0,0,11,32,0,0,11,32,California
Kings,2020-12-20,13,45,13,45,0,0,0,0,13,45,0,0,13,45,California
Kings,2020-12-21,156,201,156,201,0,0,0,0,269,314,0,0,269,314,California
Kings,2020-12-22,143,344,143,344,0,0,0,0,140,454,0,0,140,454,California
Kings,2020-12-23,136,480,123,467,13,13,0,0,137,591,0,0,137,591,California
Kings,2020-12-24,11,491,9,476,2,15,0,0,11,602,0,0,11,602,California
Kings,2020-12-26,7,498,4,480,3,18,0,0,7,609,0,0,7,609,California
Kings,2020-12-27,4,502,4,484,0,18,0,0,4,613,0,0,4,613,California
Kings,2020-12-28,131,633,103,587,28,46,0,0,132,745,0,0,132,745,California
Kings,2020-12-29,77,710,50,637,27,73,0,0,78,823,0,0,78,823,California
Kings,2020-12-30,149,859,109,746,40,113,0,0,149,972,0,0,149,972,California
Kings,2020-12-31,45,904,6,752,39,152,0,0,45,1017,0,0,45,1017,California
Kings,2021-01-01,1,905,0,752,1,153,0,0,1,1018,0,0,1,1018,California
Kings,2021-01-02,10,915,9,761,1,154,0,0,10,1028,0,0,10,1028,California
Kings,2021-01-04,111,1026,41,802,70,224,0,0,111,1139,0,0,111,1139,California
Kings,2021-01-05,195,1221,39,841,156,380,0,0,195,1334,0,0,195,1334,California
Kings,2021-01-06,277,1498,178,1019,99,479,0,0,274,1605,3,3,274,1608,California
Kings,2021-01-07,181,1679,82,1101,99,578,0,0,173,1770,8,11,173,1781,California
Kings,2021-01-08,248,1927,54,1155,194,772,0,0,229,1980,19,30,229,2010,California
Kings,2021-01-09,63,1990,9,1164,54,826,0,0,55,2027,8,38,55,2065,California
Kings,2021-01-10,15,2005,3,1167,12,838,0,0,12,2036,3,41,12,2077,California
Kings,2021-01-11,518,2523,354,1521,164,1002,0,0,276,2071,242,283,277,2354,California
Kings,2021-01-12,349,2872,252,1773,97,1099,0,0,215,2155,131,414,215,2569,California
Kings,2021-01-13,422,3294,275,2048,147,1246,0,0,330,2393,92,506,330,2899,California
Kings,2021-01-14,208,3502,30,2078,178,1424,0,0,198,2571,21,527,199,3098,California
Kings,2021-01-15,418,3920,30,2108,388,1812,0,0,406,2965,12,539,406,3504,California
Kings,2021-01-16,28,3948,9,2117,19,1831,0,0,27,2991,1,540,27,3531,California
Kings,2021-01-17,9,3957,6,2123,3,1834,0,0,7,2996,2,542,7,3538,California
Kings,2021-01-18,172,4129,40,2163,132,1966,0,0,146,3116,26,568,146,3684,California
Kings,2021-01-19,379,4508,160,2323,219,2185,0,0,251,3239,128,696,251,3935,California
Kings,2021-01-20,237,4745,146,2469,91,2276,0,0,127,3261,105,801,127,4062,California
Kings,2021-01-21,212,4957,57,2526,155,2431,0,0,197,3441,17,818,197,4259,California
Kings,2021-01-22,102,5059,16,2542,86,2517,0,0,102,3538,5,823,102,4361,California
Kings,2021-01-23,26,5085,14,2556,12,2529,0,0,20,3552,6,829,20,4381,California
Kings,2021-01-24,4,5089,4,2560,0,2529,0,0,2,3552,2,831,2,4383,California
Kings,2021-01-25,126,5215,27,2587,99,2628,0,0,91,3608,35,866,91,4474,California
Kings,2021-01-26,153,5368,34,2621,119,2747,0,0,114,3683,39,905,114,4588,California
Kings,2021-01-27,322,5690,34,2655,288,3035,0,0,248,3858,73,978,248,4836,California
Kings,2021-01-28,329,6019,46,2701,283,3318,0,0,273,4075,56,1034,273,5109,California
Kings,2021-01-29,86,6105,26,2727,60,3378,0,0,69,4127,17,1051,69,5178,California
Kings,2021-01-30,1558,7663,31,2758,1527,4905,0,0,1555,5681,3,1054,1557,6735,California
Kings,2021-02-01,199,7862,64,2822,135,5040,0,0,72,5628,125,1179,72,6807,California
Kings,2021-02-02,232,8094,14,2836,218,5258,0,0,82,5561,149,1328,82,6889,California
Kings,2021-02-03,357,8451,191,3027,166,5424,0,0,201,5607,155,1483,201,7090,California
Kings,2021-02-04,398,8849,99,3126,299,5723,0,0,200,5610,197,1680,200,7290,California
Kings,2021-02-05,260,9109,15,3141,245,5968,0,0,101,5554,157,1837,101,7391,California
Kings,2021-02-06,61,9170,10,3151,51,6019,0,0,28,5549,33,1870,28,7419,California
Kings,2021-02-07,5,9175,3,3154,2,6021,0,0,3,5550,2,1872,3,7422,California
Kings,2021-02-08,174,9349,29,3183,145,6166,0,0,68,5512,106,1978,68,7490,California
Kings,2021-02-09,254,9603,57,3240,197,6363,0,0,110,5480,142,2120,110,7600,California
Kings,2021-02-10,286,9889,113,3353,173,6536,0,0,169,5532,117,2237,169,7769,California
Kings,2021-02-11,432,10321,65,3418,367,6903,0,0,316,5733,115,2352,316,8085,California
Kings,2021-02-12,622,10943,36,3454,586,7489,0,0,346,5804,275,2627,346,8431,California
Kings,2021-02-13,104,11047,6,3460,98,7587,0,0,78,5856,26,2653,78,8509,California
Kings,2021-02-14,102,11149,4,3464,98,7685,0,0,94,5942,8,2661,94,8603,California
Kings,2021-02-15,246,11395,5,3469,241,7926,0,0,137,5971,108,2769,137,8740,California
Kings,2021-02-16,488,11883,33,3502,455,8381,0,0,251,5986,236,3005,251,8991,California
Kings,2021-02-17,380,12263,23,3525,357,8738,0,0,243,6093,137,3142,244,9235,California
Kings,2021-02-18,156,12419,23,3548,133,8871,0,0,98,6133,58,3200,98,9333,California
Kings,2021-02-19,159,12578,24,3572,135,9006,0,0,103,6183,53,3253,103,9436,California
Kings,2021-02-20,171,12749,40,3612,131,9137,0,0,134,6280,37,3290,134,9570,California
Kings,2021-02-21,3,12752,2,3614,1,9138,0,0,3,6283,0,3290,3,9573,California
Kings,2021-02-22,110,12862,19,3633,91,9229,0,0,50,6273,60,3350,50,9623,California
Kings,2021-02-23,297,13159,70,3703,227,9456,0,0,180,6336,117,3467,180,9803,California
Kings,2021-02-24,597,13756,154,3857,443,9899,0,0,385,6509,212,3679,385,10188,California
Kings,2021-02-25,685,14441,131,3988,554,10453,0,0,466,6758,217,3896,466,10654,California
Kings,2021-02-26,667,15108,137,4125,530,10983,0,0,605,7301,62,3958,605,11259,California
Kings,2021-02-27,1516,16624,65,4190,1451,12434,0,0,580,6946,935,4893,580,11839,California
Kings,2021-02-28,1171,17795,597,4787,574,13008,0,0,674,7126,494,5387,674,12513,California
Kings,2021-03-01,263,18058,80,4867,183,13191,0,0,216,7295,47,5434,216,12729,California
Kings,2021-03-02,508,18566,242,5109,266,13457,0,0,458,7704,50,5484,459,13188,California
Kings,2021-03-03,640,19206,314,5423,326,13783,0,0,449,7964,189,5673,449,13637,California
Kings,2021-03-04,732,19938,352,5775,380,14163,0,0,632,8497,100,5773,633,14270,California
Kings,2021-03-05,1086,21024,368,6143,709,14872,9,9,966,9353,120,5893,976,15246,California
Kings,2021-03-06,514,21538,187,6330,314,15186,13,22,484,9820,30,5923,497,15743,California
Kings,2021-03-07,366,21904,224,6554,138,15324,4,26,358,10174,8,5931,362,16105,California
Kings,2021-03-08,374,22278,96,6650,225,15549,53,79,263,10378,111,6042,315,16420,California
Kings,2021-03-09,551,22829,252,6902,244,15793,55,134,443,10770,107,6149,499,16919,California
Kings,2021-03-10,575,23404,128,7030,356,16149,91,225,390,11066,184,6333,480,17399,California
Kings,2021-03-11,1035,24439,307,7337,618,16767,110,335,629,11401,404,6737,739,18138,California
Kings,2021-03-12,1379,25818,445,7782,840,17607,94,429,976,12073,401,7138,1073,19211,California
Kings,2021-03-13,682,26500,334,8116,304,17911,44,473,556,12548,126,7264,601,19812,California
Kings,2021-03-14,675,27175,101,8217,185,18096,389,862,201,12664,474,7738,590,20402,California
Kings,2021-03-15,703,27878,266,8483,322,18418,115,977,466,13011,236,7974,583,20985,California
Kings,2021-03-16,1058,28936,446,8929,550,18968,62,1039,720,13455,338,8312,782,21767,California
Kings,2021-03-17,1099,30035,418,9347,620,19588,61,1100,781,13985,319,8631,849,22616,California
Kings,2021-03-18,1124,31159,474,9821,427,20015,223,1323,774,14636,349,8980,1000,23616,California
Kings,2021-03-19,964,32123,469,10290,410,20425,85,1408,738,15247,225,9205,836,24452,California
Kings,2021-03-20,640,32763,255,10545,354,20779,31,1439,465,15577,173,9378,503,24955,California
Kings,2021-03-21,1417,34180,1087,11632,319,21098,11,1450,863,15897,554,9932,874,25829,California
Kings,2021-03-22,447,34627,199,11831,164,21262,84,1534,272,16082,175,10107,360,26189,California
Kings,2021-03-23,916,35543,508,12339,345,21607,63,1597,556,16346,358,10465,622,26811,California
Kings,2021-03-24,957,36500,487,12826,447,22054,23,1620,506,16428,449,10914,531,27342,California
Kings,2021-03-25,918,37418,465,13291,427,22481,26,1646,447,16432,469,11383,473,27815,California
Kings,2021-03-26,1294,38712,379,13670,830,23311,85,1731,515,16257,774,12157,599,28414,California
Kings,2021-03-27,641,39353,258,13928,371,23682,12,1743,158,15946,481,12638,170,28584,California
Kings,2021-03-28,672,40025,601,14529,64,23746,7,1750,405,16099,267,12905,420,29004,California
Kings,2021-03-29,467,40492,210,14739,196,23942,61,1811,259,16212,206,13111,319,29323,California
Kings,2021-03-30,858,41350,473,15212,347,24289,38,1849,425,16243,432,13543,463,29786,California
Kings,2021-03-31,767,42117,378,15590,316,24605,73,1922,423,16403,336,13879,496,30282,California
Kings,2021-04-01,778,42895,388,15978,300,24905,90,2012,352,16425,420,14299,442,30724,California
Kings,2021-04-02,1009,43904,448,16426,437,25342,124,2136,391,16327,613,14912,515,31239,California
Kings,2021-04-03,489,44393,345,16771,135,25477,9,2145,166,16186,317,15229,176,31415,California
Kings,2021-04-04,156,44549,82,16853,68,25545,6,2151,42,16121,113,15342,48,31463,California
Kings,2021-04-05,1055,45604,325,17178,477,26022,253,2404,236,15791,818,16160,488,31951,California
Kings,2021-04-06,1202,46806,450,17628,440,26462,312,2716,280,15464,919,17079,592,32543,California
Kings,2021-04-07,1360,48166,647,18275,527,26989,186,2902,357,15015,1000,18079,551,33094,California
Kings,2021-04-08,1612,49778,632,18907,728,27717,252,3154,364,14397,1241,19320,623,33717,California
Kings,2021-04-09,1155,50933,544,19451,433,28150,178,3332,234,13889,919,20239,411,34128,California
Kings,2021-04-10,590,51523,329,19780,159,28309,102,3434,168,13740,420,20659,271,34399,California
Kings,2021-04-11,352,51875,74,19854,271,28580,7,3441,194,13784,157,20816,201,34600,California
Kings,2021-04-12,698,52573,311,20165,187,28767,200,3641,193,13673,504,21320,393,34993,California
Kings,2021-04-13,904,53477,516,20681,388,29155,0,3641,287,13350,616,21936,293,35286,California
Kings,2021-04-14,1039,54516,575,21256,464,29619,0,3641,375,13062,664,22600,376,35662,California
Kings,2021-04-15,1048,55564,520,21776,527,30146,1,3642,450,12916,597,23197,451,36113,California
Kings,2021-04-16,770,56334,360,22136,410,30556,0,3642,257,12661,512,23709,257,36370,California
Kings,2021-04-17,458,56792,244,22380,214,30770,0,3642,186,12576,271,23980,186,36556,California
Kings,2021-04-18,562,57354,239,22619,323,31093,0,3642,43,12100,519,24499,43,36599,California
Kings,2021-04-19,531,57885,294,22913,237,31330,0,3642,285,12141,244,24743,285,36884,California
Kings,2021-04-20,738,58623,447,23360,291,31621,0,3642,236,11876,501,25244,236,37120,California
Kings,2021-04-21,642,59265,308,23668,334,31955,0,3642,222,11685,413,25657,222,37342,California
Kings,2021-04-22,553,59818,276,23944,277,32232,0,3642,202,11540,348,26005,203,37545,California
Kings,2021-04-23,664,60482,289,24233,375,32607,0,3642,327,11532,335,26340,327,37872,California
Kings,2021-04-24,246,60728,178,24411,67,32674,1,3643,118,11524,127,26467,119,37991,California
Kings,2021-04-25,200,60928,181,24592,19,32693,0,3643,164,11652,36,26503,164,38155,California
Kings,2021-04-26,300,61228,158,24750,139,32832,3,3646,189,11734,110,26613,192,38347,California
Kings,2021-04-27,408,61636,178,24928,211,33043,19,3665,170,11686,237,26850,189,38536,California
Kings,2021-04-28,510,62146,253,25181,237,33280,20,3685,263,11722,247,27097,283,38819,California
Kings,2021-04-29,288,62434,112,25293,165,33445,11,3696,135,11717,151,27248,146,38965,California
Kings,2021-04-30,366,62800,164,25457,185,33630,17,3713,153,11678,209,27457,170,39135,California
Kings,2021-05-01,230,63030,167,25624,53,33683,10,3723,74,11608,154,27611,84,39219,California
Kings,2021-05-02,168,63198,146,25770,22,33705,0,3723,126,11692,42,27653,126,39345,California
Kings,2021-05-03,473,63671,256,26026,204,33909,13,3736,122,11477,350,28003,135,39480,California
Kings,2021-05-04,519,64190,260,26286,239,34148,20,3756,161,11300,358,28361,181,39661,California
Kings,2021-05-05,551,64741,286,26572,245,34393,20,3776,137,11043,414,28775,157,39818,California
Kings,2021-05-06,541,65282,270,26842,248,34641,23,3799,121,10769,418,29193,144,39962,California
Kings,2021-05-07,365,65647,209,27051,142,34783,14,3813,147,10714,216,29409,161,40123,California
Kings,2021-05-08,229,65876,166,27217,52,34835,11,3824,74,10644,155,29564,85,40208,California
Kings,2021-05-09,192,66068,64,27281,128,34963,0,3824,40,10532,152,29716,40,40248,California
Kings,2021-05-10,339,66407,263,27544,66,35029,10,3834,115,10433,223,29939,124,40372,California
Kings,2021-05-11,373,66780,230,27774,115,35144,28,3862,117,10323,256,30195,146,40518,California
Kings,2021-05-12,372,67152,140,27914,219,35363,13,3875,160,10286,210,30405,173,40691,California
Kings,2021-05-13,385,67537,135,28049,232,35595,18,3893,149,10217,236,30641,167,40858,California
Kings,2021-05-14,463,68000,316,28365,116,35711,31,3924,241,10268,221,30862,272,41130,California
Kings,2021-05-15,348,68348,249,28614,82,35793,17,3941,194,10325,154,31016,211,41341,California
Kings,2021-05-16,250,68598,222,28836,27,35820,1,3942,79,10234,171,31187,80,41421,California
Kings,2021-05-17,405,69003,323,29159,65,35885,17,3959,218,10284,185,31372,235,41656,California
Kings,2021-05-18,390,69393,274,29433,103,35988,13,3972,226,10360,164,31536,240,41896,California
Kings,2021-05-19,574,69967,282,29715,270,36258,22,3994,231,10272,341,31877,253,42149,California
Kings,2021-05-20,398,70365,193,29908,178,36436,27,4021,241,10384,157,32034,269,42418,California
Kings,2021-05-21,450,70815,218,30126,222,36658,10,4031,225,10398,221,32255,235,42653,California
Kings,2021-05-22,254,71069,204,30330,39,36697,11,4042,192,10541,60,32315,203,42856,California
Kings,2021-05-23,200,71269,198,30528,2,36699,0,4042,97,10535,103,32418,97,42953,California
Kings,2021-05-24,248,71517,163,30691,71,36770,14,4056,122,10545,126,32544,136,43089,California
Kings,2021-05-25,383,71900,260,30951,102,36872,21,4077,237,10658,145,32689,258,43347,California
Kings,2021-05-26,306,72206,124,31075,164,37036,18,4095,133,10636,173,32862,151,43498,California
Kings,2021-05-27,328,72534,183,31258,127,37163,18,4113,184,10697,141,33003,202,43700,California
Kings,2021-05-28,289,72823,141,31399,130,37293,18,4131,140,10708,146,33149,157,43857,California
Kings,2021-05-29,170,72993,98,31497,60,37353,12,4143,86,10723,83,33232,98,43955,California
Kings,2021-05-30,127,73120,111,31608,14,37367,2,4145,68,10734,59,33291,70,44025,California
Kings,2021-05-31,38,73158,19,31627,17,37384,2,4147,14,10726,24,33315,16,44041,California
Kings,2021-06-01,167,73325,94,31721,59,37443,14,4161,46,10665,120,33435,59,44100,California
Lake,2020-12-17,4,4,4,4,0,0,0,0,4,4,0,0,4,4,California
Lake,2020-12-18,51,55,51,55,0,0,0,0,51,55,0,0,51,55,California
Lake,2020-12-19,3,58,3,58,0,0,0,0,3,58,0,0,3,58,California
Lake,2020-12-20,6,64,6,64,0,0,0,0,6,64,0,0,6,64,California
Lake,2020-12-21,87,151,87,151,0,0,0,0,87,151,0,0,87,151,California
Lake,2020-12-22,63,214,60,211,3,3,0,0,63,214,0,0,63,214,California
Lake,2020-12-23,124,338,115,326,9,12,0,0,124,338,0,0,124,338,California
Lake,2020-12-24,2,340,0,326,2,14,0,0,2,340,0,0,2,340,California
Lake,2020-12-26,2,342,2,328,0,14,0,0,2,342,0,0,2,342,California
Lake,2020-12-27,2,344,2,330,0,14,0,0,2,344,0,0,2,344,California
Lake,2020-12-28,52,396,43,373,9,23,0,0,52,396,0,0,52,396,California
Lake,2020-12-29,50,446,45,418,5,28,0,0,50,446,0,0,50,446,California
Lake,2020-12-30,129,575,122,540,7,35,0,0,129,575,0,0,129,575,California
Lake,2020-12-31,67,642,64,604,3,38,0,0,67,642,0,0,67,642,California
Lake,2021-01-01,1,643,0,604,1,39,0,0,1,643,0,0,1,643,California
Lake,2021-01-02,2,645,1,605,1,40,0,0,2,645,0,0,2,645,California
Lake,2021-01-04,88,733,21,626,67,107,0,0,88,733,0,0,88,733,California
Lake,2021-01-05,120,853,59,685,61,168,0,0,118,849,2,2,118,851,California
Lake,2021-01-06,105,958,65,750,40,208,0,0,103,950,2,4,103,954,California
Lake,2021-01-07,108,1066,85,835,23,231,0,0,99,1040,9,13,99,1053,California
Lake,2021-01-08,153,1219,124,959,29,260,0,0,101,1089,52,65,101,1154,California
Lake,2021-01-09,63,1282,61,1020,2,262,0,0,59,1144,4,69,59,1213,California
Lake,2021-01-10,3,1285,3,1023,0,262,0,0,0,1141,3,72,0,1213,California
Lake,2021-01-11,192,1477,151,1174,41,303,0,0,112,1173,80,152,112,1325,California
Lake,2021-01-12,81,1558,48,1222,33,336,0,0,57,1206,24,176,57,1382,California
Lake,2021-01-13,167,1725,114,1336,53,389,0,0,108,1255,59,235,108,1490,California
Lake,2021-01-14,149,1874,48,1384,101,490,0,0,127,1360,22,257,127,1617,California
Lake,2021-01-15,218,2092,92,1476,126,616,0,0,191,1524,27,284,191,1808,California
Lake,2021-01-16,134,2226,81,1557,53,669,0,0,132,1654,2,286,132,1940,California
Lake,2021-01-17,18,2244,6,1563,12,681,0,0,12,1660,6,292,12,1952,California
Lake,2021-01-18,246,2490,227,1790,19,700,0,0,125,1664,121,413,125,2077,California
Lake,2021-01-19,313,2803,119,1909,194,894,0,0,267,1886,46,459,268,2345,California
Lake,2021-01-20,423,3226,81,1990,342,1236,0,0,358,2180,64,523,358,2703,California
Lake,2021-01-21,435,3661,49,2039,386,1622,0,0,400,2545,35,558,400,3103,California
Lake,2021-01-22,318,3979,46,2085,272,1894,0,0,282,2791,36,594,282,3385,California
Lake,2021-01-23,123,4102,5,2090,118,2012,0,0,122,2912,1,595,122,3507,California
Lake,2021-01-24,5,4107,2,2092,3,2015,0,0,5,2917,0,595,5,3512,California
Lake,2021-01-25,259,4366,96,2188,163,2178,0,0,177,3012,82,677,177,3689,California
Lake,2021-01-26,430,4796,36,2224,394,2572,0,0,407,3396,23,700,407,4096,California
Lake,2021-01-27,359,5155,41,2265,318,2890,0,0,331,3700,28,728,332,4428,California
Lake,2021-01-28,498,5653,161,2426,337,3227,0,0,368,3938,130,858,368,4796,California
Lake,2021-01-29,639,6292,86,2512,553,3780,0,0,579,4457,60,918,579,5375,California
Lake,2021-01-30,553,6845,44,2556,509,4289,0,0,547,4998,6,924,547,5922,California
Lake,2021-01-31,14,6859,8,2564,6,4295,0,0,12,5008,2,926,12,5934,California
Lake,2021-02-01,180,7039,18,2582,162,4457,0,0,166,5160,14,940,166,6100,California
Lake,2021-02-02,564,7603,152,2734,412,4869,0,0,398,5392,166,1106,398,6498,California
Lake,2021-02-03,445,8048,33,2767,412,5281,0,0,340,5627,105,1211,340,6838,California
Lake,2021-02-04,121,8169,70,2837,51,5332,0,0,72,5652,49,1260,74,6912,California
Lake,2021-02-05,380,8549,70,2907,310,5642,0,0,288,5850,90,1350,288,7200,California
Lake,2021-02-06,275,8824,40,2947,235,5877,0,0,264,6103,11,1361,264,7464,California
Lake,2021-02-07,2,8826,1,2948,1,5878,0,0,2,6105,0,1361,2,7466,California
Lake,2021-02-08,279,9105,207,3155,72,5950,0,0,159,6144,120,1481,159,7625,California
Lake,2021-02-09,345,9450,24,3179,321,6271,0,0,301,6402,43,1524,301,7926,California
Lake,2021-02-10,352,9802,54,3233,298,6569,0,0,274,6598,78,1602,274,8200,California
Lake,2021-02-11,176,9978,18,3251,158,6727,0,0,58,6538,118,1720,58,8258,California
Lake,2021-02-12,374,10352,29,3280,345,7072,0,0,286,6737,87,1807,286,8544,California
Lake,2021-02-13,247,10599,7,3287,240,7312,0,0,236,6962,11,1818,236,8780,California
Lake,2021-02-14,20,10619,5,3292,15,7327,0,0,6,6954,14,1832,6,8786,California
Lake,2021-02-15,171,10790,13,3305,158,7485,0,0,8,6800,162,1994,8,8794,California
Lake,2021-02-16,424,11214,23,3328,401,7886,0,0,176,6728,248,2242,176,8970,California
Lake,2021-02-17,351,11565,54,3382,297,8183,0,0,70,6518,280,2522,70,9040,California
Lake,2021-02-18,459,12024,70,3452,389,8572,0,0,115,6289,344,2866,115,9155,California
Lake,2021-02-19,422,12446,28,3480,394,8966,0,0,94,6055,328,3194,94,9249,California
Lake,2021-02-20,295,12741,61,3541,234,9200,0,0,252,6265,42,3236,252,9501,California
Lake,2021-02-21,6,12747,6,3547,0,9200,0,0,0,6259,6,3242,0,9501,California
Lake,2021-02-22,141,12888,24,3571,117,9317,0,0,43,6204,98,3340,43,9544,California
Lake,2021-02-23,214,13102,14,3585,200,9517,0,0,28,6046,186,3526,28,9572,California
Lake,2021-02-24,957,14059,378,3963,579,10096,0,0,417,5924,539,4065,417,9989,California
Lake,2021-02-25,732,14791,467,4430,265,10361,0,0,472,6139,257,4322,472,10461,California
Lake,2021-02-26,995,15786,304,4734,691,11052,0,0,350,5847,642,4964,350,10811,California
Lake,2021-02-27,410,16196,98,4832,312,11364,0,0,328,6093,82,5046,328,11139,California
Lake,2021-02-28,17,16213,11,4843,6,11370,0,0,10,6096,7,5053,10,11149,California
Lake,2021-03-01,596,16809,53,4896,543,11913,0,0,443,6386,153,5206,443,11592,California
Lake,2021-03-02,744,17553,17,4913,727,12640,0,0,289,6220,455,5661,289,11881,California
Lake,2021-03-03,369,17922,196,5109,173,12813,0,0,146,6143,223,5884,146,12027,California
Lake,2021-03-04,579,18501,507,5616,72,12885,0,0,562,6688,17,5901,562,12589,California
Lake,2021-03-05,1048,19549,52,5668,996,13881,0,0,186,6016,858,6759,186,12775,California
Lake,2021-03-06,34,19583,9,5677,24,13905,1,1,21,6025,13,6772,22,12797,California
Lake,2021-03-07,7,19590,5,5682,2,13907,0,1,4,6026,3,6775,4,12801,California
Lake,2021-03-08,339,19929,267,5949,63,13970,9,10,299,6294,40,6815,308,13109,California
Lake,2021-03-09,930,20859,42,5991,871,14841,17,27,406,6194,523,7338,423,13532,California
Lake,2021-03-10,205,21064,60,6051,131,14972,14,41,135,6274,70,7408,150,13682,California
Lake,2021-03-11,585,21649,48,6099,62,15034,475,516,47,6258,538,7946,522,14204,California
Lake,2021-03-12,851,22500,203,6302,623,15657,25,541,362,6157,488,8434,387,14591,California
Lake,2021-03-13,278,22778,22,6324,20,15677,236,777,16,6147,261,8695,251,14842,California
Lake,2021-03-14,11,22789,2,6326,9,15686,0,777,7,6150,4,8699,7,14849,California
Lake,2021-03-15,642,23431,14,6340,611,16297,17,794,482,6489,160,8859,499,15348,California
Lake,2021-03-16,1114,24545,834,7174,263,16560,17,811,445,6285,665,9524,461,15809,California
Lake,2021-03-17,248,24793,121,7295,105,16665,22,833,92,6243,156,9680,114,15923,California
Lake,2021-03-18,748,25541,373,7668,338,17003,37,870,371,6274,376,10056,407,16330,California
Lake,2021-03-19,582,26123,315,7983,247,17250,20,890,475,6663,106,10162,495,16825,California
Lake,2021-03-20,250,26373,9,7992,238,17488,3,893,31,6480,217,10379,34,16859,California
Lake,2021-03-21,16,26389,11,8003,4,17492,1,894,11,6487,5,10384,12,16871,California
Lake,2021-03-22,337,26726,256,8259,67,17559,14,908,251,6666,86,10470,265,17136,California
Lake,2021-03-23,429,27155,21,8280,395,17954,13,921,364,6979,64,10534,377,17513,California
Lake,2021-03-24,423,27578,62,8342,353,18307,8,929,326,7218,96,10630,335,17848,California
Lake,2021-03-25,676,28254,485,8827,185,18492,6,935,178,6903,498,11128,183,18031,California
Lake,2021-03-26,68,28322,33,8860,34,18526,1,936,32,6900,36,11164,33,18064,California
Lake,2021-03-27,309,28631,7,8867,299,18825,3,939,17,6630,290,11454,20,18084,California
Lake,2021-03-28,17,28648,8,8875,9,18834,0,939,11,6635,6,11460,11,18095,California
Lake,2021-03-29,989,29637,286,9161,701,19535,2,941,205,6060,782,12242,207,18302,California
Lake,2021-03-30,464,30101,315,9476,147,19682,2,943,366,6331,97,12339,368,18670,California
Lake,2021-03-31,616,30717,60,9536,556,20238,0,943,434,6592,173,12512,434,19104,California
Lake,2021-04-01,447,31164,234,9770,201,20439,12,955,186,6533,257,12769,198,19302,California
Lake,2021-04-02,222,31386,41,9811,153,20592,28,983,97,6533,125,12894,125,19427,California
Lake,2021-04-03,32,31418,6,9817,23,20615,3,986,13,6530,19,12913,16,19443,California
Lake,2021-04-04,20,31438,11,9828,7,20622,2,988,15,6542,5,12918,17,19460,California
Lake,2021-04-05,642,32080,70,9898,553,21175,19,1007,402,6726,237,13155,421,19881,California
Lake,2021-04-06,477,32557,17,9915,434,21609,26,1033,304,6884,172,13327,330,20211,California
Lake,2021-04-07,522,33079,57,9972,414,22023,51,1084,353,7122,167,13494,405,20616,California
Lake,2021-04-08,602,33681,492,10464,45,22068,65,1149,102,6796,497,13991,171,20787,California
Lake,2021-04-09,281,33962,39,10503,173,22241,69,1218,48,6682,230,14221,116,20903,California
Lake,2021-04-10,254,34216,15,10518,14,22255,225,1443,10,6673,244,14465,235,21138,California
Lake,2021-04-11,22,34238,17,10535,3,22258,2,1445,7,6667,15,14480,9,21147,California
Lake,2021-04-12,1068,35306,232,10767,803,23061,33,1478,237,6107,830,15310,270,21417,California
Lake,2021-04-13,181,35487,110,10877,71,23132,0,1478,54,6035,127,15437,55,21472,California
Lake,2021-04-14,614,36101,38,10915,576,23708,0,1478,549,6520,64,15501,549,22021,California
Lake,2021-04-15,640,36741,192,11107,448,24156,0,1478,331,6542,309,15810,331,22352,California
Lake,2021-04-16,265,37006,30,11137,234,24390,1,1479,74,6427,190,16000,75,22427,California
Lake,2021-04-17,43,37049,12,11149,31,24421,0,1479,33,6450,10,16010,33,22460,California
Lake,2021-04-18,8,37057,5,11154,3,24424,0,1479,0,6442,8,16018,0,22460,California
Lake,2021-04-19,297,37354,38,11192,259,24683,0,1479,246,6637,51,16069,246,22706,California
Lake,2021-04-20,691,38045,277,11469,414,25097,0,1479,91,6130,599,16668,92,22798,California
Lake,2021-04-21,533,38578,64,11533,469,25566,0,1479,199,5995,334,17002,199,22997,California
Lake,2021-04-22,467,39045,50,11583,417,25983,0,1479,318,6165,148,17150,318,23315,California
Lake,2021-04-23,115,39160,60,11643,55,26038,0,1479,69,6188,46,17196,69,23384,California
Lake,2021-04-24,53,39213,9,11652,44,26082,0,1479,39,6213,14,17210,39,23423,California
Lake,2021-04-25,36,39249,19,11671,17,26099,0,1479,24,6225,12,17222,24,23447,California
Lake,2021-04-26,289,39538,80,11751,208,26307,1,1480,85,6107,204,17426,86,23533,California
Lake,2021-04-27,244,39782,22,11773,204,26511,18,1498,81,6043,163,17589,99,23632,California
Lake,2021-04-28,508,40290,48,11821,445,26956,15,1513,89,5729,417,18006,103,23735,California
Lake,2021-04-29,213,40503,84,11905,113,27069,16,1529,113,5758,100,18106,129,23864,California
Lake,2021-04-30,289,40792,46,11951,212,27281,31,1560,149,5798,140,18246,180,24044,California
Lake,2021-05-01,47,40839,26,11977,19,27300,2,1562,32,5817,15,18261,34,24078,California
Lake,2021-05-02,18,40857,9,11986,8,27308,1,1563,9,5818,9,18270,10,24088,California
Lake,2021-05-03,411,41268,27,12013,349,27657,35,1598,64,5571,346,18616,99,24187,California
Lake,2021-05-04,404,41672,216,12229,140,27797,48,1646,124,5464,279,18895,172,24359,California
Lake,2021-05-05,630,42302,45,12274,573,28370,12,1658,87,5022,540,19435,98,24457,California
Lake,2021-05-06,142,42444,19,12293,94,28464,29,1687,73,5054,69,19504,101,24558,California
Lake,2021-05-07,166,42610,30,12323,116,28580,20,1707,102,5114,62,19566,122,24680,California
Lake,2021-05-08,43,42653,8,12331,35,28615,0,1707,36,5143,7,19573,36,24716,California
Lake,2021-05-09,17,42670,2,12333,10,28625,5,1712,10,5151,7,19580,15,24731,California
Lake,2021-05-10,244,42914,12,12345,205,28830,27,1739,59,5053,184,19764,86,24817,California
Lake,2021-05-11,193,43107,27,12372,151,28981,15,1754,117,5110,76,19840,133,24950,California
Lake,2021-05-12,541,43648,31,12403,490,29471,20,1774,55,4698,486,20326,74,25024,California
Lake,2021-05-13,301,43949,58,12461,230,29701,13,1787,65,4542,234,20560,78,25102,California
Lake,2021-05-14,264,44213,81,12542,164,29865,19,1806,161,4620,101,20661,179,25281,California
Lake,2021-05-15,45,44258,18,12560,24,29889,3,1809,27,4632,18,20679,30,25311,California
Lake,2021-05-16,32,44290,18,12578,13,29902,1,1810,17,4635,15,20694,18,25329,California
Lake,2021-05-17,315,44605,44,12622,256,30158,15,1825,84,4506,228,20922,99,25428,California
Lake,2021-05-18,303,44908,67,12689,217,30375,19,1844,175,4573,127,21049,194,25622,California
Lake,2021-05-19,302,45210,57,12746,230,30605,15,1859,78,4443,223,21272,93,25715,California
Lake,2021-05-20,227,45437,60,12806,156,30761,11,1870,90,4407,137,21409,101,25816,California
Lake,2021-05-21,251,45688,53,12859,175,30936,23,1893,98,4377,151,21560,121,25937,California
Lake,2021-05-22,87,45775,51,12910,34,30970,2,1895,45,4382,42,21602,47,25984,California
Lake,2021-05-23,51,45826,27,12937,23,30993,1,1896,27,4386,24,21626,28,26012,California
Lake,2021-05-24,152,45978,36,12973,103,31096,13,1909,70,4387,82,21708,83,26095,California
Lake,2021-05-25,194,46172,51,13024,129,31225,14,1923,69,4346,124,21832,83,26178,California
Lake,2021-05-26,150,46322,45,13069,93,31318,12,1935,53,4316,95,21927,65,26243,California
Lake,2021-05-27,159,46481,45,13114,100,31418,14,1949,63,4298,95,22022,77,26320,California
Lake,2021-05-28,180,46661,22,13136,128,31546,30,1979,45,4238,135,22157,75,26395,California
Lake,2021-05-29,40,46701,14,13150,21,31567,5,1984,17,4237,23,22180,22,26417,California
Lake,2021-05-30,21,46722,7,13157,12,31579,2,1986,11,4240,10,22190,13,26430,California
Lake,2021-05-31,55,46777,19,13176,35,31614,1,1987,47,4280,8,22198,48,26478,California
Lake,2021-06-01,122,46899,15,13191,101,31715,6,1993,28,4220,93,22291,33,26511,California
Lassen,2020-12-16,8,8,8,8,0,0,0,0,8,8,0,0,8,8,California
Lassen,2020-12-17,6,14,6,14,0,0,0,0,6,14,0,0,6,14,California
Lassen,2020-12-18,1,15,1,15,0,0,0,0,1,15,0,0,1,15,California
Lassen,2020-12-19,5,20,5,20,0,0,0,0,5,20,0,0,5,20,California
Lassen,2020-12-20,2,22,2,22,0,0,0,0,2,22,0,0,2,22,California
Lassen,2020-12-21,11,33,11,33,0,0,0,0,11,33,0,0,11,33,California
Lassen,2020-12-22,22,55,22,55,0,0,0,0,22,55,0,0,22,55,California
Lassen,2020-12-23,6,61,6,61,0,0,0,0,6,61,0,0,6,61,California
Lassen,2020-12-24,11,72,11,72,0,0,0,0,11,72,0,0,11,72,California
Lassen,2020-12-28,3,75,2,74,1,1,0,0,3,75,0,0,3,75,California
Lassen,2020-12-29,35,110,35,109,0,1,0,0,35,110,0,0,35,110,California
Lassen,2020-12-30,36,146,35,144,1,2,0,0,36,146,0,0,36,146,California
Lassen,2020-12-31,49,195,42,186,7,9,0,0,49,195,0,0,49,195,California
Lassen,2021-01-02,1,196,0,186,1,10,0,0,1,196,0,0,1,196,California
Lassen,2021-01-04,15,211,2,188,13,23,0,0,15,211,0,0,15,211,California
Lassen,2021-01-05,193,404,52,240,141,164,0,0,193,404,0,0,193,404,California
Lassen,2021-01-06,95,499,44,284,51,215,0,0,87,484,8,8,88,492,California
Lassen,2021-01-07,43,542,7,291,36,251,0,0,37,515,6,14,37,529,California
Lassen,2021-01-08,50,592,2,293,48,299,0,0,50,565,0,14,50,579,California
Lassen,2021-01-09,12,604,6,299,6,305,0,0,12,577,0,14,12,591,California
Lassen,2021-01-11,27,631,5,304,22,327,0,0,27,604,0,14,27,618,California
Lassen,2021-01-12,48,679,28,332,20,347,0,0,30,616,18,32,30,648,California
Lassen,2021-01-13,162,841,19,351,143,490,0,0,147,748,15,47,147,795,California
Lassen,2021-01-14,162,1003,18,369,144,634,0,0,150,886,12,59,150,945,California
Lassen,2021-01-15,32,1035,6,375,26,660,0,0,32,918,0,59,32,977,California
Lassen,2021-01-16,34,1069,33,408,1,661,0,0,34,952,0,59,34,1011,California
Lassen,2021-01-17,1,1070,0,408,1,662,0,0,1,953,0,59,1,1012,California
Lassen,2021-01-18,5,1075,2,410,3,665,0,0,4,956,1,60,4,1016,California
Lassen,2021-01-19,186,1261,36,446,150,815,0,0,158,1086,28,88,158,1174,California
Lassen,2021-01-20,188,1449,100,546,88,903,0,0,105,1123,68,156,105,1279,California
Lassen,2021-01-21,145,1594,93,639,52,955,0,0,121,1226,18,174,121,1400,California
Lassen,2021-01-22,31,1625,18,657,13,968,0,0,21,1237,10,184,21,1421,California
Lassen,2021-01-23,2,1627,0,657,2,970,0,0,2,1239,0,184,2,1423,California
Lassen,2021-01-24,1,1628,0,657,1,971,0,0,1,1240,0,184,1,1424,California
Lassen,2021-01-25,12,1640,1,658,11,982,0,0,11,1250,1,185,11,1435,California
Lassen,2021-01-26,126,1766,12,670,114,1096,0,0,122,1368,4,189,122,1557,California
Lassen,2021-01-27,87,1853,35,705,52,1148,0,0,69,1419,18,207,69,1626,California
Lassen,2021-01-28,85,1938,15,720,70,1218,0,0,84,1502,1,208,84,1710,California
Lassen,2021-01-29,23,1961,7,727,16,1234,0,0,22,1523,1,209,22,1732,California
Lassen,2021-02-01,61,2022,4,731,57,1291,0,0,36,1534,25,234,36,1768,California
Lassen,2021-02-02,177,2199,12,743,165,1456,0,0,44,1445,133,367,44,1812,California
Lassen,2021-02-03,96,2295,21,764,75,1531,0,0,50,1449,46,413,50,1862,California
Lassen,2021-02-04,112,2407,15,779,97,1628,0,0,63,1463,49,462,63,1925,California
Lassen,2021-02-05,66,2473,12,791,54,1682,0,0,24,1445,42,504,24,1949,California
Lassen,2021-02-06,69,2542,34,825,35,1717,0,0,36,1449,32,536,36,1985,California
Lassen,2021-02-07,1,2543,1,826,0,1717,0,0,1,1450,0,536,1,1986,California
Lassen,2021-02-08,44,2587,4,830,40,1757,0,0,18,1442,26,562,18,2004,California
Lassen,2021-02-09,128,2715,7,837,121,1878,0,0,49,1412,79,641,49,2053,California
Lassen,2021-02-10,182,2897,21,858,161,2039,0,0,74,1378,108,749,74,2127,California
Lassen,2021-02-11,183,3080,16,874,167,2206,0,0,80,1356,102,851,80,2207,California
Lassen,2021-02-12,42,3122,11,885,31,2237,0,0,15,1344,27,878,15,2222,California
Lassen,2021-02-13,11,3133,3,888,8,2245,0,0,9,1351,2,880,9,2231,California
Lassen,2021-02-14,13,3146,0,888,13,2258,0,0,12,1362,1,881,12,2243,California
Lassen,2021-02-15,22,3168,3,891,19,2277,0,0,17,1375,4,885,17,2260,California
Lassen,2021-02-16,192,3360,4,895,188,2465,0,0,30,1245,160,1045,30,2290,California
Lassen,2021-02-17,183,3543,94,989,89,2554,0,0,10,1082,173,1218,10,2300,California
Lassen,2021-02-18,79,3622,22,1011,57,2611,0,0,19,1041,60,1278,19,2319,California
Lassen,2021-02-19,80,3702,60,1071,20,2631,0,0,17,995,63,1341,17,2336,California
Lassen,2021-02-20,8,3710,0,1071,8,2639,0,0,6,999,2,1343,6,2342,California
Lassen,2021-02-21,22,3732,2,1073,20,2659,0,0,18,1013,4,1347,18,2360,California
Lassen,2021-02-22,24,3756,10,1083,14,2673,0,0,6,1001,18,1365,6,2366,California
Lassen,2021-02-23,155,3911,11,1094,144,2817,0,0,43,932,112,1477,43,2409,California
Lassen,2021-02-24,164,4075,16,1110,148,2965,0,0,106,981,57,1534,106,2515,California
Lassen,2021-02-25,158,4233,21,1131,137,3102,0,0,99,1021,59,1593,99,2614,California
Lassen,2021-02-26,73,4306,16,1147,57,3159,0,0,36,1020,37,1630,36,2650,California
Lassen,2021-02-27,8,4314,7,1154,1,3160,0,0,3,1018,5,1635,3,2653,California
Lassen,2021-02-28,5,4319,0,1154,5,3165,0,0,3,1019,2,1637,3,2656,California
Lassen,2021-03-01,42,4361,4,1158,38,3203,0,0,8,994,33,1670,8,2664,California
Lassen,2021-03-02,106,4467,7,1165,99,3302,0,0,80,1049,25,1695,80,2744,California
Lassen,2021-03-03,167,4634,12,1177,155,3457,0,0,110,1102,57,1752,110,2854,California
Lassen,2021-03-04,149,4783,17,1194,132,3589,0,0,98,1150,50,1802,98,2952,California
Lassen,2021-03-05,49,4832,7,1201,18,3607,24,24,11,1147,38,1840,35,2987,California
Lassen,2021-03-06,55,4887,4,1205,29,3636,22,46,5,1124,50,1890,27,3014,California
Lassen,2021-03-07,57,4944,2,1207,0,3636,55,101,2,1126,55,1945,57,3071,California
Lassen,2021-03-08,89,5033,2,1209,7,3643,80,181,3,1123,86,2031,83,3154,California
Lassen,2021-03-09,137,5170,11,1220,109,3752,17,198,89,1181,48,2079,106,3260,California
Lassen,2021-03-10,173,5343,10,1230,161,3913,2,200,79,1169,93,2172,81,3341,California
Lassen,2021-03-11,183,5526,15,1245,161,4074,7,207,111,1218,69,2241,118,3459,California
Lassen,2021-03-12,34,5560,17,1262,13,4087,4,211,12,1212,22,2263,16,3475,California
Lassen,2021-03-13,48,5608,0,1262,2,4089,46,257,1,1211,47,2310,46,3521,California
Lassen,2021-03-14,14,5622,2,1264,11,4100,1,258,2,1202,12,2322,3,3524,California
Lassen,2021-03-15,34,5656,3,1267,31,4131,0,258,16,1200,18,2340,16,3540,California
Lassen,2021-03-16,93,5749,2,1269,85,4216,6,264,74,1261,19,2359,80,3620,California
Lassen,2021-03-17,1083,6832,9,1278,1069,5285,5,269,1064,2311,19,2378,1069,4689,California
Lassen,2021-03-18,93,6925,9,1287,83,5368,1,270,80,2379,13,2391,81,4770,California
Lassen,2021-03-19,17,6942,11,1298,2,5370,4,274,7,2380,10,2401,11,4781,California
Lassen,2021-03-20,28,6970,3,1301,22,5392,3,277,21,2397,7,2408,24,4805,California
Lassen,2021-03-21,34,7004,0,1301,34,5426,0,277,14,2392,19,2427,14,4819,California
Lassen,2021-03-22,58,7062,1,1302,57,5483,0,277,55,2444,3,2430,55,4874,California
Lassen,2021-03-23,120,7182,11,1313,108,5591,1,278,67,2459,53,2483,68,4942,California
Lassen,2021-03-24,213,7395,13,1326,199,5790,1,279,107,2463,104,2587,108,5050,California
Lassen,2021-03-25,152,7547,21,1347,131,5921,0,279,69,2449,83,2670,69,5119,California
Lassen,2021-03-26,78,7625,13,1360,26,5947,39,318,19,2448,58,2728,57,5176,California
Lassen,2021-03-27,19,7644,3,1363,1,5948,15,333,2,2448,17,2745,17,5193,California
Lassen,2021-03-28,18,7662,3,1366,5,5953,10,343,3,2446,15,2760,13,5206,California
Lassen,2021-03-29,52,7714,0,1366,27,5980,25,368,20,2460,31,2791,45,5251,California
Lassen,2021-03-30,197,7911,10,1376,161,6141,26,394,52,2393,145,2936,78,5329,California
Lassen,2021-03-31,147,8058,12,1388,113,6254,22,416,62,2393,84,3020,84,5413,California
Lassen,2021-04-01,165,8223,15,1403,131,6385,19,435,48,2344,116,3136,67,5480,California
Lassen,2021-04-02,30,8253,4,1407,3,6388,23,458,2,2341,28,3164,25,5505,California
Lassen,2021-04-03,12,8265,0,1407,2,6390,10,468,0,2339,12,3176,10,5515,California
Lassen,2021-04-04,7,8272,2,1409,0,6390,5,473,1,2339,6,3182,6,5521,California
Lassen,2021-04-05,22,8294,4,1413,11,6401,7,480,11,2346,11,3193,18,5539,California
Lassen,2021-04-06,183,8477,9,1422,144,6545,30,510,52,2297,131,3324,82,5621,California
Lassen,2021-04-07,134,8611,6,1428,91,6636,37,547,32,2266,102,3426,71,5692,California
Lassen,2021-04-08,166,8777,8,1436,102,6738,56,603,31,2222,131,3557,87,5779,California
Lassen,2021-04-09,51,8828,6,1442,10,6748,35,638,8,2222,42,3599,42,5821,California
Lassen,2021-04-10,9,8837,0,1442,2,6750,7,645,0,2221,8,3607,7,5828,California
Lassen,2021-04-11,5,8842,2,1444,0,6750,3,648,2,2223,3,3610,5,5833,California
Lassen,2021-04-12,31,8873,3,1447,15,6765,13,661,3,2211,28,3638,16,5849,California
Lassen,2021-04-13,129,9002,6,1453,123,6888,0,661,40,2163,88,3726,40,5889,California
Lassen,2021-04-14,987,9989,16,1469,971,7859,0,661,50,1277,936,4662,50,5939,California
Lassen,2021-04-15,147,10136,14,1483,133,7992,0,661,19,1168,128,4790,19,5958,California
Lassen,2021-04-16,12,10148,4,1487,8,8000,0,661,5,1166,7,4797,5,5963,California
Lassen,2021-04-17,22,10170,2,1489,20,8020,0,661,4,1152,18,4815,4,5967,California
Lassen,2021-04-18,5,10175,2,1491,3,8023,0,661,2,1151,3,4818,2,5969,California
Lassen,2021-04-19,32,10207,0,1491,32,8055,0,661,16,1151,16,4834,16,5985,California
Lassen,2021-04-20,138,10345,7,1498,131,8186,0,661,52,1117,86,4920,52,6037,California
Lassen,2021-04-21,164,10509,10,1508,154,8340,0,661,32,1019,130,5050,32,6069,California
Lassen,2021-04-22,103,10612,17,1525,86,8426,0,661,33,982,70,5120,33,6102,California
Lassen,2021-04-23,26,10638,1,1526,25,8451,0,661,20,996,6,5126,20,6122,California
Lassen,2021-04-24,9,10647,5,1531,4,8455,0,661,3,993,6,5132,3,6125,California
Lassen,2021-04-25,5,10652,0,1531,4,8459,1,662,3,995,2,5134,4,6129,California
Lassen,2021-04-26,40,10692,0,1531,36,8495,4,666,7,973,33,5167,11,6140,California
Lassen,2021-04-27,123,10815,9,1540,111,8606,3,669,70,993,53,5220,73,6213,California
Lassen,2021-04-28,84,10899,8,1548,74,8680,2,671,31,973,53,5273,33,6246,California
Lassen,2021-04-29,65,10964,6,1554,56,8736,3,674,22,956,42,5315,25,6271,California
Lassen,2021-04-30,13,10977,8,1562,2,8738,3,677,4,954,9,5324,7,6278,California
Lassen,2021-05-01,4,10981,0,1562,3,8741,1,678,3,957,1,5325,4,6282,California
Lassen,2021-05-02,11,10992,7,1569,4,8745,0,678,7,960,4,5329,7,6289,California
Lassen,2021-05-03,18,11010,1,1570,10,8755,7,685,3,955,15,5344,10,6299,California
Lassen,2021-05-04,71,11081,4,1574,59,8814,8,693,20,932,51,5395,28,6327,California
Lassen,2021-05-05,81,11162,4,1578,67,8881,10,703,26,914,54,5449,36,6363,California
Lassen,2021-05-06,83,11245,21,1599,40,8921,22,725,24,901,59,5508,46,6409,California
Lassen,2021-05-07,47,11292,32,1631,10,8931,5,730,39,937,8,5516,44,6453,California
Lassen,2021-05-08,11,11303,0,1631,5,8936,6,736,4,940,7,5523,10,6463,California
Lassen,2021-05-09,3,11306,1,1632,0,8936,2,738,0,939,3,5526,2,6465,California
Lassen,2021-05-10,13,11319,1,1633,9,8945,3,741,7,943,6,5532,10,6475,California
Lassen,2021-05-11,70,11389,1,1634,60,9005,9,750,19,920,51,5583,28,6503,California
Lassen,2021-05-12,41,11430,4,1638,32,9037,5,755,12,908,29,5612,17,6520,California
Lassen,2021-05-13,37,11467,11,1649,21,9058,5,760,12,900,25,5637,17,6537,California
Lassen,2021-05-14,23,11490,5,1654,10,9068,8,768,12,909,11,5648,20,6557,California
Lassen,2021-05-15,16,11506,2,1656,4,9072,10,778,4,911,12,5660,14,6571,California
Lassen,2021-05-16,7,11513,2,1658,3,9075,2,780,2,911,4,5664,4,6575,California
Lassen,2021-05-17,35,11548,3,1661,20,9095,12,792,11,910,24,5688,23,6598,California
Lassen,2021-05-18,95,11643,12,1673,70,9165,13,805,31,890,64,5752,44,6642,California
Lassen,2021-05-19,64,11707,6,1679,47,9212,11,816,11,859,52,5804,21,6663,California
Lassen,2021-05-20,30,11737,5,1684,16,9228,9,825,9,856,21,5825,18,6681,California
Lassen,2021-05-21,65,11802,31,1715,21,9249,13,838,35,874,30,5855,48,6729,California
Lassen,2021-05-22,16,11818,1,1716,7,9256,8,846,6,878,10,5865,14,6743,California
Lassen,2021-05-23,7,11825,4,1720,2,9258,1,847,1,874,6,5871,2,6745,California
Lassen,2021-05-24,13,11838,1,1721,9,9267,3,850,6,877,6,5877,9,6754,California
Lassen,2021-05-25,98,11936,5,1726,86,9353,7,857,32,850,66,5943,39,6793,California
Lassen,2021-05-26,59,11995,2,1728,43,9396,14,871,12,829,47,5990,26,6819,California
Lassen,2021-05-27,43,12038,17,1745,18,9414,8,879,11,817,31,6021,19,6838,California
Lassen,2021-05-28,71,12109,44,1789,19,9433,8,887,30,814,41,6062,38,6876,California
Lassen,2021-05-29,15,12124,1,1790,12,9445,2,889,9,819,6,6068,11,6887,California
Lassen,2021-05-30,2,12126,1,1791,0,9445,1,890,0,818,2,6070,1,6888,California
Lassen,2021-05-31,7,12133,0,1791,6,9451,1,891,1,814,6,6076,2,6890,California
Lassen,2021-06-01,26,12159,2,1793,20,9471,4,895,6,804,20,6096,10,6900,California
Los Angeles,2020-12-15,396,396,396,396,0,0,0,0,396,396,0,0,396,396,California
Los Angeles,2020-12-16,3586,3982,3586,3982,0,0,0,0,3586,3982,0,0,3586,3982,California
Los Angeles,2020-12-17,10291,14273,10291,14273,0,0,0,0,10292,14274,0,0,10292,14274,California
Los Angeles,2020-12-18,14558,28831,14535,28808,23,23,0,0,14558,28832,0,0,14558,28832,California
Los Angeles,2020-12-19,7234,36065,7225,36033,9,32,0,0,7235,36067,0,0,7235,36067,California
Los Angeles,2020-12-20,4605,40670,4597,40630,8,40,0,0,4607,40674,0,0,4607,40674,California
Los Angeles,2020-12-21,13731,54401,13714,54344,17,57,0,0,13731,54404,1,1,13731,54405,California
Los Angeles,2020-12-22,11552,65953,11161,65505,391,448,0,0,11553,65956,1,2,11553,65958,California
Los Angeles,2020-12-23,11972,77925,10202,75707,1770,2218,0,0,11972,77928,0,2,11972,77930,California
Los Angeles,2020-12-24,7041,84966,4268,79975,2773,4991,0,0,7043,84971,0,2,7043,84973,California
Los Angeles,2020-12-25,529,85495,422,80397,107,5098,0,0,529,85500,0,2,529,85502,California
Los Angeles,2020-12-26,2543,88038,2191,82588,352,5450,0,0,2542,88041,1,3,2542,88044,California
Los Angeles,2020-12-27,1773,89811,1036,83624,737,6187,0,0,1773,89814,0,3,1773,89817,California
Los Angeles,2020-12-28,10331,100142,6404,90028,3927,10114,0,0,10328,100141,1,4,10328,100145,California
Los Angeles,2020-12-29,11617,111759,6087,96115,5530,15644,0,0,11618,111759,0,4,11618,111763,California
Los Angeles,2020-12-30,14890,126649,8099,104214,6791,22435,0,0,14889,126648,0,4,14889,126652,California
Los Angeles,2020-12-31,7959,134608,2764,106978,5195,27630,0,0,7956,134602,2,6,7956,134608,California
Los Angeles,2021-01-01,1036,135644,289,107267,747,28377,0,0,1036,135638,0,6,1036,135644,California
Los Angeles,2021-01-02,4485,140129,1827,109094,2658,31035,0,0,4485,140123,0,6,4485,140129,California
Los Angeles,2021-01-03,957,141086,377,109471,580,31615,0,0,956,141078,1,7,956,141085,California
Los Angeles,2021-01-04,12738,153824,5017,114488,7721,39336,0,0,12723,153798,3,10,12723,153808,California
Los Angeles,2021-01-05,16088,169912,7407,121895,8681,48017,0,0,14175,166092,1885,1895,14179,167987,California
Los Angeles,2021-01-06,22722,192634,12242,134137,10480,58497,0,0,17088,177624,5565,7460,17097,185084,California
Los Angeles,2021-01-07,29421,222055,15948,150085,13473,71970,0,0,18866,185998,10507,17967,18881,203965,California
Los Angeles,2021-01-08,33190,255245,18022,168107,15168,87138,0,0,20920,194685,12244,30211,20931,224896,California
Los Angeles,2021-01-09,12399,267644,7161,175268,5238,92376,0,0,7514,197324,4882,35093,7521,232417,California
Los Angeles,2021-01-10,4699,272343,3732,179000,967,93343,0,0,1965,196556,2734,37827,1966,234383,California
Los Angeles,2021-01-11,25851,298194,16279,195279,9572,102915,0,0,14897,200520,10943,48770,14907,249290,California
Los Angeles,2021-01-12,29378,327572,16231,211510,13147,116062,0,0,19231,209634,10129,58899,19243,268533,California
Los Angeles,2021-01-13,29320,356892,15675,227185,13645,129707,0,0,20360,221057,8942,67841,20365,288898,California
Los Angeles,2021-01-14,29298,386190,12724,239909,16574,146281,0,0,23770,239330,5509,73350,23782,312680,California
Los Angeles,2021-01-15,33866,420056,12400,252309,21466,167747,0,0,30283,266064,3557,76907,30291,342971,California
Los Angeles,2021-01-16,17592,437648,4965,257274,12627,180374,0,0,15808,280101,1776,78683,15813,358784,California
Los Angeles,2021-01-17,5207,442855,2317,259591,2890,183264,0,0,4959,284815,247,78930,4961,363745,California
Los Angeles,2021-01-18,15650,458505,10105,269696,5545,188809,0,0,10923,291025,4715,83645,10925,374670,California
Los Angeles,2021-01-19,38652,497157,20631,290327,18021,206830,0,0,30835,314096,7776,91421,30847,405517,California
Los Angeles,2021-01-20,46313,543470,24198,314525,22115,228945,0,0,38822,345467,7461,98882,38832,444349,California
Los Angeles,2021-01-21,48813,592283,22457,336982,26356,255301,0,0,44527,385788,4221,103103,44542,488891,California
Los Angeles,2021-01-22,48169,640452,22355,359337,25814,281115,0,0,44728,427133,3395,106498,44740,533631,California
Los Angeles,2021-01-23,34092,674544,15729,375066,18363,299478,0,0,32032,457151,2027,108525,32045,565676,California
Los Angeles,2021-01-24,15747,690291,12218,387284,3529,303007,0,0,15198,471810,542,109067,15201,580877,California
Los Angeles,2021-01-25,39387,729678,16625,403909,22762,325769,0,0,30748,493965,8609,117676,30764,611641,California
Los Angeles,2021-01-26,49550,779228,24570,428479,24980,350749,0,0,41313,527096,8201,125877,41332,652973,California
Los Angeles,2021-01-27,50914,830142,25902,454381,25012,375761,0,0,41502,559350,9271,135148,41525,694498,California
Los Angeles,2021-01-28,48849,878991,23376,477757,25473,401234,0,0,40393,591425,8333,143481,40408,734906,California
Los Angeles,2021-01-29,49639,928630,25597,503354,24042,425276,0,0,39531,621218,9755,153236,39548,774454,California
Los Angeles,2021-01-30,30250,958880,15586,518940,14664,439940,0,0,25952,642955,4220,157456,25957,800411,California
Los Angeles,2021-01-31,12983,971863,10332,529272,2651,442591,0,0,12162,654314,807,158263,12166,812577,California
Los Angeles,2021-02-01,38687,1010550,16549,545821,22138,464729,0,0,28132,671937,10519,168782,28142,840719,California
Los Angeles,2021-02-02,44577,1055127,17931,563752,26646,491375,0,0,32377,692162,12159,180941,32384,873103,California
Los Angeles,2021-02-03,52222,1107349,19573,583325,32649,524024,0,0,37319,714832,14657,195598,37327,910430,California
Los Angeles,2021-02-04,57206,1164555,20675,604000,36531,560555,0,0,39133,736215,17764,213362,39147,949577,California
Los Angeles,2021-02-05,61400,1225955,21140,625140,40260,600815,0,0,39408,754062,21570,234932,39417,988994,California
Los Angeles,2021-02-06,35645,1261600,13399,638539,22246,623061,0,0,27176,772868,8392,243324,27198,1016192,California
Los Angeles,2021-02-07,10898,1272498,8465,647004,2433,625494,0,0,8501,778994,2382,245706,8508,1024700,California
Los Angeles,2021-02-08,46998,1319496,21729,668733,25269,650763,0,0,30755,793642,16109,261815,30757,1055457,California
Los Angeles,2021-02-09,56017,1375513,24762,693495,31255,682018,0,0,28530,794773,27406,289221,28537,1083994,California
Los Angeles,2021-02-10,66973,1442486,29390,722885,37583,719601,0,0,30714,789620,35877,325098,30724,1114718,California
Los Angeles,2021-02-11,58412,1500898,31227,754112,27185,746786,0,0,28233,788127,29730,354828,28237,1142955,California
Los Angeles,2021-02-12,59771,1560669,29892,784004,29879,776665,0,0,26094,780910,33328,388156,26111,1169066,California
Los Angeles,2021-02-13,33952,1594621,19759,803763,14193,790858,0,0,15541,778164,18325,406481,15579,1184645,California
Los Angeles,2021-02-14,21817,1616438,14893,818656,6924,797782,0,0,8765,773943,12989,419470,8768,1193413,California
Los Angeles,2021-02-15,32884,1649322,15968,834624,16916,814698,0,0,18061,777254,14756,434226,18067,1211480,California
Los Angeles,2021-02-16,64355,1713677,32683,867307,31672,846370,0,0,29921,772853,34335,468561,29934,1241414,California
Los Angeles,2021-02-17,64977,1778654,34613,901920,30364,876734,0,0,26530,761134,38255,506816,26536,1267950,California
Los Angeles,2021-02-18,68662,1847316,34861,936781,33801,910535,0,0,28667,750004,39808,546624,28678,1296628,California
Los Angeles,2021-02-19,58412,1905728,36074,972855,22338,932873,0,0,28631,748973,29678,576302,28647,1325275,California
Los Angeles,2021-02-20,32957,1938685,23990,996845,8967,941840,0,0,15878,747829,17030,593332,15886,1341161,California
Los Angeles,2021-02-21,22218,1960903,20551,1017396,1667,943507,0,0,11089,747871,11072,604404,11114,1352275,California
Los Angeles,2021-02-22,34626,1995529,25222,1042618,9404,952911,0,0,17881,749110,16664,621068,17903,1370178,California
Los Angeles,2021-02-23,54943,2050472,23722,1066340,31221,984132,0,0,21605,737513,33214,654282,21617,1391795,California
Los Angeles,2021-02-24,65074,2115546,28969,1095309,36105,1020237,0,0,28132,728903,36763,691045,28153,1419948,California
Los Angeles,2021-02-25,74214,2189760,33973,1129282,40241,1060478,0,0,38324,731520,35720,726765,38337,1458285,California
Los Angeles,2021-02-26,83772,2273532,38781,1168063,44991,1105469,0,0,47052,742116,36486,763251,47082,1505367,California
Los Angeles,2021-02-27,60300,2333832,26520,1194583,33776,1139245,4,4,30843,743694,29292,792543,30870,1536237,California
Los Angeles,2021-02-28,26896,2360728,18560,1213143,8333,1147578,3,7,18889,754691,7901,800444,18898,1555135,California
Los Angeles,2021-03-01,56922,2417650,32332,1245475,24562,1172140,28,35,34215,766419,22531,822975,34259,1589394,California
Los Angeles,2021-03-02,77627,2495277,37731,1283206,39893,1212033,3,38,48935,786814,28555,851530,48950,1638344,California
Los Angeles,2021-03-03,84609,2579886,43139,1326345,41456,1253489,14,52,53459,809340,30977,882507,53503,1691847,California
Los Angeles,2021-03-04,90688,2670574,46559,1372904,44117,1297606,12,64,57223,833314,33280,915787,57254,1749101,California
Los Angeles,2021-03-05,89985,2760559,44433,1417337,45522,1343128,30,94,60303,864200,29484,945271,60370,1809471,California
Los Angeles,2021-03-06,67319,2827878,34311,1451648,31180,1374308,1828,1922,43402,885662,23773,969044,45235,1854706,California
Los Angeles,2021-03-07,27231,2855109,20769,1472417,5632,1379940,830,2752,21070,901425,6132,975176,21895,1876601,California
Los Angeles,2021-03-08,52781,2907890,27911,1500328,22905,1402845,1965,4717,39889,930487,12789,987965,41851,1918452,California
Los Angeles,2021-03-09,81430,2989320,38687,1539015,39465,1442310,3278,7995,51877,956228,29403,1017368,55144,1973596,California
Los Angeles,2021-03-10,83082,3072402,40885,1579900,37314,1479624,4883,12878,52594,983346,30320,1047688,57438,2031034,California
Los Angeles,2021-03-11,92805,3165207,45311,1625211,40804,1520428,6690,19568,54356,1006087,38260,1085948,61001,2092035,California
Los Angeles,2021-03-12,98960,3264167,44563,1669774,40482,1560910,13915,33483,57688,1036622,41070,1127018,71605,2163640,California
Los Angeles,2021-03-13,75703,3339870,35790,1705564,27940,1588850,11973,45456,45233,1063481,30359,1157377,57218,2220858,California
Los Angeles,2021-03-14,39088,3378958,26293,1731857,10249,1599099,2546,48002,24005,1074999,15017,1172394,26535,2247393,California
Los Angeles,2021-03-15,74923,3453881,36518,1768375,32954,1632053,5451,53453,45397,1096476,29345,1201739,50822,2298215,California
Los Angeles,2021-03-16,99889,3553770,43677,1812052,50332,1682385,5880,59333,64703,1132026,34995,1236734,70545,2368760,California
Los Angeles,2021-03-17,97157,3650927,44027,1856079,44819,1727204,8311,67644,65007,1173264,31946,1268680,73184,2441944,California
Los Angeles,2021-03-18,101866,3752793,48714,1904793,47827,1775031,5325,72969,64657,1206307,36922,1305602,69965,2511909,California
Los Angeles,2021-03-19,109166,3861959,56937,1961730,47460,1822491,4769,77738,67313,1236754,41583,1347185,72030,2583939,California
Los Angeles,2021-03-20,76342,3938301,37719,1999449,34037,1856528,4586,82324,51819,1268802,24339,1371524,56387,2640326,California
Los Angeles,2021-03-21,34618,3972919,25754,2025203,7963,1864491,901,83225,22216,1279635,12282,1383806,23115,2663441,California
Los Angeles,2021-03-22,70792,4043711,41569,2066772,27070,1891561,2153,85378,49694,1310640,20838,1404644,51843,2715284,California
Los Angeles,2021-03-23,96354,4140065,52109,2118881,41017,1932578,3228,88606,58359,1334486,37729,1442373,61575,2776859,California
Los Angeles,2021-03-24,104876,4244941,55749,2174630,45980,1978558,3147,91753,60815,1354696,43740,1486113,63950,2840809,California
Los Angeles,2021-03-25,110566,4355507,59312,2233942,47366,2025924,3888,95641,62162,1372628,48104,1534217,66036,2906845,California
Los Angeles,2021-03-26,115220,4470727,63312,2297254,47732,2073656,4176,99817,63575,1388999,51358,1585575,67729,2974574,California
Los Angeles,2021-03-27,83538,4554265,44294,2341548,37111,2110767,2133,101950,42682,1393228,40592,1626167,44821,3019395,California
Los Angeles,2021-03-28,42167,4596432,28600,2370148,12982,2123749,585,102535,20053,1391884,21982,1648149,20638,3040033,California
Los Angeles,2021-03-29,82963,4679395,47132,2417280,34059,2157808,1772,104307,46082,1403072,36677,1684826,47865,3087898,California
Los Angeles,2021-03-30,108897,4788292,52015,2469295,50950,2208758,5932,110239,56924,1414169,51738,1736564,62835,3150733,California
Los Angeles,2021-03-31,122606,4910898,62091,2531386,51679,2260437,8836,119075,68603,1437882,53700,1790264,77413,3228146,California
Los Angeles,2021-04-01,133230,5044128,62551,2593937,55309,2315746,15370,134445,71884,1464081,61024,1851288,87223,3315369,California
Los Angeles,2021-04-02,132062,5176190,58800,2652737,57766,2373512,15496,149941,70289,1488453,61439,1912727,85811,3401180,California
Los Angeles,2021-04-03,98525,5274715,45120,2697857,39798,2413310,13607,163548,48481,1500621,49858,1962585,62026,3463206,California
Los Angeles,2021-04-04,39188,5313903,20512,2718369,12043,2425353,6633,170181,16360,1500828,22751,1985336,22958,3486164,California
Los Angeles,2021-04-05,93814,5407717,44432,2762801,39164,2464517,10218,180399,44534,1506477,49074,2034410,54723,3540887,California
Los Angeles,2021-04-06,121001,5528718,56973,2819774,43727,2508244,20301,200700,55450,1516860,65303,2099713,75686,3616573,California
Los Angeles,2021-04-07,120067,5648785,54629,2874403,44322,2552566,21116,221816,54287,1526725,65527,2165240,75392,3691965,California
Los Angeles,2021-04-08,132699,5781484,58516,2932919,50124,2602690,24059,245875,59939,1538264,72477,2237717,84016,3775981,California
Los Angeles,2021-04-09,131446,5912930,56934,2989853,50602,2653292,23910,269785,56332,1543762,74823,2312540,80321,3856302,California
Los Angeles,2021-04-10,101356,6014286,42968,3032821,34395,2687687,23993,293778,37083,1540820,64043,2376583,61101,3917403,California
Los Angeles,2021-04-11,41708,6055994,22544,3055365,9625,2697312,9539,303317,14130,1536951,27497,2404080,23628,3941031,California
Los Angeles,2021-04-12,78650,6134644,38450,3093815,33881,2731193,6319,309636,32134,1529036,46316,2450396,38401,3979432,California
Los Angeles,2021-04-13,117112,6251756,58977,3152792,57710,2788903,425,310061,61679,1535963,55198,2505594,62125,4041557,California
Los Angeles,2021-04-14,118688,6370444,59462,3212254,59095,2847998,131,310192,64311,1546293,54114,2559708,64444,4106001,California
Los Angeles,2021-04-15,129746,6500190,70212,3282466,59362,2907360,172,310364,74273,1565403,55200,2614908,74310,4180311,California
Los Angeles,2021-04-16,130071,6630261,68757,3351223,61172,2968532,142,310506,68431,1572547,61359,2676267,68503,4248814,California
Los Angeles,2021-04-17,98070,6728331,51288,3402511,46757,3015289,25,310531,55896,1586505,41962,2718229,55920,4304734,California
Los Angeles,2021-04-18,33854,6762185,22455,3424966,11398,3026687,1,310532,18452,1589637,15327,2733556,18459,4323193,California
Los Angeles,2021-04-19,74843,6837028,39606,3464572,35224,3061911,13,310545,33233,1581462,41430,2774986,33255,4356448,California
Los Angeles,2021-04-20,102864,6939892,50201,3514773,52641,3114552,22,310567,51101,1581063,51524,2826510,51125,4407573,California
Los Angeles,2021-04-21,109414,7049306,52672,3567445,56554,3171106,188,310755,48217,1568591,60877,2887387,48405,4455978,California
Los Angeles,2021-04-22,116226,7165532,59722,3627167,56471,3227577,33,310788,51250,1555205,64673,2952060,51287,4507265,California
Los Angeles,2021-04-23,114210,7279742,62576,3689743,51614,3279191,20,310808,54117,1549549,59792,3011852,54136,4561401,California
Los Angeles,2021-04-24,88492,7368234,57132,3746875,31334,3310525,26,310834,49163,1559645,39100,3050952,49196,4610597,California
Los Angeles,2021-04-25,37823,7406057,25145,3772020,12673,3323198,5,310839,20428,1562785,17293,3068245,20433,4631030,California
Los Angeles,2021-04-26,69457,7475514,37232,3809252,31776,3354974,449,311288,34140,1562254,35113,3103358,34582,4665612,California
Los Angeles,2021-04-27,86428,7561942,41850,3851102,42881,3397855,1697,312985,32964,1543707,53196,3156554,34649,4700261,California
Los Angeles,2021-04-28,84755,7646697,40916,3892018,41803,3439658,2036,315021,33049,1527371,51408,3207962,35072,4735333,California
Los Angeles,2021-04-29,91279,7737976,45451,3937469,43692,3483350,2136,317157,32340,1503274,58565,3266527,34468,4769801,California
Los Angeles,2021-04-30,98953,7836929,49168,3986637,47388,3530738,2397,319554,35692,1478486,62861,3329388,38073,4807874,California
Los Angeles,2021-05-01,75084,7912013,42168,4028805,31417,3562155,1499,321053,28257,1461699,46538,3375926,29751,4837625,California
Los Angeles,2021-05-02,27914,7939927,17912,4046717,9269,3571424,733,321786,10100,1454826,17703,3393629,10830,4848455,California
Los Angeles,2021-05-03,60441,8000368,29690,4076407,28592,3600016,2159,323945,21291,1439352,38910,3432539,23436,4871891,California
Los Angeles,2021-05-04,85168,8085536,46960,4123367,35990,3636006,2218,326163,26018,1408731,58838,3491377,28217,4900108,California
Los Angeles,2021-05-05,88075,8173611,51387,4174754,34358,3670364,2330,328493,23976,1371241,63784,3555161,26294,4926402,California
Los Angeles,2021-05-06,95846,8269457,57801,4232555,35558,3705922,2487,330980,22804,1323852,72662,3627823,25273,4951675,California
Los Angeles,2021-05-07,95072,8364529,56669,4289224,36078,3742000,2325,333305,25783,1282986,68953,3696776,28087,4979762,California
Los Angeles,2021-05-08,63437,8427966,41764,4330988,20063,3762063,1610,334915,17134,1255897,45823,3742599,18734,4998496,California
Los Angeles,2021-05-09,23707,8451673,17922,4348910,5054,3767117,731,335646,6064,1245254,17433,3760032,6790,5005286,California
Los Angeles,2021-05-10,48300,8499973,25374,4374284,21088,3788205,1838,337484,14475,1228036,33523,3793555,16305,5021591,California
Los Angeles,2021-05-11,66745,8566718,35806,4410090,28941,3817146,1998,339482,17016,1197544,49485,3843040,18993,5040584,California
Los Angeles,2021-05-12,66890,8633608,36053,4446143,28722,3845868,2115,341597,18779,1170595,47829,3890869,20880,5061464,California
Los Angeles,2021-05-13,69469,8703077,42026,4488169,25814,3871682,1629,343226,24404,1151979,44637,3935506,26021,5087485,California
Los Angeles,2021-05-14,86758,8789835,55302,4543471,29660,3901342,1796,345022,32790,1132900,53659,3989165,34580,5122065,California
Los Angeles,2021-05-15,73520,8863355,52020,4595491,20031,3921373,1469,346491,28508,1118111,44756,4033921,29967,5152032,California
Los Angeles,2021-05-16,30347,8893702,24003,4619494,5741,3927114,603,347094,12139,1112730,18120,4052041,12739,5164771,California
Los Angeles,2021-05-17,60994,8954696,39825,4659319,19447,3946561,1722,348816,26231,1106153,34545,4086586,27968,5192739,California
Los Angeles,2021-05-18,63645,9018341,38161,4697480,23716,3970277,1768,350584,26946,1098409,36426,4123012,28682,5221421,California
Los Angeles,2021-05-19,66685,9085026,40433,4737913,24444,3994721,1808,352392,29411,1092593,37017,4160029,31201,5252622,California
Los Angeles,2021-05-20,52855,9137881,29764,4767677,21276,4015997,1815,354207,20756,1083355,31804,4191833,22566,5275188,California
Los Angeles,2021-05-21,55325,9193206,34386,4802063,19147,4035144,1792,355999,23034,1076164,32014,4223847,24823,5300011,California
Los Angeles,2021-05-22,44236,9237442,29532,4831595,13238,4048382,1466,357465,19102,1071760,24964,4248811,20560,5320571,California
Los Angeles,2021-05-23,14464,9251906,11345,4842940,2459,4050841,660,358125,7452,1072919,6950,4255761,8109,5328680,California
Los Angeles,2021-05-24,47269,9299175,25960,4868900,19497,4070338,1812,359937,18920,1065494,28144,4283905,20719,5349399,California
Los Angeles,2021-05-25,48669,9347844,28269,4897169,18639,4088977,1761,361698,19875,1058559,28551,4312456,21616,5371015,California
Los Angeles,2021-05-26,45603,9393447,25671,4922840,18160,4107137,1772,363470,19707,1054432,25489,4337945,21362,5392377,California
Los Angeles,2021-05-27,44077,9437524,24701,4947541,17662,4124799,1714,365184,18806,1049895,25038,4362983,20501,5412878,California
Los Angeles,2021-05-28,49701,9487225,28106,4975647,19789,4144588,1806,366990,22361,1046972,27075,4390058,24152,5437030,California
Los Angeles,2021-05-29,28589,9515814,16768,4992415,10823,4155411,998,367988,13371,1046274,15055,4405113,14357,5451387,California
Los Angeles,2021-05-30,12196,9528010,8060,5000475,3443,4158854,693,368681,5822,1046459,6325,4411438,6510,5457897,California
Los Angeles,2021-05-31,5835,9533845,3682,5004157,1856,4160710,297,368978,1672,1044306,4119,4415557,1966,5459863,California
Los Angeles,2021-06-01,24056,9557901,13611,5017768,9469,4170179,976,369954,7909,1037225,15951,4431508,8870,5468733,California
Madera,2020-12-16,21,21,21,21,0,0,0,0,21,21,0,0,21,21,California
Madera,2020-12-17,13,34,13,34,0,0,0,0,13,34,0,0,13,34,California
Madera,2020-12-18,60,94,60,94,0,0,0,0,60,94,0,0,60,94,California
Madera,2020-12-19,5,99,5,99,0,0,0,0,5,99,0,0,5,99,California
Madera,2020-12-20,14,113,14,113,0,0,0,0,14,113,0,0,14,113,California
Madera,2020-12-21,59,172,59,172,0,0,0,0,59,172,0,0,59,172,California
Madera,2020-12-22,97,269,95,267,2,2,0,0,97,269,0,0,97,269,California
Madera,2020-12-23,68,337,68,335,0,2,0,0,68,337,0,0,68,337,California
Madera,2020-12-24,45,382,40,375,5,7,0,0,45,382,0,0,45,382,California
Madera,2020-12-26,28,410,26,401,2,9,0,0,28,410,0,0,28,410,California
Madera,2020-12-27,29,439,12,413,17,26,0,0,29,439,0,0,29,439,California
Madera,2020-12-28,106,545,36,449,70,96,0,0,106,545,0,0,106,545,California
Madera,2020-12-29,172,717,37,486,135,231,0,0,172,717,0,0,172,717,California
Madera,2020-12-30,221,938,87,573,134,365,0,0,221,938,0,0,221,938,California
Madera,2020-12-31,201,1139,80,653,121,486,0,0,201,1139,0,0,201,1139,California
Madera,2021-01-01,1,1140,1,654,0,486,0,0,1,1140,0,0,1,1140,California
Madera,2021-01-02,89,1229,33,687,56,542,0,0,89,1229,0,0,89,1229,California
Madera,2021-01-03,5,1234,5,692,0,542,0,0,5,1234,0,0,5,1234,California
Madera,2021-01-04,129,1363,65,757,64,606,0,0,129,1363,0,0,129,1363,California
Madera,2021-01-05,279,1642,143,900,136,742,0,0,275,1634,4,4,275,1638,California
Madera,2021-01-06,183,1825,26,926,157,899,0,0,164,1779,19,23,164,1802,California
Madera,2021-01-07,400,2225,116,1042,284,1183,0,0,377,2134,23,46,378,2180,California
Madera,2021-01-08,418,2643,72,1114,346,1529,0,0,363,2444,54,100,364,2544,California
Madera,2021-01-09,36,2679,14,1128,22,1551,0,0,27,2462,9,109,27,2571,California
Madera,2021-01-10,17,2696,14,1142,3,1554,0,0,5,2455,12,121,5,2576,California
Madera,2021-01-11,238,2934,190,1332,48,1602,0,0,197,2611,41,162,197,2773,California
Madera,2021-01-12,392,3326,159,1491,233,1835,0,0,287,2793,105,267,287,3060,California
Madera,2021-01-13,184,3510,92,1583,92,1927,0,0,127,2864,57,324,128,3188,California
Madera,2021-01-14,554,4064,81,1664,473,2400,0,0,520,3350,34,358,520,3708,California
Madera,2021-01-15,599,4663,160,1824,439,2839,0,0,578,3907,21,379,578,4286,California
Madera,2021-01-16,382,5045,48,1872,334,3173,0,0,354,4233,28,407,354,4640,California
Madera,2021-01-17,335,5380,15,1887,320,3493,0,0,331,4560,4,411,331,4971,California
Madera,2021-01-18,77,5457,60,1947,17,3510,0,0,58,4600,18,429,58,5029,California
Madera,2021-01-19,573,6030,137,2084,436,3946,0,0,545,5118,28,457,546,5575,California
Madera,2021-01-20,235,6265,80,2164,155,4101,0,0,207,5298,27,484,207,5782,California
Madera,2021-01-21,239,6504,131,2295,108,4209,0,0,206,5473,31,515,206,5988,California
Madera,2021-01-22,257,6761,83,2378,174,4383,0,0,242,5700,15,530,242,6230,California
Madera,2021-01-23,100,6861,52,2430,48,4431,0,0,76,5752,24,554,76,6306,California
Madera,2021-01-24,100,6961,82,2512,18,4449,0,0,78,5808,22,576,78,6384,California
Madera,2021-01-25,264,7225,126,2638,138,4587,0,0,145,5834,119,695,145,6529,California
Madera,2021-01-26,486,7711,189,2827,297,4884,0,0,295,5940,190,885,296,6825,California
Madera,2021-01-27,738,8449,63,2890,675,5559,0,0,601,6406,137,1022,603,7428,California
Madera,2021-01-28,545,8994,108,2998,437,5996,0,0,441,6743,104,1126,441,7869,California
Madera,2021-01-29,466,9460,94,3092,372,6368,0,0,411,7099,55,1181,411,8280,California
Madera,2021-01-30,505,9965,16,3108,489,6857,0,0,451,7496,54,1235,451,8731,California
Madera,2021-01-31,9,9974,6,3114,3,6860,0,0,8,7503,1,1236,8,8739,California
Madera,2021-02-01,332,10306,148,3262,184,7044,0,0,206,7583,126,1362,206,8945,California
Madera,2021-02-02,252,10558,88,3350,164,7208,0,0,161,7655,90,1452,162,9107,California
Madera,2021-02-03,596,11154,462,3812,134,7342,0,0,475,8013,119,1571,477,9584,California
Madera,2021-02-04,392,11546,124,3936,268,7610,0,0,114,7851,277,1848,115,9699,California
Madera,2021-02-05,976,12522,297,4233,679,8289,0,0,370,7622,600,2448,371,10070,California
Madera,2021-02-06,360,12882,326,4559,34,8323,0,0,320,7903,39,2487,320,10390,California
Madera,2021-02-07,34,12916,6,4565,28,8351,0,0,29,7927,5,2492,29,10419,California
Madera,2021-02-08,383,13299,307,4872,76,8427,0,0,269,8083,113,2605,269,10688,California
Madera,2021-02-09,479,13778,118,4990,361,8788,0,0,197,8002,279,2884,198,10886,California
Madera,2021-02-10,430,14208,149,5139,281,9069,0,0,325,8222,105,2989,325,11211,California
Madera,2021-02-11,939,15147,308,5447,631,9700,0,0,407,8099,531,3520,408,11619,California
Madera,2021-02-12,842,15989,120,5567,722,10422,0,0,311,7888,525,4045,314,11933,California
Madera,2021-02-13,484,16473,43,5610,441,10863,0,0,138,7684,345,4390,141,12074,California
Madera,2021-02-14,399,16872,75,5685,324,11187,0,0,135,7556,264,4654,136,12210,California
Madera,2021-02-15,246,17118,100,5785,146,11333,0,0,175,7661,70,4724,175,12385,California
Madera,2021-02-16,774,17892,183,5968,591,11924,0,0,228,7346,544,5268,229,12614,California
Madera,2021-02-17,610,18502,274,6242,336,12260,0,0,340,7423,265,5533,342,12956,California
Madera,2021-02-18,1300,19802,540,6782,760,13020,0,0,1121,8366,179,5712,1122,14078,California
Madera,2021-02-19,858,20660,543,7325,315,13335,0,0,716,8941,142,5854,717,14795,California
Madera,2021-02-20,1071,21731,979,8304,92,13427,0,0,998,9868,72,5926,999,15794,California
Madera,2021-02-21,962,22693,819,9123,143,13570,0,0,957,10820,5,5931,957,16751,California
Madera,2021-02-22,912,23605,834,9957,78,13648,0,0,856,11620,56,5987,856,17607,California
Madera,2021-02-23,774,24379,501,10458,273,13921,0,0,546,11941,225,6212,546,18153,California
Madera,2021-02-24,909,25288,299,10757,610,14531,0,0,379,11791,529,6741,379,18532,California
Madera,2021-02-25,1032,26320,317,11074,715,15246,0,0,599,11959,431,7172,599,19131,California
Madera,2021-02-26,1087,27407,197,11271,890,16136,0,0,710,12294,375,7547,710,19841,California
Madera,2021-02-27,893,28300,261,11532,632,16768,0,0,469,12345,421,7968,472,20313,California
Madera,2021-02-28,189,28489,29,11561,160,16928,0,0,184,12524,5,7973,184,20497,California
Madera,2021-03-01,378,28867,119,11680,259,17187,0,0,196,12540,180,8153,196,20693,California
Madera,2021-03-02,744,29611,351,12031,393,17580,0,0,631,13060,112,8265,632,21325,California
Madera,2021-03-03,1347,30958,720,12751,627,18207,0,0,943,13628,401,8666,969,22294,California
Madera,2021-03-04,1205,32163,527,13278,678,18885,0,0,954,14333,252,8918,957,23251,California
Madera,2021-03-05,1359,33522,421,13699,925,19810,13,13,1081,15162,276,9194,1105,24356,California
Madera,2021-03-06,815,34337,634,14333,149,19959,32,45,497,15375,317,9511,530,24886,California
Madera,2021-03-07,154,34491,28,14361,104,20063,22,67,104,15451,50,9561,126,25012,California
Madera,2021-03-08,600,35091,335,14696,206,20269,59,126,306,15524,294,9855,367,25379,California
Madera,2021-03-09,596,35687,296,14992,266,20535,34,160,408,15788,186,10041,450,25829,California
Madera,2021-03-10,1189,36876,560,15552,551,21086,78,238,758,16198,427,10468,837,26666,California
Madera,2021-03-11,1687,38563,865,16417,490,21576,332,570,768,16393,917,11385,1112,27778,California
Madera,2021-03-12,1573,40136,813,17230,605,22181,155,725,795,16594,776,12161,977,28755,California
Madera,2021-03-13,1878,42014,1330,18560,350,22531,198,923,811,16556,1063,13224,1025,29780,California
Madera,2021-03-14,584,42598,449,19009,103,22634,32,955,294,16596,287,13511,327,30107,California
Madera,2021-03-15,739,43337,223,19232,469,23103,47,1002,513,16959,223,13734,586,30693,California
Madera,2021-03-16,930,44267,525,19757,358,23461,47,1049,740,17576,187,13921,804,31497,California
Madera,2021-03-17,1463,45730,979,20736,421,23882,63,1112,909,18092,546,14467,1062,32559,California
Madera,2021-03-18,1947,47677,684,21420,1202,25084,61,1173,974,18243,968,15435,1119,33678,California
Madera,2021-03-19,1583,49260,589,22009,910,25994,84,1257,1041,18895,539,15974,1191,34869,California
Madera,2021-03-20,1181,50441,775,22784,355,26349,51,1308,619,19052,561,16535,718,35587,California
Madera,2021-03-21,1100,51541,898,23682,156,26505,46,1354,382,18766,715,17250,429,36016,California
Madera,2021-03-22,1361,52902,852,24534,441,26946,68,1422,686,18890,672,17922,796,36812,California
Madera,2021-03-23,1419,54321,862,25396,467,27413,90,1512,677,18999,740,18662,849,37661,California
Madera,2021-03-24,947,55268,508,25904,408,27821,31,1543,618,19326,326,18988,653,38314,California
Madera,2021-03-25,1167,56435,528,26432,615,28436,24,1567,645,19496,512,19500,682,38996,California
Madera,2021-03-26,1519,57954,579,27011,808,29244,132,1699,710,19536,805,20305,845,39841,California
Madera,2021-03-27,920,58874,600,27611,296,29540,24,1723,416,19477,500,20805,441,40282,California
Madera,2021-03-28,435,59309,152,27763,222,29762,61,1784,242,19641,192,20997,356,40638,California
Madera,2021-03-29,685,59994,179,27942,477,30239,29,1813,491,19975,190,21187,524,41162,California
Madera,2021-03-30,1072,61066,605,28547,435,30674,32,1845,480,19900,589,21776,514,41676,California
Madera,2021-03-31,1395,62461,544,29091,717,31391,134,1979,428,19503,961,22737,564,42240,California
Madera,2021-04-01,1354,63815,620,29711,683,32074,51,2030,475,19156,872,23609,525,42765,California
Madera,2021-04-02,1602,65417,459,30170,1084,33158,59,2089,476,18579,1115,24724,538,43303,California
Madera,2021-04-03,958,66375,761,30931,177,33335,20,2109,394,18440,562,25286,423,43726,California
Madera,2021-04-04,187,66562,65,30996,120,33455,2,2111,88,18431,99,25385,90,43816,California
Madera,2021-04-05,737,67299,255,31251,424,33879,58,2169,343,18453,393,25778,415,44231,California
Madera,2021-04-06,1706,69005,891,32142,464,34343,351,2520,533,18167,1172,26950,886,45117,California
Madera,2021-04-07,1212,70217,376,32518,686,35029,150,2670,419,17954,790,27740,577,45694,California
Madera,2021-04-08,1707,71924,661,33179,788,35817,258,2928,548,17614,1153,28893,813,46507,California
Madera,2021-04-09,1627,73551,684,33863,795,36612,148,3076,940,18024,682,29575,1092,47599,California
Madera,2021-04-10,960,74511,679,34542,213,36825,68,3144,705,18542,256,29831,774,48373,California
Madera,2021-04-11,800,75311,648,35190,74,36899,78,3222,282,18385,515,30346,358,48731,California
Madera,2021-04-12,781,76092,268,35458,436,37335,77,3299,302,18286,479,30825,380,49111,California
Madera,2021-04-13,1234,77326,607,36065,586,37921,41,3340,717,18539,515,31340,768,49879,California
Madera,2021-04-14,1381,78707,854,36919,527,38448,0,3340,568,18300,813,32153,574,50453,California
Madera,2021-04-15,1154,79861,500,37419,653,39101,1,3341,418,17996,724,32877,420,50873,California
Madera,2021-04-16,1307,81168,535,37954,772,39873,0,3341,365,17432,930,33807,366,51239,California
Madera,2021-04-17,1269,82437,1071,39025,198,40071,0,3341,758,17679,511,34318,758,51997,California
Madera,2021-04-18,246,82683,207,39232,39,40110,0,3341,88,17611,156,34474,88,52085,California
Madera,2021-04-19,804,83487,236,39468,567,40677,1,3342,277,17367,521,34995,277,52362,California
Madera,2021-04-20,871,84358,427,39895,444,41121,0,3342,215,16931,653,35648,217,52579,California
Madera,2021-04-21,857,85215,452,40347,405,41526,0,3342,289,16654,568,36216,291,52870,California
Madera,2021-04-22,1059,86274,510,40857,549,42075,0,3342,371,16342,684,36900,372,53242,California
Madera,2021-04-23,960,87234,306,41163,654,42729,0,3342,334,16055,621,37521,334,53576,California
Madera,2021-04-24,705,87939,463,41626,242,42971,0,3342,246,15847,455,37976,247,53823,California
Madera,2021-04-25,265,88204,161,41787,101,43072,3,3345,118,15826,143,38119,122,53945,California
Madera,2021-04-26,520,88724,97,41884,417,43489,6,3351,113,15541,404,38523,119,54064,California
Madera,2021-04-27,567,89291,265,42149,280,43769,22,3373,299,15596,267,38790,322,54386,California
Madera,2021-04-28,490,89781,196,42345,275,44044,19,3392,241,15608,247,39037,259,54645,California
Madera,2021-04-29,538,90319,241,42586,270,44314,27,3419,251,15606,280,39317,278,54923,California
Madera,2021-04-30,924,91243,501,43087,407,44721,16,3435,259,15222,659,39976,275,55198,California
Madera,2021-05-01,959,92202,865,43952,81,44802,13,3448,384,15046,573,40549,397,55595,California
Madera,2021-05-02,400,92602,351,44303,45,44847,4,3452,148,14946,252,40801,152,55747,California
Madera,2021-05-03,503,93105,201,44504,262,45109,40,3492,101,14688,399,41200,141,55888,California
Madera,2021-05-04,882,93987,433,44937,409,45518,40,3532,211,14268,671,41871,251,56139,California
Madera,2021-05-05,996,94983,475,45412,462,45980,59,3591,274,13881,720,42591,333,56472,California
Madera,2021-05-06,696,95679,248,45660,417,46397,31,3622,154,13529,537,43128,185,56657,California
Madera,2021-05-07,806,96485,279,45939,506,46903,21,3643,194,13136,607,43735,214,56871,California
Madera,2021-05-08,969,97454,756,46695,202,47105,11,3654,186,12551,782,44517,197,57068,California
Madera,2021-05-09,145,97599,19,46714,115,47220,11,3665,34,12486,110,44627,45,57113,California
Madera,2021-05-10,343,97942,73,46787,258,47478,12,3677,99,12354,243,44870,111,57224,California
Madera,2021-05-11,525,98467,174,46961,343,47821,8,3685,172,12183,351,45221,180,57404,California
Madera,2021-05-12,491,98958,222,47183,233,48054,36,3721,119,11968,370,45591,155,57559,California
Madera,2021-05-13,477,99435,287,47470,158,48212,32,3753,155,11835,320,45911,187,57746,California
Madera,2021-05-14,523,99958,261,47731,239,48451,23,3776,230,11798,290,46201,253,57999,California
Madera,2021-05-15,560,100518,475,48206,77,48528,8,3784,363,11974,195,46396,371,58370,California
Madera,2021-05-16,255,100773,186,48392,37,48565,32,3816,103,11957,152,46548,135,58505,California
Madera,2021-05-17,451,101224,186,48578,236,48801,29,3845,206,11951,242,46790,236,58741,California
Madera,2021-05-18,543,101767,364,48942,158,48959,21,3866,287,12007,252,47042,308,59049,California
Madera,2021-05-19,482,102249,223,49165,237,49196,22,3888,215,11978,266,47308,237,59286,California
Madera,2021-05-20,541,102790,241,49406,262,49458,38,3926,204,11889,331,47639,242,59528,California
Madera,2021-05-21,451,103241,166,49572,260,49718,25,3951,165,11798,281,47920,190,59718,California
Madera,2021-05-22,852,104093,777,50349,61,49779,14,3965,499,11959,352,48272,513,60231,California
Madera,2021-05-23,242,104335,227,50576,6,49785,9,3974,128,11983,113,48385,137,60368,California
Madera,2021-05-24,293,104628,140,50716,114,49899,39,4013,126,11981,167,48552,165,60533,California
Madera,2021-05-25,370,104998,167,50883,176,50075,27,4040,149,11940,217,48769,176,60709,California
Madera,2021-05-26,424,105422,257,51140,145,50220,22,4062,234,12007,189,48958,256,60965,California
Madera,2021-05-27,354,105776,135,51275,182,50402,37,4099,124,11941,227,49185,161,61126,California
Madera,2021-05-28,433,106209,169,51444,235,50637,29,4128,174,11887,257,49442,203,61329,California
Madera,2021-05-29,296,106505,216,51660,64,50701,16,4144,168,11943,128,49570,184,61513,California
Madera,2021-05-30,60,106565,25,51685,31,50732,4,4148,28,11944,31,49601,32,61545,California
Madera,2021-05-31,25,106590,8,51693,14,50746,3,4151,12,11946,13,49614,15,61560,California
Madera,2021-06-01,136,106726,82,51775,32,50778,22,4173,44,11921,91,49705,66,61626,California
Marin,2020-12-15,2,2,2,2,0,0,0,0,2,2,0,0,2,2,California
Marin,2020-12-16,109,111,109,111,0,0,0,0,109,111,0,0,109,111,California
Marin,2020-12-17,262,373,262,373,0,0,0,0,262,373,0,0,262,373,California
Marin,2020-12-18,376,749,376,749,0,0,0,0,376,749,0,0,376,749,California
Marin,2020-12-19,349,1098,348,1097,1,1,0,0,349,1098,0,0,349,1098,California
Marin,2020-12-20,166,1264,165,1262,1,2,0,0,166,1264,0,0,166,1264,California
Marin,2020-12-21,239,1503,236,1498,3,5,0,0,239,1503,0,0,239,1503,California
Marin,2020-12-22,523,2026,319,1817,204,209,0,0,523,2026,0,0,523,2026,California
Marin,2020-12-23,735,2761,321,2138,414,623,0,0,735,2761,0,0,735,2761,California
Marin,2020-12-24,357,3118,159,2297,198,821,0,0,357,3118,0,0,357,3118,California
Marin,2020-12-25,27,3145,0,2297,27,848,0,0,27,3145,0,0,27,3145,California
Marin,2020-12-26,144,3289,94,2391,50,898,0,0,144,3289,0,0,144,3289,California
Marin,2020-12-27,92,3381,55,2446,37,935,0,0,92,3381,0,0,92,3381,California
Marin,2020-12-28,408,3789,99,2545,309,1244,0,0,408,3789,0,0,408,3789,California
Marin,2020-12-29,403,4192,88,2633,315,1559,0,0,403,4192,0,0,403,4192,California
Marin,2020-12-30,626,4818,389,3022,237,1796,0,0,626,4818,0,0,626,4818,California
Marin,2020-12-31,198,5016,34,3056,164,1960,0,0,198,5016,0,0,198,5016,California
Marin,2021-01-01,21,5037,10,3066,11,1971,0,0,21,5037,0,0,21,5037,California
Marin,2021-01-02,113,5150,107,3173,6,1977,0,0,113,5150,0,0,113,5150,California
Marin,2021-01-03,49,5199,31,3204,18,1995,0,0,46,5196,0,0,46,5196,California
Marin,2021-01-04,295,5494,192,3396,103,2098,0,0,294,5489,1,1,294,5490,California
Marin,2021-01-05,369,5863,222,3618,147,2245,0,0,326,5772,43,44,326,5816,California
Marin,2021-01-06,818,6681,318,3936,500,2745,0,0,638,6230,180,224,638,6454,California
Marin,2021-01-07,887,7568,500,4436,387,3132,0,0,542,6427,345,569,542,6996,California
Marin,2021-01-08,971,8539,516,4952,455,3587,0,0,593,6643,377,946,593,7589,California
Marin,2021-01-09,620,9159,223,5175,397,3984,0,0,488,6999,132,1078,488,8077,California
Marin,2021-01-10,128,9287,99,5274,29,4013,0,0,55,6981,73,1151,55,8132,California
Marin,2021-01-11,470,9757,327,5601,143,4156,0,0,249,7011,221,1372,251,8383,California
Marin,2021-01-12,938,10695,543,6144,395,4551,0,0,570,7216,365,1737,570,8953,California
Marin,2021-01-13,1177,11872,497,6641,680,5231,0,0,939,7917,238,1975,939,9892,California
Marin,2021-01-14,1071,12943,318,6959,753,5984,0,0,921,8690,148,2123,921,10813,California
Marin,2021-01-15,1156,14099,353,7312,803,6787,0,0,1026,9588,129,2252,1027,11840,California
Marin,2021-01-16,1123,15222,914,8226,209,6996,0,0,1049,10563,74,2326,1049,12889,California
Marin,2021-01-17,1231,16453,1113,9339,118,7114,0,0,1202,11740,28,2354,1205,14094,California
Marin,2021-01-18,360,16813,158,9497,202,7316,0,0,309,11998,51,2405,309,14403,California
Marin,2021-01-19,1156,17969,913,10410,243,7559,0,0,983,12809,172,2577,983,15386,California
Marin,2021-01-20,1795,19764,1210,11620,585,8144,0,0,1065,13155,719,3296,1065,16451,California
Marin,2021-01-21,1683,21447,1061,12681,622,8766,0,0,1329,14135,351,3647,1331,17782,California
Marin,2021-01-22,1703,23150,1091,13772,612,9378,0,0,1531,15495,172,3819,1532,19314,California
Marin,2021-01-23,1847,24997,1344,15116,503,9881,0,0,1758,17165,88,3907,1758,21072,California
Marin,2021-01-24,614,25611,165,15281,449,10330,0,0,582,17715,32,3939,582,21654,California
Marin,2021-01-25,1134,26745,232,15513,902,11232,0,0,696,17974,438,4377,697,22351,California
Marin,2021-01-26,1508,28253,784,16297,724,11956,0,0,1132,18731,375,4752,1132,23483,California
Marin,2021-01-27,1716,29969,888,17185,828,12784,0,0,1356,19730,358,5110,1357,24840,California
Marin,2021-01-28,2085,32054,1071,18256,1014,13798,0,0,1820,21287,264,5374,1821,26661,California
Marin,2021-01-29,2193,34247,1445,19701,748,14546,0,0,1989,23085,192,5566,1990,28651,California
Marin,2021-01-30,1721,35968,906,20607,815,15361,0,0,1642,24649,79,5645,1643,30294,California
Marin,2021-01-31,458,36426,321,20928,137,15498,0,0,432,25055,26,5671,432,30726,California
Marin,2021-02-01,1092,37518,418,21346,674,16172,0,0,894,25753,197,5868,895,31621,California
Marin,2021-02-02,1378,38896,487,21833,891,17063,0,0,723,25832,644,6512,723,32344,California
Marin,2021-02-03,1774,40670,421,22254,1353,18416,0,0,1272,26603,501,7013,1272,33616,California
Marin,2021-02-04,1524,42194,498,22752,1026,19442,0,0,922,26926,599,7612,922,34538,California
Marin,2021-02-05,2172,44366,679,23431,1493,20935,0,0,1336,27430,832,8444,1336,35874,California
Marin,2021-02-06,1430,45796,851,24282,579,21514,0,0,608,27217,821,9265,608,36482,California
Marin,2021-02-07,1291,47087,1009,25291,282,21796,0,0,489,26905,801,10066,489,36971,California
Marin,2021-02-08,1521,48608,751,26042,770,22566,0,0,723,26832,796,10862,723,37694,California
Marin,2021-02-09,1781,50389,1121,27163,660,23226,0,0,834,26719,947,11809,834,38528,California
Marin,2021-02-10,2337,52726,1489,28652,848,24074,0,0,1214,26813,1121,12930,1215,39743,California
Marin,2021-02-11,2866,55592,1640,30292,1226,25300,0,0,1448,26851,1413,14343,1451,41194,California
Marin,2021-02-12,3065,58657,1540,31832,1525,26825,0,0,1560,26910,1502,15845,1561,42755,California
Marin,2021-02-13,2342,60999,1244,33076,1098,27923,0,0,1132,26834,1208,17053,1132,43887,California
Marin,2021-02-14,814,61813,302,33378,512,28435,0,0,721,27463,93,17146,722,44609,California
Marin,2021-02-15,1214,63027,355,33733,859,29294,0,0,834,27919,379,17525,835,45444,California
Marin,2021-02-16,2470,65497,1058,34791,1412,30706,0,0,1507,28464,962,18487,1507,46951,California
Marin,2021-02-17,2108,67605,947,35738,1161,31867,0,0,1090,28539,1016,19503,1091,48042,California
Marin,2021-02-18,2419,70024,1584,37322,835,32702,0,0,1058,28239,1358,20861,1058,49100,California
Marin,2021-02-19,2765,72789,2159,39481,606,33308,0,0,1221,27930,1531,22392,1222,50322,California
Marin,2021-02-20,2565,75354,2111,41592,454,33762,0,0,1216,27806,1341,23733,1217,51539,California
Marin,2021-02-21,1309,76663,1115,42707,194,33956,0,0,930,28361,375,24108,930,52469,California
Marin,2021-02-22,1834,78497,1412,44119,422,34378,0,0,1219,28968,613,24721,1220,53689,California
Marin,2021-02-23,2862,81359,1640,45759,1222,35600,0,0,1928,29975,922,25643,1929,55618,California
Marin,2021-02-24,3515,84874,1615,47374,1900,37500,0,0,2254,30976,1254,26897,2255,57873,California
Marin,2021-02-25,3941,88815,1814,49188,2127,39627,0,0,2779,32601,1155,28052,2780,60653,California
Marin,2021-02-26,3495,92310,1892,51080,1603,41230,0,0,2537,34193,946,28998,2538,63191,California
Marin,2021-02-27,2627,94937,1510,52590,1117,42347,0,0,1788,35147,836,29834,1790,64981,California
Marin,2021-02-28,1377,96314,916,53506,461,42808,0,0,1042,35857,332,30166,1042,66023,California
Marin,2021-03-01,2513,98827,1558,55064,954,43762,1,1,1690,36732,816,30982,1691,67714,California
Marin,2021-03-02,2524,101351,1682,56746,841,44603,1,2,1753,37719,767,31749,1754,69468,California
Marin,2021-03-03,4342,105693,2414,59160,1924,46527,4,6,2812,39011,1524,33273,2816,72284,California
Marin,2021-03-04,3389,109082,1665,60825,1723,48250,1,7,2369,40371,1013,34286,2373,74657,California
Marin,2021-03-05,3078,112160,1177,62002,1889,50139,12,19,1804,40918,1269,35555,1816,76473,California
Marin,2021-03-06,3255,115415,2338,64340,839,50978,78,97,2679,43103,571,36126,2756,79229,California
Marin,2021-03-07,1389,116804,1169,65509,196,51174,24,121,998,43739,386,36512,1022,80251,California
Marin,2021-03-08,1897,118701,1392,66901,388,51562,117,238,1426,44814,468,36980,1543,81794,California
Marin,2021-03-09,2226,120927,1343,68244,774,52336,109,347,1549,45796,675,37655,1657,83451,California
Marin,2021-03-10,4462,125389,2505,70749,1663,53999,294,641,3215,48065,1242,38897,3511,86962,California
Marin,2021-03-11,4582,129971,1883,72632,2563,56562,136,777,3284,50194,1291,40188,3420,90382,California
Marin,2021-03-12,3989,133960,1546,74178,2087,58649,356,1133,1575,49722,2403,42591,1931,92313,California
Marin,2021-03-13,4119,138079,2875,77053,1172,59821,72,1205,2440,50554,1677,44268,2509,94822,California
Marin,2021-03-14,2286,140365,1104,78157,1064,60885,118,1323,713,49813,1571,45839,830,95652,California
Marin,2021-03-15,3248,143613,1778,79935,1421,62306,49,1372,1233,49090,2004,47843,1281,96933,California
Marin,2021-03-16,4310,147923,2323,82258,1623,63929,364,1736,1501,48147,2806,50649,1863,98796,California
Marin,2021-03-17,4208,152131,2280,84538,1881,65810,47,1783,2070,48137,2126,52775,2116,100912,California
Marin,2021-03-18,4496,156627,2270,86808,2151,67961,75,1858,2251,48231,2229,55004,2323,103235,California
Marin,2021-03-19,4482,161109,2298,89106,1965,69926,219,2077,2434,48843,2038,57042,2650,105885,California
Marin,2021-03-20,3593,164702,1994,91100,1485,71411,114,2191,2032,49438,1552,58594,2147,108032,California
Marin,2021-03-21,1546,166248,1141,92241,381,71792,24,2215,805,49528,739,59333,829,108861,California
Marin,2021-03-22,2484,168732,2146,94387,171,71963,167,2382,995,49205,1485,60818,1162,110023,California
Marin,2021-03-23,4250,172982,2204,96591,1916,73879,130,2512,1875,48841,2369,63187,2005,112028,California
Marin,2021-03-24,4449,177431,2906,99497,1438,75317,105,2617,1816,48140,2620,65807,1919,113947,California
Marin,2021-03-25,4650,182081,2842,102339,1740,77057,68,2685,2259,48088,2377,68184,2325,116272,California
Marin,2021-03-26,4309,186390,2346,104685,1749,78806,214,2899,2413,48835,1880,70064,2627,118899,California
Marin,2021-03-27,3720,190110,2673,107358,1028,79834,19,2918,1139,47421,2571,72635,1157,120056,California
Marin,2021-03-28,2386,192496,1726,109084,654,80488,6,2924,1087,47222,1292,73927,1093,121149,California
Marin,2021-03-29,2696,195192,2099,111183,572,81060,25,2949,1164,46883,1529,75456,1190,122339,California
Marin,2021-03-30,4675,199867,3656,114839,985,82045,34,2983,2956,48157,1716,77172,2990,125329,California
Marin,2021-03-31,5833,205700,4133,118972,1651,83696,49,3032,2551,47486,3271,80443,2600,127929,California
Marin,2021-04-01,4448,210148,2285,121257,1906,85602,257,3289,2114,47534,2322,82765,2370,130299,California
Marin,2021-04-02,3743,213891,1862,123119,1510,87112,371,3660,2003,48169,1732,84497,2367,132666,California
Marin,2021-04-03,3905,217796,2555,125674,972,88084,378,4038,1482,47622,2409,86906,1862,134528,California
Marin,2021-04-04,1651,219447,1241,126915,207,88291,203,4241,1201,48578,448,87354,1404,135932,California
Marin,2021-04-05,2208,221655,1528,128443,304,88595,376,4617,1262,49274,940,88294,1636,137568,California
Marin,2021-04-06,3977,225632,2119,130562,1306,89901,552,5169,2212,50278,1760,90054,2764,140332,California
Marin,2021-04-07,3966,229598,2004,132566,1320,91221,642,5811,1456,49883,2502,92556,2107,142439,California
Marin,2021-04-08,5035,234633,1969,134535,2458,93679,608,6419,2297,50059,2729,95285,2905,145344,California
Marin,2021-04-09,3994,238627,1557,136092,1706,95385,731,7150,1313,49430,2676,97961,2047,147391,California
Marin,2021-04-10,3213,241840,1476,137568,1303,96688,434,7584,1444,49551,1754,99715,1875,149266,California
Marin,2021-04-11,1057,242897,803,138371,92,96780,162,7746,470,49597,585,100300,631,149897,California
Marin,2021-04-12,1735,244632,1235,139606,340,97120,160,7906,914,49855,817,101117,1075,150972,California
Marin,2021-04-13,3717,248349,2278,141884,1432,98552,7,7913,1351,48859,2355,103472,1359,152331,California
Marin,2021-04-14,4161,252510,2480,144364,1678,100230,3,7916,1698,48110,2452,105924,1703,154034,California
Marin,2021-04-15,5568,258078,3945,148309,1623,101853,0,7916,3191,48937,2365,108289,3192,157226,California
Marin,2021-04-16,4250,262328,2236,150545,2011,103864,3,7919,2067,48839,2169,110458,2071,159297,California
Marin,2021-04-17,3529,265857,2155,152700,1374,105238,0,7919,1760,48835,1764,112222,1760,161057,California
Marin,2021-04-18,3172,269029,3070,155770,102,105340,0,7919,2537,50740,632,112854,2537,163594,California
Marin,2021-04-19,2043,271072,1871,157641,172,105512,0,7919,1160,51024,878,113732,1162,164756,California
Marin,2021-04-20,3691,274763,2550,160191,1141,106653,0,7919,1467,50275,2217,115949,1468,166224,California
Marin,2021-04-21,4007,278770,2943,163134,1061,107714,3,7922,1355,48995,2636,118585,1356,167580,California
Marin,2021-04-22,4224,282994,3223,166357,1001,108715,0,7922,1492,47766,2724,121309,1495,169075,California
Marin,2021-04-23,3223,286217,1818,168175,1405,110120,0,7922,1225,47001,1991,123300,1226,170301,California
Marin,2021-04-24,2518,288735,1683,169858,834,110954,1,7923,917,46324,1595,124895,918,171219,California
Marin,2021-04-25,1383,290118,1265,171123,118,111072,0,7923,306,45561,1069,125964,306,171525,California
Marin,2021-04-26,1550,291668,1352,172475,195,111267,3,7926,354,44726,1193,127157,358,171883,California
Marin,2021-04-27,2979,294647,2177,174652,764,112031,38,7964,968,43726,2002,129159,1002,172885,California
Marin,2021-04-28,2300,296947,1586,176238,664,112695,50,8014,722,42922,1574,130733,770,173655,California
Marin,2021-04-29,2880,299827,1973,178211,845,113540,62,8076,788,41689,2083,132816,850,174505,California
Marin,2021-04-30,1956,301783,1278,179489,590,114130,88,8164,701,41231,1247,134063,789,175294,California
Marin,2021-05-01,1821,303604,1012,180501,786,114916,23,8187,531,40502,1282,135345,553,175847,California
Marin,2021-05-02,724,304328,587,181088,108,115024,29,8216,200,40211,519,135864,228,176075,California
Marin,2021-05-03,1211,305539,988,182076,167,115191,56,8272,261,39579,948,136812,316,176391,California
Marin,2021-05-04,2920,308459,1965,184041,865,116056,90,8362,470,37697,2442,139254,560,176951,California
Marin,2021-05-05,2720,311179,1996,186037,602,116658,122,8484,442,35989,2272,141526,564,177515,California
Marin,2021-05-06,3259,314438,2532,188569,638,117296,89,8573,426,33677,2825,144351,513,178028,California
Marin,2021-05-07,2033,316471,1546,190115,401,117697,86,8659,381,32496,1645,145996,464,178492,California
Marin,2021-05-08,2469,318940,1863,191978,484,118181,122,8781,341,30839,2120,148116,463,178955,California
Marin,2021-05-09,985,319925,900,192878,65,118246,20,8801,118,30115,863,148979,139,179094,California
Marin,2021-05-10,1405,321330,1150,194028,185,118431,70,8871,200,29183,1201,150180,269,179363,California
Marin,2021-05-11,2285,323615,1833,195861,399,118830,53,8924,295,27542,1988,152168,347,179710,California
Marin,2021-05-12,1394,325009,1030,196891,297,119127,67,8991,274,26766,1116,153284,340,180050,California
Marin,2021-05-13,2503,327512,2166,199057,281,119408,56,9047,1343,27011,1153,154437,1398,181448,California
Marin,2021-05-14,2202,329714,1453,200510,649,120057,100,9147,882,26679,1314,155751,982,182430,California
Marin,2021-05-15,2712,332426,2246,202756,386,120443,80,9227,1641,27330,1070,156821,1721,184151,California
Marin,2021-05-16,1645,334071,1590,204346,50,120493,5,9232,1329,28350,313,157134,1333,185484,California
Marin,2021-05-17,2129,336200,1981,206327,105,120598,43,9275,1717,29705,405,157539,1760,187244,California
Marin,2021-05-18,1520,337720,1185,207512,280,120878,55,9330,801,29847,713,158252,855,188099,California
Marin,2021-05-19,1536,339256,1239,208751,228,121106,69,9399,782,29949,748,159000,850,188949,California
Marin,2021-05-20,1710,340966,1414,210165,212,121318,84,9483,713,29756,990,159990,797,189746,California
Marin,2021-05-21,1357,342323,777,210942,533,121851,47,9530,391,29235,960,160950,439,190185,California
Marin,2021-05-22,1336,343659,1012,211954,268,122119,56,9586,918,29794,415,161365,974,191159,California
Marin,2021-05-23,420,344079,381,212335,29,122148,10,9596,196,29779,221,161586,206,191365,California
Marin,2021-05-24,650,344729,497,212832,110,122258,43,9639,361,29897,285,161871,403,191768,California
Marin,2021-05-25,1003,345732,625,213457,331,122589,47,9686,320,29587,674,162545,364,192132,California
Marin,2021-05-26,725,346457,491,213948,182,122771,52,9738,269,29456,452,162997,321,192453,California
Marin,2021-05-27,1038,347495,665,214613,295,123066,78,9816,353,29204,683,163680,431,192884,California
Marin,2021-05-28,1115,348610,736,215349,299,123365,80,9896,344,28861,765,164445,422,193306,California
Marin,2021-05-29,373,348983,217,215566,147,123512,9,9905,214,28925,159,164604,223,193529,California
Marin,2021-05-30,98,349081,58,215624,36,123548,4,9909,57,28945,41,164645,61,193590,California
Marin,2021-05-31,30,349111,14,215638,14,123562,2,9911,16,28949,14,164659,18,193608,California
Marin,2021-06-01,400,349511,357,215995,28,123590,15,9926,165,28895,234,164893,180,193788,California
Mariposa,2020-12-17,36,36,36,36,0,0,0,0,38,38,0,0,38,38,California
Mariposa,2020-12-18,55,91,55,91,0,0,0,0,56,94,0,0,56,94,California
Mariposa,2020-12-20,2,93,2,93,0,0,0,0,2,96,0,0,2,96,California
Mariposa,2020-12-21,49,142,49,142,0,0,0,0,53,149,0,0,53,149,California
Mariposa,2020-12-22,5,147,5,147,0,0,0,0,5,154,0,0,5,154,California
Mariposa,2020-12-23,16,163,16,163,0,0,0,0,16,170,0,0,16,170,California
Mariposa,2020-12-24,1,164,0,163,1,1,0,0,0,170,1,1,1,171,California
Mariposa,2020-12-26,1,165,1,164,0,1,0,0,1,171,0,1,1,172,California
Mariposa,2020-12-27,1,166,0,164,1,2,0,0,1,172,0,1,1,173,California
Mariposa,2020-12-28,6,172,3,167,3,5,0,0,6,178,0,1,6,179,California
Mariposa,2020-12-29,33,205,3,170,30,35,0,0,33,211,0,1,33,212,California
Mariposa,2020-12-30,25,230,4,174,21,56,0,0,25,236,0,1,25,237,California
Mariposa,2020-12-31,16,246,0,174,16,72,0,0,16,252,0,1,16,253,California
Mariposa,2021-01-02,1,247,1,175,0,72,0,0,1,253,0,1,1,254,California
Mariposa,2021-01-04,8,255,1,176,7,79,0,0,8,261,0,1,8,262,California
Mariposa,2021-01-05,24,279,14,190,10,89,0,0,14,265,10,11,14,276,California
Mariposa,2021-01-06,6,285,3,193,3,92,0,0,3,265,3,14,3,279,California
Mariposa,2021-01-07,50,335,45,238,5,97,0,0,5,225,45,59,5,284,California
Mariposa,2021-01-08,108,443,79,317,29,126,0,0,33,183,75,134,33,317,California
Mariposa,2021-01-09,1,444,0,317,1,127,0,0,1,184,0,134,1,318,California
Mariposa,2021-01-11,31,475,10,327,21,148,0,0,23,199,8,142,23,341,California
Mariposa,2021-01-12,19,494,4,331,15,163,0,0,15,210,4,146,15,356,California
Mariposa,2021-01-13,21,515,4,335,17,180,0,0,18,225,3,149,18,374,California
Mariposa,2021-01-14,73,588,7,342,66,246,0,0,67,286,6,155,67,441,California
Mariposa,2021-01-15,68,656,27,369,41,287,0,0,58,334,10,165,58,499,California
Mariposa,2021-01-16,14,670,2,371,12,299,0,0,13,346,1,166,13,512,California
Mariposa,2021-01-17,2,672,0,371,2,301,0,0,2,348,0,166,2,514,California
Mariposa,2021-01-18,3,675,3,374,0,301,0,0,1,347,2,168,1,515,California
Mariposa,2021-01-19,8,683,4,378,4,305,0,0,5,350,2,170,5,520,California
Mariposa,2021-01-20,23,706,1,379,22,327,0,0,22,371,1,171,22,542,California
Mariposa,2021-01-21,66,772,8,387,58,385,0,0,62,429,4,175,62,604,California
Mariposa,2021-01-22,56,828,2,389,54,439,0,0,56,485,0,175,56,660,California
Mariposa,2021-01-23,116,944,2,391,114,553,0,0,114,597,2,177,114,774,California
Mariposa,2021-01-24,2,946,2,393,0,553,0,0,2,599,0,177,2,776,California
Mariposa,2021-01-25,4,950,1,394,3,556,0,0,0,595,4,181,0,776,California
Mariposa,2021-01-26,36,986,4,398,32,588,0,0,4,571,32,213,8,784,California
Mariposa,2021-01-27,23,1009,1,399,22,610,0,0,12,573,10,223,12,796,California
Mariposa,2021-01-28,126,1135,3,402,123,733,0,0,113,674,12,235,113,909,California
Mariposa,2021-01-29,84,1219,22,424,62,795,0,0,83,756,1,236,83,992,California
Mariposa,2021-01-30,9,1228,1,425,8,803,0,0,8,763,1,237,8,1000,California
Mariposa,2021-01-31,1,1229,0,425,1,804,0,0,1,764,0,237,1,1001,California
Mariposa,2021-02-01,87,1316,30,455,57,861,0,0,66,809,21,258,66,1067,California
Mariposa,2021-02-02,15,1331,3,458,12,873,0,0,9,812,6,264,9,1076,California
Mariposa,2021-02-03,20,1351,1,459,19,892,0,0,14,820,6,270,14,1090,California
Mariposa,2021-02-04,99,1450,8,467,91,983,0,0,94,911,4,274,95,1185,California
Mariposa,2021-02-05,192,1642,5,472,187,1170,0,0,166,1051,26,300,166,1351,California
Mariposa,2021-02-06,11,1653,4,476,7,1177,0,0,10,1060,1,301,10,1361,California
Mariposa,2021-02-07,1,1654,0,476,1,1178,0,0,1,1061,0,301,1,1362,California
Mariposa,2021-02-08,40,1694,2,478,38,1216,0,0,21,1063,19,320,21,1383,California
Mariposa,2021-02-09,42,1736,24,502,18,1234,0,0,36,1093,6,326,36,1419,California
Mariposa,2021-02-10,28,1764,5,507,23,1257,0,0,17,1106,10,336,23,1442,California
Mariposa,2021-02-11,374,2138,5,512,369,1626,0,0,360,1455,14,350,363,1805,California
Mariposa,2021-02-12,185,2323,8,520,177,1803,0,0,141,1552,44,394,141,1946,California
Mariposa,2021-02-13,11,2334,3,523,8,1811,0,0,9,1559,2,396,9,1955,California
Mariposa,2021-02-14,8,2342,4,527,4,1815,0,0,5,1561,3,399,5,1960,California
Mariposa,2021-02-15,9,2351,3,530,6,1821,0,0,7,1566,2,401,7,1967,California
Mariposa,2021-02-16,57,2408,34,564,23,1844,0,0,34,1577,23,424,34,2001,California
Mariposa,2021-02-17,37,2445,9,573,28,1872,0,0,27,1596,9,433,28,2029,California
Mariposa,2021-02-18,58,2503,7,580,51,1923,0,0,21,1580,37,470,21,2050,California
Mariposa,2021-02-19,82,2585,3,583,79,2002,0,0,76,1650,6,476,76,2126,California
Mariposa,2021-02-20,253,2838,4,587,249,2251,0,0,223,1844,29,505,223,2349,California
Mariposa,2021-02-21,237,3075,4,591,233,2484,0,0,235,2078,1,506,235,2584,California
Mariposa,2021-02-22,23,3098,7,598,16,2500,0,0,21,2097,2,508,21,2605,California
Mariposa,2021-02-23,43,3141,37,635,6,2506,0,0,26,2106,17,525,26,2631,California
Mariposa,2021-02-24,20,3161,3,638,17,2523,0,0,8,2103,11,536,8,2639,California
Mariposa,2021-02-25,18,3179,9,647,9,2532,0,0,12,2109,6,542,12,2651,California
Mariposa,2021-02-26,424,3603,7,654,417,2949,0,0,363,2412,61,603,364,3015,California
Mariposa,2021-02-27,169,3772,5,659,164,3113,0,0,158,2559,11,614,158,3173,California
Mariposa,2021-02-28,2,3774,1,660,1,3114,0,0,0,2557,2,616,0,3173,California
Mariposa,2021-03-01,81,3855,26,686,55,3169,0,0,16,2509,64,680,16,3189,California
Mariposa,2021-03-02,20,3875,13,699,7,3176,0,0,11,2512,8,688,11,3200,California
Mariposa,2021-03-03,71,3946,5,704,66,3242,0,0,65,2572,6,694,66,3266,California
Mariposa,2021-03-04,41,3987,9,713,32,3274,0,0,20,2572,21,715,21,3287,California
Mariposa,2021-03-05,57,4044,9,722,48,3322,0,0,40,2600,17,732,45,3332,California
Mariposa,2021-03-06,15,4059,6,728,9,3331,0,0,7,2599,8,740,7,3339,California
Mariposa,2021-03-07,1,4060,1,729,0,3331,0,0,0,2598,1,741,0,3339,California
Mariposa,2021-03-08,38,4098,4,733,23,3354,11,11,9,2589,29,770,20,3359,California
Mariposa,2021-03-09,46,4144,18,751,18,3372,10,21,15,2583,31,801,25,3384,California
Mariposa,2021-03-10,31,4175,9,760,12,3384,10,31,10,2582,21,822,20,3404,California
Mariposa,2021-03-11,467,4642,6,766,442,3826,19,50,226,2590,240,1062,248,3652,California
Mariposa,2021-03-12,255,4897,8,774,220,4046,27,77,115,2591,140,1202,141,3793,California
Mariposa,2021-03-13,32,4929,6,780,11,4057,15,92,11,2595,21,1223,25,3818,California
Mariposa,2021-03-14,17,4946,2,782,4,4061,11,103,3,2595,14,1237,14,3832,California
Mariposa,2021-03-15,76,5022,7,789,31,4092,38,141,31,2619,45,1282,69,3901,California
Mariposa,2021-03-16,82,5104,33,822,14,4106,35,176,23,2618,59,1341,58,3959,California
Mariposa,2021-03-17,72,5176,10,832,54,4160,8,184,51,2657,20,1361,59,4018,California
Mariposa,2021-03-18,66,5242,15,847,41,4201,10,194,40,2681,26,1387,50,4068,California
Mariposa,2021-03-19,338,5580,11,858,322,4523,5,199,303,2954,35,1422,308,4376,California
Mariposa,2021-03-20,426,6006,5,863,419,4942,2,201,46,2623,380,1802,49,4425,California
Mariposa,2021-03-21,15,6021,9,872,5,4947,1,202,10,2630,4,1806,11,4436,California
Mariposa,2021-03-22,38,6059,7,879,23,4970,8,210,26,2653,12,1818,35,4471,California
Mariposa,2021-03-23,53,6112,33,912,10,4980,10,220,32,2674,21,1839,42,4513,California
Mariposa,2021-03-24,55,6167,5,917,48,5028,2,222,50,2721,5,1844,52,4565,California
Mariposa,2021-03-25,76,6243,15,932,53,5081,8,230,54,2763,20,1864,62,4627,California
Mariposa,2021-03-26,488,6731,9,941,478,5559,1,231,252,2780,236,2100,253,4880,California
Mariposa,2021-03-27,224,6955,8,949,216,5775,0,231,90,2738,134,2234,92,4972,California
Mariposa,2021-03-28,5,6960,0,949,2,5777,3,234,1,2738,4,2238,4,4976,California
Mariposa,2021-03-29,19,6979,6,955,13,5790,0,234,12,2743,7,2245,12,4988,California
Mariposa,2021-03-30,36,7015,13,968,7,5797,16,250,13,2749,23,2268,29,5017,California
Mariposa,2021-03-31,88,7103,15,983,66,5863,7,257,68,2804,20,2288,75,5092,California
Mariposa,2021-04-01,54,7157,10,993,36,5899,8,265,34,2826,20,2308,42,5134,California
Mariposa,2021-04-02,347,7504,11,1004,334,6233,2,267,305,3092,41,2349,307,5441,California
Mariposa,2021-04-03,10,7514,7,1011,3,6236,0,267,5,3092,5,2354,5,5446,California
Mariposa,2021-04-04,2,7516,1,1012,0,6236,1,268,0,3091,2,2356,1,5447,California
Mariposa,2021-04-05,33,7549,22,1034,7,6243,4,272,16,3094,17,2373,20,5467,California
Mariposa,2021-04-06,43,7592,20,1054,7,6250,16,288,13,3094,29,2402,29,5496,California
Mariposa,2021-04-07,98,7690,6,1060,73,6323,19,307,28,3071,70,2472,47,5543,California
Mariposa,2021-04-08,279,7969,14,1074,246,6569,19,326,143,3100,134,2606,163,5706,California
Mariposa,2021-04-09,38,8007,9,1083,14,6583,15,341,11,3099,27,2633,26,5732,California
Mariposa,2021-04-10,201,8208,4,1087,187,6770,10,351,186,3281,13,2646,195,5927,California
Mariposa,2021-04-11,124,8332,4,1091,118,6888,2,353,57,3274,67,2713,60,5987,California
Mariposa,2021-04-12,42,8374,13,1104,27,6915,2,355,13,3260,29,2742,15,6002,California
Mariposa,2021-04-13,52,8426,45,1149,7,6922,0,355,34,3276,18,2760,34,6036,California
Mariposa,2021-04-14,113,8539,8,1157,105,7027,0,355,58,3280,54,2814,58,6094,California
Mariposa,2021-04-15,57,8596,15,1172,42,7069,0,355,43,3312,11,2825,43,6137,California
Mariposa,2021-04-16,382,8978,11,1183,371,7440,0,355,106,3142,276,3101,106,6243,California
Mariposa,2021-04-17,10,8988,6,1189,4,7444,0,355,7,3146,3,3104,7,6250,California
Mariposa,2021-04-18,7,8995,0,1189,7,7451,0,355,3,3145,4,3108,3,6253,California
Mariposa,2021-04-19,57,9052,25,1214,32,7483,0,355,29,3148,26,3134,29,6282,California
Mariposa,2021-04-20,62,9114,49,1263,13,7496,0,355,39,3166,21,3155,39,6321,California
Mariposa,2021-04-21,91,9205,14,1277,77,7573,0,355,42,3160,48,3203,42,6363,California
Mariposa,2021-04-22,47,9252,8,1285,39,7612,0,355,37,3188,9,3212,37,6400,California
Mariposa,2021-04-23,315,9567,70,1355,245,7857,0,355,144,3163,171,3383,146,6546,California
Mariposa,2021-04-24,105,9672,10,1365,95,7952,0,355,42,3143,62,3445,42,6588,California
Mariposa,2021-04-26,14,9686,10,1375,4,7956,0,355,4,3137,10,3455,4,6592,California
Mariposa,2021-04-27,31,9717,16,1391,14,7970,1,356,15,3140,13,3468,16,6608,California
Mariposa,2021-04-28,74,9791,13,1404,54,8024,7,363,29,3131,45,3513,36,6644,California
Mariposa,2021-04-29,84,9875,12,1416,71,8095,1,364,79,3206,5,3518,80,6724,California
Mariposa,2021-04-30,209,10084,5,1421,199,8294,5,369,63,3128,146,3664,68,6792,California
Mariposa,2021-05-01,2,10086,2,1423,0,8294,0,369,0,3126,2,3666,0,6792,California
Mariposa,2021-05-02,3,10089,2,1425,0,8294,1,370,0,3124,3,3669,1,6793,California
Mariposa,2021-05-03,16,10105,12,1437,3,8297,1,371,7,3124,8,3677,8,6801,California
Mariposa,2021-05-04,50,10155,31,1468,15,8312,4,375,36,3150,14,3691,40,6841,California
Mariposa,2021-05-05,56,10211,8,1476,46,8358,2,377,17,3130,39,3730,19,6860,California
Mariposa,2021-05-06,55,10266,36,1512,14,8372,5,382,39,3158,16,3746,44,6904,California
Mariposa,2021-05-07,27,10293,7,1519,17,8389,3,385,13,3160,14,3760,16,6920,California
Mariposa,2021-05-08,281,10574,6,1525,275,8664,0,385,34,2949,247,4007,36,6956,California
Mariposa,2021-05-09,2,10576,1,1526,1,8665,0,385,0,2947,2,4009,0,6956,California
Mariposa,2021-05-10,19,10595,8,1534,9,8674,2,387,4,2938,15,4024,6,6962,California
Mariposa,2021-05-11,28,10623,19,1553,9,8683,0,387,20,2951,7,4031,20,6982,California
Mariposa,2021-05-12,66,10689,4,1557,59,8742,3,390,6,2900,60,4091,9,6991,California
Mariposa,2021-05-13,48,10737,8,1565,38,8780,2,392,14,2882,34,4125,16,7007,California
Mariposa,2021-05-14,251,10988,123,1688,121,8901,7,399,119,2876,132,4257,126,7133,California
Mariposa,2021-05-15,17,11005,8,1696,8,8909,1,400,10,2881,6,4263,11,7144,California
Mariposa,2021-05-16,3,11008,1,1697,1,8910,1,401,1,2881,2,4265,2,7146,California
Mariposa,2021-05-17,16,11024,7,1704,6,8916,3,404,7,2882,9,4274,10,7156,California
Mariposa,2021-05-18,61,11085,41,1745,15,8931,5,409,44,2915,16,4290,49,7205,California
Mariposa,2021-05-19,70,11155,32,1777,37,8968,1,410,51,2949,18,4308,52,7257,California
Mariposa,2021-05-20,35,11190,20,1797,13,8981,2,412,14,2944,21,4329,16,7273,California
Mariposa,2021-05-21,93,11283,9,1806,82,9063,2,414,42,2939,49,4378,44,7317,California
Mariposa,2021-05-22,47,11330,6,1812,40,9103,1,415,17,2927,30,4408,18,7335,California
Mariposa,2021-05-23,3,11333,2,1814,0,9103,1,416,2,2929,1,4409,3,7338,California
Mariposa,2021-05-24,12,11345,7,1821,3,9106,2,418,8,2935,4,4413,10,7348,California
Mariposa,2021-05-25,26,11371,17,1838,9,9115,0,418,18,2945,8,4421,18,7366,California
Mariposa,2021-05-26,36,11407,3,1841,29,9144,4,422,28,2969,8,4429,32,7398,California
Mariposa,2021-05-27,117,11524,63,1904,53,9197,1,423,60,2973,57,4486,61,7459,California
Mariposa,2021-05-28,66,11590,6,1910,55,9252,5,428,23,2958,43,4529,28,7487,California
Mariposa,2021-05-29,7,11597,2,1912,4,9256,1,429,2,2958,3,4532,3,7490,California
Mariposa,2021-05-30,1,11598,0,1912,0,9256,1,430,0,2958,1,4533,1,7491,California
Mariposa,2021-05-31,1,11599,0,1912,1,9257,0,430,0,2957,1,4534,0,7491,California
Mariposa,2021-06-01,4,11603,0,1912,4,9261,0,430,1,2955,3,4537,1,7492,California
Mendocino,2020-12-17,70,70,70,70,0,0,0,0,70,70,0,0,70,70,California
Mendocino,2020-12-18,85,155,84,154,1,1,0,0,84,154,0,0,84,154,California
Mendocino,2020-12-19,4,159,4,158,0,1,0,0,4,158,0,0,4,158,California
Mendocino,2020-12-20,7,166,7,165,0,1,0,0,7,165,0,0,7,165,California
Mendocino,2020-12-21,241,407,241,406,0,1,0,0,77,242,0,0,77,242,California
Mendocino,2020-12-22,252,659,191,597,61,62,0,0,252,494,0,0,252,494,California
Mendocino,2020-12-23,270,929,47,644,223,285,0,0,269,763,0,0,269,763,California
Mendocino,2020-12-24,49,978,8,652,41,326,0,0,49,812,0,0,49,812,California
Mendocino,2020-12-25,1,979,0,652,1,327,0,0,1,813,0,0,1,813,California
Mendocino,2020-12-26,2,981,2,654,0,327,0,0,2,815,0,0,2,815,California
Mendocino,2020-12-27,1,982,0,654,1,328,0,0,1,816,0,0,1,816,California
Mendocino,2020-12-28,74,1056,9,663,65,393,0,0,74,890,0,0,74,890,California
Mendocino,2020-12-29,122,1178,61,724,61,454,0,0,122,1012,0,0,122,1012,California
Mendocino,2020-12-30,121,1299,67,791,54,508,0,0,121,1133,0,0,121,1133,California
Mendocino,2020-12-31,132,1431,97,888,35,543,0,0,132,1265,0,0,132,1265,California
Mendocino,2021-01-01,8,1439,6,894,2,545,0,0,8,1273,0,0,8,1273,California
Mendocino,2021-01-04,838,2277,18,912,820,1365,0,0,838,2111,0,0,838,2111,California
Mendocino,2021-01-05,74,2351,36,948,38,1403,0,0,61,2159,13,13,61,2172,California
Mendocino,2021-01-06,155,2506,133,1081,22,1425,0,0,145,2294,10,23,145,2317,California
Mendocino,2021-01-07,361,2867,238,1319,123,1548,0,0,298,2529,63,86,298,2615,California
Mendocino,2021-01-08,95,2962,82,1401,13,1561,0,0,41,2517,54,140,42,2657,California
Mendocino,2021-01-09,10,2972,6,1407,4,1565,0,0,8,2523,2,142,8,2665,California
Mendocino,2021-01-10,9,2981,8,1415,1,1566,0,0,2,2518,7,149,2,2667,California
Mendocino,2021-01-11,101,3082,92,1507,9,1575,0,0,43,2504,57,206,43,2710,California
Mendocino,2021-01-12,387,3469,377,1884,10,1585,0,0,270,2657,117,323,270,2980,California
Mendocino,2021-01-13,491,3960,145,2029,346,1931,0,0,449,3067,40,363,450,3430,California
Mendocino,2021-01-14,652,4612,20,2049,632,2563,0,0,643,3701,9,372,643,4073,California
Mendocino,2021-01-15,1872,6484,861,2910,1011,3574,0,0,1867,5564,5,377,1868,5941,California
Mendocino,2021-01-16,792,7276,50,2960,742,4316,0,0,790,6352,2,379,790,6731,California
Mendocino,2021-01-17,554,7830,1,2961,553,4869,0,0,553,6904,1,380,553,7284,California
Mendocino,2021-01-18,487,8317,462,3423,25,4894,0,0,476,7369,11,391,476,7760,California
Mendocino,2021-01-19,334,8651,148,3571,186,5080,0,0,158,7351,176,567,158,7918,California
Mendocino,2021-01-20,555,9206,407,3978,148,5228,0,0,449,7697,104,671,450,8368,California
Mendocino,2021-01-21,538,9744,225,4203,313,5541,0,0,352,7864,185,856,352,8720,California
Mendocino,2021-01-22,149,9893,58,4261,91,5632,0,0,110,7935,39,895,110,8830,California
Mendocino,2021-01-23,156,10049,84,4345,72,5704,0,0,150,8079,6,901,150,8980,California
Mendocino,2021-01-24,5,10054,3,4348,2,5706,0,0,5,8084,0,901,5,8985,California
Mendocino,2021-01-25,192,10246,18,4366,174,5880,0,0,122,8136,70,971,122,9107,California
Mendocino,2021-01-26,153,10399,53,4419,100,5980,0,0,94,8171,59,1030,94,9201,California
Mendocino,2021-01-27,441,10840,371,4790,70,6050,0,0,176,8089,258,1288,176,9377,California
Mendocino,2021-01-28,593,11433,529,5319,64,6114,0,0,498,8493,94,1382,498,9875,California
Mendocino,2021-01-29,394,11827,352,5671,42,6156,0,0,365,8830,29,1411,366,10241,California
Mendocino,2021-01-30,50,11877,31,5702,19,6175,0,0,43,8866,7,1418,43,10284,California
Mendocino,2021-01-31,275,12152,2,5704,273,6448,0,0,4,8599,271,1689,4,10288,California
Mendocino,2021-02-01,381,12533,52,5756,329,6777,0,0,59,8336,322,2011,59,10347,California
Mendocino,2021-02-02,737,13270,516,6272,221,6998,0,0,377,8353,360,2371,377,10724,California
Mendocino,2021-02-03,392,13662,207,6479,185,7183,0,0,222,8407,168,2539,222,10946,California
Mendocino,2021-02-04,625,14287,530,7009,95,7278,0,0,500,8782,125,2664,500,11446,California
Mendocino,2021-02-05,1304,15591,1214,8223,90,7368,0,0,584,8648,718,3382,584,12030,California
Mendocino,2021-02-06,558,16149,157,8380,401,7769,0,0,543,9176,15,3397,543,12573,California
Mendocino,2021-02-07,32,16181,28,8408,4,7773,0,0,32,9208,0,3397,32,12605,California
Mendocino,2021-02-08,747,16928,716,9124,31,7804,0,0,284,9029,463,3860,284,12889,California
Mendocino,2021-02-09,141,17069,58,9182,83,7887,0,0,89,9066,52,3912,89,12978,California
Mendocino,2021-02-10,1490,18559,924,10106,566,8453,0,0,743,9069,740,4652,743,13721,California
Mendocino,2021-02-11,1210,19769,208,10314,1002,9455,0,0,299,8457,911,5563,299,14020,California
Mendocino,2021-02-12,1455,21224,163,10477,1292,10747,0,0,656,8315,798,6361,656,14676,California
Mendocino,2021-02-13,502,21726,15,10492,487,11234,0,0,106,8031,395,6756,111,14787,California
Mendocino,2021-02-14,695,22421,3,10495,692,11926,0,0,135,7606,560,7316,135,14922,California
Mendocino,2021-02-15,331,22752,42,10537,289,12215,0,0,176,7627,155,7471,176,15098,California
Mendocino,2021-02-16,201,22953,51,10588,150,12365,0,0,130,7686,71,7542,130,15228,California
Mendocino,2021-02-17,1354,24307,1191,11779,163,12528,0,0,877,8088,475,8017,877,16105,California
Mendocino,2021-02-18,1792,26099,646,12425,1146,13674,0,0,1225,8747,566,8583,1225,17330,California
Mendocino,2021-02-19,756,26855,148,12573,608,14282,0,0,616,9223,140,8723,616,17946,California
Mendocino,2021-02-20,575,27430,549,13122,26,14308,0,0,544,9738,29,8752,544,18490,California
Mendocino,2021-02-21,326,27756,6,13128,320,14628,0,0,314,10041,11,8763,314,18804,California
Mendocino,2021-02-22,161,27917,29,13157,132,14760,0,0,69,10020,90,8853,69,18873,California
Mendocino,2021-02-23,857,28774,843,14000,14,14774,0,0,645,10455,210,9063,645,19518,California
Mendocino,2021-02-24,1848,30622,1766,15766,82,14856,0,0,1436,11486,407,9470,1438,20956,California
Mendocino,2021-02-25,1709,32331,533,16299,1176,16032,0,0,1287,12352,421,9891,1287,22243,California
Mendocino,2021-02-26,1416,33747,748,17047,668,16700,0,0,1050,13039,363,10254,1050,23293,California
Mendocino,2021-02-27,200,33947,151,17198,49,16749,0,0,77,12994,122,10376,77,23370,California
Mendocino,2021-02-28,36,33983,14,17212,22,16771,0,0,24,13006,12,10388,24,23394,California
Mendocino,2021-03-01,589,34572,547,17759,42,16813,0,0,549,13518,37,10425,549,23943,California
Mendocino,2021-03-02,75,34647,27,17786,48,16861,0,0,41,13526,33,10458,41,23984,California
Mendocino,2021-03-03,2034,36681,1333,19119,701,17562,0,0,1384,14262,648,11106,1384,25368,California
Mendocino,2021-03-04,1850,38531,148,19267,1702,19264,0,0,1632,15680,215,11321,1633,27001,California
Mendocino,2021-03-05,475,39006,416,19683,50,19314,9,9,372,15962,99,11420,381,27382,California
Mendocino,2021-03-06,246,39252,23,19706,198,19512,25,34,203,16148,42,11462,228,27610,California
Mendocino,2021-03-07,506,39758,8,19714,478,19990,20,54,118,15898,387,11849,137,27747,California
Mendocino,2021-03-08,123,39881,28,19742,57,20047,38,92,63,15941,58,11907,101,27848,California
Mendocino,2021-03-09,941,40822,601,20343,299,20346,41,133,834,16709,107,12014,875,28723,California
Mendocino,2021-03-10,1147,41969,984,21327,98,20444,65,198,272,16178,871,12885,340,29063,California
Mendocino,2021-03-11,842,42811,626,21953,162,20606,54,252,400,16193,439,13324,454,29517,California
Mendocino,2021-03-12,2063,44874,1051,23004,899,21505,113,365,1232,16714,824,14148,1345,30862,California
Mendocino,2021-03-13,702,45576,570,23574,74,21579,58,423,106,16287,592,14740,165,31027,California
Mendocino,2021-03-14,106,45682,4,23578,95,21674,7,430,12,16216,90,14830,19,31046,California
Mendocino,2021-03-15,599,46281,50,23628,491,22165,58,488,210,16095,388,15218,267,31313,California
Mendocino,2021-03-16,583,46864,386,24014,151,22316,46,534,121,15802,460,15678,167,31480,California
Mendocino,2021-03-17,1583,48447,1379,25393,55,22371,149,683,218,14814,1361,17039,373,31853,California
Mendocino,2021-03-18,1314,49761,248,25641,1028,23399,38,721,284,14113,1022,18061,321,32174,California
Mendocino,2021-03-19,1781,51542,855,26496,865,24264,61,782,333,13065,1444,19505,396,32570,California
Mendocino,2021-03-20,69,51611,10,26506,38,24302,21,803,12,13041,57,19562,33,32603,California
Mendocino,2021-03-21,8,51619,1,26507,2,24304,5,808,3,13044,5,19567,8,32611,California
Mendocino,2021-03-22,657,52276,613,27120,15,24319,29,837,146,12711,507,20074,174,32785,California
Mendocino,2021-03-23,165,52441,33,27153,102,24421,30,867,114,12804,51,20125,144,32929,California
Mendocino,2021-03-24,916,53357,841,27994,28,24449,47,914,113,12163,801,20926,160,33089,California
Mendocino,2021-03-25,2018,55375,52,28046,1946,26395,20,934,176,10521,1836,22762,194,33283,California
Mendocino,2021-03-26,546,55921,395,28441,126,26521,25,959,114,10228,432,23194,139,33422,California
Mendocino,2021-03-27,142,56063,13,28454,117,26638,12,971,80,10258,61,23255,91,33513,California
Mendocino,2021-03-28,25,56088,5,28459,16,26654,4,975,3,10244,21,23276,7,33520,California
Mendocino,2021-03-29,189,56277,100,28559,45,26699,44,1019,95,10289,94,23370,139,33659,California
Mendocino,2021-03-30,719,56996,634,29193,48,26747,37,1056,106,9821,611,23981,143,33802,California
Mendocino,2021-03-31,915,57911,280,29473,574,27321,61,1117,153,9275,760,24741,214,34016,California
Mendocino,2021-04-01,1744,59655,417,29890,1246,28567,81,1198,378,8382,1356,26097,463,34479,California
Mendocino,2021-04-02,1304,60959,1073,30963,158,28725,73,1271,158,7470,1143,27240,231,34710,California
Mendocino,2021-04-03,710,61669,10,30973,679,29404,21,1292,87,6960,619,27859,109,34819,California
Mendocino,2021-04-04,71,61740,35,31008,30,29434,6,1298,55,7005,16,27875,61,34880,California
Mendocino,2021-04-05,211,61951,141,31149,46,29480,24,1322,125,7065,86,27961,146,35026,California
Mendocino,2021-04-06,398,62349,123,31272,180,29660,95,1417,106,6975,292,28253,202,35228,California
Mendocino,2021-04-07,490,62839,179,31451,65,29725,246,1663,116,6966,371,28624,362,35590,California
Mendocino,2021-04-08,1501,64340,922,32373,464,30189,115,1778,1009,7605,486,29110,1125,36715,California
Mendocino,2021-04-09,759,65099,427,32800,171,30360,161,1939,396,7801,362,29472,558,37273,California
Mendocino,2021-04-10,405,65504,91,32891,268,30628,46,1985,99,7640,306,29778,145,37418,California
Mendocino,2021-04-11,122,65626,47,32938,19,30647,56,2041,59,7692,63,29841,115,37533,California
Mendocino,2021-04-12,621,66247,513,33451,48,30695,60,2101,407,7945,214,30055,467,38000,California
Mendocino,2021-04-13,292,66539,227,33678,65,30760,0,2101,222,8098,70,30125,223,38223,California
Mendocino,2021-04-14,520,67059,428,34106,92,30852,0,2101,417,8412,103,30228,417,38640,California
Mendocino,2021-04-15,659,67718,329,34435,330,31182,0,2101,388,8534,266,30494,388,39028,California
Mendocino,2021-04-16,126,67844,53,34488,72,31254,1,2102,78,8565,47,30541,78,39106,California
Mendocino,2021-04-17,196,68040,12,34500,184,31438,0,2102,67,8505,127,30668,67,39173,California
Mendocino,2021-04-18,13,68053,6,34506,7,31445,0,2102,8,8509,4,30672,8,39181,California
Mendocino,2021-04-19,539,68592,515,35021,23,31468,1,2103,427,8826,111,30783,428,39609,California
Mendocino,2021-04-20,419,69011,292,35313,127,31595,0,2103,262,8932,156,30939,262,39871,California
Mendocino,2021-04-21,193,69204,133,35446,59,31654,1,2104,114,8969,77,31016,114,39985,California
Mendocino,2021-04-22,490,69694,314,35760,175,31829,1,2105,318,9118,169,31185,318,40303,California
Mendocino,2021-04-23,846,70540,704,36464,142,31971,0,2105,688,9651,155,31340,688,40991,California
Mendocino,2021-04-24,109,70649,15,36479,94,32065,0,2105,102,9746,7,31347,102,41093,California
Mendocino,2021-04-25,57,70706,33,36512,20,32085,4,2109,18,9729,39,31386,22,41115,California
Mendocino,2021-04-26,303,71009,237,36749,61,32146,5,2114,196,9824,106,31492,201,41316,California
Mendocino,2021-04-27,201,71210,89,36838,85,32231,27,2141,92,9834,108,31600,118,41434,California
Mendocino,2021-04-28,220,71430,148,36986,53,32284,19,2160,125,9884,95,31695,145,41579,California
Mendocino,2021-04-29,1141,72571,844,37830,282,32566,15,2175,105,8971,1033,32728,120,41699,California
Mendocino,2021-04-30,607,73178,385,38215,212,32778,10,2185,228,8831,378,33106,238,41937,California
Mendocino,2021-05-01,472,73650,434,38649,32,32810,6,2191,367,9100,104,33210,373,42310,California
Mendocino,2021-05-02,55,73705,46,38695,6,32816,3,2194,8,9065,46,33256,11,42321,California
Mendocino,2021-05-03,147,73852,86,38781,39,32855,22,2216,43,9028,102,33358,65,42386,California
Mendocino,2021-05-04,379,74231,254,39035,92,32947,33,2249,141,8964,238,33596,174,42560,California
Mendocino,2021-05-05,871,75102,787,39822,69,33016,15,2264,219,8547,651,34247,234,42794,California
Mendocino,2021-05-06,631,75733,381,40203,228,33244,22,2286,154,8248,475,34722,176,42970,California
Mendocino,2021-05-07,187,75920,35,40238,128,33372,24,2310,123,8332,63,34785,147,43117,California
Mendocino,2021-05-08,125,76045,4,40242,120,33492,1,2311,109,8427,15,34800,110,43227,California
Mendocino,2021-05-09,20,76065,5,40247,14,33506,1,2312,3,8414,17,34817,4,43231,California
Mendocino,2021-05-10,244,76309,161,40408,78,33584,5,2317,150,8475,94,34911,155,43386,California
Mendocino,2021-05-11,277,76586,143,40551,117,33701,17,2334,128,8470,149,35060,144,43530,California
Mendocino,2021-05-12,135,76721,80,40631,47,33748,8,2342,42,8429,91,35151,50,43580,California
Mendocino,2021-05-13,1209,77930,1108,41739,85,33833,16,2358,307,7851,901,36052,323,43903,California
Mendocino,2021-05-14,718,78648,491,42230,164,33997,63,2421,244,7690,469,36521,308,44211,California
Mendocino,2021-05-15,85,78733,29,42259,52,34049,4,2425,40,7689,45,36566,44,44255,California
Mendocino,2021-05-16,115,78848,102,42361,11,34060,2,2427,99,7774,16,36582,101,44356,California
Mendocino,2021-05-17,172,79020,83,42444,73,34133,16,2443,97,7812,75,36657,113,44469,California
Mendocino,2021-05-18,243,79263,117,42561,98,34231,28,2471,109,7815,133,36790,136,44605,California
Mendocino,2021-05-19,326,79589,193,42754,112,34343,21,2492,242,7996,82,36872,263,44868,California
Mendocino,2021-05-20,285,79874,112,42866,131,34474,42,2534,103,7962,179,37051,145,45013,California
Mendocino,2021-05-21,613,80487,459,43325,142,34616,12,2546,486,8334,126,37177,498,45511,California
Mendocino,2021-05-22,758,81245,659,43984,91,34707,8,2554,228,8041,529,37706,236,45747,California
Mendocino,2021-05-23,18,81263,11,43995,1,34708,6,2560,10,8050,7,37713,16,45763,California
Mendocino,2021-05-24,123,81386,46,44041,59,34767,18,2578,60,8066,62,37775,78,45841,California
Mendocino,2021-05-25,295,81681,175,44216,91,34858,29,2607,133,8066,162,37937,162,46003,California
Mendocino,2021-05-26,306,81987,229,44445,66,34924,11,2618,122,8016,183,38120,133,46136,California
Mendocino,2021-05-27,230,82217,113,44558,98,35022,19,2637,95,7996,134,38254,114,46250,California
Mendocino,2021-05-28,219,82436,94,44652,118,35140,7,2644,142,8070,75,38329,149,46399,California
Mendocino,2021-05-29,41,82477,14,44666,22,35162,5,2649,24,8082,17,38346,29,46428,California
Mendocino,2021-05-30,13,82490,3,44669,9,35171,1,2650,8,8086,5,38351,9,46437,California
Mendocino,2021-05-31,4,82494,0,44669,3,35174,1,2651,1,8085,3,38354,2,46439,California
Mendocino,2021-06-01,181,82675,57,44726,118,35292,6,2657,25,7960,156,38510,31,46470,California
Merced,2020-12-16,3,3,3,3,0,0,0,0,3,3,0,0,3,3,California
Merced,2020-12-17,6,9,6,9,0,0,0,0,6,9,0,0,6,9,California
Merced,2020-12-18,143,152,143,152,0,0,0,0,143,152,0,0,143,152,California
Merced,2020-12-19,39,191,39,191,0,0,0,0,39,191,0,0,39,191,California
Merced,2020-12-20,18,209,18,209,0,0,0,0,18,209,0,0,18,209,California
Merced,2020-12-21,125,334,122,331,3,3,0,0,125,334,0,0,125,334,California
Merced,2020-12-22,152,486,152,483,0,3,0,0,152,486,0,0,152,486,California
Merced,2020-12-23,249,735,243,726,6,9,0,0,249,735,0,0,249,735,California
Merced,2020-12-24,72,807,72,798,0,9,0,0,72,807,0,0,72,807,California
Merced,2020-12-25,4,811,4,802,0,9,0,0,4,811,0,0,4,811,California
Merced,2020-12-26,6,817,3,805,3,12,0,0,6,817,0,0,6,817,California
Merced,2020-12-27,12,829,11,816,1,13,0,0,12,829,0,0,12,829,California
Merced,2020-12-28,122,951,97,913,25,38,0,0,122,951,0,0,122,951,California
Merced,2020-12-29,179,1130,123,1036,56,94,0,0,179,1130,0,0,179,1130,California
Merced,2020-12-30,215,1345,89,1125,126,220,0,0,215,1345,0,0,215,1345,California
Merced,2020-12-31,103,1448,34,1159,69,289,0,0,103,1448,0,0,103,1448,California
Merced,2021-01-01,5,1453,1,1160,4,293,0,0,5,1453,0,0,5,1453,California
Merced,2021-01-02,129,1582,118,1278,11,304,0,0,129,1582,0,0,129,1582,California
Merced,2021-01-03,9,1591,5,1283,4,308,0,0,9,1591,0,0,9,1591,California
Merced,2021-01-04,80,1671,42,1325,38,346,0,0,80,1671,0,0,80,1671,California
Merced,2021-01-05,321,1992,232,1557,89,435,0,0,315,1982,6,6,317,1988,California
Merced,2021-01-06,257,2249,105,1662,152,587,0,0,251,2227,6,12,251,2239,California
Merced,2021-01-07,187,2436,83,1745,104,691,0,0,176,2391,12,24,176,2415,California
Merced,2021-01-08,526,2962,392,2137,134,825,0,0,375,2616,150,174,375,2790,California
Merced,2021-01-09,23,2985,10,2147,13,838,0,0,17,2627,6,180,17,2807,California
Merced,2021-01-10,11,2996,7,2154,4,842,0,0,7,2630,4,184,7,2814,California
Merced,2021-01-11,228,3224,169,2323,59,901,0,0,102,2608,126,310,104,2918,California
Merced,2021-01-12,294,3518,171,2494,123,1024,0,0,244,2801,51,361,244,3162,California
Merced,2021-01-13,377,3895,175,2669,202,1226,0,0,225,2877,152,513,228,3390,California
Merced,2021-01-14,323,4218,200,2869,123,1349,0,0,158,2872,164,677,159,3549,California
Merced,2021-01-15,587,4805,131,3000,456,1805,0,0,548,3383,40,717,551,4100,California
Merced,2021-01-16,214,5019,130,3130,84,1889,0,0,197,3563,17,734,197,4297,California
Merced,2021-01-17,50,5069,12,3142,38,1927,0,0,49,3611,1,735,49,4346,California
Merced,2021-01-18,261,5330,126,3268,135,2062,0,0,238,3830,23,758,242,4588,California
Merced,2021-01-19,711,6041,587,3855,124,2186,0,0,540,4204,171,929,545,5133,California
Merced,2021-01-20,572,6613,467,4322,105,2291,0,0,515,4665,57,986,518,5651,California
Merced,2021-01-21,1011,7624,650,4972,361,2652,0,0,911,5479,100,1086,914,6565,California
Merced,2021-01-22,1311,8935,692,5664,619,3271,0,0,1283,6747,27,1113,1295,7860,California
Merced,2021-01-23,324,9259,197,5861,127,3398,0,0,217,6857,107,1220,217,8077,California
Merced,2021-01-24,37,9296,15,5876,22,3420,0,0,28,6877,8,1228,28,8105,California
Merced,2021-01-25,729,10025,241,6117,488,3908,0,0,670,7490,58,1286,671,8776,California
Merced,2021-01-26,917,10942,487,6604,430,4338,0,0,675,7951,215,1501,676,9452,California
Merced,2021-01-27,983,11925,586,7190,397,4735,0,0,814,8598,167,1668,814,10266,California
Merced,2021-01-28,1140,13065,594,7784,546,5281,0,0,1016,9492,123,1791,1017,11283,California
Merced,2021-01-29,853,13918,324,8108,529,5810,0,0,599,9853,241,2032,602,11885,California
Merced,2021-01-30,262,14180,28,8136,234,6044,0,0,245,10081,17,2049,245,12130,California
Merced,2021-01-31,47,14227,11,8147,36,6080,0,0,46,10126,1,2050,46,12176,California
Merced,2021-02-01,377,14604,54,8201,323,6403,0,0,327,10405,49,2099,328,12504,California
Merced,2021-02-02,298,14902,181,8382,117,6520,0,0,176,10463,119,2218,177,12681,California
Merced,2021-02-03,349,15251,72,8454,277,6797,0,0,168,10450,181,2399,168,12849,California
Merced,2021-02-04,371,15622,145,8599,226,7023,0,0,240,10561,130,2529,241,13090,California
Merced,2021-02-05,512,16134,171,8770,341,7364,0,0,271,10594,240,2769,273,13363,California
Merced,2021-02-06,388,16522,218,8988,170,7534,0,0,245,10699,141,2910,246,13609,California
Merced,2021-02-07,21,16543,13,9001,8,7542,0,0,14,10706,7,2917,14,13623,California
Merced,2021-02-08,281,16824,198,9199,83,7625,0,0,171,10769,109,3026,172,13795,California
Merced,2021-02-09,1215,18039,955,10154,260,7885,0,0,772,11107,435,3461,773,14568,California
Merced,2021-02-10,1857,19896,1433,11587,424,8309,0,0,1274,11808,573,4034,1274,15842,California
Merced,2021-02-11,2509,22405,2010,13597,499,8808,0,0,1816,12943,681,4715,1816,17658,California
Merced,2021-02-12,1716,24121,1014,14611,702,9510,0,0,745,12736,954,5669,747,18405,California
Merced,2021-02-13,361,24482,206,14817,155,9665,0,0,262,12905,95,5764,264,18669,California
Merced,2021-02-14,117,24599,26,14843,91,9756,0,0,95,12979,22,5786,96,18765,California
Merced,2021-02-15,274,24873,42,14885,232,9988,0,0,169,13051,98,5884,170,18935,California
Merced,2021-02-16,1216,26089,844,15729,372,10360,0,0,835,13528,362,6246,839,19774,California
Merced,2021-02-17,1883,27972,1638,17367,245,10605,0,0,1311,14291,557,6803,1320,21094,California
Merced,2021-02-18,1213,29185,823,18190,390,10995,0,0,404,13910,788,7591,407,21501,California
Merced,2021-02-19,1265,30450,415,18605,850,11845,0,0,539,13731,720,8311,541,22042,California
Merced,2021-02-20,278,30728,32,18637,246,12091,0,0,140,13735,136,8447,140,22182,California
Merced,2021-02-21,77,30805,62,18699,15,12106,0,0,31,13721,45,8492,31,22213,California
Merced,2021-02-22,832,31637,294,18993,538,12644,0,0,482,13855,348,8840,482,22695,California
Merced,2021-02-23,1084,32721,423,19416,661,13305,0,0,639,14056,439,9279,640,23335,California
Merced,2021-02-24,819,33540,302,19718,517,13822,0,0,447,14141,363,9642,448,23783,California
Merced,2021-02-25,1769,35309,876,20594,893,14715,0,0,1316,15010,450,10092,1319,25102,California
Merced,2021-02-26,2155,37464,1379,21973,776,15491,0,0,1742,16347,406,10498,1743,26845,California
Merced,2021-02-27,2599,40063,1172,23145,1427,16918,0,0,2313,18376,284,10782,2313,29158,California
Merced,2021-02-28,308,40371,73,23218,235,17153,0,0,253,18578,51,10833,253,29411,California
Merced,2021-03-01,1121,41492,281,23499,839,17992,1,1,778,19023,334,11167,779,30190,California
Merced,2021-03-02,1756,43248,910,24409,845,18837,1,2,1364,20005,385,11552,1367,31557,California
Merced,2021-03-03,2229,45477,1733,26142,495,19332,1,3,1469,20735,741,12293,1471,33028,California
Merced,2021-03-04,2896,48373,2276,28418,618,19950,2,5,1922,21704,956,13249,1925,34953,California
Merced,2021-03-05,2069,50442,1193,29611,852,20802,24,29,1529,22732,526,13775,1554,36507,California
Merced,2021-03-06,1167,51609,663,30274,482,21284,22,51,911,23410,255,14030,933,37440,California
Merced,2021-03-07,230,51839,66,30340,139,21423,25,76,201,23607,29,14059,226,37666,California
Merced,2021-03-08,1408,53247,809,31149,534,21957,65,141,1192,24648,215,14274,1256,38922,California
Merced,2021-03-09,1700,54947,1003,32152,589,22546,108,249,1100,25262,594,14868,1208,40130,California
Merced,2021-03-10,2702,57649,1870,34022,632,23178,200,449,1626,26030,1061,15929,1829,41959,California
Merced,2021-03-11,1947,59596,695,34717,1047,24225,205,654,1226,26777,706,16635,1453,43412,California
Merced,2021-03-12,2211,61807,902,35619,1041,25266,268,922,1496,27843,710,17345,1776,45188,California
Merced,2021-03-13,751,62558,310,35929,199,25465,242,1164,444,28231,299,17644,687,45875,California
Merced,2021-03-14,249,62807,136,36065,83,25548,30,1194,149,28311,99,17743,179,46054,California
Merced,2021-03-15,1520,64327,496,36561,768,26316,256,1450,1001,29055,512,18255,1256,47310,California
Merced,2021-03-16,1470,65797,715,37276,529,26845,226,1676,980,29782,479,18734,1206,48516,California
Merced,2021-03-17,1973,67770,1064,38340,729,27574,180,1856,1515,31031,448,19182,1697,50213,California
Merced,2021-03-18,2115,69885,1245,39585,723,28297,147,2003,1395,31880,706,19888,1555,51768,California
Merced,2021-03-19,2669,72554,1456,41041,1020,29317,193,2196,1386,32188,1272,21160,1580,53348,California
Merced,2021-03-20,2445,74999,1516,42557,534,29851,395,2591,958,32062,1483,22643,1357,54705,California
Merced,2021-03-21,557,75556,343,42900,201,30052,13,2604,437,32394,120,22763,452,55157,California
Merced,2021-03-22,1263,76819,630,43530,557,30609,76,2680,885,32987,370,23133,963,56120,California
Merced,2021-03-23,1834,78653,1107,44637,663,31272,64,2744,1352,33926,477,23610,1416,57536,California
Merced,2021-03-24,1467,80120,927,45564,505,31777,35,2779,989,34477,473,24083,1024,58560,California
Merced,2021-03-25,3322,83442,2279,47843,1020,32797,23,2802,2082,35357,1228,25311,2108,60668,California
Merced,2021-03-26,1938,85380,1089,48932,814,33611,35,2837,891,35245,1037,26348,925,61593,California
Merced,2021-03-27,3563,88943,1907,50839,1239,34850,417,3254,1554,35221,1996,28344,1972,63565,California
Merced,2021-03-28,521,89464,215,51054,298,35148,8,3262,215,35140,304,28648,223,63788,California
Merced,2021-03-29,1829,91293,780,51834,882,36030,167,3429,670,34830,1151,29799,841,64629,California
Merced,2021-03-30,2150,93443,803,52637,1288,37318,59,3488,991,34729,1153,30952,1052,65681,California
Merced,2021-03-31,2145,95588,1410,54047,697,38015,38,3526,954,34546,1176,32128,993,66674,California
Merced,2021-04-01,2221,97809,1025,55072,1069,39084,127,3653,1007,34474,1208,33336,1136,67810,California
Merced,2021-04-02,2342,100151,640,55712,1298,40382,404,4057,787,34128,1538,34874,1192,69002,California
Merced,2021-04-03,914,101065,435,56147,464,40846,15,4072,504,34243,406,35280,521,69523,California
Merced,2021-04-04,371,101436,143,56290,224,41070,4,4076,142,34163,228,35508,148,69671,California
Merced,2021-04-05,1272,102708,606,56896,454,41524,212,4288,419,33947,846,36354,630,70301,California
Merced,2021-04-06,2426,105134,898,57794,700,42224,828,5116,891,34135,1530,37884,1718,72019,California
Merced,2021-04-07,1658,106792,889,58683,662,42886,107,5223,586,33776,1054,38938,695,72714,California
Merced,2021-04-08,2322,109114,1193,59876,914,43800,215,5438,836,33370,1455,40393,1049,73763,California
Merced,2021-04-09,1693,110807,471,60347,645,44445,577,6015,565,33403,1112,41505,1145,74908,California
Merced,2021-04-10,719,111526,365,60712,166,44611,188,6203,176,33228,537,42042,362,75270,California
Merced,2021-04-11,488,112014,281,60993,72,44683,135,6338,147,33172,339,42381,283,75553,California
Merced,2021-04-12,1457,113471,945,61938,390,45073,122,6460,828,33529,593,42974,950,76503,California
Merced,2021-04-13,2040,115511,1461,63399,576,45649,3,6463,936,33459,1013,43987,943,77446,California
Merced,2021-04-14,2050,117561,1216,64615,834,46483,0,6463,902,33347,1016,45003,904,78350,California
Merced,2021-04-15,3022,120583,1980,66595,1042,47525,0,6463,957,32475,1834,46837,962,79312,California
Merced,2021-04-16,2381,122964,1165,67760,1216,48741,0,6463,971,32135,1311,48148,971,80283,California
Merced,2021-04-17,1920,124884,1264,69024,655,49396,1,6464,571,31367,1341,49489,573,80856,California
Merced,2021-04-18,469,125353,247,69271,222,49618,0,6464,191,31307,251,49740,191,81047,California
Merced,2021-04-19,1338,126691,752,70023,586,50204,0,6464,708,31481,535,50275,709,81756,California
Merced,2021-04-20,1469,128160,737,70760,732,50936,0,6464,800,31682,599,50874,800,82556,California
Merced,2021-04-21,1479,129639,891,71651,588,51524,0,6464,753,31821,614,51488,753,83309,California
Merced,2021-04-22,1613,131252,741,72392,872,52396,0,6464,781,31852,751,52239,782,84091,California
Merced,2021-04-23,1647,132899,684,73076,963,53359,0,6464,889,32030,712,52951,890,84981,California
Merced,2021-04-24,575,133474,406,73482,169,53528,0,6464,391,32241,180,53131,391,85372,California
Merced,2021-04-25,327,133801,187,73669,140,53668,0,6464,193,32303,131,53262,193,85565,California
Merced,2021-04-26,1192,134993,524,74193,668,54336,0,6464,620,32386,539,53801,622,86187,California
Merced,2021-04-27,1742,136735,882,75075,850,55186,10,6474,696,32114,979,54780,707,86894,California
Merced,2021-04-28,1372,138107,681,75756,682,55868,9,6483,784,32342,566,55346,794,87688,California
Merced,2021-04-29,1408,139515,600,76356,783,56651,25,6508,654,32278,745,56091,681,88369,California
Merced,2021-04-30,1457,140972,615,76971,798,57449,44,6552,747,32364,706,56797,792,89161,California
Merced,2021-05-01,556,141528,240,77211,311,57760,5,6557,258,32331,295,57092,262,89423,California
Merced,2021-05-02,294,141822,118,77329,161,57921,15,6572,129,32313,164,57256,146,89569,California
Merced,2021-05-03,841,142663,546,77875,224,58145,71,6643,299,32144,540,57796,371,89940,California
Merced,2021-05-04,1014,143677,541,78416,421,58566,52,6695,372,31930,638,58434,424,90364,California
Merced,2021-05-05,1208,144885,715,79131,417,58983,76,6771,531,31871,666,59100,607,90971,California
Merced,2021-05-06,905,145790,472,79603,384,59367,49,6820,302,31627,595,59695,351,91322,California
Merced,2021-05-07,927,146717,290,79893,595,59962,42,6862,391,31530,532,60227,435,91757,California
Merced,2021-05-08,396,147113,201,80094,159,60121,36,6898,180,31531,215,60442,216,91973,California
Merced,2021-05-09,213,147326,107,80201,99,60220,7,6905,102,31530,110,60552,109,92082,California
Merced,2021-05-10,690,148016,353,80554,301,60521,36,6941,189,31255,500,61052,225,92307,California
Merced,2021-05-11,1108,149124,653,81207,402,60923,53,6994,426,31058,676,61728,479,92786,California
Merced,2021-05-12,984,150108,525,81732,420,61343,39,7033,312,30740,669,62397,351,93137,California
Merced,2021-05-13,799,150907,399,82131,358,61701,42,7075,296,30579,500,62897,339,93476,California
Merced,2021-05-14,1004,151911,616,82747,348,62049,40,7115,524,30671,472,63369,564,94040,California
Merced,2021-05-15,747,152658,565,83312,163,62212,19,7134,442,30835,298,63667,462,94502,California
Merced,2021-05-16,346,153004,231,83543,107,62319,8,7142,199,30899,144,63811,208,94710,California
Merced,2021-05-17,1047,154051,667,84210,351,62670,29,7171,505,30896,538,64349,535,95245,California
Merced,2021-05-18,1264,155315,845,85055,388,63058,31,7202,720,31110,537,64886,751,95996,California
Merced,2021-05-19,1085,156400,737,85792,341,63399,7,7209,608,31256,473,65359,619,96615,California
Merced,2021-05-20,905,157305,465,86257,385,63784,55,7264,338,31084,565,65924,393,97008,California
Merced,2021-05-21,1055,158360,603,86860,426,64210,26,7290,427,30919,618,66542,453,97461,California
Merced,2021-05-22,592,158952,409,87269,171,64381,12,7302,342,31025,248,66790,354,97815,California
Merced,2021-05-23,271,159223,200,87469,60,64441,11,7313,194,31153,77,66867,205,98020,California
Merced,2021-05-24,510,159733,224,87693,255,64696,31,7344,207,31091,300,67167,238,98258,California
Merced,2021-05-25,749,160482,420,88113,296,64992,33,7377,400,31179,345,67512,433,98691,California
Merced,2021-05-26,826,161308,500,88613,293,65285,33,7410,311,31009,514,68026,344,99035,California
Merced,2021-05-27,918,162226,648,89261,238,65523,32,7442,575,31279,338,68364,608,99643,California
Merced,2021-05-28,709,162935,331,89592,334,65857,44,7486,318,31257,386,68750,364,100007,California
Merced,2021-05-29,375,163310,261,89853,106,65963,8,7494,161,31214,212,68962,169,100176,California
Merced,2021-05-30,212,163522,144,89997,56,66019,12,7506,134,31282,78,69040,146,100322,California
Merced,2021-05-31,107,163629,25,90022,76,66095,6,7512,31,31245,74,69114,37,100359,California
Merced,2021-06-01,260,163889,165,90187,82,66177,13,7525,60,31119,198,69312,72,100431,California
Modoc,2020-12-16,1,1,1,1,0,0,0,0,1,1,0,0,1,1,California
Modoc,2020-12-21,99,100,99,100,0,0,0,0,99,100,0,0,99,100,California
Modoc,2020-12-22,14,114,14,114,0,0,0,0,14,114,0,0,14,114,California
Modoc,2020-12-23,4,118,4,118,0,0,0,0,4,118,0,0,4,118,California
Modoc,2020-12-24,1,119,1,119,0,0,0,0,1,119,0,0,1,119,California
Modoc,2020-12-28,2,121,2,121,0,0,0,0,2,121,0,0,2,121,California
Modoc,2020-12-29,10,131,1,122,9,9,0,0,10,131,0,0,10,131,California
Modoc,2020-12-30,7,138,0,122,7,16,0,0,7,138,0,0,7,138,California
Modoc,2021-01-02,3,141,1,123,2,18,0,0,3,141,0,0,3,141,California
Modoc,2021-01-04,8,149,0,123,8,26,0,0,8,149,0,0,8,149,California
Modoc,2021-01-05,3,152,2,125,1,27,0,0,3,152,0,0,3,152,California
Modoc,2021-01-06,3,155,2,127,1,28,0,0,2,153,1,1,2,154,California
Modoc,2021-01-07,72,227,0,127,72,100,0,0,72,225,0,1,72,226,California
Modoc,2021-01-08,105,332,0,127,105,205,0,0,105,330,0,1,105,331,California
Modoc,2021-01-10,1,333,1,128,0,205,0,0,0,329,1,2,0,331,California
Modoc,2021-01-11,90,423,81,209,9,214,0,0,19,277,71,73,19,350,California
Modoc,2021-01-12,94,517,25,234,69,283,0,0,68,319,26,99,68,418,California
Modoc,2021-01-13,24,541,4,238,20,303,0,0,22,339,2,101,22,440,California
Modoc,2021-01-14,129,670,6,244,123,426,0,0,124,458,5,106,124,564,California
Modoc,2021-01-15,6,676,1,245,5,431,0,0,6,464,0,106,6,570,California
Modoc,2021-01-16,1,677,1,246,0,431,0,0,1,465,0,106,1,571,California
Modoc,2021-01-18,1,678,1,247,0,431,0,0,1,466,0,106,1,572,California
Modoc,2021-01-19,5,683,3,250,2,433,0,0,3,467,2,108,3,575,California
Modoc,2021-01-20,11,694,1,251,10,443,0,0,11,478,0,108,11,586,California
Modoc,2021-01-21,157,851,2,253,155,598,0,0,157,635,0,108,157,743,California
Modoc,2021-01-22,2,853,0,253,2,600,0,0,2,637,0,108,2,745,California
Modoc,2021-01-25,11,864,0,253,11,611,0,0,11,648,0,108,11,756,California
Modoc,2021-01-26,65,929,1,254,64,675,0,0,65,713,0,108,65,821,California
Modoc,2021-01-27,41,970,2,256,39,714,0,0,25,722,16,124,25,846,California
Modoc,2021-01-28,146,1116,2,258,144,858,0,0,145,866,1,125,145,991,California
Modoc,2021-01-29,3,1119,1,259,2,860,0,0,3,869,0,125,3,994,California
Modoc,2021-02-01,26,1145,13,272,13,873,0,0,12,867,14,139,12,1006,California
Modoc,2021-02-02,170,1315,2,274,168,1041,0,0,167,1031,3,142,167,1173,California
Modoc,2021-02-03,18,1333,13,287,5,1046,0,0,11,1035,7,149,11,1184,California
Modoc,2021-02-04,154,1487,3,290,151,1197,0,0,26,933,128,277,26,1210,California
Modoc,2021-02-05,3,1490,2,292,1,1198,0,0,2,934,1,278,2,1212,California
Modoc,2021-02-08,9,1499,2,294,7,1205,0,0,8,941,1,279,8,1220,California
Modoc,2021-02-09,197,1696,13,307,184,1389,0,0,65,874,132,411,65,1285,California
Modoc,2021-02-10,5,1701,2,309,3,1392,0,0,4,877,1,412,4,1289,California
Modoc,2021-02-11,201,1902,3,312,198,1590,0,0,83,842,118,530,83,1372,California
Modoc,2021-02-12,4,1906,0,312,4,1594,0,0,2,842,2,532,2,1374,California
Modoc,2021-02-13,1,1907,0,312,1,1595,0,0,1,843,0,532,1,1375,California
Modoc,2021-02-16,147,2054,6,318,141,1736,0,0,143,982,4,536,143,1518,California
Modoc,2021-02-17,24,2078,1,319,23,1759,0,0,12,982,12,548,12,1530,California
Modoc,2021-02-18,188,2266,2,321,186,1945,0,0,25,846,162,710,26,1556,California
Modoc,2021-02-19,4,2270,4,325,0,1945,0,0,3,848,1,711,3,1559,California
Modoc,2021-02-20,1,2271,1,326,0,1945,0,0,0,847,1,712,0,1559,California
Modoc,2021-02-22,17,2288,9,335,8,1953,0,0,3,836,14,726,3,1562,California
Modoc,2021-02-23,20,2308,2,337,18,1971,0,0,1,818,19,745,1,1563,California
Modoc,2021-02-24,91,2399,1,338,90,2061,0,0,31,789,60,805,31,1594,California
Modoc,2021-02-25,169,2568,0,338,169,2230,0,0,12,644,157,962,12,1606,California
Modoc,2021-02-26,3,2571,0,338,3,2233,0,0,1,643,2,964,1,1607,California
Modoc,2021-02-27,3,2574,3,341,0,2233,0,0,2,644,1,965,2,1609,California
Modoc,2021-03-01,5,2579,0,341,5,2238,0,0,0,640,4,969,0,1609,California
Modoc,2021-03-02,193,2772,12,353,181,2419,0,0,26,499,167,1136,26,1635,California
Modoc,2021-03-03,12,2784,6,359,6,2425,0,0,2,491,10,1146,2,1637,California
Modoc,2021-03-04,174,2958,2,361,172,2597,0,0,147,611,27,1173,147,1784,California
Modoc,2021-03-05,4,2962,3,364,1,2598,0,0,2,611,2,1175,2,1786,California
Modoc,2021-03-06,11,2973,0,364,1,2599,10,10,1,612,10,1185,11,1797,California
Modoc,2021-03-07,8,2981,2,366,0,2599,6,16,2,614,6,1191,8,1805,California
Modoc,2021-03-08,8,2989,1,367,3,2602,4,20,1,613,6,1197,5,1810,California
Modoc,2021-03-09,126,3115,10,377,108,2710,8,28,61,617,65,1262,69,1879,California
Modoc,2021-03-10,9,3124,3,380,2,2712,4,32,4,620,5,1267,8,1887,California
Modoc,2021-03-11,207,3331,0,380,99,2811,108,140,22,565,185,1452,130,2017,California
Modoc,2021-03-12,11,3342,2,382,4,2815,5,145,4,567,7,1459,9,2026,California
Modoc,2021-03-13,4,3346,0,382,1,2816,3,148,1,568,3,1462,4,2030,California
Modoc,2021-03-15,12,3358,1,383,10,2826,1,149,10,577,2,1464,11,2041,California
Modoc,2021-03-16,173,3531,1,384,168,2994,4,153,42,491,131,1595,45,2086,California
Modoc,2021-03-17,10,3541,1,385,4,2998,5,158,2,490,8,1603,7,2093,California
Modoc,2021-03-18,68,3609,2,387,59,3057,7,165,36,501,32,1635,43,2136,California
Modoc,2021-03-19,5,3614,0,387,0,3057,5,170,0,501,5,1640,5,2141,California
Modoc,2021-03-20,5,3619,2,389,0,3057,3,173,0,499,5,1645,3,2144,California
Modoc,2021-03-21,4,3623,1,390,1,3058,2,175,2,501,2,1647,4,2148,California
Modoc,2021-03-22,17,3640,1,391,11,3069,5,180,12,513,5,1652,17,2165,California
Modoc,2021-03-23,37,3677,7,398,27,3096,3,183,28,535,9,1661,31,2196,California
Modoc,2021-03-24,29,3706,1,399,18,3114,10,193,1,518,28,1689,11,2207,California
Modoc,2021-03-25,77,3783,1,400,74,3188,2,195,45,533,32,1721,47,2254,California
Modoc,2021-03-26,7,3790,2,402,2,3190,3,198,2,533,5,1726,5,2259,California
Modoc,2021-03-27,2,3792,0,402,1,3191,1,199,1,534,1,1727,2,2261,California
Modoc,2021-03-28,2,3794,1,403,0,3191,1,200,0,533,2,1729,1,2262,California
Modoc,2021-03-29,14,3808,1,404,5,3196,8,208,5,537,9,1738,13,2275,California
Modoc,2021-03-30,55,3863,10,414,38,3234,7,215,21,531,34,1772,28,2303,California
Modoc,2021-03-31,9,3872,3,417,2,3236,4,219,3,532,6,1778,7,2310,California
Modoc,2021-04-01,167,4039,2,419,160,3396,5,224,32,434,135,1913,37,2347,California
Modoc,2021-04-02,5,4044,0,419,2,3398,3,227,1,435,3,1916,4,2351,California
Modoc,2021-04-03,5,4049,2,421,0,3398,3,230,2,437,2,1918,4,2355,California
Modoc,2021-04-05,9,4058,0,421,9,3407,0,230,9,446,0,1918,9,2364,California
Modoc,2021-04-06,24,4082,5,426,9,3416,10,240,6,444,18,1936,16,2380,California
Modoc,2021-04-07,12,4094,1,427,4,3420,7,247,3,445,9,1945,10,2390,California
Modoc,2021-04-08,96,4190,1,428,92,3512,3,250,26,404,70,2015,29,2419,California
Modoc,2021-04-09,11,4201,2,430,6,3518,3,253,2,399,9,2024,4,2423,California
Modoc,2021-04-10,5,4206,0,430,1,3519,4,257,0,398,5,2029,4,2427,California
Modoc,2021-04-11,2,4208,2,432,0,3519,0,257,1,398,1,2030,1,2428,California
Modoc,2021-04-12,14,4222,0,432,10,3529,4,261,1,392,11,2041,5,2433,California
Modoc,2021-04-13,30,4252,29,461,1,3530,0,261,21,404,9,2050,21,2454,California
Modoc,2021-04-14,2,4254,2,463,0,3530,0,261,1,404,1,2051,1,2455,California
Modoc,2021-04-15,100,4354,0,463,100,3630,0,261,27,358,73,2124,27,2482,California
Modoc,2021-04-16,4,4358,4,467,0,3630,0,261,3,360,1,2125,3,2485,California
Modoc,2021-04-17,2,4360,2,469,0,3630,0,261,2,362,0,2125,2,2487,California
Modoc,2021-04-18,1,4361,0,469,1,3631,0,261,1,363,0,2125,1,2488,California
Modoc,2021-04-19,6,4367,0,469,6,3637,0,261,1,359,5,2130,1,2489,California
Modoc,2021-04-20,26,4393,2,471,24,3661,0,261,8,349,18,2148,8,2497,California
Modoc,2021-04-21,4,4397,4,475,0,3661,0,261,1,347,3,2151,1,2498,California
Modoc,2021-04-22,97,4494,3,478,94,3755,0,261,40,330,57,2208,40,2538,California
Modoc,2021-04-23,4,4498,0,478,4,3759,0,261,3,332,1,2209,3,2541,California
Modoc,2021-04-24,3,4501,1,479,1,3760,1,262,2,334,1,2210,3,2544,California
Modoc,2021-04-25,1,4502,1,480,0,3760,0,262,1,335,0,2210,1,2545,California
Modoc,2021-04-26,8,4510,1,481,7,3767,0,262,3,333,5,2215,3,2548,California
Modoc,2021-04-27,6,4516,4,485,1,3768,1,263,1,330,5,2220,2,2550,California
Modoc,2021-04-28,6,4522,1,486,4,3772,1,264,2,329,4,2224,3,2553,California
Modoc,2021-04-29,66,4588,2,488,64,3836,0,264,24,311,42,2266,24,2577,California
Modoc,2021-04-30,5,4593,4,492,1,3837,0,264,3,312,2,2268,3,2580,California
Modoc,2021-05-01,1,4594,1,493,0,3837,0,264,0,311,1,2269,0,2580,California
Modoc,2021-05-02,4,4598,3,496,1,3838,0,264,3,313,1,2270,3,2583,California
Modoc,2021-05-03,10,4608,0,496,9,3847,1,265,0,304,10,2280,1,2584,California
Modoc,2021-05-04,11,4619,3,499,6,3853,2,267,5,305,6,2286,7,2591,California
Modoc,2021-05-05,27,4646,24,523,2,3855,1,268,8,295,19,2305,9,2600,California
Modoc,2021-05-06,54,4700,3,526,49,3904,2,270,21,285,33,2338,23,2623,California
Modoc,2021-05-07,8,4708,3,529,3,3907,2,272,2,283,6,2344,4,2627,California
Modoc,2021-05-08,3,4711,2,531,0,3907,1,273,1,283,2,2346,2,2629,California
Modoc,2021-05-09,2,4713,2,533,0,3907,0,273,1,283,1,2347,1,2630,California
Modoc,2021-05-10,2,4715,0,533,1,3908,1,274,1,284,1,2348,2,2632,California
Modoc,2021-05-11,3,4718,2,535,0,3908,1,275,0,282,3,2351,1,2633,California
Modoc,2021-05-12,2,4720,0,535,0,3908,2,277,0,282,2,2353,2,2635,California
Modoc,2021-05-13,43,4763,1,536,38,3946,4,281,14,271,29,2382,18,2653,California
Modoc,2021-05-14,10,4773,4,540,1,3947,5,286,4,274,6,2388,9,2662,California
Modoc,2021-05-15,4,4777,3,543,1,3948,0,286,4,278,0,2388,4,2666,California
Modoc,2021-05-16,3,4780,2,545,1,3949,0,286,0,275,3,2391,0,2666,California
Modoc,2021-05-17,5,4785,3,548,2,3951,0,286,4,278,1,2392,4,2670,California
Modoc,2021-05-18,22,4807,11,559,9,3960,2,288,13,284,9,2401,15,2685,California
Modoc,2021-05-19,9,4816,2,561,3,3963,4,292,5,289,4,2405,9,2694,California
Modoc,2021-05-20,58,4874,2,563,47,4010,9,301,7,254,51,2456,16,2710,California
Modoc,2021-05-21,8,4882,6,569,1,4011,1,302,1,249,7,2463,2,2712,California
Modoc,2021-05-22,1,4883,1,570,0,4011,0,302,0,248,1,2464,0,2712,California
Modoc,2021-05-23,2,4885,2,572,0,4011,0,302,0,246,2,2466,0,2712,California
Modoc,2021-05-24,3,4888,1,573,0,4011,2,304,1,247,2,2468,3,2715,California
Modoc,2021-05-25,3,4891,1,574,2,4013,0,304,1,246,2,2470,1,2716,California
Modoc,2021-05-26,32,4923,29,603,3,4016,0,304,22,259,10,2480,23,2739,California
Modoc,2021-05-27,30,4953,2,605,23,4039,5,309,7,248,23,2503,12,2751,California
Modoc,2021-05-28,8,4961,1,606,4,4043,3,312,3,249,5,2508,6,2757,California
Modoc,2021-05-29,2,4963,1,607,1,4044,0,312,0,247,2,2510,0,2757,California
Modoc,2021-06-01,3,4966,0,607,3,4047,0,312,0,244,3,2513,0,2757,California
Mono,2020-12-18,1,1,1,1,0,0,0,0,1,1,0,0,1,1,California
Mono,2020-12-19,5,6,5,6,0,0,0,0,5,6,0,0,5,6,California
Mono,2020-12-20,7,13,7,13,0,0,0,0,7,13,0,0,7,13,California
Mono,2020-12-21,24,37,17,30,7,7,0,0,24,37,0,0,24,37,California
Mono,2020-12-22,66,103,65,95,1,8,0,0,66,103,0,0,66,103,California
Mono,2020-12-23,70,173,42,137,28,36,0,0,70,173,0,0,70,173,California
Mono,2020-12-24,3,176,1,138,2,38,0,0,3,176,0,0,3,176,California
Mono,2020-12-26,3,179,3,141,0,38,0,0,3,179,0,0,3,179,California
Mono,2020-12-27,1,180,0,141,1,39,0,0,1,180,0,0,1,180,California
Mono,2020-12-28,94,274,63,204,31,70,0,0,94,274,0,0,94,274,California
Mono,2020-12-29,29,303,29,233,0,70,0,0,29,303,0,0,29,303,California
Mono,2020-12-30,77,380,36,269,41,111,0,0,77,380,0,0,77,380,California
Mono,2020-12-31,4,384,1,270,3,114,0,0,4,384,0,0,4,384,California
Mono,2021-01-01,4,388,4,274,0,114,0,0,4,388,0,0,4,388,California
Mono,2021-01-02,2,390,2,276,0,114,0,0,2,390,0,0,2,390,California
Mono,2021-01-04,2,392,0,276,2,116,0,0,2,392,0,0,2,392,California
Mono,2021-01-05,45,437,2,278,43,159,0,0,44,435,1,1,44,436,California
Mono,2021-01-06,44,481,0,278,44,203,0,0,44,479,0,1,44,480,California
Mono,2021-01-07,55,536,3,281,52,255,0,0,54,532,1,2,54,534,California
Mono,2021-01-08,2,538,1,282,1,256,0,0,1,532,1,3,1,535,California
Mono,2021-01-09,4,542,4,286,0,256,0,0,0,528,4,7,0,535,California
Mono,2021-01-10,5,547,5,291,0,256,0,0,0,523,5,12,0,535,California
Mono,2021-01-11,8,555,5,296,3,259,0,0,4,523,4,16,4,539,California
Mono,2021-01-12,283,838,75,371,208,467,0,0,219,679,63,79,219,758,California
Mono,2021-01-13,233,1071,73,444,160,627,0,0,178,802,55,134,178,936,California
Mono,2021-01-14,73,1144,71,515,2,629,0,0,73,875,0,134,73,1009,California
Mono,2021-01-15,62,1206,2,517,60,689,0,0,62,937,0,134,62,1071,California
Mono,2021-01-16,4,1210,3,520,1,690,0,0,1,935,3,137,1,1072,California
Mono,2021-01-18,64,1274,55,575,9,699,0,0,2,875,62,199,2,1074,California
Mono,2021-01-19,210,1484,208,783,2,701,0,0,172,1010,38,237,173,1247,California
Mono,2021-01-20,230,1714,198,981,32,733,0,0,169,1118,61,298,169,1416,California
Mono,2021-01-21,3,1717,3,984,0,733,0,0,3,1121,0,298,3,1419,California
Mono,2021-01-22,4,1721,0,984,4,737,0,0,4,1125,0,298,4,1423,California
Mono,2021-01-23,594,2315,594,1578,0,737,0,0,593,1717,1,299,593,2016,California
Mono,2021-01-24,1,2316,0,1578,1,738,0,0,0,1716,1,300,0,2016,California
Mono,2021-01-25,201,2517,163,1741,38,776,0,0,162,1839,39,339,162,2178,California
Mono,2021-01-26,505,3022,503,2244,2,778,0,0,499,2332,6,345,499,2677,California
Mono,2021-01-27,5,3027,1,2245,4,782,0,0,5,2337,0,345,5,2682,California
Mono,2021-01-28,6,3033,2,2247,4,786,0,0,2,2335,4,349,2,2684,California
Mono,2021-01-30,200,3233,198,2445,2,788,0,0,199,2533,1,350,199,2883,California
Mono,2021-01-31,242,3475,137,2582,105,893,0,0,138,2567,104,454,138,3021,California
Mono,2021-02-01,27,3502,27,2609,0,893,0,0,0,2540,27,481,0,3021,California
Mono,2021-02-02,5,3507,0,2609,5,898,0,0,2,2539,3,484,2,3023,California
Mono,2021-02-03,4,3511,2,2611,2,900,0,0,2,2539,2,486,2,3025,California
Mono,2021-02-04,211,3722,158,2769,53,953,0,0,90,2508,121,607,90,3115,California
Mono,2021-02-05,617,4339,611,3380,6,959,0,0,614,3119,3,610,614,3729,California
Mono,2021-02-06,138,4477,137,3517,1,960,0,0,137,3255,1,611,137,3866,California
Mono,2021-02-07,2,4479,0,3517,2,962,0,0,2,3257,0,611,2,3868,California
Mono,2021-02-08,172,4651,172,3689,0,962,0,0,15,3116,156,767,15,3883,California
Mono,2021-02-09,226,4877,6,3695,220,1182,0,0,13,2916,213,980,13,3896,California
Mono,2021-02-10,536,5413,186,3881,350,1532,0,0,193,2767,343,1323,194,4090,California
Mono,2021-02-11,7,5420,4,3885,3,1535,0,0,2,2764,5,1328,2,4092,California
Mono,2021-02-12,84,5504,20,3905,64,1599,0,0,26,2732,58,1386,26,4118,California
Mono,2021-02-13,585,6089,585,4490,0,1599,0,0,25,2198,559,1945,25,4143,California
Mono,2021-02-15,165,6254,163,4653,2,1601,0,0,3,2041,160,2105,3,4146,California
Mono,2021-02-16,517,6771,514,5167,3,1604,0,0,45,1617,469,2574,45,4191,California
Mono,2021-02-17,7,6778,2,5169,5,1609,0,0,2,1614,5,2579,2,4193,California
Mono,2021-02-18,3,6781,2,5171,1,1610,0,0,2,1615,1,2580,2,4195,California
Mono,2021-02-19,54,6835,53,5224,1,1611,0,0,54,1669,0,2580,54,4249,California
Mono,2021-02-20,4,6839,4,5228,0,1611,0,0,4,1673,0,2580,4,4253,California
Mono,2021-02-21,6,6845,6,5234,0,1611,0,0,4,1675,2,2582,4,4257,California
Mono,2021-02-22,283,7128,282,5516,1,1612,0,0,24,1441,258,2840,24,4281,California
Mono,2021-02-23,137,7265,117,5633,20,1632,0,0,22,1348,115,2955,22,4303,California
Mono,2021-02-24,10,7275,3,5636,7,1639,0,0,4,1346,6,2961,4,4307,California
Mono,2021-02-25,5,7280,2,5638,3,1642,0,0,3,1348,1,2962,3,4310,California
Mono,2021-02-26,598,7878,596,6234,2,1644,0,0,21,793,576,3538,21,4331,California
Mono,2021-02-27,141,8019,137,6371,4,1648,0,0,4,662,135,3673,4,4335,California
Mono,2021-03-01,2,8021,2,6373,0,1648,0,0,1,663,0,3673,1,4336,California
Mono,2021-03-02,6,8027,4,6377,2,1650,0,0,4,665,2,3675,4,4340,California
Mono,2021-03-03,112,8139,2,6379,110,1760,0,0,109,772,2,3677,109,4449,California
Mono,2021-03-04,5,8144,1,6380,4,1764,0,0,3,773,2,3679,3,4452,California
Mono,2021-03-05,37,8181,27,6407,10,1774,0,0,14,764,23,3702,14,4466,California
Mono,2021-03-06,508,8689,18,6425,490,2264,0,0,499,1257,7,3709,500,4966,California
Mono,2021-03-07,1,8690,0,6425,1,2265,0,0,0,1256,1,3710,0,4966,California
Mono,2021-03-08,536,9226,11,6436,522,2787,3,3,527,1777,9,3719,530,5496,California
Mono,2021-03-09,6,9232,2,6438,3,2790,1,4,3,1779,2,3721,4,5500,California
Mono,2021-03-10,286,9518,90,6528,193,2983,3,7,9,1517,274,3995,12,5512,California
Mono,2021-03-11,10,9528,0,6528,1,2984,9,16,0,1516,10,4005,9,5521,California
Mono,2021-03-12,7,9535,1,6529,1,2985,5,21,0,1514,7,4012,5,5526,California
Mono,2021-03-13,823,10358,386,6915,437,3422,0,21,815,2321,8,4020,815,6341,California
Mono,2021-03-14,4,10362,4,6919,0,3422,0,21,0,2317,4,4024,0,6341,California
Mono,2021-03-15,31,10393,23,6942,3,3425,5,26,14,2320,16,4040,19,6360,California
Mono,2021-03-16,16,10409,6,6948,4,3429,6,32,8,2326,8,4048,14,6374,California
Mono,2021-03-17,33,10442,5,6953,20,3449,8,40,21,2343,12,4060,29,6403,California
Mono,2021-03-18,21,10463,2,6955,11,3460,8,48,9,2348,12,4072,17,6420,California
Mono,2021-03-19,21,10484,1,6956,17,3477,3,51,17,2365,3,4075,20,6440,California
Mono,2021-03-20,5,10489,3,6959,1,3478,1,52,4,2369,1,4076,5,6445,California
Mono,2021-03-21,1,10490,1,6960,0,3478,0,52,1,2370,0,4076,1,6446,California
Mono,2021-03-22,11,10501,0,6960,6,3484,5,57,5,2374,6,4082,10,6456,California
Mono,2021-03-23,43,10544,6,6966,32,3516,5,62,17,2370,26,4108,22,6478,California
Mono,2021-03-24,13,10557,1,6967,7,3523,5,67,5,2372,8,4116,10,6488,California
Mono,2021-03-25,19,10576,3,6970,12,3535,4,71,12,2381,7,4123,16,6504,California
Mono,2021-03-26,19,10595,3,6973,11,3546,5,76,10,2388,8,4131,15,6519,California
Mono,2021-03-27,356,10951,353,7326,3,3549,0,76,329,2690,27,4158,329,6848,California
Mono,2021-03-29,10,10961,3,7329,6,3555,1,77,8,2697,2,4160,9,6857,California
Mono,2021-03-30,12,10973,0,7329,8,3563,4,81,7,2703,5,4165,11,6868,California
Mono,2021-03-31,133,11106,7,7336,125,3688,1,82,22,2616,110,4275,23,6891,California
Mono,2021-04-01,8,11114,0,7336,7,3695,1,83,3,2615,5,4280,4,6895,California
Mono,2021-04-02,18,11132,2,7338,16,3711,0,83,7,2611,11,4291,7,6902,California
Mono,2021-04-03,867,11999,372,7710,495,4206,0,83,50,1846,815,5106,50,6952,California
Mono,2021-04-05,533,12532,18,7728,514,4720,1,84,34,1385,498,5604,37,6989,California
Mono,2021-04-06,19,12551,1,7729,5,4725,13,97,1,1381,18,5622,14,7003,California
Mono,2021-04-07,26,12577,3,7732,3,4728,20,117,4,1383,22,5644,24,7027,California
Mono,2021-04-08,22,12599,3,7735,2,4730,17,134,4,1386,18,5662,21,7048,California
Mono,2021-04-09,37,12636,4,7739,4,4734,29,163,7,1392,30,5692,36,7084,California
Mono,2021-04-10,451,13087,2,7741,442,5176,7,170,30,1011,421,6113,40,7124,California
Mono,2021-04-11,1,13088,1,7742,0,5176,0,170,0,1010,1,6114,0,7124,California
Mono,2021-04-12,6,13094,0,7742,3,5179,3,173,3,1013,3,6117,6,7130,California
Mono,2021-04-13,20,13114,2,7744,17,5196,1,174,14,1022,6,6123,15,7145,California
Mono,2021-04-14,25,13139,1,7745,24,5220,0,174,7,1011,18,6141,7,7152,California
Mono,2021-04-15,20,13159,5,7750,15,5235,0,174,11,1013,9,6150,11,7163,California
Mono,2021-04-16,17,13176,1,7751,16,5251,0,174,6,1008,11,6161,6,7169,California
Mono,2021-04-17,51,13227,2,7753,49,5300,0,174,44,1045,7,6168,44,7213,California
Mono,2021-04-18,1,13228,0,7753,1,5301,0,174,1,1046,0,6168,1,7214,California
Mono,2021-04-19,526,13754,319,8072,207,5508,0,174,201,924,323,6491,201,7415,California
Mono,2021-04-20,16,13770,2,8074,14,5522,0,174,11,930,5,6496,11,7426,California
Mono,2021-04-21,8,13778,1,8075,7,5529,0,174,3,928,5,6501,3,7429,California
Mono,2021-04-22,25,13803,11,8086,14,5543,0,174,11,925,14,6515,11,7440,California
Mono,2021-04-23,22,13825,2,8088,20,5563,0,174,12,927,10,6525,12,7452,California
Mono,2021-04-24,36,13861,22,8110,14,5577,0,174,21,933,15,6540,21,7473,California
Mono,2021-04-25,3,13864,2,8112,1,5578,0,174,3,936,0,6540,3,7476,California
Mono,2021-04-26,10,13874,1,8113,9,5587,0,174,2,930,8,6548,2,7478,California
Mono,2021-04-27,66,13940,40,8153,19,5606,7,181,50,971,16,6564,57,7535,California
Mono,2021-04-28,63,14003,41,8194,18,5624,4,185,48,1010,13,6577,52,7587,California
Mono,2021-04-29,8,14011,1,8195,4,5628,3,188,2,1009,6,6583,5,7592,California
Mono,2021-04-30,16,14027,3,8198,10,5638,3,191,8,1012,8,6591,11,7603,California
Mono,2021-05-01,110,14137,4,8202,106,5744,0,191,97,1097,12,6603,97,7700,California
Mono,2021-05-03,1,14138,0,8202,1,5745,0,191,0,1096,1,6604,0,7700,California
Mono,2021-05-04,19,14157,0,8202,13,5758,6,197,10,1103,9,6613,16,7716,California
Mono,2021-05-05,54,14211,8,8210,42,5800,4,201,46,1145,8,6621,50,7766,California
Mono,2021-05-06,13,14224,3,8213,9,5809,1,202,9,1151,4,6625,10,7776,California
Mono,2021-05-07,29,14253,22,8235,7,5816,0,202,25,1172,4,6629,25,7801,California
Mono,2021-05-08,50,14303,5,8240,45,5861,0,202,22,1166,28,6657,22,7823,California
Mono,2021-05-10,17,14320,1,8241,12,5873,4,206,9,1171,8,6665,13,7836,California
Mono,2021-05-11,16,14336,2,8243,11,5884,3,209,5,1168,11,6676,8,7844,California
Mono,2021-05-12,12,14348,0,8243,11,5895,1,210,4,1165,8,6684,5,7849,California
Mono,2021-05-13,45,14393,32,8275,13,5908,0,210,36,1192,9,6693,36,7885,California
Mono,2021-05-14,10,14403,1,8276,8,5916,1,211,5,1193,5,6698,6,7891,California
Mono,2021-05-15,66,14469,25,8301,34,5950,7,218,18,1170,48,6746,25,7916,California
Mono,2021-05-16,6,14475,5,8306,1,5951,0,218,3,1170,3,6749,3,7919,California
Mono,2021-05-17,246,14721,33,8339,206,6157,7,225,54,1041,191,6940,62,7981,California
Mono,2021-05-18,133,14854,109,8448,23,6180,1,226,87,1083,46,6986,88,8069,California
Mono,2021-05-19,118,14972,112,8560,1,6181,5,231,75,1120,43,7029,80,8149,California
Mono,2021-05-20,70,15042,54,8614,10,6191,6,237,53,1162,17,7046,59,8208,California
Mono,2021-05-21,26,15068,5,8619,19,6210,2,239,12,1162,14,7060,14,8222,California
Mono,2021-05-22,19,15087,10,8629,7,6217,2,241,13,1171,6,7066,15,8237,California
Mono,2021-05-23,4,15091,1,8630,3,6220,0,241,3,1173,1,7067,3,8240,California
Mono,2021-05-24,10,15101,1,8631,9,6229,0,241,7,1177,3,7070,7,8247,California
Mono,2021-05-25,15,15116,6,8637,9,6238,0,241,8,1178,7,7077,8,8255,California
Mono,2021-05-26,18,15134,3,8640,14,6252,1,242,8,1177,10,7087,9,8264,California
Mono,2021-05-27,6,15140,2,8642,4,6256,0,242,5,1181,1,7088,5,8269,California
Mono,2021-05-28,42,15182,27,8669,14,6270,1,243,10,1160,32,7120,11,8280,California
Mono,2021-05-29,125,15307,26,8695,97,6367,2,245,31,1099,94,7214,33,8313,California
Mono,2021-06-01,2,15309,2,8697,0,6367,0,245,0,1097,2,7216,0,8313,California
Monterey,2020-12-16,5,5,5,5,0,0,0,0,5,5,0,0,5,5,California
Monterey,2020-12-17,89,94,89,94,0,0,0,0,89,94,0,0,89,94,California
Monterey,2020-12-18,486,580,486,580,0,0,0,0,486,580,0,0,486,580,California
Monterey,2020-12-19,582,1162,581,1161,1,1,0,0,582,1162,0,0,582,1162,California
Monterey,2020-12-20,422,1584,422,1583,0,1,0,0,422,1584,0,0,422,1584,California
Monterey,2020-12-21,723,2307,723,2306,0,1,0,0,723,2307,0,0,723,2307,California
Monterey,2020-12-22,538,2845,525,2831,13,14,0,0,538,2845,0,0,538,2845,California
Monterey,2020-12-23,441,3286,266,3097,175,189,0,0,441,3286,0,0,441,3286,California
Monterey,2020-12-24,84,3370,10,3107,74,263,0,0,84,3370,0,0,84,3370,California
Monterey,2020-12-25,6,3376,0,3107,6,269,0,0,6,3376,0,0,6,3376,California
Monterey,2020-12-26,92,3468,5,3112,87,356,0,0,92,3468,0,0,92,3468,California
Monterey,2020-12-27,7,3475,4,3116,3,359,0,0,7,3475,0,0,7,3475,California
Monterey,2020-12-28,480,3955,25,3141,455,814,0,0,480,3955,0,0,480,3955,California
Monterey,2020-12-29,902,4857,168,3309,734,1548,0,0,902,4857,0,0,902,4857,California
Monterey,2020-12-30,568,5425,97,3406,471,2019,0,0,568,5425,0,0,568,5425,California
Monterey,2020-12-31,33,5458,11,3417,22,2041,0,0,33,5458,0,0,33,5458,California
Monterey,2021-01-01,13,5471,3,3420,10,2051,0,0,13,5471,0,0,13,5471,California
Monterey,2021-01-02,137,5608,134,3554,3,2054,0,0,137,5608,0,0,137,5608,California
Monterey,2021-01-03,30,5638,29,3583,1,2055,0,0,30,5638,0,0,30,5638,California
Monterey,2021-01-04,411,6049,18,3601,393,2448,0,0,411,6049,0,0,411,6049,California
Monterey,2021-01-05,753,6802,327,3928,426,2874,0,0,739,6774,14,14,739,6788,California
Monterey,2021-01-06,660,7462,175,4103,485,3359,0,0,637,7388,23,37,637,7425,California
Monterey,2021-01-07,750,8212,574,4677,176,3535,0,0,424,7488,324,361,424,7849,California
Monterey,2021-01-08,1095,9307,737,5414,358,3893,0,0,400,7193,695,1056,400,8249,California
Monterey,2021-01-09,967,10274,935,6349,32,3925,0,0,314,6855,652,1708,314,8563,California
Monterey,2021-01-10,274,10548,271,6620,3,3928,0,0,9,6599,265,1973,9,8572,California
Monterey,2021-01-11,1074,11622,988,7608,86,4014,0,0,369,6263,705,2678,369,8941,California
Monterey,2021-01-12,474,12096,395,8003,79,4093,0,0,211,6211,263,2941,211,9152,California
Monterey,2021-01-13,1218,13314,593,8596,625,4718,0,0,1172,7337,46,2987,1172,10324,California
Monterey,2021-01-14,1129,14443,169,8765,960,5678,0,0,1110,8432,19,3006,1114,11438,California
Monterey,2021-01-15,1049,15492,45,8810,1004,6682,0,0,1036,9455,13,3019,1036,12474,California
Monterey,2021-01-16,366,15858,301,9111,65,6747,0,0,361,9811,5,3024,361,12835,California
Monterey,2021-01-17,314,16172,293,9404,21,6768,0,0,301,10099,13,3037,301,13136,California
Monterey,2021-01-18,403,16575,46,9450,357,7125,0,0,381,10458,22,3059,381,13517,California
Monterey,2021-01-19,578,17153,395,9845,183,7308,0,0,419,10720,157,3216,419,13936,California
Monterey,2021-01-20,539,17692,268,10113,271,7579,0,0,333,10847,206,3422,333,14269,California
Monterey,2021-01-21,851,18543,93,10206,758,8337,0,0,741,11482,110,3532,745,15014,California
Monterey,2021-01-22,1057,19600,195,10401,862,9199,0,0,1018,12461,39,3571,1018,16032,California
Monterey,2021-01-23,243,19843,175,10576,68,9267,0,0,119,12459,123,3694,121,16153,California
Monterey,2021-01-24,57,19900,38,10614,19,9286,0,0,23,12448,34,3728,23,16176,California
Monterey,2021-01-25,804,20704,175,10789,629,9915,0,0,177,12005,620,4348,177,16353,California
Monterey,2021-01-26,948,21652,227,11016,721,10636,0,0,251,11559,697,5045,251,16604,California
Monterey,2021-01-27,872,22524,315,11331,557,11193,0,0,390,11467,482,5527,390,16994,California
Monterey,2021-01-28,2031,24555,739,12070,1292,12485,0,0,1690,12818,341,5868,1692,18686,California
Monterey,2021-01-29,1279,25834,709,12779,570,13055,0,0,1161,13863,117,5985,1162,19848,California
Monterey,2021-01-30,467,26301,295,13074,172,13227,0,0,211,13818,256,6241,211,20059,California
Monterey,2021-01-31,496,26797,72,13146,424,13651,0,0,485,14293,11,6252,486,20545,California
Monterey,2021-02-01,1660,28457,1149,14295,511,14162,0,0,1092,14818,567,6819,1092,21637,California
Monterey,2021-02-02,2174,30631,462,14757,1712,15874,0,0,1566,15777,607,7426,1566,23203,California
Monterey,2021-02-03,2343,32974,1052,15809,1291,17165,0,0,1565,16568,774,8200,1565,24768,California
Monterey,2021-02-04,2794,35768,2088,17897,706,17871,0,0,2484,18744,308,8508,2484,27252,California
Monterey,2021-02-05,3675,39443,2832,20729,843,18714,0,0,3234,21542,436,8944,3234,30486,California
Monterey,2021-02-06,1109,40552,380,21109,729,19443,0,0,762,21959,345,9289,762,31248,California
Monterey,2021-02-07,317,40869,268,21377,49,19492,0,0,99,21840,218,9507,99,31347,California
Monterey,2021-02-08,521,41390,291,21668,230,19722,0,0,430,22179,91,9598,430,31777,California
Monterey,2021-02-09,882,42272,684,22352,198,19920,0,0,570,22439,312,9910,572,32349,California
Monterey,2021-02-10,2093,44365,1110,23462,983,20903,0,0,1247,22841,846,10756,1248,33597,California
Monterey,2021-02-11,2513,46878,975,24437,1538,22441,0,0,1550,23432,961,11717,1552,35149,California
Monterey,2021-02-12,2604,49482,432,24869,2172,24613,0,0,1530,23890,1073,12790,1531,36680,California
Monterey,2021-02-13,1079,50561,49,24918,1030,25643,0,0,988,24788,90,12880,988,37668,California
Monterey,2021-02-14,600,51161,73,24991,527,26170,0,0,527,25242,73,12953,527,38195,California
Monterey,2021-02-15,1375,52536,161,25152,1214,27384,0,0,984,25838,389,13342,985,39180,California
Monterey,2021-02-16,1098,53634,245,25397,853,28237,0,0,873,26486,225,13567,873,40053,California
Monterey,2021-02-17,1957,55591,1167,26564,790,29027,0,0,1652,27836,304,13871,1654,41707,California
Monterey,2021-02-18,2239,57830,1179,27743,1060,30087,0,0,914,27441,1311,15182,916,42623,California
Monterey,2021-02-19,2952,60782,1539,29282,1413,31500,0,0,1353,27197,1598,16780,1354,43977,California
Monterey,2021-02-20,1023,61805,617,29899,406,31906,0,0,964,28103,58,16838,964,44941,California
Monterey,2021-02-21,1254,63059,1225,31124,29,31935,0,0,1183,29217,69,16907,1183,46124,California
Monterey,2021-02-22,1004,64063,855,31979,149,32084,0,0,652,29519,350,17257,652,46776,California
Monterey,2021-02-23,971,65034,624,32603,347,32431,0,0,305,29160,665,17922,306,47082,California
Monterey,2021-02-24,2482,67516,1326,33929,1156,33587,0,0,1857,30398,620,18542,1858,48940,California
Monterey,2021-02-25,4434,71950,2430,36359,2004,35591,0,0,1486,28944,2941,21483,1487,50427,California
Monterey,2021-02-26,5305,77255,3088,39447,2217,37808,0,0,2635,28913,2667,24150,2636,53063,California
Monterey,2021-02-27,1030,78285,186,39633,844,38652,0,0,813,29514,212,24362,813,53876,California
Monterey,2021-02-28,1539,79824,82,39715,1457,40109,0,0,1076,30132,458,24820,1076,54952,California
Monterey,2021-03-01,1291,81115,146,39861,1142,41251,3,3,748,30346,538,25358,752,55704,California
Monterey,2021-03-02,2808,83923,1735,41596,1073,42324,0,3,1940,31422,864,26222,1940,57644,California
Monterey,2021-03-03,3223,87146,1246,42842,1977,44301,0,3,1278,30758,1943,28165,1279,58923,California
Monterey,2021-03-04,4584,91730,1474,44316,3110,47411,0,3,2957,32092,1623,29788,2957,61880,California
Monterey,2021-03-05,3678,95408,1626,45942,1775,49186,277,280,3008,34708,669,30457,3285,65165,California
Monterey,2021-03-06,5090,100498,1081,47023,3703,52889,306,586,4175,38275,912,31369,4479,69644,California
Monterey,2021-03-07,525,101023,107,47130,170,53059,248,834,234,38464,291,31660,480,70124,California
Monterey,2021-03-08,1670,102693,327,47457,954,54013,389,1223,1121,39423,549,32209,1508,71632,California
Monterey,2021-03-09,1995,104688,696,48153,1024,55037,275,1498,1493,40688,501,32710,1766,73398,California
Monterey,2021-03-10,3195,107883,1037,49190,1668,56705,490,1988,1467,40921,1724,34434,1957,75355,California
Monterey,2021-03-11,4174,112057,1415,50605,2384,59089,375,2363,2402,41933,1765,36199,2777,78132,California
Monterey,2021-03-12,4426,116483,2054,52659,2232,61321,140,2503,2725,43101,1698,37897,2866,80998,California
Monterey,2021-03-13,5314,121797,970,53629,3997,65318,347,2850,3990,46118,1323,39220,4340,85338,California
Monterey,2021-03-14,2162,123959,1336,54965,801,66119,25,2875,579,45149,1573,40793,604,85942,California
Monterey,2021-03-15,3976,127935,1274,56239,2412,68531,290,3165,2279,46024,1693,42486,2568,88510,California
Monterey,2021-03-16,3534,131469,579,56818,2578,71109,377,3542,2113,47089,1420,43906,2485,90995,California
Monterey,2021-03-17,5836,137305,2364,59182,3215,74324,257,3799,4224,49969,1606,45512,4486,95481,California
Monterey,2021-03-18,4475,141780,2171,61353,2135,76459,169,3968,3110,51926,1359,46871,3316,98797,California
Monterey,2021-03-19,5496,147276,2564,63917,2785,79244,147,4115,4207,54997,1284,48155,4355,103152,California
Monterey,2021-03-20,3371,150647,421,64338,2255,81499,695,4810,2286,56896,1081,49236,2980,106132,California
Monterey,2021-03-21,634,151281,206,64544,419,81918,9,4819,561,57394,71,49307,569,106701,California
Monterey,2021-03-22,2498,153779,1443,65987,993,82911,62,4881,2285,59530,209,49516,2345,109046,California
Monterey,2021-03-23,4030,157809,2364,68351,1623,84534,43,4924,2562,60671,1463,50979,2604,111650,California
Monterey,2021-03-24,5128,162937,2126,70477,2686,87220,316,5240,3759,63378,1365,52344,4072,115722,California
Monterey,2021-03-25,5324,168261,1226,71703,3739,90959,359,5599,2683,63788,2633,54977,3043,118765,California
Monterey,2021-03-26,5455,173716,2620,74323,2757,93716,78,5677,2790,64004,2654,57631,2870,121635,California
Monterey,2021-03-27,4868,178584,1458,75781,3154,96870,256,5933,3130,65655,1735,59366,3386,125021,California
Monterey,2021-03-28,1120,179704,346,76127,765,97635,9,5942,626,65801,489,59855,635,125656,California
Monterey,2021-03-29,3231,182935,1415,77542,1802,99437,14,5956,2009,66614,1214,61069,2027,127683,California
Monterey,2021-03-30,4531,187466,2136,79678,2347,101784,48,6004,2790,67725,1731,62800,2842,130525,California
Monterey,2021-03-31,5447,192913,2426,82104,2222,104006,799,6803,3459,69990,1985,64785,4250,134775,California
Monterey,2021-04-01,6156,199069,2065,84169,3678,107684,413,7216,3116,70492,3025,67810,3527,138302,California
Monterey,2021-04-02,4807,203876,2276,86445,2465,110149,66,7282,3250,72258,1554,69364,3320,141622,California
Monterey,2021-04-03,5951,209827,1121,87566,3788,113937,1042,8324,1238,69829,4701,74065,2272,143894,California
Monterey,2021-04-04,774,210601,162,87728,597,114534,15,8339,498,70068,276,74341,515,144409,California
Monterey,2021-04-05,4020,214621,2482,90210,1306,115840,232,8571,1495,69278,2519,76860,1729,146138,California
Monterey,2021-04-06,3444,218065,1348,91558,1621,117461,475,9046,1179,68668,2263,79123,1653,147791,California
Monterey,2021-04-07,5699,223764,1388,92946,3796,121257,515,9561,2765,69028,2922,82045,3282,151073,California
Monterey,2021-04-08,6688,230452,3518,96464,2362,123619,808,10369,3300,69782,3382,85427,4136,155209,California
Monterey,2021-04-09,5788,236240,3464,99928,1684,125303,640,11009,2335,69371,3450,88877,3039,158248,California
Monterey,2021-04-10,10215,246455,4963,104891,3091,128394,2161,13170,4983,71296,5221,94098,7146,165394,California
Monterey,2021-04-11,5426,251881,4251,109142,570,128964,605,13775,4378,75232,1042,95140,4978,170372,California
Monterey,2021-04-12,4105,255986,1851,110993,1935,130899,319,14094,927,73438,3040,98180,1246,171618,California
Monterey,2021-04-13,3189,259175,730,111723,2454,133353,5,14099,1521,73317,1649,99829,1528,173146,California
Monterey,2021-04-14,6749,265924,3144,114867,3602,136955,3,14102,1837,70271,4894,104723,1848,174994,California
Monterey,2021-04-15,5896,271820,3906,118773,1990,138945,0,14102,3870,72146,1996,106719,3871,178865,California
Monterey,2021-04-16,4854,276674,2442,121215,2398,141343,14,14116,2250,71818,2592,109311,2264,181129,California
Monterey,2021-04-17,5625,282299,1359,122574,4266,145609,0,14116,3723,73654,1887,111198,3723,184852,California
Monterey,2021-04-18,843,283142,256,122830,587,146196,0,14116,237,73289,602,111800,237,185089,California
Monterey,2021-04-19,3734,286876,1290,124120,2444,148640,0,14116,1772,73107,1954,113754,1772,186861,California
Monterey,2021-04-20,3852,290728,1583,125703,2269,150909,0,14116,1590,72459,2239,115993,1591,188452,California
Monterey,2021-04-21,5934,296662,3179,128882,2755,153664,0,14116,2860,72283,3038,119031,2862,191314,California
Monterey,2021-04-22,4834,301496,1029,129911,3805,157469,0,14116,1989,71468,2804,121835,1989,193303,California
Monterey,2021-04-23,5790,307286,2634,132545,3155,160624,1,14117,2237,70177,3533,125368,2242,195545,California
Monterey,2021-04-24,4198,311484,587,133132,3611,164235,0,14117,1551,69098,2630,127998,1551,197096,California
Monterey,2021-04-25,1243,312727,610,133742,633,164868,0,14117,793,69451,440,128438,793,197889,California
Monterey,2021-04-26,3501,316228,2178,135920,1306,166174,17,14134,881,67754,2595,131033,898,198787,California
Monterey,2021-04-27,2627,318855,898,136818,1611,167785,118,14252,1147,67542,1476,132509,1264,200051,California
Monterey,2021-04-28,3614,322469,1373,138191,2088,169873,153,14405,2234,68556,1367,133876,2381,202432,California
Monterey,2021-04-29,4516,326985,2423,140614,2017,171890,76,14481,1653,67434,2852,136728,1730,204162,California
Monterey,2021-04-30,3193,330178,1657,142271,1461,173351,75,14556,795,65913,2389,139117,868,205030,California
Monterey,2021-05-01,5616,335794,4240,146511,1336,174687,40,14596,681,61715,4917,144034,719,205749,California
Monterey,2021-05-02,4362,340156,3935,150446,400,175087,27,14623,325,58043,4024,148058,352,206101,California
Monterey,2021-05-03,2550,342706,1567,152013,867,175954,116,14739,599,56817,1941,149999,715,206816,California
Monterey,2021-05-04,1789,344495,600,152613,1099,177053,90,14829,645,56422,1131,151130,736,207552,California
Monterey,2021-05-05,3316,347811,1196,153809,2035,179088,85,14914,1044,55291,2261,153391,1130,208682,California
Monterey,2021-05-06,4177,351988,2749,156558,1211,180299,217,15131,1126,53599,3035,156426,1343,210025,California
Monterey,2021-05-07,1991,353979,973,157531,919,181218,99,15230,704,53122,1279,157705,802,210827,California
Monterey,2021-05-08,2596,356575,1368,158899,904,182122,324,15554,929,52715,1656,159361,1249,212076,California
Monterey,2021-05-09,398,356973,116,159015,256,182378,26,15580,145,52634,252,159613,171,212247,California
Monterey,2021-05-10,2596,359569,1859,160874,690,183068,47,15627,330,50756,2256,161869,378,212625,California
Monterey,2021-05-11,1769,361338,907,161781,798,183866,64,15691,732,50531,1022,162891,797,213422,California
Monterey,2021-05-12,3677,365015,1965,163746,1639,185505,73,15764,786,48511,2880,165771,860,214282,California
Monterey,2021-05-13,2300,367315,1314,165060,929,186434,57,15821,1266,48808,1024,166795,1321,215603,California
Monterey,2021-05-14,1755,369070,501,165561,1177,187611,77,15898,695,48528,1051,167846,771,216374,California
Monterey,2021-05-15,3010,372080,527,166088,2248,189859,235,16133,647,47057,2352,170198,881,217255,California
Monterey,2021-05-16,884,372964,531,166619,281,190140,72,16205,224,46698,654,170852,295,217550,California
Monterey,2021-05-17,2194,375158,1290,167909,829,190969,75,16280,1038,46669,1143,171995,1114,218664,California
Monterey,2021-05-18,1734,376892,667,168576,1023,191992,44,16324,798,46586,927,172922,844,219508,California
Monterey,2021-05-19,3583,380475,2346,170922,1150,193142,87,16411,1937,46972,1639,174561,2025,221533,California
Monterey,2021-05-20,2321,382796,818,171740,1397,194539,106,16517,748,46270,1558,176119,856,222389,California
Monterey,2021-05-21,2845,385641,1214,172954,1540,196079,91,16608,888,45299,1950,178069,979,223368,California
Monterey,2021-05-22,1702,387343,609,173563,815,196894,278,16886,639,45154,1060,179129,915,224283,California
Monterey,2021-05-23,552,387895,410,173973,127,197021,15,16901,389,45400,158,179287,404,224687,California
Monterey,2021-05-24,1658,389553,496,174469,1098,198119,64,16965,592,44996,1060,180347,656,225343,California
Monterey,2021-05-25,1395,390948,524,174993,803,198922,68,17033,590,44865,789,181136,658,226001,California
Monterey,2021-05-26,2422,393370,989,175982,1380,200302,53,17086,975,44458,1435,182571,1028,227029,California
Monterey,2021-05-27,2462,395832,1339,177321,1065,201367,58,17144,890,43849,1557,184128,948,227977,California
Monterey,2021-05-28,1713,397545,570,177891,1087,202454,56,17200,754,43709,951,185079,811,228788,California
Monterey,2021-05-29,946,398491,613,178504,306,202760,27,17227,405,43601,540,185619,432,229220,California
Monterey,2021-05-30,341,398832,160,178664,168,202928,13,17240,145,43564,195,185814,158,229378,California
Monterey,2021-05-31,180,399012,31,178695,140,203068,9,17249,54,43501,126,185940,63,229441,California
Monterey,2021-06-01,937,399949,494,179189,358,203426,85,17334,270,43198,656,186596,353,229794,California
Napa,2020-12-16,12,12,12,12,0,0,0,0,12,12,0,0,12,12,California
Napa,2020-12-17,44,56,44,56,0,0,0,0,44,56,0,0,44,56,California
Napa,2020-12-18,102,158,102,158,0,0,0,0,102,158,0,0,102,158,California
Napa,2020-12-19,221,379,221,379,0,0,0,0,221,379,0,0,221,379,California
Napa,2020-12-20,190,569,190,569,0,0,0,0,190,569,0,0,190,569,California
Napa,2020-12-21,314,883,314,883,0,0,0,0,315,884,0,0,315,884,California
Napa,2020-12-22,341,1224,332,1215,9,9,0,0,341,1225,0,0,341,1225,California
Napa,2020-12-23,431,1655,321,1536,110,119,0,0,431,1656,0,0,431,1656,California
Napa,2020-12-24,139,1794,78,1614,61,180,0,0,139,1795,0,0,139,1795,California
Napa,2020-12-25,1,1795,1,1615,0,180,0,0,1,1796,0,0,1,1796,California
Napa,2020-12-26,39,1834,11,1626,28,208,0,0,39,1835,0,0,39,1835,California
Napa,2020-12-27,32,1866,16,1642,16,224,0,0,32,1867,0,0,32,1867,California
Napa,2020-12-28,252,2118,186,1828,66,290,0,0,281,2148,0,0,281,2148,California
Napa,2020-12-29,271,2389,214,2042,57,347,0,0,304,2452,0,0,304,2452,California
Napa,2020-12-30,631,3020,486,2528,145,492,0,0,639,3091,0,0,639,3091,California
Napa,2020-12-31,460,3480,371,2899,89,581,0,0,460,3551,0,0,460,3551,California
Napa,2021-01-01,1,3481,1,2900,0,581,0,0,1,3552,0,0,1,3552,California
Napa,2021-01-02,98,3579,93,2993,5,586,0,0,98,3650,0,0,98,3650,California
Napa,2021-01-03,13,3592,11,3004,2,588,0,0,9,3659,0,0,9,3659,California
Napa,2021-01-04,106,3698,63,3067,43,631,0,0,106,3765,0,0,106,3765,California
Napa,2021-01-05,162,3860,85,3152,77,708,0,0,145,3886,24,24,145,3910,California
Napa,2021-01-06,459,4319,113,3265,346,1054,0,0,396,4221,61,85,396,4306,California
Napa,2021-01-07,499,4818,235,3500,264,1318,0,0,398,4519,100,185,398,4704,California
Napa,2021-01-08,445,5263,230,3730,215,1533,0,0,261,4597,183,368,261,4965,California
Napa,2021-01-09,327,5590,302,4032,25,1558,0,0,190,4650,137,505,190,5155,California
Napa,2021-01-10,185,5775,102,4134,83,1641,0,0,108,4681,77,582,108,5263,California
Napa,2021-01-11,881,6656,427,4561,454,2095,0,0,507,4815,375,957,509,5772,California
Napa,2021-01-12,1319,7975,373,4934,946,3041,0,0,1001,5498,318,1275,1001,6773,California
Napa,2021-01-13,1313,9288,265,5199,1048,4089,0,0,1150,6487,162,1437,1151,7924,California
Napa,2021-01-14,1051,10339,171,5370,880,4969,0,0,933,7304,116,1553,933,8857,California
Napa,2021-01-15,1457,11796,384,5754,1073,6042,0,0,1308,8456,157,1710,1309,10166,California
Napa,2021-01-16,357,12153,133,5887,224,6266,0,0,340,8779,17,1727,340,10506,California
Napa,2021-01-17,338,12491,173,6060,165,6431,0,0,328,9097,10,1737,328,10834,California
Napa,2021-01-18,1080,13571,197,6257,883,7314,0,0,989,9995,91,1828,989,11823,California
Napa,2021-01-19,1009,14580,405,6662,604,7918,0,0,766,10519,242,2070,766,12589,California
Napa,2021-01-20,827,15407,187,6849,640,8558,0,0,643,10980,182,2252,643,13232,California
Napa,2021-01-21,1336,16743,374,7223,962,9520,0,0,1081,11808,254,2506,1082,14314,California
Napa,2021-01-22,1544,18287,414,7637,1130,10650,0,0,1217,12700,326,2832,1218,15532,California
Napa,2021-01-23,398,18685,318,7955,80,10730,0,0,336,12974,62,2894,336,15868,California
Napa,2021-01-24,264,18949,187,8142,77,10807,0,0,207,13124,57,2951,207,16075,California
Napa,2021-01-25,1521,20470,229,8371,1292,12099,0,0,1431,14465,90,3041,1431,17506,California
Napa,2021-01-26,878,21348,285,8656,593,12692,0,0,786,15160,92,3133,787,18293,California
Napa,2021-01-27,628,21976,220,8876,408,13100,0,0,471,15474,158,3291,472,18765,California
Napa,2021-01-28,387,22363,175,9051,212,13312,0,0,196,15481,189,3480,196,18961,California
Napa,2021-01-29,255,22618,63,9114,192,13504,0,0,160,15546,95,3575,160,19121,California
Napa,2021-01-30,807,23425,697,9811,110,13614,0,0,640,16019,167,3742,640,19761,California
Napa,2021-01-31,652,24077,621,10432,31,13645,0,0,629,16625,23,3765,629,20390,California
Napa,2021-02-01,320,24397,112,10544,208,13853,0,0,164,16633,156,3921,164,20554,California
Napa,2021-02-02,606,25003,279,10823,327,14180,0,0,297,16624,306,4227,297,20851,California
Napa,2021-02-03,744,25747,308,11131,436,14616,0,0,429,16739,314,4541,429,21280,California
Napa,2021-02-04,787,26534,370,11501,417,15033,0,0,438,16830,347,4888,438,21718,California
Napa,2021-02-05,709,27243,308,11809,401,15434,0,0,342,16805,367,5255,342,22060,California
Napa,2021-02-06,434,27677,146,11955,288,15722,0,0,328,17027,106,5361,328,22388,California
Napa,2021-02-07,173,27850,160,12115,13,15735,0,0,71,16996,102,5463,71,22459,California
Napa,2021-02-08,835,28685,191,12306,644,16379,0,0,274,16712,558,6021,274,22733,California
Napa,2021-02-09,1083,29768,448,12754,635,17014,0,0,440,16510,642,6663,440,23173,California
Napa,2021-02-10,1725,31493,193,12947,1532,18546,0,0,451,15691,1271,7934,452,23625,California
Napa,2021-02-11,1492,32985,192,13139,1300,19846,0,0,404,15020,1075,9009,404,24029,California
Napa,2021-02-12,2170,35155,844,13983,1326,21172,0,0,729,14312,1437,10446,729,24758,California
Napa,2021-02-13,503,35658,53,14036,450,21622,0,0,317,14443,186,10632,317,25075,California
Napa,2021-02-14,355,36013,86,14122,269,21891,0,0,193,14474,162,10794,193,25268,California
Napa,2021-02-15,876,36889,182,14304,694,22585,0,0,223,14046,651,11445,223,25491,California
Napa,2021-02-16,1288,38177,596,14900,692,23277,0,0,613,13986,673,12118,613,26104,California
Napa,2021-02-17,1048,39225,531,15431,517,23794,0,0,477,13895,569,12687,478,26582,California
Napa,2021-02-18,1903,41128,485,15916,1418,25212,0,0,661,13317,1239,13926,661,27243,California
Napa,2021-02-19,1480,42608,585,16501,895,26107,0,0,675,13188,804,14730,675,27918,California
Napa,2021-02-20,822,43430,597,17098,225,26332,0,0,275,12916,547,15277,275,28193,California
Napa,2021-02-21,816,44246,752,17850,64,26396,0,0,212,12524,604,15881,212,28405,California
Napa,2021-02-22,447,44693,190,18040,257,26653,0,0,141,12359,306,16187,141,28546,California
Napa,2021-02-23,1132,45825,306,18346,826,27479,0,0,316,11859,816,17003,316,28862,California
Napa,2021-02-24,1165,46990,644,18990,521,28000,0,0,577,11850,586,17589,577,29439,California
Napa,2021-02-25,2560,49550,1224,20214,1336,29336,0,0,1848,12987,711,18300,1848,31287,California
Napa,2021-02-26,1508,51058,527,20741,981,30317,0,0,596,12673,910,19210,596,31883,California
Napa,2021-02-27,1117,52175,386,21127,731,31048,0,0,865,13288,250,19460,865,32748,California
Napa,2021-02-28,563,52738,461,21588,102,31150,0,0,463,13653,98,19558,463,33211,California
Napa,2021-03-01,1107,53845,817,22405,290,31440,0,0,832,14213,272,19830,832,34043,California
Napa,2021-03-02,1507,55352,1048,23453,459,31899,0,0,1166,15039,340,20170,1166,35209,California
Napa,2021-03-03,1565,56917,694,24147,871,32770,0,0,1377,16229,187,20357,1377,36586,California
Napa,2021-03-04,1715,58632,787,24934,928,33698,0,0,1476,17469,236,20593,1476,38062,California
Napa,2021-03-05,1900,60532,790,25724,1106,34804,4,4,1482,18539,416,21009,1486,39548,California
Napa,2021-03-06,656,61188,289,26013,336,35140,31,35,544,19004,110,21119,575,40123,California
Napa,2021-03-07,521,61709,317,26330,189,35329,15,50,377,19252,144,21263,392,40515,California
Napa,2021-03-08,715,62424,336,26666,326,35655,53,103,538,19668,175,21438,591,41106,California
Napa,2021-03-09,1686,64110,606,27272,1034,36689,46,149,1251,20533,432,21870,1297,42403,California
Napa,2021-03-10,1498,65608,923,28195,481,37170,94,243,798,20726,696,22566,889,43292,California
Napa,2021-03-11,1881,67489,1061,29256,690,37860,130,373,989,20952,892,23458,1118,44410,California
Napa,2021-03-12,1517,69006,918,30174,503,38363,96,469,810,21152,705,24163,905,45315,California
Napa,2021-03-13,1177,70183,310,30484,842,39205,25,494,836,21674,339,24502,861,46176,California
Napa,2021-03-14,620,70803,336,30820,135,39340,149,643,218,21639,401,24903,366,46542,California
Napa,2021-03-15,955,71758,411,31231,474,39814,70,713,480,21716,473,25376,550,47092,California
Napa,2021-03-16,1849,73607,392,31623,1330,41144,127,840,1381,22760,465,25841,1509,48601,California
Napa,2021-03-17,2517,76124,1853,33476,485,41629,179,1019,1604,23631,912,26753,1783,50384,California
Napa,2021-03-18,2131,78255,939,34415,1182,42811,10,1029,1301,24115,827,27580,1311,51695,California
Napa,2021-03-19,1450,79705,878,35293,544,43355,28,1057,709,24114,738,28318,737,52432,California
Napa,2021-03-20,1010,80715,530,35823,327,43682,153,1210,427,24112,582,28900,580,53012,California
Napa,2021-03-21,704,81419,681,36504,20,43702,3,1213,348,24108,355,29255,351,53363,California
Napa,2021-03-22,1298,82717,1122,37626,165,43867,11,1224,495,23816,798,30053,506,53869,California
Napa,2021-03-23,1873,84590,1180,38806,676,44543,17,1241,1002,23968,867,30920,1019,54888,California
Napa,2021-03-24,1709,86299,945,39751,756,45299,8,1249,818,23904,890,31810,826,55714,California
Napa,2021-03-25,1926,88225,1053,40804,819,46118,54,1303,769,23576,1151,32961,823,56537,California
Napa,2021-03-26,1306,89531,838,41642,462,46580,6,1309,591,23463,710,33671,597,57134,California
Napa,2021-03-27,942,90473,434,42076,481,47061,27,1336,311,23170,631,34302,338,57472,California
Napa,2021-03-28,489,90962,378,42454,104,47165,7,1343,180,23050,307,34609,187,57659,California
Napa,2021-03-29,1201,92163,874,43328,322,47487,5,1348,729,23314,470,35079,734,58393,California
Napa,2021-03-30,2736,94899,933,44261,1799,49286,4,1352,1918,24419,818,35897,1923,60316,California
Napa,2021-03-31,1976,96875,963,45224,944,50230,69,1421,806,24125,1167,37064,873,61189,California
Napa,2021-04-01,1753,98628,844,46068,791,51021,118,1539,478,23453,1269,38333,597,61786,California
Napa,2021-04-02,1866,100494,836,46904,888,51909,142,1681,477,22688,1386,39719,621,62407,California
Napa,2021-04-03,634,101128,369,47273,206,52115,59,1740,211,22534,423,40142,269,62676,California
Napa,2021-04-04,358,101486,144,47417,156,52271,58,1798,123,22481,234,40376,181,62857,California
Napa,2021-04-05,1274,102760,758,48175,297,52568,219,2017,574,22575,699,41075,793,63650,California
Napa,2021-04-06,2245,105005,559,48734,1430,53998,256,2273,516,21625,1726,42801,776,64426,California
Napa,2021-04-07,1739,106744,707,49441,811,54809,221,2494,527,21169,1207,44008,751,65177,California
Napa,2021-04-08,1863,108607,1069,50510,420,55229,374,2868,964,21614,895,44903,1340,66517,California
Napa,2021-04-09,1551,110158,932,51442,315,55544,304,3172,682,21738,867,45770,991,67508,California
Napa,2021-04-10,1043,111201,348,51790,594,56138,101,3273,242,21289,800,46570,351,67859,California
Napa,2021-04-11,384,111585,298,52088,63,56201,23,3296,156,21240,228,46798,179,68038,California
Napa,2021-04-12,788,112373,304,52392,360,56561,124,3420,290,21154,497,47295,411,68449,California
Napa,2021-04-13,2539,114912,847,53239,1692,58253,0,3420,926,20473,1608,48903,927,69376,California
Napa,2021-04-14,2085,116997,984,54223,1101,59354,0,3420,1009,20414,1068,49971,1009,70385,California
Napa,2021-04-15,2057,119054,528,54751,1529,60883,0,3420,876,20115,1175,51146,876,71261,California
Napa,2021-04-16,2903,121957,1577,56328,1326,62209,0,3420,2189,21592,712,51858,2189,73450,California
Napa,2021-04-17,1131,123088,267,56595,864,63073,0,3420,832,22126,298,52156,832,74282,California
Napa,2021-04-18,265,123353,172,56767,93,63166,0,3420,119,22099,146,52302,119,74401,California
Napa,2021-04-19,609,123962,338,57105,271,63437,0,3420,265,22021,343,52645,265,74666,California
Napa,2021-04-20,3034,126996,2061,59166,973,64410,0,3420,2082,23153,951,53596,2083,76749,California
Napa,2021-04-21,2919,129915,2157,61323,762,65172,0,3420,1853,23947,1060,54656,1854,78603,California
Napa,2021-04-22,1668,131583,1152,62475,516,65688,0,3420,839,23962,824,55480,839,79442,California
Napa,2021-04-23,1625,133208,1248,63723,375,66063,2,3422,1148,24637,473,55953,1148,80590,California
Napa,2021-04-24,559,133767,317,64040,242,66305,0,3422,285,24651,271,56224,285,80875,California
Napa,2021-04-25,250,134017,192,64232,58,66363,0,3422,130,24662,119,56343,130,81005,California
Napa,2021-04-26,507,134524,263,64495,244,66607,0,3422,263,24685,240,56583,263,81268,California
Napa,2021-04-27,1678,136202,436,64931,1231,67838,11,3433,587,24195,1088,57671,598,81866,California
Napa,2021-04-28,982,137184,438,65369,527,68365,17,3450,323,23877,658,58329,340,82206,California
Napa,2021-04-29,649,137833,326,65695,304,68669,19,3469,200,23652,443,58772,218,82424,California
Napa,2021-04-30,603,138436,303,65998,236,68905,64,3533,248,23609,354,59126,311,82735,California
Napa,2021-05-01,323,138759,266,66264,46,68951,11,3544,119,23535,204,59330,130,82865,California
Napa,2021-05-02,237,138996,193,66457,38,68989,6,3550,99,23503,137,59467,105,82970,California
Napa,2021-05-03,624,139620,499,66956,90,69079,35,3585,103,23126,516,59983,139,83109,California
Napa,2021-05-04,1125,140745,717,67673,298,69377,110,3695,294,22703,827,60810,404,83513,California
Napa,2021-05-05,1018,141763,687,68360,295,69672,36,3731,255,22234,760,61570,291,83804,California
Napa,2021-05-06,716,142479,318,68678,375,70047,23,3754,372,22294,335,61905,395,84199,California
Napa,2021-05-07,787,143266,573,69251,158,70205,56,3810,188,21954,583,62488,243,84442,California
Napa,2021-05-08,255,143521,164,69415,80,70285,11,3821,90,21891,164,62652,101,84543,California
Napa,2021-05-09,108,143629,77,69492,31,70316,0,3821,50,21883,58,62710,50,84593,California
Napa,2021-05-10,418,144047,141,69633,258,70574,19,3840,108,21701,309,63019,127,84720,California
Napa,2021-05-11,2158,146205,1777,71410,355,70929,26,3866,371,20317,1781,64800,397,85117,California
Napa,2021-05-12,2154,148359,1346,72756,754,71683,54,3920,295,18812,1854,66654,349,85466,California
Napa,2021-05-13,1822,150181,1130,73886,654,72337,38,3958,765,18565,1050,67704,803,86269,California
Napa,2021-05-14,1906,152087,1138,75024,681,73018,87,4045,518,17789,1382,69086,606,86875,California
Napa,2021-05-15,1053,153140,347,75371,695,73713,11,4056,261,17274,788,69874,273,87148,California
Napa,2021-05-16,239,153379,159,75530,78,73791,2,4058,67,17171,172,70046,69,87217,California
Napa,2021-05-17,878,154257,347,75877,501,74292,30,4088,311,17002,510,70556,341,87558,California
Napa,2021-05-18,1039,155296,545,76422,436,74728,58,4146,502,17030,532,71088,560,88118,California
Napa,2021-05-19,925,156221,544,76966,351,75079,30,4176,521,17178,402,71490,550,88668,California
Napa,2021-05-20,577,156798,381,77347,169,75248,27,4203,375,17378,202,71692,402,89070,California
Napa,2021-05-21,431,157229,213,77560,187,75435,31,4234,187,17352,244,71936,218,89288,California
Napa,2021-05-22,392,157621,215,77775,170,75605,7,4241,158,17283,234,72170,165,89453,California
Napa,2021-05-23,351,157972,320,78095,21,75626,10,4251,272,17487,78,72248,282,89735,California
Napa,2021-05-24,363,158335,174,78269,169,75795,20,4271,148,17443,213,72461,169,89904,California
Napa,2021-05-25,395,158730,164,78433,169,75964,62,4333,137,17386,256,72717,199,90103,California
Napa,2021-05-26,543,159273,354,78787,164,76128,25,4358,320,17511,220,72937,345,90448,California
Napa,2021-05-27,373,159646,161,78948,184,76312,28,4386,158,17482,215,73152,186,90634,California
Napa,2021-05-28,391,160037,202,79150,165,76477,24,4410,162,17441,225,73377,184,90818,California
Napa,2021-05-29,130,160167,78,79228,46,76523,6,4416,76,17469,54,73431,82,90900,California
Napa,2021-05-30,100,160267,63,79291,32,76555,5,4421,34,17443,65,73496,39,90939,California
Napa,2021-05-31,46,160313,19,79310,20,76575,7,4428,11,17426,35,73531,18,90957,California
Napa,2021-06-01,414,160727,178,79488,222,76797,14,4442,171,17372,239,73770,185,91142,California
Nevada,2020-12-16,3,3,3,3,0,0,0,0,3,3,0,0,3,3,California
Nevada,2020-12-17,6,9,6,9,0,0,0,0,6,9,0,0,6,9,California
Nevada,2020-12-18,52,61,52,61,0,0,0,0,52,61,0,0,52,61,California
Nevada,2020-12-19,55,116,55,116,0,0,0,0,55,116,0,0,55,116,California
Nevada,2020-12-20,12,128,12,128,0,0,0,0,12,128,0,0,12,128,California
Nevada,2020-12-21,69,197,69,197,0,0,0,0,69,197,0,0,69,197,California
Nevada,2020-12-22,91,288,89,286,2,2,0,0,91,288,0,0,91,288,California
Nevada,2020-12-23,234,522,203,489,31,33,0,0,234,522,0,0,234,522,California
Nevada,2020-12-24,13,535,11,500,2,35,0,0,13,535,0,0,13,535,California
Nevada,2020-12-25,3,538,3,503,0,35,0,0,3,538,0,0,3,538,California
Nevada,2020-12-26,6,544,4,507,2,37,0,0,6,544,0,0,6,544,California
Nevada,2020-12-27,88,632,88,595,0,37,0,0,88,632,0,0,88,632,California
Nevada,2020-12-28,169,801,92,687,77,114,0,0,169,801,0,0,169,801,California
Nevada,2020-12-29,99,900,73,760,26,140,0,0,99,900,0,0,99,900,California
Nevada,2020-12-30,86,986,66,826,20,160,0,0,86,986,0,0,86,986,California
Nevada,2020-12-31,39,1025,9,835,30,190,0,0,39,1025,0,0,39,1025,California
Nevada,2021-01-01,2,1027,0,835,2,192,0,0,2,1027,0,0,2,1027,California
Nevada,2021-01-02,1,1028,1,836,0,192,0,0,1,1028,0,0,1,1028,California
Nevada,2021-01-03,129,1157,126,962,3,195,0,0,129,1157,0,0,129,1157,California
Nevada,2021-01-04,71,1228,47,1009,24,219,0,0,71,1228,0,0,71,1228,California
Nevada,2021-01-05,273,1501,132,1141,141,360,0,0,272,1499,1,1,272,1500,California
Nevada,2021-01-06,91,1592,43,1184,48,408,0,0,83,1574,8,9,83,1583,California
Nevada,2021-01-07,215,1807,43,1227,172,580,0,0,208,1777,6,15,209,1792,California
Nevada,2021-01-08,223,2030,129,1356,94,674,0,0,170,1895,53,68,171,1963,California
Nevada,2021-01-09,63,2093,56,1412,7,681,0,0,15,1862,48,116,15,1978,California
Nevada,2021-01-10,18,2111,9,1421,9,690,0,0,10,1864,8,124,10,1988,California
Nevada,2021-01-11,185,2296,131,1552,54,744,0,0,57,1793,128,252,57,2045,California
Nevada,2021-01-12,595,2891,449,2001,146,890,0,0,529,2256,66,318,529,2574,California
Nevada,2021-01-13,259,3150,146,2147,113,1003,0,0,125,2247,134,452,125,2699,California
Nevada,2021-01-14,237,3387,127,2274,110,1113,0,0,219,2449,17,469,219,2918,California
Nevada,2021-01-15,396,3783,170,2444,226,1339,0,0,298,2649,98,567,298,3216,California
Nevada,2021-01-16,297,4080,15,2459,282,1621,0,0,293,2938,4,571,293,3509,California
Nevada,2021-01-17,36,4116,32,2491,4,1625,0,0,34,2970,2,573,34,3543,California
Nevada,2021-01-18,155,4271,45,2536,110,1735,0,0,143,3101,12,585,143,3686,California
Nevada,2021-01-19,243,4514,85,2621,158,1893,0,0,223,3304,20,605,223,3909,California
Nevada,2021-01-20,269,4783,164,2785,105,1998,0,0,256,3547,13,618,256,4165,California
Nevada,2021-01-21,339,5122,207,2992,132,2130,0,0,326,3860,13,631,326,4491,California
Nevada,2021-01-22,368,5490,231,3223,137,2267,0,0,338,4168,30,661,338,4829,California
Nevada,2021-01-23,178,5668,105,3328,73,2340,0,0,178,4346,0,661,178,5007,California
Nevada,2021-01-24,106,5774,98,3426,8,2348,0,0,67,4374,39,700,67,5074,California
Nevada,2021-01-25,265,6039,136,3562,129,2477,0,0,204,4517,61,761,204,5278,California
Nevada,2021-01-26,402,6441,141,3703,261,2738,0,0,298,4711,104,865,298,5576,California
Nevada,2021-01-27,421,6862,248,3951,173,2911,0,0,397,5084,24,889,397,5973,California
Nevada,2021-01-28,470,7332,319,4270,151,3062,0,0,426,5467,43,932,426,6399,California
Nevada,2021-01-29,606,7938,394,4664,212,3274,0,0,579,6021,26,958,580,6979,California
Nevada,2021-01-30,232,8170,105,4769,127,3401,0,0,229,6247,3,961,229,7208,California
Nevada,2021-01-31,104,8274,87,4856,17,3418,0,0,102,6349,1,962,103,7311,California
Nevada,2021-02-01,291,8565,71,4927,220,3638,0,0,277,6612,14,976,277,7588,California
Nevada,2021-02-02,520,9085,182,5109,338,3976,0,0,321,6734,199,1175,321,7909,California
Nevada,2021-02-03,814,9899,573,5682,241,4217,0,0,760,7441,53,1228,760,8669,California
Nevada,2021-02-04,737,10636,388,6070,349,4566,0,0,487,7679,249,1477,487,9156,California
Nevada,2021-02-05,649,11285,369,6439,280,4846,0,0,459,7950,188,1665,459,9615,California
Nevada,2021-02-06,269,11554,82,6521,187,5033,0,0,242,8165,27,1692,242,9857,California
Nevada,2021-02-07,247,11801,194,6715,53,5086,0,0,193,8304,54,1746,193,10050,California
Nevada,2021-02-08,653,12454,407,7122,246,5332,0,0,552,8755,101,1847,552,10602,California
Nevada,2021-02-09,603,13057,337,7459,266,5598,0,0,464,9080,139,1986,464,11066,California
Nevada,2021-02-10,650,13707,325,7784,325,5923,0,0,419,9269,231,2217,420,11486,California
Nevada,2021-02-11,873,14580,505,8289,368,6291,0,0,544,9485,328,2545,544,12030,California
Nevada,2021-02-12,942,15522,438,8727,504,6795,0,0,621,9788,318,2863,621,12651,California
Nevada,2021-02-13,601,16123,236,8963,365,7160,0,0,387,9966,210,3073,388,13039,California
Nevada,2021-02-14,231,16354,120,9083,111,7271,0,0,203,10141,28,3101,203,13242,California
Nevada,2021-02-15,713,17067,438,9521,275,7546,0,0,539,10506,174,3275,539,13781,California
Nevada,2021-02-16,622,17689,199,9720,423,7969,0,0,455,10795,166,3441,455,14236,California
Nevada,2021-02-17,1184,18873,763,10483,421,8390,0,0,856,11323,328,3769,856,15092,California
Nevada,2021-02-18,1014,19887,551,11034,463,8853,0,0,604,11519,408,4177,604,15696,California
Nevada,2021-02-19,1014,20901,631,11665,383,9236,0,0,650,11808,362,4539,651,16347,California
Nevada,2021-02-20,298,21199,107,11772,191,9427,0,0,173,11857,124,4663,173,16520,California
Nevada,2021-02-21,95,21294,89,11861,6,9433,0,0,8,11779,86,4749,8,16528,California
Nevada,2021-02-22,498,21792,332,12193,166,9599,0,0,351,11984,146,4895,351,16879,California
Nevada,2021-02-23,484,22276,235,12428,249,9848,0,0,220,11943,261,5156,220,17099,California
Nevada,2021-02-24,478,22754,242,12670,236,10084,0,0,253,11973,225,5381,255,17354,California
Nevada,2021-02-25,860,23614,467,13137,393,10477,0,0,432,11979,426,5807,432,17786,California
Nevada,2021-02-26,1241,24855,883,14020,358,10835,0,0,411,11563,827,6634,411,18197,California
Nevada,2021-02-27,356,25211,111,14131,245,11080,0,0,187,11581,169,6803,187,18384,California
Nevada,2021-02-28,274,25485,160,14291,114,11194,0,0,125,11559,148,6951,126,18510,California
Nevada,2021-03-01,832,26317,435,14726,397,11591,0,0,363,11455,467,7418,363,18873,California
Nevada,2021-03-02,743,27060,293,15019,450,12041,0,0,510,11737,228,7646,510,19383,California
Nevada,2021-03-03,979,28039,502,15521,476,12517,1,1,508,11776,470,8116,509,19892,California
Nevada,2021-03-04,1107,29146,617,16138,490,13007,0,1,466,11605,637,8753,466,20358,California
Nevada,2021-03-05,836,29982,474,16612,352,13359,10,11,374,11529,460,9213,384,20742,California
Nevada,2021-03-06,360,30342,121,16733,212,13571,27,38,144,11483,216,9429,170,20912,California
Nevada,2021-03-07,212,30554,110,16843,83,13654,19,57,70,11430,142,9571,89,21001,California
Nevada,2021-03-08,827,31381,557,17400,224,13878,46,103,377,11405,449,10020,424,21425,California
Nevada,2021-03-09,791,32172,404,17804,338,14216,49,152,465,11594,324,10344,513,21938,California
Nevada,2021-03-10,1003,33175,646,18450,301,14517,56,208,341,11333,657,11001,396,22334,California
Nevada,2021-03-11,1106,34281,727,19177,354,14871,25,233,550,11360,548,11549,575,22909,California
Nevada,2021-03-12,1202,35483,729,19906,443,15314,30,263,509,11208,690,12239,538,23447,California
Nevada,2021-03-13,285,35768,57,19963,223,15537,5,268,111,11151,172,12411,115,23562,California
Nevada,2021-03-14,156,35924,22,19985,128,15665,6,274,33,11067,123,12534,39,23601,California
Nevada,2021-03-15,853,36777,461,20446,380,16045,12,286,361,10951,489,13023,373,23974,California
Nevada,2021-03-16,999,37776,469,20915,468,16513,62,348,640,11295,357,13380,701,24675,California
Nevada,2021-03-17,1021,38797,453,21368,558,17071,10,358,583,11453,435,13815,593,25268,California
Nevada,2021-03-18,983,39780,533,21901,427,17498,23,381,479,11455,500,14315,502,25770,California
Nevada,2021-03-19,760,40540,441,22342,282,17780,37,418,356,11448,400,14715,393,26163,California
Nevada,2021-03-20,822,41362,92,22434,302,18082,428,846,229,11514,587,15302,653,26816,California
Nevada,2021-03-21,58,41420,32,22466,25,18107,1,847,40,11538,17,15319,41,26857,California
Nevada,2021-03-22,800,42220,518,22984,277,18384,5,852,533,11811,265,15584,538,27395,California
Nevada,2021-03-23,858,43078,390,23374,442,18826,26,878,616,12214,239,15823,642,28037,California
Nevada,2021-03-24,1023,44101,543,23917,473,19299,7,885,641,12485,376,16199,647,28684,California
Nevada,2021-03-25,907,45008,458,24375,424,19723,25,910,496,12595,410,16609,520,29204,California
Nevada,2021-03-26,1142,46150,437,24812,666,20389,39,949,818,13130,321,16930,856,30060,California
Nevada,2021-03-27,567,46717,70,24882,481,20870,16,965,385,13349,182,17112,401,30461,California
Nevada,2021-03-28,176,46893,50,24932,113,20983,13,978,38,13265,135,17247,51,30512,California
Nevada,2021-03-29,821,47714,502,25434,297,21280,22,1000,374,13216,444,17691,395,30907,California
Nevada,2021-03-30,1055,48769,482,25916,539,21819,34,1034,486,13175,561,18252,520,31427,California
Nevada,2021-03-31,1181,49950,661,26577,503,22322,17,1051,678,13375,494,18746,694,32121,California
Nevada,2021-04-01,1239,51189,722,27299,464,22786,53,1104,546,13290,684,19430,599,32720,California
Nevada,2021-04-02,1289,52478,661,27960,592,23378,36,1140,761,13564,524,19954,798,33518,California
Nevada,2021-04-03,292,52770,92,28052,161,23539,39,1179,85,13482,206,20160,124,33642,California
Nevada,2021-04-04,130,52900,44,28096,79,23618,7,1186,78,13515,52,20212,85,33727,California
Nevada,2021-04-05,935,53835,616,28712,299,23917,20,1206,622,13848,309,20521,642,34369,California
Nevada,2021-04-06,1078,54913,669,29381,266,24183,143,1349,435,13792,636,21157,580,34949,California
Nevada,2021-04-07,1147,56060,819,30200,245,24428,83,1432,610,13954,530,21687,692,35641,California
Nevada,2021-04-08,1280,57340,892,31092,305,24733,83,1515,705,14170,572,22259,788,36429,California
Nevada,2021-04-09,1247,58587,847,31939,331,25064,69,1584,844,14682,401,22660,913,37342,California
Nevada,2021-04-10,269,58856,77,32016,116,25180,76,1660,108,14706,160,22820,184,37526,California
Nevada,2021-04-11,100,58956,32,32048,64,25244,4,1664,39,14688,61,22881,43,37569,California
Nevada,2021-04-12,745,59701,539,32587,190,25434,16,1680,315,14593,426,23307,331,37900,California
Nevada,2021-04-13,882,60583,351,32938,531,25965,0,1680,467,14647,413,23720,467,38367,California
Nevada,2021-04-14,1048,61631,568,33506,480,26445,0,1680,531,14669,509,24229,531,38898,California
Nevada,2021-04-15,1069,62700,702,34208,367,26812,0,1680,615,14842,442,24671,615,39513,California
Nevada,2021-04-16,891,63591,691,34899,200,27012,0,1680,515,14982,375,25046,515,40028,California
Nevada,2021-04-17,194,63785,49,34948,145,27157,0,1680,84,14958,108,25154,84,40112,California
Nevada,2021-04-18,185,63970,20,34968,165,27322,0,1680,102,14977,83,25237,102,40214,California
Nevada,2021-04-19,749,64719,480,35448,269,27591,0,1680,304,14845,436,25673,304,40518,California
Nevada,2021-04-20,799,65518,310,35758,489,28080,0,1680,302,14656,491,26164,302,40820,California
Nevada,2021-04-21,907,66425,495,36253,412,28492,0,1680,273,14304,625,26789,273,41093,California
Nevada,2021-04-22,996,67421,621,36874,375,28867,0,1680,342,14003,643,27432,342,41435,California
Nevada,2021-04-23,1220,68641,540,37414,680,29547,0,1680,396,13586,813,28245,396,41831,California
Nevada,2021-04-24,521,69162,72,37486,449,29996,0,1680,168,13403,351,28596,168,41999,California
Nevada,2021-04-25,116,69278,60,37546,51,30047,5,1685,52,13396,63,28659,56,42055,California
Nevada,2021-04-26,712,69990,533,38079,171,30218,8,1693,204,13110,498,29157,212,42267,California
Nevada,2021-04-27,773,70763,348,38427,420,30638,5,1698,398,13147,366,29523,403,42670,California
Nevada,2021-04-28,986,71749,579,39006,402,31040,5,1703,383,12937,598,30121,388,43058,California
Nevada,2021-04-29,1010,72759,707,39713,299,31339,4,1707,274,12482,733,30854,278,43336,California
Nevada,2021-04-30,1223,73982,724,40437,490,31829,9,1716,201,11672,1020,31874,210,43546,California
Nevada,2021-05-01,144,74126,65,40502,75,31904,4,1720,64,11662,78,31952,68,43614,California
Nevada,2021-05-02,54,74180,30,40532,20,31924,4,1724,19,11650,35,31987,23,43637,California
Nevada,2021-05-03,606,74786,404,40936,183,32107,19,1743,177,11420,425,32412,195,43832,California
Nevada,2021-05-04,585,75371,169,41105,398,32505,18,1761,332,11521,249,32661,350,44182,California
Nevada,2021-05-05,731,76102,380,41485,337,32842,14,1775,318,11449,404,33065,332,44514,California
Nevada,2021-05-06,800,76902,561,42046,228,33070,11,1786,196,11061,595,33660,207,44721,California
Nevada,2021-05-07,881,77783,488,42534,358,33428,35,1821,193,10605,684,34344,228,44949,California
Nevada,2021-05-08,172,77955,20,42554,132,33560,20,1841,81,10616,90,34434,101,45050,California
Nevada,2021-05-09,41,77996,7,42561,32,33592,2,1843,18,10613,23,34457,20,45070,California
Nevada,2021-05-10,389,78385,247,42808,118,33710,24,1867,75,10399,313,34770,99,45169,California
Nevada,2021-05-11,510,78895,150,42958,347,34057,13,1880,127,10164,375,35145,140,45309,California
Nevada,2021-05-12,531,79426,228,43186,292,34349,11,1891,149,9950,374,35519,160,45469,California
Nevada,2021-05-13,801,80227,534,43720,258,34607,9,1900,412,9991,380,35899,421,45890,California
Nevada,2021-05-14,770,80997,580,44300,172,34779,18,1918,430,10102,337,36236,448,46338,California
Nevada,2021-05-15,181,81178,82,44382,91,34870,8,1926,83,10096,97,36333,91,46429,California
Nevada,2021-05-16,155,81333,51,44433,104,34974,0,1926,53,10047,102,36435,53,46482,California
Nevada,2021-05-17,492,81825,313,44746,149,35123,30,1956,216,10028,265,36700,246,46728,California
Nevada,2021-05-18,412,82237,253,44999,155,35278,4,1960,219,10060,191,36891,223,46951,California
Nevada,2021-05-19,489,82726,356,45355,129,35407,4,1964,255,10094,225,37116,259,47210,California
Nevada,2021-05-20,564,83290,321,45676,232,35639,11,1975,198,9942,361,37477,209,47419,California
Nevada,2021-05-21,447,83737,284,45960,155,35794,8,1983,197,9901,246,37723,205,47624,California
Nevada,2021-05-22,201,83938,16,45976,96,35890,89,2072,27,9843,174,37897,116,47740,California
Nevada,2021-05-23,25,83963,5,45981,20,35910,0,2072,7,9832,18,37915,7,47747,California
Nevada,2021-05-24,303,84266,213,46194,77,35987,13,2085,103,9751,197,38112,116,47863,California
Nevada,2021-05-25,334,84600,80,46274,243,36230,11,2096,83,9599,246,38358,94,47957,California
Nevada,2021-05-26,431,85031,182,46456,240,36470,9,2105,114,9412,310,38668,123,48080,California
Nevada,2021-05-27,421,85452,227,46683,178,36648,16,2121,187,9385,230,38898,203,48283,California
Nevada,2021-05-28,326,85778,210,46893,105,36753,11,2132,195,9461,130,39028,206,48489,California
Nevada,2021-05-29,64,85842,11,46904,53,36806,0,2132,42,9481,22,39050,42,48531,California
Nevada,2021-05-30,34,85876,18,46922,14,36820,2,2134,23,9495,11,39061,25,48556,California
Nevada,2021-05-31,1,85877,1,46923,0,36820,0,2134,0,9494,1,39062,0,48556,California
Nevada,2021-06-01,254,86131,70,46993,180,37000,4,2138,34,9319,213,39275,38,48594,California
Orange,2020-12-15,16,16,16,16,0,0,0,0,16,16,0,0,16,16,California
Orange,2020-12-16,392,408,392,408,0,0,0,0,392,408,0,0,392,408,California
Orange,2020-12-17,3740,4148,3740,4148,0,0,0,0,3739,4147,0,0,3739,4147,California
Orange,2020-12-18,5068,9216,5060,9208,8,8,0,0,5067,9214,0,0,5067,9214,California
Orange,2020-12-19,2233,11449,2226,11434,7,15,0,0,2232,11446,0,0,2232,11446,California
Orange,2020-12-20,1989,13438,1986,13420,3,18,0,0,1990,13436,0,0,1990,13436,California
Orange,2020-12-21,4261,17699,4255,17675,6,24,0,0,4261,17697,0,0,4261,17697,California
Orange,2020-12-22,3993,21692,3958,21633,35,59,0,0,3993,21690,0,0,3993,21690,California
Orange,2020-12-23,3591,25283,3225,24858,366,425,0,0,3593,25283,0,0,3593,25283,California
Orange,2020-12-24,1382,26665,1078,25936,304,729,0,0,1382,26665,0,0,1382,26665,California
Orange,2020-12-25,17,26682,12,25948,5,734,0,0,17,26682,0,0,17,26682,California
Orange,2020-12-26,1081,27763,424,26372,657,1391,0,0,1081,27763,0,0,1081,27763,California
Orange,2020-12-27,583,28346,276,26648,307,1698,0,0,583,28346,0,0,583,28346,California
Orange,2020-12-28,3616,31962,2638,29286,978,2676,0,0,3616,31962,0,0,3616,31962,California
Orange,2020-12-29,3504,35466,2491,31777,1013,3689,0,0,3503,35464,1,1,3503,35465,California
Orange,2020-12-30,5123,40589,3546,35323,1577,5266,0,0,5123,40587,0,1,5123,40588,California
Orange,2020-12-31,1501,42090,803,36126,698,5964,0,0,1500,42086,1,2,1500,42088,California
Orange,2021-01-01,621,42711,335,36461,286,6250,0,0,620,42705,1,3,620,42708,California
Orange,2021-01-02,1355,44066,850,37311,505,6755,0,0,1355,44060,0,3,1355,44063,California
Orange,2021-01-03,584,44650,325,37636,259,7014,0,0,584,44644,0,3,584,44647,California
Orange,2021-01-04,2757,47407,1574,39210,1183,8197,0,0,2758,47401,1,4,2758,47405,California
Orange,2021-01-05,3541,50948,2320,41530,1221,9418,0,0,3132,50131,405,409,3135,50540,California
Orange,2021-01-06,5009,55957,3477,45007,1532,10950,0,0,3641,52416,1356,1765,3641,54181,California
Orange,2021-01-07,9297,65254,5189,50196,4108,15058,0,0,5712,54561,3572,5337,5717,59898,California
Orange,2021-01-08,9442,74696,5286,55482,4156,19214,0,0,5668,56468,3764,9101,5671,65569,California
Orange,2021-01-09,5021,79717,1757,57239,3264,22478,0,0,3736,58919,1285,10386,3736,69305,California
Orange,2021-01-10,4248,83965,1049,58288,3199,25677,0,0,3367,61410,880,11266,3371,72676,California
Orange,2021-01-11,9457,93422,4910,63198,4547,30224,0,0,5831,63613,3629,14895,5832,78508,California
Orange,2021-01-12,8934,102356,4836,68034,4098,34322,0,0,5461,65604,3471,18366,5462,83970,California
Orange,2021-01-13,10275,112631,4933,72967,5342,39664,0,0,7066,69472,3205,21571,7073,91043,California
Orange,2021-01-14,9994,122625,3786,76753,6208,45872,0,0,8403,76292,1589,23160,8409,99452,California
Orange,2021-01-15,10201,132826,2633,79386,7568,53440,0,0,9320,84729,889,24049,9326,108778,California
Orange,2021-01-16,8717,141543,2093,81479,6624,60064,0,0,8320,92658,396,24445,8325,117103,California
Orange,2021-01-17,8165,149708,1485,82964,6680,66744,0,0,8016,100535,149,24594,8026,125129,California
Orange,2021-01-18,9709,159417,4411,87375,5298,72042,0,0,7445,105718,2265,26859,7448,132577,California
Orange,2021-01-19,7542,166959,5458,92833,2084,74126,0,0,4908,107993,2634,29493,4909,137486,California
Orange,2021-01-20,8400,175359,5922,98755,2478,76604,0,0,5348,110296,3052,32545,5355,142841,California
Orange,2021-01-21,11027,186386,4912,103667,6115,82719,0,0,10204,119689,822,33367,10215,153056,California
Orange,2021-01-22,13694,200080,5158,108825,8536,91255,0,0,12834,131678,853,34220,12842,165898,California
Orange,2021-01-23,13157,213237,6192,115017,6965,98220,0,0,12224,142979,931,35151,12232,178130,California
Orange,2021-01-24,9825,223062,4296,119313,5529,103749,0,0,9491,152144,330,35481,9495,187625,California
Orange,2021-01-25,10472,233534,5874,125187,4598,108347,0,0,7733,157150,2732,38213,7738,195363,California
Orange,2021-01-26,11911,245445,7720,132907,4191,112538,0,0,9738,164722,2169,40382,9741,205104,California
Orange,2021-01-27,13487,258932,8020,140927,5467,118005,0,0,10769,172792,2707,43089,10777,215881,California
Orange,2021-01-28,13066,271998,7226,148153,5840,123845,0,0,11180,182109,1871,44960,11188,227069,California
Orange,2021-01-29,13660,285658,8470,156623,5190,129035,0,0,10757,189984,2887,47847,10762,237831,California
Orange,2021-01-30,12978,298636,4478,161101,8500,137535,0,0,12200,201424,763,48610,12203,250034,California
Orange,2021-01-31,13708,312344,4928,166029,8780,146315,0,0,13262,214253,440,49050,13269,263303,California
Orange,2021-02-01,14832,327176,6513,172542,8319,154634,0,0,12359,224167,2451,51501,12365,275668,California
Orange,2021-02-02,15039,342215,7964,180506,7075,161709,0,0,12564,234292,2444,53945,12569,288237,California
Orange,2021-02-03,16595,358810,12406,192912,4189,165898,0,0,13637,245054,2880,56825,13642,301879,California
Orange,2021-02-04,19950,378760,13053,205965,6897,172795,0,0,14835,254814,5084,61909,14844,316723,California
Orange,2021-02-05,20762,399522,11999,217964,8763,181558,0,0,14444,262987,6276,68185,14449,331172,California
Orange,2021-02-06,16381,415903,10827,228791,5554,187112,0,0,11107,269053,5259,73444,11325,342497,California
Orange,2021-02-07,11533,427436,8103,236894,3430,190542,0,0,7552,272809,3965,77409,7721,350218,California
Orange,2021-02-08,15028,442464,8644,245538,6384,196926,0,0,8992,275793,6009,83418,8993,359211,California
Orange,2021-02-09,17747,460211,12087,257625,5660,202586,0,0,10707,279538,6967,90385,10712,369923,California
Orange,2021-02-10,20913,481124,11167,268792,9746,212332,0,0,12689,284105,8131,98516,12698,382621,California
Orange,2021-02-11,22164,503288,11529,280321,10635,222967,0,0,12402,286895,9630,108146,12420,395041,California
Orange,2021-02-12,24882,528170,11986,292307,12896,235863,0,0,14642,291367,10176,118322,14648,409689,California
Orange,2021-02-13,22018,550188,11903,304210,10115,245978,0,0,11164,292473,10700,129022,11806,421495,California
Orange,2021-02-14,16174,566362,6538,310748,9636,255614,0,0,9541,295410,6605,135627,9542,431037,California
Orange,2021-02-15,17272,583634,7402,318150,9870,265484,0,0,8899,295989,8329,143956,8908,439945,California
Orange,2021-02-16,19985,603619,9007,327157,10978,276462,0,0,10756,297591,9179,153135,10781,450726,California
Orange,2021-02-17,17961,621580,9371,336528,8590,285052,0,0,9214,298141,8695,161830,9245,459971,California
Orange,2021-02-18,15084,636664,9897,346425,5187,290239,0,0,6814,296749,8216,170046,6824,466795,California
Orange,2021-02-19,18212,654876,10883,357308,7329,297568,0,0,6928,292460,11230,181276,6941,473736,California
Orange,2021-02-20,7540,662416,5627,362935,1913,299481,0,0,3787,292529,3729,185005,3798,477534,California
Orange,2021-02-21,4590,667006,3898,366833,692,300173,0,0,936,289857,3614,188619,942,478476,California
Orange,2021-02-22,9710,676716,7916,374749,1794,301967,0,0,3915,288029,5763,194382,3935,482411,California
Orange,2021-02-23,13359,690075,7322,382071,6037,308004,0,0,3515,281780,9778,204160,3529,485940,California
Orange,2021-02-24,21184,711259,12839,394910,8345,316349,0,0,5396,271475,15719,219879,5414,491354,California
Orange,2021-02-25,22726,733985,12319,407229,10407,326756,0,0,8001,264843,14649,234528,8017,499371,California
Orange,2021-02-26,27853,761838,14097,421326,13756,340512,0,0,11249,259646,16471,250999,11274,510645,California
Orange,2021-02-27,25127,786965,10205,431531,14919,355431,3,3,7330,249308,17686,268685,7348,517993,California
Orange,2021-02-28,19132,806097,7424,438955,11708,367139,0,3,4829,239975,14179,282864,4846,522839,California
Orange,2021-03-01,18620,824717,8511,447466,10099,377238,10,13,7222,235921,11300,294164,7246,530085,California
Orange,2021-03-02,19321,844038,9322,456788,9996,387234,3,16,9458,235601,9809,303973,9489,539574,California
Orange,2021-03-03,20678,864716,9762,466550,10912,398146,4,20,11108,237249,9486,313459,11134,550708,California
Orange,2021-03-04,22486,887202,12964,479514,9508,407654,14,34,11638,238119,10808,324267,11678,562386,California
Orange,2021-03-05,21117,908319,11023,490537,10046,417700,48,82,12966,243090,8104,332371,13075,575461,California
Orange,2021-03-06,24173,932492,13308,503845,9991,427691,874,956,12771,245400,11358,343729,13668,589129,California
Orange,2021-03-07,15081,947573,8493,512338,6179,433870,409,1365,8803,248395,6237,349966,9232,598361,California
Orange,2021-03-08,16458,964031,7602,519940,7582,441452,1274,2639,10621,254530,5785,355751,11920,610281,California
Orange,2021-03-09,20925,984956,9695,529635,8786,450238,2444,5083,12378,260843,8504,364255,14817,625098,California
Orange,2021-03-10,24770,1009726,12156,541791,9164,459402,3450,8533,12517,264614,12190,376445,15961,641059,California
Orange,2021-03-11,29068,1038794,15733,557524,9114,468516,4221,12754,13476,266811,15495,391940,17692,658751,California
Orange,2021-03-12,29460,1068254,14363,571887,11230,479746,3867,16621,14822,270988,14553,406493,18730,677481,California
Orange,2021-03-13,27880,1096134,10262,582149,13681,493427,3937,20558,14118,275365,13699,420192,18076,695557,California
Orange,2021-03-14,18913,1115047,8227,590376,8141,501568,2545,23103,11812,282637,7069,427261,14341,709898,California
Orange,2021-03-15,23083,1138130,10177,600553,12143,513711,763,23866,14390,289175,8607,435868,15145,725043,California
Orange,2021-03-16,26444,1164574,11180,611733,15033,528744,231,24097,17162,297372,9201,445069,17398,742441,California
Orange,2021-03-17,27402,1191976,13599,625332,13209,541953,594,24691,19480,309598,7846,452915,20072,762513,California
Orange,2021-03-18,27837,1219813,14002,639334,13554,555507,281,24972,21645,325403,6124,459039,21929,784442,California
Orange,2021-03-19,33657,1253470,18502,657836,14708,570215,447,25419,24972,342263,8570,467609,25430,809872,California
Orange,2021-03-20,25828,1279298,13601,671437,12019,582234,208,25627,22014,360743,3749,471358,22229,832101,California
Orange,2021-03-21,18527,1297825,10703,682140,7090,589324,734,26361,15734,374448,2762,474120,16467,848568,California
Orange,2021-03-22,22783,1320608,11792,693932,10669,599993,322,26683,19200,390490,3490,477610,19532,868100,California
Orange,2021-03-23,26068,1346676,13552,707484,11874,611867,642,27325,20692,406536,5293,482903,21339,889439,California
Orange,2021-03-24,29164,1375840,16277,723761,11965,623832,922,28247,21992,422374,7079,489982,22917,912356,California
Orange,2021-03-25,32494,1408334,17280,741041,14504,638336,710,28957,24280,439247,8118,498100,24991,937347,California
Orange,2021-03-26,34938,1443272,18136,759177,15938,654274,864,29821,24881,455053,9943,508043,25749,963096,California
Orange,2021-03-27,28548,1471820,13679,772856,14554,668828,315,30136,19810,466541,8641,516684,20129,983225,California
Orange,2021-03-28,24809,1496629,12880,785736,11861,680689,68,30204,18554,478990,6176,522860,18625,1001850,California
Orange,2021-03-29,26567,1523196,12164,797900,13836,694525,567,30771,17828,488742,8648,531508,18400,1020250,California
Orange,2021-03-30,30916,1554112,13971,811871,16308,710833,637,31408,20457,499467,10369,541877,21094,1041344,California
Orange,2021-03-31,37216,1591328,19535,831406,16969,727802,712,32120,23860,510805,13246,555123,24584,1065928,California
Orange,2021-04-01,40525,1631853,21286,852692,17359,745161,1880,34000,26197,524695,14183,569306,28073,1094001,California
Orange,2021-04-02,40214,1672067,20300,872992,18093,763254,1821,35821,22735,531904,17372,586678,24581,1118582,California
Orange,2021-04-03,30239,1702306,15739,888731,12747,776001,1753,37574,14287,532063,15875,602553,16034,1134616,California
Orange,2021-04-04,18481,1720787,10738,899469,6976,782977,767,38341,8213,530830,10210,612763,8977,1143593,California
Orange,2021-04-05,30068,1750855,14042,913511,12618,795595,3408,41749,13946,532138,16041,628804,17349,1160942,California
Orange,2021-04-06,33461,1784316,15648,929159,14368,809963,3445,45194,14442,531119,18926,647730,17907,1178849,California
Orange,2021-04-07,36114,1820430,20151,949310,11373,821336,4590,49784,15882,531430,20148,667878,20459,1199308,California
Orange,2021-04-08,39187,1859617,21678,970988,12034,833370,5475,55259,18989,535929,20092,687970,24591,1223899,California
Orange,2021-04-09,41085,1900702,23914,994902,11946,845316,5225,60484,18168,536662,22826,710796,23559,1247458,California
Orange,2021-04-10,34603,1935305,18315,1013217,12050,857366,4238,64722,14347,535247,20168,730964,18753,1266211,California
Orange,2021-04-11,25768,1961073,14581,1027798,7911,865277,3276,67998,9873,532722,15845,746809,13320,1279531,California
Orange,2021-04-12,30419,1991492,15384,1043182,11469,876746,3566,71564,11957,529819,18398,765207,15495,1295026,California
Orange,2021-04-13,32350,2023842,18219,1061401,14064,890810,67,71631,15051,527705,17229,782436,15115,1310141,California
Orange,2021-04-14,34432,2058274,20162,1081563,14236,905046,34,71665,15110,523624,19229,801665,15148,1325289,California
Orange,2021-04-15,40190,2098464,24489,1106052,15687,920733,14,71679,18710,520972,21373,823038,18721,1344010,California
Orange,2021-04-16,41275,2139739,24254,1130306,16992,937725,29,71708,18630,517101,22536,845574,18665,1362675,California
Orange,2021-04-17,30402,2170141,17269,1147575,13130,950855,3,71711,13371,513567,16913,862487,13379,1376054,California
Orange,2021-04-18,21432,2191573,12967,1160542,8465,959320,0,71711,8477,509145,12902,875389,8480,1384534,California
Orange,2021-04-19,32477,2224050,17939,1178481,14536,973856,2,71713,14921,506610,17463,892852,14928,1399462,California
Orange,2021-04-20,35201,2259251,18280,1196761,16916,990772,5,71718,17597,506691,17521,910373,17602,1417064,California
Orange,2021-04-21,40666,2299917,23428,1220189,17229,1008001,9,71727,19261,504665,21297,931670,19271,1436335,California
Orange,2021-04-22,39271,2339188,20752,1240941,18510,1026511,9,71736,16332,498200,22809,954479,16344,1452679,California
Orange,2021-04-23,40163,2379351,20770,1261711,19386,1045897,7,71743,17919,493997,22134,976613,17931,1470610,California
Orange,2021-04-24,31978,2411329,16709,1278420,15234,1061131,35,71778,13390,488920,18505,995118,13428,1484038,California
Orange,2021-04-25,22988,2434317,12990,1291410,9984,1071115,14,71792,9872,485756,13055,1008173,9891,1493929,California
Orange,2021-04-26,26121,2460438,12765,1304175,13162,1084277,194,71986,11512,482946,14515,1022688,11705,1505634,California
Orange,2021-04-27,28646,2489084,13377,1317552,14767,1099044,502,72488,11012,476981,17481,1040169,11516,1517150,California
Orange,2021-04-28,30821,2519905,15426,1332978,14520,1113564,875,73363,12365,471868,18348,1058517,13235,1530385,California
Orange,2021-04-29,31866,2551771,17409,1350387,13497,1127061,960,74323,11332,463713,20438,1078955,12283,1542668,California
Orange,2021-04-30,29774,2581545,16987,1367374,11849,1138910,938,75261,12675,460313,17007,1095962,13607,1556275,California
Orange,2021-05-01,22274,2603819,15124,1382498,6164,1145074,986,76247,8706,456511,13484,1109446,9682,1565957,California
Orange,2021-05-02,15398,2619217,10241,1392739,4514,1149588,643,76890,5377,452572,9955,1119401,6016,1571973,California
Orange,2021-05-03,20558,2639775,12541,1405280,7259,1156847,758,77648,6469,445780,14017,1133418,7225,1579198,California
Orange,2021-05-04,23606,2663381,13459,1418739,9238,1166085,909,78557,8173,439517,15332,1148750,9069,1588267,California
Orange,2021-05-05,24729,2688110,13803,1432542,10031,1176116,895,79452,8089,431987,16514,1165264,8984,1597251,California
Orange,2021-05-06,26398,2714508,15974,1448516,9423,1185539,1001,80453,7293,421296,18978,1184242,8287,1605538,California
Orange,2021-05-07,28393,2742901,16867,1465383,10474,1196013,1052,81505,8038,410227,20153,1204395,9084,1614622,California
Orange,2021-05-08,18405,2761306,12162,1477545,5469,1201482,774,82279,5432,403531,12897,1217292,6201,1620823,California
Orange,2021-05-09,10963,2772269,8329,1485874,2258,1203740,376,82655,2889,398770,8024,1225316,3263,1624086,California
Orange,2021-05-10,18992,2791261,11565,1497439,6652,1210392,775,83430,4266,389174,14636,1239952,5040,1629126,California
Orange,2021-05-11,21248,2812509,11724,1509163,8851,1219243,673,84103,5040,378773,16110,1256062,5709,1634835,California
Orange,2021-05-12,22558,2835067,13879,1523042,7925,1227168,754,84857,6302,369689,16139,1272201,7055,1641890,California
Orange,2021-05-13,19882,2854949,12120,1535162,7230,1234398,532,85389,7208,364855,12576,1284777,7742,1649632,California
Orange,2021-05-14,25650,2880599,16733,1551895,8113,1242511,804,86193,10408,360916,15144,1299921,11205,1660837,California
Orange,2021-05-15,19805,2900404,14335,1566230,4923,1247434,547,86740,8027,357770,11718,1311639,8572,1669409,California
Orange,2021-05-16,15096,2915500,12406,1578636,2348,1249782,342,87082,6505,356077,8542,1320181,6849,1676258,California
Orange,2021-05-17,19282,2934782,12627,1591263,5961,1255743,694,87776,7298,352144,11927,1332108,7994,1684252,California
Orange,2021-05-18,20410,2955192,11931,1603194,7814,1263557,665,88441,8472,349417,11855,1343963,9128,1693380,California
Orange,2021-05-19,22324,2977516,12724,1615918,8935,1272492,665,89106,8033,343927,14180,1358143,8690,1702070,California
Orange,2021-05-20,18068,2995584,10324,1626242,7168,1279660,576,89682,6113,338744,11871,1370014,6688,1708758,California
Orange,2021-05-21,21088,3016672,11772,1638014,8709,1288369,607,90289,6760,331877,14238,1384252,7371,1716129,California
Orange,2021-05-22,14314,3030986,9683,1647697,4161,1292530,470,90759,5555,329204,8692,1392944,6019,1722148,California
Orange,2021-05-23,6767,3037753,4816,1652513,1741,1294271,210,90969,2292,327260,4445,1397389,2501,1724649,California
Orange,2021-05-24,15104,3052857,8857,1661370,5643,1299914,604,91573,5727,324292,9296,1406685,6328,1730977,California
Orange,2021-05-25,15366,3068223,9011,1670381,5862,1305776,493,92066,5763,321035,9505,1416190,6248,1737225,California
Orange,2021-05-26,14982,3083205,8344,1678725,6145,1311921,493,92559,5588,317796,9314,1425504,6075,1743300,California
Orange,2021-05-27,14177,3097382,8529,1687254,5122,1317043,526,93085,6306,316824,7800,1433304,6828,1750128,California
Orange,2021-05-28,16159,3113541,9509,1696763,6058,1323101,592,93677,7053,315442,9019,1442323,7637,1757765,California
Orange,2021-05-29,8632,3122173,5100,1701863,3185,1326286,347,94024,3911,315021,4674,1446997,4253,1762018,California
Orange,2021-05-30,5779,3127952,3834,1705697,1706,1327992,239,94263,2084,313676,3665,1450662,2320,1764338,California
Orange,2021-05-31,1650,3129602,1044,1706741,572,1328564,34,94297,534,313143,1101,1451763,568,1764906,California
Orange,2021-06-01,6365,3135967,3262,1710003,2885,1331449,218,94515,1770,310591,4538,1456301,1986,1766892,California
Placer,2020-12-15,29,29,29,29,0,0,0,0,29,29,0,0,29,29,California
Placer,2020-12-16,56,85,56,85,0,0,0,0,56,85,0,0,56,85,California
Placer,2020-12-17,140,225,140,225,0,0,0,0,140,225,0,0,140,225,California
Placer,2020-12-18,332,557,332,557,0,0,0,0,332,557,0,0,332,557,California
Placer,2020-12-19,252,809,252,809,0,0,0,0,252,809,0,0,252,809,California
Placer,2020-12-20,235,1044,235,1044,0,0,0,0,235,1044,0,0,235,1044,California
Placer,2020-12-21,495,1539,493,1537,2,2,0,0,495,1539,0,0,495,1539,California
Placer,2020-12-22,676,2215,669,2206,7,9,0,0,676,2215,0,0,676,2215,California
Placer,2020-12-23,753,2968,665,2871,88,97,0,0,753,2968,0,0,753,2968,California
Placer,2020-12-24,399,3367,348,3219,51,148,0,0,399,3367,0,0,399,3367,California
Placer,2020-12-26,156,3523,112,3331,44,192,0,0,156,3523,0,0,156,3523,California
Placer,2020-12-27,187,3710,164,3495,23,215,0,0,187,3710,0,0,187,3710,California
Placer,2020-12-28,670,4380,543,4038,127,342,0,0,670,4380,0,0,670,4380,California
Placer,2020-12-29,763,5143,514,4552,249,591,0,0,763,5143,0,0,763,5143,California
Placer,2020-12-30,729,5872,456,5008,273,864,0,0,727,5870,0,0,727,5870,California
Placer,2020-12-31,530,6402,344,5352,186,1050,0,0,530,6400,0,0,530,6400,California
Placer,2021-01-01,15,6417,11,5363,4,1054,0,0,15,6415,0,0,15,6415,California
Placer,2021-01-02,185,6602,153,5516,32,1086,0,0,185,6600,0,0,185,6600,California
Placer,2021-01-03,153,6755,78,5594,75,1161,0,0,153,6753,0,0,153,6753,California
Placer,2021-01-04,620,7375,181,5775,439,1600,0,0,620,7373,0,0,620,7373,California
Placer,2021-01-05,725,8100,159,5934,566,2166,0,0,642,7934,82,82,643,8016,California
Placer,2021-01-06,761,8861,247,6181,514,2680,0,0,617,8407,144,226,617,8633,California
Placer,2021-01-07,986,9847,368,6549,618,3298,0,0,781,8983,205,431,781,9414,California
Placer,2021-01-08,1181,11028,528,7077,653,3951,0,0,852,9509,326,757,852,10266,California
Placer,2021-01-09,450,11478,321,7398,129,4080,0,0,234,9528,215,972,234,10500,California
Placer,2021-01-10,329,11807,186,7584,143,4223,0,0,164,9527,165,1137,164,10664,California
Placer,2021-01-11,1428,13235,808,8392,620,4843,0,0,838,9776,590,1727,839,11503,California
Placer,2021-01-12,1655,14890,878,9270,777,5620,0,0,1054,10229,601,2328,1054,12557,California
Placer,2021-01-13,1637,16527,822,10092,815,6435,0,0,1212,11021,423,2751,1215,13772,California
Placer,2021-01-14,1791,18318,658,10750,1133,7568,0,0,1433,12100,355,3106,1434,15206,California
Placer,2021-01-15,1933,20251,717,11467,1216,8784,0,0,1582,13333,350,3456,1583,16789,California
Placer,2021-01-16,1467,21718,716,12183,751,9535,0,0,1346,14559,121,3577,1347,18136,California
Placer,2021-01-17,562,22280,395,12578,167,9702,0,0,429,14855,133,3710,429,18565,California
Placer,2021-01-18,992,23272,554,13132,438,10140,0,0,751,15366,241,3951,752,19317,California
Placer,2021-01-19,2626,25898,1962,15094,664,10804,0,0,2172,17084,454,4405,2172,21489,California
Placer,2021-01-20,2279,28177,1707,16801,572,11376,0,0,1948,18702,331,4736,1949,23438,California
Placer,2021-01-21,2561,30738,1120,17921,1441,12817,0,0,2169,20481,391,5127,2170,25608,California
Placer,2021-01-22,2352,33090,645,18566,1707,14524,0,0,2178,22488,172,5299,2179,27787,California
Placer,2021-01-23,1189,34279,380,18946,809,15333,0,0,1034,23367,155,5454,1034,28821,California
Placer,2021-01-24,503,34782,259,19205,244,15577,0,0,431,23727,72,5526,432,29253,California
Placer,2021-01-25,1680,36462,809,20014,871,16448,0,0,1387,24822,293,5819,1388,30641,California
Placer,2021-01-26,1860,38322,1035,21049,825,17273,0,0,1595,26152,265,6084,1595,32236,California
Placer,2021-01-27,1843,40165,1157,22206,686,17959,0,0,1599,27510,242,6326,1600,33836,California
Placer,2021-01-28,1808,41973,1119,23325,689,18648,0,0,1559,28822,247,6573,1559,35395,California
Placer,2021-01-29,1898,43871,1172,24497,726,19374,0,0,1706,30339,191,6764,1708,37103,California
Placer,2021-01-30,1727,45598,972,25469,755,20129,0,0,1606,31825,120,6884,1606,38709,California
Placer,2021-01-31,783,46381,626,26095,157,20286,0,0,715,32473,68,6952,716,39425,California
Placer,2021-02-01,2074,48455,1094,27189,980,21266,0,0,1760,33919,314,7266,1760,41185,California
Placer,2021-02-02,2388,50843,1547,28736,841,22107,0,0,1895,35324,490,7756,1895,43080,California
Placer,2021-02-03,2922,53765,1881,30617,1041,23148,0,0,2296,36998,622,8378,2296,45376,California
Placer,2021-02-04,2761,56526,1191,31808,1570,24718,0,0,1936,38114,821,9199,1937,47313,California
Placer,2021-02-05,2734,59260,1215,33023,1519,26237,0,0,1403,38191,1326,10525,1403,48716,California
Placer,2021-02-06,1966,61226,1325,34348,641,26878,0,0,1419,39063,547,11072,1419,50135,California
Placer,2021-02-07,1222,62448,911,35259,311,27189,0,0,938,39718,283,11355,938,51073,California
Placer,2021-02-08,3300,65748,1766,37025,1534,28723,0,0,1943,40312,1350,12705,1944,53017,California
Placer,2021-02-09,3553,69301,2179,39204,1374,30097,0,0,1646,40053,1905,14610,1646,54663,California
Placer,2021-02-10,3767,73068,2205,41409,1562,31659,0,0,1758,39807,2006,16616,1760,56423,California
Placer,2021-02-11,3707,76775,1914,43323,1793,33452,0,0,1576,39266,2118,18734,1577,58000,California
Placer,2021-02-12,2856,79631,1330,44653,1526,34978,0,0,1666,39780,1153,19887,1667,59667,California
Placer,2021-02-13,2531,82162,1474,46127,1057,36035,0,0,1890,41029,641,20528,1890,61557,California
Placer,2021-02-14,1087,83249,679,46806,408,36443,0,0,739,41422,346,20874,739,62296,California
Placer,2021-02-15,2254,85503,1049,47855,1205,37648,0,0,1537,42243,717,21591,1538,63834,California
Placer,2021-02-16,3583,89086,1786,49641,1797,39445,0,0,1592,41854,1982,23573,1593,65427,California
Placer,2021-02-17,3548,92634,1968,51609,1580,41025,0,0,1514,41338,2030,25603,1514,66941,California
Placer,2021-02-18,3803,96437,2053,53662,1750,42775,0,0,1618,40781,2176,27779,1619,68560,California
Placer,2021-02-19,3601,100038,1920,55582,1681,44456,0,0,1339,39864,2257,30036,1340,69900,California
Placer,2021-02-20,2010,102048,1263,56845,747,45203,0,0,917,39697,1087,31123,920,70820,California
Placer,2021-02-21,975,103023,729,57574,246,45449,0,0,279,39284,693,31816,280,71100,California
Placer,2021-02-22,2528,105551,1777,59351,751,46200,0,0,605,37967,1922,33738,605,71705,California
Placer,2021-02-23,2571,108122,1594,60945,977,47177,0,0,885,37167,1685,35423,885,72590,California
Placer,2021-02-24,3299,111421,1182,62127,2117,49294,0,0,1797,37474,1492,36915,1799,74389,California
Placer,2021-02-25,3641,115062,1525,63652,2116,51410,0,0,1970,37783,1663,38578,1972,76361,California
Placer,2021-02-26,4101,119163,2374,66026,1727,53137,0,0,2352,38390,1745,40323,2352,78713,California
Placer,2021-02-27,2823,121986,1496,67522,1327,54464,0,0,1446,38468,1371,41694,1449,80162,California
Placer,2021-02-28,1405,123391,799,68321,606,55070,0,0,588,38244,812,42506,588,80750,California
Placer,2021-03-01,3007,126398,1993,70314,1014,56084,0,0,1561,38364,1441,43947,1561,82311,California
Placer,2021-03-02,2889,129287,1780,72094,1109,57193,0,0,1890,39260,994,44941,1890,84201,California
Placer,2021-03-03,3334,132621,1430,73524,1904,59097,0,0,1819,39571,1509,46450,1820,86021,California
Placer,2021-03-04,3638,136259,1461,74985,2177,61274,0,0,1899,39744,1727,48177,1900,87921,California
Placer,2021-03-05,3016,139275,1039,76024,1956,63230,21,21,1813,40378,1200,49377,1834,89755,California
Placer,2021-03-06,2442,141717,1510,77534,836,64066,96,117,940,39921,1493,50870,1036,90791,California
Placer,2021-03-07,1307,143024,759,78293,510,64576,38,155,537,39729,767,51637,575,91366,California
Placer,2021-03-08,2917,145941,1832,80125,972,65548,113,268,1652,40231,1263,52900,1765,93131,California
Placer,2021-03-09,3193,149134,1696,81821,1405,66953,92,360,1827,40787,1363,54263,1919,95050,California
Placer,2021-03-10,3306,152440,1336,83157,1863,68816,107,467,1722,41037,1579,55842,1829,96879,California
Placer,2021-03-11,3653,156093,1656,84813,1871,70687,126,593,1754,41031,1889,57731,1883,98762,California
Placer,2021-03-12,3691,159784,1494,86307,1415,72102,782,1375,1262,40654,2423,60154,2046,100808,California
Placer,2021-03-13,2122,161906,746,87053,1256,73358,120,1495,1121,40899,998,61152,1243,102051,California
Placer,2021-03-14,1649,163555,678,87731,822,74180,149,1644,900,41199,749,61901,1049,103100,California
Placer,2021-03-15,3190,166745,1539,89270,1519,75699,132,1776,1767,41678,1421,63322,1900,105000,California
Placer,2021-03-16,3575,170320,1920,91190,1521,77220,134,1910,2287,42822,1277,64599,2421,107421,California
Placer,2021-03-17,3456,173776,1745,92935,1607,78827,104,2014,2227,43928,1226,65825,2332,109753,California
Placer,2021-03-18,4100,177876,2328,95263,1733,80560,39,2053,2866,45605,1227,67052,2904,112657,California
Placer,2021-03-19,3448,181324,2074,97337,1110,81670,264,2317,2200,46828,1240,68292,2463,115120,California
Placer,2021-03-20,2148,183472,901,98238,1150,82820,97,2414,1306,47393,837,69129,1402,116522,California
Placer,2021-03-21,1259,184731,578,98816,671,83491,10,2424,949,48045,307,69436,959,117481,California
Placer,2021-03-22,3275,188006,2107,100923,1078,84569,90,2514,2188,49240,1083,70519,2278,119759,California
Placer,2021-03-23,3534,191540,2103,103026,1340,85909,91,2605,2521,50845,1008,71527,2613,122372,California
Placer,2021-03-24,3795,195335,2002,105028,1696,87605,97,2702,1950,51070,1823,73350,2048,124420,California
Placer,2021-03-25,3856,199191,1865,106893,1893,89498,98,2800,1789,50900,2056,75406,1886,126306,California
Placer,2021-03-26,3779,202970,1673,108566,1875,91373,231,3031,1589,50545,2175,77581,1820,128126,California
Placer,2021-03-27,1594,204564,472,109038,1103,92476,19,3050,648,50273,939,78520,667,128793,California
Placer,2021-03-28,1111,205675,531,109569,570,93046,10,3060,365,49907,741,79261,375,129168,California
Placer,2021-03-29,3581,209256,2000,111569,1547,94593,34,3094,1737,49848,1835,81096,1776,130944,California
Placer,2021-03-30,3976,213232,2096,113665,1837,96430,43,3137,2083,50094,1879,82975,2125,133069,California
Placer,2021-03-31,4099,217331,1832,115497,2192,98622,75,3212,1692,49460,2400,85375,1766,134835,California
Placer,2021-04-01,2987,220318,1438,116935,1502,100124,47,3259,1664,49851,1320,86695,1711,136546,California
Placer,2021-04-02,2855,223173,1463,118398,1328,101452,64,3323,1600,50266,1248,87943,1663,138209,California
Placer,2021-04-03,1857,225030,989,119387,739,102191,129,3452,890,50326,959,88902,1019,139228,California
Placer,2021-04-04,712,225742,362,119749,297,102488,53,3505,284,50239,424,89326,337,139565,California
Placer,2021-04-05,3012,228754,1904,121653,924,103412,184,3689,1752,50922,1254,90580,1937,141502,California
Placer,2021-04-06,4299,233053,2482,124135,1515,104927,302,3991,1528,49989,2764,93344,1831,143333,California
Placer,2021-04-07,4546,237599,2593,126728,1492,106419,461,4452,2072,50056,2468,95812,2535,145868,California
Placer,2021-04-08,4723,242322,2607,129335,1570,107989,546,4998,1581,49068,3130,98942,2142,148010,California
Placer,2021-04-09,4138,246460,2278,131613,1239,109228,621,5619,1240,48048,2890,101832,1870,149880,California
Placer,2021-04-10,2028,248488,881,132494,963,110191,184,5803,866,47938,1159,102991,1049,150929,California
Placer,2021-04-11,1357,249845,533,133027,791,110982,33,5836,456,47529,897,103888,488,151417,California
Placer,2021-04-12,4099,253944,2647,135674,1072,112054,380,6216,2463,48743,1627,105515,2841,154258,California
Placer,2021-04-13,4345,258289,2994,138668,1350,113404,1,6217,2189,48782,2152,107667,2191,156449,California
Placer,2021-04-14,4136,262425,2570,141238,1565,114969,1,6218,1847,48351,2279,109946,1848,158297,California
Placer,2021-04-15,4493,266918,2507,143745,1985,116954,1,6219,2346,48561,2137,112083,2347,160644,California
Placer,2021-04-16,3684,270602,2191,145936,1493,118447,0,6219,1439,47761,2239,114322,1439,162083,California
Placer,2021-04-17,2429,273031,843,146779,1586,120033,0,6219,1520,48377,904,115226,1520,163603,California
Placer,2021-04-18,1183,274214,255,147034,928,120961,0,6219,409,48014,772,115998,409,164012,California
Placer,2021-04-19,2941,277155,1810,148844,1131,122092,0,6219,1171,47419,1767,117765,1172,165184,California
Placer,2021-04-20,3798,280953,2465,151309,1333,123425,0,6219,2422,48473,1368,119133,2422,167606,California
Placer,2021-04-21,3664,284617,2402,153711,1261,124686,1,6220,2389,49591,1272,120405,2390,169996,California
Placer,2021-04-22,3660,288277,2262,155973,1398,126084,0,6220,1742,49419,1914,122319,1742,171738,California
Placer,2021-04-23,3513,291790,2329,158302,1183,127267,1,6221,1374,48662,2132,124451,1375,173113,California
Placer,2021-04-24,2087,293877,1267,159569,819,128086,1,6222,1223,49029,856,125307,1223,174336,California
Placer,2021-04-25,910,294787,501,160070,409,128495,0,6222,562,49243,348,125655,562,174898,California
Placer,2021-04-26,2354,297141,1248,161318,1083,129578,23,6245,1155,49231,1189,126844,1177,176075,California
Placer,2021-04-27,2645,299786,1377,162695,1233,130811,35,6280,1526,49678,1115,127959,1562,177637,California
Placer,2021-04-28,2919,302705,1811,164506,1071,131882,37,6317,1521,49847,1389,129348,1558,179195,California
Placer,2021-04-29,3262,305967,2071,166577,1138,133020,53,6370,1310,49264,1946,131294,1363,180558,California
Placer,2021-04-30,2987,308954,1804,168381,1134,134154,49,6419,1191,48714,1790,133084,1240,181798,California
Placer,2021-05-01,1334,310288,936,169317,374,134528,24,6443,611,48631,717,133801,634,182432,California
Placer,2021-05-02,735,311023,572,169889,141,134669,22,6465,332,48584,401,134202,354,182786,California
Placer,2021-05-03,1610,312633,992,170881,552,135221,66,6531,438,47919,1168,135370,503,183289,California
Placer,2021-05-04,2297,314930,1296,172177,834,136055,167,6698,862,47519,1429,136799,1029,184318,California
Placer,2021-05-05,3670,318600,2476,174653,1088,137143,106,6804,970,45901,2694,139493,1076,185394,California
Placer,2021-05-06,3092,321692,1893,176546,1123,138266,76,6880,812,44535,2254,141747,888,186282,California
Placer,2021-05-07,2805,324497,1887,178433,826,139092,92,6972,787,43406,2008,143755,879,187161,California
Placer,2021-05-08,1330,325827,706,179139,582,139674,42,7014,391,42900,937,144692,431,187592,California
Placer,2021-05-09,439,326266,202,179341,216,139890,21,7035,217,42915,222,144914,237,187829,California
Placer,2021-05-10,1930,328196,1031,180372,802,140692,97,7132,434,41954,1492,146406,531,188360,California
Placer,2021-05-11,2823,331019,2034,182406,685,141377,104,7236,584,40413,2229,148635,688,189048,California
Placer,2021-05-12,2774,333793,1925,184331,801,142178,48,7284,659,39013,2108,150743,708,189756,California
Placer,2021-05-13,2701,336494,1748,186079,905,143083,48,7332,955,38270,1744,152487,1001,190757,California
Placer,2021-05-14,2746,339240,1809,187888,807,143890,130,7462,1336,38335,1398,153885,1463,192220,California
Placer,2021-05-15,2054,341294,1347,189235,684,144574,23,7485,908,38126,1140,155025,931,193151,California
Placer,2021-05-16,1005,342299,521,189756,465,145039,19,7504,339,37820,664,155689,358,193509,California
Placer,2021-05-17,2334,344633,1552,191308,715,145754,67,7571,1031,37620,1298,156987,1098,194607,California
Placer,2021-05-18,2484,347117,1661,192969,743,146497,80,7651,1127,37474,1352,158339,1206,195813,California
Placer,2021-05-19,2503,349620,1584,194553,874,147371,45,7696,929,36879,1569,159908,974,196787,California
Placer,2021-05-20,2255,351875,1487,196040,735,148106,33,7729,858,36377,1391,161299,889,197676,California
Placer,2021-05-21,2170,354045,1371,197411,661,148767,138,7867,957,36265,1205,162504,1093,198769,California
Placer,2021-05-22,1378,355423,962,198373,379,149146,37,7904,691,36310,683,163187,728,199497,California
Placer,2021-05-23,371,355794,223,198596,134,149280,14,7918,206,36367,163,163350,220,199717,California
Placer,2021-05-24,1463,357257,734,199330,613,149893,116,8034,467,35959,991,164341,583,200300,California
Placer,2021-05-25,1781,359038,944,200274,737,150630,100,8134,660,35603,1116,165457,760,201060,California
Placer,2021-05-26,1524,360562,877,201151,615,151245,32,8166,590,35297,929,166386,623,201683,California
Placer,2021-05-27,1421,361983,713,201864,669,151914,39,8205,643,35209,770,167156,682,202365,California
Placer,2021-05-28,1611,363594,815,202679,712,152626,84,8289,672,35030,935,168091,756,203121,California
Placer,2021-05-29,703,364297,388,203067,290,152916,25,8314,349,35053,351,168442,374,203495,California
Placer,2021-05-30,294,364591,195,203262,88,153004,11,8325,175,35121,118,168560,186,203681,California
Placer,2021-05-31,136,364727,70,203332,53,153057,13,8338,32,35062,104,168664,45,203726,California
Placer,2021-06-01,805,365532,400,203732,361,153418,44,8382,222,34745,583,169247,266,203992,California
Plumas,2020-12-18,4,4,4,4,0,0,0,0,4,4,0,0,4,4,California
Plumas,2020-12-19,1,5,1,5,0,0,0,0,1,5,0,0,1,5,California
Plumas,2020-12-21,45,50,45,50,0,0,0,0,45,50,0,0,45,50,California
Plumas,2020-12-22,93,143,93,143,0,0,0,0,93,143,0,0,93,143,California
Plumas,2020-12-23,50,193,50,193,0,0,0,0,50,193,0,0,50,193,California
Plumas,2020-12-24,6,199,6,199,0,0,0,0,6,199,0,0,6,199,California
Plumas,2020-12-28,8,207,0,199,8,8,0,0,8,207,0,0,8,207,California
Plumas,2020-12-29,32,239,22,221,10,18,0,0,32,239,0,0,32,239,California
Plumas,2020-12-30,23,262,1,222,22,40,0,0,23,262,0,0,23,262,California
Plumas,2020-12-31,4,266,1,223,3,43,0,0,4,266,0,0,4,266,California
Plumas,2021-01-04,10,276,4,227,6,49,0,0,10,276,0,0,10,276,California
Plumas,2021-01-05,22,298,2,229,20,69,0,0,22,298,0,0,22,298,California
Plumas,2021-01-06,123,421,5,234,118,187,0,0,123,421,0,0,123,421,California
Plumas,2021-01-07,53,474,2,236,51,238,0,0,52,472,1,1,52,473,California
Plumas,2021-01-08,12,486,5,241,7,245,0,0,8,476,4,5,8,481,California
Plumas,2021-01-09,2,488,2,243,0,245,0,0,1,476,1,6,1,482,California
Plumas,2021-01-11,58,546,50,293,8,253,0,0,11,440,47,53,11,493,California
Plumas,2021-01-12,156,702,87,380,69,322,0,0,71,426,85,138,71,564,California
Plumas,2021-01-13,56,758,50,430,6,328,0,0,10,390,46,184,10,574,California
Plumas,2021-01-14,98,856,14,444,84,412,0,0,93,478,5,189,93,667,California
Plumas,2021-01-15,63,919,7,451,56,468,0,0,61,537,2,191,61,728,California
Plumas,2021-01-16,58,977,1,452,57,525,0,0,58,595,0,191,58,786,California
Plumas,2021-01-18,2,979,1,453,1,526,0,0,2,597,0,191,2,788,California
Plumas,2021-01-19,36,1015,5,458,31,557,0,0,32,625,4,195,32,820,California
Plumas,2021-01-20,121,1136,3,461,118,675,0,0,119,742,2,197,119,939,California
Plumas,2021-01-21,112,1248,2,463,110,785,0,0,112,854,0,197,112,1051,California
Plumas,2021-01-22,5,1253,1,464,4,789,0,0,5,859,0,197,5,1056,California
Plumas,2021-01-23,93,1346,2,466,91,880,0,0,93,952,0,197,93,1149,California
Plumas,2021-01-24,1,1347,1,467,0,880,0,0,1,953,0,197,1,1150,California
Plumas,2021-01-25,10,1357,7,474,3,883,0,0,7,957,3,200,7,1157,California
Plumas,2021-01-26,60,1417,2,476,58,941,0,0,52,1001,8,208,52,1209,California
Plumas,2021-01-27,25,1442,20,496,5,946,0,0,5,986,20,228,5,1214,California
Plumas,2021-01-28,23,1465,0,496,23,969,0,0,21,1005,2,230,21,1235,California
Plumas,2021-01-29,8,1473,2,498,6,975,0,0,7,1011,1,231,7,1242,California
Plumas,2021-01-30,8,1481,4,502,4,979,0,0,7,1017,1,232,7,1249,California
Plumas,2021-01-31,3,1484,3,505,0,979,0,0,3,1020,0,232,3,1252,California
Plumas,2021-02-01,16,1500,2,507,14,993,0,0,8,1020,8,240,8,1260,California
Plumas,2021-02-02,21,1521,2,509,19,1012,0,0,2,1003,19,259,2,1262,California
Plumas,2021-02-03,128,1649,8,517,120,1132,0,0,13,902,114,373,13,1275,California
Plumas,2021-02-04,102,1751,8,525,94,1226,0,0,23,846,79,452,23,1298,California
Plumas,2021-02-05,24,1775,11,536,13,1239,0,0,9,840,15,467,9,1307,California
Plumas,2021-02-06,7,1782,0,536,7,1246,0,0,7,847,0,467,7,1314,California
Plumas,2021-02-08,15,1797,6,542,9,1255,0,0,3,838,12,479,3,1317,California
Plumas,2021-02-09,172,1969,2,544,170,1425,0,0,112,890,60,539,112,1429,California
Plumas,2021-02-10,91,2060,9,553,82,1507,0,0,82,964,9,548,83,1512,California
Plumas,2021-02-11,323,2383,7,560,316,1823,0,0,263,1167,60,608,263,1775,California
Plumas,2021-02-12,124,2507,4,564,120,1943,0,0,118,1279,6,614,118,1893,California
Plumas,2021-02-13,75,2582,5,569,70,2013,0,0,15,1234,60,674,15,1908,California
Plumas,2021-02-14,8,2590,5,574,3,2016,0,0,8,1242,0,674,8,1916,California
Plumas,2021-02-15,26,2616,5,579,21,2037,0,0,23,1262,3,677,23,1939,California
Plumas,2021-02-16,77,2693,4,583,73,2110,0,0,14,1213,63,740,14,1953,California
Plumas,2021-02-17,136,2829,5,588,131,2241,0,0,12,1101,124,864,12,1965,California
Plumas,2021-02-18,129,2958,6,594,123,2364,0,0,20,1013,109,973,21,1986,California
Plumas,2021-02-19,42,3000,5,599,37,2401,0,0,7,985,35,1008,7,1993,California
Plumas,2021-02-20,105,3105,7,606,98,2499,0,0,13,906,92,1100,13,2006,California
Plumas,2021-02-21,6,3111,5,611,1,2500,0,0,2,904,4,1104,2,2008,California
Plumas,2021-02-22,3,3114,1,612,2,2502,0,0,0,901,3,1107,0,2008,California
Plumas,2021-02-23,25,3139,5,617,20,2522,0,0,17,910,8,1115,17,2025,California
Plumas,2021-02-24,458,3597,7,624,451,2973,0,0,445,1342,13,1128,445,2470,California
Plumas,2021-02-25,230,3827,10,634,220,3193,0,0,169,1450,61,1189,169,2639,California
Plumas,2021-02-26,267,4094,8,642,259,3452,0,0,259,1702,8,1197,260,2899,California
Plumas,2021-02-27,40,4134,4,646,36,3488,0,0,33,1728,7,1204,33,2932,California
Plumas,2021-02-28,1,4135,0,646,1,3489,0,0,1,1729,0,1204,1,2933,California
Plumas,2021-03-01,14,4149,3,649,11,3500,0,0,8,1732,5,1209,8,2941,California
Plumas,2021-03-02,10,4159,1,650,9,3509,0,0,7,1736,3,1212,7,2948,California
Plumas,2021-03-03,152,4311,8,658,144,3653,0,0,137,1858,15,1227,137,3085,California
Plumas,2021-03-04,252,4563,9,667,243,3896,0,0,230,2066,22,1249,230,3315,California
Plumas,2021-03-05,400,4963,7,674,388,4284,5,5,389,2449,11,1260,394,3709,California
Plumas,2021-03-06,19,4982,2,676,9,4293,8,13,3,2444,16,1276,11,3720,California
Plumas,2021-03-07,14,4996,3,679,2,4295,9,22,4,2447,10,1286,13,3733,California
Plumas,2021-03-08,29,5025,3,682,2,4297,24,46,3,2448,26,1312,27,3760,California
Plumas,2021-03-09,133,5158,2,684,116,4413,15,61,18,2366,115,1427,33,3793,California
Plumas,2021-03-10,255,5413,3,687,239,4652,13,74,107,2339,147,1574,120,3913,California
Plumas,2021-03-11,179,5592,8,695,166,4818,5,79,144,2453,35,1609,149,4062,California
Plumas,2021-03-12,594,6186,4,699,303,5121,287,366,23,2192,571,2180,310,4372,California
Plumas,2021-03-13,25,6211,4,703,10,5131,11,377,4,2186,21,2201,15,4387,California
Plumas,2021-03-14,12,6223,3,706,4,5135,5,382,1,2182,10,2211,6,4393,California
Plumas,2021-03-15,30,6253,0,706,23,5158,7,389,5,2169,25,2236,12,4405,California
Plumas,2021-03-16,60,6313,3,709,56,5214,1,390,49,2208,11,2247,50,4455,California
Plumas,2021-03-17,73,6386,9,718,63,5277,1,391,58,2253,14,2261,59,4514,California
Plumas,2021-03-18,61,6447,6,724,39,5316,16,407,12,2232,49,2310,28,4542,California
Plumas,2021-03-19,164,6611,6,730,156,5472,2,409,155,2383,7,2317,158,4700,California
Plumas,2021-03-20,695,7306,4,734,690,6162,1,410,674,3039,19,2336,675,5375,California
Plumas,2021-03-21,2,7308,1,735,1,6163,0,410,1,3040,0,2336,1,5376,California
Plumas,2021-03-22,182,7490,2,737,180,6343,0,410,175,3208,7,2343,175,5551,California
Plumas,2021-03-23,27,7517,2,739,25,6368,0,410,13,3207,14,2357,13,5564,California
Plumas,2021-03-24,655,8172,6,745,648,7016,1,411,224,3002,430,2787,225,5789,California
Plumas,2021-03-25,303,8475,7,752,294,7310,2,413,159,3017,144,2931,159,5948,California
Plumas,2021-03-26,315,8790,9,761,306,7616,0,413,46,2795,268,3199,46,5994,California
Plumas,2021-03-27,13,8803,1,762,11,7627,1,414,3,2789,10,3209,4,5998,California
Plumas,2021-03-28,6,8809,4,766,1,7628,1,415,3,2790,3,3212,4,6002,California
Plumas,2021-03-29,12,8821,4,770,7,7635,1,416,4,2787,8,3220,5,6007,California
Plumas,2021-03-30,155,8976,3,773,151,7786,1,417,25,2683,130,3350,26,6033,California
Plumas,2021-03-31,289,9265,3,776,285,8071,1,418,268,2931,21,3371,269,6302,California
Plumas,2021-04-01,298,9563,10,786,287,8358,1,419,60,2755,236,3607,60,6362,California
Plumas,2021-04-02,375,9938,4,790,370,8728,1,420,29,2450,335,3942,30,6392,California
Plumas,2021-04-03,16,9954,3,793,5,8733,8,428,4,2450,12,3954,12,6404,California
Plumas,2021-04-04,3,9957,1,794,1,8734,1,429,0,2448,3,3957,1,6405,California
Plumas,2021-04-05,11,9968,4,798,6,8740,1,430,4,2446,7,3964,5,6410,California
Plumas,2021-04-06,121,10089,6,804,89,8829,26,456,14,2379,107,4071,40,6450,California
Plumas,2021-04-07,282,10371,7,811,99,8928,176,632,28,2329,254,4325,204,6654,California
Plumas,2021-04-08,150,10521,3,814,132,9060,15,647,34,2262,115,4440,48,6702,California
Plumas,2021-04-09,52,10573,10,824,25,9085,17,664,19,2264,33,4473,35,6737,California
Plumas,2021-04-10,24,10597,2,826,5,9090,17,681,5,2267,19,4492,22,6759,California
Plumas,2021-04-11,3,10600,2,828,0,9090,1,682,2,2269,1,4493,3,6762,California
Plumas,2021-04-12,11,10611,5,833,3,9093,3,685,7,2275,4,4497,10,6772,California
Plumas,2021-04-13,207,10818,5,838,202,9295,0,685,139,2346,68,4565,139,6911,California
Plumas,2021-04-14,109,10927,8,846,101,9396,0,685,55,2347,54,4619,55,6966,California
Plumas,2021-04-15,50,10977,2,848,48,9444,0,685,32,2361,18,4637,32,6998,California
Plumas,2021-04-16,142,11119,2,850,140,9584,0,685,2,2223,140,4777,2,7000,California
Plumas,2021-04-17,668,11787,2,852,666,10250,0,685,20,1597,646,5423,20,7020,California
Plumas,2021-04-18,4,11791,3,855,1,10251,0,685,1,1595,3,5426,1,7021,California
Plumas,2021-04-19,38,11829,3,858,35,10286,0,685,5,1567,33,5459,5,7026,California
Plumas,2021-04-20,42,11871,5,863,37,10323,0,685,26,1578,15,5474,26,7052,California
Plumas,2021-04-21,310,12181,5,868,304,10627,1,686,17,1302,293,5767,17,7069,California
Plumas,2021-04-22,273,12454,7,875,266,10893,0,686,130,1289,143,5910,130,7199,California
Plumas,2021-04-23,72,12526,5,880,67,10960,0,686,16,1249,56,5966,16,7215,California
Plumas,2021-04-24,172,12698,5,885,167,11127,0,686,146,1370,25,5991,146,7361,California
Plumas,2021-04-26,29,12727,4,889,25,11152,0,686,8,1358,20,6011,8,7369,California
Plumas,2021-04-27,88,12815,3,892,85,11237,0,686,51,1372,37,6048,51,7420,California
Plumas,2021-04-28,284,13099,4,896,280,11517,0,686,38,1165,245,6293,38,7458,California
Plumas,2021-04-29,172,13271,69,965,103,11620,0,686,118,1229,54,6347,118,7576,California
Plumas,2021-04-30,23,13294,11,976,12,11632,0,686,7,1220,16,6363,7,7583,California
Plumas,2021-05-01,3,13297,1,977,1,11633,1,687,0,1219,2,6365,1,7584,California
Plumas,2021-05-02,2,13299,2,979,0,11633,0,687,1,1219,1,6366,1,7585,California
Plumas,2021-05-03,18,13317,7,986,5,11638,6,693,6,1220,11,6377,12,7597,California
Plumas,2021-05-04,29,13346,3,989,20,11658,6,699,16,1230,12,6389,22,7619,California
Plumas,2021-05-05,49,13395,6,995,42,11700,1,700,22,1226,27,6416,23,7642,California
Plumas,2021-05-06,56,13451,2,997,49,11749,5,705,15,1205,41,6457,20,7662,California
Plumas,2021-05-07,22,13473,5,1002,16,11765,1,706,8,1200,14,6471,9,7671,California
Plumas,2021-05-08,6,13479,0,1002,4,11769,2,708,4,1204,2,6473,6,7677,California
Plumas,2021-05-10,50,13529,1,1003,26,11795,23,731,22,1221,28,6501,45,7722,California
Plumas,2021-05-11,163,13692,3,1006,141,11936,19,750,14,1105,149,6650,33,7755,California
Plumas,2021-05-12,98,13790,2,1008,89,12025,7,757,37,1089,60,6710,44,7799,California
Plumas,2021-05-13,35,13825,4,1012,29,12054,2,759,13,1082,22,6732,15,7814,California
Plumas,2021-05-14,19,13844,3,1015,11,12065,5,764,9,1086,10,6742,14,7828,California
Plumas,2021-05-15,10,13854,4,1019,4,12069,2,766,4,1086,6,6748,6,7834,California
Plumas,2021-05-16,2,13856,1,1020,1,12070,0,766,1,1086,1,6749,1,7835,California
Plumas,2021-05-17,13,13869,0,1020,4,12074,9,775,4,1090,9,6758,13,7848,California
Plumas,2021-05-18,42,13911,7,1027,34,12108,1,776,22,1093,20,6778,23,7871,California
Plumas,2021-05-19,45,13956,3,1030,28,12136,14,790,11,1085,34,6812,26,7897,California
Plumas,2021-05-20,189,14145,133,1163,45,12181,11,801,78,1063,111,6923,89,7986,California
Plumas,2021-05-21,28,14173,8,1171,15,12196,5,806,15,1070,13,6936,20,8006,California
Plumas,2021-05-22,136,14309,1,1172,135,12331,0,806,5,945,130,7066,5,8011,California
Plumas,2021-05-23,2,14311,2,1174,0,12331,0,806,1,945,1,7067,1,8012,California
Plumas,2021-05-24,52,14363,39,1213,12,12343,1,807,42,978,10,7077,43,8055,California
Plumas,2021-05-25,63,14426,4,1217,58,12401,1,808,16,948,47,7124,17,8072,California
Plumas,2021-05-26,38,14464,5,1222,26,12427,7,815,16,949,22,7146,23,8095,California
Plumas,2021-05-27,100,14564,28,1250,62,12489,10,825,43,947,56,7202,54,8149,California
Plumas,2021-05-28,37,14601,11,1261,25,12514,1,826,19,949,18,7220,20,8169,California
Plumas,2021-05-29,10,14611,1,1262,9,12523,0,826,7,954,3,7223,8,8177,California
Plumas,2021-05-31,5,14616,0,1262,2,12525,3,829,0,953,4,7227,3,8180,California
Plumas,2021-06-01,12,14628,5,1267,5,12530,2,831,5,953,7,7234,7,8187,California
Riverside,2020-12-15,5,5,5,5,0,0,0,0,5,5,0,0,5,5,California
Riverside,2020-12-16,69,74,69,74,0,0,0,0,69,74,0,0,69,74,California
Riverside,2020-12-17,811,885,811,885,0,0,0,0,811,885,0,0,811,885,California
Riverside,2020-12-18,1729,2614,1728,2613,1,1,0,0,1729,2614,0,0,1729,2614,California
Riverside,2020-12-19,1027,3641,1024,3637,3,4,0,0,1025,3638,1,1,1025,3639,California
Riverside,2020-12-20,1084,4725,1083,4720,1,5,0,0,1084,4722,0,1,1084,4723,California
Riverside,2020-12-21,2278,7003,2276,6996,2,7,0,0,2278,7000,0,1,2278,7001,California
Riverside,2020-12-22,2260,9263,2221,9217,39,46,0,0,2259,9259,0,1,2259,9260,California
Riverside,2020-12-23,2150,11413,1808,11025,342,388,0,0,2151,11410,0,1,2151,11411,California
Riverside,2020-12-24,828,12241,626,11651,202,590,0,0,828,12238,0,1,828,12239,California
Riverside,2020-12-25,28,12269,5,11656,23,613,0,0,28,12266,0,1,28,12267,California
Riverside,2020-12-26,404,12673,257,11913,147,760,0,0,404,12670,0,1,404,12671,California
Riverside,2020-12-27,367,13040,245,12158,122,882,0,0,367,13037,0,1,367,13038,California
Riverside,2020-12-28,1635,14675,1130,13288,505,1387,0,0,1636,14673,0,1,1636,14674,California
Riverside,2020-12-29,1735,16410,968,14256,767,2154,0,0,1735,16408,0,1,1735,16409,California
Riverside,2020-12-30,2574,18984,1679,15935,895,3049,0,0,2573,18981,0,1,2573,18982,California
Riverside,2020-12-31,1022,20006,395,16330,627,3676,0,0,1024,20005,0,1,1024,20006,California
Riverside,2021-01-01,118,20124,46,16376,72,3748,0,0,118,20123,0,1,118,20124,California
Riverside,2021-01-02,833,20957,693,17069,140,3888,0,0,833,20956,0,1,833,20957,California
Riverside,2021-01-03,344,21301,299,17368,45,3933,0,0,343,21299,0,1,343,21300,California
Riverside,2021-01-04,1264,22565,794,18162,470,4403,0,0,1264,22563,0,1,1264,22564,California
Riverside,2021-01-05,1988,24553,1367,19529,621,5024,0,0,1892,24365,90,91,1892,24456,California
Riverside,2021-01-06,2502,27055,1120,20649,1382,6406,0,0,2192,26251,306,397,2192,26648,California
Riverside,2021-01-07,2779,29834,1825,22474,954,7360,0,0,1714,26907,1060,1457,1716,28364,California
Riverside,2021-01-08,4057,33891,2931,25405,1126,8486,0,0,2244,27342,1809,3266,2244,30608,California
Riverside,2021-01-09,2077,35968,846,26251,1231,9717,0,0,1727,28720,349,3615,1727,32335,California
Riverside,2021-01-10,1669,37637,740,26991,929,10646,0,0,1065,29181,604,4219,1065,33400,California
Riverside,2021-01-11,4523,42160,3098,30089,1425,12071,0,0,2786,30233,1735,5954,2787,36187,California
Riverside,2021-01-12,3420,45580,2740,32829,680,12751,0,0,1726,30270,1689,7643,1726,37913,California
Riverside,2021-01-13,4458,50038,2937,35766,1521,14272,0,0,2847,31509,1608,9251,2847,40760,California
Riverside,2021-01-14,5518,55556,1913,37679,3605,17877,0,0,4928,35848,589,9840,4928,45688,California
Riverside,2021-01-15,6095,61651,2023,39702,4072,21949,0,0,5806,41366,288,10128,5806,51494,California
Riverside,2021-01-16,3613,65264,1017,40719,2596,24545,0,0,3367,44488,246,10374,3368,54862,California
Riverside,2021-01-17,3597,68861,585,41304,3012,27557,0,0,3400,47693,195,10569,3400,58262,California
Riverside,2021-01-18,3749,72610,2040,43344,1709,29266,0,0,2741,49426,1008,11577,2741,61003,California
Riverside,2021-01-19,7419,80029,2647,45991,4772,34038,0,0,6299,54606,1120,12697,6300,67303,California
Riverside,2021-01-20,8219,88248,3132,49123,5087,39125,0,0,6560,59523,1647,14344,6564,73867,California
Riverside,2021-01-21,8354,96602,3508,52631,4846,43971,0,0,7702,66573,653,14997,7703,81570,California
Riverside,2021-01-22,8717,105319,2966,55597,5751,49722,0,0,8287,74433,428,15425,8288,89858,California
Riverside,2021-01-23,5898,111217,2362,57959,3536,53258,0,0,5178,78892,720,16145,5179,95037,California
Riverside,2021-01-24,3038,114255,1433,59392,1605,54863,0,0,2823,81503,213,16358,2824,97861,California
Riverside,2021-01-25,7879,122134,4530,63922,3349,58212,0,0,6759,87144,1119,17477,6760,104621,California
Riverside,2021-01-26,9144,131278,5717,69639,3427,61639,0,0,7634,93272,1507,18984,7635,112256,California
Riverside,2021-01-27,10929,142207,6395,76034,4534,66173,0,0,9313,100976,1612,20596,9316,121572,California
Riverside,2021-01-28,11504,153711,6788,82822,4716,70889,0,0,10339,110159,1157,21753,10340,131912,California
Riverside,2021-01-29,11940,165651,7283,90105,4657,75546,0,0,10566,119381,1348,23101,10570,142482,California
Riverside,2021-01-30,9062,174713,4612,94717,4450,79996,0,0,8598,127519,461,23562,8599,151081,California
Riverside,2021-01-31,5166,179879,4253,98970,913,80909,0,0,5036,132430,129,23691,5040,156121,California
Riverside,2021-02-01,10970,190849,6784,105754,4186,85095,0,0,9121,139712,1842,25533,9124,165245,California
Riverside,2021-02-02,9478,200327,4815,110569,4663,89758,0,0,8010,146265,1460,26993,8013,173258,California
Riverside,2021-02-03,12181,212508,5143,115712,7038,96796,0,0,9814,153722,2357,29350,9814,183072,California
Riverside,2021-02-04,13510,226018,5999,121711,7511,104307,0,0,11435,163094,2066,31416,11438,194510,California
Riverside,2021-02-05,14354,240372,5408,127119,8946,113253,0,0,11289,171329,3058,34474,11293,205803,California
Riverside,2021-02-06,7238,247610,4264,131383,2974,116227,0,0,5598,175297,1633,36107,5601,211404,California
Riverside,2021-02-07,2167,249777,798,132181,1369,117596,0,0,1848,176829,317,36424,1849,213253,California
Riverside,2021-02-08,12480,262257,5555,137736,6925,124521,0,0,10173,184714,2292,38716,10177,223430,California
Riverside,2021-02-09,9650,271907,4522,142258,5128,129649,0,0,7700,190478,1941,40657,7705,231135,California
Riverside,2021-02-10,12076,283983,6972,149230,5104,134753,0,0,8904,196229,3161,43818,8912,240047,California
Riverside,2021-02-11,16611,300594,9054,158284,7557,142310,0,0,12090,203835,4499,48317,12105,252152,California
Riverside,2021-02-12,17687,318281,10805,169089,6882,149192,0,0,12800,211804,4843,53160,12812,264964,California
Riverside,2021-02-13,6328,324609,2127,171216,4201,153393,0,0,3106,211725,3206,56366,3127,268091,California
Riverside,2021-02-14,4923,329532,1116,172332,3807,157200,0,0,2178,211162,2741,59107,2178,270269,California
Riverside,2021-02-15,9829,339361,5006,177338,4823,162023,0,0,5405,212159,4415,63522,5412,275681,California
Riverside,2021-02-16,16118,355479,10110,187448,6008,168031,0,0,9251,214559,6859,70381,9259,284940,California
Riverside,2021-02-17,15035,370514,8212,195660,6823,174854,0,0,7449,214445,7573,77954,7459,292399,California
Riverside,2021-02-18,15548,386062,8986,204646,6562,181416,0,0,8020,214973,7506,85460,8034,300433,California
Riverside,2021-02-19,15299,401361,8224,212870,7075,188491,0,0,7223,214147,8057,93517,7231,307664,California
Riverside,2021-02-20,8314,409675,4497,217367,3817,192308,0,0,2167,210187,6130,99647,2170,309834,California
Riverside,2021-02-21,4399,414074,3877,221244,522,192830,0,0,1233,208270,3151,102798,1234,311068,California
Riverside,2021-02-22,12381,426455,7774,229018,4607,197437,0,0,5115,206143,7250,110048,5123,316191,California
Riverside,2021-02-23,11124,437579,7578,236596,3546,200983,0,0,5402,205855,5694,115742,5406,321597,California
Riverside,2021-02-24,14813,452392,8103,244699,6710,207693,0,0,6299,203695,8476,124218,6316,327913,California
Riverside,2021-02-25,17366,469758,7405,252104,9961,217654,0,0,8069,202516,9273,133491,8094,336007,California
Riverside,2021-02-26,18647,488405,6737,258841,11910,229564,0,0,9311,202583,9278,142769,9345,345352,California
Riverside,2021-02-27,12088,500493,5612,264453,6476,236040,0,0,5766,202087,6289,149058,5793,351145,California
Riverside,2021-02-28,4887,505380,3223,267676,1664,237704,0,0,2409,202038,2465,151523,2416,353561,California
Riverside,2021-03-01,14373,519753,6111,273787,8260,245964,2,2,8463,204659,5872,157395,8493,362054,California
Riverside,2021-03-02,15384,535137,7518,281305,7865,253829,1,3,9024,207374,6337,163732,9052,371106,California
Riverside,2021-03-03,16933,552070,8390,289695,8543,262372,0,3,7321,205266,9561,173293,7453,378559,California
Riverside,2021-03-04,18765,570835,7468,297163,11292,273664,5,8,8919,204539,9801,183094,9074,387633,California
Riverside,2021-03-05,18943,589778,7617,304780,11282,284946,44,52,9386,204741,9506,192600,9708,397341,California
Riverside,2021-03-06,9534,599312,5076,309856,3976,288922,482,534,4750,205232,4770,197370,5261,402602,California
Riverside,2021-03-07,4255,603567,2753,312609,1113,290035,389,923,2005,205390,2240,199610,2398,405000,California
Riverside,2021-03-08,11967,615534,4761,317370,6795,296830,411,1334,5336,204573,6611,206221,5794,410794,California
Riverside,2021-03-09,14816,630350,6908,324278,7408,304238,500,1834,5912,202237,8883,215104,6547,417341,California
Riverside,2021-03-10,15927,646277,8524,332802,6476,310714,927,2761,6221,199875,9662,224766,7300,424641,California
Riverside,2021-03-11,19312,665589,9471,342273,7992,318706,1849,4610,7615,197887,11661,236427,9673,434314,California
Riverside,2021-03-12,21219,686808,7957,350230,8522,327228,4740,9350,7130,196039,14051,250478,12203,446517,California
Riverside,2021-03-13,8502,695310,2544,352774,4730,331958,1228,10578,4367,197612,4113,254591,5686,452203,California
Riverside,2021-03-14,4743,700053,1618,354392,1757,333715,1368,11946,2085,198416,2647,257238,3451,455654,California
Riverside,2021-03-15,18705,718758,7868,362260,9167,342882,1670,13616,9212,199948,9450,266688,10982,466636,California
Riverside,2021-03-16,20916,739674,10150,372410,9951,352833,815,14431,11394,202767,9483,276171,12302,478938,California
Riverside,2021-03-17,21347,761021,10962,383372,9326,362159,1059,15490,12826,208227,8484,284655,13944,492882,California
Riverside,2021-03-18,22633,783654,11789,395161,9178,371337,1666,17156,12566,212450,10018,294673,14241,507123,California
Riverside,2021-03-19,24158,807812,12687,407848,10498,381835,973,18129,14107,217905,9993,304666,15448,522571,California
Riverside,2021-03-20,10695,818507,6907,414755,2608,384443,1180,19309,6881,222182,3783,308449,8060,530631,California
Riverside,2021-03-21,3747,822254,2921,417676,560,385003,266,19575,2555,223829,1175,309624,2822,533453,California
Riverside,2021-03-22,16659,838913,9936,427612,6170,391173,553,20128,10599,228976,6003,315627,11150,544603,California
Riverside,2021-03-23,18585,857498,10528,438140,7636,398809,421,20549,11950,234786,6575,322202,12385,556988,California
Riverside,2021-03-24,18772,876270,10473,448613,8179,406988,120,20669,12883,241956,5839,328041,13009,569997,California
Riverside,2021-03-25,21186,897456,11686,460299,9319,416307,181,20850,14201,249432,6912,334953,14388,584385,California
Riverside,2021-03-26,24179,921635,11947,472246,12057,428364,175,21025,15034,255603,9040,343993,15211,599596,California
Riverside,2021-03-27,9337,930972,4907,477153,3377,431741,1053,22078,4820,256983,4494,348487,5874,605470,California
Riverside,2021-03-28,4775,935747,3139,480292,1544,433285,92,22170,2843,258001,1919,350406,2937,608407,California
Riverside,2021-03-29,17691,953438,8459,488751,9111,442396,121,22291,10948,262381,6700,357106,11080,619487,California
Riverside,2021-03-30,18375,971813,9570,498321,8598,450994,207,22498,11720,267695,6615,363721,11929,631416,California
Riverside,2021-03-31,18139,989952,8442,506763,9392,460386,305,22803,11455,272826,6639,370360,11770,643186,California
Riverside,2021-04-01,25584,1015536,12504,519267,12303,472689,777,23580,16517,281118,9002,379362,17294,660480,California
Riverside,2021-04-02,26162,1041698,14082,533349,11129,483818,951,24531,16385,288967,9716,389078,17565,678045,California
Riverside,2021-04-03,9385,1051083,5974,539323,2823,486641,588,25119,6052,292290,3314,392392,6637,684682,California
Riverside,2021-04-04,3399,1054482,2070,541393,1085,487726,244,25363,1719,292584,1670,394062,1964,686646,California
Riverside,2021-04-05,18480,1072962,9466,550859,7154,494880,1860,27223,9950,295907,8490,402552,11813,698459,California
Riverside,2021-04-06,23794,1096756,12366,563225,9295,504175,2133,29356,13269,300833,10474,413026,15400,713859,California
Riverside,2021-04-07,24877,1121633,13429,576654,8935,513110,2513,31869,13843,306210,10989,424015,16366,730225,California
Riverside,2021-04-08,27415,1149048,15162,591816,9283,522393,2970,34839,16764,315382,10590,434605,19762,749987,California
Riverside,2021-04-09,26282,1175330,15465,607281,8367,530760,2450,37289,16034,323731,10204,444809,18553,768540,California
Riverside,2021-04-10,12001,1187331,6743,614024,3865,534625,1393,38682,5247,323663,6711,451520,6643,775183,California
Riverside,2021-04-11,4613,1191944,2738,616762,1253,535878,622,39304,2170,324025,2432,453952,2794,777977,California
Riverside,2021-04-12,20068,1212012,8914,625676,8515,544393,2639,41943,10052,326735,9978,463930,12688,790665,California
Riverside,2021-04-13,19903,1231915,11131,636807,8745,553138,27,41970,11352,329608,8511,472441,11384,802049,California
Riverside,2021-04-14,22106,1254021,12171,648978,9920,563058,15,41985,10826,329240,11212,483653,10844,812893,California
Riverside,2021-04-15,21902,1275923,12388,661366,9506,572564,8,41993,11535,330485,10299,493952,11544,824437,California
Riverside,2021-04-16,24921,1300844,14426,675792,10489,583053,6,41999,11536,328701,13333,507285,11549,835986,California
Riverside,2021-04-17,9863,1310707,6498,682290,3365,586418,0,41999,4959,328778,4889,512174,4966,840952,California
Riverside,2021-04-18,3857,1314564,2809,685099,1041,587459,7,42006,1813,328571,2030,514204,1823,842775,California
Riverside,2021-04-19,19473,1334037,11589,696688,7881,595340,3,42009,6958,323063,12474,526678,6966,849741,California
Riverside,2021-04-20,18876,1352913,9950,706638,8916,604256,10,42019,7728,319699,11105,537783,7741,857482,California
Riverside,2021-04-21,19849,1372762,11418,718056,8422,612678,9,42028,7991,315914,11792,549575,8007,865489,California
Riverside,2021-04-22,23265,1396027,13571,731627,9691,622369,3,42031,8665,310053,14533,564108,8672,874161,California
Riverside,2021-04-23,23335,1419362,13729,745356,9592,631961,14,42045,9150,305099,14126,578234,9172,883333,California
Riverside,2021-04-24,10483,1429845,7313,752669,3167,635128,3,42048,4828,304311,5619,583853,4831,888164,California
Riverside,2021-04-25,4210,1434055,2818,755487,1391,636519,1,42049,2183,304486,2010,585863,2185,890349,California
Riverside,2021-04-26,16494,1450549,10361,765848,6088,642607,45,42094,5524,299129,10930,596793,5573,895922,California
Riverside,2021-04-27,17689,1468238,10145,775993,7382,649989,162,42256,6110,293865,11536,608329,6272,902194,California
Riverside,2021-04-28,16465,1484703,8861,784854,7347,657336,257,42513,5540,288792,10870,619199,5797,907991,California
Riverside,2021-04-29,18700,1503403,11437,796291,6915,664251,348,42861,5387,281272,13252,632451,5732,913723,California
Riverside,2021-04-30,19704,1523107,11357,807648,7968,672219,379,43240,6312,274625,13340,645791,6693,920416,California
Riverside,2021-05-01,6767,1529874,4877,812525,1722,673941,168,43408,2327,272704,4414,650205,2493,922909,California
Riverside,2021-05-02,3349,1533223,2182,814707,959,674900,208,43616,1068,271722,2264,652469,1282,924191,California
Riverside,2021-05-03,17985,1551208,11041,825748,6457,681357,487,44103,4158,262596,13769,666238,4643,928834,California
Riverside,2021-05-04,17252,1568460,10958,836706,5879,687236,415,44518,4882,255585,12306,678544,5295,934129,California
Riverside,2021-05-05,15751,1584211,8918,845624,6479,693715,354,44872,4543,249333,11149,689693,4897,939026,California
Riverside,2021-05-06,17772,1601983,9955,855579,7408,701123,409,45281,4522,241084,13181,702874,4932,943958,California
Riverside,2021-05-07,20303,1622286,11593,867172,8280,709403,430,45711,5357,231998,14870,717744,5784,949742,California
Riverside,2021-05-08,6813,1629099,4530,871702,2054,711457,229,45940,2555,230552,4228,721972,2782,952524,California
Riverside,2021-05-09,2308,1631407,1509,873211,644,712101,155,46095,852,230114,1445,723417,1007,953531,California
Riverside,2021-05-10,10016,1641423,5135,878346,4510,716611,371,46466,2858,226234,7108,730525,3228,956759,California
Riverside,2021-05-11,13542,1654965,8124,886470,4925,721536,493,46959,3691,220646,9773,740298,4185,960944,California
Riverside,2021-05-12,11916,1666881,5811,892281,5829,727365,276,47235,3609,216273,8256,748554,3883,964827,California
Riverside,2021-05-13,13717,1680598,8140,900421,5313,732678,264,47499,4862,212598,8805,757359,5130,969957,California
Riverside,2021-05-14,17715,1698313,11190,911611,5735,738413,790,48289,6921,209579,10728,768087,7709,977666,California
Riverside,2021-05-15,9672,1707985,6926,918537,2351,740764,395,48684,4933,210200,4707,772794,5328,982994,California
Riverside,2021-05-16,3454,1711439,2506,921043,838,741602,110,48794,1697,210262,1744,774538,1806,984800,California
Riverside,2021-05-17,11725,1723164,7567,928610,3820,745422,338,49132,5280,209480,6412,780950,5630,990430,California
Riverside,2021-05-18,15019,1738183,9301,937911,5376,750798,342,49474,6263,207375,8709,789659,6604,997034,California
Riverside,2021-05-19,12120,1750303,7676,945587,4227,755025,217,49691,6013,207549,6057,795716,6231,1003265,California
Riverside,2021-05-20,10157,1760460,6211,951798,3689,758714,257,49948,4463,206619,5653,801369,4723,1007988,California
Riverside,2021-05-21,12377,1772837,7503,959301,4572,763286,302,50250,5221,205034,7109,808478,5524,1013512,California
Riverside,2021-05-22,5522,1778359,3812,963113,1534,764820,176,50426,3078,205875,2414,810892,3255,1016767,California
Riverside,2021-05-23,1478,1779837,1034,964147,372,765192,72,50498,815,206108,654,811546,887,1017654,California
Riverside,2021-05-24,8460,1788297,5430,969577,2722,767914,308,50806,3776,205537,4655,816201,4084,1021738,California
Riverside,2021-05-25,9453,1797750,5640,975217,3559,771473,254,51060,3846,204069,5567,821768,4099,1025837,California
Riverside,2021-05-26,8484,1806234,5207,980424,2972,774445,305,51365,3727,203396,4710,826478,4037,1029874,California
Riverside,2021-05-27,8199,1814433,4905,985329,3079,777524,215,51580,3818,203087,4339,830817,4030,1033904,California
Riverside,2021-05-28,10265,1824698,6275,991604,3715,781239,275,51855,4806,202761,5409,836226,5083,1038987,California
Riverside,2021-05-29,4742,1829440,3238,994842,1379,782618,125,51980,2655,203475,2068,838294,2782,1041769,California
Riverside,2021-05-30,1896,1831336,1361,996203,478,783096,57,52037,1038,203718,853,839147,1096,1042865,California
Riverside,2021-05-31,853,1832189,478,996681,343,783439,32,52069,324,203548,526,839673,356,1043221,California
Riverside,2021-06-01,4708,1836897,2689,999370,1882,785321,137,52206,1386,201768,3299,842972,1519,1044740,California
Sacramento,2020-12-15,315,315,315,315,0,0,0,0,315,315,0,0,315,315,California
Sacramento,2020-12-16,647,962,647,962,0,0,0,0,647,962,0,0,647,962,California
Sacramento,2020-12-17,649,1611,649,1611,0,0,0,0,649,1611,0,0,649,1611,California
Sacramento,2020-12-18,970,2581,970,2581,0,0,0,0,970,2581,0,0,970,2581,California
Sacramento,2020-12-19,610,3191,610,3191,0,0,0,0,610,3191,0,0,610,3191,California
Sacramento,2020-12-20,634,3825,634,3825,0,0,0,0,634,3825,0,0,634,3825,California
Sacramento,2020-12-21,1677,5502,1677,5502,0,0,0,0,1678,5503,0,0,1678,5503,California
Sacramento,2020-12-22,2105,7607,2072,7574,33,33,0,0,2105,7608,0,0,2105,7608,California
Sacramento,2020-12-23,2263,9870,2092,9666,171,204,0,0,2263,9871,0,0,2263,9871,California
Sacramento,2020-12-24,1046,10916,834,10500,212,416,0,0,1046,10917,0,0,1046,10917,California
Sacramento,2020-12-25,1,10917,0,10500,1,417,0,0,1,10918,0,0,1,10918,California
Sacramento,2020-12-26,510,11427,291,10791,219,636,0,0,510,11428,0,0,510,11428,California
Sacramento,2020-12-27,355,11782,249,11040,106,742,0,0,355,11783,0,0,355,11783,California
Sacramento,2020-12-28,1911,13693,1329,12369,582,1324,0,0,1910,13692,1,1,1910,13693,California
Sacramento,2020-12-29,1959,15652,1193,13562,766,2090,0,0,1959,15651,0,1,1959,15652,California
Sacramento,2020-12-30,2563,18215,1456,15018,1107,3197,0,0,2564,18215,0,1,2564,18216,California
Sacramento,2020-12-31,1233,19448,696,15714,537,3734,0,0,1234,19449,0,1,1234,19450,California
Sacramento,2021-01-01,81,19529,70,15784,11,3745,0,0,81,19530,0,1,81,19531,California
Sacramento,2021-01-02,568,20097,366,16150,202,3947,0,0,568,20098,0,1,568,20099,California
Sacramento,2021-01-03,412,20509,223,16373,189,4136,0,0,412,20510,0,1,412,20511,California
Sacramento,2021-01-04,1960,22469,847,17220,1113,5249,0,0,1958,22467,1,2,1958,22469,California
Sacramento,2021-01-05,2215,24684,989,18209,1226,6475,0,0,1861,23981,354,356,1868,24337,California
Sacramento,2021-01-06,2727,27411,1617,19826,1110,7585,0,0,1952,25161,772,1128,1952,26289,California
Sacramento,2021-01-07,2841,30252,1508,21334,1333,8918,0,0,1978,26279,860,1988,1978,28267,California
Sacramento,2021-01-08,3303,33555,2095,23429,1208,10126,0,0,2268,27517,1031,3019,2269,30536,California
Sacramento,2021-01-09,1291,34846,796,24225,495,10621,0,0,903,28034,386,3405,903,31439,California
Sacramento,2021-01-10,1247,36093,711,24936,536,11157,0,0,776,28341,470,3875,777,32216,California
Sacramento,2021-01-11,4350,40443,2960,27896,1390,12547,0,0,2410,28824,1939,5814,2422,34638,California
Sacramento,2021-01-12,4583,45026,3199,31095,1384,13931,0,0,2610,29466,1972,7786,2614,37252,California
Sacramento,2021-01-13,3833,48859,2212,33307,1621,15552,0,0,2417,30469,1415,9201,2418,39670,California
Sacramento,2021-01-14,4628,53487,2337,35644,2291,17843,0,0,3707,33259,917,10118,3707,43377,California
Sacramento,2021-01-15,4450,57937,2263,37907,2187,20030,0,0,3729,36268,721,10839,3730,47107,California
Sacramento,2021-01-16,2080,60017,1276,39183,804,20834,0,0,1862,37912,218,11057,1862,48969,California
Sacramento,2021-01-17,1671,61688,977,40160,694,21528,0,0,1492,39228,179,11236,1495,50464,California
Sacramento,2021-01-18,2818,64506,1722,41882,1096,22624,0,0,2242,40896,575,11811,2243,52707,California
Sacramento,2021-01-19,4972,69478,3024,44906,1948,24572,0,0,3738,43402,1234,13045,3740,56447,California
Sacramento,2021-01-20,4813,74291,2849,47755,1964,26536,0,0,3591,45775,1224,14269,3597,60044,California
Sacramento,2021-01-21,5208,79499,3003,50758,2205,28741,0,0,4239,49053,963,15232,4241,64285,California
Sacramento,2021-01-22,5007,84506,2674,53432,2333,31074,0,0,4704,53456,302,15534,4705,68990,California
Sacramento,2021-01-23,3744,88250,1564,54996,2180,33254,0,0,3284,56280,460,15994,3284,72274,California
Sacramento,2021-01-24,1616,89866,1007,56003,609,33863,0,0,1375,57415,241,16235,1376,73650,California
Sacramento,2021-01-25,4423,94289,2167,58170,2256,36119,0,0,2949,58892,1474,17709,2951,76601,California
Sacramento,2021-01-26,4733,99022,2145,60315,2588,38707,0,0,3532,61227,1199,18908,3534,80135,California
Sacramento,2021-01-27,5811,104833,3046,63361,2765,41472,0,0,4200,63821,1608,20516,4202,84337,California
Sacramento,2021-01-28,5386,110219,2729,66090,2657,44129,0,0,4284,67005,1101,21617,4285,88622,California
Sacramento,2021-01-29,5405,115624,2940,69030,2465,46594,0,0,4381,70371,1015,22632,4381,93003,California
Sacramento,2021-01-30,4508,120132,2199,71229,2309,48903,0,0,4079,74023,427,23059,4079,97082,California
Sacramento,2021-01-31,2321,122453,2027,73256,294,49197,0,0,2046,75798,273,23332,2048,99130,California
Sacramento,2021-02-01,5943,128396,3037,76293,2906,52103,0,0,4259,78377,1680,25012,4259,103389,California
Sacramento,2021-02-02,6930,135326,3760,80053,3170,55273,0,0,4800,81067,2112,27124,4802,108191,California
Sacramento,2021-02-03,7150,142476,3604,83657,3546,58819,0,0,5286,84500,1855,28979,5288,113479,California
Sacramento,2021-02-04,7757,150233,3669,87326,4088,62907,0,0,5512,87776,2236,31215,5512,118991,California
Sacramento,2021-02-05,7856,158089,4486,91812,3370,66277,0,0,4918,89782,2915,34130,4921,123912,California
Sacramento,2021-02-06,8484,166573,3487,95299,4997,71274,0,0,7128,95557,1354,35484,7129,131041,California
Sacramento,2021-02-07,4077,170650,2188,97487,1889,73163,0,0,2871,97229,1201,36685,2873,133914,California
Sacramento,2021-02-08,6234,176884,3241,100728,2993,76156,0,0,3898,98795,2332,39017,3898,137812,California
Sacramento,2021-02-09,6774,183658,3556,104284,3218,79374,0,0,3995,100021,2770,41787,3996,141808,California
Sacramento,2021-02-10,7701,191359,4211,108495,3490,82864,0,0,4543,101422,3144,44931,4545,146353,California
Sacramento,2021-02-11,9600,200959,5727,114222,3873,86737,0,0,5509,102857,4076,49007,5511,151864,California
Sacramento,2021-02-12,10684,211643,4144,118366,6540,93277,0,0,6410,105057,4213,53220,6413,158277,California
Sacramento,2021-02-13,7672,219315,2981,121347,4691,97968,0,0,6087,109563,1582,54802,6088,164365,California
Sacramento,2021-02-14,3194,222509,1959,123306,1235,99203,0,0,2100,110575,1092,55894,2104,166469,California
Sacramento,2021-02-15,5995,228504,2046,125352,3949,103152,0,0,4165,112919,1824,57718,4168,170637,California
Sacramento,2021-02-16,9237,237741,4206,129558,5031,108183,0,0,5319,114331,3911,61629,5323,175960,California
Sacramento,2021-02-17,8846,246587,4991,134549,3855,112038,0,0,5146,115790,3689,65318,5148,181108,California
Sacramento,2021-02-18,9563,256150,5724,140273,3839,115877,0,0,5709,117656,3846,69164,5712,186820,California
Sacramento,2021-02-19,10013,266163,6141,146414,3872,119749,0,0,5916,119492,4086,73250,5922,192742,California
Sacramento,2021-02-20,7758,273921,5730,152144,2028,121777,0,0,4695,121132,3057,76307,4697,197439,California
Sacramento,2021-02-21,2983,276904,2371,154515,612,122389,0,0,1043,120242,1934,78241,1044,198483,California
Sacramento,2021-02-22,6199,283103,3754,158269,2445,124834,0,0,2690,119438,3498,81739,2694,201177,California
Sacramento,2021-02-23,7158,290261,4448,162717,2710,127544,0,0,3471,119243,3670,85409,3475,204652,California
Sacramento,2021-02-24,9678,299939,5310,168027,4368,131912,0,0,5268,120121,4394,89803,5272,209924,California
Sacramento,2021-02-25,10939,310878,6239,174266,4700,136612,0,0,6413,122022,4512,94315,6413,216337,California
Sacramento,2021-02-26,13936,324814,6481,180747,7455,144067,0,0,9592,127303,4314,98629,9595,225932,California
Sacramento,2021-02-27,10843,335657,6741,187488,4099,148166,3,3,7971,132428,2849,101478,7974,233906,California
Sacramento,2021-02-28,5649,341306,2250,189738,3399,151565,0,3,2600,131994,3035,104513,2601,236507,California
Sacramento,2021-03-01,8077,349383,3491,193229,4585,156150,1,4,4367,132675,3689,108202,4370,240877,California
Sacramento,2021-03-02,9296,358679,4048,197277,5247,161397,1,5,5720,134840,3559,111761,5724,246601,California
Sacramento,2021-03-03,10995,369674,5029,202306,5963,167360,3,8,6569,137009,4405,116166,6574,253175,California
Sacramento,2021-03-04,13473,383147,6201,208507,7268,174628,4,12,7498,138574,5943,122109,7508,260683,California
Sacramento,2021-03-05,10632,393779,4910,213417,5692,180320,30,42,7069,142133,3542,125651,7101,267784,California
Sacramento,2021-03-06,8127,401906,3121,216538,4884,185204,122,164,4125,142392,3987,129638,4246,272030,California
Sacramento,2021-03-07,7618,409524,2214,218752,5315,190519,89,253,3754,142374,3859,133497,3841,275871,California
Sacramento,2021-03-08,9132,418656,4264,223016,4643,195162,225,478,5986,145449,3134,136631,6209,282080,California
Sacramento,2021-03-09,9616,428272,4566,227582,4758,199920,292,770,5536,147215,4063,140694,5829,287909,California
Sacramento,2021-03-10,11787,440059,7514,235096,3917,203837,356,1126,6896,149611,4857,145551,7253,295162,California
Sacramento,2021-03-11,15084,455143,10015,245111,4251,208088,818,1944,8973,153330,6071,151622,9790,304952,California
Sacramento,2021-03-12,18051,473194,8342,253453,8848,216936,861,2805,8882,153964,9119,160741,9753,314705,California
Sacramento,2021-03-13,13008,486202,3574,257027,9006,225942,428,3233,7900,157195,5097,165838,8328,323033,California
Sacramento,2021-03-14,8391,494593,3469,260496,4291,230233,631,3864,4472,158401,3895,169733,5101,328134,California
Sacramento,2021-03-15,12225,506818,4847,265343,6716,236949,662,4526,7106,161072,5098,174831,7769,335903,California
Sacramento,2021-03-16,14024,520842,6223,271566,7152,244101,649,5175,8666,165057,5324,180155,9309,345212,California
Sacramento,2021-03-17,13749,534591,6615,278181,6497,250598,637,5812,8870,169714,4854,185009,9511,354723,California
Sacramento,2021-03-18,15695,550286,8238,286419,6868,257466,589,6401,10126,174891,5538,190547,10715,365438,California
Sacramento,2021-03-19,15608,565894,7970,294389,6264,263730,1374,7775,8136,176953,7445,197992,9507,374945,California
Sacramento,2021-03-20,12929,578823,7546,301935,5043,268773,340,8115,8178,180751,4722,202714,8520,383465,California
Sacramento,2021-03-21,5598,584421,2753,304688,2806,271579,39,8154,4943,185092,643,203357,4984,388449,California
Sacramento,2021-03-22,9400,593821,4815,309503,3731,275310,854,9008,6299,189171,3074,206431,7153,395602,California
Sacramento,2021-03-23,11350,605171,6762,316265,3780,279090,808,9816,7316,193300,3993,210424,8122,403724,California
Sacramento,2021-03-24,11881,617052,7277,323542,3972,283062,632,10448,6759,195652,5041,215465,7393,411117,California
Sacramento,2021-03-25,14166,631218,8361,331903,4979,288041,826,11274,8576,199505,5545,221010,9398,420515,California
Sacramento,2021-03-26,18269,649487,8944,340847,8837,296878,488,11762,9229,200253,8971,229981,9719,430234,California
Sacramento,2021-03-27,9707,659194,3576,344423,5840,302718,291,12053,5218,201301,4457,234438,5505,435739,California
Sacramento,2021-03-28,6534,665728,3221,347644,3065,305783,248,12301,3120,201268,3404,237842,3371,439110,California
Sacramento,2021-03-29,11016,676744,5899,353543,4745,310528,372,12673,5208,201071,5780,243622,5583,444693,California
Sacramento,2021-03-30,11853,688597,6086,359629,5375,315903,392,13065,6030,201693,5800,249422,6422,451115,California
Sacramento,2021-03-31,13454,702051,7864,367493,5195,321098,395,13460,5666,199987,7760,257182,6054,457169,California
Sacramento,2021-04-01,17412,719463,10466,377959,6720,327818,226,13686,7312,197479,10059,267241,7551,464720,California
Sacramento,2021-04-02,17134,736597,9703,387662,6691,334509,740,14426,9011,199143,8093,275334,9757,474477,California
Sacramento,2021-04-03,10438,747035,6225,393887,3661,338170,552,14978,6412,202108,3998,279332,6963,481440,California
Sacramento,2021-04-04,3707,750742,1529,395416,1987,340157,191,15169,1452,201498,2250,281582,1640,483080,California
Sacramento,2021-04-05,12063,762805,7569,402985,3662,343819,832,16001,5394,201085,6634,288216,6221,489301,California
Sacramento,2021-04-06,15640,778445,8882,411867,5426,349245,1332,17333,6926,200665,8681,296897,8261,497562,California
Sacramento,2021-04-07,14817,793262,8021,419888,5208,354453,1588,18921,7149,201781,7632,304529,8748,506310,California
Sacramento,2021-04-08,15029,808291,6756,426644,5308,359761,2965,21886,5974,201718,9023,313552,8960,515270,California
Sacramento,2021-04-09,18268,826559,9353,435997,6721,366482,2194,24080,7431,200563,10800,324352,9645,524915,California
Sacramento,2021-04-10,12826,839385,3838,439835,7773,374255,1215,25295,5316,199599,7484,331836,6520,531435,California
Sacramento,2021-04-11,10741,850126,4334,444169,6183,380438,224,25519,3805,196716,6911,338747,4028,535463,California
Sacramento,2021-04-12,12914,863040,5022,449191,6028,386466,1864,27383,4934,195581,7921,346668,6786,542249,California
Sacramento,2021-04-13,16235,879275,9938,459129,6293,392759,4,27387,7545,194471,8663,355331,7553,549802,California
Sacramento,2021-04-14,14912,894187,7945,467074,6965,399724,2,27389,5876,191346,9008,364339,5883,555685,California
Sacramento,2021-04-15,16310,910497,8392,475466,7915,407639,3,27392,6613,188305,9659,373998,6618,562303,California
Sacramento,2021-04-16,17375,927872,9605,485071,7770,415409,0,27392,7868,186705,9470,383468,7870,570173,California
Sacramento,2021-04-17,15259,943131,6140,491211,9119,424528,0,27392,11043,193557,4196,387664,11048,581221,California
Sacramento,2021-04-18,8437,951568,3070,494281,5367,429895,0,27392,3734,192606,4686,392350,3735,584956,California
Sacramento,2021-04-19,10574,962142,5711,499992,4858,434753,5,27397,4693,191445,5860,398210,4699,589655,California
Sacramento,2021-04-20,11111,973253,6750,506742,4358,439111,3,27400,5911,192183,5180,403390,5918,595573,California
Sacramento,2021-04-21,11476,984729,6632,513374,4842,443953,2,27402,6215,193162,5239,408629,6218,601791,California
Sacramento,2021-04-22,14809,999538,9895,523269,4910,448863,4,27406,6817,192023,7962,416591,6823,608614,California
Sacramento,2021-04-23,15829,1015367,10008,533277,5821,454684,0,27406,7337,190905,8456,425047,7338,615952,California
Sacramento,2021-04-24,11323,1026690,7004,540281,4318,459002,1,27407,5936,191493,5350,430397,5938,621890,California
Sacramento,2021-04-25,7994,1034684,4484,544765,3510,462512,0,27407,4168,191848,3814,434211,4169,626059,California
Sacramento,2021-04-26,10231,1044915,6430,551195,3776,466288,25,27432,4695,191059,5509,439720,4720,630779,California
Sacramento,2021-04-27,11641,1056556,7639,558834,3881,470169,121,27553,5639,190846,5974,445694,5761,636540,California
Sacramento,2021-04-28,10029,1066585,5715,564549,4112,474281,202,27755,5377,191808,4623,450317,5585,642125,California
Sacramento,2021-04-29,10191,1076776,6814,571363,3072,477353,305,28060,5359,192673,4799,455116,5664,647789,California
Sacramento,2021-04-30,12439,1089215,7813,579176,4364,481717,262,28322,5870,192278,6527,461643,6132,653921,California
Sacramento,2021-05-01,7567,1096782,5470,584646,1923,483640,174,28496,2755,190426,4779,466422,2927,656848,California
Sacramento,2021-05-02,4983,1101765,4285,588931,547,484187,151,28647,2216,190048,2743,469165,2365,659213,California
Sacramento,2021-05-03,9099,1110864,7277,596208,1540,485727,282,28929,3943,189136,5132,474297,4220,663433,California
Sacramento,2021-05-04,9363,1120227,5691,601899,3361,489088,311,29240,3785,187695,5536,479833,4095,667528,California
Sacramento,2021-05-05,10972,1131199,5920,607819,4600,493688,452,29692,4427,186064,6505,486338,4874,672402,California
Sacramento,2021-05-06,11167,1142366,6193,614012,4672,498360,302,29994,4624,184757,6231,492569,4924,677326,California
Sacramento,2021-05-07,10601,1152967,6163,620175,4063,502423,375,30369,4472,183526,6079,498648,4848,682174,California
Sacramento,2021-05-08,8162,1161129,3816,623991,4117,506540,229,30598,2703,181029,5424,504072,2927,685101,California
Sacramento,2021-05-09,3165,1164294,1653,625644,1399,507939,113,30711,1188,180366,1964,506036,1301,686402,California
Sacramento,2021-05-10,8071,1172365,3734,629378,4070,512009,267,30978,1981,176556,6060,512096,2250,688652,California
Sacramento,2021-05-11,8068,1180433,5030,634408,2794,514803,244,31222,2780,174320,5258,517354,3022,691674,California
Sacramento,2021-05-12,8067,1188500,4793,639201,3036,517839,238,31460,2764,172049,5272,522626,3001,694675,California
Sacramento,2021-05-13,10887,1199387,6931,646132,3699,521538,257,31717,4089,169638,6763,529389,4352,699027,California
Sacramento,2021-05-14,12156,1211543,6870,653002,4998,526536,288,32005,5018,167860,7083,536472,5305,704332,California
Sacramento,2021-05-15,13059,1224602,7892,660894,5024,531560,143,32148,5796,166570,7227,543699,5937,710269,California
Sacramento,2021-05-16,7787,1232389,4066,664960,3608,535168,113,32261,2096,163113,5667,549366,2210,712479,California
Sacramento,2021-05-17,10376,1242765,6315,671275,3779,538947,282,32543,4111,161278,6234,555600,4399,716878,California
Sacramento,2021-05-18,9692,1252457,6088,677363,3395,542342,209,32752,3845,159529,5807,561407,4058,720936,California
Sacramento,2021-05-19,9762,1262219,6260,683623,3239,545581,263,33015,4631,159338,5089,566496,4898,725834,California
Sacramento,2021-05-20,8942,1271161,6081,689704,2640,548221,221,33236,3992,158647,4904,571400,4213,730047,California
Sacramento,2021-05-21,9334,1280495,6085,695789,2985,551206,264,33500,4240,158097,5061,576461,4511,734558,California
Sacramento,2021-05-22,6261,1286756,3987,699776,2141,553347,133,33633,3148,158282,3095,579556,3280,737838,California
Sacramento,2021-05-23,3326,1290082,2467,702243,786,554133,73,33706,1728,158500,1582,581138,1800,739638,California
Sacramento,2021-05-24,7566,1297648,4533,706776,2724,556857,309,34015,2470,156228,5049,586187,2777,742415,California
Sacramento,2021-05-25,6567,1304215,3814,710590,2465,559322,288,34303,2421,154814,4121,590308,2707,745122,California
Sacramento,2021-05-26,8322,1312537,4614,715204,3404,562726,304,34607,3000,152840,5275,595583,3301,748423,California
Sacramento,2021-05-27,6530,1319067,3565,718769,2736,565462,229,34836,3036,152644,3458,599041,3262,751685,California
Sacramento,2021-05-28,8146,1327213,4537,723306,3240,568702,369,35205,3463,151818,4654,603695,3828,755513,California
Sacramento,2021-05-29,4275,1331488,2635,725941,1491,570193,149,35354,2171,152054,2083,605778,2319,757832,California
Sacramento,2021-05-30,1605,1333093,1001,726942,563,570756,41,35395,735,151965,865,606643,776,758608,California
Sacramento,2021-05-31,890,1333983,446,727388,426,571182,18,35413,318,151729,572,607215,336,758944,California
Sacramento,2021-06-01,3815,1337798,2400,729788,1298,572480,117,35530,1274,150601,2517,609732,1389,760333,California
San Benito,2020-12-16,30,30,30,30,0,0,0,0,30,30,0,0,30,30,California
San Benito,2020-12-17,38,68,38,68,0,0,0,0,38,68,0,0,38,68,California
San Benito,2020-12-18,72,140,72,140,0,0,0,0,72,140,0,0,72,140,California
San Benito,2020-12-19,47,187,47,187,0,0,0,0,47,187,0,0,47,187,California
San Benito,2020-12-20,23,210,23,210,0,0,0,0,23,210,0,0,23,210,California
San Benito,2020-12-21,76,286,76,286,0,0,0,0,76,286,0,0,76,286,California
San Benito,2020-12-22,100,386,100,386,0,0,0,0,100,386,0,0,100,386,California
San Benito,2020-12-23,85,471,73,459,12,12,0,0,85,471,0,0,85,471,California
San Benito,2020-12-24,13,484,5,464,8,20,0,0,13,484,0,0,13,484,California
San Benito,2020-12-25,4,488,4,468,0,20,0,0,4,488,0,0,4,488,California
San Benito,2020-12-26,13,501,4,472,9,29,0,0,13,501,0,0,13,501,California
San Benito,2020-12-27,8,509,7,479,1,30,0,0,8,509,0,0,8,509,California
San Benito,2020-12-28,65,574,36,515,29,59,0,0,65,574,0,0,65,574,California
San Benito,2020-12-29,50,624,21,536,29,88,0,0,50,624,0,0,50,624,California
San Benito,2020-12-30,59,683,37,573,22,110,0,0,59,683,0,0,59,683,California
San Benito,2020-12-31,19,702,2,575,17,127,0,0,19,702,0,0,19,702,California
San Benito,2021-01-02,25,727,24,599,1,128,0,0,25,727,0,0,25,727,California
San Benito,2021-01-03,3,730,1,600,2,130,0,0,3,730,0,0,3,730,California
San Benito,2021-01-04,62,792,23,623,39,169,0,0,62,792,0,0,62,792,California
San Benito,2021-01-05,119,911,37,660,82,251,0,0,116,905,3,3,116,908,California
San Benito,2021-01-06,100,1011,43,703,57,308,0,0,85,975,15,18,85,993,California
San Benito,2021-01-07,97,1108,60,763,37,345,0,0,52,982,45,63,52,1045,California
San Benito,2021-01-08,173,1281,88,851,85,430,0,0,108,1025,65,128,108,1153,California
San Benito,2021-01-09,43,1324,30,881,13,443,0,0,30,1042,13,141,30,1183,California
San Benito,2021-01-10,16,1340,14,895,2,445,0,0,5,1036,11,152,5,1188,California
San Benito,2021-01-11,169,1509,107,1002,62,507,0,0,69,1005,100,252,69,1257,California
San Benito,2021-01-12,158,1667,55,1057,103,610,0,0,120,1087,38,290,120,1377,California
San Benito,2021-01-13,216,1883,60,1117,156,766,0,0,172,1215,44,334,172,1549,California
San Benito,2021-01-14,116,1999,23,1140,93,859,0,0,98,1295,18,352,98,1647,California
San Benito,2021-01-15,216,2215,21,1161,195,1054,0,0,202,1483,14,366,202,1849,California
San Benito,2021-01-16,27,2242,9,1170,18,1072,0,0,21,1498,6,372,21,1870,California
San Benito,2021-01-17,11,2253,5,1175,6,1078,0,0,8,1503,3,375,8,1878,California
San Benito,2021-01-18,36,2289,23,1198,13,1091,0,0,21,1509,15,390,21,1899,California
San Benito,2021-01-19,152,2441,65,1263,87,1178,0,0,125,1607,27,417,125,2024,California
San Benito,2021-01-20,275,2716,94,1357,181,1359,0,0,229,1791,45,462,229,2253,California
San Benito,2021-01-21,125,2841,32,1389,93,1452,0,0,100,1866,25,487,100,2353,California
San Benito,2021-01-22,233,3074,19,1408,214,1666,0,0,223,2079,10,497,223,2576,California
San Benito,2021-01-23,31,3105,17,1425,14,1680,0,0,13,2074,18,515,13,2589,California
San Benito,2021-01-24,11,3116,3,1428,8,1688,0,0,7,2077,4,519,7,2596,California
San Benito,2021-01-25,67,3183,25,1453,42,1730,0,0,20,2050,47,566,20,2616,California
San Benito,2021-01-26,138,3321,41,1494,97,1827,0,0,85,2082,53,619,85,2701,California
San Benito,2021-01-27,229,3550,69,1563,160,1987,0,0,189,2231,40,659,189,2890,California
San Benito,2021-01-28,155,3705,32,1595,123,2110,0,0,123,2323,31,690,123,3013,California
San Benito,2021-01-29,289,3994,31,1626,258,2368,0,0,266,2567,22,712,266,3279,California
San Benito,2021-01-30,50,4044,32,1658,18,2386,0,0,27,2571,23,735,27,3306,California
San Benito,2021-01-31,16,4060,5,1663,11,2397,0,0,11,2577,5,740,11,3317,California
San Benito,2021-02-01,133,4193,28,1691,105,2502,0,0,89,2622,44,784,89,3406,California
San Benito,2021-02-02,227,4420,49,1740,178,2680,0,0,137,2669,90,874,137,3543,California
San Benito,2021-02-03,340,4760,42,1782,298,2978,0,0,274,2877,66,940,274,3817,California
San Benito,2021-02-04,164,4924,24,1806,140,3118,0,0,120,2953,44,984,120,3937,California
San Benito,2021-02-05,292,5216,40,1846,252,3370,0,0,229,3119,63,1047,229,4166,California
San Benito,2021-02-06,48,5264,8,1854,40,3410,0,0,31,3133,17,1064,31,4197,California
San Benito,2021-02-07,16,5280,8,1862,8,3418,0,0,15,3147,1,1065,15,4212,California
San Benito,2021-02-08,139,5419,16,1878,123,3541,0,0,93,3194,46,1111,93,4305,California
San Benito,2021-02-09,326,5745,63,1941,263,3804,0,0,194,3256,132,1243,194,4499,California
San Benito,2021-02-10,322,6067,89,2030,233,4037,0,0,113,3161,208,1451,113,4612,California
San Benito,2021-02-11,299,6366,33,2063,266,4303,0,0,201,3264,98,1549,201,4813,California
San Benito,2021-02-12,414,6780,31,2094,383,4686,0,0,208,3267,205,1754,208,5021,California
San Benito,2021-02-13,56,6836,7,2101,49,4735,0,0,43,3297,13,1767,43,5064,California
San Benito,2021-02-14,41,6877,5,2106,36,4771,0,0,31,3318,10,1777,31,5095,California
San Benito,2021-02-15,106,6983,10,2116,96,4867,0,0,95,3402,11,1788,95,5190,California
San Benito,2021-02-16,207,7190,11,2127,196,5063,0,0,102,3399,105,1893,102,5292,California
San Benito,2021-02-17,328,7518,29,2156,299,5362,0,0,279,3629,49,1942,279,5571,California
San Benito,2021-02-18,293,7811,37,2193,256,5618,0,0,71,3478,222,2164,71,5642,California
San Benito,2021-02-19,346,8157,47,2240,299,5917,0,0,180,3492,166,2330,180,5822,California
San Benito,2021-02-20,45,8202,26,2266,19,5936,0,0,36,3519,9,2339,36,5858,California
San Benito,2021-02-21,24,8226,8,2274,16,5952,0,0,14,3523,10,2349,14,5872,California
San Benito,2021-02-22,135,8361,36,2310,99,6051,0,0,101,3591,33,2382,101,5973,California
San Benito,2021-02-23,379,8740,94,2404,285,6336,0,0,263,3738,116,2498,263,6236,California
San Benito,2021-02-24,378,9118,65,2469,313,6649,0,0,239,3838,139,2637,239,6475,California
San Benito,2021-02-25,394,9512,64,2533,330,6979,0,0,273,3988,123,2760,273,6748,California
San Benito,2021-02-26,646,10158,72,2605,574,7553,0,0,399,4140,247,3007,399,7147,California
San Benito,2021-02-27,100,10258,39,2644,61,7614,0,0,86,4212,14,3021,86,7233,California
San Benito,2021-02-28,247,10505,23,2667,224,7838,0,0,238,4441,9,3030,238,7471,California
San Benito,2021-03-01,226,10731,58,2725,168,8006,0,0,156,4526,71,3101,156,7627,California
San Benito,2021-03-02,279,11010,93,2818,186,8192,0,0,209,4665,70,3171,209,7836,California
San Benito,2021-03-03,403,11413,60,2878,343,8535,0,0,224,4712,177,3348,224,8060,California
San Benito,2021-03-04,616,12029,127,3005,474,9009,15,15,431,4962,185,3533,435,8495,California
San Benito,2021-03-05,586,12615,306,3311,268,9277,12,27,375,5140,209,3742,387,8882,California
San Benito,2021-03-06,194,12809,70,3381,110,9387,14,41,142,5244,52,3794,156,9038,California
San Benito,2021-03-07,650,13459,605,3986,22,9409,23,64,617,5851,33,3827,640,9678,California
San Benito,2021-03-08,290,13749,67,4053,176,9585,47,111,167,5942,123,3950,214,9892,California
San Benito,2021-03-09,426,14175,84,4137,243,9828,99,210,139,5867,286,4236,211,10103,California
San Benito,2021-03-10,404,14579,113,4250,194,10022,97,307,231,6022,173,4409,328,10431,California
San Benito,2021-03-11,473,15052,120,4370,199,10221,154,461,209,6121,264,4673,363,10794,California
San Benito,2021-03-12,517,15569,120,4490,303,10524,94,555,232,6165,283,4956,327,11121,California
San Benito,2021-03-13,202,15771,101,4591,83,10607,18,573,128,6240,71,5027,146,11267,California
San Benito,2021-03-14,232,16003,40,4631,172,10779,20,593,179,6387,52,5079,199,11466,California
San Benito,2021-03-15,325,16328,101,4732,205,10984,19,612,191,6463,134,5213,210,11676,California
San Benito,2021-03-16,501,16829,221,4953,249,11233,31,643,352,6696,149,5362,382,12058,California
San Benito,2021-03-17,791,17620,477,5430,292,11525,22,665,561,7045,226,5588,575,12633,California
San Benito,2021-03-18,790,18410,527,5957,207,11732,56,721,573,7450,215,5803,620,13253,California
San Benito,2021-03-19,781,19191,404,6361,354,12086,23,744,580,7852,201,6004,603,13856,California
San Benito,2021-03-20,247,19438,152,6513,83,12169,12,756,188,7993,59,6063,200,14056,California
San Benito,2021-03-21,109,19547,56,6569,48,12217,5,761,82,8053,27,6090,87,14143,California
San Benito,2021-03-22,351,19898,171,6740,155,12372,25,786,224,8175,127,6217,249,14392,California
San Benito,2021-03-23,480,20378,202,6942,268,12640,10,796,218,8140,262,6479,227,14619,California
San Benito,2021-03-24,575,20953,305,7247,263,12903,7,803,361,8295,213,6692,368,14987,California
San Benito,2021-03-25,743,21696,441,7688,298,13201,4,807,441,8442,298,6990,445,15432,California
San Benito,2021-03-26,1020,22716,518,8206,498,13699,4,811,339,8105,680,7670,343,15775,California
San Benito,2021-03-27,336,23052,187,8393,116,13815,33,844,215,8234,120,7790,249,16024,California
San Benito,2021-03-28,732,23784,608,9001,119,13934,5,849,128,7763,604,8394,133,16157,California
San Benito,2021-03-29,344,24128,109,9110,215,14149,20,869,148,7734,196,8590,167,16324,California
San Benito,2021-03-30,577,24705,273,9383,210,14359,94,963,292,7835,285,8875,386,16710,California
San Benito,2021-03-31,597,25302,367,9750,206,14565,24,987,343,7951,251,9126,367,17077,California
San Benito,2021-04-01,947,26249,383,10133,526,15091,38,1025,567,8172,379,9505,600,17677,California
San Benito,2021-04-02,542,26791,263,10396,144,15235,135,1160,267,8300,275,9780,403,18080,California
San Benito,2021-04-03,255,27046,88,10484,104,15339,63,1223,75,8258,180,9960,138,18218,California
San Benito,2021-04-04,143,27189,108,10592,30,15369,5,1228,106,8332,37,9997,111,18329,California
San Benito,2021-04-05,352,27541,170,10762,140,15509,42,1270,143,8307,209,10206,184,18513,California
San Benito,2021-04-06,471,28012,164,10926,128,15637,179,1449,159,8333,312,10518,338,18851,California
San Benito,2021-04-07,946,28958,530,11456,227,15864,189,1638,268,8117,676,11194,460,19311,California
San Benito,2021-04-08,863,29821,433,11889,178,16042,252,1890,226,7960,636,11830,479,19790,California
San Benito,2021-04-09,843,30664,500,12389,252,16294,91,1981,291,7792,552,12382,384,20174,California
San Benito,2021-04-10,338,31002,202,12591,77,16371,59,2040,189,7891,149,12531,248,20422,California
San Benito,2021-04-11,474,31476,269,12860,171,16542,34,2074,264,7962,210,12741,281,20703,California
San Benito,2021-04-12,530,32006,285,13145,133,16675,112,2186,277,8095,252,12993,385,21088,California
San Benito,2021-04-13,754,32760,292,13437,439,17114,23,2209,522,8410,231,13224,546,21634,California
San Benito,2021-04-14,832,33592,654,14091,178,17292,0,2209,395,8373,432,13656,395,22029,California
San Benito,2021-04-15,942,34534,734,14825,207,17499,1,2210,469,8372,471,14127,470,22499,California
San Benito,2021-04-16,704,35238,368,15193,327,17826,9,2219,296,8273,405,14532,306,22805,California
San Benito,2021-04-17,321,35559,226,15419,95,17921,0,2219,130,8210,193,14725,130,22935,California
San Benito,2021-04-18,491,36050,410,15829,81,18002,0,2219,235,8192,255,14980,237,23172,California
San Benito,2021-04-19,736,36786,590,16419,146,18148,0,2219,416,8290,319,15299,417,23589,California
San Benito,2021-04-20,768,37554,398,16817,368,18516,2,2221,486,8500,277,15576,487,24076,California
San Benito,2021-04-21,953,38507,702,17519,251,18767,0,2221,513,8587,426,16002,513,24589,California
San Benito,2021-04-22,896,39403,691,18210,205,18972,0,2221,565,8829,323,16325,565,25154,California
San Benito,2021-04-23,635,40038,397,18607,237,19209,1,2222,342,8927,244,16569,342,25496,California
San Benito,2021-04-24,359,40397,203,18810,156,19365,0,2222,168,8943,152,16721,168,25664,California
San Benito,2021-04-25,205,40602,127,18937,78,19443,0,2222,95,8946,92,16813,95,25759,California
San Benito,2021-04-26,479,41081,383,19320,96,19539,0,2222,253,9033,166,16979,253,26012,California
San Benito,2021-04-27,538,41619,277,19597,254,19793,7,2229,402,9317,125,17104,409,26421,California
San Benito,2021-04-28,541,42160,384,19981,148,19941,9,2238,379,9547,157,17261,387,26808,California
San Benito,2021-04-29,628,42788,231,20212,387,20328,10,2248,249,9444,379,17640,276,27084,California
San Benito,2021-04-30,376,43164,208,20420,161,20489,7,2255,202,9481,172,17812,209,27293,California
San Benito,2021-05-01,196,43360,143,20563,45,20534,8,2263,66,9427,128,17940,74,27367,California
San Benito,2021-05-02,189,43549,161,20724,24,20558,4,2267,58,9358,131,18071,62,27429,California
San Benito,2021-05-03,355,43904,281,21005,65,20623,9,2276,85,9184,270,18341,96,27525,California
San Benito,2021-05-04,403,44307,243,21248,152,20775,8,2284,148,9086,253,18594,155,27680,California
San Benito,2021-05-05,600,44907,422,21670,162,20937,16,2300,209,8922,389,18983,225,27905,California
San Benito,2021-05-06,612,45519,485,22155,112,21049,15,2315,222,8773,386,19369,237,28142,California
San Benito,2021-05-07,446,45965,283,22438,153,21202,10,2325,171,8684,273,19642,184,28326,California
San Benito,2021-05-08,276,46241,225,22663,46,21248,5,2330,158,8729,118,19760,163,28489,California
San Benito,2021-05-09,101,46342,76,22739,22,21270,3,2333,48,8728,52,19812,51,28540,California
San Benito,2021-05-10,410,46752,323,23062,63,21333,24,2357,51,8445,359,20171,76,28616,California
San Benito,2021-05-11,806,47558,401,23463,392,21725,13,2370,177,8009,627,20798,191,28807,California
San Benito,2021-05-12,482,48040,386,23849,84,21809,12,2382,111,7764,369,21167,124,28931,California
San Benito,2021-05-13,660,48700,564,24413,86,21895,10,2392,166,7448,491,21658,175,29106,California
San Benito,2021-05-14,595,49295,439,24852,149,22044,7,2399,230,7321,364,22022,237,29343,California
San Benito,2021-05-15,229,49524,172,25024,50,22094,7,2406,127,7353,102,22124,134,29477,California
San Benito,2021-05-16,161,49685,133,25157,26,22120,2,2408,92,7378,69,22193,94,29571,California
San Benito,2021-05-17,377,50062,307,25464,61,22181,9,2417,175,7361,201,22394,184,29755,California
San Benito,2021-05-18,664,50726,345,25809,314,22495,5,2422,207,7117,457,22851,213,29968,California
San Benito,2021-05-19,565,51291,415,26224,142,22637,8,2430,234,7029,330,23181,242,30210,California
San Benito,2021-05-20,563,51854,454,26678,98,22735,11,2441,309,7096,253,23434,320,30530,California
San Benito,2021-05-21,433,52287,257,26935,162,22897,14,2455,201,7081,231,23665,216,30746,California
San Benito,2021-05-22,273,52560,214,27149,55,22952,4,2459,176,7166,96,23761,181,30927,California
San Benito,2021-05-23,68,52628,46,27195,17,22969,5,2464,24,7150,44,23805,28,30955,California
San Benito,2021-05-24,279,52907,236,27431,39,23008,4,2468,172,7219,107,23912,176,31131,California
San Benito,2021-05-25,518,53425,232,27663,279,23287,7,2475,166,7042,350,24262,173,31304,California
San Benito,2021-05-26,278,53703,176,27839,96,23383,6,2481,111,6992,166,24428,116,31420,California
San Benito,2021-05-27,399,54102,302,28141,72,23455,25,2506,147,6916,251,24679,175,31595,California
San Benito,2021-05-28,272,54374,165,28306,101,23556,6,2512,102,6855,169,24848,108,31703,California
San Benito,2021-05-29,145,54519,122,28428,21,23577,2,2514,61,6834,84,24932,63,31766,California
San Benito,2021-05-30,267,54786,252,28680,15,23592,0,2514,91,6751,174,25106,91,31857,California
San Benito,2021-05-31,97,54883,85,28765,10,23602,2,2516,40,6737,56,25162,42,31899,California
San Benito,2021-06-01,148,55031,18,28783,107,23709,23,2539,38,6687,110,25272,60,31959,California
San Bernardino,2020-12-15,13,13,13,13,0,0,0,0,13,13,0,0,13,13,California
San Bernardino,2020-12-16,113,126,113,126,0,0,0,0,113,126,0,0,113,126,California
San Bernardino,2020-12-17,2369,2495,2369,2495,0,0,0,0,2369,2495,0,0,2369,2495,California
San Bernardino,2020-12-18,3151,5646,3148,5643,3,3,0,0,3152,5647,0,0,3152,5647,California
San Bernardino,2020-12-19,1070,6716,1069,6712,1,4,0,0,1071,6718,0,0,1071,6718,California
San Bernardino,2020-12-20,1178,7894,1175,7887,3,7,0,0,1178,7896,0,0,1178,7896,California
San Bernardino,2020-12-21,2458,10352,2453,10340,5,12,0,0,2458,10354,0,0,2458,10354,California
San Bernardino,2020-12-22,2278,12630,2149,12489,129,141,0,0,2279,12633,0,0,2279,12633,California
San Bernardino,2020-12-23,2669,15299,1464,13953,1205,1346,0,0,2667,15300,0,0,2667,15300,California
San Bernardino,2020-12-24,1163,16462,583,14536,580,1926,0,0,1165,16465,0,0,1165,16465,California
San Bernardino,2020-12-25,75,16537,14,14550,61,1987,0,0,75,16540,0,0,75,16540,California
San Bernardino,2020-12-26,462,16999,254,14804,208,2195,0,0,462,17002,0,0,462,17002,California
San Bernardino,2020-12-27,348,17347,162,14966,186,2381,0,0,348,17350,0,0,348,17350,California
San Bernardino,2020-12-28,1572,18919,712,15678,860,3241,0,0,1573,18923,0,0,1573,18923,California
San Bernardino,2020-12-29,2213,21132,1042,16720,1171,4412,0,0,2213,21136,0,0,2213,21136,California
San Bernardino,2020-12-30,2894,24026,1458,18178,1436,5848,0,0,2895,24031,0,0,2895,24031,California
San Bernardino,2020-12-31,1359,25385,439,18617,920,6768,0,0,1357,25388,0,0,1357,25388,California
San Bernardino,2021-01-01,284,25669,151,18768,133,6901,0,0,283,25671,0,0,283,25671,California
San Bernardino,2021-01-02,478,26147,340,19108,138,7039,0,0,478,26149,0,0,478,26149,California
San Bernardino,2021-01-03,136,26283,88,19196,48,7087,0,0,136,26285,0,0,136,26285,California
San Bernardino,2021-01-04,2125,28408,1287,20483,838,7925,0,0,2124,28409,0,0,2124,28409,California
San Bernardino,2021-01-05,2334,30742,1463,21946,871,8796,0,0,2224,30524,109,109,2224,30633,California
San Bernardino,2021-01-06,3437,34179,2350,24296,1087,9883,0,0,2939,32972,492,601,2940,33573,California
San Bernardino,2021-01-07,5418,39597,4506,28802,912,10795,0,0,2468,32509,2931,3532,2468,36041,California
San Bernardino,2021-01-08,5368,44965,4448,33250,920,11715,0,0,2287,31720,3077,6609,2288,38329,California
San Bernardino,2021-01-09,1405,46370,1102,34352,303,12018,0,0,906,32127,499,7108,906,39235,California
San Bernardino,2021-01-10,1026,47396,610,34962,416,12434,0,0,577,32255,449,7557,577,39812,California
San Bernardino,2021-01-11,4985,52381,4077,39039,908,13342,0,0,2768,32810,2213,9770,2768,42580,California
San Bernardino,2021-01-12,4229,56610,3211,42250,1018,14360,0,0,2514,33610,1714,11484,2514,45094,California
San Bernardino,2021-01-13,4571,61181,2849,45099,1722,16082,0,0,3349,35750,1210,12694,3350,48444,California
San Bernardino,2021-01-14,4817,65998,2840,47939,1977,18059,0,0,4236,39409,577,13271,4236,52680,California
San Bernardino,2021-01-15,5968,71966,2954,50893,3014,21073,0,0,5570,44594,388,13659,5573,58253,California
San Bernardino,2021-01-16,2255,74221,1287,52180,968,22041,0,0,2113,46565,142,13801,2113,60366,California
San Bernardino,2021-01-17,1184,75405,508,52688,676,22717,0,0,1101,47586,82,13883,1103,61469,California
San Bernardino,2021-01-18,4268,79673,2637,55325,1631,24348,0,0,3644,50610,623,14506,3647,65116,California
San Bernardino,2021-01-19,6319,85992,3706,59031,2613,26961,0,0,5233,54761,1084,15590,5235,70351,California
San Bernardino,2021-01-20,6844,92836,3768,62799,3076,30037,0,0,4895,57717,1941,17531,4897,75248,California
San Bernardino,2021-01-21,5989,98825,3079,65878,2910,32947,0,0,4870,61480,1110,18641,4873,80121,California
San Bernardino,2021-01-22,6530,105355,3052,68930,3478,36425,0,0,5805,66563,723,19364,5806,85927,California
San Bernardino,2021-01-23,3121,108476,1896,70826,1225,37650,0,0,2730,68903,390,19754,2730,88657,California
San Bernardino,2021-01-24,1195,109671,461,71287,734,38384,0,0,1094,69896,101,19855,1094,89751,California
San Bernardino,2021-01-25,6890,116561,3407,74694,3483,41867,0,0,5052,73116,1835,21690,5055,94806,California
San Bernardino,2021-01-26,7077,123638,3534,78228,3543,45410,0,0,4978,75997,2098,23788,4979,99785,California
San Bernardino,2021-01-27,8519,132157,4143,82371,4376,49786,0,0,5719,78924,2792,26580,5719,105504,California
San Bernardino,2021-01-28,8596,140753,4078,86449,4518,54304,0,0,6274,82881,2317,28897,6274,111778,California
San Bernardino,2021-01-29,8199,148952,3771,90220,4428,58732,0,0,6224,87145,1961,30858,6225,118003,California
San Bernardino,2021-01-30,3094,152046,1900,92120,1194,59926,0,0,2805,89662,288,31146,2805,120808,California
San Bernardino,2021-01-31,926,152972,493,92613,433,60359,0,0,872,90481,53,31199,872,121680,California
San Bernardino,2021-02-01,7582,160554,4252,96865,3330,63689,0,0,4949,92801,2630,33829,4950,126630,California
San Bernardino,2021-02-02,10451,171005,3656,100521,6795,70484,0,0,8391,99137,2056,35885,8392,135022,California
San Bernardino,2021-02-03,9009,180014,4149,104670,4860,75344,0,0,6507,103151,2494,38379,6508,141530,California
San Bernardino,2021-02-04,10525,190539,5186,109856,5339,80683,0,0,7424,107485,3090,41469,7424,148954,California
San Bernardino,2021-02-05,11013,201552,5908,115764,5105,85788,0,0,7492,111468,3510,44979,7493,156447,California
San Bernardino,2021-02-06,5265,206817,2213,117977,3052,88840,0,0,3635,113500,1606,46585,3638,160085,California
San Bernardino,2021-02-07,843,207660,489,118466,354,89194,0,0,468,113597,372,46957,469,160554,California
San Bernardino,2021-02-08,7284,214944,3883,122349,3401,92595,0,0,5615,117545,1667,48624,5615,166169,California
San Bernardino,2021-02-09,10142,225086,5906,128255,4236,96831,0,0,6843,121094,3297,51921,6846,173015,California
San Bernardino,2021-02-10,12084,237170,6453,134708,5631,102462,0,0,7964,124950,4109,56030,7965,180980,California
San Bernardino,2021-02-11,12449,249619,7139,141847,5310,107772,0,0,7936,128399,4490,60520,7939,188919,California
San Bernardino,2021-02-12,10430,260049,5947,147794,4483,112255,0,0,5691,129368,4722,65242,5691,194610,California
San Bernardino,2021-02-13,6049,266098,4021,151815,2028,114283,0,0,3809,130958,2224,67466,3814,198424,California
San Bernardino,2021-02-14,1552,267650,649,152464,903,115186,0,0,873,131159,672,68138,873,199297,California
San Bernardino,2021-02-15,5478,273128,2995,155459,2483,117669,0,0,3062,131819,2402,70540,3062,202359,California
San Bernardino,2021-02-16,12625,285753,7381,162840,5244,122913,0,0,7971,135149,4642,75182,7972,210331,California
San Bernardino,2021-02-17,11813,297566,6464,169304,5349,128262,0,0,7148,137651,4648,79830,7150,217481,California
San Bernardino,2021-02-18,12488,310054,7584,176888,4904,133166,0,0,7702,140582,4772,84602,7703,225184,California
San Bernardino,2021-02-19,11531,321585,5933,182821,5598,138764,0,0,6815,142701,4696,89298,6815,231999,California
San Bernardino,2021-02-20,4523,326108,3470,186291,1053,139817,0,0,2041,142266,2478,91776,2043,234042,California
San Bernardino,2021-02-21,1132,327240,673,186964,459,140276,0,0,393,141922,739,92515,395,234437,California
San Bernardino,2021-02-22,8676,335916,5343,192307,3333,143609,0,0,4044,141347,4621,97136,4046,238483,California
San Bernardino,2021-02-23,9134,345050,5450,197757,3684,147293,0,0,4598,141434,4511,101647,4598,243081,California
San Bernardino,2021-02-24,12451,357501,7178,204935,5273,152566,0,0,6150,141304,6281,107928,6151,249232,California
San Bernardino,2021-02-25,13082,370583,6281,211216,6801,159367,0,0,7614,143470,5451,113379,7617,256849,California
San Bernardino,2021-02-26,13619,384202,6381,217597,7238,166605,0,0,7583,145081,5974,119353,7585,264434,California
San Bernardino,2021-02-27,6667,390869,3726,221323,2940,169545,1,1,4813,148050,1845,121198,4814,269248,California
San Bernardino,2021-02-28,1766,392635,732,222055,1034,170579,0,1,1137,148563,624,121822,1137,270385,California
San Bernardino,2021-03-01,8456,401091,4360,226415,4093,174672,3,4,3840,147821,4593,126415,3851,274236,California
San Bernardino,2021-03-02,13860,414951,5540,231955,8320,182992,0,4,6546,147087,7283,133698,6549,280785,California
San Bernardino,2021-03-03,12889,427840,6530,238485,6356,189348,3,7,6021,146271,6847,140545,6031,286816,California
San Bernardino,2021-03-04,13765,441605,6913,245398,6852,196200,0,7,5981,144493,7763,148308,5985,292801,California
San Bernardino,2021-03-05,14420,456025,7542,252940,6877,203077,1,8,7042,144208,7346,155654,7061,299862,California
San Bernardino,2021-03-06,9727,465752,5456,258396,4047,207124,224,232,4546,143813,5163,160817,4768,304630,California
San Bernardino,2021-03-07,1667,467419,1005,259401,592,207716,70,302,1049,144316,616,161433,1119,305749,California
San Bernardino,2021-03-08,8090,475509,3576,262977,4343,212059,171,473,3594,143596,4488,165921,3768,309517,California
San Bernardino,2021-03-09,13078,488587,7486,270463,5348,217407,244,717,5272,141321,7792,173713,5517,315034,California
San Bernardino,2021-03-10,14212,502799,7851,278314,5805,223212,556,1273,6362,140419,7823,181536,6921,321955,California
San Bernardino,2021-03-11,15625,518424,7242,285556,6794,230006,1589,2862,7395,141189,8209,189745,8979,330934,California
San Bernardino,2021-03-12,15563,533987,6939,292495,6576,236582,2048,4910,7368,142491,8165,197910,9467,340401,California
San Bernardino,2021-03-13,8389,542376,4582,297077,3294,239876,513,5423,4978,144591,3400,201310,5500,345901,California
San Bernardino,2021-03-14,3285,545661,1662,298739,1042,240918,581,6004,1834,145556,1444,202754,2409,348310,California
San Bernardino,2021-03-15,11395,557056,5375,304114,3986,244904,2034,8038,5583,147367,5798,208552,7609,355919,California
San Bernardino,2021-03-16,16224,573280,8033,312147,7245,252149,946,8984,9918,151948,6279,214831,10860,366779,California
San Bernardino,2021-03-17,17388,590668,8646,320793,7993,260142,749,9733,10542,156413,6827,221658,11292,378071,California
San Bernardino,2021-03-18,16630,607298,8230,329023,8013,268155,387,10120,9851,159896,6753,228411,10236,388307,California
San Bernardino,2021-03-19,16983,624281,8430,337453,7964,276119,589,10709,9760,163099,7198,235609,10401,398708,California
San Bernardino,2021-03-20,9444,633725,5961,343414,2893,279012,590,11299,5588,165442,3831,239440,6174,404882,California
San Bernardino,2021-03-21,2795,636520,2275,345689,470,279482,50,11349,2251,167212,531,239971,2301,407183,California
San Bernardino,2021-03-22,9626,646146,4528,350217,4660,284142,438,11787,6973,171990,2632,242603,7410,414593,California
San Bernardino,2021-03-23,15502,661648,8799,359016,6084,290226,619,12406,9597,176321,5884,248487,10215,424808,California
San Bernardino,2021-03-24,15170,676818,7841,366857,7024,297250,305,12711,10077,181646,5058,253545,10383,435191,California
San Bernardino,2021-03-25,17040,693858,8366,375223,8374,305624,300,13011,10798,186548,6192,259737,11094,446285,California
San Bernardino,2021-03-26,18211,712069,8685,383908,8755,314379,771,13782,10899,190937,7282,267019,11671,457956,California
San Bernardino,2021-03-27,10853,722922,7015,390923,3086,317465,752,14534,6191,193237,4642,271661,6942,464898,California
San Bernardino,2021-03-28,3621,726543,2550,393473,958,318423,113,14647,2510,194758,1101,272762,2622,467520,California
San Bernardino,2021-03-29,11780,738323,6122,399595,5257,323680,401,15048,7961,199319,3801,276563,8362,475882,California
San Bernardino,2021-03-30,16997,755320,9486,409081,6794,330474,717,15765,10537,204141,6423,282986,11245,487127,California
San Bernardino,2021-03-31,16607,771927,9342,418423,6627,337101,638,16403,10927,210056,5651,288637,11566,498693,California
San Bernardino,2021-04-01,19795,791722,10461,428884,7919,345020,1415,17818,12743,217197,7010,295647,14151,512844,California
San Bernardino,2021-04-02,18919,810641,9540,438424,8085,353105,1294,19112,11431,222506,7459,303106,12768,525612,California
San Bernardino,2021-04-03,11166,821807,6985,445409,3042,356147,1139,20251,6068,224629,5080,308186,7203,532815,California
San Bernardino,2021-04-04,2499,824306,1505,446914,745,356892,249,20500,1259,224903,1234,309420,1508,534323,California
San Bernardino,2021-04-05,11788,836094,5295,452209,4758,361650,1735,22235,6015,226896,5753,315173,7746,542069,California
San Bernardino,2021-04-06,19756,855850,11120,463329,6522,368172,2114,24349,10443,230191,9268,324441,12563,554632,California
San Bernardino,2021-04-07,20988,876838,11239,474568,7270,375442,2479,26828,11451,234618,9508,333949,13935,568567,California
San Bernardino,2021-04-08,21915,898753,11222,485790,8085,383527,2608,29436,12057,239504,9832,343781,14718,583285,California
San Bernardino,2021-04-09,21785,920538,11090,496880,8129,391656,2566,32002,11861,244070,9890,353671,14456,597741,California
San Bernardino,2021-04-10,15678,936216,8119,504999,3830,395486,3729,35731,7758,247667,7900,361571,11497,609238,California
San Bernardino,2021-04-11,4421,940637,2576,507575,886,396372,959,36690,2025,248257,2390,363961,2980,612218,California
San Bernardino,2021-04-12,13395,954032,6189,513764,5546,401918,1660,38350,6325,249188,7049,371010,7980,620198,California
San Bernardino,2021-04-13,19239,973271,10955,524719,8264,410182,20,38370,11004,252007,8209,379219,11028,631226,California
San Bernardino,2021-04-14,19215,992486,10275,534994,8937,419119,3,38373,10847,254528,8336,387555,10857,642083,California
San Bernardino,2021-04-15,20261,1012747,11323,546317,8932,428051,6,38379,10745,255800,9479,397034,10751,652834,California
San Bernardino,2021-04-16,18576,1031323,10539,556856,8036,436087,1,38380,9125,255518,9407,406441,9125,661959,California
San Bernardino,2021-04-17,11921,1043244,7846,564702,4075,440162,0,38380,6230,256091,5657,412098,6230,668189,California
San Bernardino,2021-04-18,2885,1046129,1980,566682,905,441067,0,38380,1265,255748,1608,413706,1265,669454,California
San Bernardino,2021-04-19,12533,1058662,6682,573364,5851,446918,0,38380,4860,252961,7651,421357,4864,674318,California
San Bernardino,2021-04-20,17606,1076268,9815,583179,7788,454706,3,38383,8041,251467,9539,430896,8045,682363,California
San Bernardino,2021-04-21,18097,1094365,10328,593507,7766,462472,3,38386,7923,249278,10115,441011,7926,690289,California
San Bernardino,2021-04-22,19185,1113550,10966,604473,8215,470687,4,38390,7793,245739,11336,452347,7797,698086,California
San Bernardino,2021-04-23,18472,1132022,10571,615044,7900,478587,1,38391,8050,243416,10376,462723,8053,706139,California
San Bernardino,2021-04-24,12825,1144847,9477,624521,3346,481933,2,38393,6890,244388,5920,468643,6892,713031,California
San Bernardino,2021-04-25,3397,1148244,2226,626747,1171,483104,0,38393,1679,244364,1704,470347,1680,714711,California
San Bernardino,2021-04-26,10508,1158752,5631,632378,4788,487892,89,38482,4449,242877,6024,476371,4537,719248,California
San Bernardino,2021-04-27,15900,1174652,9596,641974,6135,494027,169,38651,6490,240167,9368,485739,6658,725906,California
San Bernardino,2021-04-28,14682,1189334,8716,650690,5691,499718,275,38926,5270,236319,9384,495123,5536,731442,California
San Bernardino,2021-04-29,16174,1205508,9315,660005,6590,506308,269,39195,5367,231176,10775,505898,5632,737074,California
San Bernardino,2021-04-30,16537,1222045,10442,670447,5815,512123,280,39475,6095,227143,10405,516303,6372,743446,California
San Bernardino,2021-05-01,10711,1232756,8404,678851,1998,514121,309,39784,3689,224117,7020,523323,3994,747440,California
San Bernardino,2021-05-02,2927,1235683,2117,680968,678,514799,132,39916,1043,223414,1876,525199,1173,748613,California
San Bernardino,2021-05-03,10030,1245713,5765,686733,3860,518659,405,40321,2900,219600,7117,532316,3303,751916,California
San Bernardino,2021-05-04,15656,1261369,9514,696247,5688,524347,454,40775,4544,213523,11072,543388,4995,756911,California
San Bernardino,2021-05-05,15316,1276685,8804,705051,6099,530446,413,41188,4327,207315,10944,554332,4736,761647,California
San Bernardino,2021-05-06,15748,1292433,8974,714025,6359,536805,415,41603,4286,200589,11426,565758,4700,766347,California
San Bernardino,2021-05-07,15436,1307869,8670,722695,6391,543196,375,41978,4623,194824,10759,576517,4994,771341,California
San Bernardino,2021-05-08,9183,1317052,6110,728805,2829,546025,244,42222,3133,192185,6015,582532,3376,774717,California
San Bernardino,2021-05-09,1808,1318860,1111,729916,607,546632,90,42312,726,191929,1072,583604,816,775533,California
San Bernardino,2021-05-10,7417,1326277,3417,733333,3685,550317,315,42627,2278,189424,5095,588699,2590,778123,California
San Bernardino,2021-05-11,11878,1338155,6545,739878,5007,555324,326,42953,3723,185357,8117,596816,4050,782173,California
San Bernardino,2021-05-12,12001,1350156,6390,746268,5322,560646,289,43242,3432,180550,8524,605340,3717,785890,California
San Bernardino,2021-05-13,12457,1362613,7391,753659,4725,565371,341,43583,4770,178012,7643,612983,5105,790995,California
San Bernardino,2021-05-14,13583,1376196,9028,762687,4221,569592,334,43917,5651,176123,7874,620857,5985,796980,California
San Bernardino,2021-05-15,11219,1387415,8319,771006,2712,572304,188,44105,4502,174123,6685,627542,4685,801665,California
San Bernardino,2021-05-16,2765,1390180,2039,773045,665,572969,61,44166,1310,174055,1438,628980,1370,803035,California
San Bernardino,2021-05-17,9896,1400076,6731,779776,2893,575862,272,44438,4618,173707,5241,634221,4893,807928,California
San Bernardino,2021-05-18,13294,1413370,8767,788543,4272,580134,255,44693,6178,173055,7081,641302,6429,814357,California
San Bernardino,2021-05-19,11465,1424835,7182,795725,3910,584044,373,45066,5343,172686,6082,647384,5713,820070,California
San Bernardino,2021-05-20,9942,1434777,5859,801584,3785,587829,298,45364,4480,172034,5427,652811,4775,824845,California
San Bernardino,2021-05-21,10789,1445566,7144,808728,3294,591123,351,45715,4719,171077,6026,658837,5069,829914,California
San Bernardino,2021-05-22,7308,1452874,5566,814294,1550,592673,192,45907,3648,171291,3624,662461,3838,833752,California
San Bernardino,2021-05-23,1285,1454159,827,815121,385,593058,73,45980,650,171385,629,663090,723,834475,California
San Bernardino,2021-05-24,6572,1460731,4125,819246,2155,595213,292,46272,2971,171088,3559,666649,3262,837737,California
San Bernardino,2021-05-25,9181,1469912,5624,824870,3296,598509,261,46533,4144,170484,5009,671658,4405,842142,California
San Bernardino,2021-05-26,8003,1477915,5090,829960,2685,601194,228,46761,3716,170168,4253,675911,3937,846079,California
San Bernardino,2021-05-27,7443,1485358,4538,834498,2681,603875,224,46985,3405,169798,3996,679907,3626,849705,California
San Bernardino,2021-05-28,8524,1493882,5326,839824,2922,606797,276,47261,4230,170054,4251,684158,4507,854212,California
San Bernardino,2021-05-29,4769,1498651,3198,843022,1463,608260,108,47369,2458,170324,2295,686453,2565,856777,California
San Bernardino,2021-05-30,1713,1500364,1217,844239,433,608693,63,47432,900,170479,807,687260,962,857739,California
San Bernardino,2021-05-31,876,1501240,555,844794,300,608993,21,47453,318,170263,555,687815,339,858078,California
San Bernardino,2021-06-01,4658,1505898,3219,848013,1280,610273,159,47612,1479,168749,3148,690963,1634,859712,California
San Diego,2020-12-15,119,119,119,119,0,0,0,0,119,119,0,0,119,119,California
San Diego,2020-12-16,1103,1222,1103,1222,0,0,0,0,1103,1222,0,0,1103,1222,California
San Diego,2020-12-17,2350,3572,2350,3572,0,0,0,0,2350,3572,0,0,2350,3572,California
San Diego,2020-12-18,3670,7242,3669,7241,1,1,0,0,3670,7242,0,0,3670,7242,California
San Diego,2020-12-19,2313,9555,2313,9554,0,1,0,0,2313,9555,0,0,2313,9555,California
San Diego,2020-12-20,1185,10740,1184,10738,1,2,0,0,1185,10740,0,0,1185,10740,California
San Diego,2020-12-21,3522,14262,3521,14259,1,3,0,0,3522,14262,0,0,3522,14262,California
San Diego,2020-12-22,4061,18323,3417,17676,644,647,0,0,4061,18323,0,0,4061,18323,California
San Diego,2020-12-23,3182,21505,1978,19654,1204,1851,0,0,3182,21505,0,0,3182,21505,California
San Diego,2020-12-24,2736,24241,2219,21873,517,2368,0,0,2736,24241,0,0,2736,24241,California
San Diego,2020-12-25,876,25117,875,22748,1,2369,0,0,876,25117,0,0,876,25117,California
San Diego,2020-12-26,3294,28411,2143,24891,1151,3520,0,0,3294,28411,0,0,3294,28411,California
San Diego,2020-12-27,2510,30921,1619,26510,891,4411,0,0,2509,30919,1,1,2509,30920,California
San Diego,2020-12-28,5912,36833,4225,30735,1687,6098,0,0,5912,36831,0,1,5912,36832,California
San Diego,2020-12-29,5572,42405,2999,33734,2573,8671,0,0,5572,42403,0,1,5572,42404,California
San Diego,2020-12-30,5943,48348,3099,36833,2844,11515,0,0,5943,48346,0,1,5943,48347,California
San Diego,2020-12-31,3039,51387,1054,37887,1985,13500,0,0,3039,51385,0,1,3039,51386,California
San Diego,2021-01-01,1006,52393,452,38339,554,14054,0,0,1006,52391,0,1,1006,52392,California
San Diego,2021-01-02,3745,56138,1303,39642,2442,16496,0,0,3745,56136,0,1,3745,56137,California
San Diego,2021-01-03,859,56997,633,40275,226,16722,0,0,858,56994,0,1,858,56995,California
San Diego,2021-01-04,3702,60699,2049,42324,1653,18375,0,0,3695,60689,0,1,3695,60690,California
San Diego,2021-01-05,4376,65075,2185,44509,2191,20566,0,0,3759,63847,613,614,3771,64461,California
San Diego,2021-01-06,4947,70022,2290,46799,2657,23223,0,0,3713,66353,1211,1825,3717,68178,California
San Diego,2021-01-07,5665,75687,2983,49782,2682,25905,0,0,3506,67713,2152,3977,3512,71690,California
San Diego,2021-01-08,7867,83554,4941,54723,2926,28831,0,0,4081,68042,3769,7746,4098,75788,California
San Diego,2021-01-09,3500,87054,1940,56663,1560,30391,0,0,1950,68465,1538,9284,1961,77749,California
San Diego,2021-01-10,1882,88936,1294,57957,588,30979,0,0,778,68160,1092,10376,787,78536,California
San Diego,2021-01-11,10334,99270,5860,63817,4474,35453,0,0,6804,71459,3523,13899,6822,85358,California
San Diego,2021-01-12,11199,110469,5313,69130,5886,41339,0,0,7821,76025,3369,17268,7935,93293,California
San Diego,2021-01-13,11511,121980,5053,74183,6458,47797,0,0,8967,82484,2532,19800,8991,102284,California
San Diego,2021-01-14,12365,134345,4746,78929,7619,55416,0,0,10196,90555,2161,21961,10232,112516,California
San Diego,2021-01-15,15133,149478,5355,84284,9778,65194,0,0,12487,100470,2627,24588,12542,125058,California
San Diego,2021-01-16,10772,160250,3594,87878,7178,72372,0,0,9326,108386,1441,26029,9357,134415,California
San Diego,2021-01-17,8682,168932,2497,90375,6185,78557,0,0,7842,115408,840,26869,7862,142277,California
San Diego,2021-01-18,12880,181812,6316,96691,6564,85121,0,0,10030,122680,2818,29687,10090,152367,California
San Diego,2021-01-19,14598,196410,5669,102360,8929,94050,0,0,11488,131334,3100,32787,11754,164121,California
San Diego,2021-01-20,18330,214740,6388,108748,11942,105992,0,0,15009,143226,3301,36088,15193,179314,California
San Diego,2021-01-21,17300,232040,5785,114533,11515,117507,0,0,15911,157900,1380,37468,16054,195368,California
San Diego,2021-01-22,17584,249624,4662,119195,12922,130429,0,0,15551,171513,2019,39487,15632,211000,California
San Diego,2021-01-23,14491,264115,5280,124475,9211,139640,0,0,12133,181359,2347,41834,12193,223193,California
San Diego,2021-01-24,11904,276019,3345,127820,8559,148199,0,0,10930,191357,972,42806,10970,234163,California
San Diego,2021-01-25,12273,288292,5802,133622,6471,154670,0,0,9253,197753,3013,45819,9409,243572,California
San Diego,2021-01-26,15157,303449,7858,141480,7299,161969,0,0,11770,206325,3385,49204,11957,255529,California
San Diego,2021-01-27,20581,324030,7940,149420,12641,174610,0,0,17561,221020,3011,52215,17706,273235,California
San Diego,2021-01-28,21310,345340,7651,157071,13659,188269,0,0,19037,237880,2263,54478,19123,292358,California
San Diego,2021-01-29,19729,365069,6480,163551,13249,201518,0,0,17287,252783,2432,56910,17335,309693,California
San Diego,2021-01-30,15906,380975,3668,167219,12238,213756,0,0,13223,263431,2673,59583,13321,323014,California
San Diego,2021-01-31,14812,395787,5764,172983,9048,222804,0,0,14451,277556,357,59940,14482,337496,California
San Diego,2021-02-01,21038,416825,7735,180718,13303,236107,0,0,17486,291582,3538,63478,17564,355060,California
San Diego,2021-02-02,22899,439724,8375,189093,14524,250631,0,0,19630,308121,3260,66738,19799,374859,California
San Diego,2021-02-03,27669,467393,11770,200863,15899,266530,0,0,23356,327373,4294,71032,23546,398405,California
San Diego,2021-02-04,24253,491646,9896,210759,14357,280887,0,0,19624,342667,4612,75644,19906,418311,California
San Diego,2021-02-05,24934,516580,8890,219649,16044,296931,0,0,18246,354700,6664,82308,18697,437008,California
San Diego,2021-02-06,20782,537362,8555,228204,12227,309158,0,0,17531,369206,3248,85556,17754,454762,California
San Diego,2021-02-07,12138,549500,5377,233581,6761,315919,0,0,10254,377846,1873,87429,10513,465275,California
San Diego,2021-02-08,20124,569624,8533,242114,11591,327510,0,0,12679,383776,7434,94863,13364,478639,California
San Diego,2021-02-09,20494,590118,8327,250441,12167,339677,0,0,13197,390768,7276,102139,14268,492907,California
San Diego,2021-02-10,22976,613094,9339,259780,13637,353314,0,0,13848,396923,9071,111210,15226,508133,California
San Diego,2021-02-11,23846,636940,10186,269966,13660,366974,0,0,12768,400329,11051,122261,14457,522590,California
San Diego,2021-02-12,23841,660781,7447,277413,16394,383368,0,0,11881,402540,11943,134204,14154,536744,California
San Diego,2021-02-13,20032,680813,9026,286439,11006,394374,0,0,10902,405520,9124,143328,12104,548848,California
San Diego,2021-02-14,11187,692000,7433,293872,3754,398128,0,0,6320,408492,4863,148191,7835,556683,California
San Diego,2021-02-15,15272,707272,7761,301633,7511,405639,0,0,7829,411968,7421,155612,10897,567580,California
San Diego,2021-02-16,19294,726566,11268,312901,8026,413665,0,0,9219,414112,10063,165675,12207,579787,California
San Diego,2021-02-17,23415,749981,11000,323901,12415,426080,0,0,8120,410044,15280,180955,11212,590999,California
San Diego,2021-02-18,23575,773556,12010,335911,11565,437645,0,0,7774,406116,15789,196744,11861,602860,California
San Diego,2021-02-19,15905,789461,10910,346821,4995,442640,0,0,6635,405474,9252,205996,8610,611470,California
San Diego,2021-02-20,10265,799726,6366,353187,3899,446539,0,0,5808,408735,4455,210451,7716,619186,California
San Diego,2021-02-21,11571,811297,10157,363344,1414,447953,0,0,5185,409054,6381,216832,6700,625886,California
San Diego,2021-02-22,12451,823748,10592,373936,1859,449812,0,0,5755,409762,6692,223524,7400,633286,California
San Diego,2021-02-23,25869,849617,14491,388427,11378,461190,0,0,9623,409050,16238,239762,15526,648812,California
San Diego,2021-02-24,28961,878578,12766,401193,16195,477385,0,0,6857,401263,22084,261846,14297,663109,California
San Diego,2021-02-25,33211,911789,14732,415925,18479,495864,0,0,10126,396737,23066,284912,18540,681649,California
San Diego,2021-02-26,33480,945269,12403,428328,21077,516941,0,0,12107,394619,21343,306255,19225,700874,California
San Diego,2021-02-27,21249,966518,9689,438017,11560,528501,0,0,11445,400537,9799,316054,15717,716591,California
San Diego,2021-02-28,15287,981805,9989,448006,5298,533799,0,0,9522,407089,5764,321818,12316,728907,California
San Diego,2021-03-01,24260,1006065,14320,462326,9938,543737,2,2,14728,416233,9454,331272,18598,747505,California
San Diego,2021-03-02,26186,1032251,14095,476421,12091,555828,0,2,12764,422285,13412,344684,19464,766969,California
San Diego,2021-03-03,34026,1066277,15951,492372,18072,573900,3,5,14075,423350,19930,364614,20995,787964,California
San Diego,2021-03-04,28319,1094596,14111,506483,14208,588108,0,5,12614,427046,15683,380297,19379,807343,California
San Diego,2021-03-05,29020,1123616,14919,521402,14019,602127,82,87,13518,431894,15477,395774,20325,827668,California
San Diego,2021-03-06,23439,1147055,9598,531000,13140,615267,701,788,10352,434554,13073,408847,15733,843401,California
San Diego,2021-03-07,18247,1165302,9338,540338,8338,623605,571,1359,6929,434411,11309,420156,11166,854567,California
San Diego,2021-03-08,23108,1188410,11227,551565,10973,634578,908,2267,11447,440009,11641,431797,17239,871806,California
San Diego,2021-03-09,25916,1214326,11998,563563,12159,646737,1759,4026,10142,440079,15759,447556,15829,887635,California
San Diego,2021-03-10,25566,1239892,10815,574378,12353,659090,2398,6424,10134,441265,15416,462972,16602,904237,California
San Diego,2021-03-11,28663,1268555,11024,585402,14041,673131,3598,10022,9986,440156,18654,481626,17545,921782,California
San Diego,2021-03-12,27315,1295870,9554,594956,14621,687752,3140,13162,10031,439747,17271,498897,16862,938644,California
San Diego,2021-03-13,26234,1322104,7308,602264,17137,704889,1789,14951,10140,439761,16090,514987,16104,954748,California
San Diego,2021-03-14,13882,1335986,5501,607765,7642,712531,739,15690,4820,438593,9053,524040,7885,962633,California
San Diego,2021-03-15,22034,1358020,10176,617941,11078,723609,780,16470,9019,438494,13002,537042,12903,975536,California
San Diego,2021-03-16,30012,1388032,15796,633737,13804,737413,412,16882,15735,443446,14254,551296,19206,994742,California
San Diego,2021-03-17,26352,1414384,12241,645978,13391,750804,720,17602,16793,453470,9542,560838,19566,1014308,California
San Diego,2021-03-18,31538,1445922,17814,663792,12804,763608,920,18522,17036,458485,14468,575306,19483,1033791,California
San Diego,2021-03-19,30355,1476277,14405,678197,14910,778518,1040,19562,19400,469190,10933,586239,21638,1055429,California
San Diego,2021-03-20,27898,1504175,8457,686654,17638,796156,1803,21365,21428,487070,6458,592697,24338,1079767,California
San Diego,2021-03-21,16583,1520758,12106,698760,3760,799916,717,22082,7715,487967,8853,601550,9750,1089517,California
San Diego,2021-03-22,22548,1543306,13151,711911,9120,809036,277,22359,14330,497129,8205,609755,17367,1106884,California
San Diego,2021-03-23,26007,1569313,13643,725554,12085,821121,279,22638,17132,507710,8860,618615,19441,1126325,California
San Diego,2021-03-24,29589,1598902,19784,745338,9423,830544,382,23020,17102,514772,12476,631091,19538,1145863,California
San Diego,2021-03-25,30385,1629287,18313,763651,11388,841932,684,23704,17990,523187,12376,643467,20791,1166654,California
San Diego,2021-03-26,32156,1661443,17944,781595,13639,855571,573,24277,17503,529460,14628,658095,20901,1187555,California
San Diego,2021-03-27,25515,1686958,11049,792644,14073,869644,393,24670,15692,537985,9805,667900,18330,1205885,California
San Diego,2021-03-28,15084,1702042,9239,801883,5788,875432,57,24727,9265,542963,5813,673713,10791,1216676,California
San Diego,2021-03-29,26735,1728777,12921,814804,13181,888613,633,25360,16448,552204,10277,683990,19518,1236194,California
San Diego,2021-03-30,33246,1762023,17902,832706,14555,903168,789,26149,22019,565613,11215,695205,24624,1260818,California
San Diego,2021-03-31,30482,1792505,18801,851507,10975,914143,706,26855,20640,578226,9825,705030,22438,1283256,California
San Diego,2021-04-01,34358,1826863,20063,871570,12795,926938,1500,28355,23246,593197,11088,716118,26059,1309315,California
San Diego,2021-04-02,35806,1862669,20674,892244,12325,939263,2807,31162,24113,609866,11674,727792,28343,1337658,California
San Diego,2021-04-03,30867,1893536,14461,906705,11795,951058,4611,35773,19722,624259,11132,738924,25525,1363183,California
San Diego,2021-04-04,9058,1902594,5204,911909,2926,953984,928,36701,4819,625948,4234,743158,5923,1369106,California
San Diego,2021-04-05,29762,1932356,15406,927315,11704,965688,2652,39353,19380,640101,10364,753522,24517,1393623,California
San Diego,2021-04-06,38760,1971116,20397,947712,12449,978137,5914,45267,22329,654036,16415,769937,30350,1423973,California
San Diego,2021-04-07,35851,2006967,21989,969701,9287,987424,4575,49842,20327,664626,15501,785438,26091,1450064,California
San Diego,2021-04-08,35259,2042226,21376,991077,9711,997135,4172,54014,21316,678746,13924,799362,28044,1478108,California
San Diego,2021-04-09,38436,2080662,22929,1014006,10291,1007426,5216,59230,20813,690497,17557,816919,29308,1507416,California
San Diego,2021-04-10,29193,2109855,11786,1025792,13396,1020822,4011,63241,15099,698541,14084,831003,22128,1529544,California
San Diego,2021-04-11,16260,2126115,10078,1035870,3868,1024690,2314,65555,7265,702105,8991,839994,12555,1542099,California
San Diego,2021-04-12,30856,2156971,12864,1048734,13660,1038350,4332,69887,17186,713611,13655,853649,25161,1567260,California
San Diego,2021-04-13,37218,2194189,17790,1066524,19392,1057742,36,69923,24791,728844,12406,866055,27639,1594899,California
San Diego,2021-04-14,33097,2227286,18934,1085458,14150,1071892,13,69936,17921,735944,15162,881217,22262,1617161,California
San Diego,2021-04-15,39580,2266866,20390,1105848,19186,1091078,4,69940,24149,747506,15413,896630,26975,1644136,California
San Diego,2021-04-16,33850,2300716,18590,1124438,15257,1106335,3,69943,19647,755376,14142,910772,22012,1666148,California
San Diego,2021-04-17,27898,2328614,13544,1137982,14354,1120689,0,69943,12387,755369,15417,926189,15410,1681558,California
San Diego,2021-04-18,14500,2343114,8913,1146895,5584,1126273,3,69946,6780,757380,7707,933896,9718,1691276,California
San Diego,2021-04-19,26600,2369714,13570,1160465,13029,1139302,1,69947,12524,757592,14057,947953,14269,1705545,California
San Diego,2021-04-20,39058,2408772,17780,1178245,21276,1160578,2,69949,19970,761440,19067,967020,22915,1728460,California
San Diego,2021-04-21,35049,2443821,20936,1199181,14113,1174691,0,69949,16989,763388,18025,985045,19973,1748433,California
San Diego,2021-04-22,44672,2488493,22947,1222128,21721,1196412,4,69953,22440,766636,22191,1007236,25439,1773872,California
San Diego,2021-04-23,42248,2530741,26025,1248153,16221,1212633,2,69955,15787,759127,26430,1033666,18921,1792793,California
San Diego,2021-04-24,34979,2565720,18870,1267023,16094,1228727,15,69970,15667,758659,19279,1052945,18811,1811604,California
San Diego,2021-04-25,12650,2578370,7709,1274732,4941,1233668,0,69970,5938,759235,6704,1059649,7280,1818884,California
San Diego,2021-04-26,31132,2609502,15530,1290262,15471,1249139,131,70101,10696,753893,20424,1080073,15082,1833966,California
San Diego,2021-04-27,42642,2652144,23522,1313784,18700,1267839,420,70521,18826,752278,23784,1103857,22169,1856135,California
San Diego,2021-04-28,38341,2690485,22631,1336415,15036,1282875,674,71195,17389,751630,20919,1124776,20271,1876406,California
San Diego,2021-04-29,38120,2728605,24281,1360696,13185,1296060,654,71849,15427,746739,22658,1147434,17767,1894173,California
San Diego,2021-04-30,38132,2766737,23144,1383840,13966,1310026,1022,72871,14972,741404,23123,1170557,17788,1911961,California
San Diego,2021-05-01,24350,2791087,10735,1394575,12970,1322996,645,73516,9584,739000,14757,1185314,12353,1924314,California
San Diego,2021-05-02,10735,2801822,7543,1402118,2605,1325601,587,74103,3300,735780,7430,1192744,4210,1928524,California
San Diego,2021-05-03,25349,2827171,12488,1414606,11703,1337304,1158,75261,9374,731147,15952,1208696,11319,1939843,California
San Diego,2021-05-04,31980,2859151,17646,1432252,13004,1350308,1330,76591,11575,724765,20376,1229072,13994,1953837,California
San Diego,2021-05-05,27745,2886896,17045,1449297,9411,1359719,1289,77880,10623,720516,17101,1246173,12852,1966689,California
San Diego,2021-05-06,28467,2915363,18844,1468141,8709,1368428,914,78794,10863,717184,17575,1263748,14243,1980932,California
San Diego,2021-05-07,29656,2945019,19545,1487686,9061,1377489,1050,79844,11070,711946,18547,1282295,13309,1994241,California
San Diego,2021-05-08,22665,2967684,10774,1498460,11178,1388667,713,80557,7305,706020,15337,1297632,9411,2003652,California
San Diego,2021-05-09,7495,2975179,5679,1504139,1407,1390074,409,80966,2617,704585,4872,1302504,3437,2007089,California
San Diego,2021-05-10,21683,2996862,8463,1512602,12405,1402479,815,81781,5971,696930,15681,1318185,8026,2015115,California
San Diego,2021-05-11,27703,3024565,11253,1523855,15674,1418153,776,82557,9668,690952,18011,1336196,12033,2027148,California
San Diego,2021-05-12,21962,3046527,11696,1535551,9475,1427628,791,83348,8039,686884,13898,1350094,9830,2036978,California
San Diego,2021-05-13,29648,3076175,17697,1553248,11340,1438968,611,83959,12311,684977,17283,1367377,15376,2052354,California
San Diego,2021-05-14,30743,3106918,19699,1572947,10197,1449165,847,84806,14029,685227,16678,1384055,16928,2069282,California
San Diego,2021-05-15,26165,3133083,16498,1589445,8845,1458010,822,85628,10935,682718,15179,1399234,12670,2081952,California
San Diego,2021-05-16,12986,3146069,9712,1599157,2698,1460708,576,86204,6495,683672,6480,1405714,7434,2089386,California
San Diego,2021-05-17,21463,3167532,13034,1612191,7671,1468379,758,86962,9449,682751,11977,1417691,11056,2100442,California
San Diego,2021-05-18,34246,3201778,19396,1631587,13974,1482353,876,87838,13927,678688,20284,1437975,16221,2116663,California
San Diego,2021-05-19,28512,3230290,17940,1649527,9764,1492117,808,88646,12360,676818,16122,1454097,14252,2130915,California
San Diego,2021-05-20,30569,3260859,16344,1665871,13459,1505576,766,89412,10317,668943,20221,1474318,12346,2143261,California
San Diego,2021-05-21,22843,3283702,14372,1680243,7536,1513112,935,90347,9442,666922,13372,1487690,11351,2154612,California
San Diego,2021-05-22,17454,3301156,9674,1689917,6686,1519798,1094,91441,7456,666361,9981,1497671,9420,2164032,California
San Diego,2021-05-23,4828,3305984,3603,1693520,941,1520739,284,91725,2591,667237,2216,1499887,3092,2167124,California
San Diego,2021-05-24,17644,3323628,8996,1702516,6759,1527498,1889,93614,6533,665402,11094,1510981,9259,2176383,California
San Diego,2021-05-25,24213,3347841,13233,1715749,9147,1536645,1833,95447,8755,661701,15426,1526407,11725,2188108,California
San Diego,2021-05-26,19167,3367008,10645,1726394,6513,1543158,2009,97456,6743,658876,12391,1538798,9566,2197674,California
San Diego,2021-05-27,20552,3387560,12034,1738428,6132,1549290,2386,99842,7039,655844,13495,1552293,10463,2208137,California
San Diego,2021-05-28,21032,3408592,13252,1751680,7073,1556363,707,100549,8432,653476,12583,1564876,10215,2218352,California
San Diego,2021-05-29,11804,3420396,7520,1759200,3796,1560159,488,101037,5103,652845,6686,1571562,6055,2224407,California
San Diego,2021-05-30,4680,3425076,3208,1762408,1106,1561265,366,101403,2065,652886,2610,1574172,2651,2227058,California
San Diego,2021-05-31,2585,3427661,1766,1764174,648,1561913,171,101574,884,652355,1699,1575871,1168,2228226,California
San Diego,2021-06-01,9544,3437205,5413,1769587,2736,1564649,1395,102969,2178,649017,7357,1583228,4019,2232245,California
San Francisco,2020-12-15,7,7,7,7,0,0,0,0,7,7,0,0,7,7,California
San Francisco,2020-12-16,230,237,230,237,0,0,0,0,230,237,0,0,230,237,California
San Francisco,2020-12-17,394,631,394,631,0,0,0,0,394,631,0,0,394,631,California
San Francisco,2020-12-18,879,1510,878,1509,1,1,0,0,879,1510,0,0,879,1510,California
San Francisco,2020-12-19,603,2113,603,2112,0,1,0,0,603,2113,0,0,603,2113,California
San Francisco,2020-12-20,484,2597,484,2596,0,1,0,0,484,2597,0,0,484,2597,California
San Francisco,2020-12-21,1167,3764,1167,3763,0,1,0,0,1167,3764,0,0,1167,3764,California
San Francisco,2020-12-22,1406,5170,1372,5135,34,35,0,0,1406,5170,0,0,1406,5170,California
San Francisco,2020-12-23,1358,6528,1062,6197,296,331,0,0,1358,6528,0,0,1358,6528,California
San Francisco,2020-12-24,845,7373,506,6703,339,670,0,0,845,7373,0,0,845,7373,California
San Francisco,2020-12-25,35,7408,30,6733,5,675,0,0,35,7408,0,0,35,7408,California
San Francisco,2020-12-26,247,7655,152,6885,95,770,0,0,247,7655,0,0,247,7655,California
San Francisco,2020-12-27,274,7929,60,6945,214,984,0,0,274,7929,0,0,274,7929,California
San Francisco,2020-12-28,1273,9202,689,7634,584,1568,0,0,1273,9202,0,0,1273,9202,California
San Francisco,2020-12-29,1253,10455,628,8262,625,2193,0,0,1253,10455,0,0,1253,10455,California
San Francisco,2020-12-30,1489,11944,780,9042,709,2902,0,0,1489,11944,0,0,1489,11944,California
San Francisco,2020-12-31,964,12908,410,9452,554,3456,0,0,963,12907,0,0,963,12907,California
San Francisco,2021-01-01,94,13002,72,9524,22,3478,0,0,94,13001,0,0,94,13001,California
San Francisco,2021-01-02,337,13339,303,9827,34,3512,0,0,337,13338,0,0,337,13338,California
San Francisco,2021-01-03,298,13637,105,9932,193,3705,0,0,297,13634,1,1,297,13635,California
San Francisco,2021-01-04,1839,15476,1355,11287,484,4189,0,0,1836,15467,3,4,1836,15471,California
San Francisco,2021-01-05,2236,17712,1420,12707,816,5005,0,0,2201,17635,35,39,2203,17674,California
San Francisco,2021-01-06,1873,19585,1161,13868,712,5717,0,0,1609,18983,262,301,1610,19284,California
San Francisco,2021-01-07,2068,21653,1207,15075,861,6578,0,0,1608,20134,457,758,1608,20892,California
San Francisco,2021-01-08,2335,23988,1638,16713,697,7275,0,0,1496,20796,834,1592,1496,22388,California
San Francisco,2021-01-09,1389,25377,894,17607,495,7770,0,0,884,21177,505,2097,886,23274,California
San Francisco,2021-01-10,919,26296,541,18148,378,8148,0,0,460,21179,458,2555,460,23734,California
San Francisco,2021-01-11,2506,28802,1871,20019,635,8783,0,0,1403,21478,1104,3659,1403,25137,California
San Francisco,2021-01-12,3093,31895,2071,22090,1022,9805,0,0,1898,22183,1195,4854,1900,27037,California
San Francisco,2021-01-13,2833,34728,1618,23708,1215,11020,0,0,1999,23348,834,5688,1999,29036,California
San Francisco,2021-01-14,2445,37173,1103,24811,1342,12362,0,0,1884,24671,561,6249,1884,30920,California
San Francisco,2021-01-15,2749,39922,1148,25959,1601,13963,0,0,2358,26642,389,6638,2360,33280,California
San Francisco,2021-01-16,2258,42180,965,26924,1293,15256,0,0,2091,28567,167,6805,2092,35372,California
San Francisco,2021-01-17,1926,44106,533,27457,1393,16649,0,0,1710,30061,216,7021,1710,37082,California
San Francisco,2021-01-18,1380,45486,595,28052,785,17434,0,0,1114,30911,265,7286,1115,38197,California
San Francisco,2021-01-19,2582,48068,1476,29528,1106,18540,0,0,1831,31991,751,8037,1831,40028,California
San Francisco,2021-01-20,2762,50830,1129,30657,1633,20173,0,0,2008,33249,751,8788,2009,42037,California
San Francisco,2021-01-21,3322,54152,946,31603,2376,22549,0,0,2486,34901,834,9622,2486,44523,California
San Francisco,2021-01-22,3190,57342,644,32247,2546,25095,0,0,2748,37209,440,10062,2748,47271,California
San Francisco,2021-01-23,3093,60435,611,32858,2482,27577,0,0,2725,39568,367,10429,2726,49997,California
San Francisco,2021-01-24,2431,62866,365,33223,2066,29643,0,0,2200,41540,228,10657,2200,52197,California
San Francisco,2021-01-25,4638,67504,1833,35056,2805,32448,0,0,3050,43005,1586,12243,3051,55248,California
San Francisco,2021-01-26,4711,72215,2172,37228,2539,34987,0,0,3080,44459,1628,13871,3082,58330,California
San Francisco,2021-01-27,4359,76574,2001,39229,2358,37345,0,0,3073,46248,1284,15155,3073,61403,California
San Francisco,2021-01-28,3759,80333,1554,40783,2205,39550,0,0,2598,47690,1156,16311,2598,64001,California
San Francisco,2021-01-29,4723,85056,1682,42465,3041,42591,0,0,3450,49874,1266,17577,3450,67451,California
San Francisco,2021-01-30,3785,88841,1847,44312,1938,44529,0,0,3330,52754,454,18031,3334,70785,California
San Francisco,2021-01-31,2352,91193,825,45137,1527,46056,0,0,2201,54806,150,18181,2202,72987,California
San Francisco,2021-02-01,3976,95169,1701,46838,2275,48331,0,0,2905,56641,1071,19252,2906,75893,California
San Francisco,2021-02-02,4488,99657,1796,48634,2692,51023,0,0,2893,57945,1589,20841,2893,78786,California
San Francisco,2021-02-03,5071,104728,2377,51011,2694,53717,0,0,3755,60388,1313,22154,3756,82542,California
San Francisco,2021-02-04,5025,109753,2427,53438,2598,56315,0,0,3862,63089,1161,23315,3862,86404,California
San Francisco,2021-02-05,5960,115713,3215,56653,2745,59060,0,0,4617,66366,1341,24656,4618,91022,California
San Francisco,2021-02-06,5491,121204,3670,60323,1821,60881,0,0,4590,70059,899,25555,4592,95614,California
San Francisco,2021-02-07,4344,125548,3195,63518,1149,62030,0,0,3767,73255,574,26129,3770,99384,California
San Francisco,2021-02-08,6737,132285,4643,68161,2094,64124,0,0,5515,77566,1206,27335,5517,104901,California
San Francisco,2021-02-09,5940,138225,3995,72156,1945,66069,0,0,4388,80394,1561,28896,4389,109290,California
San Francisco,2021-02-10,6898,145123,4191,76347,2707,68776,0,0,5091,83686,1802,30698,5094,114384,California
San Francisco,2021-02-11,6724,151847,3987,80334,2737,71513,0,0,4902,86772,1817,32515,4903,119287,California
San Francisco,2021-02-12,5333,157180,2674,83008,2659,74172,0,0,3495,88427,1840,34355,3495,122782,California
San Francisco,2021-02-13,4384,161564,2563,85571,1821,75993,0,0,3048,90141,1336,35691,3050,125832,California
San Francisco,2021-02-14,3428,164992,2249,87820,1179,77172,0,0,2299,91314,1128,36819,2301,128133,California
San Francisco,2021-02-15,2775,167767,1507,89327,1268,78440,0,0,1681,91903,1092,37911,1681,129814,California
San Francisco,2021-02-16,5077,172844,2791,92118,2286,80726,0,0,2984,92807,2086,39997,2990,132804,California
San Francisco,2021-02-17,5342,178186,2615,94733,2727,83453,0,0,2956,93388,2376,42373,2957,135761,California
San Francisco,2021-02-18,5370,183556,2626,97359,2744,86197,0,0,2788,93598,2581,44954,2791,138552,California
San Francisco,2021-02-19,5644,189200,2648,100007,2996,89193,0,0,2930,93822,2708,47662,2932,141484,California
San Francisco,2021-02-20,4527,193727,2180,102187,2347,91540,0,0,1697,92699,2821,50483,1698,143182,California
San Francisco,2021-02-21,2889,196616,1518,103705,1371,92911,0,0,1280,92379,1601,52084,1281,144463,California
San Francisco,2021-02-22,5125,201741,3192,106897,1933,94844,0,0,2579,92422,2538,54622,2581,147044,California
San Francisco,2021-02-23,5538,207279,3158,110055,2380,97224,0,0,2837,92565,2694,57316,2837,149881,California
San Francisco,2021-02-24,9041,216320,5121,115176,3920,101144,0,0,4838,93211,4193,61509,4839,154720,California
San Francisco,2021-02-25,9800,226120,6883,122059,2917,104061,0,0,6336,96088,3461,64970,6338,161058,California
San Francisco,2021-02-26,11994,238114,7782,129841,4212,108273,0,0,7109,98313,4885,69855,7110,168168,California
San Francisco,2021-02-27,9261,247375,6000,135841,3260,111533,1,1,4652,98372,4595,74450,4654,172822,California
San Francisco,2021-02-28,7770,255145,5583,141424,2187,113720,0,1,3860,98324,3909,78359,3861,176683,California
San Francisco,2021-03-01,11085,266230,7496,148920,3585,117305,4,5,5384,98038,5676,84035,5390,182073,California
San Francisco,2021-03-02,9980,276210,6730,155650,3250,120555,0,5,5661,99391,4309,88344,5662,187735,California
San Francisco,2021-03-03,11282,287492,6553,162203,4728,125283,1,6,6157,100440,5112,93456,6161,193896,California
San Francisco,2021-03-04,8772,296264,5511,167714,3261,128544,0,6,4951,101578,3813,97269,4951,198847,California
San Francisco,2021-03-05,9218,305482,5655,173369,3559,132103,4,10,5778,103933,3428,100697,5783,204630,California
San Francisco,2021-03-06,7121,312603,4659,178028,2253,134356,209,219,4445,105894,2690,103387,4651,209281,California
San Francisco,2021-03-07,5394,317997,4220,182248,1115,135471,59,278,3107,106760,2300,105687,3166,212447,California
San Francisco,2021-03-08,7477,325474,5475,187723,1816,137287,186,464,5900,111237,1609,107296,6086,218533,California
San Francisco,2021-03-09,8341,333815,5539,193262,2427,139714,375,839,6104,115468,2243,109539,6474,225007,California
San Francisco,2021-03-10,11230,345045,6607,199869,4123,143837,500,1339,7040,118841,4168,113707,7541,232548,California
San Francisco,2021-03-11,10109,355154,6389,206258,2755,146592,965,2304,6635,122979,3455,117162,7593,240141,California
San Francisco,2021-03-12,10878,366032,6359,212617,3176,149768,1343,3647,6060,125582,4796,121958,7399,247540,California
San Francisco,2021-03-13,6713,372745,3944,216561,1708,151476,1061,4708,4178,128295,2526,124484,5239,252779,California
San Francisco,2021-03-14,7579,380324,4929,221490,2406,153882,244,4952,3986,128945,3578,128062,4228,257007,California
San Francisco,2021-03-15,12097,392421,9254,230744,1897,155779,946,5898,8393,134582,3690,131752,9327,266334,California
San Francisco,2021-03-16,12227,404648,8337,239081,3430,159209,460,6358,8830,140497,3374,135126,9289,275623,California
San Francisco,2021-03-17,13368,418016,8291,247372,4514,163723,563,6921,9631,146979,3708,138834,10190,285813,California
San Francisco,2021-03-18,10091,428107,6864,254236,2604,166327,623,7544,5753,149035,4314,143148,6370,292183,California
San Francisco,2021-03-19,12410,440517,9074,263310,2868,169195,468,8012,6576,150267,5806,148954,7038,299221,California
San Francisco,2021-03-20,8892,449409,6545,269855,1881,171076,466,8478,5175,152224,3686,152640,5643,304864,California
San Francisco,2021-03-21,6615,456024,6058,275913,420,171496,137,8615,3735,153233,2862,155502,3871,308735,California
San Francisco,2021-03-22,9860,465884,6937,282850,2077,173573,846,9461,5115,154467,4720,160222,5954,314689,California
San Francisco,2021-03-23,11275,477159,7480,290330,3145,176718,650,10111,6315,156499,4930,165152,6962,321651,California
San Francisco,2021-03-24,12393,489552,9497,299827,2360,179078,536,10647,6272,157223,6078,171230,6802,328453,California
San Francisco,2021-03-25,11963,501515,8746,308573,2653,181731,564,11211,5896,157682,5997,177227,6456,334909,California
San Francisco,2021-03-26,12024,513539,8340,316913,3450,185181,234,11445,5889,157702,6101,183328,6121,341030,California
San Francisco,2021-03-27,8791,522330,5894,322807,2548,187729,349,11794,3758,156796,5012,188340,4106,345136,California
San Francisco,2021-03-28,6688,529018,5344,328151,1302,189031,42,11836,3003,156178,3660,192000,3042,348178,California
San Francisco,2021-03-29,11590,540608,7997,336148,3406,192437,187,12023,4849,154501,6711,198711,5034,353212,California
San Francisco,2021-03-30,11675,552283,7326,343474,4056,196493,293,12316,5515,154173,6135,204846,5807,359019,California
San Francisco,2021-03-31,12291,564574,8185,351659,3806,200299,300,12616,4958,152127,7298,212144,5252,364271,California
San Francisco,2021-04-01,13995,578569,7436,359095,4857,205156,1702,14318,6015,151889,7942,220086,7704,371975,California
San Francisco,2021-04-02,14866,593435,6565,365660,6415,211571,1886,16204,6955,152834,7888,227974,8833,380808,California
San Francisco,2021-04-03,10593,604028,4910,370570,3857,215428,1826,18030,4859,153796,5718,233692,6680,387488,California
San Francisco,2021-04-04,9048,613076,4795,375365,2595,218023,1658,19688,3575,153566,5459,239151,5229,392717,California
San Francisco,2021-04-05,16042,629118,9824,385189,4332,222355,1886,21574,6316,152067,9696,248847,8197,400914,California
San Francisco,2021-04-06,16066,645184,9512,394701,4486,226841,2068,23642,6233,150557,9807,258654,8297,409211,California
San Francisco,2021-04-07,16852,662036,10027,404728,4593,231434,2232,25874,6982,149919,9844,268498,9206,418417,California
San Francisco,2021-04-08,14194,676230,6749,411477,3026,234460,4419,30293,4620,149396,9541,278039,9018,427435,California
San Francisco,2021-04-09,15835,692065,7654,419131,4827,239287,3354,33647,6599,150134,9204,287243,9942,437377,California
San Francisco,2021-04-10,13312,705377,5691,424822,5876,245163,1745,35392,7102,152789,6184,293427,8839,446216,California
San Francisco,2021-04-11,10008,715385,7500,432322,1334,246497,1174,36566,5168,154301,4827,298254,6339,452555,California
San Francisco,2021-04-12,10593,725978,6879,439201,2565,249062,1149,37715,4843,154560,5728,303982,5987,458542,California
San Francisco,2021-04-13,10759,736737,7292,446493,3454,252516,13,37728,5407,154654,5330,309312,5424,463966,California
San Francisco,2021-04-14,13275,750012,7994,454487,5280,257796,1,37729,6375,154166,6864,316176,6376,470342,California
San Francisco,2021-04-15,13709,763721,9507,463994,4201,261997,1,37730,8048,156588,5630,321806,8052,478394,California
San Francisco,2021-04-16,12912,776633,8690,472684,4178,266175,44,37774,7621,158996,5261,327067,7669,486063,California
San Francisco,2021-04-17,10055,786688,7299,479983,2755,268930,1,37775,7087,163137,2951,330018,7092,493155,California
San Francisco,2021-04-18,6607,793295,5046,485029,1559,270489,2,37777,4087,164725,2503,332521,4091,497246,California
San Francisco,2021-04-19,10867,804162,8168,493197,2695,273184,4,37781,6985,167859,3865,336386,6999,504245,California
San Francisco,2021-04-20,12330,816492,7211,500408,5117,278301,2,37783,8503,172565,3800,340186,8506,512751,California
San Francisco,2021-04-21,10555,827047,7541,507949,3009,281310,5,37788,6430,174906,4098,344284,6439,519190,California
San Francisco,2021-04-22,10436,837483,7720,515669,2715,284025,1,37789,6021,176542,4392,348676,6028,525218,California
San Francisco,2021-04-23,10328,847811,5923,521592,4405,288430,0,37789,6134,178518,4165,352841,6141,531359,California
San Francisco,2021-04-24,7944,855755,5466,527058,2478,290908,0,37789,4698,179999,3225,356066,4706,536065,California
San Francisco,2021-04-25,5026,860781,4326,531384,694,291602,6,37795,2937,180871,2074,358140,2946,539011,California
San Francisco,2021-04-26,7941,868722,5624,537008,2305,293907,12,37807,3909,180797,4007,362147,3933,542944,California
San Francisco,2021-04-27,8443,877165,5702,542710,2613,296520,128,37935,4199,180914,4220,366367,4337,547281,California
San Francisco,2021-04-28,9249,886414,6522,549232,2536,299056,191,38126,4756,181404,4461,370828,4951,552232,California
San Francisco,2021-04-29,9106,895520,5385,554617,3528,302584,193,38319,4369,181267,4711,375539,4574,556806,California
San Francisco,2021-04-30,10865,906385,5181,559798,5484,308068,200,38519,3976,178597,6851,382390,4181,560987,California
San Francisco,2021-05-01,6937,913322,3584,563382,3239,311307,114,38633,1706,175215,5204,387594,1822,562809,California
San Francisco,2021-05-02,5323,918645,3092,566474,2133,313440,98,38731,974,171948,4342,391936,1075,563884,California
San Francisco,2021-05-03,9663,928308,6580,573054,2922,316362,161,38892,2460,167403,7173,399109,2628,566512,California
San Francisco,2021-05-04,9348,937656,5983,579037,3115,319477,250,39142,2291,162923,7026,406135,2546,569058,California
San Francisco,2021-05-05,8760,946416,6121,585158,2330,321807,309,39451,2147,158813,6570,412705,2460,571518,California
San Francisco,2021-05-06,10710,957126,8563,593721,1677,323484,470,39921,1856,152319,8821,421526,2327,573845,California
San Francisco,2021-05-07,10091,967217,6457,600178,3365,326849,269,40190,1639,145801,8426,429952,1908,575753,California
San Francisco,2021-05-08,8357,975574,3545,603723,4682,331531,130,40320,984,139574,7342,437294,1115,576868,California
San Francisco,2021-05-09,6689,982263,5830,609553,777,332308,82,40402,1221,135427,5444,442738,1297,578165,California
San Francisco,2021-05-10,6969,989232,4930,614483,1789,334097,250,40652,1043,130820,5899,448637,1292,579457,California
San Francisco,2021-05-11,7138,996370,5113,619596,1822,335919,203,40855,1380,126679,5725,454362,1584,581041,California
San Francisco,2021-05-12,7417,1003787,5329,624925,1654,337573,434,41289,1503,122724,5884,460246,1929,582970,California
San Francisco,2021-05-13,10361,1014148,7544,632469,2604,340177,213,41502,3832,120274,6502,466748,4052,587022,California
San Francisco,2021-05-14,9270,1023418,6572,639041,2528,342705,170,41672,2999,117211,6242,472990,3179,590201,California
San Francisco,2021-05-15,7785,1031203,6249,645290,1479,344184,57,41729,3003,115518,4765,477755,3072,593273,California
San Francisco,2021-05-16,4956,1036159,4174,649464,724,344908,58,41787,1841,114322,3095,480850,1899,595172,California
San Francisco,2021-05-17,7232,1043391,5387,654851,1679,346587,166,41953,2552,112383,4660,485510,2721,597893,California
San Francisco,2021-05-18,8642,1052033,4968,659819,3500,350087,174,42127,2034,108028,6564,492074,2209,600102,California
San Francisco,2021-05-19,7438,1059471,5526,665345,1680,351767,232,42359,2473,105794,4938,497012,2704,602806,California
San Francisco,2021-05-20,5342,1064813,3637,668982,1510,353277,195,42554,1549,103774,3761,500773,1741,604547,California
San Francisco,2021-05-21,6643,1071456,3760,672742,2734,356011,149,42703,1739,100797,4862,505635,1885,606432,California
San Francisco,2021-05-22,4349,1075805,3376,676118,925,356936,48,42751,2105,100724,2227,507862,2154,608586,California
San Francisco,2021-05-23,1542,1077347,1254,677372,256,357192,32,42783,785,100796,747,508609,819,609405,California
San Francisco,2021-05-24,4068,1081415,2872,680244,1029,358221,167,42950,1263,99445,2781,511390,1430,610835,California
San Francisco,2021-05-25,3732,1085147,2415,682659,1087,359308,230,43180,1161,98279,2552,513942,1386,612221,California
San Francisco,2021-05-26,3972,1089119,2582,685241,1239,360547,151,43331,1271,97025,2676,516618,1422,613643,California
San Francisco,2021-05-27,3731,1092850,2170,687411,1378,361925,183,43514,1435,96353,2288,518906,1616,615259,California
San Francisco,2021-05-28,3766,1096616,2159,689570,1448,363373,159,43673,1425,95620,2316,521222,1583,616842,California
San Francisco,2021-05-29,2018,1098634,1463,691033,473,363846,82,43755,897,95491,1103,522325,974,617816,California
San Francisco,2021-05-30,1002,1099636,711,691744,246,364092,45,43800,424,95389,569,522894,467,618283,California
San Francisco,2021-05-31,258,1099894,209,691953,42,364134,7,43807,90,95319,167,523061,97,618380,California
San Francisco,2021-06-01,2165,1102059,1110,693063,931,365065,124,43931,627,94537,1532,524593,750,619130,California
San Joaquin,2020-12-15,12,12,12,12,0,0,0,0,12,12,0,0,12,12,California
San Joaquin,2020-12-16,309,321,309,321,0,0,0,0,309,321,0,0,309,321,California
San Joaquin,2020-12-17,312,633,312,633,0,0,0,0,312,633,0,0,312,633,California
San Joaquin,2020-12-18,523,1156,519,1152,4,4,0,0,523,1156,0,0,523,1156,California
San Joaquin,2020-12-19,188,1344,188,1340,0,4,0,0,188,1344,0,0,188,1344,California
San Joaquin,2020-12-20,114,1458,113,1453,1,5,0,0,114,1458,0,0,114,1458,California
San Joaquin,2020-12-21,492,1950,492,1945,0,5,0,0,492,1950,0,0,492,1950,California
San Joaquin,2020-12-22,971,2921,851,2796,120,125,0,0,970,2920,0,0,970,2920,California
San Joaquin,2020-12-23,988,3909,929,3725,59,184,0,0,986,3906,2,2,988,3908,California
San Joaquin,2020-12-24,216,4125,188,3913,28,212,0,0,215,4121,1,3,216,4124,California
San Joaquin,2020-12-25,14,4139,14,3927,0,212,0,0,14,4135,0,3,14,4138,California
San Joaquin,2020-12-26,102,4241,30,3957,72,284,0,0,102,4237,0,3,102,4240,California
San Joaquin,2020-12-27,42,4283,29,3986,13,297,0,0,42,4279,0,3,42,4282,California
San Joaquin,2020-12-28,624,4907,421,4407,203,500,0,0,624,4903,0,3,624,4906,California
San Joaquin,2020-12-29,792,5699,665,5072,127,627,0,0,792,5695,0,3,792,5698,California
San Joaquin,2020-12-30,1010,6709,718,5790,292,919,0,0,1008,6703,2,5,1010,6708,California
San Joaquin,2020-12-31,453,7162,202,5992,251,1170,0,0,453,7156,1,6,454,7162,California
San Joaquin,2021-01-01,23,7185,13,6005,10,1180,0,0,23,7179,0,6,23,7185,California
San Joaquin,2021-01-02,265,7450,243,6248,22,1202,0,0,265,7444,0,6,265,7450,California
San Joaquin,2021-01-03,38,7488,20,6268,18,1220,0,0,37,7480,1,7,37,7487,California
San Joaquin,2021-01-04,477,7965,338,6606,139,1359,0,0,475,7954,1,8,475,7962,California
San Joaquin,2021-01-05,980,8945,647,7253,333,1692,0,0,810,8631,170,178,847,8809,California
San Joaquin,2021-01-06,1221,10166,708,7961,513,2205,0,0,916,9251,300,478,920,9729,California
San Joaquin,2021-01-07,1080,11246,683,8644,397,2602,0,0,790,9755,287,765,791,10520,California
San Joaquin,2021-01-08,1200,12446,820,9464,380,2982,0,0,715,9990,484,1249,719,11239,California
San Joaquin,2021-01-09,379,12825,300,9764,79,3061,0,0,249,10110,130,1379,250,11489,California
San Joaquin,2021-01-10,224,13049,118,9882,106,3167,0,0,171,10229,52,1431,171,11660,California
San Joaquin,2021-01-11,1529,14578,1322,11204,207,3374,0,0,863,10494,665,2096,930,12590,California
San Joaquin,2021-01-12,1465,16043,1053,12257,412,3786,0,0,696,10496,765,2861,767,13357,California
San Joaquin,2021-01-13,1529,17572,896,13153,633,4419,0,0,956,10886,571,3432,961,14318,California
San Joaquin,2021-01-14,1749,19321,972,14125,777,5196,0,0,1406,11986,322,3754,1422,15740,California
San Joaquin,2021-01-15,1528,20849,540,14665,988,6184,0,0,1303,13096,210,3964,1320,17060,California
San Joaquin,2021-01-16,1128,21977,179,14844,949,7133,0,0,1099,14167,28,3992,1099,18159,California
San Joaquin,2021-01-17,1620,23597,135,14979,1485,8618,0,0,1579,15707,41,4033,1581,19740,California
San Joaquin,2021-01-18,740,24337,238,15217,502,9120,0,0,619,16209,117,4150,619,20359,California
San Joaquin,2021-01-19,1872,26209,898,16115,974,10094,0,0,1190,16730,677,4827,1198,21557,California
San Joaquin,2021-01-20,2088,28297,1285,17400,803,10897,0,0,1440,17535,641,5468,1446,23003,California
San Joaquin,2021-01-21,1973,30270,894,18294,1079,11976,0,0,1577,18731,389,5857,1585,24588,California
San Joaquin,2021-01-22,1955,32225,896,19190,1059,13035,0,0,1813,20409,137,5994,1815,26403,California
San Joaquin,2021-01-23,899,33124,398,19588,501,13536,0,0,615,20743,283,6277,617,27020,California
San Joaquin,2021-01-24,351,33475,135,19723,216,13752,0,0,328,21051,20,6297,328,27348,California
San Joaquin,2021-01-25,1999,35474,1145,20868,854,14606,0,0,1434,21925,562,6859,1436,28784,California
San Joaquin,2021-01-26,2152,37626,1116,21984,1036,15642,0,0,1539,22862,607,7466,1544,30328,California
San Joaquin,2021-01-27,1731,39357,769,22753,962,16604,0,0,1235,23613,491,7957,1242,31570,California
San Joaquin,2021-01-28,2039,41396,767,23520,1272,17876,0,0,1385,24355,650,8607,1392,32962,California
San Joaquin,2021-01-29,2153,43549,1047,24567,1106,18982,0,0,1806,25828,341,8948,1814,34776,California
San Joaquin,2021-01-30,2171,45720,352,24919,1819,20801,0,0,1993,27646,177,9125,1995,36771,California
San Joaquin,2021-01-31,1559,47279,181,25100,1378,22179,0,0,1494,29077,64,9189,1495,38266,California
San Joaquin,2021-02-01,2524,49803,1339,26439,1185,23364,0,0,1767,30090,757,9946,1770,40036,California
San Joaquin,2021-02-02,2581,52384,1155,27594,1426,24790,0,0,1971,31515,550,10496,1975,42011,California
San Joaquin,2021-02-03,3075,55459,1214,28808,1861,26651,0,0,2210,32873,858,11354,2216,44227,California
San Joaquin,2021-02-04,3539,58998,1812,30620,1727,28378,0,0,2646,34637,888,12242,2652,46879,California
San Joaquin,2021-02-05,3166,62164,1803,32423,1363,29741,0,0,2343,36178,814,13056,2355,49234,California
San Joaquin,2021-02-06,1085,63249,746,33169,339,30080,0,0,942,36980,141,13197,943,50177,California
San Joaquin,2021-02-07,618,63867,489,33658,129,30209,0,0,414,37196,199,13396,415,50592,California
San Joaquin,2021-02-08,1784,65651,1034,34692,750,30959,0,0,1444,38329,317,13713,1450,52042,California
San Joaquin,2021-02-09,2121,67772,1153,35845,968,31927,0,0,1580,39441,471,14184,1583,53625,California
San Joaquin,2021-02-10,2558,70330,1246,37091,1312,33239,0,0,1340,39586,1196,15380,1341,54966,California
San Joaquin,2021-02-11,2911,73241,1482,38573,1429,34668,0,0,1697,40108,1182,16562,1704,56670,California
San Joaquin,2021-02-12,2817,76058,1127,39700,1690,36358,0,0,1595,40507,1201,17763,1600,58270,California
San Joaquin,2021-02-13,2117,78175,396,40096,1721,38079,0,0,855,40120,1248,19011,861,59131,California
San Joaquin,2021-02-14,1902,80077,260,40356,1642,39721,0,0,690,39628,1183,20194,691,59822,California
San Joaquin,2021-02-15,1990,82067,837,41193,1153,40874,0,0,1196,40064,764,20958,1200,61022,California
San Joaquin,2021-02-16,3158,85225,1373,42566,1785,42659,0,0,1746,40424,1397,22355,1757,62779,California
San Joaquin,2021-02-17,3276,88501,1265,43831,2011,44670,0,0,1866,40897,1397,23752,1870,64649,California
San Joaquin,2021-02-18,3335,91836,1370,45201,1965,46635,0,0,1897,41394,1405,25157,1902,66551,California
San Joaquin,2021-02-19,4264,96100,2407,47608,1857,48492,0,0,2385,41955,1824,26981,2385,68936,California
San Joaquin,2021-02-20,1550,97650,658,48266,892,49384,0,0,1055,42516,494,27475,1055,69991,California
San Joaquin,2021-02-21,664,98314,504,48770,160,49544,0,0,416,42690,245,27720,419,70410,California
San Joaquin,2021-02-22,3537,101851,2495,51265,1042,50586,0,0,2527,44242,980,28700,2532,72942,California
San Joaquin,2021-02-23,4306,106157,2620,53885,1686,52272,0,0,2649,45267,1629,30329,2654,75596,California
San Joaquin,2021-02-24,5747,111904,3414,57299,2333,54605,0,0,4128,47807,1593,31922,4133,79729,California
San Joaquin,2021-02-25,6334,118238,3915,61214,2419,57024,0,0,4086,49691,2212,34134,4096,83825,California
San Joaquin,2021-02-26,5477,123715,2848,64062,2629,59653,0,0,3768,51789,1676,35810,3774,87599,California
San Joaquin,2021-02-27,5460,129175,1620,65682,3840,63493,0,0,2629,51654,2776,38586,2641,90240,California
San Joaquin,2021-02-28,3082,132257,1106,66788,1976,65469,0,0,2035,52669,1022,39608,2037,92277,California
San Joaquin,2021-03-01,4107,136364,1805,68593,2300,67769,2,2,2328,53244,1762,41370,2337,94614,California
San Joaquin,2021-03-02,4205,140569,1680,70273,2525,70294,0,2,2642,54400,1541,42911,2697,97311,California
San Joaquin,2021-03-03,5782,146351,3434,73707,2346,72640,2,4,4170,56984,1588,44499,4172,101483,California
San Joaquin,2021-03-04,5712,152063,2267,75974,3442,76082,3,7,3734,58759,1963,46462,3738,105221,California
San Joaquin,2021-03-05,4453,156516,1896,77870,2552,78634,5,12,3070,60471,1367,47829,3079,108300,California
San Joaquin,2021-03-06,3301,159817,2173,80043,998,79632,130,142,2718,62743,579,48408,2851,111151,California
San Joaquin,2021-03-07,1222,161039,564,80607,610,80242,48,190,936,63444,268,48676,969,112120,California
San Joaquin,2021-03-08,3148,164187,1264,81871,1759,82001,125,315,2134,64700,1002,49678,2258,114378,California
San Joaquin,2021-03-09,4022,168209,1822,83693,2072,84073,128,443,2668,66162,1339,51017,2801,117179,California
San Joaquin,2021-03-10,4643,172852,2467,86160,2037,86110,139,582,3416,68506,1212,52229,3556,120735,California
San Joaquin,2021-03-11,4940,177792,2344,88504,1993,88103,603,1185,2936,70055,1993,54222,3542,124277,California
San Joaquin,2021-03-12,6282,184074,3135,91639,2811,90914,336,1521,4157,72456,2099,56321,4500,128777,California
San Joaquin,2021-03-13,3070,187144,1455,93094,1489,92403,126,1647,2290,74108,772,57093,2424,131201,California
San Joaquin,2021-03-14,2161,189305,671,93765,1187,93590,303,1950,1028,74318,1126,58219,1336,132537,California
San Joaquin,2021-03-15,6075,195380,3497,97262,2173,95763,405,2355,3178,75050,2864,61083,3596,136133,California
San Joaquin,2021-03-16,6851,202231,3898,101160,2695,98458,258,2613,4035,76555,2794,63877,4299,140432,California
San Joaquin,2021-03-17,7805,210036,4675,105835,3060,101518,70,2683,4339,77546,3427,67304,4418,144850,California
San Joaquin,2021-03-18,7638,217674,4493,110328,2640,104158,505,3188,3774,78012,3821,71125,4287,149137,California
San Joaquin,2021-03-19,7937,225611,4654,114982,2741,106899,542,3730,4807,80301,3107,74232,5396,154533,California
San Joaquin,2021-03-20,3682,229293,2126,117108,1312,108211,244,3974,1831,80551,1836,76068,2086,156619,California
San Joaquin,2021-03-21,2108,231401,1495,118603,406,108617,207,4181,1185,81074,913,76981,1436,158055,California
San Joaquin,2021-03-22,3974,235375,2038,120641,1520,110137,416,4597,2348,82235,1609,78590,2770,160825,California
San Joaquin,2021-03-23,5381,240756,2643,123284,2571,112708,167,4764,3711,84470,1650,80240,3885,164710,California
San Joaquin,2021-03-24,6835,247591,4241,127525,2507,115215,87,4851,3018,83803,3780,84020,3113,167823,California
San Joaquin,2021-03-25,5558,253149,3302,130827,2214,117429,42,4893,3294,84904,2242,86262,3343,171166,California
San Joaquin,2021-03-26,6171,259320,2558,133385,3463,120892,150,5043,3232,85392,2913,89175,3401,174567,California
San Joaquin,2021-03-27,4663,263983,2625,136010,1966,122858,72,5115,1807,84449,2833,92008,1890,176457,California
San Joaquin,2021-03-28,2723,266706,1807,137817,891,123749,25,5140,1294,84438,1409,93417,1398,177855,California
San Joaquin,2021-03-29,4040,270746,2181,139998,1836,125585,23,5163,2019,84490,2005,95422,2057,179912,California
San Joaquin,2021-03-30,6220,276966,3165,143163,2963,128548,92,5255,3429,85268,2763,98185,3541,183453,California
San Joaquin,2021-03-31,6588,283554,4150,147313,2377,130925,61,5316,3337,85455,3234,101419,3421,186874,California
San Joaquin,2021-04-01,6412,289966,2975,150288,3350,134275,87,5403,2832,84874,3557,104976,2976,189850,California
San Joaquin,2021-04-02,6333,296299,2880,153168,2960,137235,493,5896,2531,84152,3777,108753,3055,192905,California
San Joaquin,2021-04-03,4140,300439,2331,155499,1484,138719,325,6221,1996,84357,2127,110880,2332,195237,California
San Joaquin,2021-04-04,2281,302720,1365,156864,714,139433,202,6423,1548,85399,725,111605,1767,197004,California
San Joaquin,2021-04-05,4763,307483,2831,159695,1700,141133,232,6655,2634,86158,2117,113722,2876,199880,California
San Joaquin,2021-04-06,7042,314525,4527,164222,2248,143381,267,6922,3332,86092,3681,117403,3615,203495,California
San Joaquin,2021-04-07,8326,322851,4526,168748,2213,145594,1587,8509,3495,86374,4815,122218,5097,208592,California
San Joaquin,2021-04-08,8742,331593,4701,173449,1936,147530,2105,10614,3305,86376,5408,127626,5410,214002,California
San Joaquin,2021-04-09,8864,340457,4275,177724,3030,150560,1559,12173,3211,85538,5630,133256,4792,218794,California
San Joaquin,2021-04-10,5212,345669,1626,179350,1679,152239,1907,14080,1758,85756,3443,136699,3661,222455,California
San Joaquin,2021-04-11,4077,349746,1549,180899,1362,153601,1166,15246,1770,86390,2297,138996,2931,225386,California
San Joaquin,2021-04-12,5971,355717,2379,183278,2056,155657,1536,16782,2332,86644,3619,142615,3873,229259,California
San Joaquin,2021-04-13,7457,363174,4297,187575,3153,158810,7,16789,4569,88363,2865,145480,4584,233843,California
San Joaquin,2021-04-14,7454,370628,3722,191297,3731,162541,1,16790,4464,89865,2972,148452,4474,238317,California
San Joaquin,2021-04-15,7802,378430,4601,195898,3201,165742,0,16790,4356,90815,3412,151864,4362,242679,California
San Joaquin,2021-04-16,7631,386061,4073,199971,3555,169297,3,16793,4572,92369,3032,154896,4586,247265,California
San Joaquin,2021-04-17,5151,391212,2784,202755,2365,171662,2,16795,3657,94560,1484,156380,3675,250940,California
San Joaquin,2021-04-18,2464,393676,1365,204120,1099,172761,0,16795,1307,94733,1142,157522,1315,252255,California
San Joaquin,2021-04-19,5175,398851,2798,206918,2377,175138,0,16795,2763,95119,2387,159909,2773,255028,California
San Joaquin,2021-04-20,6224,405075,3278,210196,2946,178084,0,16795,2951,94833,3247,163156,2961,257989,California
San Joaquin,2021-04-21,5647,410722,3131,213327,2516,180600,0,16795,2919,95080,2679,165835,2926,260915,California
San Joaquin,2021-04-22,5292,416014,3132,216459,2158,182758,2,16797,3066,95965,2200,168035,3085,264000,California
San Joaquin,2021-04-23,5909,421923,2838,219297,3070,185828,1,16798,3751,97584,2137,170172,3756,267756,California
San Joaquin,2021-04-24,5231,427154,3606,222903,1624,187452,1,16799,3411,99209,1794,171966,3419,271175,California
San Joaquin,2021-04-25,3044,430198,2561,225464,483,187935,0,16799,2013,100218,1011,172977,2020,273195,California
San Joaquin,2021-04-26,3920,434118,2594,228058,1322,189257,4,16803,2059,100437,1848,174825,2067,275262,California
San Joaquin,2021-04-27,4505,438623,2609,230667,1846,191103,50,16853,1901,99812,2582,177407,1957,277219,California
San Joaquin,2021-04-28,5527,444150,3329,233996,2123,193226,75,16928,2728,99854,2769,180176,2811,280030,California
San Joaquin,2021-04-29,4823,448973,2819,236815,1948,195174,56,16984,2442,99996,2362,182538,2504,282534,California
San Joaquin,2021-04-30,4947,453920,2410,239225,2470,197644,67,17051,2563,100267,2368,184906,2639,285173,California
San Joaquin,2021-05-01,3329,457249,1908,241133,1362,199006,59,17110,2121,101259,1201,186107,2193,287366,California
San Joaquin,2021-05-02,2295,459544,1598,242731,641,199647,56,17166,1171,101368,1120,187227,1229,288595,California
San Joaquin,2021-05-03,3316,462860,2247,244978,994,200641,75,17241,1400,100949,1901,189128,1482,290077,California
San Joaquin,2021-05-04,4836,467696,3293,248271,1387,202028,156,17397,1781,99861,3035,192163,1947,292024,California
San Joaquin,2021-05-05,4749,472445,3196,251467,1391,203419,162,17559,1972,99251,2751,194914,2141,294165,California
San Joaquin,2021-05-06,4621,477066,3087,254554,1406,204825,128,17687,2036,98857,2568,197482,2174,296339,California
San Joaquin,2021-05-07,5074,482140,2942,257496,1979,206804,153,17840,1888,97743,3163,200645,2049,298388,California
San Joaquin,2021-05-08,3260,485400,2097,259593,1062,207866,101,17941,1204,97014,2042,202687,1313,299701,California
San Joaquin,2021-05-09,1475,486875,838,260431,567,208433,70,18011,593,96803,879,203566,668,300369,California
San Joaquin,2021-05-10,2797,489672,1465,261896,1209,209642,123,18134,917,95984,1865,205431,1046,301415,California
San Joaquin,2021-05-11,4074,493746,2154,264050,1805,211447,115,18249,1300,94668,2759,208190,1443,302858,California
San Joaquin,2021-05-12,4087,497833,1892,265942,2081,213528,114,18363,1295,93312,2778,210968,1422,304280,California
San Joaquin,2021-05-13,4264,502097,2402,268344,1777,215305,85,18448,1577,92314,2672,213640,1674,305954,California
San Joaquin,2021-05-14,5716,507813,3400,271744,2208,217513,108,18556,2402,91544,3288,216928,2518,308472,California
San Joaquin,2021-05-15,5208,513021,3090,274834,2040,219553,78,18634,1628,89705,3548,220476,1709,310181,California
San Joaquin,2021-05-16,3535,516556,2762,277596,724,220277,49,18683,1432,89104,2090,222566,1489,311670,California
San Joaquin,2021-05-17,4107,520663,2454,280050,1556,221833,97,18780,1798,88718,2294,224860,1908,313578,California
San Joaquin,2021-05-18,3921,524584,2263,282313,1539,223372,119,18899,1894,88721,2010,226870,2013,315591,California
San Joaquin,2021-05-19,4700,529284,2719,285032,1849,225221,132,19031,2069,88332,2599,229469,2210,317801,California
San Joaquin,2021-05-20,3494,532778,2156,287188,1252,226473,86,19117,1606,88154,1870,231339,1692,319493,California
San Joaquin,2021-05-21,4308,537086,2538,289726,1666,228139,104,19221,1968,87922,2312,233651,2080,321573,California
San Joaquin,2021-05-22,3426,540512,2160,291886,1187,229326,79,19300,1618,87832,1795,235446,1705,323278,California
San Joaquin,2021-05-23,2083,542595,1804,293690,248,229574,31,19331,1295,88377,782,236228,1327,324605,California
San Joaquin,2021-05-24,2926,545521,1674,295364,1164,230738,88,19419,1395,88353,1514,237742,1490,326095,California
San Joaquin,2021-05-25,2993,548514,1892,297256,1002,231740,99,19518,1463,88407,1509,239251,1563,327658,California
San Joaquin,2021-05-26,3047,551561,1581,298837,1394,233134,72,19590,1255,87956,1783,241034,1332,328990,California
San Joaquin,2021-05-27,2875,554436,1468,300305,1331,234465,76,19666,1136,87452,1725,242759,1221,330211,California
San Joaquin,2021-05-28,2975,557411,1560,301865,1330,235795,85,19751,1372,87339,1581,244340,1468,331679,California
San Joaquin,2021-05-29,2056,559467,1121,302986,906,236701,29,19780,908,87138,1144,245484,943,332622,California
San Joaquin,2021-05-30,924,560391,486,303472,414,237115,24,19804,375,86995,547,246031,404,333026,California
San Joaquin,2021-05-31,603,560994,247,303719,352,237467,4,19808,225,86851,374,246405,230,333256,California
San Joaquin,2021-06-01,1060,562054,738,304457,286,237753,36,19844,436,86705,622,247027,476,333732,California
San Luis Obispo,2020-12-16,4,4,4,4,0,0,0,0,4,4,0,0,4,4,California
San Luis Obispo,2020-12-17,196,200,196,200,0,0,0,0,196,200,0,0,196,200,California
San Luis Obispo,2020-12-18,224,424,224,424,0,0,0,0,224,424,0,0,224,424,California
San Luis Obispo,2020-12-19,162,586,162,586,0,0,0,0,162,586,0,0,162,586,California
San Luis Obispo,2020-12-20,215,801,215,801,0,0,0,0,215,801,0,0,215,801,California
San Luis Obispo,2020-12-21,550,1351,549,1350,1,1,0,0,550,1351,0,0,550,1351,California
San Luis Obispo,2020-12-22,311,1662,307,1657,4,5,0,0,311,1662,0,0,311,1662,California
San Luis Obispo,2020-12-23,680,2342,366,2023,314,319,0,0,680,2342,0,0,680,2342,California
San Luis Obispo,2020-12-24,195,2537,19,2042,176,495,0,0,195,2537,0,0,195,2537,California
San Luis Obispo,2020-12-25,2,2539,1,2043,1,496,0,0,2,2539,0,0,2,2539,California
San Luis Obispo,2020-12-26,90,2629,12,2055,78,574,0,0,90,2629,0,0,90,2629,California
San Luis Obispo,2020-12-27,76,2705,0,2055,76,650,0,0,76,2705,0,0,76,2705,California
San Luis Obispo,2020-12-28,879,3584,429,2484,450,1100,0,0,879,3584,0,0,879,3584,California
San Luis Obispo,2020-12-29,903,4487,504,2988,399,1499,0,0,903,4487,0,0,903,4487,California
San Luis Obispo,2020-12-30,1170,5657,679,3667,491,1990,0,0,1170,5657,0,0,1170,5657,California
San Luis Obispo,2020-12-31,107,5764,4,3671,103,2093,0,0,107,5764,0,0,107,5764,California
San Luis Obispo,2021-01-01,13,5777,8,3679,5,2098,0,0,13,5777,0,0,13,5777,California
San Luis Obispo,2021-01-02,34,5811,8,3687,26,2124,0,0,34,5811,0,0,34,5811,California
San Luis Obispo,2021-01-03,16,5827,6,3693,10,2134,0,0,16,5827,0,0,16,5827,California
San Luis Obispo,2021-01-04,681,6508,525,4218,156,2290,0,0,681,6508,0,0,681,6508,California
San Luis Obispo,2021-01-05,972,7480,754,4972,218,2508,0,0,970,7476,2,2,970,7478,California
San Luis Obispo,2021-01-06,727,8207,480,5452,247,2755,0,0,719,8188,7,9,719,8197,California
San Luis Obispo,2021-01-07,1127,9334,949,6401,178,2933,0,0,684,8429,443,452,684,8881,California
San Luis Obispo,2021-01-08,882,10216,804,7205,78,3011,0,0,513,8574,368,820,513,9394,California
San Luis Obispo,2021-01-09,205,10421,195,7400,10,3021,0,0,28,8425,177,997,28,9422,California
San Luis Obispo,2021-01-10,12,10433,8,7408,4,3025,0,0,8,8429,4,1001,8,9430,California
San Luis Obispo,2021-01-11,560,10993,509,7917,51,3076,0,0,298,8466,261,1262,298,9728,California
San Luis Obispo,2021-01-12,598,11591,381,8298,217,3293,0,0,318,8504,280,1542,318,10046,California
San Luis Obispo,2021-01-13,884,12475,256,8554,628,3921,0,0,648,8918,234,1776,648,10694,California
San Luis Obispo,2021-01-14,728,13203,242,8796,486,4407,0,0,602,9407,113,1889,602,11296,California
San Luis Obispo,2021-01-15,727,13930,286,9082,441,4848,0,0,554,9793,168,2057,554,11850,California
San Luis Obispo,2021-01-16,100,14030,81,9163,19,4867,0,0,95,9883,5,2062,95,11945,California
San Luis Obispo,2021-01-17,64,14094,58,9221,6,4873,0,0,64,9947,0,2062,64,12009,California
San Luis Obispo,2021-01-18,1371,15465,388,9609,983,5856,0,0,1108,10792,263,2325,1108,13117,California
San Luis Obispo,2021-01-19,1583,17048,417,10026,1166,7022,0,0,1175,11559,408,2733,1175,14292,California
San Luis Obispo,2021-01-20,1887,18935,598,10624,1289,8311,0,0,1297,12269,588,3321,1298,15590,California
San Luis Obispo,2021-01-21,1572,20507,467,11091,1105,9416,0,0,1200,13102,368,3689,1201,16791,California
San Luis Obispo,2021-01-22,1519,22026,505,11596,1014,10430,0,0,1204,13993,313,4002,1204,17995,California
San Luis Obispo,2021-01-23,311,22337,293,11889,18,10448,0,0,295,14272,16,4018,295,18290,California
San Luis Obispo,2021-01-24,244,22581,236,12125,8,10456,0,0,238,14504,6,4024,238,18528,California
San Luis Obispo,2021-01-25,2075,24656,600,12725,1475,11931,0,0,1246,14921,829,4853,1246,19774,California
San Luis Obispo,2021-01-26,2000,26656,699,13424,1301,13232,0,0,1139,15199,861,5714,1139,20913,California
San Luis Obispo,2021-01-27,1609,28265,283,13707,1326,14558,0,0,1151,15892,458,6172,1151,22064,California
San Luis Obispo,2021-01-28,1496,29761,344,14051,1152,15710,0,0,1234,16866,260,6432,1234,23298,California
San Luis Obispo,2021-01-29,1737,31498,681,14732,1056,16766,0,0,1452,18033,285,6717,1452,24750,California
San Luis Obispo,2021-01-30,38,31536,19,14751,19,16785,0,0,26,18048,11,6728,26,24776,California
San Luis Obispo,2021-01-31,27,31563,19,14770,8,16793,0,0,25,18071,2,6730,25,24801,California
San Luis Obispo,2021-02-01,1709,33272,740,15510,969,17762,0,0,1406,19175,302,7032,1406,26207,California
San Luis Obispo,2021-02-02,1897,35169,679,16189,1218,18980,0,0,1522,20322,375,7407,1522,27729,California
San Luis Obispo,2021-02-03,1708,36877,729,16918,979,19959,0,0,1294,21202,414,7821,1294,29023,California
San Luis Obispo,2021-02-04,1660,38537,802,17720,858,20817,0,0,1093,21729,567,8388,1094,30117,California
San Luis Obispo,2021-02-05,1604,40141,715,18435,889,21706,0,0,1060,22245,545,8933,1061,31178,California
San Luis Obispo,2021-02-06,175,40316,108,18543,67,21773,0,0,95,22260,80,9013,95,31273,California
San Luis Obispo,2021-02-07,125,40441,80,18623,45,21818,0,0,72,22280,53,9066,73,31346,California
San Luis Obispo,2021-02-08,857,41298,469,19092,388,22206,0,0,499,22422,357,9423,499,31845,California
San Luis Obispo,2021-02-09,1123,42421,448,19540,675,22881,0,0,542,22396,575,9998,549,32394,California
San Luis Obispo,2021-02-10,1438,43859,489,20029,949,23830,0,0,530,22022,907,10905,533,32927,California
San Luis Obispo,2021-02-11,1330,45189,843,20872,487,24317,0,0,656,22006,672,11577,656,33583,California
San Luis Obispo,2021-02-12,786,45975,362,21234,424,24741,0,0,421,22062,365,11942,421,34004,California
San Luis Obispo,2021-02-13,394,46369,127,21361,267,25008,0,0,286,22241,107,12049,286,34290,California
San Luis Obispo,2021-02-14,318,46687,41,21402,277,25285,0,0,282,22488,36,12085,283,34573,California
San Luis Obispo,2021-02-15,728,47415,138,21540,590,25875,0,0,474,22709,253,12338,474,35047,California
San Luis Obispo,2021-02-16,2965,50380,1198,22738,1767,27642,0,0,1359,22462,1606,13944,1359,36406,California
San Luis Obispo,2021-02-17,2779,53159,1238,23976,1541,29183,0,0,1029,21750,1741,15685,1029,37435,California
San Luis Obispo,2021-02-18,2828,55987,1461,25437,1367,30550,0,0,1135,21201,1685,17370,1136,38571,California
San Luis Obispo,2021-02-19,1459,57446,1338,26775,121,30671,0,0,1134,22011,324,17694,1134,39705,California
San Luis Obispo,2021-02-20,254,57700,81,26856,173,30844,0,0,216,22189,38,17732,216,39921,California
San Luis Obispo,2021-02-21,57,57757,53,26909,4,30848,0,0,32,22196,25,17757,32,39953,California
San Luis Obispo,2021-02-22,2412,60169,1865,28774,547,31395,0,0,1466,22717,946,18703,1467,41420,California
San Luis Obispo,2021-02-23,1861,62030,1746,30520,115,31510,0,0,1367,23592,493,19196,1368,42788,California
San Luis Obispo,2021-02-24,2645,64675,1301,31821,1344,32854,0,0,835,22620,1807,21003,835,43623,California
San Luis Obispo,2021-02-25,2132,66807,1243,33064,889,33743,0,0,1206,22907,920,21923,1207,44830,California
San Luis Obispo,2021-02-26,2649,69456,1150,34214,1499,35242,0,0,1326,22919,1314,23237,1326,46156,California
San Luis Obispo,2021-02-27,575,70031,349,34563,226,35468,0,0,525,23394,50,23287,525,46681,California
San Luis Obispo,2021-02-28,196,70227,69,34632,127,35595,0,0,161,23521,34,23321,161,46842,California
San Luis Obispo,2021-03-01,3003,73230,1876,36508,1125,36720,2,2,2074,24668,930,24251,2077,48919,California
San Luis Obispo,2021-03-02,3026,76256,1909,38417,1117,37837,0,2,1874,25396,1147,25398,1875,50794,California
San Luis Obispo,2021-03-03,2343,78599,339,38756,2004,39841,0,2,849,24759,1488,26886,851,51645,California
San Luis Obispo,2021-03-04,2197,80796,1160,39916,1037,40878,0,2,1181,24929,1013,27899,1183,52828,California
San Luis Obispo,2021-03-05,2301,83097,1021,40937,1210,42088,70,72,1297,25306,990,28889,1367,54195,California
San Luis Obispo,2021-03-06,837,83934,310,41247,420,42508,107,179,617,25804,220,29109,718,54913,California
San Luis Obispo,2021-03-07,201,84135,33,41280,84,42592,84,263,73,25834,127,29236,157,55070,California
San Luis Obispo,2021-03-08,2738,86873,760,42040,1662,44254,316,579,1543,26502,1191,30427,1859,56929,California
San Luis Obispo,2021-03-09,2950,89823,968,43008,1734,45988,248,827,1526,26856,1420,31847,1774,58703,California
San Luis Obispo,2021-03-10,3196,93019,1241,44249,1673,47661,282,1109,1814,27574,1378,33225,2096,60799,California
San Luis Obispo,2021-03-11,3297,96316,1272,45521,1702,49363,323,1432,1805,28219,1482,34707,2127,62926,California
San Luis Obispo,2021-03-12,3250,99566,1282,46803,1630,50993,338,1770,1616,28550,1626,36333,1957,64883,California
San Luis Obispo,2021-03-13,798,100364,262,47065,427,51420,109,1879,432,28728,365,36698,543,65426,California
San Luis Obispo,2021-03-14,514,100878,53,47118,350,51770,111,1990,134,28594,379,37077,245,65671,California
San Luis Obispo,2021-03-15,3058,103936,1098,48216,1862,53632,98,2088,1529,28697,1525,38602,1628,67299,California
San Luis Obispo,2021-03-16,2849,106785,1510,49726,1229,54861,110,2198,1435,28833,1408,40010,1544,68843,California
San Luis Obispo,2021-03-17,3436,110221,1449,51175,1726,56587,261,2459,1989,29646,1436,41446,2249,71092,California
San Luis Obispo,2021-03-18,2810,113031,1447,52622,1149,57736,214,2673,1337,29728,1468,42914,1550,72642,California
San Luis Obispo,2021-03-19,2590,115621,1567,54189,702,58438,321,2994,958,29385,1624,44538,1281,73923,California
San Luis Obispo,2021-03-20,840,116461,502,54691,301,58739,37,3031,386,29355,453,44991,423,74346,California
San Luis Obispo,2021-03-21,187,116648,45,54736,139,58878,3,3034,157,29486,29,45020,160,74506,California
San Luis Obispo,2021-03-22,2697,119345,1171,55907,1478,60356,48,3082,1867,30575,826,45846,1915,76421,California
San Luis Obispo,2021-03-23,3381,122726,2211,58118,1138,61494,32,3114,2263,31757,1113,46959,2295,78716,California
San Luis Obispo,2021-03-24,3525,126251,2145,60263,1295,62789,85,3199,2623,33568,896,47855,2707,81423,California
San Luis Obispo,2021-03-25,3682,129933,2299,62562,1371,64160,12,3211,2634,35169,1044,48899,2645,84068,California
San Luis Obispo,2021-03-26,3203,133136,1772,64334,998,65158,433,3644,1794,35995,1404,50303,2230,86298,California
San Luis Obispo,2021-03-27,994,134130,507,64841,395,65553,92,3736,452,35999,540,50843,544,86842,California
San Luis Obispo,2021-03-28,446,134576,153,64994,237,65790,56,3792,245,36100,200,51043,301,87143,California
San Luis Obispo,2021-03-29,2596,137172,1295,66289,1168,66958,133,3925,1656,36963,926,51969,1789,88932,California
San Luis Obispo,2021-03-30,3512,140684,1921,68210,1448,68406,143,4068,2336,38271,1170,53139,2478,91410,California
San Luis Obispo,2021-03-31,3879,144563,2467,70677,1266,69672,146,4214,2500,39548,1368,54507,2645,94055,California
San Luis Obispo,2021-04-01,3863,148426,2439,73116,1305,70977,119,4333,2701,41220,1149,55656,2821,96876,California
San Luis Obispo,2021-04-02,1750,150176,689,73805,748,71725,313,4646,950,41683,798,56454,1261,98137,California
San Luis Obispo,2021-04-03,1110,151286,557,74362,426,72151,127,4773,493,41690,613,57067,620,98757,California
San Luis Obispo,2021-04-04,383,151669,131,74493,212,72363,40,4813,236,41819,147,57214,276,99033,California
San Luis Obispo,2021-04-05,3617,155286,1949,76442,1557,73920,111,4924,2025,42369,1589,58803,2139,101172,California
San Luis Obispo,2021-04-06,4054,159340,2158,78600,1573,75493,323,5247,1938,42536,2107,60910,2274,103446,California
San Luis Obispo,2021-04-07,4308,163648,2346,80946,1596,77089,366,5613,2458,43532,1835,62745,2831,106277,California
San Luis Obispo,2021-04-08,4047,167695,2201,83147,1441,78530,405,6018,2156,44217,1884,64629,2569,108846,California
San Luis Obispo,2021-04-09,3667,171362,1747,84894,1163,79693,757,6775,1508,44328,2148,66777,2259,111105,California
San Luis Obispo,2021-04-10,1585,172947,565,85459,355,80048,665,7440,494,44394,1091,67868,1157,112262,California
San Luis Obispo,2021-04-11,313,173260,63,85522,186,80234,64,7504,125,44397,186,68054,189,112451,California
San Luis Obispo,2021-04-12,3379,176639,1698,87220,1518,81752,163,7667,1411,44005,1968,70022,1576,114027,California
San Luis Obispo,2021-04-13,3648,180287,2105,89325,1542,83294,1,7668,1966,44295,1680,71702,1970,115997,California
San Luis Obispo,2021-04-14,3411,183698,1934,91259,1472,84766,5,7673,1755,44409,1642,73344,1756,117753,California
San Luis Obispo,2021-04-15,3697,187395,2407,93666,1289,86055,1,7674,1978,44688,1701,75045,1980,119733,California
San Luis Obispo,2021-04-16,3632,191027,2212,95878,1416,87471,4,7678,1788,44638,1840,76885,1790,121523,California
San Luis Obispo,2021-04-17,1092,192119,431,96309,659,88130,2,7680,710,44969,381,77266,712,122235,California
San Luis Obispo,2021-04-18,321,192440,99,96408,221,88351,1,7681,111,44873,207,77473,111,122346,California
San Luis Obispo,2021-04-19,3154,195594,1306,97714,1810,90161,38,7719,1124,44011,2026,79499,1164,123510,California
San Luis Obispo,2021-04-20,3579,199173,1983,99697,1596,91757,0,7719,1344,43134,2222,81721,1345,124855,California
San Luis Obispo,2021-04-21,3916,203089,1803,101500,2113,93870,0,7719,1591,42421,2304,84025,1591,126446,California
San Luis Obispo,2021-04-22,4578,207667,2054,103554,2524,96394,0,7719,1427,40716,3134,87159,1429,127875,California
San Luis Obispo,2021-04-23,1460,209127,843,104397,613,97007,4,7723,699,40670,756,87915,710,128585,California
San Luis Obispo,2021-04-24,1079,210206,439,104836,621,97628,19,7742,505,40613,581,88496,524,129109,California
San Luis Obispo,2021-04-25,346,210552,161,104997,185,97813,0,7742,113,40494,232,88728,113,129222,California
San Luis Obispo,2021-04-26,964,211516,336,105333,611,98424,17,7759,357,40272,595,89323,373,129595,California
San Luis Obispo,2021-04-27,3699,215215,1916,107249,1714,100138,69,7828,1429,39507,2262,91585,1497,131092,California
San Luis Obispo,2021-04-28,3729,218944,2089,109338,1568,101706,72,7900,1282,38427,2434,94019,1354,132446,California
San Luis Obispo,2021-04-29,3661,222605,2112,111450,1480,103186,69,7969,1215,37280,2432,96451,1285,133731,California
San Luis Obispo,2021-04-30,2972,225577,1668,113118,1231,104417,73,8042,928,36252,2027,98478,999,134730,California
San Luis Obispo,2021-05-01,473,226050,161,113279,276,104693,36,8078,100,36018,369,98847,135,134865,California
San Luis Obispo,2021-05-02,170,226220,52,113331,98,104791,20,8098,42,35952,128,98975,62,134927,California
San Luis Obispo,2021-05-03,887,227107,290,113621,494,105285,103,8201,225,35617,661,99636,326,135253,California
San Luis Obispo,2021-05-04,2923,230030,1897,115518,963,106248,63,8264,864,34489,2053,101689,925,136178,California
San Luis Obispo,2021-05-05,2805,232835,1851,117369,888,107136,66,8330,689,33140,2105,103794,756,136934,California
San Luis Obispo,2021-05-06,2800,235635,1887,119256,853,107989,60,8390,730,31875,2055,105849,790,137724,California
San Luis Obispo,2021-05-07,2312,237947,1755,121011,496,108485,61,8451,606,30860,1685,107534,670,138394,California
San Luis Obispo,2021-05-08,566,238513,333,121344,209,108694,24,8475,191,30718,357,107891,215,138609,California
San Luis Obispo,2021-05-09,164,238677,41,121385,104,108798,19,8494,46,30666,117,108008,65,138674,California
San Luis Obispo,2021-05-10,720,239397,151,121536,521,109319,48,8542,153,30304,562,108570,200,138874,California
San Luis Obispo,2021-05-11,1165,240562,596,122132,499,109818,70,8612,358,29929,803,109373,428,139302,California
San Luis Obispo,2021-05-12,2365,242927,1576,123708,707,110525,82,8694,664,28989,1686,111059,746,140048,California
San Luis Obispo,2021-05-13,1038,243965,650,124358,329,110854,59,8753,445,28903,589,111648,503,140551,California
San Luis Obispo,2021-05-14,2201,246166,1619,125977,540,111394,42,8795,919,28601,1265,112913,963,141514,California
San Luis Obispo,2021-05-15,993,247159,459,126436,500,111894,34,8829,471,28587,520,113433,506,142020,California
San Luis Obispo,2021-05-16,305,247464,163,126599,136,112030,6,8835,172,28633,132,113565,178,142198,California
San Luis Obispo,2021-05-17,1658,249122,964,127563,642,112672,52,8887,668,28373,981,114546,721,142919,California
San Luis Obispo,2021-05-18,1888,251010,1150,128713,706,113378,32,8919,728,27979,1155,115701,761,143680,California
San Luis Obispo,2021-05-19,1444,252454,623,129336,759,114137,62,8981,416,27433,1023,116724,477,144157,California
San Luis Obispo,2021-05-20,972,253426,444,129780,497,114634,31,9012,273,27049,688,117412,304,144461,California
San Luis Obispo,2021-05-21,863,254289,488,130268,338,114972,37,9049,405,27042,449,117861,442,144903,California
San Luis Obispo,2021-05-22,533,254822,282,130550,226,115198,25,9074,283,27106,243,118104,307,145210,California
San Luis Obispo,2021-05-23,74,254896,43,130593,27,115225,4,9078,33,27102,41,118145,37,145247,California
San Luis Obispo,2021-05-24,562,255458,261,130854,266,115491,35,9113,220,27017,340,118485,255,145502,California
San Luis Obispo,2021-05-25,849,256307,425,131279,402,115893,22,9135,357,26910,486,118971,379,145881,California
San Luis Obispo,2021-05-26,2029,258336,960,132239,1015,116908,54,9189,662,26261,1363,120334,714,146595,California
San Luis Obispo,2021-05-27,1790,260126,641,132880,1116,118024,33,9222,471,25451,1314,121648,504,147099,California
San Luis Obispo,2021-05-28,860,260986,459,133339,383,118407,18,9240,461,25534,397,122045,480,147579,California
San Luis Obispo,2021-05-29,364,261350,152,133491,201,118608,11,9251,203,25589,160,122205,215,147794,California
San Luis Obispo,2021-05-30,86,261436,36,133527,43,118651,7,9258,34,25578,51,122256,40,147834,California
San Luis Obispo,2021-05-31,39,261475,4,133531,21,118672,14,9272,13,25580,24,122280,26,147860,California
San Luis Obispo,2021-06-01,112,261587,16,133547,84,118756,12,9284,25,25531,86,122366,37,147897,California
San Mateo,2020-12-15,26,26,26,26,0,0,0,0,26,26,0,0,26,26,California
San Mateo,2020-12-16,111,137,111,137,0,0,0,0,111,137,0,0,111,137,California
San Mateo,2020-12-17,164,301,164,301,0,0,0,0,164,301,0,0,164,301,California
San Mateo,2020-12-18,741,1042,739,1040,2,2,0,0,741,1042,0,0,741,1042,California
San Mateo,2020-12-19,514,1556,514,1554,0,2,0,0,514,1556,0,0,514,1556,California
San Mateo,2020-12-20,520,2076,519,2073,1,3,0,0,520,2076,0,0,520,2076,California
San Mateo,2020-12-21,1175,3251,1175,3248,0,3,0,0,1175,3251,0,0,1175,3251,California
San Mateo,2020-12-22,1557,4808,1549,4797,8,11,0,0,1557,4808,0,0,1557,4808,California
San Mateo,2020-12-23,1602,6410,1412,6209,190,201,0,0,1602,6410,0,0,1602,6410,California
San Mateo,2020-12-24,884,7294,627,6836,257,458,0,0,884,7294,0,0,884,7294,California
San Mateo,2020-12-25,119,7413,115,6951,4,462,0,0,119,7413,0,0,119,7413,California
San Mateo,2020-12-26,562,7975,419,7370,143,605,0,0,562,7975,0,0,562,7975,California
San Mateo,2020-12-27,305,8280,175,7545,130,735,0,0,305,8280,0,0,305,8280,California
San Mateo,2020-12-28,1057,9337,711,8256,346,1081,0,0,1057,9337,0,0,1057,9337,California
San Mateo,2020-12-29,1131,10468,705,8961,426,1507,0,0,1131,10468,0,0,1131,10468,California
San Mateo,2020-12-30,1264,11732,759,9720,505,2012,0,0,1264,11732,0,0,1264,11732,California
San Mateo,2020-12-31,718,12450,231,9951,487,2499,0,0,717,12448,1,1,717,12449,California
San Mateo,2021-01-01,89,12539,60,10011,29,2528,0,0,89,12537,0,1,89,12538,California
San Mateo,2021-01-02,398,12937,268,10279,130,2658,0,0,398,12935,0,1,398,12936,California
San Mateo,2021-01-03,284,13221,209,10488,75,2733,0,0,281,13213,3,4,281,13217,California
San Mateo,2021-01-04,1051,14272,678,11166,373,3106,0,0,1051,14264,0,4,1051,14268,California
San Mateo,2021-01-05,1207,15479,711,11877,496,3602,0,0,1178,15414,29,33,1179,15447,California
San Mateo,2021-01-06,1454,16933,955,12832,499,4101,0,0,1270,16504,181,214,1271,16718,California
San Mateo,2021-01-07,1458,18391,810,13642,648,4749,0,0,1169,17392,282,496,1170,17888,California
San Mateo,2021-01-08,1846,20237,1195,14837,651,5400,0,0,1149,17852,690,1186,1150,19038,California
San Mateo,2021-01-09,1178,21415,776,15613,402,5802,0,0,720,18114,458,1644,720,19758,California
San Mateo,2021-01-10,706,22121,580,16193,126,5928,0,0,266,17940,440,2084,266,20024,California
San Mateo,2021-01-11,2601,24722,1493,17686,1108,7036,0,0,1528,18396,1074,3158,1530,21554,California
San Mateo,2021-01-12,3404,28126,1896,19582,1508,8544,0,0,2215,19428,1187,4345,2219,23773,California
San Mateo,2021-01-13,3392,31518,1658,21240,1734,10278,0,0,2356,20750,1036,5381,2358,26131,California
San Mateo,2021-01-14,3782,35300,1587,22827,2195,12473,0,0,3095,23163,687,6068,3100,29231,California
San Mateo,2021-01-15,4328,39628,1709,24536,2619,15092,0,0,3796,26431,530,6598,3798,33029,California
San Mateo,2021-01-16,3073,42701,764,25300,2309,17401,0,0,2751,28861,322,6920,2752,35781,California
San Mateo,2021-01-17,1316,44017,308,25608,1008,18409,0,0,1108,29761,208,7128,1108,36889,California
San Mateo,2021-01-18,1373,45390,538,26146,835,19244,0,0,995,30381,375,7503,995,37884,California
San Mateo,2021-01-19,2803,48193,1798,27944,1005,20249,0,0,2006,31593,794,8297,2006,39890,California
San Mateo,2021-01-20,2804,50997,1547,29491,1257,21506,0,0,1960,32713,841,9138,1961,41851,California
San Mateo,2021-01-21,2859,53856,1302,30793,1557,23063,0,0,2266,34391,591,9729,2269,44120,California
San Mateo,2021-01-22,2802,56658,1138,31931,1664,24727,0,0,2502,36596,298,10027,2503,46623,California
San Mateo,2021-01-23,2882,59540,1689,33620,1193,25920,0,0,2519,38753,363,10390,2520,49143,California
San Mateo,2021-01-24,1519,61059,375,33995,1144,27064,0,0,1208,39652,310,10700,1209,50352,California
San Mateo,2021-01-25,4435,65494,3156,37151,1279,28343,0,0,3534,42291,899,11599,3538,53890,California
San Mateo,2021-01-26,4297,69791,2983,40134,1314,29657,0,0,3379,44754,917,12516,3380,57270,California
San Mateo,2021-01-27,2787,72578,1466,41600,1321,30978,0,0,1794,45562,987,13503,1795,59065,California
San Mateo,2021-01-28,2802,75380,1355,42955,1447,32425,0,0,1947,46669,840,14343,1947,61012,California
San Mateo,2021-01-29,2989,78369,1347,44302,1642,34067,0,0,2150,47985,837,15180,2153,63165,California
San Mateo,2021-01-30,3410,81779,1482,45784,1928,35995,0,0,2951,50479,458,15638,2952,66117,California
San Mateo,2021-01-31,1679,83458,896,46680,783,36778,0,0,1517,51835,161,15799,1517,67634,California
San Mateo,2021-02-01,2940,86398,1356,48036,1584,38362,0,0,2222,53344,714,16513,2223,69857,California
San Mateo,2021-02-02,3175,89573,1734,49770,1441,39803,0,0,2161,54494,1011,17524,2161,72018,California
San Mateo,2021-02-03,4995,94568,2059,51829,2936,42739,0,0,3850,57202,1143,18667,3851,75869,California
San Mateo,2021-02-04,6200,100768,2495,54324,3705,46444,0,0,4922,60855,1273,19940,4926,80795,California
San Mateo,2021-02-05,6803,107571,2556,56880,4247,50691,0,0,4975,64019,1811,21751,4975,85770,California
San Mateo,2021-02-06,3280,110851,1914,58794,1366,52057,0,0,2625,65992,654,22405,2627,88397,California
San Mateo,2021-02-07,1905,112756,1352,60146,553,52610,0,0,1713,67513,192,22597,1713,90110,California
San Mateo,2021-02-08,5287,118043,2255,62401,3032,55642,0,0,3111,68513,2111,24708,3111,93221,California
San Mateo,2021-02-09,6188,124231,3226,65627,2962,58604,0,0,3340,69011,2842,27550,3340,96561,California
San Mateo,2021-02-10,6513,130744,3279,68906,3234,61838,0,0,3424,69357,3078,30628,3424,99985,California
San Mateo,2021-02-11,7048,137792,3574,72480,3474,65312,0,0,3789,69899,3250,33878,3792,103777,California
San Mateo,2021-02-12,6634,144426,2962,75442,3672,68984,0,0,4703,72675,1929,35807,4705,108482,California
San Mateo,2021-02-13,6118,150544,4019,79461,2099,71083,0,0,2639,71840,3474,39281,2639,111121,California
San Mateo,2021-02-14,4643,155187,3025,82486,1618,72701,0,0,1984,71173,2652,41933,1985,113106,California
San Mateo,2021-02-15,3166,158353,1456,83942,1710,74411,0,0,1790,71594,1370,43303,1791,114897,California
San Mateo,2021-02-16,7155,165508,1882,85824,5273,79684,0,0,5282,75007,1871,45174,5284,120181,California
San Mateo,2021-02-17,7079,172587,1951,87775,5128,84812,0,0,5060,78054,2015,47189,5062,125243,California
San Mateo,2021-02-18,6665,179252,4600,92375,2065,86877,0,0,4439,80274,2222,49411,4442,129685,California
San Mateo,2021-02-19,7780,187032,5585,97960,2195,89072,0,0,5778,84057,1995,51406,5778,135463,California
San Mateo,2021-02-20,3737,190769,2423,100383,1314,90386,0,0,2307,84941,1423,52829,2307,137770,California
San Mateo,2021-02-21,2612,193381,1772,102155,840,91226,0,0,1564,85464,1041,53870,1564,139334,California
San Mateo,2021-02-22,4433,197814,3215,105370,1218,92444,0,0,2799,86636,1628,55498,2800,142134,California
San Mateo,2021-02-23,4351,202165,3108,108478,1243,93687,0,0,2539,87371,1804,57302,2539,144673,California
San Mateo,2021-02-24,7311,209476,3286,111764,4025,97712,0,0,4882,89834,2420,59722,4883,149556,California
San Mateo,2021-02-25,9116,218592,4031,115795,5085,102797,0,0,6036,92807,3064,62786,6037,155593,California
San Mateo,2021-02-26,9781,228373,3725,119520,6056,108853,0,0,6853,96750,2914,65700,6857,162450,California
San Mateo,2021-02-27,6793,235166,3498,123018,3294,112147,1,1,3685,97339,3102,68802,3691,166141,California
San Mateo,2021-02-28,4135,239301,2520,125538,1615,113762,0,1,2557,98325,1572,70374,2558,168699,California
San Mateo,2021-03-01,5752,245053,3626,129164,2124,115886,2,3,2869,98328,2868,73242,2871,171570,California
San Mateo,2021-03-02,6270,251323,4457,133621,1812,117698,1,4,3638,99344,2624,75866,3640,175210,California
San Mateo,2021-03-03,8473,259796,3991,137612,4480,122178,2,6,3665,98215,4796,80662,3667,178877,California
San Mateo,2021-03-04,8519,268315,4006,141618,4510,126688,3,9,3856,97433,4643,85305,3861,182738,California
San Mateo,2021-03-05,9364,277679,6243,147861,3117,129805,4,13,6583,101262,2761,88066,6590,189328,California
San Mateo,2021-03-06,7973,285652,5552,153413,2246,132051,175,188,5853,105178,2111,90177,6027,195355,California
San Mateo,2021-03-07,3610,289262,2451,155864,1089,133140,70,258,2135,105912,1471,91648,2205,197560,California
San Mateo,2021-03-08,4545,293807,2579,158443,1749,134889,217,475,3320,108229,1218,92866,3535,201095,California
San Mateo,2021-03-09,5341,299148,2868,161311,2196,137085,277,752,3746,110663,1585,94451,4019,205114,California
San Mateo,2021-03-10,7209,306357,2912,164223,4012,141097,285,1037,4817,113385,2379,96830,5101,210215,California
San Mateo,2021-03-11,9158,315515,5759,169982,3006,144103,393,1430,3737,112124,5390,102220,4129,214344,California
San Mateo,2021-03-12,10614,326129,6692,176674,3536,147639,386,1816,3597,109111,6999,109219,3986,218330,California
San Mateo,2021-03-13,8226,334355,3512,180186,3081,150720,1633,3449,3988,110499,4226,113445,5614,223944,California
San Mateo,2021-03-14,5011,339366,3382,183568,1522,152242,107,3556,2674,110951,2330,115775,2782,226726,California
San Mateo,2021-03-15,7224,346590,4670,188238,2378,154620,176,3732,3810,111530,3408,119183,3987,230713,California
San Mateo,2021-03-16,11961,358551,4404,192642,7435,162055,122,3854,4828,109367,7116,126299,4953,235666,California
San Mateo,2021-03-17,10883,369434,4432,197074,6323,168378,128,3982,4918,108478,5938,132237,5049,240715,California
San Mateo,2021-03-18,7313,376747,4112,201186,3018,171396,183,4165,4340,110034,2966,135203,4522,245237,California
San Mateo,2021-03-19,7477,384224,4840,206026,1970,173366,667,4832,3652,110538,3815,139018,4319,249556,California
San Mateo,2021-03-20,8420,392644,6534,212560,1545,174911,341,5173,5430,113332,2976,141994,5770,255326,California
San Mateo,2021-03-21,4250,396894,3219,215779,797,175708,234,5407,2379,114082,1860,143854,2610,257936,California
San Mateo,2021-03-22,5286,402180,3604,219383,1265,176973,417,5824,2839,114905,2433,146287,3256,261192,California
San Mateo,2021-03-23,9841,412021,4504,223887,5141,182114,196,6020,4422,114133,5389,151676,4617,265809,California
San Mateo,2021-03-24,9525,421546,5517,229404,3864,185978,144,6164,4092,113005,5362,157038,4234,270043,California
San Mateo,2021-03-25,10143,431689,4977,234381,4886,190864,280,6444,4456,112161,5583,162621,4739,274782,California
San Mateo,2021-03-26,11289,442978,7779,242160,3344,194208,166,6610,4350,109785,6900,169521,4524,279306,California
San Mateo,2021-03-27,10582,453560,8104,250264,2371,196579,107,6717,4676,108678,5887,175408,4780,284086,California
San Mateo,2021-03-28,4306,457866,2794,253058,1400,197979,112,6829,2017,108529,2279,177687,2130,286216,California
San Mateo,2021-03-29,6077,463943,3788,256846,2037,200016,252,7081,2762,108248,3296,180983,3015,289231,California
San Mateo,2021-03-30,7167,471110,4094,260940,2920,202936,153,7234,3846,108943,3305,184288,4000,293231,California
San Mateo,2021-03-31,7309,478419,4627,265567,2540,205476,142,7376,3857,109509,3434,187722,4000,297231,California
San Mateo,2021-04-01,10619,489038,5247,270814,4163,209639,1209,8585,5688,111518,4885,192607,6894,304125,California
San Mateo,2021-04-02,10901,499939,5226,276040,4060,213699,1615,10200,5711,113676,5169,197776,7327,311452,California
San Mateo,2021-04-03,10007,509946,5754,281794,2474,216173,1779,11979,5112,115681,4887,202663,6892,318344,California
San Mateo,2021-04-04,5454,515400,2628,284422,1572,217745,1254,13233,1701,114897,3738,206401,2954,321298,California
San Mateo,2021-04-05,8996,524396,4800,289222,2458,220203,1738,14971,3838,115328,5141,211542,5572,326870,California
San Mateo,2021-04-06,13234,537630,8254,297476,3119,223322,1861,16832,7521,119016,5699,217241,9387,336257,California
San Mateo,2021-04-07,11436,549066,5282,302758,4461,227783,1693,18525,4847,118987,6568,223809,6539,342796,California
San Mateo,2021-04-08,10179,559245,5069,307827,2508,230291,2602,21127,4507,120433,5655,229464,7101,349897,California
San Mateo,2021-04-09,11362,570607,5533,313360,3346,233637,2483,23610,5100,121766,6260,235724,7593,357490,California
San Mateo,2021-04-10,11272,581879,5716,319076,4113,237750,1443,25053,4665,121300,6580,242304,6114,363604,California
San Mateo,2021-04-11,6629,588508,3295,322371,873,238623,2461,27514,2303,121741,4318,246622,4759,368363,California
San Mateo,2021-04-12,7313,595821,4469,326840,1883,240506,961,28475,3530,122469,3762,250384,4490,372853,California
San Mateo,2021-04-13,8167,603988,5094,331934,3064,243570,9,28484,4322,122965,3837,254221,4333,377186,California
San Mateo,2021-04-14,8314,612302,5372,337306,2941,246511,1,28485,4251,123178,4046,258267,4259,381445,California
San Mateo,2021-04-15,11107,623409,7384,344690,3721,250232,2,28487,7260,126620,3821,262088,7263,388708,California
San Mateo,2021-04-16,9977,633386,6870,351560,3091,253323,16,28503,6322,129326,3637,265725,6343,395051,California
San Mateo,2021-04-17,9764,643150,6477,358037,3285,256608,2,28505,6162,131903,3592,269317,6169,401220,California
San Mateo,2021-04-18,5432,648582,2596,360633,2836,259444,0,28505,3662,133811,1760,271077,3668,404888,California
San Mateo,2021-04-19,8384,656966,5452,366085,2932,262376,0,28505,5448,136346,2922,273999,5457,410345,California
San Mateo,2021-04-20,10315,667281,5746,371831,4568,266944,1,28506,6636,139335,3658,277657,6647,416992,California
San Mateo,2021-04-21,9014,676295,6088,377919,2926,269870,0,28506,5564,141473,3432,281089,5570,422562,California
San Mateo,2021-04-22,9598,685893,6412,384331,3185,273055,1,28507,5327,142565,4240,285329,5332,427894,California
San Mateo,2021-04-23,9456,695349,6213,390544,3243,276298,0,28507,5300,143749,4131,289460,5315,433209,California
San Mateo,2021-04-24,11276,706625,8038,398582,3238,279536,0,28507,5813,144129,5441,294901,5821,439030,California
San Mateo,2021-04-25,5532,712157,3865,402447,1665,281201,2,28509,3930,146482,1588,296489,3941,442971,California
San Mateo,2021-04-26,6327,718484,4624,407071,1695,282896,8,28517,3646,147478,2670,299159,3666,446637,California
San Mateo,2021-04-27,11011,729495,7833,414904,3072,285968,106,28623,4435,145478,6546,305705,4546,451183,California
San Mateo,2021-04-28,7683,737178,4435,419339,3044,289012,204,28827,4023,146060,3649,309354,4231,455414,California
San Mateo,2021-04-29,7933,745111,3718,423057,4041,293053,174,29001,3512,145365,4393,313747,3698,459112,California
San Mateo,2021-04-30,8081,753192,5070,428127,2857,295910,154,29155,3413,144301,4645,318392,3581,462693,California
San Mateo,2021-05-01,6154,759346,4125,432252,1911,297821,118,29273,2661,143614,3477,321869,2790,465483,California
San Mateo,2021-05-02,3180,762526,1744,433996,1365,299186,71,29344,1147,142811,2025,323894,1222,466705,California
San Mateo,2021-05-03,5983,768509,4464,438460,1375,300561,144,29488,1846,140672,4129,328023,1990,468695,California
San Mateo,2021-05-04,7238,775747,4902,443362,2164,302725,172,29660,2469,138561,4764,332787,2653,471348,California
San Mateo,2021-05-05,6830,782577,4455,447817,2214,304939,161,29821,2374,136673,4426,337213,2538,473886,California
San Mateo,2021-05-06,8535,791112,6659,454476,1701,306640,175,29996,1741,131818,6775,343988,1920,475806,California
San Mateo,2021-05-07,8193,799305,5859,460335,2049,308689,285,30281,1833,127612,6335,350323,2129,477935,California
San Mateo,2021-05-08,6647,805952,4025,464360,2383,311072,239,30520,1833,124887,4802,355125,2077,480012,California
San Mateo,2021-05-09,3116,809068,2430,466790,612,311684,74,30594,1056,123965,2052,357177,1130,481142,California
San Mateo,2021-05-10,4617,813685,3318,470108,1129,312813,170,30764,767,121070,3840,361017,945,482087,California
San Mateo,2021-05-11,6495,820180,4864,474972,1518,314331,113,30877,1663,118031,4817,365834,1778,483865,California
San Mateo,2021-05-12,6400,826580,4612,479584,1598,315929,190,31067,1533,114900,4857,370691,1726,485591,California
San Mateo,2021-05-13,8932,835512,6683,486267,2163,318092,86,31153,3286,112667,5614,376305,3381,488972,California
San Mateo,2021-05-14,8338,843850,6150,492417,2076,320168,112,31265,2702,109866,5622,381927,2821,491793,California
San Mateo,2021-05-15,10396,854246,8102,500519,2193,322361,101,31366,4553,108713,5829,387756,4676,496469,California
San Mateo,2021-05-16,7160,861406,5101,505620,1990,324351,69,31435,2201,106044,4941,392697,2272,498741,California
San Mateo,2021-05-17,7038,868444,4978,510598,1951,326302,109,31544,2210,103553,4813,397510,2322,501063,California
San Mateo,2021-05-18,8454,876898,5825,516423,2531,328833,98,31642,3166,101658,5163,402673,3268,504331,California
San Mateo,2021-05-19,7838,884736,5850,522273,1867,330700,121,31763,3705,101400,4085,406758,3827,508158,California
San Mateo,2021-05-20,4788,889524,3081,525354,1615,332315,92,31855,2031,100784,2738,409496,2122,510280,California
San Mateo,2021-05-21,6140,895664,4363,529717,1679,333994,98,31953,1803,98362,4321,413817,1899,512179,California
San Mateo,2021-05-22,5377,901041,3762,533479,1577,335571,38,31991,2187,97413,3175,416992,2226,514405,California
San Mateo,2021-05-23,2402,903443,1406,534885,940,336511,56,32047,969,97012,1426,418418,1025,515430,California
San Mateo,2021-05-24,3408,906851,2232,537117,1031,337542,145,32192,1192,96153,2194,420612,1335,516765,California
San Mateo,2021-05-25,4691,911542,2974,540091,1559,339101,158,32350,1695,95034,2974,423586,1855,518620,California
San Mateo,2021-05-26,5534,917076,2948,543039,2479,341580,107,32457,1818,93262,3697,427283,1925,520545,California
San Mateo,2021-05-27,3752,920828,2205,545244,1459,343039,88,32545,1391,92399,2338,429621,1475,522020,California
San Mateo,2021-05-28,3452,924280,2187,547431,1179,344218,86,32631,1370,91805,2049,431670,1455,523475,California
San Mateo,2021-05-29,3155,927435,2246,549677,863,345081,46,32677,1286,91292,1844,433514,1331,524806,California
San Mateo,2021-05-30,1616,929051,1095,550772,459,345540,62,32739,653,91054,953,434467,715,525521,California
San Mateo,2021-05-31,495,929546,331,551103,154,345694,10,32749,220,91010,274,434741,230,525751,California
San Mateo,2021-06-01,1801,931347,931,552034,820,346514,50,32799,397,90061,1396,436137,447,526198,California
Santa Barbara,2020-12-15,2,2,2,2,0,0,0,0,2,2,0,0,2,2,California
Santa Barbara,2020-12-16,2,4,2,4,0,0,0,0,2,4,0,0,2,4,California
Santa Barbara,2020-12-17,56,60,56,60,0,0,0,0,56,60,0,0,56,60,California
Santa Barbara,2020-12-18,379,439,378,438,1,1,0,0,379,439,0,0,379,439,California
Santa Barbara,2020-12-19,325,764,325,763,0,1,0,0,325,764,0,0,325,764,California
Santa Barbara,2020-12-20,235,999,235,998,0,1,0,0,235,999,0,0,235,999,California
Santa Barbara,2020-12-21,653,1652,651,1649,2,3,0,0,653,1652,0,0,653,1652,California
Santa Barbara,2020-12-22,245,1897,243,1892,2,5,0,0,245,1897,0,0,245,1897,California
Santa Barbara,2020-12-23,322,2219,204,2096,118,123,0,0,322,2219,0,0,322,2219,California
Santa Barbara,2020-12-24,88,2307,40,2136,48,171,0,0,88,2307,0,0,88,2307,California
Santa Barbara,2020-12-26,326,2633,66,2202,260,431,0,0,326,2633,0,0,326,2633,California
Santa Barbara,2020-12-27,62,2695,1,2203,61,492,0,0,62,2695,0,0,62,2695,California
Santa Barbara,2020-12-28,356,3051,223,2426,133,625,0,0,356,3051,0,0,356,3051,California
Santa Barbara,2020-12-29,553,3604,358,2784,195,820,0,0,553,3604,0,0,553,3604,California
Santa Barbara,2020-12-30,578,4182,395,3179,183,1003,0,0,578,4182,0,0,578,4182,California
Santa Barbara,2020-12-31,240,4422,114,3293,126,1129,0,0,240,4422,0,0,240,4422,California
Santa Barbara,2021-01-01,116,4538,110,3403,6,1135,0,0,116,4538,0,0,116,4538,California
Santa Barbara,2021-01-02,588,5126,223,3626,365,1500,0,0,588,5126,0,0,588,5126,California
Santa Barbara,2021-01-03,23,5149,15,3641,8,1508,0,0,23,5149,0,0,23,5149,California
Santa Barbara,2021-01-04,305,5454,242,3883,63,1571,0,0,304,5453,0,0,304,5453,California
Santa Barbara,2021-01-05,751,6205,378,4261,373,1944,0,0,724,6150,27,27,724,6177,California
Santa Barbara,2021-01-06,656,6861,276,4537,380,2324,0,0,595,6685,60,87,595,6772,California
Santa Barbara,2021-01-07,1034,7895,710,5247,324,2648,0,0,529,6713,501,588,529,7301,California
Santa Barbara,2021-01-08,1205,9100,845,6092,360,3008,0,0,711,6930,494,1082,711,8012,California
Santa Barbara,2021-01-09,566,9666,293,6385,273,3281,0,0,320,7004,246,1328,320,8332,California
Santa Barbara,2021-01-10,62,9728,50,6435,12,3293,0,0,46,7034,16,1344,46,8378,California
Santa Barbara,2021-01-11,839,10567,670,7105,169,3462,0,0,615,7426,223,1567,615,8993,California
Santa Barbara,2021-01-12,1434,12001,640,7745,794,4256,0,0,1278,8548,156,1723,1278,10271,California
Santa Barbara,2021-01-13,1220,13221,271,8016,949,5205,0,0,1093,9514,127,1850,1093,11364,California
Santa Barbara,2021-01-14,1253,14474,135,8151,1118,6323,0,0,1198,10659,54,1904,1199,12563,California
Santa Barbara,2021-01-15,1801,16275,419,8570,1382,7705,0,0,1720,12299,80,1984,1720,14283,California
Santa Barbara,2021-01-16,1270,17545,200,8770,1070,8775,0,0,1231,13492,38,2022,1231,15514,California
Santa Barbara,2021-01-17,123,17668,20,8790,103,8878,0,0,120,13609,3,2025,120,15634,California
Santa Barbara,2021-01-18,1152,18820,418,9208,734,9612,0,0,967,14391,185,2210,967,16601,California
Santa Barbara,2021-01-19,1639,20459,570,9778,1069,10681,0,0,1361,15475,277,2487,1361,17962,California
Santa Barbara,2021-01-20,2096,22555,545,10323,1551,12232,0,0,1741,16862,354,2841,1741,19703,California
Santa Barbara,2021-01-21,3183,25738,1911,12234,1272,13504,0,0,3024,19728,159,3000,3025,22728,California
Santa Barbara,2021-01-22,2926,28664,1772,14006,1154,14658,0,0,2762,22330,161,3161,2763,25491,California
Santa Barbara,2021-01-23,1734,30398,1106,15112,628,15286,0,0,1225,23047,508,3669,1225,26716,California
Santa Barbara,2021-01-24,843,31241,751,15863,92,15378,0,0,834,23872,9,3678,834,27550,California
Santa Barbara,2021-01-25,1243,32484,498,16361,745,16123,0,0,1006,24641,237,3915,1006,28556,California
Santa Barbara,2021-01-26,2045,34529,463,16824,1582,17705,0,0,1661,25920,382,4297,1661,30217,California
Santa Barbara,2021-01-27,1165,35694,400,17224,765,18470,0,0,903,26564,261,4558,905,31122,California
Santa Barbara,2021-01-28,892,36586,295,17519,597,19067,0,0,678,27031,211,4769,678,31800,California
Santa Barbara,2021-01-29,1333,37919,536,18055,797,19864,0,0,979,27661,351,5120,981,32781,California
Santa Barbara,2021-01-30,1893,39812,1420,19475,473,20337,0,0,1488,28747,402,5522,1488,34269,California
Santa Barbara,2021-01-31,1453,41265,1215,20690,238,20575,0,0,1414,30122,39,5561,1414,35683,California
Santa Barbara,2021-02-01,954,42219,529,21219,425,21000,0,0,556,30280,398,5959,556,36239,California
Santa Barbara,2021-02-02,1808,44027,679,21898,1129,22129,0,0,1044,30563,761,6720,1044,37283,California
Santa Barbara,2021-02-03,1940,45967,1077,22975,863,22992,0,0,1500,31633,430,7150,1500,38783,California
Santa Barbara,2021-02-04,2780,48747,1865,24840,915,23907,0,0,2482,33823,292,7442,2482,41265,California
Santa Barbara,2021-02-05,2901,51648,2057,26897,844,24751,0,0,2260,35444,639,8081,2260,43525,California
Santa Barbara,2021-02-06,1204,52852,339,27236,865,25616,0,0,794,35828,410,8491,794,44319,California
Santa Barbara,2021-02-07,302,53154,263,27499,39,25655,0,0,267,36061,34,8525,267,44586,California
Santa Barbara,2021-02-08,955,54109,311,27810,644,26299,0,0,665,36436,290,8815,665,45251,California
Santa Barbara,2021-02-09,2438,56547,313,28123,2125,28424,0,0,1119,36245,1310,10125,1119,46370,California
Santa Barbara,2021-02-10,2763,59310,1496,29619,1267,29691,0,0,780,35049,1976,12101,780,47150,California
Santa Barbara,2021-02-11,4187,63497,2808,32427,1379,31070,0,0,623,32118,3554,15655,623,47773,California
Santa Barbara,2021-02-12,3308,66805,948,33375,2360,33430,0,0,774,30364,2528,18183,774,48547,California
Santa Barbara,2021-02-13,1234,68039,341,33716,893,34323,0,0,561,30254,671,18854,561,49108,California
Santa Barbara,2021-02-14,332,68371,35,33751,297,34620,0,0,287,30496,45,18899,287,49395,California
Santa Barbara,2021-02-15,969,69340,338,34089,631,35251,0,0,495,30520,471,19370,495,49890,California
Santa Barbara,2021-02-16,2108,71448,395,34484,1713,36964,0,0,719,29854,1385,20755,719,50609,California
Santa Barbara,2021-02-17,1436,72884,321,34805,1115,38079,0,0,523,29468,909,21664,523,51132,California
Santa Barbara,2021-02-18,3258,76142,2650,37455,608,38687,0,0,1520,29286,1702,23366,1520,52652,California
Santa Barbara,2021-02-19,3596,79738,2641,40096,955,39642,0,0,2329,30351,1264,24630,2329,54981,California
Santa Barbara,2021-02-20,2225,81963,1439,41535,786,40428,0,0,1669,31474,546,25176,1669,56650,California
Santa Barbara,2021-02-21,135,82098,106,41641,29,40457,0,0,60,31461,73,25249,60,56710,California
Santa Barbara,2021-02-22,940,83038,248,41889,692,41149,0,0,271,31067,666,25915,272,56982,California
Santa Barbara,2021-02-23,3189,86227,1046,42935,2143,43292,0,0,422,28726,2763,28678,422,57404,California
Santa Barbara,2021-02-24,3207,89434,1093,44028,2114,45406,0,0,722,26973,2475,31153,722,58126,California
Santa Barbara,2021-02-25,3455,92889,1921,45949,1534,46940,0,0,990,25507,2457,33610,991,59117,California
Santa Barbara,2021-02-26,3668,96557,2177,48126,1491,48431,0,0,1979,25805,1681,35291,1979,61096,California
Santa Barbara,2021-02-27,1532,98089,562,48688,970,49401,0,0,852,25983,676,35967,854,61950,California
Santa Barbara,2021-02-28,1085,99174,220,48908,865,50266,0,0,893,26690,187,36154,894,62844,California
Santa Barbara,2021-03-01,1645,100819,471,49379,1173,51439,1,1,1089,27241,540,36694,1091,63935,California
Santa Barbara,2021-03-02,2650,103469,424,49803,2226,53665,0,1,2149,28903,488,37182,2150,66085,California
Santa Barbara,2021-03-03,4631,108100,2102,51905,2527,56192,2,3,4035,32359,585,37767,4041,70126,California
Santa Barbara,2021-03-04,3421,111521,2283,54188,1138,57330,0,3,2865,34676,548,38315,2865,72991,California
Santa Barbara,2021-03-05,3819,115340,2164,56352,1596,58926,59,62,3095,37111,719,39034,3154,76145,California
Santa Barbara,2021-03-06,2433,117773,727,57079,1487,60413,219,281,1670,38239,759,39793,1887,78032,California
Santa Barbara,2021-03-07,564,118337,123,57202,310,60723,131,412,383,38574,180,39973,515,78547,California
Santa Barbara,2021-03-08,1580,119917,381,57583,856,61579,343,755,797,38937,777,40750,1140,79687,California
Santa Barbara,2021-03-09,2797,122714,344,57927,1679,63258,774,1529,738,38389,2056,42806,1508,81195,California
Santa Barbara,2021-03-10,2762,125476,553,58480,1162,64420,1047,2576,1042,38760,1715,44521,2086,83281,California
Santa Barbara,2021-03-11,5580,131056,3028,61508,1437,65857,1115,3691,2282,38866,3284,47805,3390,86671,California
Santa Barbara,2021-03-12,3681,134737,2100,63608,1151,67008,430,4121,2182,39984,1491,49296,2609,89280,California
Santa Barbara,2021-03-13,3494,138231,1935,65543,1351,68359,208,4329,2700,42101,792,50088,2909,92189,California
Santa Barbara,2021-03-14,795,139026,380,65923,358,68717,57,4386,473,42310,321,50409,530,92719,California
Santa Barbara,2021-03-15,2117,141143,698,66621,1128,69845,291,4677,1271,43031,839,51248,1560,94279,California
Santa Barbara,2021-03-16,3724,144867,1173,67794,2209,72054,342,5019,2735,45123,985,52233,3077,97356,California
Santa Barbara,2021-03-17,3310,148177,971,68765,1934,73988,405,5424,2319,46854,989,53222,2720,100076,California
Santa Barbara,2021-03-18,5230,153407,2800,71565,2228,76216,202,5626,4005,49852,1209,54431,4207,104283,California
Santa Barbara,2021-03-19,4449,157856,2769,74334,1347,77563,333,5959,3057,51853,1388,55819,3389,107672,California
Santa Barbara,2021-03-20,2179,160035,836,75170,1329,78892,14,5973,1334,52358,842,56661,1347,109019,California
Santa Barbara,2021-03-21,1165,161200,383,75553,752,79644,30,6003,838,52901,325,56986,868,109887,California
Santa Barbara,2021-03-22,2780,163980,1913,77466,823,80467,44,6047,2223,54620,548,57534,2267,112154,California
Santa Barbara,2021-03-23,4482,168462,2254,79720,2127,82594,101,6148,3708,57663,765,58299,3808,115962,California
Santa Barbara,2021-03-24,5420,173882,3157,82877,1514,84108,749,6897,2972,58956,2424,60723,3717,119679,California
Santa Barbara,2021-03-25,5565,179447,3276,86153,2098,86206,191,7088,2788,59174,2761,63484,2979,122658,California
Santa Barbara,2021-03-26,5093,184540,3227,89380,1568,87774,298,7386,2244,58883,2833,66317,2542,125200,California
Santa Barbara,2021-03-27,2957,187497,1225,90605,1689,89463,43,7429,1621,59213,1332,67649,1662,126862,California
Santa Barbara,2021-03-28,2779,190276,1657,92262,1094,90557,28,7457,1893,60254,881,68530,1922,128784,California
Santa Barbara,2021-03-29,4044,194320,2087,94349,1886,92443,71,7528,3228,62741,812,69342,3299,132083,California
Santa Barbara,2021-03-30,6802,201122,3513,97862,3138,95581,151,7679,4541,65184,2246,71588,4689,136772,California
Santa Barbara,2021-03-31,8680,209802,5526,103388,3087,98668,67,7746,5059,66710,3600,75188,5126,141898,California
Santa Barbara,2021-04-01,7043,216845,5208,108596,1574,100242,261,8007,4177,68298,2848,78036,4436,146334,California
Santa Barbara,2021-04-02,6649,223494,4560,113156,1494,101736,595,8602,3423,69100,3218,81254,4020,150354,California
Santa Barbara,2021-04-03,3811,227305,2114,115270,1629,103365,68,8670,2518,70396,1289,82543,2585,152939,California
Santa Barbara,2021-04-04,900,228205,444,115714,416,103781,40,8710,501,70540,397,82940,541,153480,California
Santa Barbara,2021-04-05,3466,231671,2290,118004,917,104698,259,8969,2168,71677,1291,84231,2428,155908,California
Santa Barbara,2021-04-06,5485,237156,2831,120835,2115,106813,539,9508,3357,73461,2112,86343,3896,159804,California
Santa Barbara,2021-04-07,6002,243158,3286,124121,2174,108987,542,10050,4078,76180,1914,88257,4633,164437,California
Santa Barbara,2021-04-08,7406,250564,5033,129154,645,109632,1728,11778,3415,77334,3987,92244,5141,169578,California
Santa Barbara,2021-04-09,7299,257863,4853,134007,1093,110725,1353,13131,3287,77972,4003,96247,4641,174219,California
Santa Barbara,2021-04-10,6714,264577,4650,138657,1442,112167,622,13753,4566,81029,2141,98388,5198,179417,California
Santa Barbara,2021-04-11,2642,267219,1932,140589,411,112578,299,14052,1822,82331,814,99202,2116,181533,California
Santa Barbara,2021-04-12,4428,271647,2849,143438,1025,113603,554,14606,1924,82310,2497,101699,2476,184009,California
Santa Barbara,2021-04-13,6312,277959,4151,147589,2155,115758,6,14612,2624,81258,3683,105382,2631,186640,California
Santa Barbara,2021-04-14,6730,284689,4399,151988,2329,118087,2,14614,4203,82948,2516,107898,4206,190846,California
Santa Barbara,2021-04-15,6941,291630,4078,156066,2862,120949,1,14615,3751,83521,3180,111078,3753,194599,California
Santa Barbara,2021-04-16,6371,298001,3742,159808,2618,123567,11,14626,4380,85935,1976,113054,4390,198989,California
Santa Barbara,2021-04-17,5315,303316,3855,163663,1460,125027,0,14626,4096,88824,1207,114261,4096,203085,California
Santa Barbara,2021-04-18,2133,305449,1480,165143,653,125680,0,14626,373,87442,1756,116017,374,203459,California
Santa Barbara,2021-04-19,3236,308685,2225,167368,1005,126685,6,14632,1031,86280,2200,118217,1038,204497,California
Santa Barbara,2021-04-20,5866,314551,3946,171314,1919,128604,1,14633,1652,83731,4202,122419,1653,206150,California
Santa Barbara,2021-04-21,5470,320021,3629,174943,1841,130445,0,14633,1735,81742,3724,126143,1735,207885,California
Santa Barbara,2021-04-22,5091,325112,2560,177503,2530,132975,1,14634,1453,79576,3622,129765,1456,209341,California
Santa Barbara,2021-04-23,5582,330694,3873,181376,1709,134684,0,14634,1963,77933,3606,133371,1963,211304,California
Santa Barbara,2021-04-24,4424,335118,2877,184253,1542,136226,5,14639,1637,76807,2768,136139,1642,212946,California
Santa Barbara,2021-04-25,1832,336950,1184,185437,648,136874,0,14639,500,75983,1324,137463,500,213446,California
Santa Barbara,2021-04-26,2931,339881,1805,187242,1105,137979,21,14660,463,74005,2462,139925,484,213930,California
Santa Barbara,2021-04-27,3678,343559,2027,189269,1564,139543,87,14747,1103,72629,2565,142490,1189,215119,California
Santa Barbara,2021-04-28,4906,348465,2861,192130,1928,141471,117,14864,1402,70660,3491,145981,1522,216641,California
Santa Barbara,2021-04-29,5246,353711,3797,195927,1222,142693,227,15091,1445,68545,3785,149766,1670,218311,California
Santa Barbara,2021-04-30,4950,358661,3697,199624,1088,143781,165,15256,1424,66621,3512,153278,1588,219899,California
Santa Barbara,2021-05-01,5234,363895,4055,203679,1146,144927,33,15289,901,63232,4325,157603,936,220835,California
Santa Barbara,2021-05-02,1132,365027,667,204346,337,145264,128,15417,309,62846,823,158426,437,221272,California
Santa Barbara,2021-05-03,2207,367234,1481,205827,587,145851,139,15556,445,61672,1756,160182,582,221854,California
Santa Barbara,2021-05-04,3281,370515,1661,207488,1549,147400,71,15627,1141,60756,2127,162309,1211,223065,California
Santa Barbara,2021-05-05,5420,375935,3669,211157,1605,149005,146,15773,629,56753,4779,167088,776,223841,California
Santa Barbara,2021-05-06,5044,380979,3907,215064,1033,150038,104,15877,962,53753,4066,171154,1066,224907,California
Santa Barbara,2021-05-07,4660,385639,3650,218714,832,150870,178,16055,1001,51281,3649,174803,1177,226084,California
Santa Barbara,2021-05-08,4230,389869,3152,221866,980,151850,98,16153,890,48942,3327,178130,988,227072,California
Santa Barbara,2021-05-09,700,390569,109,221975,551,152401,40,16193,467,49218,232,178362,508,227580,California
Santa Barbara,2021-05-10,1322,391891,621,222596,617,153018,84,16277,367,48715,953,179315,450,228030,California
Santa Barbara,2021-05-11,1829,393720,769,223365,769,153787,291,16568,412,48006,1410,180725,701,228731,California
Santa Barbara,2021-05-12,1545,395265,686,224051,657,154444,202,16770,440,47551,1097,181822,642,229373,California
Santa Barbara,2021-05-13,3568,398833,2711,226762,664,155108,193,16963,1175,46536,2382,184204,1367,230740,California
Santa Barbara,2021-05-14,4148,402981,2532,229294,1522,156630,94,17057,1638,45770,2496,186700,1730,232470,California
Santa Barbara,2021-05-15,3511,406492,2568,231862,924,157554,19,17076,1843,45976,1657,188357,1863,234333,California
Santa Barbara,2021-05-16,1064,407556,466,232328,483,158037,115,17191,469,45969,591,188948,584,234917,California
Santa Barbara,2021-05-17,1638,409194,933,233261,643,158680,62,17253,914,46230,717,189665,978,235895,California
Santa Barbara,2021-05-18,1841,411035,1158,234419,589,159269,94,17347,1016,46532,809,190474,1111,237006,California
Santa Barbara,2021-05-19,1759,412794,972,235391,746,160015,41,17388,821,46463,930,191404,861,237867,California
Santa Barbara,2021-05-20,1266,414060,650,236041,499,160514,117,17505,667,46659,587,191991,783,238650,California
Santa Barbara,2021-05-21,2969,417029,2001,238042,915,161429,53,17558,1095,45948,1860,193851,1149,239799,California
Santa Barbara,2021-05-22,2178,419207,1534,239576,599,162028,45,17603,1290,46400,884,194735,1336,241135,California
Santa Barbara,2021-05-23,565,419772,214,239790,324,162352,27,17630,323,46508,242,194977,350,241485,California
Santa Barbara,2021-05-24,1007,420779,593,240383,356,162708,58,17688,513,46592,488,195465,572,242057,California
Santa Barbara,2021-05-25,1400,422179,579,240962,752,163460,69,17757,473,46210,921,196386,539,242596,California
Santa Barbara,2021-05-26,2960,425139,1682,242644,1167,164627,111,17868,822,45019,2123,198509,932,243528,California
Santa Barbara,2021-05-27,1912,427051,1191,243835,602,165229,119,17987,820,44873,1086,199595,940,244468,California
Santa Barbara,2021-05-28,1513,428564,700,244535,661,165890,152,18139,627,44771,880,200475,778,245246,California
Santa Barbara,2021-05-29,869,429433,293,244828,537,166427,39,18178,341,44626,525,201000,380,245626,California
Santa Barbara,2021-05-30,499,429932,185,245013,215,166642,99,18277,185,44597,312,201312,283,245909,California
Santa Barbara,2021-05-31,97,430029,43,245056,44,166686,10,18287,25,44560,71,201383,34,245943,California
Santa Barbara,2021-06-01,401,430430,149,245205,237,166923,15,18302,163,44504,234,201617,178,246121,California
Santa Clara,2020-12-15,67,67,67,67,0,0,0,0,67,67,0,0,67,67,California
Santa Clara,2020-12-16,145,212,145,212,0,0,0,0,145,212,0,0,145,212,California
Santa Clara,2020-12-17,400,612,400,612,0,0,0,0,400,612,0,0,400,612,California
Santa Clara,2020-12-18,1681,2293,1681,2293,0,0,0,0,1681,2293,0,0,1681,2293,California
Santa Clara,2020-12-19,2081,4374,2081,4374,0,0,0,0,2080,4373,0,0,2080,4373,California
Santa Clara,2020-12-20,1917,6291,1916,6290,1,1,0,0,1914,6287,0,0,1914,6287,California
Santa Clara,2020-12-21,2747,9038,2747,9037,0,1,0,0,2746,9033,0,0,2746,9033,California
Santa Clara,2020-12-22,3218,12256,3211,12248,7,8,0,0,3215,12248,0,0,3215,12248,California
Santa Clara,2020-12-23,3359,15615,3170,15418,189,197,0,0,3358,15606,0,0,3358,15606,California
Santa Clara,2020-12-24,1949,17564,1762,17180,187,384,0,0,1944,17549,1,1,1944,17550,California
Santa Clara,2020-12-25,356,17920,355,17535,1,385,0,0,356,17905,0,1,356,17906,California
Santa Clara,2020-12-26,1269,19189,1036,18571,233,618,0,0,1268,19173,0,1,1268,19174,California
Santa Clara,2020-12-27,650,19839,508,19079,142,760,0,0,650,19823,0,1,650,19824,California
Santa Clara,2020-12-28,2336,22175,1729,20808,607,1367,0,0,2336,22159,0,1,2336,22160,California
Santa Clara,2020-12-29,2352,24527,1492,22300,860,2227,0,0,2351,24510,0,1,2351,24511,California
Santa Clara,2020-12-30,2985,27512,1890,24190,1095,3322,0,0,2983,27491,2,3,2983,27494,California
Santa Clara,2020-12-31,1217,28729,392,24582,825,4147,0,0,1216,28706,1,4,1216,28710,California
Santa Clara,2021-01-01,145,28874,12,24594,133,4280,0,0,144,28849,1,5,144,28854,California
Santa Clara,2021-01-02,1085,29959,815,25409,270,4550,0,0,1085,29934,0,5,1085,29939,California
Santa Clara,2021-01-03,584,30543,367,25776,217,4767,0,0,579,30510,3,8,579,30518,California
Santa Clara,2021-01-04,2471,33014,1670,27446,801,5568,0,0,2468,32978,0,8,2468,32986,California
Santa Clara,2021-01-05,3069,36083,2011,29457,1058,6626,0,0,2882,35680,186,194,2888,35874,California
Santa Clara,2021-01-06,3338,39421,1970,31427,1368,7994,0,0,2759,37866,575,769,2761,38635,California
Santa Clara,2021-01-07,4222,43643,2562,33989,1660,9654,0,0,3150,39960,1062,1831,3156,41791,California
Santa Clara,2021-01-08,5854,49497,3824,37813,2030,11684,0,0,3794,41698,2056,3887,3794,45585,California
Santa Clara,2021-01-09,2981,52478,1869,39682,1112,12796,0,0,1691,42102,1290,5177,1694,47279,California
Santa Clara,2021-01-10,1958,54436,1514,41196,444,13240,0,0,748,41641,1209,6386,748,48027,California
Santa Clara,2021-01-11,5961,60397,3755,44951,2206,15446,0,0,3385,42456,2575,8961,3390,51417,California
Santa Clara,2021-01-12,6812,67209,3411,48362,3401,18847,0,0,4566,44778,2245,11206,4567,55984,California
Santa Clara,2021-01-13,7382,74591,3058,51420,4324,23171,0,0,5208,47815,2172,13378,5209,61193,California
Santa Clara,2021-01-14,8233,82824,2799,54219,5434,28605,0,0,6492,52573,1736,15114,6494,67687,California
Santa Clara,2021-01-15,9458,92282,2681,56900,6777,35382,0,0,8137,59398,1317,16431,8142,75829,California
Santa Clara,2021-01-16,4295,96577,1230,58130,3065,38447,0,0,3459,62025,832,17263,3459,79288,California
Santa Clara,2021-01-17,3213,99790,603,58733,2610,41057,0,0,2716,64244,497,17760,2716,82004,California
Santa Clara,2021-01-18,5096,104886,1157,59890,3939,44996,0,0,4541,68231,555,18315,4542,86546,California
Santa Clara,2021-01-19,8505,113391,2689,62579,5816,50812,0,0,6817,73366,1685,20000,6820,93366,California
Santa Clara,2021-01-20,8087,121478,4112,66691,3975,54787,0,0,6540,78364,1542,21542,6540,99906,California
Santa Clara,2021-01-21,8700,130178,3776,70467,4924,59711,0,0,7496,84660,1202,22744,7498,107404,California
Santa Clara,2021-01-22,8637,138815,3251,73718,5386,65097,0,0,8069,92165,567,23311,8072,115476,California
Santa Clara,2021-01-23,3781,142596,1686,75404,2095,67192,0,0,2822,94029,959,24270,2823,118299,California
Santa Clara,2021-01-24,2830,145426,1423,76827,1407,68599,0,0,2345,95892,482,24752,2345,120644,California
Santa Clara,2021-01-25,8399,153825,3800,80627,4599,73198,0,0,6326,100155,2065,26817,6328,126972,California
Santa Clara,2021-01-26,8253,162078,3779,84406,4474,77672,0,0,6136,104186,2107,28924,6138,133110,California
Santa Clara,2021-01-27,8719,170797,3831,88237,4888,82560,0,0,6799,109084,1902,30826,6800,139910,California
Santa Clara,2021-01-28,9498,180295,3817,92054,5681,88241,0,0,7536,114683,1941,32767,7540,147450,California
Santa Clara,2021-01-29,9521,189816,3949,96003,5572,93813,0,0,7347,119866,2165,34932,7348,154798,California
Santa Clara,2021-01-30,4159,193975,2073,98076,2086,95899,0,0,2950,121615,1202,36134,2951,157749,California
Santa Clara,2021-01-31,2176,196151,1306,99382,870,96769,0,0,1582,122607,590,36724,1582,159331,California
Santa Clara,2021-02-01,7858,204009,3513,102895,4345,101114,0,0,6151,127061,1699,38423,6153,165484,California
Santa Clara,2021-02-02,8548,212557,2879,105774,5669,106783,0,0,6549,131621,1992,40415,6552,172036,California
Santa Clara,2021-02-03,9211,221768,3490,109264,5721,112504,0,0,6924,136271,2280,42695,6930,178966,California
Santa Clara,2021-02-04,10950,232718,4143,113407,6807,119311,0,0,8659,142652,2281,44976,8662,187628,California
Santa Clara,2021-02-05,11943,244661,4352,117759,7591,126902,0,0,8483,147690,3446,48422,8484,196112,California
Santa Clara,2021-02-06,5207,249868,2826,120585,2381,129283,0,0,4035,150559,1168,49590,4037,200149,California
Santa Clara,2021-02-07,3481,253349,2349,122934,1132,130415,0,0,3027,153134,453,50043,3028,203177,California
Santa Clara,2021-02-08,10021,263370,3484,126418,6537,136952,0,0,7307,157741,2701,52744,7308,210485,California
Santa Clara,2021-02-09,11168,274538,3819,130237,7349,144301,0,0,7669,161926,3488,56232,7673,218158,California
Santa Clara,2021-02-10,12644,287182,4911,135148,7733,152034,0,0,6835,162964,5799,62031,6837,224995,California
Santa Clara,2021-02-11,13548,300730,4732,139880,8816,160850,0,0,7695,164822,5838,67869,7696,232691,California
Santa Clara,2021-02-12,14566,315296,4502,144382,10064,170914,0,0,6993,164264,7553,75422,6995,239686,California
Santa Clara,2021-02-13,6079,321375,1459,145841,4620,175534,0,0,2222,162638,3850,79272,2224,241910,California
Santa Clara,2021-02-14,4607,325982,1140,146981,3467,179001,0,0,1467,160969,3138,82410,1469,243379,California
Santa Clara,2021-02-15,6258,332240,2789,149770,3469,182470,0,0,2703,160124,3548,85958,2703,246082,California
Santa Clara,2021-02-16,13796,346036,4014,153784,9782,192252,0,0,6941,160227,6838,92796,6941,253023,California
Santa Clara,2021-02-17,14091,360127,5507,159291,8584,200836,0,0,7055,160269,7018,99814,7060,260083,California
Santa Clara,2021-02-18,14232,374359,8388,167679,5844,206680,0,0,7245,160570,6947,106761,7248,267331,California
Santa Clara,2021-02-19,14838,389197,9530,177209,5308,211988,0,0,8635,163022,6188,112949,8640,275971,California
Santa Clara,2021-02-20,6826,396023,5107,182316,1719,213707,0,0,3677,163560,3139,116088,3677,279648,California
Santa Clara,2021-02-21,3308,399331,2482,184798,826,214533,0,0,1215,162693,2084,118172,1217,280865,California
Santa Clara,2021-02-22,10181,409512,6098,190896,4083,218616,0,0,4729,161981,5442,123614,4730,285595,California
Santa Clara,2021-02-23,11922,421434,7738,198634,4184,222800,0,0,6769,163614,5140,128754,6773,292368,California
Santa Clara,2021-02-24,14173,435607,9129,207763,5044,227844,0,0,8769,166995,5388,134142,8769,301137,California
Santa Clara,2021-02-25,14650,450257,9274,217037,5376,233220,0,0,7905,168181,6723,140865,7909,309046,California
Santa Clara,2021-02-26,14593,464850,8454,225491,6139,239359,0,0,8020,169653,6551,147416,8023,317069,California
Santa Clara,2021-02-27,8063,472913,5523,231014,2539,241898,1,1,4481,170571,3571,150987,4489,321558,California
Santa Clara,2021-02-28,4736,477649,3081,234095,1655,243553,0,1,2210,170264,2517,153504,2210,323768,California
Santa Clara,2021-03-01,14113,491762,8009,242104,6100,249653,4,5,8740,173655,5353,158857,8744,332512,California
Santa Clara,2021-03-02,16045,507807,9528,251632,6516,256169,1,6,10261,178160,5758,164615,10263,342775,California
Santa Clara,2021-03-03,18481,526288,9082,260714,9396,265565,3,9,11477,182679,6966,171581,11485,354260,California
Santa Clara,2021-03-04,16497,542785,8985,269699,7509,273074,3,12,9602,185471,6815,178396,9607,363867,California
Santa Clara,2021-03-05,16602,559387,9232,278931,7243,280317,127,139,9215,187453,7365,185761,9347,373214,California
Santa Clara,2021-03-06,9453,568840,6322,285253,2679,282996,452,591,7100,192664,2340,188101,7551,380765,California
Santa Clara,2021-03-07,6825,575665,4472,289725,2108,285104,245,836,5435,196960,1382,189483,5678,386443,California
Santa Clara,2021-03-08,12916,588581,6736,296461,5609,290713,571,1407,8295,201223,4603,194086,8866,395309,California
Santa Clara,2021-03-09,15236,603817,6514,302975,7388,298101,1334,2741,6865,201064,8352,202438,8193,403502,California
Santa Clara,2021-03-10,15131,618948,6589,309564,6428,304529,2114,4855,6216,200483,8888,211326,8307,411809,California
Santa Clara,2021-03-11,17078,636026,7769,317333,7800,312329,1509,6364,6056,197039,10994,222320,7550,419359,California
Santa Clara,2021-03-12,17714,653740,9115,326448,7025,319354,1574,7938,5992,192906,11682,234002,7549,426908,California
Santa Clara,2021-03-13,10772,664512,6243,332691,3033,322387,1496,9434,4843,193317,5906,239908,6317,433225,California
Santa Clara,2021-03-14,6518,671030,3377,336068,1835,324222,1306,10740,3181,194472,3320,243228,4475,437700,California
Santa Clara,2021-03-15,12800,683830,6546,342614,5982,330204,272,11012,6007,193981,6770,249998,6279,443979,California
Santa Clara,2021-03-16,18197,702027,10299,352913,7689,337893,209,11221,8816,193651,9352,259350,9022,453001,California
Santa Clara,2021-03-17,19940,721967,11296,364209,8475,346368,169,11390,10307,194539,9582,268932,10470,463471,California
Santa Clara,2021-03-18,19077,741044,8937,373146,8976,355344,1164,12554,9093,194859,9929,278861,10249,473720,California
Santa Clara,2021-03-19,19277,760321,9930,383076,8344,363688,1003,13557,10007,196649,9210,288071,11000,484720,California
Santa Clara,2021-03-20,11511,771832,6346,389422,4338,368026,827,14384,6767,199526,4714,292785,7591,492311,California
Santa Clara,2021-03-21,8305,780137,3771,393193,3135,371161,1399,15783,5571,203760,2722,295507,6956,499267,California
Santa Clara,2021-03-22,16318,796455,9114,402307,6855,378016,349,16132,9304,206426,6986,302493,9652,508919,California
Santa Clara,2021-03-23,19237,815692,12233,414540,6482,384498,522,16654,11175,210109,8015,310508,11698,520617,California
Santa Clara,2021-03-24,22598,838290,14562,429102,7622,392120,414,17068,14659,217286,7898,318406,15075,535692,California
Santa Clara,2021-03-25,22941,861231,13151,442253,8810,400930,980,18048,14788,224950,8090,326496,15754,551446,California
Santa Clara,2021-03-26,21930,883161,13975,456228,7569,408499,386,18434,13513,230463,8380,334876,13893,565339,California
Santa Clara,2021-03-27,15706,898867,10457,466685,4481,412980,768,19202,8417,232400,7247,342123,9184,574523,California
Santa Clara,2021-03-28,12054,910921,8355,475040,2986,415966,713,19915,6473,234026,5556,347679,7182,581705,California
Santa Clara,2021-03-29,20581,931502,12624,487664,7230,423196,727,20642,11161,236527,9379,357058,11880,593585,California
Santa Clara,2021-03-30,25630,957132,15256,502920,8429,431625,1945,22587,16150,245172,9444,366502,18089,611674,California
Santa Clara,2021-03-31,20493,977625,11904,514824,7459,439084,1130,23717,12603,251044,7850,374352,13722,625396,California
Santa Clara,2021-04-01,31832,1009457,19855,534679,8917,448001,3060,26777,20128,262573,11638,385990,23167,648563,California
Santa Clara,2021-04-02,25192,1034649,14347,549026,8676,456677,2169,28946,16456,272491,8696,394686,18614,667177,California
Santa Clara,2021-04-03,15292,1049941,9268,558294,3507,460184,2517,31463,8491,276705,6781,401467,10995,678172,California
Santa Clara,2021-04-04,7646,1057587,4041,562335,2437,462621,1168,32631,3968,278169,3666,405133,5130,683302,California
Santa Clara,2021-04-05,21881,1079468,14576,576911,4827,467448,2478,35109,14286,287354,7569,412702,16754,700056,California
Santa Clara,2021-04-06,29566,1109034,16290,593201,7824,475272,5452,40561,17756,298783,11766,424468,23195,723251,California
Santa Clara,2021-04-07,30867,1139901,15935,609136,8439,483711,6493,47054,18837,312117,11977,436445,25311,748562,California
Santa Clara,2021-04-08,29909,1169810,16343,625479,5978,489689,7588,54642,16295,322426,13546,449991,23855,772417,California
Santa Clara,2021-04-09,28056,1197866,13895,639374,6902,496591,7259,61901,14348,330359,13652,463643,21585,794002,California
Santa Clara,2021-04-10,21389,1219255,12350,651724,3752,500343,5287,67188,11415,337073,9942,473585,16656,810658,California
Santa Clara,2021-04-11,15972,1235227,9580,661304,2646,502989,3746,70934,8289,341433,7653,481238,12013,822671,California
Santa Clara,2021-04-12,26796,1262023,18858,680162,5514,508503,2424,73358,18270,353637,8475,489713,20679,843350,California
Santa Clara,2021-04-13,34248,1296271,26956,707118,7263,515766,29,73387,26423,372363,7750,497463,26476,869826,California
Santa Clara,2021-04-14,36758,1333029,27862,734980,8892,524658,4,73391,26132,387965,10562,508025,26164,895990,California
Santa Clara,2021-04-15,44007,1377036,34138,769118,9867,534525,2,73393,33935,411957,9967,517992,33959,929949,California
Santa Clara,2021-04-16,38339,1415375,26274,795392,12063,546588,2,73395,27507,428719,10771,528763,27533,957482,California
Santa Clara,2021-04-17,21947,1437322,15008,810400,6937,553525,2,73397,15059,436953,6842,535605,15076,972558,California
Santa Clara,2021-04-18,16386,1453708,10661,821061,5725,559250,0,73397,10247,441099,6112,541717,10258,982816,California
Santa Clara,2021-04-19,28811,1482519,20860,841921,7950,567200,1,73398,17249,446886,11492,553209,17279,1000095,California
Santa Clara,2021-04-20,36893,1519412,22454,864375,14438,581638,1,73399,22542,455213,14246,567455,22573,1022668,California
Santa Clara,2021-04-21,36788,1556200,21345,885720,15441,597079,2,73401,24362,467271,12337,579792,24395,1047063,California
Santa Clara,2021-04-22,37218,1593418,24822,910542,12395,609474,1,73402,17610,465435,19512,599304,17676,1064739,California
Santa Clara,2021-04-23,31996,1625414,19460,930002,12535,622009,1,73403,15060,463707,16839,616143,15111,1079850,California
Santa Clara,2021-04-24,21098,1646512,15447,945449,5650,627659,1,73404,11979,466667,9047,625190,12007,1091857,California
Santa Clara,2021-04-25,13582,1660094,9818,955267,3757,631416,7,73411,8674,470503,4867,630057,8703,1100560,California
Santa Clara,2021-04-26,24245,1684339,18953,974220,5234,636650,58,73469,10117,466666,14036,644093,10199,1110759,California
Santa Clara,2021-04-27,26679,1711018,19259,993479,7131,643781,289,73758,11711,463826,14877,658970,12037,1122796,California
Santa Clara,2021-04-28,25300,1736318,18660,1012139,6203,649984,437,74195,10416,459931,14805,673775,10910,1133706,California
Santa Clara,2021-04-29,23169,1759487,16827,1028966,5945,655929,397,74592,8358,454005,14743,688518,8817,1142523,California
Santa Clara,2021-04-30,22944,1782431,15718,1044684,6862,662791,364,74956,9757,451094,13103,701621,10192,1152715,California
Santa Clara,2021-05-01,17445,1799876,14509,1059193,2676,665467,260,75216,5493,444984,11904,713525,5794,1158509,California
Santa Clara,2021-05-02,11298,1811174,9375,1068568,1693,667160,230,75446,3499,440975,7758,721283,3749,1162258,California
Santa Clara,2021-05-03,22809,1833983,19374,1087942,3002,670162,433,75879,5152,429007,17586,738869,5618,1167876,California
Santa Clara,2021-05-04,30542,1864525,23911,1111853,6090,676252,541,76420,5492,410126,24954,763823,6073,1173949,California
Santa Clara,2021-05-05,32171,1896696,24458,1136311,7170,683422,543,76963,5440,389498,26634,790457,6006,1179955,California
Santa Clara,2021-05-06,35368,1932064,29480,1165791,5413,688835,475,77438,4680,364113,30559,821016,5174,1185129,California
Santa Clara,2021-05-07,32498,1964562,26149,1191940,5859,694694,490,77928,4641,341556,27728,848744,5171,1190300,California
Santa Clara,2021-05-08,16449,1981011,13381,1205321,2645,697339,423,78351,3483,332596,12882,861626,3922,1194222,California
Santa Clara,2021-05-09,10326,1991337,8958,1214279,1181,698520,187,78538,2457,327420,7833,869459,2657,1196879,California
Santa Clara,2021-05-10,20756,2012093,16635,1230914,3721,702241,400,78938,2737,312638,17939,887398,3157,1200036,California
Santa Clara,2021-05-11,21648,2033741,16283,1247197,4949,707190,416,79354,3910,299322,17649,905047,4333,1204369,California
Santa Clara,2021-05-12,20153,2053894,14779,1261976,4911,712101,463,79817,4169,288064,15904,920951,4646,1209015,California
Santa Clara,2021-05-13,26906,2080800,21905,1283881,4709,716810,292,80109,10695,282928,16129,937080,10993,1220008,California
Santa Clara,2021-05-14,27419,2108219,19118,1302999,7919,724729,382,80491,9549,275089,17779,954859,9940,1229948,California
Santa Clara,2021-05-15,20494,2128713,16424,1319423,3790,728519,280,80771,8029,271018,12387,967246,8316,1238264,California
Santa Clara,2021-05-16,15364,2144077,12364,1331787,2823,731342,177,80948,5005,265922,10280,977526,5184,1243448,California
Santa Clara,2021-05-17,19959,2164036,15670,1347457,3926,735268,363,81311,6847,260097,13039,990565,7214,1250662,California
Santa Clara,2021-05-18,25803,2189839,16378,1363835,9007,744275,418,81729,7260,249366,18406,1008971,7675,1258337,California
Santa Clara,2021-05-19,24073,2213912,13884,1377719,9766,754041,423,82152,7879,241585,16090,1025061,8309,1266646,California
Santa Clara,2021-05-20,16684,2230596,11181,1388900,5115,759156,388,82540,5982,237322,10630,1035691,6367,1273013,California
Santa Clara,2021-05-21,20433,2251029,13757,1402657,6239,765395,437,82977,6955,231328,13398,1049089,7404,1280417,California
Santa Clara,2021-05-22,11335,2262364,8833,1411490,2214,767609,288,83265,4809,229957,6471,1055560,5100,1285517,California
Santa Clara,2021-05-23,6725,2269089,5202,1416692,1375,768984,148,83413,2451,228318,4242,1059802,2603,1288120,California
Santa Clara,2021-05-24,10148,2279237,7157,1423849,2544,771528,447,83860,3655,225988,6431,1066233,4101,1292221,California
Santa Clara,2021-05-25,10936,2290173,7450,1431299,3071,774599,415,84275,4330,224191,6544,1072777,4747,1296968,California
Santa Clara,2021-05-26,9865,2300038,6580,1437879,2989,777588,296,84571,3954,222585,5851,1078628,4245,1301213,California
Santa Clara,2021-05-27,9024,2309062,5687,1443566,2894,780482,443,85014,3492,221049,5466,1084094,3930,1305143,California
Santa Clara,2021-05-28,10592,2319654,6803,1450369,3374,783856,415,85429,4287,219507,6245,1090339,4703,1309846,California
Santa Clara,2021-05-29,6199,2325853,4234,1454603,1703,785559,262,85691,2837,219285,3319,1093658,3097,1312943,California
Santa Clara,2021-05-30,3731,2329584,2805,1457408,723,786282,203,85894,1817,219417,1889,1095547,2021,1314964,California
Santa Clara,2021-05-31,1080,2330664,626,1458034,350,786632,104,85998,438,219324,635,1096182,542,1315506,California
Santa Clara,2021-06-01,5567,2336231,4027,1462061,1323,787955,217,86215,1593,217206,3928,1100110,1810,1317316,California
Santa Cruz,2020-12-15,2,2,2,2,0,0,0,0,2,2,0,0,2,2,California
Santa Cruz,2020-12-16,58,60,58,60,0,0,0,0,58,60,0,0,58,60,California
Santa Cruz,2020-12-17,391,451,391,451,0,0,0,0,391,451,0,0,391,451,California
Santa Cruz,2020-12-18,463,914,463,914,0,0,0,0,463,914,0,0,463,914,California
Santa Cruz,2020-12-19,179,1093,178,1092,1,1,0,0,179,1093,0,0,179,1093,California
Santa Cruz,2020-12-20,96,1189,96,1188,0,1,0,0,96,1189,0,0,96,1189,California
Santa Cruz,2020-12-21,439,1628,439,1627,0,1,0,0,439,1628,0,0,439,1628,California
Santa Cruz,2020-12-22,417,2045,416,2043,1,2,0,0,417,2045,0,0,417,2045,California
Santa Cruz,2020-12-23,370,2415,327,2370,43,45,0,0,370,2415,0,0,370,2415,California
Santa Cruz,2020-12-24,127,2542,51,2421,76,121,0,0,127,2542,0,0,127,2542,California
Santa Cruz,2020-12-25,12,2554,12,2433,0,121,0,0,12,2554,0,0,12,2554,California
Santa Cruz,2020-12-26,66,2620,47,2480,19,140,0,0,66,2620,0,0,66,2620,California
Santa Cruz,2020-12-27,32,2652,27,2507,5,145,0,0,32,2652,0,0,32,2652,California
Santa Cruz,2020-12-28,487,3139,108,2615,379,524,0,0,487,3139,0,0,487,3139,California
Santa Cruz,2020-12-29,790,3929,366,2981,424,948,0,0,790,3929,0,0,790,3929,California
Santa Cruz,2020-12-30,354,4283,163,3144,191,1139,0,0,354,4283,0,0,354,4283,California
Santa Cruz,2020-12-31,312,4595,11,3155,301,1440,0,0,312,4595,0,0,312,4595,California
Santa Cruz,2021-01-01,33,4628,1,3156,32,1472,0,0,33,4628,0,0,33,4628,California
Santa Cruz,2021-01-02,68,4696,54,3210,14,1486,0,0,68,4696,0,0,68,4696,California
Santa Cruz,2021-01-03,15,4711,7,3217,8,1494,0,0,15,4711,0,0,15,4711,California
Santa Cruz,2021-01-04,281,4992,124,3341,157,1651,0,0,279,4990,0,0,279,4990,California
Santa Cruz,2021-01-05,565,5557,429,3770,136,1787,0,0,263,4951,302,302,263,5253,California
Santa Cruz,2021-01-06,799,6356,667,4437,132,1919,0,0,460,5073,338,640,460,5713,California
Santa Cruz,2021-01-07,539,6895,214,4651,325,2244,0,0,383,5301,156,796,384,6097,California
Santa Cruz,2021-01-08,931,7826,559,5210,372,2616,0,0,485,5341,446,1242,486,6583,California
Santa Cruz,2021-01-09,462,8288,123,5333,339,2955,0,0,408,5695,54,1296,408,6991,California
Santa Cruz,2021-01-10,78,8366,70,5403,8,2963,0,0,20,5657,58,1354,20,7011,California
Santa Cruz,2021-01-11,716,9082,585,5988,131,3094,0,0,186,5314,530,1884,187,7198,California
Santa Cruz,2021-01-12,718,9800,518,6506,200,3294,0,0,479,5554,239,2123,479,7677,California
Santa Cruz,2021-01-13,520,10320,227,6733,293,3587,0,0,438,5913,79,2202,438,8115,California
Santa Cruz,2021-01-14,549,10869,103,6836,446,4033,0,0,483,6330,66,2268,483,8598,California
Santa Cruz,2021-01-15,1452,12321,75,6911,1377,5410,0,0,1388,7656,64,2332,1390,9988,California
Santa Cruz,2021-01-16,425,12746,52,6963,373,5783,0,0,406,8043,19,2351,406,10394,California
Santa Cruz,2021-01-17,296,13042,41,7004,255,6038,0,0,271,8289,25,2376,271,10665,California
Santa Cruz,2021-01-18,1004,14046,104,7108,900,6938,0,0,943,9171,61,2437,943,11608,California
Santa Cruz,2021-01-19,1610,15656,520,7628,1090,8028,0,0,1261,10086,347,2784,1262,12870,California
Santa Cruz,2021-01-20,1234,16890,181,7809,1053,9081,0,0,1037,10929,194,2978,1037,13907,California
Santa Cruz,2021-01-21,1691,18581,198,8007,1493,10574,0,0,1582,12404,109,3087,1584,15491,California
Santa Cruz,2021-01-22,1783,20364,525,8532,1258,11832,0,0,1680,13985,100,3187,1681,17172,California
Santa Cruz,2021-01-23,396,20760,144,8676,252,12084,0,0,338,14266,57,3244,338,17510,California
Santa Cruz,2021-01-24,115,20875,19,8695,96,12180,0,0,97,14345,18,3262,97,17607,California
Santa Cruz,2021-01-25,1059,21934,359,9054,700,12880,0,0,553,14392,506,3768,553,18160,California
Santa Cruz,2021-01-26,1688,23622,247,9301,1441,14321,0,0,1180,15064,508,4276,1180,19340,California
Santa Cruz,2021-01-27,1644,25266,445,9746,1199,15520,0,0,1261,15944,381,4657,1261,20601,California
Santa Cruz,2021-01-28,1739,27005,289,10035,1450,16970,0,0,1462,17130,277,4934,1463,22064,California
Santa Cruz,2021-01-29,1727,28732,488,10523,1239,18209,0,0,1598,18600,128,5062,1598,23662,California
Santa Cruz,2021-01-30,1054,29786,310,10833,744,18953,0,0,920,19386,134,5196,920,24582,California
Santa Cruz,2021-01-31,222,30008,113,10946,109,19062,0,0,208,19580,14,5210,208,24790,California
Santa Cruz,2021-02-01,1219,31227,748,11694,471,19533,0,0,824,20009,395,5605,824,25614,California
Santa Cruz,2021-02-02,992,32219,125,11819,867,20400,0,0,840,20698,151,5756,840,26454,California
Santa Cruz,2021-02-03,2215,34434,956,12775,1259,21659,0,0,1903,22292,309,6065,1903,28357,California
Santa Cruz,2021-02-04,1840,36274,767,13542,1073,22732,0,0,1502,23457,337,6402,1502,29859,California
Santa Cruz,2021-02-05,3140,39414,778,14320,2362,25094,0,0,2822,25962,317,6719,2822,32681,California
Santa Cruz,2021-02-06,2567,41981,160,14480,2407,27501,0,0,2223,27841,344,7063,2223,34904,California
Santa Cruz,2021-02-07,904,42885,122,14602,782,28283,0,0,887,28711,17,7080,887,35791,California
Santa Cruz,2021-02-08,702,43587,201,14803,501,28784,0,0,507,29024,194,7274,507,36298,California
Santa Cruz,2021-02-09,2357,45944,1050,15853,1307,30091,0,0,2091,30849,266,7540,2091,38389,California
Santa Cruz,2021-02-10,2180,48124,575,16428,1605,31696,0,0,1481,31642,689,8229,1482,39871,California
Santa Cruz,2021-02-11,1826,49950,309,16737,1517,33213,0,0,1312,32442,512,8741,1312,41183,California
Santa Cruz,2021-02-12,3199,53149,415,17152,2784,35997,0,0,1795,32844,1395,10136,1797,42980,California
Santa Cruz,2021-02-13,1699,54848,123,17275,1576,37573,0,0,1287,33719,412,10548,1287,44267,California
Santa Cruz,2021-02-14,1400,56248,71,17346,1329,38902,0,0,1136,34591,264,10812,1136,45403,California
Santa Cruz,2021-02-15,1568,57816,280,17626,1288,40190,0,0,562,34148,1006,11818,563,45966,California
Santa Cruz,2021-02-16,1680,59496,204,17830,1476,41666,0,0,525,33540,1133,12951,525,46491,California
Santa Cruz,2021-02-17,2902,62398,971,18801,1931,43597,0,0,1206,33066,1683,14634,1209,47700,California
Santa Cruz,2021-02-18,2861,65259,631,19432,2230,45827,0,0,1231,32671,1626,16260,1231,48931,California
Santa Cruz,2021-02-19,3239,68498,1133,20565,2106,47933,0,0,1995,33425,1241,17501,1995,50926,California
Santa Cruz,2021-02-20,2373,70871,1490,22055,883,48816,0,0,1877,34806,496,17997,1877,52803,California
Santa Cruz,2021-02-21,836,71707,369,22424,467,49283,0,0,707,35387,127,18124,708,53511,California
Santa Cruz,2021-02-22,1243,72950,955,23379,288,49571,0,0,528,35202,713,18837,528,54039,California
Santa Cruz,2021-02-23,2093,75043,933,24312,1160,50731,0,0,706,34522,1386,20223,706,54745,California
Santa Cruz,2021-02-24,3168,78211,1655,25967,1513,52244,0,0,1202,33763,1961,22184,1202,55947,California
Santa Cruz,2021-02-25,3208,81419,1416,27383,1792,54036,0,0,1765,34094,1435,23619,1766,57713,California
Santa Cruz,2021-02-26,2707,84126,759,28142,1948,55984,0,0,1541,34475,1162,24781,1543,59256,California
Santa Cruz,2021-02-27,2621,86747,931,29073,1690,57674,0,0,1826,35508,793,25574,1826,61082,California
Santa Cruz,2021-02-28,1286,88033,358,29431,928,58602,0,0,1074,36373,209,25783,1074,62156,California
Santa Cruz,2021-03-01,1821,89854,1249,30680,572,59174,0,0,688,35930,1131,26914,688,62844,California
Santa Cruz,2021-03-02,1536,91390,364,31044,1172,60346,0,0,873,36145,661,27575,876,63720,California
Santa Cruz,2021-03-03,2349,93739,633,31677,1716,62062,0,0,1288,36375,1058,28633,1288,65008,California
Santa Cruz,2021-03-04,2998,96737,1412,33089,1585,63647,1,1,2027,37444,960,29593,2029,67037,California
Santa Cruz,2021-03-05,2615,99352,489,33578,2108,65755,18,19,1141,37132,1471,31064,1159,68196,California
Santa Cruz,2021-03-06,3842,103194,1336,34914,2404,68159,102,121,2145,37681,1697,32761,2246,70442,California
Santa Cruz,2021-03-07,1343,104537,128,35042,1144,69303,71,192,558,37526,784,33545,629,71071,California
Santa Cruz,2021-03-08,1089,105626,222,35264,738,70041,129,321,657,37880,432,33977,786,71857,California
Santa Cruz,2021-03-09,1780,107406,262,35526,1370,71411,148,469,711,37673,1066,35043,859,72716,California
Santa Cruz,2021-03-10,3851,111257,2086,37612,1619,73030,146,615,2005,37982,1844,36887,2153,74869,California
Santa Cruz,2021-03-11,2791,114048,1213,38825,1406,74436,172,787,1543,38452,1247,38134,1717,76586,California
Santa Cruz,2021-03-12,2748,116796,882,39707,1574,76010,292,1079,919,37836,1825,39959,1209,77795,California
Santa Cruz,2021-03-13,2309,119105,1327,41034,940,76950,42,1121,1181,37936,1125,41084,1225,79020,California
Santa Cruz,2021-03-14,897,120002,212,41246,671,77621,14,1135,428,37910,467,41551,441,79461,California
Santa Cruz,2021-03-15,1334,121336,474,41720,825,78446,35,1170,574,37764,756,42307,610,80071,California
Santa Cruz,2021-03-16,2307,123643,1090,42810,1177,79623,40,1210,1337,38174,966,43273,1376,81447,California
Santa Cruz,2021-03-17,3948,127591,2323,45133,1615,81238,10,1220,2604,39453,1339,44612,2618,84065,California
Santa Cruz,2021-03-18,3848,131439,2072,47205,1658,82896,118,1338,2059,39844,1786,46398,2177,86242,California
Santa Cruz,2021-03-19,3372,134811,1318,48523,1830,84726,224,1562,1759,40218,1608,48006,1982,88224,California
Santa Cruz,2021-03-20,2161,136972,1613,50136,512,85238,36,1598,1086,40267,1073,49079,1122,89346,California
Santa Cruz,2021-03-21,820,137792,440,50576,258,85496,122,1720,438,40448,380,49459,561,89907,California
Santa Cruz,2021-03-22,1364,139156,845,51421,497,85993,22,1742,941,40992,420,49879,964,90871,California
Santa Cruz,2021-03-23,2550,141706,1433,52854,1067,87060,50,1792,1686,41867,861,50740,1736,92607,California
Santa Cruz,2021-03-24,3099,144805,2111,54965,967,88027,21,1813,2066,42926,1027,51767,2086,94693,California
Santa Cruz,2021-03-25,2637,147442,1323,56288,1277,89304,37,1850,1344,43021,1286,53053,1381,96074,California
Santa Cruz,2021-03-26,3120,150562,1812,58100,1281,90585,27,1877,2146,44226,967,54020,2172,98246,California
Santa Cruz,2021-03-27,3209,153771,2003,60103,1181,91766,25,1902,1509,44071,1690,55710,1535,99781,California
Santa Cruz,2021-03-28,935,154706,577,60680,344,92110,14,1916,493,44140,438,56148,507,100288,California
Santa Cruz,2021-03-29,1986,156692,878,61558,1040,93150,68,1984,1285,44795,698,56846,1353,101641,California
Santa Cruz,2021-03-30,2693,159385,812,62370,1723,94873,158,2142,1712,45687,978,57824,1870,103511,California
Santa Cruz,2021-03-31,4174,163559,2833,65203,1293,96166,48,2190,2198,45962,1971,59795,2246,105757,California
Santa Cruz,2021-04-01,4051,167610,2167,67370,1776,97942,108,2298,2052,46130,1992,61787,2160,107917,California
Santa Cruz,2021-04-02,3290,170900,1425,68795,1687,99629,178,2476,1885,46791,1402,63189,2063,109980,California
Santa Cruz,2021-04-03,2249,173149,1226,70021,889,100518,134,2610,883,46443,1364,64553,1016,110996,California
Santa Cruz,2021-04-04,937,174086,489,70510,392,100910,56,2666,549,46660,388,64941,605,111601,California
Santa Cruz,2021-04-05,2271,176357,790,71300,1312,102222,169,2835,1405,47370,865,65806,1575,113176,California
Santa Cruz,2021-04-06,3398,179755,1650,72950,1368,103590,380,3215,1965,48288,1422,67228,2340,115516,California
Santa Cruz,2021-04-07,4174,183929,1635,74585,2177,105767,362,3577,1811,48108,2360,69588,2180,117696,California
Santa Cruz,2021-04-08,4275,188204,2348,76933,1411,107178,516,4093,2523,49404,1743,71331,3039,120735,California
Santa Cruz,2021-04-09,3717,191921,1519,78452,1798,108976,400,4493,2100,50298,1611,72942,2505,123240,California
Santa Cruz,2021-04-10,2254,194175,1082,79534,921,109897,251,4744,1052,50403,1198,74140,1303,124543,California
Santa Cruz,2021-04-11,990,195165,515,80049,383,110280,92,4836,476,50457,514,74654,568,125111,California
Santa Cruz,2021-04-12,2293,197458,823,80872,1046,111326,424,5260,1100,50801,1179,75833,1523,126634,California
Santa Cruz,2021-04-13,2884,200342,1446,82318,1436,112762,2,5262,1624,51173,1254,77087,1626,128260,California
Santa Cruz,2021-04-14,4605,204947,2243,84561,2362,115124,0,5262,2242,51061,2356,79443,2244,130504,California
Santa Cruz,2021-04-15,5003,209950,3192,87753,1811,116935,0,5262,3159,52387,1833,81276,3159,133663,California
Santa Cruz,2021-04-16,4487,214437,2486,90239,1999,118934,2,5264,2438,52787,2041,83317,2441,136104,California
Santa Cruz,2021-04-17,2248,216685,890,91129,1358,120292,0,5264,1496,53533,750,84067,1496,137600,California
Santa Cruz,2021-04-18,1057,217742,510,91639,546,120838,1,5265,586,53651,469,84536,587,138187,California
Santa Cruz,2021-04-19,2537,220279,1516,93155,1020,121858,1,5266,1610,54337,924,85460,1610,139797,California
Santa Cruz,2021-04-20,3134,223413,1669,94824,1465,123323,0,5266,1794,54801,1331,86791,1795,141592,California
Santa Cruz,2021-04-21,4258,227671,2848,97672,1410,124733,0,5266,2311,55183,1929,88720,2311,143903,California
Santa Cruz,2021-04-22,4308,231979,2905,100577,1403,126136,0,5266,2420,55724,1879,90599,2420,146323,California
Santa Cruz,2021-04-23,3198,235177,1734,102311,1463,127599,1,5267,1389,55313,1800,92399,1389,147712,California
Santa Cruz,2021-04-24,2242,237419,1086,103397,1153,128752,3,5270,702,54489,1529,93928,705,148417,California
Santa Cruz,2021-04-25,1090,238509,696,104093,382,129134,12,5282,450,54318,632,94560,461,148878,California
Santa Cruz,2021-04-26,1895,240404,931,105024,950,130084,14,5296,751,53950,1134,95694,766,149644,California
Santa Cruz,2021-04-27,2807,243211,881,105905,1859,131943,67,5363,1402,54020,1399,97093,1469,151113,California
Santa Cruz,2021-04-28,3414,246625,1888,107793,1449,133392,77,5440,1794,54279,1609,98702,1868,152981,California
Santa Cruz,2021-04-29,3708,250333,2459,110252,1186,134578,63,5503,1278,53204,2417,101119,1342,154323,California
Santa Cruz,2021-04-30,2387,252720,1213,111465,1130,135708,44,5547,1021,52911,1358,102477,1065,155388,California
Santa Cruz,2021-05-01,1287,254007,1021,112486,233,135941,33,5580,599,52857,686,103163,632,156020,California
Santa Cruz,2021-05-02,642,254649,457,112943,160,136101,25,5605,213,52667,429,103592,239,156259,California
Santa Cruz,2021-05-03,1926,256575,993,113936,866,136967,67,5672,659,52139,1255,104847,727,156986,California
Santa Cruz,2021-05-04,2687,259262,1563,115499,1054,138021,70,5742,869,51262,1814,106661,937,157923,California
Santa Cruz,2021-05-05,2772,262034,1378,116877,1316,139337,78,5820,732,50077,1999,108660,814,158737,California
Santa Cruz,2021-05-06,3839,265873,2446,119323,1174,140511,219,6039,856,48184,2965,111625,1072,159809,California
Santa Cruz,2021-05-07,2751,268624,1247,120570,1422,141933,82,6121,433,46387,2313,113938,516,160325,California
Santa Cruz,2021-05-08,1369,269993,687,121257,654,142587,28,6149,387,45822,982,114920,417,160742,California
Santa Cruz,2021-05-09,509,270502,327,121584,159,142746,23,6172,152,45643,354,115274,175,160917,California
Santa Cruz,2021-05-10,2030,272532,1221,122805,744,143490,65,6237,412,44511,1609,116883,477,161394,California
Santa Cruz,2021-05-11,2301,274833,1305,124110,917,144407,79,6316,642,43577,1654,118537,720,162114,California
Santa Cruz,2021-05-12,3021,277854,1294,125404,1653,146060,74,6390,526,41691,2487,121024,601,162715,California
Santa Cruz,2021-05-13,3698,281552,2538,127942,1069,147129,91,6481,1311,40712,2383,123407,1404,164119,California
Santa Cruz,2021-05-14,2893,284445,1646,129588,1207,148336,40,6521,1153,40176,1732,125139,1196,165315,California
Santa Cruz,2021-05-15,2299,286744,1333,130921,954,149290,12,6533,1123,40138,1173,126312,1135,166450,California
Santa Cruz,2021-05-16,723,287467,374,131295,328,149618,21,6554,206,39850,516,126828,228,166678,California
Santa Cruz,2021-05-17,1528,288995,808,132103,649,150267,71,6625,590,39574,937,127765,661,167339,California
Santa Cruz,2021-05-18,2302,291297,1429,133532,850,151117,23,6648,1168,39639,1126,128891,1191,168530,California
Santa Cruz,2021-05-19,3047,294344,1829,135361,1182,152299,36,6684,1313,39262,1726,130617,1349,169879,California
Santa Cruz,2021-05-20,2765,297109,2034,137395,589,152888,142,6826,1298,39248,1460,132077,1446,171325,California
Santa Cruz,2021-05-21,1383,298492,735,138130,559,153447,89,6915,528,39015,851,132928,618,171943,California
Santa Cruz,2021-05-22,1423,299915,1200,139330,215,153662,8,6923,537,38677,883,133811,545,172488,California
Santa Cruz,2021-05-23,215,300130,167,139497,33,153695,15,6938,91,38662,121,133932,106,172594,California
Santa Cruz,2021-05-24,1171,301301,670,140167,422,154117,79,7017,357,38293,803,134735,434,173028,California
Santa Cruz,2021-05-25,2279,303580,1301,141468,933,155050,45,7062,512,37233,1616,136351,556,173584,California
Santa Cruz,2021-05-26,1654,305234,735,142203,877,155927,42,7104,498,36632,1142,137493,541,174125,California
Santa Cruz,2021-05-27,1234,306468,658,142861,491,156418,85,7189,472,36433,756,138249,557,174682,California
Santa Cruz,2021-05-28,861,307329,390,143251,441,156859,30,7219,389,36389,464,138713,420,175102,California
Santa Cruz,2021-05-29,560,307889,332,143583,219,157078,9,7228,305,36451,252,138965,314,175416,California
Santa Cruz,2021-05-30,231,308120,126,143709,91,157169,14,7242,96,36430,130,139095,109,175525,California
Santa Cruz,2021-05-31,143,308263,65,143774,77,157246,1,7243,48,36384,95,139190,49,175574,California
Santa Cruz,2021-06-01,441,308704,338,144112,96,157342,7,7250,153,36257,287,139477,160,175734,California
Shasta,2020-12-16,131,131,131,131,0,0,0,0,131,131,0,0,131,131,California
Shasta,2020-12-17,420,551,420,551,0,0,0,0,420,551,0,0,420,551,California
Shasta,2020-12-18,166,717,166,717,0,0,0,0,166,717,0,0,166,717,California
Shasta,2020-12-19,1,718,1,718,0,0,0,0,1,718,0,0,1,718,California
Shasta,2020-12-21,79,797,79,797,0,0,0,0,79,797,0,0,79,797,California
Shasta,2020-12-22,192,989,187,984,5,5,0,0,192,989,0,0,192,989,California
Shasta,2020-12-23,174,1163,170,1154,4,9,0,0,174,1163,0,0,174,1163,California
Shasta,2020-12-24,18,1181,18,1172,0,9,0,0,18,1181,0,0,18,1181,California
Shasta,2020-12-26,4,1185,1,1173,3,12,0,0,4,1185,0,0,4,1185,California
Shasta,2020-12-27,1,1186,0,1173,1,13,0,0,1,1186,0,0,1,1186,California
Shasta,2020-12-28,40,1226,31,1204,9,22,0,0,40,1226,0,0,40,1226,California
Shasta,2020-12-29,186,1412,185,1389,1,23,0,0,186,1412,0,0,186,1412,California
Shasta,2020-12-30,178,1590,168,1557,10,33,0,0,178,1590,0,0,178,1590,California
Shasta,2020-12-31,83,1673,2,1559,81,114,0,0,83,1673,0,0,83,1673,California
Shasta,2021-01-02,2,1675,0,1559,2,116,0,0,2,1675,0,0,2,1675,California
Shasta,2021-01-03,1,1676,1,1560,0,116,0,0,1,1676,0,0,1,1676,California
Shasta,2021-01-04,372,2048,306,1866,66,182,0,0,373,2049,0,0,373,2049,California
Shasta,2021-01-05,335,2383,314,2180,21,203,0,0,253,2220,82,82,253,2302,California
Shasta,2021-01-06,466,2849,395,2575,71,274,0,0,203,2161,262,344,203,2505,California
Shasta,2021-01-07,125,2974,36,2611,89,363,0,0,104,2244,21,365,104,2609,California
Shasta,2021-01-08,525,3499,448,3059,77,440,0,0,317,2353,208,573,317,2926,California
Shasta,2021-01-09,73,3572,64,3123,9,449,0,0,71,2422,2,575,71,2997,California
Shasta,2021-01-10,5,3577,0,3123,5,454,0,0,4,2426,1,576,5,3002,California
Shasta,2021-01-11,405,3982,184,3307,221,675,0,0,370,2761,35,611,370,3372,California
Shasta,2021-01-12,487,4469,330,3637,157,832,0,0,312,2898,175,786,312,3684,California
Shasta,2021-01-13,599,5068,267,3904,332,1164,0,0,430,3159,169,955,430,4114,California
Shasta,2021-01-14,501,5569,52,3956,449,1613,0,0,483,3624,18,973,483,4597,California
Shasta,2021-01-15,686,6255,134,4090,552,2165,0,0,684,4306,2,975,684,5281,California
Shasta,2021-01-16,897,7152,54,4144,843,3008,0,0,894,5197,3,978,894,6175,California
Shasta,2021-01-17,27,7179,6,4150,21,3029,0,0,23,5216,4,982,23,6198,California
Shasta,2021-01-18,598,7777,128,4278,470,3499,0,0,590,5798,8,990,590,6788,California
Shasta,2021-01-19,1058,8835,398,4676,660,4159,0,0,910,6560,148,1138,910,7698,California
Shasta,2021-01-20,681,9516,413,5089,268,4427,0,0,494,6872,182,1320,494,8192,California
Shasta,2021-01-21,633,10149,280,5369,353,4780,0,0,610,7459,23,1343,610,8802,California
Shasta,2021-01-22,447,10596,173,5542,274,5054,0,0,441,7894,6,1349,441,9243,California
Shasta,2021-01-23,68,10664,5,5547,63,5117,0,0,67,7960,1,1350,67,9310,California
Shasta,2021-01-24,25,10689,2,5549,23,5140,0,0,24,7983,1,1351,24,9334,California
Shasta,2021-01-25,750,11439,491,6040,259,5399,0,0,464,8162,285,1636,464,9798,California
Shasta,2021-01-26,709,12148,333,6373,376,5775,0,0,475,8405,232,1868,475,10273,California
Shasta,2021-01-27,459,12607,179,6552,280,6055,0,0,410,8766,49,1917,410,10683,California
Shasta,2021-01-28,888,13495,577,7129,311,6366,0,0,666,9210,222,2139,666,11349,California
Shasta,2021-01-29,833,14328,332,7461,501,6867,0,0,643,9664,190,2329,644,11993,California
Shasta,2021-01-30,616,14944,15,7476,601,7468,0,0,606,10260,10,2339,606,12599,California
Shasta,2021-01-31,27,14971,3,7479,24,7492,0,0,26,10285,1,2340,26,12625,California
Shasta,2021-02-01,530,15501,148,7627,382,7874,0,0,386,10527,144,2484,386,13011,California
Shasta,2021-02-02,988,16489,500,8127,488,8362,0,0,896,11333,90,2574,896,13907,California
Shasta,2021-02-03,723,17212,211,8338,512,8874,0,0,488,11586,235,2809,488,14395,California
Shasta,2021-02-04,1098,18310,675,9013,423,9297,0,0,905,12299,192,3001,905,15300,California
Shasta,2021-02-05,1257,19567,165,9178,1092,10389,0,0,1050,13143,206,3207,1050,16350,California
Shasta,2021-02-06,1746,21313,41,9219,1705,12094,0,0,1723,14843,23,3230,1723,18073,California
Shasta,2021-02-07,25,21338,3,9222,22,12116,0,0,23,14864,2,3232,23,18096,California
Shasta,2021-02-08,596,21934,168,9390,428,12544,0,0,306,14880,290,3522,306,18402,California
Shasta,2021-02-09,1124,23058,654,10044,470,13014,0,0,731,15219,393,3915,732,19134,California
Shasta,2021-02-10,1124,24182,788,10832,336,13350,0,0,599,15293,526,4441,600,19734,California
Shasta,2021-02-11,891,25073,186,11018,705,14055,0,0,369,15145,517,4958,369,20103,California
Shasta,2021-02-12,1778,26851,1199,12217,579,14634,0,0,1227,15821,551,5509,1227,21330,California
Shasta,2021-02-13,1381,28232,368,12585,1013,15647,0,0,570,15580,812,6321,571,21901,California
Shasta,2021-02-14,150,28382,4,12589,146,15793,0,0,126,15682,24,6345,126,22027,California
Shasta,2021-02-15,377,28759,89,12678,288,16081,0,0,208,15721,169,6514,208,22235,California
Shasta,2021-02-16,1196,29955,521,13199,675,16756,0,0,422,15370,773,7287,422,22657,California
Shasta,2021-02-17,1034,30989,438,13637,596,17352,0,0,414,15164,620,7907,414,23071,California
Shasta,2021-02-18,950,31939,469,14106,481,17833,0,0,459,15133,491,8398,460,23531,California
Shasta,2021-02-19,1338,33277,946,15052,392,18225,0,0,871,15537,467,8865,871,24402,California
Shasta,2021-02-20,803,34080,90,15142,713,18938,0,0,304,15342,499,9364,304,24706,California
Shasta,2021-02-21,32,34112,3,15145,29,18967,0,0,10,15330,22,9386,10,24716,California
Shasta,2021-02-22,430,34542,77,15222,353,19320,0,0,178,15257,251,9637,178,24894,California
Shasta,2021-02-23,910,35452,469,15691,441,19761,0,0,327,15001,583,10220,327,25221,California
Shasta,2021-02-24,891,36343,509,16200,382,20143,0,0,274,14659,616,10836,274,25495,California
Shasta,2021-02-25,519,36862,163,16363,356,20499,0,0,162,14465,356,11192,162,25657,California
Shasta,2021-02-26,791,37653,94,16457,697,21196,0,0,332,14339,458,11650,332,25989,California
Shasta,2021-02-27,827,38480,27,16484,800,21996,0,0,188,13890,637,12287,188,26177,California
Shasta,2021-02-28,176,38656,4,16488,172,22168,0,0,126,13966,50,12337,126,26303,California
Shasta,2021-03-01,583,39239,58,16546,525,22693,0,0,295,13974,287,12624,295,26598,California
Shasta,2021-03-02,1030,40269,474,17020,556,23249,0,0,339,13624,689,13313,339,26937,California
Shasta,2021-03-03,674,40943,172,17192,502,23751,0,0,245,13440,429,13742,245,27182,California
Shasta,2021-03-04,3034,43977,2419,19611,615,24366,0,0,1749,13906,1284,15026,1750,28932,California
Shasta,2021-03-05,1558,45535,161,19772,1368,25734,29,29,788,13952,771,15797,817,29749,California
Shasta,2021-03-06,2743,48278,385,20157,2311,28045,47,76,855,12968,1886,17683,902,30651,California
Shasta,2021-03-07,92,48370,4,20161,56,28101,32,108,38,12984,54,17737,70,30721,California
Shasta,2021-03-08,570,48940,46,20207,385,28486,139,247,157,12869,411,18148,296,31017,California
Shasta,2021-03-09,1254,50194,595,20802,481,28967,178,425,699,13190,555,18703,876,31893,California
Shasta,2021-03-10,801,50995,257,21059,342,29309,202,627,138,12866,662,19365,338,32231,California
Shasta,2021-03-11,1558,52553,471,21530,815,30124,272,899,940,13463,615,19980,1212,33443,California
Shasta,2021-03-12,1561,54114,848,22378,463,30587,250,1149,412,12975,1148,21128,660,34103,California
Shasta,2021-03-13,758,54872,425,22803,232,30819,101,1250,474,13265,283,21411,573,34676,California
Shasta,2021-03-14,1019,55891,8,22811,989,31808,22,1272,880,14029,139,21550,903,35579,California
Shasta,2021-03-15,496,56387,35,22846,361,32169,100,1372,210,14052,286,21836,309,35888,California
Shasta,2021-03-16,1138,57525,149,22995,922,33091,67,1439,854,14689,284,22120,921,36809,California
Shasta,2021-03-17,734,58259,191,23186,485,33576,58,1497,394,14808,333,22453,452,37261,California
Shasta,2021-03-18,1545,59804,586,23772,855,34431,104,1601,1118,15607,423,22876,1222,38483,California
Shasta,2021-03-19,648,60452,196,23968,396,34827,56,1657,414,15844,233,23109,470,38953,California
Shasta,2021-03-20,747,61199,489,24457,244,35071,14,1671,599,16309,148,23257,613,39566,California
Shasta,2021-03-21,313,61512,298,24755,4,35075,11,1682,286,16580,26,23283,297,39863,California
Shasta,2021-03-22,347,61859,37,24792,274,35349,36,1718,199,16668,147,23430,235,40098,California
Shasta,2021-03-23,1312,63171,653,25445,599,35948,60,1778,757,16935,550,23980,817,40915,California
Shasta,2021-03-24,611,63782,156,25601,417,36365,38,1816,367,17097,243,24223,405,41320,California
Shasta,2021-03-25,1134,64916,449,26050,664,37029,21,1837,820,17628,311,24534,842,42162,California
Shasta,2021-03-26,1836,66752,1404,27454,402,37431,30,1867,1477,18777,359,24893,1508,43670,California
Shasta,2021-03-27,1594,68346,405,27859,317,37748,872,2739,576,19205,1016,25909,1444,45114,California
Shasta,2021-03-28,405,68751,299,28158,96,37844,10,2749,300,19412,103,26012,310,45424,California
Shasta,2021-03-29,420,69171,40,28198,368,38212,12,2761,166,19337,253,26265,178,45602,California
Shasta,2021-03-30,1247,70418,766,28964,464,38676,17,2778,625,19360,619,26884,642,46244,California
Shasta,2021-03-31,620,71038,206,29170,408,39084,6,2784,384,19519,231,27115,390,46634,California
Shasta,2021-04-01,897,71935,248,29418,637,39721,12,2796,576,19788,319,27434,588,47222,California
Shasta,2021-04-02,755,72690,200,29618,501,40222,54,2850,415,19919,338,27772,469,47691,California
Shasta,2021-04-03,514,73204,362,29980,133,40355,19,2869,389,20202,125,27897,408,48099,California
Shasta,2021-04-04,293,73497,176,30156,96,40451,21,2890,218,20366,75,27972,239,48338,California
Shasta,2021-04-05,445,73942,69,30225,312,40763,64,2954,254,20493,191,28163,318,48656,California
Shasta,2021-04-06,1164,75106,487,30712,503,41266,174,3128,539,20586,620,28783,713,49369,California
Shasta,2021-04-07,656,75762,213,30925,280,41546,163,3291,256,20609,396,29179,419,49788,California
Shasta,2021-04-08,1156,76918,264,31189,736,42282,156,3447,224,20063,930,30109,384,50172,California
Shasta,2021-04-09,2589,79507,2071,33260,307,42589,211,3658,2008,21706,574,30683,2217,52389,California
Shasta,2021-04-10,884,80391,596,33856,158,42747,130,3788,269,21489,615,31298,398,52787,California
Shasta,2021-04-11,1252,81643,398,34254,834,43581,20,3808,144,20550,1104,32402,165,52952,California
Shasta,2021-04-12,338,81981,7,34261,269,43850,62,3870,97,20468,240,32642,158,53110,California
Shasta,2021-04-13,1268,83249,366,34627,900,44750,2,3872,335,19875,929,33571,336,53446,California
Shasta,2021-04-14,594,83843,144,34771,448,45198,2,3874,222,19728,371,33942,224,53670,California
Shasta,2021-04-15,1072,84915,258,35029,814,46012,0,3874,299,19257,770,34712,299,53969,California
Shasta,2021-04-16,2340,87255,1845,36874,495,46507,0,3874,935,18789,1403,36115,935,54904,California
Shasta,2021-04-17,642,87897,411,37285,231,46738,0,3874,189,18526,453,36568,190,55094,California
Shasta,2021-04-18,265,88162,240,37525,25,46763,0,3874,32,18327,231,36799,32,55126,California
Shasta,2021-04-19,381,88543,27,37552,354,47117,0,3874,162,18270,219,37018,162,55288,California
Shasta,2021-04-20,1011,89554,256,37808,755,47872,0,3874,377,18014,633,37651,377,55665,California
Shasta,2021-04-21,606,90160,221,38029,385,48257,0,3874,305,18018,301,37952,305,55970,California
Shasta,2021-04-22,965,91125,283,38312,682,48939,0,3874,299,17653,664,38616,299,56269,California
Shasta,2021-04-23,659,91784,264,38576,395,49334,0,3874,328,17651,330,38946,328,56597,California
Shasta,2021-04-24,600,92384,357,38933,242,49576,1,3875,108,17269,490,39436,108,56705,California
Shasta,2021-04-25,211,92595,182,39115,28,49604,1,3876,37,17133,174,39610,38,56743,California
Shasta,2021-04-26,485,93080,52,39167,428,50032,5,3881,337,17328,146,39756,341,57084,California
Shasta,2021-04-27,536,93616,178,39345,322,50354,36,3917,296,17421,237,39993,330,57414,California
Shasta,2021-04-28,578,94194,158,39503,387,50741,33,3950,253,17381,325,40318,285,57699,California
Shasta,2021-04-29,783,94977,120,39623,640,51381,23,3973,182,16986,600,40918,205,57904,California
Shasta,2021-04-30,2268,97245,1842,41465,395,51776,31,4004,270,15290,1997,42915,301,58205,California
Shasta,2021-05-01,224,97469,20,41485,128,51904,76,4080,96,15334,128,43043,172,58377,California
Shasta,2021-05-02,47,97516,17,41502,17,51921,13,4093,20,15340,27,43070,33,58410,California
Shasta,2021-05-03,351,97867,94,41596,231,52152,26,4119,112,15240,238,43308,138,58548,California
Shasta,2021-05-04,528,98395,193,41789,296,52448,39,4158,254,15262,271,43579,293,58841,California
Shasta,2021-05-05,432,98827,140,41929,275,52723,17,4175,200,15247,232,43811,217,59058,California
Shasta,2021-05-06,696,99523,266,42195,390,53113,40,4215,297,15194,390,44201,337,59395,California
Shasta,2021-05-07,1116,100639,735,42930,342,53455,39,4254,304,14726,811,45012,343,59738,California
Shasta,2021-05-08,167,100806,83,43013,74,53529,10,4264,98,14765,68,45080,107,59845,California
Shasta,2021-05-09,66,100872,15,43028,46,53575,5,4269,35,14774,31,45111,40,59885,California
Shasta,2021-05-10,260,101132,21,43049,189,53764,50,4319,113,14790,144,45255,160,60045,California
Shasta,2021-05-11,507,101639,160,43209,198,53962,149,4468,174,14781,332,45587,323,60368,California
Shasta,2021-05-12,369,102008,142,43351,205,54167,22,4490,119,14673,249,45836,141,60509,California
Shasta,2021-05-13,534,102542,224,43575,294,54461,16,4506,197,14551,335,46171,213,60722,California
Shasta,2021-05-14,630,103172,260,43835,344,54805,26,4532,281,14511,348,46519,308,61030,California
Shasta,2021-05-15,396,103568,127,43962,164,54969,105,4637,165,14550,230,46749,269,61299,California
Shasta,2021-05-16,223,103791,155,44117,58,55027,10,4647,164,14665,59,46808,174,61473,California
Shasta,2021-05-17,539,104330,243,44360,236,55263,60,4707,286,14759,252,47060,346,61819,California
Shasta,2021-05-18,609,104939,293,44653,292,55555,24,4731,326,14826,283,47343,350,62169,California
Shasta,2021-05-19,578,105517,280,44933,230,55785,68,4799,285,14889,290,47633,353,62522,California
Shasta,2021-05-20,512,106029,235,45168,260,56045,17,4816,244,14885,265,47898,261,62783,California
Shasta,2021-05-21,538,106567,258,45426,261,56306,19,4835,275,14918,261,48159,294,63077,California
Shasta,2021-05-22,190,106757,112,45538,71,56377,7,4842,121,14979,67,48226,128,63205,California
Shasta,2021-05-23,95,106852,43,45581,41,56418,11,4853,59,15013,36,48262,70,63275,California
Shasta,2021-05-24,522,107374,159,45740,332,56750,31,4884,186,14895,335,48597,217,63492,California
Shasta,2021-05-25,421,107795,170,45910,208,56958,43,4927,155,14829,263,48860,197,63689,California
Shasta,2021-05-26,353,108148,139,46049,188,57146,26,4953,148,14798,205,49065,174,63863,California
Shasta,2021-05-27,433,108581,161,46210,263,57409,9,4962,162,14702,267,49332,171,64034,California
Shasta,2021-05-28,444,109025,203,46413,214,57623,27,4989,210,14707,232,49564,237,64271,California
Shasta,2021-05-29,219,109244,64,46477,125,57748,30,5019,92,14701,127,49691,121,64392,California
Shasta,2021-05-30,81,109325,45,46522,33,57781,3,5022,54,14731,27,49718,57,64449,California
Shasta,2021-05-31,36,109361,11,46533,24,57805,1,5023,11,14719,24,49742,12,64461,California
Shasta,2021-06-01,198,109559,59,46592,85,57890,54,5077,57,14691,139,49881,111,64572,California
Sierra,2020-12-18,1,1,1,1,0,0,0,0,1,1,0,0,1,1,California
Sierra,2020-12-21,2,3,2,3,0,0,0,0,2,3,0,0,2,3,California
Sierra,2020-12-22,12,15,12,15,0,0,0,0,12,15,0,0,12,15,California
Sierra,2020-12-23,4,19,4,19,0,0,0,0,4,19,0,0,4,19,California
Sierra,2020-12-28,1,20,0,19,1,1,0,0,1,20,0,0,1,20,California
Sierra,2020-12-29,49,69,7,26,42,43,0,0,49,69,0,0,49,69,California
Sierra,2020-12-30,2,71,0,26,2,45,0,0,2,71,0,0,2,71,California
Sierra,2020-12-31,13,84,0,26,13,58,0,0,13,84,0,0,13,84,California
Sierra,2021-01-01,1,85,1,27,0,58,0,0,1,85,0,0,1,85,California
Sierra,2021-01-05,64,149,2,29,62,120,0,0,64,149,0,0,64,149,California
Sierra,2021-01-06,1,150,1,30,0,120,0,0,1,150,0,0,1,150,California
Sierra,2021-01-07,21,171,1,31,20,140,0,0,20,169,1,1,20,170,California
Sierra,2021-01-08,1,172,1,32,0,140,0,0,1,170,0,1,1,171,California
Sierra,2021-01-11,3,175,3,35,0,140,0,0,0,167,3,4,0,171,California
Sierra,2021-01-12,39,214,12,47,27,167,0,0,27,182,12,16,27,198,California
Sierra,2021-01-13,3,217,3,50,0,167,0,0,0,179,3,19,0,198,California
Sierra,2021-01-14,35,252,2,52,33,200,0,0,35,214,0,19,35,233,California
Sierra,2021-01-15,3,255,1,53,2,202,0,0,3,217,0,19,3,236,California
Sierra,2021-01-18,2,257,0,53,2,204,0,0,2,219,0,19,2,238,California
Sierra,2021-01-19,32,289,0,53,32,236,0,0,32,251,0,19,32,270,California
Sierra,2021-01-20,1,290,1,54,0,236,0,0,1,252,0,19,1,271,California
Sierra,2021-01-21,52,342,0,54,52,288,0,0,52,304,0,19,52,323,California
Sierra,2021-01-22,2,344,0,54,2,290,0,0,2,306,0,19,2,325,California
Sierra,2021-01-23,2,346,0,54,2,292,0,0,2,308,0,19,2,327,California
Sierra,2021-01-26,62,408,0,54,62,354,0,0,24,294,38,57,24,351,California
Sierra,2021-01-27,4,412,4,58,0,354,0,0,0,290,4,61,0,351,California
Sierra,2021-01-28,53,465,0,58,53,407,0,0,43,323,10,71,43,394,California
Sierra,2021-01-29,2,467,0,58,2,409,0,0,2,325,0,71,2,396,California
Sierra,2021-01-30,3,470,3,61,0,409,0,0,2,326,1,72,2,398,California
Sierra,2021-02-01,1,471,0,61,1,410,0,0,0,325,1,73,0,398,California
Sierra,2021-02-02,58,529,1,62,57,467,0,0,19,305,39,112,19,417,California
Sierra,2021-02-03,6,535,5,67,1,468,0,0,5,309,1,113,5,422,California
Sierra,2021-02-04,102,637,5,72,97,565,0,0,53,313,49,162,53,475,California
Sierra,2021-02-05,6,643,4,76,2,567,0,0,5,317,1,163,5,480,California
Sierra,2021-02-09,51,694,0,76,51,618,0,0,48,362,3,166,48,528,California
Sierra,2021-02-10,4,698,2,78,2,620,0,0,4,366,0,166,4,532,California
Sierra,2021-02-11,195,893,1,79,194,814,0,0,134,439,61,227,134,666,California
Sierra,2021-02-12,20,913,0,79,20,834,0,0,20,459,0,227,20,686,California
Sierra,2021-02-13,1,914,1,80,0,834,0,0,1,460,0,227,1,687,California
Sierra,2021-02-15,2,916,2,82,0,834,0,0,0,458,2,229,0,687,California
Sierra,2021-02-16,43,959,0,82,43,877,0,0,10,435,33,262,10,697,California
Sierra,2021-02-17,4,963,0,82,4,881,0,0,1,433,3,265,1,698,California
Sierra,2021-02-18,140,1103,0,82,140,1021,0,0,91,475,49,314,91,789,California
Sierra,2021-02-19,2,1105,1,83,1,1022,0,0,1,475,1,315,1,790,California
Sierra,2021-02-20,2,1107,2,85,0,1022,0,0,0,473,2,317,0,790,California
Sierra,2021-02-22,1,1108,1,86,0,1022,0,0,1,474,0,317,1,791,California
Sierra,2021-02-23,4,1112,0,86,4,1026,0,0,4,478,0,317,4,795,California
Sierra,2021-02-24,3,1115,2,88,1,1027,0,0,3,481,0,317,3,798,California
Sierra,2021-02-25,126,1241,2,90,124,1151,0,0,59,474,66,383,59,857,California
Sierra,2021-02-26,11,1252,6,96,5,1156,0,0,4,471,7,390,4,861,California
Sierra,2021-02-27,2,1254,2,98,0,1156,0,0,0,469,2,392,0,861,California
Sierra,2021-03-01,2,1256,2,100,0,1156,0,0,0,467,2,394,0,861,California
Sierra,2021-03-02,56,1312,0,100,56,1212,0,0,38,487,18,412,38,899,California
Sierra,2021-03-03,2,1314,2,102,0,1212,0,0,1,487,1,413,1,900,California
Sierra,2021-03-04,108,1422,0,102,108,1320,0,0,60,499,48,461,60,960,California
Sierra,2021-03-05,13,1435,1,103,12,1332,0,0,11,508,2,463,11,971,California
Sierra,2021-03-07,1,1436,1,104,0,1332,0,0,0,507,1,464,0,971,California
Sierra,2021-03-08,2,1438,2,106,0,1332,0,0,2,509,0,464,2,973,California
Sierra,2021-03-09,56,1494,0,106,56,1388,0,0,12,477,44,508,12,985,California
Sierra,2021-03-10,6,1500,0,106,6,1394,0,0,4,479,2,510,4,989,California
Sierra,2021-03-11,176,1676,0,106,176,1570,0,0,44,391,132,642,44,1033,California
Sierra,2021-03-12,20,1696,1,107,19,1589,0,0,0,371,20,662,0,1033,California
Sierra,2021-03-13,28,1724,0,107,28,1617,0,0,28,399,0,662,28,1061,California
Sierra,2021-03-14,1,1725,0,107,0,1617,1,1,0,399,1,663,1,1062,California
Sierra,2021-03-15,2,1727,1,108,0,1617,1,2,0,398,2,665,1,1063,California
Sierra,2021-03-16,35,1762,0,108,34,1651,1,3,22,408,13,678,23,1086,California
Sierra,2021-03-17,3,1765,2,110,1,1652,0,3,0,405,3,681,0,1086,California
Sierra,2021-03-18,158,1923,0,110,158,1810,0,3,65,377,93,774,65,1151,California
Sierra,2021-03-19,4,1927,2,112,2,1812,0,3,1,375,3,777,1,1152,California
Sierra,2021-03-20,1,1928,0,112,1,1813,0,3,1,376,0,777,1,1153,California
Sierra,2021-03-23,22,1950,0,112,22,1835,0,3,13,380,9,786,13,1166,California
Sierra,2021-03-24,3,1953,1,113,2,1837,0,3,1,379,2,788,1,1167,California
Sierra,2021-03-25,99,2052,1,114,98,1935,0,3,50,380,49,837,50,1217,California
Sierra,2021-03-26,12,2064,1,115,11,1946,0,3,8,384,4,841,8,1225,California
Sierra,2021-03-27,1,2065,0,115,1,1947,0,3,0,383,1,842,0,1225,California
Sierra,2021-03-29,1,2066,1,116,0,1947,0,3,0,382,1,843,0,1225,California
Sierra,2021-03-30,55,2121,1,117,54,2001,0,3,22,371,33,876,22,1247,California
Sierra,2021-03-31,8,2129,0,117,8,2009,0,3,8,379,0,876,8,1255,California
Sierra,2021-04-01,63,2192,1,118,62,2071,0,3,5,328,56,932,5,1260,California
Sierra,2021-04-02,3,2195,2,120,1,2072,0,3,2,329,1,933,2,1262,California
Sierra,2021-04-04,1,2196,0,120,1,2073,0,3,0,329,0,933,0,1262,California
Sierra,2021-04-06,11,2207,0,120,11,2084,0,3,1,320,10,943,1,1263,California
Sierra,2021-04-07,14,2221,3,123,6,2090,5,8,3,318,10,953,8,1271,California
Sierra,2021-04-08,54,2275,2,125,52,2142,0,8,16,296,38,991,16,1287,California
Sierra,2021-04-09,2,2277,2,127,0,2142,0,8,1,296,1,992,1,1288,California
Sierra,2021-04-10,27,2304,0,127,27,2169,0,8,0,269,27,1019,0,1288,California
Sierra,2021-04-12,1,2305,0,127,0,2169,1,9,0,269,1,1020,1,1289,California
Sierra,2021-04-13,45,2350,0,127,45,2214,0,9,5,234,40,1060,5,1294,California
Sierra,2021-04-14,1,2351,0,127,1,2215,0,9,1,235,0,1060,1,1295,California
Sierra,2021-04-15,49,2400,1,128,48,2263,0,9,2,190,47,1107,2,1297,California
Sierra,2021-04-17,2,2402,1,129,1,2264,0,9,1,190,1,1108,1,1298,California
Sierra,2021-04-18,1,2403,0,129,1,2265,0,9,0,190,0,1108,0,1298,California
Sierra,2021-04-19,1,2404,1,130,0,2265,0,9,0,189,1,1109,0,1298,California
Sierra,2021-04-20,34,2438,1,131,33,2298,0,9,7,169,27,1136,7,1305,California
Sierra,2021-04-21,2,2440,1,132,1,2299,0,9,1,169,1,1137,1,1306,California
Sierra,2021-04-22,64,2504,1,133,63,2362,0,9,5,116,58,1195,5,1311,California
Sierra,2021-04-23,11,2515,0,133,11,2373,0,9,3,111,8,1203,3,1314,California
Sierra,2021-04-24,4,2519,0,133,4,2377,0,9,4,115,0,1203,4,1318,California
Sierra,2021-04-27,28,2547,1,134,27,2404,0,9,5,97,23,1226,5,1323,California
Sierra,2021-04-28,10,2557,2,136,8,2412,0,9,1,89,9,1235,1,1324,California
Sierra,2021-04-29,20,2577,2,138,18,2430,0,9,14,97,6,1241,14,1338,California
Sierra,2021-04-30,4,2581,2,140,2,2432,0,9,2,97,2,1243,2,1340,California
Sierra,2021-05-03,1,2582,1,141,0,2432,0,9,1,98,0,1243,1,1341,California
Sierra,2021-05-04,1,2583,0,141,1,2433,0,9,0,97,1,1244,0,1341,California
Sierra,2021-05-05,22,2605,0,141,22,2455,0,9,7,89,15,1259,7,1348,California
Sierra,2021-05-06,1,2606,1,142,0,2455,0,9,0,88,1,1260,0,1348,California
Sierra,2021-05-07,1,2607,1,143,0,2455,0,9,1,89,0,1260,1,1349,California
Sierra,2021-05-08,1,2608,0,143,0,2455,1,10,0,89,1,1261,1,1350,California
Sierra,2021-05-11,11,2619,0,143,4,2459,7,17,0,85,11,1272,7,1357,California
Sierra,2021-05-12,10,2629,1,144,9,2468,0,17,7,89,3,1275,7,1364,California
Sierra,2021-05-13,3,2632,2,146,1,2469,0,17,2,90,1,1276,2,1366,California
Sierra,2021-05-14,3,2635,1,147,2,2471,0,17,3,93,0,1276,3,1369,California
Sierra,2021-05-17,1,2636,1,148,0,2471,0,17,1,94,0,1276,1,1370,California
Sierra,2021-05-18,3,2639,1,149,1,2472,1,18,0,92,3,1279,1,1371,California
Sierra,2021-05-19,6,2645,3,152,3,2475,0,18,2,90,4,1283,2,1373,California
Sierra,2021-05-20,9,2654,8,160,0,2475,1,19,8,98,1,1284,9,1382,California
Sierra,2021-05-21,4,2658,2,162,2,2477,0,19,1,96,3,1287,1,1383,California
Sierra,2021-05-22,4,2662,0,162,4,2481,0,19,0,92,4,1291,0,1383,California
Sierra,2021-05-23,1,2663,0,162,1,2482,0,19,1,93,0,1291,1,1384,California
Sierra,2021-05-24,2,2665,1,163,1,2483,0,19,1,93,1,1292,1,1385,California
Sierra,2021-05-25,2,2667,0,163,2,2485,0,19,0,91,2,1294,0,1385,California
Sierra,2021-05-26,8,2675,0,163,8,2493,0,19,4,91,4,1298,4,1389,California
Sierra,2021-05-27,9,2684,2,165,6,2499,1,20,3,89,6,1304,4,1393,California
Sierra,2021-05-28,4,2688,2,167,2,2501,0,20,2,89,2,1306,2,1395,California
Sierra,2021-05-29,2,2690,0,167,2,2503,0,20,2,91,0,1306,2,1397,California
Sierra,2021-05-30,1,2691,1,168,0,2503,0,20,1,92,0,1306,1,1398,California
Siskiyou,2020-12-16,2,2,2,2,0,0,0,0,2,2,0,0,2,2,California
Siskiyou,2020-12-17,4,6,4,6,0,0,0,0,4,6,0,0,4,6,California
Siskiyou,2020-12-18,2,8,2,8,0,0,0,0,2,8,0,0,2,8,California
Siskiyou,2020-12-19,4,12,4,12,0,0,0,0,4,12,0,0,4,12,California
Siskiyou,2020-12-20,1,13,1,13,0,0,0,0,1,13,0,0,1,13,California
Siskiyou,2020-12-21,132,145,132,145,0,0,0,0,132,145,0,0,132,145,California
Siskiyou,2020-12-22,158,303,158,303,0,0,0,0,158,303,0,0,158,303,California
Siskiyou,2020-12-23,142,445,142,445,0,0,0,0,142,445,0,0,142,445,California
Siskiyou,2020-12-24,5,450,5,450,0,0,0,0,5,450,0,0,5,450,California
Siskiyou,2020-12-26,2,452,0,450,2,2,0,0,2,452,0,0,2,452,California
Siskiyou,2020-12-27,2,454,0,450,2,4,0,0,2,454,0,0,2,454,California
Siskiyou,2020-12-28,3,457,1,451,2,6,0,0,3,457,0,0,3,457,California
Siskiyou,2020-12-29,6,463,2,453,4,10,0,0,6,463,0,0,6,463,California
Siskiyou,2020-12-30,98,561,3,456,95,105,0,0,98,561,0,0,98,561,California
Siskiyou,2020-12-31,12,573,0,456,12,117,0,0,12,573,0,0,12,573,California
Siskiyou,2021-01-02,1,574,1,457,0,117,0,0,1,574,0,0,1,574,California
Siskiyou,2021-01-03,1,575,0,457,1,118,0,0,1,575,0,0,1,575,California
Siskiyou,2021-01-04,130,705,3,460,127,245,0,0,130,705,0,0,130,705,California
Siskiyou,2021-01-05,116,821,4,464,112,357,0,0,115,819,1,1,115,820,California
Siskiyou,2021-01-06,59,880,6,470,53,410,0,0,55,870,4,5,55,875,California
Siskiyou,2021-01-07,175,1055,4,474,171,581,0,0,174,1043,1,6,174,1049,California
Siskiyou,2021-01-08,41,1096,3,477,38,619,0,0,39,1080,2,8,39,1088,California
Siskiyou,2021-01-09,2,1098,2,479,0,619,0,0,0,1078,2,10,0,1088,California
Siskiyou,2021-01-11,226,1324,65,544,161,780,0,0,163,1178,63,73,163,1251,California
Siskiyou,2021-01-12,322,1646,274,818,48,828,0,0,89,1035,233,306,90,1341,California
Siskiyou,2021-01-13,157,1803,137,955,20,848,0,0,23,924,134,440,23,1364,California
Siskiyou,2021-01-14,25,1828,1,956,24,872,0,0,24,947,1,441,24,1388,California
Siskiyou,2021-01-15,35,1863,3,959,32,904,0,0,35,982,0,441,35,1423,California
Siskiyou,2021-01-16,7,1870,2,961,5,909,0,0,7,989,0,441,7,1430,California
Siskiyou,2021-01-17,1,1871,1,962,0,909,0,0,0,988,1,442,0,1430,California
Siskiyou,2021-01-18,77,1948,4,966,73,982,0,0,75,1061,2,444,75,1505,California
Siskiyou,2021-01-19,21,1969,1,967,20,1002,0,0,20,1080,1,445,20,1525,California
Siskiyou,2021-01-20,47,2016,35,1002,12,1014,0,0,43,1119,4,449,43,1568,California
Siskiyou,2021-01-21,42,2058,1,1003,41,1055,0,0,42,1161,0,449,42,1610,California
Siskiyou,2021-01-22,1327,3385,1175,2178,152,1207,0,0,1327,2488,0,449,1327,2937,California
Siskiyou,2021-01-23,5,3390,1,2179,4,1211,0,0,2,2487,3,452,2,2939,California
Siskiyou,2021-01-25,182,3572,8,2187,174,1385,0,0,178,2661,4,456,178,3117,California
Siskiyou,2021-01-26,148,3720,3,2190,145,1530,0,0,140,2793,8,464,140,3257,California
Siskiyou,2021-01-27,181,3901,1,2191,180,1710,0,0,126,2864,55,519,126,3383,California
Siskiyou,2021-01-28,231,4132,117,2308,114,1824,0,0,225,3083,6,525,225,3608,California
Siskiyou,2021-01-29,249,4381,3,2311,246,2070,0,0,247,3328,2,527,247,3855,California
Siskiyou,2021-01-30,4,4385,3,2314,1,2071,0,0,4,3332,0,527,4,3859,California
Siskiyou,2021-02-01,195,4580,3,2317,192,2263,0,0,105,3347,90,617,105,3964,California
Siskiyou,2021-02-02,289,4869,45,2362,244,2507,0,0,147,3352,142,759,147,4111,California
Siskiyou,2021-02-03,314,5183,1,2363,313,2820,0,0,264,3566,50,809,264,4375,California
Siskiyou,2021-02-04,322,5505,7,2370,315,3135,0,0,200,3644,122,931,200,4575,California
Siskiyou,2021-02-05,511,6016,4,2374,507,3642,0,0,349,3831,162,1093,349,4924,California
Siskiyou,2021-02-06,15,6031,0,2374,15,3657,0,0,15,3846,0,1093,15,4939,California
Siskiyou,2021-02-07,3,6034,2,2376,1,3658,0,0,3,3849,0,1093,3,4942,California
Siskiyou,2021-02-08,221,6255,5,2381,216,3874,0,0,216,4060,5,1098,216,5158,California
Siskiyou,2021-02-09,197,6452,4,2385,193,4067,0,0,164,4191,33,1131,164,5322,California
Siskiyou,2021-02-10,370,6822,40,2425,330,4397,0,0,317,4456,52,1183,317,5639,California
Siskiyou,2021-02-11,189,7011,1,2426,188,4585,0,0,174,4615,15,1198,174,5813,California
Siskiyou,2021-02-12,1690,8701,1198,3624,492,5077,0,0,501,3927,1189,2387,501,6314,California
Siskiyou,2021-02-13,37,8738,2,3626,35,5112,0,0,33,3956,4,2391,33,6347,California
Siskiyou,2021-02-14,5,8743,1,3627,4,5116,0,0,5,3961,0,2391,5,6352,California
Siskiyou,2021-02-15,108,8851,10,3637,98,5214,0,0,106,4065,2,2393,106,6458,California
Siskiyou,2021-02-16,114,8965,2,3639,112,5326,0,0,99,4149,15,2408,99,6557,California
Siskiyou,2021-02-17,184,9149,15,3654,169,5495,0,0,170,4305,14,2422,170,6727,California
Siskiyou,2021-02-18,221,9370,88,3742,133,5628,0,0,98,4280,123,2545,98,6825,California
Siskiyou,2021-02-19,71,9441,34,3776,37,5665,0,0,34,4277,37,2582,34,6859,California
Siskiyou,2021-02-20,21,9462,3,3779,18,5683,0,0,16,4288,5,2587,16,6875,California
Siskiyou,2021-02-21,1,9463,1,3780,0,5683,0,0,1,4289,0,2587,1,6876,California
Siskiyou,2021-02-22,125,9588,2,3782,123,5806,0,0,19,4202,106,2693,19,6895,California
Siskiyou,2021-02-23,197,9785,15,3797,182,5988,0,0,53,4111,144,2837,53,6948,California
Siskiyou,2021-02-24,150,9935,5,3802,145,6133,0,0,38,4037,112,2949,38,6986,California
Siskiyou,2021-02-25,301,10236,24,3826,277,6410,0,0,155,4046,146,3095,155,7141,California
Siskiyou,2021-02-26,671,10907,11,3837,660,7070,0,0,369,4113,302,3397,369,7510,California
Siskiyou,2021-02-27,32,10939,5,3842,27,7097,0,0,28,4137,4,3401,28,7538,California
Siskiyou,2021-02-28,6,10945,5,3847,1,7098,0,0,4,4139,2,3403,4,7542,California
Siskiyou,2021-03-01,280,11225,6,3853,274,7372,0,0,50,3959,230,3633,50,7592,California
Siskiyou,2021-03-02,190,11415,1,3854,189,7561,0,0,70,3909,120,3753,70,7662,California
Siskiyou,2021-03-03,348,11763,10,3864,338,7899,0,0,155,3871,193,3946,155,7817,California
Siskiyou,2021-03-04,793,12556,620,4484,173,8072,0,0,635,4348,158,4104,635,8452,California
Siskiyou,2021-03-05,326,12882,6,4490,309,8381,11,11,105,4246,218,4322,116,8568,California
Siskiyou,2021-03-06,43,12925,3,4493,33,8414,7,18,28,4266,15,4337,35,8603,California
Siskiyou,2021-03-07,12,12937,4,4497,0,8414,8,26,3,4268,9,4346,11,8614,California
Siskiyou,2021-03-08,360,13297,30,4527,295,8709,35,61,59,4061,301,4647,94,8708,California
Siskiyou,2021-03-09,164,13461,2,4529,108,8817,54,115,57,4065,107,4754,111,8819,California
Siskiyou,2021-03-10,222,13683,7,4536,185,9002,30,145,30,3933,192,4946,60,8879,California
Siskiyou,2021-03-11,476,14159,206,4742,223,9225,47,192,276,4057,199,5145,323,9202,California
Siskiyou,2021-03-12,651,14810,141,4883,471,9696,39,231,184,3817,465,5610,225,9427,California
Siskiyou,2021-03-13,429,15239,380,5263,26,9722,23,254,381,4174,48,5658,405,9832,California
Siskiyou,2021-03-14,20,15259,1,5264,3,9725,16,270,2,4174,18,5676,18,9850,California
Siskiyou,2021-03-15,457,15716,258,5522,177,9902,22,292,322,4383,135,5811,344,10194,California
Siskiyou,2021-03-16,257,15973,34,5556,206,10108,17,309,140,4424,116,5927,157,10351,California
Siskiyou,2021-03-17,201,16174,9,5565,184,10292,8,317,34,4299,167,6094,42,10393,California
Siskiyou,2021-03-18,929,17103,791,6356,126,10418,12,329,813,5008,116,6210,825,11218,California
Siskiyou,2021-03-19,68,17171,10,6366,45,10463,13,342,20,4993,48,6258,33,11251,California
Siskiyou,2021-03-20,30,17201,7,6373,18,10481,5,347,6,4980,24,6282,11,11262,California
Siskiyou,2021-03-21,10,17211,4,6377,1,10482,5,352,4,4983,6,6288,9,11271,California
Siskiyou,2021-03-22,208,17419,21,6398,165,10647,22,374,145,5090,60,6348,167,11438,California
Siskiyou,2021-03-23,196,17615,19,6417,167,10814,10,384,141,5186,55,6403,151,11589,California
Siskiyou,2021-03-24,142,17757,47,6464,95,10909,0,384,115,5274,27,6430,115,11704,California
Siskiyou,2021-03-25,571,18328,319,6783,249,11158,3,387,400,5506,171,6601,403,12107,California
Siskiyou,2021-03-26,305,18633,35,6818,270,11428,0,387,104,5411,199,6800,104,12211,California
Siskiyou,2021-03-27,37,18670,4,6822,28,11456,5,392,9,5397,28,6828,14,12225,California
Siskiyou,2021-03-28,9,18679,8,6830,1,11457,0,392,5,5398,4,6832,5,12230,California
Siskiyou,2021-03-29,96,18775,10,6840,84,11541,2,394,46,5396,50,6882,48,12278,California
Siskiyou,2021-03-30,102,18877,7,6847,94,11635,1,395,41,5377,61,6943,42,12320,California
Siskiyou,2021-03-31,190,19067,20,6867,167,11802,3,398,48,5288,141,7084,52,12372,California
Siskiyou,2021-04-01,831,19898,673,7540,158,11960,0,398,214,4885,617,7701,214,12586,California
Siskiyou,2021-04-02,347,20245,197,7737,146,12106,4,402,66,4676,279,7980,70,12656,California
Siskiyou,2021-04-03,26,20271,5,7742,14,12120,7,409,5,4667,21,8001,12,12668,California
Siskiyou,2021-04-04,2,20273,1,7743,1,12121,0,409,1,4667,1,8002,1,12669,California
Siskiyou,2021-04-05,439,20712,332,8075,81,12202,26,435,27,4309,411,8413,53,12722,California
Siskiyou,2021-04-06,219,20931,36,8111,130,12332,53,488,125,4393,93,8506,177,12899,California
Siskiyou,2021-04-07,116,21047,11,8122,63,12395,42,530,66,4451,50,8556,108,13007,California
Siskiyou,2021-04-08,354,21401,186,8308,127,12522,41,571,64,4266,290,8846,105,13112,California
Siskiyou,2021-04-09,548,21949,379,8687,131,12653,38,609,84,3926,463,9309,123,13235,California
Siskiyou,2021-04-10,45,21994,6,8693,2,12655,37,646,6,3930,39,9348,43,13278,California
Siskiyou,2021-04-11,8,22002,5,8698,1,12656,2,648,2,3928,6,9354,4,13282,California
Siskiyou,2021-04-12,129,22131,25,8723,103,12759,1,649,49,3898,80,9434,50,13332,California
Siskiyou,2021-04-13,207,22338,37,8760,169,12928,1,650,81,3854,126,9560,82,13414,California
Siskiyou,2021-04-14,156,22494,65,8825,91,13019,0,650,85,3870,69,9629,85,13499,California
Siskiyou,2021-04-15,1118,23612,959,9784,159,13178,0,650,438,3628,680,10309,438,13937,California
Siskiyou,2021-04-16,301,23913,207,9991,94,13272,0,650,270,3868,30,10339,270,14207,California
Siskiyou,2021-04-17,11,23924,8,9999,3,13275,0,650,7,3871,4,10343,7,14214,California
Siskiyou,2021-04-18,6,23930,3,10002,3,13278,0,650,2,3869,4,10347,2,14216,California
Siskiyou,2021-04-19,128,24058,25,10027,103,13381,0,650,45,3831,83,10430,45,14261,California
Siskiyou,2021-04-20,237,24295,5,10032,232,13613,0,650,94,3782,143,10573,94,14355,California
Siskiyou,2021-04-21,94,24389,10,10042,84,13697,0,650,25,3738,69,10642,25,14380,California
Siskiyou,2021-04-22,416,24805,302,10344,114,13811,0,650,51,3424,365,11007,51,14431,California
Siskiyou,2021-04-23,181,24986,15,10359,166,13977,0,650,159,3562,21,11028,159,14590,California
Siskiyou,2021-04-24,27,25013,4,10363,23,14000,0,650,19,3573,8,11036,19,14609,California
Siskiyou,2021-04-25,2,25015,0,10363,2,14002,0,650,2,3575,0,11036,2,14611,California
Siskiyou,2021-04-26,100,25115,6,10369,89,14091,5,655,25,3530,75,11111,30,14641,California
Siskiyou,2021-04-27,102,25217,4,10373,96,14187,2,657,83,3598,17,11128,85,14726,California
Siskiyou,2021-04-28,110,25327,8,10381,94,14281,8,665,52,3600,58,11186,60,14786,California
Siskiyou,2021-04-29,105,25432,14,10395,91,14372,0,665,25,3545,80,11266,25,14811,California
Siskiyou,2021-04-30,101,25533,20,10415,80,14452,1,666,44,3535,54,11320,44,14855,California
Siskiyou,2021-05-01,11,25544,7,10422,1,14453,3,669,7,3541,4,11324,10,14865,California
Siskiyou,2021-05-02,11,25555,5,10427,6,14459,0,669,9,3548,2,11326,9,14874,California
Siskiyou,2021-05-03,110,25665,23,10450,85,14544,2,671,47,3534,63,11389,49,14923,California
Siskiyou,2021-05-04,123,25788,6,10456,115,14659,2,673,62,3538,60,11449,64,14987,California
Siskiyou,2021-05-05,118,25906,22,10478,87,14746,9,682,40,3510,77,11526,49,15036,California
Siskiyou,2021-05-06,367,26273,296,10774,65,14811,6,688,190,3529,177,11703,196,15232,California
Siskiyou,2021-05-07,309,26582,219,10993,85,14896,5,693,33,3292,275,11978,38,15270,California
Siskiyou,2021-05-08,24,26606,4,10997,19,14915,1,694,18,3305,6,11984,19,15289,California
Siskiyou,2021-05-09,1,26607,0,10997,1,14916,0,694,0,3304,1,11985,0,15289,California
Siskiyou,2021-05-10,98,26705,67,11064,30,14946,1,695,20,3247,78,12063,21,15310,California
Siskiyou,2021-05-11,82,26787,4,11068,73,15019,5,700,47,3264,35,12098,52,15362,California
Siskiyou,2021-05-12,52,26839,3,11071,45,15064,4,704,15,3246,37,12135,19,15381,California
Siskiyou,2021-05-13,76,26915,31,11102,36,15100,9,713,33,3245,43,12178,42,15423,California
Siskiyou,2021-05-14,170,27085,82,11184,87,15187,1,714,103,3283,66,12244,104,15527,California
Siskiyou,2021-05-15,45,27130,14,11198,29,15216,2,716,38,3317,6,12250,40,15567,California
Siskiyou,2021-05-16,6,27136,2,11200,4,15220,0,716,4,3319,2,12252,4,15571,California
Siskiyou,2021-05-17,66,27202,2,11202,41,15261,23,739,12,3300,54,12306,35,15606,California
Siskiyou,2021-05-18,220,27422,82,11284,134,15395,4,743,123,3331,96,12402,127,15733,California
Siskiyou,2021-05-19,156,27578,96,11380,59,15454,1,744,124,3424,32,12434,125,15858,California
Siskiyou,2021-05-20,496,28074,425,11805,69,15523,2,746,228,3386,268,12702,230,16088,California
Siskiyou,2021-05-21,172,28246,86,11891,85,15608,1,747,98,3412,73,12775,99,16187,California
Siskiyou,2021-05-22,40,28286,19,11910,21,15629,0,747,24,3420,16,12791,24,16211,California
Siskiyou,2021-05-23,3,28289,3,11913,0,15629,0,747,1,3419,2,12793,1,16212,California
Siskiyou,2021-05-24,22,28311,5,11918,17,15646,0,747,10,3418,11,12804,10,16222,California
Siskiyou,2021-05-25,143,28454,13,11931,114,15760,16,763,43,3378,99,12903,59,16281,California
Siskiyou,2021-05-26,75,28529,20,11951,55,15815,0,763,42,3387,33,12936,42,16323,California
Siskiyou,2021-05-27,135,28664,96,12047,36,15851,3,766,61,3378,74,13010,65,16388,California
Siskiyou,2021-05-28,121,28785,53,12100,67,15918,1,767,79,3416,42,13052,80,16468,California
Siskiyou,2021-05-29,17,28802,9,12109,6,15924,2,769,8,3417,9,13061,10,16478,California
Siskiyou,2021-05-31,2,28804,1,12110,0,15924,1,770,1,3418,1,13062,2,16480,California
Siskiyou,2021-06-01,26,28830,6,12116,20,15944,0,770,6,3404,20,13082,6,16486,California
Solano,2020-12-15,4,4,4,4,0,0,0,0,4,4,0,0,4,4,California
Solano,2020-12-16,71,75,71,75,0,0,0,0,71,75,0,0,71,75,California
Solano,2020-12-17,154,229,154,229,0,0,0,0,154,229,0,0,154,229,California
Solano,2020-12-18,446,675,445,674,1,1,0,0,446,675,0,0,446,675,California
Solano,2020-12-19,522,1197,522,1196,0,1,0,0,522,1197,0,0,522,1197,California
Solano,2020-12-20,356,1553,354,1550,2,3,0,0,356,1553,0,0,356,1553,California
Solano,2020-12-21,572,2125,570,2120,2,5,0,0,572,2125,0,0,572,2125,California
Solano,2020-12-22,663,2788,630,2750,33,38,0,0,663,2788,0,0,663,2788,California
Solano,2020-12-23,870,3658,779,3529,91,129,0,0,869,3656,1,1,869,3657,California
Solano,2020-12-24,423,4081,171,3700,252,381,0,0,423,4079,0,1,423,4080,California
Solano,2020-12-25,10,4091,2,3702,8,389,0,0,10,4089,0,1,10,4090,California
Solano,2020-12-26,173,4264,47,3749,126,515,0,0,173,4262,0,1,173,4263,California
Solano,2020-12-27,105,4369,29,3778,76,591,0,0,105,4367,0,1,105,4368,California
Solano,2020-12-28,867,5236,422,4200,445,1036,0,0,867,5234,0,1,867,5235,California
Solano,2020-12-29,902,6138,375,4575,527,1563,0,0,902,6136,0,1,902,6137,California
Solano,2020-12-30,1235,7373,599,5174,636,2199,0,0,1235,7371,0,1,1235,7372,California
Solano,2020-12-31,538,7911,137,5311,401,2600,0,0,538,7909,0,1,538,7910,California
Solano,2021-01-01,14,7925,13,5324,1,2601,0,0,14,7923,0,1,14,7924,California
Solano,2021-01-02,213,8138,165,5489,48,2649,0,0,213,8136,0,1,213,8137,California
Solano,2021-01-03,57,8195,40,5529,17,2666,0,0,52,8188,0,1,52,8189,California
Solano,2021-01-04,452,8647,246,5775,206,2872,0,0,442,8627,3,4,442,8631,California
Solano,2021-01-05,729,9376,376,6151,353,3225,0,0,575,9053,149,153,575,9206,California
Solano,2021-01-06,846,10222,439,6590,407,3632,0,0,581,9371,263,416,581,9787,California
Solano,2021-01-07,1068,11290,685,7275,383,4015,0,0,609,9524,457,873,610,10397,California
Solano,2021-01-08,1145,12435,779,8054,366,4381,0,0,554,9507,573,1446,556,10953,California
Solano,2021-01-09,888,13323,765,8819,123,4504,0,0,428,9478,457,1903,428,11381,California
Solano,2021-01-10,254,13577,194,9013,60,4564,0,0,152,9528,102,2005,152,11533,California
Solano,2021-01-11,1334,14911,1120,10133,214,4778,0,0,817,9828,517,2522,817,12350,California
Solano,2021-01-12,1571,16482,1173,11306,398,5176,0,0,1020,10299,550,3072,1021,13371,California
Solano,2021-01-13,1464,17946,1006,12312,458,5634,0,0,1205,11247,257,3329,1205,14576,California
Solano,2021-01-14,1892,19838,814,13126,1078,6712,0,0,1577,12510,314,3643,1577,16153,California
Solano,2021-01-15,1698,21536,1059,14185,639,7351,0,0,1401,13614,297,3940,1401,17554,California
Solano,2021-01-16,1293,22829,904,15089,389,7740,0,0,1118,14557,175,4115,1118,18672,California
Solano,2021-01-17,1042,23871,758,15847,284,8024,0,0,1022,15560,20,4135,1023,19695,California
Solano,2021-01-18,1413,25284,854,16701,559,8583,0,0,1296,16740,117,4252,1297,20992,California
Solano,2021-01-19,1652,26936,1338,18039,314,8897,0,0,1381,17851,270,4522,1381,22373,California
Solano,2021-01-20,2034,28970,1421,19460,613,9510,0,0,1547,18914,484,5006,1547,23920,California
Solano,2021-01-21,3187,32157,1016,20476,2171,11681,0,0,2835,21398,352,5358,2836,26756,California
Solano,2021-01-22,1772,33929,845,21321,927,12608,0,0,1579,22784,193,5551,1579,28335,California
Solano,2021-01-23,737,34666,242,21563,495,13103,0,0,532,23111,206,5757,533,28868,California
Solano,2021-01-24,403,35069,61,21624,342,13445,0,0,336,23380,67,5824,336,29204,California
Solano,2021-01-25,1671,36740,631,22255,1040,14485,0,0,1114,23939,556,6380,1115,30319,California
Solano,2021-01-26,1783,38523,741,22996,1042,15527,0,0,1150,24457,633,7013,1151,31470,California
Solano,2021-01-27,1787,40310,719,23715,1068,16595,0,0,1183,25040,600,7613,1183,32653,California
Solano,2021-01-28,1964,42274,709,24424,1255,17850,0,0,1372,25822,591,8204,1373,34026,California
Solano,2021-01-29,1702,43976,784,25208,918,18768,0,0,1342,26806,358,8562,1342,35368,California
Solano,2021-01-30,952,44928,457,25665,495,19263,0,0,608,27071,344,8906,609,35977,California
Solano,2021-01-31,245,45173,153,25818,92,19355,0,0,174,27174,71,8977,174,36151,California
Solano,2021-02-01,1558,46731,1036,26854,522,19877,0,0,777,27173,778,9755,777,36928,California
Solano,2021-02-02,3349,50080,1095,27949,2254,22131,0,0,2540,28908,805,10560,2540,39468,California
Solano,2021-02-03,2266,52346,1308,29257,958,23089,0,0,1166,28977,1097,11657,1166,40634,California
Solano,2021-02-04,1797,54143,900,30157,897,23986,0,0,1072,29329,720,12377,1072,41706,California
Solano,2021-02-05,3098,57241,1417,31574,1681,25667,0,0,2093,30425,997,13374,2093,43799,California
Solano,2021-02-06,3061,60302,1169,32743,1892,27559,0,0,2244,31856,813,14187,2244,46043,California
Solano,2021-02-07,848,61150,784,33527,64,27623,0,0,237,31483,610,14797,237,46280,California
Solano,2021-02-08,1758,62908,1236,34763,522,28145,0,0,716,31159,1040,15837,716,46996,California
Solano,2021-02-09,1950,64858,1484,36247,466,28611,0,0,698,30606,1251,17088,698,47694,California
Solano,2021-02-10,2266,67124,1496,37743,770,29381,0,0,824,29988,1442,18530,824,48518,California
Solano,2021-02-11,2517,69641,1492,39235,1025,30406,0,0,1198,29878,1308,19838,1198,49716,California
Solano,2021-02-12,4230,73871,1630,40865,2600,33006,0,0,2880,31415,1343,21181,2880,52596,California
Solano,2021-02-13,2869,76740,250,41115,2619,35625,0,0,2454,33457,412,21593,2454,55050,California
Solano,2021-02-14,726,77466,204,41319,522,36147,0,0,416,33566,308,21901,417,55467,California
Solano,2021-02-15,1328,78794,324,41643,1004,37151,0,0,692,33623,635,22536,692,56159,California
Solano,2021-02-16,2561,81355,1387,43030,1174,38325,0,0,1664,34392,896,23432,1665,57824,California
Solano,2021-02-17,3220,84575,1455,44485,1765,40090,0,0,2177,35530,1040,24472,2178,60002,California
Solano,2021-02-18,2881,87456,843,45328,2038,42128,0,0,866,34388,2009,26481,867,60869,California
Solano,2021-02-19,2401,89857,1446,46774,955,43083,0,0,1170,34334,1226,27707,1172,62041,California
Solano,2021-02-20,2577,92434,383,47157,2194,45277,0,0,2107,35970,471,28178,2107,64148,California
Solano,2021-02-21,2192,94626,1879,49036,313,45590,0,0,1882,37546,306,28484,1882,66030,California
Solano,2021-02-22,1775,96401,1053,50089,722,46312,0,0,934,37643,839,29323,936,66966,California
Solano,2021-02-23,2866,99267,1089,51178,1777,48089,0,0,1958,38697,904,30227,1958,68924,California
Solano,2021-02-24,2486,101753,1244,52422,1242,49331,0,0,1391,38995,1093,31320,1391,70315,California
Solano,2021-02-25,2413,104166,1450,53872,963,50294,0,0,1319,39225,1089,32409,1319,71634,California
Solano,2021-02-26,3191,107357,2034,55906,1157,51451,0,0,1872,39783,1314,33723,1872,73506,California
Solano,2021-02-27,3663,111020,1382,57288,2280,53731,1,1,2962,42053,693,34416,2963,76469,California
Solano,2021-02-28,1369,112389,1038,58326,331,54062,0,1,1087,42862,279,34695,1088,77557,California
Solano,2021-03-01,2458,114847,1057,59383,1400,55462,1,2,1857,44124,596,35291,1858,79415,California
Solano,2021-03-02,2249,117096,1402,60785,847,56309,0,2,1295,44466,953,36244,1295,80710,California
Solano,2021-03-03,2242,119338,1261,62046,981,57290,0,2,1390,45013,844,37088,1391,82101,California
Solano,2021-03-04,4387,123725,3437,65483,948,58238,2,4,3164,46969,1213,38301,3169,85270,California
Solano,2021-03-05,4938,128663,1685,67168,3248,61486,5,9,3967,49980,961,39262,3972,89242,California
Solano,2021-03-06,3857,132520,834,68002,2984,64470,39,48,2654,51481,1192,40454,2693,91935,California
Solano,2021-03-07,3584,136104,761,68763,2813,67283,10,58,1969,51858,1603,42057,1980,93915,California
Solano,2021-03-08,2142,138246,1342,70105,530,67813,270,328,1620,53229,517,42574,1888,95803,California
Solano,2021-03-09,3224,141470,1569,71674,1601,69414,54,382,2325,54707,898,43472,2376,98179,California
Solano,2021-03-10,2430,143900,1766,73440,579,69993,85,467,1274,54915,1151,44623,1359,99538,California
Solano,2021-03-11,6032,149932,1760,75200,4018,74011,254,721,4978,59098,1050,45673,5233,104771,California
Solano,2021-03-12,6031,155963,1571,76771,4282,78293,178,899,3193,59637,2834,48507,3373,108144,California
Solano,2021-03-13,4584,160547,805,77576,3695,81988,84,983,2238,59624,2339,50846,2326,110470,California
Solano,2021-03-14,4001,164548,3123,80699,423,82411,455,1438,1641,59362,2355,53201,2093,112563,California
Solano,2021-03-15,4021,168569,2456,83155,1245,83656,320,1758,2518,60704,1495,54696,2837,115400,California
Solano,2021-03-16,3093,171662,1324,84479,1533,85189,236,1994,1576,61003,1513,56209,1812,117212,California
Solano,2021-03-17,6463,178125,1682,86161,4690,89879,91,2085,4966,64566,1494,57703,5057,122269,California
Solano,2021-03-18,5203,183328,1848,88009,3316,93195,39,2124,3827,67065,1368,59071,3867,126136,California
Solano,2021-03-19,3563,186891,2634,90643,855,94050,74,2198,1810,67205,1745,60816,1885,128021,California
Solano,2021-03-20,5558,192449,1672,92315,3832,97882,54,2252,2846,67402,2703,63519,2900,130921,California
Solano,2021-03-21,1681,194130,1575,93890,81,97963,25,2277,858,67463,820,64339,881,131802,California
Solano,2021-03-22,2674,196804,2041,95931,583,98546,50,2327,1661,68164,1006,65345,1707,133509,California
Solano,2021-03-23,3527,200331,1671,97602,1813,100359,43,2370,1413,67509,2110,67455,1455,134964,California
Solano,2021-03-24,2833,203164,1774,99376,1024,101383,35,2405,1373,67462,1454,68909,1407,136371,California
Solano,2021-03-25,4873,208037,3992,103368,846,102229,35,2440,2275,67179,2594,71503,2311,138682,California
Solano,2021-03-26,3229,211266,2098,105466,1094,103323,37,2477,1742,67480,1478,72981,1779,140461,California
Solano,2021-03-27,4200,215466,1157,106623,3006,106329,37,2514,1792,66907,2402,75383,1829,142290,California
Solano,2021-03-28,1419,216885,1111,107734,290,106619,18,2532,550,66610,865,76248,568,142858,California
Solano,2021-03-29,3512,220397,2044,109778,1451,108070,17,2549,1579,66290,1920,78168,1600,144458,California
Solano,2021-03-30,3034,223431,2014,111792,929,108999,91,2640,1890,67128,1143,79311,1981,146439,California
Solano,2021-03-31,3143,226574,2139,113931,844,109843,160,2800,1843,67831,1297,80608,2000,148439,California
Solano,2021-04-01,5554,232128,2112,116043,3290,113133,152,2952,3511,69464,2030,82638,3663,152102,California
Solano,2021-04-02,6616,238744,2233,118276,4216,117349,167,3119,2552,68144,4048,86686,2728,154830,California
Solano,2021-04-03,1533,240277,966,119242,412,117761,155,3274,569,67906,962,87648,724,155554,California
Solano,2021-04-04,782,241059,288,119530,191,117952,303,3577,240,67911,538,88186,543,156097,California
Solano,2021-04-05,2991,244050,2044,121574,740,118692,207,3784,1515,68158,1474,89660,1721,157818,California
Solano,2021-04-06,6048,250098,1639,123213,3918,122610,491,4275,1639,65909,4402,94062,2153,159971,California
Solano,2021-04-07,5927,256025,4585,127798,944,123554,398,4673,3366,67139,2542,96604,3772,163743,California
Solano,2021-04-08,6459,262484,1796,129594,3798,127352,865,5538,1811,65203,4619,101223,2683,166426,California
Solano,2021-04-09,6286,268770,1665,131259,3769,131121,852,6390,1513,62822,4749,105972,2368,168794,California
Solano,2021-04-10,1734,270504,956,132215,453,131574,325,6715,802,63017,931,106903,1126,169920,California
Solano,2021-04-11,1232,271736,766,132981,337,131911,129,6844,639,63195,590,107493,768,170688,California
Solano,2021-04-12,3254,274990,1675,134656,1220,133131,359,7203,1340,62982,1909,109402,1696,172384,California
Solano,2021-04-13,2534,277524,1095,135751,1438,134569,1,7204,1318,63090,1212,110614,1320,173704,California
Solano,2021-04-14,6453,283977,1948,137699,4505,139074,0,7204,1807,60261,4638,115252,1809,175513,California
Solano,2021-04-15,5668,289645,2139,139838,3529,142603,0,7204,1717,58041,3937,119189,1717,177230,California
Solano,2021-04-16,3673,293318,2577,142415,1094,143697,2,7206,2281,58937,1387,120576,2283,179513,California
Solano,2021-04-17,3252,296570,1061,143476,2191,145888,0,7206,1116,57926,2128,122704,1117,180630,California
Solano,2021-04-18,1004,297574,610,144086,394,146282,0,7206,529,57981,474,123178,529,181159,California
Solano,2021-04-19,2107,299681,1158,145244,949,147231,0,7206,1173,58227,929,124107,1175,182334,California
Solano,2021-04-20,3024,302705,1845,147089,1179,148410,0,7206,1683,58573,1337,125444,1683,184017,California
Solano,2021-04-21,3566,306271,2333,149422,1233,149643,0,7206,1791,58594,1770,127214,1791,185808,California
Solano,2021-04-22,2937,309208,1484,150906,1453,151096,0,7206,1780,59219,1155,128369,1780,187588,California
Solano,2021-04-23,4151,313359,2086,152992,2065,153161,0,7206,2498,60071,1647,130016,2499,190087,California
Solano,2021-04-24,3824,317183,2292,155284,1530,154691,2,7208,2530,61395,1208,131224,2532,192619,California
Solano,2021-04-25,1427,318610,1113,156397,314,155005,0,7208,1128,62231,292,131516,1128,193747,California
Solano,2021-04-26,2469,321079,1598,157995,867,155872,4,7212,1323,62424,1134,132650,1327,195074,California
Solano,2021-04-27,2501,323580,1247,159242,1230,157102,24,7236,1413,62782,1080,133730,1438,196512,California
Solano,2021-04-28,5572,329152,4589,163831,937,158039,46,7282,3429,64124,2133,135863,3475,199987,California
Solano,2021-04-29,4157,333309,1265,165096,2860,160899,32,7314,1690,63387,2459,138322,1722,201709,California
Solano,2021-04-30,4031,337340,2189,167285,1710,162609,132,7446,1869,63241,2147,140469,2001,203710,California
Solano,2021-05-01,2174,339514,1676,168961,298,162907,200,7646,1295,63862,874,141343,1495,205205,California
Solano,2021-05-02,1207,340721,946,169907,236,163143,25,7671,667,64019,535,141878,692,205897,California
Solano,2021-05-03,1450,342171,1008,170915,355,163498,87,7758,592,63842,857,142735,680,206577,California
Solano,2021-05-04,1794,343965,1048,171963,681,164179,65,7823,806,63727,986,143721,871,207448,California
Solano,2021-05-05,2251,346216,1409,173372,729,164908,113,7936,1082,63755,1165,144886,1193,208641,California
Solano,2021-05-06,1947,348163,1183,174555,591,165499,173,8109,722,63433,1217,146103,895,209536,California
Solano,2021-05-07,2761,350924,1908,176463,736,166235,117,8226,959,62712,1795,147898,1074,210610,California
Solano,2021-05-08,1370,352294,830,177293,425,166660,115,8341,476,62413,890,148788,591,211201,California
Solano,2021-05-09,417,352711,241,177534,165,166825,11,8352,155,62321,259,149047,167,211368,California
Solano,2021-05-10,1317,354028,604,178138,610,167435,103,8455,382,61875,932,149979,486,211854,California
Solano,2021-05-11,2242,356270,1133,179271,1025,168460,84,8539,630,60982,1607,151586,714,212568,California
Solano,2021-05-12,2047,358317,1152,180423,725,169185,170,8709,680,60473,1357,152943,848,213416,California
Solano,2021-05-13,2875,361192,1976,182399,691,169876,208,8917,1520,60849,1352,154295,1728,215144,California
Solano,2021-05-14,2410,363602,1622,184021,668,170544,120,9037,1009,60586,1392,155687,1129,216273,California
Solano,2021-05-15,2864,366466,2233,186254,569,171113,62,9099,1178,60151,1675,157362,1240,217513,California
Solano,2021-05-16,1487,367953,1090,187344,364,171477,33,9132,241,59181,1243,158605,273,217786,California
Solano,2021-05-17,2453,370406,1405,188749,963,172440,85,9217,935,58699,1498,160103,1016,218802,California
Solano,2021-05-18,2830,373236,1542,190291,1199,173639,89,9306,1417,58803,1401,161504,1505,220307,California
Solano,2021-05-19,4899,378135,3370,193661,1423,175062,106,9412,2280,58582,2608,164112,2387,222694,California
Solano,2021-05-20,2251,380386,1359,195020,842,175904,50,9462,982,58352,1262,165374,1032,223726,California
Solano,2021-05-21,3143,383529,1595,196615,1488,177392,60,9522,1257,57794,1875,167249,1317,225043,California
Solano,2021-05-22,2137,385666,1652,198267,427,177819,58,9580,911,57544,1219,168468,969,226012,California
Solano,2021-05-23,1198,386864,1037,199304,151,177970,10,9590,663,57685,532,169000,673,226685,California
Solano,2021-05-24,1822,388686,1030,200334,722,178692,70,9660,634,57205,1183,170183,703,227388,California
Solano,2021-05-25,1607,390293,813,201147,738,179430,56,9716,589,56840,1010,171193,645,228033,California
Solano,2021-05-26,1857,392150,1068,202215,737,180167,52,9768,762,56567,1087,172280,814,228847,California
Solano,2021-05-27,1807,393957,792,203007,943,181110,72,9840,815,56466,987,173267,886,229733,California
Solano,2021-05-28,1891,395848,913,203920,926,182036,52,9892,679,55994,1204,174471,732,230465,California
Solano,2021-05-29,622,396470,302,204222,291,182327,29,9921,315,56032,305,174776,343,230808,California
Solano,2021-05-30,330,396800,159,204381,147,182474,24,9945,125,55979,202,174978,149,230957,California
Solano,2021-05-31,126,396926,18,204399,97,182571,11,9956,25,55914,101,175079,36,230993,California
Solano,2021-06-01,1145,398071,750,205149,343,182914,52,10008,440,55703,702,175781,491,231484,California
Sonoma,2020-12-15,4,4,4,4,0,0,0,0,4,4,0,0,4,4,California
Sonoma,2020-12-16,27,31,27,31,0,0,0,0,27,31,0,0,27,31,California
Sonoma,2020-12-17,105,136,105,136,0,0,0,0,105,136,0,0,105,136,California
Sonoma,2020-12-18,423,559,423,559,0,0,0,0,423,559,0,0,423,559,California
Sonoma,2020-12-19,112,671,111,670,1,1,0,0,112,671,0,0,112,671,California
Sonoma,2020-12-20,175,846,175,845,0,1,0,0,175,846,0,0,175,846,California
Sonoma,2020-12-21,910,1756,908,1753,2,3,0,0,909,1755,0,0,909,1755,California
Sonoma,2020-12-22,1354,3110,1263,3016,91,94,0,0,1354,3109,0,0,1354,3109,California
Sonoma,2020-12-23,1608,4718,1233,4249,375,469,0,0,1609,4718,0,0,1609,4718,California
Sonoma,2020-12-24,305,5023,101,4350,204,673,0,0,305,5023,0,0,305,5023,California
Sonoma,2020-12-25,8,5031,2,4352,6,679,0,0,8,5031,0,0,8,5031,California
Sonoma,2020-12-26,268,5299,257,4609,11,690,0,0,268,5299,0,0,268,5299,California
Sonoma,2020-12-27,94,5393,80,4689,14,704,0,0,94,5393,0,0,94,5393,California
Sonoma,2020-12-28,985,6378,552,5241,433,1137,0,0,956,6349,0,0,956,6349,California
Sonoma,2020-12-29,1129,7507,777,6018,352,1489,0,0,1096,7445,0,0,1096,7445,California
Sonoma,2020-12-30,1094,8601,479,6497,615,2104,0,0,1086,8531,0,0,1086,8531,California
Sonoma,2020-12-31,517,9118,71,6568,446,2550,0,0,518,9049,0,0,518,9049,California
Sonoma,2021-01-01,16,9134,8,6576,8,2558,0,0,16,9065,0,0,16,9065,California
Sonoma,2021-01-02,132,9266,125,6701,7,2565,0,0,132,9197,0,0,132,9197,California
Sonoma,2021-01-03,24,9290,10,6711,14,2579,0,0,24,9221,0,0,24,9221,California
Sonoma,2021-01-04,343,9633,106,6817,237,2816,0,0,342,9563,0,0,342,9563,California
Sonoma,2021-01-05,435,10068,102,6919,333,3149,0,0,410,9958,15,15,410,9973,California
Sonoma,2021-01-06,952,11020,435,7354,517,3666,0,0,840,10692,106,121,840,10813,California
Sonoma,2021-01-07,1033,12053,538,7892,495,4161,0,0,862,11384,170,291,862,11675,California
Sonoma,2021-01-08,1794,13847,1234,9126,560,4721,0,0,1321,12234,471,762,1321,12996,California
Sonoma,2021-01-09,640,14487,404,9530,236,4957,0,0,591,12776,49,811,591,13587,California
Sonoma,2021-01-10,472,14959,461,9991,11,4968,0,0,277,12858,195,1006,277,13864,California
Sonoma,2021-01-11,1385,16344,1238,11229,147,5115,0,0,414,12306,966,1972,414,14278,California
Sonoma,2021-01-12,1545,17889,1292,12521,253,5368,0,0,395,11553,1148,3120,395,14673,California
Sonoma,2021-01-13,2048,19937,1368,13889,680,6048,0,0,1181,11871,864,3984,1182,15855,California
Sonoma,2021-01-14,1541,21478,808,14697,733,6781,0,0,1311,12952,230,4214,1311,17166,California
Sonoma,2021-01-15,1560,23038,628,15325,932,7713,0,0,1339,14080,212,4426,1340,18506,California
Sonoma,2021-01-16,1146,24184,618,15943,528,8241,0,0,898,14734,244,4670,898,19404,California
Sonoma,2021-01-17,669,24853,548,16491,121,8362,0,0,589,15243,80,4750,589,19993,California
Sonoma,2021-01-18,1114,25967,938,17429,176,8538,0,0,624,15378,490,5240,625,20618,California
Sonoma,2021-01-19,2100,28067,1005,18434,1095,9633,0,0,1388,16057,710,5950,1389,22007,California
Sonoma,2021-01-20,2088,30155,629,19063,1459,11092,0,0,1424,16828,654,6604,1425,23432,California
Sonoma,2021-01-21,2271,32426,647,19710,1624,12716,0,0,2050,18660,219,6823,2051,25483,California
Sonoma,2021-01-22,2743,35169,1045,20755,1698,14414,0,0,2594,21106,148,6971,2594,28077,California
Sonoma,2021-01-23,765,35934,593,21348,172,14586,0,0,658,21658,106,7077,658,28735,California
Sonoma,2021-01-24,848,36782,717,22065,131,14717,0,0,831,22472,17,7094,831,29566,California
Sonoma,2021-01-25,2178,38960,520,22585,1658,16375,0,0,1692,23678,486,7580,1692,31258,California
Sonoma,2021-01-26,2017,40977,303,22888,1714,18089,0,0,1562,24786,454,8034,1562,32820,California
Sonoma,2021-01-27,3709,44686,1280,24168,2429,20518,0,0,3134,27350,573,8607,3137,35957,California
Sonoma,2021-01-28,4123,48809,1850,26018,2273,22791,0,0,3449,30129,671,9278,3450,39407,California
Sonoma,2021-01-29,2971,51780,1412,27430,1559,24350,0,0,2133,31427,836,10114,2134,41541,California
Sonoma,2021-01-30,2592,54372,2403,29833,189,24539,0,0,2249,33334,343,10457,2250,43791,California
Sonoma,2021-01-31,809,55181,697,30530,112,24651,0,0,580,33686,228,10685,580,44371,California
Sonoma,2021-02-01,2475,57656,852,31382,1623,26274,0,0,2098,35410,374,11059,2098,46469,California
Sonoma,2021-02-02,3526,61182,1372,32754,2154,28428,0,0,2958,37803,565,11624,2958,49427,California
Sonoma,2021-02-03,4048,65230,1325,34079,2723,31151,0,0,3116,39991,928,12552,3116,52543,California
Sonoma,2021-02-04,4217,69447,1729,35808,2488,33639,0,0,3427,42631,788,13340,3428,55971,California
Sonoma,2021-02-05,4822,74269,1741,37549,3081,36720,0,0,3800,45414,1018,14358,3801,59772,California
Sonoma,2021-02-06,2639,76908,2278,39827,361,37081,0,0,2108,46992,530,14888,2108,61880,California
Sonoma,2021-02-07,1539,78447,1403,41230,136,37217,0,0,1287,48027,252,15140,1287,63167,California
Sonoma,2021-02-08,3268,81715,1039,42269,2229,39446,0,0,2678,50116,589,15729,2678,65845,California
Sonoma,2021-02-09,3576,85291,1704,43973,1872,41318,0,0,3097,52737,477,16206,3098,68943,California
Sonoma,2021-02-10,4553,89844,2484,46457,2069,43387,0,0,3545,55281,1002,17208,3546,72489,California
Sonoma,2021-02-11,5593,95437,3027,49484,2566,45953,0,0,4402,58494,1189,18397,4402,76891,California
Sonoma,2021-02-12,5910,101347,3247,52731,2663,48616,0,0,4481,61553,1425,19822,4484,81375,California
Sonoma,2021-02-13,1993,103340,1151,53882,842,49458,0,0,1206,61975,784,20606,1206,82581,California
Sonoma,2021-02-14,2312,105652,1819,55701,493,49951,0,0,1568,62800,743,21349,1568,84149,California
Sonoma,2021-02-15,2148,107800,793,56494,1355,51306,0,0,1608,63868,540,21889,1608,85757,California
Sonoma,2021-02-16,4909,112709,2058,58552,2851,54157,0,0,3647,66258,1258,23147,3648,89405,California
Sonoma,2021-02-17,5611,118320,2907,61459,2704,56861,0,0,3579,67816,2023,25170,3581,92986,California
Sonoma,2021-02-18,6938,125258,3138,64597,3800,60661,0,0,4001,68892,2927,28097,4003,96989,California
Sonoma,2021-02-19,5520,130778,1665,66262,3855,64516,0,0,3421,70220,2094,30191,3422,100411,California
Sonoma,2021-02-20,3108,133886,2831,69093,277,64793,0,0,1207,69531,1896,32087,1207,101618,California
Sonoma,2021-02-21,533,134419,428,69521,105,64898,0,0,141,69283,389,32476,141,101759,California
Sonoma,2021-02-22,2876,137295,1356,70877,1520,66418,0,0,1194,68801,1677,34153,1195,102954,California
Sonoma,2021-02-23,3378,140673,2082,72959,1296,67714,0,0,1627,68681,1747,35900,1627,104581,California
Sonoma,2021-02-24,5652,146325,2550,75509,3102,70816,0,0,2922,68880,2724,38624,2923,107504,California
Sonoma,2021-02-25,5811,152136,2242,77751,3569,74385,0,0,3118,69328,2670,41294,3118,110622,California
Sonoma,2021-02-26,6272,158408,2764,80515,3508,77893,0,0,3976,71014,2290,43584,3976,114598,California
Sonoma,2021-02-27,4063,162471,1923,82438,2140,80033,0,0,2712,72377,1349,44933,2712,117310,California
Sonoma,2021-02-28,2325,164796,1838,84276,487,80520,0,0,610,71286,1701,46634,610,117920,California
Sonoma,2021-03-01,3763,168559,1150,85426,2612,83132,1,1,1895,71325,1858,48492,1897,119817,California
Sonoma,2021-03-02,4389,172948,1514,86940,2875,86007,0,1,2565,72073,1817,50309,2565,122382,California
Sonoma,2021-03-03,5069,178017,2643,89583,2426,88433,0,1,2335,71681,2727,53036,2335,124717,California
Sonoma,2021-03-04,5963,183980,2686,92269,3277,91710,0,1,2597,70926,3352,56388,2597,127314,California
Sonoma,2021-03-05,6502,190482,2865,95134,3622,95332,15,16,2754,69962,3734,60122,2770,130084,California
Sonoma,2021-03-06,2799,193281,1222,96356,1442,96774,135,151,1926,71156,866,60988,2060,132144,California
Sonoma,2021-03-07,1713,194994,1399,97755,279,97053,35,186,383,70246,1328,62316,418,132562,California
Sonoma,2021-03-08,4074,199068,662,98417,3237,100290,175,361,2400,71156,1663,63979,2573,135135,California
Sonoma,2021-03-09,5599,204667,3088,101505,2251,102541,260,621,2753,71328,2839,66818,3011,138146,California
Sonoma,2021-03-10,6039,210706,3211,104716,2480,105021,348,969,2445,70540,3580,70398,2792,140938,California
Sonoma,2021-03-11,7563,218269,3018,107734,3721,108742,824,1793,2584,68979,4969,75367,3408,144346,California
Sonoma,2021-03-12,7421,225690,2272,110006,3785,112527,1364,3157,2117,67172,5285,80652,3478,147824,California
Sonoma,2021-03-13,3420,229110,1694,111700,1488,114015,238,3395,2009,68008,1410,82062,2246,150070,California
Sonoma,2021-03-14,1386,230496,386,112086,859,114874,141,3536,849,68463,534,82596,989,151059,California
Sonoma,2021-03-15,5253,235749,1518,113604,3348,118222,387,3923,2198,68003,3044,85640,2584,153643,California
Sonoma,2021-03-16,6300,242049,2251,115855,3818,122040,231,4154,2913,67765,3380,89020,3142,156785,California
Sonoma,2021-03-17,6782,248831,3538,119393,3063,125103,181,4335,3296,67767,3474,92494,3476,160261,California
Sonoma,2021-03-18,7140,255971,2943,122336,3582,128685,615,4950,3184,67618,3945,96439,3796,164057,California
Sonoma,2021-03-19,7507,263478,3252,125588,4024,132709,231,5181,3201,66768,4287,100726,3437,167494,California
Sonoma,2021-03-20,3713,267191,1753,127341,1130,133839,830,6011,2035,67958,1670,102396,2860,170354,California
Sonoma,2021-03-21,1385,268576,603,127944,748,134587,34,6045,1212,69035,169,102565,1246,171600,California
Sonoma,2021-03-22,4556,273132,3110,131054,1343,135930,103,6148,3440,71468,1110,103675,3543,175143,California
Sonoma,2021-03-23,5848,278980,3635,134689,2138,138068,75,6223,4422,74549,1416,105091,4497,179640,California
Sonoma,2021-03-24,6817,285797,4277,138966,2473,140541,67,6290,4175,76168,2622,107713,4241,183881,California
Sonoma,2021-03-25,7127,292924,4201,143167,2815,143356,111,6401,4336,77850,2766,110479,4448,188329,California
Sonoma,2021-03-26,7454,300378,3468,146635,3891,147247,95,6496,3923,78356,3512,113991,4018,192347,California
Sonoma,2021-03-27,3865,304243,1510,148145,1993,149240,362,6858,1122,77106,2734,116725,1484,193831,California
Sonoma,2021-03-28,1511,305754,950,149095,534,149774,27,6885,944,77513,564,117289,971,194802,California
Sonoma,2021-03-29,2961,308715,1105,150200,1823,151597,33,6918,1668,77927,1287,118576,1701,196503,California
Sonoma,2021-03-30,5841,314556,3216,153416,2563,154160,62,6980,3045,78246,2789,121365,3108,199611,California
Sonoma,2021-03-31,5622,320178,3408,156824,2000,156160,214,7194,3245,79344,2364,123729,3462,203073,California
Sonoma,2021-04-01,6823,327001,4047,160871,2436,158596,340,7534,3659,80196,3139,126868,3991,207064,California
Sonoma,2021-04-02,5963,332964,3572,164443,2282,160878,109,7643,3577,81504,2378,129246,3686,210750,California
Sonoma,2021-04-03,3656,336620,1828,166271,1603,162481,225,7868,1607,81297,2037,131283,1830,212580,California
Sonoma,2021-04-04,1066,337686,694,166965,281,162762,91,7959,660,81646,402,131685,751,213331,California
Sonoma,2021-04-05,4406,342092,625,167590,3438,166200,343,8302,1648,80885,2751,134436,1990,215321,California
Sonoma,2021-04-06,6896,348988,3493,171083,2997,169197,406,8708,4009,82426,2873,137309,4414,219735,California
Sonoma,2021-04-07,6834,355822,3858,174941,2136,171333,840,9548,3325,83093,3500,140809,4167,223902,California
Sonoma,2021-04-08,7596,363418,4134,179075,2689,174022,773,10321,4159,84600,3428,144237,4935,228837,California
Sonoma,2021-04-09,6829,370247,3807,182882,2138,176160,884,11205,3513,85691,3303,147540,4394,233231,California
Sonoma,2021-04-10,3886,374133,1692,184574,1637,177797,557,11762,1129,84626,2748,150288,1683,234914,California
Sonoma,2021-04-11,1283,375416,606,185180,595,178392,82,11844,437,84300,845,151133,519,235433,California
Sonoma,2021-04-12,4934,380350,2053,187233,2399,180791,482,12326,1838,83528,3085,154218,2313,237746,California
Sonoma,2021-04-13,7812,388162,4626,191859,3184,183975,2,12328,2959,81650,4842,159060,2964,240710,California
Sonoma,2021-04-14,6556,394718,3732,195591,2804,186779,20,12348,2520,80168,4023,163083,2541,243251,California
Sonoma,2021-04-15,7226,401944,4098,199689,3128,189907,0,12348,3565,80085,3649,166732,3566,246817,California
Sonoma,2021-04-16,6786,408730,3409,203098,3375,193282,2,12350,3839,80986,2940,169672,3841,250658,California
Sonoma,2021-04-17,3192,411922,1555,204653,1637,194919,0,12350,1543,80894,1636,171308,1544,252202,California
Sonoma,2021-04-18,1291,413213,894,205547,397,195316,0,12350,454,80512,836,172144,454,252656,California
Sonoma,2021-04-19,3310,416523,1873,207420,1436,196752,1,12351,1446,80099,1860,174004,1447,254103,California
Sonoma,2021-04-20,6259,422782,3459,210879,2800,199552,0,12351,2346,78544,3902,177906,2347,256450,California
Sonoma,2021-04-21,6571,429353,4216,215095,2353,201905,2,12353,3005,78003,3547,181453,3006,259456,California
Sonoma,2021-04-22,6219,435572,4469,219564,1750,203655,0,12353,2506,76812,3697,185150,2506,261962,California
Sonoma,2021-04-23,7419,442991,4623,224187,2790,206445,6,12359,3626,76665,3780,188930,3633,265595,California
Sonoma,2021-04-24,2776,445767,1512,225699,1250,207695,14,12373,1545,76998,1226,190156,1559,267154,California
Sonoma,2021-04-25,1086,446853,788,226487,298,207993,0,12373,433,76781,650,190806,433,267587,California
Sonoma,2021-04-26,2777,449630,1293,227780,1456,209449,28,12401,1517,77073,1253,192059,1545,269132,California
Sonoma,2021-04-27,5321,454951,3634,231414,1588,211037,99,12500,2163,76189,3145,195204,2261,271393,California
Sonoma,2021-04-28,4867,459818,3199,234613,1473,212510,195,12695,2089,75706,2762,197966,2279,273672,California
Sonoma,2021-04-29,4829,464647,3437,238050,1247,213757,145,12840,1746,74523,3074,201040,1891,275563,California
Sonoma,2021-04-30,5442,470089,3623,241673,1526,215283,293,13133,1815,73016,3614,204654,2107,277670,California
Sonoma,2021-05-01,2479,472568,1780,243453,593,215876,106,13239,1235,73117,1236,205890,1337,279007,California
Sonoma,2021-05-02,866,473434,646,244099,169,216045,51,13290,553,73409,313,206203,605,279612,California
Sonoma,2021-05-03,3182,476616,1682,245781,1355,217400,145,13435,1055,72489,2118,208321,1198,280810,California
Sonoma,2021-05-04,4581,481197,2410,248191,1994,219394,177,13612,1478,71056,3083,211404,1650,282460,California
Sonoma,2021-05-05,3666,484863,2184,250375,1289,220683,193,13805,1310,70212,2345,213749,1501,283961,California
Sonoma,2021-05-06,4505,489368,2407,252782,1971,222654,127,13932,1344,68533,3148,216897,1469,285430,California
Sonoma,2021-05-07,3592,492960,2315,255097,1155,223809,122,14054,1087,67247,2495,219392,1209,286639,California
Sonoma,2021-05-08,1847,494807,1256,256353,499,224308,92,14146,752,67000,1091,220483,844,287483,California
Sonoma,2021-05-09,510,495317,294,256647,175,224483,41,14187,182,66898,325,220808,223,287706,California
Sonoma,2021-05-10,2307,497624,1034,257681,1139,225622,134,14321,289,65314,2004,222812,420,288126,California
Sonoma,2021-05-11,3506,501130,1897,259578,1494,227116,115,14436,956,63848,2537,225349,1071,289197,California
Sonoma,2021-05-12,3920,505050,2446,262024,1335,228451,139,14575,854,61785,3056,228405,993,290190,California
Sonoma,2021-05-13,4731,509781,2723,264747,1893,230344,115,14690,1571,60320,3149,231554,1684,291874,California
Sonoma,2021-05-14,5815,515596,3614,268361,2064,232408,137,14827,2233,59123,3568,235122,2371,294245,California
Sonoma,2021-05-15,2926,518522,2154,270515,710,233118,62,14889,1847,59960,1071,236193,1908,296153,California
Sonoma,2021-05-16,1305,519827,1089,271604,157,233275,59,14948,969,60656,332,236525,1028,297181,California
Sonoma,2021-05-17,2448,522275,1822,273426,531,233806,95,15043,965,60237,1478,238003,1059,298240,California
Sonoma,2021-05-18,4316,526591,2851,276277,1356,235162,109,15152,1520,59087,2778,240781,1628,299868,California
Sonoma,2021-05-19,3722,530313,2395,278672,1213,236375,114,15266,1512,58516,2197,242978,1626,301494,California
Sonoma,2021-05-20,3029,533342,2071,280743,866,237241,92,15358,1366,58315,1654,244632,1453,302947,California
Sonoma,2021-05-21,3790,537132,2144,282887,1517,238758,129,15487,1349,57359,2421,247053,1465,304412,California
Sonoma,2021-05-22,2063,539195,1116,284003,908,239666,39,15526,560,56467,1491,248544,599,305011,California
Sonoma,2021-05-23,1113,540308,964,284967,136,239802,13,15539,576,56525,531,249075,589,305600,California
Sonoma,2021-05-24,1927,542235,1210,286177,585,240387,132,15671,645,56050,1251,250326,776,306376,California
Sonoma,2021-05-25,2905,545140,1793,287970,1025,241412,87,15758,779,54802,2111,252437,863,307239,California
Sonoma,2021-05-26,2453,547593,1725,289695,628,242040,100,15858,1009,54475,1433,253870,1106,308345,California
Sonoma,2021-05-27,2052,549645,1130,290825,825,242865,97,15955,765,54058,1278,255148,861,309206,California
Sonoma,2021-05-28,2130,551775,1119,291944,918,243783,93,16048,614,53260,1504,256652,706,309912,California
Sonoma,2021-05-29,1253,553028,836,292780,352,244135,65,16113,624,53327,622,257274,689,310601,California
Sonoma,2021-05-30,343,553371,218,292998,115,244250,10,16123,140,53278,199,257473,150,310751,California
Sonoma,2021-05-31,73,553444,28,293026,44,244294,1,16124,20,53246,53,257526,21,310772,California
Sonoma,2021-06-01,1214,554658,725,293751,433,244727,56,16180,387,52867,819,258345,440,311212,California
Stanislaus,2020-12-15,3,3,3,3,0,0,0,0,3,3,0,0,3,3,California
Stanislaus,2020-12-16,37,40,37,40,0,0,0,0,37,40,0,0,37,40,California
Stanislaus,2020-12-17,75,115,75,115,0,0,0,0,75,115,0,0,75,115,California
Stanislaus,2020-12-18,338,453,332,447,6,6,0,0,338,453,0,0,338,453,California
Stanislaus,2020-12-19,134,587,134,581,0,6,0,0,134,587,0,0,134,587,California
Stanislaus,2020-12-20,86,673,86,667,0,6,0,0,86,673,0,0,86,673,California
Stanislaus,2020-12-21,1000,1673,999,1666,1,7,0,0,999,1672,1,1,1000,1673,California
Stanislaus,2020-12-22,795,2468,783,2449,12,19,0,0,795,2467,0,1,795,2468,California
Stanislaus,2020-12-23,450,2918,432,2881,18,37,0,0,449,2916,1,2,450,2918,California
Stanislaus,2020-12-24,98,3016,89,2970,9,46,0,0,98,3014,0,2,98,3016,California
Stanislaus,2020-12-26,52,3068,9,2979,43,89,0,0,52,3066,0,2,52,3068,California
Stanislaus,2020-12-27,11,3079,6,2985,5,94,0,0,11,3077,0,2,11,3079,California
Stanislaus,2020-12-28,488,3567,395,3380,93,187,0,0,488,3565,0,2,488,3567,California
Stanislaus,2020-12-29,495,4062,415,3795,80,267,0,0,495,4060,0,2,495,4062,California
Stanislaus,2020-12-30,535,4597,280,4075,255,522,0,0,534,4593,1,3,534,4596,California
Stanislaus,2020-12-31,275,4872,156,4231,119,641,0,0,275,4868,0,3,275,4871,California
Stanislaus,2021-01-01,14,4886,5,4236,9,650,0,0,14,4882,0,3,14,4885,California
Stanislaus,2021-01-02,34,4920,26,4262,8,658,0,0,34,4916,0,3,34,4919,California
Stanislaus,2021-01-03,90,5010,87,4349,3,661,0,0,90,5006,0,3,90,5009,California
Stanislaus,2021-01-04,232,5242,152,4501,80,741,0,0,232,5238,0,3,232,5241,California
Stanislaus,2021-01-05,837,6079,345,4846,492,1233,0,0,812,6034,24,27,820,6061,California
Stanislaus,2021-01-06,1004,7083,600,5446,404,1637,0,0,930,6896,71,98,933,6994,California
Stanislaus,2021-01-07,1079,8162,703,6149,376,2013,0,0,888,7601,185,283,890,7884,California
Stanislaus,2021-01-08,1276,9438,720,6869,556,2569,0,0,932,8198,341,624,938,8822,California
Stanislaus,2021-01-09,288,9726,142,7011,146,2715,0,0,198,8306,90,714,198,9020,California
Stanislaus,2021-01-10,48,9774,22,7033,26,2741,0,0,29,8316,19,733,29,9049,California
Stanislaus,2021-01-11,1499,11273,1218,8251,281,3022,0,0,570,7981,923,1656,588,9637,California
Stanislaus,2021-01-12,1470,12743,864,9115,606,3628,0,0,830,8185,636,2292,840,10477,California
Stanislaus,2021-01-13,1448,14191,689,9804,759,4387,0,0,1123,8995,324,2616,1134,11611,California
Stanislaus,2021-01-14,2238,16429,283,10087,1955,6342,0,0,2066,10962,169,2785,2136,13747,California
Stanislaus,2021-01-15,2829,19258,1162,11249,1667,8009,0,0,2674,13566,151,2936,2755,16502,California
Stanislaus,2021-01-16,473,19731,50,11299,423,8432,0,0,455,14006,17,2953,457,16959,California
Stanislaus,2021-01-17,244,19975,202,11501,42,8474,0,0,237,14237,6,2959,237,17196,California
Stanislaus,2021-01-18,2188,22163,1022,12523,1166,9640,0,0,1798,15724,385,3344,1872,19068,California
Stanislaus,2021-01-19,1255,23418,724,13247,531,10171,0,0,806,16086,445,3789,807,19875,California
Stanislaus,2021-01-20,1012,24430,490,13737,522,10693,0,0,717,16509,294,4083,717,20592,California
Stanislaus,2021-01-21,3693,28123,2977,16714,716,11409,0,0,3365,19659,324,4407,3474,24066,California
Stanislaus,2021-01-22,1095,29218,308,17022,787,12196,0,0,1050,20671,41,4448,1053,25119,California
Stanislaus,2021-01-23,358,29576,44,17066,314,12510,0,0,299,20913,58,4506,300,25419,California
Stanislaus,2021-01-24,302,29878,100,17166,202,12712,0,0,236,21085,66,4572,238,25657,California
Stanislaus,2021-01-25,3158,33036,227,17393,2931,15643,0,0,2829,23771,293,4865,2979,28636,California
Stanislaus,2021-01-26,1729,34765,747,18140,982,16625,0,0,1300,24666,422,5287,1317,29953,California
Stanislaus,2021-01-27,1894,36659,1054,19194,840,17465,0,0,1189,25197,659,5946,1190,31143,California
Stanislaus,2021-01-28,2209,38868,1511,20705,698,18163,0,0,1719,26495,482,6428,1780,32923,California
Stanislaus,2021-01-29,2443,41311,1196,21901,1247,19410,0,0,1911,27969,486,6914,1960,34883,California
Stanislaus,2021-01-30,294,41605,133,22034,161,19571,0,0,230,28146,53,6967,230,35113,California
Stanislaus,2021-01-31,369,41974,315,22349,54,19625,0,0,354,28488,12,6979,354,35467,California
Stanislaus,2021-02-01,1298,43272,586,22935,712,20337,0,0,942,29086,345,7324,943,36410,California
Stanislaus,2021-02-02,1211,44483,348,23283,863,21200,0,0,777,29442,423,7747,779,37189,California
Stanislaus,2021-02-03,2611,47094,1229,24512,1382,22582,0,0,1914,30678,691,8438,1927,39116,California
Stanislaus,2021-02-04,2090,49184,709,25221,1381,23963,0,0,1581,31769,495,8933,1586,40702,California
Stanislaus,2021-02-05,2857,52041,1473,26694,1384,25347,0,0,1593,32171,1204,10137,1606,42308,California
Stanislaus,2021-02-06,886,52927,300,26994,586,25933,0,0,694,32677,190,10327,696,43004,California
Stanislaus,2021-02-07,233,53160,208,27202,25,25958,0,0,43,32534,187,10514,44,43048,California
Stanislaus,2021-02-08,2036,55196,1335,28537,701,26659,0,0,1098,32758,897,11411,1121,44169,California
Stanislaus,2021-02-09,1841,57037,783,29320,1058,27717,0,0,1044,33036,774,12185,1052,45221,California
Stanislaus,2021-02-10,1935,58972,534,29854,1401,29118,0,0,1012,33149,901,13086,1014,46235,California
Stanislaus,2021-02-11,5398,64370,3276,33130,2122,31240,0,0,1233,30435,3953,17039,1239,47474,California
Stanislaus,2021-02-12,3303,67673,916,34046,2387,33627,0,0,1451,30124,1771,18810,1460,48934,California
Stanislaus,2021-02-13,1353,69026,652,34698,701,34328,0,0,982,30744,366,19176,986,49920,California
Stanislaus,2021-02-14,421,69447,167,34865,254,34582,0,0,353,31031,66,19242,353,50273,California
Stanislaus,2021-02-15,1818,71265,230,35095,1588,36170,0,0,582,30495,1122,20364,586,50859,California
Stanislaus,2021-02-16,1363,72628,423,35518,940,37110,0,0,580,30306,771,21135,582,51441,California
Stanislaus,2021-02-17,2756,75384,1688,37206,1068,38178,0,0,1922,31410,829,21964,1933,53374,California
Stanislaus,2021-02-18,3362,78746,1901,39107,1461,39639,0,0,1781,31729,1495,23459,1814,55188,California
Stanislaus,2021-02-19,2765,81511,1069,40176,1696,41335,0,0,1516,32063,1206,24665,1540,56728,California
Stanislaus,2021-02-20,751,82262,382,40558,369,41704,0,0,474,32282,257,24922,476,57204,California
Stanislaus,2021-02-21,906,83168,692,41250,214,41918,0,0,545,32501,337,25259,556,57760,California
Stanislaus,2021-02-22,2349,85517,1696,42946,653,42571,0,0,1631,33436,698,25957,1633,59393,California
Stanislaus,2021-02-23,3745,89262,678,43624,3067,45638,0,0,1739,33340,1846,27803,1750,61143,California
Stanislaus,2021-02-24,4183,93445,2849,46473,1334,46972,0,0,3123,35425,1041,28844,3126,64269,California
Stanislaus,2021-02-25,3953,97398,2716,49189,1237,48209,0,0,3149,37791,786,29630,3152,67421,California
Stanislaus,2021-02-26,4208,101606,1218,50407,2990,51199,0,0,2840,39329,1312,30942,2850,70271,California
Stanislaus,2021-02-27,2092,103698,711,51118,1380,52579,1,1,1859,40986,204,31146,1861,72132,California
Stanislaus,2021-02-28,819,104517,262,51380,557,53136,0,1,769,41716,40,31186,770,72902,California
Stanislaus,2021-03-01,2775,107292,1632,53012,1141,54277,2,3,1630,42255,1104,32290,1643,74545,California
Stanislaus,2021-03-02,2398,109690,1425,54437,972,55249,1,4,1663,43198,723,33013,1666,76211,California
Stanislaus,2021-03-03,3717,113407,2230,56667,1483,56732,4,8,2909,45319,791,33804,2912,79123,California
Stanislaus,2021-03-04,5448,118855,3108,59775,2324,59056,16,24,4197,48308,1220,35024,4209,83332,California
Stanislaus,2021-03-05,4086,122941,1119,60894,2951,62007,16,40,3090,50446,967,35991,3105,86437,California
Stanislaus,2021-03-06,3579,126520,2231,63125,1255,63262,93,133,2723,52412,852,36843,2818,89255,California
Stanislaus,2021-03-07,852,127372,390,63515,426,63688,36,169,663,52928,183,37026,699,89954,California
Stanislaus,2021-03-08,1993,129365,862,64377,1042,64730,89,258,1332,53706,642,37668,1420,91374,California
Stanislaus,2021-03-09,2179,131544,903,65280,1184,65914,92,350,1637,54909,530,38198,1733,93107,California
Stanislaus,2021-03-10,5073,136617,2508,67788,2342,68256,223,573,3744,57579,1310,39508,3980,97087,California
Stanislaus,2021-03-11,5722,142339,3144,70932,2102,70358,476,1049,4127,60760,1426,40934,4607,101694,California
Stanislaus,2021-03-12,5771,148110,1232,72164,2617,72975,1922,2971,2914,62762,2831,43765,4833,106527,California
Stanislaus,2021-03-13,3385,151495,2182,74346,1133,74108,70,3041,2690,64841,687,44452,2766,109293,California
Stanislaus,2021-03-14,997,152492,596,74942,350,74458,51,3092,491,64883,503,44955,545,109838,California
Stanislaus,2021-03-15,3697,156189,1977,76919,1359,75817,361,3453,1608,64865,1993,46948,1975,111813,California
Stanislaus,2021-03-16,4927,161116,2455,79374,2060,77877,412,3865,3548,67466,1358,48306,3959,115772,California
Stanislaus,2021-03-17,4722,165838,2855,82229,1689,79566,178,4043,2884,68724,1810,50116,3068,118840,California
Stanislaus,2021-03-18,5427,171265,3425,85654,1936,81502,66,4109,2932,69385,2342,52458,3003,121843,California
Stanislaus,2021-03-19,5929,177194,1542,87196,2863,84365,1524,5633,3108,71233,2781,55239,4629,126472,California
Stanislaus,2021-03-20,3843,181037,3009,90205,766,85131,68,5701,3365,74196,471,55710,3434,129906,California
Stanislaus,2021-03-21,1005,182042,904,91109,36,85167,65,5766,763,74785,239,55949,828,130734,California
Stanislaus,2021-03-22,2820,184862,1327,92436,768,85935,725,6491,1241,75200,1553,57502,1968,132702,California
Stanislaus,2021-03-23,3950,188812,2023,94459,1667,87602,260,6751,2807,77160,1127,58629,3087,135789,California
Stanislaus,2021-03-24,4556,193368,3224,97683,1264,88866,68,6819,2640,78002,1869,60498,2711,138500,California
Stanislaus,2021-03-25,4255,197623,2925,100608,1313,90179,17,6836,1817,77477,2360,62858,1835,140335,California
Stanislaus,2021-03-26,4755,202378,1337,101945,3343,93522,75,6911,2380,77603,2342,65200,2468,142803,California
Stanislaus,2021-03-27,4414,206792,2743,104688,1589,95111,82,6993,1392,76081,3004,68204,1482,144285,California
Stanislaus,2021-03-28,1107,207899,443,105131,557,95668,107,7100,323,75745,772,68976,436,144721,California
Stanislaus,2021-03-29,2983,210882,1830,106961,1114,96782,39,7139,1987,76791,986,69962,2032,146753,California
Stanislaus,2021-03-30,3684,214566,2069,109030,1588,98370,27,7166,2238,77625,1437,71399,2271,149024,California
Stanislaus,2021-03-31,5425,219991,3852,112882,1455,99825,118,7284,2772,77885,2634,74033,2894,151918,California
Stanislaus,2021-04-01,5743,225734,3836,116718,1816,101641,91,7375,2628,77519,3096,77129,2730,154648,California
Stanislaus,2021-04-02,5009,230743,1212,117930,3642,105283,155,7530,2234,77233,2686,79815,2400,157048,California
Stanislaus,2021-04-03,4547,235290,3303,121233,1207,106490,37,7567,2242,77230,2295,82110,2292,159340,California
Stanislaus,2021-04-04,1319,236609,471,121704,818,107308,30,7597,651,77253,662,82772,685,160025,California
Stanislaus,2021-04-05,3640,240249,2534,124238,856,108164,250,7847,2357,78591,1273,84045,2611,162636,California
Stanislaus,2021-04-06,5750,245999,4169,128407,1305,109469,276,8123,3074,79284,2663,86708,3356,165992,California
Stanislaus,2021-04-07,6350,252349,3601,132008,2327,111796,422,8545,2830,79038,3504,90212,3258,169250,California
Stanislaus,2021-04-08,5677,258026,3320,135328,1925,113721,432,8977,2769,79357,2885,93097,3204,172454,California
Stanislaus,2021-04-09,4820,262846,2107,137435,2341,116062,372,9349,2184,79313,2613,95710,2569,175023,California
Stanislaus,2021-04-10,6482,269328,3983,141418,860,116922,1639,10988,1998,78485,4458,100168,3630,178653,California
Stanislaus,2021-04-11,1524,270852,850,142268,541,117463,133,11121,668,78433,854,101022,802,179455,California
Stanislaus,2021-04-12,3594,274446,2045,144313,1102,118565,447,11568,1870,79054,1704,102726,2325,181780,California
Stanislaus,2021-04-13,5196,279642,3419,147732,1764,120329,13,11581,2918,79740,2238,104964,2924,184704,California
Stanislaus,2021-04-14,4653,284295,3253,150985,1398,121727,2,11583,2257,79639,2364,107328,2263,186967,California
Stanislaus,2021-04-15,5388,289683,3315,154300,2071,123798,2,11585,3239,80771,2110,109438,3242,190209,California
Stanislaus,2021-04-16,4311,293994,998,155298,3312,127110,1,11586,1822,80149,2447,111885,1825,192034,California
Stanislaus,2021-04-17,3158,297152,2122,157420,1036,128146,0,11586,1836,80677,1311,113196,1839,193873,California
Stanislaus,2021-04-18,535,297687,221,157641,314,128460,0,11586,410,80971,118,113314,412,194285,California
Stanislaus,2021-04-19,3458,301145,2450,160091,1007,129467,1,11587,1637,80826,1790,115104,1645,195930,California
Stanislaus,2021-04-20,3977,305122,2417,162508,1560,131027,0,11587,1734,80348,2214,117318,1736,197666,California
Stanislaus,2021-04-21,3826,308948,2558,165066,1267,132294,1,11588,1599,79766,2188,119506,1606,199272,California
Stanislaus,2021-04-22,3945,312893,2401,167467,1544,133838,0,11588,1570,79010,2331,121837,1575,200847,California
Stanislaus,2021-04-23,3591,316484,844,168311,2746,136584,1,11589,1461,78440,2039,123876,1469,202316,California
Stanislaus,2021-04-24,3782,320266,2928,171239,854,137438,0,11589,1788,78256,1977,125853,1793,204109,California
Stanislaus,2021-04-25,935,321201,478,171717,457,137895,0,11589,685,78701,244,126097,689,204798,California
Stanislaus,2021-04-26,3252,324453,2288,174005,958,138853,6,11595,964,77407,2268,128365,974,205772,California
Stanislaus,2021-04-27,3950,328403,2754,176759,1154,140007,42,11637,1118,75761,2807,131172,1161,206933,California
Stanislaus,2021-04-28,4242,332645,3011,179770,1169,141176,62,11699,1823,75254,2400,133572,1893,208826,California
Stanislaus,2021-04-29,3609,336254,2249,182019,1312,142488,48,11747,1424,74565,2170,135742,1481,210307,California
Stanislaus,2021-04-30,4493,340747,2045,184064,2364,144852,84,11831,1775,73726,2706,138448,1867,212174,California
Stanislaus,2021-05-01,2704,343451,1922,185986,742,145594,40,11871,1012,73102,1684,140132,1060,213234,California
Stanislaus,2021-05-02,1078,344529,618,186604,424,146018,36,11907,524,73120,548,140680,566,213800,California
Stanislaus,2021-05-03,2412,346941,1926,188530,416,146434,70,11977,910,72616,1488,142168,984,214784,California
Stanislaus,2021-05-04,3467,350408,2467,190997,911,147345,89,12066,1069,71394,2386,144554,1164,215948,California
Stanislaus,2021-05-05,3180,353588,2129,193126,976,148321,75,12141,1082,70476,2079,146633,1161,217109,California
Stanislaus,2021-05-06,3116,356704,2319,195445,688,149009,109,12250,1015,69524,2083,148716,1131,218240,California
Stanislaus,2021-05-07,2304,359008,887,196332,1256,150265,161,12411,939,69269,1357,150073,1102,219342,California
Stanislaus,2021-05-08,1962,360970,1342,197674,587,150852,33,12444,713,68788,1234,151307,753,220095,California
Stanislaus,2021-05-09,707,361677,338,198012,343,151195,26,12470,305,68719,400,151707,331,220426,California
Stanislaus,2021-05-10,1657,363334,1135,199147,444,151639,78,12548,447,68046,1199,152906,526,220952,California
Stanislaus,2021-05-11,2333,365667,1472,200619,705,152344,156,12704,659,67202,1663,154569,819,221771,California
Stanislaus,2021-05-12,2141,367808,1215,201834,826,153170,100,12804,825,66826,1303,155872,927,222698,California
Stanislaus,2021-05-13,1850,369658,1023,202857,712,153882,115,12919,842,66781,1003,156875,958,223656,California
Stanislaus,2021-05-14,2594,372252,1157,204014,1303,155185,134,13053,1196,66731,1381,158256,1331,224987,California
Stanislaus,2021-05-15,2479,374731,1774,205788,655,155840,50,13103,1203,66726,1266,159522,1261,226248,California
Stanislaus,2021-05-16,1015,375746,661,206449,346,156186,8,13111,553,66835,456,159978,565,226813,California
Stanislaus,2021-05-17,1929,377675,1294,207743,554,156740,81,13192,977,66950,946,160924,1061,227874,California
Stanislaus,2021-05-18,2199,379874,1502,209245,583,157323,114,13306,1182,67240,1005,161929,1295,229169,California
Stanislaus,2021-05-19,3017,382891,2065,211310,802,158125,150,13456,1350,67087,1658,163587,1505,230674,California
Stanislaus,2021-05-20,1843,384734,966,212276,777,158902,100,13556,765,66885,1071,164658,869,231543,California
Stanislaus,2021-05-21,2067,386801,966,213242,1009,159911,92,13648,850,66626,1202,165860,943,232486,California
Stanislaus,2021-05-22,1669,388470,1005,214247,597,160508,67,13715,742,66514,920,166780,808,233294,California
Stanislaus,2021-05-23,863,389333,560,214807,291,160799,12,13727,403,66472,457,167237,415,233709,California
Stanislaus,2021-05-24,1551,390884,1063,215870,412,161211,76,13803,599,66207,948,168185,683,234392,California
Stanislaus,2021-05-25,1684,392568,1154,217024,434,161645,96,13899,826,66273,856,169041,922,235314,California
Stanislaus,2021-05-26,1867,394435,1173,218197,642,162287,52,13951,889,66245,969,170010,941,236255,California
Stanislaus,2021-05-27,1696,396131,932,219129,694,162981,70,14021,638,65904,1049,171059,708,236963,California
Stanislaus,2021-05-28,1924,398055,868,219997,979,163960,77,14098,840,65744,1078,172137,918,237881,California
Stanislaus,2021-05-29,1287,399342,826,220823,419,164379,42,14140,591,65688,692,172829,636,238517,California
Stanislaus,2021-05-30,437,399779,266,221089,138,164517,33,14173,203,65694,231,173060,237,238754,California
Stanislaus,2021-05-31,256,400035,120,221209,128,164645,8,14181,94,65635,161,173221,102,238856,California
Stanislaus,2021-06-01,744,400779,505,221714,204,164849,35,14216,234,65398,507,173728,270,239126,California
Sutter,2020-12-15,1,1,1,1,0,0,0,0,1,1,0,0,1,1,California
Sutter,2020-12-16,4,5,4,5,0,0,0,0,4,5,0,0,4,5,California
Sutter,2020-12-17,2,7,2,7,0,0,0,0,2,7,0,0,2,7,California
Sutter,2020-12-18,20,27,20,27,0,0,0,0,20,27,0,0,20,27,California
Sutter,2020-12-19,44,71,44,71,0,0,0,0,44,71,0,0,44,71,California
Sutter,2020-12-20,42,113,42,113,0,0,0,0,42,113,0,0,42,113,California
Sutter,2020-12-21,100,213,100,213,0,0,0,0,100,213,0,0,100,213,California
Sutter,2020-12-22,172,385,172,385,0,0,0,0,172,385,0,0,172,385,California
Sutter,2020-12-23,116,501,111,496,5,5,0,0,116,501,0,0,116,501,California
Sutter,2020-12-24,17,518,11,507,6,11,0,0,17,518,0,0,17,518,California
Sutter,2020-12-26,38,556,34,541,4,15,0,0,38,556,0,0,38,556,California
Sutter,2020-12-27,24,580,23,564,1,16,0,0,24,580,0,0,24,580,California
Sutter,2020-12-28,83,663,55,619,28,44,0,0,83,663,0,0,83,663,California
Sutter,2020-12-29,101,764,14,633,87,131,0,0,101,764,0,0,101,764,California
Sutter,2020-12-30,137,901,34,667,103,234,0,0,137,901,0,0,137,901,California
Sutter,2020-12-31,70,971,6,673,64,298,0,0,70,971,0,0,70,971,California
Sutter,2021-01-01,3,974,3,676,0,298,0,0,3,974,0,0,3,974,California
Sutter,2021-01-02,131,1105,129,805,2,300,0,0,131,1105,0,0,131,1105,California
Sutter,2021-01-03,1,1106,0,805,1,301,0,0,1,1106,0,0,1,1106,California
Sutter,2021-01-04,247,1353,139,944,108,409,0,0,247,1353,0,0,247,1353,California
Sutter,2021-01-05,101,1454,57,1001,44,453,0,0,99,1450,2,2,99,1452,California
Sutter,2021-01-06,204,1658,50,1051,154,607,0,0,199,1644,5,7,199,1651,California
Sutter,2021-01-07,251,1909,151,1202,100,707,0,0,242,1878,8,15,242,1893,California
Sutter,2021-01-08,149,2058,40,1242,109,816,0,0,132,1993,17,32,132,2025,California
Sutter,2021-01-09,46,2104,43,1285,3,819,0,0,5,1957,41,73,5,2030,California
Sutter,2021-01-10,397,2501,37,1322,360,1179,0,0,359,2279,37,110,359,2389,California
Sutter,2021-01-11,132,2633,114,1436,18,1197,0,0,26,2199,106,216,26,2415,California
Sutter,2021-01-12,201,2834,164,1600,37,1234,0,0,58,2114,143,359,58,2473,California
Sutter,2021-01-13,162,2996,99,1699,63,1297,0,0,72,2097,89,448,72,2545,California
Sutter,2021-01-14,147,3143,51,1750,96,1393,0,0,128,2206,19,467,128,2673,California
Sutter,2021-01-15,438,3581,133,1883,305,1698,0,0,423,2614,15,482,423,3096,California
Sutter,2021-01-16,384,3965,41,1924,343,2041,0,0,353,2937,30,512,353,3449,California
Sutter,2021-01-17,26,3991,24,1948,2,2043,0,0,10,2931,16,528,10,3459,California
Sutter,2021-01-18,118,4109,63,2011,55,2098,0,0,70,2953,48,576,70,3529,California
Sutter,2021-01-19,103,4212,42,2053,61,2159,0,0,79,3008,24,600,79,3608,California
Sutter,2021-01-20,270,4482,206,2259,64,2223,0,0,250,3238,20,620,250,3858,California
Sutter,2021-01-21,486,4968,317,2576,169,2392,0,0,467,3686,19,639,467,4325,California
Sutter,2021-01-22,239,5207,52,2628,187,2579,0,0,230,3907,9,648,230,4555,California
Sutter,2021-01-23,396,5603,39,2667,357,2936,0,0,370,4251,26,674,370,4925,California
Sutter,2021-01-24,17,5620,14,2681,3,2939,0,0,15,4264,2,676,15,4940,California
Sutter,2021-01-25,306,5926,196,2877,110,3049,0,0,151,4261,154,830,151,5091,California
Sutter,2021-01-26,248,6174,108,2985,140,3189,0,0,144,4302,103,933,144,5235,California
Sutter,2021-01-27,386,6560,255,3240,131,3320,0,0,320,4556,66,999,320,5555,California
Sutter,2021-01-28,584,7144,361,3601,223,3543,0,0,409,4791,174,1173,409,5964,California
Sutter,2021-01-29,360,7504,86,3687,274,3817,0,0,240,4911,120,1293,240,6204,California
Sutter,2021-01-30,775,8279,38,3725,737,4554,0,0,764,5664,11,1304,764,6968,California
Sutter,2021-01-31,28,8307,27,3752,1,4555,0,0,28,5692,0,1304,28,6996,California
Sutter,2021-02-01,166,8473,50,3802,116,4671,0,0,135,5796,31,1335,135,7131,California
Sutter,2021-02-02,243,8716,26,3828,217,4888,0,0,211,5975,32,1367,211,7342,California
Sutter,2021-02-03,444,9160,39,3867,405,5293,0,0,210,5951,234,1601,210,7552,California
Sutter,2021-02-04,669,9829,365,4232,304,5597,0,0,619,6520,50,1651,619,8171,California
Sutter,2021-02-05,287,10116,32,4264,255,5852,0,0,136,6505,151,1802,136,8307,California
Sutter,2021-02-06,736,10852,29,4293,707,6559,0,0,714,7197,22,1824,714,9021,California
Sutter,2021-02-07,23,10875,20,4313,3,6562,0,0,19,7212,4,1828,19,9040,California
Sutter,2021-02-08,134,11009,29,4342,105,6667,0,0,98,7274,36,1864,98,9138,California
Sutter,2021-02-09,246,11255,45,4387,201,6868,0,0,184,7396,62,1926,184,9322,California
Sutter,2021-02-10,819,12074,380,4767,439,7307,0,0,177,6932,641,2567,177,9499,California
Sutter,2021-02-11,604,12678,275,5042,329,7636,0,0,346,7020,258,2825,346,9845,California
Sutter,2021-02-12,633,13311,67,5109,566,8202,0,0,310,7008,322,3147,310,10155,California
Sutter,2021-02-13,897,14208,48,5157,849,9051,0,0,781,7673,116,3263,781,10936,California
Sutter,2021-02-14,90,14298,25,5182,65,9116,0,0,79,7741,11,3274,79,11015,California
Sutter,2021-02-15,197,14495,72,5254,125,9241,0,0,118,7780,79,3353,118,11133,California
Sutter,2021-02-16,288,14783,45,5299,243,9484,0,0,204,7901,83,3436,204,11337,California
Sutter,2021-02-17,823,15606,428,5727,395,9879,0,0,129,7336,694,4130,129,11466,California
Sutter,2021-02-18,701,16307,55,5782,646,10525,0,0,489,7614,211,4341,489,11955,California
Sutter,2021-02-19,662,16969,377,6159,285,10810,0,0,460,7874,200,4541,460,12415,California
Sutter,2021-02-20,620,17589,55,6214,565,11375,0,0,517,8289,102,4643,517,12932,California
Sutter,2021-02-21,30,17619,27,6241,3,11378,0,0,7,8273,23,4666,7,12939,California
Sutter,2021-02-22,207,17826,122,6363,85,11463,0,0,87,8240,120,4786,87,13026,California
Sutter,2021-02-23,223,18049,33,6396,190,11653,0,0,97,8211,126,4912,97,13123,California
Sutter,2021-02-24,965,19014,349,6745,616,12269,0,0,194,7635,770,5682,194,13317,California
Sutter,2021-02-25,785,19799,498,7243,287,12556,0,0,604,8061,178,5860,604,13921,California
Sutter,2021-02-26,374,20173,61,7304,313,12869,0,0,155,7999,217,6077,155,14076,California
Sutter,2021-02-27,865,21038,45,7349,820,13689,0,0,710,8552,157,6234,710,14786,California
Sutter,2021-02-28,84,21122,38,7387,46,13735,0,0,64,8597,19,6253,64,14850,California
Sutter,2021-03-01,249,21371,62,7449,187,13922,0,0,152,8652,97,6350,152,15002,California
Sutter,2021-03-02,334,21705,57,7506,277,14199,0,0,160,8639,173,6523,160,15162,California
Sutter,2021-03-03,1385,23090,514,8020,871,15070,0,0,646,8552,733,7256,646,15808,California
Sutter,2021-03-04,1256,24346,867,8887,389,15459,0,0,948,9196,304,7560,948,16756,California
Sutter,2021-03-05,338,24684,79,8966,258,15717,1,1,206,9271,132,7692,207,16963,California
Sutter,2021-03-06,1023,25707,46,9012,972,16689,5,6,860,9973,163,7855,865,17828,California
Sutter,2021-03-07,64,25771,23,9035,40,16729,1,7,44,9998,20,7875,45,17873,California
Sutter,2021-03-08,226,25997,79,9114,135,16864,12,19,157,10098,69,7944,169,18042,California
Sutter,2021-03-09,386,26383,138,9252,235,17099,13,32,184,10093,202,8146,197,18239,California
Sutter,2021-03-10,1569,27952,681,9933,827,17926,61,93,525,9638,1041,9187,586,18825,California
Sutter,2021-03-11,894,28846,441,10374,434,18360,19,112,648,10062,243,9430,667,19492,California
Sutter,2021-03-12,673,29519,110,10484,381,18741,182,294,198,9968,472,9902,378,19870,California
Sutter,2021-03-13,985,30504,749,11233,218,18959,18,312,781,10564,202,10104,798,20668,California
Sutter,2021-03-14,130,30634,22,11255,97,19056,11,323,44,10533,86,10190,55,20723,California
Sutter,2021-03-15,320,30954,66,11321,205,19261,49,372,153,10570,165,10355,202,20925,California
Sutter,2021-03-16,392,31346,86,11407,259,19520,47,419,213,10650,179,10534,259,21184,California
Sutter,2021-03-17,1498,32844,563,11970,914,20434,21,440,313,9807,1176,11710,333,21517,California
Sutter,2021-03-18,973,33817,182,12152,589,21023,202,642,571,10179,400,12110,772,22289,California
Sutter,2021-03-19,463,34280,165,12317,269,21292,29,671,284,10315,177,12287,313,22602,California
Sutter,2021-03-20,949,35229,116,12433,822,22114,11,682,860,11097,89,12376,871,23473,California
Sutter,2021-03-21,67,35296,47,12480,17,22131,3,685,37,11107,30,12406,40,23513,California
Sutter,2021-03-22,289,35585,121,12601,142,22273,26,711,213,11271,75,12481,239,23752,California
Sutter,2021-03-23,377,35962,115,12716,230,22503,32,743,256,11437,121,12602,287,24039,California
Sutter,2021-03-24,1685,37647,772,13488,843,23346,70,813,314,10464,1357,13959,384,24423,California
Sutter,2021-03-25,1042,38689,680,14168,319,23665,43,856,370,10208,669,14628,413,24836,California
Sutter,2021-03-26,491,39180,174,14342,300,23965,17,873,296,10329,192,14820,313,25149,California
Sutter,2021-03-27,928,40108,63,14405,863,24828,2,875,821,11048,104,14924,823,25972,California
Sutter,2021-03-28,125,40233,71,14476,54,24882,0,875,77,11079,46,14970,77,26049,California
Sutter,2021-03-29,429,40662,145,14621,229,25111,55,930,226,11159,201,15171,281,26330,California
Sutter,2021-03-30,479,41141,160,14781,309,25420,10,940,317,11324,162,15333,327,26657,California
Sutter,2021-03-31,1253,42394,177,14958,1060,26480,16,956,450,10998,792,16125,466,27123,California
Sutter,2021-04-01,1384,43778,738,15696,459,26939,187,1143,428,10665,949,17074,616,27739,California
Sutter,2021-04-02,511,44289,99,15795,294,27233,118,1261,201,10672,308,17382,315,28054,California
Sutter,2021-04-03,910,45199,77,15872,210,27443,623,1884,121,10629,787,18169,744,28798,California
Sutter,2021-04-04,118,45317,22,15894,90,27533,6,1890,55,10627,63,18232,61,28859,California
Sutter,2021-04-05,369,45686,146,16040,187,27720,36,1926,178,10653,188,18420,214,29073,California
Sutter,2021-04-06,510,46196,198,16238,256,27976,56,1982,273,10747,236,18656,330,29403,California
Sutter,2021-04-07,1484,47680,884,17122,525,28501,75,2057,615,10581,862,19518,696,30099,California
Sutter,2021-04-08,1053,48733,584,17706,356,28857,113,2170,578,10803,471,19989,693,30792,California
Sutter,2021-04-09,569,49302,250,17956,254,29111,65,2235,240,10783,327,20316,307,31099,California
Sutter,2021-04-10,825,50127,108,18064,88,29199,629,2864,108,10798,714,21030,729,31828,California
Sutter,2021-04-11,112,50239,28,18092,40,29239,44,2908,33,10795,79,21109,76,31904,California
Sutter,2021-04-12,336,50575,91,18183,191,29430,54,2962,134,10781,202,21311,188,32092,California
Sutter,2021-04-13,429,51004,127,18310,302,29732,0,2962,211,10776,216,21527,211,32303,California
Sutter,2021-04-14,1293,52297,160,18470,1132,30864,1,2963,214,9919,1073,22600,216,32519,California
Sutter,2021-04-15,535,52832,174,18644,361,31225,0,2963,213,9812,320,22920,213,32732,California
Sutter,2021-04-16,394,53226,125,18769,269,31494,0,2963,181,9781,212,23132,181,32913,California
Sutter,2021-04-17,578,53804,84,18853,494,31988,0,2963,507,10218,70,23202,507,33420,California
Sutter,2021-04-18,70,53874,11,18864,59,32047,0,2963,43,10235,26,23228,43,33463,California
Sutter,2021-04-19,289,54163,111,18975,178,32225,0,2963,119,10186,168,23396,119,33582,California
Sutter,2021-04-20,413,54576,134,19109,279,32504,0,2963,200,10174,212,23608,200,33782,California
Sutter,2021-04-21,1233,55809,420,19529,813,33317,0,2963,477,9904,747,24355,477,34259,California
Sutter,2021-04-22,483,56292,165,19694,318,33635,0,2963,250,9923,231,24586,250,34509,California
Sutter,2021-04-23,399,56691,115,19809,284,33919,0,2963,186,9898,211,24797,186,34695,California
Sutter,2021-04-24,326,57017,105,19914,220,34139,1,2964,185,9943,140,24937,185,34880,California
Sutter,2021-04-25,157,57174,75,19989,82,34221,0,2964,86,9960,69,25006,86,34966,California
Sutter,2021-04-26,287,57461,87,20076,198,34419,2,2966,121,9919,164,25170,123,35089,California
Sutter,2021-04-27,527,57988,266,20342,257,34676,4,2970,242,9883,282,25452,246,35335,California
Sutter,2021-04-28,819,58807,342,20684,469,35145,8,2978,261,9599,553,26005,269,35604,California
Sutter,2021-04-29,774,59581,136,20820,637,35782,1,2979,310,9449,461,26466,311,35915,California
Sutter,2021-04-30,358,59939,109,20929,236,36018,13,2992,146,9398,209,26675,158,36073,California
Sutter,2021-05-01,295,60234,106,21035,148,36166,41,3033,125,9397,167,26842,166,36239,California
Sutter,2021-05-02,81,60315,53,21088,26,36192,2,3035,46,9410,35,26877,48,36287,California
Sutter,2021-05-03,170,60485,108,21196,53,36245,9,3044,70,9389,100,26977,79,36366,California
Sutter,2021-05-04,523,61008,236,21432,222,36467,65,3109,222,9377,298,27275,286,36652,California
Sutter,2021-05-05,536,61544,143,21575,385,36852,8,3117,158,9172,371,27646,166,36818,California
Sutter,2021-05-06,426,61970,231,21806,175,37027,20,3137,192,9150,234,27880,212,37030,California
Sutter,2021-05-07,407,62377,146,21952,239,37266,22,3159,153,9073,252,28132,175,37205,California
Sutter,2021-05-08,196,62573,49,22001,141,37407,6,3165,106,9095,90,28222,112,37317,California
Sutter,2021-05-09,81,62654,52,22053,24,37431,5,3170,56,9131,25,28247,61,37378,California
Sutter,2021-05-10,188,62842,42,22095,129,37560,17,3187,47,9056,139,28386,64,37442,California
Sutter,2021-05-11,433,63275,212,22307,203,37763,18,3205,180,9003,250,28636,197,37639,California
Sutter,2021-05-12,397,63672,211,22518,177,37940,9,3214,134,8887,259,28895,143,37782,California
Sutter,2021-05-13,442,64114,228,22746,192,38132,22,3236,170,8810,269,29164,192,37974,California
Sutter,2021-05-14,435,64549,184,22930,235,38367,16,3252,214,8824,216,29380,230,38204,California
Sutter,2021-05-15,840,65389,308,23238,501,38868,31,3283,305,8626,534,29914,336,38540,California
Sutter,2021-05-16,137,65526,82,23320,47,38915,8,3291,75,8648,61,29975,83,38623,California
Sutter,2021-05-17,289,65815,114,23434,161,39076,14,3305,154,8682,134,30109,168,38791,California
Sutter,2021-05-18,537,66352,311,23745,222,39298,4,3309,294,8740,240,30349,298,39089,California
Sutter,2021-05-19,463,66815,265,24010,191,39489,7,3316,246,8779,214,30563,253,39342,California
Sutter,2021-05-20,405,67220,220,24230,173,39662,12,3328,201,8790,202,30765,213,39555,California
Sutter,2021-05-21,455,67675,211,24441,232,39894,12,3340,221,8791,231,30996,232,39787,California
Sutter,2021-05-22,308,67983,175,24616,130,40024,3,3343,151,8790,154,31150,153,39940,California
Sutter,2021-05-23,154,68137,73,24689,74,40098,7,3350,77,8803,71,31221,84,40024,California
Sutter,2021-05-24,233,68370,89,24778,123,40221,21,3371,103,8801,126,31347,124,40148,California
Sutter,2021-05-25,402,68772,195,24973,192,40413,15,3386,171,8761,226,31573,186,40334,California
Sutter,2021-05-26,339,69111,173,25146,155,40568,11,3397,134,8706,200,31773,145,40479,California
Sutter,2021-05-27,441,69552,119,25265,303,40871,19,3416,131,8550,306,32079,150,40629,California
Sutter,2021-05-28,325,69877,161,25426,154,41025,10,3426,173,8587,146,32225,183,40812,California
Sutter,2021-05-29,248,70125,117,25543,116,41141,15,3441,136,8631,107,32332,151,40963,California
Sutter,2021-05-30,84,70209,63,25606,19,41160,2,3443,51,8651,33,32365,53,41016,California
Sutter,2021-05-31,17,70226,1,25607,13,41173,3,3446,5,8647,12,32377,8,41024,California
Sutter,2021-06-01,133,70359,13,25620,113,41286,7,3453,51,8624,81,32458,58,41082,California
Tehama,2020-12-15,1,1,1,1,0,0,0,0,1,1,0,0,1,1,California
Tehama,2020-12-16,2,3,2,3,0,0,0,0,2,3,0,0,2,3,California
Tehama,2020-12-17,12,15,12,15,0,0,0,0,12,15,0,0,12,15,California
Tehama,2020-12-18,2,17,2,17,0,0,0,0,3,18,0,0,3,18,California
Tehama,2020-12-21,33,50,33,50,0,0,0,0,33,51,0,0,33,51,California
Tehama,2020-12-22,68,118,62,112,6,6,0,0,68,119,0,0,68,119,California
Tehama,2020-12-23,49,167,41,153,8,14,0,0,49,168,0,0,49,168,California
Tehama,2020-12-24,5,172,3,156,2,16,0,0,5,173,0,0,5,173,California
Tehama,2020-12-26,3,175,2,158,1,17,0,0,3,176,0,0,3,176,California
Tehama,2020-12-27,2,177,2,160,0,17,0,0,2,178,0,0,2,178,California
Tehama,2020-12-28,56,233,43,203,13,30,0,0,56,234,0,0,56,234,California
Tehama,2020-12-29,31,264,31,234,0,30,0,0,31,265,0,0,31,265,California
Tehama,2020-12-30,54,318,38,272,16,46,0,0,53,318,0,0,53,318,California
Tehama,2020-12-31,14,332,4,276,10,56,0,0,14,332,0,0,14,332,California
Tehama,2021-01-01,2,334,0,276,2,58,0,0,2,334,0,0,2,334,California
Tehama,2021-01-04,32,366,9,285,23,81,0,0,32,366,0,0,32,366,California
Tehama,2021-01-05,70,436,43,328,27,108,0,0,67,430,3,3,67,433,California
Tehama,2021-01-06,71,507,21,349,50,158,0,0,62,484,8,11,62,495,California
Tehama,2021-01-07,57,564,7,356,50,208,0,0,56,539,1,12,56,551,California
Tehama,2021-01-08,33,597,24,380,9,217,0,0,28,562,5,17,28,579,California
Tehama,2021-01-09,7,604,5,385,2,219,0,0,5,565,2,19,5,584,California
Tehama,2021-01-10,1,605,0,385,1,220,0,0,1,566,0,19,1,585,California
Tehama,2021-01-11,48,653,46,431,2,222,0,0,15,548,33,52,15,600,California
Tehama,2021-01-12,131,784,111,542,20,242,0,0,86,589,45,97,86,686,California
Tehama,2021-01-13,73,857,55,597,18,260,0,0,27,570,46,143,27,713,California
Tehama,2021-01-14,224,1081,50,647,174,434,0,0,222,790,2,145,222,935,California
Tehama,2021-01-15,249,1330,74,721,175,609,0,0,245,1031,4,149,245,1180,California
Tehama,2021-01-16,263,1593,19,740,244,853,0,0,260,1288,3,152,260,1440,California
Tehama,2021-01-17,6,1599,2,742,4,857,0,0,4,1290,2,154,4,1444,California
Tehama,2021-01-18,10,1609,6,748,4,861,0,0,5,1290,5,159,5,1449,California
Tehama,2021-01-19,291,1900,65,813,226,1087,0,0,236,1471,55,214,236,1685,California
Tehama,2021-01-20,301,2201,87,900,214,1301,0,0,251,1673,49,263,251,1936,California
Tehama,2021-01-21,215,2416,11,911,204,1505,0,0,205,1868,10,273,205,2141,California
Tehama,2021-01-22,223,2639,21,932,202,1707,0,0,220,2085,3,276,220,2361,California
Tehama,2021-01-23,258,2897,7,939,251,1958,0,0,257,2341,1,277,257,2618,California
Tehama,2021-01-24,1,2898,1,940,0,1958,0,0,1,2342,0,277,1,2619,California
Tehama,2021-01-25,32,2930,14,954,18,1976,0,0,14,2338,18,295,14,2633,California
Tehama,2021-01-26,324,3254,42,996,282,2258,0,0,287,2588,37,332,287,2920,California
Tehama,2021-01-27,299,3553,21,1017,278,2536,0,0,279,2847,20,352,279,3199,California
Tehama,2021-01-28,340,3893,29,1046,311,2847,0,0,325,3157,15,367,325,3524,California
Tehama,2021-01-29,321,4214,19,1065,302,3149,0,0,304,3444,17,384,304,3828,California
Tehama,2021-01-30,103,4317,2,1067,101,3250,0,0,102,3545,1,385,102,3930,California
Tehama,2021-01-31,1,4318,0,1067,1,3251,0,0,1,3546,0,385,1,3931,California
Tehama,2021-02-01,78,4396,22,1089,56,3307,0,0,36,3540,42,427,36,3967,California
Tehama,2021-02-02,352,4748,63,1152,289,3596,0,0,255,3698,97,524,255,4222,California
Tehama,2021-02-03,389,5137,12,1164,377,3973,0,0,345,3999,44,568,345,4567,California
Tehama,2021-02-04,486,5623,99,1263,387,4360,0,0,405,4324,81,649,406,4973,California
Tehama,2021-02-05,177,5800,73,1336,104,4464,0,0,115,4377,62,711,115,5088,California
Tehama,2021-02-06,28,5828,13,1349,15,4479,0,0,16,4381,12,723,16,5104,California
Tehama,2021-02-07,5,5833,4,1353,1,4480,0,0,2,4380,3,726,2,5106,California
Tehama,2021-02-08,36,5869,14,1367,22,4502,0,0,27,4398,9,735,27,5133,California
Tehama,2021-02-09,78,5947,34,1401,44,4546,0,0,44,4408,34,769,44,5177,California
Tehama,2021-02-10,233,6180,62,1463,171,4717,0,0,157,4489,76,845,157,5334,California
Tehama,2021-02-11,221,6401,16,1479,205,4922,0,0,82,4434,137,982,82,5416,California
Tehama,2021-02-12,367,6768,66,1545,301,5223,0,0,175,4417,192,1174,175,5591,California
Tehama,2021-02-13,385,7153,13,1558,372,5595,0,0,147,4326,238,1412,147,5738,California
Tehama,2021-02-14,35,7188,2,1560,33,5628,0,0,33,4357,2,1414,33,5771,California
Tehama,2021-02-15,53,7241,10,1570,43,5671,0,0,47,4398,6,1420,47,5818,California
Tehama,2021-02-16,242,7483,16,1586,226,5897,0,0,60,4276,182,1602,60,5878,California
Tehama,2021-02-17,280,7763,12,1598,268,6165,0,0,54,4104,226,1828,54,5932,California
Tehama,2021-02-18,370,8133,32,1630,338,6503,0,0,145,4024,225,2053,145,6077,California
Tehama,2021-02-19,214,8347,18,1648,196,6699,0,0,43,3896,171,2224,43,6120,California
Tehama,2021-02-20,272,8619,7,1655,265,6964,0,0,27,3678,245,2469,27,6147,California
Tehama,2021-02-21,1,8620,1,1656,0,6964,0,0,1,3679,0,2469,1,6148,California
Tehama,2021-02-22,39,8659,15,1671,24,6988,0,0,26,3692,13,2482,26,6174,California
Tehama,2021-02-23,46,8705,19,1690,27,7015,0,0,26,3698,20,2502,26,6200,California
Tehama,2021-02-24,300,9005,13,1703,287,7302,0,0,27,3452,273,2775,27,6227,California
Tehama,2021-02-25,376,9381,60,1763,316,7618,0,0,39,3154,337,3112,39,6266,California
Tehama,2021-02-26,455,9836,19,1782,436,8054,0,0,70,2839,385,3497,70,6336,California
Tehama,2021-02-27,295,10131,5,1787,290,8344,0,0,34,2612,261,3758,34,6370,California
Tehama,2021-02-28,23,10154,2,1789,21,8365,0,0,20,2629,3,3761,20,6390,California
Tehama,2021-03-01,67,10221,8,1797,59,8424,0,0,33,2628,34,3795,33,6423,California
Tehama,2021-03-02,141,10362,18,1815,123,8547,0,0,30,2547,111,3906,30,6453,California
Tehama,2021-03-03,151,10513,33,1848,118,8665,0,0,48,2492,103,4009,48,6501,California
Tehama,2021-03-04,632,11145,36,1884,596,9261,0,0,221,2309,404,4413,221,6722,California
Tehama,2021-03-05,401,11546,19,1903,382,9643,0,0,216,2341,184,4597,216,6938,California
Tehama,2021-03-06,297,11843,15,1918,282,9925,0,0,80,2206,216,4813,81,7019,California
Tehama,2021-03-07,5,11848,1,1919,4,9929,0,0,3,2208,1,4814,3,7022,California
Tehama,2021-03-08,58,11906,12,1931,31,9960,15,15,27,2220,30,4844,42,7064,California
Tehama,2021-03-09,369,12275,9,1940,341,10301,19,34,313,2496,56,4900,332,7396,California
Tehama,2021-03-10,354,12629,14,1954,319,10620,21,55,71,2306,282,5182,92,7488,California
Tehama,2021-03-11,488,13117,17,1971,425,11045,46,101,345,2554,143,5325,391,7879,California
Tehama,2021-03-12,306,13423,19,1990,222,11267,65,166,181,2675,125,5450,246,8125,California
Tehama,2021-03-13,45,13468,8,1998,31,11298,6,172,5,2646,40,5490,11,8136,California
Tehama,2021-03-14,51,13519,3,2001,37,11335,11,183,9,2624,42,5532,20,8156,California
Tehama,2021-03-15,154,13673,21,2022,113,11448,20,203,84,2658,70,5602,104,8260,California
Tehama,2021-03-16,418,14091,14,2036,366,11814,38,241,315,2909,102,5704,353,8613,California
Tehama,2021-03-17,423,14514,22,2058,369,12183,32,273,340,3200,81,5785,372,8985,California
Tehama,2021-03-18,499,15013,26,2084,449,12632,24,297,320,3367,177,5962,344,9329,California
Tehama,2021-03-19,321,15334,23,2107,285,12917,13,310,278,3615,43,6005,291,9620,California
Tehama,2021-03-20,42,15376,9,2116,31,12948,2,312,30,3635,12,6017,32,9652,California
Tehama,2021-03-21,12,15388,5,2121,7,12955,0,312,12,3647,0,6017,12,9664,California
Tehama,2021-03-22,91,15479,7,2128,67,13022,17,329,50,3673,41,6058,67,9731,California
Tehama,2021-03-23,88,15567,27,2155,54,13076,7,336,69,3730,19,6077,76,9807,California
Tehama,2021-03-24,86,15653,16,2171,68,13144,2,338,55,3756,31,6108,57,9864,California
Tehama,2021-03-25,521,16174,355,2526,153,13297,13,351,470,4189,50,6158,483,10347,California
Tehama,2021-03-26,515,16689,403,2929,100,13397,12,363,439,4565,75,6233,451,10798,California
Tehama,2021-03-27,457,17146,361,3290,71,13468,25,388,389,4912,67,6300,414,11212,California
Tehama,2021-03-28,34,17180,13,3303,21,13489,0,388,22,4922,12,6312,22,11234,California
Tehama,2021-03-29,124,17304,31,3334,92,13581,1,389,78,4954,46,6358,78,11312,California
Tehama,2021-03-30,372,17676,222,3556,148,13729,2,391,254,5092,118,6476,256,11568,California
Tehama,2021-03-31,398,18074,296,3852,99,13828,3,394,326,5349,71,6547,328,11896,California
Tehama,2021-04-01,526,18600,246,4098,274,14102,6,400,392,5614,133,6680,398,12294,California
Tehama,2021-04-02,459,19059,215,4313,238,14340,6,406,272,5704,187,6867,277,12571,California
Tehama,2021-04-03,60,19119,3,4316,52,14392,5,411,30,5709,30,6897,35,12606,California
Tehama,2021-04-04,34,19153,6,4322,27,14419,1,412,22,5720,12,6909,23,12629,California
Tehama,2021-04-05,117,19270,21,4343,69,14488,27,439,61,5752,56,6965,88,12717,California
Tehama,2021-04-06,495,19765,110,4453,333,14821,52,491,140,5589,355,7320,192,12909,California
Tehama,2021-04-07,418,20183,282,4735,92,14913,44,535,303,5821,114,7434,346,13255,California
Tehama,2021-04-08,604,20787,175,4910,390,15303,39,574,230,5717,373,7807,269,13524,California
Tehama,2021-04-09,432,21219,193,5103,206,15509,33,607,215,5749,216,8023,248,13772,California
Tehama,2021-04-10,72,21291,9,5112,37,15546,26,633,39,5781,33,8056,65,13837,California
Tehama,2021-04-11,33,21324,7,5119,15,15561,11,644,8,5775,25,8081,19,13856,California
Tehama,2021-04-12,112,21436,6,5125,87,15648,19,663,40,5762,72,8153,59,13915,California
Tehama,2021-04-13,388,21824,64,5189,324,15972,0,663,67,5508,321,8474,67,13982,California
Tehama,2021-04-14,407,22231,52,5241,355,16327,0,663,48,5199,357,8831,48,14030,California
Tehama,2021-04-15,513,22744,193,5434,320,16647,0,663,79,4844,434,9265,79,14109,California
Tehama,2021-04-16,598,23342,343,5777,255,16902,0,663,75,4396,523,9788,75,14184,California
Tehama,2021-04-17,348,23690,268,6045,80,16982,0,663,41,4132,306,10094,42,14226,California
Tehama,2021-04-18,17,23707,3,6048,14,16996,0,663,13,4141,4,10098,13,14239,California
Tehama,2021-04-19,93,23800,7,6055,86,17082,0,663,39,4126,54,10152,39,14278,California
Tehama,2021-04-20,514,24314,423,6478,91,17173,0,663,150,3917,361,10513,152,14430,California
Tehama,2021-04-21,518,24832,445,6923,73,17246,0,663,167,3735,349,10862,167,14597,California
Tehama,2021-04-22,515,25347,364,7287,151,17397,0,663,148,3519,364,11226,148,14745,California
Tehama,2021-04-23,445,25792,346,7633,99,17496,0,663,197,3470,247,11473,198,14943,California
Tehama,2021-04-24,103,25895,17,7650,86,17582,0,663,27,3421,76,11549,27,14970,California
Tehama,2021-04-25,28,25923,17,7667,11,17593,0,663,10,3413,18,11567,10,14980,California
Tehama,2021-04-26,74,25997,9,7676,65,17658,0,663,42,3423,32,11599,42,15022,California
Tehama,2021-04-27,251,26248,206,7882,45,17703,0,663,93,3357,159,11758,93,15115,California
Tehama,2021-04-28,395,26643,318,8200,60,17763,17,680,65,3109,330,12088,82,15197,California
Tehama,2021-04-29,353,26996,171,8371,176,17939,6,686,69,2901,283,12371,75,15272,California
Tehama,2021-04-30,325,27321,241,8612,78,18017,6,692,112,2806,213,12584,118,15390,California
Tehama,2021-05-01,72,27393,4,8616,65,18082,3,695,14,2765,58,12642,17,15407,California
Tehama,2021-05-02,47,27440,24,8640,11,18093,12,707,27,2784,20,12662,39,15446,California
Tehama,2021-05-03,117,27557,41,8681,68,18161,8,715,62,2799,55,12717,70,15516,California
Tehama,2021-05-04,158,27715,56,8737,95,18256,7,722,67,2782,91,12808,74,15590,California
Tehama,2021-05-05,86,27801,21,8758,55,18311,10,732,38,2782,48,12856,48,15638,California
Tehama,2021-05-06,163,27964,91,8849,57,18368,15,747,99,2832,64,12920,114,15752,California
Tehama,2021-05-07,171,28135,71,8920,89,18457,11,758,47,2768,122,13042,58,15810,California
Tehama,2021-05-08,49,28184,6,8926,42,18499,1,759,13,2746,36,13078,14,15824,California
Tehama,2021-05-09,15,28199,3,8929,12,18511,0,759,6,2743,9,13087,6,15830,California
Tehama,2021-05-10,77,28276,7,8936,64,18575,6,765,36,2745,40,13127,42,15872,California
Tehama,2021-05-11,164,28440,116,9052,37,18612,11,776,30,2652,134,13261,41,15913,California
Tehama,2021-05-12,203,28643,134,9186,59,18671,10,786,42,2544,160,13421,52,15965,California
Tehama,2021-05-13,234,28877,162,9348,64,18735,8,794,105,2529,128,13549,113,16078,California
Tehama,2021-05-14,242,29119,130,9478,91,18826,21,815,57,2423,184,13733,78,16156,California
Tehama,2021-05-15,224,29343,133,9611,56,18882,35,850,161,2557,62,13795,196,16352,California
Tehama,2021-05-16,26,29369,6,9617,17,18899,3,853,14,2562,12,13807,17,16369,California
Tehama,2021-05-17,111,29480,29,9646,67,18966,15,868,53,2574,56,13863,68,16437,California
Tehama,2021-05-18,148,29628,76,9722,57,19023,15,883,45,2533,101,13964,60,16497,California
Tehama,2021-05-19,123,29751,52,9774,61,19084,10,893,42,2504,81,14045,52,16549,California
Tehama,2021-05-20,302,30053,220,9994,59,19143,23,916,212,2649,90,14135,235,16784,California
Tehama,2021-05-21,195,30248,94,10088,91,19234,10,926,69,2604,124,14259,79,16863,California
Tehama,2021-05-22,57,30305,31,10119,22,19256,4,930,35,2621,22,14281,39,16902,California
Tehama,2021-05-23,40,30345,23,10142,8,19264,9,939,12,2614,28,14309,21,16923,California
Tehama,2021-05-24,96,30441,30,10172,59,19323,7,946,35,2595,61,14370,42,16965,California
Tehama,2021-05-25,76,30517,20,10192,48,19371,8,954,47,2621,29,14399,55,17020,California
Tehama,2021-05-26,74,30591,28,10220,42,19413,4,958,47,2646,26,14425,51,17071,California
Tehama,2021-05-27,149,30740,95,10315,48,19461,6,964,48,2600,100,14525,54,17125,California
Tehama,2021-05-28,133,30873,40,10355,86,19547,7,971,60,2595,72,14597,67,17192,California
Tehama,2021-05-29,56,30929,9,10364,41,19588,6,977,37,2619,19,14616,43,17235,California
Tehama,2021-05-30,14,30943,3,10367,10,19598,1,978,6,2618,8,14624,7,17242,California
Tehama,2021-05-31,12,30955,0,10367,11,19609,1,979,2,2611,10,14634,3,17245,California
Tehama,2021-06-01,48,31003,7,10374,30,19639,11,990,12,2598,36,14670,23,17268,California
Trinity,2020-12-17,4,4,4,4,0,0,0,0,4,4,0,0,4,4,California
Trinity,2020-12-18,2,6,2,6,0,0,0,0,2,6,0,0,2,6,California
Trinity,2020-12-21,39,45,39,45,0,0,0,0,39,45,0,0,39,45,California
Trinity,2020-12-22,5,50,5,50,0,0,0,0,5,50,0,0,5,50,California
Trinity,2020-12-23,5,55,5,55,0,0,0,0,5,55,0,0,5,55,California
Trinity,2020-12-28,31,86,31,86,0,0,0,0,31,86,0,0,31,86,California
Trinity,2020-12-29,8,94,7,93,1,1,0,0,8,94,0,0,8,94,California
Trinity,2020-12-30,10,104,8,101,2,3,0,0,10,104,0,0,10,104,California
Trinity,2020-12-31,2,106,1,102,1,4,0,0,2,106,0,0,2,106,California
Trinity,2021-01-04,28,134,0,102,28,32,0,0,26,132,0,0,26,132,California
Trinity,2021-01-05,3,137,1,103,2,34,0,0,3,135,0,0,3,135,California
Trinity,2021-01-06,24,161,4,107,20,54,0,0,20,151,4,4,20,155,California
Trinity,2021-01-08,49,210,2,109,47,101,0,0,48,197,2,6,48,203,California
Trinity,2021-01-11,42,252,39,148,3,104,0,0,4,163,38,44,4,207,California
Trinity,2021-01-12,9,261,6,154,3,107,0,0,4,162,5,49,4,211,California
Trinity,2021-01-13,7,268,4,158,3,110,0,0,4,163,3,52,4,215,California
Trinity,2021-01-14,4,272,1,159,3,113,0,0,4,167,0,52,4,219,California
Trinity,2021-01-15,4,276,0,159,4,117,0,0,4,171,0,52,4,223,California
Trinity,2021-01-16,4,280,0,159,4,121,0,0,4,175,0,52,4,227,California
Trinity,2021-01-18,31,311,31,190,0,121,0,0,0,144,31,83,0,227,California
Trinity,2021-01-19,34,345,14,204,20,141,0,0,20,150,14,97,20,247,California
Trinity,2021-01-20,19,364,3,207,16,157,0,0,17,165,2,99,17,264,California
Trinity,2021-01-21,17,381,7,214,10,167,0,0,17,182,0,99,17,281,California
Trinity,2021-01-22,5,386,1,215,4,171,0,0,5,187,0,99,5,286,California
Trinity,2021-01-23,7,393,3,218,4,175,0,0,7,194,0,99,7,293,California
Trinity,2021-01-25,14,407,1,219,13,188,0,0,13,206,1,100,13,306,California
Trinity,2021-01-26,10,417,1,220,9,197,0,0,9,214,1,101,9,315,California
Trinity,2021-01-27,12,429,0,220,12,209,0,0,12,226,0,101,12,327,California
Trinity,2021-01-28,13,442,3,223,10,219,0,0,10,233,3,104,10,337,California
Trinity,2021-01-29,2,444,0,223,2,221,0,0,1,233,1,105,1,338,California
Trinity,2021-01-30,12,456,11,234,1,222,0,0,12,245,0,105,12,350,California
Trinity,2021-02-01,2,458,1,235,1,223,0,0,1,245,1,106,1,351,California
Trinity,2021-02-02,15,473,3,238,12,235,0,0,14,258,1,107,14,365,California
Trinity,2021-02-03,6,479,1,239,5,240,0,0,3,258,3,110,3,368,California
Trinity,2021-02-04,42,521,32,271,10,250,0,0,35,286,7,117,35,403,California
Trinity,2021-02-05,350,871,0,271,350,600,0,0,320,576,30,147,320,723,California
Trinity,2021-02-06,210,1081,5,276,205,805,0,0,203,772,7,154,203,926,California
Trinity,2021-02-07,1,1082,0,276,1,806,0,0,1,773,0,154,1,927,California
Trinity,2021-02-08,26,1108,0,276,26,832,0,0,15,777,11,165,15,942,California
Trinity,2021-02-09,27,1135,2,278,25,857,0,0,11,772,16,181,11,953,California
Trinity,2021-02-10,122,1257,10,288,112,969,0,0,102,854,20,201,102,1055,California
Trinity,2021-02-11,338,1595,2,290,336,1305,0,0,331,1178,7,208,331,1386,California
Trinity,2021-02-12,18,1613,10,300,8,1313,0,0,14,1188,4,212,14,1400,California
Trinity,2021-02-13,12,1625,5,305,7,1320,0,0,5,1186,7,219,5,1405,California
Trinity,2021-02-14,2,1627,2,307,0,1320,0,0,2,1188,0,219,2,1407,California
Trinity,2021-02-15,47,1674,0,307,47,1367,0,0,47,1235,0,219,47,1454,California
Trinity,2021-02-16,4,1678,1,308,3,1370,0,0,2,1235,2,221,2,1456,California
Trinity,2021-02-17,94,1772,2,310,92,1462,0,0,84,1309,10,231,84,1540,California
Trinity,2021-02-18,4,1776,0,310,4,1466,0,0,1,1307,3,234,1,1541,California
Trinity,2021-02-19,305,2081,2,312,303,1769,0,0,291,1584,14,248,291,1832,California
Trinity,2021-02-20,141,2222,14,326,127,1896,0,0,113,1669,28,276,113,1945,California
Trinity,2021-02-21,1,2223,1,327,0,1896,0,0,1,1670,0,276,1,1946,California
Trinity,2021-02-22,8,2231,0,327,8,1904,0,0,5,1672,3,279,5,1951,California
Trinity,2021-02-23,11,2242,4,331,7,1911,0,0,6,1673,5,284,6,1957,California
Trinity,2021-02-24,30,2272,8,339,22,1933,0,0,7,1657,23,307,7,1964,California
Trinity,2021-02-25,36,2308,23,362,13,1946,0,0,5,1631,31,338,5,1969,California
Trinity,2021-02-26,11,2319,1,363,10,1956,0,0,5,1630,6,344,5,1974,California
Trinity,2021-02-27,9,2328,7,370,2,1958,0,0,4,1629,5,349,4,1978,California
Trinity,2021-03-01,9,2337,0,370,9,1967,0,0,5,1630,4,353,5,1983,California
Trinity,2021-03-02,9,2346,3,373,6,1973,0,0,2,1625,7,360,2,1985,California
Trinity,2021-03-03,5,2351,0,373,5,1978,0,0,4,1628,1,361,4,1989,California
Trinity,2021-03-04,24,2375,19,392,5,1983,0,0,10,1624,14,375,10,1999,California
Trinity,2021-03-05,388,2763,1,393,387,2370,0,0,121,1482,263,638,121,2120,California
Trinity,2021-03-06,202,2965,7,400,195,2565,0,0,27,1334,175,813,27,2147,California
Trinity,2021-03-07,4,2969,3,403,1,2566,0,0,3,1336,1,814,3,2150,California
Trinity,2021-03-08,3,2972,0,403,2,2568,1,1,1,1336,2,816,2,2152,California
Trinity,2021-03-09,94,3066,0,403,92,2660,2,3,89,1422,5,821,91,2243,California
Trinity,2021-03-10,126,3192,3,406,120,2780,3,6,38,1375,88,909,41,2284,California
Trinity,2021-03-11,16,3208,4,410,10,2790,2,8,5,1371,11,920,7,2291,California
Trinity,2021-03-12,397,3605,5,415,386,3176,6,14,96,1172,301,1221,102,2393,California
Trinity,2021-03-13,13,3618,8,423,3,3179,2,16,8,1177,5,1226,10,2403,California
Trinity,2021-03-14,3,3621,1,424,2,3181,0,16,2,1178,1,1227,2,2405,California
Trinity,2021-03-15,67,3688,0,424,66,3247,1,17,14,1140,53,1280,15,2420,California
Trinity,2021-03-16,115,3803,7,431,108,3355,0,17,102,1229,13,1293,102,2522,California
Trinity,2021-03-17,100,3903,3,434,97,3452,0,17,26,1181,74,1367,26,2548,California
Trinity,2021-03-18,10,3913,2,436,5,3457,3,20,5,1184,5,1372,8,2556,California
Trinity,2021-03-19,459,4372,4,440,345,3802,110,130,36,907,423,1795,146,2702,California
Trinity,2021-03-20,105,4477,7,447,98,3900,0,130,70,943,34,1829,70,2772,California
Trinity,2021-03-21,4,4481,0,447,3,3903,1,131,3,946,1,1830,4,2776,California
Trinity,2021-03-22,2,4483,0,447,2,3905,0,131,2,948,0,1830,2,2778,California
Trinity,2021-03-23,96,4579,2,449,94,3999,0,131,78,1008,18,1848,78,2856,California
Trinity,2021-03-24,12,4591,1,450,11,4010,0,131,9,1014,3,1851,9,2865,California
Trinity,2021-03-25,110,4701,8,458,96,4106,6,137,84,1078,26,1877,90,2955,California
Trinity,2021-03-26,85,4786,8,466,77,4183,0,137,78,1149,7,1884,78,3033,California
Trinity,2021-03-27,20,4806,4,470,7,4190,9,146,9,1156,11,1895,18,3051,California
Trinity,2021-03-28,5,4811,3,473,2,4192,0,146,1,1153,4,1899,1,3052,California
Trinity,2021-03-29,6,4817,0,473,5,4197,1,147,2,1152,4,1903,3,3055,California
Trinity,2021-03-30,77,4894,5,478,72,4269,0,147,67,1209,10,1913,67,3122,California
Trinity,2021-03-31,56,4950,5,483,19,4288,32,179,21,1226,35,1948,52,3174,California
Trinity,2021-04-01,41,4991,11,494,19,4307,11,190,21,1238,20,1968,32,3206,California
Trinity,2021-04-02,247,5238,5,499,168,4475,74,264,75,1216,171,2139,149,3355,California
Trinity,2021-04-03,17,5255,12,511,5,4480,0,264,7,1213,10,2149,7,3362,California
Trinity,2021-04-04,10,5265,8,519,2,4482,0,264,8,1219,2,2151,8,3370,California
Trinity,2021-04-05,59,5324,6,525,52,4534,1,265,55,1271,4,2155,56,3426,California
Trinity,2021-04-06,117,5441,15,540,99,4633,3,268,28,1214,89,2244,32,3458,California
Trinity,2021-04-07,24,5465,12,552,7,4640,5,273,16,1227,8,2252,21,3479,California
Trinity,2021-04-08,89,5554,10,562,77,4717,2,275,52,1244,37,2289,54,3533,California
Trinity,2021-04-09,168,5722,20,582,144,4861,4,279,90,1260,78,2367,94,3627,California
Trinity,2021-04-10,11,5733,7,589,4,4865,0,279,10,1269,1,2368,10,3637,California
Trinity,2021-04-11,9,5742,5,594,2,4867,2,281,4,1270,5,2373,6,3643,California
Trinity,2021-04-12,77,5819,5,599,71,4938,1,282,64,1322,12,2385,64,3707,California
Trinity,2021-04-13,97,5916,5,604,92,5030,0,282,9,1243,88,2473,9,3716,California
Trinity,2021-04-14,10,5926,5,609,5,5035,0,282,6,1245,4,2477,6,3722,California
Trinity,2021-04-15,43,5969,10,619,33,5068,0,282,14,1230,29,2506,14,3736,California
Trinity,2021-04-16,146,6115,13,632,133,5201,0,282,73,1231,72,2578,73,3809,California
Trinity,2021-04-17,11,6126,5,637,6,5207,0,282,9,1238,2,2580,9,3818,California
Trinity,2021-04-18,3,6129,1,638,2,5209,0,282,0,1235,3,2583,0,3818,California
Trinity,2021-04-19,69,6198,2,640,67,5276,0,282,68,1302,1,2584,68,3886,California
Trinity,2021-04-20,92,6290,8,648,84,5360,0,282,20,1250,72,2656,20,3906,California
Trinity,2021-04-21,22,6312,9,657,13,5373,0,282,9,1246,13,2669,9,3915,California
Trinity,2021-04-22,91,6403,5,662,86,5459,0,282,14,1183,77,2746,14,3929,California
Trinity,2021-04-23,182,6585,6,668,176,5635,0,282,113,1227,69,2815,113,4042,California
Trinity,2021-04-24,23,6608,13,681,10,5645,0,282,6,1216,17,2832,6,4048,California
Trinity,2021-04-25,10,6618,9,690,1,5646,0,282,3,1213,6,2838,3,4051,California
Trinity,2021-04-26,45,6663,6,696,39,5685,0,282,40,1248,5,2843,40,4091,California
Trinity,2021-04-27,85,6748,7,703,78,5763,0,282,22,1207,63,2906,22,4113,California
Trinity,2021-04-28,33,6781,11,714,22,5785,0,282,12,1198,21,2927,12,4125,California
Trinity,2021-04-29,34,6815,13,727,21,5806,0,282,12,1188,22,2949,12,4137,California
Trinity,2021-04-30,27,6842,21,748,6,5812,0,282,8,1178,18,2967,8,4145,California
Trinity,2021-05-01,14,6856,8,756,1,5813,5,287,4,1177,10,2977,9,4154,California
Trinity,2021-05-02,8,6864,5,761,1,5814,2,289,2,1175,6,2983,4,4158,California
Trinity,2021-05-03,58,6922,13,774,44,5858,1,290,9,1137,48,3031,10,4168,California
Trinity,2021-05-04,23,6945,11,785,11,5869,1,291,8,1131,15,3046,9,4177,California
Trinity,2021-05-05,10,6955,6,791,4,5873,0,291,3,1127,7,3053,3,4180,California
Trinity,2021-05-06,72,7027,10,801,60,5933,2,293,15,1087,57,3110,17,4197,California
Trinity,2021-05-07,175,7202,12,813,129,6062,34,327,14,974,161,3271,48,4245,California
Trinity,2021-05-08,6,7208,2,815,4,6066,0,327,2,972,4,3275,2,4247,California
Trinity,2021-05-09,11,7219,8,823,3,6069,0,327,7,975,4,3279,7,4254,California
Trinity,2021-05-10,15,7234,5,828,9,6078,1,328,8,977,7,3286,9,4263,California
Trinity,2021-05-11,7,7241,3,831,4,6082,0,328,5,980,2,3288,5,4268,California
Trinity,2021-05-12,17,7258,14,845,2,6084,1,329,13,990,4,3292,14,4282,California
Trinity,2021-05-13,10,7268,7,852,2,6086,1,330,7,995,3,3295,8,4290,California
Trinity,2021-05-14,129,7397,19,871,82,6168,28,358,37,968,92,3387,65,4355,California
Trinity,2021-05-15,13,7410,9,880,3,6171,1,359,7,970,6,3393,8,4363,California
Trinity,2021-05-16,7,7417,6,886,1,6172,0,359,5,973,2,3395,5,4368,California
Trinity,2021-05-17,108,7525,20,906,86,6258,2,361,42,951,66,3461,44,4412,California
Trinity,2021-05-18,37,7562,7,913,29,6287,1,362,11,937,26,3487,12,4424,California
Trinity,2021-05-19,143,7705,16,929,98,6385,29,391,28,880,114,3601,57,4481,California
Trinity,2021-05-20,12,7717,6,935,3,6388,3,394,6,883,6,3607,9,4490,California
Trinity,2021-05-21,7,7724,2,937,5,6393,0,394,4,884,3,3610,4,4494,California
Trinity,2021-05-22,3,7727,2,939,1,6394,0,394,2,885,1,3611,2,4496,California
Trinity,2021-05-23,5,7732,4,943,1,6395,0,394,3,886,2,3613,3,4499,California
Trinity,2021-05-24,110,7842,12,955,97,6492,1,395,9,796,100,3713,10,4509,California
Trinity,2021-05-25,41,7883,12,967,29,6521,0,395,17,789,24,3737,17,4526,California
Trinity,2021-05-26,10,7893,4,971,6,6527,0,395,3,785,7,3744,3,4529,California
Trinity,2021-05-27,31,7924,13,984,15,6542,3,398,11,779,20,3764,14,4543,California
Trinity,2021-05-28,12,7936,9,993,2,6544,1,399,5,778,7,3771,6,4549,California
Trinity,2021-05-29,10,7946,7,1000,2,6546,1,400,7,783,3,3774,8,4557,California
Trinity,2021-05-30,5,7951,4,1004,1,6547,0,400,0,778,5,3779,0,4557,California
Trinity,2021-05-31,4,7955,3,1007,1,6548,0,400,2,778,2,3781,2,4559,California
Trinity,2021-06-01,6,7961,2,1009,4,6552,0,400,3,778,3,3784,3,4562,California
Tulare,2020-12-15,1,1,1,1,0,0,0,0,1,1,0,0,1,1,California
Tulare,2020-12-16,4,5,4,5,0,0,0,0,4,5,0,0,4,5,California
Tulare,2020-12-17,110,115,110,115,0,0,0,0,110,115,0,0,110,115,California
Tulare,2020-12-18,290,405,289,404,1,1,0,0,290,405,0,0,290,405,California
Tulare,2020-12-19,327,732,327,731,0,1,0,0,327,732,0,0,327,732,California
Tulare,2020-12-20,167,899,166,897,1,2,0,0,167,899,0,0,167,899,California
Tulare,2020-12-21,422,1321,422,1319,0,2,0,0,442,1341,0,0,442,1341,California
Tulare,2020-12-22,470,1791,468,1787,2,4,0,0,469,1810,0,0,469,1810,California
Tulare,2020-12-23,327,2118,319,2106,8,12,0,0,325,2135,0,0,325,2135,California
Tulare,2020-12-24,18,2136,16,2122,2,14,0,0,18,2153,0,0,18,2153,California
Tulare,2020-12-26,9,2145,8,2130,1,15,0,0,9,2162,0,0,9,2162,California
Tulare,2020-12-27,17,2162,12,2142,5,20,0,0,17,2179,0,0,17,2179,California
Tulare,2020-12-28,478,2640,466,2608,12,32,0,0,477,2656,0,0,477,2656,California
Tulare,2020-12-29,548,3188,478,3086,70,102,0,0,548,3204,0,0,548,3204,California
Tulare,2020-12-30,465,3653,425,3511,40,142,0,0,465,3669,0,0,465,3669,California
Tulare,2020-12-31,95,3748,22,3533,73,215,0,0,95,3764,0,0,95,3764,California
Tulare,2021-01-01,2,3750,1,3534,1,216,0,0,2,3766,0,0,2,3766,California
Tulare,2021-01-02,30,3780,17,3551,13,229,0,0,30,3796,0,0,30,3796,California
Tulare,2021-01-03,23,3803,9,3560,14,243,0,0,23,3819,0,0,23,3819,California
Tulare,2021-01-04,91,3894,15,3575,76,319,0,0,91,3910,0,0,91,3910,California
Tulare,2021-01-05,463,4357,278,3853,185,504,0,0,461,4369,2,2,461,4371,California
Tulare,2021-01-06,864,5221,634,4487,230,734,0,0,854,5213,10,12,854,5225,California
Tulare,2021-01-07,783,6004,584,5071,199,933,0,0,676,5782,107,119,676,5901,California
Tulare,2021-01-08,1277,7281,574,5645,703,1636,0,0,939,6384,337,456,939,6840,California
Tulare,2021-01-09,798,8079,203,5848,595,2231,0,0,611,6808,187,643,611,7451,California
Tulare,2021-01-10,50,8129,44,5892,6,2237,0,0,11,6780,39,682,11,7462,California
Tulare,2021-01-11,1273,9402,770,6662,503,2740,0,0,836,7179,437,1119,836,8298,California
Tulare,2021-01-12,1416,10818,501,7163,915,3655,0,0,1006,7777,409,1528,1007,9305,California
Tulare,2021-01-13,428,11246,199,7362,229,3884,0,0,353,8055,75,1603,353,9658,California
Tulare,2021-01-14,491,11737,141,7503,350,4234,0,0,465,8505,15,1618,465,10123,California
Tulare,2021-01-15,1638,13375,154,7657,1484,5718,0,0,1629,10125,9,1627,1629,11752,California
Tulare,2021-01-16,1899,15274,112,7769,1787,7505,0,0,1885,11996,14,1641,1885,13637,California
Tulare,2021-01-17,142,15416,122,7891,20,7525,0,0,132,12118,10,1651,132,13769,California
Tulare,2021-01-18,694,16110,661,8552,33,7558,0,0,297,12018,397,2048,297,14066,California
Tulare,2021-01-19,1011,17121,688,9240,323,7881,0,0,584,12175,427,2475,584,14650,California
Tulare,2021-01-20,2425,19546,612,9852,1813,9694,0,0,2013,13802,386,2861,2013,16663,California
Tulare,2021-01-21,1550,21096,182,10034,1368,11062,0,0,1524,15305,21,2882,1524,18187,California
Tulare,2021-01-22,1058,22154,189,10223,869,11931,0,0,1033,16314,24,2906,1033,19220,California
Tulare,2021-01-23,437,22591,155,10378,282,12213,0,0,417,16711,20,2926,417,19637,California
Tulare,2021-01-24,30,22621,27,10405,3,12216,0,0,28,16737,2,2928,28,19665,California
Tulare,2021-01-25,1342,23963,981,11386,361,12577,0,0,1299,17993,43,2971,1299,20964,California
Tulare,2021-01-26,1503,25466,1097,12483,406,12983,0,0,1170,18831,332,3303,1170,22134,California
Tulare,2021-01-27,1501,26967,1070,13553,431,13414,0,0,922,19175,578,3881,922,23056,California
Tulare,2021-01-28,1215,28182,777,14330,438,13852,0,0,817,19594,398,4279,817,23873,California
Tulare,2021-01-29,1129,29311,719,15049,410,14262,0,0,820,20105,309,4588,820,24693,California
Tulare,2021-01-30,1675,30986,1581,16630,94,14356,0,0,1651,21733,24,4612,1652,26345,California
Tulare,2021-01-31,67,31053,62,16692,5,14361,0,0,64,21794,3,4615,64,26409,California
Tulare,2021-02-01,1185,32238,915,17607,270,14631,0,0,829,22268,355,4970,829,27238,California
Tulare,2021-02-02,696,32934,347,17954,349,14980,0,0,455,22485,239,5209,456,27694,California
Tulare,2021-02-03,568,33502,241,18195,327,15307,0,0,327,22591,221,5430,327,28021,California
Tulare,2021-02-04,564,34066,169,18364,395,15702,0,0,275,22579,288,5718,276,28297,California
Tulare,2021-02-05,1240,35306,238,18602,1002,16704,0,0,409,22159,829,6547,409,28706,California
Tulare,2021-02-06,832,36138,156,18758,676,17380,0,0,211,21751,619,7166,211,28917,California
Tulare,2021-02-07,83,36221,71,18829,12,17392,0,0,23,21714,60,7226,23,28940,California
Tulare,2021-02-08,941,37162,325,19154,616,18008,0,0,240,21255,699,7925,240,29180,California
Tulare,2021-02-09,1415,38577,335,19489,1080,19088,0,0,369,20583,1041,8966,369,29549,California
Tulare,2021-02-10,2474,41051,1986,21475,488,19576,0,0,2073,22256,400,9366,2073,31622,California
Tulare,2021-02-11,1326,42377,377,21852,949,20525,0,0,907,22744,419,9785,907,32529,California
Tulare,2021-02-12,2784,45161,575,22427,2209,22734,0,0,1196,22359,1581,11366,1196,33725,California
Tulare,2021-02-13,2479,47640,157,22584,2322,25056,0,0,664,21212,1811,13177,664,34389,California
Tulare,2021-02-14,337,47977,40,22624,297,25353,0,0,300,21475,37,13214,300,34689,California
Tulare,2021-02-15,920,48897,294,22918,626,25979,0,0,663,21882,256,13470,663,35352,California
Tulare,2021-02-16,2833,51730,1594,24512,1239,27218,0,0,1079,21208,1753,15223,1079,36431,California
Tulare,2021-02-17,2701,54431,511,25023,2190,29408,0,0,464,19441,2231,17454,464,36895,California
Tulare,2021-02-18,2320,56751,456,25479,1864,31272,0,0,638,18405,1674,19128,638,37533,California
Tulare,2021-02-19,2311,59062,871,26350,1440,32712,0,0,953,18001,1357,20485,953,38486,California
Tulare,2021-02-20,2979,62041,1881,28231,1098,33810,0,0,1257,17541,1717,22202,1257,39743,California
Tulare,2021-02-21,94,62135,90,28321,4,33814,0,0,48,17544,45,22247,48,39791,California
Tulare,2021-02-22,1105,63240,699,29020,406,34220,0,0,210,16860,894,23141,210,40001,California
Tulare,2021-02-23,1959,65199,949,29969,1010,35230,0,0,1466,17834,492,23633,1466,41467,California
Tulare,2021-02-24,2486,67685,1549,31518,937,36167,0,0,2108,19566,377,24010,2109,43576,California
Tulare,2021-02-25,3510,71195,1979,33497,1531,37698,0,0,3094,22248,412,24422,3094,46670,California
Tulare,2021-02-26,3854,75049,1887,35384,1967,39665,0,0,3387,25171,465,24887,3388,50058,California
Tulare,2021-02-27,2998,78047,1490,36874,1508,41173,0,0,2865,27915,121,25008,2865,52923,California
Tulare,2021-02-28,1308,79355,1036,37910,272,41445,0,0,1288,29186,17,25025,1288,54211,California
Tulare,2021-03-01,1775,81130,798,38708,977,42422,0,0,1584,30581,189,25214,1584,55795,California
Tulare,2021-03-02,2775,83905,1269,39977,1505,43927,1,1,2599,33008,174,25388,2601,58396,California
Tulare,2021-03-03,3956,87861,2619,42596,1337,45264,0,1,2007,33071,1946,27334,2009,60405,California
Tulare,2021-03-04,2949,90810,1332,43928,1617,46881,0,1,2621,35368,324,27658,2621,63026,California
Tulare,2021-03-05,3439,94249,1760,45688,1664,48545,15,16,2922,37793,514,28172,2939,65965,California
Tulare,2021-03-06,3089,97338,1440,47128,1589,50134,60,76,2839,40443,247,28419,2897,68862,California
Tulare,2021-03-07,1137,98475,703,47831,413,50547,21,97,1096,41520,40,28459,1117,69979,California
Tulare,2021-03-08,1722,100197,1007,48838,546,51093,169,266,1394,42759,323,28782,1562,71541,California
Tulare,2021-03-09,3262,103459,2246,51084,869,51962,147,413,2853,45350,408,29190,2999,74540,California
Tulare,2021-03-10,2965,106424,1398,52482,1392,53354,175,588,2563,47693,393,29583,2736,77276,California
Tulare,2021-03-11,4185,110609,1979,54461,1905,55259,301,889,3245,50299,940,30523,3546,80822,California
Tulare,2021-03-12,4406,115015,2432,56893,1625,56884,349,1238,3131,52516,1267,31790,3484,84306,California
Tulare,2021-03-13,4147,119162,1944,58837,2098,58982,105,1343,3200,54884,941,32731,3309,87615,California
Tulare,2021-03-14,1860,121022,986,59823,655,59637,219,1562,1335,55911,524,33255,1551,89166,California
Tulare,2021-03-15,2747,123769,1628,61451,1004,60641,115,1677,1973,57228,772,34027,2089,91255,California
Tulare,2021-03-16,3436,127205,2124,63575,1234,61875,78,1755,1880,57636,1552,35579,1960,93215,California
Tulare,2021-03-17,4051,131256,2636,66211,1338,63213,77,1832,2306,58288,1738,37317,2390,95605,California
Tulare,2021-03-18,4633,135889,3380,69591,1181,64394,72,1904,2449,58634,2177,39494,2523,98128,California
Tulare,2021-03-19,5097,140986,3352,72943,1550,65944,195,2099,2730,59213,2348,41842,2927,101055,California
Tulare,2021-03-20,4480,145466,2787,75730,1321,67265,372,2471,2061,59238,2411,44253,2436,103491,California
Tulare,2021-03-21,1996,147462,1706,77436,264,67529,26,2497,1055,59381,937,45190,1080,104571,California
Tulare,2021-03-22,2564,150026,1775,79211,677,68206,112,2609,1693,60323,865,46055,1807,106378,California
Tulare,2021-03-23,3756,153782,2157,81368,1547,69753,52,2661,2061,60757,1685,47740,2119,108497,California
Tulare,2021-03-24,3204,156986,1989,83357,1173,70926,42,2703,1811,61225,1385,49125,1853,110350,California
Tulare,2021-03-25,3481,160467,1814,85171,1495,72421,172,2875,1692,61309,1782,50907,1866,112216,California
Tulare,2021-03-26,5254,165721,3136,88307,2009,74430,109,2984,2545,61273,2691,53598,2655,114871,California
Tulare,2021-03-27,3538,169259,1815,90122,1625,76055,98,3082,991,59822,2539,56137,1088,115959,California
Tulare,2021-03-28,1468,170727,1063,91185,374,76429,31,3113,677,59747,789,56926,714,116673,California
Tulare,2021-03-29,2895,173622,1675,92860,1108,77537,112,3225,1229,59429,1661,58587,1343,118016,California
Tulare,2021-03-30,4831,178453,2785,95645,1816,79353,230,3455,1531,57893,3291,61878,1755,119771,California
Tulare,2021-03-31,3955,182408,2339,97984,1503,80856,113,3568,1576,57215,2371,64249,1693,121464,California
Tulare,2021-04-01,4524,186932,2452,100436,2004,82860,68,3636,1560,55892,2954,67203,1631,123095,California
Tulare,2021-04-02,5333,192265,3054,103490,2161,85021,118,3754,1576,53849,3741,70944,1698,124793,California
Tulare,2021-04-03,3625,195890,2097,105587,1157,86178,371,4125,835,52302,2752,73696,1205,125998,California
Tulare,2021-04-04,1633,197523,1146,106733,480,86658,7,4132,359,51398,1270,74966,366,126364,California
Tulare,2021-04-05,3367,200890,2354,109087,743,87401,270,4402,861,50047,2494,77460,1143,127507,California
Tulare,2021-04-06,3430,204320,1469,110556,1467,88868,494,4896,921,48965,2502,79962,1420,128927,California
Tulare,2021-04-07,3889,208209,1833,112389,1622,90490,434,5330,1177,47881,2702,82664,1618,130545,California
Tulare,2021-04-08,4752,212961,2611,115000,1681,92171,460,5790,1514,46641,3226,85890,1986,132531,California
Tulare,2021-04-09,4834,217795,2992,117992,1408,93579,434,6224,1827,45932,2999,88889,2290,134821,California
Tulare,2021-04-10,3836,221631,2067,120059,1451,95030,318,6542,942,44308,2886,91775,1262,136083,California
Tulare,2021-04-11,1574,223205,1036,121095,466,95496,72,6614,482,43773,1089,92864,554,136637,California
Tulare,2021-04-12,3363,226568,2106,123201,664,96160,593,7207,1051,43114,2304,95168,1645,138282,California
Tulare,2021-04-13,2413,228981,1586,124787,817,96977,10,7217,901,42526,1501,96669,913,139195,California
Tulare,2021-04-14,2848,231829,1682,126469,1166,98143,0,7217,908,41497,1937,98606,908,140103,California
Tulare,2021-04-15,3273,235102,2133,128602,1140,99283,0,7217,1469,41173,1793,100399,1469,141572,California
Tulare,2021-04-16,3653,238755,2216,130818,1437,100720,0,7217,1478,40486,2165,102564,1478,143050,California
Tulare,2021-04-17,2212,240967,1299,132117,913,101633,0,7217,1175,40630,1032,103596,1176,144226,California
Tulare,2021-04-18,1521,242488,1190,133307,331,101964,0,7217,814,40738,706,104302,814,145040,California
Tulare,2021-04-19,2122,244610,1220,134527,900,102864,2,7219,897,40416,1221,105523,899,145939,California
Tulare,2021-04-20,2342,246952,1314,135841,1028,103892,0,7219,995,40079,1332,106855,995,146934,California
Tulare,2021-04-21,2206,249158,1326,137167,880,104772,0,7219,807,39527,1360,108215,808,147742,California
Tulare,2021-04-22,2108,251266,1171,138338,937,105709,0,7219,727,38893,1361,109576,727,148469,California
Tulare,2021-04-23,2578,253844,1581,139919,996,106705,1,7220,1019,38364,1548,111124,1019,149488,California
Tulare,2021-04-24,1637,255481,1051,140970,584,107289,2,7222,849,38432,783,111907,851,150339,California
Tulare,2021-04-25,693,256174,520,141490,173,107462,0,7222,264,38267,429,112336,264,150603,California
Tulare,2021-04-26,1463,257637,874,142364,570,108032,19,7241,610,38049,845,113181,627,151230,California
Tulare,2021-04-27,1593,259230,633,142997,924,108956,36,7277,671,37836,919,114100,706,151936,California
Tulare,2021-04-28,1703,260933,971,143968,690,109646,42,7319,668,37516,1030,115130,710,152646,California
Tulare,2021-04-29,1989,262922,1193,145161,759,110405,37,7356,768,37108,1211,116341,803,153449,California
Tulare,2021-04-30,2431,265353,1771,146932,610,111015,50,7406,895,36523,1529,117870,944,154393,California
Tulare,2021-05-01,1410,266763,1211,148143,187,111202,12,7418,721,36576,680,118550,733,155126,California
Tulare,2021-05-02,584,267347,496,148639,72,111274,16,7434,188,36387,393,118943,204,155330,California
Tulare,2021-05-03,1619,268966,1094,149733,400,111674,125,7559,349,35598,1263,120206,474,155804,California
Tulare,2021-05-04,1550,270516,826,150559,655,112329,69,7628,625,35372,918,121124,692,156496,California
Tulare,2021-05-05,1268,271784,612,151171,568,112897,88,7716,436,35075,821,121945,524,157020,California
Tulare,2021-05-06,1950,273734,1325,152496,576,113473,49,7765,588,34358,1354,123299,637,157657,California
Tulare,2021-05-07,1841,275575,1250,153746,523,113996,68,7833,526,33643,1308,124607,593,158250,California
Tulare,2021-05-08,1234,276809,804,154550,405,114401,25,7858,527,33495,700,125307,552,158802,California
Tulare,2021-05-09,590,277399,468,155018,101,114502,21,7879,117,33165,469,125776,139,158941,California
Tulare,2021-05-10,1015,278414,587,155605,363,114865,65,7944,308,32833,705,126481,373,159314,California
Tulare,2021-05-11,1211,279625,614,156219,520,115385,77,8021,502,32709,703,127184,579,159893,California
Tulare,2021-05-12,1501,281126,967,157186,482,115867,52,8073,397,32067,1090,128274,448,160341,California
Tulare,2021-05-13,1448,282574,902,158088,508,116375,38,8111,645,31951,799,129073,683,161024,California
Tulare,2021-05-14,1927,284501,1240,159328,625,117000,62,8173,859,31815,1057,130130,921,161945,California
Tulare,2021-05-15,1560,286061,875,160203,639,117639,46,8219,661,31629,892,131022,706,162651,California
Tulare,2021-05-16,693,286754,552,160755,129,117768,12,8231,323,31595,369,131391,335,162986,California
Tulare,2021-05-17,1537,288291,953,161708,511,118279,73,8304,745,31628,785,132176,818,163804,California
Tulare,2021-05-18,1578,289869,851,162559,674,118953,53,8357,805,31716,768,132944,856,164660,California
Tulare,2021-05-19,1465,291334,942,163501,489,119442,34,8391,767,31824,693,133637,801,165461,California
Tulare,2021-05-20,1348,292682,920,164421,344,119786,84,8475,658,31878,688,134325,742,166203,California
Tulare,2021-05-21,1656,294338,1252,165673,363,120149,41,8516,928,32127,720,135045,969,167172,California
Tulare,2021-05-22,1413,295751,1027,166700,361,120510,25,8541,535,31815,873,135918,561,167733,California
Tulare,2021-05-23,294,296045,249,166949,36,120546,9,8550,147,31825,146,136064,156,167889,California
Tulare,2021-05-24,917,296962,553,167502,304,120850,60,8610,424,31821,488,136552,484,168373,California
Tulare,2021-05-25,1191,298153,704,168206,450,121300,37,8647,531,31735,654,137206,568,168941,California
Tulare,2021-05-26,855,299008,475,168681,339,121639,41,8688,394,31711,458,137664,434,169375,California
Tulare,2021-05-27,1244,300252,781,169462,431,122070,32,8720,585,31677,653,138317,619,169994,California
Tulare,2021-05-28,1176,301428,662,170124,468,122538,46,8766,630,31811,541,138858,675,170669,California
Tulare,2021-05-29,847,302275,627,170751,200,122738,20,8786,478,31944,365,139223,498,171167,California
Tulare,2021-05-30,284,302559,209,170960,68,122806,7,8793,165,32000,117,139340,173,171340,California
Tulare,2021-05-31,136,302695,54,171014,70,122876,12,8805,57,31991,78,139418,69,171409,California
Tulare,2021-06-01,516,303211,287,171301,204,123080,25,8830,164,31833,347,139765,189,171598,California
Tuolumne,2020-12-16,47,47,47,47,0,0,0,0,47,47,0,0,47,47,California
Tuolumne,2020-12-17,18,65,18,65,0,0,0,0,18,65,0,0,18,65,California
Tuolumne,2020-12-18,101,166,100,165,1,1,0,0,101,166,0,0,101,166,California
Tuolumne,2020-12-19,5,171,5,170,0,1,0,0,5,171,0,0,5,171,California
Tuolumne,2020-12-20,2,173,2,172,0,1,0,0,2,173,0,0,2,173,California
Tuolumne,2020-12-21,115,288,101,273,14,15,0,0,115,288,0,0,115,288,California
Tuolumne,2020-12-22,172,460,172,445,0,15,0,0,172,460,0,0,172,460,California
Tuolumne,2020-12-23,185,645,183,628,2,17,0,0,185,645,0,0,185,645,California
Tuolumne,2020-12-26,2,647,2,630,0,17,0,0,2,647,0,0,2,647,California
Tuolumne,2020-12-28,77,724,75,705,2,19,0,0,77,724,0,0,77,724,California
Tuolumne,2020-12-29,102,826,39,744,63,82,0,0,102,826,0,0,102,826,California
Tuolumne,2020-12-30,78,904,22,766,56,138,0,0,78,904,0,0,78,904,California
Tuolumne,2020-12-31,27,931,20,786,7,145,0,0,27,931,0,0,27,931,California
Tuolumne,2021-01-01,6,937,5,791,1,146,0,0,6,937,0,0,6,937,California
Tuolumne,2021-01-02,118,1055,115,906,3,149,0,0,118,1055,0,0,118,1055,California
Tuolumne,2021-01-03,2,1057,2,908,0,149,0,0,2,1057,0,0,2,1057,California
Tuolumne,2021-01-04,69,1126,26,934,43,192,0,0,69,1126,0,0,69,1126,California
Tuolumne,2021-01-05,93,1219,27,961,66,258,0,0,90,1214,3,3,91,1217,California
Tuolumne,2021-01-06,132,1351,72,1033,60,318,0,0,68,1218,64,67,68,1285,California
Tuolumne,2021-01-07,120,1471,64,1097,56,374,0,0,64,1226,56,123,64,1349,California
Tuolumne,2021-01-08,105,1576,81,1178,24,398,0,0,27,1177,77,200,28,1377,California
Tuolumne,2021-01-09,2,1578,0,1178,2,400,0,0,2,1179,0,200,2,1379,California
Tuolumne,2021-01-10,3,1581,1,1179,2,402,0,0,3,1182,0,200,3,1382,California
Tuolumne,2021-01-11,116,1697,90,1269,26,428,0,0,34,1134,82,282,34,1416,California
Tuolumne,2021-01-12,102,1799,86,1355,16,444,0,0,18,1068,84,366,18,1434,California
Tuolumne,2021-01-13,231,2030,125,1480,106,550,0,0,182,1202,49,415,183,1617,California
Tuolumne,2021-01-14,148,2178,108,1588,40,590,0,0,43,1141,104,519,43,1660,California
Tuolumne,2021-01-15,474,2652,72,1660,402,992,0,0,412,1493,61,580,413,2073,California
Tuolumne,2021-01-16,7,2659,3,1663,4,996,0,0,6,1498,1,581,6,2079,California
Tuolumne,2021-01-17,7,2666,4,1667,3,999,0,0,7,1505,0,581,7,2086,California
Tuolumne,2021-01-18,46,2712,38,1705,8,1007,0,0,9,1478,36,617,9,2095,California
Tuolumne,2021-01-19,478,3190,73,1778,405,1412,0,0,432,1864,46,663,432,2527,California
Tuolumne,2021-01-20,76,3266,58,1836,18,1430,0,0,24,1837,51,714,24,2551,California
Tuolumne,2021-01-21,56,3322,23,1859,33,1463,0,0,40,1861,16,730,40,2591,California
Tuolumne,2021-01-22,169,3491,16,1875,153,1616,0,0,162,2016,7,737,162,2753,California
Tuolumne,2021-01-23,653,4144,134,2009,519,2135,0,0,548,2471,105,842,560,3313,California
Tuolumne,2021-01-24,523,4667,2,2011,521,2656,0,0,521,2991,2,844,522,3835,California
Tuolumne,2021-01-25,50,4717,28,2039,22,2678,0,0,24,2990,26,870,25,3860,California
Tuolumne,2021-01-26,80,4797,68,2107,12,2690,0,0,40,2991,40,910,41,3901,California
Tuolumne,2021-01-27,61,4858,4,2111,57,2747,0,0,8,2947,52,962,8,3909,California
Tuolumne,2021-01-28,27,4885,7,2118,20,2767,0,0,18,2956,9,971,18,3927,California
Tuolumne,2021-01-29,72,4957,6,2124,66,2833,0,0,33,2950,39,1010,33,3960,California
Tuolumne,2021-01-30,711,5668,553,2677,158,2991,0,0,689,3633,22,1032,705,4665,California
Tuolumne,2021-01-31,8,5676,2,2679,6,2997,0,0,5,3635,3,1035,5,4670,California
Tuolumne,2021-02-01,26,5702,7,2686,19,3016,0,0,23,3655,3,1038,23,4693,California
Tuolumne,2021-02-02,647,6349,40,2726,607,3623,0,0,635,4280,10,1048,635,5328,California
Tuolumne,2021-02-03,241,6590,112,2838,129,3752,0,0,88,4215,153,1201,88,5416,California
Tuolumne,2021-02-04,123,6713,13,2851,110,3862,0,0,60,4212,63,1264,60,5476,California
Tuolumne,2021-02-05,99,6812,13,2864,86,3948,0,0,35,4184,63,1327,35,5511,California
Tuolumne,2021-02-06,857,7669,583,3447,274,4222,0,0,849,5030,8,1335,854,6365,California
Tuolumne,2021-02-07,8,7677,4,3451,4,4226,0,0,4,5030,4,1339,4,6369,California
Tuolumne,2021-02-08,91,7768,40,3491,51,4277,0,0,67,5073,24,1363,67,6436,California
Tuolumne,2021-02-09,863,8631,53,3544,810,5087,0,0,822,5854,41,1404,822,7258,California
Tuolumne,2021-02-10,92,8723,17,3561,75,5162,0,0,31,5825,60,1464,31,7289,California
Tuolumne,2021-02-11,143,8866,67,3628,76,5238,0,0,77,5836,66,1530,77,7366,California
Tuolumne,2021-02-12,646,9512,19,3647,627,5865,0,0,205,5601,440,1970,205,7571,California
Tuolumne,2021-02-13,150,9662,42,3689,108,5973,0,0,119,5690,30,2000,119,7690,California
Tuolumne,2021-02-14,150,9812,13,3702,137,6110,0,0,149,5838,1,2001,149,7839,California
Tuolumne,2021-02-15,186,9998,10,3712,176,6286,0,0,177,6006,9,2010,177,8016,California
Tuolumne,2021-02-16,531,10529,18,3730,513,6799,0,0,122,5725,405,2415,124,8140,California
Tuolumne,2021-02-17,111,10640,63,3793,48,6847,0,0,61,5737,49,2464,61,8201,California
Tuolumne,2021-02-18,679,11319,25,3818,654,7501,0,0,628,6315,51,2515,629,8830,California
Tuolumne,2021-02-19,143,11462,23,3841,120,7621,0,0,43,6258,100,2615,43,8873,California
Tuolumne,2021-02-20,905,12367,341,4182,564,8185,0,0,385,6138,506,3121,386,9259,California
Tuolumne,2021-02-21,977,13344,39,4221,938,9123,0,0,470,6105,506,3627,473,9732,California
Tuolumne,2021-02-22,81,13425,58,4279,23,9146,0,0,47,6119,33,3660,47,9779,California
Tuolumne,2021-02-23,48,13473,24,4303,24,9170,0,0,26,6124,21,3681,26,9805,California
Tuolumne,2021-02-24,105,13578,59,4362,46,9216,0,0,44,6108,60,3741,44,9849,California
Tuolumne,2021-02-25,1051,14629,35,4397,1016,10232,0,0,1020,7097,31,3772,1020,10869,California
Tuolumne,2021-02-26,150,14779,11,4408,139,10371,0,0,124,7196,26,3798,125,10994,California
Tuolumne,2021-02-27,954,15733,579,4987,375,10746,0,0,249,6760,688,4486,252,11246,California
Tuolumne,2021-02-28,56,15789,4,4991,52,10798,0,0,52,6809,3,4489,52,11298,California
Tuolumne,2021-03-01,114,15903,22,5013,91,10889,1,1,77,6852,36,4525,79,11377,California
Tuolumne,2021-03-02,705,16608,73,5086,632,11521,0,1,106,6359,599,5124,106,11483,California
Tuolumne,2021-03-03,89,16697,21,5107,68,11589,0,1,64,6398,25,5149,64,11547,California
Tuolumne,2021-03-04,1170,17867,75,5182,1095,12684,0,1,1105,7438,65,5214,1105,12652,California
Tuolumne,2021-03-05,86,17953,10,5192,76,12760,0,1,49,7452,36,5250,50,12702,California
Tuolumne,2021-03-06,1057,19010,606,5798,449,13209,2,3,203,6810,849,6099,207,12909,California
Tuolumne,2021-03-07,42,19052,13,5811,14,13223,15,18,19,6821,23,6122,34,12943,California
Tuolumne,2021-03-08,196,19248,90,5901,99,13322,7,25,139,6910,57,6179,146,13089,California
Tuolumne,2021-03-09,857,20105,16,5917,830,14152,11,36,68,6206,784,6963,80,13169,California
Tuolumne,2021-03-10,78,20183,12,5929,55,14207,11,47,53,6245,25,6988,64,13233,California
Tuolumne,2021-03-11,1281,21464,36,5965,1240,15447,5,52,1255,7481,26,7014,1262,14495,California
Tuolumne,2021-03-12,299,21763,36,6001,248,15695,15,67,190,7581,108,7122,208,14703,California
Tuolumne,2021-03-13,114,21877,13,6014,101,15796,0,67,85,7639,28,7150,86,14789,California
Tuolumne,2021-03-14,144,22021,8,6022,127,15923,9,76,7,7522,137,7287,20,14809,California
Tuolumne,2021-03-15,298,22319,80,6102,215,16138,3,79,103,7440,194,7481,112,14921,California
Tuolumne,2021-03-16,803,23122,40,6142,752,16890,11,90,666,7981,136,7617,677,15598,California
Tuolumne,2021-03-17,153,23275,33,6175,107,16997,13,103,79,8000,73,7690,92,15690,California
Tuolumne,2021-03-18,947,24222,27,6202,907,17904,13,116,317,7703,627,8317,330,16020,California
Tuolumne,2021-03-19,135,24357,18,6220,87,17991,30,146,74,7747,60,8377,104,16124,California
Tuolumne,2021-03-20,91,24448,7,6227,74,18065,10,156,37,7740,53,8430,46,16170,California
Tuolumne,2021-03-21,833,25281,389,6616,434,18499,10,166,41,7008,784,9214,52,16222,California
Tuolumne,2021-03-22,164,25445,73,6689,72,18571,19,185,97,7058,66,9280,116,16338,California
Tuolumne,2021-03-23,707,26152,637,7326,56,18627,14,199,669,7702,38,9318,682,17020,California
Tuolumne,2021-03-24,110,26262,19,7345,73,18700,18,217,77,7765,32,9350,95,17115,California
Tuolumne,2021-03-25,1297,27559,23,7368,1271,19971,3,220,326,7125,969,10319,329,17444,California
Tuolumne,2021-03-26,275,27834,16,7384,236,20207,23,243,117,7118,148,10467,141,17585,California
Tuolumne,2021-03-27,580,28414,53,7437,527,20734,0,243,317,7176,261,10728,319,17904,California
Tuolumne,2021-03-28,48,28462,7,7444,41,20775,0,243,8,7146,39,10767,9,17913,California
Tuolumne,2021-03-29,206,28668,83,7527,123,20898,0,243,109,7161,94,10861,109,18022,California
Tuolumne,2021-03-30,164,28832,11,7538,152,21050,1,244,122,7243,41,10902,123,18145,California
Tuolumne,2021-03-31,95,28927,14,7552,79,21129,2,246,38,7228,55,10957,40,18185,California
Tuolumne,2021-04-01,1249,30176,30,7582,1219,22348,0,246,228,6438,1018,11975,228,18413,California
Tuolumne,2021-04-02,165,30341,12,7594,127,22475,26,272,91,6483,72,12047,117,18530,California
Tuolumne,2021-04-03,426,30767,35,7629,389,22864,2,274,238,6538,187,12234,242,18772,California
Tuolumne,2021-04-04,33,30800,3,7632,30,22894,0,274,21,6548,11,12245,21,18793,California
Tuolumne,2021-04-05,131,30931,19,7651,105,22999,7,281,59,6542,72,12317,66,18859,California
Tuolumne,2021-04-06,648,31579,517,8168,104,23103,27,308,513,6949,134,12451,541,19400,California
Tuolumne,2021-04-07,128,31707,37,8205,75,23178,16,324,50,6937,78,12529,66,19466,California
Tuolumne,2021-04-08,1447,33154,33,8238,1399,24577,15,339,248,6005,1195,13724,263,19729,California
Tuolumne,2021-04-09,274,33428,41,8279,189,24766,44,383,131,6041,143,13867,179,19908,California
Tuolumne,2021-04-10,56,33484,2,8281,34,24800,20,403,23,6052,32,13899,43,19951,California
Tuolumne,2021-04-11,18,33502,3,8284,12,24812,3,406,12,6061,6,13905,15,19966,California
Tuolumne,2021-04-12,164,33666,66,8350,93,24905,5,411,90,6088,68,13973,95,20061,California
Tuolumne,2021-04-13,784,34450,35,8385,749,25654,0,411,169,5650,607,14580,169,20230,California
Tuolumne,2021-04-14,155,34605,29,8414,126,25780,0,411,78,5655,74,14654,79,20309,California
Tuolumne,2021-04-15,342,34947,20,8434,322,26102,0,411,60,5439,276,14930,60,20369,California
Tuolumne,2021-04-16,251,35198,50,8484,201,26303,0,411,141,5478,103,15033,142,20511,California
Tuolumne,2021-04-17,43,35241,6,8490,37,26340,0,411,27,5489,16,15049,27,20538,California
Tuolumne,2021-04-18,9,35250,3,8493,6,26346,0,411,4,5489,5,15054,5,20543,California
Tuolumne,2021-04-19,170,35420,79,8572,91,26437,0,411,92,5505,76,15130,92,20635,California
Tuolumne,2021-04-20,712,36132,616,9188,96,26533,0,411,76,4952,629,15759,76,20711,California
Tuolumne,2021-04-21,119,36251,26,9214,93,26626,0,411,63,4964,51,15810,63,20774,California
Tuolumne,2021-04-22,710,36961,46,9260,664,27290,0,411,431,5125,270,16080,431,21205,California
Tuolumne,2021-04-23,177,37138,31,9291,146,27436,0,411,86,5122,89,16169,86,21291,California
Tuolumne,2021-04-24,80,37218,18,9309,62,27498,0,411,52,5146,28,16197,52,21343,California
Tuolumne,2021-04-25,27,37245,10,9319,17,27515,0,411,24,5167,3,16200,24,21367,California
Tuolumne,2021-04-26,155,37400,56,9375,99,27614,0,411,72,5158,82,16282,73,21440,California
Tuolumne,2021-04-27,136,37536,23,9398,106,27720,7,418,62,5155,72,16354,69,21509,California
Tuolumne,2021-04-28,118,37654,26,9424,81,27801,11,429,66,5181,51,16405,77,21586,California
Tuolumne,2021-04-29,277,37931,16,9440,253,28054,8,437,53,5020,222,16627,61,21647,California
Tuolumne,2021-04-30,353,38284,22,9462,319,28373,12,449,67,4817,282,16909,79,21726,California
Tuolumne,2021-05-01,25,38309,7,9469,13,28386,5,454,16,4829,9,16918,21,21747,California
Tuolumne,2021-05-02,26,38335,3,9472,21,28407,2,456,19,4843,7,16925,21,21768,California
Tuolumne,2021-05-03,101,38436,14,9486,82,28489,5,461,30,4808,70,16995,35,21803,California
Tuolumne,2021-05-04,694,39130,601,10087,88,28577,5,466,207,4533,486,17481,211,22014,California
Tuolumne,2021-05-05,107,39237,25,10112,76,28653,6,472,55,4545,50,17531,62,22076,California
Tuolumne,2021-05-06,285,39522,13,10125,258,28911,14,486,40,4358,240,17771,53,22129,California
Tuolumne,2021-05-07,323,39845,25,10150,290,29201,8,494,65,4174,257,18028,73,22202,California
Tuolumne,2021-05-08,47,39892,7,10157,36,29237,4,498,29,4189,18,18046,33,22235,California
Tuolumne,2021-05-09,15,39907,2,10159,11,29248,2,500,2,4180,13,18059,4,22239,California
Tuolumne,2021-05-10,111,40018,44,10203,62,29310,5,505,31,4137,79,18138,36,22275,California
Tuolumne,2021-05-11,196,40214,62,10265,122,29432,12,517,55,4064,140,18278,67,22342,California
Tuolumne,2021-05-12,128,40342,20,10285,105,29537,3,520,50,4039,78,18356,53,22395,California
Tuolumne,2021-05-13,109,40451,18,10303,83,29620,8,528,68,4075,41,18397,77,22472,California
Tuolumne,2021-05-14,207,40658,75,10378,120,29740,12,540,106,4094,99,18496,118,22590,California
Tuolumne,2021-05-15,57,40715,15,10393,35,29775,7,547,19,4083,38,18534,27,22617,California
Tuolumne,2021-05-16,26,40741,8,10401,16,29791,2,549,12,4083,14,18548,14,22631,California
Tuolumne,2021-05-17,110,40851,29,10430,78,29869,3,552,47,4071,63,18611,51,22682,California
Tuolumne,2021-05-18,176,41027,54,10484,75,29944,47,599,58,4058,118,18729,105,22787,California
Tuolumne,2021-05-19,120,41147,22,10506,65,30009,33,632,47,4066,72,18801,80,22867,California
Tuolumne,2021-05-20,396,41543,20,10526,371,30380,5,637,52,3780,343,19144,57,22924,California
Tuolumne,2021-05-21,192,41735,89,10615,98,30478,5,642,116,3826,75,19219,121,23045,California
Tuolumne,2021-05-22,52,41787,15,10630,32,30510,5,647,21,3821,30,19249,25,23070,California
Tuolumne,2021-05-23,16,41803,4,10634,12,30522,0,647,7,3819,9,19258,7,23077,California
Tuolumne,2021-05-24,126,41929,41,10675,79,30601,6,653,53,3806,72,19330,59,23136,California
Tuolumne,2021-05-25,282,42211,215,10890,61,30662,6,659,108,3747,173,19503,114,23250,California
Tuolumne,2021-05-26,83,42294,20,10910,61,30723,2,661,35,3736,48,19551,37,23287,California
Tuolumne,2021-05-27,68,42362,14,10924,52,30775,2,663,28,3727,39,19590,30,23317,California
Tuolumne,2021-05-28,99,42461,50,10974,48,30823,1,664,61,3753,36,19626,62,23379,California
Tuolumne,2021-05-29,35,42496,6,10980,23,30846,6,670,14,3752,21,19647,20,23399,California
Tuolumne,2021-05-30,18,42514,1,10981,14,30860,3,673,4,3745,14,19661,7,23406,California
Tuolumne,2021-05-31,9,42523,1,10982,7,30867,1,674,1,3739,8,19669,2,23408,California
Tuolumne,2021-06-01,34,42557,16,10998,15,30882,3,677,9,3726,25,19694,12,23420,California
Ventura,2020-12-15,5,5,5,5,0,0,0,0,5,5,0,0,5,5,California
Ventura,2020-12-16,73,78,73,78,0,0,0,0,73,78,0,0,73,78,California
Ventura,2020-12-17,249,327,249,327,0,0,0,0,249,327,0,0,249,327,California
Ventura,2020-12-18,1415,1742,1415,1742,0,0,0,0,1415,1742,0,0,1415,1742,California
Ventura,2020-12-19,914,2656,914,2656,0,0,0,0,914,2656,0,0,914,2656,California
Ventura,2020-12-20,432,3088,432,3088,0,0,0,0,432,3088,0,0,432,3088,California
Ventura,2020-12-21,1470,4558,1470,4558,0,0,0,0,1470,4558,0,0,1470,4558,California
Ventura,2020-12-22,1108,5666,1103,5661,5,5,0,0,1108,5666,0,0,1108,5666,California
Ventura,2020-12-23,1036,6702,987,6648,49,54,0,0,1036,6702,0,0,1036,6702,California
Ventura,2020-12-24,478,7180,380,7028,98,152,0,0,478,7180,0,0,478,7180,California
Ventura,2020-12-25,12,7192,7,7035,5,157,0,0,12,7192,0,0,12,7192,California
Ventura,2020-12-26,113,7305,92,7127,21,178,0,0,113,7305,0,0,113,7305,California
Ventura,2020-12-27,58,7363,27,7154,31,209,0,0,58,7363,0,0,58,7363,California
Ventura,2020-12-28,1069,8432,928,8082,141,350,0,0,1069,8432,0,0,1069,8432,California
Ventura,2020-12-29,1169,9601,762,8844,407,757,0,0,1169,9601,0,0,1169,9601,California
Ventura,2020-12-30,1988,11589,1522,10366,466,1223,0,0,1988,11589,0,0,1988,11589,California
Ventura,2020-12-31,479,12068,160,10526,319,1542,0,0,479,12068,0,0,479,12068,California
Ventura,2021-01-01,32,12100,12,10538,20,1562,0,0,32,12100,0,0,32,12100,California
Ventura,2021-01-02,174,12274,83,10621,91,1653,0,0,174,12274,0,0,174,12274,California
Ventura,2021-01-03,16,12290,8,10629,8,1661,0,0,16,12290,0,0,16,12290,California
Ventura,2021-01-04,1085,13375,552,11181,533,2194,0,0,1084,13374,0,0,1084,13374,California
Ventura,2021-01-05,1375,14750,786,11967,589,2783,0,0,1332,14663,43,43,1332,14706,California
Ventura,2021-01-06,2063,16813,1181,13148,882,3665,0,0,1630,15871,424,467,1632,16338,California
Ventura,2021-01-07,2073,18886,1327,14475,746,4411,0,0,1182,16165,888,1355,1182,17520,California
Ventura,2021-01-08,2195,21081,1472,15947,723,5134,0,0,903,15779,1290,2645,904,18424,California
Ventura,2021-01-09,721,21802,500,16447,221,5355,0,0,318,15694,403,3048,318,18742,California
Ventura,2021-01-10,341,22143,330,16777,11,5366,0,0,127,15607,214,3262,127,18869,California
Ventura,2021-01-11,2449,24592,1490,18267,959,6325,0,0,1496,16153,953,4215,1499,20368,California
Ventura,2021-01-12,3049,27641,1613,19880,1436,7761,0,0,2023,17150,1026,5241,2023,22391,California
Ventura,2021-01-13,2937,30578,1431,21311,1506,9267,0,0,2053,18323,881,6122,2054,24445,California
Ventura,2021-01-14,2735,33313,1060,22371,1675,10942,0,0,2288,20166,446,6568,2289,26734,California
Ventura,2021-01-15,2884,36197,964,23335,1920,12862,0,0,2674,22631,210,6778,2675,29409,California
Ventura,2021-01-16,485,36682,187,23522,298,13160,0,0,405,22956,80,6858,405,29814,California
Ventura,2021-01-17,259,36941,137,23659,122,13282,0,0,253,23203,6,6864,253,30067,California
Ventura,2021-01-18,2207,39148,1658,25317,549,13831,0,0,1662,24322,544,7408,1663,31730,California
Ventura,2021-01-19,3052,42200,2126,27443,926,14757,0,0,2155,25583,897,8305,2158,33888,California
Ventura,2021-01-20,4101,46301,3149,30592,952,15709,0,0,3050,27586,1048,9353,3051,36939,California
Ventura,2021-01-21,3853,50154,2679,33271,1174,16883,0,0,3177,30092,673,10026,3179,40118,California
Ventura,2021-01-22,3622,53776,2498,35769,1124,18007,0,0,3458,33386,164,10190,3458,43576,California
Ventura,2021-01-23,1183,54959,647,36416,536,18543,0,0,1083,34372,99,10289,1085,44661,California
Ventura,2021-01-24,456,55415,137,36553,319,18862,0,0,443,34802,13,10302,443,45104,California
Ventura,2021-01-25,3164,58579,2032,38585,1132,19994,0,0,2607,36854,556,10858,2608,47712,California
Ventura,2021-01-26,3724,62303,2213,40798,1511,21505,0,0,2722,38576,1001,11859,2723,50435,California
Ventura,2021-01-27,3482,65785,1560,42358,1922,23427,0,0,2738,40575,740,12599,2739,53174,California
Ventura,2021-01-28,3888,69673,1999,44357,1889,25316,0,0,3271,43245,602,13201,3272,56446,California
Ventura,2021-01-29,4271,73944,2524,46881,1747,27063,0,0,3770,46526,489,13690,3770,60216,California
Ventura,2021-01-30,3041,76985,1966,48847,1075,28138,0,0,2868,49226,169,13859,2869,63085,California
Ventura,2021-01-31,836,77821,447,49294,389,28527,0,0,750,49891,85,13944,750,63835,California
Ventura,2021-02-01,3962,81783,2117,51411,1845,30372,0,0,3185,52307,771,14715,3187,67022,California
Ventura,2021-02-02,4413,86196,2373,53784,2040,32412,0,0,3390,54680,1019,15734,3392,70414,California
Ventura,2021-02-03,4458,90654,2090,55874,2368,34780,0,0,3443,57114,1010,16744,3444,73858,California
Ventura,2021-02-04,4793,95447,2300,58174,2493,37273,0,0,3524,59380,1261,18005,3527,77385,California
Ventura,2021-02-05,4845,100292,2323,60497,2522,39795,0,0,3352,61254,1480,19485,3354,80739,California
Ventura,2021-02-06,2838,103130,1514,62011,1324,41119,0,0,2436,63289,401,19886,2436,83175,California
Ventura,2021-02-07,722,103852,241,62252,481,41600,0,0,597,63762,125,20011,598,83773,California
Ventura,2021-02-08,3512,107364,1632,63884,1880,43480,0,0,2436,65127,1071,21082,2436,86209,California
Ventura,2021-02-09,4730,112094,1976,65860,2754,46234,0,0,2468,65338,2260,23342,2471,88680,California
Ventura,2021-02-10,4718,116812,2233,68093,2485,48719,0,0,2392,65415,2316,25658,2393,91073,California
Ventura,2021-02-11,4672,121484,1866,69959,2806,51525,0,0,2450,65654,2214,27872,2453,93526,California
Ventura,2021-02-12,6313,127797,2665,72624,3648,55173,0,0,3225,65797,3082,30954,3225,96751,California
Ventura,2021-02-13,3310,131107,1829,74453,1481,56654,0,0,1849,66191,1457,32411,1851,98602,California
Ventura,2021-02-14,1226,132333,123,74576,1103,57757,0,0,1009,66984,217,32628,1010,99612,California
Ventura,2021-02-15,3990,136323,1801,76377,2189,59946,0,0,2118,67233,1869,34497,2118,101730,California
Ventura,2021-02-16,5559,141882,2711,79088,2848,62794,0,0,3017,67718,2532,37029,3017,104747,California
Ventura,2021-02-17,5307,147189,1923,81011,3384,66178,0,0,3334,69088,1964,38993,3334,108081,California
Ventura,2021-02-18,5787,152976,1834,82845,3953,70131,0,0,3639,70590,2137,41130,3639,111720,California
Ventura,2021-02-19,6474,159450,3771,86616,2703,72834,0,0,3013,70151,3454,44584,3015,114735,California
Ventura,2021-02-20,4942,164392,3172,89788,1770,74604,0,0,2773,70765,2163,46747,2777,117512,California
Ventura,2021-02-21,1104,165496,813,90601,291,74895,0,0,451,70570,648,47395,453,117965,California
Ventura,2021-02-22,5406,170902,2412,93013,2994,77889,0,0,3462,72098,1935,49330,3463,121428,California
Ventura,2021-02-23,5980,176882,2977,95990,3003,80892,0,0,3423,72983,2540,51870,3425,124853,California
Ventura,2021-02-24,7086,183968,2617,98607,4469,85361,0,0,4256,74427,2814,54684,4258,129111,California
Ventura,2021-02-25,7597,191565,2576,101183,5021,90382,0,0,4576,75997,3008,57692,4578,133689,California
Ventura,2021-02-26,9466,201031,2776,103959,6690,97072,0,0,6176,78912,3264,60956,6179,139868,California
Ventura,2021-02-27,10596,211627,5289,109248,5307,102379,0,0,7950,84244,2628,63584,7960,147828,California
Ventura,2021-02-28,2571,214198,1637,110885,933,103312,1,1,2096,85872,468,64052,2096,149924,California
Ventura,2021-03-01,7143,221341,2840,113725,4302,107614,1,2,4748,88256,2378,66430,4762,154686,California
Ventura,2021-03-02,7703,229044,4036,117761,3665,111279,2,4,5400,91364,2292,68722,5400,160086,California
Ventura,2021-03-03,8683,237727,3920,121681,4761,116040,2,6,6129,94960,2539,71261,6135,166221,California
Ventura,2021-03-04,8249,245976,3879,125560,4370,120410,0,6,5548,97825,2686,73947,5551,171772,California
Ventura,2021-03-05,10088,256064,4812,130372,5266,125676,10,16,7191,102152,2882,76829,7209,178981,California
Ventura,2021-03-06,7783,263847,4403,134775,3227,128903,153,169,5819,106169,1957,78786,5974,184955,California
Ventura,2021-03-07,1661,265508,614,135389,947,129850,100,269,1246,107100,415,79201,1346,186301,California
Ventura,2021-03-08,6849,272357,3436,138825,3259,133109,154,423,4736,109887,2106,81307,4893,191194,California
Ventura,2021-03-09,6867,279224,3026,141851,3641,136750,200,623,3984,111206,2869,84176,4188,195382,California
Ventura,2021-03-10,7005,286229,3018,144869,3747,140497,240,863,4675,113804,2317,86493,4915,200297,California
Ventura,2021-03-11,6535,292764,2896,147765,3325,143822,314,1177,3569,114734,2952,89445,3882,204179,California
Ventura,2021-03-12,8688,301452,3051,150816,4792,148614,845,2022,4249,115405,4423,93868,5094,209273,California
Ventura,2021-03-13,7250,308702,2510,153326,3896,152510,844,2866,4307,117622,2934,96802,5151,214424,California
Ventura,2021-03-14,2146,310848,487,153813,1161,153671,498,3364,725,117427,1420,98222,1225,215649,California
Ventura,2021-03-15,7080,317928,2051,155864,3682,157353,1347,4711,3133,117981,3923,102145,4477,220126,California
Ventura,2021-03-16,8131,326059,2466,158330,4551,161904,1114,5825,4189,119353,3929,106074,5301,225427,California
Ventura,2021-03-17,7715,333774,2777,161107,4590,166494,348,6173,4694,121398,2998,109072,5043,230470,California
Ventura,2021-03-18,7417,341191,3279,164386,3986,170480,152,6325,4838,123821,2565,111637,4988,235458,California
Ventura,2021-03-19,8657,349848,3804,168190,4740,175220,113,6438,5262,125822,3373,115010,5374,240832,California
Ventura,2021-03-20,8707,358555,5752,173942,2933,178153,22,6460,4440,126040,4245,119255,4463,245295,California
Ventura,2021-03-21,2799,361354,1523,175465,904,179057,372,6832,1322,126267,1464,120719,1691,246986,California
Ventura,2021-03-22,7426,368780,3707,179172,3616,182673,103,6935,4909,128782,2499,123218,5014,252000,California
Ventura,2021-03-23,8261,377041,3931,183103,4258,186931,72,7007,4644,129908,3589,126807,4715,256715,California
Ventura,2021-03-24,8939,385980,3423,186526,5439,192370,77,7084,4476,130030,4432,131239,4554,261269,California
Ventura,2021-03-25,8862,394842,3926,190452,4834,197204,102,7186,4494,130276,4350,135589,4596,265865,California
Ventura,2021-03-26,9942,404784,3373,193825,5914,203118,655,7841,3987,128993,5924,141513,4641,270506,California
Ventura,2021-03-27,8499,413283,3940,197765,4519,207637,40,7881,2428,125423,6044,147557,2474,272980,California
Ventura,2021-03-28,2545,415828,1427,199192,1109,208746,9,7890,1375,125649,1164,148721,1390,274370,California
Ventura,2021-03-29,8578,424406,4298,203490,4235,212981,45,7935,4260,125667,4290,153011,4308,278678,California
Ventura,2021-03-30,9014,433420,4472,207962,4411,217392,131,8066,4406,125609,4594,157605,4536,283214,California
Ventura,2021-03-31,10805,444225,4871,212833,5306,222698,628,8694,4683,124818,6100,163705,5309,288523,California
Ventura,2021-04-01,10851,455076,5293,218126,4675,227373,883,9577,5512,125904,5306,169011,6392,294915,California
Ventura,2021-04-02,11817,466893,4661,222787,5814,233187,1342,10919,5658,126782,6127,175138,7005,301920,California
Ventura,2021-04-03,8138,475031,4029,226816,2934,236121,1175,12094,3430,126683,4696,179834,4597,306517,California
Ventura,2021-04-04,1717,476748,960,227776,622,236743,135,12229,1148,127404,562,180396,1283,307800,California
Ventura,2021-04-05,9423,486171,4907,232683,3400,240143,1116,13345,4803,128716,4607,185003,5919,313719,California
Ventura,2021-04-06,10953,497124,5588,238271,3873,244016,1492,14837,5628,130547,5298,190301,7129,320848,California
Ventura,2021-04-07,11439,508563,5458,243729,4476,248492,1505,16342,5231,131116,6191,196492,6760,327608,California
Ventura,2021-04-08,10390,518953,5349,249078,4091,252583,950,17292,5192,132113,5179,201671,6176,333784,California
Ventura,2021-04-09,11286,530239,4377,253455,5188,257771,1721,19013,4928,132482,6334,208005,6703,340487,California
Ventura,2021-04-10,9549,539788,3866,257321,3519,261290,2164,21177,3121,131383,6411,214416,5312,345799,California
Ventura,2021-04-11,2420,542208,861,258182,990,262280,569,21746,680,130897,1733,216149,1247,347046,California
Ventura,2021-04-12,8938,551146,4474,262656,3648,265928,816,22562,3746,130277,5174,221323,4554,351600,California
Ventura,2021-04-13,8829,559975,4487,267143,4336,270264,6,22568,3748,128985,5048,226371,3756,355356,California
Ventura,2021-04-14,8722,568697,4079,271222,4628,274892,15,22583,3347,127016,5339,231710,3370,358726,California
Ventura,2021-04-15,9345,578042,4540,275762,4798,279690,7,22590,4088,125882,5230,236940,4096,362822,California
Ventura,2021-04-16,10161,588203,4492,280254,5667,285357,2,22592,4812,125368,5332,242272,4818,367640,California
Ventura,2021-04-17,8751,596954,5323,285577,3427,288784,1,22593,5092,126818,3643,245915,5093,372733,California
Ventura,2021-04-18,2137,599091,1015,286592,1122,289906,0,22593,910,126505,1223,247138,910,373643,California
Ventura,2021-04-19,8064,607155,4848,291440,3215,293121,1,22594,4629,127720,3416,250554,4631,378274,California
Ventura,2021-04-20,9315,616470,4919,296359,4392,297513,4,22598,4375,127178,4921,255475,4379,382653,California
Ventura,2021-04-21,8929,625399,4577,300936,4347,301860,5,22603,4252,126774,4662,260137,4258,386911,California
Ventura,2021-04-22,10073,635472,5491,306427,4582,306442,0,22603,4472,125662,5585,265722,4473,391384,California
Ventura,2021-04-23,10864,646336,5400,311827,5463,311905,1,22604,5416,125655,5424,271146,5417,396801,California
Ventura,2021-04-24,10434,656770,5894,317721,4540,316445,0,22604,6126,127487,4296,275442,6128,402929,California
Ventura,2021-04-25,2473,659243,1702,319423,771,317216,0,22604,1147,127312,1322,276764,1147,404076,California
Ventura,2021-04-26,7240,666483,4127,323550,3047,320263,66,22670,3022,126201,4194,280958,3083,407159,California
Ventura,2021-04-27,8410,674893,4640,328190,3599,323862,171,22841,3183,124340,5213,286171,3352,410511,California
Ventura,2021-04-28,8309,683202,4823,333013,3170,327032,316,23157,3265,122897,5024,291195,3581,414092,California
Ventura,2021-04-29,7830,691032,4219,337232,3347,330379,264,23421,2802,120960,5002,296197,3065,417157,California
Ventura,2021-04-30,9396,700428,5446,342678,3676,334055,274,23695,3890,119642,5471,301668,4153,421310,California
Ventura,2021-05-01,5039,705467,3629,346307,1308,335363,102,23797,1951,118631,3064,304732,2053,423363,California
Ventura,2021-05-02,2129,707596,1426,347733,614,335977,89,23886,1038,118671,1088,305820,1128,424491,California
Ventura,2021-05-03,6268,713864,3912,351645,2077,338054,279,24165,1981,116662,4267,310087,2258,426749,California
Ventura,2021-05-04,6321,720185,3319,354964,2703,340757,299,24464,2300,115254,4007,314094,2599,429348,California
Ventura,2021-05-05,5320,725505,3016,357980,2044,342801,260,24724,1937,114085,3359,317453,2190,431538,California
Ventura,2021-05-06,6145,731650,3212,361192,2663,345464,270,24994,1977,112182,4150,321603,2247,433785,California
Ventura,2021-05-07,6806,738456,3422,364614,3111,348575,273,25267,2352,110381,4426,326029,2625,436410,California
Ventura,2021-05-08,5304,743760,4121,368735,1030,349605,153,25420,1218,107678,4072,330101,1369,437779,California
Ventura,2021-05-09,1048,744808,734,369469,268,349873,46,25466,399,107480,641,330742,443,438222,California
Ventura,2021-05-10,6072,750880,4076,373545,1792,351665,204,25670,1399,104420,4662,335404,1602,439824,California
Ventura,2021-05-11,5151,756031,3205,376750,1739,353404,207,25877,1505,102495,3636,339040,1711,441535,California
Ventura,2021-05-12,4777,760808,2766,379516,1811,355215,200,26077,1481,100896,3280,342320,1681,443216,California
Ventura,2021-05-13,5693,766501,3353,382869,2138,357353,202,26279,1925,99268,3755,346075,2127,445343,California
Ventura,2021-05-14,7234,773735,4453,387322,2583,359936,198,26477,2754,97757,4460,350535,2949,448292,California
Ventura,2021-05-15,6620,780355,5367,392689,1168,361104,85,26562,2828,96897,3774,354309,2914,451206,California
Ventura,2021-05-16,2160,782515,1670,394359,438,361542,52,26614,1029,96852,1126,355435,1081,452287,California
Ventura,2021-05-17,5835,788350,3566,397925,2062,363604,207,26821,2576,96393,3241,358676,2782,455069,California
Ventura,2021-05-18,5368,793718,3170,401095,2018,365622,180,27001,2303,95829,3045,361721,2481,457550,California
Ventura,2021-05-19,5791,799509,3519,404614,2065,367687,207,27208,2434,95135,3332,365053,2638,460188,California
Ventura,2021-05-20,4344,803853,2294,406908,1895,369582,155,27363,1776,94522,2543,367596,1930,462118,California
Ventura,2021-05-21,6717,810570,3662,410570,2881,372463,174,27537,2144,92294,4545,372141,2317,464435,California
Ventura,2021-05-22,4763,815333,2315,412885,2374,374837,74,27611,1489,90589,3268,375409,1563,465998,California
Ventura,2021-05-23,1271,816604,1061,413946,140,374977,70,27681,494,90378,775,376184,564,466562,California
Ventura,2021-05-24,4507,821111,2456,416402,1895,376872,156,27837,1538,89117,2955,379139,1694,468256,California
Ventura,2021-05-25,4255,825366,2199,418601,1904,378776,152,27989,1464,87959,2772,381911,1614,469870,California
Ventura,2021-05-26,4079,829445,2188,420789,1760,380536,131,28120,1592,87214,2468,384379,1723,471593,California
Ventura,2021-05-27,3769,833214,1841,422630,1816,382352,112,28232,1377,86323,2380,386759,1489,473082,California
Ventura,2021-05-28,4436,837650,2442,425072,1810,384162,184,28416,1973,86025,2452,389211,2154,475236,California
Ventura,2021-05-29,2123,839773,1327,426399,728,384890,68,28484,1031,86048,1076,390287,1099,476335,California
Ventura,2021-05-30,839,840612,568,426967,219,385109,52,28536,356,85975,481,390768,408,476743,California
Ventura,2021-05-31,243,840855,133,427100,101,385210,9,28545,57,85855,186,390954,66,476809,California
Ventura,2021-06-01,2099,842954,1170,428270,822,386032,107,28652,633,85134,1461,392415,740,477549,California
Yolo,2020-12-15,39,39,39,39,0,0,0,0,39,39,0,0,39,39,California
Yolo,2020-12-16,78,117,78,117,0,0,0,0,78,117,0,0,78,117,California
Yolo,2020-12-17,101,218,101,218,0,0,0,0,101,218,0,0,101,218,California
Yolo,2020-12-18,209,427,209,427,0,0,0,0,209,427,0,0,209,427,California
Yolo,2020-12-19,88,515,88,515,0,0,0,0,88,515,0,0,88,515,California
Yolo,2020-12-20,100,615,100,615,0,0,0,0,100,615,0,0,100,615,California
Yolo,2020-12-21,254,869,254,869,0,0,0,0,254,869,0,0,254,869,California
Yolo,2020-12-22,381,1250,380,1249,1,1,0,0,381,1250,0,0,381,1250,California
Yolo,2020-12-23,433,1683,413,1662,20,21,0,0,433,1683,0,0,433,1683,California
Yolo,2020-12-24,153,1836,96,1758,57,78,0,0,153,1836,0,0,153,1836,California
Yolo,2020-12-25,1,1837,1,1759,0,78,0,0,1,1837,0,0,1,1837,California
Yolo,2020-12-26,75,1912,25,1784,50,128,0,0,75,1912,0,0,75,1912,California
Yolo,2020-12-27,46,1958,19,1803,27,155,0,0,46,1958,0,0,46,1958,California
Yolo,2020-12-28,349,2307,180,1983,169,324,0,0,349,2307,0,0,349,2307,California
Yolo,2020-12-29,489,2796,267,2250,222,546,0,0,489,2796,0,0,489,2796,California
Yolo,2020-12-30,623,3419,255,2505,368,914,0,0,623,3419,0,0,623,3419,California
Yolo,2020-12-31,185,3604,95,2600,90,1004,0,0,185,3604,0,0,185,3604,California
Yolo,2021-01-01,58,3662,56,2656,2,1006,0,0,58,3662,0,0,58,3662,California
Yolo,2021-01-02,69,3731,26,2682,43,1049,0,0,69,3731,0,0,69,3731,California
Yolo,2021-01-03,45,3776,19,2701,26,1075,0,0,45,3776,0,0,45,3776,California
Yolo,2021-01-04,194,3970,43,2744,151,1226,0,0,194,3970,0,0,194,3970,California
Yolo,2021-01-05,615,4585,238,2982,377,1603,0,0,554,4463,61,61,554,4524,California
Yolo,2021-01-06,483,5068,183,3165,300,1903,0,0,352,4684,131,192,352,4876,California
Yolo,2021-01-07,710,5778,233,3398,477,2380,0,0,521,5017,188,380,521,5397,California
Yolo,2021-01-08,634,6412,312,3710,322,2702,0,0,418,5220,215,595,418,5815,California
Yolo,2021-01-09,409,6821,69,3779,340,3042,0,0,363,5537,46,641,363,6178,California
Yolo,2021-01-10,393,7214,80,3859,313,3355,0,0,323,5790,70,711,323,6501,California
Yolo,2021-01-11,562,7776,324,4183,238,3593,0,0,293,5816,269,980,295,6796,California
Yolo,2021-01-12,486,8262,367,4550,119,3712,0,0,178,5687,308,1288,179,6975,California
Yolo,2021-01-13,772,9034,312,4862,460,4172,0,0,522,5959,250,1538,522,7497,California
Yolo,2021-01-14,378,9412,183,5045,195,4367,0,0,274,6129,104,1642,274,7771,California
Yolo,2021-01-15,624,10036,319,5364,305,4672,0,0,545,6596,79,1721,546,8317,California
Yolo,2021-01-16,741,10777,95,5459,646,5318,0,0,710,7275,31,1752,710,9027,California
Yolo,2021-01-17,187,10964,119,5578,68,5386,0,0,180,7448,7,1759,180,9207,California
Yolo,2021-01-18,481,11445,304,5882,177,5563,0,0,378,7723,103,1862,378,9585,California
Yolo,2021-01-19,558,12003,373,6255,185,5748,0,0,385,7935,173,2035,385,9970,California
Yolo,2021-01-20,661,12664,381,6636,280,6028,0,0,475,8225,185,2220,475,10445,California
Yolo,2021-01-21,652,13316,385,7021,267,6295,0,0,464,8501,188,2408,464,10909,California
Yolo,2021-01-22,751,14067,252,7273,499,6794,0,0,633,9018,116,2524,633,11542,California
Yolo,2021-01-23,615,14682,122,7395,493,7287,0,0,567,9537,48,2572,567,12109,California
Yolo,2021-01-24,208,14890,124,7519,84,7371,0,0,167,9663,41,2613,167,12276,California
Yolo,2021-01-25,731,15621,156,7675,575,7946,0,0,513,9958,218,2831,513,12789,California
Yolo,2021-01-26,823,16444,328,8003,495,8441,0,0,428,9991,395,3226,428,13217,California
Yolo,2021-01-27,558,17002,223,8226,335,8776,0,0,381,10195,177,3403,381,13598,California
Yolo,2021-01-28,1051,18053,567,8793,484,9260,0,0,926,10997,124,3527,926,14524,California
Yolo,2021-01-29,893,18946,266,9059,627,9887,0,0,808,11721,84,3611,808,15332,California
Yolo,2021-01-30,1531,20477,928,9987,603,10490,0,0,1410,13016,115,3726,1410,16742,California
Yolo,2021-01-31,240,20717,202,10189,38,10528,0,0,213,13203,26,3752,213,16955,California
Yolo,2021-02-01,847,21564,361,10550,486,11014,0,0,614,13587,230,3982,614,17569,California
Yolo,2021-02-02,1336,22900,751,11301,585,11599,0,0,929,14110,407,4389,930,18499,California
Yolo,2021-02-03,1532,24432,401,11702,1131,12730,0,0,1191,14963,338,4727,1191,19690,California
Yolo,2021-02-04,1797,26229,283,11985,1514,14244,0,0,1245,15668,541,5268,1246,20936,California
Yolo,2021-02-05,1599,27828,908,12893,691,14935,0,0,1199,16469,399,5667,1200,22136,California
Yolo,2021-02-06,1923,29751,1253,14146,670,15605,0,0,1562,17671,361,6028,1563,23699,California
Yolo,2021-02-07,520,30271,250,14396,270,15875,0,0,171,17494,348,6376,171,23870,California
Yolo,2021-02-08,953,31224,335,14731,618,16493,0,0,606,17756,344,6720,606,24476,California
Yolo,2021-02-09,860,32084,387,15118,473,16966,0,0,577,18050,283,7003,577,25053,California
Yolo,2021-02-10,1466,33550,478,15596,988,17954,0,0,825,18236,641,7644,827,25880,California
Yolo,2021-02-11,1573,35123,804,16400,769,18723,0,0,1186,19035,387,8031,1186,27066,California
Yolo,2021-02-12,1920,37043,757,17157,1163,19886,0,0,1446,20011,470,8501,1446,28512,California
Yolo,2021-02-13,2056,39099,712,17869,1344,21230,0,0,1390,20735,666,9167,1390,29902,California
Yolo,2021-02-14,569,39668,154,18023,415,21645,0,0,445,21057,123,9290,445,30347,California
Yolo,2021-02-15,533,40201,190,18213,343,21988,0,0,267,21059,266,9556,268,30615,California
Yolo,2021-02-16,1132,41333,427,18640,705,22693,0,0,811,21550,321,9877,812,31427,California
Yolo,2021-02-17,1392,42725,700,19340,692,23385,0,0,997,22152,395,10272,997,32424,California
Yolo,2021-02-18,2502,45227,817,20157,1685,25070,0,0,1725,23102,776,11048,1726,34150,California
Yolo,2021-02-19,1750,46977,752,20909,998,26068,0,0,1129,23612,619,11667,1129,35279,California
Yolo,2021-02-20,2455,49432,957,21866,1498,27566,0,0,1372,23907,1078,12745,1373,36652,California
Yolo,2021-02-21,285,49717,228,22094,57,27623,0,0,76,23775,208,12953,76,36728,California
Yolo,2021-02-22,1365,51082,600,22694,765,28388,0,0,694,23799,670,13623,694,37422,California
Yolo,2021-02-23,1132,52214,849,23543,283,28671,0,0,437,23543,693,14316,437,37859,California
Yolo,2021-02-24,2093,54307,592,24135,1501,30172,0,0,1384,24220,707,15023,1384,39243,California
Yolo,2021-02-25,1382,55689,487,24622,895,31067,0,0,916,24671,465,15488,916,40159,California
Yolo,2021-02-26,2611,58300,1017,25639,1594,32661,0,0,1384,24831,1224,16712,1384,41543,California
Yolo,2021-02-27,1663,59963,769,26408,894,33555,0,0,1213,25594,450,17162,1213,42756,California
Yolo,2021-02-28,1778,61741,1500,27908,278,33833,0,0,675,25168,1101,18263,675,43431,California
Yolo,2021-03-01,1104,62845,367,28275,737,34570,0,0,673,25412,429,18692,673,44104,California
Yolo,2021-03-02,1473,64318,693,28968,780,35350,0,0,943,25825,530,19222,943,45047,California
Yolo,2021-03-03,1857,66175,640,29608,1217,36567,0,0,832,25634,1023,20245,832,45879,California
Yolo,2021-03-04,2928,69103,1467,31075,1461,38028,0,0,1565,25839,1360,21605,1565,47444,California
Yolo,2021-03-05,2364,71467,1410,32485,943,38971,11,11,1476,26439,887,22492,1487,48931,California
Yolo,2021-03-06,1486,72953,1137,33622,320,39291,29,40,846,26676,638,23130,875,49806,California
Yolo,2021-03-07,916,73869,679,34301,223,39514,14,54,781,27336,135,23265,795,50601,California
Yolo,2021-03-08,1099,74968,491,34792,565,40079,43,97,770,27822,328,23593,814,51415,California
Yolo,2021-03-09,1280,76248,689,35481,528,40607,63,160,783,28173,495,24088,846,52261,California
Yolo,2021-03-10,1817,78065,1061,36542,466,41073,290,450,755,28153,1058,25146,1038,53299,California
Yolo,2021-03-11,2354,80419,1606,38148,680,41753,68,518,1607,29083,746,25892,1676,54975,California
Yolo,2021-03-12,2912,83331,1357,39505,1475,43228,80,598,1374,29009,1530,27422,1456,56431,California
Yolo,2021-03-13,1852,85183,736,40241,939,44167,177,775,1007,29351,842,28264,1184,57615,California
Yolo,2021-03-14,1016,86199,214,40455,652,44819,150,925,529,29544,486,28750,679,58294,California
Yolo,2021-03-15,1325,87524,774,41229,373,45192,178,1103,708,29813,615,29365,884,59178,California
Yolo,2021-03-16,1871,89395,719,41948,1080,46272,72,1175,1105,30224,766,30131,1177,60355,California
Yolo,2021-03-17,2513,91908,979,42927,1462,47734,72,1247,1724,31266,786,30917,1828,62183,California
Yolo,2021-03-18,3034,94942,1033,43960,1776,49510,225,1472,1259,30979,1771,32688,1484,63667,California
Yolo,2021-03-19,2096,97038,871,44831,1157,50667,68,1540,1099,31156,991,33679,1168,64835,California
Yolo,2021-03-20,2773,99811,819,45650,1913,52580,41,1581,1109,30650,1658,35337,1152,65987,California
Yolo,2021-03-21,314,100125,214,45864,92,52672,8,1589,228,30801,85,35422,236,66223,California
Yolo,2021-03-22,1402,101527,489,46353,855,53527,58,1647,922,31303,477,35899,979,67202,California
Yolo,2021-03-23,1739,103266,938,47291,745,54272,56,1703,1071,31762,667,36566,1126,68328,California
Yolo,2021-03-24,2877,106143,1408,48699,1420,55692,49,1752,1406,31759,1459,38025,1456,69784,California
Yolo,2021-03-25,2552,108695,1417,50116,1106,56798,29,1781,1255,31757,1286,39311,1284,71068,California
Yolo,2021-03-26,2401,111096,1258,51374,1124,57922,19,1800,1025,31431,1369,40680,1043,72111,California
Yolo,2021-03-27,1654,112750,456,51830,1181,59103,17,1817,757,31309,896,41576,774,72885,California
Yolo,2021-03-28,1109,113859,866,52696,225,59328,18,1835,269,30760,836,42412,287,73172,California
Yolo,2021-03-29,2024,115883,822,53518,1172,60500,30,1865,977,30724,1043,43455,1007,74179,California
Yolo,2021-03-30,2279,118162,1081,54599,1176,61676,22,1887,1168,30810,1106,44561,1192,75371,California
Yolo,2021-03-31,2354,120516,1224,55823,1094,62770,36,1923,1193,30879,1160,45721,1229,76600,California
Yolo,2021-04-01,3847,124363,1858,57681,1513,64283,476,2399,1614,30743,2230,47951,2094,78694,California
Yolo,2021-04-02,3407,127770,1523,59204,1737,66020,147,2546,2111,31713,1290,49241,2260,80954,California
Yolo,2021-04-03,1811,129581,1093,60297,499,66519,219,2765,806,31734,1004,50245,1025,81979,California
Yolo,2021-04-04,394,129975,157,60454,175,66694,62,2827,147,31696,247,50492,209,82188,California
Yolo,2021-04-05,1918,131893,736,61190,1082,67776,100,2927,1018,31920,895,51387,1119,83307,California
Yolo,2021-04-06,2584,134477,1314,62504,1099,68875,171,3098,1303,32127,1272,52659,1479,84786,California
Yolo,2021-04-07,2998,137475,1525,64029,1119,69994,354,3452,1935,33364,1057,53716,2294,87080,California
Yolo,2021-04-08,2419,139894,1004,65033,942,70936,473,3925,1024,33465,1392,55108,1493,88573,California
Yolo,2021-04-09,2581,142475,917,65950,1088,72024,576,4501,849,33160,1729,56837,1424,89997,California
Yolo,2021-04-10,1748,144223,822,66772,746,72770,180,4681,1032,33659,712,57549,1211,91208,California
Yolo,2021-04-11,889,145112,282,67054,563,73333,44,4725,365,33546,521,58070,408,91616,California
Yolo,2021-04-12,1759,146871,518,67572,1097,74430,144,4869,1086,34108,669,58739,1231,92847,California
Yolo,2021-04-13,1971,148842,912,68484,1059,75489,0,4869,1039,34216,931,59670,1039,93886,California
Yolo,2021-04-14,2766,151608,760,69244,2006,77495,0,4869,1365,34185,1396,61066,1365,95251,California
Yolo,2021-04-15,3316,154924,1136,70380,2180,79675,0,4869,2274,35423,1036,62102,2274,97525,California
Yolo,2021-04-16,3042,157966,1959,72339,1083,80758,0,4869,1938,36263,1098,63200,1938,99463,California
Yolo,2021-04-17,1605,159571,471,72810,1134,81892,0,4869,832,36325,770,63970,832,100295,California
Yolo,2021-04-18,631,160202,306,73116,325,82217,0,4869,351,36400,276,64246,351,100646,California
Yolo,2021-04-19,1663,161865,716,73832,946,83163,1,4870,762,36267,896,65142,763,101409,California
Yolo,2021-04-20,1997,163862,1013,74845,984,84147,0,4870,1071,36414,924,66066,1071,102480,California
Yolo,2021-04-21,1978,165840,985,75830,993,85140,0,4870,1075,36591,898,66964,1075,103555,California
Yolo,2021-04-22,1949,167789,885,76715,1064,86204,0,4870,971,36590,973,67937,972,104527,California
Yolo,2021-04-23,2618,170407,1527,78242,1091,87295,0,4870,1162,36307,1445,69382,1162,105689,California
Yolo,2021-04-24,1168,171575,642,78884,524,87819,2,4872,463,36074,698,70080,465,106154,California
Yolo,2021-04-25,949,172524,406,79290,543,88362,0,4872,728,36582,220,70300,728,106882,California
Yolo,2021-04-26,1176,173700,450,79740,723,89085,3,4875,484,36380,690,70990,488,107370,California
Yolo,2021-04-27,1489,175189,698,80438,782,89867,9,4884,574,36050,915,71905,585,107955,California
Yolo,2021-04-28,2019,177208,1002,81440,990,90857,27,4911,710,35482,1305,73210,737,108692,California
Yolo,2021-04-29,1711,178919,792,82232,837,91694,82,4993,652,35158,1058,74268,734,109426,California
Yolo,2021-04-30,2013,180932,995,83227,960,92654,58,5051,962,35133,1044,75312,1019,110445,California
Yolo,2021-05-01,1284,182216,998,84225,266,92920,20,5071,380,34631,902,76214,400,110845,California
Yolo,2021-05-02,517,182733,424,84649,70,92990,23,5094,322,34781,195,76409,345,111190,California
Yolo,2021-05-03,1123,183856,409,85058,680,93670,34,5128,303,34299,818,77227,336,111526,California
Yolo,2021-05-04,1438,185294,656,85714,758,94428,24,5152,487,33863,947,78174,511,112037,California
Yolo,2021-05-05,1553,186847,421,86135,1066,95494,66,5218,437,33257,1109,79283,503,112540,California
Yolo,2021-05-06,1508,188355,704,86839,724,96218,80,5298,497,32836,998,80281,577,113117,California
Yolo,2021-05-07,2300,190655,1375,88214,874,97092,51,5349,459,31512,1833,82114,509,113626,California
Yolo,2021-05-08,835,191490,358,88572,420,97512,57,5406,311,31358,521,82635,367,113993,California
Yolo,2021-05-09,393,191883,163,88735,217,97729,13,5419,90,31159,302,82937,103,114096,California
Yolo,2021-05-10,900,192783,355,89090,500,98229,45,5464,153,30611,745,83682,197,114293,California
Yolo,2021-05-11,1123,193906,651,89741,451,98680,21,5485,273,30058,847,84529,294,114587,California
Yolo,2021-05-12,1504,195410,666,90407,809,99489,29,5514,280,29149,1221,85750,312,114899,California
Yolo,2021-05-13,2073,197483,783,91190,1238,100727,52,5566,589,28310,1480,87230,641,115540,California
Yolo,2021-05-14,2026,199509,1506,92696,489,101216,31,5597,1152,28622,871,88101,1183,116723,California
Yolo,2021-05-15,1245,200754,704,93400,494,101710,47,5644,639,28702,606,88707,686,117409,California
Yolo,2021-05-16,1403,202157,1194,94594,203,101913,6,5650,984,29277,415,89122,990,118399,California
Yolo,2021-05-17,1073,203230,392,94986,662,102575,19,5669,330,28888,738,89860,349,118748,California
Yolo,2021-05-18,1679,204909,1101,96087,557,103132,21,5690,937,29109,737,90597,958,119706,California
Yolo,2021-05-19,1005,205914,591,96678,379,103511,35,5725,500,29141,503,91100,535,120241,California
Yolo,2021-05-20,941,206855,625,97303,294,103805,22,5747,378,28984,557,91657,400,120641,California
Yolo,2021-05-21,1249,208104,841,98144,390,104195,18,5765,312,28382,931,92588,329,120970,California
Yolo,2021-05-22,674,208778,470,98614,196,104391,8,5773,261,28241,410,92998,269,121239,California
Yolo,2021-05-23,509,209287,107,98721,387,104778,15,5788,91,27930,416,93414,105,121344,California
Yolo,2021-05-24,705,209992,352,99073,335,105113,18,5806,227,27699,476,93890,245,121589,California
Yolo,2021-05-25,838,210830,472,99545,343,105456,23,5829,335,27559,498,94388,358,121947,California
Yolo,2021-05-26,809,211639,260,99805,518,105974,31,5860,272,27332,531,94919,304,122251,California
Yolo,2021-05-27,743,212382,374,100179,319,106293,50,5910,310,27264,428,95347,360,122611,California
Yolo,2021-05-28,838,213220,375,100554,435,106728,28,5938,355,27168,478,95825,382,122993,California
Yolo,2021-05-29,573,213793,343,100897,195,106923,35,5973,252,27134,319,96144,285,123278,California
Yolo,2021-05-30,121,213914,65,100962,51,106974,5,5978,52,27123,68,96212,57,123335,California
Yolo,2021-05-31,71,213985,19,100981,51,107025,1,5979,21,27095,50,96262,22,123357,California
Yolo,2021-06-01,446,214431,185,101166,246,107271,15,5994,127,26919,318,96580,142,123499,California
Yuba,2020-12-16,4,4,4,4,0,0,0,0,4,4,0,0,4,4,California
Yuba,2020-12-17,4,8,4,8,0,0,0,0,4,8,0,0,4,8,California
Yuba,2020-12-18,8,16,8,16,0,0,0,0,8,16,0,0,8,16,California
Yuba,2020-12-19,12,28,12,28,0,0,0,0,12,28,0,0,12,28,California
Yuba,2020-12-20,20,48,20,48,0,0,0,0,20,48,0,0,20,48,California
Yuba,2020-12-21,40,88,40,88,0,0,0,0,40,88,0,0,40,88,California
Yuba,2020-12-22,86,174,86,174,0,0,0,0,86,174,0,0,86,174,California
Yuba,2020-12-23,64,238,62,236,2,2,0,0,64,238,0,0,64,238,California
Yuba,2020-12-24,20,258,10,246,10,12,0,0,20,258,0,0,20,258,California
Yuba,2020-12-26,15,273,13,259,2,14,0,0,15,273,0,0,15,273,California
Yuba,2020-12-27,15,288,15,274,0,14,0,0,15,288,0,0,15,288,California
Yuba,2020-12-28,51,339,35,309,16,30,0,0,51,339,0,0,51,339,California
Yuba,2020-12-29,75,414,10,319,65,95,0,0,75,414,0,0,75,414,California
Yuba,2020-12-30,64,478,20,339,44,139,0,0,64,478,0,0,64,478,California
Yuba,2020-12-31,38,516,7,346,31,170,0,0,38,516,0,0,38,516,California
Yuba,2021-01-02,23,539,22,368,1,171,0,0,23,539,0,0,23,539,California
Yuba,2021-01-03,10,549,6,374,4,175,0,0,10,549,0,0,10,549,California
Yuba,2021-01-04,91,640,22,396,69,244,0,0,91,640,0,0,91,640,California
Yuba,2021-01-05,70,710,38,434,32,276,0,0,69,708,1,1,69,709,California
Yuba,2021-01-06,154,864,76,510,78,354,0,0,148,850,6,7,148,857,California
Yuba,2021-01-07,75,939,19,529,56,410,0,0,72,918,4,11,72,929,California
Yuba,2021-01-08,72,1011,24,553,48,458,0,0,65,976,7,18,65,994,California
Yuba,2021-01-09,19,1030,16,569,3,461,0,0,11,979,8,26,11,1005,California
Yuba,2021-01-10,117,1147,22,591,95,556,0,0,95,1052,22,48,95,1100,California
Yuba,2021-01-11,72,1219,50,641,22,578,0,0,32,1044,40,88,32,1132,California
Yuba,2021-01-12,108,1327,78,719,30,608,0,0,43,1022,65,153,43,1175,California
Yuba,2021-01-13,120,1447,72,791,48,656,0,0,55,1013,64,217,55,1230,California
Yuba,2021-01-14,110,1557,43,834,67,723,0,0,98,1099,12,229,98,1328,California
Yuba,2021-01-15,204,1761,87,921,117,840,0,0,193,1281,11,240,193,1521,California
Yuba,2021-01-16,185,1946,21,942,164,1004,0,0,173,1441,13,253,173,1694,California
Yuba,2021-01-17,13,1959,9,951,4,1008,0,0,7,1442,6,259,7,1701,California
Yuba,2021-01-18,60,2019,32,983,28,1036,0,0,35,1452,25,284,35,1736,California
Yuba,2021-01-19,81,2100,30,1013,51,1087,0,0,66,1503,15,299,66,1802,California
Yuba,2021-01-20,133,2233,87,1100,46,1133,0,0,110,1590,23,322,110,1912,California
Yuba,2021-01-21,213,2446,97,1197,116,1249,0,0,205,1787,8,330,205,2117,California
Yuba,2021-01-22,105,2551,6,1203,99,1348,0,0,96,1874,9,339,96,2213,California
Yuba,2021-01-23,200,2751,7,1210,193,1541,0,0,197,2068,3,342,197,2410,California
Yuba,2021-01-24,10,2761,7,1217,3,1544,0,0,8,2074,2,344,8,2418,California
Yuba,2021-01-25,86,2847,30,1247,56,1600,0,0,53,2095,32,376,53,2471,California
Yuba,2021-01-26,148,2995,39,1286,109,1709,0,0,90,2127,58,434,90,2561,California
Yuba,2021-01-27,185,3180,129,1415,56,1765,0,0,116,2174,69,503,116,2677,California
Yuba,2021-01-28,227,3407,89,1504,138,1903,0,0,175,2297,52,555,175,2852,California
Yuba,2021-01-29,148,3555,45,1549,103,2006,0,0,111,2371,37,592,111,2963,California
Yuba,2021-01-30,410,3965,23,1572,387,2393,0,0,399,2759,11,603,399,3362,California
Yuba,2021-01-31,18,3983,12,1584,6,2399,0,0,16,2773,2,605,16,3378,California
Yuba,2021-02-01,155,4138,75,1659,80,2479,0,0,131,2882,23,628,132,3510,California
Yuba,2021-02-02,124,4262,23,1682,101,2580,0,0,102,2962,22,650,102,3612,California
Yuba,2021-02-03,227,4489,30,1712,197,2777,0,0,115,2966,111,761,115,3727,California
Yuba,2021-02-04,296,4785,121,1833,175,2952,0,0,253,3176,43,804,253,3980,California
Yuba,2021-02-05,147,4932,32,1865,115,3067,0,0,71,3171,76,880,71,4051,California
Yuba,2021-02-06,449,5381,26,1891,423,3490,0,0,441,3604,8,888,441,4492,California
Yuba,2021-02-07,20,5401,13,1904,7,3497,0,0,16,3616,4,892,16,4508,California
Yuba,2021-02-08,96,5497,35,1939,61,3558,0,0,66,3652,30,922,66,4574,California
Yuba,2021-02-09,154,5651,56,1995,98,3656,0,0,84,3666,70,992,84,4658,California
Yuba,2021-02-10,355,6006,172,2167,183,3839,0,0,116,3544,238,1230,116,4774,California
Yuba,2021-02-11,396,6402,64,2231,332,4171,0,0,298,3746,96,1326,298,5072,California
Yuba,2021-02-12,264,6666,26,2257,238,4409,0,0,150,3782,114,1440,150,5222,California
Yuba,2021-02-13,436,7102,36,2293,400,4809,0,0,387,4120,49,1489,387,5609,California
Yuba,2021-02-14,54,7156,11,2304,43,4852,0,0,49,4164,5,1494,49,5658,California
Yuba,2021-02-15,87,7243,36,2340,51,4903,0,0,68,4213,19,1513,68,5726,California
Yuba,2021-02-16,199,7442,53,2393,146,5049,0,0,140,4295,58,1571,140,5866,California
Yuba,2021-02-17,373,7815,156,2549,217,5266,0,0,99,4121,273,1844,99,5965,California
Yuba,2021-02-18,317,8132,47,2596,270,5536,0,0,193,4190,124,1968,193,6158,California
Yuba,2021-02-19,227,8359,82,2678,145,5681,0,0,143,4249,84,2052,143,6301,California
Yuba,2021-02-20,391,8750,31,2709,360,6041,0,0,337,4532,54,2106,337,6638,California
Yuba,2021-02-21,17,8767,14,2723,3,6044,0,0,7,4529,10,2116,7,6645,California
Yuba,2021-02-22,128,8895,79,2802,49,6093,0,0,38,4478,89,2205,38,6683,California
Yuba,2021-02-23,115,9010,25,2827,90,6183,0,0,48,4460,66,2271,48,6731,California
Yuba,2021-02-24,482,9492,136,2963,346,6529,0,0,107,4192,375,2646,107,6838,California
Yuba,2021-02-25,342,9834,137,3100,205,6734,0,0,212,4274,130,2776,212,7050,California
Yuba,2021-02-26,258,10092,67,3167,191,6925,0,0,143,4304,113,2889,143,7193,California
Yuba,2021-02-27,474,10566,48,3215,426,7351,0,0,384,4600,88,2977,384,7577,California
Yuba,2021-02-28,67,10633,22,3237,45,7396,0,0,45,4623,22,2999,45,7622,California
Yuba,2021-03-01,156,10789,40,3277,116,7512,0,0,80,4628,75,3074,80,7702,California
Yuba,2021-03-02,160,10949,36,3313,124,7636,0,0,80,4628,80,3154,80,7782,California
Yuba,2021-03-03,623,11572,159,3472,464,8100,0,0,200,4406,422,3576,200,7982,California
Yuba,2021-03-04,466,12038,270,3742,196,8296,0,0,325,4591,140,3716,325,8307,California
Yuba,2021-03-05,316,12354,59,3801,256,8552,1,1,249,4774,67,3783,250,8557,California
Yuba,2021-03-06,476,12830,35,3836,437,8989,4,5,370,5042,106,3889,374,8931,California
Yuba,2021-03-07,51,12881,28,3864,22,9011,1,6,35,5062,16,3905,36,8967,California
Yuba,2021-03-08,160,13041,49,3913,95,9106,16,22,101,5120,59,3964,117,9084,California
Yuba,2021-03-09,178,13219,47,3960,111,9217,20,42,84,5130,94,4058,104,9188,California
Yuba,2021-03-10,738,13957,235,4195,473,9690,30,72,233,4889,504,4562,263,9451,California
Yuba,2021-03-11,437,14394,196,4391,229,9919,12,84,294,5052,143,4705,306,9757,California
Yuba,2021-03-12,461,14855,86,4477,321,10240,54,138,150,4945,311,5016,204,9961,California
Yuba,2021-03-13,459,15314,340,4817,104,10344,15,153,360,5222,98,5114,375,10336,California
Yuba,2021-03-14,108,15422,21,4838,77,10421,10,163,46,5218,60,5174,56,10392,California
Yuba,2021-03-15,190,15612,49,4887,124,10545,17,180,96,5237,94,5268,113,10505,California
Yuba,2021-03-16,296,15908,71,4958,200,10745,25,205,182,5331,113,5381,207,10712,California
Yuba,2021-03-17,740,16648,162,5120,549,11294,29,234,193,5008,545,5926,222,10934,California
Yuba,2021-03-18,585,17233,159,5279,312,11606,114,348,356,5248,229,6155,469,11403,California
Yuba,2021-03-19,328,17561,120,5399,159,11765,49,397,188,5346,139,6294,237,11640,California
Yuba,2021-03-20,554,18115,81,5480,455,12220,18,415,474,5759,79,6373,492,12132,California
Yuba,2021-03-21,61,18176,36,5516,25,12245,0,415,49,5796,12,6385,49,12181,California
Yuba,2021-03-22,191,18367,70,5586,114,12359,7,422,149,5910,42,6427,156,12337,California
Yuba,2021-03-23,264,18631,79,5665,158,12517,27,449,176,6027,86,6513,203,12540,California
Yuba,2021-03-24,771,19402,255,5920,435,12952,81,530,188,5714,581,7094,268,12808,California
Yuba,2021-03-25,504,19906,269,6189,213,13165,22,552,250,5732,254,7348,272,13080,California
Yuba,2021-03-26,395,20301,143,6332,225,13390,27,579,227,5819,167,7515,254,13334,California
Yuba,2021-03-27,459,20760,28,6360,428,13818,3,582,404,6171,54,7569,406,13740,California
Yuba,2021-03-28,100,20860,41,6401,55,13873,4,586,37,6149,63,7632,41,13781,California
Yuba,2021-03-29,296,21156,87,6488,177,14050,32,618,180,6245,116,7748,212,13993,California
Yuba,2021-03-30,275,21431,69,6557,198,14248,8,626,189,6356,86,7834,197,14190,California
Yuba,2021-03-31,676,22107,116,6673,548,14796,12,638,244,6183,431,8265,258,14448,California
Yuba,2021-04-01,625,22732,290,6963,306,15102,29,667,291,6169,334,8599,320,14768,California
Yuba,2021-04-02,496,23228,95,7058,318,15420,83,750,187,6130,308,8907,269,15037,California
Yuba,2021-04-03,653,23881,54,7112,117,15537,482,1232,86,6132,566,9473,568,15605,California
Yuba,2021-04-04,59,23940,11,7123,42,15579,6,1238,33,6145,26,9499,39,15644,California
Yuba,2021-04-05,245,24185,78,7201,146,15725,21,1259,123,6169,120,9619,144,15788,California
Yuba,2021-04-06,356,24541,113,7314,182,15907,61,1320,172,6218,183,9802,232,16020,California
Yuba,2021-04-07,773,25314,398,7712,322,16229,53,1373,349,6199,421,10223,402,16422,California
Yuba,2021-04-08,750,26064,291,8003,195,16424,264,1637,281,6276,468,10691,545,16967,California
Yuba,2021-04-09,402,26466,173,8176,162,16586,67,1704,167,6276,234,10925,234,17201,California
Yuba,2021-04-10,595,27061,71,8247,75,16661,449,2153,70,6271,523,11448,518,17719,California
Yuba,2021-04-11,104,27165,26,8273,66,16727,12,2165,44,6268,59,11507,56,17775,California
Yuba,2021-04-12,210,27375,45,8318,136,16863,29,2194,80,6248,129,11636,109,17884,California
Yuba,2021-04-13,395,27770,102,8420,293,17156,0,2194,201,6256,193,11829,201,18085,California
Yuba,2021-04-14,696,28466,109,8529,587,17743,0,2194,122,5805,573,12402,122,18207,California
Yuba,2021-04-15,336,28802,129,8658,207,17950,0,2194,145,5759,191,12593,145,18352,California
Yuba,2021-04-16,335,29137,99,8757,236,18186,0,2194,179,5783,155,12748,179,18531,California
Yuba,2021-04-17,402,29539,59,8816,343,18529,0,2194,330,6042,71,12819,330,18861,California
Yuba,2021-04-18,53,29592,10,8826,43,18572,0,2194,24,6037,29,12848,24,18885,California
Yuba,2021-04-19,247,29839,103,8929,144,18716,0,2194,105,6000,142,12990,105,18990,California
Yuba,2021-04-20,316,30155,78,9007,238,18954,0,2194,179,6044,136,13126,180,19170,California
Yuba,2021-04-21,700,30855,281,9288,419,19373,0,2194,297,5938,403,13529,297,19467,California
Yuba,2021-04-22,352,31207,137,9425,215,19588,0,2194,196,5978,156,13685,196,19663,California
Yuba,2021-04-23,344,31551,114,9539,230,19818,0,2194,164,5964,178,13863,164,19827,California
Yuba,2021-04-24,215,31766,68,9607,147,19965,0,2194,122,5993,93,13956,122,19949,California
Yuba,2021-04-25,72,31838,29,9636,43,20008,0,2194,35,5991,37,13993,35,19984,California
Yuba,2021-04-26,223,32061,53,9689,166,20174,4,2198,101,5974,122,14115,105,20089,California
Yuba,2021-04-27,473,32534,162,9851,301,20475,10,2208,235,5983,236,14351,245,20334,California
Yuba,2021-04-28,429,32963,175,10026,249,20724,5,2213,144,5853,279,14630,149,20483,California
Yuba,2021-04-29,428,33391,64,10090,363,21087,1,2214,146,5719,281,14911,147,20630,California
Yuba,2021-04-30,330,33721,94,10184,206,21293,30,2244,140,5702,187,15098,170,20800,California
Yuba,2021-05-01,206,33927,91,10275,96,21389,19,2263,93,5702,112,15210,112,20912,California
Yuba,2021-05-02,70,33997,40,10315,26,21415,4,2267,37,5710,33,15243,41,20953,California
Yuba,2021-05-03,140,34137,66,10381,65,21480,9,2276,45,5670,94,15337,54,21007,California
Yuba,2021-05-04,321,34458,94,10475,206,21686,21,2297,143,5656,178,15515,164,21171,California
Yuba,2021-05-05,316,34774,77,10552,232,21918,7,2304,113,5573,203,15718,120,21291,California
Yuba,2021-05-06,275,35049,103,10655,134,22052,38,2342,90,5519,182,15900,128,21419,California
Yuba,2021-05-07,359,35408,94,10749,237,22289,28,2370,122,5431,237,16137,149,21568,California
Yuba,2021-05-08,104,35512,32,10781,69,22358,3,2373,46,5422,58,16195,49,21617,California
Yuba,2021-05-09,52,35564,23,10804,26,22384,3,2376,37,5447,15,16210,40,21657,California
Yuba,2021-05-10,172,35736,56,10860,98,22482,18,2394,54,5402,117,16327,72,21729,California
Yuba,2021-05-11,367,36103,162,11022,191,22673,14,2408,135,5320,230,16557,148,21877,California
Yuba,2021-05-12,249,36352,124,11146,118,22791,7,2415,97,5272,152,16709,104,21981,California
Yuba,2021-05-13,343,36695,186,11332,114,22905,43,2458,108,5190,233,16942,151,22132,California
Yuba,2021-05-14,365,37060,140,11472,205,23110,20,2478,160,5164,205,17147,179,22311,California
Yuba,2021-05-15,433,37493,109,11581,303,23413,21,2499,110,4973,321,17468,130,22441,California
Yuba,2021-05-16,137,37630,44,11625,84,23497,9,2508,85,5016,51,17519,94,22535,California
Yuba,2021-05-17,214,37844,89,11714,105,23602,20,2528,93,5010,119,17638,113,22648,California
Yuba,2021-05-18,391,38235,161,11875,221,23823,9,2537,168,4964,223,17861,177,22825,California
Yuba,2021-05-19,265,38500,148,12023,111,23934,6,2543,138,4981,127,17988,144,22969,California
Yuba,2021-05-20,398,38898,285,12308,102,24036,11,2554,254,5103,143,18131,265,23234,California
Yuba,2021-05-21,475,39373,254,12562,215,24251,6,2560,299,5234,174,18305,305,23539,California
Yuba,2021-05-22,198,39571,112,12674,77,24328,9,2569,84,5213,114,18419,93,23632,California
Yuba,2021-05-23,37,39608,25,12699,12,24340,0,2569,29,5234,8,18427,29,23661,California
Yuba,2021-05-24,150,39758,47,12746,90,24430,13,2582,48,5194,101,18528,61,23722,California
Yuba,2021-05-25,309,40067,106,12852,188,24618,15,2597,115,5131,193,18721,130,23852,California
Yuba,2021-05-26,219,40286,94,12946,113,24731,12,2609,87,5100,130,18851,99,23951,California
Yuba,2021-05-27,232,40518,74,13020,148,24879,10,2619,100,5079,131,18982,110,24061,California
Yuba,2021-05-28,254,40772,117,13137,134,25013,3,2622,130,5088,123,19105,132,24193,California
Yuba,2021-05-29,152,40924,66,13203,66,25079,20,2642,85,5127,66,19171,105,24298,California
Yuba,2021-05-30,46,40970,17,13220,25,25104,4,2646,17,5119,29,19200,21,24319,California
Yuba,2021-05-31,30,41000,4,13224,21,25125,5,2651,16,5126,14,19214,21,24340,California
Yuba,2021-06-01,115,41115,24,13248,87,25212,4,2655,33,5084,78,19292,36,24376,California
